n_p,n_q,mi_p_plugin,mi_q_plugin,mi_p_jackknife,mi_q_jackknife,delta_plugin,delta_jackknife,standard_error,z_plugin,z_jackknife,wald_plugin_p,wald_jackknife_p,naive_perm_plugin_p,student_perm_plugin_p,student_perm_jackknife_p,valid_studentization,permutations,deterministic_seconds,permutation_seconds,scenario_id,family,regular,replicate,scenario_seed,true_delta,zero_cells_p,zero_cells_q
100,100,0.039733217591059744,0.07171132525766544,0.034548711132217136,0.06649090460122409,-0.03197810766660569,-0.03194219346900695,0.045591922865581204,-0.7013985297546418,-0.7006107981710316,0.48305433927059105,0.4835459377412057,0.49,0.492,0.492,True,999,0.00035337498411536217,0.0008897079387679696,strong_2x2_bal_100,strong_null,True,0,1062694068,0.0,0,0
100,100,0.05044176633985287,0.043304782161658006,0.04525119209999673,0.03811953542025037,0.007136984178194861,0.0071316566797463565,0.04230047474772537,0.16872113660092286,0.16859519242463936,0.8660159925230044,0.8661150623200011,0.86,0.861,0.861,True,999,0.0001232079230248928,0.0008389169815927744,strong_2x2_bal_100,strong_null,True,1,1062694068,0.0,0,0
100,100,0.13168282285469501,0.08045746664032816,0.12642849012236468,0.0752484053593605,0.05122535621436686,0.051180084763004174,0.061253030827067345,0.8362909642624685,0.8355518750982034,0.4029912351417674,0.40340705199203086,0.386,0.387,0.387,True,999,0.0001675839303061366,0.0008943750290200114,strong_2x2_bal_100,strong_null,True,2,1062694068,0.0,0,0
100,100,0.04509790960736082,0.11626044341766228,0.0399045516025609,0.11099534729844152,-0.07116253381030146,-0.07109079569588062,0.05373521701183122,-1.3243183477724332,-1.322983318002198,0.18539733949095316,0.18584092554191056,0.19,0.192,0.192,True,999,0.0001325419871136546,0.0007990829180926085,strong_2x2_bal_100,strong_null,True,3,1062694068,0.0,0,0
100,100,0.08867575753133405,0.04369398753071907,0.08345952307644211,0.03849997720101328,0.044981770000614985,0.04495954587542883,0.0494658263178804,0.9093504212696318,0.9089011388692261,0.36316518331675485,0.363402312589742,0.392,0.392,0.392,True,999,0.0001176249934360385,0.0008238329319283366,strong_2x2_bal_100,strong_null,True,4,1062694068,0.0,0,0
100,100,0.11062672198880252,0.01685022766876465,0.1053922257060691,0.011677094082287454,0.09377649432003787,0.09371513162378164,0.047847010699475244,1.9599237851878248,1.9586413080725533,0.05000469909300969,0.05015480836760587,0.039,0.041,0.041,True,999,0.00011745793744921684,0.0007904580561444163,strong_2x2_bal_100,strong_null,True,5,1062694068,0.0,0,0
100,100,0.014114137027469553,0.09255801220676119,0.008946926948425471,0.0873349864481412,-0.07844387517929163,-0.07838805949971572,0.04414377803465705,-1.7770086447450364,-1.7757442382519608,0.07556681751281549,0.07577508229795936,0.055,0.069,0.069,True,999,0.00011195801198482513,0.0007955000037327409,strong_2x2_bal_100,strong_null,True,6,1062694068,0.0,0,0
100,100,0.0537330876826112,0.10133752297070897,0.048539934671850915,0.09610922447077996,-0.04760443528809777,-0.04756928979892905,0.053157432072937875,-0.8955367750417141,-0.8948756165207289,0.3705002163012737,0.3708535826056306,0.418,0.438,0.438,True,999,0.00011124997399747372,0.000790791935287416,strong_2x2_bal_100,strong_null,True,7,1062694068,0.0,0,0
100,100,0.049699981963282625,0.026455496327183914,0.04451218941593993,0.02128106559686671,0.02324448563609871,0.02323112381907322,0.03825351928241281,0.6076430632301443,0.6072937668183072,0.5434242331419048,0.5436559741922162,0.564,0.563,0.563,True,999,0.00010966695845127106,0.0008361670188605785,strong_2x2_bal_100,strong_null,True,8,1062694068,0.0,0,0
100,100,0.040850441342229815,0.03455808483129841,0.035661601299835866,0.029379615102087087,0.006292356510931407,0.006281986197748779,0.03805232954397375,0.16536061225003007,0.1650880845675752,0.8686601537053562,0.8688746514658285,0.839,0.841,0.841,True,999,0.00011245801579207182,0.0008279579924419522,strong_2x2_bal_100,strong_null,True,9,1062694068,0.0,0,0
100,100,0.020509085293238583,0.008524858452175876,0.015323434161501837,0.0033612102503610686,0.011984226841062706,0.011962223911140768,0.02388286795778308,0.5017917807127188,0.5008704956325168,0.6158139953826574,0.6164622682423677,0.6,0.615,0.615,True,999,0.00011066603474318981,0.0009020830038934946,strong_2x2_bal_100,strong_null,True,10,1062694068,0.0,0,0
100,100,0.05376225482022501,0.11957144464368796,0.048566752437025684,0.11433124250287108,-0.06580918982346295,-0.0657644900658454,0.0558665382752885,-1.1779714987741132,-1.1771713819421503,0.2388079688666629,0.23912710863945852,0.234,0.234,0.234,True,999,0.00023545802105218172,0.0008254999993368983,strong_2x2_bal_100,strong_null,True,11,1062694068,0.0,0,0
100,100,0.1861422316881921,0.07457264285283094,0.18079516292726794,0.06936812884669052,0.11156958883536117,0.11142703408057741,0.06576547530943579,1.6964765830462047,1.6943089600781807,0.0897956612035965,0.09020658883885833,0.087,0.087,0.087,True,999,0.00012220803182572126,0.0008126249304041266,strong_2x2_bal_100,strong_null,True,12,1062694068,0.0,0,0
100,100,0.02426508867076016,0.08655600899037519,0.019096178238271477,0.08132927475018903,-0.06229092031961503,-0.06223309651191755,0.04515738814312109,-1.3794181391136087,-1.3781376441586255,0.16776586973941143,0.16816079496214031,0.141,0.147,0.147,True,999,0.00011758401524275541,0.0008063750574365258,strong_2x2_bal_100,strong_null,True,13,1062694068,0.0,0,0
100,100,0.14236452780856101,0.025838814851456893,0.1371014367508394,0.02066203041383119,0.11652571295710412,0.11643940633700822,0.05413950505027913,2.1523232037102513,2.1507290513437725,0.03137190752128431,0.031497591937914494,0.028,0.029,0.029,True,999,0.00011295895092189312,0.0007901669014245272,strong_2x2_bal_100,strong_null,True,14,1062694068,0.0,0,0
100,100,0.029530171339973266,0.04725555557675609,0.024353667419092062,0.04206490692027387,-0.017725384236782826,-0.017711239501181808,0.03833935797556551,-0.46232866622543844,-0.4619597311063362,0.6438456455205916,0.644110198309745,0.674,0.673,0.673,True,999,0.00011074997019022703,0.0007948749698698521,strong_2x2_bal_100,strong_null,True,15,1062694068,0.0,0,0
100,100,0.07527749959492691,0.0573786912447658,0.0700659545309037,0.05218472349366721,0.01789880835016111,0.01788123103723649,0.0498377222594148,0.3591417813397333,0.3587890904034757,0.7194890267569756,0.7197528746276253,0.722,0.723,0.723,True,999,0.00011329201515763998,0.0007974590407684445,strong_2x2_bal_100,strong_null,True,16,1062694068,0.0,0,0
100,100,0.07641410207921906,0.07435170133742408,0.07119940405817715,0.0691471279678808,0.0020624007417949786,0.0020522760902963455,0.05269192353602705,0.03914073739184817,0.038948589320204695,0.9687781820969843,0.9689313772600651,0.942,0.942,0.942,True,999,0.00011137500405311584,0.0008045830763876438,strong_2x2_bal_100,strong_null,True,17,1062694068,0.0,0,0
100,100,0.04823624357912337,0.04926812657257684,0.04303126725631046,0.04407209487204966,-0.0010318829934534701,-0.0010408276157392038,0.042930482925862795,-0.02403613756769152,-0.024244488876042285,0.9808237834160024,0.980657591555748,0.967,0.967,0.967,True,999,0.00011095800437033176,0.000788707984611392,strong_2x2_bal_100,strong_null,True,18,1062694068,0.0,0,0
100,100,0.052014752705386025,0.04084448807074714,0.046828016581656584,0.03564382351932238,0.011170264634638882,0.011184193062334202,0.04209779966600714,0.2653408188375835,0.265671677642695,0.7907469221859942,0.7904920776814918,0.777,0.761,0.761,True,999,0.00011075008660554886,0.0008963330183178186,strong_2x2_bal_100,strong_null,True,19,1062694068,0.0,0,0
100,100,0.043980592599126345,0.06639707712193688,0.03879278479044501,0.061199525402599875,-0.02241648452281053,-0.022406740612154863,0.045606363036591116,-0.491520985894561,-0.49130733345646044,0.6230580129695571,0.6232090938433438,0.626,0.626,0.626,True,999,0.00014412496238946915,0.0008142909500747919,strong_2x2_bal_100,strong_null,True,20,1062694068,0.0,0,0
100,100,0.025792784583158812,0.06449032675485356,0.020618629094599328,0.059284525146424016,-0.03869754217169474,-0.03866589605182469,0.04132694448781494,-0.9363755934848882,-0.9356098431914112,0.3490798396013123,0.34947410472623885,0.36,0.365,0.365,True,999,0.00011266593355685472,0.0008031659526750445,strong_2x2_bal_100,strong_null,True,21,1062694068,0.0,0,0
100,100,0.07969659057140321,0.011793399946143701,0.07448623407114496,0.006628088416206879,0.06790319062525951,0.06785814565493808,0.04125532821662211,1.6459253522045854,1.6448334939581812,0.09977912863838632,0.10000415292707465,0.086,0.086,0.086,True,999,0.00011424999684095383,0.000789875048212707,strong_2x2_bal_100,strong_null,True,22,1062694068,0.0,0,0
100,100,0.07385998717818298,0.05220314090689748,0.06865730333458941,0.04701571431220941,0.0216568462712855,0.021641589022380003,0.04852997067580073,0.44625714727836424,0.44594275910353054,0.6554115069598645,0.6556385942559784,0.669,0.668,0.668,True,999,0.0001099579967558384,0.0007879999466240406,strong_2x2_bal_100,strong_null,True,23,1062694068,0.0,0,0
100,100,0.03575917450220467,0.0465733363308064,0.030577628704449467,0.0413868864686151,-0.010814161828601732,-0.010809257764165636,0.03967215704542869,-0.27258819872633616,-0.2724645839596755,0.7851697845709811,0.785264819389866,0.865,0.87,0.87,True,999,0.00010933296289294958,0.0007885829545557499,strong_2x2_bal_100,strong_null,True,24,1062694068,0.0,0,0
100,100,0.022979168343198686,0.034891356957655106,0.017808977342284038,0.02971311484805028,-0.01191218861445642,-0.011904137505766244,0.033499604593829994,-0.35559191694610104,-0.3553515825067011,0.7221461978571241,0.7223262164273789,0.708,0.71,0.71,True,999,0.00011091690976172686,0.0007863339269533753,strong_2x2_bal_100,strong_null,True,25,1062694068,0.0,0,0
100,100,0.09255801220676096,0.045879306933472086,0.0873349864481412,0.040695433869984754,0.04667870527328888,0.04663955257815644,0.0504542141592595,0.9251696027996161,0.9243935983412204,0.35487769245386547,0.3552814265183012,0.341,0.345,0.345,True,999,0.00010875007137656212,0.0008092089556157589,strong_2x2_bal_100,strong_null,True,26,1062694068,0.0,0,0
100,100,0.06453060184189918,0.0537330876826112,0.05932963786189305,0.048539934671850915,0.01079751415928798,0.010789703190042133,0.047130943408351514,0.2290960752840496,0.22893034617529462,0.8187942438231669,0.8189230539843014,0.825,0.823,0.823,True,999,0.00010845798533409834,0.0008238330483436584,strong_2x2_bal_100,strong_null,True,27,1062694068,0.0,0,0
100,100,0.07923559566686189,0.02098230180000349,0.07402173569226989,0.015812546047186515,0.0582532938668584,0.05820918964508337,0.043257533512395044,1.3466623992828084,1.3456428260849425,0.17808898743734125,0.17841773318201792,0.186,0.182,0.182,True,999,0.0001212080242112279,0.0008950830670073628,strong_2x2_bal_100,strong_null,True,28,1062694068,0.0,0,0
100,100,0.07457264285283094,0.06458767724011083,0.06936812884669052,0.059390449977797743,0.00998496561272011,0.009977678868892781,0.05085696618313868,0.19633427555949187,0.19619099639098841,0.8443485354056566,0.8444606749570005,0.8,0.8,0.8,True,999,0.00014424999244511127,0.0008051670156419277,strong_2x2_bal_100,strong_null,True,29,1062694068,0.0,0,0
100,100,0.034206006545573486,0.06326096973380879,0.02903104905192322,0.05805270822607156,-0.029054963188235305,-0.02902165917414834,0.042843901313366795,-0.6781586713059321,-0.6773813374715697,0.4976710936787956,0.4981640361360523,0.489,0.487,0.487,True,999,0.00011875003110617399,0.000821000081487,strong_2x2_bal_100,strong_null,True,30,1062694068,0.0,0,0
100,100,0.017248078827974633,0.022979168343198686,0.012079600693098769,0.017808977342284038,-0.005731089515224053,-0.005729376649185269,0.02807518992826199,-0.20413359731022981,-0.20407258735648917,0.8382491002183399,0.8382967756706112,0.872,0.872,0.872,True,999,0.00012708303984254599,0.0007970000151544809,strong_2x2_bal_100,strong_null,True,31,1062694068,0.0,0,0
100,100,0.0027443733102161527,0.05075125708135153,-0.00241370088699,0.045563182125860635,-0.04800688377113538,-0.047976883012850635,0.031923863406831725,-1.5037930453261454,-1.5028532856892112,0.13263466246038738,0.13287688152949598,0.08,0.078,0.078,True,999,0.00011258397717028856,0.0007884169463068247,strong_2x2_bal_100,strong_null,True,32,1062694068,0.0,0,0
100,100,0.12105762671526255,0.13553586216884483,0.1158106269624426,0.13026059359532383,-0.014478235453582289,-0.014449966632881228,0.0664996238129562,-0.21771905799505406,-0.21729396054216363,0.8276480137269128,0.8279792634505352,0.815,0.815,0.815,True,999,0.00011300004553049803,0.0007907500257715583,strong_2x2_bal_100,strong_null,True,33,1062694068,0.0,0,0
100,100,0.03564928719522764,0.05211170267878962,0.0304675738551623,0.04692500878186934,-0.016462415483561976,-0.016457434926707037,0.04096224516829325,-0.40189241131500963,-0.40177082235340666,0.6877632078593962,0.6878526972888652,0.682,0.683,0.683,True,999,0.00011108303442597389,0.0008249579695984721,strong_2x2_bal_100,strong_null,True,34,1062694068,0.0,0,0
100,100,0.02534940484382453,0.05737869124476602,0.020174843777112983,0.05218472349366721,-0.03202928640094149,-0.032009879716554224,0.03969723484045405,-0.8068392302302522,-0.8063503628200845,0.4197591140119439,0.4200408590013246,0.411,0.414,0.412,True,999,0.00011337490286678076,0.0008035830687731504,strong_2x2_bal_100,strong_null,True,35,1062694068,0.0,0,0
100,100,0.013106633291157799,0.044955804955724266,0.007943546320376527,0.03977145582517494,-0.03184917166456647,-0.03182790950479841,0.03342872551948276,-0.9527486067634943,-0.9521125621809492,0.3407174593106763,0.3410398987378557,0.352,0.348,0.348,True,999,0.00010995904449373484,0.000787583994679153,strong_2x2_bal_100,strong_null,True,36,1062694068,0.0,0,0
100,100,0.08209242490492885,0.050565286282261646,0.0768826448276343,0.04537789974062889,0.031527138622667206,0.031504745087005404,0.04965730316682821,0.6348942977581551,0.6344433361828442,0.5254973563251173,0.5257915353545579,0.514,0.511,0.511,True,999,0.00010887498501688242,0.0008370829746127129,strong_2x2_bal_100,strong_null,True,37,1062694068,0.0,0,0
100,100,0.09090858770311627,0.04035164912884959,0.08569033444935314,0.03516751106673155,0.050556938574266685,0.050522823382621596,0.04921262434136901,1.0273164508271837,1.026623230498017,0.3042714785051215,0.3045979109451845,0.282,0.276,0.276,True,999,0.00011429097503423691,0.0007897079922258854,strong_2x2_bal_100,strong_null,True,38,1062694068,0.0,0,0
100,100,0.08913773294657823,6.699798778764254e-06,0.08389939134754343,-0.00515481317258093,0.08913103314779947,0.08905420452012436,0.039994611709020106,2.22857603409855,2.2266550596374386,0.025842127120164843,0.025970336103180124,0.003,0.002,0.002,True,999,0.00010962504893541336,0.0007951249135658145,strong_2x2_bal_100,strong_null,True,39,1062694068,0.0,0,0
100,100,0.1042182024602476,0.05272865990833975,0.09893952137561257,0.0475291796960704,0.05148954255190785,0.05141034167954217,0.05299186183616189,0.9716499999773768,0.970155414401,0.33122469907348706,0.3319690308335924,0.376,0.387,0.387,True,999,0.00011287489905953407,0.0008090410847216845,strong_2x2_bal_100,strong_null,True,40,1062694068,0.0,0,0
100,100,0.0023409191165588705,0.057778977696978706,-0.0028230544530316592,0.052586858872615494,-0.055438058580419836,-0.05540991332564715,0.03370566241029265,-1.64476988778867,-1.6439348573290968,0.10001727417397359,0.10018965903425933,0.052,0.05,0.05,True,999,0.00011662498582154512,0.0007916250033304095,strong_2x2_bal_100,strong_null,True,41,1062694068,0.0,0,0
100,100,0.04675984915959008,0.02765872472907438,0.04157349155005363,0.022483625844230914,0.019101124430515704,0.019089865705822717,0.03778956224102668,0.5054603254911046,0.5051623933631489,0.6132355576296868,0.613444781444164,0.614,0.611,0.611,True,999,0.00011358293704688549,0.0007884170627221465,strong_2x2_bal_100,strong_null,True,42,1062694068,0.0,0,0
100,100,0.06795564700210799,0.08956000682712717,0.06275118149572734,0.08432835229343993,-0.02160435982501918,-0.021577170797712597,0.053852971277054955,-0.40117303303233176,-0.40066815787573723,0.6882927335637721,0.6886644573842822,0.684,0.689,0.689,True,999,0.00011154101230204105,0.0008106250315904617,strong_2x2_bal_100,strong_null,True,43,1062694068,0.0,0,0
100,100,0.06622639858617951,0.07829867952319414,0.06102599681521781,0.07304955789776102,-0.012072280937014623,-0.01202356108254321,0.05140996986690319,-0.23482373104417126,-0.23387605776994946,0.8143455479734083,0.8150812009224491,0.837,0.837,0.837,True,999,0.00011145800817757845,0.0008137919940054417,strong_2x2_bal_100,strong_null,True,44,1062694068,0.0,0,0
100,100,0.042963479645100056,0.03848848195167354,0.037769076700783444,0.03330866465979909,0.004474997693426519,0.004460412040984352,0.0394737015378389,0.11336655847024768,0.11299705543724263,0.9097399512306582,0.9100328896839082,0.912,0.912,0.912,True,999,0.00011875003110617399,0.0007874590810388327,strong_2x2_bal_100,strong_null,True,45,1062694068,0.0,0,0
100,100,0.010032225897342317,0.17340119293297052,0.004867300468546887,0.16806173074964192,-0.1633689670356282,-0.16319443028109504,0.054662924993571275,-2.9886612737031815,-2.985468309650239,0.002802025798845309,0.002831444745550254,0.001,0.001,0.001,True,999,0.00011641695164144039,0.0008609159849584103,strong_2x2_bal_100,strong_null,True,46,1062694068,0.0,0,0
100,100,0.021545510448851113,0.13320593623916333,0.01633807934250342,0.127887652795053,-0.11166042579031221,-0.11154957345254957,0.05143089373653325,-2.1710769087995785,-2.1689215440040432,0.029925359213855685,0.03008864081276036,0.027,0.028,0.028,True,999,0.0001194999786093831,0.0007985420525074005,strong_2x2_bal_100,strong_null,True,47,1062694068,0.0,0,0
100,100,0.01287623345914679,0.0743517013374243,0.00771415638007511,0.0691471279678808,-0.06147546787827751,-0.061432971587805696,0.04034593608648846,-1.5237090483287898,-1.5226557504109843,0.12758140814838081,0.12784485398481268,0.112,0.121,0.121,True,999,0.00011245789937674999,0.0008067500311881304,strong_2x2_bal_100,strong_null,True,48,1062694068,0.0,0,0
100,100,0.01310663329115802,0.09855294390405489,0.007943546320348105,0.09332836474386852,-0.08544631061289687,-0.08538481842352041,0.04509692624349064,-1.8947258212577254,-1.8933622651465074,0.05812873502482562,0.058309710003580685,0.047,0.046,0.046,True,999,0.00011070899199694395,0.0007950420258566737,strong_2x2_bal_100,strong_null,True,49,1062694068,0.0,0,0
100,100,0.05199276349977677,0.019369497185629636,0.04680289384511127,0.014197891865336487,0.03262326631414714,0.032605001979774784,0.03694647088240194,0.8829873472349967,0.8824930013898824,0.37724310780382897,0.37751026277355826,0.358,0.359,0.359,True,999,0.00010970805305987597,0.000792750041000545,strong_2x2_bal_100,strong_null,True,50,1062694068,0.0,0,0
100,100,0.0016844774586148858,0.039733217591059744,-0.0034738152046145387,0.034548711132217136,-0.03804874013244486,-0.038022526336831675,0.02821333109352239,-1.3486085711155398,-1.3476794431254315,0.17746272617563952,0.17776150663259904,0.102,0.092,0.092,True,999,0.00011324998922646046,0.0008156660478562117,strong_2x2_bal_100,strong_null,True,51,1062694068,0.0,0,0
100,100,0.06151961630627867,0.18010939155320582,0.0563183443506432,0.17480077597812738,-0.11858977524692715,-0.11848243162748417,0.06375689986490593,-1.8600304515778878,-1.8583468123220515,0.0628812177703127,0.063119780121364,0.062,0.062,0.062,True,999,0.00012066599447280169,0.0008398330537602305,strong_2x2_bal_100,strong_null,True,52,1062694068,0.0,0,0
100,100,0.05718565023318045,0.09019773773029793,0.05198814170663013,0.08497934495518678,-0.03301208749711748,-0.032991203248556644,0.05212988881710126,-0.6332660254262394,-0.6328654059537117,0.5265599356622546,0.5268215403590712,0.522,0.517,0.517,True,999,0.00011337501928210258,0.0008107919711619616,strong_2x2_bal_100,strong_null,True,53,1062694068,0.0,0,0
100,100,0.08182593148479622,0.08125530193798935,0.07661719606636552,0.07604643239656639,0.0005706295468068667,0.0005707636697991347,0.05470923819472868,0.010430222858812312,0.01043267441903676,0.9916780371059256,0.9916760811502944,0.945,0.945,0.945,True,999,0.00011320796329528093,0.0008251250255852938,strong_2x2_bal_100,strong_null,True,54,1062694068,0.0,0,0
100,100,0.057205186670445496,0.0624868501280158,0.05200228258071604,0.05728888698428136,-0.005281663457570307,-0.00528660440356532,0.04747913434254754,-0.11124178085187293,-0.11134584648119476,0.9114246208872406,0.9113421011716445,0.941,0.941,0.941,True,999,0.00017962499987334013,0.0008237500442191958,strong_2x2_bal_100,strong_null,True,55,1062694068,0.0,0,0
100,100,0.05879172279147726,0.05000946083577629,0.053599990936902486,0.04481383823105034,0.008782261955700976,0.008786152705852146,0.04544672891226097,0.1932429938501389,0.19332860507550745,0.8467686690310963,0.8467016252832689,0.845,0.845,0.845,True,999,0.00011320807971060276,0.000810875091701746,strong_2x2_bal_100,strong_null,True,56,1062694068,0.0,0,0
100,100,0.022080274395515076,0.07574288624862546,0.016905803319772872,0.07052801354556948,-0.05366261185311039,-0.05362221022579661,0.04272703266852,-1.2559405252742344,-1.2549949499606567,0.20913753417548575,0.209480593225015,0.21,0.214,0.214,True,999,0.00011270795948803425,0.0008182500023394823,strong_2x2_bal_100,strong_null,True,57,1062694068,0.0,0,0
100,100,0.04221237139378675,0.04106131032185378,0.03702649579555839,0.035877582907573924,0.0011510610719329684,0.0011489128879844657,0.03996147316457785,0.028804270232792056,0.0287505138575039,0.9770206951411848,0.9770635687667454,0.977,0.977,0.977,True,999,0.00011200003791600466,0.0008058329112827778,strong_2x2_bal_100,strong_null,True,58,1062694068,0.0,0,0
100,100,0.05691957770147804,0.0537330876826112,0.051713780697497214,0.048539934671850915,0.003186490018866839,0.0031738460256462986,0.04557535270076013,0.06991695796165924,0.06963952745435063,0.9442597556579693,0.9444805749359524,0.9,0.9,0.9,True,999,0.00011083402205258608,0.0008084579603746533,strong_2x2_bal_100,strong_null,True,59,1062694068,0.0,0,0
100,100,0.012663459436801361,0.06453060184189918,0.007499651686075026,0.05932963786189305,-0.05186714240509782,-0.05182998617581802,0.038184248353836214,-1.3583387035530567,-1.3573656261485865,0.17435623455590643,0.17466506458603737,0.197,0.197,0.197,True,999,0.00011283298954367638,0.0008197920396924019,strong_2x2_bal_100,strong_null,True,60,1062694068,0.0,0,0
100,100,0.06718384749826734,0.040351649128849365,0.06198374887691216,0.03516751106673155,0.02683219836941797,0.02681623781018061,0.04497960355792247,0.5965414598388982,0.5961866199120232,0.5508135654161959,0.5510505631046004,0.563,0.562,0.562,True,999,0.00011237501166760921,0.0014131669886410236,strong_2x2_bal_100,strong_null,True,61,1062694068,0.0,0,0
100,100,0.040003196167557986,0.019935500215221724,0.034822286739995434,0.014767190878743008,0.020067695952336262,0.020055095861252425,0.03403081324904355,0.5896919302362036,0.5893216748740521,0.555397206377477,0.5556455075572881,0.583,0.582,0.582,True,999,0.00016908394172787666,0.000836959108710289,strong_2x2_bal_100,strong_null,True,62,1062694068,0.0,0,0
100,100,0.02463582455861879,0.04516710103441712,0.01946618225500174,0.039984297889105846,-0.020531276475798332,-0.020518115634104106,0.03664668490648301,-0.5602492156709714,-0.5598900879155465,0.5753094616509931,0.5755544101122291,0.574,0.571,0.571,True,999,0.0001961250090971589,0.0008563750889152288,strong_2x2_bal_100,strong_null,True,63,1062694068,0.0,0,0
100,100,0.02026976093536237,0.0866728600207416,0.01510183178302782,0.08144614985695853,-0.06640309908537922,-0.06634431807393071,0.04432121964271944,-1.498223641421996,-1.4968973915596873,0.13407515525361755,0.1344199590586697,0.118,0.12,0.12,True,999,0.00011870800517499447,0.0008085409644991159,strong_2x2_bal_100,strong_null,True,64,1062694068,0.0,0,0
100,100,0.04484378922403798,0.012056972677852551,0.0396415672910706,0.006893521137143921,0.03278681654618543,0.03274804615392668,0.03296774642839467,0.9945119123443205,0.9933359025632772,0.31997370886075727,0.3205462867203045,0.331,0.34,0.34,True,999,0.00011316605377942324,0.0008288329700008035,strong_2x2_bal_100,strong_null,True,65,1062694068,0.0,0,0
100,100,0.10994204993503087,0.028513751910929308,0.10471052906892453,0.02334113858182718,0.08142829802410156,0.08136939048709735,0.05004705460182113,1.6270347710160455,1.6258577279817872,0.10372971316626613,0.1039799244536194,0.087,0.081,0.081,True,999,0.0001189579488709569,0.0008344160160049796,strong_2x2_bal_100,strong_null,True,66,1062694068,0.0,0,0
100,100,0.013047219310541203,0.0694116861974895,0.007881696674047589,0.06419059684121464,-0.056364466886948295,-0.05630890016716705,0.039222220187348736,-1.4370544711063769,-1.435637755797661,0.1507025165411226,0.15110544537910697,0.124,0.128,0.128,True,999,0.00011058303061872721,0.0008244580822065473,strong_2x2_bal_100,strong_null,True,67,1062694068,0.0,0,0
100,100,0.040003196167557986,0.09931722540191568,0.034822286739995434,0.09408098200931647,-0.05931402923435769,-0.05925869526932104,0.05071610478854511,-1.1695304574683056,-1.1684394043350383,0.2421899773801881,0.24262956825627569,0.233,0.234,0.234,True,999,0.00011670903768390417,0.0008273340063169599,strong_2x2_bal_100,strong_null,True,68,1062694068,0.0,0,0
100,100,0.015599852721753016,0.11411109199981273,0.010412560343397104,0.10886854629268328,-0.09851123927805971,-0.09845598594928617,0.0483184846954353,-2.0387899144396426,-2.0376463908146403,0.04147099932144785,0.041585309072005174,0.046,0.039,0.039,True,999,0.0001152919139713049,0.0008457920048385859,strong_2x2_bal_100,strong_null,True,69,1062694068,0.0,0,0
100,100,0.06003948229975353,0.014858318275190685,0.05484306698551222,0.00968775910106956,0.04518116402456285,0.045155307884442664,0.03764748262813822,1.2001111593791893,1.1994243633887223,0.2300961721200696,0.23036297886815038,0.205,0.207,0.207,True,999,0.00011200003791600466,0.0008232080144807696,strong_2x2_bal_100,strong_null,True,70,1062694068,0.0,0,0
100,100,0.07092426229439153,0.06003948229975353,0.06571454660208076,0.05484306698551222,0.010884779994637994,0.010871479616568536,0.04945003739299536,0.22011671918735157,0.21984775320126432,0.8257802540902998,0.8259897276402564,0.858,0.858,0.858,True,999,0.00011070794425904751,0.0009118749294430017,strong_2x2_bal_100,strong_null,True,71,1062694068,0.0,0,0
100,100,0.07916172079330519,0.1314154595623117,0.07393844187591014,0.12616110561219784,-0.05225373876900652,-0.0522226637362877,0.060913030152357744,-0.8578417234917995,-0.8573315693812407,0.3909798671692074,0.39126166617574787,0.415,0.415,0.415,True,999,0.00011795794125646353,0.000803499948233366,strong_2x2_bal_100,strong_null,True,72,1062694068,0.0,0,0
100,100,0.058386195386126105,0.10019386311247058,0.053194310284879975,0.09497091369263444,-0.04180766772634448,-0.041776603407754465,0.053829633570945765,-0.7766664001389362,-0.7760893143122406,0.4373556152069603,0.43769625253430555,0.438,0.433,0.433,True,999,0.00011212506797164679,0.0007951670559123158,strong_2x2_bal_100,strong_null,True,73,1062694068,0.0,0,0
100,100,0.06822667887712641,0.13304263899428415,0.06302208908152807,0.12778029403486357,-0.06481596011715773,-0.06475820495333551,0.05958060246537257,-1.0878701697390167,-1.0869008078757192,0.27665242670764634,0.2770806492571758,0.257,0.259,0.259,True,999,0.00011095893569290638,0.0008004169212654233,strong_2x2_bal_100,strong_null,True,74,1062694068,0.0,0,0
100,100,0.044955804955724266,0.07848174596893032,0.03977145582517494,0.07325830271493317,-0.03352594101320605,-0.033486846889758226,0.04786183933932507,-0.7004733097597419,-0.6996564977862058,0.4836317677496652,0.4841418500695621,0.487,0.489,0.49,True,999,0.00010950001887977123,0.00079008296597749,strong_2x2_bal_100,strong_null,True,75,1062694068,0.0,0,0
100,100,0.05131293593563868,0.06833399126600037,0.04612276262523096,0.06312943401744064,-0.01702105533036169,-0.017006671392209682,0.04733694550932714,-0.3595723202505305,-0.359268457422094,0.7191669861647016,0.7193942686138455,0.706,0.707,0.707,True,999,0.00011662498582154512,0.0007913750596344471,strong_2x2_bal_100,strong_null,True,76,1062694068,0.0,0,0
100,100,0.04388246162218301,0.01287623345914679,0.038698974724681534,0.00771415638007511,0.03100622816303622,0.030984818344606424,0.03308658651790677,0.9371238143969721,0.9364767298626334,0.3486948728724696,0.3490277882087033,0.357,0.352,0.352,True,999,0.00011129199992865324,0.0008023339323699474,strong_2x2_bal_100,strong_null,True,77,1062694068,0.0,0,0
100,100,0.022470064715164995,0.07336424172744005,0.017293094157892597,0.06815212638105095,-0.050894177012275055,-0.05085903222315835,0.04253330828615876,-1.196572264491288,-1.1957459758593234,0.2314733163349133,0.2317957039145132,0.232,0.23,0.23,True,999,0.00013129098806530237,0.0007980000227689743,strong_2x2_bal_100,strong_null,True,78,1062694068,0.0,0,0
100,100,0.005484991324330113,0.05510592238456247,0.0003244126758801258,0.04990744459784935,-0.049620931060232354,-0.04958303192196922,0.0338270743992475,-1.4668998706354632,-1.4657794917988007,0.14240329573173785,0.1427083698724201,0.08,0.079,0.079,True,999,0.00010950001887977123,0.0008148340275511146,strong_2x2_bal_100,strong_null,True,79,1062694068,0.0,0,0
100,100,0.05131293593563868,0.02509373622103761,0.04612276262523096,0.01992232242085379,0.02621919971460107,0.026200440204377173,0.03823907946406506,0.685665033836403,0.6851744490606495,0.4929243611043054,0.4932338451773439,0.502,0.503,0.503,True,999,0.00010804191697388887,0.0008392089512199163,strong_2x2_bal_100,strong_null,True,80,1062694068,0.0,0,0
100,100,0.021436935552739067,0.06675800233781137,0.016265069709149316,0.06155777012068597,-0.045321066785072306,-0.04529270041153666,0.040795902175130155,-1.1109220379663711,-1.1102267138768616,0.26660190858337773,0.26690134406754173,0.271,0.269,0.269,True,999,0.00011541706044226885,0.0007975409971550107,strong_2x2_bal_100,strong_null,True,81,1062694068,0.0,0,0
100,100,0.05199276349977677,0.09080171068567411,0.04680289384511127,0.08558590285542778,-0.038808947185897336,-0.038783009010316505,0.05131070991602447,-0.7563517879486052,-0.7558462760267612,0.44943830579800004,0.44974136779409424,0.478,0.477,0.477,True,999,0.00011158396955579519,0.0008039169479161501,strong_2x2_bal_100,strong_null,True,82,1062694068,0.0,0,0
100,100,0.09019773773029793,0.07556761288570846,0.08497934495518678,0.0703592093314569,0.014630124844589476,0.01462013562372988,0.05504434365092053,0.2657879788225036,0.26560650293966004,0.7904025018379748,0.7905422768261278,0.847,0.848,0.848,True,999,0.00011633301619440317,0.0008077499223873019,strong_2x2_bal_100,strong_null,True,83,1062694068,0.0,0,0
100,100,0.081521341694757,0.0196371066289196,0.07630804452571738,0.014469996022114628,0.0618842350658374,0.06183804850360275,0.04336446736097124,1.4270724127822279,1.4260073342733606,0.15355902332212754,0.15386622500629277,0.156,0.141,0.141,True,999,0.00011170795187354088,0.0007975000189617276,strong_2x2_bal_100,strong_null,True,84,1062694068,0.0,0,0
100,100,0.02988796993550691,0.039641509977818234,0.024707448590191916,0.03446305782784975,-0.009753540042311326,-0.009755609237657836,0.03660558161140624,-0.2664495307259956,-0.266506057497472,0.7898930234272065,0.7898494948444479,0.83,0.831,0.831,True,999,0.000112209003418684,0.0008007090073078871,strong_2x2_bal_100,strong_null,True,85,1062694068,0.0,0,0
100,100,0.08324216141137719,0.08228287850505178,0.07802926120876919,0.07707424871352941,0.0009592829063254094,0.0009550124952397709,0.05503108137424364,0.01743165648157489,0.017354056496639157,0.9860922547684139,0.9861541612338813,0.966,0.966,0.966,True,999,0.00010954204481095076,0.0008410419104620814,strong_2x2_bal_100,strong_null,True,86,1062694068,0.0,0,0
100,100,0.01574093576543556,0.0320259368087773,0.01057539250727757,0.026848147873423045,-0.01628500104334174,-0.016272755366145475,0.030519331047648028,-0.5335962645418711,-0.5331950212388268,0.593620893231795,0.593898587615755,0.605,0.604,0.604,True,999,0.00011291704140603542,0.000829166965559125,strong_2x2_bal_100,strong_null,True,87,1062694068,0.0,0,0
100,100,0.022829252397928212,0.06707733961080509,0.017646187358181464,0.06187720775957928,-0.044248087212876874,-0.044231020401397814,0.04113846834151819,-1.075589077491744,-1.0751742149028558,0.28211107444111805,0.2822967374332953,0.256,0.265,0.264,True,999,0.00012162502389401197,0.0008164170430973172,strong_2x2_bal_100,strong_null,True,88,1062694068,0.0,0,0
100,100,0.009355398622190592,0.06134591428125835,0.00418596005698646,0.05614660762333301,-0.05199051565906776,-0.05196064756634655,0.03663013725257902,-1.419337178579839,-1.418521781888441,0.155800737924683,0.15603848394758624,0.141,0.143,0.143,True,999,0.00011887494474649429,0.0008560839341953397,strong_2x2_bal_100,strong_null,True,89,1062694068,0.0,0,0
100,100,0.058386195386126105,0.012108980189675322,0.053194310284851554,0.006938473074299623,0.04627721519645078,0.04625583721055193,0.03660274975634725,1.2643097992501475,1.263725745154727,0.20611885375083028,0.20632848117812763,0.17,0.166,0.166,True,999,0.00011316605377942324,0.0007900419877842069,strong_2x2_bal_100,strong_null,True,90,1062694068,0.0,0,0
100,100,0.04669225475435179,0.08368073881203564,0.04150132693094122,0.07846208068889382,-0.036988484057683846,-0.0369607537579526,0.049129824802206255,-0.7528722971554911,-0.7523078681178773,0.4515266567200982,0.45186593728584445,0.479,0.478,0.478,True,999,0.00011166709009557962,0.0007898339536041021,strong_2x2_bal_100,strong_null,True,91,1062694068,0.0,0,0
100,100,0.04669225475435179,0.021629692608799544,0.04150132693094122,0.016451834287053657,0.025062562145552247,0.02504949264388756,0.036192653967481024,0.6924764944861704,0.6921153852490188,0.48863814225895297,0.48886487054412253,0.541,0.571,0.571,True,999,0.00011650007218122482,0.000789790996350348,strong_2x2_bal_100,strong_null,True,92,1062694068,0.0,0,0
100,100,0.09032867239504194,0.06954414077971316,0.0851127721272178,0.06433286090916113,0.020784531615328783,0.020779911218056668,0.05409115630261223,0.3842500888509391,0.38416467013209593,0.7007930969517537,0.7008564020748107,0.748,0.748,0.748,True,999,0.00010829209350049496,0.0007886249804869294,strong_2x2_bal_100,strong_null,True,93,1062694068,0.0,0,0
100,100,0.032786680039369465,0.0031480134128548665,0.02759090123220176,-0.0020162752713162035,0.029638666626514598,0.029607176503517962,0.026574844730895927,1.1152903027898662,1.1141053429786043,0.2647260395644556,0.26523399675925474,0.21,0.211,0.211,True,999,0.00011237501166760921,0.0007881659548729658,strong_2x2_bal_100,strong_null,True,94,1062694068,0.0,0,0
100,100,0.06263305580710976,0.03355826067659684,0.0574245818015271,0.028369750854125186,0.02907479513051292,0.02905483094740191,0.04258366765223771,0.6827686935741216,0.6822998710369449,0.4947530148987105,0.4950493545984329,0.485,0.488,0.488,True,999,0.0001092919846996665,0.0007921669166535139,strong_2x2_bal_100,strong_null,True,95,1062694068,0.0,0,0
100,100,0.013159874196877808,0.059457384001442515,0.007990290758883134,0.05425536367746986,-0.04629750980456471,-0.046265072918586725,0.03709441065473169,-1.2480993494004762,-1.2472249080653677,0.21199467652433068,0.21231504232808363,0.22,0.212,0.212,True,999,0.00012020801659673452,0.0007939169881865382,strong_2x2_bal_100,strong_null,True,96,1062694068,0.0,0,0
100,100,0.01737386443983524,0.05220314090689748,0.01220554715888511,0.04701571431220941,-0.03482927646706224,-0.0348101671533243,0.03646313390645456,-0.9551915245797592,-0.9546674524090302,0.33948085108112325,0.33974589429597024,0.332,0.334,0.334,True,999,0.00010845798533409834,0.0007929169805720448,strong_2x2_bal_100,strong_null,True,97,1062694068,0.0,0,0
100,100,0.0743517013374243,0.09205261950694188,0.0691471279678808,0.08679832776211072,-0.017700918169517577,-0.01765119979422991,0.05485802624647623,-0.32266779140007035,-0.3217614814452739,0.7469468471817797,0.7476333970348241,0.77,0.774,0.774,True,999,0.00011795898899435997,0.0008503750432282686,strong_2x2_bal_100,strong_null,True,98,1062694068,0.0,0,0
100,100,0.002231000529995919,0.05220314090689748,-0.0029401076024839767,0.04701571431220941,-0.049972140376901564,-0.04995582191469339,0.03214464345354091,-1.554602416079898,-1.5540947588015783,0.12004078801233319,0.12016181523098605,0.082,0.079,0.079,True,999,0.00011716596782207489,0.0007949169958010316,strong_2x2_bal_100,strong_null,True,99,1062694068,0.0,0,0
100,100,0.022080274395515076,0.05879803751602253,0.016905803319772872,0.05360461857230803,-0.03671776312050745,-0.036698815252535155,0.03922703415094019,-0.9360320991697355,-0.9355490683114915,0.3492566610373763,0.349505408251918,0.326,0.322,0.322,True,999,0.00011454091873019934,0.0007952080341055989,strong_2x2_bal_100,strong_null,True,100,1062694068,0.0,0,0
100,100,0.0770862753790208,0.05235413515988108,0.07187174842147215,0.04714905864842933,0.02473214021913972,0.024722689773042816,0.049102448532721915,0.503684458885145,0.5034919950390578,0.614483131089359,0.6146184069923311,0.617,0.611,0.611,True,999,0.0001087080454453826,0.000792750041000545,strong_2x2_bal_100,strong_null,True,101,1062694068,0.0,0,0
100,100,0.03491786242053285,0.09875859340449966,0.02973575019713337,0.09341185981854494,-0.06384073098396681,-0.06367610962141157,0.048485951379555324,-1.316685125640043,-1.3132898872695187,0.18794419149566366,0.18908528486344056,0.172,0.186,0.186,True,999,0.00010962493252009153,0.0007928330451250076,strong_2x2_bal_100,strong_null,True,102,1062694068,0.0,0,0
100,100,0.07844610104900773,0.03399183196071365,0.0732354253881482,0.028815487930302197,0.044454269088294085,0.044419937457846004,0.045894872256042135,0.9686108034093418,0.967862754035622,0.33273941107097194,0.3331129179415425,0.35,0.349,0.349,True,999,0.00011170899961143732,0.0007939590141177177,strong_2x2_bal_100,strong_null,True,103,1062694068,0.0,0,0
100,100,0.018120543154035773,0.02171366565558097,0.012949046745703185,0.016540932009760922,-0.0035931225015451984,-0.003591885264057737,0.027902608802358626,-0.12877371169829357,-0.1287293704147876,0.8975367073332954,0.8975717945307233,0.931,0.949,0.949,True,999,0.0001106249401345849,0.000810749945230782,strong_2x2_bal_100,strong_null,True,104,1062694068,0.0,0,0
100,100,0.0465733363308064,0.01310663329115802,0.0413868864686151,0.007943546320348105,0.03346670303964838,0.033443340148267,0.033835705682222654,0.9890942826480446,0.9884038022543208,0.32261701465782244,0.3229549261117606,0.263,0.266,0.266,True,999,0.00011866702698171139,0.0008011249592527747,strong_2x2_bal_100,strong_null,True,105,1062694068,0.0,0,0
100,100,0.040003196167557986,0.059630091707797095,0.034822286739995434,0.05443352642824095,-0.01962689554023911,-0.01961123968824552,0.043430303979875094,-0.4519170657735644,-0.4515565835627826,0.6513287296945731,0.6515884533425149,0.668,0.662,0.662,True,999,0.00011737493332475424,0.000799833913333714,strong_2x2_bal_100,strong_null,True,106,1062694068,0.0,0,0
100,100,0.07969659057140321,0.053733087682611425,0.07448623407114496,0.048539934671850915,0.02596350288879179,0.02594629939929405,0.04981985441939833,0.5211477069006125,0.5208023929751058,0.6022638794020769,0.602504435922649,0.623,0.62,0.62,True,999,0.00010895892046391964,0.0008749170228838921,strong_2x2_bal_100,strong_null,True,107,1062694068,0.0,0,0
100,100,0.03964150997781846,0.03661108794088541,0.03446305782784975,0.031430711021982916,0.003030422036933045,0.003032346805866837,0.03832739321299931,0.07906674007522202,0.079116959220654,0.9369795382394875,0.9369395942893852,0.933,0.933,0.933,True,999,0.00012066599447280169,0.0007924580713734031,strong_2x2_bal_100,strong_null,True,108,1062694068,0.0,0,0
100,100,0.0656604364922867,0.034040980571866775,0.06045503138852837,0.028865908768068493,0.031619455920419925,0.031589122620459875,0.04339037783002932,0.7287204560485977,0.7280213770942988,0.4661726771894906,0.4666005004770606,0.457,0.453,0.453,True,999,0.00011433300096541643,0.0008092910284176469,strong_2x2_bal_100,strong_null,True,109,1062694068,0.0,0,0
100,100,0.08426216032541145,0.1308787446152816,0.07903737183559656,0.1256282362504777,-0.046616584289870144,-0.04659086441488114,0.06175864422235637,-0.7548187768182115,-0.7544023189229183,0.45035772593479506,0.4506076795770104,0.472,0.466,0.466,True,999,0.00011616700794547796,0.0007980830268934369,strong_2x2_bal_100,strong_null,True,110,1062694068,0.0,0,0
100,100,0.05113387979598527,0.05718565023318045,0.04593024971897819,0.05198814170663013,-0.006051770437195181,-0.006057891987651942,0.04516255502627765,-0.13399973570303947,-0.13413528052447835,0.8934027834287678,0.8932956018955127,0.885,0.887,0.887,True,999,0.00010887498501688242,0.0007892500143498182,strong_2x2_bal_100,strong_null,True,111,1062694068,0.0,0,0
100,100,0.10830843992422212,0.02369145043915266,0.10304752663495265,0.018509253832064587,0.08461698948506946,0.08453827280288806,0.0485206103649504,1.7439390982227592,1.7423167632688223,0.08116971001932236,0.08145303174719651,0.057,0.067,0.067,True,999,0.00010787497740238905,0.0007870829431340098,strong_2x2_bal_100,strong_null,True,112,1062694068,0.0,0,0
100,100,0.06428414862089749,0.09705269403799188,0.059078381910993016,0.09174615985097034,-0.0327685454170944,-0.03266777793997733,0.05388740426371348,-0.6080928533267647,-0.6062228898632448,0.5431258919005242,0.5443667549030213,0.573,0.574,0.574,True,999,0.00010741699952632189,0.000800292007625103,strong_2x2_bal_100,strong_null,True,113,1062694068,0.0,0,0
100,100,0.040850441342229815,0.0733502840565542,0.035661601299835866,0.0681412792744851,-0.03249984271432438,-0.032479677974649235,0.046247311839614814,-0.7027401468659084,-0.7023041271520475,0.48221770343220627,0.48248951999151035,0.464,0.472,0.472,True,999,0.0001099160872399807,0.0007954169996082783,strong_2x2_bal_100,strong_null,True,114,1062694068,0.0,0,0
100,100,0.1183835934806372,0.048646947307498856,0.11314155734068265,0.04345864183397907,0.06973664617313835,0.06968291550670358,0.05487745310882916,1.2707704571282028,1.2697913543566473,0.20381032165668445,0.20415896117695453,0.212,0.212,0.212,True,999,0.00010908301919698715,0.0008472909685224295,strong_2x2_bal_100,strong_null,True,115,1062694068,0.0,0,0
100,100,0.05558862156973576,0.06614557830889256,0.05037920127904272,0.060914573004680506,-0.010556956739156798,-0.010535371725637788,0.047722199107721,-0.22121689562811414,-0.22076459011993152,0.8249235543241108,0.825275736307266,0.848,0.845,0.845,True,999,0.00010920793283730745,0.0008537080138921738,strong_2x2_bal_100,strong_null,True,116,1062694068,0.0,0,0
100,100,0.05230025100841673,0.05286967496666373,0.047112866505500506,0.047680185505157624,-0.0005694239582469951,-0.0005673189996571182,0.044608028512471504,-0.012765055467264053,-0.012717867580686899,0.9898152359211451,0.9898528833512413,0.915,0.915,0.915,True,999,0.00011212506797164679,0.0008244580822065473,strong_2x2_bal_100,strong_null,True,117,1062694068,0.0,0,0
100,100,0.0653260642008755,0.08243557958001113,0.06012908305828546,0.07722587845455564,-0.01710951537913563,-0.01709679539627018,0.05225760163069315,-0.32740720670744433,-0.3271637974718781,0.7433599164134623,0.743544000909359,0.727,0.729,0.729,True,999,0.00010904099326580763,0.0008205829653888941,strong_2x2_bal_100,strong_null,True,118,1062694068,0.0,0,0
100,100,0.058201658255899846,0.024369357107399514,0.05300455198495513,0.019192858453436656,0.03383230114850033,0.03381169353151847,0.03967005971561897,0.8528422036929735,0.8523227283725533,0.39374681624934116,0.3940349945870337,0.38,0.375,0.375,True,999,0.00011441705282777548,0.000818750006146729,strong_2x2_bal_100,strong_null,True,119,1062694068,0.0,0,0
100,100,0.025792784583158812,0.039379373902592496,0.020618629094599328,0.03420076535070393,-0.013586589319433684,-0.013582136256104604,0.03546807712687351,-0.3830652919478224,-0.3829397406439513,0.7016713534014112,0.7017644444148639,0.721,0.72,0.72,True,999,0.00011450005695223808,0.0008167919004336,strong_2x2_bal_100,strong_null,True,120,1062694068,0.0,0,0
100,100,0.024947627515162663,0.04079482990536709,0.01977607778650281,0.03561094977699497,-0.01584720239020443,-0.01583487199049216,0.035592594101943806,-0.44523875795102474,-0.4448923263400848,0.6561472203015493,0.6563975684149919,0.66,0.66,0.66,True,999,0.00011845899280160666,0.0008159999269992113,strong_2x2_bal_100,strong_null,True,121,1062694068,0.0,0,0
100,100,0.11685100295401218,0.04015915262449388,0.11161049723180838,0.03496905478596091,0.07669185032951831,0.07664144244584747,0.05328262847926324,1.4393405978341622,1.4383945505930722,0.1500540456701294,0.15032213794882632,0.145,0.14,0.14,True,999,0.0001152500044554472,0.0008492920314893126,strong_2x2_bal_100,strong_null,True,122,1062694068,0.0,0,0
100,100,0.10023373401442215,0.1341834413829055,0.09497640781853534,0.12890807750449085,-0.03394970736848335,-0.03393166968595551,0.06370682210541691,-0.5329053662778237,-0.5326222304702019,0.5940990903362672,0.5942951103334871,0.65,0.653,0.653,True,999,0.00012216705363243818,0.0008384999819099903,strong_2x2_bal_100,strong_null,True,123,1062694068,0.0,0,0
100,100,0.060244385944802636,0.04369398753071907,0.05504804486290027,0.03849997720101328,0.016550398414083567,0.01654806766188699,0.04425540470167957,0.37397462582588137,0.37392195989248206,0.7084231943712946,0.7084623779914327,0.751,0.754,0.754,True,999,0.00011516606900840998,0.0008681250037625432,strong_2x2_bal_100,strong_null,True,124,1062694068,0.0,0,0
100,100,0.031055048031082277,0.023770755349350803,0.02587649207590914,0.018600276937249305,0.007284292681731475,0.007276215138659836,0.032683790463136866,0.22287172260350968,0.22262458042822408,0.8236353449679864,0.8238277040905378,0.815,0.819,0.819,True,999,0.00012420897837728262,0.0008222089381888509,strong_2x2_bal_100,strong_null,True,125,1062694068,0.0,0,0
100,100,0.03359123132952757,0.04606453410618794,0.028400236174604743,0.040880754384517104,-0.012473302776660367,-0.012480518209912361,0.03901300447471354,-0.31972166575237737,-0.31990661519036984,0.7491793342998726,0.7490391229980596,0.745,0.745,0.745,True,999,0.00011816597543656826,0.0008394999895244837,strong_2x2_bal_100,strong_null,True,126,1062694068,0.0,0,0
100,100,0.039379373902592496,0.0037564493246715625,0.03420076535070393,-0.0014036511523585204,0.035622924577920934,0.03560441650306245,0.02883390521165708,1.235452649109742,1.2348107632908554,0.2166620886887466,0.21690094064407184,0.186,0.187,0.187,True,999,0.00011470902245491743,0.0008068750612437725,strong_2x2_bal_100,strong_null,True,127,1062694068,0.0,0,0
100,100,0.08255001320795574,0.06650310385474323,0.07734033821611774,0.06130558577169154,0.016046909353212513,0.016034752444426204,0.05245086478494289,0.30594174984544986,0.3057099727558603,0.7596489972674314,0.7598254794646473,0.758,0.853,0.853,True,999,0.00010970805305987597,0.0007884579245001078,strong_2x2_bal_100,strong_null,True,128,1062694068,0.0,0,0
100,100,0.049884488247439074,0.12607660638603768,0.044696008551312616,0.12082178349034223,-0.07619211813859861,-0.07612577493902961,0.056156481245335885,-1.356782270700531,-1.35560087190029,0.17485040245850725,0.17522619428850916,0.209,0.191,0.191,True,999,0.0001087080454453826,0.000784332980401814,strong_2x2_bal_100,strong_null,True,129,1062694068,0.0,0,0
100,100,0.08152099085670983,0.016089962743297548,0.07631107733922704,0.010922942861185447,0.06543102811341228,0.06538813447804159,0.04257521670109664,1.5368337071018814,1.5358262281342034,0.1243340368347855,0.12458100519645932,0.109,0.109,0.109,True,999,0.00010987499263137579,0.0007881249766796827,strong_2x2_bal_100,strong_null,True,130,1062694068,0.0,0,0
100,100,0.012658182016358044,0.014056428781547003,0.007492016795609402,0.008889131664957972,-0.0013982467651889596,-0.0013971148693485702,0.022948423927482062,-0.060929969291463125,-0.06088064582402299,0.9514149817359131,0.9514542632449343,0.889,0.895,0.895,True,999,0.0001076660118997097,0.000828542048111558,strong_2x2_bal_100,strong_null,True,131,1062694068,0.0,0,0
100,100,0.06833399126600037,0.06481048057679772,0.06312943401744064,0.05961241050464139,0.003523510689202647,0.0035170235127992555,0.049800546297270765,0.07075245054883558,0.07062218739138611,0.94359477589486,0.9436984515152951,0.905,0.905,0.905,True,999,0.0001081250375136733,0.0008044169517233968,strong_2x2_bal_100,strong_null,True,132,1062694068,0.0,0,0
100,100,0.06986929621782778,0.05142768388279051,0.06465811174034286,0.0462399154987736,0.018441612335037272,0.018418196241569262,0.047597855784830896,0.38744628368142764,0.38695432678375,0.6984258447820638,0.6987900209421707,0.695,0.695,0.695,True,999,0.00010737497359514236,0.0008440830279141665,strong_2x2_bal_100,strong_null,True,133,1062694068,0.0,0,0
100,100,0.01869198597379973,0.040267259181623105,0.013515828294231369,0.03508650452536699,-0.021575273207823376,-0.02157067623113562,0.03372409235561542,-0.6397584545883519,-0.6396221432344604,0.5223296461195159,0.522418283036725,0.538,0.538,0.538,True,999,0.00011566700413823128,0.0007972909370437264,strong_2x2_bal_100,strong_null,True,134,1062694068,0.0,0,0
100,100,0.00510936674713125,0.07341972240158146,-5.237046933359579e-05,0.06821691751432013,-0.0683103556544502,-0.06826928798365373,0.038227080651902515,-1.786962396539964,-1.78588808821989,0.0739435664370491,0.07411738004210423,0.071,0.068,0.068,True,999,0.00010920793283730745,0.0007861669873818755,strong_2x2_bal_100,strong_null,True,135,1062694068,0.0,0,0
100,100,0.0751067717211219,0.0673692784046086,0.06987717170969177,0.06216442420372914,0.0077374933165133,0.007712747505962625,0.05145164054017304,0.15038380186287598,0.14990284906349238,0.8804618201788942,0.8808412638907407,0.873,0.873,0.869,True,999,0.00010816706344485283,0.0007982910610735416,strong_2x2_bal_100,strong_null,True,136,1062694068,0.0,0,0
100,100,0.1197231337379554,0.029229836886751626,0.11445275445744585,0.02402183409658676,0.09049329685120377,0.09043092036085909,0.05145331475255333,1.7587457151477905,1.757533422205253,0.07862070883961524,0.07882693021779369,0.056,0.072,0.072,True,999,0.00010779197327792645,0.0008043750422075391,strong_2x2_bal_100,strong_null,True,137,1062694068,0.0,0,0
100,100,0.05718565023318045,0.04572033088704963,0.05198814170665855,0.04053781125691103,0.01146531934613082,0.011450330449747526,0.04417142073590939,0.2595641968294225,0.2592248621163077,0.7951999567019999,0.7954617493724963,0.815,0.815,0.815,True,999,0.00011212506797164679,0.0007922080112621188,strong_2x2_bal_100,strong_null,True,138,1062694068,0.0,0,0
100,100,0.12334280295826527,0.06707733961080509,0.11808680671278182,0.06187720775957928,0.05626546334746019,0.056209598953202544,0.05820327789158792,0.9667060926063787,0.9657462773471471,0.3336909805154673,0.33417115663494434,0.296,0.305,0.307,True,999,0.00010979094076901674,0.0007874170551076531,strong_2x2_bal_100,strong_null,True,139,1062694068,0.0,0,0
100,100,0.08182593148479622,0.04782039371995339,0.07661719606636552,0.042630018693500915,0.03400553776484283,0.03398717737286461,0.049068984519567,0.6930149074367458,0.6926407323410516,0.4883001962419118,0.48853504161447414,0.492,0.493,0.493,True,999,0.00011700007598847151,0.0008149159839376807,strong_2x2_bal_100,strong_null,True,140,1062694068,0.0,0,0
100,100,0.08216860500522283,0.005651338143873863,0.07695994894501723,0.0004835307864112792,0.07651726686134896,0.07647641815860595,0.04022666231982134,1.9021530111794969,1.901137547793093,0.05715115379955428,0.05728399862231583,0.037,0.037,0.037,True,999,0.00010945799294859171,0.0008134579984471202,strong_2x2_bal_100,strong_null,True,141,1062694068,0.0,0,0
100,100,0.03239369666166558,0.12294936331960171,0.027204290559168953,0.1176933295493825,-0.09055566665793613,-0.09048903899021354,0.05255333197214346,-1.7231194152625047,-1.7218516047313304,0.08486693248826484,0.08509640363825187,0.074,0.076,0.076,True,999,0.00010912504512816668,0.0008402919629588723,strong_2x2_bal_100,strong_null,True,142,1062694068,0.0,0,0
100,100,0.034040980571866775,0.06995673275116676,0.028865908768068493,0.0647508827601797,-0.03591575217929999,-0.03588497399211121,0.04430542420732863,-0.8106400699659503,-0.8099453878194766,0.41757239871455587,0.41797156412158754,0.412,0.415,0.415,True,999,0.00010991701856255531,0.0007972910534590483,strong_2x2_bal_100,strong_null,True,143,1062694068,0.0,0,0
100,100,0.015259993633018887,0.1982827022104079,0.010093761204842622,0.19292664977594143,-0.183022708577389,-0.1828328885710988,0.05829553523004269,-3.1395664840395527,-3.1363103168984305,0.0016919801655649216,0.0017108806945838892,0.001,0.001,0.001,True,999,0.00011133297812193632,0.0007981249364092946,strong_2x2_bal_100,strong_null,True,144,1062694068,0.0,0,0
100,100,0.01063859765554176,0.08655600899037519,0.00547484126730069,0.08132927475018903,-0.07591741133483343,-0.07585443348288834,0.04214149669083311,-1.8014882549567222,-1.7999938170062355,0.07162595686316786,0.07186161452795738,0.058,0.058,0.058,True,999,0.00011424999684095383,0.000804250012151897,strong_2x2_bal_100,strong_null,True,145,1062694068,0.0,0,0
100,100,0.07341972240158146,0.10046990490421326,0.06821691751432013,0.09519068543592368,-0.027050182502631803,-0.026973767921603553,0.055880988609851794,-0.4840677156141591,-0.48270026341030214,0.6283378124459801,0.6293085761924667,0.637,0.638,0.638,True,999,0.0001141249667853117,0.0007947499398142099,strong_2x2_bal_100,strong_null,True,146,1062694068,0.0,0,0
100,100,0.11929172369603536,0.06364066524245504,0.11404978691319911,0.05844311293088822,0.055651058453580315,0.055606673982310895,0.057345322235655395,0.9704550656265797,0.969681079719115,0.3318197123147463,0.3322054842212794,0.281,0.276,0.276,True,999,0.00011379201896488667,0.0008027920266613364,strong_2x2_bal_100,strong_null,True,147,1062694068,0.0,0,0
100,100,0.02716617125211762,0.03339837382168831,0.021992970881825613,0.02821908310569654,-0.006232202569570688,-0.006226112223870928,0.03428675114298821,-0.18176707800573286,-0.18158944829464238,0.8557655220227385,0.8559049302142415,0.868,0.868,0.868,True,999,0.00011383299715816975,0.0008282079361379147,strong_2x2_bal_100,strong_null,True,148,1062694068,0.0,0,0
100,100,0.012655470995974194,0.02959179538409784,0.007475598461454069,0.024418313373786305,-0.016936324388123647,-0.016942714912332235,0.028716734630911015,-0.5897719432867968,-0.5899944798770717,0.5553435550333523,0.5551943503490931,0.563,0.558,0.558,True,999,0.00013029191177338362,0.0008347079856321216,strong_2x2_bal_100,strong_null,True,149,1062694068,0.0,0,0
100,100,0.14367828535259197,0.04782039371995339,0.1384085116125675,0.042630018693500915,0.09585789163263858,0.0957784929190666,0.05783153555754324,1.6575366832038994,1.656163752106592,0.09741101877744422,0.09768866165729091,0.1,0.108,0.108,True,999,0.00011666701175272465,0.0008077500388026237,strong_2x2_bal_100,strong_null,True,150,1062694068,0.0,0,0
100,100,0.033497402386165276,0.013162405289314671,0.028320707870093997,0.007999407006821002,0.020334997096850604,0.020321300863272995,0.0301239824404993,0.67504345207398,0.6745887899586815,0.499648158752389,0.4999370570698244,0.545,0.549,0.549,True,999,0.00010895798914134502,0.0008874579798430204,strong_2x2_bal_100,strong_null,True,151,1062694068,0.0,0,0
100,100,0.09061344737426247,0.0573786912447658,0.08535889141705866,0.05218472349366721,0.03323475612949667,0.03317416792339145,0.05194637417615939,0.639789718851054,0.6386233582134521,0.522309317517009,0.5230679820757809,0.534,0.533,0.533,True,999,0.0001189160393550992,0.0008026249706745148,strong_2x2_bal_100,strong_null,True,152,1062694068,0.0,0,0
100,100,0.0037519559085725795,0.018161565950307268,-0.001416537844221466,0.012991087270222579,-0.014409610041734688,-0.014407625114444045,0.020787329101778593,-0.6931919907161994,-0.6930965033507508,0.48818907381058196,0.4882489918796383,0.513,0.514,0.514,True,999,0.00011129199992865324,0.0008069580653682351,strong_2x2_bal_100,strong_null,True,153,1062694068,0.0,0,0
100,100,0.08368073881203542,0.01858726842456848,0.07846208068892224,0.01341888991015594,0.06509347038746693,0.0650431907787663,0.04348991257281884,1.4967487064609621,1.4955925852888066,0.1344586575132765,0.1347598565444863,0.123,0.122,0.122,True,999,0.00011208304204046726,0.000802083988673985,strong_2x2_bal_100,strong_null,True,154,1062694068,0.0,0,0
100,100,0.05940846856642301,0.009253168245758281,0.054215277101889114,0.004092007733419223,0.05015530032066473,0.05012326936846989,0.03604504447716485,1.3914617403909426,1.3905731036127267,0.16408545371703276,0.16435491710314842,0.141,0.143,0.143,True,999,0.00010933401063084602,0.0007921659853309393,strong_2x2_bal_100,strong_null,True,155,1062694068,0.0,0,0
100,100,0.03760074796067925,0.11336317963777809,0.03240786727253919,0.10811253424822098,-0.07576243167709884,-0.07570466697568179,0.052032420182949936,-1.456062036144242,-1.454951868652245,0.1453754710763168,0.14568258680322485,0.156,0.158,0.158,True,999,0.00011233298573642969,0.0008012079633772373,strong_2x2_bal_100,strong_null,True,156,1062694068,0.0,0,0
100,100,0.09336244105327973,0.045879306933472086,0.08810395044403663,0.040695433869984754,0.047483134119807646,0.04740851657405187,0.05047131449562805,0.9407944808713226,0.9393160659241105,0.3468101897788587,0.3475684923599416,0.319,0.32,0.322,True,999,0.00011070806067436934,0.0008312499849125743,strong_2x2_bal_100,strong_null,True,157,1062694068,0.0,0,0
100,100,0.06954414077971316,0.08243557958001091,0.06433286090916113,0.07722587845455564,-0.01289143880029775,-0.012893017545394514,0.0528623576035309,-0.24386802603440216,-0.24389789123845917,0.8073330331785298,0.8073099024202899,0.793,0.794,0.794,True,999,0.0001129580195993185,0.0008139159763231874,strong_2x2_bal_100,strong_null,True,158,1062694068,0.0,0,0
100,100,0.028513751910929308,0.11929172369603536,0.02334113858182718,0.11404978691319911,-0.09077797178510605,-0.09070864833137193,0.05146352712388558,-1.7639282975413009,-1.7625812570718975,0.0777440519203403,0.07797114053676392,0.088,0.084,0.086,True,999,0.00011600006837397814,0.0008056670194491744,strong_2x2_bal_100,strong_null,True,159,1062694068,0.0,0,0
100,100,0.10001934593897888,0.03592806366251622,0.09479500871306357,0.030746628893410843,0.06409128227646266,0.06404837981965272,0.04986046118889225,1.285412945412962,1.2845524949520766,0.1986480198468431,0.1989487082177086,0.203,0.204,0.204,True,999,0.00011024996638298035,0.0008455839706584811,strong_2x2_bal_100,strong_null,True,160,1062694068,0.0,0,0
100,100,0.09931722540191568,0.10357371875923616,0.09408098200931647,0.09833820735251209,-0.004256493357320479,-0.004257225343195614,0.06056903817739525,-0.07027506933251962,-0.07028715448191544,0.9439747252280305,0.9439651064589125,0.957,0.957,0.955,True,999,0.00011137500405311584,0.0008074580691754818,strong_2x2_bal_100,strong_null,True,161,1062694068,0.0,0,0
100,100,0.061312776413463665,0.12294936331960171,0.05611143187620371,0.1176933295493825,-0.06163658690613805,-0.06158189767317879,0.057268235011904256,-1.0762787938780678,-1.0753238276049166,0.28180258975192163,0.2822297718779814,0.298,0.297,0.297,True,999,0.00011312495917081833,0.0008150000358000398,strong_2x2_bal_100,strong_null,True,162,1062694068,0.0,0,0
100,100,0.081521341694757,0.09032867239504216,0.07630804452571738,0.0851127721272178,-0.008807330700285165,-0.008804727601500417,0.05600282960299237,-0.15726581607966766,-0.15721933452144637,0.8750353597978123,0.8750719910466701,0.863,0.863,0.863,True,999,0.00011587492190301418,0.0008165420731529593,strong_2x2_bal_100,strong_null,True,163,1062694068,0.0,0,0
100,100,0.019637106628919376,0.061312776413463665,0.014469996022114628,0.05611143187620371,-0.04167566978454429,-0.04164143585408908,0.0391208030629486,-1.0653071133914276,-1.064432030883532,0.28673697482421867,0.2871330298776653,0.249,0.256,0.256,True,999,0.00011562509462237358,0.0008047500159591436,strong_2x2_bal_100,strong_null,True,164,1062694068,0.0,0,0
100,100,0.05629717747453378,0.09315183546162487,0.05107052449953642,0.08792088207087545,-0.03685465798709109,-0.03685035757133903,0.05213756973660959,-0.7068733386169465,-0.70679085652632,0.47964519376554504,0.4796964575233308,0.504,0.503,0.503,True,999,0.00011791707947850227,0.0008129999041557312,strong_2x2_bal_100,strong_null,True,165,1062694068,0.0,0,0
100,100,0.03956405743651059,0.02077848484820599,0.03438288661810418,0.015608506129339617,0.0187855725883046,0.018774380488764564,0.034148386821598216,0.5501159596922183,0.5497882106949228,0.58223984078536,0.5824646457178613,0.615,0.611,0.611,True,999,0.00011712498962879181,0.0008405840490013361,strong_2x2_bal_100,strong_null,True,166,1062694068,0.0,0,0
100,100,0.10968995315980556,0.09162019972020741,0.10445839921948163,0.0864020829954768,0.018069753439598157,0.01805631622400483,0.0600503541538871,0.3009100228333706,0.3006862570324414,0.7634831072213142,0.7636537494028138,0.779,0.78,0.78,True,999,0.00011308304965496063,0.0008448750013485551,strong_2x2_bal_100,strong_null,True,167,1062694068,0.0,0,0
100,100,0.05879172279147726,0.06554999928391636,0.053599990936902486,0.060352174363487165,-0.006758276492439097,-0.006752183426584679,0.04827628911160394,-0.1399916318508964,-0.1398654194603721,0.8886666020958018,0.8887663239425179,0.909,0.908,0.908,True,999,0.00012233410961925983,0.0008154589449986815,strong_2x2_bal_100,strong_null,True,168,1062694068,0.0,0,0
100,100,0.03205505799747277,0.05199276349977677,0.026870426283565507,0.04680289384511127,-0.019937705502304004,-0.019932467561545764,0.040028210770383384,-0.4980913490406567,-0.4979604928105772,0.6184196577647355,0.6185118884583845,0.64,0.641,0.641,True,999,0.00011612498201429844,0.0008602499729022384,strong_2x2_bal_100,strong_null,True,169,1062694068,0.0,0,0
100,100,0.052947308024007156,0.11125010421168502,0.04775382201975731,0.10600933438439597,-0.05830279618767786,-0.05825551236463866,0.05444987360288478,-1.0707609096192456,-1.0698925178322591,0.2842769475951422,0.28466769135330927,0.288,0.289,0.289,True,999,0.00011670892126858234,0.0007892090361565351,strong_2x2_bal_100,strong_null,True,170,1062694068,0.0,0,0
100,100,0.049884488247439074,0.013953598165576064,0.044696008551284194,0.008773644161991001,0.03593089008186301,0.03592236438929319,0.03497210025496724,1.027415849202811,1.0271720636563995,0.30422469157860177,0.3043394502187724,0.287,0.29,0.29,True,999,0.00011899997480213642,0.0008053340716287494,strong_2x2_bal_100,strong_null,True,171,1062694068,0.0,0,0
100,100,0.09103835747329414,0.03321907830533244,0.08582259536504466,0.028043423464055195,0.0578192791679617,0.05777917190098947,0.04789722704881903,1.2071529549931912,1.2063155940551278,0.22737324429848826,0.2276958271676398,0.217,0.21,0.21,True,999,0.00011304195504635572,0.0007942500524222851,strong_2x2_bal_100,strong_null,True,172,1062694068,0.0,0,0
100,100,0.04509790960736104,0.019935500215221724,0.0399045516025609,0.014767190878743008,0.025162409392139318,0.025137360723817892,0.035474307130912104,0.709313625190242,0.7086075178594071,0.47812987501298143,0.47856806971801913,0.501,0.5,0.502,True,999,0.00010899989865720272,0.0007924999808892608,strong_2x2_bal_100,strong_null,True,173,1062694068,0.0,0,0
100,100,0.029932845473656045,0.033711571632115134,0.024753354740695954,0.028536268927354058,-0.003778726158459089,-0.003782914186658104,0.0351451590826363,-0.10751768542501758,-0.10763684915363145,0.9143782957087097,0.9142837653886033,0.908,0.908,0.908,True,999,0.00011258304584771395,0.0007922910153865814,strong_2x2_bal_100,strong_null,True,174,1062694068,0.0,0,0
100,100,0.06650310385474323,0.028406134711224995,0.06130558577169154,0.023226542182598564,0.03809696914351823,0.038079043589092976,0.04237210889210159,0.8991048626003066,0.8986818118035926,0.36859680828453245,0.3688221676456722,0.383,0.38,0.38,True,999,0.000110417022369802,0.0008190830703824759,strong_2x2_bal_100,strong_null,True,175,1062694068,0.0,0,0
100,100,0.047409059670513676,0.028899737350249977,0.04222012341793402,0.023727442927850007,0.0185093223202637,0.018492680490084012,0.038327391128276475,0.4829267470440542,0.48249254503630495,0.629147749572444,0.6294560930108737,0.654,0.654,0.654,True,999,0.00011058303061872721,0.0008014580234885216,strong_2x2_bal_100,strong_null,True,176,1062694068,0.0,0,0
100,100,0.10001934593897888,0.0672756133433352,0.09479500871306357,0.06206363740453469,0.03274373259564367,0.03273137130852888,0.05518065614790799,0.5933915049483341,0.5931674900855595,0.5529191727706916,0.5530690671287314,0.586,0.586,0.586,True,999,0.00010979198850691319,0.0008095839293673635,strong_2x2_bal_100,strong_null,True,177,1062694068,0.0,0,0
100,100,0.0320259368087773,0.016623691088607173,0.026848147873423045,0.011454391735654212,0.015402245720170127,0.015393756137768833,0.030791030351254498,0.5002185878311345,0.49994287174419466,0.6169211714714562,0.6171153037825594,0.647,0.637,0.637,True,999,0.0001526669366285205,0.0008124168962240219,strong_2x2_bal_100,strong_null,True,178,1062694068,0.0,0,0
100,100,0.04763194464340381,0.012089164002732633,0.04244147901501094,0.006918617973511232,0.03554278064067118,0.03552286104149971,0.033805133206541306,1.0514018809958021,1.0508126332312757,0.2930740522909834,0.2933446524122676,0.288,0.284,0.284,True,999,0.00011150003410875797,0.0007927499245852232,strong_2x2_bal_100,strong_null,True,179,1062694068,0.0,0,0
100,100,0.04106131032185378,0.05920485057744174,0.035877582907573924,0.05401158379129356,-0.018143540255587953,-0.018134000883719636,0.043565051792993026,-0.41647007196961827,-0.4162511035195486,0.6770660627261205,0.6772262683648408,0.696,0.696,0.696,True,999,0.00011124997399747372,0.0007970830192789435,strong_2x2_bal_100,strong_null,True,180,1062694068,0.0,0,0
100,100,0.07127035302181894,0.057778977696978706,0.06606490447397562,0.052586858872615494,0.013491375324840238,0.013478045601360122,0.049146246367049486,0.2745148678106502,0.27424364214306696,0.7836889794619811,0.7838973916626848,0.854,0.845,0.845,True,999,0.00010920804925262928,0.0008127079345285892,strong_2x2_bal_100,strong_null,True,181,1062694068,0.0,0,0
100,100,0.06548347911636199,0.052261794041927656,0.06028283510943311,0.04706800928239829,0.01322168507443433,0.013214825827034815,0.0470327500680044,0.28111656357149367,0.2809707237600942,0.7786209973384554,0.7787328547242608,0.793,0.793,0.793,True,999,0.00011291704140603542,0.0007916659815236926,strong_2x2_bal_100,strong_null,True,182,1062694068,0.0,0,0
100,100,0.02449100150881167,0.05345891130962599,0.019321222187500098,0.04824529444969983,-0.028967909800814318,-0.02892407226219973,0.03840683227096196,-0.7542384541491052,-0.7530970546630629,0.4507060510213239,0.45139159420281094,0.443,0.45,0.45,True,999,0.00011266593355685472,0.0007874580333009362,strong_2x2_bal_100,strong_null,True,183,1062694068,0.0,0,0
100,100,0.040794829905367314,0.03895131231666282,0.03561094977699497,0.03376976820118216,0.0018435175887044908,0.0018411815758128114,0.0391120633126294,0.04713424535977404,0.04707451921152645,0.9624062338083204,0.9624538355406662,0.962,0.962,0.956,True,999,0.00010933401063084602,0.0008296250598505139,strong_2x2_bal_100,strong_null,True,184,1062694068,0.0,0,0
100,100,0.05901705585352923,0.07556761288570846,0.053820261823716464,0.0703592093314569,-0.016550557032179225,-0.01653894750774043,0.050002637766134825,-0.3309936789652402,-0.3307615007251023,0.7406492601611885,0.7408246434864989,0.761,0.761,0.761,True,999,0.00010874995496124029,0.0008219160372391343,strong_2x2_bal_100,strong_null,True,185,1062694068,0.0,0,0
100,100,0.052261794041927656,0.03424862299807008,0.04706800928239829,0.02906604376374844,0.01801317104385758,0.018001965518649854,0.0406177067352322,0.4434807499418173,0.4432048721016239,0.6574180399739993,0.6576175551653409,0.668,0.661,0.661,True,999,0.00010850001126527786,0.0008107919711619616,strong_2x2_bal_100,strong_null,True,186,1062694068,0.0,0,0
100,100,0.06675800233781137,0.04516710103441712,0.06155777012062913,0.039984297889105846,0.02159090130339425,0.021573472231523283,0.04589076795166284,0.4704846370436891,0.470104842312659,0.638008807758798,0.6382801147522412,0.626,0.626,0.626,True,999,0.00015579198952764273,0.0008061249973252416,strong_2x2_bal_100,strong_null,True,187,1062694068,0.0,0,0
100,100,0.03833524446458347,0.08045746664032816,0.033155994600974736,0.0752484053593605,-0.042122222175744684,-0.04209241075838577,0.04710204813642651,-0.8942758084264565,-0.893642897151079,0.3711743401591793,0.3715129868076318,0.387,0.387,0.387,True,999,0.00011133297812193632,0.0007937080226838589,strong_2x2_bal_100,strong_null,True,188,1062694068,0.0,0,0
100,100,0.0007397688914094758,0.03979716486732965,-0.004415473771757661,0.03461814323193835,-0.03905739597592017,-0.03903361700369601,0.027904375102996207,-1.3996871756402967,-1.3988350163593095,0.16160701577921255,0.16186246313073238,0.1,0.093,0.093,True,999,0.00011066603474318981,0.0008042911067605019,strong_2x2_bal_100,strong_null,True,189,1062694068,0.0,0,0
100,100,0.03448819381301116,0.025267827601885617,0.029312193363125516,0.020077180421580465,0.009220366211125541,0.009235012941545051,0.03410123104886478,0.27038220989480916,0.27081171727530584,0.7868662250321019,0.786535847443881,0.78,0.779,0.776,True,999,0.00010954099707305431,0.0007929999846965075,strong_2x2_bal_100,strong_null,True,190,1062694068,0.0,0,0
100,100,0.049970404015362346,0.07916172079330497,0.04476625192380368,0.07393844187591014,-0.029191316777942622,-0.029172189952106464,0.04881956977619923,-0.5979429337817337,-0.597551147743392,0.5498780110562096,0.5501394690803534,0.553,0.552,0.552,True,999,0.00010933296289294958,0.0007959159556776285,strong_2x2_bal_100,strong_null,True,191,1062694068,0.0,0,0
100,100,0.03609582293722302,0.10876762205874413,0.030912397101076294,0.1035163865703197,-0.07267179912152111,-0.0726039894692434,0.05125383520284416,-1.4178802197711133,-1.4165572036102867,0.15622573825694527,0.1566124283820064,0.136,0.14,0.14,True,999,0.00011074997019022703,0.0008100420236587524,strong_2x2_bal_100,strong_null,True,192,1062694068,0.0,0,0
100,100,0.08348437420425292,0.030237614093372445,0.07824483280955974,0.025061670521978385,0.053246760110880476,0.053183162287581354,0.0458630492021943,1.1609947667485856,1.1596080769317192,0.24564402766118787,0.2462084110227314,0.238,0.237,0.237,True,999,0.00011191598605364561,0.0008241250179708004,strong_2x2_bal_100,strong_null,True,193,1062694068,0.0,0,0
100,100,0.080570512189312,0.040267259181623105,0.07535112270525701,0.03508650452536699,0.04030325300768889,0.04026461817989002,0.047451859506467756,0.8493503400471692,0.8485361500828412,0.39568637726124545,0.39613944879906937,0.403,0.403,0.403,True,999,0.0001139170490205288,0.0008128749905154109,strong_2x2_bal_100,strong_null,True,194,1062694068,0.0,0,0
100,100,0.02629690225786996,0.014304049727698498,0.021118526247178693,0.009126958946154673,0.01199285253017146,0.01199156730102402,0.028136218422877286,0.42624251596014723,0.4261968371440347,0.6699311401560866,0.6699644219889673,0.669,0.685,0.685,True,999,0.00010850001126527786,0.0008485420839861035,strong_2x2_bal_100,strong_null,True,195,1062694068,0.0,0,0
100,100,0.05921375823659547,0.04763194464340381,0.053998209389334306,0.04244147901501094,0.011581813593191659,0.011556730374323365,0.044753076103447205,0.2587936875315604,0.25823320720144155,0.7957944286233052,0.7962269311560224,0.787,0.787,0.787,True,999,0.00012645905371755362,0.0007943749660626054,strong_2x2_bal_100,strong_null,True,196,1062694068,0.0,0,0
100,100,0.03909782630882219,0.038646286017684606,0.03391838522981061,0.03345405200131779,0.00045154029113758654,0.0004643332284928192,0.03858614192430779,0.01170213627533292,0.0120336785523589,0.9906632592335236,0.9903987453993184,0.996,0.996,0.996,True,999,0.00011062505654990673,0.0007893339497968554,strong_2x2_bal_100,strong_null,True,197,1062694068,0.0,0,0
100,100,0.07078772604321837,0.20218415602910367,0.06558415920513028,0.1967915713231605,-0.1313964299858853,-0.13120741211803022,0.0665258621331614,-1.9751180333879148,-1.972276764416808,0.04825475480935932,0.04857802063108947,0.061,0.064,0.064,True,999,0.00011024996638298035,0.0008037909865379333,strong_2x2_bal_100,strong_null,True,198,1062694068,0.0,0,0
100,100,0.0014193823511252646,0.015090087403158647,-0.0037391688737784534,0.009924578542396034,-0.013670705052033383,-0.013663747416174488,0.0180561932588734,-0.7571200006576776,-0.7567346682811826,0.4489779725452341,0.4492088403856289,0.393,0.38,0.38,True,999,0.0001088329590857029,0.0007842920022085309,strong_2x2_bal_100,strong_null,True,199,1062694068,0.0,0,0
100,100,0.04669225475435179,0.020293513000476215,0.04150132693094122,0.01511245216777013,0.026398741753875576,0.02638887476317109,0.03581706714772063,0.7370436458406554,0.7367681629077901,0.4610958076930458,0.4612633471968324,0.458,0.461,0.461,True,999,0.00010791595559567213,0.0007923749508336186,strong_2x2_bal_100,strong_null,True,200,1062694068,0.0,0,0
100,100,0.048434042485347883,0.0002914426911101442,0.04323586249137179,-0.004865567087094291,0.04814259979423774,0.04810142957846608,0.03062896623773881,1.571799695117359,1.570455535622974,0.11599701228395996,0.11630917105860887,0.052,0.051,0.051,True,999,0.00010991597082465887,0.0007852079579606652,strong_2x2_bal_100,strong_null,True,201,1062694068,0.0,0,0
100,100,0.02857462856915305,0.08209242490492885,0.02338428328751263,0.0768826448276343,-0.0535177963357758,-0.053498361540121664,0.04533837558116481,-1.180408332891596,-1.1799796718422086,0.23783784932944507,0.23800830004911,0.223,0.234,0.234,True,999,0.00010895798914134502,0.0008196659618988633,strong_2x2_bal_100,strong_null,True,202,1062694068,0.0,0,0
100,100,0.03979716486732965,0.05879172279147726,0.034618143231881504,0.053599990936902486,-0.018994557924147615,-0.018981847705020982,0.04324154458215372,-0.4392664070558406,-0.43897247169230413,0.6604685122217333,0.6606814831340908,0.667,0.663,0.663,True,999,0.00011320901103317738,0.0008320839842781425,strong_2x2_bal_100,strong_null,True,203,1062694068,0.0,0,0
100,100,0.034040980571866775,0.09462527168380286,0.028865908768068493,0.08938302422981792,-0.060584291111936084,-0.06051711546174943,0.04849893671520367,-1.2491880279293597,-1.2478029326110618,0.2115963097895276,0.2121032344774475,0.225,0.223,0.224,True,999,0.00011108396574854851,0.0008479590760543942,strong_2x2_bal_100,strong_null,True,204,1062694068,0.0,0,0
100,100,0.034206006545573486,0.007542471592880906,0.02903104905192322,0.0023811246530982544,0.02666353495269258,0.026649924398824965,0.028463159284246753,0.936773556526798,0.9362953751087869,0.34887505026547116,0.34912112872824097,0.326,0.332,0.332,True,999,0.00011479202657938004,0.0008048330200836062,strong_2x2_bal_100,strong_null,True,205,1062694068,0.0,0,0
100,100,0.011569786638414237,0.03399183196071365,0.006401695170282551,0.028815487930302197,-0.02242204532229941,-0.022413792760019646,0.029760225168470694,-0.7534232417721867,-0.753145940030246,0.451195620713576,0.4513622207657526,0.471,0.454,0.454,True,999,0.00010958395432680845,0.0007857499876990914,strong_2x2_bal_100,strong_null,True,206,1062694068,0.0,0,0
100,100,0.036850479774427236,0.020135513550688655,0.0316641156819486,0.01496948243271845,0.01671496622373858,0.01669463324923015,0.033260090195598974,0.5025532440062453,0.5019419114936499,0.6152784091111381,0.6157083825095622,0.636,0.626,0.628,True,999,0.00010866706725209951,0.0007976660272106528,strong_2x2_bal_100,strong_null,True,207,1062694068,0.0,0,0
100,100,0.007229087764684783,0.05737869124476602,0.0020703576966241144,0.05218472349366721,-0.05014960348008124,-0.05011436579704309,0.03501632621325351,-1.4321777554465396,-1.4311714339145905,0.1520929561637432,0.15238108840131126,0.124,0.122,0.122,True,999,0.00010758393909782171,0.0007887919200584292,strong_2x2_bal_100,strong_null,True,208,1062694068,0.0,0,0
100,100,0.08913773294657823,0.027950305716144652,0.08389939134754343,0.022759430623835897,0.06118742723043358,0.06113996072370753,0.04625189873368513,1.3229170889339281,1.3218908282175985,0.18586295167225242,0.18620450699608182,0.147,0.168,0.168,True,999,0.00010758405551314354,0.0007899999618530273,strong_2x2_bal_100,strong_null,True,209,1062694068,0.0,0,0
100,100,0.022979168343198686,0.08562201045193629,0.017808977342284038,0.08039508043167132,-0.0626428421087376,-0.06258610308938728,0.04474238717791354,-1.4000782269315388,-1.3988101001522342,0.16148989430986194,0.1618699367160853,0.169,0.17,0.17,True,999,0.0001099579967558384,0.0007867910899221897,strong_2x2_bal_100,strong_null,True,210,1062694068,0.0,0,0
100,100,0.013496852612789878,0.012164114651841973,0.008332045241843389,0.006997099542417118,0.001332737960947905,0.001334945699426271,0.022505788988483887,0.059217562273860345,0.059315658744928106,0.9527788215174935,0.9527006891994588,0.9,0.9,0.9,True,999,0.00012258300557732582,0.0008241250179708004,strong_2x2_bal_100,strong_null,True,211,1062694068,0.0,0,0
100,100,0.023770755349350803,0.08255001320795574,0.018600276937249305,0.07734033821611774,-0.05877925785860494,-0.05874006127886844,0.0444489225699944,-1.322400059664986,-1.3215182254726099,0.18603496901291994,0.1863286296285972,0.181,0.182,0.182,True,999,0.00011204194743186235,0.0008304590592160821,strong_2x2_bal_100,strong_null,True,212,1062694068,0.0,0,0
100,100,0.058386195386126105,0.09255801220676119,0.053194310284851554,0.08733498644816962,-0.03417181682063508,-0.03414067616331806,0.05263325820113591,-0.649243804935063,-0.6486521513232341,0.5161808018394543,0.5165632385772623,0.492,0.493,0.493,True,999,0.00010712502989917994,0.0008545420132577419,strong_2x2_bal_100,strong_null,True,213,1062694068,0.0,0,0
100,100,0.03592806366251644,0.06486858418704666,0.03074662889338242,0.05965064322046487,-0.028940520524530222,-0.02890401432708245,0.04346600923301351,-0.665819591796092,-0.6649797125872126,0.505526420623994,0.5060634691014104,0.477,0.481,0.481,True,999,0.00010908301919698715,0.0008199999574571848,strong_2x2_bal_100,strong_null,True,214,1062694068,0.0,0,0
100,100,0.04516710103441712,0.1438157650294254,0.039984297889105846,0.13854599902136044,-0.09864866399500827,-0.0985617011322546,0.057460507600988954,-1.7168080846071472,-1.7152946475286315,0.08601424330260576,0.08629121940833896,0.071,0.071,0.071,True,999,0.00010800000745803118,0.0008204590994864702,strong_2x2_bal_100,strong_null,True,215,1062694068,0.0,0,0
100,100,0.0892511403303553,0.025252912162523122,0.08403255677333732,0.020073573065801043,0.06399822816783218,0.06395898370753628,0.04600216171832199,1.3912004518331715,1.3903473514824487,0.16416465028169913,0.16442342550933842,0.19,0.177,0.177,True,999,0.00010766694322228432,0.0008302080677822232,strong_2x2_bal_100,strong_null,True,216,1062694068,0.0,0,0
100,100,0.0747907071431303,0.0749012577510274,0.06955804872060867,0.0696926781604219,-0.00011055060789710858,-0.0001346294398132386,0.05235747223006812,-0.002111458082073355,-0.002571351023625677,0.998315301447334,0.9979483609786982,0.999,0.999,0.999,True,999,0.00010779197327792645,0.0008183750323951244,strong_2x2_bal_100,strong_null,True,217,1062694068,0.0,0,0
100,100,0.00792615846148248,0.016608123414586395,0.002758653512543674,0.011422359292822648,-0.008681964953103916,-0.008663705780278974,0.021982297500585148,-0.39495257276327966,-0.3941219419875632,0.692877889867199,0.6934910120173614,0.723,0.703,0.703,True,999,0.00011137500405311584,0.0008229580707848072,strong_2x2_bal_100,strong_null,True,218,1062694068,0.0,0,0
100,100,0.09162019972020741,0.041881854625461123,0.0864020829954768,0.03669722727097735,0.049738345094746284,0.04970485572449945,0.04964622437640488,1.0018555432864937,1.0011809830219927,0.3164133666707155,0.3167393187095091,0.314,0.308,0.308,True,999,0.00011595792602747679,0.0008378330385312438,strong_2x2_bal_100,strong_null,True,219,1062694068,0.0,0,0
100,100,0.027060842390670747,0.09940802347010158,0.02187701283681065,0.0941835867574099,-0.07234718107943083,-0.07230657392059925,0.04807363348851436,-1.5049243385506914,-1.5040796518506254,0.13234353013753244,0.13256085892306804,0.136,0.133,0.133,True,999,0.00013375002890825272,0.0008203750476241112,strong_2x2_bal_100,strong_null,True,220,1062694068,0.0,0,0
100,100,0.07724391409191234,0.09219219289364067,0.07201722225151741,0.08696106002729209,-0.014948278801728332,-0.014943837775774682,0.055747837825282746,-0.2681409608849259,-0.268061298136972,0.7885908176459626,0.7886521355340446,0.814,0.804,0.804,True,999,0.00011979194823652506,0.0008410830050706863,strong_2x2_bal_100,strong_null,True,221,1062694068,0.0,0,0
100,100,0.02717539821732995,0.034040980571866775,0.021983839676138928,0.028865908768068493,-0.0068655823545368255,-0.006882069091929566,0.03440034089446562,-0.19957890462769717,-0.20005816550023675,0.8418099275181022,0.8414350909985977,0.842,0.842,0.842,True,999,0.0001140000531449914,0.0008651249809190631,strong_2x2_bal_100,strong_null,True,222,1062694068,0.0,0,0
100,100,0.04461546492319102,0.08324216141137719,0.03943237260273236,0.07802926120876919,-0.038626696488186174,-0.03859688860603683,0.04872339946946091,-0.7927750712960167,-0.79216329374203,0.42790888298713436,0.4282654683582995,0.393,0.391,0.391,True,999,0.00011312495917081833,0.0008044589776545763,strong_2x2_bal_100,strong_null,True,223,1062694068,0.0,0,0
100,100,0.10616714366341595,0.040794829905367314,0.10093509828587344,0.03561094977699497,0.06537231375804864,0.06532414850887847,0.05177691458485294,1.2625764644765636,1.2616462188341502,0.20674143048911253,0.20707611717636598,0.211,0.214,0.214,True,999,0.0001087910495698452,0.0008122919825837016,strong_2x2_bal_100,strong_null,True,224,1062694068,0.0,0,0
100,100,0.0749012577510274,0.01063859765554176,0.06969267816045033,0.00547484126730069,0.06426266009548565,0.06421783689314964,0.03989283036692091,1.6108824443996377,1.6097588539718906,0.10720534708223158,0.10745051099302223,0.074,0.079,0.079,True,999,0.00012212491128593683,0.0008098330581560731,strong_2x2_bal_100,strong_null,True,225,1062694068,0.0,0,0
100,100,0.0742358884664911,0.016089962743297548,0.06902712915848497,0.010922942861185447,0.05814592572319355,0.05810418629729952,0.04108096933925763,1.4153980945047557,1.414382066242391,0.15695180801049066,0.15724975279001374,0.142,0.141,0.141,True,999,0.00011066603474318981,0.0007879579206928611,strong_2x2_bal_100,strong_null,True,226,1062694068,0.0,0,0
100,100,0.06986929621782778,0.05879803751602253,0.06465811174034286,0.05360461857233645,0.011071258701805253,0.011053493168006412,0.04894547286679345,0.22619576547837245,0.22583279965623826,0.8210491639307662,0.8213314655553668,0.836,0.834,0.834,True,999,0.00010974996257573366,0.0007886249804869294,strong_2x2_bal_100,strong_null,True,227,1062694068,0.0,0,0
100,100,0.04558878723206372,0.03205505799747277,0.04038694516438568,0.026870426283565507,0.013533729234590952,0.013516518880820172,0.038448961016996956,0.3519920662773737,0.3515444507029718,0.7248442124107917,0.7251799308927278,0.629,0.629,0.629,True,999,0.00010887498501688242,0.0007885829545557499,strong_2x2_bal_100,strong_null,True,228,1062694068,0.0,0,0
100,100,0.07385998717818298,0.08125530193798935,0.06865730333458941,0.07604643239656639,-0.007395314759806371,-0.007389129061976973,0.05346717100964629,-0.13831505613925493,-0.13819936462776125,0.8899914268005354,0.8900828572331384,0.908,0.908,0.908,True,999,0.00011470797471702099,0.0008181249722838402,strong_2x2_bal_100,strong_null,True,229,1062694068,0.0,0,0
100,100,0.06622639858617951,0.012939815947145883,0.06102599681521781,0.007776461045125416,0.05328658263903363,0.05324953577009239,0.03860446954212433,1.3803215863616132,1.3793619340368788,0.1674876514606196,0.16778318965963468,0.162,0.16,0.16,True,999,0.00010854203719645739,0.0008077090606093407,strong_2x2_bal_100,strong_null,True,230,1062694068,0.0,0,0
100,100,0.06486858418704666,0.04388246162218301,0.05965064322046487,0.038698974724681534,0.020986122564863652,0.020951668495783338,0.04515788799469692,0.46472772524986417,0.4639647562402338,0.6421264510462323,0.6426729964180278,0.651,0.654,0.654,True,999,0.00010775006376206875,0.0008374589961022139,strong_2x2_bal_100,strong_null,True,231,1062694068,0.0,0,0
100,100,0.03755685578123669,0.06833399126600037,0.03237710797134241,0.06312943401744064,-0.030777135484763685,-0.030752326046098233,0.04462945982775945,-0.6896147881588376,-0.6890588899077452,0.49043646513450156,0.490786209071323,0.459,0.456,0.456,True,999,0.0001082499511539936,0.0007901659701019526,strong_2x2_bal_100,strong_null,True,232,1062694068,0.0,0,0
100,100,0.009671997345269578,0.05199276349977677,0.004510824925830548,0.04680289384511127,-0.042320766154507194,-0.04229206891928072,0.03430048640599325,-1.2338240820722757,-1.2329874398484075,0.21726846365289154,0.21758045027389938,0.206,0.206,0.206,True,999,0.00010649999603629112,0.000799915986135602,strong_2x2_bal_100,strong_null,True,233,1062694068,0.0,0,0
100,100,0.02440927043779595,0.01556843327428814,0.019240497564368297,0.010403615816500178,0.008840837163507809,0.00883688174786812,0.02798154064552037,0.3159524800834424,0.3158111220470927,0.7520385772525708,0.7521458756728723,0.734,0.729,0.729,True,999,0.00010750000365078449,0.0008083329303190112,strong_2x2_bal_100,strong_null,True,234,1062694068,0.0,0,0
100,100,0.06453060184189918,0.06675800233781137,0.05932963786189305,0.06155777012062913,-0.0022274004959121907,-0.002228132258736082,0.04951017844418672,-0.04498873900087352,-0.04500351904907546,0.9641162848426525,0.9641045040024716,0.9,0.9,0.9,True,999,0.00011491600889712572,0.0007902079960331321,strong_2x2_bal_100,strong_null,True,235,1062694068,0.0,0,0
100,100,0.029932845473656045,0.015740935765435338,0.024753354740667532,0.010575392507249148,0.014191909708220707,0.014177962233418384,0.029891939787885145,0.47477379550899945,0.47430719899832485,0.6349482125315001,0.6352808586374346,0.646,0.639,0.639,True,999,0.00011966691818088293,0.000794125022366643,strong_2x2_bal_100,strong_null,True,236,1062694068,0.0,0,0
100,100,0.039534547637448014,0.06232920600993286,0.03435537000655131,0.057110405483683735,-0.022794658372484844,-0.022755035477132424,0.043794602167812564,-0.5204901344951156,-0.5195853906821546,0.6027220022341997,0.6033525827250785,0.599,0.596,0.596,True,999,0.00011537503451108932,0.0007955000037327409,strong_2x2_bal_100,strong_null,True,237,1062694068,0.0,0,0
100,100,0.08460565016983379,0.03159772359861934,0.07938719564293706,0.026417062510020628,0.05300792657121445,0.05297013313291643,0.046400517217983106,1.1423994763289094,1.1415849716517208,0.2532880088498244,0.2536265737173825,0.24,0.248,0.248,True,999,0.00013916695024818182,0.0008224999764934182,strong_2x2_bal_100,strong_null,True,238,1062694068,0.0,0,0
100,100,0.0029414851249496277,0.05142768388279051,-0.002215677530529092,0.0462399154987736,-0.04848619875784088,-0.04845559302930269,0.03216216610132404,-1.507553894382904,-1.506602287813814,0.13166874042811877,0.13191263064435838,0.108,0.093,0.093,True,999,0.00011058407835662365,0.0008426669519394636,strong_2x2_bal_100,strong_null,True,239,1062694068,0.0,0,0
100,100,0.11663591588175992,0.04708771731490691,0.11132462057858561,0.04188216263212041,0.06954819856685301,0.0694424579464652,0.0536101631169129,1.2972950374200969,1.2953226386389698,0.19452969124337782,0.19520895275265449,0.165,0.185,0.185,True,999,0.00010733399540185928,0.0008575000101700425,strong_2x2_bal_100,strong_null,True,240,1062694068,0.0,0,0
100,100,0.05879172279147726,0.03410919992811057,0.053599990936902486,0.02892082650986083,0.024682522863366696,0.024679164427041655,0.04205644077046767,0.5868904360708275,0.586810580613173,0.5572772934308774,0.5573309299470917,0.577,0.572,0.572,True,999,0.00011595897376537323,0.0008061249973252416,strong_2x2_bal_100,strong_null,True,241,1062694068,0.0,0,0
100,100,0.05247954414889877,0.019935500215221724,0.04728988711309512,0.014767190878743008,0.03254404393367705,0.03252269623435211,0.037199836748870486,0.874843729916777,0.8742698645133062,0.38165893963263164,0.3819713066169709,0.365,0.363,0.363,True,999,0.00011229200754314661,0.0007978329667821527,strong_2x2_bal_100,strong_null,True,242,1062694068,0.0,0,0
100,100,0.08655600899037519,0.05879172279147726,0.08132927475018903,0.053599990936902486,0.027764286198897925,0.027729283813286543,0.05168769705380669,0.5371546379788484,0.5364774480940884,0.5911608021489323,0.5916286179425307,0.577,0.577,0.577,True,999,0.00011683302000164986,0.0007970420410856605,strong_2x2_bal_100,strong_null,True,243,1062694068,0.0,0,0
100,100,0.04297030740593155,0.035410008782013724,0.03778631239838148,0.030222823831039136,0.007560298623917827,0.007563488567342347,0.03880536040001747,0.19482614118214514,0.19490834486203978,0.8455290567079433,0.8454647012276334,0.869,0.865,0.865,True,999,0.00010904099326580763,0.0007931670406833291,strong_2x2_bal_100,strong_null,True,244,1062694068,0.0,0,0
100,100,0.009306744224331087,0.08806985992025163,0.004137205132934696,0.08285103005088956,-0.07876311569592054,-0.07871382491795487,0.04232622924242973,-1.860858316595914,-1.8596937720842037,0.06276418755126725,0.06292886366838893,0.031,0.032,0.032,True,999,0.00011249992530792952,0.0007967910496518016,strong_2x2_bal_100,strong_null,True,245,1062694068,0.0,0,0
100,100,0.099496845428655,0.01947051576946246,0.09426825239016523,0.014301663158079236,0.08002632965919254,0.079966589232086,0.04657342126782126,1.7182832499892966,1.717000534966859,0.085744963054849,0.08597907424345262,0.081,0.081,0.081,True,999,0.00011091702617704868,0.0008289580000564456,strong_2x2_bal_100,strong_null,True,246,1062694068,0.0,0,0
100,100,0.024220921907809778,0.039534547637448014,0.019048678602729296,0.03435537000655131,-0.015313625729638236,-0.015306691403822015,0.03509839385336553,-0.4363055983021809,-0.43610803012156296,0.6626150206144474,0.662758351264136,0.676,0.676,0.676,True,999,0.00010995904449373484,0.0007934169843792915,strong_2x2_bal_100,strong_null,True,247,1062694068,0.0,0,0
100,100,0.028899737350249977,0.04553574499710511,0.023727442927850007,0.040353131483556126,-0.016636007646855133,-0.01662568855570612,0.037818595249814825,-0.43988962405832854,-0.4396167664579642,0.6600170512195804,0.6602146951849146,0.692,0.681,0.681,True,999,0.00012295797932893038,0.0008064169669523835,strong_2x2_bal_100,strong_null,True,248,1062694068,0.0,0,0
100,100,0.12421200204847938,0.07689873251463208,0.11895699376772484,0.07167489194772259,0.04731326953384729,0.047282101820002254,0.059907550847987545,0.7897713871478802,0.7892511236184275,0.4296612920169506,0.42996524715020346,0.455,0.447,0.448,True,999,0.00010991597082465887,0.000834417063742876,strong_2x2_bal_100,strong_null,True,249,1062694068,0.0,0,0
100,100,0.027310859674026577,0.020068881968934305,0.022128113288488294,0.014902775810469393,0.007241977705092273,0.007225337478018901,0.030418822739953125,0.2380755418118273,0.23752850462976316,0.8118225042067597,0.8122468083466301,0.817,0.814,0.814,True,999,0.00011008302681148052,0.0008229999803006649,strong_2x2_bal_100,strong_null,True,250,1062694068,0.0,0,0
100,100,0.08255001320795574,0.014293192798176868,0.07734033821611774,0.009123503718413417,0.06825682040977887,0.06821683449770433,0.04235267921500491,1.6116293390382852,1.6106852213858562,0.1070426223458629,0.1072483484322033,0.088,0.087,0.087,True,999,0.00011445896234363317,0.0008052500197663903,strong_2x2_bal_100,strong_null,True,251,1062694068,0.0,0,0
100,100,0.05376225482022501,0.06617185638282819,0.048566752437025684,0.06097514953060568,-0.012409601562603179,-0.012408397093579993,0.047511404622723075,-0.26119205822570213,-0.26116670706985334,0.7939444022288166,0.793963951258194,0.809,0.805,0.805,True,999,0.00011929194442927837,0.000801415997557342,strong_2x2_bal_100,strong_null,True,252,1062694068,0.0,0,0
100,100,0.11626044341766228,0.03432252655653312,0.11099534729844152,0.029146412337979655,0.08193791686112917,0.08184893496046186,0.05179139126649334,1.582075994821542,1.5803579119801396,0.11363222292997177,0.11402492436901793,0.104,0.104,0.104,True,999,0.00012012501247227192,0.0008065419970080256,strong_2x2_bal_100,strong_null,True,253,1062694068,0.0,0,0
100,100,0.06707733961080531,0.015258532516596812,0.06187720775957928,0.010082871045526076,0.0518188070942085,0.0517943367140532,0.03934050793005108,1.3171870375020145,1.3165650226516012,0.18777593781169177,0.18798446957833037,0.176,0.185,0.185,True,999,0.0001194999786093831,0.0008051659679040313,strong_2x2_bal_100,strong_null,True,254,1062694068,0.0,0,0
100,100,0.07556761288570846,0.05220314090689748,0.0703592093314569,0.04701571431220941,0.023364471978810974,0.023343495019247484,0.04878578825795388,0.4789196364988877,0.47848965554926004,0.6319958008386171,0.632301735170389,0.576,0.577,0.577,True,999,0.0001176249934360385,0.000833209021948278,strong_2x2_bal_100,strong_null,True,255,1062694068,0.0,0,0
100,100,0.06263305580710976,0.1064164165147079,0.0574245818015271,0.1011552531655866,-0.04378336070759814,-0.043730671364059504,0.05508988061562336,-0.7947623087638582,-0.7938058836827029,0.4267517797332282,0.42730844688061753,0.41,0.407,0.407,True,999,0.00011341704521328211,0.0008367920527234674,strong_2x2_bal_100,strong_null,True,256,1062694068,0.0,0,0
100,100,0.007264441408790345,0.028350337108182133,0.002104541799752724,0.023175835961268376,-0.021085895699391788,-0.021071294161515652,0.026371206442634704,-0.7995802446604006,-0.7990265522114829,0.42395403715009505,0.4242750159469718,0.396,0.39,0.39,True,999,0.00011016603093594313,0.0008195830741897225,strong_2x2_bal_100,strong_null,True,257,1062694068,0.0,0,0
100,100,0.020168903711830666,0.030237614093372445,0.015002401593903869,0.025061670521978385,-0.010068710381541779,-0.010059268928074516,0.031312187987154995,-0.32155882513455153,-0.32125729866597214,0.7477869410872431,0.7480154133637542,0.717,0.721,0.721,True,999,0.0001717080594971776,0.0008185409242287278,strong_2x2_bal_100,strong_null,True,258,1062694068,0.0,0,0
100,100,0.02047116048473807,0.0503740097885359,0.015303456355695744,0.0451734426386281,-0.02990284930379783,-0.02986998628293236,0.036844235154252586,-0.811601847035395,-0.8107099023192709,0.4170201311115952,0.4175322853685235,0.415,0.412,0.412,True,999,0.00011145800817757845,0.0007907500257715583,strong_2x2_bal_100,strong_null,True,259,1062694068,0.0,0,0
100,100,0.09463373831963118,0.03575917450220467,0.08935753048920958,0.030577628704449467,0.058874563817426506,0.058779901784760114,0.04850268106456633,1.2138414315500048,1.211889744950652,0.22480828165144517,0.22555458821210017,0.209,0.227,0.227,True,999,0.00010941701475530863,0.0007968330755829811,strong_2x2_bal_100,strong_null,True,260,1062694068,0.0,0,0
100,100,0.05326063896886857,0.052772083710488804,0.04804694007323462,0.047582552563653735,0.0004885552583797637,0.00046438750958088804,0.044633099951641775,0.010946030163916336,0.0104045542452582,0.9912665059319145,0.9916985165851101,0.991,0.991,0.991,True,999,0.00010933401063084602,0.0007885419763624668,strong_2x2_bal_100,strong_null,True,261,1062694068,0.0,0,0
100,100,0.044615464923190795,0.04516710103441712,0.03943237260273236,0.039984297889105846,-0.0005516361112263279,-0.0005519252863734891,0.041422388325718366,-0.013317341986382462,-0.01332432311805665,0.9893746125106363,0.9893690428676299,0.994,0.994,1.0,True,999,0.00010858301538974047,0.0007834170246496797,strong_2x2_bal_100,strong_null,True,262,1062694068,0.0,0,0
100,100,0.1256639253159163,0.019175522945859003,0.12039412638668523,0.014007866148531889,0.1064884023700573,0.10638626023815334,0.0503843428917601,2.113521706511578,2.111494447128174,0.034556139135945685,0.03472983470356005,0.016,0.017,0.017,True,999,0.00011150003410875797,0.0007922910153865814,strong_2x2_bal_100,strong_null,True,263,1062694068,0.0,0,0
100,100,0.07574288624862546,0.06469975372075076,0.07052801354556948,0.0594869182579032,0.0110431325278747,0.01104109528766628,0.05100419174234348,0.21651421482495004,0.21647427222143403,0.828586946104233,0.8286180775143182,0.843,0.843,0.843,True,999,0.00011066591832786798,0.0008423749823123217,strong_2x2_bal_100,strong_null,True,264,1062694068,0.0,0,0
100,100,0.021782874767872773,0.07276017128216583,0.016610213970380983,0.06755718170455793,-0.05097729651429306,-0.05094696773417695,0.04212487114209371,-1.210147239200774,-1.209427265957086,0.22622239924906473,0.22649873872878978,0.234,0.233,0.233,True,999,0.00010970793664455414,0.0008320000488311052,strong_2x2_bal_100,strong_null,True,265,1062694068,0.0,0,0
100,100,0.02913203618848237,0.013338005780986317,0.023959930575273347,0.0081479002416458,0.01579403040749605,0.015812030333627547,0.028821206777831225,0.5480003155053365,0.5486248530644416,0.5836916861957444,0.5832629264360374,0.596,0.581,0.581,True,999,0.00011216604616492987,0.0009126249933615327,strong_2x2_bal_100,strong_null,True,266,1062694068,0.0,0,0
100,100,0.03979716486732965,0.04620082918151336,0.03461814323193835,0.04101419296897291,-0.00640366431418371,-0.006396049737034559,0.0405437023384515,-0.1579447348129946,-0.15775692322426532,0.8745003471690522,0.8746483437950964,0.854,0.855,0.855,True,999,0.0001252919901162386,0.0008164169266819954,strong_2x2_bal_100,strong_null,True,267,1062694068,0.0,0,0
100,100,0.07534538571423399,0.06718384749826734,0.070136923885741,0.06198374887691216,0.008161538215966657,0.008153175008828839,0.05136140910558546,0.15890409469079586,0.15874126412824985,0.8737444345921511,0.8738727262810804,0.877,0.878,0.878,True,999,0.00011083402205258608,0.0007901249919086695,strong_2x2_bal_100,strong_null,True,268,1062694068,0.0,0,0
100,100,0.09344891149680001,0.07775536194807608,0.08821455965207292,0.0725411145258903,0.01569354954872393,0.015673445126182628,0.05621710770792313,0.27915967556104115,0.2788020544851624,0.7801222881498187,0.7803967377009574,0.77,0.77,0.77,True,999,0.00011545908637344837,0.0008134999079629779,strong_2x2_bal_100,strong_null,True,269,1062694068,0.0,0,0
100,100,0.024656174646824236,0.0743517013374243,0.019484350295542185,0.0691471279678808,-0.04969552669060007,-0.04966277767233862,0.04306094606936442,-1.15407419545656,-1.1533136683142002,0.24846975165010965,0.24878166193945417,0.231,0.238,0.238,True,999,0.00010841595940291882,0.0007882079808041453,strong_2x2_bal_100,strong_null,True,270,1062694068,0.0,0,0
100,100,0.06028062150382729,0.0741310382070608,0.0550789066085855,0.06891575917124726,-0.013850416703233503,-0.013836852562661761,0.05011404141941884,-0.27637796335991704,-0.2761072978899698,0.7822577805000129,0.7824656555710318,0.794,0.784,0.784,True,999,0.00010795798152685165,0.000788999954238534,strong_2x2_bal_100,strong_null,True,271,1062694068,0.0,0,0
100,100,0.11037398393080633,0.06568158218257714,0.10513945511530665,0.060470116346152736,0.044692401748229194,0.04466933876915391,0.056497540974544444,0.7910503886950729,0.7906421766087155,0.428914587948073,0.429152827474756,0.458,0.449,0.449,True,999,0.00011124997399747372,0.0007857080781832337,strong_2x2_bal_100,strong_null,True,272,1062694068,0.0,0,0
100,100,0.07224581843876288,0.06585444604867363,0.06703649716345694,0.06065763719982442,0.006391372390089245,0.006378859963632522,0.05069489896532998,0.12607525649593024,0.12582843824178438,0.8996723536200659,0.8998677302172235,0.909,0.909,0.909,True,999,0.00010820897296071053,0.000799959059804678,strong_2x2_bal_100,strong_null,True,273,1062694068,0.0,0,0
100,100,0.10742386504471113,0.09196381366979989,0.10219200139196971,0.08672107071774349,0.015460051374911243,0.015470930674226224,0.05978459567568287,0.2585959008367026,0.2587778757951684,0.7959470463534044,0.7958066291128902,0.834,0.829,0.829,True,999,0.00011224998161196709,0.000799124944023788,strong_2x2_bal_100,strong_null,True,274,1062694068,0.0,0,0
100,100,0.0325654803121983,0.019175522945859003,0.027389344920791814,0.014007866148531889,0.0133899573663393,0.013381478772259925,0.031744482354606716,0.42180424354584467,0.42153715479685633,0.6731679080416642,0.6733628860066345,0.677,0.667,0.667,True,999,0.00010833400301635265,0.0008572919759899378,strong_2x2_bal_100,strong_null,True,275,1062694068,0.0,0,0
100,100,0.02463582455861879,0.0012574794986012217,0.01946618225500174,-0.003902658011980975,0.02337834506001757,0.023368840266982716,0.02248185784494107,1.0398760289856663,1.0394532528476617,0.2983975005655186,0.2985939883334293,0.237,0.253,0.253,True,999,0.00013479194603860378,0.0007997499778866768,strong_2x2_bal_100,strong_null,True,276,1062694068,0.0,0,0
100,100,0.0022430075278565553,0.04558878723206372,-0.0029180426751338473,0.04038694516438568,-0.043345779704207166,-0.043304987839519526,0.03009652621500463,-1.4402253401124119,-1.4388699722405112,0.14980365620277544,0.15018736663710988,0.106,0.108,0.108,True,999,0.00011250004172325134,0.0007864999352023005,strong_2x2_bal_100,strong_null,True,277,1062694068,0.0,0,0
100,100,0.002483221550839243,0.14193041407891038,-0.0026797360578285634,0.13666948138833845,-0.13944719252807114,-0.13934921744616702,0.049714484010356025,-2.8049610753080105,-2.8029903200270403,0.00503226564804591,0.005063118896431019,0.003,0.003,0.003,True,999,0.00011100003030151129,0.0008054999634623528,strong_2x2_bal_100,strong_null,True,278,1062694068,0.0,0,0
100,100,0.0770862753790208,0.13061202260566984,0.07187174842147215,0.12536149248168726,-0.053525747226649045,-0.053489744060215116,0.06060863785719804,-0.8831372741417284,-0.8825432471563546,0.3771621071674036,0.3774831035742534,0.421,0.422,0.422,True,999,0.00011033308692276478,0.0007929999846965075,strong_2x2_bal_100,strong_null,True,279,1062694068,0.0,0,0
100,100,0.0464200989716681,0.0958059209865878,0.04122267707133176,0.0905822183051157,-0.0493858220149197,-0.04935954123378394,0.05118197031364112,-0.9649066206768772,-0.9643931433532277,0.33459158501802566,0.3348488585426752,0.368,0.366,0.366,True,999,0.00010945904068648815,0.0007932500448077917,strong_2x2_bal_100,strong_null,True,280,1062694068,0.0,0,0
100,100,0.05879803751602253,0.012436922791395189,0.05360461857230803,0.007274121650993948,0.04636111472462734,0.04633049692131408,0.03676400261498495,1.2610464429063724,1.2602136227253407,0.20729211482135046,0.20759230985461818,0.196,0.192,0.192,True,999,0.0001103751128539443,0.000787624972872436,strong_2x2_bal_100,strong_null,True,281,1062694068,0.0,0,0
100,100,0.03792936395803537,0.08152099085670983,0.03273870044534988,0.07631107733922704,-0.04359162689867446,-0.04357237689387716,0.047184825265070625,-0.9238484333424863,-0.9234404630959259,0.355565234338142,0.35577771338056763,0.362,0.359,0.359,True,999,0.00011720799375325441,0.0008313331054523587,strong_2x2_bal_100,strong_null,True,282,1062694068,0.0,0,0
100,100,0.029005663938671544,0.0741310382070608,0.023834031661209565,0.06891575917124726,-0.04512537426838925,-0.045081727510037695,0.044113837744390455,-1.0229301411013016,-1.021940729148425,0.3063408771733117,0.30680895394257934,0.288,0.284,0.284,True,999,0.00011037499643862247,0.0008174580289050937,strong_2x2_bal_100,strong_null,True,283,1062694068,0.0,0,0
100,100,0.07457264285283094,0.028773846255094826,0.06936812884669052,0.023602024761970597,0.04579879659773611,0.04576610408471993,0.04400013366424445,1.0408785788519843,1.040135569449657,0.2979319046688145,0.2982769203479474,0.264,0.272,0.272,True,999,0.00011416699271649122,0.0008847499266266823,strong_2x2_bal_100,strong_null,True,284,1062694068,0.0,0,0
100,100,0.06639707712193688,0.11542833059528101,0.061199525402599875,0.1101876549277847,-0.04903125347334414,-0.04898812952518483,0.05730109016436807,-0.8556774981540156,-0.8549249130280502,0.39217619002553106,0.3925927176061169,0.415,0.415,0.415,True,999,0.00013520894572138786,0.0007896668976172805,strong_2x2_bal_100,strong_null,True,285,1062694068,0.0,0,0
100,100,0.009836267002215071,0.024202126171010474,0.004676295423678312,0.019032070034910475,-0.014365859168795403,-0.014355774611232164,0.02582875027949197,-0.5561964482734535,-0.5558060090360102,0.5780765669820878,0.578343477193519,0.594,0.589,0.589,True,999,0.00011083309073001146,0.0008010410238057375,strong_2x2_bal_100,strong_null,True,286,1062694068,0.0,0,0
100,100,0.04763194464340381,0.02471997333928,0.04244147901501094,0.019542063544449206,0.022911971304123813,0.022899415470561735,0.037260043620982786,0.6149206784938133,0.6145836999950816,0.53860710592542,0.538829681708929,0.552,0.544,0.544,True,999,0.00011208397336304188,0.0007986670825630426,strong_2x2_bal_100,strong_null,True,287,1062694068,0.0,0,0
100,100,0.09940802347010158,0.031055048031082055,0.09418358675736727,0.025876492075852298,0.06835297543901953,0.06830709468151497,0.04889659725960443,1.3979086331123667,1.3969703110188894,0.16214050586548956,0.16242249919503615,0.159,0.154,0.154,True,999,0.00010870792903006077,0.0007848340319469571,strong_2x2_bal_100,strong_null,True,288,1062694068,0.0,0,0
100,100,0.057778977696978706,0.05480756465785164,0.05258685887258707,0.04960896595511599,0.0029714130391270688,0.002977892917471081,0.0460408232957677,0.06453865996354187,0.0646794019807379,0.9485413250608385,0.94842926331379,0.961,0.961,0.961,True,999,0.00010783306788653135,0.000800292007625103,strong_2x2_bal_100,strong_null,True,289,1062694068,0.0,0,0
100,100,0.01629533362377311,0.013597708298657585,0.011131518131350049,0.008429703732630855,0.002697625325115527,0.0027018143987191934,0.024258724131422552,0.11120227554017433,0.11137495871926371,0.9114559472064575,0.9113190165488573,0.937,0.938,0.938,True,999,0.00010974996257573366,0.0008332079742103815,strong_2x2_bal_100,strong_null,True,290,1062694068,0.0,0,0
100,100,0.04079482990536709,0.10307039620116387,0.03561094977699497,0.09783509384494948,-0.06227556629579678,-0.06222414406795451,0.051131851151834724,-1.2179407725894977,-1.2169350936108592,0.22324648066322272,0.2236289120668309,0.181,0.197,0.198,True,999,0.00012883392628282309,0.0008115839445963502,strong_2x2_bal_100,strong_null,True,291,1062694068,0.0,0,0
100,100,0.03848848195167354,0.03797954241746082,0.03330866465979909,0.03279393471292735,0.0005089395342127156,0.0005147299468717392,0.03837365090947517,0.013262734249949852,0.013413629786907839,0.9894181793327635,0.9892977928229286,0.979,0.979,0.979,True,999,0.00010983296670019627,0.0008381659863516688,strong_2x2_bal_100,strong_null,True,292,1062694068,0.0,0,0
100,100,0.044615464923190795,0.030237614093372445,0.039432372602675514,0.025061670521978385,0.01437785082981835,0.014370702080697129,0.03792681538021238,0.3790945979956896,0.3789061100077171,0.704617617622329,0.7047575868075047,0.741,0.738,0.738,True,999,0.00011195905972272158,0.0008536670356988907,strong_2x2_bal_100,strong_null,True,293,1062694068,0.0,0,0
100,100,0.018954412334843185,0.029178645530158254,0.013778569508630767,0.02399754193631054,-0.010224233195315069,-0.010218972427679773,0.030598176365649786,-0.3341451815015037,-0.33397325074417916,0.7382700075699187,0.7383997437089918,0.753,0.745,0.745,True,999,0.00011404207907617092,0.0008176659466698766,strong_2x2_bal_100,strong_null,True,294,1062694068,0.0,0,0
100,100,0.041881854625461123,0.04035537625281971,0.03669722727097735,0.03517467284672193,0.0015264783726414155,0.0015225544242554179,0.03973999719207641,0.038411637657230976,0.03831289712720447,0.9693594823219462,0.9694382079162356,0.977,0.977,0.977,True,999,0.00011437502689659595,0.0008142079459503293,strong_2x2_bal_100,strong_null,True,295,1062694068,0.0,0,0
100,100,0.0030858344323678732,0.05899469949768721,-0.0020706917320296725,0.05380304350626375,-0.055908865065319335,-0.05587373523829342,0.03421705069350807,-1.6339475183326309,-1.6329208422657604,0.10226987087893706,0.10248564602029712,0.061,0.059,0.059,True,999,0.00011650007218122482,0.0008400420192629099,strong_2x2_bal_100,strong_null,True,296,1062694068,0.0,0,0
100,100,0.02765872472907438,0.07171132525766544,0.022483625844230914,0.06649090460122409,-0.04405260052859106,-0.04400727875699317,0.04306832774111506,-1.0228537498226653,-1.021801427292979,0.30637699993618017,0.3068748937025566,0.314,0.316,0.316,True,999,0.00011837494093924761,0.0008254999993368983,strong_2x2_bal_100,strong_null,True,297,1062694068,0.0,0,0
100,100,0.06336955972453928,0.0662232362965266,0.05816819124569861,0.061018177087163394,-0.002853676571987318,-0.002849985841464786,0.049354232944803934,-0.05782030034138655,-0.057745519916237206,0.9538917678949282,0.9539513345160945,0.964,0.964,0.964,True,999,0.00011629192158579826,0.0008232920663431287,strong_2x2_bal_100,strong_null,True,298,1062694068,0.0,0,0
100,100,0.011599195861315748,0.03909782630882219,0.0064287237624398585,0.033918385229867454,-0.027498630447506445,-0.027489661467427595,0.03130932495261858,-0.8782888321329513,-0.8780023685923792,0.3797869948424526,0.37994243332906563,0.375,0.381,0.381,True,999,0.00011562497820705175,0.0008671670220792294,strong_2x2_bal_100,strong_null,True,299,1062694068,0.0,0,0
100,100,0.03711560428004501,0.08232370950147083,0.0319295410366891,0.07711060018824867,-0.04520810522142582,-0.045181059151559566,0.04709886028799456,-0.9598556089254099,-0.9592813684936695,0.3371278903639262,0.3374170187937492,0.356,0.357,0.357,True,999,0.00011495791841298342,0.0008462090045213699,strong_2x2_bal_100,strong_null,True,300,1062694068,0.0,0,0
100,100,0.017248078827974633,0.08232370950147083,0.012079600693098769,0.07711060018824867,-0.0650756306734962,-0.0650309994951499,0.042961378081353745,-1.5147472818554804,-1.5137084143810298,0.12983641559308623,0.13009980989319364,0.115,0.118,0.118,True,999,0.00011591706424951553,0.0008324999362230301,strong_2x2_bal_100,strong_null,True,301,1062694068,0.0,0,0
100,100,0.09940802347010158,0.16566488323460216,0.0941835867574099,0.16037861410165988,-0.06625685976450058,-0.06619502734424998,0.06730684299457407,-0.9844000523073392,-0.9834813876144255,0.3249188523590708,0.32537057129849956,0.325,0.331,0.331,True,999,0.00011924991849809885,0.0008521249983459711,strong_2x2_bal_100,strong_null,True,302,1062694068,0.0,0,0
100,100,0.0733502840565542,0.0749012577510274,0.0681412792744851,0.0696926781604219,-0.0015509736944732122,-0.0015513988859368055,0.05233155610789157,-0.029637446501219675,-0.02964557145478912,0.9763562004322067,0.9763497205045157,0.967,0.967,0.967,True,999,0.00011420808732509613,0.0008107500616461039,strong_2x2_bal_100,strong_null,True,303,1062694068,0.0,0,0
100,100,0.028899737350249977,0.17970569492575217,0.023727442927850007,0.17438268919144662,-0.1508059575755022,-0.1506552462635966,0.058874928612069506,-2.5614631071431413,-2.5589032516077124,0.010423231104319128,0.010500295957184722,0.007,0.006,0.006,True,999,0.00011874991469085217,0.0008061249973252416,strong_2x2_bal_100,strong_null,True,304,1062694068,0.0,0,0
100,100,0.03592806366251622,0.08228287850505178,0.030746628893410843,0.07707424871352941,-0.04635481484253556,-0.04632761982011857,0.04688509117458421,-0.9886898730755566,-0.9881098374664602,0.32281489906025074,0.32309885838543784,0.336,0.339,0.339,True,999,0.00011020794045180082,0.0007866660598665476,strong_2x2_bal_100,strong_null,True,305,1062694068,0.0,0,0
100,100,0.06833399126600037,0.021050379165941546,0.06312943401744064,0.015880697229448515,0.047283612100058825,0.04724873678799213,0.04097276978206937,1.1540252795101793,1.1531740968283104,0.2484898050095785,0.24883893325144124,0.245,0.273,0.273,True,999,0.00010825006756931543,0.0007912089349702001,strong_2x2_bal_100,strong_null,True,306,1062694068,0.0,0,0
100,100,0.03044293585814062,0.07641410207921906,0.02526285525514993,0.07119940405817715,-0.04597116622107844,-0.04593654880302722,0.044627355008829285,-1.0301118274202736,-1.0293361278959714,0.3029575137304805,0.3033217519664727,0.293,0.288,0.288,True,999,0.00011150003410875797,0.0007898749317973852,strong_2x2_bal_100,strong_null,True,307,1062694068,0.0,0,0
100,100,0.04079482990536709,0.008245993212194658,0.03561094977699497,0.003079235185197149,0.032548836693172434,0.03253171459179782,0.03072664397152414,1.059303343487073,1.0587461039333332,0.28946165275464675,0.2897154249998173,0.288,0.289,0.289,True,999,0.00011079094838351011,0.0008215419948101044,strong_2x2_bal_100,strong_null,True,308,1062694068,0.0,0,0
100,100,0.04594361002401559,0.039534547637448014,0.04075230116282569,0.03435537000655131,0.006409062386567577,0.006396931156274377,0.04042756799338981,0.15853197965347562,0.1582319064387034,0.8740376231606917,0.874274062745012,0.864,0.864,0.864,True,999,0.00010941596701741219,0.0008174999384209514,strong_2x2_bal_100,strong_null,True,309,1062694068,0.0,0,0
100,100,0.02098230180000371,0.04725555557675609,0.015812546047186515,0.04206490692027387,-0.02627325377675238,-0.026252360873087355,0.0361616031811237,-0.7265511333985043,-0.7259733685366871,0.4675009727756414,0.46785509679346926,0.419,0.432,0.432,True,999,0.00010833295527845621,0.0007864999352023005,strong_2x2_bal_100,strong_null,True,310,1062694068,0.0,0,0
100,100,0.11037398393080611,0.057778977696978706,0.10513945511530665,0.052586858872615494,0.0525950062338274,0.05255259624269115,0.055177027824422124,0.9532047721234473,0.9524361553130022,0.34048632898392417,0.34087583050731673,0.345,0.342,0.342,True,999,0.00018312502652406693,0.0008147499756887555,strong_2x2_bal_100,strong_null,True,311,1062694068,0.0,0,0
100,100,0.027436578941206213,0.023770755349350803,0.02225828840151678,0.018600276937249305,0.0036658235918554105,0.0036580114642674744,0.03160402987218931,0.11599228347398936,0.11574509576977793,0.9076586574112835,0.9078545651548496,0.917,0.918,0.918,True,999,0.0001142079709097743,0.000788459088653326,strong_2x2_bal_100,strong_null,True,312,1062694068,0.0,0,0
100,100,0.06639707712193688,0.03721406351323686,0.061199525402599875,0.03203140375200064,0.029183013608700015,0.029168121650599232,0.04423118184723465,0.6597837179547249,0.6594470333471958,0.5093926334076961,0.5096087480530116,0.468,0.465,0.465,True,999,0.00011191703379154205,0.0007980000227689743,strong_2x2_bal_100,strong_null,True,313,1062694068,0.0,0,0
100,100,0.03448819381301116,0.1349947921742536,0.029312193363125516,0.129719486065639,-0.10050659836124243,-0.10040729270251347,0.05446987534278983,-1.8451776826867012,-1.843354552780418,0.065011695824842,0.06527726099038329,0.045,0.045,0.045,True,999,0.0001094999024644494,0.000800000037997961,strong_2x2_bal_100,strong_null,True,314,1062694068,0.0,0,0
100,100,0.04564337490516657,0.09138291164981582,0.04045645449031099,0.08616474974454036,-0.045739536744649256,-0.04570829525422937,0.05025884461771276,-0.9100793520535735,-0.9094577402625043,0.36278066291925637,0.36310855515622265,0.366,0.362,0.362,True,999,0.00011054100468754768,0.0007838750025257468,strong_2x2_bal_100,strong_null,True,315,1062694068,0.0,0,0
100,100,0.05220314090689748,0.042195621286535756,0.04701571431220941,0.03700754552518504,0.010007519620361727,0.010008168787024374,0.04234801719223686,0.23631613199109314,0.23633146131949356,0.8131873698812072,0.8131754756672315,0.82,0.819,0.819,True,999,0.00011066603474318981,0.0007882500067353249,strong_2x2_bal_100,strong_null,True,316,1062694068,0.0,0,0
100,100,0.07457264285283094,0.020440182082595126,0.06936812884669052,0.015269826636711059,0.05413246077023581,0.054098302209979465,0.042156229317444734,1.2840916193573124,1.2832813343576952,0.19910990006068685,0.19939352967635415,0.198,0.199,0.199,True,999,0.00010887498501688242,0.0008212090469896793,strong_2x2_bal_100,strong_null,True,317,1062694068,0.0,0,0
100,100,0.058201658255899846,0.0749012577510274,0.05300455198495513,0.0696926781604219,-0.01669959949512756,-0.016688126175466778,0.04976762686362046,-0.3355514527725003,-0.3353209149634096,0.7372091383516292,0.7373830182476998,0.741,0.741,0.741,True,999,0.00010791595559567213,0.0008112500654533505,strong_2x2_bal_100,strong_null,True,318,1062694068,0.0,0,0
100,100,0.07435170133742408,0.05636923747073419,0.0691471279678808,0.05117486174093244,0.01798246386668989,0.017972266226948364,0.04939229493857546,0.36407427290132977,0.3638678107445458,0.7158025476474514,0.7159567226475709,0.716,0.716,0.71,True,999,0.00011016696225851774,0.0007928750710561872,strong_2x2_bal_100,strong_null,True,319,1062694068,0.0,0,0
100,100,0.0583890863140919,0.039379373902592496,0.05315938219186478,0.03420076535070393,0.019009712411499402,0.018958616841160847,0.0429007937395695,0.4431086409938801,0.44191762409454877,0.6576871553598724,0.6585488167908635,0.682,0.683,0.683,True,999,0.00016904203221201897,0.0008040840039029717,strong_2x2_bal_100,strong_null,True,320,1062694068,0.0,0,0
100,100,0.05220314090689748,0.0019229065590644634,0.04701571431220941,-0.003240041446815667,0.05028023434783302,0.05025575575902508,0.0320491635338626,1.5688470088995548,1.5680832264444502,0.11668359182442735,0.11686171054084696,0.071,0.067,0.067,True,999,0.00011145800817757845,0.0007877500029280782,strong_2x2_bal_100,strong_null,True,321,1062694068,0.0,0,0
100,100,0.02670655987988524,0.07389796985559116,0.021496386443615734,0.06866507781005282,-0.04719140997570592,-0.04716869136643709,0.04312791911687701,-1.094219497300967,-1.0936927246271622,0.2738587222875076,0.2740897661930506,0.243,0.296,0.296,True,999,0.00011012505274266005,0.0008006669813767076,strong_2x2_bal_100,strong_null,True,322,1062694068,0.0,0,0
100,100,0.0733502840565542,0.03848848195167354,0.0681412792744851,0.033308664659855935,0.03486180210488066,0.034832614614629165,0.045807558280539874,0.7610491240632393,0.7604119477686039,0.4466277264658012,0.44700838378321694,0.463,0.463,0.463,True,999,0.00010974996257573366,0.0007905410602688789,strong_2x2_bal_100,strong_null,True,323,1062694068,0.0,0,0
100,100,0.05230025100841673,0.009836267002215071,0.047112866505500506,0.004676295423678312,0.04246398400620166,0.042436571081822194,0.03442549083025675,1.2335040977507237,1.2327078004803482,0.21738774883395484,0.21768480050243222,0.207,0.207,0.207,True,999,0.00010912492871284485,0.0007885420927777886,strong_2x2_bal_100,strong_null,True,324,1062694068,0.0,0,0
100,100,0.05611295135025929,0.045929951611221265,0.050906839386016145,0.040732028026226885,0.010182999739038023,0.01017481135978926,0.044042649018398716,0.23120770357804996,0.23102178426049613,0.8171534455448224,0.8172978783576907,0.818,0.817,0.817,True,999,0.00011137488763779402,0.0008065829752013087,strong_2x2_bal_100,strong_null,True,325,1062694068,0.0,0,0
100,100,0.06003948229975353,0.049077081234740305,0.05484306698551222,0.04388096116520046,0.010962401065013228,0.010962105820311763,0.04530912395290457,0.241946877551811,0.2419403613211778,0.808821325936195,0.8088263751693179,0.844,0.855,0.851,True,999,0.00011333299335092306,0.0008342079818248749,strong_2x2_bal_100,strong_null,True,326,1062694068,0.0,0,0
100,100,0.043304782161658006,0.08655600899037519,0.03811953542025037,0.08132927475018903,-0.04325122682871718,-0.04320973932993866,0.0489497966867622,-0.8835833804477043,-0.8827358284334639,0.3769211538551971,0.37737901932568996,0.387,0.391,0.391,True,999,0.00011404103133827448,0.0007979169022291899,strong_2x2_bal_100,strong_null,True,327,1062694068,0.0,0,0
100,100,0.04550937731471627,0.14083597683456817,0.040325315708599874,0.135574976318523,-0.0953265995198519,-0.09524966060992313,0.057252945746311734,-1.665007769945058,-1.6636639280007555,0.09591120567180987,0.09617960872610086,0.114,0.114,0.114,True,999,0.00011716701555997133,0.000803791917860508,strong_2x2_bal_100,strong_null,True,328,1062694068,0.0,0,0
100,100,0.14367828535259197,0.0942613905471813,0.1384085116125675,0.08895772421092829,0.04941689480541067,0.04945078740163922,0.06379536353809301,0.7746157724440778,0.7751470429682799,0.4385667345017955,0.4382527764456169,0.431,0.433,0.433,True,999,0.00013179192319512367,0.0008047079900279641,strong_2x2_bal_100,strong_null,True,329,1062694068,0.0,0,0
100,100,0.08324216141137719,0.019470515769462238,0.07802926120876919,0.014301663158107658,0.06377164564191495,0.06372759805066153,0.04362184256751003,1.4619200356615079,1.4609102756729138,0.14376312387596904,0.14404006626799665,0.129,0.125,0.125,True,999,0.00011679099407047033,0.000806374941021204,strong_2x2_bal_100,strong_null,True,330,1062694068,0.0,0,0
100,100,0.052014752705386025,0.0624868501280158,0.046828016581656584,0.05728888698428136,-0.010472097422629778,-0.010460870402624778,0.04648986726702456,-0.22525548121015343,-0.22501398729621053,0.8217805305216939,0.8219683929804046,0.832,0.832,0.832,True,999,0.00011470797471702099,0.0008272919803857803,strong_2x2_bal_100,strong_null,True,331,1062694068,0.0,0,0
100,100,0.04549756749848921,0.04115023189446254,0.04027352143043572,0.035966555047508564,0.00434733560402667,0.004306966382927158,0.04046176726527263,0.1074430480390283,0.10644533528874613,0.9144375047447972,0.9152290250125857,0.896,0.896,0.896,True,999,0.0001075410982593894,0.0008126250468194485,strong_2x2_bal_100,strong_null,True,332,1062694068,0.0,0,0
100,100,0.017782061065957144,0.10001934593897888,0.012613160692609426,0.09479500871306357,-0.08223728487302173,-0.08218184802045414,0.046322297771232326,-1.7753282723400177,-1.774131508465277,0.07584369978946168,0.07604140006138015,0.072,0.071,0.07,True,999,0.00010754098184406757,0.000820541987195611,strong_2x2_bal_100,strong_null,True,333,1062694068,0.0,0,0
100,100,0.05697138162392246,0.03164956794221874,0.05177894383153614,0.02646463414231448,0.02532181368170372,0.02531430968922166,0.041063785348193854,0.6166458709783187,0.6164631310672649,0.5374683314311774,0.5375888980931025,0.526,0.527,0.527,True,999,0.0001099579967558384,0.0008157499833032489,strong_2x2_bal_100,strong_null,True,334,1062694068,0.0,0,0
100,100,0.060244385944802414,0.04606453410618794,0.05504804486290027,0.040880754384517104,0.014179851838614477,0.014167290478383165,0.04479608742268763,0.3165421949648416,0.3162617829700889,0.7515910033751495,0.751803816294452,0.694,0.699,0.699,True,999,0.00011208397336304188,0.0008472499903291464,strong_2x2_bal_100,strong_null,True,335,1062694068,0.0,0,0
100,100,0.05889111331690178,0.03979716486732965,0.053681268601962984,0.03461814323193835,0.01909394844957213,0.019063125370024636,0.04323115765096998,0.44167099580650987,0.44095801282797514,0.6587273009468959,0.65924339392096,0.642,0.642,0.642,True,999,0.00011233391705900431,0.0008073330391198397,strong_2x2_bal_100,strong_null,True,336,1062694068,0.0,0,0
100,100,0.04461546492319102,0.03988480078387058,0.03943237260273236,0.03470583080502365,0.00473066413932044,0.004726541797708705,0.04023142797759424,0.11758628458216919,0.1174838188776451,0.9063954728650172,0.9064766659071367,0.946,0.945,0.945,True,999,0.00011608400382101536,0.00086508400272578,strong_2x2_bal_100,strong_null,True,337,1062694068,0.0,0,0
100,100,0.05818888357910945,0.02913203618848237,0.05299523256310579,0.023959930575273347,0.029056847390627083,0.02903530198783244,0.04076008813060411,0.7128749893160848,0.7123463986338074,0.47592311698663925,0.47625029879847536,0.467,0.463,0.463,True,999,0.00012020801659673452,0.0008005410199984908,strong_2x2_bal_100,strong_null,True,338,1062694068,0.0,0,0
100,100,0.03721406351323686,0.04550937731471627,0.03203140375200064,0.040325315708599874,-0.00829531380147941,-0.008293911956599231,0.039833402344057675,-0.20825019489496105,-0.20821500219743375,0.835033617746296,0.8350610952286079,0.816,0.816,0.816,True,999,0.00010958290658891201,0.0008099999977275729,strong_2x2_bal_100,strong_null,True,339,1062694068,0.0,0,0
100,100,0.06675800233781137,0.0892511403303553,0.06155777012068597,0.08403255677333732,-0.022493137992543932,-0.022474786652651346,0.05355544025495658,-0.41999725677658273,-0.4196545961653503,0.6744874576918873,0.6747377982503583,0.675,0.672,0.672,True,999,0.00011387502308934927,0.0007972080493345857,strong_2x2_bal_100,strong_null,True,340,1062694068,0.0,0,0
100,100,0.050939565442628676,0.08460565016983379,0.04573584983982926,0.07938719564293706,-0.033666084727205114,-0.0336513458031078,0.049969093465756245,-0.6737381527699005,-0.673443191963629,0.5004778011624462,0.5006653780701705,0.544,0.551,0.551,True,999,0.00010912504512816668,0.000786124961450696,strong_2x2_bal_100,strong_null,True,341,1062694068,0.0,0,0
100,100,0.019175522945859003,0.020235695421700894,0.014007866148531889,0.015069268209344955,-0.0010601724758418918,-0.0010614020608130659,0.02780254586297488,-0.0381322085059031,-0.03817643413103952,0.969582271303165,0.9695470100348578,0.931,0.931,0.931,True,999,0.00010770803783088923,0.0007907499093562365,strong_2x2_bal_100,strong_null,True,342,1062694068,0.0,0,0
100,100,0.07574288624862546,0.033923853984495045,0.07052801354556948,0.028733090493460622,0.04181903226413042,0.04179492305210886,0.045195985978930334,0.9252819992382908,0.9247485622195077,0.35481923965869067,0.3550967124895933,0.379,0.39,0.39,True,999,0.00010929093696177006,0.0007890829583629966,strong_2x2_bal_100,strong_null,True,343,1062694068,0.0,0,0
100,100,0.044568752155514924,0.12928549131468192,0.03937746331514802,0.12402284301931843,-0.084716739159167,-0.08464537970417041,0.05566257913564636,-1.5219693459176118,-1.5206873454047953,0.12801676173907361,0.12833831584034938,0.123,0.121,0.121,True,999,0.00011575000826269388,0.0008159170392900705,strong_2x2_bal_100,strong_null,True,344,1062694068,0.0,0,0
100,100,0.03257654825003353,0.0034020964594863035,0.027396647155086384,-0.0017566112629054942,0.02917445179054723,0.02915325841799188,0.026437832098584316,1.1035115013121464,1.1027098708124774,0.2698050996988288,0.2701531788286273,0.244,0.244,0.244,True,999,0.0001075410982593894,0.0008058330276980996,strong_2x2_bal_100,strong_null,True,345,1062694068,0.0,0,0
100,100,0.07435170133742408,0.07818481288563217,0.06914712796790923,0.07293566443634347,-0.00383311154820809,-0.003788536468434245,0.05272591616158507,-0.07269881354856021,-0.07185340235385969,0.9420457927038184,0.9427185736780601,0.946,0.946,0.946,True,999,0.00010887498501688242,0.0008355830796062946,strong_2x2_bal_100,strong_null,True,346,1062694068,0.0,0,0
100,100,0.08243557958001091,0.017876396390911986,0.07722587845455564,0.012707104958508353,0.06455918318909892,0.06451877349604729,0.04314736114850079,1.496248703759769,1.495312153018866,0.13458885702425766,0.13483299483145053,0.103,0.101,0.101,True,999,0.000110417022369802,0.0007938749622553587,strong_2x2_bal_100,strong_null,True,347,1062694068,0.0,0,0
100,100,0.016838733165423614,0.03848848195167354,0.011663774592832965,0.033308664659855935,-0.021649748786249923,-0.02164489006702297,0.03276054340232602,-0.6608482808228625,-0.660699970730222,0.5087096165421277,0.5088047425799854,0.525,0.528,0.528,True,999,0.00010829197708517313,0.0007892920402809978,strong_2x2_bal_100,strong_null,True,348,1062694068,0.0,0,0
100,100,0.054311055545317566,0.050939565442628676,0.04911225258128127,0.04573584983982926,0.00337149010268889,0.0033764027414520115,0.044493202599469796,0.07577539726774055,0.07588581051012602,0.939597789972137,0.9395099458782901,0.999,0.999,0.999,True,999,0.0001080420333892107,0.0007992079481482506,strong_2x2_bal_100,strong_null,True,349,1062694068,0.0,0,0
100,100,0.06650310385474323,0.12860538106478947,0.06130558577169154,0.12331560719644585,-0.06210227721004624,-0.062010021424754314,0.058555478437018485,-1.0605715958216044,-1.0589960680015875,0.2888846367215969,0.28960157044033374,0.276,0.278,0.278,True,999,0.00010795798152685165,0.0007906249957159162,strong_2x2_bal_100,strong_null,True,350,1062694068,0.0,0,0
100,100,0.06003948229975331,0.08913773294657823,0.05484306698551222,0.08389939134754343,-0.02909825064682492,-0.029056324362031205,0.05220093943204076,-0.5574277199495095,-0.5566245488715579,0.5772352306052064,0.5777839775031215,0.537,0.537,0.537,True,999,0.00010791595559567213,0.0007888330146670341,strong_2x2_bal_100,strong_null,True,351,1062694068,0.0,0,0
100,100,0.07445572844080772,0.05879803751602253,0.06922298319142328,0.05360461857233645,0.015657690924785195,0.015618364619086833,0.049607885977825034,0.3156290701801778,0.31483632715307236,0.7522840699756614,0.7528859282026108,0.762,0.763,0.763,True,999,0.0001081250375136733,0.0008011669851839542,strong_2x2_bal_100,strong_null,True,352,1062694068,0.0,0,0
100,100,0.048134992198562765,0.10267106894245792,0.042943288259863266,0.09741890191874347,-0.05453607674389516,-0.054475613658880206,0.052596516701775634,-1.036876207090232,-1.0357266426550475,0.29979355376782324,0.30032968916048786,0.311,0.295,0.295,True,999,0.0001094168983399868,0.0008445410057902336,strong_2x2_bal_100,strong_null,True,353,1062694068,0.0,0,0
100,100,0.01228010856055961,0.028350337108182133,0.00711565332520081,0.023175835961268376,-0.016070228547622523,-0.016060182636067566,0.028177252217648753,-0.5703263193831574,-0.5699697937901947,0.568456393005417,0.5686981855893263,0.561,0.559,0.559,True,999,0.00010845798533409834,0.0008360829669982195,strong_2x2_bal_100,strong_null,True,354,1062694068,0.0,0,0
100,100,0.034040980571866775,0.03711560428004501,0.028865908768068493,0.0319295410366891,-0.003074623708178237,-0.0030636322686206086,0.03699566585436905,-0.08310767321451346,-0.08281057247841925,0.9337659246130906,0.9340021623825935,0.923,0.923,0.923,True,999,0.00010841700714081526,0.0008582500740885735,strong_2x2_bal_100,strong_null,True,355,1062694068,0.0,0,0
100,100,0.016457837087537786,0.02797587320180761,0.011291318388501281,0.022802804366975238,-0.011518036114269825,-0.011511485978473956,0.029463087460439925,-0.3909310634784996,-0.39070874679819023,0.6958481921236219,0.696012532772317,0.743,0.747,0.747,True,999,0.00011887506116181612,0.0007875419687479734,strong_2x2_bal_100,strong_null,True,356,1062694068,0.0,0,0
100,100,0.04675984915959008,0.040267259181623105,0.04157349155005363,0.03508650452536699,0.006492589977966978,0.006486987024686641,0.040759789652051,0.15928909431062965,0.15915163154823153,0.8734411125383176,0.8735494104797817,0.878,0.879,0.879,True,999,0.00011124997399747372,0.0007856669835746288,strong_2x2_bal_100,strong_null,True,357,1062694068,0.0,0,0
100,100,0.022829252397928212,0.13821225018219896,0.017646187358181464,0.13292206761698822,-0.11538299778427075,-0.11527588025880675,0.05336662277586243,-2.1620816866915953,-2.1600744859377854,0.030611880350177426,0.03076690379873714,0.018,0.019,0.019,True,999,0.00011141702998429537,0.0007955420296639204,strong_2x2_bal_100,strong_null,True,358,1062694068,0.0,0,0
100,100,0.05230025100841673,0.024656174646824236,0.047112866505500506,0.019484350295542185,0.027644076361592496,0.02762851620995832,0.03835320999030783,0.7207760802440886,0.7203703736125417,0.47104729452051664,0.47129698599967595,0.515,0.513,0.513,True,999,0.0001082499511539936,0.0007839159807190299,strong_2x2_bal_100,strong_null,True,359,1062694068,0.0,0,0
100,100,0.13896316492472605,0.15257708552017069,0.13366865934520433,0.1472877678260005,-0.01361392059544464,-0.013619108480796172,0.07001682278566965,-0.19443785155916848,-0.19451194640016709,0.8458330541680453,0.8457750424914035,0.842,0.842,0.842,True,999,0.00010770803783088923,0.0007888749241828918,strong_2x2_bal_100,strong_null,True,360,1062694068,0.0,0,0
100,100,0.09435319729244684,0.07574288624862546,0.08912246089957421,0.07052801354556948,0.01861031104382138,0.01859444735400473,0.05555779024478989,0.3349721247339678,0.33468658980274113,0.7376461139170167,0.7378615184195787,0.683,0.701,0.701,True,999,0.00011024996638298035,0.0007931248983368278,strong_2x2_bal_100,strong_null,True,361,1062694068,0.0,0,0
100,100,0.00520704120429738,0.09032867239504194,4.80819116148723e-05,0.0851127721272178,-0.08512163119074456,-0.08506469021560292,0.04176873018236801,-2.0379271962324887,-2.0365639521287533,0.04155721431105,0.04169375827393496,0.026,0.028,0.028,True,999,0.000128875020891428,0.0007987919962033629,strong_2x2_bal_100,strong_null,True,362,1062694068,0.0,0,0
100,100,0.03909782630882219,0.05075125708135153,0.033918385229867454,0.045563182125860635,-0.011653430772529338,-0.011644796895993181,0.041424551811777455,-0.281317003150198,-0.2811085790114074,0.7784672700690599,0.7786271212816146,0.86,0.86,0.86,True,999,0.00010808289516717196,0.000811208039522171,strong_2x2_bal_100,strong_null,True,363,1062694068,0.0,0,0
100,100,0.02659744230684913,0.015065353089342093,0.021419333102699056,0.009891941649257774,0.011532089217507036,0.011527391453441282,0.02853769869516363,0.4041001813317699,0.40393556525266927,0.6861390516360835,0.686260102327455,0.706,0.702,0.702,True,999,0.00010783399920910597,0.0008355840109288692,strong_2x2_bal_100,strong_null,True,364,1062694068,0.0,0,0
100,100,0.07224581843876288,0.02426508867076016,0.06703649716345694,0.019096178238271477,0.04798072976800272,0.047940318925185466,0.04258967949989384,1.1265811419905687,1.1256323007855686,0.2599196159817819,0.2603211900275738,0.282,0.282,0.283,True,999,0.00011145789176225662,0.0007903330260887742,strong_2x2_bal_100,strong_null,True,365,1062694068,0.0,0,0
100,100,0.014499335415388726,0.09156988218862172,0.00933293486987452,0.08633980420056275,-0.077070546773233,-0.07700686933068823,0.044287046663339234,-1.7402503119954464,-1.7388124775191756,0.08181507470909874,0.08206775310304955,0.052,0.053,0.053,True,999,0.00010916695464402437,0.0008192079840227962,strong_2x2_bal_100,strong_null,True,366,1062694068,0.0,0,0
100,100,0.07848174596893054,0.06639707712193688,0.07325830271493317,0.061199525402599875,0.012084668846993663,0.01205877731233329,0.051671498666931354,0.2338749438039348,0.23337386418889855,0.8150820657599982,0.8154711062622513,0.786,0.787,0.787,True,999,0.00011387502308934927,0.0008003750117495656,strong_2x2_bal_100,strong_null,True,367,1062694068,0.0,0,0
100,100,0.09940802347010158,0.029922616227185728,0.0941835867574099,0.024746425698552343,0.06948540724291585,0.06943716105885755,0.048647847113198465,1.428334682133632,1.4273429386769063,0.15319554979773792,0.15348106958021723,0.174,0.178,0.178,True,999,0.00010941701475530863,0.0007877500029280782,strong_2x2_bal_100,strong_null,True,368,1062694068,0.0,0,0
100,100,0.03797954241746082,0.02451487175573175,0.03279393471292735,0.019334815852928955,0.013464670661729072,0.013459118859998398,0.034776305918016406,0.3871794403198383,0.3870197970919531,0.6986233697198874,0.6987415518711241,0.713,0.719,0.719,True,999,0.00010787497740238905,0.0007913750596344471,strong_2x2_bal_100,strong_null,True,369,1062694068,0.0,0,0
100,100,0.05879803751602253,0.09519216484777604,0.05360461857233645,0.08995553398621325,-0.03639412733175351,-0.036350915413876805,0.053203938616452395,-0.6840494947962228,-0.6832373008308809,0.4939439122991022,0.49445690605339987,0.498,0.5,0.5,True,999,0.00011124997399747372,0.0007863750215619802,strong_2x2_bal_100,strong_null,True,370,1062694068,0.0,0,0
100,100,0.06585444604867363,0.05247954414889877,0.06065763719982442,0.04728988711312354,0.01337490189977486,0.01336775008670088,0.04714526415311945,0.28369555542918484,0.2835438580487067,0.7766437011089745,0.7767599665888563,0.797,0.804,0.798,True,999,0.00013737508561462164,0.0007875419687479734,strong_2x2_bal_100,strong_null,True,371,1062694068,0.0,0,0
100,100,0.04035537625281971,0.1081020776505911,0.03517467284672193,0.10286724409557735,-0.06774670139777139,-0.06769257124885542,0.05194668596661832,-1.3041582949354342,-1.3031162621684014,0.19217961620059176,0.19253507248419233,0.22,0.221,0.221,True,999,0.00011266698129475117,0.0008127080509439111,strong_2x2_bal_100,strong_null,True,372,1062694068,0.0,0,0
100,100,0.01560381534759514,0.08562201045193629,0.010436110789427744,0.08039508043167132,-0.07001819510434115,-0.06995896964224357,0.04312255955724288,-1.6237022065305693,-1.6223287847600234,0.1044393798833754,0.1047329685439203,0.082,0.081,0.081,True,999,0.00010808301158249378,0.000842957990244031,strong_2x2_bal_100,strong_null,True,373,1062694068,0.0,0,0
100,100,0.07556761288570846,0.044902570079585646,0.0703592093314569,0.039715261814606606,0.03066504280612281,0.03064394751685029,0.04742429453155771,0.6466104158010673,0.646165595493651,0.517884115166733,0.5181721179985224,0.522,0.521,0.521,True,999,0.00011741602793335915,0.0007961250375956297,strong_2x2_bal_100,strong_null,True,374,1062694068,0.0,0,0
100,100,0.07324866353757342,0.03964150997781846,0.06804378717409065,0.03446305782784975,0.033607153559754965,0.0335807293462409,0.046019919274465346,0.7302740658739543,0.7296998750902532,0.46522267727441746,0.4655736574946563,0.483,0.474,0.474,True,999,0.00011104100849479437,0.0007918329210951924,strong_2x2_bal_100,strong_null,True,375,1062694068,0.0,0,0
100,100,0.051912047129490935,0.0671098941046131,0.046724493421635316,0.06189238643331407,-0.015197846975122165,-0.015167893011678757,0.04735495744292993,-0.32093465596369564,-0.3203021147249139,0.7482599103190812,0.74873932022072,0.762,0.763,0.763,True,999,0.00011066696606576443,0.0007987909484654665,strong_2x2_bal_100,strong_null,True,376,1062694068,0.0,0,0
100,100,0.024947627515162663,0.03894160488080611,0.01977607778650281,0.03375661195767066,-0.01399397736564345,-0.013980534171167847,0.03513556967992197,-0.3982851991052313,-0.39790258984065785,0.6904199693568549,0.6907019909217584,0.681,0.677,0.677,True,999,0.00010924995876848698,0.0007911249995231628,strong_2x2_bal_100,strong_null,True,377,1062694068,0.0,0,0
100,100,0.10911119988486317,0.013047219310541203,0.10387650445660768,0.007881696674047589,0.09606398057432197,0.09599480778256009,0.04685988558229424,2.050025931147797,2.048549768948459,0.04036190041257606,0.04050616073786509,0.03,0.03,0.03,True,999,0.00010874995496124029,0.0007925829850137234,strong_2x2_bal_100,strong_null,True,378,1062694068,0.0,0,0
100,100,0.06607918563312665,0.02426508867076016,0.060881532323605825,0.019096178238271477,0.04181409696236649,0.04178535408533435,0.04131073189604985,1.0121848498734725,1.0114890772324923,0.3114496786025619,0.31178240634627874,0.324,0.318,0.318,True,999,0.00011262495536357164,0.000786583055742085,strong_2x2_bal_100,strong_null,True,379,1062694068,0.0,0,0
100,100,0.07457264285283094,0.07408028741081829,0.06936812884669052,0.06887766347202273,0.0004923554420126486,0.0004904653746677923,0.05241022312116402,0.009394263422126669,0.009358200470429501,0.9925045725035082,0.9925333453110926,0.968,0.968,0.968,True,999,0.00012291595339775085,0.0008214589906856418,strong_2x2_bal_100,strong_null,True,380,1062694068,0.0,0,0
100,100,0.08425863230814667,0.04606453410618794,0.07904010211088064,0.040880754384517104,0.03819409820195874,0.038159347726363535,0.049114644430473094,0.7776519334478024,0.7769443954823306,0.43677423591436737,0.4371915769464818,0.379,0.388,0.388,True,999,0.00010929093696177006,0.0008209169609472156,strong_2x2_bal_100,strong_null,True,381,1062694068,0.0,0,0
100,100,0.047409059670513676,0.053733087682611425,0.04222012341793402,0.048539934671850915,-0.006324028012097749,-0.006319811253916896,0.04383026473607551,-0.14428450410185664,-0.14418829756041218,0.8852758142031532,0.8853517815750578,0.904,0.902,0.902,True,999,0.00010912504512816668,0.0008512919303029776,strong_2x2_bal_100,strong_null,True,382,1062694068,0.0,0,0
100,100,0.07224581843876288,0.04501176042207122,0.06703649716345694,0.03981996069414606,0.027234058016691653,0.02721653646931088,0.04689917825075249,0.5806937143137404,0.5803201140069911,0.5614468988286545,0.5616987657938498,0.583,0.584,0.584,True,999,0.00011112506035715342,0.0007932910230010748,strong_2x2_bal_100,strong_null,True,383,1062694068,0.0,0,0
100,100,0.02268168319153563,0.030158778252023177,0.017504928873421477,0.024982773251252866,-0.007477095060487549,-0.0074778443778313886,0.0320211066753367,-0.23350520443587786,-0.23352860516813354,0.8153691286909599,0.8153509597991624,0.816,0.839,0.835,True,999,0.00010916695464402437,0.0007876250892877579,strong_2x2_bal_100,strong_null,True,384,1062694068,0.0,0,0
100,100,0.008078487551377522,0.1597094530112957,0.0029153636159122698,0.1544201340460205,-0.15163096545991817,-0.15150477043010824,0.05330544706417843,-2.8445679346307378,-2.8422005399879726,0.004447170139894469,0.004480329951999458,0.004,0.005,0.005,True,999,0.00010758405551314354,0.0007967089768499136,strong_2x2_bal_100,strong_null,True,385,1062694068,0.0,0,0
100,100,0.006544418585786138,0.07848174596893054,0.0013843396482968728,0.07325830271493317,-0.0719373273831444,-0.07187396306663629,0.03952218370516888,-1.8201759275193121,-1.8185726680187542,0.06873221778609569,0.0689766508492017,0.048,0.046,0.046,True,999,0.00011091597843915224,0.0007826669607311487,strong_2x2_bal_100,strong_null,True,386,1062694068,0.0,0,0
100,100,0.08172856127631434,0.0069001001017849894,0.07648859975820699,0.001724645108936329,0.07482846117452935,0.07476395464927066,0.040377279466911824,1.8532318710538538,1.8516342764137406,0.06384913139093357,0.06407835756750353,0.057,0.055,0.055,True,999,0.00010725005995482206,0.0007927920669317245,strong_2x2_bal_100,strong_null,True,387,1062694068,0.0,0,0
100,100,0.03399183196071365,0.11157379546218027,0.028815487930302197,0.10632293084756839,-0.07758196350146662,-0.07750744291726619,0.051203768917253194,-1.515161191099846,-1.5137058180721132,0.12973158850416336,0.13010046868008376,0.109,0.109,0.109,True,999,0.00010933307930827141,0.0007995000341907144,strong_2x2_bal_100,strong_null,True,388,1062694068,0.0,0,0
100,100,0.054561374156864906,0.03676105641245542,0.04936275442511828,0.031580114908592805,0.01780031774440949,0.017782639516525478,0.041785418412055846,0.42599352647079813,0.42557045477364097,0.6701125631060317,0.6704208729150904,0.744,0.717,0.717,True,999,0.00012974999845027924,0.0007900000782683492,strong_2x2_bal_100,strong_null,True,389,1062694068,0.0,0,0
100,100,0.0747907071431303,0.09138291164981582,0.06955804872060867,0.08616474974454036,-0.016592204506685526,-0.01660670102393169,0.05491504133720945,-0.3021431670204889,-0.3024071478332711,0.7625429267172414,0.7623417064970857,0.785,0.787,0.787,True,999,0.00010845798533409834,0.0008005419513210654,strong_2x2_bal_100,strong_null,True,390,1062694068,0.0,0,0
100,100,0.08072202381269489,0.05940846856642301,0.07551191952371994,0.054215277101889114,0.021313555246271876,0.021296642421830825,0.05098844717869715,0.41800753750305675,0.41767583835595823,0.6759416062809007,0.6761841401046746,0.673,0.673,0.673,True,999,0.00010754202958196402,0.0008350840071216226,strong_2x2_bal_100,strong_null,True,391,1062694068,0.0,0,0
100,100,0.07969659057140321,0.007542471592881128,0.07448623407114496,0.0023811246530982544,0.07215411897852209,0.07210510941804671,0.04022769886537523,1.7936427141903102,1.792424410338544,0.07287021421732905,0.07306500751639697,0.049,0.047,0.047,True,999,0.00011133297812193632,0.0008115830132737756,strong_2x2_bal_100,strong_null,True,392,1062694068,0.0,0,0
100,100,0.03448819381301116,0.024908305558752786,0.029312193363125516,0.019733330573714625,0.009579888254258373,0.009578862789410891,0.033921041838687424,0.2824172765629025,0.28238704562682576,0.7776235691727214,0.7776467470655832,0.79,0.79,0.79,True,999,0.00011354195885360241,0.0008374160388484597,strong_2x2_bal_100,strong_null,True,393,1062694068,0.0,0,0
100,100,0.08255001320795574,0.02913203618848237,0.07734033821611774,0.023959930575244925,0.05341797701947337,0.05338040764087282,0.04557227463942649,1.1721595518793622,1.1713351607578346,0.24113300434254548,0.24146408360282146,0.23,0.236,0.236,True,999,0.00011366710532456636,0.0008004159899428487,strong_2x2_bal_100,strong_null,True,394,1062694068,0.0,0,0
100,100,0.013044394680614024,0.06458767724011083,0.007869512934462364,0.059390449977797743,-0.051543282559496806,-0.05152093704333538,0.038312689348087514,-1.3453318844627056,-1.3447486438564824,0.17851808134046054,0.17870642001596249,0.17,0.17,0.169,True,999,0.00010929105337709188,0.000786583055742085,strong_2x2_bal_100,strong_null,True,395,1062694068,0.0,0,0
100,100,0.009248434568612018,0.08324216141137719,0.004084606839640514,0.07802926120876919,-0.07399372684276517,-0.07394465436912867,0.04128165938196505,-1.792411641163127,-1.791222917784,0.07306705142008918,0.07325752993690843,0.049,0.048,0.048,True,999,0.00010758393909782171,0.0007879170589148998,strong_2x2_bal_100,strong_null,True,396,1062694068,0.0,0,0
100,100,0.08209242490492885,0.04919800641132799,0.0768826448276343,0.04399349424453192,0.03289441849360086,0.03288915058310238,0.04932589339517865,0.666879325024372,0.6667725269486375,0.5048492181490157,0.5049174437686114,0.504,0.504,0.504,True,999,0.00010941701475530863,0.0008134170202538371,strong_2x2_bal_100,strong_null,True,397,1062694068,0.0,0,0
100,100,0.03405977333939536,0.02397749898902679,0.028880956446641903,0.018808310652389082,0.01008227435036857,0.010072645794252821,0.03355481170047335,0.30047179046534006,0.30018484037896503,0.7638173108318842,0.7640361677952854,0.773,0.773,0.773,True,999,0.00011629099026322365,0.000791250029578805,strong_2x2_bal_100,strong_null,True,398,1062694068,0.0,0,0
100,100,0.10050873078459577,0.04606453410618794,0.09528447181347133,0.040880754384517104,0.05444419667840783,0.054403717428954224,0.051769605903905995,1.0516633404447076,1.0508814289592552,0.29295403600713343,0.29331305072367353,0.287,0.288,0.288,True,999,0.00010770803783088923,0.0008096250239759684,strong_2x2_bal_100,strong_null,True,399,1062694068,0.0,0,0
100,100,0.02509373622103761,0.024202126171010474,0.01992232242085379,0.019032070034910475,0.0008916100500271362,0.0008902523859433131,0.03100035898177791,0.028761281459715574,0.028717486351258245,0.9770549810145311,0.9770899100275788,0.916,0.916,0.916,True,999,0.00010762503370642662,0.0008284170180559158,strong_2x2_bal_100,strong_null,True,400,1062694068,0.0,0,0
100,100,0.09138291164981582,0.0018018044502975394,0.08616474974454036,-0.0033535075362749467,0.08958110719951828,0.0895182572808153,0.04112803834991695,2.178103084746301,2.1765749321471364,0.029398362999500445,0.02951229721966942,0.008,0.007,0.007,True,999,0.00010933296289294958,0.0007913330337032676,strong_2x2_bal_100,strong_null,True,401,1062694068,0.0,0,0
100,100,0.020471160484738293,0.06529361620833152,0.015303456355695744,0.060075811667914536,-0.044822455723593224,-0.04477235531221879,0.040076628668518625,-1.1184188194652858,-1.117168704047923,0.2633881603566143,0.2639221990931254,0.259,0.26,0.26,True,999,0.00011079199612140656,0.0008008339209482074,strong_2x2_bal_100,strong_null,True,402,1062694068,0.0,0,0
100,100,0.009637551926853005,0.034040980571866775,0.004474538807102135,0.028865908768068493,-0.02440342864501377,-0.024391369960966358,0.029128947553559707,-0.8377724117956176,-0.8373584358349262,0.40215853587865724,0.40239112154901524,0.388,0.385,0.385,True,999,0.000108166947029531,0.0008045840077102184,strong_2x2_bal_100,strong_null,True,403,1062694068,0.0,0,0
100,100,0.040267259181623105,0.06707733961080509,0.03508650452536699,0.06187720775957928,-0.02681008042918198,-0.026790703234212287,0.04494748029650256,-0.5964757145968007,-0.5960446071166512,0.5508574728967236,0.5511454275418586,0.56,0.565,0.565,True,999,0.00010900001507252455,0.0008096250239759684,strong_2x2_bal_100,strong_null,True,404,1062694068,0.0,0,0
100,100,0.013170504107875236,0.11801620650141187,0.007973560354372466,0.11277583416959658,-0.10484570239353663,-0.10480227381522411,0.0483295467548051,-2.169391385469852,-2.168492792761486,0.030052982434691494,0.03012121239445999,0.021,0.025,0.025,True,999,0.00011908402666449547,0.0007893339497968554,strong_2x2_bal_100,strong_null,True,405,1062694068,0.0,0,0
100,100,0.029178645530158254,0.03399183196071365,0.02399754193631054,0.028815487930302197,-0.004813186430555394,-0.004817945993991657,0.03496549012054965,-0.13765533999269255,-0.137791461735012,0.8905128168065232,0.8904052325385668,0.897,0.895,0.895,True,999,0.00011083297431468964,0.0008168749045580626,strong_2x2_bal_100,strong_null,True,406,1062694068,0.0,0,0
100,100,0.052171037078037164,0.03760074796067925,0.046974791164785756,0.03240786727253919,0.014570289117357915,0.014566923892246564,0.041412822695347525,0.3518303793137674,0.3517491188516128,0.7249654739912881,0.7250264201122676,0.712,0.709,0.709,True,999,0.0001092919846996665,0.0007873340509831905,strong_2x2_bal_100,strong_null,True,407,1062694068,0.0,0,0
100,100,0.11259596286449403,0.09090858770311627,0.10734522507040367,0.08569033444935314,0.021687375161377753,0.021654890621050527,0.06022599211177863,0.3600999236530015,0.35956054623158956,0.7187724098809796,0.7191757923993791,0.721,0.72,0.72,True,999,0.00011237501166760921,0.0008013329934328794,strong_2x2_bal_100,strong_null,True,408,1062694068,0.0,0,0
100,100,0.0033141111117376276,0.09208111072952418,-0.001842998660805506,0.08685799581469666,-0.08876699961778656,-0.08870099447550217,0.04159564164394007,-2.1340456862676795,-2.132458857944429,0.03283904121460205,0.032969143236881895,0.011,0.011,0.011,True,999,0.00010754202958196402,0.0008143340237438679,strong_2x2_bal_100,strong_null,True,409,1062694068,0.0,0,0
100,100,0.06900280856466923,0.0682462026440388,0.06379136749795578,0.06303453118906077,0.0007566059206304265,0.0007568363088950036,0.050408422615433914,0.015009513914025371,0.015014084345961612,0.9880245902322436,0.9880209439660392,0.982,0.982,0.982,True,999,0.00011083297431468964,0.0008172499947249889,strong_2x2_bal_100,strong_null,True,410,1062694068,0.0,0,0
100,100,0.05708840936641346,0.08961975866998972,0.051872526712543277,0.08440371722991813,-0.03253134930357626,-0.03253119051737485,0.05211620260122504,-0.6242079752528167,-0.624204928480537,0.5324910099408344,0.5324930105957033,0.526,0.521,0.521,True,999,0.00010900001507252455,0.0008387910202145576,strong_2x2_bal_100,strong_null,True,411,1062694068,0.0,0,0
100,100,0.034206006545573486,0.07484944193393273,0.02903104905192322,0.06963433056918689,-0.04064343538835924,-0.04060328151726367,0.045161992542426824,-0.8999477901728387,-0.8990586825663076,0.3681480358761129,0.36862140424376466,0.379,0.379,0.379,True,999,0.00010837498120963573,0.0008272919803857803,strong_2x2_bal_100,strong_null,True,412,1062694068,0.0,0,0
100,100,0.03894160488080589,0.04763194464340381,0.03375661195767066,0.04244147901501094,-0.00869033976259792,-0.008684867057340284,0.040648240761471874,-0.21379374850670027,-0.213659112784339,0.8307079002188216,0.8308128982848801,0.821,0.822,0.822,True,999,0.00010804191697388887,0.0008065829752013087,strong_2x2_bal_100,strong_null,True,413,1062694068,0.0,0,0
100,100,0.08152099085670961,0.02480063712555136,0.07631107733922704,0.019614686434167083,0.056720353731158246,0.05669639090505996,0.044484194305630304,1.2750675743716735,1.2745288925663192,0.20228532517392084,0.20247603984471152,0.203,0.205,0.205,True,999,0.00011216604616492987,0.0008123329607769847,strong_2x2_bal_100,strong_null,True,414,1062694068,0.0,0,0
100,100,0.04192574010735017,0.016295333623773334,0.03673751454763874,0.011131518131350049,0.02563040648357684,0.02560599641628869,0.03347490640969568,0.7656602880345393,0.7649310830895157,0.4438784620588285,0.44431258367620896,0.429,0.43,0.431,True,999,0.00011575000826269388,0.0008444999111816287,strong_2x2_bal_100,strong_null,True,415,1062694068,0.0,0,0
100,100,0.02951376404416073,0.06305153357970694,0.024340219921725748,0.057843201723358106,-0.033537769535546214,-0.03350298180163236,0.04176244994461046,-0.803060394685354,-0.8022274039494178,0.4219398277867942,0.42242142713629716,0.46,0.461,0.461,True,999,0.00012216705363243818,0.0008246250217780471,strong_2x2_bal_100,strong_null,True,416,1062694068,0.0,0,0
100,100,0.058386195386126105,0.024202126171010474,0.053194310284851554,0.019032070034910475,0.03418406921511563,0.03416224024994108,0.039644441580024815,0.8622663821891128,0.8617157636331548,0.38854094771875225,0.3888439488783936,0.398,0.392,0.392,True,999,0.00012250000145286322,0.0008084169821813703,strong_2x2_bal_100,strong_null,True,417,1062694068,0.0,0,0
100,100,0.04598985494114549,0.04938150468114799,0.04080015623117106,0.0441904238483346,-0.0033916497400025003,-0.003390267617163545,0.042712001736688994,-0.0794074171683956,-0.07937505804724095,0.9367085692259784,0.9367343068295486,0.903,0.901,0.901,True,999,0.00011362507939338684,0.0009625829989090562,strong_2x2_bal_100,strong_null,True,418,1062694068,0.0,0,0
100,100,0.028891616580002832,0.10001934593897888,0.023717568023087665,0.09479500871306357,-0.07112772935897604,-0.0710774406899759,0.048544147404657616,-1.4652173982182581,-1.4641814614125102,0.14286161429283317,0.1431443741316776,0.136,0.135,0.135,True,999,0.00012512493412941694,0.0007957089692354202,strong_2x2_bal_100,strong_null,True,419,1062694068,0.0,0,0
100,100,0.03399183196071365,0.052014752705386025,0.028815487930302197,0.046828016581656584,-0.018022920744672377,-0.018012528651354387,0.04052501344112658,-0.444735712940737,-0.44447927642324914,0.6565107574429108,0.6566961085443009,0.653,0.654,0.655,True,999,0.00011137500405311584,0.0008020829409360886,strong_2x2_bal_100,strong_null,True,420,1062694068,0.0,0,0
100,100,0.06151961630627867,0.053366839060501214,0.0563183443506432,0.048172856119649055,0.008152777245777454,0.008145488230994147,0.04652708735134141,0.17522646935135094,0.1750698076044364,0.860901686550611,0.8610247818951601,0.866,0.866,0.869,True,999,0.00010887510143220425,0.0007952080341055989,strong_2x2_bal_100,strong_null,True,421,1062694068,0.0,0,0
100,100,0.10776176478064114,0.040794829905367314,0.10249559703862587,0.03561094977699497,0.06696693487527383,0.0668846472616309,0.05187811021935554,1.2908514707285677,1.2892652985782138,0.19675518597430475,0.19730587063358418,0.17,0.177,0.177,True,999,0.00010800000745803118,0.0007937080226838589,strong_2x2_bal_100,strong_null,True,422,1062694068,0.0,0,0
100,100,0.14576859189625957,0.02928001942174485,0.14046838364356518,0.024106287714261043,0.11648857247451472,0.11636209592930413,0.05490838984636566,2.1215077113069816,2.1192043011074753,0.03387909970015145,0.03407320496668794,0.018,0.018,0.018,True,999,0.00011170899961143732,0.0007885840022936463,strong_2x2_bal_100,strong_null,True,423,1062694068,0.0,0,0
100,100,0.03164956794221874,0.14806541511338445,0.02646463414231448,0.1427915746378119,-0.11641584717116571,-0.11632694049549741,0.05597034386437068,-2.0799559040278317,-2.0783674436123705,0.037529577632849136,0.03767552891727571,0.036,0.036,0.036,True,999,0.00010900001507252455,0.0008324169320985675,strong_2x2_bal_100,strong_null,True,424,1062694068,0.0,0,0
100,100,0.10994204993503087,0.06795564700210799,0.10471052906892453,0.06275118149572734,0.041986402932922884,0.04195934757319719,0.05678539779380499,0.739387317235689,0.7389108679938622,0.45967184136499817,0.4599611225423125,0.459,0.459,0.459,True,999,0.00010800000745803118,0.0008195000700652599,strong_2x2_bal_100,strong_null,True,425,1062694068,0.0,0,0
100,100,0.02509373622103761,0.08806985992025163,0.01992232242085379,0.08285103005088956,-0.06297612369921401,-0.06292870763003577,0.04578640777234947,-1.375432726942284,-1.3743971342525496,0.1689973286430152,0.1693184253491058,0.175,0.172,0.172,True,999,0.00010766694322228432,0.0007929169805720448,strong_2x2_bal_100,strong_null,True,426,1062694068,0.0,0,0
100,100,0.04572033088704963,0.04725555557675609,0.04053781125691103,0.04206490692027387,-0.0015352246897064603,-0.001527095663362843,0.04206573665204752,-0.036495847021657576,-0.03630260123564275,0.9708869901017191,0.9710410758224072,0.954,0.954,0.954,True,999,0.00013995799235999584,0.0008458750089630485,strong_2x2_bal_100,strong_null,True,427,1062694068,0.0,0,0
100,100,0.06622639858617951,0.03321907830533266,0.06102599681521781,0.028043423464055195,0.03300732028084685,0.032982573351162614,0.04333353239868501,0.7617038919690859,0.7611328115998108,0.4462367519515217,0.44657774416408824,0.437,0.437,0.437,True,999,0.00011404103133827448,0.0008094169897958636,strong_2x2_bal_100,strong_null,True,428,1062694068,0.0,0,0
100,100,0.017354728373479178,0.04297030740593155,0.012182263432293894,0.03778631239838148,-0.025615579032452374,-0.02560404896608759,0.034134519872451946,-0.7504303305910938,-0.7500925474200438,0.4529955692833453,0.4531989677033593,0.464,0.457,0.457,True,999,0.00011558306869119406,0.0008021659450605512,strong_2x2_bal_100,strong_null,True,429,1062694068,0.0,0,0
100,100,0.057778977696978706,0.028388665317186534,0.052586858872615494,0.023216524234612734,0.02939031237979217,0.02937033463800276,0.04051437625228842,0.7254292204025253,0.7249361178636881,0.4681887522763849,0.4684912218933648,0.543,0.516,0.516,True,999,0.00011454103514552116,0.000803499948233366,strong_2x2_bal_100,strong_null,True,430,1062694068,0.0,0,0
100,100,0.06707733961080531,0.029209586373763807,0.06187720775957928,0.024037543279177953,0.0378677532370415,0.037839664480401325,0.04260584489934591,0.8887924491698757,0.888133179139988,0.37411463468472894,0.3744691171087402,0.345,0.354,0.354,True,999,0.0001105000264942646,0.0007905419915914536,strong_2x2_bal_100,strong_null,True,431,1062694068,0.0,0,0
100,100,0.059204850577441515,0.06842964913510852,0.05401158379129356,0.06322330959217481,-0.009224798557667002,-0.009211725800881254,0.04892623980892399,-0.18854501375322183,-0.18827782058986403,0.8504494323365195,0.8506588710309508,0.857,0.859,0.859,True,999,0.0001117080682888627,0.0007885830709710717,strong_2x2_bal_100,strong_null,True,432,1062694068,0.0,0,0
100,100,0.04553574499710511,0.040003196167557986,0.040353131483556126,0.034822286739995434,0.005532548829547124,0.005530844743560692,0.04045098993263422,0.13677165475457714,0.13672952757822698,0.8912112892851551,0.8912445890833457,0.927,0.93,0.93,True,999,0.0001105419360101223,0.0008277090964838862,strong_2x2_bal_100,strong_null,True,433,1062694068,0.0,0,0
100,100,0.02028667310719401,0.10606628040894384,0.015105298190263738,0.10078362830505228,-0.08577960730174983,-0.08567833011478854,0.04753885163303011,-1.804410589551346,-1.8022801807702697,0.07116696419652152,0.07150133512479129,0.083,0.067,0.067,True,999,0.0001105419360101223,0.0008125409949570894,strong_2x2_bal_100,strong_null,True,434,1062694068,0.0,0,0
100,100,0.015488507236998683,0.03339837382168831,0.010313434630120355,0.02821908310569654,-0.017909866584689627,-0.017905648475576186,0.03083855644121077,-0.5807621578796072,-0.5806253775111265,0.5614007627284108,0.5614929647918687,0.545,0.529,0.529,True,999,0.00010937510523945093,0.0007912920555099845,strong_2x2_bal_100,strong_null,True,435,1062694068,0.0,0,0
100,100,0.02928001942174485,0.04882964909106846,0.024106287714261043,0.043640658046911085,-0.01954962966932361,-0.019534370332650042,0.03872947464421706,-0.5047739441062283,-0.5043799460772401,0.6137176185036815,0.6139944075367364,0.647,0.647,0.647,True,999,0.0001533749746158719,0.0008029170567169785,strong_2x2_bal_100,strong_null,True,436,1062694068,0.0,0,0
100,100,0.10537639233782103,0.06822667887712641,0.10013052006459588,0.06302208908152807,0.03714971346069462,0.03710843098306782,0.055915934300116314,0.6643850974804751,0.6636468020707047,0.506443868445402,0.5069163950600426,0.53,0.53,0.53,True,999,0.00010945810936391354,0.0007915000896900892,strong_2x2_bal_100,strong_null,True,437,1062694068,0.0,0,0
100,100,0.034891356957655106,0.07188236839680184,0.029713114848078703,0.06667912661832531,-0.03699101143914674,-0.03696601177024661,0.04481453436100736,-0.8254244290738902,-0.8248665817313576,0.4091306704469513,0.40944734083130907,0.415,0.414,0.414,True,999,0.00010800000745803118,0.0007957499474287033,strong_2x2_bal_100,strong_null,True,438,1062694068,0.0,0,0
100,100,0.024202126171010474,0.033840617381271976,0.019032070034910475,0.028649796272162575,-0.009638491210261502,-0.0096177262372521,0.03347952968804234,-0.28789207315848336,-0.28727184422447843,0.7734293548674401,0.7739041795276319,0.782,0.783,0.783,True,999,0.00010791700333356857,0.0008077499223873019,strong_2x2_bal_100,strong_null,True,439,1062694068,0.0,0,0
100,100,0.054762727353112384,0.025792784583158812,0.04956936738049933,0.020618629094599328,0.02896994276995357,0.028950738285900002,0.03925480627624699,0.7379973439706727,0.737508117659927,0.46051606313713367,0.4608134084944424,0.44,0.435,0.435,True,999,0.00011462497059255838,0.0007952500600367785,strong_2x2_bal_100,strong_null,True,440,1062694068,0.0,0,0
100,100,0.08500908562488585,0.09241286139553606,0.07978957265127917,0.08715863383908129,-0.007403775770650212,-0.007369061187802117,0.05659955748960822,-0.13080978189643194,-0.13019644524880059,0.895925784657635,0.896411006923595,0.921,0.919,0.92,True,999,0.00013308296911418438,0.000789332902058959,strong_2x2_bal_100,strong_null,True,441,1062694068,0.0,0,0
100,100,0.028899737350249977,0.06089950390415266,0.023727442927850007,0.055698012723695456,-0.03199976655390269,-0.03197056979584545,0.041229388460852806,-0.7761397330519801,-0.77543157901072,0.43766648570400035,0.43808468102119813,0.434,0.437,0.437,True,999,0.00010987499263137579,0.0008010000456124544,strong_2x2_bal_100,strong_null,True,442,1062694068,0.0,0,0
100,100,0.1025758625128741,0.031080629950831495,0.09734048627257152,0.02590104045181363,0.0714952325620426,0.0714394458207579,0.049266268805517384,1.451200472361239,1.4500681207008175,0.1467240454082238,0.14703952394165298,0.148,0.15,0.15,True,999,0.00011124997399747372,0.0008076670346781611,strong_2x2_bal_100,strong_null,True,443,1062694068,0.0,0,0
100,100,0.03956405743651059,0.0844867874786237,0.03438288661810418,0.07923514642362761,-0.04492273004211311,-0.04485225980552343,0.04766648245909438,-0.942438538036956,-0.940960135751867,0.34596816439874145,0.34672528841275896,0.357,0.367,0.367,True,999,0.00011037499643862247,0.0008417919743806124,strong_2x2_bal_100,strong_null,True,444,1062694068,0.0,0,0
100,100,0.02951376404416073,0.08243557958001113,0.024340219921725748,0.07722587845455564,-0.0529218155358504,-0.05288565853282989,0.0456286425770208,-1.159837605217354,-1.1590451862239668,0.24611493019306963,0.2464377669391279,0.272,0.279,0.284,True,999,0.00012812495697289705,0.000811500009149313,strong_2x2_bal_100,strong_null,True,445,1062694068,0.0,0,0
100,100,0.16381912024098366,0.05718565023318045,0.1585049064451738,0.05198814170663013,0.10663347000780321,0.10651676473854366,0.06156191904505779,1.7321336251678103,1.7302378871682502,0.0832497735291325,0.08358778180249679,0.083,0.078,0.078,True,999,0.0001116669736802578,0.0008090420160442591,strong_2x2_bal_100,strong_null,True,446,1062694068,0.0,0,0
100,100,0.06364066524245504,0.044902570079585646,0.05844311293088822,0.039715261814606606,0.018738095162869395,0.018727851116281613,0.0452987443226039,0.41365595102200564,0.4134298068597122,0.6791260909032308,0.6792917401317418,0.688,0.69,0.69,True,999,0.00010937510523945093,0.0008313750149682164,strong_2x2_bal_100,strong_null,True,447,1062694068,0.0,0,0
100,100,0.04606453410618794,0.04550937731471627,0.040880754384517104,0.040325315708599874,0.0005551567914716671,0.0005554386759172303,0.04178822576162396,0.013285005078667231,0.013291750625778304,0.9894004113477636,0.9893950296550427,0.981,0.981,0.981,True,999,0.00010941701475530863,0.0008134579984471202,strong_2x2_bal_100,strong_null,True,448,1062694068,0.0,0,0
100,100,0.11125010421168502,0.0656604364922867,0.10600933438439597,0.06045503138852837,0.04558966771939832,0.0455543029958676,0.056476358971520375,0.8072345411358416,0.8066083548133743,0.41953136893138765,0.4198921587239244,0.404,0.408,0.408,True,999,0.00011270900722593069,0.0008188339415937662,strong_2x2_bal_100,strong_null,True,449,1062694068,0.0,0,0
100,100,0.11037398393080611,0.02828423432100291,0.10513945511530665,0.023106691378416144,0.0820897496098032,0.0820327637368905,0.050050011204029014,1.6401544701990993,1.6390158915746034,0.10097305323402055,0.10120995010400764,0.097,0.092,0.092,True,999,0.0001181670231744647,0.000831749988719821,strong_2x2_bal_100,strong_null,True,450,1062694068,0.0,0,0
100,100,0.09208111072952418,0.06938782112624642,0.08685799581469666,0.06417762430389473,0.022693289603277766,0.022680371510801933,0.0544047987235572,0.4171192640301343,0.4168818200402856,0.6765911750327205,0.6767648517601446,0.668,0.667,0.667,True,999,0.000139000010676682,0.0007928750710561872,strong_2x2_bal_100,strong_null,True,451,1062694068,0.0,0,0
100,100,0.05940846856642301,0.11181266977316817,0.054215277101889114,0.10653075019453695,-0.05240420120674516,-0.052315473092647835,0.05520574665558517,-0.9492526481650878,-0.9476454221157622,0.34249213042333504,0.3433099942663591,0.333,0.335,0.335,True,999,0.00011000002268701792,0.000811832956969738,strong_2x2_bal_100,strong_null,True,452,1062694068,0.0,0,0
100,100,0.029530171339973266,0.019077918605384214,0.024353667419092062,0.013910655710276387,0.010452252734589051,0.010443011708815675,0.030777154982651413,0.3396107515616963,0.33931049555107456,0.7341496803230763,0.7343758368521478,0.725,0.725,0.725,True,999,0.00010845903307199478,0.0008430839516222477,strong_2x2_bal_100,strong_null,True,453,1062694068,0.0,0,0
100,100,0.019591404667951062,0.0742358884664911,0.014416193560265356,0.06902712915848497,-0.05464448379854003,-0.05461093559821961,0.041920073069074464,-1.3035398031987855,-1.3027395135555604,0.19239053670762463,0.19266370714074665,0.173,0.174,0.174,True,999,0.00010908290278166533,0.0007938749622553587,strong_2x2_bal_100,strong_null,True,454,1062694068,0.0,0,0
100,100,0.06089950390415266,0.020440182082595126,0.055698012723695456,0.015269826636711059,0.04045932182155754,0.0404281860869844,0.03922671666354424,1.031422593141955,1.030628855168925,0.302342690438301,0.3027148992524251,0.237,0.233,0.233,True,999,0.00010729196947067976,0.0007929590065032244,strong_2x2_bal_100,strong_null,True,455,1062694068,0.0,0,0
100,100,0.007272055744602657,0.02397749898902679,0.002113431103083485,0.018808310652445925,-0.016705443244424134,-0.01669487954936244,0.02475065932821429,-0.6749494234838793,-0.6745226188916618,0.4997078984910207,0.49997911042870125,0.518,0.512,0.51,True,999,0.00010712502989917994,0.0007967499550431967,strong_2x2_bal_100,strong_null,True,456,1062694068,0.0,0,0
100,100,0.028773846255094826,0.00897539347503018,0.023602024761970597,0.0037988223118219366,0.019798452780064646,0.01980320245014866,0.027136309051905894,0.7295926922926211,0.7297677223630308,0.4656391904114837,0.46553217746371234,0.44,0.447,0.447,True,999,0.00010558299254626036,0.0007881659548729658,strong_2x2_bal_100,strong_null,True,457,1062694068,0.0,0,0
100,100,0.08289756095211143,0.02913203618848237,0.07768458302194858,0.023959930575244925,0.05376552476362906,0.05372465244670366,0.045620198672080677,1.1785464844223328,1.1776505585361001,0.23857881203858422,0.23893594504895854,0.222,0.23,0.23,True,999,0.00010575004853308201,0.0007895840099081397,strong_2x2_bal_100,strong_null,True,458,1062694068,0.0,0,0
100,100,0.05113387979598527,0.0653260642008755,0.04593024971897819,0.06012908305828546,-0.014192184404890229,-0.01419883333930727,0.04671068070504517,-0.3038316759823486,-0.30397401889657477,0.7612561328903851,0.7611476850621468,0.792,0.795,0.795,True,999,0.00010970805305987597,0.0008012080797925591,strong_2x2_bal_100,strong_null,True,459,1062694068,0.0,0,0
100,100,0.055971286859761826,0.09219219289364089,0.050773277491273916,0.08696106002729209,-0.03622090603387906,-0.036187782536018176,0.05217813212392513,-0.694177897128494,-0.6935430814209823,0.4875706520660691,0.4879687994235702,0.488,0.479,0.479,True,999,0.00012437498662620783,0.0008067080052569509,strong_2x2_bal_100,strong_null,True,460,1062694068,0.0,0,0
100,100,0.03359123132952757,0.03044293585814062,0.028400236174604743,0.02526285525514993,0.0031482954713869526,0.003137380919454813,0.03511281071441897,0.08966230294102075,0.08935146049605357,0.9285555731337437,0.9288025980182177,0.89,0.89,0.89,True,999,0.00013675005175173283,0.0008183750323951244,strong_2x2_bal_100,strong_null,True,461,1062694068,0.0,0,0
100,100,0.04388246162218301,0.15367263563266664,0.038698974724681534,0.1483990617866482,-0.10979017401048363,-0.10970008706196666,0.05851339077482471,-1.8763256163531148,-1.8747860209318947,0.060610581613120405,0.06082216708283767,0.073,0.068,0.066,True,999,0.00010866706725209951,0.0008363330271095037,strong_2x2_bal_100,strong_null,True,462,1062694068,0.0,0,0
100,100,0.05899469949768721,0.041605017473507866,0.05380304350626375,0.0364158301709665,0.017389682024179343,0.017387213335297247,0.043702707758666776,0.39790857171157223,0.39785208347528883,0.6906975813498903,0.6907392224090194,0.696,0.695,0.695,True,999,0.00011079094838351011,0.0007894170703366399,strong_2x2_bal_100,strong_null,True,463,1062694068,0.0,0,0
100,100,0.04763194464340381,0.05247954414889877,0.04244147901501094,0.04728988711312354,-0.0048475995054949594,-0.0048484080981126,0.04355248942433453,-0.11130476281767743,-0.11132332875106787,0.9113746786938192,0.9113599567140095,0.935,0.937,0.937,True,999,0.00011008302681148052,0.0007876250892877579,strong_2x2_bal_100,strong_null,True,464,1062694068,0.0,0,0
100,100,0.1314154595623117,0.04221237139378653,0.12616110561219784,0.03702649579555839,0.08920308816852518,0.08913460981663945,0.055496752459837234,1.6073569031463792,1.6061229867665823,0.10797609830917392,0.10824689019069222,0.113,0.113,0.113,True,999,0.00010750000365078449,0.0007948749698698521,strong_2x2_bal_100,strong_null,True,465,1062694068,0.0,0,0
100,100,0.03919101248215251,0.04287329849187149,0.034004689460388704,0.037647873196931414,-0.0036822860097189825,-0.00364318373654271,0.03955921905874784,-0.09308287922091092,-0.09209443015374902,0.9258377187799778,0.9266230137407463,0.927,0.927,0.927,True,999,0.00010754191316664219,0.0007856249576434493,strong_2x2_bal_100,strong_null,True,466,1062694068,0.0,0,0
100,100,0.037708628753393314,0.05220314090689748,0.03252831478010876,0.04701571431220941,-0.014494512153504169,-0.014487399532100653,0.04142335141974296,-0.3499116236789058,-0.34973991807905125,0.726405023397228,0.7265338929911003,0.725,0.722,0.722,True,999,0.00010658404789865017,0.0007891670102253556,strong_2x2_bal_100,strong_null,True,467,1062694068,0.0,0,0
100,100,0.045879306933472086,0.02369145043915266,0.04069543386992791,0.018509253832064587,0.022187856494319425,0.022186180037863323,0.03653153560495839,0.6073617253392405,0.6073158346744124,0.5436108831915676,0.5436413317961377,0.546,0.558,0.558,True,999,0.00010883307550102472,0.0007954169996082783,strong_2x2_bal_100,strong_null,True,468,1062694068,0.0,0,0
100,100,0.06554999928391636,0.09453440153607562,0.060352174363487165,0.08930909868209369,-0.028984402252159258,-0.028956924318606525,0.054251293806537385,-0.5342619542958547,-0.5337554606875967,0.5931603106297232,0.593510732472585,0.623,0.623,0.623,True,999,0.00013479194603860378,0.0008011249592527747,strong_2x2_bal_100,strong_null,True,469,1062694068,0.0,0,0
100,100,0.06617185638282819,0.034206006545573486,0.06097514953060568,0.02903104905192322,0.0319658498372547,0.03194410047868246,0.04353367160336006,0.734278747000689,0.7337791484653208,0.4627788681751668,0.46308335086604935,0.493,0.49,0.489,True,999,0.00010900001507252455,0.0008287919918075204,strong_2x2_bal_100,strong_null,True,470,1062694068,0.0,0,0
100,100,0.10133752297070897,0.02717539821732995,0.09610922447077996,0.021983839676138928,0.07416212475337902,0.07412538479464104,0.04835428500445286,1.5337239449730167,1.5329641372592928,0.12509758039296612,0.1252846914070016,0.111,0.114,0.114,True,999,0.00011195801198482513,0.0008306249510496855,strong_2x2_bal_100,strong_null,True,471,1062694068,0.0,0,0
100,100,0.019637106628919376,0.003224168082349932,0.014469996022114628,-0.0019333162436510065,0.016412938546569444,0.016403312265765635,0.02120123134016828,0.7741502502014193,0.7736962067239741,0.4388419443792969,0.43911046374070783,0.442,0.422,0.422,True,999,0.00011262495536357164,0.0007955830078572035,strong_2x2_bal_100,strong_null,True,472,1062694068,0.0,0,0
100,100,0.011279922329317071,0.04725555557675609,0.006108874927107877,0.04206490692027387,-0.03597563324743902,-0.03595603199316599,0.0334652642556279,-1.0750141690989021,-1.074428449705704,0.28236838469498404,0.28263069719124057,0.286,0.286,0.287,True,999,0.00011000002268701792,0.0007960420334711671,strong_2x2_bal_100,strong_null,True,473,1062694068,0.0,0,0
100,100,0.019968949946638226,0.03284120813174418,0.014802221581192043,0.02766403529844297,-0.012872258185105956,-0.012861813717250925,0.032054376113525136,-0.40157568936974536,-0.4012498534271571,0.6879963242279943,0.6882361797015004,0.714,0.713,0.713,True,999,0.00011383299715816975,0.0008018750231713057,strong_2x2_bal_100,strong_null,True,474,1062694068,0.0,0,0
100,100,0.03448819381301116,0.07457264285283094,0.029312193363125516,0.06936812884669052,-0.04008444903981978,-0.04005593548356501,0.0451936393364462,-0.8869489075975757,-0.8863179879222979,0.37510640864111944,0.3754461986362517,0.367,0.403,0.403,True,999,0.0001076249172911048,0.0007900410564616323,strong_2x2_bal_100,strong_null,True,475,1062694068,0.0,0,0
100,100,0.016457837087537786,0.12040616513819713,0.011291318388501281,0.11515909825942572,-0.10394832805065934,-0.10386777987092444,0.04929433121019455,-2.1087278293200944,-2.1070938041135965,0.03496808125928304,0.035109449302663076,0.022,0.022,0.022,True,999,0.00010945799294859171,0.0007960420334711671,strong_2x2_bal_100,strong_null,True,476,1062694068,0.0,0,0
100,100,0.1297762163272328,0.17841073676821229,0.1244197666525082,0.17310886381577006,-0.04863452044097949,-0.04868909716326186,0.0710636063562768,-0.6843801340048903,-0.6851481322121408,0.49373515726776085,0.4932504500305098,0.526,0.527,0.527,True,999,0.00010983401443809271,0.0008335000602528453,strong_2x2_bal_100,strong_null,True,477,1062694068,0.0,0,0
100,100,0.06423198976048061,0.055205449888503066,0.059013840568425735,0.05000701213637626,0.009026539871977546,0.009006828432049474,0.047176306124121305,0.19133630022301099,0.19091847522678915,0.8482621229503886,0.8485894652714444,0.847,0.847,0.847,True,999,0.00010808301158249378,0.0007970829028636217,strong_2x2_bal_100,strong_null,True,478,1062694068,0.0,0,0
100,100,0.06270638444918264,0.03676105641245542,0.05750758133876843,0.031580114908592805,0.025945328036727222,0.025927466430175627,0.04346823142742286,0.5968802314869213,0.5964693197482779,0.550587346541352,0.5508617437415677,0.641,0.513,0.514,True,999,0.00012166600208729506,0.0008102089632302523,strong_2x2_bal_100,strong_null,True,479,1062694068,0.0,0,0
100,100,0.05220314090689748,0.03979716486732965,0.04701571431220941,0.03461814323193835,0.012405976039567834,0.012397571080271064,0.0418637885086329,0.2963414559819293,0.29614068678267164,0.766969329630019,0.7671226431914846,0.765,0.778,0.78,True,999,0.00011354195885360241,0.0008524170843884349,strong_2x2_bal_100,strong_null,True,480,1062694068,0.0,0,0
100,100,0.04758960796726952,0.10994204993503065,0.042399988055990434,0.10471052906892453,-0.06235244196776113,-0.062310541012934095,0.053489878283676774,-1.1656867423979331,-1.1649033987790747,0.24374112229788036,0.24405809758257624,0.203,0.203,0.203,True,999,0.0001134589547291398,0.0007934590103104711,strong_2x2_bal_100,strong_null,True,481,1062694068,0.0,0,0
100,100,0.05247954414889877,0.02509373622103761,0.04728988711309512,0.01992232242085379,0.02738580792786116,0.02736756469224133,0.03849327267067812,0.7114440011935393,0.7109700681046096,0.47680914051979784,0.4771027842025233,0.479,0.482,0.482,True,999,0.00011075008660554886,0.000810665893368423,strong_2x2_bal_100,strong_null,True,482,1062694068,0.0,0,0
100,100,0.07457264285283094,0.07391015090475495,0.06936812884669052,0.06870545758084745,0.0006624919480759939,0.0006626712658430733,0.05238147380461048,0.012647447655771821,0.012650870960884394,0.9899090658034425,0.9899063346196514,0.984,0.984,0.984,True,999,0.00011404103133827448,0.00080091692507267,strong_2x2_bal_100,strong_null,True,483,1062694068,0.0,0,0
100,100,0.05247954414889877,0.03432252655653312,0.04728988711312354,0.029146412337979655,0.018157017592365654,0.018143474775143886,0.04068872825956864,0.44624195370607894,0.44590911417530343,0.6554224807726552,0.6556628983788203,0.658,0.658,0.658,True,999,0.00011029106099158525,0.0007931250147521496,strong_2x2_bal_100,strong_null,True,484,1062694068,0.0,0,0
100,100,0.04192574010735017,0.02716617125211762,0.03673751454763874,0.021992970881825613,0.014759568855232552,0.014744543665813126,0.03646483961793374,0.4047616556079315,0.40434960965964667,0.6856527167056239,0.6859556494695298,0.675,0.685,0.685,True,999,0.00010916602332144976,0.0007907079998403788,strong_2x2_bal_100,strong_null,True,485,1062694068,0.0,0,0
100,100,0.03895131231666282,0.012164114651842195,0.03376976820115374,0.006997099542417118,0.026787197664820628,0.02677266865873662,0.031454809496933175,0.8516089619755085,0.8511470610351952,0.3944311638194944,0.3946876659161971,0.385,0.392,0.392,True,999,0.00010870909318327904,0.0007866669911891222,strong_2x2_bal_100,strong_null,True,486,1062694068,0.0,0,0
100,100,0.05661681921289341,0.02312797372983022,0.051410905104106064,0.017950119837010448,0.03348884548306319,0.033460785267095616,0.038907331540367615,0.8607335470518566,0.8600123406658966,0.38938481215245835,0.3897822399143085,0.387,0.384,0.384,True,999,0.0001092919846996665,0.0008065829752013087,strong_2x2_bal_100,strong_null,True,487,1062694068,0.0,0,0
100,100,0.024908305558752786,0.04594361002401559,0.019733330573686203,0.04075230116282569,-0.021035304465262805,-0.021018970589139485,0.036881923909230535,-0.5703418432572126,-0.5698989738406519,0.568445865964567,0.5687462209192624,0.595,0.591,0.591,True,999,0.00010991597082465887,0.0007909999694675207,strong_2x2_bal_100,strong_null,True,488,1062694068,0.0,0,0
100,100,0.051781020882999296,0.05597128685976205,0.046586289480345044,0.050773277491273916,-0.004190265976762753,-0.0041869880109288715,0.045260569537589446,-0.09258093787977384,-0.09250851356281603,0.9262364880654959,0.9262940273829874,0.924,0.924,0.924,True,999,0.00011387502308934927,0.0008428340079262853,strong_2x2_bal_100,strong_null,True,489,1062694068,0.0,0,0
100,100,0.008996252207968736,0.026455496327183914,0.003833661535054489,0.02128106559686671,-0.017459244119215178,-0.01744740406181222,0.026364941620263503,-0.6622144046697375,-0.6617653212781074,0.507833823819601,0.5081216342257161,0.502,0.506,0.506,True,999,0.00011000002268701792,0.0008057079976424575,strong_2x2_bal_100,strong_null,True,490,1062694068,0.0,0,0
100,100,0.025644739629517743,0.05199276349977677,0.02047044986328217,0.04680289384511127,-0.02634802387025903,-0.0263324439818291,0.038517438029995105,-0.6840544236026483,-0.6836499343835628,0.49394080006147956,0.4941962449858126,0.5,0.504,0.504,True,999,0.00010779104195535183,0.0008083749562501907,strong_2x2_bal_100,strong_null,True,491,1062694068,0.0,0,0
100,100,0.09103835747329414,0.07341972240158146,0.08582259536504466,0.06821691751432013,0.017618635071712685,0.017605677850724533,0.054871914721373705,0.32108657336227187,0.3208504376076888,0.7481447849521463,0.7483237347174054,0.727,0.727,0.723,True,999,0.00010954204481095076,0.0008138329721987247,strong_2x2_bal_100,strong_null,True,492,1062694068,0.0,0,0
100,100,0.06554999928391636,0.03405977333939536,0.060352174363487165,0.028880956446698747,0.031490225944521,0.03147121791678842,0.04338592166043746,0.7258166875186185,0.7253785724111108,0.4679511554353165,0.46821981482331154,0.502,0.502,0.502,True,999,0.00011283298954367638,0.0008158331038430333,strong_2x2_bal_100,strong_null,True,493,1062694068,0.0,0,0
100,100,0.06685222769768373,0.017496894311144096,0.06162530813277556,0.012319023105774818,0.049355333386539635,0.04930628502700074,0.039972942978095664,1.2347185298211674,1.233491490832175,0.21693527717598848,0.21739244946139424,0.203,0.203,0.203,True,999,0.00011349993292242289,0.0008172919042408466,strong_2x2_bal_100,strong_null,True,494,1062694068,0.0,0,0
100,100,0.02364422431130242,0.015258532516596812,0.018471408995495153,0.010082871045526076,0.008385691794705608,0.008388537949969077,0.027591477178642392,0.3039232637097328,0.30402641713080714,0.7611863537462231,0.7611077652209308,0.775,0.772,0.772,True,999,0.00011641602031886578,0.0008116249227896333,strong_2x2_bal_100,strong_null,True,495,1062694068,0.0,0,0
100,100,0.07078772604321837,0.03378028556167256,0.06558415920513028,0.02855646834554193,0.037007440481545806,0.03702769085958835,0.04426677085632835,0.836009488960843,0.836466951243517,0.40314956487076925,0.4028922614784676,0.406,0.402,0.401,True,999,0.00011533405631780624,0.0008539169793948531,strong_2x2_bal_100,strong_null,True,496,1062694068,0.0,0,0
100,100,0.0032383151255390707,0.08736556736249779,-0.0019179487954943397,0.08212687327576873,-0.08412725223695872,-0.08404482207126307,0.04048191145007333,-2.078144267982838,-2.0761080458099475,0.03769607343218713,0.03788395920337185,0.013,0.013,0.013,True,999,0.00011487503070384264,0.0008305419469252229,strong_2x2_bal_100,strong_null,True,497,1062694068,0.0,0,0
100,100,0.024947627515162663,0.0990946015821601,0.01977607778650281,0.09387147319645806,-0.07414697406699744,-0.07409539540995524,0.047634760049523814,-1.5565728470115103,-1.5554900524936295,0.11957193468615936,0.11982940187121154,0.128,0.126,0.126,True,999,0.0001178329112008214,0.0008701250189915299,strong_2x2_bal_100,strong_null,True,498,1062694068,0.0,0,0
100,100,0.07484944193393295,0.04228567460549826,0.06963433056918689,0.03709764844347774,0.03256376732843469,0.03253668212570915,0.046747032042401146,0.6965953966638619,0.6960159972551256,0.48605603751719406,0.48641881146000465,0.469,0.469,0.469,True,999,0.0001215840457007289,0.0008170839864760637,strong_2x2_bal_100,strong_null,True,499,1062694068,0.0,0,0
100,100,0.02426508867076016,0.04669225475435179,0.019096178238271477,0.04150132693094122,-0.022427166083591632,-0.02240514869266974,0.03689693717299937,-0.6078327308967938,-0.6072360041056605,0.5432984185427046,0.5436943016588749,0.519,0.52,0.52,True,999,0.00011541694402694702,0.0008237090660259128,strong_2x2_bal_100,strong_null,True,500,1062694068,0.0,0,0
100,100,0.04564337490516657,0.009836267002215071,0.04045645449031099,0.004676295423678312,0.035807107902951496,0.03578015906663268,0.03263727107135281,1.0971232191768936,1.0962975117744609,0.2725875313911189,0.27294859795061277,0.264,0.263,0.263,True,999,0.00012004200834780931,0.0008231670362874866,strong_2x2_bal_100,strong_null,True,501,1062694068,0.0,0,0
100,100,0.031160597538534285,0.07391015090475495,0.02598106850089721,0.06870545758084745,-0.04274955336622066,-0.04272438907995024,0.044367531570768726,-0.9635323817380442,-0.9629652037729983,0.3352804218169708,0.33556498566600923,0.382,0.387,0.387,True,999,0.00010799989104270935,0.0008315830491483212,strong_2x2_bal_100,strong_null,True,502,1062694068,0.0,0,0
100,100,0.0964656737433458,0.04106131032185378,0.09118976512313282,0.035877582907573924,0.05540436342149202,0.05531218221555889,0.04974894651238755,1.113679129018265,1.111826201219881,0.2654168661464733,0.2662128840642659,0.289,0.296,0.296,True,999,0.00011158396955579519,0.0008287919918075204,strong_2x2_bal_100,strong_null,True,503,1062694068,0.0,0,0
100,100,0.09080171068567411,0.051912047129490935,0.08558590285542778,0.046724493421635316,0.038889663556183174,0.03886140943379246,0.05130015346974088,0.7580808423725678,0.7575300814005295,0.4484025876969493,0.4487323509527775,0.46,0.466,0.466,True,999,0.000112209003418684,0.0008666669018566608,strong_2x2_bal_100,strong_null,True,504,1062694068,0.0,0,0
100,100,0.09079529903708372,0.060244385944802414,0.08555776881556199,0.05504804486290027,0.030550913092281307,0.030509723952661716,0.052827687732884696,0.5783125176092777,0.5775328291279674,0.5630531447622602,0.5635795681345448,0.57,0.564,0.564,True,999,0.00011254195123910904,0.0008454580092802644,strong_2x2_bal_100,strong_null,True,505,1062694068,0.0,0,0
100,100,0.043304782161658006,0.03341692530493012,0.03811953542025037,0.02823374436862025,0.009887856856727884,0.009885791051630122,0.03842453280454056,0.25733186938214253,0.2572781067220142,0.7969225923995269,0.7969640920454552,0.802,0.803,0.803,True,999,0.0001200829865410924,0.0008286249358206987,strong_2x2_bal_100,strong_null,True,506,1062694068,0.0,0,0
100,100,0.036944118858446284,0.08749774613675043,0.0317579468193685,0.08228126252640777,-0.05055362727830415,-0.050523315707039274,0.04804232952956043,-1.0522726057069842,-1.0516416710382932,0.29267449637364473,0.29296398154081393,0.302,0.302,0.302,True,999,0.0001403329661116004,0.0008470830507576466,strong_2x2_bal_100,strong_null,True,507,1062694068,0.0,0,0
100,100,0.028388665317186312,0.09546200843768216,0.023216524234612734,0.0902327060328929,-0.06707334312049584,-0.06701618179828017,0.04777674504697124,-1.4038910154836488,-1.40269458985525,0.16035130549028997,0.16070793130995997,0.171,0.171,0.171,True,999,0.00011766701936721802,0.0008545840391889215,strong_2x2_bal_100,strong_null,True,508,1062694068,0.0,0,0
100,100,0.09949481585682429,0.031237560290885202,0.09423737667947307,0.026053027003143825,0.06825725556593909,0.06818434967632925,0.04865821497969258,1.4027899624847753,1.4012916360533543,0.1606794810489156,0.16112688129009112,0.147,0.148,0.148,True,999,0.00012370804324746132,0.0008057079976424575,strong_2x2_bal_100,strong_null,True,509,1062694068,0.0,0,0
100,100,0.14480090581987892,0.0038098204245208267,0.13951919353337416,-0.0013540801574123407,0.1409910853953581,0.1408732736907865,0.05020509168502436,2.808302517997676,2.8059559093048625,0.004980341770044112,0.005016755630002043,0.002,0.002,0.002,True,999,0.0001112909521907568,0.0007849170360714197,strong_2x2_bal_100,strong_null,True,510,1062694068,0.0,0,0
100,100,0.033497402386165276,0.03609582293722302,0.028320707870093997,0.030912397101076294,-0.002598420551057745,-0.002591689230982297,0.036691644461216165,-0.07081777307104156,-0.07063431658730278,0.9435427864735477,0.9436887979249339,0.97,0.97,0.97,True,999,0.00010954204481095076,0.0008057919330894947,strong_2x2_bal_100,strong_null,True,511,1062694068,0.0,0,0
100,100,0.06311256316112324,0.11048873398445824,0.05790627345332666,0.10524786671719255,-0.047376170823335007,-0.04734159326386589,0.05602628245044018,-0.845606182513414,-0.8449890157488745,0.3977724754277263,0.3981169719162875,0.388,0.387,0.387,True,999,0.00011137500405311584,0.0007890000706538558,strong_2x2_bal_100,strong_null,True,512,1062694068,0.0,0,0
100,100,0.03755685578123669,0.09241056846158013,0.03237710797134241,0.08718620684922485,-0.05485371268034345,-0.054809098877882434,0.04912267621287475,-1.1166678387519657,-1.1157596267834713,0.26413637392054035,0.26452503974216557,0.251,0.255,0.255,True,999,0.00011629099026322365,0.0008239169837906957,strong_2x2_bal_100,strong_null,True,513,1062694068,0.0,0,0
100,100,0.05901705585352923,0.04669225475435179,0.053820261823716464,0.04150132693094122,0.01232480109917744,0.012318934892775246,0.04468521627599451,0.27581384015362786,0.27568256169307476,0.7826910529912695,0.7827918905438609,0.791,0.791,0.791,True,999,0.00011183402966707945,0.0008194579277187586,strong_2x2_bal_100,strong_null,True,514,1062694068,0.0,0,0
100,100,0.052171037078037164,0.14702233170526868,0.046974791164785756,0.1417221857284119,-0.09485129462723152,-0.09474739456362613,0.05879018226331018,-1.6133866400075167,-1.6116193370394796,0.10666053386164515,0.10704480017178875,0.119,0.109,0.109,True,999,0.0001141249667853117,0.0008425420382991433,strong_2x2_bal_100,strong_null,True,515,1062694068,0.0,0,0
100,100,0.039641509977818234,0.04297030740593155,0.03446305782784975,0.03778631239838148,-0.003328797428113317,-0.0033232545705317307,0.039823882967416534,-0.08358796732194354,-0.08344878306444355,0.9333840341398174,0.9334947004695755,0.972,0.971,0.971,True,999,0.00011141702998429537,0.0008067500311881304,strong_2x2_bal_100,strong_null,True,516,1062694068,0.0,0,0
100,100,0.012696250330946235,0.12619306673525021,0.007526769322723226,0.1209233138436474,-0.11349681640430398,-0.11339654452092418,0.04918383798001796,-2.3076039013143834,-2.3055651851934384,0.021021177331428033,0.021134940498339947,0.014,0.015,0.015,True,999,0.0001200829865410924,0.0008089159382507205,strong_2x2_bal_100,strong_null,True,517,1062694068,0.0,0,0
100,100,0.1250027352754386,0.10109391384941735,0.11973287757783169,0.09585830900522296,0.023908821426021243,0.023874568572608723,0.06293536366564108,0.3798948640869461,0.37935060961032946,0.7040234599145085,0.7044275221244058,0.702,0.705,0.705,True,999,0.00011641695164144039,0.0008249579695984721,strong_2x2_bal_100,strong_null,True,518,1062694068,0.0,0,0
100,100,0.07276017128216583,0.060244385944802636,0.06755718170455793,0.05504804486290027,0.012515785337363194,0.012509136841657664,0.04978242529195509,0.2514097146525676,0.2512761635917959,0.8014973576586444,0.8016006027709774,0.83,0.83,0.83,True,999,0.0001159169478341937,0.0008362090447917581,strong_2x2_bal_100,strong_null,True,519,1062694068,0.0,0,0
100,100,0.029209586373763807,0.06639707712193688,0.024037543279177953,0.061199525402599875,-0.03718749074817307,-0.03716198212342192,0.04248509727374988,-0.8753067106933511,-0.8747062972216157,0.3814070437448014,0.3817337328566225,0.396,0.407,0.407,True,999,0.00011458306107670069,0.0007889579283073545,strong_2x2_bal_100,strong_null,True,520,1062694068,0.0,0,0
100,100,0.0749012577510274,0.04550937731471627,0.0696926781604219,0.040325315708599874,0.029391880436311135,0.029367362451822032,0.0474296324234188,0.6196944596559563,0.6191775257638649,0.5354589639504745,0.5357994156159837,0.53,0.54,0.54,True,999,0.00011212506797164679,0.0007949999999254942,strong_2x2_bal_100,strong_null,True,521,1062694068,0.0,0,0
100,100,0.019369497185629636,0.10257586251287432,0.014197891865336487,0.09734048627257152,-0.08320636532724468,-0.08314259440723504,0.04697938572718701,-1.7711250166281567,-1.7697675931748156,0.0765399147980413,0.07676586449941668,0.07,0.074,0.074,True,999,0.00012929097283631563,0.0007949169958010316,strong_2x2_bal_100,strong_null,True,522,1062694068,0.0,0,0
100,100,0.026455496327183914,0.07442161287012172,0.02128106559686671,0.06919710689403757,-0.04796611654293781,-0.047916041297170864,0.0434437008257154,-1.104098307263581,-1.102945660393835,0.26955049549295385,0.270050763754458,0.25,0.248,0.248,True,999,0.00010812492109835148,0.0008064169669523835,strong_2x2_bal_100,strong_null,True,523,1062694068,0.0,0,0
100,100,0.08228287850505178,0.08232370950147083,0.07707424871352941,0.07711060018824867,-4.083099641905008e-05,-3.635147471925393e-05,0.05490734362685633,-0.0007436345254021501,-0.0006620512361022992,0.9994066655479865,0.9994717595788425,1.0,1.0,1.0,True,999,0.00010762503370642662,0.0008423749823123217,strong_2x2_bal_100,strong_null,True,524,1062694068,0.0,0,0
100,100,0.07215079010781489,0.01647169930152559,0.06693049134733542,0.011307154727290936,0.0556790908062893,0.05562333662004448,0.040581585798854874,1.3720284634086537,1.3706545844646134,0.17005457719545536,0.1704826585649274,0.142,0.144,0.144,True,999,0.00011108303442597389,0.000792665989138186,strong_2x2_bal_100,strong_null,True,525,1062694068,0.0,0,0
100,100,0.07435170133742408,0.11259596286449403,0.0691471279678808,0.10734522507040367,-0.038244261527069945,-0.038198097102522865,0.057896683739514794,-0.6605604856253283,-0.6597631269241845,0.5088942167802311,0.5094058492162823,0.499,0.498,0.498,True,999,0.00010791607201099396,0.0007914579473435879,strong_2x2_bal_100,strong_null,True,526,1062694068,0.0,0,0
100,100,0.08255001320795574,0.0320259368087773,0.07734033821611774,0.026848147873423045,0.05052407639917844,0.0504921903426947,0.04618143516560597,1.0940343499070528,1.0933438980757184,0.27393991325611067,0.2742428357304755,0.275,0.272,0.272,True,999,0.00010737497359514236,0.0008012080797925591,strong_2x2_bal_100,strong_null,True,527,1062694068,0.0,0,0
100,100,0.08183549183411454,0.05343813071859982,0.07661640876138165,0.048244853876113325,0.02839736111551472,0.028371554885268324,0.05007112392099074,0.5671404772204448,0.5666250857487631,0.5706187442989017,0.5709689278143645,0.567,0.568,0.568,True,999,0.00010766705963760614,0.0007905409438535571,strong_2x2_bal_100,strong_null,True,528,1062694068,0.0,0,0
100,100,0.01799216128088843,0.03988480078387058,0.012820506251500774,0.03470583080502365,-0.021892639502982147,-0.021885324553522878,0.0334334932107396,-0.6548116095732925,-0.6545928185120905,0.5125890549776126,0.512729949052716,0.495,0.5,0.5,True,999,0.00010737497359514236,0.0008062500273808837,strong_2x2_bal_100,strong_null,True,529,1062694068,0.0,0,0
100,100,0.02913203618848237,0.020068881968934305,0.023959930575273347,0.014902775810469393,0.009063154219548064,0.009057154764803954,0.03096474374163598,0.29269269253991975,0.29249894138879867,0.7697570559218365,0.7699051691593224,0.771,0.769,0.769,True,999,0.00011324998922646046,0.0008203330216929317,strong_2x2_bal_100,strong_null,True,530,1062694068,0.0,0,0
100,100,0.02988796993550691,0.022979168343198464,0.024707448590191916,0.017808977342284038,0.0069088015923084445,0.006898471247907878,0.03207034262360404,0.21542649772701553,0.21510438254035197,0.8294348127586577,0.8296859371105988,0.812,0.813,0.813,True,999,0.0001116250641644001,0.0008270000107586384,strong_2x2_bal_100,strong_null,True,531,1062694068,0.0,0,0
100,100,0.06821230451256755,0.09459370726667216,0.06299084482080275,0.08936301331438301,-0.02638140275410461,-0.02637216849358026,0.05440331576643788,-0.48492269970022017,-0.4847529626098562,0.62773117963917,0.627851592398029,0.642,0.642,0.64,True,999,0.00010800000745803118,0.0008137919940054417,strong_2x2_bal_100,strong_null,True,532,1062694068,0.0,0,0
100,100,0.058386195386126105,0.09839440085990037,0.053194310284851554,0.09316562293847142,-0.04000820547377426,-0.03997131265361986,0.053582417655763985,-0.7466666720938914,-0.7459781473544626,0.4552647922043471,0.4556806158821013,0.472,0.473,0.473,True,999,0.00011262507177889347,0.0008489579195156693,strong_2x2_bal_100,strong_null,True,533,1062694068,0.0,0,0
100,100,0.05879803751602253,0.06954414077971316,0.05360461857230803,0.06433286090916113,-0.010746103263690632,-0.0107282423368531,0.048894029480048215,-0.21978354776580045,-0.21941824903653903,0.8260397333432477,0.8263242556962627,0.777,0.777,0.777,True,999,0.0001141249667853117,0.0007930829888209701,strong_2x2_bal_100,strong_null,True,534,1062694068,0.0,0,0
100,100,0.09136637883935106,0.05931655475605635,0.08614312772530752,0.05410104310018937,0.03204982408329471,0.03204208462511815,0.052484937190729365,0.610648041109894,0.6105005805509067,0.5414326109755112,0.5415302589481491,0.559,0.56,0.56,True,999,0.00010912504512816668,0.0007936249021440744,strong_2x2_bal_100,strong_null,True,535,1062694068,0.0,0,0
100,100,0.06707733961080509,0.020168903711830666,0.06187720775957928,0.015002401593903869,0.04690843589897442,0.04687480616567541,0.04054050691064906,1.1570757120121913,1.156246177902686,0.24724142878348554,0.24758047641911618,0.241,0.251,0.251,True,999,0.00011004204861819744,0.0007994589395821095,strong_2x2_bal_100,strong_null,True,536,1062694068,0.0,0,0
100,100,0.034040980571866775,0.058386195386126105,0.028865908768068493,0.053194310284851554,-0.02434521481425933,-0.02432840151678306,0.041915584290657844,-0.5808153512889334,-0.5804142284664604,0.5613649076446877,0.5616353122962825,0.587,0.576,0.576,True,999,0.00010733306407928467,0.000783249968662858,strong_2x2_bal_100,strong_null,True,537,1062694068,0.0,0,0
100,100,0.04501176042207122,0.05172414008263515,0.03981996069414606,0.04653727643929528,-0.006712379660563927,-0.006717315745149222,0.042894871758491895,-0.15648443241318416,-0.1565995064158082,0.8756511892117473,0.8755604915682764,0.853,0.853,0.853,True,999,0.00010679091792553663,0.0007850830443203449,strong_2x2_bal_100,strong_null,True,538,1062694068,0.0,0,0
100,100,0.01947051576946246,0.08562201045193629,0.014301663158107658,0.08039508043167132,-0.06615149468247383,-0.06609341727356366,0.04397966762991693,-1.5041381221688597,-1.5028175708313896,0.1325458062419845,0.1328860936335086,0.103,0.1,0.1,True,999,0.0001116250641644001,0.0007894999580457807,strong_2x2_bal_100,strong_null,True,539,1062694068,0.0,0,0
100,100,0.04501176042207122,0.05978341254051367,0.03981996069414606,0.05458349690994169,-0.014771652118442447,-0.014763536215795625,0.044617383608078626,-0.3310739206090028,-0.3308920205962609,0.7405886501798641,0.7407260494322037,0.731,0.719,0.719,True,999,0.0001088329590857029,0.0008418329525738955,strong_2x2_bal_100,strong_null,True,540,1062694068,0.0,0,0
100,100,0.05901705585352923,0.09090858770311627,0.053820261823716464,0.08569033444935314,-0.03189153184958704,-0.03187007262563668,0.0525135156259468,-0.6073014055419576,-0.6068927636200718,0.5436509057475631,0.5439220807787324,0.563,0.562,0.562,True,999,0.00011508294846862555,0.0008076250087469816,strong_2x2_bal_100,strong_null,True,541,1062694068,0.0,0,0
100,100,0.03321907830533266,0.052261794041927434,0.028043423464055195,0.04706800928239829,-0.019042715736594773,-0.019024585818343098,0.0403960086327564,-0.47140092254444604,-0.4709521178514751,0.6373544573067269,0.6376749286292644,0.621,0.621,0.621,True,999,0.0001157920341938734,0.0008456249488517642,strong_2x2_bal_100,strong_null,True,542,1062694068,0.0,0,0
100,100,0.0325654803121983,0.0821686050052226,0.027389344920791814,0.07695994894501723,-0.0496031246930243,-0.04957060402422542,0.0462285176477979,-1.0729983831827916,-1.0722949068341308,0.28327184155737817,0.28358759368338227,0.282,0.278,0.278,True,999,0.00011283298954367638,0.0007907500257715583,strong_2x2_bal_100,strong_null,True,543,1062694068,0.0,0,0
100,100,0.07457264285283094,0.025644739629517743,0.06936812884669052,0.02047044986328217,0.048927903223313196,0.048897678983408355,0.04330890162932169,1.1297424174384334,1.1290445415106731,0.2585847781245335,0.25887904443352805,0.255,0.26,0.26,True,999,0.00010812492109835148,0.0007871669949963689,strong_2x2_bal_100,strong_null,True,544,1062694068,0.0,0,0
100,100,0.06822667887712619,0.030466163489106357,0.06302208908152807,0.02528457604466894,0.03776051538801983,0.03773751303685913,0.04311194599960837,0.875871281439322,0.875337732080151,0.38110001348772227,0.3813901694572768,0.393,0.386,0.386,True,999,0.00010704097803682089,0.0007978749927133322,strong_2x2_bal_100,strong_null,True,545,1062694068,0.0,0,0
100,100,0.11201200119235766,0.02364422431130242,0.1067713264669834,0.018471408995495153,0.08836777688105524,0.08829991747148824,0.04935911905818041,1.7903029585454042,1.788928148563747,0.07340522091987327,0.07362638784007568,0.069,0.07,0.07,True,999,0.00010670803021639585,0.0007892500143498182,strong_2x2_bal_100,strong_null,True,546,1062694068,0.0,0,0
100,100,0.04004847535583511,0.009380164302923766,0.03485915793244487,0.004218392733193355,0.030668311052911346,0.03064076519925152,0.03087749073682091,0.9932254960193342,0.9923333945887287,0.3206000760320231,0.321034918129518,0.331,0.324,0.324,True,999,0.0001069169957190752,0.0007855409057810903,strong_2x2_bal_100,strong_null,True,547,1062694068,0.0,0,0
100,100,0.013496852612789878,0.012164114651841973,0.008332045241843389,0.006997099542417118,0.001332737960947905,0.001334945699426271,0.022505788988483887,0.059217562273860345,0.059315658744928106,0.9527788215174935,0.9527006891994588,0.959,0.959,0.959,True,999,0.00010841700714081526,0.0008041249820962548,strong_2x2_bal_100,strong_null,True,548,1062694068,0.0,0,0
100,100,0.10525160164760838,0.03359123132952757,0.10000571197824115,0.028400236174604743,0.07166037031808081,0.07160547580363641,0.050035128648612315,1.4322011805213628,1.4311040610389703,0.1520862539871817,0.15240039358258142,0.135,0.139,0.139,True,999,0.00012016692198812962,0.0007884160149842501,strong_2x2_bal_100,strong_null,True,549,1062694068,0.0,0,0
100,100,0.03909782630882219,0.049285388912662875,0.03391838522981061,0.04405950847753104,-0.010187562603840683,-0.01014112324772043,0.040880693211499355,-0.2492022958401062,-0.2480663230257511,0.803204303615668,0.8040830916767733,0.794,0.797,0.797,True,999,0.00011216604616492987,0.0008141249418258667,strong_2x2_bal_100,strong_null,True,550,1062694068,0.0,0,0
100,100,0.05172414008263515,0.007174572455770356,0.04653727643929528,0.002016123604079212,0.044549567626864794,0.04452115283521607,0.033514946218655,1.329244789361104,1.3283969648871112,0.1837672226544924,0.18404700160662124,0.187,0.19,0.19,True,999,0.0001106249401345849,0.0008508750470355153,strong_2x2_bal_100,strong_null,True,551,1062694068,0.0,0,0
100,100,0.08736556736249779,0.10133752297070897,0.08212687327576873,0.09610922447077996,-0.013971955608211184,-0.013982351195011233,0.058194154757019154,-0.2400920791194401,-0.24027071539044453,0.810258874600045,0.8101203958579368,0.796,0.796,0.796,True,999,0.00011183402966707945,0.0007968749850988388,strong_2x2_bal_100,strong_null,True,552,1062694068,0.0,0,0
100,100,0.04398059259912679,0.015003240095617265,0.03879278479044501,0.009834652418987844,0.028977352503509524,0.028958132371457168,0.033731819305577074,0.8590509821306476,0.8584811897966427,0.3903123892454876,0.3906268128125959,0.388,0.386,0.386,True,999,0.00011487491428852081,0.0007971250452101231,strong_2x2_bal_100,strong_null,True,553,1062694068,0.0,0,0
100,100,0.11062672198880252,0.02068378786095948,0.1053922257060691,0.015509930911008496,0.08994293412784304,0.0898822947950606,0.04861106881078344,1.8502562549682289,1.8490088161797817,0.06427662438075472,0.06445653970242833,0.054,0.056,0.056,True,999,0.00011395907495170832,0.0008079590043053031,strong_2x2_bal_100,strong_null,True,554,1062694068,0.0,0,0
100,100,0.0012219828181850856,0.07150860266020598,-0.00393805166554273,0.06626147516243464,-0.07028661984202089,-0.07019952682797737,0.036316182549738715,-1.9354077137858914,-1.933009526313289,0.052940283476428984,0.053235024275406405,0.015,0.015,0.015,True,999,0.00011449994053691626,0.0008042079862207174,strong_2x2_bal_100,strong_null,True,555,1062694068,0.0,0,0
100,100,0.028899737350249977,0.0465733363308064,0.023727442927850007,0.0413868864686151,-0.017673598980556426,-0.017659443540765096,0.03804666540892891,-0.4645242570038406,-0.464152202327322,0.6422721845946777,0.6425387033107829,0.605,0.611,0.611,True,999,0.00011016696225851774,0.0008130420465022326,strong_2x2_bal_100,strong_null,True,556,1062694068,0.0,0,0
100,100,0.0573786912447658,0.025644739629517743,0.05218472349366721,0.02047044986328217,0.03173395161524806,0.03171427363038504,0.03976530356295464,0.7980311671708551,0.7975363140426283,0.42485240372533084,0.4251396213501787,0.418,0.427,0.427,True,999,0.00010812492109835148,0.000844125053845346,strong_2x2_bal_100,strong_null,True,557,1062694068,0.0,0,0
100,100,0.07435170133742408,0.09315183546162487,0.06914712796790923,0.08792088207087545,-0.018800134124200785,-0.018773754102966222,0.0552334478011232,-0.34037589309821203,-0.3398982835647723,0.7335734705821697,0.733933129288044,0.683,0.698,0.698,True,999,0.00010729092173278332,0.0008248330559581518,strong_2x2_bal_100,strong_null,True,558,1062694068,0.0,0,0
100,100,0.058201658255899846,0.07641410207921906,0.05300455198495513,0.07119940405817715,-0.018212443823319213,-0.018194852073222023,0.04998461341506566,-0.36436100189643306,-0.36400905859037785,0.7155884528485587,0.7158512449879142,0.711,0.71,0.71,True,999,0.0001170419855043292,0.0008116250392049551,strong_2x2_bal_100,strong_null,True,559,1062694068,0.0,0,0
100,100,0.12821333559140957,0.06986929621782778,0.12296260019482474,0.06465811174034286,0.05834403937358179,0.058304488454481884,0.05934053162032951,0.9832072241427926,0.9825407164789759,0.32550546002299974,0.3258335341776628,0.33,0.333,0.333,True,999,0.00010808301158249378,0.0008543750736862421,strong_2x2_bal_100,strong_null,True,560,1062694068,0.0,0,0
100,100,0.022752356818760422,0.024947627515162663,0.017575674084071125,0.01977607778650281,-0.0021952706964022406,-0.002200403702431686,0.030476185369463053,-0.07203233179575971,-0.07220075858432323,0.9425761776213761,0.9424421414881863,0.99,0.99,0.99,True,999,0.0001216670498251915,0.0007912499131634831,strong_2x2_bal_100,strong_null,True,561,1062694068,0.0,0,0
100,100,0.004304554146047468,0.080570512189312,-0.0008549798292989408,0.07535112270525701,-0.07626595804326453,-0.07620610253455595,0.03956705926679474,-1.927511406117261,-1.9259986450018851,0.05391592796918234,0.05410454303605692,0.039,0.032,0.032,True,999,0.00010916695464402437,0.0008134159725159407,strong_2x2_bal_100,strong_null,True,562,1062694068,0.0,0,0
100,100,0.045879306933472086,0.025697837848099536,0.040695433869984754,0.020512762218970693,0.02018146908537255,0.02018267165101406,0.03706700342149894,0.5444591475572923,0.5444915905802105,0.5861255533709827,0.5861032337235053,0.622,0.623,0.623,True,999,0.00011679204180836678,0.0008083749562501907,strong_2x2_bal_100,strong_null,True,563,1062694068,0.0,0,0
100,100,0.02068378786095948,0.021102313322870714,0.015509930911008496,0.015926721706108538,-0.0004185254619112344,-0.0004167907951000416,0.028622774369498886,-0.014622113723442028,-0.014561509297441964,0.9883336569380085,0.9883820071261645,0.998,0.998,0.998,True,999,0.00011333299335092306,0.0007921250071376562,strong_2x2_bal_100,strong_null,True,564,1062694068,0.0,0,0
100,100,0.06585444604867363,0.018300553057261415,0.06065763719982442,0.013123914719315621,0.04755389299141222,0.0475337224805088,0.03984594283070536,1.1934437890817606,1.1929375766678865,0.23269561413031237,0.23289382134464598,0.24,0.241,0.241,True,999,0.0001117499778047204,0.0007933329325169325,strong_2x2_bal_100,strong_null,True,565,1062694068,0.0,0,0
100,100,0.050551416864007326,0.07391015090475495,0.04534752845009393,0.06870545758084745,-0.02335873404074762,-0.02335792913075352,0.04814407194258424,-0.48518401328007377,-0.48516729450325197,0.6275458212096696,0.6275576796916227,0.63,0.63,0.63,True,999,0.0001130829332396388,0.0008224580669775605,strong_2x2_bal_100,strong_null,True,566,1062694068,0.0,0,0
100,100,0.1009690656286999,0.06639707712193688,0.09574070955159186,0.061199525402599875,0.03457198850676302,0.03454118414899199,0.05518480804378166,0.62647655636194,0.6259183527754276,0.5310024091442407,0.5313684960525569,0.533,0.534,0.534,True,999,0.00011195801198482513,0.0008085829904302955,strong_2x2_bal_100,strong_null,True,567,1062694068,0.0,0,0
100,100,0.06263305580710976,0.03895131231666282,0.0574245818015271,0.03376976820118216,0.023681743490446938,0.023654813600344937,0.04374975573425015,0.5413000162628869,0.5406844724809838,0.5883008092797359,0.5887250828276173,0.576,0.576,0.576,True,999,0.00011604197788983583,0.0007949169958010316,strong_2x2_bal_100,strong_null,True,568,1062694068,0.0,0,0
100,100,0.01016732424939193,0.06469975372075054,0.004998953100042058,0.0594869182579032,-0.05453242947135861,-0.05448796515786114,0.037548487559419245,-1.4523202668299977,-1.4511360829550253,0.14641257477535669,0.14674197070749875,0.118,0.118,0.118,True,999,0.00010983401443809271,0.000841959030367434,strong_2x2_bal_100,strong_null,True,569,1062694068,0.0,0,0
100,100,0.09136637883935106,0.039641509977818234,0.08614312772530752,0.03446305782784975,0.051724868861532824,0.05168006989745777,0.04914424948742958,1.0525111157667253,1.0515995347670701,0.29256511333676893,0.2929833213305917,0.286,0.288,0.288,True,999,0.00011062505654990673,0.0007879160111770034,strong_2x2_bal_100,strong_null,True,570,1062694068,0.0,0,0
100,100,0.04938150468114777,0.019335300080704942,0.0441904238483346,0.01415985188323532,0.030046204600442827,0.030030571965099284,0.03633723137011327,0.8268710484408368,0.8264408385774514,0.4083101546043809,0.40855406520431836,0.451,0.428,0.428,True,999,0.00011691602412611246,0.0008020419627428055,strong_2x2_bal_100,strong_null,True,571,1062694068,0.0,0,0
100,100,0.05322620441692849,0.03956405743651059,0.04801561121536224,0.03438288661810418,0.0136621469804179,0.013632724597258061,0.04220290005618255,0.3237253118205191,0.32302814685980147,0.7461460058650486,0.7466739256923363,0.767,0.764,0.764,True,999,0.00011129199992865324,0.0008162499871104956,strong_2x2_bal_100,strong_null,True,572,1062694068,0.0,0,0
100,100,0.0811512510014003,0.07408028741081829,0.07591581505259626,0.06887766347202273,0.007070963590582013,0.007038151580573526,0.05327495936841382,0.13272583732413537,0.1321099380274023,0.8944102084113735,0.894897335403972,0.882,0.885,0.885,True,999,0.0001106249401345849,0.0008179169381037354,strong_2x2_bal_100,strong_null,True,573,1062694068,0.0,0,0
100,100,0.04388246162218301,0.08667108832969994,0.038698974724681534,0.08141574089522408,-0.04278862670751693,-0.04271676617054254,0.048997460585601726,-0.8732825374238005,-0.871815919845756,0.38250909631897023,0.38330880827585057,0.374,0.375,0.375,True,999,0.00011016707867383957,0.0008236250141635537,strong_2x2_bal_100,strong_null,True,574,1062694068,0.0,0,0
100,100,0.033711571632115134,0.029530171339973266,0.028536268927354058,0.024353667419092062,0.004181400292141868,0.004182601508261996,0.034988538229261956,0.11950771606242294,0.11954204776591558,0.9048731273143182,0.9048459295499942,0.923,0.923,0.923,True,999,0.00011166592594236135,0.0008120420388877392,strong_2x2_bal_100,strong_null,True,575,1062694068,0.0,0,0
100,100,0.09682328814017194,0.03399183196071365,0.09158656837607282,0.028815487930302197,0.06283145617945829,0.06277108044577062,0.04925644599403533,1.2755986533633956,1.2743729105703614,0.20209743038936667,0.2025312880959329,0.218,0.208,0.208,True,999,0.00011366698890924454,0.0008362499065697193,strong_2x2_bal_100,strong_null,True,576,1062694068,0.0,0,0
100,100,0.03159772359861934,0.024220921907809778,0.026417062510020628,0.019048678602729296,0.007376801690809565,0.0073683839072913315,0.03295710900739988,0.22383036355383135,0.22357494723329355,0.8228893026154357,0.8230880594318132,0.858,0.858,0.858,True,999,0.00011416699271649122,0.0008397919591516256,strong_2x2_bal_100,strong_null,True,577,1062694068,0.0,0,0
100,100,0.02292929549543743,0.05516280997103529,0.017755742952488163,0.049967926373071236,-0.03223351447559786,-0.032212183420583074,0.03866183672491196,-0.8337295174294712,-0.8331777832951992,0.40443342080047573,0.4047444704173584,0.405,0.414,0.414,True,999,0.00012008403427898884,0.0008517910027876496,strong_2x2_bal_100,strong_null,True,578,1062694068,0.0,0,0
100,100,0.07408028741081829,0.05286967496666373,0.06887766347199431,0.047680185505157624,0.021210612444154564,0.021197477966836686,0.04867632396602071,0.4357480334579286,0.4354782004827219,0.66301955136466,0.6632153589379973,0.704,0.71,0.71,True,999,0.00011229095980525017,0.0007889160187914968,strong_2x2_bal_100,strong_null,True,579,1062694068,0.0,0,0
100,100,0.07534538571423399,0.09032867239504216,0.070136923885741,0.0851127721272178,-0.014983286680808172,-0.014975848241476797,0.05503654275550223,-0.27224251253155307,-0.272107357978615,0.785435555559301,0.7855394720922538,0.826,0.828,0.828,True,999,0.00010887498501688242,0.0007998750079423189,strong_2x2_bal_100,strong_null,True,580,1062694068,0.0,0,0
100,100,0.07671320401897552,0.005099796201999962,0.07150317340219203,-5.788032095210838e-05,0.07161340781697556,0.07156105372314414,0.03905069307960285,1.8338575366894327,1.83251686666023,0.06667514427503084,0.06687445119654106,0.041,0.042,0.042,True,999,0.00011024996638298035,0.0007860419573262334,strong_2x2_bal_100,strong_null,True,581,1062694068,0.0,0,0
100,100,0.04938150468114799,0.08152099085670983,0.0441904238483346,0.07631107733922704,-0.03213948617556184,-0.03212065349089244,0.0493660451028988,-0.6510443789566321,-0.6506628883059198,0.5150178395890987,0.5152641246776368,0.463,0.461,0.46,True,999,0.00010675005614757538,0.000786209013313055,strong_2x2_bal_100,strong_null,True,582,1062694068,0.0,0,0
100,100,0.059630091707797095,0.09136637883935106,0.05443352642824095,0.08614312772530752,-0.031736287131553964,-0.03170960129706657,0.052657713560270256,-0.6026901850804759,-0.6021834058703066,0.5467148121185861,0.5470520602721538,0.587,0.59,0.59,True,999,0.00010766705963760614,0.000785832991823554,strong_2x2_bal_100,strong_null,True,583,1062694068,0.0,0,0
100,100,0.03909782630882219,0.07215079010781489,0.03391838522981061,0.06693049134733542,-0.033052963798992696,-0.03301210611752481,0.045547727718672805,-0.7256775574655563,-0.7247805273937107,0.46803646301701607,0.4685866836979856,0.446,0.449,0.449,True,999,0.00010675005614757538,0.0008174999384209514,strong_2x2_bal_100,strong_null,True,584,1062694068,0.0,0,0
100,100,0.06842964913510852,0.011793399946143701,0.06322330959217481,0.006628088416292144,0.056636249188964816,0.05659522117588267,0.038919012448340645,1.4552334611301156,1.4541792716607245,0.14560464033929552,0.14589661028403614,0.133,0.136,0.136,True,999,0.00010733294766396284,0.0007902500219643116,strong_2x2_bal_100,strong_null,True,585,1062694068,0.0,0,0
100,100,0.043304782161658006,0.06334496515903143,0.03811953542025037,0.05812183367949331,-0.020040182997373424,-0.020002298259242934,0.044900804651772305,-0.4463212441913868,-0.4454775012245446,0.6553652127068655,0.6559747154227646,0.638,0.64,0.646,True,999,0.00011620798613876104,0.0007956249173730612,strong_2x2_bal_100,strong_null,True,586,1062694068,0.0,0,0
100,100,0.059630091707797095,0.0030197164688718914,0.05443352642824095,-0.002143462434943899,0.056610375238925204,0.05657698886318485,0.034337963630687515,1.648623542379579,1.6476512547943445,0.09922478258520721,0.09942425618644135,0.053,0.053,0.053,True,999,0.00010620802640914917,0.0008443329716101289,strong_2x2_bal_100,strong_null,True,587,1062694068,0.0,0,0
100,100,0.08046232314456625,0.023908491417857114,0.07522672800311625,0.01872650629485406,0.056553831726709136,0.05650022170826219,0.043841975399989644,1.2899471616126699,1.288724360451047,0.19706900445027586,0.1974939303823532,0.122,0.167,0.167,True,999,0.00011320807971060276,0.0008043750422075391,strong_2x2_bal_100,strong_null,True,588,1062694068,0.0,0,0
100,100,0.05480756465785186,0.05343813071859982,0.04960896595511599,0.048244853876113325,0.0013694339392520405,0.0013641120790026662,0.04515370642834454,0.030328273082636678,0.030210412099113217,0.9758052482805636,0.9758992446684177,0.947,0.952,0.956,True,999,0.00011654093395918608,0.0008070840267464519,strong_2x2_bal_100,strong_null,True,589,1062694068,0.0,0,0
100,100,0.030158778252023177,0.013200670971602935,0.024982773251252866,0.008032030768674758,0.016958107280420243,0.016950742482578107,0.02905484042155206,0.5836585930047373,0.5834051138000581,0.5594500307624954,0.5596206161060955,0.571,0.573,0.573,True,999,0.0001116250641644001,0.0007921670330688357,strong_2x2_bal_100,strong_null,True,590,1062694068,0.0,0,0
100,100,0.05044176633985287,0.053733087682611425,0.04525119209999673,0.048539934671850915,-0.0032913213427585575,-0.0032887425718541863,0.04441044704647146,-0.07411142111031875,-0.07405335434729624,0.9409217275227204,0.9409679311349712,0.957,0.957,0.957,True,999,0.00010716693941503763,0.0007914579473435879,strong_2x2_bal_100,strong_null,True,591,1062694068,0.0,0,0
100,100,0.04572033088704963,0.08480595619440934,0.04053781125691103,0.07957885016601551,-0.039085625307359706,-0.039041038909104486,0.049116300101491955,-0.7957770684394944,-0.7948692965152434,0.4261616226268503,0.42668953605833826,0.416,0.417,0.417,True,999,0.00011083297431468964,0.0007889580447226763,strong_2x2_bal_100,strong_null,True,592,1062694068,0.0,0,0
100,100,0.013883793272413958,0.048124346177646826,0.008716233197503698,0.042927775219368414,-0.03424055290523287,-0.034211542021864716,0.034420768886361836,-0.9947643243611455,-0.9939214935846474,0.3198509012618854,0.3202610894028872,0.241,0.267,0.267,True,999,0.00010954192839562893,0.000819917069748044,strong_2x2_bal_100,strong_null,True,593,1062694068,0.0,0,0
100,100,0.09090858770311627,0.03592806366251622,0.08569033444935314,0.030746628893410843,0.054980524040600054,0.0549437055559423,0.04836676067081351,1.1367419127942044,1.1359806775130505,0.2556461925173149,0.25596465116804556,0.26,0.265,0.265,True,999,0.00010866706725209951,0.0008183750323951244,strong_2x2_bal_100,strong_null,True,594,1062694068,0.0,0,0
100,100,0.019887541889645033,0.06305153357970694,0.01470602094211415,0.057843201723358106,-0.04316399169006191,-0.043137180781243956,0.03948740776828983,-1.093107755853362,-1.0924287822176328,0.2743464910908916,0.27464467776241486,0.22,0.286,0.286,True,999,0.00010766705963760614,0.0007813749834895134,strong_2x2_bal_100,strong_null,True,595,1062694068,0.0,0,0
100,100,0.08045746664032816,0.01556843327428814,0.0752484053593605,0.010403615816471756,0.06488903336604002,0.06484478954288875,0.042274104201466906,1.5349593939778474,1.533912799993492,0.1247938026565509,0.1250511065850745,0.137,0.137,0.137,True,999,0.00011154101230204105,0.0008331669960170984,strong_2x2_bal_100,strong_null,True,596,1062694068,0.0,0,0
100,100,0.06336955972453906,0.028899737350249977,0.05816819124569861,0.023727442927850007,0.03446982237428908,0.0344407483178486,0.04184038422384154,0.823840961638384,0.8231460813933811,0.4100299297012777,0.41042492638619843,0.414,0.41,0.41,True,999,0.00011183402966707945,0.0007892089197412133,strong_2x2_bal_100,strong_null,True,597,1062694068,0.0,0,0
100,100,0.05230025100841673,0.06529361620833152,0.047112866505500506,0.060075811667914536,-0.012993365199914786,-0.01296294516241403,0.04685802166513827,-0.27729222741773735,-0.2766430314760447,0.7815557272797943,0.7820542193498372,0.782,0.782,0.782,True,999,0.00010841700714081526,0.0007983330870047212,strong_2x2_bal_100,strong_null,True,598,1062694068,0.0,0,0
100,100,0.13579766472129484,0.09462527168380286,0.13053412755840554,0.08938302422981792,0.04117239303749198,0.041151103328587624,0.06359883803937409,0.6473764978536577,0.6470417478871382,0.5173883027570922,0.5176049244983831,0.522,0.522,0.522,True,999,0.00011070899199694395,0.0008041670080274343,strong_2x2_bal_100,strong_null,True,599,1062694068,0.0,0,0
100,100,0.028891616580002832,0.09253298144142263,0.023717568023087665,0.08727877511817894,-0.0636413648614198,-0.06356120709509128,0.046941357738236024,-1.3557631889624873,-1.3540555739681466,0.1751745270776488,0.17571864825182504,0.173,0.174,0.174,True,999,0.00011104100849479437,0.000787207973189652,strong_2x2_bal_100,strong_null,True,600,1062694068,0.0,0,0
100,100,0.009868386267911311,0.008123872933716969,0.004707606235797357,0.00296085236763588,0.001744513334194342,0.001746753868161477,0.01887695885321734,0.09241495665479038,0.09253364812329211,0.9263683565887875,0.9262740585564867,0.946,0.946,0.946,True,999,0.00010991701856255531,0.0007860419573262334,strong_2x2_bal_100,strong_null,True,601,1062694068,0.0,0,0
100,100,8.575919632547446e-06,0.017248078827974633,-0.005161294922231718,0.012079600693098769,-0.017239502908342086,-0.017240895615330487,0.018402549022416392,-0.9367997274368032,-0.9368754075497433,0.348861585550878,0.3488226506224622,0.189,0.187,0.183,True,999,0.0001082499511539936,0.0008209999650716782,strong_2x2_bal_100,strong_null,True,602,1062694068,0.0,0,0
100,100,0.08460565016983379,0.0573786912447658,0.07938719564293706,0.05218472349366721,0.02722695892506799,0.027202472149269852,0.05120613866138762,0.5317127914118369,0.5312345914061684,0.5949249312269467,0.5952562250170385,0.557,0.558,0.558,True,999,0.00010791700333356857,0.0008119579870253801,strong_2x2_bal_100,strong_null,True,603,1062694068,0.0,0,0
100,100,0.08425863230814667,0.04675984915959008,0.07904010211088064,0.04157349155005363,0.03749878314855659,0.03746661056082701,0.049232244200417996,0.7616712127910313,0.7610177266814278,0.4462562606960415,0.4466464793434962,0.429,0.432,0.432,True,999,0.00010683294385671616,0.0007884580409154296,strong_2x2_bal_100,strong_null,True,604,1062694068,0.0,0,0
100,100,0.1296751710186036,0.1292790116348682,0.12438548031057906,0.12402836959402919,0.00039615938373538384,0.0003571107165498688,0.06667717572272566,0.005941454169906605,0.005355816479613643,0.9952594333401574,0.9957266971502176,0.998,0.998,0.998,True,999,0.00011862500105053186,0.0008323750225827098,strong_2x2_bal_100,strong_null,True,605,1062694068,0.0,0,0
100,100,0.09435319729244684,0.07457264285283094,0.08912246089957421,0.06936812884669052,0.019780554439615905,0.019754332052883683,0.055416511463856774,0.35694333542660817,0.35647014817538025,0.7211342267326721,0.721488504046735,0.72,0.72,0.72,True,999,0.00011699995957314968,0.0007898330222815275,strong_2x2_bal_100,strong_null,True,606,1062694068,0.0,0,0
100,100,0.0892267415173309,0.03491786242053263,0.08400306352611153,0.02973575019713337,0.05430887909679827,0.05426731332897816,0.04791616592618662,1.133414538643585,1.132547070076001,0.2570402115154059,0.2574045069538673,0.266,0.28,0.28,True,999,0.00011437491048127413,0.0008108330657705665,strong_2x2_bal_100,strong_null,True,607,1062694068,0.0,0,0
100,100,0.051781020882999296,0.023770755349350803,0.046586289480345044,0.018600276937249305,0.028010265533648493,0.02798601254309574,0.03813008093723964,0.7345975892301961,0.7339615299836219,0.46258460664669776,0.462972184646268,0.469,0.467,0.467,True,999,0.00011645792983472347,0.0008109170012176037,strong_2x2_bal_100,strong_null,True,608,1062694068,0.0,0,0
100,100,0.04228567460549826,0.052014752705386025,0.03709764844347774,0.046828016581656584,-0.009729078099887767,-0.009730368138178846,0.04233017454559011,-0.2298378923387011,-0.22986836795816,0.8182177389844157,0.8181940568860726,0.854,0.855,0.855,True,999,0.00010604190174490213,0.0008100420236587524,strong_2x2_bal_100,strong_null,True,609,1062694068,0.0,0,0
100,100,0.05247954414889877,0.034891356957655106,0.04728988711309512,0.029713114848078703,0.017588187191243665,0.017576772265016416,0.04081101814864371,0.43096663570566124,0.4306869336363408,0.6664926303094322,0.6666960208109611,0.71,0.707,0.707,True,999,0.00011520797852426767,0.0008236659923568368,strong_2x2_bal_100,strong_null,True,610,1062694068,0.0,0,0
100,100,0.0672756133433352,0.09136637883935106,0.06206363740453469,0.08614312772530752,-0.024090765496015853,-0.024079490320772834,0.05388315004661301,-0.447092745601835,-0.4468834932616643,0.6548080966616959,0.6549591828336686,0.65,0.65,0.65,True,999,0.00011433300096541643,0.0008203330216929317,strong_2x2_bal_100,strong_null,True,611,1062694068,0.0,0,0
100,100,0.040267259181623105,0.03339837382168831,0.03508650452536699,0.02821908310569654,0.006868885359934795,0.00686742141967045,0.03765389191584749,0.18242165711013447,0.18238277825353136,0.8552518310362144,0.8552823401036863,0.821,0.821,0.821,True,999,0.00011066696606576443,0.0008427089778706431,strong_2x2_bal_100,strong_null,True,612,1062694068,0.0,0,0
100,100,0.050939565442628676,0.1341834413829055,0.04573584983982926,0.12890807750449085,-0.08324387594027682,-0.08317222766466159,0.057005060505213076,-1.460289230509004,-1.4590323548039308,0.1442106006027336,0.14455620274253492,0.149,0.156,0.156,True,999,0.00011016696225851774,0.0008327079704031348,strong_2x2_bal_100,strong_null,True,613,1062694068,0.0,0,0
100,100,0.052014752705386025,0.09862966242363747,0.046828016581656584,0.09339365250869491,-0.04661490971825144,-0.04656563592703833,0.05252194021043381,-0.8875321347894741,-0.8865939784491772,0.37479247313255903,0.37529753696165535,0.379,0.38,0.38,True,999,0.0001414999132975936,0.0007965830154716969,strong_2x2_bal_100,strong_null,True,614,1062694068,0.0,0,0
100,100,0.05697138162392246,0.02359896712013998,0.05177894383153614,0.01842269838651589,0.03337241450378248,0.03335624544502025,0.03920673970061393,0.8511907584924717,0.8507783534089147,0.3946633955937525,0.39489248844079805,0.409,0.398,0.398,True,999,0.00010937510523945093,0.0007836660370230675,strong_2x2_bal_100,strong_null,True,615,1062694068,0.0,0,0
100,100,0.08255001320795574,0.02959179538409784,0.07734033821611774,0.024418313373786305,0.0529582178238579,0.05292202484233144,0.04566272656417555,1.1597690678726573,1.1589764524453767,0.24614284104391637,0.24646578351607096,0.245,0.272,0.272,True,999,0.00011058291420340538,0.0008040830725803971,strong_2x2_bal_100,strong_null,True,616,1062694068,0.0,0,0
100,100,0.06650310385474323,0.0312341923869508,0.06130558577169154,0.02603615576656182,0.03526891146779243,0.03526943000512972,0.042868211995752026,0.8227287732758101,0.8227408693561724,0.41066224900598336,0.41065536883284315,0.415,0.417,0.416,True,999,0.0001068339915946126,0.0007836250588297844,strong_2x2_bal_100,strong_null,True,617,1062694068,0.0,0,0
100,100,0.03848848195167354,0.10525160164760838,0.03330866465979909,0.10000571197818431,-0.06676311969593485,-0.06669704731838522,0.050993148304799715,-1.309256673011711,-1.3079609621221873,0.19044742074372822,0.19088655050424475,0.212,0.21,0.21,True,999,0.00010624993592500687,0.0007838750025257468,strong_2x2_bal_100,strong_null,True,618,1062694068,0.0,0,0
100,100,0.015930489453407692,0.07341972240158146,0.010766178151556005,0.06821691751432013,-0.05748923294817376,-0.057450739362764125,0.040906217075637144,-1.4053910886424426,-1.4044500682264394,0.15990501518256695,0.16018487045989227,0.152,0.147,0.147,True,999,0.00010712502989917994,0.0007879579206928611,strong_2x2_bal_100,strong_null,True,619,1062694068,0.0,0,0
100,100,0.04882964909106846,0.055105922384562245,0.043640658046911085,0.04990744459784935,-0.006276273293493784,-0.006266786550938264,0.04435219502759956,-0.1415098686680146,-0.14129597299611793,0.8874671644251443,0.887636130783838,0.884,0.884,0.884,True,999,0.00010774994734674692,0.0007987500866875052,strong_2x2_bal_100,strong_null,True,620,1062694068,0.0,0,0
100,100,0.05211170267878962,0.03562489149576786,0.04692500878186934,0.030421472031690655,0.016486811183021755,0.016503536750178682,0.04087954537518007,0.40330221463352395,0.4037113573234298,0.6867259127341282,0.6864249869263359,0.692,0.691,0.688,True,999,0.00011462497059255838,0.0007956670597195625,strong_2x2_bal_100,strong_null,True,621,1062694068,0.0,0,0
100,100,0.06152987665353016,0.02364422431130242,0.05632299632621596,0.018471408995495153,0.03788565234222774,0.037851587330720804,0.04026049707081388,0.9410130301071781,0.9401669150816477,0.34669818180841316,0.3471319495399249,0.341,0.342,0.342,True,999,0.00011445791460573673,0.0007978330831974745,strong_2x2_bal_100,strong_null,True,622,1062694068,0.0,0,0
100,100,0.11627422137449095,0.0325654803121983,0.11102217354549282,0.027389344920791814,0.08370874106229265,0.083632828624701,0.052076262887757636,1.607426040588088,1.6059683238975633,0.10796094147686236,0.10828086995006982,0.103,0.103,0.103,True,999,0.00016229203902184963,0.0008059999672695994,strong_2x2_bal_100,strong_null,True,623,1062694068,0.0,0,0
100,100,0.014293192798176868,0.06481048057679772,0.009123503718413417,0.05961241050464139,-0.050517287778620856,-0.05048890678622797,0.03866868671248491,-1.3064133300992196,-1.3056793772602233,0.19141203512041616,0.19166161397076298,0.161,0.162,0.162,True,999,0.00010958302300423384,0.0008105830056592822,strong_2x2_bal_100,strong_null,True,624,1062694068,0.0,0,0
100,100,0.0742358884664911,0.019538370542090622,0.06902712915848497,0.014371654805501066,0.054697517924400474,0.0546554743529839,0.04188539942846835,1.3058850738146257,1.3048812975109434,0.19159164323568934,0.19193327058344267,0.199,0.198,0.198,True,999,0.00011679204180836678,0.0008069999748840928,strong_2x2_bal_100,strong_null,True,625,1062694068,0.0,0,0
100,100,0.04369398753071885,0.06822667887712619,0.03849997720101328,0.06302208908152807,-0.024532691346407343,-0.024522111880514785,0.04577432032992507,-0.5359487845932916,-0.5357176622999118,0.591993947013272,0.5921536949221329,0.652,0.656,0.657,True,999,0.00011454196646809578,0.0007957919733598828,strong_2x2_bal_100,strong_null,True,626,1062694068,0.0,0,0
100,100,0.053366839060501214,0.09839440085990059,0.048172856119649055,0.09316562293847142,-0.045027561799399374,-0.04499276681882236,0.052801227393217534,-0.852774907372386,-0.8521159268468408,0.39378414160956776,0.3941497530131003,0.37,0.363,0.363,True,999,0.00011108396574854851,0.0007873750291764736,strong_2x2_bal_100,strong_null,True,627,1062694068,0.0,0,0
100,100,0.036944118858446284,0.06607918563312642,0.0317579468193685,0.060881532323605825,-0.02913506677468014,-0.029123585504237326,0.04405840819699485,-0.6612827827190405,-0.6610221906796849,0.5084309808590741,0.5085980827008074,0.519,0.52,0.52,True,999,0.00011262495536357164,0.0007924580713734031,strong_2x2_bal_100,strong_null,True,628,1062694068,0.0,0,0
100,100,0.029922616227185728,0.028773846255094826,0.024746425698552343,0.023602024761970597,0.0011487699720909017,0.0011444009365817465,0.033743335919195726,0.034044351004353296,0.03391487253430464,0.9728417841951306,0.9729450334435431,0.958,0.958,0.958,True,999,0.00010904192458838224,0.0008158340351656079,strong_2x2_bal_100,strong_null,True,629,1062694068,0.0,0,0
100,100,0.04669225475435179,0.040003196167557986,0.04150132693094122,0.034822286739995434,0.006689058586793806,0.006679040190945784,0.04068375291471767,0.1644159672490289,0.16416971671582412,0.8694036945750653,0.8695975401858014,0.871,0.87,0.87,True,999,0.00011141702998429537,0.0008747499668970704,strong_2x2_bal_100,strong_null,True,630,1062694068,0.0,0,0
100,100,0.052014752705386025,0.07276017128216583,0.046828016581656584,0.06755718170455793,-0.020745418576779806,-0.02072916512290135,0.04832309259488732,-0.4293065170869199,-0.4289701674659485,0.6677001747063227,0.6679449351478929,0.717,0.717,0.717,True,999,0.00011616607662290335,0.0008012080797925591,strong_2x2_bal_100,strong_null,True,631,1062694068,0.0,0,0
100,100,0.06763918364121757,0.06639707712193688,0.06242840797887084,0.061199525402599875,0.0012421065192806946,0.001228882576270962,0.05006182500484368,0.02481145102401912,0.024547298788089783,0.9802053572747259,0.9804160560897653,0.988,0.978,0.987,True,999,0.00010712502989917994,0.0007826249347999692,strong_2x2_bal_100,strong_null,True,632,1062694068,0.0,0,0
100,100,0.080570512189312,0.02728866158457388,0.07535112270525701,0.022114991200652412,0.05328185060473811,0.0532361315046046,0.04485161130320924,1.1879584491299127,1.1869391078218727,0.234849780178071,0.23525163998370846,0.241,0.225,0.225,True,999,0.00010750000365078449,0.0007878330070525408,strong_2x2_bal_100,strong_null,True,633,1062694068,0.0,0,0
100,100,0.03399183196071365,0.049077081234740305,0.028815487930302197,0.04388096116520046,-0.015085249274026657,-0.015065473234898263,0.039800035632848875,-0.37902602432787974,-0.37852913936750365,0.7046685385451923,0.7050375512011853,0.699,0.703,0.703,True,999,0.00010941701475530863,0.0007893749279901385,strong_2x2_bal_100,strong_null,True,634,1062694068,0.0,0,0
100,100,0.07360206409691206,0.06338499938439779,0.06833204636345158,0.058166565726011754,0.010217064712514268,0.010165480637439828,0.04996013029425888,0.2045043648272541,0.2034718600125025,0.8379593814331432,0.8387662380819491,0.867,0.875,0.875,True,999,0.00010820804163813591,0.0008078330429270864,strong_2x2_bal_100,strong_null,True,635,1062694068,0.0,0,0
100,100,0.06947806375996723,0.09080171068567411,0.0642740919885938,0.08558590285542778,-0.021323646925706874,-0.02131181086683398,0.05427782489804269,-0.3928611171461262,-0.3926430527912054,0.6944220613095329,0.6945831365794648,0.654,0.653,0.655,True,999,0.00011333392467349768,0.0007895410526543856,strong_2x2_bal_100,strong_null,True,636,1062694068,0.0,0,0
100,100,0.02913203618848237,0.01497857081588716,0.023959930575273347,0.00980554359114194,0.014153465372595209,0.014154386984131406,0.029365913184840775,0.4819691893627707,0.4820005730807023,0.6298278337342141,0.6298055391641113,0.661,0.653,0.653,True,999,0.00010900001507252455,0.0007838340243324637,strong_2x2_bal_100,strong_null,True,637,1062694068,0.0,0,0
100,100,0.04938150468114777,0.029922616227185728,0.0441904238483346,0.024746425698552343,0.019458888453962042,0.01944399814978226,0.03899472726658864,0.4990133235432257,0.49863146924590024,0.6177699978788749,0.618039031367922,0.599,0.596,0.596,True,999,0.0001283750170841813,0.0008084590081125498,strong_2x2_bal_100,strong_null,True,638,1062694068,0.0,0,0
100,100,0.05286455451652783,0.06449032675485356,0.04765068983597587,0.059284525146424016,-0.011625772238325727,-0.011633835310448148,0.04684308116744334,-0.24818547261587517,-0.24835760203011245,0.803990905962131,0.8038577347152793,0.781,0.784,0.784,True,999,0.00011016603093594313,0.0008252919651567936,strong_2x2_bal_100,strong_null,True,639,1062694068,0.0,0,0
100,100,0.049077081234740305,0.020235695421700894,0.04388096116520046,0.015069268209344955,0.02884138581303941,0.028811692955855506,0.03638462224294981,0.792680644599188,0.7918645619974328,0.4279639099752225,0.4284396522535586,0.382,0.381,0.381,True,999,0.0001103340182453394,0.0008018340449780226,strong_2x2_bal_100,strong_null,True,640,1062694068,0.0,0,0
100,100,0.039379373902592496,0.010592263341304808,0.03420076535070393,0.005418807765167344,0.028787110561287688,0.02878195758553659,0.031092359785897243,0.9258580165518616,0.9256922852986991,0.35451977199498197,0.3546059182379555,0.353,0.35,0.35,True,999,0.0001081250375136733,0.0008425000123679638,strong_2x2_bal_100,strong_null,True,641,1062694068,0.0,0,0
100,100,0.044615464923190795,0.06106666301388852,0.039432372602675514,0.05584740511618236,-0.016451198090697727,-0.016415032513506844,0.04462914756327834,-0.3686200384484616,-0.36780968066289993,0.7124109573240591,0.7130151501486605,0.702,0.7,0.701,True,999,0.00010933296289294958,0.0007884580409154296,strong_2x2_bal_100,strong_null,True,642,1062694068,0.0,0,0
100,100,0.11387493482174127,0.08232370950147083,0.10862434976841939,0.07711060018824867,0.03155122532027044,0.031513749580170725,0.05917810772826633,0.5331570496499678,0.5325237793150698,0.593924870252554,0.5943632767612765,0.536,0.536,0.536,True,999,0.00011487503070384264,0.000801083049736917,strong_2x2_bal_100,strong_null,True,643,1062694068,0.0,0,0
100,100,0.033497402386165276,0.02397749898902679,0.028320707870093997,0.018808310652445925,0.009519903397138485,0.009512397217648072,0.033406942074640775,0.2849678182417375,0.28474312902972754,0.775668797437631,0.7758409455960851,0.769,0.768,0.768,True,999,0.00012104108463972807,0.0007993330946192145,strong_2x2_bal_100,strong_null,True,644,1062694068,0.0,0,0
100,100,0.0673692784046086,0.040267259181623105,0.0621644242036723,0.03508650452536699,0.027102019222985496,0.027077919678305307,0.044989378272054084,0.6024092855673086,0.601873613690839,0.5469017305926992,0.5472582694675967,0.558,0.566,0.566,True,999,0.00011562497820705175,0.0008129170164465904,strong_2x2_bal_100,strong_null,True,645,1062694068,0.0,0,0
100,100,0.12779243181762667,0.06675800233781137,0.12247374773725994,0.06155777012062913,0.0610344294798153,0.06091597761663081,0.05841065379943385,1.04491947118741,1.0428915558076024,0.2960601897837353,0.296998520947812,0.308,0.311,0.311,True,999,0.00010995904449373484,0.0008440840756520629,strong_2x2_bal_100,strong_null,True,646,1062694068,0.0,0,0
100,100,0.03848848195167354,0.06995673275116676,0.033308664659855935,0.0647508827601797,-0.031468250799493225,-0.03144221810032377,0.045236318320467685,-0.6956412892968581,-0.6950658070265056,0.4866535017754712,0.4870140619210228,0.552,0.545,0.545,True,999,0.00011862500105053186,0.000795292085967958,strong_2x2_bal_100,strong_null,True,647,1062694068,0.0,0,0
100,100,0.06305153357970694,0.03759812200970136,0.057843201723358106,0.03241069700501953,0.02545341157000558,0.025432504718338578,0.04361241063893143,0.5836277150725558,0.5831483365800417,0.5594708095106611,0.5597934466565316,0.567,0.557,0.557,True,999,0.00011150003410875797,0.0008168340427801013,strong_2x2_bal_100,strong_null,True,648,1062694068,0.0,0,0
100,100,0.06822667887712641,0.057778977696978706,0.06302208908152807,0.05258685887258707,0.010447701180147706,0.010435230208940993,0.04852799026156421,0.21529226996285966,0.21503528484685763,0.8295394560042613,0.8297398086591015,0.814,0.814,0.814,True,999,0.0001106249401345849,0.0008358749328181148,strong_2x2_bal_100,strong_null,True,649,1062694068,0.0,0,0
100,100,0.09061344737426247,0.04926812657257684,0.08535889141705866,0.04407209487204966,0.041345320801685626,0.041286796545009,0.05046211625710452,0.8193338660438096,0.8181740998465609,0.41259595567066354,0.4132577820775324,0.387,0.398,0.398,True,999,0.00011245894711464643,0.0007877500029280782,strong_2x2_bal_100,strong_null,True,650,1062694068,0.0,0,0
100,100,0.07385998717818298,0.041476872912890816,0.06865730333458941,0.03628839431983977,0.03238311426529217,0.03236890901474965,0.046461817642547906,0.696983370612625,0.6966776303023382,0.4858132008376933,0.48600456119818713,0.489,0.489,0.489,True,999,0.00010866706725209951,0.0007910419953987002,strong_2x2_bal_100,strong_null,True,651,1062694068,0.0,0,0
100,100,0.03964150997781846,0.040003196167557986,0.03446305782784975,0.034822286739995434,-0.0003616861897395296,-0.00035922891214568153,0.0390962116332466,-0.009251182522041579,-0.009188330458089724,0.9926187295835502,0.9926688761436115,0.98,0.98,0.98,True,999,0.0001106249401345849,0.0008038750384002924,strong_2x2_bal_100,strong_null,True,652,1062694068,0.0,0,0
100,100,0.07556761288570846,0.08472136945384645,0.0703592093314569,0.0795029399713485,-0.009153756568137994,-0.0091437306398916,0.05415251120873003,-0.16903660354466257,-0.16885146110117094,0.8657678501889328,0.8659134793061368,0.865,0.865,0.865,True,999,0.000112291076220572,0.0007829169044271111,strong_2x2_bal_100,strong_null,True,653,1062694068,0.0,0,0
100,100,0.044615464923190795,0.03044293585814084,0.03943237260273236,0.025262855255206773,0.014172529065049955,0.014169517347525584,0.037972842440801416,0.3732280270339131,0.37314871462718285,0.7089787382526238,0.709037763686671,0.739,0.739,0.739,True,999,0.00010587496217340231,0.0007908330298960209,strong_2x2_bal_100,strong_null,True,654,1062694068,0.0,0,0
100,100,0.04938150468114777,0.06809011729796688,0.0441904238483346,0.06285970900536597,-0.01870861261681911,-0.018669285157031368,0.046767156967093666,-0.4000374157869565,-0.39919649531331275,0.6891289587513556,0.6897484253982414,0.686,0.697,0.697,True,999,0.00010966707486659288,0.0007942080264911056,strong_2x2_bal_100,strong_null,True,655,1062694068,0.0,0,0
100,100,0.0656604364922867,0.025422808834076438,0.06045503138852837,0.020234147322753415,0.04023762765821026,0.04022088406577495,0.04142750382989308,0.9712781108760834,0.9708739447814024,0.331409805906947,0.3316110543620928,0.322,0.326,0.326,True,999,0.00012704194523394108,0.0008113329531624913,strong_2x2_bal_100,strong_null,True,656,1062694068,0.0,0,0
100,100,0.05737869124476602,0.099496845428655,0.05218472349366721,0.09426825239015102,-0.04211815418388898,-0.04208352889648381,0.05356893940585352,-0.7862420770512155,-0.7855957083198349,0.4317256794865485,0.4321043795567616,0.406,0.392,0.392,True,999,0.00012295797932893038,0.0008035829523578286,strong_2x2_bal_100,strong_null,True,657,1062694068,0.0,0,0
100,100,0.02988796993550691,0.02951376404416095,0.024707448590191916,0.024340219921725748,0.00037420589134595783,0.00036722866846616853,0.03392802341695612,0.011029404417321345,0.010823756631889132,0.9911999869179127,0.9913640603159161,0.996,0.996,0.996,True,999,0.00010624993592500687,0.0008320000488311052,strong_2x2_bal_100,strong_null,True,658,1062694068,0.0,0,0
100,100,0.05921375823659547,0.04568210956654628,0.05399820938927746,0.04048031425500653,0.01353164867004919,0.01351789513427093,0.0442902903817301,0.3055217871326272,0.3052112555091106,0.7599687789790737,0.760205260490905,0.653,0.709,0.712,True,999,0.00011045800056308508,0.0007901249919086695,strong_2x2_bal_100,strong_null,True,659,1062694068,0.0,0,0
100,100,0.06336955972453928,0.04388246162218301,0.05816819124569861,0.038698974724681534,0.01948709810235627,0.019469216521017074,0.04505407970599802,0.4325268261946535,0.4321299346932427,0.6653585592486982,0.6656469792267081,0.673,0.673,0.673,True,999,0.00010770896915346384,0.0007971669547259808,strong_2x2_bal_100,strong_null,True,660,1062694068,0.0,0,0
100,100,0.08152099085670983,0.05606660446109901,0.07631107733922704,0.05086509587613364,0.025454386395610817,0.025445981463093403,0.05065598000395123,0.5024951919521712,0.502329270129777,0.6153192336541314,0.615435923129462,0.638,0.634,0.634,True,999,0.00010712491348385811,0.000803666072897613,strong_2x2_bal_100,strong_null,True,661,1062694068,0.0,0,0
100,100,0.08243557958001091,0.07490242029387817,0.07722587845455564,0.0696697906071222,0.00753315928613274,0.007556087847433446,0.053585635320861164,0.14058169210881863,0.1410095784474505,0.8882004121672339,0.8878623754465054,0.892,0.892,0.892,True,999,0.00010754202958196402,0.000785500044003129,strong_2x2_bal_100,strong_null,True,662,1062694068,0.0,0,0
100,100,0.07408028741081829,0.03491786242053285,0.06887766347202273,0.02973575019713337,0.03916242499028544,0.03914191327488936,0.045194772431416896,0.8665255489385293,0.8660716974355219,0.3862020218207528,0.3864508448832755,0.36,0.361,0.36,True,999,0.00010750000365078449,0.0007902500219643116,strong_2x2_bal_100,strong_null,True,663,1062694068,0.0,0,0
100,100,0.07780269023358133,0.05131293593563868,0.07257907910994277,0.04612276262523096,0.026489754297942647,0.026456316484711806,0.048941582092938044,0.5412525129988585,0.5405692941121591,0.5883335466443731,0.588804487077636,0.582,0.586,0.586,True,999,0.00011716701555997133,0.0007936670444905758,strong_2x2_bal_100,strong_null,True,664,1062694068,0.0,0,0
100,100,0.039379373902592496,0.028350337108182133,0.03420076535070393,0.023175835961268376,0.011029036794410363,0.011024929389435556,0.03616394717402098,0.30497325807215175,0.30485968073074476,0.7603865196648225,0.7604730249616583,0.752,0.751,0.751,True,999,0.00011575000826269388,0.0008391659939661622,strong_2x2_bal_100,strong_null,True,665,1062694068,0.0,0,0
100,100,0.01560381534759514,0.04572033088704963,0.010436110789427744,0.04053781125691103,-0.03011651553945449,-0.030101700467483283,0.034344313297671424,-0.8768996275577424,-0.8764682585609946,0.380541158522713,0.3807755247913751,0.383,0.377,0.377,True,999,0.00010837498120963573,0.0008113749790936708,strong_2x2_bal_100,strong_null,True,666,1062694068,0.0,0,0
100,100,0.06270638444918264,0.10918594307980223,0.057507581338796854,0.10395432219971212,-0.04647955863061959,-0.04644674086091527,0.055852500745708314,-0.8321840205908965,-0.8315964413551209,0.4053050820240668,0.40563677145133326,0.395,0.394,0.394,True,999,0.00011283392086625099,0.0008718339959159493,strong_2x2_bal_100,strong_null,True,667,1062694068,0.0,0,0
100,100,0.010638597655541981,0.0027766888036726556,0.00547484126730069,-0.0023816215982179756,0.007861908851869326,0.007856462865518665,0.01629905346071726,0.4823537066626293,0.4820195776677287,0.629554701079269,0.6297920387256513,0.585,0.593,0.593,True,999,0.00012712494935840368,0.0007871250854805112,strong_2x2_bal_100,strong_null,True,668,1062694068,0.0,0,0
100,100,0.005177570108899965,0.1183835934806372,1.2659688692906457e-05,0.11314155734068265,-0.11320602337173724,-0.11312889765198975,0.04675123052738638,-2.4214554803091723,-2.419805775715786,0.015458494418960593,0.01552879881970287,0.01,0.01,0.01,True,999,0.0001093749888241291,0.0008142499718815088,strong_2x2_bal_100,strong_null,True,669,1062694068,0.0,0,0
100,100,0.02928001942174485,0.02913203618848237,0.024106287714261043,0.023959930575273347,0.00014798323326248308,0.0001463571389876961,0.03366901795842705,0.004395234617332943,0.004346938160430196,0.9964931214487585,0.9965316560779282,0.979,0.979,0.979,True,999,0.00011462497059255838,0.0008020000532269478,strong_2x2_bal_100,strong_null,True,670,1062694068,0.0,0,0
100,100,0.08806985992025163,0.04115023189446254,0.08285103005088956,0.035966555047508564,0.046919628025789084,0.046884475003381,0.0489357875056364,0.9587998971179303,0.9580815471290999,0.3376595610530284,0.3380216396245226,0.365,0.365,0.365,True,999,0.00011000002268701792,0.0007893750444054604,strong_2x2_bal_100,strong_null,True,671,1062694068,0.0,0,0
100,100,0.029005663938671544,0.03448819381301116,0.023834031661209565,0.02931219336318236,-0.0054825298743396145,-0.005478161701972795,0.03505282308503483,-0.15640765541307516,-0.1562830385639209,0.8757117032927827,0.8758099253235532,0.861,0.863,0.863,True,999,0.00010920804925262928,0.0007903749356046319,strong_2x2_bal_100,strong_null,True,672,1062694068,0.0,0,0
100,100,0.07542799403387956,0.10684208725377564,0.07020722017509229,0.10160707481718134,-0.03141409321989608,-0.03139985464208905,0.057531528387636144,-0.5460326554899443,-0.5457851637544373,0.585043490259557,0.5852136227631453,0.58,0.586,0.586,True,999,0.0001103340182453394,0.0007889590924605727,strong_2x2_bal_100,strong_null,True,673,1062694068,0.0,0,0
100,100,0.05818888357910945,0.07457264285283094,0.05299523256310579,0.06936812884669052,-0.016383759273721488,-0.016372896283584737,0.04972806771299903,-0.32946703998793697,-0.3292485921246609,0.7418027028212059,0.7419677972711676,0.72,0.719,0.719,True,999,0.00011100003030151129,0.0008061249973252416,strong_2x2_bal_100,strong_null,True,674,1062694068,0.0,0,0
100,100,0.12130340846463383,0.039379373902592496,0.11605197722133198,0.03420076535070393,0.08192403456204134,0.08185121187062805,0.05387206271755523,1.5207146418647313,1.5193628708773255,0.12833146274851942,0.12867118238910563,0.125,0.124,0.124,True,999,0.00011041609104722738,0.0008543330477550626,strong_2x2_bal_100,strong_null,True,675,1062694068,0.0,0,0
100,100,0.07703113921964166,0.03964150997781846,0.07179469432703911,0.03446305782784975,0.03738962924182321,0.03733163649918936,0.046569453679182964,0.8028788462798043,0.8016335505322235,0.4220447638094642,0.4227649641682093,0.431,0.436,0.436,True,999,0.00011045904830098152,0.0008033750345930457,strong_2x2_bal_100,strong_null,True,676,1062694068,0.0,0,0
100,100,0.04115023189446254,0.05035990214831354,0.035966555047508564,0.045153810731449084,-0.009209670253850999,-0.00918725568394052,0.041849530439764596,-0.22006627450950209,-0.21953067543168828,0.8258195399936609,0.8262366870627195,0.83,0.83,0.83,True,999,0.00010895798914134502,0.000789416953921318,strong_2x2_bal_100,strong_null,True,677,1062694068,0.0,0,0
100,100,0.04004847535583511,0.016173411198517784,0.03485915793244487,0.011009431570727202,0.023875064157317327,0.02384972636171767,0.032950584726811505,0.724571790008038,0.7238028265492791,0.46871477045365373,0.4691867938049328,0.474,0.484,0.484,True,999,0.00010795798152685165,0.0008103749714791775,strong_2x2_bal_100,strong_null,True,678,1062694068,0.0,0,0
100,100,0.04221237139378653,0.02913203618848237,0.03702649579555839,0.023959930575244925,0.013080335205304161,0.013066565220313464,0.037107402610988716,0.35249934743292016,0.35212826285082066,0.724463807775358,0.7247420734034984,0.717,0.715,0.715,True,999,0.00010908301919698715,0.0007952089654281735,strong_2x2_bal_100,strong_null,True,679,1062694068,0.0,0,0
100,100,0.08501037014324275,0.12130340846463383,0.0797711747827492,0.11605197722133198,-0.03629303832139108,-0.03628080243858278,0.06071189200203719,-0.5977912584271508,-0.5975897182938291,0.5499792241897039,0.5501137263446334,0.544,0.538,0.538,True,999,0.00011424999684095383,0.0008181249722838402,strong_2x2_bal_100,strong_null,True,680,1062694068,0.0,0,0
100,100,0.03956405743651059,0.05899469949768721,0.03438288661810418,0.05380304350626375,-0.019430642061176617,-0.019420156888159568,0.04323100815704681,-0.44946076646166194,-0.44921822821275137,0.6530993041942255,0.6532742392996267,0.651,0.651,0.651,True,999,0.0001129999291151762,0.0007957500638440251,strong_2x2_bal_100,strong_null,True,681,1062694068,0.0,0,0
100,100,0.03339837382168831,0.010132233339732566,0.02821908310569654,0.00497020624308675,0.023266140481955744,0.02324887686260979,0.029092757327410977,0.7997227701767051,0.7991293709621973,0.42387143725373067,0.42421540056728724,0.387,0.385,0.385,True,999,0.00011108408216387033,0.000794833991676569,strong_2x2_bal_100,strong_null,True,682,1062694068,0.0,0,0
100,100,0.06003948229975331,0.040079354195403094,0.05484306698551222,0.03485598654755506,0.019960128104350217,0.01998708043795716,0.04334713104398066,0.4604717226636837,0.46109350161324314,0.6451776638785787,0.6447315238046321,0.645,0.655,0.654,True,999,0.00011008407454937696,0.0008109579794108868,strong_2x2_bal_100,strong_null,True,683,1062694068,0.0,0,0
100,100,0.028406134711225217,0.017257007558872717,0.023226542182598564,0.012073633685446339,0.0111491271523525,0.011152908497152225,0.02992943563715745,0.37251377832567073,0.37264012032708926,0.7095103553596491,0.7094163083855348,0.709,0.708,0.708,True,999,0.00011004193220287561,0.0008367080008611083,strong_2x2_bal_100,strong_null,True,684,1062694068,0.0,0,0
100,100,0.042195621286535756,0.07341972240158146,0.03700754552518504,0.06821691751432013,-0.0312241011150457,-0.031209371989135093,0.04652217219114221,-0.6711660192210619,-0.6708494147888765,0.5021147733715379,0.5023164642284077,0.554,0.555,0.555,True,999,0.00011262495536357164,0.0008845839183777571,strong_2x2_bal_100,strong_null,True,685,1062694068,0.0,0,0
100,100,0.009868386267911311,0.042195621286535756,0.004707606235797357,0.037007545525156615,-0.032327235018624445,-0.03229993928935926,0.03162353092617334,-1.0222525465007033,-1.0213894003413162,0.30666138647389063,0.3070699852293792,0.257,0.26,0.26,True,999,0.00011458294466137886,0.0007879580371081829,strong_2x2_bal_100,strong_null,True,686,1062694068,0.0,0,0
100,100,0.0624868501280158,0.06695219402906549,0.05728888698428136,0.06168358417660613,-0.00446534390104969,-0.00439469719232477,0.048838524651998255,-0.09143076972262691,-0.0899842332183341,0.9271503134322773,0.9282997440639525,0.932,0.934,0.934,True,999,0.00010837498120963573,0.0007913749432191253,strong_2x2_bal_100,strong_null,True,687,1062694068,0.0,0,0
100,100,0.07484944193393273,0.07224581843876288,0.06963433056921531,0.06703649716345694,0.002603623495169849,0.002597833405758365,0.05214820543652594,0.04992738433423069,0.049816352912094186,0.9601802549684422,0.9602687351233701,0.955,0.955,0.955,True,999,0.00010708300396800041,0.0008043749257922173,strong_2x2_bal_100,strong_null,True,688,1062694068,0.0,0,0
100,100,0.05540908405916778,0.029530171339973266,0.05020268937023786,0.024353667419092062,0.025878912719194513,0.0258490219511458,0.0401455601304625,0.6446270181582935,0.6438824584124193,0.5191689216922364,0.5196516575609995,0.477,0.488,0.488,True,999,0.00010674993973225355,0.0007870419649407268,strong_2x2_bal_100,strong_null,True,689,1062694068,0.0,0,0
100,100,0.0678091644984058,0.11387493482174105,0.06257447283891793,0.10862434976841939,-0.04606577032333525,-0.046049876929501465,0.0569970362758649,-0.8082134323682645,-0.8079345863988554,0.4189677264514057,0.419128239685134,0.442,0.442,0.437,True,999,0.00010804191697388887,0.0007902079960331321,strong_2x2_bal_100,strong_null,True,690,1062694068,0.0,0,0
100,100,0.08878291356031798,0.038646286017684606,0.08354450301779082,0.03345405200131779,0.05013662754263337,0.050090451016473025,0.04828737992368617,1.0382967065487871,1.0373404209471802,0.2991319415264386,0.29957723411992354,0.258,0.308,0.308,True,999,0.00010766694322228432,0.0008102499414235353,strong_2x2_bal_100,strong_null,True,691,1062694068,0.0,0,0
100,100,0.0679049242017109,0.028318231835575802,0.06270023609739894,0.023136391982248483,0.0395866923661351,0.03956384411515046,0.04255437172937904,0.9302614692065801,0.9297245502002336,0.35223572236817713,0.3525137199467955,0.34,0.334,0.334,True,999,0.00011316593736410141,0.0008302080677822232,strong_2x2_bal_100,strong_null,True,692,1062694068,0.0,0,0
100,100,0.04616788986651632,0.09080171068567389,0.04097750976896464,0.0855859028554562,-0.044633820819157566,-0.04460839308649156,0.05034070166537387,-0.8866348569364162,-0.8861297441385249,0.3752755209492591,0.37554761658873625,0.366,0.366,0.365,True,999,0.0001105000264942646,0.0008147080661728978,strong_2x2_bal_100,strong_null,True,693,1062694068,0.0,0,0
100,100,0.016704622019252935,0.05294730802400738,0.011538431712835973,0.04775382201984257,-0.03624268600475444,-0.0362153903070066,0.036450437546807386,-0.9943004376343587,-0.9935515934616984,0.320076622712107,0.3204412206110421,0.297,0.3,0.3,True,999,0.00011258292943239212,0.0008275420404970646,strong_2x2_bal_100,strong_null,True,694,1062694068,0.0,0,0
100,100,0.06707733961080531,0.10537639233782103,0.06187720775957928,0.10013052006459588,-0.038299052727015725,-0.03825331230501661,0.05576183776336506,-0.686832684560081,-0.6860124027359197,0.49218817058009545,0.49270528731792396,0.497,0.495,0.496,True,999,0.00011124997399747372,0.0007821250474080443,strong_2x2_bal_100,strong_null,True,695,1062694068,0.0,0,0
100,100,0.021050379165941546,0.05220314090689748,0.015880697229448515,0.04701571431220941,-0.031152761740955937,-0.031135017082760896,0.03741970730711545,-0.8325228598202361,-0.8320486535938376,0.40511388044365637,0.40538148253888673,0.438,0.441,0.441,True,999,0.00010862504132091999,0.0007926670368760824,strong_2x2_bal_100,strong_null,True,696,1062694068,0.0,0,0
100,100,0.019335300080705164,0.03555865759363819,0.01415985188323532,0.030371378644403535,-0.016223357512933023,-0.016211526761168216,0.032682022237867966,-0.4964000512225147,-0.49603805551494495,0.6196121889426462,0.6198675617131943,0.645,0.622,0.622,True,999,0.00010741699952632189,0.000795917003415525,strong_2x2_bal_100,strong_null,True,697,1062694068,0.0,0,0
100,100,0.07385998717818298,0.055205449888503066,0.06865730333458941,0.05000701213637626,0.018654537289679918,0.018650291198213154,0.049023786096716565,0.3805201265540225,0.3804335136706686,0.7035593593453686,0.7036236411049884,0.69,0.692,0.692,True,999,0.00010666705202311277,0.0007855839794501662,strong_2x2_bal_100,strong_null,True,698,1062694068,0.0,0,0
100,100,0.07408028741081829,0.04572033088704963,0.06887766347202273,0.04053781125691103,0.02835995652376866,0.028339852215111705,0.047349363448352,0.5989511676266417,0.5985265725066062,0.5492054488584039,0.5494886339113804,0.518,0.539,0.539,True,999,0.00010654190555214882,0.0007862079655751586,strong_2x2_bal_100,strong_null,True,699,1062694068,0.0,0,0
100,100,0.05199276349977677,0.03242614684014211,0.04680289384511127,0.027242216565028343,0.01956661665963466,0.019560677280082928,0.04016464588529859,0.48716019345751543,0.4870123176473142,0.626144812275774,0.6262496019184662,0.601,0.593,0.593,True,999,0.00010791700333356857,0.0007812910480424762,strong_2x2_bal_100,strong_null,True,700,1062694068,0.0,0,0
100,100,0.0958059209865878,0.1203303443227377,0.09058221830515834,0.11508851752918758,-0.024524423336149903,-0.02450629922402925,0.06200255865287217,-0.3955388917649747,-0.3952465794392508,0.6924452251712421,0.6926609198268148,0.648,0.648,0.648,True,999,0.00010745890904217958,0.0008388749556615949,strong_2x2_bal_100,strong_null,True,701,1062694068,0.0,0,0
100,100,0.059630091707797095,0.034040980571866775,0.05443352642821253,0.028865908768068493,0.02558911113593032,0.025567617660144037,0.04214792500077384,0.6071262377794517,0.6066162844238385,0.5437671389445008,0.5441055906935248,0.526,0.531,0.531,True,999,0.00011483300477266312,0.0008172499947249889,strong_2x2_bal_100,strong_null,True,702,1062694068,0.0,0,0
100,100,0.04553574499710511,0.044220205393429524,0.040353131483556126,0.03903546391879331,0.0013155396036755862,0.0013176675647628144,0.04141501684852549,0.0317647970176408,0.03181617840654646,0.9746596203712445,0.9746186446653045,0.968,0.968,0.968,True,999,0.00010854203719645739,0.0008464590646326542,strong_2x2_bal_100,strong_null,True,703,1062694068,0.0,0,0
100,100,0.1003553257574008,0.0624868501280158,0.09512687225068817,0.05728888698428136,0.037868475629385,0.037837985266406804,0.054539130050759825,0.6943358941395037,0.6937768393296851,0.48747158585319994,0.48782216939857104,0.476,0.476,0.476,True,999,0.00011216697748750448,0.0007919999770820141,strong_2x2_bal_100,strong_null,True,704,1062694068,0.0,0,0
100,100,0.03979716486732965,0.04509790960736104,0.034618143231881504,0.0399045516025609,-0.005300744740031393,-0.005286408370679396,0.040392039432756106,-0.13123241149672504,-0.1308774809323532,0.8955914570002729,0.8958722290473523,0.892,0.892,0.892,True,999,0.00010883400682359934,0.0007937500486150384,strong_2x2_bal_100,strong_null,True,705,1062694068,0.0,0,0
100,100,0.1009690656286999,0.025838814851456893,0.09574070955159186,0.02066203041383119,0.075130250777243,0.07507867913776067,0.048088493176405026,1.562333228068502,1.561260796056687,0.11820950809621626,0.1184622295779008,0.105,0.105,0.105,True,999,0.00010774994734674692,0.000801415997557342,strong_2x2_bal_100,strong_null,True,706,1062694068,0.0,0,0
100,100,0.05247954414889877,0.05142768388279051,0.04728988711309512,0.0462399154987736,0.0010518602661082621,0.001049971614321521,0.044370921213933635,0.02370607229533811,0.0236635072158881,0.9810870623769095,0.9811210148721405,0.965,0.965,0.965,True,999,0.0001068750862032175,0.0007850830443203449,strong_2x2_bal_100,strong_null,True,707,1062694068,0.0,0,0
100,100,0.049699981963282625,0.022470064715165217,0.04451218941593993,0.017293094157892597,0.027229917248117408,0.027219095258047332,0.0372061809689902,0.731865419641226,0.7315745542584259,0.46425071453211686,0.4644282840414512,0.475,0.483,0.483,True,999,0.00010645901784300804,0.0007905419915914536,strong_2x2_bal_100,strong_null,True,708,1062694068,0.0,0,0
100,100,0.04553574499710511,0.05818888357910945,0.040353131483556126,0.05299523256310579,-0.012653138582004342,-0.012642101079549661,0.04432665137610806,-0.2854521645373904,-0.2852031607865537,0.7752977475926818,0.775488498927408,0.807,0.807,0.807,True,999,0.00010916590690612793,0.000791250029578805,strong_2x2_bal_100,strong_null,True,709,1062694068,0.0,0,0
100,100,0.01228010856055961,0.013597708298657585,0.00711565332520081,0.008429703732630855,-0.0013175997380979743,-0.0013140504074300452,0.022597533436539335,-0.05830723701762364,-0.058150169845761865,0.953503903018143,0.9536290122130817,0.953,0.953,0.953,True,999,0.00010833400301635265,0.0008335000602528453,strong_2x2_bal_100,strong_null,True,710,1062694068,0.0,0,0
100,100,0.05818888357910945,0.03491786242053263,0.05299523256310579,0.02973575019713337,0.02327102115857682,0.023259482365972417,0.042054924634173124,0.5533483025116916,0.5530739281618436,0.5800249316556141,0.5802127886096389,0.66,0.651,0.651,True,999,0.00010741699952632189,0.0008439170196652412,strong_2x2_bal_100,strong_null,True,711,1062694068,0.0,0,0
100,100,0.05211170267878962,0.020538433349263974,0.04692500878186934,0.015370803719349624,0.031573269329525644,0.03155420506251971,0.03727353131172964,0.8470694409249553,0.8465579716239522,0.39695641713223984,0.3972415483489169,0.419,0.439,0.439,True,999,0.00010970793664455414,0.0008677080040797591,strong_2x2_bal_100,strong_null,True,712,1062694068,0.0,0,0
100,100,0.10947440648690043,0.09315183546162487,0.10423340558682526,0.08792088207087545,0.016322571025275567,0.016312523515949806,0.060151878509321466,0.2713559647641949,0.27118892909424147,0.7861172668297656,0.7862457273547007,0.809,0.809,0.807,True,999,0.00010974996257573366,0.0008156669791787863,strong_2x2_bal_100,strong_null,True,713,1062694068,0.0,0,0
100,100,0.11387493482174105,0.03575917450220467,0.10862434976841939,0.030577628704449467,0.07811576031953638,0.07804672106396993,0.05179250586551398,1.5082444653744727,1.5069114683624008,0.131491970776148,0.13183335143529495,0.113,0.112,0.112,True,999,0.00010904204100370407,0.0008258339948952198,strong_2x2_bal_100,strong_null,True,714,1062694068,0.0,0,0
100,100,0.052947308024007156,0.06311256316112324,0.04775382201975731,0.05790627345332666,-0.01016525513711608,-0.010152451433569354,0.0467422671456515,-0.2174745847359218,-0.21720066341527147,0.8278385114781522,0.8280519676947593,0.832,0.831,0.831,True,999,0.00011445803102105856,0.0008322909707203507,strong_2x2_bal_100,strong_null,True,715,1062694068,0.0,0,0
100,100,0.08125530193798935,0.03505830987020098,0.07604643239656639,0.029880180440130744,0.04619699206778838,0.046166251956435644,0.04655899131067816,0.9922249337303243,0.9915646936673983,0.3210878120831042,0.32140991930808005,0.327,0.325,0.325,True,999,0.00011483300477266312,0.0008204999612644315,strong_2x2_bal_100,strong_null,True,716,1062694068,0.0,0,0
100,100,0.03711560428004501,0.10195808059610478,0.0319295410366891,0.09672261038325303,-0.06484247631605977,-0.06479306934656393,0.05029584849569203,-1.2892212430139973,-1.2882389160233298,0.19732118185831715,0.19766280913288525,0.197,0.208,0.208,True,999,0.0001141249667853117,0.0008230829844251275,strong_2x2_bal_100,strong_null,True,717,1062694068,0.0,0,0
100,100,0.08232370950147083,0.05843150385723794,0.07711060018824867,0.05322908995459841,0.02389220564423289,0.02388151023365026,0.05104745353346112,0.4680391281138397,0.4678296091301823,0.6397566086224599,0.6399064446743021,0.633,0.633,0.633,True,999,0.0001170419855043292,0.000820874935016036,strong_2x2_bal_100,strong_null,True,718,1062694068,0.0,0,0
100,100,0.05480756465785186,0.044220205393429524,0.04960896595511599,0.03903546391879331,0.010587359264422336,0.01057350203632268,0.04331967568068131,0.24440070471589048,0.24408082170933706,0.8069204960396179,0.8071682254820153,0.825,0.825,0.825,True,999,0.00011516606900840998,0.0008529999759048223,strong_2x2_bal_100,strong_null,True,719,1062694068,0.0,0,0
100,100,0.026161610517718592,0.03448819381301116,0.020977766617747307,0.029312193363125516,-0.008326583295292567,-0.00833442674537821,0.0342986518525427,-0.24276707233538924,-0.2429957533377611,0.8081858450443192,0.8080086872223853,0.787,0.787,0.787,True,999,0.00011504197027534246,0.0008550840429961681,strong_2x2_bal_100,strong_null,True,720,1062694068,0.0,0,0
100,100,0.0732486635375732,0.040351649128849365,0.06804378717409065,0.03516751106673155,0.032897014408723835,0.032876276107359104,0.04614942258711072,0.7128369666300395,0.712387593697462,0.4759466477773713,0.47622479585913735,0.49,0.49,0.49,True,999,0.0001341670285910368,0.0008551250211894512,strong_2x2_bal_100,strong_null,True,721,1062694068,0.0,0,0
100,100,0.04669225475435179,0.039733217591059744,0.04150132693094122,0.034548711132217136,0.006959037163292048,0.006952615798724082,0.0406227071484798,0.17130904491067311,0.17115097163051246,0.863980768784956,0.8641050575380491,0.837,0.838,0.837,True,999,0.00011541706044226885,0.0008331669960170984,strong_2x2_bal_100,strong_null,True,722,1062694068,0.0,0,0
100,100,0.07457264285283094,0.04564337490516657,0.06936812884669052,0.04045645449031099,0.028929267947664372,0.028911674356379535,0.04740675294317821,0.6102351701315427,0.6098640501920286,0.5417060351409672,0.5419518684443675,0.514,0.516,0.516,True,999,0.0001443750225007534,0.0008123330771923065,strong_2x2_bal_100,strong_null,True,723,1062694068,0.0,0,0
100,100,0.049077081234740305,0.07923559566686189,0.04388096116520046,0.07402173569226989,-0.030158514432121586,-0.030140774527069425,0.048870937361721434,-0.6171052993909524,-0.6167423044084568,0.5371652734834904,0.5374047128378598,0.57,0.568,0.568,True,999,0.00010845810174942017,0.0007845000363886356,strong_2x2_bal_100,strong_null,True,724,1062694068,0.0,0,0
100,100,0.0538314834401985,0.04192574010735017,0.04863837143204819,0.03673751454763874,0.011905743332848329,0.01190085688440945,0.042602926234406764,0.2794583467656987,0.27934364928196265,0.7798930995601222,0.7799811116574014,0.798,0.819,0.819,True,999,0.00010658300016075373,0.0007906249957159162,strong_2x2_bal_100,strong_null,True,725,1062694068,0.0,0,0
100,100,0.0325654803121983,0.06627772298751888,0.027389344920791814,0.061081049906505314,-0.03371224267532058,-0.0336917049857135,0.043214579138786915,-0.780112715365135,-0.7796374662705847,0.43532453269021076,0.43560429634066433,0.429,0.422,0.422,True,999,0.00010958302300423384,0.0007935418980196118,strong_2x2_bal_100,strong_null,True,726,1062694068,0.0,0,0
100,100,0.03711560428004501,0.0014193823511252646,0.0319295410366891,-0.0037391688737784534,0.03569622192891975,0.035668709910467555,0.027193115444509693,1.3126933543808728,1.3116816270372982,0.18928629785406947,0.18962757847118372,0.102,0.105,0.105,True,999,0.00012466602493077517,0.0007950420258566737,strong_2x2_bal_100,strong_null,True,727,1062694068,0.0,0,0
100,100,0.03455808483129841,0.09703182842125158,0.029379615102087087,0.09179553829774534,-0.06247374358995317,-0.06241592319565825,0.04916548726739372,-1.2706828928630474,-1.2695068566329892,0.20384148393979828,0.20426034661544457,0.23,0.233,0.233,True,999,0.00010737509001046419,0.0008122920989990234,strong_2x2_bal_100,strong_null,True,728,1062694068,0.0,0,0
100,100,0.06617185638282819,0.04553574499710511,0.06097514953060568,0.040353131483556126,0.020636111385723077,0.02062201804704955,0.04586532820405799,0.4499283487934852,0.4496210722683762,0.6527621057923962,0.6529836911937921,0.639,0.641,0.641,True,999,0.00010941701475530863,0.0007944169919937849,strong_2x2_bal_100,strong_null,True,729,1062694068,0.0,0,0
100,100,0.08243557958001091,0.00526544778504523,0.07722587845455564,9.642783933827559e-05,0.07717013179496568,0.07712945061521737,0.04017874969904648,1.9206703138598928,1.9196578089897058,0.054773284438588414,0.05490113682404007,0.025,0.024,0.024,True,999,0.00015533296391367912,0.0008082500426098704,strong_2x2_bal_100,strong_null,True,730,1062694068,0.0,0,0
100,100,0.05343813071859982,0.09103835747329414,0.04824485387614175,0.08582259536504466,-0.03760022675469432,-0.037577741488902916,0.051572888830348405,-0.7290696256783704,-0.7286336356397791,0.4659590734734794,0.4662257978132366,0.46,0.463,0.463,True,999,0.00010987499263137579,0.0007872499991208315,strong_2x2_bal_100,strong_null,True,731,1062694068,0.0,0,0
100,100,0.06112853344690561,0.0096719973452698,0.055930064843664695,0.004510824925830548,0.05145653610163581,0.05141923991783415,0.03667725824512049,1.4029548162445196,1.4019379413311222,0.16063031310059284,0.16093377927698793,0.154,0.153,0.153,True,999,0.00010791607201099396,0.0007968329591676593,strong_2x2_bal_100,strong_null,True,732,1062694068,0.0,0,0
100,100,0.013001861828137562,0.05818888357910945,0.007832991441219406,0.05299523256310579,-0.04518702175097189,-0.04516224112188638,0.03679049534330687,-1.2282254242383437,-1.2275518636120388,0.21936235714037278,0.21961524127162868,0.2,0.198,0.198,True,999,0.00010716600809246302,0.0008132499642670155,strong_2x2_bal_100,strong_null,True,733,1062694068,0.0,0,0
100,100,0.04620082918151336,0.020168903711830888,0.04101419296897291,0.015002401593903869,0.02603192546968247,0.026011791375069038,0.03570856275111292,0.729010731995119,0.7284468869937459,0.4659950977369133,0.4663400704066425,0.429,0.429,0.429,True,999,0.00011500006075948477,0.0008442089892923832,strong_2x2_bal_100,strong_null,True,734,1062694068,0.0,0,0
100,100,0.0666918388648412,0.04501176042207122,0.06148491055066074,0.03981996069414606,0.02168007844276998,0.02166494985651468,0.045965985750586816,0.47165481363560674,0.4713256879569498,0.6371731950743951,0.6374081742264069,0.646,0.633,0.633,True,999,0.00013166700955480337,0.0008196249837055802,strong_2x2_bal_100,strong_null,True,735,1062694068,0.0,0,0
100,100,0.05611295135025951,0.011921630902538505,0.050906839386016145,0.006751721758334384,0.044191320447721005,0.04415511762768176,0.03585321673418395,1.2325622209955616,1.2315524700349254,0.2177391391838127,0.2181163050386059,0.142,0.179,0.179,True,999,0.0001267909538000822,0.000823125010356307,strong_2x2_bal_100,strong_null,True,736,1062694068,0.0,0,0
100,100,0.0904145761761227,0.14702233170526868,0.08519113877414952,0.1417221857284261,-0.05660775552914599,-0.056531046954276576,0.06403656116518595,-0.883991184085027,-0.8827932969175456,0.37670097186266305,0.3773479628077042,0.384,0.378,0.381,True,999,0.00010974996257573366,0.0008002499816939235,strong_2x2_bal_100,strong_null,True,737,1062694068,0.0,0,0
100,100,0.028406134711224995,0.038646286017684384,0.023226542182598564,0.03345405200131779,-0.010240151306459389,-0.010227509818719227,0.035956907632983086,-0.28478954338849066,-0.2844379701144707,0.7758053838119606,0.7760747641555954,0.775,0.778,0.778,True,999,0.00012120895553380251,0.0008501249831169844,strong_2x2_bal_100,strong_null,True,738,1062694068,0.0,0,0
100,100,0.01704802976204478,0.07728473326762453,0.011877613769172513,0.07205576410721903,-0.06023670350557975,-0.06017815033804652,0.042009207364338164,-1.4338928840803362,-1.432499066600625,0.15160283284783302,0.1520010450485311,0.127,0.128,0.128,True,999,0.0001313749235123396,0.0007911670254543424,strong_2x2_bal_100,strong_null,True,739,1062694068,0.0,0,0
100,100,0.010333787403100203,0.05294730802400738,0.005169452767034954,0.04775382201975731,-0.042613520620907175,-0.042584369252722354,0.03470923424410114,-1.227728630404728,-1.226888756843133,0.21954885504077049,0.21986440490132253,0.211,0.214,0.214,True,999,0.00010904192458838224,0.0008491250919178128,strong_2x2_bal_100,strong_null,True,740,1062694068,0.0,0,0
100,100,0.057778977696978706,0.04594361002401559,0.052586858872615494,0.04075230116282569,0.011835367672963115,0.011834557709789806,0.0443228299391627,0.2670264441419531,0.26700816996644533,0.7894488006203746,0.7894628706702367,0.797,0.797,0.797,True,999,0.0001343749463558197,0.0009102500043809414,strong_2x2_bal_100,strong_null,True,741,1062694068,0.0,0,0
100,100,0.04669225475435179,0.004937848310545001,0.04150132693094122,-0.0002195384817014201,0.04175440644380679,0.04172086541264264,0.03140266115833869,1.3296454791927497,1.3285773840082353,0.1836351061542677,0.1839874375594306,0.135,0.136,0.136,True,999,0.00010858301538974047,0.000785832991823554,strong_2x2_bal_100,strong_null,True,742,1062694068,0.0,0,0
100,100,0.017816510524881535,0.018877860486297915,0.012628499409984784,0.013708289969102339,-0.0010613499614163802,-0.001079790559117555,0.026794059834994558,-0.03961139028398366,-0.04029962483353446,0.9684029464337445,0.9678542528769956,0.977,0.977,0.977,True,999,0.00010733399540185928,0.0007887920364737511,strong_2x2_bal_100,strong_null,True,743,1062694068,0.0,0,0
100,100,0.0065523825263459345,0.034206006545573486,0.001385391253975854,0.02903104905192322,-0.027653624019227552,-0.027645657797947365,0.028121090220348373,-0.9833766686334742,-0.9830933858297931,0.32542208885801605,0.3255614792807974,0.302,0.299,0.299,True,999,0.0001099579967558384,0.0008047919254750013,strong_2x2_bal_100,strong_null,True,744,1062694068,0.0,0,0
100,100,0.07276017128216583,0.10986868819473494,0.06755718170455793,0.10463409352867359,-0.03710851691256911,-0.037076911824115655,0.05742748522296419,-0.6461804268199106,-0.6456300790494877,0.5181625139911099,0.5185189526750054,0.503,0.499,0.499,True,999,0.00011387502308934927,0.0008316249586641788,strong_2x2_bal_100,strong_null,True,745,1062694068,0.0,0,0
100,100,0.058386195386126105,0.02951376404416073,0.053194310284851554,0.024340219921725748,0.028872431341965377,0.028854090363125806,0.040886180240911174,0.7061660241148009,0.705717437850897,0.48008489655237685,0.4803638745120392,0.495,0.493,0.493,True,999,0.00011558306869119406,0.0008272909326478839,strong_2x2_bal_100,strong_null,True,746,1062694068,0.0,0,0
100,100,0.022979168343198464,0.06986929621782778,0.017808977342284038,0.06465811174034286,-0.04689012787462932,-0.04684913439805882,0.04170804316495116,-1.1242466516394338,-1.123263784224428,0.2609084034071435,0.26132548004809053,0.239,0.24,0.24,True,999,0.00011408294085413218,0.0008601660374552011,strong_2x2_bal_100,strong_null,True,747,1062694068,0.0,0,0
100,100,0.06947806375996723,0.034891356957655106,0.0642740919885938,0.029713114848078703,0.03458670680231213,0.03456097714051509,0.04439265875567049,0.7791087033707842,0.7785291106516671,0.4359156836692961,0.43625715196807147,0.463,0.461,0.461,True,999,0.00011200003791600466,0.0007916250033304095,strong_2x2_bal_100,strong_null,True,748,1062694068,0.0,0,0
100,100,0.12407751784652843,0.0381670583565088,0.11880757555523758,0.03298502137083403,0.08591045949001963,0.08582255418440354,0.053647005129625225,1.6014027117159186,1.5997641243352496,0.1092877525277729,0.10965092032524466,0.108,0.101,0.101,True,999,0.00010950001887977123,0.0007979579968377948,strong_2x2_bal_100,strong_null,True,749,1062694068,0.0,0,0
100,100,0.0231992630161294,0.05142768388279051,0.01802820809936634,0.0462399154987736,-0.028228420866661108,-0.02821170739940726,0.03780896721361466,-0.7466065049377046,-0.7461644545860138,0.4553011206904545,0.45556807747642203,0.459,0.455,0.455,True,999,0.00010933401063084602,0.0008086248999461532,strong_2x2_bal_100,strong_null,True,750,1062694068,0.0,0,0
100,100,0.04572033088704963,0.08780421604446786,0.04053781125691103,0.0825802376432847,-0.04208388515741823,-0.04204242638637368,0.049746537680067614,-0.8459661138242462,-0.8451327136927398,0.3975716482448385,0.3980367450701259,0.407,0.407,0.407,True,999,0.00010866706725209951,0.0008065840229392052,strong_2x2_bal_100,strong_null,True,751,1062694068,0.0,0,0
100,100,0.10830843992422212,0.10843039101769636,0.10304752663495265,0.1031986677246266,-0.00012195109347423738,-0.00015114108967395623,0.06184486767550956,-0.001971887046700397,-0.0024438744127802184,0.998426662789402,0.9980500722784994,1.0,1.0,1.0,True,999,0.00011104193981736898,0.0008142089936882257,strong_2x2_bal_100,strong_null,True,752,1062694068,0.0,0,0
100,100,0.024220921907809778,0.10050873078459555,0.019048678602700875,0.09528447181348554,-0.07628780887678577,-0.07623579321078466,0.04769526988676054,-1.5994837445706973,-1.5983931612460909,0.10971315767343827,0.10995550565379285,0.097,0.093,0.093,True,999,0.00011066696606576443,0.0008424590341746807,strong_2x2_bal_100,strong_null,True,753,1062694068,0.0,0,0
100,100,0.04055380431636535,0.016173411198517784,0.035353539560631475,0.011009431570727202,0.024380393117847565,0.024344107989904273,0.03297976660907081,0.7392530519346351,0.738152828019366,0.45975335164771325,0.4604215844405395,0.437,0.445,0.445,True,999,0.00011329096741974354,0.0008223749464377761,strong_2x2_bal_100,strong_null,True,754,1062694068,0.0,0,0
100,100,0.0699777403530557,0.026820136969350483,0.0647665874546135,0.021644282493241462,0.04315760338370522,0.04312230496137204,0.042600078326270004,1.0130874185996839,1.0122588186599646,0.31101840723448904,0.3114143195187711,0.282,0.291,0.291,True,999,0.0001230000052601099,0.0008102909196168184,strong_2x2_bal_100,strong_null,True,755,1062694068,0.0,0,0
100,100,0.059630091707797095,0.0892511403303553,0.05443352642824095,0.08403255677333732,-0.02962104862255821,-0.029599030345096367,0.05238073748818844,-0.5654950663731604,-0.5650747157153101,0.5717370790725004,0.5720229454245028,0.57,0.571,0.571,True,999,0.00011533405631780624,0.0008492920314893126,strong_2x2_bal_100,strong_null,True,756,1062694068,0.0,0,0
100,100,0.06707733961080531,0.02785191835441858,0.06187720775957928,0.022679320798147273,0.03922542125638673,0.039197886961432005,0.04231526418019162,0.9269804175002342,0.9263297233479426,0.3539367017133227,0.35427465360558064,0.328,0.327,0.327,True,999,0.00011687504593282938,0.0008102500578388572,strong_2x2_bal_100,strong_null,True,757,1062694068,0.0,0,0
100,100,0.12334280295826527,0.06662067251684944,0.11808680671278182,0.06141558098038047,0.05672213044141583,0.056671225732401354,0.058134361409480854,0.975707465708315,0.9748318267956259,0.3292094515085978,0.32964368700708513,0.332,0.333,0.333,True,999,0.00011612498201429844,0.0008194580441340804,strong_2x2_bal_100,strong_null,True,758,1062694068,0.0,0,0
100,100,0.044615464923190795,0.05596519686541068,0.03943237260273236,0.05077234825118637,-0.011349731942219887,-0.011339975648454015,0.04373435625539475,-0.2595152395965556,-0.2592921588289115,0.7952377251986418,0.7954098289324352,0.819,0.823,0.83,True,999,0.0001244159648194909,0.0008130840724334121,strong_2x2_bal_100,strong_null,True,759,1062694068,0.0,0,0
100,100,0.014293192798176868,0.05220314090689748,0.009123503718413417,0.04701571431220941,-0.037909948108720615,-0.037892210593795994,0.035652808085600826,-1.0633088989147923,-1.0628113921018076,0.2876418908973887,0.28786749223825414,0.268,0.264,0.264,True,999,0.00011537503451108932,0.0008238330483436584,strong_2x2_bal_100,strong_null,True,760,1062694068,0.0,0,0
100,100,0.019935500215221724,0.08182593148479622,0.014767190878743008,0.07661719606636552,-0.0618904312695745,-0.061850005187622514,0.04349241763664857,-1.4230165769727865,-1.4220870797374356,0.1547313498177163,0.15500097308137323,0.138,0.138,0.138,True,999,0.00011695805005729198,0.0008232080144807696,strong_2x2_bal_100,strong_null,True,761,1062694068,0.0,0,0
100,100,0.04106131032185378,0.08289756095211143,0.035877582907573924,0.07768458302194858,-0.04183625063025764,-0.04180700011437466,0.04797043397582907,-0.8721257483586189,-0.8715159870231737,0.3831397808408993,0.3834724805997527,0.439,0.448,0.448,True,999,0.00011004204861819744,0.0008509159088134766,strong_2x2_bal_100,strong_null,True,762,1062694068,0.0,0,0
100,100,0.06152987665353016,0.06822667887712619,0.05632299632621596,0.06302208908152807,-0.006696802223596032,-0.006699092755312108,0.0492392397747057,-0.13600539436102735,-0.1360519127826471,0.8918170165094849,0.891780241991915,0.874,0.874,0.873,True,999,0.00010879198089241982,0.0008484999416396022,strong_2x2_bal_100,strong_null,True,763,1062694068,0.0,0,0
100,100,0.05199276349977677,0.010536635773633729,0.04680289384511127,0.005372688010410798,0.041456127726143044,0.04143020583470047,0.034542870026478774,1.2001355907706837,1.1993851640857354,0.23008668505374252,0.2303782136595387,0.22,0.218,0.218,True,999,0.00011079199612140656,0.0008214159170165658,strong_2x2_bal_100,strong_null,True,764,1062694068,0.0,0,0
100,100,0.039379373902592496,0.037708628753393314,0.03420076535070393,0.03252831478010876,0.001670745149199182,0.0016724505705951742,0.03852004993190212,0.04337339001773928,0.043417663620681314,0.9654038894228216,0.9653685974446635,0.953,0.951,0.951,True,999,0.00014616688713431358,0.0008247919613495469,strong_2x2_bal_100,strong_null,True,765,1062694068,0.0,0,0
100,100,0.07408028741081829,0.07408028741081829,0.06887766347202273,0.06887766347202273,0.0,0.0,0.05234191948384511,0.0,0.0,1.0,1.0,1.0,1.0,1.0,True,999,0.00011108408216387033,0.0008105000015348196,strong_2x2_bal_100,strong_null,True,766,1062694068,0.0,0,0
100,100,0.04461546492319102,0.012663459436801361,0.039432372602675514,0.007499651686075026,0.031952005486389656,0.03193272091660049,0.033215421845181226,0.9619629591133776,0.9613823682697913,0.3360682107300037,0.3363599462887207,0.371,0.353,0.353,True,999,0.00011566595640033484,0.0008012920152395964,strong_2x2_bal_100,strong_null,True,767,1062694068,0.0,0,0
100,100,0.08232370950147083,0.03833524446458347,0.07711060018824867,0.033155994600974736,0.04398846503688736,0.04395460558727393,0.0473864325306015,0.9282923969530776,0.9275778580480533,0.3532559168837438,0.35362658766647126,0.311,0.31,0.31,True,999,0.00010875007137656212,0.0007857499876990914,strong_2x2_bal_100,strong_null,True,768,1062694068,0.0,0,0
100,100,0.03894160488080589,0.055971286859761826,0.03375661195767066,0.050773277491273916,-0.017029681978955935,-0.01701666553360326,0.042514676040531975,-0.40056007865896576,-0.4002539150805284,0.6887440425136131,0.6889695075937499,0.766,0.768,0.768,True,999,0.0001079590292647481,0.0007852920098230243,strong_2x2_bal_100,strong_null,True,769,1062694068,0.0,0,0
100,100,0.03399183196071365,0.03755685578123669,0.028815487930302197,0.03237710797134241,-0.003565023820523039,-0.0035616200410402143,0.03716418068145154,-0.09592633969467071,-0.0958347520578545,0.9235790749905506,0.9236518162243207,0.985,0.984,0.984,True,999,0.00011054205242544413,0.0007810000097379088,strong_2x2_bal_100,strong_null,True,770,1062694068,0.0,0,0
100,100,0.055965196865410904,0.034891356957655106,0.05077234825118637,0.029713114848078703,0.021073839907755798,0.02105923340310767,0.04161748453904995,0.5063698621184585,0.5060188917316149,0.6125970275081984,0.6128433875675818,0.64,0.638,0.638,True,999,0.0001082499511539936,0.000818458036519587,strong_2x2_bal_100,strong_null,True,771,1062694068,0.0,0,0
100,100,0.12019821472672054,0.025697837848099536,0.11494190383839964,0.020512762218970693,0.094500376878621,0.09442914161942895,0.05098582481486929,1.8534637268643601,1.852066568743437,0.06381592058533289,0.06401626441476667,0.065,0.061,0.061,True,999,0.0001079590292647481,0.0007960000075399876,strong_2x2_bal_100,strong_null,True,772,1062694068,0.0,0,0
100,100,0.06336955972453906,0.08665527032110765,0.05816819124569861,0.08143613301552932,-0.023285710596568587,-0.023267941769830713,0.052691146495136745,-0.44192833417883204,-0.44159110813765046,0.6585410663754658,0.6587851195838754,0.672,0.669,0.669,True,999,0.00012129195965826511,0.000798500026576221,strong_2x2_bal_100,strong_null,True,773,1062694068,0.0,0,0
100,100,0.0927965859332206,0.016379617868533147,0.08757360426592697,0.011206664908527841,0.07641696806468745,0.07636693935739913,0.044698129847399765,1.709623385264135,1.7085041279829216,0.08733553842085442,0.08754284108853583,0.067,0.069,0.069,True,999,0.0001364590134471655,0.0008095840457826853,strong_2x2_bal_100,strong_null,True,774,1062694068,0.0,0,0
100,100,0.08472136945384645,0.03895131231666282,0.0795029399713485,0.03376976820118216,0.04577005713718363,0.045733171770166337,0.04785466269599914,0.9564388203494788,0.955668041392126,0.33885057974282606,0.33923997355428404,0.321,0.317,0.317,True,999,0.00011124997399747372,0.000789834070019424,strong_2x2_bal_100,strong_null,True,775,1062694068,0.0,0,0
100,100,0.030786547214457505,0.0465733363308064,0.02560902236767504,0.0413868864686151,-0.015786789116348898,-0.015777864100940064,0.03853979554750391,-0.4096230634355649,-0.40939148422550314,0.6820824757449067,0.6822523880611073,0.681,0.677,0.677,True,999,0.000112209003418684,0.0007964170072227716,strong_2x2_bal_100,strong_null,True,776,1062694068,0.0,0,0
100,100,0.05940846856642301,0.05611295135025929,0.054215277101889114,0.050906839386016145,0.0032955172161637236,0.0033084377158729694,0.04654460670160558,0.07080341740324649,0.07108101132067023,0.9435542119588107,0.9433332807098671,0.956,0.956,0.956,True,999,0.00010970898438245058,0.0008129169000312686,strong_2x2_bal_100,strong_null,True,777,1062694068,0.0,0,0
100,100,0.004099482482214367,0.0679049242017109,-0.0010760428786511511,0.06270023609739894,-0.06380544171949654,-0.0637762789760501,0.036639663110923884,-1.7414309058009145,-1.7406349720785397,0.08160807475565802,0.08174758342885227,0.057,0.056,0.056,True,999,0.00011554092634469271,0.0007920420030131936,strong_2x2_bal_100,strong_null,True,778,1062694068,0.0,0,0
100,100,0.05843150385723794,0.02913203618848237,0.05322908995459841,0.023959930575244925,0.029299467668755574,0.029269159379353482,0.04079389793679763,0.7182316265572247,0.7174886652092053,0.47261448041214116,0.47307262785664683,0.483,0.482,0.482,True,999,0.00011004204861819744,0.000787666067481041,strong_2x2_bal_100,strong_null,True,779,1062694068,0.0,0,0
100,100,0.0821686050052226,0.04572033088704963,0.07695994894501723,0.04053781125691103,0.036448274118172974,0.036422137688106204,0.04876517266362738,0.747424281045533,0.7468883159573532,0.4548074931684801,0.4551309793507601,0.511,0.502,0.502,True,999,0.00011179107241332531,0.0007887920364737511,strong_2x2_bal_100,strong_null,True,780,1062694068,0.0,0,0
100,100,0.05247954414889877,0.017248078827974633,0.04728988711312354,0.012079600693098769,0.03523146532092414,0.03521028642002477,0.03649016283731759,0.9655058399710342,0.9649254396863387,0.33429151232831245,0.3345821583313473,0.364,0.382,0.382,True,999,0.00011979206465184689,0.0007895840099081397,strong_2x2_bal_100,strong_null,True,781,1062694068,0.0,0,0
100,100,0.0679049242017109,0.1081020776505911,0.06270023609739894,0.10286724409557735,-0.040197153448880196,-0.040167007998178406,0.0564404885997582,-0.7122042074074534,-0.7116700970294308,0.47633833194507136,0.47666908892468474,0.513,0.516,0.516,True,999,0.000110041000880301,0.0007851249538362026,strong_2x2_bal_100,strong_null,True,782,1062694068,0.0,0,0
100,100,0.019077918605384214,0.05142768388279051,0.013910655710276387,0.0462399154987736,-0.032349765277406295,-0.03232925978849721,0.036748579978213625,-0.8802997366587998,-0.8797417426105606,0.3786969552449614,0.3789992306954607,0.358,0.359,0.359,True,999,0.00012162502389401197,0.0008050000760704279,strong_2x2_bal_100,strong_null,True,783,1062694068,0.0,0,0
100,100,0.024323768057489703,0.099496845428655,0.019148227874040913,0.09426825239015102,-0.0751730773711653,-0.0751200245161101,0.04755451251415175,-1.5807769525298896,-1.579661330641443,0.11392904607207284,0.11418444576293023,0.115,0.114,0.114,True,999,0.00010870897676795721,0.0007988750003278255,strong_2x2_bal_100,strong_null,True,784,1062694068,0.0,0,0
100,100,0.040003196167557986,0.033497402386165276,0.034822286739995434,0.028320707870093997,0.00650579378139271,0.0065015788699014365,0.037618043122881424,0.1729434399376165,0.1728313949947813,0.862695885944484,0.8627839587390415,0.845,0.845,0.845,True,999,0.00011095800437033176,0.0007930409628897905,strong_2x2_bal_100,strong_null,True,785,1062694068,0.0,0,0
100,100,0.04564337490516657,0.034040980571866775,0.04045645449031099,0.028865908768068493,0.011602394333299793,0.011590545722242496,0.039089401959030295,0.2968168800704675,0.2965137643801913,0.7666063174959123,0.766837756888434,0.782,0.782,0.782,True,999,0.00011487503070384264,0.0007882500067353249,strong_2x2_bal_100,strong_null,True,786,1062694068,0.0,0,0
100,100,0.05230025100841673,0.03848848195167354,0.047112866505500506,0.033308664659855935,0.013811769056743195,0.01380420184564457,0.04160839076956844,0.33194672519863117,0.3317648577685608,0.7399294872348097,0.7400668221430537,0.722,0.714,0.714,True,999,0.00011045800056308508,0.0007982909446582198,strong_2x2_bal_100,strong_null,True,787,1062694068,0.0,0,0
100,100,0.03399183196071365,0.05075125708135153,0.028815487930302197,0.045563182125860635,-0.016759425120637883,-0.016747694195558438,0.04026157290798214,-0.4162635463582499,-0.4159721785791953,0.6772171643198452,0.6774303615971164,0.705,0.7,0.7,True,999,0.00010833307169377804,0.0008079999824985862,strong_2x2_bal_100,strong_null,True,788,1062694068,0.0,0,0
100,100,0.035422020458493186,0.01858726842456848,0.030240250363220866,0.01341888991015594,0.016834752033924705,0.016821360453064926,0.03235951856380568,0.520241115476745,0.5198272780201285,0.6028955317537099,0.6031839651332426,0.595,0.599,0.599,True,999,0.00011166592594236135,0.0007873750291764736,strong_2x2_bal_100,strong_null,True,789,1062694068,0.0,0,0
100,100,0.05227158785450925,0.0679049242017109,0.047057470151159464,0.06270023609739894,-0.015633336347201654,-0.01564276594623948,0.047313509099671254,-0.3304201409848562,-0.33061944133727694,0.7410825250376807,0.7409319592712158,0.778,0.777,0.777,True,999,0.00011012493632733822,0.0007951670559123158,strong_2x2_bal_100,strong_null,True,790,1062694068,0.0,0,0
100,100,0.043304782161658006,0.05920485057744174,0.03811953542025037,0.05401158379129356,-0.01590006841578373,-0.015892048371043188,0.04407815353361381,-0.36072446645611883,-0.3605425158956348,0.7183054328720333,0.7184414683056579,0.707,0.705,0.705,True,999,0.00010750000365078449,0.0007945839315652847,strong_2x2_bal_100,strong_null,True,791,1062694068,0.0,0,0
100,100,0.029178645530158254,0.010333787403100203,0.02399754193631054,0.005169452767034954,0.01884485812705805,0.018828089169275586,0.027754766323829325,0.6789773658039585,0.6783731828111416,0.49715220345270794,0.4975351079851139,0.45,0.469,0.469,True,999,0.00011745898518711329,0.0008254999993368983,strong_2x2_bal_100,strong_null,True,792,1062694068,0.0,0,0
100,100,0.019470515769462238,0.034206006545573486,0.014301663158107658,0.02903104905192322,-0.014735490776111249,-0.01472938589381556,0.03228901798380254,-0.4563623081848806,-0.45617323825718104,0.6481294650994001,0.6482654080667682,0.654,0.651,0.651,True,999,0.0001092919846996665,0.0007848750101402402,strong_2x2_bal_100,strong_null,True,793,1062694068,0.0,0,0
100,100,0.0057888409936106555,0.08287268458737995,0.0006261688257893638,0.07765384350888382,-0.0770838435937693,-0.07702767468309446,0.04036440229544832,-1.9096986257730773,-1.9083070800674402,0.05617202802687639,0.0563515384621039,0.033,0.033,0.033,True,999,0.0001089159632101655,0.0007947080302983522,strong_2x2_bal_100,strong_null,True,794,1062694068,0.0,0,0
100,100,0.03848848195167354,0.09138291164981582,0.033308664659855935,0.08616474974454036,-0.05289442969814229,-0.05285608508468442,0.04895378105475989,-1.0804973294907367,-1.0797140475331088,0.27992077534972026,0.28026953647488795,0.287,0.284,0.284,True,999,0.00011158396955579519,0.0007939999923110008,strong_2x2_bal_100,strong_null,True,795,1062694068,0.0,0,0
100,100,0.03355826067659684,0.10968995315980579,0.028369750854125186,0.10445839921948163,-0.07613169248320895,-0.07608864836535645,0.050944630086160986,-1.4944007318229597,-1.4935558121959116,0.135070910418227,0.1352917562031802,0.135,0.136,0.136,True,999,0.00010649999603629112,0.0008066250011324883,strong_2x2_bal_100,strong_null,True,796,1062694068,0.0,0,0
100,100,0.15367263563266687,0.04004847535583511,0.14839906178659135,0.03485915793244487,0.11362416027683175,0.11353990385414647,0.057885774409613074,1.9629030005334476,1.961447436993966,0.04965744606921331,0.04982685093769581,0.047,0.046,0.046,True,999,0.00010612502228468657,0.0008052920456975698,strong_2x2_bal_100,strong_null,True,797,1062694068,0.0,0,0
100,100,0.05131293593563868,0.04106131032185378,0.04612276262523096,0.035877582907573924,0.010251625613784898,0.010245179717657038,0.04194045921048284,0.24443284138440116,0.2442791497880476,0.8068956092638873,0.8070146304716286,0.814,0.811,0.811,True,999,0.00011012493632733822,0.000803167000412941,strong_2x2_bal_100,strong_null,True,798,1062694068,0.0,0,0
100,100,0.039733217591059744,0.044955804955724266,0.034548711132217136,0.03977145582517494,-0.0052225873646645216,-0.005222744692957804,0.04026470519310954,-0.12970633560129127,-0.12971024295122785,0.8967987698320156,0.8967956783335742,0.903,0.903,0.903,True,999,0.00011329108383506536,0.000941875041462481,strong_2x2_bal_100,strong_null,True,799,1062694068,0.0,0,0
100,100,0.03894345707537883,0.039379373902592496,0.033764584392656616,0.03420076535070393,-0.0004359168272136671,-0.0004361809580473164,0.03880174002186828,-0.011234465953536842,-0.011241273143974705,0.991036381621735,0.9910309506125333,0.925,0.925,0.925,True,999,0.00011629192158579826,0.0007972921011969447,strong_2x2_bal_100,strong_null,True,800,1062694068,0.0,0,0
100,100,0.037708628753393314,0.13250545091704768,0.03252831478010876,0.1272430651003873,-0.09479682216365437,-0.09471475032027854,0.054819293791804086,-1.7292601857236483,-1.7277630514539597,0.08376253893822695,0.08403071419181926,0.079,0.08,0.079,True,999,0.00011024996638298035,0.0008125000167638063,strong_2x2_bal_100,strong_null,True,801,1062694068,0.0,0,0
100,100,0.04558878723206372,0.0697023212696588,0.04038694516438568,0.06443450509954118,-0.024113534037595086,-0.024047559935155505,0.04595075808587328,-0.5247690145292369,-0.5233332579674781,0.5997437740403765,0.6007423607593678,0.552,0.618,0.619,True,999,0.00010775006376206875,0.0007940420182421803,strong_2x2_bal_100,strong_null,True,802,1062694068,0.0,0,0
100,100,0.051912047129490935,0.05343813071859982,0.046724493421635316,0.048244853876113325,-0.0015260835891088842,-0.0015203604544780092,0.044635681757308934,-0.034189767670771455,-0.0340615488466031,0.9727258259880099,0.9728280702559913,0.966,0.966,0.964,True,999,0.00010750000365078449,0.0008005829295143485,strong_2x2_bal_100,strong_null,True,803,1062694068,0.0,0,0
100,100,0.011279922329317071,0.10994204993503065,0.006108874927107877,0.10471052906892453,-0.09866212760571358,-0.09860165414181665,0.04661505391821101,-2.11652930357696,-2.1152320088445964,0.034299815657440634,0.03441017809270078,0.022,0.022,0.022,True,999,0.00010737509001046419,0.0007858750177547336,strong_2x2_bal_100,strong_null,True,804,1062694068,0.0,0,0
100,100,0.08125530193798935,0.06622639858617974,0.07604643239656639,0.06102599681521781,0.01502890335180962,0.015020435581348579,0.052222601171177364,0.2877854226859989,0.28762327506655566,0.7735109965501981,0.7736351264878956,0.782,0.781,0.781,True,999,0.0001069169957190752,0.000806041993200779,strong_2x2_bal_100,strong_null,True,805,1062694068,0.0,0,0
100,100,0.05597128685976205,0.11957144464368796,0.050773277491273916,0.11433124250287108,-0.06360015778392591,-0.06355796501159716,0.05619064163639955,-1.13186388216515,-1.1311129960549366,0.2576916653539535,0.2580075349947778,0.267,0.266,0.266,True,999,0.00010970793664455414,0.0008058330276980996,strong_2x2_bal_100,strong_null,True,806,1062694068,0.0,0,0
100,100,0.08232370950147083,0.01858726842456848,0.07711060018824867,0.01341888991015594,0.06373644107690235,0.06369171027809273,0.04327447501967123,1.4728414625002324,1.4718078093180902,0.14079378932172817,0.1410727841842089,0.145,0.144,0.144,True,999,0.00011229200754314661,0.0007996660424396396,strong_2x2_bal_100,strong_null,True,807,1062694068,0.0,0,0
100,100,0.16660579127738107,0.041881854625461123,0.1613166740306724,0.03669722727097735,0.12472393665191994,0.12461944675969505,0.05963900029824602,2.091315012461536,2.0895629728280354,0.03649983494670599,0.036657075588236894,0.032,0.031,0.031,True,999,0.00011395802721381187,0.0008493750356137753,strong_2x2_bal_100,strong_null,True,808,1062694068,0.0,0,0
100,100,0.055781177737266874,0.07534538571423399,0.05057767605870822,0.070136923885741,-0.01956420797696712,-0.019559247827032777,0.04942813786548349,-0.39581114769506903,-0.39571079696067885,0.6922443523801627,0.6923183895059257,0.678,0.678,0.678,True,999,0.000114459078758955,0.0008408749708905816,strong_2x2_bal_100,strong_null,True,809,1062694068,0.0,0,0
100,100,0.014056428781547003,0.039733217591059744,0.008889131664957972,0.034548711132217136,-0.02567678880951274,-0.025659579467259164,0.032233698677394576,-0.7965821442489259,-0.796048251367882,0.42569375093253636,0.42600399053726823,0.427,0.431,0.431,True,999,0.00014891696628183126,0.0008457920048385859,strong_2x2_bal_100,strong_null,True,810,1062694068,0.0,0,0
100,100,0.057020569720351855,0.09079529903708372,0.05181481148605371,0.08555776881556199,-0.033774729316731866,-0.03374295732950827,0.05222367233079146,-0.6467321773696492,-0.6461237945079013,0.5178052940026383,0.5181991866716387,0.514,0.5,0.5,True,999,0.00011516595259308815,0.0008064579451456666,strong_2x2_bal_100,strong_null,True,811,1062694068,0.0,0,0
100,100,0.07078772604321837,0.01737386443983524,0.06558415920513028,0.01220554715888511,0.05341386160338313,0.053378612046245166,0.04073855686591147,1.3111377945760736,1.3102725317918769,0.18981121385192024,0.19010365630769033,0.148,0.148,0.148,True,999,0.00012049998622387648,0.0008405830012634397,strong_2x2_bal_100,strong_null,True,812,1062694068,0.0,0,0
100,100,0.05075125708135153,0.07324866353757342,0.045563182125860635,0.06804378717409065,-0.02249740645622189,-0.022480605048230018,0.048176781693321825,-0.4669761172390733,-0.46662737231669915,0.6405169652199662,0.6407664997948942,0.621,0.624,0.624,True,999,0.00010883400682359934,0.0007855420699343085,strong_2x2_bal_100,strong_null,True,813,1062694068,0.0,0,0
100,100,0.009380164302923766,0.02171366565558097,0.004218392733193355,0.016540932009760922,-0.012333501352657206,-0.012322539276567568,0.024691859480168454,-0.49949666053150016,-0.4990527054661296,0.6174295387876332,0.6177422544622309,0.577,0.588,0.588,True,999,0.00010783399920910597,0.0007898339536041021,strong_2x2_bal_100,strong_null,True,814,1062694068,0.0,0,0
100,100,0.015740935765435338,0.02728866158457388,0.010575392507249148,0.022114991200652412,-0.011547725819138543,-0.011539598693403263,0.029016359506022795,-0.39797293718881704,-0.3976928494771386,0.6906501346180447,0.6908566089179939,0.681,0.677,0.677,True,999,0.00011162494774907827,0.0007874580333009362,strong_2x2_bal_100,strong_null,True,815,1062694068,0.0,0,0
100,100,0.04079482990536709,0.11259596286449403,0.03561094977699497,0.10734522507040367,-0.07180113295912693,-0.0717342752934087,0.05252860148833739,-1.3668959561976632,-1.3656231702520278,0.1716579196928547,0.17205727021932526,0.134,0.149,0.149,True,999,0.0001092500751838088,0.000807165983133018,strong_2x2_bal_100,strong_null,True,816,1062694068,0.0,0,0
100,100,0.044902570079585646,0.060432563405583783,0.039715261814606606,0.05523009501150966,-0.015529993325998137,-0.015514833196903055,0.0447155882669952,-0.3473060274477235,-0.3469669929033368,0.7283614230472052,0.7286161160139767,0.743,0.74,0.74,True,999,0.00011470809113234282,0.0007892081048339605,strong_2x2_bal_100,strong_null,True,817,1062694068,0.0,0,0
100,100,0.06718384749826711,0.019175522945859003,0.06198374887688374,0.014007866148531889,0.04800832455240811,0.04797588272835185,0.040330971095202735,1.190358755287164,1.1895543654305527,0.2339054166079091,0.23422159114660113,0.206,0.203,0.203,True,999,0.00013520801439881325,0.0008677089354023337,strong_2x2_bal_100,strong_null,True,818,1062694068,0.0,0,0
100,100,0.033497402386165276,0.07954512595617547,0.028320707870093997,0.07430931311556321,-0.04604772357001019,-0.045988605245469216,0.045745185217916436,-1.0066135561732354,-1.005321216350818,0.3141205174159203,0.31474220216332394,0.315,0.323,0.323,True,999,0.00013708299957215786,0.0007932910230010748,strong_2x2_bal_100,strong_null,True,819,1062694068,0.0,0,0
100,100,0.03564928719522764,0.09208111072952418,0.0304675738551623,0.08685799581469666,-0.056431823534296544,-0.056390421959534365,0.04852610187959294,-1.1629168910851306,-1.1620637095362623,0.24486322354585466,0.24520958717324626,0.251,0.252,0.252,True,999,0.00011599995195865631,0.0008054579375311732,strong_2x2_bal_100,strong_null,True,820,1062694068,0.0,0,0
100,100,0.08385391165870404,0.019968949946638226,0.0786209631860828,0.014802221581192043,0.06388496171206581,0.06381874160489076,0.04397814697385168,1.4526524218960437,1.4511466716147865,0.14632028325300422,0.146739022826539,0.144,0.142,0.142,True,999,0.00011841603554785252,0.0008221670286729932,strong_2x2_bal_100,strong_null,True,821,1062694068,0.0,0,0
100,100,0.00185329798898215,0.0514831577724274,-0.0033024547180957597,0.04626869441904091,-0.04962985978344525,-0.04957114913713667,0.03165596627280788,-1.567788496984745,-1.5659338498764364,0.11693050031271805,0.11736410428286605,0.053,0.054,0.054,True,999,0.00010950001887977123,0.0008201670134440064,strong_2x2_bal_100,strong_null,True,822,1062694068,0.0,0,0
100,100,0.052947308024007156,0.0892511403303553,0.04775382201975731,0.08403255677333732,-0.03630383230634815,-0.03627873475358001,0.05123698448248541,-0.7085474032680058,-0.7080575705227412,0.47860538564513444,0.4789095068835696,0.511,0.517,0.515,True,999,0.00010883400682359934,0.0008290419355034828,strong_2x2_bal_100,strong_null,True,823,1062694068,0.0,0,0
100,100,0.04572033088704963,0.08056789684698307,0.04053781125691103,0.0752961821264364,-0.034847565959933435,-0.03475837086952538,0.048037625974894936,-0.725422317458927,-0.7235655418877389,0.46819298580275637,0.4693325025556061,0.449,0.459,0.461,True,999,0.00010966602712869644,0.000850916956551373,strong_2x2_bal_100,strong_null,True,824,1062694068,0.0,0,0
100,100,0.05138326569604146,0.036944118858446284,0.046189086412937286,0.0317579468193685,0.014439146837595174,0.014431139593568787,0.04101680264755148,0.35203004392291715,0.35183482529275745,0.7248157310328746,0.724962139514949,0.744,0.747,0.747,True,999,0.00012337497901171446,0.0008202920434996486,strong_2x2_bal_100,strong_null,True,825,1062694068,0.0,0,0
100,100,0.19641487174324923,0.08049150769159152,0.190970194094632,0.07527796212251303,0.1159233640516577,0.11569223197211898,0.06677695146799409,1.7359786798176806,1.7325174244824544,0.08256760440565289,0.08318147743380429,0.081,0.085,0.085,True,999,0.00011391693260520697,0.0008337920298799872,strong_2x2_bal_100,strong_null,True,826,1062694068,0.0,0,0
100,100,0.06650310385474323,0.04106131032185378,0.06130558577169154,0.035877582907573924,0.025441793532889445,0.025428002864117616,0.045002395288310744,0.5653430971817157,0.5650366541872155,0.5718404203712093,0.5720488331437121,0.62,0.622,0.622,True,999,0.00011137500405311584,0.0008678330341354012,strong_2x2_bal_100,strong_null,True,827,1062694068,0.0,0,0
100,100,0.09241286139553606,0.035422020458493186,0.08715863383908129,0.030240250363220866,0.056990840937042875,0.05691838347586042,0.04819158070588239,1.1825891598132705,1.1810856303560264,0.23697201075483998,0.23756870776578032,0.228,0.229,0.229,True,999,0.00012229196727275848,0.0007906249957159162,strong_2x2_bal_100,strong_null,True,828,1062694068,0.0,0,0
100,100,0.10792976365521856,0.05879172279147726,0.10266880157294622,0.053599990936902486,0.049138040863741295,0.049068810636043736,0.05473080542994558,0.897813223791071,0.8965483012825548,0.3692851334796947,0.36995999540524815,0.379,0.378,0.379,True,999,0.00011487503070384264,0.0007871249690651894,strong_2x2_bal_100,strong_null,True,829,1062694068,0.0,0,0
100,100,0.021413984295389876,0.02509373622103761,0.01622938807601315,0.01992232242085379,-0.003679751925647734,-0.003692934344840637,0.030109345853316663,-0.12221294821794991,-0.12265076640427397,0.9027303721302465,0.9023836521141796,0.916,0.915,0.915,True,999,0.00010991701856255531,0.0007986660348251462,strong_2x2_bal_100,strong_null,True,830,1062694068,0.0,0,0
100,100,0.02951376404416095,0.02164980322274901,0.024340219921725748,0.016477079796672456,0.007863960821411942,0.007863140125053292,0.03157978405761587,0.2490188282182204,0.24899284018875342,0.8033462172713981,0.8033663197419688,0.807,0.81,0.805,True,999,0.00010962504893541336,0.0007885000668466091,strong_2x2_bal_100,strong_null,True,831,1062694068,0.0,0,0
100,100,0.029209586373763807,0.055205449888503066,0.024037543279177953,0.05000701213637626,-0.02599586351473926,-0.025969468857198308,0.04004728843772114,-0.649129180248153,-0.6484700929897985,0.5162548821879838,0.5166809481133269,0.511,0.528,0.528,True,999,0.00011029106099158525,0.0007881670026108623,strong_2x2_bal_100,strong_null,True,832,1062694068,0.0,0,0
100,100,0.09138291164981582,0.07435170133742408,0.08616474974454036,0.0691471279678808,0.017031210312391742,0.017017621776659553,0.05503772141045253,0.30944613759313894,0.30919924263847953,0.7569821786627569,0.7571699699821585,0.769,0.786,0.786,True,999,0.00011020794045180082,0.0008312499849125743,strong_2x2_bal_100,strong_null,True,833,1062694068,0.0,0,0
100,100,0.12126774454512868,0.05899469949768721,0.11597730355286728,0.05380304350626375,0.062273045047441467,0.062174260046603536,0.056660489493373566,1.099055895991232,1.097312441218405,0.2717436857294495,0.27250483414411597,0.265,0.267,0.267,True,999,0.0001112079480662942,0.0008286250522360206,strong_2x2_bal_100,strong_null,True,834,1062694068,0.0,0,0
100,100,0.010341478836396356,0.06662067251684944,0.005168628181678514,0.06141558098038047,-0.05627919368045309,-0.056246952798701955,0.0380105277635127,-1.4806212118548103,-1.4797730025915314,0.13870753967863464,0.13893383577960644,0.133,0.126,0.126,True,999,0.00012087495997548103,0.0007969590369611979,strong_2x2_bal_100,strong_null,True,835,1062694068,0.0,0,0
100,100,0.038646286017684606,0.03894345707537861,0.03345405200131779,0.033764584392656616,-0.0002971710576940012,-0.0003105323913388247,0.038551634058751984,-0.007708390706373638,-0.00805497351592358,0.9938496549749948,0.9935731304927092,0.997,0.997,0.997,True,999,0.00012195797171443701,0.0008558339904993773,strong_2x2_bal_100,strong_null,True,836,1062694068,0.0,0,0
100,100,0.09315183546162487,0.06200261819782871,0.08792088207087545,0.05680075193268408,0.03114921726379616,0.03112013013819137,0.05333304500356679,0.5840509811827352,0.5835055946291859,0.5591860128274198,0.5595529919318536,0.576,0.576,0.576,True,999,0.0001140419626608491,0.0007852918934077024,strong_2x2_bal_100,strong_null,True,837,1062694068,0.0,0,0
100,100,0.04763194464340381,0.06821230451256755,0.04244147901501094,0.06299084482085959,-0.020580359869163733,-0.02054936580584865,0.04654170807060895,-0.44219176137543204,-0.44152581969430466,0.6583504472865003,0.6588323735576496,0.685,0.681,0.681,True,999,0.00010837509762495756,0.0007868329994380474,strong_2x2_bal_100,strong_null,True,838,1062694068,0.0,0,0
100,100,0.02928001942174485,0.08961975866998972,0.024106287714261043,0.08440371722996076,-0.06033973924824487,-0.06029742951569972,0.046892797256566,-1.2867592205708311,-1.2858569555105137,0.1981782246229219,0.19849298849844477,0.212,0.206,0.206,True,999,0.00011016707867383957,0.0007952079176902771,strong_2x2_bal_100,strong_null,True,839,1062694068,0.0,0,0
100,100,0.10830843992422212,0.10947440648690043,0.10304752663495265,0.10423340558682526,-0.0011659665626783111,-0.0011858789518726098,0.06193163418009037,-0.018826671992665474,-0.019148194094543096,0.9849793764182556,0.984722885137936,0.991,0.991,0.991,True,999,0.00010754202958196402,0.0007890829583629966,strong_2x2_bal_100,strong_null,True,840,1062694068,0.0,0,0
100,100,0.11062672198880275,0.02397749898902657,0.1053922257060691,0.018808310652445925,0.08664922299977618,0.08658391505362317,0.04926104532798654,1.7589805986221816,1.7576548462813983,0.07858080396898583,0.07880625513473936,0.067,0.066,0.066,True,999,0.00011029199231415987,0.00079008296597749,strong_2x2_bal_100,strong_null,True,841,1062694068,0.0,0,0
100,100,0.028983205450210714,0.02645255201570973,0.02380625383968038,0.021268178226009127,0.0025306534345009846,0.0025380756136712534,0.03279644689670659,0.0771624268467665,0.07738873731245949,0.9384943315283916,0.9383143002353523,0.989,0.99,0.99,True,999,0.00010741699952632189,0.0008220839081332088,strong_2x2_bal_100,strong_null,True,842,1062694068,0.0,0,0
100,100,0.036089761608732784,0.054762727353112384,0.030903034450261657,0.04956936738047091,-0.0186729657443796,-0.01866633293020925,0.04162522702543153,-0.4485973309640109,-0.448437984946119,0.6537221595233533,0.6538371331366701,0.662,0.666,0.666,True,999,0.0001068750862032175,0.000792750041000545,strong_2x2_bal_100,strong_null,True,843,1062694068,0.0,0,0
100,100,0.009671997345269578,0.02951376404416073,0.004510824925830548,0.024340219921725748,-0.01984176669889115,-0.0198293949958952,0.027639391179901465,-0.7178800202125829,-0.7174324089422975,0.4728312681639919,0.4731073282590227,0.445,0.447,0.447,True,999,0.00010599999222904444,0.0007899169577285647,strong_2x2_bal_100,strong_null,True,844,1062694068,0.0,0,0
100,100,0.04297030740593155,0.03550147221047206,0.03778631239838148,0.03032032154362696,0.007468835195459489,0.007465990854754523,0.03889449585299677,0.19202807573822878,0.19195494609243732,0.8477202134031124,0.8477774968738174,0.752,0.748,0.748,True,999,0.00010641699191182852,0.000852791010402143,strong_2x2_bal_100,strong_null,True,845,1062694068,0.0,0,0
100,100,0.02797587320180761,0.029178645530158476,0.022802804366975238,0.02399754193631054,-0.0012027723283508651,-0.0011947375693353024,0.03332301737276068,-0.036094340284264004,-0.0358532228930721,0.9712071351879581,0.9713993945883183,0.965,0.965,0.965,True,999,0.00010775006376206875,0.0008008750155568123,strong_2x2_bal_100,strong_null,True,846,1062694068,0.0,0,0
100,100,0.025422808834076438,0.039073654577704064,0.020234147322753415,0.033883733710652564,-0.013650845743627626,-0.013649586387899149,0.035235750871754935,-0.3874146401281937,-0.38737889927700364,0.6984492671603988,0.6984757226807206,0.669,0.691,0.691,True,999,0.00010679196566343307,0.0008000420639291406,strong_2x2_bal_100,strong_null,True,847,1062694068,0.0,0,0
100,100,0.036944118858446284,0.061312776413463665,0.0317579468193685,0.05611143187620371,-0.02436865755501738,-0.02435348505683521,0.0430501879286431,-0.5660522921620951,-0.5656998547184463,0.5713582332830065,0.5715978340147525,0.607,0.635,0.635,True,999,0.00011179200373589993,0.0008155410178005695,strong_2x2_bal_100,strong_null,True,848,1062694068,0.0,0,0
100,100,0.053617541530366686,0.05286455451652783,0.04841844675831908,0.04765068983603271,0.0007529870138388572,0.0007677569222863667,0.04470444826081395,0.01684367089032825,0.017174061019769937,0.9865613304981724,0.9862977554451373,0.992,0.992,0.992,True,999,0.00010987499263137579,0.0007970830192789435,strong_2x2_bal_100,strong_null,True,849,1062694068,0.0,0,0
100,100,0.03257654825003353,0.010341478836396356,0.027396647155086384,0.005168628181678514,0.022235069413637176,0.02222801897340787,0.028907302156504347,0.7691852146304192,0.7689413163866075,0.4417833664120995,0.44192814861987406,0.444,0.437,0.437,True,999,0.00011279108002781868,0.0007953749736770988,strong_2x2_bal_100,strong_null,True,850,1062694068,0.0,0,0
100,100,0.02988796993550691,0.05199276349977677,0.024707448590191916,0.04680289384511127,-0.022104793564269865,-0.022095445254919355,0.03954362395979453,-0.5589976676579929,-0.5587612626850947,0.5761633119450997,0.5763246629003299,0.553,0.552,0.552,True,999,0.00011495896615087986,0.000807209056802094,strong_2x2_bal_100,strong_null,True,851,1062694068,0.0,0,0
100,100,0.027519653701983282,0.019968949946638226,0.022336222577280296,0.014802221581192043,0.007550703755345056,0.007534000996088253,0.03039411279231491,0.24842652282498065,0.24787698353192958,0.8038044144066455,0.8042295887342616,0.808,0.809,0.81,True,999,0.0001142079709097743,0.0008334580343216658,strong_2x2_bal_100,strong_null,True,852,1062694068,0.0,0,0
100,100,0.04516710103441712,0.03564928719522764,0.039984297889105846,0.0304675738551623,0.009517813839189482,0.009516724033943547,0.039411709722335465,0.24149710596786242,0.2414694541543884,0.8091698592234515,0.8091912881747604,0.79,0.791,0.791,True,999,0.00011016696225851774,0.0008453340269625187,strong_2x2_bal_100,strong_null,True,853,1062694068,0.0,0,0
100,100,0.04606453410618794,0.07893496111277765,0.040880754384517104,0.07371162780486884,-0.03287042700658971,-0.032830873420351736,0.04812979528820265,-0.6829538087531977,-0.6821319979393115,0.4946360309045523,0.4951554891537423,0.48,0.481,0.481,True,999,0.00010591698810458183,0.0008335841121152043,strong_2x2_bal_100,strong_null,True,854,1062694068,0.0,0,0
100,100,0.07457264285283094,0.06617185638282819,0.06936812884669052,0.06097514953060568,0.008400786470002752,0.008392979316084848,0.05110437385895215,0.16438488206878119,0.1642321132678278,0.8694281640417791,0.8695484215900919,0.838,0.84,0.838,True,999,0.00011550006456673145,0.000793374958448112,strong_2x2_bal_100,strong_null,True,855,1062694068,0.0,0,0
100,100,0.04553574499710511,0.02397749898902679,0.040353131483556126,0.018808310652445925,0.02155824600807832,0.0215448208311102,0.03656759763661693,0.5895450453789447,0.5891779122382464,0.555495704024725,0.5557419324666648,0.591,0.577,0.584,True,999,0.00011374999303370714,0.0007956670597195625,strong_2x2_bal_100,strong_null,True,856,1062694068,0.0,0,0
100,100,0.04782039371995339,0.01310663329115802,0.042630018693500915,0.007943546320348105,0.03471376042879537,0.03468647237315281,0.03414001890313437,1.0168055421201987,1.0160062439206288,0.3092459451348677,0.30962641320973505,0.263,0.263,0.263,True,999,0.00012120895553380251,0.0007890420965850353,strong_2x2_bal_100,strong_null,True,857,1062694068,0.0,0,0
100,100,0.08324216141137719,0.0653260642008755,0.07802926120876919,0.06012908305828546,0.01791609721050169,0.017900178150483725,0.05236432942645084,0.34214316132255707,0.34183915551951655,0.7322431572824426,0.732471940854827,0.714,0.713,0.713,True,999,0.0001141249667853117,0.0007898330222815275,strong_2x2_bal_100,strong_null,True,858,1062694068,0.0,0,0
100,100,0.05220314090689748,0.06795564700210799,0.04701571431220941,0.06275118149572734,-0.015752506095210506,-0.015735467183517926,0.047569402259660304,-0.33114786705169325,-0.33078967647364954,0.7405327966615731,0.740803359307437,0.773,0.773,0.773,True,999,0.00011112494394183159,0.0007904580561444163,strong_2x2_bal_100,strong_null,True,859,1062694068,0.0,0,0
100,100,0.045879306933472086,0.016704622019252935,0.04069543386992791,0.011538431712835973,0.02917468491421915,0.029157002157091938,0.034684059168718,0.8411554360549637,0.8406456123044852,0.4002608622547936,0.400546497856089,0.371,0.383,0.383,True,999,0.00011124997399747372,0.000798041932284832,strong_2x2_bal_100,strong_null,True,860,1062694068,0.0,0,0
100,100,0.003203422101545561,0.024202126171010474,-0.0019526034225805233,0.019032070034910475,-0.020998704069464913,-0.020984673457491,0.02315605622689872,-0.9068342149330348,-0.9062282994940485,0.36449447351899333,0.3648150271574967,0.304,0.302,0.302,True,999,0.00013433292042464018,0.000811917008832097,strong_2x2_bal_100,strong_null,True,861,1062694068,0.0,0,0
100,100,0.04553574499710511,0.016089962743297548,0.040353131483556126,0.010922942861185447,0.029445782253807562,0.02943018862237068,0.03443256844770124,0.8551724016328325,0.8547195271555605,0.39245571237846655,0.3927064375334236,0.381,0.379,0.379,True,999,0.00010954192839562893,0.0008380829822272062,strong_2x2_bal_100,strong_null,True,862,1062694068,0.0,0,0
100,100,0.05899469949768721,0.07445572844080794,0.05380304350626375,0.06922298319142328,-0.015461028943120736,-0.015419939685159534,0.04964253371489104,-0.31144721645186624,-0.3106195137766324,0.7554606639024909,0.7560898906914374,0.773,0.774,0.774,True,999,0.0001100829103961587,0.000831458019092679,strong_2x2_bal_100,strong_null,True,863,1062694068,0.0,0,0
100,100,0.045879306933472086,0.05901705585352923,0.040695433869984754,0.053820261823716464,-0.013137748920057146,-0.01312482795373171,0.04453794548818262,-0.2949787821610007,-0.2946886707473778,0.7680100883006086,0.7682317184979395,0.784,0.785,0.785,True,999,0.00011362496297806501,0.0007959159556776285,strong_2x2_bal_100,strong_null,True,864,1062694068,0.0,0,0
100,100,0.10294673725730474,0.04598985494114549,0.09771141653685333,0.04080015623117106,0.05695688231615925,0.056911260305682276,0.05210837224639555,1.0930466614239536,1.0921711397273393,0.2743733130372311,0.2747578852120316,0.292,0.292,0.292,True,999,0.0001099160872399807,0.0007966249249875546,strong_2x2_bal_100,strong_null,True,865,1062694068,0.0,0,0
100,100,0.003344323973138108,0.06607918563312665,-0.001812661884798672,0.060881532323605825,-0.06273486165998854,-0.0626941942084045,0.03605123659569105,-1.7401583852323887,-1.739030339278234,0.08183121058753472,0.08202942645031773,0.052,0.053,0.053,True,999,0.00011475000064820051,0.0007907500257715583,strong_2x2_bal_100,strong_null,True,866,1062694068,0.0,0,0
100,100,0.09745490009717406,0.05737869124476602,0.09223013224281829,0.05218472349366721,0.040076208852408035,0.04004540874915108,0.053314386920803175,0.7516959523878605,0.7511182452240754,0.452233925084225,0.4525814962475102,0.539,0.539,0.539,True,999,0.00010879198089241982,0.0007874589646235108,strong_2x2_bal_100,strong_null,True,867,1062694068,0.0,0,0
100,100,0.012089164002732855,0.058386195386126105,0.006918617973511232,0.053194310284879975,-0.04629703138339325,-0.046275692311368744,0.03658359233518911,-1.265513538397402,-1.2649302421527635,0.205687298361927,0.20589633522937179,0.195,0.193,0.193,True,999,0.00011104100849479437,0.0007932919543236494,strong_2x2_bal_100,strong_null,True,868,1062694068,0.0,0,0
100,100,0.055971286859761826,0.025644739629517743,0.050773277491273916,0.02047044986328217,0.030326547230244083,0.030302827627991746,0.039467145965889495,0.7683998041422754,0.7677988080055688,0.44224969670753533,0.44260672280298086,0.459,0.461,0.461,True,999,0.00010958302300423384,0.0008185839978978038,strong_2x2_bal_100,strong_null,True,869,1062694068,0.0,0,0
100,100,0.08665527032110742,0.08248067220541466,0.08143613301552932,0.07725303819253782,0.0041745981156927625,0.004183094822991507,0.05561668692660464,0.075060172519838,0.07521294514561408,0.9401668361181609,0.9400452847927248,0.99,0.99,0.99,True,999,0.00010900001507252455,0.0008120829006657004,strong_2x2_bal_100,strong_null,True,870,1062694068,0.0,0,0
100,100,0.06469975372075076,0.09279815809340586,0.0594869182579032,0.08749425327629012,-0.028098404372655095,-0.028007335018386925,0.05311971940196477,-0.5289637198575978,-0.5272493027768328,0.5968306177560118,0.598020475127013,0.577,0.594,0.594,True,999,0.00011987506877630949,0.0008264170028269291,strong_2x2_bal_100,strong_null,True,871,1062694068,0.0,0,0
100,100,0.016623691088607173,0.05737869124476602,0.011454391735654212,0.05218472349366721,-0.04075500015615885,-0.040730331758012994,0.037540766549416585,-1.0856198181918109,-1.0849627085903493,0.27764722805944375,0.27793817208977134,0.279,0.283,0.283,True,999,0.00012429093476384878,0.0008619170403108001,strong_2x2_bal_100,strong_null,True,872,1062694068,0.0,0,0
100,100,0.041476872912890594,0.08072202381269489,0.03628839431986819,0.07551191952371994,-0.03924515089980429,-0.03922352520385175,0.04771064636822102,-0.8225659027320283,-0.8221126350109071,0.41075489539717236,0.41101279507270827,0.4,0.401,0.401,True,999,0.00011245906352996826,0.0008098339894786477,strong_2x2_bal_100,strong_null,True,873,1062694068,0.0,0,0
100,100,0.09559542765604334,0.020287947704109133,0.09035335045925308,0.015097172708124162,0.07530747995193421,0.07525617775112892,0.04592829842780715,1.6396749396302372,1.6385579332842275,0.10107277222974712,0.10130535935085029,0.106,0.103,0.103,True,999,0.00012183398939669132,0.0007928339764475822,strong_2x2_bal_100,strong_null,True,874,1062694068,0.0,0,0
100,100,0.03575917450220467,0.07435170133742408,0.030577628704449467,0.06914712796790923,-0.03859252683521941,-0.03856949926345976,0.045400652409549574,-0.8500434418229166,-0.8495362338746272,0.3953009343509125,0.3955829770103334,0.427,0.43,0.427,True,999,0.00010916602332144976,0.0007863329956308007,strong_2x2_bal_100,strong_null,True,875,1062694068,0.0,0,0
100,100,0.039534547637448014,0.03956405743651059,0.03435537000655131,0.03438288661810418,-2.9509799062577002e-05,-2.7516611552869108e-05,0.03897340179802092,-0.0007571779136835707,-0.0007060356623595123,0.9993958594906185,0.9994366650924296,1.0,1.0,1.0,True,999,0.00010916695464402437,0.0007871671114116907,strong_2x2_bal_100,strong_null,True,876,1062694068,0.0,0,0
100,100,0.06842964913510852,0.03339837382168831,0.06322330959217481,0.02821908310569654,0.03503127531342021,0.035004226486478274,0.043900052002427,0.797977991267152,0.7973618455974284,0.4248832621052844,0.4252409115867146,0.442,0.441,0.441,True,999,0.00010775006376206875,0.0007933329325169325,strong_2x2_bal_100,strong_null,True,877,1062694068,0.0,0,0
100,100,0.1003553257574008,0.08287268458737995,0.09512687225068817,0.07765384350888382,0.01748264117002085,0.01747302874180434,0.05755724713943878,0.3037435256009938,0.3035765192083284,0.7613232950124524,0.7614505427699945,0.763,0.763,0.763,True,999,0.0001093749888241291,0.0007845420623198152,strong_2x2_bal_100,strong_null,True,878,1062694068,0.0,0,0
100,100,0.05899469949768721,0.052772083710488804,0.053803043506206905,0.047582552563653735,0.0062226157871984045,0.00622049094255317,0.045904178215699455,0.13555663185949898,0.13551034316143648,0.8921717916548046,0.8922083870278585,0.915,0.915,0.915,True,999,0.000108166947029531,0.0008034580387175083,strong_2x2_bal_100,strong_null,True,879,1062694068,0.0,0,0
100,100,0.0927965859332206,0.06089950390415266,0.0875736042659696,0.05569801272372388,0.031897082029067936,0.03187559154224573,0.053036591370511754,0.6014165164996379,0.6010113153683647,0.5475626005787548,0.5478324497346181,0.542,0.542,0.542,True,999,0.00010800000745803118,0.000786124961450696,strong_2x2_bal_100,strong_null,True,880,1062694068,0.0,0,0
100,100,0.02463582455861879,0.08368073881203542,0.01946618225500174,0.07846208068892224,-0.059044914253416625,-0.0589958984339205,0.04479088847289631,-1.3182349416700152,-1.317140615989787,0.18742501195278738,0.18779149482185764,0.157,0.167,0.168,True,999,0.00011637492571026087,0.0008239579619839787,strong_2x2_bal_100,strong_null,True,881,1062694068,0.0,0,0
100,100,0.1009690656286999,0.016457837087537786,0.09574070955159186,0.011291318388501281,0.08451122854116211,0.08444939116309058,0.04616155760407181,1.8307707306156313,1.8294311445773546,0.06713477079349962,0.06733504551282889,0.054,0.05,0.05,True,999,0.00011045800056308508,0.0007873330032452941,strong_2x2_bal_100,strong_null,True,882,1062694068,0.0,0,0
100,100,0.04550937731471649,0.10089432800950215,0.040325315708599874,0.09564778433008314,-0.05538495069478566,-0.05532246862148327,0.051664269659689205,-1.0720165224361915,-1.0708071358772804,0.2837126110417534,0.2842561576923107,0.266,0.269,0.269,True,999,0.00010837498120963573,0.0007967910496518016,strong_2x2_bal_100,strong_null,True,883,1062694068,0.0,0,0
100,100,0.03481663247178246,0.06986929621782778,0.029632280269439093,0.06465811174034286,-0.03505266374604532,-0.03502583147090377,0.04433364847200767,-0.7906559679647756,-0.7900507329781155,0.4291447773491621,0.4294981404783059,0.437,0.435,0.434,True,999,0.00011012505274266005,0.0008047500159591436,strong_2x2_bal_100,strong_null,True,884,1062694068,0.0,0,0
100,100,0.013327617866355945,0.053733087682611425,0.008162544621328038,0.048539934671850915,-0.04040546981625548,-0.04037739005052288,0.035723605751316244,-1.1310579927886124,-1.1302719644708643,0.25803068335674617,0.2583616441195664,0.22,0.231,0.232,True,999,0.00011587503831833601,0.0007892909925431013,strong_2x2_bal_100,strong_null,True,885,1062694068,0.0,0,0
100,100,0.07844610104900773,0.052772083710488804,0.0732354253881482,0.047582552563653735,0.02567401733851893,0.025652872824494466,0.04947355278827491,0.518944282178247,0.518516891929664,0.6037995964797124,0.604097677538173,0.668,0.667,0.667,True,999,0.00011429202277213335,0.0007906249957159162,strong_2x2_bal_100,strong_null,True,886,1062694068,0.0,0,0
100,100,0.039379373902592496,0.0770862753790208,0.03420076535070393,0.0718717484214153,-0.0377069014764283,-0.03767098307071137,0.046578741815781206,-0.8095302708166526,-0.808759137799385,0.4182101982137867,0.4186537044871904,0.399,0.403,0.403,True,999,0.00011141702998429537,0.0007905829697847366,strong_2x2_bal_100,strong_null,True,887,1062694068,0.0,0,0
100,100,0.07435170133742408,0.029922616227185728,0.06914712796790923,0.024746425698552343,0.04442908511023835,0.044400702269356884,0.044195027965225155,1.0052960062656227,1.0046537883015612,0.31475433760294425,0.315063587330224,0.283,0.287,0.287,True,999,0.0001240420388057828,0.0008151249494403601,strong_2x2_bal_100,strong_null,True,888,1062694068,0.0,0,0
100,100,0.02354806441513302,0.09704902037304797,0.018378452151807778,0.09182000786374545,-0.07350095595791495,-0.07344155571193767,0.04704498638292958,-1.562354707888384,-1.5610920813994786,0.11820445064221699,0.11850202618188786,0.085,0.085,0.085,True,999,0.00011024996638298035,0.0008145000319927931,strong_2x2_bal_100,strong_null,True,889,1062694068,0.0,0,0
100,100,0.0325654803121983,0.033711571632115134,0.027389344920791814,0.028536268927354058,-0.001146091319916831,-0.0011469240065622444,0.03581691522899135,-0.03199860492142964,-0.032021853340230916,0.9744731634405338,0.9744546233871203,0.922,0.922,0.922,True,999,0.00012133305426687002,0.0008093330543488264,strong_2x2_bal_100,strong_null,True,890,1062694068,0.0,0,0
100,100,0.028891616580002832,0.01996951121889401,0.023717568023087665,0.014798617398597003,0.008922105361108823,0.008918950624490662,0.030861314934495322,0.28910321481914936,0.28900099180548783,0.7725023935267709,0.7725806185763032,0.78,0.78,0.78,True,999,0.00011104193981736898,0.0008052079938352108,strong_2x2_bal_100,strong_null,True,891,1062694068,0.0,0,0
100,100,0.10918594307980223,0.04516710103441712,0.10395432219971212,0.039984297889105846,0.0640188420453851,0.06397002431060628,0.05294408215799937,1.2091784281826943,1.208256366022222,0.22659430339355024,0.2269486666131253,0.256,0.264,0.261,True,999,0.00011137500405311584,0.0008149170316755772,strong_2x2_bal_100,strong_null,True,892,1062694068,0.0,0,0
100,100,0.03455808483129841,0.03339837382168831,0.029379615102087087,0.02821908310569654,0.0011597110096100982,0.0011605319963905458,0.03622794738732114,0.032011501982471345,0.032034163679852935,0.9744628783436311,0.974444806193695,0.977,0.976,0.976,True,999,0.00011491600889712572,0.000799667090177536,strong_2x2_bal_100,strong_null,True,893,1062694068,0.0,0,0
100,100,0.023637864364388084,0.05295932919991575,0.01845691500878388,0.04775997586929748,-0.029321464835527666,-0.029303060860513597,0.03834642034158136,-0.7646467277607296,-0.7641667879162766,0.44448193615645526,0.44476785573278854,0.464,0.463,0.463,True,999,0.0001163750421255827,0.0008047500159591436,strong_2x2_bal_100,strong_null,True,894,1062694068,0.0,0,0
100,100,0.009967126245985392,0.044220205393429524,0.004806540328729625,0.03903546391879331,-0.03425307914744413,-0.03422892359006369,0.03230404395605292,-1.0603340929712304,-1.0595863365165492,0.28899263422983956,0.2893328323490362,0.276,0.269,0.271,True,999,0.00011749996338039637,0.0008072910131886601,strong_2x2_bal_100,strong_null,True,895,1062694068,0.0,0,0
100,100,0.05286967496666373,0.03084106716329471,0.047680185505157624,0.025661295052202604,0.022028607803369016,0.02201889045295502,0.03994330875590698,0.5514968211067726,0.551253542552325,0.5812931452387409,0.5814598806932221,0.606,0.612,0.612,True,999,0.00012562493793666363,0.0008403330575674772,strong_2x2_bal_100,strong_null,True,896,1062694068,0.0,0,0
100,100,0.045309082788670074,0.04606453410618794,0.040107099488949416,0.040880754384517104,-0.0007554513175178634,-0.0007736548955676881,0.04164311577595474,-0.018141085349671904,-0.01857821829975571,0.9855263019675147,0.9851775791165477,0.988,0.988,0.988,True,999,0.00011687504593282938,0.0008116249227896333,strong_2x2_bal_100,strong_null,True,897,1062694068,0.0,0,0
100,100,0.12157901372170987,0.010132233339732344,0.11633206663015017,0.00497020624308675,0.11144678038197753,0.11136186038706342,0.048181755311115786,2.313049403500378,2.3112869107400837,0.020719923065258862,0.020817012527395894,0.014,0.015,0.015,True,999,0.00011024996638298035,0.0008527080062776804,strong_2x2_bal_100,strong_null,True,898,1062694068,0.0,0,0
100,100,0.0892267415173309,0.0694610121276189,0.08400306352611153,0.06422684663269251,0.019765729389711995,0.01977621689341902,0.053875447377225764,0.3668782414244483,0.36707290344987137,0.7137098422872385,0.7135646385323056,0.719,0.716,0.716,True,999,0.00012433400843292475,0.0008278340101242065,strong_2x2_bal_100,strong_null,True,899,1062694068,0.0,0,0
100,100,0.014293192798176868,0.036850479774427236,0.009123503718413417,0.0316641156819486,-0.022557286976250368,-0.022540611963535184,0.031529088430893575,-0.7154436775326417,-0.7149148004370754,0.4743349316243184,0.47466169099844024,0.503,0.471,0.471,True,999,0.00011004193220287561,0.0008189169457182288,strong_2x2_bal_100,strong_null,True,900,1062694068,0.0,0,0
100,100,0.03338168171951772,0.02463582455861879,0.028196221557990953,0.01946618225500174,0.008745857160898929,0.008730039302989212,0.03361833942725813,0.2601513730272974,0.2596808602601828,0.794747011776291,0.7951099575860725,0.799,0.798,0.798,True,999,0.00010937510523945093,0.0008336669998243451,strong_2x2_bal_100,strong_null,True,901,1062694068,0.0,0,0
100,100,0.06003948229975331,0.10994204993503065,0.05484306698551222,0.10471052906892453,-0.04990256763527734,-0.049867462083412306,0.055461199890517114,-0.8997743960424087,-0.8991414210628855,0.36824032265287465,0.3685773375970429,0.404,0.416,0.416,True,999,0.00011195801198482513,0.0008165419567376375,strong_2x2_bal_100,strong_null,True,902,1062694068,0.0,0,0
100,100,0.0612945670592,0.07457264285283094,0.056080469710650505,0.06936812884669052,-0.013278075793630939,-0.01328765913604002,0.050310187756526493,-0.2639241947950878,-0.2641146799201972,0.7918383317010321,0.7916915524708495,0.792,0.792,0.792,True,999,0.0001140419626608491,0.0008176249684765935,strong_2x2_bal_100,strong_null,True,903,1062694068,0.0,0,0
100,100,0.013047219310541203,0.01858726842456848,0.007881696674047589,0.01341888991015594,-0.005540049114027279,-0.005537193236108351,0.024958167937512377,-0.22197338874783873,-0.22185896216307985,0.8243345992773388,0.8244236778383687,0.886,0.885,0.885,True,999,0.00011858309153467417,0.0008186250925064087,strong_2x2_bal_100,strong_null,True,904,1062694068,0.0,0,0
100,100,0.007854740759320133,0.09136637883935106,0.0026903744909958505,0.08614312772530752,-0.08351163808003093,-0.08345275323431167,0.042546349831629623,-1.9628390780998812,-1.9614550617047666,0.049664875488235415,0.04982596227937684,0.043,0.041,0.041,True,999,0.00011745805386453867,0.0008523749420419335,strong_2x2_bal_100,strong_null,True,905,1062694068,0.0,0,0
100,100,0.041147958989933064,0.028773846255094826,0.03595390772980522,0.023602024761970597,0.012374112734838238,0.012351882967834626,0.03676083728978855,0.3366112865518307,0.3360065732579421,0.736409946824826,0.736865909629269,0.758,0.757,0.757,True,999,0.00011654209811240435,0.0008504160214215517,strong_2x2_bal_100,strong_null,True,906,1062694068,0.0,0,0
100,100,0.1025758625128741,0.049884488247439074,0.09734048627257152,0.044696008551284194,0.05269137426543502,0.05264447772128733,0.05269432557265095,0.9999439919349218,0.9990540186097479,0.31733761324612464,0.31776852400259703,0.297,0.301,0.301,True,999,0.0001159169478341937,0.000848792027682066,strong_2x2_bal_100,strong_null,True,907,1062694068,0.0,0,0
100,100,0.05031393641726378,0.06900280856466923,0.04511925853536525,0.06379136749795578,-0.018688872147405444,-0.018672108962590528,0.04725163563926828,-0.3955179941300092,-0.3951632300125744,0.6924606445220374,0.6927224271915489,0.681,0.682,0.682,True,999,0.00011899997480213642,0.0007935409666970372,strong_2x2_bal_100,strong_null,True,908,1062694068,0.0,0,0
100,100,0.06675800233781137,0.09255801220676096,0.06155777012068597,0.0873349864481412,-0.02580000986894959,-0.02577721632745522,0.053983652760875384,-0.4779226404562259,-0.4775004100155527,0.6327052664476124,0.6330058289490713,0.59,0.594,0.596,True,999,0.00011195801198482513,0.0008063330315053463,strong_2x2_bal_100,strong_null,True,909,1062694068,0.0,0,0
100,100,0.03238045364951936,0.024947627515162663,0.027196059932975913,0.01977607778650281,0.007432826134356696,0.007419982146473103,0.03330350317429732,0.2231845129161408,0.22279884814639053,0.8233919048692522,0.8236920645243175,0.84,0.84,0.84,True,999,0.00011391693260520697,0.0007975830230861902,strong_2x2_bal_100,strong_null,True,910,1062694068,0.0,0,0
100,100,0.031055048031082277,0.00502661536068183,0.025876492075852298,-0.00013129050341831316,0.026028432670400448,0.02600778257927061,0.02653075735937477,0.9810663268232399,0.980287981491815,0.3265600345219747,0.32694398558424764,0.311,0.303,0.303,True,999,0.00010829197708517313,0.0007867090171203017,strong_2x2_bal_100,strong_null,True,911,1062694068,0.0,0,0
100,100,0.026748083521777155,0.06718384749826711,0.02157010636237544,0.06198374887688374,-0.04043576397648996,-0.0404136425145083,0.04205536756399388,-0.9614887782150652,-0.9609627701627517,0.3363064651785983,0.336570887538588,0.323,0.327,0.327,True,999,0.00010795798152685165,0.0007916659815236926,strong_2x2_bal_100,strong_null,True,912,1062694068,0.0,0,0
100,100,0.05956854507754561,0.09949481585682429,0.05436946523059305,0.09423737667947307,-0.03992627077927868,-0.03986791144888002,0.053708953825675095,-0.7433820235796937,-0.7422954388253512,0.4572504246124771,0.457908354741263,0.481,0.481,0.481,True,999,0.0001087080454453826,0.0007900419877842069,strong_2x2_bal_100,strong_null,True,913,1062694068,0.0,0,0
100,100,0.007050158551725971,0.05899469949768721,0.0018897223110485584,0.05380304350626375,-0.05194454094596124,-0.05191332119521519,0.03534548581645383,-1.469623057827099,-1.4687397837674874,0.14166387182710347,0.1419033823103174,0.103,0.101,0.101,True,999,0.00010833295527845621,0.0008209999650716782,strong_2x2_bal_100,strong_null,True,914,1062694068,0.0,0,0
100,100,0.009969999289136444,0.019538370542090622,0.0047878123661746486,0.014371654805501066,-0.009568371252954178,-0.009583842439326418,0.02408002996780227,-0.3973571156575874,-0.397999605986417,0.6911041345721531,0.6906304761858822,0.661,0.668,0.668,True,999,0.00010754098184406757,0.0008187079802155495,strong_2x2_bal_100,strong_null,True,915,1062694068,0.0,0,0
100,100,0.05164657231477621,0.018474412049396705,0.046446604841420935,0.01329786848191361,0.0331721602653795,0.033148736359507325,0.03662287791012169,0.9057769940087507,0.9051373963799225,0.36505390031972174,0.3653926026201719,0.373,0.347,0.347,True,999,0.00011150003410875797,0.0008453750051558018,strong_2x2_bal_100,strong_null,True,916,1062694068,0.0,0,0
100,100,0.020157904124407988,0.05978341254051367,0.014976691004008558,0.05458349690994169,-0.03962550841610568,-0.03960680590593313,0.03903878103891776,-1.0150293467565756,-1.014550271599134,0.3100918386171052,0.3103202542588027,0.316,0.318,0.318,True,999,0.00011554209049791098,0.0007889579283073545,strong_2x2_bal_100,strong_null,True,917,1062694068,0.0,0,0
100,100,0.02426508867076016,0.039534547637448014,0.019096178238271477,0.03435537000655131,-0.015269458966687854,-0.015259191768279834,0.035111415378267265,-0.4348858854644497,-0.4345934677906701,0.6636452601956955,0.663857537300891,0.657,0.655,0.655,True,999,0.00011091702617704868,0.0007884170627221465,strong_2x2_bal_100,strong_null,True,918,1062694068,0.0,0,0
100,100,0.05286967496666373,0.07408028741081829,0.047680185505157624,0.06887766347202273,-0.021210612444154564,-0.021197477966865108,0.04867632396602071,-0.4357480334579286,-0.43547820048330577,0.66301955136466,0.6632153589375736,0.665,0.666,0.666,True,999,0.00010954192839562893,0.0007975000189617276,strong_2x2_bal_100,strong_null,True,919,1062694068,0.0,0,0
100,100,0.039534547637448014,0.037708628753393314,0.03435537000655131,0.03252831478010876,0.0018259188840547003,0.0018270552264425532,0.03855467586180417,0.04735920723596653,0.04738868076576421,0.9622269404267402,0.9622034503264634,0.912,0.912,0.912,True,999,0.00010912492871284485,0.0007856249576434493,strong_2x2_bal_100,strong_null,True,920,1062694068,0.0,0,0
100,100,0.051912047129490935,0.0027443733102161527,0.046724493421635316,-0.00241370088699,0.04916767381927478,0.049138194308625316,0.0322274745398586,1.5256446408316828,1.5247299085707666,0.1270983882377808,0.12732647862682603,0.076,0.068,0.068,True,999,0.00010833307169377804,0.0007896660827100277,strong_2x2_bal_100,strong_null,True,921,1062694068,0.0,0,0
100,100,0.09138291164981582,0.02797587320180761,0.08616474974454036,0.022802804366975238,0.06340703844800821,0.06336194537756512,0.04690428202821205,1.3518390156760114,1.3508776307343133,0.17642681995230958,0.17673463493987718,0.155,0.154,0.154,True,999,0.0001112079480662942,0.0007921670330688357,strong_2x2_bal_100,strong_null,True,922,1062694068,0.0,0,0
100,100,0.05879172279147726,0.05516280997103529,0.053599990936902486,0.049967926373071236,0.0036289128204419763,0.00363206456383125,0.04638942789124241,0.07822715186205298,0.07829509284629324,0.937647364129809,0.9375933208234343,0.909,0.909,0.909,True,999,0.00010920804925262928,0.0008339170599356294,strong_2x2_bal_100,strong_null,True,923,1062694068,0.0,0,0
100,100,0.07435170133742408,0.08324216141137719,0.0691471279678808,0.07802926120876919,-0.00889046007395311,-0.008882133240888379,0.05379969835178149,-0.16525111378544963,-0.1650963390688651,0.8687463352589861,0.8688681544719442,0.82,0.819,0.817,True,999,0.00010887498501688242,0.0008388330461457372,strong_2x2_bal_100,strong_null,True,924,1062694068,0.0,0,0
100,100,0.05383148344019828,0.039641509977818234,0.04863837143201977,0.03446305782784975,0.014189973462380046,0.014175313604170015,0.04214507959141282,0.33669347881054407,0.3363456361121281,0.7363479798019086,0.736610239780939,0.72,0.72,0.72,True,999,0.00010904204100370407,0.0008543339790776372,strong_2x2_bal_100,strong_null,True,925,1062694068,0.0,0,0
100,100,0.08961975866998972,0.05920485057744174,0.08440371722996076,0.05401158379129356,0.030414908092547988,0.0303921334386672,0.05237638201553656,0.5806989127948151,0.5802640860083061,0.5614433945979018,0.5617365424265488,0.601,0.598,0.598,True,999,0.00011212506797164679,0.0008167090127244592,strong_2x2_bal_100,strong_null,True,926,1062694068,0.0,0,0
100,100,0.06639707712193688,0.06003948229975353,0.061199525402599875,0.05484306698551222,0.006357594822183343,0.0063564584170876515,0.04861669518432013,0.13076978593628874,0.130746411145152,0.8959574250364691,0.8959759166618407,0.923,0.923,0.923,True,999,0.00010987499263137579,0.0008224999764934182,strong_2x2_bal_100,strong_null,True,927,1062694068,0.0,0,0
100,100,0.11219676854450578,0.02397749898902679,0.1069148930038466,0.018808310652445925,0.08821926955547899,0.08810658235140068,0.049040306053531074,1.7989135194054706,1.7966156706939371,0.07203236168399403,0.07239665486661097,0.05,0.055,0.055,True,999,0.0001140000531449914,0.0008234590059146285,strong_2x2_bal_100,strong_null,True,928,1062694068,0.0,0,0
100,100,0.03979716486732965,0.030237614093372445,0.03461814323193835,0.025061670521978385,0.009559550773957204,0.009556472709959962,0.03673068828788432,0.26026059460231893,0.2601767937224357,0.7946627663999806,0.7947274039343806,0.826,0.834,0.834,True,999,0.00011445896234363317,0.0008178340503945947,strong_2x2_bal_100,strong_null,True,929,1062694068,0.0,0,0
100,100,0.02449100150881167,0.03044293585814084,0.019321222187500098,0.02526285525514993,-0.005951934349329169,-0.005941633067649832,0.03265631041526565,-0.1822598534140236,-0.18194440805144763,0.8553788032684643,0.8556263535056816,0.848,0.857,0.857,True,999,0.00011475000064820051,0.0008359169587492943,strong_2x2_bal_100,strong_null,True,930,1062694068,0.0,0,0
100,100,0.05879172279147726,0.03711560428004501,0.053599990936902486,0.0319295410366891,0.021676118511432252,0.021670449900213384,0.04262707541295429,0.5085058803927449,0.5083728989211344,0.6110986162493308,0.6111918549750734,0.652,0.652,0.652,True,999,0.0001206250162795186,0.0007999999215826392,strong_2x2_bal_100,strong_null,True,931,1062694068,0.0,0,0
100,100,0.06003948229975353,0.08045746664032816,0.05484306698551222,0.0752484053593605,-0.020417984340574624,-0.02040533837384828,0.051047328474923846,-0.39998144762080196,-0.39973371738487873,0.6891701814046336,0.6893526550945552,0.733,0.734,0.734,True,999,0.00010950001887977123,0.0008182500023394823,strong_2x2_bal_100,strong_null,True,932,1062694068,0.0,0,0
100,100,0.02948459741325271,0.040003196167557986,0.024297940157111952,0.034822286739995434,-0.010518598754305275,-0.010524346582883481,0.03658620703660886,-0.2875017556146272,-0.2876588593169174,0.7737281578715446,0.7736078849458321,0.763,0.763,0.763,True,999,0.00010808301158249378,0.0008129169000312686,strong_2x2_bal_100,strong_null,True,933,1062694068,0.0,0,0
100,100,0.040794829905367314,0.015488507236998683,0.03561094977699497,0.010313434630120355,0.02530632266836863,0.025297515146874616,0.03295385870002591,0.7679320014911861,0.7676647332002648,0.44252758403586767,0.44268639339258753,0.44,0.45,0.45,True,999,0.00010754098184406757,0.0008368749404326081,strong_2x2_bal_100,strong_null,True,934,1062694068,0.0,0,0
100,100,0.02913203618848237,0.09279658593322038,0.023959930575244925,0.08757360426592697,-0.06366454974473801,-0.06361367369068205,0.047326487934471195,-1.3452202460678824,-1.3441452443875042,0.17855411991328907,0.1789014238682134,0.16,0.165,0.165,True,999,0.00011458294466137886,0.0007908330298960209,strong_2x2_bal_100,strong_null,True,935,1062694068,0.0,0,0
100,100,0.053617541530366686,0.09090858770311627,0.04841844675831908,0.08569033444935314,-0.03729104617274959,-0.03727188769103407,0.05157038070785481,-0.7231097707810735,-0.7227382691273616,0.46961244686409054,0.46984069934550443,0.468,0.467,0.467,True,999,0.00011133402585983276,0.0007904580561444163,strong_2x2_bal_100,strong_null,True,936,1062694068,0.0,0,0
100,100,0.09138291164981582,0.11445270593305268,0.08616474974454036,0.10918740661951176,-0.023069794283236855,-0.023022656874971403,0.06043662476180833,-0.38171877357743067,-0.3809388258478672,0.7026699733802577,0.7032486418387425,0.709,0.71,0.71,True,999,0.00012033397797495127,0.0007929999846965075,strong_2x2_bal_100,strong_null,True,937,1062694068,0.0,0,0
100,100,0.02988796993550691,0.02693479576194624,0.024707448590191916,0.021733130661928612,0.0029531741735606687,0.0029743179282633037,0.03316357609013701,0.08904872518977094,0.08968628474140576,0.929043186796616,0.9285365152066918,0.923,0.924,0.924,True,999,0.00011200003791600466,0.0007941670482978225,strong_2x2_bal_100,strong_null,True,938,1062694068,0.0,0,0
100,100,0.0744216128701215,0.10089432800950238,0.06919710689403757,0.09564778433008314,-0.026472715139380876,-0.026450677436045567,0.056316447302588,-0.47007075920721886,-0.4696794400741617,0.6383044644441538,0.6385840590623382,0.63,0.615,0.617,True,999,0.00011512497439980507,0.0007910839049145579,strong_2x2_bal_100,strong_null,True,939,1062694068,0.0,0,0
100,100,0.017048029762045003,0.06650310385474323,0.011877613769172513,0.06130558577169154,-0.049455074092698226,-0.04942797200251903,0.03970033994885311,-1.2457090835094202,-1.2450264170583492,0.21287121763558137,0.21312203991118395,0.213,0.209,0.209,True,999,0.00011466594878584146,0.0008053749334067106,strong_2x2_bal_100,strong_null,True,940,1062694068,0.0,0,0
100,100,0.05075125708135153,0.050565286282261646,0.045563182125860635,0.04537789974062889,0.00018597079908988512,0.00018528238523174423,0.04388258371762017,0.004237918174704291,0.004222230541939303,0.9966186406399684,0.9966311574479615,1.0,1.0,0.999,True,999,0.00011495908256620169,0.0008318750187754631,strong_2x2_bal_100,strong_null,True,941,1062694068,0.0,0,0
100,100,0.049077081234740305,0.08867575753133428,0.04388096116522888,0.08345952307649895,-0.03959867629659397,-0.03957856191127007,0.050443600326430076,-0.7850089216539551,-0.7846101716600266,0.4324483377440671,0.43268216445078567,0.442,0.44,0.44,True,999,0.00012108299415558577,0.0008015409111976624,strong_2x2_bal_100,strong_null,True,942,1062694068,0.0,0,0
100,100,0.013001861828137562,0.06662067251684944,0.007832991441219406,0.06141558098038047,-0.05361881068871188,-0.05358258953916106,0.038703875047603684,-1.3853602674864889,-1.3844244141770652,0.16594233384750956,0.16622853761374823,0.167,0.161,0.161,True,999,0.00011725001968443394,0.0008180420845746994,strong_2x2_bal_100,strong_null,True,943,1062694068,0.0,0,0
100,100,0.05220314090689748,0.0964656737433458,0.04701571431220941,0.09118976512313282,-0.04426253283644832,-0.044174050810923404,0.05175141159229343,-0.8552913142767238,-0.8535815633191655,0.3923898947955403,0.39333687747256174,0.389,0.394,0.394,True,999,0.00010979198850691319,0.0007841249462217093,strong_2x2_bal_100,strong_null,True,944,1062694068,0.0,0,0
100,100,0.060244385944802636,0.055205449888503066,0.05504804486290027,0.05000701213637626,0.00503893605629957,0.0050410327265240085,0.04653705882424048,0.10827792266224742,0.10832297643825758,0.9137752348040884,0.9137394972899834,0.93,0.93,0.93,True,999,0.00010874995496124029,0.0007899579359218478,strong_2x2_bal_100,strong_null,True,945,1062694068,0.0,0,0
100,100,0.08289756095211143,0.08444559668698481,0.07768458302192016,0.07922842229912419,-0.0015480357348733875,-0.0015438392772040288,0.055413348640330394,-0.02793615207991079,-0.02786042199370725,0.9777130744972158,0.9777734748539629,0.987,0.987,0.987,True,999,0.0001153330085799098,0.0007905829697847366,strong_2x2_bal_100,strong_null,True,946,1062694068,0.0,0,0
100,100,0.02440927043779595,0.05220314090689748,0.019240497564368297,0.04701571431220941,-0.027793870469101534,-0.027775216747841114,0.03827403282139626,-0.7261808704298329,-0.7256934976633553,0.4677278974972515,0.4680266888490162,0.429,0.435,0.435,True,999,0.00010679091792553663,0.0007792920805513859,strong_2x2_bal_100,strong_null,True,947,1062694068,0.0,0,0
100,100,0.13331128794273506,0.05230025100841673,0.12804896311185132,0.047112866505500506,0.08101103693431833,0.08093609660635082,0.057251766321760364,1.4149962898791384,1.413687328902348,0.15706958384053335,0.1574537273847787,0.129,0.129,0.129,True,999,0.00010670791380107403,0.0007896670140326023,strong_2x2_bal_100,strong_null,True,948,1062694068,0.0,0,0
100,100,0.03894345707537883,0.03044293585814084,0.033764584392656616,0.02526285525514993,0.008500521217237988,0.008501729137506686,0.036575058944140294,0.23241305585373118,0.232446081645174,0.816217209422442,0.816191560906545,0.811,0.811,0.811,True,999,0.00010966695845127106,0.0007863340433686972,strong_2x2_bal_100,strong_null,True,949,1062694068,0.0,0,0
100,100,0.08152099085670961,0.014797255303871992,0.07631107733922704,0.009625312897426852,0.06672373555283762,0.06668576444180019,0.0422850273413804,1.5779518129231842,1.5770538328715014,0.11457668043235725,0.11478313883933858,0.104,0.1,0.1,True,999,0.00011495803482830524,0.000804250012151897,strong_2x2_bal_100,strong_null,True,950,1062694068,0.0,0,0
100,100,0.15489765678234158,0.0173547283734794,0.14961907731890278,0.012182263432293894,0.13754292840886218,0.1374368138866089,0.05416809707646202,2.5391870091856985,2.537228023583832,0.011111041379283327,0.011173415027856844,0.011,0.011,0.011,True,999,0.00010787497740238905,0.0008050000760704279,strong_2x2_bal_100,strong_null,True,951,1062694068,0.0,0,0
100,100,0.04620082918151336,0.0838021672419762,0.04101419296897291,0.07855761079368051,-0.03760133806046284,-0.0375434178247076,0.04918574951790239,-0.7644762645484723,-0.7632986829049486,0.4445834759743118,0.44528528740230344,0.463,0.453,0.453,True,999,0.0001128750154748559,0.0008357090409845114,strong_2x2_bal_100,strong_null,True,952,1062694068,0.0,0,0
100,100,0.031080629950831495,0.055857897354693486,0.025901040451898893,0.05065721880521323,-0.02477726740386199,-0.02475617835331434,0.0408270899703478,-0.6068830137503655,-0.60636646822721,0.5439285516199233,0.544271429817358,0.545,0.545,0.545,True,999,0.000112209003418684,0.0007885000668466091,strong_2x2_bal_100,strong_null,True,953,1062694068,0.0,0,0
100,100,0.04725555557675609,0.09090858770311627,0.04206490692027387,0.08569033444935314,-0.04365303212636018,-0.043625427529079275,0.05045941643475241,-0.8651117117616023,-0.8645646464320498,0.38697747713981934,0.3872777838542889,0.388,0.381,0.381,True,999,0.00010833307169377804,0.0007858750177547336,strong_2x2_bal_100,strong_null,True,954,1062694068,0.0,0,0
100,100,0.060244385944802414,0.0679049242017109,0.05504804486290027,0.06270023609739894,-0.007660538256908489,-0.007652191234498673,0.04888090570592711,-0.15671841890563828,-0.1565476564721426,0.8754667702692277,0.875601357831076,0.858,0.863,0.863,True,999,0.0001079590292647481,0.0007907500257715583,strong_2x2_bal_100,strong_null,True,955,1062694068,0.0,0,0
100,100,0.08183549183411454,0.052261794041927434,0.07661640876138165,0.04706800928239829,0.029573697792187104,0.029548399478983356,0.04987553977227163,0.592949929508906,0.5924427006484414,0.5532146618171628,0.5535541796534333,0.542,0.542,0.542,True,999,0.00010983296670019627,0.0007883749203756452,strong_2x2_bal_100,strong_null,True,956,1062694068,0.0,0,0
100,100,0.03894160488080589,0.10684208725377586,0.03375661195767066,0.10160707481718134,-0.06790048237296997,-0.06785046285951069,0.0515426502929221,-1.3173649780732006,-1.3163945290727124,0.18771631428539037,0.1880416577325944,0.238,0.24,0.24,True,999,0.00010837498120963573,0.0007860839832574129,strong_2x2_bal_100,strong_null,True,957,1062694068,0.0,0,0
100,100,0.040351649128849365,0.04501176042207122,0.03516751106675997,0.03981996069414606,-0.004660111293221858,-0.0046524496273860905,0.0404019596230389,-0.11534369463020963,-0.1151540586346477,0.90817270614903,0.9083230122542119,0.921,0.919,0.919,True,999,0.00010787497740238905,0.0008142079459503293,strong_2x2_bal_100,strong_null,True,958,1062694068,0.0,0,0
100,100,0.06270638444918264,0.0048166459153662355,0.05750758133876843,-0.00034604976502805584,0.057889738533816404,0.05785363110379649,0.03570653580156527,1.6212644893789636,1.6202532619045154,0.10496092731943117,0.10517788433377848,0.061,0.061,0.061,True,999,0.00010750000365078449,0.0008100420236587524,strong_2x2_bal_100,strong_null,True,959,1062694068,0.0,0,0
100,100,0.026455496327183914,0.013496852612789878,0.02128106559686671,0.008332045241843389,0.012958643714394036,0.012949020355023322,0.02797591661837832,0.463207118149654,0.462863130872955,0.6432159145216823,0.6434624762917411,0.659,0.659,0.659,True,999,0.00011104205623269081,0.000803499948233366,strong_2x2_bal_100,strong_null,True,960,1062694068,0.0,0,0
100,100,0.03448819381301116,0.003120086173590275,0.029312193363125516,-0.0020366778462346247,0.031368107639420884,0.03134887120936014,0.026975639152387394,1.1628309328361084,1.162117829063031,0.2448981042044912,0.24518760622194158,0.184,0.189,0.189,True,999,0.00010570802260190248,0.0008321249624714255,strong_2x2_bal_100,strong_null,True,961,1062694068,0.0,0,0
100,100,0.01682847138334742,0.023770755349350803,0.011662443581542448,0.018600276937249305,-0.006942283966003382,-0.006937833355706857,0.028195504143337557,-0.24621953665771945,-0.24606168843220452,0.805512292938897,0.8056344796164532,0.839,0.839,0.839,True,999,0.0001129580195993185,0.0007847499800845981,strong_2x2_bal_100,strong_null,True,962,1062694068,0.0,0,0
100,100,0.011192148848082728,0.06003948229975331,0.00601489914016895,0.05484306698551222,-0.04884733345167058,-0.04882816784534327,0.03669182526806252,-1.3312865493826638,-1.330764209428538,0.18309474231504563,0.18326660795437255,0.146,0.152,0.152,True,999,0.00010866706725209951,0.0007896249881014228,strong_2x2_bal_100,strong_null,True,963,1062694068,0.0,0,0
100,100,0.03979716486732965,0.09745490009717406,0.03461814323193835,0.09223013224286092,-0.05765773522984441,-0.05761198901092257,0.0502362498237686,-1.1477316764708905,-1.146821054776749,0.2510793502419555,0.25145558551554903,0.297,0.297,0.295,True,999,0.00011037499643862247,0.0007986670825630426,strong_2x2_bal_100,strong_null,True,964,1062694068,0.0,0,0
100,100,0.05199276349977677,0.0204729988903809,0.04680289384511127,0.015299999900904027,0.03151976460939587,0.031502893944207244,0.03725367581439037,0.846084686151169,0.8456318270756598,0.3975055030474135,0.3977581647715397,0.394,0.389,0.388,True,999,0.00010800000745803118,0.0007858750177547336,strong_2x2_bal_100,strong_null,True,965,1062694068,0.0,0,0
100,100,0.057778977696978706,0.06550632137795342,0.05258685887258707,0.06028858434295614,-0.007727343680974719,-0.00770172547036907,0.047938140637307766,-0.16119406339596176,-0.16065966197227133,0.8719405566997525,0.8723614617163764,0.876,0.877,0.877,True,999,0.00010695797391235828,0.0007913330337032676,strong_2x2_bal_100,strong_null,True,966,1062694068,0.0,0,0
100,100,0.0573786912447658,0.07276017128216583,0.05218472349366721,0.06755718170455793,-0.01538148003740003,-0.015372458210890727,0.049316178056306996,-0.31189521661305847,-0.31171227813597285,0.7551201578984603,0.7552591959660497,0.735,0.727,0.727,True,999,0.00010966707486659288,0.0007982089882716537,strong_2x2_bal_100,strong_null,True,967,1062694068,0.0,0,0
100,100,0.02440927043779595,0.06151961630627867,0.019240497564368297,0.0563183443506432,-0.03711034586848272,-0.037077846786274904,0.04030790530768339,-0.9206716544858221,-0.9198653838061691,0.35722187944184947,0.35764311031957197,0.286,0.303,0.303,True,999,0.00010933296289294958,0.0008297499734908342,strong_2x2_bal_100,strong_null,True,968,1062694068,0.0,0,0
100,100,0.06364066524245504,0.04461546492319102,0.05844311293088822,0.03943237260273236,0.019025200319264024,0.019010740328155862,0.045248490331219145,0.42046044365236224,0.4201408751761033,0.6741491204724492,0.674382543854673,0.703,0.699,0.699,True,999,0.00011370901484042406,0.0008284170180559158,strong_2x2_bal_100,strong_null,True,969,1062694068,0.0,0,0
100,100,0.035422020458493186,0.11062672198880252,0.030240250363220866,0.1053922257060691,-0.07520470153030934,-0.07515197534284823,0.05138172687232347,-1.463646827542069,-1.4626206614190014,0.1432904707990745,0.14357120643981333,0.136,0.136,0.136,True,999,0.00011424999684095383,0.0008397919591516256,strong_2x2_bal_100,strong_null,True,970,1062694068,0.0,0,0
100,100,0.02449100150881167,0.02928001942174485,0.019321222187500098,0.024106287714261043,-0.00478901791293318,-0.004785065526760945,0.03233839459151904,-0.14809077486453615,-0.1479685552484371,0.8822711297626734,0.8823675843031566,0.87,0.878,0.878,True,999,0.00011520797852426767,0.0007947080302983522,strong_2x2_bal_100,strong_null,True,971,1062694068,0.0,0,0
100,100,0.015065353089342093,0.08047880434981258,0.009891941649257774,0.07526062566381597,-0.06541345126047049,-0.0653686840145582,0.042353241341102355,-1.5444733198492886,-1.5434163229230853,0.12247370983648811,0.12272979574898145,0.137,0.135,0.135,True,999,0.00011191703379154205,0.0007877500029280782,strong_2x2_bal_100,strong_null,True,972,1062694068,0.0,0,0
100,100,0.014114137027469553,0.0465733363308064,0.008946926948425471,0.0413868864686151,-0.03245919930333685,-0.03243995952018963,0.034117770467219054,-0.951386883106099,-0.9508229604674346,0.34140801644722696,0.34169425496359407,0.32,0.338,0.338,True,999,0.00011054205242544413,0.0008015419589355588,strong_2x2_bal_100,strong_null,True,973,1062694068,0.0,0,0
100,100,0.0534381307185996,0.01986940935839754,0.04824485387614175,0.014703076545998783,0.03356872136020206,0.03354177733014296,0.037390983308080696,0.8977758376562246,0.8970552353164281,0.3693050687601116,0.36968944380905777,0.333,0.335,0.335,True,999,0.00010966695845127106,0.0007898749317973852,strong_2x2_bal_100,strong_null,True,974,1062694068,0.0,0,0
100,100,0.04261013525279733,0.06386228558616669,0.037416979460175526,0.05861647169780326,-0.021252150333369357,-0.021199492237627737,0.04454850324726632,-0.47705643925699065,-0.4758743996394228,0.6333219325449344,0.6341638615293991,0.65,0.642,0.642,True,999,0.00010874995496124029,0.0007950420258566737,strong_2x2_bal_100,strong_null,True,975,1062694068,0.0,0,0
100,100,0.06453060184189918,0.10843039101769636,0.05932963786189305,0.1031986677246266,-0.04389978917579718,-0.043869029862733555,0.05602073192717132,-0.7836346949709306,-0.7830856247962744,0.43325449167624097,0.4335768321402146,0.454,0.45,0.45,True,999,0.0010285830358043313,0.0008177499985322356,strong_2x2_bal_100,strong_null,True,976,1062694068,0.0,0,0
100,100,0.031076400272490257,0.10698566673119114,0.02588591579660715,0.10173417754229774,-0.07590926645870089,-0.07584826174569059,0.0500854643939809,-1.515594741452041,-1.514376729125542,0.12962185755978528,0.12993031793967058,0.126,0.104,0.104,True,999,0.00011437502689659595,0.0008187909843400121,strong_2x2_bal_100,strong_null,True,977,1062694068,0.0,0,0
100,100,0.0673692784046086,0.03405977333939536,0.06216442420372914,0.028880956446698747,0.03330950506521324,0.033283467757030394,0.0437015258634424,0.7622046234563543,0.7616088248505067,0.4459378870904971,0.4462935062612906,0.435,0.433,0.433,True,999,0.00011120806448161602,0.0008463750127702951,strong_2x2_bal_100,strong_null,True,978,1062694068,0.0,0,0
100,100,0.019077918605384214,0.009967126245985614,0.013910655710276387,0.004806540328729625,0.0091107923593986,0.009104115381546762,0.023917385030024052,0.3809276117753513,0.38064844338618764,0.7032569631766907,0.7034641299275648,0.74,0.734,0.734,True,999,0.00011337501928210258,0.0007889169501140714,strong_2x2_bal_100,strong_null,True,979,1062694068,0.0,0,0
100,100,0.05247954414889877,0.04616788986651632,0.04728988711312354,0.04097750976896464,0.006311654282382451,0.006312377344158904,0.0433517271935389,0.14559176048983657,0.1456084394510513,0.8842436728506061,0.8842305052795263,0.894,0.887,0.887,True,999,0.00012699991930276155,0.000800292007625103,strong_2x2_bal_100,strong_null,True,980,1062694068,0.0,0,0
100,100,0.0848869033471511,0.040794829905367314,0.07963116252652469,0.03561094977699497,0.044092073441783786,0.04402021274952972,0.04811937276167256,0.9163060719881921,0.9148126881776844,0.35950638417747527,0.3602899726546235,0.365,0.363,0.363,True,999,0.0001194169744849205,0.0007886249804869294,strong_2x2_bal_100,strong_null,True,981,1062694068,0.0,0,0
100,100,0.05247954414889877,0.0320259368087773,0.04728988711309512,0.026848147873423045,0.02045360734012147,0.020441739239672074,0.040180090724396794,0.5090483115236553,0.5087529388593474,0.610718361013188,0.6109254102345649,0.591,0.591,0.591,True,999,0.00010787509381771088,0.0007870830595493317,strong_2x2_bal_100,strong_null,True,982,1062694068,0.0,0,0
100,100,0.020168903711830666,0.09745490009717406,0.015002401593903869,0.09223013224281829,-0.07728599638534339,-0.07722773064891442,0.046421874701451926,-1.664861595581493,-1.663606460221198,0.0959403717136,0.09619110004708348,0.097,0.093,0.093,True,999,0.0001081250375136733,0.0007912089349702001,strong_2x2_bal_100,strong_null,True,983,1062694068,0.0,0,0
100,100,0.05879172279147726,0.024220921907809778,0.053599990936902486,0.019048678602729296,0.034570800883667485,0.03455131233417319,0.03973138120774995,0.8701132412916003,0.8696227335644112,0.38423852215133336,0.38450660994621866,0.374,0.373,0.373,True,999,0.00011358410120010376,0.0007834999123588204,strong_2x2_bal_100,strong_null,True,984,1062694068,0.0,0,0
100,100,0.019887541889645033,0.0573786912447658,0.01470602094211415,0.05218472349366721,-0.03749114935512077,-0.037478702551553056,0.03834191757241644,-0.9778110154326836,-0.9774863889049622,0.3281678019251385,0.3283284129634443,0.297,0.305,0.305,True,999,0.00010820804163813591,0.0008217920549213886,strong_2x2_bal_100,strong_null,True,985,1062694068,0.0,0,0
100,100,0.03205505799747277,0.06995673275116676,0.026870426283565507,0.0647508827601797,-0.03790167475369399,-0.0378804564766142,0.043848929733200516,-0.8643694380753946,-0.8638855430930337,0.38738497616280854,0.3876507693167376,0.408,0.416,0.416,True,999,0.00010679196566343307,0.0008226250065490603,strong_2x2_bal_100,strong_null,True,986,1062694068,0.0,0,0
100,100,0.025644739629517965,0.045879306933472086,0.02047044986328217,0.040695433869984754,-0.02023456730395412,-0.020224984006702584,0.03705910769919204,-0.5460079467697295,-0.5457493518426924,0.5850604746682782,0.5852382427420972,0.588,0.59,0.59,True,999,0.00011191598605364561,0.0008467499865218997,strong_2x2_bal_100,strong_null,True,987,1062694068,0.0,0,0
100,100,0.053617541530366464,0.15227001065473755,0.04841844675831908,0.14699637638958052,-0.09865246912437109,-0.09857792963126144,0.05982531203351169,-1.649008852124499,-1.6477628996910558,0.09914582121288737,0.09940133497807789,0.084,0.084,0.084,True,999,0.00011137500405311584,0.0007899580523371696,strong_2x2_bal_100,strong_null,True,988,1062694068,0.0,0,0
100,100,0.08819197489616537,0.07188236839680184,0.08295344773411273,0.06667912661832531,0.016309606499363527,0.016274321115787416,0.0540543179964666,0.3017262469286847,0.30107347051999117,0.7628607580793245,0.7633584704584135,0.747,0.748,0.748,True,999,0.00010870792903006077,0.0007986660348251462,strong_2x2_bal_100,strong_null,True,989,1062694068,0.0,0,0
100,100,0.02164980322274901,0.04297030740593155,0.016477079796672456,0.03778631239838148,-0.021320504183182543,-0.021309232601709027,0.035350966681336964,-0.6031095097164174,-0.6027906618168642,0.5464358405318236,0.5466479597415924,0.567,0.56,0.56,True,999,0.00011854199692606926,0.0007877500029280782,strong_2x2_bal_100,strong_null,True,990,1062694068,0.0,0,0
100,100,0.04763194464340381,0.09255801220676096,0.04244147901501094,0.0873349864481412,-0.04492606756335715,-0.04489350743313025,0.05074138027125528,-0.8853930918550028,-0.8847514039455916,0.37594465696490076,0.37629072461093516,0.389,0.389,0.389,True,999,0.00010712502989917994,0.0007849159883335233,strong_2x2_bal_100,strong_null,True,991,1062694068,0.0,0,0
100,100,0.06662067251684944,0.018300553057261415,0.06141558098038047,0.013123914719315621,0.04832011945958803,0.04829166626106485,0.039980117422634236,1.208603740424039,1.207892056708296,0.2268151187125953,0.22708878536211285,0.197,0.196,0.196,True,999,0.00010837498120963573,0.0007861660560593009,strong_2x2_bal_100,strong_null,True,992,1062694068,0.0,0,0
100,100,0.08785942640663069,0.0317534780047517,0.0825857048134111,0.026576723668100044,0.05610594840187899,0.056008981145311054,0.046590075421880504,1.204246782041685,1.2021654963667878,0.22849420916146423,0.2292994144938061,0.238,0.246,0.246,True,999,0.00010904204100370407,0.0007895000744611025,strong_2x2_bal_100,strong_null,True,993,1062694068,0.0,0,0
100,100,0.09138291164981582,0.01996951121889423,0.08616474974454036,0.014798617398597003,0.07141340043092159,0.07136613234594336,0.045242717428238814,1.578450731749106,1.5774059650404484,0.11446209823528189,0.11470214377950953,0.112,0.111,0.111,True,999,0.00011387502308934927,0.0008238339796662331,strong_2x2_bal_100,strong_null,True,994,1062694068,0.0,0,0
100,100,0.03432252655653312,0.05879172279147726,0.029146412337979655,0.053599990936902486,-0.024469196234944146,-0.02445357859892283,0.04205336547732832,-0.5818605944424567,-0.581489217839323,0.5606605850248508,0.5609107829851858,0.559,0.556,0.556,True,999,0.00010774994734674692,0.0008228339720517397,strong_2x2_bal_100,strong_null,True,995,1062694068,0.0,0,0
100,100,0.06548347911636176,0.028773846255094826,0.06028283510946153,0.023602024761970597,0.03670963286126694,0.03668081034749093,0.042215448648753595,0.8695781766220975,0.8688954286068905,0.38453096828254785,0.3849043301809947,0.408,0.399,0.399,True,999,0.00010912492871284485,0.0008407920831814408,strong_2x2_bal_100,strong_null,True,996,1062694068,0.0,0,0
100,100,0.04228567460549826,0.13088084901561248,0.03709764844347774,0.12562645201602152,-0.08859517441011422,-0.08852880357254378,0.05539178302759379,-1.5994281022869392,-1.598229895008842,0.10972551219894237,0.1099918228373064,0.104,0.105,0.105,True,999,0.00011179095599800348,0.0007978749927133322,strong_2x2_bal_100,strong_null,True,997,1062694068,0.0,0,0
100,100,0.028899737350249977,0.12294936331960171,0.023727442927850007,0.1176933295493825,-0.09404962596935174,-0.09396588662153249,0.0519202728325545,-1.8114239551988973,-1.8098111102878294,0.07007525059686195,0.07032508439603885,0.058,0.058,0.058,True,999,0.00011345802340656519,0.0007971250452101231,strong_2x2_bal_100,strong_null,True,998,1062694068,0.0,0,0
100,100,0.07408028741081829,0.09162019972020741,0.06887766347199431,0.0864020829954768,-0.017539912309389116,-0.017524419523482493,0.05503430549059927,-0.3187087063792458,-0.3184271949516278,0.7499474119533985,0.7501609123984025,0.744,0.746,0.746,True,999,0.0001232079230248928,0.0008012079633772373,strong_2x2_bal_100,strong_null,True,999,1062694068,0.0,0,0
100,100,0.005333458131665303,0.03979716486732965,0.00017242121421645606,0.034618143231881504,-0.034463706735664346,-0.03444572201766505,0.029494317845454327,-1.168486313745205,-1.1678765448367145,0.24261065668031145,0.24285656647341536,0.219,0.218,0.218,True,999,0.00010537495836615562,0.0008090829942375422,strong_2x2_bal_100,strong_null,True,1000,1062694068,0.0,0,0
100,100,0.03848848195167354,0.035422020458493186,0.03330866465979909,0.030240250363220866,0.0030664614931803502,0.0030684142965782257,0.03771716008182022,0.0813014947712989,0.08135326970328316,0.9352021852718723,0.9351610112438695,0.948,0.948,0.948,True,999,0.000110041000880301,0.0008165830513462424,strong_2x2_bal_100,strong_null,True,1001,1062694068,0.0,0,0
100,100,0.030158778252023177,0.05142768388279051,0.024982773251252866,0.0462399154987736,-0.021268905630767332,-0.021257142247520733,0.0394915558788623,-0.5385684396940013,-0.5382705688457956,0.5901846693149231,0.590390266914997,0.628,0.628,0.628,True,999,0.00010724994353950024,0.0008405420230701566,strong_2x2_bal_100,strong_null,True,1002,1062694068,0.0,0,0
100,100,0.05901705585352923,0.04620082918151336,0.053820261823716464,0.04101419296897291,0.012816226672015874,0.012806068854743557,0.04459643588671088,0.2873823079623036,0.28715453600989643,0.7738196063197136,0.7739939959398101,0.844,0.844,0.843,True,999,0.0001141249667853117,0.0008205840131267905,strong_2x2_bal_100,strong_null,True,1003,1062694068,0.0,0,0
100,100,0.07780269023358133,0.035149891305995995,0.07257907910994277,0.02995725395236093,0.042652798927585334,0.04262182515758184,0.04585715917542643,0.9301230101153273,0.9294475698883171,0.3523073982817593,0.35265718478180264,0.339,0.351,0.351,True,999,0.00010833295527845621,0.0008380409562960267,strong_2x2_bal_100,strong_null,True,1004,1062694068,0.0,0,0
100,100,0.05879172279147726,0.03242614684014211,0.053599990936902486,0.027242216565028343,0.026365575951335152,0.026357774371874143,0.04164416038519509,0.6331158008100548,0.6329284617116351,0.5266580246294967,0.5267803605212129,0.519,0.518,0.518,True,999,0.00012341595720499754,0.0008306249510496855,strong_2x2_bal_100,strong_null,True,1005,1062694068,0.0,0,0
100,100,0.035422020458493186,0.07098528497477896,0.030240250363220866,0.065773521799386,-0.035563264516285775,-0.03553327143616514,0.04489962378003696,-0.7920615257381673,-0.7913935228108472,0.4283248024096623,0.4287143885354915,0.478,0.463,0.463,True,999,0.00011233298573642969,0.0008264579810202122,strong_2x2_bal_100,strong_null,True,1006,1062694068,0.0,0,0
100,100,0.02913203618848237,0.0747907071431303,0.023959930575273347,0.06955804872060867,-0.04565867095464793,-0.04559811814533532,0.04388182531893543,-1.0404916072382653,-1.0391117008904205,0.298111561269932,0.2987527897431346,0.269,0.274,0.274,True,999,0.00011112494394183159,0.0008122079307213426,strong_2x2_bal_100,strong_null,True,1007,1062694068,0.0,0,0
100,100,0.06336955972453906,0.10918594307980223,0.05816819124569861,0.10395432219971212,-0.04581638335526317,-0.045786130954013515,0.05594431287903057,-0.81896409120857,-0.8184233320197841,0.41280690129335007,0.41311550347332315,0.427,0.427,0.427,True,999,0.0001080420333892107,0.0007862909696996212,strong_2x2_bal_100,strong_null,True,1008,1062694068,0.0,0,0
100,100,0.02951376404416073,0.029005663938671544,0.024340219921725748,0.023834031661209565,0.0005081001054891843,0.0005061882605161827,0.033698166995983284,0.015077974583892003,0.015021240193168927,0.9879699727014577,0.9880152350698336,0.971,0.971,0.971,True,999,0.00010704097803682089,0.0007896670140326023,strong_2x2_bal_100,strong_null,True,1009,1062694068,0.0,0,0
100,100,0.05879172279147726,0.06622639858617951,0.053599990936902486,0.06102599681521781,-0.00743467579470225,-0.007426005878315323,0.04838258096317327,-0.1536643074159521,-0.15348511242026705,0.8778744290154403,0.8780157297692611,0.869,0.869,0.869,True,999,0.00010750000365078449,0.0007875419687479734,strong_2x2_bal_100,strong_null,True,1010,1062694068,0.0,0,0
100,100,0.013327617866356167,0.040003196167557986,0.008162544621328038,0.034822286739995434,-0.02667557830120182,-0.026659742118667396,0.032095315103635544,-0.8311362021237856,-0.8306427910921976,0.4058966904623973,0.4061754536213258,0.414,0.414,0.414,True,999,0.00010766705963760614,0.0007964998949319124,strong_2x2_bal_100,strong_null,True,1011,1062694068,0.0,0,0
100,100,0.0673692784046086,0.07341972240158146,0.06216442420372914,0.06821691751432013,-0.006050443996972854,-0.0060524933105909895,0.05110566319468059,-0.11839087135851167,-0.11843097089915022,0.9057579585110526,0.9057261872241911,0.916,0.916,0.916,True,999,0.00012575008440762758,0.0007856669835746288,strong_2x2_bal_100,strong_null,True,1012,1062694068,0.0,0,0
100,100,0.012663459436801139,0.027366046119734477,0.007499651686075026,0.022169904539410368,-0.014702586682933338,-0.014670252853335342,0.02797483877517291,-0.5255646619126034,-0.5244088436482747,0.5991907150737605,0.5999942067998772,0.612,0.607,0.607,True,999,0.00011849997099488974,0.0008256660075858235,strong_2x2_bal_100,strong_null,True,1013,1062694068,0.0,0,0
100,100,0.06662067251684944,0.052014752705386025,0.06141558098038047,0.046828016581656584,0.01460591981146342,0.014587564398723885,0.04718033892980846,0.3095764070960377,0.309187359175741,0.7568830998683538,0.7571790090508339,0.748,0.748,0.748,True,999,0.0001297079725190997,0.0008150829235091805,strong_2x2_bal_100,strong_null,True,1014,1062694068,0.0,0,0
100,100,0.004210159156417648,0.028899737350249977,-0.0009521803139591611,0.023727442927850007,-0.02468957819383233,-0.024679623241809168,0.025400987059703936,-0.9719928653087586,-0.9716009532936954,0.33105409799635865,0.3312491081044845,0.301,0.28,0.28,True,999,0.00010837498120963573,0.0007822499610483646,strong_2x2_bal_100,strong_null,True,1015,1062694068,0.0,0,0
100,100,0.06675800233781137,0.04725555557675609,0.06155777012068597,0.04206490692027387,0.01950244676105528,0.019492863200412103,0.04626790475941046,0.4215113449045619,0.42130421296951936,0.6733817286985406,0.6735329542356029,0.74,0.747,0.747,True,999,0.000110417022369802,0.0007916250033304095,strong_2x2_bal_100,strong_null,True,1016,1062694068,0.0,0,0
100,100,0.034206006545573486,0.028899737350249977,0.02903104905192322,0.023727442927850007,0.00530626919532351,0.005303606124073212,0.034954232628861374,0.1518061990278732,0.1517300116522677,0.8793397926884777,0.8793998853447772,0.879,0.879,0.879,True,999,0.00011004204861819744,0.0008147910702973604,strong_2x2_bal_100,strong_null,True,1017,1062694068,0.0,0,0
100,100,0.02928001942174485,3.61192821316525e-05,0.024106287714261043,-0.005123286432521468,0.0292439001396132,0.02922957414678251,0.023850110546627817,1.226153651675548,1.2255529839007517,0.22014085908343606,0.2203669398864604,0.091,0.093,0.093,True,999,0.00011541706044226885,0.0007910840213298798,strong_2x2_bal_100,strong_null,True,1018,1062694068,0.0,0,0
100,100,0.0465733363308064,0.062002618197828485,0.0413868864686151,0.0568007519327125,-0.015429281867022082,-0.015413865464097398,0.045316149213452415,-0.34048086906823477,-0.3401406724012129,0.7334944273952738,0.7337505936882556,0.755,0.756,0.756,True,999,0.0001117499778047204,0.000792750041000545,strong_2x2_bal_100,strong_null,True,1019,1062694068,0.0,0,0
100,100,0.044220205393429524,0.014799145514334922,0.03903546391879331,0.00962850056751563,0.029421059879094602,0.029406963351277682,0.03371865163922209,0.8725455630281356,0.8721274998158889,0.3829108231459354,0.38313882546041955,0.375,0.369,0.368,True,999,0.00011045800056308508,0.0007851669797673821,strong_2x2_bal_100,strong_null,True,1020,1062694068,0.0,0,0
100,100,0.059204850577441515,0.03797954241746082,0.05401158379129356,0.03279393471292735,0.021225308159980694,0.021217649078366208,0.042942581490726175,0.4942718258464383,0.49409346950761085,0.6211142198560393,0.6212401697113986,0.632,0.617,0.617,True,999,0.00011691695544868708,0.0008075840305536985,strong_2x2_bal_100,strong_null,True,1021,1062694068,0.0,0,0
100,100,0.05480756465785186,0.029209586373763807,0.04960896595511599,0.024037543279177953,0.025597978284088052,0.025571422675938038,0.039965719665981655,0.6404983695533637,0.6398339099021437,0.5218486487942224,0.522280584370903,0.532,0.536,0.536,True,999,0.00010808301158249378,0.0008165000472217798,strong_2x2_bal_100,strong_null,True,1022,1062694068,0.0,0,0
100,100,0.10001934593897888,0.054311055545317566,0.09479500871306357,0.04911225258128127,0.04570829039366131,0.0456827561317823,0.05308167570502206,0.8610935843032711,0.860612547080164,0.38918650242979014,0.3894514731416332,0.371,0.372,0.372,True,999,0.00012550002429634333,0.0008040410466492176,strong_2x2_bal_100,strong_null,True,1023,1062694068,0.0,0,0
100,100,0.04725555557675609,0.045309082788670074,0.04206490692027387,0.040107099488949416,0.0019464727880860178,0.0019578074313244542,0.041876938389253805,0.046480780662454285,0.04675144618086155,0.9629270523375378,0.9627113270195489,0.975,0.975,0.975,True,999,0.00010874995496124029,0.0007872080896049738,strong_2x2_bal_100,strong_null,True,1024,1062694068,0.0,0,0
100,100,0.07385998717818298,0.06529361620833152,0.06865730333458941,0.060075811667914536,0.008566370969851467,0.008581491666674879,0.0507128590204906,0.1689191091827462,0.16921727215591445,0.8658602682326186,0.8656257444868458,0.877,0.879,0.879,True,999,0.00010750000365078449,0.0008216659771278501,strong_2x2_bal_100,strong_null,True,1025,1062694068,0.0,0,0
100,100,0.02509373622103761,0.06662067251684944,0.01992232242085379,0.06141558098038047,-0.041526936295811834,-0.04149325855952668,0.04158147747412807,-0.9986883299577277,-0.9978784083692966,0.3179456956690928,0.3183383231369069,0.313,0.316,0.316,True,999,0.00011016603093594313,0.0008042920380830765,strong_2x2_bal_100,strong_null,True,1026,1062694068,0.0,0,0
100,100,0.02534940484382453,0.03405977333939536,0.020174843777112983,0.028880956446698747,-0.00871036849557083,-0.008706112669585764,0.03392579463997278,-0.2567476631868753,-0.2566222180490317,0.7973735746162465,0.797470421729371,0.806,0.812,0.812,True,999,0.0001142079709097743,0.0008053750498220325,strong_2x2_bal_100,strong_null,True,1027,1062694068,0.0,0,0
100,100,0.11689366597424111,0.02150644794108436,0.11164621072786929,0.016333494244918256,0.09538721803315675,0.09531271648295103,0.049816551477456,1.9147695937227474,1.9132740757072253,0.05552189380028973,0.055712974725051635,0.046,0.048,0.048,True,999,0.00011670798994600773,0.0008107909234240651,strong_2x2_bal_100,strong_null,True,1028,1062694068,0.0,0,0
100,100,0.10994204993503087,0.0892511403303553,0.10471052906892453,0.08403255677333732,0.020690909604675567,0.02067797229558721,0.05979389607358721,0.34603715367889154,0.34582078863265947,0.7293147929579289,0.7294774009307319,0.705,0.705,0.705,True,999,0.00012199999764561653,0.0008336660685017705,strong_2x2_bal_100,strong_null,True,1029,1062694068,0.0,0,0
100,100,0.05818888357910945,0.07171132525766544,0.05299523256310579,0.06649090460116724,-0.013522441678555985,-0.013495672038061457,0.049113707673364475,-0.2753292781006946,-0.2747842237408698,0.7830632727002899,0.7834820193407339,0.781,0.781,0.782,True,999,0.00011504197027534246,0.0008322499925270677,strong_2x2_bal_100,strong_null,True,1030,1062694068,0.0,0,0
100,100,0.054561374156864906,0.057020569720351855,0.04936275442511828,0.05181481148605371,-0.002459195563486949,-0.002452057060935431,0.045836331779779145,-0.053651666003775446,-0.053495927045740695,0.9572126922382066,0.9573367757511291,0.968,0.972,0.972,True,999,0.00011433300096541643,0.0008321669884026051,strong_2x2_bal_100,strong_null,True,1031,1062694068,0.0,0,0
100,100,0.0770862753790208,0.05899469949768721,0.07187174842147215,0.053803043506206905,0.018091575881333588,0.018068704915265243,0.050221927399876104,0.3602326079062075,0.35977720989079004,0.7186731917224831,0.7190137474133468,0.699,0.7,0.7,True,999,0.0001271660439670086,0.0008258339948952198,strong_2x2_bal_100,strong_null,True,1032,1062694068,0.0,0,0
100,100,0.03239369666166558,0.040351649128849365,0.027204290559168953,0.03516751106675997,-0.007957952467183782,-0.007963220507591018,0.0374239432672946,-0.21264334467229615,-0.2127841112497145,0.831605160367183,0.8314953573375709,0.831,0.828,0.828,True,999,0.00011112506035715342,0.0008241250179708004,strong_2x2_bal_100,strong_null,True,1033,1062694068,0.0,0,0
100,100,0.051912047129490935,0.05199276349977677,0.046724493421635316,0.04680289384511127,-8.071637028583822e-05,-7.8400423475955e-05,0.04437079420082677,-0.0018191328719632028,-0.0017669375743221234,0.9985485427679495,0.998590188523134,1.0,1.0,1.0,True,999,0.00010779197327792645,0.0008360419888049364,strong_2x2_bal_100,strong_null,True,1034,1062694068,0.0,0,0
100,100,0.03979716486732965,0.04341970558965946,0.03461814323193835,0.038225549272752346,-0.0036225407223298145,-0.0036074060408139985,0.039861173009689624,-0.09087892926405432,-0.09049924446370644,0.9275887929108888,0.927890494321564,0.928,0.928,0.927,True,999,0.00010800000745803118,0.0008273329585790634,strong_2x2_bal_100,strong_null,True,1035,1062694068,0.0,0,0
100,100,0.061312776413463665,0.045879306933472086,0.05611143187623213,0.04069543386992791,0.01543346947999158,0.015415998006304221,0.044943601951921486,0.3433963636582036,0.34300762148070635,0.7313002947856222,0.731592726498464,0.716,0.716,0.716,True,999,0.00010962493252009153,0.0008300000336021185,strong_2x2_bal_100,strong_null,True,1036,1062694068,0.0,0,0
100,100,0.07534538571423399,0.08182593148479622,0.070136923885741,0.07661719606636552,-0.006480545770562229,-0.0064802721806245245,0.05374731388395007,-0.12057431901722328,-0.1205692287174867,0.904028210864806,0.904032242921482,0.925,0.925,0.925,True,999,0.00011391693260520697,0.0008632499957457185,strong_2x2_bal_100,strong_null,True,1037,1062694068,0.0,0,0
100,100,0.040003196167557986,0.06232920600993286,0.034822286739995434,0.057110405483683735,-0.022326009842374872,-0.0222881187436883,0.043886308073093655,-0.508723809831312,-0.5078604175718524,0.6109458306771076,0.6115512354653583,0.584,0.585,0.585,True,999,0.00011145800817757845,0.0008463750127702951,strong_2x2_bal_100,strong_null,True,1038,1062694068,0.0,0,0
100,100,0.06481048057679772,0.044902570079585646,0.05961241050464139,0.039715261814606606,0.019907910497212078,0.019897148690034783,0.045503534134266596,0.4375025121888358,0.43726600732427867,0.6617469545834804,0.6619184445784958,0.655,0.656,0.656,True,999,0.00013704202137887478,0.0008004170376807451,strong_2x2_bal_100,strong_null,True,1039,1062694068,0.0,0,0
100,100,0.13250545091704768,0.005059389928987579,0.1272430651003873,-0.00010003095478339219,0.1274460609880601,0.1273430960551707,0.04877124121902406,2.613139583955218,2.6110284026459905,0.008971465297583392,0.009027039619954443,0.001,0.001,0.001,True,999,0.0001093749888241291,0.0008276249282062054,strong_2x2_bal_100,strong_null,True,1040,1062694068,0.0,0,0
100,100,0.08287268458737995,0.06263305580710976,0.07765384350888382,0.0574245818015271,0.02023962878027019,0.020229261707356727,0.05176004443614978,0.39102804104500755,0.3908277500092019,0.6957765089659154,0.6959245615967089,0.721,0.73,0.73,True,999,0.00011262507177889347,0.0007980830268934369,strong_2x2_bal_100,strong_null,True,1041,1062694068,0.0,0,0
100,100,0.07188236839680184,0.08368073881203542,0.06667912661832531,0.07846208068889382,-0.011798370415233572,-0.011782954070568508,0.053495261013273634,-0.22054982426024755,-0.22026164275831528,0.8254429733550847,0.825667391223289,0.787,0.787,0.787,True,999,0.000116499955765903,0.0008130409987643361,strong_2x2_bal_100,strong_null,True,1042,1062694068,0.0,0,0
100,100,0.045879306933472086,0.0354100087820135,0.04069543386992791,0.030222823831039136,0.010469298151458584,0.010472610038888774,0.03944388121817897,0.2654226163381071,0.26550658088033535,0.7906839154522016,0.7906192409187751,0.798,0.798,0.798,True,999,0.00011491694021970034,0.0008404169930145144,strong_2x2_bal_100,strong_null,True,1043,1062694068,0.0,0,0
100,100,0.05879172279147726,0.18974731472588713,0.053599990936902486,0.18441370920433542,-0.13095559193440987,-0.13081371826743293,0.06439382716789599,-2.033666854323868,-2.0314636358910354,0.04198519623359295,0.04220798476618381,0.043,0.043,0.043,True,999,0.0001129169249907136,0.0008257920853793621,strong_2x2_bal_100,strong_null,True,1044,1062694068,0.0,0,0
100,100,0.054311055545317566,0.08045746664032816,0.04911225258128127,0.0752484053593605,-0.02614641109501059,-0.026136152778079236,0.05002517791322253,-0.5226650296050149,-0.5224599665275952,0.6012073780349697,0.6013501131386272,0.604,0.604,0.604,True,999,0.00010733306407928467,0.0008351251017302275,strong_2x2_bal_100,strong_null,True,1045,1062694068,0.0,0,0
100,100,0.010881232767410487,0.0892267415173309,0.0057118133783973235,0.08400306352611153,-0.07834550874992041,-0.07829125014771421,0.042883221290530765,-1.8269501775329604,-1.8256849133906377,0.06770726079481405,0.06789773696621461,0.043,0.04,0.04,True,999,0.00011054205242544413,0.0008647500071674585,strong_2x2_bal_100,strong_null,True,1046,1062694068,0.0,0,0
100,100,0.0710653375058069,0.02851375191092953,0.0658398371202793,0.02334113858179876,0.04255158559487737,0.04249869853848054,0.0432830565031446,0.9831002944948195,0.9818784062856772,0.32555807938299364,0.32615975510778894,0.346,0.336,0.336,True,999,0.00012558302842080593,0.0008324160007759929,strong_2x2_bal_100,strong_null,True,1047,1062694068,0.0,0,0
100,100,0.07408028741081829,0.03848848195167354,0.06887766347202273,0.03330866465979909,0.035591805459144754,0.03556899881222364,0.0459430787987553,0.774693520541967,0.7741971096022254,0.4385207806430236,0.438814237302791,0.454,0.447,0.447,True,999,0.00011595792602747679,0.0008431250462308526,strong_2x2_bal_100,strong_null,True,1048,1062694068,0.0,0,0
100,100,0.07408028741081829,0.0077189007248932295,0.06887766347202273,0.0025549361416352667,0.06636138668592506,0.06632272733038747,0.039024340921811895,1.7005126830683681,1.6995220358306595,0.08903453279435729,0.08922086622717655,0.061,0.06,0.06,True,999,0.00011104193981736898,0.000905958004295826,strong_2x2_bal_100,strong_null,True,1049,1062694068,0.0,0,0
100,100,0.05691957770147782,0.0866728600207416,0.051713780697497214,0.08144614985695853,-0.029753282319263774,-0.029732369159461314,0.05129394109437425,-0.5800545188080122,-0.5796468067204581,0.5618778530811712,0.5621528215699241,0.569,0.61,0.61,True,999,0.00013754202518612146,0.0008527500322088599,strong_2x2_bal_100,strong_null,True,1050,1062694068,0.0,0,0
100,100,0.033948363184646446,0.0904145761761227,0.028758091438689348,0.08519113877414952,-0.05646621299147625,-0.056433047335460174,0.048010186083039634,-1.1761298507323188,-1.175439046160999,0.23954299105059085,0.23981910981639243,0.229,0.227,0.227,True,999,0.0001189579488709569,0.0008194579277187586,strong_2x2_bal_100,strong_null,True,1051,1062694068,0.0,0,0
100,100,0.040267259181623105,0.07385998717818298,0.03508650452536699,0.06865730333458941,-0.03359272799655988,-0.033570798809222424,0.0462425274590416,-0.7264466248371474,-0.7259724036268799,0.4675650172229411,0.4678556883309014,0.535,0.539,0.539,True,999,0.00011404103133827448,0.0007857499876990914,strong_2x2_bal_100,strong_null,True,1052,1062694068,0.0,0,0
100,100,0.10050873078459555,0.02354806441513302,0.09528447181348554,0.018378452151807778,0.07696066636946253,0.07690601966167776,0.04756575256417063,1.6179848361620144,1.6168359694913768,0.10566586564670523,0.10591369285492501,0.096,0.088,0.088,True,999,0.00010854192078113556,0.00078691600356251,strong_2x2_bal_100,strong_null,True,1053,1062694068,0.0,0,0
100,100,0.0534381307185996,0.049884488247439074,0.04824485387614175,0.044696008551312616,0.003553642471160523,0.0035488453248291307,0.044252092412049006,0.08030450714219636,0.08019610218166424,0.935995073612532,0.9360812901871808,0.896,0.896,0.896,True,999,0.00011062505654990673,0.0007902079960331321,strong_2x2_bal_100,strong_null,True,1054,1062694068,0.0,0,0
100,100,0.043304782161658006,0.0381670583565088,0.03811953542025037,0.03298502137083403,0.005137723805149208,0.005134514049416339,0.039567219961002334,0.12984798553481838,0.1297668639463916,0.8966866972911618,0.8967508799321265,0.901,0.899,0.899,True,999,0.00010900001507252455,0.0007882920326665044,strong_2x2_bal_100,strong_null,True,1055,1062694068,0.0,0,0
100,100,0.03491786242053285,0.09315183546162487,0.029735750197161792,0.08792088207087545,-0.05823397304109201,-0.05818513187371366,0.048475319732015236,-1.2013117884116138,-1.2003042413206741,0.2296302793296242,0.2300212031682467,0.233,0.238,0.238,True,999,0.00011804199311882257,0.0007937500486150384,strong_2x2_bal_100,strong_null,True,1056,1062694068,0.0,0,0
100,100,0.05879803751602253,0.04616788986651632,0.05360461857230803,0.04097750976896464,0.012630147649506207,0.01262710880334339,0.0446335636688539,0.28297421517161425,0.2829061308441928,0.7771966028207165,0.7772487947630967,0.787,0.779,0.779,True,999,0.00010808301158249378,0.0008089999901130795,strong_2x2_bal_100,strong_null,True,1057,1062694068,0.0,0,0
100,100,0.01109224996097824,0.07457264285283094,0.005925643749378651,0.06936812884669052,-0.0634803928918527,-0.06344248509731187,0.03994932318085748,-1.5890229880607991,-1.5880740910201858,0.11205520285879687,0.11226958621006046,0.095,0.096,0.096,True,999,0.00012029102072119713,0.0009376669768244028,strong_2x2_bal_100,strong_null,True,1058,1062694068,0.0,0,0
100,100,0.059457384001442515,0.04035537625281971,0.05425536367746986,0.03517467284672193,0.019102007748622807,0.019080690830747926,0.043459917185799266,0.43953161868574564,0.43904112263201994,0.6602763766915417,0.6606317396250355,0.668,0.668,0.668,True,999,0.00011337501928210258,0.0008126249304041266,strong_2x2_bal_100,strong_null,True,1059,1062694068,0.0,0,0
100,100,0.041881854625461346,0.045879306933472086,0.03669722727097735,0.040695433869984754,-0.0039974523080107405,-0.003998206599007403,0.04099415573873892,-0.09751273653461784,-0.09753113649878517,0.9223192201414439,0.9223046087406472,0.915,0.915,0.915,True,999,0.00011008407454937696,0.0008293749997392297,strong_2x2_bal_100,strong_null,True,1060,1062694068,0.0,0,0
100,100,0.05718565023318045,0.02785191835441858,0.05198814170663013,0.022679320798147273,0.02933373187876187,0.029308820908482858,0.04026434608575775,0.7285287041862021,0.7279100186070062,0.46629000407238486,0.4666686699075483,0.473,0.452,0.454,True,999,0.00011924991849809885,0.0007890000706538558,strong_2x2_bal_100,strong_null,True,1061,1062694068,0.0,0,0
100,100,0.02449100150881167,0.04938150468114777,0.019321222187500098,0.0441904238483346,-0.024890503172336098,-0.024869201660834506,0.03766511460926712,-0.6608370485672713,-0.6602714984097164,0.5087168205803734,0.5090796169288296,0.513,0.515,0.515,True,999,0.00011037499643862247,0.0007879170589148998,strong_2x2_bal_100,strong_null,True,1062,1062694068,0.0,0,0
100,100,0.10133752297070897,0.033711571632115134,0.09610922447077996,0.028536268927354058,0.06762595133859384,0.0675729555434259,0.0496389106619289,1.3623576834545705,1.3612900573833848,0.17308503151221521,0.17342204380221182,0.155,0.156,0.156,True,999,0.00011154194362461567,0.0007860410260036588,strong_2x2_bal_100,strong_null,True,1063,1062694068,0.0,0,0
100,100,0.1022663661121711,0.052014752705386025,0.09700459634206027,0.046828016581656584,0.05025161340678508,0.05017657976040368,0.0529188509241188,0.9495975919590862,0.9481796918144103,0.34231676251413723,0.34303798386565854,0.333,0.339,0.339,True,999,0.00010916695464402437,0.0008120000129565597,strong_2x2_bal_100,strong_null,True,1064,1062694068,0.0,0,0
100,100,0.07204088145765386,0.06003948229975353,0.06682055238306361,0.05484306698551222,0.012001399157900328,0.01197748539755139,0.0494651032325759,0.2426235542554503,0.24214010716272918,0.8082970326770152,0.8086716016822278,0.779,0.775,0.776,True,999,0.0001092500751838088,0.0007933329325169325,strong_2x2_bal_100,strong_null,True,1065,1062694068,0.0,0,0
100,100,0.04192574010735017,0.0673692784046086,0.03673751454763874,0.0621644242036723,-0.025443538297258428,-0.02542690965603356,0.04530033045091093,-0.561663414902237,-0.5612963394072162,0.5743453652101227,0.5745955366275703,0.642,0.649,0.649,True,999,0.0001260410062968731,0.0008210419910028577,strong_2x2_bal_100,strong_null,True,1066,1062694068,0.0,0,0
100,100,0.039073654577704064,0.07171132525766544,0.03388373371059572,0.06649090460116724,-0.03263767067996137,-0.032607170890571524,0.04546140556791279,-0.7179204046211328,-0.7172495105075691,0.4728063658165619,0.47322015468875056,0.476,0.476,0.476,True,999,0.00012675009202212095,0.0008179170545190573,strong_2x2_bal_100,strong_null,True,1067,1062694068,0.0,0,0
100,100,0.05901705585352923,0.05272865990833975,0.053820261823716464,0.0475291796960704,0.006288395945189484,0.006291082127646064,0.04587975116640379,0.13706255560065606,0.13712110392291782,0.8909813493850159,0.8909350715094583,0.9,0.9,0.9,True,999,0.00010800000745803118,0.0007859169272705913,strong_2x2_bal_100,strong_null,True,1068,1062694068,0.0,0,0
100,100,0.07844610104900773,0.06622639858617951,0.0732354253881482,0.06102599681521781,0.01221970246282822,0.012209428572930392,0.05181333424388583,0.23584088229701586,0.23564259569670815,0.8135561433114807,0.8137100174556247,0.821,0.819,0.819,True,999,0.00010841607581824064,0.0007970419246703386,strong_2x2_bal_100,strong_null,True,1069,1062694068,0.0,0,0
100,100,0.023770755349350803,0.015259993633018887,0.018600276937249305,0.010093761204842622,0.008510761716331916,0.008506515732406683,0.02766338675882779,0.3076543660589934,0.30750087856441255,0.7583453470840449,0.7584621544046417,0.78,0.78,0.78,True,999,0.0001082499511539936,0.0007857090095058084,strong_2x2_bal_100,strong_null,True,1070,1062694068,0.0,0,0
100,100,0.05636923747073441,0.040267259181623105,0.05117486174093244,0.03508650452536699,0.016101978289111307,0.016088357215565452,0.04287089908676434,0.3755922696308116,0.37527454656374254,0.7072200386335666,0.7074562940911227,0.731,0.73,0.73,True,999,0.00010608392767608166,0.0008077920647338033,strong_2x2_bal_100,strong_null,True,1071,1062694068,0.0,0,0
100,100,0.04079482990536709,0.12294936331960171,0.03561094977699497,0.1176933295493825,-0.08215453341423462,-0.08208237977238753,0.05399321637704016,-1.52157139223826,-1.52023504581016,0.1281165102116274,0.1284519122970877,0.143,0.145,0.145,True,999,0.0001133340410888195,0.0007903330260887742,strong_2x2_bal_100,strong_null,True,1072,1062694068,0.0,0,0
100,100,0.05294730802400738,0.015258532516596812,0.04775382201975731,0.010082871045526076,0.037688775507410566,0.03767095097423123,0.03605109220006495,1.0454267321016883,1.0449323078806296,0.29582578704604845,0.2960542564791838,0.306,0.3,0.3,True,999,0.00010887498501688242,0.000831749988719821,strong_2x2_bal_100,strong_null,True,1073,1062694068,0.0,0,0
100,100,0.0465733363308064,0.11387493482174127,0.0413868864686151,0.10862434976841939,-0.06730159849093487,-0.06723746329980429,0.05367604559577172,-1.2538479268345446,-1.2526530699776597,0.2098972852440364,0.21033199211651765,0.21,0.213,0.213,True,999,0.00011137500405311584,0.0008095420198515058,strong_2x2_bal_100,strong_null,True,1074,1062694068,0.0,0,0
100,100,0.04004847535583533,0.013963861206007788,0.03485915793244487,0.008795631506998802,0.026084614149827545,0.02606352642544607,0.03230491555575984,0.8074503121608304,0.8067975407785596,0.4194070903679147,0.419783136222291,0.37,0.357,0.357,True,999,0.00010858289897441864,0.000824208022095263,strong_2x2_bal_100,strong_null,True,1075,1062694068,0.0,0,0
100,100,0.02026976093536237,0.06824620264403902,0.01510183178302782,0.06303453118903235,-0.047976441708676654,-0.04793269940600453,0.04076327395463254,-1.176952610873994,-1.175879529680349,0.23921442143384064,0.239643019979627,0.223,0.229,0.229,True,999,0.00013566692359745502,0.0008124159649014473,strong_2x2_bal_100,strong_null,True,1076,1062694068,0.0,0,0
100,100,0.07224581843876288,0.06326096973380879,0.06703649716345694,0.05805270822607156,0.008984848704954085,0.008983788937385384,0.050154059054052756,0.17914499592686614,0.17912386568160407,0.8578238518044105,0.8578404429559596,0.858,0.856,0.854,True,999,0.00011449994053691626,0.0007901249919086695,strong_2x2_bal_100,strong_null,True,1077,1062694068,0.0,0,0
100,100,0.08608711452500739,0.025252912162523122,0.08087031998830696,0.020073573065801043,0.06083420236248427,0.06079674692250592,0.04550358799049137,1.3369100119137078,1.3360868803402992,0.18125201235394928,0.18152087769938507,0.154,0.158,0.158,True,999,0.00010879198089241982,0.0008108329493552446,strong_2x2_bal_100,strong_null,True,1078,1062694068,0.0,0,0
100,100,0.034040980571866775,0.10133752297070897,0.028865908768068493,0.09610922447077996,-0.0672965423988422,-0.06724331570271147,0.04969810968640243,-1.3541066817930654,-1.353035681377424,0.17570234477459568,0.17604423156971782,0.169,0.168,0.168,True,999,0.00010945799294859171,0.0007900410564616323,strong_2x2_bal_100,strong_null,True,1079,1062694068,0.0,0,0
100,100,0.06270638444918264,0.07360206409691206,0.05750758133876843,0.06833204636345158,-0.010895679647729417,-0.01082446502468315,0.04999694524835925,-0.21792690720613536,-0.21650252772269873,0.8274860620354617,0.8285960550462655,0.824,0.826,0.826,True,999,0.00010854203719645739,0.0007880829507485032,strong_2x2_bal_100,strong_null,True,1080,1062694068,0.0,0,0
100,100,0.07775536194807608,0.05879172279147726,0.0725411145258903,0.053599990936902486,0.01896363915659882,0.018941123588987807,0.050442793053076036,0.375943479906936,0.3754971214432537,0.70695891525343,0.7072907868469136,0.719,0.718,0.719,True,999,0.0001093749888241291,0.0008203750476241112,strong_2x2_bal_100,strong_null,True,1081,1062694068,0.0,0,0
100,100,0.009969697003446631,0.06200633350202911,0.0047827979588817016,0.05679764259400599,-0.05203663649858248,-0.05201484463512429,0.03675338235042792,-1.4158325892957337,-1.4152396679898682,0.15682452548660486,0.15699823754321704,0.148,0.153,0.149,True,999,0.000128040905110538,0.000845917034894228,strong_2x2_bal_100,strong_null,True,1082,1062694068,0.0,0,0
100,100,0.08749774613675043,0.0653260642008755,0.08228126252640777,0.06012908305828546,0.022171681935874932,0.022152179468122313,0.05311483929337395,0.41742914467672765,0.4170619691752656,0.6763645408980712,0.676633081375013,0.69,0.69,0.69,True,999,0.00011549994815140963,0.0008182909805327654,strong_2x2_bal_100,strong_null,True,1083,1062694068,0.0,0,0
100,100,0.04606453410618794,0.06617185638282819,0.040880754384517104,0.06097514953060568,-0.02010732227664025,-0.020094395146088573,0.045962345228960776,-0.43747380984316414,-0.437192555035837,0.6617677657470324,0.6619717085413586,0.7,0.703,0.703,True,999,0.00011441705282777548,0.0008203330216929317,strong_2x2_bal_100,strong_null,True,1084,1062694068,0.0,0,0
100,100,0.05899469949768721,0.05124058133734688,0.053803043506206905,0.04605350233507011,0.007754118160340329,0.007749541171136798,0.04562834234873886,0.16994082539916439,0.16984051517600202,0.8650566740404347,0.8651355632803756,0.857,0.852,0.852,True,999,0.00011404103133827448,0.0007889169501140714,strong_2x2_bal_100,strong_null,True,1085,1062694068,0.0,0,0
100,100,0.05697138162392246,0.010536635773633729,0.05177894383153614,0.005372688010410798,0.04643474585028873,0.04640625582112534,0.0358387859232324,1.2956562186496259,1.2948612690320687,0.19509395127594542,0.19536809151503753,0.196,0.196,0.196,True,999,0.00011083297431468964,0.0007964579854160547,strong_2x2_bal_100,strong_null,True,1086,1062694068,0.0,0,0
100,100,0.013553429112358684,0.03956405743651059,0.008388709746952827,0.03438288661810418,-0.026010628324151908,-0.025994176871151353,0.03204300075081431,-0.8117413386600785,-0.8112279206712799,0.41694006859226396,0.4172347943525734,0.42,0.422,0.422,True,999,0.00011095800437033176,0.0008340829517692327,strong_2x2_bal_100,strong_null,True,1087,1062694068,0.0,0,0
100,100,0.04926812657257684,0.03909782630882219,0.04407209487204966,0.03391838522981061,0.01017030026375465,0.01015370964223905,0.041015112841837446,0.24796470274197174,0.24756020253787436,0.8041617171676567,0.8044747060798321,0.799,0.801,0.801,True,999,0.00011279108002781868,0.0007912499131634831,strong_2x2_bal_100,strong_null,True,1088,1062694068,0.0,0,0
100,100,0.055205449888503066,0.06995673275116676,0.05000701213637626,0.0647508827601797,-0.014751282862663695,-0.014743870623803446,0.0483970871060708,-0.3047969153666964,-0.30464376071827703,0.760520830997052,0.7606374870152601,0.751,0.75,0.75,True,999,0.00011220795568078756,0.0008090409683063626,strong_2x2_bal_100,strong_null,True,1089,1062694068,0.0,0,0
100,100,0.049699981963282625,0.051912047129490935,0.04451218941593993,0.046724493421635316,-0.00221206516620831,-0.002212304005695387,0.04393798584635382,-0.05034516543256335,-0.05035060126405349,0.9598473325702955,0.9598430008979536,0.914,0.913,0.913,True,999,0.00011395791079849005,0.0008073330391198397,strong_2x2_bal_100,strong_null,True,1090,1062694068,0.0,0,0
100,100,0.02951376404416073,0.051912047129490935,0.024340219921725748,0.046724493421635316,-0.022398283085330206,-0.02238427349990957,0.039448446802377524,-0.5677861842707653,-0.5674310477177136,0.5701801621047462,0.5704213608457971,0.615,0.617,0.617,True,999,0.00011683290358632803,0.000834041042253375,strong_2x2_bal_100,strong_null,True,1091,1062694068,0.0,0,0
100,100,0.034206006545573486,0.1316999466717571,0.02903104905192322,0.1264374980499241,-0.09749394012618362,-0.09740644899800088,0.054120009541650686,-1.8014398177655977,-1.7998232044478302,0.0716335849741789,0.07188855874173264,0.057,0.059,0.059,True,999,0.00011675001587718725,0.0008072920609265566,strong_2x2_bal_100,strong_null,True,1092,1062694068,0.0,0,0
100,100,0.11062672198880252,0.016173411198517784,0.1053922257060691,0.011009431570727202,0.09445331079028474,0.0943827941353419,0.047714641351903404,1.9795456512745404,1.978067768324048,0.047754605130101574,0.047921062097037344,0.038,0.039,0.039,True,999,0.00011699995957314968,0.0008561250288039446,strong_2x2_bal_100,strong_null,True,1093,1062694068,0.0,0,0
100,100,0.04669225475435179,0.040267259181623105,0.04150132693094122,0.03508650452536699,0.006424995572728687,0.0064148224055742276,0.04074028961626514,0.15770618307444662,0.1574564752974455,0.8746883280813257,0.8748851076279274,0.871,0.871,0.871,True,999,0.00011337501928210258,0.000785792013630271,strong_2x2_bal_100,strong_null,True,1094,1062694068,0.0,0,0
100,100,0.09949481585682451,0.012855180367791874,0.09423737667947307,0.007693525505857224,0.08663963548903264,0.08654385117361585,0.04483657954847405,1.9323426622087476,1.9302063637582105,0.05331722602111885,0.05358127337519293,0.039,0.038,0.038,True,999,0.00010945799294859171,0.0007874160073697567,strong_2x2_bal_100,strong_null,True,1095,1062694068,0.0,0,0
100,100,0.08183549183411454,0.09279658593322038,0.07661640876138165,0.08757360426592697,-0.01096109409910584,-0.010957195504545325,0.056328630597822144,-0.19459187952511015,-0.19452266792668962,0.8457124607371169,0.845766648268657,0.83,0.824,0.824,True,999,0.00010804191697388887,0.0007987910648807883,strong_2x2_bal_100,strong_null,True,1096,1062694068,0.0,0,0
100,100,0.02659744230684913,0.034206006545573486,0.021419333102699056,0.02903104905192322,-0.007608564238724358,-0.007611715949224163,0.034298654948469405,-0.22183272930543574,-0.22192461951234152,0.8244440998555261,0.8243725647700632,0.838,0.838,0.838,True,999,0.0001076249172911048,0.0007856249576434493,strong_2x2_bal_100,strong_null,True,1097,1062694068,0.0,0,0
100,100,0.08209242490492885,0.024656174646824236,0.07688264482766272,0.019484350295542185,0.057436250258104615,0.05739829453212053,0.04455525093242115,1.2891017120568038,1.288249832083293,0.1973627284456525,0.19765901044026724,0.196,0.193,0.193,True,999,0.00010891701094806194,0.0007917090551927686,strong_2x2_bal_100,strong_null,True,1098,1062694068,0.0,0,0
100,100,0.05899469949768721,0.02797587320180761,0.053803043506206905,0.022802804366975238,0.031018826295879598,0.031000239139231667,0.040666182990513805,0.7627670957737872,0.7623100291085368,0.4456023078153041,0.4458749895669214,0.421,0.412,0.412,True,999,0.00010850001126527786,0.0008229580707848072,strong_2x2_bal_100,strong_null,True,1099,1062694068,0.0,0,0
100,100,0.15481921502708396,0.034891356957655106,0.14929472890587192,0.029713114848078703,0.11992785806942885,0.11958161405779322,0.05515078287719289,2.1745449803764063,2.168266846258045,0.029664231192948972,0.030138389396444965,0.031,0.033,0.033,True,999,0.00010812492109835148,0.000791958998888731,strong_2x2_bal_100,strong_null,True,1100,1062694068,0.0,0,0
100,100,0.03660175955144884,0.07408028741081829,0.031415367708845565,0.06887766347202273,-0.03747852785936945,-0.03746229576317717,0.04551850492559613,-0.8233690434391747,-0.8230124391038871,0.4102981615484923,0.4105009197229358,0.413,0.416,0.416,True,999,0.00011795898899435997,0.0008071250049397349,strong_2x2_bal_100,strong_null,True,1101,1062694068,0.0,0,0
100,100,0.029530171339973266,0.044220205393429524,0.024353667419092062,0.03903546391879331,-0.014690034053456258,-0.01468179649970125,0.03766620790664127,-0.39000565413610766,-0.38978695535508284,0.6965323659513476,0.6966940904780509,0.717,0.718,0.718,True,999,0.00010754202958196402,0.0008335839956998825,strong_2x2_bal_100,strong_null,True,1102,1062694068,0.0,0,0
100,100,0.11929172369603536,0.06864900971468124,0.11404978691319911,0.06343644030576456,0.050642713981354115,0.05061334660743455,0.05823567370526493,0.8696166929854826,0.8691124080334754,0.3845099121474336,0.38478565059790415,0.381,0.381,0.381,True,999,0.00011679111048579216,0.0007986250566318631,strong_2x2_bal_100,strong_null,True,1103,1062694068,0.0,0,0
100,100,0.055105922384562245,0.07236826439092225,0.04990744459784935,0.06716313805952723,-0.01726234200636001,-0.01725569346167788,0.048767527125500545,-0.3539720593569636,-0.3538357279685579,0.7233598227490627,0.7234619963426899,0.731,0.732,0.732,True,999,0.000112209003418684,0.0008055830840021372,strong_2x2_bal_100,strong_null,True,1104,1062694068,0.0,0,0
100,100,0.03505830987020098,0.02397749898902679,0.029880180440102322,0.018808310652389082,0.011080810881174186,0.01107186978771324,0.033818276205113344,0.3276574717755354,0.3273930853412087,0.7431706623133889,0.743370595659185,0.691,0.691,0.691,True,999,0.0001116669736802578,0.0008130420465022326,strong_2x2_bal_100,strong_null,True,1105,1062694068,0.0,0,0
100,100,0.017048029762045003,0.09315183546162487,0.011877613769172513,0.08792088207087545,-0.07610380569957986,-0.07604326830170294,0.044871885862621495,-1.6960242306859385,-1.694675114268985,0.08988129134806912,0.09013706904214394,0.078,0.078,0.078,True,999,0.00011099991388618946,0.0007933330489322543,strong_2x2_bal_100,strong_null,True,1106,1062694068,0.0,0,0
100,100,0.052014752705386025,0.09435319729244684,0.046828016581656584,0.08912246089958842,-0.04233844458706082,-0.042294444317931834,0.051765278032597464,-0.8178927303432929,-0.8170427345391309,0.41341844171527564,0.4139040067844222,0.388,0.388,0.388,True,999,0.00011749996338039637,0.0007985420525074005,strong_2x2_bal_100,strong_null,True,1107,1062694068,0.0,0,0
100,100,0.03711560428004501,0.05138326569604168,0.0319295410366891,0.04618908641285202,-0.014267661415996669,-0.014259545376162919,0.04105340428234136,-0.34753905712354616,-0.34734136243840064,0.7281863815201164,0.7283348800625036,0.714,0.72,0.72,True,999,0.00011166604235768318,0.0008324580267071724,strong_2x2_bal_100,strong_null,True,1108,1062694068,0.0,0,0
100,100,0.04572033088704963,0.1082078618413973,0.04053781125691103,0.10296668778285323,-0.06248753095434767,-0.0624288765259422,0.05288166618172167,-1.1816483001805684,-1.1805391364071747,0.23734528010459321,0.2377858544186373,0.234,0.228,0.228,True,999,0.00011395802721381187,0.0008280830224975944,strong_2x2_bal_100,strong_null,True,1109,1062694068,0.0,0,0
100,100,0.09253298144142263,0.04620082918151336,0.08727877511817894,0.04101419296897291,0.046332152259909276,0.046264582149206035,0.05022302816471535,0.9225280504384313,0.92118264947054,0.3562532058459369,0.3569550752537104,0.343,0.344,0.344,True,999,0.00012174993753433228,0.000807542004622519,strong_2x2_bal_100,strong_null,True,1110,1062694068,0.0,0,0
100,100,0.03833524446458347,0.04675984915959008,0.033155994600974736,0.04157349155005363,-0.00842460469500661,-0.008417496949078895,0.04034495311146925,-0.2088143384807074,-0.2086381641297774,0.8345931775885946,0.8347307154805635,0.806,0.807,0.807,True,999,0.00011037499643862247,0.0008639579173177481,strong_2x2_bal_100,strong_null,True,1111,1062694068,0.0,0,0
100,100,0.051912047129490935,0.06200261819782871,0.046724493421635316,0.05680075193268408,-0.010090571068337773,-0.010076258511048763,0.04638025808147916,-0.21756177058374757,-0.2172531790001504,0.8277705736095541,0.8280110433603287,0.84,0.839,0.839,True,999,0.00011545803863555193,0.0007905419915914536,strong_2x2_bal_100,strong_null,True,1112,1062694068,0.0,0,0
100,100,0.023548064415132797,0.09855294390405467,0.018378452151807778,0.09332836474386852,-0.07500487948892187,-0.07494991259206074,0.047280302414057944,-1.5863874734147327,-1.5852248984299164,0.1126514402476134,0.11291524539207282,0.108,0.106,0.106,True,999,0.0001101659145206213,0.0007962919771671295,strong_2x2_bal_100,strong_null,True,1113,1062694068,0.0,0,0
100,100,0.08460565016983379,0.07484944193393295,0.07938719564293706,0.06963433056918689,0.009756208235900843,0.009752865073750172,0.05402356730330836,0.18059170696977245,0.1805298235674436,0.8566880657333495,0.8567366431895505,0.866,0.866,0.866,True,999,0.00011087500024586916,0.0007975420448929071,strong_2x2_bal_100,strong_null,True,1114,1062694068,0.0,0,0
100,100,0.10038635749680447,0.05708840936641346,0.09516207907226715,0.051872526712543277,0.043297948130391006,0.04328955235972387,0.053719672278501815,0.8059979946623483,0.8058417060941008,0.42024400537544604,0.4203341269276646,0.42,0.411,0.405,True,999,0.00010829197708517313,0.0007867090171203017,strong_2x2_bal_100,strong_null,True,1115,1062694068,0.0,0,0
100,100,0.07078772604321837,0.08072202381269489,0.06558415920513028,0.07551191952371994,-0.009934297769476519,-0.009927760318589662,0.05294179080136229,-0.18764566931160348,-0.18752218556109368,0.8511544231595893,0.8512512306483401,0.843,0.842,0.842,True,999,0.00010870792903006077,0.0007912080036476254,strong_2x2_bal_100,strong_null,True,1116,1062694068,0.0,0,0
100,100,0.015930489453407692,0.14610508153598767,0.010766178151556005,0.14083113128940283,-0.13017459208257998,-0.13006495313784683,0.053051507591722176,-2.453739733173796,-2.451673082295994,0.014137926639819465,0.014219378308437952,0.009,0.009,0.009,True,999,0.00010866695083677769,0.0008289159741252661,strong_2x2_bal_100,strong_null,True,1117,1062694068,0.0,0,0
100,100,0.029083053995837327,0.055105922384562245,0.023911484371978986,0.04990744459784935,-0.026022868388724918,-0.025995960225870363,0.03999854333896217,-0.6505954021424653,-0.649922673572664,0.5153076991767251,0.5157421714643662,0.484,0.485,0.485,True,999,0.00010833307169377804,0.0008048749295994639,strong_2x2_bal_100,strong_null,True,1118,1062694068,0.0,0,0
100,100,0.08255001320795574,0.020538433349263974,0.07734033821611774,0.015370803719349624,0.06201157985869177,0.06196953449676812,0.04374222878671263,1.4176593552436618,1.41669814766257,0.15629024195651478,0.15657119885470155,0.144,0.158,0.158,True,999,0.0001103340182453394,0.0008010000456124544,strong_2x2_bal_100,strong_null,True,1119,1062694068,0.0,0,0
100,100,0.06900280856466923,0.031797170455177604,0.06379136749795578,0.026610394187585484,0.03720563810949162,0.03718097331037029,0.043561051113562,0.8541033138180698,0.853537101605765,0.39304774797057573,0.3933615220113591,0.42,0.396,0.396,True,999,0.00011366698890924454,0.0008395829936489463,strong_2x2_bal_100,strong_null,True,1120,1062694068,0.0,0,0
100,100,0.09080171068567411,0.034248622998069855,0.08558590285542778,0.02906604376374844,0.05655308768760425,0.056519859091679336,0.04804901397161334,1.176987476184527,1.1762959199343914,0.23920050498134382,0.2394766456224362,0.243,0.242,0.242,True,999,0.00011129199992865324,0.0008018329972401261,strong_2x2_bal_100,strong_null,True,1121,1062694068,0.0,0,0
100,100,0.08228287850505178,0.15367263563266687,0.07707424871352941,0.1483990617866482,-0.07138975712761508,-0.07132481307311878,0.06396015654867777,-1.1161598248009745,-1.1151444418188068,0.2643537279807766,0.2647885296347504,0.305,0.302,0.302,True,999,0.00011729204561561346,0.0008118749829009175,strong_2x2_bal_100,strong_null,True,1122,1062694068,0.0,0,0
100,100,0.014665972629728907,0.06481048057679772,0.009498851359992955,0.05961241050464139,-0.05014450794706882,-0.050113559144648434,0.03876099195309893,-1.2936848470685174,-1.2928863947879918,0.1957743014830593,0.1960503536948679,0.196,0.194,0.194,True,999,0.00011766597162932158,0.0008009580196812749,strong_2x2_bal_100,strong_null,True,1123,1062694068,0.0,0,0
100,100,0.07078772604321837,0.06458767724011083,0.06558415920513028,0.059390449977797743,0.0062000488031075385,0.006193709227332533,0.05028136720682726,0.123307084662282,0.12318100265363399,0.9018639308994361,0.9019637686782656,0.921,0.921,0.921,True,999,0.00011558295227587223,0.0008057079976424575,strong_2x2_bal_100,strong_null,True,1124,1062694068,0.0,0,0
100,100,0.08956000682712717,0.17077841138239358,0.08432835229343993,0.16546434427876022,-0.08121840455526641,-0.08113599198532029,0.06636407650276795,-1.2238308560186009,-1.2225890310089107,0.22101604165048505,0.22148495816955482,0.208,0.209,0.209,True,999,0.00010916695464402437,0.0008151250658556819,strong_2x2_bal_100,strong_null,True,1125,1062694068,0.0,0,0
100,100,0.10226153443121333,0.055971286859761826,0.09701520600782487,0.050773277491273916,0.046290247571451504,0.046241928516550956,0.05365013964128012,0.8628169074854434,0.8619162750691324,0.3882381416673304,0.38873359232660565,0.323,0.321,0.321,True,999,0.00011012493632733822,0.0008170000510290265,strong_2x2_bal_100,strong_null,True,1126,1062694068,0.0,0,0
100,100,0.07534538571423399,0.11688108386908402,0.070136923885741,0.11159518195600526,-0.04153569815485003,-0.041458258070264264,0.058379224808236714,-0.7114808100190766,-0.7101543092846092,0.47678633832234474,0.47760845106058347,0.441,0.443,0.443,True,999,0.00010954204481095076,0.0008326669922098517,strong_2x2_bal_100,strong_null,True,1127,1062694068,0.0,0,0
100,100,0.06986929621782778,0.009380164302923766,0.06465811174034286,0.004218392733193355,0.060489131914904015,0.060439719007149506,0.03841570484275932,1.5745938324571738,1.5733075640428167,0.11535022737716404,0.11564761872838288,0.085,0.083,0.083,True,999,0.00011066708248108625,0.0008211249951273203,strong_2x2_bal_100,strong_null,True,1128,1062694068,0.0,0,0
100,100,0.05879803751602253,0.07556761288570846,0.05360461857230803,0.0703592093314569,-0.01676957536968593,-0.01675459075914887,0.04997176542843608,-0.33558100711293504,-0.33528114557295163,0.737186848379044,0.7374130151100922,0.664,0.662,0.662,True,999,0.00011124997399747372,0.000848792027682066,strong_2x2_bal_100,strong_null,True,1129,1062694068,0.0,0,0
100,100,0.12619306673525021,0.039534547637448014,0.1209233138436474,0.03435537000655131,0.0866585190978022,0.0865679438370961,0.054107804013493896,1.6015900234315648,1.5999160456688835,0.10924629839839925,0.10961720921900547,0.1,0.1,0.1,True,999,0.00011854094918817282,0.0007914999732747674,strong_2x2_bal_100,strong_null,True,1130,1062694068,0.0,0,0
100,100,0.029932845473656045,0.02959179538409784,0.024753354740695954,0.024418313373786305,0.0003410500895582036,0.0003350413669096497,0.0340182037761076,0.010025517273129432,0.009848884706398378,0.9920009285530392,0.9921418539925638,0.994,0.994,0.994,True,999,0.00011137500405311584,0.0008002910763025284,strong_2x2_bal_100,strong_null,True,1131,1062694068,0.0,0,0
100,100,0.04550937731471627,0.039073654577704064,0.040325315708599874,0.033883733710652564,0.006435722737012206,0.00644158199794731,0.040234973022992455,0.159953449784457,0.1600990758528964,0.8729177436679317,0.8728030291481516,0.901,0.901,0.901,True,999,0.00011024996638298035,0.0007938329363241792,strong_2x2_bal_100,strong_null,True,1132,1062694068,0.0,0,0
100,100,0.005948473096600959,0.0794334979139697,0.0007858835518419482,0.07422418315684354,-0.07348502481736874,-0.07343829960500159,0.03978684846277062,-1.8469677206559902,-1.8457933322796183,0.06475181871380596,0.06492221912403615,0.034,0.034,0.034,True,999,0.00010900001507252455,0.0007843750063329935,strong_2x2_bal_100,strong_null,True,1133,1062694068,0.0,0,0
100,100,0.05940846856642301,0.045879306933472086,0.054215277101889114,0.04069543386992791,0.013529161632950926,0.013519843231961204,0.04461475489525398,0.30324410981780664,0.30303524615797933,0.7617038358017921,0.7618630011372004,0.745,0.74,0.737,True,999,0.0001289169304072857,0.0008358330233022571,strong_2x2_bal_100,strong_null,True,1134,1062694068,0.0,0,0
100,100,0.0927965859332206,0.048646947307498634,0.0875736042659696,0.04345864183397907,0.044149638625721965,0.044114962431990534,0.05102092535943479,0.8653241452344183,0.8646444987268894,0.38686090194834033,0.38723394078166284,0.402,0.403,0.403,True,999,0.00011158303823322058,0.0007988750003278255,strong_2x2_bal_100,strong_null,True,1135,1062694068,0.0,0,0
100,100,0.03894160488080589,0.059630091707797095,0.03375661195767066,0.05443352642821253,-0.020688486826991204,-0.020676914470541874,0.043213227714225456,-0.47875356508444095,-0.47848576846147495,0.6321139543005883,0.6323045011466145,0.64,0.639,0.639,True,999,0.00011116696987301111,0.0008057920495048165,strong_2x2_bal_100,strong_null,True,1136,1062694068,0.0,0,0
100,100,0.034206006545573486,0.02397749898902679,0.02903104905192322,0.018808310652389082,0.010228507556546695,0.010222738399534137,0.0335967472966767,0.30444934047405453,0.30427762274907316,0.7607855823720224,0.7609163918733651,0.734,0.729,0.729,True,999,0.0001287920167669654,0.0008532080100849271,strong_2x2_bal_100,strong_null,True,1137,1062694068,0.0,0,0
100,100,0.02426508867076016,0.05295932919991575,0.019096178238271477,0.04775997586929748,-0.02869424052915559,-0.028663797631026,0.038501487839264756,-0.7452761474815658,-0.7444854534113344,0.45610479759845335,0.456582838387689,0.466,0.462,0.462,True,999,0.00012379209510982037,0.0008652500109747052,strong_2x2_bal_100,strong_null,True,1138,1062694068,0.0,0,0
100,100,0.07324866353757342,0.05031393641726378,0.06804378717409065,0.04511925853536525,0.02293472712030964,0.022924528638725405,0.048093239648722606,0.47688047816755474,0.47666842171931534,0.6334472339504322,0.6335982527323072,0.622,0.609,0.609,True,999,0.0001248749904334545,0.0008443749975413084,strong_2x2_bal_100,strong_null,True,1139,1062694068,0.0,0,0
100,100,0.06200633350202911,0.03505830987020098,0.05679764259400599,0.029880180440130744,0.026948023631828133,0.02691746215387525,0.04278548155536689,0.6298403722990901,0.6291260767754242,0.5287990284525896,0.5292665198021447,0.5,0.507,0.507,True,999,0.00013829092495143414,0.0008520829724147916,strong_2x2_bal_100,strong_null,True,1140,1062694068,0.0,0,0
100,100,0.09205261950694188,0.09459370726667216,0.08679832776211072,0.08936301331438301,-0.002541087759730276,-0.0025646855522722944,0.057733496066340394,-0.044014098103644435,-0.04442283469764703,0.9648931660965856,0.964567360156552,0.996,0.996,0.996,True,999,0.00011866597924381495,0.0008289170218631625,strong_2x2_bal_100,strong_null,True,1141,1062694068,0.0,0,0
100,100,0.01986940935839754,0.03979716486732965,0.014703076545998783,0.03461814323193835,-0.01992775550893211,-0.019915066685939564,0.03396251173708935,-0.5867574125022579,-0.5863837998822381,0.5573666427666538,0.5576176283726344,0.531,0.524,0.526,True,999,0.00012112502008676529,0.0008785829413682222,strong_2x2_bal_100,strong_null,True,1142,1062694068,0.0,0,0
100,100,0.14259006845178523,0.10994204993503065,0.13730823181334983,0.10471052906892453,0.032648018516754584,0.032597702744425305,0.06610971006421884,0.493846039939373,0.4930849449008317,0.6214149153730664,0.6219525680498212,0.617,0.618,0.618,True,999,0.00011808297131210566,0.0008475419599562883,strong_2x2_bal_100,strong_null,True,1143,1062694068,0.0,0,0
100,100,0.2265357919850891,0.03894345707537861,0.22079899112203805,0.033764584392656616,0.1875923349097105,0.18703440672938143,0.06208429469248271,3.021574712878627,3.012588089400135,0.0025146357501508528,0.0025903024594874677,0.003,0.003,0.003,True,999,0.00012704194523394108,0.0008411250310018659,strong_2x2_bal_100,strong_null,True,1144,1062694068,0.0,0,0
100,100,0.05697138162392246,0.02913203618848237,0.05177894383153614,0.023959930575273347,0.027839345435440088,0.027819013256262792,0.040517049309573255,0.6871019955755339,0.6866001777106161,0.4920184567806569,0.492334716467267,0.491,0.486,0.486,True,999,0.00011937494855374098,0.0008483330020681024,strong_2x2_bal_100,strong_null,True,1145,1062694068,0.0,0,0
100,100,0.01063859765554176,0.0357402157111395,0.00547484126730069,0.03054119864987115,-0.02510161805559774,-0.02506635738257046,0.029856988049226582,-0.840728408847254,-0.8395474232445151,0.4005001016528603,0.4011621889371706,0.391,0.393,0.393,True,999,0.0001241669524461031,0.0009462080197408795,strong_2x2_bal_100,strong_null,True,1146,1062694068,0.0,0,0
100,100,0.11411109199981273,0.0381670583565088,0.10886854629268328,0.03298502137083403,0.07594403364330393,0.07588352492184924,0.05256180200516113,1.4448521691826102,1.4437009772685896,0.14849941378477072,0.14882310642650393,0.155,0.154,0.154,True,999,0.0001313330139964819,0.0008127080509439111,strong_2x2_bal_100,strong_null,True,1147,1062694068,0.0,0,0
100,100,0.0660927452911163,0.07408028741081829,0.06088038418532449,0.06887766347199431,-0.007987542119701985,-0.007997279286669823,0.05099667574611938,-0.15662868221973864,-0.15681961950781428,0.8755374963936906,0.8753870100326764,0.879,0.879,0.879,True,999,0.00011533405631780624,0.0008312920108437538,strong_2x2_bal_100,strong_null,True,1148,1062694068,0.0,0,0
100,100,0.05220314090689748,0.09162019972020741,0.04701571431220941,0.0864020829954768,-0.039417058813309924,-0.03938636868326739,0.05145526922276572,-0.7660451380141716,-0.7654486951132577,0.4436494448723558,0.44400440589374246,0.442,0.448,0.448,True,999,0.0001307909842580557,0.0008605829207226634,strong_2x2_bal_100,strong_null,True,1149,1062694068,0.0,0,0
100,100,0.0673692784046086,0.03676105641245542,0.06216442420372914,0.03158011490856438,0.030608221992153184,0.030584309295164758,0.04430054137412627,0.6909220755037977,0.6903822921005548,0.48961451239710596,0.48995380958218604,0.489,0.481,0.481,True,999,0.00012558302842080593,0.0008122909348458052,strong_2x2_bal_100,strong_null,True,1150,1062694068,0.0,0,0
100,100,0.06607918563312642,0.02845751307515465,0.060881532323605825,0.023269967270962866,0.037621672557971775,0.03761156505264296,0.04225735728010634,0.8902987545717411,0.8900595653280358,0.3733054896993063,0.37343390303311585,0.368,0.369,0.369,True,999,0.0001149158924818039,0.0008140420541167259,strong_2x2_bal_100,strong_null,True,1151,1062694068,0.0,0,0
100,100,0.039641509977818234,0.047365188043053896,0.03446305782784975,0.04216824526535845,-0.007723678065235662,-0.007705187437508698,0.04074083779172029,-0.18958073726224,-0.1891268774810177,0.8496376828951346,0.8499933764308247,0.847,0.847,0.847,True,999,0.00013708299957215786,0.000860041007399559,strong_2x2_bal_100,strong_null,True,1152,1062694068,0.0,0,0
100,100,0.039379373902592496,0.06622639858617951,0.03420076535070393,0.06102599681521781,-0.026847024683587017,-0.026825231464513877,0.04462644905228158,-0.6015944636808255,-0.6011061160857119,0.5474441150313196,0.5477693100281997,0.524,0.524,0.524,True,999,0.00011450005695223808,0.0008103339932858944,strong_2x2_bal_100,strong_null,True,1153,1062694068,0.0,0,0
100,100,0.022829252397928212,0.081521341694757,0.017646187358181464,0.07630804452571738,-0.05869208929682879,-0.058661857167535914,0.04403721758452747,-1.332783779633033,-1.332097266475501,0.18260277018905746,0.18282822848015778,0.186,0.183,0.183,True,999,0.00012533296830952168,0.0008707079105079174,strong_2x2_bal_100,strong_null,True,1154,1062694068,0.0,0,0
100,100,0.044615464923190795,0.06214606031102887,0.039432372602675514,0.05691770805140095,-0.017530595387838077,-0.017485335448725436,0.044680561699184294,-0.3923539615697831,-0.39134099446750364,0.6947966977679456,0.695545200920989,0.68,0.684,0.689,True,999,0.0002408329164609313,0.0008422500686720014,strong_2x2_bal_100,strong_null,True,1155,1062694068,0.0,0,0
100,100,0.040794829905367314,0.081521341694757,0.03561094977699497,0.07630804452571738,-0.040726511789389686,-0.04069709474872241,0.04770840321352482,-0.8536548919299013,-0.8530382911072827,0.3932962344382128,0.3936380701647806,0.461,0.46,0.46,True,999,0.00011804199311882257,0.000827415962703526,strong_2x2_bal_100,strong_null,True,1156,1062694068,0.0,0,0
100,100,0.052014752705386025,0.11957144464368796,0.046828016581656584,0.11433124250287108,-0.06755669193830194,-0.0675032259212145,0.05553420409192935,-1.216487983270112,-1.215525224949151,0.2237990859197866,0.22416583395172573,0.28,0.28,0.28,True,999,0.00011462497059255838,0.0008784160017967224,strong_2x2_bal_100,strong_null,True,1157,1062694068,0.0,0,0
100,100,0.05075125708135153,0.040003196167557986,0.045563182125860635,0.034822286739995434,0.010748060913793545,0.010740895385865201,0.04161349646892566,0.2582830529950666,0.25811086059268834,0.7961884644099921,0.7963213499667183,0.822,0.822,0.822,True,999,0.00011504208669066429,0.0008894169004634023,strong_2x2_bal_100,strong_null,True,1158,1062694068,0.0,0,0
100,100,0.05879803751602253,0.05397430144741644,0.05360461857230803,0.048762345849951316,0.004823736068606088,0.004842272722356711,0.046153620634325175,0.10451479217252567,0.10491642163292031,0.9167608301105367,0.9164421283056177,0.928,0.928,0.926,True,999,0.00013212498743087053,0.0008085829904302955,strong_2x2_bal_100,strong_null,True,1159,1062694068,0.0,0,0
100,100,0.04106131032185378,0.02440927043779595,0.035877582907573924,0.019240497564368297,0.016652039884057834,0.016637085343205626,0.03551972220767997,0.4688110956131684,0.46839007484153145,0.6392046682414183,0.639505664416899,0.619,0.619,0.619,True,999,0.00011191703379154205,0.0008010410238057375,strong_2x2_bal_100,strong_null,True,1160,1062694068,0.0,0,0
100,100,0.03755685578123691,0.0794334979139697,0.03237710797134241,0.07422418315684354,-0.04187664213273279,-0.041847075185501126,0.04679151026555053,-0.8949623958507655,-0.8943305088468226,0.3708071901387858,0.37114508104936306,0.383,0.385,0.385,True,999,0.00011024996638298035,0.0008106250315904617,strong_2x2_bal_100,strong_null,True,1161,1062694068,0.0,0,0
100,100,0.054506802839583535,0.040267259181623105,0.049300034589649044,0.03508650452536699,0.01423954365796043,0.014213530064282054,0.04238295674046752,0.33597334289715614,0.3353595680291669,0.7368909685018807,0.7373538637789939,0.728,0.733,0.733,True,999,0.00010837498120963573,0.0007929169805720448,strong_2x2_bal_100,strong_null,True,1162,1062694068,0.0,0,0
100,100,0.0055446874459466056,0.1009690656286999,0.0003545507261719649,0.09574070955159186,-0.09542437818275329,-0.0953861588254199,0.04380363249906758,-2.178458103555328,-2.177585587849371,0.029371948151802992,0.02943690348427558,0.02,0.015,0.015,True,999,0.00010829197708517313,0.0009022910380735993,strong_2x2_bal_100,strong_null,True,1163,1062694068,0.0,0,0
100,100,0.03564928719522764,0.03979716486732965,0.0304675738551623,0.03461814323193835,-0.004147877672102007,-0.004150569376776048,0.038137981237113025,-0.10875975962947938,-0.10883033768806369,0.9133930415876486,0.9133370607315384,0.93,0.932,0.932,True,999,0.00014045799616724253,0.0008049169555306435,strong_2x2_bal_100,strong_null,True,1164,1062694068,0.0,0,0
100,100,0.05661681921289363,0.07385998717818298,0.051410905104106064,0.06865730333458941,-0.017243167965289352,-0.01724639823048335,0.04924702636012541,-0.3501362262808804,-0.3502018193822867,0.7262364648924918,0.7261872414489947,0.703,0.704,0.704,True,999,0.00011687504593282938,0.000799208995886147,strong_2x2_bal_100,strong_null,True,1165,1062694068,0.0,0,0
100,100,0.052772083710488804,0.04758960796726952,0.047582552563653735,0.042399988055990434,0.005182475743219284,0.005182564507663301,0.04368807438545792,0.11862449458162272,0.11862652635906464,0.9055728585017814,0.9055712487441332,0.901,0.9,0.9,True,999,0.00011483393609523773,0.0008052920456975698,strong_2x2_bal_100,strong_null,True,1166,1062694068,0.0,0,0
100,100,0.043304782161658006,0.07215079010781489,0.03811953542025037,0.06693049134733542,-0.028846007946156882,-0.028810955927085047,0.04640467874241059,-0.6216185248534793,-0.6208631695741894,0.5341927370297345,0.5346896558855527,0.524,0.526,0.526,True,999,0.00011625001206994057,0.0007849580142647028,strong_2x2_bal_100,strong_null,True,1167,1062694068,0.0,0,0
100,100,0.0538314834401985,0.04782039371995339,0.04863837143204819,0.042630018693500915,0.006011089720245111,0.0060083527385472735,0.04384022205677155,0.13711357831310617,0.13705114747746183,0.8909410198953864,0.8909903666585517,0.971,0.974,0.974,True,999,0.00011008395813405514,0.0007966669509187341,strong_2x2_bal_100,strong_null,True,1168,1062694068,0.0,0,0
100,100,0.07736443254257686,0.15461642866693526,0.07214420745668804,0.14933783813897605,-0.0772519961243584,-0.07719363068228802,0.06342066481180914,-1.2180887153042557,-1.217168424697975,0.22319026171674916,0.22354014110626164,0.232,0.231,0.231,True,999,0.00011366605758666992,0.0008121669525280595,strong_2x2_bal_100,strong_null,True,1169,1062694068,0.0,0,0
100,100,0.04079482990536709,0.0743517013374243,0.03561094977699497,0.0691471279678808,-0.03355687143205721,-0.033536178190885835,0.046415952290624736,-0.7229598828856766,-0.7225140611336675,0.4697045313625615,0.46997848352212424,0.498,0.498,0.498,True,999,0.00011687492951750755,0.0008149590576067567,strong_2x2_bal_100,strong_null,True,1170,1062694068,0.0,0,0
100,100,0.05697138162392246,0.034040980571866775,0.05177894383153614,0.028865908768068493,0.022930401052055682,0.022913035063467646,0.04163782342663336,0.5507108480936687,0.5502937756542643,0.5818319069443572,0.5821178927465556,0.58,0.579,0.579,True,999,0.00011558295227587223,0.0008201249875128269,strong_2x2_bal_100,strong_null,True,1171,1062694068,0.0,0,0
100,100,0.06900280856466945,0.10918594307980245,0.06379136749795578,0.10395432219965528,-0.040183134515133,-0.040162954701699505,0.05671705787391562,-0.70848411432874,-0.7081283163697141,0.47864467375541786,0.47886557656658024,0.488,0.488,0.488,True,999,0.00010629103053361177,0.0008556250249966979,strong_2x2_bal_100,strong_null,True,1172,1062694068,0.0,0,0
100,100,0.034206006545573486,0.02797587320180761,0.02903104905192322,0.022802804366975238,0.006230133343765876,0.006228244684947981,0.03471287903133134,0.17947613443824834,0.17942172642397242,0.8575638550222128,0.8576065729698876,0.832,0.831,0.831,True,999,0.00010774994734674692,0.0008093330543488264,strong_2x2_bal_100,strong_null,True,1173,1062694068,0.0,0,0
100,100,0.07484944193393273,0.10146037741315572,0.06963433056921531,0.09623209796019694,-0.026610935479222997,-0.02659776739098163,0.05650748841145198,-0.47092759256010297,-0.4706945599371436,0.6376924429935353,0.6378588697925685,0.624,0.632,0.625,True,999,0.00010795798152685165,0.0008113749790936708,strong_2x2_bal_100,strong_null,True,1174,1062694068,0.0,0,0
100,100,0.08460565016983379,0.03397151942377685,0.07938719564293706,0.02877315975199224,0.05063413074605694,0.05061403589094482,0.04700192129369183,1.077277893166733,1.0768503605348954,0.2813561354645312,0.28154712252874936,0.31,0.291,0.291,True,999,0.00011154101230204105,0.0008148340275511146,strong_2x2_bal_100,strong_null,True,1175,1062694068,0.0,0,0
100,100,0.03661108794088541,0.06718384749826734,0.031430711021982916,0.06198374887691216,-0.030572759557381923,-0.030553037854929244,0.044247329513603155,-0.6909515194127773,-0.6905058043228617,0.4895960081758661,0.48987616107904686,0.495,0.494,0.494,True,999,0.00011349993292242289,0.0008059170795604587,strong_2x2_bal_100,strong_null,True,1176,1062694068,0.0,0,0
100,100,0.09255801220676119,0.09705269403799188,0.08733498644816962,0.09174615985097034,-0.004494681831230696,-0.004411173402800728,0.057961171111948144,-0.07754642884198315,-0.0761056638120862,0.9381888575689161,0.9393350341417637,0.922,0.921,0.922,True,999,0.00011324998922646046,0.0008167090127244592,strong_2x2_bal_100,strong_null,True,1177,1062694068,0.0,0,0
100,100,0.057778977696978706,0.06134591428125835,0.052586858872615494,0.05614660762333301,-0.0035669365842796452,-0.0035597487507175174,0.04739655503984253,-0.07525729625879357,-0.07510564317860483,0.9400099977338046,0.9401306579017383,0.954,0.954,0.954,True,999,0.00011354195885360241,0.0008166249608621001,strong_2x2_bal_100,strong_null,True,1178,1062694068,0.0,0,0
100,100,0.07697233868900777,0.06013346298174138,0.07176126981926245,0.054924094028777404,0.016838875707266387,0.01683717579048505,0.0505210879198906,0.3333039014117662,0.3332702537440035,0.7389048946996087,0.7389302912220852,0.756,0.75,0.752,True,999,0.00011441693641245365,0.0008180830627679825,strong_2x2_bal_100,strong_null,True,1179,1062694068,0.0,0,0
100,100,0.017992161280888208,0.10038635749680447,0.012820506251500774,0.09516207907226715,-0.08239419621591626,-0.08234157282076637,0.04639970550532779,-1.7757482578516677,-1.7746141257580093,0.07577441947436701,0.07596162322382391,0.054,0.054,0.054,True,999,0.0001611249754205346,0.0008244169875979424,strong_2x2_bal_100,strong_null,True,1180,1062694068,0.0,0,0
100,100,0.04501176042207122,0.1419535762057209,0.03981996069414606,0.13669046046263134,-0.09694181578364969,-0.09687049976848527,0.057274896986393084,-1.6925707575987496,-1.6913256045052163,0.09053720114394788,0.09077463241867648,0.11,0.11,0.11,True,999,0.0001380409812554717,0.0008151250658556819,strong_2x2_bal_100,strong_null,True,1181,1062694068,0.0,0,0
100,100,0.12554113850567994,0.059457384001442515,0.1202266396338274,0.05425536367746986,0.06608375450423742,0.06597127595635754,0.05681981575128297,1.1630406334562124,1.1610610679403328,0.24481301673968592,0.24561706579222764,0.246,0.246,0.246,True,999,0.00010954099707305431,0.0007932920707389712,strong_2x2_bal_100,strong_null,True,1182,1062694068,0.0,0,0
100,100,0.05691957770147782,0.06003948229975331,0.051713780697497214,0.05484306698551222,-0.0031199045982754914,-0.0031292862880150096,0.046789219476114016,-0.06667998810854728,-0.06688049775253285,0.9468364660248898,0.9466768388098892,0.944,0.944,0.944,True,999,0.00010929093696177006,0.0007997920038178563,strong_2x2_bal_100,strong_null,True,1183,1062694068,0.0,0,0
100,100,0.02077848484820599,0.03575917450220467,0.015608506129339617,0.030577628704449467,-0.01498068965399868,-0.01496912257510985,0.03307682571208568,-0.4529059041032769,-0.4525562006888829,0.6506164993413323,0.6508683437190987,0.65,0.65,0.65,True,999,0.00010787497740238905,0.0007874170551076531,strong_2x2_bal_100,strong_null,True,1184,1062694068,0.0,0,0
100,100,0.02440927043779595,0.03257654825003353,0.019240497564368297,0.027396647155057963,-0.008167277812237583,-0.008156149590689665,0.03327705158992228,-0.24543273583501568,-0.24509832455107583,0.806121384443713,0.8063803001828644,0.828,0.828,0.828,True,999,0.00010804191697388887,0.0007907090475782752,strong_2x2_bal_100,strong_null,True,1185,1062694068,0.0,0,0
100,100,0.05636923747073441,0.060244385944802636,0.05117486174093244,0.05504804486290027,-0.003875148474068224,-0.003873183121967827,0.04684878393178367,-0.08271609525042982,-0.08267414427677683,0.9340772865713394,0.9341106443520013,0.899,0.899,0.899,True,999,0.00010983401443809271,0.0007872499991208315,strong_2x2_bal_100,strong_null,True,1186,1062694068,0.0,0,0
100,100,0.02463582455861879,0.006754363527967544,0.01946618225500174,0.0015931594342930566,0.017881461030651247,0.017873022820708684,0.024790733016639966,0.7212961802561023,0.7209558026667466,0.47072730661005946,0.4709367079831306,0.456,0.447,0.447,True,999,0.00011008407454937696,0.0008389169815927744,strong_2x2_bal_100,strong_null,True,1187,1062694068,0.0,0,0
100,100,0.07385998717818298,0.05843150385723794,0.06865730333458941,0.05322908995459841,0.015428483320945041,0.015428213379991007,0.04964971962822197,0.31074663535814123,0.310741198450218,0.7559932412309456,0.755997374787796,0.769,0.769,0.769,True,999,0.00011454196646809578,0.0008203749312087893,strong_2x2_bal_100,strong_null,True,1188,1062694068,0.0,0,0
100,100,0.04389945996710676,0.04035537625281971,0.03870704906348976,0.03517467284672193,0.0035440837142870496,0.0035323762167678296,0.04016882315126288,0.0882297124050951,0.08793825508569261,0.9296941023125183,0.9299257512042635,0.945,0.945,0.945,True,999,0.0001087080454453826,0.0008296669693663716,strong_2x2_bal_100,strong_null,True,1189,1062694068,0.0,0,0
100,100,0.08655600899037519,0.008617339550652914,0.08132927475018903,0.0034514119545292488,0.07793866943972227,0.07787786279565978,0.04166713205521111,1.870507174250666,1.8690478310930443,0.06141342167414912,0.06161616010607803,0.037,0.044,0.044,True,999,0.00015616603195667267,0.000804042094387114,strong_2x2_bal_100,strong_null,True,1190,1062694068,0.0,0,0
100,100,0.06707733961080509,0.07534538571423399,0.06187720775957928,0.070136923885741,-0.008268046103428905,-0.00825971612616172,0.05134506812607538,-0.16102902197202484,-0.1608667867745424,0.8720705426901157,0.8721983218743452,0.866,0.868,0.868,True,999,0.00011037499643862247,0.0007935418980196118,strong_2x2_bal_100,strong_null,True,1191,1062694068,0.0,0,0
100,100,0.11037398393080633,0.048124346177646826,0.10513945511530665,0.042927775219368414,0.062249637753159504,0.06221167989593823,0.05353991799267148,1.1626771218006013,1.1619681581218286,0.2449605272789801,0.2452483992946789,0.264,0.267,0.267,True,999,0.00010912504512816668,0.0008010839810594916,strong_2x2_bal_100,strong_null,True,1192,1062694068,0.0,0,0
100,100,0.05113387979598527,0.012939815947145883,0.04593024971897819,0.007776461045125416,0.03819406384883939,0.03815378867385277,0.034872044005439244,1.0952631237469759,1.0941081821272551,0.2734013780867365,0.27390753432605686,0.258,0.26,0.26,True,999,0.00010829197708517313,0.0007842920022085309,strong_2x2_bal_100,strong_null,True,1193,1062694068,0.0,0,0
100,100,0.02211871678151256,0.0573786912447658,0.016941380803444872,0.05218472349366721,-0.03525997446325324,-0.035243342690222335,0.038906547010247115,-0.9062735496410553,-0.9058460695815547,0.36479108192610765,0.3650173327218216,0.374,0.38,0.38,True,999,0.00010800000745803118,0.0007927499245852232,strong_2x2_bal_100,strong_null,True,1194,1062694068,0.0,0,0
100,100,0.013597708298657585,0.057778977696978706,0.008429703732630855,0.05258685887258707,-0.04418126939832112,-0.04415715513995622,0.03684176752128263,-1.1992168772249765,-1.1985623413547586,0.2304436264103894,0.2306981686764017,0.225,0.223,0.223,True,999,0.00010958407074213028,0.0008101669372990727,strong_2x2_bal_100,strong_null,True,1195,1062694068,0.0,0,0
100,100,0.039733217591059744,0.06954414077971316,0.034548711132217136,0.06433286090916113,-0.029810923188653415,-0.02978414977694399,0.04524542346769698,-0.6588715698492016,-0.6582798323947264,0.5099782436952567,0.5103583346997247,0.439,0.442,0.442,True,999,0.00013925007078796625,0.0008127079345285892,strong_2x2_bal_100,strong_null,True,1196,1062694068,0.0,0,0
100,100,0.007394198749677727,0.02463582455861879,0.0022346164873567886,0.01946618225500174,-0.017241625808941063,-0.017231565767644952,0.025041645404813618,-0.6885180877781617,-0.68811635533872,0.4911265838539376,0.4913795117971106,0.477,0.486,0.486,True,999,0.00011204194743186235,0.0008157920092344284,strong_2x2_bal_100,strong_null,True,1197,1062694068,0.0,0,0
100,100,0.09090858770311627,0.11259596286449403,0.08569033444935314,0.10734522507040367,-0.021687375161377753,-0.021654890621050527,0.06022599211177863,-0.3600999236530015,-0.35956054623158956,0.7187724098809796,0.7191757923993791,0.736,0.737,0.737,True,999,0.00010945799294859171,0.0008521669078618288,strong_2x2_bal_100,strong_null,True,1198,1062694068,0.0,0,0
100,100,0.030962077718425074,0.07391015090475472,0.025769109710168436,0.06870545758084745,-0.04294807318632965,-0.042936347870679015,0.044319893269047665,-0.9690473062651512,-0.9687827452568597,0.33252158678809884,0.33265359740672285,0.316,0.318,0.318,True,999,0.00012154097203165293,0.0007987079443410039,strong_2x2_bal_100,strong_null,True,1199,1062694068,0.0,0,0
100,100,0.03455808483129841,0.07341972240158146,0.029379615102087087,0.06821691751432013,-0.03886163757028305,-0.03883730241223304,0.045013734214407686,-0.8633284540486864,-0.8627878377573542,0.3879569040198705,0.3882541273268628,0.415,0.414,0.414,True,999,0.00011083309073001146,0.0007849580142647028,strong_2x2_bal_100,strong_null,True,1200,1062694068,0.0,0,0
100,100,0.04378550536461456,0.06003948229975353,0.038591543369307146,0.05484306698551222,-0.01625397693513897,-0.016251523616205077,0.04423559658835605,-0.3674411150457375,-0.36738565475757357,0.7132900077601669,0.7133313704633548,0.764,0.767,0.767,True,999,0.0001092500751838088,0.0007905419915914536,strong_2x2_bal_100,strong_null,True,1201,1062694068,0.0,0,0
100,100,0.038335244464583695,0.08665527032110742,0.033155994600974736,0.08143613301552932,-0.04832002585652373,-0.048280138414554585,0.048221334371659166,-1.0020466352943267,-1.0012194611298433,0.3163210697588694,0.31672071990774575,0.368,0.36,0.36,True,999,0.00010862504132091999,0.0007856659358367324,strong_2x2_bal_100,strong_null,True,1202,1062694068,0.0,0,0
100,100,0.06585444604867363,0.08045746664032816,0.06065763719982442,0.0752484053593605,-0.014603020591654525,-0.014590768159536083,0.052057208007071115,-0.2805187052995801,-0.2802833405424695,0.7790795765706191,0.7792601310843148,0.798,0.798,0.798,True,999,0.00010804098565131426,0.0007863750215619802,strong_2x2_bal_100,strong_null,True,1203,1062694068,0.0,0,0
100,100,0.04228567460549826,0.013327617866355945,0.03709764844347774,0.008162544621328038,0.028958056739142313,0.0289351038221497,0.03269537243882938,0.8856928237572669,0.8849908003429272,0.3757830763959086,0.37616159315065245,0.312,0.317,0.317,True,999,0.0001099579967558384,0.0007917919429019094,strong_2x2_bal_100,strong_null,True,1204,1062694068,0.0,0,0
100,100,0.05220314090689748,0.014642158770363567,0.04701571431220941,0.009465770922147954,0.037560982136533916,0.03754994339006146,0.03574511234153376,1.0508005060286303,1.0504916876825867,0.29335022334505245,0.29349211067115755,0.296,0.295,0.295,True,999,0.0001090840669348836,0.0007860419573262334,strong_2x2_bal_100,strong_null,True,1205,1062694068,0.0,0,0
100,100,0.024947627515162663,0.02928001942174485,0.01977607778650281,0.024106287714261043,-0.004332391906582189,-0.004330209927758233,0.03246696679079707,-0.13343999562688524,-0.1333727895081857,0.8938454162850414,0.893898563957391,0.898,0.898,0.898,True,999,0.00010895903687924147,0.000790167017839849,strong_2x2_bal_100,strong_null,True,1206,1062694068,0.0,0,0
100,100,0.09336244105327973,0.040351649128849365,0.08810395044403663,0.03516751106675997,0.05301079192443037,0.052936439377276656,0.04945478541235315,1.0719041945572565,1.0704007496118633,0.28376306601034273,0.2844389620225647,0.29,0.29,0.29,True,999,0.00011479191016405821,0.0008345419773831964,strong_2x2_bal_100,strong_null,True,1207,1062694068,0.0,0,0
100,100,0.0653260642008755,0.0465733363308064,0.06012908305828546,0.0413868864686151,0.018752727870069097,0.018742196589670357,0.04590739482612785,0.4084903519595088,0.40826094925786066,0.6829137123532142,0.6830821056492358,0.714,0.711,0.711,True,999,0.00013091694563627243,0.000796375097706914,strong_2x2_bal_100,strong_null,True,1208,1062694068,0.0,0,0
100,100,0.08232370950147083,0.06607918563312642,0.07711060018824867,0.060881532323605825,0.016244523868344407,0.016229067864642843,0.05234730150419649,0.310322087319862,0.3100268284763794,0.7563160364125834,0.7565405546532482,0.763,0.768,0.768,True,999,0.00011150003410875797,0.0008077500388026237,strong_2x2_bal_100,strong_null,True,1209,1062694068,0.0,0,0
100,100,0.008996252207968736,0.10753859834426127,0.003833661535054489,0.10229511815587955,-0.09854234613629254,-0.09846145662082506,0.04602791145998955,-2.140925864558333,-2.139168463170747,0.03228001698805947,0.03242202730207442,0.014,0.014,0.014,True,999,0.0001109590521082282,0.0007857090095058084,strong_2x2_bal_100,strong_null,True,1210,1062694068,0.0,0,0
100,100,0.040267259181623105,0.015259993633018887,0.03508650452536699,0.010093761204842622,0.02500726554860422,0.02499274332052437,0.03275381945368224,0.7634915855833986,0.7630482104802175,0.4451702786323174,0.44543464458326654,0.415,0.417,0.417,True,999,0.00011187500786036253,0.0007883330108597875,strong_2x2_bal_100,strong_null,True,1211,1062694068,0.0,0,0
100,100,0.02426508867076016,0.0273108596740268,0.019096178238271477,0.022128113288459872,-0.0030457710032666396,-0.0030319350501883946,0.031709950995667514,-0.09605095270196977,-0.0956146242737065,0.9234801051928392,0.923826649927076,0.924,0.924,0.924,True,999,0.00011162494774907827,0.0008092920761555433,strong_2x2_bal_100,strong_null,True,1212,1062694068,0.0,0,0
100,100,0.07527749959492691,0.03951146282759288,0.0700659545309037,0.03432390067686697,0.03576603676733403,0.035742053854036726,0.04653287399067869,0.7686186925505303,0.7681032953433407,0.44211970541564594,0.4424258193030568,0.543,0.389,0.389,True,999,0.0001177079975605011,0.0008012920152395964,strong_2x2_bal_100,strong_null,True,1213,1062694068,0.0,0,0
100,100,0.013327617866355945,0.04192574010735017,0.008162544621328038,0.03673751454763874,-0.028598122240994228,-0.0285749699263107,0.032600436807637634,-0.8772312594993898,-0.8765210753132042,0.38036104046814134,0.38074682426067663,0.336,0.357,0.357,True,999,0.00011699995957314968,0.0008054999634623528,strong_2x2_bal_100,strong_null,True,1214,1062694068,0.0,0,0
100,100,0.05879803751602253,0.049884488247439074,0.05360461857233645,0.044696008551312616,0.008913549268583454,0.008908610021023833,0.04533848370361751,0.19660007438387825,0.19649113277057,0.8441405123969328,0.8442257724164905,0.822,0.813,0.813,True,999,0.00011854199692606926,0.0008164579048752785,strong_2x2_bal_100,strong_null,True,1215,1062694068,0.0,0,0
100,100,0.05230025100841673,0.1388710359279498,0.047112866505500506,0.13360096279608058,-0.08657078491953307,-0.08648809629058007,0.058081495378544866,-1.4905054416266297,-1.4890817759924364,0.13609138673619559,0.13646583607198684,0.151,0.151,0.151,True,999,0.00011795794125646353,0.0009267500136047602,strong_2x2_bal_100,strong_null,True,1216,1062694068,0.0,0,0
100,100,0.029178645530158254,0.006652601358994703,0.02399754193631054,0.0014840657994454887,0.02252604417116355,0.02251347613686505,0.02643126840826497,0.852249836187193,0.8517743374671024,0.3940754416539842,0.3943393522876486,0.393,0.391,0.391,True,999,0.00017537502571940422,0.0008700418984517455,strong_2x2_bal_100,strong_null,True,1217,1062694068,0.0,0,0
100,100,0.07188236839680184,0.07341972240158146,0.06667912661832531,0.06821691751432013,-0.001537354004779612,-0.0015377908959948172,0.05191838900680675,-0.029610972801526206,-0.029619387762459374,0.9763773141218044,0.9763706028981107,0.909,0.909,0.909,True,999,0.00012745801359415054,0.0009283749386668205,strong_2x2_bal_100,strong_null,True,1218,1062694068,0.0,0,0
100,100,0.11929172369603536,0.0749012577510274,0.11404978691319911,0.0696926781604219,0.04439046594500795,0.04435710875277721,0.05895266007131672,0.7529849525247467,0.7524191223791623,0.4514589563789526,0.45179905049799185,0.467,0.474,0.474,True,999,0.00013733399100601673,0.0008850420126691461,strong_2x2_bal_100,strong_null,True,1219,1062694068,0.0,0,0
100,100,0.052014752705386025,0.02629690225786996,0.046828016581656584,0.021118526247178693,0.025717850447516066,0.02570949033447789,0.038678874515576826,0.6649068973596667,0.6646907557799832,0.5061100438701311,0.5062483076848197,0.518,0.528,0.528,True,999,0.0001282920129597187,0.0008707089582458138,strong_2x2_bal_100,strong_null,True,1220,1062694068,0.0,0,0
100,100,0.034206006545573486,0.020471160484738293,0.02903104905192322,0.015303456355695744,0.013734846060835193,0.013727592696227475,0.03257773299896838,0.4216022662249128,0.4213796183013158,0.6733153518653475,0.6734778998168346,0.692,0.695,0.695,True,999,0.0001230000052601099,0.0008598749991506338,strong_2x2_bal_100,strong_null,True,1221,1062694068,0.0,0,0
100,100,0.07127035302181894,0.059630091707797095,0.06606490447397562,0.05443352642824095,0.01164026131402185,0.011631378045734664,0.04944516728110584,0.23541757373060535,0.235237914751262,0.813884647457296,0.8140240798114537,0.834,0.834,0.834,True,999,0.00012691691517829895,0.0008562500588595867,strong_2x2_bal_100,strong_null,True,1222,1062694068,0.0,0,0
100,100,0.09315183546162487,0.040267259181623105,0.08792088207087545,0.03508650452536699,0.05288457628000176,0.05283437754550846,0.049487866646357924,1.0686372208751056,1.0676228563875025,0.2852331699346189,0.2856906692272143,0.233,0.245,0.245,True,999,0.00012154108844697475,0.0008263330673798919,strong_2x2_bal_100,strong_null,True,1223,1062694068,0.0,0,0
100,100,0.09998735876338982,0.11125010421168502,0.09472999520299652,0.1060093343844386,-0.011262745448295197,-0.011279339181442083,0.06105379692744877,-0.18447248189459703,-0.18474427061179352,0.85364281294699,0.8534296208746343,0.842,0.842,0.842,True,999,0.0001217500539496541,0.0010320409201085567,strong_2x2_bal_100,strong_null,True,1224,1062694068,0.0,0,0
100,100,0.02471997333928,0.039733217591059744,0.019542063544449206,0.034548711132217136,-0.015013244251779745,-0.01500664758776793,0.03531141217467421,-0.42516691707241977,-0.42498010313308526,0.6707149992251573,0.6708511792941093,0.671,0.672,0.672,True,999,0.0001860419288277626,0.0008880409877747297,strong_2x2_bal_100,strong_null,True,1225,1062694068,0.0,0,0
100,100,0.0325654803121983,0.05075125708135153,0.027389344920791814,0.045563182125860635,-0.018185776769153228,-0.01817383720506882,0.03994399524221375,-0.4552818679973723,-0.454982960389057,0.6489064691309248,0.649121497595025,0.647,0.648,0.648,True,999,0.0001373329432681203,0.0008779170457273722,strong_2x2_bal_100,strong_null,True,1226,1062694068,0.0,0,0
100,100,0.059377069969184126,0.04938150468114777,0.05415008239675245,0.0441904238483346,0.009995565288036357,0.009959658548417849,0.04566186854178511,0.21890399160712026,0.21811763001559561,0.8267248370250633,0.8273374613261325,0.812,0.812,0.812,True,999,0.00012833299115300179,0.0008700829930603504,strong_2x2_bal_100,strong_null,True,1227,1062694068,0.0,0,0
100,100,0.025792784583158812,0.04938150468114777,0.020618629094599328,0.0441904238483346,-0.023588720097988958,-0.023571794753735276,0.0379785551556608,-0.6211063059483715,-0.6206606506519993,0.534529680474881,0.5348229248395586,0.544,0.548,0.548,True,999,0.00012087495997548103,0.0008704169886186719,strong_2x2_bal_100,strong_null,True,1228,1062694068,0.0,0,0
100,100,0.07686211195978043,0.039073654577704064,0.07164752837879007,0.033883733710652564,0.03778845738207637,0.03776379466813751,0.04647649394319828,0.8130660076954151,0.812535358503826,0.4161802143100506,0.4164845061725745,0.393,0.405,0.405,True,999,0.0001284159952774644,0.0008154590614140034,strong_2x2_bal_100,strong_null,True,1229,1062694068,0.0,0,0
100,100,0.07341972240158146,0.08289756095211143,0.06821691751432013,0.07768458302194858,-0.009477838550529971,-0.009467665507628453,0.0536224897202679,-0.17675118406424153,-0.17656146808957143,0.8597038346869954,0.8598528625071107,0.849,0.849,0.849,True,999,0.00011008395813405514,0.0008307500975206494,strong_2x2_bal_100,strong_null,True,1230,1062694068,0.0,0,0
100,100,0.06822667887712619,0.029530171339973266,0.06302208908149964,0.024353667419092062,0.038696507537152924,0.03866842166240758,0.042872692410912114,0.9025910284865559,0.9019359290942398,0.3667429897699045,0.36709090397752986,0.341,0.353,0.353,True,999,0.0001094999024644494,0.0008902499685063958,strong_2x2_bal_100,strong_null,True,1231,1062694068,0.0,0,0
100,100,0.01016667983509012,0.1183835934806372,0.004992589089283683,0.11314155734068265,-0.10821691364554709,-0.10814896825139897,0.04778079996310257,-2.264861905391175,-2.263439882440522,0.02352115511667151,0.02360858657121791,0.016,0.018,0.018,True,999,0.00013291696086525917,0.0010110419243574142,strong_2x2_bal_100,strong_null,True,1232,1062694068,0.0,0,0
100,100,0.05921375823659547,0.012710861899318138,0.053998209389334306,0.007548515664780098,0.04650289633727733,0.04644969372455421,0.03674351210395777,1.265608366606532,1.2641604208420498,0.2056533291930669,0.2061724535959929,0.198,0.206,0.206,True,999,0.0003183340886607766,0.0008988339686766267,strong_2x2_bal_100,strong_null,True,1233,1062694068,0.0,0,0
100,100,0.11832356533589328,0.0027050151797763933,0.11307627370149476,-0.0024596724953340754,0.11561855015611688,0.11553594619682883,0.04619539684147905,2.5028153898724055,2.501027247223225,0.012320979310070809,0.01238336506356671,0.002,0.002,0.002,True,999,0.00013145897537469864,0.0008722919737920165,strong_2x2_bal_100,strong_null,True,1234,1062694068,0.0,0,0
100,100,0.10146037741315572,0.060244385944802636,0.09623209796019694,0.05504804486290027,0.041215991468353086,0.04118405309729667,0.05424779727207605,0.7597726274789951,0.75918387784007,0.4473905073623242,0.4477425689288307,0.471,0.51,0.51,True,999,0.0001236660173162818,0.0008624169277027249,strong_2x2_bal_100,strong_null,True,1235,1062694068,0.0,0,0
100,100,0.007854740759320133,0.00185329798898215,0.0026903744909958505,-0.0033024547180957597,0.006001442770337984,0.00599282920909161,0.01390053473645144,0.4317418634694945,0.4311222066426398,0.6659290373669989,0.6663795146518188,0.663,0.661,0.661,True,999,0.00013195793144404888,0.0008587919874116778,strong_2x2_bal_100,strong_null,True,1236,1062694068,0.0,0,0
100,100,0.05781030456382186,0.010530407748804982,0.052610493795697266,0.005362674258293509,0.047279896815016875,0.04724781953740376,0.03616754503860642,1.3072465041392434,1.3063595963444545,0.1911290062229456,0.19143029903506803,0.176,0.177,0.177,True,999,0.00012095796409994364,0.0008570000063627958,strong_2x2_bal_100,strong_null,True,1237,1062694068,0.0,0,0
100,100,0.05781030456382186,0.05818888357910945,0.052610493795697266,0.05299523256310579,-0.0003785790152875945,-0.0003847387674085212,0.046851036007598774,-0.008080483326477407,-0.008211958586062438,0.9935527772711084,0.9934478786720747,0.997,0.997,0.997,True,999,0.00012000009883195162,0.0008833750616759062,strong_2x2_bal_100,strong_null,True,1238,1062694068,0.0,0,0
100,100,0.03894345707537861,0.04620082918151336,0.033764584392656616,0.04101419296897291,-0.007257372106134752,-0.007249608576316291,0.040359507378378116,-0.1798181538266931,-0.1796257944466423,0.8572953312300968,0.8574463530071655,0.837,0.838,0.838,True,999,0.00012900005094707012,0.0008741669589653611,strong_2x2_bal_100,strong_null,True,1239,1062694068,0.0,0,0
100,100,0.05899469949768721,0.0673692784046086,0.053803043506206905,0.06216442420372914,-0.008374578906921393,-0.008361380697522236,0.0485941752870626,-0.17233709302503558,-0.1720654923790489,0.8631725245612777,0.8633860412028059,0.845,0.845,0.845,True,999,0.00012025004252791405,0.00090954196639359,strong_2x2_bal_100,strong_null,True,1240,1062694068,0.0,0,0
100,100,0.06151961630627867,0.039534547637448014,0.0563183443506432,0.03435537000655131,0.021985068668830654,0.02196297434409189,0.04367849659738571,0.5033384933433476,0.5028326534802583,0.6147263072010374,0.6150819337766424,0.59,0.591,0.591,True,999,0.0001272499794140458,0.0008633340476080775,strong_2x2_bal_100,strong_null,True,1241,1062694068,0.0,0,0
100,100,0.005035331430586987,0.04725555557675609,-0.00013430512862555588,0.04206490692027387,-0.042220224146169105,-0.042199212048899426,0.031580127386615274,-1.3369238074721468,-1.3362584492545422,0.18124750873212114,0.1814648125177598,0.108,0.13,0.13,True,999,0.00012191699352115393,0.0008602089947089553,strong_2x2_bal_100,strong_null,True,1242,1062694068,0.0,0,0
100,100,0.10947440648690043,0.07435170133742408,0.10423340558682526,0.0691471279678808,0.03512270514947635,0.03508627761894445,0.057573669094119366,0.6100480602002109,0.6094153485612783,0.5418299715450043,0.5422491668918461,0.538,0.54,0.54,True,999,0.00012129195965826511,0.0009160420158877969,strong_2x2_bal_100,strong_null,True,1243,1062694068,0.0,0,0
100,100,0.023331034885427204,0.04035164912884959,0.018148480851792215,0.03516751106673155,-0.017020614243422383,-0.017019030214939335,0.03501955269415788,-0.4860317432398798,-0.48598651055238995,0.6269446599243005,0.6269767300909974,0.634,0.654,0.649,True,999,0.00018720794469118118,0.0008449580054730177,strong_2x2_bal_100,strong_null,True,1244,1062694068,0.0,0,0
100,100,0.13143054119094422,0.06707733961080531,0.12616664098719355,0.06187720775957928,0.06435320158013891,0.06428943322761427,0.059552580654389446,1.080611467597175,1.0795406768468174,0.27986997928332147,0.280346770725892,0.275,0.274,0.274,True,999,0.00012033397797495127,0.0008277500746771693,strong_2x2_bal_100,strong_null,True,1245,1062694068,0.0,0,0
100,100,0.06607918563312642,0.06028062150382729,0.060881532323605825,0.0550789066085855,0.005798564129299133,0.005802625715020326,0.04859688613542061,0.1193196640859003,0.11940324116344958,0.905022105103166,0.9049558935902209,0.903,0.903,0.903,True,999,0.0001377500593662262,0.0010070420103147626,strong_2x2_bal_100,strong_null,True,1246,1062694068,0.0,0,0
100,100,0.02785191835441858,0.06003948229975331,0.022679320798147273,0.05484306698551222,-0.03218756394533473,-0.03216374618736495,0.0408378526820113,-0.7881796380423561,-0.7875964105608516,0.4305916376678368,0.4309328149304974,0.405,0.41,0.409,True,999,0.00014120794367045164,0.0008572499500587583,strong_2x2_bal_100,strong_null,True,1247,1062694068,0.0,0,0
100,100,0.15321058178517244,0.027519653701983282,0.14793193357805023,0.022336222577280296,0.12569092808318916,0.12559571100076994,0.055752146089713725,2.254459010078881,2.252751146093412,0.024167306562012273,0.024274844097768426,0.016,0.016,0.016,True,999,0.00011575000826269388,0.0008652500109747052,strong_2x2_bal_100,strong_null,True,1248,1062694068,0.0,0,0
100,100,0.05199276349977677,0.02913203618848237,0.04680289384511127,0.023959930575273347,0.022860727311294404,0.022842963269837924,0.03937540574990072,0.5805839171918131,0.580132771581548,0.5615209141595949,0.5618250854159541,0.581,0.582,0.582,True,999,0.00012637500185519457,0.0008876670617610216,strong_2x2_bal_100,strong_null,True,1249,1062694068,0.0,0,0
100,100,0.02928001942174485,0.048124346177646826,0.024106287714261043,0.042927775219368414,-0.018844326755901974,-0.01882148750510737,0.03846460852501542,-0.4899133899581114,-0.48931961683340247,0.6241951875436677,0.6246154350243469,0.598,0.611,0.611,True,999,0.00013904203660786152,0.000870542018674314,strong_2x2_bal_100,strong_null,True,1250,1062694068,0.0,0,0
100,100,0.08324216141137719,0.06650310385474323,0.07802926120876919,0.06130558577169154,0.016739057556633963,0.016723675437077645,0.052541026913927605,0.31859022443653007,0.31829746046787916,0.7500372672420816,0.7502593104782395,0.724,0.729,0.729,True,999,0.00013670895714312792,0.0008193750400096178,strong_2x2_bal_100,strong_null,True,1251,1062694068,0.0,0,0
100,100,0.03564928719522764,0.04221237139378653,0.0304675738551623,0.03702649579555839,-0.006563084198558888,-0.00655892194039609,0.03875692305553527,-0.16933966066280765,-0.169232266735874,0.8655294817288595,0.8656139506282757,0.805,0.789,0.789,True,999,0.0001128750154748559,0.0008205000776797533,strong_2x2_bal_100,strong_null,True,1252,1062694068,0.0,0,0
100,100,0.024220921907809778,0.09208111072952418,0.019048678602729296,0.08685799581469666,-0.0678601888217144,-0.06780931721196737,0.04622516162264636,-1.4680357285861547,-1.4669352108602824,0.14209451809798465,0.1423936808994107,0.127,0.127,0.127,True,999,0.00011091702617704868,0.0008159589488059282,strong_2x2_bal_100,strong_null,True,1253,1062694068,0.0,0,0
100,100,0.0770862753790208,0.001379486839096944,0.07187174842147215,-0.0037864511385237165,0.07570678853992385,0.07565819955999586,0.03795439286640443,1.9946778968749146,1.9933977030354553,0.046078021590447035,0.04621791520802174,0.018,0.017,0.017,True,999,0.00011675001587718725,0.0007913749432191253,strong_2x2_bal_100,strong_null,True,1254,1062694068,0.0,0,0
100,100,0.11949463416009998,0.029530171339973266,0.1142474708399277,0.024353667419092062,0.08996446282012671,0.08989380342083564,0.051646498596757656,1.7419276284835046,1.7405594931556334,0.08152110875709809,0.08176082316650042,0.083,0.082,0.082,True,999,0.00011108396574854851,0.0008119589183479548,strong_2x2_bal_100,strong_null,True,1255,1062694068,0.0,0,0
100,100,0.11688108386908402,0.04388246162218301,0.11159518195600526,0.038698974724681534,0.07299862224690101,0.07289620723132373,0.05348557107152749,1.3648283225634494,1.3629135067818188,0.1723070147480732,0.17290977139352515,0.171,0.178,0.178,True,999,0.00011450005695223808,0.0007856249576434493,strong_2x2_bal_100,strong_null,True,1256,1062694068,0.0,0,0
100,100,0.05044176633985287,0.029922616227185728,0.04525119209999673,0.024746425698552343,0.02051915011266714,0.020504766401444385,0.03922368116667953,0.5231316771486031,0.5227649672734735,0.6008826228748785,0.6011378215025186,0.602,0.6,0.6,True,999,0.00011145905591547489,0.0008814169559627771,strong_2x2_bal_100,strong_null,True,1257,1062694068,0.0,0,0
100,100,0.05636923747073419,0.04106131032185378,0.05117486174093244,0.035877582907573924,0.015307927148880407,0.015297278833358519,0.04302847631277255,0.35576270555358736,0.35551523419428366,0.7220182808016642,0.7222036341440017,0.754,0.755,0.755,True,999,0.00011829100549221039,0.0007991660386323929,strong_2x2_bal_100,strong_null,True,1258,1062694068,0.0,0,0
100,100,0.05230025100841673,0.03399183196071365,0.047112866505500506,0.028815487930302197,0.018308419047703084,0.01829737857519831,0.04058274495401635,0.45113801613094573,0.4508659676897354,0.6518900798293656,0.6520861528981483,0.654,0.654,0.654,True,999,0.00011179200373589993,0.0007954160682857037,strong_2x2_bal_100,strong_null,True,1259,1062694068,0.0,0,0
100,100,0.08444559668698459,0.0904145761761227,0.07922842229912419,0.08519113877414952,-0.005968979489138104,-0.005962716475025331,0.05652672014135478,-0.10559571604741343,-0.10548491863873465,0.9159031238474562,0.9159910364048268,0.892,0.892,0.892,True,999,0.00011145905591547489,0.0007957919733598828,strong_2x2_bal_100,strong_null,True,1260,1062694068,0.0,0,0
100,100,0.0892511403303553,0.029187059905653623,0.08403255677333732,0.024004358603122,0.06006408042470168,0.06002819817021532,0.046847205986773506,1.2821272722573835,1.2813613300046802,0.19979800340109888,0.20006678017951907,0.195,0.185,0.185,True,999,0.00011387502308934927,0.0008116250392049551,strong_2x2_bal_100,strong_null,True,1261,1062694068,0.0,0,0
100,100,0.05669724154315792,0.04594361002401559,0.05149319752115389,0.04075230116282569,0.010753631519142326,0.0107408963583282,0.04421895616492157,0.24319053301563612,0.24290253072162837,0.8078578003192266,0.8080809050444782,0.814,0.804,0.804,True,999,0.00011625001206994057,0.0008140000281855464,strong_2x2_bal_100,strong_null,True,1262,1062694068,0.0,0,0
100,100,0.03432252655653312,0.12347397222988277,0.029146412337979655,0.11821798838101927,-0.08915144567334965,-0.08907157604303961,0.0529471340928028,-1.6837822707663448,-1.6822737919472637,0.09222375478259341,0.09251576072751899,0.077,0.077,0.077,True,999,0.00011691695544868708,0.0008112910436466336,strong_2x2_bal_100,strong_null,True,1263,1062694068,0.0,0,0
100,100,0.005561394069482195,0.04763194464340381,0.00040104202216184603,0.04244147901501094,-0.04207055057392162,-0.042040436992849095,0.031847902376652845,-1.3209834065794808,-1.3200378629541463,0.18650689708183688,0.18682237684373215,0.138,0.143,0.143,True,999,0.00011866702698171139,0.0008589159697294235,strong_2x2_bal_100,strong_null,True,1264,1062694068,0.0,0,0
100,100,0.04553574499710511,0.01634913559349871,0.040353131483556126,0.011184427425376953,0.0291866094036064,0.029168704058179173,0.03450422827971002,0.845885007686707,0.8453660757667673,0.39761689686866575,0.39790647932069567,0.425,0.433,0.436,True,999,0.0001331660896539688,0.0008230000967159867,strong_2x2_bal_100,strong_null,True,1265,1062694068,0.0,0,0
100,100,0.05901705585352923,0.02959179538409784,0.053820261823716464,0.024418313373786305,0.02942526046943139,0.02940194844993016,0.041020342911726376,0.7173333614678211,0.7167650576008496,0.4731684268509494,0.47351907563564133,0.463,0.463,0.463,True,999,0.00011529203038662672,0.0009060830343514681,strong_2x2_bal_100,strong_null,True,1266,1062694068,0.0,0,0
100,100,0.0573786912447658,0.005281507701683563,0.05218472349366721,0.00012277666098725604,0.05209718354308224,0.05206194683267995,0.034462181801197894,1.5117204082903235,1.51069793354959,0.13060500457591323,0.13086542915830704,0.105,0.107,0.107,True,999,0.00011395802721381187,0.0007910829735919833,strong_2x2_bal_100,strong_null,True,1267,1062694068,0.0,0,0
100,100,0.03432252655653312,0.04620082918151336,0.029146412337979655,0.04101419296897291,-0.011878302624980241,-0.011867780630993252,0.039273988458371774,-0.30244706716178255,-0.30217915462221095,0.7623112792589041,0.7625154941073906,0.746,0.755,0.755,True,999,0.00011020794045180082,0.0007888750405982137,strong_2x2_bal_100,strong_null,True,1268,1062694068,0.0,0,0
100,100,0.02928001942174485,0.11685100295401218,0.024106287714261043,0.11161049723180838,-0.08757098353226733,-0.08750420951754734,0.051301179565036735,-1.7069974662327168,-1.705695858447357,0.0878225233440675,0.08806472116970337,0.098,0.097,0.097,True,999,0.00010991690214723349,0.0007946250261738896,strong_2x2_bal_100,strong_null,True,1269,1062694068,0.0,0,0
100,100,0.09311256354357988,0.034040980571866775,0.08787552283642697,0.028865908768068493,0.05907158297171311,0.059009614068358474,0.0485062383543744,1.2178141405266465,1.2165365955044596,0.22329460950587776,0.22378057922018668,0.218,0.215,0.215,True,999,0.0001092919846996665,0.0008094169897958636,strong_2x2_bal_100,strong_null,True,1270,1062694068,0.0,0,0
100,100,0.09519216484777604,0.07689873251463208,0.08995553398621325,0.07167489194772259,0.018293432333143955,0.01828064203849067,0.055973351403211254,0.3268239595189657,0.3265954526611013,0.7438010366232215,0.7439738833538703,0.756,0.756,0.756,True,999,0.00011270807590335608,0.000808625016361475,strong_2x2_bal_100,strong_null,True,1271,1062694068,0.0,0,0
100,100,0.04369398753071885,0.01466597262972913,0.03849997720101328,0.009498851359992955,0.029028014900989718,0.029001125841020325,0.03345573852524769,0.867654285350283,0.8668505649377416,0.3855836188888824,0.3860238926506765,0.368,0.367,0.367,True,999,0.0001141249667853117,0.0008364580571651459,strong_2x2_bal_100,strong_null,True,1272,1062694068,0.0,0,0
100,100,0.08125530193798935,0.048134992198562765,0.07604643239656639,0.042943288259863266,0.03312030973942659,0.03310314413670312,0.04911317813070522,0.6743670639941748,0.6740175528573107,0.5000779768275893,0.5003001542886094,0.494,0.492,0.492,True,999,0.00011954200454056263,0.000817999942228198,strong_2x2_bal_100,strong_null,True,1273,1062694068,0.0,0,0
100,100,0.029922616227185728,0.033497402386165276,0.024746425698552343,0.028320707870093997,-0.003574786158979548,-0.003574282171541654,0.03503417306097963,-0.10203712109195105,-0.10202273549657773,0.918727210469072,0.9187386289249024,0.981,0.983,0.983,True,999,0.00011879205703735352,0.0008096660021692514,strong_2x2_bal_100,strong_null,True,1274,1062694068,0.0,0,0
100,100,0.06639707712193688,0.0465733363308064,0.061199525402599875,0.0413868864686151,0.019823740791130473,0.019812638933984772,0.04609063974380773,0.4301033984626735,0.4298625283596025,0.667120428008837,0.6672956447568734,0.679,0.683,0.683,True,999,0.0001638340763747692,0.0008306249510496855,strong_2x2_bal_100,strong_null,True,1275,1062694068,0.0,0,0
100,100,0.10487732614047862,0.07188236839680184,0.09963138386682147,0.06667912661832531,0.03299495774367678,0.03295225724849615,0.056482337975231875,0.5841641639930951,0.5834081666900205,0.5591098691444262,0.559618561435247,0.557,0.561,0.561,True,999,0.00011045904830098152,0.0007893749279901385,strong_2x2_bal_100,strong_null,True,1276,1062694068,0.0,0,0
100,100,0.057020569720351855,0.028983205450210714,0.05181481148605371,0.02380625383968038,0.02803736427014114,0.028008557646373333,0.04034801652766676,0.694888291495465,0.694174337595202,0.48712531083968225,0.4875728840656236,0.481,0.489,0.489,True,999,0.00010920909699052572,0.0008146249456331134,strong_2x2_bal_100,strong_null,True,1277,1062694068,0.0,0,0
100,100,0.01610492819232101,0.010323566489091718,0.010939889439384842,0.005156822365620428,0.005781361703229293,0.005783067073764414,0.022845194789915046,0.2530668596348087,0.2531415086168289,0.8002165476527328,0.800158863950865,0.8,0.8,0.8,True,999,0.000108166947029531,0.0007881670026108623,strong_2x2_bal_100,strong_null,True,1278,1062694068,0.0,0,0
100,100,0.028350337108182133,0.03721406351323686,0.023175835961268376,0.03203140375200064,-0.008863726405054728,-0.008855567790732266,0.035630606999103906,-0.24876720189688734,-0.2485382242001934,0.8035408627632584,0.8037179990050132,0.825,0.821,0.821,True,999,0.00010866695083677769,0.0008158339187502861,strong_2x2_bal_100,strong_null,True,1279,1062694068,0.0,0,0
100,100,0.10007164995279538,0.02369145043915266,0.09484868094453702,0.018509253832064587,0.07638019951364272,0.07633942711247244,0.04750204229540954,1.607935066005023,1.6070767365690646,0.10784940092327455,0.10803753578747821,0.104,0.107,0.107,True,999,0.00011000002268701792,0.0008142919978126884,strong_2x2_bal_100,strong_null,True,1280,1062694068,0.0,0,0
100,100,0.09080171068567389,0.036089761608732784,0.08558590285542778,0.030903034450261657,0.0547119490769411,0.05468286840516612,0.04838346249250298,1.1307985468261748,1.1301975011325252,0.2581398917275516,0.25839301249624347,0.272,0.274,0.274,True,999,0.0001128750154748559,0.0008507079910486937,strong_2x2_bal_100,strong_null,True,1281,1062694068,0.0,0,0
100,100,0.044615464923190795,0.03424862299807008,0.039432372602675514,0.02906604376374844,0.010366841925120718,0.010366328838927075,0.0389103137624826,0.2664291526509469,0.2664159662706783,0.7899087157760115,0.7899188701307966,0.799,0.8,0.8,True,999,0.0001166659640148282,0.0008351670112460852,strong_2x2_bal_100,strong_null,True,1282,1062694068,0.0,0,0
100,100,0.05661681921289363,0.08608711452500717,0.051410905104106064,0.08087031998830696,-0.029470295312113537,-0.029459414884200896,0.05136210495268082,-0.5737750689786585,-0.5735632313228096,0.5661200215988726,0.5662633990550154,0.575,0.576,0.576,True,999,0.0001188330352306366,0.0008753750007599592,strong_2x2_bal_100,strong_null,True,1283,1062694068,0.0,0,0
100,100,0.028318231835575802,0.050565286282261646,0.023136391982248483,0.04537789974062889,-0.022247054446685843,-0.022241507758380408,0.03888012108749333,-0.572196120393311,-0.5720534591013631,0.567189115539125,0.567285758028412,0.596,0.583,0.583,True,999,0.00012637500185519457,0.0008323750225827098,strong_2x2_bal_100,strong_null,True,1284,1062694068,0.0,0,0
100,100,0.005561394069482195,0.12288873699608127,0.00040104202216184603,0.11761868187984703,-0.11732734292659908,-0.11721763985768519,0.04731697838311342,-2.4796034517806635,-2.4772849802158556,0.013152856919873796,0.013238615005321763,0.005,0.006,0.006,True,999,0.00011712498962879181,0.0008460830431431532,strong_2x2_bal_100,strong_null,True,1285,1062694068,0.0,0,0
100,100,0.06200633350202911,0.058386195386126105,0.05679764259400599,0.053194310284879975,0.0036201381159030044,0.003603332309126017,0.04748145074830257,0.07624320779694,0.07588926311934212,0.9392256078563452,0.9395071990155794,0.933,0.933,0.933,True,999,0.00012262503150850534,0.0008105000015348196,strong_2x2_bal_100,strong_null,True,1286,1062694068,0.0,0,0
100,100,0.07324866353757342,0.05211592691052769,0.06804378717409065,0.04690810453864458,0.021132736627045734,0.021135682635446074,0.048389625394187744,0.4367204014268741,0.43678128241895336,0.6623141317873402,0.6622699746750724,0.659,0.661,0.661,True,999,0.00011270795948803425,0.0007952909218147397,strong_2x2_bal_100,strong_null,True,1287,1062694068,0.0,0,0
100,100,0.03909782630882219,0.05295932919991575,0.033918385229867454,0.04775997586929748,-0.013861502891093558,-0.013841590639430024,0.041957821067733415,-0.3303675581417022,-0.3298929803119482,0.7411222515384271,0.7414808277675722,0.761,0.76,0.76,True,999,0.00010895892046391964,0.0007899999618530273,strong_2x2_bal_100,strong_null,True,1288,1062694068,0.0,0,0
100,100,0.01610492819232079,0.01063859765554176,0.010939889439384842,0.00547484126730069,0.005466330536779029,0.005465048172084153,0.022960816592088543,0.23807213105227829,0.2380162809177792,0.8118251495586061,0.8118684666838489,0.829,0.828,0.828,True,999,0.00010895903687924147,0.000786959077231586,strong_2x2_bal_100,strong_null,True,1289,1062694068,0.0,0,0
100,100,0.04297030740593155,0.039534547637448014,0.03778631239838148,0.03435537000655131,0.0034357597684835373,0.003430942391830172,0.03979978842749847,0.08632608122383138,0.08620504096598827,0.931207206043355,0.9313034235163307,0.976,0.975,0.975,True,999,0.00011741695925593376,0.0008142919978126884,strong_2x2_bal_100,strong_null,True,1290,1062694068,0.0,0,0
100,100,0.01996951121889423,0.04606453410618794,0.014798617398597003,0.040880754384517104,-0.026095022887293706,-0.0260821369859201,0.035626287963107066,-0.7324653894426639,-0.7321036930069603,0.4638845602158792,0.4641052799233989,0.467,0.463,0.463,True,999,0.00010941701475530863,0.0008262500632554293,strong_2x2_bal_100,strong_null,True,1291,1062694068,0.0,0,0
100,100,0.055105922384562245,0.02025129159828465,0.04990744459784935,0.015071868739653382,0.034854630786277596,0.034835575858195966,0.037837547376223885,0.9211651706627086,0.9206615722689712,0.35696419933420875,0.3572271449007639,0.289,0.303,0.303,True,999,0.0001142079709097743,0.0008762499783188105,strong_2x2_bal_100,strong_null,True,1292,1062694068,0.0,0,0
100,100,0.06554999928391636,0.09138291164981582,0.060352174363487165,0.08616474974454036,-0.025832912365899463,-0.025812575381053193,0.0536673265677205,-0.48135269665989455,-0.4809737512913264,0.630265850194111,0.6305351544133535,0.628,0.626,0.626,True,999,0.0001229580957442522,0.0007990410085767508,strong_2x2_bal_100,strong_null,True,1293,1062694068,0.0,0,0
100,100,0.052772083710488804,0.04763194464340381,0.047582552563653735,0.04244147901501094,0.005140139067084992,0.005141073548642794,0.04360839394034941,0.11787040527371935,0.11789183421143899,0.9061703429173735,0.9061533634823611,0.906,0.906,0.906,True,999,0.00011266593355685472,0.0007923750672489405,strong_2x2_bal_100,strong_null,True,1294,1062694068,0.0,0,0
100,100,0.05978341254051367,0.03321907830533266,0.05458349690994169,0.028043423464055195,0.02656433423518101,0.026540073445886492,0.042123722670791286,0.6306264629740523,0.6300505217286851,0.5282847917348417,0.528661530110389,0.532,0.532,0.532,True,999,0.00011241703759878874,0.000810749945230782,strong_2x2_bal_100,strong_null,True,1295,1062694068,0.0,0,0
100,100,0.035410008782013724,0.057020569720351855,0.030222823831039136,0.05181481148605371,-0.02161056093833813,-0.021591987655014577,0.04179083009376389,-0.5171125074532296,-0.5166680730334806,0.6050776230268461,0.6053878869692086,0.587,0.594,0.594,True,999,0.00011124997399747372,0.0008232080144807696,strong_2x2_bal_100,strong_null,True,1296,1062694068,0.0,0,0
100,100,0.04572033088704963,0.05879172279147726,0.04053781125691103,0.053599990936902486,-0.013071391904427632,-0.013062179679991459,0.04447568502534472,-0.29389973188673374,-0.2936926024309216,0.7688345229867761,0.7689928075648497,0.829,0.825,0.825,True,999,0.00011020805686712265,0.0007891249842941761,strong_2x2_bal_100,strong_null,True,1297,1062694068,0.0,0,0
100,100,0.057778977696978706,0.034040980571866775,0.05258685887258707,0.028865908768068493,0.02373799712511193,0.02372095010451858,0.04179684852216783,0.5679374872610788,0.5675296330520633,0.57007741614831,0.5703543995893321,0.604,0.603,0.603,True,999,0.00011091597843915224,0.0008190840017050505,strong_2x2_bal_100,strong_null,True,1298,1062694068,0.0,0,0
100,100,0.12821333559140957,0.08228287850505178,0.12296260019482474,0.07707424871352941,0.04593045708635779,0.04588835148129533,0.06114810295790491,0.7511346201202165,0.7504460361245454,0.4525716423937103,0.4529861133443118,0.503,0.5,0.5,True,999,0.00011058303061872721,0.0008087080204859376,strong_2x2_bal_100,strong_null,True,1299,1062694068,0.0,0,0
100,100,0.044955804955724266,0.038335244464583695,0.03977145582517494,0.033155994600974736,0.00662056049114057,0.006615461224200203,0.039964586014636025,0.16566067990084912,0.16553308526147267,0.86842399130424,0.868524410747031,0.876,0.875,0.875,True,999,0.00012204109225422144,0.000795625033788383,strong_2x2_bal_100,strong_null,True,1300,1062694068,0.0,0,0
100,100,0.09998411053056266,0.05199276349977677,0.09474832720930237,0.04680289384511127,0.04799134703078589,0.0479454333641911,0.05269268080786353,0.9107782389318851,0.9099068908453795,0.36241223052103244,0.36287161540520696,0.355,0.361,0.361,True,999,0.00011595804244279861,0.0008772501023486257,strong_2x2_bal_100,strong_null,True,1301,1062694068,0.0,0,0
100,100,0.04564392539038098,0.11832356533589328,0.040430776639269084,0.11307627370149476,-0.0726796399455123,-0.07264549706222567,0.05422919498838565,-1.3402308472600082,-1.3396012439016338,0.18017030575810444,0.18037501920620047,0.195,0.171,0.17,True,999,0.00011462508700788021,0.0007951250299811363,strong_2x2_bal_100,strong_null,True,1302,1062694068,0.0,0,0
100,100,0.028983205450210936,0.05921375823659547,0.02380625383965196,0.05399820938927746,-0.030230552786384535,-0.030191955549625504,0.04076355176442423,-0.7416074281527105,-0.7406605715838304,0.45832522165703615,0.4588992716285617,0.438,0.45,0.45,True,999,0.00011016707867383957,0.0008142919978126884,strong_2x2_bal_100,strong_null,True,1303,1062694068,0.0,0,0
100,100,0.03164956794221874,0.01099482693428977,0.02646463414231448,0.0058294261797868785,0.020654741007928967,0.020635207962527602,0.028776060426453042,0.7177751471824695,0.7170963522010894,0.47289593967684407,0.4733146464085507,0.452,0.458,0.458,True,999,0.00011195894330739975,0.0008051249897107482,strong_2x2_bal_100,strong_null,True,1304,1062694068,0.0,0,0
100,100,0.05131293593563868,0.1316999466717571,0.04612276262523096,0.12643749804988147,-0.08038701073611842,-0.08031473542465051,0.05693859412523777,-1.41181938140772,-1.4105500260156822,0.1580031501896485,0.15837733583986058,0.171,0.17,0.17,True,999,0.0001093749888241291,0.000788999954238534,strong_2x2_bal_100,strong_null,True,1305,1062694068,0.0,0,0
100,100,0.026444434756292545,0.0068889107533385285,0.02126522394202368,0.0017293234254225354,0.019555524002954017,0.019535900516601146,0.025556772685268948,0.7651797135647694,0.7644118745815561,0.44416453790008126,0.4446218345879016,0.468,0.449,0.449,True,999,0.00010741699952632189,0.0008085840381681919,strong_2x2_bal_100,strong_null,True,1306,1062694068,0.0,0,0
100,100,0.02463582455861879,0.08448678747862348,0.01946618225500174,0.0792351464236134,-0.05985096292000469,-0.05976896416861166,0.04464054660715317,-1.3407309602793755,-1.3388940931792785,0.18000781871877958,0.18060515288080148,0.184,0.184,0.184,True,999,0.00011008302681148052,0.0008127919863909483,strong_2x2_bal_100,strong_null,True,1307,1062694068,0.0,0,0
100,100,0.11062672198880252,0.02509373622103761,0.1053922257060691,0.01992232242085379,0.08553298576776491,0.08546990328521531,0.04946825535611776,1.729047955138507,1.7277727437510126,0.08380051268705928,0.08402897581964185,0.069,0.068,0.068,True,999,0.00012258300557732582,0.0008402080275118351,strong_2x2_bal_100,strong_null,True,1308,1062694068,0.0,0,0
100,100,0.07307886553176823,0.09824065376246693,0.06780523319779519,0.09301738196127474,-0.0251617882306987,-0.025212148763479547,0.05565645623281422,-0.4520910947949231,-0.452995940992284,0.651203358752834,0.6505516643243987,0.654,0.653,0.653,True,999,0.00011087500024586916,0.0008322909707203507,strong_2x2_bal_100,strong_null,True,1309,1062694068,0.0,0,0
100,100,0.04094650046184545,0.028350337108182133,0.035759858778433795,0.023175835961268376,0.012596163353663314,0.012584022817165419,0.03661389051756166,0.3440269027849316,0.34369531998052916,0.7308260540852551,0.7310754311274407,0.72,0.725,0.725,True,999,0.0001124159898608923,0.000880667008459568,strong_2x2_bal_100,strong_null,True,1310,1062694068,0.0,0,0
100,100,0.07408028741081829,0.04550937731471627,0.06887766347202273,0.040325315708599874,0.02857091009610202,0.02855234776342286,0.047309837333444286,0.6039105544737239,0.6035181977520482,0.5459031113074683,0.5461640132270302,0.539,0.537,0.537,True,999,0.00011666701175272465,0.0008080840343609452,strong_2x2_bal_100,strong_null,True,1311,1062694068,0.0,0,0
100,100,0.05431105554531779,0.07171132525766544,0.04911225258128127,0.06649090460116724,-0.01740026971234765,-0.017378652019885976,0.048357631954197795,-0.3598246855600459,-0.35937764769677444,0.7189782415573727,0.7193125939273931,0.729,0.727,0.727,True,999,0.00011683395132422447,0.000807833974249661,strong_2x2_bal_100,strong_null,True,1312,1062694068,0.0,0,0
100,100,0.09459370726667216,0.07188236839680184,0.08936301331438301,0.06667912661832531,0.022711338869870312,0.022683886696057698,0.055074611201303234,0.4123740208870125,0.41187556664078506,0.6800653017898315,0.6804306303151905,0.658,0.659,0.659,True,999,0.00011491600889712572,0.0007930829888209701,strong_2x2_bal_100,strong_null,True,1313,1062694068,0.0,0,0
100,100,0.032576548250033754,0.040003196167557986,0.027396647155057963,0.034822286739995434,-0.007426647917524232,-0.007425639584937471,0.037396348143669385,-0.1985928649768827,-0.19856590157973794,0.8425812353687018,0.8426023290186856,0.832,0.831,0.831,True,999,0.00010900001507252455,0.0007842920022085309,strong_2x2_bal_100,strong_null,True,1314,1062694068,0.0,0,0
100,100,0.05142768388279051,0.04725555557675609,0.0462399154987736,0.04206490692027387,0.004172128306034417,0.004175008578499728,0.04327968613064999,0.09639922742137869,0.09646577763749199,0.9232035056959544,0.9231506526245772,0.977,0.977,0.977,True,999,0.0001112909521907568,0.0007907079998403788,strong_2x2_bal_100,strong_null,True,1315,1062694068,0.0,0,0
100,100,0.057205186670445496,0.09855294390405467,0.05200228258071604,0.09332836474388273,-0.04134775723360917,-0.04132608216316669,0.053420528168153195,-0.7740050248746653,-0.7735992806563705,0.43892781974992157,0.43916779762109737,0.461,0.463,0.463,True,999,0.00011025008279830217,0.0008098750840872526,strong_2x2_bal_100,strong_null,True,1316,1062694068,0.0,0,0
100,100,0.040850441342229815,0.019077918605384214,0.035661601299835866,0.013910655710276387,0.0217725227368456,0.02175094558955948,0.03400204150101911,0.6403298677284726,0.6396952838525168,0.5219581669240693,0.5223707221424221,0.525,0.526,0.526,True,999,0.0001128750154748559,0.0008111250353977084,strong_2x2_bal_100,strong_null,True,1317,1062694068,0.0,0,0
100,100,0.06214606031102887,0.03895131231666282,0.05691770805140095,0.03376976820115374,0.02319474799436605,0.023147939850247212,0.043498314337020116,0.5332332608260567,0.5321571698365031,0.593872120017404,0.5946171443034055,0.595,0.617,0.619,True,999,0.00012587499804794788,0.0007998750079423189,strong_2x2_bal_100,strong_null,True,1318,1062694068,0.0,0,0
100,100,0.027166171252117843,0.11037398393080633,0.021992970881825613,0.10513945511530665,-0.08320781267868849,-0.08314648423348103,0.04984766224361005,-1.6692420252738103,-1.6680117078938752,0.0950694245595951,0.0953134026425976,0.095,0.092,0.092,True,999,0.00011937494855374098,0.0009011250222101808,strong_2x2_bal_100,strong_null,True,1319,1062694068,0.0,0,0
100,100,0.09255801220676119,0.035019140467078325,0.08733498644816962,0.02982452221614551,0.05753887173968286,0.057510464232024106,0.04842193689938676,1.1882810854766028,1.1876944194017247,0.2347226870403275,0.23495382320490688,0.229,0.235,0.235,True,999,0.00011699995957314968,0.0007853750139474869,strong_2x2_bal_100,strong_null,True,1320,1062694068,0.0,0,0
100,100,0.1349947921742536,0.14590695135478615,0.12971948606559636,0.14062529700868254,-0.010912159180532566,-0.01090581094308618,0.068979320261234,-0.1581946464419589,-0.15810261541842396,0.8743034221578452,0.8743759397283886,0.867,0.887,0.887,True,999,0.00010962493252009153,0.0008223750628530979,strong_2x2_bal_100,strong_null,True,1321,1062694068,0.0,0,0
100,100,0.11048873398445824,0.042963479645100056,0.10524786671719255,0.037769076700783444,0.06752525433935819,0.06747879001640911,0.0526470306718016,1.2826032822307973,1.281720719200059,0.19963109968299386,0.19994063406641693,0.217,0.216,0.216,True,999,0.00011324998922646046,0.000789458048529923,strong_2x2_bal_100,strong_null,True,1322,1062694068,0.0,0,0
100,100,0.05044176633985287,0.03895131231666282,0.04525119209999673,0.03376976820115374,0.011490454023190044,0.01148142389884299,0.041325805227512065,0.2780454962687681,0.2778269857207621,0.7809774341812368,0.7811451747674777,0.782,0.783,0.785,True,999,0.00010716705583035946,0.0007984589319676161,strong_2x2_bal_100,strong_null,True,1323,1062694068,0.0,0,0
100,100,0.03505830987020098,0.04398059259912679,0.029880180440102322,0.03879278479044501,-0.008922282728925812,-0.00891260435034269,0.03895268329064443,-0.2290543802169528,-0.22880591521363305,0.8188266501521941,0.8190197690678689,0.839,0.84,0.84,True,999,0.00011354195885360241,0.0008090829942375422,strong_2x2_bal_100,strong_null,True,1324,1062694068,0.0,0,0
100,100,0.007050158551725971,0.07188236839680184,0.0018897223110485584,0.06667912661832531,-0.06483220984507587,-0.06478940430727675,0.038417250001819545,-1.687580705074029,-1.6864664780588967,0.09149174567819936,0.09170598648056469,0.07,0.068,0.068,True,999,0.00010908301919698715,0.0008412499446421862,strong_2x2_bal_100,strong_null,True,1325,1062694068,0.0,0,0
100,100,0.05818888357910945,0.057778977696978706,0.05299523256310579,0.05258685887258707,0.0004099058821307455,0.0004083736905187152,0.04674708230454055,0.008768587512271997,0.008735811314560905,0.9930037690585397,0.9930299196790531,0.995,0.995,0.991,True,999,0.00010895798914134502,0.0008319170447066426,strong_2x2_bal_100,strong_null,True,1326,1062694068,0.0,0,0
100,100,0.047409059670513676,0.0350589785582619,0.04222012341793402,0.02985950880760413,0.012350081112251776,0.01236061461032989,0.03971164706704768,0.3109939280886626,0.311259177678042,0.7558052376034685,0.7556035983941014,0.743,0.742,0.742,True,999,0.00011333310976624489,0.0009057499701157212,strong_2x2_bal_100,strong_null,True,1327,1062694068,0.0,0,0
100,100,0.05286455451652783,0.11685100295401218,0.04765068983603271,0.11161049723180838,-0.06398644843748436,-0.06395980739577567,0.055239836409545204,-1.1583388474051994,-1.1578565678866437,0.24672578410877843,0.24692257414618768,0.228,0.228,0.228,True,999,0.00011862500105053186,0.0008376670302823186,strong_2x2_bal_100,strong_null,True,1328,1062694068,0.0,0,0
100,100,0.04725555557675609,0.04801805517693625,0.04206490692027387,0.0428060756592572,-0.0007624996001801554,-0.0007411687389833332,0.04240022073524741,-0.017983387514449604,-0.0174803037845319,0.9856521061122585,0.9860534457496862,0.988,0.988,0.988,True,999,0.00011216697748750448,0.0008373749442398548,strong_2x2_bal_100,strong_null,True,1329,1062694068,0.0,0,0
100,100,0.02249088844895253,0.05220314090689748,0.017319090581978003,0.04701571431220941,-0.029712252457944954,-0.02969662373023141,0.03780658551126158,-0.7859015051516478,-0.7854881187666517,0.43192519270204255,0.43216743372383803,0.409,0.403,0.403,True,999,0.00012362503912299871,0.0008050000760704279,strong_2x2_bal_100,strong_null,True,1330,1062694068,0.0,0,0
100,100,0.05220314090689748,0.033711571632115134,0.04701571431220941,0.028536268927354058,0.01849156927478235,0.018479445384855353,0.040501875311709575,0.45656081681324556,0.45626147536711037,0.6479867482441692,0.6482019633369203,0.607,0.603,0.603,True,999,0.00011179200373589993,0.0007942500524222851,strong_2x2_bal_100,strong_null,True,1331,1062694068,0.0,0,0
100,100,0.059204850577441515,0.02716617125211762,0.05401158379129356,0.021992970881825613,0.03203867932532389,0.03201861290946795,0.0405233720211651,0.790622244086457,0.7901270627909451,0.4291644624036276,0.42945356642132815,0.404,0.401,0.401,True,999,0.00011058303061872721,0.0007948749698698521,strong_2x2_bal_100,strong_null,True,1332,1062694068,0.0,0,0
100,100,0.07923559566686189,0.0196371066289196,0.07402173569226989,0.014469996022114628,0.05959848903794229,0.05955173967015526,0.042967132888659214,1.387071583118658,1.3859835568845553,0.16541993613807915,0.16575192448910203,0.159,0.152,0.154,True,999,0.00011216709390282631,0.000791958998888731,strong_2x2_bal_100,strong_null,True,1333,1062694068,0.0,0,0
100,100,0.08152099085670983,0.030786547214457283,0.07631107733922704,0.02560902236767504,0.05073444364225255,0.050702054971552,0.04577183135961941,1.1084206625608437,1.1077130511383058,0.267680185368661,0.2679857611110943,0.253,0.25,0.25,True,999,0.00011108396574854851,0.0008231670362874866,strong_2x2_bal_100,strong_null,True,1334,1062694068,0.0,0,0
100,100,0.036850479774427236,0.07341972240158146,0.0316641156819486,0.06821691751432013,-0.03656924262715422,-0.03655280183237153,0.04551192232070008,-0.8035090754784822,-0.8031478339851689,0.42168055333293997,0.4218892928267818,0.413,0.401,0.401,True,999,0.00011062505654990673,0.0007884170627221465,strong_2x2_bal_100,strong_null,True,1335,1062694068,0.0,0,0
100,100,0.06675800233781137,0.03505830987020098,0.06155777012062913,0.029880180440130744,0.031699692467610396,0.031677589680498386,0.04380374292671455,0.7236754293039587,0.7231708425806508,0.4692650211763947,0.4695749299111228,0.48,0.482,0.482,True,999,0.00011004193220287561,0.000872792094014585,strong_2x2_bal_100,strong_null,True,1336,1062694068,0.0,0,0
100,100,0.029530171339973266,0.02426508867076016,0.024353667419092062,0.019096178238214634,0.005265082669213106,0.005257489180877428,0.0323425169947426,0.16279137056862225,0.16255658709963894,0.8706827029215823,0.8708675707103405,0.864,0.863,0.863,True,999,0.0001368329394608736,0.0008194999536499381,strong_2x2_bal_100,strong_null,True,1337,1062694068,0.0,0,0
100,100,0.05899469949768721,0.08335707619397748,0.05380304350626375,0.07814420171851566,-0.024362376696290267,-0.024341158212251912,0.051300776556817716,-0.47489294181166897,-0.4744793323994439,0.6348632825257858,0.6351581326746181,0.597,0.599,0.599,True,999,0.00011137500405311584,0.0007931670406833291,strong_2x2_bal_100,strong_null,True,1338,1062694068,0.0,0,0
100,100,0.012710861899318138,0.09654550994213407,0.007548515664780098,0.09128759137558973,-0.08383464804281593,-0.08373907571080963,0.04435739234953562,-1.8899814349364836,-1.8878268373160196,0.05876044305646998,0.059049201063780275,0.041,0.041,0.041,True,999,0.00011612498201429844,0.0008055419893935323,strong_2x2_bal_100,strong_null,True,1339,1062694068,0.0,0,0
100,100,0.07840087498663861,0.06675800233781137,0.07316478104040414,0.06155777012068597,0.01164287264882724,0.011607010919718164,0.05168389585267326,0.22527080160550694,0.22457693500513876,0.8217686128552273,0.8223084097665004,0.817,0.818,0.818,True,999,0.00010970805305987597,0.000791667029261589,strong_2x2_bal_100,strong_null,True,1340,1062694068,0.0,0,0
100,100,0.05247954414889877,0.03575917450220467,0.04728988711309512,0.030577628704449467,0.0167203696466941,0.016712258408645653,0.04099588498106876,0.4078548287081813,0.40765697377585836,0.6833802575399897,0.6835255298971221,0.765,0.768,0.768,True,999,0.00010854110587388277,0.0007929999846965075,strong_2x2_bal_100,strong_null,True,1341,1062694068,0.0,0,0
100,100,0.028350337108182133,0.02463582455861879,0.023175835961268376,0.01946618225500174,0.0037145125495633424,0.0037096537062666357,0.0321178509124899,0.11565258708261994,0.1155013053760716,0.907927884030746,0.9080477858621299,0.955,0.954,0.954,True,999,0.00011120806448161602,0.0008050000760704279,strong_2x2_bal_100,strong_null,True,1342,1062694068,0.0,0,0
100,100,0.06607918563312665,0.03711560428004501,0.060881532323605825,0.0319295410366891,0.028963581353081636,0.028951991286916723,0.04409248503536856,0.6568824898358223,0.6566196317511483,0.5112564780146545,0.5114255225076323,0.557,0.558,0.558,True,999,0.00011675001587718725,0.0008233340922743082,strong_2x2_bal_100,strong_null,True,1343,1062694068,0.0,0,0
100,100,0.07969659057140321,0.06336955972453928,0.07448623407114496,0.05816819124569861,0.016327030846863932,0.016318042825446355,0.051555496354544005,0.3166884619747221,0.3165141251522082,0.7514800045297262,0.7516123055319247,0.738,0.738,0.738,True,999,0.00011195801198482513,0.0008402500534430146,strong_2x2_bal_100,strong_null,True,1344,1062694068,0.0,0,0
100,100,0.11949463416009998,0.04926812657257684,0.1142474708399277,0.04407209487204966,0.07022650758752313,0.07017537596787804,0.055004251747146356,1.276746894228345,1.2758173002784057,0.2016916197784694,0.20202011048665847,0.203,0.202,0.202,True,999,0.00011108303442597389,0.0008951659547165036,strong_2x2_bal_100,strong_null,True,1345,1062694068,0.0,0,0
100,100,0.02928001942174485,0.10338169102620876,0.024106287714261043,0.09813553199647629,-0.0741016716044639,-0.07402924428221525,0.049015622099290945,-1.5117970236990188,-1.5103193861796593,0.1305855068146026,0.1309619473654905,0.11,0.111,0.111,True,999,0.0001104589318856597,0.0008214589906856418,strong_2x2_bal_100,strong_null,True,1346,1062694068,0.0,0,0
100,100,0.0851884794283263,0.04725555557675609,0.07993698362719215,0.04206490692027387,0.03793292385157021,0.03787207670691828,0.049191656204682084,0.7711251618309964,0.7698882214767471,0.4406327476713914,0.4413662013861329,0.396,0.398,0.398,True,999,0.000118291936814785,0.0008397500496357679,strong_2x2_bal_100,strong_null,True,1347,1062694068,0.0,0,0
100,100,0.06554999928391636,0.03804241154457366,0.060352174363487165,0.032832907846341186,0.027507587739342698,0.02751926651714598,0.044098870077888715,0.6237708061625613,0.6240356378415285,0.5327781147440538,0.5326041808199039,0.549,0.563,0.558,True,999,0.00011704093776643276,0.0008457079529762268,strong_2x2_bal_100,strong_null,True,1348,1062694068,0.0,0,0
100,100,0.07574288624862546,0.03505830987020098,0.07052801354556948,0.029880180440130744,0.040684576378424486,0.040647833105438735,0.04547661669858035,0.8946262789970156,0.8938183193101884,0.37098689917397043,0.37141910591738747,0.336,0.34,0.34,True,999,0.00011475000064820051,0.0008173339301720262,strong_2x2_bal_100,strong_null,True,1349,1062694068,0.0,0,0
100,100,0.11219676854450578,0.04192574010735017,0.1069148930038466,0.03673751454763874,0.0702710284371556,0.07017737845620786,0.05231370982723055,1.34326219014538,1.3414720288041748,0.17918709048682435,0.17976724533972344,0.168,0.169,0.169,True,999,0.00011799996718764305,0.0008265000069513917,strong_2x2_bal_100,strong_null,True,1350,1062694068,0.0,0,0
100,100,0.05818888357910945,0.05230025100841673,0.05299523256310579,0.047112866505500506,0.00588863257069272,0.005882366057605282,0.045675129545916064,0.12892426642759766,0.12878706893851033,0.8974175750758118,0.8975261378065125,0.92,0.919,0.919,True,999,0.00011691695544868708,0.000858458923175931,strong_2x2_bal_100,strong_null,True,1351,1062694068,0.0,0,0
100,100,0.04725555557675609,0.02959179538409784,0.04206490692027387,0.024418313373786305,0.01766376019265825,0.017646593546487566,0.03835559823721726,0.46052625964568394,0.4600786940500565,0.6451385272810581,0.6454597364620454,0.619,0.622,0.622,True,999,0.00012129195965826511,0.0008424159605056047,strong_2x2_bal_100,strong_null,True,1352,1062694068,0.0,0,0
100,100,0.040267259181623105,0.14259006845178523,0.03508650452536699,0.13730823181334983,-0.10232280927016213,-0.10222172728798284,0.056497554686215576,-1.8111015571993796,-1.8093124181341458,0.07012513254002843,0.07040248083417049,0.073,0.073,0.074,True,999,0.0002840410452336073,0.0009449579520151019,strong_2x2_bal_100,strong_null,True,1353,1062694068,0.0,0,0
100,100,0.03575917450220467,0.04763194464340381,0.030577628704449467,0.04244147901501094,-0.01187277014119914,-0.011863850310561475,0.03989213691121152,-0.29762181373298024,-0.2973982150158316,0.7659918237079489,0.766162506282986,0.778,0.778,0.778,True,999,0.00011841708328574896,0.0008327920222654939,strong_2x2_bal_100,strong_null,True,1354,1062694068,0.0,0,0
100,100,0.034891356957655106,0.020681199702191733,0.029713114848078703,0.015507347313203468,0.014210157255463374,0.014205767534875235,0.03285256017083775,0.43254337505414,0.43240975622610006,0.6653465343122988,0.665443628531249,0.671,0.669,0.669,True,999,0.00011408398859202862,0.0008740000193938613,strong_2x2_bal_100,strong_null,True,1355,1062694068,0.0,0,0
100,100,0.04062065055171926,0.02451487175573175,0.03543525292899119,0.019334815852928955,0.016105778795987513,0.016100437076062235,0.03551793162396779,0.45345486236364063,0.4533044673467846,0.6502212389296966,0.6503295164284542,0.651,0.65,0.65,True,999,0.00011520797852426767,0.0008149580098688602,strong_2x2_bal_100,strong_null,True,1356,1062694068,0.0,0,0
100,100,0.08168823184123619,0.05718565023318045,0.0764359762593898,0.05198814170665855,0.02450258160805574,0.02444783455273125,0.050510023114196355,0.4851033536979127,0.4840194687192677,0.6276030332321494,0.6283720523250302,0.609,0.618,0.618,True,999,0.00011300004553049803,0.0008085829904302955,strong_2x2_bal_100,strong_null,True,1357,1062694068,0.0,0,0
100,100,0.08228287850505178,0.052947308024007156,0.07707424871352941,0.04775382201975731,0.029335570481044626,0.029320426693772106,0.05007972498821553,0.5857773877142437,0.5854749941352837,0.5580251211898917,0.5582283757202134,0.573,0.583,0.583,True,999,0.00011170899961143732,0.0008327089017257094,strong_2x2_bal_100,strong_null,True,1358,1062694068,0.0,0,0
100,100,0.05075125708135153,0.06718384749826711,0.045563182125860635,0.06198374887688374,-0.016432590416915582,-0.016420566751023102,0.047057388638025124,-0.34920319406838246,-0.34894768337727783,0.7269367684456283,0.7271285862654776,0.708,0.71,0.71,True,999,0.00011399993672966957,0.0007988750003278255,strong_2x2_bal_100,strong_null,True,1359,1062694068,0.0,0,0
100,100,0.10421820246024738,0.009868386267911089,0.09893952137561257,0.004707606235797357,0.09434981619233629,0.09423191513981521,0.04480520153598793,2.105778189984341,2.1031467755842437,0.03522362419823483,0.03545294117883584,0.024,0.024,0.024,True,999,0.00012287497520446777,0.0008128749905154109,strong_2x2_bal_100,strong_null,True,1360,1062694068,0.0,0,0
100,100,0.029209586373763807,0.007542471592881128,0.024037543279177953,0.0023811246530129893,0.02166711478088268,0.021656418626164964,0.026768231635155765,0.8094339243697521,0.809034340457617,0.4182655953849953,0.4184953938051613,0.419,0.427,0.427,True,999,0.00010970793664455414,0.0008115830132737756,strong_2x2_bal_100,strong_null,True,1361,1062694068,0.0,0,0
100,100,0.03448819381301116,0.060432563405583783,0.029312193363125516,0.05523009501150966,-0.025944369592572625,-0.025917901648384145,0.04251160849821258,-0.6102890600731672,-0.609666454974854,0.5416703425699838,0.5420827800586222,0.562,0.56,0.56,True,999,0.00010874995496124029,0.0009216670878231525,strong_2x2_bal_100,strong_null,True,1362,1062694068,0.0,0,0
100,100,0.04763194464340381,0.017326727962654442,0.04244147901501094,0.01215513048330763,0.03030521668074937,0.03028634853170331,0.03529016065829657,0.8587440837740913,0.858209426274831,0.3904817231897748,0.3907768319090478,0.381,0.381,0.381,True,999,0.00016479101032018661,0.0008720830082893372,strong_2x2_bal_100,strong_null,True,1363,1062694068,0.0,0,0
100,100,0.0612945670592,0.017736289168532537,0.056080469710650505,0.01256431356272003,0.04355827789066746,0.043516156147930474,0.038751991158291296,1.1240268329114702,1.122939876048662,0.26100164278886706,0.2614630303738361,0.246,0.257,0.257,True,999,0.00014512497000396252,0.0008779590716585517,strong_2x2_bal_100,strong_null,True,1364,1062694068,0.0,0,0
100,100,0.05691957770147804,0.03909782630882219,0.051713780697497214,0.033918385229867454,0.01782175139265585,0.01779539546762976,0.042606999682707196,0.4182822429500738,0.41766366090434515,0.6757407709160629,0.6761930447283033,0.69,0.691,0.691,True,999,0.00014549994375556707,0.000834957929328084,strong_2x2_bal_100,strong_null,True,1365,1062694068,0.0,0,0
100,100,0.03257654825003353,0.07457264285283094,0.027396647155057963,0.06936812884669052,-0.04199609460279741,-0.04197148169163256,0.044812520702030616,-0.9371509110598729,-0.9366016692234562,0.34868093644617404,0.34896349305120655,0.328,0.326,0.326,True,999,0.0001157920341938734,0.0007965830154716969,strong_2x2_bal_100,strong_null,True,1366,1062694068,0.0,0,0
100,100,0.014293192798176868,0.0381670583565088,0.009123503718413417,0.03298502137083403,-0.02387386555833193,-0.023861517652420616,0.031899094441131176,-0.748418285114345,-0.7480311924357707,0.45420789674198603,0.4544413431789154,0.49,0.505,0.505,True,999,0.0001124159898608923,0.0007876669988036156,strong_2x2_bal_100,strong_null,True,1367,1062694068,0.0,0,0
100,100,0.02951376404416095,0.12040616513819713,0.024340219921725748,0.11515909825942572,-0.09089240109403618,-0.09081887833769997,0.05175579823375505,-1.7561781326127108,-1.7547575621868787,0.07905799731389289,0.07930078538295578,0.065,0.067,0.067,True,999,0.0001087910495698452,0.0008027920266613364,strong_2x2_bal_100,strong_null,True,1368,1062694068,0.0,0,0
100,100,0.06718384749826734,0.034206006545573486,0.06198374887691216,0.02903104905192322,0.03297784095269385,0.03295269982498894,0.0437098336257891,0.7544718937853998,0.7538967113694669,0.45056591601218987,0.45091124546459205,0.434,0.438,0.438,True,999,0.0001080420333892107,0.000810416997410357,strong_2x2_bal_100,strong_null,True,1369,1062694068,0.0,0,0
100,100,0.02150644794108436,0.03604614474111856,0.016333494244918256,0.030852243013328007,-0.014539696800034196,-0.01451874876840975,0.03334323734963057,-0.43606134124211815,-0.43543308696060407,0.6627922246534295,0.6632480983582858,0.647,0.654,0.654,True,999,0.00010862504132091999,0.0007870420813560486,strong_2x2_bal_100,strong_null,True,1370,1062694068,0.0,0,0
100,100,0.07236826439092225,0.057778977696978706,0.06716313805947038,0.052586858872615494,0.014589286693943548,0.01457627918685489,0.049319604880151954,0.2958111024894853,0.29554736341208865,0.7673743436995955,0.7675757764964783,0.786,0.785,0.785,True,999,0.0001223749713972211,0.0008821670198813081,strong_2x2_bal_100,strong_null,True,1371,1062694068,0.0,0,0
100,100,0.039534547637448014,0.04062065055171904,0.03435537000655131,0.03543525292899119,-0.0010861029142710255,-0.0010798829224398787,0.03928126883551878,-0.027649384718676732,-0.027491039736054313,0.9779417933938619,0.9780680864028163,0.987,0.987,0.987,True,999,0.00011329201515763998,0.0008025829447433352,strong_2x2_bal_100,strong_null,True,1372,1062694068,0.0,0,0
100,100,0.02463582455861879,0.04926812657257684,0.01946618225500174,0.04407209487204966,-0.024632302013958052,-0.02460591261704792,0.03756254394634095,-0.6557676724224516,-0.655065126904027,0.5119736195550153,0.512425823598301,0.478,0.479,0.479,True,999,0.00011491600889712572,0.0007960830116644502,strong_2x2_bal_100,strong_null,True,1373,1062694068,0.0,0,0
100,100,0.06003948229975331,0.010530407748804982,0.05484306698551222,0.005362674258293509,0.04950907455094833,0.049480392727218714,0.03653029348464954,1.3552881684827587,1.354503016736259,0.17532576309429548,0.17557595159639272,0.171,0.166,0.166,True,999,0.0001170838950201869,0.0008047089213505387,strong_2x2_bal_100,strong_null,True,1374,1062694068,0.0,0,0
100,100,0.08228287850505178,0.007174572455770578,0.07707424871352941,0.002016123604079212,0.0751083060492812,0.0750581251094502,0.040621259172110694,1.8489900997664852,1.8477547628799946,0.06445924229089438,0.0646378277899803,0.061,0.063,0.063,True,999,0.0001133340410888195,0.0008150420617312193,strong_2x2_bal_100,strong_null,True,1375,1062694068,0.0,0,0
100,100,0.03935599200729467,0.03164956794221874,0.03415945792154673,0.02646463414231448,0.007706424065075934,0.007694823779232252,0.036946142075165604,0.208585352413724,0.20827137414178207,0.8347719461455564,0.8350170816747536,0.839,0.839,0.839,True,999,0.00010629103053361177,0.0008182920282706618,strong_2x2_bal_100,strong_null,True,1376,1062694068,0.0,0,0
100,100,0.09387241389785528,0.07276017128216583,0.08864159167096375,0.06755718170455793,0.021112242615689447,0.021084409966405815,0.05510656180778503,0.38311667291692425,0.3826116033141297,0.7016332578638911,0.7020077655817766,0.708,0.708,0.708,True,999,0.00010991597082465887,0.0008565830066800117,strong_2x2_bal_100,strong_null,True,1377,1062694068,0.0,0,0
100,100,0.011208139552788876,0.062002618197828485,0.006041743670039068,0.05680075193268408,-0.05079447864503961,-0.05075900826264501,0.03727415903277521,-1.3627263488460188,-1.3617747409944934,0.17296877050639292,0.1732689853715058,0.21,0.178,0.178,True,999,0.00010641699191182852,0.0008347079856321216,strong_2x2_bal_100,strong_null,True,1378,1062694068,0.0,0,0
100,100,0.06469975372075054,0.07188236839680184,0.0594869182579032,0.06667912661832531,-0.007182614676051302,-0.007192208360422114,0.05044411755059613,-0.14238755725773264,-0.14257774166052628,0.8867738901178763,0.8866236774410082,0.872,0.873,0.873,True,999,0.00011149991769343615,0.0008800419745966792,strong_2x2_bal_100,strong_null,True,1379,1062694068,0.0,0,0
100,100,0.06986929621782778,0.07527749959492691,0.06465811174034286,0.0700659545309037,-0.00540820337709913,-0.005407842790560835,0.05187498265440956,-0.10425455779192272,-0.10424760672380001,0.9169673389573465,0.9169728550504453,0.908,0.908,0.908,True,999,0.00012037507258355618,0.0008333330042660236,strong_2x2_bal_100,strong_null,True,1380,1062694068,0.0,0,0
100,100,0.10257586251287432,0.02463582455861879,0.09734048627257152,0.01946618225500174,0.07794003795425553,0.07787430401756978,0.04803415408024847,1.6225962431657412,1.621227759886616,0.10467574414229742,0.10496880134301506,0.09,0.098,0.098,True,999,0.0001092089805752039,0.0008192500099539757,strong_2x2_bal_100,strong_null,True,1381,1062694068,0.0,0,0
100,100,0.016457837087537786,0.06622639858617951,0.011291318388501281,0.06102599681521781,-0.04976856149864173,-0.04973467842671653,0.03947806785186787,-1.2606635584443118,-1.2598052826023343,0.20743008868351687,0.20773961366671956,0.194,0.193,0.193,True,999,0.00011220795568078756,0.0008141659200191498,strong_2x2_bal_100,strong_null,True,1382,1062694068,0.0,0,0
100,100,0.02440927043779595,0.049884488247439074,0.019240497564368297,0.044696008551284194,-0.025475217809643125,-0.025455510986915897,0.03776160819812978,-0.6746327559985869,-0.6741108814368937,0.49990911659591464,0.500240821994711,0.527,0.525,0.525,True,999,0.00011262495536357164,0.0008087080204859376,strong_2x2_bal_100,strong_null,True,1383,1062694068,0.0,0,0
100,100,0.010132233339732344,0.04572033088704963,0.00497020624308675,0.04053781125691103,-0.03558809754731729,-0.03556760501382428,0.032750853628970775,-1.086631144045563,-1.0860054341411687,0.27719985543902115,0.2774765880647244,0.256,0.263,0.263,True,999,0.00011233298573642969,0.0008143329760059714,strong_2x2_bal_100,strong_null,True,1384,1062694068,0.0,0,0
100,100,0.06617185638282819,0.05124058133734688,0.06097514953060568,0.046053502335041685,0.014931275045481307,0.014921647195563992,0.04698231804535024,0.31780626556290215,0.3176013405971305,0.7506318976947551,0.7507873571071555,0.762,0.761,0.761,True,999,0.00011366698890924454,0.000815083971247077,strong_2x2_bal_100,strong_null,True,1385,1062694068,0.0,0,0
100,100,0.026161610517718592,0.09103835747329436,0.020977766617747307,0.08582259536504466,-0.06487674695557577,-0.06484482874729736,0.046499317895564225,-1.3952193256100354,-1.394532902459698,0.1629497110117044,0.16315674091722732,0.156,0.152,0.151,True,999,0.00011333299335092306,0.0008557919645681977,strong_2x2_bal_100,strong_null,True,1386,1062694068,0.0,0,0
100,100,0.04288024595753581,0.06639707712193688,0.03769181631828644,0.061199525402599875,-0.023516831164401064,-0.023507709084313433,0.04539731586082351,-0.5180225023985475,-0.5178215636444679,0.6044425692991131,0.604582771712107,0.581,0.578,0.578,True,999,0.00011270795948803425,0.0008369579445570707,strong_2x2_bal_100,strong_null,True,1387,1062694068,0.0,0,0
100,100,0.08472136945384645,0.0538314834401985,0.0795029399713485,0.04863837143204819,0.03088988601364795,0.030864568539300308,0.05055849665816943,0.6109731905696735,0.6104724344946102,0.5412173289762338,0.5415488981876317,0.476,0.499,0.499,True,999,0.00010904192458838224,0.0009380000410601497,strong_2x2_bal_100,strong_null,True,1388,1062694068,0.0,0,0
100,100,0.028899737350249977,0.024202126171010474,0.023727442927850007,0.019032070034910475,0.0046976111792395026,0.004695372892939531,0.032149984534720594,0.14611550354452849,0.14604588340839578,0.883830207710852,0.8838851669992613,0.878,0.877,0.877,True,999,0.0001359580783173442,0.0007937080226838589,strong_2x2_bal_100,strong_null,True,1389,1062694068,0.0,0,0
100,100,0.04261013525279733,0.040351649128849365,0.037416979460175526,0.03516751106675997,0.002258486123947967,0.0022494683934155546,0.03988638947248924,0.056622977256582926,0.05639689185121847,0.9548455307024472,0.9550256329599117,0.948,0.951,0.951,True,999,0.00011512497439980507,0.0008220419986173511,strong_2x2_bal_100,strong_null,True,1390,1062694068,0.0,0,0
100,100,0.02597383407805709,0.059630091707797095,0.02078392265221396,0.05443352642824095,-0.033656257629740005,-0.03364960377602699,0.04032562757151251,-0.8346121227761378,-0.8344471196723123,0.4039361343030402,0.40402907420673484,0.403,0.402,0.402,True,999,0.0001223330618813634,0.0008081659907475114,strong_2x2_bal_100,strong_null,True,1391,1062694068,0.0,0,0
100,100,0.05199276349977677,0.052947308024007156,0.04680289384511127,0.04775382201975731,-0.0009545445242303829,-0.0009509281746460374,0.044556542191691036,-0.021423218169034395,-0.021342055013042906,0.9829080523939573,0.9829727964202798,0.922,0.922,0.922,True,999,0.00011516700033098459,0.0007890000706538558,strong_2x2_bal_100,strong_null,True,1392,1062694068,0.0,0,0
100,100,0.015930489453407692,0.07224581843876288,0.010766178151556005,0.06703649716345694,-0.056315328985355184,-0.05627031901190094,0.040669385883912355,-1.3847105817162564,-1.383603853092846,0.16614098214570872,0.1664797878669907,0.176,0.166,0.166,True,999,0.00011341599747538567,0.0007939999923110008,strong_2x2_bal_100,strong_null,True,1393,1062694068,0.0,0,0
100,100,0.06270638444918264,0.042195621286535756,0.05750758133876843,0.03700754552518504,0.020510763162646883,0.020500035813583395,0.04453895112862923,0.46051293627035483,0.4602720830667734,0.6451480882543762,0.645320936782001,0.628,0.629,0.629,True,999,0.00011191691737622023,0.0007996669737622142,strong_2x2_bal_100,strong_null,True,1394,1062694068,0.0,0,0
100,100,0.09940802347010158,0.12334280295826527,0.09418358675736727,0.11808680671278182,-0.023934779488163693,-0.023903219955414556,0.06266008246235966,-0.38197810388362446,-0.3814744414001272,0.7024776059788452,0.702851232814188,0.65,0.653,0.653,True,999,0.00011858297511935234,0.0007872499991208315,strong_2x2_bal_100,strong_null,True,1395,1062694068,0.0,0,0
100,100,0.09387241389785528,0.10038635749680447,0.08864159167096375,0.09516207907226715,-0.00651394359894919,-0.006520487401303399,0.059057539142947785,-0.11029825647124068,-0.1104090603152405,0.9121728399631334,0.9120849679685292,0.933,0.933,0.933,True,999,0.0001109590521082282,0.0008083339780569077,strong_2x2_bal_100,strong_null,True,1396,1062694068,0.0,0,0
100,100,0.09824065376246693,0.04882964909106846,0.09301738196127474,0.043640658046911085,0.04941100467139847,0.04937672391436365,0.051990890455359574,0.9503781189095762,0.9497187580728109,0.3419201580582347,0.34225517582465115,0.34,0.331,0.331,True,999,0.00011000002268701792,0.0009029170032590628,strong_2x2_bal_100,strong_null,True,1397,1062694068,0.0,0,0
100,100,0.05636923747073441,0.060280621503827514,0.05117486174093244,0.05507890660864234,-0.0039113840330931016,-0.0039040448677098993,0.0468466384654263,-0.08349337671217918,-0.08333671306194484,0.9334592436233374,0.933583809008928,0.898,0.898,0.899,True,999,0.00011745793744921684,0.0007862499915063381,strong_2x2_bal_100,strong_null,True,1398,1062694068,0.0,0,0
100,100,0.033711571632115134,0.03711560428004501,0.028536268927354058,0.0319295410366891,-0.0034040326479298777,-0.0033932721093350438,0.03691610268310294,-0.09220996802265248,-0.09191848171145639,0.9265312184517283,0.9267628073426539,0.892,0.892,0.892,True,999,0.00010933307930827141,0.000808333046734333,strong_2x2_bal_100,strong_null,True,1399,1062694068,0.0,0,0
100,100,0.06830678045498972,0.05661681921289341,0.06307643617769543,0.051410905104106064,0.011689961242096314,0.011665531073589364,0.04804483716612828,0.243313578141082,0.242805091278644,0.8077624865744064,0.8081563913116292,0.809,0.809,0.809,True,999,0.00011970801278948784,0.0008127080509439111,strong_2x2_bal_100,strong_null,True,1400,1062694068,0.0,0,0
100,100,0.008738471069770881,0.03321907830533244,0.003568138919618491,0.028043423464055195,-0.024480607235561558,-0.024475284544436704,0.028582406106665702,-0.8564921771877153,-0.8563059545476412,0.391725598046448,0.3918285684820976,0.396,0.393,0.393,True,999,0.00011862500105053186,0.0007965830154716969,strong_2x2_bal_100,strong_null,True,1401,1062694068,0.0,0,0
100,100,0.05879172279147726,0.03159772359861934,0.053599990936902486,0.026417062510020628,0.02719399919285792,0.02718292842688186,0.041467018167725744,0.6557982800418315,0.6555313024180418,0.5119539232320133,0.5121257394379397,0.507,0.505,0.505,True,999,0.00011129199992865324,0.0007901660865172744,strong_2x2_bal_100,strong_null,True,1402,1062694068,0.0,0,0
100,100,0.031055048031082277,0.009253168245758281,0.02587649207590914,0.004092007733419223,0.021801879785323997,0.021784484342489918,0.02805952550185856,0.7769867592336841,0.7763668113720239,0.4371665822423225,0.43753243487413396,0.39,0.393,0.393,True,999,0.00010974996257573366,0.0008239580783993006,strong_2x2_bal_100,strong_null,True,1403,1062694068,0.0,0,0
100,100,0.04297030740593155,0.08182593148479622,0.03778631239838148,0.07661719606636552,-0.03885562407886467,-0.03883088366798404,0.048224041282461334,-0.805731395493727,-0.805218364851278,0.42039774278007536,0.42069368058905954,0.433,0.428,0.428,True,999,0.00011770904529839754,0.0009242920204997063,strong_2x2_bal_100,strong_null,True,1404,1062694068,0.0,0,0
100,100,0.02913203618848237,0.09103835747329414,0.023959930575244925,0.08582259536504466,-0.06190632128481177,-0.06186266478979974,0.0470824611534867,-1.3148488793523336,-1.3139216445828998,0.18856069626176453,0.18887257397171697,0.189,0.199,0.199,True,999,0.00012154108844697475,0.0007986670825630426,strong_2x2_bal_100,strong_null,True,1405,1062694068,0.0,0,0
100,100,0.04388246162218301,0.04620082918151336,0.038698974724681534,0.04101419296897291,-0.0023183675593303477,-0.0023152182442913727,0.041478394347972104,-0.0558933776433343,-0.0558174510051777,0.9554267464595493,0.9554872327248926,0.951,0.951,0.951,True,999,0.00012224994134157896,0.0007904169615358114,strong_2x2_bal_100,strong_null,True,1406,1062694068,0.0,0,0
100,100,0.06305153357970694,0.07484944193393273,0.057843201723358106,0.06963433056918689,-0.011797908354225783,-0.01179112884582878,0.05050597163597052,-0.23359432502875113,-0.233460093210663,0.8152999338484652,0.8154041544122392,0.817,0.816,0.816,True,999,0.00011329201515763998,0.0007899999618530273,strong_2x2_bal_100,strong_null,True,1407,1062694068,0.0,0,0
100,100,0.03909782630882219,0.041881854625461346,0.03391838522981061,0.03669722727097735,-0.0027840283166391533,-0.0027788420411667403,0.03946440863436165,-0.07054529417717159,-0.07041387765144928,0.9437596507843447,0.9438642458968844,0.951,0.951,0.951,True,999,0.0001065409742295742,0.0007892500143498182,strong_2x2_bal_100,strong_null,True,1408,1062694068,0.0,0,0
100,100,0.05879172279147726,0.028983205450210936,0.053599990936902486,0.02380625383965196,0.029808517341266327,0.029793737097250528,0.04084803064255922,0.7297418473391244,0.7293800124162824,0.4655479965277891,0.46576924074865644,0.474,0.471,0.471,True,999,0.00010858406312763691,0.0007882920326665044,strong_2x2_bal_100,strong_null,True,1409,1062694068,0.0,0,0
100,100,0.03711560428004501,0.07324866353757342,0.0319295410366891,0.06804378717409065,-0.03613305925752841,-0.03611424613740155,0.04547243362608081,-0.794614591219156,-0.7942008653939329,0.4268377280157467,0.42707850480577136,0.448,0.452,0.452,True,999,0.00010733399540185928,0.0007902090437710285,strong_2x2_bal_100,strong_null,True,1410,1062694068,0.0,0,0
100,100,0.07408028741081829,0.04106131032185378,0.06887766347202273,0.035877582907573924,0.03301897708896451,0.03300008056444881,0.04642516087753985,0.7112302136348405,0.7108231816685853,0.4769415886649937,0.47719381349821943,0.469,0.471,0.471,True,999,0.00011499994434416294,0.0008111670613288879,strong_2x2_bal_100,strong_null,True,1411,1062694068,0.0,0,0
100,100,0.13010622429855578,0.02928001942174485,0.12483544305020189,0.024106287714261043,0.10082620487681093,0.10072915533594085,0.053362811814943456,1.8894470034012725,1.887628329730053,0.05883195771147976,0.05907586410153699,0.048,0.046,0.046,True,999,0.00012154201976954937,0.0007947500562295318,strong_2x2_bal_100,strong_null,True,1412,1062694068,0.0,0,0
100,100,0.0927965859332206,0.02928001942174485,0.0875736042659696,0.024106287714261043,0.06351656651147575,0.06346731655170856,0.04735403529412746,1.3413126487945297,1.3402726115630397,0.17981896475733306,0.18015673234068474,0.14,0.143,0.143,True,999,0.0001129169249907136,0.0007914160378277302,strong_2x2_bal_100,strong_null,True,1413,1062694068,0.0,0,0
100,100,0.02798065823009832,0.050501201609018054,0.02279761739039543,0.04528629249021776,-0.022520543378919733,-0.02248867509982233,0.03859550822481334,-0.583501666767562,-0.5826759675978096,0.5595556353307916,0.5601114544133179,0.607,0.604,0.604,True,999,0.00011012505274266005,0.000789458048529923,strong_2x2_bal_100,strong_null,True,1414,1062694068,0.0,0,0
100,100,0.10195808059610478,0.01610847271942395,0.09672261038325303,0.010936694402147396,0.08584960787668083,0.08578591598110563,0.04622813299666116,1.857085768159431,1.8557079946815405,0.06329895266267475,0.06349519066173911,0.057,0.056,0.056,True,999,0.00011458294466137886,0.0008840409573167562,strong_2x2_bal_100,strong_null,True,1415,1062694068,0.0,0,0
100,100,0.01685022766876465,0.08209242490492885,0.011677094082287454,0.07688264482766272,-0.0652421972361642,-0.06520555074537526,0.04284206051173105,-1.522853860362284,-1.521998474548642,0.12779527139615332,0.12800946291893261,0.104,0.106,0.106,True,999,0.00011879205703735352,0.0008049999596551061,strong_2x2_bal_100,strong_null,True,1416,1062694068,0.0,0,0
100,100,0.01947051576946246,0.03833524446458347,0.014301663158107658,0.033155994600974736,-0.018864728695121014,-0.01885433144286708,0.033471483762986226,-0.5636059885693564,-0.5632953584124276,0.5730223103344165,0.5732337782552379,0.58,0.582,0.582,True,999,0.00011233298573642969,0.000794125022366643,strong_2x2_bal_100,strong_null,True,1417,1062694068,0.0,0,0
100,100,0.10038635749680447,0.05899469949768721,0.09516207907226715,0.05380304350626375,0.04139165799911726,0.0413590355660034,0.053942606448326554,0.7673277345018121,0.7667229726027907,0.4428866826240355,0.4432462420696348,0.476,0.466,0.466,True,999,0.00011574989184737206,0.0007972500752657652,strong_2x2_bal_100,strong_null,True,1418,1062694068,0.0,0,0
100,100,0.0029749323647596526,0.059204850577441515,-0.002182467463313742,0.05401158379129356,-0.05622991821268186,-0.0561940512546073,0.03423149034183087,-1.6426371639440107,-1.6415893872414367,0.1004580267083678,0.10067512853532674,0.078,0.081,0.081,True,999,0.00011358293704688549,0.0007906659739091992,strong_2x2_bal_100,strong_null,True,1419,1062694068,0.0,0,0
100,100,0.04805714050863563,0.1540540306571564,0.042860462630542884,0.1487754175316809,-0.10599689014852076,-0.105914954901138,0.05925237807557159,-1.7889052488885822,-1.7875224310162217,0.07363007634016448,0.07385309001383389,0.072,0.069,0.069,True,999,0.00011212506797164679,0.0008004589471966028,strong_2x2_bal_100,strong_null,True,1420,1062694068,0.0,0,0
100,100,0.036089761608732784,0.08216860500522283,0.030903034450261657,0.07695994894501723,-0.04607884339649004,-0.046056914494755574,0.04689364451919615,-0.9826244871547025,-0.9821568565843063,0.325792288044073,0.32602257853951644,0.326,0.327,0.327,True,999,0.00011362496297806501,0.0008028340525925159,strong_2x2_bal_100,strong_null,True,1421,1062694068,0.0,0,0
100,100,0.05272865990833975,0.047614699000057215,0.0475291796960704,0.042418665866037486,0.005113960908282533,0.0051105138300329145,0.043664537738507925,0.11711931863124962,0.11704037405910592,0.9067655010369677,0.9068280594538091,0.927,0.927,0.927,True,999,0.00011258292943239212,0.0008410420268774033,strong_2x2_bal_100,strong_null,True,1422,1062694068,0.0,0,0
100,100,0.02913203618848237,0.03432252655653312,0.023959930575244925,0.029146412337979655,-0.005190490368050749,-0.005186481762734729,0.035043119535267946,-0.14811724632069237,-0.1480028556679999,0.8822502389751249,0.8823405145672119,0.886,0.886,0.886,True,999,0.00011579098645597696,0.0008194170659407973,strong_2x2_bal_100,strong_null,True,1423,1062694068,0.0,0,0
100,100,0.05031393641726378,0.11175797747829341,0.04511925853536525,0.10651727130941424,-0.06144404106102963,-0.06139801277404899,0.05410519632333429,-1.1356402940271797,-1.1347895756099398,0.2561071378877904,0.2564634950067566,0.249,0.251,0.251,True,999,0.00013525004032999277,0.0008310830453410745,strong_2x2_bal_100,strong_null,True,1424,1062694068,0.0,0,0
100,100,0.028388665317186312,0.03405977333939536,0.023216524234612734,0.028880956446641903,-0.005671108022209048,-0.005664432212029169,0.03478093145222304,-0.16305221813852766,-0.1628602793404236,0.8704773206252873,0.8706284457051966,0.871,0.871,0.871,True,999,0.00011395802721381187,0.000793833052739501,strong_2x2_bal_100,strong_null,True,1425,1062694068,0.0,0,0
100,100,0.034891356957655106,0.040003196167557986,0.02971311484805028,0.034822286739995434,-0.00511183920990288,-0.005109171891945152,0.03794479672600169,-0.1347177913961518,-0.13464749669996492,0.8928350059264896,0.8928905865860104,0.91,0.909,0.909,True,999,0.00011216604616492987,0.0007938749622553587,strong_2x2_bal_100,strong_null,True,1426,1062694068,0.0,0,0
100,100,0.04782039371995339,0.044843789224037756,0.042630018693500915,0.03964156729104218,0.0029766044959156357,0.002988451402458736,0.04189714347733388,0.07104552360534942,0.07132828528215704,0.9433615244047474,0.9431364841563917,0.942,0.943,0.943,True,999,0.0001089159632101655,0.0007880829507485032,strong_2x2_bal_100,strong_null,True,1427,1062694068,0.0,0,0
100,100,0.09855294390405467,0.005207041204297602,0.09332836474388273,4.8081911643294006e-05,0.09334590269975707,0.09328028283223944,0.04334411414972073,2.1536004260536608,2.152086498065861,0.03127152083808333,0.03139054236522099,0.01,0.011,0.011,True,999,0.0001081250375136733,0.0007866669911891222,strong_2x2_bal_100,strong_null,True,1428,1062694068,0.0,0,0
100,100,0.052772083710488804,0.09156988218862172,0.047582552563653735,0.08633980420056275,-0.03879779847813292,-0.03875725163690902,0.0516998746477524,-0.7504427958960169,-0.7496585224040567,0.4529880642019638,0.45346039446078645,0.438,0.436,0.436,True,999,0.00011179200373589993,0.0007871669949963689,strong_2x2_bal_100,strong_null,True,1429,1062694068,0.0,0,0
100,100,0.03491786242053285,0.06986929621782778,0.029735750197161792,0.06465811174034286,-0.03495143379729493,-0.03492236154318107,0.044300745817523496,-0.7889581349546857,-0.7883018874451378,0.4301364757502313,0.43052014391019233,0.386,0.395,0.395,True,999,0.00010916602332144976,0.0008050829637795687,strong_2x2_bal_100,strong_null,True,1430,1062694068,0.0,0,0
100,100,0.07916172079330497,0.099496845428655,0.07393844187591014,0.09426825239015102,-0.020335124635350033,-0.020329810514240876,0.05682419725193554,-0.3578603063267626,-0.3577667876962116,0.7204478570874606,0.7205178472049598,0.732,0.729,0.729,True,999,0.00010837509762495756,0.0008098750840872526,strong_2x2_bal_100,strong_null,True,1431,1062694068,0.0,0,0
100,100,0.05879172279147726,0.05940846856642301,0.053599990936902486,0.054215277101889114,-0.0006167457749457483,-0.0006152861649866281,0.0471352229059565,-0.01308460503467376,-0.01305363859664434,0.9895602935510908,0.9895849990839298,0.98,0.98,0.98,True,999,0.00010924995876848698,0.0008408750873059034,strong_2x2_bal_100,strong_null,True,1432,1062694068,0.0,0,0
100,100,0.04062065055171904,0.05164657231477621,0.03543525292899119,0.046446604841420935,-0.011025921763057167,-0.011011351912429745,0.041973330956920206,-0.2626887481094542,-0.2623416264897196,0.7927904900097663,0.7930580721909649,0.778,0.774,0.774,True,999,0.0001234590308740735,0.0008232920663431287,strong_2x2_bal_100,strong_null,True,1433,1062694068,0.0,0,0
100,100,0.020538433349263974,0.09949481585682451,0.015370803719349624,0.09423737667947307,-0.07895638250756054,-0.07886657296012345,0.046460494492500476,-1.6994305241478964,-1.6974974937654586,0.08923809473562197,0.08960264452656569,0.073,0.074,0.074,True,999,0.0001141249667853117,0.00079008296597749,strong_2x2_bal_100,strong_null,True,1434,1062694068,0.0,0,0
100,100,0.04419460853800783,0.009967126245985392,0.038996634445069844,0.004806540328729625,0.03422748229202244,0.03419009411634022,0.03238784822918249,1.056800132253997,1.055645743255455,0.29060281395340437,0.2911300939361633,0.278,0.267,0.267,True,999,0.00011104100849479437,0.0007928749546408653,strong_2x2_bal_100,strong_null,True,1435,1062694068,0.0,0,0
100,100,0.133883552649814,0.04228567460549826,0.12856531357395795,0.03709764844347774,0.09159787804431574,0.09146766513048021,0.055172798037069586,1.6601999772201659,1.6578398845935778,0.09687422924569887,0.09734978856911469,0.093,0.093,0.093,True,999,0.00011020805686712265,0.0007918329210951924,strong_2x2_bal_100,strong_null,True,1436,1062694068,0.0,0,0
100,100,0.02913203618848237,0.051912047129490935,0.023959930575244925,0.046724493421635316,-0.022780010941008566,-0.02276456284639039,0.03936164849065483,-0.5787362017222667,-0.5783437360809498,0.5627671848637328,0.5630320718824525,0.622,0.616,0.616,True,999,0.00011320807971060276,0.0007900410564616323,strong_2x2_bal_100,strong_null,True,1437,1062694068,0.0,0,0
100,100,0.0325654803121983,0.013327617866355945,0.027389344920791814,0.008162544621328038,0.019237862445842357,0.019226800299463775,0.029898978563528925,0.6434287514192507,0.6430587673291562,0.519945932345989,0.5201859679787103,0.584,0.574,0.574,True,999,0.0001103340182453394,0.0007988750003278255,strong_2x2_bal_100,strong_null,True,1438,1062694068,0.0,0,0
100,100,0.052772083710488804,0.08232370950147083,0.047582552563653735,0.07711060018824867,-0.029551625790982028,-0.029528047624594933,0.050051174240470585,-0.5904282215038834,-0.5899571403205766,0.5549035947787057,0.5552193841307657,0.599,0.599,0.599,True,999,0.00011104100849479437,0.0008059999672695994,strong_2x2_bal_100,strong_null,True,1439,1062694068,0.0,0,0
100,100,0.045879306933472086,0.07457264285283094,0.04069543386992791,0.06936812884669052,-0.028693335919358853,-0.028672694976762614,0.047452112103563086,-0.6046798476901585,-0.6042448629933511,0.5453917407548716,0.5456808579494707,0.546,0.538,0.533,True,999,0.00011520797852426767,0.0008056249935179949,strong_2x2_bal_100,strong_null,True,1440,1062694068,0.0,0,0
100,100,0.07423588846649132,0.13331128794273506,0.06902712915848497,0.12804896311185132,-0.05907539947624374,-0.059021833953366354,0.06048506908396202,-0.9766939241523978,-0.9758083250501957,0.32872070403262654,0.3291594584682005,0.322,0.322,0.322,True,999,0.00011595804244279861,0.000872249947860837,strong_2x2_bal_100,strong_null,True,1441,1062694068,0.0,0,0
100,100,0.020235695421700894,0.10001934593897888,0.015069268209344955,0.09479500871306357,-0.07978365051727798,-0.07972574050371861,0.04681772780916243,-1.7041333326232886,-1.7028964077175046,0.08835618061186755,0.08858745642071346,0.078,0.08,0.08,True,999,0.00012137496378272772,0.0008249579695984721,strong_2x2_bal_100,strong_null,True,1442,1062694068,0.0,0,0
100,100,0.05138326569604146,0.08255001320795574,0.046189086412937286,0.07734033821611774,-0.031166747511914283,-0.031151251803180458,0.04985591220633375,-0.6251364408483299,-0.6248256309955346,0.5318815127938692,0.5320855065358203,0.552,0.552,0.552,True,999,0.00011737493332475424,0.0008112499490380287,strong_2x2_bal_100,strong_null,True,1443,1062694068,0.0,0,0
100,100,0.04938150468114799,0.055781177737267096,0.0441904238483346,0.05057767605870822,-0.006399673056119104,-0.006387252210373617,0.04467856136361935,-0.1432381182562024,-0.14296011365250896,0.8861021261809362,0.8863216822498874,0.899,0.899,0.899,True,999,0.00011599995195865631,0.0008150000358000398,strong_2x2_bal_100,strong_null,True,1444,1062694068,0.0,0,0
100,100,0.06200261819782871,0.10290740001447629,0.05680075193268408,0.09767484799358783,-0.040904781816647584,-0.04087409606090375,0.054980528112106304,-0.7439867025875413,-0.743428582162047,0.4568845198175956,0.4572222451260842,0.466,0.466,0.466,True,999,0.00011633301619440317,0.0008152499794960022,strong_2x2_bal_100,strong_null,True,1445,1062694068,0.0,0,0
100,100,0.03321907830533244,0.07870409794136579,0.028043423464055195,0.07348294895592744,-0.04548501963603335,-0.045439525491872246,0.04594095502601336,-0.9900756222912249,-0.9890853480547546,0.32213715768871143,0.3226213856496437,0.292,0.289,0.289,True,999,0.00010879093315452337,0.0008240420138463378,strong_2x2_bal_100,strong_null,True,1446,1062694068,0.0,0,0
100,100,0.05124058133734688,0.0337067232559084,0.046053502335041685,0.028506309372559713,0.01753385808143848,0.017547192962481972,0.04022771932994404,0.4358650794400596,0.4361965643282314,0.662934622685393,0.6626941204396747,0.664,0.664,0.664,True,999,0.00010991701856255531,0.0008226670324802399,strong_2x2_bal_100,strong_null,True,1447,1062694068,0.0,0,0
100,100,0.07188236839680184,0.0743517013374243,0.06667912661832531,0.0691471279678808,-0.0024693329406224596,-0.002468001349555493,0.05205246655627042,-0.04743930699139934,-0.04741372528211517,0.9621631018216318,0.9621834901301589,0.903,0.903,0.903,True,999,0.00010900001507252455,0.0008537080138921738,strong_2x2_bal_100,strong_null,True,1448,1062694068,0.0,0,0
100,100,0.05142768388279051,0.04550937731471627,0.0462399154987736,0.040325315708599874,0.005918306568074239,0.005914599790173725,0.0429431184675255,0.13781734488029293,0.13773102655892283,0.8903847759376002,0.8904529974303454,0.915,0.915,0.915,True,999,0.00010837498120963573,0.0008220419986173511,strong_2x2_bal_100,strong_null,True,1449,1062694068,0.0,0,0
100,100,0.06326096973380879,0.1654559043574484,0.05805270822607156,0.1601667592243956,-0.1021949346236396,-0.10211405099832405,0.06256770838746749,-1.633349490615347,-1.6320567530770844,0.10239551356544013,0.10266753106281667,0.095,0.094,0.094,True,999,0.00011075008660554886,0.0009253330063074827,strong_2x2_bal_100,strong_null,True,1450,1062694068,0.0,0,0
100,100,0.049884488247439074,0.06305153357970694,0.044696008551312616,0.057843201723358106,-0.013167045332267868,-0.01314719317204549,0.046059852790749624,-0.28586815924240766,-0.2854371513468209,0.7749791017393162,0.7753092481846202,0.763,0.763,0.763,True,999,0.00011737504974007607,0.0008030830649659038,strong_2x2_bal_100,strong_null,True,1451,1062694068,0.0,0,0
100,100,0.03575917450220467,0.04221237139378653,0.030577628704449467,0.03702649579555839,-0.006453196891581858,-0.006448867091108923,0.03871788942385712,-0.16667222794446895,-0.16656039848947116,0.8676279587251013,0.8677159557614869,0.875,0.875,0.875,True,999,0.00011200003791600466,0.0008069580653682351,strong_2x2_bal_100,strong_null,True,1452,1062694068,0.0,0,0
100,100,0.02365105569549175,0.19381559368551704,0.01846068573637183,0.18848196471488166,-0.1701645379900253,-0.17002127897850983,0.05944169946426723,-2.862713205101378,-2.86030312913103,0.0042003056369008295,0.0042323624404724015,0.004,0.004,0.004,True,999,0.00011037499643862247,0.000807874952442944,strong_2x2_bal_100,strong_null,True,1453,1062694068,0.0,0,0
100,100,0.09855294390405467,0.05376225482022501,0.09332836474386852,0.048566752437025684,0.04479068908382966,0.044761612306842835,0.052894372716694026,0.8467949761637544,0.8462452621678525,0.39710940895007274,0.397415936802337,0.359,0.354,0.354,True,999,0.00011470809113234282,0.0007928750710561872,strong_2x2_bal_100,strong_null,True,1454,1062694068,0.0,0,0
100,100,0.0733502840565542,0.09090858770311627,0.0681412792744851,0.08569033444935314,-0.01755830364656208,-0.017549055174868045,0.05482841080987938,-0.320240973378683,-0.3200722930985614,0.7487856650649996,0.7489135286049287,0.732,0.732,0.732,True,999,0.00011262507177889347,0.0007962080417200923,strong_2x2_bal_100,strong_null,True,1455,1062694068,0.0,0,0
100,100,0.1774599836461701,0.04516710103441712,0.1721513454814385,0.039984297889105846,0.13229288261175298,0.13216704759233266,0.061277248822226765,2.1589233386693283,2.156869802947035,0.030856114894366557,0.03101581038426546,0.038,0.033,0.033,True,999,0.00011320796329528093,0.0008062500273808837,strong_2x2_bal_100,strong_null,True,1456,1062694068,0.0,0,0
100,100,0.0749012577510274,0.015090087403158647,0.06969267816045033,0.0099245785424813,0.05981117034786876,0.05976809961796903,0.04097381028753813,1.4597414770102517,1.4586902999389109,0.14436113801064424,0.14465036708829668,0.125,0.125,0.125,True,999,0.00013737508561462164,0.000788083067163825,strong_2x2_bal_100,strong_null,True,1457,1062694068,0.0,0,0
100,100,0.02077848484820599,0.03690775566451854,0.015608506129339617,0.031714428927941185,-0.016129270816312546,-0.01610592279860157,0.03336825021851789,-0.4833717893712485,-0.4826720817881993,0.6288317750995707,0.6293285892661415,0.653,0.65,0.65,True,999,0.0001092919846996665,0.0009596250019967556,strong_2x2_bal_100,strong_null,True,1458,1062694068,0.0,0,0
100,100,0.03848848195167354,0.01647169930152559,0.03330866465979909,0.011307154727290936,0.022016782650147948,0.022001509932508156,0.03263167624764201,0.6747058435816302,0.6742378100817914,0.4998626711784616,0.5001601349359492,0.513,0.506,0.506,True,999,0.0001217089593410492,0.0008220419986173511,strong_2x2_bal_100,strong_null,True,1459,1062694068,0.0,0,0
100,100,0.04553574499710511,0.0465733363308064,0.040353131483556126,0.0413868864686151,-0.0010375913337012932,-0.0010337549850589767,0.04189548483473548,-0.02476618513413235,-0.024674615633088273,0.9802414631344265,0.9803145027049398,0.958,0.958,0.958,True,999,0.00011424999684095383,0.0008106250315904617,strong_2x2_bal_100,strong_null,True,1460,1062694068,0.0,0,0
100,100,0.05124058133734688,0.09162019972020741,0.04605350233507011,0.0864020829954768,-0.04037961838286053,-0.0403485806604067,0.05129922918123007,-0.7871388913117445,-0.7865338583911877,0.43120056492627334,0.43155479115451323,0.4,0.4,0.4,True,999,0.000142207951284945,0.0008204580517485738,strong_2x2_bal_100,strong_null,True,1461,1062694068,0.0,0,0
100,100,0.1203303443227377,0.05164657231477621,0.11508851752918758,0.04644660484147778,0.0686837720079615,0.0686419126877098,0.055545987653465065,1.2365208525314046,1.2357672549806178,0.21626501950993304,0.21654508993013566,0.207,0.205,0.205,True,999,0.00011216697748750448,0.0007864999352023005,strong_2x2_bal_100,strong_null,True,1462,1062694068,0.0,0,0
100,100,0.039534547637448014,0.09032867239504194,0.03435537000655131,0.0851127721272178,-0.05079412475759393,-0.050757402120666484,0.048993231150542764,-1.0367580084995316,-1.0360084633875832,0.29984864992504223,0.30019819413492776,0.293,0.287,0.287,True,999,0.00010883400682359934,0.0007829590467736125,strong_2x2_bal_100,strong_null,True,1463,1062694068,0.0,0,0
100,100,0.10226153443121355,0.06585444604867363,0.09701520600782487,0.06065763719982442,0.03640708838253992,0.03635756880800045,0.055217532348980386,0.6593392865230456,0.6584424776213639,0.5096779198507002,0.5102538479520806,0.494,0.494,0.494,True,999,0.00010924995876848698,0.0007852090056985617,strong_2x2_bal_100,strong_null,True,1464,1062694068,0.0,0,0
100,100,0.09524784813801201,0.019470515769462238,0.08996775714564365,0.014301663158107658,0.07577733236854978,0.07566609398753599,0.045550347983881294,1.663595026658518,1.661152929376338,0.0961933864460024,0.09668273643390214,0.072,0.075,0.075,True,999,0.000108166947029531,0.0008132500806823373,strong_2x2_bal_100,strong_null,True,1465,1062694068,0.0,0,0
100,100,0.04782039371995339,0.14151994363072573,0.042630018693500915,0.1362589858483716,-0.09369954991077234,-0.09362896715487068,0.0576562947561446,-1.625139983536429,-1.6239157849263695,0.10413273501564921,0.10439378320907393,0.11,0.113,0.112,True,999,0.00010804191697388887,0.0007965830154716969,strong_2x2_bal_100,strong_null,True,1466,1062694068,0.0,0,0
100,100,0.045879306933472086,0.08620559036598874,0.040695433869984754,0.08097878337117947,-0.04032628343251665,-0.04028334950119472,0.04934881360894968,-0.8171682454632153,-0.8162982360712541,0.41383228670504335,0.4143295830174757,0.407,0.407,0.407,True,999,0.00012283306568861008,0.0008099999977275729,strong_2x2_bal_100,strong_null,True,1467,1062694068,0.0,0,0
100,100,0.036089761608732784,0.052014752705386025,0.030903034450261657,0.046828016581656584,-0.01592499109665324,-0.015924982131394927,0.04097246965547349,-0.3886754015699376,-0.3886751827581747,0.6975162811017304,0.6975164429867353,0.696,0.698,0.698,True,999,0.00010712502989917994,0.0008789170533418655,strong_2x2_bal_100,strong_null,True,1468,1062694068,0.0,0,0
100,100,0.04675984915959008,0.00047174391574966723,0.04157349155005363,-0.004686949272468155,0.046288105243840416,0.04626044082252179,0.029981209697794445,1.543903855462029,1.5429811301418206,0.122611625962316,0.12283535438727383,0.036,0.036,0.036,True,999,0.0001241250429302454,0.000813291990198195,strong_2x2_bal_100,strong_null,True,1469,1062694068,0.0,0,0
100,100,0.12606076571727898,0.02397749898902657,0.12079100139708032,0.018808310652445925,0.10208326672825241,0.1019826907446344,0.051332409898649525,1.9886708403093707,1.986711532655267,0.04673754658067169,0.046954373069940145,0.035,0.035,0.035,True,999,0.0001130829332396388,0.0008695829892531037,strong_2x2_bal_100,strong_null,True,1470,1062694068,0.0,0,0
100,100,0.11413089478357141,0.02959179538409784,0.10888033952301157,0.024418313373786305,0.08453909939947357,0.08446202614922527,0.05071364289959639,1.6669892866273741,1.6654695131336634,0.09551653517900367,0.09581912107692495,0.079,0.08,0.08,True,999,0.00011983292642980814,0.0008302089991047978,strong_2x2_bal_100,strong_null,True,1471,1062694068,0.0,0,0
100,100,0.055105922384562245,0.03711560428004501,0.04990744459784935,0.0319295410366891,0.017990318104517233,0.017977903561160247,0.041789417715852616,0.43049937251680565,0.4302022986632909,0.6668324230523264,0.6670484900418826,0.661,0.739,0.739,True,999,0.0001200829865410924,0.0007939999923110008,strong_2x2_bal_100,strong_null,True,1472,1062694068,0.0,0,0
100,100,0.1199605399410908,0.05901705585352923,0.11472037901289411,0.053820261823716464,0.06094348408756156,0.06090011718917765,0.05667658341086881,1.075285072245101,1.074519907943126,0.2822471174608001,0.28258972704285346,0.281,0.28,0.28,True,999,0.00011316698510199785,0.0008054589852690697,strong_2x2_bal_100,strong_null,True,1473,1062694068,0.0,0,0
100,100,0.0656604364922867,0.0357402157111395,0.06045503138852837,0.03054119864987115,0.0299202207811472,0.02991383273865722,0.04366165318638445,0.6852745738559801,0.6851282660086178,0.49317067327034436,0.4932629849892989,0.493,0.517,0.517,True,999,0.00011733290739357471,0.0008267080411314964,strong_2x2_bal_100,strong_null,True,1474,1062694068,0.0,0,0
100,100,0.08562201045193629,0.040850441342229815,0.08039508043167132,0.035661601299835866,0.04477156910970648,0.04473347913183545,0.048306903407942796,0.9268151330591183,0.9260266333792824,0.3540225264078042,0.3544321394103065,0.348,0.359,0.359,True,999,0.00011579098645597696,0.0008368330309167504,strong_2x2_bal_100,strong_null,True,1475,1062694068,0.0,0,0
100,100,0.054762727353112384,0.08460565016983379,0.04956936738049933,0.07938719564293706,-0.029842922816721407,-0.02981782826243773,0.05078406001603213,-0.587643500880005,-0.587149358539362,0.5567716060379633,0.5571034002629529,0.542,0.542,0.542,True,999,0.00011537503451108932,0.0008994999807327986,strong_2x2_bal_100,strong_null,True,1476,1062694068,0.0,0,0
100,100,0.02828423432100291,0.06134591428125835,0.023106691378416144,0.05614660762330459,-0.03306167996025544,-0.033039916244888445,0.041315041469556814,-0.8002334932815474,-0.7997067186592095,0.42357552773963525,0.42388073935394577,0.414,0.416,0.416,True,999,0.00012533401604741812,0.000814792001619935,strong_2x2_bal_100,strong_null,True,1477,1062694068,0.0,0,0
100,100,0.09705294089041916,0.07577115530591394,0.09181110959292482,0.07054701866672985,0.02128178558450522,0.021264090926194967,0.05585071746888068,0.3810476668695109,0.38073084626071374,0.7031678788322234,0.703402977676991,0.725,0.721,0.721,True,999,0.00011583301238715649,0.0008219169685617089,strong_2x2_bal_100,strong_null,True,1478,1062694068,0.0,0,0
100,100,0.018161565950307268,0.01315987419687803,0.012991087270222579,0.007990290758883134,0.005001691753429238,0.005000796511339445,0.024861849613237095,0.20117939056176284,0.20114338189371442,0.840558305987108,0.8405864612806406,0.834,0.823,0.823,True,999,0.00011429202277213335,0.0008434159681200981,strong_2x2_bal_100,strong_null,True,1479,1062694068,0.0,0,0
100,100,0.05940846856642301,0.057205186670445496,0.054215277101889114,0.05200228258068762,0.0022032818959775158,0.0022129945212014945,0.04684415179744427,0.047034300151373915,0.04724163927165464,0.9624858902017671,0.9623206412118142,0.944,0.944,0.944,True,999,0.00011454196646809578,0.0008224999764934182,strong_2x2_bal_100,strong_null,True,1480,1062694068,0.0,0,0
100,100,0.0699777403530557,0.0671098941046131,0.0647665874546135,0.061892386433328284,0.002867846248442607,0.0028742010212852165,0.050499044387996676,0.05679010926242947,0.05691594872968323,0.9547123928888088,0.9546121496582343,0.949,0.949,0.949,True,999,0.00011383392848074436,0.0008325839880853891,strong_2x2_bal_100,strong_null,True,1481,1062694068,0.0,0,0
100,100,0.07408028741081829,0.0537330876826112,0.06887766347199431,0.048539934671850915,0.020347199728207088,0.020337728800143395,0.048818265912428896,0.4167948071876676,0.41660080340882216,0.6768285010008828,0.6769704216018424,0.723,0.726,0.726,True,999,0.00013566704001277685,0.0008196670096367598,strong_2x2_bal_100,strong_null,True,1482,1062694068,0.0,0,0
100,100,0.014056428781547003,0.034040980571866775,0.008889131664957972,0.028865908768068493,-0.01998455179031977,-0.01997677710311052,0.03056519300881673,-0.6538336526962253,-0.6535792886159132,0.513218982738683,0.5133828913785596,0.525,0.528,0.528,True,999,0.00013225001748651266,0.000794457970187068,strong_2x2_bal_100,strong_null,True,1483,1062694068,0.0,0,0
100,100,0.017876396390911986,0.04550937731471627,0.012707104958536775,0.040325315708599874,-0.027632980923804285,-0.0276182107500631,0.03493482590046224,-0.7909866504712897,-0.7905638582185597,0.4289517815940691,0.4291985442143995,0.393,0.389,0.389,True,999,0.00011087500024586916,0.000811917008832097,strong_2x2_bal_100,strong_null,True,1484,1062694068,0.0,0,0
100,100,0.08335707619397748,0.05879172279147726,0.07814420171851566,0.053599990936902486,0.024565353402500212,0.024544210781613174,0.051268519174610935,0.4791508277981511,0.4787384378710102,0.6318313327153385,0.6321247172014598,0.602,0.606,0.607,True,999,0.00010970805305987597,0.0008783750236034393,strong_2x2_bal_100,strong_null,True,1485,1062694068,0.0,0,0
100,100,0.06336955972453906,0.019968949946638226,0.05816819124569861,0.014802221581192043,0.043400609777900834,0.043365969664506565,0.03975893662070786,1.0915938268654866,1.0907225733476995,0.27501167068422994,0.2753949747364479,0.278,0.27,0.27,True,999,0.00011587503831833601,0.0007922910153865814,strong_2x2_bal_100,strong_null,True,1486,1062694068,0.0,0,0
100,100,0.04037509189184596,0.039534547637448014,0.035174724673638025,0.03435537000655131,0.0008405442543979458,0.0008193546670867136,0.039059165819093515,0.021519769733204536,0.020977269992954732,0.982831033147562,0.983263787603982,0.983,0.983,0.983,True,999,0.00010991701856255531,0.000802875030785799,strong_2x2_bal_100,strong_null,True,1487,1062694068,0.0,0,0
100,100,0.03979716486732965,0.05879803751602253,0.03461814323193835,0.05360461857230803,-0.01900087264869288,-0.01898647534036968,0.04324003922732116,-0.4394277384625313,-0.43909477603741626,0.6603516312130728,0.6605928641629623,0.661,0.662,0.662,True,999,0.00010962504893541336,0.0008125000167638063,strong_2x2_bal_100,strong_null,True,1488,1062694068,0.0,0,0
100,100,0.040003196167557986,0.0694116861974895,0.034822286739995434,0.06419059684121464,-0.02940849002993151,-0.029368310101219208,0.04525784983126728,-0.6497986567981865,-0.6489108565853593,0.51582228669966,0.516395996997013,0.538,0.537,0.537,True,999,0.00010683294385671616,0.000785832991823554,strong_2x2_bal_100,strong_null,True,1489,1062694068,0.0,0,0
100,100,0.048124346177646826,0.06270638444918264,0.042927775219368414,0.05750758133876843,-0.014582038271535813,-0.014579806119400018,0.04572190339140673,-0.3189289419275676,-0.31888012173483227,0.7497803969628751,0.7498174186029989,0.768,0.765,0.765,True,999,0.00010774994734674692,0.0007902079960331321,strong_2x2_bal_100,strong_null,True,1490,1062694068,0.0,0,0
100,100,0.060244385944802414,0.01099482693428977,0.05504804486290027,0.0058294261797868785,0.049249559010512645,0.04921861868311339,0.03669846403238306,1.3420060024052882,1.3411629064279755,0.17959404944982194,0.17986756679810212,0.147,0.15,0.15,True,999,0.00010795891284942627,0.0008100419072434306,strong_2x2_bal_100,strong_null,True,1491,1062694068,0.0,0,0
100,100,0.07686211195978021,0.032565480312198525,0.07164752837876165,0.027389344920791814,0.044296631647581686,0.044258183457969835,0.04517467881809846,0.9805632891369889,0.979712188683864,0.3268081451911833,0.32722820781959705,0.314,0.319,0.319,True,999,0.00011858390644192696,0.000808458891697228,strong_2x2_bal_100,strong_null,True,1492,1062694068,0.0,0,0
100,100,0.05199276349977677,0.04782039371995339,0.04680289384511127,0.042630018693500915,0.004172369779823382,0.004172875151610356,0.0434957277159007,0.09592596788070502,0.09593758676406468,0.9235793702933801,0.9235701423256368,0.982,0.982,0.982,True,999,0.00012029102072119713,0.0008084169821813703,strong_2x2_bal_100,strong_null,True,1493,1062694068,0.0,0,0
100,100,0.07484944193393273,0.06326096973380879,0.06963433056921531,0.05805270822607156,0.011588472200123934,0.01158162234314375,0.050538816158249775,0.22929844980613526,0.22916291325223706,0.8186369582636568,0.8187422965207474,0.831,0.831,0.831,True,999,0.00011179200373589993,0.0008769999258220196,strong_2x2_bal_100,strong_null,True,1494,1062694068,0.0,0,0
100,100,0.05879803751602253,0.10389914026774116,0.05360461857230803,0.0986376189796232,-0.045101102751718636,-0.04503300040731517,0.05424386331665792,-0.8314507852885249,-0.8301953005158805,0.40571901961159385,0.40642837184956215,0.387,0.39,0.39,True,999,0.00011241703759878874,0.0007922500371932983,strong_2x2_bal_100,strong_null,True,1495,1062694068,0.0,0,0
100,100,0.07385998717818298,0.040519994803512205,0.06865730333458941,0.03532418537929516,0.03333999237467078,0.033333117955294256,0.046277477964355475,0.7204366754893256,0.7202881276496654,0.47125617562899724,0.4713476130405124,0.47,0.474,0.472,True,999,0.00011091597843915224,0.0008187498897314072,strong_2x2_bal_100,strong_null,True,1496,1062694068,0.0,0,0
100,100,0.04106131032185378,0.034040980571866775,0.035877582907573924,0.028865908768068493,0.007020329749987009,0.0070116741395054305,0.03798725622839103,0.18480749722429632,0.18457964158688103,0.8533800272207341,0.8535587552118131,0.822,0.822,0.822,True,999,0.00012391607742756605,0.0008030830649659038,strong_2x2_bal_100,strong_null,True,1497,1062694068,0.0,0,0
100,100,0.02851375191092953,0.08161102039393553,0.02334113858179876,0.07637568866812217,-0.053097268483006,-0.053034550086323407,0.045048356819261254,-1.178672702670107,-1.1772804566236146,0.2385285293479974,0.23908358470458746,0.239,0.241,0.241,True,999,0.00010941701475530863,0.0008041670080274343,strong_2x2_bal_100,strong_null,True,1498,1062694068,0.0,0,0
100,100,0.032576548250033754,0.008617339550652692,0.027396647155057963,0.0034514119545292488,0.023959208699381063,0.023945235200528714,0.028313658643893,0.8462067372048666,0.8457132121882626,0.3974374241836356,0.3977127507906627,0.376,0.374,0.374,True,999,0.0001117499778047204,0.0008089579641819,strong_2x2_bal_100,strong_null,True,1499,1062694068,0.0,0,0
100,100,0.05138326569604146,0.057778977696978706,0.046189086412937286,0.05258685887258707,-0.006395712000937248,-0.0063977724596497865,0.045427736654452405,-0.14078870029529414,-0.1408340571381457,0.8880368700059844,0.8880010374888843,0.883,0.883,0.883,True,999,0.00011304102372378111,0.0008352919248864055,strong_2x2_bal_100,strong_null,True,1500,1062694068,0.0,0,0
100,100,0.027766648718062004,0.04675984915959008,0.022582619584994745,0.04157349155005363,-0.01899320044152808,-0.018990871965058886,0.0378576429345972,-0.5017005542141305,-0.5016390481009999,0.6158781746004816,0.6159214467367169,0.636,0.625,0.625,True,999,0.00011370796710252762,0.0008180830627679825,strong_2x2_bal_100,strong_null,True,1501,1062694068,0.0,0,0
100,100,0.05044176633985242,0.03044293585814062,0.04525119209999673,0.02526285525514993,0.019998830481711805,0.0199883368448468,0.03934045395434886,0.5083528142537117,0.5080860751642954,0.6112059377013495,0.611392980251261,0.648,0.649,0.649,True,999,0.00012387498281896114,0.0008228329243138433,strong_2x2_bal_100,strong_null,True,1502,1062694068,0.0,0,0
100,100,0.007022665248646032,0.04490257007958587,0.0018600221817024476,0.039715261814606606,-0.03787990483093984,-0.03785523963290416,0.03157859178059204,-1.1995438268472927,-1.1987627534477234,0.2303165538666766,0.23062020925847204,0.189,0.19,0.19,True,999,0.00012004096060991287,0.0008802500087767839,strong_2x2_bal_100,strong_null,True,1503,1062694068,0.0,0,0
100,100,0.0001523133917912256,0.16444990527072778,-0.005042235531234951,0.1591607339197907,-0.16429759187893656,-0.16420296945102564,0.05227491726768478,-3.142952690630115,-3.1411425982788184,0.00167252869722189,0.0016829007121232835,0.001,0.001,0.001,True,999,0.00011379108764231205,0.0007836250588297844,strong_2x2_bal_100,strong_null,True,1504,1062694068,0.0,0,0
100,100,0.05879803751602253,0.04606453410618794,0.05360461857230803,0.040880754384517104,0.01273350340983459,0.012723864187790923,0.04453881221002916,0.2858967892944232,0.2856803663238641,0.7749571729316995,0.7751229436767497,0.806,0.805,0.805,True,999,0.00010837498120963573,0.0007984580006450415,strong_2x2_bal_100,strong_null,True,1505,1062694068,0.0,0,0
100,100,0.02426508867076016,0.012663459436801139,0.019096178238271477,0.007499651686075026,0.011601629233959021,0.011596526552196451,0.026900373588014805,0.43128134246908795,0.43109165433163976,0.6662638148115945,0.666401728644334,0.676,0.677,0.677,True,999,0.00011429097503423691,0.0007854170398786664,strong_2x2_bal_100,strong_null,True,1506,1062694068,0.0,0,0
100,100,0.060244385944802636,0.055971286859761826,0.05504804486290027,0.050773277491273916,0.00427309908504081,0.0042747673716263535,0.046773966555179125,0.09135635482186114,0.09139202181160799,0.9272094404786052,0.9271811008924804,0.926,0.926,0.926,True,999,0.00010683294385671616,0.0007822499610483646,strong_2x2_bal_100,strong_null,True,1507,1062694068,0.0,0,0
100,100,0.10726467482629132,0.1308787446152816,0.1019926302700469,0.1256282362504777,-0.023614069788990277,-0.023635605980430796,0.06474161469679107,-0.3647432937776375,-0.3650759421297272,0.7153030379484205,0.7150547187370797,0.727,0.724,0.724,True,999,0.00011016696225851774,0.0008009170414879918,strong_2x2_bal_100,strong_null,True,1508,1062694068,0.0,0,0
100,100,0.03956405743651059,0.09032867239504216,0.03438288661810418,0.0851127721272178,-0.05076461495853157,-0.050729885509113615,0.048997023738052155,-1.0360754814400424,-1.0353666741132213,0.3001669297625714,0.3004977030834455,0.297,0.3,0.3,True,999,0.00011362496297806501,0.0008338330080732703,strong_2x2_bal_100,strong_null,True,1509,1062694068,0.0,0,0
100,100,0.028899737350249977,0.011502362935924992,0.023727442927850007,0.006338380954588274,0.017397374414324984,0.017389061973261732,0.028090069751927935,0.6193425138480096,0.6190465928646636,0.5356907429375064,0.5358856650719328,0.487,0.481,0.481,True,999,0.00011362496297806501,0.0008221669122576714,strong_2x2_bal_100,strong_null,True,1510,1062694068,0.0,0,0
100,100,0.09032867239504216,0.03797954241746082,0.0851127721272178,0.03279393471292735,0.05234912997758134,0.05231883741429044,0.048710043679555226,1.0747091569444338,1.07408726131465,0.28250496277654524,0.282783573395166,0.281,0.28,0.28,True,999,0.00011245789937674999,0.0008044170681387186,strong_2x2_bal_100,strong_null,True,1511,1062694068,0.0,0,0
100,100,0.007394198749677727,0.07385998717818298,0.0022346164873567886,0.06865730333458941,-0.06646578842850526,-0.06642268684723263,0.038899873357988245,-1.708637655882143,-1.707529642473565,0.08751808895122351,0.0877236530369471,0.068,0.068,0.068,True,999,0.0002072090283036232,0.0008293340215459466,strong_2x2_bal_100,strong_null,True,1512,1062694068,0.0,0,0
100,100,0.01864413502956641,0.03238045364951936,0.013471629540575236,0.027196059932975913,-0.013736318619952947,-0.013724430392400677,0.03145798612622507,-0.4366560073119751,-0.4362780992187943,0.6623608382526555,0.6626349697543827,0.651,0.651,0.651,True,999,0.00011000002268701792,0.0008100839331746101,strong_2x2_bal_100,strong_null,True,1513,1062694068,0.0,0,0
100,100,0.057778977696978706,0.041881854625461123,0.052586858872615494,0.03669722727097735,0.015897123071517583,0.015889631601638143,0.04353404744712809,0.36516529024379296,0.36499320723477485,0.7149880262540076,0.7151164768275079,0.708,0.709,0.709,True,999,0.00012108404189348221,0.0008172499947249889,strong_2x2_bal_100,strong_null,True,1514,1062694068,0.0,0,0
100,100,0.1009690656286999,0.08375841016500285,0.09574070955159186,0.07853107122581093,0.017210655463697044,0.01720963832578093,0.05772578370486109,0.2981450291206308,0.298127408954202,0.7655924751633476,0.7656059228905523,0.799,0.79,0.79,True,999,0.00011387502308934927,0.0007839170284569263,strong_2x2_bal_100,strong_null,True,1515,1062694068,0.0,0,0
100,100,0.05920485057744174,0.02440927043779595,0.05401158379129356,0.019240497564368297,0.03479558013964579,0.03477108622692526,0.03985787015984835,0.8729914568967068,0.872376925497455,0.38266773425804346,0.3830027842732342,0.378,0.382,0.382,True,999,0.00010966602712869644,0.00079391710460186,strong_2x2_bal_100,strong_null,True,1516,1062694068,0.0,0,0
100,100,0.03405977333939536,0.08806985992025163,0.028880956446698747,0.0828510300509322,-0.054010086580856265,-0.05397007360423345,0.04759635991773753,-1.1347524616210947,-1.1339117885802996,0.2564790495065321,0.2568315516774403,0.251,0.249,0.249,True,999,0.0001112079480662942,0.0007887909887358546,strong_2x2_bal_100,strong_null,True,1517,1062694068,0.0,0,0
100,100,0.033711571632115134,0.0892511403303553,0.028536268927354058,0.08403255677333732,-0.05553956869824017,-0.05549628784598326,0.04771333257069979,-1.164026189450166,-1.163119087599907,0.24441339853433153,0.2447811887664757,0.219,0.216,0.216,True,999,0.00010908301919698715,0.0008275419240817428,strong_2x2_bal_100,strong_null,True,1518,1062694068,0.0,0,0
100,100,0.08289756095211143,0.05691957770147804,0.07768458302192016,0.051713780697497214,0.025977983250633385,0.025970802324422948,0.050788120615743504,0.5114972347013885,0.5113558448227441,0.6090029242515689,0.6091019075630726,0.58,0.579,0.579,True,999,0.00011891708709299564,0.0008088749600574374,strong_2x2_bal_100,strong_null,True,1519,1062694068,0.0,0,0
100,100,0.057778977696978706,0.08961975866998972,0.05258685887258707,0.08440371722996076,-0.03184078097301102,-0.03181685835737369,0.05215583529857858,-0.6104931651603476,-0.6100344894340289,0.5415351696313513,0.5418389609926224,0.568,0.568,0.568,True,999,0.00011087500024586916,0.0008531250059604645,strong_2x2_bal_100,strong_null,True,1520,1062694068,0.0,0,0
100,100,0.081521341694757,0.05124058133734688,0.07630804452571738,0.04605350233507011,0.03028076035741012,0.03025454219064727,0.049678283302669914,0.609537172871324,0.6090094137576865,0.5421684411169341,0.5425181991644146,0.563,0.563,0.563,True,999,0.00012462493032217026,0.0008120830170810223,strong_2x2_bal_100,strong_null,True,1521,1062694068,0.0,0,0
100,100,0.0892511403303553,0.044955804955724266,0.08403255677333732,0.03977145582517494,0.04429533537463104,0.04426110094816238,0.049837337965272836,0.8887981819072375,0.8881112586511737,0.3741115531639574,0.3744809070870079,0.364,0.363,0.363,True,999,0.00010895903687924147,0.0007931669242680073,strong_2x2_bal_100,strong_null,True,1522,1062694068,0.0,0,0
100,100,0.03044293585814062,0.07224581843876288,0.02526285525514993,0.06703649716345694,-0.04180288258062226,-0.04177364190830701,0.043921689916507425,-0.9517594304792713,-0.9510936848676877,0.3412190013074523,0.3415568202338666,0.313,0.31,0.31,True,999,0.00010670803021639585,0.0008044999558478594,strong_2x2_bal_100,strong_null,True,1523,1062694068,0.0,0,0
100,100,0.05138326569604168,0.006835681100491708,0.04618908641285202,0.0016763738997838118,0.04454758459554997,0.04451271251306821,0.03331845664102645,1.33702425281898,1.3359776232329377,0.18121472040288766,0.1815565873667493,0.152,0.151,0.151,True,999,0.00010729196947067976,0.0008095840457826853,strong_2x2_bal_100,strong_null,True,1524,1062694068,0.0,0,0
100,100,0.04572033088704963,0.020235695421700894,0.04053781125691103,0.015069268209344955,0.025484635465348737,0.025468543047566072,0.035616724697467565,0.7155243970864271,0.7150725751426814,0.4742850710402845,0.47456419915069714,0.5,0.501,0.501,True,999,0.00011337501928210258,0.0007942080264911056,strong_2x2_bal_100,strong_null,True,1525,1062694068,0.0,0,0
100,100,0.017354728373479178,0.10843039101769636,0.012182263432293894,0.1031986677246266,-0.09107566264421718,-0.09101640429233271,0.04765292112515783,-1.9112293746906273,-1.9099858338858813,0.05597511051074857,0.05613503730690007,0.041,0.042,0.041,True,999,0.00011070899199694395,0.000792291946709156,strong_2x2_bal_100,strong_null,True,1526,1062694068,0.0,0,0
100,100,0.01986940935839754,0.07188236839680184,0.014703076545998783,0.06667912661832531,-0.052012959038404305,-0.05197605007232653,0.04153837487180021,-1.252166441246962,-1.251277890209718,0.21050922153224372,0.21083310913932574,0.205,0.202,0.202,True,999,0.0001117499778047204,0.0008071250049397349,strong_2x2_bal_100,strong_null,True,1527,1062694068,0.0,0,0
100,100,0.05211170267878962,0.07923559566686189,0.04692500878186934,0.07402173569226989,-0.027123892988072273,-0.027096726910400548,0.0494795250258936,-0.5481841827276598,-0.5476351459764478,0.5835654417631517,0.5839424516905746,0.598,0.593,0.593,True,999,0.00011358293704688549,0.0008200419833883643,strong_2x2_bal_100,strong_null,True,1528,1062694068,0.0,0,0
100,100,0.11957144464368796,0.04085949822781232,0.11433124250287108,0.03566585554875701,0.07871194641587564,0.07866538695411407,0.05377776023682313,1.4636523735694627,1.4627865981716675,0.1432889546775318,0.14352578135860292,0.178,0.164,0.164,True,999,0.00011720799375325441,0.0008816670160740614,strong_2x2_bal_100,strong_null,True,1529,1062694068,0.0,0,0
100,100,0.09777312995267096,0.040794829905367314,0.09251541658765916,0.03561094977699497,0.05697830004730364,0.05690446681066419,0.050140960458805485,1.136362357759691,1.134889844350218,0.25580494287260325,0.25642147558021855,0.25,0.251,0.251,True,999,0.00013524992391467094,0.0007853340357542038,strong_2x2_bal_100,strong_null,True,1530,1062694068,0.0,0,0
100,100,0.033497402386165276,0.0904145761761227,0.028320707870093997,0.08519113877414952,-0.05691717378995742,-0.056870430904055524,0.04783445650316986,-1.189878132851487,-1.1889009526069745,0.23409429430509465,0.23447864524622997,0.249,0.242,0.242,True,999,0.0001099579967558384,0.0008080829866230488,strong_2x2_bal_100,strong_null,True,1531,1062694068,0.0,0,0
100,100,0.03909782630882219,0.020235695421700894,0.033918385229867454,0.015069268209344955,0.018862130887121298,0.0188491170205225,0.03388296908582847,0.5566847119962215,0.5563006291678887,0.5777428640219823,0.5780053571296065,0.621,0.606,0.606,True,999,0.00010675005614757538,0.0007945830002427101,strong_2x2_bal_100,strong_null,True,1532,1062694068,0.0,0,0
100,100,0.1709234454770343,0.05597128685976205,0.16560938061670072,0.050773277491273916,0.11495215861727226,0.1148361031254268,0.06195596609424273,1.8553848138275453,1.8535116206685698,0.06354129442203112,0.06380906210071059,0.067,0.067,0.067,True,999,0.00010562501847743988,0.0007822910556569695,strong_2x2_bal_100,strong_null,True,1533,1062694068,0.0,0,0
100,100,0.007229087764684783,0.08161102039393553,0.0020703576966241144,0.07637568866812217,-0.07438193262925075,-0.07430533097149805,0.04023207477886586,-1.8488216935887185,-1.8469176988737124,0.06448356379566651,0.06475906919992229,0.051,0.05,0.05,True,999,0.00010633294004946947,0.0007872499991208315,strong_2x2_bal_100,strong_null,True,1534,1062694068,0.0,0,0
100,100,0.04572033088704963,0.07039567509575051,0.04053781125691103,0.06517487834410929,-0.024675344208700878,-0.02463706708719826,0.046564400880896605,-0.5299186447564522,-0.5290966193297636,0.596168338479582,0.5967384265099733,0.564,0.566,0.566,True,999,0.00010712502989917994,0.0008133330848067999,strong_2x2_bal_100,strong_null,True,1535,1062694068,0.0,0,0
100,100,0.04062065055171926,0.010333787403100203,0.03543525292899119,0.005169452767034954,0.03028686314861906,0.030265800161956236,0.03143424339082141,0.9634990342240151,0.9628289692123987,0.3352971485900703,0.3356333602624195,0.299,0.302,0.302,True,999,0.00012429198250174522,0.0008135420503094792,strong_2x2_bal_100,strong_null,True,1536,1062694068,0.0,0,0
100,100,0.013553429112358684,0.08287268458737995,0.008388709746952827,0.0776538435088554,-0.06931925547502127,-0.06926513376190258,0.042202906512274124,-1.6425232573699808,-1.6412408406458399,0.10048161032735696,0.10074743104151808,0.073,0.071,0.071,True,999,0.00011237501166760921,0.0007903749356046319,strong_2x2_bal_100,strong_null,True,1537,1062694068,0.0,0,0
100,100,0.055781177737266874,0.07457264285283094,0.05057767605870822,0.06936812884669052,-0.018791465115564066,-0.018790452787982304,0.04931706081447313,-0.38103376002588774,-0.3810132331014311,0.7031781979028524,0.7031934292650921,0.706,0.705,0.706,True,999,0.00011083297431468964,0.000855207908898592,strong_2x2_bal_100,strong_null,True,1538,1062694068,0.0,0,0
100,100,0.034040980571866775,0.04062065055171926,0.028865908768068493,0.03543525292899119,-0.006579669979852487,-0.006569344160922697,0.037964657468023,-0.17331040021615982,-0.17303841517484903,0.8624074492055736,0.862621232108166,0.867,0.867,0.867,True,999,0.00012295902706682682,0.0008912089979276061,strong_2x2_bal_100,strong_null,True,1539,1062694068,0.0,0,0
100,100,0.08324216141137719,0.03321907830533244,0.07802926120876919,0.028043423464055195,0.05002308310604475,0.04998583774471399,0.046515424527672065,1.0754085040390415,1.074607794130254,0.28219187609694907,0.2825503608435763,0.284,0.283,0.283,True,999,0.00012695800978690386,0.000845082919113338,strong_2x2_bal_100,strong_null,True,1540,1062694068,0.0,0,0
100,100,0.020471160484738293,0.042195621286535756,0.015303456355695744,0.03700754552518504,-0.021724460801797463,-0.021704089169489293,0.034719422145933286,-0.6257149301185033,-0.6251281797911925,0.5315019386335418,0.5318869342585038,0.501,0.508,0.508,True,999,0.00011591706424951553,0.000807542004622519,strong_2x2_bal_100,strong_null,True,1541,1062694068,0.0,0,0
100,100,0.04938150468114799,0.03505830987020098,0.0441904238483346,0.029880180440130744,0.014323194810947015,0.01431024340820386,0.04020504583299906,0.3562536620513184,0.3559315282873886,0.7216506080614338,0.7218918437823671,0.747,0.745,0.745,True,999,0.00010970793664455414,0.0007882909849286079,strong_2x2_bal_100,strong_null,True,1542,1062694068,0.0,0,0
100,100,0.04675984915959008,0.0381670583565088,0.04157349155005363,0.03298502137083403,0.008592790803081285,0.008588470179219598,0.04030603754090479,0.21318867661850527,0.21308148116776662,0.8311798000109862,0.8312634088443344,0.842,0.843,0.843,True,999,0.00010987499263137579,0.0007884999504312873,strong_2x2_bal_100,strong_null,True,1543,1062694068,0.0,0,0
100,100,0.004808353510889596,0.012362024640722336,-0.00035778446418532894,0.007199555398415214,-0.00755367112983274,-0.007557339862600543,0.01844021078086843,-0.40963041147390855,-0.4098293643390032,0.6820770846688691,0.6819311239855205,0.687,0.675,0.675,True,999,0.00010933401063084602,0.0008293340215459466,strong_2x2_bal_100,strong_null,True,1544,1062694068,0.0,0,0
100,100,0.1260766063860379,0.02025129159828465,0.12082178349034223,0.015071868739653382,0.10582531478775326,0.10574991475068884,0.05099249172696034,2.075311701855945,2.073833052068283,0.03795765562097215,0.03809481839051225,0.039,0.04,0.04,True,999,0.00011562497820705175,0.0008030829485505819,strong_2x2_bal_100,strong_null,True,1545,1062694068,0.0,0,0
100,100,0.037708628753393314,0.043304782161658006,0.03252831478010876,0.03811953542025037,-0.005596153408264692,-0.005591220640141614,0.039466606154413934,-0.14179464498086367,-0.14166965911043491,0.8872422140173708,0.8873409416960558,0.874,0.874,0.874,True,999,0.0001278329873457551,0.0008095829980447888,strong_2x2_bal_100,strong_null,True,1546,1062694068,0.0,0,0
100,100,0.012635159247233352,0.07457264285283094,0.0074731455935932445,0.06936812884669052,-0.06193748360559759,-0.06189498325309728,0.04033066403922045,-1.535741726081304,-1.5346879285921533,0.1246017369863208,0.12486050242319359,0.095,0.099,0.099,True,999,0.00011487503070384264,0.0009452500380575657,strong_2x2_bal_100,strong_null,True,1547,1062694068,0.0,0,0
100,100,0.04550937731471627,0.051912047129490935,0.040325315708599874,0.046724493421635316,-0.006402669814774664,-0.006399177713035442,0.04303747816569456,-0.1487696326007845,-0.14868849165368306,0.8817354136115628,0.8817994426182566,0.889,0.889,0.889,True,999,0.00012120790779590607,0.0007980420487001538,strong_2x2_bal_100,strong_null,True,1548,1062694068,0.0,0,0
100,100,0.08228287850505178,0.08168823184123619,0.07707424871352941,0.0764359762593898,0.0005946466638155901,0.0006382724541396101,0.054588374873781806,0.010893283875743153,0.01169246118089083,0.9913085888718459,0.9906709783138966,0.99,0.99,0.99,True,999,0.00011245801579207182,0.0007992920000106096,strong_2x2_bal_100,strong_null,True,1549,1062694068,0.0,0,0
100,100,0.1025758625128741,0.0464200989716681,0.09734048627257152,0.04122267707133176,0.056155763541205994,0.056117809201239766,0.05205343580326309,1.0788099320369116,1.0780807901583682,0.28067246635223353,0.2809977035600719,0.249,0.255,0.255,True,999,0.00012091698590666056,0.000801083049736917,strong_2x2_bal_100,strong_null,True,1550,1062694068,0.0,0,0
100,100,0.06263305580710976,0.07697233868900777,0.0574245818015271,0.07176126981926245,-0.014339282881898008,-0.014336688017735355,0.05091528137294847,-0.28163023939442544,-0.28157927504555647,0.778227050680789,0.7782661335551088,0.79,0.789,0.789,True,999,0.00010991701856255531,0.0008132080547511578,strong_2x2_bal_100,strong_null,True,1551,1062694068,0.0,0,0
100,100,0.1081020776505911,0.039641509977818234,0.10286724409557735,0.03446305782784975,0.06846056767277287,0.0684041862677276,0.05182854029383894,1.3209048004176773,1.3198169556756563,0.1865331089443526,0.1868961391263313,0.213,0.207,0.207,True,999,0.00011158303823322058,0.0007929160492494702,strong_2x2_bal_100,strong_null,True,1552,1062694068,0.0,0,0
100,100,0.05075125708135153,0.06954414077971316,0.045563182125860635,0.06433286090916113,-0.01879288369836163,-0.018769678783300492,0.04742529623210476,-0.3962628637338844,-0.39577356968820104,0.6919111201166279,0.6922720764728493,0.657,0.658,0.658,True,999,0.00011150003410875797,0.000812583020888269,strong_2x2_bal_100,strong_null,True,1553,1062694068,0.0,0,0
100,100,0.020471160484738293,0.05921375823659547,0.015303456355695744,0.053998209389334306,-0.03874259775185718,-0.03869475303363856,0.03872802710991786,-1.0003762299044556,-0.9991408269730638,0.31712846886847945,0.317726475920058,0.306,0.307,0.307,True,999,0.00011441600508987904,0.0008139580022543669,strong_2x2_bal_100,strong_null,True,1554,1062694068,0.0,0,0
100,100,0.07092426229439153,0.0990946015821601,0.06571454660208076,0.09387147319645806,-0.028170339287768575,-0.028156926594377296,0.05570345600094974,-0.5057197759379287,-0.5054789884831782,0.6130533833656671,0.6132224525307046,0.592,0.592,0.592,True,999,0.00012137508019804955,0.0008000830421224236,strong_2x2_bal_100,strong_null,True,1555,1062694068,0.0,0,0
100,100,0.029209586373763807,0.024947627515162663,0.024037543279177953,0.01977607778650281,0.004261958858601145,0.004261465492675143,0.03244845130987763,0.1313455245644886,0.1313303199582259,0.895501980308129,0.8955140076464009,0.911,0.918,0.918,True,999,0.00011870800517499447,0.0008627079660072923,strong_2x2_bal_100,strong_null,True,1556,1062694068,0.0,0,0
100,100,0.023469916233763488,0.0990946015821601,0.018290659219317718,0.09387147319645806,-0.07562468534839661,-0.07558081397714034,0.047374819447600434,-1.5963055106108073,-1.5953794623056565,0.11042060037824719,0.11062740582499059,0.117,0.113,0.113,True,999,0.00011691602412611246,0.0007838750025257468,strong_2x2_bal_100,strong_null,True,1557,1062694068,0.0,0,0
100,100,0.04763194464340381,0.024220921907809778,0.04244147901501094,0.019048678602729296,0.023411022735594034,0.023392800412281645,0.037099726603421784,0.6310295217494888,0.6305383503856893,0.5280212217153313,0.5283424196432476,0.551,0.55,0.55,True,999,0.00013629207387566566,0.0007866669911891222,strong_2x2_bal_100,strong_null,True,1558,1062694068,0.0,0,0
100,100,0.009568408370934756,0.04192574010735017,0.004400034192514113,0.03673751454763874,-0.03235733173641542,-0.032337480355124626,0.03146851814775677,-1.0282445326623046,-1.0276136996120295,0.30383481530315526,0.3041315773896851,0.295,0.293,0.293,True,999,0.00011200003791600466,0.0007895419839769602,strong_2x2_bal_100,strong_null,True,1559,1062694068,0.0,0,0
100,100,0.06453060184189918,0.06554999928391636,0.05932963786189305,0.060352174363487165,-0.001019397442017178,-0.001022536501594118,0.049321176899403414,-0.020668554687905443,-0.02073219995702265,0.9835100533831564,0.9834592826844984,0.966,0.966,0.966,True,999,0.0001116669736802578,0.0007914589950814843,strong_2x2_bal_100,strong_null,True,1560,1062694068,0.0,0,0
100,100,0.040351649128849365,0.04564337490516657,0.03516751106673155,0.04045645449031099,-0.005291725776317202,-0.00528894342357944,0.04054058387594944,-0.13052909628804088,-0.13046046499387215,0.8961478355509129,0.8962021311305443,0.988,0.994,0.994,True,999,0.0001093749888241291,0.0007856659358367324,strong_2x2_bal_100,strong_null,True,1561,1062694068,0.0,0,0
100,100,0.02728866158457388,0.14549213656534055,0.022114991200652412,0.14021046081539623,-0.11820347498076667,-0.11809546961474382,0.05462625741823576,-2.163858198736988,-2.1618810293110116,0.03047523391287018,0.03062734761489275,0.024,0.025,0.025,True,999,0.00010795891284942627,0.0008279170142486691,strong_2x2_bal_100,strong_null,True,1562,1062694068,0.0,0,0
100,100,0.06995673275116676,0.02098230180000371,0.0647508827601797,0.015812546047186515,0.04897443095116305,0.04893833671299319,0.04142047282680167,1.18237257107006,1.181501160491992,0.23705790170861918,0.23740369270482864,0.22,0.22,0.22,True,999,0.00011091702617704868,0.0008009159937500954,strong_2x2_bal_100,strong_null,True,1563,1062694068,0.0,0,0
100,100,0.02951376404416073,0.048134992198562765,0.024340219921725748,0.04294328825992011,-0.018621228154402036,-0.018603068338194362,0.0386284040012529,-0.4820605105455059,-0.481590394922632,0.6297629613342912,0.6300969507915541,0.643,0.643,0.643,True,999,0.00011179200373589993,0.0009924588957801461,strong_2x2_bal_100,strong_null,True,1564,1062694068,0.0,0,0
100,100,0.013162405289314671,0.006596516492278992,0.007999407006821002,0.0014361583956343793,0.006565888797035679,0.006563248611186623,0.01976902011121444,0.3321302097978557,0.33199665811779244,0.7397909395431874,0.7398917824677709,0.701,0.698,0.698,True,999,0.00012254202738404274,0.0007892920402809978,strong_2x2_bal_100,strong_null,True,1565,1062694068,0.0,0,0
100,100,0.11721692541830431,0.05611295135025929,0.11197475715289329,0.050906839386016145,0.06110397406804502,0.061067917766877144,0.05584289068175273,1.0942122322477015,1.093566558273312,0.27386190785387565,0.27414512285741566,0.273,0.284,0.284,True,999,0.00011150003410875797,0.0007871669949963689,strong_2x2_bal_100,strong_null,True,1566,1062694068,0.0,0,0
100,100,0.027285250780620274,0.17457048966804067,0.02209662884635577,0.16923103875912204,-0.1472852388874204,-0.14713440991276627,0.05771840317465527,-2.5517899107800477,-2.549176723887165,0.01071711205540664,0.010797756782709247,0.01,0.01,0.01,True,999,0.000111832981929183,0.0008859999943524599,strong_2x2_bal_100,strong_null,True,1567,1062694068,0.0,0,0
100,100,0.009967126245985614,0.06486858418704666,0.004806540328729625,0.05965064322046487,-0.05490145794106105,-0.05484410289173525,0.03736325786297776,-1.4693969712812815,-1.4678619057488234,0.1417251483437419,0.14214173766623073,0.11,0.112,0.112,True,999,0.00014295801520347595,0.0008472499903291464,strong_2x2_bal_100,strong_null,True,1568,1062694068,0.0,0,0
100,100,0.0381670583565088,0.007542471592881128,0.03298502137083403,0.0023811246530982544,0.03062458676362767,0.03060389671773578,0.029745123971167155,1.0295666205093985,1.02887104277666,0.3032134912458647,0.30354027730952726,0.305,0.312,0.312,True,999,0.00012720900122076273,0.0008101670537143946,strong_2x2_bal_100,strong_null,True,1569,1062694068,0.0,0,0
100,100,0.03592806366251622,0.030841067163294933,0.030746628893410843,0.025661295052202604,0.005086996499221286,0.005085333841208239,0.03586801843906785,0.14182541218057565,0.1417790572915853,0.8872179109448552,0.8872545268047375,0.872,0.872,0.872,True,999,0.00011645897757261992,0.0008769590640440583,strong_2x2_bal_100,strong_null,True,1570,1062694068,0.0,0,0
100,100,0.0465733363308064,0.060244385944802636,0.0413868864686151,0.05504804486290027,-0.013671049613996233,-0.013661158394285167,0.044889678131732336,-0.3045477308586943,-0.30432738577887347,0.7607106345586164,0.7608784831605572,0.767,0.767,0.767,True,999,0.00011200003791600466,0.0008043328998610377,strong_2x2_bal_100,strong_null,True,1571,1062694068,0.0,0,0
100,100,0.07574288624862546,0.01109224996097824,0.07052801354556948,0.005925643749378651,0.06465063628764722,0.06460236979619083,0.040145071137923,1.610425251596455,1.6092229497923163,0.10730505159535027,0.10756759990298322,0.094,0.095,0.095,True,999,0.00012637500185519457,0.0008117919787764549,strong_2x2_bal_100,strong_null,True,1572,1062694068,0.0,0,0
100,100,0.033497402386165276,0.025312961528767497,0.028320707870093997,0.020132636866762255,0.008184440857397779,0.008188071003331743,0.0338116112175071,0.24206006642948766,0.24216743031435584,0.8087336205149003,0.8086504308623814,0.825,0.82,0.82,True,999,0.00011074997019022703,0.0010457499884068966,strong_2x2_bal_100,strong_null,True,1573,1062694068,0.0,0,0
100,100,0.01610492819232101,0.059204850577441515,0.010939889439384842,0.05401158379129356,-0.043099922385120504,-0.04307169435190872,0.037807475684965994,-1.1399841328803402,-1.1392375071746994,0.2542929116746452,0.2546041055899936,0.258,0.254,0.254,True,999,0.0001716669648885727,0.0008648749208077788,strong_2x2_bal_100,strong_null,True,1574,1062694068,0.0,0,0
100,100,0.07236826439092225,0.14367828535259197,0.06716313805947038,0.1384085116125675,-0.07131002096166972,-0.07124537355309712,0.0614862154265434,-1.1597724866781345,-1.1587210736398768,0.2461414487318342,0.2465698980285711,0.244,0.243,0.243,True,999,0.00011795898899435997,0.0008093749638646841,strong_2x2_bal_100,strong_null,True,1575,1062694068,0.0,0,0
100,100,0.017992161280888208,0.028899737350249977,0.012820506251500774,0.023727442927850007,-0.010907576069361768,-0.010906936676349233,0.030227152158097396,-0.36085357999694306,-0.36083242706102664,0.7182089064797819,0.7182247202883856,0.735,0.733,0.733,True,999,0.0001270420616492629,0.0008283340139314532,strong_2x2_bal_100,strong_null,True,1576,1062694068,0.0,0,0
100,100,0.02526782760188584,0.0904145761761227,0.02007718042152362,0.08519113877414952,-0.06514674857423686,-0.0651139583526259,0.04623589802213895,-1.4090079648294687,-1.408298770826245,0.15883281299876628,0.1590426194890605,0.147,0.148,0.148,True,999,0.00014708400703966618,0.0008638750296086073,strong_2x2_bal_100,strong_null,True,1577,1062694068,0.0,0,0
100,100,0.0733502840565542,0.1203303443227377,0.0681412792744851,0.11508851752918758,-0.04698006026618351,-0.046947238254702484,0.05886205299090828,-0.7981383230625674,-0.7975807140460063,0.4247902243273288,0.42511384652103335,0.416,0.414,0.414,True,999,0.00011887494474649429,0.0008464589482173324,strong_2x2_bal_100,strong_null,True,1578,1062694068,0.0,0,0
100,100,0.029922616227185728,0.052772083710488804,0.024746425698552343,0.047582552563653735,-0.022849467483303076,-0.02283612686510139,0.03971796230945446,-0.5752930451284505,-0.5749571613764658,0.5650931243676911,0.565320269537096,0.589,0.591,0.591,True,999,0.00012516602873802185,0.0008245420176535845,strong_2x2_bal_100,strong_null,True,1579,1062694068,0.0,0,0
100,100,0.026748083521777155,0.04035164912884959,0.021570106362460706,0.03516751106673155,-0.013603565607072432,-0.013597404704270843,0.03594096656263622,-0.37849748930276483,-0.3783260720207379,0.705061058540339,0.7051883795761842,0.713,0.715,0.715,True,999,0.00013054092414677143,0.0008141250582411885,strong_2x2_bal_100,strong_null,True,1580,1062694068,0.0,0,0
100,100,0.04725555557675609,0.08228287850505178,0.04206490692027387,0.07707424871352941,-0.03502732292829569,-0.035009341793255544,0.04904101287287083,-0.7142455034339753,-0.7138788483837063,0.47507538399886806,0.4753020976421065,0.491,0.493,0.493,True,999,0.00011537503451108932,0.0009539579041302204,strong_2x2_bal_100,strong_null,True,1581,1062694068,0.0,0,0
100,100,0.05199276349977677,0.04594361002401559,0.04680289384511127,0.04075230116282569,0.006049153475761182,0.006050592682285583,0.043128138614520764,0.1402600174755629,0.14029338795179108,0.8884545534169919,0.8884281883099109,0.893,0.895,0.895,True,999,0.00014349992852658033,0.0008270420366898179,strong_2x2_bal_100,strong_null,True,1582,1062694068,0.0,0,0
100,100,0.023469916233763488,0.052014752705386025,0.018290659219317718,0.046828016581656584,-0.028544836471622537,-0.028537357362338867,0.03803878399618315,-0.7504140109864383,-0.7502173929955893,0.45300539505853965,0.4531237850910188,0.44,0.432,0.432,True,999,0.00011745898518711329,0.0007976249326020479,strong_2x2_bal_100,strong_null,True,1583,1062694068,0.0,0,0
100,100,0.057778977696978706,0.019968949946638226,0.052586858872615494,0.014802221581192043,0.03781002775034048,0.03778463729142345,0.03848167249027201,0.9825463734690503,0.9818865669358636,0.3258307487408658,0.32615573428769984,0.356,0.353,0.353,True,999,0.00012079102452844381,0.0008122500730678439,strong_2x2_bal_100,strong_null,True,1584,1062694068,0.0,0,0
100,100,0.12308235797712763,0.024947627515162663,0.11772894181429194,0.01977607778650281,0.09813473046196497,0.09795286402778913,0.050273358408878484,1.9520225735433256,1.9484050226191025,0.050935524622131405,0.05136651931755681,0.037,0.042,0.042,True,999,0.0001105000264942646,0.0007881670026108623,strong_2x2_bal_100,strong_null,True,1585,1062694068,0.0,0,0
100,100,0.11062672198880252,0.08608711452500717,0.1053922257060691,0.08087031998830696,0.024539607463795354,0.024521905717762138,0.059478331934364165,0.41258062668730233,0.4122830099677758,0.6799138976770214,0.6801320001745612,0.656,0.656,0.656,True,999,0.00010808405932039022,0.0007859589532017708,strong_2x2_bal_100,strong_null,True,1586,1062694068,0.0,0,0
100,100,0.01799216128088843,0.03455808483129841,0.012820506251557617,0.029379615102087087,-0.016565923550409978,-0.01655910885052947,0.03192129711852382,-0.518961478567136,-0.5187479941383797,0.6037876043327617,0.6039364883245409,0.596,0.596,0.596,True,999,0.00011583301238715649,0.000787624972872436,strong_2x2_bal_100,strong_null,True,1587,1062694068,0.0,0,0
100,100,0.05899469949768721,0.028457513075154872,0.053803043506206905,0.023269967270962866,0.030537186422532336,0.03053307623524404,0.04076656942816181,0.7490742255451364,0.748973403049009,0.4538124689723033,0.45387323627237863,0.434,0.431,0.431,True,999,0.0001224169973284006,0.0008324999362230301,strong_2x2_bal_100,strong_null,True,1588,1062694068,0.0,0,0
100,100,0.11037398393080633,0.0770862753790208,0.10513945511530665,0.07187174842147215,0.03328770855178553,0.0332677066938345,0.058035101117184115,0.5735788843474434,0.5732342333075383,0.566252804068343,0.5664861083496142,0.588,0.587,0.587,True,999,0.00011404103133827448,0.0008280420443043113,strong_2x2_bal_100,strong_null,True,1589,1062694068,0.0,0,0
100,100,0.014858318275190685,0.06947806375996723,0.00968775910106956,0.0642740919885938,-0.05461974548477655,-0.054586332887524236,0.039875411714447355,-1.3697600384897628,-1.368922113668031,0.1707618201961031,0.17102362247719805,0.131,0.137,0.137,True,999,0.00011399993672966957,0.0008526250021532178,strong_2x2_bal_100,strong_null,True,1590,1062694068,0.0,0,0
100,100,0.10019386311247058,0.034040980571866775,0.09497091369263444,0.028865908768068493,0.06615288254060381,0.06610500492456595,0.049556653697766205,1.3348940576991721,1.3339279388742438,0.18191102292459793,0.18222747416006546,0.18,0.172,0.172,True,999,0.0001344160409644246,0.0007882920326665044,strong_2x2_bal_100,strong_null,True,1591,1062694068,0.0,0,0
100,100,0.05940846856642301,0.03894345707537883,0.054215277101889114,0.033764584392656616,0.020465011491044183,0.0204506927092325,0.04318255710919155,0.4739184722038644,0.47358688503603,0.6355580460677317,0.6357945295985415,0.653,0.646,0.646,True,999,0.000110417022369802,0.0008219160372391343,strong_2x2_bal_100,strong_null,True,1592,1062694068,0.0,0,0
100,100,0.05516280997103529,0.05480756465785164,0.049967926373071236,0.04960896595511599,0.0003552453131836497,0.00035896041795524525,0.04556722086314106,0.007796071528053287,0.007877601731151556,0.9937796979032603,0.9937146482105639,0.999,0.999,0.999,True,999,0.00012199999764561653,0.0007903330260887742,strong_2x2_bal_100,strong_null,True,1593,1062694068,0.0,0,0
100,100,0.08780421604446786,0.05540908405916756,0.0825802376432847,0.05020268937023786,0.03239513198530031,0.03237754827304684,0.051398014910781165,0.6302798277624756,0.6299377189809597,0.5285115185926945,0.528735333381102,0.526,0.529,0.529,True,999,0.00011341692879796028,0.0007852920098230243,strong_2x2_bal_100,strong_null,True,1594,1062694068,0.0,0,0
100,100,0.02828423432100291,0.026820136969350483,0.023106691378416144,0.021644282493241462,0.001464097351652427,0.001462408885174682,0.03275918993567497,0.04469272147837867,0.0446411797131195,0.9643522353216751,0.9643933186964888,0.947,0.947,0.947,True,999,0.0001117499778047204,0.000788999954238534,strong_2x2_bal_100,strong_null,True,1595,1062694068,0.0,0,0
100,100,0.02951376404416073,0.11175797747829341,0.024340219921725748,0.10651727130941424,-0.08224421343413268,-0.0821770513876885,0.050432010738989855,-1.6307938594752136,-1.6294621250180692,0.10293382357360534,0.1032152265182804,0.089,0.088,0.088,True,999,0.00011404207907617092,0.0008416250348091125,strong_2x2_bal_100,strong_null,True,1596,1062694068,0.0,0,0
100,100,0.015930489453407692,0.04261013525279733,0.010766178151556005,0.037416979460175526,-0.02667964579938964,-0.02665080130861952,0.03363695231987737,-0.7931647774053421,-0.7923072534984251,0.42768182603334515,0.42818154331375013,0.449,0.435,0.44,True,999,0.00011641695164144039,0.0007933339802548289,strong_2x2_bal_100,strong_null,True,1597,1062694068,0.0,0,0
100,100,0.023414279505420854,0.05697138162392246,0.018217728485808493,0.05177894383153614,-0.0335571021185016,-0.033561215345727646,0.039086467022824416,-0.8585350550845653,-0.8586402891345919,0.39059708221282385,0.3905390029214678,0.373,0.388,0.386,True,999,0.00012562493793666363,0.0008095409721136093,strong_2x2_bal_100,strong_null,True,1598,1062694068,0.0,0,0
100,100,0.052772083710488804,0.035422020458493186,0.047582552563653735,0.030240250363220866,0.017350063251995618,0.01734230220043287,0.0409826584826202,0.42335133674535486,0.4231619627064296,0.6720389440550589,0.6721770967628613,0.669,0.671,0.671,True,999,0.00011466594878584146,0.0008824999677017331,strong_2x2_bal_100,strong_null,True,1599,1062694068,0.0,0,0
100,100,0.014622109243328074,0.07671320401897552,0.00945120514934672,0.07150317340219203,-0.06209109477564745,-0.06205196825284531,0.04136237144349245,-1.5011492960570143,-1.5002033511936839,0.1333169509478248,0.13356173545555955,0.121,0.123,0.123,True,999,0.00011595897376537323,0.0008152920054271817,strong_2x2_bal_100,strong_null,True,1600,1062694068,0.0,0,0
100,100,0.04553574499710511,0.1203303443227377,0.040353131483556126,0.11508851752918758,-0.0747945993256326,-0.07473538604563146,0.05455549131201508,-1.3709820501453378,-1.3698966730627178,0.1703805516469601,0.17071915840075058,0.182,0.18,0.18,True,999,0.00011441600508987904,0.0008386669214814901,strong_2x2_bal_100,strong_null,True,1601,1062694068,0.0,0,0
100,100,0.054762727353112384,0.05124058133734688,0.04956936738047091,0.046053502335041685,0.003522146015765504,0.003515865045429223,0.04485797747986779,0.0785177177759795,0.07837769874950647,0.937416236984119,0.9375276127699883,0.99,0.99,0.99,True,999,0.000124208047054708,0.0008526669116690755,strong_2x2_bal_100,strong_null,True,1602,1062694068,0.0,0,0
100,100,0.03894345707537883,0.040850441342229815,0.033764584392656616,0.03566160129977902,-0.0019069842668509862,-0.0018970169071224063,0.039120024103751275,-0.048747011550745,-0.0484922223486181,0.9611209105841507,0.961323962818101,0.942,0.942,0.942,True,999,0.00012579106260091066,0.0008137921104207635,strong_2x2_bal_100,strong_null,True,1603,1062694068,0.0,0,0
100,100,0.05131293593563868,0.06622639858617951,0.04612276262523096,0.06102599681521781,-0.014913462650540832,-0.014903234189986847,0.046994216212521235,-0.3173467684426931,-0.3171291148380936,0.7509804937761061,0.7511456337629103,0.672,0.668,0.668,True,999,0.00011283403728157282,0.0007997089996933937,strong_2x2_bal_100,strong_null,True,1604,1062694068,0.0,0,0
100,100,0.10007164995279538,0.14193041407891038,0.09484868094453702,0.13666948138833845,-0.041858764126115,-0.04182080044380143,0.06495034303762717,-0.6444733340648454,-0.6438888308807501,0.5192685439226195,0.5196475249840412,0.581,0.633,0.633,True,999,0.00010908301919698715,0.0008240829920396209,strong_2x2_bal_100,strong_null,True,1605,1062694068,0.0,0,0
100,100,0.09435319729244684,0.09103835747329436,0.08912246089957421,0.08582259536504466,0.003314839819152482,0.0032998655345295447,0.05783820005135265,0.05731229215655646,0.057053392595200085,0.954296428723824,0.9545026632294877,0.916,0.916,0.916,True,999,0.00010791700333356857,0.0008049579337239265,strong_2x2_bal_100,strong_null,True,1606,1062694068,0.0,0,0
100,100,0.051912047129490935,0.06809011729796688,0.046724493421635316,0.06285970900536597,-0.016178070168475944,-0.016135215583730655,0.04722302911323377,-0.34258857325063474,-0.3416810799036381,0.731907999644698,0.7325909121393495,0.733,0.734,0.734,True,999,0.00011250004172325134,0.0007880829507485032,strong_2x2_bal_100,strong_null,True,1607,1062694068,0.0,0,0
100,100,0.03455808483129841,0.05286967496666373,0.029379615102087087,0.047680185505157624,-0.01831159013536532,-0.018300570403070537,0.04081808854287546,-0.4486145919383452,-0.44834462015161625,0.6537097056320632,0.653904502853289,0.665,0.668,0.668,True,999,0.0001301249722018838,0.0008415420306846499,strong_2x2_bal_100,strong_null,True,1608,1062694068,0.0,0,0
100,100,0.024323768057489703,0.09090858770311627,0.01914822787401249,0.08569033444935314,-0.06658481964562657,-0.06654210657534065,0.046077787237275514,-1.4450524566805043,-1.4441254792181109,0.14844315181132606,0.14870368214434998,0.157,0.157,0.157,True,999,0.00011104205623269081,0.0007919580675661564,strong_2x2_bal_100,strong_null,True,1609,1062694068,0.0,0,0
100,100,0.05901705585352923,0.06627772298751888,0.053820261823716464,0.061081049906505314,-0.007260667133989651,-0.007260788082788849,0.04842789469931949,-0.14992737510209542,-0.14992987260482496,0.8808219136138259,0.8808199431663232,0.889,0.889,0.889,True,999,0.0001081250375136733,0.0007902089273557067,strong_2x2_bal_100,strong_null,True,1610,1062694068,0.0,0,0
100,100,0.013357900541414947,0.028406134711224995,0.008177128232034647,0.023226542182598564,-0.015048234169810049,-0.015049413950563917,0.02865744036870611,-0.5251074058324728,-0.525148574224998,0.5995085281028915,0.599479911137583,0.617,0.619,0.619,True,999,0.00011054205242544413,0.0008127079345285892,strong_2x2_bal_100,strong_null,True,1611,1062694068,0.0,0,0
100,100,0.02785191835441858,0.05230025100841673,0.022679320798147273,0.047112866505500506,-0.02444833265399815,-0.024433545707353233,0.03914788714315948,-0.6245121879654274,-0.6241344677939442,0.5322912686349919,0.5325392794785542,0.497,0.494,0.494,True,999,0.00010983401443809271,0.0008189589716494083,strong_2x2_bal_100,strong_null,True,1612,1062694068,0.0,0,0
100,100,0.02143693555273929,0.06469975372075076,0.016265069709149316,0.0594869182579032,-0.043262818168011474,-0.04322184854875388,0.04037009924987505,-1.0716549865342573,-1.0706401359389193,0.28387502592291936,0.2843312694824214,0.266,0.272,0.272,True,999,0.00010970898438245058,0.0008365840185433626,strong_2x2_bal_100,strong_null,True,1613,1062694068,0.0,0,0
100,100,0.029005663938671544,0.05220314090689748,0.023834031661209565,0.04701571431220941,-0.02319747696822594,-0.023181682650999846,0.039394629168490285,-0.5888487201900201,-0.5884477945420455,0.5559627599138847,0.5562317652593763,0.525,0.543,0.543,True,999,0.00011062505654990673,0.000823125010356307,strong_2x2_bal_100,strong_null,True,1614,1062694068,0.0,0,0
100,100,0.07385998717818298,0.10994204993503087,0.06865730333458941,0.10471052906892453,-0.03608206275684789,-0.036053225734335115,0.05759245979339115,-0.62650671435618,-0.626006006058319,0.5309826342572339,0.5313110018919867,0.546,0.537,0.542,True,999,0.00010725005995482206,0.0008098750840872526,strong_2x2_bal_100,strong_null,True,1615,1062694068,0.0,0,0
100,100,0.05920485057744174,0.009836267002215071,0.05401158379129356,0.004676295423678312,0.049368583575226666,0.04933528836761525,0.03615578655209053,1.365440729773646,1.3645198479235596,0.1721145698322969,0.17240401180205323,0.16,0.16,0.16,True,999,0.00010704109445214272,0.0007907920517027378,strong_2x2_bal_100,strong_null,True,1616,1062694068,0.0,0,0
100,100,0.06986929621782778,0.04550937731471627,0.06465811174034286,0.040325315708599874,0.02435991890311151,0.024332796031742987,0.04645653165463629,0.5243593965259011,0.523775563200371,0.6000285918939388,0.6004346518468352,0.583,0.583,0.583,True,999,0.00015058403369039297,0.0008103339932858944,strong_2x2_bal_100,strong_null,True,1617,1062694068,0.0,0,0
100,100,0.05879172279147726,0.04228567460549826,0.053599990936902486,0.03709764844347774,0.016506048185979005,0.01650234249342475,0.04372823798467584,0.3774688610083809,0.37738411731128624,0.7058252011318416,0.705888168375086,0.697,0.698,0.698,True,999,0.00010908301919698715,0.000784332980401814,strong_2x2_bal_100,strong_null,True,1618,1062694068,0.0,0,0
100,100,0.011279922329317071,0.06529361620833152,0.006108874927107877,0.060075811667914536,-0.054013693879014446,-0.05396693674080666,0.03778711283991539,-1.429421033245984,-1.4281836500564857,0.1528832565982126,0.15323900535619794,0.128,0.129,0.129,True,999,0.00010750000365078449,0.000818750006146729,strong_2x2_bal_100,strong_null,True,1619,1062694068,0.0,0,0
100,100,0.03848848195167354,0.057778977696978706,0.033308664659855935,0.052586858872615494,-0.01929049574530517,-0.01927819421275956,0.04278236117121612,-0.45089834261611,-0.45061080513082774,0.6520628181045485,0.6522700776886297,0.664,0.658,0.658,True,999,0.00010720896534621716,0.000824499991722405,strong_2x2_bal_100,strong_null,True,1620,1062694068,0.0,0,0
100,100,0.08867575753133405,0.05343813071859982,0.08345952307644211,0.04824485387614175,0.035237626812734235,0.035214669200300364,0.05124104999837149,0.6876835430549165,0.6872355113999329,0.49165208564600116,0.4919343297265726,0.515,0.516,0.516,True,999,0.0001081250375136733,0.0008249999955296516,strong_2x2_bal_100,strong_null,True,1621,1062694068,0.0,0,0
100,100,0.06305153357970694,0.11201200119235766,0.057843201723358106,0.1067713264669834,-0.048960467612650715,-0.04892812474362529,0.05609027069203653,-0.8728869910695924,-0.8723103693377594,0.38272467762475904,0.3830390822871128,0.39,0.402,0.402,True,999,0.00010920909699052572,0.0008306249510496855,strong_2x2_bal_100,strong_null,True,1622,1062694068,0.0,0,0
100,100,0.025644739629517743,0.06622639858617974,0.02047044986328217,0.06102599681521781,-0.04058165895666199,-0.04055554695193564,0.041636273534942383,-0.9746707740932836,-0.9740436285178171,0.3297235945500675,0.3300348772057463,0.345,0.348,0.348,True,999,0.0001461670035496354,0.0008241659961640835,strong_2x2_bal_100,strong_null,True,1623,1062694068,0.0,0,0
100,100,0.0074094192503219025,0.02354806441513302,0.0022446986617410403,0.018378452151807778,-0.016138645164811116,-0.016133753490066738,0.024643702844650686,-0.6548790685614954,-0.6546805726302949,0.5125456177318986,0.5126734359319055,0.532,0.522,0.522,True,999,0.00013691699132323265,0.0008284590439870954,strong_2x2_bal_100,strong_null,True,1624,1062694068,0.0,0,0
100,100,0.06954414077971316,0.02857462856915305,0.06433286090916113,0.023384283287569474,0.04096951221056011,0.04094857762159165,0.04284659108758827,0.956190706672767,0.9557021126344301,0.3389758942580129,0.3392227548653747,0.375,0.372,0.372,True,999,0.00011212495155632496,0.000885792076587677,strong_2x2_bal_100,strong_null,True,1625,1062694068,0.0,0,0
100,100,0.007357356659997927,0.02143693555273929,0.002182183906171531,0.016265069709149316,-0.014079578892741362,-0.014082885802977785,0.023800923935873766,-0.5915559803760401,-0.5916949207905101,0.5541479582906976,0.5540548983807915,0.528,0.538,0.538,True,999,0.00011345802340656519,0.0007904579397290945,strong_2x2_bal_100,strong_null,True,1626,1062694068,0.0,0,0
100,100,0.1460452355330315,0.04228567460549826,0.140763588236112,0.03709764844347774,0.10375956092753325,0.10366593979263428,0.05713453886339811,1.8160566794038546,1.8144180710110782,0.0693616780702387,0.06961338568614628,0.04,0.058,0.058,True,999,0.00011099991388618946,0.0007927499245852232,strong_2x2_bal_100,strong_null,True,1627,1062694068,0.0,0,0
100,100,0.10038635749680447,0.09435319729244684,0.09516207907226715,0.08912246089957421,0.006033160204357624,0.00603961817269294,0.059114550570633514,0.10205880187059617,0.10216804685804812,0.9187100015492206,0.9186232899186035,0.935,0.935,0.935,True,999,0.00010979198850691319,0.0007956660119816661,strong_2x2_bal_100,strong_null,True,1628,1062694068,0.0,0,0
100,100,0.03812261802488037,0.056971381623922235,0.032930063975499024,0.05177894383153614,-0.018848763599041862,-0.018848879856037115,0.042477080494564126,-0.4437396209811071,-0.44374235791579986,0.6572308463194767,0.657228867314496,0.636,0.636,0.636,True,999,0.00010975007899105549,0.0008066660957410932,strong_2x2_bal_100,strong_null,True,1629,1062694068,0.0,0,0
100,100,0.017798474974893286,0.0465733363308064,0.01262486037354904,0.0413868864686151,-0.028774861355913117,-0.028762026095066062,0.03516798026459712,-0.8182119399356059,-0.8178469698477452,0.41323617852358363,0.4134445740722619,0.393,0.377,0.377,True,999,0.00010854203719645739,0.0008062920533120632,strong_2x2_bal_100,strong_null,True,1630,1062694068,0.0,0,0
100,100,0.03159772359861934,0.09136637883935106,0.026417062510020628,0.08614312772530752,-0.059768655240731716,-0.059726065215286894,0.047618405527627077,-1.2551586845144438,-1.2542642819200496,0.20942116042388925,0.20974596192065476,0.192,0.194,0.194,True,999,0.00010950001887977123,0.0008504169527441263,strong_2x2_bal_100,strong_null,True,1631,1062694068,0.0,0,0
100,100,0.0672756133433352,0.05247954414889877,0.06206363740453469,0.04728988711309512,0.014796069194436434,0.014773750291439569,0.04735485158973718,0.31245096748741713,0.31197965563134317,0.7546978212495755,0.7550559846930873,0.767,0.771,0.773,True,999,0.00010904192458838224,0.0008177499985322356,strong_2x2_bal_100,strong_null,True,1632,1062694068,0.0,0,0
100,100,0.04594361002401559,0.02397749898902657,0.04075230116282569,0.018808310652445925,0.021966111034989022,0.021943990510379763,0.036651544599008455,0.5993229282779879,0.5987193923328792,0.548957561044783,0.5493600231976189,0.575,0.579,0.579,True,999,0.00011737504974007607,0.0008221670286729932,strong_2x2_bal_100,strong_null,True,1633,1062694068,0.0,0,0
100,100,0.08209242490492885,0.040794829905367314,0.07688264482766272,0.03561094977699497,0.04129759499956154,0.041271695050667745,0.047805501109264154,0.863867003614748,0.863325226030729,0.38766095486582197,0.387958678327616,0.379,0.378,0.378,True,999,0.00011404091492295265,0.0008649170631542802,strong_2x2_bal_100,strong_null,True,1634,1062694068,0.0,0,0
100,100,0.04869548690480663,0.06614557830889256,0.043499188301140634,0.060914573004680506,-0.017450091404085932,-0.01741538470353987,0.04623058544446808,-0.3774577206046176,-0.37670699032049104,0.7058334786886855,0.7063913674113576,0.706,0.706,0.706,True,999,0.00011549994815140963,0.0008171249646693468,strong_2x2_bal_100,strong_null,True,1635,1062694068,0.0,0,0
100,100,0.12046022793828759,0.016457837087537786,0.1152184146305899,0.011291318388501281,0.1040023908507498,0.10392709624208862,0.0493211606971578,2.108676871765978,2.1071502530166035,0.034972482510465246,0.03510455749019059,0.023,0.023,0.023,True,999,0.00011575000826269388,0.0008182920282706618,strong_2x2_bal_100,strong_null,True,1636,1062694068,0.0,0,0
100,100,0.07818481289216139,0.039534547637448014,0.07297517739610271,0.03435537000655131,0.03865026525471338,0.0386198073895514,0.04696004146846872,0.8230458075865428,0.822397216482073,0.4104819445393224,0.4108508630485014,0.431,0.431,0.431,True,999,0.00012437498662620783,0.0008239999879151583,strong_2x2_bal_100,strong_null,True,1637,1062694068,0.0,0,0
100,100,0.09208111072952418,0.09241056846158013,0.08685799581469666,0.08718620684922485,-0.00032945773205594886,-0.0003282110345281808,0.057901949376021854,-0.005689924702127261,-0.005668393518096272,0.9954601214246671,0.9954773005469408,0.996,0.996,0.996,True,999,0.00011591706424951553,0.0008230420062318444,strong_2x2_bal_100,strong_null,True,1638,1062694068,0.0,0,0
100,100,0.034040980571866775,0.09928126603048093,0.028865908768068493,0.09403445588486647,-0.06524028545861416,-0.06516854711679798,0.04935919364997738,-1.3217453656405924,-1.3202919719258388,0.18625295668696285,0.18673755491167054,0.179,0.183,0.183,True,999,0.00011812499724328518,0.0008212910033762455,strong_2x2_bal_100,strong_null,True,1639,1062694068,0.0,0,0
100,100,0.02534940484382453,0.04398059259912679,0.020174843777112983,0.03879278479044501,-0.01863118775530226,-0.01861794101333203,0.03653928338260676,-0.5098947223516426,-0.5095321880941552,0.610125219585405,0.6103792423057836,0.645,0.652,0.649,True,999,0.00011504197027534246,0.0008565000025555491,strong_2x2_bal_100,strong_null,True,1640,1062694068,0.0,0,0
100,100,0.09940802347010158,0.009738168306912098,0.0941835867574099,0.0045780020720371795,0.08966985516318948,0.08960558468537272,0.04449610718584937,2.015229215190902,2.0137848084353105,0.04388063772919338,0.044032131366996546,0.035,0.035,0.035,True,999,0.00011554197408258915,0.0008466249564662576,strong_2x2_bal_100,strong_null,True,1641,1062694068,0.0,0,0
100,100,0.08243557958001091,0.04606453410618794,0.07722587845455564,0.040880754384517104,0.03637104547382297,0.03634512407003854,0.048862137956581474,0.7443605006834128,0.7438299998730006,0.45665840853677386,0.45697932833978805,0.469,0.471,0.471,True,999,0.00011670798994600773,0.0008224999764934182,strong_2x2_bal_100,strong_null,True,1642,1062694068,0.0,0,0
100,100,0.08655600899037519,0.08255001320795574,0.08132927475018903,0.07734033821611774,0.004005995782419447,0.003988936534071286,0.055470626005767035,0.07221832654282577,0.07191078993153194,0.9424281607821122,0.9426729031590088,0.912,0.912,0.912,True,999,0.00011320796329528093,0.0008425420382991433,strong_2x2_bal_100,strong_null,True,1643,1062694068,0.0,0,0
100,100,0.035422020458493186,0.03895131231666282,0.030240250363220866,0.03376976820115374,-0.0035292918581696364,-0.0035295178379328718,0.037822944526576044,-0.09331086995857243,-0.09331684463257162,0.9256565967830618,0.9256518503925122,0.988,0.988,0.988,True,999,0.00011237501166760921,0.0007884170627221465,strong_2x2_bal_100,strong_null,True,1644,1062694068,0.0,0,0
100,100,0.02068378786095948,0.0679049242017109,0.015509930911008496,0.06270023609739894,-0.047221136340751424,-0.04719030518639045,0.04080608977793842,-1.1572080686417856,-1.1564525158669727,0.24718736200132074,0.24749611145741068,0.241,0.241,0.241,True,999,0.00012879096902906895,0.0007979170186445117,strong_2x2_bal_100,strong_null,True,1645,1062694068,0.0,0,0
100,100,0.03257654825003353,0.011574664825310443,0.027396647155057963,0.006410353178807782,0.02100188342472309,0.02098629397625018,0.029331399229293346,0.7160205096437559,0.7154890161288696,0.4739786848484815,0.4743069255539881,0.503,0.481,0.481,True,999,0.00012129207607358694,0.0007966669509187341,strong_2x2_bal_100,strong_null,True,1646,1062694068,0.0,0,0
100,100,0.04564337490516657,0.030909804663477702,0.04045645449031099,0.02571152240778929,0.014733570241688865,0.0147449320825217,0.03824386411672941,0.3852531793523397,0.38555026860038627,0.7000498467626808,0.699829770531448,0.686,0.694,0.694,True,999,0.00011179200373589993,0.000794166000559926,strong_2x2_bal_100,strong_null,True,1647,1062694068,0.0,0,0
100,100,0.02797587320180761,0.08472136945384645,0.022802804366975238,0.0795029399713485,-0.05674549625203884,-0.05670013560437326,0.04566855336826143,-1.2425507721791693,-1.2415575143612612,0.21403341992665226,0.2143998653832817,0.186,0.189,0.189,True,999,0.00011108291801065207,0.0007908330298960209,strong_2x2_bal_100,strong_null,True,1648,1062694068,0.0,0,0
100,100,0.06003948229975353,0.04620082918151336,0.05484306698551222,0.04101419296897291,0.013838653118240174,0.013828874016539316,0.04478198670280285,0.3090227597556325,0.30880438843223057,0.757304213806518,0.7574703307102048,0.761,0.761,0.761,True,999,0.00010808301158249378,0.0008249999955296516,strong_2x2_bal_100,strong_null,True,1649,1062694068,0.0,0,0
100,100,0.002499609401236391,0.04398059259912679,-0.0026596730038193073,0.03879278479044501,-0.0414809831978904,-0.04145245779426432,0.029862525188620318,-1.3890648207371799,-1.38810959664123,0.16481303999735364,0.16510367477897692,0.102,0.102,0.102,True,999,0.00010745797771960497,0.0008073330391198397,strong_2x2_bal_100,strong_null,True,1650,1062694068,0.0,0,0
100,100,0.11374912752292143,0.05031393641726378,0.10850824086887201,0.04511925853536525,0.06343519110565765,0.06338898233350676,0.05458729841506791,1.1620870229428213,1.1612405115108113,0.24520011813207632,0.24554410414975358,0.279,0.268,0.268,True,999,0.00010695902165025473,0.0007888339459896088,strong_2x2_bal_100,strong_null,True,1651,1062694068,0.0,0,0
100,100,0.09103835747329414,0.056971381623922235,0.08582259536504466,0.05177894383153614,0.034066975849371905,0.03404365153350852,0.05222446611660968,0.6523183171141526,0.6518717004687798,0.51419584598696,0.5144839424319078,0.482,0.481,0.481,True,999,0.00010670803021639585,0.0008324170485138893,strong_2x2_bal_100,strong_null,True,1652,1062694068,0.0,0,0
100,100,0.036089761608732784,0.1292790116348682,0.030903034450261657,0.12402836959402919,-0.09318925002613543,-0.09312533514376753,0.054198610426226736,-1.7194029384384568,-1.7182236668323165,0.08554102756586011,0.08575582628935814,0.092,0.088,0.088,True,999,0.0001129580195993185,0.0007963749812915921,strong_2x2_bal_100,strong_null,True,1653,1062694068,0.0,0,0
100,100,0.09839440085990059,0.04106131032185378,0.09316562293847142,0.035877582907573924,0.057333090538046805,0.05728804003089749,0.05056867519691334,1.1337669083635862,1.1328760306221013,0.25689233528395494,0.2572663170653072,0.278,0.279,0.279,True,999,0.0001093749888241291,0.0007913330337032676,strong_2x2_bal_100,strong_null,True,1654,1062694068,0.0,0,0
100,100,0.09080171068567411,0.04564392539038098,0.08558590285542778,0.040430776639269084,0.04515778529529313,0.04515512621615869,0.05008631931339842,0.9015991974322043,0.9015461075032398,0.36726981751092624,0.36729803040956943,0.361,0.375,0.375,True,999,0.00011608400382101536,0.0008101249113678932,strong_2x2_bal_100,strong_null,True,1655,1062694068,0.0,0,0
100,100,0.11037398393080611,0.040351649128849365,0.10513945511530665,0.03516751106675997,0.07002233480195674,0.06997194404854667,0.05223250070986012,1.3405893619935063,1.3396246225549338,0.18005381303782908,0.1803674146269727,0.19,0.193,0.193,True,999,0.00011895899660885334,0.000796375097706914,strong_2x2_bal_100,strong_null,True,1656,1062694068,0.0,0,0
100,100,0.08375841016500285,0.10843469512936799,0.07853107122581093,0.10317379797135118,-0.024676284964365136,-0.024642726745540244,0.058489512788454365,-0.42189246905876354,-0.4213187214376085,0.6731035071929037,0.6735223612774384,0.63,0.636,0.636,True,999,0.0001129580195993185,0.0007944999961182475,strong_2x2_bal_100,strong_null,True,1657,1062694068,0.0,0,0
100,100,0.051912047129490935,0.07276017128216583,0.046724493421635316,0.06755718170455793,-0.020848124152674896,-0.020832688282922618,0.0483044084629396,-0.43159878810378394,-0.4312792340456047,0.6660330394092467,0.6662653476908109,0.688,0.685,0.685,True,999,0.00011020898818969727,0.0008297499734908342,strong_2x2_bal_100,strong_null,True,1658,1062694068,0.0,0,0
100,100,0.016173411198517784,0.05230025100841673,0.011009431570727202,0.047112866505500506,-0.03612683980989895,-0.036103434934773304,0.03617445295046671,-0.9986837909993288,-0.9980367908869099,0.31794789514538235,0.31826151872642083,0.273,0.284,0.284,True,999,0.00010900001507252455,0.0008125000167638063,strong_2x2_bal_100,strong_null,True,1659,1062694068,0.0,0,0
100,100,0.09998411053056266,0.05718565023318045,0.09474832720931659,0.05198814170665855,0.04279846029738221,0.04276018550265803,0.053577829156945714,0.7988091524203517,0.7980947749376048,0.42440108273033106,0.4248154933761987,0.344,0.33,0.33,True,999,0.000110041000880301,0.0007896249881014228,strong_2x2_bal_100,strong_null,True,1660,1062694068,0.0,0,0
100,100,0.06204111030475379,0.058386195386126105,0.05681272276567029,0.053194310284851554,0.003654914918627683,0.0036184124808187335,0.04733799351357749,0.07720891079972327,0.07643780845465915,0.9384573530163295,0.9390707907813292,0.931,0.934,0.934,True,999,0.00011125009041279554,0.0008479580283164978,strong_2x2_bal_100,strong_null,True,1661,1062694068,0.0,0,0
100,100,0.028350337108182133,0.12607660638603768,0.023175835961268376,0.12082178349038486,-0.09772626927785555,-0.09764594752911648,0.05248835448641887,-1.861865745917826,-1.8603354684015088,0.06262201640528098,0.06283807843345085,0.059,0.054,0.054,True,999,0.00010979198850691319,0.0007881670026108623,strong_2x2_bal_100,strong_null,True,1662,1062694068,0.0,0,0
100,100,0.019591404667951062,0.05901705585352923,0.014416193560265356,0.053820261823716464,-0.03942565118557817,-0.03940406826345111,0.03866784963814188,-1.019597716307679,-1.0190395543636082,0.3079192885232176,0.30818418856402185,0.299,0.298,0.298,True,999,0.00010716693941503763,0.0007901249919086695,strong_2x2_bal_100,strong_null,True,1663,1062694068,0.0,0,0
100,100,0.028899737350249977,0.03164956794221874,0.023727442927850007,0.02646463414231448,-0.0027498305919687605,-0.002737191214464474,0.03422545969352433,-0.08034459190884281,-0.07997529438537732,0.9359631936075986,0.9362569052416017,0.907,0.907,0.907,True,999,0.00011233391705900431,0.0007954169996082783,strong_2x2_bal_100,strong_null,True,1664,1062694068,0.0,0,0
100,100,0.022490888448952306,0.052261794041927656,0.017319090581978003,0.04706800928239829,-0.02977090559297535,-0.02974891870042029,0.03780983611800818,-0.7873852057982335,-0.7868036932921639,0.4310564044641212,0.4313967911504316,0.366,0.362,0.362,True,999,0.00010983296670019627,0.0007968329591676593,strong_2x2_bal_100,strong_null,True,1665,1062694068,0.0,0,0
100,100,0.06707733961080509,0.040794829905367314,0.06187720775957928,0.03561094977699497,0.026282509705437773,0.026266257982584307,0.045046517979565805,0.5834526370575448,0.5830918606072798,0.5595886321871525,0.5598314627434244,0.587,0.586,0.586,True,999,0.00010933296289294958,0.0007967919809743762,strong_2x2_bal_100,strong_null,True,1666,1062694068,0.0,0,0
100,100,0.10038635749680447,0.031160597538534285,0.09516207907226715,0.02598106850089721,0.06922575995827018,0.06918101057136994,0.04901209897618495,1.4124218591802624,1.411508831829159,0.15782578388499324,0.15809463330634876,0.158,0.159,0.159,True,999,0.00010791595559567213,0.0008282080525532365,strong_2x2_bal_100,strong_null,True,1667,1062694068,0.0,0,0
100,100,0.03609582293722302,0.052772083710488804,0.030912397101076294,0.047582552563653735,-0.016676260773265783,-0.01667015546257744,0.04118737696451267,-0.40488766224744455,-0.40473942967867466,0.685560087754059,0.6856690557358553,0.68,0.678,0.678,True,999,0.00011374999303370714,0.0008133329683914781,strong_2x2_bal_100,strong_null,True,1668,1062694068,0.0,0,0
100,100,0.0742358884664911,0.099496845428655,0.06902712915848497,0.09426825239016523,-0.025260956962163905,-0.025241123231680263,0.05619633829396837,-0.44951250791504327,-0.44915957156570513,0.6530619872013784,0.6533165493314191,0.632,0.633,0.633,True,999,0.0001135410275310278,0.0007982499664649367,strong_2x2_bal_100,strong_null,True,1669,1062694068,0.0,0,0
100,100,0.04882964909106846,0.03242614684014211,0.043640658046911085,0.027242216565028343,0.01640350225092635,0.016398441481882742,0.03949861021496009,0.4152931498514732,0.41516502460817817,0.6779273152714789,0.6780211006812841,0.682,0.689,0.689,True,999,0.00013837497681379318,0.000824916991405189,strong_2x2_bal_100,strong_null,True,1670,1062694068,0.0,0,0
100,100,0.02364422431130242,0.028350337108182133,0.018471408995495153,0.023175835961268376,-0.004706112796879713,-0.004704426965773223,0.03183066411235288,-0.1478484011602309,-0.14779543867410305,0.8824624104493783,0.8825042092163691,0.887,0.877,0.877,True,999,0.00010912504512816668,0.0007923329249024391,strong_2x2_bal_100,strong_null,True,1671,1062694068,0.0,0,0
100,100,0.04297030740593155,0.03084106716329471,0.03778631239838148,0.025661295052202604,0.01212924024263684,0.012125017346178879,0.037691744725846715,0.32180097607207186,0.3216889383702176,0.7476034748043001,0.7476883586818921,0.762,0.755,0.755,True,999,0.00010679196566343307,0.0007942080264911056,strong_2x2_bal_100,strong_null,True,1672,1062694068,0.0,0,0
100,100,0.028388665317186534,0.16617456253921992,0.023216524234612734,0.16088543509155784,-0.13778589722203338,-0.1376689108569451,0.057434841918742326,-2.3989949762022524,-2.396958122592491,0.016440140245303173,0.016531813002672983,0.016,0.017,0.017,True,999,0.00010708300396800041,0.000786457909271121,strong_2x2_bal_100,strong_null,True,1673,1062694068,0.0,0,0
100,100,0.02026976093536237,0.011983206273534108,0.01510183178302782,0.006820085662980091,0.00828655466182826,0.008281746120047728,0.02518071682902911,0.32908335048965975,0.32889238921507885,0.7420926883995935,0.742237027124457,0.718,0.712,0.712,True,999,0.00010687496978789568,0.0007860000478103757,strong_2x2_bal_100,strong_null,True,1674,1062694068,0.0,0,0
100,100,0.01610492819232079,0.03895131231666282,0.010939889439384842,0.03376976820118216,-0.022846384124342034,-0.022829878761797318,0.03264763337099179,-0.6997868379838399,-0.6992812772175461,0.48406043573335844,0.4843762653671262,0.496,0.494,0.494,True,999,0.00010950001887977123,0.0007887500105425715,strong_2x2_bal_100,strong_null,True,1675,1062694068,0.0,0,0
100,100,0.08961975866998972,0.01287623345914679,0.08440371722991813,0.00771415638007511,0.07674352521084293,0.07668956084984302,0.043416784640342355,1.767600384196433,1.7663574464375236,0.07712773375405234,0.07733589948739601,0.062,0.062,0.062,True,999,0.00011170899961143732,0.0008341249777004123,strong_2x2_bal_100,strong_null,True,1676,1062694068,0.0,0,0
100,100,0.06449032675485356,0.01050326865933715,0.059284525146395595,0.0053263629904165555,0.053987058095516405,0.05395816215597904,0.03762669928655817,1.4348071746703235,1.4340392109614342,0.15134205284942898,0.15156107354009488,0.128,0.127,0.127,True,999,0.00011295895092189312,0.0008274170104414225,strong_2x2_bal_100,strong_null,True,1677,1062694068,0.0,0,0
100,100,0.03257654825003353,0.06481048057679772,0.027396647155057963,0.05961241050464139,-0.03223393232676419,-0.032215763349583426,0.04294207280683329,-0.7506375500726846,-0.750214445737165,0.4528708161841132,0.4531255598632159,0.481,0.482,0.482,True,999,0.00011970801278948784,0.0008096250239759684,strong_2x2_bal_100,strong_null,True,1678,1062694068,0.0,0,0
100,100,0.015740935765435338,0.07385998717818298,0.010575392507249148,0.06865730333458941,-0.058119051412747647,-0.058081910827340266,0.04094495548581495,-1.4194435119823863,-1.418536426238448,0.1557697544608716,0.15603421165395231,0.151,0.148,0.148,True,999,0.00016562500968575478,0.0008041249820962548,strong_2x2_bal_100,strong_null,True,1679,1062694068,0.0,0,0
100,100,0.05131293593563868,0.08228287850505178,0.04612276262523096,0.07707424871352941,-0.0309699425694131,-0.030951486088298452,0.049811279031586,-0.6217455799473578,-0.6213750517964355,0.5341091753396685,0.5343528830145912,0.533,0.53,0.53,True,999,0.00011058303061872721,0.0008067080052569509,strong_2x2_bal_100,strong_null,True,1680,1062694068,0.0,0,0
100,100,0.016704622019252935,0.016295333623773334,0.011538431712835973,0.011131518131350049,0.00040928839547960116,0.0004069135814859237,0.02547246170294848,0.01606787754762726,0.01597464690422217,0.9871802402094398,0.9872546179540959,0.97,0.97,0.97,True,999,0.00011045800056308508,0.0008032079786062241,strong_2x2_bal_100,strong_null,True,1681,1062694068,0.0,0,0
100,100,0.008770486564131375,0.07204088145765386,0.0036056070293000175,0.06682055238309204,-0.06327039489352249,-0.06321494535379202,0.03867010995072076,-1.6361576156403768,-1.6347237035102813,0.10180660443393953,0.10210698116544749,0.067,0.07,0.07,True,999,0.0001065409742295742,0.0007891670102253556,strong_2x2_bal_100,strong_null,True,1682,1062694068,0.0,0,0
100,100,0.06458767724011083,0.025644739629517965,0.059390449977797743,0.02047044986328217,0.038942937610592865,0.038920000114515574,0.04132923335514595,0.942261311163277,0.9417063166904741,0.34605887077371456,0.3463430201429305,0.351,0.356,0.356,True,999,0.00010579207446426153,0.0007907500257715583,strong_2x2_bal_100,strong_null,True,1683,1062694068,0.0,0,0
100,100,0.08495449274487776,0.020440182082595126,0.07970294888663432,0.015269826636711059,0.06451431066228264,0.06443312224992326,0.04380925029245793,1.4726184591519758,1.470765233821312,0.14085394456851372,0.14135461756719558,0.124,0.134,0.134,True,999,0.00010795891284942627,0.0007898749317973852,strong_2x2_bal_100,strong_null,True,1684,1062694068,0.0,0,0
100,100,0.02143693555273929,0.06622639858617974,0.016265069709149316,0.06102599681521781,-0.044789463033440446,-0.04476092710606849,0.04069275618240513,-1.100674106041671,-1.0999728527954165,0.2710385198464036,0.2713439502246091,0.256,0.26,0.26,True,999,0.00011374999303370714,0.0008004580158740282,strong_2x2_bal_100,strong_null,True,1685,1062694068,0.0,0,0
100,100,0.05131293593563868,0.0794334979139697,0.04612276262523096,0.07422418315684354,-0.028120561978331016,-0.028101420531612575,0.04938059495962491,-0.5694658397964474,-0.5690782088508484,0.569040046659333,0.5693030658611231,0.583,0.583,0.583,True,999,0.00010745797771960497,0.0008202079916372895,strong_2x2_bal_100,strong_null,True,1686,1062694068,0.0,0,0
100,100,0.06152987665353016,0.06305153357970694,0.05632299632624438,0.057843201723358106,-0.0015216569261767843,-0.0015202053971137275,0.048277359667812374,-0.031519058553471556,-0.03148899209844907,0.9748555931676297,0.9748795708259801,0.967,0.967,0.967,True,999,0.00010979198850691319,0.0008293329738080502,strong_2x2_bal_100,strong_null,True,1687,1062694068,0.0,0,0
100,100,0.00710077620798133,0.12607660638603768,0.0019417275689477265,0.12082178349038486,-0.11897583017805635,-0.11888005592143713,0.04842344157581841,-2.4569883161189896,-2.4550104670958204,0.014010724334383518,0.01408804862488529,0.014,0.014,0.014,True,999,0.00014325010124593973,0.0007922500371932983,strong_2x2_bal_100,strong_null,True,1688,1062694068,0.0,0,0
100,100,0.03257654825003353,0.024947627515162663,0.027396647155057963,0.01977607778650281,0.00762892073487087,0.007620569368555152,0.03342405181790139,0.22824643692016244,0.22799657594097245,0.8194546626050927,0.8196489024314657,0.826,0.809,0.808,True,999,0.000110041000880301,0.0007909169653430581,strong_2x2_bal_100,strong_null,True,1689,1062694068,0.0,0,0
100,100,0.05879172279147726,0.03661976584846338,0.053599990936902486,0.03142820381246736,0.022171956943013882,0.022171787124435127,0.04258215317586078,0.520686609045943,0.5206826210235888,0.6025851043290178,0.6025878829308711,0.628,0.624,0.624,True,999,0.0001081250375136733,0.0007974999025464058,strong_2x2_bal_100,strong_null,True,1690,1062694068,0.0,0,0
100,100,0.02928001942174485,0.08228287850505178,0.024106287714261043,0.07707424871352941,-0.05300285908330693,-0.05296796099926837,0.045560116101810925,-1.1633609309700632,-1.1625949521485746,0.24468309387657794,0.24499387980150267,0.257,0.259,0.259,True,999,0.00010858301538974047,0.0008064999710768461,strong_2x2_bal_100,strong_null,True,1691,1062694068,0.0,0,0
100,100,0.018300553057261415,0.04106131032185378,0.013123914719315621,0.035877582907573924,-0.02276075726459237,-0.022753668188258303,0.0338161232169907,-0.6730741167028977,-0.6728644807168749,0.500900139690633,0.5010335110528765,0.516,0.52,0.52,True,999,0.0001109590521082282,0.0007922089425846934,strong_2x2_bal_100,strong_null,True,1692,1062694068,0.0,0,0
100,100,0.03907045283657162,0.0821686050052226,0.03385762291446781,0.07695994894501723,-0.04309815216865098,-0.04310232603054942,0.04742256280112578,-0.9088111148566577,-0.9088991291193187,0.3634498385150776,0.36340337354449237,0.352,0.356,0.356,True,999,0.00010854203719645739,0.0007890419801697135,strong_2x2_bal_100,strong_null,True,1693,1062694068,0.0,0,0
100,100,0.07848174596893032,0.050939565442628676,0.07325830271493317,0.04573584983982926,0.02754218052630164,0.02752245287510391,0.04888064157287895,0.5634578360686495,0.5630542478471586,0.5731231636048,0.5733979447823057,0.608,0.626,0.626,True,999,0.00011345802340656519,0.0008087919559329748,strong_2x2_bal_100,strong_null,True,1694,1062694068,0.0,0,0
100,100,0.040351649128849365,0.03084106716329471,0.03516751106675997,0.025661295052202604,0.009510581965554654,0.009506216014557367,0.0370007243648319,0.25703772368830113,0.25691972732276414,0.7971496518401295,0.797240741421921,0.816,0.824,0.82,True,999,0.00010783399920910597,0.0008122079307213426,strong_2x2_bal_100,strong_null,True,1695,1062694068,0.0,0,0
100,100,0.041476872912890816,0.07686211195978021,0.03628839431983977,0.07164752837879007,-0.035385239046889394,-0.0353591340589503,0.04692381632410314,-0.7540997689208245,-0.7535434418787361,0.4507893161587305,0.4511234165304375,0.449,0.447,0.447,True,999,0.00010637508239597082,0.000803791917860508,strong_2x2_bal_100,strong_null,True,1696,1062694068,0.0,0,0
100,100,0.06947806375996723,0.060244385944802414,0.0642740919885938,0.05504804486290027,0.00923367781516482,0.009226047125693526,0.04926494385039805,0.18742897268298042,0.1872740818239861,0.8513243081825485,0.8514457431755275,0.856,0.856,0.856,True,999,0.00014237500727176666,0.0007873750291764736,strong_2x2_bal_100,strong_null,True,1697,1062694068,0.0,0,0
100,100,0.023548064415132797,0.01249804549562794,0.018378452151807778,0.007323130873018613,0.011050018919504856,0.011055321278789165,0.026571572861300692,0.41585866885577927,0.4160582189280308,0.6775134250102035,0.6773674021587847,0.672,0.669,0.669,True,999,0.00011337501928210258,0.0007918339688330889,strong_2x2_bal_100,strong_null,True,1698,1062694068,0.0,0,0
100,100,0.0679049242017109,0.01996951121889401,0.06270023609739894,0.014798617398597003,0.047935412982816894,0.04790161869880194,0.04064339907390734,1.1794144701246445,1.1785829874045721,0.23823317596217675,0.23856426925071794,0.235,0.236,0.236,True,999,0.00011204101610928774,0.0008212500251829624,strong_2x2_bal_100,strong_null,True,1699,1062694068,0.0,0,0
100,100,0.055781177737267096,0.06795564700210799,0.05057767605870822,0.06275118149572734,-0.012174469264840893,-0.012173505437019116,0.048263019809735526,-0.25225253854474067,-0.2522325682273926,0.8008458708220666,0.8008613058973133,0.858,0.838,0.838,True,999,0.00010525004472583532,0.0008085840381681919,strong_2x2_bal_100,strong_null,True,1700,1062694068,0.0,0,0
100,100,0.09162019972020741,0.07818481289216117,0.0864020829954768,0.07297517739610271,0.013435386828046236,0.013426905599374095,0.055721672645207096,0.24111600011709056,0.24096379311630395,0.8094652122601734,0.8095831786759885,0.811,0.811,0.81,True,999,0.00010529207065701485,0.0008120830170810223,strong_2x2_bal_100,strong_null,True,1701,1062694068,0.0,0,0
100,100,0.04572033088704963,0.04553574499710511,0.04053781125691103,0.040353131483556126,0.00018458588994452185,0.00018467977335490104,0.0417263522857128,0.004423724572917544,0.004425974551773504,0.9964703899740511,0.9964685947682344,1.0,1.0,1.0,True,999,0.00010791700333356857,0.0008341670036315918,strong_2x2_bal_100,strong_null,True,1702,1062694068,0.0,0,0
100,100,0.08072202381269489,0.012939815947145883,0.07551191952371994,0.007776461045125416,0.067782207865549,0.06773545847859452,0.041706697897864985,1.6252115674930683,1.624090659118376,0.10411748651047899,0.10435646123653056,0.101,0.096,0.096,True,999,0.0001392909325659275,0.000791250029578805,strong_2x2_bal_100,strong_null,True,1703,1062694068,0.0,0,0
100,100,0.05230025100841673,0.027436578941206213,0.047112866505500506,0.02225828840151678,0.024863672067210518,0.024854578103983727,0.03904834025873305,0.6367408167021856,0.6365079268234729,0.5242936820262939,0.5244454160386048,0.512,0.509,0.509,True,999,0.00011262495536357164,0.0008129579946398735,strong_2x2_bal_100,strong_null,True,1704,1062694068,0.0,0,0
100,100,0.1388710359279498,0.09824065376246693,0.13360096279608058,0.09301738196127474,0.04063038216548287,0.040583580834805844,0.06445398446439364,0.6303781294999433,0.6296520094459864,0.5284472164445648,0.528922287557825,0.545,0.544,0.544,True,999,0.00010958302300423384,0.0008307079551741481,strong_2x2_bal_100,strong_null,True,1705,1062694068,0.0,0,0
100,100,0.050939565442628676,0.049970404015362346,0.04573584983982926,0.04476625192380368,0.0009691614272663296,0.0009695979160255774,0.04357561168881672,0.022240913889799877,0.022250930702928395,0.9822557810886225,0.9822477908054434,0.983,0.981,0.981,True,999,0.00011333299335092306,0.0007914999732747674,strong_2x2_bal_100,strong_null,True,1706,1062694068,0.0,0,0
100,100,0.059204850577441515,0.016457837087537786,0.05401158379129356,0.011291318388501281,0.04274701348990373,0.04272026540279228,0.0378954185970051,1.1280258952801765,1.127320055679989,0.2593089831115799,0.25960718582441544,0.242,0.247,0.247,True,999,0.0001157920341938734,0.0007867909735068679,strong_2x2_bal_100,strong_null,True,1707,1062694068,0.0,0,0
100,100,0.05286967496666373,0.028350337108182133,0.047680185505157624,0.023175835961268376,0.024519337858481594,0.024504349543889248,0.039379803210905576,0.6226373892008524,0.6222567800212668,0.5335228353704251,0.5337730356036987,0.504,0.499,0.499,True,999,0.00010845903307199478,0.0008021249668672681,strong_2x2_bal_100,strong_null,True,1708,1062694068,0.0,0,0
100,100,0.03979716486732965,0.011385382155093327,0.034618143231881504,0.006213521947387335,0.028411782712236322,0.02840462128449417,0.031453609341384955,0.9032916510110538,0.9030639687865935,0.3663711264479693,0.3664919455585576,0.36,0.346,0.345,True,999,0.00010733306407928467,0.0007877079769968987,strong_2x2_bal_100,strong_null,True,1709,1062694068,0.0,0,0
100,100,0.09940802347010158,0.04564337490516657,0.0941835867574099,0.04045645449031099,0.053764648564935014,0.05372713226709891,0.051550226545702925,1.042956591418058,1.0422288293818847,0.29696839766739,0.29730559994843153,0.318,0.308,0.308,True,999,0.00010804191697388887,0.0007833329727873206,strong_2x2_bal_100,strong_null,True,1710,1062694068,0.0,0,0
100,100,0.05164657231477621,0.0464200989716681,0.04644660484147778,0.04122267707133176,0.005226473343108107,0.00522392777014602,0.04313506172572933,0.12116531503629689,0.121106301026342,0.903560096255251,0.9036068384169647,0.913,0.913,0.913,True,999,0.0001103340182453394,0.0007904169615358114,strong_2x2_bal_100,strong_null,True,1711,1062694068,0.0,0,0
100,100,0.049970404015362346,0.06718384749826711,0.04476625192380368,0.06198374887688374,-0.017213443482904767,-0.017217496953080058,0.04681253509085031,-0.36771013254245233,-0.3677967219605948,0.7130893844349182,0.7130248134621915,0.753,0.754,0.754,True,999,0.0001159169478341937,0.0008274998981505632,strong_2x2_bal_100,strong_null,True,1712,1062694068,0.0,0,0
100,100,0.02292929549543743,0.06585444604867363,0.017755742952488163,0.06065763719982442,-0.0429251505532362,-0.04290189424733626,0.04096763932084824,-1.0477818899218778,-1.047214214891403,0.29473910819675886,0.29500079063198514,0.277,0.271,0.269,True,999,0.00011495803482830524,0.0008428330766037107,strong_2x2_bal_100,strong_null,True,1713,1062694068,0.0,0,0
100,100,0.10911119988486317,0.16617456253922014,0.10387650445666452,0.16088543509155784,-0.057063362654356964,-0.05700893063489332,0.06844830032612627,-0.8336709952252277,-0.8328757670135073,0.40446640691927593,0.4049147978690817,0.401,0.401,0.401,True,999,0.00011137500405311584,0.0008298750035464764,strong_2x2_bal_100,strong_null,True,1714,1062694068,0.0,0,0
100,100,0.02765872472907438,0.05124058133734688,0.022483625844230914,0.046053502335041685,-0.0235818566082725,-0.02356987649081077,0.03887526813873968,-0.6066030599226374,-0.6062948918241184,0.5441143690768648,0.5443189500539741,0.529,0.517,0.517,True,999,0.00011179200373589993,0.000789875048212707,strong_2x2_bal_100,strong_null,True,1715,1062694068,0.0,0,0
100,100,0.08209242490492885,0.013597708298657585,0.0768826448276343,0.008429703732630855,0.06849471660627127,0.06845294109500344,0.042100418741757545,1.6269367064117675,1.6259444238522025,0.10375054107471743,0.10396147863437748,0.086,0.086,0.086,True,999,0.00010854098945856094,0.0007874170551076531,strong_2x2_bal_100,strong_null,True,1716,1062694068,0.0,0,0
100,100,0.09341432543408446,0.014056428781547003,0.08817185781194326,0.008889131664957972,0.07935789665253745,0.07928272614698528,0.044207783883479644,1.795111396257828,1.7934110055359067,0.07263595340819771,0.07290722910259746,0.058,0.062,0.062,True,999,0.00010779104195535183,0.0008018750231713057,strong_2x2_bal_100,strong_null,True,1717,1062694068,0.0,0,0
100,100,0.09632384599702914,0.043980592599126345,0.09108189315176674,0.03879278479044501,0.0523432533979028,0.05228910836132172,0.05059587254759899,1.0345360354969653,1.033465888193346,0.3008856394483175,0.30138592610175585,0.301,0.301,0.301,True,999,0.00010554189793765545,0.0007877500029280782,strong_2x2_bal_100,strong_null,True,1718,1062694068,0.0,0,0
100,100,0.04727159576300011,0.08243557958001091,0.04206943503136529,0.07722587845455564,-0.0351639838170108,-0.03515644342319035,0.04913030793993406,-0.715728952075809,-0.715575474637205,0.4741587300259703,0.47425352185160696,0.487,0.487,0.487,True,999,0.00010616600047796965,0.0007894579321146011,strong_2x2_bal_100,strong_null,True,1719,1062694068,0.0,0,0
100,100,0.04782039371995339,0.08665527032110742,0.042630018693500915,0.08143613301552932,-0.038834876601154034,-0.03880611432202841,0.049939701915456394,-0.7776353304410613,-0.7770593902967985,0.436784026562385,0.4371237316737089,0.431,0.429,0.429,True,999,0.00010970898438245058,0.0007900000782683492,strong_2x2_bal_100,strong_null,True,1720,1062694068,0.0,0,0
100,100,0.03951146282759288,0.022470064715165217,0.03432390067686697,0.017293094157892597,0.017041398112427664,0.017030806518974373,0.034665787412955326,0.49159125997694597,0.49128572549341853,0.6230083232532958,0.6232243744488986,0.628,0.633,0.633,True,999,0.00010787497740238905,0.000822333968244493,strong_2x2_bal_100,strong_null,True,1721,1062694068,0.0,0,0
100,100,0.12901095438293075,0.03481663247178246,0.1237564001331748,0.029632280269439093,0.0941943219111483,0.0941241198637357,0.053992917269885865,1.7445681151161738,1.7432679066636154,0.08106007504057497,0.08128682857030817,0.074,0.074,0.074,True,999,0.0001093749888241291,0.0008232919499278069,strong_2x2_bal_100,strong_null,True,1722,1062694068,0.0,0,0
100,100,0.055965196865410904,0.027166171252117843,0.05077234825118637,0.021992970881825613,0.02879902561329306,0.02877937736936076,0.03986493096312829,0.7224150379171542,0.7219221675306364,0.47003934408951886,0.4703423314617806,0.572,0.556,0.556,True,999,0.00011416699271649122,0.0008736249292269349,strong_2x2_bal_100,strong_null,True,1723,1062694068,0.0,0,0
100,100,0.14766367993647256,0.04398353364921004,0.1423001830129067,0.03878478741076208,0.10368014628726252,0.10351539560214462,0.05694233862659573,1.820791853442374,1.8178985636848481,0.06863850313041277,0.06907963789492605,0.065,0.067,0.067,True,999,0.00011304195504635572,0.0007936670444905758,strong_2x2_bal_100,strong_null,True,1724,1062694068,0.0,0,0
100,100,0.06232920600993286,0.034206006545573486,0.057110405483683735,0.02903104905192322,0.028123199464359372,0.028079356431760516,0.0426521597252417,0.6593616746613645,0.6583337540852134,0.5096635466070483,0.5103236930208753,0.516,0.524,0.524,True,999,0.00010970898438245058,0.0007923749508336186,strong_2x2_bal_100,strong_null,True,1725,1062694068,0.0,0,0
100,100,0.05247954414889877,0.05899469949768721,0.04728988711312354,0.05380304350626375,-0.006515155348788437,-0.006513156393140207,0.04585107294991868,-0.14209384709284087,-0.142050250388999,0.8870058781727065,0.8870403140154206,0.893,0.894,0.894,True,999,0.0001081250375136733,0.000798832974396646,strong_2x2_bal_100,strong_null,True,1726,1062694068,0.0,0,0
100,100,0.009637551926853005,0.06263305580710976,0.004474538807102135,0.0574245818015271,-0.052995503880256756,-0.05295004299442496,0.0368244915999824,-1.4391374212558603,-1.4379028927163864,0.15011159138255695,0.15046160883627185,0.125,0.126,0.126,True,999,0.00010754202958196402,0.0007920829812064767,strong_2x2_bal_100,strong_null,True,1727,1062694068,0.0,0,0
100,100,0.02449100150881167,0.055638266619218,0.019321222187500098,0.05042133154064743,-0.03114726511040633,-0.03110010935314733,0.0389764188068182,-0.7991310146985,-0.7979211611844376,0.42421444755168247,0.42491624248052806,0.462,0.464,0.464,True,999,0.00010724994353950024,0.0007901249919086695,strong_2x2_bal_100,strong_null,True,1728,1062694068,0.0,0,0
100,100,0.041881854625461346,0.009568408370934756,0.03669722727097735,0.004400034192514113,0.03231344625452659,0.03229719307846324,0.03156075767149514,1.0238488755835942,1.023333895042489,0.3059066608865788,0.30615000294504124,0.371,0.283,0.283,True,999,0.00011033297050744295,0.0008029999444261193,strong_2x2_bal_100,strong_null,True,1729,1062694068,0.0,0,0
100,100,0.053617541530366464,0.13580644736506164,0.04841844675831908,0.1305311972693204,-0.08218890583469518,-0.08211275051100131,0.05763310973990207,-1.4260709894991488,-1.424749608021773,0.15384785174852056,0.154229593564075,0.163,0.164,0.164,True,999,0.00010874995496124029,0.0008508750470355153,strong_2x2_bal_100,strong_null,True,1730,1062694068,0.0,0,0
100,100,0.07848174596893054,0.05031393641726378,0.07325830271493317,0.04511925853536525,0.028167809551666756,0.028139044179567918,0.04886907262731164,0.5763933718669445,0.5758047506684575,0.5643493234889401,0.5647471621002247,0.55,0.556,0.556,True,999,0.00010920793283730745,0.0008352909935638309,strong_2x2_bal_100,strong_null,True,1731,1062694068,0.0,0,0
100,100,0.0325985961406402,0.05516280997103529,0.027406886572620692,0.049967926373071236,-0.022564213830395086,-0.022561039800450544,0.0408973816657738,-0.5517275901620524,-0.5516499805495232,0.5811350040738457,0.5811881860572701,0.569,0.577,0.577,True,999,0.00011866691056638956,0.0008554580854251981,strong_2x2_bal_100,strong_null,True,1732,1062694068,0.0,0,0
100,100,0.052261794041927434,0.06675800233781137,0.04706800928239829,0.06155777012062913,-0.014496208295883939,-0.014489760838230836,0.04724691290354951,-0.30681810524799147,-0.3066816422019028,0.7589818265190834,0.759085704272255,0.738,0.738,0.738,True,999,0.0001142079709097743,0.0008080829866230488,strong_2x2_bal_100,strong_null,True,1733,1062694068,0.0,0,0
100,100,0.08289756095211143,0.03084106716329471,0.07768458302194858,0.025661295052202604,0.052056493788816716,0.05202328796974598,0.0459524418078295,1.1328341158999562,1.1321115031776638,0.25728392175749215,0.25758755931532873,0.245,0.242,0.242,True,999,0.0001140419626608491,0.0008135410025715828,strong_2x2_bal_100,strong_null,True,1734,1062694068,0.0,0,0
100,100,0.12294936331960171,0.03432252655653312,0.1176933295493825,0.029146412337979655,0.0886268367630686,0.08854691721140284,0.052886255765605746,1.675800933154858,1.6742897739603035,0.09377719130415373,0.09407366327030924,0.097,0.099,0.099,True,999,0.00011466699652373791,0.0008117079269140959,strong_2x2_bal_100,strong_null,True,1735,1062694068,0.0,0,0
100,100,0.06986929621782778,0.01629533362377311,0.06465811174034286,0.011131518131350049,0.05357396259405467,0.05352659360899281,0.04012977648059553,1.3350177173291753,1.3338373223901514,0.18187054778659573,0.1822571764264338,0.163,0.164,0.164,True,999,0.00011470809113234282,0.0008084169821813703,strong_2x2_bal_100,strong_null,True,1736,1062694068,0.0,0,0
100,100,0.04675984915959008,0.06830678045498972,0.04157349155005363,0.06307643617769543,-0.02154693129539964,-0.021502944627641796,0.04624851945856818,-0.4658945096545739,-0.46494341612179063,0.6412910112761714,0.6419719781231155,0.656,0.658,0.66,True,999,0.00012020801659673452,0.0008132500806823373,strong_2x2_bal_100,strong_null,True,1737,1062694068,0.0,0,0
100,100,0.05940846856642301,0.09352944740774527,0.054215277101889114,0.08822566328555581,-0.03412097884132226,-0.034010386183666697,0.05232987320699997,-0.6520363369953287,-0.6499229617685611,0.5143777315255379,0.5157419852964094,0.521,0.526,0.528,True,999,0.00011529203038662672,0.000845166970975697,strong_2x2_bal_100,strong_null,True,1738,1062694068,0.0,0,0
100,100,0.04675984915959008,0.040003196167557986,0.04157349155005363,0.034822286739995434,0.006756652992032097,0.006751204810058198,0.040703280035988276,0.16599775217275178,0.16586390099493314,0.8681587191377358,0.8682640567657625,0.833,0.832,0.832,True,999,0.00011037499643862247,0.000841959030367434,strong_2x2_bal_100,strong_null,True,1739,1062694068,0.0,0,0
100,100,0.058201658255899846,0.08125530193798935,0.05300455198495513,0.07604643239656639,-0.02305364368208951,-0.02304188041161126,0.05087157980904736,-0.45317333899643286,-0.4529421043754047,0.6504239288371276,0.6505904314274038,0.65,0.651,0.651,True,999,0.00011054205242544413,0.0008452499751001596,strong_2x2_bal_100,strong_null,True,1740,1062694068,0.0,0,0
100,100,0.07502087829627957,0.07341972240158146,0.06981036921412453,0.06821691751432013,0.0016011558946981141,0.0015934516998044046,0.05250806154824582,0.03049352513664838,0.030346801097204824,0.975673457173978,0.9757904718652187,0.997,0.997,0.997,True,999,0.00010887498501688242,0.0008615839760750532,strong_2x2_bal_100,strong_null,True,1741,1062694068,0.0,0,0
100,100,0.08232370950147083,0.030786547214457505,0.07711060018824867,0.02560902236767504,0.05153716228701333,0.05150157782057363,0.04589386020310705,1.1229642060818459,1.122188841658757,0.2614526966828704,0.2617821559645016,0.251,0.249,0.249,True,999,0.00010975007899105549,0.0007857499876990914,strong_2x2_bal_100,strong_null,True,1742,1062694068,0.0,0,0
100,100,0.0770862753790208,0.09435319729244684,0.07187174842147215,0.08912246089957421,-0.017266921913426048,-0.01725071247810206,0.0557401766277016,-0.3097751560558346,-0.30948435261198737,0.7567319455001177,0.7569531131343765,0.749,0.76,0.76,True,999,0.00010704097803682089,0.0007877079769968987,strong_2x2_bal_100,strong_null,True,1743,1062694068,0.0,0,0
100,100,0.07542799403387956,0.03339837382168831,0.07020722017513492,0.02821908310569654,0.042029620212191254,0.04198813706943838,0.04525081032108744,0.928814753016808,0.9278980148974567,0.3529850974656813,0.3534604742415858,0.381,0.368,0.368,True,999,0.0001057089539244771,0.000789542100392282,strong_2x2_bal_100,strong_null,True,1744,1062694068,0.0,0,0
100,100,0.08348437420425248,0.03399183196071365,0.07824483280955974,0.028815487930302197,0.04949254224353883,0.04942934487925754,0.04663446813449217,1.0612867311106469,1.0599315668553364,0.2885596140153308,0.2891757333815289,0.293,0.294,0.294,True,999,0.00010579207446426153,0.0007852090056985617,strong_2x2_bal_100,strong_null,True,1745,1062694068,0.0,0,0
100,100,0.035422020458493186,0.018877860486297915,0.030240250363220866,0.013708289969102339,0.01654415997219527,0.016531960394118528,0.032443545255120776,0.5099368716365545,0.5095608468223485,0.6100956892130139,0.6103591598243139,0.609,0.602,0.602,True,999,0.00010929210111498833,0.0007859589532017708,strong_2x2_bal_100,strong_null,True,1746,1062694068,0.0,0,0
100,100,0.03432252655653312,0.0743517013374243,0.029146412337979655,0.0691471279678808,-0.040029174780891186,-0.04000071562990115,0.04512348901861137,-0.8871028294017997,-0.8864721345772417,0.3750235408955448,0.3753631634043121,0.366,0.374,0.375,True,999,0.00010633294004946947,0.0008258749730885029,strong_2x2_bal_100,strong_null,True,1747,1062694068,0.0,0,0
100,100,0.015259993633018887,0.11048873398445846,0.010093761204842622,0.10524786671719255,-0.09522874035143958,-0.09515410551234993,0.04749058987376473,-2.0052128348914633,-2.0036412637804695,0.04494029852997426,0.04510850230071115,0.02,0.018,0.018,True,999,0.00010583293624222279,0.0008167920168489218,strong_2x2_bal_100,strong_null,True,1748,1062694068,0.0,0,0
100,100,0.02449100150881167,0.028318231835575802,0.019321222187500098,0.023136391982248483,-0.0038272303267641306,-0.0038151697947483854,0.03206265690829114,-0.11936722330002665,-0.11899106819690336,0.9049844276157117,0.905282432052156,0.919,0.918,0.918,True,999,0.00010575004853308201,0.0007924999808892608,strong_2x2_bal_100,strong_null,True,1749,1062694068,0.0,0,0
100,100,0.0465733363308064,0.11029737869519218,0.0413868864686151,0.1050463495990499,-0.06372404236438578,-0.0636594631304348,0.0532431965790294,-1.1968485451432196,-1.1956356346100376,0.23136559281368474,0.23183877914902384,0.242,0.246,0.246,True,999,0.00011208292562514544,0.0008446250576525927,strong_2x2_bal_100,strong_null,True,1750,1062694068,0.0,0,0
100,100,0.029187059905653623,0.08480595619440934,0.024004358603122,0.07957885016601551,-0.055618896288755715,-0.05557449156289351,0.04593559920444323,-1.2108015842182778,-1.2098349107312383,0.22597145789391626,0.22634224732052632,0.244,0.25,0.25,True,999,0.00011229200754314661,0.0007856669835746288,strong_2x2_bal_100,strong_null,True,1751,1062694068,0.0,0,0
100,100,0.05286967496666373,0.026161610517718592,0.047680185505157624,0.020977766617747307,0.026708064448945135,0.026702418887410317,0.03886479061607081,0.6872046401274371,0.6870593785308782,0.4919537807364385,0.4920453110011008,0.504,0.506,0.506,True,999,0.00011020794045180082,0.0008148750057443976,strong_2x2_bal_100,strong_null,True,1752,1062694068,0.0,0,0
100,100,0.05940846856642301,0.04062065055171926,0.054215277101889114,0.03543525292899119,0.01878781801470375,0.018780024172897924,0.0435833397875803,0.4310779785641304,0.43089915239239107,0.66641167212433,0.6665416997978317,0.682,0.68,0.68,True,999,0.00011216604616492987,0.0007967919809743762,strong_2x2_bal_100,strong_null,True,1753,1062694068,0.0,0,0
100,100,0.03505830987020098,0.031080629950831273,0.029880180440102322,0.02590104045181363,0.003977679919369703,0.0039791399882886935,0.03571652432199732,0.11136805707939237,0.11140893644676382,0.911324489214876,0.911292073918583,0.979,0.981,0.981,True,999,0.0001079590292647481,0.0007854589493945241,strong_2x2_bal_100,strong_null,True,1754,1062694068,0.0,0,0
100,100,0.06822667887712619,0.02509373622103761,0.06302208908152807,0.01992232242085379,0.04313294265608858,0.04309976666067428,0.04188372007923566,1.0298259699589636,1.029033872328869,0.3030917073905455,0.30346375816007165,0.255,0.269,0.269,True,999,0.0001070419093593955,0.0007867499953135848,strong_2x2_bal_100,strong_null,True,1755,1062694068,0.0,0,0
100,100,0.04516710103441712,0.04736518804305412,0.039984297889105846,0.04216824526535845,-0.0021980870086369952,-0.002183947376252604,0.041967439566945514,-0.052376009385339234,-0.05203909027542222,0.958229089610493,0.9584975460596149,0.957,0.957,0.957,True,999,0.00010800000745803118,0.0008134999079629779,strong_2x2_bal_100,strong_null,True,1756,1062694068,0.0,0,0
100,100,0.04553574499710511,0.08184104908998313,0.040353131483556126,0.07660576891150583,-0.03630530409287802,-0.03625263742794971,0.04844998616344427,-0.7493356957916024,-0.7482486642132931,0.45365489813680615,0.45431018277206614,0.443,0.443,0.443,True,999,0.00011058291420340538,0.0007839580066502094,strong_2x2_bal_100,strong_null,True,1757,1062694068,0.0,0,0
100,100,0.027519653701983282,0.0018018044502975394,0.022336222577280296,-0.0033535075362749467,0.025717849251685743,0.025689730113555242,0.023839804133479258,1.078777707555452,1.0775982038156955,0.2806868348341507,0.2812131041517516,0.214,0.214,0.214,True,999,0.00010583305265754461,0.0007890000706538558,strong_2x2_bal_100,strong_null,True,1758,1062694068,0.0,0,0
100,100,0.019968949946638226,0.05247954414889877,0.014802221581192043,0.04728988711312354,-0.032510594202260545,-0.0324876655319315,0.03720868955894076,-0.8737366079706153,-0.8731203898075777,0.3822617098578137,0.3825974612674541,0.386,0.383,0.383,True,999,0.0001052910229191184,0.000845458940602839,strong_2x2_bal_100,strong_null,True,1759,1062694068,0.0,0,0
100,100,0.07615706581982717,0.01236202464072278,0.07093515635396841,0.007199555398415214,0.0637950411791044,0.0637356009555532,0.04089851466712596,1.5598376053099687,1.5583842463301871,0.11879826228547562,0.11914218880479795,0.109,0.109,0.109,True,999,0.00011129199992865324,0.0007949999999254942,strong_2x2_bal_100,strong_null,True,1760,1062694068,0.0,0,0
100,100,0.02364422431130242,0.052772083710488804,0.018471408995495153,0.047582552563653735,-0.029127859399186384,-0.02911114356815858,0.038208518391446754,-0.7623394108290485,-0.7619019211871695,0.44585745784558806,0.44611854328793044,0.415,0.421,0.421,True,999,0.00010754098184406757,0.0007945830002427101,strong_2x2_bal_100,strong_null,True,1761,1062694068,0.0,0,0
100,100,0.07435170133742408,0.08243557958001091,0.0691471279678808,0.07722587845455564,-0.008083878242586828,-0.008078750486674835,0.053695823623937815,-0.15054947846973712,-0.15045398210585031,0.8803311173482272,0.8804064543521346,0.888,0.888,0.888,True,999,0.00010699999984353781,0.0008023749105632305,strong_2x2_bal_100,strong_null,True,1762,1062694068,0.0,0,0
100,100,0.044607938725932605,0.019077918605384214,0.03939424236190803,0.013910655710276387,0.02553002012054839,0.02548358665163164,0.03490080508352926,0.7315023266496731,0.7301718854519522,0.4644723839085064,0.4652851253826713,0.424,0.436,0.436,True,999,0.00012129195965826511,0.0007921250071376562,strong_2x2_bal_100,strong_null,True,1763,1062694068,0.0,0,0
100,100,0.039641509977818234,0.09998735876338982,0.03446305782784975,0.09472999520299652,-0.06034584878557159,-0.06026693737514677,0.050242743209379555,-1.2010858669497555,-1.1995152638062136,0.22971789472786164,0.23032765321830173,0.224,0.225,0.225,True,999,0.00011387502308934927,0.0007889589760452509,strong_2x2_bal_100,strong_null,True,1764,1062694068,0.0,0,0
100,100,0.0811512510014003,0.019077918605384214,0.07591581505259626,0.013910655710276387,0.06207333239601609,0.06200515934231987,0.04293148233719645,1.445869767749316,1.444281817602131,0.14821373292471376,0.14865971822222623,0.156,0.155,0.155,True,999,0.00011129106860607862,0.0007911669090390205,strong_2x2_bal_100,strong_null,True,1765,1062694068,0.0,0,0
100,100,0.0317534780047517,0.09090858770311627,0.026576723668100044,0.08569033444935314,-0.05915510969836457,-0.0591136107812531,0.04759503309516978,-1.2428840963316397,-1.2420121793602092,0.2139105469899455,0.21423206841426434,0.186,0.182,0.182,True,999,0.00011408398859202862,0.0008041249820962548,strong_2x2_bal_100,strong_null,True,1766,1062694068,0.0,0,0
100,100,0.08630462173553399,0.019968949946638226,0.08106570661712453,0.014802221581192043,0.06633567178889577,0.06626348503593249,0.04416399797846264,1.5020304959991515,1.5003959801883664,0.1330892331509578,0.13351186019310665,0.118,0.127,0.128,True,999,0.00011449994053691626,0.0008094999939203262,strong_2x2_bal_100,strong_null,True,1767,1062694068,0.0,0,0
100,100,0.05920485057744174,0.07311050662209362,0.05401158379129356,0.06789942459688803,-0.013905656044651882,-0.013887840805594465,0.049801406506958926,-0.27922215495477615,-0.27886442933401623,0.780074342327787,0.7803488673282263,0.779,0.778,0.778,True,999,0.00010766694322228432,0.0008374589961022139,strong_2x2_bal_100,strong_null,True,1768,1062694068,0.0,0,0
100,100,0.015090087403158647,0.10533222030442069,0.009924578542396034,0.1000969837944865,-0.09024213290126204,-0.09017240525209047,0.046748530117727935,-1.9303736967558793,-1.928882149342603,0.05356055160857712,0.053745494361132365,0.039,0.042,0.042,True,999,0.00010987510904669762,0.0008124160813167691,strong_2x2_bal_100,strong_null,True,1769,1062694068,0.0,0,0
100,100,0.012635159247233352,0.01986940935839754,0.0074731455935932445,0.014703076545998783,-0.007234250111164187,-0.007229930952405539,0.025281472952315948,-0.28614828435071393,-0.28597744150596377,0.7747645513530819,0.7748953994078632,0.828,0.855,0.855,True,999,0.00010991701856255531,0.0007883339421823621,strong_2x2_bal_100,strong_null,True,1770,1062694068,0.0,0,0
100,100,0.0464200989716681,0.10109391384941735,0.04122267707133176,0.09585830900522296,-0.05467381487774925,-0.054635631933891204,0.05185952583975837,-1.0542675427979578,-1.0535312664198044,0.2917604443062788,0.29209757215597987,0.288,0.297,0.297,True,999,0.00010770896915346384,0.0007915840251371264,strong_2x2_bal_100,strong_null,True,1771,1062694068,0.0,0,0
100,100,0.024947627515162663,0.11703596008802852,0.01977607778650281,0.11177094737094251,-0.09208833257286586,-0.0919948695844397,0.05015496890947766,-1.8360759576797216,-1.8342124735532566,0.06634642352466147,0.06662246056053014,0.055,0.054,0.054,True,999,0.0001069169957190752,0.0007875830633565784,strong_2x2_bal_100,strong_null,True,1772,1062694068,0.0,0,0
100,100,0.05142768388279051,0.021745934903917852,0.0462399154987736,0.016567650525757927,0.029681748978872657,0.029672264973015672,0.03744783388767679,0.7926159111873284,0.7923626520566286,0.42800163563453564,0.4281492498491041,0.423,0.425,0.423,True,999,0.00010800000745803118,0.0008282499620690942,strong_2x2_bal_100,strong_null,True,1773,1062694068,0.0,0,0
100,100,0.09061344737426269,0.05818888357910945,0.08535889141705866,0.05299523256310579,0.03242456379515324,0.03236365885395287,0.05207400178049925,0.622663184823557,0.6214936004029646,0.5335058803026607,0.5342749038715269,0.541,0.54,0.54,True,999,0.0001117499778047204,0.0008257500594481826,strong_2x2_bal_100,strong_null,True,1774,1062694068,0.0,0,0
100,100,0.03257654825003353,0.059630091707797095,0.027396647155057963,0.05443352642824095,-0.027053543457763563,-0.02703687927318299,0.041833503710239334,-0.6466956161537536,-0.6462972707343501,0.5178289608972254,0.5180868550743638,0.475,0.476,0.476,True,999,0.00010858301538974047,0.000783375115133822,strong_2x2_bal_100,strong_null,True,1775,1062694068,0.0,0,0
100,100,0.09255801220676119,0.07408028741081829,0.08733498644816962,0.06887766347202273,0.018477724795942896,0.018457322976146884,0.0551430527895355,0.3350870846136653,0.33471710473834215,0.7375593952276522,0.7378384972953388,0.708,0.711,0.711,True,999,0.0001206250162795186,0.0007915419992059469,strong_2x2_bal_100,strong_null,True,1776,1062694068,0.0,0,0
100,100,0.08460565016983379,0.03284120813174418,0.07938719564293706,0.02766403529844297,0.05176444203808961,0.05172316034449409,0.04664228902392366,1.109817788135113,1.1089327180740285,0.26707755249286025,0.26745920813272805,0.255,0.256,0.255,True,999,0.0001057919580489397,0.0008397080237045884,strong_2x2_bal_100,strong_null,True,1777,1062694068,0.0,0,0
100,100,0.0673692784046086,0.004480931000822808,0.0621644242036723,-0.0006972340438693436,0.0628883474037858,0.06286165824754164,0.03663130608570581,1.7167923867264439,1.716063798011051,0.08601711250144005,0.08615036627588016,0.065,0.053,0.053,True,999,0.00010862504132091999,0.0007919999770820141,strong_2x2_bal_100,strong_null,True,1778,1062694068,0.0,0,0
100,100,0.06639707712193688,0.07818481289216117,0.061199525402599875,0.07297517739610271,-0.011787735770224295,-0.011775651993502834,0.051807800912251976,-0.2275282015963087,-0.2272949591789761,0.8200130425169248,0.82019439253442,0.838,0.837,0.837,True,999,0.00010699999984353781,0.0007899589836597443,strong_2x2_bal_100,strong_null,True,1779,1062694068,0.0,0,0
100,100,0.04725555557675609,0.07188236839680184,0.04206490692027387,0.06667912661832531,-0.02462681282004575,-0.024614219698051443,0.04725732962149258,-0.5211215491288679,-0.5208550693659365,0.6022821002119785,0.6024677370980598,0.596,0.593,0.593,True,999,0.00010612502228468657,0.0007994580082595348,strong_2x2_bal_100,strong_null,True,1780,1062694068,0.0,0,0
100,100,0.029922616227185728,0.02249088844895253,0.024746425698552343,0.017319090581978003,0.007431727778233199,0.007427335116574341,0.03194094342543462,0.23267089137746957,0.2325333668967318,0.816016974230226,0.8161237743143666,0.829,0.822,0.822,True,999,0.00010583305265754461,0.0008080829866230488,strong_2x2_bal_100,strong_null,True,1781,1062694068,0.0,0,0
100,100,0.08049150769159152,0.053733087682611425,0.07527796212251303,0.048539934671850915,0.0267584200089801,0.026738027450662116,0.049932356017091506,0.5358933994586771,0.5354849957712765,0.5920322265003897,0.5923145301601687,0.605,0.605,0.605,True,999,0.00010608299635350704,0.0008096669334918261,strong_2x2_bal_100,strong_null,True,1782,1062694068,0.0,0,0
100,100,0.1003553257574008,0.10947440648690043,0.09512687225068817,0.10423340558682526,-0.009119080729499629,-0.00910653333613709,0.06115535534783504,-0.1491133634598765,-0.14890819102172825,0.8814641812646007,0.88162607777834,0.878,0.878,0.878,True,999,0.00010858301538974047,0.0008331250865012407,strong_2x2_bal_100,strong_null,True,1783,1062694068,0.0,0,0
100,100,0.009248434568612018,0.04763194464340381,0.004084606839640514,0.04244147901501094,-0.03838351007479179,-0.03835687217537043,0.03297186448283435,-1.1641291955077282,-1.163321297627545,0.24437165861336274,0.2446991677971766,0.214,0.216,0.216,True,999,0.00011412508320063353,0.000842750072479248,strong_2x2_bal_100,strong_null,True,1784,1062694068,0.0,0,0
100,100,0.03455808483129841,0.016089962743297548,0.029379615102087087,0.010922942861185447,0.01846812208800086,0.01845667224090164,0.03135613737767094,0.5889794991506899,0.588614344254176,0.5558750261070744,0.556120009242651,0.553,0.552,0.552,True,999,0.00011891697067767382,0.0007870410336181521,strong_2x2_bal_100,strong_null,True,1785,1062694068,0.0,0,0
100,100,0.052014752705386025,0.049077081234740305,0.046828016581656584,0.04388096116522888,0.0029376714706457197,0.002947055416427702,0.04373855388414566,0.06716434837848094,0.06737889469857278,0.9464508668825512,0.9462800705909037,0.965,0.965,0.965,True,999,0.00010841700714081526,0.00083033402916044,strong_2x2_bal_100,strong_null,True,1786,1062694068,0.0,0,0
100,100,0.07697233868900777,0.025697837848099536,0.07176126981926245,0.020512762218999114,0.05127450084090823,0.05124850760026334,0.04389187806335658,1.1682002024815403,1.1676079917630249,0.242726018844443,0.2429649250853796,0.214,0.217,0.217,True,999,0.00011191703379154205,0.0007884589722380042,strong_2x2_bal_100,strong_null,True,1787,1062694068,0.0,0,0
100,100,0.07457264285283094,0.09138291164981582,0.06936812884669052,0.08616474974454036,-0.016810268796984884,-0.016796620897849834,0.05506848170831411,-0.3052611634732415,-0.3050133284374521,0.7601672521867096,0.7603560010983873,0.817,0.816,0.816,True,999,0.00010808301158249378,0.0007845829240977764,strong_2x2_bal_100,strong_null,True,1788,1062694068,0.0,0,0
100,100,0.02098230180000349,0.015090087403158647,0.015812546047186515,0.0099245785424813,0.0058922143968448415,0.005887967504705216,0.026606856906368236,0.22145473317573883,0.22129511672218438,0.8247383792468089,0.8248626520270058,0.776,0.777,0.777,True,999,0.00010979198850691319,0.0007939160568639636,strong_2x2_bal_100,strong_null,True,1789,1062694068,0.0,0,0
100,100,0.023548064415132797,0.08368073881203542,0.018378452151807778,0.07846208068892224,-0.06013267439690262,-0.060083628537114464,0.044566490658679195,-1.3492799973289338,-1.3481794875274378,0.17724704798287294,0.17760066043200406,0.14,0.133,0.133,True,999,0.0001069169957190752,0.0007900421041995287,strong_2x2_bal_100,strong_null,True,1790,1062694068,0.0,0,0
100,100,0.05124058133734688,0.040946500461845226,0.046053502335041685,0.035759858778433795,0.010294080875501654,0.01029364355660789,0.041976525898448365,0.2452342268725523,0.24522380869514473,0.8062750761421065,0.8062831424197707,0.799,0.794,0.794,True,999,0.0001105000264942646,0.0007909589912742376,strong_2x2_bal_100,strong_null,True,1791,1062694068,0.0,0,0
100,100,0.04419460853800783,0.052014752705386025,0.038996634445069844,0.046828016581656584,-0.007820144167378196,-0.00783138213658674,0.04286383138245521,-0.182441557722698,-0.18270373608720938,0.8552362146850797,0.8550304841332875,0.856,0.856,0.856,True,999,0.00010770896915346384,0.000820541987195611,strong_2x2_bal_100,strong_null,True,1792,1062694068,0.0,0,0
100,100,0.07078772604321837,0.01799216128088843,0.06558415920513028,0.012820506251557617,0.05279556476232994,0.05276365295357266,0.040880034289024515,1.291475549875077,1.2906949289848972,0.19653882801593492,0.19680948376985052,0.168,0.168,0.168,True,999,0.0001065409742295742,0.0007888328982517123,strong_2x2_bal_100,strong_null,True,1793,1062694068,0.0,0,0
100,100,0.03317667365420052,0.0749012577510274,0.027985384407472225,0.06969267816045033,-0.04172458409682689,-0.0417072937529781,0.044922215168975,-0.9288184908041552,-0.9284335956296018,0.3529831600551443,0.3531826984165837,0.359,0.356,0.356,True,999,0.00010845798533409834,0.0008050409378483891,strong_2x2_bal_100,strong_null,True,1794,1062694068,0.0,0,0
100,100,0.028350337108182133,0.021629692608799322,0.023175835961268376,0.01645183428708208,0.006720644499382811,0.006724001674186297,0.031197454487369103,0.2154228481078094,0.2155304586439461,0.8294376579422229,0.8293537674641843,0.839,0.834,0.834,True,999,0.00010716693941503763,0.0008631249656900764,strong_2x2_bal_100,strong_null,True,1795,1062694068,0.0,0,0
100,100,0.08152099085670961,0.027436578941206213,0.07631107733922704,0.02225828840151678,0.054084411915503394,0.05405278893771026,0.04506056754396584,1.2002603354414687,1.1995585471703316,0.23003824921125682,0.2303108338244887,0.218,0.215,0.215,True,999,0.00011237501166760921,0.0007864170474931598,strong_2x2_bal_100,strong_null,True,1796,1062694068,0.0,0,0
100,100,0.04553574499710511,0.06263305580710976,0.040353131483556126,0.0574245818015271,-0.01709731081000465,-0.01707145031797097,0.045100847670922116,-0.3790906755180082,-0.37851728292409575,0.7046205303108629,0.7050463572619172,0.728,0.73,0.73,True,999,0.00011433300096541643,0.0007881670026108623,strong_2x2_bal_100,strong_null,True,1797,1062694068,0.0,0,0
100,100,0.04620082918151336,0.07689873251463208,0.04101419296897291,0.07167489194772259,-0.030697903333118726,-0.03066069897874968,0.047834220316265184,-0.6417561137226364,-0.6409783367645704,0.5210315487078709,0.5215367578419792,0.468,0.473,0.473,True,999,0.00011016696225851774,0.0007911249995231628,strong_2x2_bal_100,strong_null,True,1798,1062694068,0.0,0,0
100,100,0.01647169930152559,0.01574093576543556,0.011307154727290936,0.01057539250727757,0.0007307635360900289,0.0007317622200133655,0.025178117808358824,0.029023755534554867,0.02906342029150525,0.9768456443962062,0.9768140098441905,0.971,0.971,0.971,True,999,0.00010929093696177006,0.0007885830709710717,strong_2x2_bal_100,strong_null,True,1799,1062694068,0.0,0,0
100,100,0.02611143811311356,0.09136637883935106,0.020913307971355266,0.08614312772530752,-0.0652549407262375,-0.06522981975395226,0.04644437271935865,-1.4050128552826455,-1.4044719722689587,0.1600174556295414,0.16017835208902076,0.123,0.137,0.137,True,999,0.00010966707486659288,0.0007915830938145518,strong_2x2_bal_100,strong_null,True,1800,1062694068,0.0,0,0
100,100,0.02364422431130242,0.0743517013374243,0.018471408995495153,0.0691471279678808,-0.05070747702612188,-0.05067571897238565,0.04284360914420392,-1.1835482126505634,-1.1828069573181907,0.23659195077798123,0.2368856626329936,0.216,0.218,0.218,True,999,0.00010891701094806194,0.0008327909745275974,strong_2x2_bal_100,strong_null,True,1801,1062694068,0.0,0,0
100,100,0.11929172369603536,0.12606076571727898,0.11404978691319911,0.12079100139708032,-0.006769042021243621,-0.006741214483881208,0.06527649018886736,-0.10369800829760381,-0.10327170569950306,0.9174090072831185,0.9177473311085833,0.909,0.909,0.909,True,999,0.00011729192920029163,0.0008117500692605972,strong_2x2_bal_100,strong_null,True,1802,1062694068,0.0,0,0
100,100,0.030237614093372445,0.05031393641726378,0.025061670521978385,0.04511925853536525,-0.020076322323891338,-0.020057588013386862,0.03926318023981458,-0.511326953172608,-0.5108498061256789,0.6091221347232576,0.609456230494562,0.607,0.607,0.607,True,999,0.00011279108002781868,0.0008318749023601413,strong_2x2_bal_100,strong_null,True,1803,1062694068,0.0,0,0
100,100,0.02249088844895253,0.02725651134382212,0.017319090581978003,0.02207455741273634,-0.004765622894869592,-0.004755466830758337,0.031226253606085164,-0.1526159031111212,-0.15229066191378218,0.8787011830519629,0.8789576897286163,0.906,0.906,0.906,True,999,0.00010787497740238905,0.0008524999720975757,strong_2x2_bal_100,strong_null,True,1804,1062694068,0.0,0,0
100,100,0.009836267002215071,0.10994204993503087,0.004676295423678312,0.10471052906892453,-0.1001057829328158,-0.10003423364524622,0.046316585012213675,-2.16133773477509,-2.1597929471455464,0.030669260056918002,0.030788701882673117,0.023,0.023,0.023,True,999,0.00011145893950015306,0.0007915419992059469,strong_2x2_bal_100,strong_null,True,1805,1062694068,0.0,0,0
100,100,0.06900280856466945,0.0749012577510274,0.06379136749795578,0.0696926781604219,-0.005898449186357957,-0.0059013106624661305,0.0515517432329874,-0.11441803548136087,-0.11447354235520683,0.9089064176365985,0.9088624186503391,0.901,0.901,0.901,True,999,0.00010812492109835148,0.0007910829735919833,strong_2x2_bal_100,strong_null,True,1806,1062694068,0.0,0,0
100,100,0.01099482693428977,0.016173411198517784,0.0058294261797868785,0.011009431570727202,-0.005178584264228014,-0.005180005390940323,0.023156473632304074,-0.2236344076588463,-0.22369577826021136,0.8230417882152242,0.8229940311735504,0.809,0.809,0.809,True,999,0.0001065409742295742,0.0007931250147521496,strong_2x2_bal_100,strong_null,True,1807,1062694068,0.0,0,0
100,100,0.07236826439092225,0.03481663247178246,0.06716313805952723,0.029632280269439093,0.037551631919139794,0.037530857790088135,0.04492957505233637,0.8357887176853475,0.8353263467631329,0.40327377468728565,0.40353398699885057,0.385,0.378,0.378,True,999,0.00010537495836615562,0.0007835410069674253,strong_2x2_bal_100,strong_null,True,1808,1062694068,0.0,0,0
100,100,0.08152099085670961,0.04572033088704963,0.07631107733922704,0.04053781125691103,0.035800659969659976,0.03577326608231601,0.04866349537703921,0.7356779387152638,0.7351150139370143,0.46192671863355217,0.4622694512718445,0.495,0.49,0.49,True,999,0.00010866695083677769,0.0007867499953135848,strong_2x2_bal_100,strong_null,True,1809,1062694068,0.0,0,0
100,100,0.020168903711830666,0.05899469949768721,0.015002401593903869,0.05380304350626375,-0.03882579578585654,-0.03880064191235988,0.03878723307051803,-1.0009942115558592,-1.0003457024587825,0.3168296068594455,0.3171432370320415,0.327,0.324,0.324,True,999,0.0001064579701051116,0.0008358329068869352,strong_2x2_bal_100,strong_null,True,1810,1062694068,0.0,0,0
100,100,0.0537330876826112,0.06607918563312642,0.048539934671850915,0.060881532323605825,-0.012346097950515222,-0.01234159765175491,0.04739648831441698,-0.26048549986687114,-0.26039054982056264,0.7944892987978642,0.7945625317576253,0.828,0.829,0.829,True,999,0.00010750000365078449,0.0008189589716494083,strong_2x2_bal_100,strong_null,True,1811,1062694068,0.0,0,0
100,100,0.049699981963282625,0.07556761288570846,0.04451218941593993,0.0703592093314569,-0.025867630922425833,-0.025847019915516967,0.048353380777672636,-0.5349704716897544,-0.5345442138650195,0.5926702760330997,0.5929650681205928,0.569,0.569,0.569,True,999,0.00011091702617704868,0.0007953749736770988,strong_2x2_bal_100,strong_null,True,1812,1062694068,0.0,0,0
100,100,0.04725555557675609,0.06986929621782778,0.04206490692027387,0.06465811174034286,-0.02261374064107169,-0.02259320482006899,0.046767821642983015,-0.48353204931589167,-0.483092947808033,0.6287180091893287,0.6290297411652574,0.58,0.585,0.585,True,999,0.00011145905591547489,0.0008356249891221523,strong_2x2_bal_100,strong_null,True,1813,1062694068,0.0,0,0
100,100,0.09103835747329436,0.07385998717818298,0.08582259536504466,0.06865730333458941,0.017178370295111378,0.017165292030455248,0.054933693654739546,0.31271100033939314,0.3124729266948586,0.754500237372972,0.7546811351011755,0.764,0.759,0.771,True,999,0.00011633394751697779,0.0007932080188766122,strong_2x2_bal_100,strong_null,True,1814,1062694068,0.0,0,0
100,100,0.08243557958001091,0.08368073881203564,0.07722587845455564,0.07846208068889382,-0.0012451592320247284,-0.0012362022343381796,0.055095600105086996,-0.02259997585378442,-0.022437403930264853,0.9819693630895503,0.9820990438330407,0.977,0.977,0.977,True,999,0.0001082499511539936,0.0007959160720929503,strong_2x2_bal_100,strong_null,True,1815,1062694068,0.0,0,0
100,100,0.07848174596893032,0.06639707712193688,0.07325830271493317,0.061199525402599875,0.01208466884699344,0.01205877731233329,0.051671498666931354,0.2338749438039305,0.23337386418889855,0.8150820657600015,0.8154711062622513,0.8,0.8,0.8,True,999,0.00010895798914134502,0.000802458031103015,strong_2x2_bal_100,strong_null,True,1816,1062694068,0.0,0,0
100,100,0.05031393641726378,0.02227406279154165,0.04511925853536525,0.017103125997195434,0.028039873625722134,0.028016132538169813,0.03732213019674761,0.7512934947149836,0.750657381839669,0.4524760433759306,0.4528588778105229,0.46,0.437,0.437,True,999,0.00010774994734674692,0.0007870410336181521,strong_2x2_bal_100,strong_null,True,1817,1062694068,0.0,0,0
100,100,0.10698566673119136,0.0747907071431303,0.10173417754229774,0.06955804872060867,0.03219495958806107,0.032176128821689076,0.057139820970240895,0.5634417301522276,0.5631121742304162,0.5731341280469208,0.5733585020325939,0.553,0.567,0.567,True,999,0.00010987499263137579,0.0007905000820755959,strong_2x2_bal_100,strong_null,True,1818,1062694068,0.0,0,0
100,100,0.056757221304805316,0.05178102088299952,0.051540740130121776,0.046586289480345044,0.004976200421805799,0.0049544506497767316,0.045267679519339916,0.10992833020477212,0.10944785998275036,0.9124662144423437,0.9128472749412647,0.932,0.931,0.931,True,999,0.00010912504512816668,0.0007986249402165413,strong_2x2_bal_100,strong_null,True,1819,1062694068,0.0,0,0
100,100,0.05818888357910945,0.06481048057679772,0.05299523256310579,0.05961241050464139,-0.006621596997688273,-0.006617177941535601,0.048049353000285705,-0.13780824473638387,-0.1377162756280247,0.8903919681777779,0.8904646558768347,0.886,0.885,0.885,True,999,0.00012083293404430151,0.0008108330657705665,strong_2x2_bal_100,strong_null,True,1820,1062694068,0.0,0,0
100,100,0.019086063223510807,0.10968995315980556,0.013910376175104489,0.10445839921948163,-0.09060388993629476,-0.09054802304437715,0.048164882738571356,-1.8811192882597312,-1.8799593790324867,0.05995569375154137,0.060113614248962506,0.047,0.046,0.046,True,999,0.00011420901864767075,0.0008222920587286353,strong_2x2_bal_100,strong_null,True,1821,1062694068,0.0,0,0
100,100,0.015259993633018887,0.01647169930152559,0.010093761204842622,0.011307154727290936,-0.0012117056685067018,-0.0012133935224483139,0.02499578468593979,-0.04847640047036771,-0.04854392601368709,0.9613365720213601,0.9612827577889544,0.944,0.944,0.944,True,999,0.00011395802721381187,0.000861041946336627,strong_2x2_bal_100,strong_null,True,1822,1062694068,0.0,0,0
100,100,0.06270638444918264,0.13062646910372555,0.057507581338796854,0.12536393385300926,-0.06792008465454291,-0.0678563525142124,0.05860699802005421,-1.1589074163345126,-1.1578199670113327,0.24649392557333916,0.2469375133080265,0.242,0.237,0.237,True,999,0.00011737504974007607,0.0007879589684307575,strong_2x2_bal_100,strong_null,True,1823,1062694068,0.0,0,0
100,100,0.05510592238456247,0.013496852612789878,0.04990744459784935,0.008332045241758124,0.04160906977177259,0.041575399356091225,0.036073191837084566,1.1534623816957872,1.1525289900559947,0.24872064951521666,0.2491037640574062,0.231,0.23,0.23,True,999,0.00011133297812193632,0.0007838329765945673,strong_2x2_bal_100,strong_null,True,1824,1062694068,0.0,0,0
100,100,0.03988480078387058,0.07954512595617547,0.03470583080502365,0.07430931311556321,-0.03966032517230489,-0.03960348231053956,0.04701300063431205,-0.843603357309619,-0.8423942691638212,0.39889108759037106,0.3995672997592916,0.401,0.401,0.401,True,999,0.00010895798914134502,0.0007884579245001078,strong_2x2_bal_100,strong_null,True,1825,1062694068,0.0,0,0
100,100,0.14480090581987914,0.02397749898902679,0.13951919353337416,0.018808310652389082,0.12082340683085235,0.12071088288098508,0.0539700085628281,2.238713871801562,2.236628936985658,0.025174539363482098,0.025310602033222895,0.009,0.009,0.009,True,999,0.00010699999984353781,0.0007882500067353249,strong_2x2_bal_100,strong_null,True,1826,1062694068,0.0,0,0
100,100,0.057205186670445496,0.04550937731471627,0.05200228258068762,0.040325315708599874,0.011695809355729225,0.011676966872087746,0.04412471379232158,0.2650625545307103,0.2646355266358629,0.7909612730198536,0.7912902492409162,0.787,0.788,0.788,True,999,0.00011304195504635572,0.0007997910724952817,strong_2x2_bal_100,strong_null,True,1827,1062694068,0.0,0,0
100,100,0.03972898576624351,0.03405977333939536,0.034550585407856715,0.028880956446698747,0.005669212426848147,0.005669628961157969,0.03768853750047896,0.1504227227383419,0.15043377475408584,0.8804311150769563,0.8804223960543087,0.867,0.867,0.867,True,999,0.00011441600508987904,0.0008199589792639017,strong_2x2_bal_100,strong_null,True,1828,1062694068,0.0,0,0
100,100,0.037708628753393314,0.06557797314140257,0.03252831478010876,0.06033270198233254,-0.027869344388009254,-0.02780438720222378,0.043820505391017076,-0.635988657349495,-0.6345063105530385,0.5247838150350637,0.5257504497700607,0.519,0.524,0.53,True,999,0.00011495803482830524,0.0008359579369425774,strong_2x2_bal_100,strong_null,True,1829,1062694068,0.0,0,0
100,100,0.02659744230684913,0.028284234321003132,0.021419333102699056,0.023106691378444566,-0.0016867920141540038,-0.0016873582757455097,0.03264632296332568,-0.05166866774089434,-0.05168601308150566,0.9587927033991606,0.9587788822869802,0.965,0.965,0.965,True,999,0.00010945799294859171,0.0008246250217780471,strong_2x2_bal_100,strong_null,True,1830,1062694068,0.0,0,0
100,100,0.044843789224037756,0.0465733363308064,0.0396415672910706,0.0413868864686151,-0.0017295471067686474,-0.001745319177544502,0.041649546454528445,-0.04152619305607344,-0.041904878350835874,0.966876411820776,0.9665745274542519,0.985,0.985,0.985,True,999,0.00011033308692276478,0.000848500058054924,strong_2x2_bal_100,strong_null,True,1831,1062694068,0.0,0,0
100,100,0.02440927043779595,0.043980592599126345,0.019240497564368297,0.03879278479044501,-0.019571322161330396,-0.019552287226076714,0.03630501031631096,-0.5390804737641811,-0.5385561677500018,0.5898313282047343,0.5901931390535642,0.597,0.595,0.595,True,999,0.0001077079214155674,0.0008251250255852938,strong_2x2_bal_100,strong_null,True,1832,1062694068,0.0,0,0
100,100,0.08620559036598896,0.024908305558752786,0.08097878337117947,0.019733330573686203,0.061297284807236174,0.06124545279749327,0.045230088928035615,1.3552324627255243,1.3540864996957949,0.1753435049555343,0.1757087827608418,0.137,0.135,0.135,True,999,0.00010645901784300804,0.0008330000564455986,strong_2x2_bal_100,strong_null,True,1833,1062694068,0.0,0,0
100,100,0.059630091707797095,0.07285216779655856,0.05443352642821253,0.06762721076621858,-0.01322207608876147,-0.013193684338006051,0.04965483652236749,-0.2662797224758853,-0.2657079402942517,0.790023788640339,0.790464147679846,0.799,0.775,0.775,True,999,0.00011000002268701792,0.0008496670052409172,strong_2x2_bal_100,strong_null,True,1834,1062694068,0.0,0,0
100,100,0.07391015090475472,0.0015867749336891945,0.06870545758084745,-0.003570630777701922,0.07232337597106553,0.07227608835854937,0.03739677997445301,1.933946613063265,1.932682129528895,0.05311969216473676,0.0532753679655975,0.019,0.016,0.016,True,999,0.00011591601651161909,0.0007917500333860517,strong_2x2_bal_100,strong_null,True,1835,1062694068,0.0,0,0
100,100,0.028899737350249977,0.011569786638414237,0.023727442927850007,0.006401695170282551,0.01732995071183574,0.017325747757567456,0.028112691040913265,0.6164458139782822,0.6162963101736778,0.5376003241267533,0.5376989736939366,0.545,0.543,0.543,True,999,0.00010950001887977123,0.0007868750253692269,strong_2x2_bal_100,strong_null,True,1836,1062694068,0.0,0,0
100,100,0.05220314090689748,0.05116925536968098,0.04701571431220941,0.04596902816345505,0.0010338855372165057,0.001046686148754361,0.04435491473998433,0.023309379429028543,0.023597974539917486,0.9814034900451151,0.9811732877855698,0.984,0.984,0.982,True,999,0.00010774994734674692,0.0008248750818893313,strong_2x2_bal_100,strong_null,True,1837,1062694068,0.0,0,0
100,100,0.05131293593563868,0.09824065376246693,0.04612276262523096,0.09301738196127474,-0.04692771782682825,-0.046894619336043775,0.05239017839621162,-0.8957350263617663,-0.895103257358535,0.37039429860601014,0.3707318928626897,0.379,0.38,0.38,True,999,0.00010679196566343307,0.0008080420084297657,strong_2x2_bal_100,strong_null,True,1838,1062694068,0.0,0,0
100,100,0.04725555557675609,0.039379373902592496,0.04206490692027387,0.03420076535070393,0.007876181674163596,0.007864141569569938,0.040669529997726966,0.19366296277836992,0.1933669154772496,0.8464397941621036,0.8466716240522625,0.823,0.823,0.823,True,999,0.00010699999984353781,0.0007852090056985617,strong_2x2_bal_100,strong_null,True,1839,1062694068,0.0,0,0
100,100,0.013047219310541203,0.03399183196071365,0.007881696674047589,0.028815487930302197,-0.020944612650172445,-0.020933791256254608,0.030233373535268455,-0.6927646571011901,-0.6924067283406032,0.4884572553595421,0.4886819416461444,0.508,0.5,0.5,True,999,0.0001455000601708889,0.0007971669547259808,strong_2x2_bal_100,strong_null,True,1840,1062694068,0.0,0,0
100,100,0.081521341694757,0.09459370726667216,0.07630804452571738,0.08936301331438301,-0.013072365571915157,-0.013054968788665633,0.056503250130237354,-0.23135599353637118,-0.23104810357943198,0.8170382498317476,0.8172774316208004,0.833,0.833,0.833,True,999,0.00010808405932039022,0.0008005410199984908,strong_2x2_bal_100,strong_null,True,1841,1062694068,0.0,0,0
100,100,0.03284120813174418,0.047636403553459994,0.02766403529844297,0.04242424372071696,-0.014795195421715812,-0.01476020842227399,0.039116372011938745,-0.37823536950717607,-0.3773409358559381,0.7052557526584251,0.7059202543346532,0.72,0.722,0.722,True,999,0.00010741699952632189,0.0007917500333860517,strong_2x2_bal_100,strong_null,True,1842,1062694068,0.0,0,0
100,100,0.07276017128216583,0.0325654803121983,0.06755718170455793,0.027389344920791814,0.04019469096996753,0.04016783678376612,0.044504286549938245,0.9031644833776872,0.9025610766435679,0.3664386046316165,0.36675889229233694,0.35,0.332,0.332,True,999,0.00010850001126527786,0.0007881670026108623,strong_2x2_bal_100,strong_null,True,1843,1062694068,0.0,0,0
100,100,0.06822667887712641,0.019077918605384214,0.06302208908152807,0.013910655710276387,0.0491487602717422,0.04911143337125168,0.040500528155983304,1.2135338107802245,1.2126121709352635,0.22492579566440796,0.22527813338425684,0.194,0.193,0.193,True,999,0.00011270900722593069,0.0007918339688330889,strong_2x2_bal_100,strong_null,True,1844,1062694068,0.0,0,0
100,100,0.05818888357910945,0.10307039620116387,0.05299523256310579,0.09783509384494948,-0.04488151262205442,-0.044839861281843696,0.05412503481783737,-0.8292190993152643,-0.8284495600373514,0.4069804393540435,0.40741594922507274,0.392,0.395,0.395,True,999,0.00010770803783088923,0.000808166922070086,strong_2x2_bal_100,strong_null,True,1845,1062694068,0.0,0,0
100,100,0.048134992198562765,0.02913203618848237,0.042943288259863266,0.023959930575244925,0.019002956010080396,0.01898335768461834,0.03853975885323974,0.4930740766293861,0.49256555436445226,0.6219602470750305,0.6223195917243682,0.645,0.646,0.646,True,999,0.00010733399540185928,0.0008220419986173511,strong_2x2_bal_100,strong_null,True,1846,1062694068,0.0,0,0
100,100,0.08209242490492885,0.029044612334151232,0.07688264482766272,0.023832490119843897,0.05304781257077762,0.05305015470781882,0.04541943097523902,1.167954142791822,1.1680057096430774,0.2428252627641494,0.24280446180409954,0.231,0.233,0.229,True,999,0.00010658393148332834,0.0008147499756887555,strong_2x2_bal_100,strong_null,True,1847,1062694068,0.0,0,0
100,100,0.010323566489091718,0.058386195386126105,0.005156822365620428,0.053194310284851554,-0.04806262889703439,-0.048037487919231125,0.03611503863644398,-1.3308203649139667,-1.3301242289342619,0.18324812536894552,0.18347734380332958,0.166,0.164,0.164,True,999,0.00010745797771960497,0.0008414590265601873,strong_2x2_bal_100,strong_null,True,1848,1062694068,0.0,0,0
100,100,0.04606453410618794,0.05879172279147726,0.040880754384517104,0.053599990936902486,-0.012727188685289326,-0.012719236552385382,0.044540273669459625,-0.2857456328117738,-0.28556709477756775,0.7750729512569123,0.7752097089262112,0.808,0.809,0.809,True,999,0.00011662498582154512,0.000828583026304841,strong_2x2_bal_100,strong_null,True,1849,1062694068,0.0,0,0
100,100,0.016704622019252935,0.039534547637448014,0.011538431712835973,0.03435537000655131,-0.02282992561819508,-0.02281693829371534,0.03297804486109159,-0.6922765043943055,-0.6918826870975421,0.4887637022753599,0.4890110038763824,0.512,0.514,0.514,True,999,0.00011208304204046726,0.0008041250985115767,strong_2x2_bal_100,strong_null,True,1850,1062694068,0.0,0,0
100,100,0.05172414008263515,0.05075125708135153,0.04653727643929528,0.045563182125860635,0.0009728830012836198,0.000974094313434648,0.04410383933105872,0.022058918589395866,0.022086383594016795,0.9824009567114407,0.9823790481458897,0.925,0.924,0.924,True,999,0.00011325010564178228,0.0008072089403867722,strong_2x2_bal_100,strong_null,True,1851,1062694068,0.0,0,0
100,100,0.09855294390405489,0.11875924774499536,0.09332836474386852,0.11350278123885005,-0.020206303840940465,-0.02017441649498153,0.06210767310754516,-0.32534311510836006,-0.32482969471497775,0.7449214030536551,0.7453099690546312,0.742,0.742,0.742,True,999,0.00011475000064820051,0.0008531250059604645,strong_2x2_bal_100,strong_null,True,1852,1062694068,0.0,0,0
100,100,0.04758960796726952,0.05737869124476602,0.042399988056018856,0.05218472349366721,-0.009789083277496502,-0.00978473543764835,0.04464680410803334,-0.21925608054295523,-0.21915869754018463,0.8264505721289108,0.8265264279458698,0.832,0.832,0.832,True,999,0.00011770892888307571,0.000878542079590261,strong_2x2_bal_100,strong_null,True,1853,1062694068,0.0,0,0
100,100,0.040794829905367314,0.042326694798298425,0.03561094977699497,0.03713193948796345,-0.0015318648929311118,-0.001520989710968479,0.03983919838644414,-0.03845119768906673,-0.03817822076174147,0.9693279412845683,0.9695455855482837,0.935,0.936,0.936,True,999,0.0001115420600399375,0.0007882079808041453,strong_2x2_bal_100,strong_null,True,1854,1062694068,0.0,0,0
100,100,0.039733217591059744,0.10338169102620876,0.034548711132217136,0.09813553199647629,-0.06364847343514901,-0.06358682086425915,0.0509586143165867,-1.2490228450821874,-1.2478129893646275,0.21165671826861066,0.2120995506926583,0.202,0.206,0.206,True,999,0.00010837498120963573,0.0008122919825837016,strong_2x2_bal_100,strong_null,True,1855,1062694068,0.0,0,0
100,100,0.02611143811311356,0.07556761288570846,0.020913307971355266,0.0703592093314569,-0.049456174772594896,-0.04944590136010163,0.043525430718787915,-1.136259284649582,-1.1360232522353448,0.25584806542206273,0.2559468329909914,0.221,0.23,0.23,True,999,0.00011087500024586916,0.0008287499658763409,strong_2x2_bal_100,strong_null,True,1856,1062694068,0.0,0,0
100,100,0.03988480078387058,0.12046022793828759,0.03470583080502365,0.1152184146305899,-0.08057542715441701,-0.08051258382556625,0.05361315088986256,-1.5029041534966492,-1.5017319909244502,0.13286376180635526,0.1331663384456027,0.117,0.141,0.141,True,999,0.00011237501166760921,0.0009599579498171806,strong_2x2_bal_100,strong_null,True,1857,1062694068,0.0,0,0
100,100,0.01016732424939193,0.02509373622103761,0.004998953100042058,0.01992232242085379,-0.014926411971645681,-0.01492336932081173,0.026264334202596103,-0.5683148811809696,-0.5681990339331209,0.5698211761535057,0.5698998273747138,0.588,0.587,0.581,True,999,0.00012333295308053493,0.0008294590516015887,strong_2x2_bal_100,strong_null,True,1858,1062694068,0.0,0,0
100,100,0.03355826067659684,0.14899616297961127,0.028369750854125186,0.14371731712842006,-0.11543790230301443,-0.11534756627429488,0.056380327207139314,-2.0474854975371053,-2.0458832360179824,0.0406104393633848,0.04076786007285452,0.029,0.031,0.031,True,999,0.00011033297050744295,0.0008198750438168645,strong_2x2_bal_100,strong_null,True,1859,1062694068,0.0,0,0
100,100,0.08867575753133428,0.028350337108182133,0.08345952307649895,0.023175835961268376,0.06032542042315214,0.06028368711523058,0.046565715485531775,1.2954900358375376,1.2945938119207263,0.1951512364727087,0.19546038819487055,0.229,0.222,0.222,True,999,0.00014216604176908731,0.0008022920228540897,strong_2x2_bal_100,strong_null,True,1860,1062694068,0.0,0,0
100,100,0.10994204993503065,0.03972898576624351,0.10471052906892453,0.034550585407856715,0.07021306416878714,0.07015994366106781,0.0520880670853797,1.347968317843279,1.3469484967846044,0.1776685728582551,0.17799682074039758,0.157,0.169,0.169,True,999,0.00010800000745803118,0.0007870839908719063,strong_2x2_bal_100,strong_null,True,1861,1062694068,0.0,0,0
100,100,0.044955804955724266,0.03321907830533244,0.03977145582517494,0.028043423464055195,0.011736726650391827,0.011728032361119745,0.038752746138468734,0.30286180515968947,0.3026374523037392,0.7619951801571729,0.7621661692959959,0.77,0.771,0.771,True,999,0.00011000002268701792,0.000810332945547998,strong_2x2_bal_100,strong_null,True,1862,1062694068,0.0,0,0
100,100,0.023637864364388084,0.04388246162218301,0.01845691500878388,0.038698974724681534,-0.020244597257794927,-0.020242059715897653,0.03608533830499451,-0.561020021114584,-0.560949700535189,0.5747838886796226,0.5748318272847768,0.572,0.559,0.559,True,999,0.00012075004633516073,0.0007884579245001078,strong_2x2_bal_100,strong_null,True,1863,1062694068,0.0,0,0
100,100,0.02426508867076016,0.04572033088704963,0.019096178238271477,0.04053781125691103,-0.021455242216289472,-0.02144163301863955,0.03668321463089173,-0.5848790088920273,-0.5845080163880481,0.5586290739032647,0.5588785734876037,0.545,0.554,0.554,True,999,0.00011074997019022703,0.0007941670482978225,strong_2x2_bal_100,strong_null,True,1864,1062694068,0.0,0,0
100,100,0.06013346298174138,0.1009690656286999,0.054924094028777404,0.09574070955159186,-0.04083560264695851,-0.04081661552281446,0.0541518187770619,-0.7540947574646563,-0.753744129829743,0.450792325146796,0.4510028778877401,0.417,0.419,0.419,True,999,0.00011533393990248442,0.0008012499893084168,strong_2x2_bal_100,strong_null,True,1865,1062694068,0.0,0,0
100,100,0.08480595619440934,0.1316828228546948,0.07957885016601551,0.12642849012236468,-0.046876866660285454,-0.046849639956349165,0.061740538788161534,-0.7592558727277235,-0.7588148868783823,0.4476995088488468,0.44796329904543264,0.468,0.47,0.47,True,999,0.00012454204261302948,0.0008570409845560789,strong_2x2_bal_100,strong_null,True,1866,1062694068,0.0,0,0
100,100,0.02959179538409784,0.02077848484820599,0.024418313373786305,0.015608506129339617,0.00881331053589185,0.008809807244446688,0.03130835587741754,0.2815002669063443,0.28138837053405064,0.7783267233938185,0.7784125368984045,0.795,0.803,0.803,True,999,0.0001318339491263032,0.0007868750253692269,strong_2x2_bal_100,strong_null,True,1867,1062694068,0.0,0,0
100,100,0.06675800233781137,0.0662232362965266,0.06155777012062913,0.061018177087163394,0.0005347660412847732,0.0005395930334657351,0.04989810560122089,0.01071716119963658,0.010813898182389764,0.9914491062325975,0.9913719257602381,0.994,0.994,0.994,True,999,0.00010991701856255531,0.0007817500736564398,strong_2x2_bal_100,strong_null,True,1868,1062694068,0.0,0,0
100,100,0.060244385944802636,0.043304782161658006,0.05504804486290027,0.03811953542025037,0.01693960378314463,0.016928509442649897,0.044263339831652766,0.3827005338406728,0.3824498898418935,0.7019418185891093,0.7021276909766125,0.699,0.696,0.696,True,999,0.0001141249667853117,0.0008122919825837016,strong_2x2_bal_100,strong_null,True,1869,1062694068,0.0,0,0
100,100,0.029922616227185728,0.048124346177646826,0.024746425698552343,0.042927775219368414,-0.0182017299504611,-0.01818134952081607,0.038613660809293605,-0.4713805831660559,-0.4708527795541248,0.6373689792793477,0.6377458708149245,0.66,0.657,0.657,True,999,0.00010699999984353781,0.0008170000510290265,strong_2x2_bal_100,strong_null,True,1870,1062694068,0.0,0,0
100,100,0.07276017128216583,0.026748083521776933,0.06755718170450109,0.021570106362460706,0.0460120877603889,0.045987075342040384,0.04322146378904604,1.0645656978431655,1.063986994204839,0.2870725094435643,0.2873345913498935,0.266,0.269,0.269,True,999,0.0001135410275310278,0.0007921250071376562,strong_2x2_bal_100,strong_null,True,1871,1062694068,0.0,0,0
100,100,0.058386195386126105,0.04606453410618794,0.053194310284851554,0.040880754384517104,0.012321661279938168,0.01231355590033445,0.04446588846474069,0.2771036789180239,0.2769213958267922,0.7817004970313555,0.7818404633199831,0.821,0.824,0.824,True,999,0.00011529203038662672,0.0007985410047695041,strong_2x2_bal_100,strong_null,True,1872,1062694068,0.0,0,0
100,100,0.018300553057261415,0.03575917450220467,0.013123914719315621,0.030577628704449467,-0.017458621444943256,-0.017453713985133845,0.03233706562725581,-0.5398950432357097,-0.5397432836460803,0.5892694164458858,0.5893740855415145,0.591,0.588,0.588,True,999,0.00011445803102105856,0.0008406660053879023,strong_2x2_bal_100,strong_null,True,1873,1062694068,0.0,0,0
100,100,0.03505830987020098,0.09162019972020741,0.029880180440130744,0.0864020829954768,-0.05656188985000643,-0.05652190255534606,0.0483155010893161,-1.1706779102931386,-1.1698502816075445,0.241728267560944,0.24206122485551296,0.225,0.239,0.235,True,999,0.0001127920113503933,0.0008099590195342898,strong_2x2_bal_100,strong_null,True,1874,1062694068,0.0,0,0
100,100,0.12499939098252,0.00710077620798133,0.11970931120951889,0.0019417275689477265,0.11789861477453867,0.11776758364057116,0.04782627081277627,2.465143377707035,2.4624036463472465,0.013695843527684012,0.013800924942036916,0.011,0.011,0.011,True,999,0.00010862504132091999,0.0008890409953892231,strong_2x2_bal_100,strong_null,True,1875,1062694068,0.0,0,0
100,100,0.03956405743651059,0.02451487175573175,0.03438288661810418,0.019334815852928955,0.015049185680778843,0.015048070765175225,0.035177143619494346,0.4278114745063877,0.4277797801876085,0.6687883822129898,0.6688114593305422,0.694,0.693,0.693,True,999,0.00011566607281565666,0.0007887919200584292,strong_2x2_bal_100,strong_null,True,1876,1062694068,0.0,0,0
100,100,0.08425863230814645,0.07518483190212288,0.07904010211090906,0.06991521621985441,0.009073800406023569,0.009124885891054646,0.05364746497710395,0.16913754284375132,0.17008978700016916,0.8656884553976738,0.8649395252774517,0.847,0.847,0.847,True,999,0.00011029199231415987,0.0007974590407684445,strong_2x2_bal_100,strong_null,True,1877,1062694068,0.0,0,0
100,100,0.04716028792180793,0.05286967496666373,0.04194789914278374,0.047680185505157624,-0.005709387044855796,-0.005732286362373884,0.043424338675298615,-0.13147896361870234,-0.1320063019321149,0.8953964267051983,0.8949793071520811,0.897,0.897,0.897,True,999,0.00011745805386453867,0.0007987500866875052,strong_2x2_bal_100,strong_null,True,1878,1062694068,0.0,0,0
100,100,0.039733217591059966,0.05220314090689748,0.034548711132217136,0.04701571431220941,-0.012469923315837517,-0.012467003179992275,0.041845703067613135,-0.2979977011185344,-0.29792791770874144,0.7657049182036572,0.7657581797188382,0.779,0.779,0.779,True,999,0.00010916602332144976,0.0007837919984012842,strong_2x2_bal_100,strong_null,True,1879,1062694068,0.0,0,0
100,100,0.04782039371995339,0.041881854625461346,0.042630018693500915,0.03669722727097735,0.005938539094492046,0.0059327914225235645,0.041385554474023714,0.1434930417138536,0.143354160598413,0.8859008062912477,0.886010483519581,0.892,0.89,0.89,True,999,0.00010800000745803118,0.0007918340852484107,strong_2x2_bal_100,strong_null,True,1880,1062694068,0.0,0,0
100,100,0.09855294390405467,0.05596519686541068,0.09332836474386852,0.05077234825118637,0.042587747038643986,0.04255601649268215,0.05324162269293696,0.7998957372930273,0.7992997647370285,0.4237712077370328,0.42411661527153743,0.388,0.384,0.384,True,999,0.0001092500751838088,0.000805041054263711,strong_2x2_bal_100,strong_null,True,1881,1062694068,0.0,0,0
100,100,0.06386200406420872,0.07391015090475495,0.058663610207815964,0.06870545758084745,-0.010048146840546224,-0.010041847373031487,0.05064086075978262,-0.1984197481991883,-0.19829535324578065,0.8427166677726006,0.8428139870798672,0.847,0.847,0.847,True,999,0.00010904204100370407,0.0008464580168947577,strong_2x2_bal_100,strong_null,True,1882,1062694068,0.0,0,0
100,100,0.059204850577441515,0.007232309205094878,0.05401158379129356,0.0020663232517819097,0.05197254137234664,0.05194526053951165,0.03544712163260669,1.4661991997832269,1.4654295792448446,0.14259402655614004,0.14280375222742886,0.11,0.107,0.107,True,999,0.00010866695083677769,0.000845541013404727,strong_2x2_bal_100,strong_null,True,1883,1062694068,0.0,0,0
100,100,0.009738168306912098,0.05879172279147726,0.0045780020720371795,0.053599990936902486,-0.049053554484565165,-0.04902198886486531,0.036039524269189604,-1.361104384124774,-1.3602285229601236,0.17348070439485397,0.17375761913630272,0.155,0.148,0.148,True,999,0.00013533397577703,0.0008412499446421862,strong_2x2_bal_100,strong_null,True,1884,1062694068,0.0,0,0
100,100,0.04516710103441712,0.13061202260566984,0.039984297889105846,0.12536149248168726,-0.08544492157125272,-0.08537719459258142,0.055884542016261314,-1.5289544923959457,-1.5277425834095288,0.12627572584983915,0.1265764628630397,0.138,0.134,0.134,True,999,0.00010995904449373484,0.0008255420252680779,strong_2x2_bal_100,strong_null,True,1885,1062694068,0.0,0,0
100,100,0.016838733165423614,0.06550632137795342,0.011663774592832965,0.06028858434295614,-0.04866758821252981,-0.04862480975012318,0.03925542133761405,-1.2397673124933992,-1.2386775658813651,0.21506147175546364,0.21546493001209122,0.218,0.222,0.222,True,999,0.00010829104576259851,0.0008391669252887368,strong_2x2_bal_100,strong_null,True,1886,1062694068,0.0,0,0
100,100,0.03405977333939536,0.05920485057744174,0.028880956446641903,0.05401158379129356,-0.025145077238046376,-0.025130627344651657,0.042073235648355134,-0.5976501890229455,-0.597306742811309,0.5500733681979637,0.5503026034770835,0.549,0.545,0.545,True,999,0.00011575000826269388,0.0008180420845746994,strong_2x2_bal_100,strong_null,True,1887,1062694068,0.0,0,0
100,100,0.10357371875923616,0.07039567509575029,0.09833820735251209,0.06517487834410929,0.03317804366348587,0.0331633290084028,0.056213189214521404,0.5902181343398156,0.5899563691688889,0.5550444158984349,0.5552199011444056,0.586,0.589,0.593,True,999,0.00011262495536357164,0.0008192920358851552,strong_2x2_bal_100,strong_null,True,1888,1062694068,0.0,0,0
100,100,0.018877860486297915,0.08082891172900619,0.013708289969102339,0.0755288953177029,-0.06195105124270828,-0.061820605348600566,0.04228000138745355,-1.465256603825279,-1.462171317878566,0.14285092151349282,0.14369426930948306,0.121,0.135,0.135,True,999,0.00011654198169708252,0.0008194590918719769,strong_2x2_bal_100,strong_null,True,1889,1062694068,0.0,0,0
100,100,0.006596516492278992,0.04516710103441712,0.0014361583956343793,0.039984297889105846,-0.03857058454213813,-0.03854813949347147,0.03152466914640586,-1.2235048165933118,-1.2227928329540092,0.2211390860760084,0.2214079531386972,0.183,0.18,0.18,True,999,0.00011504208669066429,0.0008487500017508864,strong_2x2_bal_100,strong_null,True,1890,1062694068,0.0,0,0
100,100,0.05138326569604168,0.039534547637448014,0.04618908641285202,0.03435537000655131,0.011848718058593666,0.01183371640630071,0.041635973119293096,0.28457886704473967,0.2842185619727296,0.7759668037269505,0.7762428913866279,0.801,0.798,0.801,True,999,0.00011900009121745825,0.0008579579880461097,strong_2x2_bal_100,strong_null,True,1891,1062694068,0.0,0,0
100,100,0.15511808079546507,0.022599471899927503,0.14982886691294084,0.017411165562123188,0.13251860889553757,0.13241770135081765,0.05507398402152279,2.406192529012421,2.404360311014891,0.01611976692603746,0.01620079652610202,0.013,0.014,0.014,True,999,0.00011641706805676222,0.0008712079143151641,strong_2x2_bal_100,strong_null,True,1892,1062694068,0.0,0,0
100,100,0.06089950390415266,0.09019773773029793,0.055698012723695456,0.08497934495518678,-0.02929823382614527,-0.02928133223149132,0.05269834626923893,-0.5559611619776241,-0.5556404385422511,0.5782374053411655,0.5784566811984201,0.621,0.626,0.626,True,999,0.00012262503150850534,0.000796708045527339,strong_2x2_bal_100,strong_null,True,1893,1062694068,0.0,0,0
100,100,0.05138326569604146,0.1025758625128741,0.046189086412937286,0.09734048627257152,-0.051192596816832636,-0.05115139985963424,0.05292658421552733,-0.9672378744180135,-0.9664594951250925,0.33342513256917716,0.3338143057286084,0.328,0.329,0.329,True,999,0.00010729103814810514,0.0008147089974954724,strong_2x2_bal_100,strong_null,True,1894,1062694068,0.0,0,0
100,100,0.028891616580002832,0.0892511403303553,0.023717568023087665,0.08403255677333732,-0.06035952375035247,-0.060314988750249654,0.046753931981046506,-1.2910042255873049,-1.2900516853791173,0.1967022122671308,0.19703271330183214,0.211,0.214,0.214,True,999,0.00011158303823322058,0.0008058749372139573,strong_2x2_bal_100,strong_null,True,1895,1062694068,0.0,0,0
100,100,0.011813803743823459,0.03399183196071365,0.006643708300813955,0.028815487930302197,-0.02217802821689019,-0.022171779629488242,0.029822559749749254,-0.7436661508265285,-0.7434566253044278,0.4570784723659532,0.4572052725423873,0.479,0.48,0.48,True,999,0.00010791607201099396,0.000785208074375987,strong_2x2_bal_100,strong_null,True,1896,1062694068,0.0,0,0
100,100,0.06986929621782778,0.03575917450220467,0.06465811174034286,0.030577628704449467,0.03411012171562311,0.034080483035893394,0.04446841363621456,0.7670640557288562,0.7663975448887758,0.44304343157210324,0.44343979319485927,0.416,0.421,0.421,True,999,0.00010666705202311277,0.0007873339345678687,strong_2x2_bal_100,strong_null,True,1897,1062694068,0.0,0,0
100,100,0.059204850577441515,0.07574288624862546,0.05401158379129356,0.07052801354556948,-0.016538035671183948,-0.01651642975427592,0.05005125349969974,-0.330422007738191,-0.3299903318979814,0.741081114712445,0.7414072673613132,0.745,0.747,0.747,True,999,0.0001093749888241291,0.0007852499838918447,strong_2x2_bal_100,strong_null,True,1898,1062694068,0.0,0,0
100,100,0.07641410207921884,0.050671836985565766,0.07119940405817715,0.045442782126045245,0.02574226509365307,0.025756621932131907,0.04850682885428823,0.5306936301892952,0.5309896058038207,0.5956311008217008,0.595425982026393,0.591,0.593,0.588,True,999,0.0001075830077752471,0.0007985419360920787,strong_2x2_bal_100,strong_null,True,1899,1062694068,0.0,0,0
100,100,0.011983206273533886,0.058022285833488896,0.006820085662980091,0.052821641942458086,-0.04603907955995501,-0.046001556279477995,0.0366000748053664,-1.2578957776666795,-1.2568705535195552,0.20842945091590792,0.20880051285782963,0.195,0.194,0.194,True,999,0.00011366710532456636,0.0007845830405130982,strong_2x2_bal_100,strong_null,True,1900,1062694068,0.0,0,0
100,100,0.12294936331960171,0.061726457955049496,0.1176933295493825,0.056497963827467856,0.061222905364552216,0.06119536572191464,0.057193121065939365,1.0704592479568795,1.069977727764865,0.28441264286970547,0.28462933400693136,0.314,0.315,0.315,True,999,0.00010675005614757538,0.0008597079431638122,strong_2x2_bal_100,strong_null,True,1901,1062694068,0.0,0,0
100,100,0.04594361002401559,0.10038635749680447,0.04075230116282569,0.09516207907226715,-0.05444274747278888,-0.05440977790944146,0.051726633513512976,-1.0525090030954043,-1.0518716222896576,0.29256608210789636,0.29285845315658465,0.303,0.304,0.304,True,999,0.00011954200454056263,0.0007955000037327409,strong_2x2_bal_100,strong_null,True,1902,1062694068,0.0,0,0
100,100,0.009543065040338417,0.041476872912890816,0.0043825053289481275,0.03628839431983977,-0.0319338078725524,-0.03190588899089164,0.03132657446329278,-1.0193839709468122,-1.0184927505647856,0.30802071287939936,0.3084438442486094,0.277,0.279,0.279,True,999,0.00011079106479883194,0.0007930829888209701,strong_2x2_bal_100,strong_null,True,1903,1062694068,0.0,0,0
100,100,0.03909782630882219,0.044220205393429524,0.03391838522981061,0.03903546391879331,-0.005122379084607331,-0.005117078688982701,0.03997333566345437,-0.12814489958341074,-0.12801230130166474,0.8980343041987859,0.898139238106558,0.906,0.906,0.906,True,999,0.00011199992150068283,0.0007949999999254942,strong_2x2_bal_100,strong_null,True,1904,1062694068,0.0,0,0
100,100,0.08780421604446786,0.05920485057744174,0.0825802376432847,0.05401158379129356,0.028599365467026128,0.028568653851991144,0.05210614649601607,0.5488674060595284,0.5482780012176768,0.5830964476797809,0.5835010302791449,0.579,0.578,0.578,True,999,0.00011158303823322058,0.0007910419953987002,strong_2x2_bal_100,strong_null,True,1905,1062694068,0.0,0,0
100,100,0.04398059259912679,0.09080171068567411,0.03879278479044501,0.08558590285542778,-0.04682111808654732,-0.046793118064982764,0.04989713482036934,-0.9383528383965184,-0.9377916834992411,0.34806311406191204,0.34835147583230497,0.357,0.359,0.359,True,999,0.00010916695464402437,0.0007891670102253556,strong_2x2_bal_100,strong_null,True,1906,1062694068,0.0,0,0
100,100,0.05376225482022501,0.06003948229975353,0.048566752437025684,0.05484306698551222,-0.006277227479528524,-0.006276314548486539,0.0463483857987237,-0.13543573031407236,-0.13541603316548234,0.8922673756679382,0.8922829482599426,0.891,0.891,0.891,True,999,0.00010945799294859171,0.0007955420296639204,strong_2x2_bal_100,strong_null,True,1907,1062694068,0.0,0,0
100,100,0.07435170133742408,0.10968995315980579,0.0691471279678808,0.10445839921948163,-0.035338251822381705,-0.03531127125160083,0.05762564395458429,-0.6132382980437036,-0.6127700938045954,0.5397187849309191,0.5400283679148101,0.616,0.617,0.617,True,999,0.00010845798533409834,0.0008479169337078929,strong_2x2_bal_100,strong_null,True,1908,1062694068,0.0,0,0
100,100,0.05890557724567691,0.040003196167557986,0.05368991604868256,0.034822286739995434,0.018902381078118924,0.01886762930868713,0.04314472528178539,0.43811568980134474,0.43731022008969805,0.6613024213281553,0.6618863844947969,0.664,0.668,0.668,True,999,0.00010866706725209951,0.0008058749372139573,strong_2x2_bal_100,strong_null,True,1909,1062694068,0.0,0,0
100,100,0.03284120813174418,0.11949463416009998,0.02766403529844297,0.1142474708399277,-0.0866534260283558,-0.08658343554148473,0.05225804064399518,-1.6581836012313809,-1.6568442764880773,0.09728041369366443,0.09755096273811975,0.09,0.088,0.088,True,999,0.00010908395051956177,0.0008626250782981515,strong_2x2_bal_100,strong_null,True,1910,1062694068,0.0,0,0
100,100,0.013001861828137562,0.044220205393429524,0.007832991441219406,0.03903546391879331,-0.03121834356529196,-0.031202472477573906,0.033224872399311205,-0.9396076285890915,-0.9391299416463906,0.3474188617999636,0.3476640331552373,0.328,0.319,0.319,True,999,0.00011204101610928774,0.0007872499991208315,strong_2x2_bal_100,strong_null,True,1911,1062694068,0.0,0,0
100,100,0.13250545091704768,0.02951376404416073,0.1272430651003873,0.024340219921725748,0.10299168687288696,0.10290284517866155,0.05338826664837171,1.9291071491647334,1.927443081387247,0.05371756165999243,0.05392443502712892,0.036,0.04,0.04,True,999,0.00010699999984353781,0.0007933329325169325,strong_2x2_bal_100,strong_null,True,1912,1062694068,0.0,0,0
100,100,0.06557641208460463,0.05075125708135153,0.060327493577858604,0.045563182125860635,0.014825155003253099,0.014764311451997969,0.04657001452209754,0.3183412149510613,0.3170347186598424,0.7502261241122969,0.7512172583753289,0.768,0.77,0.77,True,999,0.0001094999024644494,0.0008002499816939235,strong_2x2_bal_100,strong_null,True,1913,1062694068,0.0,0,0
100,100,0.10968995315980579,0.0573786912447658,0.10445839921948163,0.05218472349366721,0.052311261915039986,0.05227367572581443,0.05504289370936567,0.9503726710163697,0.9496898183047369,0.34192292524423096,0.3422698847759005,0.338,0.338,0.338,True,999,0.00010641699191182852,0.0007866249652579427,strong_2x2_bal_100,strong_null,True,1914,1062694068,0.0,0,0
100,100,0.023548064415132797,0.007174572455770578,0.018378452151807778,0.002016123604079212,0.01637349195936222,0.016362328547728566,0.024550969325812175,0.6669183502318015,0.6664636467337235,0.5048242889591863,0.5051147924964828,0.555,0.545,0.545,True,999,0.00010595796629786491,0.0007880419725552201,strong_2x2_bal_100,strong_null,True,1915,1062694068,0.0,0,0
100,100,0.09824065376246693,0.009380164302923766,0.09301738196127474,0.004218392733193355,0.08886048945954317,0.08879898922808138,0.044239410648849904,2.008627333778762,2.0072371653619645,0.044576670289540814,0.044724416072478616,0.028,0.029,0.029,True,999,0.00010750000365078449,0.0007827080553397536,strong_2x2_bal_100,strong_null,True,1916,1062694068,0.0,0,0
100,100,0.10089432800950238,0.13088084901561248,0.09564778433008314,0.12562645201602152,-0.0299865210061101,-0.029978667685938376,0.06374062876569832,-0.470445955535462,-0.4703227480879705,0.6380364377414773,0.6381244474759473,0.648,0.648,0.648,True,999,0.00011024996638298035,0.0008285419316962361,strong_2x2_bal_100,strong_null,True,1917,1062694068,0.0,0,0
100,100,0.018120543154035773,0.08925604849187763,0.012949046745703185,0.08401772970434251,-0.07113550533784185,-0.07106868295863933,0.04422573595199221,-1.6084640268069401,-1.606953088034207,0.10773358870100062,0.10806465936391718,0.084,0.084,0.084,True,999,0.00011058303061872721,0.0008080829866230488,strong_2x2_bal_100,strong_null,True,1918,1062694068,0.0,0,0
100,100,0.07457264285283094,0.08182593148479622,0.06936812884669052,0.07661719606636552,-0.007253288631965282,-0.007249067219674998,0.05364518081122526,-0.13520857833417033,-0.13512988697314876,0.8924469648482791,0.8925091805038131,0.941,0.941,0.941,True,999,0.00011433300096541643,0.0008313329890370369,strong_2x2_bal_100,strong_null,True,1919,1062694068,0.0,0,0
100,100,0.11875924774499536,0.029922616227185728,0.11350278123885005,0.024746425698552343,0.08883663151780963,0.0887563555402977,0.05159275464540614,1.7218819217616579,1.7203259672858084,0.08509091046725475,0.08537320582719804,0.077,0.078,0.078,True,999,0.00011441705282777548,0.0007889589760452509,strong_2x2_bal_100,strong_null,True,1920,1062694068,0.0,0,0
100,100,0.021050379165941546,0.10038635749680447,0.015880697229448515,0.09516207907226715,-0.07933597833086292,-0.07928138184281863,0.047032540264125434,-1.6868316677204287,-1.6856708440069383,0.0916357243514794,0.09185921559442707,0.08,0.08,0.08,True,999,0.00010970805305987597,0.0008088750764727592,strong_2x2_bal_100,strong_null,True,1921,1062694068,0.0,0,0
100,100,0.025792784583158812,0.05899469949768721,0.020618629094599328,0.05380304350626375,-0.033201914914528396,-0.03318441441166442,0.040132870538936896,-0.8272997786768308,-0.8268637146069309,0.40806716919328756,0.4083143118478886,0.406,0.408,0.408,True,999,0.00011579191777855158,0.0007979590445756912,strong_2x2_bal_100,strong_null,True,1922,1062694068,0.0,0,0
100,100,0.07484944193393273,0.01879287783220629,0.06963433056918689,0.013585864871934916,0.056056564101726436,0.05604846569725197,0.041855621615456085,1.3392839943159833,1.3390905100440529,0.18047823730217538,0.18054120951907604,0.172,0.161,0.161,True,999,0.00011024996638298035,0.0007947089616209269,strong_2x2_bal_100,strong_null,True,1923,1062694068,0.0,0,0
100,100,0.09855294390405467,0.0892267415173309,0.09332836474388273,0.08400306352611153,0.00932620238672377,0.009325301217771198,0.05829558021810402,0.15998129449661888,0.1599658358812453,0.8728958092511216,0.8729079866216408,0.868,0.866,0.866,True,999,0.00010862504132091999,0.0007927910191938281,strong_2x2_bal_100,strong_null,True,1924,1062694068,0.0,0,0
100,100,0.06453060184189918,0.01392127491627626,0.05932963786189305,0.008749306183588601,0.05060932692562292,0.05058033167830445,0.03849638064919008,1.3146515613199,1.3138983672058167,0.18862703283532234,0.18888040826634822,0.187,0.187,0.187,True,999,0.0001105000264942646,0.0007952499436214566,strong_2x2_bal_100,strong_null,True,1925,1062694068,0.0,0,0
100,100,0.054561374156864906,0.051781020882999296,0.04936275442511828,0.046586289480345044,0.00278035327386561,0.002776464944773238,0.045001523952831295,0.06178353597046757,0.06169713158344175,0.9507352148293445,0.9508040242843513,0.919,0.916,0.916,True,999,0.00011433300096541643,0.0008142080623656511,strong_2x2_bal_100,strong_null,True,1926,1062694068,0.0,0,0
100,100,0.03660175955144884,0.016295333623773334,0.031415367708845565,0.011131518131350049,0.02030642592767551,0.020283849577495516,0.031979182149165224,0.6349889072508873,0.6342829370333037,0.5254356497158323,0.5258961899902979,0.524,0.526,0.526,True,999,0.00011462508700788021,0.0008198339492082596,strong_2x2_bal_100,strong_null,True,1927,1062694068,0.0,0,0
100,100,0.08867575753133428,0.009836267002215071,0.08345952307644211,0.004676295423678312,0.0788394905291192,0.0787832276527638,0.04256674363069301,1.852138167136457,1.850816410488978,0.0640059850374378,0.06419596938224321,0.05,0.049,0.049,True,999,0.00011008395813405514,0.0008434590417891741,strong_2x2_bal_100,strong_null,True,1928,1062694068,0.0,0,0
100,100,0.06134591428125835,0.06311256316112324,0.05614660762333301,0.05790627345332666,-0.001766648879864885,-0.0017596658299936507,0.04838915789738142,-0.03650918835189085,-0.03636487813500212,0.9708763523497169,0.970991418833846,0.976,0.976,0.976,True,999,0.00010866695083677769,0.0007860830519348383,strong_2x2_bal_100,strong_null,True,1929,1062694068,0.0,0,0
100,100,0.02959179538409784,0.020068881968934305,0.024418313373786305,0.014902775810469393,0.009522913415163536,0.009515537563316911,0.031097712720528706,0.3062255253543815,0.3059883422562897,0.7594329389170658,0.7596135218846585,0.715,0.72,0.72,True,999,0.00010704202577471733,0.0007896249881014228,strong_2x2_bal_100,strong_null,True,1930,1062694068,0.0,0,0
100,100,0.08667108832969994,0.07916172079330497,0.08141574089522408,0.07393844187591014,0.007509367536394973,0.007477299019313932,0.05479221592621126,0.13705172184508557,0.13646644679207023,0.890989912663295,0.8914525479484419,0.895,0.898,0.898,True,999,0.00010599999222904444,0.0008005830459296703,strong_2x2_bal_100,strong_null,True,1931,1062694068,0.0,0,0
100,100,0.06305153357970694,0.0699777403530557,0.057843201723358106,0.0647665874546135,-0.006926206773348764,-0.006923385731255394,0.049631320069890496,-0.13955314433698973,-0.13949630438009564,0.8890130636355645,0.8890579760666367,0.911,0.929,0.929,True,999,0.0001076249172911048,0.0008058330276980996,strong_2x2_bal_100,strong_null,True,1932,1062694068,0.0,0,0
100,100,0.06607918563312642,0.01560381534759514,0.060881532323605825,0.010436110789427744,0.050475370285531285,0.05044542153417808,0.03924856927353978,1.2860435735567126,1.285280520229992,0.19842785502505644,0.19869427479128798,0.217,0.208,0.208,True,999,0.00011162494774907827,0.0007962919771671295,strong_2x2_bal_100,strong_null,True,1933,1062694068,0.0,0,0
100,100,0.04288024595753581,0.10487732614047862,0.03769181631828644,0.09963138386682147,-0.06199708018294281,-0.061939567548535024,0.05174203214131993,-1.1981956953993202,-1.1970841690052523,0.23084084080593614,0.23127374976322157,0.217,0.211,0.211,True,999,0.0001092919846996665,0.0008052500197663903,strong_2x2_bal_100,strong_null,True,1934,1062694068,0.0,0,0
100,100,0.1276698103597388,0.06622639858617951,0.12237996098113513,0.06102599681521781,0.061443411773559276,0.06135396416591732,0.0584202378114375,1.0517487445340372,1.0502176380032717,0.292914840589943,0.2936180620046379,0.304,0.302,0.301,True,999,0.00011479191016405821,0.000790791935287416,strong_2x2_bal_100,strong_null,True,1935,1062694068,0.0,0,0
100,100,0.09019773773029793,0.0325654803121983,0.08497934495518678,0.027389344920791814,0.05763225741809963,0.05759000003439496,0.047641290703851896,1.2097123433610069,1.2088253526208241,0.22638929179281264,0.22672994931264456,0.202,0.2,0.2,True,999,0.00011312507558614016,0.000812667072750628,strong_2x2_bal_100,strong_null,True,1936,1062694068,0.0,0,0
100,100,0.040267259181623105,0.041881854625461123,0.03508650452536699,0.03669722727097735,-0.0016145954438380183,-0.00161072274561036,0.03972068215947322,-0.04064873401105333,-0.04055123573012981,0.9675759321158756,0.9676536604004422,0.981,0.98,0.98,True,999,0.00010724994353950024,0.0008539590053260326,strong_2x2_bal_100,strong_null,True,1937,1062694068,0.0,0,0
100,100,0.03491786242053263,0.031055048031082055,0.02973575019713337,0.025876492075852298,0.003862814389450575,0.003859258121281073,0.03572936549657105,0.10811315386558684,0.1080136203832516,0.9139059340391367,0.9139848879197721,0.916,0.916,0.916,True,999,0.00010737509001046419,0.0007833749987185001,strong_2x2_bal_100,strong_null,True,1938,1062694068,0.0,0,0
100,100,0.06305153357970694,0.06662067251684944,0.057843201723358106,0.06141558098038047,-0.003569138937142502,-0.0035723792570223623,0.049113147433331346,-0.07267176150718971,-0.0727377381356324,0.9420673201683676,0.9420148173830605,0.934,0.934,0.934,True,999,0.00010633294004946947,0.0007951250299811363,strong_2x2_bal_100,strong_null,True,1939,1062694068,0.0,0,0
100,100,0.09019773773029793,0.041881854625461123,0.08497934495518678,0.03669722727097735,0.04831588310483681,0.048282117684209425,0.049440326973215695,0.9772565446626587,0.9765735916424313,0.3284421606850003,0.3287802983799528,0.339,0.339,0.339,True,999,0.00011212495155632496,0.0008017090149223804,strong_2x2_bal_100,strong_null,True,1940,1062694068,0.0,0,0
100,100,0.054311055545317566,0.0059061721680244705,0.04911225258128127,0.0007352975088963376,0.048404883377293095,0.04837695507238493,0.03376599612740703,1.4335393273946402,1.4327122140820998,0.15170376833228952,0.15194009750717694,0.109,0.107,0.107,True,999,0.00011195894330739975,0.000795166939496994,strong_2x2_bal_100,strong_null,True,1941,1062694068,0.0,0,0
100,100,0.0573786912447658,0.009868386267911089,0.05218472349366721,0.004707606235797357,0.04751030497685471,0.04747711725786985,0.03574930758497591,1.3289853198953008,1.328056974111093,0.18385281315190682,0.18415928586729846,0.189,0.189,0.189,True,999,0.00011166709009557962,0.0008068339666351676,strong_2x2_bal_100,strong_null,True,1942,1062694068,0.0,0,0
100,100,0.09940802347010158,0.04675984915959008,0.0941835867574099,0.04157349155005363,0.0526481743105115,0.05261009520735627,0.051734493282269985,1.0176609640932666,1.0169249154584135,0.30883910440337503,0.3091891496359259,0.311,0.311,0.311,True,999,0.00010858406312763691,0.0008123749867081642,strong_2x2_bal_100,strong_null,True,1943,1062694068,0.0,0,0
100,100,0.019086063223510807,0.06152987665353016,0.013910376175047645,0.05632299632621596,-0.04244381343001935,-0.04241262015116831,0.03913676671220938,-1.0844997427132448,-1.083702710115217,0.278143280995348,0.2784966336204545,0.253,0.26,0.26,True,999,0.00010683306027203798,0.0008514170767739415,strong_2x2_bal_100,strong_null,True,1944,1062694068,0.0,0,0
100,100,0.09841996993850799,0.019077918605384214,0.09311364825724411,0.013910655710276387,0.07934205133312378,0.07920299254696772,0.04562045000447993,1.739177305908477,1.736129138120952,0.08200358000312494,0.08254100329276089,0.076,0.082,0.082,True,999,0.00010641699191182852,0.000835500075481832,strong_2x2_bal_100,strong_null,True,1945,1062694068,0.0,0,0
100,100,0.04221237139378653,0.01947051576946246,0.03702649579555839,0.014301663158107658,0.02274185562432407,0.02272483263745073,0.03454744519100689,0.6582789407028005,0.6577861984239077,0.5103589075723918,0.5106755241434663,0.532,0.53,0.53,True,999,0.00011133297812193632,0.0008524160366505384,strong_2x2_bal_100,strong_null,True,1946,1062694068,0.0,0,0
100,100,0.026444434756292767,0.045309082788670074,0.02126522394202368,0.040107099488949416,-0.018864648032377307,-0.018841875546925735,0.03704782794608645,-0.509197139973494,-0.5085824619555355,0.6106140475984061,0.6110449246574602,0.652,0.652,0.652,True,999,0.00011983397416770458,0.0007932090666145086,strong_2x2_bal_100,strong_null,True,1947,1062694068,0.0,0,0
100,100,0.031237560290885202,0.019968949946638226,0.026053027003143825,0.014802221581192043,0.011268610344246976,0.011250805421951782,0.03166273674235683,0.35589502057073896,0.3553326900798507,0.7219191849946458,0.7223403681417887,0.705,0.702,0.702,True,999,0.00010945904068648815,0.0007937499321997166,strong_2x2_bal_100,strong_null,True,1948,1062694068,0.0,0,0
100,100,0.04501176042207122,0.09219219289364067,0.03981996069414606,0.08696106002729209,-0.047180432471569445,-0.04714109933314603,0.05022704457375993,-0.9393431939297874,-0.9385600871641553,0.3475545684822682,0.3479566531143219,0.303,0.302,0.302,True,999,0.00010891701094806194,0.0008042920380830765,strong_2x2_bal_100,strong_null,True,1949,1062694068,0.0,0,0
100,100,0.06707733961080531,0.05879172279147726,0.06187720775957928,0.053599990936902486,0.008285616819328046,0.008277216822676792,0.04852130544980411,0.17076244636285845,0.17058932660498335,0.8644105587512414,0.8645466910385939,0.843,0.843,0.843,True,999,0.00011354207526892424,0.0007926250109449029,strong_2x2_bal_100,strong_null,True,1950,1062694068,0.0,0,0
100,100,0.02728866158457388,0.04269158705678433,0.022114991200652412,0.03745047329539375,-0.01540292547221045,-0.015335482094741337,0.03643179831864372,-0.4227879540145596,-0.4209367311657935,0.6724499772088016,0.6738012825328323,0.663,0.678,0.678,True,999,0.00010779197327792645,0.0007957499474287033,strong_2x2_bal_100,strong_null,True,1951,1062694068,0.0,0,0
100,100,0.0320259368087773,0.010884196327158757,0.026848147873423045,0.005717207736537944,0.021141740481618543,0.0211309401368851,0.02891960636833637,0.7310521523822091,0.7306786913953657,0.4647472984281644,0.4649754339983704,0.444,0.451,0.451,True,999,0.0001082499511539936,0.000802542082965374,strong_2x2_bal_100,strong_null,True,1952,1062694068,0.0,0,0
100,100,0.044902570079585646,0.08125530193798935,0.039715261814606606,0.07604643239656639,-0.03635273185840371,-0.03633117058195978,0.04847687420832148,-0.7498984299644353,-0.749453655485964,0.453315880163085,0.45358382173003775,0.454,0.452,0.451,True,999,0.00010729208588600159,0.0008247910300269723,strong_2x2_bal_100,strong_null,True,1953,1062694068,0.0,0,0
100,100,0.05294730802400738,0.06662067251684944,0.04775382201975731,0.06141558098038047,-0.013673364492842066,-0.01366175896062316,0.04733600167546767,-0.2888576138429625,-0.28861244036383193,0.7726903408966311,0.7728779744216092,0.845,0.861,0.861,True,999,0.00010983401443809271,0.0008365419926121831,strong_2x2_bal_100,strong_null,True,1954,1062694068,0.0,0,0
100,100,0.08806985992025163,0.012056972677852551,0.08285103005088956,0.006893521137143921,0.07601288724239907,0.07595750891374564,0.04296705101408263,1.7690971441695065,1.7678082884685349,0.07687766442316903,0.07709295881155234,0.068,0.061,0.061,True,999,0.00011191598605364561,0.0008797920309007168,strong_2x2_bal_100,strong_null,True,1955,1062694068,0.0,0,0
100,100,0.03895131231666282,0.009933266886553827,0.03376976820115374,0.004770849594862625,0.029018045430108996,0.028998918606291113,0.030750057970787455,0.9436744951074931,0.9430524857494602,0.3453360112122742,0.34565405734564114,0.335,0.331,0.331,True,999,0.00011595804244279861,0.0007843750063329935,strong_2x2_bal_100,strong_null,True,1956,1062694068,0.0,0,0
100,100,0.10986868819473494,0.0742358884664911,0.10463409352867359,0.06902712915848497,0.03563279972824385,0.03560696437018862,0.05761467750263758,0.6184673988084476,0.618018982551079,0.536267281545261,0.5365628257053796,0.536,0.536,0.536,True,999,0.00010800000745803118,0.0008111250353977084,strong_2x2_bal_100,strong_null,True,1957,1062694068,0.0,0,0
100,100,0.02463582455861879,0.03399183196071365,0.01946618225500174,0.028815487930302197,-0.009356007402094857,-0.009349305675300457,0.03371888077883408,-0.27747087643454,-0.27727212349139346,0.7814185654505026,0.7815711629500498,0.836,0.836,0.836,True,999,0.00011104193981736898,0.0007945839315652847,strong_2x2_bal_100,strong_null,True,1958,1062694068,0.0,0,0
100,100,0.11445270593305268,0.054162821366467995,0.10918740661951176,0.04895860115743744,0.060289884566584684,0.06022880546207432,0.05500347781336732,1.0961104090754898,1.0949999501201924,0.2730304599376754,0.2735166583342298,0.285,0.292,0.292,True,999,0.00010716693941503763,0.0007836660370230675,strong_2x2_bal_100,strong_null,True,1959,1062694068,0.0,0,0
100,100,0.02426508867076016,0.06675800233781137,0.019096178238271477,0.06155777012062913,-0.04249291366705121,-0.04246159188235765,0.041434901307985904,-1.0255343279618574,-1.024778400381368,0.3051111365068161,0.3054677603057484,0.3,0.3,0.3,True,999,0.00010583398398011923,0.0007863749051466584,strong_2x2_bal_100,strong_null,True,1960,1062694068,0.0,0,0
100,100,0.03964150997781846,0.009147448508379896,0.03446305782784975,0.00398067215381559,0.03049406146943856,0.030482385674034163,0.030701730169941117,0.9932359284198948,0.9928556307839059,0.3205949931855945,0.32078031482110103,0.321,0.32,0.32,True,999,0.00010912504512816668,0.0007863750215619802,strong_2x2_bal_100,strong_null,True,1961,1062694068,0.0,0,0
100,100,0.02948459741325271,0.07736443254257686,0.024297940157111952,0.07214420745668804,-0.047879835129324144,-0.047846267299576084,0.044750499149442624,-1.0699285156447356,-1.0691784049110884,0.2846514864711851,0.2849892875469633,0.315,0.314,0.314,True,999,0.00010754202958196402,0.0008185839978978038,strong_2x2_bal_100,strong_null,True,1962,1062694068,0.0,0,0
100,100,0.009738168306912098,0.03248589487013531,0.0045780020720371795,0.027289350087329467,-0.022747726563223214,-0.022711348015292288,0.028663445907487716,-0.7936145094571778,-0.7923453477503705,0.42741988300104894,0.42815933689084296,0.421,0.415,0.415,True,999,0.00010745797771960497,0.0008255830034613609,strong_2x2_bal_100,strong_null,True,1963,1062694068,0.0,0,0
100,100,0.08324216141137719,0.043980592599126345,0.07802926120876919,0.03879278479044501,0.03926156881225085,0.03923647641832417,0.04860721783438107,0.807731249832616,0.8072150220984518,0.4192453099375819,0.41954261246292757,0.409,0.419,0.419,True,999,0.00011083297431468964,0.0008453750051558018,strong_2x2_bal_100,strong_null,True,1964,1062694068,0.0,0,0
100,100,0.049699981963282625,0.014838383598615335,0.04451218941593993,0.009662106911619617,0.03486159836466729,0.03485008250432031,0.0351863209795009,0.9907713393786527,0.99044405707046,0.32179724716908864,0.32195712020387435,0.353,0.344,0.344,True,999,0.00010895903687924147,0.0007854589493945241,strong_2x2_bal_100,strong_null,True,1965,1062694068,0.0,0,0
100,100,0.03321907830533244,0.038646286017684606,0.028043423464055195,0.03345405200131779,-0.005427207712352167,-0.005410628537262596,0.037150307912524896,-0.14608782584336083,-0.14564155295839287,0.883852056879575,0.8842043631909803,0.88,0.88,0.88,True,999,0.00010704202577471733,0.0007869579130783677,strong_2x2_bal_100,strong_null,True,1966,1062694068,0.0,0,0
100,100,0.012663459436801361,0.024908305558752786,0.007499651686075026,0.019733330573714625,-0.012244846121951425,-0.012233678887639599,0.02711569799560585,-0.45157775853440046,-0.45116592202871153,0.651573195828675,0.6518699686136817,0.647,0.647,0.647,True,999,0.00010662502609193325,0.0007995000341907144,strong_2x2_bal_100,strong_null,True,1967,1062694068,0.0,0,0
100,100,0.02509373622103761,0.021436935552739067,0.01992232242085379,0.016265069709149316,0.0036568006682985432,0.003657252711704473,0.030160756730403155,0.12124366444069865,0.12125865224123596,0.9034980399730967,0.9034861690223939,0.902,0.9,0.9,True,999,0.00010716705583035946,0.0008107909234240651,strong_2x2_bal_100,strong_null,True,1968,1062694068,0.0,0,0
100,100,0.11201200119235766,0.09680983465490689,0.1067713264669834,0.091567963149771,0.015202166537450768,0.015203363317212393,0.06082039247321209,0.2499517993762775,0.24997147665412725,0.8026246241475326,0.8026094068496633,0.818,0.818,0.818,True,999,0.0001223749713972211,0.0007936250185593963,strong_2x2_bal_100,strong_null,True,1969,1062694068,0.0,0,0
100,100,0.00664230850034031,0.01016732424939193,0.0014786553128942614,0.004998953100042058,-0.0035250157490516187,-0.003520297787147797,0.018253232176779335,-0.19311734573430409,-0.19285887305077443,0.846867068423202,0.8470694948416567,0.84,0.849,0.849,True,999,0.000110041000880301,0.0007890829583629966,strong_2x2_bal_100,strong_null,True,1970,1062694068,0.0,0,0
100,100,0.049884488247439074,0.08209242490492885,0.044696008551312616,0.07688264482766272,-0.03220793665748978,-0.0321866362763501,0.04954066322243376,-0.6501313176385756,-0.6497013601096656,0.5156074012968122,0.5158851451931707,0.505,0.506,0.506,True,999,0.00010875007137656212,0.0008282080525532365,strong_2x2_bal_100,strong_null,True,1971,1062694068,0.0,0,0
100,100,0.0015391445816096416,0.09162019972020741,-0.0036178236907744576,0.0864020829954768,-0.09008105513859777,-0.09001990668625126,0.04110574273550591,-2.191446964435664,-2.1899593753963424,0.028419463681542315,0.028527183200505832,0.011,0.012,0.012,True,999,0.0001092919846996665,0.000815790961496532,strong_2x2_bal_100,strong_null,True,1972,1062694068,0.0,0,0
100,100,0.041476872912890594,0.02359896712013998,0.03628839431986819,0.01842269838651589,0.017877905792750615,0.0178656959333523,0.0354017669271393,0.5050003811828178,0.5046554871151446,0.6135585682487492,0.6138008303835983,0.585,0.587,0.587,True,999,0.00010766694322228432,0.0008449580054730177,strong_2x2_bal_100,strong_null,True,1973,1062694068,0.0,0,0
100,100,0.040003196167557986,0.036850479774427236,0.034822286739995434,0.0316641156819486,0.00315271639313075,0.0031581710580468325,0.03845759968162233,0.08197902155181394,0.08212085736479342,0.9346633956715001,0.9345506073622549,0.937,0.939,0.939,True,999,0.00010850001126527786,0.0007855829317122698,strong_2x2_bal_100,strong_null,True,1974,1062694068,0.0,0,0
100,100,0.030158778252023177,0.06639707712193688,0.024982773251252866,0.061199525402599875,-0.0362382988699137,-0.03621675215134701,0.04268411823029179,-0.8489878758745527,-0.8484830811298085,0.3958880386896395,0.39616899090106095,0.439,0.453,0.453,True,999,0.00010754202958196402,0.0007883749203756452,strong_2x2_bal_100,strong_null,True,1975,1062694068,0.0,0,0
100,100,0.02292929549543743,0.02534940484382453,0.017755742952488163,0.020174843777112983,-0.0024201093483871006,-0.0024191008246248202,0.030691693222794504,-0.07885225917055963,-0.07881939934249607,0.9371501366053102,0.9371762736065794,0.947,0.946,0.946,True,999,0.00010766694322228432,0.0007960830116644502,strong_2x2_bal_100,strong_null,True,1976,1062694068,0.0,0,0
100,100,0.08228287850505178,0.04725555557675609,0.07707424871352941,0.04206490692027387,0.03502732292829569,0.035009341793255544,0.04904101287287083,0.7142455034339753,0.7138788483837063,0.47507538399886806,0.4753020976421065,0.475,0.475,0.475,True,999,0.00011070806067436934,0.000788999954238534,strong_2x2_bal_100,strong_null,True,1977,1062694068,0.0,0,0
100,100,0.09855294390405467,0.039733217591059744,0.09332836474386852,0.034548711132217136,0.058819726312994924,0.058779653611651383,0.05037359974274163,1.1676697042376905,1.1668741942573002,0.2429400216813835,0.24326117869705222,0.259,0.258,0.258,True,999,0.0001052499283105135,0.0007897090399637818,strong_2x2_bal_100,strong_null,True,1978,1062694068,0.0,0,0
100,100,0.05879172279147726,0.017248078827974633,0.053599990936902486,0.012079600693098769,0.04154364396350263,0.04152039024380372,0.038005853818624875,1.093085401047984,1.0924735553094334,0.27435630518852616,0.27462500782995314,0.269,0.274,0.274,True,999,0.0001332079991698265,0.0007905410602688789,strong_2x2_bal_100,strong_null,True,1979,1062694068,0.0,0,0
100,100,0.08232370950147083,0.05138326569604168,0.07711060018824867,0.04618908641285202,0.030940443805429152,0.030921513775396647,0.0498144029508175,0.6211144161654835,0.6207344049857612,0.5345243446459658,0.5347743883589322,0.502,0.498,0.498,True,999,0.00011216592974960804,0.0007948749698698521,strong_2x2_bal_100,strong_null,True,1980,1062694068,0.0,0,0
100,100,0.0258479630680426,0.0699777403530557,0.0206691799512555,0.0647665874546135,-0.044129777285013105,-0.044097407503358,0.042352333507417586,-1.0419680246729315,-1.0412037271956875,0.2974265038426668,0.29778100625911685,0.307,0.304,0.304,True,999,0.00011191598605364561,0.0007927080150693655,strong_2x2_bal_100,strong_null,True,1981,1062694068,0.0,0,0
100,100,0.0377260499348927,0.003655549414490089,0.03252966674757829,-0.001507320496514808,0.03407050052040261,0.0340369872440931,0.028372442844929825,1.200830704166562,1.1996495130899711,0.2298168788993784,0.23027548841023415,0.178,0.18,0.18,True,999,0.00010941596701741219,0.0008391250157728791,strong_2x2_bal_100,strong_null,True,1982,1062694068,0.0,0,0
100,100,0.09315183546162487,0.06003948229975353,0.08792088207087545,0.05484306698551222,0.03311235316187133,0.03307781508536323,0.05293987665338337,0.625470916350447,0.6248185144430107,0.5316620308565856,0.5320901778047218,0.525,0.528,0.528,True,999,0.00011245801579207182,0.0007900419877842069,strong_2x2_bal_100,strong_null,True,1983,1062694068,0.0,0,0
100,100,0.08232370950147083,0.0029414851249496277,0.07711060018824867,-0.002215677530529092,0.0793822243765212,0.07932627771877776,0.039571121222503475,2.006064572448298,2.0046507470115897,0.044849359081706675,0.045000397406711766,0.023,0.023,0.023,True,999,0.00011350004933774471,0.00079158297739923,strong_2x2_bal_100,strong_null,True,1984,1062694068,0.0,0,0
100,100,0.019968949946638226,0.10290740001447629,0.014802221581192043,0.09767484799358783,-0.08293845006783807,-0.08287262641239579,0.04740262787968607,-1.749659328557616,-1.7482707208287505,0.0801771156901853,0.08041716068261195,0.077,0.077,0.077,True,999,0.00011225009802728891,0.0008000420639291406,strong_2x2_bal_100,strong_null,True,1985,1062694068,0.0,0,0
100,100,0.0027443733102161527,0.019935500215221724,-0.00241370088699,0.014767190878743008,-0.01719112690500557,-0.01718089176573301,0.021107965720079194,-0.8144378825029224,-0.8139529878708059,0.4153941441404554,0.41567188351009976,0.359,0.34,0.34,True,999,0.00011004204861819744,0.0008084579603746533,strong_2x2_bal_100,strong_null,True,1986,1062694068,0.0,0,0
100,100,0.04341970558965946,0.03755685578123691,0.038225549272752346,0.03237710797134241,0.005862849808422554,0.005848441301409935,0.03936485286732558,0.14893615449758119,0.14857012983438272,0.8816040121975227,0.8818928443147768,0.878,0.878,0.878,True,999,0.00010895798914134502,0.000816666055470705,strong_2x2_bal_100,strong_null,True,1987,1062694068,0.0,0,0
100,100,0.06305153357970694,0.02928001942174485,0.057843201723358106,0.024106287714261043,0.03377151415796209,0.03373691400909706,0.04171174703346499,0.80964036655831,0.808810860452098,0.4181469007780272,0.41862394827562266,0.398,0.405,0.405,True,999,0.0001111660385504365,0.0008203749312087893,strong_2x2_bal_100,strong_null,True,1988,1062694068,0.0,0,0
100,100,0.040267259181623105,0.07276017128216583,0.03508650452536699,0.06755718170455793,-0.032492912100542726,-0.03247067717919094,0.04605860723653799,-0.705468837424296,-0.7049860846298489,0.4805185183577225,0.48081889599274896,0.515,0.513,0.513,True,999,0.00011158303823322058,0.0008274581050500274,strong_2x2_bal_100,strong_null,True,1989,1062694068,0.0,0,0
100,100,0.08368073881203542,0.13821225018219896,0.07846208068892224,0.13292206761698822,-0.05453151137016354,-0.05445998692806597,0.06268865384659261,-0.8698784871598827,-0.8687375399914748,0.3843668131310988,0.384990703379405,0.399,0.393,0.393,True,999,0.00011399993672966957,0.0008224580669775605,strong_2x2_bal_100,strong_null,True,1990,1062694068,0.0,0,0
100,100,0.0672756133433352,0.03448819381301116,0.06206363740453469,0.029312193363125516,0.03278741953032405,0.03275144404140917,0.04375961744608612,0.7492620238446935,0.7484399076788198,0.45369929222644656,0.45419485867885967,0.439,0.447,0.447,True,999,0.0001157090300694108,0.0008482499979436398,strong_2x2_bal_100,strong_null,True,1991,1062694068,0.0,0,0
100,100,0.06449032675485356,0.034040980571866775,0.059284525146395595,0.028865908768068493,0.03044934618298678,0.0304186163783271,0.04317539354768869,0.7052476811671546,0.7045359376916555,0.48065611314022494,0.4810990777877827,0.511,0.507,0.507,True,999,0.00011437491048127413,0.0007875830633565784,strong_2x2_bal_100,strong_null,True,1992,1062694068,0.0,0,0
100,100,0.1308787446152816,0.04409715364956501,0.12562823625052033,0.038856776597427256,0.08678159096571658,0.08677145965309307,0.05551746757893181,1.5631403007050904,1.5629578119665848,0.1180195982888286,0.1180625182038316,0.102,0.114,0.114,True,999,0.00010862504132091999,0.0007927090628072619,strong_2x2_bal_100,strong_null,True,1993,1062694068,0.0,0,0
100,100,0.10133752297070897,0.039379373902592496,0.09610922447077996,0.03420076535070393,0.061958149068116475,0.06190845912007603,0.05068467408411658,1.222423744212903,1.2214433699885767,0.22154742463355392,0.2219181947426272,0.215,0.217,0.217,True,999,0.00011612498201429844,0.0008011249592527747,strong_2x2_bal_100,strong_null,True,1994,1062694068,0.0,0,0
100,100,0.05286967496666373,0.08152099085670983,0.047680185505157624,0.07631107733922704,-0.028651315890046103,-0.028630891834069416,0.0499555610337026,-0.5735360647980001,-0.5731272203059343,0.5662817873543713,0.5665585579325118,0.618,0.619,0.619,True,999,0.00010800000745803118,0.000788375036790967,strong_2x2_bal_100,strong_null,True,1995,1062694068,0.0,0,0
100,100,0.12554113850568016,0.0096719973452698,0.1202266396338274,0.004510824925830548,0.11586914116041036,0.11571581470799686,0.04800813921681408,2.4135311855584076,2.410337426022737,0.01579877581780599,0.01593777265609244,0.007,0.007,0.007,True,999,0.00010816601570695639,0.0007999580120667815,strong_2x2_bal_100,strong_null,True,1996,1062694068,0.0,0,0
100,100,0.048646947307498856,0.1388710359279498,0.04345864183397907,0.13360096279608058,-0.09022408862045095,-0.09014232096210151,0.05754968110344049,-1.5677600099691444,-1.5663391913515319,0.11693715085889368,0.1172692305654512,0.109,0.108,0.108,True,999,0.00011191598605364561,0.0008003748953342438,strong_2x2_bal_100,strong_null,True,1997,1062694068,0.0,0,0
100,100,0.03339837382168831,0.07039567509575029,0.02821908310569654,0.06517487834410929,-0.03699730127406198,-0.03695579523841275,0.0440682827539513,-0.839544882668356,-0.8386030253266262,0.40116361394978417,0.40169211241828584,0.36,0.356,0.356,True,999,0.00012183294165879488,0.0008232920663431287,strong_2x2_bal_100,strong_null,True,1998,1062694068,0.0,0,0
100,100,0.051912047129490935,0.05879803751602253,0.046724493421635316,0.05360461857230803,-0.006885990386531593,-0.006880125150672711,0.045712957765150414,-0.15063541549659198,-0.15050710973503933,0.8802633226234233,0.880364541874988,0.874,0.874,0.874,True,999,0.00011441693641245365,0.0008350410498678684,strong_2x2_bal_100,strong_null,True,1999,1062694068,0.0,0,0
250,250,0.12619189553235732,0.14408604646282325,0.1151439090057238,0.13534535699989192,-0.017894150930465924,-0.02020144799416812,0.051410558038446005,-0.3480637365788612,-0.39294356577613904,0.7277923175541595,0.694361163454373,0.715,0.715,0.685,True,999,0.00013470801059156656,0.0014320829650387168,strong_3x3_strong_250,strong_null,True,0,292201944,0.0,0,1
250,250,0.07713488734384377,0.13160537397633149,0.0661321876717409,0.12113632950720898,-0.054470486632487713,-0.05500414183546809,0.04686186291136586,-1.162362809509147,-1.1737506453702549,0.24508812332255492,0.24049491797643618,0.215,0.24,0.239,True,999,0.00012208300177007914,0.0013514580205082893,strong_3x3_strong_250,strong_null,True,1,292201944,0.0,0,1
250,250,0.06588886099354568,0.07956596109746483,0.05607867733546357,0.06869380571158956,-0.013677100103919149,-0.012615128376125995,0.03909422430759674,-0.3498496349820511,-0.3226852201202171,0.7264515466608044,0.7469336465061505,0.714,0.706,0.726,True,999,0.00011370796710252762,0.0013359170407056808,strong_3x3_strong_250,strong_null,True,2,292201944,0.0,0,0
250,250,0.11925560882328862,0.09081461232169502,0.10853323145808247,0.08121841009140951,0.028440996501593596,0.02731482136667296,0.04466761124889513,0.6367252625871525,0.6115129196067901,0.524303815248989,0.540860067895149,0.523,0.513,0.527,True,999,0.00010995904449373484,0.001357333967462182,strong_3x3_strong_250,strong_null,True,3,292201944,0.0,1,0
250,250,0.07231892700375736,0.1218187453114743,0.06485538779114108,0.11038105104580609,-0.049499818307716936,-0.045525663254665005,0.045419770631172696,-1.0898297728025954,-1.002331421361684,0.27578813636229327,0.3161835516676903,0.249,0.259,0.307,True,999,0.00011145800817757845,0.0014011660823598504,strong_3x3_strong_250,strong_null,True,4,292201944,0.0,1,0
250,250,0.12771274495236373,0.15996015298110738,0.11862694913406813,0.15335907063644072,-0.03224740802874365,-0.03473212150237259,0.05408342894809842,-0.5962530234480903,-0.6421952560682411,0.5510062083495959,0.520746412820959,0.538,0.541,0.528,True,999,0.00011291599366813898,0.0013297500554472208,strong_3x3_strong_250,strong_null,True,5,292201944,0.0,1,2
250,250,0.0751963182948413,0.11367159231156232,0.06631397149519103,0.10420850032626561,-0.03847527401672102,-0.03789452883107458,0.043486155378943334,-0.8847706512898893,-0.8714159368851379,0.3762803414982927,0.3835270871381543,0.38,0.382,0.387,True,999,0.00011454196646809578,0.0014015419874340296,strong_3x3_strong_250,strong_null,True,6,292201944,0.0,1,0
250,250,0.09860903435736262,0.1487653367486213,0.09373694038723102,0.133835975026372,-0.05015630239125868,-0.040099034639140996,0.05091415480821706,-0.9851150938317045,-0.7875812687097654,0.32456754007543265,0.4309416747204976,0.325,0.322,0.441,True,999,0.00011745805386453867,0.0013812079560011625,strong_3x3_strong_250,strong_null,True,7,292201944,0.0,2,0
250,250,0.11824508031866249,0.13888126014562185,0.1095053283198979,0.12730249942366356,-0.020636179826959367,-0.017797171103765663,0.05124439510839356,-0.40270120826500433,-0.3472998572062485,0.6871680449534365,0.7283660580507072,0.67,0.675,0.721,True,999,0.00011066591832786798,0.0013572090538218617,strong_3x3_strong_250,strong_null,True,8,292201944,0.0,1,0
250,250,0.13200659963660755,0.07093461222951475,0.12164537252822072,0.05998550397575286,0.0610719874070928,0.061659868552467856,0.04523286523931242,1.350168446857848,1.3631652168449973,0.1769619568830516,0.17283044678670567,0.15,0.159,0.168,True,999,0.00011124997399747372,0.0013384160120040178,strong_3x3_strong_250,strong_null,True,9,292201944,0.0,1,0
250,250,0.08155629300636408,0.14420688046056762,0.07443104890951702,0.1312879922100052,-0.06265058745420354,-0.05685694330048818,0.047619092531494885,-1.3156610956575232,-1.1939946831805637,0.1882878175228444,0.23248004784776555,0.169,0.18,0.214,True,999,0.00014525000005960464,0.0013868340756744146,strong_3x3_strong_250,strong_null,True,10,292201944,0.0,1,0
250,250,0.12104287504076588,0.18206928119155208,0.10920448358433532,0.17678877885059308,-0.061026406150786194,-0.06758429526625775,0.05346188837520284,-1.1414936510004012,-1.2641583999416919,0.25366455257406273,0.20617317880329844,0.275,0.279,0.23,True,999,0.00010975007899105549,0.0014320419868454337,strong_3x3_strong_250,strong_null,True,11,292201944,0.0,0,2
250,250,0.09237930844837311,0.09205756857567865,0.08105116251979894,0.08235231132776732,0.0003217398726944598,-0.0013011488079683886,0.043777378522033825,0.007349454982383726,-0.029721944344234787,0.9941360361291227,0.9762888105957264,0.998,0.998,0.965,True,999,0.0001105000264942646,0.0013240419793874025,strong_3x3_strong_250,strong_null,True,12,292201944,0.0,0,0
250,250,0.07575721883974101,0.11208009555322024,0.06229049850402646,0.10309753943569433,-0.036322876713479224,-0.04080704093166787,0.04548800038160759,-0.7985155735305931,-0.8970946313166054,0.4245713593439835,0.3696684232445223,0.407,0.409,0.355,True,999,0.0001112079480662942,0.0013769170036539435,strong_3x3_strong_250,strong_null,True,13,292201944,0.0,0,1
250,250,0.02958808444036376,0.12145173121458913,0.015036771149844697,0.11028124390743699,-0.09186364677422537,-0.09524447275759229,0.03871540658578701,-2.372793026741707,-2.4601181068974727,0.017654153478934193,0.013889130021825237,0.015,0.013,0.011,True,999,0.00010874995496124029,0.0013312500668689609,strong_3x3_strong_250,strong_null,True,14,292201944,0.0,0,0
250,250,0.15807044333183246,0.14401839994915155,0.1450592135528126,0.13463950363856725,0.014052043382680901,0.010419709914245345,0.052509423338550576,0.2676099353078285,0.19843504749738053,0.7889995825550902,0.8427046986658976,0.781,0.781,0.842,True,999,0.00011291704140603542,0.0013804169138893485,strong_3x3_strong_250,strong_null,True,15,292201944,0.0,0,1
250,250,0.09935841700374304,0.08959218238666639,0.09248788824186249,0.08002956254561866,0.009766234617076652,0.012458325696243833,0.044393018215154005,0.2199948327402269,0.2806370505349208,0.8258751790066152,0.7789887953221046,0.832,0.83,0.797,True,999,0.00011158408597111702,0.0013840419705957174,strong_3x3_strong_250,strong_null,True,16,292201944,0.0,2,0
250,250,0.110991656801401,0.12264847370862453,0.09855971424464371,0.11448455387782985,-0.011656816907223533,-0.01592483963318614,0.04796115003536417,-0.2430470682756434,-0.33203623394026105,0.8079689351950965,0.7398618988755339,0.819,0.809,0.748,True,999,0.00011024996638298035,0.0014544159639626741,strong_3x3_strong_250,strong_null,True,17,292201944,0.0,1,2
250,250,0.15157437294071163,0.14581972571603374,0.1441397273600984,0.1357898073459438,0.005754647224677889,0.008349920014154577,0.053243213953112344,0.10808226621604047,0.15682599516828155,0.9139304352491053,0.8753819851623934,0.92,0.92,0.893,True,999,0.00010841700714081526,0.0014257080620154738,strong_3x3_strong_250,strong_null,True,18,292201944,0.0,1,0
250,250,0.05491759210357555,0.14432916586488986,0.04024939190131249,0.137731474944502,-0.08941157376131431,-0.0974820830431895,0.043893145271063555,-2.037028178526515,-2.2208953685407073,0.041647218284577465,0.02635804900516007,0.058,0.048,0.033,True,999,0.0001105000264942646,0.0013990410370752215,strong_3x3_strong_250,strong_null,True,19,292201944,0.0,0,2
250,250,0.11838086860813768,0.09887964117027315,0.11168984039471752,0.0897113229736135,0.019501227437864532,0.021978517421104016,0.04882888953013998,0.39937888462172094,0.4501129891053045,0.6896140500787822,0.6526289714093314,0.7,0.699,0.675,True,999,0.00011212495155632496,0.0013984160032123327,strong_3x3_strong_250,strong_null,True,20,292201944,0.0,2,1
250,250,0.12581952398435436,0.19285525148447058,0.11115315759590771,0.17794762599952207,-0.06703572750011622,-0.06679446840361436,0.054011823755085085,-1.2411306051076447,-1.2366638221010973,0.214557505167576,0.21621191509058302,0.227,0.234,0.231,True,999,0.000118291936814785,0.00146100006531924,strong_3x3_strong_250,strong_null,True,21,292201944,0.0,0,0
250,250,0.13595413315275295,0.09526179540093976,0.1267903717771901,0.08371611922656541,0.04069233775181319,0.04307425255062469,0.0493579679331002,0.8244330035419528,0.8726909626629594,0.4096935686383437,0.3828315449301619,0.421,0.424,0.38,True,999,0.0001177499070763588,0.0014324580552056432,strong_3x3_strong_250,strong_null,True,22,292201944,0.0,1,0
250,250,0.08963321758396242,0.10943178994588953,0.0765484133321479,0.09795245337899416,-0.019798572361927114,-0.021404040046846262,0.04625772816197677,-0.42800572247301316,-0.46271273789965534,0.6686469541381107,0.6435702866779496,0.675,0.674,0.655,True,999,0.00011612509842962027,0.0014347919495776296,strong_3x3_strong_250,strong_null,True,23,292201944,0.0,0,0
250,250,0.09418706387305698,0.1170270377142314,0.08130331469871521,0.10657361379463737,-0.02283997384117442,-0.025270299095922155,0.04574997199643343,-0.49923470648145923,-0.5523566024891157,0.6176140471356452,0.5807040574446692,0.619,0.616,0.567,True,999,0.00012425007298588753,0.0013509580167010427,strong_3x3_strong_250,strong_null,True,24,292201944,0.0,0,1
250,250,0.1566894198637917,0.08863148504792062,0.14443818443147904,0.07726731904287476,0.06805793481587108,0.06717086538860428,0.048485522534609686,1.403675391294181,1.385379838706631,0.16041553366911865,0.16593635251313632,0.174,0.179,0.184,True,999,0.00011825002729892731,0.0013655000366270542,strong_3x3_strong_250,strong_null,True,25,292201944,0.0,1,0
250,250,0.11737718424679167,0.09138836882675117,0.1045328257666398,0.08402445046857565,0.0259888154200405,0.020508375298064152,0.045650136136574676,0.5693042260002897,0.44925113118409604,0.5691496994037553,0.6532505063178533,0.575,0.57,0.655,True,999,0.00011187500786036253,0.0013912919675931334,strong_3x3_strong_250,strong_null,True,26,292201944,0.0,0,1
250,250,0.09255111727829729,0.11223974938684411,0.08164428834339787,0.09720336612858205,-0.019688632108546822,-0.015559077785184172,0.047314372735643595,-0.4161237055503576,-0.32884463822687365,0.6773194842800858,0.7422731212873562,0.689,0.688,0.76,True,999,0.00011391600128263235,0.001373708015307784,strong_3x3_strong_250,strong_null,True,27,292201944,0.0,1,0
250,250,0.11377545113511167,0.12014445972543075,0.10443845733953339,0.10942499933297256,-0.006369008590319081,-0.004986541993439175,0.04831401666677515,-0.1318252761770262,-0.1032110831900331,0.8951224935227013,0.917795443777138,0.906,0.907,0.927,True,999,0.00010991701856255531,0.001411292003467679,strong_3x3_strong_250,strong_null,True,28,292201944,0.0,1,1
250,250,0.11127836413228026,0.11893606807470175,0.10422209307388641,0.10930869199056303,-0.00765770394242149,-0.005086598916676621,0.048906072563731876,-0.15657981802653168,-0.10400751174709495,0.8755760092102939,0.917163387391984,0.884,0.882,0.921,True,999,0.00011929194442927837,0.0013315420364961028,strong_3x3_strong_250,strong_null,True,29,292201944,0.0,1,0
250,250,0.07581854499742224,0.044788978338703045,0.0683738443759836,0.031975816516450095,0.0310295666587192,0.0363980278595335,0.03830158028908894,0.8101380262776954,0.9503009428021508,0.41786085125947237,0.34195935998725147,0.375,0.394,0.333,True,999,0.00011283298954367638,0.0013160830130800605,strong_3x3_strong_250,strong_null,True,30,292201944,0.0,1,0
250,250,0.09690336447501341,0.12548606140596374,0.08753099734283865,0.11629470988444268,-0.028582696930950335,-0.028763712541604036,0.048194837639492775,-0.5930655300626748,-0.5968214429263665,0.5531372979135816,0.5506266000359228,0.536,0.54,0.539,True,999,0.00011241703759878874,0.0013629579916596413,strong_3x3_strong_250,strong_null,True,31,292201944,0.0,0,1
250,250,0.14005417793050695,0.12386428232848379,0.12964233127401315,0.11044750559908323,0.016189895602023163,0.019194825674929916,0.05161282072158746,0.3136797287122813,0.3719003419416202,0.7537642983989452,0.709967050532879,0.754,0.748,0.707,True,999,0.0001379579771310091,0.0013965419493615627,strong_3x3_strong_250,strong_null,True,32,292201944,0.0,1,0
250,250,0.09611789154036249,0.09002639725575223,0.09103198421537684,0.08258678153565313,0.006091494284610255,0.008445202679723707,0.04590008736343098,0.13271204118586066,0.1839909935869115,0.8944211196159795,0.8540205203838059,0.879,0.885,0.851,True,999,0.00011025008279830217,0.0014816659968346357,strong_3x3_strong_250,strong_null,True,33,292201944,0.0,2,1
250,250,0.08222808798484782,0.08703963895598854,0.07554272978850918,0.079823381158036,-0.004811550971140721,-0.004280651369526822,0.04511244374173649,-0.10665684613953287,-0.09488848340899143,0.915061219041293,0.9244034041511004,0.919,0.925,0.933,True,999,0.00011629203800112009,0.001398916938342154,strong_3x3_strong_250,strong_null,True,34,292201944,0.0,2,1
250,250,0.09734528117092256,0.09532537611711833,0.08978948394225483,0.08390996767973036,0.0020199050538042274,0.005879516262524476,0.04463150459796705,0.045257382021941364,0.13173466401113185,0.9639021568274373,0.8951941665258937,0.96,0.96,0.895,True,999,0.00011366698890924454,0.001386707997880876,strong_3x3_strong_250,strong_null,True,35,292201944,0.0,1,0
250,250,0.12048093779402475,0.08991058742762259,0.10552574736645681,0.08006742502097097,0.030570350366402155,0.02545832234548584,0.04728670771690812,0.6464892956688384,0.5383822129867335,0.5179625272603228,0.590313203589318,0.516,0.512,0.583,True,999,0.00011258292943239212,0.0014017909998074174,strong_3x3_strong_250,strong_null,True,36,292201944,0.0,0,0
250,250,0.07311145043788153,0.13884529799036915,0.06323312400702719,0.13072461615109887,-0.06573384755248762,-0.06749149214407169,0.047138631222143575,-1.3944793441861516,-1.4317660567192554,0.16317290279539798,0.1522107844922832,0.173,0.186,0.167,True,999,0.00011366698890924454,0.0014338750625029206,strong_3x3_strong_250,strong_null,True,37,292201944,0.0,0,2
250,250,0.08322231845609723,0.1370937041987721,0.07165804121125063,0.12387622198180281,-0.05387138574267486,-0.05221818077055218,0.04794814264576481,-1.1235343596241103,-1.0890553395641185,0.26121061629019393,0.2761294826836447,0.304,0.306,0.318,True,999,0.0001207499299198389,0.0014038339722901583,strong_3x3_strong_250,strong_null,True,38,292201944,0.0,0,0
250,250,0.18906499918204134,0.12764060645909653,0.18233219057179895,0.11843634201767372,0.06142439272294481,0.06389584855412522,0.052954314653846396,1.1599506692602088,1.2066221415913287,0.24606889133171772,0.2275776957254223,0.271,0.272,0.264,True,999,0.00015220895875245333,0.0014334170846268535,strong_3x3_strong_250,strong_null,True,39,292201944,0.0,2,1
250,250,0.12826922254925444,0.13271695651459214,0.1187586071399096,0.12342440437691948,-0.004447733965337708,-0.004665797237009883,0.049071829796405855,-0.09063721454428975,-0.0950809712286624,0.9277808606884677,0.9242505123522886,0.942,0.942,0.938,True,999,0.00011212495155632496,0.001333374995738268,strong_3x3_strong_250,strong_null,True,40,292201944,0.0,0,0
250,250,0.12991928141555487,0.12448904801926586,0.12347324083897604,0.11989812796262811,0.005430233396289008,0.00357511287634793,0.048633926145848515,0.11165525440007157,0.0735106778265548,0.9110967592124619,0.9413997473884302,0.916,0.919,0.942,True,999,0.00011758401524275541,0.0013542498927563429,strong_3x3_strong_250,strong_null,True,41,292201944,0.0,2,2
250,250,0.08745682968015422,0.15433771466498775,0.0805634145142875,0.14516354671232534,-0.06688088498483352,-0.06460013219803784,0.047026118893203246,-1.4222072022724357,-1.373707499543931,0.15496610855941265,0.16953250771530937,0.15,0.154,0.168,True,999,0.00011104100849479437,0.0013656249502673745,strong_3x3_strong_250,strong_null,True,42,292201944,0.0,1,1
250,250,0.10787773894145519,0.13879530974390153,0.09644690383814236,0.12561576297576948,-0.030917570802446337,-0.029168859137627123,0.0493486665373549,-0.6265127909594682,-0.5910769466394294,0.5309786498152138,0.5544688655236347,0.532,0.533,0.56,True,999,0.00011033308692276478,0.0014130000490695238,strong_3x3_strong_250,strong_null,True,43,292201944,0.0,0,0
250,250,0.1629755335395292,0.15563269017043202,0.14900199010243398,0.1410633342466241,0.007342843369097185,0.007938655855809884,0.05546360952844733,0.13239029034579933,0.14313269409085502,0.8946755942585422,0.8861853846204452,0.903,0.903,0.897,True,999,0.00011495896615087986,0.0015233339508995414,strong_3x3_strong_250,strong_null,True,44,292201944,0.0,1,0
250,250,0.06827990432616843,0.10693717060941432,0.05863067701048408,0.10049582519683042,-0.038657266283245895,-0.041865148186346346,0.04409082957977221,-0.8767643215536344,-0.9495205371584355,0.38061466182996484,0.3423559318543864,0.36,0.354,0.325,True,999,0.00013325002510100603,0.0013582499232143164,strong_3x3_strong_250,strong_null,True,45,292201944,0.0,0,2
250,250,0.09611116092579985,0.12803283087382333,0.0854905718340433,0.11520095080929593,-0.03192166994802348,-0.029710378975252638,0.04759505141628107,-0.6706930447206929,-0.624232521893851,0.5024160946001579,0.532474891593463,0.505,0.503,0.542,True,999,0.0001166659640148282,0.0013850419782102108,strong_3x3_strong_250,strong_null,True,46,292201944,0.0,1,0
250,250,0.08162768362116662,0.050607449120859405,0.07108524426975293,0.03922949039758805,0.03102023450030722,0.03185575387216488,0.03876985872315952,0.8001121366422985,0.82166288248906,0.4236458300049951,0.4112687896804281,0.396,0.399,0.391,True,999,0.0001251670764759183,0.0013370830565690994,strong_3x3_strong_250,strong_null,True,47,292201944,0.0,1,0
250,250,0.08300681741732707,0.11423092102692162,0.07609698785981323,0.10283029516321562,-0.031224103609594545,-0.026733307303402398,0.045333451580025975,-0.6887651948247407,-0.5897037699900431,0.49097104172498707,0.5553892672791436,0.449,0.465,0.54,True,999,0.00011170899961143732,0.0013624998973682523,strong_3x3_strong_250,strong_null,True,48,292201944,0.0,1,0
250,250,0.08359686767494634,0.06596547907764272,0.07020062199865151,0.054654342733243766,0.01763138859730362,0.015546279265407748,0.041806430398073656,0.4217386758309802,0.3718633501444334,0.6732157712199596,0.7099945937632546,0.675,0.678,0.715,True,999,0.00011854199692606926,0.0013997500063851476,strong_3x3_strong_250,strong_null,True,49,292201944,0.0,0,0
250,250,0.0663176940442316,0.09732822117485435,0.05570939209169978,0.08398290259920316,-0.031010527130622745,-0.028273510507503374,0.04356762172101045,-0.7117792045019512,-0.6489569407427282,0.47660151203603274,0.5163662085606144,0.497,0.491,0.534,True,999,0.00014662498142570257,0.001365375006571412,strong_3x3_strong_250,strong_null,True,50,292201944,0.0,1,0
250,250,0.08189554129430848,0.13608240947528544,0.06904354257723355,0.1255020934159603,-0.054186868180976955,-0.05645855083872675,0.04876323889237475,-1.1112237294280778,-1.1578096968361005,0.2664720596119352,0.2469417053381845,0.28,0.278,0.261,True,999,0.00011162494774907827,0.001383707975037396,strong_3x3_strong_250,strong_null,True,51,292201944,0.0,0,1
250,250,0.09623854200618343,0.08742009487243374,0.08324948618412975,0.0783046826480529,0.008818447133749685,0.004944803536076847,0.04307959329921963,0.20470126243994574,0.11478296700090761,0.8378055340101912,0.9086171501779068,0.846,0.844,0.917,True,999,0.00011429202277213335,0.0013217910891398787,strong_3x3_strong_250,strong_null,True,52,292201944,0.0,0,0
250,250,0.1775450205495337,0.04756242534773736,0.16567384887228798,0.03700041438548851,0.12998259520179634,0.12867343448679947,0.04646125567056049,2.7976556665505266,2.769478194889415,0.005147495616547828,0.005614616233780921,0.008,0.008,0.009,True,999,0.00011254206765443087,0.0013759169960394502,strong_3x3_strong_250,strong_null,True,53,292201944,0.0,0,1
250,250,0.07413965043292453,0.08611325222446764,0.061116930134900826,0.08113138941257603,-0.01197360179154311,-0.0200144592776752,0.043292717816697454,-0.27657311426461295,-0.4623054473599224,0.7821079113749563,0.6438622937727239,0.777,0.776,0.64,True,999,0.0001105419360101223,0.0013754171086475253,strong_3x3_strong_250,strong_null,True,54,292201944,0.0,0,2
250,250,0.0842443969050275,0.08898738156431685,0.07966256566672314,0.08023641151750383,-0.004742984659289351,-0.0005738458507806854,0.042551163698070466,-0.11146545116707178,-0.013486020143949838,0.9112472608115745,0.9892400388987214,0.918,0.918,0.986,True,999,0.00011108303442597389,0.001396041945554316,strong_3x3_strong_250,strong_null,True,55,292201944,0.0,2,1
250,250,0.11403267214425428,0.10597817142162491,0.10337825289990121,0.0986482618410065,0.008054500722629365,0.004729991058894711,0.048436491167050025,0.16628992993837288,0.09765346219200102,0.8679287904610782,0.9222074706459777,0.872,0.872,0.917,True,999,0.00010995892807841301,0.001368124969303608,strong_3x3_strong_250,strong_null,True,56,292201944,0.0,1,1
250,250,0.15882245257267974,0.12079406193780645,0.15191738896403706,0.10932998453560572,0.03802839063487329,0.04258740442843134,0.0499962585694487,0.7606247291894631,0.8518118284646063,0.44688124490469694,0.39431854020412127,0.449,0.437,0.391,True,999,0.00011508306488394737,0.0014075830113142729,strong_3x3_strong_250,strong_null,True,57,292201944,0.0,2,0
250,250,0.11109347785758489,0.10621528687940668,0.10407264749558465,0.09645083633016327,0.00487819097817821,0.007621811165421377,0.04634493620257229,0.10525833840520973,0.16445833762952386,0.9161708204118336,0.8693703418859043,0.898,0.899,0.855,True,999,0.00011270795948803425,0.0013720409478992224,strong_3x3_strong_250,strong_null,True,58,292201944,0.0,1,0
250,250,0.1475674993076288,0.027718159591530733,0.14068984071133173,0.014554792135939465,0.11984933971609807,0.12613504857539226,0.04271185722528138,2.8059969175294626,2.9531623481062828,0.0050161172174184475,0.0031453649509813626,0.004,0.006,0.004,True,999,0.00011462497059255838,0.001373874954879284,strong_3x3_strong_250,strong_null,True,59,292201944,0.0,2,0
250,250,0.05786290272253575,0.10204139122787881,0.046492673833270715,0.08912118860578744,-0.04417848850534306,-0.042628514772516723,0.04209546097322249,-1.0494834237222301,-1.0126629756978625,0.29395568048549814,0.3112211682566559,0.279,0.284,0.303,True,999,0.00011300004553049803,0.0013863330241292715,strong_3x3_strong_250,strong_null,True,60,292201944,0.0,0,0
250,250,0.14168385864558874,0.10552269265965308,0.1319161715436934,0.09469921237769086,0.03616116598593566,0.03721695916600254,0.04925007624698539,0.734235736094908,0.7556731278823269,0.4628050769823232,0.4498451993402617,0.473,0.482,0.472,True,999,0.00011987495236098766,0.0013787089847028255,strong_3x3_strong_250,strong_null,True,61,292201944,0.0,0,0
250,250,0.12546405825598755,0.0648913196999763,0.11817746610405777,0.05195783083951255,0.06057273855601125,0.06621963526454522,0.04504864921670672,1.3446072104099245,1.469958287672409,0.17875211362985,0.14157305153482316,0.173,0.19,0.15,True,999,0.00011370796710252762,0.0013872500276193023,strong_3x3_strong_250,strong_null,True,62,292201944,0.0,1,0
250,250,0.03465437130533022,0.06718805499391411,0.02789773621972813,0.05569846193903061,-0.03253368368858389,-0.027800725719302477,0.03476376426578256,-0.9358504286201912,-0.7997041260191234,0.34935020303443554,0.4238822418397825,0.352,0.358,0.421,True,999,0.00011274998541921377,0.0013299580896273255,strong_3x3_strong_250,strong_null,True,63,292201944,0.0,2,0
250,250,0.08353451015058971,0.1301251836802133,0.07293322505336164,0.11738028881401874,-0.046590673529623594,-0.0444470637606571,0.047148941367097706,-0.9881594830915187,-0.9426948404757594,0.32307454775150823,0.3458370132042692,0.331,0.323,0.348,True,999,0.00011491600889712572,0.0013692919164896011,strong_3x3_strong_250,strong_null,True,64,292201944,0.0,1,0
250,250,0.11965017946906797,0.09980071426082843,0.10826286934711504,0.08857450339077388,0.019849465208239547,0.01968836595634116,0.047330461071601514,0.4193803474301947,0.4159766355657639,0.6749381844849789,0.6774271001722545,0.674,0.675,0.669,True,999,0.00011512497439980507,0.0013605420244857669,strong_3x3_strong_250,strong_null,True,65,292201944,0.0,0,0
250,250,0.19365591418339695,0.1588757662042668,0.18730221029662175,0.15627899455211036,0.03478014797913015,0.03102321574451139,0.05394340395351001,0.6447525634293433,0.5751067502386037,0.5190875471396114,0.5652191029653622,0.484,0.518,0.575,True,999,0.00011520797852426767,0.0014272499829530716,strong_3x3_strong_250,strong_null,True,66,292201944,0.0,2,3
250,250,0.12184827509928015,0.12568835911369242,0.1119179393797225,0.11344718156139777,-0.0038400840144122705,-0.0015292421816752721,0.05044536775092755,-0.07612362017802243,-0.03031481878030622,0.9393207484761726,0.9758159783269538,0.928,0.932,0.968,True,999,0.00011475000064820051,0.001370792044326663,strong_3x3_strong_250,strong_null,True,67,292201944,0.0,0,1
250,250,0.13307674606000108,0.106205939142059,0.12637021469021192,0.09498675443533955,0.02687080691794208,0.031383460254872375,0.04862553859720984,0.5526068747644461,0.6454110568283387,0.5805326334418186,0.5186608400253703,0.566,0.567,0.525,True,999,0.00011862500105053186,0.001395000028423965,strong_3x3_strong_250,strong_null,True,68,292201944,0.0,2,0
250,250,0.15136954800171343,0.0973990619990936,0.14023961929677853,0.08668260469197264,0.05397048600261983,0.053557014604805886,0.04872428651464973,1.1076711402719617,1.0991851997402386,0.2680038674644568,0.271687293017008,0.286,0.282,0.285,True,999,0.00011104100849479437,0.001362707931548357,strong_3x3_strong_250,strong_null,True,69,292201944,0.0,0,1
250,250,0.1253408887008698,0.14799066281095374,0.11881711629636982,0.1366869367217447,-0.022649774110083953,-0.017869820425374883,0.05182747614905675,-0.43702251764957256,-0.3447943398590539,0.6620950177977286,0.7302489885867501,0.66,0.657,0.722,True,999,0.00011366698890924454,0.001400084001943469,strong_3x3_strong_250,strong_null,True,70,292201944,0.0,2,0
250,250,0.10734068833026289,0.19856675656797984,0.1006525354273009,0.19317756995182833,-0.09122606823771695,-0.09252503452452743,0.052245384641195915,-1.7461076966745968,-1.7709704916512505,0.08079223964672919,0.07656560884481069,0.094,0.092,0.089,True,999,0.0001117080682888627,0.0014348749537020922,strong_3x3_strong_250,strong_null,True,71,292201944,0.0,2,2
250,250,0.10251847965499927,0.13676509900619027,0.0907903216793926,0.12795683200317853,-0.034246619351191,-0.03716651032378593,0.049721517545413894,-0.6887685863552201,-0.7474934828736741,0.49096890710204966,0.45476573527337827,0.494,0.493,0.454,True,999,0.00011037499643862247,0.0014178749406710267,strong_3x3_strong_250,strong_null,True,72,292201944,0.0,0,1
250,250,0.07415550285410444,0.10397529889149565,0.06528783209002142,0.09683257346790697,-0.02981979603739121,-0.03154474137788554,0.04476269147447882,-0.666175224391786,-0.7047105600401752,0.5052991070303336,0.4809903782742383,0.511,0.511,0.494,True,999,0.00011820800136774778,0.001280208001844585,strong_3x3_strong_250,strong_null,True,73,292201944,0.0,1,1
250,250,0.11871239188110927,0.11498493496862344,0.10762700719611473,0.10367721000061181,0.003727456912485827,0.003949797195502924,0.049305251571849194,0.07559959220680697,0.08010905673500425,0.9397376609093683,0.9361505196674054,0.936,0.935,0.929,True,999,0.0001116250641644001,0.001341666909866035,strong_3x3_strong_250,strong_null,True,74,292201944,0.0,0,0
250,250,0.12421948516812797,0.16462328517049268,0.11637347954928146,0.15567211501749512,-0.04040380000236471,-0.03929863546821366,0.04998272400438016,-0.8083553029007379,-0.7862443724509649,0.41888607482518836,0.4317243349808242,0.397,0.394,0.435,True,999,0.00010983308311551809,0.001347250072285533,strong_3x3_strong_250,strong_null,True,75,292201944,0.0,1,1
250,250,0.07760301706953832,0.07078264228747128,0.06441181752657599,0.05966049830867348,0.00682037478206704,0.0047513192179025054,0.040514984655026655,0.16834203048922647,0.11727313383822333,0.8663142100981979,0.9066436141942229,0.869,0.867,0.912,True,999,0.00010945799294859171,0.0013702920405194163,strong_3x3_strong_250,strong_null,True,76,292201944,0.0,0,0
250,250,0.09453803234574976,0.11831044006735297,0.08162303482743027,0.10930317424447367,-0.023772407721603217,-0.027680139417043392,0.046380130766649756,-0.5125558580506866,-0.5968102926727227,0.608262037607405,0.5506340452863556,0.626,0.619,0.55,True,999,0.00011329201515763998,0.0014444580301642418,strong_3x3_strong_250,strong_null,True,77,292201944,0.0,0,1
250,250,0.0637516303716914,0.11311268468408264,0.054716933458095696,0.10424438884987808,-0.04936105431239124,-0.04952745539178238,0.04331819114901438,-1.139499434373643,-1.1433408015909103,0.25449490406911945,0.2528971207548374,0.249,0.252,0.257,True,999,0.0001145839923992753,0.0013516671024262905,strong_3x3_strong_250,strong_null,True,78,292201944,0.0,1,1
250,250,0.12783518044180603,0.06250117624732932,0.12361310281374926,0.05211138676834537,0.06533400419447671,0.0715017160454039,0.043806685367460386,1.4914162906058814,1.6322101397453683,0.13585223370466742,0.1026352254549764,0.143,0.147,0.121,True,999,0.00011270795948803425,0.0013607499422505498,strong_3x3_strong_250,strong_null,True,79,292201944,0.0,3,1
250,250,0.07429728417728848,0.1139679863556628,0.06371764603541408,0.10709607370766605,-0.03967070217837432,-0.043378427672251973,0.045237465768730806,-0.8769435136173264,-0.9589049018355081,0.3805173198385262,0.33760665514774035,0.373,0.374,0.328,True,999,0.00010908301919698715,0.001343499985523522,strong_3x3_strong_250,strong_null,True,80,292201944,0.0,1,1
250,250,0.11129890216040872,0.08575954939805963,0.10453615415747208,0.07695060064213521,0.025539352762349088,0.02758555351533687,0.04642032158757367,0.5501761273705987,0.5942559760878798,0.5821985758293589,0.5523409187638294,0.559,0.558,0.55,True,999,0.00011158303823322058,0.0013597499346360564,strong_3x3_strong_250,strong_null,True,81,292201944,0.0,2,1
250,250,0.13822679077023647,0.11813556345793474,0.1283753768386049,0.10753369810285562,0.02009122731230173,0.02084167873574927,0.050525116819476204,0.3976483099304196,0.4125013468096586,0.6908894445802004,0.6799719937436152,0.672,0.68,0.672,True,999,0.00011224998161196709,0.0014062089612707496,strong_3x3_strong_250,strong_null,True,82,292201944,0.0,0,1
250,250,0.07480736123063236,0.08448574652827623,0.06437047973544452,0.07343808831323884,-0.009678385297643866,-0.009067608577794317,0.040121459891903966,-0.241227146861544,-0.226003954049141,0.809379071893765,0.8211983450036837,0.809,0.809,0.808,True,999,0.00011266698129475117,0.0013939590426161885,strong_3x3_strong_250,strong_null,True,83,292201944,0.0,1,0
250,250,0.05414077396211758,0.1481152063280431,0.04528845933515413,0.13918022666059926,-0.09397443236592551,-0.09389176732544513,0.04506576018700173,-2.0852734310033996,-2.083439110664913,0.03704448771440812,0.03721121640573738,0.043,0.042,0.042,True,999,0.000122333993203938,0.0013372499961405993,strong_3x3_strong_250,strong_null,True,84,292201944,0.0,1,1
250,250,0.18116092508017,0.08541938391289439,0.17464233897123904,0.07656712259480969,0.09574154116727562,0.09807521637642935,0.049130752055766586,1.9487090500589686,1.9962083272225841,0.05133018039708313,0.04591125143004193,0.068,0.065,0.057,True,999,0.0001229170011356473,0.0013553340686485171,strong_3x3_strong_250,strong_null,True,85,292201944,0.0,2,1
250,250,0.07400106594270939,0.12792691300071435,0.06694691027735189,0.11855852927992316,-0.05392584705800496,-0.051611619002571274,0.04597846636263747,-1.1728500605628205,-1.1225171930595614,0.24085593898037272,0.26164260151005425,0.229,0.242,0.263,True,999,0.00011133402585983276,0.0013522920198738575,strong_3x3_strong_250,strong_null,True,86,292201944,0.0,1,1
250,250,0.049861785590061214,0.12452831992731,0.036692756836657736,0.11411866980152752,-0.07466653433724879,-0.07742591296486978,0.041729060838007544,-1.7893173926704153,-1.855443458587233,0.07356371456089368,0.0635329263286924,0.065,0.069,0.064,True,999,0.00011345802340656519,0.0013610419118776917,strong_3x3_strong_250,strong_null,True,87,292201944,0.0,0,1
250,250,0.09886809861002038,0.08641712784553884,0.08567947713930835,0.07570034962074601,0.01245097076448154,0.009979127518562336,0.04663845190165792,0.2669679257522467,0.21396781221650274,0.7894938566112326,0.8305721580142151,0.8,0.801,0.831,True,999,0.00011329201515763998,0.0014434579061344266,strong_3x3_strong_250,strong_null,True,88,292201944,0.0,0,1
250,250,0.08988161551081658,0.12645304156682008,0.08067678660300714,0.11343924262440908,-0.0365714260560035,-0.03276245602140193,0.049125338957943014,-0.7444513734004539,-0.6669156226983063,0.45660344893724913,0.5048260312786195,0.473,0.474,0.52,True,999,0.00011429109144955873,0.0013787500793114305,strong_3x3_strong_250,strong_null,True,89,292201944,0.0,1,0
250,250,0.1295689339439533,0.05173410483342816,0.12054763276067604,0.038443311763465715,0.07783482911052514,0.08210432099721032,0.044515098544695465,1.7485040279619946,1.8444151238882092,0.08037678873408038,0.06512266488654635,0.083,0.073,0.062,True,999,0.00011320796329528093,0.0013979170471429825,strong_3x3_strong_250,strong_null,True,90,292201944,0.0,1,0
250,250,0.10056294935546956,0.12060476215174559,0.08566536767105504,0.11143433535062286,-0.020041812796276037,-0.025768967679567822,0.04892864261436986,-0.4096130962437522,-0.5266642666273299,0.6820897884557269,0.5984267543034256,0.696,0.694,0.608,True,999,0.00010991701856255531,0.0013684170553460717,strong_3x3_strong_250,strong_null,True,91,292201944,0.0,0,1
250,250,0.14481378602618167,0.054705322581709515,0.13160645264578363,0.03978471472598244,0.09010846344447215,0.0918217379198012,0.04555153798810456,1.978165116356846,2.0157768974514045,0.047910082608618815,0.04382331038604047,0.06,0.054,0.049,True,999,0.00011237501166760921,0.0014012500178068876,strong_3x3_strong_250,strong_null,True,92,292201944,0.0,0,0
250,250,0.1304928025050695,0.17777292240710274,0.11405479341047453,0.16320833965491488,-0.047280119902033235,-0.04915354624444035,0.053878143183650924,-0.8775380350594594,-0.9123095812135517,0.3801944692187197,0.3616057720375123,0.382,0.386,0.371,True,999,0.00010958302300423384,0.001491874922066927,strong_3x3_strong_250,strong_null,True,93,292201944,0.0,0,0
250,250,0.09195089344746155,0.0863496206717474,0.08559676314280296,0.07736040908777397,0.00560127277571415,0.008236354055028983,0.04341921666438107,0.12900446406047558,0.1896937505504486,0.8973541165381428,0.8495491182347308,0.891,0.89,0.857,True,999,0.00011308398097753525,0.0013894169824197888,strong_3x3_strong_250,strong_null,True,94,292201944,0.0,2,1
250,250,0.05910766199771156,0.13655657623344458,0.05128620538114603,0.12525592107729722,-0.07744891423573302,-0.07396971569615118,0.04642546252982106,-1.6682421674524894,-1.593300565366199,0.09526766323177281,0.11109277992561892,0.102,0.105,0.125,True,999,0.00011566688772290945,0.0013490000274032354,strong_3x3_strong_250,strong_null,True,95,292201944,0.0,1,0
250,250,0.07402182325301632,0.0816928034766718,0.06347175512104286,0.0712788352909115,-0.007670980223655477,-0.007807080169868641,0.04203092078664003,-0.18250802219145718,-0.18574611318889314,0.8551840592903138,0.8526438644303969,0.847,0.852,0.876,True,999,0.00011912500485777855,0.0013459998881444335,strong_3x3_strong_250,strong_null,True,96,292201944,0.0,1,1
250,250,0.14542326592031984,0.10895306905531599,0.13670752872334901,0.09838487685122743,0.03647019686500386,0.03832265187212158,0.050516061156230835,0.7219525044166174,0.7586231189641104,0.47032367903574346,0.4480780388785852,0.47,0.49,0.471,True,999,0.00011241692118346691,0.0013942080549895763,strong_3x3_strong_250,strong_null,True,97,292201944,0.0,1,1
250,250,0.10513918981807924,0.0829721031638076,0.09597624225128243,0.07264171865585922,0.02216708665427164,0.023334523595423207,0.04413694100798336,0.5022343222712721,0.528684658757899,0.6155027024212132,0.5970242211850386,0.612,0.607,0.585,True,999,0.0001176249934360385,0.0014243340119719505,strong_3x3_strong_250,strong_null,True,98,292201944,0.0,1,1
250,250,0.054069330629134105,0.0444227759591172,0.04652730436285424,0.029773784957768612,0.009646554670016905,0.016753519405085626,0.034787211214270405,0.27730175352658615,0.4815999564291891,0.7815484132224086,0.6300901571507753,0.772,0.767,0.627,True,999,0.00011312495917081833,0.0014021249953657389,strong_3x3_strong_250,strong_null,True,99,292201944,0.0,1,0
250,250,0.15340057036478744,0.18913868294656278,0.14461760483510488,0.18024604569855285,-0.03573811258177534,-0.03562844086344796,0.05323001724084988,-0.6713902124072417,-0.6693298764537299,0.5019719784322251,0.5032850725958127,0.519,0.519,0.521,True,999,0.0001305839978158474,0.001382332993671298,strong_3x3_strong_250,strong_null,True,100,292201944,0.0,1,1
250,250,0.0875997131989783,0.07147905752974343,0.07716287027211877,0.05843917895813888,0.016120655669234873,0.018723691313979884,0.04334012052992535,0.37195687211123313,0.43201751829581575,0.7099249602175738,0.665728680910064,0.722,0.724,0.688,True,999,0.00011224998161196709,0.0013347920030355453,strong_3x3_strong_250,strong_null,True,101,292201944,0.0,1,0
250,250,0.08636659431056531,0.09410204512125836,0.07747706802979337,0.08085888668342989,-0.007735450810693045,-0.0033818186536365147,0.044715465568221,-0.17299273780100327,-0.07562973147348714,0.8626571359579429,0.9397136819028001,0.881,0.878,0.95,True,999,0.00011554104276001453,0.0013476669555529952,strong_3x3_strong_250,strong_null,True,102,292201944,0.0,1,0
250,250,0.06406149164430286,0.12986912301447628,0.05309770318508811,0.1168873763098901,-0.06580763137017343,-0.063789673124802,0.04389223611249182,-1.4993000402511831,-1.4533247511317229,0.1337958119481649,0.1461336082959987,0.137,0.141,0.151,True,999,0.00011229200754314661,0.0013263339642435312,strong_3x3_strong_250,strong_null,True,103,292201944,0.0,0,0
250,250,0.11988536323277899,0.1179484177495469,0.11017118876489462,0.10754725629632844,0.0019369454832320887,0.0026239324685661813,0.048274425357649496,0.04012363625008253,0.054354504463312,0.9679945579696311,0.9566527254146402,0.966,0.968,0.964,True,999,0.00013099994976073503,0.0013767089694738388,strong_3x3_strong_250,strong_null,True,104,292201944,0.0,0,1
250,250,0.08788273825264109,0.16360319641031235,0.08005133918756258,0.1514520595571156,-0.07572045815767126,-0.07140072036955303,0.04926818621774358,-1.536903709485475,-1.4492256738251625,0.12431689100081092,0.1472745699373098,0.119,0.125,0.15,True,999,0.00011070794425904751,0.001453625038266182,strong_3x3_strong_250,strong_null,True,105,292201944,0.0,1,1
250,250,0.07270325026288704,0.14401188014380656,0.05949721466953406,0.13484519818642582,-0.07130862988091952,-0.07534798351689176,0.048370278274688136,-1.474224098442594,-1.5577330998387264,0.14042126349367334,0.11929653064752632,0.16,0.155,0.132,True,999,0.0001106249401345849,0.0013970419531688094,strong_3x3_strong_250,strong_null,True,106,292201944,0.0,0,1
250,250,0.09905971217040305,0.0676626771918526,0.08612536228403656,0.05311432062983101,0.03139703497855045,0.03301104165420554,0.04344311685420369,0.7227159847650844,0.7598681688745197,0.46985439291833964,0.4473333901939792,0.476,0.471,0.444,True,999,0.0001232079230248928,0.001343916985206306,strong_3x3_strong_250,strong_null,True,107,292201944,0.0,0,0
250,250,0.12684434505818548,0.14193187264151164,0.11958694233605627,0.13904669780271206,-0.015087527583326155,-0.019459755466655793,0.051686319369904726,-0.29190562932811837,-0.376497218294607,0.7703587792724161,0.7065472831030524,0.767,0.763,0.702,True,999,0.00010987499263137579,0.0013628749875351787,strong_3x3_strong_250,strong_null,True,108,292201944,0.0,1,3
250,250,0.08688196223789241,0.07143680309645595,0.07348973356907607,0.06227572142465476,0.01544515914143646,0.011214012144421304,0.0412213408241333,0.3746884218864126,0.2720438471971292,0.7078922040061947,0.785588305065165,0.688,0.691,0.773,True,999,0.00011037499643862247,0.0013586250133812428,strong_3x3_strong_250,strong_null,True,109,292201944,0.0,0,0
250,250,0.06696671947613447,0.10198615755290924,0.058383918831481196,0.08708032669107979,-0.03501943807677477,-0.028696407859598594,0.04320490743385751,-0.8105430645901996,-0.6641932494249637,0.41762812465188914,0.5065666334841825,0.394,0.399,0.484,True,999,0.00010966695845127106,0.0014634579420089722,strong_3x3_strong_250,strong_null,True,110,292201944,0.0,1,0
250,250,0.10776800049357815,0.10371274776909672,0.0970601228387693,0.09326533058033704,0.0040552527244814285,0.003794792258432267,0.047062899755078325,0.08616665665705918,0.08063235113392667,0.931333936228874,0.9357343374774804,0.933,0.932,0.935,True,999,0.00012608396355062723,0.0014041250105947256,strong_3x3_strong_250,strong_null,True,111,292201944,0.0,1,1
250,250,0.16857245060037507,0.09378094277949334,0.15746583166117034,0.08152952661768609,0.07479150782088173,0.07593630504348425,0.05178001423144091,1.4444087922916833,1.4665176549406123,0.1486240189700951,0.1425073150310677,0.157,0.157,0.151,True,999,0.00011404103133827448,0.001431250013411045,strong_3x3_strong_250,strong_null,True,112,292201944,0.0,0,1
250,250,0.14145674564335875,0.06022326114560966,0.13723002472552537,0.048525871958588596,0.08123348449774909,0.08870415276693677,0.045013849911777724,1.8046331219604173,1.9705968927516158,0.07113211145369769,0.04877000233626177,0.078,0.076,0.063,True,999,0.00013354199472814798,0.0013897080207243562,strong_3x3_strong_250,strong_null,True,113,292201944,0.0,3,0
250,250,0.10065673125471986,0.11942717910084755,0.08936408709269017,0.10469339187048377,-0.01877044784612769,-0.015329304777793595,0.04749772468067086,-0.39518625307469313,-0.32273766545351673,0.6927054372155413,0.746893924368083,0.691,0.688,0.751,True,999,0.00011575000826269388,0.0013903329381719232,strong_3x3_strong_250,strong_null,True,114,292201944,0.0,0,0
250,250,0.06447404421957553,0.14308827443926697,0.05945652974551763,0.13822688092666624,-0.07861423021969144,-0.07877035118114861,0.04593457817389426,-1.7114390366682375,-1.7148378043866686,0.08700009611307645,0.08637496827869152,0.094,0.087,0.084,True,999,0.00011458294466137886,0.0013630409957841039,strong_3x3_strong_250,strong_null,True,115,292201944,0.0,2,2
250,250,0.12062190009088641,0.07811200641102495,0.11145437302934624,0.06189748423274466,0.042509893679861466,0.049556888796601584,0.04767396040554756,0.8916795105387304,1.0394959507252288,0.37256473891582254,0.2985741403157566,0.359,0.356,0.305,True,999,0.00010995904449373484,0.0013980419607833028,strong_3x3_strong_250,strong_null,True,116,292201944,0.0,1,0
250,250,0.11149282332262828,0.06615651788817906,0.10308127403976641,0.05324529017067903,0.04533630543444922,0.049835983869087386,0.044999860265123995,1.007476582534768,1.1074697471385595,0.31370580554218785,0.26809088515079427,0.298,0.305,0.271,True,999,0.00011100003030151129,0.0013485000235959888,strong_3x3_strong_250,strong_null,True,117,292201944,0.0,2,0
250,250,0.1305908706955256,0.1845934523476157,0.11869508372966209,0.1804116494173087,-0.0540025816520901,-0.06171656568764661,0.05149488748421454,-1.0486979249861315,-1.1984988938283527,0.2943171695811915,0.23072285338668874,0.301,0.298,0.262,True,999,0.00011920800898224115,0.001415290986187756,strong_3x3_strong_250,strong_null,True,118,292201944,0.0,0,3
250,250,0.08829709571363237,0.09822797535401961,0.07546531555804847,0.08666176416434723,-0.009930879640387247,-0.011196448606298759,0.04459125786777517,-0.2227091164334256,-0.25109066533846564,0.8237619056640132,0.8017440127562654,0.794,0.792,0.77,True,999,0.00010841700714081526,0.0014056669315323234,strong_3x3_strong_250,strong_null,True,119,292201944,0.0,0,0
250,250,0.07650889816862283,0.055847960558986776,0.06360151056048835,0.043150117539696,0.020660937609636054,0.020451393020792352,0.038426608060434506,0.5376726870386809,0.532219575264825,0.5908030387521903,0.5945739266662582,0.599,0.589,0.591,True,999,0.00011258397717028856,0.001357999979518354,strong_3x3_strong_250,strong_null,True,120,292201944,0.0,0,0
250,250,0.11701755819844167,0.16924453372691578,0.10554801457701046,0.16004480721190362,-0.05222697552847411,-0.054496792634893154,0.05034674014960705,-1.037345722350243,-1.0824294179316096,0.2995747643133492,0.2790617624405889,0.336,0.332,0.328,True,999,0.00010979105718433857,0.0014507499290630221,strong_3x3_strong_250,strong_null,True,121,292201944,0.0,0,1
250,250,0.11199714484987494,0.14668400894713546,0.0988364965436972,0.14000893022512173,-0.03468686409726052,-0.041172433681424536,0.05011661553556638,-0.6921230359748496,-0.8215326043356938,0.48886006632426027,0.41134296036808726,0.493,0.481,0.404,True,999,0.00011399993672966957,0.0013589999871328473,strong_3x3_strong_250,strong_null,True,122,292201944,0.0,0,2
250,250,0.09511514088257494,0.049808529316062,0.07868889016540948,0.0432551291214196,0.045306611566512944,0.035433761043989875,0.04163558060815822,1.088170523978124,0.8510452004372161,0.2765198346623744,0.39474424455611623,0.28,0.287,0.391,True,999,0.00011487503070384264,0.0013263750588521361,strong_3x3_strong_250,strong_null,True,123,292201944,0.0,0,2
250,250,0.11212658852839574,0.08504589526686634,0.09939589996372433,0.07361553937704457,0.027080693261529398,0.025780360586679762,0.044493934105591854,0.6086378695410974,0.5794129268384872,0.5427644974659708,0.5623105837754863,0.532,0.522,0.546,True,999,0.00011104205623269081,0.0013519999338313937,strong_3x3_strong_250,strong_null,True,124,292201944,0.0,0,0
250,250,0.12217003039049806,0.11243399368014989,0.11164385287857215,0.10280306092715819,0.009736036710348173,0.008840791951413962,0.0499688267866426,0.19484221136348068,0.17692614615833316,0.8455164756300209,0.8595664009298711,0.862,0.863,0.873,True,999,0.00011308409739285707,0.0014019589871168137,strong_3x3_strong_250,strong_null,True,125,292201944,0.0,1,0
250,250,0.03281140822673756,0.12060875532392645,0.02214356819841612,0.10722021807853821,-0.0877973470971889,-0.08507664988012209,0.04158180984782109,-2.1114364049690235,-2.046006419429099,0.03473481871538243,0.040755739091801524,0.04,0.04,0.048,True,999,0.00013095908798277378,0.001383333932608366,strong_3x3_strong_250,strong_null,True,126,292201944,0.0,1,0
250,250,0.12060345858537613,0.06663979345647902,0.11344537119428821,0.057773398351827154,0.05396366512889711,0.05567197284246106,0.04406386189449245,1.224669441323799,1.2634383471826265,0.2206997923714603,0.20643169025189767,0.207,0.213,0.203,True,999,0.00011200003791600466,0.0013785000192001462,strong_3x3_strong_250,strong_null,True,127,292201944,0.0,1,1
250,250,0.1594061624301829,0.06271666759842703,0.1472203874118918,0.053187076291393964,0.09668949483175587,0.09403331112049784,0.04464981280963118,2.1655072831772206,2.1060180368822152,0.030348858251756938,0.03520278561945604,0.038,0.038,0.041,True,999,0.00011245789937674999,0.0013710830826312304,strong_3x3_strong_250,strong_null,True,128,292201944,0.0,1,0
250,250,0.05966780099031094,0.07657513016291728,0.048440744862375595,0.0669826064194865,-0.016907329172606345,-0.018541861557110906,0.03834880177086053,-0.4408828540101463,-0.48350562992557444,0.6592978071159034,0.628736763275081,0.671,0.665,0.628,True,999,0.00012025004252791405,0.0013492079451680183,strong_3x3_strong_250,strong_null,True,129,292201944,0.0,0,0
250,250,0.09410962901378839,0.1468856944249729,0.08109434711406038,0.13615643438049574,-0.052776065411184514,-0.055062087266435356,0.049931917097933536,-1.0569605270246811,-1.1027433046169608,0.2905296027306835,0.2701386552537587,0.262,0.271,0.248,True,999,0.00010970805305987597,0.0013917499454692006,strong_3x3_strong_250,strong_null,True,130,292201944,0.0,0,1
250,250,0.08189064260323092,0.15308077871583864,0.07190101639913848,0.1436993530878823,-0.07119013611260772,-0.0717983366887438,0.049135581340690807,-1.4488509990142886,-1.4612290061435624,0.1473791979247653,0.1439526053335319,0.145,0.147,0.15,True,999,0.00010987499263137579,0.001440583961084485,strong_3x3_strong_250,strong_null,True,131,292201944,0.0,0,1
250,250,0.14803436283625465,0.0603741446797027,0.13635812027929717,0.04914704173648943,0.08766021815655195,0.08721107854280774,0.04587403218613631,1.9108897556871822,1.9010990398433734,0.05601874983780208,0.057289041354171955,0.059,0.059,0.054,True,999,0.00012199999764561653,0.0014570419443771243,strong_3x3_strong_250,strong_null,True,132,292201944,0.0,0,0
250,250,0.11596286311861193,0.10708917895588127,0.10325697487969876,0.09770264983616528,0.008873684162730655,0.005554325043533481,0.04666757278089808,0.1901466828881836,0.11901893997381778,0.849194189669594,0.9052603505081112,0.849,0.849,0.917,True,999,0.00012337497901171446,0.0013358329888433218,strong_3x3_strong_250,strong_null,True,133,292201944,0.0,0,0
250,250,0.12522285941166106,0.046452707236590174,0.11656541837862733,0.03177146183524826,0.07877015217507088,0.08479395654337907,0.03964472099217293,1.9869014134472658,2.1388460915166982,0.046933322973621475,0.03244813519505482,0.047,0.043,0.03,True,999,0.00011304195504635572,0.0013560409424826503,strong_3x3_strong_250,strong_null,True,134,292201944,0.0,1,0
250,250,0.07730016359027175,0.17038319170727034,0.06843243462003556,0.16218247181731726,-0.09308302811699859,-0.0937500371972817,0.05029108680929825,-1.8508851970124574,-1.8641481651167733,0.06418607079400221,0.062300900241978985,0.05,0.054,0.057,True,999,0.00010924995876848698,0.0013749999925494194,strong_3x3_strong_250,strong_null,True,135,292201944,0.0,1,2
250,250,0.09791902424960697,0.10375956557687088,0.0849246423880885,0.09286044154767126,-0.005840541327263915,-0.007935799159582757,0.04635833903168807,-0.1259868547764758,-0.1711838544120028,0.8997423300278677,0.8640792024175222,0.894,0.894,0.844,True,999,0.00011133297812193632,0.0013684580335393548,strong_3x3_strong_250,strong_null,True,136,292201944,0.0,0,1
250,250,0.07061413418857898,0.13220436950139725,0.05894074725358678,0.12759130493013515,-0.061590235312818264,-0.06865055767654837,0.045616233299421986,-1.3501823990714878,-1.5049589304301076,0.1769574825379704,0.13233463590584707,0.185,0.178,0.134,True,999,0.0001194169744849205,0.001362374983727932,strong_3x3_strong_250,strong_null,True,137,292201944,0.0,0,2
250,250,0.1042631996729636,0.07503557213845302,0.09541554321737067,0.0683310236401411,0.02922762753451058,0.02708451957722957,0.04539166937490416,0.6438984936445135,0.5966848091338073,0.5196412586667113,0.5507178366055978,0.522,0.517,0.551,True,999,0.00010850001126527786,0.0013815000420436263,strong_3x3_strong_250,strong_null,True,138,292201944,0.0,1,2
250,250,0.11308792257318451,0.0725351168315328,0.10437434783820265,0.06498348379216168,0.04055280574165171,0.039390864046040974,0.04466917570660605,0.9078476399029325,0.8818354810208759,0.3639587245055126,0.37786578135351734,0.361,0.365,0.387,True,999,0.0001125409035012126,0.0013659170363098383,strong_3x3_strong_250,strong_null,True,139,292201944,0.0,1,1
250,250,0.11469881910907276,0.08138537838943244,0.10503006052014996,0.0699030469577906,0.03331344071964032,0.035127013562359366,0.04474981665722122,0.7444374794832723,0.7849644129590185,0.456611851704001,0.4324744339823101,0.45,0.439,0.418,True,999,0.00011087500024586916,0.0013684580335393548,strong_3x3_strong_250,strong_null,True,140,292201944,0.0,0,0
250,250,0.14201930080257646,0.08949599180535334,0.13144343730441221,0.08432495135494378,0.05252330899722313,0.047118485949468436,0.0484657081839605,1.083721067230902,0.9722025678572892,0.2784884918293469,0.3309497833525483,0.285,0.274,0.334,True,999,0.00010775006376206875,0.0013945839600637555,strong_3x3_strong_250,strong_null,True,141,292201944,0.0,1,2
250,250,0.08317027895123413,0.07931661304280968,0.07005921589171749,0.0695003758835071,0.003853665908424453,0.0005588400082103817,0.04217511476506277,0.0913729797747171,0.013250467990980225,0.9271962309339672,0.9894279655314755,0.931,0.931,0.991,True,999,0.0001105000264942646,0.0014115420635789633,strong_3x3_strong_250,strong_null,True,142,292201944,0.0,0,0
250,250,0.10154284669162023,0.14697905438912218,0.09440165955162172,0.13290551903671144,-0.04543620769750195,-0.03850385948508972,0.05057622275923037,-0.8983709185599404,-0.761303580704089,0.3689878352533178,0.44647576235527,0.397,0.4,0.47,True,999,0.00011587503831833601,0.0014078750973567367,strong_3x3_strong_250,strong_null,True,143,292201944,0.0,1,1
250,250,0.1645125489471438,0.07948050503260068,0.1515477361899542,0.06898577500490433,0.08503204391454311,0.08256196118504988,0.04879875151241011,1.7425044961020866,1.6918867517348959,0.08142020541180275,0.0906675684757474,0.099,0.101,0.109,True,999,0.00011608388740569353,0.0013599999947473407,strong_3x3_strong_250,strong_null,True,144,292201944,0.0,0,1
250,250,0.10971550087395915,0.09214974696655592,0.09899064873117425,0.08251582316248118,0.017565753907403225,0.016474825568693063,0.04712489501159235,0.37274892396221126,0.34959919941764084,0.7093353202403333,0.7266395118384907,0.731,0.735,0.758,True,999,0.00011162494774907827,0.0013763329479843378,strong_3x3_strong_250,strong_null,True,145,292201944,0.0,1,0
250,250,0.10704751591887618,0.05185874706447463,0.09622160758148368,0.03896374037606165,0.05518876885440155,0.05725786720542203,0.04159311298158674,1.326872765662758,1.3766189424381405,0.18455077472550474,0.16863009127671957,0.201,0.183,0.17,True,999,0.00011091609485447407,0.0013230839977040887,strong_3x3_strong_250,strong_null,True,146,292201944,0.0,0,0
250,250,0.11423659071975445,0.19298621730792287,0.10318533655407691,0.18168568244672656,-0.07874962658816842,-0.07850034589264965,0.052989590041567204,-1.486133909063912,-1.4814295757161127,0.13724370470105887,0.13849213836745672,0.148,0.147,0.148,True,999,0.00011254206765443087,0.0013368339277803898,strong_3x3_strong_250,strong_null,True,147,292201944,0.0,0,0
250,250,0.12856104423412523,0.10969751508152564,0.11728306583030701,0.09752699346414317,0.01886352915259959,0.019756072366163835,0.05009587151153819,0.37654857742628356,0.3943652794145636,0.7065091086450388,0.6933113740197282,0.708,0.715,0.695,True,999,0.00011191691737622023,0.0014035420026630163,strong_3x3_strong_250,strong_null,True,148,292201944,0.0,0,1
250,250,0.1404371172280105,0.07190500400604921,0.12971713178674804,0.06283206142157383,0.06853211322196129,0.06688507036517422,0.04840470316991213,1.4158151736081743,1.3817886689727557,0.15682962579699983,0.16703659921107838,0.154,0.149,0.166,True,999,0.00011079094838351011,0.001418542000465095,strong_3x3_strong_250,strong_null,True,149,292201944,0.0,1,1
250,250,0.0821544904559437,0.0661074161005395,0.0755339970940696,0.05118630267990909,0.0160470743554042,0.024347694414160514,0.04205748874131455,0.3815509398125475,0.578914603387694,0.7027944801461841,0.5626467960308283,0.733,0.734,0.576,True,999,0.00011420808732509613,0.0013216660590842366,strong_3x3_strong_250,strong_null,True,150,292201944,0.0,2,0
250,250,0.09572239223841306,0.1425238756342504,0.08125295506165742,0.131558808107755,-0.04680148339583734,-0.05030585304609758,0.04809751987674566,-0.9730539852318886,-1.0459136598937113,0.33052647189099127,0.29560089704240555,0.352,0.344,0.313,True,999,0.00010941596701741219,0.0013459170004352927,strong_3x3_strong_250,strong_null,True,151,292201944,0.0,0,0
250,250,0.12764399334098386,0.1015218765876999,0.12035605879430022,0.09170891696776096,0.026122116753283964,0.02864714182653927,0.0492541744418158,0.5303533568335848,0.5816185562176112,0.595866958917991,0.5608236410487373,0.597,0.596,0.569,True,999,0.00010895798914134502,0.0013451660051941872,strong_3x3_strong_250,strong_null,True,152,292201944,0.0,1,0
250,250,0.17734173504516992,0.09987341851911496,0.16860140754918973,0.08668661594323623,0.07746831652605496,0.0819147916059535,0.053233019133838475,1.455268135953065,1.5387966517548686,0.1455950443515852,0.12385394754729614,0.168,0.169,0.15,True,999,0.00010941701475530863,0.0013766660122200847,strong_3x3_strong_250,strong_null,True,153,292201944,0.0,1,0
250,250,0.11407084659146738,0.11258304670132785,0.1091548596151597,0.10219631281309205,0.0014877998901395295,0.006958546802067644,0.046213143435201776,0.032194301870541724,0.15057505905921853,0.9743171002739544,0.8803109370258587,0.973,0.973,0.875,True,999,0.00010900001507252455,0.0013559999642893672,strong_3x3_strong_250,strong_null,True,154,292201944,0.0,2,1
250,250,0.14649194076627164,0.10183088554016823,0.13466142318792151,0.09925282794510792,0.04466105522610342,0.03540859524281359,0.04886183551159684,0.9140273745038413,0.7246677262954998,0.36070246179075205,0.4686558990156747,0.363,0.36,0.486,True,999,0.00015833298675715923,0.0013937499606981874,strong_3x3_strong_250,strong_null,True,155,292201944,0.0,0,3
250,250,0.10374767137957647,0.12520763630750864,0.09508235948705135,0.11478106160807044,-0.021459964927932174,-0.019698702121019096,0.047638338637317416,-0.450476770218883,-0.4135052288659821,0.6523667004267096,0.6792364922474796,0.644,0.644,0.668,True,999,0.00011429097503423691,0.0013670420739799738,strong_3x3_strong_250,strong_null,True,156,292201944,0.0,1,1
250,250,0.20163804662182716,0.09478337796679309,0.18827699463851388,0.08337253003168144,0.10685466865503407,0.10490446460683245,0.05299285927651029,2.016397494188404,1.9795962331349912,0.04375842733723576,0.047748916604389686,0.043,0.045,0.048,True,999,0.00011066696606576443,0.0013578330399468541,strong_3x3_strong_250,strong_null,True,157,292201944,0.0,0,0
250,250,0.09552618336349122,0.12974200820375892,0.08823981104238499,0.12261769196494754,-0.034215824840267695,-0.034377880922562554,0.04604131298794601,-0.7431548455020315,-0.7466746426532832,0.4573879376672675,0.4552599797616639,0.471,0.47,0.468,True,999,0.00011320796329528093,0.0013781660236418247,strong_3x3_strong_250,strong_null,True,158,292201944,0.0,1,1
250,250,0.04276960855570233,0.16853000906404253,0.03585766391273637,0.15798361447369302,-0.1257604005083402,-0.12212595056095665,0.04445768198820953,-2.8287664782363753,-2.747015703458072,0.004672778128083498,0.006014025489449308,0.008,0.009,0.01,True,999,0.00011362496297806501,0.001388833043165505,strong_3x3_strong_250,strong_null,True,159,292201944,0.0,2,1
250,250,0.08902598385678112,0.06932635354724453,0.07581892497020704,0.06266525785676436,0.019699630309536587,0.01315366711344268,0.04036534452392369,0.4880332508461815,0.3258653498088386,0.625526289118348,0.7445262328040468,0.628,0.627,0.756,True,999,0.0001104589318856597,0.0013998750364407897,strong_3x3_strong_250,strong_null,True,160,292201944,0.0,0,2
250,250,0.16027146902650702,0.07035778227715578,0.1527221496893958,0.0637345651040846,0.08991368674935124,0.0889875845853112,0.04861841561430521,1.849375089938051,1.830326707708015,0.06440366979874544,0.06720110001288963,0.059,0.064,0.066,True,999,0.0001129999291151762,0.0012781659606844187,strong_3x3_strong_250,strong_null,True,161,292201944,0.0,1,2
250,250,0.11819048729335857,0.14620582361570877,0.11089250365652958,0.13298803510639345,-0.028015336322350204,-0.02209553144986387,0.05116603394335087,-0.5475377738553616,-0.431839830977074,0.5840093265511302,0.6658578281083235,0.576,0.574,0.651,True,999,0.00011112494394183159,0.0013678340474143624,strong_3x3_strong_250,strong_null,True,162,292201944,0.0,1,0
250,250,0.12688826221409644,0.05294493107403392,0.1137113317523557,0.04172232263429976,0.07394333114006252,0.07198900911805595,0.04255928312689604,1.7374195641310701,1.6914995702209399,0.08231314044634692,0.09074142980416769,0.081,0.083,0.095,True,999,0.00011099991388618946,0.0013429999817162752,strong_3x3_strong_250,strong_null,True,163,292201944,0.0,0,0
250,250,0.07460315665882489,0.171605234828337,0.06696769127312052,0.15840421923860504,-0.09700207816951212,-0.09143652796548452,0.05046144837301696,-1.9223007126640788,-1.8120076001302015,0.05456793038384941,0.06998502217697339,0.063,0.063,0.075,True,999,0.00011016603093594313,0.001373541890643537,strong_3x3_strong_250,strong_null,True,164,292201944,0.0,1,0
250,250,0.14754662449422795,0.11331992263611085,0.13634739102440108,0.09841015034766087,0.0342267018581171,0.0379372406767402,0.05044194140879231,0.6785365690177658,0.7520971560013654,0.4974315455258843,0.4519926341278605,0.515,0.514,0.478,True,999,0.00011091597843915224,0.001398292020894587,strong_3x3_strong_250,strong_null,True,165,292201944,0.0,0,0
250,250,0.10130392740074629,0.08727660151228622,0.0866576830372594,0.07790159423436194,0.014027325888460063,0.008756088802897466,0.046048946631329225,0.3046177364438696,0.19014742884347097,0.7606573099271401,0.8491936051464608,0.755,0.751,0.846,True,999,0.00011333299335092306,0.0014095830265432596,strong_3x3_strong_250,strong_null,True,166,292201944,0.0,0,1
250,250,0.06409782979638684,0.12831343609076923,0.054079400099226405,0.11619227599240389,-0.06421560629438239,-0.06211287589317749,0.046603047678864744,-1.377927184867466,-1.3328071657714076,0.1682257707187147,0.18259509356226433,0.148,0.163,0.179,True,999,0.00011137500405311584,0.0013618750963360071,strong_3x3_strong_250,strong_null,True,167,292201944,0.0,0,1
250,250,0.08903165006177749,0.08163888411817483,0.0725745602824901,0.07431597571155635,0.007392765943602664,-0.001741415429066251,0.044508404941117484,0.166098199955333,-0.03912554115048745,0.8680796707081053,0.968790297662891,0.861,0.86,0.969,True,999,0.0001103340182453394,0.0013820420717820525,strong_3x3_strong_250,strong_null,True,168,292201944,0.0,0,1
250,250,0.1170354297853739,0.13627920603266874,0.10410545858728426,0.12341791483235909,-0.01924377624729484,-0.019312456245074827,0.04878737749602217,-0.3944417026486792,-0.39584944377568665,0.6932549599634816,0.6922160989352774,0.697,0.692,0.701,True,999,0.00011337490286678076,0.001351541024632752,strong_3x3_strong_250,strong_null,True,169,292201944,0.0,0,0
250,250,0.10015575306935875,0.08056535692389016,0.08954163291119244,0.07084584286054962,0.01959039614546859,0.018695790050642813,0.04255116145529966,0.4603962729912428,0.4393720267843427,0.6452318093726382,0.6603919921458262,0.644,0.636,0.647,True,999,0.00011133297812193632,0.001396375009790063,strong_3x3_strong_250,strong_null,True,170,292201944,0.0,1,0
250,250,0.150331154657674,0.1166913560359556,0.13707926878726084,0.10578742537150276,0.0336397986217184,0.03129184341575808,0.051955321201218846,0.6474755201961724,0.6022837063131079,0.5173242329044836,0.5469853048096781,0.543,0.543,0.565,True,999,0.00011066591832786798,0.0014757090248167515,strong_3x3_strong_250,strong_null,True,171,292201944,0.0,0,1
250,250,0.0595763970163215,0.0776368661525515,0.04892714540702059,0.06486347625786948,-0.018060469136229995,-0.01593633085084889,0.03908088855879118,-0.46213046330972746,-0.4077781094172189,0.643987765537985,0.6834365862695748,0.647,0.649,0.696,True,999,0.00011358293704688549,0.0013517090119421482,strong_3x3_strong_250,strong_null,True,172,292201944,0.0,1,0
250,250,0.17040391768078855,0.08218557528851533,0.1619690036639838,0.07178708818197777,0.08821834239227322,0.09018191548200605,0.049312246684991276,1.7889743080621683,1.8287934852794672,0.0736189532893216,0.0674305513035662,0.092,0.092,0.089,True,999,0.0001235830131918192,0.001369000063277781,strong_3x3_strong_250,strong_null,True,173,292201944,0.0,2,1
250,250,0.06785648901724062,0.10846204367391787,0.061235733998799446,0.0990931461614224,-0.040605554656677256,-0.03785741216262295,0.040794853288577404,-0.9953597423047198,-0.927994810885202,0.31956133098874295,0.35341026134392495,0.349,0.333,0.37,True,999,0.00011020898818969727,0.0013606249121949077,strong_3x3_strong_250,strong_null,True,174,292201944,0.0,2,1
250,250,0.1732605914796705,0.15243790481773417,0.16253256012457484,0.14491115686892897,0.020822686661936318,0.017621403255645873,0.056235958688026236,0.3702735251203228,0.3133476100834718,0.7111786980661999,0.7540165824031024,0.721,0.72,0.764,True,999,0.00013404199853539467,0.0013810000382363796,strong_3x3_strong_250,strong_null,True,175,292201944,0.0,1,1
250,250,0.09831386721153734,0.08191769664991844,0.08529614355707338,0.07041117450489764,0.016396170561618906,0.014884969052175734,0.044037854745311,0.3723199201333647,0.33800395451280774,0.7096546689172296,0.7353602077174362,0.711,0.709,0.738,True,999,0.00011241703759878874,0.0013862081104889512,strong_3x3_strong_250,strong_null,True,176,292201944,0.0,0,0
250,250,0.10733903685579904,0.04687777445358987,0.09474674057761945,0.03846128591902698,0.06046126240220917,0.05628545465859247,0.041502669718378626,1.4568041721767868,1.3561887714820327,0.14517044389989314,0.17503911370916048,0.158,0.147,0.168,True,999,0.00011074997019022703,0.0013867499073967338,strong_3x3_strong_250,strong_null,True,177,292201944,0.0,0,2
250,250,0.04486711369692675,0.1373373103004164,0.03436353442502593,0.12822690027282135,-0.09247019660348965,-0.09386336584779542,0.04416022699234479,-2.0939701378690705,-2.125518192287977,0.03626264048142986,0.03354339771097269,0.031,0.031,0.032,True,999,0.00011104205623269081,0.0013570829760283232,strong_3x3_strong_250,strong_null,True,178,292201944,0.0,1,1
250,250,0.15226042634163084,0.14448679579908724,0.14313082302265911,0.1347848361221935,0.007773630542543597,0.008345986900465618,0.05268721165143716,0.14754302417770013,0.15840631225049775,0.8827034229142132,0.8741366401227724,0.877,0.879,0.867,True,999,0.00011133297812193632,0.0013720840215682983,strong_3x3_strong_250,strong_null,True,179,292201944,0.0,1,0
250,250,0.10881472821931182,0.09535729038376684,0.0957216745249525,0.08075599816271506,0.013457437835544983,0.014965676362237446,0.04712391262667259,0.2855755620752073,0.3175813621589377,0.7752032229355861,0.750802513616748,0.76,0.76,0.749,True,999,0.00010787497740238905,0.001376583008095622,strong_3x3_strong_250,strong_null,True,180,292201944,0.0,0,0
250,250,0.13371273595237976,0.13868015113119503,0.12243634754096888,0.12983858772822998,-0.004967415178815271,-0.0074022401872611,0.05061562627449083,-0.09813995290459815,-0.14624416869048337,0.9218211628053821,0.8837286387854356,0.937,0.937,0.89,True,999,0.0001088329590857029,0.0013786660274490714,strong_3x3_strong_250,strong_null,True,181,292201944,0.0,0,1
250,250,0.08362412995832769,0.07038140385072034,0.073201918469735,0.0612732557008826,0.01324272610760735,0.011928662768852405,0.04239487575906927,0.3123661968693095,0.28137039100298766,0.7547622369941471,0.7784263256811494,0.755,0.753,0.782,True,999,0.00011637492571026087,0.0014428329886868596,strong_3x3_strong_250,strong_null,True,182,292201944,0.0,1,1
250,250,0.0931100087931157,0.08315124334874491,0.08583686381375344,0.07447168659716397,0.009958765444370798,0.011365177216589473,0.04286973743342744,0.2323029260404452,0.26510955972703343,0.8163027399465788,0.7909250631585263,0.83,0.827,0.797,True,999,0.00011954200454056263,0.0013271659845486283,strong_3x3_strong_250,strong_null,True,183,292201944,0.0,1,1
250,250,0.14355432126251094,0.143856981545957,0.1321185155601512,0.1346749712419637,-0.00030266028344605456,-0.0025564556818125084,0.05106334461592059,-0.005927153532980501,-0.050064399444282655,0.9952708433966605,0.9600710692726225,0.996,0.996,0.97,True,999,0.00011008302681148052,0.0013710419880226254,strong_3x3_strong_250,strong_null,True,184,292201944,0.0,0,1
250,250,0.0819179037846759,0.1910057568128618,0.06876490219993059,0.17855216703782162,-0.10908785302818591,-0.10978726483789103,0.0494914716936451,-2.2041747657747104,-2.2183067320664893,0.027512055699467686,0.026533925478164154,0.04,0.041,0.045,True,999,0.00010870897676795721,0.0013851249823346734,strong_3x3_strong_250,strong_null,True,185,292201944,0.0,0,1
250,250,0.0687194330371923,0.11753101758097062,0.05807590938907481,0.10872508344081666,-0.04881158454377832,-0.05064917405174185,0.04252686801773818,-1.1477822566998996,-1.1909923399629574,0.25105846388039343,0.2336565920208017,0.257,0.259,0.251,True,999,0.00010924995876848698,0.0013752080267295241,strong_3x3_strong_250,strong_null,True,186,292201944,0.0,1,1
250,250,0.06988845572548213,0.10927288149224429,0.0536186320020704,0.09453153139348558,-0.039384425766762154,-0.04091289939141518,0.04436780454384035,-0.8876802936653297,-0.9221303558301756,0.3747127490715547,0.356460584726621,0.35,0.349,0.336,True,999,0.0001081250375136733,0.001411624951288104,strong_3x3_strong_250,strong_null,True,187,292201944,0.0,0,0
250,250,0.10129391334642474,0.07297304532136673,0.09305834036874217,0.05985547034512706,0.02832086802505801,0.033202870023615105,0.04367355810001607,0.6484671562642291,0.7602510871126593,0.5166828469626391,0.4471045131771979,0.525,0.519,0.448,True,999,0.00011458294466137886,0.0013812909601256251,strong_3x3_strong_250,strong_null,True,188,292201944,0.0,2,0
250,250,0.1315852282812382,0.10357842559399699,0.11988708352279787,0.09021687484919028,0.028006802687241206,0.02967020867360759,0.049549852892715136,0.5652247393727134,0.5987950910338572,0.5719209115830581,0.5493095362656384,0.559,0.558,0.53,True,999,0.00011441705282777548,0.0014120409032329917,strong_3x3_strong_250,strong_null,True,189,292201944,0.0,0,0
250,250,0.10439388614854572,0.190828075449473,0.09296751371432777,0.18193816415525532,-0.08643418930092728,-0.08897065044092756,0.05001813563140094,-1.7280569979234626,-1.7787678272652885,0.08397800605713163,0.07527783385500894,0.102,0.098,0.091,True,999,0.00011691602412611246,0.0013474579900503159,strong_3x3_strong_250,strong_null,True,190,292201944,0.0,0,1
250,250,0.13478175707926032,0.09802280393375318,0.12741271364031093,0.0890512936267811,0.036758953145507145,0.03836142001352982,0.04751733787199801,0.7735903312708352,0.8073141663968559,0.439173091594396,0.41948550430751996,0.414,0.412,0.401,True,999,0.00011029199231415987,0.001341041992418468,strong_3x3_strong_250,strong_null,True,191,292201944,0.0,1,1
250,250,0.08365143991337243,0.19209711051730366,0.06905770011375978,0.18112595392896935,-0.10844567060393123,-0.11206825381520957,0.05032553981172515,-2.1548834053174906,-2.226866402913362,0.031170959287500737,0.025956203835239552,0.046,0.047,0.036,True,999,0.0001105000264942646,0.0014142909785732627,strong_3x3_strong_250,strong_null,True,192,292201944,0.0,0,1
250,250,0.0717164483987166,0.10838149159194516,0.05851499028581486,0.09399174147249312,-0.03666504319322855,-0.03547675118667826,0.04444267457608094,-0.8249963248827893,-0.7982586899882901,0.40937367718338113,0.42472038529813083,0.411,0.394,0.406,True,999,0.00011608295608311892,0.0014359999913722277,strong_3x3_strong_250,strong_null,True,193,292201944,0.0,0,0
250,250,0.12683226878317233,0.15481624484409207,0.11593363357533804,0.14180737761414264,-0.027983976060919735,-0.025873744038804602,0.052847771339872805,-0.5295204575600763,-0.4895900694166695,0.5964444568020721,0.6244240049847654,0.582,0.584,0.619,True,999,0.00011212495155632496,0.0013894999865442514,strong_3x3_strong_250,strong_null,True,194,292201944,0.0,1,0
250,250,0.09355831509013718,0.11808382335704537,0.07863139351192672,0.10764450331566877,-0.02452550826690819,-0.029013109803742054,0.04759593258404718,-0.5152858014411184,-0.6095712013313178,0.606353319283713,0.5421458935372987,0.612,0.613,0.548,True,999,0.0001152080949395895,0.0014050829922780395,strong_3x3_strong_250,strong_null,True,195,292201944,0.0,0,1
250,250,0.17929347956688402,0.11059367806556075,0.17248644142206615,0.10218252419645069,0.06869980150132327,0.07030391722561546,0.05040590701480317,1.3629315604051635,1.3947555234938767,0.17290408101861643,0.16308957517451672,0.18,0.18,0.171,True,999,0.00011904200073331594,0.001324040931649506,strong_3x3_strong_250,strong_null,True,196,292201944,0.0,2,2
250,250,0.12508221311572187,0.11248084817066029,0.11367019763524411,0.10333501799098599,0.012601364945061588,0.010335179644258119,0.049668850093164386,0.2537076038890587,0.2080817177138652,0.7997214591773641,0.835165161882311,0.803,0.803,0.845,True,999,0.00011316698510199785,0.001353041036054492,strong_3x3_strong_250,strong_null,True,197,292201944,0.0,0,1
250,250,0.11307043080145751,0.13396963434216136,0.10218705348133028,0.12333315937129896,-0.020899203540703848,-0.02114610588996868,0.05130788543476701,-0.4073292704154638,-0.4121414420177947,0.683766167512565,0.6802357548269837,0.718,0.713,0.707,True,999,0.0001140000531449914,0.0013951249420642853,strong_3x3_strong_250,strong_null,True,198,292201944,0.0,1,1
250,250,0.15000018187361197,0.0934963458731291,0.1394003805798576,0.08230722036661575,0.056503836000482865,0.057093160213241845,0.04900093178772744,1.1531175824422704,1.165144378489985,0.24886212580383382,0.2439605557770702,0.265,0.27,0.26,True,999,0.0001159169478341937,0.0013975839829072356,strong_3x3_strong_250,strong_null,True,199,292201944,0.0,1,0
250,250,0.07991833008022631,0.09526805668352828,0.06765193550323545,0.08344710616961493,-0.015349726603301972,-0.015795170666379477,0.04521581342777541,-0.3394769537392168,-0.34932846429069736,0.7342504556452418,0.7268427314270314,0.749,0.749,0.737,True,999,0.00011024996638298035,0.0013662079581990838,strong_3x3_strong_250,strong_null,True,200,292201944,0.0,1,0
250,250,0.09220222046204163,0.12365760402105869,0.08558254803857324,0.11446028018526988,-0.03145538355901706,-0.028877732146696644,0.04798500516840817,-0.6555252718765217,-0.6018074197417997,0.5121296208025318,0.5473023356080767,0.534,0.532,0.574,True,999,0.00012333295308053493,0.001356916967779398,strong_3x3_strong_250,strong_null,True,201,292201944,0.0,2,1
250,250,0.12409457676923108,0.15136345430823356,0.11444614452770452,0.13987490708021255,-0.02726887753900248,-0.025428762552508033,0.05183824023940739,-0.5260378711365418,-0.4905406208827495,0.5988618943205379,0.6237513928072521,0.584,0.585,0.608,True,999,0.00011437502689659595,0.0014028750592842698,strong_3x3_strong_250,strong_null,True,202,292201944,0.0,0,0
250,250,0.09561069168290137,0.0771396588470607,0.08258828050871614,0.06443912307668143,0.018471032835840673,0.018149157432034713,0.04475048860716016,0.4127560035821659,0.40556333566223485,0.6797853887439304,0.685063472979507,0.708,0.703,0.709,True,999,0.00011995900422334671,0.0013794590486213565,strong_3x3_strong_250,strong_null,True,203,292201944,0.0,0,0
250,250,0.10304532902968155,0.12995692110652018,0.09209784195732595,0.11904094508011553,-0.02691159207683863,-0.02694310312278958,0.04794733207676703,-0.5612740252940724,-0.5619312265310568,0.5746107459335204,0.5741628772157925,0.598,0.59,0.595,True,999,0.00010945892427116632,0.0013932090951129794,strong_3x3_strong_250,strong_null,True,204,292201944,0.0,0,1
250,250,0.08571859305592,0.10208808967213351,0.0750012254501371,0.08914169655909632,-0.016369496616213508,-0.014140471108959218,0.044924983119913296,-0.36437401818316145,-0.31475740505490274,0.7155787343784996,0.7529458548565744,0.74,0.737,0.757,True,999,0.00011312495917081833,0.0013536250917240977,strong_3x3_strong_250,strong_null,True,205,292201944,0.0,1,0
250,250,0.15905787531670879,0.11343874572164536,0.1508683450674937,0.10198138991388817,0.04561912959506342,0.04888695515360553,0.05042968922098114,0.9046085807739561,0.9694082178334391,0.3656727878396626,0.332341553748964,0.369,0.369,0.34,True,999,0.00011041609104722738,0.001394583028741181,strong_3x3_strong_250,strong_null,True,206,292201944,0.0,2,0
250,250,0.1380308329680165,0.10078176241639947,0.12675402777560407,0.09576441194285223,0.037249070551617025,0.030989615832751838,0.04727215196535743,0.7879706973973674,0.6555575438042684,0.4307138460487593,0.5121088501901593,0.451,0.447,0.539,True,999,0.0001099579967558384,0.0013841250911355019,strong_3x3_strong_250,strong_null,True,207,292201944,0.0,0,2
250,250,0.08833094413613751,0.09043346440008304,0.07682145010790009,0.07771475876799627,-0.0021025202639455287,-0.0008933086600961815,0.04380519753667954,-0.047997050171615346,-0.02039275497726462,0.9617185935213567,0.9837300633406117,0.965,0.965,0.99,True,999,0.0001105000264942646,0.0014237089781090617,strong_3x3_strong_250,strong_null,True,208,292201944,0.0,0,0
250,250,0.060880637731965115,0.11395698035357055,0.04934119807045079,0.10183149048611995,-0.05307634262160543,-0.05249029241566916,0.04396110984830266,-1.2073476489733053,-1.1940165431855176,0.22729828756986226,0.23247149689548496,0.224,0.217,0.22,True,999,0.00010991701856255531,0.0014170410577207804,strong_3x3_strong_250,strong_null,True,209,292201944,0.0,0,1
250,250,0.1613999887886407,0.09351385166319842,0.1520340559344504,0.08233630794423163,0.06788613712544228,0.06969774799021877,0.04810786588266801,1.411123438545626,1.4487807079242945,0.1582082199999164,0.147398833048841,0.162,0.158,0.15,True,999,0.00011395791079849005,0.0014082080451771617,strong_3x3_strong_250,strong_null,True,210,292201944,0.0,1,0
250,250,0.1150333936850727,0.0874660937775355,0.10365555567273077,0.07455493317570472,0.0275672999075372,0.029100622497026052,0.04744862062106124,0.5809926515608923,0.6133080817971982,0.5612454061757068,0.5396726505773497,0.562,0.561,0.544,True,999,0.00011387502308934927,0.0013451669365167618,strong_3x3_strong_250,strong_null,True,211,292201944,0.0,0,0
250,250,0.09526882197697961,0.059702254229266005,0.08220887530168852,0.050626537429621976,0.03556656774771361,0.031582337872066546,0.04041753007990141,0.879978753709147,0.7814019760641342,0.37887081937047395,0.43456610926708183,0.392,0.389,0.455,True,999,0.00011862500105053186,0.0013443329371511936,strong_3x3_strong_250,strong_null,True,212,292201944,0.0,0,1
250,250,0.15780504762863873,0.1026848670385972,0.1487955517055184,0.09179398808369399,0.055120180590041534,0.0570015636218244,0.05117507220573777,1.077090431224862,1.1138540927243354,0.2814398674991824,0.2653417865246708,0.309,0.31,0.296,True,999,0.00010924995876848698,0.0013618749799206853,strong_3x3_strong_250,strong_null,True,213,292201944,0.0,1,1
250,250,0.13320849437590937,0.11223668639453116,0.12251782356489116,0.09929098383642554,0.02097180798137821,0.02322683972846562,0.04805481902634962,0.43641425368554315,0.4833404890304504,0.6625361991849626,0.6288539957277404,0.653,0.647,0.616,True,999,0.00011583289597183466,0.0013870830880478024,strong_3x3_strong_250,strong_null,True,214,292201944,0.0,1,0
250,250,0.12329978493315108,0.10431086938778522,0.11450012705644497,0.10020686968398707,0.01898891554536586,0.014293257372457902,0.04712695910996855,0.4029310590792865,0.3032925875634211,0.686998941835923,0.7616668945950844,0.69,0.69,0.762,True,999,0.00011766690295189619,0.0014199999859556556,strong_3x3_strong_250,strong_null,True,215,292201944,0.0,1,3
250,250,0.10817614018362737,0.08312685202082887,0.09344678760405145,0.06841399103949186,0.0250492881627985,0.02503279656455959,0.04643242143893328,0.539478394331484,0.5391232201293245,0.5895568011285148,0.5898018344831664,0.605,0.601,0.594,True,999,0.00011216697748750448,0.0013702079886570573,strong_3x3_strong_250,strong_null,True,216,292201944,0.0,0,0
250,250,0.06260887720036784,0.12267380675229123,0.057760161459569304,0.10975821954406229,-0.060064929551923385,-0.05199805808449298,0.04494984668072088,-1.3362655044980478,-1.1568016784091748,0.18146250728486113,0.24735339596585393,0.228,0.223,0.302,True,999,0.00011000002268701792,0.0013678750256076455,strong_3x3_strong_250,strong_null,True,217,292201944,0.0,2,0
250,250,0.11140072542722346,0.1657477432168728,0.10247065422937851,0.15523697941439707,-0.05434701778964934,-0.05276632518501856,0.05042554866811332,-1.0777675052649605,-1.0464204471489555,0.28113752433075656,0.2953669564517456,0.284,0.28,0.312,True,999,0.00010908395051956177,0.0013688750332221389,strong_3x3_strong_250,strong_null,True,218,292201944,0.0,1,1
250,250,0.06486860613825174,0.12513462835791078,0.05513629219998961,0.11221233330473979,-0.06026602221965904,-0.057076041104750175,0.044519673550779876,-1.3536941628944925,-1.2820408721022696,0.17583397116001442,0.19982830887444225,0.164,0.162,0.19,True,999,0.00011262507177889347,0.0013894999865442514,strong_3x3_strong_250,strong_null,True,219,292201944,0.0,0,0
250,250,0.13154060051457767,0.10817047131461016,0.12383237176297257,0.09832976986858455,0.023370129199967504,0.02550260189438802,0.04928621258044192,0.47417174046036137,0.5174388649313283,0.6353774435659988,0.6048498351307916,0.652,0.658,0.633,True,999,0.00010933296289294958,0.0013960000360384583,strong_3x3_strong_250,strong_null,True,220,292201944,0.0,1,0
250,250,0.0824759611239928,0.11614479398550309,0.06781132346758056,0.10178699588841766,-0.03366883286151029,-0.0339756724208371,0.0454252069398477,-0.7411927238128984,-0.7479475540051554,0.45857659454344457,0.45449179242015403,0.447,0.435,0.43,True,999,0.00010833307169377804,0.0014013329055160284,strong_3x3_strong_250,strong_null,True,221,292201944,0.0,0,0
250,250,0.09368081886392682,0.09819938022183666,0.0810288906370431,0.09005795426737961,-0.004518561357909845,-0.009029063630336509,0.04391828264839857,-0.10288565684784602,-0.20558781186007383,0.9180537214621088,0.8371128988841738,0.915,0.913,0.836,True,999,0.00011362496297806501,0.0013584999833256006,strong_3x3_strong_250,strong_null,True,222,292201944,0.0,0,2
250,250,0.10662741152952482,0.12355700444732404,0.09922893519869547,0.11364379194478147,-0.01692959291779922,-0.014414856746086002,0.047992555426003995,-0.3527545630259603,-0.3003560993602675,0.7242724500830886,0.7639055462218849,0.728,0.728,0.774,True,999,0.00011720904149115086,0.001366542070172727,strong_3x3_strong_250,strong_null,True,223,292201944,0.0,1,0
250,250,0.15354303017699278,0.11817698314411257,0.14285014698695875,0.10993038090190055,0.03536604703288021,0.0329197660850582,0.05098874969662261,0.6936049078140621,0.6456280312995936,0.48793001508383604,0.5185202791589443,0.515,0.511,0.564,True,999,0.00011079199612140656,0.0013989170547574759,strong_3x3_strong_250,strong_null,True,224,292201944,0.0,1,2
250,250,0.09597690221785471,0.15065793531700133,0.08734731617555269,0.14297901463304186,-0.054681033099146625,-0.055631698457489165,0.04863579747923351,-1.124296011029619,-1.1438426291096133,0.2608874700555054,0.252688907229496,0.255,0.254,0.246,True,999,0.00011154101230204105,0.0013844999484717846,strong_3x3_strong_250,strong_null,True,225,292201944,0.0,1,1
250,250,0.11560967529265487,0.09188475453090267,0.10686492392814273,0.0812623717180827,0.0237249207617522,0.025602552210060026,0.04429918782719008,0.5355610774243191,0.5779463115652341,0.5922619350406033,0.5633003670718089,0.599,0.587,0.545,True,999,0.00011833396274596453,0.001428249990567565,strong_3x3_strong_250,strong_null,True,226,292201944,0.0,1,1
250,250,0.10754364551528744,0.14160719631351182,0.09853943414464084,0.1339781474706001,-0.034063550798224373,-0.03543871332595927,0.0507415339277733,-0.6713149595893423,-0.6984162791846926,0.5020199066701967,0.48491689857338616,0.491,0.493,0.466,True,999,0.00011079094838351011,0.0014006670098751783,strong_3x3_strong_250,strong_null,True,227,292201944,0.0,1,1
250,250,0.10074375371759509,0.07904698122622278,0.09577502695853468,0.06998877810849535,0.021696772491372307,0.02578624885003933,0.044897927828585656,0.48324663388047023,0.5743304891149501,0.628920627061909,0.5657441809783781,0.618,0.619,0.549,True,999,0.00011566700413823128,0.00137141696177423,strong_3x3_strong_250,strong_null,True,228,292201944,0.0,2,1
250,250,0.12187530466774876,0.1588963327495534,0.11133427912821503,0.14799319368492547,-0.03702102808180463,-0.03665891455671044,0.04906522169879442,-0.7545268685235407,-0.7471466200999799,0.45053291798549966,0.4549750615678996,0.46,0.453,0.461,True,999,0.0001215840457007289,0.0014256250578910112,strong_3x3_strong_250,strong_null,True,229,292201944,0.0,1,1
250,250,0.09714707348992008,0.0755024499557036,0.08274222748468674,0.06113945930871978,0.02164462353421648,0.021602768175966958,0.04315858264486917,0.5015137710225445,0.5005439672040565,0.6160095885570019,0.6166921055713682,0.64,0.636,0.638,True,999,0.00011891592293977737,0.0014145000604912639,strong_3x3_strong_250,strong_null,True,230,292201944,0.0,0,0
250,250,0.09704432014569103,0.1186945162589616,0.08438300643504704,0.10959809515317431,-0.02165019611327057,-0.025215088718127276,0.04613831334233376,-0.46924550433025136,-0.5465108473090068,0.6388941630243135,0.5847148334170335,0.65,0.646,0.592,True,999,0.00011783302761614323,0.0014417499769479036,strong_3x3_strong_250,strong_null,True,231,292201944,0.0,0,1
250,250,0.09333067966677383,0.16461702231193232,0.08670895339494678,0.15174904896372254,-0.07128634264515848,-0.06504009556877577,0.05065677254039109,-1.407242093607887,-1.2839368224044705,0.15935561362711415,0.19916406190411706,0.199,0.198,0.248,True,999,0.0001092500751838088,0.0014363329391926527,strong_3x3_strong_250,strong_null,True,232,292201944,0.0,2,0
250,250,0.0887902410150323,0.0808702258890559,0.07615284196256766,0.0760793242261002,0.007920015125976398,7.351773646746551e-05,0.04269770553160657,0.1854904151726299,0.0017218193706695717,0.852844397405771,0.9986261875864664,0.845,0.85,1.0,True,999,0.0001128750154748559,0.0013394580455496907,strong_3x3_strong_250,strong_null,True,233,292201944,0.0,0,2
250,250,0.077371569047053,0.07758003077443387,0.06834018235909411,0.06887166513097043,-0.00020846172738087088,-0.0005314827718763127,0.04186664665116858,-0.0049791837669199215,-0.012694658263524384,0.9960272025627596,0.989871400212246,0.996,0.996,0.983,True,999,0.0001141249667853117,0.0013354170368984342,strong_3x3_strong_250,strong_null,True,234,292201944,0.0,1,1
250,250,0.14094400599745593,0.13027242874200617,0.1263485030926006,0.11703744541449623,0.01067157725544976,0.009311057678104362,0.05267668271956302,0.2025863570844517,0.1767586187549815,0.8394583543579827,0.8596979946070639,0.848,0.848,0.868,True,999,0.00011229200754314661,0.0013848330127075315,strong_3x3_strong_250,strong_null,True,235,292201944,0.0,0,0
250,250,0.10800654691595107,0.07322218086686416,0.09662076631958882,0.06247817843969017,0.03478436604908691,0.034142587879898656,0.0438980322774175,0.7923900968786944,0.7777703488878852,0.42813325197241314,0.4367044110298719,0.455,0.437,0.442,True,999,0.00011554209049791098,0.0014077499508857727,strong_3x3_strong_250,strong_null,True,236,292201944,0.0,0,1
250,250,0.09087385760779998,0.09889376316674386,0.08056144613871652,0.09048160089467672,-0.008019905558943885,-0.009920154755960198,0.045380945766654884,-0.17672407270182477,-0.21859735596893073,0.859725131202544,0.8269637126243685,0.898,0.895,0.825,True,999,0.00011004204861819744,0.0014497919473797083,strong_3x3_strong_250,strong_null,True,237,292201944,0.0,1,2
250,250,0.15769918013784745,0.09763306810298689,0.14849223811555134,0.08617870394101601,0.060066112034860564,0.062313534174535334,0.05137794454040981,1.1691030572002998,1.2128459931970315,0.24236211233335558,0.22518870715808104,0.226,0.226,0.209,True,999,0.00013670895714312792,0.0014400000218302011,strong_3x3_strong_250,strong_null,True,238,292201944,0.0,1,0
250,250,0.16218391867477416,0.11904544164302888,0.15510604998688393,0.10616903960936952,0.04313847703174528,0.04893701037751441,0.05007829059241331,0.8614207178685251,0.9772100804281088,0.3890063694688687,0.32846515849608027,0.423,0.414,0.361,True,999,0.00011000002268701792,0.0013821669854223728,strong_3x3_strong_250,strong_null,True,239,292201944,0.0,1,0
250,250,0.07689989612143194,0.10761549389311376,0.06394514543227103,0.10031017982836943,-0.030715597771681813,-0.036365034396098395,0.043886970907536085,-0.6998796484814462,-0.8286066147676177,0.4840024680821505,0.4073270437616684,0.469,0.462,0.394,True,999,0.00010983401443809271,0.0013674580259248614,strong_3x3_strong_250,strong_null,True,240,292201944,0.0,0,1
250,250,0.10584185775265825,0.09198313762635041,0.09711328886058368,0.0829211545930093,0.013858720126307844,0.014192134267574374,0.04616203964100162,0.30021897286354693,0.30744166371212,0.7640101339453252,0.7585072196686184,0.776,0.791,0.775,True,999,0.00011079199612140656,0.001400790992192924,strong_3x3_strong_250,strong_null,True,241,292201944,0.0,1,1
250,250,0.11282377126434529,0.12264146580090435,0.09997435699939672,0.10823670477857661,-0.009817694536559063,-0.00826234777917989,0.048406966259280246,-0.20281573697415675,-0.17068509798619927,0.8392790572368891,0.8644713809560987,0.853,0.854,0.872,True,999,0.0001105000264942646,0.0014187920605763793,strong_3x3_strong_250,strong_null,True,242,292201944,0.0,0,0
250,250,0.06485991372321204,0.12116465084643246,0.05504660180859844,0.11210379273803994,-0.05630473712322043,-0.057057190929441504,0.044533142546131964,-1.2643333459994262,-1.2812298361907843,0.20611040564795868,0.2001129492115089,0.208,0.211,0.207,True,999,0.00011608307249844074,0.0014332078862935305,strong_3x3_strong_250,strong_null,True,243,292201944,0.0,0,1
250,250,0.09677706475180653,0.06610155881078889,0.08618798141370121,0.05288057347824804,0.030675505941017644,0.03330740793545317,0.04334088859562306,0.7077728891814997,0.7684985014085947,0.47908630475543357,0.44219108064016666,0.509,0.51,0.469,True,999,0.00011591706424951553,0.0013885840307921171,strong_3x3_strong_250,strong_null,True,244,292201944,0.0,1,0
250,250,0.13781023169094536,0.1594030913255911,0.12647520904749854,0.1449988728596736,-0.021592859634645745,-0.018523663812175073,0.05255979311249599,-0.41082466950411345,-0.3524303029984931,0.6812011025690374,0.7245155794508847,0.663,0.668,0.71,True,999,0.00011058291420340538,0.0013743750751018524,strong_3x3_strong_250,strong_null,True,245,292201944,0.0,0,0
250,250,0.07966758498597148,0.09788139431386139,0.06684240080267045,0.08886845363967666,-0.018213809327889907,-0.022026052837006205,0.04347832350947181,-0.41891701100025175,-0.5065984853856612,0.6752767844116392,0.6124365712992216,0.695,0.691,0.631,True,999,0.00011212506797164679,0.0013411249965429306,strong_3x3_strong_250,strong_null,True,246,292201944,0.0,0,1
250,250,0.15431360950005213,0.14448443277383594,0.14111635580125892,0.13590419175910995,0.009829176726216193,0.00521216404214897,0.05309788496517979,0.18511427964902769,0.0981614248018913,0.8531394016298786,0.9218041130331306,0.845,0.846,0.913,True,999,0.00011625001206994057,0.0014079170068725944,strong_3x3_strong_250,strong_null,True,247,292201944,0.0,0,1
250,250,0.12878051047522765,0.06351138953956814,0.11900146596157413,0.05047809133476733,0.06526912093565951,0.0685233746268068,0.04499825055811111,1.4504812992978566,1.5228008595204197,0.14692435037960536,0.1278085348823515,0.156,0.154,0.138,True,999,0.00011108408216387033,0.0014345840318128467,strong_3x3_strong_250,strong_null,True,248,292201944,0.0,0,0
250,250,0.06925313120652182,0.09402123170987281,0.057907880171001125,0.08080125760488954,-0.024768100503350987,-0.022893377433888418,0.043007213608093765,-0.5759057243059741,-0.5323148261244245,0.5646789062267988,0.5945079653469422,0.568,0.559,0.599,True,999,0.00011387502308934927,0.0013672920176759362,strong_3x3_strong_250,strong_null,True,249,292201944,0.0,0,0
250,250,0.12889515959500553,0.07791955504284043,0.11999968098585612,0.07057620084954408,0.0509756045521651,0.04942348013631204,0.04374558335147477,1.1652743122111455,1.1297936008583562,0.2439079736263845,0.2585632052564021,0.265,0.257,0.273,True,999,0.00011112494394183159,0.0013594169868156314,strong_3x3_strong_250,strong_null,True,250,292201944,0.0,1,1
250,250,0.1009472340991377,0.07346089031621278,0.08618620404682531,0.061792330523857686,0.027486343782924916,0.024393873522967624,0.04321094489317123,0.6360968002638765,0.5645299722853936,0.5247133309384585,0.5723935081418726,0.522,0.52,0.587,True,999,0.00011070806067436934,0.001348291989415884,strong_3x3_strong_250,strong_null,True,251,292201944,0.0,0,0
250,250,0.1627380533102929,0.14973135983095393,0.1511445469270143,0.14303226368225808,0.013006693479338971,0.008112283244756213,0.05412227023601417,0.24032054499229094,0.14988808136429796,0.8100817690371455,0.8808529151775647,0.798,0.798,0.875,True,999,0.00011979101691395044,0.001397542073391378,strong_3x3_strong_250,strong_null,True,252,292201944,0.0,0,2
250,250,0.13155083661475342,0.17610204419462228,0.1203363034500029,0.16890198699552172,-0.04455120757986886,-0.04856568354551882,0.05534747018964638,-0.8049366561328917,-0.8774688956714738,0.42085623412034767,0.3802320062168758,0.43,0.426,0.386,True,999,0.0001235420349985361,0.0013900420162826777,strong_3x3_strong_250,strong_null,True,253,292201944,0.0,0,1
250,250,0.06924077989467203,0.08566974580066833,0.05468783439475544,0.08101205798215005,-0.016428965905996296,-0.026324223587394613,0.04405806707575827,-0.3728934789115131,-0.5974892984326766,0.7092277256328939,0.550180749752063,0.7,0.707,0.55,True,999,0.00011337501928210258,0.0013760830042883754,strong_3x3_strong_250,strong_null,True,254,292201944,0.0,0,2
250,250,0.04165560014561476,0.10625428262739106,0.026597065969362177,0.09328135617654709,-0.0645986824817763,-0.06668429020718492,0.040464523961210315,-1.596427590343117,-1.647969225366623,0.11039336028399432,0.09935898646796523,0.112,0.098,0.099,True,999,0.00011424999684095383,0.0013575830962508917,strong_3x3_strong_250,strong_null,True,255,292201944,0.0,0,0
250,250,0.15110173941500493,0.0871986749180168,0.14038654036653497,0.07999269551670807,0.06390306449698813,0.060393844849826905,0.05001383228246587,1.277707817630916,1.2075428355247257,0.20135246773518078,0.22722315888685107,0.214,0.213,0.242,True,999,0.00012075004633516073,0.0013498750049620867,strong_3x3_strong_250,strong_null,True,256,292201944,0.0,1,1
250,250,0.13006882011198878,0.07080148146299503,0.11850770286514489,0.05949378137859185,0.05926733864899375,0.059013921486553045,0.04523930472526198,1.3100850910270159,1.3044833877298563,0.19016705145161272,0.19206881995549163,0.196,0.189,0.188,True,999,0.00011270807590335608,0.0013387909857556224,strong_3x3_strong_250,strong_null,True,257,292201944,0.0,0,0
250,250,0.032409187540356765,0.13675399171842229,0.019418573967371344,0.12904452394897703,-0.10434480417806552,-0.10962594998160569,0.04291825364917438,-2.4312453398269342,-2.5542966141567267,0.015047021835018293,0.010640257179490197,0.015,0.015,0.015,True,999,0.00011154194362461567,0.0013719170819967985,strong_3x3_strong_250,strong_null,True,258,292201944,0.0,0,1
250,250,0.09766323278251376,0.10823232911634229,0.08633783281372587,0.0976561007310437,-0.01056909633382852,-0.011318267917317826,0.047623342616260715,-0.22193100595630522,-0.23766219033632613,0.824367593077771,0.8121431112161298,0.809,0.812,0.805,True,999,0.00012541702017188072,0.0014382080407813191,strong_3x3_strong_250,strong_null,True,259,292201944,0.0,0,1
250,250,0.06291320541859602,0.04647931959177376,0.05233079498820814,0.03897453742959556,0.01643388582682226,0.013356257558612583,0.03628353182391523,0.45292960747526634,0.36810797866731365,0.6505994304307077,0.7127927218501868,0.631,0.652,0.707,True,999,0.00011612498201429844,0.001338833011686802,strong_3x3_strong_250,strong_null,True,260,292201944,0.0,1,1
250,250,0.05636305593352686,0.08537054107237457,0.04341261965504373,0.07430671794762134,-0.02900748513884771,-0.03089409829257761,0.03940423007849837,-0.7361515522841332,-0.7840299945217184,0.4616384723919492,0.4330225105754064,0.466,0.455,0.432,True,999,0.00011399993672966957,0.0013734579551964998,strong_3x3_strong_250,strong_null,True,261,292201944,0.0,0,0
250,250,0.10619514582106898,0.10638441685616196,0.09683061572403062,0.09149762790568161,-0.00018927103509297494,0.005332987818349011,0.04881299337210941,-0.003877472410883122,0.10925344769772209,0.9969062323807781,0.9130014688484098,1.0,1.0,0.914,True,999,0.00013058295007795095,0.0013767080381512642,strong_3x3_strong_250,strong_null,True,262,292201944,0.0,1,0
250,250,0.12515332259867307,0.08038539547776502,0.11236052312760592,0.07073270056531555,0.044767927120908046,0.04162782256229036,0.045854754692884914,0.9762984759321914,0.9078191092961964,0.3289165749953521,0.36397380052489325,0.348,0.346,0.382,True,999,0.00011320807971060276,0.0013697081012651324,strong_3x3_strong_250,strong_null,True,263,292201944,0.0,0,0
250,250,0.0756137413415659,0.11753895383695778,0.06515875132838289,0.1103905382635304,-0.041925212495391884,-0.04523178693514751,0.0453284907454602,-0.9249196654444277,-0.9978665998200619,0.35500769644703023,0.31834404994120313,0.353,0.352,0.318,True,999,0.00011079106479883194,0.0013828329974785447,strong_3x3_strong_250,strong_null,True,264,292201944,0.0,1,1
250,250,0.09966688618281055,0.17199021971190787,0.09064091112095696,0.16509208731282854,-0.07232333352909731,-0.07445117619187158,0.05117047207695266,-1.4133802287446937,-1.4549636376210924,0.15754395573847013,0.14567932844347495,0.159,0.159,0.15,True,999,0.00011333299335092306,0.0014393329620361328,strong_3x3_strong_250,strong_null,True,265,292201944,0.0,1,2
250,250,0.10817621410373163,0.11806824424078455,0.09523253860088232,0.10313304977080406,-0.00989203013705292,-0.007900511169921742,0.049449594088855,-0.20004269639257558,-0.1597689792099298,0.8414471890396249,0.8730630611390623,0.852,0.85,0.878,True,999,0.00011366698890924454,0.0013757080305367708,strong_3x3_strong_250,strong_null,True,266,292201944,0.0,0,0
250,250,0.1043028527951742,0.17303988750513993,0.08981261478126612,0.16763512129915625,-0.06873703470996573,-0.07782250651789013,0.050509199741703134,-1.360881484194506,-1.540759048170697,0.17355114576208142,0.12337543969536294,0.182,0.197,0.156,True,999,0.00012099999003112316,0.0013698750408366323,strong_3x3_strong_250,strong_null,True,267,292201944,0.0,0,2
250,250,0.17146018975517124,0.0805845140916503,0.1640708525624177,0.07152509031473642,0.09087567566352095,0.0925457622476813,0.04991628172728269,1.8205617990542577,1.8540195512419078,0.06867349418167865,0.06373636292681402,0.062,0.058,0.054,True,999,0.00011216697748750448,0.0013268330367282033,strong_3x3_strong_250,strong_null,True,268,292201944,0.0,1,1
250,250,0.1761301722790477,0.09616326221040983,0.16426483946538895,0.0885083424867048,0.07996691006863788,0.07575649697868414,0.05062114173102835,1.579713679583445,1.49653868696227,0.11417245143257615,0.13451333422369804,0.115,0.119,0.14,True,999,0.0001176249934360385,0.0014683330664411187,strong_3x3_strong_250,strong_null,True,269,292201944,0.0,0,1
250,250,0.07006002620698087,0.09168433320037694,0.06344228182345546,0.08287315886434499,-0.02162430699339607,-0.019430877040889527,0.04262618710037451,-0.5073009918169782,-0.45584365768241114,0.6119436427813235,0.6485024074768413,0.585,0.602,0.639,True,999,0.00010933401063084602,0.0013830000534653664,strong_3x3_strong_250,strong_null,True,270,292201944,0.0,2,1
250,250,0.1646594183361264,0.043713215124913885,0.15294805067011907,0.03321879438648523,0.12094620321121252,0.11972925628363384,0.046803851692629427,2.584107906449479,2.558106906882806,0.009763124354869807,0.010524373193363471,0.011,0.012,0.013,True,999,0.00011129199992865324,0.0014227500651031733,strong_3x3_strong_250,strong_null,True,271,292201944,0.0,0,1
250,250,0.06854320604332365,0.12984357413133463,0.055335595813588156,0.12047380055233248,-0.06130036808801098,-0.06513820473874432,0.04621851321148415,-1.3263163141470193,-1.4093530971169166,0.1847349452632373,0.15873078558360876,0.21,0.206,0.177,True,999,0.00010933307930827141,0.0014253329718485475,strong_3x3_strong_250,strong_null,True,272,292201944,0.0,0,1
250,250,0.0902776264073612,0.10204030469928305,0.0799053359423425,0.09140810389061471,-0.011762678291921846,-0.011502767948272208,0.04609162973525213,-0.2552020477359131,-0.2495630554689321,0.7985670495594478,0.802925272117742,0.784,0.779,0.783,True,999,0.00011679099407047033,0.0014030840247869492,strong_3x3_strong_250,strong_null,True,273,292201944,0.0,1,1
250,250,0.11750423236008134,0.10880430910004385,0.1027768120432313,0.09911603541459613,0.00869992326003749,0.003660776628635176,0.048028597500629065,0.18114048114612427,0.07622076885728817,0.8562573107760899,0.9392434595933781,0.842,0.841,0.921,True,999,0.0001165829598903656,0.0014259170275181532,strong_3x3_strong_250,strong_null,True,274,292201944,0.0,0,0
250,250,0.11047183785841691,0.08008150162930688,0.10154456950203894,0.06713274508052791,0.030390336229110027,0.03441182442151103,0.04505186023828979,0.6745634046711602,0.7638269372118902,0.499953189829491,0.4449703819728652,0.462,0.461,0.402,True,999,0.0001254579983651638,0.0014199999859556556,strong_3x3_strong_250,strong_null,True,275,292201944,0.0,1,0
250,250,0.12819948073627718,0.0891527322043168,0.12104644921907948,0.07697336403882105,0.039046748531960385,0.04407308518025843,0.04848626650445526,0.8053156356836114,0.9089807971956076,0.42063756125716945,0.3633602622118277,0.409,0.416,0.351,True,999,0.00011454103514552116,0.0014270830433815718,strong_3x3_strong_250,strong_null,True,276,292201944,0.0,1,1
250,250,0.09825937801855822,0.08274994091234605,0.08957740021097038,0.0701280131664106,0.015509437106212165,0.019449387044559785,0.04322716224307752,0.35878915712760845,0.44993439391627993,0.7197528247081841,0.6527577467982725,0.73,0.728,0.68,True,999,0.00011608307249844074,0.0013247499009594321,strong_3x3_strong_250,strong_null,True,277,292201944,0.0,1,0
250,250,0.10349786020304969,0.0990791448999363,0.09362060994372712,0.08590167981729735,0.004418715303113385,0.007718930126429768,0.04608848433274311,0.09587460657659667,0.16748066763709846,0.9236201626719939,0.8669918576742291,0.921,0.919,0.865,True,999,0.00011045800056308508,0.0013557920465245843,strong_3x3_strong_250,strong_null,True,278,292201944,0.0,0,0
250,250,0.0764739784514592,0.09512733928589961,0.06730416561376273,0.08428371691742598,-0.018653360834440413,-0.016979551303663243,0.044122009180419454,-0.4227677111929535,-0.3848317794013437,0.6724647478032328,0.7003620524330932,0.689,0.687,0.731,True,999,0.00010945799294859171,0.0013210829347372055,strong_3x3_strong_250,strong_null,True,279,292201944,0.0,1,0
250,250,0.1348530878126984,0.13146679016954377,0.12740759676889013,0.11985441767262728,0.0033862976431546232,0.007553179096262852,0.05137224125481573,0.06591687573757911,0.14702841285038937,0.9474440049076975,0.8831095938140539,0.96,0.96,0.891,True,999,0.00011074997019022703,0.001389250042848289,strong_3x3_strong_250,strong_null,True,280,292201944,0.0,1,0
250,250,0.154349184220332,0.06906767632421129,0.14438548195950318,0.05609049495440388,0.08528150789612071,0.0882949870050993,0.04673960355689639,1.8246091409891194,1.8890829250962153,0.06806003301351267,0.05888071801733503,0.086,0.087,0.072,True,999,0.00010954099707305431,0.001414583995938301,strong_3x3_strong_250,strong_null,True,281,292201944,0.0,2,0
250,250,0.06616575490224702,0.16017710596600931,0.055321595324031136,0.14925369956536372,-0.0940113510637623,-0.09393210424133258,0.04514584456889938,-2.082392121832758,-2.0806367704114606,0.03730666746158799,0.03746716558276342,0.035,0.035,0.035,True,999,0.00011058303061872721,0.0013371249660849571,strong_3x3_strong_250,strong_null,True,282,292201944,0.0,0,0
250,250,0.11957558563197279,0.12845499837302182,0.10997052671463337,0.12163185529303178,-0.008879412741049031,-0.011661328578398411,0.049850620528973245,-0.1781204054599141,-0.23392544475190297,0.8586284170399341,0.8150428591206115,0.843,0.842,0.802,True,999,0.00010854192078113556,0.0013889579568058252,strong_3x3_strong_250,strong_null,True,283,292201944,0.0,0,2
250,250,0.0970262771505615,0.1226705764648337,0.08715628606827863,0.10967241062634514,-0.0256442993142722,-0.022516124558066508,0.048300727606300796,-0.5309298759078511,-0.4661653286384302,0.5954673738013728,0.6410971646337165,0.624,0.629,0.679,True,999,0.00011533289216458797,0.0013762080343440175,strong_3x3_strong_250,strong_null,True,284,292201944,0.0,0,0
250,250,0.11800531295739347,0.06276053760983286,0.11168160556017881,0.05356833292765373,0.055244775347560615,0.05811327263252508,0.04492694085889461,1.2296580691098467,1.2935061128476513,0.2188251749249428,0.19583607124267943,0.233,0.225,0.202,True,999,0.00011745793744921684,0.0013875410659238696,strong_3x3_strong_250,strong_null,True,285,292201944,0.0,2,1
250,250,0.06586178138654847,0.05765041925203318,0.05800934950025294,0.044673700874540145,0.008211362134515288,0.013335648625712793,0.037896252756523474,0.21668005507752428,0.3518988727300271,0.8284576924897623,0.7249141046296677,0.824,0.826,0.731,True,999,0.0001169170718640089,0.0013980829389765859,strong_3x3_strong_250,strong_null,True,286,292201944,0.0,1,0
250,250,0.11066865202365461,0.07954348465819511,0.10200157647942376,0.07036140067398833,0.031125167365459505,0.03164017580543543,0.04690019383843302,0.6636468811340722,0.6746278259410401,0.5069163444452067,0.4999122496124613,0.495,0.496,0.502,True,999,0.00012374995276331902,0.0014147500041872263,strong_3x3_strong_250,strong_null,True,287,292201944,0.0,1,1
250,250,0.09911471568782093,0.10770461169202072,0.08668724283316465,0.0963413043480017,-0.008589896004199793,-0.009654061514837053,0.04702906413574937,-0.1826507960993028,-0.20527862274636402,0.8550720251844864,0.8373544449849417,0.861,0.859,0.853,True,999,0.00011662498582154512,0.0014277499867603183,strong_3x3_strong_250,strong_null,True,288,292201944,0.0,1,0
250,250,0.14205129292608348,0.08076424924359527,0.13267159454217392,0.06911087209401501,0.06128704368248822,0.06356072244815891,0.04851246122255243,1.2633257958472153,1.310193728505592,0.20647211939750088,0.19013030680789877,0.227,0.229,0.21,True,999,0.00011424999684095383,0.0013810410164296627,strong_3x3_strong_250,strong_null,True,289,292201944,0.0,1,0
250,250,0.058219749234260154,0.07057781429499033,0.046992932278584476,0.059245296495546995,-0.012358065060730172,-0.012252364216962519,0.038034803313197287,-0.3249146566887117,-0.3221356008093567,0.7452456637921601,0.7473499690377436,0.722,0.722,0.728,True,999,0.00011191703379154205,0.0013544999528676271,strong_3x3_strong_250,strong_null,True,290,292201944,0.0,0,0
250,250,0.12885244181257888,0.04974728302853648,0.11737602415531967,0.04105298182713568,0.0791051587840424,0.07632304232818399,0.043829785373524395,1.8048265148892622,1.7413510396582346,0.07110183386438731,0.08162206470831664,0.079,0.072,0.084,True,999,0.00011424999684095383,0.0013535410398617387,strong_3x3_strong_250,strong_null,True,291,292201944,0.0,0,1
250,250,0.14498666385587416,0.08874156838091518,0.13598930397590436,0.07573816055216298,0.056245095474958984,0.06025114342374138,0.049017944435593125,1.147438884322494,1.22916503573315,0.2512002782781817,0.21900993519419742,0.256,0.254,0.225,True,999,0.00011283403728157282,0.0014148340560495853,strong_3x3_strong_250,strong_null,True,292,292201944,0.0,1,0
250,250,0.10548168758438814,0.1263772175383,0.09399363013379514,0.11764532402020222,-0.020895529953911862,-0.023651693886407088,0.04884610401626868,-0.4277829393916943,-0.484208400295951,0.6688091590517589,0.6282379758405522,0.686,0.678,0.629,True,999,0.0001166659640148282,0.001349042053334415,strong_3x3_strong_250,strong_null,True,293,292201944,0.0,0,1
250,250,0.12641824644634003,0.07175792571307732,0.11649716030794366,0.060813370095509356,0.05466032073326271,0.0556837902124343,0.04650659777959827,1.17532400439839,1.1973309782050305,0.2398651144903058,0.2311775745920055,0.271,0.254,0.242,True,999,0.00011445803102105856,0.0013744169846177101,strong_3x3_strong_250,strong_null,True,294,292201944,0.0,0,1
250,250,0.042128328968516926,0.08532012439740122,0.0397324986656713,0.0739043517954201,-0.043191795428884294,-0.0341718531297488,0.03832666297924307,-1.12693858717301,-0.8915947925927067,0.2597684472310816,0.37261016232982236,0.203,0.236,0.349,True,999,0.00011308304965496063,0.0013312080409377813,strong_3x3_strong_250,strong_null,True,295,292201944,0.0,3,0
250,250,0.14726902096130856,0.09006654968687905,0.14486736003888723,0.08332977169829547,0.05720247127442951,0.06153758834059175,0.04682070502753185,1.2217345134122373,1.3143242568518774,0.22180804013659006,0.18873710764819107,0.234,0.219,0.187,True,999,0.00011091597843915224,0.001359916990622878,strong_3x3_strong_250,strong_null,True,296,292201944,0.0,3,2
250,250,0.026390393369902343,0.01866047760870998,0.013007738685345771,0.003992941649130444,0.007729915761192363,0.009014797036215327,0.0237970005381624,0.3248273137951219,0.37882072666085037,0.7453117711296259,0.7048209948674882,0.77,0.75,0.696,True,999,0.0001106249401345849,0.001320041948929429,strong_3x3_strong_250,strong_null,True,297,292201944,0.0,0,0
250,250,0.145313028810428,0.07183702148952276,0.1349069415049513,0.0625750405101968,0.07347600732090526,0.0723319009947545,0.04873191370867698,1.5077595302361881,1.4842819723263898,0.13161608332347033,0.13773413087789574,0.143,0.134,0.147,True,999,0.00011720799375325441,0.0013974999310448766,strong_3x3_strong_250,strong_null,True,298,292201944,0.0,1,1
250,250,0.1108183391121158,0.19501133408393068,0.0995473963566127,0.18355376921121547,-0.08419299497181487,-0.08400637285460277,0.05109540304083175,-1.647760658713934,-1.6441082339143298,0.09940179501947158,0.10015384745621339,0.088,0.091,0.091,True,999,0.00011137500405311584,0.0013452499406412244,strong_3x3_strong_250,strong_null,True,299,292201944,0.0,0,0
250,250,0.09499457373700987,0.06004697704861767,0.08212682233430257,0.04862832667386385,0.0349475966883922,0.03349849566043872,0.041464842946561505,0.8428247692492526,0.8078770659667144,0.3993264530267788,0.4191613549040134,0.419,0.408,0.422,True,999,0.00011316593736410141,0.00135087501257658,strong_3x3_strong_250,strong_null,True,300,292201944,0.0,0,0
250,250,0.09980392291881374,0.1896035057461236,0.0873676192143904,0.17956242601214,-0.08979958282730988,-0.0921948067977496,0.05374004370994784,-1.670999437811902,-1.7155700001911869,0.09472178885480893,0.08624077321398216,0.109,0.109,0.109,True,999,0.00010891701094806194,0.0013836669968441129,strong_3x3_strong_250,strong_null,True,301,292201944,0.0,1,2
250,250,0.09902431677584889,0.10143926353199961,0.09659715633523547,0.09277783970256337,-0.0024149467561507265,0.0038193166326720984,0.04637504064726735,-0.05207427794013216,0.08235715978606159,0.9584695083805924,0.9343627018112152,0.961,0.962,0.94,True,999,0.00011045800056308508,0.0014165410539135337,strong_3x3_strong_250,strong_null,True,302,292201944,0.0,3,1
250,250,0.12167325084299796,0.09029099652264877,0.11439653500164582,0.081519130005546,0.03138225432034919,0.03287740499609981,0.04590991585320596,0.6835615735104363,0.7161286267921559,0.49425205646083104,0.47391192895400414,0.485,0.483,0.469,True,999,0.00012166693340986967,0.0014193750685080886,strong_3x3_strong_250,strong_null,True,303,292201944,0.0,1,1
250,250,0.1273314051975264,0.09802424659710834,0.11778023474214194,0.08885748666196491,0.02930715860041805,0.02892274808017703,0.049219162450781076,0.5954420421055532,0.5876318620638789,0.5515480298092124,0.5567794198688554,0.554,0.553,0.555,True,999,0.00011362496297806501,0.001363834016956389,strong_3x3_strong_250,strong_null,True,304,292201944,0.0,0,1
250,250,0.08711344267191384,0.06292702014663931,0.08237334523158779,0.05410298016667525,0.02418642252527453,0.02827036506491254,0.04099271730027601,0.5900175474610873,0.6896435983452649,0.5551788852866801,0.49041834283031316,0.557,0.549,0.486,True,999,0.00011070794425904751,0.0013295829994603992,strong_3x3_strong_250,strong_null,True,305,292201944,0.0,2,1
250,250,0.09097145475683804,0.10067249652697319,0.07963444049158852,0.09192156310675159,-0.009701041770135144,-0.01228712261516307,0.04361285430362537,-0.22243537885867593,-0.2817316777668847,0.8239749732313042,0.7781492626158908,0.836,0.834,0.798,True,999,0.00011045904830098152,0.0013221249682828784,strong_3x3_strong_250,strong_null,True,306,292201944,0.0,0,1
250,250,0.14750956146942645,0.12490641545457953,0.13257326630923671,0.1119006505561373,0.02260314601484692,0.02067261575309942,0.05340379559712995,0.4232498039158413,0.3871001212919484,0.6721130132075714,0.6986820878236093,0.655,0.652,0.679,True,999,0.00010887498501688242,0.0014041669201105833,strong_3x3_strong_250,strong_null,True,307,292201944,0.0,0,0
250,250,0.13814289180723355,0.04430019651730499,0.12906202884437334,0.029992386556116912,0.09384269528992856,0.09906964228825643,0.04363322181857477,2.1507166186380373,2.2705094457655255,0.03149857383856194,0.023176690840267807,0.023,0.032,0.023,True,999,0.00011787505354732275,0.001434833975508809,strong_3x3_strong_250,strong_null,True,308,292201944,0.0,1,0
250,250,0.05606342646389012,0.09620607753861626,0.04155892042105336,0.09136099548372556,-0.04014265107472614,-0.0498020750626722,0.04205047386826893,-0.954630171362173,-1.1843404005074147,0.3397647537917261,0.23627834235283907,0.352,0.356,0.273,True,999,0.00011808297131210566,0.0013864580541849136,strong_3x3_strong_250,strong_null,True,309,292201944,0.0,0,2
250,250,0.09926134900200778,0.10667487596831282,0.09231921427313239,0.09544072247462054,-0.00741352696630504,-0.0031215082014881546,0.04624436547400677,-0.16031200537224513,-0.067500292619275,0.872635302266213,0.9461834290819569,0.878,0.878,0.947,True,999,0.00011070794425904751,0.0013336250558495522,strong_3x3_strong_250,strong_null,True,310,292201944,0.0,1,0
250,250,0.11416138787725089,0.12546881227369933,0.1047634516618956,0.11589062995000177,-0.01130742439644844,-0.011127178288106165,0.047258284603311274,-0.23926861694967566,-0.23545455323883066,0.8108972987640568,0.8138559485943097,0.785,0.784,0.788,True,999,0.00010974996257573366,0.0013282080180943012,strong_3x3_strong_250,strong_null,True,311,292201944,0.0,0,0
250,250,0.15884498489061427,0.0753695580370376,0.1476099434081135,0.06271610245653392,0.08347542685357667,0.08489384095157959,0.04779042758974762,1.7466976351449193,1.7763775139310887,0.08068980082233677,0.07567071478954233,0.08,0.077,0.071,True,999,0.00011483300477266312,0.0013704579323530197,strong_3x3_strong_250,strong_null,True,312,292201944,0.0,0,0
250,250,0.13646672934171766,0.1520793323958708,0.12534677051999665,0.14489303841912715,-0.015612603054153129,-0.0195462678991305,0.053345603833767026,-0.2926689723637652,-0.36640822287886415,0.769775188380218,0.7140604847789133,0.77,0.77,0.715,True,999,0.00011920800898224115,0.0014026659773662686,strong_3x3_strong_250,strong_null,True,313,292201944,0.0,0,1
250,250,0.10335058613209958,0.060120312073871696,0.0942517628974997,0.04542997947172012,0.04323027405822788,0.048821783425779586,0.04322881013830646,1.0000338644509699,1.1293806900902186,0.3172941197289332,0.25873727509702016,0.312,0.311,0.242,True,999,0.00011650007218122482,0.0014804579550400376,strong_3x3_strong_250,strong_null,True,314,292201944,0.0,1,0
250,250,0.11179015620514693,0.022382975990612786,0.10214718179238957,0.013261482103828826,0.08940718021453414,0.08888569968856075,0.03776688971639424,2.3673429526743197,2.3535350767838406,0.01791632205102197,0.018595853298328573,0.016,0.013,0.015,True,999,0.00012045796029269695,0.001322916941717267,strong_3x3_strong_250,strong_null,True,315,292201944,0.0,0,1
250,250,0.08634548124302205,0.13070050470911293,0.0717372723031815,0.12342067279915625,-0.04435502346609088,-0.05168340049597475,0.04951717838199225,-0.8957502207399872,-1.043746881077745,0.3703861816376557,0.2966025135138247,0.381,0.387,0.316,True,999,0.00011383299715816975,0.0013705829624086618,strong_3x3_strong_250,strong_null,True,316,292201944,0.0,0,1
250,250,0.1089331041196836,0.10516043590709778,0.10223265810050464,0.09693092037737472,0.003772668212585817,0.005301737723129918,0.04885767810400591,0.07721750928389882,0.1085139107888801,0.9384505128391378,0.9135880464594492,0.93,0.93,0.902,True,999,0.00011466699652373791,0.0013317499542608857,strong_3x3_strong_250,strong_null,True,317,292201944,0.0,2,2
250,250,0.14273160015159808,0.11306228707072191,0.13366293663789008,0.10327543189197286,0.02966931308087617,0.030387504745917227,0.04947764335247756,0.5996508942334355,0.6141663726672946,0.5487389211249996,0.5391053921456883,0.552,0.554,0.537,True,999,0.00011254101991653442,0.0013887080131098628,strong_3x3_strong_250,strong_null,True,318,292201944,0.0,1,0
250,250,0.06362911862659415,0.11269642846663819,0.05423538081076629,0.09934345626794538,-0.04906730984004404,-0.0451080754571791,0.044941832741277596,-1.0917959248016453,-1.0036990640069918,0.274922810674314,0.31552368836319733,0.293,0.296,0.335,True,999,0.00010983308311551809,0.0013949580024927855,strong_3x3_strong_250,strong_null,True,319,292201944,0.0,1,0
250,250,0.08086083637561226,0.0634454128686352,0.06845559820152403,0.05616945134141815,0.017415423506977057,0.012286146860105873,0.04142509070977036,0.4204076130814488,0.29658708404971845,0.674187707505121,0.7667817728576334,0.663,0.674,0.766,True,999,0.00010862504132091999,0.0013944169040769339,strong_3x3_strong_250,strong_null,True,320,292201944,0.0,1,1
250,250,0.07509854899762347,0.10052400248421689,0.06253977338688799,0.09139084501030936,-0.02542545348659342,-0.028851071623421376,0.043822164674514115,-0.580196201521287,-0.6583671034443546,0.5617823148900987,0.5103022685330266,0.582,0.578,0.524,True,999,0.00011274998541921377,0.001355209038592875,strong_3x3_strong_250,strong_null,True,321,292201944,0.0,0,1
250,250,0.09597411371765358,0.11627752733585267,0.08467250936055848,0.10572104787843273,-0.020303413618199095,-0.02104853851787425,0.045803788375168,-0.4432693089029806,-0.4595370659184487,0.657570952207712,0.645848540965853,0.655,0.644,0.641,True,999,0.00011308398097753525,0.0013839169405400753,strong_3x3_strong_250,strong_null,True,322,292201944,0.0,0,1
250,250,0.1296834574965386,0.06869014249493666,0.11873988139957703,0.05702991766656851,0.06099331500160193,0.06170996373300852,0.04739787608797668,1.2868364584183125,1.301956307461261,0.19815129642743867,0.19293132217208875,0.201,0.198,0.194,True,999,0.00011158292181789875,0.001398166990838945,strong_3x3_strong_250,strong_null,True,323,292201944,0.0,1,0
250,250,0.09928870438275894,0.12758401830241028,0.08309843200575528,0.12116652410750817,-0.028295313919651344,-0.03806809210175288,0.04838486814674349,-0.5847967557509143,-0.7867768077056345,0.5586843860508611,0.43141253231966536,0.558,0.56,0.438,True,999,0.00011141691356897354,0.001423375098966062,strong_3x3_strong_250,strong_null,True,324,292201944,0.0,0,2
250,250,0.12216718748530087,0.07591731753783137,0.11130918218829322,0.06519402357766069,0.04624986994746949,0.046115158610632534,0.04595438659739024,1.006429926976678,1.0034985128764926,0.3142088036439443,0.3156203940889758,0.322,0.322,0.321,True,999,0.0001189160393550992,0.0013818750157952309,strong_3x3_strong_250,strong_null,True,325,292201944,0.0,0,1
250,250,0.11705936559292424,0.039690428061023686,0.10578698376123441,0.028916704333234122,0.07736893753190055,0.07687027942800029,0.04261131418249071,1.815690011355998,1.803987530137872,0.0694179371583236,0.07123326182765005,0.085,0.074,0.07,True,999,0.00013954099267721176,0.0013880839105695486,strong_3x3_strong_250,strong_null,True,326,292201944,0.0,0,1
250,250,0.13647203554813692,0.08407496087546584,0.12746121846414837,0.07550663747834108,0.05239707467267107,0.0519545809858073,0.046858175354817476,1.1182056124873019,1.1087623577401176,0.2634791877933025,0.2675327131026235,0.26,0.256,0.26,True,999,0.00011558400001376867,0.0014383340021595359,strong_3x3_strong_250,strong_null,True,327,292201944,0.0,1,1
250,250,0.12022959604687339,0.09828945875534828,0.10915971685547277,0.09138932288718138,0.021940137291525108,0.017770393968291387,0.04619031486332834,0.47499432200112446,0.3847212131130059,0.6347910203654419,0.7004439768769761,0.643,0.647,0.714,True,999,0.00011137500405311584,0.0013274999801069498,strong_3x3_strong_250,strong_null,True,328,292201944,0.0,0,1
250,250,0.11956490940573661,0.08747965646114353,0.10156907565853146,0.07434184955606327,0.03208525294459308,0.027227226102468194,0.047890873574040434,0.6699659152174059,0.5685264032691792,0.5028795186108581,0.5696775825571707,0.506,0.502,0.573,True,999,0.00011191691737622023,0.0014007079880684614,strong_3x3_strong_250,strong_null,True,329,292201944,0.0,0,0
250,250,0.06512430041915412,0.09856682952882745,0.052424318785355695,0.08647322260286217,-0.033442529109673325,-0.03404890381750647,0.040631462002654564,-0.8230697952116129,-0.8379935680208102,0.4104683041574243,0.4020343158960068,0.444,0.437,0.432,True,999,0.0001222500577569008,0.001393957994878292,strong_3x3_strong_250,strong_null,True,330,292201944,0.0,0,1
250,250,0.17772694898845942,0.0981861342944817,0.1708432974991041,0.08671073858096179,0.07954081469397772,0.08413255891814231,0.05241450741172957,1.5175343358502629,1.6051387883369617,0.12913183128665695,0.10846326474860829,0.154,0.156,0.142,True,999,0.00011029106099158525,0.0014416670892387629,strong_3x3_strong_250,strong_null,True,331,292201944,0.0,2,0
250,250,0.07955348595121986,0.13445757704812938,0.06891940745396141,0.12136290551822526,-0.054904091096909524,-0.05244349806426385,0.04879278341497537,-1.12525023690406,-1.0748207909813157,0.260483010487385,0.2824549701879555,0.265,0.271,0.303,True,999,0.00011433300096541643,0.0013689999468624592,strong_3x3_strong_250,strong_null,True,332,292201944,0.0,1,0
250,250,0.12473168201303708,0.023811411691224638,0.11773984998930587,0.014693901523457953,0.10092027032181244,0.10304594846584791,0.0362660177279236,2.7827778356846515,2.841391333311626,0.005389569743661441,0.004491715685489499,0.003,0.004,0.004,True,999,0.00011029106099158525,0.0013228340540081263,strong_3x3_strong_250,strong_null,True,333,292201944,0.0,1,1
250,250,0.11037692351058842,0.09464381518283749,0.10521902766312508,0.08179174857473015,0.015733108327750933,0.023427279088394926,0.04645825850574519,0.3386504107941395,0.5042651154368566,0.734873101812691,0.6140750879947512,0.728,0.729,0.603,True,999,0.00010929105337709188,0.0013510830467566848,strong_3x3_strong_250,strong_null,True,334,292201944,0.0,2,0
250,250,0.16015085210167457,0.11679413303523711,0.14939298101380416,0.10357119647228785,0.043356719066437455,0.04582178454151631,0.05172628939976293,0.8381950371765148,0.885850987442496,0.4019211738681626,0.37569783022560876,0.446,0.438,0.409,True,999,0.00010954204481095076,0.0014044999843463302,strong_3x3_strong_250,strong_null,True,335,292201944,0.0,0,0
250,250,0.14331004111647233,0.10290956652684308,0.13277623457544507,0.09125803082764605,0.040400474589629254,0.04151820374779902,0.047830127222889776,0.8446658400334558,0.8680345664631622,0.39829743714861543,0.3853754098807358,0.439,0.435,0.424,True,999,0.00012554193381220102,0.0014017499051988125,strong_3x3_strong_250,strong_null,True,336,292201944,0.0,1,0
250,250,0.07506536031301381,0.09617335447855135,0.06399450948525498,0.08720264940279776,-0.021107994165537547,-0.02320813991754278,0.0435714799914038,-0.4844451960250589,-0.5326452055822181,0.6280699495785136,0.5942792031491488,0.646,0.644,0.613,True,999,0.0001612498890608549,0.0013614579802379012,strong_3x3_strong_250,strong_null,True,337,292201944,0.0,0,1
250,250,0.13624387164570823,0.11394262132494282,0.13137490138757357,0.10098866190980971,0.02230125032076541,0.030386239477763866,0.050228228944814365,0.44399834095818386,0.6049633864484681,0.6570437833835092,0.545203324642914,0.66,0.664,0.552,True,999,0.00011075008660554886,0.0013927919790148735,strong_3x3_strong_250,strong_null,True,338,292201944,0.0,2,0
250,250,0.11880755814029209,0.14336470889631203,0.10944857108910355,0.13179993083630848,-0.02455715075601994,-0.022351359747204924,0.05085226917828842,-0.48291160164205055,-0.439535149726375,0.6291585038132532,0.6602738187407325,0.649,0.651,0.673,True,999,0.00010954204481095076,0.0013686249731108546,strong_3x3_strong_250,strong_null,True,339,292201944,0.0,1,0
250,250,0.11930608337225357,0.12179087251260345,0.10532385227601537,0.11141041403439544,-0.0024847891403498856,-0.006086561758380071,0.051677506531215375,-0.048082605124319784,-0.11777971049558154,0.9616504092695878,0.90624220631469,0.963,0.963,0.927,True,999,0.00011074997019022703,0.0013853749260306358,strong_3x3_strong_250,strong_null,True,340,292201944,0.0,1,1
250,250,0.13212988379369422,0.14438864643892657,0.11970118781881922,0.13971624979907915,-0.012258762645232346,-0.02001506198025993,0.05146674389562819,-0.23818803594982543,-0.38889310776779284,0.811735256054264,0.6973552208571583,0.805,0.803,0.691,True,999,0.00010916695464402437,0.0014436669880524278,strong_3x3_strong_250,strong_null,True,341,292201944,0.0,1,2
250,250,0.0947195131163448,0.13562484459346935,0.08369881310539995,0.1283615146796251,-0.04090533147712455,-0.04466270157422514,0.04906884982019549,-0.8336313491556298,-0.9102047783447964,0.4044887543939486,0.3627145246444715,0.407,0.409,0.369,True,999,0.00012145796790719032,0.0014178329147398472,strong_3x3_strong_250,strong_null,True,342,292201944,0.0,0,1
250,250,0.1315879467385374,0.08548354801664654,0.12466638316264778,0.07637424202425791,0.04610439872189087,0.048292141138389866,0.04800339587882333,0.9604403579753781,1.006015100687781,0.3368336345948564,0.3144083061155798,0.352,0.344,0.318,True,999,0.00011158303823322058,0.0013683749129995704,strong_3x3_strong_250,strong_null,True,343,292201944,0.0,2,1
250,250,0.06647841394921794,0.10289115762595918,0.06196167913483919,0.09396144676708218,-0.036412743676741244,-0.03199976763224299,0.04141581971385185,-0.8791989130801318,-0.7726460046748855,0.3792934336780732,0.439731910164074,0.391,0.39,0.446,True,999,0.00011725001968443394,0.001329125021584332,strong_3x3_strong_250,strong_null,True,344,292201944,0.0,2,1
250,250,0.11520304593580927,0.11745695528165173,0.10430818669885866,0.10654373670767825,-0.002253909345842464,-0.0022355500088195868,0.050717551802556333,-0.044440420835314444,-0.0440784290519896,0.9645533422924747,0.9648418871926788,0.972,0.972,0.97,True,999,0.00011091702617704868,0.0013660419499501586,strong_3x3_strong_250,strong_null,True,345,292201944,0.0,1,1
250,250,0.1359882461340267,0.06793043877508981,0.12295555902447575,0.05874427410469707,0.0680578073589369,0.06421128491977868,0.04663670385585366,1.4593185566735662,1.3768401197101137,0.14447745028014866,0.1685616838727516,0.159,0.157,0.168,True,999,0.00011229200754314661,0.0013963329838588834,strong_3x3_strong_250,strong_null,True,346,292201944,0.0,0,1
250,250,0.07422662870083302,0.08516348334796886,0.0635158975135397,0.07628130248021137,-0.01093685464713584,-0.012765404966671667,0.043106463321879125,-0.2537172805263458,-0.2961366807420839,0.7997139828767532,0.7671257024205851,0.813,0.812,0.778,True,999,0.00010987510904669762,0.0013627089792862535,strong_3x3_strong_250,strong_null,True,347,292201944,0.0,1,1
250,250,0.09469737642077092,0.16103690294993467,0.08570435364170237,0.14955444629892156,-0.06633952652916375,-0.06385009265721919,0.049584080674659275,-1.3379198651366266,-1.2877135521814926,0.18092256070668022,0.1978456942754896,0.177,0.178,0.195,True,999,0.00017141690477728844,0.0013918749755248427,strong_3x3_strong_250,strong_null,True,348,292201944,0.0,1,0
250,250,0.12051473720858907,0.12559338745365917,0.10892344988431546,0.1158439293276814,-0.005078650245070093,-0.0069204794433659345,0.04971355855430724,-0.10215825204953213,-0.13920708242613497,0.918631064366884,0.8892865120322837,0.925,0.925,0.884,True,999,0.00011274998541921377,0.001354082953184843,strong_3x3_strong_250,strong_null,True,349,292201944,0.0,0,0
250,250,0.15183668048364696,0.11414420585053253,0.14708637635928312,0.10371455441716648,0.037692474633114426,0.04337182194211664,0.050736463470818935,0.7429070150857725,0.8548451936753915,0.45753797825935116,0.3926368549752025,0.454,0.454,0.409,True,999,0.00011100003030151129,0.0013455840526148677,strong_3x3_strong_250,strong_null,True,350,292201944,0.0,2,1
250,250,0.12264346746283994,0.12594623078587264,0.11210051662369835,0.11597085596827128,-0.003302763323032698,-0.003870339344572926,0.05088718139871838,-0.06490364041101872,-0.07605725524955884,0.9482507220790806,0.939373546961376,0.945,0.945,0.937,True,999,0.00012083305045962334,0.0013926660176366568,strong_3x3_strong_250,strong_null,True,351,292201944,0.0,1,0
250,250,0.09801852613434825,0.10247444955883717,0.09122918320839801,0.09115841223386667,-0.004455923424488917,7.077097453134229e-05,0.043585402137197825,-0.1022343079561958,0.0016237311361398,0.9185706966006332,0.9987044505648658,0.919,0.916,0.999,True,999,0.000120542012155056,0.0013542909873649478,strong_3x3_strong_250,strong_null,True,352,292201944,0.0,1,0
250,250,0.11705446614185999,0.12182218893426022,0.11041715408629216,0.11053196474016147,-0.004767722792400231,-0.00011481065386931277,0.04894000185644339,-0.0974197509510825,-0.002345947068128215,0.9223930603399155,0.9981282067707722,0.931,0.932,0.999,True,999,0.00011012505274266005,0.0014338329201564193,strong_3x3_strong_250,strong_null,True,353,292201944,0.0,2,0
250,250,0.11014724506999618,0.1706393920466921,0.09941915795252498,0.16239956215456175,-0.060492146976695915,-0.06298040420203677,0.05060646886812449,-1.1953441591495453,-1.2445129172350977,0.2319525932496147,0.2133108482794993,0.234,0.239,0.244,True,999,0.00011225009802728891,0.001406333060003817,strong_3x3_strong_250,strong_null,True,354,292201944,0.0,1,2
250,250,0.10806491897821169,0.12092507272168718,0.09524063610643907,0.11175603545568435,-0.012860153743475489,-0.016515399349245286,0.049712076078058144,-0.25869275150131354,-0.33222107488153835,0.795872312703695,0.7397223312013919,0.798,0.797,0.738,True,999,0.0001100829103961587,0.001377750071696937,strong_3x3_strong_250,strong_null,True,355,292201944,0.0,0,1
250,250,0.13677143893134075,0.14376999121160094,0.12786210882194382,0.13460966889809356,-0.006998552280260195,-0.006747560076149739,0.050720534948210515,-0.13798261961168676,-0.13303408733838287,0.8902541536873609,0.8941664222899055,0.907,0.909,0.917,True,999,0.00010929093696177006,0.0013771670637652278,strong_3x3_strong_250,strong_null,True,356,292201944,0.0,1,1
250,250,0.07966076205944467,0.09966351642333793,0.07073402434490106,0.08919177537728729,-0.02000275436389326,-0.018457751032386227,0.04312391744993283,-0.4638436289355344,-0.4280165653738625,0.642759782580844,0.6686390599844392,0.631,0.628,0.651,True,999,0.00011212495155632496,0.0014093329664319754,strong_3x3_strong_250,strong_null,True,357,292201944,0.0,1,1
250,250,0.1487895307135566,0.09242770108232279,0.13718068870826983,0.08188470067275944,0.05636182963123382,0.05529598803551039,0.049585002011765446,1.136670915488929,1.1151756739344258,0.25567588220691106,0.2647751482494809,0.262,0.259,0.279,True,999,0.00010991690214723349,0.0013983329990878701,strong_3x3_strong_250,strong_null,True,358,292201944,0.0,0,1
250,250,0.12319862821890043,0.07518847010147944,0.11878515341602736,0.06856538169299142,0.04801015811742099,0.05021977172303593,0.04581956510530998,1.0478091183771874,1.0960333562226678,0.29472656054527047,0.2730641773182383,0.274,0.281,0.271,True,999,0.00016091600991785526,0.0012693329481408,strong_3x3_strong_250,strong_null,True,359,292201944,0.0,3,2
250,250,0.08043657616981914,0.09016748638734323,0.06965381893778044,0.07911446400393629,-0.009730910217524091,-0.009460645066155848,0.04364287962259953,-0.22296673138142672,-0.21677407971166174,0.8235613992382229,0.8283844130445633,0.811,0.811,0.819,True,999,0.00011004204861819744,0.001345040975138545,strong_3x3_strong_250,strong_null,True,360,292201944,0.0,1,0
250,250,0.13129969423971072,0.1504264715692687,0.12009359644461881,0.13889585535937954,-0.019126777329557976,-0.018802258914760728,0.05240521339744456,-0.36497852197450753,-0.35878603856000296,0.715127438946423,0.7197551578555871,0.702,0.705,0.703,True,999,0.00011429202277213335,0.0013464170042425394,strong_3x3_strong_250,strong_null,True,361,292201944,0.0,0,0
250,250,0.0767379750113445,0.11563220510681188,0.06378030214339958,0.10400357199738153,-0.038894230095467386,-0.04022326985398195,0.045848554213578016,-0.8483196637844883,-0.8773072683297363,0.39625996942990893,0.3803197654475411,0.397,0.393,0.387,True,999,0.00011074997019022703,0.0013852090341970325,strong_3x3_strong_250,strong_null,True,362,292201944,0.0,0,0
250,250,0.08406084464787927,0.09474189370772867,0.069388018059513,0.08188984374295671,-0.010681049059849401,-0.012501825683443712,0.04399737845720493,-0.24276557909554933,-0.28414933166083756,0.8081870018807348,0.7762959431014509,0.816,0.812,0.774,True,999,0.00010895798914134502,0.0014218749711290002,strong_3x3_strong_250,strong_null,True,363,292201944,0.0,0,0
250,250,0.15876694190024027,0.12096375631339706,0.14561224098532932,0.10826909219416336,0.0378031855868432,0.03734314879116596,0.052711775011512536,0.7171677595487305,0.708440358591795,0.4732705900263765,0.47867183719704587,0.493,0.493,0.511,True,999,0.00011316710151731968,0.0014082499546930194,strong_3x3_strong_250,strong_null,True,364,292201944,0.0,0,0
250,250,0.12973817408029964,0.13801477896498615,0.11666900754417497,0.12857813897484505,-0.008276604884686511,-0.011909131430670072,0.0506726351491479,-0.16333480310083476,-0.23502096142458723,0.8702548329206412,0.8141924639595838,0.87,0.869,0.814,True,999,0.00011049991007894278,0.0013435420114547014,strong_3x3_strong_250,strong_null,True,365,292201944,0.0,0,0
250,250,0.1508957748062879,0.07264150172829875,0.14419123078330642,0.06595084435637943,0.07825427307798916,0.07824038642692699,0.04900044123140833,1.59701160053697,1.5967282020468099,0.11026312139470314,0.11032630633026436,0.144,0.145,0.142,True,999,0.00011095800437033176,0.0013610830064862967,strong_3x3_strong_250,strong_null,True,366,292201944,0.0,2,2
250,250,0.06663930663933643,0.07484569859135992,0.06019158418649795,0.06413172547111401,-0.008206391952023495,-0.003940141284616061,0.04121798765995458,-0.19909734603556184,-0.09559276200288917,0.8421865972287925,0.9238440139596196,0.858,0.858,0.935,True,999,0.00010895798914134502,0.0012939999578520656,strong_3x3_strong_250,strong_null,True,367,292201944,0.0,2,1
250,250,0.15714864837097609,0.13688240199405788,0.14377337312542693,0.1275343045134889,0.020266246376918207,0.016239068611938023,0.053905941654432084,0.37595570645693266,0.301248213342413,0.706949825485156,0.7632252273920758,0.725,0.722,0.769,True,999,0.00011683395132422447,0.0014235840644687414,strong_3x3_strong_250,strong_null,True,368,292201944,0.0,0,1
250,250,0.17893644216240728,0.16929548760020535,0.170426910598934,0.15591389945861067,0.009640954562201931,0.014513011140323329,0.05680830660049997,0.16971029659449627,0.2554733983250893,0.8652379760324815,0.7983574871399943,0.875,0.875,0.808,True,999,0.00011670798994600773,0.0014552909415215254,strong_3x3_strong_250,strong_null,True,369,292201944,0.0,2,0
250,250,0.15680690082086768,0.11152097756521151,0.14492382573619977,0.10274434389106091,0.04528592325565617,0.042179481845138866,0.05149657639693896,0.8793967759446633,0.8190735151015996,0.3791861796103412,0.41274447153776705,0.379,0.377,0.403,True,999,0.0001092919846996665,0.001407290925271809,strong_3x3_strong_250,strong_null,True,370,292201944,0.0,0,1
250,250,0.12586784025480863,0.16570325483759168,0.11741704225644867,0.15689431083296768,-0.03983541458278306,-0.03947726857651901,0.04991136653067058,-0.7981231000418343,-0.7909474598789074,0.42479905747243196,0.42897465170672366,0.448,0.436,0.457,True,999,0.00011254195123910904,0.0013749590143561363,strong_3x3_strong_250,strong_null,True,371,292201944,0.0,2,1
250,250,0.08776243184472987,0.14599160772703434,0.07504495132765499,0.1331724316961811,-0.058229175882304474,-0.05812748036852611,0.049593555341067797,-1.174127877742325,-1.1720772985273649,0.24034380869037353,0.24116602330408943,0.245,0.255,0.261,True,999,0.00010891701094806194,0.001346292090602219,strong_3x3_strong_250,strong_null,True,372,292201944,0.0,0,0
250,250,0.04030281151245996,0.10985479964372674,0.027206153009259992,0.10351410213161216,-0.06955198813126678,-0.07630794912235217,0.040538689113812434,-1.7156940604566533,-1.8823487091089077,0.08621805244416152,0.05978868505776091,0.087,0.078,0.058,True,999,0.00010987499263137579,0.0013114999746903777,strong_3x3_strong_250,strong_null,True,373,292201944,0.0,0,2
250,250,0.13351406150741213,0.1329045408289914,0.12695529624011215,0.11800517377460551,0.0006095206784207385,0.008950122465506638,0.051547076856808365,0.011824544001086896,0.1736300681097594,0.9905655987562576,0.862156199997725,0.992,0.992,0.847,True,999,0.00010950001887977123,0.0013983329990878701,strong_3x3_strong_250,strong_null,True,374,292201944,0.0,2,0
250,250,0.1312137403876888,0.1694594679332458,0.12181184617404028,0.1645306378676139,-0.038245727545556996,-0.04271879169357362,0.05046071582893841,-0.7579307371542218,-0.8465752217703396,0.4484924482233946,0.39723192981574895,0.468,0.465,0.399,True,999,0.00011004193220287561,0.0014205420156940818,strong_3x3_strong_250,strong_null,True,375,292201944,0.0,0,2
250,250,0.11189668301139716,0.1043481908210177,0.10033079226388963,0.09253176863686008,0.007548492190379452,0.007799023627029555,0.04719093086172554,0.15995641646691267,0.16526530595214423,0.8729154066863667,0.8687351651241916,0.866,0.865,0.866,True,999,0.0001145839923992753,0.0013989590806886554,strong_3x3_strong_250,strong_null,True,376,292201944,0.0,0,0
250,250,0.1450188292733967,0.13741739009048015,0.13525541083023995,0.1278905704212434,0.007601439182916558,0.0073648404089965425,0.05103347167618114,0.14895007008634253,0.14431392117957625,0.8815930316387224,0.8852525858675306,0.888,0.887,0.893,True,999,0.00011579191777855158,0.0013452080311253667,strong_3x3_strong_250,strong_null,True,377,292201944,0.0,0,0
250,250,0.15616552341563839,0.11343610850325575,0.14799288521747656,0.10447790952841274,0.042729414912382635,0.04351497568906382,0.052156227910140775,0.8192581523725323,0.8343198393111394,0.41263914288185455,0.4041007750833281,0.401,0.418,0.428,True,999,0.00011124997399747372,0.0013767499476671219,strong_3x3_strong_250,strong_null,True,378,292201944,0.0,2,1
250,250,0.09489020329918063,0.11850853289813307,0.08666075142822649,0.10712263809880085,-0.023618329598952437,-0.02046188667057436,0.04774085982582848,-0.49471940147534976,-0.42860322887406793,0.6207982043722645,0.6682119953571973,0.621,0.624,0.671,True,999,0.00011354195885360241,0.0014019169611856341,strong_3x3_strong_250,strong_null,True,379,292201944,0.0,2,0
250,250,0.09361147270496795,0.18505442334782374,0.08462575228838887,0.1734164236055591,-0.09144295064285579,-0.08879067131717022,0.05075376471553868,-1.8016978869522124,-1.7494401019277737,0.07159295072841308,0.08021497407877876,0.101,0.101,0.105,True,999,0.00011324998922646046,0.001415667007677257,strong_3x3_strong_250,strong_null,True,380,292201944,0.0,1,0
250,250,0.1967530724211397,0.10565000731887703,0.18603833078827847,0.09670249478377002,0.09110306510226268,0.08933583600450845,0.05199211007237024,1.752247888678726,1.718257556389955,0.07973119236676195,0.08574964738986281,0.092,0.095,0.107,True,999,0.00011308304965496063,0.001398166990838945,strong_3x3_strong_250,strong_null,True,381,292201944,0.0,1,1
250,250,0.14435847721720657,0.13718313269681226,0.1348461823532574,0.12825374858199723,0.007175344520394311,0.0065924337712601755,0.052039563914912046,0.13788248748829737,0.126681187836993,0.8903332911599977,0.8991927357965022,0.895,0.894,0.907,True,999,0.00011195894330739975,0.0013645840808749199,strong_3x3_strong_250,strong_null,True,382,292201944,0.0,0,1
250,250,0.07826176430470361,0.14161458107521807,0.06688493054379308,0.13065520322375335,-0.06335281677051446,-0.06377027267996027,0.04690504894719829,-1.3506609244099004,-1.359560945171327,0.17680407492954608,0.1739689040955832,0.196,0.192,0.195,True,999,0.00010895798914134502,0.0013887499226257205,strong_3x3_strong_250,strong_null,True,383,292201944,0.0,0,1
250,250,0.09845235196805441,0.16553688546891443,0.09406236298073622,0.15912840329976063,-0.06708453350086002,-0.06506604031902441,0.0499761340799488,-1.3423313894896758,-1.3019422473722295,0.17948857004180396,0.19293612888231504,0.201,0.217,0.232,True,999,0.00011324998922646046,0.00136358302552253,strong_3x3_strong_250,strong_null,True,384,292201944,0.0,3,2
250,250,0.1027840559744807,0.09532043169550136,0.09377616865074856,0.0853486258098286,0.007463624278979342,0.008427542840919955,0.04601055725080474,0.16221547238158696,0.18316541560192806,0.871136175970789,0.8546682296097231,0.865,0.864,0.838,True,999,0.00011595804244279861,0.0014277499867603183,strong_3x3_strong_250,strong_null,True,385,292201944,0.0,1,0
250,250,0.11618272446751171,0.12272272327291567,0.10708371921120374,0.10817506984875536,-0.006539998805403957,-0.0010913506375516135,0.04935682308577768,-0.13250445220183707,-0.02211144415950243,0.8945853017292424,0.9823590575895143,0.893,0.893,0.982,True,999,0.0001105000264942646,0.001422540983185172,strong_3x3_strong_250,strong_null,True,386,292201944,0.0,1,0
250,250,0.04136781135125811,0.07833592435023284,0.030057377657342954,0.07102273807831239,-0.036968112998974734,-0.04096536042096943,0.036877918772379205,-1.0024457515390777,-1.1108371021103185,0.31612835471408884,0.2666384730998481,0.328,0.323,0.283,True,999,0.00011337501928210258,0.0013519579079002142,strong_3x3_strong_250,strong_null,True,387,292201944,0.0,0,1
250,250,0.08777945149769745,0.09127246911457354,0.07569251445379166,0.08038552638397789,-0.003493017616876093,-0.0046930119301862305,0.04463755511386035,-0.07825288835748714,-0.10513595375498085,0.9376268921331157,0.9162679304143534,0.951,0.951,0.932,True,999,0.00011358305346220732,0.0013907080283388495,strong_3x3_strong_250,strong_null,True,388,292201944,0.0,1,1
250,250,0.12963056928045757,0.08907137534834059,0.11498890366794967,0.07562536884002213,0.04055919393211699,0.03936353482792754,0.048193613203779156,0.8415885681909505,0.8167790752995627,0.40001829037754477,0.4140546922181113,0.414,0.406,0.425,True,999,0.00011745898518711329,0.0014162500156089664,strong_3x3_strong_250,strong_null,True,389,292201944,0.0,0,0
250,250,0.04743169252602647,0.0910303358064869,0.03526454585498584,0.08287176352702375,-0.043598643280460425,-0.047607217672037905,0.03927244479388836,-1.110158624177258,-1.2122295396146718,0.26693067875575827,0.22542452691347536,0.276,0.27,0.258,True,999,0.0001170419855043292,0.001386582967825234,strong_3x3_strong_250,strong_null,True,390,292201944,0.0,1,2
250,250,0.09709828334530646,0.06347604903198728,0.08709962839604657,0.04873036047666801,0.03362223431331918,0.03836926791937856,0.04242318782140674,0.7925437959745542,0.9044409411406237,0.42804366557584606,0.36576163723608635,0.419,0.413,0.348,True,999,0.00013254093937575817,0.001354500069282949,strong_3x3_strong_250,strong_null,True,391,292201944,0.0,0,0
250,250,0.07909737540854822,0.07916707352276148,0.06784747547885672,0.06777723061279062,-6.969811421325689e-05,7.02448660661048e-05,0.042166731687088115,-0.0016529171558866433,0.0016658835829957033,0.9986811635215718,0.9986708178238168,1.0,1.0,0.998,True,999,0.0001103340182453394,0.0013877919409424067,strong_3x3_strong_250,strong_null,True,392,292201944,0.0,0,0
250,250,0.04362492708255561,0.10720165817601035,0.03222862661550607,0.10186430357092036,-0.06357673109345474,-0.06963567695541428,0.04122577404598474,-1.542159791167024,-1.6891296419987192,0.12303476832984682,0.09119458845911967,0.13,0.128,0.097,True,999,0.00011233298573642969,0.0014038330409675837,strong_3x3_strong_250,strong_null,True,393,292201944,0.0,0,2
250,250,0.10036756669421415,0.11109441246107504,0.0875302706001122,0.10394364629406994,-0.010726845766860893,-0.016413375693957732,0.04607622664700144,-0.2328065153650983,-0.35622221888314903,0.8159116533961138,0.7216741536302818,0.807,0.807,0.718,True,999,0.00010920804925262928,0.0013521249638870358,strong_3x3_strong_250,strong_null,True,394,292201944,0.0,0,1
250,250,0.12268121191034853,0.10956837225138205,0.11136198930921637,0.09805084277043363,0.01311283965896648,0.013311146538782737,0.048961509390718756,0.2678193507950181,0.27186961154645334,0.7888383748969295,0.7857222779077381,0.79,0.788,0.797,True,999,0.00010979094076901674,0.0013617080403491855,strong_3x3_strong_250,strong_null,True,395,292201944,0.0,0,0
250,250,0.12670318200161296,0.14019093421801454,0.11198258366059122,0.1309504792844649,-0.013487752216401583,-0.018967895623873687,0.052124438828946414,-0.25876062206949635,-0.3638963996546701,0.7958199423123863,0.7159353732731351,0.795,0.798,0.718,True,999,0.00013608403969556093,0.001436250051483512,strong_3x3_strong_250,strong_null,True,396,292201944,0.0,0,1
250,250,0.15512000543282023,0.058739213888229225,0.1441874325742134,0.045301209981815305,0.096380791544591,0.0988862225923981,0.04558643382400319,2.114242845068579,2.1692028592140127,0.03449453118865014,0.030067286173179185,0.052,0.056,0.06,True,999,0.0001141249667853117,0.0014047919539734721,strong_3x3_strong_250,strong_null,True,397,292201944,0.0,1,0
250,250,0.09952459934753549,0.06192869429466741,0.0929419869775785,0.05070185824084206,0.037595905052868084,0.04224012873673644,0.042457254339623406,0.8855001492119935,0.994886018743696,0.37588693917022886,0.31979170354783526,0.391,0.391,0.341,True,999,0.00011241703759878874,0.0013447090750560164,strong_3x3_strong_250,strong_null,True,398,292201944,0.0,2,0
250,250,0.11599646805144581,0.11074003218877593,0.10879178519120103,0.10156985664721674,0.005256435862669884,0.007221928543984291,0.04888413924686241,0.10752845286126754,0.1477356184490417,0.9143697540564725,0.8825514206044787,0.91,0.911,0.872,True,999,0.00011008395813405514,0.0013799999142065644,strong_3x3_strong_250,strong_null,True,399,292201944,0.0,1,1
250,250,0.06211603672498667,0.09190020043570024,0.05443386640163794,0.0801502496507851,-0.029784163710713574,-0.025716383249147157,0.042128299610248804,-0.7069870843652043,-0.6104301262349306,0.4795745041158753,0.5415769167041473,0.497,0.494,0.55,True,999,0.00011654198169708252,0.0013742080191150308,strong_3x3_strong_250,strong_null,True,400,292201944,0.0,1,0
250,250,0.15524581746877647,0.0824192861288503,0.14617457132703748,0.07605252433245369,0.07282653133992617,0.0701220469945838,0.04690578634635601,1.5526129506105992,1.494955152799211,0.12051562983177161,0.13492614684666987,0.123,0.122,0.143,True,999,0.00011608295608311892,0.0014266249490901828,strong_3x3_strong_250,strong_null,True,401,292201944,0.0,1,2
250,250,0.10050744505632436,0.08651502559008817,0.08997200136080608,0.07203824622145305,0.013992419466236194,0.017933755139353025,0.043844472728953914,0.3191375923879206,0.40903115086408537,0.7496221783114208,0.6825168008030043,0.762,0.755,0.691,True,999,0.00011633301619440317,0.0014360420173034072,strong_3x3_strong_250,strong_null,True,402,292201944,0.0,1,0
250,250,0.14041550546680415,0.11192698163048803,0.12779054697065817,0.10434928394455767,0.028488523836316115,0.0234412630261005,0.049048633504607725,0.5808219679278088,0.47791877879530287,0.561360447768487,0.6327080150757465,0.562,0.559,0.643,True,999,0.0001082499511539936,0.0013831249671056867,strong_3x3_strong_250,strong_null,True,403,292201944,0.0,0,1
250,250,0.07764348228580592,0.15750040814610677,0.06646273910810407,0.15077323976758805,-0.07985692586030085,-0.08431050065948398,0.0476001791553847,-1.6776601953454446,-1.7712223389803456,0.09341345424850599,0.0765237358768011,0.088,0.089,0.076,True,999,0.0001117080682888627,0.001380625064484775,strong_3x3_strong_250,strong_null,True,404,292201944,0.0,0,2
250,250,0.13017920121954402,0.18103682527344878,0.11522978030596676,0.17210503611389072,-0.05085762405390476,-0.05687525580792396,0.054873676421086474,-0.9268127701821259,-1.0364761305854173,0.3540237534377093,0.29998006952029854,0.359,0.357,0.322,True,999,0.00010920804925262928,0.0013725829776376486,strong_3x3_strong_250,strong_null,True,405,292201944,0.0,0,1
250,250,0.09344484320367002,0.0348477112091255,0.08409390736373723,0.02044584457460985,0.05859713199454453,0.06364806278912738,0.03659197726096227,1.6013655555328026,1.7393993862427757,0.10929597707518741,0.08196453613417858,0.118,0.097,0.08,True,999,0.00011000002268701792,0.0013143339892849326,strong_3x3_strong_250,strong_null,True,406,292201944,0.0,0,0
250,250,0.12912796999771897,0.11127102437568154,0.11841771412244384,0.10174031135530015,0.017856945622037435,0.01667740276714369,0.049147750010806915,0.3633319046774458,0.3393319686756069,0.7163569629434654,0.734359662264781,0.743,0.746,0.755,True,999,0.0001092089805752039,0.0013681669952347875,strong_3x3_strong_250,strong_null,True,407,292201944,0.0,1,0
250,250,0.1046299019151905,0.09797759215061419,0.09753441897291282,0.089066767880297,0.006652309764576314,0.008467651092615824,0.04435494006747625,0.14997900469386935,0.19090660656364686,0.8807811797142262,0.848598764081357,0.893,0.891,0.861,True,999,0.00011166592594236135,0.0014378329506143928,strong_3x3_strong_250,strong_null,True,408,292201944,0.0,1,1
250,250,0.19806599667394942,0.1706729551346402,0.19076591162978218,0.1579687635045559,0.027393041539309215,0.03279714812522627,0.05278638852420818,0.5189413844204664,0.6213182799991193,0.6038016172829486,0.5343902285168904,0.607,0.603,0.526,True,999,0.00011433300096541643,0.0013503329828381538,strong_3x3_strong_250,strong_null,True,409,292201944,0.0,1,0
250,250,0.060824092972410704,0.1224929198192044,0.0495671518106775,0.11508605930205817,-0.0616688268467937,-0.06551890749138067,0.04427891216555116,-1.3927358155553748,-1.4796864757295045,0.1636996938614208,0.13895693649315596,0.182,0.183,0.161,True,999,0.00011708308011293411,0.0013606669381260872,strong_3x3_strong_250,strong_null,True,410,292201944,0.0,0,1
250,250,0.1327171158778716,0.048952401204560014,0.12231568726876674,0.03998314707020256,0.08376471467331159,0.08233254019856417,0.043974464114704036,1.9048490154380897,1.8722806941730097,0.056799700289956234,0.06116778024825126,0.052,0.059,0.064,True,999,0.00011324998922646046,0.001343625015579164,strong_3x3_strong_250,strong_null,True,411,292201944,0.0,1,1
250,250,0.06614267505228216,0.1206017371722864,0.055384795658895314,0.11366711492244974,-0.05445906212000423,-0.05828231926355443,0.04676356177053512,-1.1645618951616707,-1.2463190795761214,0.2441963755410561,0.21264727596486976,0.256,0.267,0.236,True,999,0.00011258409358561039,0.0013474590377882123,strong_3x3_strong_250,strong_null,True,412,292201944,0.0,1,2
250,250,0.1254532700294252,0.10406266303864165,0.11426986358678448,0.09484275477583992,0.021390606990783545,0.01942710881094456,0.046448231121365036,0.46052576114022126,0.41825293110050366,0.645138885011981,0.675762199519025,0.656,0.654,0.684,True,999,0.00011091702617704868,0.0013640000252053142,strong_3x3_strong_250,strong_null,True,413,292201944,0.0,0,0
250,250,0.08773953015799962,0.0977934159064821,0.07488750939762667,0.08841652657434906,-0.010053885748482483,-0.013529017176722391,0.04555876480515743,-0.22067950681894571,-0.2969575060821415,0.8253419892792448,0.7664989517050012,0.815,0.814,0.778,True,999,0.00011479202657938004,0.0013839580351486802,strong_3x3_strong_250,strong_null,True,414,292201944,0.0,0,1
250,250,0.11607402016340052,0.09157427021157355,0.10582433703913807,0.08039355600669751,0.024499749951826966,0.025430781032440564,0.046168184369485,0.5306630591264956,0.5508291343865174,0.5956522891991112,0.5817508102052615,0.587,0.595,0.594,True,999,0.00010991701856255531,0.0013362090103328228,strong_3x3_strong_250,strong_null,True,415,292201944,0.0,1,0
250,250,0.0470229505118559,0.10344724781669506,0.03950429417602663,0.09043931299486019,-0.056424297304839166,-0.050935018818833555,0.040817563971798844,-1.3823533747340515,-1.24787012899704,0.166863224827405,0.21207862134574273,0.165,0.16,0.21,True,999,0.0001092919846996665,0.0013423330383375287,strong_3x3_strong_250,strong_null,True,416,292201944,0.0,1,0
250,250,0.12192887002330738,0.09829776739206969,0.11475984174668952,0.08928120250075722,0.023631102631237688,0.0254786392459323,0.04946191563856428,0.47776359500344706,0.515116305484683,0.6328184749929608,0.606471749234647,0.621,0.621,0.599,True,999,0.00011154101230204105,0.0013294999953359365,strong_3x3_strong_250,strong_null,True,417,292201944,0.0,1,1
250,250,0.08711332829758106,0.10610618221457341,0.07677768552689201,0.09719733065978176,-0.018992853916992347,-0.02041964513288974,0.04549002501478957,-0.41751689322697566,-0.4488818180744234,0.6763003704928126,0.65351691275809,0.648,0.662,0.646,True,999,0.00011045800056308508,0.0013677079696208239,strong_3x3_strong_250,strong_null,True,418,292201944,0.0,1,1
250,250,0.10682993292482079,0.09096186681551482,0.09794297712770117,0.08174933038553434,0.015868066109305967,0.016193646742166834,0.0468711598741892,0.3385464783013429,0.34549276752769836,0.7349514079337423,0.7297239466105552,0.77,0.772,0.755,True,999,0.00011008302681148052,0.0014132920186966658,strong_3x3_strong_250,strong_null,True,419,292201944,0.0,1,1
250,250,0.118048370669956,0.06580889891618369,0.10913747997243206,0.0583880380620343,0.052239471753772304,0.05074944191039776,0.044420772436870135,1.1760144834944943,1.142470946053939,0.2395890884339923,0.25325831608298444,0.255,0.256,0.283,True,999,0.00011775002349168062,0.001345416996628046,strong_3x3_strong_250,strong_null,True,420,292201944,0.0,1,1
250,250,0.14399145672746888,0.06538652700086672,0.13393982885834532,0.05583629647578903,0.07860492972660216,0.0781035323825563,0.04490125013019223,1.7506178446855114,1.7394511768846808,0.08001175938374232,0.08195543300730257,0.091,0.09,0.092,True,999,0.00010866706725209951,0.001347291050478816,strong_3x3_strong_250,strong_null,True,421,292201944,0.0,0,0
250,250,0.15671083083485654,0.1031949803300602,0.14808139024600564,0.0917332018019863,0.05351585050479635,0.05634818844401934,0.0472892982968811,1.13166937197556,1.1915632177552467,0.2577734627450201,0.23343255474617752,0.26,0.254,0.23,True,999,0.00010787497740238905,0.001352334045805037,strong_3x3_strong_250,strong_null,True,422,292201944,0.0,1,0
250,250,0.18853329537193275,0.09337568586170508,0.18214610112482887,0.08447433775063473,0.09515760951022767,0.09767176337419414,0.048609133789063334,1.957607595378245,2.0093294358635436,0.05027607543079862,0.04450220817638823,0.073,0.07,0.064,True,999,0.00010887498501688242,0.0013810829259455204,strong_3x3_strong_250,strong_null,True,423,292201944,0.0,2,1
250,250,0.1349522500662877,0.04306438054383427,0.12376024717511314,0.03419519278641303,0.09188786952245342,0.0895650543887001,0.041958074769853415,2.189992511011831,2.1346321269500184,0.028524779955206112,0.03279107106477938,0.024,0.037,0.047,True,999,0.0001142079709097743,0.0013640420511364937,strong_3x3_strong_250,strong_null,True,424,292201944,0.0,0,1
250,250,0.11945709679186939,0.10707214057512005,0.10853066479857887,0.0962639876608975,0.012384956216749343,0.01226667713768137,0.04844060287140353,0.25567304043733713,0.25323130618844736,0.7982033140186789,0.8000894758842854,0.804,0.801,0.81,True,999,0.00012316706124693155,0.0014011660823598504,strong_3x3_strong_250,strong_null,True,425,292201944,0.0,0,1
250,250,0.1358653785505809,0.1359685255530676,0.12605511153911664,0.12383749452573056,-0.00010314700248670317,0.002217617013386075,0.050448019141193706,-0.0020446194764955146,0.04395845567651364,0.9983686308236355,0.9649375194021296,1.0,1.0,0.967,True,999,0.00010858301538974047,0.0013567499117925763,strong_3x3_strong_250,strong_null,True,426,292201944,0.0,0,1
250,250,0.1076630382655136,0.0763145417548649,0.09725933956909216,0.06291121013488521,0.03134849651064869,0.03434812943420695,0.04339672025450667,0.722370177441997,0.7914913669228255,0.4700669171776284,0.42865731197155255,0.498,0.484,0.452,True,999,0.00010970793664455414,0.001376790925860405,strong_3x3_strong_250,strong_null,True,427,292201944,0.0,1,0
250,250,0.11485817503437762,0.08181670106222971,0.10196397041929117,0.07237416500349525,0.033041473972147906,0.029589805415795922,0.04393438872071027,0.7520640421832581,0.6734998773716308,0.452012546608328,0.5006293267488168,0.438,0.441,0.486,True,999,0.00011024996638298035,0.0013336669653654099,strong_3x3_strong_250,strong_null,True,428,292201944,0.0,0,0
250,250,0.11341848246786468,0.1841697147306533,0.10447983007468054,0.17527803622277816,-0.07075123226278862,-0.07079820614809762,0.05370944370587906,-1.317295942408805,-1.3181705350701298,0.18773944478608817,0.18744656668809578,0.184,0.189,0.197,True,999,0.00011037499643862247,0.0014211249072104692,strong_3x3_strong_250,strong_null,True,429,292201944,0.0,1,1
250,250,0.06836585247800386,0.04285867327160736,0.05611289476257042,0.03763871061926238,0.025507179206396502,0.018474184143308037,0.03784929400592646,0.6739142664696091,0.4880985135526,0.500365821465926,0.6254800639113107,0.483,0.484,0.598,True,999,0.00011658307630568743,0.0013165419222787023,strong_3x3_strong_250,strong_null,True,430,292201944,0.0,1,2
250,250,0.1475027457274556,0.08225252887833512,0.13586759128490655,0.06767179877226681,0.06525021684912047,0.06819579251263974,0.0481875813104025,1.354087818369804,1.4152150960504415,0.17570836210517637,0.15700543969250821,0.194,0.192,0.17,True,999,0.00011183402966707945,0.0014071250334382057,strong_3x3_strong_250,strong_null,True,431,292201944,0.0,0,0
250,250,0.0807097762497826,0.19377705739557427,0.07134652274794462,0.18304261394030164,-0.11306728114579168,-0.11169609119235702,0.049622499259777325,-2.2785486993284314,-2.250916275047333,0.022693906452157544,0.024390840731575218,0.032,0.033,0.038,True,999,0.00010883400682359934,0.0013977499911561608,strong_3x3_strong_250,strong_null,True,432,292201944,0.0,1,1
250,250,0.07824949086759458,0.11131778014649779,0.06907754678894662,0.10485258443578971,-0.03306828927890321,-0.03577503764684309,0.04347365615823466,-0.7606512127377053,-0.8229130192461781,0.44686542217799996,0.4105574584981573,0.467,0.457,0.438,True,999,0.00011429097503423691,0.0013587919529527426,strong_3x3_strong_250,strong_null,True,433,292201944,0.0,1,2
250,250,0.12335902265591703,0.11907806432399143,0.10721111032674457,0.11172042941841198,0.0042809583319255995,-0.0045093190916674075,0.04924229738227,0.08693660855610254,-0.09157410054736838,0.9307219002471765,0.927036429736317,0.924,0.925,0.924,True,999,0.00011512497439980507,0.0013871670234948397,strong_3x3_strong_250,strong_null,True,434,292201944,0.0,0,1
250,250,0.13641357531272197,0.07346518373147126,0.12662413134805206,0.06287675980487961,0.0629483915812507,0.06374737154317245,0.047360175144254425,1.3291418663363492,1.3460121578732391,0.18380117006483965,0.17829859568917372,0.187,0.184,0.179,True,999,0.00011570798233151436,0.001449582981877029,strong_3x3_strong_250,strong_null,True,435,292201944,0.0,0,1
250,250,0.10203933383660835,0.13863197253374304,0.09322097748965064,0.12753719896893756,-0.036592638697134694,-0.034316221479286924,0.04800851808152713,-0.762211377468344,-0.7147944333755893,0.44593385669372165,0.4747360753807902,0.483,0.481,0.504,True,999,0.0001277499832212925,0.0014039170928299427,strong_3x3_strong_250,strong_null,True,436,292201944,0.0,1,0
250,250,0.11874278822273454,0.11120156503076783,0.10433104130922288,0.09980767329621187,0.007541223191966706,0.004523368013011009,0.04894770326657253,0.1540669467348997,0.0924122627036541,0.8775569497545521,0.9263704968918769,0.888,0.888,0.937,True,999,0.00011491694021970034,0.0013611660106107593,strong_3x3_strong_250,strong_null,True,437,292201944,0.0,0,0
250,250,0.09471338346368868,0.15862466983158546,0.08329624982107475,0.1455999907407346,-0.06391128636789678,-0.062303740919659845,0.0500010556694061,-1.2781987402518356,-1.2460485100873846,0.201179360218936,0.21274658639271216,0.214,0.216,0.226,True,999,0.00011016707867383957,0.0013681669952347875,strong_3x3_strong_250,strong_null,True,438,292201944,0.0,0,0
250,250,0.09813431335638723,0.1091823543987458,0.08507397672018158,0.09795145052342491,-0.01104804104235857,-0.012877473803243333,0.04710438017253703,-0.2345438152862022,-0.2733816633628311,0.8145628219454301,0.7845598466340361,0.82,0.818,0.784,True,999,0.00010920804925262928,0.001359167043119669,strong_3x3_strong_250,strong_null,True,439,292201944,0.0,0,0
250,250,0.12684247428190848,0.09167770924908347,0.11390599399078383,0.0812978926913388,0.03516476503282501,0.032608101299445025,0.04785458339614359,0.7348254344151034,0.6813997528619752,0.46244581490779435,0.49561857921132924,0.47,0.469,0.496,True,999,0.00011187500786036253,0.0013959580101072788,strong_3x3_strong_250,strong_null,True,440,292201944,0.0,0,1
250,250,0.14007501766857394,0.10912437207399789,0.13094250659331408,0.09613398669088724,0.030950645594576054,0.03480851990242684,0.05080893798395102,0.6091574991067991,0.6850865474382042,0.5424200482625741,0.4932893086697454,0.525,0.526,0.482,True,999,0.00012495799455791712,0.0014179169666022062,strong_3x3_strong_250,strong_null,True,441,292201944,0.0,1,0
250,250,0.1167526786017688,0.16930034499099567,0.10660525716396307,0.1563216980403297,-0.052547666389226866,-0.04971644087636662,0.05114811439458016,-1.027362729031415,-0.9720092610419818,0.30424969470826113,0.331045941320256,0.335,0.331,0.355,True,999,0.00012900005094707012,0.0013801249442622066,strong_3x3_strong_250,strong_null,True,442,292201944,0.0,0,0
250,250,0.12550268997947484,0.1405673196963083,0.11732689000982077,0.12985331842860148,-0.015064629716833478,-0.01252642841878071,0.05240304930478155,-0.2874762044707749,-0.2390400670374296,0.7737477194190115,0.8110745141507001,0.771,0.77,0.813,True,999,0.00011304102372378111,0.001352708088234067,strong_3x3_strong_250,strong_null,True,443,292201944,0.0,2,1
250,250,0.11119914086112925,0.0697893826780725,0.10403382820909712,0.06242056817822572,0.041409758183056755,0.0416132600308714,0.04286008586096972,0.9661613445521887,0.9709093949521522,0.333963452277243,0.3315933993202458,0.324,0.316,0.307,True,999,0.00011583301238715649,0.0013324579922482371,strong_3x3_strong_250,strong_null,True,444,292201944,0.0,1,1
250,250,0.1291102294564292,0.17876007276648198,0.11839680035801337,0.16710938006248455,-0.04964984331005279,-0.04871257970447118,0.05305108330719927,-0.9358874544097213,-0.9182202637106313,0.34933113719936326,0.3585035619824918,0.359,0.351,0.364,True,999,0.0001163750421255827,0.0013921249192208052,strong_3x3_strong_250,strong_null,True,445,292201944,0.0,1,0
250,250,0.1257235060986877,0.13343572037051166,0.11527497253949548,0.1228994743509162,-0.007712214271823947,-0.007624501811420714,0.05274358239732968,-0.14622090349734007,-0.14455790571796143,0.8837470043066031,0.8850599344104517,0.885,0.882,0.88,True,999,0.00011349993292242289,0.0014361250214278698,strong_3x3_strong_250,strong_null,True,446,292201944,0.0,1,1
250,250,0.07458129230684102,0.06659796635759707,0.06326438000415635,0.05386536270255249,0.007983325949243947,0.009399017301603863,0.03923897824606512,0.2034539711809268,0.23953267189230124,0.8387802189056095,0.8106925651873972,0.831,0.826,0.795,True,999,0.00011387490667402744,0.0013977920170873404,strong_3x3_strong_250,strong_null,True,447,292201944,0.0,0,0
250,250,0.061223383189965064,0.10835870312917528,0.054084189691096185,0.0994383498472331,-0.04713531993921022,-0.04535416015613691,0.042676876980349325,-1.1044697567939143,-1.0627338119661462,0.26938941566980046,0.28790268277683817,0.249,0.246,0.27,True,999,0.00011541694402694702,0.0013338749995455146,strong_3x3_strong_250,strong_null,True,448,292201944,0.0,1,1
250,250,0.049289336771184356,0.16108375596723545,0.04046415757329669,0.1506617612842689,-0.1117944191960511,-0.1101976037109722,0.045409002007174556,-2.4619439814684263,-2.4267788068445357,0.013818624797022687,0.01523354037828451,0.008,0.012,0.015,True,999,0.00011212495155632496,0.0013561659725382924,strong_3x3_strong_250,strong_null,True,449,292201944,0.0,1,1
250,250,0.11082290451102111,0.06064036983526244,0.10180054076107581,0.05426558773935142,0.05018253467575867,0.04753495302172439,0.0440755693880196,1.1385566964314484,1.0784875540290833,0.2548880986230342,0.28081623305800874,0.262,0.268,0.294,True,999,0.00011199992150068283,0.0013197080697864294,strong_3x3_strong_250,strong_null,True,450,292201944,0.0,1,2
250,250,0.16611798475952072,0.1074536080650002,0.16187049799700048,0.09452050702948611,0.058664376694520515,0.06734999096751437,0.05017650017911616,1.169160393512999,1.3422616309844972,0.24233901520481327,0.17951117949355977,0.264,0.267,0.206,True,999,0.00011175009422004223,0.0014255410060286522,strong_3x3_strong_250,strong_null,True,451,292201944,0.0,3,0
250,250,0.11516660662024908,0.1590382243931468,0.1081126252162079,0.14612532017815738,-0.04387161777289772,-0.03801269496194948,0.050210889962125374,-0.8737470657459082,-0.7570607689013852,0.3822560134145142,0.4490134562490573,0.364,0.37,0.444,True,999,0.00011166709009557962,0.0013721249997615814,strong_3x3_strong_250,strong_null,True,452,292201944,0.0,1,0
250,250,0.14007576300419544,0.10904118036051158,0.13129200759550486,0.0998784737456333,0.03103458264368386,0.031413533849871556,0.05063700738182679,0.6128834275230475,0.620367108446966,0.539953421974725,0.5350161220215705,0.545,0.549,0.542,True,999,0.00011399993672966957,0.0014079170068725944,strong_3x3_strong_250,strong_null,True,453,292201944,0.0,1,1
250,250,0.15758020504652875,0.1269265791001798,0.1468920437215928,0.11994557135216155,0.03065362594634896,0.026946472369431262,0.0499272478553354,0.6139658655964392,0.539714755508032,0.5392378837870289,0.5893937624509851,0.552,0.538,0.594,True,999,0.00011137500405311584,0.0013951249420642853,strong_3x3_strong_250,strong_null,True,454,292201944,0.0,1,1
250,250,0.08217364247795605,0.17083927823269635,0.07095871531861064,0.15468134127283406,-0.08866563575474029,-0.08372262595422342,0.04857340438276287,-1.8253947171593528,-1.7236310079170376,0.06794148594194778,0.08477447709246524,0.056,0.058,0.074,True,999,0.00011166592594236135,0.0014109170297160745,strong_3x3_strong_250,strong_null,True,455,292201944,0.0,0,0
250,250,0.1022553715983946,0.1424864411722357,0.09480973027261541,0.13525494546075834,-0.040231069573841094,-0.040445215188142924,0.0507866351915636,-0.7921585949156179,-0.7963751690890021,0.42826820782137787,0.4258140063917877,0.434,0.443,0.435,True,999,0.00011012505274266005,0.001385207986459136,strong_3x3_strong_250,strong_null,True,456,292201944,0.0,1,1
250,250,0.037916669586411544,0.10909065573675125,0.025059923761489244,0.09644744542164574,-0.07117398615033971,-0.0713875216601565,0.04117987600192654,-1.7283681511573745,-1.7335535846882282,0.08392224170534568,0.0829973220724474,0.071,0.07,0.067,True,999,0.00011100003030151129,0.0013818750157952309,strong_3x3_strong_250,strong_null,True,457,292201944,0.0,0,0
250,250,0.1493507885408339,0.10373417002377827,0.13479480218140338,0.08881973701163304,0.04561661851705562,0.045975065169770346,0.04953478660823795,0.920900676888538,0.9281369380548498,0.3571022851763802,0.3533365410786441,0.374,0.367,0.371,True,999,0.00010950001887977123,0.0014755410375073552,strong_3x3_strong_250,strong_null,True,458,292201944,0.0,0,0
250,250,0.01834394129055572,0.09452885986014087,0.01191080173634873,0.08187385737159047,-0.07618491856958515,-0.06996305563524174,0.0343363733708631,-2.218781749217393,-2.0375784850537086,0.0265015762448505,0.04159210550081816,0.03,0.03,0.046,True,999,0.00011179200373589993,0.0013578749494627118,strong_3x3_strong_250,strong_null,True,459,292201944,0.0,2,0
250,250,0.10432856234131627,0.12959927488403322,0.09152453459570609,0.11871080157537506,-0.025270712542716955,-0.02718626697966897,0.04796791954531567,-0.5268252778577047,-0.5667593516117765,0.5983149273368376,0.5708776908160444,0.583,0.579,0.559,True,999,0.00011370808351784945,0.0013474160805344582,strong_3x3_strong_250,strong_null,True,460,292201944,0.0,0,0
250,250,0.06772403063381333,0.05092199672292819,0.05450964018523052,0.042773893792542594,0.01680203391088514,0.011735746392687929,0.03827183743849678,0.43901821902034815,0.30664183321606625,0.6606483350945027,0.7591160082989589,0.662,0.658,0.752,True,999,0.00011041690595448017,0.0012948750518262386,strong_3x3_strong_250,strong_null,True,461,292201944,0.0,0,2
250,250,0.11255199767972379,0.09656270705725978,0.10284204851130596,0.08215845840813074,0.015989290622464014,0.02068359010317522,0.04704082292376216,0.3399024427862889,0.43969447848938736,0.733929996979019,0.6601584021843272,0.726,0.731,0.651,True,999,0.00012325006537139416,0.0013646249426528811,strong_3x3_strong_250,strong_null,True,462,292201944,0.0,0,0
250,250,0.09254826718357201,0.11774811230954352,0.08347979130032002,0.1049000563447322,-0.02519984512597151,-0.02142026504441219,0.047317036991652114,-0.5325744536881585,-0.4526966692396916,0.5943281899719353,0.6507671783062725,0.608,0.605,0.662,True,999,0.00011025008279830217,0.001371833961457014,strong_3x3_strong_250,strong_null,True,463,292201944,0.0,1,0
250,250,0.09487036782233033,0.13040970212776265,0.0842264100905794,0.12104385479696589,-0.035539334305432324,-0.03681744470638648,0.05032015154593221,-0.7062644529794796,-0.7316640267424381,0.48002369498702424,0.46437365823641064,0.503,0.502,0.482,True,999,0.00011016707867383957,0.0014332500286400318,strong_3x3_strong_250,strong_null,True,464,292201944,0.0,1,1
250,250,0.12163825543706785,0.09010607026739947,0.11028102412880969,0.0856853942351421,0.03153218516966838,0.024595629893667592,0.04589608313418753,0.6870343396728853,0.5358982338810205,0.4920610890693763,0.5920288851396469,0.514,0.517,0.601,True,999,0.00010933401063084602,0.0013819169253110886,strong_3x3_strong_250,strong_null,True,465,292201944,0.0,0,2
250,250,0.1772408925019111,0.09830560750450856,0.16542577972639094,0.09184741131329588,0.07893528499740254,0.07357836841309506,0.05293183310892936,1.4912630143558454,1.3900589511358283,0.1358924552786599,0.1645109768924805,0.129,0.134,0.149,True,999,0.00011091702617704868,0.001422083005309105,strong_3x3_strong_250,strong_null,True,466,292201944,0.0,0,2
250,250,0.09557964589268936,0.13062755562615913,0.0824619890494489,0.12091493266260045,-0.03504790973346977,-0.03845294361315155,0.04826439959030936,-0.7261648343493902,-0.7967144300883879,0.46773772698038973,0.42561690139653785,0.483,0.484,0.439,True,999,0.00011754094157367945,0.001363125047646463,strong_3x3_strong_250,strong_null,True,467,292201944,0.0,0,0
250,250,0.10093601066572466,0.07641565345494405,0.09041153007467528,0.06498270078795088,0.024520357210780608,0.025428829286724408,0.0443168549684015,0.5532964202505783,0.5737958910860326,0.5800604518990468,0.5661059295738576,0.583,0.584,0.579,True,999,0.00011608295608311892,0.0013633749913424253,strong_3x3_strong_250,strong_null,True,468,292201944,0.0,1,0
250,250,0.10963069444145879,0.07267202142056267,0.0988784844746533,0.059833220975335166,0.036958673020896116,0.03904526349931814,0.0439646348203572,0.8406455136477768,0.8881061712182989,0.40054655314168475,0.3744836434056591,0.418,0.411,0.377,True,999,0.00010999990627169609,0.001391042023897171,strong_3x3_strong_250,strong_null,True,469,292201944,0.0,1,0
250,250,0.10991843541144009,0.09378290097917807,0.1034681030011626,0.08077306112120652,0.01613553443226201,0.02269504187995608,0.04521524417635938,0.35686049530831493,0.5019334141254532,0.7211962451641649,0.6157143599618018,0.742,0.737,0.634,True,999,0.00011091702617704868,0.0013248330214992166,strong_3x3_strong_250,strong_null,True,470,292201944,0.0,2,0
250,250,0.10770678648734167,0.115260510408986,0.09663087281391824,0.10300116417175786,-0.007553723921644329,-0.006370291357839619,0.04885213772458524,-0.15462422472134427,-0.13039943909422244,0.8771175711140216,0.8962504103398818,0.872,0.875,0.89,True,999,0.00011566700413823128,0.0013645419385284185,strong_3x3_strong_250,strong_null,True,471,292201944,0.0,0,1
250,250,0.08726753643979529,0.13414053460218467,0.07652045847024169,0.12510381231795975,-0.04687299816238938,-0.04858335384771806,0.050305356994779435,-0.9317695164603194,-0.9657689906218123,0.3514556516388224,0.33415978849973993,0.372,0.37,0.351,True,999,0.00011033308692276478,0.001351583981886506,strong_3x3_strong_250,strong_null,True,472,292201944,0.0,1,1
250,250,0.15102113008514007,0.13291547139714288,0.14100394697136664,0.1237240353761706,0.018105658687997184,0.01727991159519604,0.05127558427912791,0.35310487325577333,0.33700077411365453,0.7240098195879908,0.7361163165457419,0.716,0.714,0.733,True,999,0.00011295906733721495,0.0014369169948622584,strong_3x3_strong_250,strong_null,True,473,292201944,0.0,0,1
250,250,0.08527671439975759,0.15412478777817884,0.07603255377777884,0.14663704159586644,-0.06884807337842125,-0.07060448781808759,0.050769786883744415,-1.3560835608011028,-1.3906792238415697,0.17507258274881465,0.16432272050595031,0.164,0.165,0.17,True,999,0.0001105419360101223,0.0014255000278353691,strong_3x3_strong_250,strong_null,True,474,292201944,0.0,1,1
250,250,0.06608062966374101,0.17234673960099656,0.05962951724093557,0.16329294367659486,-0.10626610993725555,-0.10366342643565929,0.04841715767934297,-2.1948027317306495,-2.1410473353723316,0.028177751457784856,0.032270221020192516,0.032,0.035,0.039,True,999,0.00010958290658891201,0.001401958055794239,strong_3x3_strong_250,strong_null,True,475,292201944,0.0,2,1
250,250,0.09467005405293899,0.11080433499037462,0.07971618684138093,0.10297938854886013,-0.01613428093743563,-0.023263201707479197,0.04858149936578997,-0.33210751310810793,-0.4788489859549423,0.7398080771669402,0.6320460648511119,0.762,0.759,0.669,True,999,0.00011270795948803425,0.0013672499917447567,strong_3x3_strong_250,strong_null,True,476,292201944,0.0,0,1
250,250,0.11175654913202765,0.09225987522923706,0.10112747712838654,0.08001104779410184,0.019496673902790584,0.021116429334284703,0.04711442623011754,0.41381537382126676,0.4481945557640302,0.6790093239804198,0.6540127914968341,0.669,0.666,0.649,True,999,0.0001117499778047204,0.0013507920084521174,strong_3x3_strong_250,strong_null,True,477,292201944,0.0,1,1
250,250,0.10220703178708435,0.12275465243987377,0.09330509239991613,0.11202065646543247,-0.020547620652789422,-0.018715564065516332,0.047847134725046835,-0.4294430747183955,-0.39115328792549786,0.6676008122814133,0.6956839339289347,0.703,0.699,0.742,True,999,0.00010970793664455414,0.0013530419673770666,strong_3x3_strong_250,strong_null,True,478,292201944,0.0,1,1
250,250,0.16985594537257942,0.041288150209481345,0.16257524508328913,0.035004453428001625,0.12856779516309808,0.1275707916552875,0.04252887335069281,3.023070799523159,2.99962781998337,0.002502236945622186,0.0027030967963727693,0.001,0.001,0.003,True,999,0.00010983308311551809,0.0014084579888731241,strong_3x3_strong_250,strong_null,True,479,292201944,0.0,1,2
250,250,0.13664672090305047,0.10159223768871006,0.1261166732874699,0.09070169451581478,0.035054483214340404,0.035414978771655115,0.05060070192715271,0.692766737995188,0.6998910572948234,0.4884559492614986,0.4839953426166763,0.479,0.496,0.493,True,999,0.00010979198850691319,0.0014877079520374537,strong_3x3_strong_250,strong_null,True,480,292201944,0.0,1,1
250,250,0.18003401419122472,0.16653292118433238,0.17407164985301904,0.15718088033496258,0.01350109300689234,0.01689076951805646,0.05514717367725877,0.24481930997779913,0.30628531603282805,0.8065963416242724,0.759387418442015,0.787,0.785,0.781,True,999,0.00011283298954367638,0.0013832920230925083,strong_3x3_strong_250,strong_null,True,481,292201944,0.0,3,1
250,250,0.02835198252911697,0.0675084087294538,0.018990875509402372,0.06264413881569908,-0.039156426200336825,-0.04365326330629671,0.03405804654860315,-1.149696772668918,-1.2817312714632805,0.2502687840606529,0.19993693108514599,0.265,0.24,0.184,True,999,0.00011195801198482513,0.0012625000672414899,strong_3x3_strong_250,strong_null,True,482,292201944,0.0,1,2
250,250,0.09667038233981928,0.0978417755034382,0.08802633392248538,0.0905508164530886,-0.0011713931636189168,-0.0025244825306032226,0.044201482992070655,-0.026501218609091784,-0.0571130731305122,0.978857561632121,0.9544551225704313,0.982,0.982,0.958,True,999,0.00010933296289294958,0.0013247079914435744,strong_3x3_strong_250,strong_null,True,483,292201944,0.0,1,1
250,250,0.15739407856377574,0.10047955764822075,0.1489682927364555,0.0897394784637271,0.05691452091555499,0.059228814272728414,0.04887896059788269,1.1643971193205034,1.211744553244327,0.24426311446821325,0.22561017876239742,0.241,0.247,0.237,True,999,0.00011316698510199785,0.0013592909090220928,strong_3x3_strong_250,strong_null,True,484,292201944,0.0,2,1
250,250,0.09430366032022752,0.1166821740402611,0.08162015260720068,0.10195838058400852,-0.022378513720033577,-0.020338227976807843,0.04756834163000366,-0.4704497351221167,-0.42755806235589966,0.6380337379819291,0.6689729042191902,0.609,0.617,0.652,True,999,0.00012833299115300179,0.0014250000240281224,strong_3x3_strong_250,strong_null,True,485,292201944,0.0,0,0
250,250,0.12829186581976526,0.047674159828661855,0.1189357804665292,0.03584937384991349,0.0806177059911034,0.0830864066166157,0.04110304220021582,1.9613561837688038,2.021417446715889,0.049837487511844275,0.04323657015877412,0.066,0.061,0.06,True,999,0.00010979198850691319,0.0013862079940736294,strong_3x3_strong_250,strong_null,True,486,292201944,0.0,1,0
250,250,0.06482059473278817,0.10334250281588803,0.05021000776537221,0.09264342961492389,-0.038521908083099854,-0.04243342184955168,0.044982815264318736,-0.8563694347884935,-0.9433251698501564,0.3917934657061751,0.34551460540234025,0.386,0.392,0.354,True,999,0.00011424999684095383,0.001337749999947846,strong_3x3_strong_250,strong_null,True,487,292201944,0.0,0,1
250,250,0.15418837382572237,0.08565706819444119,0.14142008846467036,0.07263607222124335,0.06853130563128118,0.068784016243427,0.050629089921898573,1.3535954475381429,1.3585868588500125,0.17586548012281789,0.1742775416639477,0.184,0.174,0.173,True,999,0.00011191598605364561,0.0013611250324174762,strong_3x3_strong_250,strong_null,True,488,292201944,0.0,0,0
250,250,0.13274118157486708,0.09081562405226173,0.12314671811131461,0.0804326207192787,0.04192555752260535,0.04271409739203591,0.046696641280914955,0.897828117238497,0.914714553774412,0.36927719208419607,0.3603415019458258,0.386,0.384,0.358,True,999,0.00010883400682359934,0.0013554999604821205,strong_3x3_strong_250,strong_null,True,489,292201944,0.0,0,1
250,250,0.12656760607774364,0.18669156943740023,0.11997808406933075,0.18016193118401702,-0.060123963359656585,-0.06018384711468627,0.05036669928667418,-1.1937245086767865,-1.194913463996031,0.23258575011493787,0.23212084186718307,0.251,0.241,0.241,True,999,0.00011633301619440317,0.001382041024044156,strong_3x3_strong_250,strong_null,True,490,292201944,0.0,2,2
250,250,0.1237022970976191,0.058646303519994225,0.11249267007544006,0.04711552647319195,0.06505599357762487,0.06537714360224811,0.04324174349495301,1.5044720290988713,1.5118988809939786,0.13245987013531585,0.13055958877341783,0.156,0.147,0.148,True,999,0.00012016610708087683,0.0014677500585094094,strong_3x3_strong_250,strong_null,True,491,292201944,0.0,0,0
250,250,0.10401750387964848,0.14434255707938226,0.09262967099519415,0.13315813906523033,-0.040325053199733785,-0.04052846807003618,0.049464526465458264,-0.8152317646848051,-0.819344103058133,0.4149396587320613,0.4125901166652953,0.441,0.442,0.432,True,999,0.00011637492571026087,0.001334583037532866,strong_3x3_strong_250,strong_null,True,492,292201944,0.0,0,0
250,250,0.1564690813304226,0.10772414819474962,0.1483630382968073,0.09432302785485547,0.04874493313567296,0.054040010441951836,0.049992063721762195,0.9750534286195843,1.0809717866963655,0.32953375805474594,0.2797096638387182,0.364,0.357,0.322,True,999,0.00011125009041279554,0.0013683330034837127,strong_3x3_strong_250,strong_null,True,493,292201944,0.0,2,0
250,250,0.06412435644679337,0.1303702666152347,0.0573563026767232,0.11990705978976735,-0.06624591016844134,-0.06255075711304414,0.04444577551696855,-1.4904883399582016,-1.4073498861362752,0.13609588006668674,0.159323663505334,0.156,0.148,0.175,True,999,0.00011074997019022703,0.0012772500049322844,strong_3x3_strong_250,strong_null,True,494,292201944,0.0,2,1
250,250,0.07077200519646998,0.07955583235302238,0.059595849835005765,0.06800315621885034,-0.008783827156552404,-0.00840730638384457,0.04112565903356576,-0.2135850795578317,-0.2044297059648997,0.830870635702355,0.8380177183140257,0.835,0.834,0.83,True,999,0.00011062505654990673,0.0013156670611351728,strong_3x3_strong_250,strong_null,True,495,292201944,0.0,0,0
250,250,0.07695903962689865,0.09822221713926899,0.06812370270112922,0.08937767846030908,-0.021263177512370335,-0.021253975759179866,0.04324427360487333,-0.49169926419978344,-0.4914864787273173,0.6229319584850019,0.6230824130819006,0.622,0.62,0.613,True,999,0.000110417022369802,0.0013887500390410423,strong_3x3_strong_250,strong_null,True,496,292201944,0.0,1,1
250,250,0.11649147020155154,0.07282019806683543,0.1090335500718993,0.061838442214835254,0.04367127213471611,0.047195107857064045,0.042870375828811876,1.0186818121003263,1.1008792655684079,0.3083540499781878,0.2709492073114155,0.285,0.277,0.255,True,999,0.00012579106260091066,0.001388958073221147,strong_3x3_strong_250,strong_null,True,497,292201944,0.0,1,0
250,250,0.10204214260734068,0.15509659041838075,0.09337394195631532,0.14629003766961546,-0.05305444781104007,-0.05291609571330014,0.047749990500947324,-1.111088133305231,-1.1081907065981578,0.26653041523244403,0.2677794635405095,0.259,0.272,0.289,True,999,0.00011445803102105856,0.0013237500097602606,strong_3x3_strong_250,strong_null,True,498,292201944,0.0,1,1
250,250,0.0882690378202926,0.13284495034073673,0.08063930193698354,0.12561102508394129,-0.04457591252044413,-0.04497172314695774,0.04891128685302522,-0.9113624970529078,-0.9194549160420667,0.36210440691523793,0.3578576765909295,0.377,0.384,0.375,True,999,0.00011091597843915224,0.0013622080441564322,strong_3x3_strong_250,strong_null,True,499,292201944,0.0,1,1
250,250,0.128100382156225,0.12151410491155523,0.11518885355123132,0.11031805853249921,0.006586277244669758,0.00487079501873211,0.049733247844163934,0.13243207572743795,0.09793840599339995,0.8946425453400166,0.9219812029951167,0.898,0.898,0.928,True,999,0.00010962504893541336,0.0013487919932231307,strong_3x3_strong_250,strong_null,True,500,292201944,0.0,0,0
250,250,0.102791198042958,0.11654910972673516,0.09591648147667797,0.10523741144135101,-0.013757911683777158,-0.009320929964673041,0.04823012246168087,-0.2852555826435627,-0.19325951270554162,0.7754483396142398,0.8467557327208644,0.792,0.794,0.862,True,999,0.00011300004553049803,0.0014285409124568105,strong_3x3_strong_250,strong_null,True,501,292201944,0.0,2,0
250,250,0.12165219521572046,0.10540443710847813,0.1104007632585251,0.09427483081799437,0.016247758107242327,0.016125932440530732,0.04743821471534562,0.34250357448604396,0.33993548318154165,0.7319719544369621,0.7339051144202237,0.724,0.723,0.727,True,999,0.00010866695083677769,0.0013911669375374913,strong_3x3_strong_250,strong_null,True,502,292201944,0.0,0,0
250,250,0.08406110370678455,0.11265368677819276,0.07930799448163839,0.10521344955698453,-0.028592583071408217,-0.02590545507534614,0.04625860489414589,-0.6181030131980193,-0.5600137560271413,0.5365074361787732,0.5754700548639444,0.558,0.559,0.589,True,999,0.00013508403208106756,0.0014171249931678176,strong_3x3_strong_250,strong_null,True,503,292201944,0.0,2,1
250,250,0.0679861831242432,0.12626101659188865,0.06132246457315205,0.11305004266974095,-0.05827483346764545,-0.0517275780965889,0.0455971955623918,-1.2780354745262024,-1.1344464820387636,0.20123691838786584,0.2566073107364659,0.231,0.231,0.281,True,999,0.00011662498582154512,0.0014165000757202506,strong_3x3_strong_250,strong_null,True,504,292201944,0.0,2,0
250,250,0.0650037148853948,0.18197501689851903,0.05347851876126697,0.1775499977866133,-0.11697130201312422,-0.12407147902534632,0.04820707950286633,-2.4264341092508883,-2.5737190534010503,0.015248018906119433,0.010061193466650761,0.021,0.023,0.02,True,999,0.00011345802340656519,0.001360708032734692,strong_3x3_strong_250,strong_null,True,505,292201944,0.0,0,3
250,250,0.17868658576858248,0.18033049779626742,0.16958808543118664,0.16889886705686763,-0.001643912027684935,0.0006892183743190117,0.055483811399299456,-0.029628678820462058,0.012421972408472894,0.9763631929585102,0.9900889548891767,0.972,0.974,0.988,True,999,0.00011162494774907827,0.0013612090842798352,strong_3x3_strong_250,strong_null,True,506,292201944,0.0,1,0
250,250,0.0896348230628809,0.09519579920868071,0.07966794676880795,0.08832418725687319,-0.005560976145799812,-0.008656240488065237,0.043719930757116936,-0.12719544723648882,-0.19799300543622506,0.8987857086937652,0.8430505362580176,0.886,0.884,0.838,True,999,0.00011062505654990673,0.0013621250400319695,strong_3x3_strong_250,strong_null,True,507,292201944,0.0,0,1
250,250,0.11358531959980162,0.17322160603205483,0.10458236162901358,0.16273398603641454,-0.059636286432253216,-0.05815162440740096,0.051520037677018946,-1.1575357690170054,-1.1287185924039047,0.2470535342586747,0.2590165635735301,0.255,0.258,0.272,True,999,0.00011049991007894278,0.0014045829884707928,strong_3x3_strong_250,strong_null,True,508,292201944,0.0,1,1
250,250,0.08651893359419105,0.05336745856165381,0.07763535285577916,0.04677215114162436,0.033151475032537236,0.030863201714154798,0.040843170305162074,0.8116773204637178,0.7556514708226278,0.41697681130784503,0.4498581873600316,0.402,0.401,0.426,True,999,0.00011383404489606619,0.0013230419717729092,strong_3x3_strong_250,strong_null,True,509,292201944,0.0,1,2
250,250,0.1583677852407126,0.06702775023383517,0.14374451366488472,0.05244134077588569,0.09134003500687743,0.09130317288899903,0.04777492314325153,1.9118824060270563,1.9111108272268587,0.0558912788415582,0.05599034004354675,0.055,0.06,0.063,True,999,0.00011062505654990673,0.0013707500183954835,strong_3x3_strong_250,strong_null,True,510,292201944,0.0,0,0
250,250,0.11682283433813123,0.12706950875708062,0.10636745212705989,0.11821032066620774,-0.010246674418949386,-0.011842868539147844,0.050758690031022104,-0.2018703479677459,-0.23331706416989598,0.8400180837135603,0.8155152089291572,0.848,0.85,0.831,True,999,0.00011029199231415987,0.0013734160456806421,strong_3x3_strong_250,strong_null,True,511,292201944,0.0,1,1
250,250,0.0993339543894432,0.08703301830480525,0.09053990900945053,0.07409451636334552,0.012300936084637948,0.016445392646105006,0.043912661120523555,0.2801227657526051,0.37450230130596407,0.7793833190771218,0.7080306447718439,0.784,0.778,0.701,True,999,0.00010995904449373484,0.001397083979099989,strong_3x3_strong_250,strong_null,True,512,292201944,0.0,1,0
250,250,0.07047194316428312,0.09361572767666182,0.05983272378037441,0.08291374334280022,-0.023143784512378696,-0.02308101956242581,0.043539785529035015,-0.5315548579573272,-0.5301133040040806,0.595034337163717,0.5960333754667865,0.609,0.606,0.611,True,999,0.00011316698510199785,0.0013904169900342822,strong_3x3_strong_250,strong_null,True,513,292201944,0.0,1,1
250,250,0.13860950916860215,0.1676529632715038,0.1263256133600663,0.16070281054139457,-0.029043454102901656,-0.034377197181328256,0.054219308589107076,-0.5356662572553835,-0.6340397558709334,0.5921892279284384,0.5260548771998179,0.611,0.61,0.547,True,999,0.00011000002268701792,0.0014186660991981626,strong_3x3_strong_250,strong_null,True,514,292201944,0.0,1,2
250,250,0.14992570591836063,0.16476464328274976,0.1410031704782142,0.15159219802991686,-0.014838937364389126,-0.010589027551702657,0.05303539031774141,-0.2797931206970905,-0.19965965156968804,0.7796362298890223,0.8417467717104661,0.8,0.802,0.852,True,999,0.0001099579967558384,0.0013668329920619726,strong_3x3_strong_250,strong_null,True,515,292201944,0.0,1,0
250,250,0.1210824337764097,0.09843942333096167,0.1107050994867933,0.08725613828458734,0.02264301044544803,0.023448961202205965,0.04702607325094429,0.4814990680726964,0.49863744899719237,0.6301618419130792,0.6180348179698607,0.666,0.664,0.649,True,999,0.00010854098945856094,0.0013519999338313937,strong_3x3_strong_250,strong_null,True,516,292201944,0.0,1,0
250,250,0.12688714377060728,0.1818779751394406,0.11196637469184623,0.16969917294112236,-0.054990831368833315,-0.05773279824927613,0.05298895982183428,-1.0377790308345354,-1.0895250339578686,0.2993729413862408,0.2759224214942064,0.314,0.321,0.302,True,999,0.00011337490286678076,0.0014437088975682855,strong_3x3_strong_250,strong_null,True,517,292201944,0.0,0,1
250,250,0.188265323769582,0.11257556736786423,0.1806060047881033,0.10002089694981464,0.07568975640171777,0.08058510783828865,0.05323814523988302,1.4217203860253056,1.5136723391692999,0.15510743959056827,0.13010896384193715,0.163,0.179,0.151,True,999,0.0001105000264942646,0.001405542017892003,strong_3x3_strong_250,strong_null,True,518,292201944,0.0,1,0
250,250,0.08973081589298026,0.193691805666111,0.0767851274466409,0.18941305909883965,-0.10396098977313073,-0.11262793165219875,0.04982730379919445,-2.0864261528598194,-2.260365764643673,0.03694003803568427,0.02379855945030299,0.047,0.043,0.033,True,999,0.00011641602031886578,0.0014429169241338968,strong_3x3_strong_250,strong_null,True,519,292201944,0.0,0,3
250,250,0.12099194793576384,0.148974060530581,0.11182099239960053,0.14008198574710207,-0.027982112594817143,-0.02826099334750154,0.04796740399188791,-0.5833568270559187,-0.5891707909037759,0.5596531147721331,0.5557467091219602,0.588,0.58,0.606,True,999,0.0001152080949395895,0.0013650830369442701,strong_3x3_strong_250,strong_null,True,520,292201944,0.0,1,1
250,250,0.060847534326943065,0.06307660240622714,0.047756160476410514,0.05173430194773232,-0.00222906807928408,-0.0039781414713218055,0.03772342789521959,-0.05908975413039156,-0.10545546079140719,0.9528806194026458,0.9160144100007098,0.954,0.954,0.923,True,999,0.00011479097884148359,0.001338207977823913,strong_3x3_strong_250,strong_null,True,521,292201944,0.0,0,0
250,250,0.08855964096085,0.06358017655022652,0.07706092775904949,0.048834487337614974,0.024979464410623486,0.028226440421434518,0.040989073239988294,0.609417643194087,0.68863329151578,0.5422476463188284,0.49105406528885276,0.582,0.577,0.513,True,999,0.0001116669736802578,0.001352042076177895,strong_3x3_strong_250,strong_null,True,522,292201944,0.0,0,0
250,250,0.12222444405189054,0.1052758781738341,0.113050749175585,0.09482972398264167,0.016948565878056432,0.01822102519294333,0.049974738862758675,0.33914266014677574,0.36460471045145754,0.7345022625887807,0.7154064981342312,0.739,0.743,0.706,True,999,0.00011104100849479437,0.0014114580117166042,strong_3x3_strong_250,strong_null,True,523,292201944,0.0,1,1
250,250,0.16280354706035194,0.07729185485557055,0.15164319226221323,0.06415222700219658,0.08551169220478139,0.08749096526001665,0.0481881601016295,1.7745373972452163,1.8156112430002929,0.07597430191171321,0.06943002773529877,0.084,0.081,0.077,True,999,0.0001105000264942646,0.0013950829161331058,strong_3x3_strong_250,strong_null,True,524,292201944,0.0,0,0
250,250,0.07109824848592361,0.13324065313963318,0.056593709583225404,0.12354263432497703,-0.06214240465370957,-0.06694892474175163,0.044619051429597205,-1.392732536050477,-1.5004560293575027,0.16370068593983356,0.13349631528298192,0.156,0.157,0.134,True,999,0.00012054108083248138,0.0014186250045895576,strong_3x3_strong_250,strong_null,True,525,292201944,0.0,0,0
250,250,0.13073518587398608,0.10192655937926842,0.11790118521523141,0.08902789252833543,0.02880862649471766,0.02887329268689598,0.04775915793603646,0.6032063323499312,0.6045603384709127,0.5463714356334127,0.5454711662516956,0.544,0.545,0.537,True,999,0.00011800008360296488,0.001402833964675665,strong_3x3_strong_250,strong_null,True,526,292201944,0.0,0,0
250,250,0.12151848571880874,0.13041246969182035,0.11655760320942932,0.11936612500043964,-0.00889398397301161,-0.002808521791010321,0.049658617106084754,-0.17910253026199988,-0.056556584832206054,0.8578571952710379,0.9548984194394331,0.85,0.852,0.956,True,999,0.00011454196646809578,0.0014461249811574817,strong_3x3_strong_250,strong_null,True,527,292201944,0.0,2,0
250,250,0.11213579953809277,0.09064495185546079,0.1046934263279411,0.08146875447386037,0.021490847682631986,0.023224671854080725,0.047818550004462876,0.4494249131482711,0.4856833143604978,0.653125162845076,0.6271917156712564,0.65,0.653,0.636,True,999,0.00011274998541921377,0.0014145419700071216,strong_3x3_strong_250,strong_null,True,528,292201944,0.0,1,1
250,250,0.10093406036683739,0.08032956545978587,0.08799214449597059,0.06748895433149471,0.020604494907051518,0.020503190164475882,0.04383827557029885,0.47001152848748,0.4677006542284507,0.6383467810520473,0.6399986731824585,0.651,0.644,0.647,True,999,0.00011045904830098152,0.0014549170155078173,strong_3x3_strong_250,strong_null,True,529,292201944,0.0,0,0
250,250,0.1385505127659712,0.16628500172442,0.1298476663767758,0.15773715705346092,-0.027734488958448822,-0.027889490676685114,0.05059732256669522,-0.5481414342011953,-0.5512048713629537,0.5835947920447622,0.581493241077248,0.576,0.575,0.568,True,999,0.00013333302922546864,0.0014302911004051566,strong_3x3_strong_250,strong_null,True,530,292201944,0.0,1,1
250,250,0.11278421891668805,0.06382830416250446,0.10360096401664975,0.058881178894750974,0.048955914754183594,0.04471978512189878,0.044405698276998626,1.102469202236189,1.0070731202770624,0.27025774055601914,0.3138996372467614,0.246,0.256,0.303,True,999,0.00011516700033098459,0.001293417066335678,strong_3x3_strong_250,strong_null,True,531,292201944,0.0,1,2
250,250,0.20398019506418036,0.06896928366396032,0.19507226465955796,0.06173895985240563,0.13501091140022004,0.13333330480715233,0.04932587777074214,2.737121314449316,2.7031106354936387,0.006197943211233563,0.006869387740470793,0.007,0.008,0.008,True,999,0.00011604104656726122,0.0013628749875351787,strong_3x3_strong_250,strong_null,True,532,292201944,0.0,1,1
250,250,0.19331394262699308,0.11970967745025546,0.18392894656498981,0.1089836755901814,0.07360426517673763,0.07494527097480841,0.0541452007237694,1.3593866897315945,1.3841535348101113,0.1740240866238012,0.16631144749493487,0.177,0.177,0.181,True,999,0.00011141691356897354,0.0014025409473106265,strong_3x3_strong_250,strong_null,True,533,292201944,0.0,1,1
250,250,0.15040420237457475,0.13443625744811516,0.14133981208028956,0.12369596880193967,0.015967944926459587,0.01764384327834989,0.0527108948205604,0.3029344309334535,0.33472858577744613,0.7619398313625502,0.7378298358131891,0.779,0.776,0.754,True,999,0.0001115420600399375,0.0014231669483706355,strong_3x3_strong_250,strong_null,True,534,292201944,0.0,1,1
250,250,0.0505103789932323,0.12685597329571924,0.04160119678684282,0.11791566696672362,-0.07634559430248694,-0.0763144701798808,0.04275638772061391,-1.7855950507642826,-1.7848671098818696,0.07416484884026464,0.07428287467394397,0.065,0.081,0.09,True,999,0.00011958298273384571,0.0014528329484164715,strong_3x3_strong_250,strong_null,True,535,292201944,0.0,1,1
250,250,0.11407078649890218,0.07957818443840481,0.10662844431281826,0.06868116828248105,0.03449260206049737,0.03794727603033721,0.04642846768607684,0.7429192428601548,0.8173277715498888,0.4575305747165562,0.4137411401273118,0.471,0.469,0.439,True,999,0.00012858305126428604,0.0013537498889490962,strong_3x3_strong_250,strong_null,True,536,292201944,0.0,1,1
250,250,0.06757818688653772,0.06801800430573135,0.05852230831902716,0.05735254355433028,-0.00043981741919363326,0.001169764764696879,0.04095537239967583,-0.010738943230732642,0.02856193696107468,0.9914317276863702,0.9772139695950083,0.995,0.995,0.97,True,999,0.00013129203580319881,0.0013490000274032354,strong_3x3_strong_250,strong_null,True,537,292201944,0.0,1,1
250,250,0.12563451265406655,0.08500518993979889,0.11430745962019273,0.07029991920494183,0.04062932271426767,0.0440075404152509,0.04718669483497981,0.8610334514073421,0.9326260414965072,0.3892196195541694,0.35101308287894484,0.393,0.384,0.357,True,999,0.00011249992530792952,0.0013650840846821666,strong_3x3_strong_250,strong_null,True,538,292201944,0.0,0,0
250,250,0.13931764331536445,0.12898508959793642,0.12995920729335353,0.12002315707754008,0.010332553717428028,0.009936050215813452,0.04829825826929409,0.21393222214799848,0.20572274388060813,0.8305999122360472,0.8370074914991823,0.835,0.834,0.833,True,999,0.00011087500024586916,0.0013077919138595462,strong_3x3_strong_250,strong_null,True,539,292201944,0.0,1,1
250,250,0.13403678360469695,0.19221025001171943,0.1252424769595848,0.1832669106395457,-0.05817346640702248,-0.05802443367996091,0.05080952135920682,-1.144932383750576,-1.141999218409223,0.25223716798073903,0.25345434456278415,0.266,0.265,0.282,True,999,0.00011045904830098152,0.0013770420337095857,strong_3x3_strong_250,strong_null,True,540,292201944,0.0,1,1
250,250,0.10820218503538903,0.11713872848897577,0.09528404819589298,0.1098227832076617,-0.008936543453586743,-0.014538735011768722,0.04841267715197091,-0.18459097863012788,-0.3003084288466547,0.8535498623553782,0.763941904501626,0.854,0.856,0.777,True,999,0.00012304203119128942,0.0014139589620754123,strong_3x3_strong_250,strong_null,True,541,292201944,0.0,0,1
250,250,0.1305533336418061,0.20666552686278739,0.12162982774957243,0.20028304155020749,-0.07611219322098128,-0.07865321380063506,0.051804225544952315,-1.4692275083802981,-1.5182779584724213,0.14177109143340422,0.12894434179122574,0.162,0.154,0.149,True,999,0.00011045800056308508,0.0013713750522583723,strong_3x3_strong_250,strong_null,True,542,292201944,0.0,1,2
250,250,0.15441308715077195,0.17250227783547412,0.14728815107086746,0.1634368731380107,-0.01808919068470216,-0.01614872206714324,0.05185310560319287,-0.3488545280803454,-0.3114321095967081,0.7271985243690515,0.7554721468136069,0.745,0.737,0.76,True,999,0.00010970793664455414,0.0013775420375168324,strong_3x3_strong_250,strong_null,True,543,292201944,0.0,1,1
250,250,0.13544933435679435,0.11543820321335174,0.13043315973591518,0.10479229936231604,0.020011131143442606,0.02564086037359914,0.05233060664969181,0.3823982259063006,0.48997827495565915,0.7021660060942466,0.6241492720954809,0.698,0.703,0.629,True,999,0.00011095800437033176,0.0014019169611856341,strong_3x3_strong_250,strong_null,True,544,292201944,0.0,2,1
250,250,0.074482915837778,0.12201179735471979,0.062313707682548625,0.11454072933265991,-0.04752888151694179,-0.05222702165011128,0.045348912009164175,-1.0480710431892408,-1.1516708855012259,0.29460587638022184,0.24945634050623644,0.282,0.277,0.247,True,999,0.00010916602332144976,0.0014142500003799796,strong_3x3_strong_250,strong_null,True,545,292201944,0.0,1,1
250,250,0.08125133558703307,0.09443965145341121,0.06681336805729643,0.08106512736834759,-0.013188315866378142,-0.01425175931105116,0.04417937612751991,-0.2985174763063928,-0.322588514376362,0.7653082396637456,0.7470068932776882,0.783,0.782,0.769,True,999,0.0001164580462500453,0.0014037499204277992,strong_3x3_strong_250,strong_null,True,546,292201944,0.0,0,0
250,250,0.13443375223403148,0.11388015360453668,0.12734308067452105,0.10214303076787701,0.020553598629494796,0.02520004990664404,0.05000300173481455,0.41104729549034996,0.5039707424024211,0.6810378550409075,0.6142819369804227,0.688,0.688,0.614,True,999,0.0001687080366536975,0.0013532920274883509,strong_3x3_strong_250,strong_null,True,547,292201944,0.0,1,0
250,250,0.11090496297844549,0.1333009534405547,0.09968517093304285,0.11883301927120726,-0.022395990462109217,-0.019147848338164408,0.04907091642145918,-0.4564004933136981,-0.3902076776742419,0.6481020110741191,0.6963829847769738,0.647,0.649,0.685,True,999,0.00011179095599800348,0.0013643749989569187,strong_3x3_strong_250,strong_null,True,548,292201944,0.0,0,0
250,250,0.12583097976234314,0.12413703120978842,0.11935651030182726,0.11761948189037241,0.0016939485525547249,0.001737028411454844,0.046345002107374404,0.036550835592370906,0.03748038261882932,0.9708431448236886,0.9701019815577628,0.981,0.981,0.982,True,999,0.00011070806067436934,0.0013630830217152834,strong_3x3_strong_250,strong_null,True,549,292201944,0.0,2,2
250,250,0.11941995040025394,0.14562455856152234,0.11234033840968038,0.13902666139330222,-0.026204608161268406,-0.026686322983621835,0.0477694752277286,-0.5485638692144874,-0.5586480248401663,0.583304786817717,0.5764019574648598,0.592,0.584,0.594,True,999,0.00011087500024586916,0.001376125030219555,strong_3x3_strong_250,strong_null,True,550,292201944,0.0,1,2
250,250,0.07564584696898347,0.05422292354374986,0.06454108527465507,0.04112870882148911,0.02142292342523361,0.02341237645316596,0.03773613705048,0.5677031381504671,0.6204232410394047,0.5702365603342767,0.5349791751796378,0.561,0.557,0.529,True,999,0.00014420808292925358,0.0013820830499753356,strong_3x3_strong_250,strong_null,True,551,292201944,0.0,0,0
250,250,0.092299120722933,0.04429895678533846,0.08542228356047588,0.03782003983572224,0.04800016393759454,0.047602243724753635,0.040536975276020897,1.184108178046239,1.174291949525699,0.23637024325639056,0.24027810676551875,0.261,0.265,0.266,True,999,0.00011508399620652199,0.0012799170799553394,strong_3x3_strong_250,strong_null,True,552,292201944,0.0,2,2
250,250,0.1315730201402574,0.0527567022488169,0.1206026045674804,0.04167113046725035,0.0788163178914405,0.07893147410023005,0.04206191400588405,1.8738167236140246,1.8765545022318364,0.060955690560243456,0.06057917813867423,0.057,0.056,0.061,True,999,0.00011466699652373791,0.0013304169988259673,strong_3x3_strong_250,strong_null,True,553,292201944,0.0,0,0
250,250,0.09774708022507256,0.1440170073523389,0.09048126889122443,0.13560207450817074,-0.04626992712726635,-0.04512080561694631,0.050243570832809975,-0.9209123945675303,-0.898041378609213,0.3570961669457017,0.36916348977077806,0.326,0.351,0.376,True,999,0.00011374999303370714,0.0013690830674022436,strong_3x3_strong_250,strong_null,True,554,292201944,0.0,1,2
250,250,0.11309184568583247,0.0946178380205625,0.10438102667357896,0.08496366248819243,0.018474007665269965,0.019417364185386532,0.046863315994627064,0.39421042393560096,0.41434038059988665,0.6934256903553828,0.6786248448278822,0.678,0.682,0.674,True,999,0.00011150003410875797,0.0013156670611351728,strong_3x3_strong_250,strong_null,True,555,292201944,0.0,1,0
250,250,0.09757695600316729,0.1180965494744296,0.08139526274086961,0.10846508547055578,-0.02051959347126231,-0.027069822729686166,0.04758740256457424,-0.4311980138739034,-0.5688443006098826,0.6663243979485868,0.5694618076792284,0.66,0.658,0.555,True,999,0.00011129199992865324,0.0013930409913882613,strong_3x3_strong_250,strong_null,True,556,292201944,0.0,0,0
250,250,0.10562531086933363,0.136830504320616,0.09662472677658229,0.1238679742183848,-0.031205193451282365,-0.02724324744180251,0.05153810019936687,-0.6054781478279192,-0.5286040295706745,0.5448613399411808,0.5970801643874946,0.538,0.54,0.594,True,999,0.00012550002429634333,0.0013802079483866692,strong_3x3_strong_250,strong_null,True,557,292201944,0.0,1,0
250,250,0.11306744829544801,0.12155488613973991,0.1046230102656196,0.11021627570831072,-0.0084874378442919,-0.00559326544269112,0.04947608085537063,-0.1715462845390388,-0.11304988887542355,0.8637942399863201,0.9099910030915715,0.879,0.88,0.915,True,999,0.00010966591071337461,0.001416000071913004,strong_3x3_strong_250,strong_null,True,558,292201944,0.0,2,0
250,250,0.15191903568894044,0.13769561153668597,0.14063595669783524,0.12907003944590656,0.014223424152254471,0.011565917251928681,0.052264843120425994,0.2721413344622805,0.22129440291782915,0.7855133481702657,0.8248632077844094,0.806,0.806,0.848,True,999,0.0001243329606950283,0.001323375036008656,strong_3x3_strong_250,strong_null,True,559,292201944,0.0,0,1
250,250,0.10863861826983412,0.14706953792075028,0.09792538224294844,0.13962936242299406,-0.03843091965091616,-0.04170398018004562,0.05027630427540925,-0.7643942848383386,-0.8294957392173223,0.44463231353885124,0.4068239467970335,0.432,0.433,0.398,True,999,0.0001105000264942646,0.0013504999224096537,strong_3x3_strong_250,strong_null,True,560,292201944,0.0,1,1
250,250,0.0685610166313293,0.061927897628181294,0.05569377850503088,0.04904058845239945,0.0066331190031480025,0.00665319005263143,0.03889049084459073,0.17055889136638658,0.1710749828079586,0.8645706241277624,0.864164806694901,0.859,0.858,0.855,True,999,0.00011454103514552116,0.0013637080555781722,strong_3x3_strong_250,strong_null,True,561,292201944,0.0,0,0
250,250,0.10432662532079678,0.08509513898128596,0.09668308870371334,0.07449851492449966,0.019231486339510828,0.02218457377921368,0.04715663950733839,0.4078213914398645,0.4704443321446045,0.6834048075872938,0.6380375973313844,0.685,0.686,0.645,True,999,0.00011054100468754768,0.0014086670707911253,strong_3x3_strong_250,strong_null,True,562,292201944,0.0,1,1
250,250,0.0781116914518642,0.10249940277372066,0.0733177851535487,0.08773018396901477,-0.024387711321856465,-0.014412398815466076,0.045082544579476816,-0.5409568503584117,-0.3196891158186114,0.5885373245254972,0.7492040114621725,0.59,0.597,0.756,True,999,0.00011249992530792952,0.0014116669772192836,strong_3x3_strong_250,strong_null,True,563,292201944,0.0,2,0
250,250,0.11901778237858235,0.11954513590761662,0.10996598406066482,0.11012999693961945,-0.000527353529034269,-0.00016401287895462247,0.048974719994562876,-0.010767872263339438,-0.003348929385871548,0.9914086469924107,0.9973279459424554,0.988,0.989,0.997,True,999,0.00011670798994600773,0.0013941660290583968,strong_3x3_strong_250,strong_null,True,564,292201944,0.0,1,0
250,250,0.07784705034620043,0.13978339385932315,0.07090980248635503,0.13088235343320775,-0.061936343513122716,-0.05997255094685272,0.04742630580154909,-1.3059491450227962,-1.2645419020786104,0.19156985230212709,0.2060355908749284,0.188,0.191,0.203,True,999,0.00011595804244279861,0.001418542000465095,strong_3x3_strong_250,strong_null,True,565,292201944,0.0,1,1
250,250,0.11890445070386707,0.06413955147461686,0.11161308509656465,0.0571342312701546,0.05476489922925021,0.054478853826410045,0.044144894683854054,1.240571522968893,1.2340918291132683,0.21476407724070345,0.21716868790080657,0.215,0.233,0.237,True,999,0.00011512497439980507,0.001383833005093038,strong_3x3_strong_250,strong_null,True,566,292201944,0.0,1,1
250,250,0.0868374297082658,0.18443069363315,0.07612070823444128,0.17105803992990332,-0.09759326392488421,-0.09493733169546203,0.05135254313448853,-1.9004562961817613,-1.8487367109906934,0.05737326509216846,0.06449584000127075,0.082,0.083,0.09,True,999,0.00014504208229482174,0.0014222089666873217,strong_3x3_strong_250,strong_null,True,567,292201944,0.0,1,0
250,250,0.09269923240738309,0.07959036083064497,0.08205695206726205,0.06651740205914791,0.013108871576738124,0.015539550008114134,0.04398496056328479,0.2980307679911935,0.35329234831883277,0.7656796806184328,0.7238692813151426,0.761,0.757,0.717,True,999,0.00011645897757261992,0.0013852500123903155,strong_3x3_strong_250,strong_null,True,568,292201944,0.0,1,0
250,250,0.10419704443637495,0.09343048834703127,0.0929422978594232,0.08286175661126549,0.010766556089343682,0.010080541248157715,0.045466057881698434,0.23680425774669087,0.22171575275751937,0.8128086482913859,0.8245351663737851,0.81,0.816,0.82,True,999,0.00011008302681148052,0.001504582935012877,strong_3x3_strong_250,strong_null,True,569,292201944,0.0,0,1
250,250,0.10952713385673063,0.06959117323492198,0.09915012792069433,0.05649475706144358,0.03993596062180865,0.04265537085925075,0.044972102043928444,0.8880163213807413,0.9484851479164855,0.3745319719353929,0.34288253022849013,0.389,0.392,0.35,True,999,0.00012325006537139416,0.0014347080141305923,strong_3x3_strong_250,strong_null,True,570,292201944,0.0,1,0
250,250,0.1298661931692326,0.1364207190548833,0.11528148519882109,0.12481306787589119,-0.006554525885650697,-0.009531582677070105,0.050716081075208426,-0.12923959711971417,-0.18794004731823483,0.8971680649559037,0.8509236488441808,0.905,0.905,0.863,True,999,0.00011033308692276478,0.0014051670441403985,strong_3x3_strong_250,strong_null,True,571,292201944,0.0,0,0
250,250,0.09593598092534583,0.12800759935302114,0.08683680647423841,0.11925398160842349,-0.03207161842767531,-0.03241717513418507,0.04996108359531884,-0.6419320022650649,-0.6488485197151015,0.5209173343217894,0.5164362924764989,0.56,0.559,0.548,True,999,0.00011987495236098766,0.0014136659447103739,strong_3x3_strong_250,strong_null,True,572,292201944,0.0,1,1
250,250,0.04539084302846497,0.06341365410264566,0.032656519905856385,0.05048502684427092,-0.01802281107418069,-0.017828506938414534,0.03456426944442544,-0.5214289601334948,-0.5158074284509413,0.6020679815560209,0.6059889137777834,0.591,0.587,0.593,True,999,0.00011749996338039637,0.0014169160276651382,strong_3x3_strong_250,strong_null,True,573,292201944,0.0,0,0
250,250,0.10176953512789944,0.06819365505618424,0.09197542479316212,0.0520724049257808,0.03357588007171519,0.03990301986738132,0.04276665841675613,0.7850947751054602,0.9330403951258247,0.4323980029164557,0.35079911208556935,0.453,0.451,0.377,True,999,0.00011491600889712572,0.0014361670473590493,strong_3x3_strong_250,strong_null,True,574,292201944,0.0,0,0
250,250,0.0987504883822144,0.12474734152156858,0.09164466314345532,0.11309184911625891,-0.02599685313935418,-0.021447185972803595,0.04680015485579978,-0.5554864769028105,-0.4582716881789488,0.5785619573324157,0.6467572618109776,0.592,0.592,0.657,True,999,0.00011833303142338991,0.0013736669206991792,strong_3x3_strong_250,strong_null,True,575,292201944,0.0,1,0
250,250,0.12570156281246753,0.19439805023603046,0.11609340238304355,0.18601471484846854,-0.06869648742356294,-0.06992131246542499,0.05209289255512853,-1.3187305226113766,-1.3422428480320827,0.18725921879221752,0.17951726760412834,0.184,0.184,0.178,True,999,0.00011225009802728891,0.0013618750963360071,strong_3x3_strong_250,strong_null,True,576,292201944,0.0,0,2
250,250,0.0983705229153945,0.17688370773482465,0.08763974267370145,0.16392539427228314,-0.07851318481943015,-0.0762856515985817,0.052760686879707905,-1.4881001264907114,-1.4458805620273614,0.13672449013577812,0.1482107047884547,0.16,0.16,0.177,True,999,0.0001116250641644001,0.001376542029902339,strong_3x3_strong_250,strong_null,True,577,292201944,0.0,1,0
250,250,0.09427481658153475,0.12403144792342152,0.08157313109671804,0.11504084840019857,-0.029756631341886774,-0.033467717303480526,0.04743163974194259,-0.6273582676833697,-0.7055989943751803,0.5304244168080428,0.48043754982206865,0.525,0.543,0.488,True,999,0.00011020805686712265,0.0013672920176759362,strong_3x3_strong_250,strong_null,True,578,292201944,0.0,0,1
250,250,0.10136794542688526,0.13211120728743986,0.09218495160823181,0.12293958937250693,-0.030743261860554594,-0.030754637764275117,0.04881161049415787,-0.6298350238665895,-0.6300680811987561,0.5288025281076583,0.5286500419761748,0.535,0.535,0.548,True,999,0.00011016603093594313,0.001409500022418797,strong_3x3_strong_250,strong_null,True,579,292201944,0.0,1,1
250,250,0.10958570820051677,0.11664099815737194,0.10443440050660513,0.1142736034109646,-0.007055289956855171,-0.009839202904359468,0.048379824793606495,-0.1458312424022574,-0.2033740912939342,0.8840546116801434,0.8388426487918501,0.882,0.882,0.844,True,999,0.00013337505515664816,0.0013768750941380858,strong_3x3_strong_250,strong_null,True,580,292201944,0.0,2,3
250,250,0.17141667664509364,0.06266833104082392,0.1639941212028333,0.05390990495855874,0.10874834560426971,0.11008421624427456,0.046285294132257404,2.3495226214513827,2.3783842861561086,0.018797501853677092,0.017388693576672998,0.021,0.022,0.023,True,999,0.0001194999786093831,0.001383083057589829,strong_3x3_strong_250,strong_null,True,581,292201944,0.0,1,1
250,250,0.10528282272777728,0.10282922482486329,0.09618395773108546,0.09799126871203612,0.0024535979029139954,-0.0018073109809506605,0.047942234112782846,0.05117821370489266,-0.03769767960122611,0.9591835120352402,0.9699287260933631,0.968,0.969,0.971,True,999,0.00011224998161196709,0.0012831669300794601,strong_3x3_strong_250,strong_null,True,582,292201944,0.0,1,2
250,250,0.07157031101011191,0.07490027447094333,0.06003070830942647,0.06579285862667916,-0.00332996346083142,-0.00576215031725269,0.04037872111885413,-0.08246827459021609,-0.14270264529408674,0.9342743455859798,0.8865250274597204,0.928,0.928,0.895,True,999,0.00011120806448161602,0.0013622499536722898,strong_3x3_strong_250,strong_null,True,583,292201944,0.0,0,1
250,250,0.08709285961003849,0.11219568827633292,0.07986034024199284,0.10255913232290936,-0.02510282866629443,-0.02269879208091652,0.04515480141868677,-0.5559282264035366,-0.5026883380672537,0.5782599213092173,0.6151834101362371,0.567,0.564,0.598,True,999,0.0001229170011356473,0.001405542017892003,strong_3x3_strong_250,strong_null,True,584,292201944,0.0,1,0
250,250,0.09228378287136951,0.07695618114827174,0.08251489935588552,0.0650732454934797,0.015327601723097772,0.017441653862405815,0.04282363440059748,0.3579238880033947,0.4072903691276252,0.7204002733717317,0.6837947354596812,0.704,0.706,0.666,True,999,0.00011699995957314968,0.0013901250204071403,strong_3x3_strong_250,strong_null,True,585,292201944,0.0,0,0
250,250,0.09742872680933135,0.11557833592231775,0.08851118113655332,0.09942703187405755,-0.01814960911298641,-0.010915850737504229,0.046363774962660594,-0.39146098710908095,-0.235439214047937,0.695456520272291,0.8138678529228816,0.72,0.709,0.818,True,999,0.00011362496297806501,0.0013915000017732382,strong_3x3_strong_250,strong_null,True,586,292201944,0.0,1,0
250,250,0.1768555401205567,0.11947450578254565,0.1695937721168832,0.11201325263226636,0.05738103433801106,0.05758051948461684,0.051104114873240056,1.1228261066714575,1.1267296112542213,0.2615113553694206,0.2598568187849015,0.272,0.265,0.263,True,999,0.00011804199311882257,0.0013742910232394934,strong_3x3_strong_250,strong_null,True,587,292201944,0.0,1,1
250,250,0.09460635881318957,0.03932844527700424,0.08346363626360187,0.031823663368513166,0.05527791353618533,0.051639972895088704,0.03703255235393337,1.4926844093238432,1.3944481169309364,0.13551981631972987,0.1631823265668746,0.117,0.114,0.14,True,999,0.00011166604235768318,0.0013166670687496662,strong_3x3_strong_250,strong_null,True,588,292201944,0.0,0,1
250,250,0.1063388267675014,0.019094954813109466,0.0990045203425467,0.008459420449511867,0.08724387195439193,0.09054509989303483,0.03675067164875152,2.373939523833321,2.4637672137921536,0.01759943279739313,0.0137485371395332,0.019,0.02,0.018,True,999,0.0001117499778047204,0.00137141696177423,strong_3x3_strong_250,strong_null,True,589,292201944,0.0,1,1
250,250,0.09248453466587736,0.10748841136028703,0.0815878243051884,0.10119790852229471,-0.015003876694409668,-0.019610084217106305,0.04327661661190861,-0.346697081912845,-0.4531334876051774,0.7288189027070187,0.6504526229494525,0.741,0.743,0.66,True,999,0.00011045800056308508,0.001361000002361834,strong_3x3_strong_250,strong_null,True,590,292201944,0.0,1,2
250,250,0.06846767185945057,0.11390019789578681,0.05938906054147708,0.10352935276786468,-0.04543252603633624,-0.0441402922263876,0.04368493984715144,-1.040004317169702,-1.0104235551388965,0.29833789493528406,0.31229240725041285,0.303,0.295,0.323,True,999,0.00012641691137105227,0.0014059590175747871,strong_3x3_strong_250,strong_null,True,591,292201944,0.0,1,0
250,250,0.11021474957227628,0.13718398541803833,0.10068373226407346,0.1298657637745464,-0.026969235845762052,-0.02918203151047294,0.04978711431757127,-0.5416910824302154,-0.5861362304377176,0.5880313339893023,0.5577839709481172,0.588,0.584,0.56,True,999,0.00011179095599800348,0.001349666970781982,strong_3x3_strong_250,strong_null,True,592,292201944,0.0,0,1
250,250,0.11315989170154661,0.10844035189343654,0.10412466762689121,0.09696596818575642,0.004719539808110074,0.007158699441134786,0.046072942828747354,0.10243625690793301,0.15537751664232946,0.9184104061730891,0.8765237080152998,0.927,0.924,0.886,True,999,0.00011049991007894278,0.001378374989144504,strong_3x3_strong_250,strong_null,True,593,292201944,0.0,1,0
250,250,0.0972466571808761,0.12960255393933034,0.08781782466610366,0.11836659815190842,-0.03235589675845424,-0.03054877348580476,0.046515658056499924,-0.6955915085443567,-0.6567417244468282,0.48668468548953636,0.5113470008525715,0.484,0.481,0.503,True,999,0.00011441600508987904,0.001326250028796494,strong_3x3_strong_250,strong_null,True,594,292201944,0.0,0,0
250,250,0.06045344696857835,0.14626159063594768,0.051779221847496615,0.1365771488861185,-0.08580814366736933,-0.08479792703862188,0.04486419703348085,-1.9126196241366629,-1.8901024122941428,0.05579676554527023,0.058744264562724156,0.066,0.066,0.07,True,999,0.00012170802801847458,0.0013554160250350833,strong_3x3_strong_250,strong_null,True,595,292201944,0.0,1,0
250,250,0.05303228257269438,0.18213888473748607,0.03989125201192678,0.17218092319856737,-0.1291066021647917,-0.1322896711866406,0.04749908829669202,-2.718085900056803,-2.7850991657002737,0.006566078900156807,0.005351135494853361,0.009,0.006,0.005,True,999,0.00010983401443809271,0.0014266249490901828,strong_3x3_strong_250,strong_null,True,596,292201944,0.0,0,0
250,250,0.1254575766359075,0.1324474073491987,0.1128215244331443,0.1220992755862369,-0.0069898307132911786,-0.009277751153092595,0.05002845474200873,-0.1397171019840003,-0.1854494847169864,0.8888835135189727,0.8528764982881701,0.864,0.868,0.836,True,999,0.0001109590521082282,0.0013433339772745967,strong_3x3_strong_250,strong_null,True,597,292201944,0.0,0,0
250,250,0.12588504814970747,0.07906237153775264,0.11283916444820363,0.07029098079934215,0.04682267661195483,0.04254818364886148,0.04610549544628704,1.0155552208847491,0.9228440826198293,0.3098412377955102,0.3560884642919687,0.304,0.314,0.377,True,999,0.00010954192839562893,0.0013474170118570328,strong_3x3_strong_250,strong_null,True,598,292201944,0.0,0,1
250,250,0.09566010989858381,0.11756341417171745,0.08666036253502796,0.10283870088672131,-0.02190330427313364,-0.016178338351693355,0.049268729791425526,-0.4445680732151852,-0.328369300775214,0.6566319242514671,0.7426324517037424,0.658,0.658,0.738,True,999,0.0001087910495698452,0.0013734579551964998,strong_3x3_strong_250,strong_null,True,599,292201944,0.0,1,0
250,250,0.1373295845928167,0.08179942024752318,0.12395946823450288,0.07066538869214867,0.05553016434529351,0.05329407954235421,0.04711046808679441,1.1787224071513573,1.1312576950873714,0.238508730182713,0.25794664466025463,0.217,0.225,0.25,True,999,0.00011125009041279554,0.0013742920709773898,strong_3x3_strong_250,strong_null,True,600,292201944,0.0,0,0
250,250,0.1492996591767099,0.11323276956380668,0.14396317868002484,0.10404465062053703,0.03606688961290322,0.03991852805948781,0.05265716980247558,0.6849378678762108,0.7580834330676677,0.4933831289635059,0.4484010368664373,0.495,0.502,0.456,True,999,0.00011383299715816975,0.0014061670517548919,strong_3x3_strong_250,strong_null,True,601,292201944,0.0,2,1
250,250,0.0145024807502252,0.13059287712743006,0.0021436072475182755,0.11922277001971793,-0.11609039637720486,-0.11707916277219965,0.03836846866853768,-3.0256718708296932,-3.0514421564133234,0.0024808136558463357,0.0022774492517434806,0.003,0.003,0.003,True,999,0.000110041000880301,0.0014142500003799796,strong_3x3_strong_250,strong_null,True,602,292201944,0.0,1,0
250,250,0.13397095522937702,0.05725862352554972,0.12251179724179906,0.04804638938364292,0.0767123317038273,0.07446540785815614,0.04560567520564608,1.6820786307387057,1.632810116775492,0.09255359351706188,0.10250893867096188,0.108,0.107,0.122,True,999,0.00011550006456673145,0.001356584019958973,strong_3x3_strong_250,strong_null,True,603,292201944,0.0,0,1
250,250,0.09669323579117245,0.1049161484015087,0.0835669840627844,0.09556623677633524,-0.008222912610336253,-0.011999252713550845,0.046045712529780874,-0.17858150430440053,-0.2605943540517506,0.8582663184435507,0.7944053440990647,0.85,0.85,0.797,True,999,0.00011445803102105856,0.001369333011098206,strong_3x3_strong_250,strong_null,True,604,292201944,0.0,0,1
250,250,0.11631559372336048,0.11777071869970385,0.10319580176563647,0.10475084873098695,-0.0014551249763433693,-0.0015550469653504706,0.048996844606123635,-0.029698340536841582,-0.03173769612821395,0.9763076353991305,0.9746812328555324,0.976,0.976,0.985,True,999,0.00010945799294859171,0.0013944579986855388,strong_3x3_strong_250,strong_null,True,605,292201944,0.0,0,0
250,250,0.1230970283234658,0.06001128305710224,0.10969412715503779,0.05261011002974669,0.06308574526636357,0.0570840171252911,0.044957840580629474,1.403220093572392,1.2697232871519701,0.16055121750069268,0.20418321471103085,0.16,0.166,0.207,True,999,0.00011725001968443394,0.0014547909377142787,strong_3x3_strong_250,strong_null,True,606,292201944,0.0,0,1
250,250,0.14020999515969262,0.09268866627225647,0.13292184441931454,0.08523243325832652,0.047521328887436154,0.047689411160988016,0.04916172863799481,0.9666325860378541,0.9700515519328401,0.33372773861553784,0.33202079643513194,0.358,0.359,0.353,True,999,0.00011283298954367638,0.0014218749711290002,strong_3x3_strong_250,strong_null,True,607,292201944,0.0,1,1
250,250,0.17291241666723978,0.10452647390713449,0.16328215561125603,0.09227772910666943,0.06838594276010529,0.0710044265045866,0.051494278768704126,1.328029917018027,1.378879910591929,0.18416822383415354,0.16793178312412216,0.178,0.194,0.18,True,999,0.00011500006075948477,0.001351832994259894,strong_3x3_strong_250,strong_null,True,608,292201944,0.0,0,1
250,250,0.10305598893415946,0.09266530493866393,0.09423412141266851,0.0834737966486756,0.010390683995495531,0.010760324763992912,0.04518166048226982,0.22997569997616713,0.23815691254232405,0.8181106522765196,0.8117593944986543,0.83,0.83,0.824,True,999,0.0001106249401345849,0.0013485420495271683,strong_3x3_strong_250,strong_null,True,609,292201944,0.0,1,1
250,250,0.09548343254310943,0.04559526420309845,0.08478076376327692,0.03575408981447481,0.049888168340010974,0.04902667394880211,0.03963419436684952,1.2587153375252655,1.2369791976851323,0.20813316952021033,0.21609480561515704,0.228,0.218,0.22,True,999,0.00011012493632733822,0.0012637079926207662,strong_3x3_strong_250,strong_null,True,610,292201944,0.0,1,2
250,250,0.11668092763834093,0.10138319479998542,0.10573132006669539,0.09009813006630907,0.015297732838355504,0.01563319000038632,0.04578740636838172,0.33410350250629794,0.3414299092333334,0.7383014571741541,0.7327799620838062,0.74,0.732,0.728,True,999,0.00011333299335092306,0.001329125021584332,strong_3x3_strong_250,strong_null,True,611,292201944,0.0,0,0
250,250,0.11437982720321077,0.16750152697367926,0.10519848810611165,0.15671664048583978,-0.05312169977046849,-0.05151815237972812,0.04981988503180449,-1.0662750372979817,-1.0340881426530686,0.28629933037551325,0.30109495897393723,0.319,0.308,0.33,True,999,0.00014350004494190216,0.0014309580437839031,strong_3x3_strong_250,strong_null,True,612,292201944,0.0,1,1
250,250,0.0653602171488788,0.1186923159024933,0.054461134308070314,0.10809529783514904,-0.0533320987536145,-0.053634163527078726,0.0462535328085611,-1.1530383846429828,-1.159569016037442,0.24889462979025878,0.2462243219746011,0.266,0.254,0.257,True,999,0.00011504197027534246,0.0013990829465910792,strong_3x3_strong_250,strong_null,True,613,292201944,0.0,1,1
250,250,0.19428160798354466,0.10746084052236465,0.18342498434139998,0.09102517080914652,0.08682076746118,0.09239981353225346,0.05283401068265996,1.6432742155929958,1.748869948322491,0.10032621061610206,0.08031350228174919,0.11,0.119,0.11,True,999,0.00011404103133827448,0.0013927500694990158,strong_3x3_strong_250,strong_null,True,614,292201944,0.0,1,0
250,250,0.11759286898001065,0.09567199485854977,0.10591236723865904,0.08521105295821485,0.021920874121460876,0.020701314280444194,0.04670788884793246,0.4693184526671496,0.44320809163183883,0.6388420274597848,0.6576152266564366,0.636,0.638,0.655,True,999,0.00012137496378272772,0.0013784170150756836,strong_3x3_strong_250,strong_null,True,615,292201944,0.0,0,1
250,250,0.1155595335296904,0.09201914022066648,0.1052197857020758,0.07745386215509598,0.02354039330902391,0.02776592354697982,0.04731388677326678,0.4975366623721276,0.5868451197010531,0.6188106558405124,0.557307730769041,0.642,0.641,0.583,True,999,0.00010966695845127106,0.0013841670006513596,strong_3x3_strong_250,strong_null,True,616,292201944,0.0,1,0
250,250,0.07531380129797977,0.10766117224855942,0.06323361888290435,0.09898143880850796,-0.03234737095057966,-0.03574781992560361,0.043243694086210836,-0.7480251545136681,-0.8266597172373059,0.4544449850424226,0.4084299595222409,0.448,0.457,0.412,True,999,0.00011804106179624796,0.0014239170122891665,strong_3x3_strong_250,strong_null,True,617,292201944,0.0,1,1
250,250,0.0754384987544992,0.15907776121147654,0.06104253788406311,0.15027002472540119,-0.08363926245697734,-0.08922748684133808,0.04937585613216779,-1.693930374252029,-1.8071076398654566,0.09027851432984119,0.07074549768610798,0.106,0.107,0.084,True,999,0.00011245801579207182,0.0014225420309230685,strong_3x3_strong_250,strong_null,True,618,292201944,0.0,0,1
250,250,0.18793385106235538,0.11435098062686683,0.17325236031224733,0.09957624741254278,0.07358287043548856,0.07367611289970455,0.05289994679134672,1.3909819366307021,1.3927445558746074,0.1642309043507434,0.16369704986187705,0.174,0.173,0.168,True,999,0.00011599995195865631,0.0013876670273020864,strong_3x3_strong_250,strong_null,True,619,292201944,0.0,0,0
250,250,0.13666920565108548,0.10417360782811447,0.1297884264577931,0.09327635911427024,0.03249559782297101,0.03651206734352286,0.0506716069090069,0.6412979537302754,0.7205626497910178,0.5213291184503819,0.4711786408422868,0.529,0.52,0.471,True,999,0.00011170795187354088,0.0013743749586865306,strong_3x3_strong_250,strong_null,True,620,292201944,0.0,2,1
250,250,0.13279466347137675,0.1236122177445731,0.12389236849494978,0.11304603155576842,0.009182445726803656,0.010846336939181356,0.052866352383732315,0.17369168313623276,0.2051652223034574,0.8621077740696463,0.8374430400294588,0.859,0.861,0.836,True,999,0.00011345802340656519,0.0013396249851211905,strong_3x3_strong_250,strong_null,True,621,292201944,0.0,1,1
250,250,0.13390562063770117,0.1270961816667706,0.12347965159263197,0.11639326957835294,0.006809438970930559,0.007086382014279025,0.051046271098487854,0.13339738289193617,0.13882271636662105,0.893879115061338,0.8895902427308072,0.888,0.89,0.889,True,999,0.0001139170490205288,0.0013868749374523759,strong_3x3_strong_250,strong_null,True,622,292201944,0.0,1,1
250,250,0.09804979215382514,0.11421114660487902,0.09269229426622871,0.10526909502985404,-0.016161354451053878,-0.012576800763625329,0.047768690467034046,-0.33832525641888994,-0.26328544158657197,0.7351180928694921,0.7923305798937654,0.727,0.729,0.794,True,999,0.000128875020891428,0.0013401249889284372,strong_3x3_strong_250,strong_null,True,623,292201944,0.0,2,1
250,250,0.056243454992249586,0.12100843097035274,0.041475012592798066,0.1110149062309489,-0.06476497597810316,-0.06953989363815083,0.044016635984485734,-1.471374959252462,-1.5798547999592953,0.14118974154779437,0.11414012249329515,0.137,0.132,0.114,True,999,0.00010962504893541336,0.0014334169682115316,strong_3x3_strong_250,strong_null,True,624,292201944,0.0,0,0
250,250,0.10539169039276264,0.13647127501844358,0.09401118198955771,0.12155562064337744,-0.031079584625680945,-0.027544438653819725,0.04896985942209182,-0.6346676300986068,-0.5624773887219611,0.5256452095561998,0.5737908050678056,0.53,0.524,0.583,True,999,0.00011499994434416294,0.001455790945328772,strong_3x3_strong_250,strong_null,True,625,292201944,0.0,0,0
250,250,0.09663323222493858,0.1468911640165767,0.08918008272227951,0.13676868441521606,-0.05025793179163812,-0.04758860169293655,0.04904041413715851,-1.0248268224463684,-0.9703955916815575,0.30544490795362844,0.3318493451873473,0.318,0.319,0.341,True,999,0.00011924991849809885,0.0014009999576956034,strong_3x3_strong_250,strong_null,True,626,292201944,0.0,1,0
250,250,0.10037012246342208,0.11663888755731228,0.08720948744189627,0.10387203737292339,-0.016268765093890192,-0.016662549931027115,0.04744791608806619,-0.3428762827790873,-0.35117559009547267,0.7316915349902707,0.7254566216618497,0.742,0.73,0.716,True,999,0.0001152500044554472,0.0014124580193310976,strong_3x3_strong_250,strong_null,True,627,292201944,0.0,0,0
250,250,0.09716141960637259,0.07543576371922944,0.08422799515729196,0.06237976429534342,0.021725655887143147,0.021848230861948537,0.042996318390834835,0.5052910737532873,0.5081418986469721,0.6133544113537044,0.6113538336598898,0.627,0.62,0.622,True,999,0.00011641602031886578,0.0014347919495776296,strong_3x3_strong_250,strong_null,True,628,292201944,0.0,0,0
250,250,0.10960787390239107,0.06941328046769207,0.09889142206246504,0.059053091146026304,0.040194593434699,0.039838330916438736,0.04575308166664191,0.8785111728114361,0.870724538440969,0.3796663771281732,0.3839045768218293,0.41,0.406,0.407,True,999,0.00011520797852426767,0.0014049580786377192,strong_3x3_strong_250,strong_null,True,629,292201944,0.0,1,1
250,250,0.09606038860321192,0.10954734612329409,0.08303744983672345,0.10443891651424053,-0.013486957520082166,-0.021401466677517078,0.04489784179456278,-0.30039211198154886,-0.47667027683519614,0.7638780797566707,0.6335969315209949,0.8,0.798,0.668,True,999,0.0001200829865410924,0.0013656660448759794,strong_3x3_strong_250,strong_null,True,630,292201944,0.0,0,2
250,250,0.13972804188588478,0.1452671851788393,0.13496029051744074,0.13570294230930813,-0.005539143292954518,-0.0007426517918673881,0.04914212414147152,-0.11271680640031555,-0.015112325827215453,0.9102550765853731,0.9879425674972684,0.916,0.912,0.982,True,999,0.00011504103895276785,0.0013550000730901957,strong_3x3_strong_250,strong_null,True,631,292201944,0.0,2,0
250,250,0.0671632516969155,0.08855088527779398,0.057812583687550045,0.08343339078172107,-0.021387633580878473,-0.025620807094171028,0.04347819681488137,-0.49191629707969137,-0.5892794313264101,0.6227785168814597,0.5556738404297028,0.589,0.592,0.521,True,999,0.0001093749888241291,0.0013459170004352927,strong_3x3_strong_250,strong_null,True,632,292201944,0.0,1,2
250,250,0.13094741059516002,0.03356576410369261,0.12042074817034631,0.024223276813458483,0.09738164649146741,0.09619747135688783,0.04155537662346992,2.3434186958244907,2.314922380045445,0.019107926365914695,0.02061718033389413,0.023,0.024,0.028,True,999,0.00011216604616492987,0.0013267080066725612,strong_3x3_strong_250,strong_null,True,633,292201944,0.0,1,1
250,250,0.0928186903921171,0.06991676380846829,0.07973163469843314,0.060584739821734956,0.022901926583648813,0.019146894876698184,0.041936059446352286,0.5461153691120324,0.4565735343157912,0.5849866358069546,0.6479776054956609,0.593,0.595,0.665,True,999,0.00012279197108000517,0.0013556670164689422,strong_3x3_strong_250,strong_null,True,634,292201944,0.0,0,0
250,250,0.07609008335216827,0.09176912854515618,0.06289941984420011,0.08040814011674513,-0.015679045192987906,-0.01750872027254502,0.04292091160375222,-0.36530084304214117,-0.40792983229681395,0.7148868491718477,0.6833251902147809,0.741,0.74,0.707,True,999,0.00011045800056308508,0.001395708997733891,strong_3x3_strong_250,strong_null,True,635,292201944,0.0,0,0
250,250,0.09616143640307917,0.09042960458449556,0.08483763468557015,0.08552697774020146,0.00573183181858361,-0.0006893430546313084,0.04541861655059028,0.1262000530597209,-0.015177544077404301,0.8995735693665613,0.9878905368298241,0.908,0.912,0.987,True,999,0.00011445791460573673,0.001340750022791326,strong_3x3_strong_250,strong_null,True,636,292201944,0.0,0,2
250,250,0.13465024374229123,0.12058527694905452,0.12557508437777187,0.10759224134611145,0.01406496679323671,0.017982843031660423,0.05036715743230241,0.27924877063275166,0.35703509883063855,0.7800539180789132,0.7210655300050165,0.771,0.773,0.707,True,999,0.00012104201596230268,0.0013898750767111778,strong_3x3_strong_250,strong_null,True,637,292201944,0.0,1,0
250,250,0.11587528907744893,0.11189339049642988,0.10115915466653291,0.10457109038628687,0.00398189858101905,-0.0034119357197539557,0.048456544068497684,0.08217463002293927,-0.07041227940091802,0.9345078475093378,0.9438655179589528,0.936,0.936,0.938,True,999,0.0001103340182453394,0.0013609169982373714,strong_3x3_strong_250,strong_null,True,638,292201944,0.0,0,1
250,250,0.12337474857042502,0.0989130813843489,0.11197249790696162,0.09170365744937214,0.02446166718607612,0.020268840457589477,0.048052795638770116,0.5090581486655457,0.42180356393741436,0.6107114659459535,0.6731684041360364,0.596,0.596,0.676,True,999,0.00010983296670019627,0.0013844170607626438,strong_3x3_strong_250,strong_null,True,639,292201944,0.0,0,1
250,250,0.08473194056129468,0.0709291913508352,0.07402993298366312,0.06055663878871087,0.013802749210459486,0.013473294194952246,0.043508543614818304,0.3172422716019962,0.30967008030035414,0.7510597770812859,0.7568118575111764,0.749,0.747,0.752,True,999,0.00010941701475530863,0.001414082944393158,strong_3x3_strong_250,strong_null,True,640,292201944,0.0,1,1
250,250,0.15470357784999922,0.07109822268234389,0.1431349448724859,0.06173864403574214,0.08360535516765533,0.08139630083674376,0.04908176021776082,1.7033895034881357,1.6583818607077898,0.08849520071615022,0.09724041549170956,0.092,0.09,0.1,True,999,0.0001128750154748559,0.001368958968669176,strong_3x3_strong_250,strong_null,True,641,292201944,0.0,0,1
250,250,0.17653310771957637,0.1536269824151199,0.16363760246338188,0.14043185242574907,0.02290612530445646,0.02320575003763281,0.05365365399002259,0.4269257282778182,0.4325101519077926,0.6694334253191055,0.6653706754117374,0.675,0.681,0.677,True,999,0.00010941701475530863,0.0013739169808104634,strong_3x3_strong_250,strong_null,True,642,292201944,0.0,0,0
250,250,0.050573735354482896,0.14135416209188456,0.04161852016683554,0.13169239941254318,-0.09078042673740166,-0.09007387924570764,0.044560794889435484,-2.0372263771920274,-2.0213705673159446,0.04162736171788335,0.04324141914727757,0.044,0.043,0.04,True,999,0.00010820792522281408,0.0013412080006673932,strong_3x3_strong_250,strong_null,True,643,292201944,0.0,1,0
250,250,0.09371459542706528,0.2010374996484951,0.08380344986042587,0.19234854281509683,-0.10732290422142982,-0.10854509295467096,0.04992588072262821,-2.1496446866441996,-2.17412475020144,0.031583330835480476,0.029695767680750416,0.031,0.028,0.024,True,999,0.00010979198850691319,0.0013567499117925763,strong_3x3_strong_250,strong_null,True,644,292201944,0.0,0,1
250,250,0.14261730087668784,0.09670123692638477,0.13357573948550794,0.08953528244212805,0.045916063950303065,0.04404045704337989,0.047987898989338446,0.9568258856363834,0.917740888242772,0.33865514445887457,0.35875453580101324,0.317,0.311,0.335,True,999,0.00011229200754314661,0.0013889169786125422,strong_3x3_strong_250,strong_null,True,645,292201944,0.0,1,1
250,250,0.10548590382010192,0.07287913925218903,0.08933481244933716,0.059614246396279214,0.032606764567912894,0.02972056605305795,0.04463299885951479,0.7305528510540993,0.6658877246094381,0.46505231992992657,0.5054828672559418,0.458,0.456,0.501,True,999,0.00011599995195865631,0.0013897089520469308,strong_3x3_strong_250,strong_null,True,646,292201944,0.0,0,0
250,250,0.10022955236508596,0.06389105793723565,0.09371626359636309,0.05479241375594768,0.03633849442785031,0.038923849840415414,0.04333279066945829,0.838591142330058,0.8982539374702591,0.40169878291702976,0.36905018367345344,0.434,0.423,0.4,True,999,0.00011395791079849005,0.001297999988310039,strong_3x3_strong_250,strong_null,True,647,292201944,0.0,2,1
250,250,0.11272638714819255,0.09218548209922278,0.10135648781955808,0.07759357218613161,0.02054090504896977,0.023762915633426474,0.04718624615863873,0.43531551503189875,0.5035983484156861,0.6633334247291791,0.6145436534150066,0.664,0.662,0.619,True,999,0.0001117080682888627,0.001368040917441249,strong_3x3_strong_250,strong_null,True,648,292201944,0.0,0,0
250,250,0.08664987815363168,0.14984304405680837,0.07709179702544589,0.14493428290361976,-0.0631931659031767,-0.06784248587817387,0.046359335994139245,-1.3631162860306194,-1.4634050385611763,0.1728458648481339,0.14335658079354854,0.201,0.195,0.166,True,999,0.00011100003030151129,0.0013485000235959888,strong_3x3_strong_250,strong_null,True,649,292201944,0.0,0,2
250,250,0.08309408220910947,0.10172132401254896,0.07436660119452654,0.0869520508586561,-0.018627241803439498,-0.012585449664129555,0.04438957748817852,-0.41963097775373415,-0.28352262797457833,0.674755054686337,0.7767762383614645,0.706,0.699,0.787,True,999,0.00011074997019022703,0.00143912504427135,strong_3x3_strong_250,strong_null,True,650,292201944,0.0,1,0
250,250,0.12552236503120662,0.053601887623115185,0.11365943644818799,0.04481292893959221,0.07192047740809143,0.06884650750859578,0.04351713178432869,1.6526934211687017,1.5820552661834357,0.0983932740009639,0.11363695450931184,0.083,0.083,0.101,True,999,0.0001212080242112279,0.0014154999516904354,strong_3x3_strong_250,strong_null,True,651,292201944,0.0,0,1
250,250,0.10823954190083152,0.11349090108795595,0.09939543854017074,0.10430739679068779,-0.005251359187124438,-0.004911958250517046,0.04863480442953513,-0.10797533265982195,-0.100996771923567,0.914015259476957,0.9195530227064249,0.928,0.928,0.927,True,999,0.00011466699652373791,0.0013477080501616001,strong_3x3_strong_250,strong_null,True,652,292201944,0.0,1,1
250,250,0.0774750059264745,0.100339313316536,0.0703542684294689,0.09128304070533488,-0.02286430739006151,-0.02092877227586598,0.043149094725197706,-0.5298907783738387,-0.48503386708700147,0.5961876602059968,0.6276523220360604,0.581,0.583,0.618,True,999,0.0001103340182453394,0.0013448339886963367,strong_3x3_strong_250,strong_null,True,653,292201944,0.0,1,1
250,250,0.09516402128962143,0.12701521444542835,0.08055894604657965,0.11209026973054392,-0.03185119315580692,-0.031531323683964274,0.04825294934575282,-0.6600880067989137,-0.6534589929007031,0.5091973545904003,0.5134604177393806,0.556,0.553,0.548,True,999,0.0001091670710593462,0.0013881250051781535,strong_3x3_strong_250,strong_null,True,654,292201944,0.0,0,0
250,250,0.12683417525985807,0.06734127313226529,0.11531886322769935,0.05716945389529826,0.059492902127592784,0.05814940933240109,0.044953666761903426,1.3234271287077926,1.2935409616392088,0.18569337500285854,0.19582402653294018,0.209,0.199,0.223,True,999,0.00011158396955579519,0.0014085420407354832,strong_3x3_strong_250,strong_null,True,655,292201944,0.0,0,0
250,250,0.08216548386426603,0.12813836172617843,0.06920818824272601,0.1256177273176604,-0.0459728778619124,-0.0564095390749344,0.046679969554490955,-0.9848523531757417,-1.2084313596024483,0.32469660036112513,0.22688138341888398,0.33,0.325,0.232,True,999,0.0001177079975605011,0.0014266659272834659,strong_3x3_strong_250,strong_null,True,656,292201944,0.0,0,3
250,250,0.10623307643490071,0.10643684394240222,0.09310627216974865,0.093664145344448,-0.00020376750750150663,-0.0005578731746993526,0.045875118309592844,-0.004441787073471095,-0.01216069179232388,0.9964559783253205,0.9902974109112124,0.997,0.997,0.991,True,999,0.00011654093395918608,0.0014170000795274973,strong_3x3_strong_250,strong_null,True,657,292201944,0.0,0,0
250,250,0.1124764180697071,0.06718145981833273,0.09771484712270251,0.05253885064772135,0.04529495825137436,0.04517599647498116,0.04441438413811259,1.0198263272214583,1.017147875663439,0.30781083477094084,0.30908308799585393,0.31,0.316,0.321,True,999,0.00011350004933774471,0.0013607499422505498,strong_3x3_strong_250,strong_null,True,658,292201944,0.0,0,0
250,250,0.09630404862353181,0.0941396779837606,0.08536757929611838,0.08683086470112755,0.002164370639771207,-0.0014632854050091737,0.04639068763621668,0.04665528255893986,-0.03154265391545529,0.9627879708552346,0.974836776148814,0.964,0.964,0.98,True,999,0.0001111660385504365,0.0013718749396502972,strong_3x3_strong_250,strong_null,True,659,292201944,0.0,1,1
250,250,0.08982841803704616,0.13194749965994845,0.07843921670672671,0.12053503697309509,-0.04211908162290229,-0.04209582026636838,0.047049278407512406,-0.8952120637875095,-0.89471765967928,0.37067373707228013,0.3709380360117741,0.394,0.387,0.385,True,999,0.00010958290658891201,0.0013428330421447754,strong_3x3_strong_250,strong_null,True,660,292201944,0.0,0,0
250,250,0.08824903833655623,0.1519560586611599,0.08083191072563523,0.14693803111478587,-0.06370702032460368,-0.06610612038915065,0.047000532338083156,-1.3554531652183808,-1.4064972692997946,0.17527322074405705,0.15957651490210234,0.187,0.182,0.167,True,999,0.00010916695464402437,0.0014220419107005,strong_3x3_strong_250,strong_null,True,661,292201944,0.0,1,2
250,250,0.08206923376073666,0.13589532474774052,0.0693805527223077,0.12545323796716445,-0.05382609098700386,-0.05607268524485676,0.04846869668295339,-1.110533079506854,-1.1568845271752008,0.2667693817843054,0.24731954110750431,0.28,0.268,0.251,True,999,0.00012295797932893038,0.0013760830042883754,strong_3x3_strong_250,strong_null,True,662,292201944,0.0,0,1
250,250,0.08804337307766924,0.07807319010682567,0.08314534064048473,0.06696026595784588,0.009970182970843566,0.016185074682638856,0.04244689482780761,0.23488603845556086,0.38130173592900285,0.8142971861552972,0.7029793656971797,0.817,0.817,0.719,True,999,0.00012787501327693462,0.0013380000600591302,strong_3x3_strong_250,strong_null,True,663,292201944,0.0,2,0
250,250,0.14492105414465722,0.157564539342068,0.13224708319636136,0.1484874495714763,-0.012643485197410764,-0.016240366375114945,0.05115351366179655,-0.24716748258983065,-0.31748291002039,0.8047786098067468,0.7508772050829957,0.802,0.801,0.764,True,999,0.00011233298573642969,0.0013477909378707409,strong_3x3_strong_250,strong_null,True,664,292201944,0.0,0,1
250,250,0.07362044110268962,0.09705908689317388,0.061003876272934576,0.09036962636922397,-0.02343864579048427,-0.02936575009628939,0.043876229487214306,-0.5341991794740334,-0.6692860904295953,0.5932037367697522,0.5033129979978459,0.623,0.628,0.54,True,999,0.00011004204861819744,0.0013467089738696814,strong_3x3_strong_250,strong_null,True,665,292201944,0.0,0,2
250,250,0.14268353177529092,0.10515085185629747,0.1302464435841557,0.09380494655293603,0.03753267991899345,0.03644149703121968,0.05068475365633333,0.7405122292491115,0.7189834102442387,0.45898924351187176,0.472151141450162,0.459,0.463,0.476,True,999,0.00011145800817757845,0.001404708018526435,strong_3x3_strong_250,strong_null,True,666,292201944,0.0,1,0
250,250,0.08012695537785752,0.12427649207880942,0.06959771025846351,0.1126028541478803,-0.0441495367009519,-0.043005143889416786,0.04767840747790512,-0.9259859763858818,-0.9019836476154538,0.3544532681813781,0.3670655543883149,0.376,0.376,0.398,True,999,0.00011000002268701792,0.0014165000757202506,strong_3x3_strong_250,strong_null,True,667,292201944,0.0,1,0
250,250,0.11616899415907306,0.11426795448885502,0.1053687148219069,0.09966536729034203,0.001901039670218041,0.005703347531564873,0.047859429679067964,0.03972131893267188,0.11916873163366,0.9683153050376876,0.905141678628584,0.967,0.968,0.911,True,999,0.00011404103133827448,0.0013826669892296195,strong_3x3_strong_250,strong_null,True,668,292201944,0.0,1,0
250,250,0.10496389351293478,0.12564148910117112,0.09576363577045299,0.11636049925236591,-0.02067759558823634,-0.02059686348191292,0.047621496139002996,-0.4342071808890725,-0.43251189382610894,0.6641379990035365,0.6653694096643833,0.658,0.659,0.662,True,999,0.00011179095599800348,0.0013303749728947878,strong_3x3_strong_250,strong_null,True,669,292201944,0.0,1,0
250,250,0.11064439543655974,0.11476405272183898,0.09919260605288116,0.10328598162374192,-0.0041196572852792435,-0.004093375570860758,0.04754435373422635,-0.0866487177070108,-0.0860959346243886,0.9309507403623816,0.9313901553261037,0.944,0.945,0.935,True,999,0.00010887498501688242,0.0013626250438392162,strong_3x3_strong_250,strong_null,True,670,292201944,0.0,0,0
250,250,0.08343316874943618,0.1287802045877673,0.0706356478967507,0.11757698363196312,-0.04534703583833111,-0.04694133573521242,0.04704730704382332,-0.9638603926063514,-0.997747558462545,0.33511592355138,0.3184017853201334,0.371,0.367,0.342,True,999,0.00011758296750485897,0.0013578330399468541,strong_3x3_strong_250,strong_null,True,671,292201944,0.0,0,0
250,250,0.09254551342752187,0.11958541088148172,0.08268047573103843,0.11267450150097602,-0.02703989745395985,-0.029994025769937593,0.045419966703741876,-0.5953306313571602,-0.6603709325807711,0.5516224844439006,0.5090158208057914,0.55,0.542,0.519,True,999,0.00011662498582154512,0.0014160829596221447,strong_3x3_strong_250,strong_null,True,672,292201944,0.0,0,2
250,250,0.09523320964867038,0.10035506187165422,0.08612746486855372,0.08923079487806262,-0.005121852222983836,-0.003103330009508909,0.0455515481655503,-0.11244079354601141,-0.06812787126861901,0.9104739118191165,0.9456838438305978,0.894,0.894,0.941,True,999,0.0001325419871136546,0.001375374966301024,strong_3x3_strong_250,strong_null,True,673,292201944,0.0,1,0
250,250,0.1460243210209312,0.08731859657285018,0.13305581680732814,0.07413754077633428,0.05870572444808103,0.058918276030993866,0.050513842034692315,1.162171042300893,1.1663788311831336,0.24516599471287193,0.2434613134526843,0.251,0.248,0.249,True,999,0.00016649998724460602,0.0013808750081807375,strong_3x3_strong_250,strong_null,True,674,292201944,0.0,0,0
250,250,0.12599779541054046,0.06203133565131136,0.11688963032767674,0.052315117430907776,0.0639664597592291,0.06457451289676897,0.04420796866554282,1.4469441073660259,1.4606984859519345,0.1479125783629682,0.14409820475260326,0.145,0.142,0.136,True,999,0.0001127920113503933,0.0013808750081807375,strong_3x3_strong_250,strong_null,True,675,292201944,0.0,1,0
250,250,0.07517990140549569,0.052539222598955604,0.06177176845937993,0.05013256904345553,0.022640678806540082,0.011639199415924395,0.039368075256653236,0.5751025077791627,0.29565071038003976,0.5652219720101221,0.767496842564408,0.582,0.589,0.778,True,999,0.00011258397717028856,0.001294333953410387,strong_3x3_strong_250,strong_null,True,676,292201944,0.0,0,3
250,250,0.12025595678420725,0.1152933019351563,0.11380619415467663,0.10473575898757304,0.0049626548490509514,0.009070435167103597,0.04869148201932412,0.10192039024569903,0.18628381784526143,0.9188198651652535,0.8522221968431887,0.915,0.916,0.858,True,999,0.00011208397336304188,0.0013556251069530845,strong_3x3_strong_250,strong_null,True,677,292201944,0.0,2,1
250,250,0.1352074906407093,0.10359640555528815,0.12773738976159166,0.09304459650341812,0.03161108508542115,0.03469279325817354,0.04984285853179801,0.6342149310167349,0.6960434108336853,0.5259405646674489,0.4864016439536547,0.516,0.537,0.502,True,999,0.00011670810636132956,0.0014213749673217535,strong_3x3_strong_250,strong_null,True,678,292201944,0.0,1,1
250,250,0.12761003394330322,0.063033914125048,0.1171538171906974,0.05554871728782018,0.06457611981825523,0.061605099902877214,0.04304742426266399,1.5001157659103792,1.431098398059294,0.13358441769653048,0.15240201635082146,0.161,0.151,0.168,True,999,0.00011508294846862555,0.0013898329343646765,strong_3x3_strong_250,strong_null,True,679,292201944,0.0,1,1
250,250,0.14621588831768906,0.063141872492752,0.13994353689427896,0.050218362949308926,0.08307401582493706,0.08972517394497004,0.044762818903154575,1.8558709630121748,2.0044576312115776,0.06347195269946038,0.0450210611351214,0.082,0.077,0.056,True,999,0.00011108303442597389,0.0013466249220073223,strong_3x3_strong_250,strong_null,True,680,292201944,0.0,2,0
250,250,0.13947081265374195,0.11910902838579895,0.1265289405030785,0.10449003569985393,0.020361784267942995,0.022038904803224568,0.050583039933101946,0.40254172732347154,0.43569751506378196,0.6872853855807458,0.6630562088992604,0.685,0.686,0.672,True,999,0.00011233298573642969,0.0013878330355510116,strong_3x3_strong_250,strong_null,True,681,292201944,0.0,0,0
250,250,0.13128176347453657,0.11698466955722953,0.12021973453059331,0.1103505899908157,0.014297093917307047,0.009869144539777608,0.04877740674353711,0.29310893858049103,0.20233024259915675,0.7694388846826086,0.8396585586921516,0.777,0.775,0.843,True,999,0.00011108396574854851,0.0013487919932231307,strong_3x3_strong_250,strong_null,True,682,292201944,0.0,0,2
250,250,0.1463730167530195,0.12250315871697859,0.13983576453614432,0.11186940038876969,0.023869858036040914,0.027966364147374634,0.05241908761321872,0.4553657669925098,0.5335148973543418,0.6488461190436172,0.5936772014197147,0.626,0.626,0.582,True,999,0.00011208304204046726,0.0013729999773204327,strong_3x3_strong_250,strong_null,True,683,292201944,0.0,2,1
250,250,0.11544286885070859,0.16562710350476617,0.10387542081319623,0.15781616922615171,-0.05018423465405758,-0.053940748412955486,0.05186819742306952,-0.9675338096815571,-1.0399580300233096,0.3332772480505588,0.2983594000872656,0.345,0.346,0.312,True,999,0.00011258397717028856,0.001383999944664538,strong_3x3_strong_250,strong_null,True,684,292201944,0.0,0,1
250,250,0.15507642380702324,0.10907173404302606,0.14209170876702615,0.09847112324111151,0.046004689763997186,0.043620585525914635,0.04953416186179901,0.928746708026491,0.8806162027656119,0.3530203684599247,0.3785255858079284,0.395,0.394,0.424,True,999,0.00011220795568078756,0.0013977920170873404,strong_3x3_strong_250,strong_null,True,685,292201944,0.0,0,1
250,250,0.11879195039120277,0.07059991001819377,0.10696267977435525,0.05774467949470363,0.048192040373009004,0.04921800027965162,0.04547518938178818,1.059743588276487,1.0823044598328238,0.2892612669417536,0.2791172649383069,0.271,0.271,0.252,True,999,0.00011270795948803425,0.0013609579764306545,strong_3x3_strong_250,strong_null,True,686,292201944,0.0,0,0
250,250,0.11346683508026034,0.09917744386153399,0.10366636518591577,0.08949051893948479,0.014289391218726355,0.014175846246430979,0.04659177772350818,0.3066934106598073,0.30425639327512644,0.7590767457711873,0.7609325643356664,0.759,0.755,0.753,True,999,0.00011120806448161602,0.001328708021901548,strong_3x3_strong_250,strong_null,True,687,292201944,0.0,0,0
250,250,0.11777494704687369,0.10342210186816903,0.1078292378776382,0.09301477173099215,0.014352845178704665,0.014814466146646055,0.04983198058641979,0.2880247786622413,0.2972883271407296,0.7733277713761312,0.7662463926127354,0.781,0.786,0.772,True,999,0.00010991690214723349,0.001338207977823913,strong_3x3_strong_250,strong_null,True,688,292201944,0.0,2,1
250,250,0.10119260918002126,0.07995035230953634,0.09409836553422224,0.07013821830167899,0.02124225687048492,0.02396014723254325,0.04268969525258564,0.49759682623169615,0.5612630188802302,0.6187682411766876,0.5746182479785189,0.642,0.641,0.604,True,999,0.00011608295608311892,0.0013747499324381351,strong_3x3_strong_250,strong_null,True,689,292201944,0.0,1,0
250,250,0.12801772417004043,0.13759000869035137,0.11865501244280097,0.12457343264931353,-0.009572284520310947,-0.005918420206512565,0.052942627941062186,-0.18080486165075127,-0.11178931678837671,0.8565207469601512,0.9109904583936632,0.854,0.856,0.918,True,999,0.00011179200373589993,0.0014259170275181532,strong_3x3_strong_250,strong_null,True,690,292201944,0.0,1,0
250,250,0.078287291528095,0.059578278279056596,0.06947885957711719,0.04873570592482679,0.018709013249038398,0.020743153652290403,0.038685147647865306,0.48362264038226527,0.536204587897832,0.6286537039747304,0.5918171630666983,0.593,0.593,0.567,True,999,0.00011208304204046726,0.0013279170962050557,strong_3x3_strong_250,strong_null,True,691,292201944,0.0,1,0
250,250,0.08566579652681339,0.13646222692224208,0.07494766777094242,0.12735726278273773,-0.05079643039542869,-0.05240959501179532,0.0490493892981278,-1.035617998965944,-1.0685065759584447,0.30038039158294716,0.2852920656756488,0.306,0.306,0.293,True,999,0.0001105419360101223,0.0013977090129628778,strong_3x3_strong_250,strong_null,True,692,292201944,0.0,1,1
250,250,0.08560541277369837,0.14324812627939482,0.08097984590695262,0.13024290469768118,-0.05764271350569644,-0.049263058790728564,0.05039123292094757,-1.143903615061866,-0.9776116982097093,0.25266361165816,0.32826640934781515,0.264,0.256,0.332,True,999,0.00011416699271649122,0.0013470420381054282,strong_3x3_strong_250,strong_null,True,693,292201944,0.0,2,0
250,250,0.15847376711854977,0.0495300039493074,0.15175930941947513,0.03633524669568544,0.10894376316924237,0.11542406272378969,0.045841204217830674,2.3765467122451147,2.5179107899371815,0.01747554854144163,0.011805321746154738,0.021,0.027,0.022,True,999,0.0001193750649690628,0.0013937919866293669,strong_3x3_strong_250,strong_null,True,694,292201944,0.0,2,0
250,250,0.12392469014569146,0.11881246765790138,0.11951975911918566,0.10944787315324334,0.005112222487790086,0.010071885965942329,0.051000690285243906,0.10023829989746652,0.19748528715221017,0.9201551401991571,0.8434477938778847,0.914,0.914,0.837,True,999,0.00011633301619440317,0.0013902499340474606,strong_3x3_strong_250,strong_null,True,695,292201944,0.0,3,1
250,250,0.1146955019917425,0.07126378657116839,0.1040447087704024,0.05972357337411438,0.04343171542057411,0.044321135396288014,0.04439788474544165,0.9782383928782388,0.9982713286996963,0.327956431945436,0.3181478066387302,0.325,0.327,0.323,True,999,0.00011266698129475117,0.0014031250029802322,strong_3x3_strong_250,strong_null,True,696,292201944,0.0,1,0
250,250,0.10909607923429021,0.15987123629157274,0.09284788738668226,0.14835731483287873,-0.05077515705728253,-0.05550942744619647,0.05269830646907044,-0.9635064285620517,-1.053343668240571,0.3352934396191142,0.2921835118424134,0.335,0.342,0.293,True,999,0.00011074997019022703,0.001368209021165967,strong_3x3_strong_250,strong_null,True,697,292201944,0.0,0,0
250,250,0.09150025889385754,0.12449986610494523,0.0805983832956656,0.11725015801224004,-0.03299960721108769,-0.03665177471657444,0.0462106856327719,-0.7141120448488841,-0.7931450099624051,0.4751578985117797,0.42769334157524963,0.514,0.507,0.466,True,999,0.00010866695083677769,0.0013584999833256006,strong_3x3_strong_250,strong_null,True,698,292201944,0.0,1,1
250,250,0.08832851716980383,0.13993106409578582,0.07839816524457888,0.12715194251765638,-0.051602546925981985,-0.0487537772730775,0.04779524464885279,-1.0796586000364907,-1.0200549789266058,0.28029423599796,0.30770238695620733,0.265,0.262,0.297,True,999,0.00010879093315452337,0.0013636670773848891,strong_3x3_strong_250,strong_null,True,699,292201944,0.0,0,0
250,250,0.1908415242184861,0.09263199343175926,0.176105088818872,0.08148051090644515,0.09820953078672684,0.09462457791242684,0.05079226453049227,1.9335529079978,1.8629722219929885,0.053168122029357195,0.062466174498619444,0.07,0.067,0.078,True,999,0.00011254195123910904,0.0014165829634293914,strong_3x3_strong_250,strong_null,True,700,292201944,0.0,0,0
250,250,0.06393781840015761,0.14283129162845604,0.052581921004176024,0.13242345163884295,-0.07889347322829843,-0.07984153063466692,0.045021224608632796,-1.7523617785636743,-1.7734197887490903,0.07971161929770687,0.07615917233128605,0.069,0.075,0.071,True,999,0.00011070806067436934,0.0014370830031111836,strong_3x3_strong_250,strong_null,True,701,292201944,0.0,0,1
250,250,0.0742480606381527,0.06721968591150534,0.06310629369330911,0.05726728746253684,0.007028374726647357,0.00583900623077227,0.03990609517478732,0.17612283777361123,0.1463186564658262,0.8601974394167468,0.883669838627325,0.854,0.853,0.871,True,999,0.00011149991769343615,0.0013707500183954835,strong_3x3_strong_250,strong_null,True,702,292201944,0.0,0,0
250,250,0.07503117112853908,0.1875429516073593,0.06183759610684092,0.17680538423968528,-0.11251178047882021,-0.11496778813284436,0.048216971098695265,-2.3334477034760224,-2.384384284477698,0.019624660055162578,0.01710772732393262,0.023,0.023,0.029,True,999,0.00010962504893541336,0.0014322500210255384,strong_3x3_strong_250,strong_null,True,703,292201944,0.0,0,1
250,250,0.1472732094286442,0.09276117371970544,0.13513591178357842,0.07984135170336515,0.054512035708938755,0.05529456008021327,0.048140849906096135,1.1323446888717232,1.1485995820196613,0.2574895489223702,0.25072112949957326,0.273,0.262,0.251,True,999,0.00010958302300423384,0.0014159580459818244,strong_3x3_strong_250,strong_null,True,704,292201944,0.0,1,0
250,250,0.15364317375008546,0.08704303714578132,0.14276030966946962,0.07657403573801957,0.06660013660430414,0.06618627393145005,0.05007880682897417,1.3299066176187568,1.3216423897135774,0.18354904078505407,0.18628726084379088,0.209,0.225,0.227,True,999,0.00012279197108000517,0.0014536669477820396,strong_3x3_strong_250,strong_null,True,705,292201944,0.0,1,1
250,250,0.09181386005855008,0.06165030341084027,0.08048233911370062,0.056800039807043845,0.03016355664770981,0.023682299306656773,0.04119342605813396,0.7322419991272803,0.5749048227558271,0.4640208738296039,0.5653556680696977,0.45,0.465,0.582,True,999,0.00011641695164144039,0.0014266669750213623,strong_3x3_strong_250,strong_null,True,706,292201944,0.0,0,2
250,250,0.07979736733016862,0.10004035495841923,0.07101336888317178,0.08711376748856026,-0.02024298762825061,-0.016100398605388477,0.04407639327741868,-0.45927051019897186,-0.3652839401820355,0.6460399219313466,0.7148994652522955,0.633,0.641,0.7,True,999,0.00011358305346220732,0.0013482909416779876,strong_3x3_strong_250,strong_null,True,707,292201944,0.0,1,0
250,250,0.1365054389888154,0.11790101144206494,0.12425758559933797,0.10778119077723147,0.018604427546750457,0.0164763948221065,0.0508666998046212,0.36574866500500314,0.3239131865324912,0.7145526289186621,0.7460037603551057,0.709,0.708,0.738,True,999,0.00010991690214723349,0.0013847500085830688,strong_3x3_strong_250,strong_null,True,708,292201944,0.0,1,0
250,250,0.10319730712302977,0.052173666552713965,0.08996253187386571,0.04675915810493336,0.051023640570315804,0.04320337376893235,0.04182870048549722,1.2198237090345811,1.0328643555137877,0.22253171157517115,0.3016673816227329,0.221,0.238,0.316,True,999,0.00010795798152685165,0.0013350830413401127,strong_3x3_strong_250,strong_null,True,709,292201944,0.0,0,2
250,250,0.09294883883968186,0.11650626547469822,0.08666022154514508,0.1138974443718439,-0.023557426635016365,-0.027237222826698826,0.048195913927028364,-0.4887847270763199,-0.5651355189142733,0.6249941119069571,0.5719815910109369,0.641,0.642,0.563,True,999,0.00010900001507252455,0.0012898329878225923,strong_3x3_strong_250,strong_null,True,710,292201944,0.0,2,3
250,250,0.13179228703834417,0.13346989665866016,0.12090719575594733,0.12608583917639749,-0.0016776096203159896,-0.0051786434204501575,0.0526724158279572,-0.03184987044823481,-0.09831794002699726,0.9745917759224754,0.9216798331158401,0.978,0.978,0.924,True,999,0.000112291076220572,0.0013685420854017138,strong_3x3_strong_250,strong_null,True,711,292201944,0.0,1,1
250,250,0.1330575988544222,0.16435393752436955,0.12263415525319488,0.15341867399443743,-0.031296338669947354,-0.03078451874124255,0.05298276307546336,-0.5906890628820541,-0.5810289413822407,0.5547287774895275,0.5612209481313872,0.571,0.571,0.578,True,999,0.00010791700333356857,0.0014540000120177865,strong_3x3_strong_250,strong_null,True,712,292201944,0.0,1,1
250,250,0.10864041546974501,0.06720025751641501,0.09421872613778248,0.058015650266284524,0.041440157953330004,0.03620307587149796,0.044632712956794655,0.928470514293964,0.8111332131332292,0.3531635558538614,0.4172891742899415,0.34,0.334,0.407,True,999,0.00013658299576491117,0.0013539999490603805,strong_3x3_strong_250,strong_null,True,713,292201944,0.0,0,1
250,250,0.08709944649949863,0.10364471326495556,0.08225401090238904,0.09091019692817781,-0.016545266765456923,-0.00865618602578877,0.044624199520006284,-0.3707689312844528,-0.19397963703321913,0.7108096438325249,0.846191826348594,0.7,0.703,0.845,True,999,0.00011154194362461567,0.0013478749897331,strong_3x3_strong_250,strong_null,True,714,292201944,0.0,2,0
250,250,0.12985766417195993,0.11436738978228878,0.11341976813739052,0.1014512643374843,0.015490274389671155,0.011968503799906216,0.05027713665337777,0.3080977840179065,0.23805062492758597,0.7580079273691415,0.8118418295486738,0.763,0.762,0.811,True,999,0.00011000002268701792,0.0013767090858891606,strong_3x3_strong_250,strong_null,True,715,292201944,0.0,0,0
250,250,0.0898795076769871,0.10905317423869948,0.07675748541376493,0.10047992835400521,-0.019173666561712377,-0.023722442940240285,0.0469169329655709,-0.40867263373295537,-0.5056264644930765,0.6827799194744023,0.6131188996522848,0.679,0.684,0.618,True,999,0.00011079106479883194,0.0013723749434575438,strong_3x3_strong_250,strong_null,True,716,292201944,0.0,0,1
250,250,0.06204328924681568,0.06011227983147999,0.04893622237642603,0.04853486359887427,0.0019310094153356938,0.0004013587775517635,0.038168506029500414,0.05059169499176148,0.010515443733678064,0.9596508807885831,0.9916100444144622,0.967,0.966,0.993,True,999,0.00011066591832786798,0.0013811250682920218,strong_3x3_strong_250,strong_null,True,717,292201944,0.0,0,0
250,250,0.11452335066745556,0.1845310553574877,0.10533373015520908,0.17533747360253926,-0.07000770469003215,-0.07000374344733018,0.054697530667529796,-1.27990612804009,-1.2798337071711108,0.20057815217820352,0.20060362646666652,0.225,0.221,0.216,True,999,0.00010966695845127106,0.0013952079461887479,strong_3x3_strong_250,strong_null,True,718,292201944,0.0,1,1
250,250,0.1430482194396968,0.09159276100785574,0.13018054812701507,0.08007143954364437,0.05145545843184107,0.0501091085833707,0.048648611958752634,1.0576963321269732,1.0300213421475697,0.29019390799474454,0.30299998709523235,0.301,0.295,0.316,True,999,0.00011216592974960804,0.0013520830543711782,strong_3x3_strong_250,strong_null,True,719,292201944,0.0,0,0
250,250,0.10552622179731647,0.13134925673725956,0.0986514861248935,0.12258151693583841,-0.02582303493994309,-0.023930030810944913,0.04921674627451431,-0.5246798477069362,-0.4862172455991162,0.5998057687966913,0.6268131453424002,0.606,0.615,0.641,True,999,0.00011912500485777855,0.0013708750484511256,strong_3x3_strong_250,strong_null,True,720,292201944,0.0,2,1
250,250,0.15913561864760312,0.16123652089670948,0.14813224217843413,0.1521211838097969,-0.0021009022491063623,-0.0039889416313627635,0.05448541172571507,-0.038558986388549495,-0.07321118635284411,0.9692420020776273,0.9416380648552911,0.971,0.971,0.939,True,999,0.00011145800817757845,0.0013615830102935433,strong_3x3_strong_250,strong_null,True,721,292201944,0.0,0,1
250,250,0.1316994152092824,0.20344661699631328,0.12282391690894201,0.19197101162626495,-0.07174720178703087,-0.06914709471732294,0.053328263536385666,-1.345387924324182,-1.2966312820244774,0.17849999286065354,0.1947580837439351,0.187,0.192,0.216,True,999,0.00011070899199694395,0.0013934160815551877,strong_3x3_strong_250,strong_null,True,722,292201944,0.0,1,0
250,250,0.12683091529917234,0.05577983290201505,0.11783427839085903,0.04918870154602928,0.0710510823971573,0.06864557684482975,0.04505529935321034,1.5769750377231633,1.5235849684780425,0.1148012689260737,0.1276124204471745,0.122,0.12,0.127,True,999,0.00012220896314829588,0.0013930000131949782,strong_3x3_strong_250,strong_null,True,723,292201944,0.0,1,2
250,250,0.11851506178245796,0.1926240119310217,0.10708916622098741,0.18443296919299712,-0.07410895014856372,-0.07734380297200971,0.0546927090352787,-1.3550060228459495,-1.4141519836240013,0.1754156381292441,0.1573172827597522,0.185,0.189,0.185,True,999,0.0001106249401345849,0.001391042023897171,strong_3x3_strong_250,strong_null,True,724,292201944,0.0,0,2
250,250,0.0941082011030081,0.0938036843435307,0.08685308959596227,0.08091291497352415,0.0003045167594774023,0.005940174622438121,0.04464083287568627,0.006821484722863628,0.13306594522956247,0.9945572848685704,0.894141227364386,0.996,0.996,0.897,True,999,0.00011245801579207182,0.0013894169824197888,strong_3x3_strong_250,strong_null,True,725,292201944,0.0,1,0
250,250,0.09086606448810164,0.12722527222591795,0.07959176189783079,0.11632062052387937,-0.03635920773781631,-0.03672885862604858,0.046546356233761015,-0.7811397213396533,-0.7890812857958662,0.43472032197027544,0.4300644990433946,0.432,0.43,0.438,True,999,0.00011587503831833601,0.001396500039845705,strong_3x3_strong_250,strong_null,True,726,292201944,0.0,0,1
250,250,0.07378818986728991,0.18058265021352654,0.057631588777155685,0.17308758025016857,-0.10679446034623663,-0.11545599147301289,0.050175159712383545,-2.128432893057221,-2.301058773601026,0.033301208361349005,0.021388309191478678,0.033,0.033,0.019,True,999,0.00011737493332475424,0.0013724160380661488,strong_3x3_strong_250,strong_null,True,727,292201944,0.0,0,1
250,250,0.14102225620610126,0.13960443360955532,0.12458440915857238,0.1266633953667906,0.0014178225965459368,-0.0020789862082182253,0.052836823722787175,0.02683398616057358,-0.03934729723962593,0.9785921459351115,0.9686134980470599,0.973,0.974,0.974,True,999,0.0001371670514345169,0.0014070000033825636,strong_3x3_strong_250,strong_null,True,728,292201944,0.0,0,0
250,250,0.08276899259858433,0.17737728037843553,0.07011879815337352,0.16691982904791303,-0.0946082877798512,-0.09680103089453951,0.05167715540803687,-1.8307564925514002,-1.8731880679230448,0.06713689687349104,0.061042419428096,0.055,0.063,0.06,True,999,0.00011125009041279554,0.0013806249480694532,strong_3x3_strong_250,strong_null,True,729,292201944,0.0,0,1
250,250,0.10010982692406367,0.09302731226761163,0.08937818054840818,0.0832816315190712,0.007082514656452044,0.006096549029336984,0.046407524470017364,0.15261565311521547,0.13136983924397427,0.8787013802103497,0.8954827466554388,0.884,0.883,0.9,True,999,0.00011100003030151129,0.0013488330878317356,strong_3x3_strong_250,strong_null,True,730,292201944,0.0,1,0
250,250,0.14968991310154356,0.15849930420035652,0.1425401520161671,0.14737073168788584,-0.008809391098812958,-0.004830579671718738,0.05017675173020313,-0.1755671858987691,-0.096271271159449,0.8606339837234325,0.9233051273769904,0.852,0.85,0.909,True,999,0.00010941596701741219,0.0013569589937105775,strong_3x3_strong_250,strong_null,True,731,292201944,0.0,1,0
250,250,0.0846517518960993,0.1327041144210639,0.07301793605435591,0.12171037026173792,-0.04805236252496459,-0.04869243420738201,0.04620383678981546,-1.0400080569836267,-1.0538612719304536,0.29833615745131803,0.2919464361569527,0.308,0.302,0.299,True,999,0.00011575000826269388,0.0013778329594060779,strong_3x3_strong_250,strong_null,True,732,292201944,0.0,0,0
250,250,0.08952767640130826,0.13034431648411848,0.08231311944733477,0.11774395664205883,-0.04081664008281022,-0.03543083719472406,0.04649395102790593,-0.8778914069555379,-0.762052619994766,0.3800026529245596,0.4460285992964542,0.36,0.365,0.441,True,999,0.00011224998161196709,0.0013752089580520988,strong_3x3_strong_250,strong_null,True,733,292201944,0.0,1,0
250,250,0.1071447897835579,0.11044009287368983,0.09643965462943527,0.10293312977984215,-0.003295303090131929,-0.00649347515040688,0.04743530419238685,-0.06946942042928461,-0.13689118813428108,0.9446159727927806,0.8911168041154113,0.952,0.952,0.898,True,999,0.00010970898438245058,0.0014389579882845283,strong_3x3_strong_250,strong_null,True,734,292201944,0.0,1,1
250,250,0.10008216792577601,0.11255865660935149,0.0928515764322384,0.10192684673600638,-0.012476488683575482,-0.00907527030376798,0.0473118300628987,-0.26370758998306804,-0.19181820470066077,0.7920052465479162,0.8478846104689846,0.779,0.784,0.835,True,999,0.00011374999303370714,0.0013542500091716647,strong_3x3_strong_250,strong_null,True,735,292201944,0.0,1,1
250,250,0.11460529926952445,0.09106449553531076,0.10584452855160009,0.07795129860664929,0.02354080373421369,0.027893229944950804,0.04614106582557915,0.5101920233746186,0.6045207115585891,0.6099169399257091,0.5454975034550464,0.627,0.628,0.567,True,999,0.00010933296289294958,0.0013372079702094197,strong_3x3_strong_250,strong_null,True,736,292201944,0.0,1,0
250,250,0.0910925759103387,0.08960169929443296,0.07460647223264516,0.08095559281241549,0.0014908766159057452,-0.006349120579770329,0.044489318407983244,0.033510889113514034,-0.1427111227361719,0.9732671824530247,0.8865183319655827,0.968,0.967,0.885,True,999,0.00010920804925262928,0.001363457995466888,strong_3x3_strong_250,strong_null,True,737,292201944,0.0,0,1
250,250,0.11920149387516676,0.13049547722644522,0.1073041434242441,0.12379636069044864,-0.011293983351278458,-0.016492217266204534,0.05293322946185345,-0.2133628245640579,-0.31156642876077906,0.8310439745654035,0.7553700510186627,0.827,0.83,0.747,True,999,0.00011845806147903204,0.0014312498969957232,strong_3x3_strong_250,strong_null,True,738,292201944,0.0,0,2
250,250,0.11595371031506618,0.07570869856459117,0.10708991425734382,0.06652922904451941,0.04024501175047501,0.04056068521282441,0.045816685892377314,0.8783920304713859,0.8852819540047229,0.3797310077908229,0.3760045804624431,0.388,0.391,0.385,True,999,0.00012049998622387648,0.0014430410228669643,strong_3x3_strong_250,strong_null,True,739,292201944,0.0,1,1
250,250,0.11695785646764179,0.07420547323189308,0.11032976803167571,0.06542574258530465,0.0427523832357487,0.044904025446371065,0.045369100503871815,0.9423238010218034,0.9897490791676361,0.3460268861494148,0.3222967795154329,0.341,0.344,0.311,True,999,0.00011449994053691626,0.0013814999256283045,strong_3x3_strong_250,strong_null,True,740,292201944,0.0,2,1
250,250,0.1527018332687805,0.09228275103045369,0.14207002652237577,0.08744256739268508,0.060419082238326816,0.05462745912969069,0.04987789174964278,1.2113399367718771,1.0952239000775714,0.2257651486743525,0.2734185574670914,0.214,0.216,0.263,True,999,0.00011820800136774778,0.0013473749859258533,strong_3x3_strong_250,strong_null,True,741,292201944,0.0,1,2
250,250,0.12281402019454185,0.05547289544082529,0.11363738629395925,0.050560840213975666,0.06734112475371656,0.06307654607998359,0.04300976699326766,1.5657170326976546,1.4665633061871037,0.11741487696711128,0.14249488806158672,0.131,0.131,0.16,True,999,0.00011108303442597389,0.0013602919643744826,strong_3x3_strong_250,strong_null,True,742,292201944,0.0,1,2
250,250,0.13530433629098237,0.07793670957556059,0.12607835787142108,0.06473437139851512,0.05736762671542178,0.061343986472905954,0.04720519740988356,1.2152819999310176,1.2995176344726416,0.2242585547393252,0.19376634561367256,0.229,0.225,0.198,True,999,0.00010954204481095076,0.0013744169846177101,strong_3x3_strong_250,strong_null,True,743,292201944,0.0,1,0
250,250,0.11770320759360153,0.08869516103861674,0.10865930776310506,0.08000164358261941,0.02900804655498479,0.028657664180485654,0.04632247269316937,0.6262197345795459,0.618655752043035,0.5311708247951943,0.536143165305688,0.504,0.516,0.526,True,999,0.00011087500024586916,0.0013920000055804849,strong_3x3_strong_250,strong_null,True,744,292201944,0.0,1,1
250,250,0.05085486317573212,0.0799451296318126,0.04197781366519848,0.0687726389817982,-0.029090266456080482,-0.026794825316599713,0.03774274414951301,-0.7707512294507031,-0.7099331519312817,0.44085440015671473,0.4777455910261571,0.45,0.446,0.488,True,999,0.00011791707947850227,0.0013720419956371188,strong_3x3_strong_250,strong_null,True,745,292201944,0.0,1,0
250,250,0.10438701663730487,0.1358921276126575,0.09674832784405396,0.13098859732801316,-0.031505110975352635,-0.034240269483959196,0.05033625284695775,-0.6258930530872195,-0.6802307988253168,0.5313850913894314,0.4963583338331572,0.524,0.515,0.478,True,999,0.0001355829881504178,0.0012952500255778432,strong_3x3_strong_250,strong_null,True,746,292201944,0.0,1,2
250,250,0.08260535231659721,0.12395985315940161,0.0680225736613238,0.11511473818946172,-0.0413545008428044,-0.047092164528137914,0.048897371424467144,-0.8457407757937585,-0.9630817190425507,0.39769737063885857,0.3355065150763332,0.393,0.404,0.356,True,999,0.00011112506035715342,0.001330957980826497,strong_3x3_strong_250,strong_null,True,747,292201944,0.0,0,1
250,250,0.10131329696282476,0.07750977792108127,0.09384103717013659,0.06471081004964674,0.023803519041743493,0.02913022712048985,0.043947608339741116,0.5416340033279662,0.6628398727706839,0.5880706624149611,0.5074331138633981,0.549,0.552,0.476,True,999,0.00011095893569290638,0.0013368340441957116,strong_3x3_strong_250,strong_null,True,748,292201944,0.0,1,0
250,250,0.09564997206608744,0.10936689728062388,0.086212466004838,0.0960502690324887,-0.013716925214536435,-0.009837803027650693,0.04573429029910223,-0.29992649114762143,-0.21510780998921086,0.7642332270015547,0.829683264944163,0.74,0.74,0.807,True,999,0.00010983296670019627,0.0013522501103579998,strong_3x3_strong_250,strong_null,True,749,292201944,0.0,0,0
250,250,0.143779534011027,0.08642144997439871,0.12726883561161628,0.07802302897334812,0.05735808403662829,0.049245806638268164,0.05024586455530044,1.1415483551586652,0.9800967119208066,0.25364180147913007,0.32703838207786384,0.246,0.263,0.351,True,999,0.00011795805767178535,0.001410250086337328,strong_3x3_strong_250,strong_null,True,750,292201944,0.0,0,2
250,250,0.13142871437076992,0.2097589585600108,0.12472669869451636,0.19331064908914186,-0.0783302441892409,-0.0685839503946255,0.055523798440926836,-1.4107508201654901,-1.235217191914449,0.15831810030612126,0.21674968260984007,0.166,0.167,0.238,True,999,0.00011666701175272465,0.0014995420351624489,strong_3x3_strong_250,strong_null,True,751,292201944,0.0,2,0
250,250,0.11505757364271063,0.12100255956623723,0.10776431886814919,0.10855063012773769,-0.005944985923526602,-0.0007863112595885013,0.04774695445734527,-0.12451026439471767,-0.01646830187443583,0.9009112738101979,0.9868607900975949,0.908,0.906,0.985,True,999,0.00011508399620652199,0.0013686669990420341,strong_3x3_strong_250,strong_null,True,752,292201944,0.0,1,1
250,250,0.13815814085755646,0.14425848722199164,0.12904725703437236,0.13144378286352776,-0.006100346364435183,-0.0023965258291553937,0.05269900370691448,-0.11575828640636662,-0.04547573313688571,0.9078441108206445,0.9637281170343026,0.894,0.894,0.951,True,999,0.00011004204861819744,0.0013737919507548213,strong_3x3_strong_250,strong_null,True,753,292201944,0.0,1,0
250,250,0.14190410118842545,0.10417507545962906,0.13705036272202165,0.09508313560621673,0.037729025728796384,0.04196722711580492,0.04875718448287364,0.7738146927259307,0.8607393466402116,0.4390403825297745,0.38938161723269715,0.447,0.448,0.396,True,999,0.00010966707486659288,0.0013526249676942825,strong_3x3_strong_250,strong_null,True,754,292201944,0.0,2,1
250,250,0.07899782133251254,0.07063594674631846,0.06796759021800369,0.06585764770935043,0.008361874586194085,0.002109942508653262,0.04090518058802379,0.20442091847511054,0.05158130286487503,0.8380245847341921,0.958862317657194,0.83,0.831,0.95,True,999,0.00010945892427116632,0.0013731670333072543,strong_3x3_strong_250,strong_null,True,755,292201944,0.0,0,2
250,250,0.08241555430998404,0.09107039925460103,0.07206868255615007,0.08198681398640417,-0.00865484494461699,-0.009918131430254107,0.04433915754517897,-0.1951964228413275,-0.22368786371613217,0.845239179358989,0.8230001900337107,0.871,0.871,0.838,True,999,0.00011370796710252762,0.0014044999843463302,strong_3x3_strong_250,strong_null,True,756,292201944,0.0,0,1
250,250,0.14680201106398338,0.12160036245885125,0.13702746057298043,0.11297052128713858,0.025201648605132132,0.02405693928584185,0.05111734393139955,0.49301561205827177,0.4706218562162917,0.6220015561821397,0.637910796935409,0.602,0.6,0.614,True,999,0.00012708303984254599,0.0013386670034378767,strong_3x3_strong_250,strong_null,True,757,292201944,0.0,0,1
250,250,0.19688621294675734,0.07673845209381253,0.18945045853978115,0.062259459706154985,0.12014776085294482,0.12719099883362617,0.04871807792162733,2.466184340158622,2.610755683716383,0.013656103428121236,0.009034240993209845,0.01,0.008,0.007,True,999,0.00011216697748750448,0.0013924160739406943,strong_3x3_strong_250,strong_null,True,758,292201944,0.0,1,0
250,250,0.09647095687701551,0.06603020493777628,0.09161058336661654,0.0548930147250104,0.03044075193923923,0.036717568641606135,0.041901337716899065,0.7264863987137644,0.8762863107064411,0.46754064260892936,0.3808744051091163,0.475,0.472,0.387,True,999,0.00011108396574854851,0.0013787500793114305,strong_3x3_strong_250,strong_null,True,759,292201944,0.0,2,0
250,250,0.10254371474141671,0.147006028864069,0.09339667352705305,0.1340191165287905,-0.04446231412265228,-0.04062244300173745,0.04948310339605032,-0.8985352791393679,-0.8209356368901447,0.36890024564791757,0.41168293074392615,0.363,0.373,0.42,True,999,0.0001128750154748559,0.001412334037013352,strong_3x3_strong_250,strong_null,True,760,292201944,0.0,1,0
250,250,0.06830780448217344,0.09978532752922697,0.05859099967729264,0.09441444147445566,-0.031477523047053535,-0.035823441797163014,0.043506999544785596,-0.7235048009838265,-0.8233949059228224,0.4693698055803728,0.4102834589665598,0.469,0.477,0.416,True,999,0.00010858406312763691,0.0013919590273872018,strong_3x3_strong_250,strong_null,True,761,292201944,0.0,0,2
250,250,0.16541641962913223,0.09453781445737502,0.15502307903520318,0.08466876024193937,0.0708786051717572,0.07035431879326381,0.047220460296183354,1.5010147026772216,1.4899117533369381,0.13335175881033934,0.1362474407594284,0.158,0.15,0.155,True,999,0.00010725005995482206,0.0014171249931678176,strong_3x3_strong_250,strong_null,True,762,292201944,0.0,1,0
250,250,0.04745291666710594,0.09959477292826657,0.03849290150900231,0.09045838238735371,-0.052141856261160635,-0.0519654808783514,0.04146828908165519,-1.2573910671474324,-1.2531378079289983,0.20861206227984463,0.210155558693086,0.193,0.191,0.198,True,999,0.00011541694402694702,0.0013278750702738762,strong_3x3_strong_250,strong_null,True,763,292201944,0.0,1,1
250,250,0.09435199078334855,0.13625147795385012,0.07968002002832009,0.12840609001519,-0.04189948717050157,-0.0487260699868699,0.05018560796987284,-0.8348904968064639,-0.9709172003280478,0.40377936592545527,0.33158951213602317,0.413,0.409,0.349,True,999,0.00011033297050744295,0.0013731670333072543,strong_3x3_strong_250,strong_null,True,764,292201944,0.0,0,1
250,250,0.0839160206991581,0.04154195489075807,0.0689572146176829,0.02691832705049535,0.04237406580840003,0.042038887567187544,0.03910662493070679,1.0835521061580444,1.074981224835343,0.2785634359570399,0.282383134292179,0.26,0.259,0.262,True,999,0.00010933307930827141,0.001316166017204523,strong_3x3_strong_250,strong_null,True,765,292201944,0.0,0,0
250,250,0.15320667138563115,0.11764742831621572,0.14553814358653483,0.10485724136647434,0.035559243069415436,0.04068090222006049,0.05052253595051617,0.7038293387379367,0.8052030931286787,0.48153906043899997,0.4207024918399094,0.501,0.493,0.429,True,999,0.00011074997019022703,0.001423208974301815,strong_3x3_strong_250,strong_null,True,766,292201944,0.0,1,0
250,250,0.14756413129153134,0.14075421717791115,0.13620307882838745,0.1280505827069902,0.006809914113620197,0.008152496121397235,0.053201912914201094,0.12800130184421316,0.15323689835259857,0.8981479427945112,0.8782114605986242,0.905,0.906,0.893,True,999,0.00011575000826269388,0.0013851249823346734,strong_3x3_strong_250,strong_null,True,767,292201944,0.0,0,0
250,250,0.10981324051879637,0.08522699275607643,0.09523483778906439,0.07422483975169314,0.02458624776271995,0.021009998037371247,0.045495588893244114,0.5404094849813208,0.4618029692212894,0.5889146680731514,0.6442226214121831,0.578,0.573,0.631,True,999,0.00011000002268701792,0.0014159170677885413,strong_3x3_strong_250,strong_null,True,768,292201944,0.0,0,0
250,250,0.16887075960183456,0.07480264223830863,0.159762443870747,0.06152916864553504,0.09406811736352594,0.09823327522521197,0.048636599879514755,1.934101429716646,2.019739773515435,0.05310065818616647,0.0434103871831251,0.054,0.055,0.047,True,999,0.00011070806067436934,0.0014081660192459822,strong_3x3_strong_250,strong_null,True,769,292201944,0.0,1,0
250,250,0.13595773109039594,0.17057874668391154,0.12704572374489942,0.15758059418315895,-0.0346210155935156,-0.03053487043825953,0.053432063393077454,-0.6479445747551091,-0.5714709202530173,0.5170207990691418,0.5676804669211237,0.522,0.528,0.574,True,999,0.00011487503070384264,0.0013508331030607224,strong_3x3_strong_250,strong_null,True,770,292201944,0.0,1,0
250,250,0.10527177387379899,0.07128641172688605,0.09425219395954798,0.06071144702148956,0.033985362146912945,0.03354074693805842,0.0425905739074259,0.7979550174830449,0.7875157308507272,0.42489659437139715,0.43098002340802843,0.435,0.438,0.438,True,999,0.00011733290739357471,0.0013674580259248614,strong_3x3_strong_250,strong_null,True,771,292201944,0.0,0,1
250,250,0.13888490634921508,0.1412117924505888,0.12667798665982843,0.12646599302715344,-0.002326886101373715,0.00021199363267498939,0.05257240709881837,-0.044260596571124376,0.004032412521582147,0.9646966802564259,0.9967826090255615,0.947,0.947,0.997,True,999,0.00011350004933774471,0.0014085840666666627,strong_3x3_strong_250,strong_null,True,772,292201944,0.0,1,0
250,250,0.10593017917399022,0.0667455799795924,0.09481406806361292,0.05527734934528894,0.03918459919439782,0.03953671871832398,0.042477648872977135,0.9224757074378886,0.9307652322413712,0.3562804958917204,0.3519750179973741,0.36,0.347,0.344,True,999,0.00010987499263137579,0.0014080420369282365,strong_3x3_strong_250,strong_null,True,773,292201944,0.0,0,0
250,250,0.059234063120409686,0.0861484322074868,0.04858805303176439,0.07561858161947299,-0.026914369087077117,-0.027030528587708602,0.040582515660747644,-0.6632011014809839,-0.6660634055727885,0.5072017661421738,0.5053705736905357,0.516,0.513,0.513,True,999,0.00011329201515763998,0.0013516669860109687,strong_3x3_strong_250,strong_null,True,774,292201944,0.0,1,1
250,250,0.07668400142227172,0.12884568280528974,0.06374215242381354,0.12231553250867933,-0.05216168138301802,-0.05857338008486579,0.0463669058992255,-1.124976540301977,-1.2632583293819521,0.26059897552905786,0.20649635653085519,0.259,0.259,0.203,True,999,0.00011020805686712265,0.0013906670501455665,strong_3x3_strong_250,strong_null,True,775,292201944,0.0,0,2
250,250,0.09473164279918839,0.08307845719962093,0.08616385535367499,0.07331350491101318,0.011653185599567462,0.012850350442661806,0.04289437767188204,0.2716716323222545,0.29958123045774876,0.7858745153020634,0.7644966028803566,0.809,0.808,0.791,True,999,0.00010995904449373484,0.0013908749679103494,strong_3x3_strong_250,strong_null,True,776,292201944,0.0,1,0
250,250,0.09985226293549593,0.12589886910597792,0.09067913097038627,0.11253162505765602,-0.02604660617048199,-0.021852494087269747,0.04846780480635495,-0.537400162325215,-0.450866181676223,0.5909912312272922,0.652085998662532,0.581,0.58,0.647,True,999,0.00011754198931157589,0.001484291977249086,strong_3x3_strong_250,strong_null,True,777,292201944,0.0,1,0
250,250,0.07950705572540656,0.04778792537649318,0.06663719527061573,0.03893170822476577,0.03171913034891338,0.027705487045849964,0.03736962000377655,0.8487945648285391,0.741390654843428,0.3959956150607118,0.4584566090795009,0.387,0.385,0.446,True,999,0.0001283750170841813,0.00137908395845443,strong_3x3_strong_250,strong_null,True,778,292201944,0.0,0,1
250,250,0.12445518944339234,0.07006549371011211,0.11177029155015816,0.0571961334704838,0.05438969573328023,0.05457415807967436,0.044820807750256854,1.2134920913594767,1.2176076429448466,0.22494173625226332,0.22337310862804993,0.238,0.238,0.234,True,999,0.00014400004874914885,0.0013392079854384065,strong_3x3_strong_250,strong_null,True,779,292201944,0.0,0,0
250,250,0.06614776271420275,0.10410158362586508,0.057230957375807634,0.09290804189446078,-0.03795382091166233,-0.035677084518653146,0.043150526685845084,-0.8795679642100994,-0.8268053082734794,0.3790933999029258,0.4083474208537613,0.399,0.39,0.423,True,999,0.00011079199612140656,0.0013557500205934048,strong_3x3_strong_250,strong_null,True,780,292201944,0.0,1,0
250,250,0.123428331684372,0.13220419192402227,0.11048171828358022,0.12271373842915523,-0.008775860239650268,-0.012232020145575007,0.048826986356483866,-0.17973380899607577,-0.2505176145066484,0.8573615499014324,0.8021870844973695,0.871,0.868,0.82,True,999,0.00011024996638298035,0.001327750040218234,strong_3x3_strong_250,strong_null,True,781,292201944,0.0,0,0
250,250,0.10696088373391444,0.15558640360137832,0.09399928128846113,0.14631957264788298,-0.048625519867463884,-0.052320291359421844,0.050026443876709584,-0.9719963303268511,-1.0458526991917607,0.33105237418154054,0.2956290457730495,0.347,0.352,0.327,True,999,0.00011179107241332531,0.0013502080691978335,strong_3x3_strong_250,strong_null,True,782,292201944,0.0,0,1
250,250,0.16151918290071898,0.10096448849096018,0.15003091637326804,0.08956703913793262,0.0605546944097588,0.06046387723533542,0.04940206226386132,1.2257523600195104,1.2239140324222064,0.22029187975861875,0.2209846594626761,0.221,0.215,0.214,True,999,0.00010974996257573366,0.0014034169726073742,strong_3x3_strong_250,strong_null,True,783,292201944,0.0,0,0
250,250,0.11709185228885294,0.09159768134203167,0.10975086891851049,0.08424526717693936,0.02549417094682127,0.025505601741571127,0.044404732743662155,0.5741318407205148,0.5743892636131566,0.5658785882230869,0.5657044165771581,0.598,0.587,0.59,True,999,0.00011520902626216412,0.0014531250344589353,strong_3x3_strong_250,strong_null,True,784,292201944,0.0,1,1
250,250,0.1441928843440149,0.0860010983798668,0.13500640818540433,0.07619075727102143,0.05819178596414809,0.0588156509143829,0.04830302817588432,1.204723350930632,1.2176389997790469,0.22831011841940885,0.2233611871981659,0.23,0.231,0.228,True,999,0.00011737493332475424,0.0013648750027641654,strong_3x3_strong_250,strong_null,True,785,292201944,0.0,1,0
250,250,0.06697639999685534,0.054334988301388776,0.061810144528962496,0.04787998138267824,0.012641411695466565,0.013930163146284258,0.039271253571448325,0.3218998770300866,0.35471653892943233,0.7475285463493886,0.7228019593656443,0.717,0.717,0.684,True,999,0.00011229095980525017,0.0012718329671770334,strong_3x3_strong_250,strong_null,True,786,292201944,0.0,2,2
250,250,0.11679667683906253,0.06615622749596983,0.10369607985192886,0.05320939784844825,0.0506404493430927,0.05048668200348061,0.04468310108872911,1.133324413686817,1.1298831274764722,0.25707804303393145,0.25852547443617757,0.262,0.264,0.278,True,999,0.00011158303823322058,0.001359499990940094,strong_3x3_strong_250,strong_null,True,787,292201944,0.0,0,0
250,250,0.10232522959983537,0.05430571247423416,0.09484801677345445,0.043833635871550314,0.04801951712560121,0.05101438090190413,0.041831678906077446,1.1479223015030546,1.219515502030032,0.25100064076510353,0.2226485957313138,0.289,0.295,0.261,True,999,0.000110417022369802,0.001386999967508018,strong_3x3_strong_250,strong_null,True,788,292201944,0.0,1,1
250,250,0.07698708203455279,0.16961780098708223,0.0680558675473435,0.15778220427515066,-0.09263071895252944,-0.08972633672780717,0.04839034445527802,-1.9142397103235758,-1.8542198394709,0.05558953394260283,0.06370771485317607,0.061,0.069,0.077,True,999,0.00011579098645597696,0.0014324999647215009,strong_3x3_strong_250,strong_null,True,789,292201944,0.0,1,0
250,250,0.08146177878666355,0.04471588066644666,0.07251630709434664,0.03331941337599176,0.03674589812021689,0.039196893718354886,0.03691583825950541,0.9953965520681421,1.0617906992336041,0.3195434348864563,0.2883307130498731,0.306,0.305,0.284,True,999,0.00010983401443809271,0.0013814590638503432,strong_3x3_strong_250,strong_null,True,790,292201944,0.0,1,0
250,250,0.07547862843957293,0.07080097681417469,0.06501564616223732,0.0592484660293735,0.004677651625398238,0.005767180132863814,0.041016385771038874,0.1140434862181608,0.14060673617264308,0.9092033212780061,0.8881806264147497,0.915,0.915,0.899,True,999,0.00011416594497859478,0.001346167060546577,strong_3x3_strong_250,strong_null,True,791,292201944,0.0,1,0
250,250,0.12080420737541109,0.09148479004217808,0.11199578329205906,0.08228419802306064,0.02931941733323301,0.02971158526899842,0.045037786792010134,0.6509959618716074,0.6597034931181246,0.5150490936014746,0.5094441246110752,0.544,0.535,0.528,True,999,0.00010966695845127106,0.0013597910292446613,strong_3x3_strong_250,strong_null,True,792,292201944,0.0,1,1
250,250,0.13989960571118693,0.10957192149037881,0.13314082839229968,0.098490811394214,0.030327684220808115,0.034650016998085675,0.049164191315148695,0.6168653121212514,0.7047815914630768,0.5373235682793439,0.4809461662193548,0.536,0.535,0.475,True,999,0.0001088329590857029,0.0013684580335393548,strong_3x3_strong_250,strong_null,True,793,292201944,0.0,2,0
250,250,0.13465862641624127,0.15723773160008814,0.12583559300477987,0.14713757235550418,-0.02257910518384687,-0.02130197935072431,0.0515713956348577,-0.437822263793563,-0.41305803514702744,0.6615151304775272,0.6795640943150552,0.657,0.667,0.691,True,999,0.00010933296289294958,0.0013745410833507776,strong_3x3_strong_250,strong_null,True,794,292201944,0.0,1,0
250,250,0.0694205211139085,0.06859851408747669,0.058782716518294365,0.055832717458912384,0.0008220070264318147,0.0029499990593819803,0.04056005617891418,0.020266417354203488,0.07273163149403097,0.9838308453510788,0.9420196769068439,0.977,0.977,0.938,True,999,0.0001089159632101655,0.0013920000055804849,strong_3x3_strong_250,strong_null,True,795,292201944,0.0,1,0
250,250,0.10093079508505753,0.12555898490538164,0.08784376964666762,0.11590715712651445,-0.02462818982032411,-0.028063387479846824,0.04821639064811706,-0.510784600200801,-0.5820300338250797,0.6095018936559764,0.5605464509662141,0.609,0.608,0.554,True,999,0.00011329201515763998,0.0013502910733222961,strong_3x3_strong_250,strong_null,True,796,292201944,0.0,0,0
250,250,0.08161016299933338,0.05967383391952119,0.06991751825546544,0.049815879169401,0.02193632907981219,0.020101639086064438,0.039051966634707225,0.5617214949762964,0.5147407625868249,0.5743057868666788,0.606734184817195,0.556,0.553,0.589,True,999,0.00011033297050744295,0.001332791056483984,strong_3x3_strong_250,strong_null,True,797,292201944,0.0,0,0
250,250,0.19650940873033274,0.1021546729314185,0.18406368055893552,0.0877020623286171,0.09435473579891424,0.09636161823031841,0.05376892187516056,1.7548191875222063,1.792143395659831,0.07929024050119346,0.07310999906959957,0.077,0.078,0.071,True,999,0.00011104100849479437,0.0013765000039711595,strong_3x3_strong_250,strong_null,True,798,292201944,0.0,1,0
250,250,0.11971726582610343,0.04779395957023669,0.10904801203784587,0.034830148228763846,0.07192330625586674,0.07421786380908202,0.040859950351787584,1.7602396879251265,1.8163963286811742,0.07836717540581807,0.06930959797381644,0.097,0.086,0.083,True,999,0.00011587492190301418,0.0013934168964624405,strong_3x3_strong_250,strong_null,True,799,292201944,0.0,1,0
250,250,0.13195746994339652,0.09313700718321588,0.12132577246796927,0.08625472440044746,0.03882046276018064,0.035071048067521815,0.0505918143759196,0.7673269527700153,0.6932158591294708,0.44288714729276046,0.4881740970639914,0.473,0.477,0.514,True,999,0.00010983389802277088,0.0013784589245915413,strong_3x3_strong_250,strong_null,True,800,292201944,0.0,1,2
250,250,0.09798806292902795,0.12083279857690377,0.0864112508972994,0.11142128217180414,-0.022844735647875813,-0.02501003127450474,0.047596940507884725,-0.4799622707701442,-0.52545459871232,0.6312542212123461,0.5992672068480978,0.645,0.642,0.603,True,999,0.0001142079709097743,0.0013706659665331244,strong_3x3_strong_250,strong_null,True,801,292201944,0.0,0,0
250,250,0.14555073615189862,0.108012182181767,0.1338372340430709,0.1006707350727396,0.037538553970131616,0.033166498970331304,0.049888135705873006,0.7524545353117383,0.6648173659138525,0.45177776118653856,0.5061673139163578,0.428,0.435,0.486,True,999,0.00011150003410875797,0.0013549169525504112,strong_3x3_strong_250,strong_null,True,802,292201944,0.0,0,1
250,250,0.10138828360652247,0.08454188778995131,0.0911027070127517,0.07383592058276633,0.016846395816571158,0.01726678642998536,0.04401501323594971,0.382742036819648,0.3922931100218899,0.7019110425614751,0.6948416538934701,0.687,0.7,0.695,True,999,0.00011199992150068283,0.0013495830353349447,strong_3x3_strong_250,strong_null,True,803,292201944,0.0,1,1
250,250,0.13070875518256508,0.1410737154453165,0.12073190270695022,0.13437808585592848,-0.01036496026275141,-0.013646183148978253,0.05232092183374952,-0.19810354824569454,-0.2608169479952818,0.8429640487533467,0.7942336740770007,0.85,0.848,0.81,True,999,0.0001087910495698452,0.0013632919872179627,strong_3x3_strong_250,strong_null,True,804,292201944,0.0,2,2
250,250,0.10783660193527628,0.08743437589512537,0.09642394505183915,0.07124807931575106,0.020402226040150906,0.0251758657360881,0.047288144501406566,0.4314448421537041,0.5323927593593624,0.6661449504946174,0.5944539989882816,0.65,0.65,0.57,True,999,0.00010950001887977123,0.0014052910264581442,strong_3x3_strong_250,strong_null,True,805,292201944,0.0,0,0
250,250,0.15028837399869666,0.08077671194979724,0.14317429456561115,0.07155171041003427,0.06951166204889941,0.07162258415557687,0.049430854570105764,1.4062403463066546,1.448944890361899,0.15965276726780941,0.1473529734203171,0.172,0.176,0.169,True,999,0.00011991709470748901,0.0014340830966830254,strong_3x3_strong_250,strong_null,True,806,292201944,0.0,1,1
250,250,0.0873766735017979,0.11598519732805868,0.08067711297327662,0.10907087890481648,-0.02860852382626078,-0.02839376593153986,0.04631939894675353,-0.617635903677155,-0.6129994468231317,0.5368153718982285,0.539876705490643,0.552,0.546,0.548,True,999,0.00011258397717028856,0.0013438339810818434,strong_3x3_strong_250,strong_null,True,807,292201944,0.0,2,2
250,250,0.05622985655463009,0.04716955771870551,0.04892739099551591,0.03838405878045137,0.009060298835924574,0.010543332215064538,0.034598416848140176,0.2618703299544646,0.30473452763291076,0.7934214148485357,0.7605683503119021,0.796,0.793,0.763,True,999,0.00013349996879696846,0.001311750034801662,strong_3x3_strong_250,strong_null,True,808,292201944,0.0,1,1
250,250,0.1280108281424796,0.1358884688393739,0.11921066647343537,0.1229697443376665,-0.007877640696894284,-0.0037590778642311307,0.05092950370013561,-0.15467735054471596,-0.07380943443635249,0.8770756867183146,0.9411620199098625,0.882,0.885,0.946,True,999,0.00011137500405311584,0.0013473340077325702,strong_3x3_strong_250,strong_null,True,809,292201944,0.0,1,0
250,250,0.10247929172054537,0.11968600754484449,0.093496744558351,0.1082076829837888,-0.017206715824299113,-0.014710938425437803,0.04720189369389542,-0.36453443872156427,-0.31165992027435024,0.7154589618993201,0.7552989907813648,0.712,0.712,0.749,True,999,0.00011074997019022703,0.001381291076540947,strong_3x3_strong_250,strong_null,True,810,292201944,0.0,1,0
250,250,0.12345286008547207,0.17521006805177397,0.11380600164063992,0.1624371075212565,-0.0517572079663019,-0.04863110588061659,0.051696029712404286,-1.0011834226774854,-0.9407125876234886,0.3167381394548625,0.34685216655786777,0.344,0.343,0.367,True,999,0.00011312495917081833,0.001370707992464304,strong_3x3_strong_250,strong_null,True,811,292201944,0.0,0,0
250,250,0.0979195076128439,0.0747282692434974,0.09353103221589265,0.06353239121824572,0.0231912383693465,0.02999864099764693,0.04311069665765829,0.5379462678023494,0.6958514550545519,0.5906141447536979,0.4865218614125587,0.602,0.608,0.512,True,999,0.00010958395432680845,0.001391999889165163,strong_3x3_strong_250,strong_null,True,812,292201944,0.0,3,0
250,250,0.07604623063525384,0.0996128860097375,0.06508654622894028,0.09089908989543005,-0.023566655374483658,-0.025812543666489773,0.04278536897061347,-0.5508110819535081,-0.6033030516627952,0.5817631865593036,0.5463071032176559,0.577,0.574,0.546,True,999,0.00011033297050744295,0.0013430840335786343,strong_3x3_strong_250,strong_null,True,813,292201944,0.0,0,1
250,250,0.08155453292675141,0.18002799833850175,0.07670566957244773,0.16664217396592562,-0.09847346541175034,-0.08993650439347789,0.04878290953126932,-2.0186058264653095,-1.8436068134851522,0.04352820496438283,0.06524046233763109,0.054,0.057,0.075,True,999,0.00010874995496124029,0.001404333976097405,strong_3x3_strong_250,strong_null,True,814,292201944,0.0,2,0
250,250,0.06536756095573598,0.04819615014958034,0.056703659305881615,0.03926874144933379,0.01717141080615564,0.017434917856547827,0.037693005964018686,0.4555596022919285,0.4625504761597152,0.6487066985718304,0.6436866136970111,0.659,0.651,0.652,True,999,0.00011237501166760921,0.0013133339816704392,strong_3x3_strong_250,strong_null,True,815,292201944,0.0,1,1
250,250,0.0755841510373631,0.13166759267596417,0.06889145835623367,0.12109440804093197,-0.05608344163860107,-0.0522029496846983,0.04717483618030177,-1.1888423189060096,-1.1065846521475797,0.23450172164500827,0.2684735459741161,0.251,0.248,0.266,True,999,0.00011104193981736898,0.0013983750250190496,strong_3x3_strong_250,strong_null,True,816,292201944,0.0,2,1
250,250,0.15993582972615644,0.1157077727568035,0.15057243895117267,0.10419952616935291,0.04422805696935295,0.046372912781819764,0.05174244472426025,0.8547732370406522,0.8962257780617989,0.39267669702540264,0.37013219064020453,0.364,0.368,0.358,True,999,0.00012079090811312199,0.0014132090145722032,strong_3x3_strong_250,strong_null,True,817,292201944,0.0,1,0
250,250,0.13183363333566672,0.1266254239742225,0.12414751263067103,0.11350762557692917,0.005208209361444227,0.010639887053741859,0.04882419800217128,0.10667270686581704,0.21792241325231165,0.9150486357987903,0.8274895635512853,0.906,0.906,0.837,True,999,0.00014037499204277992,0.0013678750256076455,strong_3x3_strong_250,strong_null,True,818,292201944,0.0,1,0
250,250,0.12277565931862383,0.14732510061776227,0.10957689222738054,0.1365827496609029,-0.02454944129913844,-0.02700585743352235,0.05336267237481994,-0.4600489481992754,-0.5060814279283643,0.6454810868292817,0.6127994877220169,0.643,0.648,0.617,True,999,0.00010991701856255531,0.001391083002090454,strong_3x3_strong_250,strong_null,True,819,292201944,0.0,0,1
250,250,0.14834398666245957,0.15945508242515039,0.13923405163774305,0.14661559756694942,-0.011111095762690815,-0.007381545929206368,0.05302335772165337,-0.20955096470914988,-0.1392130986490117,0.8340181542978089,0.8892817580694262,0.844,0.843,0.892,True,999,0.0001082499511539936,0.0013677499955520034,strong_3x3_strong_250,strong_null,True,820,292201944,0.0,1,0
250,250,0.10295038285106695,0.12493733296386689,0.09006582351150882,0.12025749802970154,-0.02198695011279994,-0.030191674518192713,0.04516309305377809,-0.4868344620821013,-0.668503250701671,0.6263756461944681,0.5038124075866832,0.609,0.603,0.501,True,999,0.0001076249172911048,0.0013559170765802264,strong_3x3_strong_250,strong_null,True,821,292201944,0.0,0,2
250,250,0.09338756992115926,0.12587039204409606,0.08515489610452676,0.11556686448267328,-0.032482822122936794,-0.030411968378146526,0.04877407080641684,-0.6659854628878603,-0.623527375823333,0.5054203922762586,0.5329380182222451,0.509,0.508,0.538,True,999,0.00011437502689659595,0.0014074580976739526,strong_3x3_strong_250,strong_null,True,822,292201944,0.0,2,1
250,250,0.07216133827691107,0.06431080961756785,0.059263239889119745,0.05150912995696899,0.007850528659343214,0.0077541099321507545,0.038904077812112366,0.2017919226168892,0.19931355190063382,0.8400793964731611,0.8420174789621379,0.837,0.834,0.826,True,999,0.00011758296750485897,0.0013878749450668693,strong_3x3_strong_250,strong_null,True,823,292201944,0.0,0,0
250,250,0.09118404959243959,0.09722894871518484,0.0782364463684786,0.09009179935432599,-0.006044899122745251,-0.01185535298584739,0.04607556771890098,-0.13119532589645186,-0.2573023746158666,0.8956207933945024,0.7969453594749046,0.9,0.903,0.815,True,999,0.00011033297050744295,0.001345458091236651,strong_3x3_strong_250,strong_null,True,824,292201944,0.0,0,1
250,250,0.044614580545234706,0.05514691798595439,0.031672874313628085,0.04238401633021738,-0.010532337440719686,-0.010711142016589292,0.03398826222487613,-0.30988161062883146,-0.31514238491280583,0.7566509875259262,0.7526535483477746,0.738,0.736,0.732,True,999,0.00010983308311551809,0.0013408749364316463,strong_3x3_strong_250,strong_null,True,825,292201944,0.0,0,0
250,250,0.08486493574872256,0.10635718735275279,0.0738108447003043,0.09522594362185544,-0.021492251604030232,-0.021415098921551134,0.044359173686802984,-0.48450522896967885,-0.4827659566598781,0.6280273542741919,0.6292619254336427,0.641,0.638,0.646,True,999,0.0001105000264942646,0.001369584002532065,strong_3x3_strong_250,strong_null,True,826,292201944,0.0,0,0
250,250,0.1556478064434733,0.08949936141866349,0.14073399017226507,0.07804516054994792,0.06614844502480982,0.06268882962231714,0.04916876023382268,1.3453348164615098,1.2749727535166555,0.17851713491956578,0.20231888601063142,0.185,0.179,0.205,True,999,0.00011079094838351011,0.0014223329490050673,strong_3x3_strong_250,strong_null,True,827,292201944,0.0,0,0
250,250,0.06480006051556347,0.0979919443496462,0.054778045726322944,0.08693077710479713,-0.033191883834082725,-0.032152731378474186,0.041979625130733424,-0.7906665133553762,-0.7659127797912388,0.42913862197896757,0.44372820121541634,0.375,0.378,0.397,True,999,0.0001170419855043292,0.001394208986312151,strong_3x3_strong_250,strong_null,True,828,292201944,0.0,0,0
250,250,0.11186391851609528,0.08079964527116124,0.1024834030100692,0.06612304655475043,0.03106427324493405,0.036360356455318765,0.04489916180749379,0.6918675537446077,0.8098226111929361,0.48902050836495004,0.41804213511915633,0.471,0.473,0.399,True,999,0.00012070802040398121,0.0013729579513892531,strong_3x3_strong_250,strong_null,True,829,292201944,0.0,0,0
250,250,0.114326594410943,0.041167930534609765,0.1034358041596306,0.03633198512403624,0.07315866387633324,0.06710381903559437,0.041123207443919986,1.7790116195605665,1.6317749321257182,0.07523785698877732,0.10272690800303894,0.068,0.072,0.091,True,999,0.0001153330085799098,0.001338082947768271,strong_3x3_strong_250,strong_null,True,830,292201944,0.0,1,2
250,250,0.17241699673878558,0.11235956145673182,0.16169054060839017,0.10719142769956136,0.06005743528205376,0.054499112908828806,0.05262999649237058,1.1411255801766942,1.0355142797079453,0.25381766771677794,0.30042880116835224,0.269,0.272,0.319,True,999,0.00011699995957314968,0.0013655830407515168,strong_3x3_strong_250,strong_null,True,831,292201944,0.0,1,2
250,250,0.1550947624643213,0.13995533884730466,0.14361095772088106,0.12928733007241533,0.015139423617016645,0.014323627648465731,0.0534444127249455,0.2832742066964509,0.26800982400504686,0.7769666479194584,0.7886917568202791,0.779,0.782,0.8,True,999,0.0001153330085799098,0.0013752499362453818,strong_3x3_strong_250,strong_null,True,832,292201944,0.0,0,1
250,250,0.10909209796390584,0.17297109520778553,0.10372698402332503,0.16414777887243304,-0.06387899724387969,-0.060420794849108006,0.05226582672502327,-1.2221943332103917,-1.1560286832730877,0.22163414633183942,0.2476694247747505,0.281,0.268,0.303,True,999,0.00013233395293354988,0.0013908749679103494,strong_3x3_strong_250,strong_null,True,833,292201944,0.0,2,1
250,250,0.12822370172185016,0.12867507737896544,0.11911968754914426,0.12105570077497418,-0.0004513756571152827,-0.0019360132258299245,0.05008154052945359,-0.009012814948250701,-0.03865722190976395,0.9928089114599017,0.9691636798667013,0.988,0.988,0.974,True,999,0.0001112909521907568,0.0014079170068725944,strong_3x3_strong_250,strong_null,True,834,292201944,0.0,1,1
250,250,0.09883817124319905,0.16149816151508212,0.09156572929799722,0.15107141950683456,-0.06265999027188307,-0.059505690208837336,0.04911178245618911,-1.2758647138857124,-1.2116377625251185,0.20200334650273244,0.22565107270463314,0.175,0.202,0.228,True,999,0.00011270795948803425,0.0013564999680966139,strong_3x3_strong_250,strong_null,True,835,292201944,0.0,1,1
250,250,0.042594905420192175,0.09931573621776024,0.03438261645653995,0.08783331774934311,-0.05672083079756807,-0.05345070129280316,0.03966544889993516,-1.4299808112763042,-1.3475380406671897,0.15272252648737772,0.17780701035464175,0.155,0.151,0.167,True,999,0.00011366698890924454,0.0013519999338313937,strong_3x3_strong_250,strong_null,True,836,292201944,0.0,2,0
250,250,0.07893649177966094,0.05874006100595808,0.06988195731929636,0.04743232457099111,0.020196430773702867,0.022449632748305248,0.03964075338308757,0.5094865523499239,0.5663270960405918,0.6104112219640757,0.5711714440407503,0.586,0.595,0.54,True,999,0.00011083297431468964,0.001330957980826497,strong_3x3_strong_250,strong_null,True,837,292201944,0.0,1,0
250,250,0.12361200925868798,0.07547464824772776,0.11394226498531168,0.0643261445621306,0.04813736101096022,0.04961612042318109,0.044322855435649115,1.0860618192988325,1.1194251799777901,0.27745164289787283,0.26295879376237397,0.273,0.269,0.252,True,999,0.00011066696606576443,0.0013581669190898538,strong_3x3_strong_250,strong_null,True,838,292201944,0.0,0,0
250,250,0.1061019694244485,0.18289402726305465,0.09729799048643883,0.17138409313062652,-0.07679205783860615,-0.07408610264418769,0.05245133964600918,-1.4640628505748559,-1.4124730301302153,0.1431767764400546,0.15781072637690918,0.147,0.163,0.176,True,999,0.00011012505274266005,0.0013785409973934293,strong_3x3_strong_250,strong_null,True,839,292201944,0.0,1,0
250,250,0.10613188212614333,0.08125933623657655,0.09847845887952644,0.06804639827905135,0.024872545889566777,0.030432060600475097,0.045227100308577434,0.5499478348128729,0.6728722467910148,0.5823551535506954,0.5010285699057906,0.6,0.594,0.492,True,999,0.00011108303442597389,0.0014517080271616578,strong_3x3_strong_250,strong_null,True,840,292201944,0.0,1,0
250,250,0.07015386804004298,0.07611235642128705,0.06116478425857963,0.06538447355458743,-0.005958488381244076,-0.0042196892960078,0.04132205030470307,-0.14419633917743696,-0.1021171327388742,0.8853454316493043,0.9186637021448264,0.873,0.871,0.924,True,999,0.00011233298573642969,0.0013555829646065831,strong_3x3_strong_250,strong_null,True,841,292201944,0.0,1,1
250,250,0.0653285169461787,0.11150103272387785,0.05242091621133227,0.09660371077971774,-0.04617251577769915,-0.044182794568385475,0.044500548949517896,-1.0375718247898011,-0.9928595401936977,0.29946944082420657,0.32077840938297597,0.312,0.312,0.333,True,999,0.00011237501166760921,0.0013739169808104634,strong_3x3_strong_250,strong_null,True,842,292201944,0.0,0,0
250,250,0.12617969240896515,0.1212471548757913,0.12076985077825952,0.10965018779538127,0.004932537533173853,0.011119662982878253,0.04862229166690258,0.10144601095656407,0.22869475299633932,0.91919641337689,0.8191061732294185,0.912,0.911,0.8,True,999,0.00011345802340656519,0.001395749975927174,strong_3x3_strong_250,strong_null,True,843,292201944,0.0,2,0
250,250,0.09538274234712862,0.09037751963235818,0.08593078048342306,0.0794888665261766,0.005005222714770441,0.00644191395724647,0.0458617873177317,0.1091371053660452,0.14046364814822232,0.9130937448241193,0.8882936722742506,0.915,0.917,0.889,True,999,0.00012320803944021463,0.0013800830347463489,strong_3x3_strong_250,strong_null,True,844,292201944,0.0,0,1
250,250,0.11662745598938284,0.10250408355996671,0.10224434815746974,0.09295287182112588,0.014123372429416137,0.009291476336343862,0.04718933137540539,0.29929164109278095,0.1968978170601181,0.764717531904298,0.8439075019752297,0.754,0.756,0.825,True,999,0.00010879198089241982,0.0014002909883856773,strong_3x3_strong_250,strong_null,True,845,292201944,0.0,0,0
250,250,0.07330881184137927,0.13837245635742945,0.06565133053135241,0.1253493710533462,-0.06506364451605018,-0.05969804052199379,0.046495824933304924,-1.3993438036507475,-1.2839441091243469,0.16170990997411672,0.19916151211518518,0.157,0.159,0.202,True,999,0.00011216697748750448,0.0013650000328198075,strong_3x3_strong_250,strong_null,True,846,292201944,0.0,1,0
250,250,0.1329930428221724,0.1833855522386198,0.1201514428946524,0.17372492749071,-0.050392509416447406,-0.0535734845960576,0.05300580494672272,-0.9506979370862872,-1.01070976376843,0.3417577357129893,0.31215536254635357,0.342,0.338,0.316,True,999,0.00010916602332144976,0.0013481669593602419,strong_3x3_strong_250,strong_null,True,847,292201944,0.0,0,0
250,250,0.08109276002256754,0.08177083266129448,0.06824438801255894,0.07199536566267284,-0.0006780726387269342,-0.003750977650113896,0.04257862418896583,-0.015925189027189268,-0.08809532298335639,0.9872940746113827,0.9298009136470571,0.99,0.991,0.923,True,999,0.00010950001887977123,0.0013285829918459058,strong_3x3_strong_250,strong_null,True,848,292201944,0.0,0,0
250,250,0.12881467781139289,0.12564530186405864,0.11714118198739243,0.11580412551487029,0.003169375947334241,0.0013370564725221357,0.050165957589353175,0.06317782216534194,0.02665266520908398,0.9496249048410211,0.9787367673963788,0.945,0.945,0.972,True,999,0.00011258304584771395,0.0014070420293137431,strong_3x3_strong_250,strong_null,True,849,292201944,0.0,0,0
250,250,0.08438808812062376,0.20506834495989845,0.07307210779673312,0.1946073072928698,-0.12068025683927469,-0.12153519949613667,0.04917747766677119,-2.4539741069480945,-2.471358948493956,0.014128715450883076,0.013460063854131853,0.021,0.02,0.023,True,999,0.00011329201515763998,0.001410166034474969,strong_3x3_strong_250,strong_null,True,850,292201944,0.0,0,1
250,250,0.12192070569578634,0.15153601281710177,0.11042978556454841,0.14286103742664125,-0.029615307121315437,-0.032431251862092836,0.04880587075236071,-0.6067980483655845,-0.6644948929740006,0.5439849434825133,0.5063736165085202,0.557,0.543,0.508,True,999,0.00011183402966707945,0.0014077500673010945,strong_3x3_strong_250,strong_null,True,851,292201944,0.0,0,1
250,250,0.1579663972303631,0.13795378447761653,0.14458190091517054,0.12526175413216833,0.020012612752746572,0.0193201467830022,0.051887054006872387,0.38569568336055315,0.37235004285352696,0.6997220601274697,0.7096322440230789,0.717,0.723,0.733,True,999,0.0001117080682888627,0.0013567080022767186,strong_3x3_strong_250,strong_null,True,852,292201944,0.0,0,0
250,250,0.10050519153030318,0.1622104767127393,0.09072216977486391,0.14824017610514773,-0.06170528518243612,-0.05751800633028381,0.050864539727769116,-1.2131297267740453,-1.130807565312191,0.22508022621004165,0.25813609504624746,0.27,0.276,0.302,True,999,0.0001236669486388564,0.0013950420543551445,strong_3x3_strong_250,strong_null,True,853,292201944,0.0,0,1
250,250,0.11576366334145927,0.12101016282261734,0.09778545597463051,0.1080633577150536,-0.005246499481158073,-0.01027790174042309,0.0506481713233378,-0.103587145282392,-0.20292740037560272,0.9174969893578048,0.8391917774227436,0.928,0.928,0.862,True,999,0.00011591601651161909,0.0014117079554125667,strong_3x3_strong_250,strong_null,True,854,292201944,0.0,0,0
250,250,0.10502519029894802,0.18730478819551272,0.09213014098375538,0.17988442549092554,-0.0822795978965647,-0.08775428450717015,0.05202308835556777,-1.581597719347216,-1.686833428791973,0.11374143500267278,0.09163538562790534,0.111,0.115,0.096,True,999,0.00011708296369761229,0.0014343749498948455,strong_3x3_strong_250,strong_null,True,855,292201944,0.0,0,1
250,250,0.08899814907878023,0.17353233922816985,0.08436103186319599,0.16296308774340673,-0.08453419014938962,-0.07860205588021074,0.05034291490314642,-1.6791675712863072,-1.561333030306875,0.09311939011988093,0.11844519408585899,0.089,0.093,0.12,True,999,0.000132082961499691,0.0014700420433655381,strong_3x3_strong_250,strong_null,True,856,292201944,0.0,2,1
250,250,0.10411811792217796,0.09235498232177825,0.09288211331490004,0.08328616276430978,0.01176313560039971,0.00959595055059026,0.04687321932748556,0.2509564260610116,0.20472138863658929,0.8018477982383474,0.8377898086050559,0.798,0.803,0.835,True,999,0.00010958302300423384,0.0014334169682115316,strong_3x3_strong_250,strong_null,True,857,292201944,0.0,0,1
250,250,0.09275105901883446,0.1226605223525482,0.08623278953869828,0.11120725664845565,-0.02990946333371375,-0.02497446710975737,0.0482452096444317,-0.6199467999858883,-0.5176569299588449,0.5352928126983081,0.6046976536071955,0.552,0.55,0.614,True,999,0.00011354207526892424,0.0013810000382363796,strong_3x3_strong_250,strong_null,True,858,292201944,0.0,2,0
250,250,0.027203910016478816,0.08627551714039416,0.022357621697253194,0.07326939197369597,-0.05907160712391535,-0.05091177027644278,0.03537398078344158,-1.6699168658893637,-1.4392434537725076,0.09493581290976819,0.15008155768815803,0.09,0.094,0.161,True,999,0.00011079094838351011,0.0012982500484213233,strong_3x3_strong_250,strong_null,True,859,292201944,0.0,2,0
250,250,0.1007453615470395,0.10542402749553775,0.09439945971685404,0.09535694393812832,-0.004678665948498251,-0.0009574842212742851,0.04617770825277867,-0.10131871254604151,-0.02073477133237053,0.9192974621673903,0.9834572314647423,0.936,0.936,0.985,True,999,0.00011104100849479437,0.0013884169748052955,strong_3x3_strong_250,strong_null,True,860,292201944,0.0,2,0
250,250,0.11442679427489671,0.0725310818298619,0.10544008178993636,0.06281166418143869,0.041895712445034816,0.04262841760849767,0.04506723673685793,0.9296268304546548,0.9458848754672884,0.35256433068875837,0.34420730852610815,0.369,0.377,0.38,True,999,0.00011212495155632496,0.0014006660785526037,strong_3x3_strong_250,strong_null,True,861,292201944,0.0,1,0
250,250,0.11676843027442313,0.07646217857040027,0.10670056158380703,0.06155830476271262,0.040306251704022855,0.045142256821094406,0.046227289716572875,0.8719146623379204,0.9765283039059616,0.3832549341955911,0.3288027288218224,0.404,0.398,0.351,True,999,0.00010954192839562893,0.0014284580247476697,strong_3x3_strong_250,strong_null,True,862,292201944,0.0,0,0
250,250,0.09115344971226036,0.15809427324005432,0.07815499464673792,0.15089855893150173,-0.06694082352779396,-0.0727435642847638,0.04863823392814321,-1.3763004558654512,-1.4956045565353615,0.16872863184416276,0.13475673505977143,0.163,0.165,0.141,True,999,0.0001112079480662942,0.0014032920589670539,strong_3x3_strong_250,strong_null,True,863,292201944,0.0,0,1
250,250,0.1605340639648437,0.07795751368916903,0.15015137958985747,0.06521325014939805,0.08257655027567468,0.08493812944045942,0.04696141467557986,1.7583914549025466,1.8086791044782475,0.07868092608161566,0.07050087107882856,0.089,0.088,0.077,True,999,0.00010916602332144976,0.0013740829890593886,strong_3x3_strong_250,strong_null,True,864,292201944,0.0,1,0
250,250,0.0964555214485131,0.06386896036790785,0.08708786109612277,0.05677326550954831,0.03258656108060526,0.030314595586574455,0.0417019679451148,0.7814154268089555,0.7269344129387946,0.4345582007258061,0.46726613482408097,0.421,0.419,0.444,True,999,0.00011270795948803425,0.0013462499482557178,strong_3x3_strong_250,strong_null,True,865,292201944,0.0,1,1
250,250,0.12650200840973091,0.1187394089430997,0.11758459525674425,0.10982315241525953,0.007762599466631215,0.0077614428414847225,0.0479368774970118,0.16193377357787028,0.16190964549095924,0.8713580063385583,0.8713770070404703,0.867,0.867,0.874,True,999,0.0001099579967558384,0.0014002079842612147,strong_3x3_strong_250,strong_null,True,866,292201944,0.0,1,1
250,250,0.10322676442421086,0.12954379326913723,0.08674357488915518,0.11985611330800339,-0.02631702884492637,-0.0331125384188482,0.04900297877577402,-0.5370495733605674,-0.6757250119500553,0.5912333716605996,0.4992152526664313,0.609,0.603,0.493,True,999,0.00010933401063084602,0.001441375003196299,strong_3x3_strong_250,strong_null,True,867,292201944,0.0,0,0
250,250,0.052131286106088415,0.17563329974913322,0.03866904953648742,0.16692780944994468,-0.1235020136430448,-0.12825875991345725,0.04405163735487048,-2.803573738886009,-2.9115548845604167,0.005053967384910314,0.0035963471944055183,0.008,0.007,0.006,True,999,0.000114083057269454,0.001345750060863793,strong_3x3_strong_250,strong_null,True,868,292201944,0.0,0,1
250,250,0.1146859735331534,0.08266825632406372,0.10347082180673794,0.070410268914614,0.03201771720908969,0.03306055289212395,0.046505124097026236,0.6884771910787582,0.7109012938692062,0.49115232893309546,0.47714540417860185,0.48,0.475,0.456,True,999,0.00011341704521328211,0.0013708749320358038,strong_3x3_strong_250,strong_null,True,869,292201944,0.0,0,1
250,250,0.19298981958080086,0.058970105552039465,0.18540274043884608,0.04974968160991011,0.1340197140287614,0.13565305882893597,0.04576721847630041,2.9282905645262383,2.9639786586370995,0.0034083136529739246,0.003036893475734055,0.007,0.006,0.006,True,999,0.00010970793664455414,0.0014077499508857727,strong_3x3_strong_250,strong_null,True,870,292201944,0.0,1,1
250,250,0.058929810288756435,0.1173635742669869,0.04407525225877862,0.11020465303059268,-0.05843376397823047,-0.06612940077181406,0.04341819682261303,-1.3458358074372412,-1.523080312201556,0.17835547468288393,0.12773861377157458,0.196,0.185,0.142,True,999,0.0001277499832212925,0.0013767500640824437,strong_3x3_strong_250,strong_null,True,871,292201944,0.0,0,1
250,250,0.10959741943534601,0.1074336425381574,0.09982005687162143,0.09424541734234992,0.0021637768971886073,0.005574639529271508,0.04705570693116354,0.04598330443433642,0.11846893592368063,0.9633235569638835,0.9056961072758901,0.962,0.962,0.887,True,999,0.00010887498501688242,0.001368708093650639,strong_3x3_strong_250,strong_null,True,872,292201944,0.0,0,0
250,250,0.12363051352362947,0.1163809600009511,0.11454117225868288,0.10540017647737443,0.007249553522678365,0.009140995781308447,0.04910234150485663,0.14764170710599053,0.18616211571915214,0.8826255382662673,0.8523176318653796,0.884,0.884,0.857,True,999,0.00010837498120963573,0.0013977499911561608,strong_3x3_strong_250,strong_null,True,873,292201944,0.0,1,0
250,250,0.06936970304523105,0.09293986865449955,0.056623680077791505,0.08425399554911905,-0.0235701656092685,-0.02763031547132755,0.041703792420087434,-0.5651803886764859,-0.6625372386521585,0.5719510744044192,0.5076269775237914,0.543,0.546,0.485,True,999,0.00012874999083578587,0.0013565829722210765,strong_3x3_strong_250,strong_null,True,874,292201944,0.0,0,1
250,250,0.12348314687092282,0.11974111569334345,0.11229844573695402,0.10330430587477224,0.0037420311775793746,0.008994139862181783,0.051093668618942295,0.07323864734567262,0.17603237554265824,0.9416162128157892,0.8602685075763749,0.93,0.93,0.871,True,999,0.00011366698890924454,0.0013500419445335865,strong_3x3_strong_250,strong_null,True,875,292201944,0.0,0,0
250,250,0.07836627800029405,0.11582327809231435,0.06691380358394383,0.10285514426951181,-0.0374570000920203,-0.03594134068556798,0.045703228219575995,-0.8195701168430023,-0.7864070457537894,0.41246121502160416,0.4316290570222817,0.397,0.393,0.418,True,999,0.00010983308311551809,0.0013297919649630785,strong_3x3_strong_250,strong_null,True,876,292201944,0.0,0,0
250,250,0.1314804414031424,0.0653606734372027,0.11844196447849242,0.05358360201434209,0.06611976796593971,0.06485836246415033,0.04585606645843973,1.441897944427165,1.4143900136513619,0.14933116619220546,0.1572474205931757,0.154,0.146,0.16,True,999,0.00011100003030151129,0.001370792044326663,strong_3x3_strong_250,strong_null,True,877,292201944,0.0,0,0
250,250,0.12863226444867848,0.08505703796214786,0.11549067875188257,0.0718756143333934,0.043575226486530616,0.04361506441848917,0.04773302174132167,0.912894782205005,0.9137293811996894,0.3612978820187398,0.3608590614830961,0.396,0.389,0.382,True,999,0.00010983308311551809,0.0014497920637950301,strong_3x3_strong_250,strong_null,True,878,292201944,0.0,0,0
250,250,0.15260027284368033,0.09449916317519752,0.14570007499308701,0.08474189590036474,0.05810110966848281,0.060958179092722276,0.04914190079537416,1.1823130307965621,1.240452202826888,0.23708151699775593,0.21480818271711644,0.233,0.234,0.21,True,999,0.00011316698510199785,0.0013650830369442701,strong_3x3_strong_250,strong_null,True,879,292201944,0.0,2,0
250,250,0.12168754479596966,0.10712234274162735,0.10868767200452112,0.09986802600485589,0.014565202054342308,0.008819645999665227,0.04856880846770979,0.29988798395220573,0.18159074265799272,0.7642626001691116,0.8559039143495945,0.753,0.754,0.847,True,999,0.00011016696225851774,0.0013661660486832261,strong_3x3_strong_250,strong_null,True,880,292201944,0.0,0,1
250,250,0.09167013953662334,0.19186462184095604,0.0825749859152296,0.18341740253352157,-0.1001944823043327,-0.10084241661829196,0.04945812273370287,-2.0258448312688566,-2.0389454966023943,0.04278068817149209,0.041455467485336586,0.045,0.047,0.048,True,999,0.00010966591071337461,0.0013453750871121883,strong_3x3_strong_250,strong_null,True,881,292201944,0.0,1,2
250,250,0.10272272745636557,0.10530080230427652,0.08930201991920228,0.09228918914615747,-0.0025780748479109494,-0.0029871692269551886,0.04772570042584107,-0.054018585896228176,-0.06259036955564065,0.9569203564565134,0.9500926983632304,0.961,0.961,0.937,True,999,0.00011370796710252762,0.0014374579768627882,strong_3x3_strong_250,strong_null,True,882,292201944,0.0,0,0
250,250,0.1317353387292861,0.13152568410035848,0.12194770806836175,0.12242355662242232,0.00020965462892763576,-0.00047584855406057613,0.04910077846052745,0.004269884012046346,-0.009691262928613546,0.9965931358226456,0.9922676119731586,0.997,0.997,0.995,True,999,0.00011133402585983276,0.0014166670152917504,strong_3x3_strong_250,strong_null,True,883,292201944,0.0,0,1
250,250,0.07830748149499078,0.09752300762134197,0.07008651291587853,0.0948441927465069,-0.01921552612635119,-0.024757679830628376,0.04558562306730149,-0.4215260170510747,-0.5431028066475421,0.6733710171704892,0.5870590203257895,0.689,0.683,0.592,True,999,0.00011258304584771395,0.0013347079511731863,strong_3x3_strong_250,strong_null,True,884,292201944,0.0,2,3
250,250,0.108000866816294,0.08217135756925986,0.10142016612894622,0.07343875395193322,0.025829509247034144,0.027981412177013,0.04588955671052819,0.5628624702122743,0.6097555562264426,0.5735285375892742,0.5420237463700701,0.584,0.582,0.548,True,999,0.00011345790699124336,0.0013352499809116125,strong_3x3_strong_250,strong_null,True,885,292201944,0.0,2,1
250,250,0.0654075738681163,0.13909960846032038,0.060234782612099025,0.1315862349948418,-0.07369203459220408,-0.07135145238274276,0.0489159917151452,-1.5065019027179982,-1.4586528838717416,0.13193837905205572,0.14466067021545262,0.167,0.167,0.175,True,999,0.00011958403047174215,0.0012957090511918068,strong_3x3_strong_250,strong_null,True,886,292201944,0.0,2,1
250,250,0.08180143710756715,0.06217338286338847,0.07251130361619573,0.04927270714844667,0.019628054244178683,0.023238596467749062,0.03960188162360729,0.49563438502068796,0.5868053616395889,0.6201523883776833,0.5573344354626468,0.669,0.665,0.61,True,999,0.00011033297050744295,0.0013364580227062106,strong_3x3_strong_250,strong_null,True,887,292201944,0.0,0,0
250,250,0.12410299926286816,0.11096868000969495,0.11675682710986734,0.10204544037408425,0.01313431925317321,0.014711386735783094,0.04930790634472025,0.2663734931544015,0.2983575622321743,0.7899515773848196,0.7654302752636638,0.769,0.775,0.752,True,999,0.00011029094457626343,0.001419208012521267,strong_3x3_strong_250,strong_null,True,888,292201944,0.0,1,1
250,250,0.23053912040545704,0.1899197317299538,0.22415186835802103,0.18110041780666108,0.04061938867550324,0.04305145055135995,0.05332590528015795,0.7617196269261897,0.8073271391302376,0.4462273587043094,0.41947803221523405,0.45,0.451,0.43,True,999,0.0001100829103961587,0.0014227090869098902,strong_3x3_strong_250,strong_null,True,889,292201944,0.0,2,1
250,250,0.042013491172923245,0.07759052190434246,0.0371693021815247,0.06855355620712089,-0.03557703073141921,-0.03138425402559619,0.03734140616809594,-0.9527501608071688,-0.8404679214359777,0.34071667173568876,0.4006460803270284,0.338,0.348,0.397,True,999,0.00011237501166760921,0.0013430420076474547,strong_3x3_strong_250,strong_null,True,890,292201944,0.0,2,1
250,250,0.1133812541904769,0.12015393671242558,0.10192642760632964,0.10696704819559955,-0.006772682521948681,-0.005040620589269906,0.04959740475144633,-0.13655316353525895,-0.10163073278794722,0.8913839996786843,0.919049784506252,0.886,0.886,0.921,True,999,0.00011266698129475117,0.0013735840329900384,strong_3x3_strong_250,strong_null,True,891,292201944,0.0,0,0
250,250,0.1258528725361377,0.15092660573964578,0.12092699441538457,0.14402682645196307,-0.025073733203508086,-0.023099832036578505,0.04852959484878662,-0.5166689168049999,-0.47599474317795726,0.6053872978566734,0.6340781230039925,0.638,0.635,0.659,True,999,0.0001076660118997097,0.0012998749734833837,strong_3x3_strong_250,strong_null,True,892,292201944,0.0,2,2
250,250,0.11346169557293145,0.09914136006599689,0.10581599579543877,0.0891991299943129,0.014320335506934567,0.01661686580112587,0.04762844145817167,0.3006677327350927,0.3488853569924005,0.7636678764127077,0.7271753787277595,0.792,0.792,0.749,True,999,0.00010887498501688242,0.0013615000061690807,strong_3x3_strong_250,strong_null,True,893,292201944,0.0,1,0
250,250,0.08159373763178629,0.1536429249259575,0.07033749775267495,0.1389005017988012,-0.0720491872941712,-0.06856300404612625,0.04846894212614322,-1.4865021626974864,-1.4145760364995603,0.13714634523886912,0.15719283898165828,0.133,0.143,0.173,True,999,0.00010866601951420307,0.00139999995008111,strong_3x3_strong_250,strong_null,True,894,292201944,0.0,0,0
250,250,0.12298533967640535,0.11076432496394079,0.11160364748323559,0.10023646295637434,0.012221014712464562,0.011367184526861251,0.048175433785370154,0.25367731543241073,0.23595396312369524,0.7997448605665259,0.8134683936773224,0.797,0.798,0.827,True,999,0.00011312495917081833,0.0014245000202208757,strong_3x3_strong_250,strong_null,True,895,292201944,0.0,0,1
250,250,0.10436395252512348,0.17012969694791802,0.09114769734924266,0.15894207026208562,-0.06576574442279454,-0.06779437291284296,0.05127685122965653,-1.282562069348716,-1.322124336558976,0.19964554615693186,0.18612675109667276,0.203,0.202,0.185,True,999,0.00010974996257573366,0.0013790419325232506,strong_3x3_strong_250,strong_null,True,896,292201944,0.0,0,0
250,250,0.1285589322311072,0.12306255139858041,0.1222652483168929,0.11248912670309608,0.005496380832526793,0.009776121613796818,0.0477522945603599,0.11510192092610864,0.2047256933682966,0.9083643373466075,0.8377864451538279,0.918,0.916,0.845,True,999,0.00010833295527845621,0.0013720419956371188,strong_3x3_strong_250,strong_null,True,897,292201944,0.0,2,1
250,250,0.08262544992289411,0.10559103009526494,0.07141679930722944,0.0988900815655569,-0.022965580172370825,-0.02747328225832746,0.04474214417077809,-0.5132874295141641,-0.6140358887017927,0.6077502758318141,0.539191611863554,0.628,0.621,0.546,True,999,0.00010745797771960497,0.0013825830537825823,strong_3x3_strong_250,strong_null,True,898,292201944,0.0,0,2
250,250,0.1045189135206599,0.09793652466551511,0.09543556605179049,0.0884671014728724,0.006582388855144783,0.006968464578918088,0.04406439938430544,0.1493811091747061,0.1581427337325757,0.8812529171707448,0.8743443276207842,0.884,0.882,0.876,True,999,0.00010858406312763691,0.0013896250165998936,strong_3x3_strong_250,strong_null,True,899,292201944,0.0,1,0
250,250,0.12388065261622977,0.09136720537438098,0.1138204551076143,0.08238238339251325,0.03251344724184879,0.031438071715101046,0.0473649073427953,0.6864459167319459,0.6637418603518731,0.4924319579633135,0.5068555425082719,0.487,0.483,0.489,True,999,0.00011516700033098459,0.0014790829736739397,strong_3x3_strong_250,strong_null,True,900,292201944,0.0,0,1
250,250,0.06900800421324615,0.17726222440190714,0.05837143258067101,0.1624984296441312,-0.10825422018866099,-0.10412699706346018,0.04943855717626308,-2.1896719154384434,-2.106190047015665,0.028548039289707092,0.03518784737114882,0.025,0.026,0.036,True,999,0.00012924999464303255,0.001424291986040771,strong_3x3_strong_250,strong_null,True,901,292201944,0.0,1,0
250,250,0.0801825388668087,0.09955207472295646,0.07279723741390853,0.08853831633960141,-0.019369535856147757,-0.015741078925692875,0.044784445269499235,-0.43250587876187263,-0.35148540594770855,0.6653737804541076,0.7252242193017269,0.672,0.68,0.732,True,999,0.00011162494774907827,0.0013615830102935433,strong_3x3_strong_250,strong_null,True,902,292201944,0.0,1,1
250,250,0.10000216761330805,0.09454124662846886,0.09118205664199763,0.08591241793453719,0.00546092098483919,0.0052696387074604445,0.04632694028622417,0.11787786871094216,0.11374890452300018,0.9061644291827189,0.9094368438731575,0.897,0.897,0.898,True,999,0.00011016696225851774,0.0013292080257087946,strong_3x3_strong_250,strong_null,True,903,292201944,0.0,1,1
250,250,0.09597418129100832,0.0842427692607009,0.0838337838411718,0.07655203206789452,0.01173141203030742,0.0072817517732772785,0.04398466655695857,0.26671594782049013,0.16555205127786227,0.7896878740113884,0.8685094839919907,0.783,0.778,0.859,True,999,0.00011291599366813898,0.0013792500831186771,strong_3x3_strong_250,strong_null,True,904,292201944,0.0,1,1
250,250,0.07310044951829509,0.11560044670774866,0.05864137817371784,0.11102449137012371,-0.042499997189453576,-0.05238311319640587,0.04590314814172667,-0.9258623626038499,-1.1411660271028081,0.3545175131176228,0.2538008389046821,0.355,0.359,0.254,True,999,0.00012337509542703629,0.0014164999593049288,strong_3x3_strong_250,strong_null,True,905,292201944,0.0,0,3
250,250,0.12889320867253384,0.16241411500233688,0.11759622059713593,0.15323078577691263,-0.033520906329803035,-0.0356345651797767,0.05285471869890142,-0.6342083952950782,-0.6741983697383175,0.5259448293988478,0.5001852059627682,0.541,0.544,0.522,True,999,0.00010866695083677769,0.001442458014935255,strong_3x3_strong_250,strong_null,True,906,292201944,0.0,0,1
250,250,0.08035352427596815,0.11961267272628906,0.07162314114569313,0.1149744899761771,-0.03925914845032091,-0.04335134883048397,0.04647948719429894,-0.8446553699313694,-0.932698518149773,0.39830328460437503,0.35097565021580335,0.385,0.404,0.357,True,999,0.0001125409035012126,0.001367166987620294,strong_3x3_strong_250,strong_null,True,907,292201944,0.0,1,2
250,250,0.10420451835669248,0.10816986127912892,0.08949134420259952,0.09669092119550271,-0.003965342922436443,-0.007199576992903189,0.048592583210140025,-0.08160387162971361,-0.14816205513850564,0.9349617224504918,0.8822148768648589,0.958,0.958,0.897,True,999,0.00011841708328574896,0.001383833005093038,strong_3x3_strong_250,strong_null,True,908,292201944,0.0,0,0
250,250,0.041187094811985736,0.14347323264855438,0.030244119821944082,0.13274481496965507,-0.10228613783656865,-0.10250069514771099,0.04301132068597172,-2.3781212993520002,-2.3831096909596154,0.017401100682314298,0.017167078189851456,0.032,0.029,0.03,True,999,0.00011170795187354088,0.001350125065073371,strong_3x3_strong_250,strong_null,True,909,292201944,0.0,1,1
250,250,0.10893735189943543,0.09044643903294386,0.10147949079005514,0.07904818938270353,0.01849091286649157,0.02243130140735161,0.04508859621684047,0.4101017644808659,0.4974938962276581,0.681731298411156,0.6188408061350811,0.688,0.686,0.631,True,999,0.00011283298954367638,0.0013687079772353172,strong_3x3_strong_250,strong_null,True,910,292201944,0.0,1,0
250,250,0.1543830429596828,0.05328304838818182,0.13971338577709957,0.038325071900914054,0.10109999457150098,0.10138831387618552,0.04576942769086418,2.20889794065922,2.2151973269358396,0.02718174048235819,0.02674652328597336,0.033,0.032,0.032,True,999,0.00011083390563726425,0.0014472919283434749,strong_3x3_strong_250,strong_null,True,911,292201944,0.0,0,0
250,250,0.03754633897860582,0.14769396222217246,0.02852644214549116,0.14518257478623298,-0.11014762324356664,-0.11665613264074182,0.04186219731235747,-2.631195453542323,-2.7866700777865194,0.008508508699879215,0.005325266517737049,0.009,0.009,0.006,True,999,0.00012733298353850842,0.001396041945554316,strong_3x3_strong_250,strong_null,True,912,292201944,0.0,1,3
250,250,0.08169580282481809,0.09985811976568082,0.07048427226506249,0.08848834482159873,-0.018162316940862733,-0.018004072556536244,0.043435214727219916,-0.418147281069634,-0.41450405321131006,0.675839437785879,0.6785049992671126,0.7,0.695,0.697,True,999,0.00011162494774907827,0.0013482499634847045,strong_3x3_strong_250,strong_null,True,913,292201944,0.0,0,0
250,250,0.1101364495026192,0.0742356834316506,0.09873549918806646,0.0620885362261987,0.03590076607096859,0.03664696296186776,0.04392735418870615,0.817275857697771,0.8342629242917116,0.4137708002411241,0.40413283949872314,0.432,0.428,0.41,True,999,0.00011012493632733822,0.0013744999887421727,strong_3x3_strong_250,strong_null,True,914,292201944,0.0,0,1
250,250,0.1180938515175135,0.10419341892252992,0.10927964004805801,0.09524796252560463,0.01390043259498358,0.014031677522453379,0.048308340464042775,0.2877439477626033,0.29046076490451045,0.7735427465709623,0.7714637625851686,0.789,0.785,0.789,True,999,0.00011558306869119406,0.0013350410154089332,strong_3x3_strong_250,strong_null,True,915,292201944,0.0,1,1
250,250,0.0777566634749568,0.150099569016504,0.06492049344065265,0.13880542962738218,-0.07234290554154721,-0.07388493618672953,0.04796198929707716,-1.5083383029309805,-1.5404894014942816,0.13146796481061937,0.12344110427429182,0.15,0.152,0.146,True,999,0.00011054205242544413,0.0014027910074219108,strong_3x3_strong_250,strong_null,True,916,292201944,0.0,0,0
250,250,0.12159375865559635,0.10017617591354139,0.11241907885492708,0.09359346424281512,0.021417582742054964,0.018825614612111963,0.04861993834625848,0.4405102818009464,0.3871994752037911,0.6595675671441295,0.6986085386282859,0.665,0.671,0.723,True,999,0.00012616696767508984,0.0014450829476118088,strong_3x3_strong_250,strong_null,True,917,292201944,0.0,1,2
250,250,0.1105848748398165,0.12925833627084016,0.10332924843194746,0.11811674179752174,-0.018673461431023664,-0.014787493365574278,0.04898793756063716,-0.3811848867470629,-0.3018598884117208,0.703066062714047,0.7627588745966607,0.678,0.683,0.758,True,999,0.00011037499643862247,0.0013676249654963613,strong_3x3_strong_250,strong_null,True,918,292201944,0.0,1,0
250,250,0.11423120824757427,0.13645652096735333,0.10749238007301187,0.13204278155284044,-0.022225312719779067,-0.024550401479828565,0.050914205234158995,-0.43652478944850187,-0.4821915881219999,0.6624560175145249,0.6296698519275782,0.649,0.661,0.633,True,999,0.0001105000264942646,0.0013887919485569,strong_3x3_strong_250,strong_null,True,919,292201944,0.0,2,3
250,250,0.07973327642064293,0.08556203632686149,0.07062020000068969,0.07243532058242863,-0.005828759906218561,-0.0018151205817389382,0.04181826501212256,-0.13938311177015308,-0.04340497103867793,0.8891474169433119,0.9653787151217915,0.884,0.883,0.958,True,999,0.0001093749888241291,0.0013513750163838267,strong_3x3_strong_250,strong_null,True,920,292201944,0.0,0,0
250,250,0.12446770637867405,0.0907112376948424,0.11480076789985105,0.08384744511840836,0.03375646868383164,0.030953322781442694,0.04857042829326116,0.6950004327739301,0.6372874168321319,0.48705503034478426,0.523937645738128,0.513,0.517,0.558,True,999,0.00011441600508987904,0.0014469169545918703,strong_3x3_strong_250,strong_null,True,921,292201944,0.0,0,2
250,250,0.12115657941207014,0.14422714063485653,0.10673625030426592,0.13325142209524188,-0.02307056122278639,-0.026515171790975955,0.050686961394896576,-0.4551577089627877,-0.5231162228171294,0.6489957832335692,0.6008933767765203,0.627,0.625,0.588,True,999,0.00010933296289294958,0.0014569169143214822,strong_3x3_strong_250,strong_null,True,922,292201944,0.0,0,0
250,250,0.13606796730996729,0.13857424463691137,0.1271531971881501,0.12566100937240776,-0.002506277326944084,0.0014921878157423407,0.05245483152575069,-0.04777972312643351,0.0284470995776587,0.9618917966978917,0.9773055593539436,0.96,0.961,0.972,True,999,0.00011074997019022703,0.0013969580177217722,strong_3x3_strong_250,strong_null,True,923,292201944,0.0,1,0
250,250,0.1096106735517019,0.1105322822967752,0.09498570374444171,0.10048432212053626,-0.000921608745073299,-0.005498618376094555,0.047096624754332614,-0.01956846695236937,-0.11675185652425579,0.9843876187414009,0.9070566956680982,0.986,0.986,0.904,True,999,0.00011654198169708252,0.0014009169535711408,strong_3x3_strong_250,strong_null,True,924,292201944,0.0,0,0
250,250,0.08431257188288477,0.09225019428490222,0.0751325620195189,0.0805930332253979,-0.007937622402017452,-0.005460471205879003,0.04305526876902482,-0.18435890958200227,-0.1268246921224057,0.8537319026554085,0.89907915205325,0.861,0.859,0.895,True,999,0.00011595897376537323,0.0013861249899491668,strong_3x3_strong_250,strong_null,True,925,292201944,0.0,1,0
250,250,0.1867563696715845,0.11433382442613416,0.1738486758856368,0.10694840571409259,0.07242254524545033,0.06690027017154421,0.05282652034274314,1.3709505145439533,1.2664144777564248,0.17039038275338758,0.20536473029179947,0.183,0.189,0.223,True,999,0.00011799996718764305,0.0014289160026237369,strong_3x3_strong_250,strong_null,True,926,292201944,0.0,0,1
250,250,0.07168375652754011,0.12279419594611413,0.06115988020948748,0.11144253653732505,-0.051110439418574016,-0.05028265632783757,0.04581292570578813,-1.1156336040794834,-1.097564836848757,0.26457900180501137,0.2723945543540178,0.284,0.265,0.277,True,999,0.00014537503011524677,0.0013773749815300107,strong_3x3_strong_250,strong_null,True,927,292201944,0.0,1,0
250,250,0.11662653489060659,0.05686480010547257,0.10493831129926434,0.04376236783713239,0.059761734785134024,0.061175943462131954,0.0438961273702567,1.3614352419076403,1.393652404598766,0.1733761853268848,0.16342259537640014,0.154,0.154,0.152,True,999,0.0001116669736802578,0.0013884579529985785,strong_3x3_strong_250,strong_null,True,928,292201944,0.0,0,0
250,250,0.08325202288513084,0.09561749496319971,0.0726824667695638,0.08455742943473865,-0.012365472078068873,-0.011874962665174849,0.043968612915148066,-0.28123407263113187,-0.27007817344821644,0.7785308726353823,0.7871001134254011,0.771,0.775,0.789,True,999,0.00011124997399747372,0.0013762079179286957,strong_3x3_strong_250,strong_null,True,929,292201944,0.0,1,0
250,250,0.11825809506686247,0.05964255524367118,0.11317091779466182,0.04827524246753967,0.05861553982319129,0.06489567532712215,0.04378809980399847,1.3386180283127715,1.4820390840800144,0.18069505402028962,0.13832989572216897,0.175,0.177,0.13,True,999,0.00012329104356467724,0.0013520000502467155,strong_3x3_strong_250,strong_null,True,930,292201944,0.0,2,0
250,250,0.07317512626160094,0.0821845948514367,0.06176629919463039,0.06940731014508117,-0.009009468589835756,-0.007641010950450777,0.041468447588382536,-0.21726081186506185,-0.18426083913957322,0.828005095261755,0.8538088337082304,0.834,0.831,0.857,True,999,0.00011179095599800348,0.0013292920775711536,strong_3x3_strong_250,strong_null,True,931,292201944,0.0,0,0
250,250,0.10791264222273261,0.06687131881440456,0.09318279765838611,0.05519443831869353,0.041041323408328056,0.03798835933969258,0.04466514259616118,0.9188669513361281,0.8505146772543283,0.3581651680022815,0.39503900384374624,0.378,0.369,0.41,True,999,0.00011104100849479437,0.0013628329616039991,strong_3x3_strong_250,strong_null,True,932,292201944,0.0,0,0
250,250,0.08086127985391395,0.06654981145591893,0.0726350895123744,0.05361637819879661,0.01431146839799502,0.019018711313577796,0.04284628049677839,0.33401892141071843,0.4438824349060547,0.738365280643804,0.6571275845628286,0.753,0.756,0.67,True,999,0.00011045800056308508,0.001419208012521267,strong_3x3_strong_250,strong_null,True,933,292201944,0.0,2,0
250,250,0.1493716082523548,0.13854915870946166,0.14248430752869012,0.12729173656060766,0.010822449542893131,0.015192570968082464,0.05260711611111385,0.20572215971760455,0.2887930776511975,0.837007947834481,0.7727397297513665,0.832,0.83,0.774,True,999,0.0001105419360101223,0.0013545840047299862,strong_3x3_strong_250,strong_null,True,934,292201944,0.0,2,0
250,250,0.1919271364742673,0.10087533455066072,0.18700577085580505,0.08999799270175401,0.09105180192360657,0.09700777815405104,0.05040029289606917,1.806572872728442,1.9247463175281843,0.0708289023485748,0.0542611028768796,0.116,0.11,0.097,True,999,0.00010958395432680845,0.001400417066179216,strong_3x3_strong_250,strong_null,True,935,292201944,0.0,2,1
250,250,0.09469043969858826,0.07605082355577164,0.08497023400036596,0.07120026004595559,0.018639616142816617,0.013769973954410375,0.04281407245372966,0.43536190496619914,0.3216226153046282,0.6632997572873145,0.747738608913788,0.654,0.658,0.755,True,999,0.00010904204100370407,0.0013408329105004668,strong_3x3_strong_250,strong_null,True,936,292201944,0.0,0,2
250,250,0.12685603437993598,0.09717537162736967,0.11240386649801337,0.09216227541330113,0.02968066275256631,0.02024159108471224,0.047192737466402235,0.6289243715454473,0.42891326444291916,0.5293985696721257,0.6679863467720406,0.531,0.534,0.668,True,999,0.0001152500044554472,0.0013674580259248614,strong_3x3_strong_250,strong_null,True,937,292201944,0.0,0,2
250,250,0.18002586008986005,0.10173826193561741,0.17290497637877422,0.09280585167546462,0.07828759815424263,0.0800991247033096,0.049925461975072104,1.5680896091323462,1.6043742317958574,0.11686022117496099,0.10863158744322868,0.132,0.125,0.118,True,999,0.00012541597243398428,0.0013770420337095857,strong_3x3_strong_250,strong_null,True,938,292201944,0.0,1,1
250,250,0.12161397152697451,0.11764908224000165,0.11220546185448654,0.10626761925111339,0.003964889286972861,0.005937842603373156,0.04894881262645196,0.08100072451666035,0.12130718366321194,0.9354413763187641,0.9034477303003482,0.944,0.944,0.911,True,999,0.00010970805305987597,0.0013813329860568047,strong_3x3_strong_250,strong_null,True,939,292201944,0.0,0,0
250,250,0.10938246111230493,0.1761628972717238,0.09808903459042995,0.16695317406336585,-0.06678043615941887,-0.0688641394729359,0.05161423954978189,-1.2938374514848598,-1.3342081579351082,0.19572157337087248,0.1821356466865578,0.191,0.194,0.182,True,999,0.00011216697748750448,0.0013408329105004668,strong_3x3_strong_250,strong_null,True,940,292201944,0.0,0,1
250,250,0.0867701112776702,0.09233686238736111,0.07736213759415023,0.08570646336058019,-0.005566751109690904,-0.00834432576642996,0.04585153198263897,-0.12140818134056404,-0.18198575719540672,0.9033677370449619,0.8555939033668788,0.903,0.906,0.869,True,999,0.00010962504893541336,0.0013604579726234078,strong_3x3_strong_250,strong_null,True,941,292201944,0.0,1,2
250,250,0.15854667858986649,0.08827882807848508,0.14737620072585855,0.07728267138917033,0.0702678505113814,0.07009352933668822,0.04793318622078489,1.4659540925929873,1.4623173392611675,0.14266079388754072,0.14365426918855512,0.143,0.145,0.151,True,999,0.00010841700714081526,0.001327291945926845,strong_3x3_strong_250,strong_null,True,942,292201944,0.0,0,0
250,250,0.10737697051486172,0.17889815177999918,0.09445307677808046,0.16674803632669466,-0.07152118126513746,-0.0722949595486142,0.05077339551023285,-1.4086349858307805,-1.4238748230664209,0.1589431282064787,0.1544827111449533,0.173,0.177,0.183,True,999,0.00010945799294859171,0.001399375032633543,strong_3x3_strong_250,strong_null,True,943,292201944,0.0,0,1
250,250,0.1639924057779139,0.15975603116636938,0.15678762964626003,0.1508307748776332,0.0042363746115445244,0.00595685476862684,0.05313538589795789,0.07972793534764444,0.11210711408149904,0.9364536409762818,0.9107384767661284,0.922,0.922,0.901,True,999,0.00010891701094806194,0.001373582985252142,strong_3x3_strong_250,strong_null,True,944,292201944,0.0,1,1
250,250,0.1226729534328867,0.1338774056821309,0.11178552915187367,0.12474984730683047,-0.011204452249244212,-0.0129643181549568,0.052146790586009836,-0.21486369771431707,-0.24861200486679466,0.82987358886561,0.8036609214715087,0.843,0.841,0.828,True,999,0.00011887506116181612,0.0013950839638710022,strong_3x3_strong_250,strong_null,True,945,292201944,0.0,1,1
250,250,0.18467332310154727,0.07602928932697284,0.17354023416990572,0.06656538216508068,0.10864403377457443,0.10697485200482504,0.048843634628661724,2.2243232838946323,2.190149296179764,0.026126701240124978,0.028513411074262904,0.042,0.046,0.047,True,999,0.000112209003418684,0.0013272499199956656,strong_3x3_strong_250,strong_null,True,946,292201944,0.0,0,0
250,250,0.09775603806941735,0.11146085790321858,0.08664716330876843,0.10278941237275774,-0.01370481983380123,-0.01614224906398931,0.045914256169756223,-0.2984872450754982,-0.35157379016023854,0.7653313096469296,0.7251579242353818,0.768,0.774,0.731,True,999,0.0001092500751838088,0.0013227500021457672,strong_3x3_strong_250,strong_null,True,947,292201944,0.0,0,1
250,250,0.12070334210442529,0.07361247200634163,0.11171927075929489,0.06084795802557608,0.04709087009808366,0.05087131273371881,0.045902738141581176,1.025883683732283,1.108241355380864,0.3049464143810857,0.267757594926499,0.296,0.315,0.275,True,999,0.00011362496297806501,0.0013567910064011812,strong_3x3_strong_250,strong_null,True,948,292201944,0.0,1,0
250,250,0.0856530469571628,0.07925637759246484,0.07490768723259578,0.06767860605941678,0.00639666936469796,0.007229081173178997,0.04213046382154099,0.15183002474868057,0.1715879797526184,0.8793210003364297,0.863761458059668,0.88,0.88,0.86,True,999,0.00011612498201429844,0.0013996249763295054,strong_3x3_strong_250,strong_null,True,949,292201944,0.0,1,0
250,250,0.1218584253899424,0.09095423295529365,0.11370314526142522,0.08103858293915778,0.03090419243464876,0.03266456232226744,0.047421166696221144,0.6516961641332082,0.6888181923383675,0.5145971976185164,0.49093768575893526,0.528,0.534,0.509,True,999,0.00011225009802728891,0.0014273339184001088,strong_3x3_strong_250,strong_null,True,950,292201944,0.0,2,0
250,250,0.09635733689479603,0.08779748263417642,0.0874554406957202,0.07460871037878292,0.008559854260619615,0.012846730316937283,0.0431080130527326,0.19856758997796142,0.29801258297899985,0.842601008169894,0.765693559910317,0.854,0.851,0.783,True,999,0.00011295790318399668,0.0013622920960187912,strong_3x3_strong_250,strong_null,True,951,292201944,0.0,1,0
250,250,0.09299690235193625,0.1241086396040354,0.08390364937274342,0.11476909672654756,-0.031111737252099148,-0.030865447353804143,0.04681668845857483,-0.6645437402012743,-0.6592830114653464,0.5063423635731659,0.5097140495225918,0.49,0.489,0.484,True,999,0.00011445803102105856,0.001357667031697929,strong_3x3_strong_250,strong_null,True,952,292201944,0.0,1,0
250,250,0.11595099484022953,0.11796145442851458,0.10630447100042772,0.10646424592414405,-0.0020104595882850518,-0.00015977492371632707,0.0480805949483488,-0.04181436586724466,-0.0033230646144867247,0.966646682723504,0.997348582929378,0.961,0.96,0.998,True,999,0.00010929105337709188,0.0013282919535413384,strong_3x3_strong_250,strong_null,True,953,292201944,0.0,0,0
250,250,0.13656261149602184,0.10104503536576726,0.12547978797474002,0.08953712026743688,0.03551757613025458,0.035942667707303144,0.04986534112404448,0.7122697915953577,0.7207945819099594,0.47629772648653035,0.4710359094410925,0.469,0.463,0.452,True,999,0.00011037499643862247,0.001361624919809401,strong_3x3_strong_250,strong_null,True,954,292201944,0.0,0,0
250,250,0.1415544913071466,0.12630167353247956,0.13259642135162153,0.11742281555019929,0.015252817774667027,0.01517360580142224,0.04900705942072695,0.311237155523272,0.3096208175062376,0.7556203387097087,0.7568493236517907,0.752,0.75,0.749,True,999,0.00011016696225851774,0.001353333005681634,strong_3x3_strong_250,strong_null,True,955,292201944,0.0,0,1
250,250,0.034455843547638865,0.07407754141701833,0.02164672863142414,0.06507783813324863,-0.03962169786937947,-0.043431109501824494,0.03506645425969733,-1.1299031711602956,-1.2385372407537893,0.2585170275872337,0.21551692236082343,0.25,0.251,0.207,True,999,0.00010912492871284485,0.0013900840422138572,strong_3x3_strong_250,strong_null,True,956,292201944,0.0,0,1
250,250,0.1219984270212564,0.08326560339928296,0.1155407236110193,0.07048721463512209,0.038732823621973445,0.045053508975897216,0.04457630587803201,0.8689105761242917,1.0107053083126922,0.3848960443322911,0.3121574956395674,0.355,0.352,0.28,True,999,0.00011012505274266005,0.001383999944664538,strong_3x3_strong_250,strong_null,True,957,292201944,0.0,2,0
250,250,0.09882735969363843,0.10572808786861504,0.08810050646179945,0.09440849787776529,-0.006900728174976611,-0.00630799141596583,0.04722096661517135,-0.14613695291784892,-0.13358454661407063,0.8838132753329846,0.8937311046704011,0.88,0.881,0.877,True,999,0.00012279197108000517,0.001409791992045939,strong_3x3_strong_250,strong_null,True,958,292201944,0.0,1,0
250,250,0.0859226258253804,0.08635442870113519,0.0728994201184463,0.07317510917762604,-0.00043180287575478316,-0.00027568905917974007,0.044104396911952747,-0.009790472288212155,-0.006250829361301741,0.9921884581122066,0.9950125922391458,0.99,0.99,0.993,True,999,0.00011600006837397814,0.001404042006470263,strong_3x3_strong_250,strong_null,True,959,292201944,0.0,0,0
250,250,0.0627416951558778,0.09215401893324343,0.05059712927672422,0.08552174329489048,-0.029412323777365634,-0.03492461401816627,0.040980585130239174,-0.7177136120407067,-0.8522234103581828,0.47293388850301565,0.3940901056746493,0.508,0.498,0.415,True,999,0.0001181670231744647,0.0014131659409031272,strong_3x3_strong_250,strong_null,True,960,292201944,0.0,1,2
250,250,0.08459331471396225,0.07843934198670915,0.0696978034234661,0.06752685357747623,0.006153972727253099,0.002170949845989867,0.042512225623649626,0.1447577170325713,0.051066482973833385,0.8849021674202721,0.9592725438423564,0.897,0.897,0.963,True,999,0.00011699995957314968,0.0014345000963658094,strong_3x3_strong_250,strong_null,True,961,292201944,0.0,0,0
250,250,0.10409666881927654,0.15310653289721826,0.09729431402182342,0.1416504060707524,-0.04900986407794172,-0.044356092048928986,0.052194614850987836,-0.9389831540641048,-0.8498212349217,0.3477393935275328,0.3954244817761262,0.352,0.358,0.41,True,999,0.00012158299796283245,0.0013749579666182399,strong_3x3_strong_250,strong_null,True,962,292201944,0.0,2,0
250,250,0.10174566746971925,0.08721080895154393,0.08894887955992203,0.07590091291828571,0.01453485851817532,0.013047966641636322,0.04445248553289253,0.32697515884506123,0.2935261433690025,0.7436866738070891,0.7691200195436209,0.727,0.726,0.746,True,999,0.00011029199231415987,0.001342542003840208,strong_3x3_strong_250,strong_null,True,963,292201944,0.0,0,0
250,250,0.10971163701266551,0.11868855279315621,0.0981255189964827,0.10388980792804148,-0.008976915780490702,-0.005764288931558781,0.05049088755403566,-0.17779279025118247,-0.11416493571022698,0.8588857096874286,0.9091070473798901,0.849,0.849,0.898,True,999,0.00010916695464402437,0.0013600419042631984,strong_3x3_strong_250,strong_null,True,964,292201944,0.0,0,0
250,250,0.10417973755854065,0.1066212762547904,0.09286912027204153,0.09838357261158137,-0.0024415386962497454,-0.005514452339539844,0.04775168984414809,-0.051129890988537506,-0.1154818260366891,0.9592220175721475,0.9080632248174471,0.966,0.966,0.91,True,999,0.00011066696606576443,0.0014065830036997795,strong_3x3_strong_250,strong_null,True,965,292201944,0.0,0,2
250,250,0.09421438278323363,0.11849647115680617,0.08153335268390549,0.10963333171649481,-0.02428208837357254,-0.028099979032589317,0.04694659362471389,-0.5172279072616214,-0.59855203249074,0.6049970729689043,0.5494716512658927,0.613,0.618,0.566,True,999,0.00011000002268701792,0.0013617080403491855,strong_3x3_strong_250,strong_null,True,966,292201944,0.0,0,1
250,250,0.07996669189222566,0.13247099865205364,0.07075755073088885,0.12756121387765518,-0.05250430675982798,-0.056803663146766326,0.047098453301404546,-1.1147777279187685,-1.2060621775253149,0.26494568289646336,0.22779351698521966,0.278,0.274,0.242,True,999,0.0001163750421255827,0.0014067910378798842,strong_3x3_strong_250,strong_null,True,967,292201944,0.0,1,2
250,250,0.08988268012390094,0.09361831312492491,0.07936514808640993,0.08228798375104418,-0.0037356330010239747,-0.002922835664634249,0.04500418677899008,-0.08300634381794743,-0.0649458611259421,0.9338464953868979,0.9482171057473862,0.939,0.939,0.953,True,999,0.00011220807209610939,0.0013459580950438976,strong_3x3_strong_250,strong_null,True,968,292201944,0.0,1,0
250,250,0.09148858523656372,0.14484942106466026,0.08093221470532797,0.13164208744740336,-0.05336083582809653,-0.05070987274207539,0.04967016687059969,-1.0743035344961038,-1.0209322000907373,0.2826866614185686,0.30728656207677085,0.271,0.27,0.288,True,999,0.00011208304204046726,0.0013717080000787973,strong_3x3_strong_250,strong_null,True,969,292201944,0.0,1,0
250,250,0.07505261520423229,0.1070310325788576,0.06847999766237933,0.1005946325705196,-0.03197841737462531,-0.03211463490814026,0.04490134960335658,-0.7121927883484994,-0.7152264952352244,0.47634540207667886,0.47446909973683093,0.495,0.492,0.478,True,999,0.00011179200373589993,0.0013271659845486283,strong_3x3_strong_250,strong_null,True,970,292201944,0.0,2,2
250,250,0.09987548089618042,0.09249258603824184,0.08858201775187524,0.08330450951606849,0.007382894857938582,0.005277508235806749,0.04551742363262632,0.16219931333386398,0.1159447924469938,0.871148900520193,0.9076962958217605,0.873,0.875,0.924,True,999,0.00013099994976073503,0.0014058330561965704,strong_3x3_strong_250,strong_null,True,971,292201944,0.0,0,1
250,250,0.12893020246025977,0.1280427981570737,0.12194881323907225,0.11175322091746409,0.0008874043031860679,0.01019559232160816,0.050674078006126416,0.017511997022990375,0.20119936509502015,0.9860281620741953,0.8405426879231637,0.985,0.985,0.833,True,999,0.0001088329590857029,0.0013953750021755695,strong_3x3_strong_250,strong_null,True,972,292201944,0.0,1,0
250,250,0.14312550058847412,0.0322989415907593,0.1299838426840978,0.023338379741943527,0.11082655899771482,0.10664546294215427,0.04110218948449451,2.6963663101091804,2.594641898149622,0.0070100530533825835,0.009468951821465716,0.012,0.011,0.013,True,999,0.0001128750154748559,0.00134170800447464,strong_3x3_strong_250,strong_null,True,973,292201944,0.0,0,1
250,250,0.16448948978501277,0.15501776934042022,0.15808356626456543,0.14568790212535987,0.009471720444592546,0.012395664139205564,0.050797962218656,0.18645866942107323,0.24401892512635376,0.8520850874631489,0.8072161627602416,0.852,0.846,0.81,True,999,0.0001103340182453394,0.0013575420016422868,strong_3x3_strong_250,strong_null,True,974,292201944,0.0,2,0
250,250,0.13060549347231665,0.10826423450718003,0.12074229895320343,0.09508333741959518,0.022341258965136612,0.02565896153360825,0.04894114835317025,0.45649233246259574,0.5242819671587486,0.6480359832884475,0.6000824373860251,0.639,0.638,0.608,True,999,0.00011008302681148052,0.001356207998469472,strong_3x3_strong_250,strong_null,True,975,292201944,0.0,0,0
250,250,0.12759525610859118,0.12455145060881578,0.12250596679957937,0.11143634846374084,0.0030438054997753983,0.011069618335838527,0.05087109504275204,0.05983369332264984,0.2176013377839739,0.9522880902487183,0.8277397420668757,0.935,0.933,0.794,True,999,0.000111832981929183,0.0013730420032516122,strong_3x3_strong_250,strong_null,True,976,292201944,0.0,2,0
250,250,0.08386524980590526,0.12840649281005806,0.06919242451547802,0.11528120629370164,-0.0445412430041528,-0.04608878177822362,0.04785742415378163,-0.9307070698378406,-0.9630435108693944,0.35200511160910763,0.3355256882730022,0.342,0.338,0.328,True,999,0.00011016696225851774,0.0014084590366110206,strong_3x3_strong_250,strong_null,True,977,292201944,0.0,0,0
250,250,0.11056804922486757,0.0949913367278733,0.10112681871335383,0.08625115633361702,0.015576712496994272,0.01487566237973681,0.04575249482811167,0.34045602443133843,0.32513336017245487,0.733513134271631,0.7450801416129115,0.742,0.743,0.751,True,999,0.00011795805767178535,0.0013879999751225114,strong_3x3_strong_250,strong_null,True,978,292201944,0.0,0,1
250,250,0.10691217150333437,0.11456049794401835,0.09727053371027239,0.10560404773286791,-0.007648326440683972,-0.008333514022595523,0.049078600261812565,-0.15583831649402272,-0.16979934183411755,0.8761604673826853,0.8651679445529434,0.853,0.856,0.855,True,999,0.00011445803102105856,0.0013647079467773438,strong_3x3_strong_250,strong_null,True,979,292201944,0.0,0,1
250,250,0.09659328010826174,0.11675377615326099,0.08819107950605343,0.11202172512966513,-0.020160496044999254,-0.0238306456236117,0.048716275118862444,-0.4138349246901538,-0.48917216198216107,0.6789950047595709,0.6247198162587463,0.681,0.683,0.626,True,999,0.0001158339437097311,0.0013370420783758163,strong_3x3_strong_250,strong_null,True,980,292201944,0.0,2,2
250,250,0.08700179939808511,0.05050134961878061,0.07798751312790841,0.041196651736925105,0.0365004497793045,0.03679086139098331,0.03935686373891475,0.9274227240625904,0.9348016558190774,0.3537070967017911,0.3498905261040717,0.358,0.346,0.362,True,999,0.00011370808351784945,0.0013032500864937901,strong_3x3_strong_250,strong_null,True,981,292201944,0.0,1,1
250,250,0.15495682732038701,0.08246509943812541,0.14596373077456803,0.07352269878498419,0.0724917278822616,0.07244103198958385,0.04860109959627594,1.491565591816698,1.4905224900535923,0.135813064068891,0.13608690750848554,0.162,0.165,0.16,True,999,0.00011187500786036253,0.0014310840051621199,strong_3x3_strong_250,strong_null,True,982,292201944,0.0,1,1
250,250,0.09818978495213143,0.15638737904113587,0.08915387967658717,0.15121676616485047,-0.058197594089004434,-0.0620628864882633,0.05000444094888188,-1.1638485099453102,-1.2411474923139012,0.24448540925194462,0.21455126783956546,0.238,0.242,0.21,True,999,0.00011449994053691626,0.0014285839861258864,strong_3x3_strong_250,strong_null,True,983,292201944,0.0,1,2
250,250,0.10969158690336522,0.13169092995210274,0.10268168049472592,0.12353165179861492,-0.02199934304873752,-0.020849971303888992,0.04908365900305472,-0.44820095925139547,-0.4247843727907774,0.6540081704984824,0.6709938706711354,0.644,0.65,0.669,True,999,0.00011212506797164679,0.0013709580525755882,strong_3x3_strong_250,strong_null,True,984,292201944,0.0,1,2
250,250,0.08459004473154352,0.09713127497179175,0.07960410048551125,0.08837823583186832,-0.012541230240248225,-0.00877413534635707,0.044352415896256055,-0.2827631818204265,-0.1978276756531255,0.777358379599911,0.8431798920337301,0.75,0.753,0.824,True,999,0.00010987510904669762,0.0013444169890135527,strong_3x3_strong_250,strong_null,True,985,292201944,0.0,2,1
250,250,0.06628609188284618,0.11906114571826448,0.05716468490190607,0.10807921465774939,-0.052775053835418306,-0.05091452975584332,0.04377044850140417,-1.205723396545166,-1.1632169991177943,0.2279241606845107,0.24474147122697798,0.203,0.208,0.236,True,999,0.0001103340182453394,0.0013548339484259486,strong_3x3_strong_250,strong_null,True,986,292201944,0.0,1,0
250,250,0.15119285557400297,0.07928491176733721,0.1395445308327936,0.07241983877325708,0.07190794380666576,0.06712469205953653,0.049465972179946166,1.4536850412053102,1.3569872197265602,0.14603364731910695,0.17478527137961497,0.168,0.17,0.191,True,999,0.0001141249667853117,0.0013646669685840607,strong_3x3_strong_250,strong_null,True,987,292201944,0.0,0,2
250,250,0.13236487034312822,0.11486797715308905,0.11932021856786434,0.1001379444137882,0.017496893190039164,0.01918227415407614,0.05009334406543705,0.3492857886904682,0.38293059710723826,0.7268747664011341,0.7017712241377922,0.732,0.733,0.711,True,999,0.00011095893569290638,0.0014318750472739339,strong_3x3_strong_250,strong_null,True,988,292201944,0.0,0,0
250,250,0.09471859269620603,0.10848728315908679,0.08258742684417086,0.09606049323789989,-0.013768690462880762,-0.013473066393729027,0.046906697988695914,-0.29353356883485787,-0.28723118384875257,0.7691143446933256,0.7739353105859303,0.767,0.765,0.777,True,999,0.000110041000880301,0.0013622919796034694,strong_3x3_strong_250,strong_null,True,989,292201944,0.0,1,1
250,250,0.07123328575630022,0.08749300855468772,0.060155102400045735,0.07859674481059642,-0.0162597227983875,-0.018441642410550685,0.04232174382737015,-0.38419311984663723,-0.43574864225287857,0.7008353173241336,0.6630191096112406,0.701,0.702,0.659,True,999,0.00011283298954367638,0.0014092499623075128,strong_3x3_strong_250,strong_null,True,990,292201944,0.0,0,1
250,250,0.08767597812476385,0.1038628179743652,0.07659155026264841,0.09161992977954014,-0.016186839849601342,-0.015028379516891732,0.04637859674104272,-0.3490152998802744,-0.32403696042817903,0.7270778233190779,0.7459100522016613,0.743,0.743,0.749,True,999,0.00011000002268701792,0.0013690829509869218,strong_3x3_strong_250,strong_null,True,991,292201944,0.0,0,1
250,250,0.11766547289283202,0.19209329697626304,0.10854915730351422,0.1848649856010809,-0.07442782408343102,-0.07631582829756667,0.049510455739879104,-1.5032748733815786,-1.5414083178413702,0.1327681767625614,0.12321744090767936,0.152,0.151,0.136,True,999,0.0001169170718640089,0.0013863749336451292,strong_3x3_strong_250,strong_null,True,992,292201944,0.0,1,1
250,250,0.11468142909613038,0.10381057928202281,0.10332753170638398,0.09223806699191073,0.010870849814107575,0.011089464714473252,0.048129651204989785,0.22586595875809198,0.23040816704118489,0.8213056746500951,0.8177746154858284,0.803,0.803,0.816,True,999,0.00011687492951750755,0.0013690420892089605,strong_3x3_strong_250,strong_null,True,993,292201944,0.0,0,0
250,250,0.12323126953376407,0.09505305852686591,0.11416933182597688,0.08492882539941604,0.028178211006898157,0.02924050642656084,0.04732884436014993,0.5953707805006903,0.6178157701053196,0.5515956526231616,0.5366967868331971,0.545,0.549,0.532,True,999,0.00011741602793335915,0.0013852498959749937,strong_3x3_strong_250,strong_null,True,994,292201944,0.0,1,0
250,250,0.1487881962449632,0.14531815624329364,0.13421068752860776,0.13013093670167564,0.003470040001669561,0.004079750826932127,0.05395702088176581,0.06431118592098223,0.07561112085620789,0.9487224468173646,0.9397284886306546,0.956,0.956,0.942,True,999,0.00014775001909583807,0.001384875038638711,strong_3x3_strong_250,strong_null,True,995,292201944,0.0,0,0
250,250,0.11467611363014318,0.07777357922574007,0.10403242861721651,0.06956554004642612,0.03690253440440311,0.03446688857079039,0.0462512847056427,0.7978704729882015,0.7452093231603877,0.424945659777905,0.45614518760468126,0.413,0.408,0.438,True,999,0.00010900001507252455,0.0013443749630823731,strong_3x3_strong_250,strong_null,True,996,292201944,0.0,1,2
250,250,0.1001358421787058,0.09989031790869002,0.0885126976036048,0.09029524447892356,0.0002455242700157845,-0.0017825468753187579,0.04534746812684631,0.005414288386046205,-0.039308630645764016,0.9956800439952883,0.9686443256757252,0.993,0.993,0.972,True,999,0.00010862492490559816,0.0013585420092567801,strong_3x3_strong_250,strong_null,True,997,292201944,0.0,0,0
250,250,0.09499730857473104,0.0852762380165174,0.08055311189625058,0.07230089329154055,0.00972107055821364,0.008252218604710038,0.043793590373923955,0.22197473363594925,0.18843439266454073,0.8243335523251919,0.8505361411218523,0.851,0.85,0.861,True,999,0.00011470797471702099,0.001405916060321033,strong_3x3_strong_250,strong_null,True,998,292201944,0.0,0,0
250,250,0.17692439826455975,0.10203948078863923,0.16627685387581437,0.09304498349200685,0.07488491747592052,0.07323187038380752,0.050495359952949646,1.4830059147156585,1.450269301021781,0.13807283931360106,0.14698343629256985,0.165,0.166,0.173,True,999,0.00011250004172325134,0.0014369579730555415,strong_3x3_strong_250,strong_null,True,999,292201944,0.0,1,1
250,250,0.08625293920442884,0.10815194763453861,0.07332138231450358,0.0950875804111746,-0.02189900843010978,-0.02176619809667102,0.04612644658974875,-0.4747603609027335,-0.47188109438086195,0.6349577893045526,0.6370116631805198,0.64,0.635,0.629,True,999,0.00011991604696959257,0.0014058330561965704,strong_3x3_strong_250,strong_null,True,1000,292201944,0.0,0,0
250,250,0.14306116575113959,0.07497901914125055,0.13395955546543803,0.06756852782608291,0.06808214660988904,0.06639102763935512,0.049129620969289946,1.385765761401782,1.3513441856360946,0.1658184403769265,0.17658520404956324,0.116,0.134,0.141,True,999,0.00011404103133827448,0.0013620000099763274,strong_3x3_strong_250,strong_null,True,1001,292201944,0.0,1,1
250,250,0.09104387469668279,0.1082178026376503,0.07796318485209497,0.09750227415410961,-0.017173927940967504,-0.019539089302014645,0.04600187560267335,-0.37333103739729817,-0.4247454923529064,0.7089020790666725,0.6710222167090689,0.691,0.687,0.656,True,999,0.00011145905591547489,0.0013687500031664968,strong_3x3_strong_250,strong_null,True,1002,292201944,0.0,0,1
250,250,0.09337925683937198,0.1443998729628539,0.08040458432842001,0.13375586704972875,-0.05102061612348191,-0.053351282721308735,0.04935575214909187,-1.0337319137465657,-1.0809536963421675,0.3012615092453953,0.27971771122458833,0.303,0.308,0.29,True,999,0.00011170899961143732,0.0013637079391628504,strong_3x3_strong_250,strong_null,True,1003,292201944,0.0,0,1
250,250,0.08411736936005315,0.072717426298126,0.07670849630773091,0.06156176905756183,0.011399943061927154,0.015146727250169079,0.040473923633478376,0.281661426383124,0.3742342202187762,0.7782031346868241,0.708230066605106,0.75,0.747,0.689,True,999,0.00011066696606576443,0.0013878330355510116,strong_3x3_strong_250,strong_null,True,1004,292201944,0.0,1,0
250,250,0.10495107993617975,0.07487485993724724,0.09329110758238812,0.06356039280214532,0.030076219998932507,0.029730714780242806,0.04327509883354716,0.6950006079620369,0.6870166812235065,0.4870549205562523,0.4920722165859187,0.499,0.502,0.511,True,999,0.00011458294466137886,0.0013773749815300107,strong_3x3_strong_250,strong_null,True,1005,292201944,0.0,0,0
250,250,0.13787698573047824,0.11542387880788624,0.1267248198149673,0.10810180697231431,0.022453106922592003,0.018623012842652997,0.048741831831280134,0.46065373579543417,0.3820745372705023,0.6450470522216694,0.7024060779724544,0.64,0.648,0.708,True,999,0.00014004192780703306,0.0013649999164044857,strong_3x3_strong_250,strong_null,True,1006,292201944,0.0,0,1
250,250,0.058156873128715314,0.13590721456834692,0.04929377326014617,0.12339363204822007,-0.07775034143963161,-0.0740998587880739,0.043279276124282756,-1.79647971043601,-1.712132582238329,0.07241825672761863,0.08687223810897172,0.065,0.067,0.089,True,999,0.00010987499263137579,0.0013872080016881227,strong_3x3_strong_250,strong_null,True,1007,292201944,0.0,1,0
250,250,0.1242829524805536,0.12864245828224763,0.11304643725273422,0.11925518618710385,-0.00435950580169403,-0.006208748934369623,0.04985702619601421,-0.08744014904849155,-0.12453107230984382,0.93032165724787,0.9008947997110631,0.933,0.933,0.908,True,999,0.0001092500751838088,0.0013745420146733522,strong_3x3_strong_250,strong_null,True,1008,292201944,0.0,0,0
250,250,0.10542669181514902,0.1241036829605604,0.09778324225493407,0.11515947385734648,-0.01867699114541138,-0.017376231602412417,0.04795285122448953,-0.38948656166399215,-0.362360759761004,0.696916249659915,0.7170824589620732,0.684,0.682,0.702,True,999,0.00010950001887977123,0.0014289160026237369,strong_3x3_strong_250,strong_null,True,1009,292201944,0.0,1,1
250,250,0.1565566105898336,0.1331154784695348,0.14389684661161084,0.12248163365057962,0.023441132120298802,0.021415212961031216,0.05332756902694749,0.43956873617197,0.4015786459384578,0.6602494882999682,0.6879941479721148,0.661,0.663,0.681,True,999,0.00010983296670019627,0.001432207995094359,strong_3x3_strong_250,strong_null,True,1010,292201944,0.0,0,1
250,250,0.1212802375993009,0.12510535123948535,0.11872290811898267,0.11665486731664032,-0.003825113640184452,0.0020680408023423524,0.05018177665885978,-0.07622515372837271,0.04121099211773787,0.9392399711210793,0.9671276906756199,0.938,0.938,0.961,True,999,0.00012283306568861008,0.0013785000192001462,strong_3x3_strong_250,strong_null,True,1011,292201944,0.0,3,2
250,250,0.07245457972944025,0.08047440886807422,0.06116699190461361,0.06753270154062818,-0.008019829138633972,-0.0063657096360145715,0.0414024772143517,-0.19370408918077944,-0.15375190240568432,0.8464075897874278,0.8778053590931679,0.858,0.854,0.874,True,999,0.0001106249401345849,0.0013384170597419143,strong_3x3_strong_250,strong_null,True,1012,292201944,0.0,0,0
250,250,0.11348378192200098,0.12162271587888773,0.10062831713899811,0.11127941262112984,-0.008138933956886751,-0.010651095482131723,0.047992734091121314,-0.16958679498096066,-0.22193141699135208,0.8653351081951854,0.8243672730971612,0.874,0.873,0.822,True,999,0.00010933307930827141,0.001353750005364418,strong_3x3_strong_250,strong_null,True,1013,292201944,0.0,0,1
250,250,0.1584850686859552,0.10053785368343648,0.150912329499846,0.08589343887251744,0.057947215002518704,0.06501889062732857,0.05167803378026292,1.1213123016427557,1.258153336556718,0.2621549510278951,0.2083363071519142,0.284,0.284,0.246,True,999,0.00010895798914134502,0.0013792919926345348,strong_3x3_strong_250,strong_null,True,1014,292201944,0.0,1,0
250,250,0.1529602405871699,0.08689477180770011,0.1442150799328914,0.07707952241084115,0.06606546877946978,0.06713555752205025,0.046814292641169555,1.411224330267255,1.4340824934949399,0.15817847828329135,0.1515487230894252,0.164,0.162,0.16,True,999,0.00010995904449373484,0.0014017500216141343,strong_3x3_strong_250,strong_null,True,1015,292201944,0.0,1,0
250,250,0.11975052847684486,0.09661950619536858,0.10856031221467788,0.08798834050304549,0.023131022281476288,0.020571971711632386,0.04860896410074473,0.47585918995385257,0.4232135387414521,0.6341746979905178,0.6721394697643538,0.61,0.608,0.634,True,999,0.00011229200754314661,0.0014114580117166042,strong_3x3_strong_250,strong_null,True,1016,292201944,0.0,0,1
250,250,0.10964222310973354,0.11148260041304703,0.1001153562196464,0.10445836558737653,-0.0018403773033134896,-0.004343009367730133,0.046515077054537786,-0.03956517799929026,-0.09336777756248928,0.968439789619988,0.9256113884467619,0.968,0.968,0.927,True,999,0.00014008395373821259,0.001332332962192595,strong_3x3_strong_250,strong_null,True,1017,292201944,0.0,0,1
250,250,0.10910882048154014,0.054719588484351045,0.10029698277003263,0.04031477684351614,0.05438923199718909,0.059982205926516485,0.042331787042122045,1.2848319383036995,1.4169542586716568,0.1988510189993652,0.15649630128933673,0.196,0.194,0.164,True,999,0.0001128750154748559,0.0013564999680966139,strong_3x3_strong_250,strong_null,True,1018,292201944,0.0,1,0
250,250,0.17491708273116524,0.05472744369640481,0.16746183675230952,0.049692468654214395,0.12018963903476043,0.11776936809809513,0.04593866278444192,2.6163068698522314,2.5636220333775186,0.008888663263556881,0.010358627915015527,0.015,0.015,0.016,True,999,0.000111832981929183,0.001351166982203722,strong_3x3_strong_250,strong_null,True,1019,292201944,0.0,1,2
250,250,0.08150234754072028,0.12750535660014284,0.0762915437009255,0.11989705950539076,-0.04600300905942256,-0.043605515804465256,0.046881052065181325,-0.9812708340133244,-0.9301309139529994,0.3264592015011142,0.35230330646532515,0.336,0.335,0.373,True,999,0.0001140000531449914,0.0013415840221568942,strong_3x3_strong_250,strong_null,True,1020,292201944,0.0,2,1
250,250,0.1743657472491057,0.13753020742820055,0.16672700205320723,0.12487041724425296,0.03683553982090515,0.04185658480895427,0.05421658928700396,0.6794145538353673,0.7720254143502078,0.4968752308905988,0.44009937534868315,0.52,0.524,0.477,True,999,0.00013525004032999277,0.0013813339173793793,strong_3x3_strong_250,strong_null,True,1021,292201944,0.0,1,0
250,250,0.10742323537142845,0.11515793131006419,0.09981100712721513,0.10515574254736748,-0.007734695938635738,-0.005344735420152347,0.04923950544649855,-0.1570831361626878,-0.10854567631593494,0.8751793279733424,0.913562850064262,0.875,0.876,0.914,True,999,0.0001129999291151762,0.001409500022418797,strong_3x3_strong_250,strong_null,True,1022,292201944,0.0,1,0
250,250,0.07449553867490605,0.06191034001504403,0.06169880349612811,0.05712667644564817,0.012585198659862018,0.004572127050479935,0.03971729826634107,0.3168694551040876,0.1151167690163518,0.7513426599067995,0.9083525685129655,0.762,0.761,0.909,True,999,0.00011625001206994057,0.0013294999953359365,strong_3x3_strong_250,strong_null,True,1023,292201944,0.0,0,2
250,250,0.1744128365897042,0.06572740438990765,0.16362781704329166,0.05591138916263105,0.10868543219979654,0.1077164278806606,0.046074518119993614,2.358905456520304,2.337874214986484,0.01832892474176582,0.01939377423347839,0.019,0.019,0.023,True,999,0.00011241703759878874,0.0013748330529779196,strong_3x3_strong_250,strong_null,True,1024,292201944,0.0,1,0
250,250,0.12948976043723248,0.14877845199925221,0.11780918531329121,0.1355975631581714,-0.019288691562019733,-0.017788377844880188,0.05231846095438343,-0.3686784972294499,-0.3400019327860181,0.7123673781484201,0.7338550723968987,0.728,0.727,0.756,True,999,0.00011112494394183159,0.0013709160266444087,strong_3x3_strong_250,strong_null,True,1025,292201944,0.0,0,0
250,250,0.117870473600037,0.12077914269461698,0.10754968613895244,0.10792323635912737,-0.0029086690945799853,-0.0003735502201749341,0.04840725099062896,-0.060087466961159755,-0.007716823668570826,0.9520859718431601,0.9938429266447739,0.954,0.954,0.997,True,999,0.00011120806448161602,0.0013997909845784307,strong_3x3_strong_250,strong_null,True,1026,292201944,0.0,1,0
250,250,0.06779460167788681,0.11693128920525403,0.06289106756148044,0.10602578172577637,-0.04913668752736722,-0.04313471416429593,0.04700795466156686,-1.0452845243135154,-0.9176045729886297,0.2958914880192203,0.3588259229077665,0.289,0.292,0.36,True,999,0.00011070806067436934,0.00134170800447464,strong_3x3_strong_250,strong_null,True,1027,292201944,0.0,2,1
250,250,0.12619570316622336,0.06710226319164653,0.12202409855535734,0.06021054835446904,0.059093439974576834,0.0618135502008883,0.04625854049905459,1.2774601043840663,1.3362624400601575,0.20143985679269305,0.1814635085577725,0.219,0.217,0.222,True,999,0.00010970793664455414,0.0013134169857949018,strong_3x3_strong_250,strong_null,True,1028,292201944,0.0,3,2
250,250,0.11580040247679318,0.1565928757362034,0.1067718102712405,0.14203735938458806,-0.04079247325941021,-0.03526554911334756,0.0492319284078426,-0.8285776035722381,-0.7163146001758036,0.40734346553355893,0.47379711356658605,0.436,0.428,0.494,True,999,0.00011233403347432613,0.0013906670501455665,strong_3x3_strong_250,strong_null,True,1029,292201944,0.0,1,0
250,250,0.11501150571940644,0.1477291492541462,0.10456479047540768,0.13272792275310508,-0.03271764353473977,-0.0281631322776974,0.05209360233144148,-0.6280549255660286,-0.5406255474234949,0.5299679594445527,0.5887657052890876,0.531,0.538,0.597,True,999,0.00011479202657938004,0.0013864169595763087,strong_3x3_strong_250,strong_null,True,1030,292201944,0.0,1,0
250,250,0.10911626177165734,0.09729092987895105,0.09593049222959849,0.08112197079194061,0.011825331892706292,0.014808521437657873,0.0473151514989858,0.2499269582378864,0.31297630819115724,0.8026438349910425,0.754298661888258,0.803,0.804,0.749,True,999,0.00011462497059255838,0.0014046250144019723,strong_3x3_strong_250,strong_null,True,1031,292201944,0.0,0,0
250,250,0.09608517753111773,0.07042416511031013,0.08315100422640853,0.0638052551866366,0.025661012420807594,0.01934574903977193,0.04313432125639705,0.5949093824445406,0.4485001380867411,0.551904045306286,0.6537922865380204,0.506,0.532,0.632,True,999,0.00011220807209610939,0.0013810409000143409,strong_3x3_strong_250,strong_null,True,1032,292201944,0.0,0,2
250,250,0.1812385236499292,0.13477315385065125,0.17023053883661987,0.12558628628917745,0.046465369799277956,0.04464425254744242,0.05383097793751342,0.8631715710833749,0.8293412874509751,0.38804314180623245,0.4069113142627524,0.39,0.396,0.413,True,999,0.00011100003030151129,0.0014282079646363854,strong_3x3_strong_250,strong_null,True,1033,292201944,0.0,0,1
250,250,0.09475052532901518,0.08888850957763106,0.08767642516497176,0.08351061657515402,0.00586201575138412,0.004165808589817743,0.04705241015334511,0.12458481366373471,0.08853549852688221,0.900852251657772,0.929451071360405,0.891,0.891,0.925,True,999,0.00011129199992865324,0.0013257090467959642,strong_3x3_strong_250,strong_null,True,1034,292201944,0.0,1,2
250,250,0.1538497431489435,0.10206417117889799,0.1462112955194641,0.08761156119864211,0.05178557197004552,0.058599734320821995,0.05019279379647197,1.031733204173335,1.1674929783434558,0.3021971180330315,0.2430113422999194,0.285,0.285,0.238,True,999,0.00010962504893541336,0.0014332090504467487,strong_3x3_strong_250,strong_null,True,1035,292201944,0.0,1,0
250,250,0.1048192891309177,0.08823092191701781,0.09757694927547789,0.08111943350908746,0.01658836721389989,0.01645751576639043,0.045297493565147666,0.3662093839704884,0.3633206712137601,0.7142088404490636,0.7163653534660428,0.7,0.706,0.711,True,999,0.00011558400001376867,0.0013615420321002603,strong_3x3_strong_250,strong_null,True,1036,292201944,0.0,1,1
250,250,0.13847918845513774,0.1434464753725364,0.1260192839540082,0.13033324108214117,-0.004967286917398672,-0.004313957128132984,0.05174039335167239,-0.09600404240525776,-0.08337696814192358,0.9235173620198904,0.9335518014954188,0.93,0.926,0.925,True,999,0.00011116696987301111,0.001436291029676795,strong_3x3_strong_250,strong_null,True,1037,292201944,0.0,1,0
250,250,0.07903520767601774,0.07050963710132813,0.0742017720646686,0.056134639926597174,0.008525570574689612,0.01806713213807143,0.04168306406795129,0.20453320228069888,0.43344059612840796,0.8379368486857673,0.6646947133792718,0.855,0.855,0.699,True,999,0.00011554197408258915,0.0013507920084521174,strong_3x3_strong_250,strong_null,True,1038,292201944,0.0,2,0
250,250,0.17691795622050893,0.048638642011393785,0.17193539269858604,0.03792090597981712,0.12827931420911515,0.13401448671876892,0.046021532750373094,2.787375963875849,2.911995292414125,0.005313679167498013,0.003591280478473096,0.007,0.007,0.006,True,999,0.00011029199231415987,0.0014077919768169522,strong_3x3_strong_250,strong_null,True,1039,292201944,0.0,2,1
250,250,0.12541397638335527,0.12953803918281748,0.11872078649037121,0.11630551914534237,-0.0041240627994622026,0.0024152673450288376,0.049684048823589885,-0.08300577141177162,0.04861253062536388,0.9338469505302739,0.9612280837776584,0.929,0.929,0.959,True,999,0.00011158408597111702,0.0013643340207636356,strong_3x3_strong_250,strong_null,True,1040,292201944,0.0,2,0
250,250,0.13709060952646046,0.06582985607366298,0.12424258743503458,0.053300691787725896,0.07126075345279748,0.07094189564730868,0.04554929765728621,1.5644753512768683,1.5574750719775499,0.11770597713281213,0.11935773455133711,0.105,0.112,0.115,True,999,0.00011237501166760921,0.0013336670817807317,strong_3x3_strong_250,strong_null,True,1041,292201944,0.0,0,0
250,250,0.14283939661989487,0.1316499052969159,0.12993533995394557,0.11879365665195962,0.011189491322978973,0.01114168330198595,0.05031250261620014,0.22239981597290023,0.22144959448704574,0.8240026550660614,0.8247423800136211,0.831,0.83,0.827,True,999,0.00011012493632733822,0.0013707500183954835,strong_3x3_strong_250,strong_null,True,1042,292201944,0.0,0,0
250,250,0.1107320019688226,0.06134460520742718,0.09931467450779508,0.051496627482748636,0.04938739676139542,0.04781804702504644,0.04191368957488916,1.1783118418423326,1.1408694273885787,0.23867230857782706,0.25392426362124776,0.245,0.238,0.257,True,999,0.00011250004172325134,0.0013398329028859735,strong_3x3_strong_250,strong_null,True,1043,292201944,0.0,0,0
250,250,0.13316381227493113,0.10793289383532662,0.12135246883666184,0.10149154157198836,0.02523091843960451,0.019860927264673478,0.05046201646059956,0.49999822062807703,0.39358172062309027,0.6170763303628461,0.6938898790039392,0.624,0.624,0.702,True,999,0.00010962493252009153,0.0014205829938873649,strong_3x3_strong_250,strong_null,True,1044,292201944,0.0,0,2
250,250,0.07822312679250543,0.13662281775784912,0.069320566133797,0.1276208814151829,-0.0583996909653437,-0.058300315281385906,0.04853561331943694,-1.2032338106245073,-1.2011863309047446,0.22888585446955145,0.2296789305117316,0.244,0.247,0.243,True,999,0.00011016603093594313,0.0013800000306218863,strong_3x3_strong_250,strong_null,True,1045,292201944,0.0,1,1
250,250,0.100666400611446,0.1552063844903233,0.09319792829221285,0.14219454828224798,-0.05453998387887732,-0.04899661999003513,0.049203555273064116,-1.1084561588323794,-0.9957943022230699,0.26766486292811775,0.3193500992791467,0.282,0.28,0.332,True,999,0.00011587503831833601,0.0014204579638317227,strong_3x3_strong_250,strong_null,True,1046,292201944,0.0,1,0
250,250,0.0743740701305799,0.138190520733513,0.06296154648369168,0.133194129724032,-0.06381645060293312,-0.07023258324034032,0.0468923920886072,-1.3609126717687263,-1.497739401044626,0.17354128850471584,0.13420097065589598,0.182,0.191,0.144,True,999,0.00011550006456673145,0.0014069159515202045,strong_3x3_strong_250,strong_null,True,1047,292201944,0.0,0,2
250,250,0.11427101256326239,0.12301720907510166,0.10337699066766959,0.11238313794919463,-0.008746196511839277,-0.009006147281525045,0.0498599457065719,-0.17541528350855115,-0.18062890269730017,0.8607533322735605,0.856658867958299,0.866,0.867,0.872,True,999,0.00011612498201429844,0.0014562910655513406,strong_3x3_strong_250,strong_null,True,1048,292201944,0.0,1,1
250,250,0.15622046571721004,0.08284264369422084,0.14312881055569449,0.07297413199185598,0.0733778220229892,0.0701546785638385,0.0479752194333992,1.5294942449373212,1.462310738593485,0.12614196468515637,0.14365607714700607,0.125,0.125,0.149,True,999,0.00011791696306318045,0.001454083016142249,strong_3x3_strong_250,strong_null,True,1049,292201944,0.0,0,0
250,250,0.07061815134146043,0.06415616923247996,0.060789715043924275,0.05122970046612352,0.0064619821089804685,0.009560014577800757,0.038500451955325095,0.1678417208317134,0.24830915203005785,0.8667077995712952,0.803895218418347,0.858,0.855,0.792,True,999,0.00011583301238715649,0.0013660409022122622,strong_3x3_strong_250,strong_null,True,1050,292201944,0.0,0,0
250,250,0.07998375162962285,0.09135132335293461,0.06892784534606733,0.07984600959890997,-0.011367571723311765,-0.010918164252842644,0.04390362703177749,-0.2589210161402816,-0.24868478964027427,0.7956961824503981,0.8036046153977002,0.798,0.796,0.797,True,999,0.00011250004172325134,0.0013281250139698386,strong_3x3_strong_250,strong_null,True,1051,292201944,0.0,0,0
250,250,0.12442549205668602,0.0870667828991486,0.10971523098834268,0.0774078944041321,0.03735870915753742,0.03230733658421059,0.04639548315098061,0.8052229790551886,0.6963465921688057,0.4206910183757854,0.486211801222703,0.4,0.405,0.481,True,999,0.00010912504512816668,0.0013472919818013906,strong_3x3_strong_250,strong_null,True,1052,292201944,0.0,0,0
250,250,0.08874372557901195,0.14760000776723542,0.07734848601702993,0.1384958451766778,-0.058856282188223474,-0.06114735915964786,0.046876541756627595,-1.2555593903191917,-1.3044340915144963,0.20927576268720394,0.1920856177845659,0.243,0.239,0.218,True,999,0.00011208292562514544,0.0013554580509662628,strong_3x3_strong_250,strong_null,True,1053,292201944,0.0,0,1
250,250,0.07595690878891037,0.06769562753333386,0.06950869466176357,0.056326736182853665,0.008261281255576514,0.013181958478909905,0.04091960637225744,0.20189053580870892,0.3221428466097605,0.8400023010628317,0.7473444800500146,0.842,0.842,0.754,True,999,0.00010924995876848698,0.0013855830766260624,strong_3x3_strong_250,strong_null,True,1054,292201944,0.0,2,0
250,250,0.11095469674300051,0.13758322667551703,0.0978946061193966,0.1304675550871366,-0.02662852993251652,-0.03257294896773999,0.05084159383710238,-0.5237548220426553,-0.640675213135616,0.6004490797446488,0.5217337216322273,0.63,0.628,0.548,True,999,0.0001206250162795186,0.001398624968715012,strong_3x3_strong_250,strong_null,True,1055,292201944,0.0,0,1
250,250,0.20683486890082242,0.1037477726174888,0.1943843534579628,0.0972243242757429,0.10308709628333362,0.09716002918221989,0.053452364313851995,1.9285787935973293,1.8176937620894198,0.05378317378787016,0.06911095169476454,0.063,0.063,0.076,True,999,0.00011545803863555193,0.001395417028106749,strong_3x3_strong_250,strong_null,True,1056,292201944,0.0,1,2
250,250,0.08988163320889941,0.08284827695124009,0.08301338000994463,0.0698239062904662,0.007033356257659329,0.013189473719478428,0.04452707243140601,0.15795685351859187,0.2962124613019826,0.8744907977091639,0.7670678329045307,0.887,0.888,0.785,True,999,0.00011608307249844074,0.0013751249061897397,strong_3x3_strong_250,strong_null,True,1057,292201944,0.0,2,0
250,250,0.15607217166112347,0.13215455408263643,0.14914111276746667,0.12328287908970026,0.023917617578487038,0.025858233677766407,0.051968973797670584,0.46022878326604755,0.49757060392301716,0.6453520129570345,0.618786727374609,0.649,0.656,0.635,True,999,0.0001117499778047204,0.0013644580030813813,strong_3x3_strong_250,strong_null,True,1058,292201944,0.0,2,1
250,250,0.13793042172406528,0.14314008757709057,0.12660973497403916,0.13071122963012272,-0.0052096658530252915,-0.00410149465608356,0.050899795895388386,-0.10235140949744548,-0.08057978590941978,0.9184777506484719,0.9357761424272538,0.921,0.92,0.95,True,999,0.00011212495155632496,0.001405125018209219,strong_3x3_strong_250,strong_null,True,1059,292201944,0.0,0,1
250,250,0.09307874965198559,0.1701546673801536,0.08595555286387935,0.1606646469057864,-0.07707591772816802,-0.07470909404190706,0.04905444199753493,-1.5712321777514302,-1.5229832610400773,0.11612872838378575,0.1277628933114131,0.103,0.105,0.115,True,999,0.0001112079480662942,0.0013869580579921603,strong_3x3_strong_250,strong_null,True,1060,292201944,0.0,1,1
250,250,0.10566539856863877,0.08447874345273604,0.09521457573897862,0.06804765357378528,0.02118665511590273,0.02716692216519334,0.04652465046528374,0.4553855838575727,0.5839253362142944,0.6488318647454008,0.5592705463169049,0.676,0.673,0.585,True,999,0.00011216709390282631,0.0013919160701334476,strong_3x3_strong_250,strong_null,True,1061,292201944,0.0,1,0
250,250,0.11740260941522185,0.07217789012637527,0.10454206263162291,0.06319805381161814,0.04522471928884658,0.041344008820004774,0.04503952482786579,1.0041118209325826,0.9179494894321218,0.3153247182874075,0.358645310471041,0.316,0.317,0.371,True,999,0.0001117080682888627,0.0013519169297069311,strong_3x3_strong_250,strong_null,True,1062,292201944,0.0,0,1
250,250,0.16335881270208946,0.11873106552197688,0.15825292781947553,0.10734403816177007,0.04462774718011259,0.05090888965770546,0.050820275100102764,0.8781484770046502,1.0017436851222892,0.37986314830025314,0.316467402054733,0.416,0.397,0.337,True,999,0.000111832981929183,0.0013876670273020864,strong_3x3_strong_250,strong_null,True,1063,292201944,0.0,2,0
250,250,0.07344829893624732,0.09087171360150353,0.06042838289093311,0.0796337614478233,-0.01742341466525621,-0.019205378556890196,0.04263538645654907,-0.40866088273910467,-0.45045630292252525,0.6827885442781412,0.6523814553514791,0.71,0.701,0.665,True,999,0.00011266698129475117,0.0013618330704048276,strong_3x3_strong_250,strong_null,True,1064,292201944,0.0,0,0
250,250,0.14437741847874352,0.039513254934671116,0.13653834464034276,0.02909010562984804,0.10486416354407241,0.10744823901049472,0.0435004717239446,2.4106442847227907,2.470047674249712,0.015924371205348963,0.013509504666064058,0.011,0.013,0.012,True,999,0.0001223749713972211,0.0013811250682920218,strong_3x3_strong_250,strong_null,True,1065,292201944,0.0,1,1
250,250,0.12342871217978829,0.13523831308839468,0.11042525013921534,0.12052084925046813,-0.011809600908606388,-0.010095599111252795,0.05080303471914257,-0.2324585720891302,-0.19872039469816902,0.8161818606195357,0.8424814695263253,0.829,0.826,0.857,True,999,0.0001206250162795186,0.001471749972552061,strong_3x3_strong_250,strong_null,True,1066,292201944,0.0,0,0
250,250,0.1378428382542799,0.13148956981159732,0.12939531626088296,0.12047181292335551,0.00635326844268258,0.00892350333752745,0.05058209407014386,0.12560311231623375,0.17641624969407027,0.9000460991977857,0.859966939463078,0.901,0.904,0.86,True,999,0.00011145800817757845,0.0013600829988718033,strong_3x3_strong_250,strong_null,True,1067,292201944,0.0,2,0
250,250,0.08936413579005431,0.09460682613261795,0.07799625039675107,0.0833435484104541,-0.005242690342563638,-0.005347298013703039,0.04449164473317358,-0.11783539075719124,-0.12018656639402724,0.906198087115116,0.9043353591003221,0.884,0.884,0.886,True,999,0.00011137500405311584,0.0013505000388249755,strong_3x3_strong_250,strong_null,True,1068,292201944,0.0,0,0
250,250,0.1535453558466514,0.16355251054695036,0.14113652372292051,0.15465992292688213,-0.010007154700298948,-0.013523399203961617,0.05277999385979896,-0.18960128579933613,-0.2562220685338505,0.8496215795661092,0.7977793690406062,0.846,0.845,0.801,True,999,0.00010933401063084602,0.0013659170363098383,strong_3x3_strong_250,strong_null,True,1069,292201944,0.0,1,1
250,250,0.04504517477694209,0.08037510138149484,0.03769234869827187,0.06925960045188617,-0.03532992660455275,-0.0315672517536143,0.03719746247106911,-0.9497939982339155,-0.8486399247842836,0.3422169360878994,0.39608168397354127,0.349,0.35,0.403,True,999,0.00011020805686712265,0.00137645797803998,strong_3x3_strong_250,strong_null,True,1070,292201944,0.0,1,0
250,250,0.16721785405817313,0.08875324823986108,0.15589955884024675,0.07589040087830767,0.07846460581831205,0.08000915796193908,0.04940763720377118,1.5881068243498804,1.6193682290848783,0.11226218541961062,0.10536805844043592,0.119,0.118,0.115,True,999,0.00011725001968443394,0.001374875078909099,strong_3x3_strong_250,strong_null,True,1071,292201944,0.0,0,0
250,250,0.0784776911391934,0.1280907411862926,0.06548293206772371,0.11681023088350173,-0.049613050047099205,-0.05132729881577802,0.04651460315701488,-1.0666123470864664,-1.1034663381415377,0.2861469226498251,0.2698247019946781,0.312,0.308,0.286,True,999,0.00011029199231415987,0.0013978329952806234,strong_3x3_strong_250,strong_null,True,1072,292201944,0.0,0,0
250,250,0.08192700469402298,0.14099518061669403,0.07222795602550036,0.13027701564156757,-0.05906817592267105,-0.05804905961606721,0.04869088013739754,-1.2131260670579485,-1.1921957346480996,0.22508162520567632,0.23318450551487424,0.222,0.235,0.241,True,999,0.0001130829332396388,0.001348332967609167,strong_3x3_strong_250,strong_null,True,1073,292201944,0.0,0,1
250,250,0.1326882257128748,0.13111959727754058,0.12451585595393055,0.1198860003193829,0.0015686284353342295,0.004629855634547653,0.052747589396022795,0.02973839095389078,0.08777378620636542,0.9762756938978978,0.9300564729093641,0.982,0.982,0.93,True,999,0.00012049998622387648,0.0013641249388456345,strong_3x3_strong_250,strong_null,True,1074,292201944,0.0,2,0
250,250,0.09075628673861746,0.08957587049369758,0.08194326351298287,0.0782493497306973,0.0011804162449198796,0.0036939137822855628,0.04356498455493008,0.02709552768075747,0.08479088928926377,0.9783835418463491,0.9324276367500332,0.972,0.972,0.926,True,999,0.00010908395051956177,0.0013340419391170144,strong_3x3_strong_250,strong_null,True,1075,292201944,0.0,1,0
250,250,0.061284825958185074,0.11538076757346871,0.05218569803238893,0.10875630553785243,-0.05409594161528364,-0.0565706075054635,0.04521535298337952,-1.1964064868667175,-1.2511371419848918,0.23153797114562336,0.21088444662387618,0.246,0.248,0.22,True,999,0.00010987499263137579,0.0013460000045597553,strong_3x3_strong_250,strong_null,True,1076,292201944,0.0,1,2
250,250,0.0618557911938557,0.051559803978062424,0.05468502487896387,0.038411537491512604,0.010295987215793279,0.01627348738745127,0.035346612220239555,0.2912863940578094,0.4603973723437357,0.7708322924760717,0.645231020422855,0.762,0.762,0.648,True,999,0.0001153749180957675,0.0014157500118017197,strong_3x3_strong_250,strong_null,True,1077,292201944,0.0,1,0
250,250,0.1088718482212615,0.11963856604892587,0.09989286121883367,0.11084401927458032,-0.010766717827664363,-0.010951158055746646,0.04602982975507394,-0.2339074005911901,-0.23791437235414675,0.8150568677332254,0.8119475080134265,0.819,0.82,0.814,True,999,0.0001129580195993185,0.0013475409941747785,strong_3x3_strong_250,strong_null,True,1078,292201944,0.0,1,1
250,250,0.10194049361460222,0.08773721578821342,0.09223966428302788,0.0792704847789949,0.014203277826388805,0.01296917950403298,0.04683802323623822,0.3032424693662101,0.276894254025623,0.761705085874816,0.7818613047887704,0.74,0.748,0.767,True,999,0.00011020805686712265,0.00136208301410079,strong_3x3_strong_250,strong_null,True,1079,292201944,0.0,0,2
250,250,0.11688778868689415,0.14099204767684026,0.10371051425349265,0.13027155302644644,-0.024104258989946115,-0.026561038772953793,0.05197750148069694,-0.4637440874086222,-0.511010302848394,0.6428311064604435,0.6093438424676765,0.633,0.632,0.599,True,999,0.00011033390183001757,0.0013779998989775777,strong_3x3_strong_250,strong_null,True,1080,292201944,0.0,0,1
250,250,0.12382873974668296,0.07281423788664221,0.11138790514223729,0.062246409168835726,0.05101450186004075,0.04914149597340156,0.045991736202577835,1.109210177135722,1.0684853417350917,0.267339523250547,0.2853016390049039,0.278,0.271,0.314,True,999,0.00011229095980525017,0.0013831249671056867,strong_3x3_strong_250,strong_null,True,1081,292201944,0.0,1,1
250,250,0.16210990598990965,0.12183361613037602,0.15343361562521807,0.10881826487863577,0.04027628985953363,0.044615350746582294,0.049573251866994884,0.8124601139258523,0.8999883821679754,0.41652766453549206,0.3681264333933172,0.436,0.426,0.374,True,999,0.00011079199612140656,0.001399707980453968,strong_3x3_strong_250,strong_null,True,1082,292201944,0.0,1,0
250,250,0.05961691394429347,0.14329300484458657,0.04889244543291227,0.13256672921161794,-0.0836760909002931,-0.08367428377870567,0.04657916344360476,-1.796427516385155,-1.7963887196044954,0.07242655091019906,0.0724327166298086,0.062,0.074,0.079,True,999,0.0001099579967558384,0.0014395000180229545,strong_3x3_strong_250,strong_null,True,1083,292201944,0.0,1,1
250,250,0.1366827902400925,0.11165167979532664,0.12508528775057925,0.10432889607800178,0.02503111044476586,0.02075639167257748,0.05052252996689784,0.49544451675650725,0.4108343680765192,0.620286377612267,0.681193990473719,0.638,0.637,0.699,True,999,0.00011420890223234892,0.0013417919399216771,strong_3x3_strong_250,strong_null,True,1084,292201944,0.0,0,1
250,250,0.12842116357908284,0.09668334812256485,0.12599220328742433,0.0870838286354001,0.03173781545651799,0.038908374652024236,0.04843789563092636,0.6552269672973614,0.8032631092912763,0.5123216341251844,0.4218226756558666,0.517,0.535,0.42,True,999,0.00011366698890924454,0.0013734999811276793,strong_3x3_strong_250,strong_null,True,1085,292201944,0.0,3,0
250,250,0.1737717042953077,0.0965634559122287,0.16623736074895135,0.08518717009003751,0.07720824838307899,0.08105019065891383,0.049675484790673886,1.5542525394251236,1.6315933503306295,0.12012418956616125,0.10276517999296485,0.126,0.123,0.113,True,999,0.00011045904830098152,0.0013554170727729797,strong_3x3_strong_250,strong_null,True,1086,292201944,0.0,1,0
250,250,0.09359733933671405,0.0681389128215305,0.08231409899937603,0.05751352892195882,0.02545842651518354,0.024800570077417206,0.04182740929451498,0.6086541563195027,0.5929262771880404,0.5427536997211363,0.5532304914249038,0.524,0.522,0.536,True,999,0.0001106249401345849,0.0013929579872637987,strong_3x3_strong_250,strong_null,True,1087,292201944,0.0,0,1
250,250,0.09529748981222663,0.10304459948501332,0.08393428932990332,0.0961715381162378,-0.0077471096727866895,-0.012237248786334476,0.04737717014383588,-0.16351989047185939,-0.25829421109750755,0.8701091135888552,0.7961798536029345,0.866,0.864,0.79,True,999,0.00010987499263137579,0.001453291974030435,strong_3x3_strong_250,strong_null,True,1088,292201944,0.0,0,2
250,250,0.15107114602032468,0.09037711385924596,0.13809035236926093,0.07765767775345012,0.060694032161078715,0.06043267461581081,0.04904399805662791,1.2375425039981298,1.2322134615948956,0.21588574483980194,0.21786935602140323,0.235,0.229,0.237,True,999,0.00011462508700788021,0.0013513329904526472,strong_3x3_strong_250,strong_null,True,1089,292201944,0.0,0,0
250,250,0.11032551063548396,0.09095112070924927,0.10351901781088202,0.07960270361802202,0.019374389926234692,0.02391631419286,0.04415750224579035,0.4387564726463147,0.5416138363020749,0.6608380027939633,0.5880845581130341,0.671,0.67,0.596,True,999,0.00011216697748750448,0.0013204580172896385,strong_3x3_strong_250,strong_null,True,1090,292201944,0.0,1,0
250,250,0.12948916167635016,0.086134166050649,0.11912003582823161,0.07738957623071485,0.043354995625701165,0.041730459597516756,0.04559134223947627,0.9509479979328462,0.9153154425311811,0.3416307746100067,0.3600260544532712,0.369,0.365,0.377,True,999,0.00011145893950015306,0.001333374995738268,strong_3x3_strong_250,strong_null,True,1091,292201944,0.0,1,1
250,250,0.10786973475721051,0.11781880122971178,0.10065402586289451,0.11066811584625214,-0.009949066472501267,-0.010014089983357621,0.04939906573861448,-0.20140191567882704,-0.20271820597468837,0.8403843174074735,0.839355292314689,0.842,0.846,0.838,True,999,0.00011083297431468964,0.0013465839438140392,strong_3x3_strong_250,strong_null,True,1092,292201944,0.0,1,1
250,250,0.07646168468562625,0.0707204951732412,0.06830701049101151,0.06030163401055688,0.005741189512385059,0.008005376480454629,0.04114816145695655,0.13952481250931922,0.19455004056083366,0.8890354501537163,0.8457452174456923,0.89,0.893,0.851,True,999,0.00011141598224639893,0.0013569999719038606,strong_3x3_strong_250,strong_null,True,1093,292201944,0.0,2,1
250,250,0.11564870747468697,0.0667607939946046,0.10268822089457785,0.0505050969827181,0.04888791348008237,0.05218312391185975,0.044682171229631217,1.0941257359414551,1.1678735047068223,0.2738998365308818,0.24285779294676157,0.268,0.27,0.25,True,999,0.00011587492190301418,0.0014047500444576144,strong_3x3_strong_250,strong_null,True,1094,292201944,0.0,0,0
250,250,0.1091313004317041,0.08951731472298963,0.09787882332861386,0.07644148674101814,0.019613985708714476,0.021437336587595723,0.046598907293920355,0.4209108506557935,0.46003946943177787,0.6738201815591703,0.6454878903661683,0.673,0.674,0.634,True,999,0.00011462508700788021,0.0013386670034378767,strong_3x3_strong_250,strong_null,True,1095,292201944,0.0,0,0
250,250,0.060752825142269984,0.07002528293216947,0.050093273887611645,0.06067494043324473,-0.009272457789899491,-0.010581666545633084,0.04068989146882502,-0.2278811138388924,-0.26005639640843814,0.819738665438669,0.7948202716018057,0.825,0.825,0.802,True,999,0.00011066696606576443,0.0013074580347165465,strong_3x3_strong_250,strong_null,True,1096,292201944,0.0,1,1
250,250,0.09549990729197977,0.13260609418791547,0.08639141363217107,0.12361252060216543,-0.0371061868959357,-0.037221106969994366,0.04828475521089248,-0.768486590309253,-0.770866639116723,0.44219815437732457,0.4407859830048044,0.431,0.439,0.447,True,999,0.00010945892427116632,0.0013601669343188405,strong_3x3_strong_250,strong_null,True,1097,292201944,0.0,1,1
250,250,0.06731479563652581,0.13554858861439423,0.054242917170611804,0.1248989248734631,-0.06823379297786841,-0.0706560077028513,0.04621146209787612,-1.4765555963875128,-1.5289714822959184,0.13979480185094428,0.12627151373951276,0.155,0.152,0.144,True,999,0.00010912492871284485,0.0013613339979201555,strong_3x3_strong_250,strong_null,True,1098,292201944,0.0,0,1
250,250,0.13403898293018518,0.12639463433629194,0.11938154077523677,0.11740162155281553,0.007644348593893235,0.0019799192224212447,0.051845868730291185,0.14744373623403073,0.03818856296383106,0.8827817862097717,0.9695373396782248,0.884,0.885,0.971,True,999,0.00011625001206994057,0.0013872910058125854,strong_3x3_strong_250,strong_null,True,1099,292201944,0.0,0,1
250,250,0.09282370807427232,0.10650693321051019,0.0796439656777892,0.09952251318605931,-0.013683225136237875,-0.019878547508270117,0.04487990954720727,-0.30488531002597213,-0.4429275305771443,0.76045350434698,0.6578181534857175,0.772,0.768,0.663,True,999,0.00011583301238715649,0.0014155420940369368,strong_3x3_strong_250,strong_null,True,1100,292201944,0.0,0,1
250,250,0.07991963264185464,0.09267395105792037,0.0724324947679662,0.08165384517286611,-0.012754318416065724,-0.009221350404899908,0.0421837945301626,-0.30235114119347484,-0.2185993580616932,0.7623843963956733,0.826962152900121,0.751,0.753,0.818,True,999,0.00011462497059255838,0.0013452079147100449,strong_3x3_strong_250,strong_null,True,1101,292201944,0.0,1,0
250,250,0.030871837926655044,0.14021491545722498,0.018503042422018723,0.13305740822799805,-0.10934307753056993,-0.11455436580597933,0.0388520487518319,-2.8143452158469335,-2.948476836773711,0.004887670911215384,0.0031934407011397913,0.007,0.006,0.006,True,999,0.00011345790699124336,0.0013256249949336052,strong_3x3_strong_250,strong_null,True,1102,292201944,0.0,1,1
250,250,0.17147523987639224,0.07941324572044578,0.16075960903127395,0.06887047330943119,0.09206199415594646,0.09188913572184276,0.046964733345756446,1.9602367052354366,1.9565561044571653,0.049968130158573605,0.05039968011655388,0.061,0.06,0.068,True,999,0.00011233298573642969,0.0013543750392273068,strong_3x3_strong_250,strong_null,True,1103,292201944,0.0,1,1
250,250,0.1497904352397173,0.04669916921721279,0.13695285609549046,0.04006369409403021,0.10309126602250451,0.09688916200146025,0.04437272179815779,2.323302737466615,2.183529837141583,0.020162894870945112,0.02899681415283584,0.017,0.014,0.023,True,999,0.00011012493632733822,0.0013715419918298721,strong_3x3_strong_250,strong_null,True,1104,292201944,0.0,0,2
250,250,0.18364905981834861,0.09193951720575061,0.17941451630005645,0.08289908716191974,0.091709542612598,0.09651542913813671,0.04923692003285589,1.8626173723173598,1.9602247474807886,0.06251611841397763,0.04996952717157869,0.061,0.078,0.066,True,999,0.0001091670710593462,0.0014231669483706355,strong_3x3_strong_250,strong_null,True,1105,292201944,0.0,3,0
250,250,0.15493309727741722,0.12082877174735229,0.1456921561787965,0.11314826007932766,0.03410432553006493,0.03254389609946884,0.05104162921468576,0.6681668680013919,0.6375951669290617,0.5040270819454804,0.523737242600735,0.493,0.498,0.532,True,999,0.00011666608043015003,0.001381583046168089,strong_3x3_strong_250,strong_null,True,1106,292201944,0.0,1,1
250,250,0.16208536787588446,0.05458214178076054,0.1526240502984848,0.04164185430985867,0.10750322609512392,0.11098219598862613,0.04605615307671878,2.334177279549351,2.4097148496913268,0.01958644108409288,0.015964992927661438,0.02,0.023,0.021,True,999,0.0001092500751838088,0.0013155409833416343,strong_3x3_strong_250,strong_null,True,1107,292201944,0.0,0,0
250,250,0.11414397900294848,0.15988305606811148,0.10368369315561665,0.15315118743239964,-0.045739077065163,-0.049467494276782986,0.050973745994029276,-0.8973065677872796,-0.970450440950078,0.3695553528311085,0.3318220164968946,0.367,0.376,0.338,True,999,0.00011716701555997133,0.001369957928545773,strong_3x3_strong_250,strong_null,True,1108,292201944,0.0,1,2
250,250,0.12517829650951912,0.07257206545982248,0.11612677762055057,0.06187400024585088,0.05260623104969664,0.05425277737469969,0.045036674583371995,1.1680753860348163,1.2046355082071352,0.2427763578344614,0.2283440426785034,0.258,0.262,0.26,True,999,0.00011245906352996826,0.0013559999642893672,strong_3x3_strong_250,strong_null,True,1109,292201944,0.0,1,1
250,250,0.1181994955205456,0.17074121265006398,0.11135607627242905,0.15804925468091824,-0.052541717129518384,-0.04669317840848919,0.049918738002343546,-1.0525449807455407,-0.9353837912788796,0.2925495847534887,0.34959054706147186,0.312,0.308,0.377,True,999,0.00011116708628833294,0.0013191250618547201,strong_3x3_strong_250,strong_null,True,1110,292201944,0.0,1,0
250,250,0.13106848338087662,0.08625931302422307,0.12132094820361772,0.071354517099536,0.04480917035665355,0.04996643110408172,0.04735785123418593,0.9461825059391087,1.0550823105760498,0.3440555073724815,0.29138768154529604,0.356,0.345,0.299,True,999,0.00010995904449373484,0.0014046670403331518,strong_3x3_strong_250,strong_null,True,1111,292201944,0.0,0,0
250,250,0.0937014050034577,0.11725245677830087,0.09351109757962206,0.10868398716912964,-0.02355105177484318,-0.015172889589507577,0.04730039895178897,-0.497903871780186,-0.3207772011600278,0.618551798218007,0.7483792379414363,0.616,0.625,0.738,True,999,0.00010991701856255531,0.001348000019788742,strong_3x3_strong_250,strong_null,True,1112,292201944,0.0,4,1
250,250,0.0726928515093842,0.11444559808577859,0.061406245649820335,0.10444449556939617,-0.041752746576394384,-0.04303824991957583,0.04401547098767667,-0.9485925207544457,-0.9777982367069424,0.34282789641794376,0.32817412331716145,0.32,0.32,0.309,True,999,0.00010870897676795721,0.0013314998941496015,strong_3x3_strong_250,strong_null,True,1113,292201944,0.0,0,0
250,250,0.14745982296508192,0.0977710060760697,0.13675301204460766,0.08705299376080688,0.04968881688901222,0.04970001828380077,0.05146486989913385,0.9654899932011386,0.9657076444807494,0.3342994457245523,0.33419049319758554,0.365,0.372,0.384,True,999,0.00010958407074213028,0.0014482919359579682,strong_3x3_strong_250,strong_null,True,1114,292201944,0.0,1,1
250,250,0.07142931382815332,0.12935613418816327,0.05820148482079901,0.12290939179553106,-0.057926820360009956,-0.06470790697473205,0.04675216119682313,-1.2390190929600526,-1.3840623688457219,0.21533842739106324,0.16633935827137158,0.208,0.209,0.154,True,999,0.00011724990326911211,0.0013844999484717846,strong_3x3_strong_250,strong_null,True,1115,292201944,0.0,0,2
250,250,0.10919680387825415,0.12007775253117486,0.09981914115167001,0.10895881827828191,-0.010880948652920719,-0.0091396771266119,0.04912757495078322,-0.2214835286256532,-0.1860396556469187,0.8247159604052814,0.8524136634278177,0.835,0.834,0.864,True,999,0.00011099991388618946,0.001391374971717596,strong_3x3_strong_250,strong_null,True,1116,292201944,0.0,1,0
250,250,0.09250447805197481,0.09596820238050763,0.08209187654213679,0.08871278923047043,-0.0034637243285328134,-0.006620912688333647,0.04507867715531244,-0.0768373108332133,-0.14687460027991048,0.9387529687100252,0.8832310005132715,0.949,0.953,0.894,True,999,0.0001105000264942646,0.0013576250057667494,strong_3x3_strong_250,strong_null,True,1117,292201944,0.0,1,1
250,250,0.10988523660842842,0.14765309336347737,0.10050430847294933,0.1346347968236472,-0.037767856755048956,-0.034130488350697874,0.04958671847586573,-0.7616526746659166,-0.6882989921446298,0.4462673277614513,0.49126451626698375,0.445,0.441,0.504,True,999,0.0001087080454453826,0.0014147079782560468,strong_3x3_strong_250,strong_null,True,1118,292201944,0.0,1,0
250,250,0.09713442334714961,0.12695883774375466,0.08590839672405082,0.11548807508620484,-0.029824414396605048,-0.029579678362154027,0.04802580687225081,-0.6210080858388975,-0.6159121582451765,0.534594303036573,0.5379524966945997,0.533,0.53,0.534,True,999,0.00011699995957314968,0.0013920000055804849,strong_3x3_strong_250,strong_null,True,1119,292201944,0.0,0,0
250,250,0.10210225945932333,0.17156801268298727,0.08734263678370269,0.16108560482682321,-0.06946575322366394,-0.07374296804312053,0.0516002345350505,-1.3462294086372404,-1.4291207919419266,0.17822854351230522,0.15296951845174078,0.17,0.176,0.159,True,999,0.00011679204180836678,0.0014129590708762407,strong_3x3_strong_250,strong_null,True,1120,292201944,0.0,0,1
250,250,0.17247155069319975,0.09353589021945097,0.16329545209313778,0.08668155526999044,0.07893566047374878,0.07661389682314734,0.05141356134247203,1.5353081640843487,1.490149579656869,0.12470814969693059,0.13618491031082489,0.115,0.131,0.14,True,999,0.00012441701255738735,0.0014133750228211284,strong_3x3_strong_250,strong_null,True,1121,292201944,0.0,1,1
250,250,0.1465460187625191,0.14585268934613688,0.13715303822500857,0.13640510611604384,0.0006933294163822268,0.0007479321089647328,0.0515921034454202,0.013438673170511586,0.014497026851327697,0.989277812894689,0.9884334512441493,0.988,0.988,0.982,True,999,0.00011079094838351011,0.0014480419922620058,strong_3x3_strong_250,strong_null,True,1122,292201944,0.0,1,0
250,250,0.10243189135270697,0.0940445111647637,0.09125121341969589,0.08420414498900186,0.008387380187943272,0.007047068430694026,0.0451379286692639,0.18581668311365274,0.15612299098457827,0.8525885211448921,0.8759360763860224,0.854,0.85,0.875,True,999,0.00011104193981736898,0.0014010000741109252,strong_3x3_strong_250,strong_null,True,1123,292201944,0.0,0,0
250,250,0.07961070847858898,0.06180831311513907,0.06719885290036132,0.05770886773227346,0.017802395363449908,0.009489985168087856,0.0389781856646024,0.4567271426288308,0.24346913552485022,0.6478671790309869,0.8076419921283429,0.658,0.662,0.817,True,999,0.00012700003571808338,0.0013067499967291951,strong_3x3_strong_250,strong_null,True,1124,292201944,0.0,1,3
250,250,0.09617389403219889,0.11800137991673176,0.08550075259482526,0.10534269680358932,-0.02182748588453287,-0.019841944208764062,0.047151140343355054,-0.4629259382824023,-0.4208157865170351,0.643417454527462,0.6738896031196636,0.648,0.641,0.664,True,999,0.000114083057269454,0.0014484580606222153,strong_3x3_strong_250,strong_null,True,1125,292201944,0.0,1,0
250,250,0.10448883139275955,0.07199099365138767,0.09337461550008186,0.06297213573641613,0.03249783774137188,0.030402479763665724,0.04474141947704657,0.7263479371289071,0.6795153153167822,0.46762549902602757,0.4968114069412053,0.492,0.489,0.521,True,999,0.00011437502689659595,0.001422707922756672,strong_3x3_strong_250,strong_null,True,1126,292201944,0.0,0,1
250,250,0.0501755542278538,0.15660775451991343,0.03558127446355286,0.14416818618593652,-0.10643220029205963,-0.10858691172238366,0.04718639906145844,-2.2555694524058905,-2.3012332765836496,0.024097608119395954,0.02137844891733053,0.023,0.028,0.026,True,999,0.000116499955765903,0.0014482910046353936,strong_3x3_strong_250,strong_null,True,1127,292201944,0.0,0,1
250,250,0.09327196827458478,0.10548740624516595,0.08665298057418624,0.0921101114872016,-0.012215437970581167,-0.005457130913015362,0.04665366453478836,-0.2618323360530972,-0.11697110971735414,0.793450707926569,0.9068829473964339,0.799,0.8,0.904,True,999,0.00011395802721381187,0.0013907080283388495,strong_3x3_strong_250,strong_null,True,1128,292201944,0.0,2,0
250,250,0.09512242683698796,0.09717822118138614,0.08475379487758516,0.0878156674799726,-0.0020557943443981763,-0.0030618726023874387,0.047084159017814285,-0.04366212304270672,-0.0650297821233035,0.9651737318396743,0.948150287728547,0.971,0.971,0.952,True,999,0.00011483300477266312,0.001355583081021905,strong_3x3_strong_250,strong_null,True,1129,292201944,0.0,1,1
250,250,0.1138998837646037,0.11346329241006031,0.10426142812170269,0.10481341799953725,0.00043659135454338083,-0.0005519898778345578,0.047658867891239014,0.009160757984006541,-0.011582102182834864,0.9926908748691243,0.990759026092351,0.995,0.995,0.984,True,999,0.00011133402585983276,0.0013382090255618095,strong_3x3_strong_250,strong_null,True,1130,292201944,0.0,0,1
250,250,0.09250025423897684,0.034237713806748504,0.08539962047106542,0.019112273690545578,0.05826254043222834,0.06628734678051984,0.03710907432585459,1.5700348631880512,1.7862840284953212,0.11640700075074635,0.07405328158214805,0.135,0.115,0.08,True,999,0.0001141249667853117,0.0013670840999111533,strong_3x3_strong_250,strong_null,True,1131,292201944,0.0,1,0
250,250,0.0999649295526352,0.07408454705545958,0.08893307542197704,0.06349481000152934,0.025880382497175614,0.025438265420447692,0.04408184343763185,0.5870984622907582,0.5770690024893904,0.5571375802611089,0.5638928431117651,0.551,0.548,0.557,True,999,0.000110041000880301,0.0013621250400319695,strong_3x3_strong_250,strong_null,True,1132,292201944,0.0,0,1
250,250,0.1629026841612251,0.17379345399047236,0.15217798183930142,0.17115800959621197,-0.010890769829247249,-0.018980027756910545,0.053137784180785484,-0.204953405512632,-0.3571851564667554,0.8376085291889777,0.7209531973856389,0.83,0.828,0.732,True,999,0.00011016707867383957,0.001433999976143241,strong_3x3_strong_250,strong_null,True,1133,292201944,0.0,1,3
250,250,0.08618397524118449,0.11198745559971646,0.07733544407034287,0.10307186006528468,-0.02580348035853197,-0.025736415994941808,0.04763328939835599,-0.541711074008308,-0.5403031434530757,0.5880175597558222,0.5889879909055706,0.585,0.581,0.594,True,999,0.00011504197027534246,0.00133816699963063,strong_3x3_strong_250,strong_null,True,1134,292201944,0.0,1,1
250,250,0.1219502701066641,0.18582212054640035,0.11030320276269379,0.17529429151369413,-0.06387185043973626,-0.06499108875100035,0.05199410885700831,-1.2284439880562918,-1.2499702404696598,0.2192803436608578,0.21131041863790723,0.22,0.224,0.216,True,999,0.00012045807670801878,0.0013696670066565275,strong_3x3_strong_250,strong_null,True,1135,292201944,0.0,0,1
250,250,0.0904964526442042,0.07559919667938181,0.08168177028227319,0.06656768188788931,0.014897255964822387,0.015114088394383884,0.0436008954810886,0.341673165205607,0.3466462839264265,0.7325968690890834,0.7288570698393763,0.761,0.762,0.762,True,999,0.00011399993672966957,0.0013482910580933094,strong_3x3_strong_250,strong_null,True,1136,292201944,0.0,1,1
250,250,0.14683801811650588,0.07277688732087867,0.13459142063324236,0.06004865644413826,0.0740611307956272,0.0745427641891041,0.04859893989459005,1.5239248213286967,1.5338351896314117,0.12752749218756018,0.1250702034633754,0.11,0.115,0.116,True,999,0.00011129199992865324,0.0014222499448806047,strong_3x3_strong_250,strong_null,True,1137,292201944,0.0,1,0
250,250,0.11592077489025926,0.1184610776111551,0.09965128226279774,0.10886071301389677,-0.0025403027208958373,-0.009209430751099035,0.049260656723217194,-0.05156859225749135,-0.18695306485344743,0.9588724457753506,0.8516974328524803,0.962,0.962,0.85,True,999,0.0001153749180957675,0.0014293750282377005,strong_3x3_strong_250,strong_null,True,1138,292201944,0.0,0,0
250,250,0.10742666461633876,0.12151179184992689,0.10021865257540696,0.11030976343812426,-0.014085127233588124,-0.0100911108627173,0.04778598215170224,-0.29475437354982525,-0.21117303460838951,0.7681815232761257,0.8327522515448448,0.778,0.777,0.838,True,999,0.00011370808351784945,0.001345750060863793,strong_3x3_strong_250,strong_null,True,1139,292201944,0.0,1,0
250,250,0.12217262488594605,0.0901871727540533,0.11353246752022983,0.07983243446327037,0.031985452131892744,0.033700033056959455,0.04394409771125289,0.7278668535206296,0.7668841735787828,0.46669509541783705,0.44315038419023367,0.501,0.496,0.481,True,999,0.00010966707486659288,0.0013686249731108546,strong_3x3_strong_250,strong_null,True,1140,292201944,0.0,1,1
250,250,0.13668545872513505,0.1681619820495257,0.1259764877921441,0.1564690929220518,-0.03147652332439066,-0.0304926051299077,0.052124749371996154,-0.6038690584342898,-0.5849928392421154,0.5459307016329568,0.5585525316581422,0.558,0.557,0.578,True,999,0.0001092500751838088,0.0013875000877305865,strong_3x3_strong_250,strong_null,True,1141,292201944,0.0,1,0
250,250,0.09981371067624856,0.06862038985022983,0.09064636954489913,0.0622356577721348,0.031193320826018722,0.02841071177276433,0.04468694554885655,0.6980410149517793,0.6357720677440954,0.48515154443871555,0.5249249957974458,0.481,0.49,0.541,True,999,0.00011437491048127413,0.001385167008265853,strong_3x3_strong_250,strong_null,True,1142,292201944,0.0,1,2
250,250,0.15464758131596168,0.07442305617548317,0.14376084962236746,0.06544052255996746,0.08022452514047851,0.0783203270624,0.04879761404580992,1.6440255678313662,1.6050032075108207,0.10017092116968901,0.10849309879267352,0.107,0.119,0.132,True,999,0.0001254579983651638,0.001464041997678578,strong_3x3_strong_250,strong_null,True,1143,292201944,0.0,1,1
250,250,0.1068711762120208,0.07936824287359373,0.0951855442902314,0.0677589982393414,0.02750293333842707,0.02742654605089001,0.045450240354320944,0.6051218458696748,0.6034411663629976,0.5450980398590561,0.54621524335381,0.557,0.557,0.562,True,999,0.00011612498201429844,0.0014266660436987877,strong_3x3_strong_250,strong_null,True,1144,292201944,0.0,0,0
250,250,0.0661238024217462,0.1411055531354034,0.053118217624671615,0.13047295418724048,-0.0749817507136572,-0.07735473656256886,0.04716981774162555,-1.5896128987475118,-1.6399201918964865,0.11192208777392483,0.10102176190989902,0.112,0.103,0.098,True,999,0.00011341704521328211,0.001440917025320232,strong_3x3_strong_250,strong_null,True,1145,292201944,0.0,0,1
250,250,0.0946375210833213,0.089036922493484,0.08175589164201824,0.07856206036588276,0.005600598589837302,0.0031938312761354837,0.045601553525202725,0.12281596035411393,0.07003777348002718,0.9022528354092806,0.9441635945520587,0.904,0.909,0.953,True,999,0.00011608400382101536,0.001340750022791326,strong_3x3_strong_250,strong_null,True,1146,292201944,0.0,0,1
250,250,0.10216681770071823,0.12107255058668392,0.09083325252476016,0.11195103763157022,-0.018905732885965698,-0.02111778510681006,0.04713299214878579,-0.40111463380651796,-0.4480467745427039,0.6883357272422536,0.6541194396925721,0.701,0.692,0.661,True,999,0.00011033297050744295,0.001356832915917039,strong_3x3_strong_250,strong_null,True,1147,292201944,0.0,0,1
250,250,0.13240726907442985,0.14600032809194602,0.11926783430808996,0.13449450609040525,-0.013593059017516174,-0.015226671782315293,0.05111785801037489,-0.26591605256146145,-0.2978738228668518,0.7903038619046164,0.7657994678476341,0.81,0.809,0.791,True,999,0.00011029199231415987,0.001400416949763894,strong_3x3_strong_250,strong_null,True,1148,292201944,0.0,0,0
250,250,0.09398328019282975,0.08813052862175497,0.08729416898411557,0.0814153782674083,0.005852751571074788,0.005878790716707272,0.0443583690355828,0.1319424428427453,0.13252946049462508,0.895029817537,0.8945655224327914,0.875,0.875,0.883,True,999,0.00010970793664455414,0.0013545419787988067,strong_3x3_strong_250,strong_null,True,1149,292201944,0.0,2,2
250,250,0.10574955059281449,0.13961251852096912,0.09437072479038022,0.12921985394875435,-0.03386296792815463,-0.034849129158374126,0.04954860604208123,-0.6834292754753803,-0.7033321811067105,0.49433562631576433,0.4818487600529793,0.485,0.497,0.485,True,999,0.00011104193981736898,0.0013468340039253235,strong_3x3_strong_250,strong_null,True,1150,292201944,0.0,0,1
250,250,0.119469142425573,0.13005072552696345,0.10958443668033624,0.11551458435305051,-0.010581583101390457,-0.00593014767271427,0.050926011866480804,-0.2077834629802455,-0.11644633960856962,0.8353980454443484,0.9072988114661988,0.864,0.864,0.92,True,999,0.00010962504893541336,0.0013793340185657144,strong_3x3_strong_250,strong_null,True,1151,292201944,0.0,0,0
250,250,0.06910572888936006,0.081722551228745,0.056161073097570124,0.07432414005836563,-0.012616822339384937,-0.018163066960795504,0.04094886186210017,-0.3081116730880942,-0.44355486660317067,0.7579973591997177,0.6573644428730071,0.772,0.766,0.655,True,999,0.00013749999925494194,0.001339334063231945,strong_3x3_strong_250,strong_null,True,1152,292201944,0.0,0,1
250,250,0.06840274491617404,0.06108226941108008,0.05954852878980432,0.051795592119617595,0.00732047550509396,0.0077529366701867275,0.03854139437232097,0.1899380036533203,0.20115869693999977,0.849357711894146,0.8405744863716954,0.838,0.839,0.823,True,999,0.00010991597082465887,0.0013365830527618527,strong_3x3_strong_250,strong_null,True,1153,292201944,0.0,1,1
250,250,0.06783719234052799,0.15421321242370212,0.06079789988982043,0.14761466161154146,-0.08637602008317413,-0.08681676172172104,0.047891521525605565,-1.8035764438386561,-1.812779359605516,0.07129773164080505,0.06986585866714917,0.077,0.082,0.084,True,999,0.00011045800056308508,0.0013390830717980862,strong_3x3_strong_250,strong_null,True,1154,292201944,0.0,1,2
250,250,0.08277090944303889,0.11448706436055078,0.07205919859489995,0.10774995079007965,-0.031716154917511896,-0.0356907521951797,0.04709818418170993,-0.6734050466817895,-0.7577946541947537,0.5006896388415953,0.4485739231570258,0.516,0.507,0.456,True,999,0.00011166709009557962,0.0013571250019595027,strong_3x3_strong_250,strong_null,True,1155,292201944,0.0,1,2
250,250,0.145281903015765,0.06720433174292018,0.1337743565115801,0.05651620667302382,0.07807757127284481,0.07725814983855628,0.04728938252530628,1.6510592252090126,1.6337314152328508,0.09872648214129487,0.10231525891541403,0.089,0.099,0.102,True,999,0.00011500006075948477,0.0013837500009685755,strong_3x3_strong_250,strong_null,True,1156,292201944,0.0,0,1
250,250,0.08072295773089844,0.051784634224534,0.07178111242518526,0.03730724822162301,0.02893832350636444,0.03447386420356224,0.03892474668968659,0.7434428215311127,0.8856541695285164,0.45721362697195334,0.3758039118499412,0.457,0.454,0.371,True,999,0.00011216592974960804,0.0013490000274032354,strong_3x3_strong_250,strong_null,True,1157,292201944,0.0,1,0
250,250,0.16050878238941518,0.09319502509405275,0.14811613319808714,0.08380020132896959,0.06731375729536243,0.06431593186911755,0.04969731454583795,1.354474741955646,1.2941530635381964,0.1755849663168556,0.19561255563679225,0.167,0.176,0.203,True,999,0.00011158396955579519,0.0013617919757962227,strong_3x3_strong_250,strong_null,True,1158,292201944,0.0,1,0
250,250,0.1592843617559539,0.11931002240265393,0.1486256673548496,0.10623320680528536,0.03997433935329997,0.04239246054956425,0.053509152395858406,0.747056112150152,0.7922469082662092,0.4550296906353414,0.42821672195455296,0.451,0.456,0.436,True,999,0.00011199992150068283,0.0013890409609302878,strong_3x3_strong_250,strong_null,True,1159,292201944,0.0,1,0
250,250,0.15613558877176714,0.0964683733077365,0.14271114202256285,0.08766585144688577,0.05966721546403064,0.055045290575677086,0.04869663962137276,1.2252840427585263,1.1303714384332575,0.22046821856755938,0.2583197439028768,0.251,0.244,0.279,True,999,0.0001177079975605011,0.0014535000082105398,strong_3x3_strong_250,strong_null,True,1160,292201944,0.0,0,1
250,250,0.15517469786822036,0.1031866530226705,0.14653062026928865,0.09228482534575733,0.05198804484554986,0.05424579492353132,0.051826694839014566,1.0031132605896727,1.0466767192473112,0.3158062172931213,0.2952487046287935,0.32,0.324,0.305,True,999,0.00012312503531575203,0.0013920830097049475,strong_3x3_strong_250,strong_null,True,1161,292201944,0.0,1,1
250,250,0.13711704666817537,0.08983839376165653,0.12966201059570892,0.0833789766012103,0.04727865290651884,0.046283033994498624,0.05052907699239741,0.9356722054042738,0.9159683245641387,0.34944198545779803,0.35968350875513444,0.356,0.347,0.363,True,999,0.00011624989565461874,0.001406208029948175,strong_3x3_strong_250,strong_null,True,1162,292201944,0.0,1,2
250,250,0.10232007644875213,0.05759140445428479,0.09297853237318066,0.0461639478960052,0.04472867199446734,0.04681458447717546,0.04336372232027542,1.0314767644740155,1.0795794727079169,0.3023172988927283,0.2803294864489999,0.316,0.323,0.312,True,999,0.00011450005695223808,0.0013919168850407004,strong_3x3_strong_250,strong_null,True,1163,292201944,0.0,1,0
250,250,0.09257017688086794,0.12114356309292762,0.08375342663977392,0.11173473397701628,-0.02857338621205968,-0.027981307337242356,0.04661802686036861,-0.6129256885462645,-0.6002250464407817,0.539925476707003,0.5483562636051099,0.546,0.549,0.554,True,999,0.00011258304584771395,0.0013874579453840852,strong_3x3_strong_250,strong_null,True,1164,292201944,0.0,1,0
250,250,0.1271452911883198,0.09061133604038157,0.11412673391636474,0.07931748158321739,0.036533955147938224,0.034809252333147356,0.04791314144449959,0.7625038569065128,0.7265074107793331,0.44575934208688095,0.46752776607480606,0.478,0.475,0.487,True,999,0.00011204101610928774,0.0014154589734971523,strong_3x3_strong_250,strong_null,True,1165,292201944,0.0,0,0
250,250,0.13976127551653944,0.07440109437095666,0.1288501034736811,0.06296256561773816,0.06536018114558279,0.06588753785594292,0.04608779450428602,1.4181668237455907,1.4296092612940199,0.1561420653962729,0.15282919597224337,0.167,0.169,0.18,True,999,0.00011229200754314661,0.0014340840280056,strong_3x3_strong_250,strong_null,True,1166,292201944,0.0,1,0
250,250,0.12398529605133024,0.08799436510000769,0.11309669758053076,0.0751983875432245,0.03599093095132255,0.03789831003730626,0.04665298111173694,0.7714604746290901,0.8123448734505803,0.44043404170791733,0.41659376863572517,0.45,0.455,0.431,True,999,0.000114083057269454,0.001361333066597581,strong_3x3_strong_250,strong_null,True,1167,292201944,0.0,1,0
250,250,0.15174708411371263,0.1428393383782408,0.14207829201870936,0.13501127631704435,0.008907745735471817,0.007067015701665014,0.05341046939175435,0.16677901986098287,0.13231517682104546,0.867543927188371,0.8947350035512228,0.885,0.885,0.905,True,999,0.00011049991007894278,0.0013693749206140637,strong_3x3_strong_250,strong_null,True,1168,292201944,0.0,0,1
250,250,0.08828782548506092,0.08230416042105165,0.07845462222665844,0.07244178627705367,0.005983665064009269,0.006012835949604778,0.04292622058310511,0.1393941740672208,0.14007373274253054,0.8891386758373977,0.8886017341923313,0.883,0.88,0.885,True,999,0.00011158292181789875,0.0013283750740811229,strong_3x3_strong_250,strong_null,True,1169,292201944,0.0,0,0
250,250,0.1527508621712902,0.09025627683144383,0.14128642456361717,0.07880671811619777,0.062494585339846365,0.0624797064474194,0.048782501019372294,1.281086127893049,1.2807811231861141,0.20016341578950447,0.20027055621720058,0.193,0.19,0.192,True,999,0.00010974996257573366,0.0013582500396296382,strong_3x3_strong_250,strong_null,True,1170,292201944,0.0,0,0
250,250,0.09298865243500198,0.11168420998372841,0.08230866246846347,0.10007938633253843,-0.018695557548726427,-0.017770723864074967,0.04487827129752041,-0.4165837276748979,-0.3959761227491137,0.6769829136522725,0.6921226428828031,0.714,0.708,0.729,True,999,0.00011137500405311584,0.0013872080016881227,strong_3x3_strong_250,strong_null,True,1171,292201944,0.0,1,0
250,250,0.08649893208981152,0.11744905726367749,0.07589832329712465,0.10615215109531562,-0.030950125173865972,-0.03025382779819097,0.04529432906549814,-0.6833112624123509,-0.6679385349641064,0.4944101790343226,0.5041728281367878,0.508,0.498,0.493,True,999,0.00013062497600913048,0.001362791983410716,strong_3x3_strong_250,strong_null,True,1172,292201944,0.0,1,0
250,250,0.10569805113402148,0.1293654946292641,0.09650403628890558,0.12266913961673254,-0.023667443495242635,-0.026165103327826955,0.04848868709495338,-0.4881023783732412,-0.5396125342925644,0.6254773265268182,0.5894642706827908,0.649,0.656,0.637,True,999,0.00011383299715816975,0.0013817920116707683,strong_3x3_strong_250,strong_null,True,1173,292201944,0.0,1,2
250,250,0.12856471822820315,0.08623255510553124,0.11961084104864028,0.07707366359515788,0.042332163122671906,0.0425371774534824,0.049472794730089205,0.8556654895609852,0.8598094707516375,0.3921828342254008,0.3898940777829625,0.396,0.403,0.396,True,999,0.00010999990627169609,0.0013013749849051237,strong_3x3_strong_250,strong_null,True,1174,292201944,0.0,1,1
250,250,0.14673374297292324,0.1329141459369529,0.13624296011197146,0.12011887406399069,0.013819597035970355,0.016124086047980768,0.05249560888124648,0.2632524382607412,0.3071511387639307,0.792356015797762,0.758728334586733,0.805,0.803,0.766,True,999,0.00011024996638298035,0.0013524589594453573,strong_3x3_strong_250,strong_null,True,1175,292201944,0.0,1,0
250,250,0.1342961195175128,0.12610422451200087,0.12757662355350874,0.11545982358208562,0.008191895005511929,0.01211679997142312,0.05103242911702685,0.16052332109699088,0.23743333760650595,0.8724688522480553,0.8123206293685187,0.886,0.886,0.829,True,999,0.00011937494855374098,0.0014102499699220061,strong_3x3_strong_250,strong_null,True,1176,292201944,0.0,2,1
250,250,0.09477900469569644,0.10485920378982372,0.0803044607406207,0.09421297642761317,-0.010080199094127273,-0.013908515686992473,0.04435942948144722,-0.22723915099817033,-0.31354135636053515,0.8202377857869834,0.75386940563377,0.84,0.838,0.78,True,999,0.00010887498501688242,0.0014047089498490095,strong_3x3_strong_250,strong_null,True,1177,292201944,0.0,0,1
250,250,0.09579622953771644,0.06552316684237319,0.08298885738702211,0.056456318921192405,0.030273062695343245,0.026532538465829703,0.040323207901814546,0.7507602760439344,0.657996718178658,0.45279694016933947,0.5105402399697733,0.483,0.472,0.518,True,999,0.00011420901864767075,0.0013764169998466969,strong_3x3_strong_250,strong_null,True,1178,292201944,0.0,0,1
250,250,0.13016432987235205,0.08732595692096234,0.12036663113659074,0.07424578247986346,0.0428383729513897,0.046120848656727276,0.04778777044109839,0.8964296211347808,0.9651182348750565,0.3700233529793364,0.33448559457274085,0.372,0.375,0.343,True,999,0.00011183309834450483,0.0013609589077532291,strong_3x3_strong_250,strong_null,True,1179,292201944,0.0,0,0
250,250,0.11740976222782129,0.030979212664954958,0.10670583582493975,0.02016678986326781,0.08643054956286633,0.08653904596167195,0.04069628698769274,2.1237944775896738,2.126460479990296,0.033687332991953554,0.033464936522096506,0.041,0.033,0.03,True,999,0.00010991701856255531,0.001360375084914267,strong_3x3_strong_250,strong_null,True,1180,292201944,0.0,1,1
250,250,0.145739992514126,0.17641006934066494,0.13509010047783931,0.16473202566453438,-0.03067007682653894,-0.02964192518669506,0.053966660281334365,-0.5683152647699955,-0.5492636570832495,0.569820915735157,0.582824524371275,0.604,0.6,0.624,True,999,0.00010983296670019627,0.0014471659669652581,strong_3x3_strong_250,strong_null,True,1181,292201944,0.0,1,0
250,250,0.10283089798100359,0.09523225054273199,0.0976663042382313,0.08242709417817196,0.0075986474382716,0.01523921006005935,0.04809092082436507,0.15800586281187978,0.316883307677038,0.8744521788965347,0.7513321483603507,0.887,0.887,0.773,True,999,0.00011458306107670069,0.0013936669565737247,strong_3x3_strong_250,strong_null,True,1182,292201944,0.0,2,0
250,250,0.15022409705520795,0.11461471893506797,0.1371733920024809,0.10303153084858252,0.03560937812013998,0.03414186115389839,0.051194729035770374,0.6955672740304822,0.6669018822239113,0.48669986689133526,0.5048348085959529,0.513,0.518,0.534,True,999,0.00015854102093726397,0.0013948329724371433,strong_3x3_strong_250,strong_null,True,1183,292201944,0.0,0,0
250,250,0.13600602153722002,0.13946919756685489,0.1315988066369016,0.12297379679210962,-0.0034631760296348624,0.008625009844791975,0.05267383348805996,-0.0657475600369943,0.1637437276469935,0.9475788068663983,0.8699328924192384,0.96,0.959,0.868,True,999,0.0001117499778047204,0.0014334999723359942,strong_3x3_strong_250,strong_null,True,1184,292201944,0.0,3,0
250,250,0.041055073127013286,0.18681205421210317,0.02794924778169161,0.1745662771035228,-0.1457569810850899,-0.14661702932183118,0.0469007381999845,-3.107775840618604,-3.126113467482259,0.0018850098343467315,0.0017713319233978997,0.004,0.006,0.005,True,999,0.0001163750421255827,0.0014006249839439988,strong_3x3_strong_250,strong_null,True,1185,292201944,0.0,0,1
250,250,0.02515484330501766,0.05355798964612085,0.01869935803227918,0.041962134157415676,-0.02840314634110319,-0.023262776125136497,0.030507915543127213,-0.9310090786422744,-0.7625160785649647,0.35184886799151693,0.44575205059930223,0.331,0.332,0.428,True,999,0.00011624989565461874,0.001360124908387661,strong_3x3_strong_250,strong_null,True,1186,292201944,0.0,2,0
250,250,0.07870544389018852,0.09231400673160184,0.06734887582939564,0.08594535953329796,-0.013608562841413319,-0.018596483703902322,0.043759551781199627,-0.31098496870939046,-0.42496970254370636,0.7558120486948967,0.6708587612355145,0.75,0.75,0.678,True,999,0.00011262495536357164,0.0013533750316128135,strong_3x3_strong_250,strong_null,True,1187,292201944,0.0,0,2
250,250,0.0948616436148661,0.13535075057730128,0.08014619177295401,0.12234061066487811,-0.040489106962435184,-0.0421944188919241,0.0485774990160951,-0.833495090988937,-0.868600066832257,0.4045655652662813,0.3850659179217506,0.422,0.421,0.397,True,999,0.00012375006917864084,0.001419333042576909,strong_3x3_strong_250,strong_null,True,1188,292201944,0.0,0,0
250,250,0.11075710799434813,0.12331547260263853,0.10163129180668307,0.11031174373970032,-0.012558364608290407,-0.008680451933017252,0.049283895927764394,-0.2548167991162317,-0.17613160992264545,0.7988645996641086,0.8601905479767034,0.798,0.798,0.857,True,999,0.00011324998922646046,0.0013699999544769526,strong_3x3_strong_250,strong_null,True,1189,292201944,0.0,1,0
250,250,0.08193534037981048,0.12911079602165654,0.06749115965911301,0.11947536136888459,-0.047175455641846054,-0.05198420170977158,0.04572439729319742,-1.0317348819131293,-1.1369029399432993,0.3021963318623777,0.2555788629812671,0.299,0.286,0.244,True,999,0.00011141691356897354,0.0013420420000329614,strong_3x3_strong_250,strong_null,True,1190,292201944,0.0,0,0
250,250,0.07596379425741945,0.11206403966148748,0.06304254603227832,0.10107144664745249,-0.03610024540406803,-0.038028900615174166,0.04416171001134633,-0.8174557868070078,-0.8611283531684691,0.4136680061225617,0.3891673548772031,0.445,0.442,0.41,True,999,0.0001135410275310278,0.0013455830048769712,strong_3x3_strong_250,strong_null,True,1191,292201944,0.0,0,0
250,250,0.09470884931063106,0.10574807309565004,0.08400461616908217,0.09107879226246496,-0.011039223785018981,-0.007074176093382789,0.047577198832203994,-0.23202761104015995,-0.14868836894605972,0.8165165684239698,0.8817995394484637,0.816,0.818,0.891,True,999,0.00011300004553049803,0.0013371659442782402,strong_3x3_strong_250,strong_null,True,1192,292201944,0.0,1,0
250,250,0.10740305023218,0.10555987230862118,0.09706134078908235,0.09846614986969371,0.0018431779235588142,-0.0014048090806113578,0.04674407493328159,0.039431263239022386,-0.03005320102315555,0.9685465548243974,0.9760246240280857,0.975,0.975,0.978,True,999,0.0001105000264942646,0.001338207977823913,strong_3x3_strong_250,strong_null,True,1193,292201944,0.0,1,1
250,250,0.12309393317668749,0.08276435671884907,0.11610976793502914,0.07134160033996295,0.04032957645783841,0.04476816759506619,0.04534081191957472,0.8894762742532003,0.9873702234198125,0.3737471686670517,0.3234611762677695,0.369,0.367,0.311,True,999,0.0001117499778047204,0.0014033749466761947,strong_3x3_strong_250,strong_null,True,1194,292201944,0.0,1,0
250,250,0.14127145289796023,0.12308771254712347,0.13703840446102333,0.11255589642873076,0.018183740350836752,0.02448250803229257,0.0512602719723925,0.3547335909694365,0.47761174668519585,0.7227891834276653,0.6329265686458281,0.718,0.716,0.613,True,999,0.00011004204861819744,0.0013775830157101154,strong_3x3_strong_250,strong_null,True,1195,292201944,0.0,3,1
250,250,0.11006993881025307,0.16302050306970667,0.1011673186965254,0.1557052119974287,-0.0529505642594536,-0.054537893300903306,0.04822772109044138,-1.0979279771514703,-1.1308411856871377,0.2722359402347093,0.25812194158728785,0.285,0.277,0.262,True,999,0.00010966602712869644,0.0013813329860568047,strong_3x3_strong_250,strong_null,True,1196,292201944,0.0,1,1
250,250,0.14541474419416128,0.08885399715993803,0.13846173106198023,0.08241359937409243,0.05656074703422326,0.0560481316878878,0.049651747921868016,1.1391491619434475,1.1288249464265616,0.2546409454400911,0.25897168685421934,0.283,0.288,0.294,True,999,0.00011254101991653442,0.00138562498614192,strong_3x3_strong_250,strong_null,True,1197,292201944,0.0,2,2
250,250,0.053318620197560396,0.12173044412604817,0.046091227089533504,0.11410589310501962,-0.06841182392848777,-0.06801466601548611,0.04252883905961876,-1.6085984344078879,-1.599259879164353,0.10770417680348782,0.10976287028034543,0.108,0.112,0.116,True,999,0.00011108291801065207,0.001372167025692761,strong_3x3_strong_250,strong_null,True,1198,292201944,0.0,1,1
250,250,0.11245881406758745,0.06071347155243656,0.09600047392980571,0.05319109896571206,0.051745342515150894,0.04280937496409365,0.04345947384165586,1.1906573628499164,0.9850412621208706,0.23378812254477566,0.3246038034209009,0.23,0.235,0.335,True,999,0.00010924995876848698,0.0014263340272009373,strong_3x3_strong_250,strong_null,True,1199,292201944,0.0,0,1
250,250,0.09166290854550263,0.12063486769695747,0.08292465454580622,0.11185429022471283,-0.02897195915145484,-0.028929635678906607,0.04905168846577597,-0.5906414245387082,-0.5897785903759706,0.5547607029524356,0.5553390980584838,0.574,0.572,0.571,True,999,0.00011312495917081833,0.0013666249578818679,strong_3x3_strong_250,strong_null,True,1200,292201944,0.0,1,1
250,250,0.10299211250717633,0.0628919883554368,0.09173810477049926,0.05103107289170339,0.040100124151739525,0.040707031878795874,0.0419658314132103,0.9555422304612443,0.9700041797809307,0.33930355987033944,0.33204440869730434,0.338,0.336,0.337,True,999,0.00011683302000164986,0.001385000068694353,strong_3x3_strong_250,strong_null,True,1201,292201944,0.0,0,0
250,250,0.14745101559024526,0.09340357274056355,0.13460847732783066,0.08616605800125399,0.054047442849681715,0.04844241932657667,0.047674930775593156,1.1336658904463668,1.0160983673913675,0.2569347226399311,0.3095825464323596,0.242,0.243,0.291,True,999,0.00011641602031886578,0.0013961249496787786,strong_3x3_strong_250,strong_null,True,1202,292201944,0.0,0,1
250,250,0.06955030849453853,0.11864565770336938,0.060203792933734235,0.10793657991487748,-0.04909534920883085,-0.04773278698114325,0.04411195168218134,-1.1129715946951064,-1.082082863280441,0.26572062924404816,0.27921570968899223,0.242,0.264,0.276,True,999,0.00011575000826269388,0.0014070409815758467,strong_3x3_strong_250,strong_null,True,1203,292201944,0.0,0,1
250,250,0.10236190595073791,0.05587588029161911,0.09720383660850018,0.0436641055291247,0.0464860256591188,0.053539731079375485,0.04253084486122801,1.0929955849876947,1.2588447573535837,0.27439573821466823,0.20808641052505694,0.275,0.274,0.214,True,999,0.00011550006456673145,0.0013866249937564135,strong_3x3_strong_250,strong_null,True,1204,292201944,0.0,2,1
250,250,0.10442647543482297,0.1148833840230869,0.09526607001357945,0.10424087768343782,-0.010456908588263925,-0.008974807669858365,0.04870971068603359,-0.21467810916935312,-0.18425089255214339,0.8300182910131721,0.8538166363553916,0.83,0.833,0.863,True,999,0.00013745902106165886,0.00139466708060354,strong_3x3_strong_250,strong_null,True,1205,292201944,0.0,1,1
250,250,0.08179398253116843,0.09391958099713216,0.06551079431807239,0.08896253464746451,-0.012125598465963727,-0.023451740329392123,0.045920189971894364,-0.2640581076294599,-0.510706518064186,0.7917351437511799,0.6095565759213277,0.808,0.807,0.631,True,999,0.00011320796329528093,0.0013689580373466015,strong_3x3_strong_250,strong_null,True,1206,292201944,0.0,0,2
250,250,0.11479998876628994,0.07095000553698871,0.10008559142744389,0.06192698555426546,0.043849983229301226,0.03815860587317843,0.04533199568522275,0.9673075841131646,0.841758790813997,0.3333902934877092,0.39992298287974803,0.355,0.352,0.419,True,999,0.00011437491048127413,0.00135720893740654,strong_3x3_strong_250,strong_null,True,1207,292201944,0.0,0,1
250,250,0.14498996002802483,0.11811644659810339,0.13386213276449155,0.10543359554736753,0.026873513429921447,0.028428537217124017,0.05111246073635549,0.5257722489343335,0.5561958240234606,0.5990464581911777,0.5780769936826441,0.596,0.595,0.577,True,999,0.00011145800817757845,0.0013503750087693334,strong_3x3_strong_250,strong_null,True,1208,292201944,0.0,0,0
250,250,0.08490799305021723,0.15431261755949655,0.07591102007367567,0.14382400787206961,-0.06940462450927931,-0.06791298779839394,0.04922055751950703,-1.410073920470587,-1.3797687637219214,0.15851785702886256,0.16765785304797198,0.185,0.182,0.186,True,999,0.00011074997019022703,0.0013290829956531525,strong_3x3_strong_250,strong_null,True,1209,292201944,0.0,1,1
250,250,0.03876439398842424,0.05351934852579271,0.0262885414716294,0.04228477716058876,-0.01475495453736847,-0.01599623568895936,0.03398362800792637,-0.4341783206291869,-0.4707041780597523,0.6641589547422531,0.637852000378666,0.633,0.635,0.616,True,999,0.00011024996638298035,0.0013445409713312984,strong_3x3_strong_250,strong_null,True,1210,292201944,0.0,1,0
250,250,0.12952104178463003,0.13773614804049616,0.11675051671204528,0.12654433609156968,-0.008215106255866134,-0.009793819379524393,0.04971395995130915,-0.1652474730219072,-0.19700340486086113,0.8687492007748951,0.8438248733050704,0.877,0.876,0.849,True,999,0.00011033390183001757,0.0013347089989110827,strong_3x3_strong_250,strong_null,True,1211,292201944,0.0,0,0
250,250,0.07484935871893666,0.09783308912182176,0.06172320347445748,0.08321603586183812,-0.022983730402885094,-0.021492832387380645,0.044175740186087914,-0.5202794634808013,-0.48653021538163826,0.6028688073874326,0.6265912877754167,0.59,0.591,0.622,True,999,0.0001088329590857029,0.0013949170242995024,strong_3x3_strong_250,strong_null,True,1212,292201944,0.0,0,0
250,250,0.09526475916523358,0.10493760211166625,0.0855500504992932,0.09346434882932897,-0.00967284294643267,-0.007914298330035763,0.04569766375907224,-0.21167040392764813,-0.17318824812930522,0.8323641791475994,0.8625034606948727,0.848,0.846,0.879,True,999,0.00011479097884148359,0.0013390419771894813,strong_3x3_strong_250,strong_null,True,1213,292201944,0.0,0,0
250,250,0.14847395560827487,0.09744287176149286,0.13712770789393858,0.08676903114228196,0.05103108384678201,0.05035867675165662,0.04768317918133205,1.0702114398186071,1.0561098822742092,0.2845241462140191,0.2909180160091508,0.29,0.28,0.297,True,999,0.00011158303823322058,0.0014054580824449658,strong_3x3_strong_250,strong_null,True,1214,292201944,0.0,0,1
250,250,0.13210160014980676,0.11025030453739015,0.12104267847841754,0.10509776216471778,0.02185129561241661,0.015944916313699764,0.04947486041459511,0.44166462379690646,0.32228319959031165,0.658731912608927,0.7472381595019093,0.668,0.673,0.757,True,999,0.00011016707867383957,0.0013917910400778055,strong_3x3_strong_250,strong_null,True,1215,292201944,0.0,0,2
250,250,0.08051730927172673,0.12689663550172614,0.06559110115895805,0.11956065464266885,-0.04637932622999941,-0.0539695534837108,0.04776212612768224,-0.9710481921599092,-1.1299654738868674,0.33152428080320695,0.25849077307022317,0.363,0.356,0.278,True,999,0.00010974996257573366,0.0013975410256534815,strong_3x3_strong_250,strong_null,True,1216,292201944,0.0,0,1
250,250,0.12408612213197256,0.10336963134762256,0.11433372496095728,0.0962991834173863,0.020716490784350006,0.01803454154357098,0.04787951683278157,0.4326796123841853,0.3766650696696945,0.6652475431344818,0.7064225244764828,0.663,0.664,0.702,True,999,0.00011441693641245365,0.001343499985523522,strong_3x3_strong_250,strong_null,True,1217,292201944,0.0,0,1
250,250,0.03210467589147481,0.18311455639356367,0.017563284150199365,0.17676533891658153,-0.15100988050208886,-0.15920205476638216,0.041427837650534614,-3.6451306432147352,-3.8428762830764764,0.00026725600158559977,0.00012160077449049715,0.003,0.003,0.003,True,999,0.00011116696987301111,0.0013611669419333339,strong_3x3_strong_250,strong_null,True,1218,292201944,0.0,0,2
250,250,0.07902112961203595,0.12040000148741903,0.06752863462675407,0.11370411211133558,-0.04137887187538308,-0.046175477484581506,0.04471184314503526,-0.9254566344124807,-1.0327348245250938,0.3547284311000003,0.30172801171235575,0.387,0.38,0.313,True,999,0.00011100003030151129,0.0013734169770032167,strong_3x3_strong_250,strong_null,True,1219,292201944,0.0,0,2
250,250,0.07513907513088441,0.13774908476759057,0.06052764472548233,0.12481228575556713,-0.06261000963670615,-0.0642846410300848,0.04774748667934607,-1.3112734091570333,-1.3463460697271032,0.18976540874994985,0.17819093477596126,0.217,0.212,0.2,True,999,0.00011033390183001757,0.0014373749727383256,strong_3x3_strong_250,strong_null,True,1220,292201944,0.0,0,0
250,250,0.18856582918734277,0.09859263573081956,0.1770521522299191,0.09213443760118878,0.08997319345652321,0.08491771462873032,0.05197491675261163,1.731088745842046,1.6338210801359945,0.08343593729898202,0.10229642469109454,0.099,0.1,0.119,True,999,0.0001127920113503933,0.0014601250877603889,strong_3x3_strong_250,strong_null,True,1221,292201944,0.0,0,2
250,250,0.08397623461806397,0.1242766798391739,0.07679340457308115,0.11518658075915766,-0.040300445221109926,-0.038393176186076516,0.04603415976777148,-0.8754465254587804,-0.8340149223915145,0.38133099420420447,0.40427257497540636,0.383,0.384,0.408,True,999,0.00012204202357679605,0.001358833978883922,strong_3x3_strong_250,strong_null,True,1222,292201944,0.0,1,1
250,250,0.1001989498508492,0.08629891611047574,0.08557174367308562,0.07729164976500158,0.013900033740373463,0.00828009390808404,0.04475687769604403,0.31056754751241417,0.18500159828655569,0.7561294013004966,0.8532277819622944,0.741,0.741,0.838,True,999,0.00011149991769343615,0.0013622500700876117,strong_3x3_strong_250,strong_null,True,1223,292201944,0.0,0,1
250,250,0.0942123847059354,0.15623090772618098,0.0829243511361426,0.14321411847710408,-0.062018523020245575,-0.060289767340961475,0.048644484251986995,-1.274934331690695,-1.239395756128277,0.20233248616389432,0.21519897232182128,0.214,0.212,0.229,True,999,0.00011033297050744295,0.0013595829950645566,strong_3x3_strong_250,strong_null,True,1224,292201944,0.0,0,0
250,250,0.07306538114033384,0.15122317118616568,0.06034598021652471,0.1397653266492398,-0.07815779004583184,-0.07941934643271509,0.0475072958350538,-1.645174465774628,-1.6717294688474904,0.09993383762573489,0.09457768040107975,0.088,0.083,0.077,True,999,0.00011212506797164679,0.0014002500101923943,strong_3x3_strong_250,strong_null,True,1225,292201944,0.0,0,0
250,250,0.06576891770569465,0.11819000712424782,0.055434085186675475,0.10500355639850056,-0.05242108941855317,-0.04956947121182509,0.044672968846362564,-1.1734409145458324,-1.109607722341051,0.2406190379632649,0.26716810213524167,0.238,0.243,0.274,True,999,0.00011675001587718725,0.0014100000262260437,strong_3x3_strong_250,strong_null,True,1226,292201944,0.0,1,0
250,250,0.11317791985913234,0.119677224874421,0.10373492709712195,0.11028803303423729,-0.00649930501528867,-0.006553105937115333,0.048885659105236054,-0.13294911297600856,-0.1340496590832186,0.8942336250860577,0.893363306486114,0.897,0.896,0.892,True,999,0.00011595792602747679,0.001433667028322816,strong_3x3_strong_250,strong_null,True,1227,292201944,0.0,0,1
250,250,0.128523614970171,0.11969549277830127,0.11689033213046685,0.10494715140498556,0.008828122191869736,0.011943180725481284,0.049127609549799944,0.17969777631701778,0.24310526880764788,0.8573898392693626,0.807923849720165,0.855,0.854,0.806,True,999,0.00011245801579207182,0.0014378329506143928,strong_3x3_strong_250,strong_null,True,1228,292201944,0.0,0,0
250,250,0.12026612496806949,0.1265142008796788,0.1089346929980195,0.11514312662812642,-0.006248075911609308,-0.006208433630106924,0.04966339036968427,-0.12580848518596677,-0.12501026578919794,0.8998835249388526,0.9005154231724873,0.88,0.88,0.887,True,999,0.00010970805305987597,0.0013767499476671219,strong_3x3_strong_250,strong_null,True,1229,292201944,0.0,0,0
250,250,0.07358372297824695,0.13012718624250047,0.0607224246113276,0.12140023479207684,-0.056543463264253524,-0.06067781018074925,0.044771961209064834,-1.2629212957685971,-1.3552636190630847,0.20661746582328366,0.17533358173321878,0.216,0.214,0.185,True,999,0.00011099991388618946,0.001426458009518683,strong_3x3_strong_250,strong_null,True,1230,292201944,0.0,0,1
250,250,0.12679720579187304,0.14505012285862323,0.11395420082330077,0.13586751265900432,-0.018252917066750196,-0.021913311835703553,0.04891074674793564,-0.3731882721156898,-0.44802652367249823,0.7090083242162835,0.6541340545405048,0.714,0.711,0.643,True,999,0.00011333299335092306,0.0015012500807642937,strong_3x3_strong_250,strong_null,True,1231,292201944,0.0,0,1
250,250,0.06062002056666588,0.10410461574194224,0.049087981217383,0.0989345733647582,-0.043484595175276364,-0.04984659214737519,0.04317546949623177,-1.0071597525782916,-1.1545118728060537,0.3138580106366655,0.24829037380643726,0.32,0.333,0.274,True,999,0.00011650007218122482,0.0015434169908985496,strong_3x3_strong_250,strong_null,True,1232,292201944,0.0,0,2
250,250,0.122938545781905,0.10334028954096441,0.11511183532196867,0.09241932047035561,0.01959825624094058,0.022692514851613055,0.048031183722732816,0.40803192263747745,0.47245379132459003,0.6832502386154564,0.6366029170430816,0.671,0.673,0.626,True,999,0.00013033393770456314,0.0014038750668987632,strong_3x3_strong_250,strong_null,True,1233,292201944,0.0,1,0
250,250,0.10464075904321746,0.12748650882932483,0.09522117023435328,0.11625831311440038,-0.022845749786107372,-0.0210371428800471,0.046699054825139884,-0.48921225218906644,-0.4504832690686922,0.6246914362146012,0.6523620154181996,0.634,0.629,0.653,True,999,0.0001135410275310278,0.0013274579541757703,strong_3x3_strong_250,strong_null,True,1234,292201944,0.0,0,0
250,250,0.12274945706194562,0.07987623908112662,0.11541037347596728,0.07504690188137886,0.042873217980819,0.04036347159458842,0.04619421992705578,0.9281078465773229,0.8737775344691487,0.35335162981188883,0.38223941712646714,0.331,0.334,0.346,True,999,0.00011191598605364561,0.0012790830805897713,strong_3x3_strong_250,strong_null,True,1235,292201944,0.0,1,2
250,250,0.12353878132991891,0.1026793562175417,0.1113016894283021,0.09274159898526335,0.020859425112377206,0.018560090443038746,0.051659352223382145,0.4037879728374871,0.3592784199612562,0.6863686414848518,0.71938681646877,0.696,0.697,0.745,True,999,0.00011058303061872721,0.0013795829145237803,strong_3x3_strong_250,strong_null,True,1236,292201944,0.0,1,2
250,250,0.07174652038258195,0.07497899531654495,0.06640740113498111,0.06198764151795899,-0.0032324749339630032,0.004419759617022123,0.04099375907125681,-0.07885285485393521,0.10781542647356492,0.9371496627940481,0.9141421056665886,0.926,0.93,0.905,True,999,0.00011079199612140656,0.0013775000115856528,strong_3x3_strong_250,strong_null,True,1237,292201944,0.0,2,0
250,250,0.11103024773571651,0.11277367450250048,0.0980797811238574,0.10402064961813551,-0.001743426766783962,-0.0059408684942781065,0.04771111068289371,-0.03654131588701515,-0.12451750565530513,0.9708507353788902,0.9009055407348361,0.971,0.97,0.891,True,999,0.00011483300477266312,0.0014171249931678176,strong_3x3_strong_250,strong_null,True,1238,292201944,0.0,0,1
250,250,0.11169366313974999,0.06604999051194305,0.09849883576579543,0.053381647784803476,0.04564367262780694,0.04511718798099196,0.04366450068357244,1.045326796671217,1.033269298278408,0.29587195687998746,0.3014778907518516,0.287,0.292,0.294,True,999,0.00011812499724328518,0.001347124925814569,strong_3x3_strong_250,strong_null,True,1239,292201944,0.0,0,0
250,250,0.03656009303851698,0.08446721792186446,0.02575746605621987,0.07462006970185087,-0.047907124883347474,-0.048862603645631,0.03742221987687095,-1.2801785955235858,-1.3057109868522485,0.20048233196028364,0.1916508602768776,0.193,0.174,0.177,True,999,0.00011254195123910904,0.00131108402274549,strong_3x3_strong_250,strong_null,True,1240,292201944,0.0,1,0
250,250,0.18002575483661853,0.10483980691607175,0.16690400216394607,0.0886486790571297,0.07518594792054678,0.07825532310681638,0.05220760719691827,1.4401339566657039,1.4989256797702015,0.14982950371330223,0.13389291357770255,0.183,0.176,0.156,True,999,0.00011429202277213335,0.0013816660502925515,strong_3x3_strong_250,strong_null,True,1241,292201944,0.0,0,0
250,250,0.08935568910408315,0.16431093973246236,0.0869004832053406,0.15302155470911316,-0.07495525062837921,-0.06612107150377255,0.04752030752100001,-1.577330925210348,-1.3914276854069716,0.11471940016213715,0.164095774151378,0.127,0.124,0.174,True,999,0.00011716596782207489,0.001427958020940423,strong_3x3_strong_250,strong_null,True,1242,292201944,0.0,3,0
250,250,0.13272809701392546,0.10129279497839555,0.12365090610337859,0.08991973392249974,0.03143530203552991,0.03373117218087884,0.04866417852103078,0.6459638894745708,0.6931417154468462,0.5183027416248993,0.48822062091469154,0.541,0.543,0.517,True,999,0.00012208300177007914,0.0014649160439148545,strong_3x3_strong_250,strong_null,True,1243,292201944,0.0,1,0
250,250,0.09399601376859512,0.09567650739995681,0.07928418335612264,0.08586115792803639,-0.0016804936313616903,-0.006576974571913752,0.04586212111836074,-0.03664230066953686,-0.14340755315132347,0.9707702151048535,0.885968318081198,0.978,0.978,0.884,True,999,0.00011708308011293411,0.0013527499977499247,strong_3x3_strong_250,strong_null,True,1244,292201944,0.0,0,0
250,250,0.10161145614604322,0.0793600963247385,0.09274858558197252,0.06804522887506437,0.022251359821304717,0.024703356706908153,0.04471080160965166,0.49767302352506576,0.5525142877683382,0.618714524992914,0.580596048145265,0.616,0.614,0.568,True,999,0.0001192920608446002,0.001370500074699521,strong_3x3_strong_250,strong_null,True,1245,292201944,0.0,1,0
250,250,0.15426623856944133,0.15055607208578692,0.14536545218815888,0.14170986098099547,0.003710166483654409,0.003655591207163411,0.05317262967069661,0.06977586977796359,0.06874949066470573,0.944372053483322,0.9451890235105564,0.943,0.944,0.94,True,999,0.00011037499643862247,0.0013263750588521361,strong_3x3_strong_250,strong_null,True,1246,292201944,0.0,1,1
250,250,0.10524834084208406,0.0914144024448959,0.09083519722221922,0.08332392988280901,0.013833938397188161,0.00751126733941021,0.04569634963175299,0.3027361815258736,0.1643734652754596,0.7620909220003068,0.8694371510837678,0.769,0.774,0.889,True,999,0.00011112506035715342,0.0013844999484717846,strong_3x3_strong_250,strong_null,True,1247,292201944,0.0,0,2
250,250,0.07110526440467507,0.14018566433695595,0.06469647503885767,0.1298545227669905,-0.06908039993228088,-0.06515804772813283,0.04640055443700589,-1.4887839330899697,-1.4042514904987267,0.1365442745269246,0.1602439738740592,0.148,0.141,0.181,True,999,0.00011787505354732275,0.0013666249578818679,strong_3x3_strong_250,strong_null,True,1248,292201944,0.0,2,1
250,250,0.12688165986518696,0.08478625119032512,0.1181848971153272,0.07250943292353895,0.042095408674861834,0.04567546419178825,0.04716081900919312,0.8925928251300327,0.9685044736582008,0.37207526285308734,0.33279248584887355,0.353,0.357,0.335,True,999,0.00011583289597183466,0.0014067910378798842,strong_3x3_strong_250,strong_null,True,1249,292201944,0.0,1,1
250,250,0.048373456751298005,0.11921035238605959,0.03927739808304409,0.10979112272195835,-0.07083689563476159,-0.07051372463891425,0.04350270278200412,-1.6283332093118794,-1.620904452586883,0.10345425144182283,0.1050381317967394,0.118,0.113,0.115,True,999,0.00011675001587718725,0.0013736250111833215,strong_3x3_strong_250,strong_null,True,1250,292201944,0.0,1,1
250,250,0.09052089530459234,0.11398866976361871,0.08161109736840899,0.10932894433651086,-0.02346777445902637,-0.027717846968101867,0.045126151581870194,-0.5200482123198545,-0.6142302411455299,0.6030299722501815,0.5390631923740983,0.604,0.61,0.551,True,999,0.00011804199311882257,0.0013589170994237065,strong_3x3_strong_250,strong_null,True,1251,292201944,0.0,1,2
250,250,0.07217959012229558,0.12542511608772655,0.06549531972896716,0.11477527992704495,-0.05324552596543097,-0.04927996019807779,0.04577523713507207,-1.1631949782874051,-1.076563733633189,0.24475040352235133,0.28167521353418523,0.257,0.26,0.311,True,999,0.00011641706805676222,0.0014132079668343067,strong_3x3_strong_250,strong_null,True,1252,292201944,0.0,2,1
250,250,0.0599150752729653,0.10990861106391314,0.04817744592158135,0.1050067577073861,-0.04999353579094784,-0.05682931178580475,0.04295060528925277,-1.1639774446544848,-1.3231318022897514,0.24443315255342069,0.18579155039793194,0.246,0.236,0.187,True,999,0.00011283392086625099,0.0014077910454943776,strong_3x3_strong_250,strong_null,True,1253,292201944,0.0,0,2
250,250,0.10749147112102536,0.14839133431353113,0.0945183512460801,0.1395813532679142,-0.04089986319250577,-0.04506300202183411,0.05001828043037254,-0.8176983063110301,-0.9009306524354355,0.413529477818097,0.36762519234949986,0.437,0.428,0.387,True,999,0.0001106249401345849,0.0014462920371443033,strong_3x3_strong_250,strong_null,True,1254,292201944,0.0,0,1
250,250,0.1444117837900285,0.1537073099892502,0.14247664267331572,0.14276600759487224,-0.009295526199221693,-0.00028936492155651194,0.05237084486087508,-0.17749429523078294,-0.005525305584151251,0.8591201458399781,0.9955914664120542,0.875,0.87,0.997,True,999,0.00011058407835662365,0.0013555840123444796,strong_3x3_strong_250,strong_null,True,1255,292201944,0.0,4,1
250,250,0.11430235080745677,0.11401638453000379,0.10480528854486693,0.09962034641938544,0.00028596627745297587,0.005184942125481484,0.047684576820759716,0.005997039221463302,0.10873415412641754,0.9952150836758532,0.913413351376693,0.996,0.996,0.921,True,999,0.00010945799294859171,0.0014048329321667552,strong_3x3_strong_250,strong_null,True,1256,292201944,0.0,0,0
250,250,0.06878846286661017,0.08453700768552586,0.05748264300682138,0.07323010385049145,-0.01574854481891569,-0.01574746084367007,0.03984421560312874,-0.3952529766373176,-0.3952257713020083,0.6926561991246782,0.6926762749158751,0.689,0.683,0.688,True,999,0.00011241692118346691,0.0013876250013709068,strong_3x3_strong_250,strong_null,True,1257,292201944,0.0,0,0
250,250,0.029658264083587127,0.09133992573868699,0.01695953736280842,0.0781339773411105,-0.06168166165509986,-0.061174439978302075,0.0368301366095972,-1.674760599150937,-1.660988679644518,0.09398121231936796,0.09671572030096832,0.081,0.085,0.09,True,999,0.00011429097503423691,0.0014244579942896962,strong_3x3_strong_250,strong_null,True,1258,292201944,0.0,0,0
250,250,0.1334007365872421,0.13544699224384255,0.12468438557017691,0.12796222090760523,-0.0020462556566004375,-0.0032778353374283142,0.05340628277716304,-0.0383148863802862,-0.061375463091206624,0.9694366218864511,0.9510601931281369,0.969,0.969,0.963,True,999,0.00011833291500806808,0.0014179160352796316,strong_3x3_strong_250,strong_null,True,1259,292201944,0.0,1,1
250,250,0.12863957318407893,0.14648298805909582,0.11875292588909758,0.1357303881077172,-0.017843414875016894,-0.01697746221861962,0.05227439611585666,-0.34134138700464794,-0.32477586505240874,0.7328465944380311,0.7453507120889631,0.713,0.714,0.724,True,999,0.0001545000122860074,0.001379749970510602,strong_3x3_strong_250,strong_null,True,1260,292201944,0.0,0,1
250,250,0.13666090978931028,0.16224441252601352,0.12193949393248715,0.15171547523290485,-0.025583502736703234,-0.029775981300417698,0.05419950661805549,-0.47202464253024395,-0.5493773496915638,0.6369091993968237,0.5827465148780362,0.645,0.645,0.599,True,999,0.00011300004553049803,0.0014063750859349966,strong_3x3_strong_250,strong_null,True,1261,292201944,0.0,0,1
250,250,0.13360646514176705,0.09605823241913936,0.12024753534188903,0.08535906337385768,0.037548232722627695,0.034888471968031354,0.04873009301594795,0.7705348050605864,0.7159533218336637,0.44098271725947824,0.4740201719200048,0.433,0.434,0.477,True,999,0.00011595897376537323,0.0013860000763088465,strong_3x3_strong_250,strong_null,True,1262,292201944,0.0,0,1
250,250,0.12485647374785397,0.16721911442764925,0.11319359764115688,0.1558748950844091,-0.04236264067979528,-0.04268129744325222,0.05087958523515094,-0.8326058572216585,-0.8388688163630154,0.4050670545543221,0.4015429284700257,0.451,0.444,0.448,True,999,0.0001125409035012126,0.0013947091065347195,strong_3x3_strong_250,strong_null,True,1263,292201944,0.0,0,0
250,250,0.09291301578223288,0.08163669673279589,0.08588818734818915,0.06810842910568482,0.01127631904943699,0.01777975824250433,0.0434764920751802,0.2593658897304274,0.4089510766360659,0.7953529454575629,0.6825755645922646,0.818,0.819,0.7,True,999,0.00011237501166760921,0.0013497499749064445,strong_3x3_strong_250,strong_null,True,1264,292201944,0.0,1,0
250,250,0.13739033717452004,0.08997472554614183,0.1267370991741501,0.0767650223202736,0.04741561162837821,0.0499720768538765,0.047572681448029,0.996698318974885,1.0504364129330976,0.31891096590415713,0.2935175116441867,0.355,0.357,0.34,True,999,0.00011000002268701792,0.0014012499013915658,strong_3x3_strong_250,strong_null,True,1265,292201944,0.0,1,0
250,250,0.11363536004686858,0.07740713931986348,0.10213306341343298,0.0686606009731463,0.0362282207270051,0.03347246244028668,0.04579604585407257,0.7910774839042873,0.7309028938206905,0.4288987774445011,0.4648384683183887,0.407,0.414,0.45,True,999,0.00011116696987301111,0.0013589579612016678,strong_3x3_strong_250,strong_null,True,1266,292201944,0.0,0,1
250,250,0.1112560835490608,0.09259628611995446,0.09882397753160888,0.079779103092676,0.01865979742910634,0.01904487443893288,0.047360982193457205,0.39399093018987563,0.40212161059370677,0.6935877354588036,0.687594529169022,0.688,0.695,0.695,True,999,0.00010987499263137579,0.001384790986776352,strong_3x3_strong_250,strong_null,True,1267,292201944,0.0,1,0
250,250,0.227507684656425,0.12542571007665765,0.21981699402543597,0.11607633573176201,0.10208197457976736,0.10374065829367396,0.05570110121689977,1.832674262260287,1.8624525552862667,0.06685102704095207,0.06253932709430193,0.08,0.077,0.076,True,999,0.00011300004553049803,0.0013848749222233891,strong_3x3_strong_250,strong_null,True,1268,292201944,0.0,1,1
250,250,0.0924836625051153,0.09557872707263537,0.08354111247382434,0.08661626388672516,-0.003095064567520067,-0.003075151412900823,0.04572345063959001,-0.06769096654398565,-0.06725545359951855,0.9460316404718473,0.9463783394278799,0.941,0.941,0.956,True,999,0.00011283403728157282,0.0013607499422505498,strong_3x3_strong_250,strong_null,True,1269,292201944,0.0,1,1
250,250,0.08561200440080663,0.09673650645623466,0.07445421260928242,0.08784161890226017,-0.011124502055428032,-0.013387406292977744,0.04416675705899901,-0.25187500274397906,-0.3031104655271504,0.8011376817163651,0.7618056787736898,0.792,0.789,0.738,True,999,0.00011095800437033176,0.001376874977722764,strong_3x3_strong_250,strong_null,True,1270,292201944,0.0,0,1
250,250,0.09285480155612841,0.10992842937782138,0.0781372329646075,0.09705284926410229,-0.01707362782169297,-0.018915616299494786,0.046775106373898936,-0.36501526442749593,-0.40439493922882713,0.7151000118862118,0.6859223210744096,0.731,0.728,0.688,True,999,0.00012641598004847765,0.0014132079668343067,strong_3x3_strong_250,strong_null,True,1271,292201944,0.0,0,0
250,250,0.13419665562475847,0.10375278655810982,0.12308780171230183,0.09412011039209744,0.030443869066648643,0.02896769132020438,0.04924852644392671,0.6181681212596557,0.5881940722264322,0.536464521615708,0.5564020357525152,0.546,0.548,0.574,True,999,0.00011775002349168062,0.0013810409000143409,strong_3x3_strong_250,strong_null,True,1272,292201944,0.0,0,0
250,250,0.07607116960443583,0.05656563188197267,0.06703097788275159,0.04617312669890339,0.019505537722463162,0.020857851183848197,0.03710833385112234,0.5256376586650015,0.5620799701632886,0.5991399861970002,0.574061534526662,0.573,0.574,0.547,True,999,0.00011679099407047033,0.0013717500260099769,strong_3x3_strong_250,strong_null,True,1273,292201944,0.0,1,1
250,250,0.157811014242065,0.07466084701987508,0.15032915536282587,0.06317651494023835,0.08315016722218993,0.08715264042258752,0.048579077329313346,1.7116456670949547,1.794036552645645,0.08696198706032074,0.07280733478250846,0.104,0.103,0.092,True,999,0.00011991697829216719,0.0014270840911194682,strong_3x3_strong_250,strong_null,True,1274,292201944,0.0,1,0
250,250,0.10573037073495162,0.06290400398881735,0.09631975377125457,0.04985980795102307,0.04282636674613427,0.046459945820231496,0.04199991817447618,1.0196773852802488,1.1061913413075581,0.30788149043643576,0.26864370980599683,0.284,0.283,0.246,True,999,0.00011329189874231815,0.0013541670050472021,strong_3x3_strong_250,strong_null,True,1275,292201944,0.0,0,0
250,250,0.09461909975769,0.10986096868142298,0.0840507082934181,0.10217847352353715,-0.01524186892373297,-0.018127765230119053,0.048298479310301075,-0.31557658007841655,-0.375327867232722,0.7523239163209601,0.7074166434470843,0.75,0.75,0.711,True,999,0.00011075008660554886,0.0013613749761134386,strong_3x3_strong_250,strong_null,True,1276,292201944,0.0,1,1
250,250,0.07866519356530444,0.14067717049133183,0.06975884108832986,0.12602993510378724,-0.06201197692602739,-0.05627109401545738,0.0489989058548818,-1.265578809242923,-1.1484153173157243,0.20566391673464235,0.25079715336418107,0.201,0.204,0.235,True,999,0.00011170795187354088,0.0013512499863281846,strong_3x3_strong_250,strong_null,True,1277,292201944,0.0,1,0
250,250,0.11223378319801114,0.09123949518724855,0.099034692327578,0.0778855753562766,0.020994288010762585,0.021149116971301396,0.04723477966561996,0.4444667289523395,0.44774458822541885,0.6567051783391606,0.6543375382688638,0.679,0.676,0.677,True,999,0.00011070899199694395,0.001394541934132576,strong_3x3_strong_250,strong_null,True,1278,292201944,0.0,0,0
250,250,0.11263145889286774,0.0855289250073622,0.10113740686841766,0.07519352504498045,0.027102533885505542,0.02594388182343721,0.04599545255047853,0.5892437704740786,0.5640531918881466,0.5556977588179044,0.5727179324162057,0.565,0.564,0.579,True,999,0.00011470797471702099,0.0013687090249732137,strong_3x3_strong_250,strong_null,True,1279,292201944,0.0,0,1
250,250,0.0533587563937345,0.08606019338789245,0.04693170049213791,0.07718400131429348,-0.03270143699415795,-0.030252300822155576,0.0393305338130426,-0.8314516438959102,-0.7691810379681003,0.4057185347493373,0.4417858455223992,0.375,0.373,0.406,True,999,0.00011516595259308815,0.0013657079543918371,strong_3x3_strong_250,strong_null,True,1280,292201944,0.0,2,1
250,250,0.07768730300600252,0.15095210721989066,0.06549884730711142,0.14425213070759924,-0.07326480421388815,-0.07875328340048782,0.048183274688799106,-1.5205443110100527,-1.6344526998036344,0.12837423092972264,0.10216383034887286,0.14,0.141,0.118,True,999,0.0001231660135090351,0.001410875003784895,strong_3x3_strong_250,strong_null,True,1281,292201944,0.0,1,2
250,250,0.11944767962936581,0.1451274376327884,0.10651608158134707,0.13593255556013162,-0.025679758003422593,-0.029416473978784552,0.05247647057044773,-0.48935756776836703,-0.5605650238861628,0.6245885713048511,0.5750941006509692,0.633,0.632,0.595,True,999,0.0001194999786093831,0.0013922919752076268,strong_3x3_strong_250,strong_null,True,1282,292201944,0.0,0,1
250,250,0.17887180730181573,0.1370317785068329,0.17164031316121964,0.12404767756757451,0.04184002879498283,0.04759263559364513,0.052646476111959856,0.7947356002708396,0.9040042013910474,0.42676731911097976,0.3659931735895685,0.415,0.415,0.361,True,999,0.0001154160127043724,0.0013470830162987113,strong_3x3_strong_250,strong_null,True,1283,292201944,0.0,1,0
250,250,0.07888300773934076,0.07747300322957551,0.06754563816484449,0.06790166899091332,0.0014100045097652503,-0.00035603082606883163,0.040588097118875434,0.03473935980875363,-0.008771803837614748,0.9722875752676443,0.9930012029008979,0.975,0.975,0.995,True,999,0.00011137500405311584,0.001317167072556913,strong_3x3_strong_250,strong_null,True,1284,292201944,0.0,0,0
250,250,0.10140157639425212,0.04695848241534728,0.0924780077460241,0.032353967962876595,0.054443093978904844,0.06012403978314751,0.04169934930293903,1.305610156728935,1.4418459949184357,0.1916851645880585,0.1493458241520191,0.221,0.213,0.177,True,999,0.0001140419626608491,0.001387875061482191,strong_3x3_strong_250,strong_null,True,1285,292201944,0.0,1,0
250,250,0.08322767360896938,0.18008606071129057,0.07011094889183767,0.166857450002027,-0.0968583871023212,-0.09674650111018934,0.050588008986913256,-1.9146511009630316,-1.912439391224449,0.05553701356260994,0.055819859573438976,0.061,0.066,0.067,True,999,0.00011187500786036253,0.00143174990080297,strong_3x3_strong_250,strong_null,True,1286,292201944,0.0,0,0
250,250,0.09824971445274144,0.09139617079550577,0.09166868581668552,0.08260597339400988,0.006853543657235672,0.009062712422675645,0.04513110652693,0.15185853360688426,0.200808558001295,0.8792985142855083,0.8408482709198956,0.87,0.871,0.834,True,999,0.00011333299335092306,0.0014349579578265548,strong_3x3_strong_250,strong_null,True,1287,292201944,0.0,2,1
250,250,0.17947969963313481,0.07957759028926431,0.17047276891779006,0.07708474679029109,0.0999021093438705,0.09338802212749897,0.05017478189008502,1.991082085074535,1.8612541721073883,0.04647186365496381,0.06270829155436788,0.062,0.062,0.081,True,999,0.00011441705282777548,0.0013064999366179109,strong_3x3_strong_250,strong_null,True,1288,292201944,0.0,1,3
250,250,0.09935429300475063,0.11401321235189066,0.08823395167860326,0.10706366303982406,-0.014658919347140031,-0.018829711361220802,0.04662642697580659,-0.3143907929026219,-0.4038420394295089,0.7532242481097553,0.6863288802738121,0.771,0.769,0.707,True,999,0.00011054100468754768,0.0013276669196784496,strong_3x3_strong_250,strong_null,True,1289,292201944,0.0,0,1
250,250,0.0447697291440563,0.08071333635873268,0.03582103078720422,0.07185308583572692,-0.035943607214676376,-0.03603205504852269,0.03805854190657011,-0.9444294346040454,-0.9467534288879947,0.3449502458952356,0.34376443786407107,0.362,0.353,0.339,True,999,0.00010966602712869644,0.0013436248991638422,strong_3x3_strong_250,strong_null,True,1290,292201944,0.0,1,1
250,250,0.10094075594015212,0.12945999386034768,0.09277784567186131,0.1205407591913712,-0.02851923792019556,-0.02776291351950988,0.04857712174811558,-0.5870919662155959,-0.5715224064420176,0.5571419428533237,0.5676455763010906,0.583,0.584,0.601,True,999,0.00010995892807841301,0.0013910419074818492,strong_3x3_strong_250,strong_null,True,1291,292201944,0.0,2,1
250,250,0.07892418478592272,0.13976127811352246,0.06779597641792634,0.1269201574613703,-0.060837093327599734,-0.05912418104344397,0.046843202220550134,-1.298738993998802,-1.2621720599943562,0.19403351714537853,0.20688688011794876,0.199,0.197,0.204,True,999,0.0001152919139713049,0.0013666250742971897,strong_3x3_strong_250,strong_null,True,1292,292201944,0.0,0,0
250,250,0.09542331668478904,0.09218123545224899,0.08400406493174728,0.08154439861041851,0.0032420812325400505,0.0024596663213287684,0.046373032845111954,0.06991307304330838,0.05304087678595804,0.9442628478077154,0.957699338569501,0.958,0.958,0.967,True,999,0.00011424999684095383,0.0014156249817460775,strong_3x3_strong_250,strong_null,True,1293,292201944,0.0,0,1
250,250,0.09928250358393731,0.10627233582463375,0.08463781773278356,0.09474386222397868,-0.006989832240696436,-0.01010604449119512,0.047636587138366326,-0.14673243111211157,-0.21214879356996905,0.8833432193294875,0.8319909541864066,0.879,0.88,0.828,True,999,0.0001141249667853117,0.0013677909737452865,strong_3x3_strong_250,strong_null,True,1294,292201944,0.0,0,0
250,250,0.1432873279782148,0.06581724073221312,0.12857881095983714,0.054592500635109786,0.07747008724600168,0.07398631032472736,0.04675189546982488,1.657046981036379,1.5825307098506927,0.09750997701728177,0.11352846738283284,0.106,0.106,0.128,True,999,0.00011329201515763998,0.0013513750163838267,strong_3x3_strong_250,strong_null,True,1295,292201944,0.0,0,0
250,250,0.10886509449545534,0.13685711430967323,0.09988569957440063,0.12563173833962082,-0.027992019814217894,-0.02574603876522019,0.048944583421674286,-0.571912515284012,-0.5260242700077613,0.567381244800951,0.5988713442482465,0.579,0.576,0.599,True,999,0.00011391693260520697,0.0013752500526607037,strong_3x3_strong_250,strong_null,True,1296,292201944,0.0,1,0
250,250,0.030705396754468595,0.1452130517000863,0.023206875456878606,0.13045985082895584,-0.11450765494561771,-0.10725297537207723,0.04193435619122148,-2.7306405855728553,-2.557639728221928,0.0063211366405843935,0.010538521040963091,0.005,0.005,0.008,True,999,0.0001449580304324627,0.0014215420233085752,strong_3x3_strong_250,strong_null,True,1297,292201944,0.0,1,0
250,250,0.13808657624288323,0.07639242843447686,0.12370597125526217,0.0651635404103672,0.061694147808406374,0.058542430844894966,0.04634924416986203,1.331071280953534,1.2630719635976586,0.1831655576628226,0.20656331863698985,0.183,0.192,0.215,True,999,0.00011008302681148052,0.0014136669924482703,strong_3x3_strong_250,strong_null,True,1298,292201944,0.0,0,0
250,250,0.14380181788084373,0.19239506867570838,0.13461327349828878,0.18593821020532175,-0.04859325079486465,-0.051324936707032975,0.05315213278851619,-0.9142295566616189,-0.9656232782087347,0.3605962364935865,0.3342327228001112,0.367,0.363,0.359,True,999,0.00011454196646809578,0.0013675829395651817,strong_3x3_strong_250,strong_null,True,1299,292201944,0.0,1,2
250,250,0.09445260383578163,0.12813523926797332,0.08791686170307855,0.11644722403006824,-0.03368263543219169,-0.02853036232698969,0.04822977536008114,-0.6983784432068941,-0.5915508026729007,0.48494055393163793,0.5541514263754201,0.477,0.478,0.553,True,999,0.00011895899660885334,0.0013769170036539435,strong_3x3_strong_250,strong_null,True,1300,292201944,0.0,2,0
250,250,0.10228491654111516,0.117391241727211,0.09072444156311121,0.10437176366779966,-0.015106325186095837,-0.013647322104688442,0.04749234667267344,-0.31807914841967255,-0.2873583442559379,0.7504249000388401,0.773837953176108,0.732,0.731,0.769,True,999,0.00010858301538974047,0.0013692498905584216,strong_3x3_strong_250,strong_null,True,1301,292201944,0.0,0,0
250,250,0.1123854717039523,0.15032740014629664,0.0995780979952059,0.1436264502493998,-0.03794192844234434,-0.0440483522541939,0.05129573187079759,-0.7396702816895473,-0.8587137886080228,0.459500084739247,0.3904984412421899,0.45,0.461,0.391,True,999,0.0001105000264942646,0.001376542029902339,strong_3x3_strong_250,strong_null,True,1302,292201944,0.0,0,2
250,250,0.08372010326300172,0.10075486255396371,0.07647402114515955,0.08951693890163881,-0.017034759290961987,-0.013042917756479255,0.044889421306469696,-0.3794827109635038,-0.2905566028003004,0.704329440542507,0.7713904546266219,0.689,0.684,0.758,True,999,0.00012154108844697475,0.0013588330475613475,strong_3x3_strong_250,strong_null,True,1303,292201944,0.0,1,0
250,250,0.15937743999506937,0.06368605439026387,0.1459963217308342,0.05708943521204901,0.0956913856048055,0.0889068865187852,0.04701851500134289,2.0351851946424184,1.890890992968322,0.04183224219943461,0.05863889703132915,0.058,0.059,0.09,True,999,0.00010891701094806194,0.0013837500009685755,strong_3x3_strong_250,strong_null,True,1304,292201944,0.0,0,2
250,250,0.12881546729008214,0.08488143049533525,0.11810388305488573,0.07325179885530986,0.04393403679474689,0.04485208419957587,0.047274011282595535,0.9293486125414051,0.9487683186319472,0.35270844972547377,0.34273845836053496,0.356,0.359,0.348,True,999,0.00011237501166760921,0.001376124913804233,strong_3x3_strong_250,strong_null,True,1305,292201944,0.0,1,0
250,250,0.08406051260507241,0.11712921508086438,0.07636134627655622,0.109728378138513,-0.03306870247579197,-0.033367031861956775,0.044926961944612945,-0.7360547218073608,-0.7426950414117133,0.4616973962766032,0.4576663325133784,0.488,0.478,0.48,True,999,0.00011962500866502523,0.001361041096970439,strong_3x3_strong_250,strong_null,True,1306,292201944,0.0,1,1
250,250,0.133353075767767,0.1306732751789898,0.12246537877564379,0.12641514995792846,0.0026798005887772036,-0.003949771182284678,0.05223484731836157,0.051302927573317544,-0.07561563563518366,0.9590841353124095,0.9397248966412949,0.955,0.955,0.936,True,999,0.00010974996257573366,0.001387750031426549,strong_3x3_strong_250,strong_null,True,1307,292201944,0.0,1,3
250,250,0.097685528856229,0.1347178952497628,0.09232661846887424,0.1232193409724971,-0.0370323663935338,-0.03089272250362285,0.0477023088110165,-0.7763223063320877,-0.647614827743692,0.4375587056109218,0.5172341045034448,0.436,0.433,0.513,True,999,0.00011075008660554886,0.0014230830129235983,strong_3x3_strong_250,strong_null,True,1308,292201944,0.0,2,0
250,250,0.10974499072572896,0.08533768126158114,0.10057476123505182,0.07642848577516759,0.02440730946414782,0.024146275459884237,0.047134613141018904,0.5178213596688536,0.5122833062752123,0.6045829140408627,0.6084527469168758,0.615,0.616,0.629,True,999,0.00011124997399747372,0.001443166984245181,strong_3x3_strong_250,strong_null,True,1309,292201944,0.0,1,1
250,250,0.13122853976985094,0.10132602342589087,0.11996413157920927,0.08791577111274762,0.029902516343960073,0.032048360466461645,0.04896660278625601,0.6106716546068648,0.6544942602278508,0.5414169750000815,0.5127934238615561,0.57,0.561,0.529,True,999,0.00011370901484042406,0.0013567500282078981,strong_3x3_strong_250,strong_null,True,1310,292201944,0.0,0,0
250,250,0.13458361272001934,0.11207301295204497,0.12573298281981238,0.09933663863722586,0.02251059976797437,0.026396344182586517,0.049760466368627666,0.45237919599094756,0.5304681830560283,0.6509958316131568,0.5957873631654951,0.68,0.679,0.604,True,999,0.00011416606139391661,0.001357708009891212,strong_3x3_strong_250,strong_null,True,1311,292201944,0.0,1,0
250,250,0.0820548438258143,0.15250440255640185,0.07088983477829913,0.14092729636564627,-0.07044955873058756,-0.07003746158734714,0.04818417470670001,-1.462089143570857,-1.45353660229047,0.14371678334547983,0.14607482473563568,0.144,0.147,0.151,True,999,0.00011041597463190556,0.0013530829455703497,strong_3x3_strong_250,strong_null,True,1312,292201944,0.0,0,0
250,250,0.15339437962112057,0.13489608137668063,0.14246314959206074,0.1232495934353608,0.018498298244439937,0.01921355615669995,0.054592080161342836,0.3388458214043061,0.35194768361849765,0.7347258805651293,0.7248774977181165,0.72,0.722,0.711,True,999,0.00011262495536357164,0.0014397089835256338,strong_3x3_strong_250,strong_null,True,1313,292201944,0.0,1,0
250,250,0.1538719188050227,0.14538569835885262,0.14246653420038058,0.13696543376583747,0.00848622044617009,0.005501100434543105,0.053191438248855916,0.15954109769447,0.10342078754866958,0.8732425816744105,0.917629014529984,0.879,0.882,0.929,True,999,0.00011150003410875797,0.001435499987564981,strong_3x3_strong_250,strong_null,True,1314,292201944,0.0,0,2
250,250,0.17832921533246338,0.07715418235822463,0.1652723721833098,0.06786188885041611,0.10117503297423874,0.0974104833328937,0.047706535369519576,2.120779306033634,2.041868741428889,0.03394037895833416,0.041164553195183744,0.032,0.034,0.043,True,999,0.00011029094457626343,0.0013816249556839466,strong_3x3_strong_250,strong_null,True,1315,292201944,0.0,0,0
250,250,0.08609033917530068,0.09099618360399764,0.07168194338650835,0.07989125489945081,-0.004905844428696959,-0.008209311512942463,0.043080147336823645,-0.11387715065922227,-0.1905590398463049,0.9093351788521774,0.8488710835179611,0.904,0.902,0.851,True,999,0.00011599995195865631,0.001367500051856041,strong_3x3_strong_250,strong_null,True,1316,292201944,0.0,0,0
250,250,0.18979477872084,0.0926309043739294,0.18161106582755338,0.08128554178843217,0.0971638743469106,0.1003255240391212,0.05045479732152052,1.92576086923388,1.9884238836557429,0.05413423956928377,0.04676482950923609,0.075,0.074,0.077,True,999,0.00011666689533740282,0.0013555840123444796,strong_3x3_strong_250,strong_null,True,1317,292201944,0.0,2,0
250,250,0.13147528053372104,0.17929792054779947,0.11828748607169359,0.1704713300048155,-0.04782264001407843,-0.05218384393312192,0.05402852745481173,-0.8851368391277411,-0.9658572311963775,0.37608283262715436,0.33411562590972077,0.398,0.389,0.345,True,999,0.00011262495536357164,0.0013609589077532291,strong_3x3_strong_250,strong_null,True,1318,292201944,0.0,0,1
250,250,0.09105166060099312,0.14218376162118845,0.07784910794646294,0.13331074409639143,-0.05113210102019533,-0.055461636149928495,0.046356423124492785,-1.10302084530718,-1.1964175061777986,0.2700181128286846,0.23153367311423523,0.269,0.261,0.242,True,999,0.00011845899280160666,0.0013987920247018337,strong_3x3_strong_250,strong_null,True,1319,292201944,0.0,0,1
250,250,0.15830454015202045,0.06748989379771386,0.150736717441589,0.05859245059986051,0.09081464635430658,0.0921442668417285,0.04809916360296604,1.8880712168705256,1.915714535128557,0.0590163903383352,0.055401441288155065,0.068,0.068,0.061,True,999,0.00011195905972272158,0.0014167089248076081,strong_3x3_strong_250,strong_null,True,1320,292201944,0.0,1,1
250,250,0.052838516743381136,0.1074396142754015,0.041609460634873585,0.09854658462401744,-0.05460109753202036,-0.056937123989143856,0.04361370109218008,-1.2519253391638967,-1.3054870961032166,0.2105970705486363,0.1917270382554349,0.226,0.228,0.223,True,999,0.00011454091873019934,0.001303542056120932,strong_3x3_strong_250,strong_null,True,1321,292201944,0.0,0,1
250,250,0.08102066013295162,0.10831265159829978,0.0713631741533618,0.09526783042912257,-0.027291991465348164,-0.02390465627576077,0.04613630201157248,-0.591551344069632,-0.5181311729267921,0.5541510637412063,0.6043667519254643,0.55,0.548,0.599,True,999,0.00011083297431468964,0.0013442079070955515,strong_3x3_strong_250,strong_null,True,1322,292201944,0.0,0,0
250,250,0.10973978641816823,0.0970955339776916,0.09825976145324944,0.0857269699179426,0.012644252440476622,0.012532791535306842,0.04703956545992544,0.2688003666030605,0.2664308526825984,0.788083311214219,0.7899074066456854,0.794,0.792,0.791,True,999,0.00010924995876848698,0.0013332500820979476,strong_3x3_strong_250,strong_null,True,1323,292201944,0.0,0,0
250,250,0.20417934413075267,0.12995514070600378,0.1974603843536471,0.11846600733758805,0.07422420342474889,0.07899437701605905,0.05238081936039596,1.4170111184031662,1.5080783000463152,0.15647967681342506,0.13153448830847275,0.173,0.166,0.158,True,999,0.00011204101610928774,0.0013952079461887479,strong_3x3_strong_250,strong_null,True,1324,292201944,0.0,2,0
250,250,0.11519574223266937,0.042368156746556807,0.10867658918527923,0.03189836304211724,0.07282758548611257,0.07677822614316199,0.04155743690983863,1.752456140259959,1.8475207291955225,0.07969540529394267,0.06467170664548316,0.079,0.081,0.074,True,999,0.0001127920113503933,0.0013293339870870113,strong_3x3_strong_250,strong_null,True,1325,292201944,0.0,2,1
250,250,0.1731116890321941,0.16528047317393135,0.16323331393611795,0.14901635367566257,0.007831215858262741,0.01421696026045538,0.05536150841748005,0.14145596971830493,0.2568022560593104,0.8875097412858953,0.7973314283840522,0.892,0.892,0.812,True,999,0.00010891701094806194,0.0014284589560702443,strong_3x3_strong_250,strong_null,True,1326,292201944,0.0,0,0
250,250,0.15898594513929143,0.10863005718601526,0.14591472705224362,0.09556478399578339,0.05035588795327617,0.050349943056460233,0.0503938693752989,0.9992463086781476,0.9991283400266106,0.3176753877849433,0.31773252410068664,0.33,0.335,0.328,True,999,0.00011212506797164679,0.0013694589724764228,strong_3x3_strong_250,strong_null,True,1327,292201944,0.0,0,0
250,250,0.12336727619048993,0.16818155708747595,0.11247710893793794,0.15900787045296738,-0.044814280896986025,-0.04653076151502944,0.0506342658364622,-0.8850583721649391,-0.9189579575482303,0.3761251495655896,0.3581175630703972,0.384,0.373,0.374,True,999,0.00011216709390282631,0.0013884169748052955,strong_3x3_strong_250,strong_null,True,1328,292201944,0.0,1,1
250,250,0.07960979838250437,0.15235232839574891,0.06872356127651358,0.14196217578809467,-0.07274253001324454,-0.07323861451158109,0.04880298900894242,-1.4905343195252971,-1.5006993628640493,0.13608379955270636,0.13343333794817322,0.151,0.152,0.153,True,999,0.00011029094457626343,0.0013766250340268016,strong_3x3_strong_250,strong_null,True,1329,292201944,0.0,1,1
250,250,0.11040764780945644,0.13383041279905789,0.09698551347541695,0.12411723350744808,-0.02342276498960144,-0.027131720032031126,0.05045518315152584,-0.46422911436588654,-0.5377390059322502,0.6424836041449951,0.5907572462813245,0.664,0.661,0.611,True,999,0.00010983296670019627,0.0013747920747846365,strong_3x3_strong_250,strong_null,True,1330,292201944,0.0,0,0
250,250,0.08782353268778414,0.07413215092937808,0.07447151499427207,0.06692981450694901,0.013691381758406063,0.007541700487323055,0.04291380053705803,0.31904379446847003,0.17574067998965628,0.7496933035243929,0.8604976746324812,0.758,0.755,0.865,True,999,0.0001093749888241291,0.0014112089993432164,strong_3x3_strong_250,strong_null,True,1331,292201944,0.0,0,1
250,250,0.10378170435841805,0.1005559334741209,0.09247178191422734,0.08772937349505128,0.003225770884297152,0.0047424084191760585,0.04698793135094866,0.06865105127110528,0.10092822311660059,0.945267381649973,0.919607438690533,0.946,0.943,0.907,True,999,0.00011854199692606926,0.0013476669555529952,strong_3x3_strong_250,strong_null,True,1332,292201944,0.0,0,0
250,250,0.09438528293686954,0.10495165852119703,0.08775310376849177,0.09560694640924794,-0.010566375584327492,-0.00785384264075617,0.04698655622115387,-0.22488082622174366,-0.16715084637806,0.8220719857421865,0.8672513591086234,0.844,0.844,0.907,True,999,0.00011483300477266312,0.0013524580281227827,strong_3x3_strong_250,strong_null,True,1333,292201944,0.0,2,1
250,250,0.08970550872084215,0.12926789708630754,0.0768010284233327,0.11779201608769085,-0.039562388365465384,-0.04099098766435816,0.04697334594818463,-0.8422305792120041,-0.8726435564026993,0.3996589003424357,0.3828573917835406,0.394,0.391,0.378,True,999,0.00011145800817757845,0.001342875068075955,strong_3x3_strong_250,strong_null,True,1334,292201944,0.0,0,0
250,250,0.12955738595552962,0.11308370098404291,0.12326016242518278,0.10802964923199454,0.016473684971486713,0.015230513193188244,0.04994997498872231,0.32980366807403083,0.30491533172192753,0.7415483155924758,0.7604306384436537,0.727,0.729,0.756,True,999,0.00011366710532456636,0.0013587500434368849,strong_3x3_strong_250,strong_null,True,1335,292201944,0.0,2,2
250,250,0.0976603726723892,0.15529117102434487,0.0869451589517638,0.14635371546539488,-0.05763079835195567,-0.05940855651363108,0.04926955597014325,-1.1697040335999624,-1.205786318627104,0.24212009436030435,0.22789989208228423,0.26,0.248,0.234,True,999,0.0001100829103961587,0.0013957080664113164,strong_3x3_strong_250,strong_null,True,1336,292201944,0.0,1,1
250,250,0.1506962397176811,0.08754443520085536,0.14177242157668957,0.07851834380629441,0.06315180451682573,0.06325407777039516,0.049416708730818375,1.2779443661621592,1.2800139749280228,0.2012690432143217,0.20054022104248004,0.218,0.21,0.2,True,999,0.00010958395432680845,0.0014013750478625298,strong_3x3_strong_250,strong_null,True,1337,292201944,0.0,1,1
250,250,0.09061105322590668,0.10247176673289338,0.07910281361660054,0.09085596750583136,-0.011860713506986698,-0.011753153889230816,0.04627472406035119,-0.2563108424270241,-0.2539864716189864,0.7977108257853258,0.7995060095642905,0.814,0.812,0.815,True,999,0.00011887506116181612,0.0013974999310448766,strong_3x3_strong_250,strong_null,True,1338,292201944,0.0,0,0
250,250,0.1191686817699057,0.11933555145690711,0.11184609262156187,0.10840913608376468,-0.00016686968700141414,0.0034369565377971867,0.04900375746618007,-0.0034052426921870067,0.07013659187602504,0.9972830146809992,0.9440849422953541,0.998,0.998,0.948,True,999,0.00011875003110617399,0.001445624977350235,strong_3x3_strong_250,strong_null,True,1339,292201944,0.0,1,1
250,250,0.08768772616887865,0.06943990226597274,0.07867211046151112,0.061930517441808774,0.018247823902905913,0.01674159301970235,0.04165903894683008,0.43802796137942174,0.4018718012450993,0.6613660141826296,0.6877783765552458,0.622,0.62,0.647,True,999,0.00011424999684095383,0.0013362080790102482,strong_3x3_strong_250,strong_null,True,1340,292201944,0.0,1,1
250,250,0.08028475847299194,0.10556255140047582,0.08023547023701383,0.09621386686592359,-0.02527779292748389,-0.015978396628909763,0.044522695865968076,-0.5677507265862923,-0.3588820559521242,0.5702042417800588,0.719683323916524,0.557,0.559,0.734,True,999,0.00011550006456673145,0.0012632920406758785,strong_3x3_strong_250,strong_null,True,1341,292201944,0.0,4,1
250,250,0.11617911377641471,0.14364369939079596,0.10553229099986083,0.13237121605935442,-0.027464585614381254,-0.02683892505949359,0.050909774923202214,-0.5394756833203799,-0.5271860875437048,0.5895586712671717,0.5980643689981546,0.607,0.605,0.615,True,999,0.00011112506035715342,0.0013553749304264784,strong_3x3_strong_250,strong_null,True,1342,292201944,0.0,1,0
250,250,0.07309170466507425,0.09546165819801661,0.0643368123546253,0.08725182309582635,-0.022369953532942355,-0.02291501074120106,0.0437535583786086,-0.5112716396543229,-0.5237290769110189,0.6091608607730281,0.6004669887088183,0.611,0.616,0.602,True,999,0.00011112506035715342,0.0013831660617142916,strong_3x3_strong_250,strong_null,True,1343,292201944,0.0,1,2
250,250,0.08802673749470408,0.12796287749717217,0.07584599243804746,0.11334850629073401,-0.03993614000246809,-0.03750251385268655,0.04773947032141086,-0.8365434248347111,-0.7855661908311308,0.4028492578863184,0.4321216781097945,0.406,0.397,0.425,True,999,0.00010912492871284485,0.001381583046168089,strong_3x3_strong_250,strong_null,True,1344,292201944,0.0,1,0
250,250,0.1350214123483301,0.14046019556716227,0.12778714388528556,0.12919950231838584,-0.005438783218832177,-0.0014123584331002803,0.05233241597931943,-0.10392761574358537,-0.026988213837832595,0.9172267915759743,0.9784691346036177,0.907,0.906,0.978,True,999,0.00010912504512816668,0.001362374983727932,strong_3x3_strong_250,strong_null,True,1345,292201944,0.0,1,0
250,250,0.12241381505401477,0.12230014768380743,0.1115052669224923,0.10786936564224447,0.00011366737020734874,0.003635901280247822,0.04832373904292317,0.0023522056127814246,0.07524047915700939,0.998123213188398,0.9400233779040938,0.998,0.998,0.94,True,999,0.00010995904449373484,0.0013734590029343963,strong_3x3_strong_250,strong_null,True,1346,292201944,0.0,0,0
250,250,0.15966579281926768,0.12094197032257153,0.14851121062605444,0.11614847093257197,0.03872382249669615,0.03236273969348247,0.05184938037599277,0.7468521748164613,0.6241683017000338,0.4551527972984356,0.5325170617709623,0.465,0.464,0.53,True,999,0.0001188330352306366,0.0013557500205934048,strong_3x3_strong_250,strong_null,True,1347,292201944,0.0,0,2
250,250,0.24445392363871754,0.06900901275294025,0.23100641264879584,0.05616556661199468,0.1754449108857773,0.17484084603680117,0.050510249057803554,3.4734517084839442,3.4614924554562103,0.0005138098165488917,0.0005371891766887842,0.001,0.001,0.001,True,999,0.0001141249667853117,0.001397875021211803,strong_3x3_strong_250,strong_null,True,1348,292201944,0.0,0,0
250,250,0.16795029151014018,0.08270701105147743,0.1605241965778248,0.07163274312559054,0.08524328045866275,0.08889145345223426,0.048289533897335264,1.7652537429723811,1.8408016453672895,0.07752112992267295,0.0656506316255985,0.084,0.083,0.076,True,999,0.00011491694021970034,0.0013467090902850032,strong_3x3_strong_250,strong_null,True,1349,292201944,0.0,1,0
250,250,0.10057266379609969,0.05487016427488778,0.08734679520446775,0.04840809402574564,0.045702499521211915,0.03893870117872211,0.04273423790513967,1.0694586299318385,0.9111827679051445,0.28486306071679046,0.3621990819863369,0.244,0.24,0.322,True,999,0.00011249992530792952,0.001337417052127421,strong_3x3_strong_250,strong_null,True,1350,292201944,0.0,0,2
250,250,0.09870983835809966,0.07608597867913786,0.0920138282763503,0.06329948686760645,0.0226238596789618,0.02871434140874385,0.04326391236372901,0.5229268099648074,0.6637019132097026,0.601025186834224,0.5068811146209786,0.583,0.597,0.534,True,999,0.0001103340182453394,0.0013684170553460717,strong_3x3_strong_250,strong_null,True,1351,292201944,0.0,2,0
250,250,0.13170781879911314,0.10426208380934548,0.12025404296475983,0.09517648340535345,0.027445734989767656,0.02507755955940638,0.04790124380096073,0.5729649756864391,0.5235262713345956,0.5666684087152827,0.6006080738355731,0.578,0.569,0.611,True,999,0.00011070806067436934,0.0014310829574242234,strong_3x3_strong_250,strong_null,True,1352,292201944,0.0,0,1
250,250,0.07851370123700496,0.08031059445512856,0.06545033757302576,0.07110449789573181,-0.0017968932181235964,-0.005654160322706048,0.0433255726436487,-0.04147419430328087,-0.1305039951626564,0.9669178651106339,0.8961676934932361,0.965,0.965,0.902,True,999,0.00010991701856255531,0.0013732919469475746,strong_3x3_strong_250,strong_null,True,1353,292201944,0.0,0,1
250,250,0.09859486612725227,0.09405764970395636,0.09227141321781573,0.08242798328772949,0.004537216423295909,0.009843429930086245,0.046139384171937046,0.09833716909588794,0.21334116409974166,0.9216645645280526,0.8310608682150122,0.921,0.921,0.813,True,999,0.00011675001587718725,0.0013993330067023635,strong_3x3_strong_250,strong_null,True,1354,292201944,0.0,2,0
250,250,0.10220119730158844,0.12328384692126676,0.0930182574419689,0.11544629764283343,-0.021082649619678318,-0.02242804020086453,0.050774417696939224,-0.4152218888164466,-0.44171929917015146,0.6779794764717257,0.6586923424154061,0.684,0.683,0.664,True,999,0.00011441705282777548,0.0013463749783113599,strong_3x3_strong_250,strong_null,True,1355,292201944,0.0,1,1
250,250,0.1304187409026334,0.07828277075726298,0.1192955884589253,0.06841435506993321,0.052135970145370414,0.050881233388992086,0.04586786895109113,1.1366556009166886,1.1093001386928767,0.25568228677676486,0.26730072529391535,0.254,0.244,0.257,True,999,0.00011395791079849005,0.0013227500021457672,strong_3x3_strong_250,strong_null,True,1356,292201944,0.0,0,0
250,250,0.09127597283661254,0.08347521039539502,0.08233072957919774,0.07058563032219922,0.007800762441217524,0.011745099256998515,0.043263233170597604,0.18030928041039357,0.2714799240889993,0.8569097703640836,0.7860219383811533,0.841,0.842,0.775,True,999,0.00010941701475530863,0.0013411249965429306,strong_3x3_strong_250,strong_null,True,1357,292201944,0.0,1,0
250,250,0.1292317067207885,0.11670448108407627,0.12021182244403406,0.10747498374776399,0.012527225636712214,0.01273683869627007,0.05134744422726543,0.24396979879400255,0.24805204792465257,0.8072542103300692,0.8040941364665719,0.809,0.818,0.803,True,999,0.00011016696225851774,0.0014145000604912639,strong_3x3_strong_250,strong_null,True,1358,292201944,0.0,1,1
250,250,0.1489580309736599,0.09550561098639881,0.13603448266195528,0.08415926041574551,0.05345241998726108,0.05187522224620977,0.049040496926664,1.089964893039211,1.057803764178509,0.27572860903002117,0.2901449163565619,0.302,0.296,0.31,True,999,0.00011458294466137886,0.001422083005309105,strong_3x3_strong_250,strong_null,True,1359,292201944,0.0,0,0
250,250,0.1419327727146018,0.09007010882577132,0.13739725222272625,0.08114983725494085,0.051862663888830485,0.0562474149677854,0.04553192734097931,1.1390395029940548,1.2353400844765476,0.25468667824114155,0.2167039613915429,0.283,0.281,0.255,True,999,0.00011466594878584146,0.0013485000235959888,strong_3x3_strong_250,strong_null,True,1360,292201944,0.0,2,1
250,250,0.07411023798194738,0.1340224303911749,0.06394527986745402,0.12682971981480762,-0.059912192409227516,-0.0628844399473536,0.04490245577059476,-1.3342742925980937,-1.400467722046835,0.18211397943804064,0.16137330264620253,0.196,0.194,0.172,True,999,0.0001124159898608923,0.0013527079718187451,strong_3x3_strong_250,strong_null,True,1361,292201944,0.0,0,1
250,250,0.10174350595169174,0.12765876861268355,0.09281681159993127,0.1131844244908109,-0.02591526266099181,-0.020367612890879627,0.04717510156629712,-0.5493419579515271,-0.43174497170411347,0.5827707981834277,0.6659267780504028,0.6,0.596,0.696,True,999,0.00011258292943239212,0.001367917051538825,strong_3x3_strong_250,strong_null,True,1362,292201944,0.0,1,0
250,250,0.12567769043084287,0.07217144518981117,0.11519394487883972,0.05905116685957523,0.0535062452410317,0.05614277801926448,0.04510570973735648,1.1862410668757952,1.2446933735479417,0.23552711264785886,0.21324448267831997,0.233,0.226,0.215,True,999,0.00011125009041279554,0.0014007920399308205,strong_3x3_strong_250,strong_null,True,1363,292201944,0.0,1,0
250,250,0.14534202739456314,0.06840386626229228,0.13785309130952328,0.05577942837037142,0.07693816113227087,0.08207366293915186,0.04559384203310659,1.6874682567089772,1.80010412106873,0.09151334870318444,0.07184419901671323,0.104,0.102,0.087,True,999,0.00011424999684095383,0.0013693339424207807,strong_3x3_strong_250,strong_null,True,1364,292201944,0.0,1,0
250,250,0.15538329470969964,0.11906579471774315,0.14423343725196958,0.10456234761012695,0.03631749999195649,0.03967108964184263,0.05166602960702768,0.7029280219166781,0.7678370090285884,0.48210060698974133,0.44258402430457267,0.493,0.493,0.454,True,999,0.00011041609104722738,0.001406041905283928,strong_3x3_strong_250,strong_null,True,1365,292201944,0.0,0,0
250,250,0.06675932395572265,0.07699517753383073,0.05741795149288009,0.06883779229623599,-0.010235853578108078,-0.011419840803355896,0.042513186755374945,-0.24076890864489142,-0.26861879042535164,0.8097342281272607,0.7882230509279912,0.828,0.828,0.796,True,999,0.00011337501928210258,0.00129137490876019,strong_3x3_strong_250,strong_null,True,1366,292201944,0.0,1,2
250,250,0.08239974629058638,0.09470795193174536,0.06625055651656453,0.08571627671516069,-0.012308205641158976,-0.01946572019859616,0.04513825088592395,-0.27267794829411973,-0.4312466658885626,0.7851007872648516,0.6662890257729142,0.782,0.782,0.661,True,999,0.0001103340182453394,0.0013375830603763461,strong_3x3_strong_250,strong_null,True,1367,292201944,0.0,0,1
250,250,0.12998769442107094,0.14965951846524161,0.11960953693770193,0.1424908476150364,-0.01967182404417067,-0.022881310677334454,0.052538822101309716,-0.3744245351796778,-0.43551244131839906,0.7080884918625996,0.6631905103850964,0.699,0.709,0.669,True,999,0.00010862492490559816,0.001366417040117085,strong_3x3_strong_250,strong_null,True,1368,292201944,0.0,1,1
250,250,0.10549116058317853,0.132368327918033,0.08933736742886822,0.12232026939287266,-0.026877167334854457,-0.03298290196400444,0.048791531051905146,-0.5508572236903599,-0.6759964537476134,0.5817315530363751,0.4990428965943685,0.574,0.572,0.497,True,999,0.00011033297050744295,0.0014085830189287663,strong_3x3_strong_250,strong_null,True,1369,292201944,0.0,0,0
250,250,0.1313622354285079,0.10309959340085073,0.1249328488997179,0.09183312228473994,0.02826264202765716,0.03309972661497795,0.0480525752411784,0.5881608193901259,0.6888231577360566,0.5564243532800837,0.4909345606626968,0.545,0.542,0.472,True,999,0.00010979198850691319,0.0014432499883696437,strong_3x3_strong_250,strong_null,True,1370,292201944,0.0,2,0
250,250,0.14278829080796746,0.13899274769446962,0.12959488518036721,0.1295736066192461,0.0037955431134978346,2.1278561121107487e-05,0.05222266134073563,0.07268000167079132,0.00040745838252615845,0.9420607628092146,0.9996748952564084,0.95,0.949,1.0,True,999,0.00011749996338039637,0.0013350410154089332,strong_3x3_strong_250,strong_null,True,1371,292201944,0.0,0,0
250,250,0.10619621135991997,0.09675333924468715,0.09492405179928198,0.08361645632143677,0.009442872115232814,0.011307595477845211,0.04691607599899964,0.20127156660403905,0.24101750278702583,0.8404862341721391,0.8095415510732635,0.827,0.825,0.801,True,999,0.00011087500024586916,0.001343166921287775,strong_3x3_strong_250,strong_null,True,1372,292201944,0.0,0,0
250,250,0.10578255032900608,0.1259037307572447,0.09914251085542958,0.11702866417745383,-0.020121180428238628,-0.017886153322024256,0.049485186541417495,-0.4066101763888038,-0.36144459730497586,0.6842943218648617,0.717767114293129,0.692,0.7,0.738,True,999,0.00010983308311551809,0.0013789170188829303,strong_3x3_strong_250,strong_null,True,1373,292201944,0.0,2,1
250,250,0.12134453667118134,0.1362435005387308,0.11073829088535092,0.1255944845191692,-0.014898963867549464,-0.014856193633818293,0.05006003097640947,-0.2976219466298477,-0.2967675677392049,0.7659917222653968,0.766643967761637,0.765,0.771,0.778,True,999,0.00011241703759878874,0.0014162079896777868,strong_3x3_strong_250,strong_null,True,1374,292201944,0.0,1,1
250,250,0.06853976026927,0.09406131140689983,0.05643755629610325,0.08271694831066156,-0.025521551137629828,-0.02627939201455831,0.041727877770642595,-0.6116187187354485,-0.6297802193297025,0.5407900504410581,0.5288383891956465,0.555,0.548,0.536,True,999,0.00011104100849479437,0.0014009999576956034,strong_3x3_strong_250,strong_null,True,1375,292201944,0.0,1,0
250,250,0.10709818820708061,0.05883289956997606,0.09241129035794415,0.04986344126491815,0.04826528863710455,0.042547849093026,0.04391782735249273,1.098990809579861,0.968805873558566,0.2717720746309097,0.33264205549982273,0.261,0.275,0.356,True,999,0.00010979198850691319,0.0013754171086475253,strong_3x3_strong_250,strong_null,True,1376,292201944,0.0,0,1
250,250,0.11740825717851289,0.10881609314633411,0.10448143648950747,0.09393111281045208,0.008592164032178773,0.010550323679055396,0.04938792377094209,0.1739729750946539,0.21362152675190593,0.8618867010764981,0.8308422109610932,0.865,0.865,0.838,True,999,0.0001142079709097743,0.001398207969032228,strong_3x3_strong_250,strong_null,True,1377,292201944,0.0,0,0
250,250,0.08625293920442884,0.11056719572329593,0.07332138231450358,0.10341591417576979,-0.024314256518867094,-0.030094531861266205,0.046357771009956666,-0.5244914927778755,-0.6491798722333423,0.5999367353126364,0.516222119979758,0.586,0.583,0.505,True,999,0.00011508306488394737,0.001333832973614335,strong_3x3_strong_250,strong_null,True,1378,292201944,0.0,0,1
250,250,0.07643690354335608,0.08914462900807019,0.06792410004639748,0.07619677525477186,-0.012707725464714104,-0.00827267520837438,0.041937425693261025,-0.30301634529646687,-0.19726235150632354,0.7618774051067909,0.8436222395885256,0.765,0.763,0.847,True,999,0.00011204194743186235,0.0013307500630617142,strong_3x3_strong_250,strong_null,True,1379,292201944,0.0,1,0
250,250,0.09938168437731304,0.12108951274547941,0.09216131215337953,0.1122627273035306,-0.02170782836816637,-0.02010141515015107,0.0474996590112974,-0.4570101937574614,-0.42319072533489377,0.6476637185676624,0.672156113052073,0.646,0.645,0.672,True,999,0.000112209003418684,0.0013775000115856528,strong_3x3_strong_250,strong_null,True,1380,292201944,0.0,1,1
250,250,0.19832729384965825,0.08785974723929674,0.18557169927343864,0.07542111646174021,0.11046754661036151,0.11015058281169843,0.05112635438349583,2.1606771682125196,2.154477551547393,0.03072028578645807,0.03120274057308267,0.043,0.044,0.046,True,999,0.00012266600970178843,0.0014204169856384397,strong_3x3_strong_250,strong_null,True,1381,292201944,0.0,0,1
250,250,0.12748897099267925,0.07764201910796958,0.11828681338779745,0.06598503875670758,0.04984695188470967,0.05230177463108987,0.04553963747983433,1.0945838536106636,1.1484890421942844,0.2736989925260366,0.2507667340497335,0.274,0.269,0.253,True,999,0.0001332079991698265,0.0013478329638019204,strong_3x3_strong_250,strong_null,True,1382,292201944,0.0,1,0
250,250,0.06995992258994227,0.09944808619983336,0.05903198771665785,0.08839370083026665,-0.029488163609891094,-0.0293617131136088,0.0431163160863384,-0.6839212225562691,-0.6809884465735279,0.4940249120064367,0.4958788009496241,0.533,0.522,0.519,True,999,0.00011012505274266005,0.0013749999925494194,strong_3x3_strong_250,strong_null,True,1383,292201944,0.0,1,0
250,250,0.09075822389311239,0.13867895758251803,0.07983464285632635,0.12776590897168205,-0.04792073368940564,-0.0479312661153557,0.048304358147188906,-0.9920581812387544,-0.992276224213634,0.3211691446764947,0.3210627981431896,0.351,0.351,0.353,True,999,0.00011025008279830217,0.0013764590257778764,strong_3x3_strong_250,strong_null,True,1384,292201944,0.0,0,1
250,250,0.1857065314722504,0.09426425899290902,0.1707490744697111,0.08716961386903677,0.09144227247934139,0.08357946060067434,0.04916188723091702,1.8600236408710322,1.7000864960308668,0.06288218130600491,0.08911465696942614,0.057,0.064,0.108,True,999,0.00011500006075948477,0.0013506249524652958,strong_3x3_strong_250,strong_null,True,1385,292201944,0.0,0,1
250,250,0.09794411964767663,0.11293152371540716,0.0873476298047251,0.10400061854991804,-0.014987404067730525,-0.016652988745192943,0.04679202240946927,-0.3202982751328469,-0.3558937589716765,0.7487422305862015,0.7219201298326905,0.732,0.734,0.706,True,999,0.00011058303061872721,0.0013504999224096537,strong_3x3_strong_250,strong_null,True,1386,292201944,0.0,1,1
250,250,0.17133513325927563,0.10031855242426263,0.16087373506238123,0.08883021044421469,0.071016580835013,0.07204352461816654,0.049516923177898325,1.4341880770716173,1.4549273257414925,0.1515185985689187,0.14568938193932224,0.174,0.157,0.162,True,999,0.00011054205242544413,0.0014411669690161943,strong_3x3_strong_250,strong_null,True,1387,292201944,0.0,1,0
250,250,0.10754370148804493,0.0641843373815032,0.09607294518295362,0.0528132797215477,0.04335936410654173,0.043259665461405916,0.04311937212711547,1.005565757746165,1.0032536033659503,0.3146245026422444,0.31573851581721246,0.327,0.323,0.322,True,999,0.00015779095701873302,0.001507457927800715,strong_3x3_strong_250,strong_null,True,1388,292201944,0.0,0,0
250,250,0.1445452690017751,0.1690884212866403,0.1335711670459574,0.15689029138381727,-0.0245431522848652,-0.023319124337859876,0.05359297655273011,-0.457954640021108,-0.4351153049862084,0.6469850300208108,0.6634787347396429,0.615,0.623,0.653,True,999,0.00012741691898554564,0.0014292499981820583,strong_3x3_strong_250,strong_null,True,1389,292201944,0.0,1,1
250,250,0.06857153989290299,0.0729528790372245,0.05745528179312487,0.06629140781871001,-0.004381339144321511,-0.008836126025585145,0.038668599830783905,-0.11330483036609838,-0.2285090762078937,0.909788887825694,0.81925050097061,0.918,0.917,0.823,True,999,0.00011487503070384264,0.0013697500107809901,strong_3x3_strong_250,strong_null,True,1390,292201944,0.0,0,2
250,250,0.09279662813183442,0.14711627698626156,0.08403964636576688,0.1365692143800885,-0.05431964885442714,-0.052529568014321626,0.04780405376214345,-1.1362979617733477,-1.0988517475043165,0.25583188353716013,0.27183273648574724,0.289,0.286,0.294,True,999,0.00011750007979571819,0.0014272090047597885,strong_3x3_strong_250,strong_null,True,1391,292201944,0.0,1,1
250,250,0.0942268364285263,0.15042482921703793,0.08283553010195988,0.14155317416201285,-0.05619799278851162,-0.058717644060052976,0.049377215986826435,-1.1381361153189546,-1.189164736945042,0.25506364964705475,0.23437484784193585,0.24,0.244,0.23,True,999,0.00012099999003112316,0.0014994590310379863,strong_3x3_strong_250,strong_null,True,1392,292201944,0.0,0,1
250,250,0.14234854609890651,0.11442599788803276,0.12955944496307836,0.1013169997928145,0.027922548210873754,0.028242445170263863,0.050800317465321564,0.5496530258877784,0.5559501707748844,0.5825573815606868,0.578244919285191,0.567,0.572,0.574,True,999,0.00018270802684128284,0.0013870000839233398,strong_3x3_strong_250,strong_null,True,1393,292201944,0.0,0,0
250,250,0.10019714729793777,0.08874579894517798,0.09272851644956859,0.08029554180961895,0.011451348352759794,0.012432974639949634,0.04383469659124424,0.2612393661473898,0.2836331857360924,0.7939079220312064,0.7766915025305633,0.803,0.801,0.778,True,999,0.00011820800136774778,0.0013630829052999616,strong_3x3_strong_250,strong_null,True,1394,292201944,0.0,1,1
250,250,0.08921300174798835,0.12353700889797031,0.0770329043140805,0.11012982785044301,-0.03432400714998196,-0.03309692353636251,0.0473276694512544,-0.7252418626979786,-0.69931445854208,0.4683036649489565,0.48435553318682734,0.501,0.489,0.505,True,999,0.00011387502308934927,0.0013702500145882368,strong_3x3_strong_250,strong_null,True,1395,292201944,0.0,1,0
250,250,0.14300932397390048,0.10506191387057029,0.1319366660990795,0.10008815230916923,0.03794741010333019,0.03184851378991027,0.05074008364076757,0.7478783514034456,0.6276795681968742,0.4545335366073906,0.5302138726279257,0.434,0.449,0.531,True,999,0.00011262507177889347,0.0013792500831186771,strong_3x3_strong_250,strong_null,True,1396,292201944,0.0,0,2
250,250,0.14816625282482337,0.08765676095439529,0.13504333686206849,0.07506020490488652,0.06050949187042809,0.05998313195718197,0.04834483610937657,1.251622649697889,1.2407350357228355,0.2107073973627377,0.2147036470176641,0.214,0.215,0.226,True,999,0.00011433300096541643,0.0013660409022122622,strong_3x3_strong_250,strong_null,True,1397,292201944,0.0,0,0
250,250,0.1151002986300837,0.12676058800210038,0.10017849332908213,0.11775812221426918,-0.011660289372016686,-0.01757962888518705,0.051180697256282534,-0.22782591869799823,-0.3434816215410022,0.819781576299363,0.7312361646713524,0.798,0.804,0.711,True,999,0.00011266698129475117,0.0014639169676229358,strong_3x3_strong_250,strong_null,True,1398,292201944,0.0,0,1
250,250,0.08604806455050773,0.08360907447458021,0.07694166087706833,0.07382178157705255,0.0024389900759275163,0.003119879300015782,0.04224677668299074,0.05773198022251706,0.07384893108950245,0.9539621196361616,0.9411305919099944,0.959,0.958,0.95,True,999,0.0001243329606950283,0.0013987079728394747,strong_3x3_strong_250,strong_null,True,1399,292201944,0.0,1,0
250,250,0.060717119788949836,0.14149190499558906,0.05171577175620712,0.1275173904075615,-0.08077478520663922,-0.07580161865135437,0.04704360092903836,-1.7170196075866249,-1.6113056218994644,0.08597558947834343,0.10711312603524946,0.113,0.112,0.131,True,999,0.00012212502770125866,0.0013715000823140144,strong_3x3_strong_250,strong_null,True,1400,292201944,0.0,1,1
250,250,0.12393683484654505,0.12428778678277597,0.11304883155986545,0.11384315467350348,-0.00035095193623091436,-0.0007943231136380291,0.049408425865603185,-0.007103078677016457,-0.016076673152848116,0.9943326108462979,0.9871732232381949,0.995,0.995,0.988,True,999,0.00011904200073331594,0.0013745409669354558,strong_3x3_strong_250,strong_null,True,1401,292201944,0.0,1,1
250,250,0.16267336598287307,0.06297101301011548,0.151951584695027,0.05484351542635579,0.09970235297275759,0.09710806926867122,0.046095530155642654,2.162950564536523,2.1066699730057015,0.030544982066489663,0.035146196724619994,0.043,0.044,0.05,True,999,0.00011283392086625099,0.0014082500711083412,strong_3x3_strong_250,strong_null,True,1402,292201944,0.0,1,2
250,250,0.07049189544216139,0.030051455647625402,0.05767326755723445,0.015425503859574974,0.04044043979453599,0.04224776369765948,0.0338187253778698,1.1958002361910212,1.249241750704935,0.23177452374365304,0.21157666569489897,0.235,0.201,0.189,True,999,0.00011687504593282938,0.001406625029630959,strong_3x3_strong_250,strong_null,True,1403,292201944,0.0,0,0
250,250,0.05674023889467833,0.10253491751306865,0.04775034533194855,0.09335109225438032,-0.045794678618390317,-0.04560074692243177,0.044306496800872716,-1.0335883431318427,-1.0292112943926897,0.3013286511943719,0.30338039608779444,0.331,0.335,0.329,True,999,0.00011675001587718725,0.0013484170194715261,strong_3x3_strong_250,strong_null,True,1404,292201944,0.0,1,1
250,250,0.1576400677449643,0.08383302606639537,0.14472510099903957,0.07482398887145791,0.07380704167856894,0.06990111212758165,0.04705857036962711,1.5684080731489036,1.485406623672056,0.11678592823470688,0.13743614211784616,0.116,0.116,0.146,True,999,0.00011725001968443394,0.0013811250682920218,strong_3x3_strong_250,strong_null,True,1405,292201944,0.0,0,1
250,250,0.1417758937058018,0.12173415704786966,0.13132693329612266,0.11511150174393947,0.02004173665793213,0.01621543155218319,0.04973992732013407,0.4029305577577613,0.3260043274252915,0.6869993106452167,0.7444210810298962,0.678,0.681,0.737,True,999,0.00011483300477266312,0.0013557079946622252,strong_3x3_strong_250,strong_null,True,1406,292201944,0.0,1,2
250,250,0.09942497222052382,0.12215787518487731,0.09271323322880676,0.10895572606585802,-0.022732902964353485,-0.01624249283705126,0.049173171261861985,-0.4623029668616228,-0.330312087267162,0.6438640723353499,0.7411641607038405,0.672,0.671,0.762,True,999,0.00011370901484042406,0.0013606669381260872,strong_3x3_strong_250,strong_null,True,1407,292201944,0.0,2,0
250,250,0.0587144624573096,0.12707123702280942,0.048302012621206813,0.11733938836252378,-0.06835677456549982,-0.06903737574131696,0.04466935254787761,-1.5302835314712366,-1.5455199550367598,0.12594656285753383,0.12222054593272604,0.12,0.127,0.118,True,999,0.00011062505654990673,0.0013838749146088958,strong_3x3_strong_250,strong_null,True,1408,292201944,0.0,1,0
250,250,0.1900166828211941,0.1073162558759278,0.1799058817680077,0.09850628733761368,0.0827004269452663,0.08139959443039402,0.05185752784062234,1.594762233931316,1.5696774956292854,0.11076541528846749,0.11649015932112587,0.107,0.104,0.111,True,999,0.00011800008360296488,0.0015083749312907457,strong_3x3_strong_250,strong_null,True,1409,292201944,0.0,0,1
250,250,0.08260856296569152,0.1377655567207211,0.07154085248815534,0.1286513616278313,-0.05515699375502958,-0.05711050913967597,0.048274209598199475,-1.1425768379040808,-1.183043898906344,0.25321432677881905,0.2367917498969322,0.227,0.24,0.233,True,999,0.00012116704601794481,0.0013543750392273068,strong_3x3_strong_250,strong_null,True,1410,292201944,0.0,0,1
250,250,0.14739024801470135,0.08811566893550493,0.13416543636544986,0.07911237813755179,0.05927457907919642,0.05505305822789808,0.04910744598686166,1.2070385231407657,1.1210735382700847,0.22741730851589648,0.2622565613225206,0.251,0.242,0.276,True,999,0.0001127920113503933,0.0013848330127075315,strong_3x3_strong_250,strong_null,True,1411,292201944,0.0,0,1
250,250,0.13862989319363567,0.1036704303672501,0.1275671324868739,0.09213796640513294,0.03495946282638557,0.03542916608174096,0.048053522477911594,0.7275109299730342,0.7372855152923788,0.4669130221765495,0.4609487388258011,0.479,0.474,0.466,True,999,0.0001139170490205288,0.0013712089275941253,strong_3x3_strong_250,strong_null,True,1412,292201944,0.0,0,0
250,250,0.05831254038866429,0.12532502208213603,0.04673309225924527,0.11231767917152524,-0.06701248169347174,-0.06558458691227997,0.0435251256957061,-1.5396275282918424,-1.5068213098520726,0.12365117133471194,0.1318564658130496,0.141,0.142,0.148,True,999,0.00011249992530792952,0.0014167920453473926,strong_3x3_strong_250,strong_null,True,1413,292201944,0.0,0,0
250,250,0.1096215871090796,0.13502477721522682,0.09687786723371516,0.12554909058817998,-0.025403190106147222,-0.028671223354464814,0.04910575183760214,-0.5173159794021325,-0.5838669052310521,0.6049356010927069,0.559309860588249,0.623,0.628,0.576,True,999,0.00011187500786036253,0.0014621670125052333,strong_3x3_strong_250,strong_null,True,1414,292201944,0.0,0,0
250,250,0.10082912496491137,0.07808523734733341,0.091995021324351,0.06526668895818943,0.02274388761757795,0.026728332366161567,0.044297033307426084,0.5134404252251606,0.6033887682875763,0.6076432738587683,0.5462500923278666,0.596,0.6,0.55,True,999,0.00011587503831833601,0.0013733749510720372,strong_3x3_strong_250,strong_null,True,1415,292201944,0.0,1,0
250,250,0.1153204481211989,0.10779596789607637,0.10442147291698234,0.09708721274850518,0.007524480225122532,0.007334260168477158,0.049271083518078865,0.15271594793245416,0.14885526448359968,0.8786222836614166,0.8816678416078348,0.879,0.878,0.881,True,999,0.00011804106179624796,0.0014509590109810233,strong_3x3_strong_250,strong_null,True,1416,292201944,0.0,1,1
250,250,0.11512455429354251,0.11586935590747993,0.10610088163549847,0.10468174317928458,-0.0007448016139374181,0.0014191384562138865,0.04643570126775256,-0.01603941781007727,0.030561365877323624,0.9872029448687283,0.9756193533106541,0.992,0.992,0.976,True,999,0.00011754105798900127,0.0014244170160964131,strong_3x3_strong_250,strong_null,True,1417,292201944,0.0,1,0
250,250,0.11312555211541547,0.0893304805299327,0.1039436254775552,0.08188090793062486,0.023795071585482774,0.022062717546930344,0.04453261044331397,0.5343291432639408,0.49542834626805027,0.5931138325011273,0.6202977896404078,0.593,0.59,0.621,True,999,0.0001180840190500021,0.0014447090215981007,strong_3x3_strong_250,strong_null,True,1418,292201944,0.0,1,1
250,250,0.1000778611089937,0.11492846339684598,0.09126270049321761,0.11231965318971504,-0.014850602287852288,-0.021056952696497433,0.048477231905001514,-0.3063417960199191,-0.4343678850674008,0.7593444192633558,0.6640213148095109,0.725,0.731,0.646,True,999,0.00011820904910564423,0.0014533339999616146,strong_3x3_strong_250,strong_null,True,1419,292201944,0.0,1,3
250,250,0.07592751102139245,0.10026790306794076,0.06425289653293476,0.09150228928812965,-0.02434039204654831,-0.02724939275519489,0.04404488132135507,-0.5526270321620079,-0.6186733154388835,0.5805188276632085,0.5361315925614393,0.583,0.578,0.526,True,999,0.00012204202357679605,0.0014411250595003366,strong_3x3_strong_250,strong_null,True,1420,292201944,0.0,0,1
250,250,0.10538367336420962,0.1446777897469982,0.09557984299418365,0.13470275896628436,-0.03929411638278857,-0.039122915972100714,0.050107624721882196,-0.7841943536714617,-0.780777699786188,0.4329260777489552,0.4349332521125632,0.451,0.446,0.449,True,999,0.00014283310156315565,0.0014161670114845037,strong_3x3_strong_250,strong_null,True,1421,292201944,0.0,0,2
250,250,0.04498359504785454,0.11879076666587274,0.033318953572589294,0.10768041984447052,-0.0738071716180182,-0.07436146627188123,0.0414641936307452,-1.7800218732166797,-1.7933899048923767,0.07507238109336963,0.07291060064251925,0.085,0.085,0.086,True,999,0.00011612509842962027,0.0013207499869167805,strong_3x3_strong_250,strong_null,True,1422,292201944,0.0,0,0
250,250,0.14850109582011406,0.08919065015422584,0.13804128630479795,0.0791673619487625,0.05931044566588822,0.058873924356035445,0.048190732375349696,1.2307438119829537,1.2216856116125425,0.21841869635754163,0.2218265394775628,0.22,0.222,0.225,True,999,0.0001127920113503933,0.0013792079407721758,strong_3x3_strong_250,strong_null,True,1423,292201944,0.0,1,0
250,250,0.09358877551553424,0.12164166909256141,0.07716115664531742,0.1140671550770378,-0.02805289357702717,-0.03690599843172038,0.04858374543526053,-0.5774131517795101,-0.7596367488978152,0.563660391853859,0.4474717463066348,0.568,0.567,0.46,True,999,0.00011112506035715342,0.0014123329892754555,strong_3x3_strong_250,strong_null,True,1424,292201944,0.0,0,1
250,250,0.052294254383296046,0.11278411392635929,0.042552454281135965,0.10130179466921163,-0.06048985954306324,-0.058749340388075666,0.04152152553928863,-1.456831336455264,-1.4149128584518331,0.14516294352892578,0.1570940474207242,0.139,0.136,0.151,True,999,0.00010966707486659288,0.0013688750332221389,strong_3x3_strong_250,strong_null,True,1425,292201944,0.0,0,0
250,250,0.0696942704930194,0.0851335535793693,0.061000524222365016,0.0745466941080366,-0.015439283086349898,-0.013546169885671588,0.04257086887848454,-0.3626724916143998,-0.31820280493541603,0.7168495511157662,0.7503311052316629,0.727,0.732,0.777,True,999,0.00011179095599800348,0.001339250011369586,strong_3x3_strong_250,strong_null,True,1426,292201944,0.0,1,1
250,250,0.1599730873762807,0.17677015994163148,0.14832573243255354,0.16382619635932372,-0.01679707256535079,-0.01550046392677018,0.056221948315333926,-0.298763615788277,-0.2757012944452264,0.7651204140526171,0.7827775013273657,0.758,0.76,0.773,True,999,0.000110041000880301,0.001415667007677257,strong_3x3_strong_250,strong_null,True,1427,292201944,0.0,0,0
250,250,0.10577514232878393,0.11143763909239279,0.09832836469266226,0.0967908803002615,-0.00566249676360886,0.0015374843924007564,0.04783366371895486,-0.11837890563596959,0.032142308844126936,0.9057674391078153,0.9743585632485042,0.904,0.904,0.976,True,999,0.00011662498582154512,0.0013572500320151448,strong_3x3_strong_250,strong_null,True,1428,292201944,0.0,1,0
250,250,0.08718485420320338,0.08618500744530633,0.0760751620837965,0.07754871619913217,0.0009998467578970494,-0.0014735541153356735,0.04237148639021758,0.023597160332989562,-0.03477702202290163,0.9811739372478567,0.9722575433152111,0.983,0.982,0.976,True,999,0.00011220795568078756,0.001353665953502059,strong_3x3_strong_250,strong_null,True,1429,292201944,0.0,0,1
250,250,0.14978320548462432,0.11747889734989159,0.13668065765148185,0.10852586315098733,0.03230430813473273,0.028154794500494518,0.05090880554951645,0.634552466631965,0.5530437062230769,0.5257203377765429,0.5802334825253396,0.521,0.524,0.571,True,999,0.00012800004333257675,0.0013729589991271496,strong_3x3_strong_250,strong_null,True,1430,292201944,0.0,0,1
250,250,0.1359048870586942,0.10806144058044209,0.12501136430493887,0.09829262557370555,0.0278434464782521,0.026718738731233316,0.05057288527085803,0.550560766488372,0.52832142338989,0.581934810061163,0.5972762647456261,0.571,0.578,0.595,True,999,0.00016945903189480305,0.001406916999258101,strong_3x3_strong_250,strong_null,True,1431,292201944,0.0,1,0
250,250,0.11699812197644044,0.09131298963705459,0.10374445311680347,0.07810744780924495,0.025685132339385852,0.025637005307558525,0.04771525973447302,0.5383001681709179,0.5372915383930408,0.5903698352758184,0.5910662493798764,0.572,0.572,0.566,True,999,0.00011204089969396591,0.0014068749733269215,strong_3x3_strong_250,strong_null,True,1432,292201944,0.0,0,0
250,250,0.05905502765566706,0.1629458071421192,0.045952617164843446,0.15821740083481473,-0.10389077948645214,-0.11226478366997128,0.04588706617503591,-2.264053646187827,-2.446545247450295,0.023570815477888092,0.014423269211999394,0.027,0.025,0.015,True,999,0.00011612498201429844,0.0013994169421494007,strong_3x3_strong_250,strong_null,True,1433,292201944,0.0,0,2
250,250,0.13026277684571252,0.13538950467023747,0.11705914045481336,0.12293011078301674,-0.005126727824524946,-0.005870970328203384,0.05220379204632591,-0.0982060425797318,-0.11246252615123162,0.921768684376203,0.9104566809991823,0.915,0.915,0.908,True,999,0.00012075004633516073,0.0014717079466208816,strong_3x3_strong_250,strong_null,True,1434,292201944,0.0,0,1
250,250,0.09299576951445865,0.13078245344307304,0.08169951717717083,0.11968997104315804,-0.037786683928614395,-0.037990453865987206,0.04653443737822406,-0.812015489120253,-0.8163943953422538,0.4167827437939854,0.41427460112610115,0.438,0.432,0.426,True,999,0.00011858402285724878,0.0013948340201750398,strong_3x3_strong_250,strong_null,True,1435,292201944,0.0,0,0
250,250,0.1132672533995357,0.11125468571906066,0.10016081475671967,0.1028392731848271,0.0020125676804750303,-0.002678458428107433,0.05040323308638331,0.03992933701347694,-0.053140607538349205,0.9681494621931881,0.9576198770071613,0.971,0.971,0.941,True,999,0.00011679192539304495,0.0014828750863671303,strong_3x3_strong_250,strong_null,True,1436,292201944,0.0,0,2
250,250,0.07911462550570542,0.07403323374429599,0.06975087434196325,0.06917633550342828,0.005081391761409426,0.000574538838534977,0.03994538619958253,0.12720847749526906,0.014383108869303697,0.898775395822742,0.9885243351673049,0.901,0.9,0.991,True,999,0.00011366698890924454,0.0013297090772539377,strong_3x3_strong_250,strong_null,True,1437,292201944,0.0,0,2
250,250,0.14807879100898336,0.13456618297803224,0.13802740753402531,0.1223380662590472,0.013512608030951112,0.01568934127497812,0.05250239141747328,0.2573712866430307,0.29883098372080175,0.7968921663983743,0.7650690089284147,0.794,0.793,0.758,True,999,0.00011070899199694395,0.0013998339418321848,strong_3x3_strong_250,strong_null,True,1438,292201944,0.0,0,1
250,250,0.1351664074324273,0.10047878835245327,0.13010600253451798,0.09307593007618209,0.03468761907997403,0.037030072458335894,0.04644925879315421,0.7467852013407449,0.7972155728735432,0.4551932298918352,0.4253258432400918,0.447,0.446,0.419,True,999,0.00011633394751697779,0.0013746250187978148,strong_3x3_strong_250,strong_null,True,1439,292201944,0.0,2,1
250,250,0.1330641561098031,0.0734652967511994,0.12404328815200927,0.06599942639306278,0.059598859358603706,0.05804386175894649,0.04639649003051122,1.2845553471698044,1.2510399325633412,0.1989477109478739,0.21091990874158173,0.215,0.221,0.23,True,999,0.00014579202979803085,0.001435791957192123,strong_3x3_strong_250,strong_null,True,1440,292201944,0.0,1,1
250,250,0.046621502706006346,0.05615961714716844,0.03538077246074067,0.047285833016161405,-0.009538114441162093,-0.011905060555420732,0.03408133692076171,-0.2798632713070494,-0.3493131910611287,0.7795824068699689,0.726854196413333,0.8,0.796,0.744,True,999,0.0001129580195993185,0.0014503749553114176,strong_3x3_strong_250,strong_null,True,1441,292201944,0.0,0,1
250,250,0.1702090456106446,0.06839218929221169,0.15960402258785678,0.05866814241693419,0.1018168563184329,0.10093588017092259,0.04719722071838798,2.157263812755932,2.1385979647652875,0.03098511489025606,0.032468242484528384,0.029,0.03,0.028,True,999,0.00011541706044226885,0.0013462910428643227,strong_3x3_strong_250,strong_null,True,1442,292201944,0.0,1,0
250,250,0.11892038530955296,0.10208165466383917,0.1075545567451428,0.09352489041275192,0.016838730645713784,0.014029666332390889,0.04772655210252699,0.3528168263557052,0.2939593520657457,0.7242257683740336,0.7687889641115652,0.721,0.723,0.77,True,999,0.00011145800817757845,0.001351666054688394,strong_3x3_strong_250,strong_null,True,1443,292201944,0.0,0,1
250,250,0.10332757499509715,0.11659637307030701,0.09243411512539979,0.10357130057712993,-0.013268798075209864,-0.011137185451730147,0.048886144722479714,-0.2714224684833526,-0.2278188536845051,0.786066123070983,0.8197870689560567,0.785,0.785,0.812,True,999,0.00011108303442597389,0.0013675829395651817,strong_3x3_strong_250,strong_null,True,1444,292201944,0.0,1,0
250,250,0.09696604714701346,0.06427327179917275,0.08637475466035482,0.0526101570806361,0.03269277534784071,0.033764597579718725,0.04306542230146773,0.759142105213409,0.7840303374563211,0.4477675541796594,0.43302230935582375,0.442,0.448,0.417,True,999,0.00011066708248108625,0.0013915419112890959,strong_3x3_strong_250,strong_null,True,1445,292201944,0.0,1,0
250,250,0.11889932439062906,0.07107565249218267,0.10894199863133736,0.05958514719976904,0.047823671898446385,0.049356851431568316,0.047535869126990225,1.0060544337726802,1.0383075420313324,0.31438938607533795,0.2991268985364066,0.304,0.316,0.291,True,999,0.00011033308692276478,0.0013908749679103494,strong_3x3_strong_250,strong_null,True,1446,292201944,0.0,2,0
250,250,0.09226360912271414,0.09284007079743767,0.07770565324300094,0.07991346199970906,-0.0005764616747235274,-0.0022078087567081184,0.044389261166193746,-0.01298651204320005,-0.04973745222841319,0.9896385537849808,0.9603316108176168,0.988,0.988,0.953,True,999,0.00011041690595448017,0.001401833025738597,strong_3x3_strong_250,strong_null,True,1447,292201944,0.0,0,0
250,250,0.13005140400083326,0.0536329179573915,0.12106716951105057,0.048750650716471,0.07641848604344176,0.07231651879457957,0.043177798947945094,1.7698559886197869,1.674854220377559,0.0767511341168615,0.09396283759846481,0.076,0.075,0.096,True,999,0.0001163750421255827,0.0013403329066932201,strong_3x3_strong_250,strong_null,True,1448,292201944,0.0,1,2
250,250,0.05977956576992044,0.15983746900250295,0.05278738952993933,0.1515998898374562,-0.10005790323258251,-0.09881250030751687,0.04596184714137021,-2.176977416177874,-2.1498809654796456,0.02948225250270739,0.031564631627567966,0.032,0.035,0.039,True,999,0.00012075004633516073,0.0013084158999845386,strong_3x3_strong_250,strong_null,True,1449,292201944,0.0,1,2
250,250,0.10094766722050874,0.05164807064127647,0.09347814810020338,0.04222853479318189,0.049299596579232274,0.05124961330702149,0.03947445256035284,1.2488988036973454,1.2982982659142772,0.2117020892323821,0.19418486205982666,0.205,0.211,0.2,True,999,0.0001093338942155242,0.0013103330275043845,strong_3x3_strong_250,strong_null,True,1450,292201944,0.0,1,0
250,250,0.10714405946369782,0.07588139099917851,0.09595680130054518,0.06294985764185412,0.031262668464519305,0.03300694365869106,0.04368079124197201,0.7157074671870784,0.7556397839921759,0.4741719990487965,0.4498651961922252,0.484,0.482,0.454,True,999,0.00010979094076901674,0.001376542029902339,strong_3x3_strong_250,strong_null,True,1451,292201944,0.0,0,0
250,250,0.13186497486124865,0.10394998050319143,0.11736678762441954,0.09244150224198222,0.02791499435805722,0.024925285382437323,0.04912258954985644,0.5682720437554539,0.5074098415992437,0.5698502588119267,0.6118672817370123,0.583,0.578,0.624,True,999,0.0001176249934360385,0.0014320830814540386,strong_3x3_strong_250,strong_null,True,1452,292201944,0.0,0,0
250,250,0.10160087239195348,0.15750570449143675,0.08692821481905355,0.14602548192681297,-0.05590483209948327,-0.05909726710775942,0.05073655418893748,-1.1018649767049546,-1.1647867706523298,0.2705203768147906,0.2441053152003525,0.276,0.271,0.257,True,999,0.00011962500866502523,0.0013800420565530658,strong_3x3_strong_250,strong_null,True,1453,292201944,0.0,0,0
250,250,0.1757517714501623,0.17746879994174836,0.16510767942115478,0.16835855775438802,-0.001717028491586059,-0.0032508783332332314,0.05229318530606638,-0.03283465104557078,-0.06216638581501951,0.9738064455635781,0.9504303309273594,0.979,0.977,0.954,True,999,0.00011074997019022703,0.0013873750576749444,strong_3x3_strong_250,strong_null,True,1454,292201944,0.0,1,1
250,250,0.13672448025687634,0.05024848612919086,0.1277955564121669,0.042700654931110194,0.08647599412768547,0.0850949014810567,0.04300307015668666,2.010926052781817,1.978809912199375,0.044333268038302696,0.04783741207270338,0.052,0.051,0.057,True,999,0.00010912504512816668,0.0013836250873282552,strong_3x3_strong_250,strong_null,True,1455,292201944,0.0,1,1
250,250,0.10057320451140295,0.06679372390144711,0.09385855791093434,0.055071759479474736,0.033779480609955836,0.0387867984314596,0.04227786429490011,0.798987393836509,0.917425680751295,0.4242977216674362,0.3589196207575981,0.441,0.435,0.362,True,999,0.00011070899199694395,0.0014192919479683042,strong_3x3_strong_250,strong_null,True,1456,292201944,0.0,2,0
250,250,0.10357666949996436,0.10031383382837061,0.09885669584984669,0.08872369583924922,0.0032628356715937445,0.01013300001059747,0.046202770850215825,0.0706199132985225,0.21931585106545912,0.9437002614598508,0.8264040150955683,0.939,0.94,0.821,True,999,0.0001093749888241291,0.0013983750250190496,strong_3x3_strong_250,strong_null,True,1457,292201944,0.0,2,0
250,250,0.054463289459244724,0.09237868765765561,0.04139617261063222,0.08247868891500332,-0.03791539819841089,-0.0410825163043711,0.04006562641406736,-0.9463323450023108,-1.0253806063031303,0.3439791007865495,0.30518363535649007,0.345,0.341,0.305,True,999,0.00010941596701741219,0.0014449169393628836,strong_3x3_strong_250,strong_null,True,1458,292201944,0.0,0,0
250,250,0.09809387156152821,0.08614556200310808,0.08892604131310122,0.07973818392180476,0.011948309558420134,0.009187857391296461,0.045856440358025684,0.2605590286802314,0.2003613302637963,0.7944325888257693,0.8411980002190297,0.811,0.812,0.854,True,999,0.00011516606900840998,0.0013325830223038793,strong_3x3_strong_250,strong_null,True,1459,292201944,0.0,1,2
250,250,0.11634288922581665,0.09934303717493842,0.10316760133046898,0.09093209456197826,0.016999852050878228,0.012235506768490723,0.04863968783691889,0.34950578029768653,0.2515539739793237,0.7267096320593773,0.8013858381381006,0.743,0.747,0.823,True,999,0.00011212495155632496,0.0013912080321460962,strong_3x3_strong_250,strong_null,True,1460,292201944,0.0,0,2
250,250,0.0988010773553985,0.1433040302411081,0.08947433500941315,0.13231524521896176,-0.0445029528857096,-0.04284091020954861,0.04795762063095598,-0.9279641546057763,-0.893307667184293,0.3534261637942171,0.37169243317438516,0.351,0.358,0.376,True,999,0.00011500006075948477,0.0013335839612409472,strong_3x3_strong_250,strong_null,True,1461,292201944,0.0,0,0
250,250,0.07662780898023824,0.10968100885157361,0.0671853881820681,0.10057822185821408,-0.03305319987133537,-0.03339283367614598,0.042334273425982595,-0.7807669105063468,-0.7887895781305929,0.43493959896483625,0.4302350017621839,0.397,0.384,0.381,True,999,0.00011145800817757845,0.0013817499857395887,strong_3x3_strong_250,strong_null,True,1462,292201944,0.0,0,1
250,250,0.15093366444277134,0.18758737795978292,0.1436188413720032,0.17404018787145503,-0.03665371351701158,-0.03042134649945183,0.05765011056216224,-0.6357960662970294,-0.5276893002078371,0.524909351734328,0.5977150008431705,0.493,0.497,0.575,True,999,0.00011112494394183159,0.0014494170900434256,strong_3x3_strong_250,strong_null,True,1463,292201944,0.0,1,0
250,250,0.1139731968735444,0.13502757207425403,0.10498383590572757,0.13062414700380032,-0.02105437520070963,-0.025640311098072743,0.05152476338172926,-0.4086263345786763,-0.497630836421557,0.6828139016160728,0.618744265039155,0.669,0.675,0.602,True,999,0.00013174989726394415,0.0013999160146340728,strong_3x3_strong_250,strong_null,True,1464,292201944,0.0,1,3
250,250,0.08223093366974188,0.14145573965052127,0.0730082155797902,0.12826077809789638,-0.059224805980779394,-0.055252562518106174,0.047108893819356214,-1.257189485447968,-1.172869028298089,0.20868502976875203,0.2408483313762938,0.229,0.221,0.259,True,999,0.00012091698590666056,0.0014037919463589787,strong_3x3_strong_250,strong_null,True,1465,292201944,0.0,1,0
250,250,0.11382965641952159,0.12463573833128505,0.10511373336754559,0.11239554443810107,-0.010806081911763465,-0.007281811070555477,0.04986666342362774,-0.2166995176710248,-0.1460256325692972,0.8284425239162289,0.8839011534519352,0.828,0.828,0.871,True,999,0.000111832981929183,0.0013557079946622252,strong_3x3_strong_250,strong_null,True,1466,292201944,0.0,1,1
250,250,0.08594138919467487,0.04186306280280949,0.07352337136310894,0.030546774208318084,0.044078326391865374,0.04297659715479085,0.038334082673284725,1.14984690692974,1.1211067060368585,0.2502069316563157,0.2622424445216328,0.258,0.269,0.283,True,999,0.00011137500405311584,0.001364583964459598,strong_3x3_strong_250,strong_null,True,1467,292201944,0.0,1,0
250,250,0.13935173784472976,0.1269138206351454,0.12844261477681584,0.11569339792282562,0.01243791720958437,0.01274921685399022,0.05205390670687322,0.23894301112930805,0.24492334313702546,0.8111497732903925,0.8065157868522635,0.811,0.814,0.817,True,999,0.00011550006456673145,0.0014039169764146209,strong_3x3_strong_250,strong_null,True,1468,292201944,0.0,1,0
250,250,0.07458336849571479,0.09686152475945814,0.0633737912896919,0.0844371965817885,-0.022278156263743354,-0.021063405292096604,0.045133897814817935,-0.4936014247018834,-0.46668704259753224,0.6215876944213043,0.6407238015310268,0.619,0.621,0.663,True,999,0.00011024996638298035,0.0014013750478625298,strong_3x3_strong_250,strong_null,True,1469,292201944,0.0,0,1
250,250,0.1566846620690277,0.13442240558594482,0.1433837055692635,0.12290535948284287,0.022262256483082887,0.02047834608642063,0.053029698353814526,0.419807337664811,0.38616750089334767,0.6746262041091147,0.6993726210020385,0.666,0.666,0.685,True,999,0.00011258397717028856,0.001373667037114501,strong_3x3_strong_250,strong_null,True,1470,292201944,0.0,0,0
250,250,0.1287069922117805,0.13237866772263313,0.12150116833898039,0.11772198311693671,-0.0036716755108526233,0.0037791852220436795,0.050874008081799565,-0.07217193315983657,0.07428518735868389,0.9424650810040137,0.9407834632397388,0.939,0.94,0.955,True,999,0.00011291704140603542,0.0013849999522790313,strong_3x3_strong_250,strong_null,True,1471,292201944,0.0,1,0
250,250,0.12244508487123967,0.10103509812792494,0.10754692087732565,0.0888431619372767,0.021409986743314735,0.018703758940048942,0.049567777014543714,0.43193356718484305,0.3773370537589584,0.6657896972581412,0.705923138950556,0.657,0.656,0.7,True,999,0.00011133402585983276,0.001373667037114501,strong_3x3_strong_250,strong_null,True,1472,292201944,0.0,0,1
250,250,0.09407903930198236,0.10436565489626443,0.08241396727541428,0.09322576231652135,-0.010286615594282067,-0.010811795041107075,0.045430852478911744,-0.22642356533056351,-0.23798353874441897,0.820872001320103,0.8118938616411009,0.812,0.814,0.805,True,999,0.00011133297812193632,0.0013795830309391022,strong_3x3_strong_250,strong_null,True,1473,292201944,0.0,0,0
250,250,0.09644939267597868,0.09365083336365243,0.08461512431753704,0.08223865305106415,0.002798559312326254,0.0023764712664728904,0.04457283848284562,0.06278620360700862,0.05331657905043456,0.9499367521190888,0.9574796708173796,0.959,0.958,0.963,True,999,0.00012850004713982344,0.0014404579997062683,strong_3x3_strong_250,strong_null,True,1474,292201944,0.0,0,0
250,250,0.15736130644952928,0.1320170868797909,0.14416729527528105,0.12128421779378584,0.02534421956973837,0.022883077481495206,0.0545138989802657,0.4649129862993858,0.4197659295985964,0.641993770335129,0.6746564564612006,0.676,0.678,0.716,True,999,0.00011725001968443394,0.0013845829525962472,strong_3x3_strong_250,strong_null,True,1475,292201944,0.0,0,1
250,250,0.08794948176663031,0.07397742736740037,0.07499759711346599,0.05751785253806929,0.013972054399229938,0.017479744575396694,0.043056617761348163,0.32450422549846963,0.4059711487855933,0.7455563237159033,0.6847637992985134,0.767,0.761,0.701,True,999,0.00011454196646809578,0.0013824589550495148,strong_3x3_strong_250,strong_null,True,1476,292201944,0.0,0,0
250,250,0.10578454348545074,0.10866772717204809,0.09352299552853083,0.09810174485983225,-0.002883183686597346,-0.004578749331301424,0.04776140499258555,-0.060366391797831945,-0.09586714067587053,0.9518638252828708,0.9236260922859976,0.955,0.956,0.93,True,999,0.00011333299335092306,0.0013591659953817725,strong_3x3_strong_250,strong_null,True,1477,292201944,0.0,1,1
250,250,0.14840901851149146,0.12601698903555675,0.13934146813224402,0.11289919498044299,0.022392029475934716,0.026442273151801032,0.05251463831314551,0.42639595730262364,0.5035219512343472,0.6698193467073341,0.6145973510004638,0.661,0.659,0.603,True,999,0.00011345802340656519,0.0014118750113993883,strong_3x3_strong_250,strong_null,True,1478,292201944,0.0,1,0
250,250,0.08429165699745955,0.10321932217858554,0.07456823983034155,0.09140739496939432,-0.018927665181125986,-0.016839155139052764,0.04456504799650543,-0.42471995503315063,-0.3778556491260417,0.6710408351140418,0.7055378309272313,0.64,0.642,0.67,True,999,0.00011470809113234282,0.0013679160038009286,strong_3x3_strong_250,strong_null,True,1479,292201944,0.0,0,0
250,250,0.1250909251965251,0.09423606720139704,0.11597932134793609,0.08332317834222636,0.03085485799512805,0.03265614300570974,0.04481261251464216,0.688530667232277,0.7287266055965741,0.49111866504668233,0.46616891474741595,0.505,0.498,0.468,True,999,0.00011070806067436934,0.001408417010679841,strong_3x3_strong_250,strong_null,True,1480,292201944,0.0,1,0
250,250,0.08362897622072729,0.07527068979571883,0.07612402253204209,0.06659607431521408,0.008358286425008465,0.009527948216828008,0.04211157260018142,0.19847956057980265,0.22625486602670739,0.8426698749331624,0.8210031998654267,0.832,0.837,0.822,True,999,0.0001103340182453394,0.001334875007160008,strong_3x3_strong_250,strong_null,True,1481,292201944,0.0,1,1
250,250,0.2247364605102118,0.08870850623682452,0.214240060137584,0.0840853977214806,0.13602795427338726,0.1301546624161034,0.05384412082534151,2.526328820831378,2.417249282206622,0.011526154363554506,0.01563830315489802,0.013,0.017,0.025,True,999,0.00011266698129475117,0.0013599999947473407,strong_3x3_strong_250,strong_null,True,1482,292201944,0.0,1,2
250,250,0.0837657763117759,0.08485740718970042,0.07741506103585039,0.07577399657290584,-0.001091630877924521,0.0016410644629445414,0.04297065184818226,-0.025404103288479647,0.03819035533234438,0.9797326382145488,0.9695359106175366,0.975,0.975,0.979,True,999,0.00010974996257573366,0.0013589579612016678,strong_3x3_strong_250,strong_null,True,1483,292201944,0.0,2,1
250,250,0.11873897307793801,0.05061224192486935,0.11204637876805634,0.043340082981387695,0.06812673115306866,0.06870629578666865,0.04289752025847619,1.5881274894813386,1.6016379355422732,0.11225751336747482,0.10923569692190332,0.098,0.108,0.1,True,999,0.00011312495917081833,0.0013804159825667739,strong_3x3_strong_250,strong_null,True,1484,292201944,0.0,2,1
250,250,0.09417915970457069,0.11477677203513048,0.08517965752363921,0.10541410269520668,-0.02059761233055979,-0.020234445171567472,0.0460916153696439,-0.4468841494352452,-0.4390049038049976,0.6549587090354976,0.6606579830928095,0.661,0.656,0.669,True,999,0.00011083402205258608,0.0013907920802012086,strong_3x3_strong_250,strong_null,True,1485,292201944,0.0,1,0
250,250,0.09575206385471069,0.1467781695487524,0.08664308354522632,0.14171926269172275,-0.0510261056940417,-0.05507617914649643,0.050824025151802774,-1.003976082996877,-1.0836642509520487,0.3153901418581262,0.27851369164406126,0.316,0.326,0.299,True,999,0.00013033393770456314,0.0013917500618845224,strong_3x3_strong_250,strong_null,True,1486,292201944,0.0,1,2
250,250,0.14693548706357096,0.0787913758932488,0.13201251094344002,0.06559638660625922,0.06814411117032215,0.0664161243371808,0.04839974702978172,1.407943540043529,1.3722411461430388,0.15914778903054294,0.1699883803219947,0.169,0.165,0.173,True,999,0.00011283298954367638,0.0014395000180229545,strong_3x3_strong_250,strong_null,True,1487,292201944,0.0,0,0
250,250,0.1338203231404661,0.10796340064661886,0.12642997703649428,0.09471716678098119,0.025856922493847245,0.03171281025551309,0.05034844888073455,0.513559465458353,0.629866678328749,0.6075600254445699,0.528781815724882,0.608,0.607,0.516,True,999,0.00011000002268701792,0.0014017500216141343,strong_3x3_strong_250,strong_null,True,1488,292201944,0.0,1,0
250,250,0.1403863529104007,0.14712681374720055,0.13170244637574058,0.14008225245649442,-0.006740460836799855,-0.008379806080753838,0.04966320745541697,-0.13572342951974692,-0.1687326797866701,0.8920399250291868,0.8660069125651879,0.903,0.901,0.873,True,999,0.00010883307550102472,0.0014298749156296253,strong_3x3_strong_250,strong_null,True,1489,292201944,0.0,1,1
250,250,0.11216977081660029,0.14498406462030033,0.10736746873560321,0.14023160693793102,-0.032814293803700045,-0.03286413820232781,0.04914473349241671,-0.667707228664969,-0.6687214654933253,0.504320494842807,0.5036731720142849,0.546,0.539,0.541,True,999,0.0001145839923992753,0.0014034169726073742,strong_3x3_strong_250,strong_null,True,1490,292201944,0.0,2,2
250,250,0.11769043071540153,0.11874687359245173,0.11017222583171815,0.1076057755725941,-0.001056442877050201,0.0025664502591240534,0.04862122462749054,-0.021728018682048704,0.05278456638611643,0.9826649133695226,0.9579035585964218,0.983,0.983,0.945,True,999,0.00012025004252791405,0.001359208021312952,strong_3x3_strong_250,strong_null,True,1491,292201944,0.0,1,0
250,250,0.21109266114810088,0.09741617804500113,0.1966667136191802,0.08585506454322456,0.11367648310309975,0.11081164907595564,0.05122904679102627,2.2189849357691407,2.163062871889437,0.02648774940608522,0.030536344257573306,0.022,0.022,0.028,True,999,0.0001115420600399375,0.0013797500869259238,strong_3x3_strong_250,strong_null,True,1492,292201944,0.0,0,0
250,250,0.1048063571906166,0.08816364364248197,0.09791739801976007,0.07352425142958907,0.016642713548134624,0.024393146590171,0.04623126619476939,0.3599882702329616,0.5276331062922703,0.7188559053511261,0.597754010294621,0.717,0.718,0.607,True,999,0.00011520902626216412,0.0013274580705910921,strong_3x3_strong_250,strong_null,True,1493,292201944,0.0,2,0
250,250,0.08307966751436824,0.12531957683593342,0.07815837441305007,0.1147626003969009,-0.04223990932156518,-0.036604225983850824,0.04905187576602783,-0.8611272996581212,-0.7462349892275076,0.38916793504718716,0.45552547528930976,0.401,0.393,0.444,True,999,0.00011141598224639893,0.0012872909428551793,strong_3x3_strong_250,strong_null,True,1494,292201944,0.0,2,1
250,250,0.1605562486853091,0.06890288873898337,0.153062946218256,0.057804981009198286,0.09165335994632573,0.09525796520905772,0.04574252800954835,2.0036793752893125,2.0824814314847977,0.045104416990700696,0.03729851722666566,0.048,0.045,0.039,True,999,0.00011187500786036253,0.001367792021483183,strong_3x3_strong_250,strong_null,True,1495,292201944,0.0,1,0
250,250,0.09462825547712289,0.0934272860051677,0.09053607211296821,0.08227163258750636,0.0012009694719551933,0.008264439525461853,0.043806410170112726,0.02741538207060309,0.18865822361085258,0.9781284297419393,0.8503606962534942,0.979,0.979,0.844,True,999,0.00011970906052738428,0.0014082089764997363,strong_3x3_strong_250,strong_null,True,1496,292201944,0.0,3,0
250,250,0.07356916245150125,0.07600848041980984,0.06186588537690341,0.06880111757141094,-0.0024393179683085964,-0.006935232194507535,0.03990422108098679,-0.061129321716565495,-0.1737969569793701,0.9512562174576263,0.8620250359787235,0.962,0.962,0.861,True,999,0.0001092919846996665,0.00138579192571342,strong_3x3_strong_250,strong_null,True,1497,292201944,0.0,0,1
250,250,0.1546593791133664,0.11352935008972154,0.14708252685342416,0.104597365221764,0.041130029023644876,0.04248516163166016,0.05150147054147057,0.7986185363488933,0.8249310395408962,0.4245116360629012,0.40941074294390656,0.432,0.439,0.424,True,999,0.00011200003791600466,0.001392749953083694,strong_3x3_strong_250,strong_null,True,1498,292201944,0.0,1,1
250,250,0.07298871727730538,0.07955135282841908,0.06260921177891987,0.06490024872562117,-0.0065626355511136936,-0.002291036946701297,0.04237250138505123,-0.15487958785999245,-0.05406895679539848,0.8769162459819464,0.9568802249432121,0.882,0.882,0.955,True,999,0.00011279096361249685,0.001366332988254726,strong_3x3_strong_250,strong_null,True,1499,292201944,0.0,1,0
250,250,0.14096681424924629,0.11836293595517655,0.13343749037144903,0.10521612015062942,0.022603878294069735,0.028221370220819608,0.05037967947067446,0.44867054597334705,0.5601736755242162,0.6536693351401437,0.5753609808469544,0.648,0.647,0.579,True,999,0.00011612498201429844,0.0013934170128777623,strong_3x3_strong_250,strong_null,True,1500,292201944,0.0,1,0
250,250,0.11237977792286374,0.13369705142350796,0.10279723827437692,0.1263454976646159,-0.021317273500644218,-0.023548259390238968,0.04773646125884106,-0.44656166247966567,-0.4932971311499907,0.6551915814331839,0.6218026551633253,0.647,0.646,0.617,True,999,0.00011224998161196709,0.0013620000099763274,strong_3x3_strong_250,strong_null,True,1501,292201944,0.0,0,1
250,250,0.08019776716991472,0.08881560578414488,0.06762052785684602,0.08015220128773137,-0.008617838614230156,-0.012531673430885348,0.040826544810531745,-0.21108420157091204,-0.30694915499321507,0.832821567812755,0.758882073546951,0.826,0.822,0.767,True,999,0.00011124997399747372,0.001396707957610488,strong_3x3_strong_250,strong_null,True,1502,292201944,0.0,0,1
250,250,0.12577386653833555,0.11516945842215198,0.11121482534075255,0.10629381879773803,0.010604408116183572,0.004921006543014528,0.05031416878548341,0.21076385384395233,0.09780558164431669,0.8330715453900718,0.9220866751258977,0.828,0.827,0.917,True,999,0.00011195801198482513,0.0013719580601900816,strong_3x3_strong_250,strong_null,True,1503,292201944,0.0,0,1
250,250,0.07299231078620821,0.12392994282736225,0.06035891785012382,0.11106263049356357,-0.050937632041154035,-0.05070371264343976,0.04646534463901645,-1.0962499565403472,-1.0912156799298631,0.27296940293217475,0.2751779899650212,0.283,0.271,0.279,True,999,0.0001105000264942646,0.0013735840329900384,strong_3x3_strong_250,strong_null,True,1504,292201944,0.0,0,0
250,250,0.15721466320171268,0.15912559005616972,0.14802449036743326,0.1487701242480739,-0.0019109268544570401,-0.0007456338806406393,0.049471597881633175,-0.038626746179275744,-0.015071958711029693,0.9691879778338646,0.9879747721281573,0.967,0.967,0.983,True,999,0.00011016696225851774,0.0014004999538883567,strong_3x3_strong_250,strong_null,True,1505,292201944,0.0,1,1
250,250,0.14142521731016117,0.0812885938610815,0.13162539232895654,0.06994783124235937,0.06013662344907966,0.061677561086597166,0.04709554143454815,1.2769069346544317,1.3096263299640505,0.2016351055967993,0.19032227668441248,0.231,0.223,0.21,True,999,0.00011295906733721495,0.0013633749913424253,strong_3x3_strong_250,strong_null,True,1506,292201944,0.0,0,0
250,250,0.09280554192969331,0.1180786314907476,0.08195090638585611,0.1131799298189975,-0.025273089561054285,-0.03122902343314138,0.04498404065908223,-0.5618234642945903,-0.6942245066381397,0.5742363035653804,0.48754142615787155,0.57,0.574,0.478,True,999,0.00011204194743186235,0.00134620803873986,strong_3x3_strong_250,strong_null,True,1507,292201944,0.0,0,2
250,250,0.1106920777468306,0.19451108154667596,0.10396415938554071,0.18386573123957817,-0.08381900379984536,-0.07990157185403746,0.051940668808519705,-1.6137451773839449,-1.5383238931442367,0.10658271031064075,0.12396944052458302,0.121,0.12,0.137,True,999,0.0001224579755216837,0.0014448750298470259,strong_3x3_strong_250,strong_null,True,1508,292201944,0.0,2,1
250,250,0.04566000616561644,0.09953434194127736,0.03270922584027858,0.08736059969757548,-0.05387433577566092,-0.0546513738572969,0.04153232785856722,-1.2971662931854617,-1.3158755281766252,0.19457397565386303,0.18821582367879508,0.19,0.189,0.185,True,999,0.00011191598605364561,0.0013597500510513783,strong_3x3_strong_250,strong_null,True,1509,292201944,0.0,0,1
250,250,0.13581524214202745,0.13225834700993777,0.1271743619767136,0.12267723422134225,0.003556895132089677,0.004497127755371366,0.04987045066190454,0.0713226988102345,0.09017620044903003,0.9431409301924754,0.9281471965511165,0.945,0.944,0.926,True,999,0.00011304195504635572,0.0013284999877214432,strong_3x3_strong_250,strong_null,True,1510,292201944,0.0,1,0
250,250,0.09340483643815567,0.08901260704346386,0.08441524703542314,0.07840588034879659,0.0043922293946918045,0.006009366686626549,0.04486841028888117,0.09789135310149916,0.13393313130409099,0.9220185662343932,0.8934554513081409,0.926,0.926,0.888,True,999,0.00011279096361249685,0.001389667042531073,strong_3x3_strong_250,strong_null,True,1511,292201944,0.0,1,1
250,250,0.13609995871480868,0.1347864591619326,0.12130848715823106,0.12414557634711798,0.001313499552876074,-0.002837089188886921,0.052480279962771326,0.025028440279050525,-0.054060100115691206,0.980032278648193,0.9568872812310008,0.977,0.976,0.954,True,999,0.00011020898818969727,0.0014505420112982392,strong_3x3_strong_250,strong_null,True,1512,292201944,0.0,0,1
250,250,0.10044464793231117,0.1494980487090728,0.0892062996828571,0.139038138926324,-0.049053400776761624,-0.0498318392434669,0.05184409193099941,-0.9461714719981597,-0.9611864609334722,0.3440611342758261,0.3364584226525159,0.334,0.333,0.329,True,999,0.00011616700794547796,0.0014014580519869924,strong_3x3_strong_250,strong_null,True,1513,292201944,0.0,0,1
250,250,0.09565632603804808,0.1323328891916622,0.0858814273393449,0.11603732237011855,-0.03667656315361412,-0.03015589503077365,0.049561370822299416,-0.7400231782352564,-0.6084556284550032,0.45928593039380805,0.5428853262496972,0.472,0.477,0.551,True,999,0.00011220795568078756,0.0013501669745892286,strong_3x3_strong_250,strong_null,True,1514,292201944,0.0,0,0
250,250,0.07893718895809887,0.14948416294748024,0.0641708782504935,0.13630265367349637,-0.07054697398938137,-0.07213177542300286,0.048004502968750036,-1.469590759752393,-1.5026043592193674,0.14167262436790953,0.13294109861115158,0.154,0.146,0.145,True,999,0.00011224998161196709,0.0013993330067023635,strong_3x3_strong_250,strong_null,True,1515,292201944,0.0,0,0
250,250,0.09046146550034634,0.11623051521149758,0.07946300837215858,0.10004894415580168,-0.025769049711151237,-0.020585935783643095,0.04689953843434786,-0.5494520963617572,-0.43893685249078174,0.582695230558488,0.6607072928991422,0.555,0.573,0.646,True,999,0.00011641706805676222,0.0013748329365625978,strong_3x3_strong_250,strong_null,True,1516,292201944,0.0,0,0
250,250,0.10962216034254757,0.13494943407760357,0.10004837308215997,0.12052519102319081,-0.025327273735056,-0.020476817941030845,0.04826408159390566,-0.5247644396957528,-0.4242661885358752,0.599746954700908,0.6713716947413931,0.59,0.589,0.649,True,999,0.00011570798233151436,0.001408291980624199,strong_3x3_strong_250,strong_null,True,1517,292201944,0.0,0,0
250,250,0.1591366651572561,0.14378547241328393,0.15175861962690362,0.1294389163700771,0.015351192743972175,0.02231970325682653,0.053999850268133705,0.2842821353716085,0.41332898417308744,0.7761941755266936,0.6793655971309667,0.79,0.792,0.694,True,999,0.00011575000826269388,0.0014106249436736107,strong_3x3_strong_250,strong_null,True,1518,292201944,0.0,1,0
250,250,0.08733769427997362,0.08674629304906428,0.07663418022325175,0.0736947460472237,0.0005914012309093386,0.002939434176028044,0.04465794882953686,0.013242910756308283,0.0658210744798896,0.9894339948033268,0.94752027760946,0.991,0.991,0.946,True,999,0.00018820795230567455,0.001355124986730516,strong_3x3_strong_250,strong_null,True,1519,292201944,0.0,1,0
250,250,0.08265003895768008,0.12781747336564436,0.07635688882109548,0.12330955463397686,-0.04516743440796428,-0.04695266581288138,0.04597142577617398,-0.9825110630215347,-1.0213445639359733,0.32584813545206104,0.3070912198695802,0.317,0.324,0.297,True,999,0.00011216697748750448,0.0013284579617902637,strong_3x3_strong_250,strong_null,True,1520,292201944,0.0,2,2
250,250,0.10753130457516269,0.18042522312061043,0.097065710104701,0.1710095133634013,-0.07289391854544774,-0.07394380325870031,0.05054996885185713,-1.4420170813373259,-1.462786326840313,0.14929755492813918,0.14352585562639056,0.173,0.172,0.168,True,999,0.0001141249667853117,0.00136524997651577,strong_3x3_strong_250,strong_null,True,1521,292201944,0.0,1,1
250,250,0.1174157700574387,0.054327840211629896,0.1085656049774002,0.04312282394778322,0.0630879298458088,0.06544278102961698,0.0442989952123251,1.4241390700495198,1.4772971873504062,0.15440621847135705,0.13959599162740696,0.144,0.15,0.135,True,999,0.00011329108383506536,0.0013485830277204514,strong_3x3_strong_250,strong_null,True,1522,292201944,0.0,1,0
250,250,0.10138447336031914,0.1256759238351311,0.09232236453604514,0.11477779830285328,-0.02429145047481196,-0.02245543376680814,0.05054668307259772,-0.4805745698471122,-0.44425138113526663,0.6308188928472716,0.6568608479116382,0.646,0.65,0.678,True,999,0.0001301249722018838,0.0013651669723913074,strong_3x3_strong_250,strong_null,True,1523,292201944,0.0,1,1
250,250,0.04931606901210289,0.10113211785196174,0.03647577259295076,0.09155534361991613,-0.05181604883985885,-0.05507957102696537,0.03994844018425465,-1.297073142302105,-1.378766499340681,0.19460602156016404,0.16796675878920364,0.19,0.183,0.165,True,999,0.00011699995957314968,0.001381457899697125,strong_3x3_strong_250,strong_null,True,1524,292201944,0.0,0,0
250,250,0.12976608393167488,0.1286345818184536,0.11333019304458958,0.11872517898878243,0.0011315021132212721,-0.005394985944192854,0.05202080047726016,0.021750955441677322,-0.10370824544599544,0.9826466168071774,0.9174008830236514,0.984,0.984,0.933,True,999,0.00011237501166760921,0.0013749580830335617,strong_3x3_strong_250,strong_null,True,1525,292201944,0.0,0,0
250,250,0.09069032495127954,0.1202813048190754,0.08150651447670043,0.11538947021112733,-0.029590979867795852,-0.0338829557344269,0.04662906514498366,-0.6346037557430902,-0.7266488322052929,0.5256868780531553,0.4674411058480499,0.532,0.532,0.482,True,999,0.00011462497059255838,0.0013492919970303774,strong_3x3_strong_250,strong_null,True,1526,292201944,0.0,1,2
250,250,0.05497414954037405,0.14138790386746886,0.04865698870710844,0.13276951486488997,-0.0864137543270948,-0.08411252615778153,0.043556658640852425,-1.9839390123935283,-1.9311060302245306,0.04726263917823739,0.05346994143783742,0.049,0.055,0.066,True,999,0.00011145800817757845,0.0013270829804241657,strong_3x3_strong_250,strong_null,True,1527,292201944,0.0,2,1
250,250,0.11172374994284284,0.13275269981904486,0.10039306461302999,0.1165363843228846,-0.02102894987620202,-0.01614331970985461,0.04960056718233154,-0.4239659155287411,-0.32546643369040146,0.6715906710438703,0.7448280829443976,0.676,0.672,0.746,True,999,0.00011162494774907827,0.0013904160587117076,strong_3x3_strong_250,strong_null,True,1528,292201944,0.0,0,0
250,250,0.06657450783695107,0.11419630668655001,0.052217004190808325,0.1029318046373362,-0.04762179884959894,-0.050714800446527875,0.0433227214964252,-1.0992337785964919,-1.170628222206969,0.27166610859127294,0.2417482481156541,0.295,0.288,0.266,True,999,0.00011458306107670069,0.0013643329730257392,strong_3x3_strong_250,strong_null,True,1529,292201944,0.0,0,0
250,250,0.10587080652506464,0.09518289576277017,0.09872785074715296,0.08593525567236782,0.010687910762294472,0.01279259507478514,0.04481792907307984,0.23847399876212108,0.2854347654914089,0.8115134796729906,0.7753110758319499,0.818,0.819,0.79,True,999,0.00011787505354732275,0.0013704999582841992,strong_3x3_strong_250,strong_null,True,1530,292201944,0.0,1,0
250,250,0.14008664655372538,0.11101891490451088,0.13048718840275342,0.10190581254246922,0.0290677316492145,0.028581375860284197,0.049445241880742494,0.587877226272313,0.5780409756963051,0.5566147035663436,0.5632364551773557,0.548,0.544,0.546,True,999,0.00011233298573642969,0.0013601250248029828,strong_3x3_strong_250,strong_null,True,1531,292201944,0.0,0,1
250,250,0.10123472989694776,0.08058841030370373,0.09211171187595824,0.06602350502781462,0.020646319593244034,0.026088206848143614,0.043354147373246145,0.47622478688128655,0.6017465093603167,0.6339142424723418,0.5473428859623657,0.61,0.61,0.54,True,999,0.00011054205242544413,0.0013375409180298448,strong_3x3_strong_250,strong_null,True,1532,292201944,0.0,0,0
250,250,0.06427477244203694,0.08521707585502303,0.0555712591474844,0.07808179544090876,-0.020942303412986085,-0.022510536293424366,0.041527251289258785,-0.5043026630178845,-0.5420666091436401,0.6140487064030483,0.5877726203239222,0.582,0.603,0.584,True,999,0.00011812499724328518,0.0013319170102477074,strong_3x3_strong_250,strong_null,True,1533,292201944,0.0,1,1
250,250,0.055697053096414595,0.07024444230458171,0.04104556151891359,0.06056940073854378,-0.014547389208167116,-0.01952383921963019,0.03802836081813213,-0.38254052752204987,-0.5134020714961008,0.7020604738969363,0.6076700968585104,0.712,0.716,0.611,True,999,0.00012504204642027617,0.001390625024214387,strong_3x3_strong_250,strong_null,True,1534,292201944,0.0,0,0
250,250,0.08541072769270619,0.06723588718658391,0.07251122825061884,0.05833521370188066,0.01817484050612228,0.01417601454873818,0.04071624694986085,0.44637808903417103,0.34816604207639595,0.655324157398807,0.727715488715754,0.641,0.638,0.715,True,999,0.00011187500786036253,0.0013969159917905927,strong_3x3_strong_250,strong_null,True,1535,292201944,0.0,0,1
250,250,0.10950297902804129,0.15185154734530382,0.09918553039648259,0.14047595965246273,-0.042348568317262525,-0.04129042925598014,0.050557158253034445,-0.8376374341554444,-0.816707874468041,0.40223436201307894,0.41409539018723107,0.449,0.448,0.46,True,999,0.00011345802340656519,0.0013520829379558563,strong_3x3_strong_250,strong_null,True,1536,292201944,0.0,1,0
250,250,0.05319238510534979,0.11610700613684233,0.04457777654675965,0.10501159199819199,-0.06291462103149253,-0.06043381545143234,0.041430337849587405,-1.518564035367119,-1.4586850744697508,0.12887226961048512,0.1446518059730665,0.119,0.119,0.143,True,999,0.00011074997019022703,0.0013350419467315078,strong_3x3_strong_250,strong_null,True,1537,292201944,0.0,1,0
250,250,0.0819188418362321,0.0772203503124354,0.06915583841487205,0.06416533528589241,0.0046984915237966995,0.00499050312897964,0.04334927913914743,0.10838684326710368,0.11512309381110024,0.9136888372025656,0.9083475553856687,0.915,0.914,0.913,True,999,0.00010987499263137579,0.001339334063231945,strong_3x3_strong_250,strong_null,True,1538,292201944,0.0,0,0
250,250,0.1311606627241788,0.09938590652657897,0.12198125943825744,0.08956402626316162,0.03177475619759984,0.032417233175095816,0.046677755697340645,0.6807258773028398,0.6944899704538003,0.4960449591491771,0.487374988435051,0.5,0.492,0.499,True,999,0.00011070899199694395,0.0014157090336084366,strong_3x3_strong_250,strong_null,True,1539,292201944,0.0,1,0
250,250,0.12045734962541793,0.0936839464674381,0.11379345397669738,0.0809036280243447,0.026773403157979825,0.03288982595235268,0.04509137658085331,0.5937588334650298,0.7294039003971848,0.5526734265226627,0.46575463262519223,0.576,0.573,0.51,True,999,0.00011366698890924454,0.0013791249366477132,strong_3x3_strong_250,strong_null,True,1540,292201944,0.0,2,0
250,250,0.09652079485726661,0.049684988788044004,0.09183186294742995,0.04256778083943402,0.04683580606922261,0.04926408210799593,0.039728371113230444,1.1789007391150055,1.240022702355141,0.23843770339745063,0.21496699724370294,0.24,0.247,0.228,True,999,0.00011641695164144039,0.0013848749222233891,strong_3x3_strong_250,strong_null,True,1541,292201944,0.0,2,1
250,250,0.10471431633155842,0.13086504444331543,0.09133722747220929,0.12184970650443461,-0.026150728111757005,-0.030512479032225315,0.04813993482683134,-0.5432231723168349,-0.6338288396522472,0.5869761538999827,0.5261925298226955,0.606,0.604,0.542,True,999,0.00011441693641245365,0.0013821671018376946,strong_3x3_strong_250,strong_null,True,1542,292201944,0.0,0,1
250,250,0.0979275865187631,0.1061869610368833,0.08667375143646439,0.09449524280773858,-0.0082593745181202,-0.007821491371274192,0.04667656497018565,-0.17694906476935096,-0.16756784429767096,0.8595483985407523,0.8669232699823486,0.864,0.865,0.876,True,999,0.00012087507639080286,0.0013302919687703252,strong_3x3_strong_250,strong_null,True,1543,292201944,0.0,0,0
250,250,0.0661709962359438,0.11947121471045213,0.05855039360108805,0.10660341117431926,-0.05330021847450833,-0.048053017573231216,0.04447230817549414,-1.1985035331239833,-1.0805154835590516,0.23072104837219942,0.2799126956372603,0.257,0.258,0.302,True,999,0.00010958302300423384,0.0013408330269157887,strong_3x3_strong_250,strong_null,True,1544,292201944,0.0,1,0
250,250,0.12314563977884418,0.12731129255234197,0.1101454246133926,0.1206209850541029,-0.0041656527734977855,-0.010475560440710296,0.05034829711396848,-0.0827367162799649,-0.20806186189371614,0.9340608895740734,0.8351806652750002,0.929,0.928,0.83,True,999,0.00011191703379154205,0.0014173330273479223,strong_3x3_strong_250,strong_null,True,1545,292201944,0.0,0,2
250,250,0.09854854272463387,0.1439234220143164,0.08380568991397297,0.13115873267906863,-0.045374879289682535,-0.047353042765095665,0.04929426257024989,-0.9204900717404629,-0.9606197617341823,0.35731671889844574,0.3367433886602035,0.347,0.34,0.321,True,999,0.00012387498281896114,0.0014593329979106784,strong_3x3_strong_250,strong_null,True,1546,292201944,0.0,0,0
250,250,0.05376281915687764,0.17746785836775836,0.04312156213963192,0.17083069158807973,-0.12370503921088072,-0.1277091294484478,0.04876634073052988,-2.536688981739323,-2.61879664406512,0.011190632465600424,0.008824053284955339,0.02,0.019,0.015,True,999,0.00011254195123910904,0.001376583008095622,strong_3x3_strong_250,strong_null,True,1547,292201944,0.0,1,2
250,250,0.13475353028824127,0.14814019202983097,0.12325497577437261,0.1412592534114907,-0.0133866617415897,-0.018004277637118093,0.05144949256894425,-0.2601903551070221,-0.3499408203684747,0.7947169436328357,0.7263831112796293,0.8,0.799,0.725,True,999,0.00011508306488394737,0.0013948329724371433,strong_3x3_strong_250,strong_null,True,1548,292201944,0.0,0,2
250,250,0.07669792374982903,0.09833423142205028,0.06615970118843961,0.0852700228888068,-0.021636307672221244,-0.019110321700367194,0.04374796679755639,-0.49456715948293567,-0.43682765392961376,0.6209056885840198,0.6622363421081279,0.621,0.619,0.655,True,999,0.00011112506035715342,0.0013404169585555792,strong_3x3_strong_250,strong_null,True,1549,292201944,0.0,1,0
250,250,0.07264029228768071,0.09918746587214228,0.061556968667559886,0.08594866717035643,-0.02654717358446157,-0.024391698502796544,0.04344759784030633,-0.6110159112141699,-0.5614049962543238,0.5411890467443805,0.5745214788115698,0.557,0.553,0.578,True,999,0.00011216697748750448,0.0013749169884249568,strong_3x3_strong_250,strong_null,True,1550,292201944,0.0,0,0
250,250,0.1050862882874316,0.11911576537208302,0.09394110384816656,0.10613801578352877,-0.01402947708465141,-0.012196911935362209,0.047831900280892625,-0.2933079597980295,-0.2549953454438543,0.7692867700363343,0.7987266942287393,0.762,0.764,0.792,True,999,0.00011912500485777855,0.0013762080343440175,strong_3x3_strong_250,strong_null,True,1551,292201944,0.0,0,0
250,250,0.14644614504752512,0.14827070393974429,0.13343427896055005,0.1415089817049875,-0.0018245588922191636,-0.008074702744437445,0.05232371585752702,-0.03487059094173053,-0.15432204330487856,0.9721829313741095,0.8773558174641385,0.97,0.971,0.876,True,999,0.00011016696225851774,0.001438167062588036,strong_3x3_strong_250,strong_null,True,1552,292201944,0.0,0,2
250,250,0.09274640847730814,0.16481655416332353,0.0836451904764175,0.1540783616136565,-0.07207014568601539,-0.07043317113723901,0.0479074189579011,-1.5043629411416928,-1.4701933994635057,0.13248794085886467,0.14150938186775874,0.151,0.148,0.159,True,999,0.00011412508320063353,0.0013921249192208052,strong_3x3_strong_250,strong_null,True,1553,292201944,0.0,1,1
250,250,0.08369950888404892,0.1029784758520268,0.07633038163254469,0.09177385207446775,-0.019278966967977873,-0.015443470441923068,0.04451439231179506,-0.4330951399480183,-0.346932073872903,0.6649456533941924,0.7286423499442938,0.66,0.662,0.728,True,999,0.00011804199311882257,0.0013352090027183294,strong_3x3_strong_250,strong_null,True,1554,292201944,0.0,1,0
250,250,0.07701334403643356,0.14286352311123146,0.06667026115198382,0.13043706589998294,-0.0658501790747979,-0.06376680474799912,0.04745007997270135,-1.3877780419481351,-1.3438713861954499,0.1652046431602947,0.17898998029142288,0.168,0.167,0.175,True,999,0.00011504092253744602,0.0013613749761134386,strong_3x3_strong_250,strong_null,True,1555,292201944,0.0,1,1
250,250,0.11531672072540067,0.12644171238854607,0.10767343769222748,0.11357493524381823,-0.0111249916631454,-0.005901497551590751,0.04872808165100186,-0.22830760592679042,-0.12111081232087482,0.8194071120205781,0.9036032652255342,0.827,0.826,0.912,True,999,0.00011854199692606926,0.0014227499486878514,strong_3x3_strong_250,strong_null,True,1556,292201944,0.0,1,0
250,250,0.145940385214404,0.10709610569390526,0.13828828628432177,0.09607454386994618,0.03884427952049874,0.04221374241437559,0.04888551434924967,0.7945969278953684,0.8635225173819515,0.426848005956028,0.3878502445293831,0.423,0.421,0.386,True,999,0.00011370901484042406,0.0014054999919608235,strong_3x3_strong_250,strong_null,True,1557,292201944,0.0,1,0
250,250,0.12894719949245215,0.07808480220006159,0.11736927535817188,0.06845379256604645,0.05086239729239056,0.04891548279212543,0.045583095788614705,1.115817089919866,1.073105763131232,0.2645004369373557,0.28322366552053946,0.231,0.23,0.249,True,999,0.00011191703379154205,0.0013618340017274022,strong_3x3_strong_250,strong_null,True,1558,292201944,0.0,0,0
250,250,0.05924496260927031,0.08006951514424693,0.05024929213638529,0.0730495401794542,-0.020824552534976615,-0.022800248043068905,0.04006586440206669,-0.5197579746688913,-0.5690691660677815,0.6032322737392715,0.569309202352887,0.616,0.615,0.572,True,999,0.00011329201515763998,0.0013804159825667739,strong_3x3_strong_250,strong_null,True,1559,292201944,0.0,1,1
250,250,0.09804056396483118,0.060716929125757935,0.08516688524100857,0.047730082572329025,0.03732363483907325,0.03743680266867955,0.04187716193343546,0.8912646682790939,0.8939670440940113,0.37278719856952724,0.37133952422323,0.385,0.373,0.376,True,999,0.00011241703759878874,0.0013816249556839466,strong_3x3_strong_250,strong_null,True,1560,292201944,0.0,0,0
250,250,0.19070237668828988,0.1281330800297485,0.1775039552048554,0.12525938025770245,0.06256929665854138,0.052244574947152955,0.05447845615498437,1.1485144968231036,0.9589951447692222,0.2507562319197151,0.33756119112195815,0.263,0.272,0.361,True,999,0.00011249992530792952,0.0014700830215588212,strong_3x3_strong_250,strong_null,True,1561,292201944,0.0,0,3
250,250,0.09221807902082119,0.07252690162213699,0.08498881014733684,0.06484838026661066,0.0196911773986842,0.020140429880726174,0.04219487692537241,0.46667223211743986,0.4773193180856378,0.6407343993555874,0.633134756852447,0.641,0.64,0.624,True,999,0.00011366605758666992,0.001439874991774559,strong_3x3_strong_250,strong_null,True,1562,292201944,0.0,1,1
250,250,0.10652640078875492,0.1649357467290795,0.09782855688472125,0.15555171984374283,-0.0584093459403246,-0.05772316295902158,0.04997943601571467,-1.1686675680365697,-1.1549382618257658,0.2425375935705889,0.24811570951783046,0.246,0.24,0.245,True,999,0.00011841708328574896,0.0014977919636294246,strong_3x3_strong_250,strong_null,True,1563,292201944,0.0,1,0
250,250,0.12881599915746023,0.07091838486840196,0.11590219058518869,0.05626531210540975,0.05789761428905826,0.05963687847977894,0.04714357196047255,1.2281125905691326,1.2650055140026595,0.21940470525378974,0.20586935125881134,0.221,0.218,0.197,True,999,0.00011979206465184689,0.001447124988771975,strong_3x3_strong_250,strong_null,True,1564,292201944,0.0,0,0
250,250,0.10945864593022103,0.09028287389324746,0.10230120108103335,0.08062397244131603,0.01917577203697357,0.021677228639717327,0.044839961751006505,0.427649161331926,0.48343548462618274,0.6689065682158413,0.628786557825747,0.698,0.697,0.649,True,999,0.00011716596782207489,0.0013995419722050428,strong_3x3_strong_250,strong_null,True,1565,292201944,0.0,1,0
250,250,0.0741328733627798,0.05228854561035429,0.06685592330481427,0.04716577092432317,0.021844327752425508,0.0196901523804911,0.038362787566945576,0.5694145065528861,0.5132617734342295,0.5690748744676348,0.6077682199757233,0.597,0.587,0.624,True,999,0.00011958403047174215,0.0013615000061690807,strong_3x3_strong_250,strong_null,True,1566,292201944,0.0,1,2
250,250,0.10199918249190437,0.07061678448034037,0.09454920335025463,0.059907252743116146,0.031382398011564006,0.03464195060713848,0.0424528043330814,0.7392302700509524,0.8160108890649587,0.4597671829620379,0.41449390783731554,0.484,0.472,0.434,True,999,0.0001300419680774212,0.0014352500438690186,strong_3x3_strong_250,strong_null,True,1567,292201944,0.0,1,1
250,250,0.08874135619877649,0.06256324539065439,0.07567660355810801,0.053013757591543254,0.0261781108081221,0.02266284596656476,0.040631935973966256,0.6442742680263862,0.5577594427468414,0.5193975986386721,0.5770086608164549,0.545,0.538,0.6,True,999,0.00011387490667402744,0.0014774160226806998,strong_3x3_strong_250,strong_null,True,1568,292201944,0.0,0,0
250,250,0.08470424671612425,0.11395147783349391,0.07325030059179483,0.10104757861941494,-0.029247231117369654,-0.02779727802762011,0.045180928339092964,-0.6473357718075788,-0.6152436226851146,0.5174146546867798,0.5383938431389419,0.513,0.513,0.539,True,999,0.00011629099026322365,0.0013470830162987113,strong_3x3_strong_250,strong_null,True,1569,292201944,0.0,0,0
250,250,0.0916727181495618,0.11427946142199485,0.08285900218392328,0.1009143344176664,-0.02260674327243306,-0.018055332233743115,0.046019799835817755,-0.49123949589276494,-0.3923383478015573,0.6232570673993019,0.6948082328614575,0.63,0.628,0.701,True,999,0.00012129195965826511,0.00137945800088346,strong_3x3_strong_250,strong_null,True,1570,292201944,0.0,1,0
250,250,0.09151137045081659,0.10785762415833622,0.07814983609192439,0.09543578604123581,-0.01634625370751963,-0.01728594994931143,0.0467224680518707,-0.34985852394124867,-0.3699708228195648,0.7264448753278985,0.7114042303353194,0.74,0.739,0.724,True,999,0.00011483300477266312,0.0013534999452531338,strong_3x3_strong_250,strong_null,True,1571,292201944,0.0,0,1
250,250,0.05696395161177159,0.06932079998178542,0.0453421083002894,0.05628104936710088,-0.012356848370013829,-0.01093894106681148,0.038576431783381514,-0.3203211857281492,-0.28356539371596073,0.7487248646783364,0.7767434606947272,0.774,0.766,0.797,True,999,0.00011270807590335608,0.0013568330323323607,strong_3x3_strong_250,strong_null,True,1572,292201944,0.0,0,0
250,250,0.10499006971399394,0.08717583131120632,0.09341620777210835,0.07605763940327392,0.01781423840278762,0.017358568368834426,0.04510811018557826,0.39492318187346936,0.3848214500102073,0.6928995810409839,0.700369705880791,0.687,0.687,0.691,True,999,0.00011395802721381187,0.0014005829580128193,strong_3x3_strong_250,strong_null,True,1573,292201944,0.0,0,0
250,250,0.12382039800673661,0.09180696118138915,0.11244811552455758,0.08088642889516962,0.03201343682534746,0.031561686629387964,0.046154781331993106,0.6936104104810634,0.6838226878893336,0.4879265632841646,0.4940871382390115,0.477,0.481,0.488,True,999,0.00010979198850691319,0.0014254580019041896,strong_3x3_strong_250,strong_null,True,1574,292201944,0.0,0,0
250,250,0.11394038641942567,0.1875943824730968,0.10414366134955344,0.177967894652042,-0.07365399605367112,-0.07382423330248855,0.051339614504162016,-1.4346425614025622,-1.4379584657088484,0.1513889796905052,0.15044583924213017,0.174,0.162,0.166,True,999,0.00011916598305106163,0.0013777499552816153,strong_3x3_strong_250,strong_null,True,1575,292201944,0.0,0,0
250,250,0.131910192041285,0.15993824405757207,0.11546565775529416,0.14854398734568974,-0.028028052016287053,-0.03307832959039558,0.054256692689741315,-0.5165823906105229,-0.6096635815888927,0.6054477108865743,0.5420846838627214,0.586,0.586,0.522,True,999,0.00011845794506371021,0.0014171670190989971,strong_3x3_strong_250,strong_null,True,1576,292201944,0.0,0,0
250,250,0.084886110343871,0.08172454734588963,0.07981716231498126,0.06701704679848319,0.003161562997981371,0.012800115516498067,0.04510785219507779,0.07008897218844667,0.283766902958302,0.9441228440355492,0.7765890199255244,0.954,0.955,0.785,True,999,0.00011875003110617399,0.0013385830679908395,strong_3x3_strong_250,strong_null,True,1577,292201944,0.0,2,0
250,250,0.11866974914957051,0.11071763755917852,0.10992737574166256,0.09852917555221552,0.007952111590391997,0.011398200189447039,0.04870970940770001,0.1632551638490155,0.23400263167337262,0.870317534278629,0.8149829355999691,0.865,0.869,0.812,True,999,0.00011920800898224115,0.0014209580840542912,strong_3x3_strong_250,strong_null,True,1578,292201944,0.0,1,1
250,250,0.12034105676518109,0.08096639952738643,0.10544727458446346,0.06616782980447056,0.03937465723779465,0.0392794447799929,0.046124400822240244,0.8536621947576389,0.8515979412149491,0.3932921869203192,0.3944372826760735,0.395,0.389,0.403,True,999,0.00011083309073001146,0.0014168750494718552,strong_3x3_strong_250,strong_null,True,1579,292201944,0.0,0,0
250,250,0.07394470540997461,0.13998140903912926,0.06722336913853155,0.12697907529151564,-0.06603670362915465,-0.05975570615298409,0.04689002680909878,-1.4083315391993025,-1.2743798675199047,0.15903292074233466,0.20252882373590275,0.161,0.176,0.226,True,999,0.00011512497439980507,0.0013589169830083847,strong_3x3_strong_250,strong_null,True,1580,292201944,0.0,2,0
250,250,0.10253814754701746,0.105984189473455,0.09189278112401666,0.09431360267961963,-0.0034460419264375486,-0.00242082155560297,0.04559537010738885,-0.07557876859692621,-0.05309358274538207,0.9397542283476322,0.957657344470308,0.923,0.923,0.952,True,999,0.00011483405251055956,0.0013791669625788927,strong_3x3_strong_250,strong_null,True,1581,292201944,0.0,1,0
250,250,0.09309742934711784,0.09724270181086286,0.08647570465085153,0.08710852894515142,-0.00414527246374502,-0.0006328242942998941,0.046125892356429415,-0.08986866707560222,-0.013719502474008737,0.9283915804236167,0.9890537641872488,0.934,0.934,0.984,True,999,0.00011129106860607862,0.0013829580275341868,strong_3x3_strong_250,strong_null,True,1582,292201944,0.0,2,0
250,250,0.10779438132961894,0.13455665510749742,0.09488555171056134,0.12638212747486932,-0.026762273777878487,-0.03149657576430798,0.048444129005544394,-0.5524358539879118,-0.6501629074743653,0.5806497715636254,0.5155869979605453,0.602,0.605,0.55,True,999,0.00011104193981736898,0.001411624951288104,strong_3x3_strong_250,strong_null,True,1583,292201944,0.0,0,2
250,250,0.0788973856985073,0.09823262389715598,0.06759944631053827,0.08555447211598732,-0.019335238198648685,-0.017955025805449054,0.04324205376492217,-0.4471396826746785,-0.4152213931155629,0.6547742086938104,0.6779798393171188,0.67,0.668,0.695,True,999,0.00011149991769343615,0.0013453749706968665,strong_3x3_strong_250,strong_null,True,1584,292201944,0.0,0,0
250,250,0.1082618817019767,0.08130750469430975,0.09920926783502182,0.07257186971703788,0.026954377007666952,0.026637398117983935,0.04467596339048899,0.6033306270773164,0.5962355615067663,0.5462887622424242,0.5510178720180525,0.558,0.557,0.568,True,999,0.00011749996338039637,0.0013811249518767,strong_3x3_strong_250,strong_null,True,1585,292201944,0.0,1,1
250,250,0.033946454331882536,0.18087403912883226,0.023396979089568504,0.17377790448456665,-0.14692758479694973,-0.15038092539499814,0.04339507182791221,-3.385812688122899,-3.4653917843793356,0.0007096780654038105,0.0005294595567016606,0.004,0.004,0.003,True,999,0.00011150003410875797,0.0013616669457405806,strong_3x3_strong_250,strong_null,True,1586,292201944,0.0,1,1
250,250,0.12300992537952127,0.08011525582801166,0.11362698717387332,0.06899257027139072,0.04289466955150961,0.0446344169024826,0.04452309186070792,0.9634252195626286,1.0025003888346964,0.33533417518321096,0.3161019788530144,0.352,0.339,0.324,True,999,0.00011108396574854851,0.0013644590508192778,strong_3x3_strong_250,strong_null,True,1587,292201944,0.0,1,0
250,250,0.10559268141907219,0.0629585661846419,0.09719994379780417,0.05660089805212465,0.04263411523443028,0.04059904574567952,0.04422026881535534,0.9641306210157123,0.918109428850456,0.33498044239808966,0.35856157901620556,0.33,0.335,0.36,True,999,0.000114083057269454,0.0013585000997409225,strong_3x3_strong_250,strong_null,True,1588,292201944,0.0,2,2
250,250,0.10937626996556854,0.17461736801490457,0.09619278104895557,0.1615012984358657,-0.06524109804933603,-0.06530851738691013,0.05109722788856243,-1.276803081991451,-1.2781225143826,0.20167177719205143,0.2012062316115535,0.225,0.219,0.221,True,999,0.00011470809113234282,0.001414625090546906,strong_3x3_strong_250,strong_null,True,1589,292201944,0.0,0,0
250,250,0.13067545727912333,0.11342534450812525,0.11678949105272807,0.10378583441016076,0.017250112770998083,0.013003656642567307,0.05032832244176617,0.34275159461072485,0.2583765166743549,0.7317853442825459,0.7961163384227861,0.734,0.734,0.811,True,999,0.0001217089593410492,0.0014446669956669211,strong_3x3_strong_250,strong_null,True,1590,292201944,0.0,1,0
250,250,0.06945937260101953,0.06558512541125816,0.056068184842970936,0.05470454888711629,0.0038742471897613706,0.0013636359558546474,0.040648741334044454,0.09531038508482871,0.03354681869848118,0.9240682941028734,0.9732385309012407,0.912,0.912,0.961,True,999,0.00011629192158579826,0.0013326250482350588,strong_3x3_strong_250,strong_null,True,1591,292201944,0.0,0,1
250,250,0.09504215999696658,0.08783523758118805,0.08840296111110035,0.0782650472723958,0.007206922415778527,0.010137913838704549,0.042911102958836454,0.16795006231119128,0.23625386297876322,0.8666225654176669,0.8132356856147988,0.87,0.867,0.811,True,999,0.00011549994815140963,0.001362500013783574,strong_3x3_strong_250,strong_null,True,1592,292201944,0.0,2,0
250,250,0.13959354381096323,0.11463402378381704,0.13270381436687728,0.10566165084715351,0.024959520027146187,0.027042163519723772,0.050603311076479265,0.4932388710577385,0.5343951402479103,0.6218438152625546,0.5930681805548225,0.632,0.631,0.604,True,999,0.00011216697748750448,0.0013944170204922557,strong_3x3_strong_250,strong_null,True,1593,292201944,0.0,2,1
250,250,0.1496761245625859,0.15022810674023662,0.14086184251549128,0.13971017878606062,-0.0005519821776507339,0.001151663729430652,0.05409510591855148,-0.010203920822002421,0.021289610397743915,0.9918585903973094,0.9830146316638101,0.991,0.992,0.981,True,999,0.00011191703379154205,0.0014117080718278885,strong_3x3_strong_250,strong_null,True,1594,292201944,0.0,1,1
250,250,0.08742405544296411,0.08576861073965414,0.07669616132119472,0.07919924096374586,0.0016554447033099717,-0.0025030796425511426,0.04447272474868221,0.037223820052964596,-0.05628347839481799,0.9703065461154642,0.9551159803008555,0.976,0.977,0.956,True,999,0.00012095901183784008,0.0013630840694531798,strong_3x3_strong_250,strong_null,True,1595,292201944,0.0,1,2
250,250,0.13036327337460119,0.09533507243357725,0.12038298024526739,0.0859112034632119,0.035028200941023935,0.034471776782055485,0.04787223377250669,0.7317018275662925,0.7200787192398119,0.4643505807023719,0.4714765292976484,0.471,0.467,0.475,True,999,0.00012029206845909357,0.0014277090085670352,strong_3x3_strong_250,strong_null,True,1596,292201944,0.0,0,0
250,250,0.09800173163345727,0.11100353157374926,0.08507217324351757,0.10228913638336223,-0.013001799940291991,-0.017216963139844665,0.04735138975295292,-0.2745811687497762,-0.36359995408098833,0.7836380355938403,0.7161567610731754,0.78,0.779,0.721,True,999,0.00011679192539304495,0.0013861249899491668,strong_3x3_strong_250,strong_null,True,1597,292201944,0.0,0,1
250,250,0.11551914159028964,0.11454359794827884,0.1064255924459303,0.09983382621260262,0.000975543642010801,0.006591766233327689,0.04893602771710389,0.01993508029810588,0.13470170221895159,0.984095160668964,0.8928477272819267,0.986,0.986,0.908,True,999,0.00012058403808623552,0.0013620839454233646,strong_3x3_strong_250,strong_null,True,1598,292201944,0.0,1,0
250,250,0.08134821368657869,0.13135752740190582,0.07376021427268142,0.12434961714920689,-0.05000931371532713,-0.05058940287652547,0.04498048296635114,-1.11180028353048,-1.124696747128532,0.26622402994544203,0.26071756059684503,0.294,0.272,0.27,True,999,0.00011345790699124336,0.0013464170042425394,strong_3x3_strong_250,strong_null,True,1599,292201944,0.0,1,1
250,250,0.05390824655294757,0.0860644205020607,0.04084732502654731,0.0771781282666808,-0.03215617394911313,-0.03633080324013349,0.039788318342535454,-0.8081812775368487,-0.9131022559778373,0.41898623402222357,0.3611887639566148,0.451,0.436,0.367,True,999,0.00011183402966707945,0.0013447499368339777,strong_3x3_strong_250,strong_null,True,1600,292201944,0.0,0,1
250,250,0.10258562653943953,0.11285326143365032,0.09499039066987791,0.10417216459515544,-0.010267634894210786,-0.009181773925277525,0.04697489706547424,-0.2185770599965258,-0.19546128887690475,0.8269795241781732,0.845031840151498,0.837,0.837,0.857,True,999,0.00011725001968443394,0.001403957954607904,strong_3x3_strong_250,strong_null,True,1601,292201944,0.0,1,1
250,250,0.0746952444974216,0.1487106756911939,0.05979928690952363,0.13779785401624167,-0.0740154311937723,-0.07799856710671804,0.04923499460082162,-1.5033094203393524,-1.5842099250563628,0.1327592720155956,0.11314595544335694,0.148,0.145,0.137,True,999,0.0001130829332396388,0.0014066660078242421,strong_3x3_strong_250,strong_null,True,1602,292201944,0.0,0,1
250,250,0.120622429873122,0.1463956775685053,0.11311784663210744,0.13500037641865958,-0.025773247695383306,-0.02188252978655214,0.05100514268960468,-0.5053068442966268,-0.42902594978941216,0.6133433363684696,0.6679043401028658,0.627,0.623,0.684,True,999,0.00011533289216458797,0.001398625085130334,strong_3x3_strong_250,strong_null,True,1603,292201944,0.0,1,0
250,250,0.0855282640126544,0.13557845281516745,0.07417871958514866,0.1243034253771782,-0.05005018880251305,-0.050124705792029545,0.0471879978994888,-1.0606550612535155,-1.0622342125808342,0.28884668970494687,0.28812937178235987,0.302,0.296,0.3,True,999,0.00011570798233151436,0.001356957945972681,strong_3x3_strong_250,strong_null,True,1604,292201944,0.0,0,0
250,250,0.11297317427466802,0.07716061669421792,0.0967177076792467,0.07029225105625869,0.0358125575804501,0.02642545662298801,0.04679656081782375,0.7652818274374109,0.5646880061520066,0.44410374286230403,0.5722859935746963,0.456,0.453,0.582,True,999,0.00011424999684095383,0.0013664999278262258,strong_3x3_strong_250,strong_null,True,1605,292201944,0.0,0,2
250,250,0.14341118384673224,0.08470767905457371,0.13247757998031773,0.0759437545283248,0.05870350479215852,0.056533825451992925,0.04701227178266712,1.2486847064855484,1.2025333664653128,0.21178041670438963,0.22915694663030728,0.227,0.22,0.239,True,999,0.00011129199992865324,0.0013857079902663827,strong_3x3_strong_250,strong_null,True,1606,292201944,0.0,1,1
250,250,0.06092931272930824,0.04401027122407675,0.04949735303583225,0.0357385960302139,0.01691904150523149,0.01375875700561835,0.03578588566660124,0.4727853227626537,0.3844744023887417,0.6363663464481921,0.7006268646408776,0.643,0.64,0.71,True,999,0.00011137500405311584,0.0013383750338107347,strong_3x3_strong_250,strong_null,True,1607,292201944,0.0,0,2
250,250,0.12178120132968184,0.08992372991719316,0.11200460899760856,0.07879171674350971,0.03185747141248868,0.03321289225409885,0.046239181666451065,0.6889713499320628,0.718284603167978,0.4908412971471696,0.472581821695341,0.491,0.485,0.464,True,999,0.00010945799294859171,0.0013448330573737621,strong_3x3_strong_250,strong_null,True,1608,292201944,0.0,0,0
250,250,0.11448810390406228,0.0905813002506195,0.10584873085764457,0.07964519801102199,0.023906803653442776,0.02620353284662258,0.04472775446215977,0.5344959509127207,0.585845034290534,0.5929984501268913,0.5579796573171933,0.598,0.604,0.558,True,999,0.00011066603474318981,0.00133033306337893,strong_3x3_strong_250,strong_null,True,1609,292201944,0.0,1,0
250,250,0.1098840283805671,0.08700480348133638,0.09669456437262625,0.07426124440151227,0.02287922489923072,0.022433319971113974,0.04528069785375969,0.5052754481196902,0.4954278762126304,0.6133653846620002,0.6202981213748391,0.604,0.598,0.605,True,999,0.00011620798613876104,0.001394708058796823,strong_3x3_strong_250,strong_null,True,1610,292201944,0.0,0,0
250,250,0.10503391298868353,0.08077366059249363,0.09739143672194928,0.06931553309387084,0.024260252396189896,0.028075903628078436,0.04598228471836014,0.5275999777910794,0.610580874787809,0.5977770084270676,0.5414770872371966,0.576,0.575,0.528,True,999,0.0001382920891046524,0.001368582947179675,strong_3x3_strong_250,strong_null,True,1611,292201944,0.0,1,0
250,250,0.14323120168084463,0.12655135056393824,0.13408758111282282,0.11187664831165023,0.016679851116906397,0.02221093280117259,0.0514252177900792,0.32435158923379853,0.4319074134374878,0.7456718663570046,0.6658087064657905,0.76,0.762,0.682,True,999,0.00011533289216458797,0.001438374980352819,strong_3x3_strong_250,strong_null,True,1612,292201944,0.0,1,0
250,250,0.10900315149874251,0.1345990876679724,0.09910534217375755,0.11982776167955933,-0.025595936169229894,-0.02072241950580178,0.048906737359186644,-0.5233621695359719,-0.4237129815798126,0.6007222449902337,0.6717751466224515,0.616,0.619,0.694,True,999,0.00011575000826269388,0.0013520839856937528,strong_3x3_strong_250,strong_null,True,1613,292201944,0.0,0,0
250,250,0.08257198142173344,0.0891380995163703,0.07130647527104372,0.07749760621592827,-0.006566118094636864,-0.006191130944884549,0.043326141464226066,-0.15155095452149686,-0.1428959684765951,0.8795411190707773,0.8863723425882107,0.861,0.868,0.887,True,999,0.00011233298573642969,0.001335292006842792,strong_3x3_strong_250,strong_null,True,1614,292201944,0.0,0,0
250,250,0.1349601818789205,0.11735495426443454,0.12592134071283567,0.10437863186112395,0.017605227614485963,0.021542708851711723,0.05015546280950014,0.35101316244162517,0.4295186933781266,0.7255784737249509,0.667545792938824,0.729,0.727,0.67,True,999,0.00011079199612140656,0.0013471669517457485,strong_3x3_strong_250,strong_null,True,1615,292201944,0.0,1,0
250,250,0.13134606828981016,0.10065395907669672,0.11849924076773277,0.09318327319547848,0.03069210921311344,0.025315967572254294,0.04957160119975908,0.6191470210823572,0.5106949737257495,0.5358195093464801,0.6095646608054422,0.525,0.525,0.585,True,999,0.00011216697748750448,0.0013988330028951168,strong_3x3_strong_250,strong_null,True,1616,292201944,0.0,0,1
250,250,0.10050702378766668,0.07465845290295209,0.08987861510777861,0.06797522269677359,0.025848570884714595,0.02190339241100503,0.04391981718941217,0.5885400381617698,0.4987131962900182,0.5561698677947304,0.6179814466877058,0.536,0.532,0.584,True,999,0.00011604104656726122,0.0014025000855326653,strong_3x3_strong_250,strong_null,True,1617,292201944,0.0,1,2
250,250,0.14625943717830203,0.0814181231841899,0.13536745597309618,0.06846234817921015,0.06484131399411214,0.06690510779388603,0.049491984524617005,1.3101376842518908,1.3518372406466717,0.19014926210042815,0.1764273879104481,0.207,0.216,0.201,True,999,0.0001129999291151762,0.001476750010624528,strong_3x3_strong_250,strong_null,True,1618,292201944,0.0,1,0
250,250,0.1578000049001499,0.09735990377841824,0.14632422370675613,0.08768521984953281,0.06044010112173165,0.058639003857223315,0.05030878000376948,1.2013827629531675,1.1655819094167992,0.22960275935056507,0.24378352556375027,0.234,0.233,0.246,True,999,0.00011262495536357164,0.0013810000382363796,strong_3x3_strong_250,strong_null,True,1619,292201944,0.0,0,0
250,250,0.06864480047170252,0.1776517225629597,0.054254846497130416,0.16999264900186972,-0.10900692209125717,-0.1157378025047393,0.04970802486084977,-2.1929441452643887,-2.3283524708280017,0.028311403587505245,0.019893395237176724,0.032,0.034,0.022,True,999,0.0001106249401345849,0.0013978329952806234,strong_3x3_strong_250,strong_null,True,1620,292201944,0.0,0,1
250,250,0.04726947231520595,0.15241018969443276,0.03831207133887915,0.1412607308437117,-0.10514071737922681,-0.10294865950483256,0.04479883901868314,-2.3469518336262776,-2.298020702319949,0.018927701437027447,0.021560610879278522,0.014,0.019,0.022,True,999,0.00011179200373589993,0.0014139999402686954,strong_3x3_strong_250,strong_null,True,1621,292201944,0.0,1,0
250,250,0.15149606104005897,0.12940513026946182,0.142108668558393,0.11990574890617722,0.02209093077059715,0.02220291965221577,0.05216359493453784,0.4234932580532445,0.425640136192283,0.6719354164637472,0.670370089369057,0.676,0.678,0.681,True,999,0.00011133297812193632,0.0014271660475060344,strong_3x3_strong_250,strong_null,True,1622,292201944,0.0,1,0
250,250,0.12377191593644543,0.15053893985971045,0.11534258489753313,0.13982428277761016,-0.02676702392326502,-0.024481697880077036,0.04990714546543859,-0.5363365039942339,-0.49054494405076643,0.5917260062134504,0.6237483344405763,0.594,0.595,0.641,True,999,0.00011729204561561346,0.0014158330159261823,strong_3x3_strong_250,strong_null,True,1623,292201944,0.0,2,1
250,250,0.09022641555007826,0.06344416642300421,0.08130524279467011,0.053137616783089925,0.026782249127074054,0.028167626011580182,0.041017021368061624,0.6529545109272211,0.6867301688930837,0.5137856050051006,0.4922527819189033,0.485,0.482,0.461,True,999,0.00011437491048127413,0.0013293750816956162,strong_3x3_strong_250,strong_null,True,1624,292201944,0.0,1,1
250,250,0.1349711973461254,0.13816543261281028,0.12206546626705972,0.12881001319456686,-0.003194235266684886,-0.006744546927507145,0.051636033487378635,-0.06186058554372987,-0.13061706083903038,0.950673855533155,0.8960782457591666,0.948,0.947,0.898,True,999,0.00011133297812193632,0.0013731250073760748,strong_3x3_strong_250,strong_null,True,1625,292201944,0.0,0,1
250,250,0.11117459132992846,0.20962444938054692,0.09952532734068598,0.20211124486532128,-0.09844985805061846,-0.1025859175246353,0.05413643582504528,-1.8185507883966079,-1.8949514492635977,0.0689799915512393,0.058098834095009676,0.063,0.066,0.057,True,999,0.00011116696987301111,0.001351166982203722,strong_3x3_strong_250,strong_null,True,1626,292201944,0.0,0,1
250,250,0.0905720846428637,0.13226303732735123,0.07994059424879651,0.11751982770890379,-0.041690952684487526,-0.037579233460107275,0.048740282020336666,-0.8553695415035177,-0.7710097665095066,0.39234660004761923,0.4407011426863704,0.401,0.404,0.458,True,999,0.00011074997019022703,0.0014002909883856773,strong_3x3_strong_250,strong_null,True,1627,292201944,0.0,1,0
250,250,0.10812995421144644,0.14421663229924564,0.0954381525162944,0.13256097182147641,-0.036086678087799196,-0.03712281930518202,0.05047980469025834,-0.714873567939205,-0.7353994242443261,0.47468717111814596,0.46209627240093054,0.468,0.468,0.458,True,999,0.0001109590521082282,0.0013970000436529517,strong_3x3_strong_250,strong_null,True,1628,292201944,0.0,0,0
250,250,0.11083773854677353,0.10564582870556788,0.09907330287443017,0.10078234909160244,0.005191909841205655,-0.001709046217172272,0.04784346451027963,0.10851868472213426,-0.03572162331189596,0.9135842597731828,0.9715043286441482,0.918,0.918,0.978,True,999,0.0001105000264942646,0.00142475008033216,strong_3x3_strong_250,strong_null,True,1629,292201944,0.0,0,2
250,250,0.0843533811221111,0.08257856878858477,0.07513445676121933,0.06955470170981926,0.0017748123335263322,0.0055797550514000704,0.04321473754723814,0.04106960806105279,0.12911694870993548,0.9672404034066097,0.8972651111350356,0.963,0.963,0.901,True,999,0.00011562497820705175,0.0013663750141859055,strong_3x3_strong_250,strong_null,True,1630,292201944,0.0,1,0
250,250,0.09415179954159403,0.09917908777920148,0.0899395173022981,0.08809940281129514,-0.005027288237607452,0.0018401144910029643,0.0472365636160095,-0.10642789933820661,0.03895529966915945,0.91524285830898,0.9689260272364487,0.908,0.911,0.967,True,999,0.00011441600508987904,0.0013367499923333526,strong_3x3_strong_250,strong_null,True,1631,292201944,0.0,3,0
250,250,0.10280176886560871,0.09666676305211047,0.09322952173680221,0.08679931202392765,0.00613500581349824,0.006430209712874557,0.04574742827499793,0.13410602617089995,0.14055893315403747,0.8933187344954509,0.8882183926580334,0.883,0.883,0.877,True,999,0.00011074997019022703,0.0013337499694898725,strong_3x3_strong_250,strong_null,True,1632,292201944,0.0,0,0
250,250,0.09665411054858641,0.13406135427679605,0.09178086558665655,0.12145706997877426,-0.03740724372820964,-0.02967620439211771,0.04805720836088322,-0.778389860836314,-0.6175182746626838,0.4363392142598216,0.5368929312632332,0.433,0.429,0.523,True,999,0.00011020910460501909,0.0014228340005502105,strong_3x3_strong_250,strong_null,True,1633,292201944,0.0,2,0
250,250,0.13913800167345763,0.1441069004955602,0.1304024658147256,0.1349058145052311,-0.004968898822102552,-0.004503348690505504,0.05176899259867452,-0.09598214245006913,-0.08698930507333857,0.9235347553342657,0.9306800131960821,0.926,0.926,0.941,True,999,0.00011558295227587223,0.0014387499541044235,strong_3x3_strong_250,strong_null,True,1634,292201944,0.0,1,1
250,250,0.0926283638877669,0.10012393535207298,0.08770416741238307,0.09070964634575773,-0.007495571464306072,-0.003005478933374661,0.047192337943523066,-0.15883026336343664,-0.06368573934547249,0.8738026047451631,0.9492204600483506,0.861,0.864,0.961,True,999,0.00011470797471702099,0.0013499159831553698,strong_3x3_strong_250,strong_null,True,1635,292201944,0.0,2,1
250,250,0.09823633047124503,0.09779918512098773,0.08580919339750892,0.08846004359814685,0.0004371453502572953,-0.002650850200637933,0.04712172762197751,0.009276938098793543,-0.056255369537885534,0.9925981804883153,0.9551383724462041,0.991,0.991,0.963,True,999,0.00010995892807841301,0.0013635419309139252,strong_3x3_strong_250,strong_null,True,1636,292201944,0.0,1,1
250,250,0.0965009660782335,0.15374808085480318,0.08372580521687212,0.14378983410371404,-0.057247114776569685,-0.060064028886841925,0.0500996149596199,-1.142665763453684,-1.1988920261214244,0.2531773896802444,0.23056993269590542,0.262,0.27,0.255,True,999,0.00010900001507252455,0.001386250020004809,strong_3x3_strong_250,strong_null,True,1637,292201944,0.0,0,2
250,250,0.09900762534681562,0.15393262152581688,0.09007879405341157,0.14664281869630713,-0.05492499617900126,-0.05656402464289556,0.050583825925086194,-1.0858213109531152,-1.1182235350617002,0.2775580560199209,0.26347153502242293,0.278,0.28,0.269,True,999,0.00010912492871284485,0.0013980420771986246,strong_3x3_strong_250,strong_null,True,1638,292201944,0.0,1,1
250,250,0.0977618042323607,0.08371113306431188,0.08591781748251037,0.07608573380153416,0.014050671168048812,0.009832083680976211,0.04307706068299697,0.3261752530296195,0.2282440706279909,0.7442917636399107,0.819456502088812,0.75,0.747,0.824,True,999,0.00010991597082465887,0.0013810829259455204,strong_3x3_strong_250,strong_null,True,1639,292201944,0.0,0,1
250,250,0.17368739262650906,0.13132667284309296,0.16455025873794682,0.12116181996256614,0.0423607197834161,0.04338843877538068,0.05215739632849562,0.8121709050931437,0.8318750902003113,0.4166935718746003,0.4054794535159145,0.444,0.439,0.438,True,999,0.00010879209730774164,0.0014169580535963178,strong_3x3_strong_250,strong_null,True,1640,292201944,0.0,1,0
250,250,0.12803857677401442,0.1395372435913172,0.11712791243049026,0.13194881338860398,-0.011498666817302772,-0.014820900958113725,0.05188035435034826,-0.22163817038820174,-0.28567462855068637,0.8245955657339346,0.7751273387052597,0.826,0.826,0.788,True,999,0.00011795805767178535,0.001375082996673882,strong_3x3_strong_250,strong_null,True,1641,292201944,0.0,1,1
250,250,0.13549019574422894,0.12053502424753576,0.12408118317189576,0.10739481959475938,0.014955171496693176,0.016686363577136376,0.049751060147766146,0.30060005660732986,0.33539714586133507,0.7637194882874989,0.737325520678473,0.795,0.793,0.77,True,999,0.00012095901183784008,0.0013557090424001217,strong_3x3_strong_250,strong_null,True,1642,292201944,0.0,0,0
250,250,0.12041309263470074,0.16098716573058441,0.10551493452375382,0.14801244067022878,-0.04057407309588368,-0.04249750614647496,0.051026130765456465,-0.7951626448492427,-0.8328577046497284,0.4265188980836212,0.4049249858182905,0.43,0.441,0.433,True,999,0.00011108291801065207,0.0013764160685241222,strong_3x3_strong_250,strong_null,True,1643,292201944,0.0,0,0
250,250,0.15656149835450245,0.08628118915801836,0.14367426102910485,0.07497129885160803,0.07028030919648409,0.06870296217749683,0.04878329310350408,1.4406634879562055,1.408329733536622,0.14967977476052935,0.1590334551687208,0.15,0.153,0.155,True,999,0.00012520793825387955,0.001401958055794239,strong_3x3_strong_250,strong_null,True,1644,292201944,0.0,0,0
250,250,0.09009869545099625,0.13988181175286374,0.07869818284459029,0.13034958059003543,-0.04978311630186749,-0.05165139774544514,0.04740085748134751,-1.0502577157271347,-1.089672223034578,0.2935996402971558,0.2758575561133638,0.297,0.292,0.272,True,999,0.00012233294546604156,0.0014160419814288616,strong_3x3_strong_250,strong_null,True,1645,292201944,0.0,0,0
250,250,0.07938542369989054,0.1468606403328082,0.06820433149049165,0.138427175960544,-0.06747521663291767,-0.07022284447005234,0.045732052393688,-1.4754469371296068,-1.535527945816501,0.14009242423829846,0.1246541979929501,0.131,0.135,0.132,True,999,0.0001188330352306366,0.0014195829862728715,strong_3x3_strong_250,strong_null,True,1646,292201944,0.0,0,2
250,250,0.10666082467657578,0.14865525918557487,0.09901085121543929,0.13710024965516254,-0.04199443450899909,-0.038089398439723254,0.05027918712468355,-0.835225008806532,-0.7575579602205628,0.40359103123013307,0.44871565544917935,0.401,0.403,0.448,True,999,0.00011454196646809578,0.0013897500466555357,strong_3x3_strong_250,strong_null,True,1647,292201944,0.0,1,0
250,250,0.1277715809845693,0.14069721162804388,0.11610612637682038,0.13554252283428525,-0.012925630643474573,-0.019436396457464866,0.052243244962946474,-0.24741247701290525,-0.3720365469497565,0.8045890190333198,0.7098656387234314,0.798,0.801,0.719,True,999,0.00011129199992865324,0.001381209003739059,strong_3x3_strong_250,strong_null,True,1648,292201944,0.0,0,2
250,250,0.139314784549045,0.12161746193297635,0.12615973028830751,0.10875610996990304,0.017697322616068656,0.017403620318404478,0.0504286387869172,0.35093794006313545,0.34511382295965387,0.7256349073687178,0.730008801928536,0.722,0.721,0.716,True,999,0.00011329201515763998,0.0014002090319991112,strong_3x3_strong_250,strong_null,True,1649,292201944,0.0,0,0
250,250,0.10577198039959573,0.12108290603094518,0.09129614658149876,0.11170644269164143,-0.015310925631349448,-0.020410296110142667,0.04905959830321319,-0.3120882795802804,-0.4160306406097476,0.7549734335550826,0.6773875821596562,0.744,0.745,0.659,True,999,0.00011133297812193632,0.0014100829139351845,strong_3x3_strong_250,strong_null,True,1650,292201944,0.0,0,1
250,250,0.16492645980809817,0.09968768726518046,0.15235324578705445,0.09458145367378279,0.06523877254291771,0.05777179211327166,0.049416085053778744,1.320193060051588,1.1690888108679498,0.18677056845204776,0.24236785150846296,0.223,0.224,0.274,True,999,0.00011070899199694395,0.0014162090374156833,strong_3x3_strong_250,strong_null,True,1651,292201944,0.0,0,2
250,250,0.09382309961468077,0.07652311153007518,0.0807074120086213,0.06337694258063209,0.01729998808460559,0.017330469427989215,0.043754295240517015,0.3953894809528457,0.39608612897828116,0.6925554709610204,0.692041490771283,0.712,0.711,0.713,True,999,0.00011562497820705175,0.0014321659691631794,strong_3x3_strong_250,strong_null,True,1652,292201944,0.0,0,0
250,250,0.11578918158564122,0.11113613160764024,0.1041087302391901,0.10224154671749375,0.004653049978000978,0.0018671835216963473,0.047941900557800954,0.09705601830263379,0.03894679810294932,0.9226819082116919,0.9689328053610878,0.934,0.933,0.969,True,999,0.00011108396574854851,0.0013988749124109745,strong_3x3_strong_250,strong_null,True,1653,292201944,0.0,0,1
250,250,0.12466387954120428,0.10102233276562261,0.11141269478177662,0.0922120813687144,0.023641546775581668,0.01920061341306223,0.04630135679796656,0.5106015981073787,0.41468792149748557,0.6096300566081099,0.6783703755784048,0.631,0.632,0.711,True,999,0.00011541694402694702,0.0014309160178527236,strong_3x3_strong_250,strong_null,True,1654,292201944,0.0,0,1
250,250,0.19082926062609573,0.18670056880699964,0.1794710618202089,0.1734738178790849,0.004128691819096086,0.0059972439411239975,0.056757969468956414,0.07274206349743116,0.10566346888790958,0.942011375361745,0.9158493656467426,0.938,0.938,0.913,True,999,0.00011870905291289091,0.0014309999532997608,strong_3x3_strong_250,strong_null,True,1655,292201944,0.0,0,0
250,250,0.06534972314658438,0.04642493303267714,0.05632501514450894,0.03200311994932292,0.01892479011390724,0.024321895195186016,0.03702225782775774,0.511173310983703,0.6569533200363181,0.6092297052557046,0.511210931980655,0.608,0.605,0.5,True,999,0.00011754094157367945,0.0014350420096889138,strong_3x3_strong_250,strong_null,True,1656,292201944,0.0,1,0
250,250,0.07487601944872602,0.08014063148133038,0.06540234230227782,0.07308984535794139,-0.0052646120326043655,-0.007687503055663569,0.039572115979589054,-0.13303842623224407,-0.19426565563561765,0.8941629908541217,0.8459678761509428,0.913,0.913,0.866,True,999,0.00011729204561561346,0.0013381249736994505,strong_3x3_strong_250,strong_null,True,1657,292201944,0.0,0,1
250,250,0.1375393427160494,0.1441780650039129,0.12818850253600544,0.13271765848899975,-0.006638722287863497,-0.0045291559529943015,0.05164507683486326,-0.12854511397264481,-0.0876977290105777,0.8977175985477068,0.9301169246577164,0.884,0.884,0.928,True,999,0.00011083402205258608,0.0013790420489385724,strong_3x3_strong_250,strong_null,True,1658,292201944,0.0,1,0
250,250,0.1014423314281947,0.1891663961235005,0.09081558580568583,0.18223282005723718,-0.0877240646953058,-0.09141723425155135,0.053493441151234576,-1.6399031882674315,-1.7089428588656337,0.1010252978537551,0.08746153451440308,0.114,0.116,0.103,True,999,0.00010937510523945093,0.001372625003568828,strong_3x3_strong_250,strong_null,True,1659,292201944,0.0,1,2
250,250,0.1244015081225604,0.0725315061213535,0.11131323751422428,0.06222911385671637,0.051870002001206894,0.049084123657507917,0.0456428807003822,1.1364313821842658,1.075394955452426,0.25577606804652164,0.28219793934986115,0.281,0.273,0.3,True,999,0.00011045800056308508,0.0014050420140847564,strong_3x3_strong_250,strong_null,True,1660,292201944,0.0,0,1
250,250,0.08023522309208025,0.0718629776091882,0.07150229196595603,0.06464231436108037,0.00837224548289206,0.006859977604875667,0.04109778734818236,0.20371523683165732,0.166918416963853,0.8385760346075791,0.8674342418052374,0.792,0.799,0.832,True,999,0.00010929105337709188,0.0013738330453634262,strong_3x3_strong_250,strong_null,True,1661,292201944,0.0,1,1
250,250,0.06606076362339874,0.07819256425611909,0.05696344443605028,0.07361395895671308,-0.012131800632720346,-0.016650514520662796,0.04060996205293462,-0.298739521522002,-0.4100105904792287,0.7651387994420337,0.6817981787743568,0.778,0.781,0.694,True,999,0.00011641706805676222,0.001373667037114501,strong_3x3_strong_250,strong_null,True,1662,292201944,0.0,1,2
250,250,0.12469091159382528,0.13238071508219784,0.11561349052909975,0.12088186661780753,-0.00768980348837256,-0.005268376088707782,0.04979363897981773,-0.15443345065600403,-0.10580419902315538,0.8772679802100984,0.9157377051546699,0.884,0.884,0.934,True,999,0.00011670798994600773,0.0014120000414550304,strong_3x3_strong_250,strong_null,True,1663,292201944,0.0,1,0
250,250,0.09553079350334481,0.13900741196969052,0.08406671570105573,0.12989788929861845,-0.04347661846634571,-0.045831173597562724,0.047632232647110875,-0.9127562587386459,-0.962188229493849,0.36137074809432934,0.33595506062564806,0.358,0.348,0.321,True,999,0.00011450005695223808,0.0014012919273227453,strong_3x3_strong_250,strong_null,True,1664,292201944,0.0,0,1
250,250,0.09360782360188802,0.18337733537237544,0.08047441048606174,0.17663532248379,-0.08976951177048742,-0.09616091199772825,0.04876006764442577,-1.8410456774817423,-1.9721242533739867,0.06561486523927128,0.04859542390304354,0.085,0.081,0.067,True,999,0.00011312507558614016,0.0014374579768627882,strong_3x3_strong_250,strong_null,True,1665,292201944,0.0,0,2
250,250,0.15507939649788466,0.07051350922995114,0.1484537274837976,0.06080149811114666,0.08456588726793351,0.08765222937265094,0.04518867071730414,1.8713957707888633,1.9396947947638163,0.06129024467751192,0.052416792558944186,0.068,0.062,0.054,True,999,0.0001192090567201376,0.0014246670762076974,strong_3x3_strong_250,strong_null,True,1666,292201944,0.0,2,0
250,250,0.1407042573068265,0.0854589860658938,0.1310405521239204,0.07227115386287153,0.0552452712409327,0.05876939826104888,0.047207543595186544,1.1702636280902723,1.2449154051523499,0.24189489411919163,0.2131628475716254,0.246,0.246,0.217,True,999,0.0001088329590857029,0.001426834031008184,strong_3x3_strong_250,strong_null,True,1667,292201944,0.0,0,0
250,250,0.13729775516394016,0.08675721775857176,0.12994084598098254,0.07543265955051481,0.0505405374053684,0.05450818643046773,0.047196648549690454,1.0708501336097493,1.1549164634662439,0.2842368207177035,0.2481246368246065,0.317,0.313,0.274,True,999,0.00011487491428852081,0.001358166104182601,strong_3x3_strong_250,strong_null,True,1668,292201944,0.0,1,0
250,250,0.15494998798870357,0.06499037792733692,0.14430244243467882,0.05372882973357207,0.08995961006136666,0.09057361270110675,0.04677755363713832,1.9231362708533053,1.9362622809158028,0.054462938240917934,0.05283558597825546,0.057,0.059,0.06,True,999,0.00011145800817757845,0.0013738750712946057,strong_3x3_strong_250,strong_null,True,1669,292201944,0.0,1,0
250,250,0.06083741673623855,0.15183832711095513,0.056669550812777914,0.14337159847630687,-0.09100091037471658,-0.08670204766352896,0.04881749887467184,-1.8641043165349651,-1.7760444443521644,0.062307056491222736,0.07572559195597227,0.064,0.059,0.074,True,999,0.00011045904830098152,0.0012837500544264913,strong_3x3_strong_250,strong_null,True,1670,292201944,0.0,3,2
250,250,0.0831099023881468,0.06139587779644157,0.07459805992624524,0.05269915461742869,0.02171402459170524,0.021898905308816552,0.04030142532303986,0.5387904873749361,0.5433779359733265,0.5900314281377834,0.5868696139473397,0.562,0.568,0.567,True,999,0.0001157920341938734,0.0013794589322060347,strong_3x3_strong_250,strong_null,True,1671,292201944,0.0,1,1
250,250,0.13270463558562595,0.13773373432811475,0.11976855548900289,0.12887177825318474,-0.005029098742488802,-0.00910322276418185,0.05036394972072952,-0.09985512991684314,-0.1807487858807669,0.9204593393757663,0.8565647638019515,0.913,0.912,0.854,True,999,0.00011075008660554886,0.001400166074745357,strong_3x3_strong_250,strong_null,True,1672,292201944,0.0,0,1
250,250,0.1578449858995865,0.11522061783471055,0.14714035459728336,0.10457216257364621,0.04262436806487596,0.04256819202363715,0.05206545416669868,0.8186688995049374,0.8175899491310685,0.41297534530301727,0.4135913685647302,0.417,0.432,0.442,True,999,0.00011424999684095383,0.0014619590947404504,strong_3x3_strong_250,strong_null,True,1673,292201944,0.0,1,1
250,250,0.11835742216266609,0.08336841120769611,0.10919386380209062,0.07369684222328488,0.03498901095496998,0.03549702157880574,0.04596982809401968,0.7611299064118489,0.7721808640703539,0.4465794792314981,0.4400073136164667,0.451,0.455,0.447,True,999,0.0001105000264942646,0.0014009160222485662,strong_3x3_strong_250,strong_null,True,1674,292201944,0.0,1,0
250,250,0.04675451069541475,0.09932579146886455,0.03664038789591473,0.08307171750917064,-0.0525712807734498,-0.04643132961325591,0.039677979692842924,-1.3249485276321304,-1.1702039764295546,0.18518822392256662,0.24191889299674452,0.172,0.177,0.226,True,999,0.000116499955765903,0.0013489999109879136,strong_3x3_strong_250,strong_null,True,1675,292201944,0.0,0,0
250,250,0.045898355514769174,0.09270854568647169,0.036514361781009086,0.0797960992354092,-0.046810190171702515,-0.043281737454400115,0.04101354529086914,-1.1413348892353348,-1.055303489309322,0.25373058857917874,0.29128654578839563,0.237,0.223,0.257,True,999,0.00011512497439980507,0.0013511250726878643,strong_3x3_strong_250,strong_null,True,1676,292201944,0.0,1,0
250,250,0.08547364412325259,0.10049884585741287,0.07591190837960937,0.0899800004269764,-0.015025201734160276,-0.014068092047367031,0.045189627172596655,-0.3324922703339247,-0.31131241675518917,0.7395175754211315,0.7555631287613999,0.717,0.733,0.745,True,999,0.00012495892588049173,0.0013793751131743193,strong_3x3_strong_250,strong_null,True,1677,292201944,0.0,0,1
250,250,0.1258429701337227,0.12564686686247706,0.11624486668178236,0.11838537410483241,0.0001961032712456401,-0.002140507423050053,0.04893303390572589,0.004007584561861657,-0.0437436073793001,0.9968024187112314,0.9651087788034189,1.0,1.0,0.975,True,999,0.00011066696606576443,0.001401167013682425,strong_3x3_strong_250,strong_null,True,1678,292201944,0.0,0,1
250,250,0.0912973188514673,0.084506279931789,0.0838160001240027,0.0713344897779109,0.006791038919678305,0.012481510346091795,0.044614098203647215,0.15221733024120918,0.2797660571131174,0.87901552568229,0.7796569946921804,0.903,0.902,0.806,True,999,0.0001129169249907136,0.0013533750316128135,strong_3x3_strong_250,strong_null,True,1679,292201944,0.0,1,0
250,250,0.0988680986100205,0.15263809459239042,0.08567947713927992,0.14526311922429613,-0.05376999598236992,-0.05958364208501621,0.04968227237173163,-1.0822773076894152,-1.1992938173037007,0.27912932606799234,0.2304137183245274,0.302,0.3,0.245,True,999,0.00010979198850691319,0.0013959159841760993,strong_3x3_strong_250,strong_null,True,1680,292201944,0.0,0,1
250,250,0.0688447289261156,0.03269341742449816,0.0561387856972857,0.019334160884184826,0.036151311501617434,0.03680462481310087,0.03491959838845048,1.0352728315905928,1.0539819044790004,0.30054151400944296,0.2918912019514259,0.285,0.285,0.275,True,999,0.00012016703840345144,0.001303834025748074,strong_3x3_strong_250,strong_null,True,1681,292201944,0.0,0,0
250,250,0.13279156586824126,0.06429191271884749,0.12380778933969339,0.0495679759974621,0.06849965314939377,0.07423981334223129,0.04586012345480643,1.4936648222697833,1.6188315196183904,0.13526324739618562,0.10548351835187486,0.148,0.143,0.108,True,999,0.00011254195123910904,0.0013894169824197888,strong_3x3_strong_250,strong_null,True,1682,292201944,0.0,1,0
250,250,0.15069014378632073,0.07822535477400874,0.1415145126952524,0.07804553188407226,0.07246478901231199,0.06346898081118013,0.04867912452292443,1.4886214516488723,1.3038233828813155,0.13658707951254132,0.19229380812371322,0.142,0.136,0.19,True,999,0.00011374999303370714,0.0013749579666182399,strong_3x3_strong_250,strong_null,True,1683,292201944,0.0,1,4
250,250,0.11570896655787372,0.07068196786636705,0.1057091243807804,0.06419360397340768,0.04502699869150667,0.04151552040737272,0.04375420843029452,1.0290895506255096,0.9488349097552916,0.303437595974538,0.34270458368566104,0.281,0.279,0.308,True,999,0.00011029199231415987,0.0013728749472647905,strong_3x3_strong_250,strong_null,True,1684,292201944,0.0,0,2
250,250,0.059427233023576664,0.06802697180630979,0.04468454297169444,0.05823916209405411,-0.008599738782733124,-0.013554619122359668,0.03793174922635427,-0.22671611402403205,-0.3573423161023687,0.8206444961818052,0.7208355546892691,0.813,0.81,0.717,True,999,0.00012199999764561653,0.0013517920160666108,strong_3x3_strong_250,strong_null,True,1685,292201944,0.0,0,0
250,250,0.03998287705568804,0.0871059385598621,0.03119605080289034,0.07821308037152619,-0.04712306150417406,-0.04701702956863585,0.03755679579714213,-1.2547146396274804,-1.251891397301087,0.2095823693648029,0.21060943988467495,0.192,0.198,0.201,True,999,0.00010945892427116632,0.001330458908341825,strong_3x3_strong_250,strong_null,True,1686,292201944,0.0,1,1
250,250,0.13599997622290794,0.12102817043779202,0.11790958817432795,0.11444406017756137,0.014971805785115921,0.003465527996766582,0.049865126635006,0.3002460195218979,0.06949802859487243,0.7639895048529012,0.9445932018145513,0.788,0.788,0.966,True,999,0.00011091702617704868,0.0014336250023916364,strong_3x3_strong_250,strong_null,True,1687,292201944,0.0,0,2
250,250,0.12550756509767502,0.11552795058643595,0.11267955646813732,0.10808198272320624,0.009979614511239077,0.004597573744931083,0.04783442785240666,0.2086282821659584,0.09611432500283931,0.8347384303996317,0.9234297742737632,0.849,0.848,0.929,True,999,0.00012466590851545334,0.0013752919621765614,strong_3x3_strong_250,strong_null,True,1688,292201944,0.0,0,1
250,250,0.12403011115000562,0.05921603607442033,0.11417090559507415,0.054159924290701156,0.06481407507558529,0.06001098130437299,0.04412109214370514,1.4690043225693918,1.360142697939423,0.14183161679762432,0.17378477157269945,0.138,0.136,0.162,True,999,0.00011087500024586916,0.0014023749390617013,strong_3x3_strong_250,strong_null,True,1689,292201944,0.0,0,2
250,250,0.10936129865478728,0.061298835299464616,0.09462492292071545,0.05414497806729912,0.04806246335532266,0.04047994485341633,0.04306538249515588,1.1160347492728961,0.9399648280836617,0.26440726052915997,0.34723560214930516,0.268,0.277,0.358,True,999,0.00011045904830098152,0.001349083031527698,strong_3x3_strong_250,strong_null,True,1690,292201944,0.0,0,1
250,250,0.059373274584310076,0.1140595803288002,0.04591876229456204,0.10484794225678229,-0.05468630574449013,-0.058929179962220246,0.04390476614053481,-1.2455664965722555,-1.3422046201907505,0.21292358867705252,0.1795296588525629,0.191,0.196,0.163,True,999,0.00010916602332144976,0.0013836669968441129,strong_3x3_strong_250,strong_null,True,1691,292201944,0.0,0,1
250,250,0.1589955146032026,0.11052252414561725,0.15140514179627473,0.10131605611680072,0.04847299045758535,0.05008908567947401,0.0524054965093352,0.9249600459171428,0.9557983229975016,0.3549866906573558,0.3391741357641017,0.355,0.354,0.345,True,999,0.00010879198089241982,0.0013625420397147536,strong_3x3_strong_250,strong_null,True,1692,292201944,0.0,1,1
250,250,0.07706338977723459,0.1060173688110943,0.06812321846113889,0.09153995546617466,-0.02895397903385971,-0.02341673700503577,0.046046194119564704,-0.6288028704104639,-0.5085488052330944,0.5294781206083925,0.6110685212414884,0.547,0.546,0.619,True,999,0.00010970805305987597,0.0014078330714255571,strong_3x3_strong_250,strong_null,True,1693,292201944,0.0,1,0
250,250,0.0949853612403741,0.10233278811954821,0.08051322595503052,0.09098342694470318,-0.007347426879174113,-0.010470200989672662,0.045734109661779626,-0.1606552949977819,-0.22893636865577152,0.8723649013799474,0.818918373027096,0.86,0.861,0.806,True,999,0.00010945799294859171,0.001390916993841529,strong_3x3_strong_250,strong_null,True,1694,292201944,0.0,0,0
250,250,0.12305285587994358,0.13317689691467072,0.1098479488526749,0.12180703317699226,-0.010124041034727138,-0.01195908432431736,0.05085650691258545,-0.19907071187820302,-0.2351534749500825,0.8422074312216615,0.8140896151166487,0.861,0.86,0.825,True,999,0.00011349993292242289,0.0014139580307528377,strong_3x3_strong_250,strong_null,True,1695,292201944,0.0,0,0
250,250,0.1017653812259467,0.10228237245828986,0.09061593380836541,0.08908019852948712,-0.0005169912323431669,0.0015357352788782919,0.04536014296499335,-0.011397478018139283,0.03385649115046869,0.9909063251395205,0.9729915883125952,0.99,0.99,0.974,True,999,0.00011399993672966957,0.0013888749526813626,strong_3x3_strong_250,strong_null,True,1696,292201944,0.0,0,0
250,250,0.09568095031813151,0.10756588805659673,0.08696196562058844,0.10092550682311696,-0.011884937738465218,-0.013963541202528518,0.045750709928575155,-0.2597760287658854,-0.3052092792511426,0.7950365425857233,0.7602067655574831,0.793,0.793,0.76,True,999,0.00011345802340656519,0.001355124986730516,strong_3x3_strong_250,strong_null,True,1697,292201944,0.0,1,2
250,250,0.13829496180749573,0.09227796065773852,0.12758742306516524,0.08334393868788936,0.04601700114975721,0.04424348437727588,0.049994747566338385,0.9204367136507074,0.8849626516979385,0.35734459048649514,0.376176775233349,0.365,0.367,0.381,True,999,0.00011187500786036253,0.0013747499324381351,strong_3x3_strong_250,strong_null,True,1698,292201944,0.0,1,1
250,250,0.03787796536163923,0.13226303732735123,0.027252669052202805,0.11751982770890379,-0.094385071965712,-0.09026715865670099,0.042798486890384145,-2.205336656117116,-2.109120326797861,0.027430479417683163,0.03493419673507531,0.037,0.035,0.046,True,999,0.00012945791240781546,0.0013837500009685755,strong_3x3_strong_250,strong_null,True,1699,292201944,0.0,1,0
250,250,0.029525662100408467,0.12265121682859875,0.0205946822795795,0.1176420786031116,-0.09312555472819029,-0.0970473963235321,0.03796314127215596,-2.453051871039269,-2.556358432717775,0.014164991107108426,0.010577410134329595,0.018,0.019,0.016,True,999,0.0001090840669348836,0.0014311670092865825,strong_3x3_strong_250,strong_null,True,1700,292201944,0.0,1,2
250,250,0.0631763664194418,0.054072527383481894,0.05186946677974902,0.03911249931388738,0.009103839035959904,0.012756967465861635,0.03693255385342022,0.24649903908870419,0.34541254624557316,0.8052959481921481,0.7297842464065689,0.814,0.812,0.728,True,999,0.0001200829865410924,0.0013298330595716834,strong_3x3_strong_250,strong_null,True,1701,292201944,0.0,0,0
250,250,0.09234982517553625,0.09733760629617871,0.0815687609505531,0.08563966719196969,-0.004987781120642465,-0.004070906241416594,0.04624110877356044,-0.10786465231764422,-0.08803651879005638,0.9141030568456594,0.9298476510148223,0.918,0.919,0.926,True,999,0.00011045904830098152,0.0013759590219706297,strong_3x3_strong_250,strong_null,True,1702,292201944,0.0,1,0
250,250,0.12958777237050545,0.08635311531630019,0.12068705784690792,0.07486275738128256,0.04323465705420526,0.045824300465625356,0.046601765309410605,0.9277471951362881,0.9833168370635039,0.35353872094841254,0.32545152598430893,0.368,0.37,0.345,True,999,0.000110041000880301,0.0013706670142710209,strong_3x3_strong_250,strong_null,True,1703,292201944,0.0,1,0
250,250,0.142024596412834,0.09601524390431793,0.13380630359357326,0.08299559706451021,0.046009352508516066,0.050810706529063054,0.05139354045051462,0.895236095921766,0.9886593934501796,0.37066089293540483,0.3228298164603288,0.374,0.382,0.336,True,999,0.00011145800817757845,0.0014151670038700104,strong_3x3_strong_250,strong_null,True,1704,292201944,0.0,2,0
250,250,0.1515411821954467,0.09557282902089753,0.14249827131345683,0.08387727222988417,0.05596835317454918,0.058620999083572656,0.048064091517926004,1.1644525342515877,1.2196422991103315,0.24424066840747927,0.22260050399712128,0.286,0.28,0.261,True,999,0.00011683395132422447,0.0014182920567691326,strong_3x3_strong_250,strong_null,True,1705,292201944,0.0,1,0
250,250,0.17848785610062612,0.11513558282240038,0.16908805087018663,0.10861369799617648,0.06335227327822573,0.06047435287401015,0.053793586509776524,1.1776919404083979,1.124192618445685,0.23891944114792574,0.26093132025399013,0.247,0.246,0.287,True,999,0.00011629192158579826,0.001414166996255517,strong_3x3_strong_250,strong_null,True,1706,292201944,0.0,1,2
250,250,0.10626068200287903,0.11508963346614198,0.09736315944437024,0.11028120495777216,-0.008828951463262957,-0.012918045513401921,0.04890646526870597,-0.18052728641814939,-0.26413778714995084,0.8567386348217302,0.7916737475858359,0.839,0.845,0.778,True,999,0.00011245801579207182,0.00136358302552253,strong_3x3_strong_250,strong_null,True,1707,292201944,0.0,1,2
250,250,0.12769335797809978,0.12354941320081708,0.11622217734441165,0.11105124022132173,0.004143944777282693,0.005170937123089914,0.0506622651720782,0.0817954894675055,0.1020668362444205,0.9348093429402075,0.9187036243481146,0.923,0.922,0.906,True,999,0.00011700007598847151,0.0013741248985752463,strong_3x3_strong_250,strong_null,True,1708,292201944,0.0,0,1
250,250,0.06257689678469719,0.09478171204613228,0.05396233593152999,0.0831467297388997,-0.032204815261435094,-0.029184393807369702,0.041422884765031254,-0.777464327849567,-0.7045475942324241,0.4368848726520419,0.4810918213680373,0.427,0.436,0.485,True,999,0.000110417022369802,0.0013362499885261059,strong_3x3_strong_250,strong_null,True,1709,292201944,0.0,1,0
250,250,0.0886598871452915,0.09052229616875329,0.07975023900608846,0.07990746828018302,-0.0018624090234617974,-0.00015722927409456133,0.04416376911985378,-0.04217051806442293,-0.0035601416552075733,0.9663627648214365,0.9971594239395716,0.969,0.969,0.998,True,999,0.00011104100849479437,0.0013777079293504357,strong_3x3_strong_250,strong_null,True,1710,292201944,0.0,1,1
250,250,0.09771549033295929,0.17075725551243798,0.08751858372336585,0.1585698122267445,-0.07304176517947869,-0.07105122850337864,0.049220430305219685,-1.4839725034206541,-1.443531234139655,0.1378162153975575,0.14887088040968455,0.15,0.146,0.165,True,999,0.00012391700875014067,0.0014812080189585686,strong_3x3_strong_250,strong_null,True,1711,292201944,0.0,0,1
250,250,0.09405434354884196,0.08892104181146959,0.08551301850187087,0.07739672036984757,0.005133301737372364,0.008116298132023303,0.04330031167202409,0.11855114984516245,0.1874420256717728,0.9056309690880002,0.8513140747532053,0.923,0.922,0.869,True,999,0.00011500006075948477,0.0013426250079646707,strong_3x3_strong_250,strong_null,True,1712,292201944,0.0,1,0
250,250,0.08445400555447441,0.10288477734836454,0.06956809610859693,0.09553390746950186,-0.018430771793890133,-0.025965811360904922,0.04524463694096472,-0.40735815424795285,-0.5738981040954126,0.6837449563791171,0.5660367561028792,0.673,0.68,0.572,True,999,0.00011108303442597389,0.001361000002361834,strong_3x3_strong_250,strong_null,True,1713,292201944,0.0,0,1
250,250,0.06078459489462251,0.09620865327335398,0.047896684048652105,0.08339527034706862,-0.03542405837873147,-0.03549858629841651,0.040009875221003535,-0.8853828756790348,-0.8872456137973962,0.3759501650941691,0.37494667937510806,0.374,0.373,0.372,True,999,0.00010933296289294958,0.001352042076177895,strong_3x3_strong_250,strong_null,True,1714,292201944,0.0,0,0
250,250,0.04910466989802398,0.06269520776953574,0.035884878939071996,0.05526532282006258,-0.013590537871511765,-0.019380443880990583,0.034481350074866274,-0.39414169810647914,-0.5620558313091442,0.6934764268954283,0.5740779803448645,0.674,0.668,0.569,True,999,0.00011720904149115086,0.0013334579998627305,strong_3x3_strong_250,strong_null,True,1715,292201944,0.0,0,1
250,250,0.13396532621793633,0.047213088267280434,0.12693036682580328,0.03423895135696853,0.0867522379506559,0.09269141546883475,0.04220056382425658,2.055712769903594,2.1964496932990354,0.03981021030615948,0.028059772151073963,0.053,0.051,0.039,True,999,0.0001128750154748559,0.0013584999833256006,strong_3x3_strong_250,strong_null,True,1716,292201944,0.0,1,0
250,250,0.07437870485619191,0.12187449063828565,0.07170113848636106,0.11499368242529329,-0.047495785782093736,-0.043292543938932226,0.04717021828996741,-1.006901971284614,-0.9177940130105371,0.31398188459646703,0.35872671724288985,0.323,0.327,0.366,True,999,0.00011091597843915224,0.0013413330307230353,strong_3x3_strong_250,strong_null,True,1717,292201944,0.0,3,1
250,250,0.12948517830155815,0.13782948034005243,0.11649415032277943,0.12712591274910778,-0.008344302038494289,-0.01063176242632835,0.05188747851019928,-0.16081533113724322,-0.2049003484383716,0.872238849900917,0.8376499829801758,0.889,0.893,0.855,True,999,0.00011024996638298035,0.0014007920399308205,strong_3x3_strong_250,strong_null,True,1718,292201944,0.0,0,1
250,250,0.11608439211170662,0.13912372242814447,0.10691745563975985,0.1308671396755159,-0.023039330316437845,-0.023949684035756036,0.050297577207251955,-0.4580604394025566,-0.47615979467700775,0.6469090197961114,0.6339605403641545,0.632,0.634,0.62,True,999,0.00011300004553049803,0.001382749993354082,strong_3x3_strong_250,strong_null,True,1719,292201944,0.0,0,2
250,250,0.12194988510853011,0.0668981662451581,0.11273050181003441,0.056403078544306595,0.05505171886337201,0.056327423265727816,0.0438869382428873,1.25439871331863,1.2834666878329506,0.20969712000282748,0.19932862310311117,0.226,0.218,0.215,True,999,0.00011616700794547796,0.0013684158911928535,strong_3x3_strong_250,strong_null,True,1720,292201944,0.0,0,1
250,250,0.09044464487699277,0.14563110580594218,0.07597261448722747,0.1364459016835866,-0.05518646092894941,-0.06047328719635914,0.047460972486153906,-1.1627756035772194,-1.2741687333524696,0.24492055789053102,0.20260362351622874,0.275,0.272,0.23,True,999,0.00011645897757261992,0.0014689590316265821,strong_3x3_strong_250,strong_null,True,1721,292201944,0.0,0,1
250,250,0.12474987051576142,0.10388809973505875,0.11555393119483881,0.09298692854861201,0.02086177078070267,0.022567002646226797,0.04899447883419385,0.42579840171997063,0.4606029737064375,0.670254751665708,0.6450834777261947,0.682,0.679,0.649,True,999,0.00011195801198482513,0.0014392499579116702,strong_3x3_strong_250,strong_null,True,1722,292201944,0.0,1,1
250,250,0.08028695167495853,0.08037410486808044,0.06563368848345874,0.07252693687276235,-8.715319312191383e-05,-0.006893248389303608,0.042924930139992656,-0.002030363074271243,-0.160588459126722,0.9983800057632519,0.8724175452014757,0.997,0.997,0.849,True,999,0.0001133340410888195,0.0013448339886963367,strong_3x3_strong_250,strong_null,True,1723,292201944,0.0,0,1
250,250,0.1318790858330412,0.12513970467565833,0.11888282068808564,0.11400152843518185,0.006739381157382873,0.0048812922529037905,0.0518152191937644,0.13006566916528475,0.0942057628792434,0.8965144713839159,0.9249457070200867,0.908,0.908,0.927,True,999,0.00011345907114446163,0.0013538339408114552,strong_3x3_strong_250,strong_null,True,1724,292201944,0.0,0,0
250,250,0.22071711250632697,0.1462008973893223,0.20841865451136243,0.1345300568651595,0.07451621511700468,0.07388859764620292,0.0538591827301238,1.3835377987517672,1.3718848653244888,0.1665000256698731,0.17009928260077656,0.178,0.177,0.188,True,999,0.00010970805305987597,0.0013775420375168324,strong_3x3_strong_250,strong_null,True,1725,292201944,0.0,1,0
250,250,0.11017208516464683,0.10566441377685426,0.10359127616922592,0.09538953944927187,0.004507671387792567,0.008201736719954056,0.04843517376401074,0.09306607239100989,0.16933430981202077,0.92585107073161,0.8655336903148158,0.928,0.928,0.857,True,999,0.00010987499263137579,0.0014041250105947256,strong_3x3_strong_250,strong_null,True,1726,292201944,0.0,2,0
250,250,0.08686596952317421,0.16735682378989658,0.07719021966829587,0.15491357618569168,-0.08049085426672237,-0.07772335651739581,0.04871075752790286,-1.6524246049882307,-1.5956096858660787,0.09844802309431469,0.11057596366747244,0.121,0.118,0.136,True,999,0.00010979198850691319,0.0014186659827828407,strong_3x3_strong_250,strong_null,True,1727,292201944,0.0,0,1
250,250,0.13843995781073515,0.15850824932685925,0.1270040195826283,0.1454457174554733,-0.020068291516124104,-0.018441697872844998,0.05244023354818825,-0.3826888279908784,-0.3516707807164627,0.7019504990075698,0.7250851761093685,0.693,0.694,0.725,True,999,0.00010900001507252455,0.0014421669766306877,strong_3x3_strong_250,strong_null,True,1728,292201944,0.0,0,0
250,250,0.09834363802320062,0.07397518288100707,0.08520733852584783,0.05779911011666172,0.024368455142193546,0.02740822840918611,0.04462578089096129,0.5460622683944841,0.6141792448664466,0.5850231350889705,0.5390968869740277,0.601,0.593,0.543,True,999,0.00010987499263137579,0.0013782500755041838,strong_3x3_strong_250,strong_null,True,1729,292201944,0.0,0,0
250,250,0.07551645398677831,0.13584643800469498,0.06506234773016217,0.12692746030469948,-0.06032998401791667,-0.061865112574537307,0.047220445788576884,-1.2776241945710543,-1.310134022273528,0.20138196544873443,0.1901505007035228,0.228,0.227,0.231,True,999,0.00012545892968773842,0.0013420420000329614,strong_3x3_strong_250,strong_null,True,1730,292201944,0.0,1,1
250,250,0.10457445676619792,0.09748083497269922,0.09159004605841403,0.08583536610736076,0.007093621793498706,0.0057546799510532765,0.04641164038722704,0.15284143663775657,0.12399216884040633,0.8785233198997613,0.9013214755746031,0.89,0.89,0.908,True,999,0.00011383299715816975,0.001362999901175499,strong_3x3_strong_250,strong_null,True,1731,292201944,0.0,0,0
250,250,0.13353289959596754,0.11928640179110173,0.12286709706297927,0.11066775685013397,0.01424649780486581,0.0121993402128453,0.049457897468959164,0.2880530417575316,0.24666111656893355,0.7733061370258846,0.8051705013283537,0.776,0.786,0.819,True,999,0.00011420808732509613,0.0014063750859349966,strong_3x3_strong_250,strong_null,True,1732,292201944,0.0,1,1
250,250,0.10421091956953832,0.18523117243557496,0.09316693655543418,0.180060152823458,-0.08102025286603665,-0.08689321626802382,0.049609182679712774,-1.6331704835598742,-1.7515550866666065,0.10243314594272943,0.07985034121524354,0.119,0.114,0.091,True,999,0.00011120806448161602,0.0014153328957036138,strong_3x3_strong_250,strong_null,True,1733,292201944,0.0,0,2
250,250,0.17939259960423026,0.11445317432886937,0.1644969695514078,0.10526355426911493,0.0649394252753609,0.05923341528229287,0.05240191449433304,1.2392567314002185,1.1303673893193085,0.21525043699916646,0.2583214493702979,0.218,0.22,0.264,True,999,0.00011462497059255838,0.0013780000153928995,strong_3x3_strong_250,strong_null,True,1734,292201944,0.0,0,1
250,250,0.07146040447757046,0.0959011549582709,0.06301765118354297,0.08594651712400037,-0.024440750480700435,-0.0229288659404574,0.04190881837243231,-0.5831887280500756,-0.5471131573478112,0.5597662584171623,0.5843009934768424,0.564,0.562,0.582,True,999,0.0001153749180957675,0.001356000080704689,strong_3x3_strong_250,strong_null,True,1735,292201944,0.0,2,0
250,250,0.1066151295293235,0.10344491799917704,0.10184630467549027,0.09215217592766578,0.0031702115301464606,0.009694128747824493,0.04682869303614786,0.06769805699465754,0.20701258393740418,0.9460259960584495,0.8360000308075376,0.944,0.944,0.826,True,999,0.00012908305507153273,0.001352999941445887,strong_3x3_strong_250,strong_null,True,1736,292201944,0.0,2,0
250,250,0.10779449471561464,0.16971415146718366,0.098884323007141,0.16489497891070926,-0.06191965675156902,-0.06601065590356825,0.04908580547229758,-1.261457485637359,-1.3448013181900926,0.20714406815011277,0.17868940447533022,0.25,0.25,0.218,True,999,0.00011600006837397814,0.001370041980408132,strong_3x3_strong_250,strong_null,True,1737,292201944,0.0,1,2
250,250,0.1359162882791637,0.07692393848705187,0.12842435016504794,0.06591539456134399,0.05899234979211182,0.06250895560370395,0.04746887997842431,1.2427584096975783,1.316840751922432,0.21395687274597408,0.18789200969242992,0.199,0.212,0.184,True,999,0.00011358398478478193,0.0013731659855693579,strong_3x3_strong_250,strong_null,True,1738,292201944,0.0,1,0
250,250,0.10439463600980503,0.14954237295653516,0.09735682415424662,0.1363587465376952,-0.04514773694673013,-0.03900192238344857,0.049106972287535695,-0.9193752911985068,-0.7942237235698609,0.35789930874196163,0.42706519992524206,0.37,0.368,0.434,True,999,0.0001116669736802578,0.0014197499258443713,strong_3x3_strong_250,strong_null,True,1739,292201944,0.0,1,0
250,250,0.0941623576183524,0.1069751183617591,0.08481217367001648,0.09627291408165206,-0.012812760743406704,-0.011460740411635584,0.04758127402101763,-0.2692815820305073,-0.24086661501693163,0.7877130043000964,0.8096584977907125,0.813,0.813,0.824,True,999,0.00011791696306318045,0.0013636670773848891,strong_3x3_strong_250,strong_null,True,1740,292201944,0.0,1,1
250,250,0.07651808417470463,0.11612404620100447,0.06503809199466559,0.10480856392979376,-0.039605962026299846,-0.03977047193512817,0.04486555428138005,-0.882769925852381,-0.8864366566320028,0.37736059256458,0.3753822735463743,0.378,0.374,0.377,True,999,0.00011266698129475117,0.0013434159336611629,strong_3x3_strong_250,strong_null,True,1741,292201944,0.0,0,0
250,250,0.07862813424080162,0.10980205634110196,0.06554137786311287,0.1006262000842355,-0.031173922100300344,-0.035084822221122636,0.04568902030927955,-0.6823066436810606,-0.7679048923269827,0.49504507297881184,0.4425436906678253,0.496,0.496,0.454,True,999,0.00011112506035715342,0.0013790830271318555,strong_3x3_strong_250,strong_null,True,1742,292201944,0.0,0,1
250,250,0.07951694519396113,0.09760077258277466,0.07229165953039285,0.08876789610340552,-0.018083827388813534,-0.01647623657301267,0.04621141703196758,-0.39132812950322904,-0.3565403883117226,0.6955547090293517,0.721435911178038,0.697,0.699,0.718,True,999,0.00011091702617704868,0.0013541249791160226,strong_3x3_strong_250,strong_null,True,1743,292201944,0.0,1,1
250,250,0.17017255359592032,0.08701190461562885,0.16135439738425816,0.0773030570083364,0.08316064898029146,0.08405134037592177,0.050089059149064294,1.6602557603009993,1.6780379149423876,0.09686301145501437,0.0933396975332394,0.077,0.083,0.081,True,999,0.00011283403728157282,0.0014115000376477838,strong_3x3_strong_250,strong_null,True,1744,292201944,0.0,1,0
250,250,0.14121907101692488,0.11809620414943289,0.13142408087477975,0.10857400079466117,0.023122866867491987,0.022850080080118573,0.049762697132780545,0.46466265294651987,0.4591809004875335,0.642173057398596,0.6461042649362077,0.668,0.665,0.668,True,999,0.00011537503451108932,0.001378374989144504,strong_3x3_strong_250,strong_null,True,1745,292201944,0.0,0,0
250,250,0.1381210125930642,0.12129879867982851,0.12926118602493375,0.11047289922078107,0.016822213913235684,0.018788286804152676,0.049510694420948485,0.3397692985319558,0.3794793634767352,0.7340302700923672,0.7043319258976513,0.731,0.732,0.704,True,999,0.00011833396274596453,0.0013859999598935246,strong_3x3_strong_250,strong_null,True,1746,292201944,0.0,1,0
250,250,0.17858661116338448,0.13034444890635855,0.16391654797763522,0.1154551161253039,0.04824216225702593,0.048461431852331316,0.05583467946874424,0.8640178956168535,0.8679450175667185,0.3875780598670341,0.38542443291687023,0.387,0.397,0.401,True,999,0.00012608396355062723,0.00143091706559062,strong_3x3_strong_250,strong_null,True,1747,292201944,0.0,0,0
250,250,0.07083155292597687,0.10426555376581453,0.05787608720400783,0.0937677530937151,-0.03343400083983766,-0.03589166588970727,0.04565199205270263,-0.7323667453818885,-0.7862015275975773,0.4639447504445623,0.43174943129309706,0.442,0.451,0.426,True,999,0.00011958298273384571,0.0013930000131949782,strong_3x3_strong_250,strong_null,True,1748,292201944,0.0,0,1
250,250,0.0903245404106725,0.0811069775972117,0.08327983910248804,0.06996025455015342,0.009217562813460811,0.013319584552334618,0.041628700617012813,0.22142326512333604,0.31996157350371807,0.8247628790198501,0.7489974603626574,0.829,0.83,0.764,True,999,0.0001193339703604579,0.001333374995738268,strong_3x3_strong_250,strong_null,True,1749,292201944,0.0,1,0
250,250,0.1232337788310155,0.19113312425221335,0.1161417606763564,0.18297002903216253,-0.06789934542119785,-0.06682826835580613,0.05484450972398724,-1.2380335928411235,-1.2185042530625008,0.2157036051205624,0.22303240954494685,0.193,0.206,0.212,True,999,0.00011541694402694702,0.001428541960194707,strong_3x3_strong_250,strong_null,True,1750,292201944,0.0,1,2
250,250,0.08718230451298559,0.08441576426571179,0.0780174307464705,0.0737146419737229,0.0027665402472737965,0.00430278877274759,0.04551137162835479,0.06078788988970328,0.09454315743072088,0.9515281349537673,0.9246777012810183,0.941,0.94,0.932,True,999,0.00011445803102105856,0.0013429999817162752,strong_3x3_strong_250,strong_null,True,1751,292201944,0.0,1,1
250,250,0.14398075612402872,0.08708553064204028,0.13097396011536944,0.07409031221874329,0.05689522548198844,0.056883647896626144,0.04728904822595133,1.2031374624022446,1.2028926364690393,0.22892313047199364,0.2290178702093476,0.262,0.256,0.259,True,999,0.00011441705282777548,0.0013861670158803463,strong_3x3_strong_250,strong_null,True,1752,292201944,0.0,0,0
250,250,0.12635001664181944,0.15572856597833173,0.11569738211942138,0.14665731634187296,-0.029378549336512294,-0.03095993422245158,0.05003594844008676,-0.5871488450286954,-0.618753819756672,0.5571037451122203,0.5360785488547655,0.545,0.542,0.522,True,999,0.00010979198850691319,0.001378042041324079,strong_3x3_strong_250,strong_null,True,1753,292201944,0.0,1,1
250,250,0.07664932551924786,0.12039170145398742,0.06494334862273377,0.10714375566200829,-0.043742375934739564,-0.04220040703927452,0.046035108500318674,-0.9501959995258132,-0.9167005012920171,0.3420126709797239,0.3592996033498004,0.369,0.357,0.366,True,999,0.00011062505654990673,0.0013939999043941498,strong_3x3_strong_250,strong_null,True,1754,292201944,0.0,0,0
250,250,0.07136910834996008,0.06472189616339363,0.05799457706116584,0.05594658813647868,0.006647212186566442,0.0020479889246871608,0.0400712117663098,0.16588498060233706,0.05110873453567541,0.8682474674711961,0.959238875937844,0.874,0.875,0.955,True,999,0.00011712498962879181,0.0014555840753018856,strong_3x3_strong_250,strong_null,True,1755,292201944,0.0,0,1
250,250,0.09146242668408278,0.11467826297099615,0.0842207967465356,0.10779377467346762,-0.02321583628691337,-0.023572977926932026,0.04565356650902315,-0.5085218540883307,-0.516344718046792,0.6110874168649116,0.6056136689767941,0.62,0.62,0.614,True,999,0.00011162494774907827,0.0013409999664872885,strong_3x3_strong_250,strong_null,True,1756,292201944,0.0,1,1
250,250,0.09879376922682126,0.09087811768218923,0.08844006175453956,0.08206154538224553,0.00791565154463203,0.00637851637229403,0.04407806219807794,0.17958256669861494,0.1447095460692047,0.8574802919265717,0.8849402018256569,0.864,0.866,0.9,True,999,0.00010987499263137579,0.0013397498987615108,strong_3x3_strong_250,strong_null,True,1757,292201944,0.0,1,1
250,250,0.12058097286724706,0.12800177009597802,0.11341330181124931,0.1167795612856537,-0.007420797228730958,-0.0033662594744043872,0.04939137535601488,-0.1502447983122878,-0.06815480334654103,0.8805714830584711,0.945662404972158,0.895,0.898,0.959,True,999,0.00011016696225851774,0.0013485000235959888,strong_3x3_strong_250,strong_null,True,1758,292201944,0.0,1,0
250,250,0.09869516211213825,0.09520534512416384,0.0878042933593548,0.08629933417087443,0.0034898169879744034,0.0015049591884803704,0.04482693911796379,0.07785088736018353,0.03357265113551504,0.9379466669853953,0.9732179312020962,0.932,0.932,0.97,True,999,0.00011900009121745825,0.001406208029948175,strong_3x3_strong_250,strong_null,True,1759,292201944,0.0,1,1
250,250,0.09992257874958399,0.0693551885811804,0.08840617436680986,0.06514825024768811,0.030567390168403596,0.023257924119121753,0.04405422080874351,0.6938583774097042,0.5279386104703438,0.48777102835575814,0.5975419452285324,0.465,0.465,0.59,True,999,0.0001178329112008214,0.0014112080680206418,strong_3x3_strong_250,strong_null,True,1760,292201944,0.0,0,3
250,250,0.11113397469863384,0.1707325053179768,0.10467378608262834,0.15624750874499682,-0.05959853061934295,-0.05157372266236848,0.053755976138998435,-1.1086866037970782,-0.9594044488935103,0.26756540293707864,0.33735503474720396,0.274,0.281,0.36,True,999,0.00012087507639080286,0.0014510839246213436,strong_3x3_strong_250,strong_null,True,1761,292201944,0.0,2,0
250,250,0.07276041072814254,0.11433279027717369,0.06128033074125483,0.10126617201663635,-0.041572379549031147,-0.03998584127538152,0.04476446226728554,-0.9286915880013328,-0.8932496728460357,0.353048941456683,0.3717234826104391,0.348,0.343,0.358,True,999,0.00011387502308934927,0.0013612920884042978,strong_3x3_strong_250,strong_null,True,1762,292201944,0.0,0,0
250,250,0.13317868212154793,0.12624546412634013,0.12275815789855926,0.11665576026690871,0.006933217995207797,0.006102397631650547,0.05022781456652255,0.13803543026992202,0.12149438880261117,0.8902124162529995,0.9032994588692155,0.896,0.896,0.905,True,999,0.00011729192920029163,0.0013594160554930568,strong_3x3_strong_250,strong_null,True,1763,292201944,0.0,1,0
250,250,0.17246022767802482,0.1400925294925114,0.1634450276770707,0.13355570604308298,0.03236769818551344,0.02988932163398772,0.05383567980156168,0.6012313451751845,0.555195397256239,0.5476859097619916,0.5787610168365935,0.562,0.569,0.605,True,999,0.00011104205623269081,0.001373874954879284,strong_3x3_strong_250,strong_null,True,1764,292201944,0.0,1,2
250,250,0.09598914121168173,0.04012468064411212,0.08885857368240124,0.032701019579207014,0.05586446056756961,0.05615755410319423,0.03875100881959477,1.4416259671495644,1.4491894743859597,0.14940791888005334,0.14728467615632132,0.158,0.152,0.152,True,999,0.00011024996638298035,0.0013749579666182399,strong_3x3_strong_250,strong_null,True,1765,292201944,0.0,1,1
250,250,0.08778321605684042,0.07710286366754426,0.07819128199028569,0.06795513388064478,0.010680352389296155,0.010236148109640908,0.041913342609657546,0.25481986699947,0.24422170774998808,0.7988622300425066,0.8070591156434834,0.777,0.781,0.807,True,999,0.00012191699352115393,0.0013959159841760993,strong_3x3_strong_250,strong_null,True,1766,292201944,0.0,0,1
250,250,0.1546723986834625,0.07492493465954952,0.1402058625164102,0.06590591537401735,0.07974746402391297,0.07429994714239285,0.04736810852839604,1.6835686815762612,1.5685647886457579,0.09226505557118017,0.11674938245013268,0.105,0.104,0.131,True,999,0.00011662498582154512,0.0013513750163838267,strong_3x3_strong_250,strong_null,True,1767,292201944,0.0,0,1
250,250,0.12568227385290637,0.08209243356761575,0.1158431983639332,0.06908260755464823,0.043589840285290615,0.04676059080928496,0.045696222236610434,0.953904680776166,1.0232922662001103,0.3401318939146577,0.30616967928841765,0.36,0.352,0.315,True,999,0.00011083402205258608,0.0013652089983224869,strong_3x3_strong_250,strong_null,True,1768,292201944,0.0,0,0
250,250,0.10835947071885332,0.11490607453702045,0.09717889418762127,0.100382680426776,-0.006546603818167129,-0.003203786239154738,0.048587027880904264,-0.13473974646512765,-0.0659391277648801,0.8928176465850597,0.9474262889018569,0.898,0.898,0.948,True,999,0.00010887498501688242,0.0013645419385284185,strong_3x3_strong_250,strong_null,True,1769,292201944,0.0,0,0
250,250,0.13721434640296593,0.10908387461334557,0.12429005595927833,0.0964967380506323,0.02813047178962036,0.02779331790864603,0.05073842998519066,0.5544214079511521,0.5477764668074719,0.5792904783639989,0.5838453993404905,0.572,0.572,0.58,True,999,0.00011437502689659595,0.0013653330970555544,strong_3x3_strong_250,strong_null,True,1770,292201944,0.0,0,0
250,250,0.11403581573281335,0.09352256435286388,0.10923198085201591,0.08237850687454795,0.02051325137994947,0.026853473977467957,0.043204127778058564,0.4747984147562685,0.6215488046747614,0.6349306630172609,0.5342385934540625,0.629,0.629,0.562,True,999,0.00011074997019022703,0.0013674579095095396,strong_3x3_strong_250,strong_null,True,1771,292201944,0.0,2,0
250,250,0.12686753903689352,0.08032637456092895,0.11461945606293966,0.06882342499233118,0.04654116447596457,0.04579603107060848,0.04785523662162142,0.9725406823072077,0.9569701103497924,0.33078163614925116,0.33858234166360457,0.295,0.293,0.294,True,999,0.0001124159898608923,0.00142054189927876,strong_3x3_strong_250,strong_null,True,1772,292201944,0.0,1,0
250,250,0.08619057641207711,0.11086248178416452,0.07715654150020157,0.10122162698679915,-0.02467190537208741,-0.02406508548659758,0.04618631854214824,-0.5341821160647947,-0.5210435957270877,0.5932155410852351,0.6023364019567566,0.585,0.585,0.611,True,999,0.00011316710151731968,0.0013446250231936574,strong_3x3_strong_250,strong_null,True,1773,292201944,0.0,1,0
250,250,0.08342412194519783,0.1461793524987156,0.07480656837580568,0.13340446543584505,-0.06275523055351778,-0.05859789706003937,0.046032491005343394,-1.3632812212190133,-1.2729681965991673,0.17279389800794442,0.203029327570858,0.163,0.165,0.193,True,999,0.00011004193220287561,0.001346832956187427,strong_3x3_strong_250,strong_null,True,1774,292201944,0.0,1,0
250,250,0.1341403882848219,0.11215991693882338,0.11937234314711986,0.10332933288734125,0.02198047134599851,0.01604301025977861,0.05150526946347173,0.4267616027441109,0.31148289149630687,0.6695529762491593,0.7554335470657627,0.668,0.668,0.761,True,999,0.00010908395051956177,0.0013805839698761702,strong_3x3_strong_250,strong_null,True,1775,292201944,0.0,0,1
250,250,0.20359188593996214,0.09947256463348875,0.1922838585029325,0.08886187716940697,0.10411932130647339,0.10342198133352554,0.053028485113741156,1.9634602248800272,1.9503099345888353,0.04959272184125716,0.05113918928321303,0.058,0.058,0.066,True,999,0.00011045800056308508,0.0014108329778537154,strong_3x3_strong_250,strong_null,True,1776,292201944,0.0,0,1
250,250,0.13695229331311082,0.11895998277221492,0.12470065383837436,0.10824817045488544,0.017992310540895895,0.016452483383488925,0.05209680996835524,0.34536299922826036,0.3158059657296201,0.7298214901643318,0.7521497896882026,0.745,0.746,0.768,True,999,0.0001194169744849205,0.0013714170781895518,strong_3x3_strong_250,strong_null,True,1777,292201944,0.0,1,1
250,250,0.11094620992380472,0.08144145353462023,0.10404874936612885,0.07080443321058283,0.029504756389184483,0.033244316155546016,0.04518367695835369,0.6529959130236204,0.7357594244972069,0.5137589133265836,0.4618771183669709,0.526,0.536,0.48,True,999,0.00015683402307331562,0.0013311669463291764,strong_3x3_strong_250,strong_null,True,1778,292201944,0.0,1,1
250,250,0.10522097202957398,0.1408622471447411,0.09409485949601049,0.12774861848376418,-0.035641275115167126,-0.03365375898775369,0.04943252575159868,-0.7210085783248587,-0.6808019310375883,0.47090423686401717,0.4959968280256212,0.462,0.466,0.482,True,999,0.00011270795948803425,0.0013817079598084092,strong_3x3_strong_250,strong_null,True,1779,292201944,0.0,0,0
250,250,0.166401054985787,0.10105714169159563,0.16141892234338684,0.09215853248787198,0.06534391329419137,0.06926038985551486,0.05088640011109874,1.284113498921676,1.361078592792981,0.19910224549705424,0.17348885393975955,0.208,0.205,0.188,True,999,0.00011137500405311584,0.001371916034258902,strong_3x3_strong_250,strong_null,True,1780,292201944,0.0,2,1
250,250,0.17322150231084665,0.07463562958879205,0.1640384883410917,0.06994717613559942,0.0985858727220546,0.09409131220549227,0.04883473449252698,2.018765408402924,1.9267292672573197,0.04351160799111676,0.05401337847490784,0.045,0.053,0.068,True,999,0.00011316605377942324,0.0014017499051988125,strong_3x3_strong_250,strong_null,True,1781,292201944,0.0,1,2
250,250,0.10575706758704467,0.11749832550510969,0.09442693056618623,0.11019172465320537,-0.011741257918065018,-0.01576479408701914,0.04508001975286758,-0.26045369949772806,-0.34970690282397954,0.7945138255473851,0.7265586727004018,0.808,0.805,0.736,True,999,0.00011062505654990673,0.0013911660062149167,strong_3x3_strong_250,strong_null,True,1782,292201944,0.0,0,1
250,250,0.04917157224892604,0.06732959645275921,0.03943904579506352,0.051009465561122624,-0.018158024203833167,-0.011570419766059103,0.036237423882422626,-0.5010848525753213,-0.31929476564341175,0.6163114067851923,0.7495030015361857,0.613,0.61,0.75,True,999,0.00011483300477266312,0.0013993330067023635,strong_3x3_strong_250,strong_null,True,1783,292201944,0.0,0,0
250,250,0.0740124410325535,0.0597002253294866,0.06330391926451284,0.043439398570413346,0.0143122157030669,0.019864520694099497,0.0409249268201306,0.34971878547200846,0.485389278309676,0.7265497541065179,0.6274002363633013,0.74,0.736,0.628,True,999,0.00011337501928210258,0.0013059579068794847,strong_3x3_strong_250,strong_null,True,1784,292201944,0.0,1,0
250,250,0.14578307393982737,0.17558948219688847,0.1373628066254895,0.1641172295109925,-0.0298064082570611,-0.026754422885503004,0.05533857439134657,-0.5386190118717985,-0.48346787353608917,0.5901497664601079,0.6287635654663253,0.592,0.593,0.635,True,999,0.00011041597463190556,0.0013947499683126807,strong_3x3_strong_250,strong_null,True,1785,292201944,0.0,2,0
250,250,0.12134313676276826,0.14056244991053324,0.11370123194392079,0.13386242196524734,-0.019219313147764983,-0.020161190021326547,0.05135342020718569,-0.37425575687509316,-0.3925968307463476,0.7082140450434273,0.6946172806958459,0.713,0.713,0.698,True,999,0.0001092089805752039,0.0013975839829072356,strong_3x3_strong_250,strong_null,True,1786,292201944,0.0,1,2
250,250,0.08864373065648623,0.07805055603307193,0.07415131596198421,0.06742133357957414,0.010593174623414303,0.006729982382410071,0.04350138979004788,0.24351347565078893,0.15470729590229634,0.8076076471889224,0.877052077952007,0.806,0.808,0.878,True,999,0.0001115420600399375,0.0013761670561507344,strong_3x3_strong_250,strong_null,True,1787,292201944,0.0,0,1
250,250,0.14061975565610574,0.07545073919406858,0.13406873843325684,0.06555826444495949,0.06516901646203715,0.06851047398829735,0.04545172694478339,1.4338072685600514,1.5073238926988775,0.15162727018575675,0.13172765622611998,0.146,0.142,0.126,True,999,0.00012620806228369474,0.0014099159743636847,strong_3x3_strong_250,strong_null,True,1788,292201944,0.0,2,0
250,250,0.1282923032234774,0.07931308303235451,0.11893505485392097,0.06941379218179122,0.048979220191122885,0.04952126267212975,0.04633711591882344,1.0570191782528733,1.0687169818441986,0.29050283483120365,0.28519721711367585,0.296,0.292,0.292,True,999,0.00011687492951750755,0.001386582967825234,strong_3x3_strong_250,strong_null,True,1789,292201944,0.0,1,0
250,250,0.1343833773625926,0.05533023083555022,0.12569301202947258,0.048442985027008945,0.07905314652704237,0.07725002700246364,0.04366076937904887,1.8106219301984392,1.769323539212137,0.07019939512532396,0.07683989735596411,0.092,0.088,0.093,True,999,0.00011470797471702099,0.0013414999702945352,strong_3x3_strong_250,strong_null,True,1790,292201944,0.0,1,2
250,250,0.08672884651927842,0.07474620222825579,0.07918977952324724,0.06501578607972647,0.011982644291022637,0.014173993443520772,0.041381003088547606,0.28956872469674116,0.3425241629157968,0.7721461964004608,0.731956463114473,0.75,0.749,0.707,True,999,0.00011445791460573673,0.0013279170962050557,strong_3x3_strong_250,strong_null,True,1791,292201944,0.0,1,0
250,250,0.13466356758215492,0.10450865028988143,0.12350100886314408,0.09691664091721464,0.030154917292273486,0.026584367945929444,0.048755657783085216,0.6184906257737973,0.5452570871713754,0.5362519752468231,0.5855767136960983,0.515,0.515,0.575,True,999,0.00011495908256620169,0.0014001670060679317,strong_3x3_strong_250,strong_null,True,1792,292201944,0.0,0,1
250,250,0.05424144906128975,0.1328664243645189,0.050096427363527596,0.11661300154398191,-0.07862497530322915,-0.06651657418045431,0.04484671266325604,-1.7531937266752762,-1.4831984381979664,0.07956875947980128,0.13802169605185216,0.104,0.106,0.183,True,999,0.00011129199992865324,0.001398540916852653,strong_3x3_strong_250,strong_null,True,1793,292201944,0.0,3,0
250,250,0.14501540448688377,0.14732925053864315,0.13993315733193867,0.13410890280671595,-0.002313846051759383,0.005824254525222727,0.05352844353465774,-0.04322647734491385,0.10880672294257412,0.96552099894128,0.9133557913444016,0.959,0.959,0.924,True,999,0.00011100003030151129,0.0014459999511018395,strong_3x3_strong_250,strong_null,True,1794,292201944,0.0,2,0
250,250,0.1325237938096523,0.07917928526042761,0.1258197244765853,0.06767448833414846,0.05334450854922468,0.05814523614243683,0.04866785546177752,1.0960932640872183,1.1947359420450034,0.27303796212732445,0.23219021501554793,0.279,0.288,0.245,True,999,0.00011295895092189312,0.0013495839666575193,strong_3x3_strong_250,strong_null,True,1795,292201944,0.0,2,0
250,250,0.09939759446016905,0.14397177213284762,0.08477710762767288,0.13405880634689993,-0.04457417767267857,-0.04928169871922705,0.04850315174303525,-0.9189954893823811,-1.0160514718778784,0.35809793149966995,0.30960487633120537,0.371,0.366,0.326,True,999,0.00011041597463190556,0.0013686669990420341,strong_3x3_strong_250,strong_null,True,1796,292201944,0.0,0,0
250,250,0.08162134237604607,0.1474966922784065,0.07247375748089269,0.13276223896296813,-0.06587534990236044,-0.06028848148207544,0.04741966276436475,-1.389199038164921,-1.2713814896081765,0.16477223412630138,0.20359296453815268,0.195,0.191,0.23,True,999,0.00011079199612140656,0.0013587500434368849,strong_3x3_strong_250,strong_null,True,1797,292201944,0.0,1,0
250,250,0.10645157035109282,0.1008044244602449,0.09497198828576359,0.08455632944929903,0.0056471458908479155,0.010415658836464559,0.04721155785254909,0.11961363165530471,0.2206167156990391,0.9047892207581674,0.8253908844929971,0.912,0.915,0.831,True,999,0.00010912504512816668,0.0014118339167907834,strong_3x3_strong_250,strong_null,True,1798,292201944,0.0,0,0
250,250,0.07023247173786307,0.09009864606666357,0.06052289482813933,0.07545184364744273,-0.0198661743288005,-0.0149289488193034,0.04247721443346658,-0.46769013914312874,-0.35145781140350174,0.6400061938137197,0.7252449177882131,0.625,0.621,0.702,True,999,0.00011270900722593069,0.0013817499857395887,strong_3x3_strong_250,strong_null,True,1799,292201944,0.0,0,0
250,250,0.1090948399186894,0.0905732342503146,0.0999769582709149,0.07994174239816232,0.018521605668374796,0.020035215872752588,0.045101393968133806,0.4106659249038102,0.44422608948424924,0.6813175161752412,0.6568791315935332,0.692,0.695,0.668,True,999,0.00010933296289294958,0.001396415987983346,strong_3x3_strong_250,strong_null,True,1800,292201944,0.0,1,1
250,250,0.11966763438453354,0.08416485061880663,0.10507936823940156,0.07776441436283221,0.03550278376572691,0.027314953876569348,0.047054453726581354,0.7545042170082864,0.5804966738172749,0.4505465141610485,0.5615797291494233,0.443,0.452,0.551,True,999,0.00011491600889712572,0.001376125030219555,strong_3x3_strong_250,strong_null,True,1801,292201944,0.0,0,2
250,250,0.083060725627784,0.10647904048918472,0.07387663535999422,0.09355692690991191,-0.023418314861400724,-0.019680291549917683,0.04592175185417016,-0.5099612692426956,-0.42856142797893965,0.6100785962024906,0.6682424209765396,0.636,0.636,0.685,True,999,0.00011141702998429537,0.0013594579650089145,strong_3x3_strong_250,strong_null,True,1802,292201944,0.0,1,0
250,250,0.1367235836585603,0.0669035469480147,0.12355005970242416,0.056345832470398705,0.0698200367105456,0.06720422723202546,0.046026575761608,1.5169504912156502,1.4601179018857688,0.12927918432162144,0.14425767338237094,0.142,0.139,0.163,True,999,0.0001129999291151762,0.0013889160472899675,strong_3x3_strong_250,strong_null,True,1803,292201944,0.0,0,1
250,250,0.1467357052956667,0.08273255751630765,0.13758506367943824,0.07119246792137801,0.06400314777935906,0.06639259575806022,0.04641997525226574,1.3787846165694604,1.4302591803906581,0.16796117112705433,0.15264264572664274,0.157,0.155,0.137,True,999,0.00011300004553049803,0.0013647499727085233,strong_3x3_strong_250,strong_null,True,1804,292201944,0.0,0,0
250,250,0.09092961860172077,0.06464380343609766,0.07939733952748895,0.0543191154678766,0.026285815165623116,0.025078224059612353,0.0414862395103511,0.63360322545177,0.6044949929326605,0.5263397953262299,0.5455145971426492,0.511,0.509,0.534,True,999,0.00011391693260520697,0.0014157500118017197,strong_3x3_strong_250,strong_null,True,1805,292201944,0.0,0,1
250,250,0.14139611716134526,0.08506082678122012,0.13144490950151066,0.07370396437666216,0.056335290380125136,0.05774094512484851,0.04924264229523797,1.1440346771475556,1.1725801547906045,0.25260925608820184,0.24096421147987734,0.267,0.273,0.265,True,999,0.00011450005695223808,0.001364583964459598,strong_3x3_strong_250,strong_null,True,1806,292201944,0.0,2,0
250,250,0.05079874135433349,0.11843686298390316,0.03773382521738711,0.10811908464391706,-0.06763812162956967,-0.07038525942652996,0.04178112400005233,-1.6188679277629046,-1.6846186193181831,0.10547568285780229,0.09206217668768799,0.12,0.114,0.104,True,999,0.0001099579967558384,0.0013550830772146583,strong_3x3_strong_250,strong_null,True,1807,292201944,0.0,0,1
250,250,0.121427315555802,0.13329853726282181,0.11224817912584228,0.12470860279675833,-0.011871221707019819,-0.012460423670916043,0.051148677731152316,-0.23209244566237539,-0.24361184342654024,0.8164662121875464,0.8075314548795569,0.832,0.83,0.825,True,999,0.00010912504512816668,0.0013742500450462103,strong_3x3_strong_250,strong_null,True,1808,292201944,0.0,1,1
250,250,0.06628402967936176,0.08798480861317687,0.05983252649063786,0.07646004071645507,-0.021700778933815112,-0.016627514225817208,0.04208095262789599,-0.5156912469569284,-0.39513160200642944,0.6060700689906422,0.6927457674781371,0.594,0.59,0.682,True,999,0.0001099579967558384,0.001404082984663546,strong_3x3_strong_250,strong_null,True,1809,292201944,0.0,2,0
250,250,0.0924753766450288,0.1224116514402186,0.07946809731909354,0.11291797472466669,-0.029936274795189788,-0.03344987740557315,0.04767071874191839,-0.627980353249129,-0.7016860305099533,0.5300168104480507,0.4828749867339138,0.507,0.518,0.481,True,999,0.00011079199612140656,0.0013827920192852616,strong_3x3_strong_250,strong_null,True,1810,292201944,0.0,0,0
250,250,0.07045682424402105,0.10759760508837724,0.057201695418029885,0.09602427861196361,-0.03714078084435618,-0.038822583193933724,0.044222116119496356,-0.8398689186196994,-0.8778997162647737,0.4009818862744503,0.37999814320567615,0.418,0.412,0.394,True,999,0.00011554104276001453,0.0014221250312402844,strong_3x3_strong_250,strong_null,True,1811,292201944,0.0,0,0
250,250,0.06883934595592905,0.1446242906729025,0.059627284056659846,0.1314017482160068,-0.07578494471697345,-0.07177446415934696,0.04671772662241859,-1.6221881969874423,-1.5363432544447553,0.10476305813656615,0.1244542161998997,0.117,0.117,0.14,True,999,0.00011374999303370714,0.0013762079179286957,strong_3x3_strong_250,strong_null,True,1812,292201944,0.0,1,0
250,250,0.07157775426589952,0.14380411791300612,0.0601969960282247,0.13137369178849667,-0.0722263636471066,-0.07117669576027197,0.04852631061551013,-1.4883959388419155,-1.4667650364815135,0.136646506979901,0.14243998394205876,0.115,0.117,0.141,True,999,0.00011012505274266005,0.0013562500244006515,strong_3x3_strong_250,strong_null,True,1813,292201944,0.0,0,1
250,250,0.05125615406062395,0.06683884708793958,0.0399149859825485,0.0536470325439069,-0.01558269302731563,-0.013732046561358402,0.03695987812841276,-0.4216110500466314,-0.3715392814242519,0.6733089393978064,0.7102359039775799,0.673,0.67,0.721,True,999,0.0001099579967558384,0.0013183329720050097,strong_3x3_strong_250,strong_null,True,1814,292201944,0.0,0,0
250,250,0.11354361964394982,0.14712101613350625,0.09908247267134129,0.1356434298427871,-0.03357739648955643,-0.03656095717144581,0.049184157405603765,-0.6826872363118051,-0.7433482466709953,0.4948044967016426,0.4572708686275808,0.51,0.509,0.473,True,999,0.00013470801059156656,0.0013972920132800937,strong_3x3_strong_250,strong_null,True,1815,292201944,0.0,0,0
250,250,0.120606144231438,0.07412896767801014,0.10988779940771565,0.06537066237655154,0.04647717655342787,0.04451713703116411,0.04434664602020581,1.0480426531524236,1.0038445074488975,0.2946189557391886,0.3154535677332354,0.329,0.315,0.334,True,999,0.00011016707867383957,0.0014077919768169522,strong_3x3_strong_250,strong_null,True,1816,292201944,0.0,1,1
250,250,0.17574998273515802,0.14377978555446674,0.17074062504731558,0.13657367463697767,0.03197019718069127,0.034166950410337904,0.05020452584043772,0.6367991061662527,0.6805551857800398,0.5242557083947113,0.49615299151300307,0.535,0.524,0.495,True,999,0.00011316698510199785,0.00137795798946172,strong_3x3_strong_250,strong_null,True,1817,292201944,0.0,2,1
250,250,0.11470298310869642,0.1810781802473348,0.10477023141174868,0.16813435957053002,-0.06637519713863838,-0.06336412815878134,0.054849725885697614,-1.2101281468016616,-1.1552314462031597,0.22622972416979437,0.24799566053808486,0.227,0.244,0.267,True,999,0.00011029106099158525,0.001376250060275197,strong_3x3_strong_250,strong_null,True,1818,292201944,0.0,2,0
250,250,0.09926637294100282,0.11277632462883203,0.09040430087257789,0.10384591436081791,-0.013509951687829203,-0.013441613488240023,0.04675506454136422,-0.28895162097096333,-0.2874899996416051,0.7726183998981716,0.7737371580388015,0.776,0.774,0.77,True,999,0.00011933303903788328,0.001367374905385077,strong_3x3_strong_250,strong_null,True,1819,292201944,0.0,1,1
250,250,0.1294309534248267,0.1341239410402606,0.1194436439605795,0.12251177990144413,-0.004692987615433908,-0.003068135940864636,0.051331003663759686,-0.091425985865677,-0.05977159458954388,0.9271541144778807,0.9523375493482997,0.939,0.939,0.953,True,999,0.00011887494474649429,0.001430167001672089,strong_3x3_strong_250,strong_null,True,1820,292201944,0.0,0,0
250,250,0.09704944836469565,0.1358252307342631,0.08412262895396339,0.12110828977692734,-0.03877578236956747,-0.03698566082296395,0.04893786533815004,-0.7923472366772686,-0.755767759124781,0.42815823578915513,0.4497884502495877,0.459,0.454,0.476,True,999,0.0001230000052601099,0.001449375064112246,strong_3x3_strong_250,strong_null,True,1821,292201944,0.0,0,0
250,250,0.046315725201319546,0.14188219781883638,0.036347519941088535,0.12847675108264411,-0.09556647261751683,-0.09212923114155558,0.04466336477528872,-2.1397060677880613,-2.0627472113907706,0.032378528379825584,0.03913665182278873,0.04,0.043,0.048,True,999,0.00011445803102105856,0.0013841670006513596,strong_3x3_strong_250,strong_null,True,1822,292201944,0.0,0,0
250,250,0.1573088017218392,0.07414003321703683,0.14773554719324977,0.06643837658755558,0.08316876850480237,0.08129717060569419,0.04804308970307285,1.7311286392865544,1.6921719878581083,0.08342882338909036,0.0906131858730535,0.099,0.094,0.098,True,999,0.00011583301238715649,0.0013599579688161612,strong_3x3_strong_250,strong_null,True,1823,292201944,0.0,0,1
250,250,0.165953903537976,0.07832812153956381,0.15508480028503868,0.07096813483089193,0.0876257819984122,0.08411666545414676,0.04812898809283119,1.8206445942598999,1.7477339289141616,0.06866089942230112,0.08051011081434924,0.089,0.087,0.093,True,999,0.00011158292181789875,0.0013732080115005374,strong_3x3_strong_250,strong_null,True,1824,292201944,0.0,1,1
250,250,0.11427511129490914,0.07989448816344741,0.10144188806114585,0.06935510751179663,0.03438062313146173,0.032086780549349214,0.04457784376850454,0.7712491279300633,0.719792117267444,0.4405592795217208,0.47165299905933433,0.432,0.444,0.496,True,999,0.00011091597843915224,0.0013459170004352927,strong_3x3_strong_250,strong_null,True,1825,292201944,0.0,0,1
250,250,0.12336769782337892,0.12799255050946645,0.11017075099462659,0.11687732557533081,-0.004624852686087533,-0.006706574580704228,0.05104368044295851,-0.09060578402562137,-0.13138893047100803,0.9278058358519976,0.8954676449559278,0.942,0.942,0.906,True,999,0.0001105419360101223,0.0013937089825049043,strong_3x3_strong_250,strong_null,True,1826,292201944,0.0,0,0
250,250,0.12752169516891615,0.13160478587108226,0.116298190932838,0.11701869235209017,-0.0040830907021661145,-0.000720501419252173,0.05060716306921779,-0.08068207057134343,-0.014237143035793362,0.9356947959358558,0.9886407871280546,0.924,0.923,0.986,True,999,0.0001151250908151269,0.001418083906173706,strong_3x3_strong_250,strong_null,True,1827,292201944,0.0,0,0
250,250,0.088317689653021,0.11093996763311809,0.07512412809312252,0.10603158599008111,-0.022622277980097083,-0.03090745789695859,0.04604520104417028,-0.49130587915982743,-0.671241675485566,0.6232101222800894,0.5020665833686431,0.622,0.619,0.495,True,999,0.00011437502689659595,0.0013615420321002603,strong_3x3_strong_250,strong_null,True,1828,292201944,0.0,0,2
250,250,0.13817183643970887,0.12334219399077417,0.12571071134327383,0.11270767650132996,0.014829642448934699,0.013003034841943872,0.05128835941958839,0.2891424607212307,0.25352799327360953,0.7724723616411024,0.799860232095176,0.759,0.757,0.788,True,999,0.00011424999684095383,0.0013934170128777623,strong_3x3_strong_250,strong_null,True,1829,292201944,0.0,1,1
250,250,0.05408545596837033,0.08624637237682886,0.042416714934773836,0.07553509491279442,-0.03216091640845853,-0.033118379978020585,0.041324993348359707,-0.7782437165167766,-0.801412832637156,0.4364253491672948,0.4228926885054827,0.441,0.439,0.427,True,999,0.00011058303061872721,0.0013724169693887234,strong_3x3_strong_250,strong_null,True,1830,292201944,0.0,0,1
250,250,0.10073033167171652,0.11239582095454892,0.0933593447795289,0.100858102693266,-0.011665489282832397,-0.0074987579137371085,0.046119638838761766,-0.25293973622855015,-0.16259359575545274,0.8003147825606365,0.8708384297387222,0.798,0.797,0.875,True,999,0.00011091702617704868,0.0013826669892296195,strong_3x3_strong_250,strong_null,True,1831,292201944,0.0,1,0
250,250,0.12292938508511625,0.09948248810255944,0.1115293453750752,0.08875628598707408,0.02344689698255681,0.022773059388001116,0.04795951765521192,0.4888893410296581,0.47483920817803077,0.6249200423386431,0.6349015844020214,0.634,0.637,0.652,True,999,0.00011029199231415987,0.0014090839540585876,strong_3x3_strong_250,strong_null,True,1832,292201944,0.0,0,1
250,250,0.10210935358750195,0.12613347477554637,0.09296485529762322,0.11388627415402652,-0.024024121188044423,-0.020921418856403307,0.04751167259327242,-0.5056467153599261,-0.4403427140000486,0.6131046807522667,0.6596889086517536,0.621,0.622,0.681,True,999,0.00011008395813405514,0.0013929589185863733,strong_3x3_strong_250,strong_null,True,1833,292201944,0.0,1,1
250,250,0.09336388922905231,0.17877276570906486,0.0844948906090508,0.17203659310457908,-0.08540887648001255,-0.08754170249552828,0.049501310480421896,-1.725386169600345,-1.7684724231725466,0.08445790207887335,0.07698195844274654,0.083,0.079,0.07,True,999,0.0001116669736802578,0.0013688750332221389,strong_3x3_strong_250,strong_null,True,1834,292201944,0.0,1,2
250,250,0.0998127502127189,0.1325941964118193,0.09484296947807991,0.12396018676413689,-0.032781446199100395,-0.029117217286056984,0.04791358739619126,-0.6841784967599035,-0.607702717921964,0.49386245896293113,0.5433846600940202,0.475,0.478,0.532,True,999,0.00011312495917081833,0.001379332970827818,strong_3x3_strong_250,strong_null,True,1835,292201944,0.0,2,1
250,250,0.1102481268617021,0.1119234211837834,0.09884377381268905,0.10424194364843231,-0.0016752943220813,-0.005398169835743261,0.05022977894100837,-0.03335261188485071,-0.10746951210123903,0.9733933988553608,0.914416511034339,0.98,0.98,0.916,True,999,0.00011616700794547796,0.0013496249448508024,strong_3x3_strong_250,strong_null,True,1836,292201944,0.0,0,1
250,250,0.12450051674958207,0.11337049917943404,0.11607140207351563,0.10465369055387441,0.011130017570148032,0.011417711519641216,0.048530299628337444,0.22934162070676928,0.23526975120867114,0.8186034067667423,0.8139993712807443,0.84,0.839,0.834,True,999,0.00013116700574755669,0.0013788749929517508,strong_3x3_strong_250,strong_null,True,1837,292201944,0.0,2,1
250,250,0.13836586619133007,0.09618995911382777,0.1286566032633658,0.0856002242479974,0.042175907077502295,0.04305637901536841,0.047547651073745444,0.8870239880428229,0.9055416627961039,0.37506598574702366,0.3651784983969585,0.408,0.391,0.374,True,999,0.00011074997019022703,0.0014075000071898103,strong_3x3_strong_250,strong_null,True,1838,292201944,0.0,0,1
250,250,0.09386982325066745,0.1262656996314706,0.08477972387208865,0.1153698065039066,-0.03239587638080316,-0.03059008263181795,0.047399800783448263,-0.6834601801135757,-0.6453631054605578,0.4943161038366758,0.5186919066391644,0.504,0.5,0.526,True,999,0.00011233403347432613,0.00137291697319597,strong_3x3_strong_250,strong_null,True,1839,292201944,0.0,1,1
250,250,0.12903614042655287,0.11022430544804751,0.11992730640719174,0.10582757998975012,0.01881183497850536,0.014099726417441616,0.04930386916886161,0.3815488580435017,0.2859760634434437,0.7027960245477813,0.7748964548880721,0.69,0.694,0.775,True,999,0.00010975007899105549,0.0014183339662849903,strong_3x3_strong_250,strong_null,True,1840,292201944,0.0,1,3
250,250,0.13764361980093487,0.0978951889672397,0.12919098900518122,0.08716129234026937,0.03974843083369517,0.04202969666491185,0.047065980124873834,0.8445257217258837,0.8929952495071836,0.3983756962199595,0.37185971665867346,0.4,0.394,0.377,True,999,0.00010933296289294958,0.0013766670599579811,strong_3x3_strong_250,strong_null,True,1841,292201944,0.0,2,0
250,250,0.10787165907860424,0.13326027663650047,0.09560269249747932,0.11871397827802355,-0.02538861755789623,-0.023111285780544222,0.04934036678862012,-0.5145607787364863,-0.46840522851310906,0.6068599784922243,0.6394948297237066,0.628,0.627,0.677,True,999,0.00011133297812193632,0.001427207957021892,strong_3x3_strong_250,strong_null,True,1842,292201944,0.0,1,0
250,250,0.12669140815315977,0.10600383532395741,0.11916435084548027,0.10126870676295141,0.02068757282920236,0.01789564408252886,0.04981015749574019,0.4153283962406981,0.359277002568388,0.677901516413698,0.7193878767005941,0.668,0.667,0.716,True,999,0.00011700007598847151,0.001419916981831193,strong_3x3_strong_250,strong_null,True,1843,292201944,0.0,1,2
250,250,0.11640409581798461,0.0500639817872488,0.10944620499324742,0.04108609859267176,0.06634011403073581,0.06836010640057566,0.041757925207193604,1.5886831949042202,1.637057063093722,0.11213193484496493,0.10161854697545761,0.115,0.117,0.102,True,999,0.00011708296369761229,0.0014292909763753414,strong_3x3_strong_250,strong_null,True,1844,292201944,0.0,1,1
250,250,0.11578705110936899,0.10431418189041847,0.11060810178869929,0.09147317826364088,0.011472869218950521,0.01913492352505841,0.04767217749417347,0.24066174070510507,0.4013855571711004,0.8098172939923081,0.6881362811832983,0.805,0.807,0.687,True,999,0.00011783395893871784,0.001410790951922536,strong_3x3_strong_250,strong_null,True,1845,292201944,0.0,2,0
250,250,0.12907332384537507,0.11501307396909904,0.11453921594628014,0.10813985571083151,0.01406024987627602,0.006399360235448626,0.0504527917130763,0.2786813058083345,0.12683857559045728,0.7804894101774661,0.899068163388116,0.765,0.765,0.905,True,999,0.00011633406393229961,0.0014285839861258864,strong_3x3_strong_250,strong_null,True,1846,292201944,0.0,0,2
250,250,0.14305521191709514,0.13123496186640649,0.1316810251002778,0.11823805712135993,0.011820250050688652,0.013442967978917864,0.052443626307891365,0.22538963994009736,0.2563317780505017,0.8216761704477061,0.7976946613978103,0.809,0.808,0.782,True,999,0.00012049998622387648,0.0014489589957520366,strong_3x3_strong_250,strong_null,True,1847,292201944,0.0,0,0
250,250,0.14948915891824155,0.11412645872284183,0.1361128397531246,0.10518563782650858,0.03536270019539972,0.03092720192661602,0.050388823358923446,0.7017965064099334,0.6137710679671798,0.48280607781336393,0.5393666183483292,0.492,0.5,0.552,True,999,0.00011220795568078756,0.0014519999967887998,strong_3x3_strong_250,strong_null,True,1848,292201944,0.0,0,1
250,250,0.11784236003641335,0.08231962823852584,0.11128173468961222,0.0748063052849659,0.03552273179788751,0.03647542940464632,0.04317391849089357,0.822782203690409,0.8448487114353513,0.4106318586446722,0.39819531349152393,0.424,0.409,0.396,True,999,0.00010908301919698715,0.0014415000332519412,strong_3x3_strong_250,strong_null,True,1849,292201944,0.0,2,1
250,250,0.11834543193690772,0.17987271178024372,0.10763346209557767,0.164937507178621,-0.061527279843336,-0.05730404508304332,0.054281926759038465,-1.1334763431751456,-1.0556744851268869,0.25701427022167433,0.291116957963082,0.286,0.287,0.344,True,999,0.00011470902245491743,0.0014089170144870877,strong_3x3_strong_250,strong_null,True,1850,292201944,0.0,1,0
250,250,0.0716717057512426,0.10575374340956334,0.05999159410352206,0.09659686608553386,-0.03408203765832074,-0.0366052719820118,0.04568096688277492,-0.7460883598585163,-0.8013243694238591,0.45561404041175513,0.4229438864623605,0.455,0.465,0.438,True,999,0.00011662510223686695,0.0013452080311253667,strong_3x3_strong_250,strong_null,True,1851,292201944,0.0,0,1
250,250,0.13412959422336312,0.1683366415517561,0.12495038457979035,0.15707996864087193,-0.03420704732839297,-0.03212958406108157,0.055081935145224734,-0.6210211612610439,-0.5833052883195047,0.5345857000160776,0.5596878031526052,0.546,0.549,0.575,True,999,0.00011008302681148052,0.0013398750452324748,strong_3x3_strong_250,strong_null,True,1852,292201944,0.0,1,0
250,250,0.10763602796354937,0.0658925748126643,0.09827169283008175,0.04791808797521924,0.04174345315088507,0.05035360485486251,0.04538131339106894,0.9198379251645942,1.1095669360854619,0.35765746141167587,0.26718568564959544,0.394,0.387,0.304,True,999,0.00011170795187354088,0.0013798750005662441,strong_3x3_strong_250,strong_null,True,1853,292201944,0.0,1,0
250,250,0.12126688032810001,0.09036880394778651,0.114032592435791,0.07727344935079827,0.0308980763803135,0.03675914308499273,0.046484441119542766,0.6646971682601015,0.7907838020566977,0.5062442053932958,0.4290701637380502,0.522,0.515,0.442,True,999,0.00011100003030151129,0.0014022920513525605,strong_3x3_strong_250,strong_null,True,1854,292201944,0.0,1,0
250,250,0.15803683550635472,0.09109107660312799,0.14898704804595297,0.07643932130456221,0.06694575890322674,0.07254772674139076,0.0503313204878957,1.330101381292523,1.441403206554812,0.1834848705019544,0.14947080491544285,0.183,0.186,0.151,True,999,0.00015495799016207457,0.0013933749869465828,strong_3x3_strong_250,strong_null,True,1855,292201944,0.0,1,0
250,250,0.08973527463038106,0.10107681728357143,0.08234152961642849,0.09375096768310698,-0.011341542653190373,-0.01140943806667849,0.04616919588129356,-0.24565172593325676,-0.24712230414438013,0.8059518443114706,0.8048135727400091,0.801,0.798,0.8,True,999,0.00011062505654990673,0.001309916959144175,strong_3x3_strong_250,strong_null,True,1856,292201944,0.0,1,1
250,250,0.1300003613536736,0.1261080484094228,0.12098198233763924,0.11293173959431613,0.0038923129442507975,0.00805024274332311,0.04998532184052712,0.0778691183917713,0.16105213384454256,0.937932164751029,0.8720523396601699,0.949,0.948,0.893,True,999,0.00010908301919698715,0.0013936249306425452,strong_3x3_strong_250,strong_null,True,1857,292201944,0.0,1,0
250,250,0.06558441561947692,0.17410907555336086,0.05110030225038997,0.16240813790395237,-0.10852465993388394,-0.11130783565356239,0.0482290956523569,-2.2501906466616584,-2.3078980467700916,0.024436845788094054,0.021004807734374416,0.021,0.02,0.017,True,999,0.00011354207526892424,0.0013698749244213104,strong_3x3_strong_250,strong_null,True,1858,292201944,0.0,0,0
250,250,0.0789721847747758,0.1788314149274275,0.06765094064266464,0.16577501147708062,-0.09985923015265169,-0.09812407083441599,0.04836969087453222,-2.064500069096574,-2.0286272055974752,0.038970327354293996,0.04249627539240092,0.038,0.038,0.04,True,999,0.00011079199612140656,0.0013754169922322035,strong_3x3_strong_250,strong_null,True,1859,292201944,0.0,0,0
250,250,0.11531128315222577,0.10640581156049922,0.10441214056864112,0.09670986327819264,0.008905471591726555,0.007702277290448478,0.04883573650642232,0.18235563193677665,0.15771805324233337,0.855303642525325,0.8746789741151474,0.862,0.867,0.888,True,999,0.00011620903387665749,0.0013997500063851476,strong_3x3_strong_250,strong_null,True,1860,292201944,0.0,1,0
250,250,0.10203874626972192,0.06384737399535484,0.09140670723124344,0.052596975647247746,0.038191372274367086,0.0388097315839957,0.04243431085821735,0.9000116062205681,0.914583760147957,0.368114074237577,0.36041018742543596,0.346,0.356,0.352,True,999,0.0001134589547291398,0.0013398330193012953,strong_3x3_strong_250,strong_null,True,1861,292201944,0.0,1,0
250,250,0.1353588580283347,0.10514168650444167,0.12291471915378338,0.09547200580335868,0.030217171523893027,0.027442713350424697,0.050518511850377465,0.598140570992834,0.5432209371428595,0.5497461412973257,0.5869776926687784,0.561,0.56,0.604,True,999,0.00011058303061872721,0.0013770000077784061,strong_3x3_strong_250,strong_null,True,1862,292201944,0.0,1,0
250,250,0.14094810034137806,0.15218455367377404,0.13363249244460462,0.13931153697332377,-0.01123645333239598,-0.005679044528719146,0.053463691077096885,-0.21016980133662194,-0.10622245517111277,0.8335351482137354,0.9154058550860451,0.827,0.827,0.906,True,999,0.0001092500751838088,0.0013420410687103868,strong_3x3_strong_250,strong_null,True,1863,292201944,0.0,1,0
250,250,0.08732415990116321,0.10634400044569753,0.07298693462209371,0.09749428486894374,-0.019019840544534317,-0.024507350246850024,0.04577563732139098,-0.4155013814662136,-0.5353797714444432,0.6777749040618883,0.5923872750925439,0.691,0.695,0.629,True,999,0.00012466590851545334,0.001388167031109333,strong_3x3_strong_250,strong_null,True,1864,292201944,0.0,0,1
250,250,0.1264194806598633,0.10283771707743244,0.11665451917291136,0.09059740662971194,0.02358176358243086,0.026057112543199423,0.04962185289647498,0.47522940410203934,0.5251136550173131,0.634623471034148,0.5995041841308675,0.645,0.646,0.603,True,999,0.00010854098945856094,0.001367625081911683,strong_3x3_strong_250,strong_null,True,1865,292201944,0.0,0,1
250,250,0.10232819210862348,0.11310546963665263,0.09494929000757679,0.10009943245857755,-0.01077727752802915,-0.005150142451000761,0.04591847262488452,-0.23470461694295638,-0.11215840067401878,0.814438004024249,0.9106978124427226,0.825,0.824,0.918,True,999,0.00011045800056308508,0.001382000045850873,strong_3x3_strong_250,strong_null,True,1866,292201944,0.0,1,0
250,250,0.13354985560975108,0.07048514438434494,0.12392981979390072,0.059217369986527046,0.06306471122540613,0.06471244980737367,0.044747053340758,1.4093600922759184,1.4461834908898934,0.15872871819973156,0.14812574293765873,0.154,0.154,0.141,True,999,0.00010912504512816668,0.0013535839971154928,strong_3x3_strong_250,strong_null,True,1867,292201944,0.0,0,0
250,250,0.12198293461460052,0.09165884946683,0.11000354890153119,0.07942098428624433,0.03032408514777052,0.030582564615286856,0.048922595146217024,0.6198380330630386,0.625121470434744,0.5353644261273831,0.5318913374127618,0.532,0.542,0.536,True,999,0.0001088329590857029,0.0014075830113142729,strong_3x3_strong_250,strong_null,True,1868,292201944,0.0,0,1
250,250,0.13141385274648482,0.14275382730960362,0.12411979274047269,0.13556982637668114,-0.011339974563118804,-0.011450033636208445,0.0511053360606365,-0.2218941393842694,-0.22404771240762367,0.824396292910254,0.8227201776329414,0.836,0.837,0.834,True,999,0.00010966591071337461,0.0013853750424459577,strong_3x3_strong_250,strong_null,True,1869,292201944,0.0,1,1
250,250,0.1357402242581358,0.14458715996147958,0.12509704074020078,0.13726261444307397,-0.008846935703343772,-0.01216557370287319,0.04954855340971178,-0.17855083740163696,-0.24552833262915547,0.8582904000828611,0.8060473731583822,0.859,0.858,0.806,True,999,0.00012620899360626936,0.001448625000193715,strong_3x3_strong_250,strong_null,True,1870,292201944,0.0,1,1
250,250,0.14046143915896475,0.05774826868915073,0.12987644016824618,0.04485509733612503,0.08271317046981402,0.08502134283212115,0.04516488981603088,1.8313599525367537,1.8824654101545837,0.06704683460439667,0.059772852063938425,0.073,0.08,0.068,True,999,0.00011583289597183466,0.0014100420521572232,strong_3x3_strong_250,strong_null,True,1871,292201944,0.0,1,0
250,250,0.07041439511109099,0.13575721962538934,0.06166409635341097,0.12238856596516712,-0.06534282451429835,-0.06072446961175615,0.046389128571866264,-1.4085805559608418,-1.3090237191604388,0.15895923166081916,0.19052631630693917,0.172,0.17,0.204,True,999,0.00011370808351784945,0.0013491250574588776,strong_3x3_strong_250,strong_null,True,1872,292201944,0.0,1,0
250,250,0.14941190246281155,0.10277829111590736,0.14004613844407743,0.09092006173190725,0.04663361134690419,0.049126076712170175,0.05040999319016661,0.9250866424636004,0.9745305167339937,0.3549208406339399,0.32979319454217726,0.373,0.375,0.346,True,999,0.00011054205242544413,0.001396792009472847,strong_3x3_strong_250,strong_null,True,1873,292201944,0.0,1,0
250,250,0.12247427423882906,0.11412959117430016,0.11159359853313333,0.1050372144776901,0.008344683064528902,0.006556384055443232,0.05102462261801713,0.16354227893068904,0.12849451341415957,0.8700914874487264,0.8977576398944764,0.863,0.864,0.885,True,999,0.00010958407074213028,0.001372167025692761,strong_3x3_strong_250,strong_null,True,1874,292201944,0.0,1,1
250,250,0.14684252683967947,0.1440588479696096,0.13406261267540742,0.13099562724613634,0.002783678870069861,0.003066985429271085,0.05404759779717814,0.051504210797971836,0.05674600822742236,0.9589237465751579,0.954747523771513,0.959,0.959,0.962,True,999,0.00011091702617704868,0.0013715829700231552,strong_3x3_strong_250,strong_null,True,1875,292201944,0.0,0,0
250,250,0.14516764014992778,0.0866227630506935,0.1342787616623582,0.07368846280486707,0.05854487709923428,0.06059029885749112,0.04996594995859832,1.171695467568303,1.2126317803963722,0.24131934338946526,0.2252706326960382,0.252,0.25,0.239,True,999,0.00011479191016405821,0.0013855420984327793,strong_3x3_strong_250,strong_null,True,1876,292201944,0.0,1,0
250,250,0.10238722640093922,0.05990546962655885,0.0918229188745272,0.052284939069679126,0.042481756774380375,0.03953797980484808,0.041503199376478575,1.0235778786359393,0.9526489619799224,0.30603469819145646,0.3407679608015569,0.304,0.306,0.346,True,999,0.00011741591151803732,0.0014059579698368907,strong_3x3_strong_250,strong_null,True,1877,292201944,0.0,1,1
250,250,0.045740914049764825,0.10338710303409165,0.033439516983222006,0.09393859511338576,-0.05764618898432683,-0.06049907813016375,0.03904266778870859,-1.4764920598227795,-1.5495631204704845,0.13981184524874238,0.12124641046363539,0.161,0.147,0.127,True,999,0.00011437502689659595,0.001334124943241477,strong_3x3_strong_250,strong_null,True,1878,292201944,0.0,1,0
250,250,0.12100386102068816,0.1387781025384286,0.11175762958765745,0.12840503767118605,-0.01777424151774043,-0.016647408083528603,0.053583372909921594,-0.33171188285628284,-0.31068234751691304,0.740106827042082,0.7560421182544239,0.717,0.713,0.74,True,999,0.00011204101610928774,0.0013115420006215572,strong_3x3_strong_250,strong_null,True,1879,292201944,0.0,1,1
250,250,0.11603354091202972,0.06193092041421444,0.10266430010229044,0.05058909172244341,0.05410262049781528,0.05207520837984703,0.043732514271792984,1.2371257724075313,1.190766395369017,0.2160403930789997,0.23374530459353604,0.193,0.195,0.216,True,999,0.00011179200373589993,0.0013808750081807375,strong_3x3_strong_250,strong_null,True,1880,292201944,0.0,0,0
250,250,0.1310433204978651,0.17490444401793614,0.12210542052375217,0.1649717873572456,-0.043861123520071044,-0.04286636683349343,0.05319451692347404,-0.8245421907519139,-0.8058418294344368,0.40963155324215594,0.42033405580076044,0.438,0.435,0.445,True,999,0.00011391693260520697,0.001384458038955927,strong_3x3_strong_250,strong_null,True,1881,292201944,0.0,1,0
250,250,0.07262253891924109,0.05982263717819769,0.06764484808687143,0.0451462518385739,0.012799901741043396,0.02249859624829753,0.040975950206559905,0.3123759589837221,0.5490683226351563,0.7547548188432581,0.5829585632921261,0.744,0.742,0.58,True,999,0.0001103340182453394,0.001398166990838945,strong_3x3_strong_250,strong_null,True,1882,292201944,0.0,2,0
250,250,0.11711670495008286,0.09550342440400383,0.1061875413283957,0.08453860299258054,0.021613280546079028,0.02164893833581516,0.046873271334452155,0.46110032286552033,0.4618610504341533,0.644726630115027,0.6441809670333332,0.66,0.657,0.658,True,999,0.00011320807971060276,0.001380832982249558,strong_3x3_strong_250,strong_null,True,1883,292201944,0.0,1,0
250,250,0.06250123849465283,0.09697714268781876,0.055111399635066505,0.08811126947453829,-0.03447590419316593,-0.032999869839471785,0.041717191047763565,-0.8264195965086236,-0.7910376756116922,0.4085661107963823,0.42892200635969824,0.425,0.437,0.459,True,999,0.00011570798233151436,0.0013518750201910734,strong_3x3_strong_250,strong_null,True,1884,292201944,0.0,1,1
250,250,0.10992034142015733,0.07066634236390557,0.09734465103078094,0.057426472660154104,0.039253999056251765,0.03991817837062683,0.043779606773654015,0.8966274927776259,0.9117984676520453,0.36991772265711165,0.36187481717776737,0.349,0.341,0.329,True,999,0.00011199992150068283,0.0013544170651584864,strong_3x3_strong_250,strong_null,True,1885,292201944,0.0,0,0
250,250,0.11676066660570628,0.1105609969768393,0.1020857300990059,0.09968354513225108,0.006199669628866977,0.0024021849667548167,0.0504887919949061,0.12279298798617469,0.04757857876649489,0.9022710270152574,0.9620521043594948,0.906,0.906,0.971,True,999,0.00011354195885360241,0.0014006249839439988,strong_3x3_strong_250,strong_null,True,1886,292201944,0.0,0,1
250,250,0.12101288224911494,0.07301113709615353,0.11163641935982582,0.06362819941907105,0.048001745152961406,0.04800821994075477,0.04607973584268321,1.0417105105992785,1.0418510232926557,0.2975459145044179,0.29748075404116003,0.312,0.319,0.314,True,999,0.00011133390944451094,0.0013915000017732382,strong_3x3_strong_250,strong_null,True,1887,292201944,0.0,1,1
250,250,0.10994491753510882,0.15836669162981082,0.09929913127250245,0.14870358643031523,-0.048421774094702,-0.04940445515781278,0.05064658245757184,-0.9560718955768905,-0.9754746077724074,0.33903591258209764,0.32932489120242536,0.354,0.351,0.339,True,999,0.00010991597082465887,0.0014172500232234597,strong_3x3_strong_250,strong_null,True,1888,292201944,0.0,1,0
250,250,0.06571103445748039,0.11549516589137632,0.05684793497285057,0.10380414364882995,-0.04978413143389593,-0.04695620867597938,0.043564634437779366,-1.1427648154605654,-1.077851548210372,0.2531362507629893,0.28110001086773184,0.24,0.241,0.269,True,999,0.00011745898518711329,0.0013842920307070017,strong_3x3_strong_250,strong_null,True,1889,292201944,0.0,1,0
250,250,0.11196436158186113,0.08801274050418989,0.09751128184370828,0.07862317342502934,0.023951621077671237,0.01888810841867894,0.047638964153752836,0.502773758899718,0.3964844482705025,0.6151233450103822,0.6917476783466661,0.632,0.63,0.704,True,999,0.00011629203800112009,0.0014052910264581442,strong_3x3_strong_250,strong_null,True,1890,292201944,0.0,0,1
250,250,0.11609036997179245,0.1174929126258733,0.10470236310268888,0.11100180658671377,-0.0014025426540808517,-0.006299443484024891,0.04771232062468154,-0.029395817175057248,-0.13202970221419486,0.9765489087754387,0.894960798425131,0.982,0.982,0.886,True,999,0.00011604197788983583,0.0014095839578658342,strong_3x3_strong_250,strong_null,True,1891,292201944,0.0,0,2
250,250,0.1606727277888617,0.043863937226550076,0.1506284166250822,0.030924968551246934,0.11680879056231164,0.11970344807383526,0.04401909393737383,2.6535937047794773,2.71935283911427,0.007963965488358132,0.006540979331805415,0.01,0.01,0.009,True,999,0.00011754105798900127,0.0014572080690413713,strong_3x3_strong_250,strong_null,True,1892,292201944,0.0,0,0
250,250,0.0861531675245038,0.12399779813089257,0.07470808018879893,0.10933991266745124,-0.03784463060638876,-0.034631832478652314,0.0464747884808087,-0.8143045260338586,-0.7451746121007776,0.4154705175184058,0.4561661684830687,0.419,0.421,0.468,True,999,0.00012258300557732582,0.0015328750014305115,strong_3x3_strong_250,strong_null,True,1893,292201944,0.0,0,0
250,250,0.11682398557604767,0.11359991493214305,0.10603622403893098,0.10400393890529358,0.0032240706439046196,0.0020322851336374015,0.048403479017078456,0.06660824199779222,0.04198634426505458,0.9468935841546826,0.966509584215901,0.953,0.953,0.966,True,999,0.000132082961499691,0.001419333042576909,strong_3x3_strong_250,strong_null,True,1894,292201944,0.0,1,0
250,250,0.08072644707504678,0.13523098966293323,0.06903137151972771,0.12792551502998606,-0.05450454258788645,-0.058894143510258345,0.04553287293450857,-1.1970371969781508,-1.2934422915717998,0.23129205676805675,0.19585813105494543,0.274,0.256,0.229,True,999,0.0001115420600399375,0.0013482909416779876,strong_3x3_strong_250,strong_null,True,1895,292201944,0.0,0,1
250,250,0.09348138569758374,0.14541119711713046,0.08228646969217834,0.1386889242588154,-0.05192981141954672,-0.05640245456663706,0.05028890619350115,-1.032629566841874,-1.1215685294409121,0.3017772860720469,0.26204593867222103,0.308,0.315,0.28,True,999,0.00011058396194130182,0.001367333927191794,strong_3x3_strong_250,strong_null,True,1896,292201944,0.0,0,2
250,250,0.1179840106442912,0.09891751889663308,0.111291581761634,0.08607630259344035,0.01906649174765812,0.02521527916819366,0.047822226743135354,0.39869518937436393,0.5272711223513487,0.6901178129310238,0.598005324915972,0.681,0.693,0.602,True,999,0.00011145800817757845,0.00138345907907933,strong_3x3_strong_250,strong_null,True,1897,292201944,0.0,2,0
250,250,0.08003726549728457,0.07175392594162344,0.06874067892781,0.06221306479878308,0.008283339555661129,0.006527614129026915,0.039995815033860675,0.2071051570932711,0.16320742866473908,0.8359277346367262,0.870355117404178,0.834,0.829,0.86,True,999,0.000110417022369802,0.001373999984934926,strong_3x3_strong_250,strong_null,True,1898,292201944,0.0,0,0
250,250,0.14569090777343086,0.0869825546348687,0.1327890468475914,0.07235850004501287,0.05870835313856215,0.06043054680257853,0.048053598413905496,1.2217264695326842,1.2575654851498377,0.22181108302575936,0.20854894228647158,0.252,0.245,0.23,True,999,0.00010987499263137579,0.001446666894480586,strong_3x3_strong_250,strong_null,True,1899,292201944,0.0,0,0
250,250,0.09785850568509596,0.10471737496788008,0.08617577913000218,0.09167387440184882,-0.006858869282784119,-0.005498095271846637,0.046679724944897014,-0.14693465505378742,-0.11778336908233397,0.883183598002075,0.9062393073625478,0.885,0.885,0.901,True,999,0.00011479097884148359,0.0014022920513525605,strong_3x3_strong_250,strong_null,True,1900,292201944,0.0,0,0
250,250,0.0858247491536554,0.13177389941708129,0.07279809074243815,0.11934810007232954,-0.045949150263425886,-0.046550009329891395,0.04846435100884563,-0.9481020442229656,-0.9605000038357094,0.34307750768950873,0.33680362905849626,0.351,0.362,0.352,True,999,0.00011712498962879181,0.0013810829259455204,strong_3x3_strong_250,strong_null,True,1901,292201944,0.0,0,1
250,250,0.11306522086674264,0.13293835506555185,0.10619307852167026,0.1263808197457621,-0.019873134198809206,-0.020187741224091837,0.05084898312518733,-0.3908265805411028,-0.39701366641670605,0.6959254260869521,0.6913573827267381,0.686,0.686,0.677,True,999,0.00011200003791600466,0.0013483749935403466,strong_3x3_strong_250,strong_null,True,1902,292201944,0.0,2,2
250,250,0.10247860931704444,0.05885949765075654,0.09756385810931079,0.04842342424790047,0.0436191116662879,0.049140433861410315,0.042277293735490246,1.0317385010306668,1.1623363162471942,0.30219463598782337,0.24509888047448214,0.282,0.278,0.219,True,999,0.00011133297812193632,0.001325041987001896,strong_3x3_strong_250,strong_null,True,1903,292201944,0.0,2,1
250,250,0.03927144893516327,0.09110168008791303,0.02882646298709801,0.08227690853972547,-0.05183023115274976,-0.05345044555262746,0.03881960992672992,-1.335155898026197,-1.3768929067940794,0.1818253276501911,0.16854536055718317,0.171,0.168,0.155,True,999,0.0001129999291151762,0.0013830410316586494,strong_3x3_strong_250,strong_null,True,1904,292201944,0.0,1,1
250,250,0.11387082075713284,0.13460572453637298,0.10423749488839462,0.12322232199881,-0.020734903779240144,-0.01898482711041538,0.05025620906379511,-0.41258392078318734,-0.37776082725054105,0.6799114838141358,0.7056082764195011,0.709,0.707,0.733,True,999,0.00011491705663502216,0.001360874972306192,strong_3x3_strong_250,strong_null,True,1905,292201944,0.0,0,0
250,250,0.07693439409379366,0.08410124190342105,0.06972363856490915,0.07470275029237428,-0.007166847809627397,-0.004979111727465124,0.04031509637635503,-0.17777082169722364,-0.12350489456811502,0.8589029632306651,0.9017072986614119,0.865,0.864,0.9,True,999,0.00011195894330739975,0.0013471669517457485,strong_3x3_strong_250,strong_null,True,1906,292201944,0.0,1,0
250,250,0.08672367447234197,0.14037101570839688,0.07673878605812945,0.13120019030576202,-0.05364734123605491,-0.05446140424763257,0.04704191997038812,-1.1404156392814062,-1.1577206942640705,0.2541131803482912,0.24697803606282076,0.264,0.255,0.255,True,999,0.0001141249667853117,0.0013633329654112458,strong_3x3_strong_250,strong_null,True,1907,292201944,0.0,0,1
250,250,0.05979766274918752,0.0830788666938227,0.04845412676118599,0.0701544912327563,-0.023281203944635176,-0.02170036447157031,0.04030681596832921,-0.5775996784992448,-0.5383795259000665,0.5635344240543545,0.590315058319536,0.57,0.561,0.592,True,999,0.00011254195123910904,0.0013463749783113599,strong_3x3_strong_250,strong_null,True,1908,292201944,0.0,0,0
250,250,0.1490102134602736,0.10232078548054718,0.14040028301295138,0.09411486194044016,0.04668942797972642,0.04628542107251121,0.04927007470060105,0.9476224313326816,0.9394225877223313,0.34332170255495265,0.34751382040213896,0.356,0.366,0.37,True,999,0.000110417022369802,0.0013914580922573805,strong_3x3_strong_250,strong_null,True,1909,292201944,0.0,1,2
250,250,0.1403432796330349,0.10422589236748653,0.12806251662652812,0.09728656625271981,0.03611738726554836,0.030775950373808314,0.04969329254286288,0.7268060822171395,0.6193179964330712,0.46734475663576647,0.5357068911174081,0.471,0.481,0.539,True,999,0.00011158303823322058,0.0014229590306058526,strong_3x3_strong_250,strong_null,True,1910,292201944,0.0,1,1
250,250,0.10553263251183143,0.134622935276982,0.09672800623833666,0.12731800139629001,-0.029090302765150566,-0.030589995157953354,0.04926678642724197,-0.590464791287161,-0.6209050229636792,0.5548790838910052,0.5346621160670804,0.567,0.573,0.55,True,999,0.0001230000052601099,0.0013720000861212611,strong_3x3_strong_250,strong_null,True,1911,292201944,0.0,1,1
250,250,0.11418169077457424,0.07048970617056532,0.09802399798091699,0.06239470156636173,0.043691984604008915,0.035629296414555256,0.0443313187971348,0.9855782726417063,0.8037048610621986,0.32434010432513016,0.4215674460622164,0.315,0.332,0.448,True,999,0.00011779193300753832,0.0013900420162826777,strong_3x3_strong_250,strong_null,True,1912,292201944,0.0,0,2
250,250,0.17915926489808387,0.09608095618283247,0.16978608383084293,0.08296006392367872,0.0830783087152514,0.08682601990716421,0.05040348958263275,1.6482650190132317,1.7226192199414971,0.09929829969895959,0.08495740698339893,0.114,0.114,0.097,True,999,0.00011725001968443394,0.0014169999631121755,strong_3x3_strong_250,strong_null,True,1913,292201944,0.0,1,0
250,250,0.1527157436816251,0.1343934831980515,0.14207355315514292,0.12138723189589484,0.018322260483573605,0.020686321259248075,0.05337769307255649,0.34325688183391684,0.38754618396731916,0.7314052156467692,0.6983519010424311,0.75,0.749,0.717,True,999,0.00011333392467349768,0.0014243340119719505,strong_3x3_strong_250,strong_null,True,1914,292201944,0.0,1,0
250,250,0.08125947192802635,0.1242131345622145,0.06826044214794535,0.11092947973875766,-0.04295366263418815,-0.04266903759081231,0.04710433464297193,-0.9118834383238005,-0.9058409998617531,0.36183008076182377,0.36502001647953075,0.368,0.366,0.377,True,999,0.00011545803863555193,0.0014199999859556556,strong_3x3_strong_250,strong_null,True,1915,292201944,0.0,0,0
250,250,0.10730879703108692,0.06239346303892501,0.09237146160631937,0.05357373422505418,0.04491533399216191,0.03879772738126519,0.04340172523547187,1.034874391478175,0.8939213169700482,0.300727575490349,0.37136399139258014,0.292,0.292,0.36,True,999,0.00011233298573642969,0.001382000045850873,strong_3x3_strong_250,strong_null,True,1916,292201944,0.0,0,1
250,250,0.11187137641622164,0.16085441459511785,0.09895009985383751,0.14916929362959763,-0.04898303817889621,-0.05021919377576012,0.05276949496660783,-0.928245347238823,-0.9516709191084447,0.3532803166094498,0.34126390225006076,0.346,0.343,0.332,True,999,0.00011845806147903204,0.0014197910204529762,strong_3x3_strong_250,strong_null,True,1917,292201944,0.0,0,0
250,250,0.12711536994979067,0.15747161329630865,0.10913891499995998,0.1462458289870341,-0.030356243346517986,-0.03710691398707411,0.05209421324271559,-0.5827181457772135,-0.7123039523447035,0.5600830557031093,0.47627657712624727,0.547,0.552,0.483,True,999,0.00011220807209610939,0.0014379579806700349,strong_3x3_strong_250,strong_null,True,1918,292201944,0.0,0,0
250,250,0.1261346878647241,0.051461773820110024,0.11135871766873606,0.04160879705102616,0.07467291404461407,0.0697499206177099,0.04305638965839584,1.7343050505873783,1.6199667731339598,0.08286397182764664,0.10523941463514351,0.086,0.083,0.103,True,999,0.00011008407454937696,0.001431124983355403,strong_3x3_strong_250,strong_null,True,1919,292201944,0.0,0,0
250,250,0.1092041421763203,0.07562138096251775,0.10440911743951631,0.06461665669864658,0.03358276121380255,0.03979246074086973,0.04391341712032403,0.7647494414243559,0.9061572373618121,0.44442075910034673,0.364852633419412,0.438,0.439,0.369,True,999,0.00011912500485777855,0.0013659159885719419,strong_3x3_strong_250,strong_null,True,1920,292201944,0.0,2,0
250,250,0.0659864528458885,0.12491317787214606,0.056039892000811165,0.11706144593424028,-0.058926725026257565,-0.06102155393342912,0.04593389837637662,-1.2828592196425253,-1.328464512927384,0.19954140227724748,0.18402469944547983,0.191,0.192,0.18,True,999,0.00012445903848856688,0.0013782089808955789,strong_3x3_strong_250,strong_null,True,1921,292201944,0.0,0,1
250,250,0.14036381372265117,0.14943033834501707,0.12966847729946096,0.14049929222596802,-0.009066524622365901,-0.01083081492650706,0.05183391389942891,-0.17491491458579195,-0.20895228840950772,0.8611464907989967,0.8344854847258899,0.848,0.842,0.835,True,999,0.00011012505274266005,0.0013745829928666353,strong_3x3_strong_250,strong_null,True,1922,292201944,0.0,1,1
250,250,0.08332324346012704,0.09263871400792806,0.07061334457218038,0.08039794220799479,-0.009315470547801019,-0.009784597635814407,0.044271127281017904,-0.21041864347997313,-0.22101532616743963,0.8333409429718137,0.8250804994956468,0.834,0.834,0.838,True,999,0.00010983401443809271,0.0013496250612661242,strong_3x3_strong_250,strong_null,True,1923,292201944,0.0,0,1
250,250,0.10355876791040136,0.10956346682552748,0.09189352390838224,0.10209780553783787,-0.0060046989151261165,-0.010204281629455636,0.04718396914704419,-0.1272614200050247,-0.21626585922975233,0.8987334943538093,0.8287805197216005,0.896,0.896,0.82,True,999,0.00011070806067436934,0.001412582932971418,strong_3x3_strong_250,strong_null,True,1924,292201944,0.0,0,1
250,250,0.12268940871494805,0.05277685476125993,0.11629000075606655,0.045324672565868696,0.06991255395368812,0.07096532819019785,0.043130185613899634,1.6209657565479452,1.645374977642752,0.10502498290075539,0.09989250642696654,0.084,0.091,0.085,True,999,0.00010987499263137579,0.0013757499400526285,strong_3x3_strong_250,strong_null,True,1925,292201944,0.0,2,1
250,250,0.11755289459254581,0.12596395779209368,0.10470793709380644,0.11840933909716966,-0.008411063199547875,-0.013701402003363228,0.049629295840607456,-0.16947778639780364,-0.27607488221004595,0.865420843497671,0.7824905523330681,0.876,0.875,0.774,True,999,0.00010958290658891201,0.0014375830069184303,strong_3x3_strong_250,strong_null,True,1926,292201944,0.0,0,1
250,250,0.0699350681773589,0.1095786967720801,0.061003626501175745,0.09851499866087465,-0.0396436285947212,-0.03751137215969891,0.04436386849897363,-0.8936017064345588,-0.8455388005797273,0.3715350330272652,0.3978100786281291,0.382,0.369,0.404,True,999,0.00011516700033098459,0.0013371249660849571,strong_3x3_strong_250,strong_null,True,1927,292201944,0.0,1,0
250,250,0.11427802369046575,0.03439494370848173,0.1014679977705839,0.02379569984722707,0.07988307998198402,0.07767229792335684,0.040490415870603834,1.9728886025094985,1.9182884703277934,0.04850825544184184,0.05507444356182978,0.079,0.064,0.07,True,999,0.00011141691356897354,0.001353458035737276,strong_3x3_strong_250,strong_null,True,1928,292201944,0.0,0,1
250,250,0.1347920451250033,0.11577733111975541,0.12517940178250342,0.11156104918377707,0.0190147140052479,0.013618352598726347,0.05069486175438946,0.37508168179591683,0.2686337851103261,0.7075997200012039,0.7882115108685795,0.708,0.707,0.785,True,999,0.0001105000264942646,0.0013677090173587203,strong_3x3_strong_250,strong_null,True,1929,292201944,0.0,0,3
250,250,0.09718405477537051,0.08719718259868497,0.08646922788982181,0.07989311694274193,0.009986872176685535,0.006576110947079883,0.044961324282918616,0.2221213973557197,0.14626150479242517,0.8242193812114937,0.8837149537238079,0.813,0.819,0.874,True,999,0.0001128750154748559,0.0014061249094083905,strong_3x3_strong_250,strong_null,True,1930,292201944,0.0,1,1
250,250,0.1437567971517859,0.06628939072513246,0.12760820117900096,0.05873552657791947,0.07746740642665345,0.06887267460108148,0.046531189071210045,1.6648490608761248,1.4801400087945453,0.09594287308275008,0.13883588630558372,0.105,0.098,0.14,True,999,0.00011020898818969727,0.001400084001943469,strong_3x3_strong_250,strong_null,True,1931,292201944,0.0,0,1
250,250,0.06925139152340876,0.10161212729334906,0.05786650612466815,0.09046710497833033,-0.03236073576994031,-0.03260059885366218,0.04226070562147482,-0.7657405453612721,-0.7714163399367414,0.44383069682066434,0.44046019293690364,0.425,0.422,0.42,True,999,0.00011045904830098152,0.0013731670333072543,strong_3x3_strong_250,strong_null,True,1932,292201944,0.0,0,0
250,250,0.13729149613470004,0.0903136144153554,0.12565240436885006,0.08080681894342945,0.04697788171934464,0.04484558542542061,0.04707745546891289,0.9978848952523781,0.9525915319495958,0.3183351772152483,0.3407970693916501,0.317,0.307,0.338,True,999,0.00011512497439980507,0.0013515419559553266,strong_3x3_strong_250,strong_null,True,1933,292201944,0.0,0,0
250,250,0.10370545062392544,0.03907061567151493,0.08892920848427366,0.0276478649723515,0.06463483495241051,0.06128134351192216,0.03922391414415946,1.6478425563256747,1.56234646258645,0.09938498368367403,0.11820639199015921,0.088,0.093,0.112,True,999,0.00011208397336304188,0.0013334589311853051,strong_3x3_strong_250,strong_null,True,1934,292201944,0.0,0,0
250,250,0.11485399485397041,0.10896392739532412,0.11019629144969656,0.1016181203388129,0.0058900674586462864,0.008578171110883659,0.047366304354538466,0.12435142532039069,0.1811028161850193,0.9010370317199082,0.8562868741542233,0.886,0.886,0.847,True,999,0.00011141598224639893,0.001391374971717596,strong_3x3_strong_250,strong_null,True,1935,292201944,0.0,2,1
250,250,0.06541445890075454,0.09548265443304782,0.05414168553549814,0.08624484988169456,-0.030068195532293285,-0.03210316434619642,0.04215313230411996,-0.7133086887911881,-0.7615843139386044,0.4756547620489585,0.44630813974609207,0.455,0.454,0.424,True,999,0.00011829100549221039,0.0013852090341970325,strong_3x3_strong_250,strong_null,True,1936,292201944,0.0,0,1
250,250,0.08824149783110036,0.14689196459551623,0.07922342007104533,0.13217313581482415,-0.058650466764415876,-0.052949715743778825,0.04860035227655054,-1.2067909802521015,-1.0894924267725286,0.2275126505604218,0.27593679270110427,0.253,0.247,0.304,True,999,0.00011087500024586916,0.0014284159988164902,strong_3x3_strong_250,strong_null,True,1937,292201944,0.0,1,0
250,250,0.15013607833289883,0.14781529789248365,0.13829797944123357,0.13634488619136675,0.002320780440415171,0.0019530932498668108,0.052809620825764535,0.043946167462026516,0.03698366356976272,0.9649473145130524,0.9704980314120308,0.961,0.961,0.974,True,999,0.00011058303061872721,0.0014072500634938478,strong_3x3_strong_250,strong_null,True,1938,292201944,0.0,0,0
250,250,0.07970928485261669,0.05060469506467358,0.07225838126888107,0.041419940852563286,0.029104589787943114,0.03083844041631778,0.039344273076408205,0.7397414544022912,0.7838101457975409,0.45945688926363204,0.4331515196826735,0.419,0.422,0.404,True,999,0.00011662510223686695,0.0013693749206140637,strong_3x3_strong_250,strong_null,True,1939,292201944,0.0,1,1
250,250,0.09678399257406534,0.1581094956797321,0.08630211128075871,0.14360147176132898,-0.06132550310566676,-0.05729936048057027,0.05044450213268977,-1.2157024157827048,-1.1358891070001922,0.22409830357816818,0.2560029777582137,0.253,0.261,0.29,True,999,0.00011620903387665749,0.0014071250334382057,strong_3x3_strong_250,strong_null,True,1940,292201944,0.0,1,0
250,250,0.1473343732638729,0.13658446616193765,0.14215882882554354,0.12519950778997213,0.010749907101935241,0.016959321035571406,0.051005811870360254,0.21075847452948923,0.332497815713165,0.8330757431853597,0.739513388786661,0.853,0.854,0.753,True,999,0.00012004200834780931,0.0014567500911653042,strong_3x3_strong_250,strong_null,True,1941,292201944,0.0,2,0
250,250,0.08902174817356845,0.11746033292185104,0.07841667823466025,0.10675559014987357,-0.02843858474828259,-0.028338911915213316,0.04702192922936803,-0.6047940868092027,-0.6026743772459672,0.545315823117462,0.546725330258248,0.545,0.544,0.553,True,999,0.0001224169973284006,0.0014145419700071216,strong_3x3_strong_250,strong_null,True,1942,292201944,0.0,1,1
250,250,0.14796568595763138,0.07563770364055655,0.14535153957210412,0.06831767362727703,0.07232798231707482,0.07703386594482708,0.04737988206417818,1.5265547140683744,1.625877114689337,0.12687177525141113,0.10397579942125819,0.118,0.121,0.105,True,999,0.00014599994756281376,0.0013860840117558837,strong_3x3_strong_250,strong_null,True,1943,292201944,0.0,3,1
250,250,0.0964880683872561,0.07150786629583378,0.08603035068841791,0.06488516586027515,0.02498020209142232,0.02114518482814276,0.04394372695703922,0.5684588864263552,0.4811877893018715,0.5697234150730847,0.6303830384859054,0.59,0.588,0.645,True,999,0.00011200003791600466,0.001323667005635798,strong_3x3_strong_250,strong_null,True,1944,292201944,0.0,1,2
250,250,0.11470800077644439,0.13331644220657718,0.10514860508604329,0.11841557003144487,-0.018608441430132794,-0.013266964945401583,0.0489321838120227,-0.38029043423892056,-0.2711296310904046,0.7037298354622031,0.7862913325030687,0.684,0.684,0.772,True,999,0.00011066708248108625,0.001355124986730516,strong_3x3_strong_250,strong_null,True,1945,292201944,0.0,0,0
250,250,0.10303818793637731,0.018787969394713833,0.09313017405159485,0.005899427494114207,0.08425021854166348,0.08723074655748064,0.03522972825950925,2.391452409767667,2.4760550497273623,0.01678185945841637,0.013284309358287063,0.017,0.015,0.012,True,999,0.0001127920113503933,0.001336415996775031,strong_3x3_strong_250,strong_null,True,1946,292201944,0.0,0,0
250,250,0.12586979734973197,0.11880755814029209,0.1143143298364322,0.10944857108910355,0.00706223920943988,0.004865758747328641,0.04937383890092637,0.14303605647539339,0.0985493300833318,0.8862617050104449,0.9214961028203406,0.893,0.896,0.924,True,999,0.00011004204861819744,0.001411624951288104,strong_3x3_strong_250,strong_null,True,1947,292201944,0.0,0,1
250,250,0.07953768759808083,0.11501266711926272,0.07037382029390926,0.10165121220110507,-0.03547497952118189,-0.031277391907195806,0.04768607259136171,-0.7439274738596978,-0.6559020319249709,0.4569203531762145,0.5118871607522044,0.505,0.501,0.549,True,999,0.00010958302300423384,0.0014019999653100967,strong_3x3_strong_250,strong_null,True,1948,292201944,0.0,1,0
250,250,0.06981312153262703,0.12208740765009701,0.05672102731168138,0.11209530198080131,-0.05227428611746998,-0.05537427466911993,0.044355060658426614,-1.1785416442112082,-1.2484319454673065,0.23858074042564215,0.2118729162888836,0.255,0.256,0.234,True,999,0.00011279096361249685,0.0013302500592544675,strong_3x3_strong_250,strong_null,True,1949,292201944,0.0,0,0
250,250,0.09610558463173374,0.11157728339503581,0.08454795530282411,0.10177594465844209,-0.015471698763302066,-0.01722798935561798,0.046273275756508234,-0.3343549491657937,-0.37230969871837744,0.7381117304135758,0.7096622783186869,0.737,0.736,0.707,True,999,0.00011062505654990673,0.001359584042802453,strong_3x3_strong_250,strong_null,True,1950,292201944,0.0,0,0
250,250,0.13046346880253906,0.13894870828076483,0.11897641936455727,0.1312877957530958,-0.00848523947822577,-0.01231137638853852,0.051427015905170716,-0.16499575814144457,-0.2393951150352606,0.8689473208112166,0.810799217540223,0.885,0.886,0.833,True,999,0.00010933401063084602,0.0013903339859098196,strong_3x3_strong_250,strong_null,True,1951,292201944,0.0,0,1
250,250,0.10214492645024548,0.0783147240115753,0.09699423922286599,0.06538316833471924,0.02383020243867018,0.03161107088814674,0.04283528404801947,0.5563218026511952,0.7379680464523104,0.5779908851089675,0.4605338667647113,0.584,0.592,0.46,True,999,0.00011825002729892731,0.0014059999957680702,strong_3x3_strong_250,strong_null,True,1952,292201944,0.0,2,0
250,250,0.14312550058847412,0.14430018949546247,0.1299838426840978,0.13264400361748585,-0.0011746889069883526,-0.002660160933388056,0.05247309602382074,-0.022386498910891204,-0.050695711420962214,0.9821396499626417,0.9595679940471974,0.983,0.983,0.966,True,999,0.00011870800517499447,0.001420708023943007,strong_3x3_strong_250,strong_null,True,1953,292201944,0.0,0,0
250,250,0.07932229204138763,0.07393668349434729,0.07243349081670658,0.06237270420979257,0.005385608547040344,0.010060786606914007,0.04084603556456409,0.1318514385203302,0.24630998988901204,0.8951017996206596,0.8054422773149736,0.893,0.891,0.817,True,999,0.0001116250641644001,0.0013578330399468541,strong_3x3_strong_250,strong_null,True,1954,292201944,0.0,2,0
250,250,0.15446965728952006,0.16440924374146237,0.14383230676368441,0.14991252915075393,-0.009939586451942317,-0.006080222387069512,0.05438004136989417,-0.18278004579535062,-0.11180981540105335,0.8549706059922414,0.9109742047633878,0.851,0.852,0.905,True,999,0.00011483300477266312,0.0013932500733062625,strong_3x3_strong_250,strong_null,True,1955,292201944,0.0,1,0
250,250,0.14538587475230808,0.12156435381291081,0.1360371042049593,0.10836693388101537,0.023821520939397267,0.02767017032394392,0.05004542898338853,0.47599793674072194,0.5529010518249013,0.6340758478231574,0.5803311671652597,0.649,0.648,0.6,True,999,0.00011545803863555193,0.001380500034429133,strong_3x3_strong_250,strong_null,True,1956,292201944,0.0,1,0
250,250,0.11351030045891092,0.10351668403952002,0.10212295886329059,0.09080862323861538,0.009993616419390894,0.01131433562467521,0.04787241517391155,0.20875521703022398,0.2363435306861444,0.834639332663318,0.8131661109278916,0.835,0.834,0.808,True,999,0.00011491600889712572,0.0013874579453840852,strong_3x3_strong_250,strong_null,True,1957,292201944,0.0,0,0
250,250,0.11020635740743678,0.06185610393103269,0.10516633266695408,0.05114466822405461,0.04835025347640409,0.054021664442899464,0.04466694607013741,1.0824615902883319,1.20943268335545,0.27904747369637184,0.22649665852906808,0.262,0.259,0.214,True,999,0.00011212506797164679,0.001385916955769062,strong_3x3_strong_250,strong_null,True,1958,292201944,0.0,2,1
250,250,0.10601087682968846,0.12772402540860928,0.09485565195038248,0.1133576540903789,-0.021713148578920816,-0.01850200213999642,0.04817302173595901,-0.4507325427483599,-0.3840739375123214,0.652182324849133,0.7009236476866201,0.675,0.673,0.725,True,999,0.00011079106479883194,0.0014600830618292093,strong_3x3_strong_250,strong_null,True,1959,292201944,0.0,0,0
250,250,0.10169231201950768,0.11419804895752861,0.09029675080780919,0.1015319860375854,-0.012505736938020928,-0.011235235229776208,0.04702449139425232,-0.26594092923138923,-0.23892305682968984,0.790284702760911,0.8111652464794782,0.803,0.804,0.814,True,999,0.00011349993292242289,0.0013437499292194843,strong_3x3_strong_250,strong_null,True,1960,292201944,0.0,0,0
250,250,0.13045245586352194,0.1336998983409985,0.12555873971378162,0.12228855370250358,-0.0032474424774765476,0.0032701860112780423,0.05114441389748861,-0.0634955458475986,0.06394023827964174,0.9493719059876161,0.9490178122996044,0.948,0.947,0.94,True,999,0.00011329201515763998,0.001394959050230682,strong_3x3_strong_250,strong_null,True,1961,292201944,0.0,2,0
250,250,0.1433219195600698,0.1720347122645564,0.13292727452319753,0.1597711989174826,-0.028712792704486623,-0.026843924394285068,0.053158346296581505,-0.5401370566400234,-0.5049804266768799,0.5891025167359224,0.6135725836382045,0.603,0.603,0.64,True,999,0.0001118748914450407,0.0013408339582383633,strong_3x3_strong_250,strong_null,True,1962,292201944,0.0,1,1
250,250,0.1539146565145879,0.06984631272553876,0.14250749381980654,0.0551781031648062,0.08406834378904915,0.08732939065500034,0.047083869664331,1.7855020071287009,1.8547623905508739,0.07417992606721513,0.06363016490145577,0.095,0.092,0.083,True,999,0.00011187500786036253,0.0014485000865533948,strong_3x3_strong_250,strong_null,True,1963,292201944,0.0,0,0
250,250,0.19306819301637507,0.10728898740830717,0.18412302958650173,0.09409952220126172,0.0857792056080679,0.09002350738524001,0.05245788027792974,1.6352015207933825,1.7161102756779711,0.10200680946699381,0.08614186085930693,0.107,0.107,0.097,True,999,0.00011129199992865324,0.0014143750304356217,strong_3x3_strong_250,strong_null,True,1964,292201944,0.0,1,0
250,250,0.08983168836843425,0.1155699013409015,0.08467795074723483,0.10410492326720089,-0.025738212972467256,-0.019426972519966057,0.04717913616182834,-0.545542268603288,-0.4117704159171108,0.5853806177968247,0.6805077072705739,0.573,0.575,0.677,True,999,0.00011854094918817282,0.001405457966029644,strong_3x3_strong_250,strong_null,True,1965,292201944,0.0,2,0
250,250,0.118675254585348,0.16772561679900033,0.10968868678823185,0.15608611836807995,-0.04905036221365233,-0.0463974315798481,0.050414771105245476,-0.972936326761361,-0.9203142365357405,0.330584948976149,0.35740857156143835,0.361,0.359,0.395,True,999,0.00011204194743186235,0.0013690419727936387,strong_3x3_strong_250,strong_null,True,1966,292201944,0.0,1,0
250,250,0.10370932717039277,0.1378058834348974,0.09204753756387163,0.13069508667820173,-0.03409655626450464,-0.038647549114330104,0.04894785205700412,-0.6965894279650142,-0.7895657825663444,0.48605977389674504,0.42978139808187976,0.482,0.476,0.422,True,999,0.00011062505654990673,0.001339541980996728,strong_3x3_strong_250,strong_null,True,1967,292201944,0.0,0,1
250,250,0.14738742648940784,0.08784783223110243,0.1343626319973481,0.07882975711677886,0.059539594258305406,0.05553287488056924,0.049253887643942354,1.208830350382059,1.1274820635889262,0.2267280288496133,0.2595387198274295,0.245,0.24,0.28,True,999,0.00010962493252009153,0.001374458079226315,strong_3x3_strong_250,strong_null,True,1968,292201944,0.0,0,1
250,250,0.14111338278259627,0.12892101896579827,0.13389857514140147,0.12179512921164815,0.012192363816798002,0.01210344592975332,0.046644076696278035,0.26139147090826415,0.2594851648273513,0.7937906337000356,0.795260926887176,0.812,0.8,0.807,True,999,0.00011349993292242289,0.0014070420293137431,strong_3x3_strong_250,strong_null,True,1969,292201944,0.0,1,1
250,250,0.08976593738751515,0.11928268660178554,0.0798928929081626,0.11040096737684735,-0.029516749214270388,-0.030508074468684754,0.046246701854566835,-0.6382454970971216,-0.6596810852506685,0.5233138848166936,0.5094585072782339,0.565,0.56,0.55,True,999,0.00011629192158579826,0.001396500039845705,strong_3x3_strong_250,strong_null,True,1970,292201944,0.0,0,1
250,250,0.10401181478639032,0.14120258859200574,0.0950230425011398,0.12674129173414883,-0.03719077380561542,-0.03171824923300903,0.05021112280127085,-0.7406879537988367,-0.6316976690313374,0.4588826649791701,0.5275844514831151,0.488,0.485,0.548,True,999,0.000114083057269454,0.0013509169220924377,strong_3x3_strong_250,strong_null,True,1971,292201944,0.0,1,0
250,250,0.17454457197180184,0.067042059756512,0.16783445625590332,0.055444610226018654,0.10750251221528984,0.11238984602988467,0.046724200536986955,2.300788691508818,2.4053883156527562,0.021403577962104757,0.01615528918826649,0.033,0.031,0.026,True,999,0.00010991701856255531,0.0013824999332427979,strong_3x3_strong_250,strong_null,True,1972,292201944,0.0,2,0
250,250,0.09012408034700603,0.07276314459351851,0.07704834287771689,0.06416454529582438,0.017360935753487516,0.012883797581892509,0.041576013944519416,0.4175709527290085,0.3098853487755014,0.6762608380167512,0.7566481447394985,0.671,0.669,0.755,True,999,0.00010983401443809271,0.0013545419787988067,strong_3x3_strong_250,strong_null,True,1973,292201944,0.0,0,1
250,250,0.11705641724898896,0.13293949581802056,0.10724531777971436,0.12160591588188652,-0.015883078569031595,-0.014360598102172162,0.05008201144374202,-0.3171413869203981,-0.28674164012569,0.751136322281351,0.7743101515415749,0.734,0.735,0.77,True,999,0.00011066696606576443,0.0013907080283388495,strong_3x3_strong_250,strong_null,True,1974,292201944,0.0,0,0
250,250,0.017436576844185925,0.1275369866937216,0.006684823974126175,0.1187838104950032,-0.11010040984953567,-0.11209898652087702,0.040207454137998956,-2.7383084109640956,-2.7880150316439796,0.00617561315922083,0.005303208307396677,0.009,0.008,0.009,True,999,0.00011008395813405514,0.0013706670142710209,strong_3x3_strong_250,strong_null,True,1975,292201944,0.0,1,1
250,250,0.14669248506392174,0.10609288413954532,0.13522034725085064,0.09136390054111132,0.04059960092437642,0.043856446709739316,0.049782151587169005,0.815545323574176,0.8809672806717941,0.4147602320632158,0.3783355296201034,0.435,0.431,0.397,True,999,0.00011449994053691626,0.0014178749406710267,strong_3x3_strong_250,strong_null,True,1976,292201944,0.0,0,0
250,250,0.09759404563020752,0.10223041372489916,0.09028452128650599,0.0888726537753115,-0.004636368094691645,0.0014118675111944867,0.04557405069409602,-0.10173263126887847,0.030979636211652124,0.9189689005007604,0.9752857798261141,0.921,0.919,0.973,True,999,0.00011475000064820051,0.001368124969303608,strong_3x3_strong_250,strong_null,True,1977,292201944,0.0,1,0
250,250,0.08248864597334238,0.10088246433499365,0.07549155505037675,0.09185628857390782,-0.01839381836165127,-0.016364733523531072,0.044100309793853716,-0.41709045690683166,-0.371079786061091,0.6766122448827165,0.7105781062854117,0.644,0.659,0.694,True,999,0.00011341599747538567,0.0013165830168873072,strong_3x3_strong_250,strong_null,True,1978,292201944,0.0,1,1
250,250,0.0778886553146666,0.1213077755131583,0.07304681829441506,0.11084109017974697,-0.0434191201984917,-0.03779427188533191,0.045680514934336613,-0.9504954193468363,-0.8273608986163844,0.34186058031285893,0.40803253612146506,0.339,0.344,0.407,True,999,0.00010920804925262928,0.0013652918860316277,strong_3x3_strong_250,strong_null,True,1979,292201944,0.0,2,1
250,250,0.11829744403257358,0.09501336842246177,0.10758768242354222,0.0883284830528197,0.02328407561011181,0.019259199370722513,0.049468420571723556,0.4706856483592914,0.38932311054481467,0.6378652346088889,0.6970371425035676,0.636,0.64,0.704,True,999,0.0001106249401345849,0.0014074170030653477,strong_3x3_strong_250,strong_null,True,1980,292201944,0.0,1,2
250,250,0.23092861365259754,0.0752832505788193,0.22246998760577696,0.0665132902591381,0.15564536307377824,0.15595669734663886,0.05015061326793398,3.1035585196581637,3.109766505016135,0.0019120841657706345,0.0018723529066964183,0.004,0.006,0.005,True,999,0.00011025008279830217,0.0014276670990511775,strong_3x3_strong_250,strong_null,True,1981,292201944,0.0,2,1
250,250,0.12286701056978822,0.14340466235333543,0.112924590356414,0.12695279178429075,-0.020537651783547217,-0.014028201427876752,0.05158523027801928,-0.39813046627608856,-0.27194220811405856,0.6905340178634365,0.785666456364311,0.671,0.666,0.771,True,999,0.00011233298573642969,0.0013813329860568047,strong_3x3_strong_250,strong_null,True,1982,292201944,0.0,0,0
250,250,0.039428719236814846,0.14354129791552317,0.02662144060319349,0.136436232162211,-0.10411257867870832,-0.10981479155901752,0.0417276287262017,-2.495051404953997,-2.6317045782681245,0.012593888406452597,0.00849577009489024,0.021,0.018,0.014,True,999,0.0001092500751838088,0.001333083026111126,strong_3x3_strong_250,strong_null,True,1983,292201944,0.0,0,1
250,250,0.08068030318881564,0.180909560091931,0.07082289593836322,0.1719576696315528,-0.10022925690311535,-0.10113477369318957,0.04999980956672975,-2.0045927728854522,-2.022703177663409,0.04500659989939842,0.04310375909124475,0.038,0.038,0.041,True,999,0.00010837498120963573,0.0013481670757755637,strong_3x3_strong_250,strong_null,True,1984,292201944,0.0,0,1
250,250,0.1406523647767267,0.0992788825609584,0.12988106509456543,0.08813992964122974,0.04137348221576831,0.04174113545333569,0.051156649746458616,0.8087605896950365,0.8159474019548215,0.41865286918988476,0.4145302193396455,0.422,0.424,0.428,True,999,0.00010979105718433857,0.0013889579568058252,strong_3x3_strong_250,strong_null,True,1985,292201944,0.0,1,0
250,250,0.06900669119651742,0.1586143113161167,0.055809628548360024,0.1445809405138334,-0.08960762011959927,-0.08877131196547339,0.047577353087364695,-1.8834091075864563,-1.865831245434474,0.0596449470411444,0.06206497934761674,0.065,0.061,0.073,True,999,0.00011241692118346691,0.00140954100061208,strong_3x3_strong_250,strong_null,True,1986,292201944,0.0,0,1
250,250,0.06476070701293346,0.11483135283288887,0.051490974202820894,0.10359416277873379,-0.050070645819955406,-0.052103188575912895,0.04348788434655225,-1.1513700096547705,-1.1981081480236155,0.24958004637074538,0.23087491719416708,0.245,0.243,0.224,True,999,0.00010887498501688242,0.001384834060445428,strong_3x3_strong_250,strong_null,True,1987,292201944,0.0,0,0
250,250,0.10478626084446369,0.11335463430614179,0.09566064082034131,0.1027207057927626,-0.008568373461678103,-0.007060064972421287,0.049292122553230865,-0.17382845407854092,-0.14322907204487045,0.8620002816921034,0.8861092703517162,0.865,0.865,0.892,True,999,0.00011012493632733822,0.0014186248881742358,strong_3x3_strong_250,strong_null,True,1988,292201944,0.0,1,1
250,250,0.19463902464215743,0.12426874988877673,0.1901949435542747,0.11110985163234943,0.0703702747533807,0.07908509192192525,0.053623259283402266,1.31230879461223,1.4748281432121761,0.1894159659838447,0.14025875287558484,0.2,0.198,0.155,True,999,0.00012437498662620783,0.0013707500183954835,strong_3x3_strong_250,strong_null,True,1989,292201944,0.0,3,0
250,250,0.19984345004825144,0.11676859978538573,0.18735506846965677,0.10916582440863465,0.08307485026286571,0.07818924406102212,0.055337929267191686,1.5012280250269225,1.4129412700554074,0.13329659371757394,0.15767299314176164,0.148,0.143,0.171,True,999,0.00011341692879796028,0.00137729209382087,strong_3x3_strong_250,strong_null,True,1990,292201944,0.0,1,1
250,250,0.028017458842986176,0.12379954679205496,0.016562903674383733,0.11398783637018539,-0.09578208794906878,-0.09742493269580166,0.03872870289554112,-2.473155070734277,-2.5155743779639548,0.013392601664805425,0.01188385993043237,0.012,0.008,0.008,True,999,0.00014433299656957388,0.0013544999528676271,strong_3x3_strong_250,strong_null,True,1991,292201944,0.0,0,0
250,250,0.13373571573063797,0.11344380766921502,0.12440618010357696,0.10280616264287801,0.020291908061422947,0.02160001746069895,0.050100628912483465,0.40502302070637,0.4311326609977329,0.68546058943569,0.6663719135602673,0.692,0.696,0.68,True,999,0.0001104589318856597,0.0014204590115696192,strong_3x3_strong_250,strong_null,True,1992,292201944,0.0,0,1
250,250,0.13669536076636368,0.10192206611040788,0.12213229349919175,0.09529781520089387,0.0347732946559558,0.02683447829829788,0.0493107857277095,0.7051863835220828,0.5441908479511132,0.4806942539389424,0.5863101490811461,0.489,0.495,0.605,True,999,0.00011125009041279554,0.001364499912597239,strong_3x3_strong_250,strong_null,True,1993,292201944,0.0,0,2
250,250,0.09557524395849071,0.06658190211331305,0.08277885584094236,0.053885029711580046,0.028993341845177656,0.02889382612936231,0.04162741548548937,0.6964963235655179,0.6941056943454541,0.48611805885750026,0.4876159277822615,0.496,0.493,0.498,True,999,0.00010920793283730745,0.0013452090788632631,strong_3x3_strong_250,strong_null,True,1994,292201944,0.0,0,0
250,250,0.08550303059764613,0.1355918539774308,0.07851609245115299,0.12659021018998828,-0.05008882337978465,-0.0480741177388353,0.04773112294644402,-1.0493954528575842,-1.0071859778529855,0.293996150153535,0.313845410172071,0.305,0.308,0.336,True,999,0.00010841700714081526,0.0013500419445335865,strong_3x3_strong_250,strong_null,True,1995,292201944,0.0,1,1
250,250,0.07079506218614973,0.12935389136511377,0.06341052975140826,0.1226609760207964,-0.058558829178964045,-0.059250446269388135,0.04631443026454192,-1.2643754623447538,-1.2793085423043618,0.20609529577251218,0.20078842565521837,0.244,0.242,0.241,True,999,0.00011270900722593069,0.0014082499546930194,strong_3x3_strong_250,strong_null,True,1996,292201944,0.0,1,2
250,250,0.16220084525208278,0.14407185896121444,0.14744955828527395,0.1293057112501117,0.018128986290868343,0.018143847035162253,0.05398522119048741,0.33581387444723115,0.33608914875316526,0.7370112268686619,0.7368036410138714,0.76,0.759,0.762,True,999,0.00010987499263137579,0.0014316670130938292,strong_3x3_strong_250,strong_null,True,1997,292201944,0.0,0,0
250,250,0.10016471433057872,0.12496872339841536,0.08994739941300622,0.11527898992312657,-0.02480400906783664,-0.02533159051012035,0.04772300262407285,-0.5197495485190781,-0.5308046249659566,0.6032381473913736,0.5955541747793087,0.599,0.595,0.585,True,999,0.00011583301238715649,0.001380041940137744,strong_3x3_strong_250,strong_null,True,1998,292201944,0.0,0,0
250,250,0.1754317654527297,0.11302137352844749,0.16375998190740404,0.1081003652903263,0.062410391924282216,0.055659616617077745,0.04933544423887294,1.2650213834520845,1.1281871983879248,0.20586366259735356,0.2592408691839906,0.234,0.23,0.292,True,999,0.00010845798533409834,0.0013609579764306545,strong_3x3_strong_250,strong_null,True,1999,292201944,0.0,0,2
500,500,0.11377366189412341,0.08275480679715874,0.09606179702859663,0.06472666277073813,0.03101885509696467,0.0313351342578585,0.02839016659750804,1.092591513699936,1.1037319612139562,0.27457319038242545,0.26970942690116784,0.284,0.274,0.266,True,999,0.00012729200534522533,0.002809292054735124,strong_5x5_mild_500,strong_null,True,0,2969104037,0.0,0,0
500,500,0.1275221690114634,0.14287117627132595,0.1089868221810093,0.12439821200996448,-0.015349007259862546,-0.01541138982895518,0.032046614928586646,-0.4789587697192542,-0.48090538933045646,0.6319679604164563,0.6305837422757292,0.603,0.596,0.598,True,999,0.00012204097583889961,0.00271445803809911,strong_5x5_mild_500,strong_null,True,1,2969104037,0.0,0,0
500,500,0.09414424423582157,0.1274432943831243,0.07743066994470382,0.10789886713484975,-0.03329905014730272,-0.03046819719014593,0.029847100210442064,-1.1156544492604674,-1.020809290528216,0.26457007551689604,0.3073448018743906,0.257,0.261,0.301,True,999,0.00012324994895607233,0.002803084091283381,strong_5x5_mild_500,strong_null,True,2,2969104037,0.0,1,0
500,500,0.11490191109107262,0.10459189568534988,0.09617080946014767,0.08595935414956557,0.010310015405722739,0.010211455310582096,0.029779744865682568,0.3462089904471862,0.3428993551368374,0.7291856586434207,0.7316741769140566,0.697,0.696,0.694,True,999,0.00011575000826269388,0.0027342078974470496,strong_5x5_mild_500,strong_null,True,3,2969104037,0.0,0,0
500,500,0.1424867248937287,0.12479556849297868,0.12557144950824295,0.10811913178179111,0.01769115640075003,0.017452317726451838,0.03187367747181418,0.5550397005928882,0.5475464116710373,0.5788675057146941,0.5840033939828948,0.573,0.572,0.575,True,999,0.00011433393228799105,0.0027565420605242252,strong_5x5_mild_500,strong_null,True,4,2969104037,0.0,2,1
500,500,0.14945013135122975,0.14172377001597858,0.1324224631403581,0.1254840641859687,0.007726361335251175,0.006938398954389413,0.03262530456460807,0.23682112514691225,0.21266924698432357,0.8127955621822018,0.8315849553786814,0.818,0.821,0.838,True,999,0.00011266698129475117,0.002836999949067831,strong_5x5_mild_500,strong_null,True,5,2969104037,0.0,2,2
500,500,0.10511057103505783,0.10098087265692512,0.08393223711505016,0.0845373780118166,0.004129698378132707,-0.0006051408967664429,0.02945979708813867,0.14018081542711772,-0.020541244563089315,0.8885171292986722,0.9836116106051611,0.889,0.888,0.984,True,999,0.00011162494774907827,0.0027422079583629966,strong_5x5_mild_500,strong_null,True,6,2969104037,0.0,0,2
500,500,0.13417932973923397,0.08879751416776083,0.1144358127534133,0.07017737965009019,0.04538181557147314,0.044258433103323114,0.030270530507288805,1.4992078041230796,1.4620963809228973,0.13381973109796438,0.143714800354256,0.134,0.152,0.162,True,999,0.00012550002429634333,0.0026960830437019467,strong_5x5_mild_500,strong_null,True,7,2969104037,0.0,0,0
500,500,0.08568739198881059,0.1075273491187253,0.06716136004320106,0.08905495482548531,-0.02183995712991471,-0.021893594782284254,0.02815405409594011,-0.7757304527259572,-0.7776356011705386,0.43790815526081694,0.4367838669145637,0.438,0.433,0.434,True,999,0.00011304207146167755,0.002805249998345971,strong_5x5_mild_500,strong_null,True,8,2969104037,0.0,0,1
500,500,0.13311912804974413,0.09657818553838049,0.11375244861159217,0.07809151784960022,0.03654094251136364,0.03566093076199195,0.029995078932043173,1.2182312503377895,1.1888927127941662,0.22313610729677535,0.23448188808280912,0.213,0.213,0.223,True,999,0.00016475003212690353,0.0027719170320779085,strong_5x5_mild_500,strong_null,True,9,2969104037,0.0,1,0
500,500,0.13434594861917093,0.09666822210209136,0.11462540311873681,0.07777522613696419,0.03767772651707957,0.03685017698177262,0.029439357951978055,1.279841991749279,1.251731679810518,0.20060071221834352,0.21066765232915508,0.168,0.173,0.185,True,999,0.00011958403047174215,0.00268958299420774,strong_5x5_mild_500,strong_null,True,10,2969104037,0.0,0,0
500,500,0.11712455468828176,0.07384922940396921,0.09815137742475599,0.05628528737986471,0.04327532528431255,0.04186609004489128,0.02764123279161976,1.5656076416907394,1.514624559639185,0.1174404999073663,0.1298675089852546,0.109,0.114,0.124,True,999,0.00011308304965496063,0.0028113750740885735,strong_5x5_mild_500,strong_null,True,11,2969104037,0.0,1,0
500,500,0.12989066650652425,0.1568068919335186,0.11266365763015074,0.1389190954297419,-0.026916225426994345,-0.026255437799591164,0.03248527667515469,-0.8285669134405232,-0.8082257713898982,0.40734951677652476,0.41896062452610694,0.402,0.399,0.41,True,999,0.00012966606300324202,0.0027098339051008224,strong_5x5_mild_500,strong_null,True,12,2969104037,0.0,2,0
500,500,0.1440373650738016,0.10541467342906963,0.12777783241324414,0.08779013756458198,0.03862269164473198,0.03998769484866216,0.031356184310540984,1.2317408030972765,1.2752729877027649,0.21804592258925637,0.20221263521749122,0.234,0.226,0.216,True,999,0.000111832981929183,0.0027885830495506525,strong_5x5_mild_500,strong_null,True,13,2969104037,0.0,2,1
500,500,0.14770883693665038,0.09088582618093155,0.13228316634376824,0.07127774771856821,0.05682301075571883,0.061005418625200036,0.03084367508310376,1.8422905377720895,1.9778907170053464,0.0654326631086754,0.04794103641478325,0.059,0.058,0.043,True,999,0.00011516595259308815,0.002817832981236279,strong_5x5_mild_500,strong_null,True,14,2969104037,0.0,2,0
500,500,0.11321076813995923,0.10885313418058962,0.09562130513751299,0.0894067348017984,0.004357633959369611,0.006214570335714598,0.030513277303038183,0.14281107585043726,0.20366774352015665,0.8864393894844855,0.83861315076654,0.88,0.883,0.845,True,999,0.00011766597162932158,0.002686708001419902,strong_5x5_mild_500,strong_null,True,15,2969104037,0.0,1,0
500,500,0.08644467397154965,0.14469520783533074,0.06708426107707055,0.12818105805183677,-0.058250533863781095,-0.06109679697476622,0.02995800921718793,-1.9444060331739526,-2.0394144528039235,0.05184650690082107,0.041408681178608284,0.065,0.062,0.054,True,999,0.0001130829332396388,0.002718582982197404,strong_5x5_mild_500,strong_null,True,16,2969104037,0.0,0,1
500,500,0.11938536068349104,0.10441920312304154,0.10188563335964318,0.08418422304237083,0.0149661575604495,0.017701410317272348,0.02950793788021372,0.5071908996556794,0.5998863895244224,0.612020879677086,0.5485819536918862,0.613,0.611,0.549,True,999,0.00011695805005729198,0.0027784170815721154,strong_5x5_mild_500,strong_null,True,17,2969104037,0.0,1,0
500,500,0.13338831207884394,0.12989301485487093,0.11599563037162852,0.1120043759916598,0.003495297223973015,0.003991254379968723,0.032216779022130826,0.10849306883136808,0.12388744316205513,0.9136045783336417,0.9014043952566757,0.914,0.915,0.912,True,999,0.00011620798613876104,0.0027901249704882503,strong_5x5_mild_500,strong_null,True,18,2969104037,0.0,1,2
500,500,0.1498157375846777,0.11409749352501541,0.1314481961409797,0.09748732173954977,0.035718244059662285,0.03396087440142992,0.031004778885920358,1.15202382803905,1.0953432219718864,0.2493112819142136,0.27336629855496075,0.242,0.238,0.271,True,999,0.00011504103895276785,0.002913458039984107,strong_5x5_mild_500,strong_null,True,19,2969104037,0.0,1,2
500,500,0.12919167345246163,0.09911772310824252,0.1079079365886173,0.07797240627104429,0.030073950344219114,0.02993553031757301,0.03108120979168116,0.9675926563279517,0.9631391608696394,0.3332478463007802,0.33547769159092333,0.334,0.336,0.341,True,999,0.00012700003571808338,0.002849541953764856,strong_5x5_mild_500,strong_null,True,20,2969104037,0.0,0,0
500,500,0.12122629457156142,0.12623870265795656,0.1028960501430447,0.10677463436826429,-0.005012408086395137,-0.0038785842252195835,0.03212577961748788,-0.15602448083988596,-0.12073120937143735,0.876013724609917,0.9039039382968223,0.855,0.858,0.883,True,999,0.00011804199311882257,0.0028140840586274862,strong_5x5_mild_500,strong_null,True,21,2969104037,0.0,1,0
500,500,0.13180416038514253,0.1182399213762203,0.11051218368510263,0.09784595445449895,0.01356423900892223,0.012666229230603676,0.03137952515764964,0.4322639982847403,0.4036463001581121,0.6655495500434424,0.6864728333655068,0.672,0.674,0.693,True,999,0.00011333392467349768,0.002850750111974776,strong_5x5_mild_500,strong_null,True,22,2969104037,0.0,0,0
500,500,0.11974995303671121,0.12550152962208272,0.1029882742435575,0.1069293068099455,-0.0057515765853715095,-0.003941032566388003,0.031469318696279044,-0.18276775042008075,-0.12523412420917754,0.8549802537805261,0.9003382026827919,0.841,0.838,0.892,True,999,0.00011629099026322365,0.002884874935261905,strong_5x5_mild_500,strong_null,True,23,2969104037,0.0,1,0
500,500,0.09163686373764435,0.14741887345240023,0.07319507385972202,0.12595035106409114,-0.05578200971475589,-0.05275527720436912,0.030493854105074436,-1.8292869613183231,-1.7300298290464438,0.0673566308985716,0.0836249459507486,0.07,0.064,0.082,True,999,0.00012320803944021463,0.002760500065051019,strong_5x5_mild_500,strong_null,True,24,2969104037,0.0,1,0
500,500,0.08521017824421173,0.11933570077836808,0.06485699716330373,0.09957496498725504,-0.03412552253415635,-0.03471796782395131,0.030082720951385544,-1.1343894918715656,-1.1540833650006743,0.2566312049259244,0.24846599267139546,0.284,0.278,0.276,True,999,0.0001145420828834176,0.002843750058673322,strong_5x5_mild_500,strong_null,True,25,2969104037,0.0,1,0
500,500,0.09845809410197326,0.08326032339827483,0.0796559078656287,0.06691195080304624,0.015197770703698432,0.012743957062582467,0.027285640012183532,0.55698787702661,0.4670572893614392,0.5775357120625964,0.6404588906302351,0.575,0.568,0.646,True,999,0.00011387502308934927,0.002964333980344236,strong_5x5_mild_500,strong_null,True,26,2969104037,0.0,0,2
500,500,0.10975321500486002,0.11983688653939883,0.08938443376757732,0.10417377114197279,-0.010083671534538818,-0.014789337374395473,0.031045227023897257,-0.324805855881706,-0.4763803905512202,0.7453280122974354,0.6338034023564332,0.749,0.752,0.638,True,999,0.0001229170011356473,0.002706125029362738,strong_5x5_mild_500,strong_null,True,27,2969104037,0.0,0,2
500,500,0.08563491354108377,0.08587353758648397,0.06792923186321786,0.06516472986402277,-0.0002386240454002042,0.0027645019991950903,0.027115443143458012,-0.008800300409538971,0.1019530451547153,0.9929784668036946,0.9187939453356573,0.99,0.99,0.926,True,999,0.00011487491428852081,0.0029370419215410948,strong_5x5_mild_500,strong_null,True,28,2969104037,0.0,2,0
500,500,0.09849015959482177,0.10507636285946331,0.07992544153796644,0.08627283385175133,-0.006586203264641544,-0.006347392313784894,0.028920958915347173,-0.2277311510977084,-0.2194737848203433,0.8198552535958226,0.8262809987453037,0.815,0.816,0.826,True,999,0.00013704109005630016,0.0027243330841884017,strong_5x5_mild_500,strong_null,True,29,2969104037,0.0,0,0
500,500,0.10232270182127168,0.10455645432439997,0.08500766026656947,0.0858483737800384,-0.0022337525031282945,-0.000840713513468927,0.02870369142671827,-0.07782108823289013,-0.029289386545117514,0.9379703713344197,0.9766337915824063,0.941,0.941,0.98,True,999,0.00011883291881531477,0.0027637920575216413,strong_5x5_mild_500,strong_null,True,30,2969104037,0.0,2,0
500,500,0.1170065247877855,0.15837136415042852,0.09779138582302949,0.14102147058520131,-0.04136483936264301,-0.04323008476217183,0.03248239102551025,-1.2734542641936941,-1.3308775431039175,0.2028568921262136,0.18322930759756806,0.213,0.209,0.192,True,999,0.00011816597543656826,0.0028420829912647605,strong_5x5_mild_500,strong_null,True,31,2969104037,0.0,0,2
500,500,0.1355857334131496,0.18144164729959966,0.11711715831734182,0.16415876409450902,-0.04585591388645005,-0.047041605777167206,0.03373521235226323,-1.3592893208325592,-1.3944363321611424,0.1740549267175735,0.16318588308528226,0.152,0.153,0.14,True,999,0.00011712498962879181,0.0027258750051259995,strong_5x5_mild_500,strong_null,True,32,2969104037,0.0,0,1
500,500,0.12701918718790273,0.12234967313873146,0.10745152520576084,0.10574729177977815,0.004669514049171264,0.001704233425982693,0.031612638491419646,0.14771035484553657,0.05390987615428743,0.8825713593005595,0.9570069680768101,0.871,0.879,0.949,True,999,0.00011324998922646046,0.002746792044490576,strong_5x5_mild_500,strong_null,True,33,2969104037,0.0,0,1
500,500,0.11110886504553141,0.11200128218789085,0.09213524524790273,0.09311546346543764,-0.0008924171423594363,-0.0009802182175349117,0.03090491630608098,-0.028876219353612696,-0.03171722608231234,0.976963311918021,0.97469755737066,0.975,0.975,0.97,True,999,0.00011733302380889654,0.0028713750652968884,strong_5x5_mild_500,strong_null,True,34,2969104037,0.0,0,0
500,500,0.14023028369906565,0.15652490068600544,0.123148738762211,0.13830257079797548,-0.01629461698693979,-0.01515383203576448,0.0339001816391435,-0.4806645923137148,-0.4470132991342682,0.6307549000634425,0.6548654576184321,0.612,0.627,0.649,True,999,0.000116499955765903,0.002780540962703526,strong_5x5_mild_500,strong_null,True,35,2969104037,0.0,2,1
500,500,0.1160384599411981,0.1026405644469155,0.09554581148267971,0.08470521773944029,0.013397895494282608,0.010840593743239424,0.03031910784267853,0.44189609944337255,0.3575498922821113,0.6585643933420564,0.7206801825417971,0.662,0.662,0.725,True,999,0.00012070802040398121,0.0028340830467641354,strong_5x5_mild_500,strong_null,True,36,2969104037,0.0,0,0
500,500,0.14977333124936054,0.10539003693030102,0.13186956013112194,0.08978657058747785,0.04438329431905952,0.04208298954364409,0.03140695308131281,1.4131677849854098,1.3399258894898511,0.15760639624645179,0.18026944020143087,0.151,0.144,0.172,True,999,0.00011966703459620476,0.0027805829886347055,strong_5x5_mild_500,strong_null,True,37,2969104037,0.0,0,2
500,500,0.16650371193573554,0.12474914214951704,0.1476623813453557,0.10637910881553125,0.0417545697862185,0.041283272529824444,0.03321519765871321,1.2570923170546056,1.2429031118228124,0.20872020888127352,0.21390353886373004,0.202,0.205,0.206,True,999,0.00011762510985136032,0.002678625052794814,strong_5x5_mild_500,strong_null,True,38,2969104037,0.0,0,0
500,500,0.10403390011351787,0.14217331745501083,0.08769237371910776,0.12463866415237135,-0.038139417341492954,-0.036946290433263584,0.030546598035582646,-1.2485651363554693,-1.2095058962122776,0.21182417055453762,0.22646854722680454,0.216,0.211,0.227,True,999,0.00011416699271649122,0.0027481659781187773,strong_5x5_mild_500,strong_null,True,39,2969104037,0.0,2,0
500,500,0.12462783392863785,0.13435324809090654,0.10687623426343862,0.11415517147304399,-0.009725414162268686,-0.007278937209605374,0.032509341256304315,-0.29915752785002075,-0.22390294384060516,0.7648198539867062,0.8228328250289123,0.79,0.792,0.843,True,999,0.00011395791079849005,0.0027405410073697567,strong_5x5_mild_500,strong_null,True,40,2969104037,0.0,1,0
500,500,0.11594606902151128,0.14015408604529855,0.0965835449289898,0.12037696740901538,-0.024208017023787276,-0.023793422480025583,0.03219751696739731,-0.7518597489458558,-0.7389831490458851,0.4521354061420306,0.459917229784911,0.432,0.44,0.445,True,999,0.00011945900041610003,0.0027395000215619802,strong_5x5_mild_500,strong_null,True,41,2969104037,0.0,0,0
500,500,0.13475776414589657,0.1038872809588437,0.1162933696277264,0.08837993569449054,0.030870483187052877,0.027913433933235865,0.029884848170808775,1.0329810949886926,0.934032984664832,0.3016127458574015,0.35028687862924224,0.299,0.289,0.354,True,999,0.00011520797852426767,0.0028343750163912773,strong_5x5_mild_500,strong_null,True,42,2969104037,0.0,1,2
500,500,0.09092021796802663,0.10567582250998697,0.07028531016447914,0.08918240676894129,-0.014755604541960343,-0.01889709660446215,0.028652464563349876,-0.5149855262655006,-0.6595277890556726,0.6065631341546213,0.5095569073570443,0.566,0.563,0.486,True,999,0.0001206669257953763,0.0027406250592321157,strong_5x5_mild_500,strong_null,True,43,2969104037,0.0,0,1
500,500,0.1332938093629893,0.11964141398244688,0.11601093570084231,0.10328982035179024,0.013652395380542415,0.01272111534905207,0.03121246194486365,0.4374020673107802,0.4075652658070911,0.6618197851323186,0.6835928692302395,0.662,0.662,0.689,True,999,0.00012004200834780931,0.0027744589606299996,strong_5x5_mild_500,strong_null,True,44,2969104037,0.0,2,2
500,500,0.12798684991529696,0.14701485625539368,0.11029622279443174,0.12914000495572964,-0.019028006340096715,-0.018843782161297895,0.032049700425849204,-0.5937030951075587,-0.587955017080276,0.5527107125618561,0.556562486507527,0.543,0.545,0.553,True,999,0.00011387502308934927,0.0028032909613102674,strong_5x5_mild_500,strong_null,True,45,2969104037,0.0,0,0
500,500,0.1095529368437721,0.1557649814278712,0.08888032732716056,0.13940003258738898,-0.04621204458409911,-0.05051970526022842,0.03248117108585969,-1.422733326392194,-1.5553535655068054,0.1548134757670516,0.11986188657812105,0.148,0.141,0.116,True,999,0.00016629195306450129,0.00277579203248024,strong_5x5_mild_500,strong_null,True,46,2969104037,0.0,0,2
500,500,0.10325193616790074,0.12660471673088658,0.08445474331057312,0.10878480092117115,-0.023352780562985842,-0.024330057610598033,0.029942102206138112,-0.7799312286830193,-0.812570120931936,0.4354313557461318,0.41646456822515376,0.473,0.468,0.45,True,999,0.00011537503451108932,0.002735040965490043,strong_5x5_mild_500,strong_null,True,47,2969104037,0.0,0,0
500,500,0.12356322107525042,0.10078127167228923,0.10619251304558475,0.08190604728088147,0.022781949402961188,0.02428646576470328,0.029570457728144418,0.7704293796331025,0.8213084149045158,0.4410452312996548,0.4114706157353144,0.433,0.421,0.402,True,999,0.00011358398478478193,0.0028312919894233346,strong_5x5_mild_500,strong_null,True,48,2969104037,0.0,1,0
500,500,0.1429395157479506,0.10188592965235066,0.1273390598498736,0.08223744863425964,0.04105358609559995,0.04510161121561396,0.03132129630122193,1.3107243614945252,1.439966302220206,0.18995090503820022,0.14987693307348385,0.188,0.192,0.149,True,999,0.00011799996718764305,0.0027142090257257223,strong_5x5_mild_500,strong_null,True,49,2969104037,0.0,2,0
500,500,0.15176474268839124,0.11244376908307663,0.1339120001845231,0.0936664097666835,0.03932097360531461,0.040245590417839594,0.03225317654503855,1.2191349137473806,1.247802378833613,0.22279299033235778,0.21210343732724746,0.215,0.22,0.207,True,999,0.00011250004172325134,0.002677417011000216,strong_5x5_mild_500,strong_null,True,50,2969104037,0.0,0,0
500,500,0.10757103458098205,0.09979002657637692,0.08720508231755275,0.08304254644230014,0.007781008004605128,0.004162535875252615,0.02893788688802161,0.26888653047524197,0.14384380903001015,0.7880170025068955,0.8856238079768903,0.777,0.78,0.874,True,999,0.00011891592293977737,0.0027541250456124544,strong_5x5_mild_500,strong_null,True,51,2969104037,0.0,0,1
500,500,0.16791748532969653,0.11166508402426656,0.1493062668228049,0.09537801793590006,0.056252401305429967,0.05392824888690484,0.03304497540143765,1.7022981745957861,1.6319651696444792,0.08869948683845248,0.10268682380837617,0.071,0.081,0.089,True,999,0.0001226658932864666,0.0027345840353518724,strong_5x5_mild_500,strong_null,True,52,2969104037,0.0,1,1
500,500,0.1528293648559722,0.1176456113603408,0.13551047115265646,0.09818100854988643,0.03518375349563141,0.037329462602770036,0.033212655832872626,1.0593477881647715,1.1239529530734713,0.28944141867006123,0.2610329851937804,0.272,0.283,0.251,True,999,0.0001116250641644001,0.002809625002555549,strong_5x5_mild_500,strong_null,True,53,2969104037,0.0,2,0
500,500,0.11228277064028291,0.08795686376872003,0.09423019979954006,0.06995435647246495,0.024325906871562886,0.02427584332707511,0.028961791242872386,0.839931020411232,0.8382024137767892,0.40094706364295996,0.40191703164366965,0.367,0.38,0.387,True,999,0.00011645909398794174,0.002738917013630271,strong_5x5_mild_500,strong_null,True,54,2969104037,0.0,0,0
500,500,0.11302774961965278,0.10219325413754832,0.0954007122526832,0.08463119511924333,0.010834495482104467,0.010769517133439876,0.029776186212333567,0.3638644453941761,0.36168222003458067,0.7159592358088822,0.7175895151790417,0.725,0.726,0.741,True,999,0.00011241703759878874,0.002735750051215291,strong_5x5_mild_500,strong_null,True,55,2969104037,0.0,1,1
500,500,0.12096864775659888,0.1150292180670407,0.10321910032132564,0.09761595082682106,0.005939429689558184,0.005603149494504578,0.03056171843523798,0.19434213760408053,0.18333882325295192,0.8459079935106479,0.8545321740726199,0.837,0.837,0.847,True,999,0.00011749996338039637,0.002728541032411158,strong_5x5_mild_500,strong_null,True,56,2969104037,0.0,1,0
500,500,0.09287249654491614,0.11006091500294901,0.07408910164804183,0.0912355901285764,-0.017188418458032872,-0.017146488480534572,0.028499572941940714,-0.6031114393555683,-0.6016401900290005,0.5464345569293696,0.5474136703405017,0.536,0.53,0.526,True,999,0.00013791699893772602,0.002767208032310009,strong_5x5_mild_500,strong_null,True,57,2969104037,0.0,0,0
500,500,0.07883234018210228,0.1262713783422531,0.06113726781774176,0.10891745662746644,-0.047439038160150826,-0.04778018880972468,0.02944215127467463,-1.6112626321894028,-1.6228497830871464,0.1071224917079495,0.10462152061189038,0.093,0.091,0.093,True,999,0.00011850008741021156,0.0027142910985276103,strong_5x5_mild_500,strong_null,True,58,2969104037,0.0,1,1
500,500,0.12892480332989376,0.13324692554506634,0.109064096347538,0.11557288440894808,-0.004322122215172586,-0.006508788061410087,0.03176133049867575,-0.13608127075636178,-0.20492806690454804,0.8917570335572714,0.8376283263300786,0.908,0.91,0.854,True,999,0.00011445791460573673,0.002746167010627687,strong_5x5_mild_500,strong_null,True,59,2969104037,0.0,0,0
500,500,0.1265229177491478,0.09928515945328553,0.1069906074926621,0.08014568728412996,0.02723775829586228,0.02684492020853213,0.03071196181010079,0.8868778381622014,0.8740867931042804,0.375144674509887,0.38207098920935145,0.365,0.374,0.379,True,999,0.00012162502389401197,0.0027366250287741423,strong_5x5_mild_500,strong_null,True,60,2969104037,0.0,0,0
500,500,0.12597054562929522,0.08827831370440742,0.10599945511381748,0.07133811084025865,0.0376922319248878,0.034661344273558825,0.029889024996154572,1.2610726488982884,1.1596679476168341,0.20728267382857113,0.2461840248696171,0.2,0.196,0.243,True,999,0.00011383404489606619,0.002750708954408765,strong_5x5_mild_500,strong_null,True,61,2969104037,0.0,0,1
500,500,0.1251470755753088,0.13276542661419366,0.10668286020171536,0.1141305205928802,-0.007618351038884863,-0.007447660391164845,0.032254653778808,-0.23619385565658385,-0.23090188604219705,0.8132822471317033,0.817391025476338,0.796,0.795,0.807,True,999,0.0001141249667853117,0.002782957977615297,strong_5x5_mild_500,strong_null,True,62,2969104037,0.0,0,1
500,500,0.07110076494013917,0.10565940380790029,0.05276466407792668,0.08795637514566579,-0.034558638867761116,-0.035191711067739107,0.02679990113968544,-1.2895062070429242,-1.3131283911949596,0.19722215984324298,0.18913968846532003,0.174,0.174,0.173,True,999,0.00011795898899435997,0.002760333940386772,strong_5x5_mild_500,strong_null,True,63,2969104037,0.0,0,1
500,500,0.09078496718088136,0.10992994682687751,0.07411242786230332,0.0924903390387044,-0.019144979645996152,-0.018377911176401085,0.027554273762641926,-0.6948098073973885,-0.6669713502417853,0.48717450117061656,0.50479043374476,0.484,0.485,0.505,True,999,0.00011866597924381495,0.0027615829603746533,strong_5x5_mild_500,strong_null,True,64,2969104037,0.0,2,1
500,500,0.11295885709886067,0.1089130910464362,0.09427121385266446,0.09124482417360014,0.00404576605242446,0.003026389679064323,0.029541902948978523,0.13695008271511336,0.10244396524797897,0.8910702514576343,0.9184042879939576,0.899,0.898,0.927,True,999,0.00011608295608311892,0.0027856669621542096,strong_5x5_mild_500,strong_null,True,65,2969104037,0.0,0,1
500,500,0.11285907162916908,0.0890773555201061,0.09393717308120131,0.07139826744338507,0.02378171610906299,0.022538905637816242,0.028555515331171212,0.8328239162647104,0.7893013092715145,0.404944044330644,0.4299359215938845,0.381,0.388,0.415,True,999,0.00012108299415558577,0.0027552919927984476,strong_5x5_mild_500,strong_null,True,66,2969104037,0.0,0,1
500,500,0.0934544520707653,0.12225580431266025,0.07453645790320707,0.10360621771394563,-0.02880135224189495,-0.02906975981073856,0.029784641406989366,-0.9669867046019337,-0.975998314484221,0.3335506801510796,0.3290652995981338,0.333,0.33,0.337,True,999,0.00011570798233151436,0.0026983750285580754,strong_5x5_mild_500,strong_null,True,67,2969104037,0.0,0,0
500,500,0.12362178292745862,0.09744933950402501,0.10547817646261137,0.08074026434366033,0.02617244342343361,0.024737912118951044,0.029290708315466207,0.8935408164784435,0.8445651724266711,0.37156762421981127,0.39835366122317595,0.385,0.384,0.417,True,999,0.00011354195885360241,0.0027570000384002924,strong_5x5_mild_500,strong_null,True,68,2969104037,0.0,1,1
500,500,0.149123868874655,0.13132297601342657,0.1302726599927837,0.11416624674598097,0.017800892861228435,0.01610641324680273,0.033248030181346026,0.5353969171748321,0.4844321049684115,0.5923754214229093,0.6280792382686219,0.571,0.581,0.617,True,999,0.000120165990665555,0.002770249964669347,strong_5x5_mild_500,strong_null,True,69,2969104037,0.0,0,2
500,500,0.17329786886639753,0.11588738945400467,0.15595937229636547,0.09611381159379562,0.057410479412392856,0.059845560702569855,0.033213242564254036,1.7285418399401102,1.801858417972686,0.08389112653767282,0.07156768387001429,0.069,0.075,0.062,True,999,0.00012308289296925068,0.0027208749670535326,strong_5x5_mild_500,strong_null,True,70,2969104037,0.0,1,0
500,500,0.1443595246770879,0.15682706782215838,0.1273246876957046,0.14120794070936427,-0.012467543145070481,-0.013883253013659669,0.033363275601975655,-0.37369062000411607,-0.416123799691825,0.7086345047341212,0.6773194153958204,0.718,0.718,0.701,True,999,0.00011970801278948784,0.0028037080774083734,strong_5x5_mild_500,strong_null,True,71,2969104037,0.0,1,2
500,500,0.09534137002180754,0.11454490856038768,0.07718623086293519,0.09488899506357029,-0.019203538538580145,-0.0177027642006351,0.0292378448253474,-0.656804174633688,-0.6054743195465591,0.5113068396057057,0.5448638828887894,0.479,0.481,0.529,True,999,0.00013295805547386408,0.0026922079268842936,strong_5x5_mild_500,strong_null,True,72,2969104037,0.0,1,0
500,500,0.14428154405055227,0.13553593270773623,0.12669538165926042,0.11499068788145905,0.00874561134281604,0.011704693777801367,0.03258613333245835,0.2683844460338203,0.35919247179113983,0.7884034107520044,0.7194511080077403,0.797,0.798,0.722,True,999,0.00011554197408258915,0.0027370420284569263,strong_5x5_mild_500,strong_null,True,73,2969104037,0.0,1,0
500,500,0.11949664116571723,0.1445024772641701,0.10143289876594963,0.12613640467384357,-0.02500583609845286,-0.02470350590789394,0.032055522155771995,-0.7800788886525827,-0.7706474344061112,0.4353444419456237,0.440915937127593,0.439,0.443,0.453,True,999,0.00011945806909352541,0.002898167003877461,strong_5x5_mild_500,strong_null,True,74,2969104037,0.0,2,1
500,500,0.15717870318404792,0.10181683461669022,0.13986764387789208,0.08271968035796817,0.0553618685673577,0.057147963519923906,0.031236378808492025,1.7723523237689394,1.8295322857458582,0.07633609065956866,0.06731990726932728,0.081,0.078,0.071,True,999,0.00012199999764561653,0.0027712921146303415,strong_5x5_mild_500,strong_null,True,75,2969104037,0.0,1,1
500,500,0.12960067408904685,0.09238709667457257,0.11268677842735997,0.07401305314067486,0.037213577414474286,0.03867372528668511,0.030425942800822274,1.2230870759892631,1.2710773020200359,0.2212968094719563,0.2037011493665768,0.206,0.211,0.195,True,999,0.00011633394751697779,0.0027643750654533505,strong_5x5_mild_500,strong_null,True,76,2969104037,0.0,1,1
500,500,0.10388648596438088,0.11206829744785929,0.0846985031969325,0.09551085676707771,-0.008181811483478407,-0.010812353570145206,0.029845147544902636,-0.2741421020341315,-0.36228179317518194,0.7839754199691111,0.717141462363418,0.786,0.789,0.715,True,999,0.00011395895853638649,0.0027897920226678252,strong_5x5_mild_500,strong_null,True,77,2969104037,0.0,0,1
500,500,0.12499871235962579,0.08862918748514337,0.10931345974245232,0.07058820286914624,0.03636952487448242,0.03872525687330608,0.029263702147341347,1.2428203612572186,1.32332049712392,0.21393403764878738,0.18572881812701258,0.202,0.195,0.173,True,999,0.0001158339437097311,0.002811625017784536,strong_5x5_mild_500,strong_null,True,78,2969104037,0.0,2,1
500,500,0.1372567246217138,0.1301291359570993,0.1195448845388114,0.11190229347892,0.007127588664614493,0.0076425910598914015,0.031761683934307124,0.2244083997358744,0.24062298068637095,0.8224395353095812,0.8098473374085875,0.837,0.837,0.827,True,999,0.00011766701936721802,0.0027540000155568123,strong_5x5_mild_500,strong_null,True,79,2969104037,0.0,1,1
500,500,0.15254004352907424,0.11491034380386977,0.13428174691324557,0.09254002808324913,0.03762969972520447,0.041741718829996444,0.033248649294231894,1.1317662679227278,1.2554410394421034,0.2577327128310467,0.20931869917517165,0.247,0.254,0.221,True,999,0.00012745801359415054,0.0028102080104872584,strong_5x5_mild_500,strong_null,True,80,2969104037,0.0,1,0
500,500,0.08755738467914953,0.08685527065158305,0.06909364499711046,0.06829108811280094,0.0007021140275664806,0.0008025568843095243,0.02690065296244642,0.026100259668292766,0.029834104228990344,0.9791773699489044,0.9761993596236413,0.97,0.969,0.977,True,999,0.00011437502689659595,0.002663083025254309,strong_5x5_mild_500,strong_null,True,81,2969104037,0.0,0,0
500,500,0.09846051562524427,0.12545650568722877,0.08266577310394041,0.11099693554558598,-0.0269959900619845,-0.028331162441645574,0.02901371254667184,-0.9304562461132264,-0.9764749132353088,0.3521349081216477,0.32882917381840815,0.332,0.329,0.309,True,999,0.00011108408216387033,0.00278345902916044,strong_5x5_mild_500,strong_null,True,82,2969104037,0.0,2,3
500,500,0.11134406785428586,0.1263074318060471,0.0939323382456223,0.1058553632817052,-0.014963363951761233,-0.01192302503608289,0.030739217469177654,-0.4867841533950909,-0.38787666107760094,0.6264113013860402,0.6981073103992526,0.587,0.589,0.664,True,999,0.00011591601651161909,0.0027964579639956355,strong_5x5_mild_500,strong_null,True,83,2969104037,0.0,1,0
500,500,0.10475719760684754,0.10281753725250187,0.0852528028427173,0.0823929222026436,0.0019396603543456736,0.0028598806400736976,0.029270437362142493,0.06626687296631831,0.09770542902008637,0.9471653567755116,0.9221662044525462,0.947,0.947,0.923,True,999,0.0001169170718640089,0.002692666952498257,strong_5x5_mild_500,strong_null,True,84,2969104037,0.0,0,0
500,500,0.11524024060445004,0.1263363876780219,0.09578108290992304,0.11088149177254536,-0.011096147073571871,-0.015100408862622317,0.030529775504351663,-0.3634532809450317,-0.4946125090395745,0.7162663065078599,0.6208736705439769,0.729,0.725,0.636,True,999,0.00011587503831833601,0.0027840000111609697,strong_5x5_mild_500,strong_null,True,85,2969104037,0.0,0,2
500,500,0.13266122319432938,0.1320346863454901,0.11621695712915425,0.11750587384261735,0.0006265368488392875,-0.0012889167134630952,0.031071196319802236,0.020164555055769907,-0.04148268705835589,0.9839121031009602,0.9669110946991013,0.988,0.988,0.971,True,999,0.00011987506877630949,0.0027707089902833104,strong_5x5_mild_500,strong_null,True,86,2969104037,0.0,1,3
500,500,0.08967132642187403,0.09308587577049332,0.0722624718695215,0.07643913559081739,-0.003414549348619289,-0.004176663721295881,0.02709957798115033,-0.12600009310087223,-0.1541228326212698,0.8997318508790496,0.8775128855441245,0.901,0.899,0.879,True,999,0.00011749996338039637,0.0027087500784546137,strong_5x5_mild_500,strong_null,True,87,2969104037,0.0,1,1
500,500,0.11782782754799181,0.11558402737695572,0.09689034795530915,0.09674046536463266,0.002243800171036092,0.00014988259067649778,0.030620155476670758,0.07327853618331967,0.004894899726772847,0.941584471417672,0.9960944506775246,0.93,0.931,0.997,True,999,0.00011224998161196709,0.002771708997897804,strong_5x5_mild_500,strong_null,True,88,2969104037,0.0,0,0
500,500,0.1295864448130688,0.11578913801184099,0.11006121262926172,0.09689151566522014,0.013797306801227815,0.013169696964041577,0.03155972545264994,0.43718082471688013,0.4172944084637394,0.6619802149462832,0.6764630778978116,0.661,0.656,0.664,True,999,0.0001206250162795186,0.0027474580565467477,strong_5x5_mild_500,strong_null,True,89,2969104037,0.0,0,0
500,500,0.08876640677432912,0.1297263895532479,0.07024464599606972,0.10942466943151885,-0.04095998277891877,-0.03918002343544913,0.029319825155318942,-1.3970063791969158,-1.3362979904517418,0.162411652814744,0.181451893092634,0.14,0.143,0.167,True,999,0.00011566700413823128,0.002716916031204164,strong_5x5_mild_500,strong_null,True,90,2969104037,0.0,1,0
500,500,0.08695436628585917,0.14668476530644192,0.07000362261476312,0.12831734668941408,-0.05973039902058275,-0.05831372407465096,0.030327284514375646,-1.9695267801596126,-1.9228138954217702,0.048892630425874745,0.054503426372210804,0.041,0.045,0.056,True,999,0.00011462497059255838,0.0028417910216376185,strong_5x5_mild_500,strong_null,True,91,2969104037,0.0,1,2
500,500,0.13893186414228353,0.12604455330014885,0.11984776992068191,0.10811026094398812,0.01288731084213468,0.011737508976693789,0.0319315552947338,0.4035917049195557,0.36758337852179584,0.6865129865266518,0.7131839104361035,0.697,0.697,0.727,True,999,0.00011337490286678076,0.0027212919667363167,strong_5x5_mild_500,strong_null,True,92,2969104037,0.0,1,0
500,500,0.09095012693001037,0.1566563212987726,0.0721169853376864,0.13849918971857278,-0.06570619436876224,-0.06638220438088638,0.03137338767399399,-2.0943289596751895,-2.115876202808404,0.03623068628861642,0.03435533786608986,0.028,0.029,0.029,True,999,0.0001265830360352993,0.0027019591070711613,strong_5x5_mild_500,strong_null,True,93,2969104037,0.0,0,1
500,500,0.10619623104402842,0.14495442520887636,0.08530628764106041,0.12565194328897178,-0.03875819416484794,-0.04034565564791137,0.03163740583681605,-1.225074975007765,-1.2752517022417067,0.22054697300302806,0.20222016665466502,0.223,0.228,0.217,True,999,0.00011470797471702099,0.002882957924157381,strong_5x5_mild_500,strong_null,True,94,2969104037,0.0,0,1
500,500,0.11380399252788309,0.10635633992592497,0.09706640476451867,0.08900747043821866,0.007447652601958121,0.008058934326300005,0.0295430945218638,0.2520945324954492,0.27278572054582406,0.8009679959574982,0.7850179367846282,0.798,0.797,0.778,True,999,0.00012708303984254599,0.002740166033618152,strong_5x5_mild_500,strong_null,True,95,2969104037,0.0,1,1
500,500,0.13009908677096793,0.09805053374892159,0.11272765474711832,0.07847846801183778,0.032048553022046344,0.034249186735280546,0.030382437861863888,1.0548380998179796,1.1272692102917197,0.29149937629991285,0.25962867612028107,0.303,0.302,0.274,True,999,0.00011670903768390417,0.0027226669481024146,strong_5x5_mild_500,strong_null,True,96,2969104037,0.0,1,0
500,500,0.11004616667581457,0.08909830764036408,0.09120258275169135,0.07046662696632211,0.02094785903545049,0.020735955785369242,0.028952219749653837,0.7235320544187618,0.7162129869374582,0.46935306812983957,0.47385984518249313,0.455,0.45,0.457,True,999,0.00011204194743186235,0.0027790000895038247,strong_5x5_mild_500,strong_null,True,97,2969104037,0.0,0,0
500,500,0.0773898812234528,0.14581172299422152,0.06064860514771908,0.125493281777608,-0.06842184177076871,-0.06484467662988891,0.030458332728138637,-2.2464079823895893,-2.128963433707019,0.02467788750921176,0.03325728583426274,0.019,0.021,0.03,True,999,0.00012154201976954937,0.002706166007556021,strong_5x5_mild_500,strong_null,True,98,2969104037,0.0,1,0
500,500,0.13537117081923156,0.11338911117613781,0.12119499758529173,0.09487027425586803,0.021982059643093743,0.026324723329423705,0.030481485629593436,0.7211610323137305,0.8636299309462111,0.47081044390054916,0.3877912164548363,0.453,0.443,0.365,True,999,0.0001163750421255827,0.002754374989308417,strong_5x5_mild_500,strong_null,True,99,2969104037,0.0,3,1
500,500,0.14493324323534784,0.11352865553453739,0.12470618755423857,0.09377011831509208,0.03140458770081045,0.03093606923914649,0.03224413415214649,0.97396281607766,0.9594324689623299,0.33007500215933716,0.3373409246909216,0.316,0.322,0.337,True,999,0.00012416602112352848,0.0028293750947341323,strong_5x5_mild_500,strong_null,True,100,2969104037,0.0,0,0
500,500,0.15598802957832425,0.10165968354237853,0.13668802594906992,0.08263331919437178,0.05432834603594572,0.054054706754698145,0.03193185271794663,1.7013840855344924,1.6928146084150586,0.08887088771245186,0.09049076115020195,0.082,0.085,0.095,True,999,0.00011308398097753525,0.0027681669453158975,strong_5x5_mild_500,strong_null,True,101,2969104037,0.0,1,0
500,500,0.11505143333029699,0.11051725076588914,0.09664766799687641,0.09593456867690975,0.0045341825644078515,0.0007130993199666591,0.029998737885180322,0.1511457775911227,0.02377097738898333,0.8798607219790404,0.9810352901941038,0.877,0.881,0.986,True,999,0.00011754198931157589,0.0027069170027971268,strong_5x5_mild_500,strong_null,True,102,2969104037,0.0,0,3
500,500,0.10522434471512421,0.09674559699088014,0.08770490091319516,0.07849856117286436,0.008478747724244062,0.009206339740330804,0.028219145762912595,0.3004608217229373,0.3262444518228601,0.7638256763500317,0.7442394118757016,0.781,0.779,0.757,True,999,0.00011479202657938004,0.002678917022421956,strong_5x5_mild_500,strong_null,True,103,2969104037,0.0,1,0
500,500,0.13589368888662623,0.0860038708960249,0.1175051107074978,0.06940948496350074,0.049889817990601326,0.04809562574399706,0.029565247772215624,1.6874479921486067,1.6267621402853802,0.0915172422664789,0.10378762533928353,0.077,0.072,0.086,True,999,0.00011445803102105856,0.0027219579787924886,strong_5x5_mild_500,strong_null,True,104,2969104037,0.0,1,1
500,500,0.0968737599592775,0.09633466778331723,0.07706961422036329,0.07797696814293431,0.0005390921759602652,-0.0009073539225710192,0.028240421362885564,0.01908938145904426,-0.03212961700930893,0.984769802256229,0.974368684639922,0.988,0.988,0.981,True,999,0.00011166592594236135,0.0027169579407200217,strong_5x5_mild_500,strong_null,True,105,2969104037,0.0,0,0
500,500,0.13238228946618436,0.09601427031063503,0.11606215585300106,0.07640556335991278,0.036368019155549325,0.03965659249308828,0.03016822985566545,1.2055072282843795,1.3145150604731608,0.2280075492834811,0.18867293328092327,0.232,0.233,0.198,True,999,0.00011362507939338684,0.0027536669513210654,strong_5x5_mild_500,strong_null,True,106,2969104037,0.0,2,0
500,500,0.13040943358133972,0.09695424022176868,0.11300838932828583,0.08017120126328336,0.033455193359571034,0.032837188065002465,0.029438879625976053,1.1364288921529166,1.1154360655773,0.25577710965613243,0.2646636017128303,0.269,0.26,0.28,True,999,0.00011520797852426767,0.0027337080100551248,strong_5x5_mild_500,strong_null,True,107,2969104037,0.0,2,1
500,500,0.1022659015441626,0.12239573513722801,0.08554961884834711,0.10277619533712823,-0.020129833593065416,-0.01722657648878112,0.030245783366112267,-0.6655418161732627,-0.5695529945533492,0.5057040069654548,0.5689809175402109,0.49,0.495,0.55,True,999,0.00011358293704688549,0.0028274169890210032,strong_5x5_mild_500,strong_null,True,108,2969104037,0.0,2,0
500,500,0.1094649023687706,0.12046741338200295,0.09297547621218882,0.10282568720458585,-0.011002511013232352,-0.009850210992397024,0.030310157468590494,-0.3629974877113035,-0.3249805284781018,0.7166067610358332,0.7451958085601487,0.717,0.708,0.736,True,999,0.00011770904529839754,0.002765791956335306,strong_5x5_mild_500,strong_null,True,109,2969104037,0.0,2,0
500,500,0.10060978214358962,0.1154691004828916,0.08094195235440793,0.0977783373253942,-0.014859318339301986,-0.016836384970986273,0.029941278152504632,-0.4962820312351623,-0.5623135019564248,0.6196954420477557,0.573902440675389,0.612,0.611,0.562,True,999,0.00011633394751697779,0.002699375036172569,strong_5x5_mild_500,strong_null,True,110,2969104037,0.0,0,0
500,500,0.11889003513580598,0.12642025216836206,0.10025128733593647,0.10616326241779461,-0.007530217032556075,-0.005911975081858145,0.031078093119641395,-0.24229984135664256,-0.19022965981531761,0.8085478366911528,0.8491291702843711,0.801,0.804,0.844,True,999,0.00011541706044226885,0.0027663749642670155,strong_5x5_mild_500,strong_null,True,111,2969104037,0.0,0,0
500,500,0.11716547986437775,0.13877483256403678,0.09972685640218515,0.11937180058322383,-0.021609352699659024,-0.01964494418103868,0.03133856944693313,-0.6895449626777321,-0.6268615488114179,0.49048038854500997,0.5307499939532025,0.474,0.482,0.529,True,999,0.00011458294466137886,0.0027483339654281735,strong_5x5_mild_500,strong_null,True,112,2969104037,0.0,1,0
500,500,0.16274149598209453,0.11570303292864281,0.1432337136109254,0.09720428762443589,0.04703846305345172,0.046029425986489514,0.0331227127035507,1.4201271337419554,1.389663533855282,0.15557067216880602,0.164631073097547,0.142,0.144,0.153,True,999,0.0001163750421255827,0.00267183396499604,strong_5x5_mild_500,strong_null,True,113,2969104037,0.0,0,0
500,500,0.11351550028736157,0.1065431747866169,0.09601105625779383,0.08552732845538458,0.006972325500744669,0.010483727802409248,0.029367935891421993,0.23741285484013872,0.35697870770248497,0.8123365180603657,0.7211077457614534,0.8,0.797,0.702,True,999,0.00011641695164144039,0.002776916022412479,strong_5x5_mild_500,strong_null,True,114,2969104037,0.0,0,0
500,500,0.10282699133486006,0.1342243475443201,0.08635187184580673,0.11597127493337211,-0.03139735620946005,-0.029619403087565388,0.030647940945535697,-1.024452385406776,-0.966440229710762,0.30562164962079563,0.3338239417418971,0.288,0.297,0.317,True,999,0.00012016703840345144,0.002794458996504545,strong_5x5_mild_500,strong_null,True,115,2969104037,0.0,1,1
500,500,0.07714060322146699,0.13286537068675774,0.058579708189370194,0.11528255315147362,-0.05572476746529076,-0.05670284496210343,0.028819831389534294,-1.933556331822496,-1.9674939868903827,0.05316770070395979,0.04912628847037654,0.037,0.036,0.035,True,999,0.00011795805767178535,0.002660415950231254,strong_5x5_mild_500,strong_null,True,116,2969104037,0.0,0,0
500,500,0.0991818476243096,0.10811233388643249,0.07911371908312503,0.0899956563095543,-0.008930486262122894,-0.010881937226429272,0.029209510680089566,-0.3057389889180954,-0.3725477412343939,0.7598033849822643,0.7094850734761238,0.719,0.722,0.678,True,999,0.00011445791460573673,0.002779582981020212,strong_5x5_mild_500,strong_null,True,117,2969104037,0.0,0,0
500,500,0.11607723178673279,0.08328008331480907,0.09724864230469166,0.0644851119610621,0.03279714847192372,0.032763530343629554,0.02887273777878257,1.135920975808018,1.1347566204028692,0.2559896387027103,0.25647730652546874,0.254,0.261,0.262,True,999,0.0001225409796461463,0.0027708340203389525,strong_5x5_mild_500,strong_null,True,118,2969104037,0.0,0,0
500,500,0.09204679310770225,0.12989353782142254,0.07080047226418174,0.11452501268928472,-0.03784674471372029,-0.04372454042510299,0.030105351646260662,-1.257143419496353,-1.4523843115625572,0.20870170707692226,0.14639477604997383,0.219,0.224,0.159,True,999,0.00012741691898554564,0.002724250080063939,strong_5x5_mild_500,strong_null,True,119,2969104037,0.0,0,2
500,500,0.14578939880708663,0.09844900663337475,0.12531747906467672,0.08116687073788853,0.04734039217371189,0.04415060832678819,0.03156645700884172,1.4997055944685813,1.3986558046226623,0.13369068077108529,0.1619162232696385,0.117,0.128,0.154,True,999,0.00011408398859202862,0.002799375099129975,strong_5x5_mild_500,strong_null,True,120,2969104037,0.0,0,1
500,500,0.12019421156162713,0.10719385610562504,0.10056800101551744,0.0897854837743921,0.013000355456002088,0.010782517241125333,0.029414886152204323,0.44196518010415126,0.366566682778655,0.6585144028853842,0.7139422640237623,0.689,0.684,0.74,True,999,0.00012908305507153273,0.00288808299228549,strong_5x5_mild_500,strong_null,True,121,2969104037,0.0,1,1
500,500,0.11082332389779759,0.13964385476728436,0.09102142174623395,0.11927555196103867,-0.02882053086948677,-0.028254130214804718,0.03187174557581792,-0.9042658426388105,-0.8864945958981927,0.3658544542350486,0.375351064958126,0.353,0.368,0.392,True,999,0.00011970906052738428,0.002737250062637031,strong_5x5_mild_500,strong_null,True,122,2969104037,0.0,0,0
500,500,0.10209518850207655,0.12716021284230528,0.08154378309978938,0.10985697025597574,-0.025065024340228725,-0.02831318715618636,0.030518286230095403,-0.821311660531941,-0.9277449900927104,0.4114687674797777,0.3535398650269166,0.404,0.413,0.351,True,999,0.00011633394751697779,0.0028160419315099716,strong_5x5_mild_500,strong_null,True,123,2969104037,0.0,0,2
500,500,0.10278830644915815,0.093187056789926,0.08259034219952355,0.07540911110896786,0.009601249659232147,0.007181231090555684,0.02855303385250006,0.3362602275061386,0.2515050109089163,0.7366746392690532,0.801423688534521,0.722,0.733,0.788,True,999,0.000114083057269454,0.0027212919667363167,strong_5x5_mild_500,strong_null,True,124,2969104037,0.0,0,0
500,500,0.10890050245951266,0.12326797261934463,0.0901717453322135,0.10538350243939476,-0.014367470159831974,-0.015211757107181256,0.030493895323502232,-0.47115889942596767,-0.498845980344704,0.6375272667529819,0.6178878923642004,0.653,0.644,0.617,True,999,0.0001189579488709569,0.002757666981779039,strong_5x5_mild_500,strong_null,True,125,2969104037,0.0,0,0
500,500,0.11810352928265666,0.11514048653542353,0.10018533019155029,0.09664207225353039,0.0029630427472331355,0.003543257938019906,0.030447186759093844,0.09731745565452433,0.11637390232651362,0.9224742941888757,0.9073562177689535,0.928,0.928,0.901,True,999,0.000114459078758955,0.0027149999514222145,strong_5x5_mild_500,strong_null,True,126,2969104037,0.0,0,0
500,500,0.09709385333159148,0.13604235125570785,0.07762980422944565,0.11959790270861959,-0.038948497924116365,-0.04196809847917393,0.03034822623474494,-1.283386304782623,-1.3828847246145042,0.1993567695239078,0.16670021481044706,0.189,0.184,0.155,True,999,0.00011195905972272158,0.0027755419723689556,strong_5x5_mild_500,strong_null,True,127,2969104037,0.0,0,2
500,500,0.1398353203156939,0.15062903589623922,0.11923497909265279,0.13321204302349088,-0.010793715580545316,-0.013977063930838085,0.03281265172302773,-0.32894981093437037,-0.42596569301435216,0.7421936237704747,0.67013284478774,0.747,0.748,0.659,True,999,0.00011258397717028856,0.0027664999943226576,strong_5x5_mild_500,strong_null,True,128,2969104037,0.0,0,1
500,500,0.13758000906506895,0.11622488662557462,0.12313519791075578,0.09686837647132052,0.021355122439494334,0.02626682143943526,0.03116288207187956,0.685274307756167,0.8428880672477224,0.49317084115540677,0.3992910478202888,0.492,0.49,0.396,True,999,0.00012324994895607233,0.0027947500348091125,strong_5x5_mild_500,strong_null,True,129,2969104037,0.0,3,0
500,500,0.11227748983204822,0.10710571239970901,0.09479142386703643,0.08915255173246805,0.0051717774323392085,0.0056388721345683734,0.030056837720653214,0.17206658532762018,0.18760696607460095,0.8633851819701583,0.8511847650739776,0.849,0.849,0.827,True,999,0.00011508399620652199,0.0026687500067055225,strong_5x5_mild_500,strong_null,True,130,2969104037,0.0,0,0
500,500,0.12194965283625725,0.11083428712768062,0.10650635652353913,0.09211132501127395,0.01111536570857663,0.014395031512265177,0.0314502929358827,0.35342646032701125,0.4577073905674627,0.7237687516816045,0.6471626776162218,0.709,0.715,0.628,True,999,0.00011300004553049803,0.0027652919525280595,strong_5x5_mild_500,strong_null,True,131,2969104037,0.0,2,0
500,500,0.11847831295607847,0.11441056640250746,0.09908524143628483,0.09496772147929278,0.0040677465535710056,0.004117519956992055,0.03044988540835255,0.13358823847840173,0.13522283915927644,0.8937281851552613,0.892435689900224,0.892,0.892,0.893,True,999,0.00011858297511935234,0.002802583039738238,strong_5x5_mild_500,strong_null,True,132,2969104037,0.0,0,0
500,500,0.09794957253024572,0.09692539331880057,0.07969520926508267,0.07918490120130173,0.0010241792114451531,0.0005103080637809398,0.02824163102388217,0.03626487473684042,0.01806935524897285,0.9710711574054672,0.9855835249278118,0.976,0.975,0.992,True,999,0.00011512497439980507,0.0027181670302525163,strong_5x5_mild_500,strong_null,True,133,2969104037,0.0,0,1
500,500,0.09392593017229167,0.09651021971086404,0.07608363180696642,0.07775070586797028,-0.0025842895385723708,-0.0016670740610038592,0.028548233793703408,-0.09052362248561804,-0.05839499820025815,0.9278711229850812,0.9534339988335948,0.918,0.923,0.945,True,999,0.00011558295227587223,0.002722917008213699,strong_5x5_mild_500,strong_null,True,134,2969104037,0.0,1,0
500,500,0.08419775493250092,0.12562234363849345,0.0670855049913257,0.10905372528930002,-0.04142458870599253,-0.04196822029797431,0.028762479112999277,-1.440230118664235,-1.4591308396294207,0.14980230469853298,0.14452909954870308,0.143,0.14,0.133,True,999,0.00011237501166760921,0.0027521250303834677,strong_5x5_mild_500,strong_null,True,135,2969104037,0.0,1,1
500,500,0.11740008794592915,0.1419437017534766,0.09976860800497889,0.12440609228815447,-0.024543613807547437,-0.02463748428317558,0.0315179550152636,-0.778718473189691,-0.7816967906466036,0.43614557166814827,0.43439278823504657,0.436,0.439,0.437,True,999,0.00013804202899336815,0.0027492090594023466,strong_5x5_mild_500,strong_null,True,136,2969104037,0.0,1,1
500,500,0.11026465633616855,0.10616005980486087,0.09201636101801114,0.08550365829444218,0.00410459653130768,0.006512702723568964,0.029193852547239475,0.1405979743394917,0.2230847303565214,0.8881875485846031,0.8234695623226442,0.884,0.883,0.827,True,999,0.00011591601651161909,0.002738291979767382,strong_5x5_mild_500,strong_null,True,137,2969104037,0.0,1,0
500,500,0.12004978209928163,0.11239330476103204,0.10252284435381398,0.09587803998101663,0.00765647733824959,0.006644804372797353,0.03070180870174157,0.24938196353934267,0.21643038810350035,0.8030653355181544,0.8286522812653727,0.809,0.809,0.84,True,999,0.0001329589867964387,0.002742042066529393,strong_5x5_mild_500,strong_null,True,138,2969104037,0.0,1,1
500,500,0.1355254739194356,0.08887406122240615,0.11794175972636367,0.06842466411779924,0.04665141269702944,0.04951709560856443,0.029846600285469913,1.5630394165777246,1.6590531295006694,0.1180433239283402,0.09710508681548244,0.126,0.127,0.105,True,999,0.0001163750421255827,0.0027359159430488944,strong_5x5_mild_500,strong_null,True,139,2969104037,0.0,1,0
500,500,0.14550688916341725,0.12771886045318115,0.12665399840676628,0.1114885314464118,0.017788028710236103,0.015165466960354479,0.03245628791915501,0.5480610954199105,0.46725820889098485,0.5836499529028016,0.6403151522357885,0.548,0.556,0.616,True,999,0.00011620903387665749,0.0027956670382991433,strong_5x5_mild_500,strong_null,True,140,2969104037,0.0,0,2
500,500,0.10379055151423255,0.07425450814268475,0.08455365656487857,0.055916766351685965,0.029536043371547804,0.0286368902131926,0.02666524044851137,1.107660867659519,1.0739408207658334,0.2680083055718684,0.28284920616446907,0.283,0.275,0.29,True,999,0.00011445803102105856,0.002792875049635768,strong_5x5_mild_500,strong_null,True,141,2969104037,0.0,1,0
500,500,0.10035362815938709,0.1379224864720534,0.08280542283262093,0.12143093532642979,-0.03756885831266632,-0.038625512493808856,0.030288934314232716,-1.240349294660155,-1.2752351103900936,0.21484622691721478,0.20222603749324874,0.216,0.213,0.203,True,999,0.00012370804324746132,0.0026838750345632434,strong_5x5_mild_500,strong_null,True,142,2969104037,0.0,1,1
500,500,0.1094092869620864,0.12068506875477891,0.09383009331043013,0.10337121555198792,-0.011275781792692507,-0.009541122241557787,0.029725639067575062,-0.37932849036682986,-0.3209728214713241,0.7044439455281722,0.7482309873758917,0.671,0.667,0.722,True,999,0.00011399993672966957,0.002777750021778047,strong_5x5_mild_500,strong_null,True,143,2969104037,0.0,2,1
500,500,0.12640875779828553,0.11578578842741827,0.11091397902100653,0.09605232433136734,0.010622969370867263,0.014861654689639181,0.03147969678253935,0.337454628113173,0.4721028538585672,0.7357742097563842,0.6368533755546903,0.718,0.723,0.637,True,999,0.00011504103895276785,0.002757249982096255,strong_5x5_mild_500,strong_null,True,144,2969104037,0.0,2,0
500,500,0.1570231956832755,0.10057614337556187,0.13921895971611775,0.0810447991447063,0.05644705230771363,0.05817416057141145,0.0309518530586988,1.8237051009729313,1.8795049350062099,0.06819666727757753,0.060175580316015095,0.071,0.06,0.055,True,999,0.00011787505354732275,0.0026921670651063323,strong_5x5_mild_500,strong_null,True,145,2969104037,0.0,0,0
500,500,0.11013311208109466,0.12746483527726815,0.09155109554365026,0.11088367037143598,-0.017331723196173487,-0.01933257482778572,0.03076039442205094,-0.5634428141060845,-0.628489172230085,0.5731333901193598,0.5296835376063537,0.563,0.568,0.52,True,999,0.00012008403427898884,0.0028074169531464577,strong_5x5_mild_500,strong_null,True,146,2969104037,0.0,1,1
500,500,0.1559259231089689,0.15505478187640787,0.13879646044665606,0.13621065920017372,0.0008711412325610457,0.0025858012464823332,0.03444003281245742,0.02529443677666713,0.0750812654727499,0.9798201113221271,0.9401500537328931,0.978,0.978,0.938,True,999,0.00011704093776643276,0.0027464169543236494,strong_5x5_mild_500,strong_null,True,147,2969104037,0.0,2,0
500,500,0.1270297008070247,0.0979523763868495,0.1112837545051093,0.07913200059249448,0.029077324420175188,0.03215175391261482,0.0296774055007251,0.9797798671944132,1.0833748223654276,0.3271947921073636,0.2786420864506163,0.318,0.314,0.279,True,999,0.00011158303823322058,0.002813332946971059,strong_5x5_mild_500,strong_null,True,148,2969104037,0.0,2,0
500,500,0.08178182792868527,0.1282758353658613,0.06344002233032597,0.113048774668016,-0.04649400743717602,-0.04960875233769002,0.028035211042298475,-1.6584147473342579,-1.7695159227744781,0.09723378199372308,0.07680781594841701,0.085,0.084,0.071,True,999,0.00011354207526892424,0.002858458086848259,strong_5x5_mild_500,strong_null,True,149,2969104037,0.0,1,3
500,500,0.11027478439557425,0.09523336526303172,0.09135682763849218,0.0756415150182761,0.015041419132542533,0.015715312620216082,0.029431774654734132,0.5110605564562212,0.5339573574673404,0.6093086542119073,0.5933710371353362,0.62,0.618,0.601,True,999,0.0001153749180957675,0.0027106660418212414,strong_5x5_mild_500,strong_null,True,150,2969104037,0.0,0,0
500,500,0.1071176824370299,0.11513301713637558,0.08846376075285889,0.09829461435771236,-0.008015334699345678,-0.009830853604853473,0.03028164139652259,-0.2646928742860723,-0.32464731604616404,0.791246067263832,0.7454480121913436,0.77,0.767,0.721,True,999,0.00011216697748750448,0.0027634159196168184,strong_5x5_mild_500,strong_null,True,151,2969104037,0.0,0,1
500,500,0.11996874981874828,0.11036054554617214,0.10297037262796493,0.09278239329461258,0.009608204272576137,0.01018797933335236,0.029625061395150934,0.3243268982439584,0.3438973238725487,0.7456905574867865,0.7309235045053305,0.738,0.736,0.72,True,999,0.00011641695164144039,0.0027857499662786722,strong_5x5_mild_500,strong_null,True,152,2969104037,0.0,2,1
500,500,0.08598929249789333,0.09926617903762491,0.06824340529914252,0.07745589405669762,-0.01327688653973158,-0.009212488757555093,0.0278562810883513,-0.47662092788414584,-0.3307149553932198,0.6336320781827554,0.7408598046258282,0.58,0.583,0.716,True,999,0.00011483300477266312,0.0027155409334227443,strong_5x5_mild_500,strong_null,True,153,2969104037,0.0,0,1
500,500,0.0819793950168084,0.07735038824219997,0.06233854764042235,0.05879671361253713,0.004629006774608424,0.0035418340278852156,0.026040669645173306,0.17776066582321629,0.13601163396125268,0.8589109394184454,0.8918120838632619,0.867,0.865,0.89,True,999,0.0001142079709097743,0.002751832944341004,strong_5x5_mild_500,strong_null,True,154,2969104037,0.0,0,0
500,500,0.12204417200577033,0.0813574317727257,0.1034626786544095,0.06361199107681159,0.04068674023304464,0.03985068757759791,0.02843875513296778,1.4306793684466983,1.4012810121706343,0.1525221288442373,0.1611300569374997,0.138,0.134,0.136,True,999,0.00014358293265104294,0.002702708006836474,strong_5x5_mild_500,strong_null,True,155,2969104037,0.0,0,0
500,500,0.11916307204730203,0.1275293157824987,0.09889390651090935,0.10836331482278183,-0.008366243735196677,-0.009469408311872485,0.031052220268072143,-0.26942497711826546,-0.3049510865929584,0.7876026675863959,0.7604034061638063,0.78,0.777,0.756,True,999,0.00011124997399747372,0.002739959047175944,strong_5x5_mild_500,strong_null,True,156,2969104037,0.0,0,1
500,500,0.09035852815766321,0.10997127604131407,0.06913043492670568,0.09099803345071678,-0.01961274788365086,-0.0218675985240111,0.028221208782313538,-0.6949648413338811,-0.7748639929879865,0.48707733540069686,0.43842003073754554,0.471,0.474,0.433,True,999,0.00011499994434416294,0.002773041953332722,strong_5x5_mild_500,strong_null,True,157,2969104037,0.0,0,1
500,500,0.13866415750357697,0.13703539389352093,0.11932975514980626,0.11684679876179871,0.0016287636100560388,0.002482956388007551,0.032483287501368224,0.05014158773145833,0.07643796484278159,0.960009559183193,0.9390706663656571,0.956,0.956,0.936,True,999,0.00011112494394183159,0.0027400830294936895,strong_5x5_mild_500,strong_null,True,158,2969104037,0.0,0,0
500,500,0.0955866601489681,0.125023110121401,0.07696534159174462,0.10586755705548967,-0.029436449972432888,-0.02890221546374505,0.029822310684717895,-0.9870613408744771,-0.9691474201747775,0.32361256822840756,0.3324716407876096,0.297,0.295,0.301,True,999,0.00011033308692276478,0.002751957974396646,strong_5x5_mild_500,strong_null,True,159,2969104037,0.0,0,0
500,500,0.09356685278635124,0.09781349112815962,0.07585593516961353,0.08046740318343382,-0.004246638341808384,-0.004611468013820286,0.028334162101920725,-0.1498769692406225,-0.16275293397533297,0.8808616823382157,0.8707129672947171,0.87,0.87,0.863,True,999,0.00012170802801847458,0.002738208044320345,strong_5x5_mild_500,strong_null,True,160,2969104037,0.0,1,1
500,500,0.11747994826109032,0.11616096555717259,0.10097798909237099,0.09898706481868658,0.001318982703917726,0.0019909242736844135,0.030154703005622178,0.043740530413176645,0.06602367376369837,0.9651112315195852,0.9473589776356512,0.967,0.965,0.938,True,999,0.00012162502389401197,0.0028172499733045697,strong_5x5_mild_500,strong_null,True,161,2969104037,0.0,2,2
500,500,0.11457167985312189,0.11091116392977751,0.09829815370335382,0.09080943317161427,0.0036605159233443763,0.0074887205317395455,0.030414203750483797,0.12035547448077277,0.24622444806303445,0.9042015611553573,0.8055084912092696,0.905,0.906,0.803,True,999,0.00011291704140603542,0.0027793339686468244,strong_5x5_mild_500,strong_null,True,162,2969104037,0.0,2,0
500,500,0.1272211106813671,0.10776592537853813,0.10785812958903307,0.09018744922013866,0.01945518530282897,0.01767068036889441,0.029865103463850934,0.6514353893458883,0.591683212826743,0.514765472159145,0.5540627398792466,0.502,0.503,0.555,True,999,0.00011550006456673145,0.002877500024624169,strong_5x5_mild_500,strong_null,True,163,2969104037,0.0,0,1
500,500,0.14299704013740633,0.09442566755176707,0.12658169691678722,0.07591404851177685,0.04857137258563926,0.05066764840501037,0.03056828123101692,1.588946798106366,1.6575236279100667,0.11207240444799714,0.09741365592865645,0.107,0.104,0.091,True,999,0.0001199580729007721,0.0027202919591218233,strong_5x5_mild_500,strong_null,True,164,2969104037,0.0,2,1
500,500,0.1112409701104069,0.10565667990334493,0.09352567754240226,0.08626617182341079,0.0055842902070619704,0.007259505718991477,0.029875041152209177,0.18692159045441273,0.2429956726086269,0.8517221108078856,0.8080087497610323,0.841,0.848,0.796,True,999,0.0001129580195993185,0.0026891659945249557,strong_5x5_mild_500,strong_null,True,165,2969104037,0.0,0,0
500,500,0.1135201803718845,0.1562299397672604,0.09533498329648182,0.13884017031716667,-0.04270975939537591,-0.04350518702068484,0.03267110230939878,-1.3072641073114093,-1.3316106266842833,0.19112302975617268,0.18298817114215116,0.194,0.192,0.182,True,999,0.0001194999786093831,0.0027558329747989774,strong_5x5_mild_500,strong_null,True,166,2969104037,0.0,0,0
500,500,0.1282283610864985,0.13120316829531475,0.11020062733837221,0.11169175578061186,-0.002974807208816266,-0.001491128442239642,0.03129758939476531,-0.09504908417367819,-0.04764355565636762,0.9242758398353998,0.9620003190293884,0.925,0.925,0.964,True,999,0.00011195801198482513,0.002706749946810305,strong_5x5_mild_500,strong_null,True,167,2969104037,0.0,0,0
500,500,0.14071789986096084,0.08920545193553497,0.12387321784240157,0.07024759817380755,0.051512447925425864,0.05362561966859403,0.030385756478264535,1.6952827211089387,1.7648275338135277,0.09002180103216681,0.0775927556725722,0.076,0.078,0.066,True,999,0.0001290829386562109,0.0026932499604299664,strong_5x5_mild_500,strong_null,True,168,2969104037,0.0,1,0
500,500,0.08313003336032965,0.10308888787358006,0.06592931203215358,0.08515984837492852,-0.019958854513250412,-0.01923053634277494,0.0278594992980989,-0.7164110991259769,-0.690268555691064,0.47373754351782205,0.4900253181752594,0.434,0.436,0.457,True,999,0.00012058310676366091,0.0027693749871104956,strong_5x5_mild_500,strong_null,True,169,2969104037,0.0,1,0
500,500,0.12497084566162697,0.10796896599191341,0.10739919939123865,0.0886993742018376,0.01700187966971356,0.018699825189401054,0.03015870462045446,0.5637470137952284,0.6200473602807967,0.5729263167049956,0.5352266069061238,0.532,0.538,0.503,True,999,0.00015145796351134777,0.0027339999796822667,strong_5x5_mild_500,strong_null,True,170,2969104037,0.0,0,1
500,500,0.08639883582536423,0.15286313806073126,0.06745650346550747,0.13861742233950736,-0.06646430223536703,-0.07116091887399989,0.03095157989299008,-2.1473638006575517,-2.299104573014589,0.031764330182894755,0.02149900189880139,0.041,0.037,0.027,True,999,0.00011945900041610003,0.002700833952985704,strong_5x5_mild_500,strong_null,True,171,2969104037,0.0,0,3
500,500,0.13562625982570986,0.10275320118652309,0.11719539520026956,0.08529954108178117,0.03287305863918677,0.03189585411848839,0.029467658338580376,1.1155639943112783,1.0824020609988174,0.2646088114861832,0.27907391289673245,0.251,0.244,0.262,True,999,0.00012862496078014374,0.0027604170609265566,strong_5x5_mild_500,strong_null,True,172,2969104037,0.0,0,1
500,500,0.13765901724513374,0.13582625552352523,0.11802066042594106,0.11646678144256839,0.0018327617216085113,0.0015538789833726696,0.033403260048128616,0.054867750003077614,0.046518782332436566,0.9562438249292285,0.9628967641544871,0.938,0.939,0.951,True,999,0.00011220795568078756,0.002715499955229461,strong_5x5_mild_500,strong_null,True,173,2969104037,0.0,0,0
500,500,0.15215966027916417,0.09804527258931994,0.1345635798739977,0.0814324877293302,0.05411438768984422,0.05313109214466749,0.03160252988143629,1.7123435336622108,1.681229077039093,0.08683337843882012,0.09271842769930487,0.082,0.094,0.095,True,999,0.00011095800437033176,0.002742042066529393,strong_5x5_mild_500,strong_null,True,174,2969104037,0.0,1,1
500,500,0.13192250325262012,0.08272645416336133,0.113822491560029,0.06390170076122104,0.049196049089258787,0.04992079079880796,0.029406393864681527,1.6729711679590054,1.6976168866038754,0.09433297208836063,0.08958009356602908,0.09,0.081,0.074,True,999,0.00011658307630568743,0.002725624945014715,strong_5x5_mild_500,strong_null,True,175,2969104037,0.0,0,0
500,500,0.14426032524843246,0.135229063172305,0.12745176666595626,0.11845274828885977,0.009031262076127478,0.00899901837709649,0.03284320093386129,0.2749811778186413,0.2739994312740241,0.7833306990092961,0.7840850587171844,0.776,0.778,0.781,True,999,0.00011620798613876104,0.0026990409241989255,strong_5x5_mild_500,strong_null,True,176,2969104037,0.0,1,1
500,500,0.07819375682999041,0.08198037221501964,0.06077460841800075,0.06238509701580597,-0.003786615385029224,-0.0016104885978052152,0.026031287579024672,-0.14546400647812668,-0.061867419846834804,0.8843445321122141,0.9506684129729551,0.889,0.886,0.961,True,999,0.00011337501928210258,0.0028113339794799685,strong_5x5_mild_500,strong_null,True,177,2969104037,0.0,1,0
500,500,0.11210317259465796,0.12683041861870326,0.09187881500781714,0.10807025898623124,-0.014727246024045293,-0.0161914439784141,0.03097416885500762,-0.475468642693356,-0.5227402244175606,0.6344529784770331,0.6011550421707962,0.634,0.627,0.589,True,999,0.00011516700033098459,0.0027755829505622387,strong_5x5_mild_500,strong_null,True,178,2969104037,0.0,0,0
500,500,0.12234115604936457,0.11148077018563174,0.10464934856315722,0.09306128685625481,0.010860385863732835,0.011588061706902408,0.029963127636540982,0.3624583519942107,0.3867440624846653,0.71700954091145,0.6989456924086672,0.718,0.712,0.697,True,999,0.0001145839923992753,0.0026824999367818236,strong_5x5_mild_500,strong_null,True,179,2969104037,0.0,0,0
500,500,0.09328129951724873,0.12944412507788572,0.07561791315458777,0.10986352395764243,-0.03616282556063699,-0.03424561080305466,0.029224858879425646,-1.237399493008183,-1.171797302575296,0.21593880693800072,0.24127844593687942,0.208,0.208,0.228,True,999,0.00011229095980525017,0.002729542087763548,strong_5x5_mild_500,strong_null,True,180,2969104037,0.0,0,0
500,500,0.12109601068710474,0.11463632063094797,0.10146345753452124,0.09522764816415474,0.006459690056156764,0.006235809370366496,0.03150274842821805,0.20505163449074199,0.19794493120418905,0.8375317835245779,0.843088149610558,0.847,0.845,0.853,True,999,0.00012779096141457558,0.002791792037896812,strong_5x5_mild_500,strong_null,True,181,2969104037,0.0,0,0
500,500,0.12559741238642874,0.11069395448134278,0.10671993939990898,0.09076917895885117,0.01490345790508596,0.01595076044105781,0.030287225581340508,0.4920707532309513,0.5266497718062637,0.6226693268166426,0.5984368218421195,0.63,0.63,0.606,True,999,0.00011620798613876104,0.0027597079752013087,strong_5x5_mild_500,strong_null,True,182,2969104037,0.0,0,1
500,500,0.11598690146498392,0.14969217100020726,0.09673095582127189,0.1275505003555395,-0.03370526953522335,-0.030819544534267607,0.03273711107968406,-1.0295737291290834,-0.9414252974018086,0.30321015278673313,0.346486954720283,0.292,0.297,0.344,True,999,0.00011558295227587223,0.0027924999594688416,strong_5x5_mild_500,strong_null,True,183,2969104037,0.0,0,0
500,500,0.11443931164803489,0.11499445874001779,0.096599753790656,0.09747029736530521,-0.0005551470919828994,-0.0008705435746492185,0.030594830562879337,-0.018145127192057683,-0.02845394331764817,0.985523077574612,0.9773001010489788,0.98,0.98,0.968,True,999,0.00012354191858321428,0.002819000044837594,strong_5x5_mild_500,strong_null,True,184,2969104037,0.0,0,1
500,500,0.10697127779354765,0.0974150191269183,0.09006500142641016,0.07615388678010504,0.009556258666629347,0.013911114646305123,0.02906977762416293,0.3287351829855809,0.4785421762133516,0.7423558587881159,0.6322643629895319,0.741,0.742,0.636,True,999,0.00011470902245491743,0.0028212920296937227,strong_5x5_mild_500,strong_null,True,185,2969104037,0.0,1,0
500,500,0.09199104860836149,0.12750243118211868,0.07383586674484377,0.10878582740326692,-0.03551138257375719,-0.03494996065842315,0.02981486253918436,-1.1910630990529016,-1.1722328289285238,0.23362881480411135,0.2411035914192804,0.22,0.215,0.217,True,999,0.0001140000531449914,0.0028174580074846745,strong_5x5_mild_500,strong_null,True,186,2969104037,0.0,0,0
500,500,0.1198232845155901,0.10159349868744316,0.10206168008522809,0.08255322324339431,0.018229785828146938,0.019508456841833777,0.029751544276354715,0.6127341041128817,0.6557124114507993,0.5400521684635355,0.5120091815691183,0.54,0.528,0.514,True,999,0.00011720904149115086,0.0028228750452399254,strong_5x5_mild_500,strong_null,True,187,2969104037,0.0,1,0
500,500,0.11264551529041866,0.11291070864908526,0.09291265896791856,0.09190998950396079,-0.0002651933586665933,0.0010026694639577727,0.030605234193780386,-0.008664967468881062,0.03276137204535869,0.9930864427503895,0.9738648823075291,0.994,0.995,0.979,True,999,0.00011679204180836678,0.002763291005976498,strong_5x5_mild_500,strong_null,True,188,2969104037,0.0,0,1
500,500,0.12862236878024058,0.09094171102605475,0.11151033836847546,0.07153301348330388,0.03768065775418583,0.03997732488517158,0.02924695370800137,1.2883617942020804,1.3668885068954926,0.19762005169383146,0.17166025497290682,0.161,0.169,0.154,True,999,0.00011470809113234282,0.002777584013529122,strong_5x5_mild_500,strong_null,True,189,2969104037,0.0,2,0
500,500,0.1350483206628994,0.09339437865889066,0.11687986481507551,0.07508339222727045,0.04165394200400874,0.041796472587805056,0.02954970161690478,1.4096231002271566,1.4144465189419764,0.15865100231798157,0.15723083966044613,0.143,0.14,0.142,True,999,0.00011304195504635572,0.0028507079696282744,strong_5x5_mild_500,strong_null,True,190,2969104037,0.0,0,1
500,500,0.1752737538032887,0.11394487479160076,0.15505651270876797,0.09471755928223047,0.06132887901168793,0.0603389534265375,0.03400829163165329,1.8033507732745373,1.7742424135876584,0.07133314341656363,0.07602306135287833,0.081,0.086,0.092,True,999,0.0001290410291403532,0.0027813329361379147,strong_5x5_mild_500,strong_null,True,191,2969104037,0.0,0,0
500,500,0.12600871089860277,0.07284142948846595,0.10925297265077916,0.05330543914044483,0.053167281410136824,0.055947533510334324,0.028156810383607823,1.8882565420509938,1.9869982696230946,0.058991518423527754,0.046922588601218916,0.061,0.058,0.045,True,999,0.00011983397416770458,0.002846083021722734,strong_5x5_mild_500,strong_null,True,192,2969104037,0.0,1,0
500,500,0.11753603697059134,0.11099763981361055,0.09990322844464572,0.09458323560704684,0.006538397156980791,0.005319992837598875,0.02991789205221292,0.21854471383110594,0.17781977514707203,0.8270047235658687,0.8588645165291217,0.802,0.802,0.835,True,999,0.00011516700033098459,0.0026772910496219993,strong_5x5_mild_500,strong_null,True,193,2969104037,0.0,0,1
500,500,0.0994828048390779,0.11766550899163664,0.0798107591859889,0.09881753749914424,-0.018182704152558737,-0.019006778313155337,0.03012143777081233,-0.6036466217485068,-0.6310050156892877,0.5460786094739981,0.5280372449156636,0.564,0.554,0.535,True,999,0.00011812499724328518,0.0027591249672695994,strong_5x5_mild_500,strong_null,True,194,2969104037,0.0,0,0
500,500,0.08955569417934983,0.13102433469101027,0.07106544886937627,0.11577867272012554,-0.04146864051166044,-0.04471322385074927,0.029707219451441377,-1.3959112053366005,-1.505129886822168,0.16274123591452283,0.13229068655649617,0.166,0.157,0.129,True,999,0.00012054096441715956,0.002817042055539787,strong_5x5_mild_500,strong_null,True,195,2969104037,0.0,0,2
500,500,0.11153158183536083,0.14456367019743943,0.09251029919812481,0.12420627516041804,-0.033032088362078604,-0.03169597596229323,0.03203863174144266,-1.031008085134637,-0.9893049184523633,0.30253702833943386,0.32251397836138906,0.287,0.288,0.315,True,999,0.00011158396955579519,0.0027477090479806066,strong_5x5_mild_500,strong_null,True,196,2969104037,0.0,0,0
500,500,0.15496495469272764,0.08884368617081262,0.13533143602182918,0.07096537106178857,0.06612126852191502,0.0643660649600406,0.030812408177713375,2.1459299169527606,2.088965737075903,0.03187857052664922,0.036710807541375415,0.026,0.027,0.038,True,999,0.0001117499778047204,0.002758959075435996,strong_5x5_mild_500,strong_null,True,197,2969104037,0.0,0,1
500,500,0.1177931975416866,0.09485009673875933,0.10147129675601718,0.0742366848015763,0.022943100802927274,0.02723461195444088,0.029691326853708944,0.7727206303702556,0.9172581639287306,0.43968773451185506,0.3590073744838078,0.407,0.427,0.339,True,999,0.00011233403347432613,0.0027769169537350535,strong_5x5_mild_500,strong_null,True,198,2969104037,0.0,2,0
500,500,0.12340059412688986,0.1373683943393902,0.10464811663706541,0.12167735624251463,-0.013967800212500325,-0.01702923960544922,0.0310752568848134,-0.44948301680255603,-0.5479999624322165,0.6530832566876135,0.5836919286302868,0.681,0.673,0.62,True,999,0.00011683395132422447,0.0027352500474080443,strong_5x5_mild_500,strong_null,True,199,2969104037,0.0,0,3
500,500,0.10019172548955058,0.14613752390661205,0.08379403359833759,0.12481140517121503,-0.04594579841706148,-0.04101737157287744,0.031160880510046163,-1.4744704791717522,-1.3163097737130238,0.140354960390221,0.1880700917475946,0.133,0.134,0.18,True,999,0.00011616596020758152,0.002747165970504284,strong_5x5_mild_500,strong_null,True,200,2969104037,0.0,1,0
500,500,0.11241938845967292,0.0653569690662632,0.09143480736548781,0.04496072102216431,0.047062419393409716,0.046474086343323506,0.02793065432621678,1.6849737511961949,1.6639096886355846,0.09199363591623239,0.09613047855085678,0.05,0.079,0.095,True,999,0.00012104201596230268,0.002770041930489242,strong_5x5_mild_500,strong_null,True,201,2969104037,0.0,1,0
500,500,0.09628777009719192,0.12458889889596625,0.07665902571449124,0.10518623379351766,-0.028301128798774333,-0.028527208079026423,0.030178038888545193,-0.9378054320659224,-0.9452969486978365,0.34834440901537,0.3445072957712978,0.325,0.323,0.319,True,999,0.0001190409529954195,0.0027219579787924886,strong_5x5_mild_500,strong_null,True,202,2969104037,0.0,0,0
500,500,0.13234294090178167,0.11731106343553466,0.1138746101520951,0.09774730669147402,0.015031877466247012,0.01612730346062108,0.0317268562299316,0.4737903231668352,0.5083170971539983,0.6356494358417076,0.6112309817442627,0.62,0.616,0.596,True,999,0.0001140000531449914,0.002775624976493418,strong_5x5_mild_500,strong_null,True,203,2969104037,0.0,1,0
500,500,0.10174735888490538,0.13094801602078587,0.08306464966716476,0.11346679896951173,-0.029200657135880492,-0.03040214930234697,0.031078562668523504,-0.9395755346644469,-0.9782353716485863,0.34743533046070807,0.32795792585845773,0.338,0.328,0.321,True,999,0.00011316605377942324,0.0027381249237805605,strong_5x5_mild_500,strong_null,True,204,2969104037,0.0,0,1
500,500,0.12976498404280667,0.12399405626186732,0.11280789308580097,0.10534597630999087,0.00577092778093935,0.007461916775810096,0.031484457583291985,0.18329449588491045,0.2370031866062685,0.8545669528871485,0.8126543181272797,0.871,0.87,0.837,True,999,0.00011183402966707945,0.0027738750213757157,strong_5x5_mild_500,strong_null,True,205,2969104037,0.0,1,1
500,500,0.15716722141394346,0.11212983729988713,0.14069056007059544,0.0938802814129076,0.045037384114056334,0.04681027865768783,0.03156049046010915,1.4270178776524811,1.4831923704371337,0.1535747416089572,0.13802330771070162,0.156,0.156,0.142,True,999,0.00011512497439980507,0.0028163749957457185,strong_5x5_mild_500,strong_null,True,206,2969104037,0.0,2,1
500,500,0.1301583520985723,0.11339863887262136,0.11225130620175605,0.0959088200639826,0.016759713225950934,0.01634248613777345,0.031302041981254525,0.5354191664552626,0.5220900971112452,0.5923600395854198,0.6016076011222158,0.581,0.575,0.593,True,999,0.00011274998541921377,0.0026827079709619284,strong_5x5_mild_500,strong_null,True,207,2969104037,0.0,0,0
500,500,0.1360338465964377,0.12711737069722218,0.11552967331374475,0.11269539153698815,0.008916475899215515,0.0028342817767565975,0.032070889527900014,0.27802396598506074,0.08837552741687814,0.78099396154604,0.9295782114687737,0.777,0.776,0.927,True,999,0.00011904200073331594,0.002804666990414262,strong_5x5_mild_500,strong_null,True,208,2969104037,0.0,0,3
500,500,0.14419676332103437,0.148928286430989,0.12810665788720144,0.13050625839383656,-0.004731523109954616,-0.0023996005066351245,0.03292252289381627,-0.14371690545147509,-0.07288628864727234,0.885724021167731,0.9418966049958846,0.88,0.879,0.944,True,999,0.00012099999003112316,0.002821125090122223,strong_5x5_mild_500,strong_null,True,209,2969104037,0.0,2,0
500,500,0.12811893857313716,0.09670180434485509,0.10992458952637207,0.07649395620035193,0.03141713422828207,0.03343063332602014,0.030300640222912973,1.0368472084139273,1.1032979197825763,0.2998070703566239,0.26989780969510346,0.273,0.288,0.265,True,999,0.00011570798233151436,0.002751832944341004,strong_5x5_mild_500,strong_null,True,210,2969104037,0.0,1,0
500,500,0.13994266667744126,0.11309138201497593,0.12161209193516243,0.09676097508770454,0.026851284662465336,0.024851116847457888,0.030512131554513034,0.8800199558163538,0.8144667573636681,0.3788484990249916,0.4153776085723633,0.389,0.379,0.429,True,999,0.00011479097884148359,0.0027240829076617956,strong_5x5_mild_500,strong_null,True,211,2969104037,0.0,1,2
500,500,0.11011284368284602,0.14882705089230774,0.09036192118315967,0.1313784648173737,-0.038714207209461726,-0.04101654363421403,0.03182071656537542,-1.216635305176855,-1.2889886860324422,0.22374300377062928,0.19740201993665107,0.224,0.223,0.197,True,999,0.00011412508320063353,0.0028292499482631683,strong_5x5_mild_500,strong_null,True,212,2969104037,0.0,0,1
500,500,0.11195409655341604,0.08117766116247305,0.09423554446652815,0.06518289644765218,0.03077643539094299,0.02905264801887597,0.027457268337514284,1.120884824106621,1.058104093304211,0.2623368914705594,0.29000798847858245,0.259,0.255,0.287,True,999,0.00011216697748750448,0.002760541974566877,strong_5x5_mild_500,strong_null,True,213,2969104037,0.0,1,2
500,500,0.11010160077519515,0.14792421941289957,0.09032636834126606,0.12777815582597896,-0.03782261863770442,-0.037451787484712895,0.03226405416806462,-1.1722835090929689,-1.1607898774786698,0.24108325021410804,0.24572736051231037,0.217,0.22,0.226,True,999,0.00012499990407377481,0.002737124916166067,strong_5x5_mild_500,strong_null,True,214,2969104037,0.0,0,0
500,500,0.11094482595410837,0.10504606322577481,0.09241079871685542,0.08735862595597155,0.005898762728333562,0.005052172760883877,0.02973567307418358,0.19837327083928863,0.16990275445522565,0.8427530286489094,0.8650866148765468,0.831,0.829,0.853,True,999,0.0001129580195993185,0.0027772500179708004,strong_5x5_mild_500,strong_null,True,215,2969104037,0.0,0,1
500,500,0.11191265834119224,0.11895634243578823,0.09268408753314361,0.10102625396154963,-0.007043684094595992,-0.008342166428406017,0.030600946813110194,-0.23017863262905008,-0.2726113828880624,0.8179529648028687,0.785151960984102,0.804,0.81,0.785,True,999,0.0001663749571889639,0.0027162079932168126,strong_5x5_mild_500,strong_null,True,216,2969104037,0.0,1,0
500,500,0.10611507667402598,0.16329687898252931,0.08592474201952882,0.1445401085687763,-0.05718180230850334,-0.05861536654924748,0.031542809125111246,-1.8128316372108049,-1.8582798480869531,0.06985779277083011,0.06312928402956483,0.062,0.067,0.063,True,999,0.00011645792983472347,0.0027332500321790576,strong_5x5_mild_500,strong_null,True,217,2969104037,0.0,0,0
500,500,0.10396079349932763,0.11656795392975039,0.0843813363044319,0.09797784441570911,-0.01260716043042276,-0.013596508111277217,0.03093488942001946,-0.4075385646041475,-0.4395201782256335,0.68361247586435,0.6602846643986395,0.643,0.65,0.633,True,999,0.00011804199311882257,0.002783625037409365,strong_5x5_mild_500,strong_null,True,218,2969104037,0.0,0,0
500,500,0.14982040981941624,0.12527998499109505,0.1333173060683066,0.1058338620749737,0.024540424828321195,0.027483443993332912,0.031567154194256895,0.7774037747370305,0.8706341985788841,0.4369205861127484,0.38395391736745366,0.459,0.452,0.409,True,999,0.00011316605377942324,0.0027331250021234155,strong_5x5_mild_500,strong_null,True,219,2969104037,0.0,1,0
500,500,0.11953214510859267,0.11281529166032,0.10107877085533801,0.09427933188533189,0.006716853448272664,0.006799438970006122,0.03058749223058955,0.21959477415266357,0.22229475102918786,0.8261867616991156,0.824084437964825,0.809,0.811,0.807,True,999,0.00011087500024586916,0.002755124936811626,strong_5x5_mild_500,strong_null,True,220,2969104037,0.0,0,0
500,500,0.13189095404892015,0.11308617870528093,0.11227650604234896,0.09242737396198208,0.018804775343639224,0.01984913208036687,0.031720262097961374,0.5928316508093351,0.6257556138428804,0.5532938235177074,0.5314752492877427,0.54,0.538,0.527,True,999,0.00011479202657938004,0.0028273749630898237,strong_5x5_mild_500,strong_null,True,221,2969104037,0.0,0,0
500,500,0.13784332825537615,0.14000745602343256,0.12162592264007799,0.12459023405790504,-0.002164127768056412,-0.002964311417827048,0.03219745198764974,-0.0672142556152122,-0.09206664611113,0.9464111364497624,0.9266450884170732,0.949,0.949,0.939,True,999,0.00011475000064820051,0.002749249921180308,strong_5x5_mild_500,strong_null,True,222,2969104037,0.0,2,2
500,500,0.10372718928647262,0.09239743141905077,0.0834197923817328,0.07191586082302592,0.011329757867421852,0.011503931558706881,0.028547619107240664,0.39687225140776217,0.40297341489291083,0.6914616675335721,0.6869677820272142,0.675,0.675,0.671,True,999,0.00011725001968443394,0.002798917004838586,strong_5x5_mild_500,strong_null,True,223,2969104037,0.0,0,0
500,500,0.14821062316647338,0.11080096536125317,0.1292127769837066,0.09320102411368225,0.03740965780522021,0.03601175287002434,0.032240511006322393,1.160330796180127,1.1169721491995708,0.2459141506667678,0.2640062335568867,0.246,0.249,0.272,True,999,0.00012666697148233652,0.0027259590569883585,strong_5x5_mild_500,strong_null,True,224,2969104037,0.0,1,1
500,500,0.11573123239481498,0.09826804018210111,0.09717746901276314,0.0806365385487311,0.017463192212713863,0.016540930464032044,0.02969147947872779,0.5881550033646932,0.5570935081184706,0.5564282567305467,0.5774635427993189,0.515,0.525,0.551,True,999,0.00011337501928210258,0.0027238751063123345,strong_5x5_mild_500,strong_null,True,225,2969104037,0.0,0,1
500,500,0.11434744551359244,0.10754191401630186,0.0951163065324181,0.08872823704558641,0.006805531497290573,0.006388069486831682,0.030083827274042605,0.22621893934228998,0.2123423136504821,0.8210311409283775,0.8318399864963629,0.826,0.83,0.843,True,999,0.0001134589547291398,0.0028228750452399254,strong_5x5_mild_500,strong_null,True,226,2969104037,0.0,0,0
500,500,0.1594485565137589,0.11950988706650012,0.14558794746568537,0.1009064388946399,0.03993866944725877,0.04468150857104547,0.03246877685910567,1.2300638739970955,1.3761377203993692,0.2186731868418591,0.16877899929421114,0.214,0.226,0.181,True,999,0.00011700007598847151,0.0028987500118091702,strong_5x5_mild_500,strong_null,True,227,2969104037,0.0,4,0
500,500,0.10748502581901076,0.14760014080016615,0.08804345320646689,0.1287250543311984,-0.040115114981155386,-0.040681601124731515,0.03118207126150608,-1.2864801265038814,-1.3046471731642952,0.19827555026004673,0.19201301734745557,0.181,0.178,0.169,True,999,0.00012700003571808338,0.002853084006346762,strong_5x5_mild_500,strong_null,True,228,2969104037,0.0,0,0
500,500,0.08206970455219509,0.11203670215514172,0.06207373807563954,0.09268935994089134,-0.029966997602946632,-0.030615621865251796,0.02854806179175708,-1.049703402687718,-1.0724238334839145,0.2938544988359939,0.28352970771723096,0.282,0.278,0.275,True,999,0.00012141698971390724,0.002928124973550439,strong_5x5_mild_500,strong_null,True,229,2969104037,0.0,0,0
500,500,0.13812122586901698,0.07762255161337572,0.11792415325612637,0.05714261181765323,0.06049867425564126,0.06078154143847314,0.0293053463772153,2.064424473162977,2.0740768819484203,0.038977488062639475,0.03807217122225136,0.032,0.033,0.032,True,999,0.00011529203038662672,0.002715041977353394,strong_5x5_mild_500,strong_null,True,230,2969104037,0.0,0,0
500,500,0.0960378596429281,0.13527346344999636,0.07573063919244305,0.11871042128552745,-0.03923560380706825,-0.042979782093084395,0.030477500367502665,-1.2873629180201445,-1.4102134878132124,0.1979678228894045,0.15847665435134217,0.189,0.195,0.156,True,999,0.000111832981929183,0.002723208977840841,strong_5x5_mild_500,strong_null,True,231,2969104037,0.0,0,2
500,500,0.12370035833103832,0.09977815057604689,0.10335839547980186,0.0812779109277244,0.02392220775499143,0.02208048455207745,0.029646735143996635,0.8069086743885726,0.7447863801808434,0.4197191008354574,0.4564008697656444,0.411,0.4,0.442,True,999,0.00011133297812193632,0.0027498749550431967,strong_5x5_mild_500,strong_null,True,232,2969104037,0.0,0,0
500,500,0.13237400170933067,0.12332818416627034,0.11293504086268058,0.1039316777379895,0.00904581754306033,0.009003363124691077,0.03266021641261791,0.2769674710289298,0.27566758930638097,0.7818050837537525,0.7828033913587322,0.784,0.789,0.797,True,999,0.00011908391024917364,0.002721874974668026,strong_5x5_mild_500,strong_null,True,233,2969104037,0.0,0,0
500,500,0.14188967115600604,0.10309644505218196,0.12522308206041544,0.08666847122481158,0.038793226103824074,0.03855461083560385,0.03067999403653341,1.264446989710282,1.2566694370831177,0.2060696360926142,0.20887335956007524,0.209,0.205,0.211,True,999,0.00011866702698171139,0.0027261669747531414,strong_5x5_mild_500,strong_null,True,234,2969104037,0.0,1,2
500,500,0.12402635902078063,0.10881184864986126,0.10526503908749874,0.09067207212353878,0.015214510370919365,0.014592966963959952,0.03004469572303986,0.5063958880186653,0.4857085955698095,0.6125787606380774,0.6271737884594376,0.588,0.603,0.617,True,999,0.00011516700033098459,0.0027648750692605972,strong_5x5_mild_500,strong_null,True,235,2969104037,0.0,0,1
500,500,0.145912522467327,0.1732560931005358,0.1273081346553795,0.15523567061109134,-0.027343570633208802,-0.027927535955711846,0.035356102072439055,-0.7733762782216816,-0.7898929553516038,0.4392997247430024,0.42959028585434356,0.424,0.425,0.424,True,999,0.00012004096060991287,0.00277345790527761,strong_5x5_mild_500,strong_null,True,236,2969104037,0.0,0,2
500,500,0.16372323055373905,0.09632819585180552,0.14323606595013416,0.07894312642054047,0.06739503470193353,0.0642929395295937,0.031902518405182496,2.1125302349480144,2.015293548710858,0.034640995473495965,0.043873900489970294,0.032,0.032,0.04,True,999,0.00011583301238715649,0.002729290979914367,strong_5x5_mild_500,strong_null,True,237,2969104037,0.0,0,1
500,500,0.1314749229547374,0.08891933441362632,0.11096010283733904,0.07011941489543005,0.04255558854111108,0.04084068794190898,0.03016995288083268,1.410528836727058,1.3536874950791038,0.1583835877916674,0.1758360993279714,0.145,0.147,0.158,True,999,0.00011924991849809885,0.002776416949927807,strong_5x5_mild_500,strong_null,True,238,2969104037,0.0,0,0
500,500,0.163119531631587,0.11686140415649193,0.14354905763974557,0.098237419435236,0.04625812747509506,0.04531163820450956,0.033265507338421645,1.3905733348508695,1.362120762011486,0.16435484694094105,0.17315977704301044,0.163,0.159,0.173,True,999,0.00011345790699124336,0.00276358297560364,strong_5x5_mild_500,strong_null,True,239,2969104037,0.0,1,1
500,500,0.08985219991531035,0.13867725478345383,0.07138124258665357,0.12118236311221153,-0.04882505486814348,-0.04980112052555796,0.030157234372451897,-1.6190163283919798,-1.6513822159717142,0.10544374993911168,0.09866055386388815,0.107,0.109,0.104,True,999,0.00011820800136774778,0.00268270808737725,strong_5x5_mild_500,strong_null,True,240,2969104037,0.0,0,1
500,500,0.16198701423078066,0.10481983758343116,0.1415640524992341,0.08648359953599538,0.057167176647349494,0.05508045296323871,0.030971057834718204,1.8458257690916111,1.7784491978667307,0.06491750767199629,0.07533010859144518,0.066,0.067,0.079,True,999,0.00011770892888307571,0.0027887090109288692,strong_5x5_mild_500,strong_null,True,241,2969104037,0.0,0,1
500,500,0.11896950896429737,0.11904385515908089,0.10142087239336206,0.10262501816828262,-7.434619478352555e-05,-0.001204145774920562,0.030379587956790337,-0.0024472417101005467,-0.03963667238124655,0.9980473855719902,0.9683827900682773,1.0,1.0,0.969,True,999,0.00011625001206994057,0.0027100829174742103,strong_5x5_mild_500,strong_null,True,242,2969104037,0.0,1,1
500,500,0.13330128172472344,0.12959420428922885,0.11549737969340867,0.11174617179221968,0.003707077435494588,0.003751207901188991,0.03251278114112613,0.11401908127771403,0.11537640797034142,0.9092226674132324,0.9081467777818722,0.901,0.901,0.909,True,999,0.00011495896615087986,0.002800749964080751,strong_5x5_mild_500,strong_null,True,243,2969104037,0.0,1,1
500,500,0.11108346910604783,0.09037278529447912,0.09234403638470212,0.07094811326544459,0.02071068381156871,0.02139592311925753,0.02923045200494216,0.7085310828606768,0.7319737346394781,0.4786155167565346,0.4641845993009882,0.463,0.469,0.45,True,999,0.00012033304665237665,0.00281708303373307,strong_5x5_mild_500,strong_null,True,244,2969104037,0.0,0,0
500,500,0.11441077009162348,0.11536427258879045,0.09717404566055166,0.09674091051590494,-0.0009535024971669692,0.00043313514464671243,0.029885066807045554,-0.03190565051513207,0.014493363774063864,0.9745472924758989,0.9884363736499127,0.966,0.966,0.985,True,999,0.00011925003491342068,0.0027710000285878778,strong_5x5_mild_500,strong_null,True,245,2969104037,0.0,1,0
500,500,0.1250436757145892,0.13166585561439037,0.10649335337456023,0.11141103350166759,-0.006622179899801184,-0.00491768012710736,0.031945224964243284,-0.20729795790179842,-0.15394100785365528,0.8357771688697018,0.8776562498720168,0.828,0.836,0.879,True,999,0.00011799996718764305,0.00284883298445493,strong_5x5_mild_500,strong_null,True,246,2969104037,0.0,0,0
500,500,0.11660030231271667,0.11127306385279057,0.09819403743153998,0.09290510701731591,0.005327238459926109,0.005288930414224069,0.030444498389826553,0.17498197512448682,0.17372368388212425,0.8610937968335136,0.8620826234966537,0.877,0.876,0.862,True,999,0.0001235000090673566,0.00283445802051574,strong_5x5_mild_500,strong_null,True,247,2969104037,0.0,0,1
500,500,0.07923664673555897,0.14435843771856205,0.060415682259247205,0.12385618606037951,-0.06512179098300308,-0.06344050380113231,0.030951108464687387,-2.104021284320126,-2.049700542179696,0.035376590405919596,0.040393662085489834,0.032,0.033,0.04,True,999,0.0001169170718640089,0.0027092089876532555,strong_5x5_mild_500,strong_null,True,248,2969104037,0.0,0,0
500,500,0.13697039097404773,0.08621306309566168,0.1185086908295716,0.06846656599498147,0.05075732787838605,0.05004212483459014,0.02974897845889276,1.706187254413549,1.6821459904493365,0.08797322101885993,0.09254053416109739,0.102,0.099,0.108,True,999,0.00011374999303370714,0.0028877920703962445,strong_5x5_mild_500,strong_null,True,249,2969104037,0.0,1,1
500,500,0.11354593038900984,0.13969770301318585,0.09493747245551276,0.1210014310678389,-0.026151772624176006,-0.026063958612326132,0.03187392084905454,-0.8204755463886311,-0.8177205037233206,0.4119450640098362,0.41351679992177026,0.381,0.398,0.398,True,999,0.00013399997260421515,0.0027107499772682786,strong_5x5_mild_500,strong_null,True,250,2969104037,0.0,0,0
500,500,0.11377637954371966,0.12026985891244935,0.09452405031288436,0.09991099167365292,-0.006493479368729682,-0.00538694136076856,0.030845393554791347,-0.21051698877484487,-0.17464330131497977,0.8332641936155342,0.8613599218922154,0.828,0.826,0.85,True,999,0.0001129580195993185,0.0026860838988795877,strong_5x5_mild_500,strong_null,True,251,2969104037,0.0,0,0
500,500,0.16592250892087046,0.11508436623487373,0.14713016855205296,0.09643618409631927,0.050838142685996734,0.0506939844557337,0.03212647050609286,1.5824378428484749,1.577950632520291,0.11354965143815747,0.11457695163185685,0.118,0.117,0.122,True,999,0.00011470809113234282,0.0028452500700950623,strong_5x5_mild_500,strong_null,True,252,2969104037,0.0,0,1
500,500,0.12183793071910376,0.1177847789485007,0.10411690757678116,0.0961406381135248,0.004053151770603058,0.007976269463256358,0.03085063819624309,0.13137983547765442,0.25854471510504073,0.8954748393476893,0.7959865439632524,0.898,0.898,0.786,True,999,0.00011529203038662672,0.0027429169276729226,strong_5x5_mild_500,strong_null,True,253,2969104037,0.0,0,0
500,500,0.09889400009189742,0.10761159412665355,0.08020715681368529,0.08964934293106808,-0.008717594034756138,-0.00944218611738279,0.02975642696955429,-0.2929650809109463,-0.31731585674058566,0.7695488425981794,0.751003946669842,0.764,0.775,0.754,True,999,0.00011266698129475117,0.0027457079850137234,strong_5x5_mild_500,strong_null,True,254,2969104037,0.0,0,0
500,500,0.12723338065883438,0.12779952756656165,0.10620557227093741,0.1089201852636279,-0.0005661469077272718,-0.0027146129926904905,0.03225371387213015,-0.017552921501435812,-0.08416435401679861,0.9859955140828588,0.9329257589709342,0.986,0.986,0.941,True,999,0.0001180840190500021,0.0028725420124828815,strong_5x5_mild_500,strong_null,True,255,2969104037,0.0,0,0
500,500,0.1257429524250755,0.11116936786600484,0.10692993092305869,0.09160065031716158,0.014573584559070651,0.015329280605897111,0.030941278309433048,0.4710078366292841,0.4954313927367275,0.6376351386623897,0.6202956396435544,0.654,0.653,0.645,True,999,0.00011570798233151436,0.0027194159338250756,strong_5x5_mild_500,strong_null,True,256,2969104037,0.0,0,0
500,500,0.11380874576717526,0.130213413235172,0.09527235454436322,0.11290590226360564,-0.016404667467996736,-0.017633547719242415,0.030790557529793216,-0.5327824107154745,-0.5726933558179335,0.5941842110448888,0.5668523369339005,0.603,0.592,0.564,True,999,0.00012108404189348221,0.0027099999133497477,strong_5x5_mild_500,strong_null,True,257,2969104037,0.0,0,1
500,500,0.10055285068732622,0.08684600161513267,0.08014445551384597,0.0675661554757312,0.01370684907219355,0.012578300038114776,0.028763109473993416,0.47654267298835673,0.4373066844350618,0.6336878135516398,0.6618889482877273,0.611,0.605,0.649,True,999,0.00011191691737622023,0.002854083082638681,strong_5x5_mild_500,strong_null,True,258,2969104037,0.0,0,1
500,500,0.0912844373646553,0.16297781831312874,0.07368021088643673,0.14478302730879022,-0.07169338094847344,-0.0711028164223535,0.030898858689959396,-2.320259840916721,-2.3011470143865993,0.020326825167600666,0.021383322659559445,0.017,0.015,0.015,True,999,0.00011262495536357164,0.0026359170442447066,strong_5x5_mild_500,strong_null,True,259,2969104037,0.0,0,0
500,500,0.11696601641927651,0.10840519888225086,0.09876005272349175,0.08862850386549326,0.008560817537025645,0.010131548857998496,0.030911379522271534,0.2769471201004668,0.3277611356911054,0.7818207104775272,0.7430922746909114,0.786,0.78,0.759,True,999,0.00011254206765443087,0.002716833958402276,strong_5x5_mild_500,strong_null,True,260,2969104037,0.0,0,0
500,500,0.09783883387624215,0.10522537689896516,0.07929896377538626,0.0847066044112239,-0.007386543022723013,-0.005407640635837652,0.028923010712258144,-0.2553863806298855,-0.18696672658444186,0.798424688798271,0.851686721220927,0.801,0.796,0.853,True,999,0.00011887494474649429,0.002895207959227264,strong_5x5_mild_500,strong_null,True,261,2969104037,0.0,0,0
500,500,0.10124344822121156,0.10148122363719503,0.08367160781500615,0.0812742598038767,-0.00023777541598346552,0.002397348011129452,0.02864440934547946,-0.008300936253062947,0.08369340007032791,0.9933768871850901,0.933300204716579,0.993,0.994,0.926,True,999,0.00011512497439980507,0.0027316249907016754,strong_5x5_mild_500,strong_null,True,262,2969104037,0.0,1,1
500,500,0.11894574786343393,0.14604256487314315,0.10169385586232238,0.12752338148919762,-0.02709681700970923,-0.025829525626875238,0.03160102150514605,-0.857466490610016,-0.8173636292949911,0.3911871263753379,0.41372065413735126,0.37,0.369,0.394,True,999,0.00011270795948803425,0.0026955000357702374,strong_5x5_mild_500,strong_null,True,263,2969104037,0.0,1,0
500,500,0.11946267880871742,0.08643900271567628,0.09966747997157199,0.06710680119630297,0.03302367609304113,0.032560678775269025,0.029340149831193728,1.1255455845672324,1.1097652521409864,0.260357911965587,0.26710019634927995,0.238,0.245,0.257,True,999,0.00011304090730845928,0.002893208060413599,strong_5x5_mild_500,strong_null,True,264,2969104037,0.0,0,1
500,500,0.08783101283413186,0.131963518588453,0.0679958543179282,0.1136480104482871,-0.04413250575432115,-0.04565215613035889,0.030718547291187295,-1.4366729434168954,-1.4861430684730275,0.15081094639174408,0.13724128247612244,0.137,0.149,0.14,True,999,0.0001152500044554472,0.002758749993517995,strong_5x5_mild_500,strong_null,True,265,2969104037,0.0,0,1
500,500,0.12306353992986874,0.12010372958377058,0.1044897808708356,0.10246358480696927,0.0029598103460981573,0.0020261960638663368,0.030887983030732664,0.09582400842273289,0.0655981992042125,0.9236603491348121,0.9476977228540608,0.932,0.93,0.955,True,999,0.00011683395132422447,0.002767166937701404,strong_5x5_mild_500,strong_null,True,266,2969104037,0.0,1,1
500,500,0.12977742221387056,0.07985930182145251,0.11204814708628419,0.06171534011014046,0.04991812039241805,0.05033280697614373,0.02925837519320173,1.706113892613445,1.7202871534656754,0.08798687644720629,0.08538025744939236,0.088,0.08,0.081,True,999,0.00012662506196647882,0.0028118339832872152,strong_5x5_mild_500,strong_null,True,267,2969104037,0.0,1,0
500,500,0.08749715403268121,0.16798140770154935,0.07046936522499436,0.14675827526451712,-0.08048425366886813,-0.07628891003952276,0.031769531574807205,-2.533378670672344,-2.401323099772072,0.011296884113452657,0.01633590545997103,0.012,0.012,0.018,True,999,0.00011399993672966957,0.0027116250712424517,strong_5x5_mild_500,strong_null,True,268,2969104037,0.0,1,0
500,500,0.12725466466740332,0.10333518417201049,0.10869399605780927,0.08276137802226913,0.02391948049539283,0.025932618035540145,0.03095410564433862,0.7727401582919778,0.8377763626416748,0.4396761751247785,0.4021563165484696,0.419,0.433,0.408,True,999,0.00011437502689659595,0.002748416969552636,strong_5x5_mild_500,strong_null,True,269,2969104037,0.0,1,0
500,500,0.11205916320727694,0.15187409603961455,0.09252029271721085,0.13340834594055195,-0.03981493283233761,-0.0408880532233411,0.03275367495072097,-1.2155867362132813,-1.2483500946033868,0.22414238933766106,0.2119028764170554,0.203,0.209,0.196,True,999,0.000112209003418684,0.0027499590069055557,strong_5x5_mild_500,strong_null,True,270,2969104037,0.0,0,1
500,500,0.11120772891795094,0.1185044297071931,0.0917134287703334,0.09931360464543104,-0.007296700789242161,-0.007600175875097648,0.030273686142744605,-0.24102452389964044,-0.2510489089191772,0.8095361094098944,0.801776295854641,0.792,0.792,0.785,True,999,0.00011470902245491743,0.0026810839772224426,strong_5x5_mild_500,strong_null,True,271,2969104037,0.0,0,0
500,500,0.076096192802798,0.1278015872133602,0.058415164423877286,0.10955137334701703,-0.05170539441056221,-0.05113620892313975,0.028389315608237337,-1.8212976714225393,-1.8012483861464508,0.06856162022617192,0.07166373901772977,0.056,0.055,0.06,True,999,0.00011212495155632496,0.0026870419969782233,strong_5x5_mild_500,strong_null,True,272,2969104037,0.0,1,0
500,500,0.1282226323106772,0.1350075673357637,0.10701411887646373,0.11712393740418747,-0.00678493502508648,-0.010109818527723746,0.03258500561973583,-0.20822261331687583,-0.31025983686191266,0.8350551526605442,0.7563633706703284,0.813,0.816,0.744,True,999,0.00011591706424951553,0.002764167031273246,strong_5x5_mild_500,strong_null,True,273,2969104037,0.0,0,2
500,500,0.1272351716493758,0.11090191928174709,0.10758106882201446,0.09122266575542426,0.016333252367628726,0.0163584030665902,0.03128659805078514,0.5220526802280071,0.5228565611395927,0.6016336519984931,0.6010740754407986,0.598,0.606,0.615,True,999,0.00012049998622387648,0.0027823749696835876,strong_5x5_mild_500,strong_null,True,274,2969104037,0.0,0,0
500,500,0.10138522124095095,0.08864941304830865,0.08156999907680529,0.07060247350830196,0.012735808192642306,0.010967525568503333,0.028541548153250898,0.44621995009726517,0.3842652651360864,0.6554383733806164,0.7007818497913527,0.656,0.659,0.702,True,999,0.0001222500577569008,0.0027864999137818813,strong_5x5_mild_500,strong_null,True,275,2969104037,0.0,0,0
500,500,0.1292117109437514,0.14318878025745096,0.11179279899545236,0.12417296042156067,-0.013977069313699575,-0.012380161426108316,0.03228405039012391,-0.432940388358932,-0.3834760904070315,0.6650580774163348,0.7013667949104219,0.653,0.653,0.693,True,999,0.00011341704521328211,0.002787458011880517,strong_5x5_mild_500,strong_null,True,276,2969104037,0.0,2,0
500,500,0.10893322699913344,0.13537142774295452,0.0902488653342175,0.1168644021005889,-0.026438200743821083,-0.026615536766371406,0.03153810097964199,-0.8382939975012154,-0.8439169112798476,0.40186560624463363,0.39871583740859406,0.392,0.392,0.396,True,999,0.00011383299715816975,0.002748916973359883,strong_5x5_mild_500,strong_null,True,277,2969104037,0.0,0,1
500,500,0.10475676825583713,0.08482006111093676,0.08846710048209161,0.06706311240594687,0.019936707144900367,0.021403988076144742,0.027273953510707393,0.730979728959114,0.7847776109078509,0.4647915347523166,0.43258396928544995,0.451,0.447,0.438,True,999,0.00011550006456673145,0.0028559589991346,strong_5x5_mild_500,strong_null,True,278,2969104037,0.0,2,1
500,500,0.13071359068327748,0.0877931178055813,0.11316073854652586,0.07017360720607257,0.04292047287769618,0.04298713134045329,0.029582890957971147,1.450854581409029,1.4531078589149973,0.14682035729724385,0.14619380938055093,0.139,0.127,0.126,True,999,0.00011379097122699022,0.002659916994161904,strong_5x5_mild_500,strong_null,True,279,2969104037,0.0,0,0
500,500,0.08933246968529396,0.12348407268578976,0.06958447143591684,0.10497532561544176,-0.0341516030004958,-0.03539085417952492,0.029753871025309315,-1.1478036915413687,-1.1894537739113227,0.25104961304370377,0.23426115107251,0.264,0.263,0.245,True,999,0.0001152500044554472,0.0026929170126095414,strong_5x5_mild_500,strong_null,True,280,2969104037,0.0,0,0
500,500,0.1305082821624498,0.12433140820403343,0.11085836885291656,0.10556679429834048,0.006176873958416373,0.005291574554576073,0.032109398725785436,0.192369655102138,0.16479830717996835,0.847452660185545,0.8691027364995356,0.864,0.864,0.879,True,999,0.00011300004553049803,0.0027902500005438924,strong_5x5_mild_500,strong_null,True,281,2969104037,0.0,0,0
500,500,0.09294137175625039,0.09691359789367349,0.07536570284116806,0.07895389931150021,-0.003972226137423096,-0.00358819647033215,0.028204605246945756,-0.140836083421279,-0.1272202336787079,0.8879994367032424,0.8987660913404261,0.877,0.876,0.894,True,999,0.00011600006837397814,0.002778666908852756,strong_5x5_mild_500,strong_null,True,282,2969104037,0.0,1,0
500,500,0.1343291215979947,0.12776198039875286,0.1160507527110326,0.11045603813170146,0.006567141199241844,0.005594714579331139,0.03217316698385705,0.20411858125552018,0.17389380977440919,0.8382608342682021,0.861948917596653,0.843,0.84,0.856,True,999,0.00011429097503423691,0.002696041949093342,strong_5x5_mild_500,strong_null,True,283,2969104037,0.0,0,1
500,500,0.15118015227267523,0.12733526315417765,0.13180455761948906,0.10873471841688342,0.02384488911849758,0.023069839202605635,0.03350073308207239,0.711772159136958,0.6886368470232447,0.4766058755002609,0.491051827255936,0.473,0.475,0.493,True,999,0.00011162494774907827,0.0028255829820409417,strong_5x5_mild_500,strong_null,True,284,2969104037,0.0,1,1
500,500,0.16839369323160502,0.07267165485945704,0.1516162503979217,0.05374277449516285,0.09572203837214799,0.09787347590275886,0.03108914549564565,3.078953661996108,3.148155870558328,0.0020772898900814282,0.001643040559924205,0.004,0.004,0.003,True,999,0.00012474996037781239,0.0027177080046385527,strong_5x5_mild_500,strong_null,True,285,2969104037,0.0,1,0
500,500,0.08779305522574887,0.14049777327103752,0.06913771005253011,0.12208385528697363,-0.052704718045288645,-0.05294614523444352,0.030393008268632272,-1.734106659645259,-1.7420501704363263,0.08289916011268694,0.08149966573185347,0.066,0.071,0.069,True,999,0.00011433300096541643,0.0026796249439939857,strong_5x5_mild_500,strong_null,True,286,2969104037,0.0,1,0
500,500,0.11689853573296138,0.12807739806379104,0.09858769507235365,0.11124624025114827,-0.011178862330829653,-0.012658545178794611,0.031218468740672734,-0.35808490235990853,-0.40548257776341623,0.7202797771250193,0.6851228222594397,0.704,0.705,0.682,True,999,0.00012391700875014067,0.002889250055886805,strong_5x5_mild_500,strong_null,True,287,2969104037,0.0,1,1
500,500,0.14290569128189223,0.1088310657417424,0.1256866404877428,0.09105522380144748,0.03407462554014984,0.034631416686295324,0.03107176974153169,1.0966425737445016,1.1145620920331962,0.2727976689705851,0.2650381224923759,0.245,0.237,0.23,True,999,0.0001514999894425273,0.0027835420332849026,strong_5x5_mild_500,strong_null,True,288,2969104037,0.0,1,0
500,500,0.1314046429159932,0.1052262998030451,0.11211375674736246,0.08542681661293727,0.026178343112948088,0.026686940134425186,0.03109165658985419,0.8419732489098246,0.8583312393567878,0.39980292741875734,0.3907095842357666,0.378,0.379,0.374,True,999,0.00011374999303370714,0.002708125044591725,strong_5x5_mild_500,strong_null,True,289,2969104037,0.0,0,0
500,500,0.11883944758468434,0.1202041468637054,0.10094497111685996,0.10178412645097978,-0.0013646992790210533,-0.0008391553341198232,0.03049901793426268,-0.044745679417039406,-0.027514175568817703,0.9643100232291764,0.9780496336591403,0.967,0.967,0.974,True,999,0.00012504204642027617,0.002833541017025709,strong_5x5_mild_500,strong_null,True,290,2969104037,0.0,0,0
500,500,0.09610459736822508,0.11032881535416328,0.07717920212013496,0.09284692757830726,-0.014224217985938203,-0.0156677254581723,0.028787743634415896,-0.4941067339828981,-0.5442498605358377,0.6212308023578019,0.5862695448826765,0.64,0.636,0.596,True,999,0.00011491694021970034,0.002726249978877604,strong_5x5_mild_500,strong_null,True,291,2969104037,0.0,0,1
500,500,0.12154989767734836,0.11033631616281858,0.10186260816834647,0.09216828254318443,0.01121358151452978,0.009694325625162037,0.031134024278591865,0.36017128445038105,0.3113739983760459,0.7187190473686697,0.7555163183888489,0.692,0.698,0.733,True,999,0.00011149991769343615,0.0027557910652831197,strong_5x5_mild_500,strong_null,True,292,2969104037,0.0,0,0
500,500,0.07397941738728064,0.12884833675291674,0.05726248752455376,0.11235466186292342,-0.05486891936563609,-0.05509217433836966,0.029225253034828848,-1.877448906952036,-1.885088018663661,0.06045659378286757,0.05941795537200352,0.042,0.049,0.05,True,999,0.00011908297892659903,0.0027680830098688602,strong_5x5_mild_500,strong_null,True,293,2969104037,0.0,2,1
500,500,0.13136434273369757,0.09009067316425945,0.11232698338500313,0.0696380102576768,0.04127366956943812,0.042688973127326335,0.030001823488840923,1.375705366201815,1.422879284094327,0.1689128699075927,0.1547711525151463,0.14,0.146,0.137,True,999,0.00011920800898224115,0.0027456670068204403,strong_5x5_mild_500,strong_null,True,294,2969104037,0.0,0,0
500,500,0.11367525558624847,0.10344718658077001,0.09498115313220978,0.08485631044487718,0.010228069005478457,0.010124842687332603,0.0294530106264404,0.34726735189157776,0.3437625720422408,0.7283904757756492,0.731024849848397,0.719,0.72,0.725,True,999,0.00011300004553049803,0.0027740419609472156,strong_5x5_mild_500,strong_null,True,295,2969104037,0.0,1,0
500,500,0.12826919675178194,0.08433145214824644,0.11139925571058029,0.06699074949716533,0.0439377446035355,0.04440850621341497,0.027948350869750418,1.572105087999701,1.5889490732521185,0.11592618172162869,0.11207189075270514,0.123,0.116,0.119,True,999,0.0001180840190500021,0.0028245419962331653,strong_5x5_mild_500,strong_null,True,296,2969104037,0.0,1,2
500,500,0.13608785886217012,0.09200550207165381,0.11472404773610378,0.07405570450958976,0.04408235679051631,0.040668343226514025,0.03112595541847888,1.4162571460969664,1.3065733301914972,0.15670022984611434,0.1913576592428069,0.137,0.144,0.172,True,999,0.0001140000531449914,0.002697541960515082,strong_5x5_mild_500,strong_null,True,297,2969104037,0.0,0,0
500,500,0.1123435217024551,0.13594792877785666,0.09344613455903072,0.11839316546877399,-0.023604407075401568,-0.024947030909743262,0.0319004755147894,-0.7399390352177764,-0.7820269292906794,0.4593369872872275,0.4341987476455583,0.454,0.454,0.421,True,999,0.00011362496297806501,0.002818542066961527,strong_5x5_mild_500,strong_null,True,298,2969104037,0.0,0,1
500,500,0.10833750516665341,0.13141485311894785,0.08980908012000555,0.11280134055346025,-0.023077347952294436,-0.022992260433454703,0.03113185758640577,-0.7412775767794703,-0.7385444434094626,0.4585251546593446,0.4601836703841248,0.446,0.442,0.44,True,999,0.00011787505354732275,0.002803957904689014,strong_5x5_mild_500,strong_null,True,299,2969104037,0.0,1,1
500,500,0.10586150757910073,0.10459534409266347,0.08918436270073471,0.08547675467360705,0.0012661634864372662,0.0037076080271276624,0.029551319037800547,0.042846259580415144,0.12546336839939626,0.9658240880134568,0.9001567236256575,0.956,0.955,0.896,True,999,0.00011483405251055956,0.002702333964407444,strong_5x5_mild_500,strong_null,True,300,2969104037,0.0,1,0
500,500,0.126273696759863,0.11952828803173143,0.10624074319611054,0.10188763166928538,0.006745408728131563,0.00435311152682516,0.03136479575344431,0.21506305289397015,0.13878972976723833,0.82971815939312,0.8896163098954648,0.828,0.827,0.89,True,999,0.00011691602412611246,0.0028200000524520874,strong_5x5_mild_500,strong_null,True,301,2969104037,0.0,1,1
500,500,0.14142565957932707,0.16137777071522574,0.12249838906211608,0.1440301291763717,-0.019952111135898676,-0.021531740114255626,0.03394032651942949,-0.5878585500489184,-0.6343999107353773,0.5566272403317394,0.5258198678350074,0.573,0.58,0.545,True,999,0.0001135410275310278,0.00274637492839247,strong_5x5_mild_500,strong_null,True,302,2969104037,0.0,0,1
500,500,0.14068080785353043,0.11249497372142914,0.12369296051144829,0.0937748463949788,0.028185834132101295,0.029918114116469496,0.030632091619953887,0.9201406969461045,0.9766918461741835,0.3574992396180321,0.3287217330862421,0.371,0.363,0.343,True,999,0.00011754094157367945,0.00275691703427583,strong_5x5_mild_500,strong_null,True,303,2969104037,0.0,2,0
500,500,0.13368502705792296,0.12270885216341387,0.11163762012580492,0.10333558660727249,0.010976174894509083,0.008302033518532426,0.03175173082066059,0.3456874510717059,0.26146711703446296,0.7295776161089191,0.7937323045341178,0.734,0.732,0.803,True,999,0.00012095808051526546,0.0028154999017715454,strong_5x5_mild_500,strong_null,True,304,2969104037,0.0,0,0
500,500,0.07391594376348687,0.12107985311071379,0.05273497014468376,0.09983412358457144,-0.04716390934722692,-0.04709915343988769,0.028702543698049685,-1.643196151650896,-1.6409400482190726,0.10034235586749143,0.10080986068042706,0.095,0.096,0.103,True,999,0.00013054104056209326,0.0027970840455964208,strong_5x5_mild_500,strong_null,True,305,2969104037,0.0,0,0
500,500,0.12888751490493067,0.10481266524843791,0.11231231859761692,0.08274191736455805,0.02407484965649276,0.029570401233058874,0.03139596774153154,0.7668134282303334,0.9418534722833929,0.4431924513294029,0.3462676640755351,0.441,0.442,0.362,True,999,0.0001159169478341937,0.0027302909875288606,strong_5x5_mild_500,strong_null,True,306,2969104037,0.0,2,0
500,500,0.14294845845809445,0.08530939059795228,0.12391343535102806,0.06778139652089976,0.05763906786014217,0.056132038830128295,0.029322971345622496,1.965662591991956,1.9142684473723368,0.04933759866252205,0.05558586386981112,0.044,0.043,0.054,True,999,0.00011320796329528093,0.0028451670659705997,strong_5x5_mild_500,strong_null,True,307,2969104037,0.0,1,1
500,500,0.12945473639225602,0.13455105606843665,0.1113238765742608,0.11393602148331183,-0.005096319676180627,-0.0026121449090510396,0.032202546573817784,-0.15825828135977854,-0.08111609754412524,0.874253280448567,0.9353496238852632,0.857,0.858,0.929,True,999,0.00011408294085413218,0.00277591694612056,strong_5x5_mild_500,strong_null,True,308,2969104037,0.0,0,0
500,500,0.1397132637124735,0.12084389455400102,0.12179775654095693,0.10517790598714782,0.018869369158472482,0.0166198505538091,0.03180672803267233,0.5932508725540582,0.5225262572351658,0.5530132713532564,0.6013039695119473,0.531,0.533,0.593,True,999,0.00011837494093924761,0.002791042090393603,strong_5x5_mild_500,strong_null,True,309,2969104037,0.0,0,2
500,500,0.11638608724436039,0.13270602990684432,0.09612961200991776,0.11644769815399059,-0.016319942662483933,-0.020318086144072822,0.03062298382226805,-0.5329311721288438,-0.6634913913678837,0.5940812259532247,0.507015891113737,0.599,0.598,0.512,True,999,0.00011704093776643276,0.002816207939758897,strong_5x5_mild_500,strong_null,True,310,2969104037,0.0,0,2
500,500,0.1235313542763673,0.10410551664143264,0.10533461935949617,0.08446189147389305,0.019425837634934662,0.020872727885603126,0.0307366664605405,0.6320086031409231,0.6790823563251199,0.5273812555958641,0.4970856811053018,0.497,0.504,0.486,True,999,0.00011541706044226885,0.002700708922930062,strong_5x5_mild_500,strong_null,True,311,2969104037,0.0,1,0
500,500,0.1235694746281012,0.10726835018659553,0.1078066955722079,0.08778316715142864,0.016301124441505666,0.020023528420779257,0.030041549351141845,0.542619298724221,0.6665278207436457,0.5873919486690464,0.5050737873056417,0.604,0.598,0.512,True,999,0.00011195905972272158,0.002787749981507659,strong_5x5_mild_500,strong_null,True,312,2969104037,0.0,2,0
500,500,0.09964656070071831,0.15333138744213926,0.08028961566708404,0.1330958534616684,-0.05368482674142094,-0.052806237794584376,0.03152431340540016,-1.7029657728318566,-1.6750955719637841,0.08857447387828689,0.09391548162653868,0.097,0.101,0.124,True,999,0.00011279096361249685,0.002841999987140298,strong_5x5_mild_500,strong_null,True,313,2969104037,0.0,1,1
500,500,0.10398599476528547,0.12757971657097156,0.08356690875848471,0.1085714205472641,-0.023593721805686085,-0.025004511788779382,0.030824380365173012,-0.7654240418192964,-0.8111926823038681,0.4440190812956283,0.41725502731429687,0.436,0.437,0.408,True,999,0.00011583289597183466,0.0026990410406142473,strong_5x5_mild_500,strong_null,True,314,2969104037,0.0,0,0
500,500,0.0760265198660266,0.10988181382348805,0.055038160530898494,0.09039479007998352,-0.03385529395746145,-0.03535662954908503,0.02815892567014896,-1.202293523341026,-1.255610031549119,0.2292498253602384,0.209257392515807,0.208,0.209,0.188,True,999,0.00011245801579207182,0.0027421669801697135,strong_5x5_mild_500,strong_null,True,315,2969104037,0.0,0,0
500,500,0.11919213097593295,0.09816844414549997,0.09885341846575102,0.08189402910244326,0.021023686830432986,0.016959389363307764,0.02927460432819191,0.7181544315591941,0.5793208739281098,0.472662071365911,0.5623726833519709,0.491,0.483,0.584,True,999,0.00011854199692606926,0.0027950420044362545,strong_5x5_mild_500,strong_null,True,316,2969104037,0.0,0,2
500,500,0.08035665768828082,0.11131489192098876,0.05898771012414272,0.09297115816298174,-0.030958234232707937,-0.033983448038839015,0.02824505430886539,-1.0960585840683248,-1.2031645493481133,0.27305313760976735,0.22891265041218833,0.289,0.288,0.254,True,999,0.00011749996338039637,0.0027339160442352295,strong_5x5_mild_500,strong_null,True,317,2969104037,0.0,0,1
500,500,0.09201125441442304,0.13133199232372927,0.07337166188364108,0.113878310845962,-0.039320737909306236,-0.040506648962320924,0.029788918177186853,-1.319978714078281,-1.359789191449792,0.18684212490439067,0.1738966437348256,0.174,0.164,0.161,True,999,0.00011383299715816975,0.0027728340355679393,strong_5x5_mild_500,strong_null,True,318,2969104037,0.0,0,1
500,500,0.14026737135426393,0.14324342407405666,0.12249722385837458,0.12345794629277407,-0.0029760527197927322,-0.0009607224343994858,0.03358317691093272,-0.08861736719208073,-0.02860725287984088,0.9293860053646451,0.9771778274915638,0.921,0.924,0.975,True,999,0.00011241692118346691,0.002823999966494739,strong_5x5_mild_500,strong_null,True,319,2969104037,0.0,0,0
500,500,0.11498738392395969,0.06920785902431992,0.09722604947614855,0.05080164833776735,0.04577952489963977,0.0464244011383812,0.027285116333455324,1.6778204036281767,1.7014551292734812,0.09338216491900915,0.08885755674062222,0.085,0.085,0.081,True,999,0.00011445803102105856,0.00276674993801862,strong_5x5_mild_500,strong_null,True,320,2969104037,0.0,0,0
500,500,0.12442176569034058,0.11797622188611667,0.10475361364819946,0.09946847217503318,0.006445543804223908,0.005285141473166277,0.031150228897297634,0.20691802379606514,0.16966621627697823,0.8360738801700581,0.8652726443060775,0.834,0.835,0.86,True,999,0.0001194999786093831,0.0028977079782634974,strong_5x5_mild_500,strong_null,True,321,2969104037,0.0,0,1
500,500,0.11322411488927275,0.14668900804131968,0.09695756337026751,0.13049057805392295,-0.033464893152046926,-0.03353301468365544,0.030966120142888572,-1.080693771051334,-1.0828936440510568,0.27983335481015426,0.27885563339378083,0.256,0.255,0.26,True,999,0.00011712498962879181,0.002803332987241447,strong_5x5_mild_500,strong_null,True,322,2969104037,0.0,3,2
500,500,0.11858231158489585,0.13804443186384585,0.10162586527098938,0.12008591338417318,-0.01946212027895,-0.018460048113183802,0.03220125729553559,-0.604390073975411,-0.5732710354680194,0.5455843334768007,0.5664611937015027,0.574,0.571,0.59,True,999,0.00011674989946186543,0.0026982499985024333,strong_5x5_mild_500,strong_null,True,323,2969104037,0.0,1,0
500,500,0.13374075700925792,0.11912425909227875,0.11744658271635444,0.1017312425625505,0.014616497916979165,0.015715340153803936,0.0317323382571288,0.4606183697696941,0.4952468370424426,0.6450724298368969,0.6204258927474817,0.632,0.635,0.611,True,999,0.00011333299335092306,0.002750332932919264,strong_5x5_mild_500,strong_null,True,324,2969104037,0.0,2,1
500,500,0.13038420925165695,0.11139617082312525,0.11175939306934879,0.09591101296206261,0.018988038428531695,0.015848380107286175,0.030389683554307097,0.6248185636615666,0.521505269344603,0.5320901454978404,0.6020148357961709,0.555,0.55,0.611,True,999,0.00011195789556950331,0.0028036669827997684,strong_5x5_mild_500,strong_null,True,325,2969104037,0.0,1,2
500,500,0.09642238662022606,0.1300593733562614,0.07664791276886262,0.11161043980450813,-0.033636986736035324,-0.03496252703564551,0.029886157442582908,-1.1255038992770645,-1.1698568845063233,0.2603755658173158,0.24205856721499475,0.255,0.246,0.237,True,999,0.00011841696687042713,0.0027271249564364552,strong_5x5_mild_500,strong_null,True,326,2969104037,0.0,0,0
500,500,0.1505090802096385,0.16004670331671966,0.13381928715011782,0.14126438836609623,-0.009537623107081172,-0.007445101215978411,0.03309527377787648,-0.28818686230228074,-0.2249596503098068,0.7732037047581668,0.8220106641066042,0.764,0.756,0.807,True,999,0.00011983292642980814,0.002813040977343917,strong_5x5_mild_500,strong_null,True,327,2969104037,0.0,1,1
500,500,0.12293175795611688,0.1091717764576493,0.10542287966887898,0.08941213294559702,0.013759981498467577,0.016010746723281954,0.030816038667774683,0.44652012696417176,0.5195588860687959,0.6552215772555726,0.6033710601525548,0.646,0.643,0.593,True,999,0.00011783302761614323,0.002808416960760951,strong_5x5_mild_500,strong_null,True,328,2969104037,0.0,1,0
500,500,0.12096021377738553,0.10878421106493907,0.10344495282384969,0.09095935049339232,0.012176002712446454,0.012485602330457368,0.030219734407131455,0.40291560966111867,0.4131605580064573,0.687010307607939,0.6794889834822025,0.689,0.689,0.684,True,999,0.0001193339703604579,0.0028025000356137753,strong_5x5_mild_500,strong_null,True,329,2969104037,0.0,1,1
500,500,0.10576178391306357,0.10292994424664514,0.08615281889842663,0.08371439005168213,0.002831839666418423,0.0024384288467445003,0.029413031789727664,0.09627840090280755,0.08290300925714526,0.9232994649677386,0.9339286612393289,0.931,0.932,0.943,True,999,0.00011979101691395044,0.0028717919485643506,strong_5x5_mild_500,strong_null,True,330,2969104037,0.0,0,0
500,500,0.14047362022772703,0.16987793699313225,0.12163678857734794,0.15052092303244535,-0.029404316765405225,-0.02888413445509741,0.03445083439465477,-0.8535153729097332,-0.8384161069718225,0.39337356627997466,0.40179704640105085,0.402,0.404,0.412,True,999,0.00011424999684095383,0.0027026250027120113,strong_5x5_mild_500,strong_null,True,331,2969104037,0.0,0,0
500,500,0.10882352578871413,0.10477850154317025,0.08894542514292425,0.08717419626384526,0.004045024245543871,0.0017712288790789898,0.029852493941190356,0.13550037908097728,0.05933269369615565,0.892216264558373,0.9526871211712729,0.89,0.89,0.946,True,999,0.00011533405631780624,0.002709166961722076,strong_5x5_mild_500,strong_null,True,332,2969104037,0.0,0,1
500,500,0.12084637230780704,0.09868062718113713,0.10211365841968245,0.07935397044758474,0.02216574512666991,0.02275968797209771,0.030525054744050085,0.726149234211953,0.7456067863902522,0.4677472893575436,0.4559049821816119,0.484,0.489,0.483,True,999,0.00013229099567979574,0.002747250022366643,strong_5x5_mild_500,strong_null,True,333,2969104037,0.0,1,0
500,500,0.12309980729843528,0.14522204848741138,0.10853037596382364,0.12567812276802215,-0.0221222411889761,-0.017147746804198505,0.03186766337290756,-0.694190877131689,-0.5380923792102291,0.4875625130229261,0.5905132734333197,0.493,0.493,0.604,True,999,0.00011654198169708252,0.0027519589057192206,strong_5x5_mild_500,strong_null,True,334,2969104037,0.0,3,0
500,500,0.12924920931758965,0.08464030413653378,0.11202697301791886,0.06605709702273543,0.04460890518105587,0.04596987599518343,0.029232645718337745,1.5259961623341038,1.5725527014596,0.12701082024184876,0.11582242700388579,0.118,0.113,0.106,True,999,0.000112209003418684,0.0026896250201389194,strong_5x5_mild_500,strong_null,True,335,2969104037,0.0,1,0
500,500,0.1195557051103463,0.09668055545223075,0.0999579540385298,0.07830322732985451,0.022875149658115546,0.021654726708675298,0.028873580596861174,0.7922519197567858,0.7499841121550878,0.42821380040988744,0.4532642736603856,0.426,0.422,0.443,True,999,0.00011687504593282938,0.002745165955275297,strong_5x5_mild_500,strong_null,True,336,2969104037,0.0,0,0
500,500,0.15386472202135026,0.13415910288271427,0.1361960256463135,0.1165794801793254,0.019705619138636,0.0196165454669881,0.03309397310599257,0.5954443449725219,0.592752807411812,0.5515464908794678,0.5533465949985377,0.519,0.522,0.522,True,999,0.00011345802340656519,0.0026981659466400743,strong_5x5_mild_500,strong_null,True,337,2969104037,0.0,0,1
500,500,0.12564945488347012,0.11045874506466302,0.1067976843944507,0.09251735184437848,0.015190709818807102,0.014280332550072217,0.031324685936734306,0.484943722963014,0.4558811085580826,0.6277162662693447,0.648475474983643,0.629,0.627,0.657,True,999,0.00011058407835662365,0.0027231249259784818,strong_5x5_mild_500,strong_null,True,338,2969104037,0.0,0,0
500,500,0.1380274657901568,0.09025362027835171,0.11943771347830534,0.07196867283528263,0.04777384551180508,0.04746904064302271,0.030090231687286383,1.5876861969125453,1.577556501935449,0.11235731581079111,0.11466753202564627,0.075,0.078,0.077,True,999,0.00011454196646809578,0.0026697919238358736,strong_5x5_mild_500,strong_null,True,339,2969104037,0.0,0,0
500,500,0.1284559523694272,0.09690620278048279,0.11047184396869625,0.07851261754206007,0.03154974958894441,0.03195922642663618,0.03027086874361864,1.0422479069285175,1.0557749993010512,0.2972967572656392,0.2910710228398826,0.316,0.316,0.306,True,999,0.0001140000531449914,0.002748750033788383,strong_5x5_mild_500,strong_null,True,340,2969104037,0.0,0,1
500,500,0.14049403128313864,0.11519529822898167,0.12089323954160136,0.09847484452268418,0.025298733054156974,0.02241839501891718,0.03190984141958397,0.7928191407002865,0.702554259801441,0.4278832030306925,0.48233357604353555,0.378,0.378,0.426,True,999,0.00011233298573642969,0.002804290968924761,strong_5x5_mild_500,strong_null,True,341,2969104037,0.0,0,1
500,500,0.09892939861397876,0.1045256603718161,0.0792963698316953,0.08587672095109156,-0.00559626175783734,-0.006580351119396255,0.029274993697865324,-0.19116184329854896,-0.2247772002040117,0.8483987969331992,0.8221526038300121,0.859,0.859,0.825,True,999,0.00011283403728157282,0.0027895839884877205,strong_5x5_mild_500,strong_null,True,342,2969104037,0.0,0,0
500,500,0.0886169603301249,0.14361286646330607,0.07127994666774384,0.12532422283379674,-0.05499590613318117,-0.054044276166052896,0.03028113863155662,-1.8161769543193058,-1.784750462115457,0.06934323205101232,0.07430180180309777,0.068,0.064,0.072,True,999,0.00011316710151731968,0.002763958997093141,strong_5x5_mild_500,strong_null,True,343,2969104037,0.0,1,1
500,500,0.14261064979621785,0.12961782712395475,0.12445372074205352,0.11215960999862773,0.012992822672263094,0.01229411074342579,0.03198172658746892,0.4062576995875495,0.384410476082391,0.6845532625907935,0.7006742371275069,0.693,0.686,0.699,True,999,0.00011983397416770458,0.002792124985717237,strong_5x5_mild_500,strong_null,True,344,2969104037,0.0,0,1
500,500,0.1283032352736091,0.12743198777677645,0.10945988864511946,0.1067354489509853,0.00087124749683265,0.002724439694134162,0.03161197953491915,0.027560675087438126,0.08618377381665383,0.978012546475605,0.9313203293289845,0.977,0.976,0.914,True,999,0.00012787501327693462,0.0028719999827444553,strong_5x5_mild_500,strong_null,True,345,2969104037,0.0,0,0
500,500,0.11206321325919988,0.11883324324830347,0.09356680643548998,0.10052104120001104,-0.0067700299891035876,-0.006954234764521061,0.031181838019890083,-0.21711452624393604,-0.223021964262823,0.8281190936630332,0.8235184119752852,0.832,0.831,0.828,True,999,0.0001193339703604579,0.0027830000035464764,strong_5x5_mild_500,strong_null,True,346,2969104037,0.0,1,0
500,500,0.1311962381569014,0.10030820470708202,0.11162306631626961,0.08140864697872985,0.030888033449819385,0.030214419337539766,0.03128677672073285,0.9872552140965921,0.965724900562145,0.32351754015418255,0.3341818560765494,0.325,0.328,0.347,True,999,0.00011925003491342068,0.002804707968607545,strong_5x5_mild_500,strong_null,True,347,2969104037,0.0,0,0
500,500,0.17508912265706966,0.09368478049758555,0.15843853544504327,0.07581113647449911,0.08140434215948411,0.08262739897054416,0.031249530885946668,2.6049780541215335,2.6441164596074884,0.009188014484762658,0.008190447041676598,0.004,0.005,0.003,True,999,0.00011800008360296488,0.002844582893885672,strong_5x5_mild_500,strong_null,True,348,2969104037,0.0,1,0
500,500,0.0942514845007476,0.10963083834373477,0.07646708400045554,0.09173441204961819,-0.015379353842987165,-0.015267328049162643,0.029565508514956713,-0.5201789049292691,-0.5163898345072993,0.6029388868379049,0.6055821642300994,0.584,0.591,0.59,True,999,0.00011641695164144039,0.0026915830094367266,strong_5x5_mild_500,strong_null,True,349,2969104037,0.0,1,0
500,500,0.13306200641544286,0.11655465784733932,0.11262325641882853,0.09695019701734964,0.01650734856810354,0.015673059401478895,0.03152367105072284,0.5236493091665169,0.49718382660002763,0.600522478700821,0.6190594255857896,0.608,0.615,0.638,True,999,0.00012591597624123096,0.0027965420158579946,strong_5x5_mild_500,strong_null,True,350,2969104037,0.0,0,0
500,500,0.13995174370975216,0.0736909652977964,0.12224900467532507,0.05468542613613181,0.06626077841195577,0.06756357853919326,0.029072345520746144,2.2791686472173978,2.3239809973701506,0.022657042074391454,0.020126512529903526,0.017,0.014,0.013,True,999,0.00011645897757261992,0.002666708896867931,strong_5x5_mild_500,strong_null,True,351,2969104037,0.0,0,0
500,500,0.1148526555386239,0.13322821731245194,0.09586800286166408,0.11473795811650689,-0.018375561773828042,-0.018869955254842807,0.031964027551750165,-0.5748825533352383,-0.5903497368813148,0.5653707300202755,0.5549562008632376,0.559,0.562,0.556,True,999,0.00011058303061872721,0.002683541039004922,strong_5x5_mild_500,strong_null,True,352,2969104037,0.0,0,0
500,500,0.14667663744723858,0.11847039404153659,0.1287284985471615,0.10171114617253352,0.02820624340570199,0.02701735237462799,0.03177557430340324,0.8876706093926061,0.8502553601913772,0.3747179598434157,0.3951831291063762,0.348,0.364,0.384,True,999,0.00011508399620652199,0.0027373749762773514,strong_5x5_mild_500,strong_null,True,353,2969104037,0.0,0,1
500,500,0.08477757267727037,0.12358345956864825,0.06549841574815218,0.10610770275934556,-0.03880588689137787,-0.040609287011193373,0.02875200199296867,-1.3496759947661345,-1.412398587796579,0.17711993568114126,0.15783263205706155,0.195,0.195,0.18,True,999,0.00011633289977908134,0.002692874986678362,strong_5x5_mild_500,strong_null,True,354,2969104037,0.0,0,1
500,500,0.08412225350051794,0.11066578960892703,0.06655723142660008,0.09191285709880503,-0.026543536108409094,-0.02535562567220495,0.028807766914977304,-0.9214020714187664,-0.8801663019226399,0.3568405477019613,0.3787692257471208,0.312,0.323,0.346,True,999,0.00011241703759878874,0.0027477500261738896,strong_5x5_mild_500,strong_null,True,355,2969104037,0.0,1,0
500,500,0.12457790749188613,0.15177612508946137,0.10596703119063022,0.13562767768280537,-0.027198217597575236,-0.029660646492175147,0.032338957535228044,-0.8410356941143571,-0.9171800439103421,0.4003279382816036,0.3590483022841213,0.386,0.388,0.354,True,999,0.00011445803102105856,0.0027360410895198584,strong_5x5_mild_500,strong_null,True,356,2969104037,0.0,0,2
500,500,0.14533592342178636,0.129753064256388,0.1267897307018302,0.1110651979369095,0.015582859165398366,0.015724532764920696,0.032299176012169334,0.4824537678461898,0.48684005929427354,0.629483633318519,0.6263716793456315,0.632,0.633,0.631,True,999,0.00011691590771079063,0.002669084002263844,strong_5x5_mild_500,strong_null,True,357,2969104037,0.0,0,0
500,500,0.10177910369565435,0.13084561654693738,0.08342898038642943,0.11221394297479037,-0.029066512851283033,-0.02878496258836094,0.03001531641049347,-0.9683893534142878,-0.9590091336934102,0.332849954587075,0.33755414391062566,0.302,0.302,0.315,True,999,0.0001134589547291398,0.0027788339648395777,strong_5x5_mild_500,strong_null,True,358,2969104037,0.0,1,0
500,500,0.06656537475376001,0.11646166320579143,0.04770753576843845,0.09520173931042564,-0.04989628845203142,-0.04749420354198719,0.02797538563107373,-1.783578218010657,-1.697713989301827,0.07449222763885982,0.08956175614496788,0.062,0.067,0.093,True,999,0.00011320901103317738,0.0027842919807881117,strong_5x5_mild_500,strong_null,True,359,2969104037,0.0,0,0
500,500,0.16706176621596103,0.12135077556407503,0.14702417857290584,0.10456246553854953,0.045710990651885997,0.04246171303435631,0.033078146291170694,1.3819090782631702,1.283678736425756,0.16699962013704617,0.199254387441111,0.15,0.154,0.187,True,999,0.00011554104276001453,0.0027314999606460333,strong_5x5_mild_500,strong_null,True,360,2969104037,0.0,0,1
500,500,0.10745262136028533,0.14550679420189006,0.08913993466291004,0.12675942506143656,-0.03805417284160473,-0.03761949039852652,0.0315575080316123,-1.205867484957446,-1.1920931893875053,0.22786858952178923,0.2332247071916771,0.216,0.222,0.237,True,999,0.00011354195885360241,0.0027477500261738896,strong_5x5_mild_500,strong_null,True,361,2969104037,0.0,1,0
500,500,0.18566747346299484,0.1010489218102818,0.1692944091876143,0.08277213416101858,0.08461855165271304,0.08652227502659571,0.03300523713376656,2.5637916585711364,2.621471091873406,0.010353567221574515,0.008755118710154278,0.008,0.01,0.008,True,999,0.00012304203119128942,0.002815874991938472,strong_5x5_mild_500,strong_null,True,362,2969104037,0.0,2,1
500,500,0.1480687359010835,0.10175377623275661,0.1294370806886036,0.0822066431614985,0.04631495966832688,0.047230437527105096,0.031193376971124273,1.4847690171923569,1.5141174862480051,0.13760502188768006,0.12999604441864332,0.137,0.135,0.127,True,999,0.00011800008360296488,0.0026767500676214695,strong_5x5_mild_500,strong_null,True,363,2969104037,0.0,0,0
500,500,0.09368440581335158,0.1300908174169435,0.07493290918426965,0.10910149440576333,-0.036406411603591926,-0.034168585221493686,0.030593243997764665,-1.1900147498660818,-1.1168670188748293,0.2340405947950145,0.2640511882308725,0.231,0.23,0.255,True,999,0.0001141249667853117,0.002798917004838586,strong_5x5_mild_500,strong_null,True,364,2969104037,0.0,0,1
500,500,0.10948111491033119,0.12132530895637128,0.09092506467521844,0.10457530339499499,-0.01184419404604009,-0.013650238719776553,0.030368559935504677,-0.39001500470204165,-0.4494858744954087,0.6965254516530263,0.6530811956591376,0.706,0.706,0.655,True,999,0.00012674997560679913,0.0027574580162763596,strong_5x5_mild_500,strong_null,True,365,2969104037,0.0,0,1
500,500,0.07599008285872211,0.09654942838716163,0.05809362942784446,0.07792960583998365,-0.02055934552843952,-0.01983597641213919,0.027114298985947548,-0.7582473564629038,-0.7315688457377978,0.4483029159577382,0.46443176939670494,0.431,0.428,0.45,True,999,0.00011712498962879181,0.0026689579244703054,strong_5x5_mild_500,strong_null,True,366,2969104037,0.0,0,0
500,500,0.09943486113257083,0.10053199580884065,0.078251900080204,0.08263798442112602,-0.0010971346762698175,-0.004386084340922025,0.028595869821042317,-0.03836689295118029,-0.15338174248137462,0.9693951571347686,0.8780972419064741,0.97,0.97,0.889,True,999,0.00011579098645597696,0.0028148751007393003,strong_5x5_mild_500,strong_null,True,367,2969104037,0.0,0,1
500,500,0.13015663137241096,0.10700763926031209,0.10913169876408801,0.08733633475674196,0.023148992112098865,0.021795364007346052,0.031620481450617584,0.7320885404054067,0.6892799542405564,0.46411452784211205,0.49064711017590523,0.466,0.469,0.492,True,999,0.0001116250641644001,0.002804832998663187,strong_5x5_mild_500,strong_null,True,368,2969104037,0.0,0,0
500,500,0.10877396297449571,0.11104401536471609,0.08751756976658953,0.09131959886656205,-0.0022700523902203784,-0.003802029099972515,0.02998063835635452,-0.07571728004047758,-0.12681614896857787,0.9396440279745844,0.8990859139076917,0.937,0.937,0.912,True,999,0.00011495896615087986,0.0028445000061765313,strong_5x5_mild_500,strong_null,True,369,2969104037,0.0,0,0
500,500,0.1194053473909168,0.12579701005763388,0.09829721806494263,0.10747809558932886,-0.006391662666717091,-0.009180877524386233,0.03195423378805096,-0.20002553367770637,-0.2873133364824836,0.8414606116565508,0.7738724119249529,0.847,0.851,0.779,True,999,0.0001235000090673566,0.0028727500466629863,strong_5x5_mild_500,strong_null,True,370,2969104037,0.0,0,1
500,500,0.10348519651747679,0.11178079870623847,0.08506400959629445,0.09307857018814047,-0.008295602188761686,-0.00801456059184602,0.029940473855527425,-0.27706983626213394,-0.26768315793927966,0.7817264826206665,0.7889432148800731,0.755,0.758,0.76,True,999,0.00011870800517499447,0.002680666046217084,strong_5x5_mild_500,strong_null,True,371,2969104037,0.0,0,0
500,500,0.14339895987617313,0.0827766210704125,0.12802986440641462,0.06066296331567855,0.06062233880576062,0.06736690109073606,0.028963367644145643,2.0930694092823905,2.3259346743938774,0.03634295900043665,0.02002203590013669,0.035,0.032,0.022,True,999,0.00011625001206994057,0.0028179578948765993,strong_5x5_mild_500,strong_null,True,372,2969104037,0.0,3,0
500,500,0.10753453239786781,0.12117562514486468,0.08967426358753983,0.10314721540026994,-0.013641092746996875,-0.013472951812730116,0.03097400609065297,-0.440404534921085,-0.4349760819862385,0.659644140991118,0.6635797885582997,0.681,0.682,0.686,True,999,0.00013975007459521294,0.0028694169595837593,strong_5x5_mild_500,strong_null,True,373,2969104037,0.0,1,2
500,500,0.10223121042316041,0.11179958171070092,0.08541954180418543,0.0938577579286175,-0.009568371287540511,-0.008438216124432074,0.029960681792789493,-0.3193642706035912,-0.28164299406774057,0.7494503012389269,0.7782172696312377,0.702,0.701,0.737,True,999,0.00011812499724328518,0.0028289170004427433,strong_5x5_mild_500,strong_null,True,374,2969104037,0.0,1,0
500,500,0.1594181370112724,0.15054631800938045,0.1418051273719243,0.1311356414380498,0.008871819001891934,0.010669485933874512,0.03370628117944712,0.2632096657195648,0.3165429575891742,0.7923889812360925,0.7515904246228373,0.784,0.784,0.75,True,999,0.00011837505735456944,0.002815124928019941,strong_5x5_mild_500,strong_null,True,375,2969104037,0.0,1,0
500,500,0.09407459009326313,0.09624314134498158,0.07779959052339791,0.0757422865983699,-0.0021685512517184424,0.002057303925028009,0.027907299165144776,-0.07770552208889084,0.07371920560472969,0.9380623013991822,0.9412338165066629,0.936,0.935,0.945,True,999,0.0001189579488709569,0.0028744160663336515,strong_5x5_mild_500,strong_null,True,376,2969104037,0.0,2,0
500,500,0.11131014449441645,0.12729259171279894,0.09379144026291897,0.1061835711810204,-0.01598244721838249,-0.01239213091810143,0.030930673335565373,-0.5167183735378049,-0.400642132282728,0.6053527681268008,0.6886836212550416,0.61,0.61,0.703,True,999,0.0001247089821845293,0.0028228750452399254,strong_5x5_mild_500,strong_null,True,377,2969104037,0.0,1,0
500,500,0.12781805312893602,0.11895022926935561,0.10999536164138135,0.10019004786659025,0.008867823859580404,0.009805313774791102,0.03152635008870848,0.2812829215760221,0.3110196311086131,0.7784934083437776,0.7557856977815741,0.786,0.787,0.764,True,999,0.00012004200834780931,0.0026989999460056424,strong_5x5_mild_500,strong_null,True,378,2969104037,0.0,1,0
500,500,0.0767867162191791,0.15070292499647953,0.05873172572898966,0.13307306816318487,-0.07391620877730043,-0.07434134243419521,0.030113923769969478,-2.454552563190451,-2.4686700744168935,0.014106004042676763,0.013561619021012307,0.008,0.006,0.008,True,999,0.00011291704140603542,0.002700457931496203,strong_5x5_mild_500,strong_null,True,379,2969104037,0.0,0,0
500,500,0.10266431284816568,0.10352896833639835,0.0842450233518548,0.08806381887637826,-0.0008646554882326685,-0.003818795524523466,0.0287873926634869,-0.0300359083693388,-0.1326551372388482,0.9760384153436366,0.8944661244940767,0.975,0.975,0.88,True,999,0.0001140419626608491,0.002746624988503754,strong_5x5_mild_500,strong_null,True,380,2969104037,0.0,0,2
500,500,0.12263695414075548,0.11686673839160144,0.10404826183548721,0.09815553182443182,0.0057702157491540396,0.0058927300110553915,0.030900034020417744,0.18673816816322167,0.19070302664267832,0.8518659285819979,0.8487582672943992,0.854,0.856,0.852,True,999,0.00011308398097753525,0.0026599999982863665,strong_5x5_mild_500,strong_null,True,381,2969104037,0.0,0,1
500,500,0.12542139715804612,0.09722946670965515,0.10584679555756793,0.0798846754337319,0.028191930448390967,0.02596212012383603,0.029629370846037364,0.9514859628604418,0.876229207118254,0.3413577409342482,0.3809054415421136,0.344,0.351,0.382,True,999,0.00011079199612140656,0.0027464590966701508,strong_5x5_mild_500,strong_null,True,382,2969104037,0.0,0,1
500,500,0.12606587657277601,0.14268749234781852,0.1063726712513926,0.12490277472716116,-0.01662161577504251,-0.018530103475768556,0.03252035307312345,-0.5111142470583906,-0.5698001935619457,0.6092710603247643,0.5688132242512727,0.596,0.604,0.569,True,999,0.0001151250908151269,0.002775208093225956,strong_5x5_mild_500,strong_null,True,383,2969104037,0.0,0,1
500,500,0.1265280911190808,0.12592237176308507,0.10762863825192426,0.10816548648324442,0.0006057193559957375,-0.0005368482313201639,0.03142591881180824,0.019274515396766674,-0.01708297646076919,0.984622113919101,0.9863704197483344,0.986,0.986,0.986,True,999,0.00011541706044226885,0.002778041991405189,strong_5x5_mild_500,strong_null,True,384,2969104037,0.0,0,1
500,500,0.11077384944268287,0.09357850030023518,0.09186119102992052,0.07433870525721886,0.01719534914244769,0.017522485772701657,0.028861244652850948,0.5957937486507227,0.607128555385111,0.5513130204229751,0.543765601008253,0.519,0.52,0.512,True,999,0.00011820800136774778,0.0027727079577744007,strong_5x5_mild_500,strong_null,True,385,2969104037,0.0,0,0
500,500,0.08936098158574346,0.10408475158596264,0.07069142597021028,0.08463074557346317,-0.014723770000219183,-0.013939319603252898,0.028751457490301027,-0.5121051691096382,-0.48482132107407655,0.6085774070406742,0.6278030972014855,0.574,0.571,0.596,True,999,0.00011454103514552116,0.0027586249634623528,strong_5x5_mild_500,strong_null,True,386,2969104037,0.0,0,0
500,500,0.1019085001186264,0.18223341182375896,0.08410871080241122,0.1659518158062383,-0.08032491170513256,-0.08184310500382708,0.032535444541260256,-2.4688432212219342,-2.5155059707279137,0.013555059164173613,0.011886166395487122,0.015,0.015,0.011,True,999,0.00012250000145286322,0.002844833070412278,strong_5x5_mild_500,strong_null,True,387,2969104037,0.0,0,2
500,500,0.12404847778224237,0.14466443015076913,0.1062712834795434,0.12615026374714944,-0.020615952368526758,-0.01987898026760604,0.03226327533165765,-0.6389913037842688,-0.6161488585165504,0.5228285891452389,0.5377962780622834,0.54,0.544,0.566,True,999,0.00011379190254956484,0.002827625023201108,strong_5x5_mild_500,strong_null,True,388,2969104037,0.0,1,1
500,500,0.12940799528245694,0.1442363821366579,0.10957831486655323,0.1287400370921432,-0.014828386854200959,-0.019161722225589983,0.032651929411030386,-0.454135088543701,-0.5868480843621089,0.649731599602674,0.5573057394905484,0.659,0.656,0.573,True,999,0.00011987506877630949,0.002835833001881838,strong_5x5_mild_500,strong_null,True,389,2969104037,0.0,0,2
500,500,0.13204098981764567,0.14274719560931204,0.11241925871553349,0.12428392116021314,-0.010706205791666368,-0.011864662444679652,0.03296924672655459,-0.3247331029569206,-0.3598705952575931,0.7453830787204787,0.7189439074290125,0.757,0.754,0.728,True,999,0.00011983304284512997,0.0028849999653175473,strong_5x5_mild_500,strong_null,True,390,2969104037,0.0,0,1
500,500,0.1083027066591643,0.15017403211218805,0.09057731939429914,0.13286638726287947,-0.041871325453023744,-0.04228906786858033,0.03159417078180041,-1.3252864188840625,-1.3385085546521336,0.18507617174926805,0.18073071356280546,0.175,0.172,0.168,True,999,0.00011924991849809885,0.0028005000203847885,strong_5x5_mild_500,strong_null,True,391,2969104037,0.0,1,1
500,500,0.10985089371986256,0.10865496917394113,0.08961568215886473,0.08831009718170435,0.001195924545921434,0.001305584977160379,0.030364740538347867,0.039385304294337425,0.0429967440529105,0.9685831962934038,0.9657041293244982,0.969,0.97,0.964,True,999,0.00012091605458408594,0.002683833008632064,strong_5x5_mild_500,strong_null,True,392,2969104037,0.0,0,0
500,500,0.11587451477958477,0.08474973281008868,0.09650798780558034,0.06521666603498488,0.031124781969496085,0.03129132177059546,0.028233106279110413,1.102421450257679,1.1083201919495416,0.2702784903496168,0.26772355812046533,0.256,0.256,0.257,True,999,0.00011191703379154205,0.0027195829898118973,strong_5x5_mild_500,strong_null,True,393,2969104037,0.0,0,0
500,500,0.11487887183550871,0.09945168866757492,0.0963653801496207,0.08141578262132043,0.015427183167933789,0.014949597528300274,0.029332462825865522,0.5259423069763517,0.5096604951670692,0.5989282927707842,0.610289333954791,0.612,0.613,0.617,True,999,0.00015154201537370682,0.002657666918821633,strong_5x5_mild_500,strong_null,True,394,2969104037,0.0,0,0
500,500,0.09054320114267755,0.11242022310270072,0.06914192033252675,0.09503330420159273,-0.02187702196002317,-0.025891383869065976,0.028845964823498764,-0.7584083976349271,-0.8975738557364564,0.44820653215930106,0.3694127824588034,0.445,0.448,0.372,True,999,0.00011358398478478193,0.002722625038586557,strong_5x5_mild_500,strong_null,True,395,2969104037,0.0,0,1
500,500,0.06926637491714893,0.10513274447691168,0.04880470452707186,0.0878316564250099,-0.035866369559762745,-0.039026951897938034,0.027000978586605183,-1.3283359136307586,-1.4453902762360906,0.18406716046328353,0.14834829313681777,0.153,0.154,0.127,True,999,0.00012012501247227192,0.002827207907103002,strong_5x5_mild_500,strong_null,True,396,2969104037,0.0,0,1
500,500,0.147596692230326,0.07942269692638271,0.12893743017275483,0.06070822433059675,0.0681739953039433,0.06822920584215808,0.030173653498224616,2.259388154899922,2.2612179147007376,0.023859250572458288,0.023745766295669286,0.02,0.019,0.018,True,999,0.00013304094318300486,0.0027018750552088022,strong_5x5_mild_500,strong_null,True,397,2969104037,0.0,1,0
500,500,0.11290468663587871,0.12657251853913998,0.09253046495348372,0.1078196065626571,-0.013667831903261263,-0.015289141609173384,0.031022238070901927,-0.4405817488739261,-0.49284457086009575,0.6595158181457363,0.6221224149989815,0.659,0.657,0.62,True,999,0.00011462497059255838,0.00270229100715369,strong_5x5_mild_500,strong_null,True,398,2969104037,0.0,0,0
500,500,0.1030140962814523,0.13307211988608536,0.08417818768896268,0.11632506121628694,-0.030058023604633055,-0.03214687352732426,0.030652954116121796,-0.980591413498517,-1.0487365558811423,0.3267942703274933,0.29429938455163307,0.343,0.343,0.307,True,999,0.00011262507177889347,0.0028452909318730235,strong_5x5_mild_500,strong_null,True,399,2969104037,0.0,0,1
500,500,0.13073815200735805,0.12685835913023125,0.11208418535113651,0.11146891745772791,0.0038797928771268086,0.0006152678934085998,0.03216467907949437,0.12062277591944806,0.01912868124342162,0.9039898279884694,0.9847384512895384,0.9,0.9,0.979,True,999,0.0001157090300694108,0.002666749991476536,strong_5x5_mild_500,strong_null,True,400,2969104037,0.0,0,2
500,500,0.125692979427243,0.08384269719539494,0.1065295810122393,0.0671322676855084,0.04185028223184806,0.03939731332673091,0.028329848160593963,1.4772504954707326,1.3906644717401446,0.13960850264812058,0.16432719597022705,0.127,0.121,0.144,True,999,0.00011250004172325134,0.002757249982096255,strong_5x5_mild_500,strong_null,True,401,2969104037,0.0,1,1
500,500,0.11492740312893068,0.1308907800519281,0.09562570560888162,0.10993919671312824,-0.01596337692299743,-0.014313491104246623,0.031043977604474048,-0.5142181561391409,-0.4610714286233658,0.607099475260651,0.644747359471792,0.615,0.618,0.655,True,999,0.00011120806448161602,0.0027848329627886415,strong_5x5_mild_500,strong_null,True,402,2969104037,0.0,0,1
500,500,0.14293016720671825,0.1001101378922844,0.1288563380692267,0.08193544714856671,0.04282002931443385,0.046920890920659986,0.02934740894035979,1.4590735898168492,1.5988086381326976,0.14454485432190145,0.10986312909764183,0.134,0.133,0.111,True,999,0.0001145839923992753,0.002726542064920068,strong_5x5_mild_500,strong_null,True,403,2969104037,0.0,3,2
500,500,0.12470840067640654,0.11969327508071836,0.1051650443294534,0.10277570960727189,0.005015125595688175,0.002389334722181502,0.03169010129352493,0.15825527186664085,0.07539687866727336,0.874255651794541,0.9398989426054207,0.878,0.878,0.957,True,999,0.0001116250641644001,0.002747833961620927,strong_5x5_mild_500,strong_null,True,404,2969104037,0.0,0,1
500,500,0.12337124518954967,0.12322121723262502,0.10620957750506932,0.10132497009880126,0.00015002795692464765,0.00488460740626806,0.03068427691930069,0.004889408256848272,0.159189262276394,0.9960988321841614,0.8735197634487464,0.999,0.999,0.862,True,999,0.00012195890303701162,0.0028263339772820473,strong_5x5_mild_500,strong_null,True,405,2969104037,0.0,1,0
500,500,0.11835180141814272,0.12049738003170041,0.09950932237290999,0.10279560336834948,-0.002145578613557686,-0.0032862809954394834,0.031050072330235247,-0.06910059953285237,-0.10583811079368861,0.9449095438127658,0.9157107985507223,0.948,0.949,0.919,True,999,0.00011458306107670069,0.0027461659628897905,strong_5x5_mild_500,strong_null,True,406,2969104037,0.0,0,1
500,500,0.11428060137031926,0.11864196744998479,0.09398430031581029,0.10215584589684568,-0.00436136607966553,-0.008171545581035389,0.030859924750746226,-0.14132782613347322,-0.26479473449907853,0.8876109681527127,0.791167593416161,0.89,0.891,0.813,True,999,0.00011933303903788328,0.002789124962873757,strong_5x5_mild_500,strong_null,True,407,2969104037,0.0,0,2
500,500,0.105525403065996,0.11463024195450666,0.08614142047935047,0.09485339957331007,-0.009104838888510658,-0.008711979093959599,0.029919898866206197,-0.3043071411847034,-0.29117675607518745,0.760893905112608,0.7709161387125251,0.763,0.762,0.758,True,999,0.00011908297892659903,0.0027679160702973604,strong_5x5_mild_500,strong_null,True,408,2969104037,0.0,0,0
500,500,0.11767049723532397,0.09868554057382983,0.09925972376481695,0.07800807575534918,0.018984956661494135,0.021251648009467772,0.030052319079955498,0.6317301706728135,0.7071550103313771,0.5275632097454483,0.47947015343916555,0.51,0.515,0.478,True,999,0.0001105000264942646,0.0026998750399798155,strong_5x5_mild_500,strong_null,True,409,2969104037,0.0,0,0
500,500,0.11765073347334831,0.1450653458230553,0.09983876014325688,0.12737365193589767,-0.02741461234970699,-0.027534891792640792,0.032792778055963055,-0.8359954226178133,-0.8396632863995441,0.40315747815993463,0.4010972043664648,0.382,0.404,0.404,True,999,0.0001145839923992753,0.002714000060223043,strong_5x5_mild_500,strong_null,True,410,2969104037,0.0,0,1
500,500,0.1280390334887216,0.14980499843607697,0.10885961822498302,0.1311756070647334,-0.021765964947355387,-0.02231598883975039,0.032737858076812905,-0.6648561092874756,-0.6816569608002557,0.5061425307550907,0.49545588815353236,0.496,0.496,0.482,True,999,0.00011487491428852081,0.00272229197435081,strong_5x5_mild_500,strong_null,True,411,2969104037,0.0,0,0
500,500,0.10821925516044084,0.13450576447901774,0.09029571973741213,0.11591089129746024,-0.0262865093185769,-0.02561517156004811,0.031139370436071817,-0.8441567363265198,-0.822597605582145,0.39858182676159504,0.41073686074799065,0.383,0.388,0.405,True,999,0.00011199992150068283,0.002705416060052812,strong_5x5_mild_500,strong_null,True,412,2969104037,0.0,1,0
500,500,0.09727387985769642,0.1463817367201098,0.07778796477219885,0.1275600556805898,-0.04910785686241337,-0.049772090908390965,0.03211986356862673,-1.528893694006215,-1.5495735466636962,0.1262907997911212,0.12124390631488885,0.123,0.119,0.117,True,999,0.00011137500405311584,0.002737417002208531,strong_5x5_mild_500,strong_null,True,413,2969104037,0.0,0,0
500,500,0.08845643835289208,0.1293862974872455,0.07102039826651207,0.11285469072419119,-0.04092985913435343,-0.04183429245767911,0.029038827521550594,-1.409487318452446,-1.4406329741320518,0.15869112070279123,0.14968839967301653,0.166,0.151,0.155,True,999,0.00011666701175272465,0.002773333922959864,strong_5x5_mild_500,strong_null,True,414,2969104037,0.0,1,2
500,500,0.08080307959906208,0.09214433456126914,0.05780876653756195,0.07646973351472752,-0.011341254962207059,-0.01866096697716557,0.026973406908995464,-0.4204606040486795,-0.6918283270676592,0.674149003321548,0.4890451451070693,0.659,0.656,0.478,True,999,0.00011124997399747372,0.0028254170902073383,strong_5x5_mild_500,strong_null,True,415,2969104037,0.0,0,2
500,500,0.12662263715321576,0.1260519415227499,0.10843957455648479,0.10866999763555896,0.0005706956304658561,-0.00023042307907417126,0.031129784957423204,0.01833278422084853,-0.007402013196985628,0.9853733738310908,0.9940941018818108,0.988,0.989,0.993,True,999,0.00011570891365408897,0.002847208990715444,strong_5x5_mild_500,strong_null,True,416,2969104037,0.0,2,1
500,500,0.09550653698285072,0.0903806498038785,0.07623180845473598,0.07284039159378608,0.005125887178972222,0.003391416860949903,0.027278534155163656,0.18790918712184257,0.12432548030840318,0.8509478407480742,0.9010575734410733,0.85,0.848,0.901,True,999,0.00011429202277213335,0.0027364999987185,strong_5x5_mild_500,strong_null,True,417,2969104037,0.0,0,1
500,500,0.10735758505247794,0.14097257565780352,0.09008588278061325,0.12463382584382998,-0.03361499060532558,-0.034547943063216735,0.03047374307716564,-1.1030804624231971,-1.133695423490787,0.269992224532308,0.25692233000278575,0.217,0.225,0.218,True,999,0.00012533401604741812,0.002720333985053003,strong_5x5_mild_500,strong_null,True,418,2969104037,0.0,1,2
500,500,0.10448177566023276,0.12112745467180597,0.08378505456613539,0.10137553749081007,-0.01664567901157321,-0.01759048292467469,0.030785549695436305,-0.540697800632119,-0.5713876509823155,0.5887158946867184,0.5677368981390613,0.579,0.579,0.556,True,999,0.00011875003110617399,0.002888374961912632,strong_5x5_mild_500,strong_null,True,419,2969104037,0.0,0,0
500,500,0.09969766003350289,0.15030717687446038,0.08176651822327585,0.1327690224500202,-0.05060951684095749,-0.05100250422674435,0.03148463630663444,-1.6074353328417852,-1.6199172107316704,0.10795890448720814,0.10525006224187487,0.112,0.106,0.103,True,999,0.0001271250657737255,0.002711292007006705,strong_5x5_mild_500,strong_null,True,420,2969104037,0.0,0,1
500,500,0.12167257742365001,0.11755561780004808,0.10216995599898837,0.09789692025896102,0.0041169596236019235,0.004273035740027353,0.03138322520955379,0.13118344580940725,0.13615667961132755,0.8956301911131314,0.8916974208257492,0.88,0.882,0.879,True,999,0.00011720904149115086,0.0027126669883728027,strong_5x5_mild_500,strong_null,True,421,2969104037,0.0,0,0
500,500,0.09441809575275739,0.12170169203955372,0.07701954261256105,0.1031180615740368,-0.02728359628679633,-0.026098518961475747,0.03057905623187207,-0.8922314697979157,-0.8534769275931305,0.37226887766882744,0.3933948771589374,0.346,0.347,0.366,True,999,0.00011304207146167755,0.0027642499189823866,strong_5x5_mild_500,strong_null,True,422,2969104037,0.0,1,0
500,500,0.11181451768503159,0.09425457262089265,0.09245787369087566,0.07452749602566655,0.017559945064138938,0.017930377665209107,0.02918706992648487,0.6016343918169301,0.6143260598056388,0.5474175307549154,0.5389998852877205,0.537,0.54,0.536,True,999,0.0001277910778298974,0.0027350829914212227,strong_5x5_mild_500,strong_null,True,423,2969104037,0.0,1,0
500,500,0.09876108470019229,0.11604693350150075,0.08085500865394124,0.09628106199272679,-0.017285848801308457,-0.01542605333878555,0.030311624406003657,-0.5702712784302231,-0.508915429017067,0.5684937180968928,0.6108115046425332,0.558,0.558,0.605,True,999,0.00012733298353850842,0.0026604169979691505,strong_5x5_mild_500,strong_null,True,424,2969104037,0.0,0,0
500,500,0.080663497825462,0.13389891760229955,0.06496394675008332,0.11422133146129454,-0.053235419776837545,-0.049257384711211216,0.02896300606330257,-1.838048842736984,-1.700700010335686,0.06605520843093195,0.08899933318950563,0.056,0.053,0.071,True,999,0.00011358293704688549,0.002800749964080751,strong_5x5_mild_500,strong_null,True,425,2969104037,0.0,2,0
500,500,0.13378555930043712,0.10550081835584946,0.11766755755684244,0.08605110387850345,0.02828474094458766,0.031616453678338985,0.03036857480798151,0.9313819013052211,1.0410911239084393,0.35165604955581964,0.2978332586462128,0.36,0.358,0.301,True,999,0.00011383392848074436,0.0027030000928789377,strong_5x5_mild_500,strong_null,True,426,2969104037,0.0,2,0
500,500,0.13092433539799453,0.11630460152817501,0.11187302099438057,0.0992919173634732,0.014619733869819518,0.012581103630907364,0.03160018148640949,0.4626471489129621,0.39813390427261336,0.6436173070087445,0.6905314837523358,0.658,0.66,0.709,True,999,0.00011850008741021156,0.0027737499913200736,strong_5x5_mild_500,strong_null,True,427,2969104037,0.0,1,1
500,500,0.12077392740874737,0.1234971165853831,0.1022307287591957,0.1031288148870999,-0.002723189176635721,-0.0008980861279042074,0.031642366153095215,-0.0860614899486378,-0.028382394779170386,0.9314175365716635,0.9773571654761163,0.932,0.932,0.984,True,999,0.00012245902325958014,0.0027542919851839542,strong_5x5_mild_500,strong_null,True,428,2969104037,0.0,0,0
500,500,0.11990719966670182,0.10625986578666502,0.1015337758218493,0.08956384214195623,0.013647333880036805,0.011969933679893074,0.03042309588793001,0.448584651946984,0.39344890224147105,0.653731307567784,0.6939879571078407,0.646,0.649,0.701,True,999,0.00011304207146167755,0.002813250059261918,strong_5x5_mild_500,strong_null,True,429,2969104037,0.0,1,2
500,500,0.10629765996690455,0.1253088956625601,0.08770674752804553,0.10778472942649842,-0.01901123569565555,-0.02007798189845289,0.030062734314487506,-0.6323854476036087,-0.6678694522067186,0.5271350407182609,0.5042169284084804,0.507,0.497,0.472,True,999,0.00011195801198482513,0.0028175829211249948,strong_5x5_mild_500,strong_null,True,430,2969104037,0.0,0,1
500,500,0.12220465246317935,0.13750998902481282,0.10305049934669341,0.12061067741524312,-0.015305336561633465,-0.017560178068549703,0.031631840186814135,-0.4838585574295345,-0.5551424755828698,0.6284862537048947,0.5787972116319123,0.657,0.66,0.63,True,999,0.00011575000826269388,0.002783625037409365,strong_5x5_mild_500,strong_null,True,431,2969104037,0.0,0,1
500,500,0.1097822821058505,0.17176126527301805,0.09314353203285464,0.15145190070109038,-0.061978983167167545,-0.058308368668235744,0.03308504974818729,-1.8733229551986192,-1.7623781469885935,0.06102380187263907,0.07800542833023269,0.049,0.052,0.072,True,999,0.00011429097503423691,0.002774124965071678,strong_5x5_mild_500,strong_null,True,432,2969104037,0.0,1,0
500,500,0.16305231003956178,0.07973416450800763,0.14455096080865815,0.059716019591121494,0.08331814553155414,0.08483494121753665,0.030084621303591297,2.7694596747876696,2.8198773174322667,0.005614935441343935,0.004804201302043448,0.008,0.006,0.009,True,999,0.00012029206845909357,0.0028618340147659183,strong_5x5_mild_500,strong_null,True,433,2969104037,0.0,1,1
500,500,0.13402255019811005,0.1002583610685015,0.11657208978516564,0.08145991008268538,0.033764189129608546,0.03511217970248026,0.031158734686242615,1.0836187499140106,1.1268807946165798,0.27853387391083506,0.25979288441510273,0.252,0.254,0.239,True,999,0.0001235830131918192,0.0027874590596184134,strong_5x5_mild_500,strong_null,True,434,2969104037,0.0,1,0
500,500,0.08850901555203627,0.13318186316035718,0.06733280240024442,0.11561981119064058,-0.04467284760832091,-0.04828700879039616,0.029901327223595828,-1.4940088536628078,-1.6148784443351318,0.13517330518949364,0.10633702112361863,0.143,0.141,0.109,True,999,0.00011608295608311892,0.002683833008632064,strong_5x5_mild_500,strong_null,True,435,2969104037,0.0,0,0
500,500,0.11726739516862605,0.10946997158745475,0.09890406162361387,0.09156413093631954,0.007797423581171303,0.007339930687294327,0.0311094481427012,0.25064486986088536,0.2359389550603905,0.802088687636844,0.8134800396554103,0.786,0.786,0.805,True,999,0.00011333299335092306,0.0027234579902142286,strong_5x5_mild_500,strong_null,True,436,2969104037,0.0,0,0
500,500,0.13143100549687436,0.11912490152140531,0.11193066511054894,0.10138938889315341,0.012306103975469052,0.010541276217395534,0.031099774815495192,0.3956975267016288,0.33895024256392475,0.6923281803054939,0.7346472142504317,0.688,0.685,0.734,True,999,0.0001130829332396388,0.0026971669867634773,strong_5x5_mild_500,strong_null,True,437,2969104037,0.0,0,0
500,500,0.1430974529479323,0.08597552647549356,0.1243590903930567,0.0684270172606034,0.057121926472438744,0.0559320731324533,0.030224182372904654,1.8899411659071828,1.8505735719287886,0.05876582911821757,0.06423092466255902,0.05,0.052,0.058,True,999,0.00011504103895276785,0.0027334169717505574,strong_5x5_mild_500,strong_null,True,438,2969104037,0.0,1,1
500,500,0.10265334945045657,0.07699049653316159,0.08487221364310926,0.05857275638209103,0.025662852917294976,0.026299457261018233,0.027449358303855594,0.9349163150998075,0.9581082723279603,0.34983142834888814,0.3380081645369293,0.336,0.333,0.325,True,999,0.00011262495536357164,0.0027970829978585243,strong_5x5_mild_500,strong_null,True,439,2969104037,0.0,1,0
500,500,0.13853604653383944,0.10348213643186677,0.12195229602241398,0.08562223732513985,0.035053910101972674,0.036330058697274126,0.029943455385941217,1.170670173170157,1.2132887881180034,0.24173137873356,0.22501942800686314,0.249,0.244,0.226,True,999,0.0001129580195993185,0.0027526250341907144,strong_5x5_mild_500,strong_null,True,440,2969104037,0.0,1,0
500,500,0.12130784859910315,0.09944570522086293,0.10158826454039627,0.08012845116331846,0.021862143378240217,0.021459813377077808,0.030320900808930715,0.7210255234831593,0.707756458566595,0.47089381132990094,0.47909650987576524,0.444,0.448,0.464,True,999,0.00011429202277213335,0.0027622919296845794,strong_5x5_mild_500,strong_null,True,441,2969104037,0.0,0,0
500,500,0.0660235708826643,0.08274038539662654,0.04774783531860294,0.06422785975343004,-0.01671681451396223,-0.0164800244348271,0.025386114923205416,-0.6585022782939272,-0.6491747352708441,0.5102154335432656,0.5162254399473208,0.496,0.479,0.491,True,999,0.00011870800517499447,0.002877207938581705,strong_5x5_mild_500,strong_null,True,442,2969104037,0.0,0,1
500,500,0.10183349560444976,0.15283921292087133,0.08536213695617789,0.1356259010738654,-0.05100571731642156,-0.050263764117687515,0.031010675036697403,-1.6447793302165281,-1.6208535950348193,0.10001532621912697,0.1050490410665655,0.111,0.106,0.114,True,999,0.00015112501569092274,0.002685000072233379,strong_5x5_mild_500,strong_null,True,443,2969104037,0.0,1,1
500,500,0.14412944967626995,0.10972331241459865,0.12373087474384192,0.09208886484083223,0.0344061372616713,0.031642009903009694,0.031660269594405224,1.0867291309405434,0.9994232616579248,0.27715653582414634,0.31758969593791353,0.243,0.241,0.286,True,999,0.00011358398478478193,0.0026898339856415987,strong_5x5_mild_500,strong_null,True,444,2969104037,0.0,0,0
500,500,0.08852386484438934,0.08789756170408136,0.06990195352750561,0.07011349345611961,0.0006263031403079822,-0.00021153992861400184,0.02687428317498389,0.02330492449714829,-0.007871463109792459,0.9814070436011634,0.9937195459699179,0.985,0.985,0.993,True,999,0.00011237501166760921,0.0028165000258013606,strong_5x5_mild_500,strong_null,True,445,2969104037,0.0,0,0
500,500,0.13459605885054193,0.12297036379922188,0.1159968793008943,0.1037359324064937,0.01162569505132005,0.012260946894400604,0.0312814211894617,0.37164855717094447,0.391956197262903,0.7101545310933148,0.6950905789299402,0.685,0.684,0.675,True,999,0.00011745910160243511,0.0027409589383751154,strong_5x5_mild_500,strong_null,True,446,2969104037,0.0,1,0
500,500,0.08959300814867466,0.1201869654794856,0.07102640350558431,0.10342255535988443,-0.03059395733081094,-0.032396151854300115,0.029664053474339914,-1.0313478350919039,-1.0921013165757514,0.30237773385664835,0.27478857081286645,0.283,0.283,0.269,True,999,0.00011866609565913677,0.0026747500523924828,strong_5x5_mild_500,strong_null,True,447,2969104037,0.0,1,1
500,500,0.12635673138969206,0.118846624832321,0.10956970951326639,0.10062607337084728,0.007510106557371055,0.008943636142419109,0.031017037726687603,0.2421284270776518,0.28834591559734435,0.8086806518148058,0.7730819633456142,0.808,0.807,0.765,True,999,0.00011783302761614323,0.0028275420190766454,strong_5x5_mild_500,strong_null,True,448,2969104037,0.0,1,0
500,500,0.14318654899440308,0.13103358466876203,0.123801980631697,0.11079619424242537,0.012152964325641058,0.013005786389271634,0.032487117798919544,0.3740856422186286,0.40033672638402473,0.7083406003539097,0.6889085209403845,0.708,0.717,0.699,True,999,0.00011066696606576443,0.0027370420284569263,strong_5x5_mild_500,strong_null,True,449,2969104037,0.0,0,0
500,500,0.09703705379110406,0.13521121385858792,0.07848307600539783,0.11651764557166189,-0.038174160067483864,-0.038034569566264054,0.0304132771890751,-1.255180749846866,-1.2505909616319362,0.20941315202504818,0.21108374985795808,0.215,0.201,0.208,True,999,0.00011062505654990673,0.002783166943117976,strong_5x5_mild_500,strong_null,True,450,2969104037,0.0,0,0
500,500,0.13601770251449397,0.17035370843701836,0.11861537223177265,0.1507856301556103,-0.03433600592252439,-0.03217025792383765,0.03420981827595701,-1.0036886383186685,-0.9403808481042771,0.31552871514895586,0.34702224243318436,0.314,0.323,0.356,True,999,0.00011554197408258915,0.0029220000142231584,strong_5x5_mild_500,strong_null,True,451,2969104037,0.0,1,0
500,500,0.12488546168448145,0.07847007163380348,0.10794456053190515,0.057947169189731085,0.04641539005067796,0.04999739134217407,0.028247676276894423,1.6431578157331148,1.769964752218225,0.10035028529314031,0.07673301270900258,0.101,0.106,0.08,True,999,0.00011154101230204105,0.0028738330584019423,strong_5x5_mild_500,strong_null,True,452,2969104037,0.0,2,0
500,500,0.13005928299100733,0.10366109028559523,0.11019823622598324,0.08530040871823985,0.026398192705412105,0.024897827507743386,0.030549488972470788,0.8641124154057188,0.8149998034395826,0.38752613937395053,0.41507242259547283,0.368,0.368,0.401,True,999,0.0001104589318856597,0.0028296250384300947,strong_5x5_mild_500,strong_null,True,453,2969104037,0.0,0,0
500,500,0.12661400402410816,0.1007345077731494,0.1082173910176607,0.08222565074856902,0.025879496250958756,0.02599174026909168,0.03020616266261955,0.8567621296360464,0.860478060699075,0.3915763589889839,0.3895255721741089,0.386,0.386,0.378,True,999,0.00013749999925494194,0.002814708976075053,strong_5x5_mild_500,strong_null,True,454,2969104037,0.0,0,0
500,500,0.11846318885329565,0.10704574132968192,0.09830843630095387,0.08823568004982008,0.011417447523613733,0.010072756251133796,0.02979218011464837,0.38323638886702166,0.3381006764987022,0.7015444994370452,0.7352873207608137,0.683,0.685,0.721,True,999,0.00011133297812193632,0.0028531659627333283,strong_5x5_mild_500,strong_null,True,455,2969104037,0.0,1,0
500,500,0.13458810502460627,0.10579126136520389,0.1182600851918778,0.08545596327888916,0.028796843659402382,0.03280412191298865,0.03077571125017903,0.9357003458119871,1.0659094649777694,0.34942749253011396,0.28646456995708525,0.329,0.328,0.269,True,999,0.00011891697067767382,0.0029309160308912396,strong_5x5_mild_500,strong_null,True,456,2969104037,0.0,1,0
500,500,0.11663199645083777,0.11862521379567159,0.09845427985715105,0.10114231798957007,-0.0019932173448338197,-0.002688038132419024,0.030779851923181816,-0.06475721032733851,-0.08733109370141351,0.9483673111134314,0.9304083392303941,0.946,0.946,0.928,True,999,0.00012850004713982344,0.002788166981190443,strong_5x5_mild_500,strong_null,True,457,2969104037,0.0,1,1
500,500,0.16273079496888054,0.09352699504711715,0.14517906617982135,0.07589089247153424,0.0692037999217634,0.0692881737082871,0.032155624386812146,2.1521522670275273,2.1547761870456474,0.031385363697898704,0.031179352552548757,0.034,0.029,0.031,True,999,0.0001252500806003809,0.002797249937430024,strong_5x5_mild_500,strong_null,True,458,2969104037,0.0,1,1
500,500,0.1179624804667434,0.13686863666371618,0.09971549895419685,0.11919767743290777,-0.01890615619697278,-0.01948217847871092,0.03173255459291166,-0.5957968540356972,-0.6139492621581372,0.5513109456321947,0.5392488557862576,0.53,0.526,0.524,True,999,0.00011733290739357471,0.0027682920917868614,strong_5x5_mild_500,strong_null,True,459,2969104037,0.0,0,1
500,500,0.1246959721316544,0.14293678340588778,0.10412233298904994,0.12381081227681534,-0.01824081127423338,-0.019688479287765404,0.03330053931235018,-0.5477632390016101,-0.5912360488547264,0.5838544832427102,0.5543622720269213,0.593,0.599,0.563,True,999,0.00011620903387665749,0.0029224170139059424,strong_5x5_mild_500,strong_null,True,460,2969104037,0.0,0,0
500,500,0.13404625559151884,0.12035989918133261,0.1144891262689498,0.10199041549890353,0.013686356410186229,0.012498710770046273,0.03161036641459487,0.432970508176934,0.39539911072576095,0.6650361953634534,0.6925483652419171,0.688,0.693,0.72,True,999,0.00012195901945233345,0.0027628750540316105,strong_5x5_mild_500,strong_null,True,461,2969104037,0.0,0,0
500,500,0.12543251553674195,0.1287477157900474,0.10874567816426861,0.10848669117530108,-0.0033152002533054503,0.0002589869889675356,0.03151993505145075,-0.10517788973530462,0.008216609220316758,0.916234654832991,0.9934441681279909,0.913,0.912,0.988,True,999,0.00011729192920029163,0.002852083998732269,strong_5x5_mild_500,strong_null,True,462,2969104037,0.0,1,0
500,500,0.09606471554631879,0.11904488903925425,0.08049351326525311,0.10019038380767142,-0.022980173492935463,-0.01969687054241831,0.02934880999844032,-0.7830018830118392,-0.6711301256665962,0.43362600628419845,0.5021376369804889,0.41,0.415,0.485,True,999,0.0001171668991446495,0.0027472919318825006,strong_5x5_mild_500,strong_null,True,463,2969104037,0.0,2,0
500,500,0.08943107817910434,0.12539108997611748,0.07145176755761895,0.10674839915725443,-0.035960011797013136,-0.035296631599635475,0.029385426689215864,-1.2237362478119154,-1.2011611052287003,0.22105174090406,0.229688713665109,0.215,0.216,0.227,True,999,0.0001177079975605011,0.0026502920081838965,strong_5x5_mild_500,strong_null,True,464,2969104037,0.0,0,0
500,500,0.12339260414771114,0.15720097405058064,0.10315647126219574,0.14004669344001286,-0.033808369902869506,-0.03689022217781712,0.03335757467379635,-1.0135140289269073,-1.1059024086303193,0.31081469864633793,0.2687687621639917,0.295,0.295,0.264,True,999,0.0001127920113503933,0.002811625017784536,strong_5x5_mild_500,strong_null,True,465,2969104037,0.0,0,2
500,500,0.10216033835232041,0.11054760484389581,0.0834246986083258,0.09198713421773164,-0.008387266491575396,-0.008562435609405838,0.029344645805183516,-0.2858193125675365,-0.29178868493595334,0.7750165156146787,0.7704481970758981,0.775,0.775,0.761,True,999,0.00011766701936721802,0.0026738750748336315,strong_5x5_mild_500,strong_null,True,466,2969104037,0.0,0,0
500,500,0.10914899155209068,0.13918187478180544,0.0909936137245495,0.12255817704385663,-0.030032883229714757,-0.031564563319307126,0.031313897014598226,-0.9590912052790405,-1.0080049539855114,0.3375128005478436,0.31345208397817137,0.32,0.324,0.302,True,999,0.00011337501928210258,0.0026997911045327783,strong_5x5_mild_500,strong_null,True,467,2969104037,0.0,1,1
500,500,0.1243190879314191,0.11130316525560646,0.10483317246928436,0.09304536863055546,0.013015922675812641,0.011787803838728905,0.030502982929187867,0.4267098305116216,0.3864475768187683,0.6695906894773972,0.6991652203134446,0.684,0.682,0.712,True,999,0.00011441705282777548,0.002779165981337428,strong_5x5_mild_500,strong_null,True,468,2969104037,0.0,0,1
500,500,0.13263622786179752,0.1229102114220687,0.11535289320192987,0.10491855900937708,0.009726016439728813,0.010434334192552797,0.0316263344154504,0.30752904563537925,0.32992549991678183,0.758440718238101,0.7414562551743041,0.762,0.766,0.756,True,999,0.00011995795648545027,0.0027441250858828425,strong_5x5_mild_500,strong_null,True,469,2969104037,0.0,2,1
500,500,0.10638393181214156,0.10477473705702722,0.08885711487988601,0.0862163417553461,0.0016091947551143404,0.002640773124539919,0.029899878481229717,0.053819441310590826,0.08832053033920256,0.9570790200406386,0.9296219218666196,0.952,0.95,0.91,True,999,0.00011962500866502523,0.0026989589678123593,strong_5x5_mild_500,strong_null,True,470,2969104037,0.0,0,0
500,500,0.09879047183735823,0.11269629989209373,0.08000000106414973,0.09394241711294171,-0.013905828054735503,-0.013942416048791983,0.029167170229810704,-0.47676301626692813,-0.47801744011978053,0.6335308840977556,0.6326377921447126,0.642,0.641,0.637,True,999,0.00011329201515763998,0.002754207933321595,strong_5x5_mild_500,strong_null,True,471,2969104037,0.0,0,0
500,500,0.13181119266928887,0.12819101422064627,0.11417158614273148,0.10951302516980377,0.003620178448642597,0.004658560972927717,0.032374607493178845,0.11182153943967812,0.1438955197807186,0.9109649086296013,0.8855829735667788,0.92,0.92,0.891,True,999,0.00011495791841298342,0.0027321670204401016,strong_5x5_mild_500,strong_null,True,472,2969104037,0.0,1,1
500,500,0.10325720772865665,0.13840310852217685,0.08684567184337766,0.1241332408687299,-0.0351459007935202,-0.03728756902535224,0.030767854559560964,-1.1422928669103052,-1.2119001977590051,0.2533323052370854,0.22555058645067372,0.201,0.206,0.187,True,999,0.00011358293704688549,0.0027586250798776746,strong_5x5_mild_500,strong_null,True,473,2969104037,0.0,1,3
500,500,0.11156690630392974,0.10585782873597771,0.09400582483465314,0.08661919919950378,0.005709077567952026,0.0073866256351493575,0.029539015794272313,0.19327243695976593,0.25006336320053163,0.846745611457471,0.8025383479634429,0.858,0.857,0.814,True,999,0.0001188330352306366,0.0028167919954285026,strong_5x5_mild_500,strong_null,True,474,2969104037,0.0,1,0
500,500,0.11481256165807485,0.15657869056873075,0.09747677317795933,0.13787826402688097,-0.0417661289106559,-0.04040149084892164,0.031616784276943935,-1.3210112877011726,-1.2778494642285243,0.1864976005494431,0.20130250963156127,0.187,0.181,0.2,True,999,0.00011970906052738428,0.002800000016577542,strong_5x5_mild_500,strong_null,True,475,2969104037,0.0,1,0
500,500,0.11781525760016942,0.10715458300253089,0.09986329248465609,0.08870630677728286,0.010660674597638531,0.011156985707373224,0.029710290528068745,0.35882094749517435,0.3755259712735788,0.7197290409848853,0.7072693350524841,0.734,0.733,0.723,True,999,0.00011862500105053186,0.0028931249398738146,strong_5x5_mild_500,strong_null,True,476,2969104037,0.0,0,1
500,500,0.1038466965243201,0.13555872668993918,0.0836107808233919,0.11427023082342203,-0.031712030165619076,-0.03065945000003012,0.031459085837926185,-1.0080404220579082,-0.9745817204601652,0.31343505721006315,0.32976778458430567,0.284,0.287,0.301,True,999,0.00011912500485777855,0.002890625037252903,strong_5x5_mild_500,strong_null,True,477,2969104037,0.0,0,0
500,500,0.1268337969620017,0.11530760503097848,0.10781024271409478,0.09916064877450026,0.011526191931023222,0.008649593939594524,0.030537802547493973,0.37744012238919583,0.28324218568583076,0.7058465546078072,0.7769911923094288,0.703,0.698,0.776,True,999,0.00011837505735456944,0.0028774579986929893,strong_5x5_mild_500,strong_null,True,478,2969104037,0.0,1,2
500,500,0.11635617416278454,0.12216810681269408,0.09689948294453643,0.10303409813980124,-0.005811932649909535,-0.006134615195264814,0.031151949455647563,-0.18656722136071277,-0.19692556332626768,0.8519999690083454,0.8438857887220782,0.849,0.853,0.843,True,999,0.00011858297511935234,0.0028713750652968884,strong_5x5_mild_500,strong_null,True,479,2969104037,0.0,0,1
500,500,0.09856926833768453,0.0984896149055251,0.08076686538169042,0.08267324461780845,7.965343215943221e-05,-0.0019063792361180276,0.028259411201073392,0.002818651513744444,-0.06745997722859903,0.9977510444528157,0.9462155229556634,0.998,0.998,0.954,True,999,0.0001498749479651451,0.0027520409785211086,strong_5x5_mild_500,strong_null,True,480,2969104037,0.0,0,2
500,500,0.11560430834670643,0.12555378991783162,0.09604639712790686,0.105957427467672,-0.009949481571125185,-0.009911030339765148,0.03138440305748573,-0.3170199399013919,-0.3157947698291873,0.7512284721891319,0.7521582882027553,0.763,0.763,0.762,True,999,0.00011504197027534246,0.0027438329998403788,strong_5x5_mild_500,strong_null,True,481,2969104037,0.0,0,0
500,500,0.12170523242480802,0.15743290930701637,0.10323130577364736,0.13901603666829487,-0.03572767688220835,-0.03578473089464751,0.03270061412369892,-1.0925689880642224,-1.0943137263196978,0.2745830850587818,0.27381740722565806,0.257,0.257,0.251,True,999,0.00012341700494289398,0.0028321249410510063,strong_5x5_mild_500,strong_null,True,482,2969104037,0.0,0,0
500,500,0.12255767921686622,0.1138880831392508,0.10484717806326671,0.09460198446674895,0.008669596077615416,0.010245193596517765,0.030504252331115506,0.2842094270500148,0.33586116077551836,0.7762498914876415,0.7369755666252145,0.795,0.788,0.757,True,999,0.00012608303222805262,0.0027466670144349337,strong_5x5_mild_500,strong_null,True,483,2969104037,0.0,1,1
500,500,0.11940919751938184,0.08528436661969319,0.10032489256633426,0.06725904303561947,0.03412483089968865,0.033065849530714786,0.028546421476522466,1.1954153667826302,1.158318549941864,0.2319247847343714,0.24673406409976384,0.224,0.223,0.253,True,999,0.00012020801659673452,0.0028391670202836394,strong_5x5_mild_500,strong_null,True,484,2969104037,0.0,1,2
500,500,0.13327854540302075,0.15275128763236712,0.11378863266378403,0.1333871995886966,-0.019472742229346363,-0.019598566924912575,0.03237817935729762,-0.6014156019849665,-0.6053016974376391,0.5475632095381067,0.5449785537777085,0.557,0.553,0.548,True,999,0.00011854199692606926,0.00284362502861768,strong_5x5_mild_500,strong_null,True,485,2969104037,0.0,0,0
500,500,0.12011349608317512,0.11694851174229559,0.1008199043585023,0.0979548652047697,0.0031649843408795286,0.002865039153732596,0.03119562610236383,0.101456028819364,0.09184105311210597,0.91918846130689,0.9268243262100245,0.923,0.922,0.935,True,999,0.00011691695544868708,0.002676792093552649,strong_5x5_mild_500,strong_null,True,486,2969104037,0.0,0,0
500,500,0.08663033695216893,0.12831923749069918,0.06892101066796386,0.11006009980485487,-0.04168890053853025,-0.041139089136891016,0.029716552482629964,-1.4028848253140538,-1.384382968412564,0.16065118664010236,0.16624122118495432,0.145,0.145,0.153,True,999,0.000112209003418684,0.0027044169837608933,strong_5x5_mild_500,strong_null,True,487,2969104037,0.0,0,1
500,500,0.13624104562955863,0.14071009610647767,0.11966123156719277,0.12524612189599793,-0.004469050476919034,-0.005584890328805159,0.031970568621284653,-0.1397863932249153,-0.17468848912142823,0.8888287643671823,0.8613244130464689,0.887,0.887,0.852,True,999,0.00011316698510199785,0.0027961659943684936,strong_5x5_mild_500,strong_null,True,488,2969104037,0.0,2,2
500,500,0.09796852396182099,0.12745577085929227,0.07836851650273502,0.10914375954831712,-0.029487246897471286,-0.0307752430455821,0.03078696258032277,-0.9577835689551853,-0.9996193344923165,0.33817190629158,0.31749476274336563,0.34,0.343,0.328,True,999,0.00011829205323010683,0.0027906670002266765,strong_5x5_mild_500,strong_null,True,489,2969104037,0.0,0,1
500,500,0.08301292080977785,0.16698870774558938,0.06388318653040415,0.14710137928477707,-0.08397578693581154,-0.08321819275437292,0.03140846705311933,-2.6736671609533866,-2.6495464619024798,0.007502687411750955,0.008059988893676711,0.009,0.012,0.013,True,999,0.00011641695164144039,0.0027562499744817615,strong_5x5_mild_500,strong_null,True,490,2969104037,0.0,0,1
500,500,0.07173265736927403,0.11578248383469014,0.053946342989604545,0.09716941584190408,-0.04404982646541611,-0.04322307285229954,0.02763930216214587,-1.593738735044682,-1.5638264887706472,0.11099456458207758,0.11785832179401824,0.111,0.099,0.104,True,999,0.00011779193300753832,0.002694374998100102,strong_5x5_mild_500,strong_null,True,491,2969104037,0.0,0,0
500,500,0.09994617272744377,0.12078388906773896,0.0802808667398267,0.10279671069599772,-0.020837716340295187,-0.02251584395617101,0.030064248288306582,-0.6931061818166253,-0.7489242285471842,0.4882429184873124,0.453902876180972,0.487,0.483,0.457,True,999,0.00011475000064820051,0.0027150000678375363,strong_5x5_mild_500,strong_null,True,492,2969104037,0.0,0,0
500,500,0.08406697865107515,0.1328650672406072,0.06469162015957863,0.11672897022504003,-0.04879808858953205,-0.052037350065461396,0.029875631453141857,-1.6333742992535216,-1.7417991699047055,0.10239029895172666,0.08154359201876447,0.093,0.095,0.084,True,999,0.0001206250162795186,0.002796374959871173,strong_5x5_mild_500,strong_null,True,493,2969104037,0.0,0,3
500,500,0.11967177160929054,0.13546514308380653,0.10173796401801383,0.11337598798661475,-0.015793371474515983,-0.011638023968600919,0.03176194082749773,-0.4972420155396472,-0.3664141316743894,0.6190183959923075,0.7140560763336481,0.626,0.626,0.7,True,999,0.00011712498962879181,0.0027221249183639884,strong_5x5_mild_500,strong_null,True,494,2969104037,0.0,0,0
500,500,0.11258461972398681,0.15574719479199273,0.09348410684401642,0.13605449870271968,-0.043162575068005915,-0.04257039185870326,0.03259550791732343,-1.324187835252797,-1.3060202027432901,0.1854406699002077,0.19154568735361133,0.194,0.189,0.202,True,999,0.0001129999291151762,0.002738208044320345,strong_5x5_mild_500,strong_null,True,495,2969104037,0.0,1,0
500,500,0.11034473408094492,0.15528480106139564,0.09192190180453963,0.14114833906273816,-0.04494006698045072,-0.04922643725819853,0.03158108467184218,-1.423005810200036,-1.5587316828952684,0.1547344709411544,0.11905989965252796,0.153,0.151,0.122,True,999,0.00011429202277213335,0.0027905830647796392,strong_5x5_mild_500,strong_null,True,496,2969104037,0.0,0,3
500,500,0.11612182820463812,0.10740490111492962,0.09757809852646915,0.08892961412567502,0.008716927089708504,0.008648484400794132,0.02962557296171369,0.29423657395499947,0.29192631690097315,0.7685771349584449,0.7703429614966762,0.779,0.776,0.773,True,999,0.00012791703920811415,0.0027604169445112348,strong_5x5_mild_500,strong_null,True,497,2969104037,0.0,0,1
500,500,0.15104858194207194,0.10954104378278251,0.13341556739328553,0.09158217462908169,0.041507538159289425,0.041833392764203836,0.03240721228684325,1.2808117462217121,1.2908667488560086,0.20025979723007614,0.19674988721736586,0.202,0.193,0.187,True,999,0.00011495803482830524,0.0027059169951826334,strong_5x5_mild_500,strong_null,True,498,2969104037,0.0,0,0
500,500,0.09344447982089443,0.15190712660367178,0.07490191006814939,0.1332285782117424,-0.05846264678277735,-0.058326668143593,0.03154079078739778,-1.8535567854606956,-1.8492455860332329,0.06380259497361876,0.06442235898945252,0.062,0.062,0.061,True,999,0.00011262507177889347,0.0028372500091791153,strong_5x5_mild_500,strong_null,True,499,2969104037,0.0,1,0
500,500,0.14025816782372724,0.09410943798052696,0.12143021439322865,0.07739542714921299,0.04614872984320029,0.04403478724401566,0.030473310707933618,1.5143982971034922,1.445028000602224,0.12992485092015377,0.14845002079941802,0.125,0.119,0.148,True,999,0.00011312495917081833,0.0027807080186903477,strong_5x5_mild_500,strong_null,True,500,2969104037,0.0,0,1
500,500,0.13187990243044767,0.138294081296095,0.11517454088317436,0.12125015578533294,-0.006414178865647324,-0.006075614902158577,0.03219527804677998,-0.19922731700988802,-0.18871136609942185,0.8420849318336929,0.8503190427933853,0.832,0.831,0.845,True,999,0.00011766597162932158,0.002692457986995578,strong_5x5_mild_500,strong_null,True,501,2969104037,0.0,1,1
500,500,0.09534509265147095,0.1045028318223058,0.0774603910971905,0.08621282605247416,-0.009157739170834844,-0.008752434955283661,0.028413746839093937,-0.32229959753969806,-0.30803522692196833,0.7472257379991518,0.7580555275155025,0.744,0.743,0.757,True,999,0.00011250004172325134,0.0027910000644624233,strong_5x5_mild_500,strong_null,True,502,2969104037,0.0,0,1
500,500,0.13796702538472672,0.11809154393562149,0.11855076324127367,0.09851137428802303,0.019875481449105226,0.020039388953250636,0.03228246147419423,0.6156742869496855,0.6207515795928266,0.5381095111308163,0.534763086359221,0.557,0.55,0.546,True,999,0.00011287489905953407,0.0027708749985322356,strong_5x5_mild_500,strong_null,True,503,2969104037,0.0,0,0
500,500,0.12890005827134488,0.1047344105104181,0.1094630237914771,0.0842324872518816,0.02416564776092678,0.025230536539595505,0.03086674829904354,0.7829022845816122,0.8174018297993935,0.433684495831995,0.4136988303594711,0.416,0.425,0.405,True,999,0.00011395802721381187,0.0027130829403176904,strong_5x5_mild_500,strong_null,True,504,2969104037,0.0,0,0
500,500,0.11198821529412784,0.1457112626029684,0.09540399538173006,0.1268137811032375,-0.03372304730884057,-0.03140978572150743,0.031290157211145,-1.0777525686840914,-1.0038231994027764,0.28114419178820227,0.315463840046036,0.276,0.274,0.311,True,999,0.00011704093776643276,0.002768583013676107,strong_5x5_mild_500,strong_null,True,505,2969104037,0.0,1,0
500,500,0.1005595799334944,0.1435544870744534,0.08271489135506727,0.12604880807316476,-0.04299490714095899,-0.0433339167180975,0.030624736556016198,-1.403927412153124,-1.414997207856294,0.16034046589804396,0.15706931468934693,0.175,0.173,0.169,True,999,0.00011508306488394737,0.002775707980617881,strong_5x5_mild_500,strong_null,True,506,2969104037,0.0,0,1
500,500,0.10956115858787152,0.0806118062799761,0.09080073633674601,0.06283891514323159,0.028949352307895415,0.027961821193514425,0.028305675056226328,1.0227402190688082,0.9878521228683339,0.30643068987210476,0.3232250760865326,0.263,0.271,0.295,True,999,0.00011720892507582903,0.0027318750508129597,strong_5x5_mild_500,strong_null,True,507,2969104037,0.0,0,1
500,500,0.15046247611917285,0.1396482895724811,0.12926304891738027,0.12222350214983635,0.01081418654669175,0.007039546767543925,0.033745304962178174,0.320464922714799,0.20860818343274323,0.7486159169794973,0.834754121671923,0.748,0.75,0.837,True,999,0.00011674989946186543,0.0028510839911177754,strong_5x5_mild_500,strong_null,True,508,2969104037,0.0,0,1
500,500,0.12364916451408159,0.11421055159887383,0.10589475497329204,0.09462913416405172,0.009438612915207756,0.011265620809240318,0.03124663136201251,0.30206817515319645,0.36053873067854214,0.7626000924362362,0.7184442984200106,0.756,0.758,0.706,True,999,0.00011150003410875797,0.0027781249955296516,strong_5x5_mild_500,strong_null,True,509,2969104037,0.0,0,0
500,500,0.12958090241050702,0.12526975390180906,0.11010135415210698,0.10676002447684141,0.0043111485086979595,0.0033413296752655697,0.03152545311253037,0.1367513574922866,0.10598831564255921,0.8912273334112465,0.9155916227328768,0.865,0.865,0.893,True,999,0.00011316698510199785,0.0027636250015348196,strong_5x5_mild_500,strong_null,True,510,2969104037,0.0,0,0
500,500,0.13393425015342064,0.13230071383856368,0.1154672780820647,0.11327529152538318,0.0016335363148569648,0.0021919865566815133,0.03182802922868631,0.05132382853867288,0.06886969158322552,0.9590674806956123,0.9450933438320115,0.956,0.956,0.946,True,999,0.00012474996037781239,0.002801917027682066,strong_5x5_mild_500,strong_null,True,511,2969104037,0.0,0,1
500,500,0.10889609320771398,0.09270643817035817,0.0909381669274012,0.07508502056310817,0.01618965503735581,0.015853146364293025,0.02906236480497302,0.5570659905344493,0.545487143619514,0.5774823429510962,0.5854185203524056,0.592,0.585,0.59,True,999,0.00011625001206994057,0.0027218329487368464,strong_5x5_mild_500,strong_null,True,512,2969104037,0.0,0,1
500,500,0.15286327505786645,0.1352730593481204,0.13546017795408716,0.11869766470647392,0.01759021570974606,0.016762513247613242,0.0336137778421982,0.5233037414694752,0.49867983677127337,0.600762897733599,0.6180049514415232,0.608,0.605,0.623,True,999,0.00011233310215175152,0.0027388749876990914,strong_5x5_mild_500,strong_null,True,513,2969104037,0.0,1,1
500,500,0.13139891722462682,0.10980739381577731,0.11161631800325722,0.09110063874601337,0.02159152340884951,0.020515679257243846,0.031070893073824258,0.6949115803510436,0.6602861143546378,0.4871107149402032,0.5090702391996034,0.486,0.483,0.51,True,999,0.0001275839749723673,0.0027712079463526607,strong_5x5_mild_500,strong_null,True,514,2969104037,0.0,0,0
500,500,0.12647599773645224,0.13431659866230983,0.10801309283567662,0.11554457328793433,-0.007840600925857588,-0.007531480452257711,0.031708814326341,-0.24726881444268575,-0.2375200906203924,0.8047001919988485,0.8122533350230986,0.777,0.779,0.787,True,999,0.00011858309153467417,0.002656541997566819,strong_5x5_mild_500,strong_null,True,515,2969104037,0.0,0,0
500,500,0.1044214028781969,0.1163863391662272,0.08487649880623849,0.09989963575350203,-0.011964936288030303,-0.015023136947263538,0.0295894411374247,-0.4043650649723513,-0.507719523241089,0.6859442859404006,0.6116500548218948,0.654,0.657,0.578,True,999,0.00011262507177889347,0.0027745419647544622,strong_5x5_mild_500,strong_null,True,516,2969104037,0.0,0,2
500,500,0.13910403990512454,0.11920248970064873,0.11948078562920728,0.10260567161913059,0.019901550204475815,0.016875114010076686,0.03240908441810667,0.614073200826278,0.5206908591545618,0.5391669564749211,0.6025821431283758,0.537,0.533,0.612,True,999,0.00011270900722593069,0.002760209026746452,strong_5x5_mild_500,strong_null,True,517,2969104037,0.0,0,1
500,500,0.11174819876722464,0.09825673890166553,0.09223820126163673,0.07985399615449751,0.013491459865559108,0.012384205107139223,0.029478618859088163,0.45766933417234146,0.42010805073118995,0.6471900227467585,0.6744065216899785,0.655,0.658,0.681,True,999,0.00011179095599800348,0.0026862500235438347,strong_5x5_mild_500,strong_null,True,518,2969104037,0.0,0,0
500,500,0.10327246460434614,0.1177512276918029,0.08103262726058347,0.09931249035918199,-0.01447876308745677,-0.018279863098598526,0.030370595981737213,-0.4767362186821524,-0.6018934600292591,0.6335499685753185,0.547245057853758,0.651,0.66,0.568,True,999,0.00011341599747538567,0.002794708008877933,strong_5x5_mild_500,strong_null,True,519,2969104037,0.0,0,0
500,500,0.11770623533112734,0.1507962002804295,0.10107625395585274,0.1351046033269654,-0.033089964949302164,-0.034028349371112654,0.03227304600348854,-1.025312731426879,-1.0543891446575688,0.3052156504257637,0.2917047901488583,0.334,0.334,0.327,True,999,0.00012258300557732582,0.0027938749408349395,strong_5x5_mild_500,strong_null,True,520,2969104037,0.0,1,2
500,500,0.08004369725947469,0.14756873220725553,0.06036407538039157,0.13041025449018662,-0.06752503494778084,-0.07004617910979505,0.03021399782633456,-2.234892427539858,-2.3183353461666933,0.025424411823359916,0.020431102854187873,0.033,0.033,0.03,True,999,0.00011995795648545027,0.002771041006781161,strong_5x5_mild_500,strong_null,True,521,2969104037,0.0,0,3
500,500,0.10233440658618798,0.10799915791321368,0.0849954365851886,0.08916219828262228,-0.005664751327025708,-0.004166761697433685,0.029605754228192,-0.19133953769134052,-0.14074161615061634,0.848259586678627,0.8880740673568587,0.83,0.831,0.89,True,999,0.00011374999303370714,0.002767957979813218,strong_5x5_mild_500,strong_null,True,522,2969104037,0.0,1,0
500,500,0.09721424179209048,0.1356432344592764,0.07924426188111511,0.11713696808482155,-0.03842899266718591,-0.03789270620370644,0.030169061264613325,-1.2737881477360067,-1.2560121069511876,0.20273850672449323,0.20911158059628532,0.194,0.181,0.196,True,999,0.00011720799375325441,0.0027579159941524267,strong_5x5_mild_500,strong_null,True,523,2969104037,0.0,0,0
500,500,0.15361191098688143,0.10320755278174898,0.1348213254982511,0.08454051537449914,0.05040435820513245,0.05028081012375196,0.03221911067553453,1.564424254683318,1.5605896335907408,0.11771796835487147,0.11862060624168798,0.108,0.108,0.114,True,999,0.00012049998622387648,0.0027137920260429382,strong_5x5_mild_500,strong_null,True,524,2969104037,0.0,0,1
500,500,0.13939859527992182,0.09987319151342888,0.12219701672950123,0.08215109532608267,0.03952540376649294,0.04004592140341856,0.02994363111222669,1.3199936780664447,1.3373769284469599,0.18683712872552227,0.1810996315256722,0.17,0.176,0.178,True,999,0.00011308304965496063,0.002764208009466529,strong_5x5_mild_500,strong_null,True,525,2969104037,0.0,2,0
500,500,0.11907914031031908,0.08561282051245678,0.10093593035526283,0.06440545297095923,0.0334663197978623,0.036530477384303595,0.029954669205679373,1.1172321606381526,1.2195253145168252,0.26389507299491466,0.22264487377518394,0.26,0.278,0.239,True,999,0.00011150003410875797,0.0027691249269992113,strong_5x5_mild_500,strong_null,True,526,2969104037,0.0,2,0
500,500,0.10754808894257795,0.12146075783552912,0.08614932018269883,0.1032115587285034,-0.013912668892951174,-0.017062238545804576,0.02985496780254517,-0.46600850434563534,-0.5715041683732782,0.6412094132460371,0.5676579355666194,0.647,0.645,0.562,True,999,0.00012183398939669132,0.002696583978831768,strong_5x5_mild_500,strong_null,True,527,2969104037,0.0,0,1
500,500,0.1291223530107759,0.1294871453245754,0.10785898499034374,0.11408342205561439,-0.00036479231379948907,-0.006224437065270649,0.031150068182482112,-0.011710803060284715,-0.1998209772385375,0.9906563446134297,0.8416205947134435,0.99,0.99,0.85,True,999,0.00011512497439980507,0.00277729204390198,strong_5x5_mild_500,strong_null,True,528,2969104037,0.0,0,2
500,500,0.09711782683697379,0.09385731094104655,0.07750498931864058,0.07592096280433225,0.0032605158959272407,0.0015840265143083343,0.02783925408744204,0.11711936985402281,0.05689902859225204,0.9067654604464536,0.9546256281322133,0.896,0.895,0.949,True,999,0.00014095904771238565,0.002712917048484087,strong_5x5_mild_500,strong_null,True,529,2969104037,0.0,0,0
500,500,0.136632370989742,0.135959782788722,0.1211304309720731,0.11761256720694746,0.0006725882010200079,0.0035178637651256395,0.03260273133988665,0.020629811472180366,0.10790089113858489,0.9835409594071243,0.9140743102241685,0.983,0.983,0.911,True,999,0.00011725001968443394,0.0027192089473828673,strong_5x5_mild_500,strong_null,True,530,2969104037,0.0,2,0
500,500,0.0950401366551683,0.12258566021875184,0.07631149793581926,0.10464988524597629,-0.02754552356358353,-0.02833838731015703,0.029005549790661077,-0.9496639009563738,-0.9769987990119445,0.34228305789266245,0.3285697469408587,0.313,0.308,0.295,True,999,0.00011362507939338684,0.002851499943062663,strong_5x5_mild_500,strong_null,True,531,2969104037,0.0,0,0
500,500,0.11527958122431636,0.10707304294377107,0.09900706873202125,0.08928179988157581,0.008206538280545295,0.009725268850445445,0.029012562829206903,0.28286154273430075,0.3352088854644386,0.7772829755685978,0.7374675197734587,0.755,0.75,0.724,True,999,0.00011366698890924454,0.002696500043384731,strong_5x5_mild_500,strong_null,True,532,2969104037,0.0,1,1
500,500,0.10107791219174012,0.1225737248516785,0.0831583461555283,0.10335528059340504,-0.021495812659938385,-0.020196934437876735,0.02990838829401017,-0.7187218665421502,-0.6752933069924609,0.4723123075450475,0.4994894353787003,0.469,0.468,0.494,True,999,0.00011191691737622023,0.0026915419148281217,strong_5x5_mild_500,strong_null,True,533,2969104037,0.0,0,0
500,500,0.13400784739488092,0.1002222781541573,0.11771593295924276,0.08392977167324034,0.03378556924072362,0.033786161286002425,0.029613251520855623,1.140893603558852,1.140913596138133,0.2539142015726714,0.25390588093159727,0.282,0.271,0.281,True,999,0.00011395802721381187,0.0028717919485643506,strong_5x5_mild_500,strong_null,True,534,2969104037,0.0,2,2
500,500,0.09372962000268115,0.11228846004898296,0.0774411347097157,0.0924253596489848,-0.018558840046301817,-0.014984224939269097,0.029288799296818768,-0.633649739554793,-0.5116025681836887,0.5263094323813937,0.6089291877215048,0.514,0.515,0.602,True,999,0.0001164580462500453,0.0027882499853149056,strong_5x5_mild_500,strong_null,True,535,2969104037,0.0,2,0
500,500,0.11136568908109934,0.11032900797207645,0.09285610846973213,0.09076561185509036,0.0010366811090228856,0.002090496614641779,0.02967989839162816,0.034928728371769066,0.07043476318744567,0.9721365726570217,0.9438476229228474,0.974,0.974,0.959,True,999,0.00011500006075948477,0.0027300840010866523,strong_5x5_mild_500,strong_null,True,536,2969104037,0.0,1,0
500,500,0.12756482913766698,0.08726808605587844,0.10879314312251154,0.06965660312874888,0.040296743081788544,0.03913653999376265,0.029638542298784282,1.3596061059805036,1.320461026700627,0.17395460488083525,0.18668113995165392,0.168,0.164,0.176,True,999,0.00013400008901953697,0.002784417010843754,strong_5x5_mild_500,strong_null,True,537,2969104037,0.0,0,1
500,500,0.13740589270999326,0.13172176041942985,0.11894442954087481,0.11406595699929767,0.005684132290563415,0.004878472541577139,0.032454570188408964,0.17514119760530622,0.1503169665552825,0.8609686875227289,0.8805145476991824,0.878,0.873,0.906,True,999,0.00011420808732509613,0.002695249975658953,strong_5x5_mild_500,strong_null,True,538,2969104037,0.0,0,1
500,500,0.11844351549443166,0.09055249200333004,0.09935289790314528,0.07185004059147104,0.02789102349110162,0.027502857311674234,0.029194178238958892,0.9553625131287906,0.942066499921973,0.3393944043719289,0.346158594470654,0.363,0.36,0.372,True,999,0.00011679192539304495,0.002737291040830314,strong_5x5_mild_500,strong_null,True,539,2969104037,0.0,0,0
500,500,0.13887397149470104,0.11339748072318367,0.12153312107153624,0.09322695677212778,0.02547649077151737,0.028306164299408465,0.031182957573373426,0.8170004628833313,0.9077446946077558,0.41392816352095696,0.3640131242490239,0.389,0.384,0.36,True,999,0.00012945791240781546,0.002779542002826929,strong_5x5_mild_500,strong_null,True,540,2969104037,0.0,2,0
500,500,0.08629581243534556,0.11231359153730636,0.06772606758755728,0.09498195706873958,-0.026017779101960792,-0.027255889481182294,0.028758588631228463,-0.9046959652849071,-0.9477478130336892,0.36562647918698743,0.34325785375455664,0.33,0.339,0.34,True,999,0.00011270807590335608,0.0028220830718055367,strong_5x5_mild_500,strong_null,True,541,2969104037,0.0,1,1
500,500,0.08899154316451918,0.1018124087166401,0.0686403691323676,0.08367574565983205,-0.01282086555212092,-0.01503537652746445,0.028469454545376742,-0.4503375901243934,-0.5281230978099684,0.652467038385012,0.5974139003013337,0.643,0.643,0.596,True,999,0.00011112506035715342,0.0028512499993667006,strong_5x5_mild_500,strong_null,True,542,2969104037,0.0,0,1
500,500,0.08106525524368546,0.09325558403458212,0.06254811632408064,0.07455341162756213,-0.012190328790896654,-0.012005295303481489,0.027292522435487916,-0.44665453036491104,-0.43987488997613666,0.6551245167787543,0.6600277232226197,0.642,0.642,0.65,True,999,0.00011212495155632496,0.0028403750620782375,strong_5x5_mild_500,strong_null,True,543,2969104037,0.0,0,0
500,500,0.08070740934121112,0.09213192839856799,0.061932336822508205,0.07415525149451696,-0.011424519057356863,-0.012222914672008756,0.026872951702684337,-0.4251307851759235,-0.454840793346412,0.6707413371236484,0.6492237801327561,0.677,0.672,0.649,True,999,0.00011216697748750448,0.002842750051058829,strong_5x5_mild_500,strong_null,True,544,2969104037,0.0,1,0
500,500,0.1000406928696036,0.1191861298154635,0.08210535861474,0.10033452658626629,-0.019145436945859906,-0.018229167971526294,0.030675827931286145,-0.6241212784458723,-0.5942518654218439,0.5325479406534785,0.5523436677298654,0.512,0.514,0.532,True,999,0.00011691602412611246,0.002787458011880517,strong_5x5_mild_500,strong_null,True,545,2969104037,0.0,0,0
500,500,0.11356222543565164,0.11534706864242295,0.09424483823516994,0.0967545283998561,-0.0017848432067713027,-0.0025096901646861625,0.030199216804647665,-0.059102301172811046,-0.08310447853402346,0.952870625777032,0.9337684648120721,0.946,0.946,0.919,True,999,0.00011979194823652506,0.0027637919411063194,strong_5x5_mild_500,strong_null,True,546,2969104037,0.0,0,0
500,500,0.12903081936529592,0.08226748701167752,0.11236088478250394,0.06460499987207413,0.0467633323536184,0.04775588491042981,0.029041189609989127,1.6102416251410547,1.6444190321323304,0.10734511748413797,0.10008967647569501,0.114,0.111,0.104,True,999,0.0001237909309566021,0.0028031669789925218,strong_5x5_mild_500,strong_null,True,547,2969104037,0.0,1,1
500,500,0.09769871543902875,0.09850249621016216,0.07975101725901368,0.07999435197393723,-0.0008037807711334111,-0.00024333471492354874,0.0283167420884348,-0.028385354806112862,-0.008593316073000226,0.9773548046674969,0.9931436101644685,0.971,0.971,0.992,True,999,0.00011987506877630949,0.002787292003631592,strong_5x5_mild_500,strong_null,True,548,2969104037,0.0,0,0
500,500,0.08851597265513633,0.11687413079779585,0.06985171518425659,0.10030427510054096,-0.028358158142659518,-0.030452559916284372,0.02856288083226227,-0.9928325615751086,-1.066158560654977,0.3207915588556258,0.28635197111210364,0.318,0.312,0.292,True,999,0.0001448750263080001,0.002698333002626896,strong_5x5_mild_500,strong_null,True,549,2969104037,0.0,0,1
500,500,0.09787599130173041,0.11558813164783488,0.07827882188655622,0.09533556228063844,-0.017712140346104466,-0.017056740394082226,0.029759498428047843,-0.5951760372886884,-0.5731528182614303,0.5517258062190522,0.5665412272863053,0.574,0.572,0.583,True,999,0.00011320807971060276,0.002709166961722076,strong_5x5_mild_500,strong_null,True,550,2969104037,0.0,0,0
500,500,0.08557518425142507,0.09833555635937974,0.06575572771299676,0.07950707079197628,-0.012760372107954665,-0.013751343078979517,0.028313629837558685,-0.45067948479808606,-0.48567927029751734,0.6522205703301311,0.6271945833857342,0.686,0.688,0.665,True,999,0.0001199580729007721,0.0027804579585790634,strong_5x5_mild_500,strong_null,True,551,2969104037,0.0,0,0
500,500,0.10291607457573859,0.1147089676398303,0.0822066473765517,0.09353155236152588,-0.011792893064091703,-0.011324904984974182,0.03088152613440206,-0.38187533261040507,-0.36672102718259847,0.7025538379168272,0.7138271202812241,0.709,0.707,0.715,True,999,0.00011520797852426767,0.002755542052909732,strong_5x5_mild_500,strong_null,True,552,2969104037,0.0,0,0
500,500,0.06966491776433736,0.15279181326359137,0.049735581778691085,0.13511227502567635,-0.083126895499254,-0.08537669324698527,0.030887917730467746,-2.691243101093147,-2.7640805700142734,0.007118630083539938,0.005708344231696308,0.005,0.008,0.007,True,999,0.0001157090300694108,0.002703708945773542,strong_5x5_mild_500,strong_null,True,553,2969104037,0.0,0,1
500,500,0.0890263191009546,0.1010685287268076,0.06697038024350377,0.08204589001758222,-0.012042209625853006,-0.015075509774078455,0.028361964910240792,-0.4245901038226328,-0.5315396807586863,0.6711355084086272,0.5950448514150819,0.673,0.68,0.594,True,999,0.00011241703759878874,0.002837709034793079,strong_5x5_mild_500,strong_null,True,554,2969104037,0.0,0,1
500,500,0.14103199691762436,0.11247900866375349,0.12426152748867025,0.09512305374772723,0.02855298825387087,0.029138473740943027,0.03141572633128819,0.9088756361311244,0.9275123367726451,0.36341577572757444,0.35366058947103995,0.376,0.369,0.371,True,999,0.00011745898518711329,0.0027089579962193966,strong_5x5_mild_500,strong_null,True,555,2969104037,0.0,1,1
500,500,0.140486931164572,0.10521807034091912,0.1219631419309053,0.08736526763925667,0.03526886082365288,0.03459787429164862,0.031350519482028445,1.1249848935954827,1.1035821690763916,0.26059543571665034,0.2697744295338791,0.259,0.25,0.257,True,999,0.00011283392086625099,0.002735583926551044,strong_5x5_mild_500,strong_null,True,556,2969104037,0.0,0,0
500,500,0.12589266920784625,0.12884509906943942,0.10780588032594096,0.10916479580430405,-0.0029524298615931643,-0.0013589154783630875,0.032902673047903244,-0.08973221893840358,-0.041301066219897466,0.9285000121995503,0.9670558830766325,0.924,0.927,0.959,True,999,0.00011250004172325134,0.0027985420310869813,strong_5x5_mild_500,strong_null,True,557,2969104037,0.0,0,0
500,500,0.11563713118812635,0.13954055500036255,0.09823103102138475,0.12115487174355621,-0.023903423812236202,-0.022923840722171462,0.03166219258522044,-0.754951627178026,-0.7240130531222925,0.4502780070749244,0.4690577214469098,0.445,0.439,0.455,True,999,0.00011250004172325134,0.0027009579353034496,strong_5x5_mild_500,strong_null,True,558,2969104037,0.0,1,1
500,500,0.1660547943043582,0.11126955008329453,0.14834889684874497,0.09400845730266383,0.05478524422106368,0.05434043954608114,0.032342711924563734,1.6938976653796067,1.6801448089085724,0.09028473067825846,0.09292914447592329,0.086,0.09,0.099,True,999,0.0001218749675899744,0.0027521250303834677,strong_5x5_mild_500,strong_null,True,559,2969104037,0.0,2,1
500,500,0.17045953655495638,0.11794929407105637,0.15180286055971237,0.09936337105551729,0.052510242483900016,0.05243948950419508,0.03335292574027943,1.5743818965928023,1.5722605540678347,0.11539918652999212,0.11589013713340242,0.127,0.127,0.14,True,999,0.00012466695625334978,0.0028434160631150007,strong_5x5_mild_500,strong_null,True,560,2969104037,0.0,1,1
500,500,0.10640675536396427,0.10077604924811512,0.08733966667114146,0.08248462562903569,0.005630706115849149,0.004855041042105768,0.02948190663355967,0.19098853360588414,0.16467866554394436,0.8485345766587322,0.8691969101261896,0.856,0.851,0.872,True,999,0.00011450005695223808,0.0027436669915914536,strong_5x5_mild_500,strong_null,True,561,2969104037,0.0,0,1
500,500,0.08992804631890872,0.08672104270462067,0.07154169235366226,0.06807125951559101,0.003207003614288051,0.003470432838071247,0.027281332765313016,0.11755304045723204,0.12720906518481184,0.9064218151486912,0.8987749306929769,0.902,0.902,0.897,True,999,0.00011237501166760921,0.002786999917589128,strong_5x5_mild_500,strong_null,True,562,2969104037,0.0,0,1
500,500,0.12053550743571906,0.1468253730273883,0.10219076511788217,0.12935804048549926,-0.026289865591669237,-0.027167275367617094,0.03194568648495775,-0.8229550992447239,-0.8504207721568087,0.4105335275876907,0.395091191481557,0.424,0.421,0.408,True,999,0.00011204194743186235,0.002823999966494739,strong_5x5_mild_500,strong_null,True,563,2969104037,0.0,1,1
500,500,0.08817483342647381,0.08622589155504734,0.06983368762877262,0.06981193014041764,0.0019489418714264684,2.1757488354978705e-05,0.026649069602254022,0.07313358029060886,0.0008164445768545113,0.9416998199880707,0.9993485715497483,0.957,0.957,0.996,True,999,0.00011820800136774778,0.002711332985199988,strong_5x5_mild_500,strong_null,True,564,2969104037,0.0,1,2
500,500,0.1393922729106043,0.10293855039668931,0.12175434195478374,0.08500465854444883,0.03645372251391499,0.03674968341033491,0.030375322717179385,1.2001098014111908,1.2098532664988075,0.23009669944704747,0.2263352025109031,0.206,0.203,0.197,True,999,0.00011354207526892424,0.0027069589123129845,strong_5x5_mild_500,strong_null,True,565,2969104037,0.0,0,0
500,500,0.12756333946527776,0.09717383179931471,0.10638675594452707,0.0775338164949062,0.030389507665963045,0.028852939449620862,0.029893354689148492,1.0165974338435377,0.9651957684125259,0.3093449754676266,0.33444676604557466,0.303,0.302,0.337,True,999,0.00012095796409994364,0.002788415993563831,strong_5x5_mild_500,strong_null,True,566,2969104037,0.0,0,0
500,500,0.1250204638932384,0.14270669428792404,0.10589130548095227,0.12492745970155283,-0.017686230394685643,-0.019036154220600565,0.032700015988918724,-0.5408630503630057,-0.5821451043648259,0.5886019805745448,0.5604689460780575,0.606,0.605,0.573,True,999,0.0001136659411713481,0.0027184580685570836,strong_5x5_mild_500,strong_null,True,567,2969104037,0.0,0,0
500,500,0.09318702804436152,0.09335952265325709,0.07467953898515134,0.074512891625659,-0.0001724946088955681,0.00016664735949234455,0.02745353111840589,-0.006283148355364793,0.006070161203438702,0.9949868059191491,0.9951567418373501,0.997,0.997,0.997,True,999,0.00011470902245491743,0.0028117920737713575,strong_5x5_mild_500,strong_null,True,568,2969104037,0.0,1,0
500,500,0.121994634672143,0.14745187787024983,0.10263917860083893,0.12718918210100583,-0.025457243198106827,-0.024550003500166895,0.032315170546132324,-0.7877799426051213,-0.7597052122971137,0.43082543518278793,0.44743081243271143,0.408,0.403,0.431,True,999,0.00011666701175272465,0.002742249984294176,strong_5x5_mild_500,strong_null,True,569,2969104037,0.0,0,0
500,500,0.1258867422366181,0.08814341599164477,0.10747919044445098,0.06890185540629545,0.03774332624497334,0.038577335038155525,0.029188668154978028,1.2930814809560383,1.3216545144618492,0.19598287942992998,0.18628322150906163,0.181,0.182,0.188,True,999,0.00011699995957314968,0.00270529102999717,strong_5x5_mild_500,strong_null,True,570,2969104037,0.0,1,1
500,500,0.16066031038295647,0.11126726229223216,0.1415180485278711,0.09107177114958631,0.04939304809072431,0.050446277378284776,0.03125292185930837,1.5804297695133132,1.6141299557647553,0.11400847854222522,0.10649924100583603,0.107,0.103,0.098,True,999,0.00011495896615087986,0.0027599590830504894,strong_5x5_mild_500,strong_null,True,571,2969104037,0.0,1,1
500,500,0.10334519565987366,0.128902801745171,0.08693771327875766,0.10848118258559225,-0.025557606085297335,-0.021543469306834595,0.03034212666249703,-0.8423142639136967,-0.7100184356379474,0.39961206896592605,0.4776927039364882,0.388,0.389,0.469,True,999,0.0001135410275310278,0.002789375022985041,strong_5x5_mild_500,strong_null,True,572,2969104037,0.0,1,0
500,500,0.12224423473417678,0.10312134974278553,0.10363739423837615,0.08462458621613678,0.019122884991391254,0.01901280802223937,0.030002253112459517,0.6373816299633105,0.6337126732106535,0.52387629111233,0.526268352692924,0.508,0.511,0.514,True,999,0.00012316694483160973,0.0027024169685319066,strong_5x5_mild_500,strong_null,True,573,2969104037,0.0,0,0
500,500,0.10045941892469723,0.12836575343062773,0.08059075269079585,0.10979928724327692,-0.027906334505930497,-0.02920853455248107,0.030018620443089703,-0.9296341435422142,-0.9730138867592393,0.35256054295538564,0.33054640036118066,0.335,0.34,0.316,True,999,0.0001165829598903656,0.0028842079918831587,strong_5x5_mild_500,strong_null,True,574,2969104037,0.0,0,0
500,500,0.06401658866163529,0.10154312610901672,0.04542433711975491,0.08469006301760373,-0.037526537447381436,-0.039265725897848824,0.026264086408968504,-1.4288156406067525,-1.4950349038008266,0.15305722893294751,0.13490533311633074,0.119,0.111,0.09,True,999,0.00012870796490460634,0.0026746250223368406,strong_5x5_mild_500,strong_null,True,575,2969104037,0.0,0,1
500,500,0.11833857228953715,0.10180671145822018,0.09805515227435535,0.08453669371726846,0.01653186083131697,0.013518458557086888,0.029357304747718353,0.5631259740423488,0.46048023390626625,0.5733491057695141,0.6451715560120796,0.559,0.56,0.647,True,999,0.00011229200754314661,0.00272583297919482,strong_5x5_mild_500,strong_null,True,576,2969104037,0.0,1,1
500,500,0.10973190008548239,0.10595570660413034,0.09082488471557326,0.08767553938389483,0.0037761934813520526,0.0031493453316784326,0.03008092248777168,0.12553449725111085,0.10469576965130262,0.9001004161842159,0.9166172188441188,0.917,0.917,0.933,True,999,0.00011712498962879181,0.002807708107866347,strong_5x5_mild_500,strong_null,True,577,2969104037,0.0,0,0
500,500,0.12208807371750652,0.0951790725758731,0.10371579423326693,0.07538581316038062,0.026909001141633415,0.028329981072886312,0.029878698602632814,0.9006082058494436,0.9481664998083272,0.36779667007230465,0.34304469859541176,0.349,0.353,0.326,True,999,0.00011733302380889654,0.0026927499566227198,strong_5x5_mild_500,strong_null,True,578,2969104037,0.0,0,0
500,500,0.15029397630846097,0.11994645858394937,0.1291439462688686,0.10249062200938397,0.030347517724511608,0.026653324259484634,0.0326326745748561,0.929973350939943,0.816767997313385,0.35238488250797084,0.41406102417323287,0.345,0.347,0.406,True,999,0.00011487503070384264,0.0027240830240771174,strong_5x5_mild_500,strong_null,True,579,2969104037,0.0,0,1
500,500,0.16440492755859104,0.12436720265465173,0.14815465249148474,0.10591668777664154,0.04003772490393931,0.0422379647148432,0.03301093199140285,1.2128626030421217,1.279514456781874,0.2251823556233703,0.20071595203179748,0.183,0.18,0.164,True,999,0.0001117080682888627,0.0028437909204512835,strong_5x5_mild_500,strong_null,True,580,2969104037,0.0,1,1
500,500,0.10621156906837559,0.11512213358483026,0.08873830967070262,0.0962886458352159,-0.008910564516454667,-0.007550336164513283,0.02956256756326286,-0.3014137556687649,-0.2554019081176162,0.7630990062612003,0.7984126971861178,0.738,0.736,0.776,True,999,0.00011695805005729198,0.002715833019465208,strong_5x5_mild_500,strong_null,True,581,2969104037,0.0,1,0
500,500,0.08294495989217254,0.11924031126463275,0.06454248095110415,0.10050291100151298,-0.036295351372460205,-0.03596043005040883,0.029773665655392193,-1.219042082105429,-1.2077931708719976,0.2228282206784331,0.22712682895843395,0.221,0.241,0.25,True,999,0.00011387502308934927,0.002744792029261589,strong_5x5_mild_500,strong_null,True,582,2969104037,0.0,0,1
500,500,0.09891066723084885,0.1107633537860424,0.07983558262810675,0.09179459327509676,-0.011852686555193559,-0.01195901064699001,0.029275678206482456,-0.40486462761327396,-0.40849645096665765,0.6855770204295766,0.6829092355858597,0.685,0.683,0.689,True,999,0.0001278329873457551,0.0028251659823581576,strong_5x5_mild_500,strong_null,True,583,2969104037,0.0,1,0
500,500,0.0836913832605306,0.13565028841631932,0.06340765145193927,0.11987550904058253,-0.051958905155788715,-0.056467857588643255,0.02955662715505017,-1.757944331172131,-1.9104973409997128,0.07875698184902154,0.056069208422930644,0.065,0.068,0.047,True,999,0.00011487503070384264,0.0027149590896442533,strong_5x5_mild_500,strong_null,True,584,2969104037,0.0,0,2
500,500,0.15237557091521436,0.10576423949828473,0.1333803463871277,0.08652985881974473,0.046611331416929636,0.04685048756738297,0.0317459586435124,1.4682603206394311,1.4757937567261756,0.14203352473841693,0.13999926728884293,0.122,0.136,0.134,True,999,0.00011208292562514544,0.0027359999949112535,strong_5x5_mild_500,strong_null,True,585,2969104037,0.0,1,0
500,500,0.14154125022448483,0.09651059869187639,0.12276388868991717,0.07602862681955003,0.045030651532608434,0.04673526187036714,0.030884162757715394,1.4580499360099701,1.5132436076380886,0.1448267793443321,0.13021779112432955,0.169,0.169,0.161,True,999,0.00011241692118346691,0.0028560409555211663,strong_5x5_mild_500,strong_null,True,586,2969104037,0.0,1,0
500,500,0.13062398888485305,0.09800364146660323,0.11383599501630215,0.07938599241708744,0.03262034741824982,0.03445000259921471,0.031026216065917156,1.0513801408765358,1.1103514049545553,0.2930840330235004,0.2668476298862802,0.294,0.296,0.259,True,999,0.00011554197408258915,0.0026877080090343952,strong_5x5_mild_500,strong_null,True,587,2969104037,0.0,1,0
500,500,0.16283255092316162,0.09601013947758352,0.14544142426882445,0.07862773429616254,0.0668224114455781,0.0668136899726619,0.031174432893237715,2.1435004663732973,2.1432207027302486,0.03207293367690286,0.03209538066570455,0.026,0.019,0.023,True,999,0.0001181670231744647,0.0027322500245645642,strong_5x5_mild_500,strong_null,True,588,2969104037,0.0,1,1
500,500,0.11449287746250658,0.14348190865100796,0.0958308370471741,0.1242623527878095,-0.02898903118850138,-0.028431515740635405,0.032730256222711224,-0.8856952109157691,-0.868661569502381,0.3757817896899289,0.3850322673687886,0.367,0.368,0.375,True,999,0.0001139170490205288,0.0027585000498220325,strong_5x5_mild_500,strong_null,True,589,2969104037,0.0,0,0
500,500,0.10553459002818766,0.10891634631116665,0.0871390471934319,0.09018928407385829,-0.003381756282978987,-0.0030502368804263824,0.030105607797590538,-0.11232977941238048,-0.10131789734769958,0.9105619306645104,0.9192981092716312,0.906,0.905,0.921,True,999,0.00011254195123910904,0.00277112505864352,strong_5x5_mild_500,strong_null,True,590,2969104037,0.0,0,1
500,500,0.1186179866766548,0.10950588269062056,0.10036754314262453,0.09067687183562612,0.009112103986034237,0.00969067130699841,0.0298837519686395,0.30491833808541274,0.3242789364992709,0.7604283486705914,0.7457268650533064,0.773,0.77,0.757,True,999,0.00011549994815140963,0.002752708038315177,strong_5x5_mild_500,strong_null,True,591,2969104037,0.0,1,0
500,500,0.1634626220690989,0.08377429369082967,0.1436759941350374,0.06523581953285884,0.07968832837826922,0.07844017460217856,0.030866280431901445,2.581727609003007,2.5412901556193903,0.009830714260778774,0.011044422139018779,0.008,0.009,0.009,True,999,0.00011258409358561039,0.0027242499636486173,strong_5x5_mild_500,strong_null,True,592,2969104037,0.0,0,0
500,500,0.06151726133119606,0.11853290861825783,0.04407393829649209,0.0988944611431748,-0.057015647287061766,-0.05482052284668271,0.027164517966838567,-2.0989014918896904,-2.018092973842038,0.035825585325096276,0.04358157930140367,0.028,0.028,0.03,True,999,0.00011416699271649122,0.002704292070120573,strong_5x5_mild_500,strong_null,True,593,2969104037,0.0,1,0
500,500,0.12532310201501584,0.12225187868663001,0.1065478769269248,0.10478327428626244,0.0030712233283858303,0.0017646026406623605,0.031466936189507674,0.09760160029211544,0.056077993422529296,0.9222486537260501,0.9552796750506541,0.925,0.92,0.947,True,999,0.00011349993292242289,0.0027250839630141854,strong_5x5_mild_500,strong_null,True,594,2969104037,0.0,0,1
500,500,0.14961162766928648,0.11850829677971486,0.12938157380006032,0.09769071830061193,0.031103330889571623,0.03169085549944839,0.03337008629238229,0.9320722343074036,0.9496785600666175,0.35129919614863214,0.3422756070068511,0.339,0.338,0.338,True,999,0.00014958297833800316,0.0027275829343125224,strong_5x5_mild_500,strong_null,True,595,2969104037,0.0,0,0
500,500,0.13327473499036935,0.12755854791729893,0.11569987384598335,0.10998167095891631,0.005716187073070422,0.0057182028870670365,0.03219383765032579,0.17755531773368985,0.17761793263591147,0.8590722181308894,0.8590230402745929,0.858,0.858,0.853,True,999,0.00011374999303370714,0.0027732079615816474,strong_5x5_mild_500,strong_null,True,596,2969104037,0.0,1,1
500,500,0.10525073100916704,0.1624671487709488,0.08738391228934006,0.14398359983545106,-0.05721641776178177,-0.056599687546111,0.030678873028287233,-1.8650104164199834,-1.844907650092742,0.06217994415992029,0.06505097364960935,0.061,0.056,0.057,True,999,0.0001128750154748559,0.002847458003088832,strong_5x5_mild_500,strong_null,True,597,2969104037,0.0,0,1
500,500,0.14162175079524575,0.182810235915716,0.12282180926848696,0.1649476511498733,-0.04118848512047024,-0.04212584188138635,0.0348027139423826,-1.1834848623776744,-1.2104183010304168,0.236617042353787,0.2261184229057146,0.221,0.226,0.217,True,999,0.00011387502308934927,0.0027487919433042407,strong_5x5_mild_500,strong_null,True,598,2969104037,0.0,0,1
500,500,0.10199188343492893,0.14557076923410017,0.08382289648733376,0.12729329481248897,-0.04357888579917124,-0.0434703983251552,0.03048949941135103,-1.4293080122839643,-1.4257498209029786,0.15291572412728874,0.15394056993288577,0.142,0.136,0.14,True,999,0.00011179200373589993,0.0027700000209733844,strong_5x5_mild_500,strong_null,True,599,2969104037,0.0,1,1
500,500,0.10710544175802728,0.11813602627208364,0.08856116003670422,0.09962678133376812,-0.011030584514056363,-0.011065621297063899,0.02995520931243481,-0.3682359351592786,-0.36940557422412706,0.7126973175501261,0.7118254437296261,0.674,0.675,0.668,True,999,0.00011766701936721802,0.002879041014239192,strong_5x5_mild_500,strong_null,True,600,2969104037,0.0,0,0
500,500,0.09635111470226743,0.1369302772002492,0.07799489453213937,0.11659335626893608,-0.04057916249798177,-0.03859846173679671,0.031005246437744598,-1.3087837434048661,-1.244900981977309,0.1906076151722773,0.21316814990367383,0.192,0.195,0.23,True,999,0.00013145909179002047,0.002714291913434863,strong_5x5_mild_500,strong_null,True,601,2969104037,0.0,1,0
500,500,0.09664620900359999,0.11803439531110071,0.08142596492689336,0.09890794393243141,-0.021388186307500723,-0.01748197900553805,0.02897510932956338,-0.7381572253699247,-0.6033447124115298,0.4604189125816607,0.5462793939147393,0.457,0.447,0.544,True,999,0.00011112494394183159,0.0027117080753669143,strong_5x5_mild_500,strong_null,True,602,2969104037,0.0,2,0
500,500,0.1041669881377183,0.13319418512925163,0.0863378277114748,0.11367762460582753,-0.029027196991533333,-0.02733979689435273,0.031079930307369455,-0.9339530914150926,-0.8796608172531877,0.35032809058963865,0.37904308174670787,0.312,0.304,0.341,True,999,0.00011374999303370714,0.002804166986607015,strong_5x5_mild_500,strong_null,True,603,2969104037,0.0,0,0
500,500,0.14769671789440952,0.12998013793496788,0.12738566597948875,0.11161107195152908,0.017716579959441647,0.015774594027959665,0.03330452946977756,0.5319570713502704,0.47364710683795835,0.5947557282054132,0.6357515774546638,0.582,0.585,0.624,True,999,0.00011500006075948477,0.0027518339920789003,strong_5x5_mild_500,strong_null,True,604,2969104037,0.0,0,1
500,500,0.14451986800567096,0.11888852930141058,0.1288640381692403,0.10233288078950409,0.025631338704260376,0.026531157379736214,0.031067499942091844,0.8250209624860648,0.8539843060815602,0.40935968970006964,0.3931136851021546,0.407,0.403,0.385,True,999,0.00011725001968443394,0.0027089999057352543,strong_5x5_mild_500,strong_null,True,605,2969104037,0.0,2,1
500,500,0.06964895255429582,0.12969228767490415,0.05189759724311216,0.1133190276891014,-0.06004333512060833,-0.061421430445989245,0.029605633195082085,-2.028105081386416,-2.0746534972335,0.0425495244224027,0.03801866015392784,0.038,0.035,0.03,True,999,0.00011387502308934927,0.002796042012050748,strong_5x5_mild_500,strong_null,True,606,2969104037,0.0,0,2
500,500,0.14842179698428137,0.12620339475412556,0.13078233422743324,0.10503867241823173,0.02221840223015581,0.025743661809201512,0.03246056846317704,0.6844736023449544,0.7930748914149448,0.4936761529072442,0.42773419065506524,0.471,0.474,0.427,True,999,0.00011487503070384264,0.0027340420056134462,strong_5x5_mild_500,strong_null,True,607,2969104037,0.0,1,0
500,500,0.1012357395331478,0.13304196364673437,0.08370725844071103,0.11770157718189012,-0.03180622411358658,-0.033994318741179086,0.029547488129061033,-1.0764442640490985,-1.1504977544180628,0.2817286150979875,0.24993891857243644,0.261,0.27,0.25,True,999,0.00011500006075948477,0.002739167073741555,strong_5x5_mild_500,strong_null,True,608,2969104037,0.0,1,2
500,500,0.09276595801378107,0.12662022271186602,0.0740336331533058,0.10934834813065208,-0.033854264698084946,-0.035314714977346284,0.02954167150912752,-1.1459833844413632,-1.1954203392463782,0.25180202711509136,0.2319228429406066,0.234,0.223,0.213,True,999,0.00011504197027534246,0.0027912079822272062,strong_5x5_mild_500,strong_null,True,609,2969104037,0.0,0,2
500,500,0.13718432063352481,0.1236923860857333,0.11595134903245707,0.10717814203059106,0.013491934547791518,0.008773207001866012,0.031334878671978636,0.4305724202422633,0.27998215961536477,0.6667792984007286,0.7794911922901923,0.662,0.66,0.779,True,999,0.00011245801579207182,0.002743417047895491,strong_5x5_mild_500,strong_null,True,610,2969104037,0.0,0,2
500,500,0.10374518066964522,0.1277983303840471,0.08514163875116765,0.10917620898669611,-0.024053149714401867,-0.024034570235528463,0.030382244389216762,-0.7916844261492014,-0.7910729019103931,0.4285447054128233,0.4289014510900585,0.402,0.408,0.405,True,999,0.00011408294085413218,0.00282979104667902,strong_5x5_mild_500,strong_null,True,611,2969104037,0.0,0,0
500,500,0.10941250460766061,0.12283658331292724,0.0914687252263775,0.10426176379030494,-0.013424078705266629,-0.012793038563927439,0.030503489203688165,-0.4400833824493602,-0.41939590839924756,0.659876717042083,0.6749268138831039,0.652,0.646,0.663,True,999,0.00011829100549221039,0.0028052079724147916,strong_5x5_mild_500,strong_null,True,612,2969104037,0.0,0,0
500,500,0.12393815016183551,0.11890497481638462,0.10647220667692636,0.10029953290984395,0.005033175345450891,0.006172673767082415,0.030940436858781714,0.16267305366188917,0.1995018297658731,0.8707758644112387,0.8418702121764381,0.866,0.867,0.835,True,999,0.00011350004933774471,0.0026540419785305858,strong_5x5_mild_500,strong_null,True,613,2969104037,0.0,1,0
500,500,0.08966601752298575,0.09306832064318016,0.069868866157492,0.07439387497163352,-0.0034023031201944054,-0.004525008814141529,0.028232987724036682,-0.1205080791820623,-0.1602738207649585,0.9040806800253294,0.8726653802726674,0.886,0.887,0.86,True,999,0.00011291599366813898,0.0027472920482978225,strong_5x5_mild_500,strong_null,True,614,2969104037,0.0,0,0
500,500,0.09943327297076432,0.1273293531952998,0.07954611774084697,0.11021500281731278,-0.02789608022453549,-0.030668885076465813,0.0299657874140906,-0.9309309927033026,-1.0234633468047831,0.35188926137698484,0.3060888214608074,0.325,0.334,0.29,True,999,0.00011895899660885334,0.00275908294133842,strong_5x5_mild_500,strong_null,True,615,2969104037,0.0,0,2
500,500,0.1371629438535904,0.13670656770799106,0.11847574054206689,0.11801011285365348,0.00045637614559934647,0.00046562768841340585,0.032294979124447974,0.014131489103637792,0.01441795910810532,0.9887250782893713,0.9884965315828651,0.99,0.99,0.988,True,999,0.00011858297511935234,0.0026955829234793782,strong_5x5_mild_500,strong_null,True,616,2969104037,0.0,0,0
500,500,0.09383219588545777,0.13455650413323816,0.07450125679838493,0.11335374573002355,-0.040724308247780394,-0.03885248893163862,0.030848356504671836,-1.3201451507347852,-1.259467061908293,0.18678656056091514,0.2078616801242511,0.169,0.18,0.2,True,999,0.00011608400382101536,0.002765958895906806,strong_5x5_mild_500,strong_null,True,617,2969104037,0.0,0,0
500,500,0.10633389010775796,0.08285492843728104,0.0879503885463464,0.06127524320362454,0.023478961670476917,0.026675145342721862,0.028208272364660506,0.8323431285317389,0.9456497369949053,0.405215293231479,0.34432726696414984,0.403,0.401,0.349,True,999,0.00011729192920029163,0.0027776670176535845,strong_5x5_mild_500,strong_null,True,618,2969104037,0.0,1,0
500,500,0.09730564528119356,0.10112309929450847,0.07761563652400127,0.08087950567357893,-0.0038174540133149026,-0.0032638691495776584,0.028465682279365537,-0.13410723747458297,-0.11465978990229936,0.8933177766668623,0.9087147866677895,0.886,0.887,0.903,True,999,0.00011187500786036253,0.002737209084443748,strong_5x5_mild_500,strong_null,True,619,2969104037,0.0,0,0
500,500,0.1168549423748606,0.09222959660622454,0.09914219082827458,0.07341327274372134,0.024625345768636064,0.025728918084553243,0.029384014920423474,0.8380524525094807,0.8756093459056291,0.40200124528277803,0.3812424428989355,0.391,0.391,0.377,True,999,0.00011587503831833601,0.0027852909406647086,strong_5x5_mild_500,strong_null,True,620,2969104037,0.0,0,0
500,500,0.10583102980338288,0.06997694592155346,0.0853955750797013,0.05047928323972428,0.035854083881829424,0.03491629183997702,0.027645556929000944,1.2969202962309474,1.262998315774528,0.19465861228378734,0.206589784993241,0.194,0.193,0.212,True,999,0.0001128750154748559,0.002752083004452288,strong_5x5_mild_500,strong_null,True,621,2969104037,0.0,0,0
500,500,0.08774881911276577,0.07365691244105177,0.07005992146457629,0.053950171990493345,0.014091906671714005,0.016109749474082946,0.0268705727377821,0.5244364089009422,0.5995313025625015,0.5999750385526434,0.5488186424489256,0.584,0.591,0.544,True,999,0.00011604209430515766,0.002754333079792559,strong_5x5_mild_500,strong_null,True,622,2969104037,0.0,1,0
500,500,0.10030114193925543,0.1034840331665432,0.08084428812935585,0.08519697034637375,-0.003182891227287765,-0.0043526822170179,0.028677802231511923,-0.11098797605174641,-0.15177879329382704,0.9116258815413814,0.8793614088321904,0.917,0.916,0.88,True,999,0.0001177079975605011,0.002771583036519587,strong_5x5_mild_500,strong_null,True,623,2969104037,0.0,0,1
500,500,0.1360062163247464,0.12676370417990124,0.11940308077805639,0.10820410146175163,0.009242512144845172,0.011198979316304758,0.03286624054663099,0.28121598306115336,0.3407441535765407,0.7785447464110712,0.7332961959167161,0.784,0.784,0.74,True,999,0.0001514169853180647,0.0027218330651521683,strong_5x5_mild_500,strong_null,True,624,2969104037,0.0,2,0
500,500,0.14996918059829123,0.11100433998022041,0.13045975715624536,0.09330067441368328,0.03896484061807082,0.03715908274256208,0.03283612766704727,1.1866454233936368,1.1316524018711596,0.2353675108704043,0.25778060003890735,0.22,0.214,0.246,True,999,0.00011320807971060276,0.0027491661021485925,strong_5x5_mild_500,strong_null,True,625,2969104037,0.0,0,1
500,500,0.10990916572269405,0.12100704016532648,0.09041597589964567,0.10448631609494896,-0.011097874442632438,-0.014070340195303288,0.02981677290428217,-0.3722024002483047,-0.471893462128578,0.7097421591371682,0.6370028348852115,0.701,0.705,0.638,True,999,0.00011145905591547489,0.0028238340746611357,strong_5x5_mild_500,strong_null,True,626,2969104037,0.0,0,1
500,500,0.12067877502267954,0.10645013600092423,0.10285988858612427,0.08804771829784386,0.014228639021755307,0.014812170288280413,0.030764576898009616,0.462500721818016,0.4814683568503333,0.6437222848175366,0.6301836640192762,0.643,0.643,0.633,True,999,0.00011304207146167755,0.0027500829892233014,strong_5x5_mild_500,strong_null,True,627,2969104037,0.0,0,0
500,500,0.10851469220457832,0.10611252578538788,0.0901337960165165,0.08748225359761364,0.0024021664191904435,0.0026515424189028636,0.02986764802290147,0.08042703654966558,0.08877640505438371,0.9358976244940329,0.9292596096751456,0.943,0.943,0.934,True,999,0.00012025004252791405,0.00273499998729676,strong_5x5_mild_500,strong_null,True,628,2969104037,0.0,0,0
500,500,0.10681087612391882,0.0754694869407373,0.08823734349789447,0.05561851185348132,0.03134138918318152,0.03261883164441315,0.027706923609834497,1.1311753561863138,1.1772808884792674,0.25798129220634936,0.23908341239286912,0.262,0.26,0.239,True,999,0.00011870800517499447,0.0028321249410510063,strong_5x5_mild_500,strong_null,True,629,2969104037,0.0,0,0
500,500,0.10881971787406641,0.0948577148780102,0.09113975035046451,0.0761368172734933,0.013962002996056211,0.015002933076971203,0.02875919479145396,0.48547962129333116,0.5216743092344662,0.6273361649239172,0.6018971150320782,0.622,0.621,0.593,True,999,0.00011899997480213642,0.0027120420709252357,strong_5x5_mild_500,strong_null,True,630,2969104037,0.0,1,0
500,500,0.08079596173732884,0.1605725503370643,0.06216821249580562,0.14109733049468787,-0.07977658859973547,-0.07892911799888225,0.03048950216602447,-2.6165264413084888,-2.5887309530044003,0.008882948412004212,0.009633032578295552,0.01,0.013,0.015,True,999,0.00011866702698171139,0.0026996249798685312,strong_5x5_mild_500,strong_null,True,631,2969104037,0.0,0,0
500,500,0.11011074399258858,0.07779236681330626,0.09043808332313574,0.05805824863631415,0.03231837717928232,0.032379834686821596,0.028164905916817737,1.1474697367969717,1.1496517965461073,0.2511875337768935,0.2502873154295421,0.205,0.205,0.209,True,999,0.0001112909521907568,0.0029243750032037497,strong_5x5_mild_500,strong_null,True,632,2969104037,0.0,0,0
500,500,0.09281791014057128,0.13508678287960119,0.07497523814936358,0.11704402016664517,-0.042268872739029906,-0.04206878201728159,0.029981374401938453,-1.4098377269954976,-1.403163892798778,0.15858760387591142,0.1605679719739842,0.152,0.153,0.16,True,999,0.0001325829653069377,0.002788000041618943,strong_5x5_mild_500,strong_null,True,633,2969104037,0.0,1,1
500,500,0.1079855673556458,0.18810787240549454,0.08939686609107866,0.16931296771394955,-0.08012230504984874,-0.07991610162287088,0.032774101685319836,-2.4446834826822146,-2.438391825050902,0.014497931466680486,0.014752773435207873,0.01,0.01,0.011,True,999,0.00012016703840345144,0.0026964580174535513,strong_5x5_mild_500,strong_null,True,634,2969104037,0.0,0,0
500,500,0.11771808995152089,0.12406488852924635,0.09899714035907436,0.10552865593206207,-0.006346798577725465,-0.006531515572987701,0.032078506944086545,-0.19785205679266984,-0.2036103358666991,0.8431608157055348,0.8386580154913912,0.832,0.835,0.84,True,999,0.00011412508320063353,0.002821125090122223,strong_5x5_mild_500,strong_null,True,635,2969104037,0.0,1,1
500,500,0.08402545660449978,0.11103444450012334,0.06606799336299218,0.09262269219169639,-0.02700898789562356,-0.026554698828704204,0.02909361752268537,-0.9283475275827646,-0.91273279467562,0.3532273277952007,0.36138309156681403,0.333,0.334,0.351,True,999,0.00011679204180836678,0.002787041012197733,strong_5x5_mild_500,strong_null,True,636,2969104037,0.0,0,1
500,500,0.08370494090661906,0.12155431237293413,0.06234218255133328,0.10197356643470812,-0.03784937146631506,-0.03963138388337484,0.029234172797857647,-1.2946961669833448,-1.3556526520319099,0.1954250627473213,0.1752097108985492,0.171,0.181,0.167,True,999,0.00011654198169708252,0.0027394579956308007,strong_5x5_mild_500,strong_null,True,637,2969104037,0.0,0,0
500,500,0.11054580635939704,0.11699369690007844,0.09013334723817934,0.09655425953053509,-0.0064478905406814,-0.0064209122923557516,0.030546370035394062,-0.21108532808350822,-0.2102021380909039,0.832820688788756,0.8335099108883904,0.815,0.817,0.805,True,999,0.0001153749180957675,0.0028673330089077353,strong_5x5_mild_500,strong_null,True,638,2969104037,0.0,1,0
500,500,0.09332958525540924,0.10935742069139542,0.07668804184362443,0.08908639489442294,-0.016027835435986182,-0.012398353050798505,0.02853570924412629,-0.5616764349141,-0.4344855403708091,0.5743364926831729,0.6639358927347098,0.593,0.59,0.69,True,999,0.00011354207526892424,0.0027301249792799354,strong_5x5_mild_500,strong_null,True,639,2969104037,0.0,1,0
500,500,0.09527436689567215,0.06320449376569726,0.0774277513605739,0.043678902579927126,0.03206987312997489,0.03374884878064677,0.025748102761737154,1.2455237353500148,1.3107314776915946,0.21293929634502362,0.18994849996997565,0.193,0.19,0.17,True,999,0.00011999998241662979,0.0027854159707203507,strong_5x5_mild_500,strong_null,True,640,2969104037,0.0,0,0
500,500,0.157123671909281,0.11109775771989838,0.13599624548055544,0.09240560990997437,0.04602591418938262,0.04359063557058107,0.032149334522697574,1.43162883066485,1.3558798717841543,0.15225007407689764,0.1751373927444665,0.149,0.152,0.186,True,999,0.00012216693721711636,0.0027405410073697567,strong_5x5_mild_500,strong_null,True,641,2969104037,0.0,0,0
500,500,0.10587219312418794,0.12353545525076992,0.08577108765882713,0.10684085878875749,-0.01766326212658198,-0.02106977112993036,0.03037036853799907,-0.581595251453136,-0.693760798574706,0.5608393421864518,0.487832230571288,0.565,0.562,0.481,True,999,0.00011370901484042406,0.0027277920162305236,strong_5x5_mild_500,strong_null,True,642,2969104037,0.0,0,1
500,500,0.10567606586743494,0.12885547679457643,0.08790003557601267,0.11145637821812215,-0.023179410927141486,-0.023556342642109485,0.029818496270394217,-0.7773500956235524,-0.7899909649534469,0.43695224678143896,0.42953304488158883,0.398,0.396,0.393,True,999,0.00011291704140603542,0.002787332981824875,strong_5x5_mild_500,strong_null,True,643,2969104037,0.0,0,1
500,500,0.10346553901718725,0.11606527181209891,0.08447151226158667,0.09713832075203754,-0.012599732794911667,-0.012666808490450876,0.030498538721934122,-0.4131257864446507,-0.41532509494761743,0.679514457648956,0.6779039328037899,0.669,0.681,0.676,True,999,0.00011587503831833601,0.002883250010199845,strong_5x5_mild_500,strong_null,True,644,2969104037,0.0,0,0
500,500,0.13213236804212625,0.1615595081861121,0.1135737593914996,0.14241642828767453,-0.02942714014398584,-0.028842668896174928,0.03296437270694641,-0.8926952866840028,-0.8749648947543013,0.37202037513622077,0.38159300711350896,0.363,0.361,0.377,True,999,0.00011583289597183466,0.0027607500087469816,strong_5x5_mild_500,strong_null,True,645,2969104037,0.0,0,0
500,500,0.10593522514654397,0.1537512951370894,0.08753607705898503,0.13831926430361818,-0.04781606999054544,-0.050783187244633154,0.03125219344165612,-1.5300068483132865,-1.6249479365164856,0.12601503380412582,0.10417365280645313,0.135,0.13,0.111,True,999,0.00011987495236098766,0.002884084009565413,strong_5x5_mild_500,strong_null,True,646,2969104037,0.0,1,2
500,500,0.07589005123065962,0.12600938951178242,0.056164720892752484,0.1072240955061261,-0.050119338281122805,-0.05105937461337362,0.029242243482493536,-1.7139361523724324,-1.7460826712540491,0.08654045252624115,0.08079658747547604,0.077,0.084,0.079,True,999,0.00012629199773073196,0.0026754169957712293,strong_5x5_mild_500,strong_null,True,647,2969104037,0.0,0,0
500,500,0.11070673810706855,0.09562557732340493,0.09337172731886767,0.0771297669134583,0.015081160783663616,0.016241960405409372,0.02883523091133708,0.523011618323271,0.5632679153966323,0.6009661681336602,0.5732524624365736,0.604,0.599,0.578,True,999,0.00011308304965496063,0.002788625075481832,strong_5x5_mild_500,strong_null,True,648,2969104037,0.0,1,1
500,500,0.14059978985524646,0.10457137073770273,0.12233751927442427,0.08610664756497499,0.03602841911754373,0.036230871709449275,0.03140612368080232,1.1471781581108302,1.1536244357209926,0.2513079967505252,0.2486541757595332,0.249,0.26,0.257,True,999,0.00011258292943239212,0.0028293330688029528,strong_5x5_mild_500,strong_null,True,649,2969104037,0.0,1,1
500,500,0.09806900272926122,0.11207004188556102,0.07591913402058026,0.09233456951926655,-0.0140010391562998,-0.016415435498686293,0.029329061605607144,-0.4773776721728824,-0.5596986265509423,0.6330932106027319,0.5756850193335835,0.63,0.631,0.579,True,999,0.00011324998922646046,0.002756749978289008,strong_5x5_mild_500,strong_null,True,650,2969104037,0.0,0,0
500,500,0.127796950009607,0.09676840362202654,0.10993450461671728,0.08036792632748302,0.031028546387580458,0.029566578289234258,0.03016597352301002,1.0285942326347428,0.9801300881830134,0.3036703892408986,0.32702190875224146,0.29,0.295,0.327,True,999,0.00011749996338039637,0.0027918340638279915,strong_5x5_mild_500,strong_null,True,651,2969104037,0.0,0,2
500,500,0.11907551239152925,0.13334377448449386,0.10144318143716191,0.11362239213434577,-0.014268262092964612,-0.012179210697183862,0.032022423338321476,-0.445570965764158,-0.38033382322470605,0.6559071872534072,0.7036976313029097,0.635,0.636,0.692,True,999,0.00012937502469867468,0.0028625420527532697,strong_5x5_mild_500,strong_null,True,652,2969104037,0.0,1,0
500,500,0.13995245310950066,0.10987473619053156,0.12146564088516243,0.09137988233800343,0.0300777169189691,0.030085758547159003,0.03172667811697309,0.9480260368915889,0.9482795027022942,0.3431161994138535,0.342987182855614,0.345,0.345,0.348,True,999,0.00011550006456673145,0.0027204579673707485,strong_5x5_mild_500,strong_null,True,653,2969104037,0.0,0,1
500,500,0.15120794085631017,0.14011363702438806,0.1333133838548406,0.12149182300038319,0.011094303831922114,0.011821560854457402,0.03422052147384761,0.32420031472637634,0.34545238778701276,0.7457863838188211,0.7297542985733485,0.754,0.754,0.736,True,999,0.00011799996718764305,0.0027222910430282354,strong_5x5_mild_500,strong_null,True,654,2969104037,0.0,1,0
500,500,0.09865974717317072,0.1038570069203485,0.0787784466372159,0.08347447691483012,-0.005197259747177774,-0.004696030277614227,0.02886915138302024,-0.1800281441675701,-0.16266603113163408,0.8571304733104923,0.8707813939341867,0.849,0.849,0.87,True,999,0.00011304102372378111,0.0028088330291211605,strong_5x5_mild_500,strong_null,True,655,2969104037,0.0,0,0
500,500,0.0986550635105451,0.1248137864717973,0.07888363402645382,0.10597155792106605,-0.026158722961252212,-0.02708792389461223,0.03056679861284336,-0.8557887691340045,-0.8861877960366645,0.3921146284724958,0.37551633882659274,0.363,0.358,0.344,True,999,0.00011487503070384264,0.0027609579265117645,strong_5x5_mild_500,strong_null,True,656,2969104037,0.0,0,0
500,500,0.10755836302394839,0.09140937597966392,0.08987677126992821,0.07251792243027921,0.01614898704428447,0.017358848839649,0.028543347616421258,0.5657706048113923,0.6081574268346257,0.5715497315065006,0.5430830676396051,0.529,0.545,0.52,True,999,0.00011612509842962027,0.002779875067062676,strong_5x5_mild_500,strong_null,True,657,2969104037,0.0,0,0
500,500,0.07671635766351304,0.1026125221904981,0.05662454816979334,0.08297869762714072,-0.025896164526985066,-0.026354149457347376,0.027456022824278628,-0.9431870264940841,-0.9598676991936029,0.3455852480878192,0.3371218046606368,0.331,0.339,0.345,True,999,0.00012612505815923214,0.002860249951481819,strong_5x5_mild_500,strong_null,True,658,2969104037,0.0,1,0
500,500,0.09853425485660194,0.09230498934396503,0.07977333215796989,0.07237328664427878,0.006229265512636917,0.007400045513691111,0.028779036042898786,0.21645149974277839,0.25713319593680656,0.8286358265872822,0.7970759522090212,0.834,0.833,0.807,True,999,0.00011958298273384571,0.0027962919557467103,strong_5x5_mild_500,strong_null,True,659,2969104037,0.0,0,0
500,500,0.14108433578476132,0.09447623140740846,0.12430656601276269,0.07589864470588736,0.046608104377352855,0.04840792130687532,0.03110295575873342,1.49851045472634,1.5563768820679633,0.13400067841076888,0.11961849913881262,0.135,0.134,0.125,True,999,0.00012079102452844381,0.0028632080648094416,strong_5x5_mild_500,strong_null,True,660,2969104037,0.0,1,1
500,500,0.12412105966526155,0.15703661928236134,0.10534921178850709,0.1382123245862772,-0.0329155596170998,-0.0328631127977701,0.03295487374193261,-0.9988070315443878,-0.9972155577083657,0.3178881791122784,0.31865989092565716,0.315,0.323,0.322,True,999,0.00011875003110617399,0.00273183302488178,strong_5x5_mild_500,strong_null,True,661,2969104037,0.0,0,0
500,500,0.1148966370457476,0.08231217587700623,0.09624635271637771,0.06293084585888664,0.03258446116874136,0.03331550685749107,0.028726521651175452,1.1342988742045645,1.1597473325186882,0.25666920125222337,0.24615169291851735,0.256,0.273,0.276,True,999,0.00011699995957314968,0.0027299169450998306,strong_5x5_mild_500,strong_null,True,662,2969104037,0.0,1,0
500,500,0.10950322496011589,0.10567494983654835,0.09126501184186964,0.08999918868101986,0.003828275123567537,0.0012658231608497772,0.02932905399156173,0.13052842156685215,0.04315935867600665,0.8961483693338763,0.9655745019592791,0.87,0.871,0.964,True,999,0.00011445803102105856,0.0028167079435661435,strong_5x5_mild_500,strong_null,True,663,2969104037,0.0,1,2
500,500,0.08764625830657002,0.08073068371894121,0.06797675753114163,0.06140382092917207,0.006915574587628814,0.006572936601969559,0.026703041922953925,0.25898077857879515,0.2461493571007528,0.7956500711425856,0.8055666167322109,0.812,0.811,0.815,True,999,0.0001580000389367342,0.00278550002258271,strong_5x5_mild_500,strong_null,True,664,2969104037,0.0,0,0
500,500,0.13232790361162805,0.0965058013562703,0.11417099532059183,0.07718104306752593,0.03582210225535776,0.036989952253065894,0.029616130484221962,1.2095470160911816,1.2489799189928728,0.22645275965241607,0.21167241866884778,0.212,0.206,0.192,True,999,0.00011733407154679298,0.0028152919840067625,strong_5x5_mild_500,strong_null,True,665,2969104037,0.0,1,0
500,500,0.07840970317355478,0.12574839003796057,0.061446214428031,0.10469422103619763,-0.04733868686440579,-0.043248006608166634,0.028913264853771922,-1.637265355670484,-1.495784264658187,0.10157503640324103,0.13470988315058088,0.096,0.1,0.138,True,999,0.00011783302761614323,0.0028337499825283885,strong_5x5_mild_500,strong_null,True,666,2969104037,0.0,1,0
500,500,0.09692747189598472,0.12138903342170304,0.07841198451365017,0.10229782886921157,-0.024461561525718323,-0.023885844355561403,0.030613893544174223,-0.7990346438757158,-0.7802288957820865,0.42427032413843446,0.4352561568392884,0.424,0.422,0.438,True,999,0.00012454204261302948,0.0027309159049764276,strong_5x5_mild_500,strong_null,True,667,2969104037,0.0,0,1
500,500,0.14800205383122877,0.10579311308323303,0.12793581728033132,0.08930725973107201,0.04220894074799575,0.03862855754925931,0.030552344737899688,1.3815286882265452,1.2643401964936987,0.16711646326578866,0.20610794787480458,0.17,0.18,0.229,True,999,0.00011650007218122482,0.0027357919607311487,strong_5x5_mild_500,strong_null,True,668,2969104037,0.0,0,2
500,500,0.08586300702290639,0.11119657955134543,0.06708761064726332,0.09188912453282683,-0.02533357252843904,-0.02480151388556351,0.029274769931566972,-0.8653722159955171,-0.8471975678558638,0.3868345255653678,0.3968850089485476,0.359,0.356,0.372,True,999,0.0001129580195993185,0.002759916940703988,strong_5x5_mild_500,strong_null,True,669,2969104037,0.0,0,0
500,500,0.12778714890162268,0.09799708410189845,0.10965149324613321,0.08054626866112358,0.029790064799724236,0.029105224585009637,0.02975119684584964,1.001306433286566,0.9782875201899611,0.3166786836328973,0.3279321404922355,0.305,0.311,0.327,True,999,0.00011500006075948477,0.0027272499864920974,strong_5x5_mild_500,strong_null,True,670,2969104037,0.0,1,1
500,500,0.09198813106769155,0.10419184854410879,0.07418856636797955,0.08435698932908053,-0.012203717476417242,-0.010168422961100987,0.02852173157434833,-0.42787435414310304,-0.3565149238781207,0.6687425995153832,0.721454977725933,0.656,0.659,0.726,True,999,0.00011358293704688549,0.0027169169625267386,strong_5x5_mild_500,strong_null,True,671,2969104037,0.0,0,1
500,500,0.11879357051317396,0.07996410019825273,0.10355406616906748,0.06125599704245133,0.03882947031492123,0.042298069126616156,0.02784786973334052,1.3943425722231502,1.5188978378470117,0.16321418092141515,0.1287882133565004,0.17,0.159,0.134,True,999,0.0001127920113503933,0.002778458991087973,strong_5x5_mild_500,strong_null,True,672,2969104037,0.0,2,0
500,500,0.12873065063588363,0.13433037472599763,0.11006069393181406,0.11648646123512663,-0.005599724090114,-0.006425767303312568,0.03244199468749176,-0.17260726857442626,-0.19806942714869713,0.862960138163127,0.8429907445304579,0.874,0.874,0.852,True,999,0.00011420901864767075,0.0027071249205619097,strong_5x5_mild_500,strong_null,True,673,2969104037,0.0,0,1
500,500,0.08790896015401417,0.10351150377171203,0.07007809063907189,0.08503971880190875,-0.015602543617697862,-0.01496162816283686,0.028833321259441682,-0.5411289069790631,-0.5189006159995379,0.5884187349530484,0.6038300481928449,0.545,0.551,0.564,True,999,0.00011720799375325441,0.002749416045844555,strong_5x5_mild_500,strong_null,True,674,2969104037,0.0,0,1
500,500,0.08576646951134359,0.1348638893270624,0.06796906246972867,0.11791976157519457,-0.0490974198157188,-0.0499506991054659,0.029841472264059643,-1.6452747163835666,-1.6738684560689499,0.09991317141962973,0.09415645480797982,0.071,0.084,0.083,True,999,0.00012516602873802185,0.0027045420138165355,strong_5x5_mild_500,strong_null,True,675,2969104037,0.0,0,1
500,500,0.07856064853727962,0.13693154790098472,0.060941643462172124,0.11763797647620322,-0.0583708993637051,-0.0566963330140311,0.029605490157645884,-1.9716241498751301,-1.9150614535388384,0.04865252822579081,0.05548466690355165,0.045,0.044,0.051,True,999,0.00011549994815140963,0.002670833026058972,strong_5x5_mild_500,strong_null,True,676,2969104037,0.0,1,0
500,500,0.1365346097347564,0.1248289164612657,0.11798907889925658,0.10608245287886575,0.011705693273490692,0.011906626020390831,0.0315071177287404,0.3715253605318808,0.3779027368641136,0.7102462704964607,0.705502849231906,0.731,0.728,0.729,True,999,0.00011366698890924454,0.002763250027783215,strong_5x5_mild_500,strong_null,True,677,2969104037,0.0,0,0
500,500,0.13231135108671954,0.16680784480541222,0.11287868423545433,0.15006236900012482,-0.03449649371869268,-0.03718368476467049,0.03423601001240503,-1.0076084714951672,-1.0860986648618633,0.31364246041182897,0.2774353430022152,0.288,0.29,0.258,True,999,0.00011812499724328518,0.002693750080652535,strong_5x5_mild_500,strong_null,True,678,2969104037,0.0,0,1
500,500,0.11840946863560609,0.10377317995221014,0.09881831036449285,0.08436892579186406,0.014636288683395948,0.014449384572628787,0.030067951410199894,0.48677372407988223,0.4805576667164345,0.6264186930464325,0.630830908805303,0.619,0.63,0.634,True,999,0.00011158303823322058,0.002733041997998953,strong_5x5_mild_500,strong_null,True,679,2969104037,0.0,0,0
500,500,0.10780373207967209,0.08253512376261773,0.09029012744201736,0.06489210845745674,0.025268608317054353,0.025398018984560622,0.02743532042687921,0.9210247201012435,0.9257416567177184,0.3570375210078458,0.3545802538490186,0.334,0.331,0.327,True,999,0.00011100003030151129,0.0027750839944928885,strong_5x5_mild_500,strong_null,True,680,2969104037,0.0,1,0
500,500,0.09915044960760477,0.11578157744201456,0.08088302631171018,0.09818708615011928,-0.016631127834409787,-0.017304059838409103,0.02903459391423016,-0.5728038726334208,-0.5959807769148168,0.5667774966836504,0.551188068683099,0.551,0.546,0.534,True,999,0.0001157920341938734,0.0028350420761853456,strong_5x5_mild_500,strong_null,True,681,2969104037,0.0,1,1
500,500,0.08569964936042762,0.09881389231285376,0.06707871089014361,0.0814367327214427,-0.013114242952426136,-0.014358021831299084,0.027205046746929924,-0.48205184407213236,-0.5277705259932839,0.6297691176685611,0.5976586164745434,0.636,0.635,0.617,True,999,0.00011595804244279861,0.002725624945014715,strong_5x5_mild_500,strong_null,True,682,2969104037,0.0,1,1
500,500,0.12490380663913148,0.09367538829838695,0.10522083633850343,0.074978710103494,0.031228418340744524,0.030242126235009437,0.03030786070462884,1.0303735603475006,0.9978311082309625,0.3028346798023195,0.31836126273996634,0.308,0.305,0.324,True,999,0.00011479202657938004,0.002777499961666763,strong_5x5_mild_500,strong_null,True,683,2969104037,0.0,0,0
500,500,0.09628919864609597,0.09753404706988911,0.07843933870049113,0.07712188213878335,-0.0012448484237931323,0.001317456561707786,0.028888495931101193,-0.043091493124532504,0.04560488593279166,0.9656286005053013,0.9636251748148547,0.96,0.959,0.968,True,999,0.00011337501928210258,0.0027666670503094792,strong_5x5_mild_500,strong_null,True,684,2969104037,0.0,1,0
500,500,0.12664443933805247,0.08632875849120913,0.1062546936048534,0.07005670722992363,0.04031568084684334,0.03619798637492977,0.0292060933454707,1.3803859478897242,1.239398434660669,0.1674678444400055,0.2151979808600647,0.157,0.163,0.202,True,999,0.00011849997099488974,0.0027409580070525408,strong_5x5_mild_500,strong_null,True,685,2969104037,0.0,1,1
500,500,0.1439527460201777,0.10529220543217255,0.12474476567217607,0.08452441665247079,0.038660540588005166,0.04022034901970528,0.031633534057498226,1.2221378906869655,1.2714465903999015,0.22165548640087063,0.20356981676629815,0.221,0.223,0.208,True,999,0.00011745805386453867,0.0028219999512657523,strong_5x5_mild_500,strong_null,True,686,2969104037,0.0,0,0
500,500,0.09803687577560816,0.12720301110909094,0.0785874826322015,0.10749587991307408,-0.02916613533348278,-0.028908397280872578,0.030046874582271652,-0.9706878249058046,-0.9621099592810627,0.33170375652852546,0.33599437185899583,0.332,0.334,0.334,True,999,0.00011920800898224115,0.0027386670699343085,strong_5x5_mild_500,strong_null,True,687,2969104037,0.0,0,0
500,500,0.10542810203028596,0.11321481530964062,0.08648340749090266,0.09580321798756586,-0.007786713279354651,-0.009319810496663194,0.03004311928323959,-0.2591845808666975,-0.3102144756940241,0.7954928274042135,0.7563978631564555,0.809,0.81,0.771,True,999,0.00012454099487513304,0.0027367090806365013,strong_5x5_mild_500,strong_null,True,688,2969104037,0.0,0,1
500,500,0.110626675664933,0.12536629893182116,0.09023216666361122,0.10744409503973884,-0.014739623266888158,-0.017211928376127617,0.030936295061708197,-0.47645082378116826,-0.5563668287296596,0.6337532338283276,0.5779601104684244,0.625,0.629,0.585,True,999,0.00011945795267820358,0.0028615000192075968,strong_5x5_mild_500,strong_null,True,689,2969104037,0.0,0,0
500,500,0.11089487684700927,0.1133472917687417,0.09346905304062147,0.09277173439090802,-0.0024524149217324265,0.000697318649713452,0.03029718999295329,-0.0809452930223174,0.02301595131019209,0.9354854594966269,0.9816375490141989,0.936,0.936,0.974,True,999,0.0001168340677395463,0.002780584036372602,strong_5x5_mild_500,strong_null,True,690,2969104037,0.0,1,1
500,500,0.14687750022402857,0.13384753198811639,0.12939606817008098,0.11257655216240892,0.013029968235912182,0.016819516007672064,0.032642755902066195,0.39916875508318894,0.5152602941410176,0.6897688638695594,0.6063711410436686,0.69,0.688,0.59,True,999,0.00011399993672966957,0.002742583048529923,strong_5x5_mild_500,strong_null,True,691,2969104037,0.0,0,0
500,500,0.11869353883486022,0.11394895655475801,0.09917464001773624,0.0945153838697479,0.004744582280102216,0.004659256147988344,0.030097921195675465,0.15763820528521844,0.15480325427451103,0.8747418964849468,0.8769764256004791,0.869,0.874,0.872,True,999,0.00011999998241662979,0.0028424999909475446,strong_5x5_mild_500,strong_null,True,692,2969104037,0.0,0,0
500,500,0.10986083824814119,0.10710178443246698,0.0903958006559833,0.08725041347622664,0.002759053815674206,0.0031453871797566535,0.030587876578211815,0.0902008940901612,0.10283117141897839,0.928127573843908,0.9180969651823565,0.933,0.931,0.921,True,999,0.00011829100549221039,0.0028184170369058847,strong_5x5_mild_500,strong_null,True,693,2969104037,0.0,0,0
500,500,0.12403529249837764,0.11185756516251111,0.10446791292258695,0.09160482257016156,0.012177727335866528,0.012863090352425388,0.03123174558001323,0.38991504028067103,0.4118594754645135,0.6965993718893246,0.6804424251567979,0.683,0.685,0.669,True,999,0.00011816609185189009,0.002855750033631921,strong_5x5_mild_500,strong_null,True,694,2969104037,0.0,0,0
500,500,0.1117704610701653,0.14632583041105462,0.09219424435616475,0.1292251391641912,-0.03455536934088932,-0.03703089480802646,0.03175573506255522,-1.0881615328008984,-1.1661167576527443,0.2765238032083829,0.24356724221389459,0.263,0.26,0.23,True,999,0.00013050006236881018,0.0029056669445708394,strong_5x5_mild_500,strong_null,True,695,2969104037,0.0,0,2
500,500,0.10220858287277479,0.13792662125311983,0.0835260251286627,0.11923924073056469,-0.03571803838034504,-0.03571321560190199,0.031342031954436564,-1.1396210185820144,-1.1394671428393677,0.25444422479723716,0.2545083651505363,0.244,0.249,0.25,True,999,0.00011454103514552116,0.002748124999925494,strong_5x5_mild_500,strong_null,True,696,2969104037,0.0,0,1
500,500,0.10527033346395265,0.1264560343528558,0.08475321019602688,0.10765676613192454,-0.021185700888903147,-0.022903555935897657,0.03137177988017653,-0.6753107719683494,-0.7300687440552314,0.49947834154176796,0.4653481655210512,0.482,0.483,0.453,True,999,0.00011416699271649122,0.00281370896846056,strong_5x5_mild_500,strong_null,True,697,2969104037,0.0,0,0
500,500,0.10361855099018202,0.11249286993107988,0.08571883380091094,0.09292711959136568,-0.008874318940897852,-0.007208285790454738,0.029947883346956725,-0.29632541432346843,-0.24069433244894875,0.7669815792006686,0.8097920319064604,0.778,0.779,0.815,True,999,0.00011941709090024233,0.002774041029624641,strong_5x5_mild_500,strong_null,True,698,2969104037,0.0,0,0
500,500,0.09497010208846013,0.10111930599511676,0.07736612201904336,0.08079633063880465,-0.006149203906656631,-0.003430208619761288,0.028880226286187624,-0.21292090462592997,-0.11877360605729857,0.8313886566997404,0.9054547199504758,0.827,0.825,0.896,True,999,0.00013291602954268456,0.0026582080172374845,strong_5x5_mild_500,strong_null,True,699,2969104037,0.0,0,0
500,500,0.15221203118237958,0.10991260597363728,0.13450703921807872,0.09117166248807962,0.0422994252087423,0.0433353767299991,0.031785017797375574,1.3307975939606012,1.3633900413790931,0.18325561985926186,0.1727596179687152,0.171,0.178,0.161,True,999,0.00011383404489606619,0.0027560419403016567,strong_5x5_mild_500,strong_null,True,700,2969104037,0.0,1,0
500,500,0.14906993710854333,0.13272780913357485,0.12879675069814311,0.11477636757314258,0.01634212797496848,0.014020383125000535,0.03334599622830569,0.4900776651889768,0.4204517696520147,0.6240789420713246,0.6741554558351399,0.628,0.638,0.694,True,999,0.00011216697748750448,0.0027586660580709577,strong_5x5_mild_500,strong_null,True,701,2969104037,0.0,0,1
500,500,0.07994212384833621,0.14079070484720146,0.06169284030607969,0.1223597163194654,-0.060848580998865254,-0.06066687601338572,0.029547423518830628,-2.059353194030144,-2.0532035889600526,0.03946041612802634,0.04005283649668162,0.045,0.043,0.044,True,999,0.00011274998541921377,0.002717167022638023,strong_5x5_mild_500,strong_null,True,702,2969104037,0.0,0,1
500,500,0.12646330438688003,0.07957224655485218,0.10820999236636908,0.06069584748524903,0.04689105783202785,0.047514144881120046,0.029360781421061827,1.5970643682661236,1.618286114382364,0.11025135975575252,0.1056009517579481,0.104,0.104,0.099,True,999,0.00011575000826269388,0.0027450830675661564,strong_5x5_mild_500,strong_null,True,703,2969104037,0.0,0,0
500,500,0.15564731844892576,0.0949890563095872,0.13802435293433746,0.07636112418288121,0.06065826213933856,0.061663228751456245,0.0314316177109486,1.9298485587717433,1.96182167009422,0.05362560479909358,0.049783249833783544,0.048,0.049,0.043,True,999,0.00011212495155632496,0.002714000060223043,strong_5x5_mild_500,strong_null,True,704,2969104037,0.0,1,0
500,500,0.09380515757496788,0.09748408707196599,0.07606418814145854,0.07928576243961061,-0.003678929496998107,-0.0032215742981520634,0.02858192869429702,-0.12871522899475177,-0.1127136776740636,0.8975829846593205,0.9102575571402055,0.891,0.894,0.9,True,999,0.00011345802340656519,0.0027162079932168126,strong_5x5_mild_500,strong_null,True,705,2969104037,0.0,0,0
500,500,0.11038509427470067,0.0722995213898584,0.09244342899381763,0.0518250428169722,0.03808557288484227,0.040618386176845434,0.028224387447280216,1.349385277394649,1.439123745474219,0.1772132472171627,0.15011546537933948,0.165,0.164,0.145,True,999,0.0001283750170841813,0.0027206249069422483,strong_5x5_mild_500,strong_null,True,706,2969104037,0.0,0,0
500,500,0.10167121077568342,0.1034328748760085,0.08356022504267457,0.08367289735474515,-0.0017616641003250777,-0.00011267231207057193,0.028926467076612745,-0.060901460785351,-0.00389512869899236,0.9514376860689276,0.9968921448074799,0.958,0.958,0.996,True,999,0.00011150003410875797,0.0027354999911040068,strong_5x5_mild_500,strong_null,True,707,2969104037,0.0,0,0
500,500,0.08641348710496188,0.08243707006694523,0.06707141241474801,0.0649447977333466,0.003976417038016655,0.0021266146814014064,0.02641952934154757,0.1505105176784247,0.08049404112801793,0.8803618533540846,0.9358443353492037,0.879,0.876,0.935,True,999,0.00011562497820705175,0.0027002919232472777,strong_5x5_mild_500,strong_null,True,708,2969104037,0.0,0,1
500,500,0.09847335465446716,0.12593706126004522,0.07910326490707575,0.10709977892236111,-0.027463706605578064,-0.027996514015285356,0.030543517532995727,-0.8991664622749954,-0.9166106682061462,0.3685640012563237,0.35934669205952907,0.341,0.354,0.352,True,999,0.0001127920113503933,0.002796374959871173,strong_5x5_mild_500,strong_null,True,709,2969104037,0.0,0,0
500,500,0.11633582991927205,0.1549391686087136,0.0974773665155908,0.1345863451437026,-0.038603338689441546,-0.0371089786281118,0.033576538829032,-1.1497116747502014,-1.1052055965942944,0.25026264421482114,0.2690705123644146,0.226,0.229,0.251,True,999,0.00011475000064820051,0.002733041997998953,strong_5x5_mild_500,strong_null,True,710,2969104037,0.0,0,0
500,500,0.11286082059076463,0.11275025504677183,0.09219990707970283,0.09620418276972487,0.00011056554399280216,-0.004004275690022041,0.02997855446761056,0.003688154614401419,-0.1335713399506418,0.9970572850466892,0.8937415484716587,0.995,0.995,0.888,True,999,0.00011583289597183466,0.0027469160268083215,strong_5x5_mild_500,strong_null,True,711,2969104037,0.0,0,1
500,500,0.11937357836482398,0.12588381515248281,0.1016379812432433,0.10617255679977688,-0.00651023678765883,-0.004534575556533582,0.03116584432408154,-0.20889011444584654,-0.14549824190162436,0.8345340214609156,0.8843175037396123,0.825,0.819,0.853,True,999,0.0001462909858673811,0.002834875020198524,strong_5x5_mild_500,strong_null,True,712,2969104037,0.0,0,0
500,500,0.1486196422551458,0.1078190964305602,0.1283451544979357,0.08872216237273278,0.04080054582458559,0.03962299212520293,0.03224311812523088,1.2654032301131057,1.228882143820859,0.20572681790128555,0.21911599721726405,0.208,0.214,0.225,True,999,0.00011266698129475117,0.0027231249259784818,strong_5x5_mild_500,strong_null,True,713,2969104037,0.0,0,0
500,500,0.14716696338375646,0.13723902570011126,0.12944156070057034,0.1190724080373684,0.009927937683645194,0.01036915266320193,0.03285208203478606,0.3022011716984271,0.3156315222950665,0.7624987110893561,0.7522822085395784,0.774,0.773,0.764,True,999,0.00011108303442597389,0.002764665987342596,strong_5x5_mild_500,strong_null,True,714,2969104037,0.0,1,1
500,500,0.1015646277721809,0.13766150313718528,0.08374924424225583,0.12209039383185427,-0.03609687536500439,-0.038341149589598444,0.031142938576438954,-1.1590709488254045,-1.231134611638905,0.24642726641966028,0.21827252230990024,0.232,0.233,0.216,True,999,0.00011450005695223808,0.002794041996821761,strong_5x5_mild_500,strong_null,True,715,2969104037,0.0,0,2
500,500,0.1450945857285244,0.08510196113189772,0.12687481467753514,0.06707620726331243,0.05999262459662669,0.059798607414222715,0.03015259565487433,1.989633837275583,1.98319932713839,0.04663128588056884,0.04734516903709901,0.037,0.038,0.036,True,999,0.00011120806448161602,0.0027747920248657465,strong_5x5_mild_500,strong_null,True,716,2969104037,0.0,1,0
500,500,0.15649367261753433,0.15327367810230696,0.13996073658597652,0.13260060062424373,0.0032199945152273646,0.007360135961732794,0.03417193579555359,0.09422921003048199,0.21538539712141466,0.9249270817514966,0.8294668542491996,0.908,0.908,0.814,True,999,0.00011554104276001453,0.0028140839422121644,strong_5x5_mild_500,strong_null,True,717,2969104037,0.0,1,0
500,500,0.09548352539476546,0.10616849149960983,0.0765562312138286,0.08829652342643612,-0.010684966104844373,-0.011740292212607528,0.02925326639579603,-0.365257197616055,-0.4013326940575333,0.7149194257235496,0.6881751957981417,0.721,0.717,0.695,True,999,0.0001181670231744647,0.0028287500608712435,strong_5x5_mild_500,strong_null,True,718,2969104037,0.0,0,0
500,500,0.12923749000000528,0.10615930274955687,0.11056964173832284,0.08810255061860062,0.023078187250448412,0.022467091119722227,0.0298451280094324,0.7732648103621692,0.7527892362405555,0.43936567709941987,0.4515765759261282,0.428,0.42,0.438,True,999,0.00011495791841298342,0.0026699169538915157,strong_5x5_mild_500,strong_null,True,719,2969104037,0.0,0,1
500,500,0.12844611639920456,0.11759237381726118,0.10895538687543649,0.10259879794818971,0.010853742581943382,0.006356588927246776,0.030876875498765215,0.35151686842075164,0.20586891725819148,0.7252006197521467,0.8368933057935921,0.7,0.701,0.812,True,999,0.00011158303823322058,0.0027672499418258667,strong_5x5_mild_500,strong_null,True,720,2969104037,0.0,0,3
500,500,0.11463811204559993,0.11205750213712962,0.0958323445527185,0.09316972078698882,0.0025806099084703105,0.002662623765729677,0.03067500156028416,0.08412745809967628,0.08680109634214511,0.932955093617039,0.9308296161599322,0.922,0.923,0.929,True,999,0.000122333993203938,0.0028024999191984534,strong_5x5_mild_500,strong_null,True,721,2969104037,0.0,0,0
500,500,0.1253083226160392,0.12168965107186913,0.10706172752071552,0.1013665945463913,0.00361867154417006,0.005695132974324224,0.03183753943485263,0.11366052805603098,0.17888106541580748,0.9095069037310382,0.8580310905864307,0.914,0.915,0.86,True,999,0.00011366698890924454,0.0027410410111770034,strong_5x5_mild_500,strong_null,True,722,2969104037,0.0,1,0
500,500,0.10206891994042466,0.09992989235869554,0.08362948723123509,0.08177608025408745,0.002139027581729125,0.0018534069771476425,0.029341993189551323,0.07289987315827039,0.06316568084432793,0.9418857948817133,0.9496345729033231,0.933,0.933,0.95,True,999,0.00011658400762826204,0.0027911249781027436,strong_5x5_mild_500,strong_null,True,723,2969104037,0.0,1,0
500,500,0.09574834773811225,0.1139205213552168,0.07827051503909388,0.09371003726545268,-0.018172173617104548,-0.015439522226358804,0.02879818258167757,-0.6310180708648723,-0.536128354022659,0.528028708804685,0.5918698452502241,0.517,0.513,0.576,True,999,0.00011262495536357164,0.002703959005884826,strong_5x5_mild_500,strong_null,True,724,2969104037,0.0,0,0
500,500,0.07605113604345315,0.10600774242941724,0.05727664099077856,0.08838341469731859,-0.02995660638596409,-0.031106773706540025,0.027299310108642588,-1.0973393198123436,-1.1394710555960916,0.27249308856635723,0.2545067340484658,0.244,0.238,0.219,True,999,0.00011141702998429537,0.002745250007137656,strong_5x5_mild_500,strong_null,True,725,2969104037,0.0,1,0
500,500,0.12896420171683043,0.11917282972324172,0.11154931176037053,0.10169010286563207,0.009791371993588704,0.009859208894738458,0.031008272384580874,0.3157664468420223,0.3179541501848079,0.7521797875740646,0.7505197163040296,0.76,0.758,0.749,True,999,0.00011537503451108932,0.002815416897647083,strong_5x5_mild_500,strong_null,True,726,2969104037,0.0,1,1
500,500,0.11282367086308531,0.14683354810743232,0.09448243468381179,0.12848074851535785,-0.03400987724434701,-0.033998313831546056,0.031470582338446206,-1.0806878906336175,-1.0803204550178227,0.2798359714476921,0.2799995040090816,0.261,0.264,0.275,True,999,0.00012624997179955244,0.002806791919283569,strong_5x5_mild_500,strong_null,True,727,2969104037,0.0,1,1
500,500,0.12858521007813106,0.10723069664108398,0.11049053471936077,0.09077276027852577,0.021354513437047085,0.019717774440835,0.030676807170194182,0.6961126468792127,0.6427583656748,0.4863582869629456,0.5203809024309629,0.458,0.456,0.498,True,999,0.00011687492951750755,0.002786500030197203,strong_5x5_mild_500,strong_null,True,728,2969104037,0.0,1,1
500,500,0.12641431857025154,0.1288982203946385,0.10588525292700979,0.10958167067258273,-0.002483901824386958,-0.003696417745572944,0.03192996746563385,-0.07779218150035311,-0.11576641127340297,0.9379933658615982,0.9078376714065943,0.939,0.939,0.908,True,999,0.00015029206406325102,0.0026927910512313247,strong_5x5_mild_500,strong_null,True,729,2969104037,0.0,0,0
500,500,0.14571010992969735,0.12611998113667555,0.12711373518783375,0.10951906771583708,0.0195901287930218,0.017594667471996672,0.0325990202101212,0.6009422573669728,0.5397299476667694,0.547878446397588,0.5893832838208175,0.566,0.566,0.602,True,999,0.00011395907495170832,0.0027915840037167072,strong_5x5_mild_500,strong_null,True,730,2969104037,0.0,1,2
500,500,0.08346283903743856,0.11887865221368843,0.06278557525843098,0.10344893206536199,-0.035415813176249866,-0.040663356806931006,0.02906868538532478,-1.2183493235689775,-1.3988715439969555,0.22309125395609974,0.16185150718204877,0.216,0.209,0.143,True,999,0.00011066603474318981,0.0027909170603379607,strong_5x5_mild_500,strong_null,True,731,2969104037,0.0,0,2
500,500,0.1369160098186626,0.09200877651072736,0.1175710477319285,0.07413839696221203,0.044907233307935224,0.043432650769716474,0.02994264439627479,1.4997751271935822,1.4505282230556762,0.1336726623328913,0.14691127474261612,0.119,0.123,0.137,True,999,0.0001106249401345849,0.0027782500255852938,strong_5x5_mild_500,strong_null,True,732,2969104037,0.0,0,0
500,500,0.16839438941073925,0.11430695320819506,0.15280299616085813,0.09297911719284002,0.05408743620254419,0.05982387896801811,0.032360526716704106,1.6714016022064597,1.848668270814571,0.09464237967175869,0.06450572796487881,0.092,0.091,0.067,True,999,0.00016420800238847733,0.0027026250027120113,strong_5x5_mild_500,strong_null,True,733,2969104037,0.0,2,0
500,500,0.1506514998472186,0.11252575542930265,0.13219017331800842,0.096413104320618,0.03812574441791594,0.035777068997390415,0.03173686685514682,1.2013077595822295,1.1273031191353533,0.22963184155592398,0.2596143440822458,0.223,0.225,0.259,True,999,0.00011500006075948477,0.002709166961722076,strong_5x5_mild_500,strong_null,True,734,2969104037,0.0,1,2
500,500,0.0961882641013756,0.1430100013391442,0.07693205889540877,0.12343099194754359,-0.04682173723776861,-0.04649893305213482,0.03181937894038197,-1.4714849502718343,-1.461340057556027,0.14116001458974803,0.14392214194228026,0.147,0.153,0.159,True,999,0.00011254206765443087,0.00286904105450958,strong_5x5_mild_500,strong_null,True,735,2969104037,0.0,1,0
500,500,0.12199190407314608,0.09775493904812094,0.10268423248339786,0.07749615664869225,0.024236965025025148,0.025188075834705614,0.030005961362174247,0.807738326810567,0.8394357218115298,0.4192412350715248,0.4012248452933702,0.402,0.398,0.384,True,999,0.00011633301619440317,0.002697375020943582,strong_5x5_mild_500,strong_null,True,736,2969104037,0.0,0,0
500,500,0.10967197284110952,0.09450393089491937,0.09059786936472847,0.07563114308499053,0.015168041946190147,0.01496672627973794,0.02915356887973643,0.5202807933656758,0.5133754409787119,0.6028678806126361,0.6076887214432518,0.628,0.632,0.625,True,999,0.00011133297812193632,0.002730957930907607,strong_5x5_mild_500,strong_null,True,737,2969104037,0.0,1,0
500,500,0.11527852060785948,0.12147410173614293,0.09588354027664536,0.10182738771266031,-0.006195581128283445,-0.0059438474360149485,0.03072250582354714,-0.20166262361108797,-0.19346883584799618,0.8401804842580836,0.8465918103466638,0.857,0.858,0.862,True,999,0.00013695796951651573,0.002826708019711077,strong_5x5_mild_500,strong_null,True,738,2969104037,0.0,0,0
500,500,0.08364381765132722,0.11654245420560616,0.06558894619746525,0.09976577332258785,-0.03289863655427894,-0.0341768271251226,0.028767222335424114,-1.143615333127501,-1.1880475190347826,0.25278319992354426,0.23481468882981005,0.268,0.262,0.248,True,999,0.0001163750421255827,0.0027705830289050937,strong_5x5_mild_500,strong_null,True,739,2969104037,0.0,1,1
500,500,0.11082656591533802,0.1267141098585588,0.09040653846011537,0.10535013504636481,-0.015887543943220783,-0.014943596586249441,0.03137577947026171,-0.5063633226476226,-0.47627809853817776,0.6126016174224148,0.6338762664131625,0.592,0.593,0.613,True,999,0.00011312507558614016,0.0028111670399084687,strong_5x5_mild_500,strong_null,True,740,2969104037,0.0,0,0
500,500,0.12533395844754014,0.12598620184681475,0.10743111731625277,0.10645077395668068,-0.0006522433992746102,0.000980343359572089,0.031746967697407584,-0.02054506135802921,0.030879905410687223,0.9836085658859426,0.9753653154394065,0.988,0.987,0.97,True,999,0.00011849997099488974,0.002861333079636097,strong_5x5_mild_500,strong_null,True,741,2969104037,0.0,0,0
500,500,0.10875885669469643,0.07822862365419536,0.09112134917279491,0.05887549678902815,0.030530233040501065,0.03224585238376676,0.028060801242921627,1.088002896859631,1.1491422538014953,0.2765938286826376,0.25049732763168,0.271,0.277,0.26,True,999,0.00012945907656103373,0.0026945419376716018,strong_5x5_mild_500,strong_null,True,742,2969104037,0.0,0,0
500,500,0.12476970530276477,0.10219976238052886,0.10716311757357744,0.08279786931564104,0.022569942922235908,0.0243652482579364,0.03002730014582212,0.7516474279282215,0.8114365307440564,0.45226311348730786,0.417115027676329,0.442,0.446,0.411,True,999,0.0001152919139713049,0.0028024580096825957,strong_5x5_mild_500,strong_null,True,743,2969104037,0.0,1,0
500,500,0.10566181159377575,0.13597808068718842,0.08755359680287711,0.11862105202089879,-0.030316269093412673,-0.031067455218021678,0.03177475280474462,-0.9540992900780595,-0.9777402646979104,0.3400333854261909,0.3282028019568717,0.331,0.331,0.317,True,999,0.0001235000090673566,0.0027552080573514104,strong_5x5_mild_500,strong_null,True,744,2969104037,0.0,0,1
500,500,0.11408627941371541,0.09651808606615242,0.09295734042359527,0.07773915551604205,0.017568193347562988,0.015218184907553223,0.030046750531591195,0.5846952844066038,0.5064835510766065,0.5587526253839172,0.6125172340978065,0.548,0.552,0.62,True,999,0.00011437502689659595,0.0027170830871909857,strong_5x5_mild_500,strong_null,True,745,2969104037,0.0,0,0
500,500,0.14927273464805357,0.11392397930676079,0.13133314356218762,0.09642070318898277,0.03534875534129278,0.034912440373204845,0.03161269292172336,1.1181823525385939,1.1043804607108934,0.26348911980154965,0.2694281330600973,0.26,0.268,0.268,True,999,0.00011424999684095383,0.0026695410488173366,strong_5x5_mild_500,strong_null,True,746,2969104037,0.0,0,0
500,500,0.0860212654380581,0.11573879125361919,0.06826737038335295,0.09621534018134525,-0.029717525815561086,-0.0279479697979923,0.028918786089616705,-1.027620098695331,-0.9664295628241126,0.30412856610995587,0.33382927709292787,0.276,0.278,0.315,True,999,0.00011604197788983583,0.0027228749822825193,strong_5x5_mild_500,strong_null,True,747,2969104037,0.0,0,0
500,500,0.12578783563568185,0.10094840484939549,0.10805905136965066,0.08306425391606354,0.024839430786286365,0.024994797453587125,0.03107865738761377,0.799244010977964,0.8042431544532765,0.42414893687056143,0.42125656037213455,0.399,0.398,0.399,True,999,0.00011270795948803425,0.0027072079246863723,strong_5x5_mild_500,strong_null,True,748,2969104037,0.0,0,0
500,500,0.1445993851810774,0.14298700459884595,0.12497455195966722,0.12570542822516018,0.001612380582231454,-0.0007308762654929524,0.0324745623054079,0.049650571640281936,-0.02250611597531036,0.9604008459567898,0.9820442333940034,0.956,0.956,0.985,True,999,0.00011291704140603542,0.0027866660384461284,strong_5x5_mild_500,strong_null,True,749,2969104037,0.0,0,1
500,500,0.1589996634483657,0.11244641096093733,0.14069850082330504,0.09401035980101824,0.046553252487428365,0.0466881410222868,0.03217067551057175,1.4470710281520291,1.4512639315560658,0.14787703134190255,0.146706380708298,0.152,0.146,0.15,True,999,0.00011216592974960804,0.0028012500843033195,strong_5x5_mild_500,strong_null,True,750,2969104037,0.0,1,0
500,500,0.09966701965852343,0.10168085346661582,0.08119173563909499,0.07864026921572531,-0.002013833808092391,0.002551466423369675,0.028528985141580466,-0.07058904472410643,0.08943418108662267,0.9437248297061501,0.9287368597214704,0.952,0.951,0.946,True,999,0.00011191703379154205,0.002832125057466328,strong_5x5_mild_500,strong_null,True,751,2969104037,0.0,0,0
500,500,0.07864847549543752,0.10712405328192687,0.05792331505938364,0.09008745483697567,-0.028475577786489348,-0.03216413977759203,0.02766644012053027,-1.0292461792133005,-1.1625687886647973,0.30336400718337453,0.24500450018402586,0.316,0.316,0.259,True,999,0.00011608295608311892,0.0029036670457571745,strong_5x5_mild_500,strong_null,True,752,2969104037,0.0,0,1
500,500,0.07267674066392205,0.14684712250294485,0.05325875601943153,0.12740964164316892,-0.0741703818390228,-0.0741508856237374,0.029217803994853807,-2.5385337601719344,-2.537866488419107,0.011131806218050346,0.011153052378648378,0.015,0.013,0.014,True,999,0.00011237501166760921,0.002787208999507129,strong_5x5_mild_500,strong_null,True,753,2969104037,0.0,1,1
500,500,0.14515890320263303,0.11667384289853944,0.12614106288236826,0.09793513772433471,0.02848506030409359,0.02820592515803355,0.03171826728109544,0.8980648296974,0.8892643758899372,0.3691509879304866,0.37386101226977675,0.386,0.382,0.374,True,999,0.0001254579983651638,0.002712917048484087,strong_5x5_mild_500,strong_null,True,754,2969104037,0.0,0,0
500,500,0.09819161974763513,0.1366088075716846,0.08010172235333357,0.11800084374294784,-0.03841718782404946,-0.037899121389614265,0.02992786696261825,-1.283659402523905,-1.2663488994037766,0.19926115517048182,0.2053881972408601,0.192,0.191,0.203,True,999,0.00012025004252791405,0.002818124950863421,strong_5x5_mild_500,strong_null,True,755,2969104037,0.0,1,1
500,500,0.12934419265167874,0.13796833543727693,0.11103317691151915,0.11953607107932385,-0.008624142785598199,-0.008502894167804698,0.03220348268733633,-0.26780155641332387,-0.26403647861193497,0.7888520726279494,0.791751809972205,0.8,0.8,0.791,True,999,0.00013158307410776615,0.0028053750284016132,strong_5x5_mild_500,strong_null,True,756,2969104037,0.0,1,0
500,500,0.10368630901226616,0.12937192757322613,0.08391527935350496,0.1090222529651328,-0.025685618560959966,-0.025106973611627836,0.03127221382974801,-0.8213559391988506,-0.8028524538849428,0.4114435530348076,0.42206002003904164,0.421,0.427,0.437,True,999,0.000116499955765903,0.0027361250249668956,strong_5x5_mild_500,strong_null,True,757,2969104037,0.0,0,0
500,500,0.10362217651380867,0.08311214846360859,0.08405840129478293,0.06449118459812553,0.02051002805020008,0.019567216696657397,0.028310898537174348,0.7244569798188801,0.691154915869737,0.4687852292673206,0.4894681925968518,0.442,0.445,0.468,True,999,0.00012491701636463404,0.0027377079240977764,strong_5x5_mild_500,strong_null,True,758,2969104037,0.0,0,0
500,500,0.14075976947910895,0.11248361013354613,0.12135153054464354,0.09696612843526964,0.028276159345562824,0.0243854021093739,0.03078861313482795,0.9183966559889296,0.7920266496768325,0.35841124078237263,0.42834513738651614,0.348,0.344,0.418,True,999,0.00011462497059255838,0.002701791003346443,strong_5x5_mild_500,strong_null,True,759,2969104037,0.0,0,2
500,500,0.1129653862931077,0.09109281457502472,0.09368385684337,0.07477149466672017,0.02187257171808299,0.018912362176649822,0.029189207077228017,0.749337645939238,0.6479231219475062,0.45365372302769424,0.5170346749901833,0.445,0.454,0.523,True,999,0.00014062493573874235,0.002695125062018633,strong_5x5_mild_500,strong_null,True,760,2969104037,0.0,1,1
500,500,0.1557052222317915,0.09401209745296324,0.13548244004431353,0.07364062833767093,0.06169312477882827,0.0618418117066426,0.03192375796413624,1.9325144880541791,1.9371720514895796,0.05329603558424543,0.05272431544169714,0.061,0.064,0.065,True,999,0.00011354195885360241,0.0028086249949410558,strong_5x5_mild_500,strong_null,True,761,2969104037,0.0,1,0
500,500,0.11667123888152886,0.11242053994502754,0.0991020061336485,0.09204963541179723,0.004250698936501318,0.0070523707218512754,0.031098118654163374,0.13668669104303646,0.2267780504756391,0.8912784497971695,0.8205963322512173,0.885,0.888,0.805,True,999,0.00011125009041279554,0.0028408750658854842,strong_5x5_mild_500,strong_null,True,762,2969104037,0.0,2,0
500,500,0.11836806428718671,0.1368288097697592,0.10007456717505647,0.11807278067624338,-0.018460745482572483,-0.01799821350118691,0.031090669587948688,-0.593771241573009,-0.5788943673366027,0.552665126316813,0.5626604510774198,0.55,0.563,0.565,True,999,0.00011170899961143732,0.002789209014736116,strong_5x5_mild_500,strong_null,True,763,2969104037,0.0,1,0
500,500,0.1647129125888922,0.10406175846781018,0.14485970764553713,0.08454930163935614,0.06065115412108202,0.06031040600618098,0.032276701791093335,1.8791001172808348,1.868543025137205,0.06023082414144647,0.06168641883863281,0.049,0.047,0.049,True,999,0.00011533393990248442,0.0027480419958010316,strong_5x5_mild_500,strong_null,True,764,2969104037,0.0,0,0
500,500,0.07626248461507168,0.09757951655412023,0.0575545387585521,0.07994847722636678,-0.021317031939048547,-0.022393938467814678,0.026908861594349427,-0.7921937486766403,-0.8322142647802375,0.42824771307220366,0.40528801351793164,0.419,0.414,0.399,True,999,0.00011779193300753832,0.002662208047695458,strong_5x5_mild_500,strong_null,True,765,2969104037,0.0,0,0
500,500,0.16256578760790708,0.1568719468698856,0.1430454236405012,0.13948008110111232,0.005693840738021483,0.003565342539388894,0.03486297977311329,0.16332054159101556,0.10226729219911732,0.8702660611936183,0.9185445162018047,0.865,0.863,0.919,True,999,0.00011212506797164679,0.002800457994453609,strong_5x5_mild_500,strong_null,True,766,2969104037,0.0,0,1
500,500,0.10443427351576828,0.13702435107823285,0.08557876877193848,0.11899791940237492,-0.03259007756246457,-0.033419150630436434,0.03140746674821515,-1.0376538109147764,-1.0640511346664279,0.2994312559874669,0.2873055356186299,0.282,0.286,0.275,True,999,0.0001176249934360385,0.002746791928075254,strong_5x5_mild_500,strong_null,True,767,2969104037,0.0,0,0
500,500,0.12738070990762695,0.10990079082284598,0.10984943408971048,0.0904520790535912,0.01747991908478097,0.01939735503611928,0.03135245826798039,0.5575294586272633,0.6186868943520577,0.5771657376765611,0.5361226453295457,0.574,0.567,0.535,True,999,0.0001134589547291398,0.002773667103610933,strong_5x5_mild_500,strong_null,True,768,2969104037,0.0,1,0
500,500,0.09827368311267837,0.12333307100416002,0.08260847383985492,0.1035569937835703,-0.025059387891481655,-0.020948519943715382,0.030275704300457413,-0.8277061911687073,-0.6919251072021761,0.4078369120534239,0.48898436249863375,0.397,0.398,0.482,True,999,0.00011862500105053186,0.0028311669593676925,strong_5x5_mild_500,strong_null,True,769,2969104037,0.0,2,0
500,500,0.09464517828445174,0.1206781291017136,0.07417352655329523,0.10127688015603553,-0.02603295081726187,-0.0271033536027403,0.029891229019425307,-0.8709227312247324,-0.9067326601099854,0.3837963442929484,0.3645481878225887,0.355,0.356,0.341,True,999,0.00012474996037781239,0.002846041927114129,strong_5x5_mild_500,strong_null,True,770,2969104037,0.0,0,0
500,500,0.12044821277621387,0.10272577129815952,0.10175400457649175,0.08392075375581953,0.01772244147805435,0.01783325082067222,0.03090349109125122,0.5734770038027055,0.5770626615619106,0.566321765162495,0.5638971264437509,0.564,0.565,0.559,True,999,0.00012616708409041166,0.002777832909487188,strong_5x5_mild_500,strong_null,True,771,2969104037,0.0,0,0
500,500,0.10270764709320201,0.13478020136908997,0.08248717857469501,0.11645014463755388,-0.032072554275887954,-0.03396296606285887,0.030689026783467417,-1.0450821559830585,-1.1066811046988028,0.2959850004143132,0.2684318275993388,0.277,0.284,0.27,True,999,0.00012012489605695009,0.0028413330437615514,strong_5x5_mild_500,strong_null,True,772,2969104037,0.0,0,1
500,500,0.10972084111927494,0.11774462485165293,0.08941424458731717,0.10023413628113076,-0.008023783732377998,-0.010819891693813588,0.029610010276036262,-0.27098213264963783,-0.36541330424901125,0.7864047743797035,0.7148029115365957,0.783,0.785,0.716,True,999,0.00011862500105053186,0.0027562080649659038,strong_5x5_mild_500,strong_null,True,773,2969104037,0.0,0,1
500,500,0.14857349632161432,0.1214745437361302,0.12798420188568116,0.10419872210400172,0.027098952585484115,0.02378547978167944,0.03338344321918109,0.8117482791563544,0.712493304705401,0.41693608526641246,0.4761593559711259,0.408,0.427,0.492,True,999,0.00011583301238715649,0.0027339590014889836,strong_5x5_mild_500,strong_null,True,774,2969104037,0.0,0,2
500,500,0.14599863095220877,0.10870685499984734,0.12749434004302884,0.08749830134729564,0.03729177595236144,0.039996038695733205,0.03227989777287417,1.1552631366664028,1.2390385798973365,0.24798268681141877,0.2153312109869988,0.237,0.244,0.216,True,999,0.0001159169478341937,0.002790750004351139,strong_5x5_mild_500,strong_null,True,775,2969104037,0.0,0,0
500,500,0.08499532524205411,0.10748251455990043,0.067031136658386,0.08809752218979838,-0.022487189317846323,-0.02106638553141238,0.028371027313833355,-0.7926110348102148,-0.7425316432281842,0.42800447759221383,0.45776528713963294,0.41,0.406,0.441,True,999,0.00012395810335874557,0.002753125037997961,strong_5x5_mild_500,strong_null,True,776,2969104037,0.0,0,1
500,500,0.13169033914016126,0.09322265628781579,0.11254191438507632,0.07592112666458206,0.038467682852345475,0.03662078772049426,0.029055321654077846,1.3239462054603215,1.2603814253542989,0.1855209112273899,0.20753179903506613,0.183,0.177,0.221,True,999,0.00011391600128263235,0.0027561249444261193,strong_5x5_mild_500,strong_null,True,777,2969104037,0.0,1,1
500,500,0.12613297883988506,0.17407531577287516,0.1059480969353217,0.15573796727051104,-0.047942336932990104,-0.049789870335189335,0.03382969537156916,-1.4171672669947055,-1.4717800378726815,0.1564340294512307,0.14108028587414426,0.147,0.143,0.132,True,999,0.00014474999625235796,0.0028107919497415423,strong_5x5_mild_500,strong_null,True,778,2969104037,0.0,0,1
500,500,0.09527966044291758,0.1310775794040484,0.07628376011297178,0.11477637664262375,-0.035797918961130826,-0.03849261652965197,0.029788290935454178,-1.201744639821681,-1.2922062770589453,0.22946248011200376,0.1962857184732678,0.204,0.202,0.175,True,999,0.00011029106099158525,0.0027101660380139947,strong_5x5_mild_500,strong_null,True,779,2969104037,0.0,0,1
500,500,0.10209859182815295,0.13074954819655504,0.08412289298735232,0.11337492041502628,-0.028650956368402092,-0.029252027427673966,0.030458728110415483,-0.9406484822524412,-0.960382433620763,0.3468850278970198,0.3368627757532092,0.329,0.323,0.32,True,999,0.00011662498582154512,0.0026969999307766557,strong_5x5_mild_500,strong_null,True,780,2969104037,0.0,0,1
500,500,0.14425264422471074,0.09312263668465282,0.12684131581443125,0.07434714015005284,0.05113000754005792,0.05249417566437842,0.03045369818750644,1.6789424793417664,1.7237373057671543,0.09316325459296615,0.0847552770945112,0.087,0.088,0.08,True,999,0.00013699999544769526,0.002764583914540708,strong_5x5_mild_500,strong_null,True,781,2969104037,0.0,1,0
500,500,0.16341888959823136,0.11924347384770861,0.14324474820409705,0.09913289462758712,0.04417541575052275,0.04411185357650993,0.03229193271776601,1.3680016038872402,1.366033243102881,0.1713115740669413,0.17192852954078164,0.17,0.167,0.169,True,999,0.00010920793283730745,0.0026967079611495137,strong_5x5_mild_500,strong_null,True,782,2969104037,0.0,0,0
500,500,0.14769009607322914,0.0950877742821874,0.1303376023517444,0.0774402462557191,0.05260232179104174,0.052897356096025305,0.03106165947461801,1.693480730932153,1.7029790742265494,0.09036399959806594,0.08857198453234125,0.084,0.075,0.076,True,999,0.00013058306649327278,0.0026437080232426524,strong_5x5_mild_500,strong_null,True,783,2969104037,0.0,1,0
500,500,0.1637285102387086,0.09531266776560332,0.14680055722101315,0.07634802104439586,0.06841584247310528,0.07045253617661729,0.03160836239123075,2.1644855126087204,2.228920793320291,0.0304271072759688,0.02581917534720719,0.045,0.041,0.036,True,999,0.0001206250162795186,0.002815334009937942,strong_5x5_mild_500,strong_null,True,784,2969104037,0.0,1,0
500,500,0.08408521594092133,0.12020905017412065,0.06512712570531676,0.1026219073712582,-0.036123834233199315,-0.037494781665941446,0.028621309406248865,-1.2621307334496874,-1.3100302691866097,0.20690174795949245,0.1901855959237555,0.206,0.202,0.186,True,999,0.00011600006837397814,0.0027015419909730554,strong_5x5_mild_500,strong_null,True,785,2969104037,0.0,0,1
500,500,0.12787100903495552,0.09452760625793788,0.10877432683321331,0.07400567278733661,0.03334340277701764,0.0347686540458767,0.02970401359012374,1.1225217991451484,1.1705035732086018,0.2616406442177893,0.24179837703938745,0.257,0.256,0.234,True,999,0.00011233403347432613,0.0028391670202836394,strong_5x5_mild_500,strong_null,True,786,2969104037,0.0,1,0
500,500,0.1099012481499273,0.07080930458559309,0.092146425488977,0.052107804141655834,0.03909194356433421,0.04003862134732117,0.027081908651979257,1.4434707710853019,1.4784268665050306,0.14888790048557266,0.13929355868877263,0.143,0.13,0.127,True,999,0.00011866691056638956,0.002784208976663649,strong_5x5_mild_500,strong_null,True,787,2969104037,0.0,0,0
500,500,0.14023465309052874,0.11386671225603562,0.12292981019209037,0.09640098523192364,0.02636794083449312,0.02652882496016673,0.031061612386217068,0.848891567721492,0.854071083957584,0.3959416313593712,0.393065604505489,0.382,0.38,0.385,True,999,0.00011370808351784945,0.0028208750300109386,strong_5x5_mild_500,strong_null,True,788,2969104037,0.0,1,1
500,500,0.15186704466953982,0.08784968304278229,0.13254328172803298,0.06897857800692009,0.06401736162675753,0.06356470372111289,0.031361551426114374,2.0412689652033946,2.0268354348115367,0.04122410005911108,0.04267924527912006,0.043,0.041,0.042,True,999,0.00011879205703735352,0.0028145411051809788,strong_5x5_mild_500,strong_null,True,789,2969104037,0.0,0,0
500,500,0.07888396021359523,0.14837981328545502,0.058904485845346244,0.12935711668706062,-0.06949585307185979,-0.07045263084171438,0.030172816790992485,-2.3032603668811737,-2.3349702922912607,0.021264198136703806,0.01954497272634533,0.019,0.019,0.017,True,999,0.0001205001026391983,0.0027624580543488264,strong_5x5_mild_500,strong_null,True,790,2969104037,0.0,0,0
500,500,0.10495613844891283,0.12931501144193125,0.08557923585067329,0.11033528013922478,-0.02435887299301842,-0.024756044288551493,0.03057025096277081,-0.7968162584822495,-0.8098083433695066,0.4255577511875509,0.41805033660210955,0.424,0.424,0.429,True,999,0.00011999998241662979,0.002745874924585223,strong_5x5_mild_500,strong_null,True,791,2969104037,0.0,0,1
500,500,0.1508619998951386,0.13442962968757421,0.13234699024178553,0.11336584806593919,0.016432370207564384,0.018981142175846344,0.033106160341298096,0.49635385191637327,0.5733416977434385,0.6196447780593,0.5664133576105237,0.619,0.615,0.563,True,999,0.00011795898899435997,0.002854208927601576,strong_5x5_mild_500,strong_null,True,792,2969104037,0.0,0,0
500,500,0.13844172821227763,0.10815826318123567,0.11791903799894499,0.08966405745820794,0.030283465031041956,0.02825498054073705,0.031137841377599968,0.9725614779715387,0.9074161628000071,0.3307712960924236,0.3641867654643911,0.34,0.346,0.391,True,999,0.00012004200834780931,0.0027983339969068766,strong_5x5_mild_500,strong_null,True,793,2969104037,0.0,0,1
500,500,0.11650620591399141,0.12408569622211207,0.10106128482527765,0.1036895065032013,-0.007579490308120662,-0.002628221677923648,0.031199805858944787,-0.2429338933193288,-0.08423839846330818,0.808056608842393,0.9328668891104787,0.791,0.796,0.935,True,999,0.00011554209049791098,0.002726708073168993,strong_5x5_mild_500,strong_null,True,794,2969104037,0.0,3,0
500,500,0.10726438167192598,0.09700099095603665,0.08839999419188871,0.07637975446203882,0.010263390715889331,0.01202023972984989,0.02878202732698661,0.3565902637534559,0.417630057580394,0.7213985673383452,0.676217617013431,0.726,0.722,0.662,True,999,0.00011179095599800348,0.002788000041618943,strong_5x5_mild_500,strong_null,True,795,2969104037,0.0,0,0
500,500,0.09480816190020569,0.15307756861444144,0.07701753275506462,0.13568574054465898,-0.05826940671423575,-0.05866820778959436,0.031088377971293987,-1.8743147927511643,-1.8871427722529206,0.060887049813289865,0.059141125076563945,0.07,0.071,0.072,True,999,0.00011829100549221039,0.00273049995303154,strong_5x5_mild_500,strong_null,True,796,2969104037,0.0,1,1
500,500,0.12328042916613069,0.17969401239832106,0.104496794286149,0.1614165648886683,-0.05641358323219037,-0.05691977060251929,0.031820291429868565,-1.772880784468145,-1.7887884756797277,0.07624846337755602,0.07364888760282391,0.081,0.071,0.069,True,999,0.00011658400762826204,0.0026942079421132803,strong_5x5_mild_500,strong_null,True,797,2969104037,0.0,0,1
500,500,0.106016085014071,0.10750213008495235,0.08810336777861494,0.08702515223365026,-0.0014860450708813477,0.001078215544964678,0.029976018106907004,-0.04957446534698138,0.035969271873245834,0.9604614953060158,0.9713068605847774,0.959,0.959,0.969,True,999,0.00011254206765443087,0.0027562910690903664,strong_5x5_mild_500,strong_null,True,798,2969104037,0.0,0,0
500,500,0.08939728659687063,0.1319668677119833,0.07137614547150406,0.11330072017796056,-0.042569581115112665,-0.0419245747064565,0.030425674955700515,-1.3991335008046184,-1.3779340891368315,0.16177295334160835,0.1682236388430285,0.152,0.15,0.155,True,999,0.0001165829598903656,0.002782125025987625,strong_5x5_mild_500,strong_null,True,799,2969104037,0.0,0,0
500,500,0.12200999862868889,0.1374668594452233,0.10392049988081453,0.11883890983563106,-0.015456860816534412,-0.014918409954816525,0.03173737818919354,-0.48702387211674014,-0.4700580453081089,0.6262414137711416,0.6383135476226802,0.607,0.606,0.614,True,999,0.00011775002349168062,0.002687833970412612,strong_5x5_mild_500,strong_null,True,800,2969104037,0.0,0,0
500,500,0.0810535845371646,0.12915482271181966,0.06183324421465386,0.10773427339432828,-0.04810123817465506,-0.045901029179674424,0.030166172267322836,-1.5945423154252878,-1.5216060152714899,0.11081462090442584,0.12810782942876095,0.095,0.089,0.107,True,999,0.00011254101991653442,0.002836999949067831,strong_5x5_mild_500,strong_null,True,801,2969104037,0.0,1,0
500,500,0.10137040097128125,0.0984190332446162,0.08452291660677247,0.07991445339899883,0.002951367726665044,0.004608463207773639,0.028491711711120405,0.10358688718281239,0.16174750237890906,0.9174971941895711,0.8715046955470367,0.908,0.909,0.855,True,999,0.000128416926600039,0.0026994580402970314,strong_5x5_mild_500,strong_null,True,802,2969104037,0.0,1,0
500,500,0.10034836549727866,0.12173353267304488,0.08147258937776769,0.1040438160970325,-0.021385167175766218,-0.022571226719264814,0.03115823556783754,-0.686340763077118,-0.7244064468966114,0.49249824957697097,0.46881624309141556,0.513,0.515,0.489,True,999,0.00011191703379154205,0.002701333025470376,strong_5x5_mild_500,strong_null,True,803,2969104037,0.0,0,1
500,500,0.10991835695319652,0.11838236257197177,0.09192723408102665,0.10090552813102249,-0.00846400561877525,-0.008978294049995839,0.02962144603833247,-0.28573910969174715,-0.3031011395722283,0.7750779477540235,0.7618127857256078,0.744,0.745,0.734,True,999,0.00011900009121745825,0.0029198750853538513,strong_5x5_mild_500,strong_null,True,804,2969104037,0.0,2,1
500,500,0.1166788994210608,0.09565915501155775,0.09901706900654972,0.07645879940355371,0.02101974440950305,0.022558269602996006,0.02911515582338139,0.7219519805084749,0.7747947405756361,0.47032400115360096,0.43846095758862713,0.482,0.478,0.453,True,999,0.00011833396274596453,0.0026942089898511767,strong_5x5_mild_500,strong_null,True,805,2969104037,0.0,0,1
500,500,0.1321937750454123,0.09080679265773983,0.11505615816173531,0.07302289914184712,0.041386982387672466,0.04203325901988819,0.030225541209733565,1.369271838690669,1.390653643824653,0.1709143174287734,0.16433048098091996,0.16,0.159,0.16,True,999,0.00011250004172325134,0.0027527500642463565,strong_5x5_mild_500,strong_null,True,806,2969104037,0.0,1,0
500,500,0.0780510322608654,0.12740820382261986,0.06031366051615805,0.11077762054082996,-0.049357171561754454,-0.050463960024671906,0.02866146666417142,-1.7220741750614572,-1.7606900796795208,0.08505608258698791,0.07829087272057393,0.075,0.069,0.062,True,999,0.00011270807590335608,0.0029090000316500664,strong_5x5_mild_500,strong_null,True,807,2969104037,0.0,0,1
500,500,0.10187586644393465,0.0947025604836852,0.08516721415423945,0.07483594138716398,0.007173305960249454,0.010331272767075461,0.029089634534789504,0.2465931963383933,0.3551530616419351,0.8052230705130772,0.72247492682084,0.79,0.791,0.708,True,999,0.00011662498582154512,0.0027192910201847553,strong_5x5_mild_500,strong_null,True,808,2969104037,0.0,1,0
500,500,0.08452293199875749,0.14711882756420191,0.06373460164957123,0.129337121640674,-0.06259589556544443,-0.06560251999110278,0.03046362065541796,-2.0547753096548536,-2.1534708803379012,0.039900712047286256,0.03128169025201672,0.037,0.032,0.025,True,999,0.00011766701936721802,0.0027249580016359687,strong_5x5_mild_500,strong_null,True,809,2969104037,0.0,0,0
500,500,0.1115297654198728,0.10932124223999229,0.09506823727269875,0.09294571041760946,0.002208523179880517,0.0021225268550892906,0.029734102354973587,0.07427576435685136,0.0713835860840863,0.9407909609940949,0.9430924726890085,0.934,0.934,0.919,True,999,0.000143042067065835,0.00275537499692291,strong_5x5_mild_500,strong_null,True,810,2969104037,0.0,2,2
500,500,0.08988110609070699,0.08749476265286638,0.07435831452403363,0.06868921178738674,0.00238634343784061,0.005669102736646892,0.02673068076741461,0.08927357513279738,0.2120822430963926,0.9288644941897141,0.8320428725633681,0.93,0.93,0.839,True,999,0.00011324998922646046,0.0027401249390095472,strong_5x5_mild_500,strong_null,True,811,2969104037,0.0,2,0
500,500,0.10041771078803874,0.13796467514590005,0.08105087623829377,0.11864427917322473,-0.03754696435786131,-0.037593402934930964,0.031003806384752537,-1.211043698696514,-1.2125415333976264,0.22587865735087032,0.22530515397063755,0.205,0.206,0.208,True,999,0.00011570798233151436,0.0027553329709917307,strong_5x5_mild_500,strong_null,True,812,2969104037,0.0,1,0
500,500,0.11704252906951806,0.10452865208411666,0.09853972283463008,0.08437600638495724,0.012513876985401406,0.014163716449672847,0.02977469262529351,0.4202856816318872,0.4756964791515871,0.6742767685465016,0.6342906296387851,0.64,0.638,0.609,True,999,0.00011370889842510223,0.002810959005728364,strong_5x5_mild_500,strong_null,True,813,2969104037,0.0,0,0
500,500,0.09114318552040623,0.11445295404234912,0.07202732054628314,0.09551880515903122,-0.023309768521942886,-0.02349148461274808,0.029795798026844646,-0.7823173086668749,-0.7884160240173239,0.43402811716328615,0.43045340090780715,0.391,0.418,0.42,True,999,0.00011654093395918608,0.0027800840325653553,strong_5x5_mild_500,strong_null,True,814,2969104037,0.0,0,0
500,500,0.13157664794378543,0.14498156433147869,0.1119783639853722,0.12740156943800685,-0.013404916387693255,-0.015423205452634647,0.03326984206490601,-0.40291493904725045,-0.46357916044643593,0.6870108009643234,0.642949287811518,0.699,0.697,0.653,True,999,0.00012083293404430151,0.002826916053891182,strong_5x5_mild_500,strong_null,True,815,2969104037,0.0,0,1
500,500,0.06671696652410941,0.12432823674015725,0.04977803289955318,0.10241685545355494,-0.05761127021604784,-0.05263882255400176,0.02807185673124775,-2.0522785780649397,-1.8751457396620181,0.040142596663467554,0.060772676492583035,0.04,0.045,0.081,True,999,0.00011975003872066736,0.002842207904905081,strong_5x5_mild_500,strong_null,True,816,2969104037,0.0,2,0
500,500,0.11197443116986994,0.1627376389884625,0.09267711836696435,0.14754062698523285,-0.05076320781859256,-0.0548635086182685,0.03250840194009296,-1.561541164408508,-1.6876716585260607,0.11839611915472914,0.0914742751485252,0.1,0.11,0.089,True,999,0.00011454196646809578,0.0027394999051466584,strong_5x5_mild_500,strong_null,True,817,2969104037,0.0,0,3
500,500,0.11325521410776995,0.11624590625384901,0.0945558732084919,0.10082697565883336,-0.0029906921460790548,-0.006271102450341459,0.029877280292212222,-0.10009920972822299,-0.2098953582457128,0.920265562728068,0.8337493451216562,0.923,0.923,0.842,True,999,0.00011329201515763998,0.0028653329936787486,strong_5x5_mild_500,strong_null,True,818,2969104037,0.0,0,3
500,500,0.12831296500993594,0.10963825234408986,0.11071192027071675,0.08826200338074841,0.018674712665846083,0.022449916889968335,0.031449343676195264,0.5938029377694583,0.7138437329921513,0.5526439239295675,0.4753238136399417,0.528,0.532,0.468,True,999,0.00012433400843292475,0.0027989589143544436,strong_5x5_mild_500,strong_null,True,819,2969104037,0.0,1,0
500,500,0.12884399033455463,0.14365091772594707,0.11144384410670227,0.12327535535644074,-0.014806927391392444,-0.011831511249738469,0.03297258083526206,-0.4490678926642401,-0.35882878895198356,0.653382681106625,0.7197231744999327,0.618,0.631,0.703,True,999,0.00011970789637416601,0.0026872920570895076,strong_5x5_mild_500,strong_null,True,820,2969104037,0.0,1,0
500,500,0.10012311072731739,0.09128940803914687,0.08082592774235309,0.07341726721472241,0.00883370268817052,0.007408660527630673,0.027835652811859745,0.3173520932983761,0.2661572400584805,0.7509764537993999,0.7901181130488601,0.757,0.755,0.784,True,999,0.00011274998541921377,0.0027433750219643116,strong_5x5_mild_500,strong_null,True,821,2969104037,0.0,0,0
500,500,0.11045759850923997,0.11924344658977615,0.09212058964214975,0.09985786017773535,-0.008785848080536174,-0.007737270535585594,0.03075373460072298,-0.28568394032800265,-0.25158799853217506,0.775120206059088,0.8013595360830896,0.771,0.766,0.799,True,999,0.00014404102694243193,0.002661541919223964,strong_5x5_mild_500,strong_null,True,822,2969104037,0.0,0,0
500,500,0.11100694209725903,0.16638555320436232,0.0916502729048716,0.1519628796815482,-0.05537861110710329,-0.0603126067766766,0.03224052753512835,-1.7176707498586787,-1.8707078136659434,0.08585668747975479,0.061385591194886374,0.096,0.096,0.076,True,999,0.00011204194743186235,0.0027035840321332216,strong_5x5_mild_500,strong_null,True,823,2969104037,0.0,0,3
500,500,0.10809159080069575,0.12566179935935695,0.09173917968848855,0.10820031221436466,-0.017570208558661204,-0.01646113252587611,0.030162734392460307,-0.5825137843952629,-0.5457440400360669,0.5602206594109416,0.5852418945447658,0.511,0.512,0.539,True,999,0.00011416606139391661,0.00286250002682209,strong_5x5_mild_500,strong_null,True,824,2969104037,0.0,2,1
500,500,0.10224408877821345,0.1311165456674599,0.08274996172468718,0.1115453095969201,-0.028872456889246445,-0.028795347872232924,0.03185148502936191,-0.9064712952200099,-0.9040504028521207,0.3646864514976199,0.3659686756898426,0.327,0.341,0.34,True,999,0.00011575000826269388,0.0027382500702515244,strong_5x5_mild_500,strong_null,True,825,2969104037,0.0,0,0
500,500,0.13563130601453566,0.10880254014552793,0.1201615799656679,0.09252722249618728,0.02682876586900773,0.02763435746948062,0.031116972141183863,0.8621907603117781,0.8880798987799349,0.3885825533371927,0.37449777445485033,0.375,0.391,0.381,True,999,0.00011733290739357471,0.002765582990832627,strong_5x5_mild_500,strong_null,True,826,2969104037,0.0,3,1
500,500,0.07902137177107371,0.12854597026218384,0.05972230131521883,0.112023732318562,-0.04952459849111013,-0.05230143100334317,0.028876516395625284,-1.7150475428751155,-1.8112098525591784,0.0863365106944645,0.07010837365675968,0.084,0.082,0.069,True,999,0.00011749996338039637,0.0028175830375403166,strong_5x5_mild_500,strong_null,True,827,2969104037,0.0,0,1
500,500,0.11149502093869212,0.11756225611786397,0.09026193395692417,0.09885187021586717,-0.006067235179171848,-0.008589936258942998,0.030324305666187865,-0.20007828855045878,-0.2832690170552175,0.8414193532698441,0.7769706258105906,0.838,0.838,0.77,True,999,0.00011904188431799412,0.002715833019465208,strong_5x5_mild_500,strong_null,True,828,2969104037,0.0,0,0
500,500,0.11569720253521765,0.09992749351141028,0.10086494955135095,0.0814725801020586,0.015769709023807366,0.019392369449292346,0.02862050964115935,0.5509932989148747,0.6775689773673369,0.5816382682363708,0.49804502143424634,0.584,0.586,0.503,True,999,0.0001127920113503933,0.0027272080769762397,strong_5x5_mild_500,strong_null,True,829,2969104037,0.0,3,0
500,500,0.09456200289027672,0.13371850258064355,0.0769150056497665,0.11563147894389658,-0.03915649969036683,-0.03871647329413008,0.02991612922559937,-1.308875870774767,-1.2941672033225549,0.19057640128843867,0.19560767255843559,0.174,0.172,0.181,True,999,0.00011916609946638346,0.002775917062535882,strong_5x5_mild_500,strong_null,True,830,2969104037,0.0,0,1
500,500,0.08705948686149889,0.1250675860755197,0.07028932604464444,0.10857356692645226,-0.03800809921402082,-0.03828424088180782,0.029712652075989904,-1.2791890510754598,-1.2884827912330457,0.20083049052209068,0.1975779554442395,0.174,0.177,0.178,True,999,0.00011937494855374098,0.002713875030167401,strong_5x5_mild_500,strong_null,True,831,2969104037,0.0,1,1
500,500,0.09237359043331361,0.1669154903289305,0.07377949398301098,0.14715331311151658,-0.07454189989561688,-0.0733738191285056,0.031802127088852064,-2.3439281179951905,-2.3071984752311145,0.019081848595020167,0.021043758066824614,0.017,0.019,0.019,True,999,0.00011495803482830524,0.0027279999339953065,strong_5x5_mild_500,strong_null,True,832,2969104037,0.0,0,0
500,500,0.08005267879350808,0.08710278202843313,0.06052693682482868,0.06723569362537773,-0.007050103234925054,-0.006708756800549054,0.0267355950267273,-0.2636972630636101,-0.25092977335430083,0.7920132046710747,0.8018684048739029,0.782,0.78,0.804,True,999,0.00011195801198482513,0.0027507080230861902,strong_5x5_mild_500,strong_null,True,833,2969104037,0.0,0,0
500,500,0.11737873139106858,0.12208670124643262,0.10008337665988165,0.10449219699756895,-0.004707969855364036,-0.0044088203376873025,0.030493363384319478,-0.15439326242985066,-0.14458294685703443,0.8772996657675421,0.8850401621814286,0.875,0.874,0.883,True,999,0.000110417022369802,0.002707042032852769,strong_5x5_mild_500,strong_null,True,834,2969104037,0.0,0,1
500,500,0.09097606291896887,0.11271326055150388,0.07320681042892829,0.09707065731100784,-0.02173719763253501,-0.023863846882079542,0.02877072325089905,-0.7555318454448569,-0.8294489740133254,0.4499299320810952,0.4068503989056024,0.384,0.388,0.351,True,999,0.00011666701175272465,0.002687959000468254,strong_5x5_mild_500,strong_null,True,835,2969104037,0.0,0,2
500,500,0.1346401395666892,0.1104864276663885,0.11321607678013379,0.09101786228228548,0.02415371190030069,0.022198214497848312,0.031360602145262,0.7701928613621938,0.7078376363765722,0.4411854978432862,0.4790460911700838,0.429,0.431,0.47,True,999,0.00011283392086625099,0.002809167024679482,strong_5x5_mild_500,strong_null,True,836,2969104037,0.0,0,0
500,500,0.1647404064707939,0.09080506917924869,0.14744984932360694,0.07312885593046303,0.07393533729154522,0.07432099339314391,0.031064545153056948,2.3800553630275676,2.3924700338266582,0.01731003715825025,0.016735394639538367,0.021,0.02,0.023,True,999,0.00011320807971060276,0.0027599999448284507,strong_5x5_mild_500,strong_null,True,837,2969104037,0.0,2,1
500,500,0.10573954937554442,0.11275007302706541,0.08651647508588667,0.09387874807919161,-0.0070105236515209945,-0.007362272993304941,0.030276950126423077,-0.2315465600811233,-0.24316428710829077,0.8168902183080545,0.807878131406088,0.816,0.816,0.801,True,999,0.00012091698590666056,0.002767750062048435,strong_5x5_mild_500,strong_null,True,838,2969104037,0.0,0,0
500,500,0.10755100444115251,0.0974985415199301,0.08758904176738724,0.07897589951312511,0.010052462921222416,0.00861314225426213,0.02894568919497087,0.34728704690745343,0.2975621757093491,0.7283756810088553,0.7660373468812942,0.708,0.707,0.748,True,999,0.00011620798613876104,0.002788499929010868,strong_5x5_mild_500,strong_null,True,839,2969104037,0.0,1,0
500,500,0.1568042538116019,0.14156948449537565,0.1372164936177569,0.12324014099516489,0.015234769316226249,0.013976352622592003,0.0335891685621772,0.4535619656087954,0.416097010460984,0.6501441340180502,0.6773390174562604,0.637,0.638,0.67,True,999,0.00011354195885360241,0.002807459095492959,strong_5x5_mild_500,strong_null,True,840,2969104037,0.0,1,1
500,500,0.1084862700734035,0.13411242099363052,0.08884180883370618,0.11654449978044568,-0.02562615092022702,-0.027702690946739494,0.031347338008309675,-0.8174904967507589,-0.8837334429927018,0.41364817795188646,0.37684012261784205,0.406,0.398,0.357,True,999,0.00011962500866502523,0.002875999896787107,strong_5x5_mild_500,strong_null,True,841,2969104037,0.0,0,1
500,500,0.1149915591258448,0.14332593053476417,0.09750398057826715,0.1282149270921309,-0.028334371408919368,-0.030710946513863746,0.031692903432440266,-0.8940288941756227,-0.9690165048882392,0.3713064317493514,0.33253695431475316,0.346,0.361,0.315,True,999,0.00012087495997548103,0.0027317090425640345,strong_5x5_mild_500,strong_null,True,842,2969104037,0.0,1,3
500,500,0.12335095942069385,0.15962069020024572,0.1054965884725334,0.14312300275230427,-0.03626973077955187,-0.03762641427977087,0.03253342512801135,-1.1148451365584484,-1.156546355992946,0.2649167904677794,0.24745774990488945,0.277,0.279,0.261,True,999,0.00011329096741974354,0.0027119170408695936,strong_5x5_mild_500,strong_null,True,843,2969104037,0.0,0,1
500,500,0.10320206136626653,0.08882232885805541,0.08446006244003001,0.0692685498472656,0.014379732508211118,0.015191512592764411,0.029291037034831956,0.4909260293895093,0.5186403122122017,0.623478766267402,0.6040115919316567,0.626,0.624,0.609,True,999,0.00011866597924381495,0.002763874945230782,strong_5x5_mild_500,strong_null,True,844,2969104037,0.0,0,0
500,500,0.13701904702154177,0.13255929359351115,0.11940334357001348,0.11307752367866897,0.004459753428030622,0.0063258198913445085,0.03215583150057179,0.13869190190125605,0.19672387856715892,0.8896936175987227,0.8440436228313707,0.891,0.892,0.857,True,999,0.00011687492951750755,0.0028175830375403166,strong_5x5_mild_500,strong_null,True,845,2969104037,0.0,1,1
500,500,0.11856035836292711,0.1315396773446249,0.1017166373752616,0.11505811592667214,-0.012979318981697796,-0.013341478551410546,0.031338609871755886,-0.41416383926446865,-0.4257201773150326,0.6787541223315318,0.670311757569816,0.655,0.659,0.656,True,999,0.00011920800898224115,0.0027396249352023005,strong_5x5_mild_500,strong_null,True,846,2969104037,0.0,1,1
500,500,0.09894744440478054,0.1037711294154191,0.07929374795435251,0.08502060350821239,-0.004823685010638568,-0.0057268555538598775,0.029594219702400414,-0.16299416099311156,-0.19351263900346619,0.8705230320453359,0.8465575086378688,0.866,0.864,0.841,True,999,0.0001133340410888195,0.0028709169710054994,strong_5x5_mild_500,strong_null,True,847,2969104037,0.0,0,1
500,500,0.15929966399289164,0.1246455932279742,0.13950882299684508,0.10561187331325073,0.034654070764917444,0.03389694968359436,0.03257863818896451,1.0637053201522693,1.0404655187544458,0.2874622136198606,0.2981236757908786,0.28,0.278,0.294,True,999,0.00011745793744921684,0.0027553329709917307,strong_5x5_mild_500,strong_null,True,848,2969104037,0.0,0,1
500,500,0.08965541969330837,0.09746986180667072,0.06944371669044358,0.07796511147921592,-0.007814442113362352,-0.00852139478877234,0.028067666555757122,-0.27841438467422175,-0.3036018249626978,0.7806942784973022,0.7614312610543693,0.766,0.768,0.759,True,999,0.00011150003410875797,0.002709291991777718,strong_5x5_mild_500,strong_null,True,849,2969104037,0.0,1,0
500,500,0.11929910533254573,0.1571933831551875,0.10287320398941802,0.13706171049511795,-0.037894277822641764,-0.034188506505699934,0.031806528292740915,-1.191399371659504,-1.0748896009974986,0.23349683949122946,0.2824241582836229,0.231,0.231,0.287,True,999,0.00013629195746034384,0.0028375419788062572,strong_5x5_mild_500,strong_null,True,850,2969104037,0.0,2,0
500,500,0.1014899450491561,0.09824003671099257,0.08206462548787385,0.08166117489798808,0.0032499083381635208,0.00040345058988577875,0.02863328505125207,0.11350106466465011,0.014090265548071884,0.909633319056792,0.9887579666534195,0.9,0.901,0.987,True,999,0.00011683302000164986,0.002762999967671931,strong_5x5_mild_500,strong_null,True,851,2969104037,0.0,0,2
500,500,0.1013998363595533,0.10715171036690485,0.0821857184248529,0.08958615739618381,-0.005751874007351554,-0.007400438971330914,0.02933276492417527,-0.19609041364562996,-0.25229258102538,0.8445393994073069,0.8008149221890202,0.832,0.834,0.788,True,999,0.00011270795948803425,0.0027644160436466336,strong_5x5_mild_500,strong_null,True,852,2969104037,0.0,1,0
500,500,0.12857709471332002,0.10113001826981338,0.10887123875642146,0.08336305862587778,0.027447076443506635,0.02550818013054368,0.030602828379393057,0.8968803831866926,0.8335236146904661,0.3697827488061184,0.4045494852849788,0.361,0.36,0.396,True,999,0.00011150003410875797,0.0028616670751944184,strong_5x5_mild_500,strong_null,True,853,2969104037,0.0,0,1
500,500,0.1160992897699098,0.1234970044170397,0.09816918179166123,0.10691186287471055,-0.007397714647129905,-0.00874268108304932,0.03072657939972246,-0.2407594594534244,-0.28453154414995796,0.8097415521089739,0.7760030637929893,0.793,0.79,0.75,True,999,0.00011208304204046726,0.0027352499309927225,strong_5x5_mild_500,strong_null,True,854,2969104037,0.0,0,2
500,500,0.1627915611626598,0.11373151103126711,0.14332996426378486,0.09650302193216476,0.049060050131392696,0.0468269423316201,0.03191297327178317,1.537307405160228,1.467332483652458,0.12421804894075618,0.14228563123568763,0.138,0.133,0.147,True,999,0.00011675001587718725,0.0026966669829562306,strong_5x5_mild_500,strong_null,True,855,2969104037,0.0,0,1
500,500,0.11591806871086807,0.12465252935271898,0.09714279770622625,0.10597107167211561,-0.008734460641850905,-0.008828273965889366,0.03088788517167758,-0.28277949731113045,-0.2858167180051675,0.7773458719076171,0.7750185029218396,0.782,0.78,0.774,True,999,0.00013291696086525917,0.002772958017885685,strong_5x5_mild_500,strong_null,True,856,2969104037,0.0,0,0
500,500,0.10364352095332874,0.13853157376163883,0.08704117953828927,0.11882637100950433,-0.03488805280831009,-0.03178519147121506,0.031164910308312335,-1.1194658499949128,-1.0199031910172796,0.262941451947016,0.3077743760184073,0.245,0.241,0.298,True,999,0.0001112079480662942,0.002800665912218392,strong_5x5_mild_500,strong_null,True,857,2969104037,0.0,1,0
500,500,0.09033060300481799,0.09977297409632957,0.07320933913433691,0.08080752156735116,-0.009442371091511581,-0.0075981824330142445,0.02814730515349165,-0.33546270380133575,-0.2699435129430746,0.7372760744215141,0.787203710858583,0.71,0.704,0.776,True,999,0.00011799996718764305,0.002767374971881509,strong_5x5_mild_500,strong_null,True,858,2969104037,0.0,1,0
500,500,0.13510894256691452,0.11670689609626428,0.11771690474074603,0.09746637612113318,0.018402046470650246,0.02025052861961285,0.03070414907874815,0.599334194979766,0.6595372035119916,0.5489500493364439,0.5095508639767623,0.537,0.532,0.501,True,999,0.00011587503831833601,0.002711040899157524,strong_5x5_mild_500,strong_null,True,859,2969104037,0.0,1,0
500,500,0.13347377383353387,0.12031454807584085,0.11338451285251949,0.10280806648580665,0.013159225757693016,0.010576446366712844,0.031170880534973678,0.4221640688952751,0.3393053447702925,0.672905265985464,0.7343797166848176,0.674,0.672,0.737,True,999,0.00011445803102105856,0.0027203329373151064,strong_5x5_mild_500,strong_null,True,860,2969104037,0.0,0,1
500,500,0.09317828825331331,0.10847586714103419,0.0737653644873717,0.0908580097510594,-0.015297578887720875,-0.0170926452636877,0.02835281081020983,-0.5395436449007104,-0.6028554056987059,0.5895117901085892,0.5466048844285654,0.552,0.554,0.504,True,999,0.00011270900722593069,0.0027347500436007977,strong_5x5_mild_500,strong_null,True,861,2969104037,0.0,0,1
500,500,0.1713408238264007,0.08611805665455696,0.1545355649764133,0.06878849567010548,0.08522276717184374,0.08574706930630782,0.030435358596398007,2.8001236424377063,2.817350386548621,0.005108303628183073,0.0048421668542444375,0.002,0.002,0.003,True,999,0.0001272499794140458,0.002754666027612984,strong_5x5_mild_500,strong_null,True,862,2969104037,0.0,1,2
500,500,0.11636040066004838,0.14238200663197254,0.09891619835036636,0.1225310930105934,-0.026021605971924155,-0.023614894660227037,0.03140620439713609,-0.8285498509427344,-0.7519181357165359,0.40735917526433274,0.4521002911033478,0.38,0.383,0.428,True,999,0.000114083057269454,0.002698333002626896,strong_5x5_mild_500,strong_null,True,863,2969104037,0.0,1,0
500,500,0.1159372787637345,0.12401686546842683,0.0967610256776652,0.10526205407620637,-0.008079586704692332,-0.008501028398541166,0.030927914781094176,-0.2612392966638435,-0.2748658763033624,0.7939079756111941,0.7834192844699542,0.798,0.799,0.798,True,999,0.00011350004933774471,0.0028257499216124415,strong_5x5_mild_500,strong_null,True,864,2969104037,0.0,1,0
500,500,0.1016518421623589,0.10163869424576744,0.08649966101518203,0.0820792504707697,1.3147916591460529e-05,0.004420410544412334,0.028780460750063217,0.0004568348194853569,0.15359068024658448,0.999635498563374,0.8779324858275543,0.999,0.999,0.898,True,999,0.00011366605758666992,0.0027489999774843454,strong_5x5_mild_500,strong_null,True,865,2969104037,0.0,2,0
500,500,0.13666968378853817,0.12603145482864697,0.11715926716988179,0.10846783285825268,0.010638228959891194,0.00869143431162911,0.032678571310116006,0.325541433832452,0.26596738973525996,0.7447713291651259,0.7902643239426457,0.734,0.735,0.795,True,999,0.00011262495536357164,0.0027701249346137047,strong_5x5_mild_500,strong_null,True,866,2969104037,0.0,0,1
500,500,0.10413643518816462,0.08145844435812322,0.08480184267091317,0.06285379084761189,0.022677990830041406,0.021948051823301284,0.02769722330474334,0.818782106080563,0.7924278755965595,0.4129107418943355,0.42811123092776104,0.38,0.385,0.392,True,999,0.000112209003418684,0.002817166969180107,strong_5x5_mild_500,strong_null,True,867,2969104037,0.0,0,0
500,500,0.11756819351047598,0.1139565665530855,0.09822636459819023,0.09534281831230373,0.003611626957390479,0.0028835462858864958,0.030657988912579436,0.11780377922664634,0.0940552980858876,0.9062231350119355,0.9250652298613837,0.904,0.906,0.924,True,999,0.00011304195504635572,0.0027232090942561626,strong_5x5_mild_500,strong_null,True,868,2969104037,0.0,0,0
500,500,0.12195851047505357,0.11333098915793194,0.10591169976203219,0.09295481064941669,0.008627521317121634,0.0129568891126155,0.030304968715016378,0.2846899925307173,0.4275499913713901,0.775881658331096,0.6689787814335156,0.785,0.785,0.672,True,999,0.00011854094918817282,0.0027042500441893935,strong_5x5_mild_500,strong_null,True,869,2969104037,0.0,2,0
500,500,0.10132157196282154,0.08066449144289067,0.08156478214232266,0.06214002297173238,0.02065708051993087,0.019424759170590278,0.027437048662316655,0.7528900347179938,0.7079755337267438,0.4515159969357495,0.47896045117987296,0.432,0.434,0.453,True,999,0.00011862500105053186,0.002831583027727902,strong_5x5_mild_500,strong_null,True,870,2969104037,0.0,0,1
500,500,0.08945322027062974,0.0921690016063571,0.06978467605063088,0.07342094683832556,-0.002715781335727363,-0.0036362707876946843,0.027961329889812505,-0.09712632934232635,-0.1300464177499487,0.9226260719157687,0.8965297024313982,0.917,0.917,0.897,True,999,0.00011545803863555193,0.0027156249852851033,strong_5x5_mild_500,strong_null,True,871,2969104037,0.0,0,0
500,500,0.08229266694486204,0.12563715272740406,0.06275345660884568,0.10601410174729153,-0.04334448578254202,-0.04326064513844585,0.02975298817096471,-1.456811179215974,-1.4539932893417062,0.1451685091470527,0.14594816670720967,0.13,0.132,0.137,True,999,0.00011499994434416294,0.002728083054535091,strong_5x5_mild_500,strong_null,True,872,2969104037,0.0,0,0
500,500,0.11851907181679944,0.12024062868078178,0.09917249713146248,0.10158773296922163,-0.001721556863982343,-0.0024152358377591554,0.031192842203860927,-0.055190766289621905,-0.07742916858856187,0.9559864851581769,0.9382821372515253,0.967,0.967,0.944,True,999,0.00012037495616823435,0.002829332952387631,strong_5x5_mild_500,strong_null,True,873,2969104037,0.0,1,0
500,500,0.09330268123297425,0.09114614323722292,0.0749318837898727,0.07244982039196657,0.0021565379957513287,0.0024820633979061313,0.027937318750543144,0.07719201742326838,0.08884400897841624,0.9384707918736526,0.9292058818487395,0.95,0.951,0.942,True,999,0.00011195801198482513,0.002690416993573308,strong_5x5_mild_500,strong_null,True,874,2969104037,0.0,0,0
500,500,0.12092018320491249,0.10173535311303072,0.10162929377747787,0.08727677237550324,0.019184830091881766,0.014352521401974627,0.029025837588530248,0.6609569847335871,0.4944739788541407,0.5086398998152565,0.6209714789362513,0.501,0.502,0.611,True,999,0.000128875020891428,0.002721249940805137,strong_5x5_mild_500,strong_null,True,875,2969104037,0.0,0,3
500,500,0.14953945318020834,0.11173936899390557,0.13101020961426002,0.09287004110854014,0.03780008418630276,0.038140168505719885,0.03182083939658777,1.1879034275367406,1.1985908992020415,0.23487145918569252,0.23068705865589523,0.234,0.23,0.23,True,999,0.0001140419626608491,0.002824834082275629,strong_5x5_mild_500,strong_null,True,876,2969104037,0.0,0,0
500,500,0.09656770809815907,0.1221848077118397,0.07703954782743949,0.10588304671966853,-0.02561709961368064,-0.028843498892229036,0.029001544299837596,-0.8833012252324814,-0.9945504485563051,0.37707354199593046,0.3199549576020132,0.374,0.37,0.304,True,999,0.00011462497059255838,0.0028411659877747297,strong_5x5_mild_500,strong_null,True,877,2969104037,0.0,0,2
500,500,0.1047739115488524,0.09156709064989199,0.08588433805329032,0.0739498177596829,0.013206820898960414,0.01193452029360742,0.028988208682168774,0.4555928599715164,0.4117025796405482,0.6486827784624553,0.6805574339838811,0.645,0.643,0.681,True,999,0.00011691695544868708,0.0027920830762013793,strong_5x5_mild_500,strong_null,True,878,2969104037,0.0,0,1
500,500,0.10296863149625857,0.1346348123745471,0.08524256092800897,0.11504417535263656,-0.03166618087828854,-0.029801614424627587,0.03111305231615456,-1.017778023078976,-0.9578492692327057,0.30878345840752885,0.33813877077715526,0.273,0.276,0.312,True,999,0.00011504197027534246,0.002744541969150305,strong_5x5_mild_500,strong_null,True,879,2969104037,0.0,1,0
500,500,0.11213463642424437,0.15734020552236871,0.09293210039788846,0.13791208139701894,-0.04520556909812434,-0.044979980999130476,0.03271327403542093,-1.3818723570492253,-1.3749764377123346,0.16701089699090954,0.1691387497081852,0.144,0.147,0.152,True,999,0.00011329201515763998,0.0026772909332066774,strong_5x5_mild_500,strong_null,True,880,2969104037,0.0,0,0
500,500,0.16335389742047046,0.1606321612226036,0.14576219297362059,0.1438693347286062,0.002721736197866864,0.001892858245014395,0.033463695726043824,0.08133399909408738,0.05656453072340238,0.9351763361805422,0.9548920896684023,0.931,0.931,0.956,True,999,0.00011150003410875797,0.00278262491337955,strong_5x5_mild_500,strong_null,True,881,2969104037,0.0,1,1
500,500,0.13171517195311155,0.13020620981655506,0.11281060437818269,0.11381140368035858,0.001508962136556491,-0.001000799302175892,0.03226923272748597,0.04676163667415625,-0.031014040855190248,0.9627032050651395,0.9752583420765328,0.955,0.957,0.974,True,999,0.00011416710913181305,0.002745333011262119,strong_5x5_mild_500,strong_null,True,882,2969104037,0.0,0,2
500,500,0.07921082854201766,0.12360131568149746,0.059598755301237816,0.10488831042954416,-0.044390487139479795,-0.04528955512830635,0.028660802480909044,-1.548822199554541,-1.5801914534135502,0.12142446744586317,0.11406302843677976,0.094,0.094,0.091,True,999,0.00011274998541921377,0.0027740829391404986,strong_5x5_mild_500,strong_null,True,883,2969104037,0.0,0,0
500,500,0.08560470046281843,0.12582993734644998,0.06496810354826721,0.10819627919210006,-0.040225236883631554,-0.043228175643832856,0.030676928265516434,-1.3112537388187024,-1.4091428995003104,0.18977205208696468,0.15879291793492645,0.166,0.166,0.141,True,999,0.00011383404489606619,0.002840291941538453,strong_5x5_mild_500,strong_null,True,884,2969104037,0.0,0,1
500,500,0.11089726237050446,0.13513900333041862,0.09232285405147422,0.11419177191817198,-0.02424174095991416,-0.021868917866697757,0.032151286590358034,-0.7539897631090167,-0.6801879546946686,0.4508553686726814,0.4963854582662133,0.429,0.435,0.472,True,999,0.00012766709551215172,0.002853875048458576,strong_5x5_mild_500,strong_null,True,885,2969104037,0.0,0,1
500,500,0.09224762822625088,0.12289803237639929,0.07392646655313229,0.10348063826461384,-0.030650404150148414,-0.02955417171148156,0.028894828805387424,-1.0607574232948445,-1.0228187164746656,0.28880015605363685,0.3063935669247547,0.28,0.276,0.3,True,999,0.00011874991469085217,0.002836792031303048,strong_5x5_mild_500,strong_null,True,886,2969104037,0.0,1,0
500,500,0.10084498744566961,0.11323276444083308,0.08115769909994697,0.09571253374605249,-0.012387776995163469,-0.014554834646105519,0.02930318926164002,-0.4227450085571388,-0.49669797086417633,0.6724813134024761,0.6194020535655889,0.678,0.684,0.645,True,999,0.00011820800136774778,0.0028476250590756536,strong_5x5_mild_500,strong_null,True,887,2969104037,0.0,0,1
500,500,0.13412755656729236,0.13048113339469825,0.11278043160632478,0.11038162498982729,0.0036464231725941154,0.0023988066164974953,0.03276788621732785,0.11128039045331722,0.0732060225242418,0.9113940049676932,0.9416421739682455,0.907,0.908,0.944,True,999,0.00011895899660885334,0.0027699170168489218,strong_5x5_mild_500,strong_null,True,888,2969104037,0.0,0,0
500,500,0.09301486615672816,0.10802033635903419,0.07514279016459113,0.08909809213292874,-0.015005470202306026,-0.013955301968337608,0.029036921296278124,-0.5167720795602868,-0.4806054273435098,0.6053152726248272,0.6307969573766461,0.602,0.605,0.626,True,999,0.0001142079709097743,0.0027097919955849648,strong_5x5_mild_500,strong_null,True,889,2969104037,0.0,0,0
500,500,0.10792542973059116,0.14702975489475723,0.08862767217010514,0.12783408650733463,-0.039104325164166065,-0.03920641433722949,0.031496473385209195,-1.2415461466403261,-1.2447874356511577,0.21440406192596484,0.21320989579391492,0.186,0.192,0.201,True,999,0.00011879194062203169,0.0028535000747069716,strong_5x5_mild_500,strong_null,True,890,2969104037,0.0,0,1
500,500,0.16105355613288364,0.10186684462362527,0.14358895463510635,0.08360432029508047,0.05918671150925836,0.05998463434002588,0.03129674640297409,1.8911458318118946,1.9166412242240494,0.058604879885190066,0.055283526995023695,0.066,0.059,0.058,True,999,0.00012108299415558577,0.0028125829994678497,strong_5x5_mild_500,strong_null,True,891,2969104037,0.0,1,1
500,500,0.12209068826850489,0.11651946717493711,0.10258830358861815,0.09700812707865225,0.00557122109356778,0.005580176509965895,0.031062824686156718,0.17935333150982302,0.1796416316399173,0.8576602731938279,0.8574339189943023,0.841,0.84,0.838,True,999,0.00011549994815140963,0.002687915926799178,strong_5x5_mild_500,strong_null,True,892,2969104037,0.0,0,0
500,500,0.1364393503713437,0.14283870280489652,0.11884197765238014,0.12553247825781,-0.00639935243355283,-0.006690500605429861,0.03300556723777973,-0.19388706115699864,-0.20270824486153954,0.8462643151558162,0.8393630785007732,0.858,0.857,0.849,True,999,0.00011216604616492987,0.002795416978187859,strong_5x5_mild_500,strong_null,True,893,2969104037,0.0,1,1
500,500,0.11695434752025502,0.10841166459032214,0.09788350812641511,0.08855360395716616,0.008542682929932877,0.009329904169248948,0.030868027413183084,0.2767485856995344,0.30225138925671496,0.7819731623061963,0.7624604320290953,0.756,0.766,0.748,True,999,0.0001129999291151762,0.0027022090507671237,strong_5x5_mild_500,strong_null,True,894,2969104037,0.0,0,0
500,500,0.10932745833567103,0.09663608265288792,0.0897628112280131,0.07709618183531575,0.012691375682783113,0.01266662939269736,0.029257227227687952,0.43378600384839155,0.4329401858256114,0.6644438461297968,0.6650582245577924,0.631,0.634,0.636,True,999,0.00013379205483943224,0.0027097499696537852,strong_5x5_mild_500,strong_null,True,895,2969104037,0.0,0,0
500,500,0.08651700309703136,0.125042405827533,0.06683661381578077,0.10977598866895732,-0.038525402730501646,-0.04293937485317656,0.02928320436137636,-1.315614311025178,-1.4663482289462921,0.18830352775366122,0.14255344265932474,0.188,0.192,0.153,True,999,0.0001129580195993185,0.002787041012197733,strong_5x5_mild_500,strong_null,True,896,2969104037,0.0,0,2
500,500,0.14502013511535383,0.129239580195311,0.1277853973567744,0.11150891003006791,0.015780554920042822,0.0162764873267065,0.03244354829790883,0.4864004015571862,0.5016864116480013,0.6266833059127954,0.6158881243720812,0.639,0.645,0.64,True,999,0.00011629099026322365,0.0026892919559031725,strong_5x5_mild_500,strong_null,True,897,2969104037,0.0,2,0
500,500,0.07184569543280928,0.1250283094902176,0.05427267322829721,0.10635957715896893,-0.05318261405740832,-0.052086903930671724,0.028216326592325886,-1.884817071541574,-1.845984584855139,0.059454539309831064,0.06489444372876148,0.061,0.059,0.062,True,999,0.00011241703759878874,0.002701207995414734,strong_5x5_mild_500,strong_null,True,898,2969104037,0.0,1,0
500,500,0.1472017469100131,0.10599559624279808,0.12815910236474792,0.08953685678613965,0.041206150667215,0.03862224557860827,0.031107600553363327,1.3246328850252589,1.2415694200635627,0.18529294328416623,0.21439547030124817,0.162,0.162,0.189,True,999,0.0001275420654565096,0.0027664590161293745,strong_5x5_mild_500,strong_null,True,899,2969104037,0.0,1,1
500,500,0.12714555683073703,0.12745465845536863,0.10956558918172732,0.10712907676452232,-0.0003091016246316025,0.0024365124172049946,0.031515264954821084,-0.00980799701588158,0.07731213495104271,0.9921744760738958,0.9383752375072963,0.994,0.994,0.937,True,999,0.00011237501166760921,0.0027260410133749247,strong_5x5_mild_500,strong_null,True,900,2969104037,0.0,0,1
500,500,0.09326192761435725,0.14377726986252903,0.07370752508478517,0.12356891833900363,-0.05051534224817178,-0.049861393254218456,0.031846279193981,-1.5862243102396483,-1.5656897608196043,0.11268843500580154,0.11742126451943653,0.099,0.107,0.114,True,999,0.00011108396574854851,0.0027696670731529593,strong_5x5_mild_500,strong_null,True,901,2969104037,0.0,0,0
500,500,0.08451414491233322,0.10671728260837243,0.06820777935217848,0.08811969963625188,-0.02220313769603921,-0.019911920284073403,0.02787387573006316,-0.7965572463284029,-0.7143577906748558,0.4257082159232216,0.47500596535573236,0.416,0.414,0.475,True,999,0.00013754097744822502,0.00271445803809911,strong_5x5_mild_500,strong_null,True,902,2969104037,0.0,1,0
500,500,0.10229761153415429,0.10095660160661823,0.08448342186699165,0.08264713133388568,0.001341009927536052,0.0018362905331059665,0.028360967912537647,0.04728364460873095,0.06474710379310397,0.9622871632136422,0.9483753580735492,0.946,0.946,0.94,True,999,0.00011162494774907827,0.0027691670693457127,strong_5x5_mild_500,strong_null,True,903,2969104037,0.0,1,1
500,500,0.14115107929530568,0.09429623153766875,0.12138956033015802,0.0746702368833212,0.04685484775763693,0.046719323446836825,0.031177043778955305,1.502863712475018,1.4985167861993591,0.1328741921920339,0.13399903467752092,0.139,0.137,0.145,True,999,0.00011812499724328518,0.0027670840499922633,strong_5x5_mild_500,strong_null,True,904,2969104037,0.0,0,0
500,500,0.11342364559319895,0.1181715646252035,0.09435638204416819,0.10061102257100174,-0.004747919032004555,-0.006254640526833555,0.031016249259226383,-0.1530784393793906,-0.20165689521511024,0.8783364183543845,0.8401849628597762,0.876,0.879,0.829,True,999,0.00011408294085413218,0.0027764170663431287,strong_5x5_mild_500,strong_null,True,905,2969104037,0.0,1,1
500,500,0.1438073769805137,0.07247836364787741,0.12332201121154185,0.05494048805644525,0.0713290133326363,0.0683815231550966,0.029749103063748582,2.397686181656879,2.298607894448569,0.016498993787281074,0.021527214867865855,0.016,0.015,0.023,True,999,0.00011200003791600466,0.002738207927905023,strong_5x5_mild_500,strong_null,True,906,2969104037,0.0,0,1
500,500,0.051273437310759395,0.08977916901774674,0.03161036211247392,0.06974158715178191,-0.038505731706987345,-0.03813122503930799,0.02480074979335449,-1.5526035312571553,-1.5375029124936168,0.12051788151699076,0.12417020238056437,0.1,0.103,0.117,True,999,0.00011733302380889654,0.0028371670050546527,strong_5x5_mild_500,strong_null,True,907,2969104037,0.0,0,0
500,500,0.12726178772015384,0.07120923693099124,0.10780272733848051,0.053639740435130534,0.0560525507891626,0.054162986903349974,0.028323279250769027,1.9790275798534407,1.9123134162467912,0.047812901162611256,0.05583600602312054,0.05,0.047,0.061,True,999,0.00012250000145286322,0.0027324999682605267,strong_5x5_mild_500,strong_null,True,908,2969104037,0.0,0,1
500,500,0.12703240745412836,0.09608912283531579,0.1106569661213257,0.0763765740115332,0.030943284618812572,0.0342803921097925,0.02902153640639616,1.0662180039507787,1.181205282510037,0.28632510534797306,0.23752118327518013,0.276,0.282,0.244,True,999,0.0001165829598903656,0.002707166946493089,strong_5x5_mild_500,strong_null,True,909,2969104037,0.0,2,0
500,500,0.12813666413011737,0.1373723442451762,0.10926497647108135,0.11869776576139657,-0.00923568011505882,-0.009432789290315213,0.03230693218964874,-0.28587301514248903,-0.29197415696862467,0.7749753824145837,0.7703063832137873,0.758,0.763,0.759,True,999,0.00011554104276001453,0.0027785419952124357,strong_5x5_mild_500,strong_null,True,910,2969104037,0.0,0,0
500,500,0.12099709326590047,0.12217733310480683,0.10260667422915049,0.10654433432989663,-0.0011802398389063606,-0.003937660100746143,0.03144099174994956,-0.0375382509652627,-0.12523969129416726,0.9700558417671729,0.9003337954893391,0.968,0.967,0.906,True,999,0.00011541694402694702,0.002753749955445528,strong_5x5_mild_500,strong_null,True,911,2969104037,0.0,1,2
500,500,0.11670152987317384,0.09944118084244491,0.09750255133474184,0.08187705072998597,0.017260349030728928,0.01562550060475587,0.02995586321942516,0.5761926773499316,0.5216174373043394,0.5644849541897778,0.6019367199515142,0.55,0.551,0.593,True,999,0.00011270900722593069,0.0027708749985322356,strong_5x5_mild_500,strong_null,True,912,2969104037,0.0,1,1
500,500,0.1271100665258138,0.1479094259338114,0.10954571563468107,0.12910902705812077,-0.020799359407997597,-0.0195633114234397,0.032548331184301005,-0.6390299794549751,-0.6010542080533962,0.5228034292294277,0.547803881661884,0.529,0.524,0.555,True,999,0.00011720892507582903,0.0027390419272705913,strong_5x5_mild_500,strong_null,True,913,2969104037,0.0,0,0
500,500,0.08757513316941279,0.11526513552169237,0.06803311203276508,0.09777116829593524,-0.027690002352279586,-0.029738056263170165,0.029308666820111736,-0.9447718151846669,-1.0146505962108034,0.344775384015483,0.310272411839812,0.308,0.316,0.291,True,999,0.00012037495616823435,0.002824208000674844,strong_5x5_mild_500,strong_null,True,914,2969104037,0.0,0,1
500,500,0.12018529456947014,0.1032878284035399,0.10159657621642282,0.08185008602555399,0.01689746616593024,0.019746490190868826,0.030879022562841384,0.5472150593997103,0.6394791205156534,0.5842309912927606,0.5225112923500951,0.575,0.587,0.511,True,999,0.00012283294927328825,0.00282475003041327,strong_5x5_mild_500,strong_null,True,915,2969104037,0.0,0,0
500,500,0.13948960685720724,0.12679331352961176,0.1208293421738631,0.10943792856613754,0.012696293327595476,0.011391413607725553,0.032312969870638406,0.3929163236441515,0.35253378607196695,0.6943812847033888,0.7244379850780829,0.675,0.676,0.708,True,999,0.00011683302000164986,0.0028157499618828297,strong_5x5_mild_500,strong_null,True,916,2969104037,0.0,1,1
500,500,0.13403831045909098,0.10318020186533206,0.11473524757218456,0.08489189513363726,0.030858108593758926,0.0298433524385473,0.030699070437295584,1.005180552837526,0.9721256055457401,0.3148099176280894,0.330988065091137,0.317,0.317,0.333,True,999,0.00011229095980525017,0.0027284170500934124,strong_5x5_mild_500,strong_null,True,917,2969104037,0.0,1,1
500,500,0.11134698427919121,0.10750484630476476,0.09248314926992407,0.0879887054501296,0.0038421379744264517,0.004494443819794469,0.029832599537508813,0.12878991552833655,0.15065545374762135,0.8975238853145661,0.8802475148055103,0.902,0.901,0.882,True,999,0.00011554104276001453,0.002755666966550052,strong_5x5_mild_500,strong_null,True,918,2969104037,0.0,0,0
500,500,0.13331173462051904,0.11167364489324505,0.11551350781974179,0.09230092375685217,0.02163808972727399,0.02321258406288962,0.031098327515160146,0.6957959303993317,0.7464254806491989,0.48655663821270234,0.45541043166480455,0.497,0.499,0.469,True,999,0.00011758296750485897,0.0028189580189064145,strong_5x5_mild_500,strong_null,True,919,2969104037,0.0,0,1
500,500,0.13435585686664653,0.12431551851122569,0.11607087919162495,0.10545972622696809,0.010040338355420841,0.010611152964656867,0.031992903488767245,0.31383017046095923,0.331672083728895,0.7536500284617431,0.740136882487261,0.744,0.742,0.735,True,999,0.00011479191016405821,0.002724125050008297,strong_5x5_mild_500,strong_null,True,920,2969104037,0.0,1,0
500,500,0.10691345772858174,0.07591675423907862,0.08721505004791652,0.05443222362197275,0.03099670348950312,0.03278282642594377,0.02795214035330439,1.1089205727259743,1.1728198989981213,0.26746444799762636,0.24086803656873967,0.268,0.258,0.24,True,999,0.0001115420600399375,0.0028576250188052654,strong_5x5_mild_500,strong_null,True,921,2969104037,0.0,0,0
500,500,0.11161124156992885,0.12060059676607149,0.09362461025290258,0.10005012417741455,-0.008989355196142634,-0.006425513924511961,0.030987791230036383,-0.2900934477520707,-0.20735630612754766,0.7717447483175026,0.8357316036213415,0.772,0.775,0.83,True,999,0.0001140419626608491,0.0028087920509278774,strong_5x5_mild_500,strong_null,True,922,2969104037,0.0,0,0
500,500,0.12817689880682925,0.09000711421152885,0.10971594977070254,0.07131617623980446,0.038169784595300404,0.038399773530898074,0.02937167329640946,1.2995440950913228,1.3073743924419945,0.19375727104406126,0.1910855898949292,0.187,0.183,0.183,True,999,0.00011666608043015003,0.0027097921120002866,strong_5x5_mild_500,strong_null,True,923,2969104037,0.0,1,0
500,500,0.08426151781866931,0.1346740758693783,0.06368588958844157,0.11293346232719159,-0.05041255805070899,-0.04924757273875002,0.03083604927122757,-1.6348578771323934,-1.5970778975470712,0.10207884452005497,0.1102483443124814,0.081,0.086,0.097,True,999,0.00011216604616492987,0.002805582946166396,strong_5x5_mild_500,strong_null,True,924,2969104037,0.0,0,0
500,500,0.10233645814946468,0.1595030809376159,0.08460473110471867,0.14040640377106683,-0.05716662278815121,-0.05580167266634817,0.032220129093537046,-1.7742518232063236,-1.731888550301969,0.07602150559212387,0.08329340772653752,0.072,0.073,0.083,True,999,0.0001176249934360385,0.0027672090800479054,strong_5x5_mild_500,strong_null,True,925,2969104037,0.0,1,1
500,500,0.12823552094491775,0.11489083994064309,0.11006225198445918,0.09535730760359229,0.013344681004274661,0.014704944380866891,0.03005706416295043,0.4439781920126405,0.48923422131802247,0.65705835095334,0.6246758844019928,0.648,0.642,0.62,True,999,0.0001169589813798666,0.0026821669889613986,strong_5x5_mild_500,strong_null,True,926,2969104037,0.0,1,0
500,500,0.11432823015305416,0.13110052206924827,0.09572290670337225,0.11554934422417773,-0.016772291916194115,-0.019826437520805484,0.0312414726475641,-0.5368598370954787,-0.6346191725488765,0.5913644353649776,0.5256768207305025,0.581,0.591,0.527,True,999,0.0001176249934360385,0.002715707989409566,strong_5x5_mild_500,strong_null,True,927,2969104037,0.0,0,2
500,500,0.11210164548656643,0.13534207289124534,0.0944911897458951,0.11686260416593086,-0.02324042740467891,-0.022371414420035762,0.03139401584513162,-0.7402820817612247,-0.7126012336362177,0.4591288510277446,0.4760925481735281,0.428,0.427,0.451,True,999,0.00011462508700788021,0.0027591250836849213,strong_5x5_mild_500,strong_null,True,928,2969104037,0.0,1,1
500,500,0.10681839760356793,0.11499258565848647,0.08769183111229495,0.09461587477079547,-0.00817418805491854,-0.006924043658500523,0.030469461275615655,-0.26827478113176373,-0.22724535875013163,0.7884878166792719,0.8202329589665596,0.777,0.778,0.811,True,999,0.0001152080949395895,0.002721250057220459,strong_5x5_mild_500,strong_null,True,929,2969104037,0.0,0,0
500,500,0.12539916971275933,0.12791980644496515,0.10452850894591847,0.10924330753289269,-0.0025206367322058165,-0.0047147985869742115,0.032603961758368265,-0.07731074986796228,-0.14460814982903397,0.9383763393458991,0.8850202622430517,0.947,0.947,0.894,True,999,0.0001140419626608491,0.002774291904643178,strong_5x5_mild_500,strong_null,True,930,2969104037,0.0,0,0
500,500,0.10659956708888862,0.08538822655494493,0.08932189717683059,0.06509110122237871,0.02121134053394369,0.024230795954451878,0.02859460382887335,0.7417952233534908,0.8473905111419965,0.4582114150896549,0.3967774916938267,0.418,0.421,0.383,True,999,0.00011091690976172686,0.0027764580445364118,strong_5x5_mild_500,strong_null,True,931,2969104037,0.0,2,0
500,500,0.1303236478098181,0.11152999364614735,0.11291563397685422,0.0927030949175105,0.018793654163670737,0.020212539059343726,0.031078281930799683,0.6047198556701925,0.6503750466113244,0.5453651528441836,0.5154499917659503,0.534,0.537,0.508,True,999,0.00011266698129475117,0.0027074579847976565,strong_5x5_mild_500,strong_null,True,932,2969104037,0.0,1,0
500,500,0.13737154338977264,0.07439624370196773,0.11610188947452116,0.05385251284411652,0.06297529968780491,0.06224937663040464,0.029208543793981034,2.1560574923554436,2.1312043855891334,0.031079176152656162,0.03307230787878613,0.021,0.022,0.026,True,999,0.00012116599828004837,0.0027893329970538616,strong_5x5_mild_500,strong_null,True,933,2969104037,0.0,0,0
500,500,0.10472779763933904,0.11540206258909991,0.0882113577185919,0.09541554533228691,-0.01067426494976087,-0.007204187613695012,0.03006777430566168,-0.3550068203003285,-0.23959830017543013,0.7225844817485061,0.8106416826603591,0.728,0.728,0.81,True,999,0.00011875003110617399,0.002722875098697841,strong_5x5_mild_500,strong_null,True,934,2969104037,0.0,1,0
500,500,0.09680621064718242,0.13626486793763593,0.07885256918007144,0.11961719287273809,-0.0394586572904535,-0.040764623692666646,0.030256601018220676,-1.3041338406350171,-1.34729686484341,0.1921879524737331,0.17788464144377236,0.187,0.184,0.177,True,999,0.00011145800817757845,0.002683166996575892,strong_5x5_mild_500,strong_null,True,935,2969104037,0.0,0,1
500,500,0.10755200916020224,0.15711291333928412,0.08998381948055112,0.14152335004757788,-0.04956090417908188,-0.05153953056702676,0.03142405492714885,-1.577164509608328,-1.6401298523221177,0.11475767687737874,0.10097817064364559,0.116,0.112,0.098,True,999,0.00011824991088360548,0.0027654579607769847,strong_5x5_mild_500,strong_null,True,936,2969104037,0.0,0,2
500,500,0.13468610596337216,0.10210155573852386,0.11694912339567054,0.08298873381409066,0.0325845502248483,0.033960389581579875,0.03055628684092404,1.0663779403067981,1.1114043325479168,0.2862528295790976,0.2663943482771449,0.258,0.258,0.242,True,999,0.00011970801278948784,0.002694666967727244,strong_5x5_mild_500,strong_null,True,937,2969104037,0.0,0,0
500,500,0.09750867667474816,0.11243551074796387,0.07969079513458155,0.0940941471789074,-0.014926834073215711,-0.014403352044325857,0.028753261352913846,-0.5191353387709888,-0.500929333460332,0.6036663664521231,0.6164208573783085,0.609,0.607,0.623,True,999,0.00011691602412611246,0.0027083330787718296,strong_5x5_mild_500,strong_null,True,938,2969104037,0.0,0,1
500,500,0.12478633411275719,0.08406225599896278,0.10739631086187273,0.06443588522586197,0.040724078113794415,0.04296042563601077,0.029428433966676,1.383834361009808,1.4598271075062317,0.1664091790816845,0.14433759650551783,0.153,0.151,0.139,True,999,0.00011666689533740282,0.0028479999164119363,strong_5x5_mild_500,strong_null,True,939,2969104037,0.0,1,0
500,500,0.08022087409057654,0.1478572961710698,0.06255193670023118,0.13162600382372602,-0.06763642208049325,-0.06907406712349484,0.02989109741878855,-2.2627614213313976,-2.3108575157256412,0.023650400253147023,0.020840726360856328,0.024,0.024,0.019,True,999,0.00015129195526242256,0.002681541023775935,strong_5x5_mild_500,strong_null,True,940,2969104037,0.0,0,2
500,500,0.12168897245185795,0.08389711086684137,0.10436451993496121,0.06182447783345424,0.03779186158501657,0.04254004210150697,0.02839843567597012,1.3307726529808428,1.497971317395593,0.18326382882015146,0.13414070272947687,0.173,0.171,0.129,True,999,0.0001152500044554472,0.0026474579935893416,strong_5x5_mild_500,strong_null,True,941,2969104037,0.0,0,0
500,500,0.11544403814619553,0.15855367559569333,0.09472884087477951,0.14001428805238447,-0.043109637449497806,-0.045285447177604965,0.032418030174938404,-1.3298043470520557,-1.3969216184089448,0.18358274331010127,0.1624371428466609,0.202,0.202,0.188,True,999,0.00011320901103317738,0.002860334003344178,strong_5x5_mild_500,strong_null,True,942,2969104037,0.0,0,1
500,500,0.11045032740850447,0.11042700862679222,0.09281443191900962,0.09271143205160115,2.3318781712244885e-05,0.00010299986740847089,0.02972548948008718,0.0007844709076318462,0.00346503520076497,0.9993740828385992,0.9972353074430381,1.0,1.0,0.996,True,999,0.00011254195123910904,0.002631292096339166,strong_5x5_mild_500,strong_null,True,943,2969104037,0.0,0,0
500,500,0.10938784720370087,0.12175154542074518,0.08905829307587965,0.10317476788145541,-0.012363698217044305,-0.014116474805575763,0.030851412911706438,-0.4007498214888224,-0.45756331633742864,0.6886043259143715,0.647266203559544,0.69,0.694,0.648,True,999,0.00011179200373589993,0.002686333958990872,strong_5x5_mild_500,strong_null,True,944,2969104037,0.0,0,0
500,500,0.10501989607740359,0.11726159408990267,0.08553453702711522,0.09932915742933801,-0.01224169801249908,-0.01379462040222279,0.030235118006432107,-0.40488342099061186,-0.45624496650842156,0.6855632054746175,0.6482138334326519,0.68,0.682,0.647,True,999,0.0001230000052601099,0.0027977919671684504,strong_5x5_mild_500,strong_null,True,945,2969104037,0.0,0,0
500,500,0.10518299085303884,0.08942711872738562,0.08742276794453119,0.07205737800961742,0.015755872125653214,0.015365389934913765,0.02812843964104327,0.5601402824585843,0.5462581689918393,0.5753837559732703,0.5848884862053536,0.547,0.543,0.555,True,999,0.00011341692879796028,0.002757375012151897,strong_5x5_mild_500,strong_null,True,946,2969104037,0.0,0,1
500,500,0.11679342417556726,0.1501206642263484,0.09694484778231072,0.1312353817550047,-0.03332724005078114,-0.03429053397269399,0.032566848490530195,-1.023348638124197,-1.0529276108084271,0.30614303466164794,0.292374170485344,0.32,0.314,0.295,True,999,0.00011599995195865631,0.002821541973389685,strong_5x5_mild_500,strong_null,True,947,2969104037,0.0,0,0
500,500,0.14394458854847225,0.10817025049454865,0.12727566560283776,0.08681835650440917,0.035774338053923604,0.040457309098428595,0.03240555121039092,1.1039570912298655,1.2484684749153676,0.2696117514399806,0.2118595462885613,0.242,0.24,0.186,True,999,0.00011479202657938004,0.0027737501077353954,strong_5x5_mild_500,strong_null,True,948,2969104037,0.0,1,0
500,500,0.09811134757899342,0.11594026109722977,0.08130761928492802,0.09761672696885171,-0.017828913518236345,-0.016309107683923685,0.02882103236807619,-0.618607733773779,-0.5658752079258819,0.5361748057940781,0.571478616086369,0.499,0.496,0.532,True,999,0.00011404103133827448,0.0027595829451456666,strong_5x5_mild_500,strong_null,True,949,2969104037,0.0,1,1
500,500,0.13758880629869563,0.12791196084796352,0.1192095085687015,0.1121672376417564,0.009676845450732108,0.007042270926945093,0.03221364826182985,0.3003958251508651,0.21861140562863612,0.7638752477765557,0.8269527672943285,0.733,0.734,0.804,True,999,0.00011162494774907827,0.0027957920683547854,strong_5x5_mild_500,strong_null,True,950,2969104037,0.0,0,2
500,500,0.10705974821036546,0.11156620927788707,0.08735931992640644,0.09194512681932565,-0.004506461067521617,-0.004585806892919209,0.0301447788260682,-0.14949391712320606,-0.1521260752775388,0.8811639088671965,0.8790874984571689,0.863,0.87,0.867,True,999,0.000134957954287529,0.002740417025052011,strong_5x5_mild_500,strong_null,True,951,2969104037,0.0,0,0
500,500,0.14529514543059663,0.08619143187265044,0.12771679646624534,0.06876656421559346,0.05910371355794619,0.05895023225065188,0.02984716663820713,1.9802118664854431,1.9750696260458485,0.047679727026257154,0.04826024719293095,0.049,0.056,0.055,True,999,0.00011433393228799105,0.002699292032048106,strong_5x5_mild_500,strong_null,True,952,2969104037,0.0,1,1
500,500,0.10806992930138526,0.12286868357835845,0.0867981103974671,0.10411713439526693,-0.014798754276973192,-0.01731902399779983,0.0316938579198668,-0.4669281447020315,-0.5464473287407423,0.6405512882034841,0.5847584842003353,0.625,0.625,0.577,True,999,0.00011304207146167755,0.0028099589981138706,strong_5x5_mild_500,strong_null,True,953,2969104037,0.0,0,1
500,500,0.13696182947092017,0.11612098356587874,0.1200110451932801,0.09804211634252624,0.020840845905041427,0.021968928850753855,0.0316173890545526,0.6591577144172993,0.6948369080333829,0.5097944974576787,0.48715751539790797,0.496,0.495,0.476,True,999,0.00011695805005729198,0.002757375012151897,strong_5x5_mild_500,strong_null,True,954,2969104037,0.0,1,0
500,500,0.09702374792122526,0.1135068078713175,0.08135396921380789,0.09719474408018414,-0.01648305995009225,-0.01584077486637625,0.028571554475832404,-0.5769045560343818,-0.554424677165373,0.5640039326792972,0.5792882415202112,0.541,0.539,0.554,True,999,0.00011466699652373791,0.0026729160454124212,strong_5x5_mild_500,strong_null,True,955,2969104037,0.0,2,1
500,500,0.12647736278902122,0.08628237326707655,0.11047563387950277,0.06691603653723632,0.04019498952194467,0.04355959734226644,0.02893079899377813,1.3893494448801438,1.5056479204613185,0.16472651529626892,0.13215757986923735,0.148,0.157,0.133,True,999,0.00011550006456673145,0.00275225006043911,strong_5x5_mild_500,strong_null,True,956,2969104037,0.0,2,1
500,500,0.052598197294695836,0.10614897767645637,0.034445634661892655,0.08747856115348895,-0.05355078038176053,-0.0530329264915963,0.02544056862308017,-2.1049364570089932,-2.0845810200753063,0.03529683967658002,0.03710734881579063,0.033,0.035,0.038,True,999,0.00011987506877630949,0.002765791956335306,strong_5x5_mild_500,strong_null,True,957,2969104037,0.0,0,0
500,500,0.12492015880789342,0.13836845427976363,0.10751028451988986,0.12096411750940206,-0.013448295471870209,-0.013453832989512193,0.03196696248715432,-0.4206935669059675,-0.42086679317493847,0.6739788593222567,0.6738523546402465,0.656,0.656,0.657,True,999,0.0001165410503745079,0.002682457910850644,strong_5x5_mild_500,strong_null,True,958,2969104037,0.0,1,1
500,500,0.15317706685187216,0.10228139238433576,0.13523316377398942,0.08327855652112248,0.0508956744675364,0.051954607252866936,0.03124597391438043,1.6288714381891143,1.662761653556771,0.1033402376074816,0.09636015535007278,0.126,0.118,0.11,True,999,0.00011216592974960804,0.002767791971564293,strong_5x5_mild_500,strong_null,True,959,2969104037,0.0,1,0
500,500,0.13144001668751448,0.1602006462213852,0.11283390055950804,0.142051008796102,-0.028760629533870707,-0.02921710823659396,0.033755959858446184,-0.8520163448018326,-0.8655392517088639,0.3942050203551649,0.38674288175143523,0.414,0.416,0.408,True,999,0.0001139170490205288,0.0027803339762613177,strong_5x5_mild_500,strong_null,True,960,2969104037,0.0,0,0
500,500,0.10536522196472498,0.10710725495188567,0.08725224787593788,0.08970689716227298,-0.001742032987160691,-0.0024546492863350977,0.029049463887406885,-0.059967818818022066,-0.08449895309080739,0.952181265407984,0.9326597351785275,0.957,0.954,0.939,True,999,0.0001180840190500021,0.002733709057793021,strong_5x5_mild_500,strong_null,True,961,2969104037,0.0,1,1
500,500,0.14956453691206362,0.09233324173254753,0.13098222886310396,0.07370168642012231,0.057231295179516084,0.05728054244298164,0.03076632319934754,1.8601928741595546,1.8617935614807684,0.06285824286794751,0.06263219440283288,0.057,0.057,0.06,True,999,0.00011483405251055956,0.002741958014667034,strong_5x5_mild_500,strong_null,True,962,2969104037,0.0,1,0
500,500,0.13785011125555524,0.08085579808843568,0.12059204635397691,0.06359338053391639,0.05699431316711956,0.05699866582006052,0.0284923630028588,2.0003364817934193,2.00048924739382,0.04546394216553423,0.04544745985760413,0.035,0.037,0.036,True,999,0.00011320901103317738,0.0028137500630691648,strong_5x5_mild_500,strong_null,True,963,2969104037,0.0,1,1
500,500,0.13208327968736921,0.1250436305620395,0.11375422197829721,0.10669598229725352,0.007039649125329728,0.007058239681043688,0.03197167236305065,0.22018395051068337,0.22076542011611586,0.8257278955625844,0.825275090008969,0.817,0.817,0.819,True,999,0.00011462497059255838,0.002792457933537662,strong_5x5_mild_500,strong_null,True,964,2969104037,0.0,1,1
500,500,0.160151714260094,0.1584728327118885,0.1468883215275696,0.13979022732110025,0.001678881548205502,0.007098094206469341,0.03439164160803301,0.04881655744555555,0.2063900958077967,0.9610654869724177,0.8364862066961737,0.967,0.966,0.846,True,999,0.00011437502689659595,0.0028572080191224813,strong_5x5_mild_500,strong_null,True,965,2969104037,0.0,4,0
500,500,0.13270097813511306,0.09530325348471846,0.11292208991540065,0.07760424948719447,0.03739772465039459,0.03531784042820618,0.030821978086869845,1.213346026818636,1.1458654706931861,0.2249975524620894,0.25185082030051875,0.219,0.224,0.247,True,999,0.00013633398339152336,0.0026950419414788485,strong_5x5_mild_500,strong_null,True,966,2969104037,0.0,0,0
500,500,0.12136279948607265,0.12455136641617504,0.10390893756562036,0.10561742253366901,-0.003188566930102388,-0.0017084849680486514,0.030613240222339865,-0.10415646651397412,-0.05580869439628585,0.9170451806906693,0.9554942086141732,0.901,0.903,0.952,True,999,0.00011179095599800348,0.0027361250249668956,strong_5x5_mild_500,strong_null,True,967,2969104037,0.0,1,0
500,500,0.06792261146541256,0.10607681584940187,0.04576302588384351,0.08649376200560255,-0.03815420438398931,-0.04073073612175904,0.027462940904819513,-1.3892978365362747,-1.4831163298542123,0.16474220150529661,0.13804350609100197,0.17,0.17,0.15,True,999,0.00011970894411206245,0.0028601670637726784,strong_5x5_mild_500,strong_null,True,968,2969104037,0.0,0,0
500,500,0.0964254303550629,0.14806562680204327,0.07638178987906485,0.12685901160944013,-0.05164019644698037,-0.05047722173037528,0.03139875270930485,-1.6446575736646083,-1.6076186910257941,0.10004044668356954,0.10791871607775307,0.088,0.09,0.102,True,999,0.00011633301619440317,0.002736708032898605,strong_5x5_mild_500,strong_null,True,969,2969104037,0.0,0,0
500,500,0.11478688025001005,0.12725211267404224,0.09580964958007598,0.1083336219338662,-0.012465232424032191,-0.012523972353790214,0.030912987217772483,-0.4032361006142326,-0.40513627057659235,0.6867745444766971,0.6853773467300006,0.671,0.671,0.68,True,999,0.00011333299335092306,0.00270845799241215,strong_5x5_mild_500,strong_null,True,970,2969104037,0.0,0,0
500,500,0.11789946098171433,0.14408368939910243,0.09882452950915876,0.12354089581043581,-0.0261842284173881,-0.02471636630127705,0.03276017565882825,-0.7992700860360602,-0.7544637903861926,0.4241338204446472,0.4505707801107801,0.421,0.424,0.446,True,999,0.00011999998241662979,0.002837665961124003,strong_5x5_mild_500,strong_null,True,971,2969104037,0.0,0,0
500,500,0.12513228885491356,0.14852208665745326,0.10461945580487964,0.12974897202167313,-0.02338979780253969,-0.02512951621679349,0.033529048595699856,-0.6975980167101867,-0.7494849173864236,0.48542862225876626,0.45356498598003314,0.481,0.477,0.457,True,999,0.00011462497059255838,0.002710459055379033,strong_5x5_mild_500,strong_null,True,972,2969104037,0.0,0,0
500,500,0.13024336965950012,0.1455098672112225,0.11082247925924094,0.12761381874753397,-0.01526649755172238,-0.016791339488293033,0.03257087429839018,-0.4687162343835802,-0.5155323536747354,0.6392724812499475,0.6061810671565666,0.652,0.649,0.61,True,999,0.00011387502308934927,0.0027600839966908097,strong_5x5_mild_500,strong_null,True,973,2969104037,0.0,0,1
500,500,0.10002414102168034,0.12478664830388375,0.08056604672600542,0.10626350066775103,-0.024762507282203416,-0.025697453941745607,0.03021306480280047,-0.8195960073507061,-0.8505411188660242,0.41244645050385187,0.39502430970389824,0.382,0.377,0.361,True,999,0.00011179200373589993,0.002786666969768703,strong_5x5_mild_500,strong_null,True,974,2969104037,0.0,0,0
500,500,0.1272571400853093,0.11596519355177204,0.10982975976810394,0.09637629554299565,0.011291946533537267,0.013453464225108291,0.030890451166927107,0.36554812594084096,0.435521778312913,0.7147022892596167,0.6631837345983508,0.736,0.734,0.679,True,999,0.00011433300096541643,0.00274758308660239,strong_5x5_mild_500,strong_null,True,975,2969104037,0.0,1,0
500,500,0.08920063183509641,0.1316930779457769,0.06988934689059079,0.11313752668013421,-0.04249244611068048,-0.04324817978954343,0.030160621304889796,-1.408871709940252,-1.4339286764802757,0.15887310609852767,0.15159261747053587,0.127,0.134,0.131,True,999,0.00011591706424951553,0.002800040994770825,strong_5x5_mild_500,strong_null,True,976,2969104037,0.0,1,0
500,500,0.1318450861961984,0.10976134385279335,0.11078408736301526,0.09135898605580905,0.022083742343405044,0.019425101307206205,0.03121404036357177,0.7074938741085821,0.6223193499126822,0.4792596182305109,0.5337319000984206,0.48,0.479,0.535,True,999,0.00011312495917081833,0.00291516596917063,strong_5x5_mild_500,strong_null,True,977,2969104037,0.0,1,0
500,500,0.12190620348566972,0.09971044887015701,0.10542651999878672,0.08092444274996069,0.02219575461551271,0.024502077248826026,0.02967438488108453,0.7479769068325673,0.8256978989459859,0.45447408694762514,0.4089754844329798,0.46,0.462,0.415,True,999,0.00013104197569191456,0.0028169999131932855,strong_5x5_mild_500,strong_null,True,978,2969104037,0.0,1,0
500,500,0.14022343139183535,0.15311351408790963,0.11989983410921923,0.1334362841807888,-0.012890082696074279,-0.013536450071569561,0.032680613674635636,-0.39442596838622535,-0.41420428044396207,0.6932665745327158,0.6787245072722993,0.704,0.706,0.691,True,999,0.00011916703078895807,0.002749042003415525,strong_5x5_mild_500,strong_null,True,979,2969104037,0.0,0,0
500,500,0.13765103094012288,0.14184146086938498,0.1181329535935447,0.12325856853794903,-0.004190429929262107,-0.005125614944404333,0.03322297765747195,-0.12613047428997282,-0.15427921594654434,0.899628645104904,0.8773895843771116,0.904,0.904,0.882,True,999,0.00014366698451340199,0.0028380410512909293,strong_5x5_mild_500,strong_null,True,980,2969104037,0.0,0,0
500,500,0.12573864144133284,0.12218516115242384,0.10828961599821696,0.10349338351545612,0.0035534802889090056,0.004796232482760843,0.03129637774043579,0.11354286168133158,0.1532520000410136,0.9096001840611192,0.8781995518504602,0.919,0.92,0.887,True,999,0.00011916703078895807,0.0027867089956998825,strong_5x5_mild_500,strong_null,True,981,2969104037,0.0,1,0
500,500,0.12433813965556573,0.08856647786582683,0.1082057516414352,0.06897119413986275,0.035771661789738896,0.039234557501572453,0.02908436145988967,1.2299276997733541,1.34899153813918,0.21872418038158592,0.1773396840546282,0.217,0.214,0.178,True,999,0.00012433400843292475,0.002946375054307282,strong_5x5_mild_500,strong_null,True,982,2969104037,0.0,2,1
500,500,0.0895402040525537,0.13725370850574792,0.07166760250595416,0.1194731269146132,-0.04771350445319422,-0.04780552440865904,0.030486296409127672,-1.5650803827685897,-1.5680987866517608,0.11756406269973714,0.11685807967630074,0.107,0.103,0.1,True,999,0.00012404192239046097,0.0028379999566823244,strong_5x5_mild_500,strong_null,True,983,2969104037,0.0,0,0
500,500,0.12535677935631695,0.11742817801150518,0.10654143373062652,0.09985440282980562,0.00792860134481177,0.006687030900820901,0.03191239787662141,0.24844893747768657,0.20954335448793487,0.8037870735932632,0.8340240945160982,0.804,0.804,0.828,True,999,0.00011849997099488974,0.002827625023201108,strong_5x5_mild_500,strong_null,True,984,2969104037,0.0,0,1
500,500,0.09345336848464392,0.10242332252858866,0.07540986368661606,0.0849206024673208,-0.008969954043944739,-0.009510738780704742,0.02862748981577786,-0.3133335860624778,-0.3322239861723034,0.7540272359100284,0.7397201330443806,0.746,0.748,0.739,True,999,0.0001189579488709569,0.002888708026148379,strong_5x5_mild_500,strong_null,True,985,2969104037,0.0,0,1
500,500,0.14692725935236162,0.12802340386040556,0.12988411321856574,0.10769816475118432,0.018903855491956056,0.022185948467381422,0.031352066925318854,0.6029540424554897,0.707639101441979,0.5465392627850654,0.4791694043040221,0.543,0.537,0.468,True,999,0.00011754198931157589,0.002717750030569732,strong_5x5_mild_500,strong_null,True,986,2969104037,0.0,2,0
500,500,0.13245589258712742,0.12158306397227892,0.11196213957015289,0.10238508092885468,0.010872828614848506,0.009577058641298208,0.03246862364773414,0.33487186684635706,0.2949634929156153,0.7377217450505664,0.7680217680243706,0.733,0.742,0.783,True,999,0.00011304207146167755,0.002795040956698358,strong_5x5_mild_500,strong_null,True,987,2969104037,0.0,0,0
500,500,0.13358843369187734,0.11968340250928777,0.11597372075505064,0.10199098391399275,0.013905031182589567,0.013982736841057886,0.03214876856888961,0.4325214246633844,0.4349384895130631,0.6653624841946055,0.663607075781444,0.651,0.657,0.664,True,999,0.0001181670231744647,0.0028137080371379852,strong_5x5_mild_500,strong_null,True,988,2969104037,0.0,0,1
500,500,0.12066743538954738,0.1454184155543713,0.10251548371110175,0.13003256351549908,-0.02475098016482391,-0.027517079804397326,0.032119283536841736,-0.7705956496954183,-0.8567152431290832,0.4409466405710216,0.39160227699642214,0.461,0.452,0.402,True,999,0.00011849997099488974,0.0028005409985780716,strong_5x5_mild_500,strong_null,True,989,2969104037,0.0,0,2
500,500,0.1145707886744376,0.13154564987968098,0.09802473488122132,0.11429282261838125,-0.016974861205243386,-0.01626808773715993,0.03096095492453364,-0.5482667200226569,-0.5254388237317902,0.5835087752564112,0.5992781705139194,0.582,0.579,0.605,True,999,0.00011929194442927837,0.002789375022985041,strong_5x5_mild_500,strong_null,True,990,2969104037,0.0,1,1
500,500,0.07758680621370617,0.10238951343989422,0.05874123831245015,0.08365577826259596,-0.024802707226188048,-0.02491453995014581,0.02768867634655797,-0.8957707806524062,-0.8998097142062547,0.3703751985303727,0.36822152385050155,0.346,0.333,0.337,True,999,0.00012091698590666056,0.0028681668918579817,strong_5x5_mild_500,strong_null,True,991,2969104037,0.0,0,0
500,500,0.08340386387796983,0.07224649888827228,0.06357868054050186,0.053883996032027426,0.011157364989697549,0.009694684508474438,0.025855950241774717,0.4315202065817297,0.37494984395549363,0.6660901633570989,0.7076977685666086,0.637,0.634,0.685,True,999,0.00011895806528627872,0.002758665941655636,strong_5x5_mild_500,strong_null,True,992,2969104037,0.0,0,1
500,500,0.14394902636471052,0.11163178776736715,0.12718297036360582,0.09226562623842938,0.03231723859734337,0.03491734412517644,0.031380988573572556,1.029834943586171,1.1126910181083978,0.3030874941872852,0.26584115441443235,0.294,0.294,0.251,True,999,0.0001181670231744647,0.0027227919781580567,strong_5x5_mild_500,strong_null,True,993,2969104037,0.0,1,0
500,500,0.10475459961053712,0.13922864997429596,0.08800140783034749,0.12037704886711253,-0.034474050363758835,-0.032375641036765046,0.03182068890952658,-1.0833847897440676,-1.017439978399472,0.2786376641044155,0.30894417181210965,0.286,0.285,0.318,True,999,0.00011374999303370714,0.0027314580511301756,strong_5x5_mild_500,strong_null,True,994,2969104037,0.0,1,0
500,500,0.11009596936995591,0.11016445415833775,0.08989746442398427,0.0918295302307115,-6.848478838183958e-05,-0.0019320658067272234,0.029512024999060863,-0.0023205723220964644,-0.06546707000921509,0.9981484528337538,0.9478021243957108,1.0,1.0,0.943,True,999,0.00011266604997217655,0.00275841704569757,strong_5x5_mild_500,strong_null,True,995,2969104037,0.0,0,1
500,500,0.12093005369638643,0.08572818781775493,0.10377572194840923,0.06750936600775503,0.0352018658786315,0.036266355940654194,0.028102561673459453,1.252621248114785,1.2905000035959273,0.2103435782881532,0.1968771105866831,0.188,0.185,0.176,True,999,0.00011799996718764305,0.0027097079437226057,strong_5x5_mild_500,strong_null,True,996,2969104037,0.0,1,1
500,500,0.14236267122332125,0.11652939390204264,0.125930906702024,0.09648491263112646,0.025833277321278603,0.02944599407089754,0.03202348332998145,0.8066979177462755,0.9195125267128333,0.4198405440740137,0.3578275565338709,0.436,0.44,0.391,True,999,0.00011337501928210258,0.0027512090746313334,strong_5x5_mild_500,strong_null,True,997,2969104037,0.0,2,0
500,500,0.1562987699955085,0.11811602769282681,0.13674436895075814,0.09677244287149733,0.038182742302681705,0.03997192607926081,0.032943970787794354,1.15902064595165,1.213330546482584,0.2464477695438685,0.22500346860277531,0.237,0.238,0.225,True,999,0.0001154160127043724,0.0027586250798776746,strong_5x5_mild_500,strong_null,True,998,2969104037,0.0,0,0
500,500,0.10661399057222465,0.11229986645852763,0.08878791029434296,0.09264819226382315,-0.005685875886302982,-0.0038602819694801838,0.0303328131503181,-0.1874496723441345,-0.12726422539017623,0.8513080798404107,0.8987312740332695,0.87,0.869,0.908,True,999,0.0001199580729007721,0.002764333039522171,strong_5x5_mild_500,strong_null,True,999,2969104037,0.0,1,0
500,500,0.10470732173550568,0.09167010663875852,0.08519833854393255,0.07312023445319937,0.013037215096747157,0.012078104090733177,0.028556284071189625,0.4565445232385952,0.4229578351519045,0.6479984619467111,0.6723260248976315,0.66,0.648,0.678,True,999,0.00011437502689659595,0.0027704579988494515,strong_5x5_mild_500,strong_null,True,1000,2969104037,0.0,0,1
500,500,0.1225612704815795,0.10031461160496202,0.10375418405863002,0.08288969755972175,0.022246658876617476,0.020864486498908263,0.02979367397053914,0.7466906867080451,0.7002992151803662,0.45525029281274165,0.48374046178278884,0.439,0.437,0.469,True,999,0.00011279096361249685,0.0027122499886900187,strong_5x5_mild_500,strong_null,True,1001,2969104037,0.0,0,0
500,500,0.132351934346574,0.10856871211937213,0.11425187597961894,0.08979729325585595,0.02378322222720186,0.024454582723762996,0.030957974954723633,0.7682421819251768,0.7899283709457121,0.44234331737933763,0.42956960141998324,0.426,0.427,0.416,True,999,0.00011208304204046726,0.0028216249775141478,strong_5x5_mild_500,strong_null,True,1002,2969104037,0.0,0,0
500,500,0.12090235769673141,0.10474644952891055,0.1016809824445204,0.08750893455976438,0.016155908167820865,0.014172047884756012,0.02990884493085173,0.5401715848663764,0.47384136423594164,0.5890787068124381,0.6356130351234915,0.587,0.594,0.647,True,999,0.00011562497820705175,0.0026995419757440686,strong_5x5_mild_500,strong_null,True,1003,2969104037,0.0,1,1
500,500,0.132545945883494,0.13047910435631027,0.11493052983354346,0.11264656389727179,0.002066841527183727,0.00228396593627167,0.03289936637171148,0.0628231408420346,0.06942279405829342,0.9499073385366482,0.9446530856530868,0.936,0.936,0.934,True,999,0.00012295797932893038,0.0027009580517187715,strong_5x5_mild_500,strong_null,True,1004,2969104037,0.0,1,0
500,500,0.08219766827205266,0.14293805061497777,0.06428666593126309,0.12313541847902343,-0.060740382342925114,-0.05884875254776034,0.030747593792414048,-1.9754515671372892,-1.9139303369579224,0.04821692574530556,0.055629057495484385,0.039,0.044,0.057,True,999,0.00011391600128263235,0.002876000013202429,strong_5x5_mild_500,strong_null,True,1005,2969104037,0.0,1,0
500,500,0.07198025520019202,0.13863491541887019,0.054521449459173255,0.1199152772734351,-0.06665466021867816,-0.06539382781426184,0.029093100384282037,-2.2910813676870716,-2.247743518239527,0.02195870806202779,0.024592549315607004,0.013,0.013,0.014,True,999,0.00012866593897342682,0.0027695830212906003,strong_5x5_mild_500,strong_null,True,1006,2969104037,0.0,1,0
500,500,0.11234705710081494,0.10228624251626162,0.09429206403922308,0.08277028806526232,0.010060814584553324,0.011521775973960757,0.028909296685909,0.34801312165636933,0.3985491622000169,0.7278303290910835,0.6902254270177994,0.714,0.72,0.68,True,999,0.00011600006837397814,0.0027842919807881117,strong_5x5_mild_500,strong_null,True,1007,2969104037,0.0,1,0
500,500,0.111236551339986,0.10001561534571257,0.09376855318231492,0.08112647526542105,0.011220935994273429,0.012642077916893868,0.028981161800352997,0.3871803370607715,0.43621708487683486,0.6986227058929229,0.6626792333078267,0.708,0.706,0.672,True,999,0.0001260410062968731,0.002867375034838915,strong_5x5_mild_500,strong_null,True,1008,2969104037,0.0,1,0
500,500,0.13329085486499492,0.11442284973737715,0.11364069372541508,0.09469861877022367,0.01886800512761777,0.0189420749551914,0.031122256359048858,0.6062544087402538,0.6086343720282336,0.5443458280611748,0.542766816247371,0.563,0.559,0.553,True,999,0.00011312495917081833,0.002714166068471968,strong_5x5_mild_500,strong_null,True,1009,2969104037,0.0,0,0
500,500,0.14965687135546735,0.09660753236639263,0.13208631524042858,0.07903845876666082,0.05304933898907471,0.05304785647376775,0.03022954389049585,1.7548838706016134,1.7548348286672617,0.07927917362692088,0.07928756428299251,0.084,0.082,0.085,True,999,0.00011333299335092306,0.002767292084172368,strong_5x5_mild_500,strong_null,True,1010,2969104037,0.0,1,1
500,500,0.1689500922515318,0.09121654521472244,0.14919932878666486,0.07468381346825481,0.07773354703680935,0.07451551531841005,0.031959320994729,2.4322652865381533,2.331573794408829,0.015004712930620983,0.019723123763632482,0.017,0.017,0.022,True,999,0.00011575000826269388,0.0027749999426305294,strong_5x5_mild_500,strong_null,True,1011,2969104037,0.0,0,1
500,500,0.1409162198437317,0.1257531281555957,0.12137724528002991,0.10674618064956576,0.01516309168813601,0.014631064630464152,0.0317591018432122,0.47744082194115267,0.4606888665395686,0.6330482512849349,0.6450218438468902,0.608,0.611,0.628,True,999,0.00011429097503423691,0.002746082958765328,strong_5x5_mild_500,strong_null,True,1012,2969104037,0.0,1,0
500,500,0.17272217769420262,0.08589633882139713,0.1574622293933885,0.06789442196014761,0.08682583887280548,0.08956780743324089,0.03136534451677656,2.768209315423411,2.8556296387987463,0.005636524208305879,0.004295158398620539,0.005,0.005,0.002,True,999,0.00011204206384718418,0.0028119590133428574,strong_5x5_mild_500,strong_null,True,1013,2969104037,0.0,3,0
500,500,0.09376485623583442,0.12016566540430729,0.0751391981768279,0.10288210539619058,-0.026400809168472872,-0.027742907219362678,0.02973002164777244,-0.8880184979768081,-0.9331613527917277,0.374530801139923,0.35073666555731686,0.352,0.346,0.323,True,999,0.00011450005695223808,0.002813208964653313,strong_5x5_mild_500,strong_null,True,1014,2969104037,0.0,0,1
500,500,0.13111402968056463,0.145950196889439,0.11473840018948067,0.12845884445584943,-0.014836167208874373,-0.013720444266368759,0.0324586193395259,-0.4570794294632211,-0.4227057264158163,0.647613955137707,0.6725099770669791,0.65,0.648,0.673,True,999,0.00011379201896488667,0.0027045829920098186,strong_5x5_mild_500,strong_null,True,1015,2969104037,0.0,1,1
500,500,0.16713070957869425,0.1017475900618936,0.14963549433753087,0.08311972519726396,0.06538311951680065,0.06651576914026691,0.030940573364457512,2.113183836208687,2.1497910965242757,0.034585036223065045,0.031571742775801034,0.038,0.037,0.031,True,999,0.0001106249401345849,0.0027515830006450415,strong_5x5_mild_500,strong_null,True,1016,2969104037,0.0,1,0
500,500,0.1149632363253692,0.11727134303030007,0.095494911953665,0.097035347364681,-0.002308106704930868,-0.0015404354110160057,0.0306270742609135,-0.0753616452315359,-0.05029652515591151,0.9399269750658962,0.9598860927909135,0.947,0.947,0.966,True,999,0.00011108291801065207,0.0027764170663431287,strong_5x5_mild_500,strong_null,True,1017,2969104037,0.0,0,0
500,500,0.0885105445039559,0.11739905819231788,0.07096250411632354,0.09852338590729914,-0.028888513688361983,-0.0275608817909756,0.029735803105934357,-0.9715060859612943,-0.9268584975757823,0.33129632396864084,0.35400000791386277,0.317,0.325,0.36,True,999,0.00011333299335092306,0.0027636659797281027,strong_5x5_mild_500,strong_null,True,1018,2969104037,0.0,2,0
500,500,0.11577789074763312,0.0912273149048568,0.10047492347155185,0.07060900067187958,0.024550575842776312,0.029865922799672262,0.029288793487391798,0.8382242120470006,1.019704782736404,0.4019047912861359,0.3078684927176767,0.379,0.379,0.297,True,999,0.00011979194823652506,0.002894458011724055,strong_5x5_mild_500,strong_null,True,1019,2969104037,0.0,3,0
500,500,0.09957112120111755,0.12868825975323728,0.08182477666309751,0.11029843278248563,-0.029117138552119726,-0.028473656119388124,0.029758231525375208,-0.978456617198209,-0.9568329386478591,0.327848537838867,0.33865158395500705,0.303,0.299,0.309,True,999,0.0001165829598903656,0.0027809999883174896,strong_5x5_mild_500,strong_null,True,1020,2969104037,0.0,1,1
500,500,0.12421172759511356,0.14578487151969743,0.10632020593834568,0.12727916326701916,-0.02157314392458387,-0.020958957328673478,0.03360243218728389,-0.6420113819245429,-0.6237333420348345,0.5208657928388167,0.532802722439168,0.486,0.488,0.503,True,999,0.00011416699271649122,0.0026603329461067915,strong_5x5_mild_500,strong_null,True,1021,2969104037,0.0,0,0
500,500,0.08007174873691447,0.1691553563842212,0.06207937663162966,0.15255626181578918,-0.08908360764730672,-0.09047688518415953,0.030460353424447802,-2.924575641194211,-2.970316329670089,0.00344926238982244,0.002974932409931629,0.005,0.005,0.004,True,999,0.00011341692879796028,0.00279466703068465,strong_5x5_mild_500,strong_null,True,1022,2969104037,0.0,0,1
500,500,0.09412975067513663,0.115871993863353,0.07751070899212209,0.09794586988789433,-0.02174224318821638,-0.020435160895772242,0.02878426679960202,-0.7553516419086623,-0.7099420331962315,0.45003802049088726,0.4777400833270511,0.443,0.445,0.472,True,999,0.0001115420600399375,0.0027128750225529075,strong_5x5_mild_500,strong_null,True,1023,2969104037,0.0,1,0
500,500,0.10688811926116082,0.11319271112943685,0.08931875341329487,0.09548078699560847,-0.006304591868276033,-0.0061620335823135974,0.029522244628524718,-0.2135539471204187,-0.20872510406474218,0.8308949157021578,0.8346628415438776,0.82,0.822,0.829,True,999,0.0001140419626608491,0.002729042083956301,strong_5x5_mild_500,strong_null,True,1024,2969104037,0.0,1,0
500,500,0.10099854525552643,0.09742615338458327,0.08263278951847042,0.07709307456451597,0.003572391870943159,0.005539714953954444,0.028682518735245972,0.12454944783329969,0.19313906861140023,0.900880251427169,0.8468500563148859,0.91,0.912,0.849,True,999,0.00011675001587718725,0.002708834013901651,strong_5x5_mild_500,strong_null,True,1025,2969104037,0.0,0,0
500,500,0.14588541430559765,0.10248447528943827,0.126804913969238,0.08388019754698917,0.04340093901615938,0.04292471642224882,0.03202756054198905,1.3551122308943733,1.3402430811417338,0.1753818024474323,0.1801663296623155,0.184,0.184,0.185,True,999,0.0001128750154748559,0.0027447500033304095,strong_5x5_mild_500,strong_null,True,1026,2969104037,0.0,0,0
500,500,0.07978145994665842,0.07682081692938392,0.06203614968524107,0.05895085466715955,0.0029606430172745,0.003085295018081524,0.025346831223940026,0.11680525234563362,0.12172310577298001,0.9070143814767183,0.9031183135453507,0.888,0.888,0.89,True,999,0.00012787501327693462,0.0027069590287283063,strong_5x5_mild_500,strong_null,True,1027,2969104037,0.0,0,1
500,500,0.11944186661626377,0.08883886013399156,0.10018941418525174,0.07066770210406048,0.03060300648227221,0.029521712081191254,0.029212757236286555,1.0475904836623486,1.0105760247964861,0.29482732378253695,0.3122193955765541,0.281,0.278,0.294,True,999,0.00011449994053691626,0.002719040960073471,strong_5x5_mild_500,strong_null,True,1028,2969104037,0.0,0,0
500,500,0.12588632839990233,0.11663234248600274,0.10957300282854021,0.09644145452381281,0.009253985913899587,0.013131548304727403,0.0303914938113948,0.3044926311068643,0.43207972553833274,0.7607526059231563,0.6656834696092535,0.774,0.773,0.671,True,999,0.00015220895875245333,0.002754957997240126,strong_5x5_mild_500,strong_null,True,1029,2969104037,0.0,2,0
500,500,0.11177556509968511,0.12308020712073642,0.09378590042007318,0.1055623346945822,-0.011304642021051303,-0.011776434274509029,0.030292649227962484,-0.37318102936392356,-0.3887555091628783,0.7090137143838238,0.6974570154779733,0.699,0.697,0.682,True,999,0.00011308304965496063,0.00275387498550117,strong_5x5_mild_500,strong_null,True,1030,2969104037,0.0,0,1
500,500,0.0905409327863792,0.0931357264880297,0.07041660932253535,0.0733922153608546,-0.0025947937016504996,-0.002975606038319256,0.027978109434813058,-0.09274371121094435,-0.10635479303032251,0.926107170113015,0.9153008595114204,0.935,0.936,0.919,True,999,0.00011250004172325134,0.0028903750935569406,strong_5x5_mild_500,strong_null,True,1031,2969104037,0.0,1,0
500,500,0.13086040949624378,0.11689473972676911,0.11147717601909335,0.09882020779934919,0.013965669769474665,0.012656968219744158,0.03134965468760837,0.4454808165716383,0.4037354907372265,0.6559723200349872,0.6864072382721842,0.683,0.685,0.709,True,999,0.00011479097884148359,0.0027227919781580567,strong_5x5_mild_500,strong_null,True,1032,2969104037,0.0,0,1
500,500,0.1661732065478827,0.1131316127859544,0.14881015471087267,0.09471720267555384,0.053041593761928296,0.05409295203531883,0.03266016326911201,1.6240455788563617,1.6562364244662746,0.10436608133519977,0.09767394955563764,0.1,0.099,0.093,True,999,0.00011225009802728891,0.0027139169396832585,strong_5x5_mild_500,strong_null,True,1033,2969104037,0.0,1,1
500,500,0.1095052439480746,0.11540205886578137,0.08876974794031867,0.09793582410037516,-0.005896814917706772,-0.009166076160056491,0.03073222421011,-0.1918772581311213,-0.2982561918522357,0.8478383518174666,0.7655076372933693,0.835,0.836,0.745,True,999,0.00011595897376537323,0.0028295000083744526,strong_5x5_mild_500,strong_null,True,1034,2969104037,0.0,0,1
500,500,0.10396011374057301,0.16146397694086523,0.08569358473840794,0.1421687814059851,-0.057503863200292216,-0.056475196667577165,0.03201800586665498,-1.7959851540966634,-1.763857402699555,0.07249687815467944,0.07775599016795674,0.059,0.064,0.065,True,999,0.00011612509842962027,0.0026922080432996154,strong_5x5_mild_500,strong_null,True,1035,2969104037,0.0,1,0
500,500,0.1380421743075062,0.08647026184709716,0.12084076051053216,0.06797532601262901,0.05157191246040904,0.05286543449790315,0.030044708702311518,1.7165056573319784,1.7595588967662683,0.08606953341451305,0.07848262586568291,0.061,0.063,0.059,True,999,0.0001117499778047204,0.002754166955128312,strong_5x5_mild_500,strong_null,True,1036,2969104037,0.0,1,0
500,500,0.13797097032879546,0.14994791157498577,0.12153148261415936,0.13140307362584736,-0.011976941246190309,-0.009871591011687997,0.032568700714583405,-0.3677439069845163,-0.30310054730761055,0.7130641981038031,0.761813237068395,0.691,0.691,0.744,True,999,0.00011849997099488974,0.0027732920134440064,strong_5x5_mild_500,strong_null,True,1037,2969104037,0.0,1,0
500,500,0.11750041583312543,0.1170315119505907,0.0986631899376107,0.09695710361575038,0.0004689038825347325,0.0017060863218603117,0.03041869922497184,0.015414987967328724,0.0560867612793818,0.9877011061788274,0.9552726903060066,0.987,0.987,0.951,True,999,0.00011499994434416294,0.0027273340383544564,strong_5x5_mild_500,strong_null,True,1038,2969104037,0.0,1,0
500,500,0.12471064311494862,0.10322008610559874,0.1077648012321788,0.0834372054956134,0.021490557009349875,0.0243275957365654,0.03059973631319669,0.7023118365919279,0.7950263194285659,0.4824847131705956,0.426598192352604,0.473,0.472,0.424,True,999,0.00011316698510199785,0.0028310409979894757,strong_5x5_mild_500,strong_null,True,1039,2969104037,0.0,1,0
500,500,0.0942350902421456,0.12392494790217934,0.07459384680902303,0.10557497698977159,-0.029689857660033736,-0.03098113018074855,0.029992506855582336,-0.9899091730809334,-1.0329623438923115,0.32221851546284985,0.3016215211980168,0.307,0.306,0.284,True,999,0.00011233298573642969,0.0028122920775786042,strong_5x5_mild_500,strong_null,True,1040,2969104037,0.0,0,1
500,500,0.09359981820595564,0.13180860982633114,0.07454350222593575,0.1133443417855915,-0.03820879162037549,-0.03880083955965574,0.030297233396599982,-1.2611313752714914,-1.2806726954814973,0.20726151814875038,0.20030865420905541,0.193,0.204,0.202,True,999,0.00011266604997217655,0.0027316249907016754,strong_5x5_mild_500,strong_null,True,1041,2969104037,0.0,0,0
500,500,0.11488047701603488,0.14598723442610062,0.09272478764711423,0.129537590893392,-0.031106757410065744,-0.03681280324627778,0.03140769552142492,-0.990418331992747,-1.1720950115924849,0.3219696887578022,0.24115891247973842,0.319,0.312,0.241,True,999,0.00012029102072119713,0.0028400419978424907,strong_5x5_mild_500,strong_null,True,1042,2969104037,0.0,0,1
500,500,0.09836972751598982,0.09136401643857761,0.07887414551180427,0.07312568353586357,0.007005711077412213,0.0057484619759407,0.027811742489476394,0.25189759613454943,0.20669190282183303,0.801120217697416,0.8362504814682483,0.781,0.783,0.827,True,999,0.0001177079975605011,0.0029125830624252558,strong_5x5_mild_500,strong_null,True,1043,2969104037,0.0,1,1
500,500,0.13904614422742023,0.1486346265688041,0.121433546649655,0.1310629233080931,-0.009588482341383875,-0.009629376658438105,0.03290579561617151,-0.2913919010872245,-0.2926346705230783,0.7707516079365149,0.7698014100227362,0.802,0.806,0.796,True,999,0.00011825002729892731,0.002720082993619144,strong_5x5_mild_500,strong_null,True,1044,2969104037,0.0,1,1
500,500,0.09976686421165215,0.16084791333502313,0.08201351734430773,0.14334207144236188,-0.06108104912337098,-0.061328554098054155,0.03152117626092239,-1.9377782293960495,-1.9456302515615425,0.052650284935984434,0.05169917042791939,0.053,0.052,0.056,True,999,0.00011224998161196709,0.0027138330042362213,strong_5x5_mild_500,strong_null,True,1045,2969104037,0.0,1,0
500,500,0.1411345325475386,0.10226390383235273,0.12262108651987091,0.08351215309824056,0.03887062871518587,0.039108933421630354,0.03076462575220869,1.2634845301960231,1.2712305924547969,0.20641510268721786,0.20364662613613238,0.202,0.196,0.19,True,999,0.0001105000264942646,0.00273800001014024,strong_5x5_mild_500,strong_null,True,1046,2969104037,0.0,0,0
500,500,0.1284009928618992,0.11659020141069587,0.10743020282626503,0.09883586683918111,0.01181079145120334,0.008594335987083923,0.030946856982475787,0.3816475274982339,0.27771272513879586,0.7027228260074951,0.7812328914625701,0.688,0.692,0.772,True,999,0.00011204194743186235,0.0027507080230861902,strong_5x5_mild_500,strong_null,True,1047,2969104037,0.0,0,0
500,500,0.13317223972429737,0.10899391773686173,0.1139861605047372,0.09052585648350941,0.024178321987435636,0.023460304021227785,0.031226308516552843,0.7742933166313553,0.7512993093241119,0.4387573550582864,0.4524725447892851,0.418,0.418,0.433,True,999,0.00011483300477266312,0.0027545830234885216,strong_5x5_mild_500,strong_null,True,1048,2969104037,0.0,1,0
500,500,0.11107242247372828,0.08593115028825427,0.09312987682744733,0.06716552900633133,0.025141272185474017,0.025964347821116007,0.02825562368858807,0.8897794103772736,0.918909032314248,0.3735843443586975,0.35814315514093853,0.353,0.361,0.348,True,999,0.00011879100929945707,0.0027410000329837203,strong_5x5_mild_500,strong_null,True,1049,2969104037,0.0,0,0
500,500,0.10974970575836873,0.11290086223537998,0.09086421972079961,0.09313003247325469,-0.003151156477011252,-0.0022658127524550764,0.030687471853351696,-0.10268543762972386,-0.07383510649827622,0.9182126316311904,0.9411415923063527,0.923,0.924,0.952,True,999,0.00012220803182572126,0.0027977910358458757,strong_5x5_mild_500,strong_null,True,1050,2969104037,0.0,0,0
500,500,0.10416830198943972,0.08671247802510906,0.08650533689421991,0.06916179193785865,0.017455823964330652,0.017343544956361256,0.028556148897633776,0.6112807447147427,0.6073488767176999,0.5410137362185251,0.5436194082079853,0.52,0.523,0.531,True,999,0.00011195894330739975,0.002792542101815343,strong_5x5_mild_500,strong_null,True,1051,2969104037,0.0,1,1
500,500,0.13158085075678005,0.10141058526807911,0.11538450518577292,0.08477102278936854,0.030170265488700942,0.03061348239640438,0.02895875495783896,1.0418357257632733,1.0571408349901277,0.29748784755750457,0.29044731706800353,0.315,0.304,0.3,True,999,0.00012599991168826818,0.002735750051215291,strong_5x5_mild_500,strong_null,True,1052,2969104037,0.0,2,1
500,500,0.15173207733460026,0.14766854557364173,0.13144442318855454,0.12909897322469988,0.0040635317609585275,0.002345449963854662,0.03378796209435744,0.12026566590818845,0.06941673360780613,0.9042727012974725,0.9446579095555044,0.9,0.899,0.938,True,999,0.00011912500485777855,0.0027622500201687217,strong_5x5_mild_500,strong_null,True,1053,2969104037,0.0,0,0
500,500,0.12454319818170623,0.09077972295138292,0.10523097565771877,0.07245727124234236,0.0337634752303233,0.032773704415376415,0.029731776007632858,1.1356023677043514,1.102312367985102,0.2561230175017958,0.2703258942559832,0.235,0.241,0.257,True,999,0.00014679203741252422,0.002770334016531706,strong_5x5_mild_500,strong_null,True,1054,2969104037,0.0,0,1
500,500,0.1295124838736761,0.10602500395000103,0.1091127511782588,0.08703067141311749,0.02348747992367506,0.022082079765141316,0.030608897260982825,0.7673415910221163,0.7214268314490817,0.4428784462244335,0.47064694323333855,0.414,0.419,0.457,True,999,0.00011316698510199785,0.0027412500930950046,strong_5x5_mild_500,strong_null,True,1055,2969104037,0.0,0,0
500,500,0.07993432021131863,0.1456491973396139,0.06237312150199159,0.12777602023612644,-0.06571487712829527,-0.06540289873413485,0.030026491272441478,-2.188563310046447,-2.1781732051444216,0.02862859499860714,0.029393144136842044,0.031,0.029,0.031,True,999,0.00011074997019022703,0.0028150420403108,strong_5x5_mild_500,strong_null,True,1056,2969104037,0.0,1,1
500,500,0.11316555945779228,0.15709719358093355,0.09451154891087299,0.13958642534657884,-0.04393163412314127,-0.045074876435705846,0.03332553339957585,-1.318257493327936,-1.3525627900761383,0.18741746509954238,0.17619534659808456,0.181,0.178,0.172,True,999,0.0001117499778047204,0.0028650419553741813,strong_5x5_mild_500,strong_null,True,1057,2969104037,0.0,0,1
500,500,0.06658518179530915,0.10861393273242059,0.04990623957792195,0.09008016686016163,-0.04202875093711145,-0.040173927282239674,0.02624642656160352,-1.6013132621488457,-1.5306436930736698,0.10930755308176651,0.12585747687076915,0.112,0.105,0.134,True,999,0.00013645796570926905,0.002878249972127378,strong_5x5_mild_500,strong_null,True,1058,2969104037,0.0,1,1
500,500,0.10443651235569362,0.09023603680636394,0.08598503269968205,0.07103162276894182,0.014200475549329683,0.014953409930740236,0.02809093772165119,0.5055180318307643,0.5323214938180879,0.6131950368049643,0.594503348087392,0.63,0.625,0.609,True,999,0.00011320901103317738,0.002794874948449433,strong_5x5_mild_500,strong_null,True,1059,2969104037,0.0,1,0
500,500,0.11487095517530022,0.11672692231655346,0.09928334933181304,0.09809671515142782,-0.0018559671412532452,0.0011866341803852265,0.030531739201602008,-0.06078812376190683,0.03886559401512782,0.9515279486951946,0.9689975478303875,0.952,0.953,0.973,True,999,0.00011862500105053186,0.002935791970230639,strong_5x5_mild_500,strong_null,True,1060,2969104037,0.0,2,0
500,500,0.107424671637524,0.13620306349942624,0.08628124759604816,0.11902071599240571,-0.02877839186190223,-0.03273946839635755,0.030521876753581798,-0.9428775331951051,-1.0726558088376894,0.34574354779977445,0.28342557471538454,0.34,0.341,0.281,True,999,0.00012495799455791712,0.002709332969971001,strong_5x5_mild_500,strong_null,True,1061,2969104037,0.0,0,1
500,500,0.10594417886927543,0.09871989457061203,0.08906908061987906,0.07814594727386748,0.007224284298663397,0.010923133346011582,0.02916388773737514,0.24771334891010008,0.3745431145660659,0.8043562027801778,0.708000286104725,0.804,0.805,0.707,True,999,0.00012208404950797558,0.002812208025716245,strong_5x5_mild_500,strong_null,True,1062,2969104037,0.0,1,0
500,500,0.10533285306973927,0.14932484391906242,0.08749092173957251,0.13130096745396713,-0.04399199084932315,-0.04381004571439462,0.03234799606716894,-1.359960312780305,-1.354335694347969,0.1738424832371399,0.17562930326069892,0.168,0.173,0.173,True,999,0.00012324994895607233,0.00279029191005975,strong_5x5_mild_500,strong_null,True,1063,2969104037,0.0,0,0
500,500,0.11062010705540315,0.1116686012247885,0.09056159719500556,0.09321668585948828,-0.00104849416938535,-0.0026550886644827187,0.03012263085992106,-0.034807523096543294,-0.08814265516281258,0.9722332217046031,0.9297632943717535,0.967,0.967,0.926,True,999,0.00012374995276331902,0.002813457977026701,strong_5x5_mild_500,strong_null,True,1064,2969104037,0.0,1,1
500,500,0.09742980516064037,0.1317441067453804,0.07888287617538481,0.11396435704642727,-0.034314301584740026,-0.03508148087104246,0.030604993817465936,-1.1211994287401956,-1.1462665563755756,0.2622029828484489,0.25168487635196146,0.265,0.267,0.263,True,999,0.00012008310295641422,0.002870833035558462,strong_5x5_mild_500,strong_null,True,1065,2969104037,0.0,0,1
500,500,0.09880804584976044,0.11812564161110961,0.08240179628012356,0.10054281993313907,-0.01931759576134917,-0.01814102365301551,0.029513098104210815,-0.6545431351577763,-0.6146770355643285,0.5127619462713999,0.5387680285373585,0.508,0.508,0.526,True,999,0.00012183305807411671,0.002860874985344708,strong_5x5_mild_500,strong_null,True,1066,2969104037,0.0,2,0
500,500,0.13566342253838326,0.11061216599353263,0.117137861868855,0.09112680000407636,0.02505125654485063,0.02601106186477864,0.030782879714292555,0.8138048414365625,0.8449846832459164,0.4157567611261983,0.3981193909125458,0.38,0.381,0.355,True,999,0.00012087507639080286,0.00276824994944036,strong_5x5_mild_500,strong_null,True,1067,2969104037,0.0,0,0
500,500,0.10663555188100715,0.14047130351848303,0.08661030880386988,0.12167070159125615,-0.033835751637475875,-0.03506039278738626,0.030706798089829263,-1.101897747153357,-1.1417795070922423,0.27050612813116326,0.2535456826146103,0.267,0.266,0.249,True,999,0.00012004200834780931,0.0029365839436650276,strong_5x5_mild_500,strong_null,True,1068,2969104037,0.0,0,0
500,500,0.12628612020974705,0.12127760376664631,0.10670093587549445,0.10240766105414423,0.005008516443100741,0.004293274821350224,0.031690127285655526,0.15804658649534162,0.13547673010747313,0.8744200892856309,0.8922349613097101,0.866,0.867,0.896,True,999,0.00014424999244511127,0.002747541991993785,strong_5x5_mild_500,strong_null,True,1069,2969104037,0.0,0,0
500,500,0.11130358437830135,0.14944085321363354,0.09163051210629192,0.13108157548674626,-0.038137268835332194,-0.03945106338045434,0.031791113324448374,-1.1996204236736632,-1.240946266267285,0.23028679087729598,0.2146255996396681,0.202,0.202,0.191,True,999,0.00011941709090024233,0.002655416028574109,strong_5x5_mild_500,strong_null,True,1070,2969104037,0.0,0,0
500,500,0.11481784836931785,0.13269028315463394,0.09546729773944662,0.11505715454450183,-0.017872434785316083,-0.019589856805055206,0.03199484474127692,-0.5586035791028123,-0.6122816648577795,0.576432296838038,0.5403514184200157,0.562,0.561,0.525,True,999,0.0001141249667853117,0.002808916033245623,strong_5x5_mild_500,strong_null,True,1071,2969104037,0.0,0,1
500,500,0.14364041331638844,0.14340766387977033,0.12340299488693063,0.12390560919675409,0.0002327494366181071,-0.000502614309823457,0.033100860602813156,0.007031522213604511,-0.015184327557354842,0.9943897032178611,0.9878851250195441,0.995,0.995,0.989,True,999,0.00013295793905854225,0.002726290957070887,strong_5x5_mild_500,strong_null,True,1072,2969104037,0.0,0,0
500,500,0.10643112218105122,0.14196538795355385,0.08895170937239527,0.12554188568424252,-0.03553426577250263,-0.036590176311847245,0.03018810000314977,-1.1770951391043174,-1.2120728468512258,0.23915753504308968,0.22548449666882076,0.231,0.227,0.219,True,999,0.0001235830131918192,0.0027304160175845027,strong_5x5_mild_500,strong_null,True,1073,2969104037,0.0,0,2
500,500,0.15424441575880388,0.1316106248625275,0.13746473402812853,0.11306045144567634,0.022633790896276373,0.024404282582452197,0.03280125725351873,0.6900281510962009,0.7440044872009974,0.4901764843289046,0.4568737604412175,0.468,0.474,0.439,True,999,0.00011250004172325134,0.0027891669888049364,strong_5x5_mild_500,strong_null,True,1074,2969104037,0.0,1,0
500,500,0.07957885596968495,0.11160106476153653,0.06158256736131307,0.09431022897427965,-0.03202220879185158,-0.032727661612966585,0.02807359981470085,-1.1406520361910633,-1.1657807274088383,0.2540147536448698,0.24370311126759636,0.255,0.248,0.24,True,999,0.00011779204942286015,0.002721083932556212,strong_5x5_mild_500,strong_null,True,1075,2969104037,0.0,0,2
500,500,0.08856836443857652,0.1159033432497627,0.06885563974856268,0.09939085674642456,-0.027334978811186184,-0.03053521699786188,0.029141193659369135,-0.9380185015996337,-1.0478368647073095,0.3482349020913682,0.29471377461050696,0.33,0.34,0.287,True,999,0.00011283298954367638,0.0027677499456331134,strong_5x5_mild_500,strong_null,True,1076,2969104037,0.0,0,2
500,500,0.12481954719213229,0.12765986201997448,0.10707438510928569,0.11112561534554288,-0.002840314827842194,-0.004051230236257197,0.03128706853632244,-0.09078238904180992,-0.12948577242236542,0.9276655037698158,0.8969732821372645,0.914,0.911,0.888,True,999,0.00011987495236098766,0.002808749908581376,strong_5x5_mild_500,strong_null,True,1077,2969104037,0.0,0,1
500,500,0.08190802276159626,0.1572525712359114,0.06298496867776748,0.13890320177785043,-0.07534454847431515,-0.07591823310008294,0.031046198113861768,-2.4268526599614364,-2.4453310779520643,0.015230439859149307,0.014471922421954754,0.02,0.022,0.022,True,999,0.00011687504593282938,0.002717167022638023,strong_5x5_mild_500,strong_null,True,1078,2969104037,0.0,0,1
500,500,0.11092796923072168,0.12353647773484089,0.09041450559243458,0.10567293516027121,-0.012608508504119209,-0.015258429567836629,0.030412203843235657,-0.41458713643745415,-0.5017206134250753,0.6784441665684076,0.6158640623910562,0.641,0.638,0.585,True,999,0.00011329201515763998,0.0028537499019876122,strong_5x5_mild_500,strong_null,True,1079,2969104037,0.0,0,1
500,500,0.11926617521469973,0.0829554501498786,0.10253498295122654,0.06560507312678965,0.03631072506482114,0.03692990982443689,0.02812382248958299,1.2911020569224032,1.3131184368026665,0.19666829092199212,0.18914304220480505,0.187,0.18,0.18,True,999,0.00011316593736410141,0.0027847919845953584,strong_5x5_mild_500,strong_null,True,1080,2969104037,0.0,1,2
500,500,0.12687992324659536,0.1266488717461054,0.10863924192761942,0.1081727835846209,0.00023105150048996492,0.0004664583429985214,0.03109322635338421,0.007430927169280943,0.015001927998628284,0.9940710325041888,0.9880306422356103,0.991,0.992,0.985,True,999,0.00011820800136774778,0.0026984999421983957,strong_5x5_mild_500,strong_null,True,1081,2969104037,0.0,1,0
500,500,0.1463117484734695,0.07957726080891048,0.1272125363131522,0.06029346633118848,0.06673448766455903,0.06691906998196373,0.029754666244546247,2.2428242722027116,2.249027746840527,0.02490814862169943,0.024510730809317108,0.028,0.026,0.028,True,999,0.0001240420388057828,0.0028687920421361923,strong_5x5_mild_500,strong_null,True,1082,2969104037,0.0,1,1
500,500,0.10737055085917246,0.11827115104131214,0.0895943951541085,0.09973676072360149,-0.010900600182139675,-0.010142365569492995,0.029560477269078934,-0.3687558926371598,-0.3431056094653176,0.7123096837603016,0.7315190112562997,0.721,0.714,0.74,True,999,0.00012099999003112316,0.002873999997973442,strong_5x5_mild_500,strong_null,True,1083,2969104037,0.0,0,0
500,500,0.11356005858373996,0.1003586343907894,0.09510545971915008,0.08053524725323769,0.013201424192950562,0.014570212465912391,0.029481630022847465,0.4477847453726207,0.49421325939647404,0.6543085537317175,0.6211555764885626,0.635,0.638,0.614,True,999,0.00011670892126858234,0.002724250080063939,strong_5x5_mild_500,strong_null,True,1084,2969104037,0.0,1,0
500,500,0.13281499936637142,0.12529566628375233,0.11755279313751998,0.1085531826774968,0.007519333082619095,0.008999610460023177,0.031017059871203782,0.24242572035655896,0.29015033976119736,0.8084503067016466,0.7717012258114534,0.783,0.781,0.748,True,999,0.00011324998922646046,0.0027689579874277115,strong_5x5_mild_500,strong_null,True,1085,2969104037,0.0,2,1
500,500,0.11218726059412698,0.1359822063449927,0.09552175450681943,0.11828319879066385,-0.023794945750865715,-0.022761444283844412,0.031085418104432157,-0.7654697025764963,-0.7322225555203031,0.4439919009693053,0.46403273944694867,0.447,0.438,0.463,True,999,0.00011137500405311584,0.00272062502335757,strong_5x5_mild_500,strong_null,True,1086,2969104037,0.0,1,0
500,500,0.14282217398660868,0.13479060145358557,0.1255293294109947,0.11369113639881334,0.008031572533023112,0.011838193012181364,0.03374349394367681,0.2380184027898554,0.3508289044383242,0.8118668209584259,0.7257167111706467,0.796,0.798,0.728,True,999,0.00013070902787148952,0.002705874969251454,strong_5x5_mild_500,strong_null,True,1087,2969104037,0.0,1,0
500,500,0.10431912548510236,0.1415477526557003,0.08546688514229572,0.12244335019209984,-0.03722862717059794,-0.03697646504980412,0.03174578627657207,-1.1727108236116404,-1.1647676553877708,0.2409117895001167,0.2441130547451703,0.242,0.258,0.257,True,999,0.00011350004933774471,0.002793624997138977,strong_5x5_mild_500,strong_null,True,1088,2969104037,0.0,0,1
500,500,0.14346031443325402,0.12763291638563645,0.12660825679967047,0.10909457203501916,0.01582739804761757,0.017513684764651316,0.03231420259576499,0.48979695540102425,0.5419810287055207,0.6242775853632556,0.5878315750896568,0.625,0.621,0.583,True,999,0.00015633308794349432,0.0026892080204561353,strong_5x5_mild_500,strong_null,True,1089,2969104037,0.0,1,0
500,500,0.08145927127299535,0.09930379772835929,0.06282944747999863,0.07975818151743397,-0.01784452645536394,-0.016928734037435333,0.02748128041151032,-0.649333880669181,-0.6160096539877693,0.5161225910075191,0.5378881482064548,0.5,0.484,0.512,True,999,0.00011345802340656519,0.002723042038269341,strong_5x5_mild_500,strong_null,True,1090,2969104037,0.0,0,0
500,500,0.1339827961843214,0.1387455197254821,0.11531721015319363,0.12196931897506147,-0.004762723541160696,-0.0066521088218678415,0.03215782873022357,-0.14810463670031446,-0.20685814573096006,0.8822601902459739,0.8361206443513819,0.907,0.906,0.864,True,999,0.00012354098726063967,0.002793916966766119,strong_5x5_mild_500,strong_null,True,1091,2969104037,0.0,0,1
500,500,0.10561982061977204,0.11531632093591959,0.08689795207448014,0.09731628332713171,-0.00969650031614755,-0.01041833125265157,0.030654737048847962,-0.3163132764993642,-0.3398604018703563,0.7517647349237367,0.7339616581895672,0.749,0.742,0.717,True,999,0.00012345798313617706,0.00270858290605247,strong_5x5_mild_500,strong_null,True,1092,2969104037,0.0,0,0
500,500,0.11327429257642907,0.12661038201449681,0.0937029450128648,0.10872939686657901,-0.013336089438067744,-0.015026451853714207,0.030179016307620238,-0.4418994079240537,-0.4979105912713268,0.6585619991138898,0.6185470618752373,0.652,0.65,0.601,True,999,0.00011170795187354088,0.002733208006247878,strong_5x5_mild_500,strong_null,True,1093,2969104037,0.0,0,0
500,500,0.11516114771648167,0.0959142929553013,0.09579008394354105,0.07642509908095008,0.019246854761180376,0.019364984862590973,0.029556623319284617,0.6511858460036776,0.6551825847425551,0.514926525964176,0.512350205589842,0.509,0.508,0.506,True,999,0.00011291599366813898,0.0028398330323398113,strong_5x5_mild_500,strong_null,True,1094,2969104037,0.0,1,0
500,500,0.11677180274509025,0.1386558062601182,0.09553218293353893,0.12022982700585771,-0.02188400351502795,-0.02469764407231878,0.032044613988378316,-0.6829229874001498,-0.7707268398138896,0.49465550750854703,0.4408688595988902,0.511,0.509,0.466,True,999,0.00011366698890924454,0.0027452920330688357,strong_5x5_mild_500,strong_null,True,1095,2969104037,0.0,0,1
500,500,0.1277365569003175,0.13878874902199456,0.11017278011667031,0.12025007861046788,-0.011052192121677074,-0.01007729849379757,0.03201103269607642,-0.34526196722893404,-0.3148070413558617,0.7298974363938175,0.7529081651446691,0.743,0.741,0.772,True,999,0.0001141249667853117,0.002748666098341346,strong_5x5_mild_500,strong_null,True,1096,2969104037,0.0,1,0
500,500,0.11021672363417334,0.10001160390265462,0.09484183958568337,0.08159736298068765,0.01020511973151872,0.013244476604995725,0.029703077734272085,0.3435711215792234,0.4458957662058685,0.73116884567131,0.6556725406668245,0.734,0.736,0.664,True,999,0.00011612498201429844,0.002807667013257742,strong_5x5_mild_500,strong_null,True,1097,2969104037,0.0,3,0
500,500,0.12999294986506338,0.09433529096698345,0.11050652877247558,0.0758856753177497,0.035657658898079925,0.034620853454725875,0.0310406621108261,1.1487402804350475,1.1153387556978402,0.25066309103088924,0.2647052835147876,0.252,0.244,0.268,True,999,0.0001149158924818039,0.002704957965761423,strong_5x5_mild_500,strong_null,True,1098,2969104037,0.0,0,1
500,500,0.12208837382140025,0.125587725191052,0.10082889203852119,0.10710009733861625,-0.0034993513696517375,-0.006271205300095062,0.03214551102976169,-0.10885972123485262,-0.19508805737413576,0.9133137545200679,0.8453240117865222,0.914,0.914,0.846,True,999,0.00011337501928210258,0.00278700003400445,strong_5x5_mild_500,strong_null,True,1099,2969104037,0.0,0,0
500,500,0.11788115192417037,0.151392681053524,0.09815048276055904,0.1340581884076073,-0.03351152912935362,-0.03590770564704826,0.03184540460009594,-1.0523191509161314,-1.127563178988157,0.29265314813110577,0.25950444442936205,0.261,0.266,0.243,True,999,0.00011154194362461567,0.0027989160735160112,strong_5x5_mild_500,strong_null,True,1100,2969104037,0.0,0,1
500,500,0.09729490885778391,0.1299439170369735,0.08070151617818055,0.10947795003892224,-0.03264900817918959,-0.02877643386074169,0.030444335986639433,-1.0724164978837996,-0.9452146985032058,0.28353300106749824,0.34454927689649795,0.286,0.289,0.358,True,999,0.00011545803863555193,0.002700874931178987,strong_5x5_mild_500,strong_null,True,1101,2969104037,0.0,1,0
500,500,0.09313482179229537,0.11609351299006776,0.0742575334119806,0.09814892542271991,-0.022958691197772385,-0.02389139201073931,0.028897414955130377,-0.7944894459736563,-0.8267657175507213,0.4269105506792584,0.4083698646967503,0.459,0.452,0.428,True,999,0.00011245801579207182,0.002744792029261589,strong_5x5_mild_500,strong_null,True,1102,2969104037,0.0,0,0
500,500,0.11366574974275767,0.12633228680693542,0.09358816125239855,0.10785805783825708,-0.012666537064177752,-0.014269896585858532,0.03117066089479481,-0.4063608759188336,-0.4577989742989846,0.6844774621197405,0.6470968727815098,0.681,0.683,0.64,True,999,0.0001141249667853117,0.0028092500288039446,strong_5x5_mild_500,strong_null,True,1103,2969104037,0.0,1,1
500,500,0.10485215621666044,0.12319953891980662,0.0862788911313146,0.10682127220400162,-0.018347382703146176,-0.02054238107268702,0.030466834094030757,-0.602208376706292,-0.6742538791292334,0.547035440430118,0.5001499205223546,0.518,0.515,0.472,True,999,0.00011387502308934927,0.0027522080345079303,strong_5x5_mild_500,strong_null,True,1104,2969104037,0.0,0,2
500,500,0.12208334374874807,0.0800914558499547,0.10297313621788362,0.06032239619247548,0.04199188789879338,0.04265074002540814,0.028799995526586228,1.45805188962718,1.4809287031324652,0.14482624089665497,0.13862557338281506,0.139,0.142,0.138,True,999,0.00011758296750485897,0.0027792499167844653,strong_5x5_mild_500,strong_null,True,1105,2969104037,0.0,0,0
500,500,0.11839074889802781,0.16892663150413179,0.09959461768454503,0.15108359551015837,-0.05053588260610398,-0.05148897782561335,0.03286240816278415,-1.5378021706679,-1.5668047688581543,0.12409699270126465,0.11716033238070568,0.1,0.104,0.104,True,999,0.00012204202357679605,0.002877500024624169,strong_5x5_mild_500,strong_null,True,1106,2969104037,0.0,0,2
500,500,0.12688933670027835,0.12809475672151938,0.10751041756498125,0.10955310868246215,-0.0012054200212410215,-0.0020426911174808993,0.03134924030278263,-0.03845133118374245,-0.06515919039031977,0.9693278348499386,0.9480472533950186,0.969,0.969,0.944,True,999,0.00012783391866832972,0.002687999978661537,strong_5x5_mild_500,strong_null,True,1107,2969104037,0.0,0,0
500,500,0.1012614205976966,0.08977706180907452,0.0835998595213141,0.07073530765887881,0.011484358788622084,0.012864551862435292,0.0278397948637733,0.4125159271042681,0.4620921930418161,0.6799613092030219,0.6440152084661156,0.667,0.668,0.63,True,999,0.00011708401143550873,0.0027570000384002924,strong_5x5_mild_500,strong_null,True,1108,2969104037,0.0,1,1
500,500,0.09559808706230288,0.12922020859198802,0.07585817898723235,0.11049851382011866,-0.033622121529685134,-0.03464033483288631,0.03100086509357786,-1.0845542996363122,-1.1173989734906593,0.27811910515421845,0.263823773863174,0.285,0.286,0.274,True,999,0.00011537503451108932,0.0027133330004289746,strong_5x5_mild_500,strong_null,True,1109,2969104037,0.0,0,0
500,500,0.0843378916476838,0.10198343579164315,0.0658626655780381,0.08530750900638395,-0.017645544143959357,-0.019444843428345848,0.027599008737818297,-0.6393542721619587,-0.7045486166936503,0.522592489619742,0.4810911848691959,0.524,0.52,0.478,True,999,0.00011479202657938004,0.0026882499223574996,strong_5x5_mild_500,strong_null,True,1110,2969104037,0.0,0,1
500,500,0.07780330485160636,0.11708141265362926,0.05814519037602395,0.09763024664675868,-0.0392781078020229,-0.03948505627073473,0.0290746153219663,-1.3509416158069583,-1.3580594561092332,0.17671413585882112,0.17444481884909013,0.15,0.151,0.151,True,999,0.0001145839923992753,0.0027571669779717922,strong_5x5_mild_500,strong_null,True,1111,2969104037,0.0,0,0
500,500,0.14709122606161995,0.08818314647460945,0.12975440715331388,0.06958306719047869,0.0589080795870105,0.06017133996283519,0.029485336635639986,1.9978771249912128,2.040720806629826,0.04572998319128793,0.041278586029132855,0.046,0.043,0.038,True,999,0.00011758401524275541,0.002858625026419759,strong_5x5_mild_500,strong_null,True,1112,2969104037,0.0,1,0
500,500,0.10240605776942435,0.12234040513243594,0.08363185647982618,0.10503259430868184,-0.019934347363011584,-0.021400737828855654,0.029445165822221685,-0.6769989845996223,-0.7267997048501911,0.49840659861388037,0.4673486639206611,0.523,0.512,0.496,True,999,0.00012070802040398121,0.0028491250704973936,strong_5x5_mild_500,strong_null,True,1113,2969104037,0.0,0,1
500,500,0.14081598847621923,0.10939229791314475,0.12507129873824852,0.08910801247031941,0.03142369056307448,0.03596328626792911,0.03153056711175158,0.9966103829246614,1.1405848217213141,0.31895366418029836,0.2540427364997012,0.32,0.317,0.256,True,999,0.0001176249934360385,0.002779125003144145,strong_5x5_mild_500,strong_null,True,1114,2969104037,0.0,2,0
500,500,0.11112435817401622,0.17636219377625606,0.09258090837488453,0.15789602611226883,-0.06523783560223984,-0.0653151177373843,0.03236955896123308,-2.0154069964428913,-2.017794490669705,0.043862021960687295,0.043612668913979975,0.046,0.047,0.045,True,999,0.00011954200454056263,0.002648624940775335,strong_5x5_mild_500,strong_null,True,1115,2969104037,0.0,0,1
500,500,0.13199793818600836,0.08899943558749202,0.1136474950225761,0.06871169874534644,0.04299850259851634,0.044935796277229656,0.02977224873747034,1.444247728066301,1.5093181799423498,0.148669303695487,0.13121749098349375,0.145,0.147,0.134,True,999,0.00011308398097753525,0.0027268340345472097,strong_5x5_mild_500,strong_null,True,1116,2969104037,0.0,1,0
500,500,0.11095594817833865,0.10185909236629898,0.09258212101519803,0.08393818326260316,0.009096855812039673,0.008643937752594866,0.028736830394529428,0.3165573825348332,0.3007964912595369,0.7515794776201948,0.7635696841430609,0.742,0.738,0.749,True,999,0.0001135410275310278,0.0027749170549213886,strong_5x5_mild_500,strong_null,True,1117,2969104037,0.0,1,0
500,500,0.12772334707790223,0.11945304579130256,0.10740012508426844,0.10067620188044657,0.008270301286599668,0.006723923203821869,0.0313243285148629,0.26402166235344965,0.2146549829673595,0.7917632266824878,0.830036322762298,0.797,0.794,0.832,True,999,0.00011566700413823128,0.0026632919907569885,strong_5x5_mild_500,strong_null,True,1118,2969104037,0.0,0,0
500,500,0.09843316432162008,0.09485275279519356,0.07974885701162293,0.07920954656015056,0.003580411526426519,0.0005393104514723746,0.028281260378044612,0.12660014011278203,0.019069533827815312,0.8992568860400222,0.9847856354926401,0.904,0.904,0.98,True,999,0.00011254195123910904,0.0027290000580251217,strong_5x5_mild_500,strong_null,True,1119,2969104037,0.0,0,2
500,500,0.11113258920945435,0.1288378560313319,0.09280885032114838,0.11238016240332627,-0.017705266821877563,-0.019571312082177883,0.03031505847993169,-0.5840419814330327,-0.6455970419827468,0.559192067620889,0.5185403535193853,0.57,0.567,0.535,True,999,0.00011958298273384571,0.002773792017251253,strong_5x5_mild_500,strong_null,True,1120,2969104037,0.0,0,1
500,500,0.117401217392896,0.13743233184349157,0.09946297427001127,0.12027581230768192,-0.020031114450595577,-0.020812838037670645,0.031549935134747395,-0.6349019218278642,-0.6596792655446225,0.5254923835843411,0.5094596752803022,0.532,0.528,0.516,True,999,0.00012387498281896114,0.00268604198936373,strong_5x5_mild_500,strong_null,True,1121,2969104037,0.0,0,1
500,500,0.08399904533395186,0.08905734838265333,0.06628176145659381,0.07186502402680617,-0.0050583030487014735,-0.005583262570212355,0.026240866859925598,-0.19276432732587767,-0.21276974575634067,0.8471435421409926,0.8315065627921314,0.849,0.845,0.838,True,999,0.00011491694021970034,0.0027118748985230923,strong_5x5_mild_500,strong_null,True,1122,2969104037,0.0,0,2
500,500,0.12741904846118013,0.10176157559242704,0.10949797521624305,0.08246370667325209,0.025657472868753084,0.027034268542990958,0.029823049911464578,0.8603235733743596,0.9064890620928224,0.38961070186904756,0.3646770516720229,0.387,0.381,0.358,True,999,0.00011074997019022703,0.0028325410094112158,strong_5x5_mild_500,strong_null,True,1123,2969104037,0.0,1,1
500,500,0.14034803996428624,0.1345040091376002,0.1247019696662619,0.11799675546456001,0.005844030826686053,0.006705214201701892,0.0327059056272342,0.17868426862394324,0.20501539624447707,0.85818562220213,0.8375600960517751,0.832,0.831,0.819,True,999,0.00011304195504635572,0.0027336659841239452,strong_5x5_mild_500,strong_null,True,1124,2969104037,0.0,2,1
500,500,0.1582061916154287,0.13345804152682428,0.13903928273828114,0.11584920081185146,0.024748150088604426,0.023190081926429684,0.03349633202757166,0.7388316448569239,0.692317054516338,0.46000923358217105,0.48873824223898377,0.451,0.449,0.472,True,999,0.00011725001968443394,0.002713083988055587,strong_5x5_mild_500,strong_null,True,1125,2969104037,0.0,0,1
500,500,0.07903679365080574,0.08685844228387851,0.06131781385766999,0.06826074938828697,-0.007821648633072775,-0.006942935530616978,0.02653140005360186,-0.29480723283620763,-0.26168749167364114,0.7681411408701191,0.7935623847774858,0.759,0.753,0.781,True,999,0.00011699995957314968,0.0027557089924812317,strong_5x5_mild_500,strong_null,True,1126,2969104037,0.0,1,0
500,500,0.13054890847147993,0.09975572397362575,0.11194352822997189,0.0815185284940867,0.030793184497854176,0.030424999735885194,0.03064478775588875,1.0048424790260428,0.9928278824524956,0.3149727056414151,0.32079383951212326,0.304,0.305,0.314,True,999,0.00011429097503423691,0.00271762500051409,strong_5x5_mild_500,strong_null,True,1127,2969104037,0.0,0,1
500,500,0.12053535419384831,0.08814558936795502,0.10139847902274823,0.06792982534176417,0.032389764825893286,0.03346865368098406,0.028740793091748682,1.1269614141299462,1.1645000043715816,0.25975879544818214,0.24422144157906678,0.248,0.247,0.24,True,999,0.00011999998241662979,0.0027218341128900647,strong_5x5_mild_500,strong_null,True,1128,2969104037,0.0,1,0
500,500,0.09664551824820644,0.10032305050863832,0.07830310612928315,0.0809560042666817,-0.0036775322604318816,-0.0026528981373985516,0.028320372812910645,-0.12985465568290028,-0.09367454852815896,0.8966814199625471,0.925367688688545,0.894,0.892,0.928,True,999,0.0001176249934360385,0.002698292024433613,strong_5x5_mild_500,strong_null,True,1129,2969104037,0.0,0,0
500,500,0.10321146249874258,0.11475164641424773,0.08604524094903354,0.09735035398284708,-0.011540183915505153,-0.01130511303381354,0.029471052257943487,-0.3915769214651868,-0.38360058999136737,0.69537084285891,0.7012745026583748,0.69,0.689,0.698,True,999,0.00011654198169708252,0.002815958927385509,strong_5x5_mild_500,strong_null,True,1130,2969104037,0.0,2,1
500,500,0.09234300566397247,0.11911837997237207,0.07599344469917924,0.09993382105523096,-0.026775374308399602,-0.02394037635605173,0.028673021051648494,-0.9338176908589201,-0.8349443301746304,0.3503979423406437,0.40374905347286405,0.337,0.338,0.4,True,999,0.00011912500485777855,0.0028300000121816993,strong_5x5_mild_500,strong_null,True,1131,2969104037,0.0,2,1
500,500,0.10617635831471084,0.14292825190603842,0.09075751619138828,0.12423502451474633,-0.03675189359132758,-0.03347750832335805,0.030885057698905375,-1.1899570967170359,-1.0839386686509107,0.2340632552258245,0.2783919930752723,0.234,0.23,0.272,True,999,0.00011391693260520697,0.002791458973661065,strong_5x5_mild_500,strong_null,True,1132,2969104037,0.0,2,0
500,500,0.09792724990461688,0.11365927105508322,0.08112661760571882,0.09692368105396554,-0.015732021150466347,-0.015797063448246718,0.028564975933282055,-0.5507451218306968,-0.5530221164948018,0.5818084084260786,0.5802482659057652,0.569,0.568,0.575,True,999,0.00011862500105053186,0.0027864580042660236,strong_5x5_mild_500,strong_null,True,1133,2969104037,0.0,1,1
500,500,0.11036002709654591,0.0869496691753312,0.08918069804599327,0.06944562997790626,0.02341035792121471,0.019735068068087003,0.028119334493665202,0.8325359878801063,0.7018326864219696,0.40510647357370866,0.4827835118303475,0.387,0.394,0.47,True,999,0.00011854094918817282,0.002826457959599793,strong_5x5_mild_500,strong_null,True,1134,2969104037,0.0,0,1
500,500,0.132771140697876,0.1362406264495466,0.11514823019342657,0.11683648458256357,-0.003469485751670609,-0.0016882543891370005,0.032374251457473226,-0.10716806089642322,-0.05214805943404403,0.9146556531841733,0.9584107191432159,0.902,0.907,0.956,True,999,0.00011675001587718725,0.002767458907328546,strong_5x5_mild_500,strong_null,True,1135,2969104037,0.0,1,0
500,500,0.06675652258621811,0.16468857807037707,0.04794536527373339,0.14717627078721307,-0.09793205548415895,-0.09923090551347968,0.03020965087166157,-3.2417473442576252,-3.2847418838118423,0.0011879929302722875,0.0010207583787957373,0.003,0.003,0.003,True,999,0.00012641691137105227,0.0027412920026108623,strong_5x5_mild_500,strong_null,True,1136,2969104037,0.0,0,2
500,500,0.11896243578167676,0.10185090827176735,0.09865489588605669,0.08310499616857214,0.017111527509909408,0.01554989971748455,0.030535262093617423,0.5603858076425718,0.5092440231824582,0.5752163099868355,0.6105811889348657,0.549,0.549,0.577,True,999,0.00010966695845127106,0.0027885420713573694,strong_5x5_mild_500,strong_null,True,1137,2969104037,0.0,0,0
500,500,0.14690798529372806,0.12545063201327444,0.12938227542474579,0.10519956874020409,0.021457353280453617,0.0241827066845417,0.03282433772512766,0.653702550227772,0.7367309856195323,0.5133034599239505,0.4612859597844141,0.527,0.529,0.475,True,999,0.00016729207709431648,0.002751791966147721,strong_5x5_mild_500,strong_null,True,1138,2969104037,0.0,1,1
500,500,0.10553926958438986,0.14331702990719353,0.08613821446073189,0.12582824779019575,-0.037777760322803666,-0.03969003332946386,0.031589765263326935,-1.195886072843361,-1.2564206475931194,0.23174102076596437,0.2089634994723759,0.23,0.233,0.212,True,999,0.00011620903387665749,0.0027119170408695936,strong_5x5_mild_500,strong_null,True,1139,2969104037,0.0,0,1
500,500,0.11544678016595677,0.08393115666002315,0.0959902560791761,0.06534732033435375,0.03151562350593362,0.030642935744822353,0.02882157643454426,1.093473272619481,1.063194298702381,0.27418605771962956,0.2876938473710986,0.251,0.249,0.263,True,999,0.00013604096602648497,0.0028069999534636736,strong_5x5_mild_500,strong_null,True,1140,2969104037,0.0,0,0
500,500,0.11501783720292291,0.09688704296477768,0.09482297068655043,0.07946351049776013,0.01813079423814523,0.015359460188790308,0.029291195513911374,0.6189844395232795,0.5243712289413242,0.5359266098025,0.6000203636551598,0.523,0.521,0.596,True,999,0.00012204202357679605,0.002788832993246615,strong_5x5_mild_500,strong_null,True,1141,2969104037,0.0,0,1
500,500,0.1270451172333158,0.08828779884915483,0.10830176987622053,0.06928971618896185,0.038757318384160966,0.039012053687258685,0.03056713361773188,1.2679408828074736,1.2762745167779794,0.20481906286634521,0.2018584951426593,0.193,0.191,0.187,True,999,0.00011320901103317738,0.0027837500674650073,strong_5x5_mild_500,strong_null,True,1142,2969104037,0.0,1,0
500,500,0.12794040093483416,0.11580859303344126,0.1112960680140418,0.097921430548638,0.0121318079013929,0.013374637465403794,0.03076860300881901,0.3942918012207326,0.4346845861533039,0.6933656157111914,0.6637913881235096,0.706,0.701,0.667,True,999,0.00011708401143550873,0.0027992919785901904,strong_5x5_mild_500,strong_null,True,1143,2969104037,0.0,1,1
500,500,0.14341056497771532,0.09064322877834308,0.1248481167762634,0.07104892754483672,0.05276733619937224,0.05379918923142668,0.030289241265051912,1.7421148234655788,1.7761814751530547,0.08148835425461673,0.07570301057421473,0.083,0.083,0.078,True,999,0.00011887506116181612,0.002681165933609009,strong_5x5_mild_500,strong_null,True,1144,2969104037,0.0,0,0
500,500,0.0797748587163255,0.11550804673679793,0.060054962487697594,0.09795451354608531,-0.03573318802047243,-0.037899551058387715,0.02862452061042481,-1.2483418851548802,-1.3240239574382608,0.21190588151613776,0.18549508825779926,0.195,0.19,0.174,True,999,0.00011229200754314661,0.00271312496624887,strong_5x5_mild_500,strong_null,True,1145,2969104037,0.0,0,1
500,500,0.09227267709708964,0.10295805752926634,0.07139374123084963,0.08352368225280316,-0.010685380432176705,-0.012129941021953528,0.028558493954321588,-0.3741577006570317,-0.42474022059268907,0.7082869921256314,0.6710260601564301,0.714,0.714,0.684,True,999,0.00011162494774907827,0.002790499944239855,strong_5x5_mild_500,strong_null,True,1146,2969104037,0.0,0,0
500,500,0.12614174955653812,0.10806316985984266,0.10867850538937773,0.08770124096520249,0.018078579696695463,0.020977264424175246,0.03089141367975379,0.5852299245386802,0.6790645660196422,0.5583931262077879,0.4970969527689816,0.584,0.584,0.526,True,999,0.00011445803102105856,0.002828167052939534,strong_5x5_mild_500,strong_null,True,1147,2969104037,0.0,2,0
500,500,0.11573409896248665,0.11056294110048481,0.09704102734644948,0.09219566367301013,0.005171157862001841,0.004845363673439351,0.03052415497265553,0.16941199081954347,0.1587386670582683,0.8654725925178601,0.8738747724993405,0.871,0.867,0.879,True,999,0.0001166659640148282,0.0028255420038476586,strong_5x5_mild_500,strong_null,True,1148,2969104037,0.0,0,0
500,500,0.10247789810124852,0.09390894855862919,0.08288431934755636,0.07360101637789285,0.00856894954261933,0.00928330296966351,0.028369370022419,0.3020493418023624,0.3272297891115434,0.7626144491570115,0.7434940915853752,0.762,0.76,0.741,True,999,0.00013066700194031,0.0028165000258013606,strong_5x5_mild_500,strong_null,True,1149,2969104037,0.0,0,0
500,500,0.11782994093794907,0.10938588965435825,0.10141435247516029,0.09091617556759957,0.008444051283590825,0.010498176907560719,0.02956678108703191,0.28559251204029157,0.355066616032993,0.7751902392281134,0.7225396858130048,0.767,0.769,0.704,True,999,0.00011812499724328518,0.0027498339768499136,strong_5x5_mild_500,strong_null,True,1150,2969104037,0.0,2,1
500,500,0.13025058031699033,0.12575058337204914,0.11107606176375384,0.10702382177044001,0.004499996944941187,0.004052239993313833,0.03205442672096419,0.14038613088026639,0.12641748450499016,0.8883549152888882,0.8994014625518956,0.884,0.882,0.909,True,999,0.00011350004933774471,0.0027489999774843454,strong_5x5_mild_500,strong_null,True,1151,2969104037,0.0,1,0
500,500,0.09817851910492448,0.1149630060298682,0.08086540170177159,0.09717564323943861,-0.01678448692494372,-0.016310241537667025,0.029213388572371823,-0.5745477585855079,-0.5583139216205895,0.5655971921075171,0.5766300401303786,0.543,0.549,0.563,True,999,0.00011112506035715342,0.0027901669964194298,strong_5x5_mild_500,strong_null,True,1152,2969104037,0.0,1,1
500,500,0.11554859033362774,0.11698473141051347,0.09653160658268689,0.09699703569134499,-0.001436141076885722,-0.0004654291086580997,0.030868576448747027,-0.04652437015585199,-0.015077763933522491,0.962892310538449,0.9879701407570312,0.96,0.961,0.99,True,999,0.00012283306568861008,0.0027365830028429627,strong_5x5_mild_500,strong_null,True,1153,2969104037,0.0,1,0
500,500,0.09884876697489564,0.11878942854916397,0.080141082997784,0.10157448190170726,-0.019940661574268326,-0.021433398903923262,0.02938927782461087,-0.6785012443405404,-0.7292931466990564,0.4974539351240904,0.465822363546295,0.483,0.483,0.447,True,999,0.00012462493032217026,0.0027290000580251217,strong_5x5_mild_500,strong_null,True,1154,2969104037,0.0,0,1
500,500,0.10290984641083356,0.152843330977404,0.08526495377611809,0.13554598049955757,-0.04993348456657043,-0.05028102672343948,0.03233316452168053,-1.5443426372042324,-1.555091419824505,0.12250534858137353,0.11992429813964932,0.127,0.126,0.125,True,999,0.00012083398178219795,0.0028577499324455857,strong_5x5_mild_500,strong_null,True,1155,2969104037,0.0,1,1
500,500,0.1313456744727055,0.09856161660374818,0.11199358329213283,0.07938558933005879,0.03278405786895733,0.03260799396207403,0.028970305950926693,1.1316434808969853,1.1255660888535068,0.2577843520810711,0.2603492286396527,0.226,0.224,0.231,True,999,0.00011741695925593376,0.002677000011317432,strong_5x5_mild_500,strong_null,True,1156,2969104037,0.0,0,0
500,500,0.09153858064756482,0.10223857759791266,0.07385199667862707,0.0820215860401845,-0.010699996950347845,-0.008169589361557428,0.028114565847883643,-0.3805855302280366,-0.2905820920642957,0.7035108198961111,0.7713709578194339,0.669,0.669,0.749,True,999,0.0001152500044554472,0.0027613750426098704,strong_5x5_mild_500,strong_null,True,1157,2969104037,0.0,1,0
500,500,0.10746719165934904,0.12384225209137101,0.08862902649053694,0.1052882522018308,-0.01637506043202197,-0.016659225711293857,0.030402351966895797,-0.5386116327398709,-0.5479584516827377,0.5901548591768098,0.5837204319470712,0.564,0.572,0.569,True,999,0.00011562509462237358,0.0028136250330135226,strong_5x5_mild_500,strong_null,True,1158,2969104037,0.0,2,0
500,500,0.1351127236975157,0.10546514713470079,0.11489609044735971,0.08661434463891737,0.029647576562814915,0.028281745808442338,0.03158478247078331,0.9386664793477569,0.895423162549992,0.34790200890162837,0.3705609233565115,0.389,0.393,0.407,True,999,0.00011733302380889654,0.0028461249312385917,strong_5x5_mild_500,strong_null,True,1159,2969104037,0.0,1,0
500,500,0.10447804046541109,0.11548136623871463,0.08411510782690357,0.09874122760436421,-0.01100332577330354,-0.014626119777460644,0.029924636032608483,-0.3677012399186196,-0.4887651686564459,0.7130960159086497,0.6250079602286835,0.685,0.69,0.607,True,999,0.00011804199311882257,0.002877666032873094,strong_5x5_mild_500,strong_null,True,1160,2969104037,0.0,0,1
500,500,0.14910416601595644,0.12085356667122649,0.12961144640394195,0.10221990649489499,0.028250599344729954,0.02739153990904697,0.03311811325680262,0.8530256275673297,0.8270863649945582,0.39364509255663693,0.4081881118969669,0.388,0.403,0.419,True,999,0.00012033293023705482,0.002851416007615626,strong_5x5_mild_500,strong_null,True,1161,2969104037,0.0,0,1
500,500,0.11458444004112478,0.11124032406102369,0.09645632390657966,0.09063553825723147,0.0033441159801010922,0.005820785649348181,0.031291813971223416,0.10686871598995216,0.18601624228947206,0.914893132046281,0.8524320241209904,0.907,0.907,0.844,True,999,0.00011845806147903204,0.0028891669353470206,strong_5x5_mild_500,strong_null,True,1162,2969104037,0.0,1,0
500,500,0.14063273698636247,0.11581879507671666,0.12187166858007004,0.09632205502236957,0.02481394190964581,0.025549613557700468,0.0319706899542249,0.7761465875517232,0.7991574030551727,0.43766243895081025,0.42419914811833204,0.425,0.428,0.42,True,999,0.0001159169478341937,0.002844959031790495,strong_5x5_mild_500,strong_null,True,1163,2969104037,0.0,0,0
500,500,0.13736164762592518,0.12396318978388488,0.12080341130979377,0.10539893571467474,0.013398457842040301,0.015404475595119038,0.03138589063220982,0.4268943009789919,0.4908089362711973,0.6694563166773847,0.6235615890110432,0.662,0.664,0.634,True,999,0.00011691602412611246,0.0026882500387728214,strong_5x5_mild_500,strong_null,True,1164,2969104037,0.0,1,0
500,500,0.1189507799581464,0.11721742370370902,0.10030751350478795,0.09846967642630489,0.0017333562544373793,0.0018378370784830622,0.0308181994771989,0.056244565998082315,0.05963479728407888,0.9551469787975382,0.9524465034511602,0.955,0.956,0.955,True,999,0.00011545803863555193,0.0026952920015901327,strong_5x5_mild_500,strong_null,True,1165,2969104037,0.0,0,0
500,500,0.11539336156821012,0.12367293863011342,0.09616084124428426,0.10573786184716027,-0.008279577061903298,-0.009577020602876019,0.031049082481637798,-0.2666609252237898,-0.30844778130045547,0.7897302419213901,0.7577416288375263,0.775,0.776,0.754,True,999,0.00011158303823322058,0.0027695830212906003,strong_5x5_mild_500,strong_null,True,1166,2969104037,0.0,0,0
500,500,0.127574590898054,0.10065708036693422,0.10907837567856404,0.08009942983352403,0.026917510531119793,0.028978945845040016,0.03074937583651495,0.8753839646772664,0.9424238722474313,0.38136502178208787,0.3459756699123441,0.372,0.373,0.343,True,999,0.0001129999291151762,0.0028259579557925463,strong_5x5_mild_500,strong_null,True,1167,2969104037,0.0,1,0
500,500,0.08920282423517267,0.10862263834993735,0.0715638738212192,0.08901264216376603,-0.019419814114764677,-0.017448768342546828,0.027891728673159047,-0.6962570998137122,-0.6255893475451109,0.4862678343861857,0.5315843276263095,0.484,0.479,0.538,True,999,0.00012224994134157896,0.0028140420326963067,strong_5x5_mild_500,strong_null,True,1168,2969104037,0.0,1,0
500,500,0.11612248092257127,0.11722753009159281,0.09498756373119477,0.09953485806727258,-0.0011050491690215436,-0.004547294336077812,0.03072480758182618,-0.03596602406959201,-0.14800074252596948,0.9713094502815187,0.8823421822453705,0.972,0.972,0.885,True,999,0.00011883396655321121,0.0028166669653728604,strong_5x5_mild_500,strong_null,True,1169,2969104037,0.0,0,1
500,500,0.1666717345937483,0.12506863943091706,0.148540455876514,0.10664014482779294,0.04160309516283123,0.04190031104872105,0.034093767950273024,1.2202551276676379,1.2289727292634287,0.22236817453908897,0.21908203084964095,0.208,0.21,0.207,True,999,0.00011729099787771702,0.0026999589754268527,strong_5x5_mild_500,strong_null,True,1170,2969104037,0.0,1,1
500,500,0.12477679474176928,0.12282692166454501,0.10542400619681302,0.10314616573680269,0.0019498730772242734,0.0022778404600103386,0.03152834668868706,0.061845078540826985,0.07224738050814662,0.9506862046862202,0.9424050394692106,0.952,0.952,0.94,True,999,0.00011520797852426767,0.002725958009250462,strong_5x5_mild_500,strong_null,True,1171,2969104037,0.0,0,0
500,500,0.11044738392017872,0.13348323254626648,0.08995145446078823,0.11492633059185664,-0.023035848626087763,-0.024974876131068413,0.03173457919128464,-0.7258911009103334,-0.7869925099850492,0.46790553240539434,0.43128625075749294,0.461,0.461,0.439,True,999,0.0001139170490205288,0.002826790907420218,strong_5x5_mild_500,strong_null,True,1172,2969104037,0.0,0,1
500,500,0.08914432682408979,0.14446801850278512,0.07246754437642267,0.12906062913771166,-0.05532369167869533,-0.05659308476128899,0.02979381850327731,-1.8568848995508833,-1.8994908207238952,0.06332753138287349,0.05749997238807339,0.089,0.082,0.081,True,999,0.0001154579222202301,0.002709917025640607,strong_5x5_mild_500,strong_null,True,1173,2969104037,0.0,1,2
500,500,0.10983453177844016,0.10014986797773051,0.08915325724683498,0.08150511618441669,0.009684663800709647,0.00764814106241829,0.03036669491328122,0.3189238680194317,0.2518595153097576,0.7497842446144344,0.8011496530998112,0.727,0.734,0.785,True,999,0.00011208304204046726,0.0027365830028429627,strong_5x5_mild_500,strong_null,True,1174,2969104037,0.0,0,0
500,500,0.13079850685147076,0.10326136734371416,0.11252657202851424,0.08298106744166489,0.027537139507756603,0.029545504586849347,0.03020805609851843,0.9115826393445812,0.9780670590153738,0.36198846473236557,0.32804115869245,0.366,0.368,0.339,True,999,0.00011274998541921377,0.002749666920863092,strong_5x5_mild_500,strong_null,True,1175,2969104037,0.0,1,0
500,500,0.121635768964925,0.1087025697400894,0.10286246196591264,0.09102427682239522,0.012933199224835601,0.011838185143517421,0.03100960787913315,0.41707071160801595,0.3817586210589758,0.6766266869598483,0.7026404138668239,0.662,0.674,0.71,True,999,0.00011362496297806501,0.002692542038857937,strong_5x5_mild_500,strong_null,True,1176,2969104037,0.0,1,0
500,500,0.17236460790958397,0.11473203869898474,0.15581890976602608,0.09812338220467609,0.05763256921059923,0.05769552756134999,0.032564276344628475,1.7698096097905704,1.7717429661496824,0.07675886248449346,0.07643723388354985,0.08,0.086,0.086,True,999,0.00011799996718764305,0.002674582996405661,strong_5x5_mild_500,strong_null,True,1177,2969104037,0.0,1,1
500,500,0.10181348150507952,0.14178840110639057,0.08321852668535712,0.12414669578504345,-0.039974919601311054,-0.04092816909968633,0.03036123942854369,-1.3166432054064696,-1.3480401284674923,0.187958249261855,0.17764547630516847,0.179,0.168,0.155,True,999,0.00011124997399747372,0.0027476659743115306,strong_5x5_mild_500,strong_null,True,1178,2969104037,0.0,0,0
500,500,0.10038839919148301,0.13906773764518343,0.07999876142099538,0.11888229232317826,-0.03867933845370042,-0.03888353090218288,0.03144243644981777,-1.230163524872914,-1.236657692359214,0.21863587571361998,0.2162141917208008,0.183,0.196,0.188,True,999,0.00011029199231415987,0.0027842080453410745,strong_5x5_mild_500,strong_null,True,1179,2969104037,0.0,0,0
500,500,0.11629368626344605,0.12005893628101161,0.09678492466395028,0.1009370891921435,-0.003765250017565558,-0.004152164528193225,0.031215199407234964,-0.12062232787444119,-0.13301739559705805,0.9039901828854091,0.8941796230549925,0.892,0.894,0.893,True,999,0.00011349993292242289,0.002785458927974105,strong_5x5_mild_500,strong_null,True,1180,2969104037,0.0,0,1
500,500,0.10790003321877806,0.14348229010319402,0.09021730615268098,0.12542969012235972,-0.035582256884415964,-0.03521238396967874,0.03121788386462383,-1.139803615091856,-1.127955505324353,0.2543681272967292,0.25933871076539394,0.268,0.265,0.272,True,999,0.00015175004955381155,0.0026606660103425384,strong_5x5_mild_500,strong_null,True,1181,2969104037,0.0,0,1
500,500,0.1464543839812653,0.11450085220098771,0.12664166858780845,0.09583934029893726,0.0319535317802776,0.030802328288871195,0.03204932322398427,0.9970111242899823,0.961091380108149,0.3187591103177446,0.33650622343253767,0.322,0.33,0.34,True,999,0.00011341692879796028,0.002748625003732741,strong_5x5_mild_500,strong_null,True,1182,2969104037,0.0,0,1
500,500,0.11642324010265381,0.14124073434609086,0.09596333351345265,0.12108746605355236,-0.024817494243437044,-0.02512413254009971,0.03211899425214321,-0.7726734544865471,-0.7822204002674601,0.43971566059442524,0.43408505741845926,0.446,0.443,0.439,True,999,0.000112667097710073,0.0028161669615656137,strong_5x5_mild_500,strong_null,True,1183,2969104037,0.0,0,0
500,500,0.14075744037283133,0.09183812366492217,0.12235402158864872,0.07337070437813509,0.048919316707909166,0.04898331721051363,0.02966387693422764,1.6491208083277764,1.651278331524976,0.0991228874773574,0.09868175472933916,0.091,0.087,0.081,True,999,0.00011466699652373791,0.0027477500261738896,strong_5x5_mild_500,strong_null,True,1184,2969104037,0.0,1,0
500,500,0.11702464649483113,0.08407424285333043,0.09855504921307556,0.06556434186916249,0.0329504036415007,0.03299070734391307,0.028769422959550504,1.145327234676504,1.1467281561502867,0.25207362827648094,0.25149398989534166,0.214,0.206,0.213,True,999,0.00011616700794547796,0.0026879169745370746,strong_5x5_mild_500,strong_null,True,1185,2969104037,0.0,1,0
500,500,0.14220779621668023,0.09740802430536522,0.12484384550833738,0.07804910435686452,0.04479977191131501,0.04679474115147286,0.030914348259746163,1.449157897003094,1.5136900431572318,0.14729349241500037,0.1301044714593941,0.168,0.178,0.157,True,999,0.00011300004553049803,0.002847790950909257,strong_5x5_mild_500,strong_null,True,1186,2969104037,0.0,3,0
500,500,0.11579370176510961,0.11774640451140495,0.09808701565719957,0.1000541096169627,-0.0019527027462953317,-0.001967093959763133,0.029312484254584898,-0.06661676060397033,-0.06710771910966404,0.9468868023532273,0.9464959487896105,0.942,0.942,0.946,True,999,0.00011500006075948477,0.0027956670382991433,strong_5x5_mild_500,strong_null,True,1187,2969104037,0.0,1,1
500,500,0.10676101031589158,0.14441528851515462,0.08813759910395902,0.12687885824345813,-0.037654278199263036,-0.03874125913949911,0.03137182301671301,-1.2002578931802308,-1.2349062124588712,0.230039197422495,0.21686541109428115,0.226,0.22,0.211,True,999,0.00011958309914916754,0.0027751250891014934,strong_5x5_mild_500,strong_null,True,1188,2969104037,0.0,0,0
500,500,0.11199190744035015,0.11931001399217778,0.09252519538381421,0.1003701015405909,-0.00731810655182763,-0.007844906156776688,0.031123163371654473,-0.2351337640213212,-0.25206005132246495,0.814104913323585,0.8009946475960075,0.797,0.799,0.791,True,999,0.0001153330085799098,0.002825208008289337,strong_5x5_mild_500,strong_null,True,1189,2969104037,0.0,0,0
500,500,0.09715396098923157,0.12016320083592291,0.07843723572716499,0.10134995407167935,-0.023009239846691343,-0.02291271834451436,0.029930086285270815,-0.768766238339067,-0.7655413394444559,0.4420320947142854,0.44394925984473976,0.446,0.436,0.442,True,999,0.00011458306107670069,0.0028229160234332085,strong_5x5_mild_500,strong_null,True,1190,2969104037,0.0,0,0
500,500,0.12167869989570401,0.11932215813539848,0.10198853413919551,0.10066644736116359,0.0023565417603055305,0.0013220867780319168,0.031773284332123945,0.07416739596929176,0.041610013123359706,0.9408771886227351,0.9668095908383958,0.939,0.939,0.964,True,999,0.00011395802721381187,0.0027805829886347055,strong_5x5_mild_500,strong_null,True,1191,2969104037,0.0,0,0
500,500,0.14136238870780682,0.11797384455992699,0.12347585907696157,0.10125821058909423,0.02338854414787983,0.022217648487867336,0.031882908198807666,0.7335762472494431,0.6968513772121395,0.46320704185165484,0.48589580942675903,0.464,0.458,0.474,True,999,0.00011449994053691626,0.002767625031992793,strong_5x5_mild_500,strong_null,True,1192,2969104037,0.0,0,1
500,500,0.13138371707319663,0.11046771651828569,0.11252645819416784,0.09092517406730849,0.02091600055491094,0.021601284126859355,0.03160101793813075,0.6618774305264723,0.6835629209524479,0.5080497771772132,0.49425120534924594,0.49,0.492,0.471,True,999,0.00012149999383836985,0.002776084002107382,strong_5x5_mild_500,strong_null,True,1193,2969104037,0.0,0,0
500,500,0.13666510129405984,0.11874748462340723,0.11790604303615737,0.1003237076838559,0.017917616670652614,0.01758233535230147,0.0321735755732574,0.5569047378602735,0.5464837227142346,0.5775925173812163,0.584733473604726,0.605,0.605,0.613,True,999,0.00011691602412611246,0.0028373749228194356,strong_5x5_mild_500,strong_null,True,1194,2969104037,0.0,0,1
500,500,0.11036538975056409,0.09654659388457665,0.09067253159429356,0.07614824064313552,0.013818795865987443,0.014524290951158036,0.0291497612111961,0.4740620606071997,0.49826449163430603,0.6354556522684378,0.6182976318397541,0.62,0.624,0.612,True,999,0.00012037507258355618,0.002790666068904102,strong_5x5_mild_500,strong_null,True,1195,2969104037,0.0,0,0
500,500,0.11564783154034441,0.10295342843727884,0.09636368831695563,0.08354639628356608,0.012694403103065577,0.012817292033389549,0.030216184794910592,0.42011932311202094,0.4241863134073897,0.6743982873233216,0.6714299415447187,0.66,0.655,0.653,True,999,0.0001253749942407012,0.0027087089838460088,strong_5x5_mild_500,strong_null,True,1196,2969104037,0.0,0,0
500,500,0.10007900117090429,0.10670975040893382,0.0823471335065733,0.08813585627274279,-0.006630749238029532,-0.005788722766169485,0.028966604305791694,-0.22891013278707834,-0.19984126220179926,0.8189387648346266,0.8416047296044561,0.818,0.817,0.834,True,999,0.00011541706044226885,0.0027042499277740717,strong_5x5_mild_500,strong_null,True,1197,2969104037,0.0,0,0
500,500,0.11149837398663642,0.09452577865930345,0.09259335547147884,0.0741633968097517,0.016972595327332973,0.01842995866172714,0.02923991126907949,0.5804598779778476,0.6303014565306285,0.561604535902378,0.5284973702175313,0.566,0.564,0.531,True,999,0.00011683302000164986,0.0027612498961389065,strong_5x5_mild_500,strong_null,True,1198,2969104037,0.0,0,0
500,500,0.15049775392772102,0.08353417585318046,0.13715093690836966,0.06436038048713044,0.06696357807454056,0.07279055642123922,0.03009572170007484,2.225019846404748,2.418634686572683,0.02607990586018103,0.01557887698784973,0.023,0.023,0.02,True,999,0.00011729192920029163,0.0028094579465687275,strong_5x5_mild_500,strong_null,True,1199,2969104037,0.0,4,0
500,500,0.09265354768047374,0.10415814327295836,0.07566202432190039,0.08393908744085365,-0.011504595592484623,-0.008277063118953265,0.028330309548827735,-0.4060878887559019,-0.2921628196362492,0.684678024293494,0.7701621376374841,0.679,0.68,0.757,True,999,0.00011316593736410141,0.002827625023201108,strong_5x5_mild_500,strong_null,True,1200,2969104037,0.0,1,0
500,500,0.10071076108528643,0.109193344344238,0.08173416766402397,0.08975045697627593,-0.00848258325895157,-0.008016289312251956,0.029427730868122583,-0.28825135369646454,-0.2724059611723429,0.7731543415530249,0.7853098896064268,0.759,0.761,0.768,True,999,0.00012112502008676529,0.0027322079986333847,strong_5x5_mild_500,strong_null,True,1201,2969104037,0.0,1,0
500,500,0.10190499425726518,0.07673736108117335,0.08095116193646845,0.05876574075995222,0.02516763317609183,0.02218542117651623,0.0279760574597852,0.899613292983459,0.7930145699910415,0.3683260805707155,0.4277693340259028,0.361,0.357,0.435,True,999,0.00011362507939338684,0.0027921670116484165,strong_5x5_mild_500,strong_null,True,1202,2969104037,0.0,1,0
500,500,0.14599050672564973,0.119749519505296,0.12574626994387472,0.1010686452648315,0.02624098722035373,0.02467762467904322,0.032468591270225125,0.8081960502061469,0.7600460541592235,0.41897773115868475,0.44722705672224383,0.43,0.428,0.453,True,999,0.00011708308011293411,0.002808750024996698,strong_5x5_mild_500,strong_null,True,1203,2969104037,0.0,0,0
500,500,0.14744764033250934,0.13074956463192655,0.1253953533072263,0.11139288110285861,0.016698075700582793,0.014002472204367677,0.033131190956198056,0.5039986556070053,0.42263715249113765,0.6142623217128976,0.6725600157031315,0.624,0.623,0.694,True,999,0.00011654198169708252,0.002849083044566214,strong_5x5_mild_500,strong_null,True,1204,2969104037,0.0,0,1
500,500,0.1082761557536136,0.11736397300164936,0.08847857847450769,0.09826159811626667,-0.009087817248035757,-0.009783019641758983,0.029969852208556306,-0.3032319674049381,-0.3264286915290813,0.7617130886971369,0.7441000326406111,0.74,0.739,0.728,True,999,0.00011487503070384264,0.002752165892161429,strong_5x5_mild_500,strong_null,True,1205,2969104037,0.0,0,1
500,500,0.14371208019959414,0.1298548066077716,0.12751573662694682,0.11357787586700852,0.013857273591822539,0.013937860759938303,0.032137453001508165,0.4311876734964727,0.4336952514340268,0.6663319159578971,0.6645097553443744,0.676,0.673,0.671,True,999,0.00011575000826269388,0.002775041968561709,strong_5x5_mild_500,strong_null,True,1206,2969104037,0.0,2,2
500,500,0.08423341866519407,0.12735438900248597,0.06554989991815319,0.11192039040741975,-0.0431209703372919,-0.04637049048926656,0.028865581265599537,-1.493854218299812,-1.6064284333164787,0.13521372672823787,0.10817980772934167,0.147,0.14,0.113,True,999,0.00011304195504635572,0.0027590410318225622,strong_5x5_mild_500,strong_null,True,1207,2969104037,0.0,0,2
500,500,0.09185415827533339,0.103217480996048,0.07430832564494949,0.082871906756111,-0.011363322720714608,-0.008563581111161511,0.02840277419641847,-0.4000779164081619,-0.30150509425383387,0.6890991291005713,0.7630293659856682,0.7,0.703,0.777,True,999,0.00011283298954367638,0.0027965420158579946,strong_5x5_mild_500,strong_null,True,1208,2969104037,0.0,1,0
500,500,0.1328124108232157,0.09877893985691144,0.11545166037541321,0.08005341534357058,0.03403347096630427,0.035398245031842634,0.02975299800364957,1.1438669461857136,1.1897370822093494,0.2526788208536861,0.23414974568317892,0.24,0.236,0.221,True,999,0.00011845806147903204,0.0027663749642670155,strong_5x5_mild_500,strong_null,True,1209,2969104037,0.0,1,0
500,500,0.14922016129740934,0.16146351367121436,0.1293592851474159,0.14260927510662214,-0.012243352373805028,-0.013249989959206232,0.03509437645937786,-0.34886935198797014,-0.3775530810340297,0.7271873948875532,0.7057626249885582,0.684,0.689,0.674,True,999,0.00011820800136774778,0.0027980420272797346,strong_5x5_mild_500,strong_null,True,1210,2969104037,0.0,0,0
500,500,0.12301886274043605,0.14253853860266474,0.10669703234651706,0.12612045270208228,-0.01951967586222869,-0.019423420355565213,0.03130413108653958,-0.6235495183772064,-0.6204746684030167,0.5329234723127233,0.534945326479723,0.509,0.506,0.512,True,999,0.00011633301619440317,0.002830042038112879,strong_5x5_mild_500,strong_null,True,1211,2969104037,0.0,2,2
500,500,0.12747576680572625,0.12049497973669676,0.11091282923109702,0.1020736162820981,0.006980787069029493,0.00883921294899892,0.03075225143610845,0.2270008452399958,0.28743303453288493,0.8204230849183755,0.7737807699601331,0.806,0.804,0.763,True,999,0.00011691695544868708,0.002760999952442944,strong_5x5_mild_500,strong_null,True,1212,2969104037,0.0,1,0
500,500,0.1571214187257568,0.11492929061273094,0.13778255138754503,0.09453559709464798,0.04219212811302586,0.043246954292897044,0.03204177721014383,1.316784891059932,1.3497052304329067,0.18791073872089936,0.1771105539368787,0.174,0.164,0.158,True,999,0.00011262495536357164,0.002684958977624774,strong_5x5_mild_500,strong_null,True,1213,2969104037,0.0,0,0
500,500,0.12328401103267961,0.10541029521580847,0.10586988478206649,0.08653430672757167,0.01787371581687114,0.019335578054494817,0.030749660473482987,0.5812654690052452,0.6288062292970318,0.5610615495910561,0.5294759213491256,0.531,0.523,0.503,True,999,0.0001099579967558384,0.002776916022412479,strong_5x5_mild_500,strong_null,True,1214,2969104037,0.0,1,0
500,500,0.1185072711871813,0.14312437283067214,0.0989358405230405,0.12278129839353369,-0.024617101643490846,-0.023845457870493192,0.031918570599246104,-0.7712469945027014,-0.7470716082460286,0.4405605438318715,0.455020337191928,0.427,0.431,0.453,True,999,0.00011533405631780624,0.0028166669653728604,strong_5x5_mild_500,strong_null,True,1215,2969104037,0.0,0,0
500,500,0.15092071860013856,0.104491029927126,0.13363259180198384,0.08711595890633816,0.04642968867301256,0.04651663289564567,0.031021772027844566,1.4966807386547143,1.4994834226069744,0.13447635044677994,0.13374826611207807,0.136,0.134,0.136,True,999,0.00011629203800112009,0.002838833024725318,strong_5x5_mild_500,strong_null,True,1216,2969104037,0.0,2,1
500,500,0.09222686371338595,0.11267468994634222,0.07211791195271644,0.09416686978130429,-0.020447826232956268,-0.022048957828587845,0.02988675635688206,-0.6841768303253064,-0.7377501112967251,0.4938635111232341,0.46066631451145057,0.49,0.492,0.475,True,999,0.00011533393990248442,0.0028547500260174274,strong_5x5_mild_500,strong_null,True,1217,2969104037,0.0,0,1
500,500,0.1056938207611301,0.11314543374826802,0.08994802611630348,0.09360101338677396,-0.007451612987137923,-0.0036529872704704758,0.029920397110573486,-0.2490479307343357,-0.12209020010565157,0.8033237058123597,0.9028275829997453,0.805,0.807,0.906,True,999,0.00011558295227587223,0.002780166920274496,strong_5x5_mild_500,strong_null,True,1218,2969104037,0.0,2,0
500,500,0.12571184878520325,0.09936439332694402,0.10605993375776279,0.08102457950838016,0.026347455458259228,0.025035354249382635,0.029382042316090217,0.8967196757398588,0.8520631064394307,0.3698685187904538,0.39417906738766373,0.354,0.351,0.384,True,999,0.00011679192539304495,0.0026820420753210783,strong_5x5_mild_500,strong_null,True,1219,2969104037,0.0,0,1
500,500,0.14330483624355717,0.09629682941291595,0.12493808304844833,0.07769314940139793,0.047008006830641214,0.0472449336470504,0.03091651170647108,1.520482235413449,1.5281456748938997,0.1283898201751826,0.1264763732845374,0.11,0.113,0.115,True,999,0.00011416699271649122,0.002678458928130567,strong_5x5_mild_500,strong_null,True,1220,2969104037,0.0,0,0
500,500,0.1478398410462518,0.10624913531842717,0.12827546059810402,0.08752425736309988,0.04159070572782464,0.04075120323500414,0.032150620715280215,1.2936206145487523,1.26750906602672,0.19579649831502288,0.20497332398255008,0.198,0.199,0.208,True,999,0.00011920800898224115,0.0028363330056890845,strong_5x5_mild_500,strong_null,True,1221,2969104037,0.0,0,0
500,500,0.12566985942744524,0.0928836641232178,0.10741378806062585,0.07318778408449589,0.03278619530422744,0.03422600397612996,0.030002878405552737,1.0927683291267007,1.1407573471282553,0.2744955303808856,0.2539709147106606,0.287,0.276,0.278,True,999,0.00011874991469085217,0.0028467499651014805,strong_5x5_mild_500,strong_null,True,1222,2969104037,0.0,1,0
500,500,0.1492142035496471,0.12173417508941498,0.13211005858755698,0.10502329527082566,0.02748002846023212,0.02708676331673132,0.03276439328754408,0.8387162313388267,0.8267134104701641,0.40162856776012934,0.4083995185252255,0.376,0.379,0.384,True,999,0.00011791603174060583,0.0028576249023899436,strong_5x5_mild_500,strong_null,True,1223,2969104037,0.0,2,1
500,500,0.15540786643641447,0.12995306558203068,0.13880642372532748,0.1087744994639479,0.025454800854383786,0.030031924261379572,0.033759028452826294,0.7540146153777337,0.8895968171401956,0.4508404457563314,0.3736824158884485,0.447,0.453,0.39,True,999,0.00012441701255738735,0.0026762919733300805,strong_5x5_mild_500,strong_null,True,1224,2969104037,0.0,1,0
500,500,0.09835052601122674,0.12390512950508892,0.08036185720300182,0.10443906296023897,-0.025554603493862182,-0.024077205757237152,0.030041835027608547,-0.8506339066963592,-0.8014558942591263,0.3949727482394034,0.4228677679673829,0.409,0.401,0.439,True,999,0.00011187500786036253,0.0026854999596253037,strong_5x5_mild_500,strong_null,True,1225,2969104037,0.0,0,0
500,500,0.12095254717673076,0.12672969863241246,0.09974386488863729,0.1083174084978964,-0.005777151455681695,-0.008573543609259104,0.03136392891910979,-0.18419731375432763,-0.2733568116217517,0.8538586667405904,0.7845789482147396,0.853,0.853,0.783,True,999,0.00011820800136774778,0.002766041085124016,strong_5x5_mild_500,strong_null,True,1226,2969104037,0.0,0,0
500,500,0.11779795769037982,0.1496433314929545,0.09830620897093922,0.13020113324398608,-0.031845373802574684,-0.031894924273046854,0.03207056157450339,-0.9929783651774987,-0.9945234104788434,0.32072049786403567,0.31996811393112523,0.337,0.336,0.336,True,999,0.00011866691056638956,0.002695249975658953,strong_5x5_mild_500,strong_null,True,1227,2969104037,0.0,0,0
500,500,0.1116957578872444,0.11236118829764119,0.0932345114100599,0.09477933624737034,-0.0006654304103967945,-0.0015448248373104434,0.030077654648305665,-0.02212374662112425,-0.051361213345052704,0.982349244045954,0.9590376912250148,0.977,0.977,0.956,True,999,0.00011362496297806501,0.0026880409568548203,strong_5x5_mild_500,strong_null,True,1228,2969104037,0.0,1,0
500,500,0.08551320642869209,0.09482211558378717,0.06590573788975007,0.07921126048853466,-0.00930890915509508,-0.013305522598784592,0.026839463109057476,-0.3468366381723044,-0.49574473769165656,0.7287140503924023,0.620074518755843,0.713,0.714,0.614,True,999,0.00011979194823652506,0.002820833004079759,strong_5x5_mild_500,strong_null,True,1229,2969104037,0.0,0,2
500,500,0.07868409825851841,0.1308703653409753,0.05931709635524385,0.11310938024024608,-0.05218626708245688,-0.053792283885002234,0.02883637201007252,-1.8097376141571575,-1.865431749396652,0.07033648652156521,0.0621209105311225,0.062,0.064,0.058,True,999,0.00011987495236098766,0.002746292040683329,strong_5x5_mild_500,strong_null,True,1230,2969104037,0.0,0,0
500,500,0.12684955457696523,0.09909499480272976,0.1093565738082134,0.08026422255875332,0.027754559774235465,0.02909235124946008,0.030559297743266125,0.9082198160247744,0.9519967210591647,0.36376209658611125,0.3410986448068172,0.339,0.328,0.311,True,999,0.00012600002810359,0.0027680830098688602,strong_5x5_mild_500,strong_null,True,1231,2969104037,0.0,1,0
500,500,0.1290241024186598,0.11873645247794651,0.11447153937649546,0.09995124943492328,0.010287649940713295,0.014520289941572173,0.03202342040524279,0.32125393885248527,0.4534272028978813,0.7480179592823434,0.6502411519195213,0.751,0.75,0.651,True,999,0.0001193750649690628,0.002854249905794859,strong_5x5_mild_500,strong_null,True,1232,2969104037,0.0,3,0
500,500,0.09744411239911943,0.15051115556987116,0.07683823821417946,0.13198613588036778,-0.053067043170751726,-0.05514789766618833,0.03149786465462466,-1.6847822464358764,-1.7508455976583563,0.0920305914123511,0.0799725098540725,0.088,0.083,0.077,True,999,0.00011891697067767382,0.002765333978459239,strong_5x5_mild_500,strong_null,True,1233,2969104037,0.0,0,1
500,500,0.09881041891384124,0.0771341672644702,0.0788182115746281,0.059308948766158665,0.021676251649371037,0.01950926280846943,0.027241791449728242,0.7956984653293524,0.7161519771734414,0.4262073190770317,0.47389751216407894,0.397,0.39,0.446,True,999,0.00011687504593282938,0.002692375099286437,strong_5x5_mild_500,strong_null,True,1234,2969104037,0.0,1,0
500,500,0.09548715088231385,0.13232084603155547,0.07597391944301535,0.1149210820880171,-0.03683369514924162,-0.038947162645001754,0.03020070744720969,-1.2196302094454667,-1.2896109375278946,0.22260508905759546,0.1971857762392858,0.212,0.21,0.188,True,999,0.00011979101691395044,0.002747999969869852,strong_5x5_mild_500,strong_null,True,1235,2969104037,0.0,0,1
500,500,0.09919689482173832,0.14005335759921111,0.08120929627665419,0.12179100301989365,-0.04085646277747279,-0.040581706743239465,0.030339109078681682,-1.3466599388767588,-1.3376037720156697,0.1780897802144995,0.18102563419016737,0.179,0.178,0.179,True,999,0.00011550006456673145,0.002699833014048636,strong_5x5_mild_500,strong_null,True,1236,2969104037,0.0,0,1
500,500,0.1521058600859424,0.08353542042910433,0.1356579141615839,0.06309823744908272,0.06857043965683807,0.07255967671250119,0.030267545602577405,2.2654773716108325,2.397276530619068,0.02348340109409583,0.01651745285867335,0.02,0.022,0.018,True,999,0.00011500006075948477,0.0026842079823836684,strong_5x5_mild_500,strong_null,True,1237,2969104037,0.0,1,0
500,500,0.13280540321175738,0.10551093650779586,0.11605971828879547,0.0852275331023975,0.027294466703961517,0.030832185186397965,0.030904058713254814,0.8832000662830369,0.9976743013749834,0.3771281857999381,0.3184373186135341,0.369,0.37,0.306,True,999,0.00011008302681148052,0.002841707901097834,strong_5x5_mild_500,strong_null,True,1238,2969104037,0.0,1,1
500,500,0.111333719982049,0.12466968774569875,0.09417881206837819,0.10721615978889076,-0.013335967763649759,-0.013037347720512571,0.031141931391306086,-0.428231877980849,-0.41864287595701966,0.6684823096317876,0.6754771495047025,0.678,0.676,0.67,True,999,0.00011675001587718725,0.002771749976091087,strong_5x5_mild_500,strong_null,True,1239,2969104037,0.0,1,1
500,500,0.14559399890539337,0.14676962563266893,0.12476180396777181,0.1280190143619393,-0.0011756267272755583,-0.003257210394167487,0.03328327771168945,-0.03532184352332178,-0.09786327002954757,0.9718231055842534,0.9220408662111556,0.97,0.971,0.924,True,999,0.0001177499070763588,0.002818250097334385,strong_5x5_mild_500,strong_null,True,1240,2969104037,0.0,1,0
500,500,0.11745324560377401,0.1284155935114326,0.09809165618753468,0.11071951207856046,-0.010962347907658598,-0.012627855891025774,0.031579024632133,-0.34714016773348794,-0.3998811248329815,0.7284860181176707,0.6892440752097067,0.721,0.724,0.689,True,999,0.00011583301238715649,0.0028067079838365316,strong_5x5_mild_500,strong_null,True,1241,2969104037,0.0,1,1
500,500,0.14344852568363442,0.09985697878868272,0.12281815227947845,0.08160766705003653,0.043591546894951705,0.04121048522944193,0.03039069410352654,1.4343715463179676,1.3560231658104793,0.15146626299034993,0.17509179742650893,0.147,0.147,0.181,True,999,0.00011441693641245365,0.002776334062218666,strong_5x5_mild_500,strong_null,True,1242,2969104037,0.0,0,1
500,500,0.1048580970523969,0.13865561703402718,0.08746377579615228,0.11993653310651098,-0.033797519981630275,-0.0324727573103587,0.03132250152949648,-1.0790172665424909,-1.0367229858630234,0.280580030507979,0.2998649763968523,0.25,0.254,0.277,True,999,0.00011258304584771395,0.002767333062365651,strong_5x5_mild_500,strong_null,True,1243,2969104037,0.0,1,0
500,500,0.11750160349800032,0.10085924355035947,0.10091515630813319,0.08095759970461813,0.01664235994764085,0.01995755660351506,0.03030491015342305,0.5491638108605656,0.6585585141971054,0.5828930372688639,0.5101793104304234,0.59,0.591,0.523,True,999,0.00011483300477266312,0.0027405419386923313,strong_5x5_mild_500,strong_null,True,1244,2969104037,0.0,1,0
500,500,0.13956401193737078,0.10729780960587032,0.1191191471201023,0.08918375576183735,0.03226620233150046,0.02993539135826495,0.03197295161431989,1.0091718375180985,0.9362723754555595,0.31289223044650616,0.3491329674307556,0.278,0.278,0.311,True,999,0.00011562497820705175,0.002677416894584894,strong_5x5_mild_500,strong_null,True,1245,2969104037,0.0,0,0
500,500,0.16831622464155427,0.11338949608045623,0.1507299086588887,0.09490546149288548,0.05492672856109804,0.05582444716600321,0.03327463947164594,1.6507084504372265,1.6776875137466918,0.09879812147488093,0.0934081182587982,0.085,0.095,0.089,True,999,0.00011250004172325134,0.0027552079409360886,strong_5x5_mild_500,strong_null,True,1246,2969104037,0.0,1,1
500,500,0.13460151383517882,0.10849470812710793,0.11615418152837265,0.08985766864248035,0.02610680570807089,0.026296512885892298,0.030367843044257905,0.8596858746280727,0.8659328503367172,0.3899622232607116,0.38652698703396327,0.351,0.344,0.352,True,999,0.00014500005636364222,0.0027252499712631106,strong_5x5_mild_500,strong_null,True,1247,2969104037,0.0,0,1
500,500,0.13399918691135349,0.12415277109230072,0.11483211072771837,0.10679169038650116,0.009846415819052767,0.008040420341217214,0.03213529865460178,0.30640498863522336,0.25020524712210274,0.759296310528074,0.802428627671064,0.758,0.753,0.791,True,999,0.00012170802801847458,0.002800416899845004,strong_5x5_mild_500,strong_null,True,1248,2969104037,0.0,1,1
500,500,0.11787063966079092,0.11126860443021247,0.1002061858650336,0.0932106505472916,0.006602035230578451,0.0069955353177419966,0.030678181664236668,0.21520295116691437,0.22802965945980747,0.8296090901346822,0.819623182945989,0.822,0.822,0.816,True,999,0.00012020801659673452,0.0028915000148117542,strong_5x5_mild_500,strong_null,True,1249,2969104037,0.0,1,0
500,500,0.06833106777984455,0.10942165992110398,0.04853468462709998,0.09074272662536487,-0.04109059214125943,-0.04220804199826489,0.027752163760957915,-1.480626609701193,-1.5208919333938091,0.13870610048192014,0.12828695858425176,0.129,0.137,0.132,True,999,0.00012325006537139416,0.0027164999628439546,strong_5x5_mild_500,strong_null,True,1250,2969104037,0.0,0,0
500,500,0.1129067243315598,0.08884766167912539,0.0935256267779323,0.069436388525844,0.024059062652434404,0.024089238252088307,0.028564016181056195,0.8422857101022965,0.8433421301611086,0.3996280477914276,0.3990371269017461,0.398,0.397,0.411,True,999,0.00012099999003112316,0.002711834036745131,strong_5x5_mild_500,strong_null,True,1251,2969104037,0.0,0,1
500,500,0.15914729301486275,0.11518824541171724,0.1449967822671283,0.09681040926739115,0.04395904760314551,0.04818637299973716,0.03175299606946134,1.3844062937236787,1.5175378378256639,0.1662340828932901,0.12913094783793666,0.161,0.165,0.132,True,999,0.00011337501928210258,0.0028003340121358633,strong_5x5_mild_500,strong_null,True,1252,2969104037,0.0,3,1
500,500,0.1313013246232968,0.11447664385489431,0.11449904013693413,0.09560146452503204,0.01682468076840249,0.018897575611902084,0.03123266839787336,0.5386885473271982,0.6050579915608115,0.5901017774767017,0.5451404651982716,0.56,0.552,0.512,True,999,0.0001140000531449914,0.0027775830822065473,strong_5x5_mild_500,strong_null,True,1253,2969104037,0.0,1,0
500,500,0.12343063466727577,0.16878482709436848,0.10401682008409807,0.1504189924525008,-0.04535419242709271,-0.046402172368402717,0.03407030414226357,-1.331194234067071,-1.3619535703187837,0.1831251081527816,0.17321253829418215,0.168,0.168,0.167,True,999,0.00011720799375325441,0.0027591659454628825,strong_5x5_mild_500,strong_null,True,1254,2969104037,0.0,0,1
500,500,0.12859056091642884,0.12174045010425949,0.1111720722925611,0.10318518155713718,0.006850110812169352,0.007986890735423913,0.03162571041483014,0.216599428829183,0.25254423159704414,0.8285205309001259,0.8006204298792451,0.815,0.816,0.782,True,999,0.00011833407916128635,0.0028712499188259244,strong_5x5_mild_500,strong_null,True,1255,2969104037,0.0,2,0
500,500,0.1051409202898218,0.14424495986798624,0.08449104581944766,0.1260009801214892,-0.03910403957816444,-0.04150993430204153,0.03102112622860111,-1.2605615698797867,-1.3381182229215733,0.2074668518827376,0.18085790130219703,0.188,0.195,0.181,True,999,0.00011779193300753832,0.0027927919290959835,strong_5x5_mild_500,strong_null,True,1256,2969104037,0.0,0,1
500,500,0.09755564608307721,0.11604178454416836,0.07786230337279676,0.09847058960212962,-0.01848613846109115,-0.02060828622933286,0.030223180477426857,-0.6116543053732585,-0.6818702037240857,0.5407665003600365,0.4953210277954385,0.568,0.565,0.517,True,999,0.00012087495997548103,0.0027580000460147858,strong_5x5_mild_500,strong_null,True,1257,2969104037,0.0,0,0
500,500,0.09636950467840699,0.09211594347566043,0.07882763038190888,0.07549913374475636,0.004253561202746559,0.0033284966371525115,0.02729701791984139,0.15582512402040705,0.12193627329281,0.876170866421406,0.902949488027382,0.87,0.867,0.907,True,999,0.00011812499724328518,0.002897874917834997,strong_5x5_mild_500,strong_null,True,1258,2969104037,0.0,1,2
500,500,0.1155355019080635,0.11047991974484694,0.09675791674487755,0.09179799344656203,0.005055582163216554,0.004959923298315516,0.030468037278317775,0.1659306806354179,0.16279103419126995,0.868211502517174,0.8706829677790336,0.872,0.872,0.87,True,999,0.00011416699271649122,0.002697041956707835,strong_5x5_mild_500,strong_null,True,1259,2969104037,0.0,0,0
500,500,0.15867069079634177,0.13027083921964477,0.14343009443871324,0.11036902926406356,0.028399851576697,0.033061065174649684,0.031910793668959075,0.8899763469162062,1.0360464712229807,0.37347858684499,0.3001804629575473,0.399,0.395,0.311,True,999,0.000110041000880301,0.0027271249564364552,strong_5x5_mild_500,strong_null,True,1260,2969104037,0.0,3,0
500,500,0.1379166323843226,0.13434881752022787,0.12155814444577118,0.11562728661027677,0.0035678148640947427,0.0059308578354944075,0.032848115070183856,0.108615512837546,0.18055397768859593,0.9135074560867,0.8567176825358886,0.907,0.907,0.857,True,999,0.00011500006075948477,0.0027564159827306867,strong_5x5_mild_500,strong_null,True,1261,2969104037,0.0,2,0
500,500,0.12131749155737515,0.07653593431630945,0.10115652111619511,0.05813077688901558,0.044781557241065695,0.04302574422717953,0.028098286653249024,1.5937468997202209,1.531258640718737,0.11099273512809722,0.12570548301992887,0.103,0.101,0.119,True,999,0.00011087500024586916,0.0026765420334413648,strong_5x5_mild_500,strong_null,True,1262,2969104037,0.0,0,0
500,500,0.12987465759273709,0.09770527738926071,0.11149389018385136,0.08007514610585531,0.03216938020347637,0.03141874407799605,0.02979169266584175,1.0798104211232282,1.0546142654734025,0.2802266096204038,0.291601776762755,0.275,0.264,0.282,True,999,0.00011741707567125559,0.0026912919711321592,strong_5x5_mild_500,strong_null,True,1263,2969104037,0.0,1,0
500,500,0.13863407156942076,0.1726459521174466,0.12239135537117818,0.15527372517931326,-0.03401188054802584,-0.03288236980813508,0.03342531785733246,-1.0175484551320344,-0.9837563833644062,0.3088925937148661,0.3252353096236875,0.316,0.313,0.343,True,999,0.00011995795648545027,0.0027358330553397536,strong_5x5_mild_500,strong_null,True,1264,2969104037,0.0,2,1
500,500,0.10808126049114564,0.12410432468028576,0.09023303658568693,0.10516959617996235,-0.016023064189140124,-0.014936559594275423,0.03024347466945411,-0.529802357839637,-0.4938771010118536,0.5962489702809481,0.6213929775030402,0.612,0.611,0.64,True,999,0.00011729111429303885,0.0027237500762566924,strong_5x5_mild_500,strong_null,True,1265,2969104037,0.0,0,1
500,500,0.12852445560260706,0.11811204030054556,0.10965326156383526,0.10042446587431186,0.010412415302061495,0.009228795689523395,0.031389513978007905,0.3317163594618455,0.2940088749379575,0.7401034464306485,0.7687511217199515,0.724,0.723,0.748,True,999,0.0001308330101892352,0.0026545419823378325,strong_5x5_mild_500,strong_null,True,1266,2969104037,0.0,0,0
500,500,0.0948313617802401,0.15984406730099399,0.07855729097406083,0.14247538010442895,-0.06501270552075389,-0.06391808913036812,0.030905309767476585,-2.1036095742088454,-2.0681911817506764,0.03541251810210875,0.038622049147377935,0.025,0.025,0.026,True,999,0.000112667097710073,0.0027962500462308526,strong_5x5_mild_500,strong_null,True,1267,2969104037,0.0,2,1
500,500,0.11262083034205728,0.08431361841060148,0.09309337140950902,0.06591931532045692,0.0283072119314558,0.0271740560890521,0.028442545340523744,0.9952418671589449,0.9554016971306589,0.31961864371965687,0.3393745960982728,0.296,0.307,0.33,True,999,0.00012029195204377174,0.00278550002258271,strong_5x5_mild_500,strong_null,True,1268,2969104037,0.0,0,1
500,500,0.10135223488662704,0.08652935035176479,0.07884355034633472,0.06900434582655635,0.014822884534862246,0.009839204519778377,0.027537479669909305,0.5382803623477379,0.35730228901557215,0.5903835066809786,0.7208655165549227,0.587,0.58,0.71,True,999,0.00011954200454056263,0.0027858330868184566,strong_5x5_mild_500,strong_null,True,1269,2969104037,0.0,0,0
500,500,0.10290208683417856,0.08380903833189413,0.08260788185475576,0.06522446843092666,0.019093048502284438,0.017383413423829097,0.0279389936113933,0.6833835451574192,0.6221918250033273,0.49436451494244305,0.5338157408639934,0.512,0.513,0.548,True,999,0.00015483307652175426,0.0027052079094573855,strong_5x5_mild_500,strong_null,True,1270,2969104037,0.0,0,0
500,500,0.09319785881424048,0.08015836640582163,0.07291751345479724,0.060606389642373415,0.01303949240841884,0.01231112381242383,0.02688541944385408,0.4850023796597165,0.4579107957803542,0.6276746574991785,0.6470165304392873,0.617,0.616,0.646,True,999,0.00011033297050744295,0.0027387499576434493,strong_5x5_mild_500,strong_null,True,1271,2969104037,0.0,0,0
500,500,0.11899536040975445,0.12838846820838667,0.1010797069390037,0.10911109300457156,-0.009393107798632228,-0.008031386065567858,0.03173172100598924,-0.2960163363613122,-0.25310275682973404,0.7672176055857126,0.8001888085839768,0.781,0.776,0.805,True,999,0.0001153330085799098,0.0028963329968973994,strong_5x5_mild_500,strong_null,True,1272,2969104037,0.0,1,1
500,500,0.09619265497381124,0.14755353569210916,0.0767658173874679,0.12586248847520665,-0.05136088071829792,-0.04909667108773874,0.030494594176212565,-1.6842618210135811,-1.610012279685847,0.09213108038774787,0.10739517555027132,0.082,0.085,0.103,True,999,0.00011645897757261992,0.002831666963174939,strong_5x5_mild_500,strong_null,True,1273,2969104037,0.0,0,0
500,500,0.09817553646963928,0.1500751639019804,0.07809241255762345,0.13189657565106927,-0.05189962743234111,-0.05380416309344582,0.031828093388728815,-1.6306231981435673,-1.69046139321997,0.1029698511469816,0.090939718257675,0.101,0.106,0.1,True,999,0.00011462508700788021,0.0028189170407131314,strong_5x5_mild_500,strong_null,True,1274,2969104037,0.0,0,1
500,500,0.09452221989359155,0.14062372609105167,0.07402520566068915,0.12112695960598785,-0.04610150619746012,-0.0471017539452987,0.03108491682409321,-1.4830828230406552,-1.5152607359975692,0.13805240710567546,0.12970638746345411,0.1,0.107,0.107,True,999,0.00011837494093924761,0.0028492918936535716,strong_5x5_mild_500,strong_null,True,1275,2969104037,0.0,0,0
500,500,0.12644004789426777,0.1872911082221438,0.10974747994487188,0.17109740958676412,-0.060851060327876016,-0.06134992964189223,0.03385094113693191,-1.7976179770519451,-1.8123552132191234,0.07223756753882746,0.06993132835320293,0.063,0.063,0.064,True,999,0.00011500006075948477,0.0027258750051259995,strong_5x5_mild_500,strong_null,True,1276,2969104037,0.0,1,2
500,500,0.12414325730838671,0.15019378634598457,0.10764306700411908,0.1312647876164874,-0.026050529037597858,-0.023621720612368335,0.03265924745027738,-0.7976463351538924,-0.7232781664161619,0.42507575421231936,0.469509003932995,0.4,0.399,0.446,True,999,0.00011666701175272465,0.0027344999834895134,strong_5x5_mild_500,strong_null,True,1277,2969104037,0.0,1,0
500,500,0.09901997120883665,0.11848655420779053,0.07958003373141764,0.10183310268183732,-0.019466582998953874,-0.022253068950419674,0.02963740370493137,-0.6568248417696192,-0.750844074331551,0.5112935490883426,0.45274650093823554,0.497,0.493,0.438,True,999,0.00011262495536357164,0.002811665995977819,strong_5x5_mild_500,strong_null,True,1278,2969104037,0.0,0,2
500,500,0.1218350578015106,0.10473500907755762,0.10326605384034337,0.08657451836859309,0.017100048723952987,0.016691535471750285,0.030461226651849495,0.5613709821798898,0.5479600563208716,0.5745446614766139,0.5837193301117705,0.55,0.547,0.553,True,999,0.0001129580195993185,0.0028121249051764607,strong_5x5_mild_500,strong_null,True,1279,2969104037,0.0,0,0
500,500,0.13308236932729067,0.112126472461618,0.11390220727378164,0.09265417346387039,0.020955896865672674,0.02124803380991125,0.030755253240201254,0.6813761766812734,0.6908749423704048,0.4956334932174292,0.4896441343131793,0.462,0.463,0.464,True,999,0.00011833396274596453,0.0028646669816225767,strong_5x5_mild_500,strong_null,True,1280,2969104037,0.0,1,0
500,500,0.11014627208018912,0.10343169788782958,0.089559697343077,0.08112724552529471,0.006714574192359546,0.008432451817782294,0.03052498094864132,0.21996980779961517,0.27624757021044516,0.8258946686942951,0.782357922420781,0.831,0.829,0.782,True,999,0.00011595897376537323,0.0028642088873311877,strong_5x5_mild_500,strong_null,True,1281,2969104037,0.0,0,0
500,500,0.12452470370255031,0.10735165665323687,0.10398189042643935,0.08921465513321891,0.01717304704931344,0.014767235293220438,0.030680210332440182,0.5597434588365667,0.48132770711829437,0.5756544348329433,0.6302836079407966,0.571,0.574,0.63,True,999,0.00011466699652373791,0.0026996659580618143,strong_5x5_mild_500,strong_null,True,1282,2969104037,0.0,0,1
500,500,0.085311762025845,0.10824659002425285,0.06682964452198803,0.08898110224328093,-0.022934827998407847,-0.0221514577212929,0.027864946029603453,-0.8230709642876073,-0.7949578548531694,0.4104676393780686,0.4266380183102547,0.407,0.392,0.413,True,999,0.00011354195885360241,0.002709708991460502,strong_5x5_mild_500,strong_null,True,1283,2969104037,0.0,0,0
500,500,0.13611367509422934,0.09795884550151646,0.11837031887318972,0.07911305680039504,0.03815482959271288,0.039257262072794674,0.030106840473781475,1.2673143044000248,1.303931646596455,0.2050429277601683,0.19225688897253335,0.211,0.204,0.193,True,999,0.00011045904830098152,0.0028083339566364884,strong_5x5_mild_500,strong_null,True,1284,2969104037,0.0,0,0
500,500,0.1111032752764105,0.10212081447421673,0.09172711593845406,0.08473994876487723,0.008982460802193781,0.006987167173576836,0.02873979808889463,0.3125443252736247,0.24311817194974494,0.7546268822368085,0.8079138542915679,0.763,0.765,0.818,True,999,0.00011725001968443394,0.002676208969205618,strong_5x5_mild_500,strong_null,True,1285,2969104037,0.0,0,1
500,500,0.09182381631457148,0.11596899452859888,0.0740245349859947,0.09611873771734736,-0.024145178214027396,-0.022094202731352652,0.030255181220380508,-0.7980510193659892,-0.7302617879039358,0.4248408836817168,0.4652301807747745,0.417,0.412,0.456,True,999,0.00011304102372378111,0.0027209590189158916,strong_5x5_mild_500,strong_null,True,1286,2969104037,0.0,0,0
500,500,0.1300309734682954,0.18315299744497626,0.11249274164174494,0.16612351247982815,-0.053122023976680866,-0.05363077083808321,0.03379043270622551,-1.5721025071955863,-1.5871584511613057,0.11592678015175716,0.11247676230018158,0.103,0.11,0.108,True,999,0.00011262495536357164,0.002725917031057179,strong_5x5_mild_500,strong_null,True,1287,2969104037,0.0,0,2
500,500,0.11419315582150003,0.17289148644064256,0.09445410918431207,0.1542888576105952,-0.058698330619142536,-0.05983474842628311,0.03299642579375913,-1.7789299661130147,-1.8133705995999154,0.07525124452510253,0.06977468097562203,0.083,0.08,0.074,True,999,0.00011333299335092306,0.0026837079785764217,strong_5x5_mild_500,strong_null,True,1288,2969104037,0.0,0,0
500,500,0.16598957661505032,0.11160677253021345,0.15058041191878146,0.09356332194863626,0.05438280408483687,0.05701708997014521,0.03198944032261379,1.7000236183060973,1.7823722264324522,0.08912648304647684,0.0746885515399595,0.091,0.09,0.075,True,999,0.00011475000064820051,0.0027405840810388327,strong_5x5_mild_500,strong_null,True,1289,2969104037,0.0,2,0
500,500,0.1292544157021831,0.11960341614292136,0.11096283799702178,0.1040619737735824,0.009650999559261741,0.006900864223439385,0.031274766578641804,0.3085874209482546,0.22065278108748956,0.7576353907959558,0.8253628004250677,0.729,0.729,0.79,True,999,0.00011483300477266312,0.0028444170020520687,strong_5x5_mild_500,strong_null,True,1290,2969104037,0.0,1,2
500,500,0.15791395483019088,0.13636865065616965,0.13935236989749455,0.11826877586275941,0.02154530417402123,0.021083594034735142,0.033839794617615396,0.6366854296097224,0.6230414301557262,0.524329766165992,0.53325729671515,0.512,0.517,0.535,True,999,0.00011824991088360548,0.0028231670148670673,strong_5x5_mild_500,strong_null,True,1291,2969104037,0.0,1,0
500,500,0.14604677564909907,0.13067313760482158,0.12706452206299446,0.11349624725903595,0.015373638044277493,0.013568274803958502,0.03222699157372243,0.4770422957137894,0.4210220731562775,0.6333320037342736,0.6737389637157375,0.628,0.629,0.678,True,999,0.00011845806147903204,0.0028529580449685454,strong_5x5_mild_500,strong_null,True,1292,2969104037,0.0,0,2
500,500,0.0950772298130329,0.137485327604427,0.07706378161537941,0.11996131936808752,-0.042408097791394095,-0.042897537752708104,0.030636096003669604,-1.3842526732621034,-1.4002285979117515,0.16628109991095008,0.16144487464904989,0.159,0.151,0.148,True,999,0.00012145808432251215,0.002812999999150634,strong_5x5_mild_500,strong_null,True,1293,2969104037,0.0,0,1
500,500,0.11429742845307156,0.0898219323281837,0.09569759352291385,0.0704220897439427,0.024475496124887863,0.025275503778971142,0.029080426208013262,0.8416484665600779,0.8691586429364762,0.3999847517759765,0.3847603647376675,0.391,0.387,0.387,True,999,0.00011820800136774778,0.002836707979440689,strong_5x5_mild_500,strong_null,True,1294,2969104037,0.0,1,1
500,500,0.08564493532872075,0.0770368560059117,0.06610118382013752,0.056712797386978764,0.008608079322809048,0.009388386433158757,0.026326241202100673,0.32697715016461126,0.3566170484075646,0.7436851676680417,0.7213785128160501,0.715,0.718,0.699,True,999,0.00011804094538092613,0.002794708008877933,strong_5x5_mild_500,strong_null,True,1295,2969104037,0.0,0,0
500,500,0.16788282996650006,0.11874023946674028,0.1492981609293338,0.1001678565534121,0.049142590499759775,0.049130304375921696,0.032468351663049906,1.5135535985858415,1.5131751955192003,0.13013909734709683,0.1302351630821518,0.128,0.133,0.135,True,999,0.00011554209049791098,0.002682583057321608,strong_5x5_mild_500,strong_null,True,1296,2969104037,0.0,0,0
500,500,0.12666171505680934,0.10829116488449819,0.10773288974922934,0.08857428536754242,0.01837055017231115,0.019158604381686928,0.03227227697704688,0.5692362576516339,0.5936551795001377,0.5691958180101953,0.5527427665776412,0.561,0.567,0.549,True,999,0.00011229200754314661,0.0027484579477459192,strong_5x5_mild_500,strong_null,True,1297,2969104037,0.0,0,0
500,500,0.12065691950004087,0.10660909408800379,0.10240926751862389,0.08701572023193194,0.014047825412037085,0.015393547286691955,0.03012159977695746,0.466370495460319,0.5110468036451296,0.6409503267455583,0.6093182840263952,0.633,0.634,0.597,True,999,0.00012016703840345144,0.002775624976493418,strong_5x5_mild_500,strong_null,True,1298,2969104037,0.0,0,0
500,500,0.12279480997928349,0.11603354944866018,0.1034533857025508,0.09625610177863564,0.006761260530623314,0.007197283923915165,0.03086464165597695,0.2190616889703624,0.23318864363103364,0.8266019937105046,0.8156149238714446,0.806,0.805,0.798,True,999,0.00011374999303370714,0.0026808329857885838,strong_5x5_mild_500,strong_null,True,1299,2969104037,0.0,0,0
500,500,0.10021466292174885,0.11221341600509382,0.08154375827086824,0.09592794535797111,-0.01199875308334497,-0.014384187087102873,0.029378136155849045,-0.40842458553845584,-0.4896221806174403,0.6829619866511429,0.6244012779205286,0.69,0.689,0.628,True,999,0.000111832981929183,0.002759833005256951,strong_5x5_mild_500,strong_null,True,1300,2969104037,0.0,0,2
500,500,0.101207249270173,0.14036125652110543,0.08188631820246428,0.1219285986895784,-0.03915400725093243,-0.04004228048711411,0.030809815778011024,-1.2708289959616266,-1.2996598478752444,0.20378949084902942,0.19371757773049703,0.208,0.206,0.207,True,999,0.00011837494093924761,0.002827832940965891,strong_5x5_mild_500,strong_null,True,1301,2969104037,0.0,0,1
500,500,0.1223863669352625,0.1325453247741748,0.1027588856598527,0.1122481426405102,-0.010158957838912297,-0.009489256980657501,0.0325026125787086,-0.31255819249333505,-0.2919536685759717,0.754616345243228,0.7703220484765462,0.763,0.763,0.785,True,999,0.00012095796409994364,0.0027198329335078597,strong_5x5_mild_500,strong_null,True,1302,2969104037,0.0,0,0
500,500,0.12551744455997427,0.10930253938718959,0.10509498279247964,0.09037676967278685,0.016214905172784677,0.014718213119692791,0.0311310744599656,0.5208591561347156,0.472782047359796,0.6024648899517164,0.6363686834931959,0.569,0.568,0.612,True,999,0.00011320901103317738,0.0027258750051259995,strong_5x5_mild_500,strong_null,True,1303,2969104037,0.0,0,0
500,500,0.11929775322026293,0.15804398466173375,0.10082560748776359,0.1395355834442853,-0.038746231441470824,-0.0387099759565217,0.03268618961680083,-1.1854006813187887,-1.1842914824377273,0.2358590624866599,0.23629769933857503,0.244,0.239,0.244,True,999,0.00011083309073001146,0.002739416086114943,strong_5x5_mild_500,strong_null,True,1304,2969104037,0.0,0,1
500,500,0.11164512748891742,0.1359125880189609,0.09042002652478232,0.11755959152634432,-0.024267460530043472,-0.027139565001562005,0.03136468277051932,-0.7737193042122282,-0.8652905945240855,0.43909680170759624,0.3868793118427679,0.401,0.416,0.357,True,999,0.00011616700794547796,0.002734874957241118,strong_5x5_mild_500,strong_null,True,1305,2969104037,0.0,0,1
500,500,0.11634818747579534,0.1509033543642473,0.09499329590119032,0.1306945759899918,-0.03455516688845195,-0.03570128008880147,0.03216178096892308,-1.074417082867442,-1.1100529576797533,0.28263578942557055,0.2669762068275534,0.294,0.293,0.27,True,999,0.00011258397717028856,0.002772500040009618,strong_5x5_mild_500,strong_null,True,1306,2969104037,0.0,0,0
500,500,0.1668954744878952,0.10980069344342747,0.14765368855512406,0.09293255623936147,0.057094781044467746,0.05472113231576259,0.032793116549862826,1.741059925111222,1.6686773955307852,0.08167307498982708,0.09518133127296068,0.078,0.078,0.095,True,999,0.00010933296289294958,0.0027877920074388385,strong_5x5_mild_500,strong_null,True,1307,2969104037,0.0,0,1
500,500,0.12575102658393722,0.12246012164837095,0.10813837709270047,0.10238646795232853,0.0032909049355662745,0.005751909140371936,0.030796187355439587,0.10686079083698638,0.18677341691636273,0.9148994193997552,0.8518382903525007,0.894,0.894,0.823,True,999,0.0001082499511539936,0.002785292104817927,strong_5x5_mild_500,strong_null,True,1308,2969104037,0.0,0,0
500,500,0.1157335879549839,0.1201028343224757,0.09768673218047752,0.10052393213049982,-0.004369246367491808,-0.0028371999500222955,0.03058888853211788,-0.14283769620802547,-0.09275263293869856,0.8864183650461654,0.9261000821559355,0.901,0.903,0.944,True,999,0.00011266698129475117,0.0027312920428812504,strong_5x5_mild_500,strong_null,True,1309,2969104037,0.0,1,0
500,500,0.12514963022464998,0.1324736263553421,0.10913803176316605,0.11599811125574888,-0.007323996130692123,-0.006860079492582827,0.030979415560968938,-0.23641492255650068,-0.2214399261045409,0.8131107178255201,0.8247499074217944,0.812,0.811,0.832,True,999,0.0001170419855043292,0.0027057919651269913,strong_5x5_mild_500,strong_null,True,1310,2969104037,0.0,2,2
500,500,0.1172995795009586,0.07320426450010575,0.09879623838759244,0.053583425737429025,0.04409531500085284,0.045212812650163414,0.02752980896153353,1.601729785428796,1.6423220630894224,0.10921537564156235,0.10052327708216291,0.099,0.095,0.09,True,999,0.00011537503451108932,0.002739291056059301,strong_5x5_mild_500,strong_null,True,1311,2969104037,0.0,0,1
500,500,0.07892439966127751,0.10850073609011734,0.06198415398529278,0.09001719254160889,-0.029576336428839833,-0.028033038556316114,0.02781441678587764,-1.0633455540889423,-1.0078600163405,0.28762527382128167,0.3135216689286754,0.27,0.266,0.306,True,999,0.00011270807590335608,0.002715167007409036,strong_5x5_mild_500,strong_null,True,1312,2969104037,0.0,1,0
500,500,0.12335042931562634,0.16830745873998998,0.10271170420145381,0.15030224699916062,-0.04495702942436364,-0.0475905427977068,0.03236893568690037,-1.3888942737946628,-1.470253556003282,0.16486490203852655,0.14149309465557566,0.172,0.17,0.153,True,999,0.00011433404870331287,0.002775166998617351,strong_5x5_mild_500,strong_null,True,1313,2969104037,0.0,0,2
500,500,0.09758139593439474,0.13049461744060764,0.08223593549450925,0.11197762250117194,-0.0329132215062129,-0.029741687006662687,0.029697283186841148,-1.1082906574025173,-1.0014952148835357,0.2677363089821688,0.31658745237144714,0.276,0.269,0.313,True,999,0.0001112079480662942,0.002752667060121894,strong_5x5_mild_500,strong_null,True,1314,2969104037,0.0,2,1
500,500,0.08379308922087625,0.10627008439489138,0.06336830288398687,0.08399582611440337,-0.022476995174015135,-0.0206275232304165,0.028358958862107993,-0.7925888705331816,-0.727372373954747,0.42801739509445946,0.4669978732528628,0.416,0.423,0.467,True,999,0.00010962493252009153,0.002838666900061071,strong_5x5_mild_500,strong_null,True,1315,2969104037,0.0,0,0
500,500,0.11447767992834923,0.10560736922783098,0.0960823803745825,0.0868268097972873,0.008870310700518247,0.009255570577295202,0.030102512430525728,0.29467011170546775,0.30746837489582785,0.7682458972963663,0.7584868911106065,0.749,0.751,0.741,True,999,0.00013800000306218863,0.0026592499343678355,strong_5x5_mild_500,strong_null,True,1316,2969104037,0.0,0,0
500,500,0.09781868123859283,0.0865072304015383,0.07993004869479137,0.06517815205791067,0.011311450837054537,0.014751896636880701,0.02831535871265103,0.3994811067677094,0.5209856878941709,0.6895387421945804,0.6023767415390462,0.694,0.684,0.591,True,999,0.00011270807590335608,0.0027477500261738896,strong_5x5_mild_500,strong_null,True,1317,2969104037,0.0,0,0
500,500,0.16448689844890851,0.14373580882570236,0.1448656992793076,0.12255110189585139,0.020751089623206154,0.022314597383456203,0.034111982313394136,0.6083225956369648,0.6541571574013842,0.5429735376174695,0.5130105602305919,0.561,0.573,0.536,True,999,0.0001200829865410924,0.002848958014510572,strong_5x5_mild_500,strong_null,True,1318,2969104037,0.0,0,0
500,500,0.15974882372016674,0.08551661608656547,0.14443803814992862,0.06809377498620961,0.07423220763360128,0.076344263163719,0.030330906268609435,2.447411461306282,2.5170452372117373,0.014388647219731194,0.011834363347505794,0.015,0.015,0.015,True,999,0.00012400001287460327,0.002707166946493089,strong_5x5_mild_500,strong_null,True,1319,2969104037,0.0,2,1
500,500,0.12401817171384599,0.13050285061273392,0.10565768064401482,0.11235573346516503,-0.00648467889888793,-0.006698052821150213,0.03149303447472829,-0.20590835424549472,-0.21268362775664226,0.8368624995395677,0.8315737377663527,0.815,0.813,0.808,True,999,0.00011466699652373791,0.0026687919162213802,strong_5x5_mild_500,strong_null,True,1320,2969104037,0.0,0,1
500,500,0.16949231213435145,0.1201577379385037,0.14775019707735737,0.10439098665045776,0.04933457419584775,0.04335921042689961,0.033005000257219516,1.494760606313169,1.3137164093012001,0.13497693076552786,0.1889416567497696,0.134,0.142,0.201,True,999,0.00011112494394183159,0.002906500012613833,strong_5x5_mild_500,strong_null,True,1321,2969104037,0.0,1,2
500,500,0.101094952725017,0.11492535769224799,0.08107370857334217,0.09783044408709429,-0.01383040496723098,-0.01675673551375212,0.029421149168439815,-0.47008377844285265,-0.5695472810330311,0.6382951631806086,0.5689847937209349,0.634,0.628,0.561,True,999,0.00012920901644974947,0.002807958982884884,strong_5x5_mild_500,strong_null,True,1322,2969104037,0.0,0,1
500,500,0.1517238691313425,0.147992111621434,0.13366350554474593,0.1308984482758433,0.0037317575099085065,0.0027650572689026376,0.03241331803818495,0.11513037651721612,0.08530620856665226,0.9083417830079585,0.9320179558052921,0.904,0.904,0.927,True,999,0.0001165829598903656,0.002732750028371811,strong_5x5_mild_500,strong_null,True,1323,2969104037,0.0,1,2
500,500,0.11257086319717957,0.11033518248577667,0.09391826117638402,0.08940916625988393,0.0022356807114028987,0.004509094916500089,0.03019454817376043,0.07404252908628528,0.14933473720327328,0.9409765447964249,0.8812895062555084,0.941,0.942,0.866,True,999,0.00011962500866502523,0.0028040000470355153,strong_5x5_mild_500,strong_null,True,1324,2969104037,0.0,0,0
500,500,0.11208848246775405,0.12366558922376014,0.09166158974863947,0.10416597343339618,-0.011577106756006095,-0.012504383684756704,0.031184387371025343,-0.3712468876897946,-0.40098218175595857,0.710453653088418,0.6884332425561631,0.689,0.688,0.673,True,999,0.0001194999786093831,0.002733292058110237,strong_5x5_mild_500,strong_null,True,1325,2969104037,0.0,0,0
500,500,0.13644760378243725,0.09354612489428249,0.11767251540777579,0.07521626326064279,0.042901478888154765,0.042456252147133,0.03057549994091116,1.4031325398133878,1.3885709875286438,0.16057731944361764,0.1649632446773096,0.145,0.156,0.165,True,999,0.00011266604997217655,0.002702249912545085,strong_5x5_mild_500,strong_null,True,1326,2969104037,0.0,0,1
500,500,0.1199232513669779,0.1300180572215459,0.09972703075084155,0.11108364138800653,-0.010094805854568012,-0.011356610637164977,0.03135985193599017,-0.32190221673153685,-0.36213852859845774,0.7475267737946852,0.717248513181166,0.732,0.737,0.696,True,999,0.00011329096741974354,0.0027740419609472156,strong_5x5_mild_500,strong_null,True,1327,2969104037,0.0,0,0
500,500,0.08648440192375606,0.12994147929029354,0.06830938170293166,0.10867524432842401,-0.04345707736653748,-0.040365862625492355,0.02977843033993897,-1.4593474830757833,-1.3555403076888666,0.1444694926044025,0.17524547542017044,0.162,0.156,0.186,True,999,0.00011970801278948784,0.002753790933638811,strong_5x5_mild_500,strong_null,True,1328,2969104037,0.0,0,0
500,500,0.10736235533784177,0.11261074584362984,0.0896383506567986,0.09603989610343433,-0.00524839050578807,-0.006401545446635737,0.02966075761415922,-0.17694728415442207,-0.21582541922596804,0.8595497971971913,0.829123833562331,0.84,0.841,0.813,True,999,0.00012495904229581356,0.0027927919290959835,strong_5x5_mild_500,strong_null,True,1329,2969104037,0.0,1,1
500,500,0.10092661397107783,0.12047060511254115,0.08206702733770044,0.10205713190151755,-0.019543991141463324,-0.019990104563817113,0.030269741607012974,-0.6456609836714073,-0.6603989166258939,0.5184989336049775,0.5089978672344847,0.522,0.525,0.526,True,999,0.00011783302761614323,0.002728290972299874,strong_5x5_mild_500,strong_null,True,1330,2969104037,0.0,0,1
500,500,0.10424389679428181,0.11156574485770032,0.08872136475423531,0.09389522916899296,-0.007321848063418512,-0.005173864414757645,0.029700427149866523,-0.2465233252866337,-0.1742016836542668,0.8052771505213507,0.8617069624045077,0.804,0.801,0.864,True,999,0.00011350004933774471,0.0027265839744359255,strong_5x5_mild_500,strong_null,True,1331,2969104037,0.0,2,0
500,500,0.1432438303439898,0.13191762788823702,0.12619937992747055,0.11248432594788937,0.011326202455752776,0.013715053979581171,0.031683563470429624,0.35747880652135483,0.4328759923858147,0.7207333894072696,0.6651048620588875,0.726,0.727,0.684,True,999,0.00011991697829216719,0.0027955409605056047,strong_5x5_mild_500,strong_null,True,1332,2969104037,0.0,2,0
500,500,0.1322053219945507,0.08473487423484172,0.11275047979410147,0.06681055477054088,0.04747044775970899,0.04593992502356059,0.029465692662861368,1.6110412981922144,1.5590987644238679,0.10717072146435062,0.1189730060604723,0.091,0.095,0.109,True,999,0.00011845899280160666,0.0028217920335009694,strong_5x5_mild_500,strong_null,True,1333,2969104037,0.0,0,0
500,500,0.1087875173394024,0.11623721601019099,0.08943892410832177,0.09735565281494019,-0.007449698670788596,-0.007916728706618414,0.03081146021464946,-0.24178336952841334,-0.2569410424389548,0.8089480258414095,0.7972242866003757,0.804,0.8,0.791,True,999,0.00011849997099488974,0.002818334032781422,strong_5x5_mild_500,strong_null,True,1334,2969104037,0.0,0,0
500,500,0.11914496555905574,0.08199875901935094,0.1018479133715573,0.06206282067483926,0.037146206539704796,0.03978509269671804,0.02907944987898849,1.277404032548256,1.368151490563959,0.20145964182986553,0.17126466216346725,0.209,0.203,0.171,True,999,0.00012212502770125866,0.00285649998113513,strong_5x5_mild_500,strong_null,True,1335,2969104037,0.0,1,0
500,500,0.14142276628006023,0.10752834265844102,0.12319556834529521,0.08850854952447662,0.03389442362161921,0.034687018820818594,0.031932955191155805,1.0614245821823172,1.0862451850502568,0.28849699026251285,0.2773705312371886,0.293,0.305,0.288,True,999,0.00012712494935840368,0.0028697920497506857,strong_5x5_mild_500,strong_null,True,1336,2969104037,0.0,1,0
500,500,0.07832390898192299,0.11371316020061495,0.05779711200676729,0.09725068508765844,-0.035389251218691964,-0.03945357308089115,0.02745100229194016,-1.289178837345496,-1.4372361584944764,0.19733592049394577,0.15065090202860332,0.174,0.167,0.13,True,999,0.00011975003872066736,0.00267616705968976,strong_5x5_mild_500,strong_null,True,1337,2969104037,0.0,0,1
500,500,0.12433133388036954,0.12305294744414619,0.1057019075288963,0.10298665844175048,0.0012783864362233555,0.0027152490871458212,0.03172289444580763,0.040298543325144216,0.08559272836166619,0.9678551150954299,0.9317901791733145,0.974,0.974,0.93,True,999,0.00011304195504635572,0.0027416670927777886,strong_5x5_mild_500,strong_null,True,1338,2969104037,0.0,1,0
500,500,0.1531024684692175,0.11030990760066217,0.13581382351594584,0.09354080238176721,0.04279256086855532,0.042273021134178634,0.03128475623547547,1.3678406360740805,1.3512338346508508,0.1713619648851351,0.17662053939373412,0.168,0.169,0.184,True,999,0.00011270807590335608,0.0027528750943019986,strong_5x5_mild_500,strong_null,True,1339,2969104037,0.0,1,1
500,500,0.151923202388485,0.09898137347421287,0.13320873846259929,0.08165563033873013,0.05294182891427213,0.05155310812386915,0.030705511982040277,1.7241799760654675,1.678952891390402,0.08467535780766004,0.09316122519406685,0.087,0.082,0.094,True,999,0.00011966598685830832,0.002792291925288737,strong_5x5_mild_500,strong_null,True,1340,2969104037,0.0,1,1
500,500,0.15009288432925505,0.09925267107797886,0.1291314387131024,0.07963080369512454,0.05084021325127619,0.049500635017977856,0.03236193039109192,1.5709882765606182,1.5295946323277305,0.1161853719361461,0.12611709891515716,0.121,0.121,0.142,True,999,0.00011862500105053186,0.0028635839698836207,strong_5x5_mild_500,strong_null,True,1341,2969104037,0.0,1,0
500,500,0.10989850328106332,0.12291496387048995,0.09142719118665354,0.10724219084636388,-0.013016460589426626,-0.015814999659710338,0.03072100380376739,-0.42369906506213795,-0.5147943654683219,0.6717852971096767,0.6066967231331928,0.643,0.651,0.615,True,999,0.0001163750421255827,0.002663915976881981,strong_5x5_mild_500,strong_null,True,1342,2969104037,0.0,0,2
500,500,0.1039620484633823,0.11237655047691408,0.0868353584852457,0.09462462502483504,-0.008414502013531777,-0.007789266539589335,0.02903193984204717,-0.2898360240243055,-0.26829989942002025,0.7719416869842924,0.7884684836345135,0.759,0.758,0.79,True,999,0.00011187500786036253,0.002679458004422486,strong_5x5_mild_500,strong_null,True,1343,2969104037,0.0,1,0
500,500,0.13827621217624464,0.14389087404182388,0.12157442800486251,0.12630747230053885,-0.00561466186557924,-0.004733044295676336,0.03282536094457179,-0.17104646236975246,-0.14418864437373455,0.8641872321953041,0.8853515077196799,0.881,0.881,0.901,True,999,0.00011849997099488974,0.00282625004183501,strong_5x5_mild_500,strong_null,True,1344,2969104037,0.0,1,1
500,500,0.08550767268360238,0.15981911305568208,0.06632229229290942,0.14473814892352266,-0.0743114403720797,-0.07841585663061323,0.030084313710052664,-2.470105886020214,-2.606536329409788,0.01350730642708714,0.009146312077046956,0.016,0.015,0.011,True,999,0.00011512497439980507,0.002737291040830314,strong_5x5_mild_500,strong_null,True,1345,2969104037,0.0,1,3
500,500,0.11440515428531306,0.11487417404728018,0.09807448639014638,0.09529703124024991,-0.0004690197619671155,0.0027774551498964684,0.0304419943247444,-0.015406998535108409,0.09123762130258489,0.9877074800665055,0.9273037821245831,0.987,0.987,0.927,True,999,0.00011516700033098459,0.002663583029061556,strong_5x5_mild_500,strong_null,True,1346,2969104037,0.0,1,0
500,500,0.14405841779046602,0.12475374994081179,0.125544730162801,0.10539335654658544,0.019304667849654233,0.02015137361621555,0.03284584261485561,0.5877355035770361,0.6135136751553888,0.5567098410254375,0.5395367433607701,0.541,0.55,0.531,True,999,0.00011316698510199785,0.0026971250772476196,strong_5x5_mild_500,strong_null,True,1347,2969104037,0.0,0,0
500,500,0.09363395376619499,0.10404073884747556,0.07505594334190846,0.08532101410537507,-0.010406785081280567,-0.01026507076346661,0.02858178357846322,-0.3641055168132414,-0.359147312668111,0.7157792173587667,0.7194848890397367,0.718,0.723,0.724,True,999,0.0001157920341938734,0.0026873749447986484,strong_5x5_mild_500,strong_null,True,1348,2969104037,0.0,0,0
500,500,0.14844667686715463,0.08825805018491151,0.12993104276739587,0.06952640277125965,0.06018862668224312,0.06040463999613621,0.030590673169948828,1.9675482898941319,1.9746097008246144,0.049120034487783036,0.04831245733343286,0.055,0.051,0.053,True,999,0.00011170899961143732,0.0027450419729575515,strong_5x5_mild_500,strong_null,True,1349,2969104037,0.0,1,0
500,500,0.10814939251135636,0.094781600008783,0.09062613204753234,0.07707344091784307,0.013367792502573361,0.013552691129689265,0.02845588846984013,0.46977245207935214,0.476270180214317,0.6385175980172577,0.6338819068959876,0.595,0.592,0.617,True,999,0.00010983296670019627,0.002769417013041675,strong_5x5_mild_500,strong_null,True,1350,2969104037,0.0,1,1
500,500,0.09290820817124545,0.10344942283563485,0.07336370737505149,0.0841394248586198,-0.010541214664389398,-0.010775717483568314,0.028777810217130776,-0.36629662176708816,-0.3744453591939311,0.7141437501384085,0.7080730015515536,0.719,0.719,0.72,True,999,0.0001152919139713049,0.0027145419735461473,strong_5x5_mild_500,strong_null,True,1351,2969104037,0.0,0,0
500,500,0.1296369782155069,0.16359348793844175,0.10935585869594888,0.14581795740309644,-0.03395650972293485,-0.03646209870714756,0.033346758164458756,-1.0182851824896721,-1.0934225908055182,0.3085424480645963,0.2742082992572584,0.304,0.301,0.267,True,999,0.00011204101610928774,0.002709166961722076,strong_5x5_mild_500,strong_null,True,1352,2969104037,0.0,0,0
500,500,0.12369459323653986,0.09821711657842136,0.10425004474211619,0.07882360487576534,0.025477476658118503,0.025426439866350847,0.02983284042664174,0.8540077409245367,0.8522969822090481,0.39310070032122113,0.39404928056120214,0.382,0.377,0.382,True,999,0.00011549994815140963,0.0027132920222356915,strong_5x5_mild_500,strong_null,True,1353,2969104037,0.0,0,0
500,500,0.12029616013818556,0.09879571033249734,0.10093653460438645,0.07982298524734688,0.021500449805688215,0.021113549357039574,0.02993208571766668,0.7183077720841251,0.7053818285899742,0.4725675390455424,0.4805726492938328,0.484,0.481,0.493,True,999,0.00011562497820705175,0.002711041015572846,strong_5x5_mild_500,strong_null,True,1354,2969104037,0.0,0,0
500,500,0.08673352369315568,0.10626254674505753,0.06908079267446965,0.0907493771561576,-0.01952902305190185,-0.021668584481687958,0.027589938439257628,-0.7078313384024834,-0.7853799503537784,0.47905000267357656,0.4322308325107169,0.449,0.431,0.393,True,999,0.00011479202657938004,0.0027147920336574316,strong_5x5_mild_500,strong_null,True,1355,2969104037,0.0,0,2
500,500,0.12597560303449562,0.10826231266245556,0.1070520545510476,0.0896539986370044,0.017713290372040058,0.017398055914043198,0.030698388114492402,0.5770104380066063,0.5667416754637273,0.5639324043436089,0.570889701802129,0.536,0.536,0.537,True,999,0.00011699995957314968,0.0028220410458743572,strong_5x5_mild_500,strong_null,True,1356,2969104037,0.0,0,0
500,500,0.12804003713693568,0.13911011092356307,0.11164245303302778,0.11935753743080113,-0.011070073786627388,-0.007715084397773353,0.032232681523992106,-0.34344253295796934,-0.239355959014167,0.7312655664737455,0.8108295771327036,0.72,0.728,0.813,True,999,0.00011229200754314661,0.002786541939713061,strong_5x5_mild_500,strong_null,True,1357,2969104037,0.0,1,0
500,500,0.11044900676044889,0.11366514310876652,0.09073683873856453,0.0941230434591489,-0.003216136348317633,-0.0033862047205843737,0.03052789926051508,-0.10535072593342176,-0.11092164225542063,0.9160975134106646,0.911678483464389,0.918,0.919,0.905,True,999,0.00011387502308934927,0.002807582961395383,strong_5x5_mild_500,strong_null,True,1358,2969104037,0.0,0,0
500,500,0.13841964886685165,0.19346246145258106,0.11927901055844359,0.17490309323238762,-0.055042812585729406,-0.05562408267394403,0.034790438265737904,-1.582124725342604,-1.598832479460984,0.1136211001703834,0.10985783011093363,0.124,0.124,0.128,True,999,0.00011808297131210566,0.002776875044219196,strong_5x5_mild_500,strong_null,True,1359,2969104037,0.0,1,1
500,500,0.13307433115475376,0.15070465304183145,0.11482657786780237,0.13542062606813943,-0.017630321887077693,-0.020594048200337056,0.033174809545212874,-0.5314370188938055,-0.62077366781172,0.5951159743200662,0.5347485510629877,0.574,0.577,0.512,True,999,0.00011320796329528093,0.00270545796956867,strong_5x5_mild_500,strong_null,True,1360,2969104037,0.0,1,2
500,500,0.07365827150386228,0.09034268470876461,0.0559205425337268,0.07068441745332166,-0.016684413204902326,-0.014763874919594855,0.026204877574180784,-0.6366911334606346,-0.5634017895256815,0.5243260501050944,0.5731613188997209,0.519,0.51,0.567,True,999,0.00011162494774907827,0.002770500024780631,strong_5x5_mild_500,strong_null,True,1361,2969104037,0.0,1,0
500,500,0.1208931032871916,0.11801461547306813,0.10312632231631369,0.09938949457455237,0.002878487814123476,0.003736827741761317,0.030953294149756384,0.0929945549639062,0.12072471911008954,0.9259078869876819,0.9039090791745338,0.918,0.916,0.894,True,999,0.00010941701475530863,0.002674208953976631,strong_5x5_mild_500,strong_null,True,1362,2969104037,0.0,0,0
500,500,0.12711987965316962,0.07661583196515931,0.1069658345144262,0.05864859960581725,0.05050404768801031,0.04831723490860895,0.029402553549971108,1.717675561824117,1.6433006346367638,0.08585580928445422,0.10032074707588211,0.083,0.074,0.091,True,999,0.00011562497820705175,0.0027485000900924206,strong_5x5_mild_500,strong_null,True,1363,2969104037,0.0,1,0
500,500,0.15522162676799156,0.1391298593855952,0.13968069128736715,0.11981134372700808,0.01609176738239637,0.019869347560359074,0.03350509423756076,0.48027823077592646,0.5930246731878944,0.6310295660627173,0.5531646401465348,0.612,0.613,0.53,True,999,0.00011254101991653442,0.002754832967184484,strong_5x5_mild_500,strong_null,True,1364,2969104037,0.0,3,0
500,500,0.1463647546934641,0.10271076854952133,0.13002748452470314,0.08389129720580968,0.04365398614394278,0.04613618731889346,0.03170772826079775,1.3767617088454407,1.4550454999305176,0.16858593300338498,0.14565666556712573,0.152,0.158,0.146,True,999,0.0001504579558968544,0.0026973329950124025,strong_5x5_mild_500,strong_null,True,1365,2969104037,0.0,2,0
500,500,0.12941923203795191,0.09499286466407741,0.11196462230276438,0.07537322515656797,0.0344263673738745,0.036591397146196414,0.030753714448365527,1.1194214419749275,1.189820410397325,0.26296038769744734,0.2341169856655242,0.257,0.261,0.241,True,999,0.0001142079709097743,0.002736584050580859,strong_5x5_mild_500,strong_null,True,1366,2969104037,0.0,1,0
500,500,0.12441129137663431,0.13613030564685524,0.10581841650201795,0.11873676309346592,-0.011719014270220929,-0.012918346591447971,0.03249933839715021,-0.3605923950516033,-0.397495679252989,0.7184041752400132,0.6910019721246691,0.71,0.715,0.686,True,999,0.00011987495236098766,0.0027970420196652412,strong_5x5_mild_500,strong_null,True,1367,2969104037,0.0,0,1
500,500,0.1518782998464453,0.11295203036429768,0.13478050881195713,0.09422680596060218,0.03892626948214761,0.040553702851354956,0.03276103583252302,1.18818799506651,1.2378638776462583,0.23475935228001,0.2157665381930507,0.205,0.205,0.181,True,999,0.00012324994895607233,0.00273816694971174,strong_5x5_mild_500,strong_null,True,1368,2969104037,0.0,1,1
500,500,0.10854851089813122,0.10303053420126129,0.08964895386691296,0.08477042645785104,0.005517976696869931,0.004878527409061917,0.029353038582524936,0.1879865582350649,0.16620178505016184,0.850887188303402,0.8679981547191845,0.846,0.846,0.865,True,999,0.00010887498501688242,0.0027476249961182475,strong_5x5_mild_500,strong_null,True,1369,2969104037,0.0,0,0
500,500,0.10944083495351054,0.12088845596422648,0.08999372404497308,0.10127804500177717,-0.011447621010715947,-0.011284320956804095,0.030555211293564297,-0.37465363602728896,-0.36930921041219766,0.707918077794314,0.7118972611407635,0.738,0.734,0.747,True,999,0.00010983401443809271,0.0028355419635772705,strong_5x5_mild_500,strong_null,True,1370,2969104037,0.0,0,0
500,500,0.11555008066209793,0.1360173476550537,0.09606753480341013,0.11714802948336,-0.020467266992955757,-0.02108049467994988,0.032001318926078666,-0.6395757324950903,-0.6587383079005179,0.5224484635400621,0.5100638289836139,0.53,0.527,0.511,True,999,0.00010950001887977123,0.0027500420110300183,strong_5x5_mild_500,strong_null,True,1371,2969104037,0.0,0,0
500,500,0.08213480895637948,0.13826713676901425,0.06353870150252305,0.12037972925463691,-0.056132327812634775,-0.05684102775211386,0.029039743900081107,-1.9329484449233727,-1.9573529280316795,0.05324254913388872,0.050305988705080094,0.043,0.047,0.045,True,999,0.00011479097884148359,0.0027136249700561166,strong_5x5_mild_500,strong_null,True,1372,2969104037,0.0,1,0
500,500,0.15789738229472183,0.10292460639889511,0.13949791000777623,0.08730938565184942,0.05497277589582672,0.0521885243559268,0.03250634845019813,1.6911396855309244,1.6054871384856733,0.09081012719986721,0.10838664139187487,0.074,0.076,0.09,True,999,0.00011200003791600466,0.002752582891844213,strong_5x5_mild_500,strong_null,True,1373,2969104037,0.0,1,2
500,500,0.1328668779886586,0.11070759551716958,0.11253177387942515,0.09154866477643964,0.022159282471489017,0.02098310910298551,0.03139055867121033,0.7059218889217246,0.6684528721761823,0.4802367144489391,0.5038445553279037,0.456,0.463,0.486,True,999,0.0001088329590857029,0.0027823749696835876,strong_5x5_mild_500,strong_null,True,1374,2969104037,0.0,0,1
500,500,0.10226203059778993,0.10175437522002917,0.08438342394850906,0.08342189823292756,0.0005076553777607629,0.0009615257155815016,0.029052392255953075,0.01747378919051804,0.03309626646612817,0.9860586428498894,0.973597820048958,0.986,0.986,0.978,True,999,0.00011862500105053186,0.0026543750427663326,strong_5x5_mild_500,strong_null,True,1375,2969104037,0.0,0,0
500,500,0.12777613453866055,0.14279720629245896,0.10848808032096713,0.12045281314317435,-0.01502107175379841,-0.011964732822207225,0.03293552294787694,-0.4560750948928438,-0.3632774509499168,0.648335978645828,0.7163976359567253,0.649,0.648,0.718,True,999,0.0001116250641644001,0.002844833070412278,strong_5x5_mild_500,strong_null,True,1376,2969104037,0.0,1,0
500,500,0.10773521486224125,0.11396022846535603,0.08998996213148303,0.0987618405010835,-0.006225013603114782,-0.008771878369600472,0.02847305114341799,-0.21862825911278552,-0.3080765150674144,0.8269396377006518,0.7580241109643432,0.813,0.812,0.743,True,999,0.00012083305045962334,0.002803499926812947,strong_5x5_mild_500,strong_null,True,1377,2969104037,0.0,1,2
500,500,0.15141606418184472,0.09956260175536191,0.13192660711712278,0.0820855410738659,0.05185346242648281,0.04984106604325689,0.03089784971110315,1.6782223653527986,1.6130917364565498,0.09330369717406811,0.10672457890709551,0.101,0.093,0.106,True,999,0.00011841696687042713,0.0027376660145819187,strong_5x5_mild_500,strong_null,True,1378,2969104037,0.0,0,1
500,500,0.10066519929438789,0.13716566931321528,0.08329786431653474,0.1207246976936176,-0.03650047001882739,-0.03742683337708286,0.030260886288849903,-1.206193026549806,-1.23680559187301,0.22774307212185463,0.21615926559292697,0.203,0.205,0.201,True,999,0.00011245801579207182,0.0027091660303995013,strong_5x5_mild_500,strong_null,True,1379,2969104037,0.0,1,1
500,500,0.10656087278546478,0.11760892396909761,0.08841067196891572,0.09924280812691677,-0.011048051183632834,-0.010832136158001049,0.03004399272208596,-0.3677291259464054,-0.3605424970709077,0.7130752206047611,0.718441482380437,0.691,0.694,0.701,True,999,0.000110417022369802,0.0027273750165477395,strong_5x5_mild_500,strong_null,True,1380,2969104037,0.0,0,1
500,500,0.08628846806851076,0.1256120606057325,0.06631984386518752,0.10657117855208753,-0.03932359253722173,-0.04025133468690001,0.030478939062319677,-1.290189020582953,-1.3206278146558483,0.19698503730472017,0.18662549378784243,0.204,0.208,0.196,True,999,0.00011891697067767382,0.0027923750458285213,strong_5x5_mild_500,strong_null,True,1381,2969104037,0.0,0,0
500,500,0.10918996749051257,0.10474816563825429,0.09053449250814083,0.0851937790506554,0.004441801852258287,0.005340713457485435,0.029830778355344117,0.1488999649740131,0.17903366093458498,0.8816325688530091,0.8579112710760798,0.884,0.886,0.853,True,999,0.00011575000826269388,0.002711875014938414,strong_5x5_mild_500,strong_null,True,1382,2969104037,0.0,0,0
500,500,0.13103185866265854,0.0998431617855533,0.11154917978154799,0.08116289023587342,0.031188696877105238,0.030386289545674572,0.03078620444187464,1.013073792061328,0.9870099317713842,0.31102491542675503,0.3236377697464735,0.301,0.298,0.316,True,999,0.00011824991088360548,0.0027419159887358546,strong_5x5_mild_500,strong_null,True,1383,2969104037,0.0,0,0
500,500,0.1608810785420044,0.06994007304819116,0.14125662687462182,0.0511172763091281,0.09094100549381323,0.09013935056549371,0.030368059625250545,2.994626809089813,2.968228845630437,0.002747808095474515,0.0029952124068692056,0.004,0.004,0.004,True,999,0.00011804094538092613,0.002770374994724989,strong_5x5_mild_500,strong_null,True,1384,2969104037,0.0,0,0
500,500,0.1244992116975393,0.09735563425175087,0.10535162118139851,0.08099777651136719,0.027143577445788436,0.02435384467003132,0.02957604457474747,0.9177554955730653,0.8234314297330024,0.3587468865995914,0.41026269605272725,0.34,0.34,0.4,True,999,0.00011995795648545027,0.0028851249953731894,strong_5x5_mild_500,strong_null,True,1385,2969104037,0.0,0,2
500,500,0.11717852335880818,0.10958892318951485,0.09847745931517693,0.09011331715026927,0.007589600169293331,0.008364142164907662,0.030395534189164047,0.2496945808571777,0.2751766793389492,0.802823549337474,0.7831805027861801,0.815,0.814,0.799,True,999,0.00012012501247227192,0.002809499972499907,strong_5x5_mild_500,strong_null,True,1386,2969104037,0.0,0,0
500,500,0.10835823081343121,0.12304482375859993,0.09158338816263267,0.10535204862537739,-0.01468659294516872,-0.01376866046274472,0.030473969904418696,-0.4819389462952504,-0.45181709196176234,0.629849318320711,0.6514007555377951,0.628,0.626,0.645,True,999,0.00012029206845909357,0.002846041927114129,strong_5x5_mild_500,strong_null,True,1387,2969104037,0.0,2,0
500,500,0.11936849869562183,0.10395830928710315,0.09970917852223238,0.08405985249993364,0.015410189408518682,0.015649326022298737,0.030810611156312253,0.5001585113108525,0.5079200131053752,0.6169634692023899,0.6115094389470418,0.612,0.613,0.62,True,999,0.0001431669807061553,0.0027499159332364798,strong_5x5_mild_500,strong_null,True,1388,2969104037,0.0,0,0
500,500,0.12710100900135213,0.1419969219119075,0.10735541768406165,0.12407948375448541,-0.014895912910555364,-0.01672406607042376,0.032462816466766437,-0.4588607684673615,-0.5151760657472495,0.6463341528949873,0.6064299924566452,0.667,0.672,0.645,True,999,0.00011320901103317738,0.002710375003516674,strong_5x5_mild_500,strong_null,True,1389,2969104037,0.0,0,1
500,500,0.16832294842150053,0.12897859015332258,0.15180391295956497,0.11045836747450721,0.03934435826817795,0.041345545485057755,0.03325459461295775,1.1831254816393793,1.243303247754743,0.2367594203496084,0.21375610787218102,0.245,0.244,0.221,True,999,0.00011212495155632496,0.0027192910201847553,strong_5x5_mild_500,strong_null,True,1390,2969104037,0.0,1,0
500,500,0.09902202652971814,0.12675238129878919,0.08077325895072818,0.10559143492639578,-0.02773035476907104,-0.0248181759756676,0.030125372707371482,-0.920498313446114,-0.8238296739676437,0.35731241396711355,0.4100363442418452,0.351,0.345,0.403,True,999,0.00012979202438145876,0.0027597920270636678,strong_5x5_mild_500,strong_null,True,1391,2969104037,0.0,0,0
500,500,0.12404737435147428,0.09635555854656319,0.10471043911098832,0.07613357770605944,0.02769181580491109,0.028576861404928877,0.030422139692109378,0.9102520757964156,0.9393442306867353,0.36268958628473547,0.3475540363574178,0.319,0.32,0.305,True,999,0.00011737504974007607,0.0026866670232266188,strong_5x5_mild_500,strong_null,True,1392,2969104037,0.0,0,0
500,500,0.12981225000649843,0.13609975095945748,0.11205819970246012,0.11678774039421569,-0.006287500952959046,-0.004729540691755574,0.032093428926217554,-0.195912408344211,-0.14736788339534354,0.8446787250160437,0.8828416540542453,0.801,0.805,0.856,True,999,0.00011720904149115086,0.0027216249145567417,strong_5x5_mild_500,strong_null,True,1393,2969104037,0.0,0,0
500,500,0.11169184381281405,0.08060681261003089,0.0951394067444653,0.0630845961477462,0.031085031202783164,0.03205481059671911,0.028188470617550178,1.102756925855693,1.1371603316698473,0.27013273836960405,0.25547126656619457,0.208,0.225,0.22,True,999,0.00011575000826269388,0.002756624948233366,strong_5x5_mild_500,strong_null,True,1394,2969104037,0.0,2,1
500,500,0.11428064628543844,0.09467802653373347,0.09693878586909932,0.07590300600776345,0.019602619751704964,0.021035779861335868,0.029272380342476614,0.669662648625126,0.7186221146085354,0.5030728673158504,0.4723737837612947,0.495,0.492,0.469,True,999,0.00011991593055427074,0.0027660420164465904,strong_5x5_mild_500,strong_null,True,1395,2969104037,0.0,1,0
500,500,0.12417494946517382,0.10243741166219533,0.10402397320115142,0.0842571055130179,0.02173753780297849,0.019766867688133516,0.030239577142693336,0.7188439739221301,0.6536754001174815,0.47223705986861086,0.5133209552737146,0.456,0.457,0.5,True,999,0.00011954200454056263,0.002803875016979873,strong_5x5_mild_500,strong_null,True,1396,2969104037,0.0,0,0
500,500,0.14122897086873665,0.11158504267206859,0.12384878811798217,0.0921901978925348,0.029643928196668057,0.03165859022544737,0.031255954727587014,0.9484249786970623,1.0128818812725302,0.3429131481669101,0.3111165837812019,0.328,0.327,0.314,True,999,0.00011904106941074133,0.002807582961395383,strong_5x5_mild_500,strong_null,True,1397,2969104037,0.0,1,1
500,500,0.09950763186631595,0.09069060875706647,0.08016212018128499,0.07059029257868588,0.008817023109249478,0.009571827602599114,0.027616953300446716,0.31926125280107776,0.3465924535000856,0.7495284121802107,0.7288975161328309,0.718,0.71,0.694,True,999,0.00011874991469085217,0.0028066670056432486,strong_5x5_mild_500,strong_null,True,1398,2969104037,0.0,0,0
500,500,0.0817555301823012,0.10384867345415749,0.06424160051426497,0.08618613591954727,-0.022093143271856297,-0.021944535405282295,0.027958935290981205,-0.7901997355021937,-0.7848845164129339,0.42941113048740176,0.43252128103342025,0.418,0.417,0.408,True,999,0.0001372500555589795,0.0027002079878002405,strong_5x5_mild_500,strong_null,True,1399,2969104037,0.0,0,1
500,500,0.10951143882425618,0.11299444583136253,0.09071996966929419,0.09447171131665755,-0.0034830070071063535,-0.0037517416473633602,0.030061299238798616,-0.11586348878131689,-0.1248030438591681,0.9077607324907937,0.9006794775846179,0.909,0.908,0.903,True,999,0.00011112494394183159,0.002721040975302458,strong_5x5_mild_500,strong_null,True,1400,2969104037,0.0,0,0
500,500,0.17274909453329634,0.18085529904120057,0.155457654410327,0.1640880478664144,-0.008106204507904224,-0.008630393456087404,0.03557727589754964,-0.22784781306042978,-0.24258162656803683,0.8197645547013495,0.8083295160073509,0.807,0.811,0.801,True,999,0.00010904204100370407,0.002791375038214028,strong_5x5_mild_500,strong_null,True,1401,2969104037,0.0,2,3
500,500,0.12660357232779196,0.10045902616058822,0.10791632332109202,0.08158309062423541,0.02614454616720374,0.026333232696856612,0.030930858176852954,0.8452577040610195,0.8513579722325013,0.3979669706228979,0.3945705305312248,0.369,0.378,0.376,True,999,0.00011629203800112009,0.0028497499879449606,strong_5x5_mild_500,strong_null,True,1402,2969104037,0.0,0,0
500,500,0.09355490003522515,0.10829866748135908,0.07571101833866578,0.08978758278362875,-0.014743767446133926,-0.014076564444962969,0.028394088964394913,-0.5192548161915685,-0.4957568620220369,0.60358305764369,0.6200659635631722,0.618,0.607,0.63,True,999,0.00011733302380889654,0.0028073330176994205,strong_5x5_mild_500,strong_null,True,1403,2969104037,0.0,0,0
500,500,0.16613609440679067,0.10331489464985455,0.15064133541898173,0.08370149862122389,0.06282119975693612,0.06693983679775783,0.03243704458746577,1.936711576405802,2.0636848285378173,0.052780609873258125,0.039047608742480644,0.063,0.064,0.053,True,999,0.00011683302000164986,0.00279366597533226,strong_5x5_mild_500,strong_null,True,1404,2969104037,0.0,2,0
500,500,0.13929638968988156,0.1613449293680853,0.12155553657021301,0.14194833996361922,-0.02204853967820375,-0.02039280339340621,0.03371197403416862,-0.6540269536235568,-0.6049127640148625,0.5130944405642085,0.5452369617030639,0.514,0.516,0.549,True,999,0.000110041000880301,0.0028665000572800636,strong_5x5_mild_500,strong_null,True,1405,2969104037,0.0,0,1
500,500,0.12339906672877787,0.12392476622227955,0.10596898173264435,0.10686586067180315,-0.0005256994935016746,-0.0008968789391587961,0.032621952328399144,-0.016114899813768204,-0.02749311047144212,0.9871427267263253,0.9780664348192839,0.987,0.988,0.979,True,999,0.0001192920608446002,0.0027148330118507147,strong_5x5_mild_500,strong_null,True,1406,2969104037,0.0,1,1
500,500,0.09777940831157617,0.11429990405511692,0.07994810097477512,0.09551289623669845,-0.016520495743540753,-0.015564795261923337,0.029292766992074674,-0.5639786691373494,-0.5313528512391636,0.5727686491606303,0.5951742875535446,0.586,0.581,0.604,True,999,0.00011970801278948784,0.002707500010728836,strong_5x5_mild_500,strong_null,True,1407,2969104037,0.0,0,0
500,500,0.07279500440099085,0.12531281398563698,0.053472421343030874,0.10674289715547047,-0.052517809584646136,-0.0532704758124396,0.029039626785236788,-1.8084877596066498,-1.834406351238692,0.07053062018377909,0.06659369753824813,0.048,0.052,0.046,True,999,0.00011933292262256145,0.0027995420387014747,strong_5x5_mild_500,strong_null,True,1408,2969104037,0.0,0,0
500,500,0.12183331622833882,0.13219092354123707,0.10227304811223803,0.11321616197915318,-0.010357607312898254,-0.010943113866915155,0.03191667056158977,-0.3245202939608354,-0.34286514458950756,0.7455441605397939,0.7316999146573879,0.74,0.741,0.731,True,999,0.00011958298273384571,0.002698624972254038,strong_5x5_mild_500,strong_null,True,1409,2969104037,0.0,0,0
500,500,0.14427509986774412,0.10278063348522704,0.12470292977138797,0.08626688008348538,0.04149446638251708,0.038436049687902596,0.031211732510463917,1.3294509162093395,1.2314615882029838,0.18369924918059866,0.21815027456970604,0.176,0.165,0.201,True,999,0.00011487503070384264,0.002737084054388106,strong_5x5_mild_500,strong_null,True,1410,2969104037,0.0,0,1
500,500,0.124400153197886,0.0705825686859789,0.10547616844252161,0.051662580118147616,0.0538175845119071,0.053813588324373995,0.028340624435676264,1.8989554952839875,1.898814489656459,0.057570327766805623,0.05758887139698137,0.046,0.045,0.044,True,999,0.00012699991930276155,0.0027353750774636865,strong_5x5_mild_500,strong_null,True,1411,2969104037,0.0,0,0
500,500,0.13479742008153472,0.11782870723798489,0.11603914072912858,0.0976303056472716,0.016968712843549838,0.018408835081856978,0.031838812845267205,0.5329568324678353,0.5781884887266903,0.5940634625460864,0.5631368696507901,0.588,0.603,0.573,True,999,0.00011304102372378111,0.0027320419903844595,strong_5x5_mild_500,strong_null,True,1412,2969104037,0.0,2,0
500,500,0.11450000146671058,0.13550388949027847,0.0958139792945758,0.11723785389187924,-0.021003888023567896,-0.02142387459730344,0.031473628866882854,-0.6673487862617768,-0.6806928647444923,0.504549370714273,0.4960658521469594,0.507,0.507,0.503,True,999,0.00011558400001376867,0.0027525840559974313,strong_5x5_mild_500,strong_null,True,1413,2969104037,0.0,0,1
500,500,0.15803751272571986,0.13530861964940244,0.13841331772596277,0.1178391547002775,0.022728893076317425,0.020574163025685266,0.0333093742188173,0.6823572525561679,0.6176688547352657,0.49501307901795144,0.5367936464394253,0.487,0.487,0.526,True,999,0.00011304090730845928,0.002805458032526076,strong_5x5_mild_500,strong_null,True,1414,2969104037,0.0,0,1
500,500,0.13370780578934172,0.10897899439562742,0.1150480109641876,0.08807239028101321,0.0247288113937143,0.026975620683174384,0.03051379058737593,0.8104142722911989,0.8840468576308134,0.4177021177509289,0.37667091866923497,0.421,0.421,0.386,True,999,0.00011741695925593376,0.002848499920219183,strong_5x5_mild_500,strong_null,True,1415,2969104037,0.0,0,1
500,500,0.1286204163731497,0.11981514486028344,0.11051878551609207,0.10345005271756236,0.008805271512866253,0.007068732798529709,0.030590234995715115,0.2878458277322694,0.2310780809470686,0.7734647557569547,0.8172541432004619,0.789,0.789,0.836,True,999,0.00012079195585101843,0.002786208991892636,strong_5x5_mild_500,strong_null,True,1416,2969104037,0.0,2,2
500,500,0.11784185823447446,0.1291131666976697,0.09768330117572077,0.11094023163957445,-0.01127130846319524,-0.013256930463853678,0.031849471147733996,-0.35389311209951324,-0.4162370672455223,0.7234189891903968,0.6772365383343876,0.739,0.745,0.681,True,999,0.00011662498582154512,0.0027177920565009117,strong_5x5_mild_500,strong_null,True,1417,2969104037,0.0,0,0
500,500,0.11012299998323039,0.14849755274402887,0.09333366030517709,0.12991278405399953,-0.038374552760798486,-0.03657912374882244,0.032591776254191386,-1.1774305414195834,-1.122342135130431,0.2390237056899971,0.2617169974533694,0.266,0.262,0.284,True,999,0.0001120840897783637,0.0027390000177547336,strong_5x5_mild_500,strong_null,True,1418,2969104037,0.0,1,0
500,500,0.14200654875370788,0.11775581618891606,0.12278021919860294,0.0991659013326398,0.02425073256479182,0.02361431786596313,0.031761479360576224,0.7635265438829943,0.7434892310234857,0.4451494382718756,0.4571855389899957,0.421,0.426,0.453,True,999,0.00011274998541921377,0.002795083913952112,strong_5x5_mild_500,strong_null,True,1419,2969104037,0.0,1,0
500,500,0.14101383577857174,0.15804502237169693,0.1212268749761165,0.13938488738835986,-0.01703118659312519,-0.01815801241224335,0.03343913788118903,-0.5093189499573185,-0.5430167630744458,0.6105286772280181,0.5871182608307904,0.588,0.591,0.561,True,999,0.00011458306107670069,0.0027632908895611763,strong_5x5_mild_500,strong_null,True,1420,2969104037,0.0,0,0
500,500,0.13921551725791792,0.1025868352886199,0.12035999154943511,0.08507638543039775,0.03662868196929803,0.03528360611903736,0.030797497505106963,1.189339554722721,1.1456647123093846,0.23430607613144083,0.2519339100996161,0.237,0.23,0.249,True,999,0.000120542012155056,0.0027144169434905052,strong_5x5_mild_500,strong_null,True,1421,2969104037,0.0,0,0
500,500,0.13746392347041703,0.13094638221981114,0.11773836917154767,0.11223511717935253,0.006517541250605885,0.005503251992195146,0.032287919409302965,0.20185695981166307,0.17044306641231025,0.8400285504746097,0.8646617055075007,0.85,0.85,0.872,True,999,0.0001582079567015171,0.0027250410057604313,strong_5x5_mild_500,strong_null,True,1422,2969104037,0.0,0,0
500,500,0.08986963108405677,0.11229454757984958,0.0713939115936455,0.0936184185620732,-0.022424916495792813,-0.022224506968427704,0.029310312832566722,-0.7650862214911764,-0.7582487125055188,0.4442202039851876,0.4483021043115619,0.454,0.449,0.456,True,999,0.00011091597843915224,0.0027487920597195625,strong_5x5_mild_500,strong_null,True,1423,2969104037,0.0,0,1
500,500,0.14995033185252726,0.1167248051219425,0.1306558869316632,0.09900470453544585,0.033225526730584765,0.03165118239621734,0.03181159796059093,1.0444469583623384,0.994957324540178,0.29627864740182375,0.3197570204767751,0.289,0.285,0.312,True,999,0.00011337501928210258,0.0027520410949364305,strong_5x5_mild_500,strong_null,True,1424,2969104037,0.0,0,0
500,500,0.08767850351244078,0.09783749045204693,0.06884404334556393,0.07934039011314553,-0.010158986939606152,-0.010496346767581599,0.028371488789584367,-0.35807028016575854,-0.3699610847152645,0.7202907194619587,0.7114114862554997,0.714,0.714,0.714,True,999,0.00011670810636132956,0.002818291075527668,strong_5x5_mild_500,strong_null,True,1425,2969104037,0.0,0,1
500,500,0.10931541568481984,0.15336772617638839,0.08994720546979806,0.13463427178453458,-0.04405231049156855,-0.04468706631473651,0.03234811150017679,-1.3618201634839733,-1.3814428182149765,0.1732546465615733,0.167142848165447,0.179,0.177,0.167,True,999,0.000116499955765903,0.0026829999405890703,strong_5x5_mild_500,strong_null,True,1426,2969104037,0.0,0,0
500,500,0.08313159778957391,0.11100865894723833,0.06462924644608847,0.09229339925576596,-0.027877061157664418,-0.02766415280967749,0.028335807439579412,-0.9838103684571833,-0.9762966122869766,0.32520876036752655,0.3289174982636215,0.295,0.301,0.309,True,999,0.00011254195123910904,0.0027381250401958823,strong_5x5_mild_500,strong_null,True,1427,2969104037,0.0,0,1
500,500,0.1578218845807008,0.18438891985706785,0.13860878068607008,0.1662345527162188,-0.026567035276367057,-0.02762577203014871,0.0350962829559247,-0.756975754661284,-0.787142389547128,0.4490643881312132,0.43119851731860903,0.478,0.475,0.469,True,999,0.00011195894330739975,0.0027737499913200736,strong_5x5_mild_500,strong_null,True,1428,2969104037,0.0,1,1
500,500,0.10996478018792666,0.13443105712454861,0.09040473325359244,0.11512688904986135,-0.024466276936621956,-0.024722155796268908,0.03189746619662005,-0.767028853822078,-0.7750507718662788,0.44306436042579767,0.43830965894237806,0.452,0.452,0.445,True,999,0.00013349996879696846,0.0027390419272705913,strong_5x5_mild_500,strong_null,True,1429,2969104037,0.0,0,1
500,500,0.10469300625714784,0.11442674291897381,0.09042213824176315,0.09649175204208404,-0.009733736661825976,-0.006069613800320894,0.029129595181162787,-0.3341528298381738,-0.2083658822778947,0.738264236433213,0.8349432936650112,0.747,0.742,0.831,True,999,0.00011516595259308815,0.0027835420332849026,strong_5x5_mild_500,strong_null,True,1430,2969104037,0.0,3,1
500,500,0.1138057172008149,0.09886247647420987,0.09461354749907969,0.08071162253969533,0.014943240726605023,0.01390192495938436,0.02951311045963818,0.5063255107265376,0.47104235178452253,0.6126281570962342,0.6376104911781144,0.606,0.596,0.638,True,999,0.00011979194823652506,0.0027005840092897415,strong_5x5_mild_500,strong_null,True,1431,2969104037,0.0,0,0
500,500,0.10986889322809823,0.11252992930149563,0.0904637134880204,0.09369689654988633,-0.0026610360733974048,-0.0032331830618659296,0.03002588546267523,-0.08862473270622785,-0.10767985729796563,0.9293801515667753,0.9142496481431694,0.936,0.935,0.925,True,999,0.00011224998161196709,0.002704791957512498,strong_5x5_mild_500,strong_null,True,1432,2969104037,0.0,0,0
500,500,0.14322175056798359,0.17903104098398837,0.12368063392409567,0.15953359134573475,-0.03580929041600478,-0.035852957421639076,0.03481910345868195,-1.0284380371395212,-1.0296921477080518,0.30374382377558107,0.30315454282903254,0.307,0.306,0.305,True,999,0.00011683302000164986,0.0026808750117197633,strong_5x5_mild_500,strong_null,True,1433,2969104037,0.0,0,0
500,500,0.10346428856802681,0.1358976150064547,0.08276952521572412,0.11850890120678059,-0.03243332643842789,-0.03573937599105648,0.03163184409212273,-1.0253378318371502,-1.1298543292945935,0.30520381086096093,0.25853761095791017,0.309,0.318,0.281,True,999,0.0001128750154748559,0.0028487080708146095,strong_5x5_mild_500,strong_null,True,1434,2969104037,0.0,0,2
500,500,0.09792362817728484,0.08356166556465583,0.08111979961614679,0.06337225686957026,0.014361962612629009,0.017747542746576528,0.027331351552068346,0.525475755755011,0.6493474247977119,0.5992525027732056,0.5161138385008102,0.585,0.584,0.503,True,999,0.00011133309453725815,0.0028180829249322414,strong_5x5_mild_500,strong_null,True,1435,2969104037,0.0,1,1
500,500,0.10767220432225,0.0961428672758724,0.08820115272885687,0.07842079086589138,0.011529337046377597,0.009780361862965492,0.029016468909013108,0.39733770096320536,0.3370624418027485,0.6911184494068027,0.7360698295035598,0.679,0.674,0.712,True,999,0.0001194169744849205,0.0027950420044362545,strong_5x5_mild_500,strong_null,True,1436,2969104037,0.0,0,1
500,500,0.08504877750210615,0.1242117268438554,0.06470010742782506,0.10777476593796109,-0.03916294934174924,-0.04307465851013603,0.029670674499699623,-1.3199211006189198,-1.451758655185682,0.18686136181725588,0.14656872366149715,0.162,0.178,0.145,True,999,0.00011508294846862555,0.0027833329513669014,strong_5x5_mild_500,strong_null,True,1437,2969104037,0.0,0,2
500,500,0.11252110187337505,0.09943142963108897,0.09263082914515053,0.07891965809267276,0.013089672242286077,0.013711171052477766,0.03010872620915051,0.43474679570827945,0.45538861249835033,0.6637462273717298,0.6488296862512679,0.674,0.672,0.652,True,999,0.00011304102372378111,0.002797874971292913,strong_5x5_mild_500,strong_null,True,1438,2969104037,0.0,0,0
500,500,0.1260162591196532,0.1462422547510014,0.10954444047433753,0.12790307362530484,-0.020225995631348193,-0.018358633150967307,0.031768339410737485,-0.6366714787903563,-0.5778908652921976,0.524338855186639,0.5633378028992309,0.51,0.511,0.555,True,999,0.00011729204561561346,0.0028262919513508677,strong_5x5_mild_500,strong_null,True,1439,2969104037,0.0,1,1
500,500,0.127423707639287,0.07651019498634115,0.11014584564208008,0.05732585409401736,0.05091351265294586,0.05281999154806272,0.029691316384214208,1.7147610430642517,1.7789710252168267,0.0863890466689359,0.07524451241386727,0.079,0.081,0.076,True,999,0.00011116708628833294,0.0027154169511049986,strong_5x5_mild_500,strong_null,True,1440,2969104037,0.0,2,0
500,500,0.1310113420843918,0.1641854833928904,0.11231904039686924,0.14466969986779077,-0.033174141308498606,-0.03235065947092153,0.03374650731476081,-0.9830392520054408,-0.9586372648635927,0.32558812046144303,0.33774151271064046,0.333,0.333,0.346,True,999,0.00010979094076901674,0.002730958047322929,strong_5x5_mild_500,strong_null,True,1441,2969104037,0.0,0,0
500,500,0.10719055519424603,0.07355084907037379,0.0884205348322098,0.053892420619206405,0.03363970612387224,0.03452811421300339,0.027708478698245415,1.214058212658294,1.2461208927789247,0.22472549559143362,0.21272001560756193,0.215,0.223,0.213,True,999,0.00011033297050744295,0.002728915889747441,strong_5x5_mild_500,strong_null,True,1442,2969104037,0.0,0,0
500,500,0.09200065417609915,0.10149933749403173,0.07442963594314733,0.08228923417624401,-0.009498683317932577,-0.007859598233096676,0.028465919814448792,-0.3336861545261297,-0.27610554249883346,0.7386163984266054,0.782467003788022,0.746,0.75,0.796,True,999,0.00011749996338039637,0.0027318339562043548,strong_5x5_mild_500,strong_null,True,1443,2969104037,0.0,1,1
500,500,0.12178682225807824,0.126199181887233,0.10213329837364427,0.10973830326321377,-0.004412359629154761,-0.0076050048895695,0.03100990191223016,-0.14228873221345298,-0.2452444032584999,0.8868519463608394,0.806267197091465,0.883,0.883,0.81,True,999,0.0001152919139713049,0.0027050829958170652,strong_5x5_mild_500,strong_null,True,1444,2969104037,0.0,0,1
500,500,0.11666032666705084,0.09146196089974135,0.09785584365266686,0.07190309348106894,0.025198365767309494,0.025952750171597927,0.03009598554986205,0.8372666755026733,0.8623326233527144,0.4024426865198938,0.3885045054071058,0.387,0.398,0.384,True,999,0.00011404103133827448,0.0027648330433294177,strong_5x5_mild_500,strong_null,True,1445,2969104037,0.0,0,0
500,500,0.0924026017025803,0.1587408893694966,0.07394401995429689,0.14013452726896958,-0.0663382876669163,-0.06619050731467269,0.03052026014075532,-2.1735819865549333,-2.1687399455119647,0.029736542446811915,0.03010243287760252,0.031,0.029,0.032,True,999,0.00011195894330739975,0.00271395908202976,strong_5x5_mild_500,strong_null,True,1446,2969104037,0.0,1,0
500,500,0.10833663340503852,0.13336660173659043,0.08812645088914906,0.11492273792680407,-0.02502996833155191,-0.02679628703765502,0.031104164288963138,-0.8047143816184584,-0.8615015915140113,0.42098451853112095,0.3889618449959512,0.448,0.443,0.408,True,999,0.00011358293704688549,0.0026967499870806932,strong_5x5_mild_500,strong_null,True,1447,2969104037,0.0,0,0
500,500,0.09850465368978845,0.12125932142470597,0.07953383536727188,0.1035111236686248,-0.022754667734917522,-0.023977288301352928,0.029444203968279573,-0.7728063478785594,-0.8143296496377967,0.43963699605989215,0.41545612857219216,0.438,0.44,0.419,True,999,0.00011308304965496063,0.0028273749630898237,strong_5x5_mild_500,strong_null,True,1448,2969104037,0.0,0,1
500,500,0.11452743983181313,0.11951259566452621,0.09622526111076013,0.10032815587720734,-0.004985155832713084,-0.004102894766447207,0.03086836731943123,-0.16149723051840822,-0.13291583335100748,0.8717017924535795,0.8942599448062128,0.878,0.879,0.898,True,999,0.00011929194442927837,0.002841375069692731,strong_5x5_mild_500,strong_null,True,1449,2969104037,0.0,1,1
500,500,0.1124474614391694,0.10762574763145849,0.09388160414420099,0.08817523337160083,0.004821713807710903,0.005706370772600167,0.030559994757988686,0.1577786202483055,0.18672682432671114,0.8746312461896287,0.8518748232206136,0.872,0.872,0.849,True,999,0.00011999998241662979,0.0027686250396072865,strong_5x5_mild_500,strong_null,True,1450,2969104037,0.0,1,0
500,500,0.12160058101802251,0.11733510781927625,0.1013438101497286,0.09902787348988795,0.004265473198746261,0.002315936659840645,0.031018162158348114,0.1375153426876475,0.07466389040129968,0.8906234662410729,0.9404821387321901,0.89,0.89,0.946,True,999,0.00011445791460573673,0.0027155419811606407,strong_5x5_mild_500,strong_null,True,1451,2969104037,0.0,0,1
500,500,0.12025228431971868,0.07414853439158609,0.10180142333422282,0.05391854870521229,0.0461037499281326,0.04788287462901053,0.027840206940801603,1.6560131907843187,1.719918057032655,0.09771914756682992,0.08544733772986943,0.072,0.075,0.067,True,999,0.00011358398478478193,0.00268304196652025,strong_5x5_mild_500,strong_null,True,1452,2969104037,0.0,0,0
500,500,0.12233881570136207,0.10769169562437275,0.10582732503269199,0.08803063227435359,0.014647120076989317,0.017796692758338395,0.030515590546729966,0.47998809181029906,0.5832000115182263,0.6312358605542334,0.559758663422222,0.628,0.634,0.563,True,999,0.00011479202657938004,0.0028114579617977142,strong_5x5_mild_500,strong_null,True,1453,2969104037,0.0,2,0
500,500,0.09964409850289546,0.12386434402057511,0.08082538867654421,0.10310772974827387,-0.02422024551767965,-0.02228234107172966,0.03058198780290957,-0.7919774762115148,-0.7286099652949871,0.4283738096196742,0.4662402809758166,0.424,0.426,0.464,True,999,0.0001116669736802578,0.0027497910195961595,strong_5x5_mild_500,strong_null,True,1454,2969104037,0.0,0,0
500,500,0.09361452845582985,0.13706967567641348,0.07683544976714529,0.12052550073065049,-0.043455147220583634,-0.0436900509635052,0.030635973525238135,-1.418435330112326,-1.4261029089711488,0.15606370690775906,0.15383863923352645,0.15,0.152,0.158,True,999,0.00011450005695223808,0.00277616607490927,strong_5x5_mild_500,strong_null,True,1455,2969104037,0.0,1,2
500,500,0.12617954516782348,0.09370946481654063,0.1079879050670911,0.07499245152905587,0.03247008035128285,0.032995453538035235,0.02943576670337471,1.1030825416740466,1.1209306647430528,0.26999132166356465,0.26231737687808554,0.248,0.254,0.252,True,999,0.00011629203800112009,0.0027677499456331134,strong_5x5_mild_500,strong_null,True,1456,2969104037,0.0,1,0
500,500,0.10864288965014923,0.15715235067581101,0.0912065412683205,0.1367940637560423,-0.04850946102566178,-0.0455875224877218,0.032093941027578315,-1.5114834598835218,-1.420440152505685,0.13066531957847025,0.15547958026081046,0.135,0.129,0.16,True,999,0.00011891697067767382,0.0027590839890763164,strong_5x5_mild_500,strong_null,True,1457,2969104037,0.0,1,0
500,500,0.1358653124161162,0.12285470622374328,0.11961758402344458,0.10265392395746176,0.013010606192372931,0.016963660065982822,0.03179276403416366,0.4092316785791911,0.5335698414819838,0.6823696486867994,0.5936391784012607,0.696,0.694,0.612,True,999,0.00011341599747538567,0.0027721249498426914,strong_5x5_mild_500,strong_null,True,1458,2969104037,0.0,2,0
500,500,0.13996418080679396,0.0812407561609304,0.12430685924260843,0.06250747474263108,0.05872342464586355,0.06179938449997735,0.029246155648104434,2.0079023497117188,2.113077193582632,0.04465366945276739,0.03459416134866267,0.045,0.044,0.037,True,999,0.00011358398478478193,0.0028089589904993773,strong_5x5_mild_500,strong_null,True,1459,2969104037,0.0,2,0
500,500,0.15972360476539738,0.10676400563606325,0.14171343889768195,0.09027180004375168,0.05295959912933412,0.05144163885393027,0.03181859180604924,1.6644230974189633,1.61671638919452,0.09602790745753927,0.10593951452661228,0.099,0.091,0.101,True,999,0.00014224997721612453,0.00270829105284065,strong_5x5_mild_500,strong_null,True,1460,2969104037,0.0,0,1
500,500,0.1309593916708599,0.13848339463994752,0.11456222131016602,0.12063364886694217,-0.0075240029690876176,-0.006071427556776143,0.03241462805502152,-0.23211751670622777,-0.18730517427102134,0.8164467400259524,0.8514213663020629,0.828,0.819,0.859,True,999,0.0001157920341938734,0.002648875000886619,strong_5x5_mild_500,strong_null,True,1461,2969104037,0.0,1,0
500,500,0.10423474974261804,0.14607435736864804,0.08451614069554125,0.12663281784460878,-0.041839607626030006,-0.04211667714906753,0.031799117196966306,-1.3157474582351483,-1.3244605782038985,0.18825881959922652,0.1853501272395609,0.143,0.152,0.151,True,999,0.00011504092253744602,0.00271445803809911,strong_5x5_mild_500,strong_null,True,1462,2969104037,0.0,0,0
500,500,0.09898257053415938,0.1194617955079591,0.07938269551272015,0.0998602157671371,-0.020479224973799726,-0.02047752025441696,0.029958302669337734,-0.6835909630741589,-0.6835340600045297,0.494233492724353,0.49426943553496394,0.485,0.484,0.483,True,999,0.00012904196046292782,0.0027495420072227716,strong_5x5_mild_500,strong_null,True,1463,2969104037,0.0,0,0
500,500,0.13545702167534202,0.09753073964722037,0.11833945917288702,0.07967103288262933,0.03792628202812165,0.038668426290257685,0.031153773315981206,1.2173896767961103,1.2412116470790915,0.22345598888880003,0.21452757332293348,0.211,0.222,0.215,True,999,0.00011508306488394737,0.002767500001937151,strong_5x5_mild_500,strong_null,True,1464,2969104037,0.0,1,1
500,500,0.13323557754091198,0.1103156444856579,0.11646604763348023,0.093616779977026,0.022919933055254083,0.02284926765645423,0.030852742610133092,0.7428815436241443,0.7405911346419412,0.4575534006650228,0.4589413849599191,0.443,0.449,0.459,True,999,0.00011333299335092306,0.002816874999552965,strong_5x5_mild_500,strong_null,True,1465,2969104037,0.0,1,2
500,500,0.12799718544077998,0.13147939475093273,0.10757007144485442,0.11282557667902893,-0.0034822093101527507,-0.005255505234174507,0.03226992658299315,-0.10790880794838682,-0.16286077443213817,0.9140680301911326,0.8706280558833235,0.919,0.919,0.867,True,999,0.00011170795187354088,0.002703041071072221,strong_5x5_mild_500,strong_null,True,1466,2969104037,0.0,0,0
500,500,0.12062309951152672,0.11130220832475812,0.10317652388482657,0.09250833113674162,0.009320891186768598,0.010668192748084948,0.029873027154469524,0.3120169622774246,0.3571179008046662,0.7550276323786509,0.7210035439936935,0.778,0.775,0.737,True,999,0.00011158396955579519,0.0027749589644372463,strong_5x5_mild_500,strong_null,True,1467,2969104037,0.0,1,0
500,500,0.12956138718427668,0.09519955230218269,0.11104224165512733,0.0777054162807076,0.03436183488209399,0.03333682537441973,0.030407077207151918,1.13006043454949,1.0963508642185025,0.2584507599767534,0.2729252580335608,0.273,0.265,0.279,True,999,0.00011129199992865324,0.0027426249580457807,strong_5x5_mild_500,strong_null,True,1468,2969104037,0.0,0,1
500,500,0.13112253682951747,0.08678003144424484,0.11290896167815845,0.06630873982766161,0.044342505385272624,0.04660022185049684,0.029298263238577482,1.5134858003079907,1.590545537495806,0.13015630534898148,0.11171188962020036,0.117,0.114,0.091,True,999,0.00011437502689659595,0.0026997090317308903,strong_5x5_mild_500,strong_null,True,1469,2969104037,0.0,0,0
500,500,0.09275618988462142,0.0896156576312408,0.07227130874002796,0.07113416595512945,0.0031405322533806235,0.001137142784898515,0.028112910983436948,0.11171138610408951,0.04044912978127651,0.9110522510387099,0.9677350623727843,0.907,0.909,0.964,True,999,0.000112209003418684,0.002772917039692402,strong_5x5_mild_500,strong_null,True,1470,2969104037,0.0,0,1
500,500,0.1230129639846188,0.10862815976837259,0.10427504123930476,0.09029015996003409,0.014384804216246216,0.013984881279270667,0.030172717012480404,0.47674872005382213,0.46349426448688963,0.6335410654237029,0.6430101250457503,0.653,0.647,0.653,True,999,0.00011512497439980507,0.0027558329747989774,strong_5x5_mild_500,strong_null,True,1471,2969104037,0.0,0,0
500,500,0.13916226017164024,0.14721208438209388,0.12243833808929594,0.12584017737810882,-0.008049824210453638,-0.00340183928881288,0.03411824126952145,-0.23593901417318122,-0.09970734604810406,0.8134799937849027,0.9205766683058804,0.832,0.833,0.938,True,999,0.00011204194743186235,0.00278083304874599,strong_5x5_mild_500,strong_null,True,1472,2969104037,0.0,1,0
500,500,0.13278672773809952,0.11053409334609166,0.11292011263645918,0.09329081433827469,0.022252634392007864,0.019629298298184494,0.03078319771717606,0.7228824827250351,0.6376627431149546,0.4697520865075613,0.5236932430709834,0.458,0.454,0.503,True,999,0.00011749996338039637,0.002810999983921647,strong_5x5_mild_500,strong_null,True,1473,2969104037,0.0,0,1
500,500,0.12446411341383201,0.12546576000375242,0.10439708309024809,0.10884899376287649,-0.001001646589920413,-0.004451910672628401,0.03069432307671728,-0.032632959111588845,-0.14504019722152892,0.973967286249823,0.8846791345388851,0.978,0.978,0.885,True,999,0.00011841591913253069,0.002788000041618943,strong_5x5_mild_500,strong_null,True,1474,2969104037,0.0,0,1
500,500,0.12518516255948486,0.10212131007704772,0.10859738414092135,0.08252015959408254,0.02306385248243714,0.026077224546838806,0.030797103667034698,0.7488968031472631,0.8467427596041097,0.45391940730246383,0.39713851946855283,0.424,0.428,0.383,True,999,0.00011679192539304495,0.0026622500736266375,strong_5x5_mild_500,strong_null,True,1475,2969104037,0.0,1,0
500,500,0.12309323539202377,0.09437826312724917,0.10366099963442821,0.07873356796591224,0.028714972264774596,0.024927431668515965,0.029520380202746027,0.9727168846593476,0.8444143163913986,0.3306940311264047,0.39843792509076215,0.308,0.307,0.387,True,999,0.0001124159898608923,0.0027377500664442778,strong_5x5_mild_500,strong_null,True,1476,2969104037,0.0,0,2
500,500,0.11273727519028132,0.10963483231434856,0.09395971906428713,0.09085674291731038,0.003102442875932754,0.0031029761469767436,0.029537520867704312,0.10503396306779754,0.10505201708954087,0.9163488591313129,0.9163345333600187,0.921,0.917,0.914,True,999,0.0001159169478341937,0.0027207500534132123,strong_5x5_mild_500,strong_null,True,1477,2969104037,0.0,0,0
500,500,0.11012216014405274,0.11528230392184846,0.09460726329473346,0.09636766605188996,-0.005160143777795723,-0.0017604027571564984,0.02994745261526342,-0.17230660130223346,-0.05878305509895917,0.863196494883739,0.9531249051917317,0.849,0.856,0.951,True,999,0.00011675001587718725,0.0027160829631611705,strong_5x5_mild_500,strong_null,True,1478,2969104037,0.0,2,0
500,500,0.1327748941521495,0.11066530450315049,0.11406746767971754,0.09025834040801328,0.022109589648999006,0.023809127271704256,0.03152477125909618,0.7013402085390069,0.7552513886943542,0.4830907263984917,0.45009816003434844,0.478,0.483,0.46,True,999,0.00011450005695223808,0.002749499981291592,strong_5x5_mild_500,strong_null,True,1479,2969104037,0.0,0,0
500,500,0.12393883682046558,0.13663618773772068,0.1064767681452281,0.11932131575224503,-0.012697350917255101,-0.01284454760701692,0.03181623777339195,-0.39908398370953674,-0.4037104480580312,0.6898313231997935,0.6864256556389685,0.669,0.677,0.668,True,999,0.00011070806067436934,0.002767167054116726,strong_5x5_mild_500,strong_null,True,1480,2969104037,0.0,1,1
500,500,0.14290495888054566,0.1019961090366246,0.1261688954260194,0.08336542961052373,0.04090884984392107,0.042803465815495656,0.03069394493281362,1.3327986980320383,1.3945247477699176,0.18259787311601716,0.16315920161884623,0.149,0.146,0.131,True,999,0.00011450005695223808,0.002707249950617552,strong_5x5_mild_500,strong_null,True,1481,2969104037,0.0,1,0
500,500,0.14049183676367671,0.14423509015817637,0.12234058976162032,0.1259522753236979,-0.003743253394499657,-0.0036116855620775823,0.03274345067649022,-0.11432067534614827,-0.11030253340619262,0.9089835933882339,0.9121694481582994,0.906,0.905,0.917,True,999,0.00011058396194130182,0.002763083903118968,strong_5x5_mild_500,strong_null,True,1482,2969104037,0.0,1,1
500,500,0.14901521864148837,0.09830395625268284,0.1322492200933425,0.0784641282284042,0.05071126238880552,0.053785091864938295,0.03162464988829565,1.603535930608796,1.7007331956216936,0.10881638301373979,0.08899309869968465,0.1,0.095,0.085,True,999,0.00011079106479883194,0.0027392919873818755,strong_5x5_mild_500,strong_null,True,1483,2969104037,0.0,1,0
500,500,0.10802811106042398,0.11628126394338434,0.08933745272588567,0.09840662128851818,-0.008253152882960357,-0.009069168562632512,0.03007143636998677,-0.27445156863865455,-0.30158747493964494,0.7837376177177542,0.762966557224037,0.775,0.773,0.752,True,999,0.00011362496297806501,0.0026972079649567604,strong_5x5_mild_500,strong_null,True,1484,2969104037,0.0,0,0
500,500,0.1291695981676193,0.11718039657167112,0.11467698023352568,0.10101143412720148,0.011989201595948185,0.0136655461063242,0.030770394842065504,0.38963431108001323,0.4441134465925781,0.6968069768407119,0.6569605651817363,0.715,0.714,0.679,True,999,0.00011179200373589993,0.0027426250744611025,strong_5x5_mild_500,strong_null,True,1485,2969104037,0.0,3,2
500,500,0.10808895795517592,0.10802970308614523,0.09002252399233157,0.08866001359365328,5.925486903068933e-05,0.001362510398678296,0.030161649473285524,0.0019645765422468676,0.04517360364807253,0.9984324957167389,0.9639689340025657,0.998,0.998,0.969,True,999,0.00011508399620652199,0.0027563340263441205,strong_5x5_mild_500,strong_null,True,1486,2969104037,0.0,0,1
500,500,0.121906144433239,0.11262265931598359,0.1043141832768697,0.09382874448613165,0.009283485117255408,0.010485438790738044,0.030492701912146366,0.3044494103540708,0.3438671594582869,0.7607855291408775,0.7309461904156986,0.75,0.749,0.715,True,999,0.00011283403728157282,0.002717709052376449,strong_5x5_mild_500,strong_null,True,1487,2969104037,0.0,0,0
500,500,0.12767479325220932,0.11934347680018642,0.11003214790366656,0.0998045951340032,0.008331316452022897,0.010227552769663362,0.031242518163459253,0.26666597130339736,0.3273600647730548,0.789726356367378,0.743395567568883,0.782,0.778,0.739,True,999,0.00011470797471702099,0.002740458003245294,strong_5x5_mild_500,strong_null,True,1488,2969104037,0.0,0,0
500,500,0.17022484506262736,0.1696785118843529,0.15254816931189907,0.15234079521405874,0.0005463331782744607,0.00020737409784032934,0.03519127041469927,0.015524679042171186,0.0058927710024844655,0.9876135958357247,0.9952982762078172,0.986,0.986,0.995,True,999,0.00012283294927328825,0.002698041032999754,strong_5x5_mild_500,strong_null,True,1489,2969104037,0.0,0,1
500,500,0.16031126138935603,0.0965289467708833,0.14346824034953443,0.0775738704579112,0.06378231461847272,0.06589436989162323,0.03210623779179198,1.9866019504402597,2.0523852816062194,0.04696652491766054,0.040132233787300006,0.046,0.046,0.04,True,999,0.00011845806147903204,0.002743125078268349,strong_5x5_mild_500,strong_null,True,1490,2969104037,0.0,1,0
500,500,0.12480204264225492,0.14415541820888578,0.10623596504990473,0.12796586928391207,-0.01935337556663086,-0.021729904234007336,0.032102256839215186,-0.6028665107117746,-0.6768964669008166,0.5465974962250104,0.4984716459329265,0.525,0.523,0.491,True,999,0.00011245894711464643,0.0027890000492334366,strong_5x5_mild_500,strong_null,True,1491,2969104037,0.0,0,2
500,500,0.11194162144632824,0.11695532362965633,0.09207644897600176,0.10020600830739568,-0.005013702183328084,-0.00812955933139392,0.030771467172719197,-0.16293347844567646,-0.26419147601129905,0.870570811043739,0.791632378961498,0.869,0.867,0.784,True,999,0.0001436250749975443,0.0027082080487161875,strong_5x5_mild_500,strong_null,True,1492,2969104037,0.0,0,1
500,500,0.07689603981967952,0.11942312290170043,0.059381994142427175,0.1015850832334877,-0.04252708308202091,-0.04220308909106052,0.027904365195314935,-1.5240297632415265,-1.5124188920142967,0.1275012763886676,0.13042733185042962,0.116,0.105,0.109,True,999,0.0001127920113503933,0.002690250054001808,strong_5x5_mild_500,strong_null,True,1493,2969104037,0.0,1,0
500,500,0.17046137616334422,0.10846953841335694,0.15308053691086343,0.08909008641472838,0.06199183774998729,0.06399045049613505,0.03247914892931797,1.9086657068784547,1.9702009629437292,0.05630522971671008,0.048815343242907795,0.048,0.048,0.043,True,999,0.00011250004172325134,0.0028565829852595925,strong_5x5_mild_500,strong_null,True,1494,2969104037,0.0,1,0
500,500,0.08725188698495345,0.15714292476689118,0.06997501198713962,0.13903407368866283,-0.06989103778193773,-0.0690590617015232,0.03056655835275535,-2.2865196982714138,-2.2593011913393264,0.022223873073744047,0.02386465586546464,0.02,0.02,0.02,True,999,0.00011433393228799105,0.0026748330565169454,strong_5x5_mild_500,strong_null,True,1495,2969104037,0.0,1,1
500,500,0.09465458733753784,0.14463925115238352,0.07523753080306506,0.12598251541965055,-0.049984663814845676,-0.0507449846165855,0.03123095291951045,-1.6004847480532527,-1.6248298522099958,0.10949108777799774,0.10419881834447914,0.107,0.106,0.102,True,999,0.0001093749888241291,0.002761124982498586,strong_5x5_mild_500,strong_null,True,1496,2969104037,0.0,1,0
500,500,0.14139310622904455,0.10087244898074199,0.12093678478163383,0.08413396647074478,0.04052065724830256,0.03680281831088905,0.031225170781747243,1.2976920937127114,1.1786266460519164,0.19439316157508535,0.23854687646755468,0.193,0.195,0.254,True,999,0.00011804199311882257,0.0028223750414326787,strong_5x5_mild_500,strong_null,True,1497,2969104037,0.0,0,1
500,500,0.16164819048111423,0.12359738223883554,0.1412840301827032,0.1043537621573023,0.03805080824227869,0.03693026802540089,0.032834653054880515,1.1588612853219367,1.1247345285992478,0.24651273179258182,0.2607015454523729,0.227,0.227,0.24,True,999,0.00011570798233151436,0.002722750068642199,strong_5x5_mild_500,strong_null,True,1498,2969104037,0.0,0,1
500,500,0.10114311009936916,0.16205174266464595,0.08193119098655188,0.14266000101031295,-0.06090863256527679,-0.06072881002376107,0.03127113128880357,-1.947759164922976,-1.9420087320443258,0.051443787013927975,0.05213604320739355,0.045,0.049,0.053,True,999,0.00011858297511935234,0.002710249973461032,strong_5x5_mild_500,strong_null,True,1499,2969104037,0.0,0,0
500,500,0.1374709109320107,0.10190934196921675,0.1197599078364533,0.08257427970772824,0.035561568962793944,0.03718562812872506,0.030868972727209287,1.152016598577911,1.204627975713231,0.24931425261495122,0.2283469518432557,0.238,0.244,0.227,True,999,0.00011483300477266312,0.0028069999534636736,strong_5x5_mild_500,strong_null,True,1500,2969104037,0.0,1,0
500,500,0.09064682923664114,0.13628130695475948,0.0713143115301591,0.11474580720994254,-0.04563447771811835,-0.04343149567978344,0.03012571039027497,-1.514801713451041,-1.4416754034057162,0.12982262643628656,0.14939396560315923,0.108,0.11,0.126,True,999,0.0001170419855043292,0.0027310410514473915,strong_5x5_mild_500,strong_null,True,1501,2969104037,0.0,0,0
500,500,0.15124467133741137,0.09945214614208098,0.1350309398733316,0.0801020684207856,0.0517925251953304,0.05492887145254599,0.03167809669860772,1.6349632898748845,1.7339700669251432,0.10205674345355219,0.08292339438344785,0.092,0.103,0.083,True,999,0.00011341692879796028,0.0027538330759853125,strong_5x5_mild_500,strong_null,True,1502,2969104037,0.0,2,1
500,500,0.1646628455614637,0.12116315114681042,0.14829445567335142,0.1024203041858982,0.04349969441465329,0.04587415148745322,0.03247060076537219,1.3396639849375043,1.412790352076733,0.18035461141825893,0.1577173758637772,0.165,0.167,0.15,True,999,0.00011045904830098152,0.002750833984464407,strong_5x5_mild_500,strong_null,True,1503,2969104037,0.0,2,0
500,500,0.12455596416706993,0.11221975690286734,0.10619598896914795,0.09703043012473245,0.012336207264202592,0.0091655588444155,0.029862030869168704,0.41310677489584974,0.3069301912040603,0.6795283859489731,0.7588965082319763,0.648,0.649,0.738,True,999,0.00011433300096541643,0.002751333056949079,strong_5x5_mild_500,strong_null,True,1504,2969104037,0.0,1,3
500,500,0.14419704613726658,0.09717641826048429,0.1253163320570252,0.07666968309996491,0.047020627876782295,0.04864664895706028,0.03131605346656199,1.5014863838762127,1.5534093083920424,0.1332298058507003,0.12032538050472667,0.129,0.129,0.116,True,999,0.00011845899280160666,0.002718999981880188,strong_5x5_mild_500,strong_null,True,1505,2969104037,0.0,0,0
500,500,0.12634381454472665,0.10139109806159352,0.10767498443897239,0.08470384737262293,0.02495271648313313,0.022971137066349456,0.029854692759436204,0.8358055024782092,0.7694313671705413,0.4032643304614467,0.44163727355184623,0.37,0.362,0.39,True,999,0.00011925003491342068,0.0027795840287581086,strong_5x5_mild_500,strong_null,True,1506,2969104037,0.0,0,1
500,500,0.1072449595306777,0.12527575284299108,0.08870369712178672,0.10697239368175815,-0.018030793312313387,-0.01826869655997143,0.029445288058219766,-0.6123490208913076,-0.6204285223445676,0.5403068628982675,0.53497569905603,0.528,0.526,0.518,True,999,0.00011504208669066429,0.002657166915014386,strong_5x5_mild_500,strong_null,True,1507,2969104037,0.0,0,0
500,500,0.10101548133124338,0.1418137791611731,0.08145341163788089,0.12314975044023413,-0.04079829782992972,-0.04169633880235324,0.03170117875508094,-1.2869646944402888,-1.315293009275572,0.19810659414378917,0.18841144667275056,0.189,0.18,0.18,True,999,0.00011650007218122482,0.0027536669513210654,strong_5x5_mild_500,strong_null,True,1508,2969104037,0.0,0,0
500,500,0.09952807177255596,0.060990833047348536,0.08102981028991962,0.043215035196624285,0.03853723872520742,0.03781477509329534,0.026119605798924105,1.4754142547892057,1.4477544333710033,0.1401012052867031,0.1476857405313393,0.103,0.108,0.119,True,999,0.00011891697067767382,0.0027383749838918447,strong_5x5_mild_500,strong_null,True,1509,2969104037,0.0,1,0
500,500,0.12171204183625217,0.09763716122794319,0.10314981370942178,0.07923116416384346,0.02407488060830898,0.02391864954557832,0.029609071052756016,0.8130913855896903,0.80781492614075,0.41616566507155994,0.4191971312938435,0.391,0.403,0.412,True,999,0.0001272499794140458,0.0027422079583629966,strong_5x5_mild_500,strong_null,True,1510,2969104037,0.0,1,1
500,500,0.1220228142864066,0.10312854950789185,0.10182772678950869,0.08521326939381879,0.018894264778514747,0.016614457395689897,0.029902098007157114,0.6318708732073708,0.5556284843863866,0.5274712573801037,0.5784648549076257,0.523,0.527,0.585,True,999,0.00011154101230204105,0.0027661670465022326,strong_5x5_mild_500,strong_null,True,1511,2969104037,0.0,0,1
500,500,0.11653494617424698,0.16449117921788314,0.09866704843983598,0.14620541826349154,-0.047956233043636165,-0.04753836982365556,0.033587523859891236,-1.4277990019056874,-1.4153579770262201,0.1533497202156713,0.15696356412240667,0.173,0.172,0.193,True,999,0.0001093749888241291,0.002877291990444064,strong_5x5_mild_500,strong_null,True,1512,2969104037,0.0,1,2
500,500,0.10730335366533406,0.10169052217584063,0.08742139540214566,0.08332252882627245,0.005612831489493431,0.004098866575873217,0.029260484941166738,0.19182291410340596,0.14008197690895063,0.8478809214071581,0.8885952205187564,0.84,0.843,0.891,True,999,0.00011137500405311584,0.0027762079844251275,strong_5x5_mild_500,strong_null,True,1513,2969104037,0.0,1,1
500,500,0.10570041263850549,0.07992987300601218,0.0870925991436593,0.06341405801464362,0.025770539632493317,0.023678541129015684,0.02698448878147067,0.955013075889326,0.8774871119765267,0.33957108447298867,0.3802221160412953,0.328,0.322,0.38,True,999,0.00011575000826269388,0.002721250057220459,strong_5x5_mild_500,strong_null,True,1514,2969104037,0.0,1,1
500,500,0.10024315060785804,0.09855194654361066,0.08041190163140755,0.08204599578942862,0.001691204064247387,-0.001634094158021071,0.02915826180028701,0.058000853268651974,-0.056042234932021436,0.9537479488626162,0.9553081614004146,0.951,0.953,0.956,True,999,0.00012270803563296795,0.0027216249145567417,strong_5x5_mild_500,strong_null,True,1515,2969104037,0.0,0,1
500,500,0.11521524315923426,0.08497269246546169,0.09712309854825207,0.06594485407117645,0.030242550693772574,0.031178244477075623,0.02893375127090647,1.0452343496911902,1.0775735294450408,0.29591467136970573,0.28122412047469647,0.267,0.268,0.258,True,999,0.00011479097884148359,0.002730750013142824,strong_5x5_mild_500,strong_null,True,1516,2969104037,0.0,0,0
500,500,0.14320608111947353,0.09863876757747347,0.12497857825326264,0.07842270149654951,0.04456731354200005,0.04655587675671313,0.03146965175381152,1.4161997689282397,1.4793896392919064,0.15671702354235773,0.13903620758273005,0.149,0.144,0.127,True,999,0.0001157090300694108,0.0027245840756222606,strong_5x5_mild_500,strong_null,True,1517,2969104037,0.0,0,0
500,500,0.12702499423427138,0.11409099896355857,0.10887731610057472,0.09539292475187722,0.012933995270712817,0.0134843913486975,0.030635534439932006,0.4221893140487848,0.4401552509272114,0.6728868406569998,0.6598246676095436,0.651,0.653,0.644,True,999,0.0001235000090673566,0.0027825419092550874,strong_5x5_mild_500,strong_null,True,1518,2969104037,0.0,1,0
500,500,0.1410458714420466,0.1280060945634014,0.12355137638883207,0.10996193128437426,0.013039776878645215,0.013589445104457809,0.03169691652897472,0.4113894443557411,0.42873082282421554,0.6807869927138936,0.6681191269147405,0.674,0.671,0.666,True,999,0.00011904200073331594,0.0028470000252127647,strong_5x5_mild_500,strong_null,True,1519,2969104037,0.0,1,1
500,500,0.13348720882835163,0.12519732159706876,0.11415811160679823,0.10775068216622685,0.008289887231282878,0.006407429440571377,0.031930235063488285,0.2596249985256836,0.2006696608349799,0.7951530513559487,0.8409568842777255,0.802,0.8,0.84,True,999,0.00012008403427898884,0.002883667009882629,strong_5x5_mild_500,strong_null,True,1520,2969104037,0.0,0,1
500,500,0.11469234943143847,0.13070415973698435,0.09531457226694329,0.11131422186656437,-0.01601181030554588,-0.01599964959962108,0.03080348737948458,-0.5198051151899736,-0.5194103317755184,0.6031994137701981,0.603474628009439,0.612,0.613,0.612,True,999,0.00011087500024586916,0.0027462090365588665,strong_5x5_mild_500,strong_null,True,1521,2969104037,0.0,0,1
500,500,0.1156021690481317,0.17493920128492024,0.0943791013433497,0.15349506045629369,-0.059337032236788545,-0.05911595911294398,0.03373384111644033,-1.7589764542962287,-1.7524230018423124,0.07858150791478018,0.07970109910431751,0.077,0.081,0.088,True,999,0.00010895798914134502,0.002796791959553957,strong_5x5_mild_500,strong_null,True,1522,2969104037,0.0,1,0
500,500,0.12885981690521242,0.12048612735435937,0.11350337782005226,0.10261370989758234,0.008373689550853047,0.010889667922469926,0.031100762598561947,0.26924386578354303,0.35014150820126344,0.7877420261327144,0.726232501105915,0.787,0.786,0.713,True,999,0.00010970793664455414,0.0027991669485345483,strong_5x5_mild_500,strong_null,True,1523,2969104037,0.0,2,0
500,500,0.1490985947374397,0.11492463673598041,0.13342352972546223,0.09835096765141316,0.03417395800145928,0.035072562074049074,0.031866241005111665,1.0724188647157171,1.100618113960259,0.2835319384649607,0.27106289850239507,0.266,0.275,0.268,True,999,0.00011187500786036253,0.0027101669693365693,strong_5x5_mild_500,strong_null,True,1524,2969104037,0.0,2,1
500,500,0.1681579437431594,0.11606424110417968,0.14794445136129752,0.09716029194453313,0.05209370263897972,0.050784159416764396,0.03345608369887467,1.5570771255791647,1.5179349703286573,0.11945217519725396,0.1290307930623334,0.12,0.121,0.13,True,999,0.00011587503831833601,0.0027189579559490085,strong_5x5_mild_500,strong_null,True,1525,2969104037,0.0,0,0
500,500,0.12300413772771801,0.09697975419096183,0.10482224260147177,0.07792587682922658,0.02602438353675618,0.02689636577224519,0.029422739190678143,0.8844990049397357,0.9141353426660774,0.3764268993575459,0.36064573352096607,0.358,0.356,0.346,True,999,0.0001135410275310278,0.0027249170234426856,strong_5x5_mild_500,strong_null,True,1526,2969104037,0.0,1,0
500,500,0.1264132923488135,0.11547806659597337,0.10625064133580508,0.09803712205905413,0.010935225752840116,0.008213519276750958,0.03180099894440521,0.34386422174841663,0.2582786563123349,0.730948399807253,0.7961918573760405,0.693,0.692,0.773,True,999,0.00011220795568078756,0.002805042080581188,strong_5x5_mild_500,strong_null,True,1527,2969104037,0.0,1,1
500,500,0.11863307824244518,0.13291225782374627,0.10036728323524358,0.11602209862996915,-0.014279179581301094,-0.015654815394725574,0.03237969414948461,-0.4409917992239088,-0.4834763207599585,0.6592189339621144,0.6287575689789268,0.633,0.636,0.6,True,999,0.00011825002729892731,0.0026559169637039304,strong_5x5_mild_500,strong_null,True,1528,2969104037,0.0,1,1
500,500,0.10943093174377139,0.13754968529576872,0.09159970109340065,0.11631417396131383,-0.028118753551997333,-0.024714472867913173,0.03102572281614636,-0.9063045434468915,-0.7965800833833049,0.36477468135591307,0.42569494822653686,0.342,0.351,0.429,True,999,0.00011345907114446163,0.0026885420083999634,strong_5x5_mild_500,strong_null,True,1529,2969104037,0.0,0,0
500,500,0.12678559466422956,0.07678646020324587,0.10931014294567376,0.05777780018087242,0.049999134460983696,0.05153234276480134,0.02850853946814606,1.7538300942021283,1.8076107624657822,0.07945962477520817,0.0706671019994391,0.076,0.073,0.066,True,999,0.00011254195123910904,0.002726334030739963,strong_5x5_mild_500,strong_null,True,1530,2969104037,0.0,1,0
500,500,0.11052747581968192,0.12095794538139337,0.0901772700670449,0.1022623854364042,-0.010430469561711453,-0.0120851153693593,0.030885924177441727,-0.33770948545323426,-0.39128229739636394,0.7355821259515527,0.6955885825508019,0.735,0.737,0.7,True,999,0.00011429202277213335,0.002678333083167672,strong_5x5_mild_500,strong_null,True,1531,2969104037,0.0,0,0
500,500,0.13635598524676373,0.08271528607358913,0.11581653405028192,0.06321948081313167,0.0536406991731746,0.05259705323715025,0.030669162355761878,1.7490108973614342,1.7149817339979856,0.08028913574498668,0.08634857590058018,0.067,0.072,0.078,True,999,0.00011258304584771395,0.002737541915848851,strong_5x5_mild_500,strong_null,True,1532,2969104037,0.0,0,0
500,500,0.1329988233489482,0.12591505407152592,0.1174614390506008,0.10822927269657612,0.007083769277422269,0.009232166354024685,0.03111777956431088,0.22764379003271415,0.29668461192562395,0.8199231740723316,0.7667073062743891,0.813,0.813,0.756,True,999,0.00011345802340656519,0.002760667004622519,strong_5x5_mild_500,strong_null,True,1533,2969104037,0.0,2,0
500,500,0.12521191241024954,0.10536408433268507,0.1090035169128214,0.0866898898417503,0.019847828077564467,0.022313627071071096,0.02955836637426861,0.6714791956446741,0.7549005512867497,0.501915308465964,0.45030865498698636,0.493,0.487,0.446,True,999,0.00011345802340656519,0.0028035830473527312,strong_5x5_mild_500,strong_null,True,1534,2969104037,0.0,2,0
500,500,0.14284011425184073,0.13549854732391675,0.12655348010224543,0.11899889803737551,0.0073415669279239815,0.007554582064869919,0.03243215265937753,0.2263669329948476,0.23293495637532294,0.8209160440971518,0.8158119136762524,0.814,0.813,0.815,True,999,0.00011166604235768318,0.002740875002928078,strong_5x5_mild_500,strong_null,True,1535,2969104037,0.0,2,1
500,500,0.15495102089347568,0.10814835405008472,0.13654325190748295,0.08961381870557261,0.04680266684339096,0.04692943320191034,0.032026578413265734,1.4613695612268347,1.4653277223792254,0.14391404938813412,0.14283152649325434,0.15,0.15,0.149,True,999,0.00011350004933774471,0.002708417014218867,strong_5x5_mild_500,strong_null,True,1536,2969104037,0.0,0,1
500,500,0.11593951393570034,0.0971629442142321,0.09651414427906957,0.07847402343207932,0.01877656972146824,0.01804012084699025,0.028350346905134764,0.6623047606541795,0.6363280459091262,0.5077759264461037,0.5245626286837264,0.518,0.5,0.528,True,999,0.0001116250641644001,0.0027315409388393164,strong_5x5_mild_500,strong_null,True,1537,2969104037,0.0,0,0
500,500,0.11467776656925166,0.11237536638090062,0.09463139993266623,0.09379584029727539,0.002302400188351039,0.0008355596353908368,0.03088067871949269,0.07455795286318316,0.027057683640334295,0.940566429716319,0.9784137259552635,0.943,0.945,0.987,True,999,0.00011100003030151129,0.0027621668996289372,strong_5x5_mild_500,strong_null,True,1538,2969104037,0.0,0,0
500,500,0.12424610685510262,0.1059169838420988,0.10463722717065593,0.0893467728893711,0.018329123013003823,0.015290454281284838,0.030417271554776863,0.6025893210045441,0.502689869923049,0.5467819262845385,0.6151823329628046,0.531,0.53,0.602,True,999,0.00011645792983472347,0.0027225830126553774,strong_5x5_mild_500,strong_null,True,1539,2969104037,0.0,0,1
500,500,0.13040690245452935,0.16115282948833487,0.11223943925017466,0.142524432983123,-0.03074592703380552,-0.03028499373294835,0.033091384436510315,-0.9291218109292215,-0.9151927079706698,0.35282596229328045,0.360090472100118,0.354,0.362,0.36,True,999,0.00012095796409994364,0.002745750010944903,strong_5x5_mild_500,strong_null,True,1540,2969104037,0.0,1,0
500,500,0.10631462926825908,0.08959066760110801,0.09022208380758912,0.0709354261888393,0.016723961667151066,0.019286657618749814,0.027807125881604285,0.6014271930999798,0.6935868777257861,0.5475554912417837,0.487941325374046,0.543,0.534,0.482,True,999,0.00011212506797164679,0.0028018340235576034,strong_5x5_mild_500,strong_null,True,1541,2969104037,0.0,2,0
500,500,0.11348866949206893,0.09532770097237864,0.09710272947245357,0.07580180671322978,0.01816096851969029,0.021300922759223795,0.028874730307122898,0.6289571651933419,0.7377011848304337,0.5293770995942911,0.4606960519724588,0.547,0.541,0.471,True,999,0.00011604197788983583,0.0027343749534338713,strong_5x5_mild_500,strong_null,True,1542,2969104037,0.0,1,0
500,500,0.1121861416769141,0.09185271466492884,0.09328729514572842,0.0726434853745559,0.02033342701198526,0.020643809771172528,0.02924059200103118,0.695383561703135,0.7059983522373457,0.48681495945592046,0.48018916216154983,0.435,0.447,0.438,True,999,0.00011545803863555193,0.0027524998877197504,strong_5x5_mild_500,strong_null,True,1543,2969104037,0.0,0,0
500,500,0.11126393427829151,0.060383823871383635,0.09372279371433478,0.04262858408139891,0.050880110406907875,0.05109420963293587,0.02589168201235776,1.9651141390746056,1.973383174123229,0.04940102850210839,0.04845192314532692,0.045,0.042,0.046,True,999,0.0001724159810692072,0.0028068749234080315,strong_5x5_mild_500,strong_null,True,1544,2969104037,0.0,1,1
500,500,0.11491955709678425,0.12769566967770962,0.0954944951661787,0.1087920641286928,-0.01277611258092537,-0.013297568962514106,0.030081402907137324,-0.42471797676344475,-0.44205281926392576,0.6710422774126896,0.6584509847037661,0.667,0.661,0.648,True,999,0.00011858402285724878,0.0027882090071216226,strong_5x5_mild_500,strong_null,True,1545,2969104037,0.0,0,0
500,500,0.09375165130885832,0.11367298932441838,0.07501688982745236,0.09632563621357804,-0.019921338015560064,-0.021308746386125677,0.028630473784980355,-0.6958088840992518,-0.7442680322427747,0.48654852479167177,0.45671433704227393,0.473,0.467,0.444,True,999,0.0001284580212086439,0.002860749955289066,strong_5x5_mild_500,strong_null,True,1546,2969104037,0.0,0,1
500,500,0.14304336945537188,0.11832968140705136,0.12264506519022689,0.1018816085090748,0.024713688048320526,0.020763456681152093,0.0313317178021629,0.7887753938156076,0.6626976794652077,0.43024329347464974,0.5075241962878363,0.428,0.424,0.519,True,999,0.00011866691056638956,0.002680958015844226,strong_5x5_mild_500,strong_null,True,1547,2969104037,0.0,0,1
500,500,0.12199969916729336,0.13119281607260092,0.10365616640353892,0.11368959444337179,-0.009193116905307552,-0.01003342803983287,0.03206846357621713,-0.2866715732563323,-0.3128752338254815,0.7743638056675007,0.754375454153157,0.783,0.787,0.763,True,999,0.0001115420600399375,0.002761084004305303,strong_5x5_mild_500,strong_null,True,1548,2969104037,0.0,1,1
500,500,0.09753385653837299,0.12025511213477968,0.07923018233509538,0.10210909092359088,-0.022721255596406698,-0.022878908588495506,0.02951864497033268,-0.7697255622418439,-0.7750663559079236,0.4414627034842833,0.43830045070751233,0.404,0.404,0.41,True,999,0.00011362496297806501,0.0027916249819099903,strong_5x5_mild_500,strong_null,True,1549,2969104037,0.0,1,0
500,500,0.08364711849459572,0.1071368119504792,0.06213260506581264,0.08880897542576349,-0.023489693455883476,-0.02667637035995085,0.02737727558160805,-0.857999671510914,-0.9743982844615823,0.3908926448134491,0.3298588209536619,0.371,0.366,0.3,True,999,0.00011341704521328211,0.002690666005946696,strong_5x5_mild_500,strong_null,True,1550,2969104037,0.0,0,0
500,500,0.09993236065339528,0.130407118227031,0.08238742233436369,0.11025191872454343,-0.030474757573635713,-0.027864496390179738,0.03057314418557696,-0.9967819269309023,-0.9114043430091485,0.318870372650195,0.3620823661446818,0.308,0.307,0.346,True,999,0.00011229095980525017,0.0027738750213757157,strong_5x5_mild_500,strong_null,True,1551,2969104037,0.0,0,1
500,500,0.11390456698551277,0.14011745837124012,0.09450923409679035,0.12232416994231698,-0.026212891385727355,-0.027814935845526634,0.0316548279135929,-0.8280851014979386,-0.8786948999202305,0.4076223063034785,0.37956672468622366,0.423,0.43,0.394,True,999,0.00011395802721381187,0.002809541067108512,strong_5x5_mild_500,strong_null,True,1552,2969104037,0.0,0,0
500,500,0.15468888310752615,0.10783167480725009,0.13527029656825107,0.08854544248572438,0.046857208300276065,0.04672485408252669,0.03216150054954542,1.4569347667125052,1.4528194668823409,0.14513438795709946,0.1462738855041607,0.149,0.15,0.154,True,999,0.00011170899961143732,0.002763334079645574,strong_5x5_mild_500,strong_null,True,1553,2969104037,0.0,0,1
500,500,0.1200090871348567,0.1315603346425256,0.1032142380336154,0.11145335930052624,-0.011551247507668894,-0.008239121266910843,0.031966744467111737,-0.36135201442089715,-0.25774039253160347,0.7178363148262537,0.7966072702561577,0.712,0.717,0.804,True,999,0.00011700007598847151,0.0027284580282866955,strong_5x5_mild_500,strong_null,True,1554,2969104037,0.0,2,0
500,500,0.12354889316082296,0.10995274530656918,0.10695110390787477,0.09176873409751352,0.013596147854253782,0.015182369810361251,0.03043855483643402,0.4466752093624238,0.49878747174252897,0.6551095837946195,0.6179291144169188,0.627,0.629,0.605,True,999,0.00011975003872066736,0.0027658329345285892,strong_5x5_mild_500,strong_null,True,1555,2969104037,0.0,2,1
500,500,0.12764757053739506,0.08912124729467052,0.10772527060072434,0.06948437082462533,0.038526323242724536,0.03824089977609901,0.03021959419775165,1.2748789077250715,1.2654339275986755,0.2023521057291494,0.20571581952880547,0.197,0.202,0.216,True,999,0.00011270900722593069,0.002725792001001537,strong_5x5_mild_500,strong_null,True,1556,2969104037,0.0,0,0
500,500,0.1144795413513271,0.1299829805162298,0.09521493826252936,0.11244341528902169,-0.01550343916490271,-0.017228477026492328,0.030019755816614663,-0.5164412148989638,-0.5739046357251546,0.6055462862849759,0.5660323359081745,0.603,0.596,0.551,True,999,0.0001093749888241291,0.0027165000792592764,strong_5x5_mild_500,strong_null,True,1557,2969104037,0.0,0,1
500,500,0.1116692225707181,0.1145414357214396,0.09435864442275488,0.0959019198205624,-0.002872213150721503,-0.0015432753978075198,0.029847686707310958,-0.09622900357024912,-0.05170502534889937,0.92333869618096,0.9587637329486396,0.934,0.932,0.964,True,999,0.00011458294466137886,0.00284362502861768,strong_5x5_mild_500,strong_null,True,1558,2969104037,0.0,2,0
500,500,0.10547819753611987,0.10667523922421274,0.0866296029428213,0.0863768793680606,-0.0011970416880928703,0.00025272357476069374,0.03005580352411428,-0.03982730613515169,0.008408478401115756,0.9682308063499576,0.993291083960198,0.961,0.961,0.997,True,999,0.00011575000826269388,0.002808457938954234,strong_5x5_mild_500,strong_null,True,1559,2969104037,0.0,0,0
500,500,0.14139276364930886,0.08750817461763183,0.12188015874340863,0.06706074959907937,0.05388458903167703,0.054819409144329256,0.02980995598056859,1.807603777301829,1.8389631027990414,0.07066818992757092,0.06592061324012273,0.078,0.075,0.073,True,999,0.00011437502689659595,0.002810999983921647,strong_5x5_mild_500,strong_null,True,1560,2969104037,0.0,0,0
500,500,0.09894673507619978,0.10643139927925205,0.07820486830183881,0.08902627987163214,-0.007484664203052271,-0.010821411569793327,0.029578556520587402,-0.2530435925040075,-0.36585326813569685,0.8002345271459547,0.714474568981659,0.797,0.797,0.724,True,999,0.00011433300096541643,0.0027745419647544622,strong_5x5_mild_500,strong_null,True,1561,2969104037,0.0,0,1
500,500,0.1399368097577256,0.12174166716630452,0.12437973710279948,0.10308462164880439,0.018195142591421076,0.021295115453995095,0.032014485362677626,0.5683409364634956,0.665171256471949,0.5698034873676181,0.5059409627481583,0.574,0.569,0.487,True,999,0.00011716701555997133,0.0027372079202905297,strong_5x5_mild_500,strong_null,True,1562,2969104037,0.0,2,0
500,500,0.10683852837676522,0.10079781788545583,0.0906411401239211,0.08218095537654335,0.006040710491309387,0.008460184747377753,0.02866165793578737,0.21075928352933365,0.29517429753476476,0.8330751118749217,0.7678607353085652,0.81,0.812,0.749,True,999,0.00011383404489606619,0.0027791670290753245,strong_5x5_mild_500,strong_null,True,1563,2969104037,0.0,2,0
500,500,0.13787729891461487,0.12584865907495968,0.118609838624252,0.10375364263842357,0.012028639839655186,0.014856195985828435,0.03209657738929795,0.3747639411442645,0.46285919541009934,0.7078360337995075,0.6434652973636421,0.677,0.687,0.624,True,999,0.0001177079975605011,0.0028566670371219516,strong_5x5_mild_500,strong_null,True,1564,2969104037,0.0,0,0
500,500,0.14865287367539493,0.08737478822129296,0.1264556620338908,0.06904138872710064,0.06127808545410196,0.057414273306790164,0.030431241025647968,2.013657129607555,1.8866885270436535,0.04404554391291406,0.059202231714186954,0.047,0.043,0.055,True,999,0.00011783395893871784,0.0028196669882163405,strong_5x5_mild_500,strong_null,True,1565,2969104037,0.0,0,0
500,500,0.12376025131024448,0.10783872779990489,0.10548255161785391,0.0903548910453651,0.015921523510339597,0.015127660572488821,0.03016798566108469,0.527762234085043,0.5014474861675238,0.5976643723439465,0.6160562271641092,0.617,0.613,0.635,True,999,0.0001194999786093831,0.0029363330686464906,strong_5x5_mild_500,strong_null,True,1566,2969104037,0.0,2,1
500,500,0.11472622786711806,0.07551901223704927,0.09709369220178132,0.05595336694580055,0.03920721563006879,0.04114032525598077,0.02817158508347756,1.3917291311046447,1.4603482599248305,0.16400443739364323,0.144194384915496,0.146,0.143,0.126,True,999,0.00011858297511935234,0.0026878330390900373,strong_5x5_mild_500,strong_null,True,1567,2969104037,0.0,1,0
500,500,0.1285915852331858,0.10282380826632842,0.1068785780623216,0.08405807474093763,0.025767776966857392,0.022820503321383967,0.03149606379269393,0.8181268979025463,0.7245509620372812,0.41328473141211963,0.4687275521079509,0.401,0.409,0.456,True,999,0.00011208304204046726,0.002758458023890853,strong_5x5_mild_500,strong_null,True,1568,2969104037,0.0,0,0
500,500,0.10733264093974015,0.13011738234664116,0.09107004235556815,0.11345027148638565,-0.02278474140690101,-0.022380229130817497,0.030502099568878123,-0.7469892803755949,-0.7337274957181136,0.4550700315347258,0.4631148372457393,0.415,0.423,0.433,True,999,0.00011212495155632496,0.002760290983133018,strong_5x5_mild_500,strong_null,True,1569,2969104037,0.0,1,2
500,500,0.13465699540897513,0.11234315933252836,0.11504019386751452,0.09259250771242478,0.02231383607644677,0.02244768615508974,0.031019500123047338,0.7193486673844784,0.7236636975465385,0.4719261167109239,0.46927222534119273,0.459,0.458,0.459,True,999,0.0001158339437097311,0.0026986669981852174,strong_5x5_mild_500,strong_null,True,1570,2969104037,0.0,0,0
500,500,0.10149892418419171,0.10237340146784035,0.0843136938834732,0.08359113910000815,-0.0008744772836486447,0.000722554783465057,0.02903200054155124,-0.03012115139626956,0.024888218861491153,0.9759704320083818,0.9801441243114899,0.981,0.982,0.988,True,999,0.0001129999291151762,0.002738167066127062,strong_5x5_mild_500,strong_null,True,1571,2969104037,0.0,2,0
500,500,0.14655914534680958,0.1110316641724971,0.12748829774716341,0.09366137867209545,0.03552748117431248,0.03382691907506796,0.031086829671832614,1.1428467151316972,1.0881430957148426,0.25310223918097086,0.2765319411323004,0.234,0.237,0.267,True,999,0.00011945795267820358,0.0027754580369219184,strong_5x5_mild_500,strong_null,True,1572,2969104037,0.0,1,1
500,500,0.13495640308451518,0.10793169576316153,0.11502079008232613,0.08831344590311119,0.027024707321353647,0.026707344179214942,0.031074255400644252,0.8696815731518173,0.8594685161357472,0.3844744450365343,0.3900820827576834,0.414,0.412,0.424,True,999,0.00011287489905953407,0.002729458035901189,strong_5x5_mild_500,strong_null,True,1573,2969104037,0.0,0,0
500,500,0.1231415764436985,0.13633924543139309,0.10440371554307148,0.11587405381260396,-0.013197668987694589,-0.011470338269532476,0.03208455193912875,-0.4113402927593749,-0.35750345809080203,0.6808230283177333,0.7207149378409876,0.659,0.662,0.701,True,999,0.0001129999291151762,0.0027734170434996486,strong_5x5_mild_500,strong_null,True,1574,2969104037,0.0,0,0
500,500,0.0975029218662069,0.12702564616572554,0.07949848919702163,0.108763500320606,-0.029522724299518632,-0.029265011123584372,0.029782245221371715,-0.9912860524811322,-0.9826328037411975,0.3215459215534271,0.32578819339501486,0.302,0.295,0.304,True,999,0.00011612498201429844,0.002839582972228527,strong_5x5_mild_500,strong_null,True,1575,2969104037,0.0,0,1
500,500,0.10799613193240076,0.124470891239713,0.0909185573015634,0.10598281363922979,-0.016474759307312237,-0.015064256337666393,0.03055448811832293,-0.5391927772939075,-0.49302924923270613,0.5897538435596362,0.621991920505113,0.572,0.568,0.612,True,999,0.00011783302761614323,0.0027218329487368464,strong_5x5_mild_500,strong_null,True,1576,2969104037,0.0,1,0
500,500,0.101212154387754,0.11056944716257666,0.0847105062287028,0.09310646394146715,-0.009357292774822668,-0.008395957712764357,0.028970208054993153,-0.322997085732351,-0.28981351106718317,0.7466974491280436,0.7719589109275377,0.741,0.744,0.773,True,999,0.00011533405631780624,0.002739791991189122,strong_5x5_mild_500,strong_null,True,1577,2969104037,0.0,1,1
500,500,0.11786128671321072,0.14012967643856378,0.09858904484462983,0.1207645713780039,-0.022268389725353055,-0.022175526533374068,0.032269380515672026,-0.6900780048919171,-0.6872002554435233,0.4901451342539386,0.4919565434202009,0.476,0.486,0.491,True,999,0.00011237501166760921,0.002721125027164817,strong_5x5_mild_500,strong_null,True,1578,2969104037,0.0,0,0
500,500,0.11064439666574155,0.0914263630609704,0.0951448401918924,0.07382435222581307,0.019218033604771145,0.021320487966079327,0.027953722627605173,0.6874946088859284,0.7627065722196399,0.49177109688333465,0.44563841014949723,0.495,0.486,0.436,True,999,0.00011387502308934927,0.0027842080453410745,strong_5x5_mild_500,strong_null,True,1579,2969104037,0.0,2,1
500,500,0.08604678896420748,0.08063586851928317,0.06575398252590503,0.06266946799115658,0.005410920444924305,0.0030845145347484504,0.02621477494966922,0.20640728197411362,0.11766320865506308,0.8364727831114449,0.9063345194596618,0.825,0.824,0.907,True,999,0.00011791707947850227,0.0027207080274820328,strong_5x5_mild_500,strong_null,True,1580,2969104037,0.0,0,2
500,500,0.12522325612022678,0.11542308540141066,0.1058443564834306,0.09544180513779565,0.009800170718816115,0.010402551345634947,0.031629398189933204,0.30984373018944283,0.32888869029907125,0.7566797950347953,0.7422398230521401,0.739,0.742,0.727,True,999,0.00011833396274596453,0.0027186250081285834,strong_5x5_mild_500,strong_null,True,1581,2969104037,0.0,0,0
500,500,0.13472950301543474,0.17776776193488164,0.11617530549887078,0.1582876389941248,-0.0430382589194469,-0.042112333495254006,0.034459094162367664,-1.2489666361122294,-1.2220963585643045,0.21167727710963047,0.22167119001181057,0.175,0.183,0.191,True,999,0.00011212506797164679,0.002733625005930662,strong_5x5_mild_500,strong_null,True,1582,2969104037,0.0,0,1
500,500,0.10188720359292758,0.11051489857252828,0.08414772902773393,0.09301694644000236,-0.008627694979600697,-0.008869217412268426,0.030053090836196714,-0.287081785584905,-0.2951183111450924,0.7740496984368375,0.7679035020869998,0.758,0.759,0.763,True,999,0.0001153330085799098,0.0027190829860046506,strong_5x5_mild_500,strong_null,True,1583,2969104037,0.0,1,1
500,500,0.13618841355410272,0.08387868212349692,0.1170731615150089,0.06623618357650685,0.0523097314306058,0.05083697793850206,0.028939511251523473,1.8075540729061912,1.7566633208370384,0.07067593170447135,0.07897521299234139,0.067,0.067,0.076,True,999,0.00011445803102105856,0.002731375047005713,strong_5x5_mild_500,strong_null,True,1584,2969104037,0.0,0,1
500,500,0.11415666865480012,0.146288194892501,0.09717813207828385,0.1268287598472284,-0.03213152623770088,-0.02965062776894456,0.03323300928483479,-0.9668557536365945,-0.892204118947333,0.3336161482679233,0.372283534843867,0.297,0.303,0.34,True,999,0.00011416699271649122,0.0027425410225987434,strong_5x5_mild_500,strong_null,True,1585,2969104037,0.0,1,0
500,500,0.07212001112294153,0.11467018963985343,0.05377683541348688,0.09725317159950464,-0.042550178516911896,-0.04347633618601776,0.027076651426678897,-1.5714712224343508,-1.6056762522407069,0.11607323376482205,0.1083450617332651,0.106,0.106,0.101,True,999,0.00011245801579207182,0.0027367500588297844,strong_5x5_mild_500,strong_null,True,1586,2969104037,0.0,1,0
500,500,0.0880164742845384,0.13035822122188478,0.06844995917975893,0.11110812582785456,-0.04234174693734638,-0.04265816664809563,0.029488059939961838,-1.435894630693062,-1.446625065702808,0.1510323265767774,0.14800196199084417,0.151,0.151,0.149,True,999,0.00011404091492295265,0.0027395000215619802,strong_5x5_mild_500,strong_null,True,1587,2969104037,0.0,0,0
500,500,0.14025422079650207,0.12440542889392892,0.12301537943915264,0.10623677604053228,0.015848791902573156,0.016778603398620362,0.03243137688824461,0.4886869884429071,0.5173571093338962,0.6250633169812317,0.6049068945168504,0.615,0.62,0.613,True,999,0.00011445803102105856,0.0027247079415246844,strong_5x5_mild_500,strong_null,True,1588,2969104037,0.0,2,1
500,500,0.09195022372485162,0.12255459059566287,0.0725249554869265,0.10293553362987495,-0.03060436687081125,-0.030410578142948452,0.029394716597018564,-1.041151962455572,-1.0345593243798419,0.2978050263889014,0.30087475820714493,0.296,0.293,0.299,True,999,0.00011300004553049803,0.002776291104964912,strong_5x5_mild_500,strong_null,True,1589,2969104037,0.0,0,0
500,500,0.11772997685375575,0.0787415111047336,0.0989233859186811,0.058994948073063824,0.03898846574902215,0.03992843784561728,0.02912980160400064,1.3384391105385192,1.3707075107622282,0.180753336738537,0.1704661525358132,0.172,0.168,0.156,True,999,0.00015966698992997408,0.002720540971495211,strong_5x5_mild_500,strong_null,True,1590,2969104037,0.0,0,0
500,500,0.10078598312817777,0.10802480826140792,0.08303490102434807,0.08931530305079605,-0.007238825133230153,-0.006280402026447973,0.029571339829842346,-0.24479192268200808,-0.21238138219594685,0.8066175484479409,0.8318095093363975,0.8,0.803,0.829,True,999,0.00011091702617704868,0.002719957963563502,strong_5x5_mild_500,strong_null,True,1591,2969104037,0.0,1,0
500,500,0.12576380430990863,0.09985653335378353,0.10926969225653238,0.08145567216342897,0.025907270956125106,0.02781402009310341,0.030085262578258984,0.8611282979077906,0.9245064762440571,0.38916738530934214,0.35522268120124123,0.401,0.396,0.37,True,999,0.00011749996338039637,0.002830167068168521,strong_5x5_mild_500,strong_null,True,1592,2969104037,0.0,2,1
500,500,0.09431115527917333,0.12448090363603259,0.07690681041145808,0.10482431022808214,-0.03016974835685926,-0.02791749981662406,0.02974535432097037,-1.014267573729646,-0.938549916581169,0.31045509233792157,0.34796187712498994,0.273,0.279,0.319,True,999,0.00011104193981736898,0.002762707998044789,strong_5x5_mild_500,strong_null,True,1593,2969104037,0.0,1,0
500,500,0.16818113955345348,0.09360874625077031,0.14881657026279527,0.0740959749122112,0.07457239330268317,0.07472059535058406,0.03226803301939454,2.3110300295608908,2.3156228737485676,0.020831196257812528,0.020578868821156202,0.017,0.018,0.019,True,999,0.0001153330085799098,0.0028266659937798977,strong_5x5_mild_500,strong_null,True,1594,2969104037,0.0,1,0
500,500,0.10506652510311132,0.09888465930372647,0.08739031884084625,0.07947981075989219,0.006181865799384845,0.00791050808095406,0.028969728471520104,0.21339053299937502,0.2730611744853188,0.8310223640345645,0.7848061912032448,0.823,0.824,0.783,True,999,0.00011520902626216412,0.0028441250324249268,strong_5x5_mild_500,strong_null,True,1595,2969104037,0.0,1,1
500,500,0.14086504771194108,0.16450430179067776,0.12402381479159885,0.14731241991057686,-0.023639254078736682,-0.023288605118978012,0.03340855809799846,-0.7075807943998916,-0.6970850118902094,0.4792056230056385,0.48574959342322,0.488,0.487,0.503,True,999,0.00011483300477266312,0.0026814169250428677,strong_5x5_mild_500,strong_null,True,1596,2969104037,0.0,1,1
500,500,0.07515599612423407,0.1341784846078875,0.0586384636193884,0.11551405007458015,-0.059022488483653435,-0.05687558645519175,0.028415765460909168,-2.0771035911332087,-2.001550390519447,0.03779199921512468,0.04533310908730175,0.029,0.031,0.034,True,999,0.00011483300477266312,0.0026983749121427536,strong_5x5_mild_500,strong_null,True,1597,2969104037,0.0,1,0
500,500,0.1483831437878762,0.12837089496241627,0.13175047077970703,0.111079804632368,0.020012248825459933,0.020670666147339034,0.032150537125163754,0.6224545719889899,0.6429337732948918,0.5336430061277373,0.5202670736230055,0.543,0.542,0.53,True,999,0.00011191598605364561,0.0027824999997392297,strong_5x5_mild_500,strong_null,True,1598,2969104037,0.0,1,1
500,500,0.06855595138133419,0.11424003199961252,0.04856727456188992,0.09603753705692952,-0.04568408061827833,-0.047470262495039606,0.027915383491326985,-1.6365199006659499,-1.7005054761217275,0.10173082418760096,0.08903588723485813,0.092,0.094,0.083,True,999,0.00011587492190301418,0.0027747920248657465,strong_5x5_mild_500,strong_null,True,1599,2969104037,0.0,0,2
500,500,0.1033975089759065,0.1449751994054156,0.08703545550633862,0.1270845749121463,-0.041577690429509095,-0.04004911940580769,0.03082432572942016,-1.3488596894051579,-1.2992699258813944,0.17738203809425723,0.19385131147727186,0.158,0.165,0.181,True,999,0.00011699995957314968,0.0027018749387934804,strong_5x5_mild_500,strong_null,True,1600,2969104037,0.0,1,0
500,500,0.11233102989132848,0.11112533544693459,0.09539825192399576,0.09074995788250817,0.00120569444439389,0.004648294041487588,0.030327092451225425,0.03975634810138786,0.15327199760291446,0.9682873778644461,0.8781837824025993,0.972,0.972,0.897,True,999,0.0001216670498251915,0.002770708058960736,strong_5x5_mild_500,strong_null,True,1601,2969104037,0.0,1,0
500,500,0.0989156425740696,0.07448838916840617,0.08114105908083502,0.05421844491320371,0.02442725340566343,0.02692261416763131,0.027230745137171865,0.8970468227223987,0.9886844459089026,0.3696939326218054,0.3228175552022683,0.354,0.346,0.308,True,999,0.00011191691737622023,0.0026834580348804593,strong_5x5_mild_500,strong_null,True,1602,2969104037,0.0,0,0
500,500,0.1240248346054682,0.09372264256366525,0.10670248132981897,0.07720041933873745,0.030302192041802956,0.02950206199108152,0.028795187095243802,1.0523353066460217,1.0245483696112005,0.29264573845203656,0.30557633672006423,0.279,0.276,0.293,True,999,0.00011470902245491743,0.0027181250043213367,strong_5x5_mild_500,strong_null,True,1603,2969104037,0.0,1,1
500,500,0.09035081439060555,0.11249171726039475,0.07074935558864581,0.09396305220917611,-0.022140902869789203,-0.0232136966205303,0.02958193261119693,-0.748460324103664,-0.7847254919289411,0.45418254809245284,0.4326145332079313,0.442,0.447,0.427,True,999,0.00011591706424951553,0.002867249888367951,strong_5x5_mild_500,strong_null,True,1604,2969104037,0.0,0,1
500,500,0.12148406433301573,0.11312681132494418,0.10424146453465255,0.09540472797215216,0.008357253008071552,0.008836736562500391,0.03030375848228771,0.2757827222308512,0.2916052993118127,0.782714954946147,0.7705884231941333,0.771,0.769,0.77,True,999,0.00011683302000164986,0.0028653331100940704,strong_5x5_mild_500,strong_null,True,1605,2969104037,0.0,2,1
500,500,0.0839594843730147,0.1310358534140934,0.06646565621184664,0.11439700891747862,-0.0470763690410787,-0.04793135270563198,0.02973999049138435,-1.5829315431259698,-1.6116801624236448,0.11343706831162886,0.10703155665154963,0.088,0.095,0.089,True,999,0.00011791696306318045,0.002796625019982457,strong_5x5_mild_500,strong_null,True,1606,2969104037,0.0,1,1
500,500,0.1174585831228534,0.16673679671012764,0.09779071645658632,0.14804036296499135,-0.049278213587274244,-0.05024964650840502,0.0334101486059545,-1.4749474528973412,-1.50402343614387,0.14022667122773036,0.13257533242206004,0.145,0.145,0.143,True,999,0.00011999998241662979,0.0028074169531464577,strong_5x5_mild_500,strong_null,True,1607,2969104037,0.0,0,1
500,500,0.15902970400771643,0.07992922209865072,0.14076451401547274,0.06005493646392779,0.07910048190906571,0.08070957755154495,0.03131463521200206,2.525990846565845,2.5773756266083256,0.01153724872138334,0.009955370090553896,0.011,0.012,0.01,True,999,0.00011554197408258915,0.002687457948923111,strong_5x5_mild_500,strong_null,True,1608,2969104037,0.0,0,0
500,500,0.1083015142691569,0.10128038758030011,0.08708448838268623,0.08384381535591956,0.007021126688856794,0.0032406730267666717,0.029885830576570856,0.2349316232275318,0.10843509998705585,0.8142618045776013,0.9136505595106652,0.813,0.816,0.91,True,999,0.0001151250908151269,0.0027551669627428055,strong_5x5_mild_500,strong_null,True,1609,2969104037,0.0,0,1
500,500,0.09522910188109779,0.10383433741446724,0.07579046597436445,0.08418060652064696,-0.008605235533369449,-0.00839014054628251,0.02856215313750535,-0.3012810516049575,-0.29375028226654604,0.763200188686906,0.7689487287116762,0.741,0.745,0.748,True,999,0.0001117499778047204,0.00284866604488343,strong_5x5_mild_500,strong_null,True,1610,2969104037,0.0,1,0
500,500,0.10879687239497604,0.1119393466256956,0.0922746546958706,0.09460575505232782,-0.0031424742307195608,-0.0023311003564572275,0.029795549763033367,-0.10546790563395994,-0.07823652776997485,0.916004535518763,0.9376399060949996,0.919,0.918,0.94,True,999,0.000111832981929183,0.002762416028417647,strong_5x5_mild_500,strong_null,True,1611,2969104037,0.0,2,2
500,500,0.11358630699117467,0.1170652566325514,0.09582497024268832,0.10069144975784639,-0.0034789496413767385,-0.004866479515158062,0.03019214412559506,-0.11522698179052136,-0.16118363422333287,0.9082652127356299,0.8719487705736613,0.906,0.905,0.872,True,999,0.00011058303061872721,0.0026873749447986484,strong_5x5_mild_500,strong_null,True,1612,2969104037,0.0,0,1
500,500,0.10013860243979233,0.06802777244431313,0.08087105525794414,0.05013520267914373,0.032110829995479206,0.030735852578800404,0.026754004757968897,1.2002251732393348,1.1488318424420358,0.2300519012519986,0.25062532649890823,0.204,0.197,0.221,True,999,0.00012900005094707012,0.002658542012795806,strong_5x5_mild_500,strong_null,True,1613,2969104037,0.0,0,0
500,500,0.09823240878727513,0.1080751931294417,0.07864329870091069,0.09293141461040477,-0.009842784342166566,-0.014288115909494081,0.028676867830076138,-0.34323080193031086,-0.4982453451387318,0.7314248340000662,0.6183111252220592,0.722,0.726,0.603,True,999,0.00011212495155632496,0.0027212080312892795,strong_5x5_mild_500,strong_null,True,1614,2969104037,0.0,0,3
500,500,0.10750478136941344,0.13756837799074306,0.08874925458121652,0.11980586283630146,-0.030063596621329625,-0.03105660825508494,0.031064646521514135,-0.9677752682783233,-0.9997412406922567,0.33315661792984996,0.3174357484187389,0.305,0.318,0.31,True,999,0.00011100003030151129,0.002742749988101423,strong_5x5_mild_500,strong_null,True,1615,2969104037,0.0,0,1
500,500,0.12224400730364127,0.09169985319657925,0.10553269983245173,0.07209394889366649,0.030544154107062016,0.03343875093878523,0.02980353374321765,1.0248500855712424,1.1219726904496634,0.30543392953719994,0.2618740516637368,0.299,0.296,0.265,True,999,0.00011620798613876104,0.002751540974713862,strong_5x5_mild_500,strong_null,True,1616,2969104037,0.0,1,1
500,500,0.09888662959880445,0.14483774210664058,0.08138034177000009,0.1269172743100171,-0.04595111250783612,-0.045536932540017006,0.030528799473532528,-1.5051726009623876,-1.4916057403271308,0.13227970740087003,0.1358025324707229,0.135,0.133,0.132,True,999,0.00011445896234363317,0.002697999938391149,strong_5x5_mild_500,strong_null,True,1617,2969104037,0.0,0,0
500,500,0.13081812807903037,0.15215768102782046,0.11163548433910364,0.13579276869796786,-0.021339552948790086,-0.024157284358864217,0.03232293989936902,-0.6601983920777781,-0.7473727462314094,0.5091265240048637,0.45483859180448616,0.495,0.49,0.446,True,999,0.00011604197788983583,0.0026892920723184943,strong_5x5_mild_500,strong_null,True,1618,2969104037,0.0,0,1
500,500,0.07789532217967632,0.10353657027795071,0.058484265408196734,0.0813802602499436,-0.025641248098274394,-0.02289599484174687,0.027797917468340566,-0.9224161532056337,-0.8236586380193205,0.35631154725657355,0.41013354759304343,0.324,0.351,0.408,True,999,0.00011150003410875797,0.0026687500067055225,strong_5x5_mild_500,strong_null,True,1619,2969104037,0.0,0,0
500,500,0.12394570493582102,0.1298710253132106,0.10620386461300768,0.1113760627986835,-0.005925320377389576,-0.005172198185675825,0.03183854939266697,-0.18610522434022359,-0.162450811495422,0.8523622450570493,0.8709508604051404,0.842,0.843,0.863,True,999,0.00011195801198482513,0.0027395420474931598,strong_5x5_mild_500,strong_null,True,1620,2969104037,0.0,0,1
500,500,0.142967647182892,0.18590857142342965,0.1250764010960097,0.16502495477908496,-0.04294092424053764,-0.03994855368307526,0.034515637591840155,-1.2441005653243185,-1.1574044830195893,0.2134625530230555,0.247107143326584,0.225,0.226,0.268,True,999,0.00011670798994600773,0.002794542000629008,strong_5x5_mild_500,strong_null,True,1621,2969104037,0.0,0,2
500,500,0.12071690467951157,0.1407719215853276,0.10267538634496987,0.1234645979357083,-0.020055016905816014,-0.020789211590738432,0.03170797772563665,-0.632491200774405,-0.6556460891521902,0.527065956429765,0.5120518635644878,0.494,0.498,0.492,True,999,0.0001115420600399375,0.0027273749001324177,strong_5x5_mild_500,strong_null,True,1622,2969104037,0.0,0,1
500,500,0.12935138614370056,0.13248473779658265,0.11271674859290215,0.11596549602012374,-0.003133351652882088,-0.0032487474272215877,0.031881699563786586,-0.09828057147998355,-0.101900070312178,0.9217095051988305,0.9188359941532694,0.922,0.923,0.922,True,999,0.0001093749888241291,0.0027379579842090607,strong_5x5_mild_500,strong_null,True,1623,2969104037,0.0,1,1
500,500,0.10183832370669688,0.12513349452475264,0.08516956460658776,0.10662001722869263,-0.023295170818055766,-0.021450452622104876,0.02963703883182806,-0.7860154636312188,-0.7237717892068429,0.43185842780524897,0.469205851399519,0.424,0.417,0.456,True,999,0.00011333299335092306,0.00284416601061821,strong_5x5_mild_500,strong_null,True,1624,2969104037,0.0,1,1
500,500,0.11262334673257057,0.08413933688426867,0.09423132884376173,0.06536962068088314,0.028484009848301906,0.028861708162878585,0.028377877823173338,1.0037399563769318,1.0170495603201926,0.31550397245738915,0.3091298534067942,0.325,0.309,0.302,True,999,0.00010979105718433857,0.0027778330259025097,strong_5x5_mild_500,strong_null,True,1625,2969104037,0.0,0,0
500,500,0.13879244771521493,0.09438522474477606,0.11821562023442311,0.07484144713168916,0.044407222970438864,0.04337417310273395,0.03096406653152174,1.4341534541411687,1.400790592494645,0.15152847648876022,0.1612767026418932,0.148,0.156,0.164,True,999,0.00011262495536357164,0.0028488750103861094,strong_5x5_mild_500,strong_null,True,1626,2969104037,0.0,0,0
500,500,0.10227467211919583,0.09916930280363134,0.08447972303429196,0.08281012864233617,0.003105369315564488,0.0016695943919557976,0.028415673270961995,0.10928367897366936,0.05875610885707775,0.9129774913492943,0.9531463680851222,0.901,0.901,0.95,True,999,0.00011320796329528093,0.002795542008243501,strong_5x5_mild_500,strong_null,True,1627,2969104037,0.0,0,2
500,500,0.08386997049057354,0.09709585932604703,0.06814889202831864,0.07758121924280204,-0.013225888835473487,-0.009432327214483394,0.027983309682844088,-0.47263490221036897,-0.33706975055442184,0.636473677314769,0.7360643200008863,0.63,0.635,0.736,True,999,0.00011583406012505293,0.0027199590113013983,strong_5x5_mild_500,strong_null,True,1628,2969104037,0.0,2,0
500,500,0.16122799594454973,0.11165886759005028,0.14458609218138463,0.09188705844803735,0.04956912835449945,0.05269903373334728,0.032221074624311265,1.538407049810152,1.6355455039226128,0.12394911960542968,0.10193474378115869,0.131,0.134,0.109,True,999,0.00011424999684095383,0.002791707986034453,strong_5x5_mild_500,strong_null,True,1629,2969104037,0.0,1,0
500,500,0.108376400363844,0.09842846976045116,0.08872600707292122,0.0799734005930759,0.00994793060339283,0.008752606479845326,0.028963015109583316,0.3434701313297056,0.30219942387659954,0.731244807382206,0.7625000434022902,0.738,0.732,0.764,True,999,0.00011954200454056263,0.002778458991087973,strong_5x5_mild_500,strong_null,True,1630,2969104037,0.0,0,0
500,500,0.12925662482930989,0.1627679339072019,0.11100170185591196,0.1430470922606446,-0.033511309077892015,-0.03204539040473264,0.03318352429994833,-1.0098779374662201,-0.9657018379082339,0.312553774075255,0.33419339957169003,0.307,0.309,0.34,True,999,0.0001116669736802578,0.0027727920096367598,strong_5x5_mild_500,strong_null,True,1631,2969104037,0.0,1,0
500,500,0.10987981348416809,0.1253441432628678,0.09111114505276419,0.10769128839746145,-0.015464329778699715,-0.016580143344697262,0.03107730012521311,-0.4976085347309001,-0.5335129910865629,0.6187599869991589,0.5936785206353852,0.639,0.633,0.609,True,999,0.0001163750421255827,0.002830041106790304,strong_5x5_mild_500,strong_null,True,1632,2969104037,0.0,0,1
500,500,0.10881866877998592,0.09292650401958968,0.09044336069047176,0.07638934827417643,0.015892164760396232,0.014054012416295336,0.027661289388885357,0.5745272585442781,0.5080751015873617,0.5656110601746731,0.6114006756762222,0.586,0.58,0.623,True,999,0.00011745898518711329,0.002883458975702524,strong_5x5_mild_500,strong_null,True,1633,2969104037,0.0,1,2
500,500,0.11884332621971294,0.15949447265616046,0.10007689239279216,0.14337891453169505,-0.040651146436447516,-0.043302022138902885,0.032352862349809136,-1.2564930421585196,-1.3384293998691075,0.2089372670017836,0.18075650040219016,0.208,0.194,0.171,True,999,0.0001171668991446495,0.0028672500047832727,strong_5x5_mild_500,strong_null,True,1634,2969104037,0.0,0,2
500,500,0.14616916620553844,0.13090197189665853,0.12823076725953797,0.11388238628762792,0.015267194308879906,0.014348380971910046,0.031677534007556636,0.48195652809457756,0.45295132406731087,0.6298368282239089,0.6505837923706015,0.638,0.639,0.656,True,999,0.000120542012155056,0.0029405829263851047,strong_5x5_mild_500,strong_null,True,1635,2969104037,0.0,0,3
500,500,0.13012177973446148,0.16407221147034234,0.11044093648899889,0.14657143318095223,-0.03395043173588086,-0.03613049669195334,0.0348847747020145,-0.9732163107225202,-1.0357096183243202,0.3304458059726971,0.3003376337899778,0.341,0.341,0.313,True,999,0.00011870800517499447,0.002718999981880188,strong_5x5_mild_500,strong_null,True,1636,2969104037,0.0,0,1
500,500,0.14411712112139075,0.14205527984221877,0.12761349258011023,0.12385674781046419,0.002061841279171972,0.0037567447696460476,0.03296170029362854,0.06255263717601739,0.11397302736753001,0.9501227455684573,0.9092591751340646,0.939,0.938,0.901,True,999,0.000120542012155056,0.002778999973088503,strong_5x5_mild_500,strong_null,True,1637,2969104037,0.0,2,0
500,500,0.10169646093756524,0.11500329767326578,0.08167813302611648,0.09696703867734868,-0.013306836735700545,-0.015288905651232199,0.03084581186849197,-0.43139849236041866,-0.49565580301192647,0.6661786459560243,0.620137274582748,0.666,0.666,0.633,True,999,0.00011549994815140963,0.002852999954484403,strong_5x5_mild_500,strong_null,True,1638,2969104037,0.0,0,0
500,500,0.09542413200430655,0.13641439996037508,0.07656999538539822,0.11792168276531356,-0.04099026795606853,-0.04135168737991535,0.030581187204106523,-1.3403752994443672,-1.3521936576210662,0.18012336196322254,0.17631337210464015,0.183,0.18,0.177,True,999,0.00011620798613876104,0.0026527080917730927,strong_5x5_mild_500,strong_null,True,1639,2969104037,0.0,0,0
500,500,0.12215672885179729,0.09482380250110511,0.10367770417576594,0.07621955510103362,0.027332926350692177,0.02745814907473232,0.029791860485653607,0.9174628876855294,0.9216661405874569,0.35890013172672286,0.3567027471775598,0.344,0.349,0.361,True,999,0.00011300004553049803,0.0027175829745829105,strong_5x5_mild_500,strong_null,True,1640,2969104037,0.0,0,1
500,500,0.13249882402227198,0.1342974155925063,0.11379058753851723,0.11480337737225454,-0.0017985915702343203,-0.0010127898337373153,0.032443844500266016,-0.05543706665896433,-0.031216702253920963,0.9557902663048614,0.9750967199331915,0.964,0.964,0.975,True,999,0.00011904106941074133,0.0027929169591516256,strong_5x5_mild_500,strong_null,True,1641,2969104037,0.0,0,0
500,500,0.10070113995417262,0.1233011035892615,0.08016262429111976,0.10416931020944276,-0.02259996363508887,-0.024006685918323,0.029908119607678803,-0.7556464241665802,-0.8026812194558487,0.44986121393569567,0.422159010639217,0.452,0.454,0.426,True,999,0.00010954099707305431,0.002761000068858266,strong_5x5_mild_500,strong_null,True,1642,2969104037,0.0,0,1
500,500,0.14643308721900983,0.0996734918387816,0.12828896807025103,0.07920098669529807,0.046759595380228225,0.04908798137495296,0.03083129406195618,1.5166277252671836,1.5921479415138904,0.1293607013141968,0.11135146714683324,0.132,0.136,0.121,True,999,0.00010962493252009153,0.002803790965117514,strong_5x5_mild_500,strong_null,True,1643,2969104037,0.0,1,0
500,500,0.128721082491995,0.12301239504104,0.11111525044043447,0.10275529125038929,0.005708687450954986,0.008359959190045174,0.032077533159219664,0.17796528874646975,0.2606172721745709,0.858750236101534,0.7943876686089699,0.839,0.844,0.769,True,999,0.00011595792602747679,0.0028145420365035534,strong_5x5_mild_500,strong_null,True,1644,2969104037,0.0,1,0
500,500,0.1117084608868657,0.12747708477431585,0.09223464977009144,0.10787379390950491,-0.01576862388745015,-0.015639144139413474,0.031544177449674714,-0.4998901592094854,-0.4957854477062849,0.6171524218433002,0.6200457930827554,0.63,0.629,0.643,True,999,0.00011391600128263235,0.0027292079757899046,strong_5x5_mild_500,strong_null,True,1645,2969104037,0.0,1,0
500,500,0.14780630119232585,0.1256396793431367,0.12709723218870295,0.10700161886802562,0.02216662184918916,0.02009561332067733,0.03277177769584187,0.6763936352467597,0.6131987561732756,0.49879075718972377,0.5397449271157772,0.495,0.501,0.538,True,999,0.00011658400762826204,0.0027506250189617276,strong_5x5_mild_500,strong_null,True,1646,2969104037,0.0,0,0
500,500,0.12597315125357644,0.09861541712032773,0.10858879819079448,0.08002669697179954,0.027357734133248712,0.02856210121899494,0.030026497144231612,0.9111197354069123,0.9512298781238957,0.36223228898922255,0.3414876943560601,0.367,0.369,0.349,True,999,0.00011887494474649429,0.0027381250401958823,strong_5x5_mild_500,strong_null,True,1647,2969104037,0.0,1,0
500,500,0.11322780066692562,0.09576749661023976,0.0946577340218937,0.07602500038797189,0.01746030405668586,0.018632733633921816,0.02946905115071259,0.592496309683987,0.6322814242857377,0.5535182911782837,0.5272029994710352,0.531,0.537,0.499,True,999,0.00011495803482830524,0.0026938329683616757,strong_5x5_mild_500,strong_null,True,1648,2969104037,0.0,0,0
500,500,0.13493656348824978,0.100909357782212,0.11666131052265882,0.08334678117239491,0.03402720570603779,0.03331452935026391,0.030069504334141847,1.1316184439861965,1.1079174761267203,0.25779488247249127,0.2678974573746584,0.263,0.259,0.27,True,999,0.00011149991769343615,0.002718792064115405,strong_5x5_mild_500,strong_null,True,1649,2969104037,0.0,1,0
500,500,0.09796614204934462,0.1616985885074247,0.07981195605901803,0.1462931938527845,-0.06373244645808007,-0.06648123779376647,0.0315764062759057,-2.0183565508121473,-2.105408614674901,0.04355414103858162,0.03525575455937401,0.047,0.045,0.037,True,999,0.00011858402285724878,0.002772000036202371,strong_5x5_mild_500,strong_null,True,1650,2969104037,0.0,2,2
500,500,0.12393634349723248,0.13478222417888375,0.10461275261667424,0.11782976526399125,-0.010845880681651265,-0.013217012647317006,0.0318688468625176,-0.34032862024912486,-0.4147314367644138,0.7336090662853567,0.6783385163072191,0.711,0.713,0.659,True,999,0.00012141698971390724,0.002699292032048106,strong_5x5_mild_500,strong_null,True,1651,2969104037,0.0,0,1
500,500,0.11974970254436634,0.08934733252470783,0.10136692155703031,0.06879495609513242,0.03040237001965851,0.03257196546189789,0.0291003353194189,1.0447429449161967,1.1192986302175818,0.2961417908420567,0.2630127600043446,0.295,0.302,0.282,True,999,0.00011620810255408287,0.0027732920134440064,strong_5x5_mild_500,strong_null,True,1652,2969104037,0.0,1,0
500,500,0.10282510636386522,0.10285362495574879,0.08274287746121445,0.08545140825384578,-2.8518591883575084e-05,-0.0027085307926313362,0.028815814183350028,-0.0009896854450169698,-0.09399459530788977,0.9992103453922778,0.9251134500490658,1.0,1.0,0.917,True,999,0.00011270795948803425,0.0027470840141177177,strong_5x5_mild_500,strong_null,True,1653,2969104037,0.0,0,1
500,500,0.12327129503963707,0.12707831585042695,0.10474577847213595,0.1062473896507754,-0.003807020810789874,-0.0015016111786394504,0.03240955185466412,-0.11746601211463523,-0.04633236477237345,0.9064907759499339,0.9630453436417992,0.913,0.914,0.958,True,999,0.0001141249667853117,0.0027210420230403543,strong_5x5_mild_500,strong_null,True,1654,2969104037,0.0,0,0
500,500,0.09342300806965387,0.11573226586040164,0.07598836071827009,0.09598145053212193,-0.022309257790747772,-0.01999308981385184,0.02967076519698491,-0.7518935774873375,-0.6738312841316105,0.45211506075392094,0.5004185830936319,0.41,0.434,0.496,True,999,0.00011324998922646046,0.002721249940805137,strong_5x5_mild_500,strong_null,True,1655,2969104037,0.0,1,0
500,500,0.10547776589284674,0.13819520099265648,0.08793071820844034,0.12009807589322463,-0.03271743509980973,-0.03216735768478429,0.03090630139003516,-1.058600791046402,-1.0408025625206554,0.28978162650315953,0.29796719052834064,0.284,0.294,0.318,True,999,0.00011204206384718418,0.002779458067379892,strong_5x5_mild_500,strong_null,True,1656,2969104037,0.0,1,2
500,500,0.12419141741857609,0.10845881604135899,0.10656523496766113,0.08864649921150658,0.015732601377217104,0.017918735756154547,0.0309262927693246,0.5087128125755206,0.5794013491952684,0.6109535402073353,0.5623183939574414,0.599,0.601,0.553,True,999,0.00011387502308934927,0.002727749990299344,strong_5x5_mild_500,strong_null,True,1657,2969104037,0.0,1,0
500,500,0.09044728929882173,0.0947430078968381,0.07186015852687433,0.07833794877552691,-0.004295718598016363,-0.006477790248652582,0.027750449333099763,-0.1547981636784735,-0.23343010309119935,0.8769804389329688,0.815427439853265,0.87,0.87,0.801,True,999,0.0001193750649690628,0.0027267499826848507,strong_5x5_mild_500,strong_null,True,1658,2969104037,0.0,0,2
500,500,0.12712487796785332,0.11502082652516399,0.1101193864839729,0.09640662735921524,0.012104051442689334,0.013712759124757667,0.030646805501468886,0.3949531197341006,0.44744497510843084,0.6928774861921465,0.6545538088106955,0.662,0.664,0.623,True,999,0.00011875003110617399,0.002830791985616088,strong_5x5_mild_500,strong_null,True,1659,2969104037,0.0,1,0
500,500,0.13570040983908793,0.10871191774584199,0.11627484129508048,0.08899384411711253,0.02698849209324594,0.027280997177967947,0.03233844462521647,0.8345637029246976,0.8436088220734992,0.4039634060167868,0.39888803285201346,0.393,0.39,0.387,True,999,0.00011841708328574896,0.0027482500299811363,strong_5x5_mild_500,strong_null,True,1660,2969104037,0.0,0,0
500,500,0.08238480995666664,0.12520377388035264,0.06537238139128476,0.10864667555409824,-0.042818963923686004,-0.043274294162813476,0.028740703179168638,-1.489837032057077,-1.5056797286079917,0.13626709141533377,0.13214941027442698,0.118,0.11,0.113,True,999,0.0001153330085799098,0.0027849170146510005,strong_5x5_mild_500,strong_null,True,1661,2969104037,0.0,1,2
500,500,0.09701103945639611,0.11246567716676115,0.07952159890754729,0.09412593811566694,-0.015454637710365038,-0.014604339208119654,0.028957735421346192,-0.5336963504049648,-0.5043329181519515,0.5935516345916425,0.6140274489764419,0.589,0.59,0.615,True,999,0.0001408749958500266,0.0027747079730033875,strong_5x5_mild_500,strong_null,True,1662,2969104037,0.0,1,1
500,500,0.11421393803695312,0.09993855158702614,0.09643335677600362,0.08233242529257723,0.014275386449926986,0.014100931483426393,0.029323100460831444,0.4868307315931834,0.4808813277525622,0.6263782900676622,0.6306008442810394,0.634,0.634,0.638,True,999,0.00011754198931157589,0.0027489999774843454,strong_5x5_mild_500,strong_null,True,1663,2969104037,0.0,0,1
500,500,0.09647276726314669,0.09102222459873044,0.0759802708257098,0.07238557621053587,0.005450542664416247,0.003594694615173921,0.028180307152367273,0.19341672306642607,0.12756051932783674,0.8466326195994264,0.8984967768252601,0.842,0.841,0.899,True,999,0.00011937494855374098,0.002823416027240455,strong_5x5_mild_500,strong_null,True,1664,2969104037,0.0,0,0
500,500,0.13516134662125467,0.10263679643919954,0.11756963468610593,0.08305215493402329,0.032524550182055134,0.034517479752082636,0.031052508317903394,1.0474049261683325,1.1115842687716633,0.2949128606688186,0.26631693941027657,0.28,0.278,0.246,True,999,0.00011441693641245365,0.0026816671015694737,strong_5x5_mild_500,strong_null,True,1665,2969104037,0.0,1,0
500,500,0.11395844327097282,0.0956557133274738,0.09538953942819717,0.0768554798331138,0.01830272994349902,0.018534059595083363,0.029277551755561095,0.6251455072578781,0.6330467707759386,0.5318755628347178,0.5267031008288625,0.534,0.534,0.538,True,999,0.00011133297812193632,0.0027349579613655806,strong_5x5_mild_500,strong_null,True,1666,2969104037,0.0,0,0
500,500,0.12687398384409088,0.1370446056406649,0.10636379462204104,0.11888804717216317,-0.01017062179657402,-0.012524252550122128,0.032289775721710906,-0.3149796357902705,-0.38787053394431315,0.7527771157551438,0.6981118448894912,0.756,0.758,0.697,True,999,0.00011620798613876104,0.002921417006291449,strong_5x5_mild_500,strong_null,True,1667,2969104037,0.0,0,1
500,500,0.12615689009490638,0.10863177835955384,0.10469430645650846,0.09218878463047986,0.01752511173535254,0.012505521826028598,0.030489599071132027,0.5747898388059014,0.4101569783470521,0.5654334396811231,0.6816907976925479,0.58,0.576,0.695,True,999,0.00013124989345669746,0.0028166670817881823,strong_5x5_mild_500,strong_null,True,1668,2969104037,0.0,0,2
500,500,0.13358279572522336,0.10706102144621499,0.11535134081896103,0.08886875215739565,0.02652177427900837,0.026482588661565387,0.030448967256157068,0.8710237708848867,0.8697368432491043,0.38374117400427044,0.38444423290289065,0.379,0.373,0.374,True,999,0.00011583301238715649,0.002725499914959073,strong_5x5_mild_500,strong_null,True,1669,2969104037,0.0,1,0
500,500,0.12874557307857382,0.09276464862713629,0.11215105323816488,0.07447516065252557,0.035980924451437524,0.0376758925856393,0.029084895383432636,1.237100012810533,1.2953765894272489,0.21604995502965296,0.19519034988694894,0.234,0.232,0.212,True,999,0.00011812499724328518,0.002772500040009618,strong_5x5_mild_500,strong_null,True,1670,2969104037,0.0,1,1
500,500,0.10561014952399572,0.1124299560706159,0.08777219411496162,0.09364060861571488,-0.006819806546620177,-0.005868414500753261,0.029686734254899722,-0.22972572489998913,-0.19767800831055352,0.8183049038690345,0.8432969969986099,0.813,0.811,0.848,True,999,0.00011737493332475424,0.0027220830088481307,strong_5x5_mild_500,strong_null,True,1671,2969104037,0.0,1,0
500,500,0.11766180613947963,0.14192106080947187,0.09863775936014463,0.12524723029741835,-0.024259254669992236,-0.026609470937273727,0.031571967653581834,-0.7683795617736872,-0.8428195299463664,0.44226171915058987,0.3993293836717102,0.443,0.44,0.415,True,999,0.00011370796710252762,0.002681290963664651,strong_5x5_mild_500,strong_null,True,1672,2969104037,0.0,1,1
500,500,0.12319432734727265,0.09516047173380793,0.10394945301476355,0.07672270343186938,0.02803385561346472,0.027226749582894172,0.02991044863175749,0.937259616483977,0.9102755334129662,0.3486250303467847,0.3626772182686536,0.326,0.335,0.352,True,999,0.0001192920608446002,0.0027645420050248504,strong_5x5_mild_500,strong_null,True,1673,2969104037,0.0,1,0
500,500,0.11072343373121751,0.1589860876043271,0.0911295837690318,0.14057692278862532,-0.04826265387310957,-0.04944733901959353,0.032050604545182354,-1.5058266312909256,-1.5427895891912635,0.1321116849095843,0.1228818362719447,0.106,0.109,0.105,True,999,0.00011354195885360241,0.0027301249792799354,strong_5x5_mild_500,strong_null,True,1674,2969104037,0.0,0,1
500,500,0.11010132649292115,0.10119902737879505,0.09006788783455022,0.08153401097519009,0.0089022991141261,0.008533876859360134,0.02913438297940867,0.3055598987772621,0.2929142815686754,0.7599397570734016,0.7695876722907312,0.79,0.783,0.795,True,999,0.00011233310215175152,0.0028118330519646406,strong_5x5_mild_500,strong_null,True,1675,2969104037,0.0,1,0
500,500,0.13235570295446863,0.1266511219283536,0.11303973695487457,0.106425238133113,0.005704581026115041,0.006614498821761572,0.032328425690082443,0.1764571241668927,0.2046031837483115,0.8599348300436612,0.837882167755045,0.864,0.869,0.845,True,999,0.00011441693641245365,0.002859208034351468,strong_5x5_mild_500,strong_null,True,1676,2969104037,0.0,0,1
500,500,0.12458132297849356,0.10477303256759418,0.1078816593751526,0.08622193032454106,0.019808290410899376,0.02165972905061153,0.029876615285905492,0.6630031622171096,0.7249726531381774,0.5073285288204527,0.4684688074076159,0.504,0.51,0.479,True,999,0.00011258304584771395,0.002814625040628016,strong_5x5_mild_500,strong_null,True,1677,2969104037,0.0,1,0
500,500,0.11087993001893559,0.109365305462783,0.09331035433757506,0.09179224521938067,0.0015146245561525884,0.0015181091181943884,0.02974700214114439,0.05091688059744496,0.051034020537303985,0.9593917541853542,0.9592984113902242,0.957,0.957,0.963,True,999,0.00011787493713200092,0.002870999975129962,strong_5x5_mild_500,strong_null,True,1678,2969104037,0.0,1,1
500,500,0.11254240172627517,0.08245259514699432,0.09192188875698548,0.06444569576609638,0.030089806579280842,0.027476192990889103,0.028669214760104828,1.0495511241261084,0.9583866604230857,0.29392453848087563,0.3378678192516754,0.269,0.276,0.305,True,999,0.00011362496297806501,0.002778958063572645,strong_5x5_mild_500,strong_null,True,1679,2969104037,0.0,0,0
500,500,0.11774308664745892,0.10526142356365698,0.09990256959315502,0.08473265376414929,0.012481663083801942,0.015169915829005731,0.029903871611442947,0.41739287962384564,0.5072893579171482,0.6763910621724538,0.6119518045238042,0.658,0.657,0.574,True,999,0.0001177910016849637,0.002697541960515082,strong_5x5_mild_500,strong_null,True,1680,2969104037,0.0,0,0
500,500,0.13214828993396655,0.11317186808197421,0.1130563487689642,0.09369445868742332,0.01897642185199233,0.019361890081540878,0.03078560531107852,0.6164056759723178,0.6289267300706054,0.537626808158159,0.5293970255254199,0.528,0.537,0.526,True,999,0.00011250004172325134,0.002702249912545085,strong_5x5_mild_500,strong_null,True,1681,2969104037,0.0,0,0
500,500,0.13406597927578456,0.10405909990087014,0.1177264552034103,0.08555783585535437,0.03000687937491442,0.03216861934805593,0.03008554791417923,0.9973851717944703,1.069238274796217,0.3185775860446558,0.2849623160932554,0.3,0.3,0.271,True,999,0.00011329096741974354,0.002715375041589141,strong_5x5_mild_500,strong_null,True,1682,2969104037,0.0,1,1
500,500,0.10706374018546405,0.10895315526349658,0.08723910169993587,0.09239146291838551,-0.0018894150780325303,-0.0051523612184496415,0.029670811556809118,-0.06367925172572271,-0.1736508355554984,0.9492256259343352,0.8621398779013436,0.955,0.955,0.858,True,999,0.00011549994815140963,0.00275237497407943,strong_5x5_mild_500,strong_null,True,1683,2969104037,0.0,0,1
500,500,0.1233636195540675,0.15384078792555278,0.10606211547508337,0.1365015518634891,-0.030477168371485286,-0.03043943638840574,0.03172964460003105,-0.9605266228369751,-0.9593374515255665,0.33679023861837076,0.3373887741262037,0.318,0.317,0.324,True,999,0.00012012501247227192,0.0027811250183731318,strong_5x5_mild_500,strong_null,True,1684,2969104037,0.0,1,1
500,500,0.12019073238632383,0.11338739552484944,0.10051519907352713,0.09499567084662885,0.006803336861474385,0.005519528226898274,0.03142496966047056,0.21649461988287286,0.17564148148856557,0.8286022184395364,0.860575611403753,0.812,0.812,0.858,True,999,0.00011825002729892731,0.0026684170588850975,strong_5x5_mild_500,strong_null,True,1685,2969104037,0.0,0,0
500,500,0.1297094424065035,0.11581504655892505,0.11117068900608729,0.09907969983754583,0.013894395847578456,0.012090989168541455,0.031080395229898583,0.4470469485604348,0.3890230185010716,0.6548411622268762,0.6972591186765429,0.649,0.637,0.681,True,999,0.00010974996257573366,0.002717000083066523,strong_5x5_mild_500,strong_null,True,1686,2969104037,0.0,0,1
500,500,0.1417335649422714,0.1115810454060795,0.12094238635745569,0.09438025727820332,0.030152519536191913,0.026562129079252372,0.032176144989046175,0.937107896127918,0.8255224200504753,0.34870306016311814,0.409075059456113,0.338,0.341,0.402,True,999,0.00011687504593282938,0.0027982089668512344,strong_5x5_mild_500,strong_null,True,1687,2969104037,0.0,0,1
500,500,0.08572329786229926,0.09705043040834349,0.06431158333759868,0.07923407071666588,-0.011327132546044227,-0.014922487379067206,0.027577311609179655,-0.41074099994118957,-0.5411146521657303,0.6812624597764777,0.5884285596261453,0.678,0.676,0.56,True,999,0.0001247919863089919,0.002681541023775935,strong_5x5_mild_500,strong_null,True,1688,2969104037,0.0,0,0
500,500,0.12858437582868731,0.10045106114795654,0.10915497964987253,0.08078015061562382,0.02813331468073077,0.028374829034248705,0.031157148606878654,0.9029489519628152,0.9107004428506758,0.3665529884481329,0.3624532307082774,0.349,0.344,0.341,True,999,0.00011254195123910904,0.00274637492839247,strong_5x5_mild_500,strong_null,True,1689,2969104037,0.0,0,0
500,500,0.10647886909015514,0.1005823523360645,0.08688681712180824,0.08199087742320899,0.005896516754090642,0.00489593969859925,0.02969494227177882,0.19856973285630913,0.16487453162191204,0.8425993317779387,0.8690427388554498,0.85,0.848,0.872,True,999,0.00011266593355685472,0.0027551669627428055,strong_5x5_mild_500,strong_null,True,1690,2969104037,0.0,0,0
500,500,0.15806401704202,0.1095039887982805,0.1436427473450408,0.08988674839383748,0.048560028243739506,0.05375599895120331,0.031610550197615175,1.5361968690884433,1.7005714426083882,0.12449010367560805,0.08902349041524371,0.102,0.102,0.078,True,999,0.00011554104276001453,0.0027054999954998493,strong_5x5_mild_500,strong_null,True,1691,2969104037,0.0,3,0
500,500,0.13501818452858327,0.12196855762259418,0.11452939955938746,0.10545928055290688,0.013049626905989098,0.009070119006480581,0.031774875333546795,0.4106901055945847,0.2854493970871593,0.6812997830416491,0.775299867545802,0.664,0.657,0.748,True,999,0.00011216592974960804,0.0027435420779511333,strong_5x5_mild_500,strong_null,True,1692,2969104037,0.0,0,1
500,500,0.12283059653177553,0.07816439488579574,0.10515122525890774,0.05829549747556939,0.044666201645979786,0.04685572778333835,0.029129672322910003,1.5333575040200695,1.608522308934011,0.12518779329688204,0.10772083426681839,0.118,0.117,0.099,True,999,0.00011675001587718725,0.002810667036101222,strong_5x5_mild_500,strong_null,True,1693,2969104037,0.0,0,0
500,500,0.15003474558388552,0.11908006200454369,0.13094689569572893,0.10154411940567343,0.030954683579341835,0.0294027762900555,0.03202861332916624,0.9664696770107605,0.9180158999665597,0.3338092131109359,0.35861054174768514,0.327,0.326,0.362,True,999,0.00011766701936721802,0.0027609580429270864,strong_5x5_mild_500,strong_null,True,1694,2969104037,0.0,1,2
500,500,0.13068244977531185,0.09868867185889285,0.1129216086519591,0.0792773674126579,0.031993777916419,0.03364424123930121,0.030680784557552892,1.042795299331512,1.096589990265382,0.2970431089001301,0.2728206651248858,0.304,0.309,0.29,True,999,0.00011554104276001453,0.0027630419936031103,strong_5x5_mild_500,strong_null,True,1695,2969104037,0.0,1,1
500,500,0.1150137749530592,0.12823215104947505,0.09716852638428009,0.1139996803883605,-0.013218376096415851,-0.016831154004080418,0.03149643141085022,-0.41967853195782195,-0.5343828887955302,0.6747203100993483,0.593076655102916,0.66,0.655,0.582,True,999,0.00011945900041610003,0.0027944169705733657,strong_5x5_mild_500,strong_null,True,1696,2969104037,0.0,1,3
500,500,0.13317990897467435,0.10141434587202336,0.11384388784551902,0.08377030840495081,0.031765563102650995,0.03007357944056821,0.030611697164417043,1.0376936284204197,0.982421173156177,0.29941271225371247,0.32589239955421734,0.28,0.275,0.295,True,999,0.00011237501166760921,0.0027075419202446938,strong_5x5_mild_500,strong_null,True,1697,2969104037,0.0,0,0
500,500,0.0900938867728247,0.09689157133377457,0.07146620799892389,0.07694519156393653,-0.006797684560949868,-0.005478983565012641,0.02800269479918248,-0.2427510855543918,-0.1956591536744741,0.8081982302770641,0.844876957041619,0.805,0.806,0.844,True,999,0.00011374999303370714,0.002713249996304512,strong_5x5_mild_500,strong_null,True,1698,2969104037,0.0,0,1
500,500,0.0946759525141666,0.12605886721903214,0.07354104408830153,0.10717394724883889,-0.03138291470486554,-0.03363290316053735,0.029969949216773522,-1.0471460754862143,-1.1222208925770805,0.29503221146680203,0.26176853156043645,0.269,0.279,0.246,True,999,0.00011137500405311584,0.0027229159604758024,strong_5x5_mild_500,strong_null,True,1699,2969104037,0.0,0,0
500,500,0.11209797758137108,0.15749452455359436,0.09461873489976824,0.1380678694146127,-0.045396546972223284,-0.043449134514844445,0.03216744862924123,-1.411257308450518,-1.350717460238603,0.15816875761323557,0.1767859569901582,0.151,0.152,0.174,True,999,0.00011358410120010376,0.0027417080709710717,strong_5x5_mild_500,strong_null,True,1700,2969104037,0.0,1,0
500,500,0.0948706605210321,0.13140082888224236,0.07464573286785026,0.11381849305718106,-0.03653016836121026,-0.0391727601893308,0.030096501102208233,-1.213767947215963,-1.3015719022054901,0.22483634936625607,0.1930627701422276,0.198,0.198,0.179,True,999,0.00011904200073331594,0.0027293749153614044,strong_5x5_mild_500,strong_null,True,1701,2969104037,0.0,0,1
500,500,0.0968974481022149,0.10948938003077147,0.08078692101344132,0.08980845342227894,-0.012591931928556566,-0.00902153240883763,0.028334674533345514,-0.44440009055822455,-0.3183919546427359,0.6567533479826252,0.7501876402695739,0.646,0.643,0.746,True,999,0.0001134589547291398,0.0026866249972954392,strong_5x5_mild_500,strong_null,True,1702,2969104037,0.0,1,0
500,500,0.16318035090523209,0.16679796084910115,0.14773538419518673,0.14802175991655986,-0.00361760994386906,-0.0002863757213731333,0.035240705279660875,-0.10265430033708657,-0.008126276676375561,0.9182373449993262,0.9935162406638439,0.911,0.912,0.993,True,999,0.0001139170490205288,0.0027325829723849893,strong_5x5_mild_500,strong_null,True,1703,2969104037,0.0,2,0
500,500,0.10752883450119088,0.12281648226024022,0.08916846837996673,0.10614774871419286,-0.015287647759049339,-0.016979280334226132,0.030590677772140362,-0.4997485793849312,-0.5550475363997837,0.6172521215400077,0.5788621461873203,0.592,0.601,0.565,True,999,0.00011508294846862555,0.002756749978289008,strong_5x5_mild_500,strong_null,True,1704,2969104037,0.0,0,1
500,500,0.12016840859424316,0.1197992244602506,0.10234553804457391,0.1002338577975479,0.00036918413399256167,0.0021116802470260154,0.03155007705016284,0.011701528760312684,0.06693106465852883,0.9906637439271923,0.9466365824586536,0.986,0.987,0.942,True,999,0.00011270795948803425,0.002769417013041675,strong_5x5_mild_500,strong_null,True,1705,2969104037,0.0,2,0
500,500,0.11021651973471547,0.12572125531391487,0.0888191836140777,0.10703403963827895,-0.015504735579199402,-0.018214856024201254,0.03132910534425167,-0.49489876614188866,-0.5814036444402761,0.6206715816963472,0.5609684418005649,0.617,0.618,0.567,True,999,0.00011316698510199785,0.0027382089756429195,strong_5x5_mild_500,strong_null,True,1706,2969104037,0.0,0,0
500,500,0.09709760229858033,0.12102585564213653,0.07664305713296926,0.10177178550611643,-0.023928253343556194,-0.02512872837314717,0.029848206617428506,-0.8016646912911805,-0.8418840265758006,0.4227469455507019,0.3998528722050647,0.435,0.437,0.424,True,999,0.00012137496378272772,0.002837750012986362,strong_5x5_mild_500,strong_null,True,1707,2969104037,0.0,0,1
500,500,0.12407082437189887,0.13794370960269675,0.10544826325724443,0.12091488730999345,-0.013872885230797882,-0.015466624052749012,0.031646469669737,-0.43837070534487754,-0.48873141978106616,0.661117578739012,0.625031856401059,0.662,0.668,0.631,True,999,0.00011900009121745825,0.0027353749610483646,strong_5x5_mild_500,strong_null,True,1708,2969104037,0.0,0,2
500,500,0.13994478211267447,0.10991376642261863,0.12313566854987812,0.0901610583822503,0.03003101569005584,0.032974610167627816,0.031155647922232896,0.9639027814480304,1.0583830658869686,0.3350946692360287,0.28988083658068853,0.309,0.313,0.277,True,999,0.00011566700413823128,0.002714499947614968,strong_5x5_mild_500,strong_null,True,1709,2969104037,0.0,1,0
500,500,0.0993313172330712,0.11508632569208876,0.07926255032032259,0.09637424666112793,-0.01575500845901756,-0.017111696340805338,0.030524157143229324,-0.5161488451618799,-0.5605952118681498,0.6057504551844519,0.5750735163744047,0.607,0.608,0.584,True,999,0.00011245801579207182,0.0028060419717803597,strong_5x5_mild_500,strong_null,True,1710,2969104037,0.0,0,1
500,500,0.13401382827612096,0.15360796297523605,0.11658964038372233,0.1392639081436755,-0.019594134699115084,-0.02267426775995318,0.03206343963628688,-0.611105200233726,-0.7071689131658921,0.5411299373620795,0.47946151465053166,0.502,0.504,0.44,True,999,0.00015466695185750723,0.002689792076125741,strong_5x5_mild_500,strong_null,True,1711,2969104037,0.0,0,3
500,500,0.11348787768372748,0.13629280658809984,0.09564756978312516,0.11982103491425278,-0.022804928904372357,-0.024173465131127614,0.030702739589242866,-0.7427652779350798,-0.7873390275438849,0.45762380066989405,0.4310834290786014,0.426,0.437,0.398,True,999,0.00011112506035715342,0.00272833404596895,strong_5x5_mild_500,strong_null,True,1712,2969104037,0.0,0,2
500,500,0.16580830704685257,0.1455762097935256,0.14732674759125075,0.1261133822335978,0.020232097253326975,0.021213365357652947,0.03428347869193607,0.5901413166128276,0.6187635026267801,0.5550959110689406,0.5360721690604169,0.515,0.522,0.501,True,999,0.00010991597082465887,0.0027941670268774033,strong_5x5_mild_500,strong_null,True,1713,2969104037,0.0,0,0
500,500,0.1271890839275761,0.08046010810980198,0.1057584178343518,0.061082284525866726,0.04672897581777413,0.04467613330848508,0.029779590784370393,1.5691611129290435,1.5002265689941257,0.11661040275998631,0.13355572316723424,0.086,0.093,0.118,True,999,0.00011795794125646353,0.0027110830415040255,strong_5x5_mild_500,strong_null,True,1714,2969104037,0.0,0,0
500,500,0.12371823909868462,0.10802225860588943,0.10731087038936948,0.09036793887855765,0.015695980492795192,0.01694293151081183,0.030255368534339452,0.5187833185697427,0.5599975254501304,0.6039118519355962,0.5754811255688472,0.6,0.594,0.567,True,999,0.00011229200754314661,0.002726915990933776,strong_5x5_mild_500,strong_null,True,1715,2969104037,0.0,2,0
500,500,0.11259400265741171,0.08047413492909583,0.09215594199309862,0.06271081397181888,0.032119867728315876,0.029445128021279743,0.028173540126227466,1.1400721238583245,1.0451341183733074,0.2542562544378023,0.2959609872226824,0.242,0.242,0.281,True,999,0.00011895806528627872,0.0027822910342365503,strong_5x5_mild_500,strong_null,True,1716,2969104037,0.0,0,1
500,500,0.13781646035002226,0.13336081915062403,0.11905283544666645,0.11119631439544264,0.00445564119939823,0.007856521051223808,0.03322078213011583,0.1341221041078088,0.23649416261339584,0.8933060210095765,0.8130492363934545,0.894,0.896,0.812,True,999,0.00011504197027534246,0.002692457986995578,strong_5x5_mild_500,strong_null,True,1717,2969104037,0.0,0,0
500,500,0.11083180974678475,0.10479962700355183,0.0911688539234774,0.08545762740089913,0.006032182743232917,0.005711226522578272,0.029851302720844228,0.20207435500028723,0.19132252203486924,0.8398585960305397,0.8482729169668352,0.852,0.849,0.856,True,999,0.00011266698129475117,0.00271445803809911,strong_5x5_mild_500,strong_null,True,1718,2969104037,0.0,0,0
500,500,0.1377558458707311,0.10178713274081486,0.11886709228434711,0.0842521585361169,0.03596871312991623,0.034614933748230214,0.03086091315925596,1.1655103316062543,1.1216432115797044,0.24381248062121397,0.26201417098205626,0.257,0.256,0.27,True,999,0.00011595804244279861,0.0028552080038934946,strong_5x5_mild_500,strong_null,True,1719,2969104037,0.0,0,1
500,500,0.14700381880436564,0.13418254945083885,0.12828890405745597,0.11383978275040363,0.012821269353526787,0.014449121307052337,0.03305703265458727,0.3878530020373017,0.43709674301475016,0.6981248197379617,0.662041189246012,0.693,0.694,0.665,True,999,0.00011729192920029163,0.00279783399309963,strong_5x5_mild_500,strong_null,True,1720,2969104037,0.0,0,0
500,500,0.1040970461963805,0.1158719792018097,0.08559555146206321,0.09787318512485399,-0.0117749330054292,-0.012277633662790777,0.030152020494584274,-0.39051887111658545,-0.4071910758019023,0.6961529037309528,0.6838676555726864,0.682,0.676,0.679,True,999,0.00012683391105383635,0.0028072911081835628,strong_5x5_mild_500,strong_null,True,1721,2969104037,0.0,1,0
500,500,0.13820139709426438,0.08535922138624774,0.11998433901686667,0.06523685235799803,0.05284217570801664,0.05474748665886864,0.029801793578842096,1.7731206535680508,1.8370534147225568,0.07620871630328428,0.06620201039276057,0.07,0.069,0.07,True,999,0.0001177079975605011,0.0028054999420419335,strong_5x5_mild_500,strong_null,True,1722,2969104037,0.0,1,0
500,500,0.10493681196342519,0.15245321217699326,0.08846190040742385,0.13416728598690497,-0.047516400213568066,-0.04570538557948112,0.03177724883183448,-1.4952962248250419,-1.4383053051997825,0.13483714991307968,0.1503474472811355,0.141,0.137,0.157,True,999,0.00011312507558614016,0.002735084039159119,strong_5x5_mild_500,strong_null,True,1723,2969104037,0.0,2,1
500,500,0.08184432441342393,0.12080005358099632,0.061395444304309876,0.10488172467398726,-0.038955729167572395,-0.04348628036967739,0.02858887823674264,-1.3626183176892264,-1.5210908245356929,0.17300283277837114,0.1282370467111972,0.15,0.148,0.119,True,999,0.00011016696225851774,0.0027796250069513917,strong_5x5_mild_500,strong_null,True,1724,2969104037,0.0,0,2
500,500,0.12457811567891963,0.0956291344201795,0.10670613533079631,0.07436448726531353,0.028948981258740125,0.032341648065482786,0.02989466806676589,0.9683660375183395,1.0818533924929985,0.3328615948068636,0.2793176774675018,0.315,0.314,0.269,True,999,0.00010975007899105549,0.002738957991823554,strong_5x5_mild_500,strong_null,True,1725,2969104037,0.0,0,0
500,500,0.13986525487178403,0.08954772579696102,0.1216703732568476,0.07095651371821532,0.05031752907482301,0.05071385953863228,0.03019582668861253,1.6663736215507816,1.6794989606215194,0.09563902136418213,0.09305484125899875,0.099,0.1,0.098,True,999,0.00011258292943239212,0.0027242080541327596,strong_5x5_mild_500,strong_null,True,1726,2969104037,0.0,1,0
500,500,0.13483121734016557,0.13847082395074284,0.11443450709464287,0.12173654936998446,-0.003639606610577273,-0.0073020422753415914,0.03260211360407342,-0.11163713662179645,-0.22397450558019188,0.9111111252927472,0.8227771409127418,0.912,0.909,0.837,True,999,0.0001133340410888195,0.0027848329627886415,strong_5x5_mild_500,strong_null,True,1727,2969104037,0.0,0,1
500,500,0.11364070020642925,0.12213024849609,0.09406751160622662,0.10320610505232253,-0.008489548289660753,-0.00913859344609591,0.030338416322156628,-0.27982832721102524,-0.30122183534747826,0.7796092175774256,0.7632453404150567,0.791,0.788,0.758,True,999,0.00011520797852426767,0.0027587920194491744,strong_5x5_mild_500,strong_null,True,1728,2969104037,0.0,0,0
500,500,0.09254732009338529,0.09878414860412454,0.07478151321390669,0.08199774553702355,-0.006236828510739256,-0.007216232323116856,0.027832143673340755,-0.22408724904338767,-0.2592769140534792,0.8226894139995263,0.7954215904298043,0.815,0.814,0.787,True,999,0.00011150003410875797,0.00272079196292907,strong_5x5_mild_500,strong_null,True,1729,2969104037,0.0,0,1
500,500,0.13361387117782597,0.14622758750965037,0.11827590689307499,0.12679337784675226,-0.012613716331824398,-0.008517470953677275,0.03304531943746984,-0.3817096201987928,-0.2577512064846127,0.7026767635697211,0.7965989238633675,0.693,0.7,0.815,True,999,0.00011937494855374098,0.002798750065267086,strong_5x5_mild_500,strong_null,True,1730,2969104037,0.0,3,0
500,500,0.12233521905971334,0.10712985162129063,0.10384743690497089,0.08917219082195516,0.015205367438422712,0.014675246083015736,0.0303612444615088,0.5008150261330587,0.4833545641260072,0.6165013095486884,0.6288440035436668,0.602,0.601,0.606,True,999,0.00011720799375325441,0.002709750086069107,strong_5x5_mild_500,strong_null,True,1731,2969104037,0.0,0,0
500,500,0.09357795981212069,0.13249193168889262,0.07406659971780982,0.11377766908685771,-0.038913971876771924,-0.03971106936904789,0.03059076590140458,-1.2720823009856443,-1.2981391017484971,0.20334387898418282,0.19423953992294418,0.18,0.18,0.165,True,999,0.00011308304965496063,0.0027230409905314445,strong_5x5_mild_500,strong_null,True,1732,2969104037,0.0,0,0
500,500,0.10648833059640861,0.15642574577607582,0.08990862039729564,0.13703423190139574,-0.04993741517966721,-0.04712561150410011,0.03226359357818134,-1.5477945771495836,-1.4606436009648158,0.12167176254189709,0.1441132741880721,0.134,0.135,0.167,True,999,0.00011200003791600466,0.002797416993416846,strong_5x5_mild_500,strong_null,True,1733,2969104037,0.0,1,1
500,500,0.08433421763537807,0.115984110859781,0.06506460075206633,0.09537578527533697,-0.031649893224402925,-0.03031118452327064,0.028736206599425575,-1.1013942677122732,-1.0548081361538006,0.27072509918921794,0.29151308277281385,0.254,0.251,0.279,True,999,0.00011508294846862555,0.0027742909733206034,strong_5x5_mild_500,strong_null,True,1734,2969104037,0.0,0,0
500,500,0.07514445199488773,0.14754158330038147,0.0574156618795314,0.12970818767428227,-0.07239713130549374,-0.07229252579475087,0.029062292893013486,-2.491101840175104,-2.487502485123252,0.012734761182207947,0.012864355479447696,0.012,0.012,0.012,True,999,0.00011683395132422447,0.0026241668965667486,strong_5x5_mild_500,strong_null,True,1735,2969104037,0.0,0,0
500,500,0.1633400927052011,0.08967410863480207,0.14312083881901572,0.0719107381121944,0.07366598407039904,0.07121010070682132,0.03129611222119416,2.3538381876235546,2.2753657132721057,0.01858069744478748,0.022884000397809637,0.022,0.017,0.024,True,999,0.00011283298954367638,0.0027515830006450415,strong_5x5_mild_500,strong_null,True,1736,2969104037,0.0,0,0
500,500,0.09587414394954163,0.09992288486975731,0.0782711148059434,0.0811959696275153,-0.0040487409202156766,-0.0029248548215718984,0.02824254488519542,-0.14335609403025162,-0.10356201374420372,0.8860089566343254,0.9175169341558455,0.885,0.882,0.915,True,999,0.00015754206106066704,0.0026623329613357782,strong_5x5_mild_500,strong_null,True,1737,2969104037,0.0,0,0
500,500,0.13672221594432876,0.114817155476574,0.11817535420311742,0.09608981276841178,0.021905060467754756,0.022085541434705647,0.0323036874593821,0.6780978331126335,0.6836848413196014,0.4977096645536824,0.49417419760857784,0.477,0.486,0.477,True,999,0.00011754198931157589,0.0027057499391958117,strong_5x5_mild_500,strong_null,True,1738,2969104037,0.0,1,0
500,500,0.12319317096449445,0.0890407468369433,0.10382064341962405,0.0694213248572737,0.03415242412755115,0.034399318562350345,0.028879690960583723,1.1825758168314158,1.1911248845875828,0.23697730144403162,0.23360456216431202,0.231,0.235,0.229,True,999,0.00011429097503423691,0.002717584022320807,strong_5x5_mild_500,strong_null,True,1739,2969104037,0.0,0,0
500,500,0.11317194887841286,0.11091734050797308,0.09656483468870647,0.09246837066547187,0.0022546083704397812,0.004096464023234603,0.029659071201004163,0.07601749748533755,0.13811841899809424,0.9394051774964658,0.8901468290354894,0.939,0.938,0.88,True,999,0.00011137500405311584,0.0027266249526292086,strong_5x5_mild_500,strong_null,True,1740,2969104037,0.0,1,0
500,500,0.1213267725691789,0.06771251219757868,0.10022857828090537,0.048875948567683736,0.05361426037160022,0.05135262971322163,0.028047939781897496,1.9115222290302962,1.8308877626143965,0.055937502943752694,0.06711729724584643,0.048,0.046,0.055,True,999,0.00011720799375325441,0.0028059999458491802,strong_5x5_mild_500,strong_null,True,1741,2969104037,0.0,0,0
500,500,0.11712568701707571,0.11377929774841156,0.09883638018226293,0.09339715747427135,0.0033463892686641517,0.005439222707991576,0.0307627250349862,0.10878065141687969,0.17681212252183742,0.9133764706684606,0.8596559666864663,0.903,0.903,0.85,True,999,0.00011687504593282938,0.002734208945184946,strong_5x5_mild_500,strong_null,True,1742,2969104037,0.0,1,0
500,500,0.12891163709032782,0.1091230530158116,0.10953560483704905,0.0899991107197593,0.019788584074516224,0.01953649411728975,0.03068743360106449,0.6448432388243048,0.6366284770262465,0.5190287782561818,0.5243668715344667,0.498,0.503,0.505,True,999,0.00012550002429634333,0.0027411249466240406,strong_5x5_mild_500,strong_null,True,1743,2969104037,0.0,1,1
500,500,0.11211318551374538,0.13826749661329307,0.0943636316154084,0.11856253444830145,-0.02615431109954769,-0.024198902832893054,0.03153852955794658,-0.8292812463400894,-0.7672806301394542,0.40694528024724175,0.4429146823972039,0.392,0.389,0.421,True,999,0.00011029199231415987,0.0027685409877449274,strong_5x5_mild_500,strong_null,True,1744,2969104037,0.0,0,0
500,500,0.13523497029271891,0.08458112814047813,0.11710205288591169,0.06705328961157875,0.05065384215224078,0.05004876327433294,0.029366921165953,1.724860494091124,1.7042563975810225,0.08455261661971901,0.08833319701212151,0.08,0.075,0.08,True,999,0.00011466594878584146,0.002764750039204955,strong_5x5_mild_500,strong_null,True,1745,2969104037,0.0,1,1
500,500,0.11535902104589746,0.10900831746786643,0.09568554787853145,0.08930108939119918,0.006350703578031025,0.006384458487332267,0.030095613494279073,0.2110175816564843,0.21213917066505059,0.8328735520714856,0.8319984613093712,0.841,0.84,0.838,True,999,0.00011475000064820051,0.002742334036156535,strong_5x5_mild_500,strong_null,True,1746,2969104037,0.0,0,0
500,500,0.11541127354965264,0.10541595820692207,0.09669764798724145,0.0865297247230501,0.00999531534273057,0.010167923264191359,0.029515409556738304,0.3386473538006069,0.3444954150016205,0.7348754050117274,0.730473743565878,0.737,0.734,0.728,True,999,0.0001117499778047204,0.0027935829712077975,strong_5x5_mild_500,strong_null,True,1747,2969104037,0.0,0,0
500,500,0.09776507827494851,0.0759043157844177,0.07893792695136881,0.05831346902152745,0.021860762490530816,0.020624457929841356,0.027501163830818322,0.7949031766442275,0.7499485496948023,0.42666982627241756,0.45328569257717544,0.373,0.382,0.409,True,999,0.0001189579488709569,0.0028013329720124602,strong_5x5_mild_500,strong_null,True,1748,2969104037,0.0,0,1
500,500,0.1173813964588053,0.10851391614939543,0.09954703051357683,0.08880778856484994,0.00886748030940987,0.010739241948726885,0.029989034731094186,0.29569075460156796,0.3581056224391205,0.7674662583979837,0.7202642716098313,0.764,0.756,0.704,True,999,0.00011529203038662672,0.002735832938924432,strong_5x5_mild_500,strong_null,True,1749,2969104037,0.0,0,0
500,500,0.12445564527046749,0.10563446129676335,0.10802376674934067,0.0860597649040642,0.018821183973704136,0.02196400184527647,0.030082631869345813,0.6256495128301229,0.7301223490241816,0.5315448551219797,0.46531540151088835,0.517,0.517,0.44,True,999,0.00011529203038662672,0.0027598340529948473,strong_5x5_mild_500,strong_null,True,1750,2969104037,0.0,2,0
500,500,0.12225110039989096,0.1476342873018568,0.10356259311538452,0.12976199508528907,-0.025383186901965837,-0.026199401969904557,0.032368157108591256,-0.7842024127851429,-0.8094190188835505,0.4329213496241321,0.4182741661105184,0.418,0.414,0.407,True,999,0.00011833396274596453,0.0027891250792890787,strong_5x5_mild_500,strong_null,True,1751,2969104037,0.0,0,1
500,500,0.14811385151469714,0.10703549720832473,0.13075306962713285,0.08795754952103607,0.04107835430637241,0.042795520106096774,0.031203096776213017,1.3164832516780058,1.371515154826587,0.18801189617105984,0.17021442256342267,0.18,0.176,0.166,True,999,0.00011466699652373791,0.002717665978707373,strong_5x5_mild_500,strong_null,True,1752,2969104037,0.0,1,0
500,500,0.1439069623825444,0.0803769426532559,0.12704976515624367,0.06158043838541971,0.06353001972928851,0.06546932677082395,0.029805185114823662,2.1315089802173963,2.1965750764038257,0.03304723341846332,0.028050807858357805,0.031,0.033,0.031,True,999,0.00011591706424951553,0.0027139580342918634,strong_5x5_mild_500,strong_null,True,1753,2969104037,0.0,1,0
500,500,0.10831871819011885,0.13395831643784795,0.0888854493451845,0.1175674275707479,-0.0256395982477291,-0.028681978225563398,0.030474391303348246,-0.8413489868429975,-0.9411829736009226,0.4001524548980051,0.34661110053021194,0.401,0.394,0.354,True,999,0.0001177910016849637,0.00275387498550117,strong_5x5_mild_500,strong_null,True,1754,2969104037,0.0,0,1
500,500,0.0985659037344524,0.10298226918588549,0.07959961892493084,0.0825695829413462,-0.004416365451433091,-0.0029699640164153607,0.028695430730889204,-0.15390483219612708,-0.1034995447278072,0.8776847739611587,0.9175665108095875,0.859,0.857,0.915,True,999,0.00011791696306318045,0.0028183750109747052,strong_5x5_mild_500,strong_null,True,1755,2969104037,0.0,0,0
500,500,0.11354185753610935,0.0995608183104354,0.09638724928350939,0.08210792442480397,0.013981039225673952,0.014279324858705422,0.028874322009654285,0.48420320383624305,0.49453368477123216,0.6282416633769283,0.6209293231161062,0.628,0.618,0.619,True,999,0.00011654198169708252,0.002680125064216554,strong_5x5_mild_500,strong_null,True,1756,2969104037,0.0,1,1
500,500,0.10989915217837232,0.10194480564659192,0.0923645414574139,0.0818660168539509,0.007954346531780399,0.01049852460346301,0.02904293278698487,0.27388234480730583,0.3614829356409818,0.7841750398070262,0.7177384592069418,0.779,0.782,0.71,True,999,0.00011308409739285707,0.0027014589868485928,strong_5x5_mild_500,strong_null,True,1757,2969104037,0.0,1,0
500,500,0.10611521335404173,0.10249631698692285,0.08879721838047772,0.08513549736574078,0.0036188963671188734,0.0036617210147369406,0.028896736889375853,0.12523546796902849,0.12671745701789622,0.9003371388924609,0.8991640285191219,0.892,0.894,0.889,True,999,0.00011937494855374098,0.002748832921497524,strong_5x5_mild_500,strong_null,True,1758,2969104037,0.0,1,1
500,500,0.11149811902014384,0.14280695415916134,0.09266949925591916,0.12298311843329657,-0.0313088351390175,-0.030313619177377404,0.03168766960252038,-0.9880447357519547,-0.956637694018569,0.3231307394157086,0.33875015629511496,0.304,0.311,0.33,True,999,0.0001224169973284006,0.002797125023789704,strong_5x5_mild_500,strong_null,True,1759,2969104037,0.0,0,0
500,500,0.10014515649301425,0.11142991496877785,0.08138653260817819,0.09356783764690135,-0.011284758475763601,-0.012181305038723167,0.02974542862702502,-0.37937790768665897,-0.40951855800981535,0.7044072536587447,0.6821591505764966,0.682,0.687,0.661,True,999,0.00012337497901171446,0.0027618330204859376,strong_5x5_mild_500,strong_null,True,1760,2969104037,0.0,0,1
500,500,0.1435471906472161,0.11205501747078139,0.12544460662070378,0.0929288951693934,0.03149217317643471,0.03251571145131038,0.031150536762322902,1.0109672721442484,1.0438250775389104,0.3120320942020822,0.2965663269293701,0.286,0.286,0.274,True,999,0.00011470797471702099,0.002766916062682867,strong_5x5_mild_500,strong_null,True,1761,2969104037,0.0,1,1
500,500,0.10639641818992329,0.08802260847226706,0.0890657607615708,0.06980122791111398,0.01837380971765623,0.019264532850456817,0.027117647840067358,0.677559124081117,0.7104057462532843,0.498051270719838,0.4774525608277833,0.507,0.505,0.514,True,999,0.00011258304584771395,0.002775499946437776,strong_5x5_mild_500,strong_null,True,1762,2969104037,0.0,2,1
500,500,0.09517731419612319,0.1173073986260953,0.07567491505017188,0.09866934749561551,-0.022130084429972108,-0.022994432445443636,0.029193434651871242,-0.7580500442606747,-0.7876576606915191,0.4484210241606249,0.4308969773722531,0.411,0.411,0.403,True,999,0.00024016702082008123,0.002718375064432621,strong_5x5_mild_500,strong_null,True,1763,2969104037,0.0,0,0
500,500,0.11683719102159817,0.10323813316692898,0.09863899721909775,0.08553284633507019,0.013599057854669194,0.013106150884027556,0.02990402196075625,0.4547568174112351,0.4382738516319666,0.6492841999977952,0.6611877786584177,0.625,0.634,0.648,True,999,0.00011370901484042406,0.002766750054433942,strong_5x5_mild_500,strong_null,True,1764,2969104037,0.0,1,1
500,500,0.0849439787223023,0.13089811582204258,0.06568389930549756,0.11428656719931496,-0.04595413709974028,-0.0486026678938174,0.029784155995555544,-1.5429054664700808,-1.631829617769595,0.12285371430280147,0.10271538413301651,0.124,0.124,0.107,True,999,0.0001181670231744647,0.002796499989926815,strong_5x5_mild_500,strong_null,True,1765,2969104037,0.0,1,1
500,500,0.13197784158946968,0.1094049309011027,0.11373982969382723,0.08917465390811685,0.022572910688366976,0.02456517578571038,0.031211107632579102,0.7232332461282049,0.7870651716335919,0.4695365965649596,0.4312437162722613,0.457,0.457,0.416,True,999,0.00012929108925163746,0.0027900420827791095,strong_5x5_mild_500,strong_null,True,1766,2969104037,0.0,1,0
500,500,0.10006850702508618,0.1515582940768072,0.08291089400768215,0.13044496926431748,-0.051489787051721025,-0.04753407525663533,0.03201505450862974,-1.608299215540671,-1.48474135016145,0.10776966239522644,0.13761235354179402,0.095,0.099,0.123,True,999,0.00011687492951750755,0.0027938340790569782,strong_5x5_mild_500,strong_null,True,1767,2969104037,0.0,1,0
500,500,0.10941362642520491,0.1225378704953719,0.09308442804501738,0.1056122913435047,-0.01312424407016699,-0.012527863298487318,0.030716218509758433,-0.4272740821269215,-0.4078582555501505,0.6691797081219635,0.6833777415300328,0.628,0.629,0.639,True,999,0.0001168340677395463,0.0028692090418189764,strong_5x5_mild_500,strong_null,True,1768,2969104037,0.0,2,1
500,500,0.0777469789447155,0.1344593476517415,0.0611785242372207,0.11325993402641643,-0.056712368707026006,-0.05208140978919573,0.0286333326422763,-1.9806415625993814,-1.818908418375967,0.047631484451201966,0.0689254032908079,0.047,0.043,0.057,True,999,0.00011404207907617092,0.002678832970559597,strong_5x5_mild_500,strong_null,True,1769,2969104037,0.0,1,0
500,500,0.14751206899667402,0.13193671418215946,0.128386767622942,0.11399013262803237,0.015575354814514553,0.014396634994909618,0.032625000619720304,0.47740550248756075,0.4412761600441938,0.6330733967135396,0.6590130828858949,0.599,0.6,0.625,True,999,0.00011283298954367638,0.0027408329769968987,strong_5x5_mild_500,strong_null,True,1770,2969104037,0.0,1,0
500,500,0.06980542692549041,0.12897009890985822,0.04930111874710974,0.10924739122384608,-0.05916467198436781,-0.05994627247673634,0.02834113103991109,-2.087590361197999,-2.115168671014493,0.03683480221939617,0.03441557407787894,0.032,0.036,0.035,True,999,0.00012283294927328825,0.00276824994944036,strong_5x5_mild_500,strong_null,True,1771,2969104037,0.0,0,0
500,500,0.08375133280048319,0.09774522262758778,0.06573346873108221,0.07725133467943124,-0.013993889827104589,-0.011517865948349026,0.02813736441651494,-0.4973418839076135,-0.40934416521217365,0.6189479805912714,0.6822871085450172,0.584,0.578,0.649,True,999,0.00011708296369761229,0.0027702079387381673,strong_5x5_mild_500,strong_null,True,1772,2969104037,0.0,1,0
500,500,0.14341932655587697,0.12187591475501591,0.12368059687696586,0.10232035949013607,0.021543411800861056,0.021360237386829795,0.032180927652091205,0.6694465751195058,0.663754557287964,0.5032106497133215,0.5068474147226383,0.499,0.499,0.518,True,999,0.00011350004933774471,0.0027877079555764794,strong_5x5_mild_500,strong_null,True,1773,2969104037,0.0,0,0
500,500,0.09771688804382328,0.1367850910106032,0.08016149673630935,0.11649525365317004,-0.03906820296677993,-0.03633375691686069,0.03044465979470296,-1.2832530640916333,-1.1934361284333477,0.19940343063789923,0.2326986127611863,0.2,0.2,0.228,True,999,0.00011216604616492987,0.002783041913062334,strong_5x5_mild_500,strong_null,True,1774,2969104037,0.0,0,0
500,500,0.1022010981764363,0.11134800234257103,0.08361910638109293,0.09297990739759143,-0.009146904166134728,-0.009360801016498499,0.02930671086312846,-0.31210954408543634,-0.31940810622578486,0.7549572734583333,0.7494170646396188,0.754,0.756,0.753,True,999,0.00011195894330739975,0.0026753749698400497,strong_5x5_mild_500,strong_null,True,1775,2969104037,0.0,0,1
500,500,0.12990612395028167,0.0945148968558498,0.11320729474073232,0.07580783211318476,0.035391227094431876,0.037399462627547564,0.030536266580772384,1.1589899832979742,1.2247555714979477,0.2464602680285206,0.22066732914060516,0.26,0.252,0.234,True,999,0.00011804199311882257,0.002745875041000545,strong_5x5_mild_500,strong_null,True,1776,2969104037,0.0,1,0
500,500,0.1469610707467659,0.12208316986941803,0.12963319335267443,0.10327759219285326,0.02487790087734787,0.026355601159821163,0.03319397712751409,0.7494703265529118,0.7939874471376713,0.45357377711465474,0.4272027391639134,0.449,0.447,0.424,True,999,0.00011466699652373791,0.002744792029261589,strong_5x5_mild_500,strong_null,True,1777,2969104037,0.0,1,0
500,500,0.0945819363228464,0.13637545413026186,0.07568382007605123,0.116109523734508,-0.04179351780741547,-0.04042570365845677,0.030706633866193822,-1.3610582647884322,-1.3165136834800726,0.17349527738414983,0.18800168877336054,0.159,0.162,0.176,True,999,0.0001177910016849637,0.0027067919727414846,strong_5x5_mild_500,strong_null,True,1778,2969104037,0.0,0,0
500,500,0.10588500621209607,0.1219925909562456,0.08816311043312908,0.10416175757245583,-0.016107584744149528,-0.01599864713932675,0.03088606912559252,-0.5215161786581192,-0.5179890996899345,0.6020072381475673,0.6044658745952152,0.584,0.584,0.585,True,999,0.00012287497520446777,0.002704625017940998,strong_5x5_mild_500,strong_null,True,1779,2969104037,0.0,0,0
500,500,0.07538548443938642,0.07686374977791499,0.05665533353396768,0.060290311271842256,-0.0014782653385285727,-0.0036349777378745785,0.02488727003420334,-0.05939845296398308,-0.14605771275350476,0.9526347452416104,0.8838758286789167,0.943,0.943,0.891,True,999,0.00011995900422334671,0.002866125083528459,strong_5x5_mild_500,strong_null,True,1780,2969104037,0.0,0,2
500,500,0.08172947910058259,0.09919547081193558,0.06282334081311092,0.0826017363268079,-0.01746599171135299,-0.019778395513696978,0.027680456439945385,-0.6309864054896145,-0.7145256277333266,0.5280494132940814,0.4749022148755301,0.531,0.527,0.473,True,999,0.00011983397416770458,0.002831374993547797,strong_5x5_mild_500,strong_null,True,1781,2969104037,0.0,0,2
500,500,0.13478482817460846,0.11852117549824492,0.11900348826065965,0.10059570762695103,0.016263652676363538,0.018407780633708626,0.03224619386738456,0.5043588320298918,0.570851267266218,0.6140092419985823,0.5681004673623022,0.629,0.633,0.589,True,999,0.00011824991088360548,0.00284662505146116,strong_5x5_mild_500,strong_null,True,1782,2969104037,0.0,2,1
500,500,0.10052382022898976,0.1318750045861692,0.08002446374740657,0.11271217563648861,-0.03135118435717943,-0.03268771188908204,0.031130045702841936,-1.0071037047760358,-1.0500373883517267,0.3138849410546065,0.29370092326054553,0.311,0.305,0.293,True,999,0.00011799996718764305,0.0027716669719666243,strong_5x5_mild_500,strong_null,True,1783,2969104037,0.0,0,1
500,500,0.10117825231020228,0.0920711134648674,0.08069487167279021,0.07410770768979091,0.009107138845334872,0.0065871639829993,0.028606556150425625,0.31835844893197224,0.23026763334814396,0.7502130528198566,0.8178838097068201,0.737,0.733,0.813,True,999,0.00011300004553049803,0.002724457997828722,strong_5x5_mild_500,strong_null,True,1784,2969104037,0.0,0,0
500,500,0.12848131181856826,0.0998214818880464,0.11201100084798554,0.0830767330601816,0.028659829930521852,0.028934267787803947,0.029979868609918123,0.9559691639555896,0.9651232353377205,0.339087813734277,0.3344830902706942,0.324,0.318,0.319,True,999,0.00011950009502470493,0.002837916952557862,strong_5x5_mild_500,strong_null,True,1785,2969104037,0.0,2,1
500,500,0.11751529080408085,0.1216196961670728,0.09729567992599186,0.10259199118252127,-0.0041044053629919475,-0.005296311256529407,0.031740293996763744,-0.12931214069442568,-0.166863963423572,0.897110665206713,0.867477088571629,0.894,0.897,0.866,True,999,0.00012041605077683926,0.0027383751003071666,strong_5x5_mild_500,strong_null,True,1786,2969104037,0.0,0,2
500,500,0.13877530431341478,0.09948401952027952,0.11848531169744092,0.0839684568230723,0.03929128479313526,0.03451685487436862,0.03023170390256504,1.299671527604554,1.1417436141083666,0.1937135729130468,0.25356060616842746,0.194,0.189,0.261,True,999,0.00011683302000164986,0.0026918749790638685,strong_5x5_mild_500,strong_null,True,1787,2969104037,0.0,0,2
500,500,0.1217460562930015,0.11380035763429452,0.10491672359785298,0.09629027163077808,0.007945698658706979,0.0086264519670749,0.029778215510557655,0.2668292415269104,0.28969002403842675,0.7896006387644904,0.7720533889011263,0.732,0.731,0.721,True,999,0.00011304195504635572,0.002851541037671268,strong_5x5_mild_500,strong_null,True,1788,2969104037,0.0,1,1
500,500,0.13232862364147924,0.09373245512913231,0.11581206007429046,0.0749340674630048,0.03859616851234693,0.04087799261128566,0.029796085398552195,1.2953435995394997,1.3719249379407386,0.19520172503343758,0.17008680618240424,0.195,0.191,0.182,True,999,0.00011341704521328211,0.0028657910879701376,strong_5x5_mild_500,strong_null,True,1789,2969104037,0.0,2,1
500,500,0.10963819845421852,0.09110767326176994,0.09330283244992188,0.072438580302844,0.018530525192448577,0.020864252147077877,0.028607484971326372,0.6477509368971773,0.7293284316321539,0.5171460532340256,0.4658007846118395,0.514,0.516,0.461,True,999,0.0001154160127043724,0.002726542064920068,strong_5x5_mild_500,strong_null,True,1790,2969104037,0.0,2,0
500,500,0.11893547899931334,0.13201225742967515,0.09941017569684618,0.11473301776021572,-0.013076778430361813,-0.015322842063369535,0.031108483185167655,-0.4203605284296454,-0.49256152966903183,0.674222098486049,0.6223224361138806,0.647,0.648,0.6,True,999,0.00011020794045180082,0.0027473330264911056,strong_5x5_mild_500,strong_null,True,1791,2969104037,0.0,0,1
500,500,0.07111340955513712,0.1360581264520726,0.05273793424032647,0.11856384454796398,-0.06494471689693548,-0.06582591030763751,0.02821725563584813,-2.3015957942567447,-2.3328246785279187,0.021357977544448403,0.019657348872417265,0.016,0.019,0.018,True,999,0.00011320901103317738,0.002745834062807262,strong_5x5_mild_500,strong_null,True,1792,2969104037,0.0,1,1
500,500,0.13291546517470643,0.08412844876002168,0.11408181681258611,0.06298290912747007,0.04878701641468475,0.051098907685116046,0.02958033567131409,1.6493057062228196,1.727462063071511,0.09908502122713737,0.08408471277173324,0.095,0.102,0.087,True,999,0.00011795794125646353,0.0027746669948101044,strong_5x5_mild_500,strong_null,True,1793,2969104037,0.0,0,0
500,500,0.11608854445930339,0.11224849636817047,0.0994005261776465,0.09357860590444034,0.0038400480911329193,0.00582192027320616,0.029778574641476825,0.12895338804377635,0.1955070161449954,0.8973945317365362,0.8449960455739701,0.886,0.888,0.823,True,999,0.00011083297431468964,0.0027342080138623714,strong_5x5_mild_500,strong_null,True,1794,2969104037,0.0,1,0
500,500,0.13396507064249463,0.09712059797977779,0.1165160556784599,0.0768428933347991,0.03684447266271684,0.039673162343660806,0.030572690755307528,1.2051432750099207,1.2976666876065988,0.22814799620874127,0.1944018954775717,0.2,0.201,0.167,True,999,0.00011529098264873028,0.002672292059287429,strong_5x5_mild_500,strong_null,True,1795,2969104037,0.0,1,0
500,500,0.11402741213115397,0.10821038922098847,0.09536288355064926,0.08974346631771368,0.0058170229101655035,0.005619417232935575,0.02969218817491355,0.19591088659070982,0.18925574632062078,0.8446799161208078,0.8498923777848764,0.826,0.826,0.828,True,999,0.00011279108002781868,0.0027285830583423376,strong_5x5_mild_500,strong_null,True,1796,2969104037,0.0,0,0
500,500,0.1326168008072075,0.13850448468933463,0.11721752089658821,0.11984224613439665,-0.005887683882127126,-0.002624725237808434,0.032299456823110646,-0.18228430014694297,-0.0812622098316654,0.8553596189408348,0.9352334267458903,0.838,0.839,0.927,True,999,0.00011141691356897354,0.0027112080715596676,strong_5x5_mild_500,strong_null,True,1797,2969104037,0.0,2,0
500,500,0.12268132685124722,0.09783696779199946,0.10357070296117854,0.07869012331650538,0.024844359059247756,0.024880579644673162,0.029770099189207186,0.8345406880019667,0.8357573646813155,0.4039763691935797,0.40329141629954,0.385,0.372,0.373,True,999,0.00011341692879796028,0.0026985839940607548,strong_5x5_mild_500,strong_null,True,1798,2969104037,0.0,0,0
500,500,0.10836660938099563,0.15367712799193634,0.08906375262063193,0.13438926791621952,-0.04531051861094071,-0.04532551529558759,0.03201896696661943,-1.4151149429079972,-1.4155833116927403,0.15703479763347092,0.15689754022352012,0.133,0.133,0.139,True,999,0.00011820800136774778,0.0027983749751001596,strong_5x5_mild_500,strong_null,True,1799,2969104037,0.0,0,1
500,500,0.14906555005476785,0.1044563398555266,0.12878675293728747,0.08582112442502421,0.044609210199241245,0.042965628512263265,0.030827955365279068,1.4470375887946088,1.3937229376118347,0.14788639615271099,0.16340128685931476,0.152,0.151,0.163,True,999,0.00011695909779518843,0.002774124965071678,strong_5x5_mild_500,strong_null,True,1800,2969104037,0.0,0,0
500,500,0.09920069112616026,0.09811593553373377,0.0819759455437179,0.08011244281135532,0.0010847555924264896,0.0018635027323625764,0.027121882585927282,0.03999558618358359,0.06870845806734269,0.9680966451943759,0.9452216855529231,0.971,0.97,0.95,True,999,0.00011441693641245365,0.002773500047624111,strong_5x5_mild_500,strong_null,True,1801,2969104037,0.0,1,2
500,500,0.10248429806614845,0.11484329909510227,0.08399103033616484,0.09619320236828344,-0.01235900102895382,-0.012202172032118597,0.02935567239907855,-0.42100895734692007,-0.4156665828067223,0.6737485410561919,0.677653997431405,0.658,0.651,0.654,True,999,0.00011379097122699022,0.0027542919851839542,strong_5x5_mild_500,strong_null,True,1802,2969104037,0.0,0,0
500,500,0.1049146714655711,0.10837691572026498,0.0884507804905752,0.0900891739924532,-0.0034622442546938803,-0.0016383935018779994,0.028449925078000378,-0.12169607635877916,-0.05758867544944533,0.9031397207541036,0.9540762703849138,0.91,0.91,0.957,True,999,0.00011812499724328518,0.002863834029994905,strong_5x5_mild_500,strong_null,True,1803,2969104037,0.0,1,1
500,500,0.09347105543293499,0.11204244156480558,0.07509936203064171,0.09336135361900233,-0.018571386131870593,-0.018261991588360615,0.02915214400276355,-0.6370504389011687,-0.6264373415083784,0.5240919896865224,0.531028123259816,0.52,0.523,0.525,True,999,0.00012149999383836985,0.002642250037752092,strong_5x5_mild_500,strong_null,True,1804,2969104037,0.0,0,0
500,500,0.12840105133531232,0.1092927961284671,0.11010496032702122,0.09064557993013977,0.019108255206845226,0.019459380396881443,0.030330673595418665,0.62999771985715,0.641574290648814,0.5286960760522637,0.5211496302738878,0.5,0.503,0.5,True,999,0.00011604197788983583,0.0027240830240771174,strong_5x5_mild_500,strong_null,True,1805,2969104037,0.0,1,0
500,500,0.11692552982586824,0.11625089965872903,0.09821862072237764,0.10075203046221759,0.0006746301671392008,-0.0025334097398399535,0.02999263844601042,0.022493191732817996,-0.0844677184503234,0.9820545428377201,0.9326845680361687,0.984,0.984,0.94,True,999,0.00011145800817757845,0.002747667022049427,strong_5x5_mild_500,strong_null,True,1806,2969104037,0.0,0,2
500,500,0.10146585417705323,0.1093871585714139,0.08304690115494395,0.08994890045852344,-0.007921304394360673,-0.006901999303579487,0.029096475174187897,-0.2722427492312825,-0.23721083953503747,0.7854353735708923,0.812493227541369,0.784,0.777,0.796,True,999,0.00011200003791600466,0.0026966669829562306,strong_5x5_mild_500,strong_null,True,1807,2969104037,0.0,0,0
500,500,0.13552164438041758,0.1319371679676835,0.11652256309076847,0.11443210268021176,0.0035844764127340722,0.002090460410556716,0.03220798589245779,0.11129154193940008,0.06490503372476462,0.9113851622953325,0.9482496127146562,0.92,0.921,0.953,True,999,0.00011737504974007607,0.0027956670382991433,strong_5x5_mild_500,strong_null,True,1808,2969104037,0.0,0,1
500,500,0.10770813161456361,0.1465029093203991,0.08826321402597159,0.12953631610048433,-0.038794777705835504,-0.041273102074512735,0.03166724807108547,-1.2250757507804408,-1.3033371886898537,0.22054668073731676,0.19245967010234832,0.237,0.235,0.207,True,999,0.00011562497820705175,0.0027382500702515244,strong_5x5_mild_500,strong_null,True,1809,2969104037,0.0,0,1
500,500,0.12348935915291204,0.13280028476204753,0.10625344568120454,0.11542181927256934,-0.00931092560913549,-0.009168373591364798,0.0318137969333852,-0.29266942354072367,-0.28818859976262573,0.769774843485002,0.7732023748537955,0.765,0.763,0.772,True,999,0.00011833303142338991,0.002780082984827459,strong_5x5_mild_500,strong_null,True,1810,2969104037,0.0,2,1
500,500,0.13405487251238601,0.12952747126628528,0.11531103244476526,0.1116421097195257,0.004527401246100737,0.003668922725239554,0.031724800195854955,0.14270858187129798,0.11564841078869653,0.8865203387429208,0.9079311940213822,0.887,0.886,0.906,True,999,0.00011616700794547796,0.0028082079952582717,strong_5x5_mild_500,strong_null,True,1811,2969104037,0.0,0,0
500,500,0.06936946521713305,0.09062893883028911,0.0500755963016104,0.07142979392978077,-0.021259473613156055,-0.021354197628170368,0.02600907653425488,-0.8173867144093552,-0.8210286743570511,0.4137074656329487,0.41162993534594194,0.425,0.415,0.424,True,999,0.00012670899741351604,0.0026706670178100467,strong_5x5_mild_500,strong_null,True,1812,2969104037,0.0,0,0
500,500,0.09346456415792859,0.12014196055526827,0.07311179672069557,0.10139804491348059,-0.02667739639733968,-0.028286248192785024,0.030262871580818047,-0.8815223078251768,-0.9346848701137174,0.37803518531857194,0.3499507263742755,0.377,0.376,0.347,True,999,0.00011416710913181305,0.002713541965931654,strong_5x5_mild_500,strong_null,True,1813,2969104037,0.0,0,0
500,500,0.10198556063291142,0.10709377097987494,0.08506654397882585,0.08841381773891044,-0.005108210346963515,-0.0033472737600845903,0.029089946613923084,-0.17560054044645837,-0.11506634248969408,0.8606077777356396,0.9083925374657899,0.857,0.856,0.899,True,999,0.00011204206384718418,0.0028026660438627005,strong_5x5_mild_500,strong_null,True,1814,2969104037,0.0,1,0
500,500,0.07791650111816661,0.14271535895081344,0.0593300440866642,0.12474904846652635,-0.06479885783264683,-0.06541900437986214,0.030807819025055177,-2.103325061081008,-2.12345457906834,0.0354373641990818,0.03371577778725787,0.032,0.036,0.034,True,999,0.00011500006075948477,0.002762833028100431,strong_5x5_mild_500,strong_null,True,1815,2969104037,0.0,0,2
500,500,0.1284708170187452,0.10714753637152952,0.11085624635040858,0.08884532021431824,0.02132328064721567,0.022010926136090347,0.03005459239431759,0.709484938855709,0.7323648195692032,0.4780235945844179,0.4639459255723305,0.438,0.436,0.42,True,999,0.0001408749958500266,0.002651875023730099,strong_5x5_mild_500,strong_null,True,1816,2969104037,0.0,0,0
500,500,0.12406147661385702,0.09913188388055905,0.10482407209258326,0.08037647915381285,0.02492959273329798,0.024447592938770413,0.030429111569532815,0.8192678473813466,0.803427759726268,0.41263361268222787,0.42172753547860964,0.417,0.414,0.429,True,999,0.00011187500786036253,0.0027443339349702,strong_5x5_mild_500,strong_null,True,1817,2969104037,0.0,0,0
500,500,0.13447763660019763,0.13029223799401657,0.11698288052832595,0.11281129813932012,0.004185398606181057,0.0041715823890058346,0.032725435137247204,0.12789436072058058,0.12747217482397513,0.8982325738901413,0.8985666947762451,0.906,0.906,0.898,True,999,0.00011179200373589993,0.0027782079996541142,strong_5x5_mild_500,strong_null,True,1818,2969104037,0.0,1,1
500,500,0.13256363118789838,0.08194528293544856,0.11478199165412661,0.0642747955566847,0.05061834825244982,0.05050719609744192,0.029681217180805082,1.705400015912583,1.70165515079028,0.08811984538545649,0.08882003244344135,0.098,0.095,0.1,True,999,0.0001145839923992753,0.0027709169080480933,strong_5x5_mild_500,strong_null,True,1819,2969104037,0.0,0,1
500,500,0.11350591660599729,0.05929389805363117,0.09803328677935497,0.03969855512485765,0.054212018552366126,0.05833473165449732,0.026337727329559676,2.0583407928110122,2.214873399081263,0.03955743092833703,0.02676875541852633,0.025,0.026,0.017,True,999,0.00011295790318399668,0.0027488330379128456,strong_5x5_mild_500,strong_null,True,1820,2969104037,0.0,2,0
500,500,0.06801020359843923,0.1575995579016496,0.05041544644802798,0.1396779434567179,-0.08958935430321036,-0.08926249700868993,0.02954875719906819,-3.0319161547016105,-3.020854528917541,0.0024300669308263013,0.0025206242839723053,0.002,0.002,0.001,True,999,0.00011358293704688549,0.002691666944883764,strong_5x5_mild_500,strong_null,True,1821,2969104037,0.0,1,0
500,500,0.11977252173487951,0.12892259499510605,0.10131758429793081,0.11048909203640278,-0.009150073260226543,-0.009171507738471973,0.03103170122271687,-0.2948621216270347,-0.2955528500563784,0.7680992086689079,0.7675715858687325,0.769,0.767,0.764,True,999,0.00011195905972272158,0.002743499935604632,strong_5x5_mild_500,strong_null,True,1822,2969104037,0.0,0,0
500,500,0.1365725584564781,0.11365781244431972,0.11713030253991974,0.09414281085969378,0.02291474601215837,0.022987491680225958,0.031454516332562917,0.7285041604164217,0.7308168861089251,0.46630502281000996,0.46489100793681826,0.473,0.475,0.469,True,999,0.00013566692359745502,0.0027542910538613796,strong_5x5_mild_500,strong_null,True,1823,2969104037,0.0,0,0
500,500,0.10212132689504894,0.1110315652289221,0.08262007420546524,0.09230504818646068,-0.008910238333873166,-0.009684973980995437,0.02956378431014237,-0.3013903173017114,-0.32759588148100643,0.7631168769406609,0.7432172363545537,0.756,0.754,0.731,True,999,0.00011566700413823128,0.0026849580463021994,strong_5x5_mild_500,strong_null,True,1824,2969104037,0.0,0,0
500,500,0.09631520921212888,0.10053864229321163,0.07750683575562789,0.08293091566901012,-0.00422343308108275,-0.005424079913382229,0.027614862326859946,-0.15294058073122366,-0.1964188649279062,0.8784451335483302,0.8442823317714874,0.875,0.874,0.861,True,999,0.00011204206384718418,0.0027469999622553587,strong_5x5_mild_500,strong_null,True,1825,2969104037,0.0,0,1
500,500,0.1202232012112836,0.15037073102026688,0.10072724122312593,0.1306472700388781,-0.030147529808983276,-0.029920028815752175,0.031895679820230005,-0.9451916365758739,-0.9380589780304741,0.34456104846557256,0.34821410173418577,0.3,0.305,0.309,True,999,0.00011300004553049803,0.0027383749838918447,strong_5x5_mild_500,strong_null,True,1826,2969104037,0.0,0,0
500,500,0.13740817126817617,0.1167198319128584,0.11889214077751831,0.0982178872089321,0.020688339355317775,0.02067425356858621,0.03227855034538752,0.6409314896099124,0.6404951073504601,0.5215671957047934,0.5218507689579504,0.525,0.527,0.528,True,999,0.00011549994815140963,0.0027245840756222606,strong_5x5_mild_500,strong_null,True,1827,2969104037,0.0,1,1
500,500,0.12384470644227696,0.11606448099930855,0.10770056315146803,0.09871958867313424,0.007780225442968414,0.008980974478333792,0.030228093031048394,0.2573839320587328,0.2971068823001537,0.7968824055259434,0.7663849101771993,0.802,0.8,0.771,True,999,0.00011433300096541643,0.002768250065855682,strong_5x5_mild_500,strong_null,True,1828,2969104037,0.0,2,1
500,500,0.10127461522247094,0.1404265944582379,0.08285156229385393,0.12190527672066764,-0.039151979235766965,-0.03905371442681371,0.03081647533437177,-1.2704885555843572,-1.2672998453932327,0.20391065688400534,0.2050480957952987,0.181,0.195,0.188,True,999,0.00011324998922646046,0.0027311670128256083,strong_5x5_mild_500,strong_null,True,1829,2969104037,0.0,1,0
500,500,0.11267171366336104,0.1323957344263904,0.09326567954468601,0.11515004445629984,-0.01972402076302937,-0.02188436491161383,0.031093747567714967,-0.6343404158689792,-0.7038188260824708,0.5258586859075371,0.48154560807646185,0.495,0.499,0.469,True,999,0.00011308409739285707,0.0026996670057997108,strong_5x5_mild_500,strong_null,True,1830,2969104037,0.0,0,2
500,500,0.1326492759074691,0.08587811931905942,0.11365268677877793,0.0674389208526236,0.04677115658840969,0.04621376592615434,0.02938631177511471,1.5915966912192443,1.572628994064157,0.1114753540269643,0.11580475001610666,0.099,0.096,0.104,True,999,0.00011358305346220732,0.0026881250087171793,strong_5x5_mild_500,strong_null,True,1831,2969104037,0.0,1,0
500,500,0.11818932654364123,0.10612393972259504,0.1012618064128219,0.08879047644131788,0.012065386821046187,0.01247132997150402,0.029969399592438342,0.4025902081832309,0.4161354628756291,0.6872497142236684,0.6773108813469655,0.713,0.706,0.693,True,999,0.00011024996638298035,0.0027376250363886356,strong_5x5_mild_500,strong_null,True,1832,2969104037,0.0,1,1
500,500,0.1646510100645484,0.1058357041562803,0.14736290951191222,0.08760758438796756,0.05881530590826811,0.05975532512394466,0.03263842829712434,1.8020262916106815,1.8308272867786801,0.07154126913321239,0.0671263261669886,0.057,0.063,0.066,True,999,0.00011308304965496063,0.002714875037781894,strong_5x5_mild_500,strong_null,True,1833,2969104037,0.0,1,1
500,500,0.12432759340718547,0.10671688417293268,0.1049821229625536,0.08743175125414382,0.017610709234252786,0.017550371708409784,0.030498375264891898,0.5774310625171333,0.5754526775927252,0.5636482955383523,0.5649851865006472,0.542,0.548,0.559,True,999,0.00011158303823322058,0.0027442079735919833,strong_5x5_mild_500,strong_null,True,1834,2969104037,0.0,1,0
500,500,0.08782684528986606,0.09073469022473357,0.07071281554209463,0.07206556083701798,-0.0029078449348675095,-0.001352745294923352,0.027586672293129336,-0.10540760059674649,-0.049036189669758146,0.9160523852606387,0.9608904554318228,0.907,0.907,0.959,True,999,0.00011554104276001453,0.002764208009466529,strong_5x5_mild_500,strong_null,True,1835,2969104037,0.0,1,0
500,500,0.11754897892413996,0.11190586814624637,0.10210913714445269,0.0941659178779446,0.00564311077789359,0.007943219266508095,0.029956485419909966,0.18837693069771835,0.2651585843654675,0.8505811825901396,0.7908872981261111,0.842,0.839,0.777,True,999,0.00011562497820705175,0.0027622090419754386,strong_5x5_mild_500,strong_null,True,1836,2969104037,0.0,3,0
500,500,0.1154135646794947,0.11295576955817543,0.09887396166743656,0.09447596167990469,0.002457795121319273,0.004397999987531875,0.03003200727605815,0.08183918906008837,0.14644375739206783,0.9347745922168517,0.883571086224163,0.94,0.939,0.887,True,999,0.00011300004553049803,0.0028087920509278774,strong_5x5_mild_500,strong_null,True,1837,2969104037,0.0,1,1
500,500,0.14719514439731896,0.10927493035466429,0.12870513157952246,0.090959968375671,0.037920214042654665,0.03774516320385146,0.03147065604477436,1.2049387845205484,1.199376433403554,0.22822693463815602,0.23038160693275544,0.205,0.211,0.207,True,999,0.0001141249667853117,0.002809916972182691,strong_5x5_mild_500,strong_null,True,1838,2969104037,0.0,0,1
500,500,0.09791871462048729,0.11850695657245991,0.07858479969917198,0.0988617572545536,-0.02058824195197262,-0.020276957555381614,0.030666811048515916,-0.6713525550276922,-0.6612020246677358,0.5019959619735963,0.5084827630120459,0.499,0.503,0.504,True,999,0.0001206250162795186,0.002846333896741271,strong_5x5_mild_500,strong_null,True,1839,2969104037,0.0,0,1
500,500,0.0877317031317092,0.1382085316731121,0.06807652282873278,0.11990050701797372,-0.050476828541402896,-0.051823984189240946,0.029559210345473864,-1.7076514545366386,-1.753226273081963,0.08770103482775672,0.07956317493478147,0.074,0.077,0.073,True,999,0.00011825002729892731,0.0028565420070663095,strong_5x5_mild_500,strong_null,True,1840,2969104037,0.0,0,1
500,500,0.1670497134536233,0.13004875197728427,0.14875227799996082,0.11186036675462674,0.03700096147633902,0.036891911245334086,0.033166637121924275,1.1156078724629013,1.1123199228705427,0.264590020840592,0.2660006208035137,0.251,0.244,0.246,True,999,0.00013137503992766142,0.0026873749447986484,strong_5x5_mild_500,strong_null,True,1841,2969104037,0.0,1,1
500,500,0.08859242638096676,0.12922402889370965,0.07122874253320788,0.11269240522085511,-0.04063160251274289,-0.04146366268764723,0.028601490773523836,-1.4206113532499933,-1.4497028499657718,0.15542977608896097,0.1471414006674415,0.155,0.149,0.138,True,999,0.00011266698129475117,0.0027169579407200217,strong_5x5_mild_500,strong_null,True,1842,2969104037,0.0,0,2
500,500,0.10851184069612163,0.1325443061748781,0.08792965107727468,0.11212565482480841,-0.024032465478756482,-0.024196003747533723,0.03127848923674572,-0.7683384353015149,-0.773566893349454,0.44228614575487724,0.43918695637693983,0.447,0.451,0.466,True,999,0.00011195789556950331,0.002819958026520908,strong_5x5_mild_500,strong_null,True,1843,2969104037,0.0,0,0
500,500,0.12069565642227342,0.14509607224005205,0.10064046177268438,0.12545616979093666,-0.02440041581777863,-0.02481570801825228,0.032530949996924484,-0.7500677299644024,-0.7628337942973811,0.45321391373469655,0.44556252403872865,0.436,0.449,0.438,True,999,0.00011233403347432613,0.0028039589524269104,strong_5x5_mild_500,strong_null,True,1844,2969104037,0.0,1,0
500,500,0.14408762413494935,0.10469107882704998,0.12463043890227254,0.08921449739523268,0.03939654530789938,0.03541594150703986,0.031192070797808707,1.263030773534505,1.1354148859372264,0.20657812054821467,0.25620152548572084,0.211,0.209,0.266,True,999,0.00011500006075948477,0.002818875014781952,strong_5x5_mild_500,strong_null,True,1845,2969104037,0.0,0,3
500,500,0.1275572514779315,0.11521838513506188,0.11201455345576505,0.097455957016507,0.012338866342869625,0.014558596439258054,0.03065314339473787,0.40253184425411326,0.47494628044435017,0.687292657453384,0.6348252631768314,0.677,0.676,0.613,True,999,0.0001189579488709569,0.0029233749955892563,strong_5x5_mild_500,strong_null,True,1846,2969104037,0.0,2,1
500,500,0.09521568871945496,0.09003070744474062,0.0755722213279455,0.07109665506663987,0.00518498127471434,0.00447556626130563,0.02781661663514036,0.1863987034341273,0.1608954216111138,0.852132109122692,0.8721757683505185,0.867,0.865,0.887,True,999,0.0001159169478341937,0.002802250091917813,strong_5x5_mild_500,strong_null,True,1847,2969104037,0.0,0,0
500,500,0.11190374215962129,0.1164211030125939,0.094598716713449,0.09926341916241199,-0.004517360852972607,-0.0046647024489629985,0.03024997109511918,-0.14933438576744562,-0.15420518698332397,0.8812897835514644,0.8774479524901018,0.873,0.873,0.875,True,999,0.00011849997099488974,0.002864082925952971,strong_5x5_mild_500,strong_null,True,1848,2969104037,0.0,2,2
500,500,0.1278348979703401,0.10174593250580144,0.10725335638619526,0.08412933215629437,0.02608896546453865,0.023124024229900897,0.030122927037292063,0.8660833468221935,0.7676552879895585,0.38644445691002705,0.44269200628131056,0.4,0.397,0.469,True,999,0.00011845899280160666,0.002841499983333051,strong_5x5_mild_500,strong_null,True,1849,2969104037,0.0,0,1
500,500,0.07892912814440955,0.10098440021608335,0.06235889963761565,0.08170517475758743,-0.022055272071673793,-0.01934627511997178,0.026932791306261545,-0.8189003442263414,-0.7183167500159556,0.41284327352089967,0.47256200459693165,0.382,0.379,0.443,True,999,0.00011683395132422447,0.002666666987352073,strong_5x5_mild_500,strong_null,True,1850,2969104037,0.0,1,0
500,500,0.11627136794666648,0.12427883917400362,0.09858816742530507,0.10356938571067076,-0.008007471227337137,-0.004981218285365685,0.031503825003919156,-0.25417457170172153,-0.1581147141575986,0.7993606944819767,0.8743664062397561,0.775,0.775,0.867,True,999,0.0001129580195993185,0.002777875051833689,strong_5x5_mild_500,strong_null,True,1851,2969104037,0.0,1,0
500,500,0.1303454971811342,0.09299208267285763,0.1118756071257394,0.07391459096322706,0.03735341450827656,0.03796101616251235,0.03046916838740807,1.2259413855126262,1.2458829095644246,0.2202207333205829,0.21280738529734322,0.223,0.221,0.219,True,999,0.00010970793664455414,0.0027140829479321837,strong_5x5_mild_500,strong_null,True,1852,2969104037,0.0,0,0
500,500,0.1413189567488986,0.13032951701474849,0.12508054174804784,0.11058222968443943,0.01098943973415012,0.01449831206360841,0.03190431713677276,0.3444499277962525,0.4544310414623394,0.730507946417533,0.6495186144460854,0.725,0.723,0.646,True,999,0.00011212495155632496,0.002708249958232045,strong_5x5_mild_500,strong_null,True,1853,2969104037,0.0,2,0
500,500,0.09795868993325985,0.08433333325166958,0.07899027453419194,0.0660192694688817,0.013625356681590262,0.012971005065310237,0.027269618597292697,0.49965336453011394,0.4756577367971691,0.6173191752596613,0.6343182349371149,0.633,0.628,0.638,True,999,0.00011112494394183159,0.002758209011517465,strong_5x5_mild_500,strong_null,True,1854,2969104037,0.0,0,1
500,500,0.09826927356903381,0.13499944277740927,0.07944990855781953,0.11614626658030147,-0.03673016920837546,-0.036696358022481945,0.03135081861632766,-1.1715856500552815,-1.1705071714896242,0.24136345212571175,0.24179692984978318,0.239,0.241,0.243,True,999,0.00010895892046391964,0.0028238340746611357,strong_5x5_mild_500,strong_null,True,1855,2969104037,0.0,0,0
500,500,0.13693577594616868,0.12182401626080619,0.11832225190488543,0.10240633840066948,0.015111759685362491,0.01591591350421595,0.030926409954061894,0.48863607860755603,0.5146382502158335,0.625099365642726,0.6068058309720328,0.598,0.598,0.581,True,999,0.00011333299335092306,0.002814791980199516,strong_5x5_mild_500,strong_null,True,1856,2969104037,0.0,0,0
500,500,0.1293553015222848,0.1272054364507551,0.11162105517803411,0.10788984880599628,0.0021498650715296996,0.003731206372037832,0.031659491526117044,0.06790586228323342,0.11785427346360969,0.9458605721003823,0.9061831251481738,0.942,0.942,0.915,True,999,0.00011808297131210566,0.0026683330070227385,strong_5x5_mild_500,strong_null,True,1857,2969104037,0.0,1,0
500,500,0.1197548044396125,0.10588751233077809,0.1001194252647224,0.08664665550912787,0.013867292108834417,0.013472769755594527,0.02999471170521966,0.46232456724767385,0.44917150356374336,0.6438485845321319,0.6533079424890648,0.646,0.646,0.653,True,999,0.00011291704140603542,0.002770334016531706,strong_5x5_mild_500,strong_null,True,1858,2969104037,0.0,0,1
500,500,0.07984920046005639,0.1430180132357013,0.060378823845155694,0.12415983074481574,-0.0631688127756449,-0.06378100689966004,0.029858484131725017,-2.1156068237411705,-2.1361100120917365,0.03437826101207678,0.03267044787463392,0.031,0.027,0.027,True,999,0.0001165410503745079,0.0027537079295143485,strong_5x5_mild_500,strong_null,True,1859,2969104037,0.0,0,0
500,500,0.13542180508078228,0.09341613827065198,0.11879578199165053,0.07569223386769863,0.04200566681013029,0.043103548123951896,0.029672229590178033,1.4156558974602576,1.4526561946736836,0.1568762768066543,0.14631923521706094,0.15,0.152,0.142,True,999,0.00011745793744921684,0.002762999967671931,strong_5x5_mild_500,strong_null,True,1860,2969104037,0.0,1,1
500,500,0.12630860362590302,0.09915786170420038,0.10659936042799245,0.08071833461508504,0.027150741921702637,0.02588102581290741,0.03002356814284508,0.9043142971057201,0.8620236505458503,0.36582876780310714,0.38867450335160014,0.344,0.344,0.373,True,999,0.00011437502689659595,0.0027126659406349063,strong_5x5_mild_500,strong_null,True,1861,2969104037,0.0,2,0
500,500,0.12837432513097813,0.10717891835564242,0.1097326007875381,0.09081749036181463,0.021195406775335712,0.01891511042572347,0.03037006783208366,0.6979044924273887,0.6228208158870524,0.48523692472884083,0.533402277735546,0.513,0.509,0.546,True,999,0.00011841696687042713,0.0027445420855656266,strong_5x5_mild_500,strong_null,True,1862,2969104037,0.0,0,1
500,500,0.08546878828698068,0.09967939167189699,0.06891510293496594,0.08021140121127246,-0.01421060338491631,-0.011296298276306516,0.02760608234930543,-0.5147634932442288,-0.4091959928747634,0.6067182988154114,0.6823958348418531,0.572,0.571,0.654,True,999,0.00012037495616823435,0.002777333022095263,strong_5x5_mild_500,strong_null,True,1863,2969104037,0.0,1,0
500,500,0.12011801373185416,0.13869738087761696,0.1004065465729127,0.11886254957983056,-0.018579367145762804,-0.018456003006917854,0.032322310121751,-0.5748155709099515,-0.5709988839720357,0.565416034829962,0.5680003993563308,0.569,0.571,0.576,True,999,0.00011283403728157282,0.0027270420687273145,strong_5x5_mild_500,strong_null,True,1864,2969104037,0.0,0,0
500,500,0.11763618439049073,0.13293822874649375,0.09909364325187653,0.11570483266450537,-0.01530204435600302,-0.016611189412628846,0.03060639664068737,-0.49996229662857045,-0.542735873407141,0.6171016258017723,0.5873116710160347,0.614,0.611,0.57,True,999,0.00011187500786036253,0.0027554170228540897,strong_5x5_mild_500,strong_null,True,1865,2969104037,0.0,0,1
500,500,0.11807702840227763,0.0962123680817899,0.0995907936015783,0.07655982877196266,0.021864660320487728,0.02303096482961564,0.030197564375620774,0.7240537696523498,0.7626762391542113,0.46903272507699734,0.4456565044670746,0.439,0.443,0.423,True,999,0.00012287497520446777,0.00284662505146116,strong_5x5_mild_500,strong_null,True,1866,2969104037,0.0,1,0
500,500,0.09319158309258757,0.12384321845596435,0.0764919280231311,0.10485576616878234,-0.030651635363376784,-0.028363838145651243,0.02911488285172955,-1.052782369741046,-0.9742040965817009,0.29244074698969513,0.3299552110427231,0.284,0.276,0.327,True,999,0.00011374999303370714,0.002704957965761423,strong_5x5_mild_500,strong_null,True,1867,2969104037,0.0,1,0
500,500,0.11799868027607108,0.1131513669990617,0.09903847131704424,0.09566820302990209,0.00484731327700938,0.003370268287142153,0.030685667836473005,0.1579666866903858,0.10983200056464959,0.8744830492482356,0.9125426117826241,0.877,0.877,0.916,True,999,0.00011024996638298035,0.0027571249520406127,strong_5x5_mild_500,strong_null,True,1868,2969104037,0.0,0,1
500,500,0.09723679997481272,0.09081167852674588,0.07846173051279948,0.07215995988110535,0.0064251214480668395,0.006301770631694126,0.0279658346767537,0.2297489605560621,0.2253381922811839,0.8182868473457091,0.8217161904408959,0.823,0.823,0.83,True,999,0.00011224998161196709,0.0028098750626668334,strong_5x5_mild_500,strong_null,True,1869,2969104037,0.0,1,0
500,500,0.1438042765775449,0.12032074717344698,0.12702271607690818,0.10244757971224772,0.023483529404097925,0.024575136364660466,0.03210617844556729,0.7314333421497617,0.7654332453899823,0.4645145058125425,0.44401360264042533,0.455,0.454,0.433,True,999,0.0001170419855043292,0.0026684170588850975,strong_5x5_mild_500,strong_null,True,1870,2969104037,0.0,1,0
500,500,0.12074882248125163,0.10436667347452144,0.09956028057098365,0.08478939017140874,0.016382149006730184,0.01477089039957491,0.030834849155879918,0.5312868217357977,0.47903235475235784,0.5952200360956992,0.6319156114641771,0.591,0.593,0.621,True,999,0.00011304195504635572,0.0027245000237599015,strong_5x5_mild_500,strong_null,True,1871,2969104037,0.0,0,0
500,500,0.12608395537592176,0.13796191827121262,0.10683985376533656,0.11744609999720979,-0.011877962895290861,-0.010606246231873229,0.03270785520097257,-0.3631532187698345,-0.3242721409491213,0.7164904314608689,0.7457320094049424,0.704,0.708,0.749,True,999,0.00011249992530792952,0.0027815409703180194,strong_5x5_mild_500,strong_null,True,1872,2969104037,0.0,1,0
500,500,0.15267444608332115,0.1331176263906162,0.13254555813898605,0.11570951772273474,0.019556819692704952,0.016836040416251308,0.03360059760082691,0.5820378531667442,0.5010637196475628,0.5605411841436245,0.6163262791281174,0.546,0.558,0.615,True,999,0.0001152500044554472,0.002720416057854891,strong_5x5_mild_500,strong_null,True,1873,2969104037,0.0,0,2
500,500,0.12993025232700495,0.10329822005579636,0.1105212352149465,0.08269323401691508,0.026632032271208583,0.027828001198031416,0.030781274194932002,0.8652023987880731,0.9040561810989998,0.3869277090211727,0.36596561189957644,0.399,0.397,0.385,True,999,0.00011870905291289091,0.002714292029850185,strong_5x5_mild_500,strong_null,True,1874,2969104037,0.0,0,0
500,500,0.09683368170254214,0.13258414934694596,0.07819520131914715,0.11437827663621647,-0.035750467644403816,-0.036183075317069324,0.030574829523766393,-1.1692777425501033,-1.1834268867776854,0.24229174762000438,0.23664000679478614,0.219,0.227,0.223,True,999,0.0001204590080305934,0.0027939589926972985,strong_5x5_mild_500,strong_null,True,1875,2969104037,0.0,1,1
500,500,0.10802428335181302,0.09993502196504456,0.087441686540501,0.08271062145706765,0.008089261386768465,0.00473106508343335,0.029564052923669766,0.27361814727005807,0.16002762191125472,0.7843780865303189,0.87285931547136,0.784,0.786,0.872,True,999,0.00011391693260520697,0.002753457985818386,strong_5x5_mild_500,strong_null,True,1876,2969104037,0.0,0,2
500,500,0.14205480958114935,0.09833352702633258,0.12238363776458527,0.079032006650948,0.043721282554816776,0.04335163111363727,0.030286758812011243,1.4435774665157506,1.4313724153422684,0.14885786720742927,0.15232350977129605,0.148,0.144,0.155,True,999,0.00011487491428852081,0.0027830839389935136,strong_5x5_mild_500,strong_null,True,1877,2969104037,0.0,0,1
500,500,0.1368074809836084,0.13154787214015884,0.11784682895211063,0.11162826368354217,0.005259608843449559,0.0062185652685684545,0.03350205250504164,0.1569936302457306,0.1856174414278838,0.8752498681800017,0.8527447749781732,0.865,0.866,0.841,True,999,0.00011129106860607862,0.0027814169880002737,strong_5x5_mild_500,strong_null,True,1878,2969104037,0.0,0,0
500,500,0.09936587630092886,0.10335216314339357,0.08178139908807225,0.08540128520741064,-0.003986286842464715,-0.003619886119338389,0.029107844007198014,-0.13694888709307892,-0.12436119000923722,0.8910711965218956,0.9010293006357863,0.889,0.888,0.902,True,999,0.00011224998161196709,0.002700166078284383,strong_5x5_mild_500,strong_null,True,1879,2969104037,0.0,0,1
500,500,0.10691890956699512,0.09963246271055115,0.08887504340373198,0.08088821033180693,0.007286446856443973,0.007986833071925048,0.028432824438146157,0.25626883717779025,0.280901853043123,0.7977432582850683,0.7787856793314875,0.794,0.797,0.776,True,999,0.00011999998241662979,0.0027528339996933937,strong_5x5_mild_500,strong_null,True,1880,2969104037,0.0,1,0
500,500,0.11862465386108012,0.10088036222522079,0.10029049160414161,0.08056945325290599,0.017744291635859333,0.01972103835123562,0.029933985483192795,0.5927807924481797,0.6588176626967533,0.5533278637652537,0.5100128637697221,0.538,0.539,0.502,True,999,0.00011600006837397814,0.002749415929429233,strong_5x5_mild_500,strong_null,True,1881,2969104037,0.0,1,0
500,500,0.1508330357729062,0.09932845538224577,0.13219958456215863,0.0808040078896397,0.051504580390660415,0.05139557667251893,0.03127109418084014,1.6470348013027754,1.643549035262383,0.09955089284485855,0.10026938865430815,0.115,0.109,0.11,True,999,0.0001152080949395895,0.0026771669508889318,strong_5x5_mild_500,strong_null,True,1882,2969104037,0.0,0,0
500,500,0.13785429022143103,0.11175881828022538,0.1196800112039682,0.09417376552556789,0.02609547194120565,0.02550624567840032,0.030977608309170825,0.8423978920761345,0.8233768541404558,0.3995652725273684,0.4102937212043033,0.383,0.389,0.411,True,999,0.00012004200834780931,0.0027337500359863043,strong_5x5_mild_500,strong_null,True,1883,2969104037,0.0,1,1
500,500,0.13356736420140147,0.1388873302514827,0.11454682797273108,0.11831079410308121,-0.005319966050081226,-0.003763966130350127,0.03226932659012142,-0.16486139043601308,-0.11664222740558791,0.8690530824680085,0.9071435734710505,0.862,0.862,0.906,True,999,0.00011979194823652506,0.00281354202888906,strong_5x5_mild_500,strong_null,True,1884,2969104037,0.0,1,0
500,500,0.13678960134088758,0.12143270408447082,0.11725313980576857,0.1030709499545992,0.015356897256416757,0.014182189851169369,0.032327540807028696,0.4750406889310257,0.43870302216387147,0.6347579719269112,0.6608767369739923,0.643,0.642,0.681,True,999,0.00011200003791600466,0.002785166958346963,strong_5x5_mild_500,strong_null,True,1885,2969104037,0.0,1,1
500,500,0.2038369473736128,0.12555865653008036,0.18937457445645123,0.10729120117656521,0.07827829084353244,0.08208337327988602,0.034229043353296,2.2868968330660295,2.398062149521979,0.02220184552258592,0.01648206844413829,0.014,0.014,0.014,True,999,0.00011095893569290638,0.002825791947543621,strong_5x5_mild_500,strong_null,True,1886,2969104037,0.0,3,1
500,500,0.11500871863411621,0.11669733151490891,0.09665678309931991,0.0990573092197451,-0.0016886128807926948,-0.0024005261204251838,0.029049613898406792,-0.05812858259315129,-0.08263538816110871,0.9536462072628351,0.9341414618088167,0.953,0.952,0.942,True,999,0.00011204101610928774,0.0028949170373380184,strong_5x5_mild_500,strong_null,True,1887,2969104037,0.0,1,1
500,500,0.10348405058165366,0.05829365203633574,0.08143314093865683,0.03846973394433917,0.04519039854531792,0.042963406994317666,0.026536917922257593,1.7029256629465208,1.6190051580286386,0.08858198075435401,0.10544615331626367,0.077,0.087,0.112,True,999,0.00011337501928210258,0.002747375052422285,strong_5x5_mild_500,strong_null,True,1888,2969104037,0.0,0,0
500,500,0.13614528746450882,0.1364907363998079,0.11726863841215618,0.11849213936392289,-0.0003454489352990864,-0.0012235009517667095,0.032223089463866726,-0.010720540489652756,-0.03796969726129702,0.9914464101041558,0.9697118426805091,0.995,0.995,0.972,True,999,0.00011808308772742748,0.002777542104013264,strong_5x5_mild_500,strong_null,True,1889,2969104037,0.0,0,1
500,500,0.12762930231758596,0.06843420241107934,0.1098763469189521,0.04956960769817442,0.05919509990650662,0.06030673922077767,0.028176494562888114,2.100868146475318,2.1403208651870065,0.035652542299195275,0.03232884489074349,0.035,0.032,0.03,True,999,0.00011699995957314968,0.002669000066816807,strong_5x5_mild_500,strong_null,True,1890,2969104037,0.0,0,0
500,500,0.11629995992293263,0.11126454674248465,0.09995843927447368,0.09271975104400099,0.0050354131804479785,0.00723868823047269,0.030213311072762483,0.16666207713286477,0.23958606234979718,0.867635946189326,0.810651170757283,0.881,0.881,0.823,True,999,0.00011316605377942324,0.0027779170777648687,strong_5x5_mild_500,strong_null,True,1891,2969104037,0.0,2,1
500,500,0.15244420642370993,0.12557495781176953,0.13642528600996684,0.10698858577154624,0.0268692486119404,0.0294367002384206,0.032168744049446564,0.8352594857492629,0.9150714803528996,0.4035716232444313,0.3601541059264447,0.389,0.393,0.347,True,999,0.00011262495536357164,0.0028227079892531037,strong_5x5_mild_500,strong_null,True,1892,2969104037,0.0,2,0
500,500,0.13392330700942967,0.10867978601148254,0.11416790542887156,0.09106679256581174,0.025243520997947133,0.023101112863059825,0.031179884882865282,0.8096091788914704,0.7408979523126752,0.41816483095636847,0.458755317169675,0.403,0.4,0.43,True,999,0.00011899997480213642,0.0026736250147223473,strong_5x5_mild_500,strong_null,True,1893,2969104037,0.0,0,0
500,500,0.12392578659377773,0.10208404419348671,0.10449333832929142,0.08254510593866371,0.02184174240029102,0.02194823239062771,0.03079900864723748,0.7091703064361494,0.7126278849431849,0.4782187977405564,0.4760760518575221,0.459,0.467,0.471,True,999,0.00011858309153467417,0.002734667039476335,strong_5x5_mild_500,strong_null,True,1894,2969104037,0.0,0,0
500,500,0.1319060567154986,0.12466650508613264,0.11639794498194078,0.10655981398804215,0.007239551629365959,0.00983813099389863,0.029960908783361807,0.24163324556384283,0.3283655734555702,0.8090643590518051,0.7426352695854683,0.814,0.814,0.754,True,999,0.00011808308772742748,0.002798749948851764,strong_5x5_mild_500,strong_null,True,1895,2969104037,0.0,2,1
500,500,0.10184675193859793,0.126314375811299,0.0834300277772968,0.10820584214957307,-0.024467623872701072,-0.024775814372276272,0.029858948853168064,-0.8194402285566403,-0.8297617740702059,0.4125352908316159,0.40667348728340136,0.374,0.372,0.362,True,999,0.00011091702617704868,0.0027031669160351157,strong_5x5_mild_500,strong_null,True,1896,2969104037,0.0,0,1
500,500,0.14359367198830464,0.10131257144247885,0.12401910479934486,0.08308592022729044,0.04228110054582579,0.040933184572054415,0.0316627312563529,1.3353586019949684,1.2927875438364613,0.18175900713230841,0.19608454967539068,0.185,0.174,0.195,True,999,0.00011595804244279861,0.0027944999746978283,strong_5x5_mild_500,strong_null,True,1897,2969104037,0.0,0,1
500,500,0.11041714383808077,0.11119686528910488,0.08911757200024795,0.09340562031309219,-0.0007797214510241179,-0.004288048312844239,0.03012571520313568,-0.025882255268182296,-0.1423384734247873,0.9793512535505358,0.8868126584893445,0.981,0.981,0.874,True,999,0.00012020801659673452,0.0028251669136807323,strong_5x5_mild_500,strong_null,True,1898,2969104037,0.0,0,1
500,500,0.10986108734149558,0.09831538508232462,0.09172822333448494,0.08101475724021157,0.011545702259170953,0.010713466094273372,0.029401127510951697,0.3926959010286346,0.36438963404660885,0.6945440984694243,0.7155670750233492,0.696,0.698,0.719,True,999,0.00011570891365408897,0.002641583909280598,strong_5x5_mild_500,strong_null,True,1899,2969104037,0.0,0,0
500,500,0.10328735037003356,0.14677689350950662,0.08375660333086898,0.12778826000658228,-0.043489543139473064,-0.04403165667571329,0.03124008020483108,-1.3921072818739972,-1.40946042350122,0.16388991349958193,0.1586990680559175,0.159,0.153,0.155,True,999,0.00011583301238715649,0.0027186659863218665,strong_5x5_mild_500,strong_null,True,1900,2969104037,0.0,0,0
500,500,0.10949062485496008,0.11925788694087402,0.08986177002611839,0.1016942137919159,-0.009767262085913941,-0.011832443765797507,0.030590490452411075,-0.31929079728579857,-0.38680137489802485,0.7495060104736568,0.6989032592832279,0.75,0.749,0.701,True,999,0.00011129199992865324,0.002769708982668817,strong_5x5_mild_500,strong_null,True,1901,2969104037,0.0,0,0
500,500,0.11755805283238141,0.10682043849517231,0.0983135930825938,0.08905231105728717,0.0107376143372091,0.009261282025306627,0.030529929463715435,0.3517078003724399,0.3033509145939424,0.7250574100335015,0.7616224487165577,0.728,0.729,0.761,True,999,0.0001165829598903656,0.0027632080018520355,strong_5x5_mild_500,strong_null,True,1902,2969104037,0.0,1,0
500,500,0.14948195189290303,0.1510863881856419,0.13129749961899506,0.1323832994033296,-0.0016044362927388756,-0.0010857997843345402,0.03406721335449237,-0.04709619997513832,-0.03187228063053059,0.9624365559594191,0.9745739042573347,0.964,0.964,0.978,True,999,0.0001178329112008214,0.002734582987613976,strong_5x5_mild_500,strong_null,True,1903,2969104037,0.0,0,1
500,500,0.14502985336637986,0.10407323858575457,0.1273056800185941,0.08466066714078124,0.04095661478062529,0.04264501287781286,0.0316395538837787,1.2944751032543276,1.3478386273858483,0.19550136356782954,0.17771029104958636,0.202,0.198,0.183,True,999,0.0001140419626608491,0.002744999947026372,strong_5x5_mild_500,strong_null,True,1904,2969104037,0.0,0,0
500,500,0.10777776265948402,0.12531009807691018,0.08830348768594831,0.10612714158014569,-0.01753233541742616,-0.017823653894197378,0.03111871836962749,-0.5634015902961506,-0.5727631094085684,0.5731614545330992,0.5668051003473542,0.593,0.596,0.582,True,999,0.00010958407074213028,0.002766291960142553,strong_5x5_mild_500,strong_null,True,1905,2969104037,0.0,0,1
500,500,0.10901296094175428,0.12409234689705273,0.0901880348518489,0.10575302034658307,-0.015079385955298452,-0.015564985494734174,0.030193173354987578,-0.4994303108854076,-0.5155134013816077,0.6174762701349039,0.6061943072772071,0.608,0.604,0.577,True,999,0.0001176249934360385,0.00280287500936538,strong_5x5_mild_500,strong_null,True,1906,2969104037,0.0,0,1
500,500,0.14402266119233986,0.13902952607266128,0.1250012308068449,0.12359448698765618,0.004993135119678582,0.001406743819188705,0.032602515214194334,0.15315183773013605,0.04314832183794958,0.8782785374231743,0.9655832998861628,0.884,0.885,0.967,True,999,0.0001129999291151762,0.0027199590113013983,strong_5x5_mild_500,strong_null,True,1907,2969104037,0.0,1,2
500,500,0.06131726715162622,0.10923457757452715,0.043754006204324014,0.08970245025909662,-0.04791731042290093,-0.04594844405477261,0.026450257317581414,-1.8116009174341916,-1.7371643497861475,0.07004788309224341,0.0823581655746826,0.041,0.05,0.062,True,999,0.0001142079709097743,0.002724417019635439,strong_5x5_mild_500,strong_null,True,1908,2969104037,0.0,1,0
500,500,0.11420683987468472,0.13214316958812988,0.09517122856271953,0.11345039810356639,-0.017936329713445165,-0.01827916954084685,0.031587170137173985,-0.5678359167837084,-0.5786896851305666,0.5701463890645826,0.5627985771867008,0.554,0.553,0.536,True,999,0.00011412508320063353,0.0027654580771923065,strong_5x5_mild_500,strong_null,True,1909,2969104037,0.0,1,0
500,500,0.11635639366710737,0.12168702383945762,0.09809416405926186,0.1041751780260256,-0.005330630172350248,-0.006081013966763749,0.0313243714160839,-0.1701751681316474,-0.19413043875611097,0.8648723798214972,0.846073748298404,0.846,0.85,0.837,True,999,0.00013049994595348835,0.0027163749327883124,strong_5x5_mild_500,strong_null,True,1910,2969104037,0.0,0,1
500,500,0.09032900029378221,0.12206481805065428,0.07290832311036866,0.10380597193159247,-0.031735817756872065,-0.03089764882122381,0.029450324865275473,-1.0776050146153529,-1.0491445837208695,0.2812100633975705,0.294111579231467,0.238,0.237,0.255,True,999,0.00011383299715816975,0.0027467500185593963,strong_5x5_mild_500,strong_null,True,1911,2969104037,0.0,1,0
500,500,0.10965709530230283,0.10719957594845386,0.0926370684821336,0.0890341083295425,0.0024575193538489692,0.003602960152591095,0.0300187641609248,0.08186610683486777,0.12002360034797971,0.934753186766901,0.9044644527236545,0.934,0.933,0.896,True,999,0.00011495803482830524,0.0028446249198168516,strong_5x5_mild_500,strong_null,True,1912,2969104037,0.0,1,0
500,500,0.1095174283053072,0.10772850601028683,0.09104211819987995,0.08824210072282312,0.0017889222950203676,0.0028000174770568265,0.029776500602970372,0.06007832548469153,0.09403447081949949,0.952093252532751,0.9250817742905598,0.952,0.951,0.929,True,999,0.00011554104276001453,0.0027042919537052512,strong_5x5_mild_500,strong_null,True,1913,2969104037,0.0,1,0
500,500,0.13997348977977753,0.1334320170643637,0.11978508333106674,0.11368243319844851,0.006541472715413832,0.006102650132618237,0.032633691907873165,0.20045150680103235,0.18700458868847503,0.84112748020513,0.8516570351617542,0.835,0.841,0.847,True,999,0.00011337490286678076,0.0027147079817950726,strong_5x5_mild_500,strong_null,True,1914,2969104037,0.0,0,0
500,500,0.10174089230051053,0.09805709584181488,0.08225984414798404,0.07832483270169632,0.003683796458695654,0.003935011446287717,0.028520845277733076,0.1291615456282316,0.13796966422169393,0.8972298234183255,0.8902643926658397,0.885,0.885,0.872,True,999,0.00011783302761614323,0.0027734999312087893,strong_5x5_mild_500,strong_null,True,1915,2969104037,0.0,0,0
500,500,0.13796156212972432,0.10713379926621192,0.1186688656981687,0.08866779661428836,0.03082776286351241,0.03000106908388034,0.031131982670896823,0.9902280619066126,0.9636735764961831,0.3220626593470848,0.3352096059208256,0.343,0.332,0.351,True,999,0.00011162494774907827,0.0026814170414581895,strong_5x5_mild_500,strong_null,True,1916,2969104037,0.0,0,1
500,500,0.11901266279305078,0.13278322553815247,0.09940221550891692,0.11508771162505127,-0.013770562745101689,-0.015685496116134345,0.03130883372309696,-0.43982994917319307,-0.5009926672727811,0.6600602746007097,0.6163762835430384,0.667,0.671,0.627,True,999,0.00012833299115300179,0.0026787499664351344,strong_5x5_mild_500,strong_null,True,1917,2969104037,0.0,0,0
500,500,0.11041662321856016,0.11148485156070087,0.0929594925283368,0.09097578310098697,-0.001068228342140709,0.0019837094273498224,0.02971923844123111,-0.035944001198183397,0.06674832638368401,0.9713270106362428,0.9467820611770441,0.968,0.968,0.945,True,999,0.00011791603174060583,0.0027770419837906957,strong_5x5_mild_500,strong_null,True,1918,2969104037,0.0,0,0
500,500,0.08046805509839605,0.13446519028026505,0.060345006122531686,0.11520890655589255,-0.053997135181868994,-0.05486390043336087,0.0286319506708235,-1.885904869097623,-1.9161775271311927,0.05930777527095312,0.055342502827776745,0.054,0.054,0.053,True,999,0.0001182089326903224,0.002693499904125929,strong_5x5_mild_500,strong_null,True,1919,2969104037,0.0,1,0
500,500,0.14948376079425119,0.14843958572125526,0.12998746700424135,0.12976180922822778,0.0010441750729959232,0.00022565777601357695,0.03378879073697425,0.03090300215607621,0.006678480380377896,0.9753468956937684,0.9946713832261509,0.978,0.978,0.993,True,999,0.00011483300477266312,0.002738500013947487,strong_5x5_mild_500,strong_null,True,1920,2969104037,0.0,1,0
500,500,0.12781245745569825,0.12110452522415027,0.10993082448527502,0.10188556858270204,0.006707932231547975,0.00804525590257299,0.03183421625132653,0.2107145399336934,0.25272354246314277,0.8331100281112239,0.8004818540488978,0.846,0.844,0.809,True,999,0.0001141249667853117,0.0027385420398786664,strong_5x5_mild_500,strong_null,True,1921,2969104037,0.0,0,0
500,500,0.1401285426441805,0.10769918745188534,0.12036538503713246,0.08922710224669572,0.03242935519229517,0.031138282790436733,0.030651195287603673,1.0580127426681676,1.0158913053230931,0.29004963301097764,0.30968114970860705,0.283,0.292,0.317,True,999,0.0001153330085799098,0.002669416950084269,strong_5x5_mild_500,strong_null,True,1922,2969104037,0.0,0,0
500,500,0.1247015759192922,0.12969036829926006,0.1052545424672644,0.11022395861266432,-0.004988792379967855,-0.004969416145399919,0.031728514563447864,-0.15723372016019568,-0.15662303179881054,0.8750606539645477,0.8755419498160082,0.869,0.875,0.874,True,999,0.00011441600508987904,0.0027307079872116446,strong_5x5_mild_500,strong_null,True,1923,2969104037,0.0,0,0
500,500,0.12040709669131289,0.12643773287283078,0.10312133941931734,0.10986463872109198,-0.00603063618151789,-0.006743299301774641,0.03077420932553352,-0.19596396832571877,-0.21912177272998826,0.84463836826956,0.8265551906949188,0.84,0.838,0.829,True,999,0.00011254206765443087,0.0027411659248173237,strong_5x5_mild_500,strong_null,True,1924,2969104037,0.0,1,2
500,500,0.11639152144139531,0.08760916086125503,0.09876424482348511,0.0670286381787264,0.028782360580140276,0.03173560664475872,0.029590009030436272,0.9727053665490522,1.072510880686636,0.3306997572900485,0.28349062946657844,0.339,0.334,0.289,True,999,0.0001129580195993185,0.0027743750251829624,strong_5x5_mild_500,strong_null,True,1925,2969104037,0.0,1,0
500,500,0.16827251853995429,0.12803913674801148,0.15084896834446226,0.11081189356553978,0.0402333817919428,0.04003707477892249,0.03221724662863692,1.248815029282502,1.2427218017859654,0.21173273561083705,0.21397036710223793,0.228,0.224,0.227,True,999,0.00012037495616823435,0.002802208997309208,strong_5x5_mild_500,strong_null,True,1926,2969104037,0.0,1,2
500,500,0.12249487773595091,0.1109487982222469,0.10518897403107985,0.09339838330657813,0.01154607951370401,0.011790590724501726,0.03044980087260782,0.37918407289456824,0.3872140502274471,0.7045511780096085,0.6985977493438031,0.68,0.69,0.681,True,999,0.00011983397416770458,0.0028251250041648746,strong_5x5_mild_500,strong_null,True,1927,2969104037,0.0,1,2
500,500,0.13415544158254566,0.14201900569874115,0.11487893995740706,0.12256469727157082,-0.007863564116195487,-0.007685757314163766,0.03225397917974445,-0.243801363930123,-0.2382886549077465,0.8073846639379496,0.8116572200291288,0.792,0.791,0.795,True,999,0.0001182089326903224,0.0026860838988795877,strong_5x5_mild_500,strong_null,True,1928,2969104037,0.0,0,0
500,500,0.10713160872111804,0.10555052998507763,0.0880550476858275,0.08605958906508704,0.0015810787360404088,0.0019954586207404645,0.029828396581386342,0.053005823887531424,0.06689795126251205,0.9577272674476767,0.9466629440423043,0.967,0.966,0.947,True,999,0.00011379097122699022,0.0027923749294131994,strong_5x5_mild_500,strong_null,True,1929,2969104037,0.0,1,1
500,500,0.09578152362984371,0.11202514459898105,0.07586439682205537,0.09230775751967712,-0.01624362096913734,-0.016443360697621756,0.0297584063874989,-0.5458498266883358,-0.552561870535157,0.5851691694976511,0.5805634573421056,0.55,0.558,0.541,True,999,0.00011837494093924761,0.002828083001077175,strong_5x5_mild_500,strong_null,True,1930,2969104037,0.0,0,0
500,500,0.11550042258709148,0.11659979808899035,0.0958914867836711,0.09810518761463527,-0.0010993755018988693,-0.0022137008309641715,0.030711190980586667,-0.03579722787676365,-0.07208124336055573,0.9714440434858697,0.9425372530220433,0.976,0.976,0.945,True,999,0.00011387502308934927,0.0026814999291673303,strong_5x5_mild_500,strong_null,True,1931,2969104037,0.0,0,0
500,500,0.10059794458758453,0.10571654824106758,0.08359959848240806,0.0873080651321061,-0.005118603653483045,-0.003708466649698039,0.028690653846761,-0.1784066574718688,-0.12925695836369733,0.8584036212737299,0.8971543279073979,0.866,0.864,0.894,True,999,0.0001129580195993185,0.0027683330699801445,strong_5x5_mild_500,strong_null,True,1932,2969104037,0.0,1,1
500,500,0.12225051652587293,0.12949773146489352,0.10514839072823179,0.1107199324700332,-0.007247214939020585,-0.005571541741801411,0.0314024628004633,-0.23078492235053816,-0.17742371919056016,0.8174818952903647,0.859175577644109,0.811,0.81,0.855,True,999,0.00011312507558614016,0.0027728750137612224,strong_5x5_mild_500,strong_null,True,1933,2969104037,0.0,2,0
500,500,0.13993263055662997,0.13821593634666707,0.12042509684562219,0.11967496317197401,0.001716694209962899,0.000750133673648179,0.032660820258716944,0.05256127054876172,0.022967386235438272,0.9580814759157625,0.9816762880971164,0.96,0.96,0.986,True,999,0.00011658400762826204,0.00279616704210639,strong_5x5_mild_500,strong_null,True,1934,2969104037,0.0,0,1
500,500,0.14698382420268707,0.09991603611739619,0.1273895088457948,0.08229312588406401,0.047067788085290885,0.045096382961730797,0.031548558620114166,1.4919156419172268,1.429427680191356,0.13572126153420408,0.1528813472936773,0.138,0.136,0.148,True,999,0.00012041698209941387,0.00285799999255687,strong_5x5_mild_500,strong_null,True,1935,2969104037,0.0,0,1
500,500,0.1317101290160092,0.13519453298065875,0.11208742794343607,0.1167517803555711,-0.0034844039646495517,-0.004664352412135031,0.03275909656823809,-0.10636447062547782,-0.1423834263078366,0.9152931814592007,0.8867771528966367,0.915,0.915,0.887,True,999,0.0001325419871136546,0.0027631670236587524,strong_5x5_mild_500,strong_null,True,1936,2969104037,0.0,0,1
500,500,0.13162019513687984,0.10471814871312723,0.11365680817129942,0.086829916292686,0.0269020464237526,0.026826891878613424,0.030790671219181463,0.8737076964724825,0.8712668745558638,0.3822774584790827,0.38360845295629253,0.397,0.402,0.398,True,999,0.00011795898899435997,0.002773999935016036,strong_5x5_mild_500,strong_null,True,1937,2969104037,0.0,1,0
500,500,0.12755971099781416,0.10284334528224681,0.10887207740927352,0.08430772366148176,0.024716365715567346,0.024564353747791756,0.030570973423480526,0.8084912892104229,0.8035188610947112,0.4188078185710846,0.4216748996630377,0.39,0.389,0.39,True,999,0.00011712510604411364,0.0028022918850183487,strong_5x5_mild_500,strong_null,True,1938,2969104037,0.0,0,0
500,500,0.11042658048063503,0.15268926963979212,0.09167304823586164,0.1324172613016117,-0.042262689159157096,-0.040744213065750046,0.03173287842597871,-1.331826523639846,-1.2839747002715656,0.18291720004559375,0.1991508078376476,0.162,0.157,0.18,True,999,0.0001188330352306366,0.0027216250309720635,strong_5x5_mild_500,strong_null,True,1939,2969104037,0.0,0,0
500,500,0.12719765475979372,0.12177484668867988,0.10962849745402536,0.1053466377999257,0.005422808071113838,0.004281859654099662,0.03219587036205299,0.1684317898579105,0.13299406433026234,0.8662436006488045,0.8941980747782717,0.865,0.866,0.887,True,999,0.00011749996338039637,0.0027217089664191008,strong_5x5_mild_500,strong_null,True,1940,2969104037,0.0,1,2
500,500,0.16601204012089688,0.10418425051526414,0.14733671436596296,0.08577782493796349,0.06182778960563273,0.061558889427999475,0.032289793670259186,1.9147780948064648,1.9064503804711166,0.055520809187701615,0.05659179757930625,0.053,0.055,0.052,True,999,0.0001129580195993185,0.0027487920597195625,strong_5x5_mild_500,strong_null,True,1941,2969104037,0.0,0,0
500,500,0.12418875344677827,0.11620672565785828,0.1073200565418233,0.09701174501071819,0.007982027788919988,0.010308311531105119,0.030919243796891604,0.25815727711045905,0.33339468451493764,0.7962855284968429,0.7388363750231659,0.795,0.791,0.733,True,999,0.00011725001968443394,0.0026775000151246786,strong_5x5_mild_500,strong_null,True,1942,2969104037,0.0,1,0
500,500,0.09840776071628499,0.13145471651173368,0.07885053270388198,0.11265960724790602,-0.033046955795448696,-0.03380907454402404,0.03082805282843707,-1.0719767472619879,-1.096698345892192,0.28373047639400584,0.27277327977578636,0.279,0.282,0.268,True,999,0.0001326659694314003,0.002754500019364059,strong_5x5_mild_500,strong_null,True,1943,2969104037,0.0,1,0
500,500,0.17316932010451902,0.12372308956140343,0.1567128548100527,0.10600860745563523,0.04944623054311559,0.050704247354417475,0.03308704241154473,1.4944288440197002,1.532450278382263,0.13506356722055352,0.12541135841252019,0.136,0.133,0.125,True,999,0.00011295790318399668,0.002794582978822291,strong_5x5_mild_500,strong_null,True,1944,2969104037,0.0,1,1
500,500,0.12339875342568474,0.08398625657652947,0.1057428500791957,0.06525897516644363,0.039412496849155265,0.04048387491275207,0.029448405199523145,1.3383575980472269,1.3747391289429698,0.18077989417619067,0.1692123356356683,0.179,0.175,0.172,True,999,0.00011358398478478193,0.002708541927859187,strong_5x5_mild_500,strong_null,True,1945,2969104037,0.0,1,0
500,500,0.1253003108704387,0.13937692263135137,0.10605154364480995,0.12079436568205892,-0.014076611760912683,-0.01474282203724897,0.0325660392832501,-0.4322481969169888,-0.4527054060526095,0.6655610332134201,0.6507608862684204,0.679,0.68,0.671,True,999,0.0001163750421255827,0.0027139170560985804,strong_5x5_mild_500,strong_null,True,1946,2969104037,0.0,1,0
500,500,0.12744908060227522,0.15215942993197307,0.10932588175194269,0.13189740714005893,-0.024710349329697845,-0.022571525388116243,0.032445832409311225,-0.7615877755260343,-0.6956679398257238,0.44630607309539894,0.48663680776549123,0.434,0.44,0.492,True,999,0.00011858402285724878,0.0027174591086804867,strong_5x5_mild_500,strong_null,True,1947,2969104037,0.0,1,0
500,500,0.13133837140109994,0.1273970777627298,0.1132419959553772,0.11119747006910075,0.003941293638370147,0.0020445258862764604,0.031054313877282132,0.1269161397010742,0.06583709736289292,0.8990067723083863,0.9475075208689255,0.898,0.901,0.953,True,999,0.00011654198169708252,0.0026981659466400743,strong_5x5_mild_500,strong_null,True,1948,2969104037,0.0,0,2
500,500,0.0901172865160409,0.1135823367620794,0.07285485956595039,0.09606347321130215,-0.02346505024603851,-0.02320861364535176,0.028133311793695492,-0.8340664056229913,-0.8249513535961548,0.40424356461896294,0.4093992094227077,0.359,0.356,0.366,True,999,0.0001217500539496541,0.0026912499452009797,strong_5x5_mild_500,strong_null,True,1949,2969104037,0.0,1,0
500,500,0.14075167575973757,0.10688629841700503,0.11943753087223286,0.08774279569922783,0.03386537734273254,0.03169473517300503,0.03190101693569129,1.0615767331493278,0.9935336932016273,0.2884278809108842,0.3204499392260606,0.283,0.29,0.327,True,999,0.0001163750421255827,0.002825083094649017,strong_5x5_mild_500,strong_null,True,1950,2969104037,0.0,0,0
500,500,0.08427307348987045,0.09260945242463481,0.06434465492935715,0.07295094522021373,-0.008336378934764355,-0.008606290290856577,0.027451322319922634,-0.3036785928783575,-0.3135109555218261,0.7613727686593034,0.7538924986332604,0.754,0.755,0.756,True,999,0.00011579098645597696,0.0027100410079583526,strong_5x5_mild_500,strong_null,True,1951,2969104037,0.0,0,0
500,500,0.15286796910889744,0.15236550795693227,0.13398565977536236,0.13670493108202209,0.0005024611519651723,-0.0027192713066597207,0.033972844323754844,0.014790081960074098,-0.08004249749433914,0.9881996521667954,0.9362034562673639,0.986,0.986,0.942,True,999,0.00011912500485777855,0.002732624998316169,strong_5x5_mild_500,strong_null,True,1952,2969104037,0.0,1,2
500,500,0.06461038764037896,0.09542490330888265,0.046990729319190905,0.07869606281496999,-0.030814515668503684,-0.03170533349577909,0.025749171062277067,-1.1967187446141683,-1.2313147253982049,0.23141619840049632,0.21820517653258675,0.195,0.203,0.196,True,999,0.00011970894411206245,0.002784874988719821,strong_5x5_mild_500,strong_null,True,1953,2969104037,0.0,0,2
500,500,0.07628624135927797,0.12542697436874728,0.0581870196809291,0.10785961455519555,-0.049140733009469306,-0.04967259487426645,0.028688919921351697,-1.7128819469043994,-1.7314208764373062,0.08673426016272318,0.08337672582758143,0.092,0.088,0.086,True,999,0.00012558395974338055,0.002657374949194491,strong_5x5_mild_500,strong_null,True,1954,2969104037,0.0,0,0
500,500,0.12350228114298312,0.11957363076857797,0.10323137935688464,0.10195909145841142,0.0039286503744051515,0.0012722878984732233,0.030279409095763373,0.12974659980913694,0.04201825387177846,0.8967669128332096,0.966484146481793,0.89,0.888,0.967,True,999,0.00011108303442597389,0.0027432910865172744,strong_5x5_mild_500,strong_null,True,1955,2969104037,0.0,0,1
500,500,0.09856182418828752,0.1265868902217937,0.08050584980742315,0.10796031814135176,-0.028025066033506185,-0.027454468333928617,0.030802888893336183,-0.9098194046198392,-0.891295242761079,0.3629177592940189,0.37277080015907005,0.368,0.365,0.375,True,999,0.00011891697067767382,0.0026920000091195107,strong_5x5_mild_500,strong_null,True,1956,2969104037,0.0,0,0
500,500,0.09409089485635369,0.12307914110127394,0.07364553370132398,0.10305562028088389,-0.028988246244920246,-0.029410086579559902,0.03004882890327919,-0.9647046924266921,-0.9787431874375117,0.33469274427806095,0.32770688724308683,0.325,0.327,0.329,True,999,0.0001157920341938734,0.0027492910157889128,strong_5x5_mild_500,strong_null,True,1957,2969104037,0.0,0,1
500,500,0.1096115188347403,0.10035798722060374,0.09239609765546675,0.08145424502691867,0.009253531614136556,0.010941852628548077,0.028970291860694792,0.31941451120453535,0.37769217794430804,0.7494122083607828,0.705659279244234,0.745,0.743,0.704,True,999,0.00011324998922646046,0.002749499981291592,strong_5x5_mild_500,strong_null,True,1958,2969104037,0.0,1,0
500,500,0.125449299465074,0.14067025869787264,0.10785652605852647,0.12330688435650927,-0.015220959232798648,-0.015450358297982802,0.03239369227133597,-0.46987416887537503,-0.47695576560299296,0.6384449203521372,0.6333936206885572,0.621,0.628,0.628,True,999,0.00011208304204046726,0.002740749972872436,strong_5x5_mild_500,strong_null,True,1959,2969104037,0.0,1,1
500,500,0.10650044422929072,0.08735225453321882,0.08796157436938756,0.06802003109487487,0.019148189696071904,0.019941543274512696,0.02803472401248909,0.6830168789085153,0.711315840513679,0.4945961769418554,0.4768885376909018,0.475,0.472,0.458,True,999,0.0001152080949395895,0.00270175002515316,strong_5x5_mild_500,strong_null,True,1960,2969104037,0.0,0,0
500,500,0.10339800482471617,0.09812448837103871,0.08509701070158826,0.07897196190958766,0.005273516453677463,0.006125048792000598,0.02847447436660364,0.18520153825429417,0.21510665001719495,0.8530709626115532,0.8296841693012108,0.861,0.859,0.843,True,999,0.00013783294707536697,0.0026863329112529755,strong_5x5_mild_500,strong_null,True,1961,2969104037,0.0,1,0
500,500,0.07545111984135766,0.12360606992347933,0.057688531190592585,0.10416631150906142,-0.04815495008212167,-0.04647778031846883,0.028460709719823687,-1.6919799455521094,-1.6330506433610033,0.09064979742447302,0.10245834591190553,0.089,0.087,0.099,True,999,0.00011725001968443394,0.002745875041000545,strong_5x5_mild_500,strong_null,True,1962,2969104037,0.0,1,0
500,500,0.13588327472004913,0.14958730025055833,0.11920219380419894,0.13125355842305453,-0.0137040255305092,-0.012051364618855587,0.03351601287638788,-0.4088799458650323,-0.35957035412603644,0.682627766692474,0.7191684567010799,0.699,0.7,0.741,True,999,0.00011512497439980507,0.0027343330439180136,strong_5x5_mild_500,strong_null,True,1963,2969104037,0.0,2,1
500,500,0.12317876440196152,0.10580850125492014,0.10439874666639071,0.08723923566390113,0.017370263147041376,0.01715951100248958,0.030472449000410608,0.5700317406982063,0.563115586878441,0.5686561702024363,0.5733561783608963,0.567,0.563,0.56,True,999,0.00012283294927328825,0.002752583008259535,strong_5x5_mild_500,strong_null,True,1964,2969104037,0.0,0,0
500,500,0.11086908850347177,0.11211045611962378,0.09141294421613111,0.09256992085323645,-0.0012413676161520115,-0.0011569766371053447,0.029453392720418727,-0.04214684630512622,-0.039281608339241145,0.9663816353754203,0.9686658697173275,0.955,0.954,0.962,True,999,0.00011362496297806501,0.0027299999492242932,strong_5x5_mild_500,strong_null,True,1965,2969104037,0.0,0,0
500,500,0.10060645350484165,0.10337662704436745,0.0843814226983568,0.08300690432713509,-0.0027701735395258,0.0013745183712217113,0.028532832458926568,-0.09708722551515014,0.048173218456329235,0.9226571254966534,0.961578193975444,0.918,0.919,0.967,True,999,0.00011487503070384264,0.002743624965660274,strong_5x5_mild_500,strong_null,True,1966,2969104037,0.0,2,0
500,500,0.09010079995516895,0.10753240227167504,0.06880149603222208,0.08911479576863712,-0.01743160231650609,-0.020313299736415047,0.028388929947122953,-0.6140281563614439,-0.7155359421524684,0.5391967213687224,0.47427793987183686,0.525,0.523,0.462,True,999,0.0001192920608446002,0.0027791670290753245,strong_5x5_mild_500,strong_null,True,1967,2969104037,0.0,0,0
500,500,0.12613889468758077,0.11446559322462391,0.10730092751708753,0.09293327656280326,0.011673301462956864,0.014367650954284272,0.03163440066326713,0.3690065630518341,0.454178067326799,0.7121228328640992,0.6497006677610606,0.678,0.687,0.631,True,999,0.00012508302461355925,0.0027318329084664583,strong_5x5_mild_500,strong_null,True,1968,2969104037,0.0,0,0
500,500,0.15936393655521064,0.09766537712985879,0.14298394567526884,0.07640937376248758,0.06169855942535185,0.06657457191278127,0.031538284161591296,1.9563067892098918,2.1109129327288736,0.050429024900181994,0.03477979626406593,0.053,0.05,0.034,True,999,0.00011462497059255838,0.002753624925389886,strong_5x5_mild_500,strong_null,True,1969,2969104037,0.0,1,0
500,500,0.16387157421367338,0.12874319375830923,0.14396332508289333,0.11016378538056415,0.03512838045536415,0.033799539702329184,0.03398388933986209,1.0336774612245339,0.9945753814200227,0.30128697323097064,0.3199428259523456,0.268,0.278,0.297,True,999,0.0001152500044554472,0.002904374967329204,strong_5x5_mild_500,strong_null,True,1970,2969104037,0.0,0,1
500,500,0.14687031758029856,0.11993609911150771,0.12967807559732591,0.10226580469281998,0.02693421846879085,0.02741227090450593,0.032061963956587454,0.8400676423085099,0.8549779090770203,0.4008704613932993,0.392563377509881,0.406,0.406,0.391,True,999,0.00012004200834780931,0.002813959028571844,strong_5x5_mild_500,strong_null,True,1971,2969104037,0.0,1,0
500,500,0.1174540989210966,0.13089277871711702,0.10186206221698058,0.11123858202029169,-0.013438679796020425,-0.009376519803311112,0.03187888252033261,-0.42155429342446765,-0.2941295008484282,0.673350373945258,0.768658948981288,0.662,0.659,0.762,True,999,0.0001199580729007721,0.0028422499308362603,strong_5x5_mild_500,strong_null,True,1972,2969104037,0.0,2,0
500,500,0.09913462662232608,0.1600456528405758,0.08147994573590722,0.14061896364955828,-0.06091102621824973,-0.05913901791365106,0.0317955793493529,-1.915707386520365,-1.8599761074916425,0.05540235170936726,0.06288890636750104,0.035,0.038,0.043,True,999,0.00012287497520446777,0.0028406670317053795,strong_5x5_mild_500,strong_null,True,1973,2969104037,0.0,1,0
500,500,0.09404177486345966,0.12499512258797807,0.07482168479708662,0.10473180892864775,-0.03095334772451841,-0.029910124131561133,0.029847970084031512,-1.0370335951615774,-1.002082354255738,0.29972020061686966,0.3163038195594966,0.306,0.303,0.326,True,999,0.00011483300477266312,0.0026799580082297325,strong_5x5_mild_500,strong_null,True,1974,2969104037,0.0,0,0
500,500,0.11879333189758401,0.12494473336561152,0.09944353697380848,0.10609627869104088,-0.006151401468027506,-0.006652741717232402,0.030627389980862715,-0.20084641465926942,-0.21721543106968355,0.8408186686904887,0.8280404595128151,0.825,0.826,0.815,True,999,0.00011270900722593069,0.00278208393137902,strong_5x5_mild_500,strong_null,True,1975,2969104037,0.0,1,0
500,500,0.12876641962789792,0.1278093235033907,0.11127202138703751,0.11041817324138492,0.0009570961245072285,0.0008538481456525915,0.031428074295200836,0.030453540217492105,0.027168325288800043,0.9757053457137715,0.9783254791339592,0.963,0.963,0.976,True,999,0.0001152919139713049,0.0027700000209733844,strong_5x5_mild_500,strong_null,True,1976,2969104037,0.0,1,1
500,500,0.14592172409994597,0.08838507535769557,0.1272378642233889,0.06915931010541954,0.057536648742250396,0.05807855411796936,0.030586079917665734,1.881138377233452,1.8988557629585177,0.0599530976869466,0.05758344303688244,0.038,0.04,0.04,True,999,0.0001165410503745079,0.0027083329623565078,strong_5x5_mild_500,strong_null,True,1977,2969104037,0.0,1,0
500,500,0.0925145568833613,0.08741087065815356,0.07383715345304154,0.06971506004538242,0.0051036862252077375,0.004122093407659122,0.027209694299922503,0.18756867199431468,0.15149355822313895,0.8512147864413804,0.8795863919863222,0.848,0.844,0.891,True,999,0.00011720799375325441,0.0027217079186812043,strong_5x5_mild_500,strong_null,True,1978,2969104037,0.0,1,0
500,500,0.12576895686905232,0.10460256534220491,0.10722355945574691,0.08620512287086513,0.021166391526847406,0.021018436584881783,0.030732182470754987,0.6887370119902655,0.6839226795846052,0.4909887801411469,0.4940239919009858,0.482,0.49,0.493,True,999,0.00011954200454056263,0.0027104170294478536,strong_5x5_mild_500,strong_null,True,1979,2969104037,0.0,0,0
500,500,0.15256639669769778,0.10657865292261937,0.13137519177871582,0.09031730870538013,0.045987743775078416,0.04105788307333569,0.03202498831202639,1.4359956458690908,1.2820577067288785,0.15100358024436059,0.19982240374523697,0.149,0.155,0.208,True,999,0.00011583301238715649,0.002718042000196874,strong_5x5_mild_500,strong_null,True,1980,2969104037,0.0,0,2
500,500,0.11719903945402788,0.12168653411726138,0.09882234271407242,0.10270655871750023,-0.004487494663233504,-0.0038842160034278095,0.031581241703780946,-0.14209367400193945,-0.12299123764227378,0.8870060148920487,0.9021140366342697,0.879,0.879,0.899,True,999,0.00011516595259308815,0.0027392079355195165,strong_5x5_mild_500,strong_null,True,1981,2969104037,0.0,1,0
500,500,0.13990887696616383,0.11275027634259172,0.12158906549342419,0.09448717059945011,0.027158600623572116,0.027101894893974077,0.03157483425203081,0.8601343844528764,0.8583384690999908,0.38971496916958015,0.39070559323186504,0.365,0.363,0.372,True,999,0.00011870800517499447,0.0028296669479459524,strong_5x5_mild_500,strong_null,True,1982,2969104037,0.0,1,1
500,500,0.13171863289352603,0.10246538838943442,0.11395890854493018,0.08438248052982544,0.029253244504091613,0.02957642801510474,0.030131931794239154,0.9708386672269206,0.9815642826046546,0.33162862404009075,0.3263145509412394,0.339,0.331,0.328,True,999,0.00011749996338039637,0.0027965420158579946,strong_5x5_mild_500,strong_null,True,1983,2969104037,0.0,0,0
500,500,0.09270674195718676,0.12587382880885167,0.07290735947475468,0.10808174779793944,-0.03316708685166492,-0.03517438832318476,0.029876000662827005,-1.1101581910504112,-1.177345948012052,0.2669308653643697,0.23905745444225457,0.249,0.247,0.225,True,999,0.00012037495616823435,0.002813667058944702,strong_5x5_mild_500,strong_null,True,1984,2969104037,0.0,0,0
500,500,0.11880446854581628,0.11847444399476803,0.10261651362839075,0.09890274274715694,0.0003300245510482469,0.0037137708812338133,0.030657394873565034,0.010764924821867932,0.12113784933618375,0.9914109985741586,0.9035818504750391,0.987,0.986,0.901,True,999,0.00011937494855374098,0.0027381660183891654,strong_5x5_mild_500,strong_null,True,1985,2969104037,0.0,2,0
500,500,0.11807566631870947,0.10159643927737305,0.10066362314483968,0.08206655443922273,0.01647922704133642,0.018597068705616948,0.02971118420073202,0.5546472644779472,0.6259282221796719,0.5791359535887082,0.5313620222856017,0.573,0.573,0.532,True,999,0.00011808297131210566,0.0027106249472126365,strong_5x5_mild_500,strong_null,True,1986,2969104037,0.0,1,0
500,500,0.08746118595996344,0.10899017891385387,0.06762541787605869,0.09215560461063887,-0.021528992953890436,-0.024530186734580184,0.02827042173685934,-0.7615377355980741,-0.8676979410815584,0.44633594866206383,0.38555971329935623,0.442,0.439,0.381,True,999,0.00011812499724328518,0.00278700003400445,strong_5x5_mild_500,strong_null,True,1987,2969104037,0.0,0,1
500,500,0.08383054688012925,0.10988853413230193,0.06575482591523496,0.0911687707737201,-0.026057987252172676,-0.025413944858485138,0.02804662567770342,-0.9290952698416167,-0.9061319942915195,0.35283971562793903,0.3648659926996085,0.344,0.332,0.336,True,999,0.00012833299115300179,0.0027509579667821527,strong_5x5_mild_500,strong_null,True,1988,2969104037,0.0,0,0
500,500,0.14697439286321612,0.12590226647152147,0.12820647849218858,0.10801099508370271,0.021072126391694646,0.02019548340848587,0.032756164246939556,0.6433026233730477,0.6165399360022062,0.5200277543801611,0.5375382226988709,0.539,0.541,0.565,True,999,0.00011583301238715649,0.002700457931496203,strong_5x5_mild_500,strong_null,True,1989,2969104037,0.0,0,1
500,500,0.10151855823460298,0.11849656179779511,0.08259001078874917,0.09919660917250894,-0.016978003563192123,-0.016606598383759774,0.029709135004786263,-0.5714741799267093,-0.5589728001533664,0.567678257909237,0.5761802834934846,0.572,0.573,0.569,True,999,0.00011775002349168062,0.002764499979093671,strong_5x5_mild_500,strong_null,True,1990,2969104037,0.0,0,0
500,500,0.13442527489870404,0.09341886013650191,0.11687690465129208,0.07286694267753546,0.041006414762202126,0.04400996197375662,0.03030124140052277,1.3532915770736267,1.4524144866552344,0.17596249899198546,0.14638639063840145,0.173,0.166,0.144,True,999,0.0001192920608446002,0.0026648329803720117,strong_5x5_mild_500,strong_null,True,1991,2969104037,0.0,0,0
500,500,0.08846281427297531,0.1254316271703766,0.07099305675876622,0.1078908002815524,-0.03696881289740128,-0.036897743522786186,0.029092684219322682,-1.270725403634205,-1.2682825429452662,0.20382635481600808,0.20469706891236494,0.199,0.194,0.194,True,999,0.00013108295388519764,0.0027403749991208315,strong_5x5_mild_500,strong_null,True,1992,2969104037,0.0,1,1
500,500,0.11451165970200283,0.11442797552479889,0.09656859358364045,0.09476957409685838,8.36841772039465e-05,0.001799019486782072,0.0306944856541917,0.002726358673891589,0.058610510925319714,0.9978246832017577,0.9532623385692723,0.998,0.998,0.946,True,999,0.00011554104276001453,0.0027969999937340617,strong_5x5_mild_500,strong_null,True,1993,2969104037,0.0,0,0
500,500,0.10969909986189608,0.11351693423182496,0.0923734945894239,0.09453992061867211,-0.0038178343699288853,-0.002166426029248214,0.03089988834719975,-0.12355495680212936,-0.07011112806964374,0.9016676583828105,0.944105209581288,0.893,0.9,0.936,True,999,0.00012562505435198545,0.002834209008142352,strong_5x5_mild_500,strong_null,True,1994,2969104037,0.0,1,0
500,500,0.11372533764606829,0.11595856918380298,0.09359774940395482,0.09784486323746933,-0.0022332315377346923,-0.004247113833514504,0.02995504204060147,-0.07455277594695878,-0.14178293683440366,0.9405705488338615,0.8872514623335002,0.938,0.938,0.895,True,999,0.0001230000052601099,0.002824416966177523,strong_5x5_mild_500,strong_null,True,1995,2969104037,0.0,0,1
500,500,0.08419379196010968,0.128058732340941,0.0658925815084217,0.11034344029366139,-0.04386494038083133,-0.04445085878523969,0.028930977038245587,-1.5161928448819286,-1.5364451303002122,0.12947059677945322,0.12442924532705502,0.129,0.121,0.122,True,999,0.00011312507558614016,0.0027642089407891035,strong_5x5_mild_500,strong_null,True,1996,2969104037,0.0,1,1
500,500,0.13658503475399908,0.13562152926100857,0.12001193000082822,0.11613053414998831,0.0009635054929905129,0.0038813958508399082,0.03184755144018689,0.030253675696233016,0.12187423130878948,0.9758647410835696,0.9029986239072803,0.972,0.972,0.899,True,999,0.0001170419855043292,0.0028274579672142863,strong_5x5_mild_500,strong_null,True,1997,2969104037,0.0,2,0
500,500,0.10613704968044957,0.12003868333450995,0.0863297007791175,0.10347481580924978,-0.013901633654060386,-0.017145115030132274,0.030211213952418405,-0.4601481316161266,-0.5675083118849585,0.6454098981259117,0.5703688810621443,0.639,0.636,0.566,True,999,0.00012116599828004837,0.002861624932847917,strong_5x5_mild_500,strong_null,True,1998,2969104037,0.0,0,1
500,500,0.06809640274821427,0.11407021914435744,0.05038638353232727,0.09443822336351104,-0.045973816396143175,-0.04405183983118377,0.027708282585996096,-1.659208442582384,-1.5898437477842018,0.09707379695407899,0.11187002997828885,0.095,0.094,0.106,True,999,0.0001295410329475999,0.0028517500031739473,strong_5x5_mild_500,strong_null,True,1999,2969104037,0.0,0,0
100,100,0.04675984915959008,0.058780277624292054,0.04157349155005363,0.05279129581086295,-0.012020428464701971,-0.011217804260809316,0.05009009475684358,-0.23997615742301376,-0.2239525462122764,0.8103487402152646,0.8227942279932077,0.857,0.82,0.823,True,999,0.00012879096902906895,0.0008715419098734856,weak_2x2_bal_strong_100_100,weak_null,True,0,2311938656,-4.440892098500626e-16,0,0
100,100,0.12105762671526255,0.027467817504756853,0.1158106269624426,0.020855634370697373,0.09358980921050569,0.09495499259174522,0.05422755890207746,1.7258716989180247,1.7510467834853523,0.08437049723265179,0.07993785175758937,0.229,0.104,0.101,True,999,0.00011795898899435997,0.0008088339818641543,weak_2x2_bal_strong_100_100,weak_null,True,1,2311938656,-4.440892098500626e-16,0,0
100,100,0.016411117256255436,0.03790646555682897,0.011229979940239332,0.032155864688334646,-0.021495348300573536,-0.020925884748095314,0.03603093803564973,-0.5965803132659385,-0.5807754637803441,0.5507876182477818,0.5613917937655812,0.65,0.551,0.558,True,999,0.00011137500405311584,0.0008049580501392484,weak_2x2_bal_strong_100_100,weak_null,True,2,2311938656,-4.440892098500626e-16,0,0
100,100,0.0682462026440388,0.05738085155761896,0.06303453118906077,0.051487920473896054,0.010865351086419839,0.011546610715164718,0.05188637157290683,0.20940664681384907,0.22253648434329792,0.8341308043842413,0.8238962748154659,0.888,0.839,0.821,True,999,0.00010870909318327904,0.0008004589471966028,weak_2x2_bal_strong_100_100,weak_null,True,3,2311938656,-4.440892098500626e-16,0,0
100,100,0.03848848195167354,0.0791868004566122,0.033308664659855935,0.07342306061593717,-0.04069831850493866,-0.04011439595608124,0.05212908385567911,-0.7807219213292361,-0.7695204478777934,0.4349660646680925,0.44158441048937747,0.541,0.439,0.441,True,999,0.00010945892427116632,0.000810875091701746,weak_2x2_bal_strong_100_100,weak_null,True,4,2311938656,-4.440892098500626e-16,0,0
100,100,0.07391015090475495,0.05480750881305835,0.06870545758084745,0.048786603171130594,0.019102642091696598,0.019918854409716857,0.05334186551282427,0.35811724820730173,0.37341878125593553,0.7202555717163966,0.708836783371616,0.754,0.713,0.686,True,999,0.00011454091873019934,0.0008284579962491989,weak_2x2_bal_strong_100_100,weak_null,True,5,2311938656,-4.440892098500626e-16,0,0
100,100,0.06639707712193688,0.11309142392155536,0.061199525402599875,0.10721532385881716,-0.04669434679961848,-0.04601579845621728,0.061940620280700194,-0.7538566224879696,-0.742901802527721,0.4509353197110959,0.45754113432401233,0.507,0.451,0.454,True,999,0.00011670810636132956,0.0008181660668924451,weak_2x2_bal_strong_100_100,weak_null,True,6,2311938656,-4.440892098500626e-16,0,0
100,100,0.02440927043779595,0.0038363107458579127,0.019240497564368297,-0.006304791583673364,0.020572959691938036,0.02554528914804166,0.02393667687556119,0.8594743455363499,1.0672028235516196,0.3900788679187447,0.28588025782539006,0.703,0.387,0.29,True,999,0.00011529098264873028,0.0008255830034613609,weak_2x2_bal_strong_100_100,weak_null,True,7,2311938656,-4.440892098500626e-16,0,0
100,100,0.0679049242017109,0.08851570136629522,0.06270023609739894,0.08257872818498413,-0.020610777164584315,-0.019878492087585187,0.058945756288689914,-0.3496566752599112,-0.33723364223590985,0.7265963717140713,0.735940778301732,0.763,0.739,0.749,True,999,0.00011437502689659595,0.0008317920146510005,weak_2x2_bal_strong_100_100,weak_null,True,8,2311938656,-4.440892098500626e-16,0,0
100,100,0.08152099085670961,0.06598641931342647,0.07631107733922704,0.059837807944241206,0.015534571543283138,0.016473269394985834,0.05780705073910066,0.2687314323194759,0.2849698987297292,0.7881363617376502,0.7756672034999241,0.843,0.802,0.785,True,999,0.00011495908256620169,0.0008784589590504766,weak_2x2_bal_strong_100_100,weak_null,True,9,2311938656,-4.440892098500626e-16,0,0
100,100,0.014838383598615335,0.08611093055897595,0.009662106911619617,0.08029327477231618,-0.07127254696036062,-0.07063116786069656,0.04962970065296576,-1.4360865776469585,-1.4231632859239463,0.15097770695488996,0.1546888258921585,0.181,0.163,0.165,True,999,0.00011729099787771702,0.0008138749981299043,weak_2x2_bal_strong_100_100,weak_null,True,10,2311938656,-4.440892098500626e-16,0,0
100,100,0.10307039620116387,0.0791868004566122,0.09783509384494948,0.07342306061593717,0.023883595744551678,0.02441203322901231,0.06172637246183735,0.3869269291552462,0.39548789691319014,0.6988103043576612,0.6924828520218309,0.751,0.706,0.703,True,999,0.00011133297812193632,0.0008087500464171171,weak_2x2_bal_strong_100_100,weak_null,True,11,2311938656,-4.440892098500626e-16,0,0
100,100,0.08270230984224225,0.04108292833145211,0.07738897196907146,0.035488815286555564,0.04161938151079014,0.0419001566825159,0.05019611090198745,0.8291355796877538,0.834729143943638,0.40702769266767913,0.40387022853589094,0.454,0.399,0.399,True,999,0.00011129199992865324,0.0008071670308709145,weak_2x2_bal_strong_100_100,weak_null,True,12,2311938656,-4.440892098500626e-16,0,0
100,100,0.053617541530366464,0.06543281418512636,0.04841844675831908,0.05979435516653808,-0.0118152726547599,-0.011375908408219004,0.051150266416880266,-0.23099141964313805,-0.22240174304282417,0.8173214679273348,0.8240011550463197,0.845,0.819,0.819,True,999,0.00011074997019022703,0.0008238330483436584,weak_2x2_bal_strong_100_100,weak_null,True,13,2311938656,-4.440892098500626e-16,0,0
100,100,0.13250545091704768,0.004495625251247637,0.1272430651003873,0.004495450333820372,0.12800982566580005,0.12274761476656693,0.047789211370239705,2.678634402942188,2.568521455932769,0.00739230580533585,0.010213338929147636,0.079,0.007,0.011,True,999,0.00010912504512816668,0.0008408339926972985,weak_2x2_bal_strong_100_100,weak_null,True,14,2311938656,-4.440892098500626e-16,0,1
100,100,0.06585444604867363,0.07912142212268097,0.06065763719982442,0.07350626295172447,-0.013266976074007342,-0.012848625751900045,0.055824114084380656,-0.23765672400915688,-0.2301626449902773,0.812147351264086,0.8179653876244706,0.813,0.798,0.804,True,999,0.00011208292562514544,0.0008224999764934182,weak_2x2_bal_strong_100_100,weak_null,True,15,2311938656,-4.440892098500626e-16,0,0
100,100,0.10466123470146171,0.051632984824524775,0.0994289617604096,0.04595492632088849,0.05302824987693694,0.05347403543952112,0.05639951307109176,0.94022531382664,0.9481293814029375,0.3471019998587199,0.3430635923106079,0.458,0.365,0.356,True,999,0.00011470797471702099,0.0008364999666810036,weak_2x2_bal_strong_100_100,weak_null,True,16,2311938656,-4.440892098500626e-16,0,0
100,100,0.017248078827974633,0.027811516091442445,0.012079600693098769,0.02188362188626769,-0.010563437263467812,-0.009804021193168921,0.03287506655178254,-0.32132063510286785,-0.2982205732641272,0.7479674203173905,0.7655348206044112,0.844,0.735,0.761,True,999,0.00011599995195865631,0.000834041042253375,weak_2x2_bal_strong_100_100,weak_null,True,17,2311938656,-4.440892098500626e-16,0,0
100,100,0.05142768388279051,0.040855994466530376,0.0462399154987736,0.03474148051793691,0.010571689416260133,0.011498434980836691,0.0462715136604907,0.22847079293381437,0.2484992184436517,0.8192802595631418,0.803748174709359,0.884,0.834,0.824,True,999,0.00013149995356798172,0.0008482499979436398,weak_2x2_bal_strong_100_100,weak_null,True,18,2311938656,-4.440892098500626e-16,0,0
100,100,0.04035164912884959,0.011631171464202505,0.03516751106673155,0.005282268037987592,0.02872047766464708,0.029885243028743957,0.03271822359890181,0.8778128671267803,0.9134127633306798,0.38004528054152786,0.3610254953743105,0.584,0.365,0.356,True,999,0.00011754198931157589,0.0008555419044569135,weak_2x2_bal_strong_100_100,weak_null,True,19,2311938656,-4.440892098500626e-16,0,0
100,100,0.019935500215221724,0.14235167909393592,0.014767190878743008,0.13602963757032427,-0.1224161788787142,-0.12126244669158126,0.058961493814401376,-2.076205519216577,-2.05663796567452,0.03787494704366344,0.03972106340799207,0.04,0.035,0.035,True,999,0.00011645792983472347,0.0008276670705527067,weak_2x2_bal_strong_100_100,weak_null,True,20,2311938656,-4.440892098500626e-16,0,0
100,100,0.12606076571727898,0.05738085155761896,0.12079100139708032,0.051487920473896054,0.06867991415966002,0.06930308092318427,0.059953087966163186,1.1455609125325146,1.155955152173281,0.2519768782052323,0.2476995017047855,0.399,0.297,0.288,True,999,0.00011600006837397814,0.0008624170441180468,weak_2x2_bal_strong_100_100,weak_null,True,21,2311938656,-4.440892098500626e-16,0,0
100,100,0.039534547637448014,0.03790646555682897,0.03435537000655131,0.032155864688334646,0.0016280820806190421,0.0021995053182166657,0.041672489571992065,0.03906851012120165,0.05278075154153846,0.9688357670755966,0.9579065981649293,0.974,0.969,0.952,True,999,0.00012279103975743055,0.0008117079269140959,weak_2x2_bal_strong_100_100,weak_null,True,22,2311938656,-4.440892098500626e-16,0,0
100,100,0.06908610793960612,0.0791868004566122,0.06386927286929733,0.07342306061593717,-0.010100692517006071,-0.009553787746639841,0.057152358092256605,-0.1767327342942055,-0.1671634918583395,0.8597183273379976,0.8672414094548997,0.895,0.865,0.876,True,999,0.00011129199992865324,0.0007965830154716969,weak_2x2_bal_strong_100_100,weak_null,True,23,2311938656,-4.440892098500626e-16,0,0
100,100,0.02354806441513302,0.005219622790091083,0.018378452151807778,-0.001015297580323704,0.018328441625041936,0.019393749732131482,0.024146713998391724,0.7590449626505159,0.8031631025829514,0.44782566063532137,0.4218804688064949,0.69,0.432,0.402,True,999,0.00010874995496124029,0.000791915925219655,weak_2x2_bal_strong_100_100,weak_null,True,24,2311938656,-4.440892098500626e-16,0,0
100,100,0.10089432800950215,0.05098122424948892,0.09564778433008314,0.04532118537139951,0.04991310376001323,0.05032659895868363,0.055561930465834124,0.8983327854439032,0.9057748450556488,0.36900815866922565,0.3650550379807592,0.445,0.35,0.348,True,999,0.00010754202958196402,0.0008202089229598641,weak_2x2_bal_strong_100_100,weak_null,True,25,2311938656,-4.440892098500626e-16,0,0
100,100,0.10742386504471113,0.0599450194984637,0.10219200139196971,0.05387704993734843,0.04747884554624743,0.04831495145462128,0.05969723162197482,0.7953274256820018,0.8093331992439717,0.42642306407495256,0.4183235148233999,0.521,0.423,0.412,True,999,0.00010662502609193325,0.000838999985717237,weak_2x2_bal_strong_100_100,weak_null,True,26,2311938656,-4.440892098500626e-16,0,0
100,100,0.042963479645100056,0.040855994466530376,0.037769076700783444,0.03474148051793691,0.002107485178569679,0.003027596182846537,0.04452604726251536,0.04733151285907841,0.06799606901992725,0.9622490125903165,0.9457887635115432,0.961,0.943,0.935,True,999,0.00011216709390282631,0.0008360419888049364,weak_2x2_bal_strong_100_100,weak_null,True,27,2311938656,-4.440892098500626e-16,0,0
100,100,0.02426508867076016,0.05480750881305835,0.019096178238214634,0.048786603171130594,-0.030542420142298188,-0.02969042493291596,0.04418216068445805,-0.6912839858699371,-0.6720002931717225,0.489387093536338,0.5015835096811634,0.609,0.507,0.517,True,999,0.00011208304204046726,0.0008247919613495469,weak_2x2_bal_strong_100_100,weak_null,True,28,2311938656,-4.440892098500626e-16,0,0
100,100,0.18088838888557768,0.029660227365620018,0.17556538987643933,0.023977110527795276,0.15122816151995766,0.15158827934864405,0.060469282427298085,2.5009088160055235,2.5068642005285557,0.01238750682205618,0.012180749931272914,0.041,0.007,0.007,True,999,0.00011333299335092306,0.0008305840892717242,weak_2x2_bal_strong_100_100,weak_null,True,29,2311938656,-4.440892098500626e-16,0,0
100,100,0.1199605399410908,0.013289026072359378,0.11472037901289411,0.006930670807264505,0.10667151386873142,0.10778970820562961,0.04950361738566834,2.1548226069558627,2.1774107408327605,0.031175718469243028,0.029449935002801176,0.156,0.038,0.037,True,999,0.0001139170490205288,0.0008272919803857803,weak_2x2_bal_strong_100_100,weak_null,True,30,2311938656,-4.440892098500626e-16,0,0
100,100,0.007942912045369899,0.008292105299596897,0.0027794757361903066,0.0020271782656919868,-0.0003491932542269982,0.0007522974704983199,0.01902527138628636,-0.018354179929265073,0.03954200995212004,0.9853563053975415,0.9684582605926795,0.98,0.98,0.954,True,999,0.00011954200454056263,0.0008316249586641788,weak_2x2_bal_strong_100_100,weak_null,True,31,2311938656,-4.440892098500626e-16,0,0
100,100,0.04572033088704963,0.015203651329365464,0.04053781125691103,0.008831699729270781,0.030516679557684168,0.031706111527640246,0.03576342959068123,0.8532928722707234,0.8865512030172243,0.39349691177521007,0.3753205754698675,0.626,0.384,0.357,True,999,0.0001170419855043292,0.0008393750758841634,weak_2x2_bal_strong_100_100,weak_null,True,32,2311938656,-4.440892098500626e-16,0,0
100,100,0.06151961630627867,0.09567956677040212,0.0563183443506432,0.08914684956532426,-0.034159950464123456,-0.03282850521468106,0.060922259359463986,-0.5607137821755271,-0.5388589582828941,0.5749926702208126,0.5899841781894737,0.673,0.605,0.63,True,999,0.00011487503070384264,0.0008550829952582717,weak_2x2_bal_strong_100_100,weak_null,True,33,2311938656,-4.440892098500626e-16,0,0
100,100,0.04261013525279733,0.05887017359913571,0.037416979460175526,0.053285612703987795,-0.01626003834633838,-0.01586863324381227,0.04744063083813504,-0.34274498587122043,-0.33449456643937175,0.7317903164874905,0.7380063903722647,0.772,0.736,0.745,True,999,0.00011420808732509613,0.0008464579004794359,weak_2x2_bal_strong_100_100,weak_null,True,34,2311938656,-4.440892098500626e-16,0,0
100,100,0.03895131231666282,0.03594783054085826,0.03376976820118216,0.030463829947663612,0.0030034817758045618,0.0033059382535185478,0.039772932685213015,0.0755157232074368,0.0831203039434818,0.9398043879459902,0.9337558814980244,0.952,0.927,0.919,True,999,0.00011475000064820051,0.0009439999703317881,weak_2x2_bal_strong_100_100,weak_null,True,35,2311938656,-4.440892098500626e-16,0,0
100,100,0.03383075881250874,0.05437098613253033,0.028635266348629784,0.0488932991620743,-0.020540227320021587,-0.020258032813444515,0.043748435622248415,-0.4695076984552971,-0.4630573076570131,0.6387067834042588,0.6433232902363686,0.701,0.679,0.687,True,999,0.00013749999925494194,0.0008360421052202582,weak_2x2_bal_strong_100_100,weak_null,True,36,2311938656,-4.440892098500626e-16,0,0
100,100,0.05211592691052769,0.017443391231600103,0.04690810453864458,0.01105084587955929,0.034672535678927585,0.03585725865908529,0.03826183362715882,0.9061911673338233,0.9371547377602225,0.36483467728944907,0.3486789683161934,0.603,0.383,0.354,True,999,0.00012595904991030693,0.0008387499256059527,weak_2x2_bal_strong_100_100,weak_null,True,37,2311938656,-4.440892098500626e-16,0,0
100,100,0.07276017128216605,0.02579476570101419,0.06755718170455793,0.020141690039999105,0.046965405581151864,0.04741549166455883,0.04454189060657926,1.0544097913575008,1.0645145731096362,0.2916953413745965,0.28709565618934363,0.459,0.291,0.284,True,999,0.00011312495917081833,0.0008045000722631812,weak_2x2_bal_strong_100_100,weak_null,True,38,2311938656,-4.440892098500626e-16,0,0
100,100,0.07341972240158146,0.07792438230488541,0.06821691751432013,0.07190848403553929,-0.004504659903303954,-0.0036915665212191584,0.058440244360234796,-0.0770814693302192,-0.06316822528091713,0.9385587344680961,0.9496325467828626,0.96,0.949,0.96,True,999,0.00011191703379154205,0.000822333968244493,weak_2x2_bal_strong_100_100,weak_null,True,39,2311938656,-4.440892098500626e-16,0,0
100,100,0.0770862753790208,0.13928917665927915,0.0718717484214153,0.13322170204676098,-0.06220290128025835,-0.06134995362534568,0.06834173729031866,-0.9101744226374834,-0.8976937967603665,0.36273053075636463,0.36934881749078496,0.392,0.366,0.367,True,999,0.00011179107241332531,0.0008319999324157834,weak_2x2_bal_strong_100_100,weak_null,True,40,2311938656,-4.440892098500626e-16,0,0
100,100,0.023463268157704276,0.07662096794768891,0.01827654534960743,0.07068661843629798,-0.053157699789984636,-0.052410073086690545,0.04990801228051807,-1.065113543116104,-1.0501334493569718,0.28682455132905693,0.29365676180267053,0.409,0.283,0.283,True,999,0.00011154194362461567,0.000838999985717237,weak_2x2_bal_strong_100_100,weak_null,True,41,2311938656,-4.440892098500626e-16,0,0
100,100,0.02928001942174485,0.11805820944528567,0.024106287714261043,0.11226606969795938,-0.08877819002354082,-0.08815978198369834,0.05771895403888703,-1.538111552813799,-1.5273974286557999,0.12402134173375626,0.12666221546852902,0.152,0.114,0.118,True,999,0.00011141598224639893,0.0008388330461457372,weak_2x2_bal_strong_100_100,weak_null,True,42,2311938656,-4.440892098500626e-16,0,0
100,100,0.05272865990833975,0.04108292833145211,0.0475291796960704,0.035488815286555564,0.011645731576887641,0.012040364409514837,0.044799015520128986,0.2599550780676198,0.2687640402299664,0.7948984250832885,0.7881112671827475,0.877,0.827,0.812,True,999,0.00011095800437033176,0.0008867080323398113,weak_2x2_bal_strong_100_100,weak_null,True,43,2311938656,-4.440892098500626e-16,0,0
100,100,0.044902570079585646,0.003030041463949612,0.039715261814606606,-0.00710299126069458,0.041872528615636034,0.046818253075301186,0.03052727010724244,1.3716434017367962,1.5336534485667552,0.1701744756590574,0.12511493173530852,0.501,0.198,0.142,True,999,0.00012666697148233652,0.0008462909609079361,weak_2x2_bal_strong_100_100,weak_null,True,44,2311938656,-4.440892098500626e-16,0,0
100,100,0.021436935552739067,0.06772430615074482,0.016265069709149316,0.06215364512550536,-0.04628737059800575,-0.04588857541635605,0.044804148053468974,-1.033104580914399,-1.024203726886915,0.3015549598255758,0.3057390588142599,0.437,0.308,0.321,True,999,0.00011204194743186235,0.0008152499794960022,weak_2x2_bal_strong_100_100,weak_null,True,45,2311938656,-4.440892098500626e-16,0,0
100,100,0.03481663247178246,0.027811516091442445,0.029632280269439093,0.02188362188626769,0.007005116380340015,0.007748658383171403,0.03765545349334239,0.18603192181920059,0.20577785325414794,0.8524197282662763,0.8369644415145054,0.911,0.896,0.871,True,999,0.0001158339437097311,0.0008214999688789248,weak_2x2_bal_strong_100_100,weak_null,True,46,2311938656,-4.440892098500626e-16,0,0
100,100,0.027310859674026577,0.1344438454346717,0.022128113288488294,0.12424063334232471,-0.10713298576064512,-0.10211252005383642,0.06001959771940242,-1.7849667413884123,-1.7013196344837662,0.07426671170306255,0.08888298299620467,0.121,0.081,0.095,True,999,0.00011016707867383957,0.0007932500448077917,weak_2x2_bal_strong_100_100,weak_null,True,47,2311938656,-4.440892098500626e-16,0,0
100,100,0.03988480078387058,0.09454061472270575,0.03470583080502365,0.08879554201865858,-0.054655813938835174,-0.05408971121363493,0.055180843559003004,-0.9904852918820201,-0.9802262474621041,0.3219369746955413,0.32697445099468414,0.38,0.324,0.324,True,999,0.00011270900722593069,0.0008033750345930457,weak_2x2_bal_strong_100_100,weak_null,True,48,2311938656,-4.440892098500626e-16,0,0
100,100,0.09862966242363747,0.016970839450722086,0.09339365250869491,0.010604870532709754,0.08165882297291538,0.08278878197598516,0.047307014710652434,1.726146185134944,1.7500318395137087,0.08432111670014608,0.08011281982494324,0.225,0.094,0.083,True,999,0.00011233403347432613,0.0008187920320779085,weak_2x2_bal_strong_100_100,weak_null,True,49,2311938656,-4.440892098500626e-16,0,0
100,100,0.028983205450210714,0.06900814234931513,0.02380625383968038,0.06252205092415153,-0.04002493689910441,-0.03871579708447115,0.04972884663003771,-0.8048635673550522,-0.7785380057675749,0.4208984143402884,0.43625191022679166,0.505,0.448,0.451,True,999,0.00011070806067436934,0.0008327501127496362,weak_2x2_bal_strong_100_100,weak_null,True,50,2311938656,-4.440892098500626e-16,0,0
100,100,0.11037398393080611,0.034209326254180106,0.10513945511530665,0.028479173172186734,0.076164657676626,0.07666028194311991,0.05313209298138286,1.4334962807377756,1.442824433247551,0.15171606104434524,0.14906993448890424,0.275,0.163,0.16,True,999,0.00011233310215175152,0.000828250078484416,weak_2x2_bal_strong_100_100,weak_null,True,51,2311938656,-4.440892098500626e-16,0,0
100,100,0.08460565016983379,0.04213341673780796,0.07938719564293706,0.036352756869959535,0.04247223343202583,0.043034438772977524,0.051418958139959045,0.8260033841296276,0.836937198451991,0.40880217211315595,0.40262786970448694,0.555,0.433,0.425,True,999,0.00011020898818969727,0.0008897919906303287,weak_2x2_bal_strong_100_100,weak_null,True,52,2311938656,-4.440892098500626e-16,0,0
100,100,0.016623691088607173,0.038377093111564314,0.011454391735654212,0.03187606587162861,-0.02175340202295714,-0.0204216741359744,0.036979351285558335,-0.5882580755669602,-0.5522453322200311,0.5563590813576655,0.580780279629985,0.691,0.561,0.561,True,999,0.00011891697067767382,0.0008567080367356539,weak_2x2_bal_strong_100_100,weak_null,True,53,2311938656,-4.440892098500626e-16,0,0
100,100,0.007264441408790345,0.14554202994679072,0.0021045417997811455,0.13884915596938185,-0.13827758853800037,-0.1367446141696007,0.0606950714828161,-2.27823421506554,-2.252977232398773,0.022712626759427344,0.024260584546638236,0.009,0.017,0.018,True,999,0.00011620798613876104,0.0008333750301972032,weak_2x2_bal_strong_100_100,weak_null,True,54,2311938656,-4.440892098500626e-16,0,0
100,100,0.051912047129490935,0.10370638498886492,0.046724493421635316,0.09762537739714361,-0.051794337859373984,-0.05090088397550829,0.060280214656207164,-0.8592261682339684,-0.8444044910226102,0.3902157487406812,0.3984434136331634,0.443,0.39,0.398,True,999,0.00011387502308934927,0.000828124932013452,weak_2x2_bal_strong_100_100,weak_null,True,55,2311938656,-4.440892098500626e-16,0,0
100,100,0.02397749898902679,0.05111480685565767,0.018808310652389082,0.04553161037080855,-0.027137307866630878,-0.02672329971841947,0.04101393120786123,-0.6616607349609396,-0.6515664051559474,0.5081886742161423,0.514680925806094,0.606,0.511,0.519,True,999,0.00014420796651393175,0.0008214170811697841,weak_2x2_bal_strong_100_100,weak_null,True,56,2311938656,-4.440892098500626e-16,0,0
100,100,0.007097730763115484,0.029492842442209344,0.0019285016941381627,0.022582609109804253,-0.02239511167909386,-0.02065410741566609,0.03207714016185675,-0.6981642243071318,-0.643888679335139,0.48507449710182426,0.5196476232619163,0.65,0.494,0.522,True,999,0.00011887506116181612,0.0008267080411314964,weak_2x2_bal_strong_100_100,weak_null,True,57,2311938656,-4.440892098500626e-16,0,0
100,100,0.04529176603865637,0.006520292351489043,0.04009374738782867,0.00027593733213393534,0.038771473687167324,0.039817810055694736,0.03194004493668836,1.2138828785000222,1.2466422678684925,0.22479245188249097,0.21252869609786962,0.451,0.207,0.194,True,999,0.00011450005695223808,0.0008464170387014747,weak_2x2_bal_strong_100_100,weak_null,True,58,2311938656,-4.440892098500626e-16,0,0
100,100,0.037708628753393314,0.05390252155387265,0.03252831478010876,0.04843181740172042,-0.016193892800479337,-0.015903502621611665,0.04448210723249566,-0.3640540839452219,-0.35752583704023866,0.7158176231791453,0.7206981874592981,0.773,0.734,0.735,True,999,0.00011741695925593376,0.0008355830796062946,weak_2x2_bal_strong_100_100,weak_null,True,59,2311938656,-4.440892098500626e-16,0,0
100,100,0.05839264176296999,0.10198851658833885,0.05317679070471115,0.0962925000814181,-0.04359587482536886,-0.043115709376706945,0.0586981087895467,-0.7427134489404993,-0.7345331947796118,0.4576551855891765,0.46262383669329654,0.548,0.472,0.477,True,999,0.00011862500105053186,0.0008351670112460852,weak_2x2_bal_strong_100_100,weak_null,True,60,2311938656,-4.440892098500626e-16,0,0
100,100,0.05920485057744174,0.001901053344119663,0.05401158379129356,-0.008192911315482831,0.057303797233322074,0.06220449510677639,0.03401484522411355,1.684670233122175,1.8287454991175103,0.09205221263004912,0.06743774296626495,0.36,0.098,0.081,True,999,0.0001222500577569008,0.0009112920379266143,weak_2x2_bal_strong_100_100,weak_null,True,61,2311938656,-4.440892098500626e-16,0,0
100,100,0.12294936331960171,0.05676359474749987,0.1176933295493825,0.051052564310396065,0.06618576857210184,0.06664076523898643,0.05986815225050427,1.1055254936742158,1.1131254721232042,0.2689319540232289,0.2656545452551028,0.373,0.267,0.264,True,999,0.000126624945551157,0.0008370419964194298,weak_2x2_bal_strong_100_100,weak_null,True,62,2311938656,-4.440892098500626e-16,0,0
100,100,0.07408028741081829,0.00035451915406936596,0.06887766347202273,-0.009724951155220651,0.07372576825674892,0.07860261462724338,0.03711324048866503,1.9865085151824977,2.1179130033457967,0.046976888278276646,0.03418243614264904,0.206,0.045,0.034,True,999,0.00012608396355062723,0.0008342920336872339,weak_2x2_bal_strong_100_100,weak_null,True,63,2311938656,-4.440892098500626e-16,0,0
100,100,0.07324866353757342,0.020109266173508444,0.06804378717409065,0.013683276698138513,0.05313939736406498,0.05436051047595214,0.04387029144904163,1.2112843477639088,1.239118972781287,0.2257864454477535,0.21530144173035604,0.41,0.21,0.201,True,999,0.00012258405331522226,0.0008547089528292418,weak_2x2_bal_strong_100_100,weak_null,True,64,2311938656,-4.440892098500626e-16,0,0
100,100,0.13650586809370124,0.018339938647362664,0.13121120791736018,0.012497204743269208,0.11816592944633858,0.11871400317409098,0.05264282229643013,2.2446731442503185,2.2550843210042206,0.024789123316733958,0.024128036592642264,0.098,0.028,0.028,True,999,0.00012283294927328825,0.0008423749823123217,weak_2x2_bal_strong_100_100,weak_null,True,65,2311938656,-4.440892098500626e-16,0,0
100,100,0.07775536194807608,0.04348535003939452,0.0725411145258903,0.03765412835063131,0.034270011908681564,0.03488698617525898,0.05076046227213237,0.6751319900310658,0.6872866127228323,0.4995919108761113,0.4919021333103505,0.606,0.537,0.537,True,999,0.00011820904910564423,0.0008468750165775418,weak_2x2_bal_strong_100_100,weak_null,True,66,2311938656,-4.440892098500626e-16,0,0
100,100,0.03044293585814084,0.061657590713618426,0.02526285525514993,0.05574835576236836,-0.031214654855477586,-0.030485500507218433,0.046313779326007616,-0.6739820267258759,-0.6582382381845315,0.5003227404933785,0.5103850575001128,0.592,0.506,0.52,True,999,0.00011783302761614323,0.0008407909190282226,weak_2x2_bal_strong_100_100,weak_null,True,67,2311938656,-4.440892098500626e-16,0,0
100,100,0.0433623668457952,0.08611093055897595,0.0381593532142972,0.08029327477231618,-0.042748563713180754,-0.04213392155801898,0.05472663283478448,-0.7811290682223296,-0.7698979340683734,0.434726586952379,0.44136043950434145,0.496,0.458,0.459,True,999,0.00011783395893871784,0.0008492920314893126,weak_2x2_bal_strong_100_100,weak_null,True,68,2311938656,-4.440892098500626e-16,0,0
100,100,0.03491786242053285,0.09543963826942858,0.02973575019713337,0.08491808701791115,-0.06052177584889573,-0.05518233682077778,0.05828265257794181,-1.0384183487180774,-0.9468055138187481,0.29907533076117376,0.3437378916103857,0.347,0.297,0.347,True,999,0.00011766597162932158,0.000905958004295826,weak_2x2_bal_strong_100_100,weak_null,True,69,2311938656,-4.440892098500626e-16,0,0
100,100,0.018161565950307268,0.06283324505276172,0.012991087270222579,0.05714674374041806,-0.044671679102454454,-0.04415565647019548,0.04327499683035129,-1.0322745782646388,-1.0203503109034668,0.30194350663830505,0.30756235061092685,0.438,0.297,0.299,True,999,0.00012633297592401505,0.0008035000646486878,weak_2x2_bal_strong_100_100,weak_null,True,70,2311938656,-4.440892098500626e-16,0,0
100,100,0.03164956794221874,0.011981312245665787,0.02646463414231448,0.005682216469743651,0.01966825569655295,0.02078241767257083,0.030341368973805287,0.6482323099374062,0.6849531967563158,0.51683470730977,0.4933734556385386,0.709,0.521,0.488,True,999,0.00011262507177889347,0.0008012918988242745,weak_2x2_bal_strong_100_100,weak_null,True,71,2311938656,-4.440892098500626e-16,0,0
100,100,0.12421200204847938,0.156187977666704,0.11895699376772484,0.15012148189146046,-0.03197597561822463,-0.031164488123735623,0.07537571041485752,-0.4242212171830058,-0.4134553154087779,0.6714044886561257,0.6792730544990164,0.673,0.669,0.673,True,999,0.00011125009041279554,0.0008136250544339418,weak_2x2_bal_strong_100_100,weak_null,True,72,2311938656,-4.440892098500626e-16,0,0
100,100,0.013496852612789878,0.0635657802650259,0.008332045241843389,0.057768597126361954,-0.05006892765223603,-0.049436551884518565,0.04366799489406201,-1.1465817877304099,-1.13210034040837,0.25155450703967674,0.257592251793366,0.308,0.245,0.249,True,999,0.00011116696987301111,0.0008260830072686076,weak_2x2_bal_strong_100_100,weak_null,True,73,2311938656,-4.440892098500626e-16,0,0
100,100,0.11387493482174127,0.03161078068202461,0.10862434976841939,0.025641359589876345,0.08226415413971666,0.08298299017854305,0.05345024865558744,1.5390789792166317,1.5525276732247417,0.12378501617114905,0.12053601648977334,0.288,0.143,0.133,True,999,0.0001116250641644001,0.0008331660646945238,weak_2x2_bal_strong_100_100,weak_null,True,74,2311938656,-4.440892098500626e-16,0,0
100,100,0.05879172279147726,0.13475146574742713,0.053599990936902486,0.12823579049881317,-0.07595974295594987,-0.07463579956191069,0.0660956367226966,-1.1492399002772,-1.1292091772266941,0.25045707231255576,0.2588096032463363,0.308,0.266,0.272,True,999,0.00011233403347432613,0.0008340829517692327,weak_2x2_bal_strong_100_100,weak_null,True,75,2311938656,-4.440892098500626e-16,0,0
100,100,0.10146037741315572,0.11273532140845571,0.09623209796019694,0.10675693729310609,-0.01127494399529999,-0.010524839332909153,0.0674573898329693,-0.16714171750816018,-0.15602203641394402,0.8672585418535786,0.8760156513843481,0.873,0.864,0.872,True,999,0.00011187500786036253,0.0008345829555764794,weak_2x2_bal_strong_100_100,weak_null,True,76,2311938656,-4.440892098500626e-16,0,0
100,100,0.04616788986651632,0.0034701439504145615,0.04097750976896464,-0.0066443860235452235,0.04269774591610176,0.04762189579250986,0.031192533693280487,1.3688450683728757,1.5267081623051544,0.17104770968739402,0.12683359684169668,0.435,0.177,0.123,True,999,0.00011420901864767075,0.0008531250059604645,weak_2x2_bal_strong_100_100,weak_null,True,77,2311938656,-4.440892098500626e-16,0,0
100,100,0.13088084901561248,0.07178902991261055,0.12562645201602152,0.06582413978862434,0.05909181910300193,0.05980231222739718,0.0642523490437981,0.9196834043020208,0.9307412587613331,0.35773822756046103,0.35198742183693055,0.457,0.374,0.368,True,999,0.00011562497820705175,0.0008930829353630543,weak_2x2_bal_strong_100_100,weak_null,True,78,2311938656,-4.440892098500626e-16,0,0
100,100,0.052014752705386025,0.014418603318262557,0.046828016581656584,0.008086073546841988,0.03759614938712347,0.0387419430348146,0.03701177556593319,1.0157888621190103,1.046746405500035,0.30972994099054163,0.2952165547344816,0.572,0.297,0.283,True,999,0.00011529203038662672,0.0008657500147819519,weak_2x2_bal_strong_100_100,weak_null,True,79,2311938656,-4.440892098500626e-16,0,0
100,100,0.09205261950694166,0.07662096794768891,0.08679832776211072,0.07068661843629798,0.015431651559252746,0.01611170932581274,0.06054427544956001,0.2548820915712997,0.2661144956509646,0.798814168414528,0.7901510314848641,0.826,0.796,0.795,True,999,0.00012020894791930914,0.0008265839423984289,weak_2x2_bal_strong_100_100,weak_null,True,80,2311938656,-4.440892098500626e-16,0,0
100,100,0.06492616607611079,0.008081935714231103,0.05970786042924203,0.0018240009461294449,0.05684423036187969,0.05788385948311259,0.03771897913164546,1.507045833968198,1.5346083275766391,0.1317989092955639,0.12488006587378558,0.398,0.121,0.113,True,999,0.00011308304965496063,0.0007980830268934369,weak_2x2_bal_strong_100_100,weak_null,True,81,2311938656,-4.440892098500626e-16,0,0
100,100,0.035410008782013724,0.09555748124152108,0.030222823831039136,0.08956658658833305,-0.060147472459507356,-0.059343762757293916,0.05566825316944884,-1.0804627239950246,-1.0660252366219787,0.279936177430384,0.28641223392324267,0.305,0.247,0.264,True,999,0.00011037499643862247,0.000805750023573637,weak_2x2_bal_strong_100_100,weak_null,True,82,2311938656,-4.440892098500626e-16,0,0
100,100,0.05818888357910945,0.1217906526387505,0.05299523256310579,0.11571924225817298,-0.06360176905964104,-0.0627240096950672,0.06380883682677001,-0.9967548731895691,-0.9829987947492613,0.3188835073863159,0.3256080318421086,0.403,0.34,0.343,True,999,0.00011341692879796028,0.0008000839734449983,weak_2x2_bal_strong_100_100,weak_null,True,83,2311938656,-4.440892098500626e-16,0,0
100,100,0.06675800233781137,0.016788309772312715,0.06155777012068597,0.011184761714517322,0.04996969256549866,0.05037300840616865,0.0404773683873427,1.2345094198644646,1.2444734036099128,0.21701313878731254,0.21332538201579443,0.432,0.232,0.232,True,999,0.00011133402585983276,0.000820250017568469,weak_2x2_bal_strong_100_100,weak_null,True,84,2311938656,-4.440892098500626e-16,0,0
100,100,0.018388022966593587,0.09520841353863585,0.0132111902352392,0.08953924655247647,-0.07682039057204226,-0.07632805631723727,0.050492881262353954,-1.5214103186723342,-1.511659751018116,0.12815690103556854,0.1306204427724288,0.11,0.101,0.106,True,999,0.00011191703379154205,0.0008359579369425774,weak_2x2_bal_strong_100_100,weak_null,True,85,2311938656,-4.440892098500626e-16,0,0
100,100,0.048434042485347883,0.061761720385763164,0.04323586249137179,0.05629163434895901,-0.01332767790041528,-0.013055771857587217,0.04817089927194733,-0.27667488259196255,-0.2710302704519021,0.7820297600384774,0.7863677508279162,0.835,0.798,0.813,True,999,0.00011129199992865324,0.000858957995660603,weak_2x2_bal_strong_100_100,weak_null,True,86,2311938656,-4.440892098500626e-16,0,0
100,100,0.04516710103441712,0.008081935714231103,0.039984297889105846,0.0018240009461294449,0.03708516532018602,0.0381602969429764,0.03258233373020159,1.1381985596019666,1.1711959388472049,0.25503758002082366,0.24152002732884437,0.513,0.28,0.27,True,999,0.00014154205564409494,0.0008219999726861715,weak_2x2_bal_strong_100_100,weak_null,True,87,2311938656,-4.440892098500626e-16,0,0
100,100,0.05142768388279051,0.015465309507012748,0.0462399154987736,0.009648673560995746,0.03596237437577776,0.03659124193777785,0.03683100363788456,0.976415813409621,0.9934902208350335,0.32885844823112975,0.32047111380019255,0.543,0.324,0.32,True,999,0.00010995904449373484,0.0007930840365588665,weak_2x2_bal_strong_100_100,weak_null,True,88,2311938656,-4.440892098500626e-16,0,0
100,100,0.007100776207981108,0.05367104127007433,0.0019417275689477265,0.0479295020517867,-0.04657026506209322,-0.04598777448283897,0.03857991699812523,-1.207111592913906,-1.1920133079880324,0.22738917087170607,0.2332560271707108,0.352,0.232,0.236,True,999,0.00011029199231415987,0.0007950410945340991,weak_2x2_bal_strong_100_100,weak_null,True,89,2311938656,-4.440892098500626e-16,0,0
100,100,0.027519653701983282,0.05367104127007433,0.022336222577280296,0.0479295020517867,-0.026151387568091045,-0.025593279474506403,0.043356085902696496,-0.6031768556502601,-0.5903041970150412,0.5463910426738436,0.5549867261009525,0.66,0.569,0.587,True,999,0.00010991597082465887,0.0008520419942215085,weak_2x2_bal_strong_100_100,weak_null,True,90,2311938656,-4.440892098500626e-16,0,0
100,100,0.10769429897690641,0.047829950993235615,0.10243635531368511,0.04196866477914085,0.059864347983670796,0.06046769053454426,0.056667760953807614,1.0564092700339591,1.067056285915975,0.2907812726210002,0.2859464199523052,0.479,0.317,0.308,True,999,0.00013420905452221632,0.0008082919521257281,weak_2x2_bal_strong_100_100,weak_null,True,91,2311938656,-4.440892098500626e-16,0,0
100,100,0.08836753650456908,0.07202079037887188,0.08314092872160472,0.06652430059638448,0.016346746125697198,0.016616628125220245,0.05719592973338699,0.2858026122120209,0.29052116475205436,0.775029307291381,0.7714175615258072,0.795,0.778,0.777,True,999,0.00011445803102105856,0.0008154580136761069,weak_2x2_bal_strong_100_100,weak_null,True,92,2311938656,-4.440892098500626e-16,0,0
100,100,0.052947308024007156,0.071734302124983,0.04775382201975731,0.06617525315998307,-0.01878699410097584,-0.018421431140225764,0.05198204472837993,-0.3614131417712193,-0.3543806565609849,0.7177906252874506,0.7230536290103864,0.744,0.695,0.696,True,999,0.00011329201515763998,0.0008090840419754386,weak_2x2_bal_strong_100_100,weak_null,True,93,2311938656,-4.440892098500626e-16,0,0
100,100,0.014665972629728907,0.1217906526387505,0.009498851359992955,0.11571924225817298,-0.10712468000902159,-0.10622039089818003,0.05714229458665004,-1.874700356083509,-1.8588751408487532,0.06083395789039875,0.06304483848755897,0.097,0.061,0.062,True,999,0.00011141702998429537,0.0008073749486356974,weak_2x2_bal_strong_100_100,weak_null,True,94,2311938656,-4.440892098500626e-16,0,0
100,100,0.03979716486732965,0.026003132308261012,0.03461814323193835,0.020046360174575284,0.013794032559068636,0.014571783057363064,0.03801146387846128,0.36289137937896815,0.38335232507633,0.7166860266875621,0.7014585472235382,0.824,0.716,0.699,True,999,0.00011537503451108932,0.0008605840848758817,weak_2x2_bal_strong_100_100,weak_null,True,95,2311938656,-4.440892098500626e-16,0,0
100,100,0.0733502840565542,0.08817261697208723,0.0681412792744851,0.08185651593107934,-0.014822332915533032,-0.013715236656594243,0.059048668573487804,-0.25101891835353074,-0.2322700407634971,0.8017994826392669,0.8163282801851224,0.829,0.802,0.813,True,999,0.00011516700033098459,0.0008074160432443023,weak_2x2_bal_strong_100_100,weak_null,True,96,2311938656,-4.440892098500626e-16,0,0
100,100,0.05075125708135153,0.03790646555682897,0.045563182125860635,0.032155864688334646,0.012844791524522559,0.01340731743752599,0.044064545920210245,0.2914994641674336,0.3042654169590957,0.770669353623835,0.7609256901446164,0.84,0.808,0.764,True,999,0.00011083297431468964,0.0008069589966908097,weak_2x2_bal_strong_100_100,weak_null,True,97,2311938656,-4.440892098500626e-16,0,0
100,100,0.08665527032110742,0.06543281418512625,0.08143613301552932,0.05979435516653808,0.02122245613598117,0.02164177784899124,0.056503246245390305,0.37559711248825034,0.3830183093375248,0.7072164377549071,0.7017061885075833,0.769,0.732,0.726,True,999,0.00011024996638298035,0.0008202909957617521,weak_2x2_bal_strong_100_100,weak_null,True,98,2311938656,-4.440892098500626e-16,0,0
100,100,0.009568408370934756,0.047829950993235615,0.004400034192514113,0.04196866477914085,-0.03826154262230086,-0.03756863058662674,0.038258298753470074,-1.00008478863244,-0.9819733707636233,0.3172694768688238,0.3261129673151719,0.523,0.315,0.323,True,999,0.00011304195504635572,0.0008097499376162887,weak_2x2_bal_strong_100_100,weak_null,True,99,2311938656,-4.440892098500626e-16,0,0
100,100,0.03988480078387058,0.08584246853916994,0.03470583080502365,0.08019040491035412,-0.04595766775529936,-0.045484574105330466,0.05318658017369385,-0.8640839024658721,-0.8551889209042848,0.38754180131836347,0.39244656863993244,0.441,0.388,0.39,True,999,0.00011795805767178535,0.0008245829958468676,weak_2x2_bal_strong_100_100,weak_null,True,100,2311938656,-4.440892098500626e-16,0,0
100,100,0.09998735876338982,0.0635657802650259,0.09472999520299652,0.057768597126361954,0.036421578498363916,0.036961398076634566,0.05834386544089645,0.6242572072167507,0.6335095866090195,0.5324586824308732,0.5264009225343238,0.633,0.556,0.555,True,999,0.00014362495858222246,0.0008305410156026483,weak_2x2_bal_strong_100_100,weak_null,True,101,2311938656,-4.440892098500626e-16,0,0
100,100,0.09940802347010158,0.08600877314355015,0.09418358675736727,0.08016796372426427,0.013399250326551426,0.014015623033102997,0.061589429662407234,0.21755762961269992,0.22756539734054088,0.8277738003511967,0.8199841230713328,0.85,0.835,0.824,True,999,0.00011358305346220732,0.0008057079976424575,weak_2x2_bal_strong_100_100,weak_null,True,102,2311938656,-4.440892098500626e-16,0,0
100,100,0.037708628753393314,0.04348535003939452,0.03252831478010876,0.03765412835063131,-0.005776721286001207,-0.005125813570522553,0.04318909111666375,-0.13375417580325885,-0.11868306181013492,0.8935969639083422,0.9055264564077863,0.9,0.895,0.9,True,999,0.00011195905972272158,0.0008188750362023711,weak_2x2_bal_strong_100_100,weak_null,True,103,2311938656,-4.440892098500626e-16,0,0
100,100,0.044220205393429524,0.1596663557996787,0.03903546391879331,0.15936481531238655,-0.11544615040624917,-0.12032935139359324,0.06402274457437729,-1.8032052698417458,-1.8794781790993473,0.07135598316834992,0.06017923028860218,0.12,0.072,0.066,True,999,0.00012087507639080286,0.0008537500398233533,weak_2x2_bal_strong_100_100,weak_null,True,104,2311938656,-4.440892098500626e-16,0,1
100,100,0.02354806441513302,0.0048277159395560265,0.018378452151807778,-0.005325892227261875,0.018720348475576992,0.023704344379069653,0.024210670017700324,0.7732271953601706,0.9790866738400673,0.439387934107235,0.32753715554354623,0.722,0.445,0.341,True,999,0.00011408294085413218,0.0007960000075399876,weak_2x2_bal_strong_100_100,weak_null,True,105,2311938656,-4.440892098500626e-16,0,0
100,100,0.028899737350249977,0.07572339972996994,0.023727442927850007,0.07027834772738117,-0.046823662379719966,-0.04655090479953117,0.04738423245312095,-0.9881696918071728,-0.9824133976547109,0.32306954886168326,0.32589622859659195,0.4,0.339,0.339,True,999,0.00011150003410875797,0.0007947919657453895,weak_2x2_bal_strong_100_100,weak_null,True,106,2311938656,-4.440892098500626e-16,0,0
100,100,0.04419424606245037,0.156187977666704,0.038991683101087915,0.15012148189146046,-0.11199373160425363,-0.11112979879037255,0.06586492196274575,-1.7003547300579673,-1.6872379937416357,0.08906422156377995,0.09155759848138002,0.128,0.105,0.109,True,999,0.00011045800056308508,0.0007982910610735416,weak_2x2_bal_strong_100_100,weak_null,True,107,2311938656,-4.440892098500626e-16,0,0
100,100,0.08243557958001113,0.03686625460893822,0.07722587845455564,0.03092943349661681,0.04556932497107291,0.04629644495793883,0.04924820923184627,0.9252991262392051,0.9400635206853636,0.35481033313903965,0.3471849791851962,0.487,0.334,0.33,True,999,0.00011012505274266005,0.0008165829349309206,weak_2x2_bal_strong_100_100,weak_null,True,108,2311938656,-4.440892098500626e-16,0,0
100,100,0.04228567460549826,0.022463525410002516,0.03709764844347774,0.01683087904800118,0.019822149195495742,0.020266769395476558,0.036748437692771405,0.5394011402937778,0.5515001634875795,0.5896100944060595,0.5812908546320263,0.728,0.605,0.591,True,999,0.00011641695164144039,0.0008138749981299043,weak_2x2_bal_strong_100_100,weak_null,True,109,2311938656,-4.440892098500626e-16,0,0
100,100,0.09090858770311627,0.018339938647362664,0.08569033444935314,0.012497204743269208,0.07256864905575361,0.07319312970608394,0.045928158834622416,1.5800469885382944,1.5936438900073682,0.11409610604857083,0.11101581819757003,0.301,0.121,0.118,True,999,0.00011866702698171139,0.0008146249456331134,weak_2x2_bal_strong_100_100,weak_null,True,110,2311938656,-4.440892098500626e-16,0,0
100,100,0.12860538106478947,0.033164474466566896,0.12331560719644585,0.027554045385727477,0.09544090659822257,0.09576156181071838,0.05453198681833904,1.7501820888382873,1.75606221958731,0.08008689845988573,0.07907778519610627,0.152,0.071,0.071,True,999,0.00011866702698171139,0.0008599580032750964,weak_2x2_bal_strong_100_100,weak_null,True,111,2311938656,-4.440892098500626e-16,0,0
100,100,0.02440927043779595,0.11805820944528567,0.019240497564368297,0.11226606969795938,-0.09364893900748972,-0.09302557213359108,0.05691718142898294,-1.6453544721700242,-1.634402298182343,0.09989673256220942,0.10217440601132122,0.116,0.092,0.092,True,999,0.00012212502770125866,0.0008026669966056943,weak_2x2_bal_strong_100_100,weak_null,True,112,2311938656,-4.440892098500626e-16,0,0
100,100,0.040946500461845226,0.11385137035659115,0.035759858778433795,0.1082202961727603,-0.07290486989474593,-0.0724604373943265,0.05795161667126568,-1.25802995813393,-1.2503609313500788,0.20838092203886638,0.21116772951258866,0.268,0.192,0.192,True,999,0.00011091702617704868,0.0008387499256059527,weak_2x2_bal_strong_100_100,weak_null,True,113,2311938656,-4.440892098500626e-16,0,0
100,100,0.03505830987020098,0.08206249078674005,0.029880180440102322,0.07659705642501535,-0.04700418091653907,-0.04671687598491303,0.050088965005704665,-0.9384138983743373,-0.932678005616455,0.34803174620829513,0.3509862442500008,0.441,0.365,0.368,True,999,0.0001140000531449914,0.000795499887317419,weak_2x2_bal_strong_100_100,weak_null,True,114,2311938656,-4.440892098500626e-16,0,0
100,100,0.05247954414889877,0.11123131518947316,0.04728988711312354,0.10533709305269667,-0.058751771040574385,-0.05804720593957313,0.06090383225368879,-0.9646646010032635,-0.9530961154920979,0.3347128310773074,0.3405413741198531,0.381,0.328,0.329,True,999,0.00010983389802277088,0.0007967919809743762,weak_2x2_bal_strong_100_100,weak_null,True,115,2311938656,-4.440892098500626e-16,0,0
100,100,0.033497402386165276,0.0076460005235785,0.028320707870093997,-0.002567615869601525,0.025851401862586776,0.030888323739695522,0.029387837139051003,0.8796633022113438,1.051058082074732,0.37904173517511885,0.29323191462752574,0.668,0.362,0.289,True,999,0.00011120899580419064,0.000828416901640594,weak_2x2_bal_strong_100_100,weak_null,True,116,2311938656,-4.440892098500626e-16,0,0
100,100,0.08878291356031798,0.1127353214084556,0.0835445030177766,0.10675693729310609,-0.023952407848137625,-0.023212434275329485,0.06580958281053689,-0.3639653501085948,-0.3527211886779033,0.7158838839744299,0.7242974728034209,0.714,0.691,0.697,True,999,0.00011258292943239212,0.000840082997456193,weak_2x2_bal_strong_100_100,weak_null,True,117,2311938656,-4.440892098500626e-16,0,0
100,100,0.06270638444918264,0.012293808475890677,0.05750758133876843,0.005981867305230537,0.05041257597329196,0.051525714033537895,0.03870856745001235,1.3023622235153494,1.3311191146527808,0.19279258994509596,0.1831498203920927,0.466,0.2,0.184,True,999,0.00011391693260520697,0.0008286660304293036,weak_2x2_bal_strong_100_100,weak_null,True,118,2311938656,-4.440892098500626e-16,0,0
100,100,0.035422020458493186,0.17913336809241143,0.030240250363220866,0.17198935293405526,-0.14371134763391824,-0.1417491025708344,0.06917650423392181,-2.077458946869522,-2.049093173189365,0.03775922050276116,0.04045300492436657,0.043,0.049,0.051,True,999,0.00011745898518711329,0.0008417919743806124,weak_2x2_bal_strong_100_100,weak_null,True,119,2311938656,-4.440892098500626e-16,0,0
100,100,0.021764078001461518,0.04710839102644515,0.01658461256685939,0.04145299284566306,-0.025344313024983633,-0.02486838027880367,0.040012359794649496,-0.6334121045360765,-0.6215174612652838,0.5264645624462496,0.5342592093195904,0.633,0.49,0.505,True,999,0.00011625001206994057,0.0008569170022383332,weak_2x2_bal_strong_100_100,weak_null,True,120,2311938656,-4.440892098500626e-16,0,0
100,100,0.02115123868477109,0.04213341673780796,0.015966113027332085,0.036352756869959535,-0.02098217805303687,-0.02038664384262745,0.03901555984446435,-0.537790003185457,-0.5225259851171908,0.5907220343462878,0.6013041589245232,0.751,0.604,0.608,True,999,0.00011620903387665749,0.0008401669329032302,weak_2x2_bal_strong_100_100,weak_null,True,121,2311938656,-4.440892098500626e-16,0,0
100,100,0.03592806366251644,0.11487069204714712,0.03074662889338242,0.10474895524343708,-0.07894262838463068,-0.07400232635005466,0.05659043941458702,-1.3949817177825634,-1.3076824833945269,0.16302135272180196,0.19098102703907682,0.222,0.18,0.211,True,999,0.00014704198110848665,0.000846541952341795,weak_2x2_bal_strong_100_100,weak_null,True,122,2311938656,-4.440892098500626e-16,0,0
100,100,0.034040980571866775,0.041171751380802285,0.028865908768068493,0.030532498198713398,-0.00713077080893551,-0.0016665894306449047,0.044357980382754195,-0.1607550827924497,-0.03757135505864584,0.8722863037578311,0.9700294471417332,0.917,0.872,0.97,True,999,0.00011491705663502216,0.0008434590417891741,weak_2x2_bal_strong_100_100,weak_null,True,123,2311938656,-4.440892098500626e-16,0,0
100,100,0.053733087682611425,0.022768861797210993,0.048539934671850915,0.01713034536975755,0.03096422588540043,0.031409589302093366,0.03956258064708396,0.7826644616946319,0.7939216499115932,0.4338241766524785,0.42724104508245275,0.585,0.421,0.419,True,999,0.00011529203038662672,0.0008395829936489463,weak_2x2_bal_strong_100_100,weak_null,True,124,2311938656,-4.440892098500626e-16,0,0
100,100,0.07641410207921884,0.15087122328173097,0.07119940405817715,0.14462364176491604,-0.07445712120251213,-0.07342423770673889,0.0701914314463232,-1.0607722291495223,-1.0460569929092824,0.2887934257495395,0.2955347197956685,0.32,0.286,0.289,True,999,0.00011629099026322365,0.0008418330689892173,weak_2x2_bal_strong_100_100,weak_null,True,125,2311938656,-4.440892098500626e-16,0,0
100,100,0.05516280997103529,0.009744839081910095,0.049967926373071236,-0.0005558413570412313,0.04541797088912519,0.05052376773011247,0.0365357077353611,1.2431118405615937,1.382859970746181,0.21382662313704925,0.16670780625924042,0.55,0.228,0.165,True,999,0.00011641590390354395,0.0008447080617770553,weak_2x2_bal_strong_100_100,weak_null,True,126,2311938656,-4.440892098500626e-16,0,0
100,100,0.09090858770311627,0.0373447825753509,0.08569033444935314,0.03161117061571872,0.053563805127765374,0.054079163833634425,0.051106958272196815,1.0480726487865573,1.0581565732323097,0.2946051366892626,0.28998406597661663,0.431,0.297,0.292,True,999,0.00011970801278948784,0.0008493330096825957,weak_2x2_bal_strong_100_100,weak_null,True,127,2311938656,-4.440892098500626e-16,0,0
100,100,0.09138291164981582,0.09258784523557217,0.08616474974454036,0.08698704372795873,-0.0012049335857563515,-0.0008222939834183762,0.061639368392474636,-0.019548117009963686,-0.013340402487296862,0.9844038525410308,0.9893562145273475,0.986,0.986,0.986,True,999,0.00011604104656726122,0.000844458001665771,weak_2x2_bal_strong_100_100,weak_null,True,128,2311938656,-4.440892098500626e-16,0,0
100,100,0.08152099085670983,0.0821645684683413,0.07631107733922704,0.07576903824890735,-0.000643577611631474,0.0005420390903196903,0.060241883347093295,-0.010683225289013594,0.008997711562180833,0.9914761816217081,0.9928209617298458,0.99,0.99,0.99,True,999,0.00011595897376537323,0.00085108308121562,weak_2x2_bal_strong_100_100,weak_null,True,129,2311938656,-4.440892098500626e-16,0,0
100,100,0.022080274395515076,0.04115080945450045,0.016905803319772872,0.03563166507861126,-0.01907053505898537,-0.01872586175883839,0.03733466128492204,-0.5107997341517918,-0.5015677419953186,0.6094912953416969,0.6159716152508625,0.697,0.598,0.598,True,999,0.00011654198169708252,0.0008618750143796206,weak_2x2_bal_strong_100_100,weak_null,True,130,2311938656,-4.440892098500626e-16,0,0
100,100,0.04192574010735017,0.033236881825550346,0.03673751454763874,0.02753332313884016,0.008688858281799827,0.009204191408798579,0.04053996017233991,0.21432823922032773,0.2270399716642673,0.8302910979483464,0.8203926607420665,0.875,0.824,0.816,True,999,0.00011637492571026087,0.0008492919150739908,weak_2x2_bal_strong_100_100,weak_null,True,131,2311938656,-4.440892098500626e-16,0,0
100,100,0.08072202381269489,0.11309142392155536,0.07551191952371994,0.10721532385881716,-0.03236940010886047,-0.03170340433509722,0.06389534888397445,-0.5066002561100189,-0.49617702835720373,0.612435328612321,0.6197695167840003,0.661,0.617,0.622,True,999,0.00011587503831833601,0.0008651668904349208,weak_2x2_bal_strong_100_100,weak_null,True,132,2311938656,-4.440892098500626e-16,0,0
100,100,0.04221237139378675,0.04641278666230447,0.03702649579555839,0.04044240991839132,-0.004200415268517721,-0.0034159141228329304,0.044947889165958065,-0.0934507792570372,-0.07599720890608636,0.9255454509665049,0.9394213187482503,0.944,0.9,0.917,True,999,0.00011399993672966957,0.0007943749660626054,weak_2x2_bal_strong_100_100,weak_null,True,133,2311938656,-4.440892098500626e-16,0,0
100,100,0.016108472719423728,0.03161078068202461,0.010936694402147396,0.025641359589876345,-0.01550230796260088,-0.01470466518772895,0.03435915004666513,-0.45118426799109723,-0.42796941041200676,0.6518567471878733,0.6686733913329499,0.756,0.662,0.677,True,999,0.0001116250641644001,0.0008171671070158482,weak_2x2_bal_strong_100_100,weak_null,True,134,2311938656,-4.440892098500626e-16,0,0
100,100,0.08209242490492885,0.0018242460374165714,0.07688264482766272,-0.008299354436083206,0.08026817886751228,0.08518199926374592,0.03933144418894774,2.040814430355138,2.165748067997013,0.04126927568328043,0.030330443709134635,0.193,0.028,0.02,True,999,0.00011158292181789875,0.0008098749676719308,weak_2x2_bal_strong_100_100,weak_null,True,135,2311938656,-4.440892098500626e-16,0,0
100,100,0.04919800641132821,0.07158227589593666,0.043993494244503495,0.061378173118392,-0.02238426948460845,-0.017384678873888504,0.052927520516740094,-0.4229230703812901,-0.32846199300777784,0.672351389988904,0.7425623767871756,0.744,0.693,0.757,True,999,0.00011333392467349768,0.0008127919863909483,weak_2x2_bal_strong_100_100,weak_null,True,136,2311938656,-4.440892098500626e-16,0,0
100,100,0.05138326569604168,0.04184171028449646,0.04618908641285202,0.03565264405614954,0.009541555411545222,0.01053644235670248,0.046545111956783465,0.20499586337668352,0.2263705449131894,0.8375753569451505,0.8209132351035449,0.876,0.825,0.807,True,999,0.00011708296369761229,0.0008069999748840928,weak_2x2_bal_strong_100_100,weak_null,True,137,2311938656,-4.440892098500626e-16,0,0
100,100,0.08049150769159152,0.03759125923138776,0.07527796212248461,0.02701204491642173,0.042900248460203766,0.04826591720606288,0.05135457602568405,0.8353734327150903,0.939856210319477,0.4035074834504805,0.34729132151270237,0.576,0.398,0.342,True,999,0.00011641695164144039,0.0008144580060616136,weak_2x2_bal_strong_100_100,weak_null,True,138,2311938656,-4.440892098500626e-16,0,0
100,100,0.15405403065715662,0.0821645684683413,0.14877541753163825,0.07576903824890735,0.07188946218881531,0.0730063792827309,0.06868731771811368,1.0466191514981402,1.0628800440620239,0.2952752653956745,0.28783635396160856,0.395,0.338,0.328,True,999,0.00011849997099488974,0.0008764170343056321,weak_2x2_bal_strong_100_100,weak_null,True,139,2311938656,-4.440892098500626e-16,0,0
100,100,0.01287623345914679,0.02574151118933632,0.00771415638007511,0.02022106609427965,-0.012865277730189528,-0.01250690971420454,0.029287788484478414,-0.43927105445355535,-0.42703496444713807,0.6604651451697802,0.6693538610773132,0.794,0.684,0.685,True,999,0.00011250004172325134,0.0007939590141177177,weak_2x2_bal_strong_100_100,weak_null,True,140,2311938656,-4.440892098500626e-16,0,0
100,100,0.018491128599026796,0.0599450194984637,0.013323142721958448,0.05387704993734843,-0.04145389089943691,-0.040553907215389984,0.044838737219142465,-0.9245106680154118,-0.9044391017790927,0.35522049978569403,0.36576261217670725,0.508,0.359,0.37,True,999,0.00011616607662290335,0.0008297080639749765,weak_2x2_bal_strong_100_100,weak_null,True,141,2311938656,-4.440892098500626e-16,0,0
100,100,0.020293513000476437,0.027811516091442445,0.01511245216777013,0.02188362188626769,-0.007518003090966008,-0.0067711697184975606,0.03372388314047353,-0.22292815627579132,-0.20078262311291128,0.8235914222156467,0.8408685509835365,0.895,0.837,0.851,True,999,0.00011662498582154512,0.0008664169581606984,weak_2x2_bal_strong_100_100,weak_null,True,142,2311938656,-4.440892098500626e-16,0,0
100,100,0.06305153357970694,0.071734302124983,0.057843201723358106,0.06617525315998307,-0.008682768545276054,-0.008332051436624965,0.05360538378121693,-0.16197568103818807,-0.1554331085592279,0.871325004679257,0.8764798844780665,0.886,0.854,0.856,True,999,0.00012229196727275848,0.0008171669906005263,weak_2x2_bal_strong_100_100,weak_null,True,143,2311938656,-4.440892098500626e-16,0,0
100,100,0.0679049242017109,0.13618782462128304,0.06270023609739894,0.1302775072619511,-0.06828290041957213,-0.06757727116455214,0.06555806538688648,-1.0415636888703965,-1.0308002648606156,0.29761401087019745,0.3026344940449107,0.335,0.303,0.305,True,999,0.00011141702998429537,0.0008024579146876931,weak_2x2_bal_strong_100_100,weak_null,True,144,2311938656,-4.440892098500626e-16,0,0
100,100,0.06326096973380879,0.029640893263472246,0.05805270822607156,0.024097821085561577,0.033620076470336546,0.03395488714050998,0.043337799971445407,0.7757679552835697,0.783493559038122,0.43788600776648845,0.43333733455319046,0.582,0.459,0.453,True,999,0.00011037499643862247,0.0007978340145200491,weak_2x2_bal_strong_100_100,weak_null,True,145,2311938656,-4.440892098500626e-16,0,0
100,100,0.08125530193798935,0.0038363107458579127,0.07604643239656639,-0.006304791583673364,0.07741899119213144,0.08235122398023975,0.039863011283332674,1.9421260135583758,2.065855572097034,0.05212184702679557,0.0388421189543592,0.27,0.057,0.035,True,999,0.00010916602332144976,0.0008145830361172557,weak_2x2_bal_strong_100_100,weak_null,True,146,2311938656,-4.440892098500626e-16,0,0
100,100,0.04398059259912679,0.03790646555682897,0.03879278479044501,0.032155864688334646,0.006074127042297817,0.006636920102110366,0.04265184151729736,0.14241183560232606,0.15560688275132922,0.8867547142118873,0.8763428993834524,0.928,0.895,0.874,True,999,0.00011654093395918608,0.0008167079649865627,weak_2x2_bal_strong_100_100,weak_null,True,147,2311938656,-4.440892098500626e-16,0,0
100,100,0.044615464923190795,0.018339938647362664,0.03943237260273236,0.012497204743269208,0.02627552627582813,0.02693516785946315,0.03624656879266871,0.7249107198566797,0.7431094516430781,0.4685068039863979,0.4574154177858548,0.666,0.464,0.461,True,999,0.0001466670073568821,0.000802542082965374,weak_2x2_bal_strong_100_100,weak_null,True,148,2311938656,-4.440892098500626e-16,0,0
100,100,0.03988480078387058,0.04213341673780796,0.03470583080502365,0.036352756869959535,-0.002248615953937383,-0.001646926064935883,0.04324178084107989,-0.05200100250730626,-0.038086453261224056,0.9585278946110724,0.9696187522058539,0.969,0.956,0.969,True,999,0.00011350004933774471,0.0007966249249875546,weak_2x2_bal_strong_100_100,weak_null,True,149,2311938656,-4.440892098500626e-16,0,0
100,100,0.037708628753393314,0.023360054811146114,0.03252831478010876,0.016874039968854504,0.0143485739422472,0.015654274811254254,0.037514298166261846,0.3824828037207281,0.41728822279641603,0.7021032817106689,0.6764676018116841,0.82,0.682,0.658,True,999,0.00011016603093594313,0.0008159170392900705,weak_2x2_bal_strong_100_100,weak_null,True,150,2311938656,-4.440892098500626e-16,0,0
100,100,0.04461546492319102,0.058780277624292054,0.03943237260273236,0.05279129581086295,-0.014164812701101037,-0.01335892320813059,0.04972672403602312,-0.284853124264525,-0.26864675819893336,0.7757566701372796,0.7882015266874418,0.833,0.784,0.79,True,999,0.0001093749888241291,0.0007931250147521496,weak_2x2_bal_strong_100_100,weak_null,True,151,2311938656,-4.440892098500626e-16,0,0
100,100,0.04572033088704963,0.10001660775890131,0.04053781125691103,0.09437753830464146,-0.05429627687185168,-0.053839727047730435,0.05658103333322158,-0.9596197466399328,-0.9515507914225104,0.3372466270762796,0.34132484788668316,0.388,0.34,0.34,True,999,0.00010904204100370407,0.0008107500616461039,weak_2x2_bal_strong_100_100,weak_null,True,152,2311938656,-4.440892098500626e-16,0,0
100,100,0.023548064415132797,0.051632984824524775,0.018378452151807778,0.04595492632088849,-0.028084920409391978,-0.02757647416908071,0.041971418171586235,-0.6691439468301045,-0.6570298400769646,0.5034036585274321,0.5111617295830144,0.616,0.519,0.523,True,999,0.0001117499778047204,0.0008375829784199595,weak_2x2_bal_strong_100_100,weak_null,True,153,2311938656,-4.440892098500626e-16,0,0
100,100,0.0662232362965266,0.05034662616899377,0.06101817708722024,0.04435579038620574,0.01587661012753283,0.016662386701014498,0.05080005199064514,0.31253137556742105,0.3279994025219282,0.7546367220998684,0.7429121143759132,0.809,0.763,0.746,True,999,0.00011687492951750755,0.000791667029261589,weak_2x2_bal_strong_100_100,weak_null,True,154,2311938656,-4.440892098500626e-16,0,0
100,100,0.06718384749826711,0.0823181016739924,0.06198374887688374,0.07641632462659231,-0.015134254175725281,-0.014432575749708576,0.05730643915380017,-0.26409343171903715,-0.2518491108996345,0.7917079250087287,0.8011576954641857,0.838,0.8,0.809,True,999,0.00011066696606576443,0.0008012909675016999,weak_2x2_bal_strong_100_100,weak_null,True,155,2311938656,-4.440892098500626e-16,0,0
100,100,0.05044176633985287,0.033236881825550346,0.04525119209999673,0.02753332313884016,0.01720488451430252,0.01771786896115657,0.04245461184994092,0.4052536053118211,0.41733673184392156,0.6852911055307666,0.6764321248285969,0.8,0.69,0.68,True,999,0.00010991701856255531,0.0008494160138070583,weak_2x2_bal_strong_100_100,weak_null,True,156,2311938656,-4.440892098500626e-16,0,0
100,100,0.12767653084257524,0.02801711682392577,0.1224218578250742,0.022312299913316735,0.09965941401864947,0.10010955791175746,0.053972486792114895,1.8464854955174903,1.854825742926171,0.06482174350028576,0.06362111466818053,0.163,0.074,0.074,True,999,0.00012104201596230268,0.0008131660288199782,weak_2x2_bal_strong_100_100,weak_null,True,157,2311938656,-4.440892098500626e-16,0,0
100,100,0.05879172279147726,0.021161824097623627,0.053599990936902486,0.01522646727512722,0.037629898693853636,0.038373523661775266,0.04050312165175175,0.9290616910320577,0.9474213862258101,0.3528571163279526,0.34342409767529414,0.525,0.33,0.327,True,999,0.00011149991769343615,0.0008200410520657897,weak_2x2_bal_strong_100_100,weak_null,True,158,2311938656,-4.440892098500626e-16,0,0
100,100,0.03455808483129841,0.09984596658982564,0.029379615102087087,0.08975799723818767,-0.06528788175852723,-0.06037838213610058,0.052524240458743605,-1.2430047762386802,-1.14953365548477,0.21386607342992137,0.2503359972797643,0.283,0.225,0.271,True,999,0.0001177499070763588,0.0008311669807881117,weak_2x2_bal_strong_100_100,weak_null,True,159,2311938656,-4.440892098500626e-16,0,0
100,100,0.06830678045498972,0.03161078068202461,0.06307643617769543,0.025641359589876345,0.036695999772965116,0.03743507658781908,0.04595176760001716,0.7985764572188386,0.8146602088013064,0.4245360433456482,0.41526683609706805,0.599,0.432,0.425,True,999,0.00010945799294859171,0.0008396670455113053,weak_2x2_bal_strong_100_100,weak_null,True,160,2311938656,-4.440892098500626e-16,0,0
100,100,0.048134992198562765,0.04399979232121887,0.04294328825992011,0.038566546110061495,0.004135199877343898,0.0043767421498586145,0.04388771791550952,0.09422225792885339,0.09972589958503889,0.9249326041562511,0.9205619381415566,0.925,0.916,0.91,True,999,0.00011266698129475117,0.0008372908923774958,weak_2x2_bal_strong_100_100,weak_null,True,161,2311938656,-4.440892098500626e-16,0,0
100,100,0.06453060184189918,0.07726361864390252,0.05932963786189305,0.0717589012725881,-0.012733016802003339,-0.012429263410695057,0.054631892730626366,-0.23306929644166022,-0.22750929520198143,0.8157075962897851,0.8200277422075247,0.844,0.811,0.811,True,999,0.00011208304204046726,0.0008347919210791588,weak_2x2_bal_strong_100_100,weak_null,True,162,2311938656,-4.440892098500626e-16,0,0
100,100,0.028899737350249977,0.034209326254180106,0.023727442927850007,0.028479173172186734,-0.005309588903930129,-0.004751730244336727,0.03780474485409259,-0.14044768518931916,-0.12569137188138763,0.8883062838577876,0.8999762319410586,0.924,0.861,0.886,True,999,0.00011108291801065207,0.000841250061057508,weak_2x2_bal_strong_100_100,weak_null,True,163,2311938656,-4.440892098500626e-16,0,0
100,100,0.11892320497045628,0.016970839450722086,0.11368293296379761,0.010604870532709754,0.10195236551973419,0.10307806243108786,0.05054929816819236,2.016889832584989,2.039159121222947,0.04370701135185194,0.04143414927059811,0.186,0.051,0.051,True,999,0.00013104197569191456,0.0008185420883819461,weak_2x2_bal_strong_100_100,weak_null,True,164,2311938656,-4.440892098500626e-16,0,0
100,100,0.05142768388279051,0.015170593285965872,0.0462399154987736,0.008695546489626338,0.03625709059682464,0.03754436900914726,0.03709399190495711,0.9774383595522209,1.0121415108232115,0.3283521801197459,0.3114703970726602,0.563,0.321,0.306,True,999,0.00011216604616492987,0.000833874917589128,weak_2x2_bal_strong_100_100,weak_null,True,165,2311938656,-4.440892098500626e-16,0,0
100,100,0.023770755349350803,0.00687095089548051,0.018600276937249305,0.0006154644481455307,0.016899804453870293,0.017984812489103774,0.025103576799769725,0.6732030494564948,0.716424302104581,0.5008181214352211,0.47372939346879817,0.77,0.51,0.476,True,999,0.00011070806067436934,0.0007992920000106096,weak_2x2_bal_strong_100_100,weak_null,True,166,2311938656,-4.440892098500626e-16,0,0
100,100,0.10684208725377586,0.010181666169005343,0.10160707481718134,0.003839600332895543,0.09666042108477052,0.0977674744842858,0.04650991538115611,2.0782755739850973,2.102078098467088,0.0376839848558021,0.035546435070412635,0.143,0.046,0.044,True,999,0.00010920804925262928,0.0008135410025715828,weak_2x2_bal_strong_100_100,weak_null,True,167,2311938656,-4.440892098500626e-16,0,0
100,100,0.06003948229975353,0.010955353897079634,0.05484306698551222,0.005168575740434278,0.0490841284026739,0.049674491245077945,0.03722285076292381,1.3186558094460792,1.3345160359011705,0.18728420662788947,0.18203479499492914,0.384,0.189,0.184,True,999,0.00011416710913181305,0.0008173750247806311,weak_2x2_bal_strong_100_100,weak_null,True,168,2311938656,-4.440892098500626e-16,0,0
100,100,0.04594361002401559,0.09454061472270575,0.04075230116282569,0.08879554201865858,-0.04859700469869016,-0.04804324085583289,0.05616615689699198,-0.8652364232043942,-0.8553770368149557,0.3869090377745503,0.3923424519301938,0.426,0.391,0.394,True,999,0.00011466594878584146,0.0008300830377265811,weak_2x2_bal_strong_100_100,weak_null,True,169,2311938656,-4.440892098500626e-16,0,0
100,100,0.005026615360681608,0.07180065644607148,-0.00013129050341831316,0.0659409396157784,-0.06677404108538987,-0.06607223011919672,0.04278380025163297,-1.5607318819894043,-1.5443282207422628,0.11858702550922606,0.12250883925046556,0.126,0.104,0.106,True,999,0.00011187500786036253,0.0008287919918075204,weak_2x2_bal_strong_100_100,weak_null,True,170,2311938656,-4.440892098500626e-16,0,0
100,100,0.08255001320795574,0.13086916818809935,0.07734033821611774,0.12074919464927802,-0.04831915498014361,-0.04340885643316028,0.06521453456176611,-0.7409261647705156,-0.6656316222275083,0.4587382100119578,0.5056465889450132,0.499,0.471,0.518,True,999,0.00011437491048127413,0.0008362090447917581,weak_2x2_bal_strong_100_100,weak_null,True,171,2311938656,-4.440892098500626e-16,0,0
100,100,0.02047116048473807,0.04348535003939452,0.015303456355695744,0.03765412835063131,-0.02301418955465645,-0.022350671994935567,0.0392288630709101,-0.5866647094272398,-0.5697506949037623,0.5574289137372914,0.5688468009447797,0.71,0.6,0.606,True,999,0.00011374999303370714,0.0008353750454261899,weak_2x2_bal_strong_100_100,weak_null,True,172,2311938656,-4.440892098500626e-16,0,0
100,100,0.03164956794221874,0.11500878969345779,0.02646463414231448,0.1094773166908638,-0.08335922175123905,-0.08301268254854932,0.05511575890225033,-1.5124389722924703,-1.5061514928203226,0.13042222682129864,0.13202828842530423,0.175,0.143,0.143,True,999,0.0001090840669348836,0.0008328750263899565,weak_2x2_bal_strong_100_100,weak_null,True,173,2311938656,-4.440892098500626e-16,0,0
100,100,0.08287268458737995,0.11050759768067148,0.07765384350888382,0.10417801625747103,-0.027634913093291524,-0.026524172748587205,0.06410616424112668,-0.43108043384636974,-0.4137538575669589,0.6664098869149178,0.6790543797583022,0.699,0.68,0.684,True,999,0.00010695902165025473,0.0008907499723136425,weak_2x2_bal_strong_100_100,weak_null,True,174,2311938656,-4.440892098500626e-16,0,0
100,100,0.05879803751602253,0.047829950993235615,0.05360461857230803,0.04196866477914085,0.010968086522786913,0.011635953793167175,0.04877765371564538,0.22485883775235607,0.23855091228865227,0.8220890919875692,0.8114538325264843,0.862,0.83,0.808,True,999,0.00011475000064820051,0.0008099999977275729,weak_2x2_bal_strong_100_100,weak_null,True,175,2311938656,-4.440892098500626e-16,0,0
100,100,0.03592806366251622,0.028642845082338053,0.030746628893410843,0.02255135771350325,0.0072852185801781655,0.008195271179907593,0.037966234003961145,0.19188678496313524,0.21585683686858573,0.8478308891603534,0.829099343080314,0.885,0.846,0.831,True,999,0.0001103340182453394,0.0008050840115174651,weak_2x2_bal_strong_100_100,weak_null,True,176,2311938656,-4.440892098500626e-16,0,0
100,100,0.025497440448702058,0.03966916030556733,0.020308847030605648,0.03385839212969444,-0.014171719856865272,-0.013549545099088789,0.03890505705437894,-0.36426420958738015,-0.34827207887525063,0.7156607232275121,0.7276358606526101,0.8,0.712,0.725,True,999,0.00010962504893541336,0.0008062080014497042,weak_2x2_bal_strong_100_100,weak_null,True,177,2311938656,-4.440892098500626e-16,0,0
100,100,0.08231083374415216,0.10229363373204048,0.07703949873662452,0.09649243233450733,-0.019982799987888322,-0.019452933597882804,0.06281199480626336,-0.3181366878973205,-0.30970093622855355,0.7503812552625088,0.756788390750414,0.78,0.758,0.769,True,999,0.0001159169478341937,0.0008278749883174896,weak_2x2_bal_strong_100_100,weak_null,True,178,2311938656,-4.440892098500626e-16,0,0
100,100,0.05294730802400738,0.06958485096707717,0.04775382201984257,0.06373666501704633,-0.016637542943069794,-0.01598284299720376,0.05311460663350661,-0.3132385608702641,-0.300912385692436,0.754099424110397,0.763481305383368,0.812,0.768,0.772,True,999,0.00012037495616823435,0.0008366659749299288,weak_2x2_bal_strong_100_100,weak_null,True,179,2311938656,-4.440892098500626e-16,0,0
100,100,0.02913203618848237,0.08584246853916994,0.023959930575273347,0.08019040491035412,-0.05671043235068757,-0.05623047433508077,0.05127289959504063,-1.1060508143403867,-1.0966899625181266,0.268704526002032,0.27277694573520606,0.347,0.273,0.273,True,999,0.00011712498962879181,0.000827791984193027,weak_2x2_bal_strong_100_100,weak_null,True,180,2311938656,-4.440892098500626e-16,0,0
100,100,0.005099796201999962,0.0710191615849523,-5.788032095210838e-05,0.06536964335560214,-0.06591936538295234,-0.06542752367655424,0.04183501311589672,-1.5756984514462578,-1.5639417512622387,0.11509531451069709,0.11783124833324882,0.169,0.12,0.126,True,999,0.0001157090300694108,0.000826750067062676,weak_2x2_bal_strong_100_100,weak_null,True,181,2311938656,-4.440892098500626e-16,0,0
100,100,0.028983205450210714,0.03415401526030554,0.02380625383968038,0.028578003163936216,-0.005170809810094823,-0.004771749324255836,0.037173804414949656,-0.13909821422569685,-0.1283632224184418,0.8893725393503205,0.8978615345918168,0.905,0.881,0.897,True,999,0.00011454196646809578,0.0008410000009462237,weak_2x2_bal_strong_100_100,weak_null,True,182,2311938656,-4.440892098500626e-16,0,0
100,100,0.01205636069295768,0.0048277159395560265,0.006881216650342026,-0.005325892227261875,0.007228644753401653,0.0122071088776039,0.019084668953650397,0.3787671020627792,0.6396290607529245,0.7048608190414751,0.5224137847108766,0.852,0.692,0.527,True,999,0.00014591705985367298,0.0008379159262403846,weak_2x2_bal_strong_100_100,weak_null,True,183,2311938656,-4.440892098500626e-16,0,0
100,100,0.06718384749826711,0.03296463679899653,0.06198374887688374,0.025994368951543834,0.034219210699270586,0.035989379925339904,0.0476926492072292,0.7174944413463967,0.7546106270792915,0.47306906505670554,0.45048264539674665,0.624,0.472,0.45,True,999,0.00011129199992865324,0.0008096250239759684,weak_2x2_bal_strong_100_100,weak_null,True,184,2311938656,-4.440892098500626e-16,0,0
100,100,0.08285267614197755,0.05034662616899366,0.07760068327509373,0.04435579038620574,0.0325060499729839,0.03324489288888799,0.05313385494106074,0.6117766160396523,0.6256819296428844,0.5406855630424272,0.5315235881118774,0.634,0.541,0.533,True,999,0.00011504103895276785,0.0008111249189823866,weak_2x2_bal_strong_100_100,weak_null,True,185,2311938656,-4.440892098500626e-16,0,0
100,100,0.08248067220541466,0.13448621859494791,0.07725303819253782,0.1281236403767423,-0.05200554638953325,-0.05087060218420447,0.06758494721757256,-0.7694841607571966,-0.7526913059566281,0.4416059438765626,0.45163543556022767,0.484,0.429,0.444,True,999,0.00010924995876848698,0.0007927080150693655,weak_2x2_bal_strong_100_100,weak_null,True,186,2311938656,-4.440892098500626e-16,0,0
100,100,0.14151994363072573,0.01159077702076411,0.1362589858483716,-0.002298234561106227,0.12992916660996162,0.13855722040947782,0.05248082715265348,2.475745403783947,2.6401493255136743,0.013295835264640557,0.00828695048411355,0.089,0.018,0.012,True,999,0.00010720908176153898,0.0008118340047076344,weak_2x2_bal_strong_100_100,weak_null,True,187,2311938656,-4.440892098500626e-16,0,0
100,100,0.02913203618848237,0.0941435526160963,0.023959930575273347,0.0882357892248038,-0.06501151642761394,-0.06427585864953045,0.0544063380689672,-1.1949254211008151,-1.1814038755567842,0.232116169723241,0.2374423191739602,0.288,0.238,0.24,True,999,0.00011125009041279554,0.0008003339171409607,weak_2x2_bal_strong_100_100,weak_null,True,188,2311938656,-4.440892098500626e-16,0,0
100,100,0.05211170267878962,0.01842202431861034,0.04692500878186934,0.011595765344516451,0.033689678360179276,0.035329243437352886,0.03844320276048379,0.8763494178692438,0.9189984418693705,0.3808401074732751,0.3580963871872149,0.579,0.382,0.359,True,999,0.00010987499263137579,0.0008047500159591436,weak_2x2_bal_strong_100_100,weak_null,True,189,2311938656,-4.440892098500626e-16,0,0
100,100,0.012663459436801139,0.010495464909108077,0.007499651686075026,0.004197114739547203,0.0021679945276930623,0.003302536946527823,0.022721855203993623,0.09541450327137076,0.1453462719869531,0.923985596690518,0.8844374828204781,1.0,0.994,0.83,True,999,0.00011775002349168062,0.0008286659140139818,weak_2x2_bal_strong_100_100,weak_null,True,190,2311938656,-4.440892098500626e-16,0,0
100,100,0.05697138162392246,0.003836310745857885,0.05177894383153614,-0.006304791583673364,0.05313507087806457,0.0580837354152095,0.0342477025191169,1.5514930044841646,1.6959892530831067,0.12078358250169814,0.08988791533305696,0.434,0.133,0.094,True,999,0.00011329189874231815,0.0008642079774290323,weak_2x2_bal_strong_100_100,weak_null,True,191,2311938656,-4.440892098500626e-16,0,0
100,100,0.031237560290885202,0.022768861797211104,0.026053027003143825,0.01713034536975755,0.008468698493674098,0.008922681633386276,0.03410139226273184,0.24833879005371956,0.26165153506467087,0.8038722886872391,0.7935901084342993,0.873,0.805,0.792,True,999,0.00011145893950015306,0.0008005830459296703,weak_2x2_bal_strong_100_100,weak_null,True,192,2311938656,-4.440892098500626e-16,0,0
100,100,0.06449032675485356,0.11273532140845571,0.059284525146395595,0.10675693729310609,-0.04824499465360216,-0.047472412146710496,0.06279356876533618,-0.768311080293859,-0.7560075510936178,0.4423023933805883,0.4496446683847286,0.514,0.453,0.456,True,999,0.00010966695845127106,0.0007941670482978225,weak_2x2_bal_strong_100_100,weak_null,True,193,2311938656,-4.440892098500626e-16,0,0
100,100,0.08103073336646549,0.047829950993235615,0.07581022677463523,0.04196866477914085,0.033200782373229876,0.033841561995494374,0.052693154398791464,0.6300777160152581,0.6422383017607035,0.5286437385332804,0.5207184675044535,0.658,0.542,0.539,True,999,0.00010920793283730745,0.0007946250261738896,weak_2x2_bal_strong_100_100,weak_null,True,194,2311938656,-4.440892098500626e-16,0,0
100,100,0.028388665317186534,0.07178902991261055,0.023216524234612734,0.06582413978862434,-0.04340036459542401,-0.0426076155540116,0.04917645166528252,-0.8825436387892888,-0.866423137724913,0.37748289189076256,0.3862581599904541,0.473,0.372,0.379,True,999,0.00010916695464402437,0.0008171250810846686,weak_2x2_bal_strong_100_100,weak_null,True,195,2311938656,-4.440892098500626e-16,0,0
100,100,0.03972898576624351,0.06281801848483975,0.034550585407856715,0.057261483253341794,-0.023089032718596247,-0.02271089784548508,0.04712502847596251,-0.4899526528747559,-0.4819285755353852,0.6241674032206572,0.6298566857502166,0.686,0.63,0.633,True,999,0.00011266698129475117,0.0008029999444261193,weak_2x2_bal_strong_100_100,weak_null,True,196,2311938656,-4.440892098500626e-16,0,0
100,100,0.07534538571423399,0.04997162475608352,0.070136923885741,0.04410012936165231,0.02537376095815047,0.02603679452408869,0.05096736670131184,0.4978432789524003,0.5108522611472986,0.6185945087752294,0.6094545112932565,0.709,0.645,0.633,True,999,0.00011066603474318981,0.0008063330315053463,weak_2x2_bal_strong_100_100,weak_null,True,197,2311938656,-4.440892098500626e-16,0,0
100,100,0.03721406351323686,0.021786221343680856,0.03203140375200064,0.01590197713895236,0.015427842169556005,0.01612942661304828,0.035734969988765984,0.4317295404027501,0.4513625341820322,0.6659379947995508,0.6517282813914846,0.816,0.672,0.653,True,999,0.00010887498501688242,0.000799208995886147,weak_2x2_bal_strong_100_100,weak_null,True,198,2311938656,-4.440892098500626e-16,0,0
100,100,0.040946500461845226,0.024579701904333562,0.035759858778433795,0.018677922847224693,0.016366798557511664,0.017081935931209102,0.037842226500356665,0.4325009406451654,0.4513988079176077,0.6653773686985611,0.6517021423422957,0.787,0.684,0.672,True,999,0.00010866601951420307,0.0008105000015348196,weak_2x2_bal_strong_100_100,weak_null,True,199,2311938656,-4.440892098500626e-16,0,0
100,100,0.040267259181623105,0.1217906526387505,0.03508650452536699,0.11571924225817298,-0.08152339345712739,-0.08063273773280599,0.0612176581411587,-1.3316973555105085,-1.3171483552487266,0.18295965860808105,0.18778890113648483,0.23,0.187,0.196,True,999,0.00010804098565131426,0.000851707998663187,weak_2x2_bal_strong_100_100,weak_null,True,200,2311938656,-4.440892098500626e-16,0,0
100,100,0.009868386267911311,0.09520841353863585,0.004707606235797357,0.08953924655247647,-0.08534002727072454,-0.08483164031667911,0.04879991821348255,-1.748773981492998,-1.7383561985815303,0.08033009596542204,0.08214806961615793,0.1,0.073,0.075,True,999,0.00012483401224017143,0.000791250029578805,weak_2x2_bal_strong_100_100,weak_null,True,201,2311938656,-4.440892098500626e-16,0,0
100,100,0.04620082918151336,0.10229363373204048,0.04101419296897291,0.09649243233450733,-0.05609280455052712,-0.05547823936553442,0.0580092727155433,-0.9669627272451105,-0.9563684695303774,0.33356266686083946,0.3388861087372703,0.403,0.349,0.356,True,999,0.00010924995876848698,0.0007999169174581766,weak_2x2_bal_strong_100_100,weak_null,True,202,2311938656,-4.440892098500626e-16,0,0
100,100,0.14193041407891038,0.14324322427602032,0.13666948138833845,0.13682278549133287,-0.001312810197109937,-0.00015330410299441155,0.07555882708097338,-0.017374676762822838,-0.0020289370404085504,0.9861377111220699,0.9983811435713105,0.987,0.987,1.0,True,999,0.00010775006376206875,0.0007976250490173697,weak_2x2_bal_strong_100_100,weak_null,True,203,2311938656,-4.440892098500626e-16,0,0
100,100,0.0503740097885359,0.017443391231600103,0.0451734426386281,0.01105084587955929,0.0329306185569358,0.03412259675906881,0.0378913587505432,0.8690799074726693,0.9005376920820937,0.38480342575700366,0.3678341760678506,0.627,0.381,0.367,True,999,0.00010816706344485283,0.0007962910458445549,weak_2x2_bal_strong_100_100,weak_null,True,204,2311938656,-4.440892098500626e-16,0,0
100,100,0.05454077405771618,0.06543281418512625,0.049335718488578095,0.05979435516653808,-0.010892040127410074,-0.010458636677959987,0.05147541225983358,-0.2115969479259356,-0.203177327170644,0.8324214906218037,0.8389964335278652,0.851,0.841,0.846,True,999,0.00011458306107670069,0.0008357919286936522,weak_2x2_bal_strong_100_100,weak_null,True,205,2311938656,-4.440892098500626e-16,0,0
100,100,0.07224581843876288,0.015203651329365464,0.06703649716345694,0.008831699729270781,0.05704216710939741,0.05820479743418616,0.04180006531496359,1.364643013822695,1.3924570929641589,0.1723652785046853,0.1637840260139769,0.395,0.169,0.161,True,999,0.00011683302000164986,0.0008308748947456479,weak_2x2_bal_strong_100_100,weak_null,True,206,2311938656,-4.440892098500626e-16,0,0
100,100,0.038646286017684384,0.09347500270578613,0.03345405200131779,0.08776681632110694,-0.05482871668810174,-0.05431276431978915,0.05476341843493716,-1.001192369925595,-0.9917708914449266,0.3167338146541697,0.32130930022470816,0.396,0.337,0.337,True,999,0.0001112079480662942,0.0007976250490173697,weak_2x2_bal_strong_100_100,weak_null,True,207,2311938656,-4.440892098500626e-16,0,0
100,100,0.045879306933472086,0.06726377790855625,0.04069543386992791,0.06141730106752874,-0.02138447097508417,-0.02072186719760083,0.04976021171898257,-0.4297504017035041,-0.416434466047415,0.6673772155229256,0.6770921123773388,0.733,0.681,0.691,True,999,0.00010887498501688242,0.0008050419855862856,weak_2x2_bal_strong_100_100,weak_null,True,208,2311938656,-4.440892098500626e-16,0,0
100,100,0.04564337490516657,0.047039700673127016,0.04045645449031099,0.04121198737109211,-0.001396325767960449,-0.0007555328807811179,0.046089787509442766,-0.03029577360655814,-0.016392631027563886,0.9758311672006291,0.9869211585489122,0.98,0.976,0.98,True,999,0.00010737497359514236,0.0008452499751001596,weak_2x2_bal_strong_100_100,weak_null,True,209,2311938656,-4.440892098500626e-16,0,0
100,100,0.020471160484738293,0.018974299901215103,0.015303456355695744,0.012476194445909528,0.0014968605835231907,0.002827261909786216,0.030414287147465646,0.04921570498317337,0.09295834868915563,0.9607473956664725,0.9259366508200235,0.981,0.973,0.947,True,999,0.00011141691356897354,0.0008265409851446748,weak_2x2_bal_strong_100_100,weak_null,True,210,2311938656,-4.440892098500626e-16,0,0
100,100,0.11689366597424111,0.033236881825550346,0.11164621072786929,0.02753332313884016,0.08365678414869077,0.08411288758902913,0.05390059522094,1.552056777959118,1.5605187149464328,0.12064863868217346,0.11863735086729447,0.273,0.125,0.125,True,999,0.00011295895092189312,0.0008268340025097132,weak_2x2_bal_strong_100_100,weak_null,True,211,2311938656,-4.440892098500626e-16,0,0
100,100,0.05597128685976205,0.06958485096707717,0.050773277491245494,0.06373666501704633,-0.013613564107315124,-0.01296338752580084,0.053663666927727574,-0.25368307621708774,-0.24156730741601196,0.7997404096700972,0.8091154568009875,0.817,0.792,0.8,True,999,0.00011537503451108932,0.0008468340383842587,weak_2x2_bal_strong_100_100,weak_null,True,212,2311938656,-4.440892098500626e-16,0,0
100,100,0.08501037014324275,0.027467817504756964,0.0797711747827492,0.020855634370697373,0.05754255263848579,0.058915540412051826,0.04864657535437438,1.1828695487669405,1.2110932780544446,0.23686085170630744,0.22585965733561664,0.482,0.272,0.265,True,999,0.00011387502308934927,0.000834333011880517,weak_2x2_bal_strong_100_100,weak_null,True,213,2311938656,-4.440892098500626e-16,0,0
100,100,0.05847067467572731,0.02579476570101419,0.05322649432713433,0.020141690039999105,0.03267590897471312,0.03308480428713523,0.04132009840743331,0.7907993986973386,0.8006951958561506,0.4290610608792572,0.4233081244500907,0.581,0.447,0.435,True,999,0.0001141249667853117,0.0008419170044362545,weak_2x2_bal_strong_100_100,weak_null,True,214,2311938656,-4.440892098500626e-16,0,0
100,100,0.0699777403530557,0.03226235851910819,0.0647665874546135,0.026261925525176366,0.037715381833947514,0.038504661929437134,0.04659949286213337,0.8093517658127765,0.8262892912451827,0.418312838232187,0.4086400067219311,0.57,0.403,0.394,True,999,0.00011491705663502216,0.0008463329868391156,weak_2x2_bal_strong_100_100,weak_null,True,215,2311938656,-4.440892098500626e-16,0,0
100,100,0.08183549183411454,0.09309282876591579,0.07661640876138165,0.08682192887369666,-0.011257336931801254,-0.010205520112315014,0.060065492503470305,-0.18741770794855062,-0.16990654179228426,0.8513331396561978,0.8650836363223864,0.908,0.888,0.901,True,999,0.00011445896234363317,0.0008573749801144004,weak_2x2_bal_strong_100_100,weak_null,True,216,2311938656,-4.440892098500626e-16,0,0
100,100,0.028983205450210936,0.006520292351489154,0.02380625383965196,0.00027593733213393534,0.022462913098721782,0.023530316507518023,0.026820966876367976,0.8375131740128994,0.8773105241127845,0.40230417497852833,0.3803179975234786,0.663,0.402,0.381,True,999,0.00012145889922976494,0.0008057499071583152,weak_2x2_bal_strong_100_100,weak_null,True,217,2311938656,-4.440892098500626e-16,0,0
100,100,0.024202126171010474,0.0029358626601622695,0.019032070034910475,-0.0032786766815320334,0.021266263510848205,0.02231074671644251,0.02320432187092211,0.9164785607243912,0.9614910032945475,0.3594159472073498,0.33630534692310066,0.679,0.403,0.345,True,999,0.00011012493632733822,0.0008570419158786535,weak_2x2_bal_strong_100_100,weak_null,True,218,2311938656,-4.440892098500626e-16,0,0
100,100,0.007394198749677727,0.11050759768067148,0.0022346164873567886,0.10417801625747103,-0.10311339893099375,-0.10194339977011424,0.052367645943222366,-1.969028721336654,-1.9466866981311801,0.048949793002859114,0.05157230731740601,0.051,0.045,0.048,True,999,0.00011037499643862247,0.0008010420715436339,weak_2x2_bal_strong_100_100,weak_null,True,219,2311938656,-4.440892098500626e-16,0,0
100,100,0.06622639858617974,0.03226235851910819,0.06102599681521781,0.026261925525176366,0.033964040067071544,0.03476407129004144,0.04598826690448707,0.7385370737629966,0.7559334941289018,0.4601881469542538,0.44968907096234845,0.618,0.486,0.465,True,999,0.00010866695083677769,0.0008067080052569509,weak_2x2_bal_strong_100_100,weak_null,True,220,2311938656,-4.440892098500626e-16,0,0
100,100,0.04398059259912679,0.06958485096707728,0.03879278479044501,0.06373666501704633,-0.025604258367950494,-0.024943880226601323,0.05160098527186735,-0.49619708292488424,-0.483399301295912,0.6197553689039579,0.6288122442081124,0.711,0.621,0.629,True,999,0.00010791595559567213,0.0008122920989990234,weak_2x2_bal_strong_100_100,weak_null,True,221,2311938656,-4.440892098500626e-16,0,0
100,100,0.03956405743651059,0.0941435526160963,0.03438288661810418,0.0882357892248038,-0.05457949517958571,-0.053852902606699615,0.05616227540180842,-0.9718177333290214,-0.9588803555663196,0.3311412321172891,0.3376190221397105,0.388,0.338,0.344,True,999,0.00011341692879796028,0.0008248749654740095,weak_2x2_bal_strong_100_100,weak_null,True,222,2311938656,-4.440892098500626e-16,0,0
100,100,0.041476872912890816,0.04597109916923242,0.03628839431983977,0.04034402628693812,-0.004494226256341605,-0.00405563196709835,0.04401653549964113,-0.10210313477257306,-0.09213882739888549,0.9186748128320995,0.9265877398401126,0.944,0.934,0.937,True,999,0.0001159169478341937,0.0008168329950422049,weak_2x2_bal_strong_100_100,weak_null,True,223,2311938656,-4.440892098500626e-16,0,0
100,100,0.0343776497812871,0.06014523838896385,0.029195003231365035,0.05453115968122546,-0.02576758860767675,-0.025336156449860425,0.04612760033813097,-0.5586154150398368,-0.5492623996075624,0.5764242173640002,0.5828253872078266,0.653,0.599,0.617,True,999,0.00011662498582154512,0.0008396659977734089,weak_2x2_bal_strong_100_100,weak_null,True,224,2311938656,-4.440892098500626e-16,0,0
100,100,0.017248078827974633,0.10841212392360045,0.012079600693098769,0.10271521172548148,-0.09116404509562581,-0.09063561103238271,0.053604996002281684,-1.7006632197443954,-1.6908052941282716,0.08900624541607866,0.09087399573591169,0.115,0.092,0.094,True,999,0.00011787505354732275,0.0008246670477092266,weak_2x2_bal_strong_100_100,weak_null,True,225,2311938656,-4.440892098500626e-16,0,0
100,100,0.032565480312198525,0.05346974362503315,0.027389344920791814,0.04808950830149428,-0.020904263312834626,-0.020700163380702463,0.04241364243675347,-0.49286649558586537,-0.4880543662707161,0.6221069222766051,0.6255113330210633,0.707,0.637,0.637,True,999,0.000116499955765903,0.0008247499354183674,weak_2x2_bal_strong_100_100,weak_null,True,226,2311938656,-4.440892098500626e-16,0,0
100,100,0.010333787403100203,0.06958485096707717,0.005169452767034954,0.06373666501704633,-0.05925106356397697,-0.05856721225001138,0.045001911732322084,-1.3166343669222524,-1.3014383166292507,0.18796121330775784,0.1931084653379499,0.272,0.189,0.191,True,999,0.0001550420420244336,0.0008513749344274402,weak_2x2_bal_strong_100_100,weak_null,True,227,2311938656,-4.440892098500626e-16,0,0
100,100,0.012800049652406553,0.021327678612898526,0.007638305560703884,0.014808974428923705,-0.008527628960491973,-0.0071706688682198205,0.029283284216782182,-0.29121149449503375,-0.24487242671060533,0.7708895720295061,0.8065552121131921,0.821,0.776,0.797,True,999,0.00011787505354732275,0.0008427919819951057,weak_2x2_bal_strong_100_100,weak_null,True,228,2311938656,-4.440892098500626e-16,0,0
100,100,0.081521341694757,0.06014523838896385,0.07630804452571738,0.05453115968122546,0.021376103305793148,0.021776884844491917,0.054361136918758636,0.39322399267953506,0.4005965673057377,0.6941540505010049,0.6887171733763111,0.707,0.654,0.647,True,999,0.00011679204180836678,0.0008443749975413084,weak_2x2_bal_strong_100_100,weak_null,True,229,2311938656,-4.440892098500626e-16,0,0
100,100,0.03481663247178246,0.08841486592047892,0.029632280269439093,0.081968322404677,-0.053598233448696464,-0.052336042135237903,0.05484727648921842,-0.9772268903677015,-0.9542140555607321,0.32845683817357163,0.33997530132770437,0.359,0.318,0.331,True,999,0.00011700007598847151,0.0008498749230057001,weak_2x2_bal_strong_100_100,weak_null,True,230,2311938656,-4.440892098500626e-16,0,0
100,100,0.09998411053056266,0.07678808679263499,0.09474832720930237,0.07091070215225415,0.023196023737927673,0.02383762505704823,0.0605425569225154,0.38313584554439617,0.39373337151181936,0.7016190428404889,0.6937779005352159,0.759,0.721,0.721,True,999,0.00011674989946186543,0.0008339170599356294,weak_2x2_bal_strong_100_100,weak_null,True,231,2311938656,-4.440892098500626e-16,0,0
100,100,0.10294673725730497,0.058780277624292054,0.09771141653685333,0.05279129581086295,0.04416645963301291,0.04492012072599039,0.05874981356395454,0.7517719113258748,0.7646002259580064,0.45218823644830175,0.4445096345716043,0.591,0.494,0.481,True,999,0.0001168340677395463,0.0008393749594688416,weak_2x2_bal_strong_100_100,weak_null,True,232,2311938656,-4.440892098500626e-16,0,0
100,100,0.07605296980249521,0.021327678612898526,0.07083825302967739,0.014808974428923705,0.05472529118959668,0.056029278600753685,0.04491390020753573,1.2184488752195868,1.2474819230095051,0.2230534415566756,0.21222084445441014,0.476,0.215,0.198,True,999,0.00011633394751697779,0.0008339170599356294,weak_2x2_bal_strong_100_100,weak_null,True,233,2311938656,-4.440892098500626e-16,0,0
100,100,0.03711560428004501,0.11123131518947316,0.0319295410366891,0.10533709305269667,-0.07411571090942815,-0.07340755201600757,0.05854342036269729,-1.2659955713256072,-1.253899269315351,0.20551466780808147,0.20987862066342544,0.251,0.212,0.216,True,999,0.0001159169478341937,0.0008399590151384473,weak_2x2_bal_strong_100_100,weak_null,True,234,2311938656,-4.440892098500626e-16,0,0
100,100,0.03956405743651059,0.033164474466566896,0.03438288661810418,0.027554045385727477,0.006399582969943696,0.006828841232376703,0.03929886334663258,0.1628439711728217,0.1737668891882047,0.8706412863344223,0.8620486670660972,0.891,0.861,0.834,True,999,0.00011316593736410141,0.0008699579630047083,weak_2x2_bal_strong_100_100,weak_null,True,235,2311938656,-4.440892098500626e-16,0,0
100,100,0.0990946015821601,0.009972799093517393,0.09387147319645806,0.003694286584455142,0.08912180248864271,0.09017718661200291,0.045110587066161514,1.9756294095204763,1.9990248958574712,0.048196765225820726,0.0456056602488919,0.195,0.044,0.036,True,999,0.00011433300096541643,0.0008090420160442591,weak_2x2_bal_strong_100_100,weak_null,True,236,2311938656,-4.440892098500626e-16,0,0
100,100,0.03661108794088541,0.0941435526160963,0.031430711021982916,0.0882357892248038,-0.05753246467521089,-0.05680507820282088,0.05569870470103961,-1.0329228477397079,-1.0198635409516197,0.30164000559017645,0.3077931828504682,0.382,0.304,0.304,True,999,0.00010983308311551809,0.0008115419186651707,weak_2x2_bal_strong_100_100,weak_null,True,237,2311938656,-4.440892098500626e-16,0,0
100,100,0.12040616513819713,0.020109266173508444,0.11515909825942572,0.013683276698138513,0.10029689896468869,0.1014758215612872,0.05171353773178268,1.9394708496813418,1.9622680252045697,0.052444030713877675,0.049731287789955274,0.171,0.059,0.055,True,999,0.00011270795948803425,0.000811917008832097,weak_2x2_bal_strong_100_100,weak_null,True,238,2311938656,-4.440892098500626e-16,0,0
100,100,0.053733087682611425,0.08611093055897595,0.048539934671850915,0.08029327477231618,-0.032377842876364527,-0.031753340100465266,0.05643686150170409,-0.5737002734531382,-0.5626347613165287,0.5661706432439653,0.5736836164371806,0.632,0.574,0.582,True,999,0.0001088329590857029,0.0007927920669317245,weak_2x2_bal_strong_100_100,weak_null,True,239,2311938656,-4.440892098500626e-16,0,0
100,100,0.028406134711225217,0.051632984824524775,0.023226542182598564,0.04595492632088849,-0.023226850113299558,-0.022728384138289925,0.04309240275880859,-0.5390010448779563,-0.527433670048579,0.5898861335804155,0.5978924669768616,0.617,0.617,0.617,True,999,0.00010837498120963573,0.0008131670765578747,weak_2x2_bal_strong_100_100,weak_null,True,240,2311938656,-4.440892098500626e-16,0,0
100,100,0.028983205450210714,0.08584246853916994,0.02380625383968038,0.08019040491035412,-0.05685926308895922,-0.05638415107067374,0.05124462847160512,-1.109565329768469,-1.1002938796193331,0.2671863781711762,0.27120409795900247,0.296,0.25,0.255,True,999,0.00010991701856255531,0.0008151249494403601,weak_2x2_bal_strong_100_100,weak_null,True,241,2311938656,-4.440892098500626e-16,0,0
100,100,0.06822667887712619,0.0731082511954878,0.06302208908152807,0.06737970176225616,-0.0048815723183616155,-0.004357612680728096,0.05540726288285009,-0.08810347352264863,-0.07864695807012846,0.9297944356459525,0.9373134360467155,0.949,0.935,0.948,True,999,0.00011100003030151129,0.0008242499316111207,weak_2x2_bal_strong_100_100,weak_null,True,242,2311938656,-4.440892098500626e-16,0,0
100,100,0.01869198597379973,0.0373447825753509,0.013515828294231369,0.03161117061571872,-0.01865279660155117,-0.01809534232148735,0.03644946668011523,-0.5117440198851272,-0.49645012587685267,0.608830173628553,0.6195768669888342,0.713,0.614,0.643,True,999,0.00010862492490559816,0.0008344160160049796,weak_2x2_bal_strong_100_100,weak_null,True,243,2311938656,-4.440892098500626e-16,0,0
100,100,0.028388665317186534,0.06510169919138797,0.023216524234612734,0.05964344921814302,-0.03671303387420144,-0.036426924983530284,0.04507055416874992,-0.8145680600407783,-0.808220037569168,0.41531959933973517,0.41896392471140664,0.52,0.434,0.443,True,999,0.00010779104195535183,0.0008561670547351241,weak_2x2_bal_strong_100_100,weak_null,True,244,2311938656,-4.440892098500626e-16,0,0
100,100,0.03321907830533244,0.0710191615849523,0.028043423464055195,0.06536964335560214,-0.03780008327961987,-0.03732621989154694,0.04787055372623729,-0.7896312103635034,-0.7797323612550753,0.4297431756350776,0.435548426471673,0.498,0.43,0.442,True,999,0.00010874995496124029,0.0008309590630233288,weak_2x2_bal_strong_100_100,weak_null,True,245,2311938656,-4.440892098500626e-16,0,0
100,100,0.029083053995837327,0.03617656816955306,0.023911484371978986,0.030134603137639715,-0.0070935141737157315,-0.006223118765660729,0.03966533140524503,-0.1788341083361714,-0.1568906282940531,0.8580679624079306,0.8753310459277684,0.901,0.851,0.872,True,999,0.00010983296670019627,0.0008334999438375235,weak_2x2_bal_strong_100_100,weak_null,True,246,2311938656,-4.440892098500626e-16,0,0
100,100,0.037929363958035145,0.003900418512543913,0.03273870044534988,-0.002320934205350511,0.03402894544549123,0.03505963465070039,0.028635728536729996,1.1883387357106545,1.2243318554207792,0.23469998254964852,0.22082706452516465,0.559,0.251,0.234,True,999,0.0001112909521907568,0.0008257500594481826,weak_2x2_bal_strong_100_100,weak_null,True,247,2311938656,-4.440892098500626e-16,0,0
100,100,0.07240159423691139,0.04597109916923242,0.06718579129380942,0.04034402628693812,0.026430495067678972,0.0268417650068713,0.04986723728400591,0.5300172318981888,0.538264529354233,0.5960999833585521,0.5903944358578873,0.658,0.604,0.592,True,999,0.0001145420828834176,0.0008410828886553645,weak_2x2_bal_strong_100_100,weak_null,True,248,2311938656,-4.440892098500626e-16,0,0
100,100,0.021162458757532088,0.0635657802650259,0.01598913323475415,0.057768597126361954,-0.04240332150749382,-0.041779463891607804,0.0453253440581883,-0.9355322587966853,-0.921768268057087,0.34951406670054697,0.3566494624858362,0.437,0.349,0.352,True,999,0.0001154160127043724,0.000851707998663187,weak_2x2_bal_strong_100_100,weak_null,True,249,2311938656,-4.440892098500626e-16,0,0
100,100,0.013597708298657585,0.06900814234931513,0.008429703732630855,0.06252205092415153,-0.05541043405065754,-0.05409234719152067,0.04667197034092722,-1.187231514887801,-1.1589900061297913,0.23513631319108097,0.24646025872181854,0.353,0.239,0.25,True,999,0.00011466699652373791,0.0008367500267922878,weak_2x2_bal_strong_100_100,weak_null,True,250,2311938656,-4.440892098500626e-16,0,0
100,100,0.08562201045193629,0.053157523349648295,0.08039508043167132,0.047608134374414135,0.032464487102288,0.03278694605725718,0.05323445385049378,0.6098397701883602,0.6158971058355859,0.5419679536844821,0.5379624318296921,0.642,0.532,0.532,True,999,0.00011500006075948477,0.0008290410041809082,weak_2x2_bal_strong_100_100,weak_null,True,251,2311938656,-4.440892098500626e-16,0,0
100,100,0.05343813071859982,0.06598641931342641,0.04824485387614175,0.059837807944241206,-0.012548288594826595,-0.01159295406809946,0.05342420129629206,-0.23488022825523305,-0.2169981728656012,0.8143016958914734,0.8282097688586649,0.844,0.81,0.832,True,999,0.0001169170718640089,0.0008421249222010374,weak_2x2_bal_strong_100_100,weak_null,True,252,2311938656,-4.440892098500626e-16,0,0
100,100,0.09103835747329414,0.04348535003939452,0.08582259536504466,0.03765412835063131,0.04755300743389962,0.04816846701441335,0.052814511533870824,0.9003776813007744,0.912030909980529,0.3679192940075465,0.3617524462783611,0.506,0.384,0.377,True,999,0.00016054196748882532,0.0008431669557467103,weak_2x2_bal_strong_100_100,weak_null,True,253,2311938656,-4.440892098500626e-16,0,0
100,100,0.03455808483129841,0.04156845961362904,0.029379615102087087,0.035964040895656524,-0.007010374782330631,-0.006584425793569437,0.041096226599850544,-0.17058439088799762,-0.16021971695068918,0.864550572286229,0.8727079981500108,0.897,0.875,0.878,True,999,0.00011458294466137886,0.0008031249744817615,weak_2x2_bal_strong_100_100,weak_null,True,254,2311938656,-4.440892098500626e-16,0,0
100,100,0.010536635773633729,0.017443391231600103,0.005372688010410798,0.01105084587955929,-0.006906755457966374,-0.005678157869148492,0.026217053860070144,-0.26344514127446256,-0.21658260685792025,0.7922075013019872,0.8285336417308056,0.903,0.782,0.842,True,999,0.00011020898818969727,0.0008070840267464519,weak_2x2_bal_strong_100_100,weak_null,True,255,2311938656,-4.440892098500626e-16,0,0
100,100,0.028388665317186312,0.028967861822869097,0.023216524234612734,0.028900275105263162,-0.0005791965056827844,-0.005683750870650428,0.03675509852090047,-0.015758262907482872,-0.1546384338330208,0.9874272456735645,0.8771063686175855,0.993,0.971,0.875,True,999,0.00011058291420340538,0.0008190000662580132,weak_2x2_bal_strong_100_100,weak_null,True,256,2311938656,-4.440892098500626e-16,0,1
100,100,0.004937848310545001,0.07139087860353233,-0.0002195384817014201,0.06571723511521554,-0.06645303029298733,-0.06593677359691696,0.04322637818564911,-1.5373258894738797,-1.5253827955173807,0.12421352465431569,0.1271636474046633,0.155,0.11,0.111,True,999,0.00011229095980525017,0.0008246670477092266,weak_2x2_bal_strong_100_100,weak_null,True,257,2311938656,-4.440892098500626e-16,0,0
100,100,0.04228567460549826,0.015465309507012748,0.03709764844347774,0.009648673560995746,0.02682036509848551,0.02744897488248199,0.034452721753969975,0.7784686879025751,0.796714264797354,0.43629275903238096,0.42561699741490844,0.636,0.441,0.434,True,999,0.00011212506797164679,0.0008287919918075204,weak_2x2_bal_strong_100_100,weak_null,True,258,2311938656,-4.440892098500626e-16,0,0
100,100,0.07276017128216583,0.027811516091442445,0.06755718170455793,0.02188362188626769,0.044948655190723386,0.045673559818290244,0.04573577893094007,0.9827897598200913,0.9986395965236805,0.32571092276544367,0.3179693113070262,0.521,0.363,0.353,True,999,0.00011254206765443087,0.0008399160578846931,weak_2x2_bal_strong_100_100,weak_null,True,259,2311938656,-4.440892098500626e-16,0,0
100,100,0.05383148344019828,0.09347500270578613,0.04863837143201977,0.08776681632110694,-0.039643519265587845,-0.03912844488908718,0.05724318430871682,-0.6925456671275894,-0.6835476635622595,0.4885947175644104,0.49426084272374604,0.574,0.519,0.519,True,999,0.00011399993672966957,0.0008272089762613177,weak_2x2_bal_strong_100_100,weak_null,True,260,2311938656,-4.440892098500626e-16,0,0
100,100,0.043304782161658006,0.06958485096707728,0.03811953542025037,0.06373666501704633,-0.026280068805419277,-0.025617129596795962,0.051490081121294086,-0.5103908992396395,-0.497515813510766,0.6097776314401542,0.6188253542869608,0.658,0.593,0.6,True,999,0.00011633406393229961,0.0008736669551581144,weak_2x2_bal_strong_100_100,weak_null,True,261,2311938656,-4.440892098500626e-16,0,0
100,100,0.14326588796556838,0.04184171028449646,0.13799609076446018,0.03565264405614954,0.10142417768107193,0.10234344670831064,0.06020883664538484,1.684539734232622,1.6998077426921274,0.09207740714702946,0.08916709467210676,0.2,0.095,0.095,True,999,0.00011849997099488974,0.0008087500464171171,weak_2x2_bal_strong_100_100,weak_null,True,262,2311938656,-4.440892098500626e-16,0,0
100,100,0.01953799086854191,0.09188928025550225,0.01435063857590535,0.08634571237419664,-0.07235128938696034,-0.07199507379829129,0.049303334239568855,-1.4674725452724884,-1.4602475655796716,0.14224755249849474,0.14422204701683483,0.121,0.122,0.122,True,999,0.0001093749888241291,0.000832917052321136,weak_2x2_bal_strong_100_100,weak_null,True,263,2311938656,-4.440892098500626e-16,0,0
100,100,0.06458767724011083,0.08769761406374049,0.059390449977797743,0.0819894519760922,-0.023109936823629662,-0.022599001998294455,0.057492471405841634,-0.4019645748135561,-0.3930775881726705,0.6877100976196713,0.6942621766141563,0.734,0.693,0.705,True,999,0.00011387490667402744,0.0008038340602070093,weak_2x2_bal_strong_100_100,weak_null,True,264,2311938656,-4.440892098500626e-16,0,0
100,100,0.034891356957655106,0.0210143687768371,0.02971311484805028,0.015154105746773894,0.013876988180818006,0.014559009101276388,0.03479288929654385,0.39884552451343774,0.4184478321759442,0.6900070306536394,0.6756197208568251,0.82,0.686,0.681,True,999,0.00011020805686712265,0.0008044169517233968,weak_2x2_bal_strong_100_100,weak_null,True,265,2311938656,-4.440892098500626e-16,0,0
100,100,0.07373510419465623,0.04663349849632514,0.0685196850136407,0.04037187854172686,0.027101605698331088,0.02814780647191384,0.05217504236138341,0.519436199219839,0.539487946688224,0.6034565933832896,0.5895502116414848,0.718,0.603,0.599,True,999,0.00011070910841226578,0.0007987499702721834,weak_2x2_bal_strong_100_100,weak_null,True,266,2311938656,-4.440892098500626e-16,0,0
100,100,0.08255001320795574,0.024579701904333562,0.07734033821611774,0.018677922847224693,0.05797031130362218,0.05866241536889305,0.04641136403151063,1.249054245944241,1.263966629575133,0.21164523380249411,0.20624200471354048,0.384,0.228,0.223,True,999,0.00010950001887977123,0.0008200829615816474,weak_2x2_bal_strong_100_100,weak_null,True,267,2311938656,-4.440892098500626e-16,0,0
100,100,0.05131293593563868,0.05676359474749987,0.04612276262523096,0.051052564310396065,-0.0054506588118611865,-0.004929801685165103,0.04922709995241869,-0.11072475967769005,-0.10014406068872812,0.911834611319204,0.9202299557553846,0.927,0.906,0.914,True,999,0.00010829104576259851,0.0008148339111357927,weak_2x2_bal_strong_100_100,weak_null,True,268,2311938656,-4.440892098500626e-16,0,0
100,100,0.039534547637448014,0.04290193331568587,0.03435537000655131,0.036946140019274765,-0.0033673856782378553,-0.0025907700127234534,0.04310853995191846,-0.0781141203574443,-0.060098765015310064,0.9377372750949401,0.9520769735620812,0.965,0.947,0.962,True,999,0.0001127920113503933,0.0008227908983826637,weak_2x2_bal_strong_100_100,weak_null,True,269,2311938656,-4.440892098500626e-16,0,0
100,100,0.08029403715182915,0.11273532140845571,0.07504145323217415,0.10675693729310609,-0.03244128425662657,-0.03171548406093194,0.06471869995130194,-0.5012660062862395,-0.49005131569077387,0.6161839259369739,0.6240975870389305,0.603,0.548,0.577,True,999,0.0001152910990640521,0.0008727919775992632,weak_2x2_bal_strong_100_100,weak_null,True,270,2311938656,-4.440892098500626e-16,0,0
100,100,0.040003196167557986,0.034209326254180106,0.034822286739995434,0.028479173172186734,0.00579386991337788,0.0063431135678087,0.04043804116600851,0.14327770946155777,0.1568600601045089,0.8860708594620037,0.8753551375371484,0.944,0.899,0.897,True,999,0.00011812499724328518,0.0008296249434351921,weak_2x2_bal_strong_100_100,weak_null,True,271,2311938656,-4.440892098500626e-16,0,0
100,100,0.05142768388279051,0.014418603318262557,0.0462399154987736,0.008086073546841988,0.03700908056452795,0.03815384195193161,0.03687754094861479,1.0035669302380126,1.0346091678155878,0.31558740105981664,0.3008514707900968,0.568,0.31,0.302,True,999,0.0001154160127043724,0.0008314170408993959,weak_2x2_bal_strong_100_100,weak_null,True,272,2311938656,-4.440892098500626e-16,0,0
100,100,0.05220314090689748,0.14389469191014337,0.04701571431220941,0.13801051026077005,-0.09169155100324589,-0.09099479594856064,0.06506910858640019,-1.4091410347430198,-1.3984331109705574,0.15879346922123483,0.16198304594127555,0.188,0.167,0.172,True,999,0.0001141249667853117,0.0008354580495506525,weak_2x2_bal_strong_100_100,weak_null,True,273,2311938656,-4.440892098500626e-16,0,0
100,100,0.02426508867076016,0.009972799093517393,0.019096178238214634,0.003694286584455142,0.014292289577242767,0.015401891653759492,0.02693376009835975,0.5306459077770267,0.5718433518941701,0.59566417671083,0.5674281045058641,0.804,0.631,0.582,True,999,0.00011608295608311892,0.0008367080008611083,weak_2x2_bal_strong_100_100,weak_null,True,274,2311938656,-4.440892098500626e-16,0,0
100,100,0.06639707712193688,0.0635657802650259,0.061199525402599875,0.057768597126361954,0.0028312968569109698,0.003430928276237921,0.0536558387954853,0.052767730790729904,0.06394324184018918,0.9579169727636514,0.9490154206991014,0.971,0.961,0.956,True,999,0.00011362507939338684,0.0008340830681845546,weak_2x2_bal_strong_100_100,weak_null,True,275,2311938656,-4.440892098500626e-16,0,0
100,100,0.06134591428125835,0.06451562966921476,0.05614660762330459,0.06447399053702796,-0.0031697153879564066,-0.008327382913723369,0.04925454663800812,-0.06435376232882511,-0.16906830906240441,0.9486885459836638,0.8657429117584183,0.954,0.947,0.874,True,999,0.00011633301619440317,0.0008448330918326974,weak_2x2_bal_strong_100_100,weak_null,True,276,2311938656,-4.440892098500626e-16,0,1
100,100,0.06833399126600037,0.059181165150533566,0.06312943401744064,0.05277221763162743,0.009152826115466806,0.010357216385813217,0.05332525855128634,0.17164147655587908,0.19422721365433257,0.8637193977412942,0.8459979751805918,0.896,0.865,0.862,True,999,0.00011516606900840998,0.0008362079970538616,weak_2x2_bal_strong_100_100,weak_null,True,277,2311938656,-4.440892098500626e-16,0,0
100,100,0.08228287850505178,0.0599450194984637,0.07707424871352941,0.05387704993734843,0.02233785900658808,0.023197198776180983,0.056164511188422486,0.39772195170805136,0.41302235673979754,0.6908351543433234,0.6795902339622637,0.761,0.692,0.684,True,999,0.00011408398859202862,0.000842750072479248,weak_2x2_bal_strong_100_100,weak_null,True,278,2311938656,-4.440892098500626e-16,0,0
100,100,0.02364422431130242,0.0029358626601621585,0.018471408995495153,-0.0032786766815320334,0.02070836165114026,0.021750085677027187,0.0229797561989695,0.9011567168875753,0.9464889657098513,0.36750500053374835,0.3438992476551562,0.632,0.372,0.34,True,999,0.00011387502308934927,0.0008664580527693033,weak_2x2_bal_strong_100_100,weak_null,True,279,2311938656,-4.440892098500626e-16,0,0
100,100,0.13031610845561858,0.01601655991279033,0.1248993743095923,0.010186179318175448,0.11429954854282826,0.11471319499141686,0.049934584653621966,2.288985666661345,2.2972694333424526,0.02208018519803056,0.021603404372602074,0.091,0.022,0.019,True,999,0.00011383299715816975,0.0008178750285878778,weak_2x2_bal_strong_100_100,weak_null,True,280,2311938656,-4.440892098500626e-16,0,0
100,100,0.058201658255899846,0.04888536556537276,0.05300455198495513,0.043433394257235136,0.009316292690527084,0.009571157727719992,0.04713729139238064,0.19764166364537838,0.2030485300491214,0.8433254348590775,0.8390971006930441,0.865,0.844,0.841,True,999,0.00010974996257573366,0.0008003340335562825,weak_2x2_bal_strong_100_100,weak_null,True,281,2311938656,-4.440892098500626e-16,0,0
100,100,0.059630091707797095,0.09382168228462295,0.05443352642821253,0.08748118311022779,-0.03419159057682586,-0.03304765668201526,0.0584489438936994,-0.5849821793018162,-0.5654106726396759,0.5585596994402166,0.5717944669635855,0.616,0.568,0.586,True,999,0.00010858301538974047,0.0008040419779717922,weak_2x2_bal_strong_100_100,weak_null,True,282,2311938656,-4.440892098500626e-16,0,0
100,100,0.0538314834401985,0.03420932625418022,0.04863837143204819,0.028479173172186734,0.019622157186018285,0.020159198259861455,0.043392731453997156,0.45219917088696604,0.4645754619349844,0.6511255054306617,0.6422355079121337,0.746,0.653,0.644,True,999,0.00010983296670019627,0.0008044170681387186,weak_2x2_bal_strong_100_100,weak_null,True,283,2311938656,-4.440892098500626e-16,0,0
100,100,0.07689873251463208,0.06769872115684883,0.07167489194772259,0.06199455819296418,0.009200011357783255,0.009680333754758408,0.05531600484395753,0.16631735035340722,0.17500059489230887,0.8679072125963709,0.8610791661420851,0.905,0.868,0.867,True,999,0.00012345891445875168,0.0008379580685868859,weak_2x2_bal_strong_100_100,weak_null,True,284,2311938656,-4.440892098500626e-16,0,0
100,100,0.05113387979598527,0.07351046319416021,0.04593024971897819,0.06789655960319152,-0.022376583398174943,-0.02196630988421333,0.05092533792847634,-0.439399801913979,-0.43134342898351685,0.6603718700267945,0.6662186769107725,0.727,0.679,0.693,True,999,0.0001176249934360385,0.000814707949757576,weak_2x2_bal_strong_100_100,weak_null,True,285,2311938656,-4.440892098500626e-16,0,0
100,100,0.0866728600207416,0.0038363107458579127,0.08144614985695853,-0.006304791583673364,0.08283654927488368,0.08775094144063189,0.0407935235947751,2.030629913163312,2.1510998243817108,0.04229255092089295,0.03146832137517141,0.239,0.046,0.031,True,999,0.00011662498582154512,0.0008335000602528453,weak_2x2_bal_strong_100_100,weak_null,True,286,2311938656,-4.440892098500626e-16,0,0
100,100,0.04232669479829865,0.04156845961362904,0.03713193948796345,0.035964040895656524,0.0007582351846696089,0.0011678985923069263,0.04276280109018442,0.01773118610893922,0.027311087265866698,0.9858533016379519,0.9782116138086486,0.989,0.987,0.979,True,999,0.00011587492190301418,0.000840499997138977,weak_2x2_bal_strong_100_100,weak_null,True,287,2311938656,-4.440892098500626e-16,0,0
100,100,0.028406134711224995,0.11767210323924737,0.023226542182598564,0.11210626433474147,-0.08926596852802238,-0.0888797221521429,0.055970132617917584,-1.5948857784097135,-1.5879848411095252,0.11073778042669966,0.11228976698216304,0.178,0.117,0.117,True,999,0.00012041605077683926,0.0008375830948352814,weak_2x2_bal_strong_100_100,weak_null,True,288,2311938656,-4.440892098500626e-16,0,0
100,100,0.04564337490516657,0.07178902991261055,0.04045645449031099,0.06582413978862434,-0.02614565500744398,-0.025367685298313347,0.05231364951339452,-0.49978648499278533,-0.4849152283252221,0.6172254279377781,0.627736479679861,0.702,0.654,0.658,True,999,0.00011641706805676222,0.0008475419599562883,weak_2x2_bal_strong_100_100,weak_null,True,289,2311938656,-4.440892098500626e-16,0,0
100,100,0.03284120813174418,0.029660227365619907,0.02766403529844297,0.023977110527795276,0.003180980766124275,0.0036869247706476926,0.03710831546913186,0.08572150812855783,0.09935575689806292,0.9316878040458041,0.920855809767413,0.956,0.931,0.93,True,999,0.00011304195504635572,0.0008283329661935568,weak_2x2_bal_strong_100_100,weak_null,True,290,2311938656,-4.440892098500626e-16,0,0
100,100,0.012939815947145883,0.04560563314259378,0.007776461045125416,0.034840198606612915,-0.032665817195447894,-0.0270637375614875,0.04194185024147149,-0.7788358645930314,-0.6452680891680661,0.4360764080215045,0.5187534684001076,0.545,0.484,0.489,True,999,0.00011283298954367638,0.0008599999127909541,weak_2x2_bal_strong_100_100,weak_null,True,291,2311938656,-4.440892098500626e-16,0,0
100,100,0.033711571632115134,0.014418603318262557,0.028536268927354058,0.008086073546841988,0.019292968313852576,0.02045019538051207,0.032185675847728266,0.5994271614841457,0.6353818847012184,0.5488880688680986,0.525179379957846,0.707,0.54,0.514,True,999,0.00011066708248108625,0.0008536250097677112,weak_2x2_bal_strong_100_100,weak_null,True,292,2311938656,-4.440892098500626e-16,0,0
100,100,0.013496852612789878,0.07791227811752865,0.008332045241843389,0.07239614232034342,-0.06441542550473878,-0.06406409707850003,0.04532752151320074,-1.421110692892817,-1.4133598074591973,0.15528458189056296,0.15754995705584085,0.186,0.126,0.126,True,999,0.00011141598224639893,0.000838999985717237,weak_2x2_bal_strong_100_100,weak_null,True,293,2311938656,-4.440892098500626e-16,0,0
100,100,0.060244385944802414,0.04184171028449646,0.05504804486290027,0.03565264405614954,0.018402675660305956,0.01939540080675073,0.04817661748185058,0.38198355596963063,0.40258950961132745,0.702473561906223,0.6872502282155462,0.78,0.701,0.687,True,999,0.0001092919846996665,0.0008478340459987521,weak_2x2_bal_strong_100_100,weak_null,True,294,2311938656,-4.440892098500626e-16,0,0
100,100,0.06453060184189918,0.027467817504756964,0.05932963786189305,0.020855634370697373,0.03706278433714222,0.038474003491195674,0.045100855764422146,0.8217756339421664,0.8530659305481721,0.4112046038007573,0.39362274335656877,0.55,0.394,0.388,True,999,0.00010958395432680845,0.0008640000596642494,weak_2x2_bal_strong_100_100,weak_null,True,295,2311938656,-4.440892098500626e-16,0,0
100,100,0.0690861079396059,0.08611093055897595,0.06386927286926891,0.08029327477231618,-0.01702482261937005,-0.01642400190304727,0.05883547731469217,-0.28936321070890125,-0.27915133271037357,0.7723034449185281,0.7801286904012474,0.767,0.738,0.743,True,999,0.00011029199231415987,0.000905583961866796,weak_2x2_bal_strong_100_100,weak_null,True,296,2311938656,-4.440892098500626e-16,0,0
100,100,0.027975873201807833,0.01326388501491682,0.022802804366975238,0.007459596219788978,0.014711988186891012,0.01534320814718626,0.02941513586108858,0.5001502714917788,0.5216092905245703,0.6169692706636448,0.6019423933659258,0.748,0.586,0.567,True,999,0.00011545908637344837,0.0007943749660626054,weak_2x2_bal_strong_100_100,weak_null,True,297,2311938656,-4.440892098500626e-16,0,0
100,100,0.04106131032185378,0.08769761406374049,0.035877582907573924,0.0819894519760922,-0.04663630374188671,-0.046111869068518274,0.0536787087573922,-0.8688045003590801,-0.8590346179325358,0.38495407116527947,0.390321417213247,0.459,0.403,0.403,True,999,0.00010995811317116022,0.0007933330489322543,weak_2x2_bal_strong_100_100,weak_null,True,298,2311938656,-4.440892098500626e-16,0,0
100,100,0.02928001942174485,0.0731082511954878,0.024106287714261043,0.06737970176225616,-0.043828231773742954,-0.04327341404799512,0.04870838358230073,-0.8998087916362084,-0.8884181913956897,0.36822201489934747,0.37431584359729686,0.437,0.364,0.373,True,999,0.00010854203719645739,0.0007927910191938281,weak_2x2_bal_strong_100_100,weak_null,True,299,2311938656,-4.440892098500626e-16,0,0
100,100,0.06449032675485356,0.1217906526387505,0.059284525146395595,0.11571924225817298,-0.05730032588389694,-0.05643471711177739,0.06467008911247484,-0.8860406204828274,-0.8726556262142393,0.3755956386237048,0.38285081097633245,0.441,0.382,0.386,True,999,0.00011562497820705175,0.0008065829752013087,weak_2x2_bal_strong_100_100,weak_null,True,300,2311938656,-4.440892098500626e-16,0,0
100,100,0.06617185638282819,0.06266501567668914,0.06097514953060568,0.05690298795410342,0.003506840706139047,0.004072161576502253,0.05343952084673302,0.06562260758656176,0.07620131153835376,0.947678289654966,0.9392589392684867,0.967,0.962,0.948,True,999,0.00011775002349168062,0.000819541048258543,weak_2x2_bal_strong_100_100,weak_null,True,301,2311938656,-4.440892098500626e-16,0,0
100,100,0.10038635749680447,0.012293808475890677,0.09516207907226715,0.005981867305230537,0.08809254902091379,0.08918021176703661,0.04604144801430678,1.9133314181070105,1.9369549745552102,0.055705638053604276,0.05275084747887716,0.217,0.053,0.05,True,999,0.00010887498501688242,0.0008374169701710343,weak_2x2_bal_strong_100_100,weak_null,True,302,2311938656,-4.440892098500626e-16,0,0
100,100,0.022470064715165217,0.09454061472270575,0.017293094157892597,0.08879554201865858,-0.07207055000754053,-0.07150244786076598,0.05212601577234908,-1.3826214979156588,-1.3717228681555091,0.1667809537676881,0.17014972663979355,0.211,0.165,0.166,True,999,0.000110417022369802,0.0008445840794593096,weak_2x2_bal_strong_100_100,weak_null,True,303,2311938656,-4.440892098500626e-16,0,0
100,100,0.029005663938671544,0.07792438230488541,0.023834031661209565,0.07190848403553929,-0.048918718366213865,-0.048074452374329724,0.0511744524912168,-0.955920698411183,-0.9394228962699868,0.3391123008334007,0.34751366204902945,0.437,0.353,0.357,True,999,0.00010900001507252455,0.000838708016090095,weak_2x2_bal_strong_100_100,weak_null,True,304,2311938656,-4.440892098500626e-16,0,0
100,100,0.0742358884664911,0.026510863535374574,0.06902712915848497,0.02084231232241507,0.04772502493111652,0.0481848168360699,0.044981826633480194,1.0609845909546625,1.0712063169130108,0.2886969039779532,0.28407667191280805,0.447,0.31,0.302,True,999,0.0001081250375136733,0.0008706250227987766,weak_2x2_bal_strong_100_100,weak_null,True,305,2311938656,-4.440892098500626e-16,0,0
100,100,0.06900280856466945,0.09520841353863585,0.06379136749795578,0.08953924655247647,-0.0262056049739664,-0.025747879054520695,0.05884237666313379,-0.44535259212914935,-0.43757374386701786,0.6560649666865999,0.6616953078743772,0.694,0.664,0.668,True,999,0.00010870897676795721,0.0008403749670833349,weak_2x2_bal_strong_100_100,weak_null,True,306,2311938656,-4.440892098500626e-16,0,0
100,100,0.04297030740593155,0.002632795244302266,0.03778631239838148,0.0026326962168568002,0.040337512161629285,0.03515361618152468,0.028764159840004327,1.4023532196316435,1.2221325558285243,0.1608097954116362,0.2216575035067394,0.428,0.163,0.197,True,999,0.00013179192319512367,0.0008399169892072678,weak_2x2_bal_strong_100_100,weak_null,True,307,2311938656,-4.440892098500626e-16,0,1
100,100,0.05839264176296999,0.0048277159395560265,0.05317679070471115,-0.005325892227261875,0.05356492582341396,0.05850268293197303,0.034811184554823904,1.5387274667156159,1.68057145081741,0.12387084391979135,0.09284618502218268,0.38,0.143,0.103,True,999,0.00011216697748750448,0.0008066250011324883,weak_2x2_bal_strong_100_100,weak_null,True,308,2311938656,-4.440892098500626e-16,0,0
100,100,0.04564337490516657,0.05480750881305835,0.04045645449031099,0.048786603171130594,-0.00916413390789178,-0.008330148680819605,0.04846582345385946,-0.18908445693935727,-0.1718767594808348,0.8500266233095124,0.8635344179146841,0.883,0.84,0.854,True,999,0.00011070794425904751,0.0007985830307006836,weak_2x2_bal_strong_100_100,weak_null,True,309,2311938656,-4.440892098500626e-16,0,0
100,100,0.058386195386126105,0.021786221343680967,0.053194310284851554,0.01590197713895236,0.03659997404244514,0.03729233314589919,0.04071869895059673,0.8988492998475033,0.9158527680647487,0.3687329364367645,0.3597441225294029,0.564,0.357,0.35,True,999,0.00011233298573642969,0.0007958330679684877,weak_2x2_bal_strong_100_100,weak_null,True,310,2311938656,-4.440892098500626e-16,0,0
100,100,0.09824065376246693,0.003853834478122875,0.09301738196127474,0.003853684444621308,0.09438681928434406,0.08916369751665343,0.04214550264183686,2.239546650717803,2.1156159477889984,0.025120369496171847,0.03437748437612894,0.163,0.029,0.038,True,999,0.00011000002268701792,0.0008109170012176037,weak_2x2_bal_strong_100_100,weak_null,True,311,2311938656,-4.440892098500626e-16,0,1
100,100,0.0573786912447658,0.003836310745857885,0.05218472349366721,-0.006304791583673364,0.053542380498907916,0.05848951507734057,0.03434214256729289,1.559086780738635,1.7031411177311164,0.11897584198975114,0.08854166274070091,0.433,0.141,0.112,True,999,0.00010833400301635265,0.0008223340846598148,weak_2x2_bal_strong_100_100,weak_null,True,312,2311938656,-4.440892098500626e-16,0,0
100,100,0.013496852612789878,0.029492842442209344,0.008332045241758124,0.022582609109804253,-0.015995989829419466,-0.014250563868046129,0.03397774934325847,-0.470778381105258,-0.41940870550549236,0.6377990044461881,0.6749174629272304,0.765,0.635,0.653,True,999,0.0001082499511539936,0.0008368749404326081,weak_2x2_bal_strong_100_100,weak_null,True,313,2311938656,-4.440892098500626e-16,0,0
100,100,0.034206006545573486,0.04597109916923242,0.02903104905192322,0.04034402628693812,-0.011765092623658935,-0.011312977235014898,0.04249378178853573,-0.2768662173257783,-0.2662266514972078,0.7818828335909644,0.7900646585262221,0.838,0.778,0.78,True,999,0.00012570805847644806,0.000833250000141561,weak_2x2_bal_strong_100_100,weak_null,True,314,2311938656,-4.440892098500626e-16,0,0
100,100,0.050501201609018054,0.06526171889034815,0.04528629249021776,0.05973956135656522,-0.014760517281330099,-0.014453268866347457,0.04986713425915394,-0.29599690258159483,-0.2898355616594174,0.7672324468505005,0.7719420407237457,0.799,0.774,0.775,True,999,0.00011683302000164986,0.0008087499300017953,weak_2x2_bal_strong_100_100,weak_null,True,315,2311938656,-4.440892098500626e-16,0,0
100,100,0.052772083710488804,0.03420932625418022,0.047582552563653735,0.028479173172186734,0.018562757456308587,0.019103379391467,0.04319536391900257,0.42973957786572625,0.4422553176606764,0.6673850899401026,0.6583044605180437,0.748,0.656,0.647,True,999,0.00011070794425904751,0.0007955000037327409,weak_2x2_bal_strong_100_100,weak_null,True,316,2311938656,-4.440892098500626e-16,0,0
100,100,0.04550937731471627,0.03161078068202461,0.040325315708599874,0.025641359589876345,0.013898596632691662,0.014683956118723529,0.04159880740163917,0.33411045894897456,0.3529898339860801,0.7382962080399784,0.7240960619051553,0.799,0.729,0.715,True,999,0.00011070806067436934,0.0008181249722838402,weak_2x2_bal_strong_100_100,weak_null,True,317,2311938656,-4.440892098500626e-16,0,0
100,100,0.06481048057679772,0.08851570136629522,0.05961241050464139,0.08257872818498413,-0.023705220789497494,-0.02296631768034274,0.058539970482071386,-0.4049407711395673,-0.3923185729548065,0.6855210482030774,0.694822842165675,0.716,0.685,0.694,True,999,0.00010916602332144976,0.0008077920647338033,weak_2x2_bal_strong_100_100,weak_null,True,318,2311938656,-4.440892098500626e-16,0,0
100,100,0.06270638444918264,0.04151945019516526,0.05750758133876843,0.035000872091863755,0.02118693425401738,0.022506709246904677,0.04826039101918369,0.4390129007781038,0.4663598609874125,0.660652188603496,0.6409579374922958,0.766,0.659,0.629,True,999,0.00011237501166760921,0.00079158297739923,weak_2x2_bal_strong_100_100,weak_null,True,319,2311938656,-4.440892098500626e-16,0,0
100,100,0.041511329214346415,0.021161824097623627,0.03631610840226074,0.01522646727512722,0.020349505116722788,0.021089641127133518,0.03642575611547244,0.5586570406998086,0.5789760701268009,0.5763958031863647,0.5626053199872763,0.742,0.589,0.578,True,999,0.00010795809794217348,0.0008111660135909915,weak_2x2_bal_strong_100_100,weak_null,True,320,2311938656,-4.440892098500626e-16,0,0
100,100,0.03988480078387058,0.04307409095564052,0.03470583080502365,0.03743498454626604,-0.003189290171769943,-0.002729153741242385,0.04269376683340963,-0.07470154095829727,-0.06392393887125251,0.9404521815937468,0.9490307907952071,0.955,0.946,0.95,True,999,0.00010941701475530863,0.0008261660113930702,weak_2x2_bal_strong_100_100,weak_null,True,321,2311938656,-4.440892098500626e-16,0,0
100,100,0.0343776497812871,0.06014523838896385,0.0291950032314503,0.05453115968122546,-0.02576758860767675,-0.02533615644977516,0.04612760033813097,-0.5586154150398368,-0.549262399605714,0.5764242173640002,0.5828253872090949,0.648,0.605,0.616,True,999,0.00010820908937603235,0.0008626249618828297,weak_2x2_bal_strong_100_100,weak_null,True,322,2311938656,-4.440892098500626e-16,0,0
100,100,0.021050379165941546,0.0076460005235785,0.015880697229448515,-0.002567615869601525,0.013404378642363046,0.01844831309905004,0.025047397938336505,0.5351605254710655,0.7365361122327928,0.5925388599897593,0.46140449904312375,0.834,0.599,0.473,True,999,0.00013679196126759052,0.0008329160045832396,weak_2x2_bal_strong_100_100,weak_null,True,323,2311938656,-4.440892098500626e-16,0,0
100,100,0.10986868819473494,0.10909386915490626,0.10463409352867359,0.10356828895149306,0.0007748190398286781,0.0010658045771805291,0.06584078798385856,0.011768070576838048,0.016187603608903044,0.9906106548946011,0.9870847250564244,0.979,0.979,0.975,True,999,0.00010958302300423384,0.0007934579625725746,weak_2x2_bal_strong_100_100,weak_null,True,324,2311938656,-4.440892098500626e-16,0,0
100,100,0.024947627515162663,0.07662096794768891,0.01977607778650281,0.07068661843629798,-0.05167334043252625,-0.050910540649795166,0.05015786094593429,-1.0302141968977807,-1.0150062161676352,0.3029094667482568,0.31010286437362033,0.374,0.306,0.306,True,999,0.00010816589929163456,0.0008034580387175083,weak_2x2_bal_strong_100_100,weak_null,True,325,2311938656,-4.440892098500626e-16,0,0
100,100,0.04606453410618794,0.037813861824602724,0.040880754384517104,0.031666332610974735,0.008250672281585214,0.00921442177354237,0.04394567752603281,0.1877470719776167,0.20967754492085994,0.8510749282439001,0.833919352502998,0.896,0.833,0.832,True,999,0.00010875007137656212,0.0008032090263441205,weak_2x2_bal_strong_100_100,weak_null,True,326,2311938656,-4.440892098500626e-16,0,0
100,100,0.013605244852947784,0.04574759686858204,0.008424751016121945,0.035502904098322574,-0.03214235201563426,-0.02707815308220063,0.03839303651180096,-0.837192234215561,-0.7052881340572672,0.4024845219164799,0.4806309433285617,0.534,0.408,0.484,True,999,0.00011483405251055956,0.0008204589830711484,weak_2x2_bal_strong_100_100,weak_null,True,327,2311938656,-4.440892098500626e-16,0,0
100,100,0.06336955972453928,0.06014523838896385,0.05816819124569861,0.05453115968122546,0.0032243213355754308,0.0036370315644731477,0.051470495486690485,0.0626440702598092,0.07066245487016208,0.9500499353178659,0.943666402782525,0.961,0.955,0.944,True,999,0.00011625001206994057,0.0008432079339399934,weak_2x2_bal_strong_100_100,weak_null,True,328,2311938656,-4.440892098500626e-16,0,0
100,100,0.03448819381301116,0.05887017359913571,0.02931219336318236,0.053285612703987795,-0.024381979786124552,-0.023973419340805435,0.045807129816538845,-0.532274776520081,-0.5233556312482547,0.5945356993321493,0.6007267941006108,0.651,0.567,0.577,True,999,0.00011604197788983583,0.0008047079900279641,weak_2x2_bal_strong_100_100,weak_null,True,329,2311938656,-4.440892098500626e-16,0,0
100,100,0.06662067251684944,0.037813861824602724,0.06141558098038047,0.031666332610974735,0.02880681069224672,0.029749248369405734,0.04789244299874071,0.6014896899914705,0.6211679026310678,0.5475138767137386,0.5344891558012992,0.642,0.544,0.542,True,999,0.00011100003030151129,0.0008077920647338033,weak_2x2_bal_strong_100_100,weak_null,True,330,2311938656,-4.440892098500626e-16,0,0
100,100,0.016828471383347643,0.07139087860353233,0.011662443581542448,0.06571723511521554,-0.05456240722018468,-0.0540547915336731,0.04583510660834535,-1.1904064647741068,-1.179331641912908,0.23388667336078672,0.23826614328883233,0.296,0.218,0.22,True,999,0.00010966695845127106,0.0008272920968011022,weak_2x2_bal_strong_100_100,weak_null,True,331,2311938656,-4.440892098500626e-16,0,0
100,100,0.05540908405916756,0.03264957232854182,0.05020268937023786,0.027100748194257562,0.022759511730625737,0.0231019411759803,0.04269765447758459,0.5330389223739216,0.5410587878570322,0.5940066373204296,0.5884670630404034,0.693,0.611,0.604,True,999,0.00011083402205258608,0.0008185839978978038,weak_2x2_bal_strong_100_100,weak_null,True,332,2311938656,-4.440892098500626e-16,0,0
100,100,0.10742386504471113,0.04290193331568587,0.10219200139196971,0.036946140019274765,0.06452193172902526,0.06524586137269495,0.05491807400472035,1.174876084027991,1.1880580766012823,0.24004429505980984,0.23481052965484528,0.378,0.248,0.238,True,999,0.00011024996638298035,0.0008339169435203075,weak_2x2_bal_strong_100_100,weak_null,True,333,2311938656,-4.440892098500626e-16,0,0
100,100,0.04758960796726952,0.02579476570101419,0.042399988056018856,0.020141690039999105,0.021794842266255332,0.02225829801601975,0.03930943548040598,0.5544430236633415,0.5662329602040337,0.5792756886554169,0.5712354266247235,0.646,0.598,0.57,True,999,0.0001129580195993185,0.000838708016090095,weak_2x2_bal_strong_100_100,weak_null,True,334,2311938656,-4.440892098500626e-16,0,0
100,100,0.05294730802400738,0.09555748124152108,0.04775382201975731,0.08956658658833305,-0.0426101732175137,-0.041812764568575744,0.05846541309637506,-0.7288099230099444,-0.7151709421714185,0.4661179408020464,0.4745034219484021,0.557,0.486,0.496,True,999,0.00011379201896488667,0.0008257499430328608,weak_2x2_bal_strong_100_100,weak_null,True,335,2311938656,-4.440892098500626e-16,0,0
100,100,0.12105762671526255,0.01601655991279033,0.1158106269624426,0.010186179318175448,0.10504106680247222,0.10562444764426715,0.05009542990003261,2.096819350828724,2.1084647412956605,0.03600956993043309,0.03499080949873241,0.132,0.039,0.039,True,999,0.00011479202657938004,0.0008313339203596115,weak_2x2_bal_strong_100_100,weak_null,True,336,2311938656,-4.440892098500626e-16,0,0
100,100,0.1003553257574008,0.05034662616899366,0.09512687225068817,0.04435579038620574,0.050008699588407146,0.050771081864482426,0.05597318587400225,0.8934402930177785,0.9070607840470265,0.37162143302404627,0.36437465457528373,0.482,0.386,0.381,True,999,0.00011662498582154512,0.0008470419561490417,weak_2x2_bal_strong_100_100,weak_null,True,337,2311938656,-4.440892098500626e-16,0,0
100,100,0.06607918563312665,0.051632984824524886,0.060881532323605825,0.04595492632088849,0.014446200808601761,0.014926606002717335,0.050342428783666654,0.28695875740680904,0.2965015070460843,0.7741438995264002,0.7668471162279061,0.813,0.763,0.763,True,999,0.00011475000064820051,0.0008631660602986813,weak_2x2_bal_strong_100_100,weak_null,True,338,2311938656,-4.440892098500626e-16,0,0
100,100,0.06453060184189918,0.0048277159395560265,0.05932963786189305,-0.005325892227261875,0.059702885902343156,0.06465553008915492,0.036521438323715155,1.6347353401899059,1.7703445717572115,0.10210454067142131,0.07666975726854687,0.377,0.112,0.082,True,999,0.00012091698590666056,0.0008000420639291406,weak_2x2_bal_strong_100_100,weak_null,True,339,2311938656,-4.440892098500626e-16,0,0
100,100,0.08620559036598874,0.014418603318262557,0.08097878337117947,0.008086073546841988,0.07178698704772618,0.07289270982433749,0.0441001102617261,1.627818765569599,1.6528917817151152,0.10356332027281917,0.09835289001680016,0.299,0.112,0.107,True,999,0.000110417022369802,0.0008565409807488322,weak_2x2_bal_strong_100_100,weak_null,True,340,2311938656,-4.440892098500626e-16,0,0
100,100,0.05899469949768721,0.05285251661877827,0.05380304350626375,0.04694417163658926,0.006142182878908942,0.006858871869674488,0.05040886790329689,0.12184726883158636,0.136064786910755,0.903019977709043,0.8917700645628197,0.922,0.9,0.9,True,999,0.0001140000531449914,0.0008064160356298089,weak_2x2_bal_strong_100_100,weak_null,True,341,2311938656,-4.440892098500626e-16,0,0
100,100,0.08103073336646549,0.0678620852186228,0.07581022677463523,0.06065896334129661,0.013168648147842688,0.015151263433338613,0.06014303143782742,0.21895551043940506,0.2519205146651306,0.8266847043458432,0.801102502456456,0.891,0.856,0.83,True,999,0.00010962493252009153,0.0007986660348251462,weak_2x2_bal_strong_100_100,weak_null,True,342,2311938656,-4.440892098500626e-16,0,0
100,100,0.05879172279147726,0.005925525804017173,0.053599990936902486,0.00016689267408764863,0.05286619698746009,0.05343309826281484,0.035210165085284906,1.5014470071188057,1.5175475074709517,0.13323998338994386,0.1291285084860281,0.339,0.143,0.14,True,999,0.00010933296289294958,0.0007924590026959777,weak_2x2_bal_strong_100_100,weak_null,True,343,2311938656,-4.440892098500626e-16,0,0
100,100,0.0573786912447658,0.0038323920613059226,0.05218472349366721,0.0038322446425596013,0.05354629918345988,0.048352478851107605,0.03297280251982351,1.6239535341670583,1.4664352179963382,0.10438572579943994,0.14252975773944615,0.41,0.103,0.15,True,999,0.00011200003791600466,0.0008182500023394823,weak_2x2_bal_strong_100_100,weak_null,True,344,2311938656,-4.440892098500626e-16,0,1
100,100,0.02509373622103761,0.156187977666704,0.01992232242085379,0.15012148189146046,-0.1310942414456664,-0.13019915947060667,0.06316213146310196,-2.075519593923916,-2.0613484132761797,0.037938404820581646,0.03926981256408101,0.042,0.04,0.042,True,999,0.00011545803863555193,0.0008148750057443976,weak_2x2_bal_strong_100_100,weak_null,True,345,2311938656,-4.440892098500626e-16,0,0
100,100,0.16729814806807652,0.047829950993235615,0.1619840174256808,0.04196866477914085,0.11946819707484091,0.12001535264653995,0.06339076063559627,1.8846310704742524,1.8932625424145306,0.059479664442610054,0.05832296383101955,0.133,0.066,0.064,True,999,0.0001169170718640089,0.0008318339241668582,weak_2x2_bal_strong_100_100,weak_null,True,346,2311938656,-4.440892098500626e-16,0,0
100,100,0.015065353089342093,0.03132340886366941,0.009891941649257774,0.025219550995373652,-0.016258055774327318,-0.015327609346115878,0.03369626150488951,-0.4824884140921148,-0.45487566458646334,0.6294590268625183,0.6491986912942734,0.766,0.64,0.649,True,999,0.00011637492571026087,0.0008165420731529593,weak_2x2_bal_strong_100_100,weak_null,True,347,2311938656,-4.440892098500626e-16,0,0
100,100,0.09138291164981582,0.022463525410002516,0.08616474974454036,0.01683087904800118,0.06891938623981331,0.06933387069653918,0.04690198226542937,1.4694344015095624,1.4782716496749,0.14171500217633828,0.13933508276576648,0.303,0.138,0.135,True,999,0.00011529203038662672,0.0008265840588137507,weak_2x2_bal_strong_100_100,weak_null,True,348,2311938656,-4.440892098500626e-16,0,0
100,100,0.054762727353112384,0.023872760959725292,0.04956936738049933,0.018346209568960603,0.03088996639338709,0.031223157811538726,0.03991360809649648,0.7739206718346904,0.7822684868792761,0.43897770424578175,0.43405680273414404,0.55,0.438,0.436,True,999,0.00011620798613876104,0.000894291908480227,weak_2x2_bal_strong_100_100,weak_null,True,349,2311938656,-4.440892098500626e-16,0,0
100,100,0.043980592599126345,0.059181165150533566,0.03879278479044501,0.05277221763162743,-0.015200572551407221,-0.013979432841182415,0.04917521750385449,-0.3091104284432653,-0.2842780073130671,0.7572375266510047,0.7761973388029405,0.818,0.785,0.813,True,999,0.00011479191016405821,0.0008183340542018414,weak_2x2_bal_strong_100_100,weak_null,True,350,2311938656,-4.440892098500626e-16,0,0
100,100,0.019335300080705164,0.029660227365620018,0.01415985188323532,0.023977110527795276,-0.010324927284914853,-0.009817258644559956,0.033472089367005256,-0.30846378221888165,-0.2932968580753495,0.7577294550839883,0.7692952550014591,0.842,0.75,0.76,True,999,0.00011054088827222586,0.0007902500219643116,weak_2x2_bal_strong_100_100,weak_null,True,351,2311938656,-4.440892098500626e-16,0,0
100,100,0.015259993633018887,0.08851570136629522,0.010093761204842622,0.08257872818498413,-0.07325570773327633,-0.07248496698014151,0.050149441651903985,-1.4607482221189414,-1.4453793420726855,0.1440845500405996,0.14835136269049543,0.211,0.14,0.143,True,999,0.00010895892046391964,0.0008152499794960022,weak_2x2_bal_strong_100_100,weak_null,True,352,2311938656,-4.440892098500626e-16,0,0
100,100,0.19214474716568186,0.10841212392360045,0.18682722014612807,0.10271521172548148,0.08373262324208142,0.08411200842064659,0.07486588408859317,1.1184349755757337,1.1235025064435484,0.263381263487074,0.26122413668200584,0.354,0.289,0.289,True,999,0.00010833307169377804,0.0008257500594481826,weak_2x2_bal_strong_100_100,weak_null,True,353,2311938656,-4.440892098500626e-16,0,0
100,100,0.044393603423445116,0.026245400448991374,0.0392029933099991,0.020162969144202236,0.018148202974453742,0.019040024165796865,0.039133545081602876,0.4637505479406571,0.48653972253456274,0.6428264772351411,0.6265845488871613,0.728,0.633,0.609,True,999,0.000111832981929183,0.0008456249488517642,weak_2x2_bal_strong_100_100,weak_null,True,354,2311938656,-4.440892098500626e-16,0,0
100,100,0.04572033088704963,0.0016960860677594503,0.04053781125691103,-0.00838503740946095,0.04402424481929018,0.048922848666371976,0.03019183181168726,1.458150836752091,1.6204001456921848,0.14479897151638763,0.10514634860817403,0.432,0.14,0.108,True,999,0.00011154194362461567,0.0008375420002266765,weak_2x2_bal_strong_100_100,weak_null,True,355,2311938656,-4.440892098500626e-16,0,0
100,100,0.011208139552788876,0.060137751674788076,0.006041743670039068,0.05333182760661259,-0.0489296121219992,-0.047290083936573524,0.04532374149900067,-1.079558097009225,-1.0433843802947338,0.2803390096303495,0.29677030476753785,0.422,0.285,0.301,True,999,0.0001139170490205288,0.0008363339584320784,weak_2x2_bal_strong_100_100,weak_null,True,356,2311938656,-4.440892098500626e-16,0,0
100,100,0.022274062791541427,0.08851570136629522,0.017103125997195434,0.08257872818498413,-0.06624163857475379,-0.0654756021877887,0.05148489380436904,-1.2866228068073142,-1.2717439495278204,0.19822579044174715,0.2034641096752079,0.241,0.189,0.195,True,999,0.00011479202657938004,0.0008778329938650131,weak_2x2_bal_strong_100_100,weak_null,True,357,2311938656,-4.440892098500626e-16,0,0
100,100,0.10153483753638137,0.009167861961960233,0.09622896426054695,0.0033901090201240436,0.09236697557442114,0.0928388552404229,0.04428036761138087,2.085957740573977,2.0966143744606494,0.03698245121383923,0.03602772577542627,0.128,0.031,0.03,True,999,0.0001205839216709137,0.0008465420687571168,weak_2x2_bal_strong_100_100,weak_null,True,358,2311938656,-4.440892098500626e-16,0,0
100,100,0.05075125708135153,0.07662096794768891,0.045563182125860635,0.07068661843629798,-0.02586971086633738,-0.02512343631043734,0.05471907886656596,-0.47277314242480967,-0.45913485443900764,0.6363750373051222,0.6461373286896349,0.694,0.612,0.619,True,999,0.00011620903387665749,0.0008733749855309725,weak_2x2_bal_strong_100_100,weak_null,True,359,2311938656,-4.440892098500626e-16,0,0
100,100,0.11175797747829341,0.10179509029380307,0.10651727130941424,0.09615460195671233,0.009962887184490343,0.010362669352701914,0.06498567250257767,0.15330898028477222,0.15946083118999618,0.8781546191511268,0.8733058155884865,0.886,0.867,0.865,True,999,0.00012312503531575203,0.0008052500197663903,weak_2x2_bal_strong_100_100,weak_null,True,360,2311938656,-4.440892098500626e-16,0,0
100,100,0.02440927043779595,0.019120651866885885,0.019240497564368297,0.013192120864182755,0.005288618570910064,0.006048376700185543,0.03084271378035677,0.1714705978394904,0.1961039078227175,0.863853747555641,0.8445288376480081,0.92,0.854,0.845,True,999,0.00011224998161196709,0.0008021659450605512,weak_2x2_bal_strong_100_100,weak_null,True,361,2311938656,-4.440892098500626e-16,0,0
100,100,0.06529361620833152,0.03884366515750454,0.060075811667914536,0.03336063842860426,0.02644995105082698,0.026715173239310275,0.04599048553628314,0.5751178910681406,0.5808847836197326,0.5652115687985286,0.5613181083623806,0.637,0.547,0.546,True,999,0.00011066591832786798,0.0007944169919937849,weak_2x2_bal_strong_100_100,weak_null,True,362,2311938656,-4.440892098500626e-16,0,0
100,100,0.06151961630627867,0.0034701439504145615,0.0563183443506432,-0.0066443860235452235,0.05804947235586411,0.06296273037418842,0.035145204986628015,1.651703906064872,1.7915027212999433,0.09859492602021776,0.0732126582997058,0.347,0.103,0.074,True,999,0.00011199992150068283,0.0008038750384002924,weak_2x2_bal_strong_100_100,weak_null,True,363,2311938656,-4.440892098500626e-16,0,0
100,100,0.056971381623922235,0.027811516091442445,0.05177894383153614,0.02188362188626769,0.02915986553247979,0.02989532194526845,0.04264295583402385,0.683814359538693,0.7010612036751834,0.4940923979190459,0.4832648206182132,0.62,0.478,0.448,True,999,0.00010950001887977123,0.0008313340367749333,weak_2x2_bal_strong_100_100,weak_null,True,364,2311938656,-4.440892098500626e-16,0,0
100,100,0.029209586373763807,0.015265230418678999,0.024037543279177953,0.009409209522345918,0.013944355955084808,0.014628333756832035,0.030636541049355124,0.4551543835389448,0.47747993917674825,0.6489981754546854,0.6330204025478657,0.791,0.672,0.649,True,999,0.00010966695845127106,0.0008229590021073818,weak_2x2_bal_strong_100_100,weak_null,True,365,2311938656,-4.440892098500626e-16,0,0
100,100,0.06453060184189918,0.07605203490995044,0.05932963786189305,0.07038838399463287,-0.011521433068051257,-0.011058746132739827,0.05468924935244982,-0.21067089427028587,-0.20221060379656586,0.8331440878792651,0.8397520837323463,0.861,0.831,0.836,True,999,0.00010908395051956177,0.0008656668942421675,weak_2x2_bal_strong_100_100,weak_null,True,366,2311938656,-4.440892098500626e-16,0,0
100,100,0.11542833059528101,0.043627983472199705,0.1101876549277847,0.03812060351381774,0.07180034712308131,0.07206705141396696,0.05546664433059878,1.2944779333526737,1.2992863059179225,0.19550038661276237,0.19384569216016878,0.301,0.225,0.22,True,999,0.00011504197027534246,0.0007986249402165413,weak_2x2_bal_strong_100_100,weak_null,True,367,2311938656,-4.440892098500626e-16,0,0
100,100,0.09546200843768216,0.03617656816955306,0.0902327060328929,0.030134603137639715,0.0592854402681291,0.06009810289525319,0.05233842200360375,1.1327326655749577,1.148259741019994,0.25732653558594243,0.2508613535025712,0.369,0.243,0.232,True,999,0.00010862492490559816,0.0008160830475389957,weak_2x2_bal_strong_100_100,weak_null,True,368,2311938656,-4.440892098500626e-16,0,0
100,100,0.07423588846649132,0.03966916030556733,0.06902712915848497,0.03385839212969444,0.03456672816092399,0.03516873702879053,0.0489098419813898,0.7067438118912065,0.7190523543742431,0.4797256977518244,0.47210866236859905,0.62,0.483,0.471,True,999,0.0001080420333892107,0.000793042010627687,weak_2x2_bal_strong_100_100,weak_null,True,369,2311938656,-4.440892098500626e-16,0,0
100,100,0.0668851832464985,0.12368358279390645,0.06164556715928171,0.11819537043344752,-0.05679839954740795,-0.05654980327416581,0.06178686763917661,-0.9192632952215615,-0.9152398468296816,0.3579578714209498,0.36006573025553057,0.42,0.358,0.358,True,999,0.00011225009802728891,0.0008192919194698334,weak_2x2_bal_strong_100_100,weak_null,True,370,2311938656,-4.440892098500626e-16,0,0
100,100,0.03909782630882219,0.037813861824602724,0.03391838522981061,0.031666332610974735,0.0012839644842194686,0.002252052618835876,0.04248502876357026,0.03022157502504583,0.05300814626650198,0.9758903420071832,0.9577254170587349,0.99,0.982,0.967,True,999,0.00012445799075067043,0.000813291990198195,weak_2x2_bal_strong_100_100,weak_null,True,371,2311938656,-4.440892098500626e-16,0,0
100,100,0.01682847138334742,0.04597109916923242,0.011662443581542448,0.04034402628693812,-0.029142627785885,-0.02868158270539567,0.03841639495189395,-0.7585987134497703,-0.74659745510508,0.448092642543088,0.4553065850539857,0.578,0.453,0.454,True,999,0.00011074997019022703,0.000794125022366643,weak_2x2_bal_strong_100_100,weak_null,True,372,2311938656,-4.440892098500626e-16,0,0
100,100,0.04620082918151336,0.024105915469658235,0.04101419296897291,0.017553762352775948,0.022094913711855124,0.02346043061619696,0.03978775958376694,0.5553193731689696,0.5896393981873915,0.5786762299781538,0.5554324321957151,0.717,0.583,0.558,True,999,0.00011024996638298035,0.0008238339796662331,weak_2x2_bal_strong_100_100,weak_null,True,373,2311938656,-4.440892098500626e-16,0,0
100,100,0.06809011729796666,0.0011210435359373383,0.06285970900536597,-0.008952020821482165,0.06696907376202932,0.07181172982684814,0.03565744080434434,1.8781233944829296,2.013933928149407,0.060364286645138744,0.0440164708405665,0.295,0.075,0.056,True,999,0.00011324998922646046,0.0008339999476447701,weak_2x2_bal_strong_100_100,weak_null,True,374,2311938656,-4.440892098500626e-16,0,0
100,100,0.05172414008263515,0.03790646555682897,0.04653727643929528,0.032155864688334646,0.013817674525806178,0.014381411750960638,0.044250455362039524,0.312260617721456,0.32500031091878445,0.7548424671701115,0.7451808363777755,0.84,0.768,0.751,True,999,0.00011099991388618946,0.00087629200424999,weak_2x2_bal_strong_100_100,weak_null,True,375,2311938656,-4.440892098500626e-16,0,0
100,100,0.053617541530366464,0.05540322221131888,0.04841844675831908,0.04980679876377536,-0.0017856806809524173,-0.0013883520054562837,0.048382519798093424,-0.03690755852329097,-0.028695322427398532,0.9705587130249209,0.977107586995312,0.977,0.974,0.977,True,999,0.00011374999303370714,0.000806041993200779,weak_2x2_bal_strong_100_100,weak_null,True,376,2311938656,-4.440892098500626e-16,0,0
100,100,0.028983205450210714,0.0212115012645942,0.02380625383968038,0.015561884563140893,0.0077717041856165126,0.008244369276539487,0.03271092663028044,0.23758740537855205,0.25203716696021966,0.812201119895307,0.801012335804002,0.864,0.811,0.806,True,999,0.00011008407454937696,0.0007994170300662518,weak_2x2_bal_strong_100_100,weak_null,True,377,2311938656,-4.440892098500626e-16,0,0
100,100,0.07204088145765386,0.10841212392360045,0.06682055238309204,0.10271521172548148,-0.036371242465946585,-0.035894659342389446,0.06209916756617842,-0.5856961355751853,-0.5780215862658206,0.5580797314630394,0.563249545544977,0.623,0.581,0.583,True,999,0.00010924995876848698,0.0008050000760704279,weak_2x2_bal_strong_100_100,weak_null,True,378,2311938656,-4.440892098500626e-16,0,0
100,100,0.07188236839680184,0.060272394182688954,0.06667912661832531,0.05011414297290173,0.01160997421411289,0.01656498364542358,0.05312355840842274,0.21854662153565615,0.3118199183508988,0.8270032373573538,0.7551773856033072,0.881,0.853,0.789,True,999,0.00011595804244279861,0.0008276250446215272,weak_2x2_bal_strong_100_100,weak_null,True,379,2311938656,-4.440892098500626e-16,0,0
100,100,0.0325654803121983,0.026510863535374574,0.027389344920791814,0.02084231232241507,0.006054616776823729,0.006547032598376745,0.03582615890574895,0.16899988616564074,0.18274447494079965,0.8657967309379607,0.8549985173651125,0.913,0.865,0.856,True,999,0.00011695805005729198,0.0008515829686075449,weak_2x2_bal_strong_100_100,weak_null,True,380,2311938656,-4.440892098500626e-16,0,0
100,100,0.08819197489616559,0.14554202994679072,0.08295344773411273,0.13884915596938185,-0.057350055050625126,-0.055895708235269126,0.07159392548691602,-0.8010463829240093,-0.7807325531477417,0.42310479436910464,0.4349598102232327,0.48,0.425,0.443,True,999,0.00011662498582154512,0.0007960420334711671,weak_2x2_bal_strong_100_100,weak_null,True,381,2311938656,-4.440892098500626e-16,0,0
100,100,0.011574936936556979,0.058780277624292054,0.006400340974067831,0.05279129581086295,-0.047205340687735076,-0.04639095483679512,0.04300742362589925,-1.0976091267022055,-1.0786731900131374,0.27237520583915775,0.2807334412996839,0.461,0.29,0.3,True,999,0.0001080839429050684,0.0007947500562295318,weak_2x2_bal_strong_100_100,weak_null,True,382,2311938656,-4.440892098500626e-16,0,0
100,100,0.04782039371995339,0.05831611991087249,0.042630018693500915,0.05255191443215068,-0.010495726190919097,-0.009921895738649766,0.048902387819749274,-0.2146260470880399,-0.20289184600190013,0.8300588845055628,0.8392195676846448,0.87,0.835,0.858,True,999,0.0001075830077752471,0.000797791057266295,weak_2x2_bal_strong_100_100,weak_null,True,383,2311938656,-4.440892098500626e-16,0,0
100,100,0.044607938725932605,0.03966916030556733,0.03939424236190803,0.03385839212969444,0.004938778420365275,0.0055358502322135905,0.043179866776683756,0.11437687952831097,0.12820443057047218,0.908939041167731,0.8979871939184783,0.941,0.917,0.894,True,999,0.00010754202958196402,0.0008342090295627713,weak_2x2_bal_strong_100_100,weak_null,True,384,2311938656,-4.440892098500626e-16,0,0
100,100,0.06270638444918264,0.03617656816955306,0.05750758133876843,0.030134603137639715,0.02652981627962958,0.027372978201128717,0.04677368227175836,0.5671953754996131,0.5852217929323973,0.570581449610213,0.5583985931665307,0.701,0.568,0.56,True,999,0.00011270807590335608,0.0008180000586435199,weak_2x2_bal_strong_100_100,weak_null,True,385,2311938656,-4.440892098500626e-16,0,0
100,100,0.05718565023318045,0.051632984824524886,0.05198814170663013,0.04595492632088849,0.005552665408655566,0.0060332153857416415,0.048788403426030386,0.11381117271185426,0.12366084893285731,0.9093874816024418,0.9015838116828192,0.926,0.911,0.895,True,999,0.00011550006456673145,0.0008170830551534891,weak_2x2_bal_strong_100_100,weak_null,True,386,2311938656,-4.440892098500626e-16,0,0
100,100,0.008078487551377744,0.09555748124152108,0.0029153636159122698,0.08956658658833305,-0.08747899369014334,-0.08665122297242078,0.050773030090516286,-1.7229421512600098,-1.7066387965804322,0.08489898678605376,0.08788920943283701,0.106,0.082,0.084,True,999,0.00011424999684095383,0.0008246250217780471,weak_2x2_bal_strong_100_100,weak_null,True,387,2311938656,-4.440892098500626e-16,0,0
100,100,0.04509790960736104,0.03435082088740771,0.0399045516025609,0.028229417306931737,0.010747088719953335,0.011675134295629164,0.04247618582211976,0.25301444825954017,0.27486305725570254,0.8002570482821039,0.7834214503624797,0.864,0.801,0.785,True,999,0.00011566700413823128,0.0008248750818893313,weak_2x2_bal_strong_100_100,weak_null,True,388,2311938656,-4.440892098500626e-16,0,0
100,100,0.04389945996710676,0.06598641931342641,0.03870704906348976,0.059837807944241206,-0.022086959346319657,-0.021130758880751443,0.05182394564616726,-0.42619216022493533,-0.4077412211147263,0.6699678296541276,0.6834636709743788,0.748,0.659,0.679,True,999,0.00011712510604411364,0.0008320420747622848,weak_2x2_bal_strong_100_100,weak_null,True,389,2311938656,-4.440892098500626e-16,0,0
100,100,0.06117258259538749,0.09305314206925736,0.055963595476939076,0.08759628401813302,-0.03188055947386986,-0.03163268854119394,0.05632466172511586,-0.566014220013574,-0.5616134668606192,0.5713841139134265,0.5743794030579068,0.606,0.553,0.554,True,999,0.00012929108925163746,0.000845917034894228,weak_2x2_bal_strong_100_100,weak_null,True,390,2311938656,-4.440892098500626e-16,0,0
100,100,0.04782039371995339,0.08888317241249943,0.042630018693500915,0.08308004257119705,-0.04106277869254604,-0.04045002387769614,0.05363425242158464,-0.7656073654159983,-0.754182673410721,0.44390996062064403,0.45073954013695794,0.533,0.47,0.478,True,999,0.00011308398097753525,0.0008172090165317059,weak_2x2_bal_strong_100_100,weak_null,True,391,2311938656,-4.440892098500626e-16,0,0
100,100,0.07188236839680184,0.08841486592047892,0.06667912661824005,0.081968322404677,-0.01653249752367708,-0.015289195786436949,0.060567575468608664,-0.27295953974987236,-0.2524320260163151,0.784884317497973,0.8007071482933718,0.816,0.782,0.8,True,999,0.00011254206765443087,0.0007944169919937849,weak_2x2_bal_strong_100_100,weak_null,True,392,2311938656,-4.440892098500626e-16,0,0
100,100,0.06458767724011083,0.0791868004566122,0.059390449977797743,0.07342306061593717,-0.014599123216501364,-0.014032610638139431,0.05644422867857994,-0.2586468724665485,-0.24861019393227488,0.795907714475336,0.803662322417798,0.83,0.803,0.814,True,999,0.00014408305287361145,0.000817999942228198,weak_2x2_bal_strong_100_100,weak_null,True,393,2311938656,-4.440892098500626e-16,0,0
100,100,0.04228567460549826,0.08507544434535969,0.03709764844347774,0.07897337736365273,-0.04278976973986143,-0.04187572892017499,0.055506835636311376,-0.7708918955536583,-0.7544247197687629,0.4407710112969613,0.45059423282638955,0.538,0.485,0.496,True,999,0.00011125009041279554,0.000824208022095263,weak_2x2_bal_strong_100_100,weak_null,True,394,2311938656,-4.440892098500626e-16,0,0
100,100,0.10425385780576746,0.04710839102644515,0.09900782646003847,0.04145299284566306,0.05714546677932231,0.05755483361437541,0.054933526810421324,1.040265755674754,1.0477177956004966,0.2982164492298417,0.2947686461075799,0.451,0.353,0.352,True,999,0.00011066603474318981,0.000828416901640594,weak_2x2_bal_strong_100_100,weak_null,True,395,2311938656,-4.440892098500626e-16,0,0
100,100,0.06639707712193688,0.04320588378012424,0.061199525402599875,0.037705222481037026,0.023191193341812633,0.02349430292156285,0.047538428845256185,0.48784097213862504,0.4942170680070198,0.6256624876012804,0.6211528870061328,0.694,0.602,0.6,True,999,0.00011266698129475117,0.0008254169952124357,weak_2x2_bal_strong_100_100,weak_null,True,396,2311938656,-4.440892098500626e-16,0,0
100,100,0.06548347911636199,0.08584246853916994,0.06028283510943311,0.08019040491035412,-0.02035898942280795,-0.01990756980092101,0.05732833949349392,-0.3551295851699743,-0.34725530124904946,0.722492513551783,0.7283995281892035,0.786,0.729,0.734,True,999,0.00011495908256620169,0.0008260420290753245,weak_2x2_bal_strong_100_100,weak_null,True,397,2311938656,-4.440892098500626e-16,0,0
100,100,0.11029737869519218,0.13246627177825143,0.1050463495990499,0.1262176678200717,-0.02216889308305925,-0.021171318221021806,0.07205753987978589,-0.3076554253731639,-0.2938112827102073,0.7583445409420908,0.7689021130668621,0.773,0.772,0.773,True,999,0.00011875003110617399,0.0008319170447066426,weak_2x2_bal_strong_100_100,weak_null,True,398,2311938656,-4.440892098500626e-16,0,0
100,100,0.0733502840565542,0.05285251661877827,0.0681412792744851,0.04694417163658926,0.020497767437775927,0.02119710763789584,0.052812753317014495,0.3881215454671672,0.4013634265696737,0.6979260883242314,0.6881525722880264,0.767,0.705,0.691,True,999,0.0001158339437097311,0.000846541952341795,weak_2x2_bal_strong_100_100,weak_null,True,399,2311938656,-4.440892098500626e-16,0,0
100,100,0.07188236839680184,0.006520292351489154,0.06667912661832531,0.00027593733213393534,0.06536207604531269,0.06640318928619138,0.038634417533546815,1.6918095371454187,1.7187573548516046,0.09068229458411631,0.08565856361639106,0.317,0.086,0.08,True,999,0.00011566700413823128,0.0008301669731736183,weak_2x2_bal_strong_100_100,weak_null,True,400,2311938656,-4.440892098500626e-16,0,0
100,100,0.047365188043053896,0.10229363373204048,0.04216824526535845,0.09649243233450733,-0.05492844568898658,-0.05432418706914888,0.058170204186398525,-0.9442711514811919,-0.93388338289263,0.34503110395391523,0.35036405139460036,0.384,0.348,0.353,True,999,0.00011512497439980507,0.0008873749757185578,weak_2x2_bal_strong_100_100,weak_null,True,401,2311938656,-4.440892098500626e-16,0,0
100,100,0.09103835747329414,0.12782477980968943,0.08582259536504466,0.12193740657557584,-0.036786422336395286,-0.03611481121053117,0.06818918567105148,-0.5394759003847778,-0.5296266681457538,0.5895585215293877,0.5963708006000741,0.62,0.608,0.612,True,999,0.00012149999383836985,0.000801375019364059,weak_2x2_bal_strong_100_100,weak_null,True,402,2311938656,-4.440892098500626e-16,0,0
100,100,0.021713665655581194,0.051632984824524886,0.016540932009760922,0.04595492632088849,-0.029919319168943692,-0.029413994311127567,0.041533917331262486,-0.7203587114192932,-0.708192152368631,0.4713041645565741,0.47882593887528113,0.567,0.482,0.483,True,999,0.00011112506035715342,0.0007998330984264612,weak_2x2_bal_strong_100_100,weak_null,True,403,2311938656,-4.440892098500626e-16,0,0
100,100,0.03399183196071365,0.05098122424948892,0.028815487930302197,0.04532118537139951,-0.016989392288775274,-0.01650569744109731,0.044078827411388896,-0.3854320381577489,-0.37445863264576407,0.6999173496464175,0.708063127922844,0.745,0.67,0.682,True,999,0.00011262495536357164,0.0007957499474287033,weak_2x2_bal_strong_100_100,weak_null,True,404,2311938656,-4.440892098500626e-16,0,0
100,100,0.07171132525766544,0.03790646555682897,0.06649090460116724,0.032155864688334646,0.033804859700836465,0.0343350399128326,0.04789141848516059,0.7058646573876504,0.7169351211318056,0.4802723082335213,0.4734141298698755,0.6,0.464,0.462,True,999,0.0001082499511539936,0.000808625016361475,weak_2x2_bal_strong_100_100,weak_null,True,405,2311938656,-4.440892098500626e-16,0,0
100,100,0.036089761608732784,0.020109266173508444,0.030903034450261657,0.013683276698138513,0.01598049543522434,0.017219757752123144,0.035511420498029,0.4500100308888322,0.484907601853857,0.6527032077804014,0.6277418897625484,0.772,0.629,0.606,True,999,0.00011079199612140656,0.0008272919803857803,weak_2x2_bal_strong_100_100,weak_null,True,406,2311938656,-4.440892098500626e-16,0,0
100,100,0.099496845428655,0.0879001289462934,0.09426825239016523,0.07753822120820786,0.011596716482361602,0.016730031181957372,0.06513843926789853,0.17803184437175618,0.25683807241912615,0.8586979670226231,0.7973037781244708,0.872,0.863,0.821,True,999,0.00011470797471702099,0.0008319580228999257,weak_2x2_bal_strong_100_100,weak_null,True,407,2311938656,-4.440892098500626e-16,0,0
100,100,0.05818888357910945,0.03837709311156429,0.05299523256310579,0.03187606587162861,0.019811790467545165,0.021119166691477176,0.04622404562527189,0.42860355902542513,0.4568870250493777,0.6682117550520843,0.6477522504426967,0.757,0.683,0.654,True,999,0.0001153330085799098,0.0008334169397130609,weak_2x2_bal_strong_100_100,weak_null,True,408,2311938656,-4.440892098500626e-16,0,0
100,100,0.042195621286535756,0.07330492291741214,0.03700754552518504,0.06699667718289959,-0.031109301630876385,-0.02998913165771455,0.053746409957212415,-0.5788163647700849,-0.5579746011238507,0.5627130877782054,0.5768617280320678,0.633,0.578,0.582,True,999,0.00011462497059255838,0.0008283749921247363,weak_2x2_bal_strong_100_100,weak_null,True,409,2311938656,-4.440892098500626e-16,0,0
100,100,0.016704622019252935,0.06687055958207488,0.011538431712835973,0.06129130170137387,-0.05016593756282195,-0.049752869988537896,0.04166880847823683,-1.2039206158012192,-1.1940075035868445,0.22862026274261837,0.23247503287754157,0.272,0.215,0.218,True,999,0.00011437502689659595,0.0008794170571491122,weak_2x2_bal_strong_100_100,weak_null,True,410,2311938656,-4.440892098500626e-16,0,0
100,100,0.03366135168493267,0.04923634031655433,0.02845283244722907,0.04265008977908025,-0.015574988631621656,-0.014197257331851176,0.04547070675261353,-0.34252796457197027,-0.31222864885501606,0.7319536026517527,0.7548667610095525,0.79,0.712,0.742,True,999,0.00011204194743186235,0.0008086670422926545,weak_2x2_bal_strong_100_100,weak_null,True,411,2311938656,-4.440892098500626e-16,0,0
100,100,0.028457513075154872,0.055131043953620784,0.023269967270962866,0.04874256080748296,-0.026673530878465912,-0.025472593536520094,0.04465860176382118,-0.5972764445140929,-0.5703849321399029,0.5503228285190283,0.5684166470437706,0.637,0.565,0.586,True,999,0.00010929093696177006,0.0008241669274866581,weak_2x2_bal_strong_100_100,weak_null,True,412,2311938656,-4.440892098500626e-16,0,0
100,100,0.042195621286535756,0.011981312245665787,0.03700754552518504,0.005682216469743651,0.03021430904086997,0.03132532905544139,0.033393780041192436,0.9047885265938604,0.9380587946857307,0.3655774311283507,0.3482141959510917,0.604,0.378,0.37,True,999,0.00011612498201429844,0.0008045420981943607,weak_2x2_bal_strong_100_100,weak_null,True,413,2311938656,-4.440892098500626e-16,0,0
100,100,0.08608711452500717,0.008081935714231103,0.08087031998830696,0.0018240009461294449,0.07800517881077607,0.07904631904217752,0.042168812009171344,1.8498310740603892,1.8745208905810682,0.06433790064914474,0.06085866544765606,0.208,0.078,0.071,True,999,0.00011124997399747372,0.0008162499871104956,weak_2x2_bal_strong_100_100,weak_null,True,414,2311938656,-4.440892098500626e-16,0,0
100,100,0.12229385969706563,0.09165906039433735,0.11703776225810714,0.08579948360241474,0.030634799302728277,0.031238278655692397,0.06547796791520226,0.4678642340031399,0.4770807593807396,0.6398816819227215,0.6333046150792638,0.721,0.666,0.661,True,999,0.0001128750154748559,0.0008007079595699906,weak_2x2_bal_strong_100_100,weak_null,True,415,2311938656,-4.440892098500626e-16,0,0
100,100,0.09136637883935106,0.0635657802650259,0.08614312772530752,0.057768597126361954,0.027800598574325153,0.02837453059894557,0.057400615389249086,0.4843257931261151,0.4943245016892277,0.628154673456394,0.6210770238917229,0.703,0.631,0.619,True,999,0.00010991597082465887,0.0008227500366047025,weak_2x2_bal_strong_100_100,weak_null,True,416,2311938656,-4.440892098500626e-16,0,0
100,100,0.031160597538534285,0.009972799093517393,0.02598106850089721,0.003694286584455142,0.021187798445016892,0.022286781916442067,0.029215499797898288,0.7252245757076217,0.7628410285846056,0.4683142684183872,0.44555820911336796,0.704,0.488,0.459,True,999,0.00011304207146167755,0.0008230000967159867,weak_2x2_bal_strong_100_100,weak_null,True,417,2311938656,-4.440892098500626e-16,0,0
100,100,0.04782039371995339,0.013289026072359378,0.042630018693500915,0.006930670807264505,0.03453136764759401,0.03569934788623641,0.03541532055249824,0.9750403810804453,1.0080199001253465,0.32954022982679665,0.31344490887470233,0.542,0.315,0.308,True,999,0.00011570809874683619,0.0008315830491483212,weak_2x2_bal_strong_100_100,weak_null,True,418,2311938656,-4.440892098500626e-16,0,0
100,100,0.06675800233781137,0.0850754443453598,0.06155777012062913,0.07897337736365273,-0.018317442007548423,-0.0174156072430236,0.059313821107159964,-0.30882249137945467,-0.29361802895078204,0.7574565592199437,0.7690497976253149,0.786,0.757,0.763,True,999,0.00011612498201429844,0.0008599170250818133,weak_2x2_bal_strong_100_100,weak_null,True,419,2311938656,-4.440892098500626e-16,0,0
100,100,0.03399183196071365,0.06598641931342647,0.028815487930302197,0.059837807944241206,-0.03199458735271282,-0.03102232001393901,0.050022719954345936,-0.6396011128925658,-0.6201645980516862,0.5224319587755876,0.5351494263905108,0.614,0.526,0.538,True,999,0.00011783302761614323,0.0008336249738931656,weak_2x2_bal_strong_100_100,weak_null,True,420,2311938656,-4.440892098500626e-16,0,0
100,100,0.09090858770311627,0.04710839102644504,0.08569033444935314,0.04145299284566306,0.04380019667667123,0.044237341603690084,0.05310693951686297,0.8247546756627431,0.8329860844201625,0.4095108835367772,0.4048525774386451,0.526,0.419,0.415,True,999,0.00011616596020758152,0.0008380829822272062,weak_2x2_bal_strong_100_100,weak_null,True,421,2311938656,-4.440892098500626e-16,0,0
100,100,0.03979716486732965,0.021327678612898526,0.034618143231881504,0.014808974428923705,0.018469486254431122,0.0198091688029578,0.03699523267391688,0.499239629528073,0.53545193180861,0.6176105793462061,0.5923373878902646,0.757,0.62,0.593,True,999,0.00011558306869119406,0.0008391670417040586,weak_2x2_bal_strong_100_100,weak_null,True,422,2311938656,-4.440892098500626e-16,0,0
100,100,0.08182593148479622,0.12301795836847618,0.07661719606636552,0.11275970474599717,-0.041192026883679955,-0.036142508679631646,0.0671015251046057,-0.6138761648034827,-0.538624250690107,0.5392971618171177,0.5901461508956896,0.564,0.515,0.576,True,999,0.00011591706424951553,0.0008402499370276928,weak_2x2_bal_strong_100_100,weak_null,True,423,2311938656,-4.440892098500626e-16,0,0
100,100,0.020293513000476437,0.04348535003939452,0.01511245216777013,0.03765412835063131,-0.023191837038918084,-0.02254167618286118,0.03915513219050583,-0.5923064421307597,-0.5757017004357603,0.5536454028102327,0.5648168257964259,0.657,0.554,0.589,True,999,0.00012041698209941387,0.0008397920755669475,weak_2x2_bal_strong_100_100,weak_null,True,424,2311938656,-4.440892098500626e-16,0,0
100,100,0.056971381623922235,0.08611093055897595,0.05177894383153614,0.08029327477231618,-0.029139548935053716,-0.02851433094078004,0.05699007383674313,-0.5113091977829062,-0.5003385505774873,0.6091345654910783,0.6168367137922566,0.658,0.604,0.615,True,999,0.00011825002729892731,0.0008396669290959835,weak_2x2_bal_strong_100_100,weak_null,True,425,2311938656,-4.440892098500626e-16,0,0
100,100,0.09080171068567411,0.07516190407912915,0.08558590285542778,0.06859516603633153,0.01563980660654496,0.01699073681909624,0.06139579293679098,0.2547374316453028,0.2767410600362923,0.7989259034472433,0.7819789413240348,0.853,0.822,0.807,True,999,0.00011624989565461874,0.0008466669823974371,weak_2x2_bal_strong_100_100,weak_null,True,426,2311938656,-4.440892098500626e-16,0,0
100,100,0.007050158551725971,0.03790646555682897,0.0018897223110485584,0.032155864688334646,-0.030856307005103,-0.030266142377286087,0.03342680548707896,-0.9231006838816956,-0.9054452537794969,0.35595473828177704,0.36522955062440454,0.515,0.336,0.349,True,999,0.00011566700413823128,0.0008804160170257092,weak_2x2_bal_strong_100_100,weak_null,True,427,2311938656,-4.440892098500626e-16,0,0
100,100,0.09875652539435309,0.024579701904333562,0.09349897054248402,0.018677922847224693,0.07417682349001953,0.07482104769525932,0.04888015161402532,1.5175244151398206,1.5307040838594843,0.1291343340250271,0.1258425440143846,0.302,0.148,0.147,True,999,0.00011629203800112009,0.0008430000161752105,weak_2x2_bal_strong_100_100,weak_null,True,428,2311938656,-4.440892098500626e-16,0,0
100,100,0.12137664230102707,0.008053899458767777,0.11612045332105936,-0.0022076888296354014,0.1133227428422593,0.11832814215069476,0.04841443287181133,2.340680993667902,2.4440675049111187,0.019248606045355526,0.014522708913219879,0.119,0.02,0.016,True,999,0.00011554197408258915,0.0008539999835193157,weak_2x2_bal_strong_100_100,weak_null,True,429,2311938656,-4.440892098500626e-16,0,0
100,100,0.059630091707797095,0.009744839081910095,0.05443352642824095,-0.0005558413570412313,0.049885252625887,0.054989367785282184,0.0375195251538631,1.3295811293270243,1.465620035428949,0.18365631901689639,0.14275182987749496,0.46,0.172,0.134,True,999,0.00011549994815140963,0.0008450000314041972,weak_2x2_bal_strong_100_100,weak_null,True,430,2311938656,-4.440892098500626e-16,0,0
100,100,0.040003196167557986,0.002355751058814276,0.034822286739995434,0.002355659223045592,0.03764744510874371,0.03246662751694984,0.027757576432089356,1.3562943868983135,1.1696492161836056,0.17500552072013253,0.2421421627202095,0.488,0.179,0.251,True,999,0.00011449994053691626,0.0008472079643979669,weak_2x2_bal_strong_100_100,weak_null,True,431,2311938656,-4.440892098500626e-16,0,1
100,100,0.0381670583565088,0.05098122424948892,0.03298502137083403,0.04532118537139951,-0.012814165892980123,-0.012336164000565475,0.04496055513300833,-0.2850090675053175,-0.2743774840873513,0.7756371950491991,0.7837945443910996,0.847,0.785,0.791,True,999,0.00011308398097753525,0.0008416670607402921,weak_2x2_bal_strong_100_100,weak_null,True,432,2311938656,-4.440892098500626e-16,0,0
100,100,0.04758960796726952,0.034209326254180106,0.042399988055990434,0.028479173172186734,0.013380281713089415,0.0139208148838037,0.042173956424665246,0.317264085407553,0.3300808381274415,0.7510432264059054,0.7413388815349999,0.845,0.773,0.765,True,999,0.00011087500024586916,0.0008394999895244837,weak_2x2_bal_strong_100_100,weak_null,True,433,2311938656,-4.440892098500626e-16,0,0
100,100,0.06481048057679772,0.08851570136629522,0.05961241050464139,0.08257872818498413,-0.023705220789497494,-0.02296631768034274,0.058539970482071386,-0.4049407711395673,-0.3923185729548065,0.6855210482030774,0.694822842165675,0.735,0.703,0.713,True,999,0.00011420808732509613,0.0008474159985780716,weak_2x2_bal_strong_100_100,weak_null,True,434,2311938656,-4.440892098500626e-16,0,0
100,100,0.04106131032185378,0.07202079037887188,0.035877582907573924,0.06652430059638448,-0.030959480057018096,-0.030646717688810554,0.0492707405093782,-0.6283542673998428,-0.622006435705533,0.5297718889393737,0.5339376362163412,0.575,0.516,0.522,True,999,0.00011879100929945707,0.0008402919629588723,weak_2x2_bal_strong_100_100,weak_null,True,435,2311938656,-4.440892098500626e-16,0,0
100,100,0.0694116861974895,0.06283324505276172,0.06419059684121464,0.05714674374041806,0.006578441144727776,0.007043853100796582,0.052879635855916096,0.12440405532769548,0.13320540103546355,0.9009953626062688,0.8940309395061966,0.919,0.903,0.893,True,999,0.00011366698890924454,0.0008848750730976462,weak_2x2_bal_strong_100_100,weak_null,True,436,2311938656,-4.440892098500626e-16,0,0
100,100,0.09138291164981582,0.10370638498886492,0.08616474974454036,0.09762537739714361,-0.012323473339049096,-0.01146062765260325,0.06561559761749843,-0.1878131692236948,-0.1746631604182314,0.8510231119298176,0.8613443164568269,0.893,0.877,0.883,True,999,0.00011783302761614323,0.0007996669737622142,weak_2x2_bal_strong_100_100,weak_null,True,437,2311938656,-4.440892098500626e-16,0,0
100,100,0.08161102039393553,0.11273532140845571,0.07637568866810795,0.10675693729310609,-0.031124301014520184,-0.030381248624998136,0.06489669003739958,-0.47959766509791846,-0.4681478917875411,0.6315135069411906,0.6396788328264746,0.707,0.672,0.679,True,999,0.00013166700955480337,0.0008082919521257281,weak_2x2_bal_strong_100_100,weak_null,True,438,2311938656,-4.440892098500626e-16,0,0
100,100,0.053733087682611425,0.026603492187988742,0.048539934671850915,0.01972671243891,0.027129595494622682,0.028813222232940916,0.04233320956757786,0.640858460101279,0.6806292867292626,0.5216146467736212,0.4961060907429926,0.683,0.525,0.505,True,999,0.00011216592974960804,0.0008053340716287494,weak_2x2_bal_strong_100_100,weak_null,True,439,2311938656,-4.440892098500626e-16,0,0
100,100,0.06639707712193688,0.03161078068202461,0.061199525402599875,0.025641359589876345,0.03478629643991227,0.03555816581272353,0.04582748392109511,0.7590706157860783,0.7759135516570559,0.4478103156291239,0.4378000305413071,0.606,0.462,0.452,True,999,0.0001088329590857029,0.000804667011834681,weak_2x2_bal_strong_100_100,weak_null,True,440,2311938656,-4.440892098500626e-16,0,0
100,100,0.08182593148479622,0.04213341673780796,0.07661719606636552,0.036352756869959535,0.03969251474698826,0.04026443919640599,0.0510417912202768,0.777647370870873,0.7888523939655665,0.4367769264135243,0.4301982826802284,0.587,0.468,0.463,True,999,0.00011025008279830217,0.0008025839924812317,weak_2x2_bal_strong_100_100,weak_null,True,441,2311938656,-4.440892098500626e-16,0,0
100,100,0.05879172279147726,0.028127800535218073,0.053599990936902486,0.02256832383582008,0.03066392225625919,0.031031667101082405,0.042013708486334414,0.7298551677777526,0.7386081405114695,0.46547871867559576,0.46014497964605994,0.602,0.481,0.473,True,999,0.00010891701094806194,0.000825915951281786,weak_2x2_bal_strong_100_100,weak_null,True,442,2311938656,-4.440892098500626e-16,0,0
100,100,0.07188236839680184,0.1511126610996617,0.06667912661832531,0.1452041975933014,-0.07923029270285986,-0.07852507097497607,0.06770929932704402,-1.1701537822769081,-1.1597383484311452,0.24193908825589439,0.24615535181604853,0.281,0.257,0.257,True,999,0.00010808289516717196,0.0008286670781672001,weak_2x2_bal_strong_100_100,weak_null,True,443,2311938656,-4.440892098500626e-16,0,0
100,100,0.07341972240158146,0.03944548349126753,0.06821691751432013,0.03381850495870253,0.033974238910313925,0.0343984125556176,0.04812211857715769,0.7060004819995728,0.7148150075825137,0.4801878377060891,0.47472336048817443,0.609,0.491,0.489,True,999,0.00010800000745803118,0.0008298329776152968,weak_2x2_bal_strong_100_100,weak_null,True,444,2311938656,-4.440892098500626e-16,0,0
100,100,0.05131293593563868,0.0941435526160963,0.04612276262523096,0.0882357892248038,-0.04283061668045762,-0.042113026599572834,0.05803530959728395,-0.7380096182421692,-0.7256449029358452,0.4605086043754847,0.4680564863875557,0.506,0.476,0.476,True,999,0.00011104193981736898,0.0008598340209573507,weak_2x2_bal_strong_100_100,weak_null,True,445,2311938656,-4.440892098500626e-16,0,0
100,100,0.061312776413463665,0.01842202431861034,0.05611143187623213,0.011595765344516451,0.042890752094853324,0.04451566653171568,0.04044538273637278,1.0604610265260617,1.1006365503294513,0.28893491150652184,0.2710548712388936,0.456,0.276,0.237,True,999,0.00011499994434416294,0.0008099169936031103,weak_2x2_bal_strong_100_100,weak_null,True,446,2311938656,-4.440892098500626e-16,0,0
100,100,0.06822667887712619,0.07158227589593663,0.06302208908149964,0.061378173118392,-0.003355597018810441,0.001643915963107645,0.05602119180973376,-0.05989870815685506,0.029344537486651834,0.9522363087908702,0.9765898064039943,0.951,0.941,0.968,True,999,0.00011024996638298035,0.0008044999558478594,weak_2x2_bal_strong_100_100,weak_null,True,447,2311938656,-4.440892098500626e-16,0,0
100,100,0.020157904124407988,0.054139241925843906,0.014976691004008558,0.047480433011870105,-0.03398133780143592,-0.03250374200786155,0.044739242156644134,-0.7595420969013759,-0.726515256875769,0.4475283416988235,0.46752295791022613,0.536,0.424,0.446,True,999,0.00010954192839562893,0.0008069999748840928,weak_2x2_bal_strong_100_100,weak_null,True,448,2311938656,-4.440892098500626e-16,0,0
100,100,0.07641410207921906,0.05285251661877827,0.07119940405817715,0.04694417163658926,0.023561585460440793,0.02425523242158789,0.05324110465352942,0.44254501505499594,0.4555734254469489,0.6580948635260284,0.6486967564216903,0.752,0.692,0.681,True,999,0.00010974996257573366,0.0008036659564822912,weak_2x2_bal_strong_100_100,weak_null,True,449,2311938656,-4.440892098500626e-16,0,0
100,100,0.07276017128216583,0.07139087860353233,0.06755718170455793,0.06571723511521554,0.0013692926786335047,0.0018399465893423894,0.055854419007229525,0.024515386660028997,0.03294182666378171,0.9804415106237929,0.973720978027448,0.985,0.977,0.969,True,999,0.00011237501166760921,0.0008234580745920539,weak_2x2_bal_strong_100_100,weak_null,True,450,2311938656,-4.440892098500626e-16,0,0
100,100,0.10050873078459555,0.0850754443453598,0.09528447181348554,0.07897337736365273,0.01543328643923575,0.016311094449832808,0.06385163534538349,0.2417054215722853,0.25545304143901004,0.8090084283021949,0.7983732081361851,0.818,0.779,0.777,True,999,0.00010958302300423384,0.0008344579255208373,weak_2x2_bal_strong_100_100,weak_null,True,451,2311938656,-4.440892098500626e-16,0,0
100,100,0.059204850577441515,0.04597109916923242,0.05401158379129356,0.04034402628693812,0.013233751408209093,0.013667557504355443,0.04751485218120627,0.27851820642816794,0.28764811163111276,0.7806145910214417,0.7736161128131083,0.844,0.8,0.792,True,999,0.00010887498501688242,0.000842583947815001,weak_2x2_bal_strong_100_100,weak_null,True,452,2311938656,-4.440892098500626e-16,0,0
100,100,0.03399183196071365,0.02101436877683699,0.028815487930302197,0.015154105746773894,0.012977463183876659,0.013661382183528303,0.034564213245374335,0.3754595277997079,0.3952464384635337,0.7073187406048493,0.6926610238575517,0.833,0.725,0.708,True,999,0.00011508294846862555,0.0008707500528544188,weak_2x2_bal_strong_100_100,weak_null,True,453,2311938656,-4.440892098500626e-16,0,0
100,100,0.0017177456302505112,0.06266501567668914,-0.00343882400647999,0.05690298795410342,-0.06094727004643863,-0.060341811960583414,0.040686828081298906,-1.4979607140830948,-1.4830797780552136,0.1341434577475628,0.13805321602159024,0.167,0.115,0.122,True,999,0.00012820807751268148,0.0008207909995689988,weak_2x2_bal_strong_100_100,weak_null,True,454,2311938656,-4.440892098500626e-16,0,0
100,100,0.005948473096600959,0.02579476570101419,0.0007858835518419482,0.020141690039999105,-0.01984629260441323,-0.019355806488157157,0.027433578034347282,-0.7234307015864044,-0.7055516587709914,0.4694153147235165,0.4804669956760973,0.651,0.481,0.497,True,999,0.00010970805305987597,0.000793666928075254,weak_2x2_bal_strong_100_100,weak_null,True,455,2311938656,-4.440892098500626e-16,0,0
100,100,0.052261794041927656,0.0815788622342955,0.04706800928239829,0.07589645033760206,-0.029317068192367846,-0.02882844105520377,0.054039490698130355,-0.5425119262528902,-0.5334698880905843,0.5874658938303656,0.5937083500387219,0.631,0.593,0.599,True,999,0.00010766694322228432,0.0007945409743115306,weak_2x2_bal_strong_100_100,weak_null,True,456,2311938656,-4.440892098500626e-16,0,0
100,100,0.05636923747073441,0.11273532140845571,0.05117486174093244,0.10675693729310609,-0.0563660839377213,-0.05558207555217365,0.06166428861255011,-0.9140798540932085,-0.9013657143019632,0.36067488744158793,0.36739390453977105,0.474,0.389,0.389,True,999,0.00010708300396800041,0.0007914999732747674,weak_2x2_bal_strong_100_100,weak_null,True,457,2311938656,-4.440892098500626e-16,0,0
100,100,0.06481048057679772,0.10198851658833885,0.05961241050464139,0.0962925000814181,-0.03717803601154113,-0.03668008957677671,0.059769362388786475,-0.6220249727562129,-0.6136938409712461,0.5339254472840844,0.5394176590797118,0.577,0.551,0.553,True,999,0.00011274998541921377,0.0008157079573720694,weak_2x2_bal_strong_100_100,weak_null,True,458,2311938656,-4.440892098500626e-16,0,0
100,100,0.05940846856642301,0.06642171978559502,0.054215277101889114,0.06048981284744315,-0.007013251219172012,-0.006274535745554033,0.05307610763352364,-0.13213574867992658,-0.1182177070873024,0.8948769204489883,0.9058951601117654,0.937,0.901,0.931,True,999,0.00011741707567125559,0.0008247079094871879,weak_2x2_bal_strong_100_100,weak_null,True,459,2311938656,-4.440892098500626e-16,0,0
100,100,0.04106131032185378,0.047829950993235615,0.035877582907573924,0.04196866477914085,-0.0067686406713818315,-0.006091081871566928,0.04537493113180582,-0.14917137067867225,-0.1342389226745812,0.8814184100958706,0.8932136485884384,0.916,0.88,0.897,True,999,0.00010991701856255531,0.0008348339470103383,weak_2x2_bal_strong_100_100,weak_null,True,460,2311938656,-4.440892098500626e-16,0,0
100,100,0.1419535762057209,0.027811516091442445,0.13669046046263134,0.02188362188626769,0.11414206011427847,0.11480683857636365,0.056245134040455565,2.0293677321878056,2.041187038398491,0.0424208491772325,0.04123223956108912,0.148,0.055,0.051,True,999,0.00011237501166760921,0.0008323329966515303,weak_2x2_bal_strong_100_100,weak_null,True,461,2311938656,-4.440892098500626e-16,0,0
100,100,0.04553574499710511,0.013289026072359378,0.040353131483556126,0.006930670807264505,0.03224671892474573,0.03342246067629162,0.03487486797213942,0.9246406022384588,0.9583537550017942,0.3551528856586901,0.337884406087281,0.593,0.361,0.343,True,999,0.00010808301158249378,0.0008706670487299562,weak_2x2_bal_strong_100_100,weak_null,True,462,2311938656,-4.440892098500626e-16,0,0
100,100,0.028773846255094826,0.14818838153241853,0.023602024761970597,0.14240362785709237,-0.11941453527732371,-0.11880160309512178,0.06152193496749901,-1.9410074689687242,-1.9310446454241506,0.052257371431424775,0.05347753153901196,0.049,0.046,0.046,True,999,0.00011337501928210258,0.0008012920152395964,weak_2x2_bal_strong_100_100,weak_null,True,463,2311938656,-4.440892098500626e-16,0,0
100,100,0.054311055545317566,0.047829950993235615,0.04911225258128127,0.04196866477914085,0.006481104552081951,0.0071435878021404164,0.047912616977319876,0.1352692664470796,0.14909617242410148,0.8923989835311064,0.8814777460971746,0.924,0.886,0.858,True,999,0.00011500006075948477,0.0008154161041602492,weak_2x2_bal_strong_100_100,weak_null,True,464,2311938656,-4.440892098500626e-16,0,0
100,100,0.006544418585786138,0.11273532140845571,0.0013843396482968728,0.10675693729310609,-0.10619090282266958,-0.10537259764480922,0.05354093002274176,-1.9833593248672463,-1.9680755937569951,0.04732730713931882,0.04905934055531756,0.042,0.053,0.056,True,999,0.00011274998541921377,0.0008042079862207174,weak_2x2_bal_strong_100_100,weak_null,True,465,2311938656,-4.440892098500626e-16,0,0
100,100,0.08472136945384645,0.021786221343680967,0.0795029399713485,0.01590197713895236,0.06293514811016548,0.06360096283239614,0.04582379437069569,1.3734163435058644,1.3879462341745523,0.16962295180000608,0.1651534177593369,0.333,0.179,0.177,True,999,0.00010900001507252455,0.0007989580044522882,weak_2x2_bal_strong_100_100,weak_null,True,466,2311938656,-4.440892098500626e-16,0,0
100,100,0.02913203618848237,0.053157523349648295,0.023959930575273347,0.047608134374414135,-0.024025487161165926,-0.023648203799140788,0.04297972922754474,-0.5589957776134274,-0.5502176077923076,0.5761646018524416,0.5821701279988716,0.646,0.56,0.57,True,999,0.0001076660118997097,0.0007928329287096858,weak_2x2_bal_strong_100_100,weak_null,True,467,2311938656,-4.440892098500626e-16,0,0
100,100,0.04553574499710511,0.00900239258683766,0.040353131483556126,0.003227948554481941,0.03653335241026745,0.037125182929074185,0.03284665384424246,1.1122396997729866,1.1302576848503456,0.2660351027856587,0.25836765933847583,0.466,0.245,0.234,True,999,0.00010841595940291882,0.0008010839810594916,weak_2x2_bal_strong_100_100,weak_null,True,468,2311938656,-4.440892098500626e-16,0,0
100,100,0.029530171339973266,0.16274060732746393,0.024353667419092062,0.15221100949948863,-0.13321043598749066,-0.12785734208039656,0.06643671250979817,-2.0050726617131245,-1.9244983270588532,0.04495527961752443,0.054292150225927614,0.042,0.048,0.052,True,999,0.00010904099326580763,0.0008325420785695314,weak_2x2_bal_strong_100_100,weak_null,True,469,2311938656,-4.440892098500626e-16,0,0
100,100,0.03964150997781846,0.061657590713618426,0.03446305782784975,0.05574835576236836,-0.02201608073579997,-0.02128529793451861,0.04813931373832462,-0.4573409761401013,-0.4421603941057635,0.647425981669826,0.6583731438559497,0.731,0.636,0.651,True,999,0.00010779104195535183,0.0008319580228999257,weak_2x2_bal_strong_100_100,weak_null,True,470,2311938656,-4.440892098500626e-16,0,0
100,100,0.03721406351323686,0.02412853319108388,0.03203140375200064,0.018242160538811447,0.013085530322152983,0.013789243213189195,0.03672565343553318,0.3563049012898525,0.3754662456147801,0.7216122391781428,0.7073137453650375,0.85,0.738,0.721,True,999,0.00010720791760832071,0.0008600000292062759,weak_2x2_bal_strong_100_100,weak_null,True,471,2311938656,-4.440892098500626e-16,0,0
100,100,0.036089761608732784,0.05480750881305835,0.030903034450261657,0.048786603171130594,-0.018717747204325563,-0.017883568720868936,0.0466006955006627,-0.4016624001686709,-0.3837618415075933,0.6879324996628634,0.7011549725410602,0.748,0.678,0.685,True,999,0.00011150003410875797,0.0008083750726655126,weak_2x2_bal_strong_100_100,weak_null,True,472,2311938656,-4.440892098500626e-16,0,0
100,100,0.041881854625461346,0.05367104127007433,0.03669722727097735,0.0479295020517867,-0.011789186644612981,-0.011232274780809348,0.046402543961970306,-0.254063368902251,-0.24206161606171586,0.7994466023979356,0.8087324197850835,0.839,0.804,0.816,True,999,0.00010866706725209951,0.0008122919825837016,weak_2x2_bal_strong_100_100,weak_null,True,473,2311938656,-4.440892098500626e-16,0,0
100,100,0.06336955972453906,0.047829950993235615,0.05816819124569861,0.04196866477914085,0.015539608731303445,0.016199526466557757,0.04962623509194141,0.3131329366919244,0.3264306961135629,0.7541796666101749,0.744098516197896,0.796,0.733,0.721,True,999,0.00010720803402364254,0.000815875013358891,weak_2x2_bal_strong_100_100,weak_null,True,474,2311938656,-4.440892098500626e-16,0,0
100,100,0.08243557958001091,0.0599450194984637,0.07722587845455564,0.05387704993734843,0.022490560081547206,0.02334882851720721,0.05618245968674869,0.4003128415335628,0.41558928974258336,0.6889261108086064,0.6777105652123274,0.754,0.692,0.689,True,999,0.00011429190635681152,0.0008333749137818813,weak_2x2_bal_strong_100_100,weak_null,True,475,2311938656,-4.440892098500626e-16,0,0
100,100,0.052772083710488804,0.037657619469266546,0.047582552563653735,0.03206948613134131,0.015114464241222259,0.015513066432312428,0.04373144653702712,0.3456200386242642,0.35473481123423667,0.7296282843888564,0.7227882691689094,0.808,0.758,0.757,True,999,0.00011500006075948477,0.0008025419665500522,weak_2x2_bal_strong_100_100,weak_null,True,476,2311938656,-4.440892098500626e-16,0,0
100,100,0.019370691390427353,0.037813861824602724,0.01419019114599962,0.031666332610974735,-0.01844317043417537,-0.017476141464975115,0.03785909403033144,-0.48715297886947106,-0.4616101339079539,0.6261499245940265,0.644360926040255,0.752,0.62,0.634,True,999,0.00011125009041279554,0.0007962089730426669,weak_2x2_bal_strong_100_100,weak_null,True,477,2311938656,-4.440892098500626e-16,0,0
100,100,0.09611494211265559,0.10729499331523723,0.09088993491532449,0.10086536567521165,-0.011180051202581642,-0.00997543075988716,0.06663168857548214,-0.16778880201897606,-0.14971000995399852,0.8667494322985241,0.8809934103910287,0.914,0.877,0.902,True,999,0.00011008395813405514,0.0008123340085148811,weak_2x2_bal_strong_100_100,weak_null,True,478,2311938656,-4.440892098500626e-16,0,0
100,100,0.036089761608732784,0.09198801156542791,0.030903034450261657,0.08484349868532348,-0.05589824995669512,-0.053940464235061825,0.05807478793124472,-0.9625218093413199,-0.928810352246528,0.3357875532616086,0.3529873785293548,0.404,0.362,0.371,True,999,0.00010933307930827141,0.0008357079932466149,weak_2x2_bal_strong_100_100,weak_null,True,479,2311938656,-4.440892098500626e-16,0,0
100,100,0.02988796993550691,0.12730855774298233,0.024707448590191916,0.12168242041222754,-0.09742058780747542,-0.09697497182203563,0.05799218100971032,-1.679891773533455,-1.672207703410878,0.09297837467434908,0.09448337197699418,0.132,0.1,0.1,True,999,0.00010879198089241982,0.0008654579287394881,weak_2x2_bal_strong_100_100,weak_null,True,480,2311938656,-4.440892098500626e-16,0,0
100,100,0.08152099085670961,0.06526171889034815,0.07631107733922704,0.05973956135656522,0.016259271966361455,0.016571515982661822,0.055080164727663826,0.2951928710953054,0.3008617723748171,0.767846547528061,0.7635199017006921,0.794,0.788,0.788,True,999,0.00011079094838351011,0.0008289580000564456,weak_2x2_bal_strong_100_100,weak_null,True,481,2311938656,-4.440892098500626e-16,0,0
100,100,0.08806985992025163,0.016970839450722086,0.08285103005088956,0.010604870532709754,0.07109902046952954,0.07224615951817981,0.04552757062112523,1.5616695443999578,1.586866123813268,0.11836585701079835,0.11254296881582553,0.287,0.122,0.112,True,999,0.00011291599366813898,0.0008572080405429006,weak_2x2_bal_strong_100_100,weak_null,True,482,2311938656,-4.440892098500626e-16,0,0
100,100,0.029530171339973266,0.040855994466530376,0.024353667419092062,0.03474148051793691,-0.01132582312655711,-0.010387813098844845,0.04168726561965846,-0.27168544058251193,-0.24918432390409087,0.7858638970860692,0.8032182047636514,0.843,0.802,0.81,True,999,0.00011324998922646046,0.0008477499941363931,weak_2x2_bal_strong_100_100,weak_null,True,483,2311938656,-4.440892098500626e-16,0,0
100,100,0.031080629950831495,0.05367104127007433,0.02590104045181363,0.0479295020517867,-0.02259041131924283,-0.02202846159997307,0.044131666429608724,-0.5118866597814788,-0.4991531791601185,0.6087303350744279,0.6176714761439088,0.667,0.574,0.582,True,999,0.0001141249667853117,0.0008408329449594021,weak_2x2_bal_strong_100_100,weak_null,True,484,2311938656,-4.440892098500626e-16,0,0
100,100,0.07686211195978021,0.02579476570101419,0.07164752837876165,0.020141690039999105,0.05106734625876602,0.051505838338762544,0.045211725291209724,1.1295155389412839,1.1392141752391067,0.25868041824987054,0.25461383461744036,0.427,0.27,0.265,True,999,0.00011675001587718725,0.0008539579575881362,weak_2x2_bal_strong_100_100,weak_null,True,485,2311938656,-4.440892098500626e-16,0,0
100,100,0.017992161280888208,0.018974299901215075,0.012820506251557617,0.012476194445909528,-0.0009821386203268667,0.00034431180564808983,0.029608040052104025,-0.033171348680915924,0.011628996888756307,0.9735379459843714,0.990721612050227,0.99,0.979,0.991,True,999,0.00011899997480213642,0.0008107919711619616,weak_2x2_bal_strong_100_100,weak_null,True,486,2311938656,-4.440892098500626e-16,0,0
100,100,0.013496852612789878,0.020109266173508444,0.008332045241843389,0.013683276698138513,-0.006612413560718566,-0.005351231456295125,0.028878883123860548,-0.22897054336755854,-0.18529911400464744,0.8188918109439316,0.8529944329186263,0.89,0.816,0.853,True,999,0.0001092089805752039,0.0008112499490380287,weak_2x2_bal_strong_100_100,weak_null,True,487,2311938656,-4.440892098500626e-16,0,0
100,100,0.01556843327428814,0.07178902991261055,0.010403615816471756,0.06582413978862434,-0.056220596638322407,-0.05542052397215258,0.04661635085292745,-1.2060274047553814,-1.1888644854892634,0.2278069239084909,0.23449299737901752,0.282,0.226,0.246,True,999,0.0001087080454453826,0.0008035410428419709,weak_2x2_bal_strong_100_100,weak_null,True,488,2311938656,-4.440892098500626e-16,0,0
100,100,0.08289756095211143,0.024579701904333562,0.07768458302194858,0.018677922847224693,0.058317859047777865,0.05900666017472389,0.04645842251233026,1.2552698928229873,1.2700960769613578,0.20938080070265197,0.20405040888620563,0.395,0.228,0.218,True,999,0.0001093749888241291,0.0008458329830318689,weak_2x2_bal_strong_100_100,weak_null,True,489,2311938656,-4.440892098500626e-16,0,0
100,100,0.07916172079330519,0.1203262300057718,0.07393844187591014,0.11448304794963349,-0.041164509212466616,-0.040544606073723344,0.06396592994554857,-0.643538040446034,-0.6338468948741496,0.519875039522985,0.5261807455199347,0.579,0.539,0.547,True,999,0.00010929093696177006,0.0007957500638440251,weak_2x2_bal_strong_100_100,weak_null,True,490,2311938656,-4.440892098500626e-16,0,0
100,100,0.07341972240158146,0.047039700673127016,0.06821691751432013,0.04121198737109211,0.02638002172845444,0.027004930143228023,0.05112267276740565,0.5160141342467834,0.5282378381524213,0.6058445374634183,0.5973342701324318,0.694,0.589,0.587,True,999,0.00010791607201099396,0.0007952499436214566,weak_2x2_bal_strong_100_100,weak_null,True,491,2311938656,-4.440892098500626e-16,0,0
100,100,0.06270638444918264,0.12940355586369706,0.057507581338796854,0.12343132046443372,-0.06669717141451442,-0.06592373912563687,0.06476540014156379,-1.0298272112691063,-1.0178851513545997,0.3030911245813156,0.30873253895452135,0.34,0.317,0.325,True,999,0.00010729196947067976,0.0008244169875979424,weak_2x2_bal_strong_100_100,weak_null,True,492,2311938656,-4.440892098500626e-16,0,0
100,100,0.035410008782013724,0.1819807109310997,0.030222823831039136,0.18106714958327785,-0.14657070214908596,-0.15084432575223872,0.0675541507242558,-2.1696772230526866,-2.23293941430718,0.03003130671190607,0.025552939956726486,0.034,0.037,0.033,True,999,0.00011329108383506536,0.0008359580533578992,weak_2x2_bal_strong_100_100,weak_null,True,493,2311938656,-4.440892098500626e-16,0,1
100,100,0.03505830987020098,0.11008753297375035,0.029880180440130744,0.09973870835915477,-0.07502922310354937,-0.06985852791902403,0.059722485902020325,-1.2562977238864605,-1.1697190239808959,0.2090080468521941,0.24211405978885392,0.264,0.214,0.246,True,999,0.00012316694483160973,0.000824208022095263,weak_2x2_bal_strong_100_100,weak_null,True,494,2311938656,-4.440892098500626e-16,0,0
100,100,0.0653260642008755,0.07202079037887188,0.06012908305828546,0.06652430059638448,-0.00669472617799638,-0.006395217538099018,0.05351046953057006,-0.12511058558684002,-0.11951338857988318,0.9004360030592374,0.9048686335070921,0.909,0.896,0.904,True,999,0.0001159169478341937,0.0008212089305743575,weak_2x2_bal_strong_100_100,weak_null,True,495,2311938656,-4.440892098500626e-16,0,0
100,100,0.019538370542090622,0.053157523349648295,0.014371654805501066,0.047608134374414135,-0.03361915280755767,-0.03323647956891307,0.04080609915373601,-0.8238756829193183,-0.814497838759236,0.4100101987178687,0.4153598098377196,0.484,0.401,0.404,True,999,0.00011433393228799105,0.0008367500267922878,weak_2x2_bal_strong_100_100,weak_null,True,496,2311938656,-4.440892098500626e-16,0,0
100,100,0.057778977696978706,0.10729499331523723,0.052586858872615494,0.10086536567521165,-0.049516015618258524,-0.048278506802596155,0.061548453672209416,-0.8045046246322867,-0.7843983710738625,0.4211055995709876,0.43280639391476095,0.461,0.41,0.422,True,999,0.00010962493252009153,0.0008352500153705478,weak_2x2_bal_strong_100_100,weak_null,True,497,2311938656,-4.440892098500626e-16,0,0
100,100,0.04763194464340381,0.0821645684683413,0.04244147901501094,0.07576903824890735,-0.03453262382493749,-0.03332755923389641,0.05510755253810904,-0.6266404918102074,-0.6047729884365504,0.5308949195981859,0.5453298436518316,0.555,0.489,0.496,True,999,0.00012691598385572433,0.0008078329265117645,weak_2x2_bal_strong_100_100,weak_null,True,498,2311938656,-4.440892098500626e-16,0,0
100,100,0.034040980571866775,0.00560178167018871,0.028865908768068493,-0.004626370747430997,0.028439198901678064,0.03349227951549949,0.028392838262451224,1.0016328286308787,1.1796030818022214,0.31652095953421644,0.2381581166629797,0.574,0.307,0.226,True,999,0.00011054100468754768,0.0008081670384854078,weak_2x2_bal_strong_100_100,weak_null,True,499,2311938656,-4.440892098500626e-16,0,0
100,100,0.03455808483129841,0.0023686919323014366,0.029379615102087087,-0.007758832996650256,0.03218939289899697,0.03713844809873734,0.026889250113285832,1.1971101002587041,1.3811633995842614,0.2312636436873876,0.1672287255602074,0.547,0.219,0.159,True,999,0.0001099579967558384,0.0008183330064639449,weak_2x2_bal_strong_100_100,weak_null,True,500,2311938656,-4.440892098500626e-16,0,0
100,100,0.02716617125211762,0.09454061472270575,0.021992970881825613,0.08879554201865858,-0.06737444347058813,-0.06680257113683297,0.053002012880478074,-1.2711676370201361,-1.2603780027652114,0.20366901720442787,0.20753303311715177,0.247,0.209,0.209,True,999,0.00010924995876848698,0.0008350000716745853,weak_2x2_bal_strong_100_100,weak_null,True,501,2311938656,-4.440892098500626e-16,0,0
100,100,0.07188236839680184,0.13928917665927915,0.06667912661824005,0.13322170204676098,-0.0674068082624773,-0.06654257542852093,0.06777518161114918,-0.9945647751888683,-0.9818133105168179,0.31994798661761914,0.3261918294869718,0.393,0.333,0.334,True,999,0.00010933296289294958,0.0008325830567628145,weak_2x2_bal_strong_100_100,weak_null,True,502,2311938656,-4.440892098500626e-16,0,0
100,100,0.09032867239504194,0.0674034082190858,0.0851127721272178,0.06107985362626067,0.02292526417595614,0.024032918500957123,0.05752622432397401,0.3985184921375425,0.41777326399190473,0.6902480299819941,0.6761129003421148,0.742,0.695,0.692,True,999,0.0001127920113503933,0.0008421669481322169,weak_2x2_bal_strong_100_100,weak_null,True,503,2311938656,-4.440892098500626e-16,0,0
100,100,0.0381670583565088,0.0879001289462934,0.03298502137083403,0.07753822120820786,-0.0497330705897846,-0.044553199837373825,0.05649012610754011,-0.880385193247894,-0.7886900403188694,0.3786506749749504,0.43029319045144,0.45,0.393,0.45,True,999,0.0001152080949395895,0.000849124975502491,weak_2x2_bal_strong_100_100,weak_null,True,504,2311938656,-4.440892098500626e-16,0,0
100,100,0.06675800233781137,0.08817261697208723,0.06155777012068597,0.08185651593107934,-0.021414614634275853,-0.02029874581039337,0.05807458866528852,-0.3687432855994635,-0.3495288778950239,0.7123190815612754,0.7266922948319072,0.761,0.714,0.714,True,999,0.00011483405251055956,0.0008365419926121831,weak_2x2_bal_strong_100_100,weak_null,True,505,2311938656,-4.440892098500626e-16,0,0
100,100,0.04369398753071907,0.09543963826942858,0.03849997720101328,0.08491808701791115,-0.051745650738709514,-0.04641810981689787,0.05961428664642975,-0.8680075473453395,-0.778640698868076,0.38539020094234044,0.4361913975491435,0.48,0.395,0.452,True,999,0.00011537503451108932,0.0008936249651014805,weak_2x2_bal_strong_100_100,weak_null,True,506,2311938656,-4.440892098500626e-16,0,0
100,100,0.09032867239504194,0.05676359474749987,0.0851127721272178,0.051052564310396065,0.033565077647542074,0.03406020781682173,0.05559516200931454,0.6037409809493586,0.612646974769409,0.5460158635054573,0.5401097906410437,0.627,0.575,0.575,True,999,0.00011612498201429844,0.0008004589471966028,weak_2x2_bal_strong_100_100,weak_null,True,507,2311938656,-4.440892098500626e-16,0,0
100,100,0.09609896049596556,0.0038363107458579127,0.09082299344868261,-0.006304791583673364,0.09226264975010764,0.09712778503235597,0.042206255308701396,2.185994684325535,2.301265163705053,0.02881599423177107,0.02137664756645211,0.157,0.024,0.02,True,999,0.00010775006376206875,0.0008094579679891467,weak_2x2_bal_strong_100_100,weak_null,True,508,2311938656,-4.440892098500626e-16,0,0
100,100,0.0660927452911163,0.0850754443453598,0.06088038418532449,0.07897337736365273,-0.01898269905424349,-0.018092993178328243,0.059208405499358116,-0.3206081787568031,-0.305581496845484,0.7485073388133245,0.7599233103577937,0.781,0.751,0.768,True,999,0.00010695902165025473,0.000823125010356307,weak_2x2_bal_strong_100_100,weak_null,True,509,2311938656,-4.440892098500626e-16,0,0
100,100,0.058386195386126105,0.015465309507012748,0.053194310284879975,0.009648673560995746,0.04292088587911336,0.04354563672388423,0.03847253191164881,1.1156241543363998,1.13186303474608,0.26458304842638203,0.25769202168013294,0.459,0.247,0.242,True,999,0.00010670803021639585,0.0008280829060822725,weak_2x2_bal_strong_100_100,weak_null,True,510,2311938656,-4.440892098500626e-16,0,0
100,100,0.07039567509575051,0.02101436877683699,0.06517487834410929,0.015154105746773894,0.04938130631891352,0.050020772597335394,0.042827270376238985,1.1530341739059509,1.1679654612096744,0.2488963580241519,0.24282069705021403,0.439,0.257,0.241,True,999,0.00011254206765443087,0.0008459578966721892,weak_2x2_bal_strong_100_100,weak_null,True,511,2311938656,-4.440892098500626e-16,0,0
100,100,0.012855180367791874,0.029660227365620018,0.007693525505857224,0.023977110527795276,-0.016805046997828144,-0.016283585021938052,0.03153997348669995,-0.5328174104177558,-0.5162840428133098,0.5941599805894733,0.6056560395450885,0.721,0.589,0.594,True,999,0.00011312507558614016,0.0008329999400302768,weak_2x2_bal_strong_100_100,weak_null,True,512,2311938656,-4.440892098500626e-16,0,0
100,100,0.005177570108899965,0.0636724248294569,1.2659688692906457e-05,0.053503385883168164,-0.05849485472055693,-0.05349072619447526,0.04126716317500609,-1.4174673086320841,-1.296205556161721,0.15634634577411216,0.1949046758466343,0.194,0.148,0.183,True,999,0.00010879198089241982,0.0008408339926972985,weak_2x2_bal_strong_100_100,weak_null,True,513,2311938656,-4.440892098500626e-16,0,0
100,100,0.03956405743651059,0.06958485096707717,0.03438288661810418,0.06373666501704633,-0.03002079353056658,-0.029353778398942154,0.050798131067543634,-0.5909822448123041,-0.5778515426071869,0.5545323175385386,0.5633643532421138,0.616,0.565,0.575,True,999,0.00010733399540185928,0.000844834023155272,weak_2x2_bal_strong_100_100,weak_null,True,514,2311938656,-4.440892098500626e-16,0,0
100,100,0.10226153443121333,0.000592153674636442,0.09701520600782487,-0.009468425833162541,0.10166938075657689,0.10648363184098741,0.04280484547217767,2.375183922172083,2.4876536912205354,0.01754020774181194,0.01285888793245305,0.138,0.023,0.018,True,999,0.00010820792522281408,0.000860749976709485,weak_2x2_bal_strong_100_100,weak_null,True,515,2311938656,-4.440892098500626e-16,0,0
100,100,0.13061202260566984,0.10729499331523723,0.12536149248168726,0.10086536567521165,0.02331702929043261,0.024496126806475615,0.07042191533319404,0.3311047303969295,0.3478480625040474,0.7405653786433279,0.7279542922860154,0.765,0.73,0.711,True,999,0.00011450005695223808,0.0008037079824134707,weak_2x2_bal_strong_100_100,weak_null,True,516,2311938656,-4.440892098500626e-16,0,0
100,100,0.15227001065473778,0.04108292833145211,0.14699637638958052,0.035488815286555564,0.11118708232328567,0.11150756110302495,0.05982669422115968,1.8584861452023986,1.863842930896667,0.06310000907351349,0.06234376493035186,0.126,0.078,0.077,True,999,0.00010854098945856094,0.0008052081102505326,weak_2x2_bal_strong_100_100,weak_null,True,517,2311938656,-4.440892098500626e-16,0,0
100,100,0.04261013525279733,0.0635657802650259,0.037416979460175526,0.057768597126361954,-0.020955645012228574,-0.020351617666186428,0.04958488902314352,-0.4226215975283845,-0.41043991560992305,0.6725713664164439,0.681483270698318,0.744,0.658,0.665,True,999,0.0001079590292647481,0.0007969170110300183,weak_2x2_bal_strong_100_100,weak_null,True,518,2311938656,-4.440892098500626e-16,0,0
100,100,0.028350337108182133,0.00687095089548051,0.023175835961268376,0.0006154644481455307,0.021479386212701623,0.022560371513122845,0.026777610686946538,0.8021397601083328,0.8425087576659893,0.4224721177489845,0.39950323971912627,0.699,0.425,0.404,True,999,0.00010649999603629112,0.0008027079747989774,weak_2x2_bal_strong_100_100,weak_null,True,519,2311938656,-4.440892098500626e-16,0,0
100,100,0.015488507236998683,0.014418603318262557,0.010313434630120355,0.008086073546841988,0.001069903918736126,0.0022273610832783675,0.026255409731063866,0.04074984659143514,0.08483436770149064,0.9674953227387598,0.9323930705405422,0.984,0.966,0.933,True,999,0.00011116708628833294,0.0008199160220101476,weak_2x2_bal_strong_100_100,weak_null,True,520,2311938656,-4.440892098500626e-16,0,0
100,100,0.0537330876826112,0.058780277624292054,0.048539934671850915,0.05279129581086295,-0.005047189941680852,-0.004251361139012033,0.05131241047668271,-0.09836197315217508,-0.08285249317889536,0.9216448692379116,0.9339688290503185,0.94,0.921,0.94,True,999,0.0001090840669348836,0.0008272919803857803,weak_2x2_bal_strong_100_100,weak_null,True,521,2311938656,-4.440892098500626e-16,0,0
100,100,0.07408028741081829,0.03944548349126753,0.06887766347202273,0.03381850495870253,0.03463480391955076,0.0350591585133202,0.04822769330095553,0.718151782699185,0.7269507644609985,0.4726637044430767,0.46725611759140073,0.587,0.492,0.477,True,999,0.00010829197708517313,0.0008282089838758111,weak_2x2_bal_strong_100_100,weak_null,True,522,2311938656,-4.440892098500626e-16,0,0
100,100,0.05691957770147804,0.1175901336135336,0.051713780697497214,0.1112236299099365,-0.06067055591205556,-0.05950984921243929,0.06210932041604065,-0.9768349662442368,-0.9581468419524035,0.32865086223669626,0.3379887179908537,0.406,0.343,0.359,True,999,0.00011225009802728891,0.0008248339872807264,weak_2x2_bal_strong_100_100,weak_null,True,523,2311938656,-4.440892098500626e-16,0,0
100,100,0.10998261056805547,0.0781959582747177,0.10473950082068484,0.07246840456679848,0.03178665229333777,0.032271096253886355,0.06269374328919555,0.5070147454222244,0.5147418954555846,0.6121444724346836,0.6067333930734784,0.642,0.595,0.595,True,999,0.00011537503451108932,0.0008686250075697899,weak_2x2_bal_strong_100_100,weak_null,True,524,2311938656,-4.440892098500626e-16,0,0
100,100,0.099496845428655,0.09789976646625886,0.09426825239015102,0.09201443332480608,0.0015970789623961368,0.002253819065344942,0.06418303698602658,0.024883194024362544,0.03511549423620489,0.9801481323101897,0.9719876464181424,1.0,1.0,1.0,True,999,0.00011462497059255838,0.0008015829371288419,weak_2x2_bal_strong_100_100,weak_null,True,525,2311938656,-4.440892098500626e-16,0,0
100,100,0.09219219289364067,0.04576271956597816,0.08696106002729209,0.04004961254575079,0.04642947332766251,0.0469114474815413,0.052744826975826005,0.8802659140192469,0.8894037609231659,0.37871527335350663,0.3737861244519478,0.487,0.363,0.359,True,999,0.00010974996257573366,0.0007970419246703386,weak_2x2_bal_strong_100_100,weak_null,True,526,2311938656,-4.440892098500626e-16,0,0
100,100,0.041881854625461123,0.051632984824524886,0.03669722727097735,0.04595492632088849,-0.009751130199063762,-0.009257699049911139,0.045903474073279396,-0.21242684559119102,-0.2016775252158983,0.8317740439072379,0.8401688338390206,0.866,0.823,0.845,True,999,0.00010891701094806194,0.0008114159572869539,weak_2x2_bal_strong_100_100,weak_null,True,527,2311938656,-4.440892098500626e-16,0,0
100,100,0.05636923747073419,0.01326388501491671,0.05117486174093244,0.007459596219788978,0.04310535245581748,0.043715265521143465,0.03723943449811866,1.157518985901764,1.1738971364710697,0.24706038698905453,0.24043622957800592,0.422,0.217,0.211,True,999,0.00010775006376206875,0.0008073749486356974,weak_2x2_bal_strong_100_100,weak_null,True,528,2311938656,-4.440892098500626e-16,0,0
100,100,0.02716617125211762,0.06586401347739212,0.021992970881825613,0.06033070167677579,-0.038697842225274504,-0.038337730794950176,0.04560200617509708,-0.8485995567100095,-0.8407027236421482,0.3961041537277381,0.400514494372023,0.478,0.41,0.411,True,999,0.00011166592594236135,0.0008278749883174896,weak_2x2_bal_strong_100_100,weak_null,True,529,2311938656,-4.440892098500626e-16,0,0
100,100,0.06305153357970694,0.08851570136629522,0.057843201723358106,0.08257872818498413,-0.025464167786588277,-0.024735526461626023,0.05818796847295178,-0.4376191239332422,-0.42509692485868683,0.6616624057815841,0.6707660195497904,0.691,0.659,0.662,True,999,0.00010983296670019627,0.0008307499811053276,weak_2x2_bal_strong_100_100,weak_null,True,530,2311938656,-4.440892098500626e-16,0,0
100,100,0.02143693555273929,0.02579476570101419,0.016265069709149316,0.020141690039999105,-0.004357830148274899,-0.0038766203308497893,0.032488384078392676,-0.13413502308270228,-0.1193232732503937,0.8932958054647359,0.9050192458337474,0.919,0.919,0.919,True,999,0.00011033297050744295,0.0008405840490013361,weak_2x2_bal_strong_100_100,weak_null,True,531,2311938656,-4.440892098500626e-16,0,0
100,100,0.04062065055171926,0.047039700673127016,0.03543525292899119,0.04121198737109211,-0.0064190501214077544,-0.005776734442100917,0.045139809301937235,-0.14220374921105997,-0.1279742766182444,0.8869190704454204,0.8981693299158696,0.944,0.867,0.896,True,999,0.00010837498120963573,0.0008423340041190386,weak_2x2_bal_strong_100_100,weak_null,True,532,2311938656,-4.440892098500626e-16,0,0
100,100,0.014056428781547003,0.09567956677040212,0.008889131664957972,0.08914684956532426,-0.08162313798885512,-0.08025771790036629,0.05328831493661783,-1.5317267600962667,-1.5061035049771492,0.1255898759564047,0.13204060500549458,0.157,0.13,0.135,True,999,0.00014554208610206842,0.0008173339301720262,weak_2x2_bal_strong_100_100,weak_null,True,533,2311938656,-4.440892098500626e-16,0,0
100,100,0.05199276349977677,0.1217906526387505,0.04680289384511127,0.11571924225817298,-0.06979788913897372,-0.06891634841306171,0.06293334132826621,-1.1090764873725898,-1.0950689564310208,0.2673971871372386,0.2734864276820598,0.321,0.267,0.271,True,999,0.00010966695845127106,0.0008094159420579672,weak_2x2_bal_strong_100_100,weak_null,True,534,2311938656,-4.440892098500626e-16,0,0
100,100,0.11413089478357141,0.03627735739012716,0.10888033952301157,0.030481166935288684,0.07785353739344425,0.07839917258772289,0.05401141688397339,1.4414274219224463,1.451529641522624,0.14946396786066304,0.14663243451602628,0.271,0.148,0.147,True,999,0.00011191703379154205,0.0008062500273808837,weak_2x2_bal_strong_100_100,weak_null,True,535,2311938656,-4.440892098500626e-16,0,0
100,100,0.005177570108899965,0.0525221159235808,1.2659688692906457e-05,0.046113385312644084,-0.04734454581468084,-0.04610072562395118,0.04087832499873281,-1.1581821372609684,-1.127754760631221,0.24678971628964574,0.25942350384784396,0.302,0.232,0.247,True,999,0.00010920804925262928,0.0008329999400302768,weak_2x2_bal_strong_100_100,weak_null,True,536,2311938656,-4.440892098500626e-16,0,0
100,100,0.12229385969706563,0.025390182728824207,0.11703776225810714,0.01969354896831277,0.09690367696824143,0.09734421328979437,0.05236966421482272,1.8503780465488222,1.8587900982233536,0.0642590808880045,0.06305689653049018,0.144,0.057,0.052,True,999,0.0001177910016849637,0.0008316249586641788,weak_2x2_bal_strong_100_100,weak_null,True,537,2311938656,-4.440892098500626e-16,0,0
100,100,0.02440927043779595,0.03161078068202461,0.019240497564368297,0.025641359589876345,-0.007201510244228659,-0.006400862025508047,0.03658239613776457,-0.19685725935252313,-0.17497109815888576,0.8439392412258092,0.861102343553301,0.913,0.87,0.884,True,999,0.00011766701936721802,0.0008330839918926358,weak_2x2_bal_strong_100_100,weak_null,True,538,2311938656,-4.440892098500626e-16,0,0
100,100,0.08209242490492885,0.06598641931342641,0.0768826448276343,0.059837807944241206,0.016106005591502437,0.01704483688339309,0.057880695519497774,0.2782621294880077,0.2944822402427998,0.7808111447946452,0.7683894323245233,0.839,0.791,0.779,True,999,0.00011666701175272465,0.0008427089778706431,weak_2x2_bal_strong_100_100,weak_null,True,539,2311938656,-4.440892098500626e-16,0,0
100,100,0.08152099085670983,0.025390182728824207,0.07631107733922704,0.01969354896831277,0.05613080812788562,0.05661752837091427,0.04595911708865451,1.2213204187454267,1.2319107058062024,0.22196472531939326,0.21798244180334114,0.38,0.241,0.238,True,999,0.00011612498201429844,0.0008348750416189432,weak_2x2_bal_strong_100_100,weak_null,True,540,2311938656,-4.440892098500626e-16,0,0
100,100,0.02354806441513302,0.06266501567668914,0.018378452151807778,0.05690298795410342,-0.03911695126155612,-0.038524535802295645,0.045622370321594614,-0.8574072540689702,-0.8444220572217984,0.39121985166787976,0.3984336010229651,0.544,0.421,0.425,True,999,0.00011675001587718725,0.0008659170707687736,weak_2x2_bal_strong_100_100,weak_null,True,541,2311938656,-4.440892098500626e-16,0,0
100,100,0.060244385944802414,0.07330492291741214,0.05504804486290027,0.06699667718289959,-0.013060536972609726,-0.01194863231999932,0.05668197524542551,-0.23041781652914028,-0.21080126915590558,0.8177671179948656,0.8330423481544492,0.854,0.828,0.834,True,999,0.00011312495917081833,0.0008130409987643361,weak_2x2_bal_strong_100_100,weak_null,True,542,2311938656,-4.440892098500626e-16,0,0
100,100,0.059630091707797095,0.0025923775661652604,0.05443352642821253,-0.007509651547323415,0.057037714141631835,0.061943177975535946,0.0343726424274844,1.6593927645209035,1.8021069548614663,0.0970366733387847,0.07152857969917509,0.34,0.096,0.067,True,999,0.00010908301919698715,0.0008072499185800552,weak_2x2_bal_strong_100_100,weak_null,True,543,2311938656,-4.440892098500626e-16,0,0
100,100,0.04782039371995339,0.0635657802650259,0.042630018693500915,0.057768597126361954,-0.015745386545072515,-0.015138578432861038,0.05047595594095506,-0.31193835265826164,-0.29991662665229357,0.7550873745220477,0.7642407515752476,0.819,0.771,0.78,True,999,0.00010845798533409834,0.0008160419529303908,weak_2x2_bal_strong_100_100,weak_null,True,544,2311938656,-4.440892098500626e-16,0,0
100,100,0.07457264285283094,0.04923634031655433,0.06936812884669052,0.04265008977908025,0.02533630253627661,0.026718039067610277,0.052960759021701616,0.47839764769788534,0.5044874650807418,0.6323672075519151,0.6139188684993551,0.734,0.629,0.627,True,999,0.00010770803783088923,0.0008107919711619616,weak_2x2_bal_strong_100_100,weak_null,True,545,2311938656,-4.440892098500626e-16,0,0
100,100,0.08425863230814667,0.06642171978559502,0.07904010211090906,0.06048981284744315,0.01783691252255165,0.018550289263465913,0.0568830510467312,0.3135716561317724,0.3261127686035384,0.7538463896258909,0.7443390367214242,0.776,0.727,0.724,True,999,0.00010979094076901674,0.0007952080341055989,weak_2x2_bal_strong_100_100,weak_null,True,546,2311938656,-4.440892098500626e-16,0,0
100,100,0.07844610104900773,0.0637569928544609,0.0732354253881482,0.057317970325222234,0.01468910819454683,0.015917455062925967,0.05639674066118838,0.26046023267184504,0.2822406911518591,0.7945087866734115,0.7777589590360688,0.837,0.789,0.776,True,999,0.0001105000264942646,0.0007944169919937849,weak_2x2_bal_strong_100_100,weak_null,True,547,2311938656,-4.440892098500626e-16,0,0
100,100,0.09019773773029793,0.05560442495454482,0.08497934495518678,0.04530365994026653,0.034593312775753116,0.03967568501492025,0.056665244585832664,0.6104855459214248,0.700176718637863,0.541540215331912,0.4838169490929639,0.649,0.563,0.498,True,999,0.00010870897676795721,0.0008263750933110714,weak_2x2_bal_strong_100_100,weak_null,True,548,2311938656,-4.440892098500626e-16,0,0
100,100,0.1157924485589863,0.10729499331523723,0.11055011192655684,0.10086536567521165,0.008497455243749064,0.009684746251345189,0.06890765132558736,0.12331657051549684,0.14054674720496485,0.9018564196088696,0.8882280200721839,0.911,0.888,0.881,True,999,0.00010795798152685165,0.0008100830018520355,weak_2x2_bal_strong_100_100,weak_null,True,549,2311938656,-4.440892098500626e-16,0,0
100,100,0.034565071619432564,0.07991304906210384,0.029377296710563883,0.07435874361712536,-0.04534797744267127,-0.04498144690656147,0.0499053123245436,-0.9086803654842369,-0.9013358460525944,0.36351887130031946,0.367409780214636,0.423,0.372,0.383,True,999,0.00010800000745803118,0.0008598329732194543,weak_2x2_bal_strong_100_100,weak_null,True,550,2311938656,-4.440892098500626e-16,0,0
100,100,0.04550937731471627,0.027811516091442445,0.040325315708599874,0.02188362188626769,0.017697861223273825,0.018441693822332184,0.0401331549261698,0.44097856886236236,0.45951268611346646,0.6592285121554451,0.6458660441395119,0.775,0.662,0.646,True,999,0.0001075830077752471,0.0008357909973710775,weak_2x2_bal_strong_100_100,weak_null,True,551,2311938656,-4.440892098500626e-16,0,0
100,100,0.044615464923190795,0.04663349849632514,0.039432372602675514,0.04037187854172686,-0.002018033573134348,-0.0009395059390513438,0.047046232784219995,-0.04289469004649457,-0.019969844203263563,0.9657854815855536,0.9840674286063936,0.971,0.962,0.982,True,999,0.00010750000365078449,0.0008490419713780284,weak_2x2_bal_strong_100_100,weak_null,True,552,2311938656,-4.440892098500626e-16,0,0
100,100,0.0394844185848664,0.004626699126478062,0.03428352832857229,-0.0016168678801307124,0.034857719458388337,0.035900396208703,0.029298697875440326,1.1897361311612373,1.2253239499355553,0.23415011960124643,0.22045318809132597,0.478,0.235,0.221,True,999,0.00010812492109835148,0.0008355410536751151,weak_2x2_bal_strong_100_100,weak_null,True,553,2311938656,-4.440892098500626e-16,0,0
100,100,0.08665527032110742,0.0731082511954878,0.08143613301552932,0.06737970176225616,0.01354701912561962,0.01405643125327316,0.058235916209447944,0.23262309597563796,0.24137048351259058,0.8160540912557857,0.8092679872847832,0.845,0.818,0.815,True,999,0.00011249992530792952,0.0008414580952376127,weak_2x2_bal_strong_100_100,weak_null,True,554,2311938656,-4.440892098500626e-16,0,0
100,100,0.05879803751602253,0.10729499331523723,0.05360461857233645,0.10086536567521165,-0.0484969557992147,-0.0472607471028752,0.061681783093582764,-0.7862443880008426,-0.7662026733431463,0.43172432587265885,0.4435557179501355,0.49,0.429,0.434,True,999,0.00011554197408258915,0.0008624580223113298,weak_2x2_bal_strong_100_100,weak_null,True,555,2311938656,-4.440892098500626e-16,0,0
100,100,0.11125010421168502,0.03161078068202461,0.1060093343844386,0.025641359589876345,0.07963932352966041,0.08036797479456226,0.053164903006385156,1.4979680019372112,1.5116734960451257,0.13414156416763107,0.1306169443303688,0.316,0.163,0.16,True,999,0.00012033304665237665,0.0008037500083446503,weak_2x2_bal_strong_100_100,weak_null,True,556,2311938656,-4.440892098500626e-16,0,0
100,100,0.04516710103441712,0.04597109916923242,0.039984297889105846,0.04034402628693812,-0.000803998134815298,-0.00035972839783227073,0.04480904547146639,-0.017942764152993836,-0.008028030814924175,0.9856845136362462,0.9935946269628083,0.993,0.993,0.996,True,999,0.00011108303442597389,0.0007972909370437264,weak_2x2_bal_strong_100_100,weak_null,True,557,2311938656,-4.440892098500626e-16,0,0
100,100,0.07385998717818298,0.07516190407912915,0.06865730333458941,0.06859516603633153,-0.001301916900946165,6.21372982578805e-05,0.05905954255243944,-0.02204414129672919,0.0010521127589619966,0.9824127444187574,0.9991605356282734,0.997,0.988,1.0,True,999,0.0001092089805752039,0.0008006250718608499,weak_2x2_bal_strong_100_100,weak_null,True,558,2311938656,-4.440892098500626e-16,0,0
100,100,0.15311152327895583,0.0537060577294155,0.14783792574615973,0.04814587075379961,0.09940546554954033,0.09969205499236011,0.062217402035258614,1.597711609578414,1.6023178681723902,0.1101071738214796,0.10908533641372836,0.193,0.116,0.116,True,999,0.0001087910495698452,0.000889332965016365,weak_2x2_bal_strong_100_100,weak_null,True,559,2311938656,-4.440892098500626e-16,0,0
100,100,0.05220314090689748,0.05676359474749987,0.04701571431220941,0.051052564310396065,-0.004560453840602385,-0.0040368499981866535,0.04938087446977219,-0.09235263428544593,-0.08174926105566953,0.9264178708970794,0.9348461047625551,0.937,0.932,0.933,True,999,0.0001145420828834176,0.000804250012151897,weak_2x2_bal_strong_100_100,weak_null,True,560,2311938656,-4.440892098500626e-16,0,0
100,100,0.041476872912890594,0.01694472958434637,0.03628839431986819,0.010460225615226193,0.024532143328544226,0.025828168704641996,0.03534572028398267,0.6940626228986839,0.7307297318353514,0.48764293738682507,0.4649442513254861,0.664,0.503,0.465,True,999,0.00011058407835662365,0.000814375001937151,weak_2x2_bal_strong_100_100,weak_null,True,561,2311938656,-4.440892098500626e-16,0,0
100,100,0.040267259181623105,0.14389469191014337,0.03508650452536699,0.13801051026077005,-0.10362743272852026,-0.10292400573540306,0.0633814025107908,-1.6349816921592655,-1.6238833736422928,0.10205288558079559,0.10440070164942725,0.117,0.102,0.106,True,999,0.00010983308311551809,0.0008165830513462424,weak_2x2_bal_strong_100_100,weak_null,True,562,2311938656,-4.440892098500626e-16,0,0
100,100,0.009637551926853005,0.03790646555682897,0.004474538807102135,0.032155864688334646,-0.028268913629975967,-0.02768132588123251,0.03417953227117886,-0.8270714006760446,-0.8098801838951488,0.40819659305931477,0.4180090419285384,0.579,0.413,0.421,True,999,0.0001087080454453826,0.0008197079878300428,weak_2x2_bal_strong_100_100,weak_null,True,563,2311938656,-4.440892098500626e-16,0,0
100,100,0.039534547637448014,0.04213341673780796,0.03435537000655131,0.036352756869959535,-0.0025988691003599462,-0.0019973868634082237,0.04317093295535123,-0.06019951208948346,-0.046266937651636704,0.9519967343080058,0.963097491008267,0.962,0.932,0.959,True,999,0.00011137500405311584,0.000826291972771287,weak_2x2_bal_strong_100_100,weak_null,True,564,2311938656,-4.440892098500626e-16,0,0
100,100,0.03405977333939536,0.03966916030556733,0.028880956446698747,0.03385839212969444,-0.00560938696617197,-0.00497743568299569,0.04097394979786347,-0.1369012993339603,-0.12147805392330596,0.8911088117877017,0.9033123963922653,0.918,0.887,0.9,True,999,0.00011470797471702099,0.0008350409334525466,weak_2x2_bal_strong_100_100,weak_null,True,565,2311938656,-4.440892098500626e-16,0,0
100,100,0.016379617868533147,0.0636724248294569,0.011206664908527841,0.053503385883168164,-0.04729280696092375,-0.04229672097464032,0.043859138702458486,-1.0782885473825503,-0.964376461233823,0.28090500640669136,0.3348572191165947,0.422,0.292,0.344,True,999,0.00011683302000164986,0.0008259160676971078,weak_2x2_bal_strong_100_100,weak_null,True,566,2311938656,-4.440892098500626e-16,0,0
100,100,0.05044176633985287,0.09789976646625886,0.04525119209999673,0.09201443332480608,-0.047458000126406,-0.04676324122480935,0.057370249978349795,-0.8272231713181579,-0.8151130811257875,0.40811058054693294,0.4150075845631721,0.41,0.376,0.384,True,999,0.0001230000052601099,0.0008502498967573047,weak_2x2_bal_strong_100_100,weak_null,True,567,2311938656,-4.440892098500626e-16,0,0
100,100,0.024202126171010474,0.038377093111564314,0.019032070034910475,0.03187606587162861,-0.01417496694055384,-0.012843995836718136,0.03889877604924774,-0.36440650272922837,-0.3301902306760761,0.7155544803437015,0.7412562280749031,0.813,0.744,0.745,True,999,0.00012874999083578587,0.0008596669649705291,weak_2x2_bal_strong_100_100,weak_null,True,568,2311938656,-4.440892098500626e-16,0,0
100,100,0.028899737350249977,0.03617656816955306,0.023727442927850007,0.030134603137639715,-0.007276830819303082,-0.0064071602097897085,0.039623063373356006,-0.1836513939050025,-0.16170279792395145,0.8542869422577913,0.8715399011165647,0.9,0.856,0.873,True,999,0.00011112494394183159,0.000800000037997961,weak_2x2_bal_strong_100_100,weak_null,True,569,2311938656,-4.440892098500626e-16,0,0
100,100,0.0679049242017109,0.07517918384789168,0.06270023609739894,0.06974146884591903,-0.007274259646180781,-0.007041232748520088,0.054173169192382506,-0.13427790462743763,-0.12997638597651368,0.8931828245523463,0.8965851094463894,0.91,0.895,0.903,True,999,0.00011000002268701792,0.0007911249995231628,weak_2x2_bal_strong_100_100,weak_null,True,570,2311938656,-4.440892098500626e-16,0,0
100,100,0.054762727353112384,0.05285251661877827,0.04956936738049933,0.04694417163658926,0.0019102107343341168,0.0026251957439100693,0.04971263905067448,0.038425051874372375,0.05280741063120952,0.969348787220927,0.9578853569114827,0.996,0.995,0.98,True,999,0.0001088329590857029,0.0008214579429477453,weak_2x2_bal_strong_100_100,weak_null,True,571,2311938656,-4.440892098500626e-16,0,0
100,100,0.09998735876338982,0.03617656816955306,0.09472999520299652,0.030134603137639715,0.06381079059383676,0.0645953920653568,0.05264829600359154,1.2120200545423871,1.2269227490468118,0.2255047040079624,0.21985162733529895,0.36,0.227,0.222,True,999,0.00010820804163813591,0.0008316249586641788,weak_2x2_bal_strong_100_100,weak_null,True,572,2311938656,-4.440892098500626e-16,0,0
100,100,0.034248622998069855,0.05480750881305835,0.02906604376374844,0.048786603171130594,-0.020558885814988492,-0.019720559407382154,0.04625335795405926,-0.44448417854133804,-0.42635951809097683,0.6566925651184309,0.6698458947254479,0.778,0.706,0.715,True,999,0.00011054100468754768,0.0008345840033143759,weak_2x2_bal_strong_100_100,weak_null,True,573,2311938656,-4.440892098500626e-16,0,0
100,100,0.04261013525279733,0.07726361864390252,0.037416979460175526,0.0717589012725881,-0.03465348339110519,-0.03434192181241258,0.05093618384429283,-0.6803313632021916,-0.6742146588247097,0.49629467006825545,0.500174851405149,0.545,0.505,0.506,True,999,0.00010941701475530863,0.0008381659863516688,weak_2x2_bal_strong_100_100,weak_null,True,574,2311938656,-4.440892098500626e-16,0,0
100,100,0.06134591428125835,0.051632984824524775,0.05614660762330459,0.04595492632088849,0.009712929456733577,0.0101916813024161,0.04958174134207325,0.19589730400395478,0.20555311343548582,0.8446905474797745,0.8371400053780268,0.874,0.821,0.821,True,999,0.00010858301538974047,0.0008282499620690942,weak_2x2_bal_strong_100_100,weak_null,True,575,2311938656,-4.440892098500626e-16,0,0
100,100,0.049077081234740305,0.017280605103665247,0.04388096116520046,0.011357349791218496,0.03179647613107506,0.032523611373981964,0.036744473886779865,0.8653403564587429,0.8851293251386978,0.38685200674165443,0.37608688476599206,0.559,0.375,0.366,True,999,0.00011095800437033176,0.0008670000825077295,weak_2x2_bal_strong_100_100,weak_null,True,576,2311938656,-4.440892098500626e-16,0,0
100,100,0.04606453410618794,0.03420932625418022,0.040880754384517104,0.028479173172186734,0.011855207852007721,0.01240158121233037,0.04178265766992113,0.28373513110780774,0.2968116894406679,0.7766133699296915,0.7666102805474786,0.84,0.78,0.76,True,999,0.00012204097583889961,0.0007966670673340559,weak_2x2_bal_strong_100_100,weak_null,True,577,2311938656,-4.440892098500626e-16,0,0
100,100,0.06151961630627867,0.04348535003939452,0.0563183443506432,0.03765412835063131,0.018034266266884147,0.01866421600001189,0.04781888356792254,0.3771369158225547,0.39031057622876125,0.7060718583916686,0.6963069035801521,0.749,0.678,0.669,True,999,0.00010850001126527786,0.0008227919461205602,weak_2x2_bal_strong_100_100,weak_null,True,578,2311938656,-4.440892098500626e-16,0,0
100,100,0.11721692541830431,0.06266501567668914,0.11197475715289329,0.05690298795410342,0.05455190974161517,0.055071769198789866,0.06073642431639714,0.8981745362129867,0.9067338062560595,0.36909250657902914,0.364547581576238,0.462,0.376,0.374,True,999,0.0001157920341938734,0.0007939159404486418,weak_2x2_bal_strong_100_100,weak_null,True,579,2311938656,-4.440892098500626e-16,0,0
100,100,0.040519994803512205,0.024105915469658235,0.03532418537929516,0.017553762352775948,0.01641407933385397,0.01777042302651921,0.03844863735725302,0.42690926030328064,0.4621860291536955,0.6694454204034945,0.6439479211239616,0.794,0.665,0.638,True,999,0.0001103340182453394,0.000800292007625103,weak_2x2_bal_strong_100_100,weak_null,True,580,2311938656,-4.440892098500626e-16,0,0
100,100,0.04675984915959008,0.04576271956597816,0.04157349155005363,0.04004961254575079,0.0009971295936119229,0.0015238790043028416,0.04480944224154189,0.02225266693204909,0.03400798867543336,0.9822464058379546,0.9728707803455248,0.988,0.988,0.979,True,999,0.0001094999024644494,0.0008047919254750013,weak_2x2_bal_strong_100_100,weak_null,True,581,2311938656,-4.440892098500626e-16,0,0
100,100,0.030361524740538548,0.060137751674788076,0.025175588912262015,0.05333182760661259,-0.029776226934249528,-0.028156238694350577,0.049185291821682825,-0.6053888435225872,-0.5724524070412894,0.5449206621342675,0.5670155200789493,0.608,0.544,0.556,True,999,0.00011087500024586916,0.0008308340329676867,weak_2x2_bal_strong_100_100,weak_null,True,582,2311938656,-4.440892098500626e-16,0,0
100,100,0.03848848195167354,0.04156845961362904,0.033308664659855935,0.035964040895656524,-0.003079977661955502,-0.0026553762358005883,0.04199116523213614,-0.07334823039391088,-0.06323654561908679,0.9415290127246613,0.9495781438059154,0.954,0.952,0.952,True,999,0.00011016696225851774,0.0008275409927591681,weak_2x2_bal_strong_100_100,weak_null,True,583,2311938656,-4.440892098500626e-16,0,0
100,100,0.020235695421700894,0.0599450194984637,0.015069268209344955,0.05387704993734843,-0.03970932407676281,-0.038807781728003476,0.04520244184794691,-0.8784774108075403,-0.8585328610906917,0.3796846911788547,0.3905982931467944,0.51,0.395,0.418,True,999,0.00011291599366813898,0.0008401249069720507,weak_2x2_bal_strong_100_100,weak_null,True,584,2311938656,-4.440892098500626e-16,0,0
100,100,0.028773846255094826,0.05676359474749987,0.023602024761970597,0.051052564310396065,-0.027989748492405042,-0.027450539548425468,0.044819427576731546,-0.6245003563351219,-0.6124696595339091,0.5322990363891696,0.5402270659150429,0.623,0.542,0.545,True,999,0.00011133297812193632,0.0008749159751459956,weak_2x2_bal_strong_100_100,weak_null,True,585,2311938656,-4.440892098500626e-16,0,0
100,100,0.09138291164981582,0.05480750881305835,0.08616474974454036,0.048786603171130594,0.036575402836757476,0.037378146573409765,0.05598279642983247,0.6533329016995468,0.6676720163534285,0.5135416856291559,0.5043429764993614,0.607,0.495,0.494,True,999,0.00011274998541921377,0.0008020000532269478,weak_2x2_bal_strong_100_100,weak_null,True,586,2311938656,-4.440892098500626e-16,0,0
100,100,0.0273108596740268,0.05540322221131888,0.022128113288459872,0.04980679876377536,-0.02809236253729208,-0.02767868547531549,0.0431520708852156,-0.6510084443459896,-0.6414219505001445,0.5150410358678881,0.5212485753162446,0.559,0.503,0.503,True,999,0.00010883400682359934,0.0008055840153247118,weak_2x2_bal_strong_100_100,weak_null,True,587,2311938656,-4.440892098500626e-16,0,0
100,100,0.07240159423691139,0.007661658529501125,0.06718579129380942,0.00766134607109592,0.06473993570741027,0.059524445222713496,0.03680451225330643,1.7590216998893713,1.6173137905764792,0.07857382287888943,0.10581056397758722,0.218,0.087,0.115,True,999,0.00010854203719645739,0.000816958025097847,weak_2x2_bal_strong_100_100,weak_null,True,588,2311938656,-4.440892098500626e-16,0,1
100,100,0.0770862753790208,0.06958485096707728,0.07187174842147215,0.06373666501704633,0.007501424411943514,0.008135083404425814,0.056866264563791416,0.13191343707003242,0.14305640553020751,0.8950527602650536,0.8862456340812536,0.915,0.893,0.882,True,999,0.00014300004113465548,0.0008117080433294177,weak_2x2_bal_strong_100_100,weak_null,True,589,2311938656,-4.440892098500626e-16,0,0
100,100,0.10146037741315572,0.006064953222124747,0.09623209796019694,-0.004109575518363329,0.09539542419103098,0.10034167347856027,0.044476179299144214,2.1448655368845166,2.2560767372500226,0.03196359940356363,0.0240658257268731,0.212,0.028,0.025,True,999,0.00011441693641245365,0.0008138340199366212,weak_2x2_bal_strong_100_100,weak_null,True,590,2311938656,-4.440892098500626e-16,0,0
100,100,0.056971381623922235,0.071734302124983,0.05177894383153614,0.06617525315998307,-0.014762920501060761,-0.014396309328446932,0.05270585179017593,-0.2801002165723937,-0.2731444202013698,0.7794006185517827,0.7847422021038549,0.813,0.779,0.779,True,999,0.00011058396194130182,0.0008030420867726207,weak_2x2_bal_strong_100_100,weak_null,True,591,2311938656,-4.440892098500626e-16,0,0
100,100,0.06821230451256755,0.09074799707028752,0.06299084482085959,0.08056936289855798,-0.022535692557719977,-0.01757851807769839,0.059297344344613166,-0.38004556201962897,-0.29644697029834693,0.7039115944037924,0.766888759295274,0.766,0.725,0.771,True,999,0.00010979198850691319,0.0007970000151544809,weak_2x2_bal_strong_100_100,weak_null,True,592,2311938656,-4.440892098500626e-16,0,0
100,100,0.02425333813372954,0.029492842442209344,0.019077303732160544,0.022582609109804253,-0.005239504308479803,-0.003505305377643708,0.03693788606800363,-0.14184634981097016,-0.09489729247608669,0.887201372329418,0.9243964071064996,0.927,0.911,0.93,True,999,0.00010979198850691319,0.0008371669100597501,weak_2x2_bal_strong_100_100,weak_null,True,593,2311938656,-4.440892098500626e-16,0,0
100,100,0.015090087403158647,0.02344021829979187,0.009924578542396034,0.0174958111396748,-0.008350130896633223,-0.007571232597278765,0.030003736071575037,-0.2783030378854711,-0.25234299419303335,0.7807797443074669,0.8007759585484501,0.869,0.783,0.787,True,999,0.00011179200373589993,0.0008579170098528266,weak_2x2_bal_strong_100_100,weak_null,True,594,2311938656,-4.440892098500626e-16,0,0
100,100,0.11859597340881778,0.01934235776639004,0.11333220963932433,0.013470472808727152,0.09925361564242774,0.09986173683059718,0.05092953686267399,1.9488419050433232,1.960782347184181,0.051314307645397815,0.04990441816222614,0.129,0.048,0.048,True,999,0.00011191691737622023,0.0008468750165775418,weak_2x2_bal_strong_100_100,weak_null,True,595,2311938656,-4.440892098500626e-16,0,0
100,100,0.10968995315980556,0.08817261697208723,0.10445839921948163,0.08185651593107934,0.02151733618771834,0.02260188328840229,0.06384707986556509,0.33701363058458955,0.35400026651167577,0.7361066248541706,0.7233386835053524,0.772,0.714,0.713,True,999,0.00011337490286678076,0.0008251669351011515,weak_2x2_bal_strong_100_100,weak_null,True,596,2311938656,-4.440892098500626e-16,0,0
100,100,0.06481048057679772,0.12782477980968943,0.05961241050464139,0.12193740657557584,-0.0630142992328917,-0.062324996070934446,0.06489496902997999,-0.9710197905138154,-0.9603979630861944,0.33153842355491014,0.33685496287678884,0.372,0.35,0.353,True,999,0.00011887506116181612,0.0008342920336872339,weak_2x2_bal_strong_100_100,weak_null,True,597,2311938656,-4.440892098500626e-16,0,0
100,100,0.03895131231666282,0.020109266173508444,0.03376976820115374,0.013683276698138513,0.01884204614315438,0.020086491503015225,0.0362889017879543,0.5192233772532844,0.5535161030880994,0.6036049787783615,0.5799100570354554,0.769,0.622,0.602,True,999,0.00011629203800112009,0.0008477499941363931,weak_2x2_bal_strong_100_100,weak_null,True,598,2311938656,-4.440892098500626e-16,0,0
100,100,0.05597128685976205,0.009972799093517393,0.050773277491245494,0.003694286584455142,0.045998487766244656,0.04707899090679035,0.03620609091099858,1.270462693123034,1.3003058248547024,0.203919863727254,0.19349617245684358,0.421,0.21,0.188,True,999,0.00011962489224970341,0.0008640410378575325,weak_2x2_bal_strong_100_100,weak_null,True,599,2311938656,-4.440892098500626e-16,0,0
100,100,0.11062672198880275,0.00895526007381331,0.1053922257060691,0.002666356217275734,0.10167146191498944,0.10272586948879336,0.04669716762631647,2.177251149975355,2.199830840080793,0.029461833796526584,0.027818899018974712,0.14,0.023,0.022,True,999,0.00012075004633516073,0.0008069579489529133,weak_2x2_bal_strong_100_100,weak_null,True,600,2311938656,-4.440892098500626e-16,0,0
100,100,0.060244385944802636,0.08851570136629522,0.05504804486290027,0.08257872818498413,-0.028271315421492582,-0.02753068332208386,0.05781774291467736,-0.4889730037233216,-0.47616323180777503,0.6248608095669443,0.6339580918514078,0.685,0.628,0.639,True,999,0.00010891607962548733,0.0007974999025464058,weak_2x2_bal_strong_100_100,weak_null,True,601,2311938656,-4.440892098500626e-16,0,0
100,100,0.06675800233781137,0.055131043953620784,0.06155777012068597,0.04874256080748296,0.011626958384190589,0.012815209313203013,0.05181761780276723,0.22438234093365966,0.24731374880993928,0.8224598102895953,0.8046654192125502,0.869,0.838,0.807,True,999,0.00011141702998429537,0.0008177090203389525,weak_2x2_bal_strong_100_100,weak_null,True,602,2311938656,-4.440892098500626e-16,0,0
100,100,0.05899469949768721,0.08584246853916994,0.053803043506206905,0.08019040491035412,-0.026847769041482727,-0.026387361404147214,0.05632658494054898,-0.4766447152764497,-0.46847081945405145,0.6336151365354297,0.6394479338755034,0.698,0.633,0.637,True,999,0.0001484589884057641,0.0008004170376807451,weak_2x2_bal_strong_100_100,weak_null,True,603,2311938656,-4.440892098500626e-16,0,0
100,100,0.11703596008802852,0.06642171978559502,0.11177094737094251,0.06048981284744315,0.0506142403024335,0.05128113452349936,0.06108051267252662,0.8286479285757413,0.8395662099045393,0.40730365878365715,0.4011516515684176,0.506,0.403,0.395,True,999,0.00011054100468754768,0.00080091692507267,weak_2x2_bal_strong_100_100,weak_null,True,604,2311938656,-4.440892098500626e-16,0,0
100,100,0.02164980322274923,0.08611093055897595,0.016477079796672456,0.08029327477231618,-0.06446112733622672,-0.06381619497564373,0.0509576236599643,-1.2649947683269163,-1.2523385195801815,0.2058732032853594,0.21044653853029804,0.209,0.191,0.191,True,999,0.00010858406312763691,0.0008135419338941574,weak_2x2_bal_strong_100_100,weak_null,True,605,2311938656,-4.440892098500626e-16,0,0
100,100,0.04568210956654628,0.018974299901215075,0.04048031425500653,0.012476194445909528,0.026707809665331206,0.028004119809097006,0.03723974490997402,0.71718562331446,0.7519954789377891,0.4732595689238738,0.4520537776279989,0.643,0.461,0.444,True,999,0.00010854098945856094,0.0008138329721987247,weak_2x2_bal_strong_100_100,weak_null,True,606,2311938656,-4.440892098500626e-16,0,0
100,100,0.05480756465785164,0.04213341673780796,0.04960896595511599,0.036352756869959535,0.012674147920043677,0.013256209085156456,0.04620397657062116,0.2743085955095593,0.28690623771083434,0.7838474795093779,0.7741841141933603,0.846,0.77,0.765,True,999,0.00011408410500735044,0.0008054999634623528,weak_2x2_bal_strong_100_100,weak_null,True,607,2311938656,-4.440892098500626e-16,0,0
100,100,0.01109224996097824,0.021786221343680856,0.005925643749378651,0.01590197713895236,-0.010693971382702616,-0.00997633338957371,0.027885942360081486,-0.38348968970153774,-0.3577549311675676,0.701356713461438,0.7205267208964554,0.809,0.72,0.743,True,999,0.00011795898899435997,0.0008180839940905571,weak_2x2_bal_strong_100_100,weak_null,True,608,2311938656,-4.440892098500626e-16,0,0
100,100,0.04331659638706187,0.008053899458767777,0.03812216899542875,-0.0022076888296354014,0.03526269692829409,0.04032985782506415,0.03264415793468643,1.0802146282604919,1.2354387546388872,0.2800466157882827,0.21666725695139366,0.539,0.289,0.235,True,999,0.00011599995195865631,0.0008357500191777945,weak_2x2_bal_strong_100_100,weak_null,True,609,2311938656,-4.440892098500626e-16,0,0
100,100,0.15511808079546507,0.0710191615849523,0.14982886691294084,0.06536964335560214,0.08409891921051277,0.0844592235573387,0.0651124163446187,1.2915957344510873,1.2971293080312623,0.1964971820218,0.19458669887847935,0.255,0.189,0.189,True,999,0.00011591706424951553,0.0008239999879151583,weak_2x2_bal_strong_100_100,weak_null,True,610,2311938656,-4.440892098500626e-16,0,0
100,100,0.02988796993550691,0.024105915469658235,0.024707448590191916,0.017553762352775948,0.005782054465848674,0.007153686237415968,0.035803847390116016,0.16149254583865932,0.19980216537820486,0.8717054818611847,0.8416353077487296,0.916,0.889,0.849,True,999,0.00011416594497859478,0.0008642500033602118,weak_2x2_bal_strong_100_100,weak_null,True,611,2311938656,-4.440892098500626e-16,0,0
100,100,0.02440927043779595,0.0525221159235808,0.019240497564368297,0.046113385312644084,-0.028112845485784854,-0.026872887748275787,0.0452134103908343,-0.6217811318095995,-0.5943565750953279,0.5340857947459369,0.552273646295531,0.653,0.525,0.556,True,999,0.00011437491048127413,0.0008347500115633011,weak_2x2_bal_strong_100_100,weak_null,True,612,2311938656,-4.440892098500626e-16,0,0
100,100,0.1316828228546948,0.09555748124152108,0.1264284901223789,0.08956658658833305,0.03612534161317371,0.03686190353404584,0.06847957004844404,0.5275345856817998,0.5382905223845428,0.5978224054544532,0.5903764934738553,0.666,0.609,0.593,True,999,0.0001140419626608491,0.0008370409486815333,weak_2x2_bal_strong_100_100,weak_null,True,613,2311938656,-4.440892098500626e-16,0,0
100,100,0.037779001082543395,0.1127353214084556,0.03256933594342115,0.10675693729310609,-0.0749563203259122,-0.07418760134968494,0.05875410549421324,-1.2757631095803976,-1.2626794455579238,0.2020392718819719,0.20670440378939225,0.28,0.234,0.235,True,999,0.00011695793364197016,0.0008407910354435444,weak_2x2_bal_strong_100_100,weak_null,True,614,2311938656,-4.440892098500626e-16,0,0
100,100,0.05879172279147726,0.03226235851910819,0.053599990936902486,0.026261925525176366,0.02652936427236907,0.02733806541172612,0.04456424313833603,0.5953060661215943,0.6134529274257723,0.551638901797706,0.539576898782805,0.672,0.547,0.536,True,999,0.00011029199231415987,0.0008436250500380993,weak_2x2_bal_strong_100_100,weak_null,True,615,2311938656,-4.440892098500626e-16,0,0
100,100,0.05843150385723794,0.08841486592047892,0.05322908995459841,0.081968322404677,-0.02998336206324098,-0.02873923245007859,0.058576642673351303,-0.5118654927091192,-0.49062614616445294,0.608745150173559,0.6236908903098414,0.675,0.627,0.637,True,999,0.00010833400301635265,0.0008455000352114439,weak_2x2_bal_strong_100_100,weak_null,True,616,2311938656,-4.440892098500626e-16,0,0
100,100,0.0679049242017109,0.03435082088740771,0.06270023609739894,0.028229417306931737,0.033554103314303196,0.034470818790467206,0.04687328608959402,0.7158470445227071,0.7354043564297876,0.47408580001817835,0.4620932694877865,0.606,0.477,0.463,True,999,0.0001082499511539936,0.0008431250462308526,weak_2x2_bal_strong_100_100,weak_null,True,617,2311938656,-4.440892098500626e-16,0,0
100,100,0.03848848195167354,0.05191538329304951,0.033308664659855935,0.04164075369823195,-0.013426901341375974,-0.008332089038376012,0.04662256126464279,-0.2879914997625527,-0.17871367021388482,0.7733532453642139,0.858162534716133,0.809,0.764,0.843,True,999,0.00010900001507252455,0.0008517499081790447,weak_2x2_bal_strong_100_100,weak_null,True,618,2311938656,-4.440892098500626e-16,0,0
100,100,0.020269760935362147,0.04888536556537276,0.01510183178302782,0.043433394257235136,-0.028615604630010616,-0.028331562474207317,0.03902979912141161,-0.7331732490089142,-0.7258956774559653,0.4634527689538861,0.467902726594669,0.581,0.476,0.476,True,999,0.00011116696987301111,0.0008355419849976897,weak_2x2_bal_strong_100_100,weak_null,True,619,2311938656,-4.440892098500626e-16,0,0
100,100,0.09162019972020741,0.1127353214084556,0.08640208299541996,0.10675693729310609,-0.021115121688248195,-0.02035485429768613,0.06629802805798816,-0.31848792953207694,-0.3070205086625288,0.7501148492029444,0.7588277619610111,0.766,0.742,0.751,True,999,0.00011324998922646046,0.000867667025886476,weak_2x2_bal_strong_100_100,weak_null,True,620,2311938656,-4.440892098500626e-16,0,0
100,100,0.08368073881203542,0.04213341673780796,0.07846208068889382,0.036352756869959535,0.041547322074227455,0.042109323818934286,0.051286862288061896,0.8100967815279757,0.8210547875286206,0.41788455392161283,0.4116150616581743,0.523,0.416,0.411,True,999,0.00011920800898224115,0.0008050830801948905,weak_2x2_bal_strong_100_100,weak_null,True,621,2311938656,-4.440892098500626e-16,0,0
100,100,0.05899469949768721,0.029660227365619907,0.05380304350626375,0.023977110527795276,0.029334472132067302,0.029825932978468472,0.04301455782856224,0.6819661438572041,0.693391597731679,0.4952603591610495,0.4880638337473334,0.643,0.531,0.524,True,999,0.00011112506035715342,0.000820541987195611,weak_2x2_bal_strong_100_100,weak_null,True,622,2311938656,-4.440892098500626e-16,0,0
100,100,0.060244385944802414,0.0823181016739924,0.05504804486290027,0.07641632462659231,-0.02207371572918998,-0.021368279763692044,0.056238876638835304,-0.3924992291532927,-0.37995566484939974,0.6946893807996981,0.7039783257551657,0.735,0.691,0.702,True,999,0.00010891701094806194,0.000795540981926024,weak_2x2_bal_strong_100_100,weak_null,True,623,2311938656,-4.440892098500626e-16,0,0
100,100,0.015930489453407692,0.01135138982438566,0.010766178151556005,0.005556132879405595,0.004579099629022032,0.00521004527215041,0.024157523429939712,0.18955169979663183,0.21566967687148433,0.8496604388732555,0.8292452393087657,0.94,0.874,0.854,True,999,0.00010887498501688242,0.0008085420122370124,weak_2x2_bal_strong_100_100,weak_null,True,624,2311938656,-4.440892098500626e-16,0,0
100,100,0.02797587320180761,0.07792438230488541,0.022802804366975238,0.07190848403553929,-0.0499485091030778,-0.04910567966856405,0.05099081498604393,-0.9795589483468462,-0.9630299041504664,0.32730387717354226,0.3355325164143568,0.397,0.331,0.338,True,999,0.00011074997019022703,0.0008380420040339231,weak_2x2_bal_strong_100_100,weak_null,True,625,2311938656,-4.440892098500626e-16,0,0
100,100,0.10133752297070897,0.08507544434535969,0.09610922447077996,0.07897337736365273,0.016262078625349285,0.017135847107127233,0.06393074673243924,0.2543702280439297,0.26803764984700695,0.7992095492488412,0.7886703383115656,0.851,0.813,0.806,True,999,0.00011020805686712265,0.0008377080084756017,weak_2x2_bal_strong_100_100,weak_null,True,626,2311938656,-4.440892098500626e-16,0,0
100,100,0.030158778252023177,0.01934235776639015,0.02498277325113918,0.013470472808727152,0.010816420485633027,0.011512300442412027,0.0327238595769078,0.33053620891546165,0.3518014253592475,0.7409948378002776,0.7249871895332953,0.851,0.747,0.733,True,999,0.00010845798533409834,0.0008399999933317304,weak_2x2_bal_strong_100_100,weak_null,True,627,2311938656,-4.440892098500626e-16,0,0
100,100,0.07224581843876288,0.06470628377506549,0.06703649716345694,0.059086544568671684,0.007539534663697389,0.007949952594785259,0.05413699011297143,0.1392677104501768,0.14684881036414363,0.8892386045187892,0.8832513571710278,0.904,0.874,0.87,True,999,0.0001082499511539936,0.0008310420671477914,weak_2x2_bal_strong_100_100,weak_null,True,628,2311938656,-4.440892098500626e-16,0,0
100,100,0.07556761288570846,0.07726361864390252,0.0703592093314569,0.0717589012725881,-0.0016960057581940635,-0.0013996919411312092,0.05628541209059358,-0.03013224377684711,-0.02486775683330434,0.9759615855846738,0.980160445596343,0.976,0.973,0.983,True,999,0.00011137500405311584,0.0008650419767946005,weak_2x2_bal_strong_100_100,weak_null,True,629,2311938656,-4.440892098500626e-16,0,0
100,100,0.04369398753071907,0.0791868004566122,0.03849997720101328,0.07342306061593717,-0.035492812925893125,-0.034923083414923894,0.05297393632809415,-0.67000520229549,-0.6592502999706823,0.5028544738668439,0.5097350515488295,0.57,0.503,0.503,True,999,0.00011158303823322058,0.0008453330956399441,weak_2x2_bal_strong_100_100,weak_null,True,630,2311938656,-4.440892098500626e-16,0,0
100,100,0.09208111072952418,0.09454061472270575,0.08685799581469666,0.08879554201865858,-0.0024595039931815665,-0.0019375462039619151,0.0627986596494258,-0.039164912227614,-0.030853305066991684,0.96875890814737,0.9753865293348042,0.968,0.965,0.968,True,999,0.00011433300096541643,0.0008373750606551766,weak_2x2_bal_strong_100_100,weak_null,True,631,2311938656,-4.440892098500626e-16,0,0
100,100,0.0742358884664911,0.07627174240931281,0.06902712915848497,0.06603755964470537,-0.0020358539428217137,0.0029895695137795997,0.05839279305878298,-0.0348648152653403,0.05119757691278877,0.9721875368966808,0.9591680826578917,0.975,0.972,0.955,True,999,0.00011387502308934927,0.0008483750279992819,weak_2x2_bal_strong_100_100,weak_null,True,632,2311938656,-4.440892098500626e-16,0,0
100,100,0.052261794041927656,0.14453186971203985,0.04706800928239829,0.1343653489103218,-0.0922700756701122,-0.08729733962792352,0.06400180381416166,-1.4416792991964957,-1.3639824883905423,0.1493928660668678,0.17257307716864956,0.181,0.164,0.182,True,999,0.0001152919139713049,0.0008478750241920352,weak_2x2_bal_strong_100_100,weak_null,True,633,2311938656,-4.440892098500626e-16,0,0
100,100,0.07916172079330519,0.03161078068202461,0.07393844187591014,0.025641359589876345,0.04755094011128058,0.0482970822860338,0.048000500910995184,0.9906342477436184,1.0061787141677656,0.32186420829266493,0.31432960951415456,0.525,0.365,0.355,True,999,0.00011683302000164986,0.0008547499310225248,weak_2x2_bal_strong_100_100,weak_null,True,634,2311938656,-4.440892098500626e-16,0,0
100,100,0.1301314598559593,0.009972799093517393,0.12485577959621708,0.003694286584455142,0.12015866076244192,0.12116149301176193,0.049964711938540934,2.4048704795945386,2.4249412897806066,0.01617819850548836,0.015310862598233485,0.08,0.022,0.021,True,999,0.00011625001206994057,0.00086041702888906,weak_2x2_bal_strong_100_100,weak_null,True,635,2311938656,-4.440892098500626e-16,0,0
100,100,0.06675800233781137,0.07678808679263499,0.06155777012068597,0.07091070215225415,-0.010030084454823618,-0.009352932031568173,0.05583121566042015,-0.17965011752259125,-0.16752155440166513,0.8574272566178335,0.8669596892054561,0.908,0.872,0.875,True,999,0.00011591706424951553,0.0008390420116484165,weak_2x2_bal_strong_100_100,weak_null,True,636,2311938656,-4.440892098500626e-16,0,0
100,100,0.03448819381301116,0.12272422711344019,0.02931219336318236,0.1225803826465679,-0.08823603330042903,-0.09326818928338554,0.05620513119561817,-1.5698928447178508,-1.6594248122786492,0.11644004252073165,0.09703021987437938,0.178,0.127,0.099,True,999,0.0001152919139713049,0.0008829999715089798,weak_2x2_bal_strong_100_100,weak_null,True,637,2311938656,-4.440892098500626e-16,0,1
100,100,0.040003196167557986,0.011631171464202505,0.034822286739995434,0.005282268037987592,0.02837202470335548,0.029540018702007842,0.03262925500058164,0.8695271989155048,0.9053231126938469,0.3845588378722754,0.36529423535716354,0.604,0.369,0.357,True,999,0.00012504099868237972,0.0008094999939203262,weak_2x2_bal_strong_100_100,weak_null,True,638,2311938656,-4.440892098500626e-16,0,0
100,100,0.05075125708135153,0.1175901336135336,0.045563182125860635,0.1112236299099365,-0.06683887653218207,-0.06566044778407587,0.061304198497222254,-1.0902822020454372,-1.0710595586214378,0.27558885274898515,0.2841426506628265,0.318,0.286,0.297,True,999,0.00011037499643862247,0.0007987089920789003,weak_2x2_bal_strong_100_100,weak_null,True,639,2311938656,-4.440892098500626e-16,0,0
100,100,0.09208111072952418,0.03765761946926666,0.08685799581469666,0.03206948613134131,0.05442349126025753,0.05478850968335536,0.050780533516042246,1.0717392569943052,1.0789274135146087,0.28383716298751205,0.2806200871019767,0.421,0.298,0.296,True,999,0.00010950001887977123,0.0007994590559974313,weak_2x2_bal_strong_100_100,weak_null,True,640,2311938656,-4.440892098500626e-16,0,0
100,100,0.13759769897074503,0.004681873578831541,0.13230310939260903,-0.005538204257170776,0.1329158253919135,0.1378413136497798,0.04943184478753307,2.688870422765113,2.7885124304433,0.007169424280311339,0.005295071535587481,0.089,0.008,0.007,True,999,0.00010854192078113556,0.0008292910642921925,weak_2x2_bal_strong_100_100,weak_null,True,641,2311938656,-4.440892098500626e-16,0,0
100,100,0.07092426229439153,0.010495464909108077,0.06571454660208076,0.004197114739547203,0.06042879738528345,0.061517431862533556,0.039824489736448455,1.5173778191557687,1.5447136239445933,0.12917132078822466,0.12241554800408105,0.387,0.145,0.134,True,999,0.0001092089805752039,0.0008239999879151583,weak_2x2_bal_strong_100_100,weak_null,True,642,2311938656,-4.440892098500626e-16,0,0
100,100,0.06795564700210799,0.026603492187988742,0.06275118149572734,0.01972671243891,0.041352154814119246,0.04302446905681734,0.045308449840868834,0.9126808566471644,0.9495904010825081,0.3614104149543004,0.34232041773803334,0.556,0.396,0.366,True,999,0.00010945799294859171,0.0008499999530613422,weak_2x2_bal_strong_100_100,weak_null,True,643,2311938656,-4.440892098500626e-16,0,0
100,100,0.005099796201999962,0.03966916030556733,-5.788032095210838e-05,0.03385839212969444,-0.03456936410356737,-0.033916272450646545,0.033505607768550244,-1.0317486058562295,-1.0122565955207583,0.30218990102272525,0.3114153822009489,0.465,0.303,0.312,True,999,0.00011349993292242289,0.0008302089991047978,weak_2x2_bal_strong_100_100,weak_null,True,644,2311938656,-4.440892098500626e-16,0,0
100,100,0.02534940484382453,0.05098122424948892,0.020174843777112983,0.04532118537139951,-0.02563181940566439,-0.025146341594286525,0.042184981040535696,-0.607605331884224,-0.5960970225427699,0.5434492636716677,0.5511104131427946,0.677,0.578,0.587,True,999,0.00011262507177889347,0.0008275000145658851,weak_2x2_bal_strong_100_100,weak_null,True,645,2311938656,-4.440892098500626e-16,0,0
100,100,0.1152058380562816,0.012719472226070477,0.10995817949648767,0.002147787188381045,0.10248636583021112,0.10781039230810663,0.0493867703078243,2.0751785385320956,2.182981224245521,0.03796999090614943,0.029037192731929184,0.16,0.043,0.032,True,999,0.00011437491048127413,0.0008655830752104521,weak_2x2_bal_strong_100_100,weak_null,True,646,2311938656,-4.440892098500626e-16,0,0
100,100,0.060244385944802414,0.028642845082337942,0.05504804486290027,0.02255135771350325,0.03160154086246447,0.03249668714939702,0.04335502187540121,0.7289015088790571,0.7495483970182242,0.46606191175170575,0.45352673993592296,0.622,0.467,0.447,True,999,0.00011554197408258915,0.0008359591010957956,weak_2x2_bal_strong_100_100,weak_null,True,647,2311938656,-4.440892098500626e-16,0,0
100,100,0.05326063896886857,0.08611093055897595,0.0480469400732062,0.08029327477231618,-0.03285029159010738,-0.03224633469910998,0.05626656000537454,-0.5838333032438725,-0.5730994518952257,0.5593324697086557,0.5665773583348107,0.629,0.567,0.578,True,999,0.00013954192399978638,0.0008335000602528453,weak_2x2_bal_strong_100_100,weak_null,True,648,2311938656,-4.440892098500626e-16,0,0
100,100,0.04926812657257684,0.059181165150533566,0.04407209487204966,0.05277221763162743,-0.009913038577956723,-0.008700122759577766,0.05006947800318161,-0.19798565859477923,-0.17376100384000262,0.8430562844148076,0.8620532925343029,0.852,0.814,0.84,True,999,0.00011195801198482513,0.0008125840686261654,weak_2x2_bal_strong_100_100,weak_null,True,649,2311938656,-4.440892098500626e-16,0,0
100,100,0.018120543154035773,0.001901053344119663,0.012949046745703185,-0.008192911315482831,0.01621948980991611,0.021141958061186017,0.01998400340873124,0.8116236510863298,1.057944078009357,0.417007615875429,0.2900809382081646,0.758,0.44,0.312,True,999,0.00011033297050744295,0.000804958981461823,weak_2x2_bal_strong_100_100,weak_null,True,650,2311938656,-4.440892098500626e-16,0,0
100,100,0.0770862753790208,0.002964762608045013,0.07187174842147215,0.002964649818729015,0.07412151277097578,0.06890709860274313,0.03763301462639982,1.9695874355752256,1.83102786972597,0.04888567278841344,0.06709638337533383,0.247,0.05,0.067,True,999,0.0001105419360101223,0.0008090829942375422,weak_2x2_bal_strong_100_100,weak_null,True,651,2311938656,-4.440892098500626e-16,0,1
100,100,0.0318593585050313,0.01934235776639015,0.02666709339911222,0.013470472808727152,0.012517000738641149,0.013196620590385066,0.033172860918636415,0.37732653717572895,0.3978137617600309,0.7059309533832703,0.6907674723069264,0.78,0.699,0.687,True,999,0.00010966695845127106,0.0008181249722838402,weak_2x2_bal_strong_100_100,weak_null,True,652,2311938656,-4.440892098500626e-16,0,0
100,100,0.02426508867076016,0.005660980874180266,0.019096178238214634,-0.0005876796471042667,0.018604107796579894,0.0196838578853189,0.024645729753982402,0.7548613079137465,0.7986721465262463,0.4503322036401348,0.42448054158068793,0.727,0.476,0.466,True,999,0.00010900001507252455,0.0008220409508794546,weak_2x2_bal_strong_100_100,weak_null,True,653,2311938656,-4.440892098500626e-16,0,0
100,100,0.016173411198517784,0.0635657802650259,0.011009431570727202,0.057768597126361954,-0.04739236906650812,-0.04675916555563475,0.044262062495681855,-1.0707221126700017,-1.0564163285476476,0.28429439701795245,0.2907780492131137,0.388,0.273,0.284,True,999,0.00010858394671231508,0.0008218749426305294,weak_2x2_bal_strong_100_100,weak_null,True,654,2311938656,-4.440892098500626e-16,0,0
100,100,0.052772083710488804,0.02660894557669552,0.047582552563653735,0.021075141579871115,0.026163138133793284,0.02650741098378262,0.040271764781547696,0.649664554700148,0.6582132947878204,0.5159089243517452,0.5104010830961094,0.634,0.503,0.503,True,999,0.0001118748914450407,0.0008458750089630485,weak_2x2_bal_strong_100_100,weak_null,True,655,2311938656,-4.440892098500626e-16,0,0
100,100,0.1203303443227377,0.11351588750261832,0.11508851752918758,0.10772581617769816,0.006814456820119386,0.00736270135148942,0.06692038682364282,0.10182931007374055,0.1100217990504531,0.9188921604951489,0.9123920867210349,0.92,0.911,0.911,True,999,0.00011204206384718418,0.0007984169060364366,weak_2x2_bal_strong_100_100,weak_null,True,656,2311938656,-4.440892098500626e-16,0,0
100,100,0.018120543154035773,0.033236881825550346,0.012949046745703185,0.02753332313884016,-0.015116338671514573,-0.014584276393136975,0.0346164443436758,-0.43668085957754443,-0.4213106420850941,0.6623428122031741,0.6735282601860444,0.754,0.655,0.673,True,999,0.00010954099707305431,0.0008057089289650321,weak_2x2_bal_strong_100_100,weak_null,True,657,2311938656,-4.440892098500626e-16,0,0
100,100,0.07341972240158146,0.018339938647362664,0.06821691751432013,0.012497204743269208,0.05507978375421879,0.05571971277105092,0.042665108444654674,1.2909795793831973,1.305978463486873,0.1967107585932616,0.19155988155609172,0.388,0.195,0.188,True,999,0.00011537503451108932,0.0008407499408349395,weak_2x2_bal_strong_100_100,weak_null,True,658,2311938656,-4.440892098500626e-16,0,0
100,100,0.0666918388648412,0.07178902991261055,0.06148491055066074,0.06582413978862434,-0.005097191047769345,-0.004339229237963593,0.05585692760786842,-0.09125441133377549,-0.07768471027311458,0.9272904412705572,0.9380788567816466,0.949,0.93,0.931,True,999,0.00011637492571026087,0.0008033750345930457,weak_2x2_bal_strong_100_100,weak_null,True,659,2311938656,-4.440892098500626e-16,0,0
100,100,0.05879172279147726,0.027467817504756853,0.053599990936902486,0.020855634370697373,0.03132390528672041,0.03274435656620511,0.04395575946708388,0.7126234574601585,0.7449389332181966,0.4760787923077693,0.45630863743011985,0.635,0.476,0.452,True,999,0.00011137500405311584,0.0008112500654533505,weak_2x2_bal_strong_100_100,weak_null,True,660,2311938656,-4.440892098500626e-16,0,0
100,100,0.001819330072530767,0.008215637095704553,-0.003338129838184045,0.002432442556738579,-0.006396307023173786,-0.005770572394922624,0.015025180770241649,-0.4257058281682767,-0.38406009772285865,0.6703222146925536,0.7009339051199757,0.839,0.649,0.688,True,999,0.00011029199231415987,0.000819082953967154,weak_2x2_bal_strong_100_100,weak_null,True,661,2311938656,-4.440892098500626e-16,0,0
100,100,0.07385998717818298,0.008292105299596897,0.06865730333458941,0.0020271782656919868,0.06556788187858609,0.06663012506889743,0.03963572249972961,1.6542623104456688,1.6810624574675526,0.09807422730324539,0.09275078359667181,0.28,0.107,0.101,True,999,0.00010920804925262928,0.0008275420404970646,weak_2x2_bal_strong_100_100,weak_null,True,662,2311938656,-4.440892098500626e-16,0,0
100,100,0.09253298144142263,0.032964636798996416,0.08727877511817894,0.025994368951543834,0.05956834464242622,0.06128440616663511,0.051642863185399165,1.1534671195238415,1.18669652274357,0.24871870590535727,0.23534734712068472,0.401,0.255,0.242,True,999,0.000108166947029531,0.0008486250881105661,weak_2x2_bal_strong_100_100,weak_null,True,663,2311938656,-4.440892098500626e-16,0,0
100,100,0.09208111072952418,0.000693625467374781,0.08685799581469666,-0.00937394195419472,0.0913874852621494,0.09623193776889138,0.040980066885894985,2.23004724508159,2.348262096224486,0.025744306543447254,0.01886124394059478,0.175,0.029,0.019,True,999,0.00013758393470197916,0.000817999942228198,weak_2x2_bal_strong_100_100,weak_null,True,664,2311938656,-4.440892098500626e-16,0,0
100,100,0.09138291164981582,0.05098122424948892,0.08616474974454036,0.04532118537139951,0.0404016874003269,0.04084356437314085,0.05423889984307198,0.7448839765780662,0.7530308411732629,0.45634186256361586,0.4514313812021058,0.573,0.468,0.466,True,999,0.00011020805686712265,0.0007956669433042407,weak_2x2_bal_strong_100_100,weak_null,True,665,2311938656,-4.440892098500626e-16,0,0
100,100,0.05113387979598527,0.0731082511954878,0.04593024971897819,0.06737970176225616,-0.021974371399502535,-0.021449452043277972,0.052583904998159764,-0.41789158489221284,-0.40790907491614825,0.676026385402885,0.6833404300293864,0.74,0.693,0.702,True,999,0.0001088329590857029,0.0007997920038178563,weak_2x2_bal_strong_100_100,weak_null,True,666,2311938656,-4.440892098500626e-16,0,0
100,100,0.015090087403158647,0.033236881825550346,0.0099245785424813,0.02753332313884016,-0.0181467944223917,-0.01760874459635886,0.03378100972559133,-0.5371892246502126,-0.5212616419520191,0.5911369135767652,0.6021845181649085,0.669,0.628,0.648,True,999,0.00010862504132091999,0.0008066670270636678,weak_2x2_bal_strong_100_100,weak_null,True,667,2311938656,-4.440892098500626e-16,0,0
100,100,0.044955804955724266,0.13707159790581014,0.03977145582517494,0.13138515525652394,-0.09211579295008587,-0.091613699431349,0.06209162789879516,-1.4835461086674668,-1.4754597766493203,0.13792937546983913,0.14008897464880957,0.171,0.143,0.143,True,999,0.00010854192078113556,0.0008074160432443023,weak_2x2_bal_strong_100_100,weak_null,True,668,2311938656,-4.440892098500626e-16,0,0
100,100,0.028899737350249977,0.05676359474749987,0.023727442927850007,0.051052564310396065,-0.02786385739724989,-0.027325121382546058,0.04484466711609549,-0.6213416040109058,-0.6093282242859736,0.5343748854059038,0.5423069026791186,0.637,0.563,0.571,True,999,0.00011020805686712265,0.0008240410825237632,weak_2x2_bal_strong_100_100,weak_null,True,669,2311938656,-4.440892098500626e-16,0,0
100,100,0.031160597538534285,0.07172951395150579,0.02598106850089721,0.0659224328803063,-0.0405689164129715,-0.039941364379409094,0.047146053045531565,-0.860494437865071,-0.8471836304268249,0.38951654825796556,0.3968927762332918,0.503,0.422,0.434,True,999,0.00010862492490559816,0.0008284999057650566,weak_2x2_bal_strong_100_100,weak_null,True,670,2311938656,-4.440892098500626e-16,0,0
100,100,0.07236826439092225,0.027811516091442445,0.06716313805952723,0.02188362188626769,0.04455674829947981,0.04527951617325954,0.04566518261728026,0.9757269268560638,0.9915544749431313,0.32919980480096966,0.3214149063114018,0.529,0.343,0.332,True,999,0.00010820908937603235,0.0008325419621542096,weak_2x2_bal_strong_100_100,weak_null,True,671,2311938656,-4.440892098500626e-16,0,0
100,100,0.03498303852554674,0.020105461076893205,0.029743877946046382,0.01327235365285162,0.014877577448653534,0.01647152429319476,0.03467492925448031,0.42905862444495735,0.4750269040870932,0.6678805618903033,0.6347677971200583,0.777,0.665,0.637,True,999,0.00010783306788653135,0.0008677499135956168,weak_2x2_bal_strong_100_100,weak_null,True,672,2311938656,-4.440892098500626e-16,0,0
100,100,0.048134992198562765,0.0766809766511023,0.042943288259863266,0.07031843495140322,-0.02854598445253953,-0.027375146691539953,0.05365159333438775,-0.5320621938406275,-0.5102392117401288,0.5946829207931001,0.6098838841592512,0.696,0.61,0.618,True,999,0.00011170795187354088,0.000798208056949079,weak_2x2_bal_strong_100_100,weak_null,True,673,2311938656,-4.440892098500626e-16,0,0
100,100,0.07385998717818298,0.05676359474749987,0.06865730333458941,0.051052564310396065,0.017096392430683116,0.01760473902419335,0.05306799772019629,0.3221601184356853,0.3317392737712704,0.7473313959929222,0.7400861422425936,0.777,0.747,0.747,True,999,0.00011150003410875797,0.0007925420068204403,weak_2x2_bal_strong_100_100,weak_null,True,674,2311938656,-4.440892098500626e-16,0,0
100,100,0.0073448151398533,0.021327678612898526,0.002178230878499221,0.014808974428923705,-0.013982863473045226,-0.012630743550424484,0.02740482380168187,-0.5102336571923911,-0.4608949009060704,0.60988777511586,0.644874010286576,0.73,0.607,0.636,True,999,0.0001079590292647481,0.0008166669867932796,weak_2x2_bal_strong_100_100,weak_null,True,675,2311938656,-4.440892098500626e-16,0,0
100,100,0.019935500215221724,0.10271047020897572,0.014767190878743008,0.09244782409322738,-0.082774969993754,-0.07768063321448437,0.05513227677467467,-1.5013885664844728,-1.4089864913789922,0.1332550893957995,0.1588391625831761,0.188,0.135,0.154,True,999,0.00011454103514552116,0.000817999942228198,weak_2x2_bal_strong_100_100,weak_null,True,676,2311938656,-4.440892098500626e-16,0,0
100,100,0.028773846255094826,0.05831611991087249,0.023602024761970597,0.05255191443215068,-0.029542273655777662,-0.028949889670180085,0.045205188191899136,-0.6535151126983185,-0.6404107764641043,0.5134242497436432,0.5219055786393307,0.603,0.527,0.533,True,999,0.00011370796710252762,0.0008293749997392297,weak_2x2_bal_strong_100_100,weak_null,True,677,2311938656,-4.440892098500626e-16,0,0
100,100,0.0381670583565088,0.08584246853916994,0.03298502137083403,0.08019040491035412,-0.04767541018266114,-0.047205383539520085,0.05290132953254075,-0.9012138372313491,-0.8923288687949332,0.3674746352026875,0.37221668497030536,0.439,0.39,0.395,True,999,0.00011787493713200092,0.0008327079704031348,weak_2x2_bal_strong_100_100,weak_null,True,678,2311938656,-4.440892098500626e-16,0,0
100,100,0.10487732614047862,0.03790646555682897,0.09963138386682147,0.032155864688334646,0.06697086058364965,0.06747551917848682,0.053213914820439856,1.2585215880024982,1.2680051713197575,0.20820318487946854,0.20479610382526114,0.331,0.211,0.209,True,999,0.00011629099026322365,0.0008384999819099903,weak_2x2_bal_strong_100_100,weak_null,True,679,2311938656,-4.440892098500626e-16,0,0
100,100,0.08655600899037519,0.03226235851910819,0.08132927475018903,0.026261925525176366,0.054293650471266997,0.05506734922501266,0.04945366092562229,1.0978691861240362,1.113514109862024,0.27226161496492773,0.2654876918159207,0.454,0.289,0.285,True,999,0.00011633394751697779,0.0008408339926972985,weak_2x2_bal_strong_100_100,weak_null,True,680,2311938656,-4.440892098500626e-16,0,0
100,100,0.08161102039393553,0.024105915469658346,0.07637568866810795,0.017553762352775948,0.057505104924277184,0.05882192631533201,0.04667152183869022,1.2321240589289297,1.2603387247289035,0.21790274544606736,0.2075471959699241,0.414,0.229,0.209,True,999,0.00011233403347432613,0.0008923340355977416,weak_2x2_bal_strong_100_100,weak_null,True,681,2311938656,-4.440892098500626e-16,0,0
100,100,0.01996951121889423,0.04576271956597816,0.014798617398597003,0.04004961254575079,-0.02579320834708393,-0.025250995147153787,0.038856224645765644,-0.6638114892074246,-0.6498571432854199,0.5068109713050453,0.5157845034362544,0.581,0.485,0.487,True,999,0.0001106249401345849,0.0008045000722631812,weak_2x2_bal_strong_100_100,weak_null,True,682,2311938656,-4.440892098500626e-16,0,0
100,100,0.028406134711224995,0.04156845961362904,0.023226542182598564,0.035964040895656524,-0.013162324902404043,-0.01273749871305796,0.039723633530029945,-0.3313474557269213,-0.3206529106515085,0.7403820493858098,0.7484734361542718,0.845,0.778,0.805,True,999,0.00010854192078113556,0.0008302920032292604,weak_2x2_bal_strong_100_100,weak_null,True,683,2311938656,-4.440892098500626e-16,0,0
100,100,0.04558878723206372,0.11805820944528567,0.04038694516438568,0.11226606969795938,-0.07246942221322195,-0.0718791245335737,0.06020267775469709,-1.2037574559142892,-1.193952282761469,0.22868333777810745,0.23249663420584188,0.263,0.228,0.229,True,999,0.0001142079709097743,0.0007996669737622142,weak_2x2_bal_strong_100_100,weak_null,True,684,2311938656,-4.440892098500626e-16,0,0
100,100,0.08289756095211143,0.05738085155761896,0.07768458302194858,0.051487920473896054,0.025516709394492465,0.02619666254805253,0.054252063230864164,0.4703362024391347,0.4828694244599562,0.6381148364949365,0.6291884528268685,0.722,0.647,0.643,True,999,0.00010950001887977123,0.0008018750231713057,weak_2x2_bal_strong_100_100,weak_null,True,685,2311938656,-4.440892098500626e-16,0,0
100,100,0.03284120813174418,0.017016782245025452,0.02766403529844297,0.0114094329503871,0.01582442588671873,0.01625460234805587,0.0321976569804957,0.4914775598828404,0.5048380494860972,0.6230887196885282,0.6136725887983825,0.741,0.618,0.612,True,999,0.00011200003791600466,0.0008052920456975698,weak_2x2_bal_strong_100_100,weak_null,True,686,2311938656,-4.440892098500626e-16,0,0
100,100,0.07211774981306984,0.0791868004566122,0.06688437002725323,0.07342306061593717,-0.007069050643542352,-0.006538690588683949,0.05741440169327974,-0.1231233006886802,-0.11388589614875828,0.9020094603776456,0.9093282460628502,0.922,0.915,0.92,True,999,0.00010974996257573366,0.0008164580212906003,weak_2x2_bal_strong_100_100,weak_null,True,687,2311938656,-4.440892098500626e-16,0,0
100,100,0.01629533362377311,0.04307409095564052,0.011131518131350049,0.03743498454626604,-0.02677875733186741,-0.026303466414915988,0.03712048532415764,-0.7214010565330637,-0.7085970505293463,0.4706627967505165,0.47857456716308344,0.588,0.466,0.471,True,999,0.00010950001887977123,0.0008204160258173943,weak_2x2_bal_strong_100_100,weak_null,True,688,2311938656,-4.440892098500626e-16,0,0
100,100,0.04035537625281971,0.10954073903811012,0.03517467284672193,0.10380644819318263,-0.06918536278529042,-0.0686317753464607,0.057659438018622756,-1.1998965852380497,-1.1902955995563833,0.23017950634484197,0.23393022973536837,0.295,0.236,0.242,True,999,0.00011104100849479437,0.0008312499849125743,weak_2x2_bal_strong_100_100,weak_null,True,689,2311938656,-4.440892098500626e-16,0,0
100,100,0.11157379546218049,0.05367104127007433,0.10632293084756839,0.0479295020517867,0.057902754192106165,0.05839342879578169,0.05755503217266104,1.0060415572074044,1.0145668691593381,0.3143955798913489,0.31031233894127375,0.37,0.287,0.276,True,999,0.00011212506797164679,0.0008753329748287797,weak_2x2_bal_strong_100_100,weak_null,True,690,2311938656,-4.440892098500626e-16,0,0
100,100,0.052947308024007156,0.033236881825550346,0.04775382201975731,0.02753332313884016,0.01971042619845681,0.020220498880917148,0.04294008895626338,0.4590215502006263,0.47090025597088847,0.646218690729607,0.6377119652418499,0.771,0.651,0.644,True,999,0.0001094999024644494,0.0008301250636577606,weak_2x2_bal_strong_100_100,weak_null,True,691,2311938656,-4.440892098500626e-16,0,0
100,100,0.016704622019252935,0.09347500270578613,0.011538431712835973,0.08776681632110694,-0.07677038068653319,-0.07622838460827097,0.050892478369835945,-1.5084818650143617,-1.4978320382497163,0.13143124465748104,0.13417689458446438,0.151,0.114,0.116,True,999,0.00010795798152685165,0.000794457970187068,weak_2x2_bal_strong_100_100,weak_null,True,692,2311938656,-4.440892098500626e-16,0,0
100,100,0.04115023189446254,0.0781959582747177,0.035966555047508564,0.07246840456679848,-0.03704572638025516,-0.03650184951928992,0.05238777931543063,-0.7071444307116007,-0.6967626800805896,0.4794767273425041,0.48595132514430084,0.544,0.485,0.487,True,999,0.00010629207827150822,0.0008353749290108681,weak_2x2_bal_strong_100_100,weak_null,True,693,2311938656,-4.440892098500626e-16,0,0
100,100,0.01127814353768497,0.06526171889034815,0.006104977024449454,0.05973956135656522,-0.05398357535266318,-0.053634584332115764,0.04197766258058597,-1.2860071770082255,-1.2776934453925728,0.1984405569298101,0.20135753726283512,0.331,0.18,0.191,True,999,0.0001127920113503933,0.0007957919733598828,weak_2x2_bal_strong_100_100,weak_null,True,694,2311938656,-4.440892098500626e-16,0,0
100,100,0.06822667887712619,0.051632984824524775,0.06302208908152807,0.04595492632088849,0.016593694052601415,0.017067162760639576,0.05066440055595155,0.32752176815505923,0.3368669632593669,0.7432732814481097,0.7362171906955508,0.791,0.747,0.747,True,999,0.00011258304584771395,0.0007967079291120172,weak_2x2_bal_strong_100_100,weak_null,True,695,2311938656,-4.440892098500626e-16,0,0
100,100,0.051912047129490935,0.027467817504756964,0.046724493421635316,0.020855634370697373,0.02444422962473397,0.025868859050937942,0.04254395690534991,0.5745640838983669,0.6080501423149225,0.5655861483180209,0.5431542181792206,0.695,0.541,0.524,True,999,0.00011708296369761229,0.0008283329661935568,weak_2x2_bal_strong_100_100,weak_null,True,696,2311938656,-4.440892098500626e-16,0,0
100,100,0.08184104908998313,0.06598641931342647,0.07660576891150583,0.059837807944241206,0.01585462977655666,0.016767960967264628,0.057654834313206664,0.27499220083483844,0.29083356438375346,0.7833222302393269,0.7711786137020352,0.832,0.782,0.764,True,999,0.00011579191777855158,0.0008386250119656324,weak_2x2_bal_strong_100_100,weak_null,True,697,2311938656,-4.440892098500626e-16,0,0
100,100,0.04599238064784528,0.10841212392360045,0.04079546028050629,0.10271521172548148,-0.06241974327575517,-0.06191975144497519,0.058461625861353735,-1.067704538765111,-1.059152059708751,0.285653810440189,0.28953053403067164,0.412,0.313,0.318,True,999,0.00011554197408258915,0.0008289580000564456,weak_2x2_bal_strong_100_100,weak_null,True,698,2311938656,-4.440892098500626e-16,0,0
100,100,0.019369497185629636,0.05831611991087249,0.014197891865336487,0.05255191443215068,-0.03894662272524285,-0.038354022566814194,0.04318109442338815,-0.9019369065400116,-0.8882133044326114,0.36709038471644495,0.3744260235144845,0.498,0.371,0.372,True,999,0.00014179199934005737,0.0008499169489368796,weak_2x2_bal_strong_100_100,weak_null,True,699,2311938656,-4.440892098500626e-16,0,0
100,100,0.10294673725730497,0.08817261697208711,0.09771141653685333,0.08185651593107934,0.014774120285217851,0.01585490060577399,0.06293888329562514,0.23473756621679362,0.2519094679723379,0.8144124286262365,0.8011110411597256,0.86,0.838,0.818,True,999,0.00011449994053691626,0.0008360419888049364,weak_2x2_bal_strong_100_100,weak_null,True,700,2311938656,-4.440892098500626e-16,0,0
100,100,0.1064164165147079,0.10954073903811012,0.1011552531655866,0.10380644819318263,-0.003124322523402223,-0.0026511950275960317,0.06649005569831784,-0.046989320291414144,-0.039873557026710464,0.9625217393004454,0.9681939327679631,0.966,0.964,0.966,True,999,0.0001133340410888195,0.0008233749540522695,weak_2x2_bal_strong_100_100,weak_null,True,701,2311938656,-4.440892098500626e-16,0,0
100,100,0.034206006545573486,0.07662096794768891,0.02903104905192322,0.07068661843629798,-0.042414961402115425,-0.04165556938437476,0.051868384611143355,-0.8177420931864348,-0.8031013438468549,0.4135044694721015,0.4219161610502732,0.49,0.411,0.415,True,999,0.0001091670710593462,0.0008222910109907389,weak_2x2_bal_strong_100_100,weak_null,True,702,2311938656,-4.440892098500626e-16,0,0
100,100,0.06639707712193688,0.034209326254180106,0.061199525402599875,0.028479173172186734,0.03218775086775677,0.03272035223041314,0.04589114355447597,0.701393523339589,0.7129992782065196,0.48305746275930583,0.47584620378103204,0.618,0.491,0.481,True,999,0.00010854203719645739,0.0008185839978978038,weak_2x2_bal_strong_100_100,weak_null,True,703,2311938656,-4.440892098500626e-16,0,0
100,100,0.042963479645100056,0.029660227365620018,0.037769076700783444,0.023977110527795276,0.013303252279480038,0.013791966172988168,0.03947436956167688,0.3370098731708513,0.3493904101860033,0.7361094573296927,0.7267962318141826,0.803,0.743,0.728,True,999,0.00011708401143550873,0.0008290830301120877,weak_2x2_bal_strong_100_100,weak_null,True,704,2311938656,-4.440892098500626e-16,0,0
100,100,0.028899737350249977,0.030784445729166193,0.023727442927850007,0.02431169339645578,-0.0018847083789162167,-0.0005842504686057737,0.036748890298904345,-0.05128613037255192,-0.01589845200368385,0.9590975199196654,0.9873154049691937,0.972,0.965,0.99,True,999,0.0001145839923992753,0.0008330419659614563,weak_2x2_bal_strong_100_100,weak_null,True,705,2311938656,-4.440892098500626e-16,0,0
100,100,0.0733502840565542,0.05676359474749987,0.0681412792744851,0.051052564310396065,0.016586689309054325,0.017088714964089036,0.05298270207870792,0.3130585768240762,0.3225338514955894,0.7542361592610316,0.7470482969951877,0.82,0.747,0.739,True,999,0.0001152500044554472,0.000824584043584764,weak_2x2_bal_strong_100_100,weak_null,True,706,2311938656,-4.440892098500626e-16,0,0
100,100,0.04725555557675609,0.04710839102644515,0.04206490692027387,0.04145299284566306,0.0001471645503109409,0.0006119140746108087,0.04548624864061521,0.003235363537531559,0.013452726766841429,0.997418557888394,0.9892666007607027,1.0,0.994,0.988,True,999,0.00011495791841298342,0.0008823750540614128,weak_2x2_bal_strong_100_100,weak_null,True,707,2311938656,-4.440892098500626e-16,0,0
100,100,0.01629533362377311,0.024105915469658346,0.011131518131350049,0.017553762352775948,-0.007810581845885234,-0.006422244221425899,0.031995541126780415,-0.24411469757414858,-0.20072310063387086,0.8071419898208743,0.8409150956225848,0.872,0.808,0.832,True,999,0.00011820800136774778,0.0008325830567628145,weak_2x2_bal_strong_100_100,weak_null,True,708,2311938656,-4.440892098500626e-16,0,0
100,100,0.015740935765435338,0.0006936254673748921,0.010575392507249148,-0.00937394195419472,0.015047310298060446,0.01994933446144387,0.018034963376581656,0.8343410509831881,1.1061477666956627,0.4040888253782309,0.2686625666851862,0.701,0.398,0.253,True,999,0.00011483300477266312,0.0008372500305995345,weak_2x2_bal_strong_100_100,weak_null,True,709,2311938656,-4.440892098500626e-16,0,0
100,100,0.08501037014324275,0.07726361864390252,0.0797711747827492,0.0717589012725881,0.007746751499340232,0.008012273510161094,0.0575938000687251,0.1345066915205499,0.139116944889906,0.8930019201056905,0.8893577383441028,0.925,0.912,0.909,True,999,0.00011387502308934927,0.0008374589961022139,weak_2x2_bal_strong_100_100,weak_null,True,710,2311938656,-4.440892098500626e-16,0,0
100,100,0.07574288624862546,0.04184171028449646,0.07052801354556948,0.03565264405614954,0.033901175964129004,0.03487536948941994,0.0508413407481497,0.6668033428163043,0.6859647872423423,0.5048977572254597,0.49273531370831525,0.673,0.542,0.531,True,999,0.00011516700033098459,0.000835333950817585,weak_2x2_bal_strong_100_100,weak_null,True,711,2311938656,-4.440892098500626e-16,0,0
100,100,0.06548347911636176,0.0791868004566122,0.06028283510946153,0.07342306061593717,-0.01370332134025043,-0.013140225506475645,0.05656534914484446,-0.24225646172820262,-0.23230167770781426,0.8085814475513886,0.8163037094563103,0.837,0.825,0.831,True,999,0.00011429109144955873,0.000838708016090095,weak_2x2_bal_strong_100_100,weak_null,True,712,2311938656,-4.440892098500626e-16,0,0
100,100,0.11387493482174105,0.026003132308261012,0.10862434976841939,0.020046360174575284,0.08787180251348004,0.08857798959384411,0.051728653186267425,1.6987065601160414,1.7123583186070501,0.08937448678361286,0.0868306554088424,0.22,0.103,0.1,True,999,0.00011483393609523773,0.0008442089892923832,weak_2x2_bal_strong_100_100,weak_null,True,713,2311938656,-4.440892098500626e-16,0,0
100,100,0.052772083710488804,0.03132340886366941,0.047582552563653735,0.025219550995373652,0.021448674846819393,0.022363001568280083,0.042835045484676974,0.5007272574157077,0.5220725533320565,0.6165630863506772,0.6016198156203417,0.729,0.607,0.6,True,999,0.0001145839923992753,0.0008417919743806124,weak_2x2_bal_strong_100_100,weak_null,True,714,2311938656,-4.440892098500626e-16,0,0
100,100,0.07457264285283094,0.06470628377506549,0.06936812884669052,0.059086544568671684,0.009866359077765452,0.01028158427801884,0.05447440135412616,0.18111918318526185,0.18874157443567874,0.8562740276057035,0.8502953654710086,0.883,0.867,0.856,True,999,0.00011583301238715649,0.0008362079970538616,weak_2x2_bal_strong_100_100,weak_null,True,715,2311938656,-4.440892098500626e-16,0,0
100,100,0.01682847138334742,0.027467817504756853,0.011662443581542448,0.020855634370697373,-0.010639346121409432,-0.009193190789154926,0.03401118712037738,-0.3128190169826504,-0.27029902710002557,0.7544181665153821,0.786930213773681,0.858,0.742,0.779,True,999,0.00011437502689659595,0.000928834080696106,weak_2x2_bal_strong_100_100,weak_null,True,716,2311938656,-4.440892098500626e-16,0,0
100,100,0.07389796985559116,0.017016782245025452,0.06866507781005282,0.0114094329503871,0.05688118761056571,0.05725564485966572,0.041801849558302864,1.3607337524917655,1.3696916635185907,0.17359784406249779,0.17078317210260496,0.308,0.155,0.15,True,999,0.00011604197788983583,0.0008066250011324883,weak_2x2_bal_strong_100_100,weak_null,True,717,2311938656,-4.440892098500626e-16,0,0
100,100,0.039534547637448014,0.09454061472270575,0.03435537000655131,0.08879554201865858,-0.05500606708525774,-0.05444017201210727,0.055125342065248085,-0.9978362949684889,-0.9875706884080678,0.31835874722512414,0.3233629474820512,0.394,0.324,0.333,True,999,0.00011254206765443087,0.0007959580980241299,weak_2x2_bal_strong_100_100,weak_null,True,718,2311938656,-4.440892098500626e-16,0,0
100,100,0.04388246162218301,0.06958485096707717,0.038698974724681534,0.06373666501704633,-0.02570238934489416,-0.0250376902923648,0.05158813087215989,-0.49822292279956865,-0.4853381944465189,0.6183269273998784,0.6274364663930795,0.698,0.621,0.627,True,999,0.00010966602712869644,0.0007919169729575515,weak_2x2_bal_strong_100_100,weak_null,True,719,2311938656,-4.440892098500626e-16,0,0
100,100,0.1341834413829055,0.10729499331523723,0.12890807750449085,0.10086536567521165,0.02688844806766827,0.0280427118292792,0.07064653972319718,0.3806053088094745,0.39694388343936426,0.7034961414257739,0.6914088426170698,0.734,0.701,0.675,True,999,0.00010895798914134502,0.0008051670156419277,weak_2x2_bal_strong_100_100,weak_null,True,720,2311938656,-4.440892098500626e-16,0,0
100,100,0.06481048057679772,0.04597109916923242,0.05961241050464139,0.04034402628693812,0.018839381407565303,0.01926838421770327,0.04855983484543057,0.38796222160829835,0.39679674115523494,0.6980439909848062,0.6915173540632427,0.758,0.701,0.696,True,999,0.00011933408677577972,0.0008114170050248504,weak_2x2_bal_strong_100_100,weak_null,True,721,2311938656,-4.440892098500626e-16,0,0
100,100,0.044843789224037756,0.012293808475890677,0.0396415672910706,0.005981867305230537,0.03254998074814708,0.033659699985840064,0.03417161048283611,0.9525445329682792,0.9850194213921182,0.3408208921568968,0.3246145312667662,0.603,0.334,0.313,True,999,0.00011645909398794174,0.0008218749426305294,weak_2x2_bal_strong_100_100,weak_null,True,722,2311938656,-4.440892098500626e-16,0,0
100,100,0.07324866353757342,0.04213341673780796,0.06804378717409065,0.036352756869959535,0.03111524679976546,0.03169103030413112,0.04960936923043512,0.6272050478052924,0.6388113938100389,0.5305248348115559,0.5229456352321451,0.658,0.543,0.531,True,999,0.00011516700033098459,0.0008190409280359745,weak_2x2_bal_strong_100_100,weak_null,True,723,2311938656,-4.440892098500626e-16,0,0
100,100,0.041881854625461346,0.04710839102644504,0.03669722727097735,0.04145299284566306,-0.0052265364009836945,-0.004755765574685711,0.04446805199556555,-0.11753463816010866,-0.10694791791554004,0.9064363969734074,0.914830298157105,0.925,0.892,0.901,True,999,0.00011270889081060886,0.0008363339584320784,weak_2x2_bal_strong_100_100,weak_null,True,724,2311938656,-4.440892098500626e-16,0,0
100,100,0.03164956794221874,0.061657590713618426,0.02646463414231448,0.05574835576236836,-0.03000802277139969,-0.029283721620053882,0.046543509689526634,-0.6447305536598197,-0.6291687458765791,0.5191018127137617,0.5292385878730449,0.599,0.521,0.534,True,999,0.00011841696687042713,0.0008586669573560357,weak_2x2_bal_strong_100_100,weak_null,True,725,2311938656,-4.440892098500626e-16,0,0
100,100,0.07924158865326147,0.11338416242149629,0.07401314911437851,0.10712990547816048,-0.03414257376823482,-0.033116756363781974,0.06612908954921498,-0.5163018877316469,-0.5007895404205682,0.6056435779912085,0.6165192476171548,0.628,0.6,0.61,True,999,0.00011308398097753525,0.0008481660624966025,weak_2x2_bal_strong_100_100,weak_null,True,726,2311938656,-4.440892098500626e-16,0,0
100,100,0.024908305558752786,0.008292105299596897,0.019733330573686203,0.0020271782656919868,0.01661620025915589,0.017706152307994216,0.026262252850728387,0.6327027751046512,0.6742053855255276,0.5269277573086704,0.5001807461914676,0.766,0.535,0.498,True,999,0.00011429097503423691,0.0008382078958675265,weak_2x2_bal_strong_100_100,weak_null,True,727,2311938656,-4.440892098500626e-16,0,0
100,100,0.15596541158480404,0.02412853319108388,0.15067622946168058,0.018242160538811447,0.13183687839372016,0.13243406892286913,0.05683477972879815,2.3196514356669264,2.330158919499865,0.02035974096880774,0.019797753305524256,0.078,0.028,0.026,True,999,0.00011108396574854851,0.0008647090289741755,weak_2x2_bal_strong_100_100,weak_null,True,728,2311938656,-4.440892098500626e-16,0,0
100,100,0.10038635749680447,0.0941435526160963,0.09516207907226715,0.0882357892248038,0.006242804880708164,0.006926289847463352,0.06476948280226552,0.09638497345681755,0.10693755064570444,0.9232148260009068,0.9148385228749003,0.937,0.92,0.918,True,999,0.00011337490286678076,0.0008019169326871634,weak_2x2_bal_strong_100_100,weak_null,True,729,2311938656,-4.440892098500626e-16,0,0
100,100,0.0770862753790208,0.047829950993235615,0.0718717484214153,0.04196866477914085,0.029256324385785182,0.029903083642274453,0.05183047219526811,0.5644618531655237,0.57694021249925,0.5724398543168989,0.5639798445441497,0.648,0.56,0.554,True,999,0.00011083297431468964,0.000798041932284832,weak_2x2_bal_strong_100_100,weak_null,True,730,2311938656,-4.440892098500626e-16,0,0
100,100,0.09032867239504216,0.13470365814845403,0.0851127721272178,0.12840937826025112,-0.044374985753411866,-0.04329660613303332,0.06735282010589784,-0.6588437675459132,-0.6428328623056719,0.5099960986456529,0.5203325571097689,0.539,0.513,0.522,True,999,0.00011062505654990673,0.0008004170376807451,weak_2x2_bal_strong_100_100,weak_null,True,731,2311938656,-4.440892098500626e-16,0,0
100,100,0.05211170267878962,0.06266501567668914,0.04692500878186934,0.05690298795410342,-0.010553312997899522,-0.009977979172234086,0.05107237088578871,-0.20663448386799024,-0.19536941401344923,0.8362953271931759,0.8451037592991358,0.891,0.827,0.827,True,999,0.00010858301538974047,0.0008048749295994639,weak_2x2_bal_strong_100_100,weak_null,True,732,2311938656,-4.440892098500626e-16,0,0
100,100,0.10290740001447629,0.032964636798996416,0.09767484799358783,0.025994368951543834,0.06994276321547988,0.071680479042044,0.053666825938382776,1.3032774342903046,1.335657136204468,0.19248006218038893,0.1816613656382604,0.41,0.224,0.213,True,999,0.00011404103133827448,0.000855291960760951,weak_2x2_bal_strong_100_100,weak_null,True,733,2311938656,-4.440892098500626e-16,0,0
100,100,0.07385998717818298,0.10229363373204048,0.06865730333458941,0.09649243233450733,-0.028433646553857495,-0.027835128999917913,0.06206127881863394,-0.45815437733648945,-0.4485104002007834,0.6468415343652734,0.6537848820298667,0.705,0.681,0.682,True,999,0.00011495791841298342,0.0008131660288199782,weak_2x2_bal_strong_100_100,weak_null,True,734,2311938656,-4.440892098500626e-16,0,0
100,100,0.007542471592880906,0.0766809766511023,0.0023811246530129893,0.07031843495140322,-0.06913850505822139,-0.06793731029839023,0.04591636333035754,-1.5057487144786694,-1.4795882202080575,0.13213169330863228,0.1389831720796997,0.156,0.117,0.131,True,999,0.00011487503070384264,0.0008365000830963254,weak_2x2_bal_strong_100_100,weak_null,True,735,2311938656,-4.440892098500626e-16,0,0
100,100,0.05286967496666373,0.08769761406374049,0.047680185505157624,0.0819894519760922,-0.034827939097076765,-0.034309266470934574,0.05563715239118982,-0.625983494845286,-0.6166610798069434,0.5313257673048284,0.5374582976854685,0.607,0.53,0.544,True,999,0.00010970793664455414,0.0008325830567628145,weak_2x2_bal_strong_100_100,weak_null,True,736,2311938656,-4.440892098500626e-16,0,0
100,100,0.043980592599126345,0.03966916030556733,0.03879278479044501,0.03385839212969444,0.004311432293559014,0.004934392660750575,0.04316276462645405,0.09988776972169615,0.11432058867068799,0.9204334261354974,0.9089836620948052,0.924,0.917,0.916,True,999,0.00010979198850691319,0.0008491670014336705,weak_2x2_bal_strong_100_100,weak_null,True,737,2311938656,-4.440892098500626e-16,0,0
100,100,0.03909782630882219,0.12940355586369706,0.03391838522981061,0.12343132046443372,-0.09030572955487487,-0.08951293523462311,0.06137681726535321,-1.471332883952779,-1.4584160473428873,0.1412011143908887,0.14472590007990327,0.196,0.161,0.165,True,999,0.0001080420333892107,0.0008385840337723494,weak_2x2_bal_strong_100_100,weak_null,True,738,2311938656,-4.440892098500626e-16,0,0
100,100,0.10038635749680447,0.014418603318262557,0.09516207907226715,0.008086073546841988,0.08596775417854191,0.08707600552542516,0.046741390757217297,1.839221143955108,1.8629314214827857,0.06588266596017398,0.062471915355541675,0.217,0.063,0.061,True,999,0.00010874995496124029,0.0008530420018360019,weak_2x2_bal_strong_100_100,weak_null,True,739,2311938656,-4.440892098500626e-16,0,0
100,100,0.030962077718425296,0.07017129006913769,0.025769109710168436,0.06390434219177621,-0.0392092123507124,-0.03813523248160777,0.04695123895629988,-0.8351049561696675,-0.812230589209847,0.4036586164055431,0.4166593303336861,0.521,0.427,0.439,True,999,0.00010983296670019627,0.0008298750035464764,weak_2x2_bal_strong_100_100,weak_null,True,740,2311938656,-4.440892098500626e-16,0,0
100,100,0.05031393641726378,0.048118410735339845,0.04511925853536525,0.042593389044341734,0.0021955256819239377,0.0025258694910235135,0.04588214179508345,0.047851420967431856,0.05505125506791786,0.9618346554567159,0.9560976300324545,0.973,0.965,0.965,True,999,0.00010987499263137579,0.0008302500937134027,weak_2x2_bal_strong_100_100,weak_null,True,741,2311938656,-4.440892098500626e-16,0,0
100,100,0.031084248743444287,0.0048277159395560265,0.025898883284654062,-0.005325892227261875,0.02625653280388826,0.031224775511915936,0.02694192417359261,0.9745604150138563,1.1589660527113057,0.32977835730325644,0.24647002274629126,0.665,0.344,0.275,True,999,0.00011329096741974354,0.0008802090305835009,weak_2x2_bal_strong_100_100,weak_null,True,742,2311938656,-4.440892098500626e-16,0,0
100,100,0.10994204993503087,0.0373447825753509,0.10471052906892453,0.03161117061571872,0.07259726735967997,0.07309935845320581,0.053977887273242785,1.3449445879973696,1.3542463802476699,0.17864312971705454,0.17565778650269748,0.293,0.166,0.166,True,999,0.00011604197788983583,0.0007997909560799599,weak_2x2_bal_strong_100_100,weak_null,True,743,2311938656,-4.440892098500626e-16,0,0
100,100,0.054311055545317566,0.040855994466530376,0.04911225258128127,0.03474148051793691,0.01345506107878719,0.014370772063344361,0.04677088601775017,0.2876802691674649,0.30725892295242097,0.7735914947575497,0.7586462990806422,0.829,0.778,0.751,True,999,0.00010733306407928467,0.0007959580980241299,weak_2x2_bal_strong_100_100,weak_null,True,744,2311938656,-4.440892098500626e-16,0,0
100,100,0.06336955972453906,0.022463525410002516,0.05816819124569861,0.01683087904800118,0.040906034314536543,0.04133731219769743,0.04163637366311539,0.9824591028390679,0.9928173027786305,0.3258737215174293,0.3207989962021064,0.449,0.306,0.302,True,999,0.00010766694322228432,0.000807165983133018,weak_2x2_bal_strong_100_100,weak_null,True,745,2311938656,-4.440892098500626e-16,0,0
100,100,0.08152099085670961,0.10954073903811012,0.07631107733922704,0.10380644819318263,-0.028019748181400517,-0.027495370853955592,0.06361734298441897,-0.44044197489139175,-0.4321992960424283,0.6596170294045784,0.6655965709539309,0.714,0.628,0.638,True,999,0.0001092919846996665,0.000806082971394062,weak_2x2_bal_strong_100_100,weak_null,True,746,2311938656,-4.440892098500626e-16,0,0
100,100,0.08913773294657823,0.02101436877683699,0.08389939134754343,0.015154105746773894,0.06812336416974124,0.06874528560076953,0.04623300317903275,1.4734791055199297,1.4869309989351154,0.14062189383574691,0.13703303600359787,0.285,0.127,0.125,True,999,0.00011112494394183159,0.0008204170735552907,weak_2x2_bal_strong_100_100,weak_null,True,747,2311938656,-4.440892098500626e-16,0,0
100,100,0.012939815947145883,0.03161078068202461,0.007776461045125416,0.025641359589876345,-0.018670964734878726,-0.01786489854475093,0.033428608577913674,-0.5585325123946276,-0.5344194480339302,0.5764808096779899,0.5930513665899979,0.725,0.564,0.568,True,999,0.0001105000264942646,0.0008301250636577606,weak_2x2_bal_strong_100_100,weak_null,True,748,2311938656,-4.440892098500626e-16,0,0
100,100,0.0749012577510274,0.0815788622342955,0.06969267816045033,0.07589645033760206,-0.006677604483268096,-0.006203772177151734,0.05755432328689113,-0.11602263916790802,-0.10778985526817474,0.9076345995000901,0.9141623903252958,0.941,0.922,0.936,True,999,0.00010887498501688242,0.000830290955491364,weak_2x2_bal_strong_100_100,weak_null,True,749,2311938656,-4.440892098500626e-16,0,0
100,100,0.07954512595617547,0.030938008181458365,0.07430931311556321,0.02522242688292664,0.0486071177747171,0.04908688623263657,0.04709241303579945,1.032164517408912,1.0423523253166265,0.3019950541271673,0.29724836114431363,0.507,0.327,0.32,True,999,0.0001087080454453826,0.0008287919918075204,weak_2x2_bal_strong_100_100,weak_null,True,750,2311938656,-4.440892098500626e-16,0,0
100,100,0.0961754831784234,0.0635657802650259,0.09094170547375313,0.057768597126361954,0.03260970291339749,0.03317310834739118,0.05832666906225637,0.5590873512524903,0.5687468336651124,0.5761021067396194,0.5695279598523215,0.622,0.558,0.552,True,999,0.00011162494774907827,0.0008770840940997005,weak_2x2_bal_strong_100_100,weak_null,True,751,2311938656,-4.440892098500626e-16,0,0
100,100,0.03341692530493012,0.015170593285965872,0.02823374436862025,0.008695546489626338,0.01824633201896425,0.019538197878993913,0.03234583122724076,0.5641015032440315,0.6040406796700091,0.5726850550762679,0.5458165967746514,0.644,0.608,0.487,True,999,0.00010887498501688242,0.0008213749388232827,weak_2x2_bal_strong_100_100,weak_null,True,752,2311938656,-4.440892098500626e-16,0,0
100,100,0.12144864895150453,0.07516190407912915,0.11620168878063453,0.06859516603633153,0.046286744872375385,0.04760652274430299,0.065122517247755,0.7107640617803521,0.7310301375972096,0.47723045429358213,0.4647607448406743,0.563,0.495,0.486,True,999,0.00010774994734674692,0.0008242500480264425,weak_2x2_bal_strong_100_100,weak_null,True,753,2311938656,-4.440892098500626e-16,0,0
100,100,0.05456137415686513,0.06598641931342641,0.04936275442511828,0.059837807944241206,-0.011425045156561286,-0.010475053519122923,0.05367726853825265,-0.21284699217545552,-0.19514878093429744,0.8314463090002386,0.8452764749549416,0.869,0.823,0.83,True,999,0.00011737493332475424,0.0007972499588504434,weak_2x2_bal_strong_100_100,weak_null,True,754,2311938656,-4.440892098500626e-16,0,0
100,100,0.04725555557675609,0.1217906526387505,0.04206490692027387,0.11571924225817298,-0.0745350970619944,-0.07365433533789911,0.06223409360987127,-1.1976569873297231,-1.1835045883309276,0.23105058081304142,0.23660922915889226,0.273,0.235,0.247,True,999,0.00011150003410875797,0.0008034580387175083,weak_2x2_bal_strong_100_100,weak_null,True,755,2311938656,-4.440892098500626e-16,0,0
100,100,0.045291766038656145,0.017184448406940334,0.04009374738785709,0.011321607849325233,0.02810731763171581,0.02877213953853186,0.03589805641679839,0.7829760281551921,0.8014957468579836,0.4336411892063934,0.42284470531518925,0.635,0.415,0.408,True,999,0.00011350004933774471,0.0008004589471966028,weak_2x2_bal_strong_100_100,weak_null,True,756,2311938656,-4.440892098500626e-16,0,0
100,100,0.05879172279147726,0.07912142212268097,0.053599990936902486,0.07350626295172447,-0.02032969933120371,-0.01990627201482198,0.05470528361065513,-0.37162222713061716,-0.36388207319237387,0.7101741376242183,0.7159460718346713,0.754,0.708,0.712,True,999,0.000110417022369802,0.0008219159208238125,weak_2x2_bal_strong_100_100,weak_null,True,757,2311938656,-4.440892098500626e-16,0,0
100,100,0.06458767724011083,0.01934235776639015,0.059390449977797743,0.013470472808727152,0.04524531947372068,0.04591997716907059,0.04118779882526971,1.0985126849255558,1.1148927225724325,0.2719806816999153,0.2648963956430991,0.483,0.298,0.295,True,999,0.0001093749888241291,0.0008302500937134027,weak_2x2_bal_strong_100_100,weak_null,True,758,2311938656,-4.440892098500626e-16,0,0
100,100,0.019968949946638226,0.03161078068202461,0.014802221581192043,0.025641359589876345,-0.011641830735386383,-0.010839138008684301,0.03540501727855145,-0.32881867120113134,-0.3061469487052252,0.7422927495600494,0.7594927629944652,0.842,0.762,0.775,True,999,0.00010895798914134502,0.0008305000374093652,weak_2x2_bal_strong_100_100,weak_null,True,759,2311938656,-4.440892098500626e-16,0,0
100,100,0.04094650046184545,0.010097235786091951,0.035759858778433795,0.00452330215993868,0.030849264675753496,0.031236556618495115,0.03189884731782264,0.9670965338774886,0.9792377858444595,0.3334957780828556,0.32746250255002485,0.51,0.355,0.334,True,999,0.00011324998922646046,0.0008656670106574893,weak_2x2_bal_strong_100_100,weak_null,True,760,2311938656,-4.440892098500626e-16,0,0
100,100,0.1003553257574008,0.08507544434535969,0.09512687225068817,0.07897337736365273,0.015279881412041119,0.016153494887035436,0.06382530099723976,0.23940163498331052,0.2530892081140992,0.8107941623308809,0.8001992781399538,0.842,0.819,0.811,True,999,0.00010737497359514236,0.0008066659793257713,weak_2x2_bal_strong_100_100,weak_null,True,761,2311938656,-4.440892098500626e-16,0,0
100,100,0.04553574499710511,0.06958485096707717,0.040353131483556126,0.06373666501704633,-0.024049105969972062,-0.02338353353349021,0.05186295210963144,-0.46370491828416216,-0.45087162574279427,0.6428591729756228,0.6520820747330276,0.693,0.643,0.654,True,999,0.00010612502228468657,0.0008008340373635292,weak_2x2_bal_strong_100_100,weak_null,True,762,2311938656,-4.440892098500626e-16,0,0
100,100,0.019935500215221724,0.04576271956597816,0.014767190878743008,0.04004961254575079,-0.025827219350756436,-0.02528242166700778,0.038848749770118415,-0.6648146852494634,-0.6507911275552669,0.5061690286935302,0.5151813283687017,0.63,0.504,0.522,True,999,0.00010674993973225355,0.0008145000319927931,weak_2x2_bal_strong_100_100,weak_null,True,763,2311938656,-4.440892098500626e-16,0,0
100,100,0.11062672198880252,0.0599450194984637,0.1053922257060691,0.05387704993734843,0.05068170249033882,0.05151517576872067,0.06004381346821393,0.8440786746026511,0.857959759601076,0.39862544350686047,0.3909146839283061,0.511,0.392,0.381,True,999,0.00011987495236098766,0.0008139159763231874,weak_2x2_bal_strong_100_100,weak_null,True,764,2311938656,-4.440892098500626e-16,0,0
100,100,0.06270638444918264,0.06642171978559502,0.057507581338796854,0.06048981284744315,-0.0037153353364123842,-0.0029822315086462936,0.053669156834938024,-0.06922663882794115,-0.05556695287422317,0.9448092192490231,0.9556867915974447,0.961,0.956,0.966,True,999,0.00011395895853638649,0.0008158340351656079,weak_2x2_bal_strong_100_100,weak_null,True,765,2311938656,-4.440892098500626e-16,0,0
100,100,0.03847153158056582,0.04348535003939452,0.03327919161164061,0.03765412835063131,-0.0050138184588287005,-0.004374936738990698,0.04327056489780662,-0.11587134280936671,-0.10110653164161633,0.9077545078076161,0.919465893118755,0.946,0.92,0.921,True,999,0.0001094999024644494,0.0008015839848667383,weak_2x2_bal_strong_100_100,weak_null,True,766,2311938656,-4.440892098500626e-16,0,0
100,100,0.00015568811692789897,0.156187977666704,-0.004999673835897056,0.15012148189146046,-0.1560322895497761,-0.15512115572735752,0.05919363078451153,-2.6359641650939776,-2.620571735024339,0.008389859125222011,0.008778245972644249,0.001,0.004,0.004,True,999,0.00010841700714081526,0.000810040975920856,weak_2x2_bal_strong_100_100,weak_null,True,767,2311938656,-4.440892098500626e-16,0,0
100,100,0.10616714366341595,0.07086331314922467,0.10093509828587344,0.06538542460859276,0.03530383051419128,0.03554967367728068,0.05933327810265933,0.5950089333191412,0.5991523612730801,0.5518374995840832,0.5490712872645868,0.598,0.517,0.516,True,999,0.00011099991388618946,0.000808166922070086,weak_2x2_bal_strong_100_100,weak_null,True,768,2311938656,-4.440892098500626e-16,0,0
100,100,0.059630091707797095,0.021211501264594312,0.05443352642821253,0.015561884563140893,0.03841859044320278,0.03887164186507164,0.040327149189603693,0.9526731052218058,0.9639075076274599,0.34075572419952693,0.3350922995221347,0.515,0.339,0.338,True,999,0.0001645419979467988,0.0008043330162763596,weak_2x2_bal_strong_100_100,weak_null,True,769,2311938656,-4.440892098500626e-16,0,0
100,100,0.05718565023318045,0.022463525410002516,0.05198814170663013,0.01683087904800118,0.034722124823177936,0.03515726265862895,0.040289476805271555,0.8618162253880354,0.872616510473745,0.3887886548211269,0.38287213825089816,0.599,0.418,0.412,True,999,0.0001082499511539936,0.0007914169691503048,weak_2x2_bal_strong_100_100,weak_null,True,770,2311938656,-4.440892098500626e-16,0,0
100,100,0.05131293593563868,0.051632984824524886,0.04612276262523096,0.04595492632088849,-0.0003200488888862041,0.00016783630434247243,0.04769552048439368,-0.006710250472912365,0.003518911265417256,0.9946460349278159,0.997192320824948,0.995,0.995,0.995,True,999,0.00010679196566343307,0.0007957499474287033,weak_2x2_bal_strong_100_100,weak_null,True,771,2311938656,-4.440892098500626e-16,0,0
100,100,0.10007164995279538,0.047039700673127016,0.09484868094453702,0.04121198737109211,0.05303194927966837,0.053636693573444916,0.05523098912492608,0.9601846738561256,0.9711340394814395,0.33696227891093156,0.33148153504115563,0.45,0.342,0.342,True,999,0.00010624993592500687,0.0008072920609265566,weak_2x2_bal_strong_100_100,weak_null,True,772,2311938656,-4.440892098500626e-16,0,0
100,100,0.08736556736249779,0.06598641931342647,0.08212687327576873,0.059837807944241206,0.021379148049071317,0.022289065331527524,0.058479698755586604,0.36558239019705885,0.3811419314022755,0.7146767174032413,0.7030979346846117,0.785,0.727,0.721,True,999,0.00010641699191182852,0.0008261660113930702,weak_2x2_bal_strong_100_100,weak_null,True,773,2311938656,-4.440892098500626e-16,0,0
100,100,0.07408028741081829,0.04663349849632514,0.06887766347202273,0.04037187854172686,0.027446788914493148,0.028505784930295874,0.05224957275726282,0.5253016908291939,0.5455697228899062,0.5993734821822172,0.5853617413434565,0.676,0.601,0.572,True,999,0.00011075008660554886,0.0008555420208722353,weak_2x2_bal_strong_100_100,weak_null,True,774,2311938656,-4.440892098500626e-16,0,0
100,100,0.09507480484664499,0.09382168228462295,0.08981662934075985,0.08748118311022779,0.0012531225620220354,0.0023354462305320567,0.06319633034032857,0.019829039997633514,0.036955408928889946,0.9841797518665474,0.9705205599530884,0.991,0.99,0.982,True,999,0.0001118748914450407,0.0008077910169959068,weak_2x2_bal_strong_100_100,weak_null,True,775,2311938656,-4.440892098500626e-16,0,0
100,100,0.007844690080482053,0.0850754443453598,0.002672019775744161,0.07897337736365273,-0.07723075426487774,-0.07630135758790857,0.04930887256227341,-1.566264857655001,-1.5474163902560472,0.11728662450772728,0.12176287146882121,0.205,0.126,0.13,True,999,0.00010945904068648815,0.0007958330679684877,weak_2x2_bal_strong_100_100,weak_null,True,776,2311938656,-4.440892098500626e-16,0,0
100,100,0.05247954414889877,0.006520292351489154,0.04728988711309512,0.00027593733213393534,0.04595925179740962,0.047013949780961184,0.033908921104798456,1.355373462203901,1.3864773118454727,0.17529860028640176,0.1656012034640667,0.385,0.159,0.152,True,999,0.00010916602332144976,0.0008428749861195683,weak_2x2_bal_strong_100_100,weak_null,True,777,2311938656,-4.440892098500626e-16,0,0
100,100,0.042880245957536034,0.08841486592047892,0.03769181631828644,0.081968322404677,-0.04553461996294289,-0.044276506086390555,0.05617307704862419,-0.8106128835265246,-0.788215786150796,0.4175880158588404,0.4305704968545202,0.465,0.411,0.443,True,999,0.00011462497059255838,0.0008157920092344284,weak_2x2_bal_strong_100_100,weak_null,True,778,2311938656,-4.440892098500626e-16,0,0
100,100,0.07276017128216605,0.04865938739999964,0.06755718170455793,0.03840231364518587,0.02410078388216641,0.029154868059372063,0.0515927318271196,0.46713525391376715,0.5650964201133245,0.6404031129691794,0.5720081833300266,0.729,0.631,0.574,True,999,0.00010808301158249378,0.0007947080302983522,weak_2x2_bal_strong_100_100,weak_null,True,779,2311938656,-4.440892098500626e-16,0,0
100,100,0.11259596286449403,0.07833188861502993,0.10734522507040367,0.07273594158358776,0.034264074249464094,0.03460928348681591,0.062051317869001976,0.5521893075953649,0.5577525937463633,0.5808186593034781,0.5770133383244358,0.619,0.585,0.584,True,999,0.00010716693941503763,0.0008037500083446503,weak_2x2_bal_strong_100_100,weak_null,True,780,2311938656,-4.440892098500626e-16,0,0
100,100,0.038335244464583695,0.06266501567668914,0.033155994600974736,0.05690298795410342,-0.024329771212105444,-0.023746993353128687,0.048573602702199285,-0.5008846340113836,-0.4888868033676548,0.6164523173474855,0.624921839028601,0.739,0.62,0.65,True,999,0.00010737497359514236,0.000810665893368423,weak_2x2_bal_strong_100_100,weak_null,True,781,2311938656,-4.440892098500626e-16,0,0
100,100,0.012710861899317916,0.0525221159235808,0.007548515664780098,0.046113385312644084,-0.03981125402426289,-0.038564869647863986,0.04265063467124605,-0.9334270012892117,-0.9042038868852618,0.35059954457298903,0.3658872995389808,0.434,0.308,0.36,True,999,0.00010683294385671616,0.0008384580723941326,weak_2x2_bal_strong_100_100,weak_null,True,782,2311938656,-4.440892098500626e-16,0,0
100,100,0.031055048031082277,0.08611093055897595,0.02587649207590914,0.08029327477231618,-0.055055882527893674,-0.05441678269640704,0.052683895911172306,-1.0450229918592326,-1.0328921533850963,0.2960123433047599,0.3016543712186789,0.364,0.31,0.312,True,999,0.00010858301538974047,0.0008394579635933042,weak_2x2_bal_strong_100_100,weak_null,True,783,2311938656,-4.440892098500626e-16,0,0
100,100,0.08324216141137719,0.03226235851910819,0.07802926120876919,0.026261925525176366,0.050979802892269,0.05176733568359282,0.04899806508138881,1.0404452259000105,1.0565179583643574,0.2981330992646134,0.29073164064042245,0.466,0.309,0.294,True,999,0.00010791607201099396,0.0008319169282913208,weak_2x2_bal_strong_100_100,weak_null,True,784,2311938656,-4.440892098500626e-16,0,0
100,100,0.03964150997781846,0.03435082088740771,0.03446305782784975,0.028229417306931737,0.0052906890904107495,0.006233640520918016,0.041204050583014046,0.12840215987385917,0.15128708058347476,0.8978307219750569,0.879749260181516,0.94,0.907,0.888,True,999,0.0001317920396104455,0.0008176660630851984,weak_2x2_bal_strong_100_100,weak_null,True,785,2311938656,-4.440892098500626e-16,0,0
100,100,0.029209586373763807,0.0024603776419230283,0.024037543279177953,-0.0037587430540995115,0.02674920873184078,0.027796286333277465,0.024931988524575392,1.0728870946444629,1.1148844507881408,0.2833217770417624,0.2648999407581275,0.591,0.297,0.27,True,999,0.00011037499643862247,0.0008474580245092511,weak_2x2_bal_strong_100_100,weak_null,True,786,2311938656,-4.440892098500626e-16,0,0
100,100,0.1009690656286999,0.0210143687768371,0.09574070955159186,0.015154105746773894,0.0799546968518628,0.08058660380481797,0.04842869709644555,1.6509776567524281,1.6640258490607351,0.09874313730544282,0.09610726383245052,0.261,0.108,0.101,True,999,0.00011270795948803425,0.0007969579892233014,weak_2x2_bal_strong_100_100,weak_null,True,787,2311938656,-4.440892098500626e-16,0,0
100,100,0.06607918563312665,0.03301791181334052,0.060881532323605825,0.027462725286198975,0.03306127381978613,0.03341880703740685,0.045007401382725284,0.7345741545628468,0.7425180306062646,0.4625988831760157,0.45777353154246325,0.589,0.465,0.461,True,999,0.00010779197327792645,0.0007902500219643116,weak_2x2_bal_strong_100_100,weak_null,True,788,2311938656,-4.440892098500626e-16,0,0
100,100,0.057778977696978706,0.07178902991261055,0.05258685887258707,0.06582413978862434,-0.01401005221563184,-0.013237280916037264,0.05436647060717372,-0.2576965556006352,-0.24348243997083358,0.7966411045830699,0.8076316867422358,0.838,0.792,0.801,True,999,0.00010766589548438787,0.0007967919809743762,weak_2x2_bal_strong_100_100,weak_null,True,789,2311938656,-4.440892098500626e-16,0,0
100,100,0.08289756095211143,0.0599450194984637,0.07768458302194858,0.05387704993734843,0.022952541453647723,0.023807533084600152,0.05623645493031969,0.4081434628496282,0.42334697509114155,0.6831683527791187,0.6720421258573217,0.739,0.684,0.673,True,999,0.00010708300396800041,0.000828874995931983,weak_2x2_bal_strong_100_100,weak_null,True,790,2311938656,-4.440892098500626e-16,0,0
100,100,0.0682462026440388,0.12782477980968943,0.06303453118906077,0.12193740657557584,-0.059578577165650626,-0.05890287538651506,0.06529256168422043,-0.9124864399377559,-0.9021376075178623,0.36151270455691864,0.3669837734528385,0.41,0.387,0.388,True,999,0.00010658393148332834,0.0008324580267071724,weak_2x2_bal_strong_100_100,weak_null,True,791,2311938656,-4.440892098500626e-16,0,0
100,100,0.028318231835575802,0.0731082511954878,0.023136391982248483,0.06737970176225616,-0.044790019359912,-0.04424330978000768,0.048525754342024864,-0.9230154166016211,-0.9117490367726555,0.35599917123392644,0.36190084375656983,0.42,0.379,0.38,True,999,0.0001092919846996665,0.0008442919934168458,weak_2x2_bal_strong_100_100,weak_null,True,792,2311938656,-4.440892098500626e-16,0,0
100,100,0.04516710103441712,0.1344438454346717,0.039984297889105846,0.12424063334232471,-0.08927674440025457,-0.08425633545321887,0.06271372436460215,-1.4235599193762047,-1.3435071239490304,0.15457390521939754,0.17910782082618026,0.184,0.15,0.171,True,999,0.00010808301158249378,0.0008325420785695314,weak_2x2_bal_strong_100_100,weak_null,True,793,2311938656,-4.440892098500626e-16,0,0
100,100,0.05920485057744174,0.08841486592047892,0.05401158379129356,0.081968322404677,-0.029210015343037188,-0.027956738613383436,0.0586944178502566,-0.49766257870652836,-0.47631000761789166,0.6187218880708926,0.6338535367405453,0.661,0.615,0.626,True,999,0.00011191703379154205,0.0008417919743806124,weak_2x2_bal_strong_100_100,weak_null,True,794,2311938656,-4.440892098500626e-16,0,0
100,100,0.058386195386126105,0.06769872115684883,0.053194310284879975,0.06199455819296418,-0.009312525770722724,-0.008800247908084202,0.052450098691719474,-0.17755020491873608,-0.1677832478411244,0.8590762337690543,0.8667538019488237,0.9,0.877,0.882,True,999,0.00010987499263137579,0.0008815840119495988,weak_2x2_bal_strong_100_100,weak_null,True,795,2311938656,-4.440892098500626e-16,0,0
100,100,0.018491128599026796,0.018019254793768757,0.013323142721958448,0.012185095659418721,0.00047187380525803846,0.0011380470625397265,0.028563561252499686,0.016520132104211736,0.03984261809931465,0.9868194411825373,0.9682185988595705,0.92,0.91,0.908,True,999,0.00011591706424951553,0.0008129999041557312,weak_2x2_bal_strong_100_100,weak_null,True,796,2311938656,-4.440892098500626e-16,0,0
100,100,0.023770755349350803,0.05034662616899377,0.018600276937249305,0.04435579038620574,-0.026575870819642966,-0.025755513448956435,0.042408877484521615,-0.6266581997918389,-0.6073141987395606,0.530883309451575,0.5436424172598695,0.611,0.571,0.582,True,999,0.00010933401063084602,0.000809333985671401,weak_2x2_bal_strong_100_100,weak_null,True,797,2311938656,-4.440892098500626e-16,0,0
100,100,0.20035284583206148,0.013603438217906605,0.19496029547408966,0.00713523453761411,0.18674940761415487,0.18782506093647555,0.05869294295290788,3.18180343698207,3.2001302283849773,0.0014636111520653025,0.0013736550532881418,0.017,0.002,0.002,True,999,0.00010858394671231508,0.0008156250696629286,weak_2x2_bal_strong_100_100,weak_null,True,798,2311938656,-4.440892098500626e-16,0,0
100,100,0.07171132525766544,0.00028378603725232043,0.06649090460116724,-0.009771302261256665,0.07142753922041312,0.07626220686242391,0.036363248962681276,1.9642782550513425,2.0972330316438437,0.04949783199067537,0.035972951783084794,0.202,0.05,0.037,True,999,0.00011479097884148359,0.0008219999726861715,weak_2x2_bal_strong_100_100,weak_null,True,799,2311938656,-4.440892098500626e-16,0,0
100,100,0.08425863230814645,0.04348535003939452,0.07904010211090906,0.03765412835063131,0.04077328226875193,0.04138597376027775,0.05169609939191706,0.7887110004111265,0.800562793848788,0.43028093703669335,0.42338479732991274,0.58,0.454,0.439,True,999,0.00011591706424951553,0.0008275830186903477,weak_2x2_bal_strong_100_100,weak_null,True,800,2311938656,-4.440892098500626e-16,0,0
100,100,0.10792976365521856,0.0823181016739924,0.10266880157294622,0.07641632462659231,0.025611661981226164,0.02625247694635391,0.06263779709173668,0.4088851008555809,0.4191155846031053,0.6826239834498746,0.6751316614863745,0.732,0.677,0.674,True,999,0.00011662498582154512,0.0008488750318065286,weak_2x2_bal_strong_100_100,weak_null,True,801,2311938656,-4.440892098500626e-16,0,0
100,100,0.045879306933472086,0.011631171464202505,0.040695433869984754,0.005282268037987592,0.03424813546926958,0.03541316583199716,0.034235360991267956,1.0003731369447186,1.0344031669778395,0.31712996511906577,0.30094772448661455,0.553,0.327,0.303,True,999,0.00011479202657938004,0.0008407089626416564,weak_2x2_bal_strong_100_100,weak_null,True,802,2311938656,-4.440892098500626e-16,0,0
100,100,0.053617541530366464,0.0821645684683413,0.04841844675831908,0.07576903824890735,-0.02854702693797484,-0.027350591490588272,0.05606983490603852,-0.5091334223796765,-0.48779511365464556,0.6106587061014979,0.6256949728351984,0.666,0.609,0.62,True,999,0.00011566700413823128,0.0008468750165775418,weak_2x2_bal_strong_100_100,weak_null,True,803,2311938656,-4.440892098500626e-16,0,0
100,100,0.1595074884458536,0.1266915570599818,0.15417445051666334,0.12036726527590957,0.0328159313858718,0.03380718524075377,0.07397214339892176,0.4436255308826178,0.45702589768740637,0.6573133439858614,0.6476524311695029,0.692,0.669,0.667,True,999,0.00011666701175272465,0.0008507500169798732,weak_2x2_bal_strong_100_100,weak_null,True,804,2311938656,-4.440892098500626e-16,0,0
100,100,0.030158778252023177,0.11050759768067148,0.02498277325113918,0.10417801625747103,-0.0803488194286483,-0.07919524300633185,0.05638682499917475,-1.4249573269965856,-1.404499065295677,0.15416953674907743,0.16017028981833814,0.182,0.152,0.157,True,999,0.00011679099407047033,0.0008459580130875111,weak_2x2_bal_strong_100_100,weak_null,True,805,2311938656,-4.440892098500626e-16,0,0
100,100,0.06622639858617951,0.02199454243513621,0.06102599681521781,0.01515197268713564,0.0442318561510433,0.04587402412808217,0.04297425329105938,1.0292641003315712,1.0674769336277468,0.3033555880627401,0.2857565241838693,0.536,0.305,0.283,True,999,0.00014600006397813559,0.0008229160448536277,weak_2x2_bal_strong_100_100,weak_null,True,806,2311938656,-4.440892098500626e-16,0,0
100,100,0.09680983465490689,0.08841486592047892,0.091567963149771,0.081968322404677,0.008394968734427966,0.009599640745094007,0.06369728624086897,0.13179476285194783,0.15070721708289603,0.8951466290564191,0.8802066798568222,0.919,0.899,0.884,True,999,0.00011020898818969727,0.0008087910246104002,weak_2x2_bal_strong_100_100,weak_null,True,807,2311938656,-4.440892098500626e-16,0,0
100,100,0.020168903711830666,0.008292105299597008,0.015002401593903869,0.0020271782656919868,0.011876798412233658,0.012975223328211882,0.024489158560845856,0.48498189036281175,0.5298354084307794,0.6276891916718031,0.5962260529353096,0.815,0.654,0.627,True,999,0.00010833307169377804,0.0007979579968377948,weak_2x2_bal_strong_100_100,weak_null,True,808,2311938656,-4.440892098500626e-16,0,0
100,100,0.09090858770311627,0.06014523838896385,0.08569033444935314,0.05453115968122546,0.03076334931415242,0.031159174768127684,0.055755055688035425,0.5517589200570735,0.5588582843943637,0.5811135359098845,0.5762584411326412,0.665,0.595,0.586,True,999,0.00011170899961143732,0.000800292007625103,weak_2x2_bal_strong_100_100,weak_null,True,809,2311938656,-4.440892098500626e-16,0,0
100,100,0.028899737350249977,0.018019254793768757,0.023727442927850007,0.012185095659418721,0.010880482556481219,0.011542347268431286,0.031835199404631705,0.341775228676539,0.36256557157772945,0.7325200528689597,0.7169294325609361,0.837,0.717,0.709,True,999,0.00011120899580419064,0.000803499948233366,weak_2x2_bal_strong_100_100,weak_null,True,810,2311938656,-4.440892098500626e-16,0,0
100,100,0.10007164995279538,0.09165906039433735,0.09484868094453702,0.08579948360241474,0.008412589558458028,0.009049197342122284,0.06290955266579235,0.13372515304869512,0.1438445666621767,0.8936199145446246,0.8856232096955742,0.905,0.894,0.888,True,999,0.0001157920341938734,0.0008165000472217798,weak_2x2_bal_strong_100_100,weak_null,True,811,2311938656,-4.440892098500626e-16,0,0
100,100,0.0350589785582619,0.0599450194984637,0.02985950880760413,0.05387704993734843,-0.024886040940201803,-0.024017541129744302,0.04812630514793904,-0.5170985153275895,-0.49905225543317716,0.6050873899775524,0.6177425714942468,0.648,0.573,0.591,True,999,0.00010791700333356857,0.0008660410530865192,weak_2x2_bal_strong_100_100,weak_null,True,812,2311938656,-4.440892098500626e-16,0,0
100,100,0.080570512189312,0.03627735739012716,0.07535112270525701,0.030481166935288684,0.04429315479918483,0.04486995576996833,0.048978226857385496,0.9043437796994442,0.9161204610493637,0.3658131391934273,0.3596037171715949,0.45,0.341,0.335,True,999,0.00012454099487513304,0.0008419170044362545,weak_2x2_bal_strong_100_100,weak_null,True,813,2311938656,-4.440892098500626e-16,0,0
100,100,0.03894160488080611,0.0048277159395560265,0.03375661195767066,-0.005325892227261875,0.03411388894125009,0.03908250418493253,0.029569989148373672,1.1536659269665754,1.321694911311188,0.24863715825487054,0.18626976384961813,0.537,0.245,0.188,True,999,0.00010870792903006077,0.0008425830164924264,weak_2x2_bal_strong_100_100,weak_null,True,814,2311938656,-4.440892098500626e-16,0,0
100,100,0.0656604364922867,0.09567956677040212,0.06045503138852837,0.08914684956532426,-0.030019130278115425,-0.02869181817679589,0.06154785433587954,-0.4877364223664848,-0.4661708923306835,0.6257365496313948,0.6410931825140546,0.706,0.671,0.691,True,999,0.0001117499778047204,0.0008506670128554106,weak_2x2_bal_strong_100_100,weak_null,True,815,2311938656,-4.440892098500626e-16,0,0
100,100,0.05220314090689748,0.1532464948444645,0.04701571431220941,0.14673081132062293,-0.10104335393756703,-0.09971509700841352,0.06726897948424311,-1.5020794831774595,-1.4823340233929148,0.13307658282922472,0.13825143957939778,0.182,0.164,0.174,True,999,0.00010850001126527786,0.0008379999781027436,weak_2x2_bal_strong_100_100,weak_null,True,816,2311938656,-4.440892098500626e-16,0,0
100,100,0.11125010421168502,0.0823181016739924,0.1060093343844386,0.07641632462659231,0.028932002537692625,0.02959300975784629,0.0632330905773329,0.4575452863925625,0.4679987880974217,0.6472791596328233,0.6397854563642075,0.702,0.649,0.628,True,999,0.00010804098565131426,0.0008400420192629099,weak_2x2_bal_strong_100_100,weak_null,True,817,2311938656,-4.440892098500626e-16,0,0
100,100,0.07818481289216117,0.017443391231600103,0.07297517739610271,0.01105084587955929,0.06074142166056107,0.06192433151654342,0.043875022788017734,1.3844191478608086,1.411380042256182,0.1662301492144811,0.15813258449420287,0.383,0.15,0.144,True,999,0.00010837509762495756,0.0008337500039488077,weak_2x2_bal_strong_100_100,weak_null,True,818,2311938656,-4.440892098500626e-16,0,0
100,100,0.13250545091704768,0.018339938647362775,0.1272430651003873,0.012497204743269208,0.11416551226968491,0.11474586035711809,0.05233177297125003,2.181571649261817,2.1926614338130115,0.029141161156542996,0.028331781332916983,0.108,0.03,0.027,True,999,0.00011100003030151129,0.0008419589139521122,weak_2x2_bal_strong_100_100,weak_null,True,819,2311938656,-4.440892098500626e-16,0,0
100,100,0.08655600899037519,0.04576271956597816,0.08132927475018903,0.04004961254575079,0.04079328942439703,0.04127966220443824,0.05180832549596664,0.787388687703733,0.7967766147479892,0.43105436680991616,0.4255807789206393,0.547,0.457,0.453,True,999,0.00011270795948803425,0.0008315830491483212,weak_2x2_bal_strong_100_100,weak_null,True,820,2311938656,-4.440892098500626e-16,0,0
100,100,0.03448819381301116,0.011631171464202505,0.029312193363125516,0.005282268037987592,0.022857022348808653,0.024029925325137924,0.03102937375433302,0.7366253192788604,0.7744250823554674,0.4613502333025017,0.4386794556707596,0.7,0.465,0.45,True,999,0.00011516700033098459,0.0008806249825283885,weak_2x2_bal_strong_100_100,weak_null,True,821,2311938656,-4.440892098500626e-16,0,0
100,100,0.05978341254051367,0.03306515323380069,0.05458349690994169,0.026585563417214075,0.026718259306712983,0.02799793349272761,0.044657512197543485,0.5982926050274403,0.6269479000280656,0.5496447100186983,0.5306933872859284,0.641,0.563,0.538,True,999,0.00012004200834780931,0.0008134999079629779,weak_2x2_bal_strong_100_100,weak_null,True,822,2311938656,-4.440892098500626e-16,0,0
100,100,0.03988480078387058,0.06958485096707717,0.03470583080502365,0.06373666501704633,-0.029700050183206594,-0.029030834212022683,0.05085470127147696,-0.5840177887322398,-0.570858415961344,0.5592083439876143,0.5680956211333715,0.626,0.566,0.576,True,999,0.00011137500405311584,0.0008001659298315644,weak_2x2_bal_strong_100_100,weak_null,True,823,2311938656,-4.440892098500626e-16,0,0
100,100,0.04490257007958587,0.037813861824602724,0.039715261814606606,0.031666332610974735,0.007088708254983145,0.008048929203631872,0.04371576369292081,0.16215451032212136,0.18411960637748825,0.8711841811236389,0.8539196257505722,0.929,0.882,0.865,True,999,0.00011479191016405821,0.0007962080417200923,weak_2x2_bal_strong_100_100,weak_null,True,824,2311938656,-4.440892098500626e-16,0,0
100,100,0.03765690809215538,0.0048277159395560265,0.03243205596261589,-0.005325892227261875,0.03282919215259936,0.037757948189877766,0.02895078760302866,1.1339654244558433,1.3042114331261838,0.25680905160722833,0.19216150273783428,0.612,0.257,0.199,True,999,0.00010975007899105549,0.000818125088699162,weak_2x2_bal_strong_100_100,weak_null,True,825,2311938656,-4.440892098500626e-16,0,0
100,100,0.08460565016983379,0.04184171028449646,0.07938719564293706,0.03565264405614954,0.04276393988533733,0.04373455158678752,0.05226497301765003,0.8182141387673888,0.8367851174823765,0.4132349231934783,0.40271336432209925,0.57,0.406,0.4,True,999,0.000110417022369802,0.0008421659003943205,weak_2x2_bal_strong_100_100,weak_null,True,826,2311938656,-4.440892098500626e-16,0,0
100,100,0.06707733961080509,0.0815788622342955,0.06187720775957928,0.07589645033760206,-0.014501522623490415,-0.014019242578022784,0.056388536188649585,-0.2571714678844495,-0.2486186648137305,0.7970464087556054,0.8036557693149724,0.837,0.807,0.807,True,999,0.00011454103514552116,0.0008364170789718628,weak_2x2_bal_strong_100_100,weak_null,True,827,2311938656,-4.440892098500626e-16,0,0
100,100,0.05879803751602253,0.027811516091442445,0.05360461857230803,0.02188362188626769,0.030986521424580082,0.03172099668604034,0.042989767446495186,0.7207883006844763,0.7378731863464976,0.471039774603103,0.46059151435604806,0.627,0.44,0.436,True,999,0.00011250004172325134,0.0008420000085607171,weak_2x2_bal_strong_100_100,weak_null,True,828,2311938656,-4.440892098500626e-16,0,0
100,100,0.04725555557675609,0.16494482315713982,0.04206490692027387,0.15824902739510094,-0.11768926758038373,-0.11618412047482707,0.06861157548196284,-1.7152975537097648,-1.6933603354636635,0.08629068685478468,0.09038689998924317,0.099,0.097,0.1,True,999,0.00010929093696177006,0.0008464170387014747,weak_2x2_bal_strong_100_100,weak_null,True,829,2311938656,-4.440892098500626e-16,0,0
100,100,0.05480756465785164,0.07139087860353233,0.04960896595511599,0.06571723511521554,-0.01658331394568069,-0.016108269160099553,0.05292067210365617,-0.313361741007348,-0.30438519617717913,0.7540058477335394,0.7608344448067229,0.791,0.757,0.759,True,999,0.00010875007137656212,0.0008575419196859002,weak_2x2_bal_strong_100_100,weak_null,True,830,2311938656,-4.440892098500626e-16,0,0
100,100,0.028406134711225217,0.0069653152462407775,0.023226542182598564,0.00696503460992659,0.02144081946498444,0.016261507572671974,0.02380672356607138,0.9006203396901389,0.6830636533221809,0.3677902163703419,0.4945666213493505,0.606,0.363,0.477,True,999,0.00011574989184737206,0.0008411669405177236,weak_2x2_bal_strong_100_100,weak_null,True,831,2311938656,-4.440892098500626e-16,0,1
100,100,0.05044176633985287,0.0020950260887882544,0.04525119209999673,0.002094948152425502,0.04834674025106461,0.04315624394757123,0.030996589724094286,1.559743851869088,1.3922900658334356,0.11882042482503317,0.16383457853493377,0.402,0.114,0.155,True,999,0.00013274990487843752,0.0008172919042408466,weak_2x2_bal_strong_100_100,weak_null,True,832,2311938656,-4.440892098500626e-16,0,1
100,100,0.033711571632115134,0.02344021829979187,0.028536268927354058,0.0174958111396748,0.010271353332323263,0.011040457787679259,0.03541542497115911,0.29002485049065024,0.31174150237277004,0.7717972263212274,0.7552369842430499,0.848,0.783,0.767,True,999,0.00011020805686712265,0.0008071670308709145,weak_2x2_bal_strong_100_100,weak_null,True,833,2311938656,-4.440892098500626e-16,0,0
100,100,0.11875924774499536,0.04348535003939452,0.11350278123885005,0.03765412835063131,0.07527389770560083,0.07584865288821874,0.056747950814585,1.326460191515046,1.3365884018621619,0.1846873126787445,0.18135702693643296,0.265,0.176,0.172,True,999,0.00010858394671231508,0.0008127080509439111,weak_2x2_bal_strong_100_100,weak_null,True,834,2311938656,-4.440892098500626e-16,0,0
100,100,0.01647169930152559,0.07139087860353233,0.011307154727290936,0.06571723511521554,-0.05491917930200674,-0.05441008038792461,0.045761778860769146,-1.2001102376089685,-1.1889852567459853,0.2300965300623613,0.23444546858158055,0.318,0.233,0.237,True,999,0.0001105000264942646,0.0007953749736770988,weak_2x2_bal_strong_100_100,weak_null,True,835,2311938656,-4.440892098500626e-16,0,0
100,100,0.041605017473507866,0.030484117768574348,0.0364158301709665,0.024706887401606537,0.011120899704933518,0.011708942769359965,0.03937515285653247,0.28243445163130393,0.2973688206880805,0.7776104012301368,0.7661849450894433,0.876,0.795,0.788,True,999,0.00010770803783088923,0.0008084999863058329,weak_2x2_bal_strong_100_100,weak_null,True,836,2311938656,-4.440892098500626e-16,0,0
100,100,0.08152099085670961,0.00028378603725232043,0.07631107733922704,-0.009771302261256665,0.08123720481945729,0.0860823796004837,0.03875601789601158,2.0961184670063195,2.2211358202861837,0.03607168321671748,0.02634176354087311,0.201,0.046,0.034,True,999,0.00010800000745803118,0.0008142089936882257,weak_2x2_bal_strong_100_100,weak_null,True,837,2311938656,-4.440892098500626e-16,0,0
100,100,0.07556761288570846,0.05480750881305835,0.0703592093314569,0.048786603171130594,0.02076010407265011,0.021572606160326302,0.05357120454868662,0.38752356321917114,0.402690332279549,0.6983686441143007,0.6871760468924989,0.784,0.717,0.713,True,999,0.00010850001126527786,0.0008311249548569322,weak_2x2_bal_strong_100_100,weak_null,True,838,2311938656,-4.440892098500626e-16,0,0
100,100,0.06529361620833152,0.16494482315713982,0.060075811667914536,0.15824902739510094,-0.0996512069488083,-0.0981732157271864,0.07082012620148721,-1.4071029281322522,-1.386233278487504,0.15939686997989577,0.16567568290125256,0.17,0.157,0.161,True,999,0.00012124993372708559,0.000851667020469904,weak_2x2_bal_strong_100_100,weak_null,True,839,2311938656,-4.440892098500626e-16,0,0
100,100,0.06986929621782778,0.07139087860353233,0.06465811174034286,0.06571723511521554,-0.0015215823857045452,-0.0010591233748726836,0.0553178924412429,-0.02750615250428651,-0.019146126653282292,0.9780560327165694,0.9847245344150468,0.977,0.977,0.984,True,999,0.00011249992530792952,0.0007986249402165413,weak_2x2_bal_strong_100_100,weak_null,True,840,2311938656,-4.440892098500626e-16,0,0
100,100,0.11875924774499536,0.04597109916923242,0.11350278123885005,0.04034402628693812,0.07278814857576293,0.07315875495191193,0.0568104118132209,1.2812466280841799,1.2877701924154412,0.20010705294604902,0.19782597121247425,0.32,0.228,0.228,True,999,0.00010891701094806194,0.0008067080052569509,weak_2x2_bal_strong_100_100,weak_null,True,841,2311938656,-4.440892098500626e-16,0,0
100,100,0.10007164995279538,0.05098122424948892,0.09484868094453702,0.04532118537139951,0.04909042570330646,0.049527495573137514,0.05552399886711619,0.8841298664527569,0.8920015954122844,0.37662611233932974,0.37239207725638324,0.506,0.383,0.379,True,999,0.00011024996638298035,0.0008219159208238125,weak_2x2_bal_strong_100_100,weak_null,True,842,2311938656,-4.440892098500626e-16,0,0
100,100,0.01293981594714566,0.0791868004566122,0.007776461045125416,0.07342306061593717,-0.06624698450946653,-0.06564659957081176,0.04724305977450486,-1.4022585502647167,-1.3895501240636945,0.16083805317483102,0.16466553011965435,0.23,0.161,0.164,True,999,0.00011729099787771702,0.0008025000570341945,weak_2x2_bal_strong_100_100,weak_null,True,843,2311938656,-4.440892098500626e-16,0,0
100,100,0.06627772298751888,0.04710839102644504,0.061081049906505314,0.04145299284566306,0.019169331961073843,0.019628057060842252,0.04907075184322694,0.3906467955151112,0.3999950341814753,0.6960583308631859,0.6891601743083537,0.77,0.705,0.705,True,999,0.00011250004172325134,0.0007994580082595348,weak_2x2_bal_strong_100_100,weak_null,True,844,2311938656,-4.440892098500626e-16,0,0
100,100,0.07078772604321837,0.034209326254180106,0.06558415920513028,0.028479173172186734,0.03657839978903826,0.03710498603294354,0.0467621129694338,0.7822229892166731,0.7934839483664335,0.43408353617914386,0.42749591769255124,0.621,0.478,0.472,True,999,0.00011037499643862247,0.0008120000129565597,weak_2x2_bal_strong_100_100,weak_null,True,845,2311938656,-4.440892098500626e-16,0,0
100,100,0.07240159423691139,0.026510863535374574,0.06718579129380942,0.02084231232241507,0.04589073070153682,0.04634347897139435,0.04465302398480949,1.0277183179609153,1.0378575701202215,0.3040823485861266,0.2993363697055541,0.456,0.308,0.298,True,999,0.00011033297050744295,0.0008315419545397162,weak_2x2_bal_strong_100_100,weak_null,True,846,2311938656,-4.440892098500626e-16,0,0
100,100,0.021436935552739067,0.05367104127007433,0.016265069709149316,0.0479295020517867,-0.03223410571733526,-0.03166443234263738,0.04205203772369477,-0.7665289831881923,-0.7529821158891343,0.4433616132453102,0.45146066098708926,0.602,0.475,0.479,True,999,0.00010929093696177006,0.0008392080198973417,weak_2x2_bal_strong_100_100,weak_null,True,847,2311938656,-4.440892098500626e-16,0,0
100,100,0.04620082918151336,0.07330492291741214,0.04101419296897291,0.06699667718289959,-0.027104093735898782,-0.025982484213926682,0.05444220301706099,-0.4978507891645192,-0.4772489497859655,0.6185892149212405,0.6331848583775072,0.705,0.627,0.653,True,999,0.0001256659161299467,0.0008375000907108188,weak_2x2_bal_strong_100_100,weak_null,True,848,2311938656,-4.440892098500626e-16,0,0
100,100,0.10133752297070897,0.026245400448991374,0.09610922447077996,0.020162969144202236,0.0750921225217176,0.07594625532657773,0.049880659878678964,1.5054356278437095,1.522559154415683,0.13221211506175748,0.12786903527507892,0.29,0.151,0.148,True,999,0.00011112506035715342,0.0008376250043511391,weak_2x2_bal_strong_100_100,weak_null,True,849,2311938656,-4.440892098500626e-16,0,0
100,100,0.04572033088704963,0.11555884212244383,0.04053781125691103,0.10903909639269926,-0.0698385112353942,-0.06850128513578824,0.06174776317750563,-1.1310290064213366,-1.1093727385535948,0.2580428829739424,0.26726941778457736,0.285,0.249,0.257,True,999,0.00011358398478478193,0.0008440839592367411,weak_2x2_bal_strong_100_100,weak_null,True,850,2311938656,-4.440892098500626e-16,0,0
100,100,0.034891356957655106,0.011952375432869033,0.02971311484805028,0.0015646265961350991,0.022938981524786073,0.028148488251915182,0.032314485663821266,0.7098668307281201,0.8710795692295279,0.4777867210886172,0.38371070873432833,0.723,0.497,0.419,True,999,0.00011487503070384264,0.0008573329541832209,weak_2x2_bal_strong_100_100,weak_null,True,851,2311938656,-4.440892098500626e-16,0,0
100,100,0.012362024640722336,0.037813861824602724,0.007199555398415214,0.031666332610974735,-0.025451837183880388,-0.02446677721255952,0.036023237311170235,-0.7065394196536627,-0.67919429342828,0.4798527474508387,0.49701476260394384,0.579,0.458,0.514,True,999,0.00011612498201429844,0.0008538750698789954,weak_2x2_bal_strong_100_100,weak_null,True,852,2311938656,-4.440892098500626e-16,0,0
100,100,0.093634976579555,0.054139241925843906,0.08840532192722605,0.047480433011870105,0.03949573465371109,0.04092488891535595,0.057565013865742407,0.686106577613724,0.7109333632891004,0.4926459034092949,0.47712553022822124,0.639,0.476,0.468,True,999,0.00013695796951651573,0.0008223330369219184,weak_2x2_bal_strong_100_100,weak_null,True,853,2311938656,-4.440892098500626e-16,0,0
100,100,0.009380164302923766,0.01934235776639015,0.004218392733193355,0.013470472808727152,-0.009962193463466384,-0.009252080075533797,0.025941019038958086,-0.38403246412583925,-0.35665831252192026,0.700954386070064,0.7213476174362966,0.829,0.675,0.681,True,999,0.00011283403728157282,0.0007989590521901846,weak_2x2_bal_strong_100_100,weak_null,True,854,2311938656,-4.440892098500626e-16,0,0
100,100,0.04882964909106846,0.0823181016739924,0.043640658046911085,0.07641632462659231,-0.03348845258292393,-0.03277566657968123,0.054459727234837656,-0.6149214159394745,-0.6018331020709698,0.538606618889876,0.5472852383516357,0.626,0.542,0.544,True,999,0.00010866695083677769,0.0007897500181570649,weak_2x2_bal_strong_100_100,weak_null,True,855,2311938656,-4.440892098500626e-16,0,0
100,100,0.08665527032110742,0.12946730973022458,0.08143613301552932,0.12378314076458707,-0.04281203940911715,-0.04234700774905775,0.06630150154879727,-0.6457174937072564,-0.6387036003685491,0.51846232916299,0.5230157700875175,0.546,0.526,0.53,True,999,0.0001076660118997097,0.0008458329830318689,weak_2x2_bal_strong_100_100,weak_null,True,856,2311938656,-4.440892098500626e-16,0,0
100,100,0.07952466900124389,0.05676359474749987,0.0742527158759998,0.051052564310396065,0.022761074253744018,0.023200151565603733,0.053575599000643966,0.42484031309608755,0.43303578491628014,0.6709530878464387,0.6649887727806632,0.744,0.658,0.656,True,999,0.00010975007899105549,0.0008110000053420663,weak_2x2_bal_strong_100_100,weak_null,True,857,2311938656,-4.440892098500626e-16,0,0
100,100,0.052014752705386025,0.04213341673780796,0.046828016581656584,0.036352756869959535,0.009881335967578064,0.01047525971169705,0.045717608573072686,0.2161385137147811,0.22912965132360172,0.8288797795495344,0.8187681480070548,0.868,0.837,0.82,True,999,0.00010887498501688242,0.000828250078484416,weak_2x2_bal_strong_100_100,weak_null,True,858,2311938656,-4.440892098500626e-16,0,0
100,100,0.11062672198880252,0.060272394182688926,0.1053922257060691,0.05011414297290173,0.0503543278061136,0.055278082733167366,0.058691442454475586,0.8579500809708549,0.941842292869939,0.3909200285229858,0.3462733885109831,0.483,0.391,0.35,True,999,0.00010845798533409834,0.0008469170425087214,weak_2x2_bal_strong_100_100,weak_null,True,859,2311938656,-4.440892098500626e-16,0,0
100,100,0.029530171339973266,0.0766809766511023,0.024353667419092062,0.07031843495140322,-0.04715080531112903,-0.04596476753231116,0.0503108523284867,-0.93718955511377,-0.91361536139759,0.34866106154788856,0.36091899178081077,0.445,0.363,0.367,True,999,0.00010845798533409834,0.0008480839896947145,weak_2x2_bal_strong_100_100,weak_null,True,860,2311938656,-4.440892098500626e-16,0,0
100,100,0.021629692608799322,0.0766809766511023,0.01645183428708208,0.07031843495140322,-0.05505128404230297,-0.05386660066432114,0.04879278895044162,-1.1282668038963308,-1.1039869173912757,0.25920725850458526,0.269598812809307,0.358,0.268,0.271,True,999,0.0001106249401345849,0.0008534160442650318,weak_2x2_bal_strong_100_100,weak_null,True,861,2311938656,-4.440892098500626e-16,0,0
100,100,0.08913773294657823,0.03765761946926666,0.08389939134754343,0.03206948613134131,0.05148011347731157,0.05182990521620212,0.0501393262400464,1.0267412296456886,1.033717624526144,0.30454232958770333,0.301268191267383,0.411,0.299,0.296,True,999,0.00011250004172325134,0.0008490419713780284,weak_2x2_bal_strong_100_100,weak_null,True,862,2311938656,-4.440892098500626e-16,0,0
100,100,0.04009731295698882,0.0781959582747177,0.034896621103357006,0.07246840456679848,-0.038098645317728885,-0.03757178346344148,0.05231849526712873,-0.72820606026997,-0.7181357810771655,0.46648745664407254,0.4726735698411916,0.583,0.461,0.472,True,999,0.00011341704521328211,0.0008539999835193157,weak_2x2_bal_strong_100_100,weak_null,True,863,2311938656,-4.440892098500626e-16,0,0
100,100,0.034248622998069855,0.08841486592047892,0.02906604376374844,0.081968322404677,-0.05416624292240907,-0.05290227864092856,0.05471217714120702,-0.9900217054534506,-0.9669196402912777,0.32216350992887843,0.33358420749854456,0.401,0.327,0.338,True,999,0.00011733302380889654,0.0007987919962033629,weak_2x2_bal_strong_100_100,weak_null,True,864,2311938656,-4.440892098500626e-16,0,0
100,100,0.03609582293722302,0.047829950993235615,0.030912397101076294,0.04196866477914085,-0.011734128056012594,-0.011056267678064557,0.0444061341258929,-0.26424565630383273,-0.248980639627842,0.7915906322718691,0.8033757572633116,0.845,0.783,0.799,True,999,0.0001082499511539936,0.0008292910642921925,weak_2x2_bal_strong_100_100,weak_null,True,865,2311938656,-4.440892098500626e-16,0,0
100,100,0.05131293593563868,0.12981661355222546,0.04612276262523096,0.1188693928497031,-0.07850367761658678,-0.07274663022447214,0.06690162035611878,-1.173419675019977,-1.0873672391975,0.2406275510380521,0.27687454353621377,0.281,0.26,0.298,True,999,0.00010929105337709188,0.0008130839560180902,weak_2x2_bal_strong_100_100,weak_null,True,866,2311938656,-4.440892098500626e-16,0,0
100,100,0.0671098941046131,0.0821645684683413,0.06189238643331407,0.07576903824890735,-0.015054674363728204,-0.013876651815593277,0.05823849746242185,-0.25850039097320754,-0.23827283361057056,0.7960207472231251,0.8116694902682368,0.828,0.808,0.817,True,999,0.00010687496978789568,0.000804582959972322,weak_2x2_bal_strong_100_100,weak_null,True,867,2311938656,-4.440892098500626e-16,0,0
100,100,0.01622654082586017,0.07179919780626359,0.011052544541982456,0.06545933361936562,-0.05557265698040342,-0.054406789077383166,0.04608699362383134,-1.2058208316644698,-1.1805237182850152,0.22788658142966078,0.23779198276531177,0.366,0.231,0.24,True,999,0.00010658300016075373,0.0008030419703572989,weak_2x2_bal_strong_100_100,weak_null,True,868,2311938656,-4.440892098500626e-16,0,0
100,100,0.058386195386126105,0.049722780887965556,0.053194310284851554,0.04425920510152537,0.008663414498160549,0.008935105183326186,0.047362951559028456,0.18291542678380873,0.18865178138635139,0.854864378288388,0.8503657457432124,0.886,0.852,0.85,True,999,0.00010620790999382734,0.0008143330924212933,weak_2x2_bal_strong_100_100,weak_null,True,869,2311938656,-4.440892098500626e-16,0,0
100,100,0.06617185638282819,0.021161824097623627,0.06097514953060568,0.01522646727512722,0.04501003228520456,0.04574868225547846,0.04206190751656915,1.070090134820302,1.0876511541341058,0.28457873919466514,0.27674913895054587,0.466,0.272,0.266,True,999,0.00010966707486659288,0.0008266669465228915,weak_2x2_bal_strong_100_100,weak_null,True,870,2311938656,-4.440892098500626e-16,0,0
100,100,0.04606453410618794,0.021786221343680856,0.040880754384517104,0.01590197713895236,0.02427831276250708,0.024978777245564743,0.03790176711050395,0.6405588607972499,0.6590399115887718,0.5218093352608884,0.5098701397316617,0.682,0.529,0.52,True,999,0.0001105419360101223,0.000824584043584764,weak_2x2_bal_strong_100_100,weak_null,True,871,2311938656,-4.440892098500626e-16,0,0
100,100,0.04094650046184545,0.024579701904333562,0.035759858778433795,0.018677922847224693,0.016366798557511886,0.017081935931209102,0.037842226500356665,0.43250094064517125,0.4513988079176077,0.6653773686985569,0.6517021423422957,0.78,0.666,0.653,True,999,0.00011254101991653442,0.0008464580168947577,weak_2x2_bal_strong_100_100,weak_null,True,872,2311938656,-4.440892098500626e-16,0,0
100,100,0.051912047129490935,0.04348535003939452,0.046724493421635316,0.03765412835063131,0.008426697090096413,0.009070365071004005,0.04606467032546374,0.18293188750855519,0.19690502519433134,0.8548514624370849,0.8439018611312128,0.882,0.856,0.855,True,999,0.00011358398478478193,0.0008246250217780471,weak_2x2_bal_strong_100_100,weak_null,True,873,2311938656,-4.440892098500626e-16,0,0
100,100,0.029178645530158476,0.13742871622240316,0.02399754193631054,0.13029696824016668,-0.10825007069224468,-0.10629942630385614,0.06399505065745419,-1.6915381670947336,-1.6610569913108477,0.09073406463595335,0.09670200117685944,0.118,0.085,0.094,True,999,0.00012304203119128942,0.0008442919934168458,weak_2x2_bal_strong_100_100,weak_null,True,874,2311938656,-4.440892098500626e-16,0,0
100,100,0.06458767724011083,0.06958485096707717,0.059390449977797743,0.06373666501704633,-0.004997173726966342,-0.004346215039248591,0.05504760727916667,-0.09077912690416926,-0.0789537502912222,0.9276680958760752,0.9370694100875283,0.941,0.919,0.927,True,999,0.00011429097503423691,0.0008084169821813703,weak_2x2_bal_strong_100_100,weak_null,True,875,2311938656,-4.440892098500626e-16,0,0
100,100,0.012939815947145883,0.07912142212268097,0.007776461045125416,0.07350626295172447,-0.06618160617553509,-0.06572980190659905,0.04628281520060119,-1.429939079735915,-1.420177264967781,0.1527345045053192,0.15555608070631619,0.18,0.135,0.136,True,999,0.00011137500405311584,0.0007919579511508346,weak_2x2_bal_strong_100_100,weak_null,True,876,2311938656,-4.440892098500626e-16,0,0
100,100,0.13175127399958986,0.022768861797210993,0.12647572593698442,0.01713034536975755,0.10898241220237886,0.10934538056722687,0.0530617267155485,2.053879866869167,2.060720359768951,0.039987320391422526,0.03932972611438435,0.137,0.034,0.033,True,999,0.00011016707867383957,0.0007952499436214566,weak_2x2_bal_strong_100_100,weak_null,True,877,2311938656,-4.440892098500626e-16,0,0
100,100,0.005059389928987579,0.06958485096707728,-0.00010003095478339219,0.06373666501704633,-0.0645254610380897,-0.06383669597182973,0.043834530923305755,-1.4720235321095472,-1.4563106899334768,0.14101452306340317,0.14530675172675606,0.2,0.133,0.136,True,999,0.00010945799294859171,0.0008200840093195438,weak_2x2_bal_strong_100_100,weak_null,True,878,2311938656,-4.440892098500626e-16,0,0
100,100,0.03609582293722302,0.0076460005235785,0.030912397101076294,-0.002567615869601525,0.02844982241364452,0.03348001297067782,0.03023778321540813,0.9408699775037568,1.1072244526714365,0.34677149463705637,0.2681968978873994,0.58,0.342,0.264,True,999,0.00011070899199694395,0.0008445420535281301,weak_2x2_bal_strong_100_100,weak_null,True,879,2311938656,-4.440892098500626e-16,0,0
100,100,0.11715669920443039,0.029492842442209344,0.11184545481899022,0.022582609109804253,0.08766385676222105,0.08926284570918597,0.053625434035624406,1.6347440041974162,1.664561738556502,0.10210272364900565,0.09600022413951576,0.24,0.101,0.085,True,999,0.0001099579967558384,0.0008366249967366457,weak_2x2_bal_strong_100_100,weak_null,True,880,2311938656,-4.440892098500626e-16,0,0
100,100,0.048124346177646826,0.0766809766511023,0.042927775219368414,0.07031843495140322,-0.02855663047345547,-0.027390659732034806,0.05357329899688385,-0.533038491340929,-0.5112744640502354,0.5940069356885873,0.6091588833330139,0.66,0.61,0.629,True,999,0.0001117499778047204,0.0008379999781027436,weak_2x2_bal_strong_100_100,weak_null,True,881,2311938656,-4.440892098500626e-16,0,0
100,100,0.017048029762045003,0.11574495174316418,0.011877613769172513,0.10554063007764825,-0.09869692198111918,-0.09366301630847573,0.05582009171729143,-1.7681253997392798,-1.6779445075591246,0.07703994205635249,0.09335793269668534,0.075,0.082,0.082,True,999,0.00011383404489606619,0.0008880000095814466,weak_2x2_bal_strong_100_100,weak_null,True,882,2311938656,-4.440892098500626e-16,0,0
100,100,0.03432252655653312,0.0766809766511023,0.029146412337979655,0.07031843495140322,-0.04235845009456918,-0.041172022613423565,0.051197662853061245,-0.8273512448437176,-0.8041777752939318,0.40803800622969066,0.4212943122400099,0.48,0.411,0.418,True,999,0.00011787493713200092,0.0007971249287948012,weak_2x2_bal_strong_100_100,weak_null,True,883,2311938656,-4.440892098500626e-16,0,0
100,100,0.025792784583158812,0.05098122424948892,0.020618629094599328,0.04532118537139951,-0.02518843966633011,-0.02470255627680018,0.04228108172806343,-0.5957378249764992,-0.5842460804498347,0.5513503851828792,0.5590547630265394,0.654,0.565,0.567,True,999,0.00011358293704688549,0.0008217080030590296,weak_2x2_bal_strong_100_100,weak_null,True,884,2311938656,-4.440892098500626e-16,0,0
100,100,0.032565480312198525,0.03617656816955306,0.027389344920791814,0.030134603137639715,-0.0036110878573545335,-0.002745258216847901,0.04049522513198873,-0.08917317648154022,-0.0677921460591984,0.928944282500713,0.9459510959171977,0.949,0.925,0.949,True,999,0.00011354207526892424,0.0007950839353725314,weak_2x2_bal_strong_100_100,weak_null,True,885,2311938656,-4.440892098500626e-16,0,0
100,100,0.036850479774427236,0.0210143687768371,0.0316641156819486,0.015154105746773894,0.015836110997590136,0.016510009935174708,0.035351442973319845,0.4479622234810001,0.46702506451108683,0.6541804602164092,0.6404819456338355,0.805,0.666,0.652,True,999,0.00010958302300423384,0.0007887920364737511,weak_2x2_bal_strong_100_100,weak_null,True,886,2311938656,-4.440892098500626e-16,0,0
100,100,0.06554999928391636,0.04320588378012424,0.060352174363487165,0.037705222481037026,0.022344115503792117,0.02264695188245014,0.04739683274372449,0.47142634244374815,0.4778157225167894,0.6373363081237386,0.632781369683749,0.707,0.646,0.645,True,999,0.00010687496978789568,0.0007974159670993686,weak_2x2_bal_strong_100_100,weak_null,True,887,2311938656,-4.440892098500626e-16,0,0
100,100,0.05510592238456247,0.15942862508546907,0.04990744459784935,0.15354555399289893,-0.1043227027009066,-0.10363810939504958,0.06704882513891589,-1.5559214122658287,-1.54571104236839,0.11972678103689144,0.12217436922211,0.15,0.135,0.136,True,999,0.00010895798914134502,0.0008116669487208128,weak_2x2_bal_strong_100_100,weak_null,True,888,2311938656,-4.440892098500626e-16,0,0
100,100,0.040351649128849365,0.061761720385763164,0.03516751106675997,0.05629163434895901,-0.0214100712569138,-0.021124123282199037,0.04648935641360402,-0.4605370542546087,-0.4543862275541753,0.6451307810161513,0.6495508633348284,0.71,0.64,0.646,True,999,0.0001092919846996665,0.0008150419453158975,weak_2x2_bal_strong_100_100,weak_null,True,889,2311938656,-4.440892098500626e-16,0,0
100,100,0.028388665317186534,0.04492721511061393,0.023216524234612734,0.03939789683026618,-0.016538549793427393,-0.016181372595653443,0.04014843673629073,-0.41193508733748446,-0.4030386712672893,0.6803870022891131,0.6869197760540118,0.781,0.708,0.711,True,999,0.0001129999291151762,0.0008121669525280595,weak_2x2_bal_strong_100_100,weak_null,True,890,2311938656,-4.440892098500626e-16,0,0
100,100,0.06449032675485356,0.04213341673780796,0.059284525146424016,0.036352756869959535,0.022356910017045595,0.02293176827646448,0.04807278350380772,0.46506377179667086,0.47702185322071305,0.6418857888444984,0.6333465603353894,0.756,0.68,0.678,True,999,0.00011470809113234282,0.0008763330988585949,weak_2x2_bal_strong_100_100,weak_null,True,891,2311938656,-4.440892098500626e-16,0,0
100,100,0.059457384001442515,0.02924946591846822,0.05425536367746986,0.02357595456710726,0.030207918082974294,0.0306794091103626,0.04296477766460009,0.7030856372349731,0.714059533831598,0.48200238238753457,0.47519036707678564,0.599,0.478,0.472,True,999,0.00012333295308053493,0.0008109579794108868,weak_2x2_bal_strong_100_100,weak_null,True,892,2311938656,-4.440892098500626e-16,0,0
100,100,0.012033094035077352,0.011981312245665787,0.006849613297390533,0.005682216469743651,5.178178941156464e-05,0.0011673968276468827,0.023461075129966993,0.00220713625120374,0.049758880238005745,0.9982389614913783,0.9603145348831184,0.998,0.998,0.962,True,999,0.00010874995496124029,0.0007933750748634338,weak_2x2_bal_strong_100_100,weak_null,True,893,2311938656,-4.440892098500626e-16,0,0
100,100,0.08243557958001091,0.00038587977653042893,0.07722587845455564,-0.009677774441939846,0.08204969980348048,0.08690365289649549,0.03896016982203678,2.1059892751563742,2.2305768504977292,0.03520528396439276,0.02570917164093553,0.157,0.03,0.024,True,999,0.0001081250375136733,0.0007999580120667815,weak_2x2_bal_strong_100_100,weak_null,True,894,2311938656,-4.440892098500626e-16,0,0
100,100,0.05636923747073441,0.0023686919323014644,0.05117486174093244,-0.007758832996650256,0.05400054553843295,0.0589336947375827,0.033503046809196246,1.6118099898786025,1.75905478308337,0.10700329364239834,0.07856820403292054,0.406,0.111,0.084,True,999,0.00011008302681148052,0.0008336250903084874,weak_2x2_bal_strong_100_100,weak_null,True,895,2311938656,-4.440892098500626e-16,0,0
100,100,0.003494456891295572,0.09520841353863585,-0.0016638783348525976,0.08953924655247647,-0.09171395664734028,-0.09120312488732907,0.047493642995360845,-1.9310785794279637,-1.9203227871199045,0.05347333555975923,0.05481713979096078,0.057,0.045,0.045,True,999,0.00011008302681148052,0.000794457970187068,weak_2x2_bal_strong_100_100,weak_null,True,896,2311938656,-4.440892098500626e-16,0,0
100,100,0.024656174646824236,0.0599450194984637,0.019484350295542185,0.05387704993734843,-0.03528884485163947,-0.034392699641806246,0.04612453119749634,-0.7650775831311855,-0.7456487632263045,0.4442253475492557,0.45587961779212494,0.545,0.436,0.451,True,999,0.00011104100849479437,0.0008099999977275729,weak_2x2_bal_strong_100_100,weak_null,True,897,2311938656,-4.440892098500626e-16,0,0
100,100,0.009380164302923766,0.05111480685565756,0.004218392733193355,0.04553161037080855,-0.04173464255273379,-0.041313217637615196,0.03741466779248048,-1.1154620638144896,-1.1041984354039416,0.26465246637015627,0.26950706822212933,0.339,0.264,0.271,True,999,0.00011083297431468964,0.0008186249760910869,weak_2x2_bal_strong_100_100,weak_null,True,898,2311938656,-4.440892098500626e-16,0,0
100,100,0.12134362509563312,0.020109266173508444,0.11606227275465386,0.013683276698138513,0.10123435892212468,0.10237899605651535,0.05260462556960081,1.924438351684154,1.946197600457367,0.05429966111248783,0.05163100805935058,0.234,0.066,0.065,True,999,0.00011312495917081833,0.0008192079840227962,weak_2x2_bal_strong_100_100,weak_null,True,899,2311938656,-4.440892098500626e-16,0,0
100,100,0.052014752705386025,0.0936435595524795,0.046828016581656584,0.08737377012362657,-0.04162880684709347,-0.04054575354196999,0.05930144174799035,-0.701986420903573,-0.6837228968947291,0.4826876318595468,0.4941501621362775,0.541,0.488,0.499,True,999,0.00011399993672966957,0.0008807920385152102,weak_2x2_bal_strong_100_100,weak_null,True,900,2311938656,-4.440892098500626e-16,0,0
100,100,0.07236826439092225,0.032634168824954624,0.06716313805947038,0.027158164629526027,0.03973409556596763,0.04000497342994436,0.04573820655187189,0.8687287622636674,0.8746511165577634,0.3849955055959221,0.38176376564787784,0.516,0.415,0.401,True,999,0.00011641695164144039,0.0008272919803857803,weak_2x2_bal_strong_100_100,weak_null,True,901,2311938656,-4.440892098500626e-16,0,0
100,100,0.029209586373763807,0.017280605103665247,0.024037543279177953,0.011357349791218496,0.01192898127009856,0.012680193487959457,0.03145864422479054,0.3791956571573448,0.4030750148465397,0.7045425762766453,0.686893040379718,0.796,0.686,0.678,True,999,0.00011437491048127413,0.000832374906167388,weak_2x2_bal_strong_100_100,weak_null,True,902,2311938656,-4.440892098500626e-16,0,0
100,100,0.05879172279147726,0.05738085155761896,0.053599990936902486,0.051487920473896054,0.0014108712338583018,0.0021120704630064324,0.05033431961387086,0.0280300050677451,0.04196084260617282,0.9776382199605261,0.9665299136798599,0.988,0.988,0.962,True,999,0.00011387502308934927,0.0008348749252036214,weak_2x2_bal_strong_100_100,weak_null,True,903,2311938656,-4.440892098500626e-16,0,0
100,100,0.01369485754673161,0.00687095089548051,0.00851688331783862,0.0006154644481455307,0.006823906651251099,0.007901418869693089,0.020897391861584562,0.3265434603729382,0.37810550340581867,0.7440132130651447,0.7053522201558482,0.874,0.759,0.731,True,999,0.00011416699271649122,0.0008412089664489031,weak_2x2_bal_strong_100_100,weak_null,True,904,2311938656,-4.440892098500626e-16,0,0
100,100,0.0573786912447658,0.009744839081910095,0.05218472349366721,-0.0005558413570412313,0.047633852162855705,0.05274056485070844,0.03703313589047451,1.286249490287099,1.424145257552281,0.19835600405860687,0.15440442769405924,0.5,0.191,0.139,True,999,0.00011591601651161909,0.000865875044837594,weak_2x2_bal_strong_100_100,weak_null,True,905,2311938656,-4.440892098500626e-16,0,0
100,100,0.12334280295826527,0.05676359474749987,0.11808680671278182,0.051052564310396065,0.0665792082107654,0.06703424240238576,0.059908510478282294,1.1113480819207038,1.118943566902513,0.26641855056823593,0.26316421503566767,0.39,0.283,0.28,True,999,0.00012137496378272772,0.0008167079649865627,weak_2x2_bal_strong_100_100,weak_null,True,906,2311938656,-4.440892098500626e-16,0,0
100,100,0.10038635749680447,0.021327678612898554,0.09516207907226715,0.014808974428923705,0.07905867888390591,0.08035310464334344,0.049043982670770245,1.611995490142446,1.6383886517281792,0.10696292110718207,0.10134064493942914,0.271,0.118,0.111,True,999,0.00011145905591547489,0.0008031249744817615,weak_2x2_bal_strong_100_100,weak_null,True,907,2311938656,-4.440892098500626e-16,0,0
100,100,0.02440927043779595,0.007623692814645866,0.019240497564368297,0.0018527396151952757,0.016785577623150083,0.01738775794917302,0.025521777975271352,0.6576962482556671,0.6812910121708773,0.5107333336201958,0.4956873692501007,0.715,0.512,0.497,True,999,0.00010966707486659288,0.0007907500257715583,weak_2x2_bal_strong_100_100,weak_null,True,908,2311938656,-4.440892098500626e-16,0,0
100,100,0.07818481288563217,0.021161824097623627,0.07293566443634347,0.01522646727512722,0.057022988788008544,0.05770919716121625,0.044056284127235494,1.2943213418391104,1.3098970624610748,0.19555444766621688,0.19023066104100683,0.391,0.202,0.199,True,999,0.00011149991769343615,0.0008511251071467996,weak_2x2_bal_strong_100_100,weak_null,True,909,2311938656,-4.440892098500626e-16,0,0
100,100,0.045879306933472086,0.0936435595524795,0.040695433869984754,0.08737377012362657,-0.04776425261900741,-0.04667833625364182,0.05835857460171553,-0.8184616047425414,-0.7998539472941418,0.4130936573812466,0.42379542258059455,0.491,0.402,0.417,True,999,0.00011470902245491743,0.000798500026576221,weak_2x2_bal_strong_100_100,weak_null,True,910,2311938656,-4.440892098500626e-16,0,0
100,100,0.04094650046184545,0.05367104127007433,0.035759858778433795,0.0479295020517867,-0.012724540808228879,-0.012169643273352904,0.046224877821762524,-0.2752747310072544,-0.26327042594417577,0.7831051765406774,0.7923421525315064,0.879,0.803,0.803,True,999,0.0001116669736802578,0.0007980000227689743,weak_2x2_bal_strong_100_100,weak_null,True,911,2311938656,-4.440892098500626e-16,0,0
100,100,0.020538433349263974,0.12076560061380304,0.015370803719349624,0.11485122005461079,-0.10022716726453906,-0.09948041633526117,0.056556338570029,-1.7721650622845062,-1.7589613976174017,0.07636716132578428,0.07858406545123998,0.106,0.089,0.09,True,999,0.00011908402666449547,0.0008155000396072865,weak_2x2_bal_strong_100_100,weak_null,True,912,2311938656,-4.440892098500626e-16,0,0
100,100,0.07780269023358133,0.04888536556537276,0.07257907910994277,0.043433394257235136,0.028917324668208566,0.029145684852707632,0.05047800294144353,0.5728698241440693,0.5773937785636601,0.5667328376144332,0.5636734760192772,0.671,0.586,0.583,True,999,0.00011912500485777855,0.000821624998934567,weak_2x2_bal_strong_100_100,weak_null,True,913,2311938656,-4.440892098500626e-16,0,0
100,100,0.05220314090689748,0.05034662616899377,0.04701571431220941,0.04435579038620574,0.001856514737903714,0.002659923926003671,0.04819594712553069,0.03852014222416366,0.0551897843002371,0.969272972228172,0.9559872674799751,0.984,0.963,0.961,True,999,0.00012212502770125866,0.0008475419599562883,weak_2x2_bal_strong_100_100,weak_null,True,914,2311938656,-4.440892098500626e-16,0,0
100,100,0.015740935765435338,0.10954073903811012,0.010575392507249148,0.10380644819318263,-0.09379980327267479,-0.09323105568593348,0.05349013031341579,-1.7535908535475933,-1.7429580960013165,0.07950063938777524,0.08134093475678342,0.08,0.069,0.075,True,999,0.00011962500866502523,0.0008410830050706863,weak_2x2_bal_strong_100_100,weak_null,True,915,2311938656,-4.440892098500626e-16,0,0
100,100,0.11336317963777809,0.0781959582747177,0.10811253424822098,0.07246840456679848,0.035167221363060386,0.0356441296814225,0.06281538219014379,0.5598504719211657,0.5674426937899827,0.5755814338111105,0.5704134503906164,0.638,0.578,0.57,True,999,0.00012129195965826511,0.0008544579613953829,weak_2x2_bal_strong_100_100,weak_null,True,916,2311938656,-4.440892098500626e-16,0,0
100,100,0.04509790960736082,0.05370605772941539,0.0399045516025609,0.04814587075379961,-0.00860814812205457,-0.008241319151238713,0.04649022857765717,-0.1851603742424183,-0.17726992108615755,0.8531032483962304,0.8592963760912965,0.885,0.859,0.86,True,999,0.00011545896995812654,0.0008440840756520629,weak_2x2_bal_strong_100_100,weak_null,True,917,2311938656,-4.440892098500626e-16,0,0
100,100,0.05164657231477621,0.01772108844093545,0.046446604841420935,0.012101492997310004,0.033925483873840756,0.03434511184411093,0.037359441877069,0.9080832627391046,0.9193154425894074,0.36383423263815295,0.35793060282024647,0.561,0.383,0.377,True,999,0.00012920796871185303,0.0007947079138830304,weak_2x2_bal_strong_100_100,weak_null,True,918,2311938656,-4.440892098500626e-16,0,0
100,100,0.08243557958001091,0.0373447825753509,0.07722587845455564,0.03161117061571872,0.04509079700466001,0.04561470783883692,0.04972731522931933,0.906761139159075,0.9172968142052921,0.36453312420546136,0.35898712633075913,0.52,0.371,0.366,True,999,0.0001091670710593462,0.0007960000075399876,weak_2x2_bal_strong_100_100,weak_null,True,919,2311938656,-4.440892098500626e-16,0,0
100,100,0.020235695421700894,0.04184171028449646,0.015069268209344955,0.03565264405614954,-0.021606014862795564,-0.020583375846804586,0.039857214175897424,-0.5420854244213892,-0.5164278606117892,0.5877596591971506,0.6055556112368206,0.715,0.593,0.623,True,999,0.00010899989865720272,0.0008188330102711916,weak_2x2_bal_strong_100_100,weak_null,True,920,2311938656,-4.440892098500626e-16,0,0
100,100,0.005026615360681608,0.028642845082337942,-0.00013129050341831316,0.02255135771350325,-0.023616229721656334,-0.022682648216921564,0.02916958278112589,-0.8096183582350435,-0.7776130494262098,0.4181595535903343,0.43679716568082305,0.602,0.441,0.442,True,999,0.00011045800056308508,0.000824208022095263,weak_2x2_bal_strong_100_100,weak_null,True,921,2311938656,-4.440892098500626e-16,0,0
100,100,0.011131691090193074,0.032634168824954624,0.005959226948021978,0.027158164629526027,-0.02150247773476155,-0.02119893768150405,0.031151781706142388,-0.6902487291929685,-0.6805048225323216,0.490037784107231,0.4961848693116768,0.673,0.493,0.497,True,999,0.00011316605377942324,0.0008168329950422049,weak_2x2_bal_strong_100_100,weak_null,True,922,2311938656,-4.440892098500626e-16,0,0
100,100,0.05744819670858625,0.07139087860353233,0.052237771706174385,0.06571723511521554,-0.013942681894946074,-0.01347946340904116,0.05340251194426138,-0.26108663033489293,-0.2524125348843194,0.7940257016574088,0.8007222123226687,0.834,0.788,0.788,True,999,0.00011708308011293411,0.0008213750552386045,weak_2x2_bal_strong_100_100,weak_null,True,923,2311938656,-4.440892098500626e-16,0,0
100,100,0.04594361002401559,0.03627735739012716,0.04075230116282569,0.030481166935288684,0.009666252633888428,0.010271134227537004,0.042358237609383544,0.2282024271884976,0.2424825679069721,0.8194888745974133,0.8084062626735622,0.853,0.826,0.788,True,999,0.000116499955765903,0.0008253330597653985,weak_2x2_bal_strong_100_100,weak_null,True,924,2311938656,-4.440892098500626e-16,0,0
100,100,0.004937848310545001,0.12535025836452401,-0.0002195384817014201,0.1186572583064418,-0.12041241005397901,-0.11887679678814322,0.057574322433372516,-2.09142556898217,-2.064753726380585,0.0364899321155486,0.038946308223648585,0.027,0.032,0.034,True,999,0.00011558306869119406,0.0008357919286936522,weak_2x2_bal_strong_100_100,weak_null,True,925,2311938656,-4.440892098500626e-16,0,0
100,100,0.052261794041927656,0.06598641931342641,0.04706800928239829,0.059837807944241206,-0.013724625271498758,-0.012769798661842913,0.053240936327331546,-0.2577833189694138,-0.23984925027112008,0.7965741390387427,0.8104471249173758,0.83,0.792,0.799,True,999,0.0001141249667853117,0.0008856659987941384,weak_2x2_bal_strong_100_100,weak_null,True,926,2311938656,-4.440892098500626e-16,0,0
100,100,0.09162019972020741,0.06266501567668914,0.0864020829954768,0.05690298795410342,0.028955184043518267,0.02949909504137338,0.05727176524258997,0.5055751978461078,0.5150722160635703,0.6131548965561571,0.6065025570211992,0.699,0.622,0.619,True,999,0.0001225419109687209,0.0008117080433294177,weak_2x2_bal_strong_100_100,weak_null,True,927,2311938656,-4.440892098500626e-16,0,0
100,100,0.060432563405583783,0.07627174240931281,0.05523009501150966,0.06603755964470537,-0.015839179003729026,-0.010807464633195707,0.056395695989504155,-0.28085794005763964,-0.191636337553261,0.7788193616141592,0.8480270767623532,0.833,0.796,0.833,True,999,0.00010966707486659288,0.0007947089616209269,weak_2x2_bal_strong_100_100,weak_null,True,928,2311938656,-4.440892098500626e-16,0,0
100,100,0.07172993267542793,0.06281801848483975,0.06648286500998779,0.057261483253341794,0.008911914190588177,0.009221381756645997,0.05249555466933439,0.16976512100355284,0.1756602404666604,0.8651948581111921,0.8605608730306993,0.877,0.849,0.848,True,999,0.00010862504132091999,0.0007923329249024391,weak_2x2_bal_strong_100_100,weak_null,True,929,2311938656,-4.440892098500626e-16,0,0
100,100,0.0262537385723719,0.061657590713618426,0.021061327577541533,0.05574835576236836,-0.03540385214124653,-0.03468702818482683,0.04544544978503356,-0.779040636823139,-0.7632673534733113,0.435955777234189,0.445303967639452,0.567,0.436,0.438,True,999,0.00010883307550102472,0.0007980420487001538,weak_2x2_bal_strong_100_100,weak_null,True,930,2311938656,-4.440892098500626e-16,0,0
100,100,0.010884196327158757,0.04908904480718229,0.005717207736537944,0.043546506456451084,-0.038204848480023534,-0.03782929871991314,0.03721717560562312,-1.0265380931875763,-1.016447328533913,0.3046380175123171,0.30941641753563154,0.414,0.305,0.308,True,999,0.00011304207146167755,0.0008080831030383706,weak_2x2_bal_strong_100_100,weak_null,True,931,2311938656,-4.440892098500626e-16,0,0
100,100,0.0021367284922555463,0.0373447825753509,-0.0030283583219983257,0.03161117061571872,-0.03520805408309535,-0.034639528937717046,0.03171420676941488,-1.1101666309702543,-1.0922401177986687,0.2669272291207754,0.2747275733013551,0.433,0.24,0.247,True,999,0.00011679204180836678,0.0008128340123221278,weak_2x2_bal_strong_100_100,weak_null,True,932,2311938656,-4.440892098500626e-16,0,0
100,100,0.06954414077971316,0.02579476570101419,0.06433286090916113,0.020141690039999105,0.04374937507869897,0.04419117086916202,0.043809815395137626,0.998620393263621,1.0087047952744106,0.31797861729232246,0.31311623135229016,0.488,0.332,0.328,True,999,0.0001154579222202301,0.0008209999650716782,weak_2x2_bal_strong_100_100,weak_null,True,933,2311938656,-4.440892098500626e-16,0,0
100,100,0.06386200406420894,0.04710839102644515,0.058663610207815964,0.04145299284566306,0.016753613037763793,0.017210617362152902,0.04867512472696968,0.34419250349616526,0.35358137156692127,0.7307015196284274,0.7236526369875655,0.814,0.748,0.741,True,999,0.00011516700033098459,0.0008227500366047025,weak_2x2_bal_strong_100_100,weak_null,True,934,2311938656,-4.440892098500626e-16,0,0
100,100,0.0743517013374243,0.0635657802650259,0.0691471279678808,0.057768597126361954,0.010785921072398397,0.011378530841518852,0.054904238552560235,0.19644969781473162,0.2072432136660287,0.8442582007717936,0.8358199201943053,0.867,0.863,0.854,True,999,0.00011545803863555193,0.0008612499805167317,weak_2x2_bal_strong_100_100,weak_null,True,935,2311938656,-4.440892098500626e-16,0,0
100,100,0.016089962743297548,0.09454061472270575,0.010922942861185447,0.08879554201865858,-0.0784506519794082,-0.07787259915747313,0.05095256007734723,-1.5396802802512417,-1.5283353582089032,0.12363830592243365,0.12642929532083627,0.131,0.114,0.115,True,999,0.00011475000064820051,0.0008029579184949398,weak_2x2_bal_strong_100_100,weak_null,True,936,2311938656,-4.440892098500626e-16,0,0
100,100,0.11037398393080611,0.006520292351489043,0.10513945511530665,0.00027593733213393534,0.10385369157931706,0.10486351778317271,0.045955059111904346,2.2598968119358696,2.2818710237717554,0.02382765583391544,0.02249695603198983,0.135,0.023,0.021,True,999,0.00011037499643862247,0.0008181660668924451,weak_2x2_bal_strong_100_100,weak_null,True,937,2311938656,-4.440892098500626e-16,0,0
100,100,0.039379373902592496,0.06642171978559502,0.03420076535070393,0.06048981284744315,-0.027042345883002528,-0.026289047496739215,0.04957736370322097,-0.5454575205911085,-0.5302631187513356,0.5854388888742098,0.5959295139555026,0.667,0.567,0.591,True,999,0.00011379201896488667,0.0007982079405337572,weak_2x2_bal_strong_100_100,weak_null,True,938,2311938656,-4.440892098500626e-16,0,0
100,100,0.007050158551725971,0.024105915469658346,0.0018897223110485584,0.017553762352775948,-0.017055756917932374,-0.01566404004172739,0.029037471094961312,-0.5873706033888038,-0.5394422947680685,0.5569548324498863,0.5895817039394773,0.693,0.544,0.594,True,999,0.00010895903687924147,0.0008084999863058329,weak_2x2_bal_strong_100_100,weak_null,True,939,2311938656,-4.440892098500626e-16,0,0
100,100,0.057778977696978706,0.02199454243513621,0.052586858872615494,0.01515197268713564,0.035784435261842495,0.037434886185479854,0.04124654067803406,0.8675742177064458,0.9075885048807473,0.38562746575411877,0.36409566984226893,0.586,0.396,0.38,True,999,0.00010725005995482206,0.0008007499855011702,weak_2x2_bal_strong_100_100,weak_null,True,940,2311938656,-4.440892098500626e-16,0,0
100,100,0.13331128794273506,0.09789976646625886,0.12804896311185132,0.09201443332480608,0.03541152147647619,0.036034529787045244,0.06796967986676984,0.5209899700261612,0.5301559439102553,0.6023737584913269,0.5960038138181525,0.681,0.635,0.617,True,999,0.00010858301538974047,0.000800540903583169,weak_2x2_bal_strong_100_100,weak_null,True,941,2311938656,-4.440892098500626e-16,0,0
100,100,0.048124346177646826,0.10359982197867273,0.042927775219368414,0.09806345748450696,-0.05547547580102591,-0.05513568226513854,0.05617680439969288,-0.987515690752413,-0.981467045951086,0.3233898946560666,0.3263624775033088,0.402,0.331,0.335,True,999,0.00011479202657938004,0.0008041670080274343,weak_2x2_bal_strong_100_100,weak_null,True,942,2311938656,-4.440892098500626e-16,0,0
100,100,0.09103835747329414,0.07627174240931286,0.08582259536504466,0.06603755964470537,0.014766615063981275,0.019785035720339295,0.06074512612436138,0.24309135573692117,0.3257057311863026,0.8079346275258552,0.7446470076334561,0.848,0.817,0.742,True,999,0.00011429202277213335,0.000828250078484416,weak_2x2_bal_strong_100_100,weak_null,True,943,2311938656,-4.440892098500626e-16,0,0
100,100,0.13007922668767635,0.03617656816955306,0.12482476356076688,0.030134603137639715,0.0939026585181233,0.09469016042312717,0.05710657623164387,1.644340542098372,1.658130580951507,0.10010587933725977,0.09729111259072479,0.206,0.087,0.083,True,999,0.00011212495155632496,0.0008735830197110772,weak_2x2_bal_strong_100_100,weak_null,True,944,2311938656,-4.440892098500626e-16,0,0
100,100,0.061309816897410885,0.029660227365619907,0.05608589708958789,0.023977110527795276,0.03164958953179098,0.03210878656179261,0.04351971554474425,0.7272471599510077,0.7377986312612812,0.4670745610963766,0.4606368251818509,0.605,0.45,0.445,True,999,0.00011183402966707945,0.0007917920593172312,weak_2x2_bal_strong_100_100,weak_null,True,945,2311938656,-4.440892098500626e-16,0,0
100,100,0.0033639818946948896,0.047829950993235615,-0.0018018326209698898,0.04196866477914085,-0.044465969098540725,-0.04377049740011074,0.036614326076628706,-1.2144418281925937,-1.195447304110013,0.22457905088415564,0.23191231310927607,0.251,0.194,0.202,True,999,0.00010858301538974047,0.0008093330543488264,weak_2x2_bal_strong_100_100,weak_null,True,946,2311938656,-4.440892098500626e-16,0,0
100,100,0.049884488247439074,0.10931342058777566,0.044696008551312616,0.09914430591602041,-0.05942893234033658,-0.0544482973647078,0.05943110280091797,-0.9999634793823587,-0.9161582874727808,0.3173281820262649,0.3595838799339327,0.364,0.329,0.371,True,999,0.00010879209730774164,0.0008273749845102429,weak_2x2_bal_strong_100_100,weak_null,True,947,2311938656,-4.440892098500626e-16,0,0
100,100,0.039379373902592496,0.06958485096707717,0.03420076535070393,0.06373666501704633,-0.030205477064484676,-0.029535899666342402,0.05076819574582156,-0.5949684959401126,-0.5817795813390381,0.5518645298566132,0.5607151592798849,0.625,0.561,0.576,True,999,0.0001112079480662942,0.000825291033834219,weak_2x2_bal_strong_100_100,weak_null,True,948,2311938656,-4.440892098500626e-16,0,0
100,100,0.08243557958001091,0.04290193331568587,0.07722587845455564,0.036946140019274765,0.03953364626432504,0.040279738435280876,0.05107547518636876,0.7740240520537721,0.788631692378868,0.43891656795312917,0.43032730212709214,0.547,0.413,0.407,True,999,0.000112209003418684,0.0008031249744817615,weak_2x2_bal_strong_100_100,weak_null,True,949,2311938656,-4.440892098500626e-16,0,0
100,100,0.055965196865410904,0.10618786094541016,0.05077234825118637,0.10033861679475109,-0.05022266407999926,-0.04956626854356472,0.058978937237679024,-0.8515355893512816,-0.8404062681532862,0.3944719022496196,0.4006806358664372,0.427,0.387,0.388,True,999,0.00010983401443809271,0.0008075418882071972,weak_2x2_bal_strong_100_100,weak_null,True,950,2311938656,-4.440892098500626e-16,0,0
100,100,0.04341970558965946,0.04663349849632514,0.038225549272752346,0.04037187854172686,-0.00321379290666568,-0.0021463292689745117,0.04674638091536138,-0.06874955544653923,-0.045914340895408315,0.9451889719441401,0.9633785238505662,0.961,0.945,0.962,True,999,0.00011562497820705175,0.0008273749845102429,weak_2x2_bal_strong_100_100,weak_null,True,951,2311938656,-4.440892098500626e-16,0,0
100,100,0.060244385944802636,0.00900239258683766,0.05504804486290027,0.003227948554481941,0.05124199335796498,0.05182009630841833,0.03658899044789929,1.4004757368457803,1.4162756521584627,0.1613709041599366,0.15669481360681947,0.344,0.159,0.155,True,999,0.00011499994434416294,0.0008235409623011947,weak_2x2_bal_strong_100_100,weak_null,True,952,2311938656,-4.440892098500626e-16,0,0
100,100,0.012089164002732633,0.12981661355222546,0.006918617973511232,0.1188693928497031,-0.11772744954949282,-0.11195077487619187,0.06116616176424323,-1.9247153353067583,-1.830273007936825,0.054264980908877644,0.06720912546980169,0.076,0.059,0.071,True,999,0.00011537503451108932,0.0008671249961480498,weak_2x2_bal_strong_100_100,weak_null,True,953,2311938656,-4.440892098500626e-16,0,0
100,100,0.044220205393429524,0.08584246853916994,0.03903546391879331,0.08019040491035412,-0.04162226314574041,-0.04115494099156081,0.053941190604057845,-0.7716229968162639,-0.7629594477001558,0.4403377497455476,0.44548758084834905,0.501,0.44,0.446,True,999,0.00011104193981736898,0.0008047920418903232,weak_2x2_bal_strong_100_100,weak_null,True,954,2311938656,-4.440892098500626e-16,0,0
100,100,0.059204850577441515,0.10486325196794255,0.05401158379129356,0.09894100227254654,-0.045658401390501036,-0.04492941848125298,0.06029659741786073,-0.7572301480643143,-0.7451401970477397,0.4489119912610021,0.45618697097794547,0.494,0.429,0.44,True,999,0.00010895798914134502,0.0008107080357149243,weak_2x2_bal_strong_100_100,weak_null,True,955,2311938656,-4.440892098500626e-16,0,0
100,100,0.044955804955724266,0.10729499331523723,0.03977145582517494,0.10086536567521165,-0.062339188359512965,-0.06109390985003671,0.05964647332897595,-1.0451445807312953,-1.024266925440462,0.2959561524487099,0.30570921549335095,0.349,0.284,0.288,True,999,0.00011104100849479437,0.0008258749730885029,weak_2x2_bal_strong_100_100,weak_null,True,956,2311938656,-4.440892098500626e-16,0,0
100,100,0.08460565016983379,0.015465309507012748,0.07938719564293706,0.009648673560995746,0.06914034066282104,0.06973852208194131,0.043820666992393946,1.5778021059063727,1.5914527748755167,0.11461107989564084,0.11150771539429907,0.258,0.1,0.096,True,999,0.00011100003030151129,0.0008331249700859189,weak_2x2_bal_strong_100_100,weak_null,True,957,2311938656,-4.440892098500626e-16,0,0
100,100,0.021050379165941546,0.04348535003939452,0.015880697229448515,0.03765412835063131,-0.022434970873452975,-0.021773431121182796,0.03936544225066131,-0.5699153773148855,-0.5531102885251344,0.5687350946967711,0.580187891979266,0.663,0.562,0.573,True,999,0.00011337501928210258,0.0008388749556615949,weak_2x2_bal_strong_100_100,weak_null,True,958,2311938656,-4.440892098500626e-16,0,0
100,100,0.05230025100841673,0.045096129941809254,0.047112866505500506,0.03855142122863242,0.007204121066607477,0.008561445276868085,0.047619603389373134,0.15128477672737528,0.17978825247374217,0.8797510774766678,0.8573188065060439,0.896,0.872,0.863,True,999,0.00011562497820705175,0.0008004999253898859,weak_2x2_bal_strong_100_100,weak_null,True,959,2311938656,-4.440892098500626e-16,0,0
100,100,0.052261794041927656,0.02199454243513621,0.04706800928239829,0.01515197268713564,0.030267251606791445,0.03191603659526265,0.04001036027373379,0.756485355285877,0.7976943065972606,0.4493582495194671,0.4250479085951585,0.639,0.487,0.462,True,999,0.00010895903687924147,0.0008036659564822912,weak_2x2_bal_strong_100_100,weak_null,True,960,2311938656,-4.440892098500626e-16,0,0
100,100,0.07276017128216605,0.06526171889034815,0.06755718170455793,0.05973956135656522,0.0074984523918179,0.007817620347992715,0.05373347658987931,0.13954899008396254,0.14548882454899936,0.8890163461313146,0.8843249385901311,0.914,0.914,0.914,True,999,0.00011487503070384264,0.0008079169783741236,weak_2x2_bal_strong_100_100,weak_null,True,961,2311938656,-4.440892098500626e-16,0,0
100,100,0.05286967496666373,0.047829950993235615,0.047680185505157624,0.04196866477914085,0.005039723973428112,0.005711520726016772,0.04767571003724712,0.10570841985343853,0.11979938466683748,0.9158136997082815,0.9046420693979794,0.94,0.914,0.905,True,999,0.0001444999361410737,0.0008147499756887555,weak_2x2_bal_strong_100_100,weak_null,True,962,2311938656,-4.440892098500626e-16,0,0
100,100,0.10918594307980223,0.06598641931342647,0.10395432219971212,0.059837807944241206,0.04319952376637576,0.04411651425547092,0.061531075877339136,0.7020765223168383,0.7169794063639685,0.48263144289351734,0.4733868036671133,0.562,0.483,0.452,True,999,0.000110417022369802,0.0007987079443410039,weak_2x2_bal_strong_100_100,weak_null,True,963,2311938656,-4.440892098500626e-16,0,0
100,100,0.014056428781547003,0.08817261697208711,0.008889131664957972,0.08185651593107934,-0.07411618819054011,-0.07296738426612137,0.049050971135565766,-1.5110034821879421,-1.4875828669009643,0.1307875636803226,0.1368609345565074,0.195,0.134,0.141,True,999,0.00010966602712869644,0.0007951250299811363,weak_2x2_bal_strong_100_100,weak_null,True,964,2311938656,-4.440892098500626e-16,0,0
100,100,0.03432252655653312,0.015265230418678999,0.029146412337979655,0.009409209522345918,0.01905729613785412,0.019737202815633736,0.03215924508026015,0.5925915266447528,0.613733399723016,0.5534545511606992,0.5393915136763124,0.751,0.567,0.547,True,999,0.0001082499511539936,0.0007983749965205789,weak_2x2_bal_strong_100_100,weak_null,True,965,2311938656,-4.440892098500626e-16,0,0
100,100,0.0196371066289196,0.07312613021967823,0.014469996022114628,0.06753671484835877,-0.05348902359075863,-0.05306671882624414,0.04597608532977372,-1.163409698914048,-1.1542243852561884,0.24466331629281157,0.2484081875949219,0.308,0.257,0.257,True,999,0.00011191703379154205,0.0008085420122370124,weak_2x2_bal_strong_100_100,weak_null,True,966,2311938656,-4.440892098500626e-16,0,0
100,100,0.07078772604321837,0.02101436877683699,0.06558415920513028,0.015154105746773894,0.04977335726638138,0.05043005345835638,0.0430909933586884,1.1550756524007033,1.1703154076439553,0.24805944771237864,0.2418740636824004,0.473,0.265,0.257,True,999,0.00011991697829216719,0.0008108329493552446,weak_2x2_bal_strong_100_100,weak_null,True,967,2311938656,-4.440892098500626e-16,0,0
100,100,0.029922616227185728,0.037813861824602724,0.024746425698552343,0.031666332610974735,-0.007891245597416996,-0.006919906912422391,0.04040969411262289,-0.19528100300447424,-0.17124373406877139,0.8451729681790126,0.8640321205290727,0.886,0.827,0.853,True,999,0.00011658307630568743,0.000824916991405189,weak_2x2_bal_strong_100_100,weak_null,True,968,2311938656,-4.440892098500626e-16,0,0
100,100,0.14370142320744117,0.1559911484366241,0.13837897613272787,0.15012424382969414,-0.012289725229182924,-0.011745267696966266,0.07487423106336408,-0.16413824963067006,-0.15686662193601103,0.8696223112812169,0.8753499659721525,0.855,0.855,0.855,True,999,0.00011612498201429844,0.0008290420519188046,weak_2x2_bal_strong_100_100,weak_null,True,969,2311938656,-4.440892098500626e-16,0,0
100,100,0.10911119988486317,0.04663349849632514,0.10387650445660768,0.04037187854172686,0.06247770138853803,0.06350462591488082,0.057433446828516956,1.0878278222632547,1.1057080746780008,0.2766711245800735,0.26885289392171785,0.418,0.283,0.277,True,999,0.00012483401224017143,0.0008286669617518783,weak_2x2_bal_strong_100_100,weak_null,True,970,2311938656,-4.440892098500626e-16,0,0
100,100,0.04550937731471627,0.05098122424948892,0.040325315708599874,0.04532118537139951,-0.005471846934772651,-0.004995869662799635,0.046418705705800305,-0.11788021340907205,-0.10762621634612637,0.9061625713370433,0.9142922001433753,0.934,0.918,0.919,True,999,0.00012191710993647575,0.0007957089692354202,weak_2x2_bal_strong_100_100,weak_null,True,971,2311938656,-4.440892098500626e-16,0,0
100,100,0.07775536194807608,0.02344021829979187,0.0725411145258903,0.0174958111396748,0.054315143648284214,0.055045303386215494,0.045178218242457754,1.2022418271741342,1.218403591987716,0.22926984809774897,0.22307064077971406,0.401,0.243,0.236,True,999,0.00010933307930827141,0.0008120419224724174,weak_2x2_bal_strong_100_100,weak_null,True,972,2311938656,-4.440892098500626e-16,0,0
100,100,0.08324216141137719,0.07678808679263499,0.07802926120876919,0.07091070215225415,0.0064540746187422005,0.007118559056515039,0.05826327404463208,0.1107743209521338,0.12217918016522601,0.9117953089151636,0.9027571147323468,0.916,0.914,0.895,True,999,0.00010804098565131426,0.0008097919635474682,weak_2x2_bal_strong_100_100,weak_null,True,973,2311938656,-4.440892098500626e-16,0,0
100,100,0.05247954414889877,0.03226235851910819,0.04728988711309512,0.026261925525176366,0.02021718562979058,0.021027961587918753,0.04327884963702247,0.46713777744443524,0.48587154613117506,0.6404013076103583,0.6270582435246207,0.76,0.658,0.649,True,999,0.00011029199231415987,0.0008265000069513917,weak_2x2_bal_strong_100_100,weak_null,True,974,2311938656,-4.440892098500626e-16,0,0
100,100,0.06707733961080509,0.07179919780626359,0.06187720775957928,0.06545933361936562,-0.004721858195458506,-0.003582125859786345,0.0552561681902137,-0.08545395654660658,-0.06482761974111638,0.9319004988708113,0.9483112503260323,0.951,0.938,0.967,True,999,0.00011391693260520697,0.000826750067062676,weak_2x2_bal_strong_100_100,weak_null,True,975,2311938656,-4.440892098500626e-16,0,0
100,100,0.023908491417857114,0.05676359474749987,0.01872650629485406,0.051052564310396065,-0.032855103329642754,-0.032326058015542,0.04374446482238336,-0.7510688143756032,-0.7389748199411338,0.4526112427807176,0.45992228752446573,0.558,0.466,0.471,True,999,0.00011625001206994057,0.0008310410194098949,weak_2x2_bal_strong_100_100,weak_null,True,976,2311938656,-4.440892098500626e-16,0,0
100,100,0.06639707712193688,0.037813861824602724,0.061199525402599875,0.031666332610974735,0.028583215297334152,0.02953319279162514,0.04786887452194555,0.5971148388757321,0.6169602499863582,0.5504307114175307,0.5372609447808159,0.682,0.537,0.531,True,999,0.00011645792983472347,0.0008316249586641788,weak_2x2_bal_strong_100_100,weak_null,True,977,2311938656,-4.440892098500626e-16,0,0
100,100,0.044220205393429524,0.0029358626601621585,0.03903546391879331,-0.0032786766815320334,0.041284342733267365,0.042314140600325345,0.03020496263317782,1.3668066150136435,1.400900279672802,0.17168592880799605,0.16124389514151183,0.388,0.167,0.151,True,999,0.00011500006075948477,0.0008357090409845114,weak_2x2_bal_strong_100_100,weak_null,True,978,2311938656,-4.440892098500626e-16,0,0
100,100,0.03894160488080589,0.0821645684683413,0.03375661195767066,0.07576903824890735,-0.04322296358753541,-0.04201242629123669,0.05368037338473379,-0.8051911874336484,-0.7826403514395942,0.4207093610855106,0.43383833881111633,0.484,0.456,0.456,True,999,0.00011420901864767075,0.000898792059160769,weak_2x2_bal_strong_100_100,weak_null,True,979,2311938656,-4.440892098500626e-16,0,0
100,100,0.06386200406420872,0.009972799093517393,0.058663610207815964,0.003694286584455142,0.05388920497069133,0.05496932362336082,0.038073144724983334,1.415412500332015,1.4437820679228088,0.15694758665887484,0.1488002876991873,0.451,0.169,0.157,True,999,0.00011962489224970341,0.0007997499778866768,weak_2x2_bal_strong_100_100,weak_null,True,980,2311938656,-4.440892098500626e-16,0,0
100,100,0.07408028741081829,0.051632984824524775,0.06887766347199431,0.04595492632088849,0.022447302586293516,0.02292273715110582,0.05168322859493687,0.4343246967449042,0.44352370728928187,0.664052672214507,0.6573869753637267,0.733,0.664,0.664,True,999,0.00010970805305987597,0.0007982500828802586,weak_2x2_bal_strong_100_100,weak_null,True,981,2311938656,-4.440892098500626e-16,0,0
100,100,0.010574794916645258,0.02101436877683699,0.005407222345723994,0.015154105746773894,-0.010439573860191731,-0.0097468834010499,0.02733222336441584,-0.38195113953968124,-0.3566077765096669,0.7024976068445882,0.7213854549591792,0.815,0.7,0.724,True,999,0.00010804191697388887,0.0008113329531624913,weak_2x2_bal_strong_100_100,weak_null,True,982,2311938656,-4.440892098500626e-16,0,0
100,100,0.03979716486732965,0.12785079102481145,0.03461814323193835,0.12197985372448272,-0.0880536261574818,-0.08736171049254438,0.05998939056170238,-1.4678199817168307,-1.456286014485979,0.1421531282764134,0.145313570059136,0.164,0.142,0.144,True,999,0.00010825006756931543,0.0008192089153453708,weak_2x2_bal_strong_100_100,weak_null,True,983,2311938656,-4.440892098500626e-16,0,0
100,100,0.06707733961080509,0.022463525410002516,0.06187720775957928,0.01683087904800118,0.04461381420080257,0.0450463287115781,0.042339177580206326,1.0537241569297662,1.0639396248602941,0.2920092257346668,0.28735605101143025,0.468,0.304,0.299,True,999,0.00010750000365078449,0.000823416979983449,weak_2x2_bal_strong_100_100,weak_null,True,984,2311938656,-4.440892098500626e-16,0,0
100,100,0.05669724154315792,0.08611093055897595,0.05149319752115389,0.08029327477231618,-0.029413689015818034,-0.028800077251162293,0.057025779723685485,-0.5157963496218737,-0.5050360975459011,0.6059966523627414,0.6135334826012524,0.713,0.631,0.643,True,999,0.0001105000264942646,0.0008238330483436584,weak_2x2_bal_strong_100_100,weak_null,True,985,2311938656,-4.440892098500626e-16,0,0
100,100,0.060244385944802636,0.004595019318131943,0.05504804486290027,-0.005540426419912592,0.05564936662667069,0.06058847128281286,0.0353263767467003,1.5752922250048949,1.7151057329555373,0.11518900780477069,0.086325843430477,0.388,0.12,0.094,True,999,0.00011204194743186235,0.0008349999552592635,weak_2x2_bal_strong_100_100,weak_null,True,986,2311938656,-4.440892098500626e-16,0,0
100,100,0.0743517013374243,0.10486325196794255,0.0691471279678808,0.09894100227254654,-0.030511550630518247,-0.029793874304665735,0.06242459080925876,-0.4887745395680319,-0.4772778470539327,0.6250013251465838,0.6331642836083229,0.683,0.642,0.645,True,999,0.0001152919139713049,0.0008307090029120445,weak_2x2_bal_strong_100_100,weak_null,True,987,2311938656,-4.440892098500626e-16,0,0
100,100,0.07391015090475495,0.021211501264594312,0.06870545758084745,0.015561884563140893,0.05269864964016063,0.05314357301770656,0.04329239308160148,1.2172727328985804,1.2275499050730845,0.22350046513831756,0.2196159768978242,0.373,0.22,0.215,True,999,0.00011495908256620169,0.0008522499119862914,weak_2x2_bal_strong_100_100,weak_null,True,988,2311938656,-4.440892098500626e-16,0,0
100,100,0.10533222030442069,0.016970839450722086,0.1000969837944865,0.010604870532709754,0.0883613808536986,0.08949211326177675,0.0485057362992941,1.821668684884689,1.8449799980271433,0.06850527223872797,0.06504044829897443,0.239,0.078,0.075,True,999,0.00011379201896488667,0.0007929159328341484,weak_2x2_bal_strong_100_100,weak_null,True,989,2311938656,-4.440892098500626e-16,0,0
100,100,0.012663459436801139,0.06642171978559502,0.007499651686075026,0.06048981284744315,-0.053758260348793885,-0.05299016116136812,0.04417468036243779,-1.2169473532740063,-1.199559583150402,0.22362424724271313,0.23031043126581585,0.273,0.208,0.219,True,999,0.00011024996638298035,0.0008030000608414412,weak_2x2_bal_strong_100_100,weak_null,True,990,2311938656,-4.440892098500626e-16,0,0
100,100,0.044220205393429524,0.02579476570101419,0.03903546391879331,0.020141690039999105,0.018425439692415335,0.018893773878794207,0.038480453800027,0.4788259459768223,0.4909966492853821,0.6320624569078801,0.6234288174392268,0.739,0.64,0.63,True,999,0.00010954099707305431,0.0007932500448077917,weak_2x2_bal_strong_100_100,weak_null,True,991,2311938656,-4.440892098500626e-16,0,0
100,100,0.08255001320795574,0.03884366515750454,0.07734033821611774,0.03336063842860426,0.043706348050451205,0.04397969978751348,0.04920483163191819,0.8882531776025786,0.8938085616572811,0.3744045797657646,0.3714243275457749,0.463,0.359,0.356,True,999,0.0001080420333892107,0.0008161249570548534,weak_2x2_bal_strong_100_100,weak_null,True,992,2311938656,-4.440892098500626e-16,0,0
100,100,0.08867575753133428,0.03966916030556733,0.08345952307644211,0.03385839212969444,0.049006597225766946,0.049601130946747674,0.051364453194124145,0.9540955695674197,0.9656703782923132,0.3400352685248108,0.3342091463927387,0.488,0.343,0.34,True,999,0.00011074997019022703,0.0008182079764083028,weak_2x2_bal_strong_100_100,weak_null,True,993,2311938656,-4.440892098500626e-16,0,0
100,100,0.09949481585682451,0.20207970593886926,0.09423737667947307,0.19582573200668918,-0.10258489008204474,-0.1015883553272161,0.07674744557689803,-1.336655432776047,-1.3236708344309445,0.18133513576363858,0.18561238877282138,0.21,0.198,0.204,True,999,0.00011179200373589993,0.00083033402916044,weak_2x2_bal_strong_100_100,weak_null,True,994,2311938656,-4.440892098500626e-16,0,0
100,100,0.07818481289216139,0.16118429367000792,0.07297517739610271,0.15101607968910002,-0.08299948077784652,-0.07804090229299732,0.0689975042362587,-1.202934536496317,-1.1310684807637759,0.22900165427148866,0.258026269336022,0.248,0.236,0.265,True,999,0.00011429097503423691,0.0008341249777004123,weak_2x2_bal_strong_100_100,weak_null,True,995,2311938656,-4.440892098500626e-16,0,0
100,100,0.05178102088299952,0.06666352529102759,0.046586289480345044,0.06118189823129683,-0.014882504408028074,-0.014595608750951783,0.04998751518080645,-0.2977244288738414,-0.29198508263831474,0.7659134969330734,0.770298029571581,0.796,0.773,0.777,True,999,0.00011533393990248442,0.0008254999993368983,weak_2x2_bal_strong_100_100,weak_null,True,996,2311938656,-4.440892098500626e-16,0,0
100,100,0.0794334979139697,0.025390182728824207,0.07422418315684354,0.01969354896831277,0.05404331518514549,0.05453063418853077,0.04561937030751478,1.1846571932239727,1.1953394757741331,0.23615301393705768,0.2319544223179102,0.379,0.251,0.244,True,999,0.00011466699652373791,0.0008686250075697899,weak_2x2_bal_strong_100_100,weak_null,True,997,2311938656,-4.440892098500626e-16,0,0
100,100,0.05383148344019828,0.08507544434535969,0.04863837143201977,0.07897337736365273,-0.031243960905161405,-0.030335005931632963,0.05735699298899214,-0.5447280144403263,-0.5288806883138871,0.5859405944115594,0.5968882193291333,0.654,0.594,0.598,True,999,0.00011570798233151436,0.0008350420976057649,weak_2x2_bal_strong_100_100,weak_null,True,998,2311938656,-4.440892098500626e-16,0,0
100,100,0.005484991324330113,0.08769761406374049,0.0003244126758801258,0.0819894519760922,-0.08221262273941038,-0.08166503930021207,0.046957075712717025,-1.7508037178973086,-1.7391423563051085,0.07997972597713489,0.08200972585466859,0.093,0.079,0.08,True,999,0.00011725001968443394,0.0008369170827791095,weak_2x2_bal_strong_100_100,weak_null,True,999,2311938656,-4.440892098500626e-16,0,0
100,100,0.1416169348482933,0.020096433621532406,0.13634703976042317,0.014468668555387865,0.12152050122676089,0.12187837120503531,0.053801318115974925,2.258690037385506,2.2653417327492327,0.02390267262169762,0.023491716952603516,0.072,0.021,0.02,True,999,0.00011720799375325441,0.0008637499995529652,weak_2x2_bal_strong_100_100,weak_null,True,1000,2311938656,-4.440892098500626e-16,0,0
100,100,0.042195621286535756,0.0637569928544609,0.03700754552518504,0.057317970325222234,-0.021561371567925147,-0.020310424800037197,0.05035403288507436,-0.4281955254137398,-0.4033524950502523,0.6685087737552367,0.6866889286433382,0.723,0.66,0.682,True,999,0.00011908391024917364,0.0008157920092344284,weak_2x2_bal_strong_100_100,weak_null,True,1001,2311938656,-4.440892098500626e-16,0,0
100,100,0.016828471383347643,0.015203651329365464,0.011662443581542448,0.008831699729270781,0.0016248200539821789,0.0028307438522716666,0.02715720182374348,0.05983017192005409,0.10423547575497097,0.9522908948968623,0.9169824817177165,0.981,0.952,0.918,True,999,0.00011191610246896744,0.000831749988719821,weak_2x2_bal_strong_100_100,weak_null,True,1002,2311938656,-4.440892098500626e-16,0,0
100,100,0.07686211195978021,0.02344021829979187,0.07164752837876165,0.0174958111396748,0.05342189365998834,0.05415171723908685,0.044857023036369695,1.1909371162833147,1.2072071121434227,0.23367827227704674,0.2273523921530779,0.449,0.25,0.226,True,999,0.0001094999024644494,0.0007945419056341052,weak_2x2_bal_strong_100_100,weak_null,True,1003,2311938656,-4.440892098500626e-16,0,0
100,100,0.045309082788670074,0.006705548778738135,0.040107099488949416,-0.003535114285746488,0.03860353400993194,0.043642213774695904,0.032249632334815544,1.1970224531290843,1.353262366578404,0.23129780328791594,0.17597182733532468,0.555,0.253,0.2,True,999,0.00011079106479883194,0.0008214169647544622,weak_2x2_bal_strong_100_100,weak_null,True,1004,2311938656,-4.440892098500626e-16,0,0
100,100,0.03592806366251622,0.015625874046478,0.030746628893410843,0.0016953245543298578,0.02030218961603822,0.029051304339080986,0.03451862466988053,0.5881517531535095,0.8416124517391305,0.5564304381295662,0.40000491717627285,0.723,0.564,0.396,True,999,0.00010716693941503763,0.0008547080215066671,weak_2x2_bal_strong_100_100,weak_null,True,1005,2311938656,-4.440892098500626e-16,0,0
100,100,0.05142768388279051,0.05676359474749987,0.0462399154987736,0.051052564310396065,-0.005335910864709359,-0.004812648811622466,0.04924927947334533,-0.10834495289615878,-0.09772018724105733,0.9137220652078656,0.9221544851762544,0.943,0.915,0.938,True,999,0.00012629199773073196,0.000805041054263711,weak_2x2_bal_strong_100_100,weak_null,True,1006,2311938656,-4.440892098500626e-16,0,0
100,100,0.03321907830533244,0.015203651329365464,0.028043423464055195,0.008831699729270781,0.018015426975966975,0.019211723734784414,0.03240034631568331,0.556025753565685,0.5929480983814369,0.5781932493564845,0.5532158873138996,0.785,0.601,0.569,True,999,0.00010962493252009153,0.000797417014837265,weak_2x2_bal_strong_100_100,weak_null,True,1007,2311938656,-4.440892098500626e-16,0,0
100,100,0.02426508867076016,0.08769761406374049,0.019096178238271477,0.0819894519760922,-0.06343252539298033,-0.06289327373782072,0.05069004599821093,-1.2513803083788708,-1.24074209244238,0.21079575810812823,0.2147010393066121,0.269,0.216,0.224,True,999,0.00010870897676795721,0.0007958749774843454,weak_2x2_bal_strong_100_100,weak_null,True,1008,2311938656,-4.440892098500626e-16,0,0
100,100,0.05510592238456247,0.03973860287295844,0.04990744459784935,0.03379358606069616,0.015367319511604027,0.01611385853715319,0.04513670129127369,0.3404617322926743,0.357001244578511,0.7335088364988536,0.7210908740114148,0.793,0.722,0.721,True,999,0.000108166947029531,0.0008027500007301569,weak_2x2_bal_strong_100_100,weak_null,True,1009,2311938656,-4.440892098500626e-16,0,0
100,100,0.022080274395515076,0.017443391231600103,0.016905803319772872,0.01105084587955929,0.004636883163914973,0.005854957440213582,0.03019895895702927,0.15354447053995773,0.1938794462598768,0.8779689236394321,0.8462702778341539,0.955,0.881,0.855,True,999,0.0001081250375136733,0.0008387919515371323,weak_2x2_bal_strong_100_100,weak_null,True,1010,2311938656,-4.440892098500626e-16,0,0
100,100,0.08242721375309925,0.047039700673127016,0.07715590329844702,0.04121198737109211,0.03538751307997223,0.03594391592735491,0.05211234359582842,0.6790620156028637,0.689739003222112,0.4970985686849503,0.49035833342536317,0.599,0.476,0.473,True,999,0.00011270795948803425,0.0008457499789074063,weak_2x2_bal_strong_100_100,weak_null,True,1011,2311938656,-4.440892098500626e-16,0,0
100,100,0.021632136557741433,0.039230121626772696,0.01644413181149673,0.03353357758590647,-0.017597985069031263,-0.01708944577440974,0.03680476989037661,-0.4781441405950111,-0.4643269289635782,0.6325476169970827,0.6424135333959069,0.722,0.648,0.667,True,999,0.00011350004933774471,0.0007989580044522882,weak_2x2_bal_strong_100_100,weak_null,True,1012,2311938656,-4.440892098500626e-16,0,0
100,100,0.06481048057679772,0.07941626862984191,0.05961241050464139,0.0736297300150568,-0.014605788053044189,-0.014017319510415405,0.054230339485445096,-0.269328722475806,-0.2584774435014835,0.7876767311660434,0.796038455075055,0.822,0.787,0.797,True,999,0.00010908301919698715,0.0007896659662947059,weak_2x2_bal_strong_100_100,weak_null,True,1013,2311938656,-4.440892098500626e-16,0,0
100,100,0.022737992206843805,0.03226235851910819,0.017560815595189183,0.026261925525176366,-0.009524366312264387,-0.008701109929987183,0.03640177555548226,-0.2616456523596684,-0.23902982195814235,0.793594644206499,0.8110824583126723,0.843,0.793,0.803,True,999,0.00010712502989917994,0.0008482079720124602,weak_2x2_bal_strong_100_100,weak_null,True,1014,2311938656,-4.440892098500626e-16,0,0
100,100,0.052014752705386025,0.03435082088740771,0.046828016581656584,0.028229417306931737,0.017663931817978318,0.018598599274724847,0.04384319297364176,0.4028888094121648,0.42420722610021133,0.6870300240858618,0.6714146913315037,0.809,0.709,0.694,True,999,0.00011154194362461567,0.0008049170719459653,weak_2x2_bal_strong_100_100,weak_null,True,1015,2311938656,-4.440892098500626e-16,0,0
100,100,0.058386195386126105,0.021211501264594312,0.053194310284851554,0.015561884563140893,0.03717469412153179,0.03763242572171066,0.040084256090352224,0.9274138464173537,0.9388330829162702,0.35371170423517106,0.34781645041291553,0.521,0.355,0.351,True,999,0.00010899989865720272,0.0007907920517027378,weak_2x2_bal_strong_100_100,weak_null,True,1016,2311938656,-4.440892098500626e-16,0,0
100,100,0.027658724729074158,0.0637569928544609,0.022483625844230914,0.057317970325222234,-0.036098268125386745,-0.03483434448099132,0.047639210286643134,-0.7577427901970871,-0.7312116273841344,0.4486049771311721,0.46464989913935595,0.522,0.45,0.463,True,999,0.00010858301538974047,0.000811832956969738,weak_2x2_bal_strong_100_100,weak_null,True,1017,2311938656,-4.440892098500626e-16,0,0
100,100,0.023770755349350803,0.037813861824602724,0.018600276937249305,0.031666332610974735,-0.01404310647525192,-0.01306605567372543,0.038957938723185585,-0.36046841633575055,-0.33538878344067125,0.7184968714386527,0.7373318280079441,0.756,0.739,0.739,True,999,0.00010862504132091999,0.0008297499734908342,weak_2x2_bal_strong_100_100,weak_null,True,1018,2311938656,-4.440892098500626e-16,0,0
100,100,0.03660175955144884,0.05098122424948892,0.03141536770881714,0.04532118537139951,-0.014379464698040079,-0.013905817662582365,0.044591589134569516,-0.32247033526088076,-0.31184844345011054,0.7470964074921329,0.755155705981265,0.806,0.765,0.765,True,999,0.00011191703379154205,0.000835041981190443,weak_2x2_bal_strong_100_100,weak_null,True,1019,2311938656,-4.440892098500626e-16,0,0
100,100,0.022737992206843805,0.0025923775661652604,0.017560815595189183,-0.007509651547323415,0.020145614640678544,0.025070467142512598,0.022531875436693265,0.8940940001768036,1.1126666847130366,0.37127159919425834,0.26585160890113424,0.726,0.393,0.285,True,999,0.00011087500024586916,0.0008298330940306187,weak_2x2_bal_strong_100_100,weak_null,True,1020,2311938656,-4.440892098500626e-16,0,0
100,100,0.021713665655581194,0.0599450194984637,0.016540932009760922,0.05387704993734843,-0.03823135384288251,-0.03733611792758751,0.04550364887225645,-0.8401821566048552,-0.820508219734249,0.40080626138127673,0.411926445340426,0.502,0.403,0.415,True,999,0.00011079199612140656,0.000844125053845346,weak_2x2_bal_strong_100_100,weak_null,True,1021,2311938656,-4.440892098500626e-16,0,0
100,100,0.04288024595753581,0.005219622790091083,0.03769181631828644,-0.001015297580323704,0.03766062316744473,0.038707113898610146,0.030750903159636217,1.2246997420510968,1.2587309614183069,0.22068837136663833,0.20812752425029357,0.523,0.206,0.2,True,999,0.00010816706344485283,0.0008122909348458052,weak_2x2_bal_strong_100_100,weak_null,True,1022,2311938656,-4.440892098500626e-16,0,0
100,100,0.01287623345914679,0.01326388501491671,0.00771415638007511,0.007459596219788978,-0.00038765155576991894,0.0002545601602861325,0.02397855794528633,-0.01616659169640028,0.010616158021970357,0.9871014879434484,0.9915296905241401,0.989,0.986,0.989,True,999,0.0001105419360101223,0.0008395409677177668,weak_2x2_bal_strong_100_100,weak_null,True,1023,2311938656,-4.440892098500626e-16,0,0
100,100,0.08072202381269489,0.008292105299597008,0.07551191952371994,0.0020271782656919868,0.07242991851309788,0.07348474125802795,0.04109252701282361,1.7626056068660592,1.788275061183164,0.07796703077837605,0.07373164134472569,0.24,0.08,0.078,True,999,0.00011020805686712265,0.0008213749388232827,weak_2x2_bal_strong_100_100,weak_null,True,1024,2311938656,-4.440892098500626e-16,0,0
100,100,0.05901705585352923,0.23099369363460698,0.053820261823716464,0.22501895288009877,-0.17197663778107775,-0.1711986910563823,0.07260625907900407,-2.3686200055279962,-2.3579054096437906,0.017854587049117483,0.018378375277826115,0.02,0.02,0.02,True,999,0.00011437502689659595,0.0008207090431824327,weak_2x2_bal_strong_100_100,weak_null,True,1025,2311938656,-4.440892098500626e-16,0,0
100,100,0.09205261950694188,0.042227120428751846,0.08679832776211072,0.04220203784646159,0.04982549907819003,0.04459628991564912,0.049776886116715144,1.0009766171664676,0.8959236584442278,0.3168381131232828,0.37029353754253824,0.447,0.316,0.37,True,999,0.00011500006075948477,0.0008339580381289124,weak_2x2_bal_strong_100_100,weak_null,True,1026,2311938656,-4.440892098500626e-16,0,1
100,100,0.09103835747329414,0.00895526007381331,0.08582259536504466,0.002666356217275734,0.08208309739948083,0.08315623914776893,0.04328348891937871,1.89640667720598,1.9212000054491578,0.05790628962317195,0.05470649749106264,0.23,0.062,0.06,True,999,0.00011370901484042406,0.0008291249396279454,weak_2x2_bal_strong_100_100,weak_null,True,1027,2311938656,-4.440892098500626e-16,0,0
100,100,0.052014752705386025,0.005808788675305099,0.046828016581656584,5.237412563019461e-05,0.046205964030080926,0.04677564245602639,0.033416887321452836,1.3827129853718545,1.3997606062488517,0.16675288868571436,0.16158501812059733,0.4,0.163,0.156,True,999,0.000116499955765903,0.0008272909326478839,weak_2x2_bal_strong_100_100,weak_null,True,1028,2311938656,-4.440892098500626e-16,0,0
100,100,0.04564337490516657,0.037813861824602724,0.04045645449031099,0.031666332610974735,0.007829513080563844,0.008790121879336255,0.043860645303505426,0.17850884377978118,0.20041022694743005,0.8583233764098962,0.8411597617905171,0.892,0.856,0.838,True,999,0.0001154160127043724,0.0008492500055581331,weak_2x2_bal_strong_100_100,weak_null,True,1029,2311938656,-4.440892098500626e-16,0,0
100,100,0.040267259181623105,0.016970839450722086,0.03508650452536699,0.010604870532709754,0.02329641973090102,0.024481633992657237,0.035170562035669574,0.6623840616272797,0.6960831040410514,0.5077251156432074,0.4863767870210396,0.706,0.515,0.504,True,999,0.00011549994815140963,0.0008379160426557064,weak_2x2_bal_strong_100_100,weak_null,True,1030,2311938656,-4.440892098500626e-16,0,0
100,100,0.044220205393429524,0.004626699126478062,0.03903546391879331,-0.0016168678801307124,0.03959350626695146,0.040652331798924024,0.0308807172722692,1.282143349128303,1.3164309442847595,0.1997923646938945,0.18802944200826288,0.486,0.201,0.193,True,999,0.00011454196646809578,0.000832374906167388,weak_2x2_bal_strong_100_100,weak_null,True,1031,2311938656,-4.440892098500626e-16,0,0
100,100,0.13061202260566984,0.012712805831746221,0.12536149248168726,0.006799771373700025,0.11789921677392362,0.11856172110798724,0.05058459313721816,2.3307337167683575,2.3438306756045484,0.019767405139455966,0.019086834349160708,0.07,0.018,0.018,True,999,0.00011412508320063353,0.0008794589666649699,weak_2x2_bal_strong_100_100,weak_null,True,1032,2311938656,-4.440892098500626e-16,0,0
100,100,0.05247954414889877,0.014418603318262557,0.04728988711309512,0.008086073546841988,0.038060940830636214,0.03920381356625313,0.03711163847283761,1.0255796401577204,1.0563751744603462,0.30508976836090673,0.29079684336787504,0.534,0.315,0.292,True,999,0.0001112909521907568,0.0008051670156419277,weak_2x2_bal_strong_100_100,weak_null,True,1033,2311938656,-4.440892098500626e-16,0,0
100,100,0.10843039101769636,0.0731082511954878,0.1031986677246266,0.06737970176225616,0.035322139822208554,0.03581896596237044,0.061112867262221496,0.5779820421556926,0.5861116908273892,0.5632762433768712,0.5578004604933668,0.627,0.554,0.55,True,999,0.00011258304584771395,0.0007928329287096858,weak_2x2_bal_strong_100_100,weak_null,True,1034,2311938656,-4.440892098500626e-16,0,0
100,100,0.02440927043779595,0.028642845082337942,0.019240497564368297,0.02255135771350325,-0.004233574644541993,-0.003310860149134953,0.03502906244365611,-0.12085891968566542,-0.0945175211143729,0.903802780923907,0.9246980649139059,0.948,0.91,0.935,True,999,0.00010850001126527786,0.0008032090263441205,weak_2x2_bal_strong_100_100,weak_null,True,1035,2311938656,-4.440892098500626e-16,0,0
100,100,0.03848848195167354,0.02579476570101419,0.033308664659855935,0.020141690039999105,0.012693716250659348,0.01316697461985683,0.03708685009148496,0.34227000188333034,0.35503081516431967,0.7321477087814623,0.7225665058970041,0.826,0.755,0.744,True,999,0.00011354195885360241,0.0008147909538820386,weak_2x2_bal_strong_100_100,weak_null,True,1036,2311938656,-4.440892098500626e-16,0,0
100,100,0.0254806455680765,0.020109266173508444,0.020305279114978703,0.013683276698138513,0.005371379394568054,0.006622002416840189,0.03265931553359768,0.16446699224429076,0.20275998772931797,0.869363529262045,0.8393226334335631,0.913,0.823,0.804,True,999,0.00011824991088360548,0.0008349170675501227,weak_2x2_bal_strong_100_100,weak_null,True,1037,2311938656,-4.440892098500626e-16,0,0
100,100,0.026748083521777155,0.04311622077214983,0.021570106362460706,0.0328805949258566,-0.016368137250372672,-0.011310488563395893,0.04041536928479954,-0.40499783968394487,-0.2798561231419908,0.6854790989068467,0.7795878912475509,0.772,0.672,0.776,True,999,0.00011437502689659595,0.0008284590439870954,weak_2x2_bal_strong_100_100,weak_null,True,1038,2311938656,-4.440892098500626e-16,0,0
100,100,0.06765714940296275,0.037657619469266546,0.06242661171047814,0.03206948613134131,0.0299995299336962,0.030357125579136834,0.04641179384668439,0.6463772986839494,0.6540821429875742,0.5180350385734992,0.5130588854066376,0.626,0.52,0.508,True,999,0.00011458294466137886,0.0008313329890370369,weak_2x2_bal_strong_100_100,weak_null,True,1039,2311938656,-4.440892098500626e-16,0,0
100,100,0.048646947307498634,0.13107744111407993,0.04345864183397907,0.12549531070166609,-0.0824304938065813,-0.08203666886768701,0.0608981637666085,-1.353579298753493,-1.3471123559996256,0.17587063505546563,0.17794404926650065,0.234,0.186,0.191,True,999,0.00011554197408258915,0.0008233339758589864,weak_2x2_bal_strong_100_100,weak_null,True,1040,2311938656,-4.440892098500626e-16,0,0
100,100,0.020778484848206213,0.09165906039433747,0.015608506129339617,0.08579948360241474,-0.07088057554613125,-0.07019097747307512,0.05067025404791383,-1.3988596836145035,-1.3852501589335329,0.16185506447477316,0.1659759881229831,0.205,0.157,0.162,True,999,0.0001592080807313323,0.0008430000161752105,weak_2x2_bal_strong_100_100,weak_null,True,1041,2311938656,-4.440892098500626e-16,0,0
100,100,0.05456137415686513,0.018339938647362775,0.04936275442511828,0.012497204743269208,0.03622143550950235,0.036865549681849075,0.038681406247612876,0.9364043095443995,0.9530560870993189,0.3490650599384061,0.34056165382504455,0.598,0.381,0.372,True,999,0.00011729099787771702,0.0008269170066341758,weak_2x2_bal_strong_100_100,weak_null,True,1042,2311938656,-4.440892098500626e-16,0,0
100,100,0.08255001320795574,0.11123131518947316,0.07734033821611774,0.10533709305269667,-0.028681301981517415,-0.02799675483657893,0.06501970506330965,-0.44111707294873836,-0.43058877011697466,0.6591282441268618,0.666767408028012,0.682,0.64,0.652,True,999,0.0001421249471604824,0.0008120830170810223,weak_2x2_bal_strong_100_100,weak_null,True,1043,2311938656,-4.440892098500626e-16,0,0
100,100,0.07311050662209362,0.09555748124152108,0.06789942459688803,0.08956658658833305,-0.022446974619427462,-0.021667161991445028,0.0615269698239205,-0.36483146632552854,-0.3521571443133423,0.715237214943445,0.7247204147221626,0.731,0.726,0.726,True,999,0.00011116696987301111,0.0008449170272797346,weak_2x2_bal_strong_100_100,weak_null,True,1044,2311938656,-4.440892098500626e-16,0,0
100,100,0.042326694798298425,0.08769761406374049,0.03713193948796345,0.0819894519760922,-0.04537091926544207,-0.04485751248812875,0.05387275656944088,-0.8421867035327937,-0.8326567145363786,0.3996834552346955,0.4050383632187907,0.497,0.41,0.411,True,999,0.00011004204861819744,0.0008010419551283121,weak_2x2_bal_strong_100_100,weak_null,True,1045,2311938656,-4.440892098500626e-16,0,0
100,100,0.05480756465785186,0.034350820887407596,0.04960896595511599,0.028229417306931737,0.020456743770444263,0.021379548648184254,0.04435012161676459,0.4612556409024931,0.4820629091601559,0.6446152063152428,0.6297612574538832,0.769,0.664,0.655,True,999,0.00011012493632733822,0.0008233750704675913,weak_2x2_bal_strong_100_100,weak_null,True,1046,2311938656,-4.440892098500626e-16,0,0
100,100,0.10525160164760838,0.037813861824602724,0.10000571197824115,0.031666332610974735,0.06743773982300566,0.06833937936726642,0.05396964103976634,1.2495495342152756,1.2662559552121544,0.21146414799280655,0.2054214602835589,0.349,0.213,0.208,True,999,0.00011208397336304188,0.000834417063742876,weak_2x2_bal_strong_100_100,weak_null,True,1047,2311938656,-4.440892098500626e-16,0,0
100,100,0.012498045495628163,0.048118410735339845,0.007323130873018613,0.042593389044341734,-0.03562036523971168,-0.03527025817132312,0.037344543053926954,-0.9538305285533821,-0.944455475607012,0.34016943353766593,0.3449369441505654,0.435,0.33,0.335,True,999,0.0001168340677395463,0.0008277499582618475,weak_2x2_bal_strong_100_100,weak_null,True,1048,2311938656,-4.440892098500626e-16,0,0
100,100,0.015930489453407692,0.09454061472270575,0.010766178151556005,0.08879554201865858,-0.07861012526929806,-0.07802936386710257,0.05092326153000688,-1.5436977700844339,-1.532293131325126,0.12266156678271031,0.12545011532647155,0.165,0.139,0.14,True,999,0.0001157920341938734,0.0008756249444559216,weak_2x2_bal_strong_100_100,weak_null,True,1049,2311938656,-4.440892098500626e-16,0,0
100,100,0.04620082918151336,0.03680374870229103,0.04101419296897291,0.03123228343035578,0.00939708047922233,0.009781909538617128,0.04212305867613978,0.22308637536203468,0.23222220432340068,0.8234682820554506,0.8163654325419766,0.86,0.814,0.81,True,999,0.00012333400081843138,0.0007973749889060855,weak_2x2_bal_strong_100_100,weak_null,True,1050,2311938656,-4.440892098500626e-16,0,0
100,100,0.081521341694757,0.03161078068202461,0.07630804452571738,0.025641359589876345,0.04991056101273239,0.05066668493584103,0.048552402276986054,1.0279730491603318,1.0435464067625992,0.30396250539565806,0.2966952995005572,0.502,0.329,0.316,True,999,0.00010954099707305431,0.0007932919543236494,weak_2x2_bal_strong_100_100,weak_null,True,1051,2311938656,-4.440892098500626e-16,0,0
100,100,0.01634913559349871,0.051632984824524886,0.011184427425376953,0.04595492632088849,-0.035283849231026176,-0.03477049889551154,0.04028517215818046,-0.8758520155377144,-0.8631091052306923,0.3811104883530688,0.3880774822258878,0.483,0.357,0.378,True,999,0.00010804098565131426,0.0007993750041350722,weak_2x2_bal_strong_100_100,weak_null,True,1052,2311938656,-4.440892098500626e-16,0,0
100,100,0.09080171068567411,0.029492842442209344,0.08558590285542778,0.022582609109804253,0.061308868243464765,0.06300329374562352,0.050361954122823224,1.2173647609849312,1.2510097124502055,0.22346546437051107,0.21093093395517504,0.426,0.245,0.24,True,999,0.0001082499511539936,0.0008155840914696455,weak_2x2_bal_strong_100_100,weak_null,True,1053,2311938656,-4.440892098500626e-16,0,0
100,100,0.05230025100841673,0.03966916030556733,0.047112866505500506,0.03385839212969444,0.012631090702849401,0.013254474375806069,0.04484968012722407,0.28163167868798783,0.2955310793345104,0.7782259469422819,0.7675882141037383,0.861,0.805,0.791,True,999,0.00010708405170589685,0.0008247090736404061,weak_2x2_bal_strong_100_100,weak_null,True,1054,2311938656,-4.440892098500626e-16,0,0
100,100,0.004288652716386454,0.02387276095972518,-0.0008778047154436308,0.018346209568960603,-0.019584108243338727,-0.019224014284404234,0.02527432588634732,-0.7748617443410298,-0.7606143234383418,0.43842135961038986,0.44688746195931917,0.618,0.434,0.446,True,999,0.000110417022369802,0.0008248341036960483,weak_2x2_bal_strong_100_100,weak_null,True,1055,2311938656,-4.440892098500626e-16,0,0
100,100,0.0573786912447658,0.06958485096707717,0.05218472349366721,0.06373666501704633,-0.012206159722311372,-0.011551941523379128,0.05388332678010136,-0.22652943780039578,-0.21438805310820486,0.8207896661712115,0.8302444573294062,0.858,0.813,0.821,True,999,0.00010904192458838224,0.0008285410003736615,weak_2x2_bal_strong_100_100,weak_null,True,1056,2311938656,-4.440892098500626e-16,0,0
100,100,0.02440927043779595,0.033236881825550346,0.019240497564368297,0.02753332313884016,-0.008827611387754397,-0.008292825574471863,0.03632746138066369,-0.24300105353503013,-0.22827979878841606,0.8080045813075545,0.8194287282069658,0.873,0.827,0.828,True,999,0.00011199992150068283,0.0008239999879151583,weak_2x2_bal_strong_100_100,weak_null,True,1057,2311938656,-4.440892098500626e-16,0,0
100,100,0.05220314090689748,0.02579476570101419,0.04701571431220941,0.020141690039999105,0.026408375205883294,0.026874024272210306,0.04028913557533421,0.655471377798709,0.6670290610221756,0.5121643086780995,0.5047535707571679,0.665,0.543,0.535,True,999,0.00011424999684095383,0.0008689579553902149,weak_2x2_bal_strong_100_100,weak_null,True,1058,2311938656,-4.440892098500626e-16,0,0
100,100,0.12144864895150453,0.024579701904333562,0.11620168878063453,0.018677922847224693,0.09686894704717097,0.09752376593340983,0.05255513584586264,1.8431870736910463,1.8556467291690448,0.06530170153721705,0.06350392844472502,0.213,0.064,0.062,True,999,0.00011979206465184689,0.0008025839924812317,weak_2x2_bal_strong_100_100,weak_null,True,1059,2311938656,-4.440892098500626e-16,0,0
100,100,0.09090858770311627,0.06586401347739212,0.08569033444935314,0.06033070167677579,0.025044574225724148,0.025359632772577356,0.056556221481540235,0.44282615722301416,0.4483968714362337,0.6578914819584394,0.6538667992766527,0.74,0.683,0.678,True,999,0.00010887510143220425,0.0007953339954838157,weak_2x2_bal_strong_100_100,weak_null,True,1060,2311938656,-4.440892098500626e-16,0,0
100,100,0.0710662772131152,0.059181165150533566,0.06581902873735146,0.05277221763162743,0.011885112062581638,0.013046811105724032,0.05351793871283122,0.22207716418891366,0.24378388666520126,0.8242538143520862,0.8073982004700788,0.858,0.824,0.793,True,999,0.00010791700333356857,0.0008148329798132181,weak_2x2_bal_strong_100_100,weak_null,True,1061,2311938656,-4.440892098500626e-16,0,0
100,100,0.039073654577704064,0.037813861824602724,0.033883733710652564,0.031666332610974735,0.0012597927531013409,0.0022174010996778293,0.04247139996607768,0.029662143327216655,0.05220927733601645,0.9763365038756696,0.9583619407719369,0.975,0.975,0.973,True,999,0.00011220795568078756,0.0008283749921247363,weak_2x2_bal_strong_100_100,weak_null,True,1062,2311938656,-4.440892098500626e-16,0,0
100,100,0.0325654803121983,0.03790646555682897,0.027389344920791814,0.032155864688334646,-0.005340985244630669,-0.004766519767542832,0.04010582142180865,-0.13317231901218113,-0.118848576056116,0.8940571020573422,0.9053953232529754,0.938,0.903,0.921,True,999,0.00011754198931157589,0.0008310000412166119,weak_2x2_bal_strong_100_100,weak_null,True,1063,2311938656,-4.440892098500626e-16,0,0
100,100,0.0699777403530557,0.07139087860353233,0.0647665874546135,0.06571723511521554,-0.00141313825047662,-0.0009506476606020442,0.055333045346379436,-0.025538775999595052,-0.017180468825655323,0.9796252197895498,0.9862926435099681,0.986,0.979,0.987,True,999,0.00011858297511935234,0.0008398330537602305,weak_2x2_bal_strong_100_100,weak_null,True,1064,2311938656,-4.440892098500626e-16,0,0
100,100,0.047409059670513676,0.05285251661877827,0.04222012341793402,0.04694417163658926,-0.005443456948264591,-0.004724048218655241,0.048368275004854716,-0.11254188717125496,-0.09766832119154734,0.9103937595198109,0.9221956712831283,0.972,0.928,0.967,True,999,0.00011170795187354088,0.0008644589688628912,weak_2x2_bal_strong_100_100,weak_null,True,1065,2311938656,-4.440892098500626e-16,0,0
100,100,0.08243557958001113,0.04560563314259378,0.07722587845455564,0.034840198606612915,0.036829946437417355,0.042385679847942725,0.05489408365976133,0.6709274293691249,0.7721356660337594,0.5022667615538716,0.4400340800360679,0.592,0.489,0.406,True,999,0.00011270900722593069,0.0008619170403108001,weak_2x2_bal_strong_100_100,weak_null,True,1066,2311938656,-4.440892098500626e-16,0,0
100,100,0.012800049652406553,0.0210143687768371,0.007638305560703884,0.015154105746773894,-0.008214319124430547,-0.00751580018607001,0.02812094725392239,-0.2921067718757159,-0.2672669635985212,0.770204989172684,0.7892636210599604,0.888,0.79,0.804,True,999,0.00011433300096541643,0.0008642500033602118,weak_2x2_bal_strong_100_100,weak_null,True,1067,2311938656,-4.440892098500626e-16,0,0
100,100,0.03341692530493012,0.10954073903811012,0.02823374436862025,0.10380644819318263,-0.07612381373318,-0.07557270382456238,0.05654354112173474,-1.3462866354494873,-1.3365399889239167,0.1782100942229825,0.18137283901035284,0.255,0.188,0.189,True,999,0.00011262495536357164,0.0007969579892233014,weak_2x2_bal_strong_100_100,weak_null,True,1068,2311938656,-4.440892098500626e-16,0,0
100,100,0.10257586251287432,0.06958485096707728,0.09734048627257152,0.06373666501704633,0.03299101154579703,0.03360382125552519,0.06039658551997304,0.5462396799714276,0.556386109681854,0.5849011936977024,0.5779469324662798,0.66,0.594,0.589,True,999,0.00011516700033098459,0.0008176660630851984,weak_2x2_bal_strong_100_100,weak_null,True,1069,2311938656,-4.440892098500626e-16,0,0
100,100,0.03661108794088541,0.020096433621532406,0.031430711021982916,0.014468668555387865,0.016514654319353006,0.01696204246659505,0.03446679142622672,0.4791468435552303,0.49212711032011447,0.6318341669279381,0.6226294882280015,0.723,0.637,0.635,True,999,0.00010912504512816668,0.0008017499931156635,weak_2x2_bal_strong_100_100,weak_null,True,1070,2311938656,-4.440892098500626e-16,0,0
100,100,0.0023541087813317985,0.0212115012645942,-0.002805797312603886,0.015561884563140893,-0.018857392483262403,-0.01836768187574478,0.02354439021892316,-0.8009293215037818,-0.7801298612941888,0.4231725641667822,0.4353144413786958,0.617,0.418,0.422,True,999,0.00010954099707305431,0.0007970420410856605,weak_2x2_bal_strong_100_100,weak_null,True,1071,2311938656,-4.440892098500626e-16,0,0
100,100,0.018300553057261415,0.015203651329365464,0.013123914719315621,0.008831699729270781,0.003096901727895951,0.00429221499004484,0.027658124291029696,0.1119707791934525,0.15518821684653886,0.9108465756667826,0.8766729373439239,0.956,0.912,0.882,True,999,0.00010999990627169609,0.0008074580691754818,weak_2x2_bal_strong_100_100,weak_null,True,1072,2311938656,-4.440892098500626e-16,0,0
100,100,0.02354806441513302,0.13246627177825143,0.018378452151807778,0.1262176678200717,-0.10891820736311841,-0.10783921566826393,0.06086049860411676,-1.7896371186770215,-1.771908185796056,0.0735122672274867,0.07640979937950877,0.085,0.064,0.07,True,999,0.0001093749888241291,0.0008149590576067567,weak_2x2_bal_strong_100_100,weak_null,True,1073,2311938656,-4.440892098500626e-16,0,0
100,100,0.06270638444918264,0.01601655991279044,0.05750758133876843,0.010186179318175448,0.0466898245363922,0.047321402020592984,0.03967545791403705,1.1767935895674562,1.192712183010516,0.23927790186561482,0.23298211263917468,0.446,0.223,0.219,True,999,0.00010775006376206875,0.0008242499316111207,weak_2x2_bal_strong_100_100,weak_null,True,1074,2311938656,-4.440892098500626e-16,0,0
100,100,0.18959200660870013,0.12272422711344019,0.18427060404491158,0.1225803826465679,0.06686777949525993,0.06169022139834368,0.07442870073517516,0.8984139026312209,0.8288499031824259,0.36896492730823227,0.4071893460186916,0.483,0.39,0.435,True,999,0.00010754098184406757,0.000836124992929399,weak_2x2_bal_strong_100_100,weak_null,True,1075,2311938656,-4.440892098500626e-16,0,1
100,100,0.00701150475375556,0.05034662616899366,0.0018420576499664776,0.04435579038620574,-0.0433351214152381,-0.04251373273623926,0.038378962218263285,-1.129137394825552,-1.107735339336726,0.2588398785351492,0.2679761324948765,0.359,0.258,0.269,True,999,0.00012116704601794481,0.0008590839570388198,weak_2x2_bal_strong_100_100,weak_null,True,1076,2311938656,-4.440892098500626e-16,0,0
100,100,0.028773846255094826,0.004595019318131943,0.023602024761970597,-0.005540426419912592,0.024178826936962883,0.02914245118188319,0.026041416235887287,0.9284758831066339,1.1190808870725861,0.35316077214492925,0.2631056329073481,0.69,0.351,0.27,True,999,0.00010745797771960497,0.0008407080313190818,weak_2x2_bal_strong_100_100,weak_null,True,1077,2311938656,-4.440892098500626e-16,0,0
100,100,0.051912047129490935,0.05034662616899366,0.046724493421635316,0.04435579038620574,0.0015654209604972769,0.0023687030354295757,0.0481454378702482,0.03251441942881653,0.04919890939227145,0.9740618170684516,0.9607607803947126,0.97,0.962,0.96,True,999,0.00010750000365078449,0.0008362919325008988,weak_2x2_bal_strong_100_100,weak_null,True,1078,2311938656,-4.440892098500626e-16,0,0
100,100,0.06627772298751888,0.05034662616899366,0.061081049906505314,0.04435579038620574,0.015931096818525226,0.016725259520299574,0.0506999331513487,0.31422323124111323,0.32988721050916525,0.7533514996308961,0.7414851875964571,0.811,0.767,0.756,True,999,0.00011079094838351011,0.0008376250043511391,weak_2x2_bal_strong_100_100,weak_null,True,1079,2311938656,-4.440892098500626e-16,0,0
100,100,0.09162019972020741,0.10198851658833885,0.08640208299541996,0.0962925000814181,-0.010368316868131444,-0.009890417085998138,0.06339132723257214,-0.16356049511460502,-0.15602161238416506,0.8700771461335565,0.8760159856182084,0.899,0.856,0.856,True,999,0.0001128750154748559,0.0008307909592986107,weak_2x2_bal_strong_100_100,weak_null,True,1080,2311938656,-4.440892098500626e-16,0,0
100,100,0.052014752705386025,0.0210143687768371,0.046828016581656584,0.015154105746773894,0.031000383928548925,0.03167391083488269,0.039034639703370955,0.7941762538126308,0.811430848999162,0.427092830547359,0.4171182893965004,0.604,0.432,0.419,True,999,0.00011475000064820051,0.0008307080715894699,weak_2x2_bal_strong_100_100,weak_null,True,1081,2311938656,-4.440892098500626e-16,0,0
100,100,0.04490257007958587,0.10841212392360045,0.039715261814606606,0.10271521172548148,-0.06350955384401458,-0.06299994991087488,0.058247163643438786,-1.0903458618653026,-1.0815968704764813,0.27556082009917615,0.2794316957163365,0.356,0.288,0.289,True,999,0.00011441693641245365,0.0008522080024704337,weak_2x2_bal_strong_100_100,weak_null,True,1082,2311938656,-4.440892098500626e-16,0,0
100,100,0.07341972240158146,0.06958485096707717,0.06821691751432013,0.06373666501704633,0.0038348714345042834,0.004480252497273796,0.05639563316996841,0.06799943929960901,0.07944325199383705,0.9457860806270139,0.936680067214765,0.956,0.937,0.937,True,999,0.0001177079975605011,0.0008425840642303228,weak_2x2_bal_strong_100_100,weak_null,True,1083,2311938656,-4.440892098500626e-16,0,0
100,100,0.04606453410618794,0.047039700673127016,0.040880754384517104,0.04121198737109211,-0.0009751665669390785,-0.000331232986575003,0.04617071452173704,-0.02112088966004572,-0.007174092712363364,0.9831492210720317,0.9942759512875933,0.988,0.988,0.998,True,999,0.00011291599366813898,0.0009324999991804361,weak_2x2_bal_strong_100_100,weak_null,True,1084,2311938656,-4.440892098500626e-16,0,0
100,100,0.1212615292677034,0.026003132308261012,0.11599808220121588,0.020046360174575284,0.09525839695944238,0.0959517220266406,0.05312032517368153,1.7932570376402395,1.8063090109655406,0.07293183360139184,0.07087008510174596,0.237,0.078,0.076,True,999,0.00012662506196647882,0.0008316669845953584,weak_2x2_bal_strong_100_100,weak_null,True,1085,2311938656,-4.440892098500626e-16,0,0
100,100,0.030237614093372445,0.012293808475890677,0.025061670521978385,0.005981867305230537,0.017943805617481767,0.019079803216747848,0.030075841805573773,0.5966185662725607,0.6343896653031306,0.550762072640814,0.5258265524742616,0.744,0.554,0.537,True,999,0.000114083057269454,0.0008426669519394636,weak_2x2_bal_strong_100_100,weak_null,True,1086,2311938656,-4.440892098500626e-16,0,0
100,100,0.08255001320795574,0.03323451179011805,0.07734033821611774,0.02744909188184863,0.04931550141783769,0.04989124633426911,0.048380260096989376,1.0193310519408827,1.0312314616384992,0.30804582690135873,0.3024322901963514,0.453,0.303,0.301,True,999,0.00011179200373589993,0.0008034589700400829,weak_2x2_bal_strong_100_100,weak_null,True,1087,2311938656,-4.440892098500626e-16,0,0
100,100,0.02951376404416073,0.059181165150533566,0.024340219921725748,0.05277221763162743,-0.029667401106372837,-0.02843199770990168,0.04635385078354959,-0.6400202055467943,-0.6133686248131913,0.5221594633490829,0.5396326269165197,0.645,0.55,0.566,True,999,0.00011270900722593069,0.0008054579375311732,weak_2x2_bal_strong_100_100,weak_null,True,1088,2311938656,-4.440892098500626e-16,0,0
100,100,0.06986929621782778,0.009972799093517393,0.06465811174034286,0.003694286584455142,0.05989649712431039,0.06096382515588772,0.039264742978979535,1.5254524181242217,1.5526352786397923,0.12714629296198848,0.12051029247453783,0.336,0.117,0.113,True,999,0.00011258304584771395,0.0008307499811053276,weak_2x2_bal_strong_100_100,weak_null,True,1089,2311938656,-4.440892098500626e-16,0,0
100,100,0.04106131032185378,0.03264957232854182,0.035877582907573924,0.027100748194257562,0.008411737993311963,0.008776834713316362,0.03961546561400015,0.21233469966687063,0.22155071453242287,0.8318459261530338,0.8246636530376079,0.882,0.843,0.835,True,999,0.00011208397336304188,0.000823125010356307,weak_2x2_bal_strong_100_100,weak_null,True,1090,2311938656,-4.440892098500626e-16,0,0
100,100,0.058386195386126105,0.027811516091442445,0.053194310284879975,0.02188362188626769,0.03057467929468366,0.031310688398612285,0.04291421150367619,0.7124604699323095,0.729611177778021,0.47617968165087576,0.4656278877864036,0.642,0.491,0.487,True,999,0.00011124997399747372,0.0008391250157728791,weak_2x2_bal_strong_100_100,weak_null,True,1091,2311938656,-4.440892098500626e-16,0,0
100,100,0.054162821366467995,0.09309282876591579,0.04895860115743744,0.08682192887369666,-0.0389300073994478,-0.03786332771625922,0.056014188877301606,-0.695002608798344,-0.6759595822979492,0.48705366665426864,0.4990663068227372,0.606,0.519,0.519,True,999,0.00010970805305987597,0.0008238749578595161,weak_2x2_bal_strong_100_100,weak_null,True,1092,2311938656,-4.440892098500626e-16,0,0
100,100,0.11508823812189484,0.10271047020897572,0.1097374035540497,0.09244782409322738,0.012377767912919113,0.017289579460822324,0.06761187368236195,0.18307091992553562,0.25571809386688676,0.8547423726790775,0.798168522708624,0.899,0.852,0.805,True,999,0.00011191691737622023,0.0008845409611240029,weak_2x2_bal_strong_100_100,weak_null,True,1093,2311938656,-4.440892098500626e-16,0,0
100,100,0.08460565016983379,0.05285251661877827,0.07938719564293706,0.04694417163658926,0.031753133551055523,0.0324430240063478,0.05450907950691148,0.5825292563788274,0.595185688326184,0.5602102410068863,0.5517193557429674,0.625,0.539,0.532,True,999,0.00011720904149115086,0.00083033402916044,weak_2x2_bal_strong_100_100,weak_null,True,1094,2311938656,-4.440892098500626e-16,0,0
100,100,0.07818481288563217,0.06726377790855625,0.07293566443634347,0.06141730106752874,0.010921034977075916,0.011518363368814732,0.05484327544842383,0.19913170553327667,0.21002325763068122,0.8421597204189054,0.8336495208765158,0.862,0.85,0.843,True,999,0.00011683302000164986,0.0008303329814225435,weak_2x2_bal_strong_100_100,weak_null,True,1095,2311938656,-4.440892098500626e-16,0,0
100,100,0.07224581843876288,0.16860031385444307,0.06703649716345694,0.16235149822686168,-0.0963544954156802,-0.09531500106340474,0.07143241569993924,-1.3488903388124134,-1.334338201073687,0.1773721918501988,0.1820930433565352,0.23,0.197,0.205,True,999,0.00011554104276001453,0.0008254580898210406,weak_2x2_bal_strong_100_100,weak_null,True,1096,2311938656,-4.440892098500626e-16,0,0
100,100,0.03339837382168831,0.05034662616899377,0.02821908310569654,0.04435579038620574,-0.01694825234730546,-0.0161367072805092,0.04449758609821906,-0.3808802641540096,-0.36264230704314643,0.7032920975983863,0.7168721021146387,0.747,0.735,0.742,True,999,0.00011599995195865631,0.0008410830050706863,weak_2x2_bal_strong_100_100,weak_null,True,1097,2311938656,-4.440892098500626e-16,0,0
100,100,0.05899469949768721,0.03966916030556733,0.05380304350626375,0.03385839212969444,0.019325539192119878,0.01994465137656931,0.04615663626256226,0.4186947047481201,0.4321079912130958,0.6754392661177554,0.6656629269377667,0.757,0.684,0.676,True,999,0.00011729192920029163,0.0008345000678673387,weak_2x2_bal_strong_100_100,weak_null,True,1098,2311938656,-4.440892098500626e-16,0,0
100,100,0.13168282285469501,0.001243801663215166,0.12642849012236468,0.0012437563891118941,0.13043902119147985,0.12518473373325278,0.0476705168308354,2.7362619468624287,2.6260410428837173,0.006214153806561558,0.008638440059430118,0.094,0.004,0.005,True,999,0.00011799996718764305,0.0008573340019211173,weak_2x2_bal_strong_100_100,weak_null,True,1099,2311938656,-4.440892098500626e-16,0,1
100,100,0.07556761288570846,0.03558024764000947,0.0703592093314569,0.029091596233442374,0.039987365245698986,0.04126761309801452,0.0483454928543167,0.8271167152271274,0.8535979397783675,0.40817091095154157,0.3933278004538362,0.547,0.393,0.378,True,999,0.00011662510223686695,0.0008432500762864947,weak_2x2_bal_strong_100_100,weak_null,True,1100,2311938656,-4.440892098500626e-16,0,0
100,100,0.03339837382168831,0.011981312245665787,0.02821908310569654,0.005682216469743651,0.021417061576022522,0.02253686663595289,0.03092559247176584,0.6925352067410082,0.728744862577116,0.4886012841758377,0.4661577447848182,0.704,0.492,0.47,True,999,0.0001169170718640089,0.0008842089446261525,weak_2x2_bal_strong_100_100,weak_null,True,1101,2311938656,-4.440892098500626e-16,0,0
100,100,0.12767763098442542,0.06266501567668914,0.12241483983706303,0.05690298795410342,0.06501261530773628,0.0655118518829596,0.06197865820845173,1.0489516421778686,1.057006617707417,0.2942003755270651,0.2905085672129234,0.382,0.308,0.292,True,999,0.00013204093556851149,0.0008250829996541142,weak_2x2_bal_strong_100_100,weak_null,True,1102,2311938656,-4.440892098500626e-16,0,0
100,100,0.08072202381269489,0.08611093055897595,0.07551191952371994,0.08029327477231618,-0.005388906746281064,-0.004781355248596242,0.06046312621366315,-0.0891271603661027,-0.0790788625731988,0.9289808524352372,0.9369698960765315,0.928,0.91,0.928,True,999,0.00010941701475530863,0.0008039999520406127,weak_2x2_bal_strong_100_100,weak_null,True,1103,2311938656,-4.440892098500626e-16,0,0
100,100,0.05220314090689748,0.07991304906210384,0.04701571431220941,0.07435874361712536,-0.027709908155206353,-0.027343029304915945,0.05303861817420936,-0.5224477769045767,-0.5155305746297103,0.6013585982637155,0.6061823099964874,0.679,0.61,0.616,True,999,0.00010912504512816668,0.0007953749736770988,weak_2x2_bal_strong_100_100,weak_null,True,1104,2311938656,-4.440892098500626e-16,0,0
100,100,0.06607918563312642,0.0032118967720592972,0.060881532323605825,0.003211771657209539,0.06286728886106713,0.057669760666396286,0.03517527867892694,1.7872577339019098,1.639496908973901,0.07389584189540474,0.10110981389659549,0.339,0.084,0.114,True,999,0.00010816706344485283,0.0008240829920396209,weak_2x2_bal_strong_100_100,weak_null,True,1105,2311938656,-4.440892098500626e-16,0,1
100,100,0.00186158332671027,0.07792438230488541,-0.0033010706091971542,0.07190848403553929,-0.07606279897817514,-0.07520955464473644,0.04574662464579952,-1.6626975119389331,-1.6440459864975465,0.09637300051194532,0.10016670371698808,0.165,0.094,0.098,True,999,0.00010750000365078449,0.0008175409166142344,weak_2x2_bal_strong_100_100,weak_null,True,1106,2311938656,-4.440892098500626e-16,0,0
100,100,0.040850441342229815,0.017184448406940334,0.035661601299835866,0.011321607849325233,0.02366599293528948,0.024339993450510633,0.03473728438633967,0.6812850616669408,0.7006878597591889,0.4956911337230475,0.4834978340528826,0.704,0.52,0.499,True,999,0.0001116250641644001,0.000833541969768703,weak_2x2_bal_strong_100_100,weak_null,True,1107,2311938656,-4.440892098500626e-16,0,0
100,100,0.08049150769159152,0.13336367014789874,0.07527796212248461,0.12757644219426822,-0.052872162456307215,-0.052298480071783615,0.06700114937391258,-0.7891232158010323,-0.7805609390358673,0.43003999424011385,0.4350607730499194,0.5,0.45,0.451,True,999,0.00011424999684095383,0.0008196670096367598,weak_2x2_bal_strong_100_100,weak_null,True,1108,2311938656,-4.440892098500626e-16,0,0
100,100,0.059630091707797095,0.06642171978559502,0.05443352642821253,0.06048981284744315,-0.006791628077797929,-0.0060562864192306165,0.05310536518333717,-0.1278896784600011,-0.11404283537684612,0.8982362793652542,0.9092038372082563,0.938,0.913,0.929,True,999,0.00011583301238715649,0.0008352079894393682,weak_2x2_bal_strong_100_100,weak_null,True,1109,2311938656,-4.440892098500626e-16,0,0
100,100,0.04297030740593155,0.02924946591846822,0.03778631239838148,0.02357595456710726,0.013720841487463331,0.014210357831274223,0.039438686165982395,0.34790310787021506,0.36031519334767503,0.7279129511670812,0.7186114386693989,0.836,0.757,0.75,True,999,0.00011454091873019934,0.0008852500468492508,weak_2x2_bal_strong_100_100,weak_null,True,1110,2311938656,-4.440892098500626e-16,0,0
100,100,0.07686211195978021,0.09837416527276788,0.07164752837876165,0.09208911966796762,-0.021512053312987667,-0.020441591289205974,0.06054281413070001,-0.35531967950064863,-0.3376386047248581,0.7223501140069577,0.7356355464933173,0.74,0.703,0.705,True,999,0.0001224579755216837,0.0008040830725803971,weak_2x2_bal_strong_100_100,weak_null,True,1111,2311938656,-4.440892098500626e-16,0,0
100,100,0.08255001320795574,0.004595019318131943,0.07734033821611774,-0.005540426419912592,0.0779549938898238,0.08288076463603034,0.04037910037339457,1.9305777783297926,2.0525659033909465,0.05353528812158287,0.040114697261739184,0.257,0.063,0.049,True,999,0.0001099579967558384,0.0008086659945547581,weak_2x2_bal_strong_100_100,weak_null,True,1112,2311938656,-4.440892098500626e-16,0,0
100,100,0.039534547637448014,0.1186021150181209,0.03435537000655131,0.11301624355094475,-0.07906756738067289,-0.07866087354439344,0.057865065470050166,-1.3664128215943474,-1.3593845078272102,0.17180942669506494,0.17402477766358027,0.204,0.162,0.164,True,999,0.00010916602332144976,0.000790958059951663,weak_2x2_bal_strong_100_100,weak_null,True,1113,2311938656,-4.440892098500626e-16,0,0
100,100,0.1199407678706792,0.06958485096707728,0.11469890027095175,0.06373666501704633,0.050355916903601916,0.05096223525390542,0.06263570196357508,0.8039491108902347,0.8136291868101326,0.4214263654673809,0.4158574122859523,0.486,0.395,0.393,True,999,0.00010920804925262928,0.0008087910246104002,weak_2x2_bal_strong_100_100,weak_null,True,1114,2311938656,-4.440892098500626e-16,0,0
100,100,0.06568158218257714,0.004595019318131943,0.060470116346152736,-0.005540426419912592,0.06108656286444519,0.06601054276606533,0.03682399705651966,1.65887920234965,1.7925958082374496,0.09714013629693857,0.07303757716400626,0.407,0.103,0.074,True,999,0.00010829197708517313,0.0008203750476241112,weak_2x2_bal_strong_100_100,weak_null,True,1115,2311938656,-4.440892098500626e-16,0,0
100,100,0.04115023189446254,0.026003132308261012,0.035966555047508564,0.020046360174575284,0.015147099586201529,0.01592019487293328,0.03831450576377072,0.39533589913938716,0.4155135125868447,0.6925950089726246,0.677766025322982,0.781,0.683,0.659,True,999,0.00011279096361249685,0.0008227919461205602,weak_2x2_bal_strong_100_100,weak_null,True,1116,2311938656,-4.440892098500626e-16,0,0
100,100,0.08324216141137719,0.034209326254180106,0.07802926120876919,0.028479173172186734,0.049032835157197086,0.04955008803658245,0.04887451619106986,1.003239294799529,1.0138225786802986,0.31574541784559507,0.3106674194562302,0.469,0.343,0.337,True,999,0.00011337490286678076,0.0008200829615816474,weak_2x2_bal_strong_100_100,weak_null,True,1117,2311938656,-4.440892098500626e-16,0,0
100,100,0.03895131231666282,0.07312613021967823,0.03376976820115374,0.06753671484835877,-0.03417481790301541,-0.03376694664720503,0.04977449159130181,-0.6865930079934262,-0.6783986248310746,0.4923392358138269,0.4975189807886973,0.579,0.494,0.494,True,999,0.0001142079709097743,0.0008187909843400121,weak_2x2_bal_strong_100_100,weak_null,True,1118,2311938656,-4.440892098500626e-16,0,0
100,100,0.028899737350249977,0.03435082088740771,0.023727442927850007,0.028229417306931737,-0.00545108353715773,-0.00450197437908173,0.03870219252326004,-0.14084689217236532,-0.11632349708291179,0.8879908976804273,0.9073961640407722,0.944,0.915,0.925,True,999,0.00011391693260520697,0.0008403750834986567,weak_2x2_bal_strong_100_100,weak_null,True,1119,2311938656,-4.440892098500626e-16,0,0
100,100,0.03448819381301116,0.024105915469658235,0.02931219336318236,0.017553762352775948,0.010382278343352924,0.011758431010406412,0.03699478883018675,0.2806416436382322,0.31784019809870756,0.7789852720669429,0.7506061568979822,0.873,0.782,0.761,True,999,0.00010983401443809271,0.0008079170947894454,weak_2x2_bal_strong_100_100,weak_null,True,1120,2311938656,-4.440892098500626e-16,0,0
100,100,0.04106131032185378,0.051632984824524775,0.035877582907573924,0.04595492632088849,-0.010571674502670991,-0.010077343413314566,0.04568123406004518,-0.23142269950008737,-0.22060138305520635,0.8169864320953426,0.8254028240691637,0.87,0.828,0.855,True,999,0.00011058291420340538,0.0007969579892233014,weak_2x2_bal_strong_100_100,weak_null,True,1121,2311938656,-4.440892098500626e-16,0,0
100,100,0.0015867749336891945,0.037813861824602724,-0.003570630777701922,0.031666332610974735,-0.03622708689091353,-0.035236963388676656,0.03293998749705285,-1.0997905477090657,-1.0697321421821826,0.2714233916809897,0.2847398941162611,0.441,0.271,0.283,True,999,0.00010900001507252455,0.0008094590157270432,weak_2x2_bal_strong_100_100,weak_null,True,1122,2311938656,-4.440892098500626e-16,0,0
100,100,0.11201200119235766,0.08306470178280528,0.1067713264669834,0.07676627448956452,0.028947299409552374,0.030005051977418873,0.06287247340855436,0.46041292540614187,0.4772367039299017,0.6452198588179496,0.6331935774763486,0.701,0.652,0.639,True,999,0.0001070419093593955,0.000820250017568469,weak_2x2_bal_strong_100_100,weak_null,True,1123,2311938656,-4.440892098500626e-16,0,0
100,100,0.05879803751602253,0.01601655991279044,0.05360461857230803,0.010186179318175448,0.04278147760323209,0.04341843925413258,0.038741483673819445,1.1042808262953225,1.1207221597316808,0.2694713374973916,0.26240614661584716,0.455,0.285,0.275,True,999,0.00011262507177889347,0.0008322079665958881,weak_2x2_bal_strong_100_100,weak_null,True,1124,2311938656,-4.440892098500626e-16,0,0
100,100,0.022080274395515076,0.04641278666230436,0.016905803319772872,0.04044240991839132,-0.024332512266789286,-0.023536606598618448,0.040518865784763894,-0.60052303527062,-0.580880193528734,0.5481577137649458,0.5613212021504852,0.711,0.561,0.576,True,999,0.00011037499643862247,0.0008284159703180194,weak_2x2_bal_strong_100_100,weak_null,True,1125,2311938656,-4.440892098500626e-16,0,0
100,100,0.04669225475435179,0.01956262476161119,0.04150132693094122,0.013944530997875404,0.0271296299927406,0.027556795933065814,0.036809421015324625,0.737029522454208,0.7486343216752384,0.46110439623703403,0.45407763960289405,0.62,0.474,0.463,True,999,0.00011241703759878874,0.0008343750378116965,weak_2x2_bal_strong_100_100,weak_null,True,1126,2311938656,-4.440892098500626e-16,0,0
100,100,0.050565286282261646,0.04951478695679329,0.04537789974062889,0.04378954566849558,0.001050499325468357,0.0015883540721333134,0.046771269326492594,0.022460355269283316,0.033960037754066766,0.9820807359277243,0.9729090175586491,0.99,0.99,0.979,True,999,0.00011408398859202862,0.0008270000107586384,weak_2x2_bal_strong_100_100,weak_null,True,1127,2311938656,-4.440892098500626e-16,0,0
100,100,0.05343813071859982,0.0936435595524795,0.048244853876113325,0.08737377012362657,-0.040205428833879675,-0.039128916247513246,0.0594938274647533,-0.6757915996865238,-0.6576970740484783,0.4991729688498213,0.5107328028813383,0.561,0.502,0.504,True,999,0.00011391693260520697,0.0008806659607216716,weak_2x2_bal_strong_100_100,weak_null,True,1128,2311938656,-4.440892098500626e-16,0,0
100,100,0.03660175955144884,0.09165906039433735,0.03141536770881714,0.08579948360241474,-0.05505730084288851,-0.054384115893597595,0.05350801050273536,-1.0289543626383557,-1.0163733501326395,0.3035011208685676,0.30945163129277986,0.371,0.305,0.312,True,999,0.00011604197788983583,0.0007939579663798213,weak_2x2_bal_strong_100_100,weak_null,True,1129,2311938656,-4.440892098500626e-16,0,0
100,100,0.029922616227185728,0.0018242460374165437,0.024746425698552343,-0.008299354436083206,0.028098370189769184,0.03304578013463555,0.024940430004606017,1.126619315889099,1.3249883874709711,0.2599034687826387,0.18517500291281253,0.553,0.256,0.18,True,999,0.0001367080258205533,0.0008135000243782997,weak_2x2_bal_strong_100_100,weak_null,True,1130,2311938656,-4.440892098500626e-16,0,0
100,100,0.05131293593563868,0.07330492291741214,0.04612276262523096,0.06699667718289959,-0.02199198698177346,-0.020873914557668627,0.05529534396912179,-0.3977186034696574,-0.3774985931785705,0.6908376226992019,0.7058031096676955,0.754,0.694,0.704,True,999,0.00011150003410875797,0.0007963749812915921,weak_2x2_bal_strong_100_100,weak_null,True,1131,2311938656,-4.440892098500626e-16,0,0
100,100,0.06112853344690561,0.012719472226070477,0.055930064843664695,0.002147787188381045,0.04840906122083513,0.05378227765528365,0.03940348017890231,1.2285478592511394,1.3649118659341197,0.21924137494561946,0.17228075231896667,0.523,0.23,0.186,True,999,0.00010979210492223501,0.00079624995123595,weak_2x2_bal_strong_100_100,weak_null,True,1132,2311938656,-4.440892098500626e-16,0,0
100,100,0.036944118858446284,0.023713432104284116,0.0317579468193685,0.018055638888000658,0.013230686754162169,0.01370230793136784,0.03582227296431949,0.36934246934415627,0.382508054277179,0.7118724738458337,0.7020845558505263,0.818,0.724,0.724,True,999,0.00011291704140603542,0.0008144170278683305,weak_2x2_bal_strong_100_100,weak_null,True,1133,2311938656,-4.440892098500626e-16,0,0
100,100,0.06675800233781137,0.01601655991279033,0.06155777012062913,0.010186179318175448,0.050741442425021044,0.05137159080245368,0.04047699220133167,1.253587276757972,1.2691553400739986,0.20999205814763977,0.20438566589929785,0.415,0.239,0.227,True,999,0.00011029106099158525,0.0008302499772980809,weak_2x2_bal_strong_100_100,weak_null,True,1134,2311938656,-4.440892098500626e-16,0,0
100,100,0.12347397222988277,0.034350820887407596,0.11821798838101927,0.028229417306931737,0.08912315134247517,0.08998857107408753,0.05547480645283769,1.6065518212892524,1.622152051140403,0.10815271847785361,0.10477079543627882,0.229,0.119,0.115,True,999,0.0001103340182453394,0.0008343339432030916,weak_2x2_bal_strong_100_100,weak_null,True,1135,2311938656,-4.440892098500626e-16,0,0
100,100,0.08072202381269489,0.06598641931342641,0.07551191952371994,0.059837807944241206,0.014735604499268473,0.015674111579478733,0.05770353887428479,0.2553674313003929,0.2716317211259256,0.7984393231044871,0.7859052062644005,0.838,0.806,0.79,True,999,0.00011329189874231815,0.0008571669459342957,weak_2x2_bal_strong_100_100,weak_null,True,1136,2311938656,-4.440892098500626e-16,0,0
100,100,0.06995673275116676,0.07792438230488541,0.0647508827601797,0.07190848403553929,-0.007967649553718648,-0.007157601275359582,0.0579740655064228,-0.13743472161420062,-0.12346212419011066,0.8906871875500425,0.9017411652966683,0.939,0.897,0.934,True,999,0.00014158303383737803,0.0008378330385312438,weak_2x2_bal_strong_100_100,weak_null,True,1137,2311938656,-4.440892098500626e-16,0,0
100,100,0.023770755349350803,0.08769761406374049,0.018600276937249305,0.0819894519760922,-0.06392685871438969,-0.0633891750388429,0.05059958761426532,-1.263386950931732,-1.2527607047329345,0.2064501513943754,0.2102928062954148,0.266,0.214,0.216,True,999,0.00011516700033098459,0.0008417500648647547,weak_2x2_bal_strong_100_100,weak_null,True,1138,2311938656,-4.440892098500626e-16,0,0
100,100,0.02397749898902679,0.0637569928544609,0.018808310652445925,0.057317970325222234,-0.03977949386543411,-0.03850965967277631,0.04689463677690759,-0.848273845358427,-0.8211953928970336,0.39628547995922736,0.4115349803395656,0.534,0.399,0.425,True,999,0.00011604197788983583,0.0008484580321237445,weak_2x2_bal_strong_100_100,weak_null,True,1139,2311938656,-4.440892098500626e-16,0,0
100,100,0.041476872912890594,0.05831611991087249,0.03628839431986819,0.05255191443215068,-0.016839246997981894,-0.016263520112282492,0.04771520888997375,-0.35291152212728283,-0.34084562324319817,0.724154772523455,0.7332198023893577,0.775,0.706,0.733,True,999,0.00011558400001376867,0.0008415419142693281,weak_2x2_bal_strong_100_100,weak_null,True,1140,2311938656,-4.440892098500626e-16,0,0
100,100,0.08925604849187763,0.05887017359913571,0.08401772970434251,0.053285612703987795,0.030385874892741915,0.03073211700035472,0.05508112114480044,0.551656797487142,0.5579428370668845,0.5811835146598605,0.5768834187635282,0.688,0.617,0.613,True,999,0.00011487491428852081,0.0008453339105471969,weak_2x2_bal_strong_100_100,weak_null,True,1141,2311938656,-4.440892098500626e-16,0,0
100,100,0.04675984915959008,0.09567956677040212,0.04157349155005363,0.08914684956532426,-0.04891971761081204,-0.04757335801527063,0.058757355019542275,-0.8325718132571096,-0.8096579228157577,0.40508626125721947,0.4181368076659898,0.477,0.425,0.428,True,999,0.00011754105798900127,0.0008544999873265624,weak_2x2_bal_strong_100_100,weak_null,True,1142,2311938656,-4.440892098500626e-16,0,0
100,100,0.08045746664032816,0.07086331314922467,0.0752484053593605,0.06538542460859276,0.009594153491103485,0.009862980750767747,0.055684377998844944,0.17229524394260984,0.17712294013542423,0.8632054232265497,0.8594118231836909,0.883,0.882,0.882,True,999,0.00012400001287460327,0.0008379579521715641,weak_2x2_bal_strong_100_100,weak_null,True,1143,2311938656,-4.440892098500626e-16,0,0
100,100,0.0015118796127649992,0.15081066693288386,-0.0036475540700138254,0.14444923919162989,-0.14929878732011886,-0.1480967932616437,0.05765180722440499,-2.589663611740486,-2.568814411752765,0.009606975826152503,0.010204709287304584,0.008,0.01,0.01,True,999,0.0001153330085799098,0.000838999985717237,weak_2x2_bal_strong_100_100,weak_null,True,1144,2311938656,-4.440892098500626e-16,0,0
100,100,0.14287214322785213,0.10370638498886492,0.1375496554334461,0.09762537739714361,0.039165758238987214,0.039924278036302496,0.07084264705725342,0.5528556577979693,0.5635627647289436,0.5803622529906701,0.5730517336432277,0.64,0.593,0.592,True,999,0.00011529203038662672,0.0009035830153152347,weak_2x2_bal_strong_100_100,weak_null,True,1145,2311938656,-4.440892098500626e-16,0,0
100,100,0.02098230180000371,0.1203262300057717,0.015812546047186515,0.11448304794963349,-0.09934392820576798,-0.09867050190244697,0.0553166316610824,-1.7959142706742328,-1.783740241216926,0.07250815247445341,0.07446588396672148,0.087,0.068,0.069,True,999,0.00011724990326911211,0.0008432500762864947,weak_2x2_bal_strong_100_100,weak_null,True,1146,2311938656,-4.440892098500626e-16,0,0
100,100,0.04228567460549826,0.10001660775890131,0.03709764844347774,0.09437753830464146,-0.05773093315340305,-0.057279889861163724,0.05599540670292435,-1.0309940859914866,-1.022939080790216,0.3025435931467183,0.3063366500916954,0.362,0.316,0.316,True,999,0.00011449994053691626,0.0008461670950055122,weak_2x2_bal_strong_100_100,weak_null,True,1147,2311938656,-4.440892098500626e-16,0,0
100,100,0.02150644794108436,0.03966916030556733,0.016333494244918256,0.03385839212969444,-0.01816271236448297,-0.01752489788477618,0.037961422028544224,-0.47845184384362455,-0.461650195074324,0.6323286414646258,0.6443321925058073,0.736,0.628,0.637,True,999,0.00011408294085413218,0.000845166970975697,weak_2x2_bal_strong_100_100,weak_null,True,1148,2311938656,-4.440892098500626e-16,0,0
100,100,0.0744216128701215,0.015465309507012859,0.06919710689403757,0.009648673560995746,0.05895630336310864,0.05954843333304183,0.041851185937254134,1.4087128486991873,1.4228613120383373,0.15892009408343444,0.1547763633850578,0.338,0.185,0.183,True,999,0.00011404103133827448,0.0008616669801995158,weak_2x2_bal_strong_100_100,weak_null,True,1149,2311938656,-4.440892098500626e-16,0,0
100,100,0.0666918388648412,0.05285251661877827,0.06148491055066074,0.04694417163658926,0.013839322246062935,0.014540738914071483,0.05182150306767566,0.2670575229743846,0.28059276657958343,0.789424871888795,0.7790227646743403,0.853,0.782,0.781,True,999,0.00011745898518711329,0.0008675840217620134,weak_2x2_bal_strong_100_100,weak_null,True,1150,2311938656,-4.440892098500626e-16,0,0
100,100,0.014293192798176868,0.11385137035659115,0.009123503718413417,0.1082202961727603,-0.09955817755841428,-0.09909679245434688,0.05339897055655624,-1.8644212897881547,-1.8557809527318674,0.062262565436405855,0.06348478656656935,0.062,0.065,0.065,True,999,0.00011683395132422447,0.0008514170767739415,weak_2x2_bal_strong_100_100,weak_null,True,1151,2311938656,-4.440892098500626e-16,0,0
100,100,0.0964656737433458,0.020109266173508444,0.09118976512313282,0.013683276698138513,0.07635640756983736,0.0775064884249943,0.04751279393263063,1.6070704593399556,1.631276168159935,0.1080389126323148,0.10283205967719065,0.317,0.126,0.117,True,999,0.00011616596020758152,0.0008592080557718873,weak_2x2_bal_strong_100_100,weak_null,True,1152,2311938656,-4.440892098500626e-16,0,0
100,100,0.01647169930152559,0.07912142212268097,0.011307154727290936,0.07350626295172447,-0.06264972282115538,-0.06219910822443353,0.04701705563553461,-1.3324892844588485,-1.322905217770051,0.1826994603069111,0.18586689992817707,0.247,0.186,0.187,True,999,0.00011562497820705175,0.0008577090920880437,weak_2x2_bal_strong_100_100,weak_null,True,1153,2311938656,-4.440892098500626e-16,0,0
100,100,0.07641410207921906,0.09567956677040212,0.07119940405817715,0.08914684956532426,-0.019265464691183065,-0.01794744550714711,0.06297475932107968,-0.3059235938156939,-0.2849942691426773,0.7596628213746914,0.7756485325083692,0.799,0.746,0.78,True,999,0.0001299170544371009,0.0008351659635081887,weak_2x2_bal_strong_100_100,weak_null,True,1154,2311938656,-4.440892098500626e-16,0,0
100,100,0.009637551926853005,0.07572339972996994,0.004474538807102135,0.07027834772738117,-0.06608584780311694,-0.06580380892027904,0.04330017444458414,-1.5262259021079478,-1.5197123282839242,0.12695361483271092,0.1285832917696648,0.157,0.132,0.134,True,999,0.00011187500786036253,0.0008146659238263965,weak_2x2_bal_strong_100_100,weak_null,True,1155,2311938656,-4.440892098500626e-16,0,0
100,100,0.12767653084257524,0.027811516091442445,0.1224218578250742,0.02188362188626769,0.0998650147511328,0.10053823593880651,0.054458100728100735,1.8337954026296366,1.8461575889466912,0.06668437043748092,0.0648693269859958,0.172,0.075,0.067,True,999,0.00011466699652373791,0.0008157499833032489,weak_2x2_bal_strong_100_100,weak_null,True,1156,2311938656,-4.440892098500626e-16,0,0
100,100,0.02797587320180761,0.021161824097623627,0.022802804366975238,0.01522646727512722,0.0068140491041839835,0.007576337091848018,0.03284824913609646,0.2074402527803567,0.23064660342954144,0.8356660490375851,0.8175893592793805,0.905,0.842,0.804,True,999,0.00010920804925262928,0.0008062499109655619,weak_2x2_bal_strong_100_100,weak_null,True,1157,2311938656,-4.440892098500626e-16,0,0
100,100,0.045879306933472086,0.09567956677040212,0.040695433869984754,0.08914684956532426,-0.04980025983693004,-0.048451415695339506,0.0586318816780271,-0.8493716799062446,-0.8263663779615174,0.3956745065013254,0.40859628999585984,0.495,0.406,0.443,True,999,0.00010858289897441864,0.0007969170110300183,weak_2x2_bal_strong_100_100,weak_null,True,1158,2311938656,-4.440892098500626e-16,0,0
100,100,0.06386200406420894,0.000295549108356552,0.058663610207815964,-0.009818851091566216,0.06356645495585239,0.06848246129938218,0.034697479776939995,1.8320193675305134,1.9737013102863956,0.06694853517193969,0.04841571610276303,0.282,0.07,0.051,True,999,0.0001092919846996665,0.0007962089730426669,weak_2x2_bal_strong_100_100,weak_null,True,1159,2311938656,-4.440892098500626e-16,0,0
100,100,0.06554999928391636,0.028990321098684046,0.060352174363487165,0.023457768816911084,0.036559678185232314,0.03689440554657608,0.04373110684585621,0.8360108129459927,0.8436650294862603,0.4031488200424995,0.39885661439057896,0.548,0.396,0.394,True,999,0.00010875007137656212,0.0008007090073078871,weak_2x2_bal_strong_100_100,weak_null,True,1160,2311938656,-4.440892098500626e-16,0,0
100,100,0.07391015090475472,0.051502540834140076,0.06870545758084745,0.04512864666140359,0.022407610070614647,0.023576810919443858,0.05186721337493172,0.43201877665254745,0.4545609718612514,0.6657277663430221,0.6494251179228591,0.747,0.683,0.68,True,999,0.00010833400301635265,0.0008169999346137047,weak_2x2_bal_strong_100_100,weak_null,True,1161,2311938656,-4.440892098500626e-16,0,0
100,100,0.033711571632115134,0.001901053344119663,0.028536268927354058,-0.008192911315482831,0.03181051828799547,0.03672918024283689,0.02638649160000133,1.205560738055599,1.3919690726460594,0.22798690544632716,0.16393176351586747,0.569,0.206,0.145,True,999,0.00010779208969324827,0.0008646249771118164,weak_2x2_bal_strong_100_100,weak_null,True,1162,2311938656,-4.440892098500626e-16,0,0
100,100,0.21996630743603474,0.0013559855026950562,0.2146041083651511,-0.008732476695207936,0.21861032193333968,0.22333658506035903,0.05838979494149839,3.743981669268896,3.8249249767724534,0.00018112687324432373,0.00013081191538133268,0.011,0.001,0.001,True,999,0.00010970805305987597,0.0008275420404970646,weak_2x2_bal_strong_100_100,weak_null,True,1163,2311938656,-4.440892098500626e-16,0,0
100,100,0.05075125708135153,0.00028378603725232043,0.045563182125860635,-0.009771302261256665,0.05046747104409921,0.0553344843871173,0.031150956931617308,1.6200937632473245,1.7763333726340336,0.10521213695339621,0.07567798572605841,0.398,0.114,0.081,True,999,0.00010750000365078449,0.0008351670112460852,weak_2x2_bal_strong_100_100,weak_null,True,1164,2311938656,-4.440892098500626e-16,0,0
100,100,0.02629690225786996,0.10229363373204048,0.021118526247178693,0.09649243233450733,-0.07599673147417052,-0.07537390608732863,0.05473171237254834,-1.388531953045343,-1.3771523458698463,0.16497512182862906,0.16846515162418163,0.224,0.169,0.173,True,999,0.0001080839429050684,0.0008308340329676867,weak_2x2_bal_strong_100_100,weak_null,True,1165,2311938656,-4.440892098500626e-16,0,0
100,100,0.11201200119235766,0.0635657802650259,0.1067713264669834,0.057768597126361954,0.04844622092733175,0.04900272934062144,0.06012672617675734,0.8057352197242892,0.8149908111837959,0.42039553726108125,0.41507756985123345,0.524,0.425,0.422,True,999,0.00010887498501688242,0.0008344580419361591,weak_2x2_bal_strong_100_100,weak_null,True,1166,2311938656,-4.440892098500626e-16,0,0
100,100,0.048134992198562765,0.0674034082190858,0.04294328825992011,0.06107985362626067,-0.019268416020523038,-0.018136565366340562,0.050872612656365786,-0.3787581375204237,-0.35650941477783726,0.7048674766154099,0.7214591026990629,0.749,0.739,0.743,True,999,0.00011154194362461567,0.0008521670242771506,weak_2x2_bal_strong_100_100,weak_null,True,1167,2311938656,-4.440892098500626e-16,0,0
100,100,0.06204111030475401,0.0850754443453598,0.05681272276567029,0.07897337736365273,-0.023034334040605786,-0.022160654597982443,0.05844960544430683,-0.3940887858097492,-0.37914121796935,0.6935154901013723,0.7045829996658154,0.747,0.697,0.705,True,999,0.00011429202277213335,0.0008370840223506093,weak_2x2_bal_strong_100_100,weak_null,True,1168,2311938656,-4.440892098500626e-16,0,0
100,100,0.07647983668409464,0.05841982644168864,0.07123027383524061,0.05274655872730705,0.018060010242406,0.018483715107933563,0.05267178417439057,0.3428782701305743,0.35092251758049403,0.7316900398364745,0.7256464778714448,0.787,0.755,0.748,True,999,0.00011479191016405821,0.0008353330194950104,weak_2x2_bal_strong_100_100,weak_null,True,1169,2311938656,-4.440892098500626e-16,0,0
100,100,0.03205505799747277,0.028914262641775823,0.026870426283565507,0.02293995012980332,0.003140795355696946,0.003930476153762186,0.037278544785868215,0.08425209121595267,0.10543534293892758,0.9328560025754675,0.916030372734778,0.96,0.937,0.901,True,999,0.0001141249667853117,0.0008377080084756017,weak_2x2_bal_strong_100_100,weak_null,True,1170,2311938656,-4.440892098500626e-16,0,0
100,100,0.031084248743444287,0.018339938647362664,0.025898883284654062,0.012497204743269208,0.012744310096081624,0.013401678541384854,0.03256743993897049,0.39132059873185393,0.41150543507561016,0.6955602748183047,0.6807019567445403,0.812,0.684,0.663,True,999,0.00011383299715816975,0.0008639579173177481,weak_2x2_bal_strong_100_100,weak_null,True,1171,2311938656,-4.440892098500626e-16,0,0
100,100,0.031080629950831495,0.023360054811146114,0.025901040451898893,0.016874039968854504,0.007720575139685382,0.00902700048304439,0.03578205861857444,0.2157666561889102,0.25227728173131103,0.8291696405989847,0.8008267468999938,0.904,0.825,0.78,True,999,0.00011324998922646046,0.0008040419779717922,weak_2x2_bal_strong_100_100,weak_null,True,1172,2311938656,-4.440892098500626e-16,0,0
100,100,0.00031070234565888644,0.071734302124983,-0.0048459922524273225,0.06617525315998307,-0.07142359977932411,-0.0710212454124104,0.04132776178215229,-1.728223274122939,-1.718487581949852,0.08394820258972319,0.08570771758357998,0.061,0.052,0.053,True,999,0.00010870792903006077,0.000788707984611392,weak_2x2_bal_strong_100_100,weak_null,True,1173,2311938656,-4.440892098500626e-16,0,0
100,100,0.05142768388279051,0.07516190407912915,0.0462399154987736,0.06859516603633153,-0.02373422019633864,-0.022355250537557936,0.05565346991083591,-0.4264643378816082,-0.4016865538370555,0.6697695287173656,0.687914721449787,0.746,0.664,0.68,True,999,0.00010733399540185928,0.0007988750003278255,weak_2x2_bal_strong_100_100,weak_null,True,1174,2311938656,-4.440892098500626e-16,0,0
100,100,0.03505830987020098,0.1127353214084556,0.029880180440130744,0.10675693729310609,-0.07767701153825463,-0.07687675685297535,0.058411840781451216,-1.3298161896469645,-1.3161159762215147,0.18357884043400285,0.18813511950645034,0.225,0.193,0.195,True,999,0.00010649999603629112,0.0008158329874277115,weak_2x2_bal_strong_100_100,weak_null,True,1175,2311938656,-4.440892098500626e-16,0,0
100,100,0.04629906842634268,0.009744839081910095,0.04109965036738572,-0.0005558413570412313,0.03655422934443259,0.04165549172442695,0.03441294120987429,1.0622233398040353,1.2104600844892188,0.28813430655097183,0.2261023982636503,0.618,0.284,0.23,True,999,0.00010741606820374727,0.0008207499049603939,weak_2x2_bal_strong_100_100,weak_null,True,1176,2311938656,-4.440892098500626e-16,0,0
100,100,0.033711571632115134,0.05191538329304951,0.028536268927354058,0.04164075369823195,-0.018203811660934377,-0.013104484770877889,0.04565554383836976,-0.3987207276597055,-0.2870294310209188,0.6900989932470609,0.7740897852448041,0.765,0.692,0.766,True,999,0.00011574989184737206,0.0008257500594481826,weak_2x2_bal_strong_100_100,weak_null,True,1177,2311938656,-4.440892098500626e-16,0,0
100,100,0.06707733961080531,0.020109266173508444,0.06187720775957928,0.013683276698138513,0.046968073437296864,0.048193931061440765,0.04261830215398083,1.1020634577980186,1.130827100697608,0.2704340845531278,0.25812787100121115,0.487,0.284,0.265,True,999,0.00011633301619440317,0.0008283749921247363,weak_2x2_bal_strong_100_100,weak_null,True,1178,2311938656,-4.440892098500626e-16,0,0
100,100,0.061312776413463665,0.009972799093517393,0.05611143187620371,0.003694286584455142,0.05133997731994627,0.05241714529174857,0.03737794512843867,1.3735366442304693,1.402354921107406,0.16958557745694625,0.16080928757418067,0.372,0.17,0.166,True,999,0.00011587503831833601,0.0008359159110113978,weak_2x2_bal_strong_100_100,weak_null,True,1179,2311938656,-4.440892098500626e-16,0,0
100,100,0.03791241199857942,0.024579701904333562,0.032723753613140616,0.018677922847224693,0.013332710094245859,0.014045830765915923,0.03712775230224005,0.3591036156918513,0.3783108293649246,0.7195175768425066,0.7051997015341537,0.836,0.722,0.711,True,999,0.00011479202657938004,0.0008554579690098763,weak_2x2_bal_strong_100_100,weak_null,True,1180,2311938656,-4.440892098500626e-16,0,0
100,100,0.045879306933472086,0.003900418512543913,0.04069543386992791,-0.002320934205350511,0.04197888842092817,0.04301636807527842,0.031053482374981355,1.3518254704583152,1.3852349168393148,0.17643115406536358,0.1659806472176868,0.393,0.159,0.148,True,999,0.00011183402966707945,0.000797708984464407,weak_2x2_bal_strong_100_100,weak_null,True,1181,2311938656,-4.440892098500626e-16,0,0
100,100,0.07188236839680184,0.0011715620340645994,0.06667912661832531,0.0011715168603760873,0.07071080636273724,0.06550760975794923,0.036569414606711904,1.9336050938523657,1.7913223512723675,0.05316170050040373,0.0732415813730542,0.304,0.056,0.076,True,999,0.0001349169760942459,0.0008080420084297657,weak_2x2_bal_strong_100_100,weak_null,True,1182,2311938656,-4.440892098500626e-16,0,1
100,100,0.029005663938671544,0.0048277159395560265,0.023834031661209565,-0.005325892227261875,0.024177947999115518,0.02915992388847144,0.02625077216927452,0.9210375924642262,1.1108215674738118,0.3570308006455871,0.26664516106647707,0.674,0.377,0.294,True,999,0.00011166592594236135,0.0007979590445756912,weak_2x2_bal_strong_100_100,weak_null,True,1183,2311938656,-4.440892098500626e-16,0,0
100,100,0.01708011771376039,0.05098122424948892,0.0119013588438861,0.04532118537139951,-0.03390110653572853,-0.03341982652751341,0.04031005449614144,-0.8410087001736407,-0.8290692469967368,0.400343060451955,0.40706522437462334,0.42,0.384,0.39,True,999,0.00011354195885360241,0.0008215000852942467,weak_2x2_bal_strong_100_100,weak_null,True,1184,2311938656,-4.440892098500626e-16,0,0
100,100,0.02534940484382453,0.14324322427602032,0.020174843777112983,0.13682278549133287,-0.11789381943219579,-0.11664794171421988,0.061485354091117245,-1.917429299626134,-1.8971662998208536,0.05518341491165088,0.057805993106137356,0.082,0.069,0.069,True,999,0.00011137500405311584,0.0008060410618782043,weak_2x2_bal_strong_100_100,weak_null,True,1185,2311938656,-4.440892098500626e-16,0,0
100,100,0.11929172369603536,0.0599450194984637,0.11404978691319911,0.05387704993734843,0.059346704197571654,0.06017273697585068,0.06116422288178927,0.9702846108626232,0.9837897735109818,0.3319046459154714,0.3252188885620648,0.481,0.364,0.353,True,999,0.00011320807971060276,0.0008145419415086508,weak_2x2_bal_strong_100_100,weak_null,True,1186,2311938656,-4.440892098500626e-16,0,0
100,100,0.04620082918151336,0.11338416242149629,0.04101419296897291,0.10712990547816048,-0.06718333323998293,-0.06611571250918757,0.06160366101906752,-1.0905737115069898,-1.0732432361239617,0.27546050228183294,0.2831619963354137,0.319,0.274,0.274,True,999,0.0001159169478341937,0.0008284579962491989,weak_2x2_bal_strong_100_100,weak_null,True,1187,2311938656,-4.440892098500626e-16,0,0
100,100,0.01996951121889423,0.08769761406374049,0.014798617398597003,0.0819894519760922,-0.06772810284484626,-0.0671908345774952,0.04987289345524492,-1.358014307022798,-1.3472415559324045,0.17445914442703891,0.17790244815674883,0.197,0.165,0.166,True,999,0.00011670798994600773,0.00082633295096457,weak_2x2_bal_strong_100_100,weak_null,True,1188,2311938656,-4.440892098500626e-16,0,0
100,100,0.18266244354413275,0.05887017359913571,0.1773394512294857,0.053285612703987795,0.12379226994499704,0.1240538385254979,0.06606100621030504,1.8739083318062801,1.8778678322060796,0.06094306088826205,0.06039924792003178,0.122,0.074,0.072,True,999,0.00014999997802078724,0.000825375085696578,weak_2x2_bal_strong_100_100,weak_null,True,1189,2311938656,-4.440892098500626e-16,0,0
100,100,0.04553574499710511,0.08444079225272683,0.040353131483556126,0.07889782046234473,-0.038905047255621716,-0.0385446889787886,0.05309746896858783,-0.7327100144573319,-0.7259232827386071,0.4637353146919567,0.46788580241218825,0.536,0.447,0.452,True,999,0.00011208292562514544,0.0007922500371932983,weak_2x2_bal_strong_100_100,weak_null,True,1190,2311938656,-4.440892098500626e-16,0,0
100,100,0.03951146282759288,0.08611093055897595,0.03432390067686697,0.08029327477231618,-0.04659946773138307,-0.04596937409544921,0.05418353943789192,-0.8600299687841153,-0.8484010932534553,0.38977252282900776,0.3962146340284942,0.422,0.419,0.419,True,999,0.00011070794425904751,0.0008150419453158975,weak_2x2_bal_strong_100_100,weak_null,True,1191,2311938656,-4.440892098500626e-16,0,0
100,100,0.0679049242017109,0.10229363373204048,0.06270023609739894,0.09649243233450733,-0.034388709530329575,-0.033792196237108385,0.06120195550843391,-0.5618890645674002,-0.5521424267636622,0.5741916047378772,0.5808507759333671,0.632,0.585,0.592,True,999,0.00010924995876848698,0.0008309170370921493,weak_2x2_bal_strong_100_100,weak_null,True,1192,2311938656,-4.440892098500626e-16,0,0
100,100,0.07408028741081829,0.14553647106174106,0.06887766347202273,0.13956693491977745,-0.07145618365092277,-0.07068927144775472,0.0680347226754358,-1.0502899231589329,-1.0390175585043924,0.2935848367277677,0.298796570280937,0.333,0.298,0.298,True,999,0.00011183402966707945,0.0008021659450605512,weak_2x2_bal_strong_100_100,weak_null,True,1193,2311938656,-4.440892098500626e-16,0,0
100,100,0.0743517013374243,0.03837709311156429,0.0691471279678808,0.03187606587162861,0.035974608225860016,0.037271062096252194,0.04913635330243105,0.7321383417373009,0.7585231624099419,0.46408413353482614,0.44813785215653246,0.582,0.451,0.436,True,999,0.0001129580195993185,0.0008160419529303908,weak_2x2_bal_strong_100_100,weak_null,True,1194,2311938656,-4.440892098500626e-16,0,0
100,100,0.09138291164981582,0.0879001289462934,0.08616474974454036,0.07753822120820786,0.0034827827035224246,0.0086265285363325,0.0641212997838027,0.05431553501356486,0.13453452386989193,0.9566837726727689,0.8929799131242777,0.962,0.962,0.902,True,999,0.00011104205623269081,0.0008311669807881117,weak_2x2_bal_strong_100_100,weak_null,True,1195,2311938656,-4.440892098500626e-16,0,0
100,100,0.06151961630627867,0.015265230418678999,0.0563183443506432,0.009409209522345918,0.04625438588759967,0.04690913482829728,0.03899010083033771,1.1863110097835323,1.2031037065643564,0.2354995003145096,0.22893619123380482,0.406,0.223,0.219,True,999,0.00011383299715816975,0.0008211660897359252,weak_2x2_bal_strong_100_100,weak_null,True,1196,2311938656,-4.440892098500626e-16,0,0
100,100,0.11175797747829341,0.03790646555682897,0.10651727130941424,0.032155864688334646,0.07385151192146444,0.0743614066210796,0.05429888598867458,1.360092579742208,1.3694830983565587,0.17380062891788628,0.1708483144849633,0.321,0.194,0.191,True,999,0.00011562497820705175,0.0008625409100204706,weak_2x2_bal_strong_100_100,weak_null,True,1197,2311938656,-4.440892098500626e-16,0,0
100,100,0.03660175955144884,0.05098122424948892,0.03141536770881714,0.04532118537139951,-0.014379464698040079,-0.013905817662582365,0.044591589134569516,-0.32247033526088076,-0.31184844345011054,0.7470964074921329,0.755155705981265,0.817,0.755,0.763,True,999,0.00011895899660885334,0.0008260840550065041,weak_2x2_bal_strong_100_100,weak_null,True,1198,2311938656,-4.440892098500626e-16,0,0
100,100,0.022979168343198464,0.03617656816955306,0.017808977342284038,0.030134603137639715,-0.013197399826354594,-0.012325625795355677,0.03818952081808716,-0.34557647081301157,-0.32274889894711817,0.729661031284698,0.7468854161983238,0.835,0.743,0.768,True,999,0.00011683302000164986,0.000823875074274838,weak_2x2_bal_strong_100_100,weak_null,True,1199,2311938656,-4.440892098500626e-16,0,0
100,100,0.05286967496666373,0.003900418512543913,0.047680185505157624,-0.002320934205350511,0.048969256454119814,0.050001119710508135,0.03300235282106462,1.4838110700660077,1.5150774243766525,0.13785904945942254,0.12975279804712486,0.401,0.142,0.135,True,999,0.0001166659640148282,0.0008329590782523155,weak_2x2_bal_strong_100_100,weak_null,True,1200,2311938656,-4.440892098500626e-16,0,0
100,100,0.09387241389785528,0.04923634031655433,0.08864159167096375,0.04265008977908025,0.04463607358130095,0.0459915018918835,0.055813153821158284,0.7997411098524915,0.8240262150254717,0.4238608092768972,0.4099246627080064,0.594,0.471,0.454,True,999,0.00011591601651161909,0.0008340839995071292,weak_2x2_bal_strong_100_100,weak_null,True,1201,2311938656,-4.440892098500626e-16,0,0
100,100,0.059204850577441515,0.07158227589593663,0.05401158379129356,0.061378173118392,-0.012377425318495117,-0.007366589327098438,0.05463759457833301,-0.22653679053805723,-0.1348263843595289,0.8207839481503845,0.8927491446009991,0.84,0.806,0.884,True,999,0.00011575000826269388,0.0008414170006290078,weak_2x2_bal_strong_100_100,weak_null,True,1202,2311938656,-4.440892098500626e-16,0,0
100,100,0.027436578941206213,0.11805820944528567,0.02225828840151678,0.11226606969795938,-0.09062163050407945,-0.0900077812964426,0.05742660609332979,-1.578042595043856,-1.567353312681614,0.11455582460461326,0.11703213033787992,0.108,0.103,0.107,True,999,0.00014108396135270596,0.0008192090317606926,weak_2x2_bal_strong_100_100,weak_null,True,1203,2311938656,-4.440892098500626e-16,0,0
100,100,0.05818888357910945,0.10013693174978788,0.05299523256310579,0.09376123091562505,-0.04194804817067843,-0.04076599835251926,0.05984835456268328,-0.7009056218369941,-0.6811548730186431,0.4833619157907978,0.49577349891042355,0.568,0.506,0.528,True,999,0.00010895798914134502,0.0007944160606712103,weak_2x2_bal_strong_100_100,weak_null,True,1204,2311938656,-4.440892098500626e-16,0,0
100,100,0.10146037741315572,0.07605203490995044,0.09623209796019694,0.07038838399463287,0.025408342503205283,0.025843713965564064,0.05997483154747914,0.4236500853377261,0.43090932143935845,0.6718210226196757,0.6665343054351351,0.698,0.656,0.649,True,999,0.00010662490967661142,0.0007960409857332706,weak_2x2_bal_strong_100_100,weak_null,True,1205,2311938656,-4.440892098500626e-16,0,0
100,100,0.039379373902592496,0.17105035525220175,0.03420076535070393,0.16453273743094599,-0.13167098134960925,-0.13033197208024205,0.06726753510970224,-1.9574224198177566,-1.9375166916357518,0.05029782470745088,0.052682215015163944,0.06,0.051,0.053,True,999,0.00010825006756931543,0.000863916939124465,weak_2x2_bal_strong_100_100,weak_null,True,1206,2311938656,-4.440892098500626e-16,0,0
100,100,0.019086063223510807,0.026003132308261012,0.013910376175047645,0.020046360174575284,-0.006917069084750205,-0.006135983999527639,0.032461519124778924,-0.21308519352288055,-0.18902331637473627,0.8312605133007216,0.8500745423778931,0.907,0.846,0.85,True,999,0.00011191703379154205,0.0008080829866230488,weak_2x2_bal_strong_100_100,weak_null,True,1207,2311938656,-4.440892098500626e-16,0,0
100,100,0.031080629950831495,0.033236881825550346,0.02590104045181363,0.02753332313884016,-0.002156251874718851,-0.0016322826870265317,0.03799618476728573,-0.05674916805266613,-0.04295912068603024,0.9547450066519267,0.9657341207166709,0.966,0.952,0.961,True,999,0.0001100829103961587,0.0008182909805327654,weak_2x2_bal_strong_100_100,weak_null,True,1208,2311938656,-4.440892098500626e-16,0,0
100,100,0.027060842390670747,0.0766809766511023,0.02187701283681065,0.07031843495140322,-0.04962013426043155,-0.04844142211459257,0.04982703207385423,-0.9958476793657705,-0.9721916015947349,0.3193241599182842,0.33095523789413783,0.405,0.356,0.357,True,999,0.0001157920341938734,0.0008311249548569322,weak_2x2_bal_strong_100_100,weak_null,True,1209,2311938656,-4.440892098500626e-16,0,0
100,100,0.07092426229439153,0.029660227365620018,0.06571454660208076,0.023977110527795276,0.04126403492877151,0.04173743607428548,0.04539585944542558,0.9089823484535785,0.9194106375375883,0.3633594433573605,0.35788082739851657,0.535,0.369,0.366,True,999,0.00011562497820705175,0.0008197090355679393,weak_2x2_bal_strong_100_100,weak_null,True,1210,2311938656,-4.440892098500626e-16,0,0
100,100,0.06607918563312665,0.10370638498886492,0.060881532323605825,0.09762537739714361,-0.03762719935573827,-0.036743845073537784,0.062312955944127585,-0.6038423115327156,-0.5896662181534745,0.545948485762143,0.5554144476998935,0.618,0.555,0.558,True,999,0.00011879194062203169,0.0008302920032292604,weak_2x2_bal_strong_100_100,weak_null,True,1211,2311938656,-4.440892098500626e-16,0,0
100,100,0.03455808483129841,0.03301791181334052,0.029379615102087087,0.027462725286198975,0.001540173017957891,0.001916889815888112,0.038199397885735224,0.04031930091057893,0.050181152635495725,0.9678385663882008,0.959978030647544,0.981,0.967,0.962,True,999,0.00011658307630568743,0.0008269170066341758,weak_2x2_bal_strong_100_100,weak_null,True,1212,2311938656,-4.440892098500626e-16,0,0
100,100,0.05124058133734688,0.027811516091442445,0.046053502335041685,0.02188362188626769,0.023429065245904435,0.024169880448773995,0.04141210070522956,0.5657540874990142,0.583642945833989,0.5715609613428618,0.5594605601973515,0.7,0.565,0.559,True,999,0.00011566700413823128,0.0008674589917063713,weak_2x2_bal_strong_100_100,weak_null,True,1213,2311938656,-4.440892098500626e-16,0,0
100,100,0.014622109243328518,0.030938008181458365,0.00945120514934672,0.02522242688292664,-0.016315898938129847,-0.01577122173357992,0.03256107410575597,-0.5010860171607672,-0.48435815361483947,0.6163105872102826,0.6281317111672347,0.719,0.607,0.624,True,999,0.0001170419855043292,0.0008044589776545763,weak_2x2_bal_strong_100_100,weak_null,True,1214,2311938656,-4.440892098500626e-16,0,0
100,100,0.01610492819232079,0.04663349849632514,0.010939889439384842,0.04037187854172686,-0.030528570304004354,-0.029431989102342015,0.04095275766675259,-0.7454582314682293,-0.718681494951836,0.45599475246684595,0.47233718766084043,0.59,0.452,0.465,True,999,0.00011120806448161602,0.000869374955072999,weak_2x2_bal_strong_100_100,weak_null,True,1215,2311938656,-4.440892098500626e-16,0,0
100,100,0.10023373401442215,0.009972799093517393,0.09497640781853534,0.003694286584455142,0.09026093492090476,0.0912821212340802,0.04492581329887151,2.0091107604538796,2.031841262991072,0.044525388746548315,0.04216972839821961,0.174,0.046,0.045,True,999,0.00011141702998429537,0.0008023750269785523,weak_2x2_bal_strong_100_100,weak_null,True,1216,2311938656,-4.440892098500626e-16,0,0
100,100,0.12294936331960171,0.011981312245665787,0.1176933295493825,0.005682216469743651,0.11096805107393592,0.11201111307963885,0.04944624668241698,2.2442158610472656,2.2653107282148848,0.02481851600717836,0.02349361816283122,0.122,0.034,0.032,True,999,0.00011020805686712265,0.0008233329281210899,weak_2x2_bal_strong_100_100,weak_null,True,1217,2311938656,-4.440892098500626e-16,0,0
100,100,0.0770862753790208,0.0791868004566122,0.07187174842147215,0.07342306061593717,-0.0021005250775913975,-0.0015513121944650266,0.05821927455231285,-0.036079547430704816,-0.026646024128505707,0.9712189304945997,0.9787420643307968,0.973,0.966,0.974,True,999,0.00011029199231415987,0.0008172920206561685,weak_2x2_bal_strong_100_100,weak_null,True,1218,2311938656,-4.440892098500626e-16,0,0
100,100,0.09019773773029793,0.0791868004566122,0.08497934495518678,0.07342306061593717,0.01101093727368574,0.0115562843392496,0.06012526932449061,0.18313327154113376,0.19220345237676,0.8546934502950893,0.8475828417163663,0.905,0.904,0.899,True,999,0.00011274998541921377,0.0008172079687938094,weak_2x2_bal_strong_100_100,weak_null,True,1219,2311938656,-4.440892098500626e-16,0,0
100,100,0.05343813071859982,0.046725768803268064,0.04824485387614175,0.04086155415221526,0.006712361915331755,0.007383299723926484,0.04609934650200321,0.14560644400978817,0.16016061580407975,0.8842320806226333,0.8727545528762016,0.907,0.884,0.865,True,999,0.00011512497439980507,0.0008280000183731318,weak_2x2_bal_strong_100_100,weak_null,True,1220,2311938656,-4.440892098500626e-16,0,0
100,100,0.09103835747329414,0.12782477980968943,0.08582259536504466,0.12193740657557584,-0.036786422336395286,-0.03611481121053117,0.06818918567105148,-0.5394759003847778,-0.5296266681457538,0.5895585215293877,0.5963708006000741,0.61,0.603,0.605,True,999,0.00011662498582154512,0.0008290830301120877,weak_2x2_bal_strong_100_100,weak_null,True,1221,2311938656,-4.440892098500626e-16,0,0
100,100,0.08255001320795574,0.0525221159235808,0.07734033821611774,0.046113385312644084,0.030027897284374938,0.03122695290347366,0.0554922880968142,0.5411183844498715,0.5627259926459293,0.5884259872616302,0.5736214818740651,0.683,0.583,0.566,True,999,0.00011475000064820051,0.0008389169815927744,weak_2x2_bal_strong_100_100,weak_null,True,1222,2311938656,-4.440892098500626e-16,0,0
100,100,0.020157904124407988,0.017184448406940334,0.014976691004008558,0.011321607849325233,0.0029734557174676546,0.003655083154683325,0.028596698373673134,0.10397898661633943,0.1278148654408402,0.9171860244167329,0.8982954856364235,0.943,0.913,0.894,True,999,0.00011495896615087986,0.0008394999895244837,weak_2x2_bal_strong_100_100,weak_null,True,1223,2311938656,-4.440892098500626e-16,0,0
100,100,0.07534538571423399,0.004595019318131943,0.070136923885741,-0.005540426419912592,0.07075036639610205,0.07567735030565359,0.038821364769121965,1.8224595352808415,1.9493737728109555,0.06838528820105814,0.0512508042803212,0.286,0.076,0.054,True,999,0.00014387501869350672,0.0008299170294776559,weak_2x2_bal_strong_100_100,weak_null,True,1224,2311938656,-4.440892098500626e-16,0,0
100,100,0.007264441408790345,0.05034662616899377,0.0021045417997811455,0.04435579038620574,-0.043082184760203424,-0.042251248586424595,0.038449434030611414,-1.1204894388277251,-1.09887829695455,0.26250525062218366,0.27182115433111886,0.394,0.26,0.266,True,999,0.0001117080682888627,0.0007973749889060855,weak_2x2_bal_strong_100_100,weak_null,True,1225,2311938656,-4.440892098500626e-16,0,0
100,100,0.01986940935839754,0.03132340886366941,0.014703076545998783,0.025219550995373652,-0.011453999505271872,-0.010516474449374869,0.03502145629331662,-0.3270566309219333,-0.3002866117643942,0.743625053018184,0.7639585445542829,0.823,0.762,0.775,True,999,0.00010958290658891201,0.0008066659793257713,weak_2x2_bal_strong_100_100,weak_null,True,1226,2311938656,-4.440892098500626e-16,0,0
100,100,0.007174572455770578,0.058780277624292054,0.002016123604079212,0.05279129581086295,-0.051605705168521476,-0.050775172206783736,0.04197673941280183,-1.2293881299599714,-1.209602577929114,0.21892631856502454,0.2264314284767246,0.312,0.226,0.232,True,999,0.00010929105337709188,0.0008203339530155063,weak_2x2_bal_strong_100_100,weak_null,True,1227,2311938656,-4.440892098500626e-16,0,0
100,100,0.02292929549543743,0.06281801848483975,0.017755742952488163,0.057261483253341794,-0.039888722989402325,-0.03950574030085363,0.043666513153824096,-0.9134854172781385,-0.9047147905235001,0.36098729971987686,0.36561650339671636,0.405,0.352,0.352,True,999,0.00010854203719645739,0.0008279589237645268,weak_2x2_bal_strong_100_100,weak_null,True,1228,2311938656,-4.440892098500626e-16,0,0
100,100,0.029922616227185728,0.04348535003939452,0.024746425698552343,0.03765412835063131,-0.013562733812208794,-0.012907702652078967,0.041445216161689405,-0.3272448564219515,-0.31144010931737937,0.7434826963645902,0.7554660661183117,0.817,0.745,0.755,True,999,0.00011450005695223808,0.0008284170180559158,weak_2x2_bal_strong_100_100,weak_null,True,1229,2311938656,-4.440892098500626e-16,0,0
100,100,0.11387493482174127,0.06526171889034815,0.10862434976841939,0.05973956135656522,0.04861321593139312,0.048884788411854174,0.05943621337575846,0.8179056701351101,0.8224748118256172,0.41341105239097053,0.41080671646376676,0.513,0.435,0.435,True,999,0.00011533393990248442,0.0008250829996541142,weak_2x2_bal_strong_100_100,weak_null,True,1230,2311938656,-4.440892098500626e-16,0,0
100,100,0.03432252655653312,0.058780277624292054,0.029146412337979655,0.05279129581086295,-0.024457751067758937,-0.023644883472883294,0.04777134696333325,-0.5119753287788056,-0.49495953067917153,0.6086682762770118,0.6206286874556818,0.704,0.63,0.64,True,999,0.00011608295608311892,0.0008363750530406833,weak_2x2_bal_strong_100_100,weak_null,True,1231,2311938656,-4.440892098500626e-16,0,0
100,100,0.02797587320180761,0.0599450194984637,0.022802804366975238,0.05387704993734843,-0.03196914629665609,-0.031074245570373193,0.04681133235751744,-0.682936047461639,-0.6638188661892033,0.4946472545552103,0.506806249231875,0.594,0.505,0.51,True,999,0.00011558306869119406,0.0008938329992815852,weak_2x2_bal_strong_100_100,weak_null,True,1232,2311938656,-4.440892098500626e-16,0,0
100,100,0.02150644794108436,0.013033318462733368,0.016333494244918256,0.007234199546459763,0.008473129478350994,0.009099294698458493,0.027107589149597194,0.312574070367925,0.3356733292747911,0.7546042805115514,0.7371172201504408,0.885,0.782,0.773,True,999,0.00012458290439099073,0.0007965409895405173,weak_2x2_bal_strong_100_100,weak_null,True,1233,2311938656,-4.440892098500626e-16,0,0
100,100,0.06675800233781137,0.0011210435359373383,0.06155777012062913,-0.008952020821482165,0.06563695880187403,0.0705097909421113,0.035617375733513375,1.842835342304975,1.9796458748016823,0.06535305494406693,0.04774333436832626,0.272,0.076,0.056,True,999,0.0001092919846996665,0.0008229169761762023,weak_2x2_bal_strong_100_100,weak_null,True,1234,2311938656,-4.440892098500626e-16,0,0
100,100,0.03660175955144884,0.14756169567290728,0.031415367708845565,0.13746927830143818,-0.11095993612145844,-0.10605391059259262,0.05909480438146052,-1.8776597584654884,-1.7946401837293215,0.06042772509121904,0.07271104648271108,0.053,0.05,0.057,True,999,0.00011362496297806501,0.0007987919962033629,weak_2x2_bal_strong_100_100,weak_null,True,1235,2311938656,-4.440892098500626e-16,0,0
100,100,0.10911119988486317,0.027811516091442445,0.10387650445660768,0.02188362188626769,0.08129968379342073,0.08199288257033999,0.05177556288783247,1.5702327364272186,1.5836212683572533,0.11636097618948085,0.113279931020112,0.272,0.121,0.119,True,999,0.00010904099326580763,0.0007942079100757837,weak_2x2_bal_strong_100_100,weak_null,True,1236,2311938656,-4.440892098500626e-16,0,0
100,100,0.06707733961080531,0.10013693174978788,0.06187720775957928,0.09376123091562505,-0.033059592138982574,-0.03188402315604577,0.06110885795686709,-0.5409950904714546,-0.521757797839238,0.5885109666742315,0.6018389767132011,0.639,0.585,0.594,True,999,0.0001093749888241291,0.0008127500768750906,weak_2x2_bal_strong_100_100,weak_null,True,1237,2311938656,-4.440892098500626e-16,0,0
100,100,0.03448819381301116,0.0941435526160963,0.02931219336318236,0.0882357892248038,-0.059655358803085146,-0.058923595861621436,0.055317485053412024,-1.0784177687305319,-1.0651893484443031,0.28084736087763484,0.28679025276705317,0.346,0.269,0.276,True,999,0.00011000002268701792,0.0008093749638646841,weak_2x2_bal_strong_100_100,weak_null,True,1238,2311938656,-4.440892098500626e-16,0,0
100,100,0.031080629950831273,0.0850754443453598,0.02590104045181363,0.07897337736365273,-0.05399481439452852,-0.0530723369118391,0.05361932104742008,-1.0070029485598366,-0.9897987493146877,0.31393335724858806,0.32227249627213195,0.352,0.29,0.293,True,999,0.00011124997399747372,0.0008266250370070338,weak_2x2_bal_strong_100_100,weak_null,True,1239,2311938656,-4.440892098500626e-16,0,0
100,100,0.025497440448702058,0.017443391231600103,0.020308847030605648,0.01105084587955929,0.008054049217101955,0.009258001151046358,0.031168717537247054,0.25840168776521694,0.2970286198006997,0.7960969141718972,0.7664446591845241,0.907,0.798,0.786,True,999,0.00011374999303370714,0.0008263749768957496,weak_2x2_bal_strong_100_100,weak_null,True,1240,2311938656,-4.440892098500626e-16,0,0
100,100,0.04606453410618794,0.06283324505276172,0.040880754384517104,0.05714674374041806,-0.016768710946573784,-0.016265989355900956,0.04892008126643944,-0.3427776592447649,-0.33250127421721776,0.7317657341925313,0.7395107776991261,0.777,0.732,0.738,True,999,0.00011479202657938004,0.0008516659727320075,weak_2x2_bal_strong_100_100,weak_null,True,1241,2311938656,-4.440892098500626e-16,0,0
100,100,0.052354135159880855,0.09347500270578613,0.04714905864840091,0.08776681632110694,-0.04112086754590527,-0.040617757672706034,0.057095094373966516,-0.7202171744663064,-0.711405386365845,0.47139129114682354,0.4768330621347071,0.576,0.494,0.495,True,999,0.00011499994434416294,0.0008193330140784383,weak_2x2_bal_strong_100_100,weak_null,True,1242,2311938656,-4.440892098500626e-16,0,0
100,100,0.02471997333928,0.05285251661877827,0.019542063544449206,0.04694417163658926,-0.028132543279498268,-0.027402108092140054,0.043775837185700814,-0.642650034542061,-0.6259642271579636,0.5204512091156936,0.5313384054100083,0.571,0.542,0.545,True,999,0.00011487503070384264,0.0008498330134898424,weak_2x2_bal_strong_100_100,weak_null,True,1243,2311938656,-4.440892098500626e-16,0,0
100,100,0.09208111072952418,0.018019254793768757,0.08685799581469666,0.012185095659418721,0.07406185593575543,0.07467290015527794,0.046003737018830544,1.6099095581178537,1.6231920490440235,0.10741760205872782,0.10454835699247676,0.251,0.114,0.113,True,999,0.00011795898899435997,0.0008391669252887368,weak_2x2_bal_strong_100_100,weak_null,True,1244,2311938656,-4.440892098500626e-16,0,0
100,100,0.02397749898902657,0.0850754443453598,0.018808310652445925,0.07897337736365273,-0.06109794535633323,-0.060165066711206805,0.052374013455413315,-1.1665698564106932,-1.148757995459449,0.24338412244640106,0.2506557842012913,0.325,0.267,0.273,True,999,0.00012687500566244125,0.0008578330744057894,weak_2x2_bal_strong_100_100,weak_null,True,1245,2311938656,-4.440892098500626e-16,0,0
100,100,0.0573786912447658,0.013548643581900499,0.05218472349366721,0.007697891984435046,0.0438300476628653,0.04448683150923216,0.03751678458906311,1.1682783624170883,1.1857847626473021,0.24269450035563167,0.2357073104392553,0.465,0.24,0.231,True,999,0.00012075004633516073,0.0008345829555764794,weak_2x2_bal_strong_100_100,weak_null,True,1246,2311938656,-4.440892098500626e-16,0,0
100,100,0.018491128599026796,0.00900239258683766,0.013323142721958448,0.003227948554481941,0.009488736012189136,0.010095194167476507,0.023950300170510676,0.396184429616141,0.42150595590056245,0.6919689769209054,0.6733856630043711,0.858,0.722,0.696,True,999,0.00011562497820705175,0.0008298750035464764,weak_2x2_bal_strong_100_100,weak_null,True,1247,2311938656,-4.440892098500626e-16,0,0
100,100,0.031080629950831273,0.021786221343680856,0.02590104045181363,0.01590197713895236,0.009294408607150417,0.009999063312861267,0.034042466949720115,0.2730239445007916,0.2937232289196208,0.7848348095211769,0.7689694027501938,0.856,0.786,0.768,True,999,0.00011479097884148359,0.0008391670417040586,weak_2x2_bal_strong_100_100,weak_null,True,1248,2311938656,-4.440892098500626e-16,0,0
100,100,0.08620559036598874,0.026003132308261012,0.08097878337117947,0.020046360174575284,0.060202458057727726,0.06093242319660419,0.04734552245962287,1.2715554698772094,1.2869732982367759,0.2035311069673591,0.19810359517765774,0.406,0.223,0.214,True,999,0.00011470797471702099,0.0008340829517692327,weak_2x2_bal_strong_100_100,weak_null,True,1249,2311938656,-4.440892098500626e-16,0,0
100,100,0.025252912162523122,0.009972799093517393,0.020073573065801043,0.003694286584455142,0.01528011306900573,0.0163792864813459,0.027262127808697443,0.5604886447686197,0.600807339628142,0.5751461828285582,0.5479683150004966,0.803,0.579,0.541,True,999,0.00012099999003112316,0.0008669169619679451,weak_2x2_bal_strong_100_100,weak_null,True,1250,2311938656,-4.440892098500626e-16,0,0
100,100,0.04228567460549826,0.03686625460893811,0.03709764844347774,0.03092943349661681,0.005419419996560149,0.006168214946860928,0.04149635102485647,0.13059991692556042,0.14864475537056604,0.8960918084482057,0.8818339556091119,0.909,0.881,0.865,True,999,0.00011979101691395044,0.0007979579968377948,weak_2x2_bal_strong_100_100,weak_null,True,1251,2311938656,-4.440892098500626e-16,0,0
100,100,0.0579321234500646,0.007624805209794583,0.05271163527233114,0.0013427332169015926,0.050307318240270016,0.051368902055429544,0.03568597116204333,1.4097225492850927,1.4394704804914222,0.15862162374954303,0.15001726781499491,0.455,0.191,0.182,True,999,0.00011075008660554886,0.0007932919543236494,weak_2x2_bal_strong_100_100,weak_null,True,1252,2311938656,-4.440892098500626e-16,0,0
100,100,0.060432563405583783,0.013289026072359378,0.05523009501150966,0.006930670807264505,0.047143537333224406,0.048299424204245156,0.03858830046732133,1.2217054589680132,1.2516597937540093,0.22181903117490342,0.21069385653314954,0.466,0.212,0.196,True,999,0.00010887498501688242,0.0007944169919937849,weak_2x2_bal_strong_100_100,weak_null,True,1253,2311938656,-4.440892098500626e-16,0,0
100,100,0.09611494211265559,0.015465309507012748,0.09088993491532449,0.009648673560995746,0.08064963260564284,0.08124126135432874,0.046062629371656214,1.7508690603595698,1.763713067676485,0.07996846732731315,0.07778029989640035,0.261,0.081,0.079,True,999,0.00011554209049791098,0.0008024579146876931,weak_2x2_bal_strong_100_100,weak_null,True,1254,2311938656,-4.440892098500626e-16,0,0
100,100,0.05890557724567691,0.0599450194984637,0.05368991604868256,0.05387704993734843,-0.001039442252786793,-0.0001871338886658691,0.052354396940695366,-0.019853962867039134,-0.003574368144815911,0.9841598702077806,0.9971480729153817,0.979,0.979,1.0,True,999,0.00011662498582154512,0.0008366249967366457,weak_2x2_bal_strong_100_100,weak_null,True,1255,2311938656,-4.440892098500626e-16,0,0
100,100,0.04106131032185378,0.009744839081910095,0.035877582907573924,-0.0005558413570412313,0.03131647123994369,0.036433424264615155,0.032776498007901056,0.9554550712646173,1.1115715979123995,0.33934761563033555,0.26632238992858825,0.622,0.32,0.253,True,999,0.00011979206465184689,0.0008429170120507479,weak_2x2_bal_strong_100_100,weak_null,True,1256,2311938656,-4.440892098500626e-16,0,0
100,100,0.09019773773029793,0.05975174233235536,0.08497934495518678,0.05344963552487059,0.03044599539794257,0.03152970943031619,0.055446100546273795,0.5491097678281844,0.5686551284882939,0.5829301223093064,0.5695902047816653,0.647,0.585,0.572,True,999,0.00011575000826269388,0.0008422080427408218,weak_2x2_bal_strong_100_100,weak_null,True,1257,2311938656,-4.440892098500626e-16,0,0
100,100,0.05172414008263515,0.08841486592047892,0.04653727643929528,0.081968322404677,-0.036690725837843774,-0.03543104596538171,0.05756180905860967,-0.6374143974607387,-0.6155304453566718,0.5238549527260096,0.5382044694600547,0.612,0.544,0.554,True,999,0.00012162502389401197,0.0008880000095814466,weak_2x2_bal_strong_100_100,weak_null,True,1258,2311938656,-4.440892098500626e-16,0,0
100,100,0.02150644794108436,0.05370605772941539,0.016333494244918256,0.04814587075379961,-0.03219960978833103,-0.03181237650888136,0.041395637328657336,-0.7778503211023137,-0.7684958744881628,0.4366572582274634,0.4421926407042587,0.549,0.442,0.449,True,999,0.0001265000319108367,0.0008069999748840928,weak_2x2_bal_strong_100_100,weak_null,True,1259,2311938656,-4.440892098500626e-16,0,0
100,100,0.07689873251463208,0.03790646555682897,0.07167489194772259,0.032155864688334646,0.03899226695780311,0.03951902725938794,0.0488416685449155,0.7983401902403326,0.8091252497454233,0.4246731012134871,0.41844310586463207,0.522,0.419,0.411,True,999,0.00010966707486659288,0.0008313329890370369,weak_2x2_bal_strong_100_100,weak_null,True,1260,2311938656,-4.440892098500626e-16,0,0
100,100,0.044955804955724266,0.012293808475890677,0.03977145582517494,0.005981867305230537,0.03266199647983359,0.0337895885199444,0.03432452775455033,0.95156433654076,0.9844152485234116,0.34131797555153087,0.3249113836222053,0.559,0.336,0.316,True,999,0.00011366698890924454,0.0008081250125542283,weak_2x2_bal_strong_100_100,weak_null,True,1261,2311938656,-4.440892098500626e-16,0,0
100,100,0.035410008782013724,0.08259152108057577,0.030222823831039136,0.07586514402220246,-0.047181512298562045,-0.04564232019116332,0.05527215061674182,-0.8536217927491112,-0.8257742765909013,0.39331457963840033,0.40893214865169003,0.45,0.391,0.404,True,999,0.00010850001126527786,0.0008094169897958636,weak_2x2_bal_strong_100_100,weak_null,True,1262,2311938656,-4.440892098500626e-16,0,0
100,100,0.05737869124476602,0.045096129941809254,0.05218472349366721,0.03855142122863242,0.012282561302956768,0.013633302265034786,0.04857888732267619,0.25283743576447415,0.2806425386913068,0.8003938377760688,0.778984585494549,0.848,0.814,0.799,True,999,0.00010720791760832071,0.000820250017568469,weak_2x2_bal_strong_100_100,weak_null,True,1263,2311938656,-4.440892098500626e-16,0,0
100,100,0.07408028741081829,0.04213341673780796,0.06887766347199431,0.036352756869959535,0.03194687067301033,0.032524906602034775,0.04974224074481838,0.6422483224449075,0.6538689474985679,0.520711962174794,0.5131962414172604,0.63,0.501,0.5,True,999,0.00011241703759878874,0.0008138749981299043,weak_2x2_bal_strong_100_100,weak_null,True,1264,2311938656,-4.440892098500626e-16,0,0
100,100,0.03956405743651059,0.051632984824524886,0.03438288661810418,0.04595492632088849,-0.012068927388014294,-0.01157203970278431,0.04539787101322257,-0.26584787168761953,-0.2549026957544736,0.7903563730857872,0.7987982541204651,0.816,0.787,0.792,True,999,0.0001153330085799098,0.0008192920358851552,weak_2x2_bal_strong_100_100,weak_null,True,1265,2311938656,-4.440892098500626e-16,0,0
100,100,0.07484944193393273,0.1744238338059777,0.06963433056918689,0.1685406621450909,-0.09957439187204498,-0.098906331575904,0.07089480713495322,-1.4045371712839019,-1.3951139099317795,0.1601589508590998,0.16298149221670155,0.173,0.162,0.166,True,999,0.0001154160127043724,0.0008263750933110714,weak_2x2_bal_strong_100_100,weak_null,True,1266,2311938656,-4.440892098500626e-16,0,0
100,100,0.04594361002401559,0.047039700673127016,0.04075230116282569,0.04121198737109211,-0.0010960906491114253,-0.0004596862082664188,0.04614079059083315,-0.023755350419357293,-0.00996268599605975,0.9810477551919865,0.9920510581553537,0.986,0.979,0.996,True,999,0.00011449994053691626,0.0008635420817881823,weak_2x2_bal_strong_100_100,weak_null,True,1267,2311938656,-4.440892098500626e-16,0,0
100,100,0.15367263563266687,0.006705548778738135,0.14839906178659135,-0.003535114285746488,0.14696708685392873,0.15193417607233783,0.05260271852757797,2.793906683299618,2.8883331570151354,0.005207550351719946,0.0038728942839960008,0.07,0.009,0.009,True,999,0.00011708296369761229,0.0008151669753715396,weak_2x2_bal_strong_100_100,weak_null,True,1268,2311938656,-4.440892098500626e-16,0,0
100,100,0.03894345707537861,0.03966916030556733,0.033764584392656616,0.03385839212969444,-0.0007257032301887234,-9.380773703782097e-05,0.042072918298993366,-0.01724870200425547,-0.0022296465477191635,0.9862382093763954,0.9982210009175243,0.991,0.991,0.996,True,999,0.00011087500024586916,0.0007938749622553587,weak_2x2_bal_strong_100_100,weak_null,True,1269,2311938656,-4.440892098500626e-16,0,0
100,100,0.015003240095617265,0.04348535003939452,0.009834652418987844,0.03765412835063131,-0.028482109943777256,-0.027819475931643467,0.03786934111718788,-0.7521152759335966,-0.7346173741326847,0.45198173819782883,0.46257255376570916,0.579,0.429,0.431,True,999,0.00010974996257573366,0.000810416997410357,weak_2x2_bal_strong_100_100,weak_null,True,1270,2311938656,-4.440892098500626e-16,0,0
100,100,0.020778484848206213,0.0599450194984637,0.015608506129339617,0.05387704993734843,-0.03916653465025749,-0.038268543808008815,0.045313321468784896,-0.864349232868269,-0.844531863204311,0.3873960722269837,0.39837226587884633,0.485,0.392,0.399,True,999,0.00010845903307199478,0.0008227500366047025,weak_2x2_bal_strong_100_100,weak_null,True,1271,2311938656,-4.440892098500626e-16,0,0
100,100,0.1316828228546948,0.04213341673780796,0.1264284901223789,0.036352756869959535,0.08954940611688683,0.09007573325241935,0.05810386727420936,1.5411952821363277,1.5502536660309596,0.12326926539737564,0.12108064355876813,0.236,0.13,0.13,True,999,0.00011108291801065207,0.0008114579832181334,weak_2x2_bal_strong_100_100,weak_null,True,1272,2311938656,-4.440892098500626e-16,0,0
100,100,0.1200902634285248,0.034209326254180106,0.11485011612118967,0.028479173172186734,0.0858809371743447,0.08637094294900294,0.05452402893045257,1.5751025531126657,1.5840895224227156,0.1152327748410949,0.11317334837145412,0.208,0.106,0.104,True,999,0.00011191703379154205,0.0008165829349309206,weak_2x2_bal_strong_100_100,weak_null,True,1273,2311938656,-4.440892098500626e-16,0,0
100,100,0.14675375232901866,0.04663349849632514,0.14133135163963573,0.04037187854172686,0.10012025383269352,0.10095947309790887,0.06075743680149739,1.647868295691928,1.6616809136922097,0.09937970056555813,0.09657677002436871,0.23,0.117,0.114,True,999,0.00011787493713200092,0.0008313329890370369,weak_2x2_bal_strong_100_100,weak_null,True,1274,2311938656,-4.440892098500626e-16,0,0
100,100,0.10776176478064114,0.0048277159395560265,0.10249559703858324,-0.005325892227261875,0.10293404884108512,0.10782148926584512,0.04512625026530451,2.2810237552626074,2.3893296835421776,0.02254704122090557,0.016879148012931007,0.115,0.018,0.01,True,999,0.0001152500044554472,0.0008366670226678252,weak_2x2_bal_strong_100_100,weak_null,True,1275,2311938656,-4.440892098500626e-16,0,0
100,100,0.05940846856642301,0.047829950993235615,0.054215277101889114,0.04196866477914085,0.011578517573187397,0.012246612322748263,0.04887937920632105,0.23687939088412296,0.2505476240001947,0.8127503587124856,0.8021638801619252,0.864,0.827,0.807,True,999,0.00011362496297806501,0.0008417080389335752,weak_2x2_bal_strong_100_100,weak_null,True,1276,2311938656,-4.440892098500626e-16,0,0
100,100,0.04106131032185378,0.020105461076893205,0.035877582907573924,0.01327235365285162,0.020955849244960578,0.022605229254722303,0.03650031280857867,0.5741279356936175,0.6193160418452468,0.5658812305521637,0.5357081785000557,0.716,0.564,0.529,True,999,0.00010962504893541336,0.0007982500828802586,weak_2x2_bal_strong_100_100,weak_null,True,1277,2311938656,-4.440892098500626e-16,0,0
100,100,0.05767601615709228,0.028914262641775823,0.05245989371191229,0.02293995012980332,0.028761753515316457,0.029519943582108965,0.042974413235235494,0.669276235556235,0.6869190608961017,0.5033192832508723,0.4921337347180975,0.646,0.496,0.492,True,999,0.00010774994734674692,0.0007929999846965075,weak_2x2_bal_strong_100_100,weak_null,True,1278,2311938656,-4.440892098500626e-16,0,0
100,100,0.15367263563266664,0.02101436877683699,0.1483990617866482,0.015154105746773894,0.13265826685582965,0.1332449560398743,0.05586894075151535,2.3744546624902947,2.3849558314072787,0.017574894406133208,0.017081172015600388,0.08,0.025,0.024,True,999,0.00010920804925262928,0.0008187498897314072,weak_2x2_bal_strong_100_100,weak_null,True,1279,2311938656,-4.440892098500626e-16,0,0
100,100,0.016828471383347643,0.12557985282690876,0.011662443581542448,0.11915720917741623,-0.10875138144356111,-0.10749476559587379,0.057841597295118154,-1.8801586838740318,-1.8584335603219306,0.060086454577931686,0.06310747015794885,0.063,0.05,0.056,True,999,0.00010945904068648815,0.0008281670743599534,weak_2x2_bal_strong_100_100,weak_null,True,1280,2311938656,-4.440892098500626e-16,0,0
100,100,0.08324216141137719,0.06283324505276172,0.07802926120876919,0.05714674374041806,0.02040891635861547,0.020882517468351125,0.05510083667299771,0.3703921317880261,0.3789873027206617,0.7110903355239171,0.7046972927322112,0.773,0.727,0.717,True,999,0.00010783306788653135,0.0008437500800937414,weak_2x2_bal_strong_100_100,weak_null,True,1281,2311938656,-4.440892098500626e-16,0,0
100,100,0.012504675590960135,0.06014523838896385,0.007317875418621611,0.05453115968122546,-0.047640562798003716,-0.04721328426260385,0.041286471794027044,-1.1539024946398042,-1.143553377439102,0.24854014632519272,0.2528089062077815,0.314,0.231,0.231,True,999,0.00011237489525228739,0.0008012910839170218,weak_2x2_bal_strong_100_100,weak_null,True,1282,2311938656,-4.440892098500626e-16,0,0
100,100,0.04616788986651632,0.07180065644607148,0.04097750976896464,0.0659409396157784,-0.025632766579555155,-0.024963429846813767,0.05115421227339759,-0.5010880910951943,-0.48800340651117474,0.6163091276838497,0.6255474281831801,0.731,0.631,0.639,True,999,0.00011270807590335608,0.0007875419687479734,weak_2x2_bal_strong_100_100,weak_null,True,1283,2311938656,-4.440892098500626e-16,0,0
100,100,0.03432252655653312,0.03765761946926666,0.029146412337979655,0.03206948613134131,-0.0033350929127335394,-0.0029230737933616524,0.03971196297725665,-0.08398207146404657,-0.07360688251637723,0.9330706863038204,0.941323194541863,0.959,0.958,0.959,True,999,0.00010954204481095076,0.000795540981926024,weak_2x2_bal_strong_100_100,weak_null,True,1284,2311938656,-4.440892098500626e-16,0,0
100,100,0.004863927822840841,0.03790646555682897,-0.00030311121149395603,0.032155864688334646,-0.03304253773398813,-0.0324589758998286,0.03277788673555015,-1.008074071418123,-0.9902705492183038,0.3134189040938734,0.322041897494621,0.405,0.303,0.311,True,999,0.00011495896615087986,0.0008742089848965406,weak_2x2_bal_strong_100_100,weak_null,True,1285,2311938656,-4.440892098500626e-16,0,0
100,100,0.0196371066289196,0.06014523838896385,0.014469996022114628,0.05453115968122546,-0.04050813176004425,-0.04006116365911083,0.04295457339521541,-0.9430458402493723,-0.9326402404353323,0.345657456333615,0.3510057492271469,0.427,0.346,0.349,True,999,0.00011124997399747372,0.0007970420410856605,weak_2x2_bal_strong_100_100,weak_null,True,1286,2311938656,-4.440892098500626e-16,0,0
100,100,0.04572033088704963,0.07792438230488541,0.04053781125691103,0.07190848403553929,-0.03220405141783578,-0.03137067277862826,0.05410840922972851,-0.5951764591915237,-0.5797744421839781,0.5517255242305483,0.5620667348893396,0.609,0.523,0.539,True,999,0.00010854192078113556,0.0007977921050041914,weak_2x2_bal_strong_100_100,weak_null,True,1287,2311938656,-4.440892098500626e-16,0,0
100,100,0.09459370726667216,0.05098122424948892,0.08936301331438301,0.04532118537139951,0.043612483017183235,0.0440418279429835,0.05462301386113422,0.7984268888578249,0.8062870359908954,0.4246228045648742,0.42007736376654314,0.538,0.438,0.433,True,999,0.0001075830077752471,0.0008183750323951244,weak_2x2_bal_strong_100_100,weak_null,True,1288,2311938656,-4.440892098500626e-16,0,0
100,100,0.02227406279154165,0.09567956677040212,0.017103125997195434,0.08914684956532426,-0.07340550397886048,-0.07204372356812883,0.05476866619945145,-1.3402828491666954,-1.3154186246889175,0.18015340523080126,0.18836924950307787,0.243,0.158,0.165,True,999,0.00010725005995482206,0.0008215419948101044,weak_2x2_bal_strong_100_100,weak_null,True,1289,2311938656,-4.440892098500626e-16,0,0
100,100,0.055781177737267096,0.05676359474749987,0.05057767605870822,0.051052564310396065,-0.0009824170102327723,-0.0004748882516878439,0.05004939373471918,-0.01962894926240178,-0.009488391691714233,0.9843393701072976,0.9924294723577349,0.982,0.982,0.99,True,999,0.00011112494394183159,0.0008261250331997871,weak_2x2_bal_strong_100_100,weak_null,True,1290,2311938656,-4.440892098500626e-16,0,0
100,100,0.029922616227185728,0.014370675896247409,0.024746425698552343,0.008777865145020769,0.015551940330938319,0.015968560553531574,0.03021837097980697,0.514651843454126,0.5284388282942968,0.6067963304060882,0.597194793955719,0.753,0.592,0.586,True,999,0.00011274998541921377,0.0008279579924419522,weak_2x2_bal_strong_100_100,weak_null,True,1291,2311938656,-4.440892098500626e-16,0,0
100,100,0.01647169930152559,0.10436004389237313,0.011307154727290936,0.09765959943058533,-0.08788834459084754,-0.0863524447032944,0.056173090447240025,-1.5645987053782582,-1.5372564339218617,0.1176770326478352,0.12423052550866073,0.141,0.119,0.125,True,999,0.00011654198169708252,0.0008345419773831964,weak_2x2_bal_strong_100_100,weak_null,True,1292,2311938656,-4.440892098500626e-16,0,0
100,100,0.1081020776505911,0.14235167909393592,0.10286724409557735,0.13602963757032427,-0.034249601443344824,-0.03316239347474692,0.0707861671016673,-0.4838459666018293,-0.46848692099852113,0.6284951899968281,0.6394364219025678,0.672,0.645,0.652,True,999,0.00011541589628905058,0.000830042059533298,weak_2x2_bal_strong_100_100,weak_null,True,1293,2311938656,-4.440892098500626e-16,0,0
100,100,0.06675800233781137,0.04151945019516523,0.06155777012062913,0.035000872091863755,0.025238552142646142,0.026556898028765374,0.048921470524736325,0.5158992947663887,0.542847501187384,0.605924746670674,0.5872348047440156,0.685,0.609,0.59,True,999,0.00012079195585101843,0.0008695420110598207,weak_2x2_bal_strong_100_100,weak_null,True,1294,2311938656,-4.440892098500626e-16,0,0
100,100,0.0927149227294487,0.013033318462733368,0.08748926078428099,0.007234199546459763,0.07968160426671533,0.08025506123782122,0.044804465144386074,1.7784299848226022,1.7912290879757784,0.07533326165452739,0.07325654019070559,0.175,0.058,0.054,True,999,0.00011266593355685472,0.0008120830170810223,weak_2x2_bal_strong_100_100,weak_null,True,1295,2311938656,-4.440892098500626e-16,0,0
100,100,0.08789036834853692,0.10229363373204048,0.08265835934305699,0.09649243233450733,-0.01440326538350356,-0.013834072991450341,0.06392993370860618,-0.2252976743125358,-0.2163942958944131,0.8217477087969443,0.828680412162768,0.862,0.853,0.86,True,999,0.00010945799294859171,0.0008157920092344284,weak_2x2_bal_strong_100_100,weak_null,True,1296,2311938656,-4.440892098500626e-16,0,0
100,100,0.04675984915959008,0.07139087860353233,0.04157349155005363,0.06571723511521554,-0.024631029443942243,-0.024143743565161913,0.05157209782959131,-0.47760379120760377,-0.4681551571731602,0.6329322319910915,0.6396736375642634,0.714,0.657,0.663,True,999,0.0001117499778047204,0.0008234999841079116,weak_2x2_bal_strong_100_100,weak_null,True,1297,2311938656,-4.440892098500626e-16,0,0
100,100,0.09279658593322038,0.13738586765069982,0.08757360426592697,0.12724621485727283,-0.044589281717479445,-0.03967261059134586,0.06775195695090913,-0.6581253697186547,-0.5855566743273755,0.510457575160624,0.5581734706456707,0.543,0.493,0.545,True,999,0.00011104100849479437,0.0008420000085607171,weak_2x2_bal_strong_100_100,weak_null,True,1298,2311938656,-4.440892098500626e-16,0,0
100,100,0.029922616227185728,0.05034662616899366,0.024746425698552343,0.04435579038620574,-0.02042400994180793,-0.019609364687653397,0.04374626016259482,-0.4668744223139662,-0.4482523675114143,0.6405897259541751,0.6539710728369301,0.717,0.643,0.657,True,999,0.0001128750154748559,0.0008459580130875111,weak_2x2_bal_strong_100_100,weak_null,True,1299,2311938656,-4.440892098500626e-16,0,0
100,100,0.07686211195978021,0.0791868004566122,0.07164752837876165,0.07342306061593717,-0.0023246884968319836,-0.0017755322371755256,0.05819026583314394,-0.03994978307021052,-0.030512530089941953,0.9681331616064683,0.9756583004679694,0.96,0.957,0.965,True,999,0.00011229200754314661,0.0008461669785901904,weak_2x2_bal_strong_100_100,weak_null,True,1300,2311938656,-4.440892098500626e-16,0,0
100,100,0.033711571632115134,0.034209326254180106,0.028536268927354058,0.028479173172186734,-0.000497754622064972,5.709575516732457e-05,0.038982185633075705,-0.01276877152938895,0.00146466274889625,0.9898122711741766,0.9988313686237045,0.995,0.986,0.998,True,999,0.00011479202657938004,0.0008419580990448594,weak_2x2_bal_strong_100_100,weak_null,True,1301,2311938656,-4.440892098500626e-16,0,0
100,100,0.11374912752292143,0.03301791181334052,0.10850824086882938,0.027462725286198975,0.08073121570958092,0.0810455155826304,0.053066699641640395,1.5213159336223865,1.5272386662432569,0.12818057364023863,0.12670167466998872,0.26,0.127,0.123,True,999,0.00011020805686712265,0.0008676669094711542,weak_2x2_bal_strong_100_100,weak_null,True,1302,2311938656,-4.440892098500626e-16,0,0
100,100,0.03789358955605371,0.05285251661877827,0.03269171107582736,0.04694417163658926,-0.014958927062724559,-0.014252460560761904,0.046425179888773045,-0.3222158125948815,-0.30699849941149204,0.7472892060706298,0.7588445144039744,0.824,0.754,0.755,True,999,0.00011695805005729198,0.0008096250239759684,weak_2x2_bal_strong_100_100,weak_null,True,1303,2311938656,-4.440892098500626e-16,0,0
100,100,0.05611295135025929,0.023713432104284116,0.050906839386016145,0.018055638888000658,0.03239951924597517,0.03285120049801549,0.04032081317006201,0.8035432993209483,0.814745485401255,0.42166078059672996,0.4152180112974305,0.606,0.449,0.441,True,999,0.00011429202277213335,0.0007987910648807883,weak_2x2_bal_strong_100_100,weak_null,True,1304,2311938656,-4.440892098500626e-16,0,0
100,100,0.06947806375996723,0.011590777020764137,0.0642740919885938,-0.002298234561106227,0.0578872867392031,0.06657232654970002,0.040437118427642776,1.4315383734077205,1.6463172732949052,0.15227597737460308,0.09969845502989402,0.428,0.172,0.106,True,999,0.0001111660385504365,0.0007947500562295318,weak_2x2_bal_strong_100_100,weak_null,True,1305,2311938656,-4.440892098500626e-16,0,0
100,100,0.017257007558872717,0.04213341673780796,0.012073633685446339,0.036352756869959535,-0.024876409178935244,-0.024279123184513196,0.038007710258446535,-0.654509545820559,-0.6387946819058271,0.5127835791638282,0.5229565083694424,0.695,0.527,0.541,True,999,0.00011062505654990673,0.0007931248983368278,weak_2x2_bal_strong_100_100,weak_null,True,1306,2311938656,-4.440892098500626e-16,0,0
100,100,0.055965196865410904,0.1188791234931823,0.05077234825118637,0.10836256697162128,-0.0629139266277714,-0.057590218720434905,0.06505996518306795,-0.9670144527551168,-0.8851867436200678,0.3335368086996543,0.3760559208507819,0.36,0.336,0.378,True,999,0.00010987499263137579,0.0008319170447066426,weak_2x2_bal_strong_100_100,weak_null,True,1307,2311938656,-4.440892098500626e-16,0,0
100,100,0.08216860500522283,0.028642845082338053,0.07695994894501723,0.02255135771350325,0.053525759922884775,0.05440859123151398,0.04750536768014243,1.1267307787885812,1.1453146010331197,0.25985632500118494,0.25207885974491695,0.406,0.257,0.248,True,999,0.0001117499778047204,0.0008230829844251275,weak_2x2_bal_strong_100_100,weak_null,True,1308,2311938656,-4.440892098500626e-16,0,0
100,100,0.024220921907809778,0.07330492291741214,0.019048678602729296,0.06699667718289959,-0.04908400100960236,-0.04794799858017029,0.05056332946212558,-0.9707430569098242,-0.9482761339141186,0.33167624494921244,0.34298889739818883,0.414,0.321,0.331,True,999,0.00011070899199694395,0.0008410000009462237,weak_2x2_bal_strong_100_100,weak_null,True,1309,2311938656,-4.440892098500626e-16,0,0
100,100,0.05879172279147726,0.024328786877315378,0.053599990936902486,0.013838693203293673,0.034462935914161885,0.039761297733608814,0.04183491010862271,0.8237841511952629,0.9504334449475368,0.41006221445990854,0.3418920567334922,0.574,0.42,0.352,True,999,0.00011079199612140656,0.0008402910316362977,weak_2x2_bal_strong_100_100,weak_null,True,1310,2311938656,-4.440892098500626e-16,0,0
100,100,0.028773846255094826,0.03420932625418022,0.023602024761970597,0.028479173172186734,-0.005435479999085391,-0.004877148410216137,0.03777480182655506,-0.143891688010507,-0.1291111580838945,0.8855859993889764,0.8972696930353974,0.926,0.881,0.897,True,999,0.0001093749888241291,0.0008862500544637442,weak_2x2_bal_strong_100_100,weak_null,True,1311,2311938656,-4.440892098500626e-16,0,0
100,100,0.04116237738512907,0.12557985282690876,0.03595809147913087,0.11915720917741623,-0.08441747544177969,-0.08319911769828536,0.06164898078739171,-1.3693247538496942,-1.3495619333142492,0.17089778358210272,0.17715654161404748,0.226,0.173,0.176,True,999,0.00011150003410875797,0.0007995829218998551,weak_2x2_bal_strong_100_100,weak_null,True,1312,2311938656,-4.440892098500626e-16,0,0
100,100,0.08335707619397748,0.027811516091442445,0.07814420171851566,0.02188362188626769,0.05554556010253503,0.05626057983224797,0.047589769222584975,1.1671743950414961,1.1821990472176536,0.24313994896857738,0.23712673061780853,0.404,0.243,0.238,True,999,0.00011008302681148052,0.0008036249782890081,weak_2x2_bal_strong_100_100,weak_null,True,1313,2311938656,-4.440892098500626e-16,0,0
100,100,0.030237614093372445,0.06958485096707728,0.025061670521978385,0.06373666501704633,-0.03934723687370484,-0.03867499449506795,0.04905177029608128,-0.8021573255399564,-0.7884525728963889,0.42246195813585796,0.43043202969451877,0.494,0.41,0.425,True,999,0.00010912504512816668,0.0008007080759853125,weak_2x2_bal_strong_100_100,weak_null,True,1314,2311938656,-4.440892098500626e-16,0,0
100,100,0.05843150385723794,0.04156845961362904,0.05322908995459841,0.035964040895656524,0.016863044243608905,0.017265049058941884,0.04605403954724182,0.3661577661675247,0.37488674671483596,0.714247354767269,0.7077446960649418,0.79,0.73,0.72,True,999,0.00011520890984684229,0.0008255839347839355,weak_2x2_bal_strong_100_100,weak_null,True,1315,2311938656,-4.440892098500626e-16,0,0
100,100,0.06617185638282819,0.09567956677040212,0.06097514953060568,0.08914684956532426,-0.029507710387573938,-0.028171700034718583,0.061625089318658226,-0.47882624940293417,-0.45714659964296456,0.6320622410307165,0.647565677817551,0.694,0.633,0.649,True,999,0.00011745910160243511,0.0008300830377265811,weak_2x2_bal_strong_100_100,weak_null,True,1316,2311938656,-4.440892098500626e-16,0,0
100,100,0.07556761288570846,0.008053899458767777,0.0703592093314569,-0.0022076888296354014,0.06751371342694068,0.0725668981610923,0.040253075663639344,1.6772311758508904,1.8027665455298878,0.09349728492487407,0.0714248862427588,0.321,0.099,0.082,True,999,0.00011541706044226885,0.0008453329792246222,weak_2x2_bal_strong_100_100,weak_null,True,1317,2311938656,-4.440892098500626e-16,0,0
100,100,0.041881854625461123,0.04108292833145211,0.03669722727097735,0.035488815286555564,0.0007989262940090169,0.0012084119844217867,0.04262311780373141,0.01874396654153431,0.028351093178734972,0.9850453541783744,0.977382130493483,0.96,0.945,0.944,True,999,0.00011433404870331287,0.0008277089800685644,weak_2x2_bal_strong_100_100,weak_null,True,1318,2311938656,-4.440892098500626e-16,0,0
100,100,0.07385998717818298,0.04348535003939452,0.06865730333458941,0.03765412835063131,0.030374637138788463,0.031003174983958104,0.050045595235085776,0.6069392719999767,0.6194985760149879,0.5438912143967372,0.5355879597108255,0.642,0.545,0.538,True,999,0.00011516606900840998,0.0008387920679524541,weak_2x2_bal_strong_100_100,weak_null,True,1319,2311938656,-4.440892098500626e-16,0,0
100,100,0.09997490203544768,0.03161078068202461,0.094665264532523,0.025641359589876345,0.06836412135342307,0.06902390494264665,0.05108644992061408,1.3382045818344723,1.3511196227161317,0.18082975593696193,0.17665711659648464,0.364,0.195,0.19,True,999,0.00011475000064820051,0.0008838329231366515,weak_2x2_bal_strong_100_100,weak_null,True,1320,2311938656,-4.440892098500626e-16,0,0
100,100,0.08913773294657823,0.1175901336135336,0.08389939134754343,0.1112236299099365,-0.02845240066695537,-0.027324238562393077,0.0662817825721821,-0.4292642648222409,-0.4122435683234148,0.6677309195909888,0.6801609062084701,0.703,0.679,0.695,True,999,0.00011408294085413218,0.0008067500311881304,weak_2x2_bal_strong_100_100,weak_null,True,1321,2311938656,-4.440892098500626e-16,0,0
100,100,0.0317534780047517,0.14324322427602032,0.026576723668100044,0.13682278549133287,-0.11148974627126862,-0.11024606182323282,0.06247981000265286,-1.7844123768387712,-1.764506995436635,0.07435668138680815,0.07764665863235412,0.076,0.076,0.077,True,999,0.00011116696987301111,0.0008172920206561685,weak_2x2_bal_strong_100_100,weak_null,True,1322,2311938656,-4.440892098500626e-16,0,0
100,100,0.09103835747329414,0.04710839102644515,0.08582259536504466,0.04145299284566306,0.04392996644684899,0.0443696025193816,0.05313056962798326,0.8268303305318147,0.8351049655604039,0.40833323620145956,0.4036586111186423,0.531,0.429,0.425,True,999,0.00010845891665667295,0.0007947089616209269,weak_2x2_bal_strong_100_100,weak_null,True,1323,2311938656,-4.440892098500626e-16,0,0
100,100,0.019935500215221724,0.05831611991087249,0.014767190878743008,0.05255191443215068,-0.038380619695650764,-0.03778472355340767,0.043304372580287034,-0.8862989441653368,-0.8725382981442384,0.37545645785435044,0.38291478454100203,0.512,0.391,0.397,True,999,0.00010787497740238905,0.0008027500007301569,weak_2x2_bal_strong_100_100,weak_null,True,1324,2311938656,-4.440892098500626e-16,0,0
100,100,0.034040980571866775,0.023360054811146114,0.028865908768068493,0.016874039968854504,0.010680925760720661,0.01199186879921399,0.036574732842874914,0.2920301785007133,0.32787303876506957,0.7702635500724752,0.7430076598470035,0.868,0.782,0.772,True,999,0.00011808308772742748,0.0008215409470722079,weak_2x2_bal_strong_100_100,weak_null,True,1325,2311938656,-4.440892098500626e-16,0,0
100,100,0.03964150997781846,0.03594783054085826,0.03446305782784975,0.030463829947663612,0.0036936794369601955,0.00399922788018614,0.03992696689899177,0.09251089486222575,0.10016357842316162,0.9262921354937358,0.9202144607651045,0.946,0.934,0.915,True,999,0.000116499955765903,0.0008152079535648227,weak_2x2_bal_strong_100_100,weak_null,True,1326,2311938656,-4.440892098500626e-16,0,0
100,100,0.10918594307980223,0.156187977666704,0.10395432219965528,0.15012148189146046,-0.047002034586901775,-0.04616715969180518,0.0737645069871278,-0.6371903847348132,-0.6258722735022351,0.5240008400163598,0.5313987219600105,0.546,0.526,0.536,True,999,0.00011587492190301418,0.0008281250484287739,weak_2x2_bal_strong_100_100,weak_null,True,1327,2311938656,-4.440892098500626e-16,0,0
100,100,0.05818888357910945,0.06958485096707717,0.05299523256310579,0.06373666501704633,-0.01139596738796772,-0.010741432453940547,0.05400637718156133,-0.21101151350434394,-0.19889192748162804,0.8328782871542769,0.8423472843033031,0.854,0.827,0.832,True,999,0.00011508294846862555,0.0008394999895244837,weak_2x2_bal_strong_100_100,weak_null,True,1328,2311938656,-4.440892098500626e-16,0,0
100,100,0.020471160484738293,0.10954073903811012,0.015303456355695744,0.10380644819318263,-0.08906957855337183,-0.08850299183748689,0.05433181783300139,-1.6393631228600376,-1.62893485562211,0.10113765700883953,0.10332681037782995,0.131,0.102,0.109,True,999,0.00012579199392348528,0.0009497910505160689,weak_2x2_bal_strong_100_100,weak_null,True,1329,2311938656,-4.440892098500626e-16,0,0
100,100,0.08152099085670961,0.02412853319108388,0.07631107733922704,0.018242160538811447,0.05739245766562573,0.05806891680041559,0.04611364168906262,1.24458740544966,1.259256798497191,0.21328345227957657,0.2079375920271911,0.391,0.211,0.205,True,999,0.00012162502389401197,0.0008997080149129033,weak_2x2_bal_strong_100_100,weak_null,True,1330,2311938656,-4.440892098500626e-16,0,0
100,100,0.03175347800475148,0.04923634031655433,0.026576723668100044,0.04265008977908025,-0.01748286231180285,-0.016073366110980203,0.045214881325816886,-0.3866616874613016,-0.35548840646414787,0.6990066831070372,0.7222237288005093,0.8,0.721,0.738,True,999,0.00013037503231316805,0.0008501659613102674,weak_2x2_bal_strong_100_100,weak_null,True,1331,2311938656,-4.440892098500626e-16,0,0
100,100,0.012663459436801139,0.0850754443453598,0.007499651686075026,0.07897337736365273,-0.07241198490855866,-0.0714737256775777,0.05024846691297564,-1.4410784916874697,-1.422406096515575,0.14956250914714997,0.1549083943279712,0.208,0.174,0.176,True,999,0.00011158292181789875,0.0008080420084297657,weak_2x2_bal_strong_100_100,weak_null,True,1332,2311938656,-4.440892098500626e-16,0,0
100,100,0.027805888782298283,0.12940355586369706,0.02260655382881538,0.12343132046443372,-0.10159766708139878,-0.10082476663561835,0.05969203429111754,-1.7020305688679973,-1.6890824350850036,0.08874963799676684,0.09120363343454306,0.059,0.071,0.074,True,999,0.00011270807590335608,0.0008297089952975512,weak_2x2_bal_strong_100_100,weak_null,True,1333,2311938656,-4.440892098500626e-16,0,0
100,100,0.13388355264981422,0.017443391231600103,0.12856531357395795,0.01105084587955929,0.11644016141821412,0.11751446769439866,0.052123802514843665,2.233915328511473,2.2545259943560954,0.02548864478291563,0.0241630972536477,0.145,0.029,0.026,True,999,0.0001206250162795186,0.0008478329982608557,weak_2x2_bal_strong_100_100,weak_null,True,1334,2311938656,-4.440892098500626e-16,0,0
100,100,0.05172414008263515,0.027811516091442445,0.04653727643929528,0.02188362188626769,0.023912623991192705,0.024653654553027593,0.041509894020634874,0.5760704659786788,0.5939223680207923,0.5645675531382311,0.5525640375993622,0.741,0.573,0.568,True,999,0.00011737504974007607,0.0008277499582618475,weak_2x2_bal_strong_100_100,weak_null,True,1335,2311938656,-4.440892098500626e-16,0,0
100,100,0.08620559036598896,0.005660980874180266,0.08097878337117947,-0.0005876796471042667,0.0805446094918087,0.08156646301828374,0.0411639817351651,1.9566768348602672,1.9815008067745805,0.05038547510781346,0.04753513898341513,0.166,0.048,0.044,True,999,0.00011604197788983583,0.0008365840185433626,weak_2x2_bal_strong_100_100,weak_null,True,1336,2311938656,-4.440892098500626e-16,0,0
100,100,0.03964150997781846,0.04641278666230436,0.03446305782784975,0.04044240991839132,-0.006771276684485905,-0.005979352090541568,0.04438520473250338,-0.15255706772773506,-0.13471498276458044,0.8787475835763974,0.8928372266471707,0.919,0.88,0.897,True,999,0.00011404103133827448,0.0010623749112710357,weak_2x2_bal_strong_100_100,weak_null,True,1337,2311938656,-4.440892098500626e-16,0,0
100,100,0.05636923747073419,0.08769761406374049,0.05117486174093244,0.0819894519760922,-0.0313283765930063,-0.030814590235159756,0.05623112090206075,-0.5571359078466847,-0.5479988614993173,0.5774345756559454,0.5836926845764486,0.625,0.578,0.58,True,999,0.00014779099728912115,0.000813291990198195,weak_2x2_bal_strong_100_100,weak_null,True,1338,2311938656,-4.440892098500626e-16,0,0
100,100,0.035422020458493186,0.0018855924363399001,0.030240250363220866,0.0018855222781333225,0.033536428022153286,0.028354728085087544,0.02614117728664972,1.2828966214647233,1.0846767830754234,0.19952829666973537,0.2780648342070342,0.536,0.189,0.254,True,999,0.00011137500405311584,0.000843374989926815,weak_2x2_bal_strong_100_100,weak_null,True,1339,2311938656,-4.440892098500626e-16,0,1
100,100,0.020168903711830666,0.0013559855026950562,0.015002401593903869,-0.008732476695207936,0.01881291820913561,0.023734878289111805,0.020642349801167033,0.9113748381529706,1.1498147506331828,0.3620979066213864,0.2502201785284712,0.727,0.365,0.249,True,999,0.00011933408677577972,0.0008093749638646841,weak_2x2_bal_strong_100_100,weak_null,True,1340,2311938656,-4.440892098500626e-16,0,0
100,100,0.05899469949768721,0.024105915469658235,0.05380304350626375,0.017553762352775948,0.034888784028028974,0.0362492811534878,0.04257245363156976,0.8195154625092379,0.8514726791928905,0.4124923836462058,0.3945068336676134,0.592,0.423,0.408,True,999,0.0001117499778047204,0.0008081670384854078,weak_2x2_bal_strong_100_100,weak_null,True,1341,2311938656,-4.440892098500626e-16,0,0
100,100,0.034248622998069855,0.03415401526030554,0.02906604376374844,0.028578003163936216,9.460773776431841e-05,0.0004880405998122228,0.038472546290040925,0.002459097379494446,0.012685424981568166,0.9980379261448865,0.9898787667122003,1.0,1.0,0.984,True,999,0.00011270795948803425,0.0007937080226838589,weak_2x2_bal_strong_100_100,weak_null,True,1342,2311938656,-4.440892098500626e-16,0,0
100,100,0.016457837087537786,0.001250452442244282,0.011291318388501281,0.0012504064149290173,0.015207384645293504,0.010040911973572264,0.018017128128839262,0.8440515345479327,0.5572981388471228,0.3986406086012839,0.5773237470974519,0.777,0.469,0.611,True,999,0.00011162494774907827,0.0008345830719918013,weak_2x2_bal_strong_100_100,weak_null,True,1343,2311938656,-4.440892098500626e-16,0,1
100,100,0.020440182082595126,0.010181666169005343,0.015269826636711059,0.003839600332895543,0.010258515913589783,0.011430226303815516,0.025596712451378952,0.4007747453144958,0.44655056095689133,0.6885859741147122,0.6551995985972584,0.829,0.691,0.657,True,999,0.00011145905591547489,0.0008364999666810036,weak_2x2_bal_strong_100_100,weak_null,True,1344,2311938656,-4.440892098500626e-16,0,0
100,100,0.07671320401897552,0.009972799093517393,0.07150317340219203,0.003694286584455142,0.06674040492545813,0.06780888681773689,0.040931502216972074,1.6305388590840555,1.6566430046542544,0.10298765930200053,0.09759167239387583,0.255,0.094,0.093,True,999,0.00011208304204046726,0.000864707981236279,weak_2x2_bal_strong_100_100,weak_null,True,1345,2311938656,-4.440892098500626e-16,0,0
100,100,0.09611494211265559,0.012293808475890677,0.09088993491532449,0.005981867305230537,0.08382113363676491,0.08490806761009395,0.04539001374100581,1.8466866768326184,1.8706332210996253,0.06479256374573945,0.06139593663041453,0.189,0.068,0.058,True,999,0.00011958403047174215,0.0008905830327421427,weak_2x2_bal_strong_100_100,weak_null,True,1346,2311938656,-4.440892098500626e-16,0,0
100,100,0.040267259181623105,0.05676359474749987,0.03508650452536699,0.051052564310396065,-0.016496335565876763,-0.015966059785029074,0.047134743612387855,-0.34998250338506626,-0.33873229302626157,0.726351828560682,0.7348114110163129,0.819,0.754,0.757,True,999,0.00011225009802728891,0.0008417910430580378,weak_2x2_bal_strong_100_100,weak_null,True,1347,2311938656,-4.440892098500626e-16,0,0
100,100,0.02164980322274901,0.00895526007381331,0.016477079796672456,0.002666356217275734,0.0126945431489357,0.013810723579396722,0.025439033839198877,0.49901828934142706,0.5428949726115718,0.6177664995887618,0.5872021175954205,0.815,0.594,0.573,True,999,0.00011595909018069506,0.0008381250081583858,weak_2x2_bal_strong_100_100,weak_null,True,1348,2311938656,-4.440892098500626e-16,0,0
100,100,0.02262689938632545,0.002527530142403478,0.01744485956548658,0.002527435065466932,0.020099369243921972,0.01491742450001965,0.021105110797221133,0.952346066175043,0.7068157397204375,0.34092150243500463,0.47968099195992064,0.665,0.351,0.499,True,999,0.00011475000064820051,0.0008486250881105661,weak_2x2_bal_strong_100_100,weak_null,True,1349,2311938656,-4.440892098500626e-16,0,1
100,100,0.0990946015821601,0.034209326254180106,0.09387147319645806,0.028479173172186734,0.06488527532798,0.06539230002427132,0.05148775609097765,1.2602078679313435,1.2700553488624493,0.20759438530116137,0.20406491515278902,0.325,0.202,0.2,True,999,0.00011600006837397814,0.0008488750318065286,weak_2x2_bal_strong_100_100,weak_null,True,1350,2311938656,-4.440892098500626e-16,0,0
100,100,0.02449100150881167,0.03617656816955306,0.019321222187500098,0.030134603137639715,-0.011685566660741387,-0.010813380950139617,0.038553492819134366,-0.30310007748355705,-0.28047733575965034,0.7618135951038502,0.7791113113727303,0.857,0.782,0.792,True,999,0.00011741695925593376,0.0008479999378323555,weak_2x2_bal_strong_100_100,weak_null,True,1351,2311938656,-4.440892098500626e-16,0,0
100,100,0.0279806582300981,0.009744839081910095,0.02279761739039543,-0.0005558413570412313,0.018235819148188004,0.02335345874743666,0.028801673877523727,0.6331513656370815,0.8108368578418372,0.5266348017791005,0.41745936494781044,0.784,0.553,0.438,True,999,0.00011825002729892731,0.0008616249542683363,weak_2x2_bal_strong_100_100,weak_null,True,1352,2311938656,-4.440892098500626e-16,0,0
100,100,0.047409059670513676,0.026003132308261012,0.04222012341793402,0.020046360174575284,0.021405927362252664,0.022173763243358735,0.039858626459449036,0.5370462874336728,0.5563102698964716,0.5912356413594995,0.5779987676956162,0.731,0.58,0.569,True,999,0.00011916703078895807,0.0008420000085607171,weak_2x2_bal_strong_100_100,weak_null,True,1353,2311938656,-4.440892098500626e-16,0,0
100,100,0.06675800233781137,0.0941435526160963,0.06155777012068597,0.0882357892248038,-0.02738555027828493,-0.026678019104117823,0.060314750254221824,-0.454043996913807,-0.44231334775775605,0.6497971602686765,0.6582624734056728,0.708,0.654,0.672,True,999,0.00011529203038662672,0.0009163330541923642,weak_2x2_bal_strong_100_100,weak_null,True,1354,2311938656,-4.440892098500626e-16,0,0
100,100,0.046705721046309656,0.10954073903811012,0.04151326376496911,0.10380644819318263,-0.06283501799180047,-0.06229318442821352,0.058707069861683246,-1.0703143273858307,-1.0610848842393146,0.28447784750216043,0.2886513266667976,0.317,0.293,0.293,True,999,0.00012570805847644806,0.0008132080547511578,weak_2x2_bal_strong_100_100,weak_null,True,1355,2311938656,-4.440892098500626e-16,0,0
100,100,0.07391015090475472,0.047829950993235615,0.06870545758084745,0.04196866477914085,0.02608019991151911,0.0267367928017066,0.051383388933554076,0.507560915167438,0.5203392255088706,0.6117613065622036,0.6028271608505362,0.701,0.621,0.621,True,999,0.0001111660385504365,0.0008096250239759684,weak_2x2_bal_strong_100_100,weak_null,True,1356,2311938656,-4.440892098500626e-16,0,0
100,100,0.09136637883935106,0.0791868004566122,0.08614312772530752,0.07342306061593717,0.012179578382738865,0.012720067109370348,0.06025342080046326,0.2021392017404798,0.21110945968519265,0.8398079018199325,0.8328018588169153,0.885,0.855,0.843,True,999,0.00010954204481095076,0.0007975000189617276,weak_2x2_bal_strong_100_100,weak_null,True,1357,2311938656,-4.440892098500626e-16,0,0
100,100,0.033711571632115134,0.045498771913738634,0.028536268927354058,0.0400461063763089,-0.0117872002816235,-0.01150983744895484,0.04110706428612427,-0.28674390853063864,-0.2799965808514328,0.774308414514878,0.7794801281034697,0.81,0.767,0.77,True,999,0.00010962504893541336,0.0008163329912349582,weak_2x2_bal_strong_100_100,weak_null,True,1358,2311938656,-4.440892098500626e-16,0,0
100,100,0.12821333559140957,0.07178902991261055,0.12296260019482474,0.06582413978862434,0.056424305678799025,0.05713846040620041,0.06401392599484647,0.8814379809065537,0.892594220994982,0.3780808080531799,0.37207451506727784,0.461,0.367,0.367,True,999,0.00011258292943239212,0.0008297909516841173,weak_2x2_bal_strong_100_100,weak_null,True,1359,2311938656,-4.440892098500626e-16,0,0
100,100,0.14367828535259197,0.015203651329365464,0.1384085116125675,0.008831699729270781,0.1284746340232265,0.12957681188329673,0.05333322053089934,2.4089044828784143,2.429570361464007,0.01600048499603438,0.015116730427430206,0.094,0.012,0.011,True,999,0.00010916695464402437,0.0008410000009462237,weak_2x2_bal_strong_100_100,weak_null,True,1360,2311938656,-4.440892098500626e-16,0,0
100,100,0.02440927043779595,0.12535025836452401,0.019240497564368297,0.1186572583064418,-0.10094098792672807,-0.0994167607420735,0.06076774255390874,-1.6610949112875228,-1.6360120775241596,0.09669438632865993,0.10183705972848252,0.121,0.105,0.113,True,999,0.0001099579967558384,0.0008450000314041972,weak_2x2_bal_strong_100_100,weak_null,True,1361,2311938656,-4.440892098500626e-16,0,0
100,100,0.08313339936889941,0.05831611991087249,0.07791343362160319,0.05255191443215068,0.02481727945802692,0.02536151918945251,0.054948074189158015,0.4516496678772356,0.4615542867279719,0.651521383020925,0.6444009828468031,0.682,0.64,0.64,True,999,0.00011012493632733822,0.0008633749093860388,weak_2x2_bal_strong_100_100,weak_null,True,1362,2311938656,-4.440892098500626e-16,0,0
100,100,0.10616714366341573,0.05540322221131899,0.10093509828587344,0.04980679876377536,0.05076392145209674,0.051128299522098075,0.05683422464602148,0.8931928211965204,0.8996040649896887,0.3717539218266578,0.3683309931662535,0.492,0.37,0.37,True,999,0.00012566696386784315,0.000927707995288074,weak_2x2_bal_strong_100_100,weak_null,True,1363,2311938656,-4.440892098500626e-16,0,0
100,100,0.0990946015821601,0.021327678612898526,0.09387147319645806,0.014808974428923705,0.07776692296926158,0.07906249876753435,0.04886563809692251,1.5914439266098366,1.6179569498451634,0.11150970527799399,0.10567187567751635,0.286,0.11,0.098,True,999,0.0001180840190500021,0.0008728340035304427,weak_2x2_bal_strong_100_100,weak_null,True,1364,2311938656,-4.440892098500626e-16,0,0
100,100,0.04516710103441712,0.09188928025550225,0.039984297889105846,0.08634571237419664,-0.046722179221085125,-0.04636141448509079,0.053909526928753546,-0.8666775963890915,-0.8599855559178198,0.3861186840271392,0.3897970046582935,0.44,0.401,0.412,True,999,0.00011866702698171139,0.0008093329379335046,weak_2x2_bal_strong_100_100,weak_null,True,1365,2311938656,-4.440892098500626e-16,0,0
100,100,0.01556843327428814,0.06769872115684883,0.010403615816500178,0.06199455819296418,-0.05213028788256069,-0.051590942376464,0.04425431316031759,-1.1779707820503564,-1.165783370980551,0.2388082546091852,0.243702042169194,0.364,0.24,0.244,True,999,0.00011133309453725815,0.0007932080188766122,weak_2x2_bal_strong_100_100,weak_null,True,1366,2311938656,-4.440892098500626e-16,0,0
100,100,0.05211170267878962,0.03627735739012716,0.04692500878186934,0.030481166935288684,0.015834345288662455,0.016443841846580654,0.0436620857513544,0.36265663942019244,0.376616040292362,0.7168613943147848,0.7064589656490282,0.782,0.716,0.694,True,999,0.00011029199231415987,0.000804250012151897,weak_2x2_bal_strong_100_100,weak_null,True,1367,2311938656,-4.440892098500626e-16,0,0
100,100,0.09162019972020741,0.021327678612898526,0.0864020829954768,0.014808974428923705,0.07029252110730888,0.0715931085665531,0.04757851598241589,1.4774004538789662,1.5047360576150073,0.1395683245772277,0.13239194887482042,0.353,0.138,0.135,True,999,0.00011074997019022703,0.0008070829790085554,weak_2x2_bal_strong_100_100,weak_null,True,1368,2311938656,-4.440892098500626e-16,0,0
100,100,0.040351649128849365,0.10370638498886492,0.03516751106675997,0.09762537739714361,-0.06335473586001555,-0.06245786633038364,0.0585063597346217,-1.0828692153705264,-1.0675397788152525,0.2788664778112169,0.2857281608865041,0.387,0.311,0.321,True,999,0.00011654198169708252,0.0008178749121725559,weak_2x2_bal_strong_100_100,weak_null,True,1369,2311938656,-4.440892098500626e-16,0,0
100,100,0.034040980571866775,0.08600877314355015,0.028865908768068493,0.08016796372426427,-0.05196779257168338,-0.051302054956195775,0.05161214328762132,-1.0068908063375728,-0.9939919501172911,0.31398725051527165,0.3202267865122308,0.368,0.315,0.319,True,999,0.00010862492490559816,0.0008167920168489218,weak_2x2_bal_strong_100_100,weak_null,True,1370,2311938656,-4.440892098500626e-16,0,0
100,100,0.07907945640350611,0.022463525410002516,0.07385968915875196,0.01683087904800118,0.056615930993503594,0.05702881011075078,0.0447393845297271,1.265460658178816,1.2746891963356797,0.2057062427771824,0.2024192722802911,0.349,0.214,0.213,True,999,0.00011333299335092306,0.0008784579113125801,weak_2x2_bal_strong_100_100,weak_null,True,1371,2311938656,-4.440892098500626e-16,0,0
100,100,0.04675984915959008,0.04307409095564052,0.04157349155005363,0.03743498454626604,0.003685758203949563,0.004138507003787595,0.04412252605754024,0.08353461447658189,0.09379578581676314,0.9334264551903033,0.9252713793590086,0.945,0.916,0.898,True,999,0.0001139170490205288,0.000809708028100431,weak_2x2_bal_strong_100_100,weak_null,True,1372,2311938656,-4.440892098500626e-16,0,0
100,100,0.04341970558965946,0.06642171978559502,0.03822554927278077,0.06048981284744315,-0.02300201419593556,-0.02226426357466238,0.050262820387057525,-0.45763476897644384,-0.4429569093658608,0.6472148597156435,0.6577969029377034,0.726,0.667,0.686,True,999,0.000110041000880301,0.0008073749486356974,weak_2x2_bal_strong_100_100,weak_null,True,1373,2311938656,-4.440892098500626e-16,0,0
100,100,0.04232669479829865,0.020109266173508444,0.03713193948796345,0.013683276698138513,0.022217428624790203,0.023448662789824937,0.03707145295883498,0.5993136726920566,0.6325261331370768,0.5489637319447463,0.527043137538956,0.687,0.542,0.518,True,999,0.00010966602712869644,0.000832458958029747,weak_2x2_bal_strong_100_100,weak_null,True,1374,2311938656,-4.440892098500626e-16,0,0
100,100,0.08232370950147083,0.06543281418512636,0.07711060018824867,0.05979435516653808,0.016890895316344468,0.017316245021710586,0.05579241647088881,0.3027453619105698,0.3103691526024115,0.7620839252082279,0.7562802493275979,0.791,0.745,0.74,True,999,0.00011012493632733822,0.0008356660837307572,weak_2x2_bal_strong_100_100,weak_null,True,1375,2311938656,-4.440892098500626e-16,0,0
100,100,0.08072202381269489,0.10618786094541016,0.07551191952371994,0.10033861679475109,-0.025465837132715274,-0.02482669727103115,0.062474352085846056,-0.40762066804186536,-0.3973902320254041,0.6835521881727675,0.6910797174800007,0.747,0.703,0.705,True,999,0.00011641695164144039,0.0008007909636944532,weak_2x2_bal_strong_100_100,weak_null,True,1376,2311938656,-4.440892098500626e-16,0,0
100,100,0.04869548690480663,0.07912142212268097,0.043499188301140634,0.07350626295172447,-0.030425935217874345,-0.03000707465058383,0.05298795147355705,-0.574204783762173,-0.5662999571809918,0.5658292325405379,0.5711898895285428,0.653,0.58,0.587,True,999,0.00011320807971060276,0.0007990830345079303,weak_2x2_bal_strong_100_100,weak_null,True,1377,2311938656,-4.440892098500626e-16,0,0
100,100,0.0325654803121983,0.10001660775890131,0.027389344920791814,0.09437753830464146,-0.06745112744670301,-0.06698819338384965,0.05440999092128672,-1.2396827550345029,-1.2311745003001275,0.2150927580728591,0.2182576063767484,0.234,0.218,0.219,True,999,0.0001103340182453394,0.0008009170414879918,weak_2x2_bal_strong_100_100,weak_null,True,1378,2311938656,-4.440892098500626e-16,0,0
100,100,0.10525160164760838,0.002458907392145937,0.10000571197824115,-0.007634711794537452,0.10279269425546245,0.1076404237727786,0.04380052941262288,2.3468367993250467,2.4575142176650884,0.018933545828851917,0.01399022728728912,0.144,0.022,0.017,True,999,0.00010983308311551809,0.0008284170180559158,weak_2x2_bal_strong_100_100,weak_null,True,1379,2311938656,-4.440892098500626e-16,0,0
100,100,0.029922616227185728,0.0850754443453598,0.024746425698552343,0.07897337736365273,-0.05515282811817407,-0.05422695166510039,0.05342664867569444,-1.0323093341107306,-1.0149794720283483,0.30192722980061415,0.3101156129392778,0.403,0.31,0.328,True,999,0.00011312507558614016,0.0008709999965503812,weak_2x2_bal_strong_100_100,weak_null,True,1380,2311938656,-4.440892098500626e-16,0,0
100,100,0.05818888357910945,0.047039700673127016,0.05299523256310579,0.04121198737109211,0.011149182905982435,0.01178324519201368,0.04847420970494173,0.23000236566715654,0.2430827704822268,0.818089931457861,0.8079412781396376,0.855,0.822,0.812,True,999,0.00011833407916128635,0.0008171669906005263,weak_2x2_bal_strong_100_100,weak_null,True,1381,2311938656,-4.440892098500626e-16,0,0
100,100,0.0317534780047517,0.10486325196794255,0.026576723668100044,0.09894100227254654,-0.07310977396319085,-0.0723642786044465,0.05603356078691312,-1.3047497416988347,-1.2914452979284423,0.1919780777487271,0.19654931184696167,0.281,0.22,0.221,True,999,0.00011224998161196709,0.0008095420198515058,weak_2x2_bal_strong_100_100,weak_null,True,1382,2311938656,-4.440892098500626e-16,0,0
100,100,0.009248434568612018,0.060137751674788076,0.004084606839640514,0.05333182760661259,-0.05088931710617606,-0.04924722076697208,0.04489475520108097,-1.1335247709503213,-1.0969481968750396,0.25699394484053817,0.2726640380958275,0.333,0.236,0.248,True,999,0.00011287489905953407,0.0008243750780820847,weak_2x2_bal_strong_100_100,weak_null,True,1383,2311938656,-4.440892098500626e-16,0,0
100,100,0.11048873398445824,0.018339938647362775,0.10524786671719255,0.012497204743269208,0.09214879533709547,0.09275066197392334,0.049143771355948024,1.8750859527988264,1.8873330111791968,0.06078089973747669,0.05911554903568392,0.181,0.058,0.054,True,999,0.00011220795568078756,0.0008269170066341758,weak_2x2_bal_strong_100_100,weak_null,True,1384,2311938656,-4.440892098500626e-16,0,0
100,100,0.033497402386165276,0.022463525410002516,0.028320707870093997,0.01683087904800118,0.01103387697616276,0.011489828822092818,0.03452608562160051,0.31958088435196513,0.33278689475601747,0.7492860670997061,0.7392951514149635,0.846,0.759,0.744,True,999,0.00011300004553049803,0.0008453340269625187,weak_2x2_bal_strong_100_100,weak_null,True,1385,2311938656,-4.440892098500626e-16,0,0
100,100,0.09462527168380264,0.09789976646625886,0.08938302422981792,0.09201443332480608,-0.0032744947824562276,-0.0026314090949881574,0.06345876705707057,-0.05160035302153548,-0.04146643902837955,0.9588471380458913,0.9669240476061678,0.961,0.95,0.963,True,999,0.00011208397336304188,0.000809708028100431,weak_2x2_bal_strong_100_100,weak_null,True,1386,2311938656,-4.440892098500626e-16,0,0
100,100,0.01063859765554176,0.06769872115684883,0.00547484126730069,0.06199455819296418,-0.05706012350130707,-0.05651971692566349,0.04314998622224708,-1.3223671314149403,-1.3098432206804111,0.1860459283348711,0.19024887846524086,0.27,0.193,0.2,True,999,0.00011604093015193939,0.000798832974396646,weak_2x2_bal_strong_100_100,weak_null,True,1387,2311938656,-4.440892098500626e-16,0,0
100,100,0.06947806375996723,0.12295460262813074,0.0642740919885938,0.1172643222116534,-0.0534765388681635,-0.0529902302230596,0.06385433165379764,-0.8374770745092133,-0.8298611676081662,0.4023244580926393,0.406617282480746,0.468,0.404,0.405,True,999,0.00010725005995482206,0.0008007499855011702,weak_2x2_bal_strong_100_100,weak_null,True,1388,2311938656,-4.440892098500626e-16,0,0
100,100,0.03202593680877708,0.0635657802650259,0.026848147873423045,0.057768597126361954,-0.03153984345624883,-0.03092044925293891,0.04756321177896349,-0.6631142489456197,-0.6500917010531776,0.5072573854987648,0.5156329895660556,0.597,0.529,0.54,True,999,0.00010787497740238905,0.00090020801872015,weak_2x2_bal_strong_100_100,weak_null,True,1389,2311938656,-4.440892098500626e-16,0,0
100,100,0.014293192798176868,0.06543281418512625,0.009123503718413417,0.05979435516653808,-0.051139621386949385,-0.050670851448124665,0.04345124340183936,-1.1769426461288461,-1.1661542335973678,0.23921839895645114,0.2435520926476512,0.289,0.223,0.232,True,999,0.00011424999684095383,0.0008110000053420663,weak_2x2_bal_strong_100_100,weak_null,True,1390,2311938656,-4.440892098500626e-16,0,0
100,100,0.07848174596893054,0.03594783054085826,0.07325830271493317,0.030463829947663612,0.04253391542807228,0.042794472767269554,0.04759023862909855,0.893752934494961,0.8992279509416732,0.3714540962678472,0.3685312551614227,0.473,0.371,0.367,True,999,0.00011000002268701792,0.0008032500045374036,weak_2x2_bal_strong_100_100,weak_null,True,1391,2311938656,-4.440892098500626e-16,0,0
100,100,0.029209586373763807,0.030938008181458476,0.024037543279177953,0.02522242688292664,-0.001728421807694669,-0.0011848836037486876,0.03660295131108716,-0.04722083181230045,-0.032371258636452696,0.9623372246549762,0.9741759827566298,0.976,0.97,0.976,True,999,0.00010808289516717196,0.0008197500137612224,weak_2x2_bal_strong_100_100,weak_null,True,1392,2311938656,-4.440892098500626e-16,0,0
100,100,0.04564337490516657,0.1574799969411273,0.04045645449031099,0.15115849651986935,-0.11183662203596073,-0.11070204202955836,0.0644612816570257,-1.7349425757775254,-1.7173416225039146,0.08275097693894566,0.08591677124516595,0.115,0.098,0.1,True,999,0.00010791607201099396,0.0008246670477092266,weak_2x2_bal_strong_100_100,weak_null,True,1393,2311938656,-4.440892098500626e-16,0,0
100,100,0.02851375191092953,0.0210143687768371,0.02334113858182718,0.015154105746773894,0.00749938313409243,0.008187032835053287,0.0330502903965625,0.22690823723813414,0.24771439938406126,0.8204950967199423,0.8043553899482978,0.897,0.81,0.774,True,999,0.00011424999684095383,0.0008403330575674772,weak_2x2_bal_strong_100_100,weak_null,True,1394,2311938656,-4.440892098500626e-16,0,0
100,100,0.11125010421168502,0.060137751674788076,0.1060093343844386,0.05333182760661259,0.05111235253689694,0.05267750677782601,0.0616165029917299,0.8295237485930869,0.8549252914417478,0.40680810416173196,0.39259250810098867,0.541,0.425,0.415,True,999,0.0001124159898608923,0.0008450420573353767,weak_2x2_bal_strong_100_100,weak_null,True,1395,2311938656,-4.440892098500626e-16,0,0
100,100,0.028899737350249977,0.0038363107458579127,0.023727442927850007,-0.006304791583673364,0.025063426604392064,0.03003223451152337,0.025652538898682985,0.9770349322296061,1.1707314675611014,0.32855185875890824,0.24170673243377594,0.641,0.331,0.242,True,999,0.00011437502689659595,0.0008558329427614808,weak_2x2_bal_strong_100_100,weak_null,True,1396,2311938656,-4.440892098500626e-16,0,0
100,100,0.039534547637448014,0.051632984824524886,0.03435537000655131,0.04595492632088849,-0.012098437187076871,-0.011599556314337178,0.04539377772246391,-0.2665219286450739,-0.2555318569266583,0.7898372733451582,0.7983123418168752,0.831,0.797,0.797,True,999,0.00011804199311882257,0.000799583038315177,weak_2x2_bal_strong_100_100,weak_null,True,1397,2311938656,-4.440892098500626e-16,0,0
100,100,0.020293513000476215,0.03617656816955306,0.01511245216777013,0.030134603137639715,-0.015883055169076843,-0.015022150969869585,0.037466226641980835,-0.42392993884470637,-0.4009517988939216,0.6716169091762701,0.6884556120933063,0.784,0.683,0.706,True,999,0.0001522080274298787,0.0008203750476241112,weak_2x2_bal_strong_100_100,weak_null,True,1398,2311938656,-4.440892098500626e-16,0,0
100,100,0.011574664825310443,0.07516190407912915,0.006410353178807782,0.06859516603633153,-0.0635872392538187,-0.06218481285752375,0.048484450284111566,-1.3114975807956382,-1.2825722988118897,0.18968971052642536,0.199641960321582,0.233,0.227,0.228,True,999,0.00011141702998429537,0.0008160840952768922,weak_2x2_bal_strong_100_100,weak_null,True,1399,2311938656,-4.440892098500626e-16,0,0
100,100,0.13010622429855556,0.04108292833145211,0.12483544305020189,0.035488815286555564,0.08902329596710346,0.08934662776364632,0.05736203701165159,1.5519549270717272,1.5575916131691403,0.1206730087931197,0.11933008807234101,0.254,0.132,0.13,True,999,0.0001092500751838088,0.0007943339878693223,weak_2x2_bal_strong_100_100,weak_null,True,1400,2311938656,-4.440892098500626e-16,0,0
100,100,0.027310859674026577,0.06266501567668914,0.022128113288488294,0.05690298795410342,-0.03535415600266256,-0.03477487466561513,0.046401565583775624,-0.7619173094242362,-0.7494332190760007,0.44610935840560373,0.45359613520301134,0.598,0.475,0.483,True,999,0.00010749988723546267,0.0007946669356897473,weak_2x2_bal_strong_100_100,weak_null,True,1401,2311938656,-4.440892098500626e-16,0,0
100,100,0.04509790960736104,0.0850754443453598,0.0399045516025609,0.07897337736365273,-0.039977534737998754,-0.03906882576109183,0.05605765684606682,-0.7131502989462483,-0.69694004279155,0.4757527573822906,0.485840316887185,0.572,0.48,0.485,True,999,0.00010837509762495756,0.0008167920168489218,weak_2x2_bal_strong_100_100,weak_null,True,1402,2311938656,-4.440892098500626e-16,0,0
100,100,0.06622639858617951,0.033236881825550346,0.06102599681521781,0.02753332313884016,0.03298951676062917,0.03349267367637765,0.045589501127490606,0.7236209202722859,0.7346576042303185,0.46929849426241543,0.46254804629642277,0.6,0.485,0.479,True,999,0.00011187500786036253,0.0008262499468401074,weak_2x2_bal_strong_100_100,weak_null,True,1403,2311938656,-4.440892098500626e-16,0,0
100,100,0.03755685578123691,0.03966916030556733,0.03237710797134241,0.03385839212969444,-0.0021123045243304217,-0.0014812841583520253,0.041781705867941214,-0.05055572721244914,-0.03545293634094063,0.959679542247224,0.9717185741202833,0.986,0.983,0.986,True,999,0.00011012505274266005,0.000828874995931983,weak_2x2_bal_strong_100_100,weak_null,True,1404,2311938656,-4.440892098500626e-16,0,0
100,100,0.016089962743297548,0.05887017359913571,0.010922942861185447,0.053285612703987795,-0.04278021085583816,-0.04236266984280235,0.04182652952028998,-1.022800871754984,-1.0128181880892673,0.30640200577741117,0.311147011487803,0.376,0.299,0.313,True,999,0.00011179200373589993,0.0008229160448536277,weak_2x2_bal_strong_100_100,weak_null,True,1405,2311938656,-4.440892098500626e-16,0,0
100,100,0.09940802347010158,0.12782477980968943,0.0941835867574099,0.12193740657557584,-0.028416756339587845,-0.027753819818165937,0.06917747489192108,-0.41078047997537576,-0.4011973530622058,0.6812335077113711,0.6882748293847014,0.684,0.644,0.653,True,999,0.00011362496297806501,0.0008699999889358878,weak_2x2_bal_strong_100_100,weak_null,True,1406,2311938656,-4.440892098500626e-16,0,0
100,100,0.0742358884664911,0.08123649717518533,0.06902712915848497,0.07109686097017942,-0.007000608708694234,-0.002069731811694453,0.05758968360599618,-0.12156011754795154,-0.03593928082423003,0.9032474007607817,0.9713307745178621,0.915,0.906,0.974,True,999,0.00012504204642027617,0.0008139589335769415,weak_2x2_bal_strong_100_100,weak_null,True,1407,2311938656,-4.440892098500626e-16,0,0
100,100,0.02150644794108436,0.06642171978559502,0.016333494244918256,0.06048981284744315,-0.04491527184451066,-0.04415631860252489,0.04605662043326061,-0.9752185770902613,-0.9587398768546339,0.3294518490914473,0.33768980424275286,0.434,0.335,0.343,True,999,0.00011066696606576443,0.0007998750079423189,weak_2x2_bal_strong_100_100,weak_null,True,1408,2311938656,-4.440892098500626e-16,0,0
100,100,0.09279658593322038,0.005166274547187433,0.08757360426592697,0.005166071192078903,0.08763031138603294,0.08240753307384807,0.041006499945040936,2.1369858803721287,2.0096212352747727,0.032599140060767445,0.04447129199506153,0.196,0.032,0.042,True,999,0.00011179095599800348,0.0008056670194491744,weak_2x2_bal_strong_100_100,weak_null,True,1409,2311938656,-4.440892098500626e-16,0,1
100,100,0.09255801220676119,0.08851570136629522,0.08733498644816962,0.08257872818498413,0.004042310840465968,0.004756258263185487,0.062329714599889216,0.06485367158207961,0.07630803852892887,0.9482905076145991,0.9391740306719482,0.948,0.945,0.931,True,999,0.00010900001507252455,0.0008227499201893806,weak_2x2_bal_strong_100_100,weak_null,True,1410,2311938656,-4.440892098500626e-16,0,0
100,100,0.044568752155515146,0.04034633445536673,0.03937746331514802,0.0347877520514146,0.0042224177001484176,0.00458971126373342,0.0422808436346448,0.0998659756327232,0.10855297267466593,0.920450728786683,0.9135570626095793,0.944,0.922,0.913,True,999,0.00010991597082465887,0.000831749988719821,weak_2x2_bal_strong_100_100,weak_null,True,1411,2311938656,-4.440892098500626e-16,0,0
100,100,0.06453060184189918,0.0766809766511023,0.05932963786189305,0.07031843495140322,-0.012150374809203113,-0.010988797089510172,0.05627271761940647,-0.21591946014373542,-0.19527752620428845,0.8290505278765258,0.8451756898718017,0.867,0.833,0.848,True,999,0.00011158396955579519,0.0008350420976057649,weak_2x2_bal_strong_100_100,weak_null,True,1412,2311938656,-4.440892098500626e-16,0,0
100,100,0.034206006545573486,0.020109266173508444,0.02903104905192322,0.013683276698138513,0.014096740372065042,0.015347772353784706,0.035049706971787935,0.4021928167163204,0.4378858963396861,0.6875421283489509,0.6614689999182951,0.817,0.699,0.673,True,999,0.0001093749888241291,0.0008549169870093465,weak_2x2_bal_strong_100_100,weak_null,True,1413,2311938656,-4.440892098500626e-16,0,0
100,100,0.02397749898902679,0.10486325196794255,0.018808310652389082,0.09894100227254654,-0.08088575297891576,-0.08013269162015746,0.05469413031124795,-1.4788744700504262,-1.4651058745087682,0.13917386778052765,0.14289203417906993,0.185,0.146,0.147,True,999,0.00011004204861819744,0.000840499997138977,weak_2x2_bal_strong_100_100,weak_null,True,1414,2311938656,-4.440892098500626e-16,0,0
100,100,0.11062672198880275,0.07139087860353233,0.1053922257060691,0.06571723511521554,0.03923584338527042,0.039674990590853554,0.06106282212016869,0.6425488050332192,0.6497405330001794,0.5205169112850222,0.5158598370822995,0.605,0.531,0.525,True,999,0.00010858394671231508,0.0008905420545488596,weak_2x2_bal_strong_100_100,weak_null,True,1415,2311938656,-4.440892098500626e-16,0,0
100,100,0.040519994803512205,0.05540322221131899,0.03532418537929516,0.04980679876377536,-0.014883227407806787,-0.014482613384480203,0.04588321745891762,-0.32437192141402804,-0.3156407546495072,0.7456564749673911,0.7522752001379425,0.807,0.749,0.768,True,999,0.00011362496297806501,0.000807833974249661,weak_2x2_bal_strong_100_100,weak_null,True,1416,2311938656,-4.440892098500626e-16,0,0
100,100,0.06585444604867363,0.03617656816955306,0.06065763719982442,0.030134603137639715,0.029677877879120573,0.030523034062184706,0.047311011336406104,0.6272932461345054,0.6451570828860521,0.5304670297743577,0.5188253949746684,0.668,0.543,0.529,True,999,0.00010950001887977123,0.0008088330505415797,weak_2x2_bal_strong_100_100,weak_null,True,1417,2311938656,-4.440892098500626e-16,0,0
100,100,0.039534547637448014,0.06283324505276172,0.03435537000655131,0.05714674374041806,-0.023298697415313707,-0.02279137373386675,0.04769253804577302,-0.4885187152957289,-0.4778813346438531,0.62518247265346,0.632734667095701,0.721,0.658,0.662,True,999,0.00010874995496124029,0.0008015830535441637,weak_2x2_bal_strong_100_100,weak_null,True,1418,2311938656,-4.440892098500626e-16,0,0
100,100,0.045879306933472086,0.04399979232121887,0.04069543386992791,0.038566546110061495,0.0018795146122532191,0.0021288877598664158,0.04337079409465061,0.0433359511045946,0.04908574547241215,0.9654337332927286,0.9608509631791049,0.965,0.965,0.947,True,999,0.00011658400762826204,0.0008013329934328794,weak_2x2_bal_strong_100_100,weak_null,True,1419,2311938656,-4.440892098500626e-16,0,0
100,100,0.10064252592252099,0.08259152108057577,0.09540015786549816,0.07586514402220246,0.018051004841945217,0.0195350138432957,0.0647721280532787,0.2786847581585903,0.3015959862740199,0.7804867605163162,0.7629600680932379,0.815,0.772,0.747,True,999,0.00011658307630568743,0.0008260830072686076,weak_2x2_bal_strong_100_100,weak_null,True,1420,2311938656,-4.440892098500626e-16,0,0
100,100,0.04572033088704963,0.021161824097623627,0.04053781125691103,0.01522646727512722,0.024558506789426005,0.025311343981783807,0.03750552236321831,0.6547970869887296,0.6748697894848322,0.5125984064076226,0.4997584957945084,0.681,0.515,0.51,True,999,0.00011641695164144039,0.0008274170104414225,weak_2x2_bal_strong_100_100,weak_null,True,1421,2311938656,-4.440892098500626e-16,0,0
100,100,0.053617541530366464,0.11574495174316418,0.04841844675831908,0.10554063007764825,-0.06212741021279772,-0.05712218331932917,0.061565230790099124,-1.0091314434378602,-0.9278318717602455,0.3129115999215605,0.3534947885736083,0.362,0.322,0.362,True,999,0.00011558295227587223,0.0008402919629588723,weak_2x2_bal_strong_100_100,weak_null,True,1422,2311938656,-4.440892098500626e-16,0,0
100,100,0.03562489149576786,0.11338416242149629,0.030421472031690655,0.10712990547816048,-0.07775927092572843,-0.07670843344646983,0.05999130408100535,-1.2961757060778551,-1.2786592093896074,0.1949149572958121,0.20101708980497268,0.202,0.199,0.2,True,999,0.00011145800817757845,0.000836457940749824,weak_2x2_bal_strong_100_100,weak_null,True,1423,2311938656,-4.440892098500626e-16,0,0
100,100,0.060244385944802414,0.06772430615074482,0.05504804486290027,0.06215364512550536,-0.007479920205942403,-0.007105600262605094,0.0521079541679121,-0.14354661059690024,-0.1363630634913834,0.8858585024438768,0.8915342719390273,0.887,0.85,0.864,True,999,0.0001105419360101223,0.0008940829429775476,weak_2x2_bal_strong_100_100,weak_null,True,1424,2311938656,-4.440892098500626e-16,0,0
100,100,0.026455496327183914,0.0373447825753509,0.02128106559686671,0.03161117061571872,-0.010889286248166985,-0.01033010501885201,0.03846814199919366,-0.28307284111603925,-0.2685366249055788,0.7771210001323255,0.7882862871582914,0.812,0.811,0.812,True,999,0.00011445896234363317,0.0008125840686261654,weak_2x2_bal_strong_100_100,weak_null,True,1425,2311938656,-4.440892098500626e-16,0,0
100,100,0.03848848195167354,0.05370605772941539,0.033308664659855935,0.04814587075379961,-0.015217575777741854,-0.014837206093943678,0.0451067766112992,-0.3373678396236779,-0.328935189091454,0.7358396252725179,0.7422046759048344,0.786,0.734,0.737,True,999,0.00011162494774907827,0.0007928749546408653,weak_2x2_bal_strong_100_100,weak_null,True,1426,2311938656,-4.440892098500626e-16,0,0
100,100,0.08620559036598874,0.08769761406374049,0.08097878337117947,0.0819894519760922,-0.0014920236977517543,-0.0010106686049127234,0.06046934893388064,-0.02467404931683962,-0.01671373386238745,0.9803149544224022,0.986664990654088,0.972,0.97,1.0,True,999,0.00011000002268701792,0.000796792097389698,weak_2x2_bal_strong_100_100,weak_null,True,1427,2311938656,-4.440892098500626e-16,0,0
100,100,0.08836753650456908,0.024579701904333562,0.08314092872156209,0.018677922847224693,0.06378783460023552,0.0644630058743374,0.047664510738981355,1.3382668490934087,1.3524319220928827,0.18080946433748935,0.1762371832649393,0.358,0.185,0.167,True,999,0.0001159169478341937,0.0008261249167844653,weak_2x2_bal_strong_100_100,weak_null,True,1428,2311938656,-4.440892098500626e-16,0,0
100,100,0.03481663247178224,0.015465309507012859,0.029632280269439093,0.009648673560995746,0.01935132296476938,0.019983606708443347,0.03250291280023768,0.5953719620054444,0.6148251029457649,0.5515948630288902,0.5386702293118042,0.765,0.582,0.559,True,999,0.00011695793364197016,0.0008129170164465904,weak_2x2_bal_strong_100_100,weak_null,True,1429,2311938656,-4.440892098500626e-16,0,0
100,100,0.015743502633867035,0.16965876689409176,0.01056852564579458,0.15486973357570832,-0.15391526426022473,-0.14430120792991374,0.06725286877093026,-2.2886051862631307,-2.1456513389996426,0.022102302298383385,0.03190080619924967,0.016,0.027,0.034,True,999,0.00011816690675914288,0.0008327910909429193,weak_2x2_bal_strong_100_100,weak_null,True,1430,2311938656,-4.440892098500626e-16,0,0
100,100,0.049699981963282625,0.07516190407912915,0.04451218941593993,0.06859516603633153,-0.025461922115846525,-0.024082976620391605,0.055392095506062375,-0.4596670677147401,-0.4347728028768265,0.645755211125886,0.6637273479445697,0.703,0.631,0.646,True,999,0.0001200829865410924,0.0008327499963343143,weak_2x2_bal_strong_100_100,weak_null,True,1431,2311938656,-4.440892098500626e-16,0,0
100,100,0.009836267002215071,0.015203651329365464,0.004676295423678312,0.008831699729270781,-0.005367384327150393,-0.004155404305592469,0.024529235681184685,-0.2188157999259423,-0.16940618776719163,0.826793538554458,0.8654771567165913,0.904,0.834,0.877,True,999,0.00011612498201429844,0.0008441669633612037,weak_2x2_bal_strong_100_100,weak_null,True,1432,2311938656,-4.440892098500626e-16,0,0
100,100,0.04388246162218301,0.008081935714231103,0.038698974724681534,0.0018240009461294449,0.03580052590795191,0.03687497377855209,0.032241225461944106,1.1103959416868014,1.1437212218275457,0.2668284462412902,0.2527392694329331,0.518,0.287,0.287,True,999,0.00013883307110518217,0.0008314579026773572,weak_2x2_bal_strong_100_100,weak_null,True,1433,2311938656,-4.440892098500626e-16,0,0
100,100,0.12928549131468192,0.08584246853916994,0.12402284301931843,0.08019040491035412,0.043443022775511986,0.04383243810896431,0.06559780244431837,0.6622633862222426,0.6681997944393148,0.5078024374968226,0.5040060666593349,0.588,0.516,0.506,True,999,0.0001103340182453394,0.0008114170050248504,weak_2x2_bal_strong_100_100,weak_null,True,1434,2311938656,-4.440892098500626e-16,0,0
100,100,0.15114829228400406,0.09555748124152108,0.145874606756621,0.08956658658833305,0.05559081104248298,0.05630802016828795,0.07052718746889064,0.7882181756787614,0.7983874331175517,0.4305690993872783,0.4246456936735612,0.535,0.457,0.449,True,999,0.00011429190635681152,0.0007982089882716537,weak_2x2_bal_strong_100_100,weak_null,True,1435,2311938656,-4.440892098500626e-16,0,0
100,100,0.07784336282452398,0.10001660775890131,0.07259413330966424,0.09437753830464146,-0.022173244934377334,-0.021783404994977218,0.061079688691973624,-0.3630215773724315,-0.35663909658792575,0.7165887658649688,0.7213620047860124,0.71,0.681,0.692,True,999,0.00010983296670019627,0.0008029999444261193,weak_2x2_bal_strong_100_100,weak_null,True,1436,2311938656,-4.440892098500626e-16,0,0
100,100,0.08072202381269489,0.047039700673127016,0.07551191952371994,0.04121198737109211,0.03368232313956787,0.03429993215262783,0.05232510508800119,0.6437124795625427,0.6555157814770111,0.5197618959366987,0.5121357290248019,0.644,0.543,0.526,True,999,0.00010954204481095076,0.000811917008832097,weak_2x2_bal_strong_100_100,weak_null,True,1437,2311938656,-4.440892098500626e-16,0,0
100,100,0.03295137275696969,0.08584246853916994,0.02776761022853691,0.08019040491035412,-0.05289109578220025,-0.05242279468181721,0.05201534536792666,-1.0168363856488702,-1.00783325211067,0.3092312697268066,0.31353451961880474,0.344,0.309,0.314,True,999,0.00011783395893871784,0.0008239169837906957,weak_2x2_bal_strong_100_100,weak_null,True,1438,2311938656,-4.440892098500626e-16,0,0
100,100,0.04221237139378675,0.0210143687768371,0.03702649579555839,0.015154105746773894,0.02119800261694965,0.021872390048784496,0.03673578163622742,0.5770396510644813,0.5953974320016858,0.5639126702951283,0.5515778416809055,0.743,0.561,0.55,True,999,0.00011666701175272465,0.0008152920054271817,weak_2x2_bal_strong_100_100,weak_null,True,1439,2311938656,-4.440892098500626e-16,0,0
100,100,0.03988480078387058,0.05285251661877827,0.03470583080502365,0.04694417163658926,-0.01296771583490769,-0.012238340831565608,0.04687410908806609,-0.27664986251886337,-0.26108956670669664,0.7820489735938669,0.7940234372799044,0.82,0.763,0.772,True,999,0.00011595804244279861,0.0008265830110758543,weak_2x2_bal_strong_100_100,weak_null,True,1440,2311938656,-4.440892098500626e-16,0,0
100,100,0.026444434756292767,0.020853821491147062,0.02126522394202368,0.015168609834070423,0.005590613265145705,0.006096614107953258,0.03177017811950025,0.1759704728162741,0.19189738518372393,0.8603171397159389,0.8478225857013751,0.949,0.867,0.861,True,999,0.00012512493412941694,0.0008713749703019857,weak_2x2_bal_strong_100_100,weak_null,True,1441,2311938656,-4.440892098500626e-16,0,0
100,100,0.059630091707797095,0.026510863535374574,0.05443352642821253,0.02084231232241507,0.03311922817242252,0.03359121410579746,0.042085973584929125,0.7869421888408548,0.7981569925669104,0.4313157090424482,0.42477939150950117,0.598,0.421,0.417,True,999,0.00011916703078895807,0.0008077499223873019,weak_2x2_bal_strong_100_100,weak_null,True,1442,2311938656,-4.440892098500626e-16,0,0
100,100,0.034891356957655106,0.059181165150533566,0.029713114848078703,0.05277221763162743,-0.02428980819287846,-0.023059102783548724,0.04742184253165796,-0.5122071791424601,-0.48625488915060366,0.6085060191795136,0.6267864588494592,0.699,0.631,0.648,True,999,0.00011087500024586916,0.0007977500790730119,weak_2x2_bal_strong_100_100,weak_null,True,1443,2311938656,-4.440892098500626e-16,0,0
100,100,0.10911119988486317,0.11008753297375035,0.10387650445666452,0.09973870835915477,-0.0009763330888871713,0.004137796097509749,0.06949636982552036,-0.014048691914964507,0.05953974441971894,0.9887911343304729,0.9525222101409807,1.0,1.0,0.991,True,999,0.00011054205242544413,0.0007998330984264612,weak_2x2_bal_strong_100_100,weak_null,True,1444,2311938656,-4.440892098500626e-16,0,0
100,100,0.03321907830533244,0.0917445515206442,0.028043423464055195,0.08616331841896852,-0.05852547321531176,-0.05811989495491332,0.05265637409093296,-1.1114603735198967,-1.1037580152128466,0.2663702376964916,0.26969812180725905,0.276,0.238,0.242,True,999,0.00010958302300423384,0.0008161249570548534,weak_2x2_bal_strong_100_100,weak_null,True,1445,2311938656,-4.440892098500626e-16,0,0
100,100,0.06557641208460441,0.02579476570101419,0.06032749357784439,0.020141690039999105,0.03978164638359022,0.04018580353784529,0.04288248424288784,0.927689873521917,0.9371146342695899,0.3535684628111938,0.34869959449977206,0.489,0.354,0.346,True,999,0.00010979198850691319,0.0008315000450238585,weak_2x2_bal_strong_100_100,weak_null,True,1446,2311938656,-4.440892098500626e-16,0,0
100,100,0.08425863230814645,0.008053899458767777,0.07904010211090906,-0.0022076888296354014,0.07620473284937868,0.08124779094054446,0.04199214340959233,1.8147378690836513,1.9348331460018997,0.06956420249971748,0.05301077420729828,0.3,0.072,0.059,True,999,0.00011454196646809578,0.0008345829555764794,weak_2x2_bal_strong_100_100,weak_null,True,1447,2311938656,-4.440892098500626e-16,0,0
100,100,0.026455496327183914,0.05831611991087249,0.02128106559686671,0.05255191443215068,-0.031860623583688574,-0.03127084883528397,0.044733854296327424,-0.7122262117776934,-0.6990421310030345,0.4763247080604319,0.48452570167129383,0.633,0.489,0.494,True,999,0.00011570798233151436,0.0008298330940306187,weak_2x2_bal_strong_100_100,weak_null,True,1448,2311938656,-4.440892098500626e-16,0,0
100,100,0.13007922668767657,0.04663349849632514,0.12482476356076688,0.04037187854172686,0.08344572819135143,0.08445288501904002,0.06010520032773189,1.3883279273066573,1.4050844944954686,0.1650372118913469,0.15999615428174918,0.288,0.188,0.187,True,999,0.00011700007598847151,0.0008512500207871199,weak_2x2_bal_strong_100_100,weak_null,True,1449,2311938656,-4.440892098500626e-16,0,0
100,100,0.04620082918151336,0.0635657802650259,0.04101419296897291,0.057768597126361954,-0.017364951083512548,-0.016754404157389047,0.05020749266047868,-0.3458637379273381,-0.33370326358833374,0.7294451216539659,0.7386034866366435,0.8,0.733,0.749,True,999,0.000116499955765903,0.0009014169918373227,weak_2x2_bal_strong_100_100,weak_null,True,1450,2311938656,-4.440892098500626e-16,0,0
100,100,0.07078772604321837,0.06958485096707717,0.06558415920513028,0.06373666501704633,0.0012028750761411966,0.0018474941880839424,0.056031949605652755,0.021467664156020107,0.03297215608392036,0.9828725977810036,0.973696791790051,0.972,0.972,0.972,True,999,0.00012112502008676529,0.0008140000281855464,weak_2x2_bal_strong_100_100,weak_null,True,1451,2311938656,-4.440892098500626e-16,0,0
100,100,0.05247954414889877,0.053157523349648295,0.04728988711309512,0.047608134374414135,-0.0006779792007495233,-0.0003182472613190157,0.04769496309979709,-0.01421490146309407,-0.00667255493317217,0.9886585315398737,0.9946761109436515,0.993,0.987,0.993,True,999,0.00011149991769343615,0.0007931250147521496,weak_2x2_bal_strong_100_100,weak_null,True,1452,2311938656,-4.440892098500626e-16,0,0
100,100,0.03491786242053285,0.04597109916923242,0.02973575019713337,0.04034402628693812,-0.011053236748699569,-0.010608276089804747,0.042637236336979085,-0.25923905248786366,-0.24880308859522013,0.7954508012090686,0.803513101869531,0.843,0.791,0.803,True,999,0.00010900001507252455,0.000815416919067502,weak_2x2_bal_strong_100_100,weak_null,True,1453,2311938656,-4.440892098500626e-16,0,0
100,100,0.039073654577704064,0.03161078068202461,0.033883733710652564,0.025641359589876345,0.007462873895679456,0.008242374120776219,0.0401565554999306,0.18584447303236337,0.20525600411097172,0.8525667275641715,0.8373721158184094,0.903,0.86,0.851,True,999,0.0001166659640148282,0.0008356670150533319,weak_2x2_bal_strong_100_100,weak_null,True,1454,2311938656,-4.440892098500626e-16,0,0
100,100,0.039534547637448014,0.04311622077214983,0.03435537000655131,0.0328805949258566,-0.0035816731347018127,0.0014747750806947124,0.0432903931477608,-0.08273598076313786,0.03406702904408701,0.9340614744264185,0.9728237002272022,0.953,0.937,0.98,True,999,0.00011575000826269388,0.0008448750013485551,weak_2x2_bal_strong_100_100,weak_null,True,1455,2311938656,-4.440892098500626e-16,0,0
100,100,0.09705294089041916,0.037813861824602724,0.09181110959292482,0.031666332610974735,0.059239079065816436,0.06014477698195009,0.052739470826284655,1.123239921404226,1.1404129779772976,0.2613356118876049,0.2541142885654032,0.423,0.269,0.262,True,999,0.00011583301238715649,0.0008435830241069198,weak_2x2_bal_strong_100_100,weak_null,True,1456,2311938656,-4.440892098500626e-16,0,0
100,100,0.041476872912890594,0.051632984824524886,0.03628839431986819,0.04595492632088849,-0.010156111911634291,-0.0096665320010203,0.04575552986040588,-0.22196468804140737,-0.21126478112069996,0.8243413725050609,0.8326806632624588,0.88,0.845,0.854,True,999,0.00011145905591547489,0.0008371250005438924,weak_2x2_bal_strong_100_100,weak_null,True,1457,2311938656,-4.440892098500626e-16,0,0
100,100,0.02534940484382453,0.040855994466530376,0.020174843777112983,0.03474148051793691,-0.015506589622705846,-0.014566636740823924,0.04072570220986127,-0.38075683858806736,-0.35767674835320035,0.7033836888290262,0.7205852356075544,0.794,0.738,0.75,True,999,0.00011187500786036253,0.0008544999873265624,weak_2x2_bal_strong_100_100,weak_null,True,1458,2311938656,-4.440892098500626e-16,0,0
100,100,0.06481048057679772,0.058780277624292054,0.05961241050464139,0.05279129581086295,0.00603020295250567,0.006821114693778441,0.053220592585188346,0.11330582129188686,0.12816683096604234,0.909788102240237,0.8980169485975452,0.929,0.913,0.9,True,999,0.00011070899199694395,0.0008955000666901469,weak_2x2_bal_strong_100_100,weak_null,True,1459,2311938656,-4.440892098500626e-16,0,0
100,100,0.017782812883105237,0.03168547252005627,0.012605517643962116,0.02494711659628024,-0.013902659636951031,-0.012341598952318122,0.03651354690828466,-0.3807534686200704,-0.3380005504071669,0.7033861896639653,0.7353627729987089,0.817,0.725,0.75,True,999,0.00011345790699124336,0.0008754170266911387,weak_2x2_bal_strong_100_100,weak_null,True,1460,2311938656,-4.440892098500626e-16,0,0
100,100,0.04725555557675609,0.10931342058777566,0.04206490692027387,0.09914430591602041,-0.062057865011019564,-0.057079398995746544,0.058989088363850146,-1.0520227847604784,-0.9676263963205456,0.2927890961334825,0.33323098942878426,0.335,0.299,0.33,True,999,0.00011933303903788328,0.0008262910414487123,weak_2x2_bal_strong_100_100,weak_null,True,1461,2311938656,-4.440892098500626e-16,0,0
100,100,0.09032867239504216,0.04908904480718229,0.0851127721272178,0.043546506456451084,0.04123962758785987,0.04156626567076671,0.05302097740194386,0.7777983282961499,0.7839588726488246,0.4366879136226718,0.43306424306433544,0.545,0.437,0.437,True,999,0.00011020794045180082,0.0007951250299811363,weak_2x2_bal_strong_100_100,weak_null,True,1462,2311938656,-4.440892098500626e-16,0,0
100,100,0.019077918605384214,0.043635074317953826,0.013910655710276387,0.03807007049223188,-0.02455715571256961,-0.02415941478195549,0.03727651102626985,-0.6587836424729627,-0.6481136275047211,0.5100347127589868,0.5169114605682544,0.594,0.468,0.478,True,999,0.00010979198850691319,0.0007952919695526361,weak_2x2_bal_strong_100_100,weak_null,True,1463,2311938656,-4.440892098500626e-16,0,0
100,100,0.023770755349350803,0.03226235851910819,0.018600276937249305,0.026261925525176366,-0.008491603169757389,-0.007661648587927061,0.03666580078367443,-0.2315946464624415,-0.20895898696254403,0.8168528659822768,0.834480255470179,0.872,0.823,0.831,True,999,0.00011145789176225662,0.0008143329760059714,weak_2x2_bal_strong_100_100,weak_null,True,1464,2311938656,-4.440892098500626e-16,0,0
100,100,0.04669225475435179,0.06586401347739235,0.04150132693094122,0.06033070167677579,-0.019171758723040555,-0.01882937474583457,0.049373124455566714,-0.3883035342495725,-0.38136891180099497,0.6977914221128881,0.7029295258669632,0.732,0.696,0.7,True,999,0.00011058396194130182,0.0008037500083446503,weak_2x2_bal_strong_100_100,weak_null,True,1465,2311938656,-4.440892098500626e-16,0,0
100,100,0.049699981963282625,0.010181666169005343,0.04451218941593993,0.003839600332895543,0.03951831579427728,0.040672589083044386,0.03466614706452355,1.1399685035871587,1.1732653475259638,0.2542994232574808,0.24068941385181986,0.536,0.263,0.25,True,999,0.0001170419855043292,0.0008152920054271817,weak_2x2_bal_strong_100_100,weak_null,True,1466,2311938656,-4.440892098500626e-16,0,0
100,100,0.09103835747329436,0.025459278509346817,0.08582259536504466,0.01994299091757057,0.06557907896394755,0.0658796044474741,0.04741538716736735,1.3830758933269025,1.389414035889479,0.1666415964637945,0.1647068846277442,0.275,0.163,0.163,True,999,0.00011383299715816975,0.0008782909717410803,weak_2x2_bal_strong_100_100,weak_null,True,1467,2311938656,-4.440892098500626e-16,0,0
100,100,0.07689873251463208,0.13406761909403153,0.07167489194772259,0.12841520949141483,-0.05716888657939945,-0.05674031754369224,0.06496017159169186,-0.8800605844876049,-0.8734631721777825,0.3788264901184414,0.3824106712405112,0.47,0.43,0.43,True,999,0.0001235830131918192,0.000823125010356307,weak_2x2_bal_strong_100_100,weak_null,True,1468,2311938656,-4.440892098500626e-16,0,0
100,100,0.004808353510889596,0.06340890174307584,-0.00035778446418532894,0.05709749351450455,-0.058600548232186245,-0.05745527797868988,0.04051665657967978,-1.4463322786010935,-1.4180656260641527,0.14808402637455254,0.15617160576265732,0.164,0.125,0.142,True,999,0.00010974996257573366,0.0008367919363081455,weak_2x2_bal_strong_100_100,weak_null,True,1469,2311938656,-4.440892098500626e-16,0,0
100,100,0.040003196167557986,0.03851632721505932,0.034822286739995434,0.028292837891356726,0.0014868689524986656,0.006529448848638708,0.04154853121866719,0.035786318045116255,0.15715233865367342,0.9714527426982498,0.8751247897111272,0.988,0.973,0.887,True,999,0.0001092919846996665,0.000843666959553957,weak_2x2_bal_strong_100_100,weak_null,True,1470,2311938656,-4.440892098500626e-16,0,0
100,100,0.03107640027249048,0.02101436877683699,0.02588591579660715,0.015154105746773894,0.01006203149565349,0.010731810049833257,0.03379005061052264,0.2977808944896948,0.31760266279362237,0.7658703973981076,0.7507863540349516,0.843,0.738,0.729,True,999,0.00011091597843915224,0.0008585830219089985,weak_2x2_bal_strong_100_100,weak_null,True,1471,2311938656,-4.440892098500626e-16,0,0
100,100,0.06151961630627867,0.024083743375535316,0.0563183443506432,0.01800814382816185,0.03743587293074335,0.03831020052248135,0.04193125215460883,0.8927916770219472,0.9136431314100533,0.3719687442970204,0.3609043949243077,0.525,0.366,0.359,True,999,0.00011387502308934927,0.0008080829866230488,weak_2x2_bal_strong_100_100,weak_null,True,1472,2311938656,-4.440892098500626e-16,0,0
100,100,0.09156988218862172,0.04597109916923242,0.08633980420056275,0.04034402628693812,0.0455987830193893,0.045995777913624636,0.05310517319433595,0.8586504906503674,0.8661261257035203,0.390533372923905,0.38642099954558895,0.547,0.398,0.396,True,999,0.00011116708628833294,0.0007900000782683492,weak_2x2_bal_strong_100_100,weak_null,True,1473,2311938656,-4.440892098500626e-16,0,0
100,100,0.07697233868900777,0.07178902991261055,0.07176126981926245,0.06582413978862434,0.005183308776397222,0.005937130030638116,0.05738950131481378,0.09031806615575644,0.10345324309527643,0.9280344641073548,0.9176032569128195,0.94,0.901,0.888,True,999,0.00011037499643862247,0.0007910839049145579,weak_2x2_bal_strong_100_100,weak_null,True,1474,2311938656,-4.440892098500626e-16,0,0
100,100,0.03909782630882219,0.0821645684683413,0.03391838522981061,0.07576903824890735,-0.04306674215951911,-0.04185065301909674,0.05370941393708027,-0.8018471810169279,-0.7792051700307905,0.4226413626713854,0.4358588650919797,0.461,0.4,0.418,True,999,0.00010904204100370407,0.0008046249859035015,weak_2x2_bal_strong_100_100,weak_null,True,1475,2311938656,-4.440892098500626e-16,0,0
100,100,0.025312961528767497,0.0791868004566122,0.020132636866762255,0.07342306061593717,-0.0538738389278447,-0.05329042374917492,0.04971859922881445,-1.0835751562490135,-1.0718408116029627,0.27855321108393116,0.2837915387828931,0.405,0.292,0.294,True,999,0.00011541694402694702,0.0008497500093653798,weak_2x2_bal_strong_100_100,weak_null,True,1476,2311938656,-4.440892098500626e-16,0,0
100,100,0.08425863230814667,0.02924946591846822,0.07904010211088064,0.02357595456710726,0.055009166389678454,0.05546414754377338,0.04759242523017165,1.1558386891114951,1.165398638029721,0.24774714462110947,0.2438576683592414,0.426,0.282,0.282,True,999,0.00010945799294859171,0.000826624920591712,weak_2x2_bal_strong_100_100,weak_null,True,1477,2311938656,-4.440892098500626e-16,0,0
100,100,0.02426508867076016,0.04509612994180928,0.019096178238214634,0.03855142122863242,-0.020831041271049122,-0.019455242990417787,0.04184293190885009,-0.4978389496325711,-0.464958885596228,0.618597560467276,0.6419608998307367,0.698,0.626,0.645,True,999,0.00010920793283730745,0.0008384999819099903,weak_2x2_bal_strong_100_100,weak_null,True,1478,2311938656,-4.440892098500626e-16,0,0
100,100,0.08103073336646549,0.1127353214084556,0.07581022677463523,0.10675693729310609,-0.03170458804199011,-0.030946710518470866,0.06511246771033481,-0.48692038801284565,-0.47528087333662716,0.6263147500728448,0.6345867900247386,0.692,0.644,0.648,True,999,0.00011037499643862247,0.0008254169952124357,weak_2x2_bal_strong_100_100,weak_null,True,1479,2311938656,-4.440892098500626e-16,0,0
100,100,0.029209586373763807,0.13404601185338805,0.024037543279177953,0.12820632788573505,-0.10483642547962424,-0.1041687846065571,0.058498998562950856,-1.7921063275435325,-1.7806934676746802,0.07311593551234066,0.0749625408865904,0.095,0.088,0.089,True,999,0.00010674993973225355,0.0008331250865012407,weak_2x2_bal_strong_100_100,weak_null,True,1480,2311938656,-4.440892098500626e-16,0,0
100,100,0.07391015090475472,0.13707159790581014,0.06870545758084745,0.13138515525652394,-0.06316144700105542,-0.0626796976756765,0.06605531013049189,-0.9561903028882968,-0.9488971825558477,0.33897609822124697,0.3426729076632823,0.377,0.354,0.362,True,999,0.0001066658878698945,0.0008339580381289124,weak_2x2_bal_strong_100_100,weak_null,True,1481,2311938656,-4.440892098500626e-16,0,0
100,100,0.034206006545573486,0.06772430615074482,0.02903104905192322,0.06215364512550536,-0.03351829960517133,-0.033122596073582145,0.047401894121812164,-0.707108866135958,-0.6987610239469451,0.4794988266146877,0.48470139016723546,0.588,0.515,0.527,True,999,0.00011291704140603542,0.000830958946608007,weak_2x2_bal_strong_100_100,weak_null,True,1482,2311938656,-4.440892098500626e-16,0,0
100,100,0.04926812657257684,0.025459278509346817,0.04407209487204966,0.01994299091757057,0.023808848063230026,0.024129103954479092,0.03908412839102937,0.6091692214554965,0.617363235354053,0.5424122790733462,0.5369951659266461,0.657,0.54,0.529,True,999,0.00011420901864767075,0.0008300839690491557,weak_2x2_bal_strong_100_100,weak_null,True,1483,2311938656,-4.440892098500626e-16,0,0
100,100,0.09705269403799188,0.003030041463949612,0.09174615985097034,-0.00710299126069458,0.09402265257404227,0.09884915111166492,0.041985411515178116,2.239412433531876,2.3543689949526883,0.025129093110323256,0.018554182568323134,0.167,0.037,0.027,True,999,0.00011804199311882257,0.0008378330385312438,weak_2x2_bal_strong_100_100,weak_null,True,1484,2311938656,-4.440892098500626e-16,0,0
100,100,0.09208111072952418,0.039230121626772696,0.08685799581469666,0.03353357758590647,0.05285098910275149,0.053324418228790194,0.05098324579590456,1.0366344527047935,1.045920427315628,0.2999062504650868,0.2955977722819665,0.405,0.313,0.305,True,999,0.00011504103895276785,0.0008507500169798732,weak_2x2_bal_strong_100_100,weak_null,True,1485,2311938656,-4.440892098500626e-16,0,0
100,100,0.015259993633018887,0.06769872115684883,0.010093761204842622,0.06199455819296418,-0.05243872752382994,-0.051900796988121556,0.04418780563055179,-1.1867239564295857,-1.1745502236987515,0.23533652232146463,0.24017470749459824,0.341,0.235,0.237,True,999,0.00011729204561561346,0.0007952499436214566,weak_2x2_bal_strong_100_100,weak_null,True,1486,2311938656,-4.440892098500626e-16,0,0
100,100,0.049884488247439074,0.034209326254180106,0.044696008551284194,0.028479173172186734,0.015675161993258968,0.01621683537909746,0.042634056731969176,0.3676676158641253,0.3803727963550148,0.7131210904852019,0.7036687051315297,0.81,0.708,0.698,True,999,0.00011079094838351011,0.0007921670330688357,weak_2x2_bal_strong_100_100,weak_null,True,1487,2311938656,-4.440892098500626e-16,0,0
100,100,0.03895131231666282,0.09258784523557217,0.03376976820115374,0.08698704372795873,-0.05363653291890935,-0.053217275526805,0.05378463040732529,-0.9972464719512925,-0.9894513567124369,0.31864488881633446,0.32244235810069977,0.373,0.336,0.337,True,999,0.00010979198850691319,0.0007992920000106096,weak_2x2_bal_strong_100_100,weak_null,True,1488,2311938656,-4.440892098500626e-16,0,0
100,100,0.052261794041927656,0.03415401526030554,0.04706800928239829,0.028578003163936216,0.01810777878162212,0.018490006118462077,0.04252348470284787,0.4258300773833197,0.4348186948381436,0.6702316686191612,0.6636940340373942,0.729,0.652,0.651,True,999,0.00011037499643862247,0.0008215419948101044,weak_2x2_bal_strong_100_100,weak_null,True,1489,2311938656,-4.440892098500626e-16,0,0
100,100,0.0710662772131152,0.011981312245665787,0.06581902873735146,0.005682216469743651,0.059084964967449416,0.06013681226760781,0.03997907394702085,1.4778972881099537,1.5042072346973177,0.139435272315315,0.1325280155224342,0.357,0.159,0.144,True,999,0.00011149991769343615,0.0008371670264750719,weak_2x2_bal_strong_100_100,weak_null,True,1490,2311938656,-4.440892098500626e-16,0,0
100,100,0.0811512510014003,0.09347500270578613,0.07591581505259626,0.08776681632110694,-0.012323751704385821,-0.011851001268510686,0.06107497970028443,-0.20178069259887824,-0.19404019987673438,0.8400881761549385,0.8461444051059814,0.852,0.833,0.836,True,999,0.00010933296289294958,0.0008306249510496855,weak_2x2_bal_strong_100_100,weak_null,True,1491,2311938656,-4.440892098500626e-16,0,0
100,100,0.0387753938106582,0.13470365814845403,0.03357407193107065,0.12840937826025112,-0.09592826433779583,-0.09483530632918047,0.06028382983085225,-1.591276874859423,-1.5731466729183379,0.11154727875240911,0.11568485989416694,0.158,0.116,0.12,True,999,0.00011099991388618946,0.0008310420671477914,weak_2x2_bal_strong_100_100,weak_null,True,1492,2311938656,-4.440892098500626e-16,0,0
100,100,0.11125010421168502,0.12782477980968943,0.10600933438439597,0.12193740657557584,-0.016574675598004407,-0.015928072191179865,0.07044808553446323,-0.23527503227743599,-0.22609659397185244,0.8139952726186868,0.8211262936245676,0.824,0.812,0.816,True,999,0.00011325010564178228,0.0008289160905405879,weak_2x2_bal_strong_100_100,weak_null,True,1493,2311938656,-4.440892098500626e-16,0,0
100,100,0.0733502840565542,0.06642171978559502,0.0681412792744851,0.06048981284744315,0.00692856427095917,0.007651466427041953,0.055305612228872966,0.12527777908481463,0.1383488242635783,0.9003036432996436,0.8899647402937285,0.923,0.895,0.891,True,999,0.00011562497820705175,0.0008619159925729036,weak_2x2_bal_strong_100_100,weak_null,True,1494,2311938656,-4.440892098500626e-16,0,0
100,100,0.019538370542090622,0.12301795836847618,0.014371654805501066,0.11275970474599717,-0.10347958782638556,-0.0983880499404961,0.05818230277910554,-1.7785406022730883,-1.691030523732197,0.07531510964022177,0.09083097306067912,0.069,0.064,0.077,True,999,0.00011549994815140963,0.0008077499223873019,weak_2x2_bal_strong_100_100,weak_null,True,1495,2311938656,-4.440892098500626e-16,0,0
100,100,0.04669225475435179,0.024105915469658235,0.04150132693094122,0.017553762352775948,0.022586339284693557,0.02394756457816527,0.039887244484051905,0.5662546906122894,0.600381522662971,0.571220656519891,0.548251999130781,0.714,0.562,0.542,True,999,0.00011158303823322058,0.0008000829257071018,weak_2x2_bal_strong_100_100,weak_null,True,1496,2311938656,-4.440892098500626e-16,0,0
100,100,0.10007164995279538,0.021161824097623627,0.09484868094453702,0.01522646727512722,0.07890982585517176,0.0796222136694098,0.048281890063299276,1.6343566035156902,1.649111365876983,0.10218399477670324,0.09912482155835577,0.246,0.116,0.108,True,999,0.00010970805305987597,0.0008131250506266952,weak_2x2_bal_strong_100_100,weak_null,True,1497,2311938656,-4.440892098500626e-16,0,0
100,100,0.09703182842125158,0.10954073903811012,0.09179553829774534,0.10380644819318263,-0.012508910616858548,-0.012010909895437294,0.0655883337994504,-0.19071853014450824,-0.18312570543662662,0.8487461202088349,0.8546993867894336,0.865,0.858,0.865,True,999,0.00010866695083677769,0.0008295840816572309,weak_2x2_bal_strong_100_100,weak_null,True,1498,2311938656,-4.440892098500626e-16,0,0
100,100,0.01556843327428814,0.09567956677040212,0.010403615816471756,0.08914684956532426,-0.08011113349611398,-0.0787432337488525,0.05357015094309083,-1.4954434901857647,-1.469908752590669,0.1347987375532835,0.14158646873543065,0.152,0.13,0.13,True,999,0.0001128750154748559,0.0008375830948352814,weak_2x2_bal_strong_100_100,weak_null,True,1499,2311938656,-4.440892098500626e-16,0,0
100,100,0.05075125708135153,0.10001660775890131,0.045563182125860635,0.09437753830464146,-0.04926535067754978,-0.04881435617878083,0.05739036859343922,-0.8584254097852531,-0.8505670441775349,0.39065760168070895,0.3950099028033802,0.437,0.392,0.394,True,999,0.00011016603093594313,0.000834333011880517,weak_2x2_bal_strong_100_100,weak_null,True,1500,2311938656,-4.440892098500626e-16,0,0
100,100,0.04938150468114777,0.015170593285965872,0.0441904238483346,0.008695546489626338,0.0342109113951819,0.035494877358708266,0.0366228047908292,0.9341423080667138,0.9692015005796775,0.35023049046622534,0.33244466253725957,0.59,0.361,0.342,True,999,0.00011008302681148052,0.0008315000450238585,weak_2x2_bal_strong_100_100,weak_null,True,1501,2311938656,-4.440892098500626e-16,0,0
100,100,0.04516710103441712,0.02412853319108388,0.039984297889105846,0.018242160538811447,0.021038567843333245,0.0217421373502944,0.03864067727101894,0.5444668501996591,0.5626748516284757,0.5861202541909207,0.5736563118930644,0.709,0.578,0.53,True,999,0.000110417022369802,0.0008647500071674585,weak_2x2_bal_strong_100_100,weak_null,True,1502,2311938656,-4.440892098500626e-16,0,0
100,100,0.0538314834401985,0.04663349849632514,0.04863837143204819,0.04037187854172686,0.007197984943873359,0.00826649289032133,0.04873593764544691,0.14769357668336194,0.16961801269650173,0.8825846011057153,0.8653105557389613,0.909,0.885,0.876,True,999,0.00012854195665568113,0.0008403750834986567,weak_2x2_bal_strong_100_100,weak_null,True,1503,2311938656,-4.440892098500626e-16,0,0
100,100,0.0653260642008755,0.02413775156145387,0.06012908305828546,0.017281575350537537,0.04118831263942163,0.04284750770774792,0.043695730172621315,0.9426164175928848,0.9805879782412958,0.3458771392076704,0.3267959650556981,0.539,0.366,0.338,True,999,0.0001129999291151762,0.0008517500245943666,weak_2x2_bal_strong_100_100,weak_null,True,1504,2311938656,-4.440892098500626e-16,0,0
100,100,0.08072202381269489,0.1085238465162599,0.07551191952371994,0.10286295346325858,-0.027801822703565016,-0.027351033939538638,0.0624559664022908,-0.4451427830687651,-0.43792507769978944,0.656216572493274,0.6614405959414347,0.712,0.685,0.693,True,999,0.00011354195885360241,0.0008323750225827098,weak_2x2_bal_strong_100_100,weak_null,True,1505,2311938656,-4.440892098500626e-16,0,0
100,100,0.03711560428004501,0.01526523041867911,0.0319295410366891,0.009409209522345918,0.0218503738613659,0.022520331514343184,0.03290591215001005,0.6640257763333034,0.6843855721633995,0.5066738135861797,0.49373172418302547,0.672,0.5,0.489,True,999,0.00011599995195865631,0.0008419579826295376,weak_2x2_bal_strong_100_100,weak_null,True,1506,2311938656,-4.440892098500626e-16,0,0
100,100,0.0679049242017109,0.10486325196794255,0.06270023609739894,0.09894100227254654,-0.03695832776623165,-0.0362407661751476,0.06151219458765082,-0.6008292829410998,-0.5891639278697315,0.5479536980803766,0.5557513125404763,0.595,0.555,0.559,True,999,0.00011712498962879181,0.0008411250310018659,weak_2x2_bal_strong_100_100,weak_null,True,1507,2311938656,-4.440892098500626e-16,0,0
100,100,0.09032867239504194,0.10198851658833885,0.0851127721272178,0.0962925000814181,-0.011659844193296909,-0.011179727954200303,0.06325016480709748,-0.18434488240240166,-0.1767541316026072,0.8537429061474875,0.8597015193430106,0.875,0.859,0.863,True,999,0.00011804094538092613,0.0008368749404326081,weak_2x2_bal_strong_100_100,weak_null,True,1508,2311938656,-4.440892098500626e-16,0,0
100,100,0.031080629950831495,0.008292105299597008,0.025901040451898893,0.0020271782656919868,0.022788524651234487,0.023873862186206907,0.028368285799478896,0.8033098937424373,0.8415687276615583,0.4217956408551057,0.4000293999611271,0.667,0.418,0.404,True,999,0.00011695793364197016,0.0008396670455113053,weak_2x2_bal_strong_100_100,weak_null,True,1509,2311938656,-4.440892098500626e-16,0,0
100,100,0.05392119630050973,0.14554202994679072,0.048718665438983066,0.13884915596938185,-0.09162083364628099,-0.09013049053039879,0.06762876013014821,-1.3547613984044837,-1.3327242782057087,0.17549358892915268,0.18262230293424453,0.247,0.183,0.184,True,999,0.00011699995957314968,0.0008281669579446316,weak_2x2_bal_strong_100_100,weak_null,True,1510,2311938656,-4.440892098500626e-16,0,0
100,100,0.05890557724567691,0.12076560061380304,0.05368991604868256,0.11485122005461079,-0.06186002336812613,-0.06116130400592823,0.062375644605446916,-0.9917336126851704,-0.9805318148261245,0.32132748975379366,0.32682367317155026,0.368,0.327,0.335,True,999,0.00011637492571026087,0.0008957920363172889,weak_2x2_bal_strong_100_100,weak_null,True,1511,2311938656,-4.440892098500626e-16,0,0
100,100,0.060432563405583783,0.07662096794768891,0.05523009501150966,0.07068661843629798,-0.016188404542105128,-0.015456523424788315,0.056316761333091304,-0.28745269008558816,-0.2744568945179413,0.7737657217835512,0.7837335253492166,0.799,0.781,0.787,True,999,0.00011408398859202862,0.0008200840093195438,weak_2x2_bal_strong_100_100,weak_null,True,1512,2311938656,-4.440892098500626e-16,0,0
100,100,0.10994204993503065,0.12557985282690876,0.10471052906892453,0.11915720917741623,-0.015637802891878105,-0.014446680108491705,0.07046614293649033,-0.2219193819927413,-0.205015905603237,0.824376642057762,0.837559698094146,0.852,0.836,0.852,True,999,0.0001090840669348836,0.0008001249516382813,weak_2x2_bal_strong_100_100,weak_null,True,1513,2311938656,-4.440892098500626e-16,0,0
100,100,0.08749774613675043,0.08851570136629522,0.08228126252640777,0.08257872818498413,-0.001017955229544787,-0.00029746565857635687,0.061757912027718104,-0.016482992965952438,-0.004816640472606146,0.9868490698933075,0.9961568917920098,0.988,0.978,0.992,True,999,0.00011108303442597389,0.0008094169897958636,weak_2x2_bal_strong_100_100,weak_null,True,1514,2311938656,-4.440892098500626e-16,0,0
100,100,0.021102313322870714,0.09789976646625886,0.015926721706108538,0.09201443332480608,-0.07679745314338815,-0.07608771161869754,0.05241274377561001,-1.4652439008378233,-1.4517025085434383,0.14285438600785552,0.14658434151454405,0.244,0.154,0.154,True,999,0.00010712502989917994,0.0008059579413384199,weak_2x2_bal_strong_100_100,weak_null,True,1515,2311938656,-4.440892098500626e-16,0,0
100,100,0.03848848195167354,0.037657619469266546,0.033308664659855935,0.03206948613134131,0.000830862482406991,0.0012391785285146284,0.04068716363369942,0.02042075210469632,0.030456252484709217,0.9837077295156719,0.9757031826409927,0.988,0.977,0.971,True,999,0.00011129199992865324,0.0008214579429477453,weak_2x2_bal_strong_100_100,weak_null,True,1516,2311938656,-4.440892098500626e-16,0,0
100,100,0.0026621888020110784,0.02579476570101419,-0.0025001791576499954,0.020141690039999105,-0.02313257689900311,-0.0226418691976491,0.026220939051591848,-0.8822177136176499,-0.863503368552109,0.37765908465335074,0.3878607681567535,0.54,0.372,0.38,True,999,0.00011229200754314661,0.0008183330064639449,weak_2x2_bal_strong_100_100,weak_null,True,1517,2311938656,-4.440892098500626e-16,0,0
100,100,0.015259993633018887,0.047039700673127016,0.010093761204842622,0.04121198737109211,-0.03177970704010813,-0.031118226166249485,0.03943035236021229,-0.8059706580805465,-0.7891947269953827,0.42025976780257346,0.42999820341970396,0.604,0.438,0.459,True,999,0.00011491600889712572,0.0008207919308915734,weak_2x2_bal_strong_100_100,weak_null,True,1518,2311938656,-4.440892098500626e-16,0,0
100,100,0.0273108596740268,0.07678808679263499,0.022128113288459872,0.07091070215225415,-0.04947722711860819,-0.048782588863794274,0.04904889996590594,-1.008732655635498,-0.994570497966381,0.3131028661184905,0.3199452020836532,0.341,0.311,0.322,True,999,0.00011379201896488667,0.0008401250233873725,weak_2x2_bal_strong_100_100,weak_null,True,1519,2311938656,-4.440892098500626e-16,0,0
100,100,0.04669225475435179,0.033236881825550346,0.04150132693094122,0.02753332313884016,0.013455372928801446,0.013968003792101058,0.04160938317208411,0.3233735254654942,0.3356936038761623,0.7464123769985231,0.7371019295866691,0.824,0.755,0.735,True,999,0.00011412508320063353,0.0008656670106574893,weak_2x2_bal_strong_100_100,weak_null,True,1520,2311938656,-4.440892098500626e-16,0,0
100,100,0.09032867239504194,0.04888536556537276,0.0851127721272178,0.043433394257235136,0.04144330682966918,0.04167937786998266,0.05260565216901943,0.7878109123429138,0.7922984727205514,0.4308073171386204,0.4281866620200623,0.549,0.459,0.455,True,999,0.00011208397336304188,0.0007991669699549675,weak_2x2_bal_strong_100_100,weak_null,True,1521,2311938656,-4.440892098500626e-16,0,0
100,100,0.028899737350249977,0.1963654033644887,0.023727442927850007,0.1900008043028265,-0.16746566601423873,-0.1662733613749765,0.06614688155339918,-2.5317242790810437,-2.513699171755316,0.011350320364808387,0.011947229532441225,0.011,0.011,0.011,True,999,0.00011004204861819744,0.000794457970187068,weak_2x2_bal_strong_100_100,weak_null,True,1522,2311938656,-4.440892098500626e-16,0,0
100,100,0.08620559036598896,0.06014523838896385,0.08097878337117947,0.05453115968122546,0.02606035197702511,0.026447623689954014,0.05495881601788185,0.4741796469659372,0.48122622731444575,0.6353718058824418,0.6303557224087504,0.739,0.675,0.67,True,999,0.00010895798914134502,0.0008246250217780471,weak_2x2_bal_strong_100_100,weak_null,True,1523,2311938656,-4.440892098500626e-16,0,0
100,100,0.03321907830533266,0.12557985282690876,0.028043423464055195,0.11915720917741623,-0.0923607745215761,-0.09111378571336104,0.06048073418975084,-1.5271106701814425,-1.506492719276568,0.12673349409367363,0.13194073476540777,0.185,0.142,0.155,True,999,0.00011004204861819744,0.0008254999993368983,weak_2x2_bal_strong_100_100,weak_null,True,1524,2311938656,-4.440892098500626e-16,0,0
100,100,0.028899737350249977,0.047829950993235615,0.023727442927850007,0.04196866477914085,-0.018930213642985638,-0.018241221851290845,0.042833499778475996,-0.4419487957063491,-0.42586344673281007,0.6585262593728856,0.6702073516673223,0.769,0.68,0.688,True,999,0.00011016707867383957,0.0008281669579446316,weak_2x2_bal_strong_100_100,weak_null,True,1525,2311938656,-4.440892098500626e-16,0,0
100,100,0.09344891149680001,0.06014523838896385,0.08821455965207292,0.05453115968122546,0.03330367310783616,0.03368339997084746,0.05640679224851465,0.5904195537499856,0.5971514888215336,0.554909404416081,0.550406244140604,0.651,0.551,0.539,True,999,0.000110417022369802,0.000828124932013452,weak_2x2_bal_strong_100_100,weak_null,True,1526,2311938656,-4.440892098500626e-16,0,0
100,100,0.07671320401897552,0.07330492291741214,0.07150317340219203,0.06699667718289959,0.003408281101563382,0.004506496219292444,0.05922436125258512,0.05754863420185239,0.07609193453472218,0.9541081657812822,0.9393459568475278,0.939,0.938,0.92,True,999,0.00011345802340656519,0.0008503749268129468,weak_2x2_bal_strong_100_100,weak_null,True,1527,2311938656,-4.440892098500626e-16,0,0
100,100,0.007174572455770356,0.03558024764000947,0.002016123604079212,0.029091596233442374,-0.028405675184239115,-0.027075472629363162,0.032991055800487556,-0.8610114012725631,-0.8206913047312365,0.38923176370392587,0.41182212491550285,0.521,0.388,0.404,True,999,0.00011500006075948477,0.0008409590227529407,weak_2x2_bal_strong_100_100,weak_null,True,1528,2311938656,-4.440892098500626e-16,0,0
100,100,0.08182593148479622,0.12076560061380304,0.07661719606636552,0.11485122005461079,-0.038939669129006815,-0.03823402398824527,0.06555443529911566,-0.5940051035651606,-0.5832408411999707,0.5525086995073598,0.5597311810462606,0.584,0.557,0.559,True,999,0.00014470797032117844,0.0008162909653037786,weak_2x2_bal_strong_100_100,weak_null,True,1529,2311938656,-4.440892098500626e-16,0,0
100,100,0.09080171068567389,0.05285251661877827,0.08558590285542778,0.04694417163658926,0.03794919406689562,0.038641731218838515,0.055494561888777647,0.6838362674698378,0.6963156371300737,0.4940785622656254,0.4862311824692349,0.595,0.475,0.472,True,999,0.00010895903687924147,0.0008102919673547149,weak_2x2_bal_strong_100_100,weak_null,True,1530,2311938656,-4.440892098500626e-16,0,0
100,100,0.06954414077971316,0.03966916030556733,0.06433286090916113,0.03385839212969444,0.02987498047414583,0.03047446877946669,0.0480203867549286,0.6221311924581614,0.6346152298812738,0.5338556058332053,0.5256793927636703,0.672,0.548,0.522,True,999,0.00011437502689659595,0.0007982499664649367,weak_2x2_bal_strong_100_100,weak_null,True,1531,2311938656,-4.440892098500626e-16,0,0
100,100,0.07923559566686189,0.06958485096707728,0.07402173569226989,0.06373666501704633,0.009650744699784608,0.010285070675223551,0.0572866143831249,0.16846421810236106,0.17953706613622566,0.8662180911453392,0.8575160155599632,0.898,0.875,0.862,True,999,0.00010941701475530863,0.0007919169729575515,weak_2x2_bal_strong_100_100,weak_null,True,1532,2311938656,-4.440892098500626e-16,0,0
100,100,0.03339837382168831,0.04213341673780796,0.02821908310569654,0.036352756869959535,-0.00873504291611965,-0.008133673764262994,0.041837140360111075,-0.20878680619500303,-0.19441275608831787,0.8346146714880687,0.8458527025586837,0.87,0.828,0.831,True,999,0.00010908301919698715,0.0008025829447433352,weak_2x2_bal_strong_100_100,weak_null,True,1533,2311938656,-4.440892098500626e-16,0,0
100,100,0.06607918563312665,0.08584246853916994,0.060881532323605825,0.08019040491035412,-0.01976328290604329,-0.019308872586748294,0.05741476493396362,-0.34421952138573236,-0.3363050011431146,0.7306812024047977,0.7366408789825964,0.758,0.704,0.709,True,999,0.00011237501166760921,0.0008174170507118106,weak_2x2_bal_strong_100_100,weak_null,True,1534,2311938656,-4.440892098500626e-16,0,0
100,100,0.05974556930529484,0.0018242460374165437,0.05453798222706041,-0.008299354436083206,0.0579213232678783,0.06283733666314362,0.03423917353242104,1.6916682645109016,1.8352468877101547,0.09070924260872185,0.06646911671353625,0.404,0.103,0.074,True,999,0.00011012505274266005,0.0008184579201042652,weak_2x2_bal_strong_100_100,weak_null,True,1535,2311938656,-4.440892098500626e-16,0,0
100,100,0.09435319729244684,0.012184846733997723,0.08912246089957421,0.006370317650727486,0.08216835055844912,0.08275214324884672,0.04455081290935549,1.8443737654267158,1.8574777393448887,0.06512868791528395,0.06324321538187454,0.18,0.054,0.051,True,999,0.00011379097122699022,0.000821957946754992,weak_2x2_bal_strong_100_100,weak_null,True,1536,2311938656,-4.440892098500626e-16,0,0
100,100,0.08598754346393922,0.02412853319108388,0.08075510668442121,0.018242160538811447,0.06185901027285534,0.06251294614560976,0.04695292737902194,1.317468659057311,1.3313961372627827,0.18768157977129551,0.18305869975199396,0.328,0.189,0.18,True,999,0.00011558400001376867,0.0008800840005278587,weak_2x2_bal_strong_100_100,weak_null,True,1537,2311938656,-4.440892098500626e-16,0,0
100,100,0.03755685578123691,0.06543281418512625,0.03237710797134241,0.05979435516653808,-0.027875958403889345,-0.02741724719519567,0.048271556268992724,-0.5774820734709871,-0.5679793508710048,0.5636138451250541,0.5700489892103369,0.613,0.562,0.562,True,999,0.00011537503451108932,0.0008402919629588723,weak_2x2_bal_strong_100_100,weak_null,True,1538,2311938656,-4.440892098500626e-16,0,0
100,100,0.015930489453407692,0.13707159790581014,0.010766178151556005,0.13138515525652394,-0.12114110845240245,-0.12061897710496794,0.05753373663395586,-2.105566499584978,-2.096491279062514,0.03524202520666106,0.03603863273873739,0.04,0.031,0.031,True,999,0.00011654093395918608,0.0008236670400947332,weak_2x2_bal_strong_100_100,weak_null,True,1539,2311938656,-4.440892098500626e-16,0,0
100,100,0.04669225475435179,0.04151945019516526,0.04150132693094122,0.035000872091863755,0.0051728045591865335,0.006500454839077463,0.04514247672257666,0.11458840840692089,0.1439986308023382,0.9087713679355695,0.8855015508301138,0.916,0.907,0.876,True,999,0.00011499994434416294,0.0008448750013485551,weak_2x2_bal_strong_100_100,weak_null,True,1540,2311938656,-4.440892098500626e-16,0,0
100,100,0.005010387869092026,0.022768861797210993,-0.0001467690405831945,0.01713034536975755,-0.017758473928118967,-0.017277114410340744,0.025524844351228333,-0.6957328978683616,-0.676874427620528,0.48659611905483724,0.49848563041122995,0.651,0.475,0.492,True,999,0.00012137496378272772,0.000842750072479248,weak_2x2_bal_strong_100_100,weak_null,True,1541,2311938656,-4.440892098500626e-16,0,0
100,100,0.003203422101545561,0.018974299901215103,-0.0019526034225805233,0.012476194445909528,-0.01577087779966954,-0.01442879786849005,0.024250772944578478,-0.650324747821916,-0.5949830094679833,0.515482474612849,0.5518548282476398,0.707,0.512,0.53,True,999,0.00011708401143550873,0.0008097499376162887,weak_2x2_bal_strong_100_100,weak_null,True,1542,2311938656,-4.440892098500626e-16,0,0
100,100,0.09632384599702937,0.047829950993235615,0.09108189315176674,0.04196866477914085,0.04849389500379375,0.04911322837262588,0.05469468891907807,0.8866289572565533,0.8979524217660315,0.3752786983029158,0.36921091530474637,0.503,0.381,0.38,True,999,0.00011024996638298035,0.0008037500083446503,weak_2x2_bal_strong_100_100,weak_null,True,1543,2311938656,-4.440892098500626e-16,0,0
100,100,0.05220314090689748,0.028914262641775823,0.04701571431220941,0.02293995012980332,0.02328887826512166,0.02407576418240609,0.04196505395558176,0.5549588543308429,0.5737098350424921,0.5789228042211385,0.5661641718349186,0.688,0.569,0.563,True,999,0.00011279189493507147,0.0008022499969229102,weak_2x2_bal_strong_100_100,weak_null,True,1544,2311938656,-4.440892098500626e-16,0,0
100,100,0.011569786638414237,0.10179509029380307,0.006401695170282551,0.09615460195671233,-0.09022530365538883,-0.08975290678642978,0.049810938228554084,-1.8113552336917687,-1.8018714358401502,0.07008588085764983,0.07156563523674257,0.111,0.065,0.067,True,999,0.00010933401063084602,0.0008140839636325836,weak_2x2_bal_strong_100_100,weak_null,True,1545,2311938656,-4.440892098500626e-16,0,0
100,100,0.04516710103441712,0.03627735739012716,0.039984297889105846,0.030481166935288684,0.00888974364428996,0.009503130953817163,0.04221084062381242,0.21060333110909393,0.22513484245694357,0.833196812763582,0.8218743763006691,0.879,0.836,0.821,True,999,0.00010954192839562893,0.0008832910098135471,weak_2x2_bal_strong_100_100,weak_null,True,1546,2311938656,-4.440892098500626e-16,0,0
100,100,0.05220314090689748,0.034209326254180106,0.04701571431220941,0.028479173172186734,0.017993814652717377,0.018536541140022678,0.04308857537827194,0.4176005935390249,0.43019619417192445,0.6762391627498383,0.667052930234427,0.771,0.686,0.676,True,999,0.00011145789176225662,0.0008034160127863288,weak_2x2_bal_strong_100_100,weak_null,True,1547,2311938656,-4.440892098500626e-16,0,0
100,100,0.009380164302923766,0.04908904480718229,0.004218392733193355,0.043546506456451084,-0.039708880504258526,-0.03932811372325773,0.03682531789016392,-1.078303807795908,-1.0679639980450055,0.2808981983314902,0.2855367519872164,0.387,0.285,0.296,True,999,0.00010854203719645739,0.0008179169381037354,weak_2x2_bal_strong_100_100,weak_null,True,1548,2311938656,-4.440892098500626e-16,0,0
100,100,0.06255390896791924,0.0890621315003658,0.057328434469646083,0.08341262458365861,-0.026508222532446557,-0.02608419011401253,0.056790747510646174,-0.4667700936226846,-0.4593035178683412,0.6406643746867127,0.6460162219015286,0.725,0.654,0.66,True,999,0.00011504103895276785,0.0008179579162970185,weak_2x2_bal_strong_100_100,weak_null,True,1549,2311938656,-4.440892098500626e-16,0,0
100,100,0.06824620264403902,0.027811516091442445,0.06303453118903235,0.02188362188626769,0.04043468655259658,0.04115090930276466,0.04479846107383936,0.9025909726218013,0.9185786367736472,0.36674301943013377,0.3583160103106321,0.546,0.375,0.366,True,999,0.00011604197788983583,0.0008344580419361591,weak_2x2_bal_strong_100_100,weak_null,True,1550,2311938656,-4.440892098500626e-16,0,0
100,100,1.2841108050221095e-06,0.029660227365619907,-0.005153607968367169,0.023977110527795276,-0.029658943254814885,-0.029130718496162444,0.027221437198840286,-1.089543621013458,-1.0701388866199724,0.27591422971165147,0.28455679772962583,0.411,0.263,0.27,True,999,0.00011558306869119406,0.0008546250173822045,weak_2x2_bal_strong_100_100,weak_null,True,1551,2311938656,-4.440892098500626e-16,0,0
100,100,0.04297030740593155,0.10370638498886492,0.03778631239838148,0.09762537739714361,-0.06073607758293337,-0.059839064998762126,0.058945806859802094,-1.0303714686167464,-1.0151538877241018,0.30283566134156903,0.3100324775918879,0.373,0.32,0.345,True,999,0.00011737504974007607,0.0008183330064639449,weak_2x2_bal_strong_100_100,weak_null,True,1552,2311938656,-4.440892098500626e-16,0,0
100,100,0.06607918563312642,0.0210143687768371,0.060881532323605825,0.015154105746773894,0.045064816856289325,0.04572742657683193,0.04208441392355148,1.070819637363892,1.086564414557327,0.28425053542196155,0.2772293589194821,0.486,0.28,0.267,True,999,0.00010845903307199478,0.000794542022049427,weak_2x2_bal_strong_100_100,weak_null,True,1553,2311938656,-4.440892098500626e-16,0,0
100,100,0.03972898576624351,0.07516190407912915,0.034550585407856715,0.06859516603633153,-0.03543291831288564,-0.03404458062847482,0.05370572477996218,-0.6597605461625909,-0.6339097138705218,0.5094075056225449,0.5261397457968513,0.589,0.511,0.522,True,999,0.00010829197708517313,0.0007994580082595348,weak_2x2_bal_strong_100_100,weak_null,True,1554,2311938656,-4.440892098500626e-16,0,0
100,100,0.05901705585352923,0.05285251661877827,0.053820261823716464,0.04694417163658926,0.006164539234750965,0.006876090187127204,0.0504053727729841,0.12229924898115206,0.13641581856949583,0.9026620267608909,0.8914925691653062,0.908,0.885,0.865,True,999,0.0001075830077752471,0.0008377080084756017,weak_2x2_bal_strong_100_100,weak_null,True,1555,2311938656,-4.440892098500626e-16,0,0
100,100,0.04782039371995339,0.15183640431865147,0.042630018693500915,0.14148401019620138,-0.10401601059869808,-0.09885399150270047,0.06680089051962337,-1.5571051491917227,-1.4798304443809953,0.11944552271735177,0.1389185017555345,0.155,0.137,0.158,True,999,0.00011320901103317738,0.000798500026576221,weak_2x2_bal_strong_100_100,weak_null,True,1556,2311938656,-4.440892098500626e-16,0,0
100,100,0.058386195386126105,0.06543281418512625,0.053194310284851554,0.05979435516653808,-0.007046618799000148,-0.006600044881686529,0.05200901760178871,-0.13548840420238584,-0.12690193328049978,0.8922257318255342,0.8990180164777005,0.911,0.884,0.89,True,999,0.00010833307169377804,0.0007934580789878964,weak_2x2_bal_strong_100_100,weak_null,True,1557,2311938656,-4.440892098500626e-16,0,0
100,100,0.10968995315980579,0.029660227365620018,0.10445839921948163,0.023977110527795276,0.08002972579418577,0.08048128869168636,0.051846788539665185,1.5435811561011024,1.5522907196096525,0.12268983297422914,0.12059267747593502,0.229,0.118,0.117,True,999,0.00010725005995482206,0.00079774996265769,weak_2x2_bal_strong_100_100,weak_null,True,1558,2311938656,-4.440892098500626e-16,0,0
100,100,0.044615464923190795,0.022768861797210993,0.039432372602675514,0.01713034536975755,0.021846603125979802,0.022302027232917965,0.037483081542000314,0.5828390363663238,0.594989160854564,0.5600016635297378,0.5518507163610673,0.68,0.556,0.549,True,999,0.00011391600128263235,0.0008211249951273203,weak_2x2_bal_strong_100_100,weak_null,True,1559,2311938656,-4.440892098500626e-16,0,0
100,100,0.05596519686541068,0.0821645684683413,0.05077234825118637,0.07576903824890735,-0.02619937160293062,-0.024996689997720978,0.056503080993940136,-0.4636804071930248,-0.4423951678033598,0.642876736581605,0.6582032751384066,0.71,0.655,0.655,True,999,0.00011745898518711329,0.0008238749578595161,weak_2x2_bal_strong_100_100,weak_null,True,1560,2311938656,-4.440892098500626e-16,0,0
100,100,0.04509790960736104,0.08444079225272694,0.0399045516025609,0.07889782046234473,-0.039342882645365895,-0.038993268859783825,0.05308507291093559,-0.7411289179422266,-0.7345430027986486,0.4586152773091018,0.46261786138402017,0.555,0.456,0.457,True,999,0.00011575000826269388,0.0008230420062318444,weak_2x2_bal_strong_100_100,weak_null,True,1561,2311938656,-4.440892098500626e-16,0,0
100,100,0.020235695421700894,0.014418603318262557,0.015069268209344955,0.008086073546841988,0.005817092103438337,0.006983194662502967,0.027940135476207942,0.20819842152847848,0.24993417331313283,0.8350740410249147,0.8026382552150837,0.915,0.841,0.821,True,999,0.00011470797471702099,0.0008542919531464577,weak_2x2_bal_strong_100_100,weak_null,True,1562,2311938656,-4.440892098500626e-16,0,0
100,100,0.15388730596871425,0.0731082511954878,0.14858881139284108,0.06737970176225616,0.08077905477322644,0.08120910963058492,0.06648547440334786,1.214988018031783,1.2214564212614787,0.2243706613503017,0.2219132559327186,0.339,0.245,0.243,True,999,0.00010924995876848698,0.0007925420068204403,weak_2x2_bal_strong_100_100,weak_null,True,1563,2311938656,-4.440892098500626e-16,0,0
100,100,0.07385998717818298,0.04213341673780796,0.06865730333458941,0.036352756869959535,0.031726570440375024,0.03230454646462988,0.04970816917672111,0.6382566681863014,0.6498840532585629,0.523306614095101,0.5157671196192402,0.62,0.512,0.495,True,999,0.00010920793283730745,0.0008508330211043358,weak_2x2_bal_strong_100_100,weak_null,True,1564,2311938656,-4.440892098500626e-16,0,0
100,100,0.08867575753133428,0.05540322221131899,0.08345952307649895,0.04980679876377536,0.033272535320015284,0.03365272431272359,0.05428865184199936,0.6128819595087943,0.6198850619953841,0.5399543927179289,0.5353334611293031,0.588,0.53,0.527,True,999,0.00011141702998429537,0.0008318750187754631,weak_2x2_bal_strong_100_100,weak_null,True,1565,2311938656,-4.440892098500626e-16,0,0
100,100,0.05247954414889877,0.017443391231600103,0.04728988711309512,0.01105084587955929,0.03503615291729867,0.03623904123353583,0.038367942374107976,0.9131621543755832,0.9445135441506292,0.3611572650387668,0.34490728391579917,0.551,0.351,0.336,True,999,0.00011058303061872721,0.0008449999149888754,weak_2x2_bal_strong_100_100,weak_null,True,1566,2311938656,-4.440892098500626e-16,0,0
100,100,0.023637864364388084,0.10841212392360045,0.01845691500878388,0.10271521172548148,-0.08477425955921236,-0.0842582967166976,0.054741492038059635,-1.5486289540714766,-1.5392035105312087,0.12147094151513846,0.12375462087181192,0.124,0.12,0.124,True,999,0.00011087500024586916,0.000840791966766119,weak_2x2_bal_strong_100_100,weak_null,True,1567,2311938656,-4.440892098500626e-16,0,0
100,100,0.055971286859761826,0.030993858933008378,0.050773277491273916,0.02542712218019716,0.024977427926753448,0.025346155311076757,0.042351995767574716,0.5897579907173234,0.5984642483007172,0.5553529105012303,0.5495302072954711,0.65,0.566,0.565,True,999,0.00011487491428852081,0.0008336249738931656,weak_2x2_bal_strong_100_100,weak_null,True,1568,2311938656,-4.440892098500626e-16,0,0
100,100,0.06232920600993286,0.03617656816955306,0.057110405483683735,0.030134603137639715,0.0261526378403798,0.02697580234604402,0.04655529509780772,0.5617543135627406,0.5794357503130575,0.5742834233944094,0.5622951874025511,0.694,0.584,0.568,True,999,0.00011904200073331594,0.000841250061057508,weak_2x2_bal_strong_100_100,weak_null,True,1569,2311938656,-4.440892098500626e-16,0,0
100,100,0.13304263899428415,0.0635657802650259,0.12778029403487778,0.057768597126361954,0.06947685872925824,0.07001169690851583,0.06265104665901393,1.1089496893387054,1.1174864689741442,0.26745188634186523,0.2637863818659135,0.358,0.273,0.266,True,999,0.00011612498201429844,0.0008386669214814901,weak_2x2_bal_strong_100_100,weak_null,True,1570,2311938656,-4.440892098500626e-16,0,0
100,100,0.12019821472672032,0.02101436877683699,0.11494190383839964,0.015154105746773894,0.09918384594988333,0.09978779809162575,0.05136493864815584,1.9309639719280447,1.942722034093356,0.053487508015038446,0.05204975249024884,0.151,0.059,0.056,True,999,0.00011516606900840998,0.000845917034894228,weak_2x2_bal_strong_100_100,weak_null,True,1571,2311938656,-4.440892098500626e-16,0,0
100,100,0.06585444604867363,0.07678808679263499,0.06065763719982442,0.07091070215225415,-0.01093364074396136,-0.010253064952429725,0.055708474629596064,-0.19626530463558373,-0.184048567486402,0.8444025161213784,0.853975354304893,0.885,0.866,0.869,True,999,0.00011391600128263235,0.0008939580293372273,weak_2x2_bal_strong_100_100,weak_null,True,1572,2311938656,-4.440892098500626e-16,0,0
100,100,0.04062065055171904,0.0941435526160963,0.03543525292899119,0.0882357892248038,-0.053522902064377265,-0.052800536295812606,0.05637635330461606,-0.9493856719532593,-0.9365723960632504,0.34242449491041815,0.34897855666381694,0.368,0.307,0.317,True,999,0.00011983397416770458,0.0008167090127244592,weak_2x2_bal_strong_100_100,weak_null,True,1573,2311938656,-4.440892098500626e-16,0,0
100,100,0.03339837382168831,0.00895526007381331,0.02821908310569654,0.002666356217275734,0.024443113747875,0.025552726888420807,0.02946342847525987,0.8296086033707729,0.8672692965748084,0.4067601109333958,0.3857944753969724,0.643,0.438,0.418,True,999,0.00011195801198482513,0.0008064579451456666,weak_2x2_bal_strong_100_100,weak_null,True,1574,2311938656,-4.440892098500626e-16,0,0
100,100,0.0465733363308064,0.006060734487215391,0.0413868864686151,0.006060493148254409,0.04051260184359101,0.035326393320360694,0.02992233739430826,1.3539250396694344,1.1806027334976972,0.1757602940212939,0.2377605772262117,0.471,0.197,0.262,True,999,0.00010879093315452337,0.0007967499550431967,weak_2x2_bal_strong_100_100,weak_null,True,1575,2311938656,-4.440892098500626e-16,0,1
100,100,0.060280621503827514,0.03966916030556733,0.05507890660864234,0.03385839212969444,0.020611461198260184,0.021220514478947905,0.046365708271884624,0.44454106205811206,0.45767691834906493,0.6566514482474273,0.6471845731567998,0.732,0.643,0.633,True,999,0.00010979210492223501,0.0008220419986173511,weak_2x2_bal_strong_100_100,weak_null,True,1576,2311938656,-4.440892098500626e-16,0,0
100,100,0.08375841016500285,0.03966916030556733,0.07853107122581093,0.03385839212969444,0.04408924985943552,0.0446726790961165,0.05045935848447165,0.8737576375055092,0.885319996881531,0.3822502549358523,0.37598406777489524,0.501,0.343,0.342,True,999,0.00010825006756931543,0.0008230420062318444,weak_2x2_bal_strong_100_100,weak_null,True,1577,2311938656,-4.440892098500626e-16,0,0
100,100,0.09032867239504216,0.05887017359913571,0.0851127721272178,0.053285612703987795,0.03145849879590645,0.03182715942323,0.055442590294500924,0.5674067288127168,0.574056140850742,0.570437879339459,0.565929811452683,0.621,0.552,0.552,True,999,0.00010904099326580763,0.000827791984193027,weak_2x2_bal_strong_100_100,weak_null,True,1578,2311938656,-4.440892098500626e-16,0,0
100,100,0.06481048057679772,0.05676359474749987,0.05961241050464139,0.051052564310396065,0.008046885829297856,0.008559846194245324,0.05160053653867391,0.15594577826272837,0.16588676723990717,0.8760757608584694,0.8682460614203075,0.893,0.88,0.872,True,999,0.00011262507177889347,0.0008287079399451613,weak_2x2_bal_strong_100_100,weak_null,True,1579,2311938656,-4.440892098500626e-16,0,0
100,100,0.07577115530591416,0.21865590867189733,0.07054701866672985,0.21194687379975363,-0.14288475336598316,-0.14139985513302378,0.07594225210528005,-1.881492178660959,-1.8619391868573865,0.05990499822987364,0.06261166264474478,0.069,0.072,0.08,True,999,0.00011416594497859478,0.0008286669617518783,weak_2x2_bal_strong_100_100,weak_null,True,1580,2311938656,-4.440892098500626e-16,0,0
100,100,0.10001934593897888,0.11385137035659115,0.09479500871306357,0.1082202961727603,-0.013832024417612276,-0.013425287459696733,0.06606442355812794,-0.20937175672836875,-0.20321508516432082,0.834158039017191,0.838966922574218,0.857,0.845,0.849,True,999,0.00011462508700788021,0.0008637909777462482,weak_2x2_bal_strong_100_100,weak_null,True,1581,2311938656,-4.440892098500626e-16,0,0
100,100,0.03979716486732965,0.02924946591846822,0.03461814323193835,0.02357595456710726,0.010547698948861428,0.011042188664831087,0.038659184987348334,0.2728381095543862,0.28562911164435495,0.7849776633409551,0.7751622040718958,0.857,0.794,0.779,True,999,0.0001236669486388564,0.0008038750384002924,weak_2x2_bal_strong_100_100,weak_null,True,1582,2311938656,-4.440892098500626e-16,0,0
100,100,0.03592806366251644,0.01517059328596601,0.03074662889338242,0.008695546489626338,0.02075747037655043,0.022051082403756084,0.03302769038569493,0.6284868888543589,0.6676543877650896,0.5296850329633543,0.5043542318484855,0.711,0.529,0.505,True,999,0.00011041597463190556,0.0008223330369219184,weak_2x2_bal_strong_100_100,weak_null,True,1583,2311938656,-4.440892098500626e-16,0,0
100,100,0.04516710103441712,0.02344021829979187,0.039984297889105846,0.0174958111396748,0.021726882734625252,0.022488486749431047,0.03827798924725961,0.5676077338931987,0.5875043906869021,0.5703013544960358,0.5568650024987225,0.704,0.595,0.574,True,999,0.00011437491048127413,0.000806833035312593,weak_2x2_bal_strong_100_100,weak_null,True,1584,2311938656,-4.440892098500626e-16,0,0
100,100,0.0904145761761227,0.006705548778738191,0.08519113877414952,-0.003535114285746488,0.0837090273973845,0.08872625305989601,0.0427094742296154,1.959963893429046,2.07743725860179,0.050000010649979394,0.037761220377992864,0.255,0.056,0.039,True,999,0.00011399993672966957,0.000801375019364059,weak_2x2_bal_strong_100_100,weak_null,True,1585,2311938656,-4.440892098500626e-16,0,0
100,100,0.02716617125211762,0.0821645684683413,0.021992970881825613,0.07576903824890735,-0.05499839721622368,-0.05377606736708174,0.051601937127878514,-1.0658203989499107,-1.0421327252466386,0.28650483777558433,0.29735014809754556,0.359,0.302,0.317,True,999,0.00011079199612140656,0.0008324580267071724,weak_2x2_bal_strong_100_100,weak_null,True,1586,2311938656,-4.440892098500626e-16,0,0
100,100,0.1403104412535665,0.18325306276332465,0.13504722265084013,0.17271501624615127,-0.04294262150975814,-0.03766779359531114,0.08055230787945242,-0.5331023112835244,-0.46761904887543987,0.593962759216474,0.6400570401811496,0.625,0.604,0.641,True,999,0.0001105000264942646,0.0008366249967366457,weak_2x2_bal_strong_100_100,weak_null,True,1587,2311938656,-4.440892098500626e-16,0,0
100,100,0.11037398393080611,0.055131043953620784,0.10513945511530665,0.04874256080748296,0.055242939977185324,0.056396894307823686,0.05828250978384833,0.9478476507285664,0.967646975344442,0.34320701829198186,0.33322070819193317,0.456,0.365,0.354,True,999,0.00010970805305987597,0.0008342500077560544,weak_2x2_bal_strong_100_100,weak_null,True,1588,2311938656,-4.440892098500626e-16,0,0
100,100,0.08072202381269489,0.03966916030556733,0.07551191952371994,0.03385839212969444,0.04105286350712756,0.0416535273940255,0.05005216240483493,0.82020159638821,0.8322023543582577,0.41210119207015883,0.40529473519122505,0.576,0.431,0.426,True,999,0.00011041597463190556,0.0008331669960170984,weak_2x2_bal_strong_100_100,weak_null,True,1589,2311938656,-4.440892098500626e-16,0,0
100,100,0.05879803751602253,0.00507913383146541,0.05360461857230803,-0.0011516473767869684,0.05371890368455712,0.054756265949094995,0.03500137355074193,1.5347655887469718,1.5644033474776113,0.12484141827880349,0.11772287508249131,0.363,0.119,0.116,True,999,0.00011379097122699022,0.0008551250211894512,weak_2x2_bal_strong_100_100,weak_null,True,1590,2311938656,-4.440892098500626e-16,0,0
100,100,0.0011802177429125482,0.061657590713618426,-0.003979384377927886,0.05574835576236836,-0.06047737297070588,-0.05972774014029625,0.03974659186317572,-1.5215738038344047,-1.5027134992077795,0.12811590555473948,0.13291294014460486,0.105,0.093,0.103,True,999,0.00011004204861819744,0.0008061670232564211,weak_2x2_bal_strong_100_100,weak_null,True,1591,2311938656,-4.440892098500626e-16,0,0
100,100,0.022470064715165217,0.08306470178280528,0.017293094157892597,0.07676627448956452,-0.06059463706764007,-0.059473180331671927,0.04915474738483622,-1.2327321427010924,-1.2099173222486919,0.21767571552965803,0.22631061960717846,0.282,0.206,0.212,True,999,0.00010750000365078449,0.0007990830345079303,weak_2x2_bal_strong_100_100,weak_null,True,1592,2311938656,-4.440892098500626e-16,0,0
100,100,0.08324216141137719,0.06283324505276172,0.07802926120876919,0.05714674374041806,0.02040891635861547,0.020882517468351125,0.05510083667299771,0.3703921317880261,0.3789873027206617,0.7110903355239171,0.7046972927322112,0.785,0.729,0.725,True,999,0.00011512497439980507,0.0008005419513210654,weak_2x2_bal_strong_100_100,weak_null,True,1593,2311938656,-4.440892098500626e-16,0,0
100,100,0.09090858770311627,0.05676359474749987,0.08569033444935314,0.051052564310396065,0.034144992955616404,0.03463777013895708,0.05566428840838493,0.6134093137975516,0.6222619767423355,0.5396057291559013,0.5337696190472982,0.635,0.543,0.524,True,999,0.00011629099026322365,0.000825208961032331,weak_2x2_bal_strong_100_100,weak_null,True,1594,2311938656,-4.440892098500626e-16,0,0
100,100,0.07385998717818298,0.015203651329365464,0.06865730333458941,0.008831699729270781,0.05865633584881752,0.059825603605318634,0.042111147941642044,1.3928933006078088,1.4206595291162667,0.16365205861299648,0.1554157633854052,0.378,0.171,0.163,True,999,0.00011233298573642969,0.0008381659863516688,weak_2x2_bal_strong_100_100,weak_null,True,1595,2311938656,-4.440892098500626e-16,0,0
100,100,0.04062065055171926,0.03161078068202461,0.03543525292899119,0.025641359589876345,0.009009869869694653,0.009793893339114845,0.04056869744187073,0.22208920763612233,0.24141503071791065,0.8242444391428652,0.8092334643860135,0.889,0.825,0.798,True,999,0.00011216697748750448,0.0008266250370070338,weak_2x2_bal_strong_100_100,weak_null,True,1596,2311938656,-4.440892098500626e-16,0,0
100,100,0.029187059905653623,0.033236881825550346,0.024004358603122,0.02753332313884016,-0.004049821919896723,-0.00352896453571816,0.037593661293900994,-0.10772619054674906,-0.09387126484247708,0.9142128933554141,0.9252114203530655,0.961,0.929,0.939,True,999,0.00010741595178842545,0.0008543339790776372,weak_2x2_bal_strong_100_100,weak_null,True,1597,2311938656,-4.440892098500626e-16,0,0
100,100,0.007050158551725971,0.0006004078859246365,0.0018897223110485584,-0.009481248245464258,0.006449750665801335,0.011370970556512816,0.01237312766859124,0.5212708410157122,0.9190053526544977,0.6021781107807087,0.3580927724843509,0.898,0.572,0.328,True,999,0.00010791607201099396,0.0008421249222010374,weak_2x2_bal_strong_100_100,weak_null,True,1598,2311938656,-4.440892098500626e-16,0,0
100,100,0.054762727353112384,0.047829950993235615,0.04956936738049933,0.04196866477914085,0.006932776359876769,0.007600702601358478,0.04809356321317051,0.1441518551900146,0.15803991414961352,0.8853805577636865,0.8744253469731468,0.914,0.911,0.911,True,999,0.00013887498062103987,0.0008725409861654043,weak_2x2_bal_strong_100_100,weak_null,True,1599,2311938656,-4.440892098500626e-16,0,0
100,100,0.024220921907809778,0.047829950993235615,0.019048678602729296,0.04196866477914085,-0.023609029085425837,-0.022919986176411555,0.0417857287345413,-0.5650022100945179,-0.5485123000251813,0.5720722609278904,0.5833401859043974,0.65,0.565,0.573,True,999,0.00010870792903006077,0.0008547080215066671,weak_2x2_bal_strong_100_100,weak_null,True,1600,2311938656,-4.440892098500626e-16,0,0
100,100,0.004304554146047468,0.037813861824602724,-0.0008549798292989408,0.031666332610974735,-0.033509307678555256,-0.032521312440273675,0.03375120619764427,-0.9928328926180453,-0.9635600058211716,0.32079139750201124,0.335266566265467,0.492,0.305,0.316,True,999,0.00010804098565131426,0.0008370419964194298,weak_2x2_bal_strong_100_100,weak_null,True,1601,2311938656,-4.440892098500626e-16,0,0
100,100,0.1199407678706792,0.0016960860677594503,0.11469890027095175,-0.00838503740946095,0.11824468180291975,0.1230839376804127,0.046280153840340246,2.5549759884300856,2.659540374585492,0.01061951233772822,0.007824735104383381,0.08,0.012,0.011,True,999,0.00010962493252009153,0.0008447500877082348,weak_2x2_bal_strong_100_100,weak_null,True,1602,2311938656,-4.440892098500626e-16,0,0
100,100,0.1199605399410908,0.0635657802650259,0.11472037901289411,0.057768597126361954,0.05639475967606489,0.05695178188653216,0.06118974859062322,0.9216373816693026,0.9307405766210243,0.35671775295933883,0.3519877747792659,0.488,0.378,0.372,True,999,0.00011133297812193632,0.0008391250157728791,weak_2x2_bal_strong_100_100,weak_null,True,1603,2311938656,-4.440892098500626e-16,0,0
100,100,0.08961975866998972,0.047829950993235615,0.08440371722996076,0.04196866477914085,0.04178980767675411,0.04243505245081991,0.053891149834897546,0.7754484327163653,0.7874215447401872,0.4380747255168579,0.4310351387404975,0.564,0.425,0.418,True,999,0.00011875003110617399,0.000841250061057508,weak_2x2_bal_strong_100_100,weak_null,True,1604,2311938656,-4.440892098500626e-16,0,0
100,100,0.07641410207921906,0.07792438230488541,0.07119940405817715,0.07190848403553929,-0.0015102802256663495,-0.000709079977362137,0.05880840487193669,-0.02568136695690336,-0.012057459795181576,0.9795114859700437,0.990379772089357,0.984,0.984,0.999,True,999,0.00011554197408258915,0.0008422500686720014,weak_2x2_bal_strong_100_100,weak_null,True,1605,2311938656,-4.440892098500626e-16,0,0
100,100,0.081521341694757,0.10370638498886492,0.07630804452571738,0.09762537739714361,-0.02218504329410792,-0.02131733287142623,0.06438260342316068,-0.34458133275994834,-0.3311039277383064,0.7304091415354066,0.7405659849119178,0.774,0.743,0.754,True,999,0.0001152500044554472,0.0008472499903291464,weak_2x2_bal_strong_100_100,weak_null,True,1606,2311938656,-4.440892098500626e-16,0,0
100,100,0.09138291164981582,0.024105915469658346,0.08616474974454036,0.017553762352775948,0.06727699618015748,0.06861098739176441,0.048566315917271896,1.3852604404821944,1.4127278566617387,0.16597284538804125,0.15773575760225922,0.357,0.202,0.185,True,999,0.00011404207907617092,0.000963500002399087,weak_2x2_bal_strong_100_100,weak_null,True,1607,2311938656,-4.440892098500626e-16,0,0
100,100,0.07736443254257686,0.0599450194984637,0.07214420745668804,0.05387704993734843,0.017419413044113152,0.018267157519339605,0.05548160338142806,0.3139673690458653,0.3292471090598359,0.7535458222408543,0.7419689181548182,0.797,0.755,0.753,True,999,0.00012279103975743055,0.000830375007353723,weak_2x2_bal_strong_100_100,weak_null,True,1608,2311938656,-4.440892098500626e-16,0,0
100,100,0.07943349791396992,0.1175901336135336,0.07422418315687196,0.1112236299099365,-0.03815663569956368,-0.03699944675306455,0.06525900751982693,-0.5846953110338212,-0.5669630624067247,0.5587526074766207,0.5707392775144504,0.624,0.595,0.605,True,999,0.00011570798233151436,0.0008288340177386999,weak_2x2_bal_strong_100_100,weak_null,True,1609,2311938656,-4.440892098500626e-16,0,0
100,100,0.052772083710488804,0.0020950260887882544,0.047582552563653735,0.002094948152425502,0.05067705762170055,0.04548760441122823,0.03161973972495255,1.6027031867599155,1.4385825059569333,0.1090001996325129,0.150268845825817,0.433,0.131,0.175,True,999,0.00011575000826269388,0.0008102919673547149,weak_2x2_bal_strong_100_100,weak_null,True,1610,2311938656,-4.440892098500626e-16,0,1
100,100,0.034206006545573486,0.04641278666230436,0.02903104905192322,0.04044240991839132,-0.012206780116730875,-0.011411360866468101,0.04323618222748106,-0.28232789038834716,-0.2639308162415645,0.7776921016348217,0.7918332293897463,0.84,0.782,0.796,True,999,0.0001116250641644001,0.000801792019046843,weak_2x2_bal_strong_100_100,weak_null,True,1611,2311938656,-4.440892098500626e-16,0,0
100,100,0.06607918563312665,0.06543281418512625,0.060881532323605825,0.05979435516653808,0.0006463714480003935,0.0010871771570677424,0.05327887322220014,0.012131852813491271,0.02040540820999832,0.9903204193898661,0.9837199696218998,0.964,0.964,0.962,True,999,0.00011087500024586916,0.0008053750498220325,weak_2x2_bal_strong_100_100,weak_null,True,1612,2311938656,-4.440892098500626e-16,0,0
100,100,0.008574613921388474,0.03973860287295844,0.0034065346903986438,0.03379358606069616,-0.031163988951569965,-0.030387051370297513,0.034239322516009967,-0.910181237873442,-0.887489854861726,0.3627269371455534,0.37481522581883464,0.441,0.348,0.383,True,999,0.00011066603474318981,0.0008394999895244837,weak_2x2_bal_strong_100_100,weak_null,True,1613,2311938656,-4.440892098500626e-16,0,0
100,100,0.05879803751602253,0.029640893263472246,0.05360461857230803,0.024097821085561577,0.029157144252550282,0.02950679748674645,0.04253133202732742,0.6855450526171177,0.6937661267647957,0.49300004131690756,0.48782888858146034,0.593,0.472,0.466,True,999,0.00011033297050744295,0.0008221670286729932,weak_2x2_bal_strong_100_100,weak_null,True,1614,2311938656,-4.440892098500626e-16,0,0
100,100,0.05931655475605635,0.04576271956597816,0.05410104310018937,0.04004961254575079,0.01355383519007819,0.014051430554438582,0.04710790004461766,0.2877189426240789,0.2982818283372841,0.773561888770538,0.7654880722791937,0.822,0.784,0.769,True,999,0.00011020794045180082,0.0008290420519188046,weak_2x2_bal_strong_100_100,weak_null,True,1615,2311938656,-4.440892098500626e-16,0,0
100,100,0.08045746664032816,0.006705548778738135,0.0752484053593605,-0.003535114285746488,0.07375191786159002,0.07878351964510699,0.04079325563848634,1.8079439041391165,1.9312878663888446,0.0706152316637856,0.05344746305892201,0.263,0.067,0.055,True,999,0.00011029199231415987,0.0009085000492632389,weak_2x2_bal_strong_100_100,weak_null,True,1616,2311938656,-4.440892098500626e-16,0,0
100,100,0.02851375191092953,0.07792438230488541,0.02334113858179876,0.07190848403553929,-0.04941063039395588,-0.04856734545374053,0.05108680929076808,-0.9671895951208856,-0.9506826933996279,0.333449262675379,0.3417654762265536,0.442,0.341,0.345,True,999,0.00010962493252009153,0.0008380410727113485,weak_2x2_bal_strong_100_100,weak_null,True,1617,2311938656,-4.440892098500626e-16,0,0
100,100,0.10684208725377564,0.02199454243513621,0.10160707481718134,0.01515197268713564,0.08484754481863943,0.0864551021300457,0.050199700229458466,1.6902002289019393,1.7222234741416174,0.09098965461331637,0.0850290440834894,0.268,0.105,0.1,True,999,0.00011045904830098152,0.0008528339676558971,weak_2x2_bal_strong_100_100,weak_null,True,1618,2311938656,-4.440892098500626e-16,0,0
100,100,0.009868386267911089,0.04822015996023421,0.004707606235797357,0.041857047998064445,-0.03835177369232312,-0.03714944176226709,0.037600708000596395,-1.019974775254626,-0.9879984643288592,0.3077404240855911,0.3231534002906159,0.437,0.335,0.348,True,999,0.00011224998161196709,0.0008704169886186719,weak_2x2_bal_strong_100_100,weak_null,True,1619,2311938656,-4.440892098500626e-16,0,0
100,100,0.04572033088704963,0.0635657802650259,0.04053781125691103,0.057768597126361954,-0.017845449377976275,-0.017230785869450926,0.0501297620380819,-0.35598512046435976,-0.34372367170546864,0.7218517083883713,0.7310541072295322,0.792,0.733,0.734,True,999,0.00012029102072119713,0.0007986669661477208,weak_2x2_bal_strong_100_100,weak_null,True,1620,2311938656,-4.440892098500626e-16,0,0
100,100,0.04869548690480663,0.01601655991279044,0.043499188301140634,0.010186179318175448,0.03267892699201619,0.03331300898296519,0.03627792288928293,0.9007937717864785,0.918272225359583,0.36769797966156836,0.35847636444350284,0.56,0.389,0.379,True,999,0.00011470797471702099,0.0007952499436214566,weak_2x2_bal_strong_100_100,weak_null,True,1621,2311938656,-4.440892098500626e-16,0,0
100,100,0.03321907830533266,0.11309142392155536,0.028043423464055195,0.10721532385881716,-0.0798723456162227,-0.07917190039476196,0.0569336806397944,-1.402901493784596,-1.390598666818388,0.16064621538182666,0.16434716085963197,0.215,0.161,0.166,True,999,0.000110417022369802,0.0007927920669317245,weak_2x2_bal_strong_100_100,weak_null,True,1622,2311938656,-4.440892098500626e-16,0,0
100,100,0.06336955972453906,0.07662096794768891,0.05816819124569861,0.07068661843629798,-0.013251408223149852,-0.012518427190599368,0.056737542205277304,-0.2335562611296424,-0.22063745985519614,0.8153294871729582,0.825374731020087,0.827,0.805,0.822,True,999,0.00010991701856255531,0.000818417058326304,weak_2x2_bal_strong_100_100,weak_null,True,1623,2311938656,-4.440892098500626e-16,0,0
100,100,0.1003553257574008,0.04597109916923242,0.09512687225068817,0.04034402628693812,0.05438422658816838,0.05478284596375005,0.054259203551973785,1.0023041811897375,1.0096507574291,0.31619670376126985,0.31266264243536,0.441,0.308,0.301,True,999,0.00011020898818969727,0.0008519589900970459,weak_2x2_bal_strong_100_100,weak_null,True,1624,2311938656,-4.440892098500626e-16,0,0
100,100,0.05131293593563868,0.07139087860353233,0.04612276262523096,0.06571723511521554,-0.020077942667893645,-0.019594472489984582,0.052381171765820314,-0.383304572827347,-0.3740747262696849,0.7014939490871207,0.7083487214536488,0.74,0.705,0.71,True,999,0.00012987502850592136,0.0008358750492334366,weak_2x2_bal_strong_100_100,weak_null,True,1625,2311938656,-4.440892098500626e-16,0,0
100,100,0.1292790116348682,0.1897094852037431,0.12402836959402919,0.18392534660203808,-0.060430473568874876,-0.05989697700800889,0.07727995931983316,-0.7819682373120243,-0.7750648102714116,0.4342332404799897,0.4383013639819321,0.457,0.456,0.456,True,999,0.0001092919846996665,0.0007937920745462179,weak_2x2_bal_strong_100_100,weak_null,True,1626,2311938656,-4.440892098500626e-16,0,0
100,100,0.05124058133734688,0.09789976646625886,0.046053502335041685,0.09201443332480608,-0.046659185128911984,-0.04596093098976439,0.057490146948527436,-0.8116031634201123,-0.7994575319300283,0.41701937551793766,0.42402516219466624,0.464,0.415,0.419,True,999,0.00010916695464402437,0.0008142079459503293,weak_2x2_bal_strong_100_100,weak_null,True,1627,2311938656,-4.440892098500626e-16,0,0
100,100,0.09714407447051943,0.12782477980968943,0.09192061271028251,0.12193740657557584,-0.03068070533917,-0.030016793865293323,0.06895173976807167,-0.4449591183974273,-0.43533047848043854,0.6563492982644019,0.6633225649491958,0.686,0.685,0.685,True,999,0.0001094168983399868,0.0008221250027418137,weak_2x2_bal_strong_100_100,weak_null,True,1628,2311938656,-4.440892098500626e-16,0,0
100,100,0.03711560428004501,0.026603492187988742,0.0319295410366891,0.01972671243891,0.01051211209205627,0.012202828597779103,0.03859819638724069,0.2723472357773492,0.3161502282477883,0.7853550394311704,0.7518884837064441,0.868,0.794,0.763,True,999,0.00011204101610928774,0.0008319170447066426,weak_2x2_bal_strong_100_100,weak_null,True,1629,2311938656,-4.440892098500626e-16,0,0
100,100,0.033497402386165276,0.030938008181458476,0.028320707870093997,0.02522242688292664,0.0025593942047067997,0.0030982809871673567,0.037691797597229515,0.06790321417026086,0.08220040392541776,0.9458626801231573,0.9344873522480753,0.963,0.963,0.937,True,999,0.00011475000064820051,0.0008272500708699226,weak_2x2_bal_strong_100_100,weak_null,True,1630,2311938656,-4.440892098500626e-16,0,0
100,100,0.004794060221840035,0.09454061472270575,-0.0003637914429361899,0.08879554201865858,-0.08974655450086572,-0.08915933346159477,0.048733693509031784,-1.841570955097689,-1.8295213648247475,0.06553793281481055,0.0673215417167226,0.052,0.039,0.039,True,999,0.00011529098264873028,0.0007977079367265105,weak_2x2_bal_strong_100_100,weak_null,True,1631,2311938656,-4.440892098500626e-16,0,0
100,100,0.10038635749680447,0.0490890448071824,0.09516207907226715,0.043546506456451084,0.051297312689622065,0.05161557261581606,0.054504111018906655,0.9411641017652375,0.9470032929793387,0.3466207700192544,0.34363710094658995,0.45,0.363,0.363,True,999,0.00011066603474318981,0.0007999580120667815,weak_2x2_bal_strong_100_100,weak_null,True,1632,2311938656,-4.440892098500626e-16,0,0
100,100,0.03676105641245542,0.09789976646625886,0.03158011490856438,0.09201443332480608,-0.06113871005380345,-0.060434318416241695,0.05516210577110933,-1.1083461952575477,-1.0955767110669956,0.26771233213553336,0.27326405806807363,0.309,0.277,0.283,True,999,0.00011195801198482513,0.0008742499630898237,weak_2x2_bal_strong_100_100,weak_null,True,1633,2311938656,-4.440892098500626e-16,0,0
100,100,0.0025304603797594583,0.04290193331568587,-0.002629056965020027,0.036946140019274765,-0.04037147293592641,-0.03957519698429479,0.033905627103199505,-1.1907012606800231,-1.1672161928708369,0.23377088284369418,0.24312307316881765,0.312,0.22,0.224,True,999,0.0001145420828834176,0.000837666098959744,weak_2x2_bal_strong_100_100,weak_null,True,1634,2311938656,-4.440892098500626e-16,0,0
100,100,0.025480645568076277,0.053157523349648295,0.020305279114978703,0.047608134374414135,-0.027676877781572018,-0.027302855259435432,0.04219508889190315,-0.6559265191377037,-0.6470623946161327,0.5118714043317367,0.5175915623313165,0.567,0.498,0.512,True,999,0.00011691602412611246,0.0008437079377472401,weak_2x2_bal_strong_100_100,weak_null,True,1635,2311938656,-4.440892098500626e-16,0,0
100,100,0.06821230451256755,0.04290193331568587,0.06299084482080275,0.036946140019274765,0.025310371196881676,0.026044704801527985,0.04859454632836914,0.5208479779984213,0.5359594186873451,0.6024726774851865,0.5919865973793352,0.663,0.583,0.575,True,999,0.00011712498962879181,0.0008491670014336705,weak_2x2_bal_strong_100_100,weak_null,True,1636,2311938656,-4.440892098500626e-16,0,0
100,100,0.02426508867076016,0.004595019318131943,0.019096178238214634,-0.005540426419912592,0.019670069352628217,0.024636604658127226,0.024344837263812,0.8079770318229766,1.011984774888963,0.41910380432021277,0.311545333130416,0.673,0.402,0.308,True,999,0.00011604197788983583,0.0008464580168947577,weak_2x2_bal_strong_100_100,weak_null,True,1637,2311938656,-4.440892098500626e-16,0,0
100,100,0.015930489453407692,0.04213341673780796,0.010766178151556005,0.036352756869959535,-0.026202927284400268,-0.02558657871840353,0.037657730670850306,-0.6958180118029031,-0.6794508926213474,0.48654280778924763,0.4968522128129996,0.603,0.487,0.493,True,999,0.00011545896995812654,0.000846958952024579,weak_2x2_bal_strong_100_100,weak_null,True,1638,2311938656,-4.440892098500626e-16,0,0
100,100,0.07385998717818298,0.10370638498886492,0.06865730333458941,0.09762537739714361,-0.029846397810681935,-0.028968074062554194,0.06337437991206536,-0.47095368589160286,-0.4570943984422195,0.6376738088441075,0.6476031963334846,0.688,0.646,0.65,True,999,0.00011487503070384264,0.0008482499979436398,weak_2x2_bal_strong_100_100,weak_null,True,1639,2311938656,-4.440892098500626e-16,0,0
100,100,0.03894345707537861,0.08507544434535969,0.033764584392656616,0.07897337736365273,-0.04613198726998108,-0.045208792970996114,0.05498890087534781,-0.838932703429659,-0.822143964533464,0.4015070747135111,0.41099496614942055,0.518,0.426,0.439,True,999,0.0001154579222202301,0.0008696250151842833,weak_2x2_bal_strong_100_100,weak_null,True,1640,2311938656,-4.440892098500626e-16,0,0
100,100,0.09162019972020741,0.025390182728824207,0.08640208299541996,0.01969354896831277,0.0662300169913832,0.06670853402710719,0.04769869102817131,1.3885080609920115,1.3985401399738304,0.1649823918603115,0.16195092763735042,0.322,0.165,0.161,True,999,0.00011416699271649122,0.0008038330124691129,weak_2x2_bal_strong_100_100,weak_null,True,1641,2311938656,-4.440892098500626e-16,0,0
100,100,0.02509373622103761,0.034592016655478564,0.01992232242085379,0.024046260421531684,-0.009498280434440953,-0.004123938000677896,0.03901356513200947,-0.24346097062141844,-0.10570523321116139,0.8076483165331628,0.9158162281152951,0.854,0.805,0.901,True,999,0.00010950001887977123,0.0008468340383842587,weak_2x2_bal_strong_100_100,weak_null,True,1642,2311938656,-4.440892098500626e-16,0,0
100,100,0.03339837382168831,0.018339938647362664,0.02821908310569654,0.012497204743269208,0.015058435174325646,0.015721878362427333,0.03326468671981317,0.45268531464499007,0.4726296836898524,0.6507753556433893,0.6364774010674349,0.789,0.651,0.631,True,999,0.00011129199992865324,0.0008282080525532365,weak_2x2_bal_strong_100_100,weak_null,True,1643,2311938656,-4.440892098500626e-16,0,0
100,100,0.05611295135025929,0.09520841353863585,0.050906839386016145,0.08953924655247647,-0.03909546218837656,-0.038632407166460325,0.05689169037465591,-0.6871910806466878,-0.6790518424052711,0.49196232426571496,0.49710501433869614,0.525,0.48,0.494,True,999,0.0001154160127043724,0.0008274170104414225,weak_2x2_bal_strong_100_100,weak_null,True,1644,2311938656,-4.440892098500626e-16,0,0
100,100,0.06336955972453928,0.16391480903924688,0.05816819124569861,0.16374591972677877,-0.1005452493147076,-0.10557772848108016,0.06461226783601479,-1.5561324912768937,-1.6340198543879507,0.11967659026233254,0.10225468174956064,0.131,0.108,0.095,True,999,0.0001157920341938734,0.0008524579461663961,weak_2x2_bal_strong_100_100,weak_null,True,1645,2311938656,-4.440892098500626e-16,0,1
100,100,0.08926907657166416,0.06470628377506549,0.08403849340805891,0.059086544568671684,0.024562792796598676,0.024951948839387228,0.05685025481200757,0.4320612612524416,0.43890654354845615,0.6656968890514505,0.6607292551544934,0.744,0.661,0.659,True,999,0.00011441693641245365,0.0008377089397981763,weak_2x2_bal_strong_100_100,weak_null,True,1646,2311938656,-4.440892098500626e-16,0,0
100,100,0.010924329545491274,0.04184171028449646,0.005759256877951202,0.03565264405614954,-0.030917380739005185,-0.02989338717819834,0.03753358878844222,-0.8237256744424509,-0.7964436160552667,0.41009544774233664,0.4257742355542995,0.568,0.398,0.408,True,999,0.00011674989946186543,0.0008405420230701566,weak_2x2_bal_strong_100_100,weak_null,True,1647,2311938656,-4.440892098500626e-16,0,0
100,100,0.05718565023318045,0.09454061472270575,0.05198814170663013,0.08879554201865858,-0.0373549644895253,-0.03680740031202845,0.05795270995178088,-0.6445766646737696,-0.6351281992275041,0.5192015611103691,0.5253448068517952,0.563,0.511,0.527,True,999,0.00011670798994600773,0.0008517499081790447,weak_2x2_bal_strong_100_100,weak_null,True,1648,2311938656,-4.440892098500626e-16,0,0
100,100,0.03564928719522764,0.05676359474749987,0.0304675738551623,0.051052564310396065,-0.021114307552272227,-0.020584990455233765,0.04626445274664167,-0.45638295275858226,-0.44494183402456927,0.6481146221766589,0.6563617894216583,0.68,0.635,0.635,True,999,0.00011658307630568743,0.0008616250706836581,weak_2x2_bal_strong_100_100,weak_null,True,1649,2311938656,-4.440892098500626e-16,0,0
100,100,0.06585444604867363,0.01517059328596601,0.06065763719982442,0.008695546489626338,0.05068385276270762,0.05196209071019808,0.040371543420326735,1.2554351027656951,1.287096957606917,0.20932085310870663,0.19806049575040752,0.409,0.2,0.191,True,999,0.00011666701175272465,0.0008994590025395155,weak_2x2_bal_strong_100_100,weak_null,True,1650,2311938656,-4.440892098500626e-16,0,0
100,100,0.08961975866998972,0.1266915570599818,0.08440371722996076,0.12036726527590957,-0.03707179838999208,-0.03596354804594881,0.06699211703547862,-0.5533755317862112,-0.5368325354892537,0.5800062900376657,0.5913832955345826,0.612,0.578,0.585,True,999,0.00012358289677649736,0.0008247500518336892,weak_2x2_bal_strong_100_100,weak_null,True,1651,2311938656,-4.440892098500626e-16,0,0
100,100,0.05220314090689748,0.033236881825550346,0.04701571431220941,0.02753332313884016,0.018966259081347137,0.01948239117336925,0.0428041971903809,0.4430934423788071,0.45515142093933253,0.6576981481948057,0.649000306672788,0.738,0.661,0.657,True,999,0.000110417022369802,0.0007995829218998551,weak_2x2_bal_strong_100_100,weak_null,True,1652,2311938656,-4.440892098500626e-16,0,0
100,100,0.08335707619397748,0.09074799707028752,0.07814420171851566,0.08056936289855798,-0.007390920876310048,-0.0024251611800423234,0.06145170930026589,-0.12027201456995222,-0.03946450322793267,0.9042676723013046,0.968520053778079,0.925,0.913,0.964,True,999,0.00010924995876848698,0.0008033750345930457,weak_2x2_bal_strong_100_100,weak_null,True,1653,2311938656,-4.440892098500626e-16,0,0
100,100,0.03229902154688313,0.03790646555682897,0.02711456863391959,0.032155864688334646,-0.005607444009945839,-0.0050412960544150565,0.03998744001829924,-0.1402301324460814,-0.12607198790690363,0.8884781648719904,0.8996749409327665,0.919,0.87,0.88,True,999,0.0001087080454453826,0.0008161659352481365,weak_2x2_bal_strong_100_100,weak_null,True,1654,2311938656,-4.440892098500626e-16,0,0
100,100,0.03238045364951936,0.05480750881305835,0.027196059932975913,0.048786603171130594,-0.02242705516353899,-0.02159054323815468,0.045843799077625924,-0.48920586022035245,-0.4709588575239165,0.6246959610817209,0.6376701156300062,0.711,0.629,0.643,True,999,0.00010908301919698715,0.0008279579924419522,weak_2x2_bal_strong_100_100,weak_null,True,1655,2311938656,-4.440892098500626e-16,0,0
100,100,0.06453060184189918,0.030938008181458365,0.05932963786189305,0.02522242688292664,0.03359259366044082,0.03410721097896641,0.044506331100226226,0.7547823608464115,0.7663451499104369,0.4503795792833577,0.4434709601025115,0.557,0.434,0.429,True,999,0.00011404091492295265,0.00083687505684793,weak_2x2_bal_strong_100_100,weak_null,True,1656,2311938656,-4.440892098500626e-16,0,0
100,100,0.050565286282261646,0.04307409095564052,0.04537789974062889,0.03743498454626604,0.007491195326621125,0.007942915194362854,0.04492966159417586,0.1667316214015775,0.17678555574503768,0.8675812235099635,0.8596768351933575,0.915,0.877,0.867,True,999,0.0001140000531449914,0.0008203330216929317,weak_2x2_bal_strong_100_100,weak_null,True,1657,2311938656,-4.440892098500626e-16,0,0
100,100,0.019335300080705164,0.07627174240931286,0.01415985188323532,0.06603755964470537,-0.0569364423286077,-0.05187770776147005,0.049174274687501705,-1.1578501704485507,-1.0549765724283364,0.24692518530483065,0.2914360395042438,0.248,0.215,0.261,True,999,0.00011820800136774778,0.0008500410476699471,weak_2x2_bal_strong_100_100,weak_null,True,1658,2311938656,-4.440892098500626e-16,0,0
100,100,0.05879803751602253,0.033236881825550346,0.05360461857230803,0.02753332313884016,0.02556115569047218,0.026071295433467867,0.04415114382660703,0.578946624596125,0.5905010193134881,0.5626251888270758,0.5548548025876777,0.692,0.593,0.583,True,999,0.0001170419855043292,0.0008737919852137566,weak_2x2_bal_strong_100_100,weak_null,True,1659,2311938656,-4.440892098500626e-16,0,0
100,100,0.040850441342229815,0.03884366515750454,0.035661601299835866,0.03336063842860426,0.0020067761847252785,0.0023009628712316044,0.0411240830255354,0.04879807735723129,0.05595171252336143,0.9610802143976237,0.955380274682584,0.966,0.955,0.955,True,999,0.00011958403047174215,0.0008380840299651027,weak_2x2_bal_strong_100_100,weak_null,True,1660,2311938656,-4.440892098500626e-16,0,0
100,100,0.12286208062425974,0.06266501567668914,0.11759728756366883,0.05690298795410342,0.0601970649475706,0.060694299609565405,0.06174839706168621,0.9748765605596881,0.982929152783225,0.3296214942303749,0.3256423085792426,0.455,0.339,0.339,True,999,0.00011841696687042713,0.00083687505684793,weak_2x2_bal_strong_100_100,weak_null,True,1661,2311938656,-4.440892098500626e-16,0,0
100,100,0.020538433349263974,0.0674034082190858,0.015370803719349624,0.06107985362626067,-0.04686497486982183,-0.04570904990691105,0.045500051003219924,-1.02999829311192,-1.0045933773497602,0.30301080683764336,0.31509268752261355,0.372,0.287,0.296,True,999,0.00011433404870331287,0.0008026669966056943,weak_2x2_bal_strong_100_100,weak_null,True,1662,2311938656,-4.440892098500626e-16,0,0
100,100,0.06718384749826711,0.08259152108057577,0.06198374887688374,0.07586514402220246,-0.015407673582308656,-0.01388139514531872,0.06019911453840953,-0.2559451862448562,-0.23059135091533306,0.7979931627763714,0.817632287521608,0.818,0.796,0.814,True,999,0.0001103340182453394,0.0008041249820962548,weak_2x2_bal_strong_100_100,weak_null,True,1663,2311938656,-4.440892098500626e-16,0,0
100,100,0.02716617125211762,0.07912142212268097,0.021992970881825613,0.07350626295172447,-0.05195525087056335,-0.05151329206989885,0.049156817278017365,-1.0569286977372603,-1.0479379040867092,0.2905441300293278,0.29466721725528744,0.354,0.292,0.292,True,999,0.00011208292562514544,0.0008077910169959068,weak_2x2_bal_strong_100_100,weak_null,True,1664,2311938656,-4.440892098500626e-16,0,0
100,100,0.10195808059610478,0.0210143687768371,0.09672261038325303,0.015154105746773894,0.08094371181926768,0.08156850463647913,0.04854506189713038,1.6673933177959852,1.6802636859198414,0.09543622171602716,0.09290602316063472,0.28,0.119,0.112,True,999,0.00010987499263137579,0.0008200419833883643,weak_2x2_bal_strong_100_100,weak_null,True,1665,2311938656,-4.440892098500626e-16,0,0
100,100,0.05899469949768721,0.06470628377506549,0.05380304350626375,0.059086544568671684,-0.005711584277378279,-0.005283501062407936,0.05195900698645211,-0.10992481590087987,-0.10168595146141969,0.9124690015606254,0.9190059534496225,0.915,0.908,0.914,True,999,0.00010920804925262928,0.0008262079209089279,weak_2x2_bal_strong_100_100,weak_null,True,1666,2311938656,-4.440892098500626e-16,0,0
100,100,0.0573786912447658,0.10414640676603165,0.05218472349366721,0.09784258762995535,-0.04676771552126585,-0.04565786413628814,0.05915917881555553,-0.7905403093419643,-0.7717798835348724,0.4292122909373539,0.44024480816794387,0.499,0.427,0.442,True,999,0.00010787497740238905,0.0008253329433500767,weak_2x2_bal_strong_100_100,weak_null,True,1667,2311938656,-4.440892098500626e-16,0,0
100,100,0.08072202381269489,0.0781959582747177,0.07551191952371994,0.07246840456679848,0.0025260655379771846,0.003043514956921456,0.058664606020891394,0.04305944775419804,0.05187991812026509,0.965654145301403,0.9586243757422239,0.986,0.983,0.97,True,999,0.00011125009041279554,0.0008639580337330699,weak_2x2_bal_strong_100_100,weak_null,True,1668,2311938656,-4.440892098500626e-16,0,0
100,100,0.07818481289216139,0.0917445515206442,0.07297517739610271,0.08616331841896852,-0.01355973862848281,-0.013188141022865807,0.05979781371381302,-0.2267597724120568,-0.22054553843695804,0.8206105458363566,0.8254463107838306,0.835,0.835,0.835,True,999,0.00011445803102105856,0.0008267919765785336,weak_2x2_bal_strong_100_100,weak_null,True,1669,2311938656,-4.440892098500626e-16,0,0
100,100,0.04725555557675609,0.06598641931342641,0.04206490692027387,0.059837807944241206,-0.018730863736670322,-0.017772901023967336,0.05237409219185814,-0.3576360554003482,-0.3393452808472781,0.7206156922625533,0.734349634957733,0.754,0.718,0.729,True,999,0.00011475000064820051,0.0008426670683547854,weak_2x2_bal_strong_100_100,weak_null,True,1670,2311938656,-4.440892098500626e-16,0,0
100,100,0.06822667887712619,0.10136991962843206,0.06302208908152807,0.09587281807060322,-0.03314324075130587,-0.03285072898907515,0.05896873312804438,-0.5620476987243191,-0.5570872434675382,0.5740835211308413,0.577467822815001,0.601,0.565,0.57,True,999,0.00011462497059255838,0.0008278749883174896,weak_2x2_bal_strong_100_100,weak_null,True,1671,2311938656,-4.440892098500626e-16,0,0
100,100,0.052261794041927656,0.02101436877683699,0.04706800928239829,0.015154105746773894,0.031247425265090667,0.0319139035356244,0.039076970540866694,0.7996378642610514,0.8166933898381105,0.42392064288684617,0.4141036698047049,0.61,0.432,0.413,True,999,0.00011441693641245365,0.0008440840756520629,weak_2x2_bal_strong_100_100,weak_null,True,1672,2311938656,-4.440892098500626e-16,0,0
100,100,0.05879172279147726,0.0674172096391612,0.053599990936902486,0.0572335763854781,-0.008625486847683939,-0.003633585448575616,0.05323371827122988,-0.16203051614272784,-0.06825721678997171,0.8712818229821278,0.9455808807154319,0.889,0.867,0.957,True,999,0.00011766597162932158,0.0008484999416396022,weak_2x2_bal_strong_100_100,weak_null,True,1673,2311938656,-4.440892098500626e-16,0,0
100,100,0.036850479774427236,0.014418603318262557,0.0316641156819486,0.008086073546841988,0.02243187645616468,0.023578042135106614,0.033104273954686125,0.6776127000057436,0.7122355913130965,0.4980172915694393,0.47631890083765016,0.668,0.483,0.456,True,999,0.00011587503831833601,0.0008532500360161066,weak_2x2_bal_strong_100_100,weak_null,True,1674,2311938656,-4.440892098500626e-16,0,0
100,100,0.10492219992105167,0.011981312245665787,0.0996805423404794,0.005682216469743651,0.09294088767538589,0.09399832587073575,0.04680538402264668,1.9856879633850808,2.0082801975357123,0.04706798234378601,0.044613524973979,0.198,0.05,0.05,True,999,0.00011516700033098459,0.0008363750530406833,weak_2x2_bal_strong_100_100,weak_null,True,1675,2311938656,-4.440892098500626e-16,0,0
100,100,0.09138291164981582,0.028914262641775823,0.08616474974454036,0.02293995012980332,0.06246864900804,0.06322479961473704,0.04927374547960528,1.2677877112852356,1.2831336241915319,0.20487377180256683,0.19944526547372265,0.35,0.211,0.208,True,999,0.00011341692879796028,0.0009150410769507289,weak_2x2_bal_strong_100_100,weak_null,True,1676,2311938656,-4.440892098500626e-16,0,0
100,100,0.05901705585352923,0.04710839102644515,0.053820261823716464,0.04145299284566306,0.011908664827084081,0.012367268978053403,0.04775474250644292,0.24937135459326165,0.25897467620906656,0.8030735410775809,0.795654779556447,0.843,0.802,0.8,True,999,0.00012145901564508677,0.0008079169783741236,weak_2x2_bal_strong_100_100,weak_null,True,1677,2311938656,-4.440892098500626e-16,0,0
100,100,0.03339837382168831,0.021327678612898526,0.02821908310569654,0.014808974428923705,0.012070695208789783,0.013410108676772836,0.03536485171333098,0.3413189826620895,0.3791931261433176,0.7328634589293158,0.7045444556426299,0.867,0.722,0.699,True,999,0.00011154194362461567,0.0007999580120667815,weak_2x2_bal_strong_100_100,weak_null,True,1678,2311938656,-4.440892098500626e-16,0,0
100,100,0.06453060184189918,0.058780277624292054,0.05932963786189305,0.05279129581086295,0.005750324217607128,0.006538342051030099,0.05317442672327461,0.10814078443256997,0.12296027346108175,0.9138840165351608,0.9021385563672251,0.925,0.891,0.89,True,999,0.00011000002268701792,0.0008107910398393869,weak_2x2_bal_strong_100_100,weak_null,True,1679,2311938656,-4.440892098500626e-16,0,0
100,100,0.1203303443227377,0.09789976646625886,0.11508851752918758,0.09201443332480608,0.02243057785647884,0.023074084204381506,0.06663167192366005,0.33663537487364215,0.3462930396046117,0.7363917857934597,0.7291224989964759,0.769,0.75,0.734,True,999,0.00011016603093594313,0.0008125000167638063,weak_2x2_bal_strong_100_100,weak_null,True,1680,2311938656,-4.440892098500626e-16,0,0
100,100,0.03259859614063998,0.04290193331568587,0.027406886572620692,0.036946140019274765,-0.01030333717504589,-0.009539253446654072,0.04154092470582379,-0.24802859464516022,-0.22963507707657568,0.804112282590539,0.8183753475845701,0.851,0.808,0.821,True,999,0.00011000002268701792,0.0008220000891014934,weak_2x2_bal_strong_100_100,weak_null,True,1681,2311938656,-4.440892098500626e-16,0,0
100,100,0.025190102745404785,0.047039700673127016,0.01999665049606847,0.04121198737109211,-0.02184959792772223,-0.021215336875023638,0.04175595002567294,-0.5232690889391421,-0.508079372208745,0.6007870086586551,0.611397680818433,0.674,0.619,0.633,True,999,0.00011541694402694702,0.0008268330711871386,weak_2x2_bal_strong_100_100,weak_null,True,1682,2311938656,-4.440892098500626e-16,0,0
100,100,0.05113387979598527,0.04307409095564052,0.04593024971897819,0.03743498454626604,0.00805978884034475,0.008495265172712152,0.044922425143982064,0.17941571085069663,0.1891096739653692,0.8576112960670441,0.8500068595645051,0.883,0.851,0.834,True,999,0.0001235000090673566,0.0008236670400947332,weak_2x2_bal_strong_100_100,weak_null,True,1683,2311938656,-4.440892098500626e-16,0,0
100,100,0.06833399126600037,0.07678808679263499,0.06312943401744064,0.07091070215225415,-0.00845409552663462,-0.0077812681348135015,0.056045066386632446,-0.15084459831509883,-0.13883948465924997,0.8800983043905526,0.8895769918852011,0.891,0.87,0.874,True,999,0.00011733302380889654,0.0008241669274866581,weak_2x2_bal_strong_100_100,weak_null,True,1684,2311938656,-4.440892098500626e-16,0,0
100,100,0.04484378922403798,0.01326388501491682,0.0396415672910706,0.007459596219788978,0.03157990420912116,0.03218197107128162,0.03419357537438793,0.923562507381884,0.9411701092652317,0.35571414188867545,0.3466176918975499,0.548,0.372,0.364,True,999,0.00011566700413823128,0.0008806249825283885,weak_2x2_bal_strong_100_100,weak_null,True,1685,2311938656,-4.440892098500626e-16,0,0
100,100,0.05920485057744174,0.07605203490995044,0.05401158379129356,0.07038838399463287,-0.016847184332508702,-0.016376800203339315,0.053809194661233545,-0.31309118150854126,-0.3043494760782559,0.7542113886804871,0.7608616552933039,0.787,0.753,0.753,True,999,0.00011758401524275541,0.0008297089952975512,weak_2x2_bal_strong_100_100,weak_null,True,1686,2311938656,-4.440892098500626e-16,0,0
100,100,0.08072202381269489,0.04213341673780796,0.07551191952371994,0.036352756869959535,0.03858860707488693,0.039159162653760404,0.050877375729547925,0.7584630009223514,0.7696773289157294,0.4481738545411772,0.44149132156425563,0.558,0.454,0.449,True,999,0.0001152080949395895,0.0008463750127702951,weak_2x2_bal_strong_100_100,weak_null,True,1687,2311938656,-4.440892098500626e-16,0,0
100,100,0.05920485057744174,0.00022027409309394175,0.05401158379129356,-0.009814536432500631,0.058984576484347795,0.06382612022379419,0.03341639513734791,1.7651388260735386,1.9100241052769567,0.07754043675298464,0.056130109708135666,0.265,0.073,0.051,True,999,0.00011262495536357164,0.0007984170224517584,weak_2x2_bal_strong_100_100,weak_null,True,1688,2311938656,-4.440892098500626e-16,0,0
100,100,0.09704902037304797,0.0599450194984637,0.09182000786374545,0.05387704993734843,0.037104000874584264,0.037942957926397014,0.05830765192481175,0.6363487406838164,0.6507371961286454,0.52454914302762,0.5152161477794821,0.655,0.553,0.536,True,999,0.00010924995876848698,0.0008003750117495656,weak_2x2_bal_strong_100_100,weak_null,True,1689,2311938656,-4.440892098500626e-16,0,0
100,100,0.04869548690480663,0.018339938647362775,0.043499188301140634,0.012497204743269208,0.030355548257443854,0.031001983557871426,0.03717072597249769,0.8166520148114318,0.8340429934247057,0.4141273208893077,0.40425675703612685,0.639,0.437,0.429,True,999,0.00011000002268701792,0.0008184169419109821,weak_2x2_bal_strong_100_100,weak_null,True,1690,2311938656,-4.440892098500626e-16,0,0
100,100,0.05879172279147726,0.02101436877683699,0.053599990936902486,0.015154105746773894,0.037777354014640274,0.03844588519012859,0.040546494508851255,0.9317045646546218,0.94819257881186,0.351489226823238,0.34303142446636825,0.56,0.396,0.355,True,999,0.00010962493252009153,0.0008270420366898179,weak_2x2_bal_strong_100_100,weak_null,True,1691,2311938656,-4.440892098500626e-16,0,0
100,100,0.039534547637448014,0.12301795836847618,0.03435537000655131,0.11275970474599717,-0.08348341073102816,-0.07840433473944586,0.06132764199465959,-1.3612688832598177,-1.2784501766148664,0.1734287326899231,0.201090741610209,0.205,0.17,0.204,True,999,0.00010950001887977123,0.0008315829327329993,weak_2x2_bal_strong_100_100,weak_null,True,1692,2311938656,-4.440892098500626e-16,0,0
100,100,0.060244385944802414,0.009744839081910095,0.05504804486290027,-0.0005558413570412313,0.05049954686289232,0.0556038862199415,0.037651794163758856,1.3412255108814939,1.476792473105097,0.17984724601596702,0.1397312748279402,0.432,0.178,0.143,True,999,0.0001106249401345849,0.0008443749975413084,weak_2x2_bal_strong_100_100,weak_null,True,1693,2311938656,-4.440892098500626e-16,0,0
100,100,0.03592806366251644,0.0006936254673748921,0.03074662889338242,-0.00937394195419472,0.03523443819514155,0.04012057084757714,0.02656714964135085,1.3262408150967149,1.5101571447894757,0.18475994390038963,0.13100333094320382,0.487,0.191,0.131,True,999,0.00011595804244279861,0.0008695829892531037,weak_2x2_bal_strong_100_100,weak_null,True,1694,2311938656,-4.440892098500626e-16,0,0
100,100,0.02988796993550691,0.07178902991261055,0.024707448590191916,0.06582413978862434,-0.04190105997710364,-0.04111669119843242,0.049447788874853967,-0.8473798511628066,-0.8315172858890315,0.39678343148686834,0.4056814672309924,0.492,0.376,0.377,True,999,0.00011883291881531477,0.0008277500746771693,weak_2x2_bal_strong_100_100,weak_null,True,1695,2311938656,-4.440892098500626e-16,0,0
100,100,0.10001934593897888,0.01934235776639004,0.09479500871306357,0.013470472808727152,0.08067698817258884,0.08132453590433641,0.04777519746768825,1.6886793241860072,1.7022333808110068,0.09128089997855399,0.08871162754451045,0.247,0.105,0.094,True,999,0.00011483300477266312,0.0008328750263899565,weak_2x2_bal_strong_100_100,weak_null,True,1696,2311938656,-4.440892098500626e-16,0,0
100,100,0.09680983465490689,0.06266501567668914,0.091567963149771,0.05690298795410342,0.03414481897821775,0.03466497519566758,0.057843622045256116,0.5902953129647255,0.5992877688147907,0.5549926811492705,0.5489810028037277,0.647,0.57,0.561,True,999,0.00011520797852426767,0.0008636250859126449,weak_2x2_bal_strong_100_100,weak_null,True,1697,2311938656,-4.440892098500626e-16,0,0
100,100,0.0057888409936104335,0.03790646555682897,0.0006261688257893638,0.032155864688334646,-0.03211762456321854,-0.03152969586254528,0.033054861837852806,-0.9716460084077257,-0.953859556794124,0.3312266855118644,0.34015473765094917,0.459,0.331,0.333,True,999,0.00012124993372708559,0.0008159580174833536,weak_2x2_bal_strong_100_100,weak_null,True,1698,2311938656,-4.440892098500626e-16,0,0
100,100,0.03972898576624351,0.011631171464202505,0.034550585407856715,0.005282268037987592,0.028097814302041002,0.029268317369869123,0.03255879854889005,0.8629868285787491,0.8989372665554607,0.3881447088167763,0.36868607652715013,0.629,0.38,0.363,True,999,0.00011129199992865324,0.0008032909827306867,weak_2x2_bal_strong_100_100,weak_null,True,1699,2311938656,-4.440892098500626e-16,0,0
100,100,0.05044176633985287,0.06486854265772896,0.04525119209999673,0.05445366829446385,-0.014426776317876089,-0.009202476194467124,0.05378354977245476,-0.268237711696463,-0.1711020606375106,0.7885163485211977,0.8641435156128596,0.836,0.772,0.852,True,999,0.00011004204861819744,0.000799124944023788,weak_2x2_bal_strong_100_100,weak_null,True,1700,2311938656,-4.440892098500626e-16,0,0
100,100,0.059630091707797095,0.06741720963916112,0.05443352642824095,0.0572335763854781,-0.007787117931364024,-0.0028000499572371496,0.05335484415526569,-0.14594959566750976,-0.05247977014212322,0.8839611790573236,0.9581464142070538,0.912,0.888,0.963,True,999,0.00010866695083677769,0.0007971250452101231,weak_2x2_bal_strong_100_100,weak_null,True,1701,2311938656,-4.440892098500626e-16,0,0
100,100,0.05661681921289363,0.0936435595524795,0.051410905104106064,0.08737377012362657,-0.03702674033958586,-0.03596286501952051,0.05991521739542116,-0.6179855794433873,-0.6002292336215217,0.5365848444513035,0.5483534734421838,0.626,0.553,0.569,True,999,0.00010737497359514236,0.0008258330635726452,weak_2x2_bal_strong_100_100,weak_null,True,1702,2311938656,-4.440892098500626e-16,0,0
100,100,0.026820136969350483,0.0373447825753509,0.021644282493241462,0.03161117061571872,-0.010524645606000416,-0.009966888122477258,0.038554297080806654,-0.2729824274565717,-0.2585156228263603,0.7848667236022239,0.7960089933326526,0.831,0.821,0.822,True,999,0.00014554103836417198,0.0008287919918075204,weak_2x2_bal_strong_100_100,weak_null,True,1703,2311938656,-4.440892098500626e-16,0,0
100,100,0.019175522945859003,0.0210143687768371,0.014007866148531889,0.015154105746773894,-0.0018388458309780975,-0.0011462395982420048,0.03024252038843982,-0.06080332615667161,-0.03790158966645366,0.9515158413349419,0.969766145590823,0.986,0.936,0.98,True,999,0.00010945904068648815,0.0008009589510038495,weak_2x2_bal_strong_100_100,weak_null,True,1704,2311938656,-4.440892098500626e-16,0,0
100,100,0.040267259181623105,0.024579701904333562,0.03508650452536699,0.018677922847224693,0.015687557277289543,0.016408581678142298,0.03761118571610196,0.41709818445243657,0.43626866225378047,0.67660659284517,0.6626418158317539,0.806,0.699,0.684,True,999,0.00011433393228799105,0.0008146670879796147,weak_2x2_bal_strong_100_100,weak_null,True,1705,2311938656,-4.440892098500626e-16,0,0
100,100,0.05879172279147726,0.03884366515750454,0.053599990936902486,0.03336063842860426,0.019948057633972727,0.020239352508298225,0.044897028110776276,0.44430686113018586,0.45079492696845863,0.6568207413808989,0.6521373579324188,0.727,0.648,0.642,True,999,0.0001145839923992753,0.0008183750323951244,weak_2x2_bal_strong_100_100,weak_null,True,1706,2311938656,-4.440892098500626e-16,0,0
100,100,0.06003948229975353,0.030938008181458476,0.05484306698551222,0.02522242688292664,0.029101474118295056,0.029620640102585583,0.04357035236220754,0.6679191822083441,0.6798347614071216,0.5041851821256198,0.4966090935181031,0.639,0.523,0.517,True,999,0.00011408294085413218,0.0008300000336021185,weak_2x2_bal_strong_100_100,weak_null,True,1707,2311938656,-4.440892098500626e-16,0,0
100,100,0.06662067251684944,0.11273532140845571,0.06141558098038047,0.10675693729310609,-0.04611464889160627,-0.04534135631272562,0.06306210356269099,-0.7312577013191925,-0.7189953038539397,0.4646217616178596,0.47214381319786813,0.476,0.437,0.442,True,999,0.00011687504593282938,0.0008475420763716102,weak_2x2_bal_strong_100_100,weak_null,True,1708,2311938656,-4.440892098500626e-16,0,0
100,100,0.009671997345269578,0.06642171978559502,0.004510824925830548,0.06048981284744315,-0.056749722440325445,-0.0559789879216126,0.04350752401499453,-1.3043657097279793,-1.2866507389002388,0.19210892086611842,0.19821605018120947,0.302,0.204,0.207,True,999,0.0001159169478341937,0.0008045000722631812,weak_2x2_bal_strong_100_100,weak_null,True,1709,2311938656,-4.440892098500626e-16,0,0
100,100,0.09138291164981582,0.021327678612898554,0.08616474974454036,0.014808974428923705,0.07005523303691727,0.07135577531561665,0.04754285569418873,1.4735175667094031,1.5008727236453874,0.1406115306505461,0.13338848433532208,0.341,0.137,0.13,True,999,0.00011108303442597389,0.0008079580729827285,weak_2x2_bal_strong_100_100,weak_null,True,1710,2311938656,-4.440892098500626e-16,0,0
100,100,0.0005341092776923739,0.03765761946926666,-0.004629468056023711,0.03206948613134131,-0.03712351019157428,-0.03669895418736502,0.03041704878598507,-1.2204836324778252,-1.206525802209792,0.22228159052551455,0.2276148164509907,0.398,0.222,0.227,True,999,0.00011058396194130182,0.0008737919852137566,weak_2x2_bal_strong_100_100,weak_null,True,1711,2311938656,-4.440892098500626e-16,0,0
100,100,0.0573786912447658,0.027811516091442445,0.05218472349366721,0.02188362188626769,0.029567175153323355,0.030301101607399517,0.042718840229304604,0.6921343134460994,0.709314706222135,0.48885298476132344,0.47812920431651473,0.642,0.489,0.478,True,999,0.00011708296369761229,0.0007979579968377948,weak_2x2_bal_strong_100_100,weak_null,True,1712,2311938656,-4.440892098500626e-16,0,0
100,100,0.034206006545573486,0.013033318462733368,0.02903104905192322,0.007234199546459763,0.02117268808284012,0.021796849505463456,0.0312319136425305,0.6779183730198303,0.697903104975972,0.49782344993018635,0.4852377924736053,0.664,0.51,0.486,True,999,0.0001115420600399375,0.0007970829028636217,weak_2x2_bal_strong_100_100,weak_null,True,1713,2311938656,-4.440892098500626e-16,0,0
100,100,0.06718384749826711,0.06598641931342647,0.06198374887688374,0.059837807944241206,0.0011974281848406432,0.0021459409326425316,0.05563880016711624,0.02152145950746705,0.038569144665179717,0.9828296852149415,0.9692339029702237,0.987,0.987,0.968,True,999,0.00011025008279830217,0.0008015839848667383,weak_2x2_bal_strong_100_100,weak_null,True,1714,2311938656,-4.440892098500626e-16,0,0
100,100,0.10729893657040768,0.011007617713391704,0.10203789182192224,0.005419809123324626,0.09629131885701597,0.09661808269859762,0.04616011115499832,2.0860287474977044,2.0931076698270816,0.03697601910707565,0.03633954420349397,0.107,0.033,0.033,True,999,0.00010962493252009153,0.0007917080074548721,weak_2x2_bal_strong_100_100,weak_null,True,1715,2311938656,-4.440892098500626e-16,0,0
100,100,0.027436578941206213,0.00025381134685487083,0.02225828840151678,-0.00979872029337514,0.027182767594351342,0.03205700869489192,0.023233762580996995,1.1699683811258472,1.3797596744451326,0.24201369336877,0.16766065251580953,0.53,0.229,0.151,True,999,0.00011566595640033484,0.0008305000374093652,weak_2x2_bal_strong_100_100,weak_null,True,1716,2311938656,-4.440892098500626e-16,0,0
100,100,0.02463582455861879,0.0766809766511023,0.01946618225500174,0.07031843495140322,-0.052045152092483504,-0.05085225269640148,0.049386348663449486,-1.0538368091788446,-1.0296823732189964,0.2919576378100499,0.3031591327213068,0.375,0.298,0.312,True,999,0.0001164580462500453,0.0008187498897314072,weak_2x2_bal_strong_100_100,weak_null,True,1717,2311938656,-4.440892098500626e-16,0,0
100,100,0.12308235797712763,0.11385137035659115,0.11772894181429194,0.1082202961727603,0.00923098762053648,0.009508645641531643,0.06790027737175175,0.13594918869030725,0.14003839173545826,0.891861449462964,0.8886296570258603,0.899,0.884,0.879,True,999,0.00011766597162932158,0.0008389169815927744,weak_2x2_bal_strong_100_100,weak_null,True,1718,2311938656,-4.440892098500626e-16,0,0
100,100,0.028899737350249977,0.17913336809241143,0.023727442927850007,0.17198935293405526,-0.15023363074216145,-0.14826191000620526,0.06830091081534348,-2.1995845875076117,-2.170716440473864,0.027836381676193112,0.029952613657361536,0.028,0.029,0.031,True,999,0.00011512497439980507,0.0008079170947894454,weak_2x2_bal_strong_100_100,weak_null,True,1719,2311938656,-4.440892098500626e-16,0,0
100,100,0.10947440648690043,0.04951478695679329,0.10423340558682526,0.04378954566849558,0.059959619530107144,0.06044385991832968,0.056279272906021804,1.0653943527349932,1.0739985930390772,0.28669751125405474,0.28282331214222645,0.474,0.338,0.334,True,999,0.00010974996257573366,0.0008465420687571168,weak_2x2_bal_strong_100_100,weak_null,True,1720,2311938656,-4.440892098500626e-16,0,0
100,100,0.15461642866693526,0.10576279994197368,0.14933783813897605,0.10017109279067427,0.04885362872496157,0.04916674534830179,0.0704869817994301,0.6930872549483537,0.6975294457663856,0.4882547954383111,0.48547151831759594,0.552,0.491,0.491,True,999,0.00010941701475530863,0.0007919999770820141,weak_2x2_bal_strong_100_100,weak_null,True,1721,2311938656,-4.440892098500626e-16,0,0
100,100,0.09136637883935106,0.07139087860353233,0.08614312772530752,0.06571723511521554,0.019975500235818733,0.020425892610091978,0.058516697514984915,0.3413641077523799,0.3490609258128644,0.7328294919098007,0.7270435704237179,0.805,0.734,0.734,True,999,0.00010762503370642662,0.0008127079345285892,weak_2x2_bal_strong_100_100,weak_null,True,1722,2311938656,-4.440892098500626e-16,0,0
100,100,0.05326063896886857,0.09789976646625886,0.04804694007323462,0.09201443332480608,-0.044639127497390296,-0.043967493251571454,0.05767697853153105,-0.7739505194951712,-0.7623057651595802,0.4389600526365268,0.4458775338469113,0.5,0.438,0.44,True,999,0.00011245906352996826,0.0008022079709917307,weak_2x2_bal_strong_100_100,weak_null,True,1723,2311938656,-4.440892098500626e-16,0,0
100,100,0.0033639818946948896,0.029492842442209344,-0.0018018326209983115,0.022582609109804253,-0.026128860547514454,-0.024384441730802564,0.03091350120466929,-0.845224886515535,-0.7887958587854632,0.39798528992968474,0.43023133031495464,0.484,0.354,0.382,True,999,0.00011720799375325441,0.000838708016090095,weak_2x2_bal_strong_100_100,weak_null,True,1724,2311938656,-4.440892098500626e-16,0,0
100,100,0.048124346177646826,0.05438862648596188,0.042927775219368414,0.04872554673092111,-0.006264280308315051,-0.005797771511552696,0.04683751649722509,-0.13374492878345037,-0.1237847765027462,0.8936042762641423,0.9014856856932654,0.919,0.907,0.916,True,999,0.00011454103514552116,0.0008264170028269291,weak_2x2_bal_strong_100_100,weak_null,True,1725,2311938656,-4.440892098500626e-16,0,0
100,100,0.007022665248646032,0.04307409095564052,0.0018600221817024476,0.03743498454626604,-0.03605142570699449,-0.03557496236456359,0.03459547699055852,-1.042084944133978,-1.0283125269315518,0.297372298234167,0.3038028403236728,0.424,0.308,0.314,True,999,0.00011500006075948477,0.0008284579962491989,weak_2x2_bal_strong_100_100,weak_null,True,1726,2311938656,-4.440892098500626e-16,0,0
100,100,0.03076301275516513,0.03168547252005627,0.02557179964415468,0.02494711659628024,-0.000922459764891137,0.0006246830478744414,0.039837946955282845,-0.023155303809369903,0.015680603435102553,0.9815263914311381,0.9874892013124513,0.999,0.981,0.999,True,999,0.00011433393228799105,0.0008363330271095037,weak_2x2_bal_strong_100_100,weak_null,True,1727,2311938656,-4.440892098500626e-16,0,0
100,100,0.03661108794088541,0.061657590713618426,0.031430711021982916,0.05574835576236836,-0.025046502772733015,-0.024317644740385447,0.04758141648952637,-0.5263925418917752,-0.5110744180080946,0.5986154965136843,0.6092989483248515,0.656,0.592,0.603,True,999,0.00011358398478478193,0.0008435000199824572,weak_2x2_bal_strong_100_100,weak_null,True,1728,2311938656,-4.440892098500626e-16,0,0
100,100,0.10146037741315572,0.01956262476161119,0.09623209796019694,0.013944530997875404,0.08189775265154453,0.08228756696232153,0.0477607707115275,1.7147493943555179,1.7229112038273846,0.08639118325926218,0.08490458395275045,0.208,0.102,0.102,True,999,0.00011445791460573673,0.0008890409953892231,weak_2x2_bal_strong_100_100,weak_null,True,1729,2311938656,-4.440892098500626e-16,0,0
100,100,0.10911119988486317,0.05676359474749987,0.10387650445666452,0.051052564310396065,0.05234760513736331,0.052823940146268455,0.05820810746564678,0.8993181090496333,0.9075014194104155,0.3684832442867849,0.3641416992169241,0.486,0.378,0.375,True,999,0.00011274998541921377,0.0007911249995231628,weak_2x2_bal_strong_100_100,weak_null,True,1730,2311938656,-4.440892098500626e-16,0,0
100,100,0.030786547214457505,0.07912142212268097,0.02560902236767504,0.07350626295172447,-0.04833487490822347,-0.04789724058404943,0.049857338104092576,-0.9694636084924851,-0.9606858770528254,0.3323139288743009,0.336710134422884,0.392,0.353,0.359,True,999,0.0001081250375136733,0.0007963749812915921,weak_2x2_bal_strong_100_100,weak_null,True,1731,2311938656,-4.440892098500626e-16,0,0
100,100,0.10843039101769636,0.0815788622342955,0.1031986677246266,0.07589645033760206,0.026851528783400858,0.02730221738702454,0.062142529207028334,0.4320958468546521,0.4393483454152145,0.665671753074029,0.6604091486711574,0.707,0.663,0.66,True,999,0.00010724994353950024,0.0008056670194491744,weak_2x2_bal_strong_100_100,weak_null,True,1732,2311938656,-4.440892098500626e-16,0,0
100,100,0.04620082918151336,0.07912142212268097,0.04101419296897291,0.07350626295172447,-0.032920592941167615,-0.03249206998275156,0.05259875166181021,-0.6258816397931721,-0.617734622138242,0.531392578028562,0.5367502856636486,0.615,0.54,0.548,True,999,0.00011004193220287561,0.0008074999786913395,weak_2x2_bal_strong_100_100,weak_null,True,1733,2311938656,-4.440892098500626e-16,0,0
100,100,0.05879172279147726,0.040855994466530376,0.053599990936902486,0.03474148051793691,0.017935728324946887,0.01885851041896558,0.04765801717175764,0.3763423111017653,0.39570488950474464,0.7066624277236389,0.6923227480216514,0.768,0.705,0.679,True,999,0.00011687504593282938,0.0008239590097218752,weak_2x2_bal_strong_100_100,weak_null,True,1734,2311938656,-4.440892098500626e-16,0,0
100,100,0.0749012577510274,0.015465309507012859,0.0696926781604219,0.009648673560995746,0.05943594824401455,0.06004400459942616,0.04197596261050549,1.4159520008038904,1.4304378235842699,0.1567895583477045,0.15259139905281915,0.346,0.16,0.157,True,999,0.00011616700794547796,0.0008213749388232827,weak_2x2_bal_strong_100_100,weak_null,True,1735,2311938656,-4.440892098500626e-16,0,0
100,100,0.09255801220676119,0.06510169919138797,0.0873349864481412,0.05964344921814302,0.027456313015373213,0.027691537229998175,0.056127180392315006,0.4891803369323103,0.4933712514407677,0.624714029128294,0.621750291722194,0.686,0.646,0.638,True,999,0.0001157920341938734,0.0008246670477092266,weak_2x2_bal_strong_100_100,weak_null,True,1736,2311938656,-4.440892098500626e-16,0,0
100,100,0.06028062150382729,0.059181165150533566,0.0550789066085855,0.05277221763162743,0.0010994563532937263,0.002306688976958071,0.05200919793561746,0.02113965215642723,0.04435155834961226,0.9831342541075077,0.9646241744581827,0.996,0.987,0.965,True,999,0.00011475000064820051,0.000835083075799048,weak_2x2_bal_strong_100_100,weak_null,True,1737,2311938656,-4.440892098500626e-16,0,0
100,100,0.11125010421168502,0.07833188861502993,0.10600933438439597,0.07273594158358776,0.03291821559665509,0.03327339280080821,0.06193847719274094,0.5314663370592687,0.5372006918618235,0.5950956626518498,0.5911289934181361,0.631,0.58,0.576,True,999,0.0001176249934360385,0.0008662500185891986,weak_2x2_bal_strong_100_100,weak_null,True,1738,2311938656,-4.440892098500626e-16,0,0
100,100,0.08878291356031798,0.047829950993235615,0.0835445030177766,0.04196866477914085,0.04095296256708236,0.041575838238635754,0.053552182577952835,0.7647300370525419,0.7763612281930096,0.4444323161268223,0.4375357305011127,0.531,0.434,0.425,True,999,0.00011058407835662365,0.0008377919439226389,weak_2x2_bal_strong_100_100,weak_null,True,1739,2311938656,-4.440892098500626e-16,0,0
100,100,0.04938150468114777,0.12557985282690876,0.0441904238483346,0.11915720917741623,-0.07619834814576099,-0.07496678532908163,0.06289698156217848,-1.2114786155585717,-1.1918979809066232,0.2257120255243924,0.23330124998931867,0.261,0.244,0.247,True,999,0.0001345409546047449,0.0008133749943226576,weak_2x2_bal_strong_100_100,weak_null,True,1740,2311938656,-4.440892098500626e-16,0,0
100,100,0.03164956794221874,0.0791868004566122,0.02646463414231448,0.07342306061593717,-0.04753723251439346,-0.046958426473622694,0.050858761585867676,-0.9346911138237942,-0.9233104584023378,0.34994750772305727,0.3558454392401964,0.408,0.352,0.36,True,999,0.00011212495155632496,0.0008056249935179949,weak_2x2_bal_strong_100_100,weak_null,True,1741,2311938656,-4.440892098500626e-16,0,0
100,100,0.040351649128849365,0.03617656816955306,0.03516751106673155,0.030134603137639715,0.004175080959296307,0.005032907929091834,0.04221181664563252,0.09890787203843986,0.11922983489061868,0.9212114185745719,0.9050932704110645,0.95,0.932,0.917,True,999,0.00011012493632733822,0.0008087500464171171,weak_2x2_bal_strong_100_100,weak_null,True,1742,2311938656,-4.440892098500626e-16,0,0
100,100,0.08125530193798935,0.04213341673780796,0.07604643239656639,0.036352756869959535,0.039121885200181394,0.03969367552660685,0.05095822589387163,0.7677246315768284,0.7789453975355236,0.44265079927147555,0.436011880056986,0.523,0.421,0.409,True,999,0.0001140000531449914,0.0008200829615816474,weak_2x2_bal_strong_100_100,weak_null,True,1743,2311938656,-4.440892098500626e-16,0,0
100,100,0.042963479645100056,0.011631171464202505,0.037769076700783444,0.005282268037987592,0.03133230818089755,0.03248680866279585,0.03338555241887207,0.9384990186110005,0.9730798596710302,0.34798802106968185,0.33051361301122306,0.569,0.36,0.342,True,999,0.00011545803863555193,0.0008258329471573234,weak_2x2_bal_strong_100_100,weak_null,True,1744,2311938656,-4.440892098500626e-16,0,0
100,100,0.09080171068567389,0.021786221343680967,0.0855859028554562,0.01590197713895236,0.06901548934199292,0.06968392571650384,0.04697376117292878,1.4692349009039307,1.4834648956461047,0.14176908700757437,0.137950936552396,0.297,0.155,0.15,True,999,0.00011616700794547796,0.0008283340139314532,weak_2x2_bal_strong_100_100,weak_null,True,1745,2311938656,-4.440892098500626e-16,0,0
100,100,0.033711571632115134,0.055131043953620784,0.028536268927354058,0.04874256080748296,-0.02141947232150565,-0.0202062918801289,0.04575415214877921,-0.46814269996427316,-0.44162750113746857,0.6396825453564485,0.6587587799261487,0.73,0.648,0.664,True,999,0.00011587503831833601,0.0008553749648854136,weak_2x2_bal_strong_100_100,weak_null,True,1746,2311938656,-4.440892098500626e-16,0,0
100,100,0.11062672198880252,0.028914262641775823,0.1053922257060691,0.02293995012980332,0.0817124593470267,0.08245227557626578,0.052256898583248335,1.5636683684328092,1.577825661523223,0.11789546987127641,0.11460566678113723,0.273,0.145,0.138,True,999,0.000124832964502275,0.0008388749556615949,weak_2x2_bal_strong_100_100,weak_null,True,1747,2311938656,-4.440892098500626e-16,0,0
100,100,0.02951376404416095,0.04348535003939452,0.024340219921725748,0.03765412835063131,-0.01397158599523357,-0.013313908428905563,0.04135758256195582,-0.33782404893476076,-0.32192182434649397,0.735495785817259,0.7475119191441755,0.783,0.725,0.733,True,999,0.00011387502308934927,0.0008275000145658851,weak_2x2_bal_strong_100_100,weak_null,True,1748,2311938656,-4.440892098500626e-16,0,0
100,100,0.0733502840565542,0.015599488012481955,0.0681412792744851,0.009986246898840534,0.05775079604407224,0.058155032375644566,0.041477597818610094,1.392337046533604,1.402082941976733,0.1638203581426504,0.16089048024824626,0.302,0.176,0.171,True,999,0.0001222500577569008,0.0008112079231068492,weak_2x2_bal_strong_100_100,weak_null,True,1749,2311938656,-4.440892098500626e-16,0,0
100,100,0.02026976093536237,0.014418603318262557,0.01510183178302782,0.008086073546841988,0.005851157617099811,0.007015758236185832,0.02795092334691112,0.20933682742707774,0.25100273608532325,0.8341853044606494,0.8018119938051639,0.905,0.824,0.818,True,999,0.00012145808432251215,0.000826708972454071,weak_2x2_bal_strong_100_100,weak_null,True,1750,2311938656,-4.440892098500626e-16,0,0
100,100,0.07339386258527669,0.01601655991279044,0.06817105424809711,0.010186179318175448,0.05737730267248625,0.05798487492992166,0.042191993472605965,1.3599097352377927,1.3743099142155857,0.17385848989363373,0.16934548974147146,0.286,0.182,0.18,True,999,0.00011641706805676222,0.0008187080966308713,weak_2x2_bal_strong_100_100,weak_null,True,1751,2311938656,-4.440892098500626e-16,0,0
100,100,0.05247954414889877,0.1613202371321189,0.04728988711309512,0.15105755807747556,-0.10884069298322013,-0.10376767096438044,0.06739929015984787,-1.614864084252038,-1.5395959025425834,0.10634013153936368,0.12365888488198482,0.125,0.112,0.127,True,999,0.00011145800817757845,0.0008316671010106802,weak_2x2_bal_strong_100_100,weak_null,True,1752,2311938656,-4.440892098500626e-16,0,0
100,100,0.02913203618848237,0.051632984824524886,0.023959930575273347,0.04595492632088849,-0.022500948636042517,-0.021994995745615142,0.04320665615734882,-0.5207750526701066,-0.5090649844670777,0.6025234838860438,0.6107066746039489,0.709,0.61,0.615,True,999,0.00011158292181789875,0.0008364170789718628,weak_2x2_bal_strong_100_100,weak_null,True,1753,2311938656,-4.440892098500626e-16,0,0
100,100,0.09138291164981582,0.09567956677040212,0.08616474974454036,0.08914684956532426,-0.004296655120586301,-0.002982099820783901,0.06495022928116558,-0.06615304007606107,-0.0459136149908659,0.9472559834205955,0.9633791024284236,0.951,0.935,0.961,True,999,0.00011399993672966957,0.0008498750394210219,weak_2x2_bal_strong_100_100,weak_null,True,1754,2311938656,-4.440892098500626e-16,0,0
100,100,0.08655600899037519,0.0,0.08132927475018903,-0.010041567255385075,0.08655600899037519,0.0913708420055741,0.03956836387304754,2.1875053835454095,2.309189288157867,0.028705650642812747,0.020933079721524677,0.136,0.026,0.017,True,999,0.00010866601951420307,0.0008976669050753117,weak_2x2_bal_strong_100_100,weak_null,True,1755,2311938656,-4.440892098500626e-16,0,0
100,100,0.01388379327241418,0.09555748124152108,0.008716233197475276,0.08956658658833305,-0.0816736879691069,-0.08085035339085778,0.05187690309367573,-1.5743747814249087,-1.5585038537258824,0.11540083048330639,0.11911385517599252,0.168,0.121,0.125,True,999,0.00011199992150068283,0.0008017499931156635,weak_2x2_bal_strong_100_100,weak_null,True,1756,2311938656,-4.440892098500626e-16,0,0
100,100,0.03909782630882219,0.058780277624292054,0.033918385229867454,0.05279129581086295,-0.019682451315469862,-0.018872910580995494,0.04869504201755148,-0.4041982612598544,-0.38757355572653585,0.6860669322353187,0.6983316416376915,0.78,0.71,0.72,True,999,0.00011054205242544413,0.0007962089730426669,weak_2x2_bal_strong_100_100,weak_null,True,1757,2311938656,-4.440892098500626e-16,0,0
100,100,0.05131293593563868,0.061657590713618426,0.04612276262523096,0.05574835576236836,-0.010344654777979745,-0.0096255931371374,0.050296547096483256,-0.20567325940159906,-0.19137681794880954,0.8370461478809523,0.848230380988217,0.894,0.858,0.864,True,999,0.00011020794045180082,0.0007975000189617276,weak_2x2_bal_strong_100_100,weak_null,True,1758,2311938656,-4.440892098500626e-16,0,0
100,100,0.010341478836396578,0.07173430212498322,0.005168628181678514,0.06617525315998307,-0.06139282328858664,-0.06100662497830456,0.04366046427128533,-1.406142245925762,-1.3972967534023102,0.15968188982154286,0.1623243517328412,0.195,0.169,0.169,True,999,0.00011625001206994057,0.0008289580000564456,weak_2x2_bal_strong_100_100,weak_null,True,1759,2311938656,-4.440892098500626e-16,0,0
100,100,0.15367263563266687,0.004577412181599794,0.14839906178659135,-0.00169259852616932,0.14909522345106707,0.15009166031276067,0.05185413189924281,2.8752814479812785,2.8944975996204527,0.004036674960546233,0.003797658132384244,0.039,0.004,0.003,True,999,0.00011625001206994057,0.0008463748963549733,weak_2x2_bal_strong_100_100,weak_null,True,1760,2311938656,-4.440892098500626e-16,0,0
100,100,0.024323768057489703,0.10001660775890131,0.01914822787401249,0.09437753830464146,-0.07569283970141161,-0.07522931043062897,0.05294998961480044,-1.4295156666141091,-1.4207615710202344,0.1528560753071387,0.15538608606989648,0.18,0.156,0.159,True,999,0.00011775002349168062,0.000801792019046843,weak_2x2_bal_strong_100_100,weak_null,True,1761,2311938656,-4.440892098500626e-16,0,0
100,100,0.13580644736506164,0.030938008181458365,0.1305311972693204,0.02522242688292664,0.10486843918360328,0.10530877038639375,0.055531019535427356,1.8884659431959452,1.896395406880824,0.058963425819863,0.05790777878491087,0.156,0.075,0.073,True,999,0.00010933307930827141,0.0008097089594230056,weak_2x2_bal_strong_100_100,weak_null,True,1762,2311938656,-4.440892098500626e-16,0,0
100,100,0.13907881423267188,0.014418603318262557,0.1338155140535946,0.008086073546841988,0.12466021091440932,0.1257294405067526,0.05265598408490726,2.367446228208288,2.3877521746439134,0.01791132258765734,0.016951768529943647,0.075,0.016,0.016,True,999,0.00010837498120963573,0.0008437499636784196,weak_2x2_bal_strong_100_100,weak_null,True,1763,2311938656,-4.440892098500626e-16,0,0
100,100,0.07324866353757342,0.0731082511954878,0.06804378717409065,0.06737970176225616,0.00014041234208561626,0.0006640854118344919,0.05622311282380251,0.002497413163971447,0.011811608758050585,0.9980073546659005,0.9905759188662523,0.991,0.991,0.988,True,999,0.00010849989484995604,0.0008759580086916685,weak_2x2_bal_strong_100_100,weak_null,True,1764,2311938656,-4.440892098500626e-16,0,0
100,100,0.051912047129490935,0.09074799707028752,0.046724493421635316,0.08056936289855798,-0.03883594994079659,-0.03384486947692267,0.05690040606775559,-0.6825250050861096,-0.594808926963035,0.4949070369845605,0.5519711997166019,0.567,0.491,0.544,True,999,0.00011579191777855158,0.0007982499664649367,weak_2x2_bal_strong_100_100,weak_null,True,1765,2311938656,-4.440892098500626e-16,0,0
100,100,0.06622639858617974,0.0537060577294155,0.06102599681521781,0.04814587075379961,0.012520340856764234,0.012880126061418196,0.05028523250320601,0.24898643664352116,0.2561413246045348,0.8033712730840015,0.7978417136303991,0.854,0.813,0.803,True,999,0.00011020805686712265,0.0007953329477459192,weak_2x2_bal_strong_100_100,weak_null,True,1766,2311938656,-4.440892098500626e-16,0,0
100,100,0.052772083710488804,0.0936435595524795,0.047582552563653735,0.08737377012362657,-0.04087147584199069,-0.039791217559972836,0.05940484710851309,-0.6880158409857021,-0.6698311585128295,0.4914428058708409,0.5029654283831677,0.524,0.479,0.485,True,999,0.00010791700333356857,0.0008169170469045639,weak_2x2_bal_strong_100_100,weak_null,True,1767,2311938656,-4.440892098500626e-16,0,0
100,100,0.07534538571423399,0.049722780887965556,0.070136923885741,0.04425920510152537,0.025622604826268436,0.02587771878421563,0.05031767940090845,0.5092167431275822,0.514286809175632,0.6106003083955498,0.607051482690905,0.666,0.598,0.589,True,999,0.00011354091111570597,0.0008163340389728546,weak_2x2_bal_strong_100_100,weak_null,True,1768,2311938656,-4.440892098500626e-16,0,0
100,100,0.05343813071859982,0.01398060479581692,0.048244853876113325,0.008159262442653414,0.0394575259227829,0.04008559143345991,0.036708659600158275,1.0748833205179948,1.091992785083525,0.28242697047640153,0.2748362724466551,0.525,0.312,0.307,True,999,0.00011725001968443394,0.0008224999764934182,weak_2x2_bal_strong_100_100,weak_null,True,1769,2311938656,-4.440892098500626e-16,0,0
100,100,0.0624868501280158,0.033164474466566896,0.05728888698428136,0.027554045385727477,0.029322375661448907,0.029734841598553885,0.04427654107682334,0.6622553376645262,0.6715710142524809,0.5078075947691749,0.5018568363119951,0.622,0.525,0.514,True,999,0.00011575000826269388,0.0008342500077560544,weak_2x2_bal_strong_100_100,weak_null,True,1770,2311938656,-4.440892098500626e-16,0,0
100,100,0.07727478217228712,0.058780277624292054,0.07202541554821096,0.05279129581086295,0.01849450454799506,0.01923411973734801,0.05488814638974902,0.33694897285598846,0.35042392579211235,0.7361553667084453,0.7260205731369833,0.809,0.746,0.746,True,999,0.00011583301238715649,0.0008588751079514623,weak_2x2_bal_strong_100_100,weak_null,True,1771,2311938656,-4.440892098500626e-16,0,0
100,100,0.02397749898902679,0.016970839450722086,0.018808310652445925,0.010604870532709754,0.007006659538304705,0.008203440119736172,0.030549494226532733,0.22935435481675853,0.26852949050172326,0.8185935101533541,0.7882917780042865,0.907,0.812,0.797,True,999,0.00011529098264873028,0.0008059169631451368,weak_2x2_bal_strong_100_100,weak_null,True,1772,2311938656,-4.440892098500626e-16,0,0
100,100,0.024656174646824236,0.027811516091442445,0.019484350295542185,0.02188362188626769,-0.0031553414446182093,-0.0023992715907255047,0.03497036516033493,-0.09022901048219964,-0.06860870853721808,0.9281052313140347,0.9453010867934297,0.945,0.916,0.94,True,999,0.00015041592996567488,0.0008143329760059714,weak_2x2_bal_strong_100_100,weak_null,True,1773,2311938656,-4.440892098500626e-16,0,0
100,100,0.1250027352754386,0.07605203490995044,0.11973287757783169,0.07038838399463287,0.04895070036548815,0.04934449358319881,0.06274580847267874,0.7801429538803797,0.7864189622273298,0.4353067357707341,0.4316220780078015,0.507,0.434,0.432,True,999,0.00011054100468754768,0.0007947919657453895,weak_2x2_bal_strong_100_100,weak_null,True,1774,2311938656,-4.440892098500626e-16,0,0
100,100,0.07435170133742408,0.0635657802650259,0.0691471279678808,0.057768597126361954,0.010785921072398175,0.011378530841518852,0.05490423855256023,0.19644969781472763,0.20724321366602874,0.8442582007717967,0.8358199201943053,0.864,0.86,0.853,True,999,0.00010987499263137579,0.0008165000472217798,weak_2x2_bal_strong_100_100,weak_null,True,1775,2311938656,-4.440892098500626e-16,0,0
100,100,0.08620559036598896,0.029660227365620018,0.08097878337117947,0.023977110527795276,0.05654536300036894,0.0570016728433842,0.047974750052300494,1.1786484127322194,1.188159871208143,0.23853820536624026,0.23477043013719734,0.382,0.245,0.245,True,999,0.00011112506035715342,0.0008253749692812562,weak_2x2_bal_strong_100_100,weak_null,True,1776,2311938656,-4.440892098500626e-16,0,0
100,100,0.02463582455861879,0.015203651329365464,0.01946618225500174,0.008831699729270781,0.009432173229253327,0.01063448252573096,0.029786450582030787,0.3166598585916596,0.35702416091652095,0.7515017106092817,0.7210737183244726,0.863,0.742,0.71,True,999,0.00011466699652373791,0.0008297499734908342,weak_2x2_bal_strong_100_100,weak_null,True,1777,2311938656,-4.440892098500626e-16,0,0
100,100,0.025792784583158812,0.13928917665927915,0.020618629094599328,0.13322170204676098,-0.11349639207612033,-0.11260307295216165,0.061310670864014975,-1.8511686542763746,-1.836598284855038,0.06414529373340647,0.06626922071684663,0.075,0.067,0.07,True,999,0.00011849997099488974,0.0008225829806178808,weak_2x2_bal_strong_100_100,weak_null,True,1778,2311938656,-4.440892098500626e-16,0,0
100,100,0.027766648718062004,0.0731082511954878,0.022582619584994745,0.06737970176225616,-0.0453416024774258,-0.044797082177261416,0.04845785109264238,-0.9356915640097433,-0.9244545758254475,0.34943201531007717,0.35524969109897775,0.399,0.367,0.367,True,999,0.0001154579222202301,0.0008366249967366457,weak_2x2_bal_strong_100_100,weak_null,True,1779,2311938656,-4.440892098500626e-16,0,0
100,100,0.07969659057140321,0.030938008181458365,0.07448623407114496,0.02522242688292664,0.04875858238994485,0.04926380718821832,0.04734454114057686,1.0298670388455002,1.0405382754041848,0.3030724254766577,0.29808989113079865,0.442,0.309,0.308,True,999,0.00011754094157367945,0.0008234580745920539,weak_2x2_bal_strong_100_100,weak_null,True,1780,2311938656,-4.440892098500626e-16,0,0
100,100,0.044955804955724266,0.1127353214084556,0.03977145582517494,0.10675693729310609,-0.06777951645273134,-0.06698548146793115,0.059961519725723916,-1.1303835653727343,-1.1171411561003832,0.25831463614069083,0.2639339757472985,0.315,0.253,0.255,True,999,0.00011633394751697779,0.0008905839640647173,weak_2x2_bal_strong_100_100,weak_null,True,1781,2311938656,-4.440892098500626e-16,0,0
100,100,0.13553586216884483,0.051632984824524775,0.13026059359532383,0.04595492632088849,0.08390287734432006,0.08430566727443534,0.060075251612857844,1.3966296451825833,1.4033344016222393,0.16252497078685513,0.160517144267464,0.291,0.173,0.172,True,999,0.00011779193300753832,0.0008348330156877637,weak_2x2_bal_strong_100_100,weak_null,True,1782,2311938656,-4.440892098500626e-16,0,0
100,100,0.06481048057679772,0.08584246853916994,0.05961241050464139,0.08019040491035412,-0.02103198796237221,-0.02057799440571273,0.057238673746118275,-0.3674436632766762,-0.35951207564637633,0.7132881072904755,0.7192120457784004,0.765,0.692,0.7,True,999,0.00011683302000164986,0.0008324170485138893,weak_2x2_bal_strong_100_100,weak_null,True,1783,2311938656,-4.440892098500626e-16,0,0
100,100,0.08152099085670983,0.0023686919323014644,0.07631107733922704,-0.007758832996650256,0.07915229892440837,0.0840699103358773,0.0394014402979486,2.0088681613126047,2.133676071233729,0.044551117258326105,0.03286930614282932,0.223,0.05,0.039,True,999,0.00011883408296853304,0.000844834023155272,weak_2x2_bal_strong_100_100,weak_null,True,1784,2311938656,-4.440892098500626e-16,0,0
100,100,0.14911291528891324,0.033236881825550346,0.14381286548170635,0.02753332313884016,0.11587603346336289,0.1162795423428662,0.05767254408297511,2.0092062055845634,2.016202756298934,0.04451526988382808,0.0437787783372714,0.145,0.056,0.055,True,999,0.0001152919139713049,0.0008367500267922878,weak_2x2_bal_strong_100_100,weak_null,True,1785,2311938656,-4.440892098500626e-16,0,0
100,100,0.00031070234565888644,0.059181165150533566,-0.0048459922524273225,0.05277221763162743,-0.05887046280487468,-0.05761820988405475,0.03978131085239784,-1.4798522608594793,-1.448373838102969,0.13891267821153563,0.14751252741869125,0.177,0.137,0.145,True,999,0.00011416594497859478,0.0008495000656694174,weak_2x2_bal_strong_100_100,weak_null,True,1786,2311938656,-4.440892098500626e-16,0,0
100,100,0.1025758625128741,0.08769761406374049,0.09734048627257152,0.0819894519760922,0.014878248449133602,0.015351034296479327,0.062633000436364,0.23754647462961814,0.24509498490458226,0.8122328692122041,0.8063828859892916,0.864,0.835,0.83,True,999,0.00011620798613876104,0.0008349169511348009,weak_2x2_bal_strong_100_100,weak_null,True,1787,2311938656,-4.440892098500626e-16,0,0
100,100,0.05211170267878962,0.03680374870229103,0.04692500878186934,0.03123228343035578,0.01530795397649859,0.01569272535151356,0.04337853536875012,0.3528923659217511,0.36176245274566354,0.7241691342310246,0.7175295527356129,0.793,0.723,0.722,True,999,0.00012129195965826511,0.0008320000488311052,weak_2x2_bal_strong_100_100,weak_null,True,1788,2311938656,-4.440892098500626e-16,0,0
100,100,0.06548347911636199,0.07833188861502993,0.06028283510943311,0.07273594158358776,-0.012848409498667945,-0.012453106474154652,0.05563337077468367,-0.23094788828640772,-0.22384238633661074,0.8173552867212023,0.8228799471500972,0.857,0.821,0.826,True,999,0.00011187500786036253,0.0008338750340044498,weak_2x2_bal_strong_100_100,weak_null,True,1789,2311938656,-4.440892098500626e-16,0,0
100,100,0.047365188043053896,0.027811516091442445,0.04216824526535845,0.02188362188626769,0.01955367195161145,0.02028462337909076,0.04050812074304907,0.48270992563797804,0.5007544908775229,0.6293017146602423,0.6165439175428271,0.743,0.605,0.601,True,999,0.00010720896534621716,0.0008889170130714774,weak_2x2_bal_strong_100_100,weak_null,True,1790,2311938656,-4.440892098500626e-16,0,0
100,100,0.07556761288570846,0.04597109916923242,0.0703592093314569,0.04034402628693812,0.029596513716476036,0.03001518304451878,0.05036417033291686,0.5876501791022741,0.5959630198633799,0.5567671225734884,0.5511999313958271,0.642,0.536,0.534,True,999,0.00011012493632733822,0.0008431250462308526,weak_2x2_bal_strong_100_100,weak_null,True,1791,2311938656,-4.440892098500626e-16,0,0
100,100,0.12421200204847938,0.026003132308261012,0.11895699376772484,0.020046360174575284,0.09820886974021836,0.09891063359314956,0.05349512182810102,1.835847202214038,1.8489654797120538,0.06638025815311765,0.06446279748813942,0.173,0.072,0.071,True,999,0.00010716693941503763,0.0008767079561948776,weak_2x2_bal_strong_100_100,weak_null,True,1792,2311938656,-4.440892098500626e-16,0,0
100,100,0.04869548690480663,0.047829950993235615,0.04349918830108379,0.04196866477914085,0.0008655359115710137,0.0015305235219429392,0.04684489976417233,0.01847663066690962,0.032672148508117976,0.9852586204097972,0.9739360343000756,0.99,0.987,0.979,True,999,0.00011604197788983583,0.0008085420122370124,weak_2x2_bal_strong_100_100,weak_null,True,1793,2311938656,-4.440892098500626e-16,0,0
100,100,0.08152099085670983,0.10414640676603165,0.07631107733922704,0.09784258762995535,-0.022625415909321822,-0.021531510290728306,0.06255564436567908,-0.3616846431484474,-0.34419772202908505,0.7175877042234994,0.7306975953212433,0.76,0.731,0.742,True,999,0.00011016696225851774,0.0007944999961182475,weak_2x2_bal_strong_100_100,weak_null,True,1794,2311938656,-4.440892098500626e-16,0,0
100,100,0.018161565950307268,0.1373858676506997,0.012991087270222579,0.12724621485727283,-0.11922430170039244,-0.11425512758705025,0.0572140967538749,-2.0838273863393257,-1.9969751174881945,0.03717587127990929,0.045827886077666934,0.053,0.035,0.04,True,999,0.00011179200373589993,0.0007961250375956297,weak_2x2_bal_strong_100_100,weak_null,True,1795,2311938656,-4.440892098500626e-16,0,0
100,100,0.028284234321003132,0.017184448406940334,0.023106691378444566,0.011321607849325233,0.011099785914062799,0.011785083529119333,0.031227722865728176,0.35544653581656444,0.37739170351268986,0.7222550913701504,0.7058825315057891,0.796,0.746,0.746,True,999,0.00011679204180836678,0.0008270000107586384,weak_2x2_bal_strong_100_100,weak_null,True,1796,2311938656,-4.440892098500626e-16,0,0
100,100,0.02728866158457388,0.04290193331568587,0.022114991200652412,0.036946140019274765,-0.015613271731111988,-0.014831148818622353,0.04038537590142795,-0.3866070671032168,-0.36724057873874966,0.6990471252445176,0.7134395732430601,0.756,0.713,0.72,True,999,0.00010920793283730745,0.0008307920070365071,weak_2x2_bal_strong_100_100,weak_null,True,1797,2311938656,-4.440892098500626e-16,0,0
100,100,0.10294673725730497,0.10486325196794255,0.09771141653685333,0.09894100227254654,-0.0019165147106375846,-0.001229585735693206,0.06599382669057761,-0.029040818008985354,-0.01863182963246413,0.9768320362474731,0.9851348108645905,0.974,0.974,0.985,True,999,0.00011641602031886578,0.000830958946608007,weak_2x2_bal_strong_100_100,weak_null,True,1798,2311938656,-4.440892098500626e-16,0,0
100,100,0.040267259181623105,0.03226235851910819,0.03508650452536699,0.026261925525176366,0.008004900662514913,0.008824579000190624,0.04064394996729556,0.19695183831680022,0.21711912861056526,0.8438652269469079,0.8281155070459385,0.9,0.846,0.84,True,999,0.00014958297833800316,0.0008362079970538616,weak_2x2_bal_strong_100_100,weak_null,True,1799,2311938656,-4.440892098500626e-16,0,0
100,100,0.05383148344019828,0.10841212392360045,0.04863837143201977,0.10271521172548148,-0.054580640483402165,-0.054076840293461714,0.05958208884848873,-0.9160578546045147,-0.9076022901945195,0.3596365512581645,0.36408838389289155,0.405,0.354,0.36,True,999,0.00011262495536357164,0.000799583038315177,weak_2x2_bal_strong_100_100,weak_null,True,1800,2311938656,-4.440892098500626e-16,0,0
100,100,0.07276017128216583,0.06598641931342641,0.06755718170455793,0.059837807944241206,0.0067737519687394165,0.007719373760316728,0.0565253666521632,0.11983561310486764,0.13656477113751392,0.90461337003513,0.8913748241068081,0.942,0.9,0.896,True,999,0.00010904204100370407,0.0008132499642670155,weak_2x2_bal_strong_100_100,weak_null,True,1801,2311938656,-4.440892098500626e-16,0,0
100,100,0.04106131032185378,0.037813861824602724,0.035877582907573924,0.031666332610974735,0.0032474484972510598,0.004211250296599189,0.0428813070776382,0.07573109866663891,0.0982071346140304,0.93963303387228,0.9217678172505063,0.951,0.93,0.904,True,999,0.00010816706344485283,0.000838915933854878,weak_2x2_bal_strong_100_100,weak_null,True,1802,2311938656,-4.440892098500626e-16,0,0
100,100,0.03895131231666282,0.043635074317953826,0.03376976820115374,0.03807007049223188,-0.004683762001291003,-0.00430030229107814,0.04199676554934749,-0.11152673164287948,-0.10239603538099029,0.9111986690380328,0.9184423304407463,0.93,0.899,0.916,True,999,0.00011104100849479437,0.0007969170110300183,weak_2x2_bal_strong_100_100,weak_null,True,1803,2311938656,-4.440892098500626e-16,0,0
100,100,0.01629533362377311,0.10841212392360045,0.011131518131350049,0.10271521172548148,-0.09211679029982733,-0.09158369359413143,0.05343767722265617,-1.7238172594218268,-1.713841213803776,0.08474083782220196,0.08655789191685122,0.111,0.079,0.08,True,999,0.00011249992530792952,0.0008088330505415797,weak_2x2_bal_strong_100_100,weak_null,True,1804,2311938656,-4.440892098500626e-16,0,0
100,100,0.023548064415132797,0.04663349849632514,0.018378452151807778,0.04037187854172686,-0.023085434081192346,-0.02199342638991908,0.042666868629583785,-0.5410623001563718,-0.5154684910406003,0.5884646422204736,0.6062256822731984,0.706,0.546,0.554,True,999,0.0001176249934360385,0.0008417919743806124,weak_2x2_bal_strong_100_100,weak_null,True,1805,2311938656,-4.440892098500626e-16,0,0
100,100,0.039534547637448014,0.01135138982438566,0.03435537000655131,0.005556132879405595,0.028183157813062354,0.028799237127145716,0.03208131405078691,0.8784913787648003,0.8976950595463316,0.37967711425592976,0.3693481440792429,0.598,0.399,0.393,True,999,0.00011662498582154512,0.0008242079056799412,weak_2x2_bal_strong_100_100,weak_null,True,1806,2311938656,-4.440892098500626e-16,0,0
100,100,0.07408028741081829,0.05887017359913571,0.06887766347202273,0.053285612703987795,0.01521011381168258,0.015592050768034937,0.05294015104971519,0.2873077146568589,0.2945222191261357,0.7738767161255707,0.7683588875304672,0.817,0.78,0.772,True,999,0.00011537503451108932,0.0008767499821260571,weak_2x2_bal_strong_100_100,weak_null,True,1807,2311938656,-4.440892098500626e-16,0,0
100,100,0.06662067251684944,0.007341486310811218,0.06141558098038047,0.0015760606010672973,0.059279186206038226,0.05983952037931317,0.03753287176152155,1.5793938332960402,1.5943229913107861,0.11424575095895867,0.11086371071640853,0.3,0.099,0.097,True,999,0.00011741707567125559,0.0008003750117495656,weak_2x2_bal_strong_100_100,weak_null,True,1808,2311938656,-4.440892098500626e-16,0,0
100,100,0.028891616580002832,0.03680374870229103,0.023717568023087665,0.03123228343035578,-0.007912132122288196,-0.007514715407268113,0.03815089226359947,-0.20739048690185732,-0.19697351651295594,0.8357049114552957,0.8438482625225051,0.878,0.827,0.828,True,999,0.0001091670710593462,0.0007924169767647982,weak_2x2_bal_strong_100_100,weak_null,True,1809,2311938656,-4.440892098500626e-16,0,0
100,100,0.11201200119235766,0.008292105299597008,0.1067713264669834,0.0020271782656919868,0.10371989589276065,0.10474414820129141,0.04667863292707234,2.221999432905541,2.243942070131678,0.026283343925044177,0.02483612884735178,0.135,0.022,0.019,True,999,0.00010791607201099396,0.0008192500099539757,weak_2x2_bal_strong_100_100,weak_null,True,1810,2311938656,-4.440892098500626e-16,0,0
100,100,0.026748083521776933,0.07912142212268097,0.021570106362460706,0.07350626295172447,-0.05237333860090404,-0.05193615658926376,0.04904412899493329,-1.0678819192877234,-1.0589678653408086,0.285573779386714,0.28961441478450145,0.346,0.271,0.271,True,999,0.00010762503370642662,0.000819082953967154,weak_2x2_bal_strong_100_100,weak_null,True,1811,2311938656,-4.440892098500626e-16,0,0
100,100,0.06585444604867363,0.08693860085073365,0.06065763719982442,0.08671768476406427,-0.021084154802060023,-0.026060047564239852,0.058276694476305756,-0.3617939382377368,-0.44717786069413035,0.7175060223218614,0.6547466451752598,0.78,0.725,0.656,True,999,0.00010979198850691319,0.0008485839935019612,weak_2x2_bal_strong_100_100,weak_null,True,1812,2311938656,-4.440892098500626e-16,0,1
100,100,0.099496845428655,0.024579701904333562,0.09426825239015102,0.018677922847224693,0.07491714352432144,0.07559032954292633,0.04929198132914132,1.5198647225006268,1.5335218326522713,0.1285449783291444,0.12514733149691432,0.296,0.139,0.13,True,999,0.00011204194743186235,0.0008300830377265811,weak_2x2_bal_strong_100_100,weak_null,True,1813,2311938656,-4.440892098500626e-16,0,0
100,100,0.058201658255899846,0.06543281418512636,0.05300455198495513,0.05979435516653808,-0.007231155929226518,-0.006789803181582954,0.05197331179619784,-0.13913209836582938,-0.13064018718313944,0.8893457640670439,0.8960599503688295,0.891,0.875,0.879,True,999,0.00011879100929945707,0.0008056249935179949,weak_2x2_bal_strong_100_100,weak_null,True,1814,2311938656,-4.440892098500626e-16,0,0
100,100,0.04926812657257684,0.06958485096707717,0.04407209487204966,0.06373666501704633,-0.02031672439450033,-0.019664570144996674,0.052453906355839325,-0.38732528816204387,-0.3748923866908066,0.6985154065281931,0.707740501383671,0.745,0.686,0.708,True,999,0.00011137500405311584,0.0007989580044522882,weak_2x2_bal_strong_100_100,weak_null,True,1815,2311938656,-4.440892098500626e-16,0,0
100,100,0.04516710103441712,0.05831611991087249,0.039984297889105846,0.05255191443215068,-0.013149018876455365,-0.012567616543044835,0.04844725294675235,-0.2714089670039136,-0.25940823841669025,0.7860765061209838,0.7953202738894686,0.836,0.791,0.804,True,999,0.00011058396194130182,0.0008402919629588723,weak_2x2_bal_strong_100_100,weak_null,True,1816,2311938656,-4.440892098500626e-16,0,0
100,100,0.06675800233781137,0.016970839450722086,0.06155777012062913,0.010604870532709754,0.04978716288708929,0.050952899587919376,0.041332356409976394,1.2045566043525202,1.2327605782384299,0.2283745178681742,0.21766510319968235,0.421,0.207,0.194,True,999,0.00011237501166760921,0.0008085420122370124,weak_2x2_bal_strong_100_100,weak_null,True,1817,2311938656,-4.440892098500626e-16,0,0
100,100,0.15395322246530163,0.03594783054085826,0.14867966022519852,0.030463829947663612,0.11800539192444337,0.1182158302775349,0.05847415728026949,2.0180776844519155,2.0216765110597605,0.043583171369055394,0.04320978202486608,0.103,0.046,0.045,True,999,0.00010983389802277088,0.0008064999710768461,weak_2x2_bal_strong_100_100,weak_null,True,1818,2311938656,-4.440892098500626e-16,0,0
100,100,0.028513751910929308,0.06014523838896385,0.02334113858182718,0.05453115968122546,-0.03163148647803454,-0.03119002109939828,0.044879191860584165,-0.7048140834687217,-0.694977333733841,0.4809259429734445,0.4870695063857484,0.579,0.492,0.495,True,999,0.00010808301158249378,0.0008205830818042159,weak_2x2_bal_strong_100_100,weak_null,True,1819,2311938656,-4.440892098500626e-16,0,0
100,100,0.02098230180000371,0.07139087860353233,0.015812546047186515,0.06571723511521554,-0.050408576803528615,-0.04990468906802903,0.046695841651480094,-1.0795089031644178,-1.0687180550357898,0.2803609270309345,0.28519673338587015,0.348,0.277,0.277,True,999,0.00010979105718433857,0.0008378749480471015,weak_2x2_bal_strong_100_100,weak_null,True,1820,2311938656,-4.440892098500626e-16,0,0
100,100,0.05879172279147726,0.09165906039433747,0.053599990936902486,0.08579948360241474,-0.0328673376028602,-0.03219949266551225,0.05715744721435855,-0.5750315873904807,-0.5633472842961993,0.565269934323011,0.5731984260567826,0.641,0.596,0.598,True,999,0.00010974996257573366,0.0008379999781027436,weak_2x2_bal_strong_100_100,weak_null,True,1821,2311938656,-4.440892098500626e-16,0,0
100,100,0.03432252655653312,0.07662096794768891,0.029146412337979655,0.07068661843629798,-0.042298441391155794,-0.04154020609831832,0.05188772019722836,-0.8151917492303934,-0.8005787485058409,0.4149625599314165,0.42337555769260604,0.514,0.425,0.436,True,999,0.00011320807971060276,0.000841250061057508,weak_2x2_bal_strong_100_100,weak_null,True,1822,2311938656,-4.440892098500626e-16,0,0
100,100,0.03895131231666282,0.04597109916923242,0.03376976820118216,0.04034402628693812,-0.007019786852569598,-0.006574258085755957,0.0435215340361445,-0.16129456389886643,-0.1510575909455778,0.8718614045842197,0.8799302860580577,0.909,0.868,0.879,True,999,0.00011566700413823128,0.000858166953548789,weak_2x2_bal_strong_100_100,weak_null,True,1823,2311938656,-4.440892098500626e-16,0,0
100,100,0.044955804955724266,0.002458907392145937,0.03977145582517494,-0.007634711794537452,0.04249689756357833,0.04740616761971239,0.03029860163966738,1.4026026042053623,1.5646321960168463,0.16073537481939992,0.1176691751843088,0.47,0.153,0.115,True,999,0.00011891708709299564,0.0008073339704424143,weak_2x2_bal_strong_100_100,weak_null,True,1824,2311938656,-4.440892098500626e-16,0,0
100,100,0.03550147221047206,0.14324322427602032,0.03032032154362696,0.13682278549133287,-0.10774175206554826,-0.1065024639477059,0.0630493917112836,-1.7088468126531713,-1.689190982767971,0.08747932879914296,0.0911828364752469,0.101,0.076,0.079,True,999,0.00011099991388618946,0.0008688750676810741,weak_2x2_bal_strong_100_100,weak_null,True,1825,2311938656,-4.440892098500626e-16,0,0
100,100,0.033711571632115134,0.06769872115684883,0.028536268927354058,0.06199455819296418,-0.033987149524733695,-0.03345828926561012,0.04799338155840261,-0.7081632596231027,-0.697143818151157,0.47884387902782377,0.48571279434776315,0.585,0.479,0.485,True,999,0.00011404103133827448,0.0007955419132485986,weak_2x2_bal_strong_100_100,weak_null,True,1826,2311938656,-4.440892098500626e-16,0,0
100,100,0.08655600899037519,0.027811516091442445,0.08132927475018903,0.02188362188626769,0.05874449289893274,0.05944565286392134,0.04804105643121874,1.2227976914504015,1.237392706986591,0.22140611762657825,0.21594132502362884,0.387,0.22,0.209,True,999,0.00010974996257573366,0.0008007920114323497,weak_2x2_bal_strong_100_100,weak_null,True,1827,2311938656,-4.440892098500626e-16,0,0
100,100,0.0034776325028602617,0.09156244753879544,-0.0016978637739555325,0.09148571138155859,-0.08808481503593518,-0.09318357515551412,0.04364258927548394,-2.0183223887088775,-2.1351523065534437,0.04355769647734832,0.03274857121921951,0.099,0.03,0.021,True,999,0.00010854110587388277,0.0008005830459296703,weak_2x2_bal_strong_100_100,weak_null,True,1828,2311938656,-4.440892098500626e-16,0,1
100,100,0.0121089801896751,0.12782477980968943,0.006938473074299623,0.12193740657557584,-0.11571579962001433,-0.11499893350127621,0.05691154192536216,-2.0332571514539572,-2.020661004969677,0.04202654973106806,0.04331486913051556,0.085,0.047,0.047,True,999,0.00010779104195535183,0.0008123749867081642,weak_2x2_bal_strong_100_100,weak_null,True,1829,2311938656,-4.440892098500626e-16,0,0
100,100,0.024947627515162663,0.09789976646625886,0.01977607778650281,0.09201443332480608,-0.0729521389510962,-0.07223835553830327,0.053088991731056835,-1.3741481345259663,-1.3607030983796993,0.16939569859677772,0.17360753506759918,0.207,0.16,0.163,True,999,0.00011133309453725815,0.0008261669427156448,weak_2x2_bal_strong_100_100,weak_null,True,1830,2311938656,-4.440892098500626e-16,0,0
100,100,0.024202126171010474,0.021327678612898526,0.019032070034910475,0.014808974428923705,0.0028744475581119477,0.004223095605986771,0.032819484342848204,0.08758356859248849,0.12867647650615932,0.9302076623499,0.8976136496707412,0.961,0.959,0.905,True,999,0.00011058291420340538,0.0008182500023394823,weak_2x2_bal_strong_100_100,weak_null,True,1831,2311938656,-4.440892098500626e-16,0,0
100,100,0.10466123470146171,0.005219622790091083,0.0994289617604096,-0.001015297580323704,0.09944161191137063,0.10044425934073331,0.04474783713479588,2.2222663323775467,2.2446729444858002,0.026265312006082574,0.02478913615036785,0.107,0.022,0.021,True,999,0.00011312507558614016,0.0008355409372597933,weak_2x2_bal_strong_100_100,weak_null,True,1832,2311938656,-4.440892098500626e-16,0,0
100,100,0.03437764978128688,0.06642171978559502,0.0291950032314503,0.06048981284744315,-0.032044070004308145,-0.03129480961599285,0.04867428794178306,-0.6583366980660199,-0.6429433472847726,0.5103218017127987,0.5202608610590549,0.61,0.505,0.527,True,999,0.00011475000064820051,0.0008186249760910869,weak_2x2_bal_strong_100_100,weak_null,True,1833,2311938656,-4.440892098500626e-16,0,0
100,100,0.08289756095211143,0.006064953222124747,0.07768458302194858,-0.004109575518363329,0.07683260772998668,0.08179415854031191,0.04098570890072368,1.8746194659238908,1.99567509588367,0.06084509325381398,0.04596929955379975,0.254,0.066,0.052,True,999,0.00011783395893871784,0.0008662920445203781,weak_2x2_bal_strong_100_100,weak_null,True,1834,2311938656,-4.440892098500626e-16,0,0
100,100,0.09705294089041916,0.026003132308261012,0.09181110959292482,0.020046360174575284,0.07104980858215815,0.07176474941834954,0.049082638444749506,1.4475547939855813,1.4621208576456712,0.1477416016940533,0.143708094033922,0.326,0.166,0.164,True,999,0.00011429202277213335,0.0008095839293673635,weak_2x2_bal_strong_100_100,weak_null,True,1835,2311938656,-4.440892098500626e-16,0,0
100,100,0.012663459436801139,0.006064953222124747,0.007499651686075026,-0.004109575518363329,0.006598506214676392,0.011609227204438355,0.020352368609094243,0.32421318331115123,0.570411603062795,0.7457766418552915,0.5683985616344698,0.892,0.748,0.582,True,999,0.00011058396194130182,0.0008014169288799167,weak_2x2_bal_strong_100_100,weak_null,True,1836,2311938656,-4.440892098500626e-16,0,0
100,100,0.045291766038656145,0.027467817504756853,0.04009374738785709,0.020855634370697373,0.017823948533899292,0.01923811301715972,0.04110410429392216,0.4336294109815895,0.46803387028200866,0.6645575737952485,0.6397603685448167,0.822,0.698,0.679,True,999,0.00010958395432680845,0.0008036670042201877,weak_2x2_bal_strong_100_100,weak_null,True,1837,2311938656,-4.440892098500626e-16,0,0
100,100,0.04598985494114549,0.11805820944528567,0.04080015623117106,0.11226606969795938,-0.07206835450414018,-0.07146591346678832,0.06038785213281669,-1.1934247031279315,-1.1834485073190981,0.23270308505411874,0.23663144260004432,0.265,0.243,0.244,True,999,0.0001092500751838088,0.0008402080275118351,weak_2x2_bal_strong_100_100,weak_null,True,1838,2311938656,-4.440892098500626e-16,0,0
100,100,0.030158778252023177,0.07662096794768891,0.024982773251252866,0.07068661843629798,-0.046462189695665734,-0.04570384518504511,0.05112403123131022,-0.9088131075862929,-0.8939796820453864,0.3634487864612337,0.37133276222284484,0.455,0.365,0.38,True,999,0.00011041597463190556,0.0008312079589813948,weak_2x2_bal_strong_100_100,weak_null,True,1839,2311938656,-4.440892098500626e-16,0,0
100,100,0.09940802347010158,0.009972799093517393,0.0941835867574099,0.003694286584455142,0.08943522437658419,0.09048930017295476,0.04515431320481675,1.9806573952506459,2.004001251497321,0.04762970768173064,0.04506992636100825,0.178,0.041,0.038,True,999,0.00011004204861819744,0.0008387500420212746,weak_2x2_bal_strong_100_100,weak_null,True,1840,2311938656,-4.440892098500626e-16,0,0
100,100,0.07385998717818298,0.037290989606923175,0.06865730333458941,0.030194544617849317,0.03656899757125981,0.0384627587167401,0.05064723194244211,0.7220334886774964,0.7594246959133123,0.47027388841990236,0.4475985450786799,0.62,0.47,0.454,True,999,0.00010912492871284485,0.0008475419599562883,weak_2x2_bal_strong_100_100,weak_null,True,1841,2311938656,-4.440892098500626e-16,0,0
100,100,0.08097438844297367,0.027811516091442445,0.0757463904118083,0.02188362188626769,0.05316287235153122,0.053862768525540616,0.047182230878961944,1.126756224984605,1.1415901181891221,0.25984556323751595,0.25362443346935015,0.474,0.271,0.263,True,999,0.00011108303442597389,0.0008568749763071537,weak_2x2_bal_strong_100_100,weak_null,True,1842,2311938656,-4.440892098500626e-16,0,0
100,100,0.012710861899318138,0.1313954459851316,0.007548515664780098,0.12104706929621045,-0.11868458408581345,-0.11349855363143035,0.05920210844951185,-2.004735763541747,-1.9171370176490092,0.04499130302494668,0.05522052690963282,0.048,0.038,0.048,True,999,0.00012383400462567806,0.0008142919978126884,weak_2x2_bal_strong_100_100,weak_null,True,1843,2311938656,-4.440892098500626e-16,0,0
100,100,0.0624868501280158,0.023360054811146114,0.05728888698428136,0.016874039968854504,0.03912679531686969,0.04041484701542686,0.043078962536239364,0.9082576044851361,0.9381573890371345,0.3637421359199623,0.3481635327807555,0.586,0.389,0.364,True,999,0.0001140419626608491,0.0008155410178005695,weak_2x2_bal_strong_100_100,weak_null,True,1844,2311938656,-4.440892098500626e-16,0,0
100,100,0.10968995315980579,0.03323451179011805,0.10445839921948163,0.02744909188184863,0.07645544136968774,0.077009307337633,0.05269177505049419,1.4509938466946877,1.4615052778889206,0.1467815736476766,0.14387682819421418,0.288,0.161,0.158,True,999,0.00011558400001376867,0.0008018340449780226,weak_2x2_bal_strong_100_100,weak_null,True,1845,2311938656,-4.440892098500626e-16,0,0
100,100,0.013496852612789878,0.04213341673780796,0.008332045241843389,0.036352756869959535,-0.028636564125018082,-0.028020711628116146,0.037019953188778966,-0.7735440393181817,-0.7569083484581347,0.4392004759993594,0.44910477339905586,0.573,0.445,0.451,True,999,0.00011116696987301111,0.0008039170643314719,weak_2x2_bal_strong_100_100,weak_null,True,1846,2311938656,-4.440892098500626e-16,0,0
100,100,0.024202126171010474,0.06266501567668914,0.019032070034910475,0.05690298795410342,-0.038462889505678666,-0.03787091791919295,0.04575432726468384,-0.8406393844056542,-0.8277013385010291,0.40054998787708407,0.40783966092495916,0.543,0.433,0.435,True,999,0.00011004193220287561,0.0007983749965205789,weak_2x2_bal_strong_100_100,weak_null,True,1847,2311938656,-4.440892098500626e-16,0,0
100,100,0.08460565016983379,0.0210143687768371,0.07938719564293706,0.015154105746773894,0.06359128139299669,0.06423308989616316,0.04557973913187915,1.3951655407461514,1.409246545056191,0.16296592573657154,0.15876227902624163,0.338,0.181,0.173,True,999,0.00011012505274266005,0.0008110000053420663,weak_2x2_bal_strong_100_100,weak_null,True,1848,2311938656,-4.440892098500626e-16,0,0
100,100,0.024656174646824236,0.02924946591846822,0.019484350295542185,0.02357595456710726,-0.004593291271643984,-0.004091604271565075,0.03480377521449865,-0.13197681123197516,-0.11756208188186962,0.8950026332478973,0.906414650811777,0.916,0.901,0.901,True,999,0.00010916602332144976,0.0008236669236794114,weak_2x2_bal_strong_100_100,weak_null,True,1849,2311938656,-4.440892098500626e-16,0,0
100,100,0.05921375823659547,0.08611093055897595,0.05399820938927746,0.08029327477231618,-0.02689717232238048,-0.026295065383038718,0.057190931705159466,-0.47030484589839194,-0.4597768317291903,0.6381372358200836,0.6456764145730995,0.669,0.624,0.631,True,999,0.00010962493252009153,0.0008273330749943852,weak_2x2_bal_strong_100_100,weak_null,True,1850,2311938656,-4.440892098500626e-16,0,0
100,100,0.1009690656286999,0.0038363107458579127,0.09574070955159186,-0.006304791583673364,0.09713275488284198,0.10204550113526523,0.043635469765458436,2.226004564748187,2.3385906393070117,0.026013875662829783,0.019356629725777424,0.157,0.026,0.019,True,999,0.00011033297050744295,0.0008820000803098083,weak_2x2_bal_strong_100_100,weak_null,True,1851,2311938656,-4.440892098500626e-16,0,0
100,100,0.080570512189312,0.05831611991087249,0.07535112270525701,0.05255191443215068,0.022254392278439505,0.02279920827310633,0.05444490754892719,0.4087506670562437,0.41875740633075204,0.6827226468931133,0.6753934365447714,0.708,0.661,0.658,True,999,0.00011341704521328211,0.0008131249342113733,weak_2x2_bal_strong_100_100,weak_null,True,1852,2311938656,-4.440892098500626e-16,0,0
100,100,0.07341972240158146,0.047829950993235615,0.06821691751432013,0.04196866477914085,0.02558977140834584,0.026248252735179278,0.051313675011511135,0.4986930170681659,0.5115254896339239,0.6179956647010618,0.6089831445793269,0.679,0.601,0.6,True,999,0.00010908301919698715,0.0008023750269785523,weak_2x2_bal_strong_100_100,weak_null,True,1853,2311938656,-4.440892098500626e-16,0,0
100,100,0.012089164002732633,0.03966916030556733,0.006918617973511232,0.03385839212969444,-0.027579996302834697,-0.026939774156183205,0.03549903110742446,-0.7769225086559185,-0.7588875897671719,0.43720449054332355,0.44791980334181436,0.527,0.44,0.45,True,999,0.0001081250375136733,0.0008137089898809791,weak_2x2_bal_strong_100_100,weak_null,True,1854,2311938656,-4.440892098500626e-16,0,0
100,100,0.07686211195978043,0.07330492291741214,0.07164752837879007,0.06699667718289959,0.0035571890423682917,0.004650851195890482,0.059106887219152596,0.060182310551715947,0.0786854360752642,0.9520104343097391,0.9372828298882767,0.96,0.947,0.933,True,999,0.00011458306107670069,0.0008464169222861528,weak_2x2_bal_strong_100_100,weak_null,True,1855,2311938656,-4.440892098500626e-16,0,0
100,100,0.07556761288570846,0.1266915570599818,0.0703592093314569,0.12036726527590957,-0.05112394417427335,-0.05000805594445268,0.06518020952002046,-0.7843476501647383,-0.767227603481275,0.4328361468077848,0.44294620371205806,0.506,0.47,0.477,True,999,0.00011041597463190556,0.0008007920114323497,weak_2x2_bal_strong_100_100,weak_null,True,1856,2311938656,-4.440892098500626e-16,0,0
100,100,0.09136637883935106,0.13928917665927915,0.08614312772530752,0.13322170204676098,-0.04792279781992809,-0.04707857432145346,0.07008269290359102,-0.6838036016374669,-0.6717574963367476,0.49409919199988817,0.5017380914253453,0.545,0.526,0.527,True,999,0.00011012493632733822,0.0008121670689433813,weak_2x2_bal_strong_100_100,weak_null,True,1857,2311938656,-4.440892098500626e-16,0,0
100,100,0.06662067251684944,0.0781959582747177,0.06141558098038047,0.07246840456679848,-0.011575285757868259,-0.011052823586418015,0.056549250921027604,-0.20469388310790226,-0.19545481870049083,0.8378112997946937,0.8450369049284345,0.865,0.839,0.846,True,999,0.00010895798914134502,0.0008302080677822232,weak_2x2_bal_strong_100_100,weak_null,True,1858,2311938656,-4.440892098500626e-16,0,0
100,100,0.030158778252023177,0.029660227365620018,0.024982773251252866,0.023977110527795276,0.0004985508864031596,0.0010056627234575899,0.03639828243177285,0.013697099233670535,0.027629400517528956,0.9890716377073735,0.9779577323900678,0.992,0.992,0.976,True,999,0.0001080839429050684,0.0008336249738931656,weak_2x2_bal_strong_100_100,weak_null,True,1859,2311938656,-4.440892098500626e-16,0,0
100,100,0.03139672746299871,0.03790646555682897,0.026198812371021063,0.032155864688334646,-0.006509738093830264,-0.0059570523173135825,0.03972551308763693,-0.16386794248495623,-0.1499553273024305,0.8698351041032394,0.880799860289284,0.914,0.866,0.878,True,999,0.00010795798152685165,0.0008986250031739473,weak_2x2_bal_strong_100_100,weak_null,True,1860,2311938656,-4.440892098500626e-16,0,0
100,100,0.08926907657166416,0.014418603318262557,0.08403849340810154,0.008086073546841988,0.0748504732534016,0.07595241986125956,0.04500786967714013,1.6630530125139156,1.687536433208178,0.09630182431468229,0.0915002504813317,0.233,0.092,0.09,True,999,0.00011099991388618946,0.0008084999863058329,weak_2x2_bal_strong_100_100,weak_null,True,1861,2311938656,-4.440892098500626e-16,0,0
100,100,0.05199276349977677,0.050685299604371514,0.04680289384511127,0.045030238603914086,0.0013074638954052586,0.0017726552411971852,0.046551636372507525,0.028086314408861918,0.03807933252898668,0.977593309288301,0.9696244296096861,0.989,0.984,0.973,True,999,0.00010866590309888124,0.000811500009149313,weak_2x2_bal_strong_100_100,weak_null,True,1862,2311938656,-4.440892098500626e-16,0,0
100,100,0.049884488247439074,0.03226235851910819,0.044696008551284194,0.026261925525176366,0.017622129728330882,0.018434083026107828,0.042775633744383375,0.41196653762364754,0.4309482154318357,0.6803639500018861,0.6665060241962119,0.785,0.676,0.674,True,999,0.00011387502308934927,0.0008210829691961408,weak_2x2_bal_strong_100_100,weak_null,True,1863,2311938656,-4.440892098500626e-16,0,0
100,100,0.07236826439092248,0.01934235776639015,0.06716313805947038,0.013470472808727152,0.053025906624532326,0.05369266525074323,0.04277871202751919,1.2395395773117526,1.2551258022028149,0.21514574140632559,0.20943309515218955,0.418,0.232,0.225,True,999,0.00011470797471702099,0.0008397079072892666,weak_2x2_bal_strong_100_100,weak_null,True,1864,2311938656,-4.440892098500626e-16,0,0
100,100,0.025644739629517743,0.12535025836452401,0.02047044986328217,0.1186572583064418,-0.09970551873500627,-0.09818680844315963,0.060952382271908793,-1.6357936313337123,-1.6108772911475049,0.10188278537312172,0.1072064704933191,0.147,0.118,0.12,True,999,0.00011891697067767382,0.0008351249853149056,weak_2x2_bal_strong_100_100,weak_null,True,1865,2311938656,-4.440892098500626e-16,0,0
100,100,0.02440927043779595,0.07139087860353233,0.019240497564368297,0.06571723511521554,-0.04698160816573638,-0.04647673755084725,0.0473965790166859,-0.9912447088047551,-0.9805926612231903,0.3215661042291811,0.3267936547842589,0.411,0.325,0.329,True,999,0.0001449999399483204,0.0008208330255001783,weak_2x2_bal_strong_100_100,weak_null,True,1866,2311938656,-4.440892098500626e-16,0,0
100,100,0.051912047129490935,0.02579476570101419,0.046724493421635316,0.020141690039999105,0.026117281428476746,0.02658280338163621,0.04022870012563966,0.6492201176500596,0.6607920041814558,0.516196110151992,0.5087457112612841,0.638,0.513,0.501,True,999,0.0001129580195993185,0.000804582959972322,weak_2x2_bal_strong_100_100,weak_null,True,1867,2311938656,-4.440892098500626e-16,0,0
100,100,0.04782039371995339,0.08841486592047892,0.042630018693500915,0.081968322404677,-0.04059447220052553,-0.03933830371117608,0.05691688046115263,-0.7132237724840242,-0.6911535451776135,0.47570729814301194,0.48946905388804696,0.558,0.489,0.501,True,999,0.00010991597082465887,0.0008029580349102616,weak_2x2_bal_strong_100_100,weak_null,True,1868,2311938656,-4.440892098500626e-16,0,0
100,100,0.08049150769159152,0.018339938647362664,0.07527796212251303,0.012497204743269208,0.06215156904422886,0.06278075737924382,0.04405111433428339,1.410896636407187,1.425179778718647,0.15827509411596086,0.15410524003301132,0.313,0.159,0.152,True,999,0.0001099160872399807,0.0008579589193686843,weak_2x2_bal_strong_100_100,weak_null,True,1869,2311938656,-4.440892098500626e-16,0,0
100,100,0.08368073881203542,0.04184171028449646,0.07846208068889382,0.03565264405614954,0.04183902852753896,0.04280943663274428,0.05213502077962039,0.8025129347199542,0.8211262984569196,0.422256309279453,0.41157433169209867,0.573,0.411,0.404,True,999,0.00011100003030151129,0.0008207500213757157,weak_2x2_bal_strong_100_100,weak_null,True,1870,2311938656,-4.440892098500626e-16,0,0
100,100,0.054162821366467995,0.015770122102858275,0.04895860115743744,0.010276633657333889,0.03839269926360972,0.03868196750010355,0.037183925868535,1.0325079551671972,1.0402873445064658,0.30183422290719464,0.29820642207268666,0.476,0.286,0.279,True,999,0.00010950001887977123,0.0008178330026566982,weak_2x2_bal_strong_100_100,weak_null,True,1871,2311938656,-4.440892098500626e-16,0,0
100,100,0.02509373622103761,0.030938008181458476,0.01992232242085379,0.02522242688292664,-0.005844271960420866,-0.005300104462072852,0.03551837376434044,-0.16454221691558327,-0.14922148455439774,0.8693043153202469,0.8813788675663038,0.92,0.87,0.884,True,999,0.00010945799294859171,0.0008259169990196824,weak_2x2_bal_strong_100_100,weak_null,True,1872,2311938656,-4.440892098500626e-16,0,0
100,100,0.04823624357912337,0.09634653394738929,0.043031267256282035,0.08613490610482444,-0.04811029036826592,-0.0431036388485424,0.05788511246505719,-0.8311340916424422,-0.7446411868779258,0.4058978825807793,0.4564886621989104,0.461,0.387,0.432,True,999,0.00011258292943239212,0.0008208330255001783,weak_2x2_bal_strong_100_100,weak_null,True,1873,2311938656,-4.440892098500626e-16,0,0
100,100,0.08072202381269489,0.05034662616899377,0.07551191952371994,0.04435579038620574,0.03037539764370112,0.0311561291375142,0.05308668586550092,0.5721848547987993,0.5868915836345591,0.5671967468605464,0.5572765226650523,0.654,0.539,0.533,True,999,0.00012212502770125866,0.0008256249129772186,weak_2x2_bal_strong_100_100,weak_null,True,1874,2311938656,-4.440892098500626e-16,0,0
100,100,0.0514831577724274,0.00687095089548051,0.04626869441901249,0.0006154644481455307,0.04461220687694689,0.04565322997086696,0.0336292052044704,1.3265911759049391,1.3575470991148544,0.18464395639666265,0.17460743872422613,0.406,0.193,0.182,True,999,0.00011799996718764305,0.0008402919629588723,weak_2x2_bal_strong_100_100,weak_null,True,1875,2311938656,-4.440892098500626e-16,0,0
100,100,0.06822667887712641,0.047829950993235615,0.06302208908152807,0.04196866477914085,0.020396727883890797,0.021053424302387214,0.050388398601874544,0.4047901590413314,0.417822849833612,0.6856317630854953,0.6760766432001133,0.758,0.696,0.678,True,999,0.0001164580462500453,0.0008433329639956355,weak_2x2_bal_strong_100_100,weak_null,True,1876,2311938656,-4.440892098500626e-16,0,0
100,100,0.08375841016500285,0.05831611991087249,0.07853107122581093,0.05255191443215068,0.025442290254130362,0.025979156793660252,0.0548586684916651,0.4637788512492955,0.47356520870730523,0.6428061969647836,0.6358099901596116,0.728,0.645,0.631,True,999,0.00011712498962879181,0.0008708749664947391,weak_2x2_bal_strong_100_100,weak_null,True,1877,2311938656,-4.440892098500626e-16,0,0
100,100,0.12137664230102707,0.020109266173508444,0.11612045332105936,0.013683276698138513,0.10126737612751863,0.10243717662292084,0.05179727146632362,1.955071633326446,1.9776558440828518,0.05057461587444505,0.047967544762510736,0.187,0.066,0.062,True,999,0.00012437498662620783,0.000807542004622519,weak_2x2_bal_strong_100_100,weak_null,True,1878,2311938656,-4.440892098500626e-16,0,0
100,100,0.05901705585352923,0.10436004389237313,0.053820261823716464,0.09765959943058533,-0.0453429880388439,-0.04383933760686887,0.06277289926988877,-0.7223338186737897,-0.6983800034212845,0.4700892654235077,0.48493957846067026,0.558,0.488,0.505,True,999,0.00010970793664455414,0.0007988750003278255,weak_2x2_bal_strong_100_100,weak_null,True,1879,2311938656,-4.440892098500626e-16,0,0
100,100,0.06824620264403902,0.010181666169005343,0.06303453118903235,0.003839600332895543,0.05806453647503368,0.05919493085613681,0.03898270987481212,1.4894946159848905,1.5184919428698926,0.13635717005858194,0.12889042913153614,0.315,0.133,0.125,True,999,0.00010962493252009153,0.0008122500730678439,weak_2x2_bal_strong_100_100,weak_null,True,1880,2311938656,-4.440892098500626e-16,0,0
100,100,0.05901705585352923,0.04710839102644504,0.053820261823716464,0.04145299284566306,0.011908664827084192,0.012367268978053403,0.04775474250644292,0.24937135459326396,0.25897467620906656,0.8030735410775791,0.795654779556447,0.861,0.825,0.814,True,999,0.00010883400682359934,0.0008153750095516443,weak_2x2_bal_strong_100_100,weak_null,True,1881,2311938656,-4.440892098500626e-16,0,0
100,100,0.02534940484382453,0.05098122424948892,0.020174843777112983,0.04532118537139951,-0.02563181940566439,-0.025146341594286525,0.042184981040535696,-0.607605331884224,-0.5960970225427699,0.5434492636716677,0.5511104131427946,0.673,0.55,0.561,True,999,0.00011000002268701792,0.000820250017568469,weak_2x2_bal_strong_100_100,weak_null,True,1882,2311938656,-4.440892098500626e-16,0,0
100,100,0.04669225475435179,0.026003132308261012,0.04150132693094122,0.020046360174575284,0.02068912244609078,0.021454966756365934,0.03960874277099748,0.5223372669440011,0.5416725009528908,0.601435526064617,0.5880441367945565,0.768,0.633,0.617,True,999,0.000110041000880301,0.0008233339758589864,weak_2x2_bal_strong_100_100,weak_null,True,1883,2311938656,-4.440892098500626e-16,0,0
100,100,0.05376225482022501,0.028914262641775823,0.048566752437025684,0.02293995012980332,0.024847992178449185,0.025626802307222363,0.04236776248051841,0.5864834658161335,0.6048656055180187,0.5575506693803406,0.5452682980098331,0.637,0.605,0.484,True,999,0.0001140000531449914,0.0008476660586893559,weak_2x2_bal_strong_100_100,weak_null,True,1884,2311938656,-4.440892098500626e-16,0,0
100,100,0.07391015090475472,0.07179919780626359,0.06870545758084745,0.06545933361936562,0.0021109530984911307,0.0032461239614818282,0.05631798314577466,0.0374827538306387,0.057639208298342154,0.9701000909329753,0.9540360178668653,0.981,0.978,0.958,True,999,0.0001141249667853117,0.0008247919613495469,weak_2x2_bal_strong_100_100,weak_null,True,1885,2311938656,-4.440892098500626e-16,0,0
100,100,0.023908491417857114,0.028914262641775823,0.01872650629485406,0.02293995012980332,-0.005005771223918709,-0.00421344383494926,0.035159254723219395,-0.1423742130862878,-0.11983882673618433,0.8867844298505814,0.9046108242738913,0.927,0.883,0.9,True,999,0.00011458306107670069,0.0008749169064685702,weak_2x2_bal_strong_100_100,weak_null,True,1886,2311938656,-4.440892098500626e-16,0,0
100,100,0.04675984915959008,0.03790646555682897,0.04157349155005363,0.032155864688334646,0.008853383602761111,0.009417626861718986,0.043205996394865255,0.20491099248930356,0.21797036632716585,0.8376416666870432,0.8274522005382656,0.885,0.842,0.833,True,999,0.00012550002429634333,0.0008000420639291406,weak_2x2_bal_strong_100_100,weak_null,True,1887,2311938656,-4.440892098500626e-16,0,0
100,100,0.05131293593563868,0.054139241925843906,0.04612276262523096,0.047480433011870105,-0.0028263059902052245,-0.0013576703866391426,0.05081970781766977,-0.05561436914091292,-0.02671543078347033,0.9556490173028014,0.9786867055397899,0.961,0.954,0.965,True,999,0.00011216592974960804,0.0008152080699801445,weak_2x2_bal_strong_100_100,weak_null,True,1888,2311938656,-4.440892098500626e-16,0,0
100,100,0.02426508867076016,0.028914262641775823,0.019096178238271477,0.02293995012980332,-0.004649173971015663,-0.003843771891531844,0.03529719280951574,-0.13171511955937462,-0.10889738207440693,0.8952096260362707,0.9132838830993708,0.936,0.903,0.928,True,999,0.0001170419855043292,0.0008000420639291406,weak_2x2_bal_strong_100_100,weak_null,True,1889,2311938656,-4.440892098500626e-16,0,0
100,100,0.048134992198562765,0.047829950993235615,0.042943288259863266,0.04196866477914085,0.00030504120532715007,0.0009746234807224141,0.046832070281738206,0.006513511008418914,0.02081102703466135,0.9948030068775764,0.9833964013431464,1.0,1.0,0.991,True,999,0.00011420901864767075,0.0008233340922743082,weak_2x2_bal_strong_100_100,weak_null,True,1890,2311938656,-4.440892098500626e-16,0,0
100,100,0.03164956794221874,0.029610348990945223,0.02646463414231448,0.02414075040710628,0.0020392189512735137,0.0023238837352081987,0.03582426846136679,0.056922835799777055,0.06486897946609281,0.9546066634656699,0.9482783193552222,0.966,0.952,0.943,True,999,0.00010970793664455414,0.0008268329547718167,weak_2x2_bal_strong_100_100,weak_null,True,1891,2311938656,-4.440892098500626e-16,0,0
100,100,0.09401733744084795,0.028914262641775823,0.08871363216225348,0.02293995012980332,0.06510307479907212,0.06577368203245015,0.049004635900069676,1.3285084891117325,1.342193056317691,0.18401018101836208,0.1795334073146042,0.35,0.206,0.206,True,999,0.00011033297050744295,0.0008503330172970891,weak_2x2_bal_strong_100_100,weak_null,True,1892,2311938656,-4.440892098500626e-16,0,0
100,100,0.057020569720351855,0.07912142212268097,0.05181481148605371,0.07350626295172447,-0.02210085240232912,-0.021691451465670752,0.05433294475052521,-0.4067670637733192,-0.39923202331972024,0.6841790793098106,0.6897222493727772,0.728,0.677,0.687,True,999,0.00011099991388618946,0.0008414579788222909,weak_2x2_bal_strong_100_100,weak_null,True,1893,2311938656,-4.440892098500626e-16,0,0
100,100,0.07224581843876288,0.05887017359913571,0.06703649716345694,0.053285612703987795,0.013375644839627165,0.013750884459469148,0.05266087581046365,0.25399586759188386,0.26112145397963293,0.799498750622404,0.793998847582114,0.82,0.796,0.794,True,999,0.00010870909318327904,0.0008468339219689369,weak_2x2_bal_strong_100_100,weak_null,True,1894,2311938656,-4.440892098500626e-16,0,0
100,100,0.04787185412701289,0.047829950993235615,0.04263003448016889,0.04196866477914085,4.1903133777276835e-05,0.0006613697010280362,0.04648043383280166,0.0009015220023119796,0.01422899156679776,0.9992806896105668,0.9886472904005635,1.0,1.0,0.982,True,999,0.00011095800437033176,0.0008832080056890845,weak_2x2_bal_strong_100_100,weak_null,True,1895,2311938656,-4.440892098500626e-16,0,0
100,100,0.04675984915959008,0.00900239258683766,0.04157349155005363,0.003227948554481941,0.037757456572752424,0.03834554299557169,0.03315685582080264,1.138752624097227,1.1564891195598126,0.25480634689323944,0.24748114748603134,0.446,0.235,0.231,True,999,0.00011599995195865631,0.0007969170110300183,weak_2x2_bal_strong_100_100,weak_null,True,1896,2311938656,-4.440892098500626e-16,0,0
100,100,0.04553574499710511,0.06526171889034815,0.040353131483556126,0.05973956135656522,-0.019725973893243043,-0.019386429873009092,0.04905891600093581,-0.4020874389655647,-0.39516629092740846,0.6876196767154983,0.6927201683662699,0.756,0.683,0.688,True,999,0.00011037499643862247,0.0007915419992059469,weak_2x2_bal_strong_100_100,weak_null,True,1897,2311938656,-4.440892098500626e-16,0,0
100,100,0.008770486564131375,0.0821645684683413,0.0036056070293000175,0.07576903824890735,-0.07339408190420993,-0.07216343121960733,0.04803287154103772,-1.5279969643602178,-1.5023759543077337,0.12651329165822706,0.13300004275591512,0.138,0.125,0.126,True,999,0.00010870897676795721,0.000814792001619935,weak_2x2_bal_strong_100_100,weak_null,True,1898,2311938656,-4.440892098500626e-16,0,0
100,100,0.03229902154688313,0.07179919780626359,0.02711456863391959,0.06545933361936562,-0.03950017625938046,-0.038344764985446034,0.04926018499035619,-0.8018682079069237,-0.7784129311116655,0.42262919815937905,0.43632561793818414,0.515,0.431,0.444,True,999,0.00011049991007894278,0.0008152920054271817,weak_2x2_bal_strong_100_100,weak_null,True,1899,2311938656,-4.440892098500626e-16,0,0
100,100,0.02728866158457366,0.13404601185338816,0.022114991200652412,0.12820632788573505,-0.1067573502688145,-0.10609133668508264,0.0581991311288932,-1.8343461181985647,-1.8229024149883424,0.06660263240828891,0.0683181721054387,0.089,0.058,0.059,True,999,0.00010995892807841301,0.0008114170050248504,weak_2x2_bal_strong_100_100,weak_null,True,1900,2311938656,-4.440892098500626e-16,0,0
100,100,0.07391015090475472,0.03323451179011805,0.06870545758084745,0.02744909188184863,0.040675639114636675,0.04125636569899882,0.04686299409054143,0.8679692773374552,0.8803612850533974,0.385411151666478,0.37866362245778296,0.562,0.385,0.373,True,999,0.00010904204100370407,0.0008272909326478839,weak_2x2_bal_strong_100_100,weak_null,True,1901,2311938656,-4.440892098500626e-16,0,0
100,100,0.05247954414889877,0.0599450194984637,0.04728988711309512,0.05387704993734843,-0.007465475349564932,-0.006587162824253312,0.05137979455707048,-0.1452998287346712,-0.1282053165264523,0.884474149940419,0.8979864928134738,0.91,0.898,0.903,True,999,0.00010962504893541336,0.0008369579445570707,weak_2x2_bal_strong_100_100,weak_null,True,1902,2311938656,-4.440892098500626e-16,0,0
100,100,0.03339837382168831,0.026003132308261012,0.02821908310569654,0.020046360174575284,0.0073952415134272975,0.008172722931121257,0.036426595809822916,0.20301763996934,0.22436142465218706,0.8391212446113934,0.8224760842311342,0.868,0.83,0.83,True,999,0.00010879198089241982,0.0008483750279992819,weak_2x2_bal_strong_100_100,weak_null,True,1903,2311938656,-4.440892098500626e-16,0,0
100,100,0.05697138162392246,0.027811516091442445,0.05177894383153614,0.02188362188626769,0.02915986553248001,0.02989532194526845,0.04264295583402385,0.6838143595386981,0.7010612036751834,0.4940923979190426,0.4832648206182132,0.65,0.495,0.482,True,999,0.0001127501018345356,0.0008384590037167072,weak_2x2_bal_strong_100_100,weak_null,True,1904,2311938656,-4.440892098500626e-16,0,0
100,100,0.05879803751602253,0.0076460005235785,0.05360461857230803,-0.002567615869601525,0.05115203699244403,0.05617223444190955,0.03635489358777772,1.4070193017877795,1.545107931791452,0.1594216653451983,0.1223201587489964,0.384,0.134,0.113,True,999,0.00011191691737622023,0.0008363750530406833,weak_2x2_bal_strong_100_100,weak_null,True,1905,2311938656,-4.440892098500626e-16,0,0
100,100,0.08480595619440934,0.01934235776639015,0.07957885016601551,0.013470472808727152,0.06546359842801919,0.06610837735728836,0.04502537025970868,1.4539269316481296,1.468247278722458,0.1459665651927676,0.14203706603380858,0.278,0.142,0.14,True,999,0.00011479202657938004,0.0008072500349953771,weak_2x2_bal_strong_100_100,weak_null,True,1906,2311938656,-4.440892098500626e-16,0,0
100,100,0.049884488247439074,0.12301795836847618,0.044696008551312616,0.11275970474599717,-0.0731334701210371,-0.06806369619468455,0.06286134066304674,-1.163409328366884,-1.0827592201624174,0.24466346656203897,0.27891531060713026,0.285,0.254,0.296,True,999,0.0001116250641644001,0.0008132080547511578,weak_2x2_bal_strong_100_100,weak_null,True,1907,2311938656,-4.440892098500626e-16,0,0
100,100,0.12606076571727898,0.047829950993235615,0.12079100139708032,0.04196866477914085,0.07823081472404336,0.07882233661793947,0.058653377679045264,1.3337819204910413,1.3438669644783279,0.18227533782652006,0.17899141039171607,0.313,0.197,0.194,True,999,0.00011075008660554886,0.0008184589678421617,weak_2x2_bal_strong_100_100,weak_null,True,1908,2311938656,-4.440892098500626e-16,0,0
100,100,0.04725555557675609,0.04290193331568587,0.04206490692027387,0.036946140019274765,0.004353622261070222,0.0051187669009991055,0.04468188961963751,0.09743594772135203,0.1145602154379216,0.9223801983761477,0.9087937155064884,0.941,0.923,0.913,True,999,0.0001140419626608491,0.0008041659602895379,weak_2x2_bal_strong_100_100,weak_null,True,1909,2311938656,-4.440892098500626e-16,0,0
100,100,0.039534547637448014,0.006705548778738191,0.03435537000655131,-0.003535114285746488,0.032828998858709824,0.0378904842922978,0.03070896076330145,1.069036465015837,1.2338575891366075,0.2850532385356904,0.21725597546366515,0.611,0.288,0.231,True,999,0.00011745793744921684,0.0008299159817397594,weak_2x2_bal_strong_100_100,weak_null,True,1910,2311938656,-4.440892098500626e-16,0,0
100,100,0.09459370726667216,0.03973860287295844,0.08936301331438301,0.03379358606069616,0.054855104393713716,0.055569427253686854,0.05195605033406024,1.0557981994592258,1.0695467976567463,0.2910604210263744,0.28482335355435995,0.442,0.296,0.288,True,999,0.00011274998541921377,0.0008352500153705478,weak_2x2_bal_strong_100_100,weak_null,True,1911,2311938656,-4.440892098500626e-16,0,0
100,100,0.07457264285283094,0.05951801590185035,0.06936812884669052,0.05402158864015405,0.015054626950980587,0.015346540206536474,0.05261946756751102,0.2861037491811454,0.2916513776359822,0.7747986600980796,0.7705531886224308,0.805,0.767,0.766,True,999,0.00011233298573642969,0.000863624969497323,weak_2x2_bal_strong_100_100,weak_null,True,1912,2311938656,-4.440892098500626e-16,0,0
100,100,0.0653260642008755,0.021327678612898526,0.06012908305828546,0.014808974428923705,0.043998385587976974,0.045320108629361755,0.04273172643132314,1.0296421245392358,1.060572843978082,0.3031780331324667,0.28888406923061727,0.525,0.326,0.313,True,999,0.00012883299496024847,0.0008325829403474927,weak_2x2_bal_strong_100_100,weak_null,True,1913,2311938656,-4.440892098500626e-16,0,0
100,100,0.03284120813174418,0.012719472226070477,0.02766403529844297,0.002147787188381045,0.020121735905673704,0.025516248110061923,0.03217230438372436,0.625436576307325,0.793112231120452,0.5316845625871742,0.427712437317432,0.762,0.485,0.464,True,999,0.00011112494394183159,0.000817290972918272,weak_2x2_bal_strong_100_100,weak_null,True,1914,2311938656,-4.440892098500626e-16,0,0
100,100,0.03797954241746082,0.1207634183831292,0.03279393471292735,0.1106229021106131,-0.08278387596566839,-0.07782896739768574,0.058405641441151276,-1.4173952022953173,-1.332559072672888,0.1563674146082736,0.18267654366319275,0.18,0.167,0.199,True,999,0.0001093749888241291,0.0008068749448284507,weak_2x2_bal_strong_100_100,weak_null,True,1915,2311938656,-4.440892098500626e-16,0,0
100,100,0.1314154595623117,0.09555748124152108,0.12616110561219784,0.08956658658833305,0.03585797832079063,0.03659451902386479,0.06845635003031926,0.5238079200090154,0.5345671951200599,0.6004121442200505,0.592949172992832,0.657,0.614,0.609,True,999,0.00010887498501688242,0.0008352919248864055,weak_2x2_bal_strong_100_100,weak_null,True,1916,2311938656,-4.440892098500626e-16,0,0
100,100,0.03979716486732965,0.029492842442209344,0.03461814323193835,0.022582609109804253,0.010304322425120305,0.012035534122134095,0.04064887862828332,0.2534958594884977,0.29608526798965173,0.7998850603539521,0.7671649642991157,0.885,0.811,0.771,True,999,0.00011433300096541643,0.0008097499376162887,weak_2x2_bal_strong_100_100,weak_null,True,1917,2311938656,-4.440892098500626e-16,0,0
100,100,0.004881541615909035,0.037813861824602724,-0.0002768280315024185,0.031666332610974735,-0.03293232020869369,-0.03194316064247715,0.033919276000674854,-0.9709028048841157,-0.9417406386221692,0.3315966812874256,0.3463254434870533,0.523,0.341,0.351,True,999,0.00011045800056308508,0.0007990000303834677,weak_2x2_bal_strong_100_100,weak_null,True,1918,2311938656,-4.440892098500626e-16,0,0
100,100,0.04572033088704963,0.014418603318262557,0.04053781125691103,0.008086073546841988,0.031301727568787074,0.03245173771006904,0.03544499957580191,0.883107009265041,0.915551928295794,0.37717845743303313,0.35990195450877094,0.58,0.356,0.345,True,999,0.0001092500751838088,0.0008020419627428055,weak_2x2_bal_strong_100_100,weak_null,True,1919,2311938656,-4.440892098500626e-16,0,0
100,100,0.07686211195978021,0.012293808475890677,0.07164752837876165,0.005981867305230537,0.06456830348388953,0.06566566107353111,0.04157974560898459,1.5528787523398784,1.5792703902291796,0.12045210381950122,0.11427405044777272,0.347,0.131,0.123,True,999,0.00010850001126527786,0.0008156249532476068,weak_2x2_bal_strong_100_100,weak_null,True,1920,2311938656,-4.440892098500626e-16,0,0
100,100,0.05889111331690178,0.05370605772941539,0.053681268601962984,0.04814587075379961,0.005185055587486387,0.00553539784816337,0.04897711195557071,0.10586691171561889,0.11302009504326782,0.9156879471213871,0.9100146237477276,0.936,0.927,0.922,True,999,0.00010791700333356857,0.0008537500398233533,weak_2x2_bal_strong_100_100,weak_null,True,1921,2311938656,-4.440892098500626e-16,0,0
100,100,0.15311152327895583,0.04348535003939452,0.14783792574615973,0.03765412835063131,0.10962617323956131,0.11018379739552842,0.06095427637056035,1.798498477335849,1.807646714164667,0.07209804972711037,0.07066150279703581,0.191,0.097,0.095,True,999,0.00010891607962548733,0.0008254171116277575,weak_2x2_bal_strong_100_100,weak_null,True,1922,2311938656,-4.440892098500626e-16,0,0
100,100,0.017876396390911986,0.08259152108057577,0.012707104958536775,0.07586514402220246,-0.06471512468966378,-0.06315803906366568,0.052210728889346844,-1.2394985870972652,-1.2096754902142832,0.21516091168611806,0.22640343833136622,0.326,0.227,0.233,True,999,0.00010670803021639585,0.0008330829441547394,weak_2x2_bal_strong_100_100,weak_null,True,1923,2311938656,-4.440892098500626e-16,0,0
100,100,0.07457264285283094,0.0599450194984637,0.06936812884669052,0.05387704993734843,0.014627623354367236,0.015491078909342093,0.05498933389451839,0.266008375050082,0.28171061208083337,0.7902327589809608,0.778165416664543,0.853,0.787,0.784,True,999,0.00010737497359514236,0.000837916973978281,weak_2x2_bal_strong_100_100,weak_null,True,1924,2311938656,-4.440892098500626e-16,0,0
100,100,0.05636923747073441,0.0637569928544609,0.05117486174093244,0.057317970325222234,-0.007387755383726491,-0.0061431085842897915,0.05288548727371768,-0.1396934350909906,-0.11615868361947969,0.8889022135843211,0.9075267807251487,0.901,0.88,0.897,True,999,0.00010900001507252455,0.0008282499620690942,weak_2x2_bal_strong_100_100,weak_null,True,1925,2311938656,-4.440892098500626e-16,0,0
100,100,0.09459370726667216,0.021786221343680856,0.08936301331438301,0.01590197713895236,0.0728074859229913,0.07346103617543065,0.04749768861162596,1.532863767715431,1.546623389952699,0.12530942481470322,0.12195408619508116,0.265,0.111,0.109,True,999,0.00011366698890924454,0.0008322920184582472,weak_2x2_bal_strong_100_100,weak_null,True,1926,2311938656,-4.440892098500626e-16,0,0
100,100,0.10986868819473494,0.02579476570101419,0.10463409352867359,0.020141690039999105,0.08407392249372075,0.08449240348867448,0.05082271633706625,1.6542587361156764,1.66249286890343,0.09807495323262055,0.09641399200004927,0.208,0.091,0.091,True,999,0.0001429590629413724,0.0008173339301720262,weak_2x2_bal_strong_100_100,weak_null,True,1927,2311938656,-4.440892098500626e-16,0,0
100,100,0.04572033088704963,0.009972799093517393,0.04053781125691103,0.003694286584455142,0.03574753179353224,0.036843524672455885,0.03352636425344786,1.0662513693191755,1.0989418474944501,0.2863100264100351,0.2717934318835311,0.513,0.272,0.244,True,999,0.00011733407154679298,0.0007951660081744194,weak_2x2_bal_strong_100_100,weak_null,True,1928,2311938656,-4.440892098500626e-16,0,0
100,100,0.02440927043779595,0.061657590713618426,0.019240497564368297,0.05574835576236836,-0.03724832027582248,-0.036507858198000065,0.045082049606837274,-0.8262339578760698,-0.8098091927138817,0.4086713886019697,0.4180498483761864,0.518,0.416,0.424,True,999,0.00010795809794217348,0.0007946670521050692,weak_2x2_bal_strong_100_100,weak_null,True,1929,2311938656,-4.440892098500626e-16,0,0
100,100,0.04106131032185378,0.03435082088740771,0.035877582907573924,0.028229417306931737,0.006710489434446076,0.007648165600642187,0.04149741411282037,0.16170861673939613,0.18430463112349293,0.8715353186793998,0.8537744810511386,0.913,0.874,0.842,True,999,0.00010754202958196402,0.0008656668942421675,weak_2x2_bal_strong_100_100,weak_null,True,1930,2311938656,-4.440892098500626e-16,0,0
100,100,0.018877860486297915,0.0766809766511023,0.013708289969102339,0.07031843495140322,-0.05780311616480438,-0.05661014498230088,0.04826598622992774,-1.1975952566149588,-1.1728786543928378,0.2310746236256206,0.24084447059435665,0.362,0.255,0.269,True,999,0.00011458294466137886,0.0007969579892233014,weak_2x2_bal_strong_100_100,weak_null,True,1931,2311938656,-4.440892098500626e-16,0,0
100,100,0.014797255303872214,0.05285251661877827,0.009625312897426852,0.04694417163658926,-0.03805526131490605,-0.03731885873916241,0.04151860360691802,-0.9165833628509874,-0.8988466734691475,0.3593610057498665,0.36873433556680246,0.528,0.365,0.369,True,999,0.00010912504512816668,0.000794542022049427,weak_2x2_bal_strong_100_100,weak_null,True,1932,2311938656,-4.440892098500626e-16,0,0
100,100,0.07204088145765386,0.10370638498886492,0.06682055238309204,0.09762537739714361,-0.03166550353121106,-0.030804825014051573,0.0630171050301442,-0.5024906097489544,-0.4888327542072284,0.6153224560947348,0.6249601069014932,0.663,0.634,0.643,True,999,0.00010895892046391964,0.0008226250065490603,weak_2x2_bal_strong_100_100,weak_null,True,1933,2311938656,-4.440892098500626e-16,0,0
100,100,0.035422020458493186,0.03132340886366941,0.030240250363220866,0.025219550995373652,0.004098611594823776,0.0050206993678472145,0.03896889414497948,0.10517649229601801,0.12883864112664464,0.9162357636780736,0.8974853291263049,0.938,0.923,0.91,True,999,0.00011570798233151436,0.0008256250293925405,weak_2x2_bal_strong_100_100,weak_null,True,1934,2311938656,-4.440892098500626e-16,0,0
100,100,0.024908305558752786,0.0823181016739924,0.019733330573686203,0.07641632462659231,-0.05740979611523961,-0.05668299405290611,0.05019123859364257,-1.1438210676576404,-1.1293404116168955,0.2526978508464479,0.2587542595464495,0.333,0.256,0.264,True,999,0.00011479202657938004,0.0008216670248657465,weak_2x2_bal_strong_100_100,weak_null,True,1935,2311938656,-4.440892098500626e-16,0,0
100,100,0.0892511403303553,0.008053899458767777,0.08403255677333732,-0.0022076888296354014,0.08119724087158753,0.08624024560297272,0.043056167976637374,1.8858445766851757,2.0029707625111315,0.05931590195665969,0.04518042678997718,0.291,0.073,0.056,True,999,0.00011708296369761229,0.0008284159703180194,weak_2x2_bal_strong_100_100,weak_null,True,1936,2311938656,-4.440892098500626e-16,0,0
100,100,0.08209242490492885,0.03161078068202461,0.07688264482766272,0.025641359589876345,0.05048164422290424,0.05124128523778637,0.048647815634310566,1.0376960109037312,1.053311121366088,0.29941160271236456,0.2921984234611352,0.447,0.285,0.274,True,999,0.0001164580462500453,0.0008397079072892666,weak_2x2_bal_strong_100_100,weak_null,True,1937,2311938656,-4.440892098500626e-16,0,0
100,100,0.028350337108182133,0.09454061472270575,0.023175835961268376,0.08879554201865858,-0.06619027761452362,-0.0656197060573902,0.053204781608190976,-1.2440663341494385,-1.2333422687574367,0.21347515021096786,0.21744809409706345,0.305,0.232,0.234,True,999,0.00011595792602747679,0.0008322920184582472,weak_2x2_bal_strong_100_100,weak_null,True,1938,2311938656,-4.440892098500626e-16,0,0
100,100,0.02426508867076016,0.11805820944528567,0.019096178238271477,0.11226606969795938,-0.0937931207745255,-0.0931698914596879,0.05689381737329989,-1.6485643801876855,-1.6376101263933165,0.09923691111256272,0.10150304929128307,0.125,0.096,0.097,True,999,0.00011470797471702099,0.0008670419920235872,weak_2x2_bal_strong_100_100,weak_null,True,1939,2311938656,-4.440892098500626e-16,0,0
100,100,0.043304782161658006,0.0731082511954878,0.03811953542025037,0.06737970176225616,-0.0298034690338298,-0.02926016634200579,0.051330578829101976,-0.5806182145940006,-0.570033827972668,0.5614977934331997,0.5686547545378553,0.643,0.566,0.567,True,999,0.00011079199612140656,0.0007922910153865814,weak_2x2_bal_strong_100_100,weak_null,True,1940,2311938656,-4.440892098500626e-16,0,0
100,100,0.028891616580002832,0.04213341673780796,0.023717568023087665,0.036352756869959535,-0.013241800157805128,-0.01263518884687187,0.04081070917735735,-0.32446875892938315,-0.3096047361480829,0.7455831706987088,0.7568615542313156,0.806,0.756,0.774,True,999,0.00010837509762495756,0.0007996660424396396,weak_2x2_bal_strong_100_100,weak_null,True,1941,2311938656,-4.440892098500626e-16,0,0
100,100,0.024220921907809778,0.08584246853916994,0.019048678602729296,0.08019040491035412,-0.06162154663136016,-0.06114172630762482,0.050359040821812036,-1.2236441684701427,-1.2141161807264302,0.22108648989037305,0.224703361985226,0.296,0.216,0.225,True,999,0.00010820804163813591,0.0008142080623656511,weak_2x2_bal_strong_100_100,weak_null,True,1942,2311938656,-4.440892098500626e-16,0,0
100,100,0.04388246162218301,0.001901053344119663,0.038698974724681534,-0.008192911315482831,0.04198140827806335,0.046891886040164366,0.029750415490613604,1.4111200662494505,1.5761758371058372,0.158209214187094,0.11498528546365455,0.457,0.18,0.118,True,999,0.00010774994734674692,0.0008417909266427159,weak_2x2_bal_strong_100_100,weak_null,True,1943,2311938656,-4.440892098500626e-16,0,0
100,100,0.05879803751602253,0.011631171464202505,0.05360461857230803,0.005282268037987592,0.04716686605182002,0.048322350534320435,0.0374590795503965,1.25915710204152,1.290003681732456,0.207973592702692,0.1970493797884768,0.46,0.217,0.194,True,999,0.00010958395432680845,0.0008304589428007603,weak_2x2_bal_strong_100_100,weak_null,True,1944,2311938656,-4.440892098500626e-16,0,0
100,100,0.03979716486732965,0.0637569928544609,0.034618143231881504,0.057317970325222234,-0.023959827987131255,-0.02269982709334073,0.049947480977249555,-0.4797004276961365,-0.45447391238169177,0.6314404237425619,0.6494877643814374,0.695,0.629,0.654,True,999,0.0001117499778047204,0.0008367500267922878,weak_2x2_bal_strong_100_100,weak_null,True,1945,2311938656,-4.440892098500626e-16,0,0
100,100,0.015740935765435338,0.04213341673780796,0.010575392507249148,0.036352756869959535,-0.026392480972372623,-0.025777364362710387,0.03760972999386537,-0.7017460900856659,-0.685390838139891,0.4828375241403273,0.493097323887011,0.592,0.486,0.5,True,999,0.00011324998922646046,0.0008401250233873725,weak_2x2_bal_strong_100_100,weak_null,True,1946,2311938656,-4.440892098500626e-16,0,0
100,100,0.0204729988903809,0.10954073903811012,0.015299999900904027,0.10380644819318263,-0.08906774014772922,-0.0885064482922786,0.05435131614843807,-1.6387411834605374,-1.6284140764974295,0.10126717312903717,0.10343711484380028,0.087,0.08,0.08,True,999,0.00011441600508987904,0.0008494590874761343,weak_2x2_bal_strong_100_100,weak_null,True,1947,2311938656,-4.440892098500626e-16,0,0
100,100,0.0747907071431303,0.020109266173508444,0.06955804872060867,0.013683276698138513,0.05468144096962185,0.055874772022470154,0.04390993635230016,1.245309046474112,1.2724858349639405,0.21301817159943037,0.203200553813479,0.426,0.213,0.201,True,999,0.0001526669366285205,0.0008477499941363931,weak_2x2_bal_strong_100_100,weak_null,True,1948,2311938656,-4.440892098500626e-16,0,0
100,100,0.0073241466903463115,0.02412853319108388,0.0021622665760219206,0.018242160538811447,-0.016804386500737567,-0.016079893962789527,0.027853771984481763,-0.6033073908302199,-0.5772968189639864,0.5463042171279457,0.5637389622068484,0.738,0.559,0.576,True,999,0.00011587503831833601,0.0008296670857816935,weak_2x2_bal_strong_100_100,weak_null,True,1949,2311938656,-4.440892098500626e-16,0,0
100,100,0.0433623668457952,0.0041316070112671355,0.0381593532142972,-0.00209649359168651,0.03923075983452806,0.04025584680598371,0.03030696851084666,1.2944468471166173,1.3282703214469112,0.1955111178339225,0.1840888205360629,0.474,0.192,0.177,True,999,0.00011395791079849005,0.0008333750301972032,weak_2x2_bal_strong_100_100,weak_null,True,1950,2311938656,-4.440892098500626e-16,0,0
100,100,0.07556761288570846,0.04108292833145211,0.0703592093314569,0.035488815286555564,0.03448468455425635,0.03487039404490133,0.0490128963442574,0.7035838957984116,0.7114534468638257,0.48169194324272613,0.4768032890933448,0.609,0.482,0.479,True,999,0.00011508306488394737,0.0008359170751646161,weak_2x2_bal_strong_100_100,weak_null,True,1951,2311938656,-4.440892098500626e-16,0,0
100,100,0.06954414077971316,0.09165906039433735,0.06433286090916113,0.08579948360241474,-0.022114919614624196,-0.021466622693253612,0.058700978373922505,-0.3767385182876031,-0.36569446179435416,0.7063679349188645,0.7145930791620316,0.741,0.71,0.711,True,999,0.00011374999303370714,0.0008356670150533319,weak_2x2_bal_strong_100_100,weak_null,True,1952,2311938656,-4.440892098500626e-16,0,0
100,100,0.09855294390405467,0.06266501567668914,0.09332836474388273,0.05690298795410342,0.03588792822736553,0.03642537678977931,0.05827746978204224,0.615811365208311,0.6250336009097551,0.538019025503264,0.5319490053147877,0.652,0.567,0.557,True,999,0.00011650007218122482,0.0008358750492334366,weak_2x2_bal_strong_100_100,weak_null,True,1953,2311938656,-4.440892098500626e-16,0,0
100,100,0.020168903711830666,0.03161078068202461,0.015002401593903869,0.025641359589876345,-0.011441876970193943,-0.010638957995972476,0.03545781382860158,-0.322689859716182,-0.30004551457683776,0.7469301324452899,0.7641424384490644,0.835,0.753,0.766,True,999,0.00011487491428852081,0.0008486669976264238,weak_2x2_bal_strong_100_100,weak_null,True,1954,2311938656,-4.440892098500626e-16,0,0
100,100,0.15127932494327567,0.07139087860353233,0.14595192894068987,0.06571723511521554,0.07988844633974335,0.08023469382547432,0.06529225751032014,1.223551602992378,1.2288546434895802,0.2211214262816651,0.2191263096263324,0.298,0.229,0.229,True,999,0.00011420808732509613,0.0008421249222010374,weak_2x2_bal_strong_100_100,weak_null,True,1955,2311938656,-4.440892098500626e-16,0,0
100,100,0.013047219310541203,0.10013693174978788,0.007881696674047589,0.09376123091562505,-0.08708971243924668,-0.08587953424157746,0.0523771485788128,-1.6627425280358912,-1.639637448234759,0.09636398533169403,0.10108057191891821,0.148,0.104,0.113,True,999,0.00011374999303370714,0.000887208036147058,weak_2x2_bal_strong_100_100,weak_null,True,1956,2311938656,-4.440892098500626e-16,0,0
100,100,0.11037398393080611,0.07791227811752865,0.10513945511530665,0.07239614232034342,0.03246170581327745,0.03274331279496323,0.06118546978779968,0.5305459927963205,0.5351485068027085,0.5957334294187098,0.5925471701143917,0.665,0.612,0.612,True,999,0.00011491600889712572,0.000801375019364059,weak_2x2_bal_strong_100_100,weak_null,True,1957,2311938656,-4.440892098500626e-16,0,0
100,100,0.012832374397970359,0.018339938647362775,0.007658012213724419,0.012497204743269208,-0.005507564249392416,-0.004839192529544789,0.02669792433332837,-0.20629185177954246,-0.18125725689857394,0.8365629429921149,0.8561656543046927,0.896,0.836,0.855,True,999,0.0001092500751838088,0.0008045409340411425,weak_2x2_bal_strong_100_100,weak_null,True,1958,2311938656,-4.440892098500626e-16,0,0
100,100,0.021782874767872773,0.12413697794991713,0.016610213970380983,0.11840896262023648,-0.10235410318204435,-0.1017987486498555,0.05673197923620583,-1.8041694395305514,-1.794380348092782,0.07120474860930207,0.07275248141790794,0.094,0.083,0.084,True,999,0.00011112494394183159,0.0007939169881865382,weak_2x2_bal_strong_100_100,weak_null,True,1959,2311938656,-4.440892098500626e-16,0,0
100,100,0.034206006545573486,0.051632984824524775,0.02903104905192322,0.04595492632088849,-0.01742697827895129,-0.01692387726896527,0.044292602160033646,-0.393451218241499,-0.38209263948452593,0.6939862468421312,0.7023926512227241,0.762,0.699,0.706,True,999,0.00010895798914134502,0.000797332962974906,weak_2x2_bal_strong_100_100,weak_null,True,1960,2311938656,-4.440892098500626e-16,0,0
100,100,0.0742358884664911,0.0016960860677594503,0.06902712915848497,-0.00838503740946095,0.07253980239873165,0.07741216656794592,0.037555712647865905,1.9315251205292654,2.061262085312735,0.05341814583995886,0.03927804327633527,0.238,0.055,0.04,True,999,0.00010933296289294958,0.0008258749730885029,weak_2x2_bal_strong_100_100,weak_null,True,1961,2311938656,-4.440892098500626e-16,0,0
100,100,0.02542843225867286,0.024105915469658346,0.020229665779510242,0.017553762352775948,0.0013225167890145162,0.002675903426734294,0.03455330188763283,0.038274686260529725,0.07744277046044164,0.9694686734310813,0.9382713170174783,0.986,0.975,0.949,True,999,0.00011620798613876104,0.000826458097435534,weak_2x2_bal_strong_100_100,weak_null,True,1962,2311938656,-4.440892098500626e-16,0,0
100,100,0.003655549414490089,0.0048277159395560265,-0.001507320496514808,-0.005325892227261875,-0.0011721665250659374,0.003818571730747067,0.014100902852494854,-0.0831270548650399,0.2708033500189282,0.9337505136188172,0.7865422831806312,0.987,0.938,0.789,True,999,0.00011420808732509613,0.0008287919918075204,weak_2x2_bal_strong_100_100,weak_null,True,1963,2311938656,-4.440892098500626e-16,0,0
100,100,0.07916172079330497,0.0599450194984637,0.07393844187591014,0.05387704993734843,0.019216701294841265,0.020061391938561712,0.05557700399929248,0.34576713230324363,0.36096569615046364,0.7295177279361389,0.7181250911283206,0.772,0.735,0.718,True,999,0.00012049998622387648,0.0008309580152854323,weak_2x2_bal_strong_100_100,weak_null,True,1964,2311938656,-4.440892098500626e-16,0,0
100,100,0.04620082918151336,0.00507913383146541,0.04101419296897291,-0.0011516473767869684,0.04112169535004795,0.042165840345759875,0.03160991865486626,1.3009111411843945,1.3339433361454907,0.19328887212396018,0.1822224276001474,0.401,0.192,0.188,True,999,0.00011599995195865631,0.0008828749414533377,weak_2x2_bal_strong_100_100,weak_null,True,1965,2311938656,-4.440892098500626e-16,0,0
100,100,0.03895131231666282,0.09831973988191745,0.03376976820115374,0.08819270834362669,-0.05936842756525462,-0.05442294014247295,0.05474406291906808,-1.0844724413864395,-0.9941341077100933,0.27815537958523295,0.3201575821260103,0.328,0.263,0.315,True,999,0.00011550006456673145,0.0008106249151751399,weak_2x2_bal_strong_100_100,weak_null,True,1966,2311938656,-4.440892098500626e-16,0,0
100,100,0.02951376404416095,0.024579701904333562,0.024340219921725748,0.018677922847224693,0.004934062139827389,0.005662297074501055,0.034857103300923974,0.14155112366140302,0.16244313320065704,0.8874345757329202,0.8709569064941882,0.939,0.905,0.878,True,999,0.00013462500646710396,0.0008094579679891467,weak_2x2_bal_strong_100_100,weak_null,True,1967,2311938656,-4.440892098500626e-16,0,0
100,100,0.06707733961080509,0.01601655991279033,0.06187720775957928,0.010186179318175448,0.05106077969801476,0.05169102844140383,0.04053917378289448,1.2595416959277022,1.275088355728031,0.20783473965916122,0.2022779703751465,0.439,0.234,0.222,True,999,0.00011274998541921377,0.0008021249668672681,weak_2x2_bal_strong_100_100,weak_null,True,1968,2311938656,-4.440892098500626e-16,0,0
100,100,0.051912047129490935,0.06266501567668914,0.046724493421635316,0.05690298795410342,-0.010752968547198205,-0.010178494532468108,0.051038815295505566,-0.21068217365431485,-0.19942654376941263,0.8331352857559025,0.8419290985558039,0.872,0.833,0.839,True,999,0.00011120806448161602,0.0008028330048546195,weak_2x2_bal_strong_100_100,weak_null,True,1969,2311938656,-4.440892098500626e-16,0,0
100,100,0.08243557958001091,0.07627174240931281,0.07722587845455564,0.06603755964470537,0.0061638371706981,0.011188318809850273,0.05956798334506855,0.10347567308082094,0.18782436774866107,0.9175854559080336,0.8510143330152659,0.929,0.893,0.828,True,999,0.00011487491428852081,0.0008110000053420663,weak_2x2_bal_strong_100_100,weak_null,True,1970,2311938656,-4.440892098500626e-16,0,0
100,100,0.06718384749826711,0.02579476570101419,0.06198374887688374,0.020141690039999105,0.041389081797252925,0.04184205883688463,0.043411277655504274,0.9534177299664216,0.9638522774871456,0.34037846169100405,0.3351199926765094,0.486,0.329,0.32,True,999,0.0001177079975605011,0.0008112909272313118,weak_2x2_bal_strong_100_100,weak_null,True,1971,2311938656,-4.440892098500626e-16,0,0
100,100,0.05866276297061179,0.06958485096707728,0.05345957433532078,0.06373666501704633,-0.01092208799646549,-0.010277090681725554,0.0541622320182797,-0.20165505721365576,-0.18974643951632283,0.8401863998558807,0.8495078283376443,0.863,0.835,0.841,True,999,0.00011879100929945707,0.0008339170599356294,weak_2x2_bal_strong_100_100,weak_null,True,1972,2311938656,-4.440892098500626e-16,0,0
100,100,0.1301314598559593,0.03627735739012716,0.12485577959621708,0.030481166935288684,0.09385410246583215,0.09437461266092839,0.056246675772381786,1.668615988003265,1.67787004947354,0.09519350828825289,0.09337247059021711,0.219,0.111,0.109,True,999,0.00011879194062203169,0.0008234160486608744,weak_2x2_bal_strong_100_100,weak_null,True,1973,2311938656,-4.440892098500626e-16,0,0
100,100,0.08209242490492885,0.027811516091442445,0.07688264482766272,0.02188362188626769,0.054280908813486406,0.054999022941395026,0.04740062566126262,1.1451517370549515,1.1603016241691102,0.2521463069068134,0.24592602348394477,0.415,0.25,0.245,True,999,0.0001426249509677291,0.000863292021676898,weak_2x2_bal_strong_100_100,weak_null,True,1974,2311938656,-4.440892098500626e-16,0,0
100,100,0.07123574591686399,0.0637569928544609,0.0660229525078222,0.057317970325222234,0.007478753062403087,0.008704982182599963,0.055398296359282236,0.13499969410431137,0.15713447442759498,0.8926121161867087,0.8751388683938851,0.918,0.902,0.873,True,999,0.00011137500405311584,0.0008125409949570894,weak_2x2_bal_strong_100_100,weak_null,True,1975,2311938656,-4.440892098500626e-16,0,0
100,100,0.05516280997103529,0.03966916030556733,0.049967926373071236,0.03385839212969444,0.015493649665467957,0.0161095342433768,0.045466254078203566,0.34077251314388757,0.35431848455489273,0.7332748445666581,0.7231002164828504,0.857,0.746,0.744,True,999,0.00011041609104722738,0.0007931250147521496,weak_2x2_bal_strong_100_100,weak_null,True,1976,2311938656,-4.440892098500626e-16,0,0
100,100,0.05818888357910945,0.07792438230488541,0.05299523256310579,0.07190848403553929,-0.019735498725775957,-0.0189132514724335,0.05613807528335276,-0.351552820900298,-0.33690594800356566,0.7251736526326444,0.7361878013327166,0.772,0.709,0.721,True,999,0.00010850001126527786,0.0008191249798983335,weak_2x2_bal_strong_100_100,weak_null,True,1977,2311938656,-4.440892098500626e-16,0,0
100,100,0.051912047129490935,0.07312613021967823,0.046724493421635316,0.06753671484835877,-0.021214083090187297,-0.020812221426723454,0.052080926539762526,-0.4073292181925922,-0.39961311768971364,0.6837662058631832,0.6894414932275235,0.722,0.693,0.693,True,999,0.00011225009802728891,0.0008014999330043793,weak_2x2_bal_strong_100_100,weak_null,True,1978,2311938656,-4.440892098500626e-16,0,0
100,100,0.057778977696978706,0.07662096794768891,0.05258685887258707,0.07068661843629798,-0.018841990250710206,-0.018099759563710904,0.055849930814054885,-0.33736819322914063,-0.3240784598994708,0.7358393587438425,0.7458786341495811,0.797,0.728,0.742,True,999,0.00011179200373589993,0.0007972499588504434,weak_2x2_bal_strong_100_100,weak_null,True,1979,2311938656,-4.440892098500626e-16,0,0
100,100,0.009836267002215071,0.007214441296363672,0.004676295423678312,-0.0032766228285119325,0.0026218257058513994,0.007952918252190244,0.01979310081637496,0.1324615950868267,0.40180254352116185,0.8946191979812269,0.6878293500999315,0.937,0.888,0.654,True,999,0.00011074997019022703,0.0008124170126393437,weak_2x2_bal_strong_100_100,weak_null,True,1980,2311938656,-4.440892098500626e-16,0,0
100,100,0.05247954414889877,0.01956262476161119,0.04728988711309512,0.013944530997875404,0.03291691938728758,0.033345356115219715,0.03821169262936715,0.8614357837158375,0.8726479729294309,0.3889980748270154,0.38285498375853455,0.554,0.386,0.378,True,999,0.00011616700794547796,0.000815875013358891,weak_2x2_bal_strong_100_100,weak_null,True,1981,2311938656,-4.440892098500626e-16,0,0
100,100,0.058386195386126105,0.05285251661877827,0.053194310284851554,0.04694417163658926,0.005533678767347838,0.006250138648262293,0.05031028329005263,0.10999100791074176,0.12423183173564187,0.9124165062924948,0.9011317193759021,0.937,0.906,0.892,True,999,0.00011620798613876104,0.0008484580321237445,weak_2x2_bal_strong_100_100,weak_null,True,1982,2311938656,-4.440892098500626e-16,0,0
100,100,0.024220921907809778,0.0025923775661652604,0.019048678602729296,-0.007509651547323415,0.021628544341644518,0.02655833015005271,0.02313493790782301,0.9348866388930697,1.1479749915850042,0.34984672346954615,0.2509788879573922,0.664,0.369,0.259,True,999,0.00012679200153797865,0.0008488749153912067,weak_2x2_bal_strong_100_100,weak_null,True,1983,2311938656,-4.440892098500626e-16,0,0
100,100,0.10307039620116387,0.047039700673127016,0.09783509384494948,0.04121198737109211,0.056030695528036856,0.056623106473857376,0.05556521756981257,1.0083771463261069,1.019038689135261,0.31327344001082313,0.3081845993127822,0.467,0.346,0.339,True,999,0.00011858297511935234,0.0008453329792246222,weak_2x2_bal_strong_100_100,weak_null,True,1984,2311938656,-4.440892098500626e-16,0,0
100,100,0.05940846856642301,0.0678620852186228,0.054215277101889114,0.06065896334129661,-0.008453616652199791,-0.006443686239407498,0.056831412279055256,-0.1487490159612891,-0.11338247601111023,0.8817516823026951,0.9097273322326502,0.899,0.881,0.906,True,999,0.00011662498582154512,0.0008499580435454845,weak_2x2_bal_strong_100_100,weak_null,True,1985,2311938656,-4.440892098500626e-16,0,0
100,100,0.10466123470146171,0.04213341673780796,0.0994289617604096,0.036352756869959535,0.06252781796365375,0.06307620489045007,0.05462636241756558,1.1446454641385273,1.1546843336975954,0.252356050989201,0.24821971726085745,0.384,0.242,0.241,True,999,0.00011491694021970034,0.0008322079665958881,weak_2x2_bal_strong_100_100,weak_null,True,1986,2311938656,-4.440892098500626e-16,0,0
100,100,0.06386200406420894,0.07178902991261055,0.058663610207815964,0.06582413978862434,-0.007927025848401603,-0.007160529580808372,0.055353248516328384,-0.14320796088531731,-0.12936060254342838,0.8861259427518404,0.8970723203053582,0.943,0.893,0.919,True,999,0.00011529203038662672,0.0008363330271095037,weak_2x2_bal_strong_100_100,weak_null,True,1987,2311938656,-4.440892098500626e-16,0,0
100,100,0.028983205450210936,0.037813861824602724,0.02380625383965196,0.031666332610974735,-0.008830656374391788,-0.007860078771322776,0.04019885821820272,-0.21967430832135224,-0.19552990108966828,0.8261248149144027,0.8449781317237316,0.882,0.813,0.854,True,999,0.00012070802040398121,0.0008425420382991433,weak_2x2_bal_strong_100_100,weak_null,True,1988,2311938656,-4.440892098500626e-16,0,0
100,100,0.13580644736506164,0.05831611991087249,0.1305311972693204,0.05255191443215068,0.07749032745418916,0.0779792828371697,0.06160610462534945,1.257835208465749,1.2657720093064135,0.2084513595843227,0.205594719024069,0.306,0.203,0.203,True,999,0.00011749996338039637,0.0008471250766888261,weak_2x2_bal_strong_100_100,weak_null,True,1989,2311938656,-4.440892098500626e-16,0,0
100,100,0.056971381623922235,0.05285251661877827,0.05177894383153614,0.04694417163658926,0.004118865005143968,0.004834772194946879,0.05007910480435531,0.08224717716570995,0.09654270406459833,0.9344501585432379,0.9230895593623358,0.942,0.942,0.942,True,999,0.00011641590390354395,0.0008577080443501472,weak_2x2_bal_strong_100_100,weak_null,True,1990,2311938656,-4.440892098500626e-16,0,0
100,100,0.05697138162392246,0.02413775156145387,0.05177894383153614,0.017281575350537537,0.03283363006246859,0.0344973684809986,0.04200272681892223,0.7817023452790935,0.821312593101873,0.4343895230586018,0.41146823641925934,0.633,0.44,0.405,True,999,0.00011541694402694702,0.0008857910288497806,weak_2x2_bal_strong_100_100,weak_null,True,1991,2311938656,-4.440892098500626e-16,0,0
100,100,0.07408028741081829,0.001901053344119663,0.06887766347199431,-0.008192911315482831,0.07217923406669863,0.07707057478747714,0.037608396940041096,1.919231872120837,2.049291675748648,0.05495499561071929,0.04043360215416998,0.256,0.067,0.049,True,999,0.00011208304204046726,0.0008015410276129842,weak_2x2_bal_strong_100_100,weak_null,True,1992,2311938656,-4.440892098500626e-16,0,0
100,100,0.10947440648690043,0.15087122328173097,0.10423340558682526,0.14462364176491604,-0.04139681679483054,-0.04039023617809079,0.07392648791547266,-0.5599727237436675,-0.5463567567861857,0.5754980427448484,0.5848207290417903,0.573,0.555,0.563,True,999,0.00010962493252009153,0.0008013339247554541,weak_2x2_bal_strong_100_100,weak_null,True,1993,2311938656,-4.440892098500626e-16,0,0
100,100,0.03777900108254317,0.012184846733997834,0.03256933594342115,0.006370317650727486,0.02559415434854534,0.026199018292693665,0.03172272543930381,0.8068081791243165,0.8258753915334657,0.4197770061397327,0.4088747814217175,0.592,0.434,0.426,True,999,0.00011087500024586916,0.0008033330086618662,weak_2x2_bal_strong_100_100,weak_null,True,1994,2311938656,-4.440892098500626e-16,0,0
100,100,0.06474659083264966,0.014418603318262557,0.05953896076619003,0.008086073546841988,0.05032798751438711,0.05145288721934804,0.040083352733067096,1.255583280409291,1.2836472927301201,0.20926709638070207,0.19926539422484946,0.48,0.219,0.205,True,999,0.00010775006376206875,0.0007942499360069633,weak_2x2_bal_strong_100_100,weak_null,True,1995,2311938656,-4.440892098500626e-16,0,0
100,100,0.17598819474543237,0.14235167909393592,0.17067953982376594,0.13602963757032427,0.033636515651496446,0.03464990225344167,0.07722889971687537,0.4355431163050287,0.44866497361052365,0.6631682498812769,0.653673355520191,0.694,0.67,0.67,True,999,0.00011587503831833601,0.0008166669867932796,weak_2x2_bal_strong_100_100,weak_null,True,1996,2311938656,-4.440892098500626e-16,0,0
100,100,0.08232370950147083,0.10198851658833885,0.07711060018824867,0.0962925000814181,-0.01966480708686802,-0.01918189989316943,0.06218296828234916,-0.31624104847452156,-0.3084751407503053,0.7518195530632231,0.7577208133688726,0.81,0.763,0.774,True,999,0.0001153330085799098,0.0008163750171661377,weak_2x2_bal_strong_100_100,weak_null,True,1997,2311938656,-4.440892098500626e-16,0,0
100,100,0.0672756133433352,0.08611093055897595,0.06206363740453469,0.08029327477231618,-0.018835317215640746,-0.018229637367781493,0.0584907413154521,-0.3220222003010385,-0.31166705973968534,0.747435876192017,0.755293564362146,0.811,0.759,0.769,True,999,0.00011129199992865324,0.0008249999955296516,weak_2x2_bal_strong_100_100,weak_null,True,1998,2311938656,-4.440892098500626e-16,0,0
100,100,0.07457264285283094,0.05034662616899377,0.06936812884669052,0.04435579038620574,0.02422601668383717,0.025012338460484784,0.052068554058367356,0.4652715467512407,0.4803732101422803,0.6417370080990562,0.630962040115993,0.731,0.648,0.624,True,999,0.00011087500024586916,0.0008372500305995345,weak_2x2_bal_strong_100_100,weak_null,True,1999,2311938656,-4.440892098500626e-16,0,0
100,250,0.009738168306912098,0.047190086522855945,0.0045780020720371795,0.04508044508240516,-0.03745191821594385,-0.04050244301036798,0.026100774788038055,-1.4348967998110156,-1.5517716749515877,0.1513165077778776,0.12071686567759918,0.436,0.162,0.139,True,999,0.0001287501072511077,0.0008140000281855464,weak_2x2_bal_strong_100_250,weak_null,True,0,1907505461,-4.440892098500626e-16,0,0
100,250,0.044955804955724266,0.01837515827277192,0.03977145582517494,0.016245751142577092,0.026580646682952347,0.023525704682597848,0.03234794999690215,0.8217103923277327,0.7272703427837257,0.4112417430886073,0.46706036214610513,0.579,0.409,0.463,True,999,0.0001112079480662942,0.0008211249951273203,weak_2x2_bal_strong_100_250,weak_null,True,1,1907505461,-4.440892098500626e-16,0,0
100,250,0.05376225482022501,0.031132736451782383,0.048566752437025684,0.02899976788482661,0.022629518368442625,0.019566984552199074,0.036782946586736275,0.6152176611267652,0.5319580503443088,0.5384109858178195,0.5947550501393122,0.711,0.561,0.614,True,999,0.00011095800437033176,0.000885249930433929,weak_2x2_bal_strong_100_250,weak_null,True,2,1907505461,-4.440892098500626e-16,0,0
100,250,0.008996252207968736,0.022099024695303837,0.003833661535054489,0.01999585727615738,-0.013102772487335101,-0.01616219574110289,0.019927594895273997,-0.6575190110093285,-0.8110459805129768,0.5108472510583394,0.4173392659148506,0.714,0.529,0.431,True,999,0.00012000009883195162,0.000800750101916492,weak_2x2_bal_strong_100_250,weak_null,True,3,1907505461,-4.440892098500626e-16,0,0
100,250,0.04758960796726952,0.07543575555025989,0.042399988055990434,0.07332221638655767,-0.027846147582990366,-0.030922228330567236,0.04067682465217646,-0.6845703375595329,-0.7601927779510859,0.4936150902208196,0.4471393612968504,0.669,0.535,0.49,True,999,0.00011270900722593069,0.0008192919194698334,weak_2x2_bal_strong_100_250,weak_null,True,4,1907505461,-4.440892098500626e-16,0,0
100,250,0.10684208725377586,0.06204933017932479,0.10160707481718134,0.05993221227271306,0.04479275707445107,0.04167486254446828,0.05057330549195667,0.8856996124482124,0.824048618912133,0.37577941722028196,0.40991193318081576,0.468,0.405,0.445,True,999,0.00011258292943239212,0.0008208330255001783,weak_2x2_bal_strong_100_250,weak_null,True,5,1907505461,-4.440892098500626e-16,0,0
100,250,0.05818888357910945,0.03966916030556733,0.05299523256310579,0.03755141962868436,0.01851972327354212,0.01544381293442143,0.03878599021902571,0.47748486422444447,0.39818018947588374,0.6330168962950812,0.6904973677532207,0.742,0.66,0.723,True,999,0.00011554092634469271,0.0008350840071216226,weak_2x2_bal_strong_100_250,weak_null,True,6,1907505461,-4.440892098500626e-16,0,0
100,250,0.016173411198517784,0.033338055384062204,0.011009431570727202,0.031218519597274508,-0.01716464418554442,-0.020209088026547306,0.025777379334864226,-0.6658801099431013,-0.7839853603432162,0.5054877347737678,0.4330487004934145,0.7,0.529,0.442,True,999,0.0001200829865410924,0.0008023750269785523,weak_2x2_bal_strong_100_250,weak_null,True,7,1907505461,-4.440892098500626e-16,0,0
100,250,0.0747907071431303,0.034011977213768585,0.06955804872060867,0.03190781656606134,0.04077872992936171,0.037650232154547325,0.04130967966817154,0.9871470865164099,0.9114142849080535,0.3235705372660861,0.36207712975003137,0.435,0.325,0.368,True,999,0.00011274998541921377,0.0008087500464171171,weak_2x2_bal_strong_100_250,weak_null,True,8,1907505461,-4.440892098500626e-16,0,0
100,250,0.0770862753790208,0.07363448433583264,0.07187174842147215,0.07153797511310245,0.003451791043188157,0.0003337733083697003,0.04614985435894753,0.07479527489600678,0.007232380535237559,0.9403776013752964,0.9942294455401743,0.963,0.946,0.991,True,999,0.0001116250641644001,0.0008139170240610838,weak_2x2_bal_strong_100_250,weak_null,True,9,1907505461,-4.440892098500626e-16,0,0
100,250,0.053366839060501214,0.027433712001333765,0.048172856119649055,0.025290688811978157,0.02593312705916745,0.022882167307670898,0.03624589889968357,0.7154775532244794,0.6313036233699438,0.47431400621026876,0.527842018231833,0.574,0.468,0.51,True,999,0.00011675001587718725,0.0008350000716745853,weak_2x2_bal_strong_100_250,weak_null,True,10,1907505461,-4.440892098500626e-16,0,0
100,250,0.07236826439092248,0.07854981135616113,0.06716313805947038,0.0764405973916098,-0.006181546965238649,-0.009277459332139415,0.046138380749561336,-0.13397841157001203,-0.20107899716934954,0.8934196455801765,0.8406368044122825,0.902,0.893,0.85,True,999,0.00011191703379154205,0.0009122909978032112,weak_2x2_bal_strong_100_250,weak_null,True,11,1907505461,-4.440892098500626e-16,0,0
100,250,0.0511692553696812,0.07286782623872468,0.04596902816345505,0.07077403789268999,-0.021698570869043476,-0.02480500972923494,0.04110302312510126,-0.5279069328550763,-0.6034838277889768,0.5975639325877976,0.5461868708558664,0.719,0.598,0.55,True,999,0.00011558306869119406,0.0008326669922098517,weak_2x2_bal_strong_100_250,weak_null,True,12,1907505461,-4.440892098500626e-16,0,0
100,250,0.11875924774499558,0.09687741298550356,0.11350278123885005,0.09477114085390781,0.021881834759492014,0.01873164038494224,0.05488417961876373,0.39869111484379516,0.34129398517124393,0.6901208155535279,0.7328822755214889,0.745,0.692,0.74,True,999,0.0001124159898608923,0.000818458036519587,weak_2x2_bal_strong_100_250,weak_null,True,13,1907505461,-4.440892098500626e-16,0,0
100,250,0.03592806366251622,0.0545431383166165,0.030746628893410843,0.05239387465157108,-0.018615074654100283,-0.02164724575816024,0.035722213249319484,-0.5211064198116253,-0.6059883693956903,0.6022926390064036,0.5445224764558361,0.731,0.611,0.55,True,999,0.00011099991388618946,0.0008079169783741236,weak_2x2_bal_strong_100_250,weak_null,True,14,1907505461,-4.440892098500626e-16,0,0
100,250,0.08780421604446786,0.0979407605309453,0.0825802376432847,0.09581288940000832,-0.010136544486477439,-0.013232651756723612,0.05078347140360963,-0.19960322140870712,-0.26057005145542395,0.8417909081651033,0.7944240874728997,0.876,0.839,0.79,True,999,0.00011312507558614016,0.0008324999362230301,weak_2x2_bal_strong_100_250,weak_null,True,15,1907505461,-4.440892098500626e-16,0,0
100,250,0.029530171339973266,0.021650892138979416,0.024353667419092062,0.019517998775384626,0.00787927920099385,0.004835668643707436,0.02826633597828308,0.27875134601978374,0.17107518453833784,0.7804356551724961,0.8641646480755434,0.858,0.772,0.869,True,999,0.00011337501928210258,0.0008383749518543482,weak_2x2_bal_strong_100_250,weak_null,True,16,1907505461,-4.440892098500626e-16,0,0
100,250,0.05247954414889877,0.03273471136315381,0.04728988711309512,0.030617889202403603,0.01974483278574496,0.016671997910691516,0.03651070974034416,0.5407956439676387,0.45663308188909396,0.5886484456217069,0.6479347968150025,0.702,0.6,0.655,True,999,0.00011775002349168062,0.0007992080645635724,weak_2x2_bal_strong_100_250,weak_null,True,17,1907505461,-4.440892098500626e-16,0,0
100,250,0.011813803743823237,0.0691802923147034,0.006643708300842377,0.06701370041621146,-0.05736648857088017,-0.06036999211536909,0.031242815779360632,-1.8361497560273405,-1.9322839702319727,0.06633551123356245,0.05332446582637243,0.237,0.058,0.051,True,999,0.00011150003410875797,0.00080279097892344,weak_2x2_bal_strong_100_250,weak_null,True,18,1907505461,-4.440892098500626e-16,0,0
100,250,0.034206006545573486,0.03935864489220903,0.02903104905192322,0.03724792588364778,-0.005152638346635541,-0.008216876831724562,0.03269794586699831,-0.1575829370931843,-0.25129642287461756,0.8747854497927666,0.8015849405838171,0.912,0.877,0.813,True,999,0.00011112506035715342,0.0008000830421224236,weak_2x2_bal_strong_100_250,weak_null,True,19,1907505461,-4.440892098500626e-16,0,0
100,250,0.08620559036598896,0.05933063325337257,0.08097878337117947,0.05723579605442808,0.026874957112616393,0.023742987316751396,0.046369416324993175,0.5795836834403015,0.5120398141383095,0.5621953988752827,0.6086231452042421,0.626,0.55,0.607,True,999,0.00014166696928441525,0.000824584043584764,weak_2x2_bal_strong_100_250,weak_null,True,20,1907505461,-4.440892098500626e-16,0,0
100,250,0.05879803751602253,0.03916805723404804,0.05360461857230803,0.03705813004468439,0.01962998028197449,0.016546488527623637,0.03889151529023545,0.5047368336122151,0.4254524001994335,0.6137436867884672,0.670506914065096,0.712,0.606,0.686,True,999,0.00011187500786036253,0.0007953329477459192,weak_2x2_bal_strong_100_250,weak_null,True,21,1907505461,-4.440892098500626e-16,0,0
100,250,0.05199276349977677,0.07400191507936882,0.04680289384511127,0.07193106783347503,-0.022009151579592046,-0.025128173988363756,0.040682480078936836,-0.5409982758398051,-0.6176657357075374,0.5885087711126145,0.5367957028736647,0.653,0.614,0.557,True,999,0.0001092919846996665,0.0008329580305144191,weak_2x2_bal_strong_100_250,weak_null,True,22,1907505461,-4.440892098500626e-16,0,0
100,250,0.07586471414388307,0.06769872115684883,0.07059526440897912,0.065595009517736,0.008165992987034243,0.005000254891243117,0.04487963527653172,0.18195319406493418,0.11141478446590296,0.8556194583641012,0.9112874367435986,0.884,0.855,0.909,True,999,0.00010858289897441864,0.0008347500115633011,weak_2x2_bal_strong_100_250,weak_null,True,23,1907505461,-4.440892098500626e-16,0,0
100,250,0.08243557958001091,0.04363980210758478,0.07722587845455564,0.041533309941470975,0.03879577747242613,0.035692568513084666,0.04422424981965304,0.8772512282432313,0.8070813786246084,0.38035019658895464,0.41961959973801644,0.497,0.381,0.417,True,999,0.00010787497740238905,0.0008391659939661622,weak_2x2_bal_strong_100_250,weak_null,True,24,1907505461,-4.440892098500626e-16,0,0
100,250,0.093634976579555,0.041927645230589616,0.08840532192722605,0.03984109531667457,0.05170733134896538,0.048564226610551486,0.0459749021824378,1.1246860546604347,1.0563203901519729,0.2607220931384878,0.29082186340873617,0.359,0.242,0.28,True,999,0.00011300004553049803,0.0008476250804960728,weak_2x2_bal_strong_100_250,weak_null,True,25,1907505461,-4.440892098500626e-16,0,0
100,250,0.08072202381269489,0.029211216952737984,0.07551191952371994,0.027063812061854264,0.051510806859956904,0.048448107461865675,0.04247155156166294,1.2128308235965948,1.1407190385198334,0.22519450806110297,0.2539868612441416,0.364,0.265,0.297,True,999,0.000110417022369802,0.0008372500305995345,weak_2x2_bal_strong_100_250,weak_null,True,26,1907505461,-4.440892098500626e-16,0,0
100,250,0.040794829905367314,0.10615908242381006,0.03561094977699497,0.10403780340288904,-0.06536425251844274,-0.06842685362589407,0.04212113071060273,-1.5518161885903328,-1.624525564045926,0.1207062112869471,0.10426368897497716,0.257,0.132,0.115,True,999,0.000111832981929183,0.0008362090447917581,weak_2x2_bal_strong_100_250,weak_null,True,27,1907505461,-4.440892098500626e-16,0,0
100,250,0.06529361620833152,0.1053004128858227,0.060075811667914536,0.10315860726146298,-0.040006796677491185,-0.04308279559354844,0.04753100943551628,-0.8416988646489205,-0.9064144882510314,0.3999565339297638,0.36471650707661507,0.529,0.426,0.379,True,999,0.00011349993292242289,0.0008746670791879296,weak_2x2_bal_strong_100_250,weak_null,True,28,1907505461,-4.440892098500626e-16,0,0
100,250,0.055965196865410904,0.0654637073038058,0.05077234825118637,0.06331353115484717,-0.009498510438394892,-0.012541182903660797,0.041970660567778414,-0.22631310324639156,-0.2988083278653202,0.8209579078349123,0.7650862963712912,0.868,0.816,0.777,True,999,0.00011216697748750448,0.0008099999977275729,weak_2x2_bal_strong_100_250,weak_null,True,29,1907505461,-4.440892098500626e-16,0,0
100,250,0.01294825098045116,0.032112131999709054,0.007769437071985408,0.029932413769977018,-0.019163881019257895,-0.02216297669799161,0.024620857527986015,-0.7783596082092068,-0.9001707870166348,0.4363570438252923,0.36802936986670765,0.726,0.426,0.369,True,999,0.0001164580462500453,0.0008234579581767321,weak_2x2_bal_strong_100_250,weak_null,True,30,1907505461,-4.440892098500626e-16,0,0
100,250,0.020157904124407988,0.029387506977759714,0.014976691004008558,0.027267061748403876,-0.009229602853351726,-0.012290370744395318,0.026259539913139736,-0.35147618289890226,-0.4680345042239475,0.7252311374277632,0.6397599152068012,0.841,0.732,0.646,True,999,0.0001154160127043724,0.0008282499620690942,weak_2x2_bal_strong_100_250,weak_null,True,31,1907505461,-4.440892098500626e-16,0,0
100,250,0.05044176633985242,0.061642947006682214,0.04525119209999673,0.0595459365848825,-0.01120118066682979,-0.014294744484885769,0.03967510412339054,-0.2823226533191658,-0.3602950717011042,0.7776961169542105,0.7186264844099681,0.843,0.768,0.73,True,999,0.00011433393228799105,0.0008410000009462237,weak_2x2_bal_strong_100_250,weak_null,True,32,1907505461,-4.440892098500626e-16,0,0
100,250,0.025697837848099536,0.07285061523540198,0.020512762218999114,0.07074855417539538,-0.04715277738730245,-0.05023579195639627,0.03497060118794983,-1.3483547833186909,-1.4365149654249156,0.17754429977766317,0.1508558610086612,0.391,0.186,0.154,True,999,0.00011383299715816975,0.0008493330096825957,weak_2x2_bal_strong_100_250,weak_null,True,33,1907505461,-4.440892098500626e-16,0,0
100,250,0.04675984915959008,0.029579018087435183,0.04157349155005363,0.027462123102537817,0.0171808310721549,0.014111368447515815,0.03450225328403909,0.4979625803194378,0.40899845964680237,0.6185104170835523,0.6825407915580346,0.725,0.63,0.688,True,999,0.00011633406393229961,0.0008509999606758356,weak_2x2_bal_strong_100_250,weak_null,True,34,1907505461,-4.440892098500626e-16,0,0
100,250,0.03979716486732965,0.05138014904301946,0.03461814323193835,0.049298261011259115,-0.011582984175689814,-0.014680117779320767,0.03545746734037308,-0.32667263187466955,-0.41402048370796873,0.7439155021541839,0.6788591055424014,0.804,0.765,0.7,True,999,0.0001154160127043724,0.0008485419675707817,weak_2x2_bal_strong_100_250,weak_null,True,35,1907505461,-4.440892098500626e-16,0,0
100,250,0.06351886745858515,0.05428465959317247,0.058306583315214766,0.052153610179871635,0.00923420786541268,0.006152973135343132,0.04203724095479821,0.21966731535359413,0.14636957601378497,0.8261302614844024,0.8836296434410824,0.855,0.833,0.879,True,999,0.0001140000531449914,0.0008440000237897038,weak_2x2_bal_strong_100_250,weak_null,True,36,1907505461,-4.440892098500626e-16,0,0
100,250,0.011569786638414237,0.056008167373229556,0.006401695170282551,0.05390895696471887,-0.04443838073481532,-0.04750726179443632,0.02818052102167684,-1.5769183508222828,-1.6858191428715277,0.11481431348841721,0.09183063951024675,0.352,0.119,0.096,True,999,0.00011433300096541643,0.000898416037671268,weak_2x2_bal_strong_100_250,weak_null,True,37,1907505461,-4.440892098500626e-16,0,0
100,250,0.0672756133433352,0.05157037316000829,0.06206363740453469,0.04947576945268395,0.01570524018332692,0.01258786795185074,0.04200986554471165,0.37384647581439234,0.2996407579180016,0.708518539728547,0.7644511914884673,0.76,0.697,0.762,True,999,0.00011366698890924454,0.0007978749927133322,weak_2x2_bal_strong_100_250,weak_null,True,38,1907505461,-4.440892098500626e-16,0,0
100,250,0.09032867239504194,0.05504970977190243,0.0851127721272178,0.052958351785278523,0.03527896262313951,0.03215442034193927,0.046723816008745485,0.7550531107419866,0.6881805273764625,0.4502171157198066,0.4913391048359843,0.568,0.458,0.517,True,999,0.00010979210492223501,0.0008032500045374036,weak_2x2_bal_strong_100_250,weak_null,True,39,1907505461,-4.440892098500626e-16,0,0
100,250,0.016129703788149152,0.05152778720073431,0.010959726571428519,0.049412018372009925,-0.03539808341258516,-0.038452291800581406,0.029271659843246062,-1.2092953936383168,-1.3136355097899792,0.22654937992538982,0.18896889287339036,0.489,0.245,0.203,True,999,0.00010808301158249378,0.0008022920228540897,weak_2x2_bal_strong_100_250,weak_null,True,40,1907505461,-4.440892098500626e-16,0,0
100,250,0.08444559668698481,0.03131213890581269,0.07922842229912419,0.02918402743952697,0.05313345778117212,0.05004439485959722,0.043470677904691175,1.2222827050837912,1.1512218642947971,0.2216007372126121,0.2496409724573303,0.31,0.226,0.254,True,999,0.0001081250375136733,0.0008185409242287278,weak_2x2_bal_strong_100_250,weak_null,True,41,1907505461,-4.440892098500626e-16,0,0
100,250,0.05272865990833975,0.048643904456466935,0.0475291796960704,0.04654286416781872,0.004084755451872812,0.00098631552825168,0.03858813071831457,0.10585522998485436,0.02556007533641836,0.9156972157136862,0.9796082309233862,0.93,0.925,0.991,True,999,0.00011349993292242289,0.0008233749540522695,weak_2x2_bal_strong_100_250,weak_null,True,42,1907505461,-4.440892098500626e-16,0,0
100,250,0.06954414077971316,0.052641595367184935,0.06433286090916113,0.0505367478569525,0.016902545412528225,0.013796113052208625,0.04271109186248041,0.39574135606156857,0.3230100765540913,0.6922958431911903,0.7466876107970838,0.787,0.693,0.759,True,999,0.0001157920341938734,0.0008155839750543237,weak_2x2_bal_strong_100_250,weak_null,True,43,1907505461,-4.440892098500626e-16,0,0
100,250,0.12157901372170987,0.039351757756192984,0.11633206663015017,0.03722640832732793,0.08222725596551689,0.07910565830282223,0.05041496885536639,1.6310087625247884,1.5690906906987383,0.10288847058380374,0.1166268086363332,0.19,0.127,0.143,True,999,0.0001152500044554472,0.0008221250027418137,weak_2x2_bal_strong_100_250,weak_null,True,44,1907505461,-4.440892098500626e-16,0,0
100,250,0.0258479630680426,0.032313289365641484,0.0206691799512555,0.030198272845865404,-0.0064653262975988834,-0.009529092894609903,0.028945230898965113,-0.2233641293160332,-0.3292111549523206,0.82325211974735,0.7419960920308182,0.89,0.815,0.732,True,999,0.00011412508320063353,0.0008298750035464764,weak_2x2_bal_strong_100_250,weak_null,True,45,1907505461,-4.440892098500626e-16,0,0
100,250,0.0742358884664911,0.066705357177205,0.06902712915848497,0.06458981005891928,0.007530531289286102,0.004437319099565684,0.04533491451167232,0.16610886709287223,0.09787862505890936,0.8680712761704694,0.9220286732070627,0.882,0.856,0.912,True,999,0.00011674989946186543,0.0008627920178696513,weak_2x2_bal_strong_100_250,weak_null,True,46,1907505461,-4.440892098500626e-16,0,0
100,250,0.027975873201807833,0.038350153265503284,0.022802804366975238,0.03622330935219509,-0.010374280063695451,-0.01342050498521985,0.030842102615476676,-0.3363674712141578,-0.43513586452064373,0.7365937760532129,0.6634638122968681,0.854,0.747,0.683,True,999,0.00011437502689659595,0.0008342079818248749,weak_2x2_bal_strong_100_250,weak_null,True,47,1907505461,-4.440892098500626e-16,0,0
100,250,0.013553429112358684,0.04508042253035047,0.008388709746952827,0.042921783891756604,-0.03152699341799178,-0.03453307414480378,0.027888363430318062,-1.1304712625667408,-1.2382610485942716,0.25827770092385105,0.21561928167200373,0.539,0.274,0.23,True,999,0.00014491600450128317,0.0008164580212906003,weak_2x2_bal_strong_100_250,weak_null,True,48,1907505461,-4.440892098500626e-16,0,0
100,250,0.007272055744602657,0.07844042377367338,0.002113431103083485,0.07634782049963462,-0.07116836802907073,-0.07423438939655114,0.030009787989492966,-2.3715051920389514,-2.4736725705140636,0.017715797782796996,0.013373219954763217,0.158,0.018,0.016,True,999,0.0001105000264942646,0.0008029160089790821,weak_2x2_bal_strong_100_250,weak_null,True,49,1907505461,-4.440892098500626e-16,0,0
100,250,0.009836267002215071,0.07103563274720182,0.004676295423678312,0.0689063437686741,-0.061199365744986745,-0.0642300483449958,0.03038422805845342,-2.014182016645311,-2.1139272724463996,0.04399042704885081,0.03452147947423443,0.205,0.051,0.044,True,999,0.00010945799294859171,0.0007994170300662518,weak_2x2_bal_strong_100_250,weak_null,True,50,1907505461,-4.440892098500626e-16,0,0
100,250,0.08444559668698481,0.048238940154045395,0.07922842229912419,0.04613939699842717,0.03620665653293942,0.03308902530069702,0.045212157597111974,0.8008168257657361,0.7318612306794811,0.4232376967636623,0.4642532715702097,0.5,0.445,0.488,True,999,0.00011145905591547489,0.0008109590271487832,weak_2x2_bal_strong_100_250,weak_null,True,51,1907505461,-4.440892098500626e-16,0,0
100,250,0.15353290175456724,0.02917872890642187,0.14820558743743106,0.027067607166927132,0.12435417284814537,0.12113798027050393,0.053053331734607606,2.343946530449981,2.2833246529450952,0.019080906628094793,0.02241125188973504,0.034,0.025,0.033,True,999,0.00011712498962879181,0.000836833962239325,weak_2x2_bal_strong_100_250,weak_null,True,52,1907505461,-4.440892098500626e-16,0,0
100,250,0.0733502840565542,0.04758830914416362,0.0681412792744851,0.04549708532118757,0.025761974912390573,0.02264419395329753,0.042759457655622404,0.6024860071863692,0.5295715894170155,0.5468506747188989,0.5964089967461317,0.665,0.559,0.611,True,999,0.00011833303142338991,0.000869374955072999,weak_2x2_bal_strong_100_250,weak_null,True,53,1907505461,-4.440892098500626e-16,0,0
100,250,0.09341432543408446,0.024142471447083702,0.08817185781190062,0.02198069016085924,0.06927185398700075,0.06619116765104138,0.044108513570279166,1.570487154971301,1.5006438053183857,0.11630182041594783,0.13344771481419193,0.193,0.115,0.139,True,999,0.0001228339970111847,0.0009026670595631003,weak_2x2_bal_strong_100_250,weak_null,True,54,1907505461,-4.440892098500626e-16,0,0
100,250,0.052014752705386025,0.06100477679587152,0.046828016581656584,0.058899027816011085,-0.008990024090485493,-0.0120710112343545,0.04008309871716892,-0.22428465807796363,-0.3011496521146976,0.8225358132241475,0.7633003804047859,0.873,0.838,0.763,True,999,0.00012649991549551487,0.0008296250598505139,weak_2x2_bal_strong_100_250,weak_null,True,55,1907505461,-4.440892098500626e-16,0,0
100,250,0.010536635773633729,0.06470628377506549,0.005372688010410798,0.06261366267693802,-0.05416964800143176,-0.05724097466652722,0.029059790962585687,-1.8640756250165347,-1.9697655341094726,0.06231108499280853,0.0488652483349125,0.248,0.079,0.068,True,999,0.000114083057269454,0.0008206659695133567,weak_2x2_bal_strong_100_250,weak_null,True,56,1907505461,-4.440892098500626e-16,0,0
100,250,0.02463582455861879,0.02861610953325905,0.01946618225500174,0.026472374200551485,-0.003980284974640258,-0.0070061919455497446,0.028168081791556783,-0.1413047932796519,-0.24872804606985377,0.8876291631216044,0.8035711528414691,0.953,0.905,0.819,True,999,0.00011799996718764305,0.0008141249418258667,weak_2x2_bal_strong_100_250,weak_null,True,57,1907505461,-4.440892098500626e-16,0,0
100,250,0.052014752705386025,0.042683686456294556,0.046828016581656584,0.040563683376603876,0.009331066249091469,0.006264333205052708,0.03782854606780227,0.24666732452172135,0.16559804317683224,0.8051656965149577,0.868473287349315,0.866,0.792,0.874,True,999,0.00011283403728157282,0.0008445420535281301,weak_2x2_bal_strong_100_250,weak_null,True,58,1907505461,-4.440892098500626e-16,0,0
100,250,0.08736556736249779,0.06861025875390558,0.08212687327576873,0.0664946841856704,0.018755308608592203,0.015632189090098336,0.047776724246902866,0.3925616271150699,0.32719256785612916,0.6946432859515589,0.7435222418019976,0.777,0.683,0.744,True,999,0.0001200829865410924,0.0008663750486448407,weak_2x2_bal_strong_100_250,weak_null,True,59,1907505461,-4.440892098500626e-16,0,0
100,250,0.04297030740593155,0.07204477466508158,0.03778631239838148,0.0699354798879881,-0.029074467259150027,-0.03214916748960661,0.039443260904211914,-0.7371212874553518,-0.8150737731264402,0.4610485948043347,0.4150300830497503,0.645,0.483,0.457,True,999,0.00012129195965826511,0.00111624994315207,weak_2x2_bal_strong_100_250,weak_null,True,60,1907505461,-4.440892098500626e-16,0,0
100,250,0.04369398753071907,0.040904178379106704,0.03849997720101328,0.03880304890117259,0.0027898091516123658,-0.0003030717001593075,0.03529682207197725,0.07903853627171843,-0.008586373570438833,0.9370019714131949,0.993149149275719,0.952,0.929,0.993,True,999,0.0003209999995306134,0.0009357499657198787,weak_2x2_bal_strong_100_250,weak_null,True,61,1907505461,-4.440892098500626e-16,0,0
100,250,0.049884488247439074,0.041445173857721396,0.044696008551312616,0.03934206067918922,0.008439314389717678,0.005353947872123399,0.03702926856045065,0.22790929223839282,0.1445869194899982,0.8197167586572043,0.8850370254373766,0.871,0.823,0.886,True,999,0.0001237909309566021,0.0009108750382438302,weak_2x2_bal_strong_100_250,weak_null,True,62,1907505461,-4.440892098500626e-16,0,0
100,250,0.03437764978128688,0.040850243136859865,0.029195003231365035,0.038724031737132236,-0.006472593355572986,-0.0095290285057672,0.03328598992142913,-0.19445398411918663,-0.2862774557181646,0.8458204233004021,0.7746656236119719,0.882,0.811,0.728,True,999,0.00012608396355062723,0.0008090829942375422,weak_2x2_bal_strong_100_250,weak_null,True,63,1907505461,-4.440892098500626e-16,0,0
100,250,0.07457264285283094,0.043190884049615186,0.06936812884669052,0.041075003743671346,0.031381758803215754,0.02829312510301918,0.04279384698154531,0.7333240878472325,0.6611493730680602,0.46336078687043514,0.5085165247658051,0.612,0.489,0.537,True,999,0.00011341692879796028,0.0008000419475138187,weak_2x2_bal_strong_100_250,weak_null,True,64,1907505461,-4.440892098500626e-16,0,0
100,250,0.017876396390911986,0.0753212572625469,0.012707104958536775,0.07321720665390785,-0.05744486087163492,-0.06051010169537108,0.03322066034202414,-1.7291908192134027,-1.8214599310305037,0.08377494893598177,0.06853697222393652,0.259,0.11,0.097,True,999,0.00011187500786036253,0.0008159170392900705,weak_2x2_bal_strong_100_250,weak_null,True,65,1907505461,-4.440892098500626e-16,0,0
100,250,0.04398353364921004,0.04911501588825273,0.03878478741076208,0.047003394550202415,-0.005131482239042695,-0.008218607139440337,0.03677497343606185,-0.13953734726591863,-0.22348370023242767,0.8890255457497831,0.823159067683586,0.926,0.889,0.819,True,999,0.00011191691737622023,0.0008259160676971078,weak_2x2_bal_strong_100_250,weak_null,True,66,1907505461,-4.440892098500626e-16,0,0
100,250,0.04550937731471627,0.07204477466508158,0.040325315708599874,0.0699354798879881,-0.02653539735036531,-0.02961016417938822,0.03999259079280825,-0.6635078354347849,-0.7403912472885584,0.5070053629122111,0.45906262822947275,0.654,0.512,0.481,True,999,0.00011462497059255838,0.0008365829708054662,weak_2x2_bal_strong_100_250,weak_null,True,67,1907505461,-4.440892098500626e-16,0,0
100,250,0.10487732614047884,0.024551260307979828,0.09963138386682147,0.022430643404192097,0.08032606583249902,0.07720074046262937,0.04590031286753843,1.7500112921737214,1.6819218789514438,0.08011636522994185,0.09258398948001553,0.168,0.09,0.104,True,999,0.00011866597924381495,0.0008396670455113053,weak_2x2_bal_strong_100_250,weak_null,True,68,1907505461,-4.440892098500626e-16,0,0
100,250,0.08243557958001091,0.0813356305147504,0.07722587845455564,0.07922331465242394,0.0010999490652605082,-0.0019974361978682964,0.048233352098525285,0.022804740234799867,-0.041411929939851044,0.9818060268485542,0.9669675022400216,0.984,0.973,0.991,True,999,0.00011829100549221039,0.0008383339736610651,weak_2x2_bal_strong_100_250,weak_null,True,69,1907505461,-4.440892098500626e-16,0,0
100,250,0.038646286017684606,0.07492516605337174,0.03345405200131779,0.07276454055407555,-0.03627888003568713,-0.03931048855275776,0.039544038653786834,-0.9174298142208845,-0.9940939239142003,0.3589174556090773,0.32017714319150503,0.531,0.359,0.329,True,999,0.0001140419626608491,0.0008407500572502613,weak_2x2_bal_strong_100_250,weak_null,True,70,1907505461,-4.440892098500626e-16,0,0
100,250,0.015519256414686211,0.033255354203013565,0.010348404756413743,0.03111642644365986,-0.017736097788327354,-0.02076802168724612,0.02571639225227731,-0.689680636939139,-0.8075791302104987,0.49039504518779997,0.4193329048039379,0.686,0.523,0.446,True,999,0.00011216697748750448,0.0009007919579744339,weak_2x2_bal_strong_100_250,weak_null,True,71,1907505461,-4.440892098500626e-16,0,0
100,250,0.02426508867076016,0.016171704074416038,0.019096178238271477,0.013985666869302804,0.008093384596344122,0.005110511368968673,0.025455590580242878,0.3179413406588071,0.2007618465130072,0.7505294330654513,0.8408847975444618,0.874,0.746,0.836,True,999,0.000132082961499691,0.0008094999939203262,weak_2x2_bal_strong_100_250,weak_null,True,72,1907505461,-4.440892098500626e-16,0,0
100,250,0.051912047129490935,0.0842767901221887,0.046724493421635316,0.08217826342318801,-0.03236474299269776,-0.0354537700015527,0.042435900437850414,-0.7626736479905172,-0.83546642431864,0.445658050170642,0.4034551437788433,0.591,0.472,0.443,True,999,0.00011562497820705175,0.0008187079802155495,weak_2x2_bal_strong_100_250,weak_null,True,73,1907505461,-4.440892098500626e-16,0,0
100,250,0.035422020458493186,0.03860236532370698,0.030240250363220866,0.03646053238342972,-0.003180344865213791,-0.006220282020208856,0.03329021752921519,-0.09553391660546375,-0.18685014643566067,0.9238907518920871,0.8517781280574788,0.948,0.929,0.852,True,999,0.00011212495155632496,0.0008282499620690942,weak_2x2_bal_strong_100_250,weak_null,True,74,1907505461,-4.440892098500626e-16,0,0
100,250,0.015003240095617265,0.03534123464155969,0.009834652418987844,0.033203870099669075,-0.02033799454594243,-0.02336921768068123,0.0260776850908218,-0.7799003046133305,-0.8961385030646822,0.4354495591605305,0.37017879534292164,0.643,0.419,0.363,True,999,0.00011479202657938004,0.0008283749921247363,weak_2x2_bal_strong_100_250,weak_null,True,75,1907505461,-4.440892098500626e-16,0,0
100,250,0.12407751784652843,0.05669012228705461,0.11880757555523758,0.05458830268806025,0.06738739555947382,0.06421927286717732,0.0520967567951606,1.2935046191922182,1.2326923366781024,0.19583658750359434,0.21769057202470765,0.276,0.192,0.216,True,999,0.00012141605839133263,0.0008458750089630485,weak_2x2_bal_strong_100_250,weak_null,True,76,1907505461,-4.440892098500626e-16,0,0
100,250,0.02463582455861879,0.04177175792822613,0.01946618225500174,0.03967571815468318,-0.017135933369607337,-0.02020953589968144,0.029908564584817852,-0.572944024813075,-0.6757106594791306,0.5666825946441885,0.4992243668648909,0.718,0.594,0.531,True,999,0.00011850008741021156,0.0008444999111816287,weak_2x2_bal_strong_100_250,weak_null,True,77,1907505461,-4.440892098500626e-16,0,0
100,250,0.02928001942174485,0.07631415793408414,0.024106287714261043,0.07419345646316344,-0.047034138512339285,-0.0500871687489024,0.03663679972601569,-1.2837949510895865,-1.3671272906878829,0.1992137106560976,0.17158541053038612,0.391,0.217,0.194,True,999,0.0001177079975605011,0.0008389169815927744,weak_2x2_bal_strong_100_250,weak_null,True,78,1907505461,-4.440892098500626e-16,0,0
100,250,0.0029414851249496277,0.03063881468013202,-0.002215677530529092,0.028473006275604007,-0.027697329555182393,-0.0306886838061331,0.019784591696169175,-1.399944460847546,-1.5511406187915036,0.16152995058721986,0.12086798888439577,0.468,0.16,0.127,True,999,0.00011675001587718725,0.0008668339578434825,weak_2x2_bal_strong_100_250,weak_null,True,79,1907505461,-4.440892098500626e-16,0,0
100,250,0.07423588846649132,0.05957549648797711,0.06902712915848497,0.057461861381753465,0.014660391978514209,0.011565267776731503,0.044624421011408816,0.32852845249837725,0.25916902706199124,0.7425121350203308,0.7955048276559047,0.806,0.743,0.81,True,999,0.00011854199692606926,0.0008471249602735043,weak_2x2_bal_strong_100_250,weak_null,True,80,1907505461,-4.440892098500626e-16,0,0
100,250,0.05172414008263515,0.07548267612302756,0.04653727643929528,0.07336642668245474,-0.02375853604039241,-0.02682915024315946,0.04181385780503132,-0.5681976571301589,-0.6416329813015053,0.5699007621473815,0.521111513230698,0.646,0.523,0.501,True,999,0.00011695805005729198,0.0008635829435661435,weak_2x2_bal_strong_100_250,weak_null,True,81,1907505461,-4.440892098500626e-16,0,0
100,250,0.09103835747329414,0.04252722447184121,0.08582259536504466,0.04042860217332134,0.04851113300145293,0.045393993191723325,0.045525109141416144,1.0655907018423878,0.9971199201459237,0.28660870423238405,0.3187063049913411,0.393,0.298,0.333,True,999,0.00012183410581201315,0.0008112499490380287,weak_2x2_bal_strong_100_250,weak_null,True,82,1907505461,-4.440892098500626e-16,0,0
100,250,0.08324216141137719,0.08397287670703368,0.07802926120876919,0.08184547564185607,-0.0007307152956564922,-0.003816214433086884,0.04884685581604646,-0.014959310757038494,-0.07812610186126323,0.9880646420593797,0.9377277443642844,0.997,0.992,0.973,True,999,0.00011000002268701792,0.0008151249494403601,weak_2x2_bal_strong_100_250,weak_null,True,83,1907505461,-4.440892098500626e-16,0,0
100,250,0.016173411198517784,0.05623396473661446,0.011009431570727202,0.05413390467828094,-0.04006055353809668,-0.04312447310755374,0.02975550761271027,-1.346323983429022,-1.4492938137319098,0.17819805441527103,0.14725554796423113,0.404,0.169,0.146,True,999,0.00010879198089241982,0.0008160410216078162,weak_2x2_bal_strong_100_250,weak_null,True,84,1907505461,-4.440892098500626e-16,0,0
100,250,0.10729893657040745,0.07548267612302756,0.10203789182192224,0.07336642668245474,0.031816260447379896,0.0286714651394675,0.051467590811615796,0.6181804888407413,0.5570780502318868,0.5364563699887662,0.5774741036696887,0.626,0.533,0.582,True,999,0.0001099579967558384,0.0008301250636577606,weak_2x2_bal_strong_100_250,weak_null,True,85,1907505461,-4.440892098500626e-16,0,0
100,250,0.13720871358652809,0.03534123464155969,0.1319265233087492,0.033203870099669075,0.10186747894496839,0.09872265320908014,0.05237371370893977,1.9450115665099463,1.8849656863692859,0.05177358623004523,0.05943447066166685,0.109,0.053,0.062,True,999,0.00010983296670019627,0.0008448329754173756,weak_2x2_bal_strong_100_250,weak_null,True,86,1907505461,-4.440892098500626e-16,0,0
100,250,0.051912047129490935,0.03613538540031175,0.046724493421635316,0.03402767941938123,0.015776661729179187,0.012696814002254087,0.03679857822962067,0.4287301979640048,0.34503545009339265,0.6681195817028805,0.7300677200182035,0.754,0.674,0.729,True,999,0.00010912504512816668,0.0008416669443249702,weak_2x2_bal_strong_100_250,weak_null,True,87,1907505461,-4.440892098500626e-16,0,0
100,250,0.020235695421700894,0.046020423873812166,0.015069268209344955,0.043897406915007764,-0.025784728452111272,-0.02882813870566281,0.02971799255302888,-0.867647046014327,-0.9700567309256097,0.3855875831888713,0.33201821507428464,0.604,0.391,0.339,True,999,0.00010900001507252455,0.0009234159952029586,weak_2x2_bal_strong_100_250,weak_null,True,88,1907505461,-4.440892098500626e-16,0,0
100,250,0.04550937731471627,0.0643393665448791,0.040325315708599874,0.0621980513722491,-0.018829989230162825,-0.021872735663649223,0.039504202595927,-0.47665787417018396,-0.553681234560709,0.6336057647063927,0.5797970200733144,0.713,0.603,0.552,True,999,0.00011970801278948784,0.0007965830154716969,weak_2x2_bal_strong_100_250,weak_null,True,89,1907505461,-4.440892098500626e-16,0,0
100,250,0.04261013525279733,0.06726604452591961,0.037416979460175526,0.06517081028059124,-0.02465590927312228,-0.027753830820415715,0.038491422712142974,-0.640555935214731,-0.7210393605861742,0.5218112365751617,0.47088529812594604,0.609,0.511,0.469,True,999,0.00011179095599800348,0.0007948329439386725,weak_2x2_bal_strong_100_250,weak_null,True,90,1907505461,-4.440892098500626e-16,0,0
100,250,0.09253298144142263,0.05840357733225465,0.08727877511817894,0.056277495610260075,0.03412940410916798,0.031001279507918866,0.04759086809886644,0.7171418692818698,0.6514123559065165,0.4732865633528329,0.5147803367088282,0.593,0.497,0.541,True,999,0.00011066708248108625,0.0008003750117495656,weak_2x2_bal_strong_100_250,weak_null,True,91,1907505461,-4.440892098500626e-16,0,0
100,250,0.211041717506382,0.040904178379106704,0.20567496249083206,0.03880304890117259,0.1701375391272753,0.16687191358965947,0.06052855555431057,2.810864022264924,2.756912205511496,0.004940866222708575,0.0058350015898576794,0.011,0.007,0.009,True,999,0.00011216592974960804,0.0008234999841079116,weak_2x2_bal_strong_100_250,weak_null,True,92,1907505461,-4.440892098500626e-16,0,0
100,250,0.05142768388279051,0.04431817350562278,0.0462399154987736,0.0422224369744697,0.007109510377167727,0.004017478524303897,0.037688056702448285,0.18864093824996503,0.10659818721942525,0.8503742447321807,0.9151077567808868,0.912,0.864,0.932,True,999,0.00012691703159362078,0.0008199160220101476,weak_2x2_bal_strong_100_250,weak_null,True,93,1907505461,-4.440892098500626e-16,0,0
100,250,0.049970404015362346,0.06187880569534204,0.04476625192380368,0.05978093153606778,-0.011908401679979697,-0.015014679612264104,0.039479419982592384,-0.3016356796840089,-0.3803166211379121,0.7629298056401945,0.7037103989667456,0.835,0.768,0.709,True,999,0.00011783395893871784,0.0008275000145658851,weak_2x2_bal_strong_100_250,weak_null,True,94,1907505461,-4.440892098500626e-16,0,0
100,250,0.030158778252023177,0.00932473151360691,0.024982773251252866,0.0071096933966146025,0.020834046738416268,0.017873079854638263,0.026105022478326287,0.7980857613018242,0.684660580908421,0.4248207236996776,0.4935581290750847,0.656,0.443,0.519,True,999,0.00011662498582154512,0.0008248749654740095,weak_2x2_bal_strong_100_250,weak_null,True,95,1907505461,-4.440892098500626e-16,0,0
100,250,0.0904145761761227,0.031655001290026574,0.08519113877414952,0.029533264406722992,0.05875957488609612,0.05565787436742653,0.0443229943822277,1.3257131135900218,1.2557336241195791,0.1849347420708659,0.2092125640555288,0.262,0.176,0.196,True,999,0.0001165829598903656,0.0008328750263899565,weak_2x2_bal_strong_100_250,weak_null,True,96,1907505461,-4.440892098500626e-16,0,0
100,250,0.08749774613675043,0.044754011305487396,0.08228126252640777,0.04264856336949663,0.042743734831263036,0.039632699156911144,0.045394450206809184,0.9416070606986107,0.8730736681764288,0.3463938534747091,0.38262292529285524,0.461,0.35,0.38,True,999,0.00011566595640033484,0.0008660419844090939,weak_2x2_bal_strong_100_250,weak_null,True,97,1907505461,-4.440892098500626e-16,0,0
100,250,0.021629692608799544,0.025745620244157108,0.01645183428708208,0.023656955288188897,-0.0041159276353575636,-0.007205121001106818,0.02587690945406953,-0.15905792933515378,-0.2784382352110331,0.8736232336977795,0.780675972023313,0.927,0.875,0.789,True,999,0.0001127501018345356,0.0008049580501392484,weak_2x2_bal_strong_100_250,weak_null,True,98,1907505461,-4.440892098500626e-16,0,0
100,250,0.021050379165941546,0.03980543948959356,0.015880697229476937,0.03761788705089231,-0.018755060323652012,-0.02173718982141537,0.029448782000811545,-0.6368704934260154,-0.7381354454936826,0.5242092039085353,0.4604321462614125,0.716,0.516,0.46,True,999,0.00011029199231415987,0.0008154999231919646,weak_2x2_bal_strong_100_250,weak_null,True,99,1907505461,-4.440892098500626e-16,0,0
100,250,0.049077081234740305,0.043311109020303384,0.04388096116522888,0.04117877081441179,0.005765972214436921,0.002702190350817091,0.03737971993287357,0.15425402396784788,0.07229027814198927,0.8774094469100555,0.9423709013739203,0.916,0.879,0.954,True,999,0.00011058291420340538,0.0008242500480264425,weak_2x2_bal_strong_100_250,weak_null,True,100,1907505461,-4.440892098500626e-16,0,0
100,250,0.039379373902592496,0.029789570945792154,0.03420076535070393,0.027663487631045314,0.009589802956800342,0.0065372777196586185,0.032749507715701495,0.292822812484677,0.19961453394685294,0.7696575903300731,0.8417820601028876,0.846,0.782,0.851,True,999,0.00011291599366813898,0.0008279579924419522,weak_2x2_bal_strong_100_250,weak_null,True,101,1907505461,-4.440892098500626e-16,0,0
100,250,0.07385998717818298,0.04708648284175493,0.06865730333458941,0.045008161753756326,0.026773504336428056,0.02364914158083309,0.042606300681997604,0.6283930758565162,0.5550620730333797,0.5297464718923874,0.5788522034969263,0.6,0.523,0.575,True,999,0.00011629110667854548,0.0008467499865218997,weak_2x2_bal_strong_100_250,weak_null,True,102,1907505461,-4.440892098500626e-16,0,0
100,250,0.023908491417857114,0.055551269644643075,0.01872650629485406,0.0534582820071563,-0.03164277822678596,-0.03473177571230224,0.03178488085475004,-0.9955292383000125,-1.0927137298710938,0.3194789311828983,0.27451950959598714,0.525,0.308,0.268,True,999,0.00011575000826269388,0.0008439159719273448,weak_2x2_bal_strong_100_250,weak_null,True,103,1907505461,-4.440892098500626e-16,0,0
100,250,0.0073241466903460894,0.0698487693017128,0.0021622665760219206,0.06774060940053062,-0.06252462261136671,-0.0655783428245087,0.029159358467158086,-2.144238621771724,-2.248963841175346,0.032013771952389525,0.024514796670695473,0.18,0.04,0.037,True,999,0.00011633289977908134,0.000837292056530714,weak_2x2_bal_strong_100_250,weak_null,True,104,1907505461,-4.440892098500626e-16,0,0
100,250,0.020471160484738293,0.04430801011747065,0.015303456355695744,0.04218661333739249,-0.02383684963273236,-0.026883156981696743,0.029431654842011712,-0.809905177289143,-0.9134096307531726,0.4179946760317379,0.3610271422908742,0.628,0.439,0.367,True,999,0.00011570809874683619,0.0008650410454720259,weak_2x2_bal_strong_100_250,weak_null,True,105,1907505461,-4.440892098500626e-16,0,0
100,250,0.04669225475435179,0.07387545460071449,0.04150132693094122,0.07170268688291515,-0.027183199846362693,-0.030201359951973927,0.041143443198788855,-0.6606933628530849,-0.7340503760478405,0.5088089810868287,0.46291803607792503,0.619,0.484,0.457,True,999,0.00011904106941074133,0.0008253339910879731,weak_2x2_bal_strong_100_250,weak_null,True,106,1907505461,-4.440892098500626e-16,0,0
100,250,0.09839440085990037,0.007056149086987762,0.09316562293847142,0.004846131853838642,0.0913382517729126,0.08831949108463277,0.04292842891387921,2.1276868053138087,2.0573660233831235,0.033363059628130604,0.03965103083718416,0.107,0.036,0.046,True,999,0.00011004204861819744,0.0008223330369219184,weak_2x2_bal_strong_100_250,weak_null,True,107,1907505461,-4.440892098500626e-16,0,0
100,250,0.033711571632115134,0.09532316402408719,0.028536268927354058,0.09320576829836114,-0.06161159239197206,-0.06466949937100708,0.039720679623635936,-1.5511213044630248,-1.6281065677568431,0.12087261654858493,0.10350229117124922,0.283,0.128,0.114,True,999,0.00011708296369761229,0.0008160000434145331,weak_2x2_bal_strong_100_250,weak_null,True,108,1907505461,-4.440892098500626e-16,0,0
100,250,0.03355826067659684,0.052088947905293115,0.028369750854125186,0.04997309502495284,-0.018530687228696274,-0.021603344170827654,0.03424634234601492,-0.5410997484481026,-0.6308219415829537,0.58843883161676,0.5281569551083973,0.699,0.598,0.532,True,999,0.00010987510904669762,0.0007985410047695041,weak_2x2_bal_strong_100_250,weak_null,True,109,1907505461,-4.440892098500626e-16,0,0
100,250,0.07457264285283094,0.032313289365641484,0.06936812884669052,0.030198272845865404,0.042259353487189455,0.03916985600082512,0.041383608275570936,1.0211616446247747,0.946506542880346,0.30717786101552447,0.3438902866663658,0.42,0.315,0.363,True,999,0.00010816601570695639,0.0007996249478310347,weak_2x2_bal_strong_100_250,weak_null,True,110,1907505461,-4.440892098500626e-16,0,0
100,250,0.0892267415173309,0.10719658631128598,0.08400306352611153,0.1050773145322097,-0.01796984479395508,-0.021074251006098166,0.051559431896659506,-0.3485268191079377,-0.4087370677073645,0.7274445761451602,0.6827326280079169,0.781,0.725,0.682,True,999,0.00011087500024586916,0.0008290419355034828,weak_2x2_bal_strong_100_250,weak_null,True,111,1907505461,-4.440892098500626e-16,0,0
100,250,0.08232370950147083,0.07923164681355543,0.07711060018824867,0.07713629457244053,0.003092062687915398,-2.5694384191865538e-05,0.04763779301113357,0.06490776529451611,-0.000539369743385476,0.9482474378233884,0.999569645230055,0.955,0.949,1.0,True,999,0.00011395791079849005,0.0008277500746771693,weak_2x2_bal_strong_100_250,weak_null,True,112,1907505461,-4.440892098500626e-16,0,0
100,250,0.11677740386491142,0.05071675689683758,0.11151236358797689,0.048629360609979244,0.06606064696807384,0.06288300297799765,0.0502144456519841,1.315570571582395,1.2522891005073353,0.18831821628763235,0.21046453904132156,0.257,0.199,0.221,True,999,0.00011458294466137886,0.0008209580555558205,weak_2x2_bal_strong_100_250,weak_null,True,113,1907505461,-4.440892098500626e-16,0,0
100,250,0.054311055545317566,0.04350668264981661,0.04911225258128127,0.041419386363727995,0.010804372895500958,0.007692866217553274,0.03806316486381175,0.28385377133400513,0.20210789736160917,0.7765224449646899,0.8398323740662104,0.827,0.788,0.841,True,999,0.00011708296369761229,0.0008662079926580191,weak_2x2_bal_strong_100_250,weak_null,True,114,1907505461,-4.440892098500626e-16,0,0
100,250,0.06112853344690561,0.04943353495018399,0.055930064843664695,0.0473410464979338,0.01169499849672162,0.008589018345730892,0.04056270961938515,0.2883189660271737,0.21174666155996028,0.7731025904961916,0.8323046827419138,0.8,0.76,0.831,True,999,0.00013624993152916431,0.0008030420867726207,weak_2x2_bal_strong_100_250,weak_null,True,115,1907505461,-4.440892098500626e-16,0,0
100,250,0.009738168306912098,0.08193983212004369,0.0045780020720371795,0.07983448419672357,-0.07220166381313159,-0.07525648212468639,0.0315982820626819,-2.284987002454889,-2.3816637238505303,0.022313589897478312,0.017234627611274846,0.146,0.028,0.02,True,999,0.00011162494774907827,0.0008050000760704279,weak_2x2_bal_strong_100_250,weak_null,True,116,1907505461,-4.440892098500626e-16,0,0
100,250,0.021050379165941546,0.0669390473827654,0.015880697229476937,0.06483534609267849,-0.04588866821682386,-0.048954648863201555,0.032935890197012936,-1.393272443596671,-1.4863617946977918,0.1635374202937846,0.1371834496617606,0.368,0.166,0.137,True,999,0.00010920804925262928,0.0008078750688582659,weak_2x2_bal_strong_100_250,weak_null,True,117,1907505461,-4.440892098500626e-16,0,0
100,250,0.07373510419465645,0.00727316936544109,0.0685196850136407,0.005061897314575958,0.06646193482921536,0.06345778769906474,0.037888798163072904,1.7541315125162864,1.6748429819796138,0.07940797512754519,0.09396504316858124,0.199,0.097,0.112,True,999,0.00010887510143220425,0.0008153340313583612,weak_2x2_bal_strong_100_250,weak_null,True,118,1907505461,-4.440892098500626e-16,0,0
100,250,0.04516710103441712,0.021453464827468682,0.039984297889105846,0.01933794715193926,0.02371363620694844,0.020646350737166586,0.03285918781861289,0.7216744472763869,0.6283280904913779,0.470494655845496,0.5297890334834716,0.652,0.497,0.581,True,999,0.00011179200373589993,0.0008011659374460578,weak_2x2_bal_strong_100_250,weak_null,True,119,1907505461,-4.440892098500626e-16,0,0
100,250,0.08620559036598896,0.021453464827468682,0.08097878337117947,0.01933794715193926,0.06475212553852028,0.061640836219240214,0.042162496184342764,1.5357754259949694,1.4619826100839546,0.12459346870454945,0.14374597531228647,0.196,0.117,0.14,True,999,0.00011179200373589993,0.0008167090127244592,weak_2x2_bal_strong_100_250,weak_null,True,120,1907505461,-4.440892098500626e-16,0,0
100,250,0.10294673725730497,0.08132872273283975,0.09771141653685333,0.07922595070931493,0.021618014524465212,0.018485465827538405,0.05131243403234299,0.42130167730572,0.36025314674970865,0.6735348055872976,0.7186578336830237,0.743,0.676,0.697,True,999,0.0001222090795636177,0.0008311249548569322,weak_2x2_bal_strong_100_250,weak_null,True,121,1907505461,-4.440892098500626e-16,0,0
100,250,0.05737869124476602,0.02947486097875257,0.05218472349366721,0.02731836796797893,0.027903830266013452,0.024866355525688277,0.03745285967357346,0.7450387102403891,0.6639374334140324,0.4562483187167633,0.5067303564449472,0.57,0.452,0.501,True,999,0.00011383404489606619,0.0008196249837055802,weak_2x2_bal_strong_100_250,weak_null,True,122,1907505461,-4.440892098500626e-16,0,0
100,250,0.06089950390415266,0.03303982548775747,0.055698012723695456,0.03090874152896106,0.027859678416395195,0.024789271194734397,0.03866174414622337,0.7206006617556243,0.641183468106829,0.4711552465831964,0.5214034892270571,0.597,0.476,0.524,True,999,0.00011570798233151436,0.0009401659481227398,weak_2x2_bal_strong_100_250,weak_null,True,123,1907505461,-4.440892098500626e-16,0,0
100,250,0.048646947307498634,0.08132872273283975,0.04345864183397907,0.07922595070931493,-0.03268177542534112,-0.03576730887533586,0.04159134035628878,-0.7857831737418268,-0.8599700939892334,0.4319945258974378,0.3898055280001437,0.577,0.419,0.382,True,999,0.00012812507338821888,0.0008334160083904862,weak_2x2_bal_strong_100_250,weak_null,True,124,1907505461,-4.440892098500626e-16,0,0
100,250,0.03317667365420052,0.06341816106566733,0.027985384407472225,0.06129349691607899,-0.030241487411466816,-0.03330811250860677,0.036033909313807275,-0.8392508053484791,-0.9243546743301579,0.4013285828547799,0.3553016852558937,0.564,0.397,0.356,True,999,0.00011379190254956484,0.0008459159871563315,weak_2x2_bal_strong_100_250,weak_null,True,125,1907505461,-4.440892098500626e-16,0,0
100,250,0.039641509977818234,0.04517519126542924,0.03446305782784975,0.043040278690099854,-0.005533681287611003,-0.008577220862250101,0.03542613927504675,-0.1562033402693921,-0.24211559706399258,0.8758727439021285,0.8086905929811897,0.924,0.888,0.822,True,999,0.00011012493632733822,0.0008160830475389957,weak_2x2_bal_strong_100_250,weak_null,True,126,1907505461,-4.440892098500626e-16,0,0
100,250,0.07236826439092248,0.041523436078152204,0.06716313805947038,0.03937021080616887,0.030844828312770273,0.027792927253301514,0.04248867378538597,0.725954132354665,0.6541255534047976,0.4678668896025978,0.5130309196113739,0.586,0.481,0.534,True,999,0.00011737504974007607,0.0008342500077560544,weak_2x2_bal_strong_100_250,weak_null,True,127,1907505461,-4.440892098500626e-16,0,0
100,250,0.10089432800950215,0.06293965683288211,0.09564778433008314,0.06084711588891878,0.03795467117662005,0.03480066844116436,0.04915634546824127,0.7721214995761156,0.7079588221961748,0.44004246964917426,0.47897082929027757,0.467,0.429,0.467,True,999,0.00011716608423739672,0.0008502081036567688,weak_2x2_bal_strong_100_250,weak_null,True,128,1907505461,-4.440892098500626e-16,0,0
100,250,0.006227919255947012,0.02626940881183426,0.0010665408217676031,0.024121419436809788,-0.02004148955588725,-0.023054878615042185,0.020108551109552498,-0.9966650230889389,-1.1465211237467052,0.31892713263234773,0.2515795920056094,0.589,0.309,0.244,True,999,0.00012333306949585676,0.0008022499969229102,weak_2x2_bal_strong_100_250,weak_null,True,129,1907505461,-4.440892098500626e-16,0,0
100,250,0.03895131231666282,0.03149865280949349,0.03376976820118216,0.0293695971368777,0.007452659507169335,0.004400171064304459,0.03294995873945799,0.2261811483922947,0.13354101894626044,0.8210605321214239,0.8937655263269221,0.867,0.833,0.89,True,999,0.00011037499643862247,0.0007949999999254942,weak_2x2_bal_strong_100_250,weak_null,True,130,1907505461,-4.440892098500626e-16,0,0
100,250,0.007437647884250831,0.02926575652674912,0.0022781706420857972,0.0271665063337565,-0.02182810864249829,-0.024888335691670704,0.020976830589669173,-1.0405818242746527,-1.1864678787046075,0.29806967037068155,0.23543757932249387,0.601,0.309,0.25,True,999,0.00010945799294859171,0.0008228749502450228,weak_2x2_bal_strong_100_250,weak_null,True,131,1907505461,-4.440892098500626e-16,0,0
100,250,0.07780269023358133,0.06545426519245451,0.07257907910994277,0.06333575739714092,0.01234842504112682,0.009243321712801844,0.045692940498381664,0.2702479837462895,0.20229211803799804,0.7869694798170223,0.8396883614956057,0.833,0.774,0.835,True,999,0.0001678341068327427,0.0008642500033602118,weak_2x2_bal_strong_100_250,weak_null,True,132,1907505461,-4.440892098500626e-16,0,0
100,250,0.1081020776505911,0.06152272900372069,0.10286724409557735,0.0594147282486972,0.04657934864687041,0.043452515846880146,0.05050293705304923,0.9223096985021404,0.8603958181924511,0.356367056610133,0.38957089020854874,0.457,0.399,0.424,True,999,0.00011433300096541643,0.0008009580196812749,weak_2x2_bal_strong_100_250,weak_null,True,133,1907505461,-4.440892098500626e-16,0,0
100,250,0.11316304969662272,0.02525416290046567,0.10789759764564621,0.02315809783171119,0.08790888679615705,0.08473949981393503,0.04720574155212162,1.8622498854105187,1.7951100232239967,0.06256787578414298,0.07263617212449924,0.09,0.083,0.092,True,999,0.00011100003030151129,0.0008157079573720694,weak_2x2_bal_strong_100_250,weak_null,True,134,1907505461,-4.440892098500626e-16,0,0
100,250,0.028773846255094826,0.04923608332800378,0.023602024761970597,0.047139445435789185,-0.02046223707290895,-0.023537420673818588,0.03232650213601049,-0.6329864266420214,-0.7281152960746348,0.5267425068010004,0.466543011145351,0.67,0.525,0.477,True,999,0.0001099579967558384,0.0008199579315260053,weak_2x2_bal_strong_100_250,weak_null,True,135,1907505461,-4.440892098500626e-16,0,0
100,250,0.003224168082350154,0.04495727175295172,-0.0019333162436510065,0.042851009591970524,-0.04173310367060157,-0.04478432583562153,0.02295518108877765,-1.818025460535534,-1.950946309786061,0.06906024144089834,0.051063432955028125,0.344,0.091,0.08,True,999,0.00011208304204046726,0.0008290410041809082,weak_2x2_bal_strong_100_250,weak_null,True,136,1907505461,-4.440892098500626e-16,0,0
100,250,0.10307039620116387,0.09026854983175031,0.09783509384494948,0.08811141970424785,0.012801846369413561,0.009723674140701632,0.052851495939297465,0.2422229710227523,0.18398105801716094,0.8086073966418231,0.8540283147753377,0.856,0.817,0.841,True,999,0.00011791696306318045,0.0008366249967366457,weak_2x2_bal_strong_100_250,weak_null,True,137,1907505461,-4.440892098500626e-16,0,0
100,250,0.07116263429252145,0.054152490251907826,0.06594205884576354,0.0520542435685627,0.01701014404061363,0.013887815277200843,0.043026397251624555,0.39534204876917445,0.3227743005295773,0.6925904711192375,0.7468661773305532,0.751,0.688,0.737,True,999,0.00011662498582154512,0.0008475000504404306,weak_2x2_bal_strong_100_250,weak_null,True,138,1907505461,-4.440892098500626e-16,0,0
100,250,0.06232920600993286,0.09837501929978837,0.057110405483683735,0.09618510842109629,-0.03604581328985551,-0.03907470293741255,0.04652541175625799,-0.7747553848356237,-0.8398572191498496,0.43848421705682306,0.4009884467768735,0.575,0.47,0.433,True,999,0.00014191598165780306,0.0008285419316962361,weak_2x2_bal_strong_100_250,weak_null,True,139,1907505461,-4.440892098500626e-16,0,0
100,250,0.06089950390415266,0.09413318595395165,0.055698012723695456,0.09196400748641054,-0.033233682049798985,-0.03626599476271508,0.04627931331846089,-0.7181109585855072,-0.7836329487682463,0.4726888737492442,0.43325551659279615,0.579,0.478,0.441,True,999,0.000110417022369802,0.0008621669840067625,weak_2x2_bal_strong_100_250,weak_null,True,140,1907505461,-4.440892098500626e-16,0,0
100,250,0.04564337490516657,0.042183999375908054,0.04045645449031099,0.04005983861775064,0.0034593755292585127,0.00039661587256034636,0.03615287252944828,0.09568743193063518,0.010970521698857632,0.9237688229606054,0.9912469656875837,0.959,0.924,0.996,True,999,0.00010954204481095076,0.0007932919543236494,weak_2x2_bal_strong_100_250,weak_null,True,141,1907505461,-4.440892098500626e-16,0,0
100,250,0.15511808079546507,0.05465354656520005,0.14982886691294084,0.05256343761212179,0.10046453423026502,0.09726542930081905,0.05594170383773715,1.7958790551261983,1.7386926501728348,0.07251375419575708,0.08208883954633506,0.118,0.084,0.09,True,999,0.00011424999684095383,0.0008284159703180194,weak_2x2_bal_strong_100_250,weak_null,True,142,1907505461,-4.440892098500626e-16,0,0
100,250,0.029922616227185728,0.06152272900372069,0.024746425698552343,0.0594147282486972,-0.03160011277653496,-0.03466830255014486,0.03471511111515383,-0.9102696710868625,-0.9986516371831937,0.36268030915227933,0.3179634764408633,0.529,0.361,0.33,True,999,0.00010883400682359934,0.0008178330026566982,weak_2x2_bal_strong_100_250,weak_null,True,143,1907505461,-4.440892098500626e-16,0,0
100,250,0.022737992206843805,0.08917468162602349,0.017560815595189183,0.08702708061474596,-0.06643668941917968,-0.06946626501955677,0.036887805294743205,-1.801047497630536,-1.8831769595535208,0.07169539388129204,0.05967639039287575,0.261,0.077,0.065,True,999,0.00010783295147120953,0.0008315410232171416,weak_2x2_bal_strong_100_250,weak_null,True,144,1907505461,-4.440892098500626e-16,0,0
100,250,0.006544418585786138,0.05157037316000829,0.0013843396482968728,0.04947576945268395,-0.04502595457422215,-0.048091429804387076,0.025407394141754802,-1.7721594872347015,-1.8928123654111018,0.07636808650328626,0.0583828265614262,0.346,0.081,0.064,True,999,0.00010941596701741219,0.0008402079110965133,weak_2x2_bal_strong_100_250,weak_null,True,145,1907505461,-4.440892098500626e-16,0,0
100,250,0.12144864895150453,0.07103563274720182,0.11620168878063453,0.0689063437686741,0.05041301620430272,0.04729534501196042,0.05336458918373315,0.9446904206595084,0.8862683239090167,0.3448169490050921,0.3754729539061692,0.45,0.381,0.404,True,999,0.00010958302300423384,0.0008405830012634397,weak_2x2_bal_strong_100_250,weak_null,True,146,1907505461,-4.440892098500626e-16,0,0
100,250,0.06364066524245504,0.046879454010959554,0.05844311293088822,0.0447516367265024,0.016761211231495488,0.013691476204385822,0.04110243082327146,0.40779123997711564,0.33310624043758386,0.6834269454434087,0.7390540889495523,0.726,0.674,0.709,True,999,0.00010945799294859171,0.0008403749670833349,weak_2x2_bal_strong_100_250,weak_null,True,147,1907505461,-4.440892098500626e-16,0,0
100,250,0.05691957770147782,0.027433712001333765,0.051713780697497214,0.025290688811978157,0.029485865700144054,0.026423091885519057,0.036895218441373535,0.7991785100011555,0.7161657526843301,0.42418691097189365,0.4738890071206687,0.544,0.383,0.42,True,999,0.00010987499263137579,0.0008340830681845546,weak_2x2_bal_strong_100_250,weak_null,True,148,1907505461,-4.440892098500626e-16,0,0
100,250,0.06486858418704666,0.021069820786985105,0.05965064322046487,0.018967201229372677,0.04379876340006156,0.040683441991092195,0.03749427568143972,1.1681453396296082,1.0850574188110311,0.24274814435586356,0.277896225080001,0.326,0.249,0.291,True,999,0.00011145893950015306,0.0008728750981390476,weak_2x2_bal_strong_100_250,weak_null,True,149,1907505461,-4.440892098500626e-16,0,0
100,250,0.012436922791395189,0.09098121754369831,0.007274121651022369,0.08888005514528174,-0.07854429475230312,-0.08160593349425938,0.03337707721285162,-2.353240646309802,-2.4449694313808146,0.018610585480204847,0.01448644197465184,0.115,0.024,0.022,True,999,0.0001223749713972211,0.0008024999406188726,weak_2x2_bal_strong_100_250,weak_null,True,150,1907505461,-4.440892098500626e-16,0,0
100,250,0.034040980571866775,0.04701952978454349,0.028865908768068493,0.04488247395778444,-0.012978549212676715,-0.016016565189715948,0.034287419847003696,-0.37852218891328687,-0.46712658057050044,0.7050427134630045,0.6404093179810401,0.806,0.718,0.646,True,999,0.0001116669736802578,0.0008025839924812317,weak_2x2_bal_strong_100_250,weak_null,True,151,1907505461,-4.440892098500626e-16,0,0
100,250,0.02463582455861879,0.0521742295976223,0.01946618225500174,0.050077550038437835,-0.02753840503900351,-0.030611367783436094,0.0316420757194311,-0.8703096877456885,-0.9674260328198996,0.3841311861035598,0.3333311013106691,0.585,0.382,0.344,True,999,0.00011058303061872721,0.0008074590004980564,weak_2x2_bal_strong_100_250,weak_null,True,152,1907505461,-4.440892098500626e-16,0,0
100,250,0.04516710103441712,0.08154517644104542,0.039984297889105846,0.07945467526725736,-0.036378075406628296,-0.03947037737815151,0.04045435846478278,-0.8992374811306659,-0.975676759588516,0.36852617997398707,0.3292246726154714,0.543,0.401,0.371,True,999,0.00011329201515763998,0.0008275419240817428,weak_2x2_bal_strong_100_250,weak_null,True,153,1907505461,-4.440892098500626e-16,0,0
100,250,0.02951376404416095,0.028491620523064087,0.024340219921725748,0.026327425673173366,0.0010221435210968632,-0.0019872057514476182,0.029610276583923078,0.03451989103174527,-0.06711202935965054,0.9724625810501547,0.9464925174433372,0.986,0.964,0.949,True,999,0.00011879194062203169,0.0008282079361379147,weak_2x2_bal_strong_100_250,weak_null,True,154,1907505461,-4.440892098500626e-16,0,0
100,250,0.08289756095211143,0.114830576048851,0.07768458302192016,0.11269921583715359,-0.03193301509673957,-0.035014632815233426,0.05125677689895732,-0.6230008406437503,-0.6831220169043775,0.5332839694182665,0.49452974417274953,0.657,0.56,0.522,True,999,0.00011045800056308508,0.0008399999933317304,weak_2x2_bal_strong_100_250,weak_null,True,155,1907505461,-4.440892098500626e-16,0,0
100,250,0.06675800233781137,0.06445340288843437,0.06155777012062913,0.06233997191468177,0.0023045994493769983,-0.0007822017940526393,0.0435998820377267,0.05285792854629384,-0.01794045665939658,0.9578451056626904,0.9856863544534569,0.953,0.947,0.991,True,999,0.00011229200754314661,0.0008360000792890787,weak_2x2_bal_strong_100_250,weak_null,True,156,1907505461,-4.440892098500626e-16,0,0
100,250,0.0350589785582619,0.07751022070814978,0.02985950880760413,0.07538259146130599,-0.04245124214988788,-0.04552308265370186,0.03811361919203016,-1.113807690001918,-1.1944046149052432,0.2653616972221764,0.23231973248860727,0.403,0.253,0.221,True,999,0.00011258304584771395,0.0008356670150533319,weak_2x2_bal_strong_100_250,weak_null,True,157,1907505461,-4.440892098500626e-16,0,0
100,250,0.01610492819232079,0.04155982867702751,0.010939889439384842,0.03942963636298202,-0.02545490048470672,-0.02848974692359718,0.027647300476038826,-0.9207011189670327,-1.030471200914841,0.357206491834819,0.3027888645726139,0.577,0.366,0.309,True,999,0.00011379108764231205,0.0008365421090275049,weak_2x2_bal_strong_100_250,weak_null,True,158,1907505461,-4.440892098500626e-16,0,0
100,250,0.027562705856683856,0.04081715321467638,0.022357081619283292,0.03866936042473412,-0.013254447357992527,-0.01631227880545083,0.03147147785439842,-0.42115744990793624,-0.51831944088927,0.673640112880647,0.6042354110308403,0.828,0.686,0.593,True,999,0.00011158292181789875,0.0008003750117495656,weak_2x2_bal_strong_100_250,weak_null,True,159,1907505461,-4.440892098500626e-16,0,0
100,250,0.08045746664032816,0.07520083152668394,0.0752484053593605,0.07307506837985045,0.005256635113644215,0.0021733369795100543,0.04729020470111991,0.11115695410639086,0.04595744495600769,0.9114918856749099,0.9633441680524292,0.934,0.914,0.976,True,999,0.00012762495316565037,0.0008031659526750445,weak_2x2_bal_strong_100_250,weak_null,True,160,1907505461,-4.440892098500626e-16,0,0
100,250,0.03505830987020098,0.041938540207481334,0.029880180440102322,0.03982216644800474,-0.0068802303372803575,-0.009941986007902415,0.03336783196620254,-0.20619350829413113,-0.29795121295181565,0.8366397585294888,0.7657403997258652,0.886,0.837,0.765,True,999,0.0001115420600399375,0.0008193330140784383,weak_2x2_bal_strong_100_250,weak_null,True,161,1907505461,-4.440892098500626e-16,0,0
100,250,0.1395572469229892,0.05896347219608078,0.13423458033700797,0.05681991733894165,0.08059377472690843,0.07741466299806632,0.054612278155423404,1.4757446026613865,1.4175322036145175,0.14001246734199813,0.156327385874982,0.224,0.15,0.158,True,999,0.0001165410503745079,0.000836583087220788,weak_2x2_bal_strong_100_250,weak_null,True,162,1907505461,-4.440892098500626e-16,0,0
100,250,0.0465733363308064,0.08470910492932682,0.0413868864686151,0.0826010912640811,-0.038135768598520414,-0.041214204795466,0.041498764161877914,-0.9189615490659152,-0.9931429435994309,0.3581156844456347,0.32064029885959233,0.497,0.392,0.349,True,999,0.00011987495236098766,0.000837208004668355,weak_2x2_bal_strong_100_250,weak_null,True,163,1907505461,-4.440892098500626e-16,0,0
100,250,0.12208373383034887,0.049586549036732264,0.1168284991820201,0.047465396815184135,0.07249718479361661,0.06936310236683596,0.051625091925790054,1.4043013211062119,1.3435928107700787,0.16022914105931407,0.1790800955519597,0.251,0.168,0.188,True,999,0.00011766701936721802,0.0008463750127702951,weak_2x2_bal_strong_100_250,weak_null,True,164,1907505461,-4.440892098500626e-16,0,0
100,250,0.04882964909106846,0.03558466706610097,0.043640658046911085,0.03348889887666928,0.013244982024967489,0.010151759170241803,0.035883712349898234,0.3691084661424406,0.2829071605315829,0.7120468787655012,0.7772480054199872,0.804,0.759,0.788,True,999,0.00011749996338039637,0.0008497089147567749,weak_2x2_bal_strong_100_250,weak_null,True,165,1907505461,-4.440892098500626e-16,0,0
100,250,0.08749774613675043,0.01633939253579819,0.08228126252640777,0.01422804598810501,0.07115835360095224,0.06805321653830276,0.04194704701043543,1.6963852922292653,1.6223601275525483,0.08981293723177709,0.10472626127254807,0.135,0.105,0.12,True,999,0.00011745793744921684,0.0008709579706192017,weak_2x2_bal_strong_100_250,weak_null,True,166,1907505461,-4.440892098500626e-16,0,0
100,250,0.029669011515230492,0.05071675689683758,0.024490547707770816,0.048629360609979244,-0.021047745381607086,-0.02413881290220843,0.032770839943860944,-0.6422705496003016,-0.7365942692820854,0.5206975326734821,0.4613691209919395,0.683,0.522,0.476,True,999,0.00011812499724328518,0.0008230831008404493,weak_2x2_bal_strong_100_250,weak_null,True,167,1907505461,-4.440892098500626e-16,0,0
100,250,0.05697138162392246,0.07129317775629385,0.05177894383153614,0.06920491757031755,-0.01432179613237139,-0.01742597373878141,0.041902228065819946,-0.34179080190854616,-0.41587224696998737,0.7325083321939636,0.6775034886989064,0.786,0.722,0.664,True,999,0.00010879198089241982,0.0008056670194491744,weak_2x2_bal_strong_100_250,weak_null,True,168,1907505461,-4.440892098500626e-16,0,0
100,250,0.0749012577510274,0.0777971178109354,0.06969267816045033,0.07567970980154826,-0.0028958600599079953,-0.0059870316410979285,0.04665643915055525,-0.06206774697407511,-0.12832165827697287,0.9505088816441869,0.8978944259701904,0.964,0.95,0.917,True,999,0.00010875007137656212,0.0008169169304892421,weak_2x2_bal_strong_100_250,weak_null,True,169,1907505461,-4.440892098500626e-16,0,0
100,250,0.009933266886553604,0.07660116387595373,0.004770849594862625,0.07445463216552639,-0.06666789698940012,-0.06968378257066377,0.031898801742606196,-2.0899812327543943,-2.1845266519083504,0.03661948558950812,0.028923571050375973,0.198,0.05,0.047,True,999,0.00010862504132091999,0.0008504580473527312,weak_2x2_bal_strong_100_250,weak_null,True,170,1907505461,-4.440892098500626e-16,0,0
100,250,0.05879172279147726,0.02532311134513543,0.053599990936902486,0.0232032002145246,0.033468611446341834,0.030396790722377887,0.036988759816667174,0.9048319438723339,0.821784533275459,0.36555442581165654,0.4111995379415605,0.511,0.372,0.414,True,999,0.0001165410503745079,0.0008027920266613364,weak_2x2_bal_strong_100_250,weak_null,True,171,1907505461,-4.440892098500626e-16,0,0
100,250,0.02463582455861879,0.041418827998713326,0.01946618225500174,0.03930484703900561,-0.016783003440094535,-0.019838664784003868,0.03021753643415901,-0.5554060794023702,-0.656528199353059,0.5786169352414081,0.5114843296828159,0.735,0.588,0.508,True,999,0.00011233298573642969,0.0007977909408509731,weak_2x2_bal_strong_100_250,weak_null,True,172,1907505461,-4.440892098500626e-16,0,0
100,250,0.09136637883935106,0.05368656696291085,0.08614312772530752,0.05158962221243257,0.037679811876440206,0.03455350551287495,0.046639053852983774,0.80790257871043,0.7408706364797827,0.4191466667143632,0.4587718809826077,0.494,0.422,0.474,True,999,0.000112209003418684,0.0008117090910673141,weak_2x2_bal_strong_100_250,weak_null,True,173,1907505461,-4.440892098500626e-16,0,0
100,250,0.06707733961080531,0.05725061815031646,0.06187720775957928,0.055139868287113813,0.009826721460488852,0.0067373394724654645,0.042909619332762314,0.22900975616406744,0.1570123337664144,0.818861333296677,0.875235127729387,0.89,0.841,0.905,True,999,0.00011020805686712265,0.0008091670460999012,weak_2x2_bal_strong_100_250,weak_null,True,174,1907505461,-4.440892098500626e-16,0,0
100,250,0.09839440085990037,0.05562788495762194,0.09316562293847142,0.05350774995324059,0.042766515902278424,0.039657872985230824,0.04859611478290931,0.880039815802701,0.8160708559190835,0.3788377405983777,0.4144596114757122,0.467,0.397,0.435,True,999,0.00011129106860607862,0.0008577500702813268,weak_2x2_bal_strong_100_250,weak_null,True,175,1907505461,-4.440892098500626e-16,0,0
100,250,0.07534538571423399,0.0788858742751406,0.070136923885741,0.076718558555541,-0.0035404885609066072,-0.006581634669799996,0.04718631774241523,-0.07503210104746325,-0.13948184526134028,0.9401891709299641,0.8890694010824127,0.981,0.967,0.892,True,999,0.0001116669736802578,0.0008307918906211853,weak_2x2_bal_strong_100_250,weak_null,True,176,1907505461,-4.440892098500626e-16,0,0
100,250,0.029518292083074327,0.10907221419052088,0.024328714344292734,0.10694887247322526,-0.07955392210744655,-0.08262015812893253,0.039900226235688445,-1.9938213291705642,-2.070668914028201,0.046171583779726556,0.038389747172284015,0.167,0.055,0.049,True,999,0.00011612498201429844,0.0008394169854000211,weak_2x2_bal_strong_100_250,weak_null,True,177,1907505461,-4.440892098500626e-16,0,0
100,250,0.02951376404416073,0.08107622054410041,0.024340219921725748,0.07899164684134519,-0.05156245649993968,-0.05465142691961944,0.03646575491363126,-1.4139966832460975,-1.4987054854358768,0.15736287632992751,0.13395005304470442,0.325,0.161,0.14,True,999,0.0001166659640148282,0.0008499999530613422,weak_2x2_bal_strong_100_250,weak_null,True,178,1907505461,-4.440892098500626e-16,0,0
100,250,0.02354806441513302,0.07680495590957048,0.018378452151807778,0.07470383608357167,-0.053256891494437464,-0.056325383931763895,0.03477714132833186,-1.5313763426279872,-1.6196093692691569,0.1256764074804362,0.10531621568995032,0.322,0.15,0.128,True,999,0.00011570798233151436,0.0008445000275969505,weak_2x2_bal_strong_100_250,weak_null,True,179,1907505461,-4.440892098500626e-16,0,0
100,250,0.07385998717818298,0.036566933575977234,0.06865730333458941,0.03442973242066216,0.03729305360220575,0.03422757091392725,0.04203817306575842,0.8871235565796332,0.8142021505165462,0.3750123827528634,0.41552915370314514,0.504,0.37,0.414,True,999,0.00011849997099488974,0.0008440840756520629,weak_2x2_bal_strong_100_250,weak_null,True,180,1907505461,-4.440892098500626e-16,0,0
100,250,0.02797587320180761,0.04177175792822613,0.022802804366975238,0.03967571815468318,-0.013795884726418517,-0.016872913787707944,0.03096216654088124,-0.4455723312579877,-0.5449526203351954,0.6559062007043799,0.5857861042448853,0.788,0.692,0.613,True,999,0.00011549994815140963,0.0008439170196652412,weak_2x2_bal_strong_100_250,weak_null,True,181,1907505461,-4.440892098500626e-16,0,0
100,250,0.022979168343198464,0.07327428482834175,0.017808977342284038,0.07113656578836469,-0.05029511648514329,-0.053327588446080654,0.03509958669352313,-1.43292617443909,-1.5193224043268039,0.15187893624746773,0.1286813629829317,0.38,0.153,0.129,True,999,0.00011445803102105856,0.0008428329601883888,weak_2x2_bal_strong_100_250,weak_null,True,182,1907505461,-4.440892098500626e-16,0,0
100,250,0.040351649128849365,0.04542301001472482,0.03516751106675997,0.04330311673076892,-0.005071360885875453,-0.00813560566400895,0.0354111003771194,-0.14321387451580783,-0.22974732717613333,0.8861212724957717,0.8182881166487795,0.933,0.918,0.841,True,999,0.0001115420600399375,0.0008420828962698579,weak_2x2_bal_strong_100_250,weak_null,True,183,1907505461,-4.440892098500626e-16,0,0
100,250,0.04516710103441712,0.04888329630734822,0.039984297889105846,0.04677271510841763,-0.0037161952729311,-0.006788417219311782,0.03703821350616621,-0.10033408529038311,-0.18328144304750635,0.9200790978671478,0.8545771940681302,0.956,0.927,0.822,True,999,0.00011712498962879181,0.0008584579918533564,weak_2x2_bal_strong_100_250,weak_null,True,184,1907505461,-4.440892098500626e-16,0,0
100,250,0.04550937731471627,0.0159415680206193,0.040325315708599874,0.013762152200641253,0.02956780929409697,0.02656316350795862,0.03226726560397977,0.9163407168424629,0.8232232577117529,0.3594882185070144,0.4103810452380674,0.593,0.387,0.43,True,999,0.00011541706044226885,0.0008030839962884784,weak_2x2_bal_strong_100_250,weak_null,True,185,1907505461,-4.440892098500626e-16,0,0
100,250,0.10487732614047862,0.03028740237765959,0.09963138386682147,0.028140200800109483,0.07458992376281903,0.07149118306671198,0.04678589405438071,1.594282320994461,1.528049949918998,0.11087281556119065,0.12650013668071142,0.191,0.102,0.118,True,999,0.00010991690214723349,0.0008031660690903664,weak_2x2_bal_strong_100_250,weak_null,True,186,1907505461,-4.440892098500626e-16,0,0
100,250,0.044955804955724266,0.0710301974242552,0.03977145582517494,0.06892773557507326,-0.026074392468530938,-0.029156279749898317,0.03950114480497005,-0.6600920706796894,-0.7381122722860899,0.5091947468408948,0.4604462267774154,0.621,0.492,0.438,True,999,0.00011045800056308508,0.0008008329896256328,weak_2x2_bal_strong_100_250,weak_null,True,187,1907505461,-4.440892098500626e-16,0,0
100,250,0.06270638444918264,0.07477122519206247,0.057507581338796854,0.07262988879354282,-0.012064840742879834,-0.015122307454745965,0.04411950452786702,-0.27345821019498007,-0.3427578712991739,0.784501011914162,0.731780621912659,0.833,0.788,0.74,True,999,0.00011504208669066429,0.0008199579315260053,weak_2x2_bal_strong_100_250,weak_null,True,188,1907505461,-4.440892098500626e-16,0,0
100,250,0.05142768388279051,0.05620044373813171,0.0462399154987736,0.054077156690269135,-0.004772759855341202,-0.007837241191495536,0.03963516942511624,-0.12041729414979548,-0.1977345197502597,0.9041525923343683,0.843252780063891,0.917,0.901,0.824,True,999,0.00011875003110617399,0.0008318749023601413,weak_2x2_bal_strong_100_250,weak_null,True,189,1907505461,-4.440892098500626e-16,0,0
100,250,0.00710077620798133,0.08016196300754064,0.0019417275689477265,0.07804485338856182,-0.07306118679955931,-0.07610312581961409,0.030642586701324588,-2.3843021971901965,-2.483573810572734,0.017111544250237316,0.013007137540416923,0.128,0.015,0.014,True,999,0.00011079199612140656,0.0008282919880002737,weak_2x2_bal_strong_100_250,weak_null,True,190,1907505461,-4.440892098500626e-16,0,0
100,250,0.03076301275516513,0.06265066817066,0.02557179964415468,0.06053034017455161,-0.031887655415494875,-0.03495854053039693,0.03545516958874061,-0.8993795766702902,-0.9859927603194601,0.36845051386354977,0.3241366654989867,0.544,0.393,0.346,True,999,0.00011012505274266005,0.0008387078996747732,weak_2x2_bal_strong_100_250,weak_null,True,191,1907505461,-4.440892098500626e-16,0,0
100,250,0.060244385944802636,0.026754988464290308,0.05504804486290027,0.0246573048604688,0.03348939748051233,0.03039074000243147,0.03732168677674934,0.8973173608373872,0.8142917061659789,0.36954959519677055,0.41547785990605146,0.468,0.369,0.414,True,999,0.00010779197327792645,0.0008484999416396022,weak_2x2_bal_strong_100_250,weak_null,True,192,1907505461,-4.440892098500626e-16,0,0
100,250,0.0320259368087773,0.035316181270498626,0.026848147873423045,0.03319824552437467,-0.0032902444617213256,-0.006350097650951625,0.03152034198287443,-0.1043847958092896,-0.20146030314016733,0.9168639879504786,0.8403386665420343,0.947,0.909,0.847,True,999,0.00012745801359415054,0.0008365419926121831,weak_2x2_bal_strong_100_250,weak_null,True,193,1907505461,-4.440892098500626e-16,0,0
100,250,0.12040616513819713,0.07332523444218059,0.11515909825942572,0.0711938290396148,0.04708093069601654,0.04396526921981092,0.05350195259096429,0.8799852793403999,0.8217507416212698,0.37886728419772986,0.41121877370983473,0.433,0.357,0.395,True,999,0.00010837498120963573,0.0008645000634714961,weak_2x2_bal_strong_100_250,weak_null,True,194,1907505461,-4.440892098500626e-16,0,0
100,250,0.057020569720351855,0.04707087830904505,0.05181481148605371,0.04495005797760143,0.009949691411306805,0.0068647535084522815,0.03958811068717148,0.2513302918123597,0.17340442343152293,0.801558757128128,0.8623335483818313,0.874,0.821,0.876,True,999,0.00011429202277213335,0.0008006660500541329,weak_2x2_bal_strong_100_250,weak_null,True,195,1907505461,-4.440892098500626e-16,0,0
100,250,0.06453060184189918,0.06452148357804943,0.05932963786189305,0.06242339533270069,9.118263849750008e-06,-0.0030937574708076454,0.04285524514475637,0.00021276891122546036,-0.07219087092741057,0.9998302349719953,0.9424500101635396,1.0,1.0,0.945,True,999,0.00011108408216387033,0.0007988750003278255,weak_2x2_bal_strong_100_250,weak_null,True,196,1907505461,-4.440892098500626e-16,0,0
100,250,0.039534547637448014,0.030181621857124585,0.03435537000655131,0.02803509418390604,0.009352925780323429,0.0063202758226452715,0.033054553610634675,0.28295423046688195,0.19120741720172083,0.7772119225499367,0.84836309274067,0.85,0.789,0.855,True,999,0.00010908301919698715,0.0008044169517233968,weak_2x2_bal_strong_100_250,weak_null,True,197,1907505461,-4.440892098500626e-16,0,0
100,250,0.09032867239504216,0.019224429594019765,0.0851127721272178,0.01709477458328479,0.0711042428010224,0.068017997543933,0.04288029615677457,1.658203164946863,1.586229658844998,0.0972764661931433,0.11268722213941977,0.192,0.111,0.128,True,999,0.00011899997480213642,0.00081445905379951,weak_2x2_bal_strong_100_250,weak_null,True,198,1907505461,-4.440892098500626e-16,0,0
100,250,0.024908305558752786,0.07680495590957048,0.019733330573686203,0.07470383608357167,-0.0518966503508177,-0.05497050550988547,0.03513307172649702,-1.4771452594530114,-1.5646370444866982,0.13963670364926228,0.11766803768636906,0.358,0.162,0.139,True,999,0.0001177079975605011,0.0008296249434351921,weak_2x2_bal_strong_100_250,weak_null,True,199,1907505461,-4.440892098500626e-16,0,0
100,250,0.04553574499710511,0.03469377575291277,0.040353131483556126,0.03260473636294137,0.01084196924419234,0.0077483951206147594,0.03473017531061689,0.31217721037181145,0.22310267804050224,0.7549058507447431,0.8234555941085371,0.814,0.767,0.819,True,999,0.00011633301619440317,0.0008346250979229808,weak_2x2_bal_strong_100_250,weak_null,True,200,1907505461,-4.440892098500626e-16,0,0
100,250,0.04558878723206372,0.00022091258166595518,0.04038694516438568,-0.0037896737090648003,0.045367874650397766,0.04417661887345048,0.029375671335196973,1.5444029902404122,1.5038505288735136,0.12249073609770028,0.1326198574237238,0.31,0.133,0.144,True,999,0.00011620798613876104,0.0008668330265209079,weak_2x2_bal_strong_100_250,weak_null,True,201,1907505461,-4.440892098500626e-16,0,0
100,250,0.05879803751602253,0.043368733636635626,0.05360461857230803,0.04127167868587378,0.015429303879386902,0.012332939886434247,0.03921977708197251,0.39340621052328795,0.31445716431935355,0.6940194833717741,0.7531738454512946,0.774,0.71,0.774,True,999,0.00011399993672966957,0.0007927920669317245,weak_2x2_bal_strong_100_250,weak_null,True,202,1907505461,-4.440892098500626e-16,0,0
100,250,0.06336955972453928,0.07873061924765495,0.05816819124569861,0.07662988223236766,-0.015361059523115672,-0.018461690986669055,0.04429048472608926,-0.34682527450568307,-0.4168319922629841,0.7287225880263867,0.6768013001182687,0.781,0.734,0.691,True,999,0.00010887498501688242,0.0007967499550431967,weak_2x2_bal_strong_100_250,weak_null,True,203,1907505461,-4.440892098500626e-16,0,0
100,250,0.1009690656286999,0.0373447825753509,0.09574070955159186,0.03523710354676268,0.063624283053349,0.06050360600482918,0.046824687750118214,1.3587764512789169,1.2921304745844553,0.17421743760440056,0.19631196385472005,0.266,0.187,0.208,True,999,0.00010887498501688242,0.0008117910474538803,weak_2x2_bal_strong_100_250,weak_null,True,204,1907505461,-4.440892098500626e-16,0,0
100,250,0.032565480312198525,0.08820107918715686,0.027389344920791814,0.08607602739373021,-0.055635598874958336,-0.0586866824729384,0.038998480662695977,-1.4266093942520333,-1.5048453548877658,0.1536925148814694,0.1323638400787111,0.323,0.169,0.149,True,999,0.00011312495917081833,0.0008187079802155495,weak_2x2_bal_strong_100_250,weak_null,True,205,1907505461,-4.440892098500626e-16,0,0
100,250,0.07385998717818298,0.04572886142753929,0.06865730333458941,0.04359031367553712,0.028131125750643693,0.025066989659052297,0.04319641520698386,0.6512375069979311,0.5803025445268788,0.5148931821138589,0.5617106118066708,0.632,0.518,0.561,True,999,0.00011591706424951553,0.0008330829441547394,weak_2x2_bal_strong_100_250,weak_null,True,206,1907505461,-4.440892098500626e-16,0,0
100,250,0.057778977696978706,0.07611944602871973,0.052586858872615494,0.07402098156426007,-0.018340468331741022,-0.021434122691644575,0.0428171576583915,-0.428343900780779,-0.5005965800591581,0.668400761305083,0.6166550698151119,0.74,0.681,0.624,True,999,0.00011716701555997133,0.0008278749883174896,weak_2x2_bal_strong_100_250,weak_null,True,207,1907505461,-4.440892098500626e-16,0,0
100,250,0.02440927043779595,0.060811918085836136,0.019240497564368297,0.05872082300308534,-0.03640264764804019,-0.039480325438717045,0.03268584639528953,-1.1137128654342052,-1.2078722074765271,0.26540238819207873,0.2270964214417075,0.429,0.269,0.233,True,999,0.00011670798994600773,0.0008348330156877637,weak_2x2_bal_strong_100_250,weak_null,True,208,1907505461,-4.440892098500626e-16,0,0
100,250,0.017142452279381826,0.053319773707758755,0.011964309309405508,0.05120301854303477,-0.03617732142837693,-0.039238709233629265,0.029972280863741405,-1.2070259715249765,-1.3091666067061918,0.2274221421308713,0.19047792106495842,0.426,0.211,0.184,True,999,0.00011666701175272465,0.0008319999324157834,weak_2x2_bal_strong_100_250,weak_null,True,209,1907505461,-4.440892098500626e-16,0,0
100,250,0.03721406351323686,0.04155982867702751,0.03203140375200064,0.03942963636298202,-0.004345765163790649,-0.007398232610981381,0.034142963406882755,-0.1272814287383913,-0.21668396274852927,0.8987176584700937,0.8284546469606617,0.93,0.91,0.834,True,999,0.00011554104276001453,0.0008839169749990106,weak_2x2_bal_strong_100_250,weak_null,True,210,1907505461,-4.440892098500626e-16,0,0
100,250,0.007050158551725971,0.0698487693017128,0.0018897223110485584,0.06774060940053062,-0.06279861074998683,-0.06585088708948206,0.029067573596641645,-2.160435254122564,-2.265441484840352,0.030738990765520422,0.02348560102104391,0.187,0.042,0.041,True,999,0.00011320796329528093,0.0007993329782038927,weak_2x2_bal_strong_100_250,weak_null,True,211,1907505461,-4.440892098500626e-16,0,0
100,250,0.1082078618413973,0.06188138356127415,0.10296668778285323,0.059729407820896085,0.04632647828012315,0.04323727996195714,0.051088021420982156,0.906797268549073,0.8463291151103247,0.36451401460125776,0.3973691700643158,0.474,0.381,0.413,True,999,0.00011095800437033176,0.0008056249935179949,weak_2x2_bal_strong_100_250,weak_null,True,212,1907505461,-4.440892098500626e-16,0,0
100,250,0.10146037741315572,0.05840357733225465,0.09623209796019694,0.056277495610260075,0.04305680008090107,0.03995460234993686,0.0493605999646482,0.8722908577233284,0.8094432073060728,0.38304972381814184,0.418260257704673,0.48,0.399,0.42,True,999,0.00011016696225851774,0.0008221659809350967,weak_2x2_bal_strong_100_250,weak_null,True,213,1907505461,-4.440892098500626e-16,0,0
100,250,0.059204850577441515,0.09772262694202394,0.05401158379129356,0.09554448006720406,-0.03851777636458242,-0.0415328962759105,0.04645433969515008,-0.8291534572948359,-0.8940584786795842,0.40701757769004165,0.371290603404667,0.586,0.451,0.403,True,999,0.0001092919846996665,0.0008336669998243451,weak_2x2_bal_strong_100_250,weak_null,True,214,1907505461,-4.440892098500626e-16,0,0
100,250,0.059630091707797095,0.08820107918715686,0.05443352642821253,0.08607602739373021,-0.028570987479359766,-0.031642500965517684,0.04481737391514644,-0.6374980277392813,-0.7060320184182816,0.5238004942189289,0.48016822608698473,0.64,0.527,0.475,True,999,0.00011170795187354088,0.0008358340710401535,weak_2x2_bal_strong_100_250,weak_null,True,215,1907505461,-4.440892098500626e-16,0,0
100,250,0.11704143252188082,0.02113621520899872,0.1117855936825265,0.019001733284753186,0.0959052173128821,0.09278386039777331,0.048052495321439494,1.9958426023734972,1.9308853739459417,0.0459510579655736,0.053497229317697306,0.119,0.039,0.047,True,999,0.00011624989565461874,0.0008384160464629531,weak_2x2_bal_strong_100_250,weak_null,True,216,1907505461,-4.440892098500626e-16,0,0
100,250,0.0019798469663653284,0.05764431663370917,-0.0031974645153383108,0.055531721924509725,-0.05566446966734384,-0.058729186439848036,0.025218462549293583,-2.2072903753961444,-2.3288170849056438,0.027293779279428304,0.019868757919463055,0.247,0.035,0.031,True,999,0.00011458294466137886,0.000838999985717237,weak_2x2_bal_strong_100_250,weak_null,True,217,1907505461,-4.440892098500626e-16,0,0
100,250,0.07391015090475495,0.0713373452824867,0.06870545758084745,0.06919856267697355,0.0025728056222682483,-0.0004931050961261008,0.04607034824942673,0.055845152468546023,-0.010703307330268263,0.9554651645764679,0.9914601593871069,0.927,0.92,0.998,True,999,0.00011608307249844074,0.0008330829441547394,weak_2x2_bal_strong_100_250,weak_null,True,218,1907505461,-4.440892098500626e-16,0,0
100,250,0.043316596387061646,0.03570482489477955,0.03812216899542875,0.033616137903209165,0.007611771492282093,0.004506031092219587,0.034432908006963185,0.2210609539787579,0.13086408767183869,0.8250449723473301,0.8958828242010688,0.884,0.836,0.895,True,999,0.00011945795267820358,0.0008859579684212804,weak_2x2_bal_strong_100_250,weak_null,True,219,1907505461,-4.440892098500626e-16,0,0
100,250,0.05978341254051367,0.0657568959226339,0.05458349690994169,0.06366062993062371,-0.005973483382120226,-0.009077133020682027,0.04214784185780279,-0.1417269098207542,-0.21536412353700585,0.8872957185292724,0.8294834389666884,0.919,0.876,0.824,True,999,0.00011345790699124336,0.0008300000336021185,weak_2x2_bal_strong_100_250,weak_null,True,220,1907505461,-4.440892098500626e-16,0,0
100,250,0.022752356818760422,0.024142471447083702,0.017575674084071125,0.02198069016085924,-0.0013901146283232801,-0.004405016076788115,0.026658749458838945,-0.05214478010191792,-0.1652371610149775,0.95841333211661,0.8687573169993167,0.972,0.952,0.861,True,999,0.00011849997099488974,0.0008047500159591436,weak_2x2_bal_strong_100_250,weak_null,True,221,1907505461,-4.440892098500626e-16,0,0
100,250,0.028983205450210714,0.0505885517929931,0.02380625383968038,0.04848575579393355,-0.021605346342782383,-0.02467950195425317,0.032835346672385794,-0.6579905051208814,-0.7516138690567987,0.5105442323357078,0.45228330042171994,0.672,0.521,0.462,True,999,0.00011149991769343615,0.0008000830421224236,weak_2x2_bal_strong_100_250,weak_null,True,222,1907505461,-4.440892098500626e-16,0,0
100,250,0.06200633350202889,0.03187668761792967,0.05679764259392073,0.02974566028002812,0.03012964588409922,0.02705198231389261,0.03867815182549431,0.778983598286606,0.699412485786396,0.4359893765541185,0.4842942871307173,0.591,0.445,0.503,True,999,0.00011087500024586916,0.0008086670422926545,weak_2x2_bal_strong_100_250,weak_null,True,223,1907505461,-4.440892098500626e-16,0,0
100,250,0.05247954414889877,0.05358548721288231,0.04728988711309512,0.051467378820731824,-0.0011059430639835388,-0.004177491707636705,0.03946617113279301,-0.02802255785752155,-0.10584993648308505,0.9776441596413986,0.9157014157209289,0.976,0.97,0.92,True,999,0.00011195801198482513,0.0008197079878300428,weak_2x2_bal_strong_100_250,weak_null,True,224,1907505461,-4.440892098500626e-16,0,0
100,250,0.036944118858446284,0.03131213890581269,0.0317579468193685,0.02918402743952697,0.005631979952633592,0.002573919379841527,0.0322934500834688,0.17440006992367268,0.0797040691901523,0.8615510593710214,0.9364726230069579,0.911,0.864,0.933,True,999,0.0001100829103961587,0.0008245829958468676,weak_2x2_bal_strong_100_250,weak_null,True,225,1907505461,-4.440892098500626e-16,0,0
100,250,0.04221237139378675,0.028686726004882368,0.03702649579555839,0.026555761998224625,0.013525645388904384,0.010470733797333764,0.03333529020619839,0.40574554189390005,0.3141035740971839,0.6849295760835103,0.7534423750769697,0.792,0.682,0.758,True,999,0.00011004204861819744,0.0008398339850828052,weak_2x2_bal_strong_100_250,weak_null,True,226,1907505461,-4.440892098500626e-16,0,0
100,250,0.021050379165941546,0.02579920109010203,0.015880697229476937,0.023659643884840875,-0.0047488219241604845,-0.007778946655363939,0.02624396543181224,-0.1809490999559117,-0.2964089659230577,0.8564075287257461,0.7669177790028117,0.915,0.858,0.752,True,999,0.00011124997399747372,0.000875959056429565,weak_2x2_bal_strong_100_250,weak_null,True,227,1907505461,-4.440892098500626e-16,0,0
100,250,0.07502087829627957,0.04894527996151199,0.06981036921412453,0.04683112685410151,0.02607559833476758,0.022979242360023022,0.04341402988581375,0.6006260741827197,0.5293045225348193,0.5480890672439555,0.5965942188080242,0.644,0.551,0.594,True,999,0.00011450005695223808,0.0008166659390553832,weak_2x2_bal_strong_100_250,weak_null,True,228,1907505461,-4.440892098500626e-16,0,0
100,250,0.008078487551377522,0.036149552572049215,0.0029153636159122698,0.03404802902787196,-0.028071065020671693,-0.031132665411959692,0.022780017179969504,-1.2322670698139162,-1.3666655808905483,0.21784933659729866,0.17173015099962852,0.487,0.218,0.173,True,999,0.00011116696987301111,0.0008032500045374036,weak_2x2_bal_strong_100_250,weak_null,True,229,1907505461,-4.440892098500626e-16,0,0
100,250,0.06326096973380879,0.05809673205686844,0.05805270822607156,0.055972449151127535,0.005164237676940353,0.002080259074944024,0.042363841249666925,0.12190201654532344,0.04910459046157387,0.902976618568194,0.9608359451633436,0.932,0.913,0.961,True,999,0.00010945799294859171,0.0008059580577537417,weak_2x2_bal_strong_100_250,weak_null,True,230,1907505461,-4.440892098500626e-16,0,0
100,250,0.02426508867076016,0.01830324210057671,0.019096178238271477,0.01613652990404546,0.005961846570183449,0.002959648334226017,0.02576000545631349,0.2314380942307707,0.11489315634056438,0.8169744734566482,0.9085298096220465,0.895,0.822,0.923,True,999,0.00011574989184737206,0.000825375085696578,weak_2x2_bal_strong_100_250,weak_null,True,231,1907505461,-4.440892098500626e-16,0,0
100,250,0.08819197489616559,0.00908538018393601,0.08295344773411273,0.006945740934497735,0.07910659471222958,0.076007706799615,0.04091111595589811,1.9336210431782386,1.8578741993142098,0.05315973804693277,0.0631868810734298,0.127,0.061,0.079,True,999,0.00011137500405311584,0.0008127499604597688,weak_2x2_bal_strong_100_250,weak_null,True,232,1907505461,-4.440892098500626e-16,0,0
100,250,0.0320259368087773,0.02142131576570888,0.026848147873423045,0.01928126096576932,0.010604621043068418,0.007566886907653725,0.029029833558708373,0.36530078691709356,0.26065898353674194,0.7148868910627426,0.7943554991959061,0.825,0.721,0.812,True,999,0.00011091597843915224,0.0008220829768106341,weak_2x2_bal_strong_100_250,weak_null,True,233,1907505461,-4.440892098500626e-16,0,0
100,250,0.03505830987020098,0.02618504569172242,0.029880180440102322,0.02406145699002593,0.008873264178478557,0.005818723450076391,0.030770649805436673,0.2883677866598318,0.18909979109535466,0.7730652233931399,0.8500146052137989,0.86,0.778,0.86,True,999,0.00010916695464402437,0.0008278340101242065,weak_2x2_bal_strong_100_250,weak_null,True,234,1907505461,-4.440892098500626e-16,0,0
100,250,0.0034020964594863035,0.01275415916073247,-0.0017566112628770725,0.010611039883542617,-0.009352062701246167,-0.01236765114641969,0.014003575016363897,-0.6678339417125841,-0.8831781264403877,0.5042395979890997,0.3771400378569537,0.766,0.503,0.4,True,999,0.00010979105718433857,0.0008328749099746346,weak_2x2_bal_strong_100_250,weak_null,True,235,1907505461,-4.440892098500626e-16,0,0
100,250,0.05940846856642301,0.035797065352424884,0.054215277101889114,0.033690656836085964,0.023611403213998128,0.02052462026580315,0.03850521896044207,0.6132000765468976,0.5330347630768937,0.5397440541713402,0.5940095164573991,0.671,0.551,0.603,True,999,0.00010866706725209951,0.00087779201567173,weak_2x2_bal_strong_100_250,weak_null,True,236,1907505461,-4.440892098500626e-16,0,0
100,250,0.11507469276273508,0.0713373452824867,0.10976323895383189,0.06919856267697355,0.04373734748024838,0.040564676276858336,0.05213177066248211,0.838976825924791,0.7781181372005782,0.4014823140599123,0.4364993712475228,0.483,0.404,0.431,True,999,0.00011350004933774471,0.0008077910169959068,weak_2x2_bal_strong_100_250,weak_null,True,237,1907505461,-4.440892098500626e-16,0,0
100,250,0.054762727353112384,0.04297293301874816,0.04956936738049933,0.04085806636005884,0.011789794334364223,0.008711301020440487,0.03862250093489474,0.3052571441253395,0.22554989473946732,0.7601703131716737,0.8215515147669027,0.822,0.752,0.812,True,999,0.00010891701094806194,0.0007963749812915921,weak_2x2_bal_strong_100_250,weak_null,True,238,1907505461,-4.440892098500626e-16,0,0
100,250,0.05247954414889877,0.11866007620596575,0.04728988711309512,0.11652287447476795,-0.06618053205706698,-0.06923298736167283,0.04629832339802129,-1.4294369039699484,-1.495367051771722,0.15287869783568522,0.13481867451849297,0.263,0.15,0.13,True,999,0.00010841607581824064,0.0007945839315652847,weak_2x2_bal_strong_100_250,weak_null,True,239,1907505461,-4.440892098500626e-16,0,0
100,250,0.05901705585352923,0.04293016851495657,0.053820261823716464,0.04080009909002058,0.016086887338572664,0.013020162733695884,0.03968394278895861,0.4053752275605178,0.3280964999606472,0.6852017173311786,0.7428387002832717,0.769,0.695,0.752,True,999,0.0001076660118997097,0.0008038330124691129,weak_2x2_bal_strong_100_250,weak_null,True,240,1907505461,-4.440892098500626e-16,0,0
100,250,0.07844610104900773,0.029703037967651502,0.0732354253881482,0.02757736581938275,0.04874306308135623,0.04565805956876545,0.042008316390057615,1.1603193669740255,1.0868814437793477,0.24591880223081786,0.27708920808407755,0.348,0.262,0.29,True,999,0.00010729103814810514,0.0008257920853793621,weak_2x2_bal_strong_100_250,weak_null,True,241,1907505461,-4.440892098500626e-16,0,0
100,250,0.04606453410618794,0.08761823188070339,0.040880754384517104,0.08549656534417238,-0.04155369777451545,-0.04461581095965528,0.04199341851650541,-0.989528817668961,-1.0624477009919815,0.3224044775671434,0.28803248849371466,0.5,0.342,0.317,True,999,0.0001402499619871378,0.0008099999977275729,weak_2x2_bal_strong_100_250,weak_null,True,242,1907505461,-4.440892098500626e-16,0,0
100,250,0.04926812657257684,0.055237501595894356,0.04407209487204966,0.05309549474968378,-0.005969375023317514,-0.00902339987763412,0.039109934019078335,-0.15263065952516244,-0.23071887242848294,0.8786895454715444,0.8175332109662848,0.934,0.886,0.848,True,999,0.00011224998161196709,0.0007989580044522882,weak_2x2_bal_strong_100_250,weak_null,True,243,1907505461,-4.440892098500626e-16,0,0
100,250,0.054762727353112384,0.05383258786475448,0.04956936738049933,0.05173549301582625,0.0009301394883579062,-0.002166125635326921,0.039749963017727895,0.023399757326643997,-0.05449377737435532,0.9813313985793111,0.9565417661609559,0.985,0.983,0.957,True,999,0.00011087500024586916,0.0007972499588504434,weak_2x2_bal_strong_100_250,weak_null,True,244,1907505461,-4.440892098500626e-16,0,0
100,250,0.0325654803121983,0.027068945897595897,0.027389344920791814,0.024928002775567393,0.005496534414602405,0.002461342145224421,0.030407355909809926,0.18076331368322396,0.08094561567684189,0.8565533601175425,0.9354852028975816,0.927,0.88,0.946,True,999,0.00010979198850691319,0.0008396659977734089,weak_2x2_bal_strong_100_250,weak_null,True,245,1907505461,-4.440892098500626e-16,0,0
100,250,0.02077848484820599,0.041084519514797135,0.015608506129339617,0.038957024328112766,-0.020306034666591144,-0.02334851819877315,0.029137160957420413,-0.6969119158954905,-0.8013312701568113,0.48585792011019235,0.42293989254261555,0.684,0.492,0.423,True,999,0.00011487503070384264,0.0008143329760059714,weak_2x2_bal_strong_100_250,weak_null,True,246,1907505461,-4.440892098500626e-16,0,0
100,250,0.0465733363308064,0.05577001608876192,0.0413868864686151,0.053649113157149486,-0.009196679757955517,-0.012262226688534383,0.03843765713213871,-0.23926223511333466,-0.31901597556739797,0.8109022470466177,0.7497143984875259,0.891,0.804,0.772,True,999,0.00011720799375325441,0.0008273329585790634,weak_2x2_bal_strong_100_250,weak_null,True,247,1907505461,-4.440892098500626e-16,0,0
100,250,0.04763194464340381,0.061035000365601,0.04244147901501094,0.05893390157157796,-0.013403055722197188,-0.01649242255656702,0.03883241455597545,-0.3451512319141833,-0.42470762493518965,0.7299806796942767,0.6710498246480054,0.797,0.726,0.667,True,999,0.00011929194442927837,0.0008363750530406833,weak_2x2_bal_strong_100_250,weak_null,True,248,1907505461,-4.440892098500626e-16,0,0
100,250,0.02797587320180761,0.04741031403663437,0.022802804366975238,0.045319638498455106,-0.01943444083482676,-0.022516834131479868,0.0318401437969508,-0.6103754103236154,-0.707183807807935,0.5416131532233447,0.47945225967780836,0.647,0.527,0.468,True,999,0.00011583301238715649,0.0008290419355034828,weak_2x2_bal_strong_100_250,weak_null,True,249,1907505461,-4.440892098500626e-16,0,0
100,250,0.040267259181623105,0.035429319267354265,0.03508650452536699,0.033271476513249354,0.004837939914268841,0.0018150280121176365,0.03427162412461958,0.14116459426250033,0.05296008165582621,0.8877399156226456,0.9577637132769666,0.914,0.875,0.954,True,999,0.00011558306869119406,0.0008428751025348902,weak_2x2_bal_strong_100_250,weak_null,True,250,1907505461,-4.440892098500626e-16,0,0
100,250,0.031160597538534285,0.04363980210758478,0.02598106850089721,0.041533309941470975,-0.012479204569050495,-0.015552241440573766,0.03236976054222267,-0.3855204474797641,-0.4804558693070231,0.6998518601285725,0.6309032757714035,0.834,0.721,0.652,True,999,0.00011833303142338991,0.0008407499408349395,weak_2x2_bal_strong_100_250,weak_null,True,251,1907505461,-4.440892098500626e-16,0,0
100,250,0.04221237139378675,0.024524892961373113,0.03702649579555839,0.02238692396377928,0.01768747843241364,0.014639571831779108,0.032751930041140374,0.5400438511622379,0.446983485046226,0.5891667914492075,0.6548869841435461,0.76,0.635,0.683,True,999,0.00011625001206994057,0.0008519159164279699,weak_2x2_bal_strong_100_250,weak_null,True,252,1907505461,-4.440892098500626e-16,0,0
100,250,0.08736556736249779,0.03935864489220903,0.08212687327576873,0.03724792588364778,0.04800692247028876,0.04487894739212095,0.0445294373482174,1.0780940728012718,1.0078489660933823,0.2809917764868868,0.31352697459889234,0.458,0.329,0.374,True,999,0.00011654198169708252,0.0008501249831169844,weak_2x2_bal_strong_100_250,weak_null,True,253,1907505461,-4.440892098500626e-16,0,0
100,250,0.05718565023318045,0.00727316936544109,0.05198814170663013,0.005061897314575958,0.04991248086773936,0.04692624439205417,0.03394843184907101,1.4702440775362413,1.3822801772017137,0.14149566082798629,0.16688569009652932,0.321,0.146,0.171,True,999,0.00012137508019804955,0.0008608748903498054,weak_2x2_bal_strong_100_250,weak_null,True,254,1907505461,-4.440892098500626e-16,0,0
100,250,0.059630091707797095,0.06325461081391764,0.05443352642821253,0.06112100081745098,-0.0036245191061205495,-0.006687474389238446,0.04244256465157044,-0.0853982113445738,-0.15756527542901438,0.9319448151100344,0.8747993678944523,0.961,0.943,0.899,True,999,0.00011295906733721495,0.0007981249364092946,weak_2x2_bal_strong_100_250,weak_null,True,255,1907505461,-4.440892098500626e-16,0,0
100,250,0.06013346298174138,0.044954356139522034,0.054924094028777404,0.042836798176324464,0.015179106842219348,0.01208729585245294,0.04001592122119012,0.3793266874531273,0.302062166347234,0.7044452841867048,0.7626046729584739,0.782,0.722,0.779,True,999,0.00011024996638298035,0.0007975830230861902,weak_2x2_bal_strong_100_250,weak_null,True,256,1907505461,-4.440892098500626e-16,0,0
100,250,0.049970404015362346,0.04517519126542924,0.04476625192380368,0.043040278690099854,0.004795212749933109,0.0017259732337038258,0.037883984537461834,0.12657625137586387,0.04555944298829194,0.8992757943867595,0.9636613953907572,0.925,0.898,0.965,True,999,0.00010933307930827141,0.0008040409302338958,weak_2x2_bal_strong_100_250,weak_null,True,257,1907505461,-4.440892098500626e-16,0,0
100,250,0.03797954241746082,0.06845435907272812,0.03279393471292735,0.06633957892358922,-0.0304748166552673,-0.03354564421066186,0.03792981588861468,-0.8034527967327906,-0.8844135787311109,0.42171306941452746,0.3764729955395857,0.547,0.433,0.391,True,999,0.00011329096741974354,0.0008130830246955156,weak_2x2_bal_strong_100_250,weak_null,True,258,1907505461,-4.440892098500626e-16,0,0
100,250,0.0038098204245208267,0.08744992263453588,-0.0013540801574123407,0.08534754841791425,-0.08364010221001505,-0.0867016285753266,0.030424562126754588,-2.7490979775338844,-2.8497247787531306,0.005975952027112005,0.004375707456683221,0.108,0.015,0.012,True,999,0.00012049998622387648,0.0008280420443043113,weak_2x2_bal_strong_100_250,weak_null,True,259,1907505461,-4.440892098500626e-16,0,0
100,250,0.06423198976048061,0.06231451104037233,0.059013840568425735,0.06020289388307276,0.0019174787201082788,-0.0011890533146470261,0.04267468089144919,0.044932467684661415,-0.027863203421991587,0.9641611375003168,0.9777712564564944,0.963,0.945,0.991,True,999,0.00011691695544868708,0.0008318329928442836,weak_2x2_bal_strong_100_250,weak_null,True,260,1907505461,-4.440892098500626e-16,0,0
100,250,0.061312776413463665,0.03770283595901569,0.05611143187623213,0.03559373670610455,0.023609940454447975,0.02051769517012758,0.039167554837085256,0.6027933209681302,0.523844167844266,0.5466461905255159,0.6003869304204594,0.648,0.557,0.611,True,999,0.0001159169478341937,0.0008279168978333473,weak_2x2_bal_strong_100_250,weak_null,True,261,1907505461,-4.440892098500626e-16,0,0
100,250,0.13503207360270864,0.03743382659458344,0.12976171791969193,0.03532579846748263,0.0975982470081252,0.0944359194522093,0.052197834544039666,1.8697757840084515,1.8091922831115357,0.06151496050460833,0.07042113608986852,0.144,0.087,0.094,True,999,0.00011662498582154512,0.0008880409877747297,weak_2x2_bal_strong_100_250,weak_null,True,262,1907505461,-4.440892098500626e-16,0,0
100,250,0.033711571632115134,0.02740204536620683,0.028536268927354058,0.025277384852259388,0.006309526265908305,0.00325888407509467,0.030624194787524605,0.20603076455347719,0.10641533916908874,0.8367668801614843,0.9152528232844553,0.892,0.838,0.926,True,999,0.00011891697067767382,0.000834624981507659,weak_2x2_bal_strong_100_250,weak_null,True,263,1907505461,-4.440892098500626e-16,0,0
100,250,0.1203303443227377,0.05441245204656592,0.11508851752918758,0.05231813557409737,0.06591789227617179,0.06277038195509022,0.051373924665028575,1.2831001856676063,1.2218334955791197,0.19945697874853285,0.22177059899013973,0.237,0.184,0.218,True,999,0.0001163750421255827,0.0008578329579904675,weak_2x2_bal_strong_100_250,weak_null,True,264,1907505461,-4.440892098500626e-16,0,0
100,250,0.059457384001442515,0.06124831096138911,0.05425536367746986,0.059115627783299374,-0.0017909269599465927,-0.004860264105829515,0.042087530909336326,-0.04255243587000988,-0.11547990582529888,0.9660583117949745,0.908064746742493,0.983,0.971,0.889,True,999,0.00011450005695223808,0.0008092919597402215,weak_2x2_bal_strong_100_250,weak_null,True,265,1907505461,-4.440892098500626e-16,0,0
100,250,0.04035164912884959,0.028271539508059884,0.03516751106673155,0.026159984166838512,0.012080109620789703,0.009007526899893037,0.03256856461940865,0.3709131723168045,0.2765711969549055,0.710702203801626,0.7821093837629645,0.811,0.722,0.795,True,999,0.00011012493632733822,0.0007977091008797288,weak_2x2_bal_strong_100_250,weak_null,True,266,1907505461,-4.440892098500626e-16,0,0
100,250,0.0811512510014003,0.0842767901221887,0.07591581505259626,0.08217826342318801,-0.00312553912078839,-0.0062624483705917555,0.0478052987447866,-0.06538060011871058,-0.13099904267985996,0.9478709698895886,0.8957760647099213,0.975,0.97,0.908,True,999,0.00010924995876848698,0.0008183330064639449,weak_2x2_bal_strong_100_250,weak_null,True,267,1907505461,-4.440892098500626e-16,0,0
100,250,0.030841067163294933,0.05177043712670809,0.025661295052202604,0.049675155501944346,-0.020929369963413158,-0.024013860449741742,0.03336378237708843,-0.6273080709753631,-0.719758334901277,0.5304573139124384,0.47167380231328904,0.674,0.528,0.469,True,999,0.00011083297431468964,0.0008272499544546008,weak_2x2_bal_strong_100_250,weak_null,True,268,1907505461,-4.440892098500626e-16,0,0
100,250,0.09654550994213384,0.09048592233772823,0.09128759137558973,0.08838033671017342,0.006059587604405614,0.0029072546654163034,0.050972820194602676,0.1188787981765867,0.057035389729606166,0.9053713792359539,0.954517004085981,0.92,0.909,0.964,True,999,0.00011183309834450483,0.0008341670036315918,weak_2x2_bal_strong_100_250,weak_null,True,269,1907505461,-4.440892098500626e-16,0,0
100,250,0.040003196167557986,0.05451278940773413,0.034822286739995434,0.05233920555416205,-0.014509593240176144,-0.017516918814166615,0.037053040740018986,-0.39158981153482275,-0.4727525316227971,0.6953613171237504,0.6363897435408823,0.797,0.705,0.643,True,999,0.00011333299335092306,0.0008329580305144191,weak_2x2_bal_strong_100_250,weak_null,True,270,1907505461,-4.440892098500626e-16,0,0
100,250,0.06938782112624642,0.05178436493063454,0.06417762430390894,0.04965450778379932,0.017603456195611877,0.014523116520109625,0.04306893474119788,0.40872745753735057,0.3372063090805318,0.6827396813356919,0.7359613815848829,0.794,0.675,0.742,True,999,0.00011512497439980507,0.0008799999486654997,weak_2x2_bal_strong_100_250,weak_null,True,271,1907505461,-4.440892098500626e-16,0,0
100,250,0.20704921205033722,0.08470910492932682,0.20171207272930758,0.0826010912640811,0.1223401071210104,0.11911098146522647,0.06381162716642591,1.9172071384723892,1.866603105960225,0.05521162154322779,0.06195703354180632,0.08,0.065,0.067,True,999,0.00011895899660885334,0.0008017499931156635,weak_2x2_bal_strong_100_250,weak_null,True,272,1907505461,-4.440892098500626e-16,0,0
100,250,0.029985075503045078,0.01650295798719792,0.02479913285677071,0.014319757557757384,0.013482117515847158,0.010479375299013327,0.027632532414493323,0.4879074170116872,0.3792404960146495,0.625615420669942,0.7045092821639134,0.735,0.612,0.691,True,999,0.00010991701856255531,0.0008062080014497042,weak_2x2_bal_strong_100_250,weak_null,True,273,1907505461,-4.440892098500626e-16,0,0
100,250,0.02728866158457388,0.014640501744495271,0.022114991200652412,0.012494882717234645,0.01264815984007861,0.009620108483417766,0.026114043040006592,0.4843432256239177,0.3683883215126744,0.6281423036956705,0.712583704221464,0.771,0.655,0.737,True,999,0.00010912504512816668,0.0007977080531418324,weak_2x2_bal_strong_100_250,weak_null,True,274,1907505461,-4.440892098500626e-16,0,0
100,250,0.06336955972453928,0.07017603784391269,0.05816819124569861,0.06808491462922461,-0.006806478119373405,-0.009916723383526005,0.043262985315471646,-0.1573279807147123,-0.22921958138611392,0.8749863694272477,0.8186982539636473,0.908,0.881,0.809,True,999,0.00010841595940291882,0.0008301249472424388,weak_2x2_bal_strong_100_250,weak_null,True,275,1907505461,-4.440892098500626e-16,0,0
100,250,0.031055048031082277,0.04441910648942532,0.02587649207590914,0.042337360227790555,-0.013364058458343042,-0.016460868151881414,0.032128766788300005,-0.41595304751036044,-0.5123404910105606,0.6774443609324693,0.6084127315358943,0.779,0.694,0.627,True,999,0.0001116250641644001,0.0008008750155568123,weak_2x2_bal_strong_100_250,weak_null,True,276,1907505461,-4.440892098500626e-16,0,0
100,250,0.08368073881203542,0.05177371400675734,0.07846208068889382,0.0496256048423902,0.03190702480527807,0.028836475846503618,0.04587764360446915,0.6954808987218747,0.6285518082645056,0.48675397768205797,0.5296425188109499,0.604,0.503,0.532,True,999,0.00011091702617704868,0.0008353750454261899,weak_2x2_bal_strong_100_250,weak_null,True,277,1907505461,-4.440892098500626e-16,0,0
100,250,0.16469047231160316,0.032570455845826074,0.15939236829179038,0.030415495422317917,0.1321200164657771,0.12897687286947246,0.055593847438512985,2.376522269157614,2.3199846531960464,0.017476706429852544,0.02034170755598115,0.052,0.03,0.032,True,999,0.00011000002268701792,0.0008373330347239971,weak_2x2_bal_strong_100_250,weak_null,True,278,1907505461,-4.440892098500626e-16,0,0
100,250,0.12554113850567994,0.011000411779648112,0.1202266396338274,0.00882736269957718,0.11454072672603183,0.11139927693425022,0.04717449105744201,2.428022521463164,2.3614303925103277,0.015181400513706037,0.01820458912000744,0.031,0.022,0.027,True,999,0.00011454196646809578,0.000841874978505075,weak_2x2_bal_strong_100_250,weak_null,True,279,1907505461,-4.440892098500626e-16,0,0
100,250,0.08324216141137719,0.023036503540812048,0.07802926120876919,0.020918325250192993,0.060205657870565144,0.05711093595857619,0.04190228588589057,1.4368108230304861,1.362955140779246,0.15077175426148937,0.17289664886167488,0.258,0.174,0.198,True,999,0.00011141598224639893,0.000884957960806787,weak_2x2_bal_strong_100_250,weak_null,True,280,1907505461,-4.440892098500626e-16,0,0
100,250,0.06707733961080531,0.01100198442596112,0.06187720775957928,0.008778524404199572,0.05607535518484419,0.053098683355379706,0.03695863957058454,1.517246192943603,1.4367055706682739,0.1292045376278875,0.1508016714297782,0.282,0.13,0.152,True,999,0.00011399993672966957,0.0008412919705733657,weak_2x2_bal_strong_100_250,weak_null,True,281,1907505461,-4.440892098500626e-16,0,0
100,250,0.06554999928391636,0.07852218327710031,0.060352174363487165,0.07643918044402653,-0.01297218399318395,-0.016087006080539368,0.04422794964282492,-0.29330285708346016,-0.3637294111631773,0.7692906700001796,0.7160600786073434,0.801,0.739,0.709,True,999,0.00011366605758666992,0.0008469999302178621,weak_2x2_bal_strong_100_250,weak_null,True,282,1907505461,-4.440892098500626e-16,0,0
100,250,0.024202126171010474,0.03350896704918005,0.019032070034910475,0.0314286134034063,-0.009306840878169576,-0.012396543368495827,0.028138338858187194,-0.3307530314804506,-0.44055704322037126,0.7408310412583932,0.6595337072183385,0.803,0.725,0.645,True,999,0.00011416699271649122,0.0008424170082435012,weak_2x2_bal_strong_100_250,weak_null,True,283,1907505461,-4.440892098500626e-16,0,0
100,250,0.02988796993550691,0.10032528959933762,0.024707448590191916,0.09823570261809778,-0.07043731966383071,-0.07352825402790586,0.0387381750534379,-1.8182921515188828,-1.8980825484544979,0.0690194917377637,0.05768520868987276,0.216,0.076,0.071,True,999,0.00011404103133827448,0.0008826670236885548,weak_2x2_bal_strong_100_250,weak_null,True,284,1907505461,-4.440892098500626e-16,0,0
100,250,0.06003948229975353,0.04177175792822613,0.05484306698551222,0.03967571815468318,0.018267724371527405,0.015167348830829042,0.039238904756043344,0.4655513319013808,0.38653853682022193,0.6415366859675078,0.6990978678101237,0.711,0.647,0.696,True,999,0.00012070790398865938,0.0008702920749783516,weak_2x2_bal_strong_100_250,weak_null,True,285,1907505461,-4.440892098500626e-16,0,0
100,250,0.03284120813174418,0.04833968538681077,0.02766403529844297,0.04623977405465496,-0.01549847725506659,-0.01857573875621199,0.03355890255289573,-0.46182908486467344,-0.5535264070966804,0.6442038917941284,0.5799030033604413,0.718,0.633,0.567,True,999,0.0001204170985147357,0.0007984170224517584,weak_2x2_bal_strong_100_250,weak_null,True,286,1907505461,-4.440892098500626e-16,0,0
100,250,0.02728866158457388,0.12374455484708813,0.022114991200652412,0.1216213051935,-0.09645589326251425,-0.0995063139928476,0.041140513743269214,-2.3445476122255497,-2.4186940059572617,0.019050178067323134,0.015576336957116297,0.079,0.026,0.026,True,999,0.00011162494774907827,0.0007986249402165413,weak_2x2_bal_strong_100_250,weak_null,True,287,1907505461,-4.440892098500626e-16,0,0
100,250,0.0537330876826112,0.035410549927382184,0.048539934671850915,0.033292185834170596,0.018322537755229018,0.01524774883768032,0.037235894177584695,0.4920665438527011,0.4094906050855407,0.6226723024527168,0.6821796599795295,0.728,0.629,0.685,True,999,0.00010991597082465887,0.000852875062264502,weak_2x2_bal_strong_100_250,weak_null,True,288,1907505461,-4.440892098500626e-16,0,0
100,250,0.039379373902592496,0.054470146873102754,0.03420076535070393,0.052313866655495644,-0.015090772970510258,-0.018113101304791712,0.03701109211527804,-0.4077364948731368,-0.48939656382943353,0.6834671411786357,0.6245609683084036,0.774,0.696,0.643,True,999,0.00012654205784201622,0.0008023750269785523,weak_2x2_bal_strong_100_250,weak_null,True,289,1907505461,-4.440892098500626e-16,0,0
100,250,0.016018804252667884,0.07029984594941074,0.010847412811443746,0.06821947339669521,-0.05428104169674286,-0.05737206058525146,0.03127030608182275,-1.7358653783148008,-1.834713751606081,0.0825876407618959,0.06654811364701006,0.326,0.093,0.076,True,999,0.00010916695464402437,0.0008101660059764981,weak_2x2_bal_strong_100_250,weak_null,True,290,1907505461,-4.440892098500626e-16,0,0
100,250,0.040267259181623105,0.05160098434999405,0.03508650452536699,0.0494542415817989,-0.011333725168370945,-0.014367737056431906,0.0367294465184402,-0.3085732632175874,-0.391177608658451,0.7576461618089674,0.6956659580169628,0.835,0.749,0.683,True,999,0.00010779208969324827,0.0007988750003278255,weak_2x2_bal_strong_100_250,weak_null,True,291,1907505461,-4.440892098500626e-16,0,0
100,250,0.044955804955724266,0.042342240902402406,0.03977145582517494,0.04024855528085425,0.0026135640533218596,-0.00047709945567930845,0.03579845979856214,0.07300772346152262,-0.013327373813397173,0.9417999714811491,0.9893666089810303,0.947,0.941,0.998,True,999,0.00010737497359514236,0.0008076250087469816,weak_2x2_bal_strong_100_250,weak_null,True,292,1907505461,-4.440892098500626e-16,0,0
100,250,0.013162405289314671,0.021251913060888306,0.007999407006821002,0.019048251617057588,-0.008089507771573634,-0.011048844610236586,0.02235403547098752,-0.36188131588467365,-0.4942662198320511,0.7174407227874032,0.6211181784849595,0.854,0.719,0.622,True,999,0.00011008395813405514,0.0008124590385705233,weak_2x2_bal_strong_100_250,weak_null,True,293,1907505461,-4.440892098500626e-16,0,0
100,250,0.029922616227185728,0.04732158115338081,0.024746425698552343,0.045199439148433385,-0.017398964926195082,-0.02045301344988104,0.03292325505038502,-0.5284703744987576,-0.6212330287081336,0.597172903958295,0.5344463108131146,0.72,0.589,0.515,True,999,0.00011683302000164986,0.0008124170126393437,weak_2x2_bal_strong_100_250,weak_null,True,294,1907505461,-4.440892098500626e-16,0,0
100,250,0.019175522945859003,0.006458048997587229,0.014007866148531889,0.004248969828793747,0.012717473948271774,0.009758896319738142,0.020997950504449452,0.6056531062675354,0.4647547063067054,0.5447451295529465,0.6421071269762193,0.779,0.546,0.659,True,999,0.00011537503451108932,0.000816166982986033,weak_2x2_bal_strong_100_250,weak_null,True,295,1907505461,-4.440892098500626e-16,0,0
100,250,0.14250152633073876,0.0521742295976223,0.13723844341137692,0.050077550038437835,0.09032729673311646,0.08716089337293909,0.05429822040478382,1.6635406475523897,1.6052255989822455,0.09620426137094154,0.10844416580612612,0.119,0.086,0.096,True,999,0.00011479097884148359,0.0008307920070365071,weak_2x2_bal_strong_100_250,weak_null,True,296,1907505461,-4.440892098500626e-16,0,0
100,250,0.0679049242017109,0.06908213840340394,0.06270023609739894,0.06696409926728109,-0.0011772142016930331,-0.004263863169882143,0.044417180065078034,-0.026503578119282504,-0.09599580981131454,0.9788556796764062,0.9235239004807874,0.962,0.95,0.92,True,999,0.00011466699652373791,0.000855666003189981,weak_2x2_bal_strong_100_250,weak_null,True,297,1907505461,-4.440892098500626e-16,0,0
100,250,0.060244385944802414,0.05609022033655142,0.05504804486290027,0.05401525054645617,0.004154165608250993,0.0010327943164440967,0.04068137328630292,0.10211468474810967,0.025387400498395416,0.9186656452016396,0.9797459608160191,0.927,0.915,0.993,True,999,0.00011679099407047033,0.0008519579423591495,weak_2x2_bal_strong_100_250,weak_null,True,298,1907505461,-4.440892098500626e-16,0,0
100,250,0.05899469949768721,0.032107882847871694,0.05380304350626375,0.030022765958634068,0.026886816649815515,0.02378027754762968,0.037682267829952765,0.7135137611978811,0.631073417739664,0.47552790079779916,0.5279925210976506,0.567,0.474,0.521,True,999,0.0001152500044554472,0.0008372919401153922,weak_2x2_bal_strong_100_250,weak_null,True,299,1907505461,-4.440892098500626e-16,0,0
100,250,0.061312776413463665,0.03187117960517938,0.05611143187623213,0.029721185559068886,0.029441596808284287,0.026390246317163246,0.03873686037096757,0.7600408635685437,0.6812696244464397,0.4472301592684138,0.4957008998576402,0.564,0.423,0.467,True,999,0.00011483300477266312,0.0008370000869035721,weak_2x2_bal_strong_100_250,weak_null,True,300,1907505461,-4.440892098500626e-16,0,0
100,250,0.025644739629517743,0.033816314406782844,0.02047044986328217,0.031699758680261425,-0.0081715747772651,-0.011229308816979255,0.029196165321106537,-0.2798852070945664,-0.38461587997864044,0.7795655768652477,0.7005220270401501,0.856,0.789,0.718,True,999,0.00011483300477266312,0.0008343749213963747,weak_2x2_bal_strong_100_250,weak_null,True,301,1907505461,-4.440892098500626e-16,0,0
100,250,0.07954512595617547,0.020204635096925383,0.07430931311556321,0.018090565063843655,0.059340490859250083,0.05621874805171956,0.04059208792258837,1.4618733328627016,1.3849681287380977,0.14377592383261925,0.16606221303353552,0.233,0.162,0.197,True,999,0.00011320796329528093,0.0008402499370276928,weak_2x2_bal_strong_100_250,weak_null,True,302,1907505461,-4.440892098500626e-16,0,0
100,250,0.03988480078387058,0.04911501588825273,0.03470583080502365,0.047003394550202415,-0.009230215104382156,-0.012297563745178763,0.03573252761010392,-0.2583140830421459,-0.3441559992442695,0.7961645183076806,0.7307289708160993,0.862,0.791,0.731,True,999,0.00011000002268701792,0.0008426669519394636,weak_2x2_bal_strong_100_250,weak_null,True,303,1907505461,-4.440892098500626e-16,0,0
100,250,0.08232370950147083,0.04475401130548751,0.07711060018824867,0.04264856336949663,0.037569698195983325,0.03446203681875204,0.04436089967120208,0.8469101951142929,0.7768561294784533,0.39704517940989614,0.4372436567208109,0.524,0.4,0.429,True,999,0.00010712502989917994,0.000855666003189981,weak_2x2_bal_strong_100_250,weak_null,True,304,1907505461,-4.440892098500626e-16,0,0
100,250,0.07916172079330519,0.01098802602970722,0.07393844187591014,0.00875999550253681,0.06817369476359797,0.06517844637337333,0.03948166407568351,1.7267178666257306,1.6508535772056352,0.08421834532048073,0.09876847695455462,0.179,0.088,0.109,True,999,0.0001082499511539936,0.00083837506826967,weak_2x2_bal_strong_100_250,weak_null,True,305,1907505461,-4.440892098500626e-16,0,0
100,250,0.05142768388279051,0.020204635096925383,0.0462399154987736,0.018090565063843655,0.031223048785865126,0.028149350434929943,0.03433108969604851,0.909468620492372,0.8199375750712019,0.36310281438030856,0.41225169483120094,0.502,0.374,0.435,True,999,0.00010995904449373484,0.000868750037625432,weak_2x2_bal_strong_100_250,weak_null,True,306,1907505461,-4.440892098500626e-16,0,0
100,250,0.0465733363308064,0.017761285719986808,0.0413868864686151,0.01561124746872622,0.028812050610819595,0.025775638999888884,0.03276521402458839,0.8793487687642702,0.7866769611376799,0.3792122007950356,0.4314709941307513,0.571,0.403,0.443,True,999,0.0001176249934360385,0.0007980830268934369,weak_2x2_bal_strong_100_250,weak_null,True,307,1907505461,-4.440892098500626e-16,0,0
100,250,0.06617185638282819,0.02755340844334664,0.06097514953060568,0.02542326067374745,0.03861844793948155,0.03555188885685823,0.038993525591349415,0.9903810274608491,0.9117382518687999,0.3219879152782775,0.36190652243069055,0.468,0.304,0.344,True,999,0.00011124997399747372,0.0008004170376807451,weak_2x2_bal_strong_100_250,weak_null,True,308,1907505461,-4.440892098500626e-16,0,0
100,250,0.02426508867076016,0.06308161293482994,0.019096178238214634,0.06097910683179464,-0.038816524264069785,-0.041882928593580004,0.0331818077450817,-1.169813427956567,-1.2622256422960563,0.24207605868062543,0.20686760423938488,0.438,0.266,0.227,True,999,0.00011387502308934927,0.0008012499893084168,weak_2x2_bal_strong_100_250,weak_null,True,309,1907505461,-4.440892098500626e-16,0,0
100,250,0.030841067163294933,0.04123790764856389,0.025661295052202604,0.03913061299203946,-0.010396840485268954,-0.013469317939836856,0.03181364108280719,-0.32680448170667403,-0.42338184129184697,0.7438157694904891,0.6720166913238778,0.837,0.76,0.682,True,999,0.00011104193981736898,0.0008265830110758543,weak_2x2_bal_strong_100_250,weak_null,True,310,1907505461,-4.440892098500626e-16,0,0
100,250,0.099496845428655,0.03743382659458344,0.09426825239015102,0.03532579846748263,0.06206301883407156,0.05894245392266839,0.04661745680204835,1.331325711258975,1.2643858752946489,0.18308186168840657,0.2060915600934099,0.272,0.177,0.199,True,999,0.00011508306488394737,0.0008283749921247363,weak_2x2_bal_strong_100_250,weak_null,True,311,1907505461,-4.440892098500626e-16,0,0
100,250,0.05199276349977677,0.01237329231154477,0.04680289384511127,0.010148097602701966,0.039619471188232,0.036654796242409304,0.033468033646722926,1.1838003871527543,1.0952181006307318,0.23649208894692153,0.2734210976006659,0.392,0.238,0.271,True,999,0.00011749996338039637,0.0008293329738080502,weak_2x2_bal_strong_100_250,weak_null,True,312,1907505461,-4.440892098500626e-16,0,0
100,250,0.039379373902592496,0.004923352250080837,0.03420076535070393,0.0027163334946607165,0.03445602165251166,0.031484431856043216,0.028357650255388535,1.2150520703302738,1.1102623656225017,0.2243462323318337,0.26688598531837304,0.41,0.212,0.249,True,999,0.00011145905591547489,0.0008347920374944806,weak_2x2_bal_strong_100_250,weak_null,True,313,1907505461,-4.440892098500626e-16,0,0
100,250,0.06607918563312642,0.059665115040831995,0.060881532323605825,0.0575691062462198,0.00641407059229443,0.0033124260773860215,0.0427255821830355,0.15012248551270022,0.07752793310564284,0.8806679801412977,0.9382035707369519,0.886,0.85,0.941,True,999,0.00011358305346220732,0.0008423749823123217,weak_2x2_bal_strong_100_250,weak_null,True,314,1907505461,-4.440892098500626e-16,0,0
100,250,0.0465733363308064,0.05058855179299321,0.0413868864686151,0.04848575579393355,-0.004015215462186805,-0.0070988693253184465,0.03744099513447943,-0.10724115231887069,-0.18960151298919653,0.91459766882799,0.8496214015239522,0.922,0.911,0.858,True,999,0.00012312503531575203,0.0008393749594688416,weak_2x2_bal_strong_100_250,weak_null,True,315,1907505461,-4.440892098500626e-16,0,0
100,250,0.012658182016358044,0.056008167373229556,0.007492016795609402,0.05390895696471887,-0.04334998535687151,-0.046416940169109466,0.02854949156112159,-1.5184153197286738,-1.6258412192642895,0.1289097320648257,0.10398343722034015,0.325,0.123,0.109,True,999,0.0001105419360101223,0.0008130419300869107,weak_2x2_bal_strong_100_250,weak_null,True,316,1907505461,-4.440892098500626e-16,0,0
100,250,0.04055380431636535,0.04402814874956612,0.035353539560631475,0.04184244038016516,-0.003474344433200771,-0.006488900819533683,0.035907476666397105,-0.09675824523899582,-0.18071169076623306,0.9229183837599548,0.8565938819672065,0.954,0.932,0.862,True,999,0.00011533405631780624,0.0008047079900279641,weak_2x2_bal_strong_100_250,weak_null,True,317,1907505461,-4.440892098500626e-16,0,0
100,250,0.057778977696978706,0.06804724816804342,0.05258685887258707,0.06591727797224678,-0.010268270471064711,-0.013330419099659707,0.042517275765807314,-0.2415081936957618,-0.31352947383284896,0.8091612667573512,0.7538784317797864,0.85,0.816,0.775,True,999,0.00011024996638298035,0.0007964170072227716,weak_2x2_bal_strong_100_250,weak_null,True,318,1907505461,-4.440892098500626e-16,0,0
100,250,0.10876762205874413,0.03049514404407222,0.1035163865703197,0.02836556535021373,0.07827247801467191,0.07515082122010597,0.047455064695091004,1.649401987281851,1.5836206673189923,0.09906530787451026,0.11328006787751878,0.147,0.112,0.136,True,999,0.00011045800056308508,0.0008036249782890081,weak_2x2_bal_strong_100_250,weak_null,True,319,1907505461,-4.440892098500626e-16,0,0
100,250,0.0465733363308064,0.03916805723404804,0.0413868864686151,0.03705813004468439,0.007405279096758366,0.004328756423930713,0.0359580959688933,0.20594191369767018,0.12038336033352383,0.8368362847267783,0.9041794720671709,0.884,0.835,0.899,True,999,0.00011258397717028856,0.000816166982986033,weak_2x2_bal_strong_100_250,weak_null,True,320,1907505461,-4.440892098500626e-16,0,0
100,250,0.09315183546162487,0.09319292100961468,0.08792088207087545,0.09108235829228306,-4.108554798981645e-05,-0.003161476221407611,0.05059669330902235,-0.000812020416806371,-0.0624838505176357,0.999352101517575,0.9501775222283586,1.0,1.0,0.933,True,999,0.00011066708248108625,0.0008337090257555246,weak_2x2_bal_strong_100_250,weak_null,True,321,1907505461,-4.440892098500626e-16,0,0
100,250,0.03895131231666282,0.034248753622727,0.03376976820115374,0.03214373823111316,0.004702558693935821,0.0016260299700405767,0.033131250963466634,0.14193725130153603,0.049078435699079916,0.8871295698933215,0.9608567885133965,0.929,0.864,0.94,True,999,0.0001140419626608491,0.0008370840223506093,weak_2x2_bal_strong_100_250,weak_null,True,322,1907505461,-4.440892098500626e-16,0,0
100,250,0.033711571632115134,0.06100477679587152,0.028536268927354058,0.058899027816011085,-0.027293205163756384,-0.030362758888657027,0.035674935206701335,-0.765052690512792,-0.8510949974466542,0.44424016962427715,0.39471658411091914,0.601,0.422,0.375,True,999,0.00011374999303370714,0.0009052910609170794,weak_2x2_bal_strong_100_250,weak_null,True,323,1907505461,-4.440892098500626e-16,0,0
100,250,0.059204850577441515,0.04774310417393712,0.05401158379129356,0.04563100718412727,0.011461746403504391,0.00838057660716629,0.04007661153088279,0.2859958955030926,0.2091139017755598,0.7748812652352668,0.8343593225635365,0.843,0.78,0.848,True,999,0.00011950009502470493,0.000823416979983449,weak_2x2_bal_strong_100_250,weak_null,True,324,1907505461,-4.440892098500626e-16,0,0
100,250,0.02077848484820599,0.043673458345717064,0.015608506129339617,0.04154824310064953,-0.022894973497511073,-0.025939736971309912,0.02935165134678917,-0.7800233529285089,-0.8837573281595792,0.4353771295280173,0.3768272260227833,0.654,0.469,0.409,True,999,0.00011216697748750448,0.0008032500045374036,weak_2x2_bal_strong_100_250,weak_null,True,325,1907505461,-4.440892098500626e-16,0,0
100,250,0.04516710103441712,0.03521868921875443,0.039984297889105846,0.033083257757837714,0.009948411815662694,0.006901040131268132,0.03500206705188584,0.2842235517381164,0.19716093112553243,0.7762390677317681,0.8437016029243495,0.823,0.759,0.826,True,999,0.00011066696606576443,0.0008151659276336432,weak_2x2_bal_strong_100_250,weak_null,True,326,1907505461,-4.440892098500626e-16,0,0
100,250,0.14549213656534055,0.08016196300754064,0.14021046081539623,0.07804485338856182,0.06533017355779991,0.06216560742683441,0.057009311105690456,1.1459562006754174,1.0904465642741168,0.25181327528251296,0.2755164796906856,0.34,0.277,0.299,True,999,0.00010966602712869644,0.0008027920266613364,weak_2x2_bal_strong_100_250,weak_null,True,327,1907505461,-4.440892098500626e-16,0,0
100,250,0.007394198749677727,0.030181621857124585,0.0022346164873567886,0.02803509418390604,-0.022787423107446858,-0.02580047769654925,0.02191065083256322,-1.0400158024325135,-1.1775313245467378,0.29833255900681066,0.23898350239625954,0.612,0.312,0.263,True,999,0.00011658400762826204,0.000805417075753212,weak_2x2_bal_strong_100_250,weak_null,True,328,1907505461,-4.440892098500626e-16,0,0
100,250,0.031165624725477126,0.04458754815577709,0.025955265835392538,0.04249090736820449,-0.013421923430299965,-0.01653564153281195,0.03229904839515113,-0.4155516678415492,-0.5119544492615563,0.6777380998727764,0.6086828894483145,0.782,0.696,0.619,True,999,0.00011912500485777855,0.0008190420921891928,weak_2x2_bal_strong_100_250,weak_null,True,329,1907505461,-4.440892098500626e-16,0,0
100,250,0.018950382507529562,0.08480949200124754,0.013767749080415115,0.08265700581659985,-0.06585910949371798,-0.06888925673618473,0.0355045920277737,-1.854946240255324,-1.9402914609551254,0.06360390390049951,0.05234427854537761,0.257,0.056,0.048,True,999,0.00011766597162932158,0.0008209999650716782,weak_2x2_bal_strong_100_250,weak_null,True,330,1907505461,-4.440892098500626e-16,0,0
100,250,0.040267259181623105,0.027578054866060853,0.03508650452536699,0.025469077897582793,0.012689204315562252,0.009617426627784198,0.032439887604043316,0.3911605511845444,0.29646917230950826,0.6956785654994108,0.7668718062440482,0.783,0.707,0.781,True,999,0.00011675001587718725,0.0008287919918075204,weak_2x2_bal_strong_100_250,weak_null,True,331,1907505461,-4.440892098500626e-16,0,0
100,250,0.02463582455861879,0.034686049728833934,0.01946618225500174,0.03255252618355087,-0.010050225170215143,-0.013086343928549127,0.029280226478994514,-0.3432427401961909,-0.4469345186908716,0.7314158535341198,0.6549223397122145,0.819,0.704,0.637,True,999,0.00011650007218122482,0.0008581250440329313,weak_2x2_bal_strong_100_250,weak_null,True,332,1907505461,-4.440892098500626e-16,0,0
100,250,0.060244385944802414,0.049157671476828924,0.05504804486290027,0.047054664386791956,0.01108671446797349,0.007993380476108314,0.0403314743515029,0.27488988801522346,0.19819212177673465,0.7834008361846669,0.8428947511424343,0.821,0.768,0.842,True,999,0.00011654198169708252,0.0008359580533578992,weak_2x2_bal_strong_100_250,weak_null,True,333,1907505461,-4.440892098500626e-16,0,0
100,250,0.10843039101769636,0.04644354662185868,0.1031986677246266,0.04430991155290087,0.06198684439583768,0.05888875617172573,0.04915862304000781,1.260955668863825,1.1979333945907933,0.20732481956672255,0.23094294780674063,0.342,0.244,0.268,True,999,0.00011666701175272465,0.0008385840337723494,weak_2x2_bal_strong_100_250,weak_null,True,334,1907505461,-4.440892098500626e-16,0,0
100,250,0.01647169930152559,0.041784654948469835,0.011307154727290936,0.03964475381796717,-0.025312955646944246,-0.028337599090676235,0.02773837425137944,-0.9125608955141061,-1.0216027382811375,0.3614735286639563,0.30696896113788996,0.574,0.371,0.321,True,999,0.00011512497439980507,0.0008392500458285213,weak_2x2_bal_strong_100_250,weak_null,True,335,1907505461,-4.440892098500626e-16,0,0
100,250,0.09162019972020741,0.06285249684350602,0.08640208299541996,0.06077745844802962,0.028767702876701384,0.02562462454739034,0.04738398510096027,0.6071186882109328,0.5407866073905008,0.5437721487656547,0.5886546749069257,0.581,0.511,0.579,True,999,0.0001116669736802578,0.0008545420132577419,weak_2x2_bal_strong_100_250,weak_null,True,336,1907505461,-4.440892098500626e-16,0,0
100,250,0.05920485057744174,0.03149865280949349,0.05401158379129356,0.0293695971368777,0.02770619776794825,0.02464198665441586,0.03806884597508285,0.7277919006550067,0.6473005950993299,0.46674098326451663,0.5174374164573231,0.606,0.493,0.543,True,999,0.00011212506797164679,0.0008713750867173076,weak_2x2_bal_strong_100_250,weak_null,True,337,1907505461,-4.440892098500626e-16,0,0
100,250,0.15367263563266687,0.011909477911523081,0.14839906178659135,0.009784693034859515,0.14176315772114378,0.13861436875173183,0.051942121371449206,2.7292523674065055,2.6686312590213803,0.0063478104347717765,0.007616101316508142,0.009,0.011,0.016,True,999,0.0001193750649690628,0.0008132910588756204,weak_2x2_bal_strong_100_250,weak_null,True,338,1907505461,-4.440892098500626e-16,0,0
100,250,0.03564928719522764,0.024215498107321654,0.0304675738551623,0.022096248292371,0.011433789087905988,0.008371325562791299,0.030651493832855873,0.3730255089769853,0.2731131346628832,0.7091294585684036,0.7847662504191594,0.806,0.728,0.774,True,999,0.00011529098264873028,0.0008033750345930457,weak_2x2_bal_strong_100_250,weak_null,True,339,1907505461,-4.440892098500626e-16,0,0
100,250,0.058386195386126105,0.07365049852692152,0.053194310284851554,0.0715607245229819,-0.01526430314079541,-0.018366414238130346,0.04247358071937168,-0.3593834774997802,-0.43241972838314646,0.719308233305588,0.6654363820623128,0.799,0.756,0.693,True,999,0.0001105000264942646,0.0008124579908326268,weak_2x2_bal_strong_100_250,weak_null,True,340,1907505461,-4.440892098500626e-16,0,0
100,250,0.03711560428004501,0.035410549927382184,0.0319295410366891,0.033292185834170596,0.001705054352662827,-0.0013626447974814937,0.032927677526054286,0.051781798194351525,-0.04138296107896739,0.9587025590283541,0.9669905962497212,0.976,0.957,0.963,True,999,0.00011612498201429844,0.0008434159681200981,weak_2x2_bal_strong_100_250,weak_null,True,341,1907505461,-4.440892098500626e-16,0,0
100,250,0.11413089478357141,0.05264159536718516,0.10888033952302578,0.0505367478569525,0.061489299416386256,0.05834359166607328,0.050374274979501275,1.220648822070551,1.158202111887763,0.22221901266489008,0.2467815667050468,0.326,0.258,0.288,True,999,0.00011754198931157589,0.0008234580745920539,weak_2x2_bal_strong_100_250,weak_null,True,342,1907505461,-4.440892098500626e-16,0,0
100,250,0.06947806375996723,0.04280446385021508,0.0642740919885938,0.04067512446553678,0.026673599909752155,0.023598967523057013,0.04198586051180078,0.6352995885901903,0.5620694023032863,0.525233041875116,0.5740687343896091,0.63,0.531,0.598,True,999,0.00011616700794547796,0.0008307079551741481,weak_2x2_bal_strong_100_250,weak_null,True,343,1907505461,-4.440892098500626e-16,0,0
100,250,0.05920485057744174,0.01489520705497227,0.05401158379129356,0.012770783352209492,0.044309643522469466,0.04124080043908407,0.03550468576750059,1.2479942453969988,1.161559370195414,0.21203316460547128,0.24541449391571013,0.318,0.206,0.231,True,999,0.0001176249934360385,0.0008292919956147671,weak_2x2_bal_strong_100_250,weak_null,True,344,1907505461,-4.440892098500626e-16,0,0
100,250,0.0732486635375732,0.042683686456294556,0.06804378717409065,0.040563683376603876,0.030564977081278644,0.027480103797486777,0.04244983721293631,0.7200257783783484,0.6473547509650377,0.47150912389326216,0.517402374070528,0.608,0.477,0.54,True,999,0.00011654198169708252,0.0008579590357840061,weak_2x2_bal_strong_100_250,weak_null,True,345,1907505461,-4.440892098500626e-16,0,0
100,250,0.03660175955144884,0.017761285719986808,0.031415367708845565,0.01561124746872622,0.018840473831462035,0.015804120240119346,0.02982261134287757,0.6317513116087884,0.5299375047481812,0.5275493931322941,0.5961552616804187,0.682,0.55,0.606,True,999,0.00011812499724328518,0.0008417500648647547,weak_2x2_bal_strong_100_250,weak_null,True,346,1907505461,-4.440892098500626e-16,0,0
100,250,0.034206006545573486,0.06276506696689327,0.02903104905192322,0.06067521381220331,-0.028559060421319782,-0.03164416476028009,0.035485744100476765,-0.8048037640257931,-0.8917430242037658,0.42093292924892967,0.37253068689991065,0.573,0.45,0.39,True,999,0.000116499955765903,0.0008427499560639262,weak_2x2_bal_strong_100_250,weak_null,True,347,1907505461,-4.440892098500626e-16,0,0
100,250,0.06607918563312642,0.0521742295976223,0.060881532323605825,0.050077550038437835,0.013904956035504124,0.01080398228516799,0.041879942069889535,0.3320194667962873,0.2579751009955608,0.7398745596508507,0.7964261235015808,0.763,0.747,0.808,True,999,0.00011616596020758152,0.0008496249793097377,weak_2x2_bal_strong_100_250,weak_null,True,348,1907505461,-4.440892098500626e-16,0,0
100,250,0.04725555557675609,0.029703037967651502,0.04206490692027387,0.02757736581938275,0.01755251760910459,0.014487541100891121,0.03481940296332361,0.5041016248208856,0.41607666610916083,0.6141899652031878,0.6773539038532245,0.714,0.605,0.662,True,999,0.00011570798233151436,0.0008549580816179514,weak_2x2_bal_strong_100_250,weak_null,True,349,1907505461,-4.440892098500626e-16,0,0
100,250,0.03491786242053263,0.04911501588825273,0.029735750197161792,0.047003394550202415,-0.014197153467720103,-0.017267644353040623,0.03441138406528516,-0.4125714165052272,-0.5018003437548605,0.6799206467744383,0.6158079713041629,0.788,0.701,0.636,True,999,0.00013429205864667892,0.0008507079910486937,weak_2x2_bal_strong_100_250,weak_null,True,350,1907505461,-4.440892098500626e-16,0,0
100,250,0.033711571632115134,0.06219863629250977,0.028536268927354058,0.06008073608487052,-0.028487064660394634,-0.031544467157516465,0.03609089427354782,-0.7893144582253735,-0.8740284160993046,0.4299282383074201,0.38210277891008815,0.609,0.442,0.388,True,999,0.00011733302380889654,0.0008475829381495714,weak_2x2_bal_strong_100_250,weak_null,True,351,1907505461,-4.440892098500626e-16,0,0
100,250,0.02354806441513302,0.09467673362736939,0.018378452151807778,0.09256973073965469,-0.07112866921223637,-0.07419127858784691,0.036934501011909066,-1.925805608942756,-2.0087256238800917,0.0541286508533412,0.04456623971478231,0.172,0.054,0.05,True,999,0.00011616700794547796,0.0008599999127909541,weak_2x2_bal_strong_100_250,weak_null,True,352,1907505461,-4.440892098500626e-16,0,0
100,250,0.02534940484382453,0.06480497166842258,0.020174843777112983,0.06268042970802412,-0.039455566824598054,-0.04250558593091114,0.033861872150946694,-1.1651915360354632,-1.2552639068930744,0.24394147093348062,0.2093829729729767,0.439,0.257,0.225,True,999,0.00011533405631780624,0.000853499979712069,weak_2x2_bal_strong_100_250,weak_null,True,353,1907505461,-4.440892098500626e-16,0,0
100,250,0.07039567509575029,0.035695940748701305,0.06517487834410929,0.033576257582140556,0.03469973434704898,0.03159862076196873,0.040892783181637096,0.8485539903928794,0.7727187611959386,0.3961295178625567,0.439688840962832,0.513,0.414,0.465,True,999,0.00011500006075948477,0.0008517919341102242,weak_2x2_bal_strong_100_250,weak_null,True,354,1907505461,-4.440892098500626e-16,0,0
100,250,0.04516710103441712,0.07483052278951585,0.039984297889105846,0.07271757382002875,-0.02966342175509873,-0.0327332759309229,0.040311969691608024,-0.7358464987453573,-0.8119989219414693,0.4618241196963955,0.4167922500903368,0.59,0.453,0.395,True,999,0.00011745898518711329,0.0008504999568685889,weak_2x2_bal_strong_100_250,weak_null,True,355,1907505461,-4.440892098500626e-16,0,0
100,250,0.045309082788670074,0.034174047713062705,0.040107099488949416,0.0320559038938768,0.011135035075607369,0.008051195595072613,0.0348388387558222,0.31961556335589697,0.23109827659589005,0.7492597749194903,0.8172384539632325,0.815,0.756,0.807,True,999,0.0001158339437097311,0.0008545001037418842,weak_2x2_bal_strong_100_250,weak_null,True,356,1907505461,-4.440892098500626e-16,0,0
100,250,0.04228567460549826,0.10480394189210002,0.03709764844347774,0.10266575344012097,-0.06251826728660176,-0.06556810499664323,0.04309441842715947,-1.4507277176108906,-1.521498778489609,0.14685569410819377,0.12813471761734557,0.308,0.164,0.141,True,999,0.00011820800136774778,0.0008507920429110527,weak_2x2_bal_strong_100_250,weak_null,True,357,1907505461,-4.440892098500626e-16,0,0
100,250,0.037708628753393314,0.05926880570928805,0.03252831478010876,0.05714794992491079,-0.02156017695589474,-0.024619635144802032,0.03658154637000301,-0.5893730335460656,-0.673006955359061,0.555611062094038,0.5009428659928326,0.664,0.551,0.5,True,999,0.00011733290739357471,0.0008896250510588288,weak_2x2_bal_strong_100_250,weak_null,True,358,1907505461,-4.440892098500626e-16,0,0
100,250,0.03909782630882219,0.059665115040831995,0.03391838522981061,0.0575691062462198,-0.020567288732009803,-0.023650721016409193,0.03666144507032002,-0.5610059475986244,-0.6451115325935717,0.5747934826574642,0.5188549107995024,0.703,0.57,0.522,True,999,0.00011720799375325441,0.0008116660173982382,weak_2x2_bal_strong_100_250,weak_null,True,359,1907505461,-4.440892098500626e-16,0,0
100,250,0.045879306933472086,0.0659434725752509,0.040695433869984754,0.06380468339406775,-0.02006416564177882,-0.023109249524082998,0.03987957288064268,-0.5031188699495288,-0.5794758532958134,0.6148807005138771,0.5622681350262831,0.766,0.641,0.588,True,999,0.00011166592594236135,0.0007974579930305481,weak_2x2_bal_strong_100_250,weak_null,True,360,1907505461,-4.440892098500626e-16,0,0
100,250,0.0656604364922867,0.05177043712670809,0.06045503138852837,0.049675155501944346,0.01388999936557861,0.010779875886584023,0.04174171600095523,0.33276062165869624,0.25825186215002116,0.7393149851635412,0.79621253479462,0.799,0.734,0.795,True,999,0.00011058303061872721,0.0008073329227045178,weak_2x2_bal_strong_100_250,weak_null,True,361,1907505461,-4.440892098500626e-16,0,0
100,250,0.031080629950831495,0.09504259723225883,0.02590104045181363,0.09290459944232055,-0.06396196728142733,-0.06700355899050692,0.03954757793934461,-1.6173422144720937,-1.6942518981382988,0.10580443171428082,0.09021742677845479,0.246,0.123,0.102,True,999,0.00011670798994600773,0.0008380420040339231,weak_2x2_bal_strong_100_250,weak_null,True,362,1907505461,-4.440892098500626e-16,0,0
100,250,0.06423198976048083,0.040432239349235455,0.059013840568425735,0.038328118663628175,0.02379975041124538,0.02068572190479756,0.03996441928254631,0.5955234891062077,0.517603465186135,0.5514936027580053,0.6047349635972086,0.649,0.543,0.608,True,999,0.00012125005014240742,0.0008321249624714255,weak_2x2_bal_strong_100_250,weak_null,True,363,1907505461,-4.440892098500626e-16,0,0
100,250,0.1203303443227377,0.06231451104037233,0.11508851752918758,0.06020289388307276,0.05801583328236537,0.05488562364611482,0.0523425582607072,1.1083874233544486,1.048585041883913,0.2676945340634249,0.29436914323624586,0.346,0.269,0.306,True,999,0.00011754198931157589,0.0008326669922098517,weak_2x2_bal_strong_100_250,weak_null,True,364,1907505461,-4.440892098500626e-16,0,0
100,250,0.028350337108182133,0.06334373261063331,0.023175835961268376,0.06123549189690891,-0.034993395502451174,-0.038059655935640535,0.034630565077721664,-1.01047717309594,-1.0990192002418364,0.312266730454286,0.27175969115576315,0.492,0.323,0.288,True,999,0.0001164580462500453,0.0008380829822272062,weak_2x2_bal_strong_100_250,weak_null,True,365,1907505461,-4.440892098500626e-16,0,0
100,250,0.05921375823659547,0.07197741558289789,0.05399820938927746,0.06987098718505536,-0.012763657346302415,-0.015872777795777893,0.04252096444712626,-0.30017327951659467,-0.3732929862283648,0.7640449856655417,0.7089303959871591,0.815,0.763,0.711,True,999,0.00011712498962879181,0.0008507500169798732,weak_2x2_bal_strong_100_250,weak_null,True,366,1907505461,-4.440892098500626e-16,0,0
100,250,0.05879172279147726,0.05952021391882384,0.053599990936902486,0.057372252076461905,-0.0007284911273465755,-0.0037722611395594186,0.04196131156689517,-0.017361018999256187,-0.08989855175393266,0.9861486067973335,0.928367832026596,0.992,0.991,0.92,True,999,0.00013883295468986034,0.000947166932746768,weak_2x2_bal_strong_100_250,weak_null,True,367,1907505461,-4.440892098500626e-16,0,0
100,250,0.09090858770311627,0.06613612637622068,0.08569033444935314,0.06399591466272625,0.02477246132689559,0.021694419786626895,0.048642884567235416,0.5092720455887947,0.44599369423991136,0.6105615494673367,0.6556018008808511,0.71,0.579,0.649,True,999,0.00012458302080631256,0.0008416250348091125,weak_2x2_bal_strong_100_250,weak_null,True,368,1907505461,-4.440892098500626e-16,0,0
100,250,0.001073354325310527,0.06501301757684225,-0.004084792598135323,0.06288980406172584,-0.06393966325153172,-0.06697459665986116,0.026549784876780273,-2.408293082157951,-2.5226041179126595,0.01602730873458854,0.011648945968531721,0.157,0.027,0.026,True,999,0.00011608295608311892,0.0007939999923110008,weak_2x2_bal_strong_100_250,weak_null,True,369,1907505461,-4.440892098500626e-16,0,0
100,250,0.06112853344690561,0.0870828283996763,0.055930064843664695,0.08498794385110386,-0.025954294952770685,-0.02905787900743917,0.04455243881959601,-0.5825560988449169,-0.6522174717550661,0.56019216625844,0.5142608903918897,0.671,0.589,0.543,True,999,0.00010920804925262928,0.0007955410983413458,weak_2x2_bal_strong_100_250,weak_null,True,370,1907505461,-4.440892098500626e-16,0,0
100,250,0.02397749898902679,0.05809673205686844,0.018808310652389082,0.055972449151127535,-0.03411923306784165,-0.03716413849873845,0.03298236793491669,-1.0344688754660765,-1.1267880636124594,0.3009170200297001,0.25983209840645305,0.548,0.322,0.27,True,999,0.00010875007137656212,0.0007967919809743762,weak_2x2_bal_strong_100_250,weak_null,True,371,1907505461,-4.440892098500626e-16,0,0
100,250,0.034206006545573486,0.07910679211207516,0.02903104905192322,0.07696882646699521,-0.04490078556650168,-0.04793777741507199,0.03815395838293646,-1.176831643937175,-1.2564299864758235,0.23926270968899765,0.20896011535549985,0.436,0.27,0.236,True,999,0.00010962493252009153,0.000817334046587348,weak_2x2_bal_strong_100_250,weak_null,True,372,1907505461,-4.440892098500626e-16,0,0
100,250,0.07385998717818298,0.08116802962004022,0.06865730333458941,0.07905652725506229,-0.007308042441857232,-0.010399223920472878,0.0467118852808408,-0.15644931472835835,-0.22262479576559055,0.8756788681715545,0.8238275364815664,0.902,0.883,0.816,True,999,0.00011233403347432613,0.0008133340161293745,weak_2x2_bal_strong_100_250,weak_null,True,373,1907505461,-4.440892098500626e-16,0,0
100,250,0.06718384749826711,0.07660116387595373,0.06198374887688374,0.07445463216552639,-0.009417316377686613,-0.012470883288642653,0.045507356297296186,-0.20694052882711936,-0.27404104090712933,0.8360563041114213,0.7840530823594836,0.857,0.818,0.751,True,999,0.00011466594878584146,0.0008200829615816474,weak_2x2_bal_strong_100_250,weak_null,True,374,1907505461,-4.440892098500626e-16,0,0
100,250,0.06627772298751888,0.020565822602275574,0.061081049906505314,0.018409337878026122,0.04571190038524331,0.04267171202847919,0.0381819692965966,1.19721170037497,1.1175880347345728,0.23122405053370887,0.26374298139170493,0.37,0.234,0.274,True,999,0.00011508294846862555,0.0009303330443799496,weak_2x2_bal_strong_100_250,weak_null,True,375,1907505461,-4.440892098500626e-16,0,0
100,250,0.040351649128849365,0.02590387003510236,0.03516751106675997,0.023793958369353163,0.014447779093747004,0.011373552697406808,0.03214279116919248,0.44948738327350346,0.35384458796807544,0.6530801074975591,0.7234553560640342,0.751,0.632,0.7,True,999,0.00012624997179955244,0.0008298750035464764,weak_2x2_bal_strong_100_250,weak_null,True,376,1907505461,-4.440892098500626e-16,0,0
100,250,0.08125530193798935,0.016439559485507793,0.07604643239656639,0.014341269579375648,0.06481574245248156,0.06170516281719074,0.040616617913049415,1.595793686988827,1.519209771460709,0.11053486323791421,0.12870970250817268,0.206,0.128,0.147,True,999,0.00011600006837397814,0.0008309590630233288,weak_2x2_bal_strong_100_250,weak_null,True,377,1907505461,-4.440892098500626e-16,0,0
100,250,0.05879803751602253,0.049157671476828924,0.05360461857233645,0.047054664386791956,0.009640366039193604,0.006549954185544493,0.04004552619288585,0.24073515709992668,0.16356269496861056,0.8097603887169937,0.8700754142259794,0.864,0.811,0.885,True,999,0.00011741707567125559,0.0008357500191777945,weak_2x2_bal_strong_100_250,weak_null,True,378,1907505461,-4.440892098500626e-16,0,0
100,250,0.043304782161658006,0.037356563498049944,0.03811953542025037,0.03524384541344716,0.0059482186636080625,0.002875690006803211,0.03482708786536102,0.17079288071984203,0.08257049851312342,0.8643866271867807,0.9341930599231496,0.913,0.881,0.946,True,999,0.00011458294466137886,0.0008504999568685889,weak_2x2_bal_strong_100_250,weak_null,True,379,1907505461,-4.440892098500626e-16,0,0
100,250,0.13007922668767635,0.03005136031866784,0.12482476356076688,0.027924010190915283,0.10002786636900851,0.0969007533698516,0.05070696750228389,1.9726651246597062,1.910994842385065,0.0485337278715589,0.056005243701581504,0.106,0.062,0.069,True,999,0.00011695793364197016,0.0008007080759853125,weak_2x2_bal_strong_100_250,weak_null,True,380,1907505461,-4.440892098500626e-16,0,0
100,250,0.06309929128437453,0.09611590224940375,0.05788588153546925,0.09401783720227286,-0.033016610965029225,-0.036131955666803606,0.04572179148420484,-0.722119800936392,-0.7902567789647053,0.47022082525765574,0.4293778226816819,0.609,0.491,0.456,True,999,0.00011112494394183159,0.0008166669867932796,weak_2x2_bal_strong_100_250,weak_null,True,381,1907505461,-4.440892098500626e-16,0,0
100,250,0.05230025100841673,0.03567134251255788,0.047112866505500506,0.03350045617911235,0.016628908495858852,0.013612410326388158,0.03730425229463911,0.44576442290061785,0.3649023767819724,0.655767423325492,0.7151842800561755,0.758,0.655,0.709,True,999,0.00011045800056308508,0.0008174580289050937,weak_2x2_bal_strong_100_250,weak_null,True,382,1907505461,-4.440892098500626e-16,0,0
100,250,0.014539190476211883,0.047025560355626106,0.009357136073305128,0.04492706770187738,-0.03248636987941422,-0.03556993162857225,0.027306542255721343,-1.1896918172643256,-1.3026157356528558,0.2341675427080956,0.19270598286401985,0.519,0.234,0.203,True,999,0.00010950001887977123,0.0008249999955296516,weak_2x2_bal_strong_100_250,weak_null,True,383,1907505461,-4.440892098500626e-16,0,0
100,250,0.09422753389682192,0.06320747744734645,0.08900353364677471,0.06109984443921235,0.031020056449475475,0.027903689207562365,0.048594422070999906,0.6383460308294843,0.5742158877163533,0.5232484541392501,0.5658217194179511,0.61,0.545,0.583,True,999,0.00010858406312763691,0.0008746249368414283,weak_2x2_bal_strong_100_250,weak_null,True,384,1907505461,-4.440892098500626e-16,0,0
100,250,0.08655600899037519,0.044754011305487396,0.08132927475018903,0.04264856336949663,0.04180199768488779,0.0386807113806924,0.04501496584388141,0.9286244452536814,0.8592855877052723,0.35308374874176573,0.3901829736011204,0.477,0.367,0.411,True,999,0.00011033297050744295,0.0008286669617518783,weak_2x2_bal_strong_100_250,weak_null,True,385,1907505461,-4.440892098500626e-16,0,0
100,250,0.04869548690480663,0.05712044220834045,0.043499188301140634,0.055010289763629316,-0.008424955303533821,-0.011511101462488682,0.03889354132287772,-0.21661579318770197,-0.2959643444891888,0.828507776772844,0.7672573111329758,0.9,0.835,0.789,True,999,0.0001116250641644001,0.000843374989926815,weak_2x2_bal_strong_100_250,weak_null,True,386,1907505461,-4.440892098500626e-16,0,0
100,250,0.11949463416009998,0.03950639136927514,0.1142474708399277,0.03739622702258316,0.07998824279082484,0.07685124381734454,0.04988402880440237,1.6034840149832827,1.5405981765963992,0.10882783549425684,0.12341461198998271,0.143,0.118,0.135,True,999,0.00011245801579207182,0.0008409579750150442,weak_2x2_bal_strong_100_250,weak_null,True,387,1907505461,-4.440892098500626e-16,0,0
100,250,0.0682462026440388,0.05838069835866139,0.06303453118906077,0.05622728542174116,0.009865504285377413,0.006807245767319614,0.04359504306206517,0.22629876225451004,0.1561472426493147,0.8209690610015548,0.8759169607847166,0.865,0.816,0.871,True,999,0.00011508399620652199,0.0008388339774683118,weak_2x2_bal_strong_100_250,weak_null,True,388,1907505461,-4.440892098500626e-16,0,0
100,250,0.05432169312213464,0.11707383158593698,0.04910419882466499,0.11490666182405107,-0.06275213846380234,-0.06580246299938608,0.04688236357950243,-1.3385020223519273,-1.4035653916594717,0.18073284153515357,0.16044830685217126,0.35,0.193,0.176,True,999,0.00011954200454056263,0.0008453750051558018,weak_2x2_bal_strong_100_250,weak_null,True,389,1907505461,-4.440892098500626e-16,0,0
100,250,0.022274062791541427,0.0377028359590158,0.017103125997195434,0.03559373670610455,-0.015428773167474374,-0.018490610708909117,0.028731492997671654,-0.5369986574914395,-0.6435659542790749,0.591268541393174,0.519856933377059,0.729,0.61,0.525,True,999,0.00011662498582154512,0.0008386250119656324,weak_2x2_bal_strong_100_250,weak_null,True,390,1907505461,-4.440892098500626e-16,0,0
100,250,0.05031393641726378,0.07750153869051274,0.04511925853536525,0.07537006823055492,-0.027187602273248956,-0.030250809695189673,0.042029044792601895,-0.6468765209252297,-0.7197596291913475,0.5177118626496018,0.471673005277353,0.672,0.541,0.514,True,999,0.00011958298273384571,0.0008535829838365316,weak_2x2_bal_strong_100_250,weak_null,True,391,1907505461,-4.440892098500626e-16,0,0
100,250,0.03988480078387058,0.040904178379106704,0.03470583080502365,0.03880304890117259,-0.0010193775952361261,-0.004097218096148936,0.034373539876734714,-0.029655880624796477,-0.1191968622039444,0.9763414985919379,0.9051193925261879,0.978,0.968,0.901,True,999,0.0001225409796461463,0.0008628329960629344,weak_2x2_bal_strong_100_250,weak_null,True,392,1907505461,-4.440892098500626e-16,0,0
100,250,0.060244385944802414,0.036851832377537475,0.05504804486290027,0.03473078902950988,0.02339255356726494,0.02031725583339039,0.03873830171041301,0.6038611021757035,0.524474613917549,0.5459359917532864,0.5999484721147086,0.644,0.552,0.594,True,999,0.00013420800678431988,0.0008444999111816287,weak_2x2_bal_strong_100_250,weak_null,True,393,1907505461,-4.440892098500626e-16,0,0
100,250,0.05211170267878962,0.09504259723225894,0.04692500878186934,0.09290459944232055,-0.04293089455346932,-0.04597959066045121,0.04417080971218025,-0.9719290824236574,-1.0409496896266355,0.3310858304355423,0.2978988984366375,0.424,0.313,0.267,True,999,0.00011212506797164679,0.0008042498957365751,weak_2x2_bal_strong_100_250,weak_null,True,394,1907505461,-4.440892098500626e-16,0,0
100,250,0.06707733961080531,0.045957462978242325,0.06187720775957928,0.04387858139494938,0.021119876632562984,0.0179986263646299,0.041039384104257205,0.5146246000892621,0.43856960228510883,0.6068153713651294,0.6609734268670195,0.676,0.62,0.681,True,999,0.00011149991769343615,0.0008217500289902091,weak_2x2_bal_strong_100_250,weak_null,True,395,1907505461,-4.440892098500626e-16,0,0
100,250,0.018474412049396705,0.047947280320886854,0.01329786848191361,0.045854929822013446,-0.02947286827149015,-0.032557061340099835,0.028939229485379123,-1.0184399790734109,-1.1250147954543344,0.30846891101418294,0.260582764703322,0.485,0.313,0.278,True,999,0.00011008302681148052,0.0008135000243782997,weak_2x2_bal_strong_100_250,weak_null,True,396,1907505461,-4.440892098500626e-16,0,0
100,250,0.04550937731471627,0.03058006014835596,0.040325315708599874,0.028467617038572257,0.014929317166360312,0.011857698670027617,0.03440544736387159,0.433923064812035,0.34464596680347565,0.6643443101101467,0.7303605441065677,0.764,0.662,0.742,True,999,0.00010987499263137579,0.0008262499468401074,weak_2x2_bal_strong_100_250,weak_null,True,397,1907505461,-4.440892098500626e-16,0,0
100,250,0.060280621503827514,0.05809673205686844,0.05507890660864234,0.055972449151127535,0.0021838894469590753,-0.0008935425424851928,0.041811804290235705,0.05223140890547692,-0.021370580812123945,0.9583443063949154,0.9829500413154152,0.981,0.968,0.971,True,999,0.00011254206765443087,0.0008423749823123217,weak_2x2_bal_strong_100_250,weak_null,True,398,1907505461,-4.440892098500626e-16,0,0
100,250,0.06662067251684944,0.07020851546278545,0.06141558098038047,0.0679755173975991,-0.003587842945936004,-0.006559936417218637,0.04480512355276299,-0.08007662207896653,-0.14641040794126114,0.936176315906191,0.883597411499226,0.943,0.935,0.892,True,999,0.00011516700033098459,0.0008472079643979669,weak_2x2_bal_strong_100_250,weak_null,True,399,1907505461,-4.440892098500626e-16,0,0
100,250,0.0927149227294487,0.022318050551489693,0.08748926078428099,0.020172919587466254,0.07039687217795901,0.06731634119681473,0.04385715808318169,1.6051398507044337,1.5348997549986978,0.10846303100432987,0.12480845373022502,0.172,0.136,0.162,True,999,0.00011087500024586916,0.0008424170082435012,weak_2x2_bal_strong_100_250,weak_null,True,400,1907505461,-4.440892098500626e-16,0,0
100,250,0.057205186670445496,0.05043869126177841,0.05200228258071604,0.048307353904817774,0.006766495408667084,0.003694928675898268,0.04023473841231603,0.16817545423871402,0.09183429100578505,0.8664452505816786,0.9268296988854194,0.902,0.886,0.908,True,999,0.00011266604997217655,0.0008729168912395835,weak_2x2_bal_strong_100_250,weak_null,True,401,1907505461,-4.440892098500626e-16,0,0
100,250,0.03205505799747277,0.04101028930968531,0.026870426283565507,0.03889811381617392,-0.008955231312212542,-0.012027687532608411,0.03234179354065976,-0.27689346606440113,-0.37189302805632374,0.7818619098456202,0.709972496251425,0.846,0.783,0.711,True,999,0.0001117499778047204,0.0008439159719273448,weak_2x2_bal_strong_100_250,weak_null,True,402,1907505461,-4.440892098500626e-16,0,0
100,250,0.05272865990833975,0.051871361473171174,0.0475291796960704,0.04977035670709995,0.0008572984351685742,-0.0022411770110295492,0.03885599163305119,0.022063481052413805,-0.05767905841124353,0.982397317278397,0.9540042748868869,0.983,0.979,0.954,True,999,0.00011254101991653442,0.000849416945129633,weak_2x2_bal_strong_100_250,weak_null,True,403,1907505461,-4.440892098500626e-16,0,0
100,250,0.12294936331960171,0.03137054978883952,0.1176933295493825,0.029254871198574506,0.0915788135307622,0.08843845835080799,0.04957795229933265,1.8471681318712896,1.7838263633167122,0.06472277651157482,0.07445188430358561,0.111,0.088,0.104,True,999,0.00011604197788983583,0.0008389170980080962,weak_2x2_bal_strong_100_250,weak_null,True,404,1907505461,-4.440892098500626e-16,0,0
100,250,0.04616788986651632,0.10952457764775542,0.04097750976896464,0.10735696432656994,-0.0633566877812391,-0.0663794545576053,0.044826984323412235,-1.4133604733287661,-1.4807923298765526,0.15754976137029508,0.1386619210624793,0.341,0.167,0.148,True,999,0.0001166659640148282,0.0008494580397382379,weak_2x2_bal_strong_100_250,weak_null,True,405,1907505461,-4.440892098500626e-16,0,0
100,250,0.06550632137795342,0.059854978543138204,0.06028858434295614,0.05773996371742385,0.005651342834815221,0.002548620625532294,0.04279624510986732,0.1320523055307069,0.05955243547627666,0.8949429201217183,0.9525121020790513,0.926,0.876,0.938,True,999,0.00011891708709299564,0.0008443749975413084,weak_2x2_bal_strong_100_250,weak_null,True,406,1907505461,-4.440892098500626e-16,0,0
100,250,0.07916172079330497,0.10631179965795273,0.07393844187591014,0.10416215090427272,-0.027150078864647764,-0.030223709028362578,0.05001609601248104,-0.54282683034423,-0.6042796507112538,0.5872490382209008,0.5456577331271383,0.667,0.604,0.558,True,999,0.0001170419855043292,0.0008534170920029283,weak_2x2_bal_strong_100_250,weak_null,True,407,1907505461,-4.440892098500626e-16,0,0
100,250,0.1197231337379554,0.0785139543290217,0.11445275445744585,0.07632715451548222,0.041209179408933705,0.03812559994196363,0.05396253231284981,0.7636628164523848,0.7065198445641696,0.4450682048066187,0.4798649162399048,0.528,0.447,0.472,True,999,0.00011491705663502216,0.0008594579994678497,weak_2x2_bal_strong_100_250,weak_null,True,408,1907505461,-4.440892098500626e-16,0,0
100,250,0.08665527032110742,0.03645068814041674,0.08143613301552932,0.034314191837410135,0.05020458218069068,0.04712194117811919,0.044570397183977845,1.1264109218828817,1.0572475040688794,0.25999162593462377,0.29039864476159016,0.377,0.271,0.302,True,999,0.00011575000826269388,0.00085891701746732,weak_2x2_bal_strong_100_250,weak_null,True,409,1907505461,-4.440892098500626e-16,0,0
100,250,0.04598985494114549,0.0669390473827653,0.04080015623117106,0.06483534609267849,-0.0209491924416198,-0.024035189861507433,0.03945335346872297,-0.5309863572998296,-0.6092052448865105,0.5954282331491819,0.5423884042689613,0.736,0.602,0.548,True,999,0.00012004200834780931,0.0008765839738771319,weak_2x2_bal_strong_100_250,weak_null,True,410,1907505461,-4.440892098500626e-16,0,0
100,250,0.02785191835441858,0.07823511959577617,0.022679320798147273,0.07612734318139758,-0.05038320124135759,-0.053448022383250304,0.036407736683175665,-1.383859746069854,-1.468040236841998,0.16640140455074126,0.1420932935751618,0.354,0.211,0.187,True,999,0.00011745793744921684,0.0008436249336227775,weak_2x2_bal_strong_100_250,weak_null,True,411,1907505461,-4.440892098500626e-16,0,0
100,250,0.06986929621782778,0.09757093981148907,0.06465811174034286,0.09546158250950043,-0.027701643593661285,-0.03080347076915757,0.047162995124026025,-0.587359719644891,-0.6531279594977526,0.5569621405257746,0.513673788592722,0.663,0.6,0.536,True,999,0.0001163750421255827,0.0008550420170649886,weak_2x2_bal_strong_100_250,weak_null,True,412,1907505461,-4.440892098500626e-16,0,0
100,250,0.030841067163294933,0.028560171934821743,0.025661295052202604,0.026469135329350024,0.00228089522847319,-0.0008078402771474202,0.02955548863392786,0.07717332156893743,-0.027333003597175175,0.9384856646413715,0.9781941336319112,0.966,0.943,0.968,True,999,0.00011541706044226885,0.0008620410226285458,weak_2x2_bal_strong_100_250,weak_null,True,413,1907505461,-4.440892098500626e-16,0,0
100,250,0.03755685578123669,0.08519377725937033,0.03237710797134241,0.08305837929833615,-0.04763692147813364,-0.05068127132699374,0.039984150302394675,-1.191395118262164,-1.267534033953409,0.23349850847177367,0.20496440220435197,0.419,0.234,0.197,True,999,0.0001224169973284006,0.0008062090491876006,weak_2x2_bal_strong_100_250,weak_null,True,414,1907505461,-4.440892098500626e-16,0,0
100,250,0.056971381623922235,0.050373590131996326,0.05177894383153614,0.048271627435951814,0.006597791491925908,0.0035073163955843256,0.039870841803272355,0.16547911189034392,0.08796695120935386,0.8685668894698322,0.9299029433977866,0.91,0.879,0.947,True,999,0.0001116250641644001,0.000793707906268537,weak_2x2_bal_strong_100_250,weak_null,True,415,1907505461,-4.440892098500626e-16,0,0
100,250,0.0465733363308064,0.06884325304120842,0.0413868864686151,0.06669786201493366,-0.022269916710402016,-0.02531097554631856,0.04046608674593536,-0.5503353178236077,-0.6254861189131646,0.5820894044134937,0.5316520560659581,0.697,0.6,0.554,True,999,0.00011024996638298035,0.000816207961179316,weak_2x2_bal_strong_100_250,weak_null,True,416,1907505461,-4.440892098500626e-16,0,0
100,250,0.02959179538409784,0.02936741130217746,0.024418313373786305,0.02727692628299394,0.00022438408192038128,-0.0028586129092076362,0.02933897555825719,0.0076479862589213824,-0.0974339715281267,0.9938978493303536,0.9223817676833387,0.994,0.991,0.928,True,999,0.00011008302681148052,0.0008275420404970646,weak_2x2_bal_strong_100_250,weak_null,True,417,1907505461,-4.440892098500626e-16,0,0
100,250,0.15398856090015867,0.07548267612302756,0.14869930248231356,0.07336642668245474,0.07850588477713111,0.07533287579985881,0.05785069134335259,1.3570431563416732,1.3021949098714622,0.1747674983394104,0.19284976479265092,0.226,0.195,0.208,True,999,0.00010954204481095076,0.0008703750791028142,weak_2x2_bal_strong_100_250,weak_null,True,418,1907505461,-4.440892098500626e-16,0,0
100,250,0.02449100150881167,0.09062562890354087,0.019321222187500098,0.0884856848886244,-0.0661346273947292,-0.06916446270112431,0.03765412382045723,-1.7563714325175375,-1.8368363324802084,0.07902500742924956,0.06623406053740452,0.233,0.09,0.082,True,999,0.00011729204561561346,0.000802040915004909,weak_2x2_bal_strong_100_250,weak_null,True,419,1907505461,-4.440892098500626e-16,0,0
100,250,0.12288873699608127,0.03815756339884113,0.11761868187984703,0.03604659575474045,0.08473117359724014,0.08157208612510658,0.050217768040799256,1.6872747814757634,1.6243670180409773,0.0915505278055501,0.10429750181376213,0.143,0.1,0.114,True,999,0.00011112506035715342,0.0007979160873219371,weak_2x2_bal_strong_100_250,weak_null,True,420,1907505461,-4.440892098500626e-16,0,0
100,250,0.02426508867076016,0.02804166766066757,0.019096178238271477,0.025943059069220453,-0.0037765789899074087,-0.006846880830948976,0.027422900528986372,-0.13771624872122898,-0.24967748483468155,0.8904646771427303,0.8028367713482476,0.929,0.887,0.78,True,999,0.0001105419360101223,0.0007959589129313827,weak_2x2_bal_strong_100_250,weak_null,True,421,1907505461,-4.440892098500626e-16,0,0
100,250,0.09145261322271614,0.0659434725752509,0.0861982128524943,0.06380468339406775,0.025509140647465234,0.022393529458426542,0.0484061635601783,0.5269812513803619,0.46261731588348287,0.5982066082490383,0.6436386945914797,0.7,0.602,0.653,True,999,0.00010983296670019627,0.0008059160318225622,weak_2x2_bal_strong_100_250,weak_null,True,422,1907505461,-4.440892098500626e-16,0,0
100,250,0.05142768388279051,0.028218125166257213,0.0462399154987736,0.026128014904145402,0.023209558716533296,0.020111900594628196,0.03535540526515614,0.6564642249881674,0.5688493865024113,0.5115254785938526,0.5694583559138031,0.649,0.511,0.579,True,999,0.00010937510523945093,0.0008324999362230301,weak_2x2_bal_strong_100_250,weak_null,True,423,1907505461,-4.440892098500626e-16,0,0
100,250,0.06151961630627867,0.023033285873591547,0.0563183443506432,0.02089810868730524,0.03848633043268712,0.03542023566333796,0.037304782480210685,1.0316728278231677,0.9494824338441745,0.3022254106409291,0.3423753020074347,0.446,0.309,0.351,True,999,0.00013466691598296165,0.0007982919923961163,weak_2x2_bal_strong_100_250,weak_null,True,424,1907505461,-4.440892098500626e-16,0,0
100,250,0.020778484848206213,0.036179378719722766,0.015608506129339617,0.03405737741984183,-0.015400893871516552,-0.01844887129050221,0.028063853415111722,-0.5487804416489552,-0.6573890982685909,0.5831561340541023,0.5109307595839665,0.749,0.617,0.544,True,999,0.00011133390944451094,0.0007940840441733599,weak_2x2_bal_strong_100_250,weak_null,True,425,1907505461,-4.440892098500626e-16,0,0
100,250,0.07276017128216605,0.06885891548770251,0.06755718170455793,0.06673144060937375,0.003901255794463543,0.0008257410951841848,0.04529450891083922,0.0861308774126029,0.018230490075731465,0.9313623781969567,0.9854549791119778,0.951,0.929,0.97,True,999,0.00010929210111498833,0.0008001249516382813,weak_2x2_bal_strong_100_250,weak_null,True,426,1907505461,-4.440892098500626e-16,0,0
100,250,0.025792784583158812,0.08607812219845856,0.020618629094599328,0.08397231902087299,-0.06028533761529975,-0.06335368992627366,0.036485849476140225,-1.6522936557835417,-1.7363907058736168,0.09847470198917725,0.08249477450401328,0.253,0.104,0.097,True,999,0.0001076660118997097,0.0008472079643979669,weak_2x2_bal_strong_100_250,weak_null,True,427,1907505461,-4.440892098500626e-16,0,0
100,250,0.03575917450220467,0.07873061924765495,0.030577628704449467,0.07662988223236766,-0.04297144474545028,-0.0460522535279182,0.03820894956737469,-1.1246434469410833,-1.2052740012313932,0.26074015510967885,0.22809754281868821,0.426,0.25,0.225,True,999,0.00011241692118346691,0.0008045840077102184,weak_2x2_bal_strong_100_250,weak_null,True,428,1907505461,-4.440892098500626e-16,0,0
100,250,0.07724391409191234,0.07520083152668394,0.07201722225151741,0.07307506837985045,0.0020430825652283935,-0.0010578461283330398,0.046907234423835174,0.04355580946785115,-0.02255187587430036,0.9652584771794085,0.9820077315416348,0.97,0.969,0.974,True,999,0.00011345907114446163,0.0008087499300017953,weak_2x2_bal_strong_100_250,weak_null,True,429,1907505461,-4.440892098500626e-16,0,0
100,250,0.03265702933714654,0.0777842514532266,0.027447797867353074,0.0756791234062888,-0.04512722211608006,-0.04823132553893572,0.03713191781942025,-1.2153216091757644,-1.298918245308364,0.22424345327138728,0.19397198747264677,0.433,0.254,0.216,True,999,0.0001163750421255827,0.0008172080852091312,weak_2x2_bal_strong_100_250,weak_null,True,430,1907505461,-4.440892098500626e-16,0,0
100,250,0.06089950390415266,0.05764431663370917,0.05569801272372388,0.055531721924509725,0.0032551872704434937,0.00016629079921415268,0.041653916602249805,0.07814840802431709,0.003992200800756657,0.9377100008697713,0.996814693078514,0.935,0.926,0.999,True,999,0.00011700007598847151,0.0008266250370070338,weak_2x2_bal_strong_100_250,weak_null,True,431,1907505461,-4.440892098500626e-16,0,0
100,250,0.0231992630161294,0.03480948528822858,0.01802820809936634,0.03271250885619281,-0.01161022227209918,-0.014684300756826474,0.028278658275834687,-0.4105648209632565,-0.519271480760982,0.6813916635939936,0.6035714382402353,0.802,0.68,0.58,True,999,0.00011825002729892731,0.000840167049318552,weak_2x2_bal_strong_100_250,weak_null,True,432,1907505461,-4.440892098500626e-16,0,0
100,250,0.054561374156864906,0.02627131065510191,0.04936275442511828,0.02416347681567288,0.028290063501762996,0.025199277609445403,0.036068288763097575,0.7843472610407654,0.698654648546217,0.4328363750725419,0.4847678825024382,0.54,0.468,0.513,True,999,0.00011612498201429844,0.0008307920070365071,weak_2x2_bal_strong_100_250,weak_null,True,433,1907505461,-4.440892098500626e-16,0,0
100,250,0.1003553257574008,0.04958398984084039,0.09512687225068817,0.04747020105034494,0.05077133591656041,0.047656671200343226,0.04811198870028229,1.0552741071013454,0.9905362984935937,0.2912999796800777,0.32191205625551544,0.406,0.315,0.361,True,999,0.00011658400762826204,0.0008602919988334179,weak_2x2_bal_strong_100_250,weak_null,True,434,1907505461,-4.440892098500626e-16,0,0
100,250,0.03909782630882219,0.056931662395392324,0.033918385229867454,0.054804113860242865,-0.017833836086570132,-0.02088572863037541,0.03679165740692392,-0.48472499864096735,-0.5676756662352719,0.6278714311969895,0.5702552176295272,0.747,0.623,0.569,True,999,0.00011445803102105856,0.0007967910496518016,weak_2x2_bal_strong_100_250,weak_null,True,435,1907505461,-4.440892098500626e-16,0,0
100,250,0.03979716486732965,0.09149603137411622,0.03461814323193835,0.08938591823527986,-0.05169886650678657,-0.05476777500334151,0.04065052435059111,-1.2717884291210821,-1.3472833592746785,0.20344830122638324,0.17788898944139875,0.375,0.204,0.187,True,999,0.00010995892807841301,0.000848333933390677,weak_2x2_bal_strong_100_250,weak_null,True,436,1907505461,-4.440892098500626e-16,0,0
100,250,0.029518292083074327,0.026595727654129875,0.024328714344292734,0.0244867452812656,0.002922564428944452,-0.00015803093697286386,0.028924056596602007,0.10104268808849566,-0.005463650523745321,0.9195165733651415,0.9956406592902851,0.934,0.919,0.997,True,999,0.00011424999684095383,0.0008030829485505819,weak_2x2_bal_strong_100_250,weak_null,True,437,1907505461,-4.440892098500626e-16,0,0
100,250,0.028899737350249977,0.047829950993235615,0.023727442927850007,0.045705034411980705,-0.018930213642985638,-0.0219775914841307,0.03272082601448667,-0.5785371565682529,-0.6716698250343814,0.5629015189860525,0.5017939154120912,0.71,0.589,0.532,True,999,0.00010966602712869644,0.0008026669966056943,weak_2x2_bal_strong_100_250,weak_null,True,438,1907505461,-4.440892098500626e-16,0,0
100,250,0.061312776413463665,0.04430801011747065,0.05611143187623213,0.04218661333739249,0.017004766295993012,0.013924818538839645,0.040132879393728955,0.4237115939069681,0.3469678415602419,0.6717761587663242,0.7286154784399177,0.764,0.688,0.758,True,999,0.00010970805305987597,0.0008164589526131749,weak_2x2_bal_strong_100_250,weak_null,True,439,1907505461,-4.440892098500626e-16,0,0
100,250,0.03909782630882219,0.04883386849070029,0.03391838522981061,0.04663345999582447,-0.009736042181878096,-0.012715074766013856,0.03606165577239615,-0.2699832265974507,-0.3525926498290955,0.787173157836468,0.7243938487235674,0.855,0.788,0.717,True,999,0.00011545896995812654,0.0008288329700008035,weak_2x2_bal_strong_100_250,weak_null,True,440,1907505461,-4.440892098500626e-16,0,0
100,250,0.07408028741081829,0.041938540207481334,0.06887766347202273,0.03982216644800474,0.03214174720333696,0.029055497024017995,0.042518223686386844,0.7559522580344261,0.683365731323361,0.449677820390741,0.49437576849148146,0.549,0.451,0.486,True,999,0.00011625001206994057,0.000832374906167388,weak_2x2_bal_strong_100_250,weak_null,True,441,1907505461,-4.440892098500626e-16,0,0
100,250,0.09156988218862172,0.07543575555025989,0.08633980420056275,0.07332221638655767,0.016134126638361834,0.013017587814005083,0.04918163538220254,0.32805185335907566,0.26468391530379615,0.7428724566993877,0.7912529694300672,0.794,0.755,0.808,True,999,0.0001194169744849205,0.000837916973978281,weak_2x2_bal_strong_100_250,weak_null,True,442,1907505461,-4.440892098500626e-16,0,0
100,250,0.05124058133734688,0.05620044373813182,0.04605350233507011,0.054077156690269135,-0.004959862400784942,-0.008023654355199028,0.03959661695037166,-0.12525975153385896,-0.2026348454277157,0.9003179147878029,0.8394204522570787,0.929,0.917,0.849,True,999,0.00011812499724328518,0.0008428751025348902,weak_2x2_bal_strong_100_250,weak_null,True,443,1907505461,-4.440892098500626e-16,0,0
100,250,0.08806985992025163,0.05496572915235759,0.08285103005088956,0.052878022574887495,0.033104130767894036,0.029973007476002067,0.04621723414264452,0.7162724334762591,0.6485244743009416,0.4738231449078526,0.5166457865043441,0.522,0.471,0.523,True,999,0.00011675001587718725,0.0008792919106781483,weak_2x2_bal_strong_100_250,weak_null,True,444,1907505461,-4.440892098500626e-16,0,0
100,250,0.05343813071859982,0.05428465959317247,0.048244853876113325,0.052153610179871635,-0.0008465288745726496,-0.0039087563037583095,0.0396692153595741,-0.02133969293063774,-0.09853374381943598,0.9829746806602409,0.9215084786263321,0.965,0.96,0.915,True,999,0.00013508298434317112,0.0008155000396072865,weak_2x2_bal_strong_100_250,weak_null,True,445,1907505461,-4.440892098500626e-16,0,0
100,250,0.044902570079585646,0.027992819710520367,0.039715261814606606,0.025903306377671242,0.01690975036906528,0.013811955436935364,0.03361245788606193,0.5030798529040996,0.4109177461450316,0.6149081309382651,0.68113284936886,0.697,0.589,0.651,True,999,0.0001105000264942646,0.0008053750498220325,weak_2x2_bal_strong_100_250,weak_null,True,446,1907505461,-4.440892098500626e-16,0,0
100,250,0.018300553057261415,0.053319773707758755,0.013123914719315621,0.05120301854303477,-0.03501922065049734,-0.03807910382371915,0.03033284353674559,-1.1544984435130394,-1.255375341833338,0.24829587632514416,0.20934253634961408,0.476,0.277,0.238,True,999,0.00010920793283730745,0.0007962910458445549,weak_2x2_bal_strong_100_250,weak_null,True,447,1907505461,-4.440892098500626e-16,0,0
100,250,0.06986929621782778,0.07299851021322085,0.06465811174034286,0.07087436197051034,-0.0031292139953930653,-0.006216250230167475,0.044943008698815366,-0.06962626860082793,-0.13831406508241462,0.9444911283540399,0.8899922100216716,0.962,0.938,0.881,True,999,0.00010966695845127106,0.0008275419240817428,weak_2x2_bal_strong_100_250,weak_null,True,448,1907505461,-4.440892098500626e-16,0,0
100,250,0.03979716486732965,0.06997512257449334,0.03461814323193835,0.06787678702387723,-0.030177957707163694,-0.03325864379193888,0.03816799282720187,-0.7906613754563543,-0.8713752369036248,0.42914162097673747,0.3835493022140132,0.547,0.411,0.377,True,999,0.00011237501166760921,0.000827791984193027,weak_2x2_bal_strong_100_250,weak_null,True,449,1907505461,-4.440892098500626e-16,0,0
100,250,0.0699777403530557,0.10694935752033019,0.0647665874546135,0.1047990869590194,-0.036971617167274484,-0.040032499504405905,0.047895758385233946,-0.7719183997444056,-0.8358255689870807,0.4401627588542161,0.40325303990072203,0.556,0.442,0.406,True,999,0.00011679099407047033,0.0008318339241668582,weak_2x2_bal_strong_100_250,weak_null,True,450,1907505461,-4.440892098500626e-16,0,0
100,250,0.035410008782013724,0.0505885517929931,0.030222823831039136,0.04848575579393355,-0.015178543010979373,-0.018262931962894413,0.03459293328563984,-0.4387758298970346,-0.5279382298139976,0.6608239753198517,0.5975422094390365,0.758,0.669,0.605,True,999,0.00011754198931157589,0.0008225420024245977,weak_2x2_bal_strong_100_250,weak_null,True,451,1907505461,-4.440892098500626e-16,0,0
100,250,0.12157901372170987,0.05358548721288231,0.11633206663015017,0.051467378820731824,0.06799352650882756,0.06486468780941834,0.05182196522814305,1.31205997706745,1.2516832876533242,0.18949989862565741,0.21068529217998389,0.274,0.181,0.201,True,999,0.00011670798994600773,0.0008313750149682164,weak_2x2_bal_strong_100_250,weak_null,True,452,1907505461,-4.440892098500626e-16,0,0
100,250,0.012056972677852551,0.03691935914946182,0.006893521137143921,0.03477996605640499,-0.024862386471609266,-0.027886444919261066,0.02535779439098934,-0.9804632882599555,-1.0997188670782132,0.3268574826915768,0.2714546316711114,0.58,0.347,0.286,True,999,0.00011566595640033484,0.000878875027410686,weak_2x2_bal_strong_100_250,weak_null,True,453,1907505461,-4.440892098500626e-16,0,0
100,250,0.09080171068567411,0.059268805709288164,0.08558590285542778,0.05714794992491079,0.031532904976385945,0.028437952930516985,0.04752775367724784,0.6634629776639572,0.5983441406390432,0.5070340830643377,0.5496103295282355,0.587,0.527,0.573,True,999,0.00012495892588049173,0.0008045419817790389,weak_2x2_bal_strong_100_250,weak_null,True,454,1907505461,-4.440892098500626e-16,0,0
100,250,0.05124058133734688,0.066705357177205,0.04605350233507011,0.06458981005891928,-0.015464775839858114,-0.018536307723849177,0.04070528318881626,-0.3799206055912429,-0.4553784244140085,0.7040043511262729,0.6488370145281335,0.78,0.712,0.672,True,999,0.00011029094457626343,0.0008002499816939235,weak_2x2_bal_strong_100_250,weak_null,True,455,1907505461,-4.440892098500626e-16,0,0
100,250,0.1009690656286999,0.05252737893895343,0.09574070955159186,0.05042299655519855,0.048441686689746466,0.04531771299639331,0.048432056344633496,1.0001988423750674,0.9356966525212331,0.3172142893629024,0.34942939463416856,0.422,0.355,0.393,True,999,0.00010904192458838224,0.0007979579968377948,weak_2x2_bal_strong_100_250,weak_null,True,456,1907505461,-4.440892098500626e-16,0,0
100,250,0.0749012577510274,0.10073686673043714,0.0696926781604219,0.098616980845037,-0.02583560897940973,-0.0289243026846151,0.0486707648581443,-0.5308239772830803,-0.5942849422834798,0.5955407629259293,0.5523215481059804,0.698,0.592,0.533,True,999,0.00010916695464402437,0.0008222080068662763,weak_2x2_bal_strong_100_250,weak_null,True,457,1907505461,-4.440892098500626e-16,0,0
100,250,0.10257586251287432,0.027880972139823212,0.09734048627257152,0.025791751301184718,0.0746948903730511,0.07154873497138681,0.04580319761044479,1.630778947101675,1.5620903933368857,0.1029369712603238,0.11826669568384247,0.133,0.11,0.135,True,999,0.00010895798914134502,0.0008279999019578099,weak_2x2_bal_strong_100_250,weak_null,True,458,1907505461,-4.440892098500626e-16,0,0
100,250,0.019538370542090844,0.0673515978202548,0.014371654805501066,0.06522594930211767,-0.04781322727816395,-0.0508542944966166,0.03310137144473316,-1.4444485286053497,-1.5363198646172154,0.14861284835094368,0.12445994985103573,0.364,0.157,0.135,True,999,0.00011529203038662672,0.0008392500458285213,weak_2x2_bal_strong_100_250,weak_null,True,459,1907505461,-4.440892098500626e-16,0,0
100,250,0.06718384749826711,0.08148066121362357,0.06198374887688374,0.07937725860593048,-0.01429681371535646,-0.01739350972904674,0.04530095410916288,-0.31559630468058264,-0.38395460031886197,0.7523089428812806,0.701012096872133,0.809,0.729,0.714,True,999,0.0001129580195993185,0.0008349999552592635,weak_2x2_bal_strong_100_250,weak_null,True,460,1907505461,-4.440892098500626e-16,0,0
100,250,0.06833399126600037,0.05237438570334957,0.06312943401744064,0.05024079935670045,0.015959605562650803,0.012888634660740195,0.04280387513983857,0.3728542219719921,0.30110906123881387,0.709256944639971,0.763331331627733,0.792,0.714,0.766,True,999,0.00011391693260520697,0.0008345000678673387,weak_2x2_bal_strong_100_250,weak_null,True,461,1907505461,-4.440892098500626e-16,0,0
100,250,0.06622639858617951,0.031897599864674664,0.06102599681521781,0.029753621795535423,0.03432879872150485,0.031272375019682386,0.03963181907859901,0.866192860171847,0.7890724106723963,0.386384408114137,0.4300696859617681,0.517,0.405,0.445,True,999,0.00011575000826269388,0.0008634579135105014,weak_2x2_bal_strong_100_250,weak_null,True,462,1907505461,-4.440892098500626e-16,0,0
100,250,0.037708628753393314,0.07294462375057614,0.03252831478010876,0.07085704740369181,-0.03523599499718283,-0.03832873262358305,0.03776732643326466,-0.9329756253582121,-1.014864864509549,0.35083255351786313,0.310170248696072,0.522,0.379,0.345,True,999,0.00011820800136774778,0.0008004580158740282,weak_2x2_bal_strong_100_250,weak_null,True,463,1907505461,-4.440892098500626e-16,0,0
100,250,0.07421558803804551,0.04108334531814334,0.06896543606390537,0.03898156835700206,0.03313224271990217,0.02998386770690331,0.04202207211459864,0.7884485712543409,0.7135266348868787,0.4304343695432533,0.47551993753570454,0.537,0.447,0.49,True,999,0.00010958302300423384,0.0007935829926282167,weak_2x2_bal_strong_100_250,weak_null,True,464,1907505461,-4.440892098500626e-16,0,0
100,250,0.06622639858617951,0.032313289365641484,0.06102599681521781,0.030198272845865404,0.03391310922053803,0.030827723969352405,0.03962980377751301,0.8557475936779989,0.7778924201195481,0.3921374084371865,0.4366324372016376,0.536,0.413,0.446,True,999,0.00010841700714081526,0.0008099999977275729,weak_2x2_bal_strong_100_250,weak_null,True,465,1907505461,-4.440892098500626e-16,0,0
100,250,0.08867575753133428,0.023327763485810837,0.08345952307644211,0.0211911400344178,0.06534799404552344,0.06226838304202431,0.0431682803853396,1.513796552982831,1.4424568800561097,0.13007744715829864,0.1491735275829822,0.268,0.128,0.146,True,999,0.00010862504132091999,0.0008216669084504247,weak_2x2_bal_strong_100_250,weak_null,True,466,1907505461,-4.440892098500626e-16,0,0
100,250,0.04782039371995339,0.03998343939258636,0.042630018693500915,0.037898701745902486,0.00783695432736703,0.00473131694759843,0.035989984044901904,0.21775375942344044,0.13146204626530353,0.8276209746009864,0.8954098086490418,0.88,0.842,0.891,True,999,0.00011029199231415987,0.0008315830491483212,weak_2x2_bal_strong_100_250,weak_null,True,467,1907505461,-4.440892098500626e-16,0,0
100,250,0.014056428781547003,0.04490282247327809,0.008889131664957972,0.04276962493243275,-0.03084639369173109,-0.033880493267474776,0.027706819505947073,-1.1133141313859618,-1.222821452321605,0.2655735393520161,0.22139714106255637,0.507,0.265,0.229,True,999,0.00010954099707305431,0.0008358329068869352,weak_2x2_bal_strong_100_250,weak_null,True,468,1907505461,-4.440892098500626e-16,0,0
100,250,0.03341692530493012,0.02888790479402803,0.02823374436862025,0.0267778756214625,0.004529020510902093,0.0014558687471577514,0.03068878807301334,0.1475789953036548,0.04743976020473718,0.8826750328826765,0.9621627406163834,0.916,0.876,0.963,True,999,0.00010854203719645739,0.0008319579064846039,weak_2x2_bal_strong_100_250,weak_null,True,469,1907505461,-4.440892098500626e-16,0,0
100,250,0.05737869124476602,0.05877832486035667,0.05218472349366721,0.056688499732800324,-0.0013996336155906453,-0.004503776239133117,0.040651034889762246,-0.03443045470763982,-0.11079118284064571,0.97253389851797,0.9117819373801346,0.989,0.987,0.921,True,999,0.0001117499778047204,0.0008338339393958449,weak_2x2_bal_strong_100_250,weak_null,True,470,1907505461,-4.440892098500626e-16,0,0
100,250,0.08425863230814667,0.06361197875913377,0.07904010211090906,0.061475915341731024,0.020646653549012906,0.017564186769178036,0.04711787309393126,0.438191543745046,0.37277121431528043,0.6612474380530999,0.7093187287887173,0.733,0.651,0.68,True,999,0.00011429202277213335,0.0008501659613102674,weak_2x2_bal_strong_100_250,weak_null,True,471,1907505461,-4.440892098500626e-16,0,0
100,250,0.11387493482174127,0.0493011661268728,0.10862434976841939,0.04715926689230798,0.06457376869486847,0.06146508287611141,0.05041925208961293,1.2807363461103694,1.219079623927505,0.20028628879348964,0.22281397277835946,0.31,0.217,0.229,True,999,0.00011337501928210258,0.0008022499969229102,weak_2x2_bal_strong_100_250,weak_null,True,472,1907505461,-4.440892098500626e-16,0,0
100,250,0.11832356533589328,0.08036490755306641,0.11307627370149476,0.07822906848824118,0.037958657782826866,0.034847205213253574,0.05407579946063348,0.7019527803830308,0.6444140551009683,0.4827086116433099,0.5193069728046042,0.555,0.498,0.536,True,999,0.0001330419909209013,0.0008102500578388572,weak_2x2_bal_strong_100_250,weak_null,True,473,1907505461,-4.440892098500626e-16,0,0
100,250,0.04763194464340381,0.035797065352424884,0.04244147901501094,0.033690656836085964,0.011834879290978928,0.008750822178924977,0.03564624698959038,0.33200912551705697,0.24549070148900787,0.7398823683272863,0.806076507077152,0.811,0.729,0.796,True,999,0.00010991690214723349,0.0007958339992910624,weak_2x2_bal_strong_100_250,weak_null,True,474,1907505461,-4.440892098500626e-16,0,0
100,250,0.07408028741081829,0.08116140671537697,0.06887766347199431,0.079072133932371,-0.007081119304558681,-0.010194470460376692,0.04627026520278227,-0.1530382260297243,-0.22032444412623964,0.8783681303253454,0.8256184842010531,0.875,0.838,0.818,True,999,0.00010895798914134502,0.0008046659640967846,weak_2x2_bal_strong_100_250,weak_null,True,475,1907505461,-4.440892098500626e-16,0,0
100,250,0.04594361002401559,0.038350153265503284,0.04075230116282569,0.03622330935219509,0.007593456758512307,0.0045289918106306,0.035803339608903285,0.2120879460256838,0.1264963509019803,0.8320384234779222,0.8993390374034245,0.91,0.831,0.911,True,999,0.00010862492490559816,0.0008178750285878778,weak_2x2_bal_strong_100_250,weak_null,True,476,1907505461,-4.440892098500626e-16,0,0
100,250,0.0866728600207416,0.04641426889359895,0.08144614985695853,0.044316113122363276,0.04025859112714264,0.03713003673459525,0.045115590784841855,0.8923432105574667,0.8229979057942509,0.37220900010706337,0.4105091843377153,0.443,0.346,0.384,True,999,0.00011020805686712265,0.0008241250179708004,weak_2x2_bal_strong_100_250,weak_null,True,477,1907505461,-4.440892098500626e-16,0,0
100,250,0.04037509189184596,0.06884325304120842,0.035174724673638025,0.06669786201493366,-0.02846816114936246,-0.03152313734129564,0.03895610709070882,-0.7307753077861372,-0.8091962902734197,0.46491640811335555,0.4184022484381972,0.599,0.473,0.43,True,999,0.00011108408216387033,0.0008326249662786722,weak_2x2_bal_strong_100_250,weak_null,True,478,1907505461,-4.440892098500626e-16,0,0
100,250,0.01392127491627626,0.01749529152820528,0.008749306183588601,0.015396129431735517,-0.0035740166119290206,-0.006646823248146916,0.021038887626547417,-0.16987669098147723,-0.3159303555459739,0.8651071125676215,0.7520553706608133,0.92,0.878,0.748,True,999,0.00011245894711464643,0.0008272499544546008,weak_2x2_bal_strong_100_250,weak_null,True,479,1907505461,-4.440892098500626e-16,0,0
100,250,0.05199276349977677,0.026140885287933124,0.04680289384511127,0.02399945044027163,0.02585187821184365,0.02280344340483964,0.035580122957866424,0.7265820368990054,0.6409040078878653,0.46748203556869605,0.5215850517478562,0.587,0.431,0.492,True,999,0.0001414580037817359,0.0008292909478768706,weak_2x2_bal_strong_100_250,weak_null,True,480,1907505461,-4.440892098500626e-16,0,0
100,250,0.03685047977442746,0.05626566636845837,0.0316641156819486,0.05417026021693516,-0.01941518659403091,-0.02250614453498656,0.035557826774747024,-0.546017244445869,-0.6329448837680458,0.5850540835563653,0.526769636034917,0.75,0.606,0.552,True,999,0.00011095893569290638,0.0008022499969229102,weak_2x2_bal_strong_100_250,weak_null,True,481,1907505461,-4.440892098500626e-16,0,0
100,250,0.007264441408790345,0.11224307175820153,0.0021045417997811455,0.1101345950871746,-0.10497863034941118,-0.10803005328739346,0.03456044006528258,-3.0375374315579573,-3.125829795087424,0.002385197792438123,0.0017730413865754586,0.037,0.002,0.002,True,999,0.0001117499778047204,0.0008067920571193099,weak_2x2_bal_strong_100_250,weak_null,True,482,1907505461,-4.440892098500626e-16,0,0
100,250,0.02851375191092953,0.043311109020303384,0.02334113858179876,0.04117877081441179,-0.014797357109373854,-0.017837632232613032,0.03200149900883773,-0.46239574918935283,-0.5573998964138174,0.6437975470989536,0.5772542362464133,0.795,0.661,0.598,True,999,0.00011675001587718725,0.000839291955344379,weak_2x2_bal_strong_100_250,weak_null,True,483,1907505461,-4.440892098500626e-16,0,0
100,250,0.06134591428125835,0.05252737893895343,0.05614660762330459,0.05042299655519855,0.008818535342304923,0.005723611068106038,0.04117538358379921,0.21417008354901268,0.13900565264820117,0.8304144246696211,0.8894456822496387,0.895,0.827,0.901,True,999,0.00011191598605364561,0.0008117080433294177,weak_2x2_bal_strong_100_250,weak_null,True,484,1907505461,-4.440892098500626e-16,0,0
100,250,0.041476872912890594,0.028218125166257213,0.03628839431986819,0.026128014904145402,0.013258747746633381,0.010160379415722787,0.03265771518453876,0.40599128480704333,0.31111727683059237,0.6847490040128135,0.7557114674608281,0.767,0.685,0.767,True,999,0.00011312495917081833,0.0008153750095516443,weak_2x2_bal_strong_100_250,weak_null,True,485,1907505461,-4.440892098500626e-16,0,0
100,250,0.055971286859761826,0.066705357177205,0.050773277491273916,0.06458981005891928,-0.010734070317443167,-0.013816532567645368,0.04175204843402777,-0.25709086667697334,-0.3309186755106593,0.7971086279820622,0.7407059149674424,0.825,0.803,0.731,True,999,0.00010908301919698715,0.0008270000107586384,weak_2x2_bal_strong_100_250,weak_null,True,486,1907505461,-4.440892098500626e-16,0,0
100,250,0.10294673725730497,0.037310436654057866,0.09771141653685333,0.03521297755365538,0.0656363006032471,0.06249843898319796,0.04698027582449253,1.3971033471248482,1.3303123041822424,0.162382495442548,0.18341539486514125,0.261,0.165,0.184,True,999,0.00011083402205258608,0.000833209021948278,weak_2x2_bal_strong_100_250,weak_null,True,487,1907505461,-4.440892098500626e-16,0,0
100,250,0.05920485057744174,0.05505882423538466,0.05401158379129356,0.05295049434784005,0.004146026342057074,0.0010610894434535112,0.04098153439160694,0.10116815789372163,0.02589189153617497,0.9194169733190614,0.9793435674968803,0.939,0.917,0.983,True,999,0.00010900001507252455,0.0008831250015646219,weak_2x2_bal_strong_100_250,weak_null,True,488,1907505461,-4.440892098500626e-16,0,0
100,250,0.05899469949768721,0.0673515978202548,0.053803043506206905,0.06522594930211767,-0.008356898322567585,-0.011422905795910765,0.0426801373712935,-0.1958029855871177,-0.26763985543293417,0.844764373147955,0.7889765495442824,0.904,0.865,0.802,True,999,0.0001129169249907136,0.0008363339584320784,weak_2x2_bal_strong_100_250,weak_null,True,489,1907505461,-4.440892098500626e-16,0,0
100,250,0.015930489453407692,0.07688551338167204,0.010766178151556005,0.0747491627836041,-0.06095502392826435,-0.0639829846320481,0.03289898284875325,-1.8527935714150605,-1.9448316966575403,0.06391195201181889,0.05179523788995672,0.231,0.082,0.067,True,999,0.00011091702617704868,0.0008409590227529407,weak_2x2_bal_strong_100_250,weak_null,True,490,1907505461,-4.440892098500626e-16,0,0
100,250,0.04763194464340381,0.061438326481149386,0.04244147901501094,0.05932275131556253,-0.013806381837745574,-0.016881272300551586,0.03901501481081993,-0.35387355111080687,-0.4326865536872729,0.7234336492850328,0.6652424996821006,0.784,0.732,0.666,True,999,0.00011195894330739975,0.0008536248933523893,weak_2x2_bal_strong_100_250,weak_null,True,491,1907505461,-4.440892098500626e-16,0,0
100,250,0.04594361002401559,0.013369770889447852,0.04075230116282569,0.011246114873287638,0.03257383913456774,0.02950618628953805,0.03172015941691706,1.0269128444920548,0.9302029634126538,0.30446150554608975,0.3522660078500026,0.486,0.307,0.358,True,999,0.00011312495917081833,0.0008422080427408218,weak_2x2_bal_strong_100_250,weak_null,True,492,1907505461,-4.440892098500626e-16,0,0
100,250,0.03399183196071365,0.03187117960517938,0.028815487930302197,0.029721185559068886,0.0021206523555342693,-0.0009056976287666885,0.03181125501366254,0.06666358666526911,-0.028470980738663172,0.9468495234300682,0.9772865126589672,0.965,0.942,0.983,True,999,0.00011479202657938004,0.0008399590151384473,weak_2x2_bal_strong_100_250,weak_null,True,493,1907505461,-4.440892098500626e-16,0,0
100,250,0.02369145043915266,0.046797859971984934,0.018509253832064587,0.044698334817852015,-0.023106409532832273,-0.026189080985787427,0.030521013199102626,-0.7570656118818376,-0.8580672212597921,0.44901055492664466,0.39085534597085314,0.599,0.431,0.38,True,999,0.00011954200454056263,0.0008403330575674772,weak_2x2_bal_strong_100_250,weak_null,True,494,1907505461,-4.440892098500626e-16,0,0
100,250,0.03284120813174418,0.08141816990570905,0.02766403529844297,0.07932235568165424,-0.048576961773964866,-0.051658320383211276,0.037721734509055485,-1.287771159152384,-1.3694577159703558,0.19782563459122304,0.1708562435848846,0.341,0.2,0.178,True,999,0.00011591590009629726,0.0008437080541625619,weak_2x2_bal_strong_100_250,weak_null,True,495,1907505461,-4.440892098500626e-16,0,0
100,250,0.02397749898902657,0.04363980210758478,0.018808310652445925,0.041533309941470975,-0.01966230311855821,-0.02272499928902505,0.030238614237706227,-0.6502382339346815,-0.751522510601295,0.515538347575274,0.4523382585788027,0.703,0.534,0.464,True,999,0.00011570798233151436,0.0008414170006290078,weak_2x2_bal_strong_100_250,weak_null,True,496,1907505461,-4.440892098500626e-16,0,0
100,250,0.06311256316112324,0.040850243136859976,0.05790627345332666,0.038724031737132236,0.02226232002426326,0.019182241716194426,0.040305790732257665,0.5523355235019917,0.4759177618823498,0.5807184965797478,0.634132967615872,0.658,0.576,0.64,True,999,0.00011516595259308815,0.0008911669719964266,weak_2x2_bal_strong_100_250,weak_null,True,497,1907505461,-4.440892098500626e-16,0,0
100,250,0.04192574010735017,0.10528894800417865,0.03673751454763874,0.10313367277932173,-0.06336320789682848,-0.06639615823168299,0.04334523434232955,-1.4618264004850476,-1.5317983450568786,0.14378878759092031,0.12557220459386875,0.286,0.166,0.137,True,999,0.00011458294466137886,0.0008409579750150442,weak_2x2_bal_strong_100_250,weak_null,True,498,1907505461,-4.440892098500626e-16,0,0
100,250,0.04553574499710511,0.03534123464155969,0.040353131483556126,0.033203870099669075,0.010194510355545416,0.007149261383887051,0.03539823375539229,0.2879948877108159,0.20196661317312162,0.7733506519814406,0.8399428251236153,0.836,0.765,0.833,True,999,0.00011324998922646046,0.0008526250021532178,weak_2x2_bal_strong_100_250,weak_null,True,499,1907505461,-4.440892098500626e-16,0,0
100,250,0.020068881968934305,0.026665704215893482,0.014902775810469393,0.024521233612560422,-0.0065968222469591775,-0.00961845780209103,0.026079788885116424,-0.25294768588882033,-0.3688088827889333,0.8003086393495646,0.7122701832139615,0.868,0.799,0.691,True,999,0.00011429202277213335,0.0008384579559788108,weak_2x2_bal_strong_100_250,weak_null,True,500,1907505461,-4.440892098500626e-16,0,0
100,250,0.08209242490492885,0.06941986111309628,0.07688264482766272,0.06731360388856444,0.01267256379183257,0.009569040939098272,0.04696677467196171,0.269819758336479,0.20374064444350298,0.7872989214532293,0.8385561786335892,0.814,0.797,0.828,True,999,0.00011287489905953407,0.0008415839402005076,weak_2x2_bal_strong_100_250,weak_null,True,501,1907505461,-4.440892098500626e-16,0,0
100,250,0.049077081234740305,0.04155982867702751,0.04388096116520046,0.03942963636298202,0.007517252557712795,0.004451324802218437,0.0370788087418526,0.20273716477918335,0.1200503725243475,0.8393404730525429,0.9044432449592259,0.887,0.846,0.906,True,999,0.0001189579488709569,0.0008451250614598393,weak_2x2_bal_strong_100_250,weak_null,True,502,1907505461,-4.440892098500626e-16,0,0
100,250,0.059204850577441515,0.03058006014835596,0.05401158379129356,0.028467617038572257,0.028624790429085556,0.025543966752721303,0.037786357462253645,0.7575429957142612,0.6760102975852654,0.4487246170460616,0.49903410708789164,0.61,0.467,0.533,True,999,0.00011674989946186543,0.0008451250614598393,weak_2x2_bal_strong_100_250,weak_null,True,503,1907505461,-4.440892098500626e-16,0,0
100,250,0.04461546492319102,0.04708648284175493,0.03943237260273236,0.045008161753756326,-0.0024710179185639114,-0.005575789151023969,0.0360834512635536,-0.06848064228988496,-0.1545248294099806,0.9454030291118595,0.8771959352950182,0.969,0.937,0.893,True,999,0.00011870800517499447,0.0008597499690949917,weak_2x2_bal_strong_100_250,weak_null,True,504,1907505461,-4.440892098500626e-16,0,0
100,250,0.06639707712193688,0.023767398586800603,0.061199525402599875,0.021601529235752537,0.04262967853513627,0.03959799616684734,0.0387252157762724,1.1008248160945355,1.022537779921415,0.2709729089509929,0.3065264410299603,0.477,0.301,0.34,True,999,0.00011604197788983583,0.0008903749985620379,weak_2x2_bal_strong_100_250,weak_null,True,505,1907505461,-4.440892098500626e-16,0,0
100,250,0.040267259181623105,0.08480949200124754,0.03508650452536699,0.08265700581659985,-0.04454223281962444,-0.04757050129123286,0.04077291860283133,-1.0924465146463997,-1.1667180795816146,0.2746368873504952,0.2433242390892102,0.428,0.298,0.266,True,999,0.00012179103214293718,0.0008183339377865195,weak_2x2_bal_strong_100_250,weak_null,True,506,1907505461,-4.440892098500626e-16,0,0
100,250,0.06115560048055857,0.0587908276150757,0.0559423492122022,0.056687194491601645,0.002364772865482867,-0.000744845279399442,0.04193854726468816,0.05638661851012618,-0.017760397724281556,0.955033816877255,0.9858299978107046,0.955,0.947,0.979,True,999,0.00011108303442597389,0.0008202079916372895,weak_2x2_bal_strong_100_250,weak_null,True,507,1907505461,-4.440892098500626e-16,0,0
100,250,0.09103835747329414,0.06501301757684225,0.08582259536504466,0.06288980406172584,0.026025339896451893,0.022932791303318822,0.04831890491925621,0.5386160952931736,0.4746132252301846,0.5901517793379059,0.6350626780241226,0.683,0.6,0.647,True,999,0.00011462497059255838,0.0007994589395821095,weak_2x2_bal_strong_100_250,weak_null,True,508,1907505461,-4.440892098500626e-16,0,0
100,250,0.016173411198517784,0.07645414861152305,0.011009431570727202,0.07427723221942983,-0.06028073741300527,-0.06326780064870263,0.03401477399365142,-1.7721927955263255,-1.8600094376787877,0.07636255914014894,0.06288419072300337,0.284,0.093,0.087,True,999,0.00010975007899105549,0.0008010839810594916,weak_2x2_bal_strong_100_250,weak_null,True,509,1907505461,-4.440892098500626e-16,0,0
100,250,0.050939565442628676,0.04111183294861376,0.04573584983982926,0.03899921473447421,0.009827732494014918,0.006736635105355049,0.037244262163453286,0.26387239062178514,0.180877126140668,0.791878250932702,0.8564640233928191,0.845,0.795,0.864,True,999,0.00010908301919698715,0.0008023330010473728,weak_2x2_bal_strong_100_250,weak_null,True,510,1907505461,-4.440892098500626e-16,0,0
100,250,0.07276017128216583,0.05669012228705461,0.06755718170455793,0.05458830268806025,0.01607004899511122,0.01296887901649768,0.04382559092054698,0.3666818554539333,0.2959202316292651,0.7138563424887769,0.7672910000555573,0.774,0.715,0.777,True,999,0.0001116669736802578,0.0008013340411707759,weak_2x2_bal_strong_100_250,weak_null,True,511,1907505461,-4.440892098500626e-16,0,0
100,250,0.05879172279147726,0.06288669653741641,0.053599990936902486,0.06080149555651815,-0.0040949737459391455,-0.007201504619615662,0.04136366855267203,-0.09899928824554456,-0.17410217399951713,0.9211388352268819,0.8617851646898863,0.917,0.911,0.871,True,999,0.00011612498201429844,0.000818834058009088,weak_2x2_bal_strong_100_250,weak_null,True,512,1907505461,-4.440892098500626e-16,0,0
100,250,0.027060842390670747,0.05177043712670809,0.02187701283681065,0.049675155501944346,-0.024709594736037344,-0.027798142665133696,0.03226880369429673,-0.7657425100145432,-0.8614556315283175,0.44382952759187033,0.3889871475942491,0.65,0.457,0.392,True,999,0.00011599995195865631,0.0008297080639749765,weak_2x2_bal_strong_100_250,weak_null,True,513,1907505461,-4.440892098500626e-16,0,0
100,250,0.05737869124476602,0.02618504569172242,0.05218472349366721,0.02406145699002593,0.031193645553043603,0.028123266503641275,0.03679664908985954,0.8477306038619692,0.7642887925735476,0.396588018514063,0.44469516268088805,0.509,0.407,0.461,True,999,0.0001153330085799098,0.0008943750290200114,weak_2x2_bal_strong_100_250,weak_null,True,514,1907505461,-4.440892098500626e-16,0,0
100,250,0.03964150997781846,0.016082674408951947,0.03446305782784975,0.013972139682309148,0.02355883556886651,0.020490918145540604,0.03030123917511992,0.7774875288998234,0.6762402694859264,0.43687118941123726,0.4988881090653967,0.584,0.429,0.499,True,999,0.0001129999291151762,0.0007981660310178995,weak_2x2_bal_strong_100_250,weak_null,True,515,1907505461,-4.440892098500626e-16,0,0
100,250,0.05636923747073441,0.09203439072803604,0.05117486174093244,0.08990011944891307,-0.03566515325730163,-0.03872525770798063,0.044669213996050484,-0.7984280462256407,-0.8669339404853778,0.4246221331622331,0.38597820570379204,0.618,0.467,0.425,True,999,0.00011012505274266005,0.0008142080623656511,weak_2x2_bal_strong_100_250,weak_null,True,516,1907505461,-4.440892098500626e-16,0,0
100,250,0.0231992630161294,0.0813356305147504,0.01802820809936634,0.07922331465242394,-0.058136367498621,-0.0611951065530576,0.0356456185150577,-1.630954095355719,-1.7167637735674885,0.10290000599762442,0.08602234250455945,0.321,0.115,0.104,True,999,0.00010904204100370407,0.0008229169761762023,weak_2x2_bal_strong_100_250,weak_null,True,517,1907505461,-4.440892098500626e-16,0,0
100,250,0.03205505799747277,0.09006669517263999,0.026870426283565507,0.08791273047057757,-0.05801163717516722,-0.061042304187012064,0.038815881828516204,-1.4945335373663673,-1.572611552577614,0.13503622294503131,0.11580879101954811,0.299,0.146,0.128,True,999,0.00011020805686712265,0.0008252079132944345,weak_2x2_bal_strong_100_250,weak_null,True,518,1907505461,-4.440892098500626e-16,0,0
100,250,0.030158778252023177,0.06116815908087392,0.02498277325113918,0.05908307689460912,-0.03100938082885074,-0.03410030364346994,0.03419775801467045,-0.9067664849709759,-0.9971502701680415,0.36453029665217673,0.3186915752791014,0.528,0.364,0.319,True,999,0.00011487503070384264,0.0008109580958262086,weak_2x2_bal_strong_100_250,weak_null,True,519,1907505461,-4.440892098500626e-16,0,0
100,250,0.10346739044152953,0.066705357177205,0.0981886068918385,0.06458981005891928,0.036762033264324534,0.03359879683291922,0.049865889570276836,0.7372180378435881,0.6737831636507331,0.46098976589225515,0.5004491802918776,0.539,0.46,0.494,True,999,0.00011799996718764305,0.0008295840816572309,weak_2x2_bal_strong_100_250,weak_null,True,520,1907505461,-4.440892098500626e-16,0,0
100,250,0.0673692784046086,0.05475216966399965,0.06216442420372914,0.052661752852529276,0.012617108740608951,0.009502671351199865,0.0423267042817406,0.29808861697866396,0.22450770766244704,0.7656355292108707,0.8223622701350619,0.82,0.767,0.82,True,999,0.00011687492951750755,0.0008244590135291219,weak_2x2_bal_strong_100_250,weak_null,True,521,1907505461,-4.440892098500626e-16,0,0
100,250,0.05199276349977677,0.060278556967105934,0.04680289384511127,0.058168507381566315,-0.008285793467329161,-0.011365613536455044,0.039917255860106936,-0.2075742254519538,-0.28472933050024035,0.835561431117682,0.7758515178531773,0.885,0.852,0.818,True,999,0.00011679204180836678,0.0008324579102918506,weak_2x2_bal_strong_100_250,weak_null,True,522,1907505461,-4.440892098500626e-16,0,0
100,250,0.004937848310545001,0.0903685710039906,-0.0002195384817014201,0.08826978710759192,-0.0854307226934456,-0.08848932558929334,0.031022013124095003,-2.753874236069193,-2.8524688335123907,0.005889439451966708,0.004338106618974831,0.078,0.007,0.007,True,999,0.00011566595640033484,0.0008645000634714961,weak_2x2_bal_strong_100_250,weak_null,True,523,1907505461,-4.440892098500626e-16,0,0
100,250,0.049884488247439074,0.041938540207481334,0.044696008551312616,0.03982216644800474,0.00794594803995774,0.004873842103307879,0.037251936334854706,0.21330295339636152,0.13083459768365593,0.8310906700857056,0.895906153235417,0.878,0.818,0.901,True,999,0.00010883307550102472,0.0007967919809743762,weak_2x2_bal_strong_100_250,weak_null,True,524,1907505461,-4.440892098500626e-16,0,0
100,250,0.04553574499710511,0.041445173857721396,0.040353131483556126,0.03934206067918922,0.004090571139383714,0.0010110708043669092,0.03592193718299189,0.11387390158124586,0.028146332955718913,0.9093377544871272,0.9775454403410124,0.927,0.91,0.977,True,999,0.00010758393909782171,0.0008080839179456234,weak_2x2_bal_strong_100_250,weak_null,True,525,1907505461,-4.440892098500626e-16,0,0
100,250,0.031160597538534285,0.04934030064920847,0.02598106850089721,0.04721546706797142,-0.018179703110674184,-0.02123439856707421,0.033632178347398796,-0.5405449187052213,-0.6313714903547583,0.5888212921768723,0.5277976526149142,0.716,0.592,0.525,True,999,0.00010770803783088923,0.0008251669351011515,weak_2x2_bal_strong_100_250,weak_null,True,526,1907505461,-4.440892098500626e-16,0,0
100,250,0.08289756095211143,0.05692693049401304,0.07768458302194858,0.054834648628173,0.025970630458098387,0.022849934393775584,0.04559649285368606,0.5695751763504087,0.5011335952328266,0.5689658690295951,0.6162771046366831,0.629,0.602,0.635,True,999,0.00010741699952632189,0.0008291660342365503,weak_2x2_bal_strong_100_250,weak_null,True,527,1907505461,-4.440892098500626e-16,0,0
100,250,0.03448819381301116,0.09062247526097206,0.02931219336318236,0.08848158318892274,-0.0561342814479609,-0.05916938982574038,0.03964534930821415,-1.41591088053121,-1.4924673601874667,0.15680159888395,0.13557666772999769,0.365,0.173,0.161,True,999,0.00011125009041279554,0.0008611669763922691,weak_2x2_bal_strong_100_250,weak_null,True,528,1907505461,-4.440892098500626e-16,0,0
100,250,0.04736518804305412,0.019700947184235762,0.04216824526535845,0.01756925665462461,0.027664240858818356,0.02459898861073384,0.03318789112114124,0.833564288789527,0.7412037276169041,0.4045265562871382,0.4585699235934739,0.598,0.425,0.484,True,999,0.00011766597162932158,0.0008079580729827285,weak_2x2_bal_strong_100_250,weak_null,True,529,1907505461,-4.440892098500626e-16,0,0
100,250,0.02797587320180761,0.04774310417393712,0.022802804366975238,0.04563100718412727,-0.019767230972129513,-0.022828202817152032,0.03222026635297386,-0.6135030280500782,-0.7085044725288262,0.5395437811947674,0.4786320357276086,0.703,0.541,0.49,True,999,0.00011175009422004223,0.0008035419741645455,weak_2x2_bal_strong_100_250,weak_null,True,530,1907505461,-4.440892098500626e-16,0,0
100,250,0.06675800233781137,0.03860236532370698,0.06155777012068597,0.03646053238342972,0.028155637014104395,0.02509723773725625,0.0408644026320063,0.6890015563827673,0.6141589285731854,0.49082228813897955,0.5391103107841049,0.636,0.509,0.565,True,999,0.00010941608343273401,0.00080362509470433,weak_2x2_bal_strong_100_250,weak_null,True,531,1907505461,-4.440892098500626e-16,0,0
100,250,0.07385998717818298,0.07057689681911683,0.06865730333458941,0.06844344341712372,0.003283090359066154,0.00021385991746569744,0.04599722906177313,0.07137582906694327,0.004649408710652742,0.9430986461460998,0.9962903219382653,0.959,0.941,0.999,True,999,0.00010854203719645739,0.0008577919797971845,weak_2x2_bal_strong_100_250,weak_null,True,532,1907505461,-4.440892098500626e-16,0,0
100,250,0.03505830987020098,0.0575932760618576,0.029880180440102322,0.0555070168359606,-0.022534966191656625,-0.025626836395858277,0.03514572429281573,-0.6411865638023878,-0.729159432946919,0.5214014781666431,0.4659041428739168,0.653,0.535,0.477,True,999,0.00011620891746133566,0.0008283340139314532,weak_2x2_bal_strong_100_250,weak_null,True,533,1907505461,-4.440892098500626e-16,0,0
100,250,0.0538314834401985,0.09467673362736939,0.04863837143204819,0.09256973073965469,-0.04084525018717089,-0.0439313593076065,0.0438051059184365,-0.9324312618538864,-1.0028821614860395,0.35111369499474454,0.31591772046989874,0.491,0.362,0.33,True,999,0.0001170419855043292,0.0008342920336872339,weak_2x2_bal_strong_100_250,weak_null,True,534,1907505461,-4.440892098500626e-16,0,0
100,250,0.016173411198517784,0.030287402377659478,0.011009431570727202,0.028140200800109483,-0.014113991179141694,-0.01713076922938228,0.025549548317852312,-0.552416465588935,-0.6704920578737765,0.5806630520559055,0.5025441676661588,0.762,0.601,0.536,True,999,0.00011562497820705175,0.0008292499696835876,weak_2x2_bal_strong_100_250,weak_null,True,535,1907505461,-4.440892098500626e-16,0,0
100,250,0.02171366565558097,0.06830341834790554,0.016540932009760922,0.06619376475732963,-0.04658975269232457,-0.04965283274756871,0.033291362035638074,-1.399454688650188,-1.491462941480611,0.16167667698116883,0.13583999376606007,0.35,0.166,0.143,True,999,0.00011270807590335608,0.00084491609595716,weak_2x2_bal_strong_100_250,weak_null,True,536,1907505461,-4.440892098500626e-16,0,0
100,250,0.010032225897342317,0.08342643446562054,0.004867300468546887,0.08128516422202381,-0.07339420856827822,-0.07641786375347692,0.03284596546414793,-2.23449691708376,-2.3265525209447304,0.02545039516843378,0.019989094039568434,0.142,0.031,0.03,True,999,0.00011687492951750755,0.0008493330096825957,weak_2x2_bal_strong_100_250,weak_null,True,537,1907505461,-4.440892098500626e-16,0,0
100,250,0.1009690656286999,0.0377028359590158,0.09574070955159186,0.03559373670610455,0.0632662296696841,0.06014697284548731,0.046863235176928135,1.350018397808599,1.2834575465907883,0.17701008154457276,0.19933182379635284,0.28,0.207,0.219,True,999,0.00011295906733721495,0.0008448750013485551,weak_2x2_bal_strong_100_250,weak_null,True,538,1907505461,-4.440892098500626e-16,0,0
100,250,0.02579278458315859,0.02954779654939299,0.020618629094599328,0.027435244970789086,-0.0037550119662344006,-0.006816615876189758,0.028354795273342694,-0.1324295213573492,-0.24040434115206924,0.8946445656386561,0.8100168131243255,0.941,0.912,0.83,True,999,0.00011058303061872721,0.0008371250005438924,weak_2x2_bal_strong_100_250,weak_null,True,539,1907505461,-4.440892098500626e-16,0,0
100,250,0.1286053810647897,0.04366558985984004,0.12331560719644585,0.04157784481483873,0.08493979120494966,0.08173776238160713,0.05115733288590276,1.6603639481048122,1.597772162280401,0.09684125821128557,0.11009369212197377,0.14,0.093,0.109,True,999,0.00011258292943239212,0.000852875062264502,weak_2x2_bal_strong_100_250,weak_null,True,540,1907505461,-4.440892098500626e-16,0,0
100,250,0.03972898576624351,0.04458754815577709,0.034550585407856715,0.04249090736820449,-0.004858562389533583,-0.007940321960347774,0.0347841581351809,-0.13967744657357697,-0.22827408757427672,0.8889148467233007,0.8194331678993929,0.903,0.887,0.811,True,999,0.00011120806448161602,0.0008159580174833536,weak_2x2_bal_strong_100_250,weak_null,True,541,1907505461,-4.440892098500626e-16,0,0
100,250,0.09462527168380286,0.05178436493063443,0.08938302422981792,0.04965450778379932,0.04284090675316843,0.0397285164460186,0.04747387764564756,0.9024101016761186,0.8368500408278939,0.36683905693654983,0.40267686535026903,0.509,0.378,0.424,True,999,0.00011616700794547796,0.0008341670036315918,weak_2x2_bal_strong_100_250,weak_null,True,542,1907505461,-4.440892098500626e-16,0,0
100,250,0.06453060184189918,0.06672138303082603,0.05932963786189305,0.06457668748953438,-0.002190781188926849,-0.005247049627641331,0.04393708132624777,-0.049861782412435496,-0.11942189761491447,0.9602325326166727,0.9049411136484499,0.985,0.977,0.912,True,999,0.00011708296369761229,0.0008462090045213699,weak_2x2_bal_strong_100_250,weak_null,True,543,1907505461,-4.440892098500626e-16,0,0
100,250,0.08375841016500307,0.06522651688493752,0.07853107122581093,0.06312239631918715,0.018531893280065548,0.015408674906623787,0.046658061918014616,0.39718523483956386,0.3302467842256114,0.6912308695061079,0.7412134992185594,0.758,0.71,0.773,True,999,0.00011529203038662672,0.0008314590668305755,weak_2x2_bal_strong_100_250,weak_null,True,544,1907505461,-4.440892098500626e-16,0,0
100,250,0.04564337490516657,0.032335163937659395,0.04045645449031099,0.030232901910835608,0.013308210967507172,0.010223552579475381,0.0346065111112298,0.38455800773250043,0.29542280487667655,0.7005649107923212,0.7676709145183147,0.796,0.711,0.775,True,999,0.00011491600889712572,0.0008439579978585243,weak_2x2_bal_strong_100_250,weak_null,True,545,1907505461,-4.440892098500626e-16,0,0
100,250,0.035422020458493186,0.03730895568101156,0.030240250363220866,0.03518746400885675,-0.001886935222518371,-0.004947213645635884,0.03282750991560717,-0.057480303177709684,-0.15070328691862894,0.9541625959508062,0.8802097802651893,0.968,0.947,0.879,True,999,0.00011854199692606926,0.000842333072796464,weak_2x2_bal_strong_100_250,weak_null,True,546,1907505461,-4.440892098500626e-16,0,0
100,250,0.028318231835575802,0.006163081635538026,0.023136391982248483,0.0038732692929244195,0.022155150200037776,0.019263122689324064,0.02479402639595763,0.8935680653969904,0.7769259571517066,0.3715530390869628,0.4372024558580544,0.579,0.347,0.433,True,999,0.00011633301619440317,0.0008473750203847885,weak_2x2_bal_strong_100_250,weak_null,True,547,1907505461,-4.440892098500626e-16,0,0
100,250,0.04297030740593155,0.06667211809663681,0.03778631239838148,0.06456951477635187,-0.02370181069070526,-0.026783202377970383,0.038674880670959755,-0.6128476747570809,-0.692521913793037,0.5399770641969597,0.4886096290244084,0.651,0.547,0.496,True,999,0.00011558306869119406,0.0008415000047534704,weak_2x2_bal_strong_100_250,weak_null,True,548,1907505461,-4.440892098500626e-16,0,0
100,250,0.11037398393080611,0.05495039396697704,0.10513945511530665,0.05282482574655489,0.05542358996382907,0.05231462936875175,0.05032304581972769,1.1013560300458176,1.0395759739217398,0.2707417343088453,0.29853694407549525,0.374,0.283,0.314,True,999,0.00011908402666449547,0.0008866250282153487,weak_2x2_bal_strong_100_250,weak_null,True,549,1907505461,-4.440892098500626e-16,0,0
100,250,0.016173411198517784,0.07129317775629385,0.011009431570727202,0.06920491757031755,-0.05511976655777606,-0.058195485999590346,0.03158993200007761,-1.7448523332573378,-1.8422162478680666,0.08101057646875408,0.06544352472273206,0.254,0.09,0.083,True,999,0.00011454196646809578,0.0008202909957617521,weak_2x2_bal_strong_100_250,weak_null,True,550,1907505461,-4.440892098500626e-16,0,0
100,250,0.06995673275116676,0.035410549927382184,0.0647508827601797,0.033292185834170596,0.03454618282378458,0.03145869692600911,0.0409697848352055,0.8432112339066742,0.7678511628153958,0.39911031669131536,0.44257561449707195,0.515,0.409,0.446,True,999,0.00011091702617704868,0.0007953749736770988,weak_2x2_bal_strong_100_250,weak_null,True,551,1907505461,-4.440892098500626e-16,0,0
100,250,0.007229087764684783,0.06845435907272812,0.0020703576966241144,0.06633957892358922,-0.06122527130804334,-0.0642692212269651,0.029164936918802006,-2.099276658080914,-2.203646845041935,0.03579251982983724,0.027549190086635495,0.202,0.039,0.036,True,999,0.00011004193220287561,0.0007955830078572035,weak_2x2_bal_strong_100_250,weak_null,True,552,1907505461,-4.440892098500626e-16,0,0
100,250,0.038335244464583695,0.0669390473827653,0.033155994600974736,0.06483534609267849,-0.028603802918181598,-0.031679351491703756,0.03757023934413475,-0.7613420467241996,-0.8432033451138862,0.44645279261541904,0.39911472791662395,0.616,0.439,0.402,True,999,0.00010875007137656212,0.0008275420404970646,weak_2x2_bal_strong_100_250,weak_null,True,553,1907505461,-4.440892098500626e-16,0,0
100,250,0.05879172279147726,0.04934030064920847,0.053599990936902486,0.04721546706797142,0.009451422142268795,0.006384523868931069,0.04044049638424143,0.23371182322954273,0.15787451786617895,0.8152087083188095,0.8745556780186359,0.846,0.817,0.871,True,999,0.00011212495155632496,0.0008241250179708004,weak_2x2_bal_strong_100_250,weak_null,True,554,1907505461,-4.440892098500626e-16,0,0
100,250,0.022979168343198686,0.043632174552111935,0.017808977342284038,0.04151418075352353,-0.02065300620891325,-0.023705203411239495,0.03014070860183958,-0.6852196636031553,-0.7864846087192752,0.49320531735264417,0.4315836325865583,0.668,0.51,0.447,True,999,0.00011479097884148359,0.0008238330483436584,weak_2x2_bal_strong_100_250,weak_null,True,555,1907505461,-4.440892098500626e-16,0,0
100,250,0.04516710103441712,0.02142131576570888,0.039984297889105846,0.01928126096576932,0.02374578526870824,0.020703036923336526,0.032923958350758176,0.7212311780901467,0.6288137259431253,0.4707672921781614,0.5294710128737159,0.636,0.495,0.564,True,999,0.00011570809874683619,0.000820541987195611,weak_2x2_bal_strong_100_250,weak_null,True,556,1907505461,-4.440892098500626e-16,0,0
100,250,0.06679960076565294,0.10466798104253228,0.061577684701035196,0.10253351266807442,-0.03786838027687933,-0.04095582796703923,0.047230397418117166,-0.8017798355927734,-0.8671497638368152,0.422680324840611,0.3858599572305704,0.56,0.437,0.407,True,999,0.00011558400001376867,0.0008518750546500087,weak_2x2_bal_strong_100_250,weak_null,True,557,1907505461,-4.440892098500626e-16,0,0
100,250,0.020168903711830666,0.04040361732714659,0.015002401593903869,0.038258811371520096,-0.020234713615315925,-0.023256409777616227,0.029077238893626196,-0.695895290792257,-0.7998149295638277,0.48649440669026356,0.4238180317884187,0.688,0.519,0.453,True,999,0.00011954107321798801,0.0008641250897198915,weak_2x2_bal_strong_100_250,weak_null,True,558,1907505461,-4.440892098500626e-16,0,0
100,250,0.03399183196071365,0.06565435391471186,0.028815487930302197,0.06357201553549885,-0.03166252195399821,-0.03475652760519665,0.035773578577592585,-0.8850812027463921,-0.9715697726412816,0.37611283681557484,0.3312646263641904,0.507,0.342,0.307,True,999,0.00011091702617704868,0.0008032090263441205,weak_2x2_bal_strong_100_250,weak_null,True,559,1907505461,-4.440892098500626e-16,0,0
100,250,0.028773846255094826,0.07611944602871973,0.023602024761970597,0.07402098156426007,-0.0473455997736249,-0.05041895680228947,0.03609605694433942,-1.3116557259046997,-1.3967995695495534,0.1896363215114556,0.1624738517873101,0.374,0.233,0.19,True,999,0.0001326659694314003,0.0008037079824134707,weak_2x2_bal_strong_100_250,weak_null,True,560,1907505461,-4.440892098500626e-16,0,0
100,250,0.08045746664032816,0.05115393648868971,0.0752484053593605,0.049039975726344665,0.029303530151638446,0.02620842963301584,0.04490258618929882,0.6526022805925166,0.5836730544322596,0.5140127149295525,0.5594402993341407,0.637,0.551,0.572,True,999,0.00011066603474318981,0.0007965000113472342,weak_2x2_bal_strong_100_250,weak_null,True,561,1907505461,-4.440892098500626e-16,0,0
100,250,0.01560381534759514,0.05395644364803892,0.010436110789427744,0.05182332373378529,-0.03835262830044378,-0.04138721294435754,0.02990159681081515,-1.2826280998669597,-1.384113805232908,0.19962240065166525,0.1663236104099226,0.488,0.209,0.174,True,999,0.00010916695464402437,0.0007945840479806066,weak_2x2_bal_strong_100_250,weak_null,True,562,1907505461,-4.440892098500626e-16,0,0
100,250,0.061726457955049274,0.05127961213168178,0.056497963827467856,0.049121785831616194,0.010446845823367495,0.007376177995851663,0.041275032729576805,0.25310327169968566,0.17870798659757456,0.8001884107270631,0.8581669977446342,0.863,0.812,0.867,True,999,0.00010958302300423384,0.0008228329243138433,weak_2x2_bal_strong_100_250,weak_null,True,563,1907505461,-4.440892098500626e-16,0,0
100,250,0.08426216032541145,0.039023112721372266,0.07903737183559656,0.03689947542609673,0.045239047604039184,0.04213789640949983,0.044359507602899084,1.0198275420235416,0.9499180375650955,0.30781025853245836,0.3421539008361064,0.473,0.316,0.358,True,999,0.0001117499778047204,0.0008308750111609697,weak_2x2_bal_strong_100_250,weak_null,True,564,1907505461,-4.440892098500626e-16,0,0
100,250,0.02268168319153563,0.017643676754435123,0.017504928873421477,0.015539860355517021,0.005038006437100506,0.001965068517904456,0.02470157532644964,0.20395486403273938,0.07955235615278045,0.8383887707420228,0.9365932893383629,0.887,0.83,0.931,True,999,0.00011416710913181305,0.0008325000526383519,weak_2x2_bal_strong_100_250,weak_null,True,565,1907505461,-4.440892098500626e-16,0,0
100,250,0.036944118858446284,0.04716619391195315,0.0317579468193685,0.04502815309137986,-0.010222075053506863,-0.013270206272011364,0.03503793257517412,-0.29174309961283623,-0.3787382786795439,0.770483053267389,0.704882224989376,0.85,0.759,0.704,True,999,0.00011549994815140963,0.0008658330189064145,weak_2x2_bal_strong_100_250,weak_null,True,566,1907505461,-4.440892098500626e-16,0,0
100,250,0.023548064415132797,0.043311109020303384,0.018378452151807778,0.04117877081441179,-0.019763044605170588,-0.022800318662604013,0.0304977367406166,-0.6480167618094214,-0.7476069079001119,0.5169741090741993,0.4546972968057724,0.685,0.516,0.444,True,999,0.00012674997560679913,0.0008104579756036401,weak_2x2_bal_strong_100_250,weak_null,True,567,1907505461,-4.440892098500626e-16,0,0
100,250,0.03448819381301116,0.039744061648579965,0.029312193363125516,0.03763170058780929,-0.005255867835568806,-0.008319507224683775,0.03283266611517649,-0.1600804460146886,-0.2533911560973779,0.8728177043450316,0.7999659611243918,0.909,0.853,0.79,True,999,0.00011020805686712265,0.0007954169996082783,weak_2x2_bal_strong_100_250,weak_null,True,568,1907505461,-4.440892098500626e-16,0,0
100,250,0.039534547637448014,0.05604768591220727,0.03435537000655131,0.05393529652860707,-0.016513138274759254,-0.019579926522055757,0.03625349286715617,-0.45549096014743784,-0.5400838642997122,0.648756069596332,0.5891391979006041,0.734,0.638,0.573,True,999,0.00010924995876848698,0.0008064159192144871,weak_2x2_bal_strong_100_250,weak_null,True,569,1907505461,-4.440892098500626e-16,0,0
100,250,0.11232482825023848,0.021395855357546845,0.10704296726258633,0.019280544942745337,0.09092897289269164,0.087762422319841,0.04641988081829987,1.958836845114113,1.8906214486712527,0.05013189709371274,0.058674894976430574,0.098,0.056,0.065,True,999,0.00010933296289294958,0.0008334999438375235,weak_2x2_bal_strong_100_250,weak_null,True,570,1907505461,-4.440892098500626e-16,0,0
100,250,0.040850441342229815,0.04677631278567862,0.035661601299835866,0.04468324718969541,-0.005925871443448805,-0.009021645889859542,0.03523305600125908,-0.16819067421335915,-0.2560562980837412,0.866433277336857,0.7979073663196687,0.892,0.844,0.793,True,999,0.00011304102372378111,0.000800624955445528,weak_2x2_bal_strong_100_250,weak_null,True,571,1907505461,-4.440892098500626e-16,0,0
100,250,0.01858726842456848,0.036566933575977234,0.01341888991015594,0.03442973242066216,-0.017979665151408752,-0.021010842510506222,0.02768105231777768,-0.6495296835179066,-0.7590333730561382,0.5159960664897447,0.4478325933126486,0.685,0.491,0.433,True,999,0.00011008302681148052,0.0008288329700008035,weak_2x2_bal_strong_100_250,weak_null,True,572,1907505461,-4.440892098500626e-16,0,0
100,250,0.03759812200970136,0.132711616819629,0.03241069700501953,0.13057126029136157,-0.09511349480992765,-0.09816056328634204,0.044409229233124736,-2.1417506327487152,-2.2103640387688674,0.03221355392391876,0.027079907479642288,0.151,0.044,0.041,True,999,0.00011045904830098152,0.0008510419866070151,weak_2x2_bal_strong_100_250,weak_null,True,573,1907505461,-4.440892098500626e-16,0,0
100,250,0.02449100150881167,0.038350153265503284,0.019321222187500098,0.03622330935219509,-0.013859151756691612,-0.01690208716469499,0.0297394411386355,-0.46601923997444344,-0.5683390984350719,0.6412017288468964,0.5698047351862694,0.762,0.65,0.573,True,999,0.00010950001887977123,0.0008369589922949672,weak_2x2_bal_strong_100_250,weak_null,True,574,1907505461,-4.440892098500626e-16,0,0
100,250,0.03721406351323686,0.019993394346115634,0.03203140375200064,0.017891544369334156,0.017220669167121228,0.014139859382666486,0.03022587126408654,0.5697327635872751,0.46780651115480126,0.5688589646256874,0.6399229639305619,0.735,0.567,0.65,True,999,0.0001118748914450407,0.0008960000704973936,weak_2x2_bal_strong_100_250,weak_null,True,575,1907505461,-4.440892098500626e-16,0,0
100,250,0.027030093842124403,0.0277949292115226,0.021832780860862044,0.025697071532846394,-0.000764835369398198,-0.0038642906719843495,0.028207052145831385,-0.02711504078639533,-0.13699732435725082,0.9783679783588972,0.8910329100251051,0.99,0.984,0.897,True,999,0.00011725001968443394,0.0008110420312732458,weak_2x2_bal_strong_100_250,weak_null,True,576,1907505461,-4.440892098500626e-16,0,0
100,250,0.02797587320180761,0.03613538540031175,0.022802804366975238,0.03402767941938123,-0.008159512198504137,-0.011224875052405991,0.03024500766499881,-0.26978046389939503,-0.3711314996754336,0.7873291532896776,0.7105395904283383,0.867,0.793,0.716,True,999,0.000110417022369802,0.0007958329515531659,weak_2x2_bal_strong_100_250,weak_null,True,577,1907505461,-4.440892098500626e-16,0,0
100,250,0.024656174646824236,0.07327428482834175,0.019484350295542185,0.07113656578836469,-0.048618110181517515,-0.051652215492822506,0.03553710412940481,-1.3680943164214936,-1.4534728351735169,0.17128255553339833,0.14609251666049927,0.41,0.192,0.16,True,999,0.00010983401443809271,0.0008110839407891035,weak_2x2_bal_strong_100_250,weak_null,True,578,1907505461,-4.440892098500626e-16,0,0
100,250,0.08867575753133428,0.034728934583604765,0.08345952307644211,0.03256646168131283,0.05394682294772951,0.05089306139512928,0.04481067495870424,1.2038832933769639,1.135735211353775,0.22863468990955071,0.25606739934459677,0.394,0.235,0.259,True,999,0.00011945795267820358,0.0008266250370070338,weak_2x2_bal_strong_100_250,weak_null,True,579,1907505461,-4.440892098500626e-16,0,0
100,250,0.08789036834853692,0.04431817350562278,0.08265835934305699,0.0422224369744697,0.043572194842914136,0.040435922368587285,0.045238750720777,0.9631608775372866,0.8938337536809146,0.33546679489379394,0.37141084659091417,0.421,0.353,0.392,True,999,0.0001151250908151269,0.0008352079894393682,weak_2x2_bal_strong_100_250,weak_null,True,580,1907505461,-4.440892098500626e-16,0,0
100,250,0.03909782630882219,0.04934030064920847,0.033918385229867454,0.04721546706797142,-0.010242474340386276,-0.013297081838103963,0.03579245182857865,-0.2861629706017548,-0.37150519617342465,0.7747533034931919,0.7102612864538174,0.84,0.785,0.712,True,999,0.0001194169744849205,0.0008288329700008035,weak_2x2_bal_strong_100_250,weak_null,True,581,1907505461,-4.440892098500626e-16,0,0
100,250,0.05211170267878962,0.03103457025648254,0.04692500878186934,0.02893300990764658,0.021077132422307077,0.01799199887422276,0.03604623217731842,0.5847249809251787,0.4991367415522549,0.558732654098816,0.6176830553125114,0.697,0.576,0.645,True,999,0.00011237489525228739,0.0008170830551534891,weak_2x2_bal_strong_100_250,weak_null,True,582,1907505461,-4.440892098500626e-16,0,0
100,250,0.06548347911636176,0.0521742295976223,0.06028283510943311,0.050077550038437835,0.013309249518739463,0.010205285070995274,0.0417613795801372,0.318697553877499,0.24437135874335847,0.7499558697327353,0.8069432218590002,0.787,0.761,0.819,True,999,0.00010954204481095076,0.0008238329319283366,weak_2x2_bal_strong_100_250,weak_null,True,583,1907505461,-4.440892098500626e-16,0,0
100,250,0.056971381623922235,0.01670500706858441,0.05177894383153614,0.014556422238754863,0.040266374555337825,0.03722252159278128,0.03536401670863133,1.1386255946856276,1.0525535574610319,0.25485934842692914,0.29254565203979177,0.387,0.26,0.3,True,999,0.0001092089805752039,0.0008725420339033008,weak_2x2_bal_strong_100_250,weak_null,True,584,1907505461,-4.440892098500626e-16,0,0
100,250,0.038122618024880595,0.05985497854313809,0.032930063975499024,0.05773996371742385,-0.0217323605182575,-0.024809899741924824,0.03675627622271833,-0.5912557732065675,-0.6749840378713422,0.5543490580280246,0.4996859062871327,0.674,0.572,0.516,True,999,0.00011104193981736898,0.0007975420448929071,weak_2x2_bal_strong_100_250,weak_null,True,585,1907505461,-4.440892098500626e-16,0,0
100,250,0.0866728600207416,0.014797270172095645,0.08144614985695853,0.012616093928386363,0.07187558984864595,0.06883005592857216,0.04153279460413365,1.730574369813592,1.6572459567101148,0.08352770627599028,0.09746975864089177,0.177,0.091,0.109,True,999,0.00011033297050744295,0.0007969170110300183,weak_2x2_bal_strong_100_250,weak_null,True,586,1907505461,-4.440892098500626e-16,0,0
100,250,0.034206006545573486,0.071615713889293,0.02903104905192322,0.06949905233412323,-0.03740970734371951,-0.040468003282200016,0.03714453071342252,-1.0071390491467744,-1.0894740761276203,0.31386795825490743,0.2759448807415993,0.48,0.327,0.293,True,999,0.00010987499263137579,0.0007994580082595348,weak_2x2_bal_strong_100_250,weak_null,True,587,1907505461,-4.440892098500626e-16,0,0
100,250,0.11801620650141187,0.05395644364803892,0.11277583416959658,0.05182332373378529,0.06405976285337295,0.06095251043581129,0.051626862724958575,1.2408223059117591,1.1806355687451895,0.21467139915656464,0.2377475273269486,0.311,0.224,0.248,True,999,0.00010891701094806194,0.0008219999726861715,weak_2x2_bal_strong_100_250,weak_null,True,588,1907505461,-4.440892098500626e-16,0,0
100,250,0.1009690656286999,0.06375572587555117,0.09574070955159186,0.061645609119509004,0.03721333975314872,0.03409510043208286,0.04958744479911767,0.7504589095869459,0.6875752636620939,0.4529783626129782,0.49172028986370975,0.523,0.439,0.482,True,999,0.00011616700794547796,0.000827083014883101,weak_2x2_bal_strong_100_250,weak_null,True,589,1907505461,-4.440892098500626e-16,0,0
100,250,0.020168903711830666,0.027068945897595897,0.015002401593903869,0.024928002775567393,-0.006900042185765232,-0.009925601181663524,0.02624171846972693,-0.2629417045886413,-0.37823746920819734,0.7925955113377746,0.7052541929916127,0.888,0.793,0.706,True,999,0.00011654198169708252,0.0008199169533327222,weak_2x2_bal_strong_100_250,weak_null,True,590,1907505461,-4.440892098500626e-16,0,0
100,250,0.05230025100841673,0.010994746461165716,0.047112866505500506,0.008853901007313425,0.041305504547251015,0.03825896549818708,0.033150385684047004,1.2460037400749913,1.1541031788537677,0.21276302210661757,0.24845787028216215,0.371,0.22,0.264,True,999,0.00011183309834450483,0.0008520000847056508,weak_2x2_bal_strong_100_250,weak_null,True,591,1907505461,-4.440892098500626e-16,0,0
100,250,0.09279658593322038,0.05809673205686844,0.08757360426592697,0.055972449151127535,0.03469985387635194,0.03160115511479944,0.04789479194752562,0.7245016099948761,0.6598035784229364,0.46875783910950597,0.5093798866613284,0.58,0.478,0.515,True,999,0.0001128750154748559,0.0007973749889060855,weak_2x2_bal_strong_100_250,weak_null,True,592,1907505461,-4.440892098500626e-16,0,0
100,250,0.025697837848099314,0.027899956994370922,0.020512762218970693,0.02575414057636749,-0.0022021191462716083,-0.005241378357396798,0.028319221707087405,-0.07776058145413253,-0.18508200584075538,0.9380185029064306,0.8531647150323638,0.947,0.927,0.848,True,999,0.00010900001507252455,0.0008495419751852751,weak_2x2_bal_strong_100_250,weak_null,True,593,1907505461,-4.440892098500626e-16,0,0
100,250,0.1419535762057209,0.06219863629250977,0.13669046046263134,0.06008073608487052,0.07975493991321114,0.07660972437776081,0.05542640510687717,1.4389340199751715,1.3821882229243705,0.15016921759415156,0.16691391527473798,0.195,0.143,0.164,True,999,0.00011191703379154205,0.0008333750301972032,weak_2x2_bal_strong_100_250,weak_null,True,594,1907505461,-4.440892098500626e-16,0,0
100,250,0.12688218106657412,0.039351757756193095,0.12163132405912336,0.03722640832732793,0.08753042331038102,0.08440491573179543,0.05134094058816213,1.7048854638740925,1.6440079742375615,0.08821578792642168,0.10017455522039487,0.135,0.106,0.119,True,999,0.000112209003418684,0.0008391250157728791,weak_2x2_bal_strong_100_250,weak_null,True,595,1907505461,-4.440892098500626e-16,0,0
100,250,0.07784336282452398,0.05577001608876192,0.07259413330966424,0.053649113157149486,0.022073346735762056,0.018945020152514758,0.04463883229873954,0.4944875481517767,0.424406714443776,0.6209618981204168,0.6712692247689083,0.687,0.624,0.667,True,999,0.00011295906733721495,0.0008336249738931656,weak_2x2_bal_strong_100_250,weak_null,True,596,1907505461,-4.440892098500626e-16,0,0
100,250,0.05142768388279051,0.04101028930968531,0.0462399154987736,0.03889811381617392,0.010417394573105199,0.00734180168259968,0.03747516813589823,0.27798126309475213,0.19591110721573568,0.7810267420034486,0.8446797434334753,0.847,0.803,0.848,True,999,0.00011412508320063353,0.0008349999552592635,weak_2x2_bal_strong_100_250,weak_null,True,597,1907505461,-4.440892098500626e-16,0,0
100,250,0.0964656737433458,0.03916805723404804,0.09118976512313282,0.03705813004468439,0.057297616509297766,0.054131635078448426,0.045784472522003926,1.2514639429723833,1.1823142671881361,0.2107652608368995,0.23708102659438413,0.324,0.25,0.271,True,999,0.00011841696687042713,0.0008458750089630485,weak_2x2_bal_strong_100_250,weak_null,True,598,1907505461,-4.440892098500626e-16,0,0
100,250,0.10684208725377564,0.10149185520134046,0.10160707481718134,0.09939553984324334,0.005350232052435178,0.002211534973938001,0.05343115853713372,0.10013318443613496,0.04139036162581095,0.9202385903479535,0.9669846965225082,0.943,0.925,0.962,True,999,0.00011766701936721802,0.0008576250402256846,weak_2x2_bal_strong_100_250,weak_null,True,599,1907505461,-4.440892098500626e-16,0,0
100,250,0.02227406279154165,0.025630737203258036,0.017103125997195434,0.02349207830930311,-0.003356674411716387,-0.006388952312107676,0.026682599396551026,-0.12580012770983132,-0.23944265013900812,0.899890140679588,0.8107623616145495,0.939,0.896,0.831,True,999,0.00012033293023705482,0.000844125053845346,weak_2x2_bal_strong_100_250,weak_null,True,600,1907505461,-4.440892098500626e-16,0,0
100,250,0.03339837382168831,0.06042122684952006,0.02821908310569654,0.05830331910905784,-0.02702285302783175,-0.030084236003361298,0.035690743232263164,-0.7571389828442702,-0.8429142483131653,0.44896660130813837,0.39927640421233757,0.62,0.468,0.408,True,999,0.00011641602031886578,0.0008781249634921551,weak_2x2_bal_strong_100_250,weak_null,True,601,1907505461,-4.440892098500626e-16,0,0
100,250,0.02171366565558097,0.01100198442596112,0.016540932009760922,0.008778524404199572,0.010711681229619852,0.00776240760556135,0.023266607015241792,0.4603886257503169,0.33362868941209395,0.6452372974224296,0.7386597664794674,0.812,0.652,0.739,True,999,0.0001194999786093831,0.0008263749768957496,weak_2x2_bal_strong_100_250,weak_null,True,602,1907505461,-4.440892098500626e-16,0,0
100,250,0.08287268458737995,0.01134088257477206,0.07765384350888382,0.00919866943408465,0.07153180201260789,0.06845517407479917,0.04032684915708765,1.7738009169515245,1.6975086203274035,0.07609608641005222,0.08960054274457743,0.153,0.1,0.113,True,999,0.00010983308311551809,0.0007986670825630426,weak_2x2_bal_strong_100_250,weak_null,True,603,1907505461,-4.440892098500626e-16,0,0
100,250,0.16444990527072756,0.09119059403456908,0.1591607339197907,0.08906181586766593,0.07325931123615848,0.07009891805212476,0.06044181705097349,1.2120633496900892,1.1597751601843302,0.22548813180668148,0.24614035994750505,0.316,0.255,0.281,True,999,0.00010858301538974047,0.0008108749752864242,weak_2x2_bal_strong_100_250,weak_null,True,604,1907505461,-4.440892098500626e-16,0,0
100,250,0.009967126245985392,0.08804405506974583,0.004806540328729625,0.0859053892372259,-0.07807692882376044,-0.08109884890849628,0.03276378801740157,-2.3830250880115593,-2.475258625938579,0.01717102407250996,0.013313972398562654,0.132,0.024,0.019,True,999,0.00010829104576259851,0.0008332080906257033,weak_2x2_bal_strong_100_250,weak_null,True,605,1907505461,-4.440892098500626e-16,0,0
100,250,0.009635268634345717,0.03778897476275844,0.004469535408702541,0.035689920259571295,-0.028153706128412725,-0.031220384850868754,0.023890012244020636,-1.1784718166253447,-1.3068383779787647,0.23860856163719468,0.19126760801611087,0.48,0.247,0.205,True,999,0.00010891701094806194,0.0008367090485990047,weak_2x2_bal_strong_100_250,weak_null,True,606,1907505461,-4.440892098500626e-16,0,0
100,250,0.024947627515162663,0.0498115940244131,0.01977607778650281,0.04771787936989824,-0.024863966509250435,-0.02794180158339543,0.03132365811686455,-0.793775950959692,-0.8920350707170968,0.42732587541785994,0.37237413482652093,0.589,0.41,0.363,True,999,0.00011000002268701792,0.0008492500055581331,weak_2x2_bal_strong_100_250,weak_null,True,607,1907505461,-4.440892098500626e-16,0,0
100,250,0.07385998717818298,0.025139125842670085,0.06865730333458941,0.02305198111862694,0.0487208613355129,0.045605322215962474,0.040101373576941525,1.2149424568221678,1.1372508756703972,0.22438803917709715,0.25543342431323857,0.304,0.211,0.244,True,999,0.00010958302300423384,0.0008467918960377574,weak_2x2_bal_strong_100_250,weak_null,True,608,1907505461,-4.440892098500626e-16,0,0
100,250,0.01287623345914679,0.06265066817066,0.00771415638007511,0.06053034017455161,-0.049774434711513216,-0.0528161837944765,0.030150725185073543,-1.6508536496546562,-1.7517384232145683,0.09876846215742861,0.07981879672314161,0.282,0.114,0.098,True,999,0.00011308304965496063,0.0008460830431431532,weak_2x2_bal_strong_100_250,weak_null,True,609,1907505461,-4.440892098500626e-16,0,0
100,250,0.04620082918151336,0.054124052069173145,0.04101419296897291,0.052003104721848104,-0.007923222887659787,-0.010988911752875197,0.03807267276352654,-0.20810787140876014,-0.28862990053596993,0.835144741216822,0.7728646115515921,0.875,0.833,0.763,True,999,0.00011112494394183159,0.0008980000857263803,weak_2x2_bal_strong_100_250,weak_null,True,610,1907505461,-4.440892098500626e-16,0,0
100,250,0.03399183196071365,0.05306163494883487,0.028815487930302197,0.050971683803254564,-0.01906980298812122,-0.022156195872952367,0.03430326282627141,-0.5559180502653662,-0.6458917912608557,0.5782668781743718,0.5183494361316191,0.7,0.596,0.543,True,999,0.00011333299335092306,0.0007949169958010316,weak_2x2_bal_strong_100_250,weak_null,True,611,1907505461,-4.440892098500626e-16,0,0
100,250,0.0892511403303553,0.034728934583604765,0.08403255677333732,0.03256646168131283,0.05452220574675054,0.05146609509202449,0.044896790576885906,1.214389827116508,1.1463201362665028,0.22459889822743817,0.25166271414923636,0.348,0.216,0.25,True,999,0.00010912492871284485,0.0008369169663637877,weak_2x2_bal_strong_100_250,weak_null,True,612,1907505461,-4.440892098500626e-16,0,0
100,250,0.07385998717818298,0.03860236532370698,0.06865730333458941,0.03646053238342972,0.03525762185447601,0.03219677095115969,0.042344214204534596,0.8326431961677614,0.7603582108204945,0.40504598953612103,0.4470404953635958,0.523,0.386,0.438,True,999,0.0001147089060395956,0.0007997499778866768,weak_2x2_bal_strong_100_250,weak_null,True,613,1907505461,-4.440892098500626e-16,0,0
100,250,0.07844610104900773,0.02546413573129863,0.0732354253881482,0.02334364509322029,0.0529819653177091,0.04989178029492791,0.04139348588080405,1.279959012639695,1.2053051158483101,0.20055955133098968,0.22808553539746967,0.348,0.217,0.25,True,999,0.00010983401443809271,0.0007980840746313334,weak_2x2_bal_strong_100_250,weak_null,True,614,1907505461,-4.440892098500626e-16,0,0
100,250,0.02440927043779595,0.029364099846483138,0.019240497564368297,0.027185860626474323,-0.004954829408687189,-0.007945363062106026,0.02851083845190206,-0.17378757264701328,-0.27867868829988623,0.8620324113651658,0.7804914191035011,0.923,0.866,0.766,True,999,0.00010800000745803118,0.000798832974396646,weak_2x2_bal_strong_100_250,weak_null,True,615,1907505461,-4.440892098500626e-16,0,0
100,250,0.026455496327183914,0.04495727175295172,0.02128106559686671,0.042851009591970524,-0.018501775425767808,-0.021569943995103813,0.03129368867183849,-0.5912302515624419,-0.6892745761388885,0.5543661558550155,0.49065049395288507,0.729,0.561,0.509,True,999,0.00011012505274266005,0.0008162918966263533,weak_2x2_bal_strong_100_250,weak_null,True,616,1907505461,-4.440892098500626e-16,0,0
100,250,0.05113387979598527,0.06501301757684225,0.04593024971897819,0.06288980406172584,-0.013879137780856976,-0.01695955434274765,0.040547769707671585,-0.3422910281112468,-0.4182610896978367,0.7321318867830111,0.6757562351012572,0.813,0.756,0.689,True,999,0.00011016707867383957,0.0008166669867932796,weak_2x2_bal_strong_100_250,weak_null,True,617,1907505461,-4.440892098500626e-16,0,0
100,250,0.07078772604321837,0.051871361473171174,0.06558415920513028,0.04977035670709995,0.018916364570047195,0.015813802498030327,0.04280810066702073,0.44188749968578545,0.36941144903943957,0.6585706166928931,0.7118210654671686,0.733,0.655,0.716,True,999,0.00010933296289294958,0.00082633295096457,weak_2x2_bal_strong_100_250,weak_null,True,618,1907505461,-4.440892098500626e-16,0,0
100,250,0.10050873078459577,0.012448540274046849,0.09528447181347133,0.01030149651815293,0.08806019051054892,0.0849829752953184,0.04388866213176437,2.0064450870288764,1.9363309603783083,0.04480878197875662,0.052827179214790604,0.072,0.043,0.049,True,999,0.00011370796710252762,0.0008535840315744281,weak_2x2_bal_strong_100_250,weak_null,True,619,1907505461,-4.440892098500626e-16,0,0
100,250,0.0682462026440388,0.06480497166842258,0.06303453118906077,0.06268042970802412,0.0034412309756162163,0.0003541014810366505,0.04379477126135898,0.0785762975008956,0.008085473923894687,0.9373696410877487,0.9935487954805563,0.947,0.931,0.993,True,999,0.00011445803102105856,0.0008047909941524267,weak_2x2_bal_strong_100_250,weak_null,True,620,1907505461,-4.440892098500626e-16,0,0
100,250,0.007050158551725971,0.027068945897595897,0.0018897223110485584,0.024928002775567393,-0.020018787345869926,-0.023038280464518834,0.02082022349973359,-0.9615068419474979,-1.106533773031477,0.3362973869796151,0.26849555438181716,0.642,0.343,0.267,True,999,0.00011070806067436934,0.0008005419513210654,weak_2x2_bal_strong_100_250,weak_null,True,621,1907505461,-4.440892098500626e-16,0,0
100,250,0.039073654577704064,0.1182436477404365,0.033883733710652564,0.11607704271098385,-0.07916999316273243,-0.08219330900033128,0.0436497615488532,-1.813755456009185,-1.8830185110711268,0.06971538309678356,0.05969785938393885,0.204,0.088,0.075,True,999,0.00010995811317116022,0.0008102080319076777,weak_2x2_bal_strong_100_250,weak_null,True,622,1907505461,-4.440892098500626e-16,0,0
100,250,0.07188236839680184,0.05058855179299321,0.06667912661824005,0.04848575579393355,0.021293816603808635,0.0181933708243065,0.043028059973335524,0.4948820982634218,0.42282572896804843,0.6206833479291173,0.6724224142689451,0.684,0.64,0.666,True,999,0.0001129580195993185,0.0008307920070365071,weak_2x2_bal_strong_100_250,weak_null,True,623,1907505461,-4.440892098500626e-16,0,0
100,250,0.010232258973874697,0.04507076353146061,0.005070424902925197,0.04295263464163668,-0.034838504557585914,-0.03788220973871148,0.026071616461773067,-1.3362617775797332,-1.4530057924968112,0.18146372501683572,0.14622214572788128,0.439,0.191,0.166,True,999,0.00011337501928210258,0.0007954579778015614,weak_2x2_bal_strong_100_250,weak_null,True,624,1907505461,-4.440892098500626e-16,0,0
100,250,0.00526544778504523,0.025667178411659608,9.642783933827559e-05,0.023541661338057907,-0.02040173062661438,-0.02344523349871963,0.01920706917792992,-1.0621990496112335,-1.2206564823361814,0.28814533121576646,0.22221611107489925,0.57,0.298,0.229,True,999,0.00011054100468754768,0.0008162920130416751,weak_2x2_bal_strong_100_250,weak_null,True,625,1907505461,-4.440892098500626e-16,0,0
100,250,0.06833399126600037,0.043190884049615186,0.06312943401744064,0.041075003743671346,0.025143107216385185,0.0220544302737693,0.04149170646938985,0.6059791065699912,0.5315382795846144,0.5445286274249888,0.5950458221055008,0.651,0.55,0.61,True,999,0.00011662498582154512,0.0008203330216929317,weak_2x2_bal_strong_100_250,weak_null,True,626,1907505461,-4.440892098500626e-16,0,0
100,250,0.060244385944802414,0.040904178379106704,0.05504804486290027,0.03880304890117259,0.01934020756569571,0.016244995961727682,0.039305940479846216,0.49204286501202626,0.4132962031542577,0.6226890412896122,0.6793896113148508,0.732,0.64,0.688,True,999,0.00010825006756931543,0.0008266250370070338,weak_2x2_bal_strong_100_250,weak_null,True,627,1907505461,-4.440892098500626e-16,0,0
100,250,0.0673692784046086,0.07204477466508158,0.06216442420372914,0.0699354798879881,-0.004675496260472978,-0.007771055684258954,0.044532544561805464,-0.1049905480694908,-0.17450284417216996,0.916383308815319,0.8614702957352299,0.933,0.923,0.847,True,999,0.00011583301238715649,0.0008667500223964453,weak_2x2_bal_strong_100_250,weak_null,True,628,1907505461,-4.440892098500626e-16,0,0
100,250,0.04388246162218301,0.07896551899499338,0.038698974724681534,0.07687678148512589,-0.03508305737281037,-0.038177806760444355,0.03984474813364588,-0.8804938923226716,-0.9581640880848254,0.37859181242669426,0.33798002283901263,0.5,0.42,0.359,True,999,0.00011091702617704868,0.0008027500007301569,weak_2x2_bal_strong_100_250,weak_null,True,629,1907505461,-4.440892098500626e-16,0,0
100,250,0.028513751910929308,0.08763193438837635,0.02334113858182718,0.08552076115591944,-0.059118182477447045,-0.062179622574092264,0.037709419210852586,-1.567729859398978,-1.6489148832129792,0.11694419010017115,0.09916507359937689,0.276,0.124,0.108,True,999,0.00010891607962548733,0.0008162501035258174,weak_2x2_bal_strong_100_250,weak_null,True,630,1907505461,-4.440892098500626e-16,0,0
100,250,0.06003948229975331,0.016883077288865123,0.05484306698551222,0.014733617120356257,0.04315640501088819,0.040109449865155966,0.03608280654942447,1.196037923263387,1.1115945155268339,0.2316817603207555,0.26631253170483615,0.383,0.234,0.268,True,999,0.00011579191777855158,0.0008139580022543669,weak_2x2_bal_strong_100_250,weak_null,True,631,1907505461,-4.440892098500626e-16,0,0
100,250,0.004881541615908813,0.034248753622727,-0.0002768280315024185,0.03214373823111316,-0.02936721200681819,-0.03242056626261558,0.02111702353792985,-1.3906889838934717,-1.535281059112455,0.1643197595705641,0.12471480464767785,0.436,0.16,0.132,True,999,0.00011520797852426767,0.000821624998934567,weak_2x2_bal_strong_100_250,weak_null,True,632,1907505461,-4.440892098500626e-16,0,0
100,250,0.052261794041927656,0.041938540207481334,0.04706800928239829,0.03982216644800474,0.010323253834446322,0.007245842834393557,0.037774529707868314,0.2732860981799602,0.19181821429491605,0.7846333007912037,0.8478846029534207,0.842,0.782,0.841,True,999,0.00011908297892659903,0.000847957911901176,weak_2x2_bal_strong_100_250,weak_null,True,633,1907505461,-4.440892098500626e-16,0,0
100,250,0.05075125708135153,0.028034019522223674,0.045563182125860635,0.025857884745377646,0.022717237559127856,0.01970529738048299,0.03581177129301167,0.6343511292210479,0.5502463762335121,0.525851695756328,0.5821503985966896,0.65,0.529,0.588,True,999,0.00011162494774907827,0.000809708028100431,weak_2x2_bal_strong_100_250,weak_null,True,634,1907505461,-4.440892098500626e-16,0,0
100,250,0.03084106716329471,0.05358548721288231,0.025661295052202604,0.051467378820731824,-0.0227444200495876,-0.02580608376852922,0.03406538807186566,-0.6676694832187172,-0.7575455683665692,0.5043445938252259,0.44872307638841125,0.677,0.497,0.435,True,999,0.00010966602712869644,0.0007964170072227716,weak_2x2_bal_strong_100_250,weak_null,True,635,1907505461,-4.440892098500626e-16,0,0
100,250,0.03711560428004501,0.04458754815577709,0.0319295410366891,0.04249090736820449,-0.007471943875732079,-0.010561366331515387,0.03403406329618023,-0.21954310335230184,-0.31031752628551784,0.8262270071195703,0.7563195045194857,0.869,0.821,0.769,True,999,0.00010895892046391964,0.0008444999111816287,weak_2x2_bal_strong_100_250,weak_null,True,636,1907505461,-4.440892098500626e-16,0,0
100,250,0.03505830987020098,0.0545431383166165,0.029880180440130744,0.05239387465157108,-0.019484828446415525,-0.022513694211440338,0.03550964055213294,-0.5487193940419974,-0.6340163927704985,0.5831980346233541,0.5260701240162252,0.706,0.574,0.508,True,999,0.00013404199853539467,0.0008233749540522695,weak_2x2_bal_strong_100_250,weak_null,True,637,1907505461,-4.440892098500626e-16,0,0
100,250,0.0394844185848664,0.050861265155215774,0.03428352832857229,0.048751152181353063,-0.011376846570349375,-0.014467623852780775,0.035560245871506954,-0.3199316059697214,-0.4068482514169881,0.7490201779712504,0.6841194453339745,0.839,0.757,0.688,True,999,0.00011170795187354088,0.0008091669296845794,weak_2x2_bal_strong_100_250,weak_null,True,638,1907505461,-4.440892098500626e-16,0,0
100,250,0.02426508867076016,0.066705357177205,0.019096178238271477,0.06458981005891928,-0.042440268506444834,-0.045493631820647806,0.03402616584950327,-1.2472833023314143,-1.3370190465145206,0.21229363774746224,0.18121641978630365,0.395,0.221,0.191,True,999,0.00011270900722593069,0.0008032090263441205,weak_2x2_bal_strong_100_250,weak_null,True,639,1907505461,-4.440892098500626e-16,0,0
100,250,0.028100326240219742,0.025516490864450347,0.022879324885167307,0.02335212847860646,0.0025838353757693944,-0.0004728035934391528,0.028638017353355354,0.09022396152248512,-0.016509648262495975,0.9281092434367748,0.9868278049373305,0.964,0.928,0.987,True,999,0.00010912504512816668,0.000810125027783215,weak_2x2_bal_strong_100_250,weak_null,True,640,1907505461,-4.440892098500626e-16,0,0
100,250,0.06617185638282819,0.050861265155215774,0.06097514953060568,0.048751152181353063,0.015310591227612413,0.012223997349252613,0.041811012893708144,0.36618560919667176,0.2923631001317387,0.7142265797654141,0.7700090181334841,0.776,0.713,0.785,True,999,0.00011625001206994057,0.0008245420176535845,weak_2x2_bal_strong_100_250,weak_null,True,641,1907505461,-4.440892098500626e-16,0,0
100,250,0.11125010421168502,0.08153336314202075,0.10600933438439597,0.07940706733241143,0.029716741069664265,0.02660226705198454,0.05291094728903035,0.561636912439578,0.5027743485042423,0.5743634255949017,0.6151229304287953,0.644,0.554,0.587,True,999,0.00011795805767178535,0.0008337910985574126,weak_2x2_bal_strong_100_250,weak_null,True,642,1907505461,-4.440892098500626e-16,0,0
100,250,0.0794334979139697,0.06343784095236688,0.07422418315684354,0.061356834471354205,0.015995656961602822,0.012867348685489333,0.04544104920684743,0.35200897076101106,0.2831657479323865,0.7248315348272865,0.7770497834284684,0.756,0.743,0.769,True,999,0.00011795794125646353,0.000839291955344379,weak_2x2_bal_strong_100_250,weak_null,True,643,1907505461,-4.440892098500626e-16,0,0
100,250,0.08289756095211143,0.052161475297568316,0.07768458302194858,0.05004250812783084,0.03073608565454311,0.02764207489411774,0.04540030832283635,0.677001694261245,0.6088521403325753,0.49840487939906797,0.5426224496118793,0.567,0.488,0.524,True,999,0.00011641706805676222,0.0008463750127702951,weak_2x2_bal_strong_100_250,weak_null,True,644,1907505461,-4.440892098500626e-16,0,0
100,250,0.04341970558965946,0.05660029740726491,0.038225549272752346,0.05444113440790943,-0.013180591817605447,-0.016215585135157085,0.03830919762316696,-0.3440581540563164,-0.4232817741228528,0.7308025520722727,0.672089690297987,0.834,0.731,0.672,True,999,0.00011158292181789875,0.0008904580026865005,weak_2x2_bal_strong_100_250,weak_null,True,645,1907505461,-4.440892098500626e-16,0,0
100,250,0.04009731295698882,0.08718186588824461,0.034896621103357006,0.085048930811638,-0.047084552931255796,-0.050152309708280995,0.04100422063946959,-1.148285522733078,-1.2231011570551762,0.2508507136239696,0.22129149166979556,0.464,0.283,0.252,True,999,0.00013833295088261366,0.0008239999879151583,weak_2x2_bal_strong_100_250,weak_null,True,646,1907505461,-4.440892098500626e-16,0,0
100,250,0.03909782630882219,0.04297293301874816,0.03391838522981061,0.04085806636005884,-0.0038751067099259684,-0.006939681130248232,0.03469527782706929,-0.11168974432891286,-0.20001803025868511,0.9110694112880113,0.841466479945361,0.942,0.922,0.861,True,999,0.00011120899580419064,0.0008425000123679638,weak_2x2_bal_strong_100_250,weak_null,True,647,1907505461,-4.440892098500626e-16,0,0
100,250,0.044902570079585646,0.059872209559916234,0.039715261814606606,0.05770492846920661,-0.014969639480330588,-0.0179896666546,0.03882157291363727,-0.3856010552079419,-0.4633935542647881,0.6997921516142526,0.6430822980319457,0.795,0.706,0.661,True,999,0.00011233298573642969,0.0008434160845354199,weak_2x2_bal_strong_100_250,weak_null,True,648,1907505461,-4.440892098500626e-16,0,0
100,250,0.08209242490492885,0.01903273858296417,0.07688264482766272,0.016919908780295145,0.06305968632196468,0.05996273604736757,0.0411611059661386,1.5320211846066785,1.456781460068061,0.1255172071399808,0.14517671520321354,0.208,0.136,0.167,True,999,0.00010908395051956177,0.000845458940602839,weak_2x2_bal_strong_100_250,weak_null,True,649,1907505461,-4.440892098500626e-16,0,0
100,250,0.04606453410618794,0.017914005481375006,0.040880754384517104,0.01572594383287651,0.02815052862481293,0.025154810551640594,0.032788150956381636,0.8585579791389221,0.7671921050108699,0.39058442984529396,0.4429673062386179,0.567,0.397,0.444,True,999,0.00011083390563726425,0.0008525839075446129,weak_2x2_bal_strong_100_250,weak_null,True,650,1907505461,-4.440892098500626e-16,0,0
100,250,0.10918594307980245,0.06419935237522678,0.10395432219965528,0.06204435188902835,0.04498659070457567,0.04190997031062693,0.051547929856670616,0.8727138185696536,0.813029163870555,0.38281908380889473,0.41620133754228483,0.513,0.401,0.432,True,999,0.0001130829332396388,0.0008572910446673632,weak_2x2_bal_strong_100_250,weak_null,True,651,1907505461,-4.440892098500626e-16,0,0
100,250,0.03848848195167354,0.019535518684772768,0.033308664659855935,0.017347568331032903,0.01895296326690077,0.015961096328823032,0.0309896325795367,0.6115904478136965,0.5150463235683078,0.540808759584167,0.6065206499066165,0.714,0.561,0.619,True,999,0.00011000002268701792,0.0008532080100849271,weak_2x2_bal_strong_100_250,weak_null,True,652,1907505461,-4.440892098500626e-16,0,0
100,250,0.04598985494114549,0.12223534310996842,0.04080015623117106,0.12009956721671244,-0.07624548816882293,-0.07929941098554139,0.04521131513196334,-1.6864249125750195,-1.7539726671095786,0.09171398638194576,0.07943519073812472,0.207,0.112,0.107,True,999,0.00011091702617704868,0.0008523339638486505,weak_2x2_bal_strong_100_250,weak_null,True,653,1907505461,-4.440892098500626e-16,0,0
100,250,0.05075125708135153,0.018153612500345584,0.045563182125860635,0.016025107333163646,0.03259764458100595,0.02953807479269699,0.033904006745849626,0.9614687970470157,0.8712266669281767,0.33631650719720274,0.38363040213891475,0.469,0.33,0.382,True,999,0.00011316698510199785,0.000869374955072999,weak_2x2_bal_strong_100_250,weak_null,True,654,1907505461,-4.440892098500626e-16,0,0
100,250,0.05172414008263515,0.05764431663370917,0.04653727643929528,0.055531721924509725,-0.005920176551074019,-0.008994445485214442,0.0397146262295561,-0.14906791560506122,-0.22647690131150391,0.8815000426197909,0.820830522623477,0.907,0.876,0.832,True,999,0.00011466594878584146,0.0007972921011969447,weak_2x2_bal_strong_100_250,weak_null,True,655,1907505461,-4.440892098500626e-16,0,0
100,250,0.05131293593563868,0.034174047713062816,0.04612276262523096,0.0320559038938768,0.017138888222575865,0.01406685873135416,0.036483061681363095,0.46977658761931834,0.3855723199497819,0.6385146430649775,0.6998134364520043,0.751,0.641,0.697,True,999,0.00011074997019022703,0.0008033330086618662,weak_2x2_bal_strong_100_250,weak_null,True,656,1907505461,-4.440892098500626e-16,0,0
100,250,0.04606453410618794,0.07548120990084067,0.040880754384517104,0.07337756366987946,-0.029416675794652736,-0.03249680928536236,0.04011116924613033,-0.7333786660305512,-0.8101685863594575,0.4633275073982418,0.4178432894066362,0.581,0.446,0.411,True,999,0.00010950001887977123,0.0008091250201687217,weak_2x2_bal_strong_100_250,weak_null,True,657,1907505461,-4.440892098500626e-16,0,0
100,250,0.024656174646824236,0.0918482849216159,0.019484350295542185,0.0897273642256522,-0.06719211027479166,-0.07024301393011001,0.03727702163340983,-1.8025074786170736,-1.8843515616911342,0.07146559914025163,0.05951743721787171,0.252,0.089,0.073,True,999,0.00010933296289294958,0.0008234999841079116,weak_2x2_bal_strong_100_250,weak_null,True,658,1907505461,-4.440892098500626e-16,0,0
100,250,0.047409059670513676,0.042683686456294556,0.04222012341793402,0.040563683376603876,0.00472537321421912,0.0016564400413301428,0.036783946205056164,0.12846292205509996,0.04503160243047701,0.8977826389711862,0.9640821193996354,0.937,0.906,0.947,True,999,0.00011429190635681152,0.0008352909935638309,weak_2x2_bal_strong_100_250,weak_null,True,659,1907505461,-4.440892098500626e-16,0,0
100,250,0.03848848195167354,0.05097272296039185,0.03330866465979909,0.048875030871016634,-0.012484241008718311,-0.015566366211217542,0.03530774822305751,-0.3535836080468466,-0.4408767761930516,0.7236509606665393,0.6593022073895998,0.837,0.72,0.638,True,999,0.00011224998161196709,0.0008442921098321676,weak_2x2_bal_strong_100_250,weak_null,True,660,1907505461,-4.440892098500626e-16,0,0
100,250,0.1438157650294254,0.024524892961373224,0.13854599902136044,0.02238692396377928,0.11929087206805217,0.11615907505758116,0.05196432421834378,2.2956302013438217,2.2353619873801067,0.021697034420982808,0.025393593555912884,0.042,0.026,0.032,True,999,0.00011229200754314661,0.0008367920527234674,weak_2x2_bal_strong_100_250,weak_null,True,661,1907505461,-4.440892098500626e-16,0,0
100,250,0.02988796993550691,0.07543575555025989,0.024707448590191916,0.07332221638655767,-0.04554778561475298,-0.048614767796365754,0.03636827570363851,-1.2524043203454953,-1.3367355712028446,0.21042257284495502,0.18130896647092976,0.401,0.223,0.2,True,999,0.00010933296289294958,0.0008812079904600978,weak_2x2_bal_strong_100_250,weak_null,True,662,1907505461,-4.440892098500626e-16,0,0
100,250,0.0679049242017109,0.08763193438837635,0.06270023609739894,0.08552076115591944,-0.01972701018666545,-0.022820525058520502,0.04613308007718137,-0.4276109497493306,-0.49466727607047706,0.6689343926230887,0.6208350044642577,0.738,0.668,0.597,True,999,0.00012508302461355925,0.0008557919645681977,weak_2x2_bal_strong_100_250,weak_null,True,663,1907505461,-4.440892098500626e-16,0,0
100,250,0.06548347911636176,0.039744061648579965,0.06028283510943311,0.03763170058780929,0.0257394174677818,0.022651134521623817,0.04044301806083618,0.636436613831921,0.5600752764680167,0.524491882867099,0.5754280933355163,0.646,0.55,0.605,True,999,0.00011320796329528093,0.0008380829822272062,weak_2x2_bal_strong_100_250,weak_null,True,664,1907505461,-4.440892098500626e-16,0,0
100,250,0.01560381534759514,0.07057480242139647,0.010436110789427744,0.06846328301875815,-0.054970987073801325,-0.058027172229330404,0.031909833357088954,-1.7226974036073806,-1.8184730575046808,0.08494326011099891,0.06899186100986349,0.315,0.091,0.074,True,999,0.0001101659145206213,0.0008600420551374555,weak_2x2_bal_strong_100_250,weak_null,True,665,1907505461,-4.440892098500626e-16,0,0
100,250,0.04725555557675609,0.060748811885033005,0.04206490692027387,0.05861935005508201,-0.013493256308276913,-0.01655444313480814,0.039356035096979755,-0.3428510081116481,-0.42063289897001216,0.7317105500924461,0.6740231664335504,0.814,0.739,0.689,True,999,0.00010987499263137579,0.00084687490016222,weak_2x2_bal_strong_100_250,weak_null,True,666,1907505461,-4.440892098500626e-16,0,0
100,250,0.15674475073462923,0.05071675689683758,0.15137695696233777,0.048629360609979244,0.10602799383779166,0.10274759635235853,0.0549978275810313,1.9278578536865811,1.8682119071153291,0.053872809296816156,0.06173253974530336,0.106,0.086,0.096,True,999,0.00011125009041279554,0.0008547499310225248,weak_2x2_bal_strong_100_250,weak_null,True,667,1907505461,-4.440892098500626e-16,0,0
100,250,0.028899737350249977,0.05798589300258533,0.023727442927850007,0.05585169318725036,-0.029086155652335355,-0.032124250259400355,0.03424757813299413,-0.8492908765514645,-0.9380006415242496,0.39571945625682037,0.34824408042315447,0.569,0.4,0.353,True,999,0.00011212506797164679,0.0008416250348091125,weak_2x2_bal_strong_100_250,weak_null,True,668,1907505461,-4.440892098500626e-16,0,0
100,250,0.07848174596893054,0.08107622054410041,0.07325830271493317,0.07899164684134519,-0.0025944745751698695,-0.005733344126412021,0.0467897129780701,-0.055449679214443465,-0.12253428716477029,0.9557802183969184,0.9024758933467418,0.952,0.932,0.895,True,999,0.00011579191777855158,0.0008518750546500087,weak_2x2_bal_strong_100_250,weak_null,True,669,1907505461,-4.440892098500626e-16,0,0
100,250,0.10912742687254284,0.039821466048663656,0.10384518267602516,0.03771961815868963,0.06930596082387919,0.06612556451733553,0.0479625471953532,1.4450016706075572,1.378691674735366,0.14845741638649057,0.16798983745146012,0.205,0.164,0.179,True,999,0.0001133340410888195,0.0008422919781878591,weak_2x2_bal_strong_100_250,weak_null,True,670,1907505461,-4.440892098500626e-16,0,0
100,250,0.07341972240158146,0.03005136031866784,0.06821691751432013,0.027924010190915283,0.043368362082913614,0.04029290732340485,0.04096836822940825,1.0585816315667311,0.9835126236363367,0.2897903559201571,0.3253552054495752,0.452,0.294,0.333,True,999,0.00011529203038662672,0.000869082985445857,weak_2x2_bal_strong_100_250,weak_null,True,671,1907505461,-4.440892098500626e-16,0,0
100,250,0.06607918563312642,0.040904178379106704,0.060881532323605825,0.03880304890117259,0.02517500725401972,0.022078483422433237,0.04061013624093136,0.6199193005574204,0.543669277331311,0.5353109181913535,0.5866690776387555,0.673,0.554,0.605,True,999,0.00012075004633516073,0.0008058330276980996,weak_2x2_bal_strong_100_250,weak_null,True,672,1907505461,-4.440892098500626e-16,0,0
100,250,0.16699748090344912,0.04948256727159106,0.16169943263815867,0.04740754926274349,0.11751491363185806,0.11429188337541518,0.056715344623529146,2.072012687428957,2.0151844996107036,0.03826425800419702,0.043885321021279074,0.038,0.037,0.041,True,999,0.00011108396574854851,0.0008289589313790202,weak_2x2_bal_strong_100_250,weak_null,True,673,1907505461,-4.440892098500626e-16,0,0
100,250,0.0465733363308064,0.03860236532370698,0.0413868864686151,0.03646053238342972,0.007970971007099426,0.00492635408518538,0.03623326877595232,0.21999039215555632,0.13596217651924783,0.8258786373729601,0.8918511820061874,0.876,0.819,0.896,True,999,0.00011641602031886578,0.0007978340145200491,weak_2x2_bal_strong_100_250,weak_null,True,674,1907505461,-4.440892098500626e-16,0,0
100,250,0.0927965859332206,0.02711429346287561,0.0875736042659696,0.024945847213516004,0.06568229247034499,0.0626277570524536,0.04451560466167999,1.475489167664519,1.406871984070003,0.14008107842054532,0.15946535241736937,0.288,0.161,0.194,True,999,0.00011104193981736898,0.000801415997557342,weak_2x2_bal_strong_100_250,weak_null,True,675,1907505461,-4.440892098500626e-16,0,0
100,250,0.044568752155514924,0.060748683212131005,0.03937746331514802,0.058644015855037424,-0.01617993105661608,-0.019266552539889403,0.038437141384745466,-0.42094522312831006,-0.5012483198746854,0.673795081392969,0.6161963716460566,0.769,0.686,0.645,True,999,0.0001118748914450407,0.0008150419453158975,weak_2x2_bal_strong_100_250,weak_null,True,676,1907505461,-4.440892098500626e-16,0,0
100,250,0.004581633548483732,0.08153336314202075,-0.0005769284236976091,0.07940706733241143,-0.07695172959353702,-0.07998399575610904,0.030436833256914694,-2.5282436232440504,-2.6278685131587443,0.011463477563516053,0.008592172007874824,0.114,0.024,0.023,True,999,0.00011008302681148052,0.0008291249396279454,weak_2x2_bal_strong_100_250,weak_null,True,677,1907505461,-4.440892098500626e-16,0,0
100,250,0.07092426229439153,0.032340809144104754,0.06571454660208076,0.03024795451582918,0.03858345315028677,0.03546659208625158,0.04049035784273305,0.9529047211720675,0.875926861995291,0.3406383477949786,0.3810697953454134,0.501,0.357,0.381,True,999,0.00011104205623269081,0.0008399580838158727,weak_2x2_bal_strong_100_250,weak_null,True,678,1907505461,-4.440892098500626e-16,0,0
100,250,0.039534547637448014,0.05328337390935678,0.03435537000655131,0.05114361618379348,-0.013748826271908765,-0.016788246177242172,0.03650923769937814,-0.3765848628535717,-0.45983557135535935,0.7064821386862665,0.645634248652024,0.802,0.697,0.627,True,999,0.00011004204861819744,0.000832458958029747,weak_2x2_bal_strong_100_250,weak_null,True,679,1907505461,-4.440892098500626e-16,0,0
100,250,0.11949463416009998,0.05152778720073431,0.1142474708399277,0.049412018372009925,0.06796684695936567,0.06483545246791778,0.05132581388255038,1.3242234621918556,1.2632133338651328,0.18542884094432266,0.20651252218897242,0.261,0.202,0.234,True,999,0.00011358293704688549,0.0008709999965503812,weak_2x2_bal_strong_100_250,weak_null,True,680,1907505461,-4.440892098500626e-16,0,0
100,250,0.0811512510014003,0.0332354205499209,0.07591581505259626,0.031129976094931067,0.0479158304514794,0.04478583895766519,0.04248104500045885,1.1279343634546148,1.0542546436223836,0.2593476400312621,0.291766348357845,0.373,0.273,0.309,True,999,0.0001145420828834176,0.000799291068688035,weak_2x2_bal_strong_100_250,weak_null,True,681,1907505461,-4.440892098500626e-16,0,0
100,250,0.10466123470146171,0.015940069470337825,0.0994289617604096,0.013791656470417024,0.08872116523112389,0.08563730528999258,0.04521831389454998,1.9620626597892048,1.8938633025924076,0.04975518957497188,0.05824315659063936,0.078,0.066,0.077,True,999,0.00010933307930827141,0.0007976669585332274,weak_2x2_bal_strong_100_250,weak_null,True,682,1907505461,-4.440892098500626e-16,0,0
100,250,0.09032867239504194,0.06293965683288211,0.0851127721272178,0.06084711588891878,0.027389015562159835,0.024265656238299016,0.04750359432967351,0.5765672250415599,0.5108172672134259,0.5642318450288724,0.6094790170313424,0.64,0.543,0.585,True,999,0.00010791607201099396,0.00079624995123595,weak_2x2_bal_strong_100_250,weak_null,True,683,1907505461,-4.440892098500626e-16,0,0
100,250,0.08232370950147083,0.06908213840340394,0.07711060018824867,0.06696409926728109,0.013241571098066895,0.010146500920967583,0.04711217155440075,0.2810647580270581,0.21536899247472277,0.7786607310445077,0.829479643174799,0.845,0.808,0.849,True,999,0.0001075830077752471,0.0008179160067811608,weak_2x2_bal_strong_100_250,weak_null,True,684,1907505461,-4.440892098500626e-16,0,0
100,250,0.08472136945384645,0.0005261648080683579,0.0795029399713485,-0.001938224800838384,0.0841952046457781,0.08144116477218688,0.03931632168593954,2.1414822403360363,2.071433981610548,0.03223516915726164,0.038318258010792396,0.081,0.039,0.052,True,999,0.00011195789556950331,0.0008320420747622848,weak_2x2_bal_strong_100_250,weak_null,True,685,1907505461,-4.440892098500626e-16,0,0
100,250,0.05124058133734688,0.06845435907272812,0.046053502335041685,0.06633957892358922,-0.01721377773538124,-0.02028607658854753,0.040984588231264975,-0.4200061164027936,-0.4949684128599432,0.6744809855149757,0.6206224175513908,0.786,0.707,0.629,True,999,0.00010820908937603235,0.0008349999552592635,weak_2x2_bal_strong_100_250,weak_null,True,686,1907505461,-4.440892098500626e-16,0,0
100,250,0.012362024640722336,0.07631415793408414,0.007199555398415214,0.07419345646316344,-0.0639521332933618,-0.06699390106474823,0.03191353998505664,-2.0039185036604237,-2.0992312697406117,0.04507879107721682,0.03579651877371489,0.207,0.057,0.047,True,999,0.0001082499511539936,0.0008337920298799872,weak_2x2_bal_strong_100_250,weak_null,True,687,1907505461,-4.440892098500626e-16,0,0
100,250,0.014665972629728907,0.07616257134875798,0.009498851359992955,0.07401953847231368,-0.06149659871902907,-0.06452068711232073,0.033270386362456356,-1.8483884752364736,-1.939282772656,0.06454616472764307,0.05246691542455947,0.281,0.086,0.078,True,999,0.00010808301158249378,0.0008392500458285213,weak_2x2_bal_strong_100_250,weak_null,True,688,1907505461,-4.440892098500626e-16,0,0
100,250,0.07408028741081829,0.05037359013199644,0.06887766347199431,0.048271627435951814,0.023706697278821853,0.020606036036042497,0.04339802178559955,0.5462621636520831,0.47481509958778917,0.5848857406946868,0.6349187695660108,0.682,0.615,0.672,True,999,0.00013599998783320189,0.0008198750438168645,weak_2x2_bal_strong_100_250,weak_null,True,689,1907505461,-4.440892098500626e-16,0,0
100,250,0.05113387979598527,0.022200341568988535,0.04593024971897819,0.020064868384281453,0.028933538226996736,0.025865381334696735,0.03454222978231129,0.837627982019079,0.7488046225649891,0.40223967224312185,0.45397497318870317,0.591,0.442,0.491,True,999,0.00011091702617704868,0.0007952080341055989,weak_2x2_bal_strong_100_250,weak_null,True,690,1907505461,-4.440892098500626e-16,0,0
100,250,0.012663459436801139,0.04293016851495657,0.007499651686075026,0.04080009909002058,-0.03026670907815543,-0.033300447403945554,0.02675803178357413,-1.1311261352464332,-1.2445028720082318,0.258002005522441,0.21331454300506714,0.503,0.283,0.251,True,999,0.000110041000880301,0.0008127499604597688,weak_2x2_bal_strong_100_250,weak_null,True,691,1907505461,-4.440892098500626e-16,0,0
100,250,0.0325654803121983,0.033816314406782844,0.027389344920791814,0.031699758680261425,-0.0012508340945845409,-0.004310413759469611,0.03138321301969409,-0.03985678884439263,-0.13734775202158786,0.9682073012147435,0.8907559273951722,0.976,0.968,0.905,True,999,0.00011737504974007607,0.0008136660326272249,weak_2x2_bal_strong_100_250,weak_null,True,692,1907505461,-4.440892098500626e-16,0,0
100,250,0.0002819786234271593,0.043154391194023145,-0.0048981027359502605,0.04104982054532513,-0.042872412570595986,-0.045947923281275393,0.021144507714870836,-2.027590954053946,-2.1730429433909415,0.0426020130145452,0.02977708535223645,0.174,0.038,0.035,True,999,0.00011666701175272465,0.000829583965241909,weak_2x2_bal_strong_100_250,weak_null,True,693,1907505461,-4.440892098500626e-16,0,0
100,250,0.03448819381301116,0.03979255035797369,0.029312193363125516,0.03768611594155402,-0.00530435654496253,-0.008373922578428505,0.03263002096481006,-0.1625606232580429,-0.2566324608696815,0.8708643925918667,0.797462513871855,0.922,0.891,0.824,True,999,0.00011995900422334671,0.0008343749213963747,weak_2x2_bal_strong_100_250,weak_null,True,694,1907505461,-4.440892098500626e-16,0,0
100,250,0.059204850577441515,0.056931662395392324,0.05401158379129356,0.054804113860242865,0.0022731881820491906,-0.0007925300689493042,0.041405966120383525,0.05490001550598127,-0.01914048006137825,0.9562181195272136,0.9847290389180988,0.963,0.95,0.984,True,999,0.00011670798994600773,0.0008377910126000643,weak_2x2_bal_strong_100_250,weak_null,True,695,1907505461,-4.440892098500626e-16,0,0
100,250,0.12040616513819691,0.07660116387595373,0.11515909825942572,0.07445463216552639,0.04380500126224318,0.04070446609389933,0.054103710214527534,0.8096487484601561,0.7523414925242902,0.4181420819953867,0.45184572148295843,0.475,0.424,0.448,True,999,0.00011683302000164986,0.0008507079910486937,weak_2x2_bal_strong_100_250,weak_null,True,696,1907505461,-4.440892098500626e-16,0,0
100,250,0.03895131231666282,0.06268413648711296,0.03376976820115374,0.06059951188167645,-0.02373282417045014,-0.02682974368052271,0.03677267678462455,-0.6453928907447213,-0.7296108422474376,0.5186726093096609,0.46562809293932206,0.658,0.544,0.494,True,999,0.00011537503451108932,0.0008720830082893372,weak_2x2_bal_strong_100_250,weak_null,True,697,1907505461,-4.440892098500626e-16,0,0
100,250,0.06270638444918264,0.021854848054839837,0.05750758133876843,0.019721016277870262,0.0408515363943428,0.03778656506089817,0.03752051849796441,1.0887785678270707,1.0070906952671295,0.276251544998815,0.3138911922131068,0.455,0.283,0.31,True,999,0.0001152500044554472,0.0008148329798132181,weak_2x2_bal_strong_100_250,weak_null,True,698,1907505461,-4.440892098500626e-16,0,0
100,250,0.0273108596740268,0.04280446385021508,0.022128113288459872,0.04067512446553678,-0.01549360417618828,-0.01854701117707691,0.03156866444956887,-0.4907906129807742,-0.5875133300842001,0.6235745499402878,0.5568590004942785,0.76,0.656,0.581,True,999,0.00011349993292242289,0.0008228330407291651,weak_2x2_bal_strong_100_250,weak_null,True,699,1907505461,-4.440892098500626e-16,0,0
100,250,0.06900280856466945,0.05831131017285607,0.06379136749795578,0.0561954543723715,0.010691498391813381,0.007595913125584275,0.04334613513510877,0.24665401790697739,0.17523853284515475,0.8051759955392799,0.8608922079254193,0.837,0.811,0.863,True,999,0.00011383404489606619,0.000797708984464407,weak_2x2_bal_strong_100_250,weak_null,True,700,1907505461,-4.440892098500626e-16,0,0
100,250,0.07385998717818298,0.036525599835280365,0.06865730333458941,0.034443481399222264,0.03733438734290262,0.03421382193536715,0.04144761957059797,0.90076071267038,0.8254713368301055,0.3677155604402176,0.40910404920190124,0.476,0.361,0.426,True,999,0.00011145893950015306,0.000809333985671401,weak_2x2_bal_strong_100_250,weak_null,True,701,1907505461,-4.440892098500626e-16,0,0
100,250,0.060244385944802636,0.066705357177205,0.05504804486290027,0.06458981005891928,-0.006460971232402357,-0.009541765196019014,0.04258006288236574,-0.1517370054208663,-0.22408997427692093,0.8793943689933361,0.8226872934931453,0.891,0.844,0.814,True,999,0.00010962504893541336,0.0008024589624255896,weak_2x2_bal_strong_100_250,weak_null,True,702,1907505461,-4.440892098500626e-16,0,0
100,250,0.0534381307185996,0.07327428482834175,0.04824485387614175,0.07113656578836469,-0.019836154109742155,-0.022891711912222945,0.042317242512503885,-0.4687487400409177,-0.5409547161646676,0.6392492437413937,0.5885387955822257,0.741,0.623,0.592,True,999,0.00011800008360296488,0.0008150000358000398,weak_2x2_bal_strong_100_250,weak_null,True,703,1907505461,-4.440892098500626e-16,0,0
100,250,0.06115560048055857,0.06305882240052674,0.0559423492122022,0.060898243931490015,-0.0019032219199681677,-0.004955894719287812,0.042743623214603066,-0.04452645276261805,-0.1159446566896244,0.9644847666274844,0.907696403414837,0.978,0.971,0.906,True,999,0.00011675001587718725,0.0008327499963343143,weak_2x2_bal_strong_100_250,weak_null,True,704,1907505461,-4.440892098500626e-16,0,0
100,250,0.09855294390405467,0.03601655990196512,0.09332836474388273,0.033874941712312534,0.06253638400208955,0.059453423031570196,0.04654511391809914,1.3435649574760669,1.2773289831492203,0.1790891075587383,0.20148612534847776,0.278,0.184,0.205,True,999,0.00011612498201429844,0.000828250078484416,weak_2x2_bal_strong_100_250,weak_null,True,705,1907505461,-4.440892098500626e-16,0,0
100,250,0.03159772359861934,0.0661361263762208,0.026417062510020628,0.06399591466272625,-0.03453840277760145,-0.03757885215270562,0.03648192359804876,-0.9467264708445565,-1.0300677279724233,0.34377817814993294,0.30297821331097874,0.473,0.316,0.287,True,999,0.00011520797852426767,0.0008775420719757676,weak_2x2_bal_strong_100_250,weak_null,True,706,1907505461,-4.440892098500626e-16,0,0
100,250,0.04516710103441712,0.12012578613230895,0.039984297889105846,0.11802289492403872,-0.07495868509789183,-0.07803859703493288,0.044225582770780744,-1.6949168422810708,-1.7645577999368263,0.09009119703224147,0.07763811311983636,0.206,0.091,0.082,True,999,0.0001189579488709569,0.000850292039103806,weak_2x2_bal_strong_100_250,weak_null,True,707,1907505461,-4.440892098500626e-16,0,0
100,250,0.05172414008263515,0.06667211809663681,0.04653727643929528,0.06456951477635187,-0.014947978014001662,-0.018032238337056583,0.04064214634775884,-0.3677949950304716,-0.4436832194530727,0.7130261012386913,0.6572716293055316,0.831,0.695,0.668,True,999,0.00011662510223686695,0.0008301669731736183,weak_2x2_bal_strong_100_250,weak_null,True,708,1907505461,-4.440892098500626e-16,0,0
100,250,0.007264441408790345,0.03273471136315381,0.002104541799752724,0.030617889202403603,-0.025470269954363467,-0.02851334740265088,0.022004548046368446,-1.1575002540698396,-1.2957933670151713,0.24706803555908163,0.19504668388830948,0.53,0.244,0.197,True,999,0.0001145839923992753,0.0008355838945135474,weak_2x2_bal_strong_100_250,weak_null,True,709,1907505461,-4.440892098500626e-16,0,0
100,250,0.1003553257574008,0.038706894988686846,0.09512687225068817,0.036616478982892886,0.06164843076871396,0.05851039326779528,0.046703149294472196,1.3200058604187255,1.2528147277365853,0.18683306135258082,0.2102731405154863,0.271,0.187,0.219,True,999,0.00011329108383506536,0.000843666959553957,weak_2x2_bal_strong_100_250,weak_null,True,710,1907505461,-4.440892098500626e-16,0,0
100,250,0.013883793272413958,0.04622426625217435,0.008716233197503698,0.044126774311123995,-0.03234047297976039,-0.0354105411136203,0.02719649350358607,-1.1891412757124755,-1.302025980259225,0.23438407836384745,0.19290750449245575,0.432,0.221,0.182,True,999,0.00011283298954367638,0.0008412499446421862,weak_2x2_bal_strong_100_250,weak_null,True,711,1907505461,-4.440892098500626e-16,0,0
100,250,0.03044293585814062,0.03814312372167833,0.02526285525514993,0.03605995207416868,-0.007700187863537711,-0.010797096819018748,0.030943893353532818,-0.24884353677035254,-0.3489249622102275,0.8034818126487212,0.7271456444023847,0.864,0.786,0.72,True,999,0.00011137500405311584,0.0008504999568685889,weak_2x2_bal_strong_100_250,weak_null,True,712,1907505461,-4.440892098500626e-16,0,0
100,250,0.06458767724011083,0.07111831982555994,0.059390449977797743,0.06900749772512427,-0.006530642585449109,-0.009617047747326524,0.04363587206348416,-0.14966224522676955,-0.22039316031853445,0.881031096558701,0.8255649717416157,0.905,0.888,0.843,True,999,0.00010924995876848698,0.0008455830393359065,weak_2x2_bal_strong_100_250,weak_null,True,713,1907505461,-4.440892098500626e-16,0,0
100,250,0.028350337108182133,0.05102294680462549,0.023175835961268376,0.04891842443058181,-0.022672609696443358,-0.025742588469313432,0.032723538530231265,-0.6928532400460765,-0.7866688513997787,0.48840165687908266,0.4314757427175906,0.652,0.489,0.423,True,999,0.00010983308311551809,0.0008449999149888754,weak_2x2_bal_strong_100_250,weak_null,True,714,1907505461,-4.440892098500626e-16,0,0
100,250,0.013106633291157799,0.04888329630734822,0.007943546320376527,0.04677271510841763,-0.035776663016190424,-0.0388291687880411,0.027708686216226575,-1.2911713943059175,-1.4013356131371622,0.1966442519623942,0.16111373634362114,0.445,0.211,0.185,True,999,0.00015170802362263203,0.0008452499751001596,weak_2x2_bal_strong_100_250,weak_null,True,715,1907505461,-4.440892098500626e-16,0,0
100,250,0.025792784583158812,0.02572217443623373,0.020618629094599328,0.023556309411233656,7.061014692508194e-05,-0.002937680316634328,0.028105053260435057,0.0025123648146393486,-0.10452498664252144,0.9979954250121004,0.9167527404088205,1.0,1.0,0.892,True,999,0.00011204101610928774,0.0008435839554294944,weak_2x2_bal_strong_100_250,weak_null,True,716,1907505461,-4.440892098500626e-16,0,0
100,250,0.08072202381269489,0.040904178379106704,0.07551191952371994,0.03880304890117259,0.039817845433588184,0.03670887062254735,0.04359123758824794,0.9134369115577243,0.8421158162401874,0.36101279988010393,0.3997231290125768,0.473,0.35,0.392,True,999,0.00011350004933774471,0.0008396669290959835,weak_2x2_bal_strong_100_250,weak_null,True,717,1907505461,-4.440892098500626e-16,0,0
100,250,0.040267259181623105,0.04536815827289281,0.03508650452536699,0.043260208489584784,-0.005100899091269706,-0.008173703964217793,0.03519330580662217,-0.14493947000312463,-0.23225166766458702,0.8847586628979793,0.8163425496748751,0.93,0.903,0.833,True,999,0.00011374999303370714,0.0008312499849125743,weak_2x2_bal_strong_100_250,weak_null,True,718,1907505461,-4.440892098500626e-16,0,0
100,250,0.02913203618848237,0.05178436493063443,0.023959930575244925,0.04965450778379932,-0.02265232874215206,-0.025694577208554392,0.0335364551349834,-0.6754538799934877,-0.7661685501682977,0.4993874435626158,0.4435760188501202,0.646,0.495,0.424,True,999,0.000114083057269454,0.0008373749442398548,weak_2x2_bal_strong_100_250,weak_null,True,719,1907505461,-4.440892098500626e-16,0,0
100,250,0.04558878723206372,0.041084519514797135,0.04038694516438568,0.038957024328112766,0.004504267717266586,0.0014299208362729132,0.03610402894626273,0.12475803528660864,0.03960557527807239,0.9007151107397612,0.9684075824991517,0.94,0.913,0.964,True,999,0.00011625001206994057,0.0008380410727113485,weak_2x2_bal_strong_100_250,weak_null,True,720,1907505461,-4.440892098500626e-16,0,0
100,250,0.019077918605384214,0.039023112721372266,0.013910655710276387,0.03689947542609673,-0.019945194115988052,-0.02298881971582034,0.028142406286687714,-0.7087238352259446,-0.8168747008209746,0.47849587062380994,0.41400003696627374,0.673,0.483,0.425,True,999,0.00011537503451108932,0.0008315829327329993,weak_2x2_bal_strong_100_250,weak_null,True,721,1907505461,-4.440892098500626e-16,0,0
100,250,0.052772083710488804,0.01802595465663276,0.047582552563653735,0.0159138871383675,0.034746129053856045,0.031668665425286235,0.034297596424995656,1.013077669446641,0.9233494100538926,0.3110230635335548,0.3558251465499064,0.445,0.304,0.35,True,999,0.00011458306107670069,0.0008420419180765748,weak_2x2_bal_strong_100_250,weak_null,True,722,1907505461,-4.440892098500626e-16,0,0
100,250,0.08425863230814645,0.02332776348581095,0.07904010211090906,0.0211911400344178,0.060930868822335504,0.05784896207649126,0.042198722167581776,1.4439031727160754,1.3708699957017285,0.14876621405721427,0.17041548613106072,0.274,0.155,0.175,True,999,0.0001154160127043724,0.0008695829892531037,weak_2x2_bal_strong_100_250,weak_null,True,723,1907505461,-4.440892098500626e-16,0,0
100,250,0.04261013525279733,0.0842767901221887,0.037416979460175526,0.08217826342318801,-0.04166665486939136,-0.04476128396301249,0.0404321120989125,-1.0305337195212234,-1.1070726123213441,0.3027595318061167,0.26826253553000545,0.431,0.294,0.268,True,999,0.0001217500539496541,0.0008105830056592822,weak_2x2_bal_strong_100_250,weak_null,True,724,1907505461,-4.440892098500626e-16,0,0
100,250,0.013963861206007788,0.0498915413693366,0.008795631506998802,0.047785587471224744,-0.03592768016332881,-0.03898995596422594,0.027941744091308725,-1.285806642775177,-1.3954016555592805,0.19851055133608986,0.1628947523707458,0.496,0.204,0.175,True,999,0.00010954099707305431,0.0008324170485138893,weak_2x2_bal_strong_100_250,weak_null,True,725,1907505461,-4.440892098500626e-16,0,0
100,250,0.06617185638282819,0.053354039544474485,0.06097514953060568,0.05127088205426844,0.012817816838353702,0.009704267476337236,0.04182201976299194,0.30648488310686783,0.2320372744150555,0.7592354879507749,0.8165090629540648,0.795,0.755,0.834,True,999,0.00010870792903006077,0.000804667011834681,weak_2x2_bal_strong_100_250,weak_null,True,726,1907505461,-4.440892098500626e-16,0,0
100,250,0.05980246520021071,0.08805446916506665,0.054594869980221006,0.0859154164600966,-0.028252003964855943,-0.03132054647987559,0.04527383922309613,-0.6240249214483092,-0.691802308294138,0.5326112184846152,0.4890614868502643,0.697,0.561,0.51,True,999,0.0001087080454453826,0.0008276250446215272,weak_2x2_bal_strong_100_250,weak_null,True,727,1907505461,-4.440892098500626e-16,0,0
100,250,0.06336955972453906,0.059078765043928616,0.05816819124569861,0.0569789010387467,0.0042907946806104436,0.0011892902069519096,0.04208696329369822,0.10195068365155523,0.028257923924152183,0.9187958197755756,0.9774564390313023,0.931,0.916,0.974,True,999,0.00011333299335092306,0.0008233330445364118,weak_2x2_bal_strong_100_250,weak_null,True,728,1907505461,-4.440892098500626e-16,0,0
100,250,0.1009690656286999,0.04888329630734822,0.09574070955159186,0.04677271510841763,0.05208576932135167,0.048967994443174234,0.04812968451234738,1.0821963586316337,1.0174177316830695,0.27916528618295,0.30895475029825914,0.375,0.295,0.328,True,999,0.0001176249934360385,0.0008254999993368983,weak_2x2_bal_strong_100_250,weak_null,True,729,1907505461,-4.440892098500626e-16,0,0
100,250,0.09387241389785528,0.07660116387595373,0.08864159167096375,0.07445463216552639,0.017271250021901552,0.014186959505437358,0.05008139415596514,0.34486360280057005,0.2832780465586852,0.7301969146199596,0.776963704645789,0.794,0.73,0.757,True,999,0.00011666701175272465,0.0008358750492334366,weak_2x2_bal_strong_100_250,weak_null,True,730,1907505461,-4.440892098500626e-16,0,0
100,250,0.026820136969350483,0.03562959962692097,0.021644282493241462,0.03352381951576433,-0.008809462657570488,-0.011879537022522868,0.029807001634577786,-0.29555011153322513,-0.3985485413179547,0.7675736775163484,0.6902258845874897,0.856,0.757,0.694,True,999,0.00011608307249844074,0.0008377500344067812,weak_2x2_bal_strong_100_250,weak_null,True,731,1907505461,-4.440892098500626e-16,0,0
100,250,0.05697138162392246,0.05998576614924406,0.05177894383153614,0.057849585884738985,-0.0030143845253216006,-0.006070642053202846,0.04138878153579,-0.07283095596121815,-0.14667361125268685,0.9419406370670975,0.8833896484705483,0.931,0.921,0.878,True,999,0.00011566700413823128,0.0008714159484952688,weak_2x2_bal_strong_100_250,weak_null,True,732,1907505461,-4.440892098500626e-16,0,0
100,250,0.033711571632115134,0.03429739926714748,0.028536268927354058,0.03215167193714308,-0.0005858276350323433,-0.00361540300978902,0.03190982198971568,-0.01835884998735347,-0.11330063235558756,0.9853525798580295,0.9097922159225239,0.997,0.99,0.914,True,999,0.00011541706044226885,0.0008046249859035015,weak_2x2_bal_strong_100_250,weak_null,True,733,1907505461,-4.440892098500626e-16,0,0
100,250,0.10947440648690043,0.024142471447083702,0.10423340558682526,0.02198069016085924,0.08533193503981673,0.08225271542596602,0.04700011222172349,1.8155687509268592,1.7500535964241537,0.06943655078935682,0.08010906584979258,0.128,0.079,0.096,True,999,0.00011108396574854851,0.0008087089518085122,weak_2x2_bal_strong_100_250,weak_null,True,734,1907505461,-4.440892098500626e-16,0,0
100,250,0.03575917450220467,0.06606204737198274,0.030577628704449467,0.06397250459150428,-0.030302872869778064,-0.03339487588705481,0.03638955584334803,-0.8327354420105514,-0.9177049599290275,0.40499395122948345,0.35877335027813173,0.523,0.405,0.36,True,999,0.00011045800056308508,0.0008076659869402647,weak_2x2_bal_strong_100_250,weak_null,True,735,1907505461,-4.440892098500626e-16,0,0
100,250,0.09019773773029793,0.060748811885033005,0.08497934495518678,0.05861935005508201,0.02944892584526493,0.026359994900104766,0.0478542589474003,0.6153877730639219,0.5508390575868856,0.5382986641707781,0.5817440071280989,0.629,0.537,0.581,True,999,0.00010854203719645739,0.000828874995931983,weak_2x2_bal_strong_100_250,weak_null,True,736,1907505461,-4.440892098500626e-16,0,0
100,250,0.093634976579555,0.05764431663370917,0.08840532192726869,0.055531721924509725,0.035990659945845827,0.03287360000275896,0.047969791129249525,0.7502776038543257,0.6852979600053819,0.45308752833609844,0.4931559188318154,0.544,0.472,0.514,True,999,0.00011045904830098152,0.000839084037579596,weak_2x2_bal_strong_100_250,weak_null,True,737,1907505461,-4.440892098500626e-16,0,0
100,250,0.03848848195167354,0.035797065352424884,0.033308664659855935,0.033690656836085964,0.0026914165992486527,-0.00038199217623002824,0.033283832078286286,0.08086258195625497,-0.01147680878005728,0.9355512377525289,0.9908430324891417,0.93,0.918,0.992,True,999,0.00011008302681148052,0.0008383749518543482,weak_2x2_bal_strong_100_250,weak_null,True,738,1907505461,-4.440892098500626e-16,0,0
100,250,0.0490566018676587,0.05307186089386551,0.043861310566839506,0.05094798475320772,-0.004015259026206808,-0.007086674186368214,0.0385886422700764,-0.10405287125949089,-0.1836466320004107,0.9171273910465849,0.8542906781732076,0.968,0.909,0.835,True,999,0.00010995892807841301,0.0008412919705733657,weak_2x2_bal_strong_100_250,weak_null,True,739,1907505461,-4.440892098500626e-16,0,0
100,250,0.054762727353112384,0.05157037316000829,0.04956936738047091,0.04947576945268395,0.0031923541931040966,9.359792778695919e-05,0.039432984197852586,0.08095644440924518,0.0023735948392172735,0.9354765910823722,0.9981061471025002,0.955,0.933,0.994,True,999,0.00011120806448161602,0.0008542500436306,weak_2x2_bal_strong_100_250,weak_null,True,740,1907505461,-4.440892098500626e-16,0,0
100,250,0.1081020776505911,0.05505882423538466,0.10286724409557735,0.05295049434784005,0.05304325341520644,0.0499167497477373,0.04992025246288031,1.062559798844133,0.9999298337854838,0.2879816261058875,0.3173444653937344,0.388,0.287,0.319,True,999,0.00016283290460705757,0.0008257910376414657,weak_2x2_bal_strong_100_250,weak_null,True,741,1907505461,-4.440892098500626e-16,0,0
100,250,0.10994204993503065,0.10881546083931382,0.10471052906892453,0.10671032432537686,0.0011265890957168345,-0.0019997952564523302,0.05446813038374181,0.020683454485764946,-0.0367149605166042,0.983498167605325,0.9707122799185496,0.982,0.978,0.987,True,999,0.00011062505654990673,0.0008070420008152723,weak_2x2_bal_strong_100_250,weak_null,True,742,1907505461,-4.440892098500626e-16,0,0
100,250,0.05920485057744174,0.051686019938172345,0.05401158379129356,0.04957874846171251,0.0075188306392693915,0.004432835329581053,0.04047461210361359,0.18576658918982222,0.10952137893831199,0.8526278063937438,0.91278896582333,0.879,0.846,0.908,True,999,0.0001093749888241291,0.0008137919940054417,weak_2x2_bal_strong_100_250,weak_null,True,743,1907505461,-4.440892098500626e-16,0,0
100,250,0.01986940935839754,0.10107420541539408,0.014703076545998783,0.09893715510425238,-0.08120479605699654,-0.0842340785582536,0.03694160456667043,-2.1981935275832982,-2.2801954475537736,0.027935317726398397,0.022596099227441144,0.124,0.039,0.037,True,999,0.00011583301238715649,0.0008264579810202122,weak_2x2_bal_strong_100_250,weak_null,True,744,1907505461,-4.440892098500626e-16,0,0
100,250,0.09208111072952418,0.019700947184235762,0.08685799581469666,0.01756925665462461,0.07238016354528842,0.06928873916007205,0.04320834960830333,1.6751429804988236,1.6035960592847283,0.09390618177320617,0.10880311994266675,0.169,0.089,0.105,True,999,0.00011491705663502216,0.0008302500937134027,weak_2x2_bal_strong_100_250,weak_null,True,745,1907505461,-4.440892098500626e-16,0,0
100,250,0.020235695421700894,0.04958398984084039,0.015069268209344955,0.04747020105034494,-0.029348294419139498,-0.032400932840999985,0.030204869613918273,-0.9716411556902047,-1.072705601949355,0.33122910051813537,0.2834032261226539,0.553,0.339,0.285,True,999,0.00011962500866502523,0.0008369169663637877,weak_2x2_bal_strong_100_250,weak_null,True,746,1907505461,-4.440892098500626e-16,0,0
100,250,0.011502362935924992,0.02819916166444142,0.006338380954588274,0.0260755175305718,-0.016696798728516427,-0.019737136575983527,0.022900180709231936,-0.7291120948135273,-0.8618768920031594,0.4659330967863592,0.3887552662903616,0.727,0.497,0.409,True,999,0.00011737504974007607,0.0008388339774683118,weak_2x2_bal_strong_100_250,weak_null,True,747,1907505461,-4.440892098500626e-16,0,0
100,250,0.016089962743297548,0.07126480099169746,0.010922942861185447,0.06916998763449556,-0.055174838248399916,-0.05824704477331011,0.03174360126684683,-1.7381404770234679,-1.8349223921906932,0.08218606419556605,0.06651718932315819,0.278,0.095,0.081,True,999,0.00011633406393229961,0.0008489999454468489,weak_2x2_bal_strong_100_250,weak_null,True,748,1907505461,-4.440892098500626e-16,0,0
100,250,0.06585444604867363,0.052161475297568316,0.06065763719982442,0.05004250812783084,0.013692970751105316,0.010615129071993579,0.042132042679864916,0.32500135004489694,0.2519490724114973,0.7451800499261301,0.8010804284375275,0.789,0.748,0.796,True,999,0.00011604197788983583,0.0008788749109953642,weak_2x2_bal_strong_100_250,weak_null,True,749,1907505461,-4.440892098500626e-16,0,0
100,250,0.11062672198880252,0.059402884846693316,0.1053922257060691,0.05729669776323476,0.05122383714210921,0.04809552794283434,0.0505890753777881,1.0125474079053798,0.9507097645819281,0.311276391355099,0.3417517299668468,0.386,0.32,0.343,True,999,0.0001258330885320902,0.0008149580098688602,weak_2x2_bal_strong_100_250,weak_null,True,750,1907505461,-4.440892098500626e-16,0,0
100,250,0.06822667887712619,0.06545426519245451,0.06302208908149964,0.06333575739714092,0.002772413684671682,-0.00031366831564128006,0.04395082264145121,0.06307990426684172,-0.007136801925191975,0.9497028764971285,0.9943057042692434,0.944,0.937,0.998,True,999,0.00011016707867383957,0.0007975830230861902,weak_2x2_bal_strong_100_250,weak_null,True,751,1907505461,-4.440892098500626e-16,0,0
100,250,0.07324866353757342,0.028572847835137027,0.06804378717409065,0.0264227161164996,0.044675815702436394,0.04162107105759105,0.040826735768945924,1.0942784148915035,1.0194562527149018,0.27383288915289183,0.3079864119691309,0.408,0.294,0.328,True,999,0.00010979105718433857,0.0008022499969229102,weak_2x2_bal_strong_100_250,weak_null,True,752,1907505461,-4.440892098500626e-16,0,0
100,250,0.017248078827974633,0.06762340237113873,0.012079600693098769,0.06553455123925289,-0.0503753235431641,-0.05345495054615412,0.03152411120855611,-1.5979934599866368,-1.6956846203373899,0.11004443259482698,0.08994562265921886,0.302,0.131,0.113,True,999,0.00010979198850691319,0.000816625077277422,weak_2x2_bal_strong_100_250,weak_null,True,753,1907505461,-4.440892098500626e-16,0,0
100,250,0.045879306933472086,0.017745638337441305,0.04069543386992791,0.015645790392426306,0.02813366859603078,0.025049643477501604,0.032339086990974014,0.8699586541785492,0.7745934040900126,0.38432299964467465,0.4385799560734013,0.517,0.418,0.465,True,999,0.00011599995195865631,0.0008057920495048165,weak_2x2_bal_strong_100_250,weak_null,True,754,1907505461,-4.440892098500626e-16,0,0
100,250,0.039534547637448014,0.10390548878555084,0.03435537000655131,0.10176612248761785,-0.06437094114810282,-0.06741075248106654,0.042022233057453263,-1.531830568358758,-1.6041687358428052,0.1255642506273755,0.10867686409534459,0.285,0.144,0.129,True,999,0.00011754094157367945,0.000818750006146729,weak_2x2_bal_strong_100_250,weak_null,True,755,1907505461,-4.440892098500626e-16,0,0
100,250,0.004556264163501189,0.059665115040831995,-0.0006048273310028662,0.0575691062462198,-0.055108850877330806,-0.05817393357722267,0.02613792580272702,-2.10838653737326,-2.225652257806672,0.03499756798618094,0.026037482948946797,0.184,0.043,0.04,True,999,0.000116499955765903,0.0008260830072686076,weak_2x2_bal_strong_100_250,weak_null,True,756,1907505461,-4.440892098500626e-16,0,0
100,250,0.028350337108182133,0.06800642761529657,0.023175835961268376,0.06590850462157505,-0.03965609050711444,-0.04273266866030667,0.03494437279144662,-1.1348348057007083,-1.2228769683560154,0.25644453992838334,0.22137616880618427,0.439,0.256,0.222,True,999,0.00011670798994600773,0.0008240409661084414,weak_2x2_bal_strong_100_250,weak_null,True,757,1907505461,-4.440892098500626e-16,0,0
100,250,0.044902570079585646,0.02579920109010203,0.039715261814606606,0.023659643884840875,0.019103368989483616,0.01605561792976573,0.03368884440975542,0.5670532582575546,0.47658559416530294,0.5706779981627224,0.6336572436077683,0.666,0.575,0.618,True,999,0.00011558306869119406,0.0008732500718906522,weak_2x2_bal_strong_100_250,weak_null,True,758,1907505461,-4.440892098500626e-16,0,0
100,250,0.02728866158457388,0.05043869126177841,0.022114991200652412,0.048307353904817774,-0.02315002967720453,-0.02619236270416536,0.032743485217728616,-0.7070117772518055,-0.7999259251114718,0.4795591589613196,0.4237537161773868,0.656,0.51,0.448,True,999,0.00011958298273384571,0.0008332079742103815,weak_2x2_bal_strong_100_250,weak_null,True,759,1907505461,-4.440892098500626e-16,0,0
100,250,0.053733087682611425,0.022887903892654438,0.048539934671850915,0.020753422592974857,0.030845183789956987,0.027786512078876058,0.035424483997889326,0.8707306447087505,0.7843872074616992,0.3839012419270553,0.43281294238976387,0.531,0.373,0.42,True,999,0.00011629099026322365,0.0008345419773831964,weak_2x2_bal_strong_100_250,weak_null,True,760,1907505461,-4.440892098500626e-16,0,0
100,250,0.02440927043779595,0.022696131748793813,0.019240497564368297,0.020558184385393474,0.001713138689002136,-0.0013176868210251769,0.0267228034671635,0.06410774569768513,-0.04930945297877623,0.9488844343602665,0.9606726862956367,0.975,0.947,0.963,True,999,0.00011195801198482513,0.000799124944023788,weak_2x2_bal_strong_100_250,weak_null,True,761,1907505461,-4.440892098500626e-16,0,0
100,250,0.1292790116348682,0.04707087830904494,0.12402836959402919,0.04495005797760143,0.08220813332582327,0.07907831161642775,0.052404662576141105,1.568717920974672,1.5089938133182577,0.11671368093097843,0.13130036380600427,0.176,0.124,0.137,True,999,0.00010950001887977123,0.0008068749448284507,weak_2x2_bal_strong_100_250,weak_null,True,762,1907505461,-4.440892098500626e-16,0,0
100,250,0.06707733961080531,0.06339926342815333,0.06187720775957928,0.061282323349232115,0.0036780761826519792,0.0005948844103471629,0.043474239591154304,0.0846035771353746,0.013683607026635698,0.9325765551243635,0.9890824019222648,0.943,0.928,0.998,True,999,0.00010983401443809271,0.0008305830415338278,weak_2x2_bal_strong_100_250,weak_null,True,763,1907505461,-4.440892098500626e-16,0,0
100,250,0.043304782161658006,0.03678265666382796,0.03811953542025037,0.03469990600413553,0.006522125497830045,0.0034196294161148444,0.03441337299110264,0.1895229944334808,0.09936920211218377,0.8496829347136109,0.9208451348650637,0.873,0.841,0.92,True,999,0.00011345907114446163,0.0008362079970538616,weak_2x2_bal_strong_100_250,weak_null,True,764,1907505461,-4.440892098500626e-16,0,0
100,250,0.044902570079585646,0.052161475297568316,0.039715261814606606,0.05004250812783084,-0.00725890521798267,-0.010327246313224236,0.0374593319255083,-0.19378095777088986,-0.27569221826382323,0.8463473978805285,0.7827844730186719,0.888,0.839,0.789,True,999,0.00011624989565461874,0.000832833000458777,weak_2x2_bal_strong_100_250,weak_null,True,765,1907505461,-4.440892098500626e-16,0,0
100,250,0.0679049242017109,0.06469116164066813,0.06270023609739894,0.06256977849552925,0.0032137625610427767,0.00013045760186969346,0.04405852260734492,0.07294303964034908,0.0029610071820235094,0.9418514444634822,0.9976374615373219,0.932,0.92,0.999,True,999,0.00011579191777855158,0.0008364589884877205,weak_2x2_bal_strong_100_250,weak_null,True,766,1907505461,-4.440892098500626e-16,0,0
100,250,0.027519653701983282,0.0941435526160963,0.022336222577280296,0.09201172135203706,-0.06662389891411302,-0.06967549877475676,0.03860292883634471,-1.7258767902446441,-1.8049277833332995,0.08436958108146565,0.07108598349604435,0.227,0.094,0.084,True,999,0.00012608303222805262,0.0008500419789925218,weak_2x2_bal_strong_100_250,weak_null,True,767,1907505461,-4.440892098500626e-16,0,0
100,250,0.15489765678234135,0.06667211809663681,0.14961907731890278,0.06456951477635187,0.08822553868570454,0.08504956254255092,0.057138110651956044,1.5440751834289828,1.4884909839005915,0.12257012002495334,0.13662145813386678,0.178,0.143,0.154,True,999,0.00011416699271649122,0.000798500026576221,weak_2x2_bal_strong_100_250,weak_null,True,768,1907505461,-4.440892098500626e-16,0,0
100,250,0.08836753650456908,0.06047298327598405,0.08314092872156209,0.0583168782403618,0.02789455322858503,0.024824050481200288,0.04788328668467786,0.5825530192252026,0.5184282909540484,0.5601942399489195,0.6041594800867109,0.687,0.544,0.605,True,999,0.000110041000880301,0.0008049169555306435,weak_2x2_bal_strong_100_250,weak_null,True,769,1907505461,-4.440892098500626e-16,0,0
100,250,0.007229087764684783,0.08804405506974583,0.0020703576966241144,0.0859053892372259,-0.08081496730506105,-0.08383503154060179,0.03193250883563833,-2.5308054472333654,-2.625381925739501,0.011380095125152399,0.00865518221181092,0.11,0.017,0.016,True,999,0.0001088329590857029,0.0008221670286729932,weak_2x2_bal_strong_100_250,weak_null,True,770,1907505461,-4.440892098500626e-16,0,0
100,250,0.019175522945859003,0.06482160840813694,0.014007866148531889,0.06272859937244846,-0.04564608546227794,-0.04872073322391657,0.03183875529939322,-1.4336642570681102,-1.5302336025945424,0.15166809681392576,0.12595891664301934,0.359,0.162,0.146,True,999,0.00011062505654990673,0.0008476669900119305,weak_2x2_bal_strong_100_250,weak_null,True,771,1907505461,-4.440892098500626e-16,0,0
100,250,0.05220314090689748,0.047190086522856056,0.04701571431220941,0.04508044508240516,0.0050130543840414266,0.0019352692298042484,0.038432719910304794,0.13043714823569638,0.05035472988434923,0.8962205775915894,0.9598397109089111,0.93,0.89,0.96,True,999,0.00010933296289294958,0.0008420419180765748,weak_2x2_bal_strong_100_250,weak_null,True,772,1907505461,-4.440892098500626e-16,0,0
100,250,0.048134992198562765,0.039821466048663656,0.042943288259863266,0.03771961815868963,0.008313526149899109,0.005223670101173639,0.03636378148691892,0.22862105672067465,0.143650354489473,0.8191634570770427,0.8857765758478929,0.896,0.812,0.899,True,999,0.00011387502308934927,0.0008485419675707817,weak_2x2_bal_strong_100_250,weak_null,True,773,1907505461,-4.440892098500626e-16,0,0
100,250,0.04782039371995339,0.10748676141253233,0.042630018693500915,0.10535026268144065,-0.05966636769257894,-0.06272024398793974,0.04390945115643362,-1.3588502274831238,-1.4283996346137422,0.17419405346368722,0.15317686429057642,0.32,0.179,0.151,True,999,0.00011333299335092306,0.0008528749458491802,weak_2x2_bal_strong_100_250,weak_null,True,774,1907505461,-4.440892098500626e-16,0,0
100,250,0.012710861899318138,0.028686726004882368,0.007548515664780098,0.026555761998224625,-0.01597586410556423,-0.019007246333444527,0.023469066024216587,-0.6807200631281839,-0.8098850765442424,0.4960486387917059,0.41800622967086376,0.706,0.497,0.421,True,999,0.00011195801198482513,0.0008778750197961926,weak_2x2_bal_strong_100_250,weak_null,True,775,1907505461,-4.440892098500626e-16,0,0
100,250,0.022274062791541427,0.08820838132431352,0.017103125997195434,0.08604931798426207,-0.0659343185327721,-0.06894619198706664,0.03649204469077113,-1.80681348747353,-1.889348557235084,0.07079136502941828,0.0588451391085784,0.212,0.09,0.082,True,999,0.00011599995195865631,0.0008244169875979424,weak_2x2_bal_strong_100_250,weak_null,True,776,1907505461,-4.440892098500626e-16,0,0
100,250,0.033711571632115134,0.024551260307979828,0.028536268927354058,0.022430643404192097,0.009160311324135306,0.006105625523161962,0.030068768823913627,0.3046453740018158,0.20305538809777177,0.7606362581685957,0.839091740411255,0.861,0.777,0.844,True,999,0.00011320796329528093,0.0008199999574571848,weak_2x2_bal_strong_100_250,weak_null,True,777,1907505461,-4.440892098500626e-16,0,0
100,250,0.04553574499710511,0.10103506755112124,0.040353131483556126,0.0989040818461433,-0.05549932255401613,-0.05855095036258717,0.0433617738820381,-1.27991356407598,-1.3502895550783944,0.20057553666080297,0.17692312141318378,0.36,0.221,0.182,True,999,0.00010954192839562893,0.0008012080797925591,weak_2x2_bal_strong_100_250,weak_null,True,778,1907505461,-4.440892098500626e-16,0,0
100,250,0.016129703788149152,0.029825533858580888,0.010959726571428519,0.027674056194086916,-0.013695830070431736,-0.016714329622658397,0.0253765653571328,-0.5397038518682804,-0.6586521614502241,0.5894012831736828,0.5101191591187586,0.782,0.604,0.522,True,999,0.0001093749888241291,0.0008003339171409607,weak_2x2_bal_strong_100_250,weak_null,True,779,1907505461,-4.440892098500626e-16,0,0
100,250,0.01610492819232101,0.0493011661268728,0.010939889439384842,0.04715926689230798,-0.03319623793455179,-0.03621937745292314,0.029397261966076175,-1.1292289048163584,-1.2320663568845134,0.2588012832736445,0.21792429751787468,0.498,0.254,0.209,True,999,0.00011562497820705175,0.0008085829904302955,weak_2x2_bal_strong_100_250,weak_null,True,780,1907505461,-4.440892098500626e-16,0,0
100,250,0.028284234321003132,0.07481258809380847,0.023106691378444566,0.07268469168556635,-0.04652835377280534,-0.04957800030712178,0.036440567656321976,-1.2768284569994415,-1.3605166849951809,0.2016628165297214,0.17366647658459455,0.376,0.224,0.205,True,999,0.0001189579488709569,0.0008313329890370369,weak_2x2_bal_strong_100_250,weak_null,True,781,1907505461,-4.440892098500626e-16,0,0
100,250,0.03084106716329471,0.07499250169200389,0.025661295052202604,0.07287874801563987,-0.04415143452870918,-0.04721745296343727,0.03687316530559807,-1.1973866133484918,-1.2805370130854683,0.23115589893827648,0.20035633607147163,0.388,0.227,0.202,True,999,0.00011158292181789875,0.0008338330080732703,weak_2x2_bal_strong_100_250,weak_null,True,782,1907505461,-4.440892098500626e-16,0,0
100,250,0.11832356533589328,0.05623396473661446,0.11307627370149476,0.05413390467828094,0.062089600599278816,0.058942369023213814,0.05145054921326819,1.2067820761623085,1.1456120473834244,0.2275160805337446,0.2519557102025416,0.322,0.232,0.26,True,999,0.00010904192458838224,0.0008423749823123217,weak_2x2_bal_strong_100_250,weak_null,True,783,1907505461,-4.440892098500626e-16,0,0
100,250,0.08209242490492885,0.06458817903948083,0.07688264482766272,0.062486651272564586,0.01750424586544802,0.01439599355509813,0.046380393935147965,0.37740614902761666,0.31038963522447716,0.7058717979203334,0.7562646750950976,0.734,0.703,0.737,True,999,0.00010970805305987597,0.0008724170038476586,weak_2x2_bal_strong_100_250,weak_null,True,784,1907505461,-4.440892098500626e-16,0,0
100,250,0.10994204993503087,0.09687741298550356,0.10471052906892453,0.09477114085390781,0.013064636949527308,0.00993938821501672,0.05367025811221835,0.24342414978162863,0.18519359817936035,0.8076768375283919,0.8530771901571529,0.839,0.821,0.844,True,999,0.00011470902245491743,0.0008538750698789954,weak_2x2_bal_strong_100_250,weak_null,True,785,1907505461,-4.440892098500626e-16,0,0
100,250,0.05227158785450925,0.10013693174978788,0.04705747015124473,0.09795339471010323,-0.047865343895278634,-0.050895924558858496,0.044411895881735136,-1.077759526923591,-1.1459975654808734,0.2811410857249318,0.25179615938777467,0.401,0.277,0.243,True,999,0.00011137500405311584,0.0008738340111449361,weak_2x2_bal_strong_100_250,weak_null,True,786,1907505461,-4.440892098500626e-16,0,0
100,250,0.03755685578123669,0.05376340802817403,0.03237710797134241,0.05164653936000718,-0.016206552246937345,-0.01926943138866477,0.03562460289317237,-0.45492583582014917,-0.5409023490436676,0.6491625952555267,0.5885748917152493,0.772,0.666,0.593,True,999,0.00011108303442597389,0.0008620000444352627,weak_2x2_bal_strong_100_250,weak_null,True,787,1907505461,-4.440892098500626e-16,0,0
100,250,0.10109391384941735,0.04664477949034207,0.09585830900522296,0.044560789620206265,0.05444913435907528,0.0512975193850167,0.0475225853739671,1.1457527811376724,1.0794345253176716,0.2518974578552753,0.28039406690444546,0.325,0.273,0.302,True,999,0.00010837498120963573,0.0008423749823123217,weak_2x2_bal_strong_100_250,weak_null,True,788,1907505461,-4.440892098500626e-16,0,0
100,250,0.028513751910929308,0.053319773707758866,0.02334113858182718,0.05120301854303477,-0.024806021796829558,-0.027861879961207592,0.0334106957119093,-0.7424575055462677,-0.8339209755298863,0.45781018919102334,0.4043255164313344,0.661,0.483,0.421,True,999,0.00011274998541921377,0.0008482499979436398,weak_2x2_bal_strong_100_250,weak_null,True,789,1907505461,-4.440892098500626e-16,0,0
100,250,0.08257530999568441,0.11598811635968398,0.07735767790236991,0.11384108045949404,-0.03341280636399957,-0.03648340255712412,0.05168122080897922,-0.6465173585488203,-0.70593151605245,0.5179443590555224,0.48023072722639526,0.625,0.515,0.479,True,999,0.0001117499778047204,0.0008504160214215517,weak_2x2_bal_strong_100_250,weak_null,True,790,1907505461,-4.440892098500626e-16,0,0
100,250,0.05045668332666908,0.05115393648868971,0.045231331281016196,0.049039975726344665,-0.0006972531620206279,-0.0038086444453284685,0.03840127707542938,-0.018157030576120017,-0.09918015064570303,0.985513581612654,0.9209952346345055,0.992,0.992,0.918,True,999,0.00011237501166760921,0.0008427499560639262,weak_2x2_bal_strong_100_250,weak_null,True,791,1907505461,-4.440892098500626e-16,0,0
100,250,0.14038090706552464,0.08574402998102937,0.13511093421251985,0.08358714101622411,0.05463687708449527,0.05152379319629574,0.05714543234367079,0.9561022612605475,0.9016257482563664,0.3390205724786386,0.36725570845421895,0.427,0.367,0.379,True,999,0.00011316698510199785,0.0008557920809835196,weak_2x2_bal_strong_100_250,weak_null,True,792,1907505461,-4.440892098500626e-16,0,0
100,250,0.04598985494114549,0.02049123373193873,0.04080015623117106,0.0183596856385293,0.025498621209206762,0.02244047059264176,0.033103784140999785,0.7702630339963503,0.6778823380753238,0.4411438794793857,0.49784629929570423,0.531,0.422,0.482,True,999,0.00011883396655321121,0.0008638750296086073,weak_2x2_bal_strong_100_250,weak_null,True,793,1907505461,-4.440892098500626e-16,0,0
100,250,0.02797587320180761,0.04297293301874816,0.022802804366975238,0.04085806636005884,-0.01499705981694055,-0.018055261993083604,0.031568988757492804,-0.4750567061918017,-0.5719303247810953,0.6347465556520802,0.5673691787783754,0.744,0.608,0.549,True,999,0.00011529098264873028,0.0008388340938836336,weak_2x2_bal_strong_100_250,weak_null,True,794,1907505461,-4.440892098500626e-16,0,0
100,250,0.07577115530591394,0.030892910432672616,0.07054701866672985,0.028779215427988447,0.044878244873241324,0.04176780323874141,0.04134972116431506,1.08533367600968,1.0101108801378607,0.27777389581890244,0.31244217009961506,0.431,0.304,0.337,True,999,0.00011558295227587223,0.0008421250386163592,weak_2x2_bal_strong_100_250,weak_null,True,795,1907505461,-4.440892098500626e-16,0,0
100,250,0.021413984295389876,0.041197351644924496,0.01622938807601315,0.039103180750686306,-0.01978336734953462,-0.022873792674673155,0.028751568394358388,-0.6880795885005181,-0.7955667795556306,0.49140266343527184,0.42628388189813415,0.695,0.488,0.437,True,999,0.00011450005695223808,0.0008728340035304427,weak_2x2_bal_strong_100_250,weak_null,True,796,1907505461,-4.440892098500626e-16,0,0
100,250,0.1157924485589863,0.043673458345717064,0.1105501119265,0.04154824310064953,0.07211899021326923,0.06900186882585047,0.05004508391141275,1.4410804134314288,1.3787941478526453,0.14956196629227567,0.16795823157289724,0.191,0.152,0.172,True,999,0.00012458302080631256,0.0008127499604597688,weak_2x2_bal_strong_100_250,weak_null,True,797,1907505461,-4.440892098500626e-16,0,0
100,250,0.04572033088704963,0.022696131748793813,0.04053781125691103,0.020558184385393474,0.02302419913825582,0.019979626871517553,0.033317244868838664,0.6910595167426391,0.5996782432092496,0.489528139755407,0.5487206907541624,0.633,0.499,0.549,True,999,0.00011212495155632496,0.0008007499855011702,weak_2x2_bal_strong_100_250,weak_null,True,798,1907505461,-4.440892098500626e-16,0,0
100,250,0.023770755349350803,0.09710609759136363,0.018600276937249305,0.09499198859582236,-0.07333534224201282,-0.07639171165857306,0.03761586866850047,-1.9495852372385554,-2.0308373663199086,0.05122557436829834,0.04227149515034168,0.202,0.052,0.042,True,999,0.00011054205242544413,0.0008146249456331134,weak_2x2_bal_strong_100_250,weak_null,True,799,1907505461,-4.440892098500626e-16,0,0
100,250,0.043304782161658006,0.05395644364803892,0.03811953542025037,0.05182332373378529,-0.010651661486380914,-0.013703788313534915,0.03764471760248537,-0.2829523546665595,-0.36402951559477675,0.7772133604917163,0.7158359690491016,0.842,0.777,0.723,True,999,0.0001088329590857029,0.0008265000069513917,weak_2x2_bal_strong_100_250,weak_null,True,800,1907505461,-4.440892098500626e-16,0,0
100,250,0.0892511403303553,0.11358524473552645,0.08403255677333732,0.11146645355744056,-0.024334104405171142,-0.02743389678410324,0.05201187656833134,-0.4678566898697044,-0.5274544699048028,0.639887077244141,0.5978780261975893,0.647,0.611,0.554,True,999,0.0001075830077752471,0.0008789999410510063,weak_2x2_bal_strong_100_250,weak_null,True,801,1907505461,-4.440892098500626e-16,0,0
100,250,0.040003196167557986,0.049157671476828924,0.034822286739995434,0.047054664386791956,-0.009154475309270937,-0.012232377646796522,0.035568663303463546,-0.25737473548463397,-0.3439088374627049,0.7968895042681956,0.7309148454808185,0.874,0.793,0.723,True,999,0.00011712498962879181,0.0008032500045374036,weak_2x2_bal_strong_100_250,weak_null,True,802,1907505461,-4.440892098500626e-16,0,0
100,250,0.017782812883105015,0.04286708704806563,0.012605517643933695,0.0407636187217264,-0.025084274164960618,-0.028158101077792708,0.028053719434213805,-0.894151459088462,-1.003720777340191,0.3712408596155806,0.3155132193648662,0.578,0.394,0.333,True,999,0.00011058291420340538,0.0007975000189617276,weak_2x2_bal_strong_100_250,weak_null,True,803,1907505461,-4.440892098500626e-16,0,0
100,250,0.09080171068567389,0.08141816990570905,0.08558590285542778,0.07932235568165424,0.009383540779964838,0.0062635471737735315,0.04934315351228698,0.19016905309118995,0.12693852597430444,0.8491766606373737,0.8989890539492347,0.889,0.866,0.892,True,999,0.00010912492871284485,0.0008105830056592822,weak_2x2_bal_strong_100_250,weak_null,True,804,1907505461,-4.440892098500626e-16,0,0
100,250,0.08562201045193629,0.017443391231600103,0.08039508043167132,0.015258892081845943,0.06817861922033619,0.06513618834982537,0.04175843594301609,1.6326909205453313,1.5598330463983554,0.10253401796703752,0.1187993398995848,0.196,0.11,0.127,True,999,0.00011629110667854548,0.0008086669258773327,weak_2x2_bal_strong_100_250,weak_null,True,805,1907505461,-4.440892098500626e-16,0,0
100,250,0.07408028741081829,0.06884325304120847,0.06887766347202273,0.06669786201493366,0.0052370343696098165,0.00217980145708907,0.046055133463628314,0.11371228299111812,0.04733026034569092,0.9094658752641778,0.9622500108326465,0.956,0.901,0.966,True,999,0.00011579191777855158,0.0008194160182029009,weak_2x2_bal_strong_100_250,weak_null,True,806,1907505461,-4.440892098500626e-16,0,0
100,250,0.08620559036598874,0.08815470706059575,0.08097878337117947,0.08604098855167308,-0.0019491166946070115,-0.005062205180493606,0.04931570966822862,-0.039523241330596114,-0.10264893711455408,0.9684732240887621,0.918241601745175,0.985,0.979,0.922,True,999,0.00014520902186632156,0.0008075000951066613,weak_2x2_bal_strong_100_250,weak_null,True,807,1907505461,-4.440892098500626e-16,0,0
100,250,0.05879172279147726,0.037788974762758554,0.053599990936902486,0.035689920259571295,0.02100274802871871,0.01791007067733119,0.03854650118759139,0.5448678189106243,0.46463544356904357,0.5858444307961967,0.642192545828522,0.686,0.597,0.668,True,999,0.00011041690595448017,0.000799208995886147,weak_2x2_bal_strong_100_250,weak_null,True,808,1907505461,-4.440892098500626e-16,0,0
100,250,0.04079482990536709,0.023033285873591547,0.03561094977699497,0.02089810868730524,0.017761544031775545,0.014712841089689732,0.03199917566283513,0.5550625497020029,0.45978812844162414,0.5788518774689801,0.6456683052010889,0.69,0.581,0.634,True,999,0.00010900001507252455,0.0007927919505164027,weak_2x2_bal_strong_100_250,weak_null,True,809,1907505461,-4.440892098500626e-16,0,0
100,250,0.05247954414889877,0.061480765195121745,0.04728988711309512,0.05933218625779091,-0.009001221046222974,-0.01204229914469579,0.04092649091112559,-0.2199363015453654,-0.2942421614119419,0.8259207638864727,0.7685728656814176,0.863,0.816,0.755,True,999,0.00010800000745803118,0.0008672080002725124,weak_2x2_bal_strong_100_250,weak_null,True,810,1907505461,-4.440892098500626e-16,0,0
100,250,0.012635159247233352,0.012886660913926318,0.0074731455935932445,0.010742988772662443,-0.0002515016666929659,-0.0032698431790691984,0.01947575833927047,-0.012913575035784037,-0.1678929837856923,0.9896967442175184,0.8666674699076047,0.988,0.984,0.844,True,999,0.00011079106479883194,0.0008240410825237632,weak_2x2_bal_strong_100_250,weak_null,True,811,1907505461,-4.440892098500626e-16,0,0
100,250,0.06947806375996723,0.03913966749249892,0.0642740919885938,0.037040229230299815,0.030338396267468315,0.02723386275829398,0.04115908180262089,0.7371009006701519,0.6616732338416697,0.4610609914902436,0.5081806621702404,0.608,0.47,0.525,True,999,0.00010974996257573366,0.0008411669405177236,weak_2x2_bal_strong_100_250,weak_null,True,812,1907505461,-4.440892098500626e-16,0,0
100,250,0.11201200119235766,0.044954356139522034,0.1067713264669834,0.042836798176324464,0.06705764505283562,0.06393452829065893,0.049502441121963066,1.354633095519884,1.2915429389257471,0.17553448361348067,0.1965154757707026,0.286,0.192,0.207,True,999,0.00011054100468754768,0.0008380420040339231,weak_2x2_bal_strong_100_250,weak_null,True,813,1907505461,-4.440892098500626e-16,0,0
100,250,0.099496845428655,0.05577001608876192,0.09426825239016523,0.053649113157149486,0.04372682933989308,0.040619139233015744,0.048766853517251296,0.8966506179125273,0.8329251592712805,0.36990537893051,0.4048869392961767,0.449,0.376,0.406,True,999,0.00011237501166760921,0.0008401250233873725,weak_2x2_bal_strong_100_250,weak_null,True,814,1907505461,-4.440892098500626e-16,0,0
100,250,0.047365188043053896,0.032335163937659395,0.04216824526535845,0.030232901910835608,0.015030024105394502,0.011935343354522843,0.03501176615590053,0.42928494490877017,0.3408952093812434,0.6677158716444693,0.733182471405559,0.751,0.674,0.735,True,999,0.00011541706044226885,0.000841250061057508,weak_2x2_bal_strong_100_250,weak_null,True,815,1907505461,-4.440892098500626e-16,0,0
100,250,0.011574664825310443,0.08359801105810577,0.006410353178807782,0.08149263136613172,-0.07202334623279533,-0.07508227818732394,0.0317657214574487,-2.267329150048524,-2.363625780950679,0.023370126020302306,0.018097082291883983,0.126,0.036,0.032,True,999,0.00011691695544868708,0.0008463750127702951,weak_2x2_bal_strong_100_250,weak_null,True,816,1907505461,-4.440892098500626e-16,0,0
100,250,0.039733217591059744,0.0373447825753509,0.034548711132217136,0.03523710354676268,0.002388435015708845,-0.0006883924145455467,0.03387658391718958,0.0705040101312255,-0.020320597148410943,0.9437925088719491,0.9837876250303301,0.973,0.954,0.986,True,999,0.0001152500044554472,0.0008567499462515116,weak_2x2_bal_strong_100_250,weak_null,True,817,1907505461,-4.440892098500626e-16,0,0
100,250,0.10843039101769636,0.12322470156834242,0.1031986677246266,0.12110644910052315,-0.014794310550646061,-0.017907781375896548,0.05534259005293867,-0.26732233776002123,-0.3235804713651209,0.7892209893424758,0.7462556747707364,0.817,0.762,0.725,True,999,0.00012041698209941387,0.0008097499376162887,weak_2x2_bal_strong_100_250,weak_null,True,818,1907505461,-4.440892098500626e-16,0,0
100,250,0.003344323973138108,0.017027265446549533,-0.001812661884798672,0.01491601311950319,-0.013682941473411425,-0.016728675004301863,0.01529660130900667,-0.894508603382039,-1.093620384447883,0.37104982867113767,0.27412150518714573,0.71,0.379,0.277,True,999,0.00012087495997548103,0.0008290000259876251,weak_2x2_bal_strong_100_250,weak_null,True,819,1907505461,-4.440892098500626e-16,0,0
100,250,0.052014752705386025,0.0246717356060685,0.046828016581656584,0.022566104749614624,0.027343017099317524,0.02426191183204196,0.03511485731979671,0.7786737348894864,0.6909300986498332,0.43617193185501657,0.48960947016008405,0.561,0.432,0.499,True,999,0.00011133390944451094,0.000793042010627687,weak_2x2_bal_strong_100_250,weak_null,True,820,1907505461,-4.440892098500626e-16,0,0
100,250,0.1203303443227377,0.05620044373813171,0.11508851752918758,0.054077156690269135,0.06412990058460599,0.06101136083891845,0.05198610180705463,1.2335970260402065,1.1736090746977121,0.21735310176028644,0.2405516447040268,0.32,0.231,0.257,True,999,0.00010987499263137579,0.0007947910344228148,weak_2x2_bal_strong_100_250,weak_null,True,821,1907505461,-4.440892098500626e-16,0,0
100,250,0.05597128685976205,0.012886660913926318,0.050773277491245494,0.010742988772662443,0.04308462594583573,0.04003028871858305,0.03447787393919214,1.2496311698866098,1.1610428412489582,0.21143431135966195,0.24562447760394357,0.327,0.218,0.253,True,999,0.00010895798914134502,0.0008164159953594208,weak_2x2_bal_strong_100_250,weak_null,True,822,1907505461,-4.440892098500626e-16,0,0
100,250,0.019484155159732897,0.07413476750809533,0.014302164208672252,0.07204893327565287,-0.05465061234836244,-0.05774676906698062,0.03281387276317189,-1.665472793863535,-1.759827908267864,0.09581846706030478,0.07843698961582238,0.247,0.088,0.075,True,999,0.00010916695464402437,0.0008259579772129655,weak_2x2_bal_strong_100_250,weak_null,True,823,1907505461,-4.440892098500626e-16,0,0
100,250,0.05818888357910945,0.027442023689867756,0.05299523256310579,0.02533353328878718,0.030746859889241696,0.027661699274318607,0.03707970911475282,0.8292098461206243,0.746006372075689,0.4069856744186465,0.4556635658062118,0.537,0.422,0.482,True,999,0.00011316698510199785,0.0008239999879151583,weak_2x2_bal_strong_100_250,weak_null,True,824,1907505461,-4.440892098500626e-16,0,0
100,250,0.016173411198517784,0.06228135992978873,0.011009431570727202,0.060190963884949156,-0.04610794873127094,-0.049181532314221954,0.03046719673752995,-1.5133636720333539,-1.6142454042593097,0.13018730739974457,0.10647420707317484,0.36,0.145,0.133,True,999,0.00011491600889712572,0.0008290830301120877,weak_2x2_bal_strong_100_250,weak_null,True,825,1907505461,-4.440892098500626e-16,0,0
100,250,0.03424862299807008,0.021690482760106655,0.02906604376374844,0.019594659377517587,0.012558140237963422,0.009471384386230852,0.029477984344550536,0.4260176032112246,0.3213036643050455,0.6700950190619521,0.7479802798064933,0.768,0.681,0.751,True,999,0.00011550006456673145,0.0008305419469252229,weak_2x2_bal_strong_100_250,weak_null,True,826,1907505461,-4.440892098500626e-16,0,0
100,250,0.05031393641726378,0.030425267212155327,0.04511925853536525,0.028313430101931658,0.019888669205108456,0.01680582843343359,0.0356379738792397,0.5580751945242954,0.4715708162978239,0.5767930383219996,0.6372331614757997,0.745,0.601,0.669,True,999,0.00011658400762826204,0.0008615420665591955,weak_2x2_bal_strong_100_250,weak_null,True,827,1907505461,-4.440892098500626e-16,0,0
100,250,0.034040980571866775,0.01079130840550721,0.028865908768068493,0.008573805485539765,0.023249672166359564,0.02029210328252873,0.027807613992820633,0.8360901504301003,0.729731910395755,0.40310418902184497,0.4655540716989074,0.64,0.424,0.49,True,999,0.00012691703159362078,0.0008156659314408898,weak_2x2_bal_strong_100_250,weak_null,True,828,1907505461,-4.440892098500626e-16,0,0
100,250,0.02509373622103761,0.04495727175295172,0.01992232242085379,0.042851009591970524,-0.01986353553191411,-0.022928687171116735,0.030843963782461167,-0.6440007410204889,-0.7433768024379116,0.5195749534734386,0.4572535847586435,0.671,0.5,0.441,True,999,0.00010991701856255531,0.0007995410123839974,weak_2x2_bal_strong_100_250,weak_null,True,829,1907505461,-4.440892098500626e-16,0,0
100,250,0.057778977696978706,0.037788974762758554,0.05258685887258707,0.035689920259571295,0.019990002934220152,0.016896938613015777,0.03833108858578356,0.5215088762606693,0.4408155165017308,0.6020123238019051,0.6593465594004146,0.692,0.602,0.65,True,999,0.0001092089805752039,0.0008061249973252416,weak_2x2_bal_strong_100_250,weak_null,True,830,1907505461,-4.440892098500626e-16,0,0
100,250,0.03339837382168831,0.09077534762282591,0.02821908310569654,0.08864914121527079,-0.0573769738011376,-0.06043005810957425,0.039580470935089804,-1.4496283759542241,-1.5267645048659686,0.14716217864551037,0.12681958087797748,0.301,0.161,0.143,True,999,0.00010883307550102472,0.0008241250179708004,weak_2x2_bal_strong_100_250,weak_null,True,831,1907505461,-4.440892098500626e-16,0,0
100,250,0.04669225475435179,0.014066190253710642,0.04150132693094122,0.011889631020196134,0.03262606450064115,0.029611695910745084,0.0322037178897108,1.0131148401056294,0.9195117163849621,0.31100531067852344,0.3578279801790748,0.538,0.3,0.357,True,999,0.00010850001126527786,0.0008411669405177236,weak_2x2_bal_strong_100_250,weak_null,True,832,1907505461,-4.440892098500626e-16,0,0
100,250,0.03609582293722302,0.05628116650604298,0.030912397101076294,0.054144032947434084,-0.020185343568819958,-0.02323163584635779,0.03625807365908612,-0.5567130719246469,-0.6407300085710991,0.577723484266351,0.521698113799792,0.736,0.572,0.516,True,999,0.00011020794045180082,0.0008411670569330454,weak_2x2_bal_strong_100_250,weak_null,True,833,1907505461,-4.440892098500626e-16,0,0
100,250,0.036944118858446284,0.05809673205686844,0.0317579468193685,0.055972449151127535,-0.021152613198422154,-0.024214502331759036,0.03643779588283243,-0.5805129724761467,-0.6645435527884834,0.5615687412067707,0.5063424834797698,0.715,0.588,0.537,True,999,0.00011008395813405514,0.0008387500420212746,weak_2x2_bal_strong_100_250,weak_null,True,834,1907505461,-4.440892098500626e-16,0,0
100,250,0.03399183196071365,0.03562959962692097,0.028815487930302197,0.03352381951576433,-0.0016377676662073237,-0.004708331585462133,0.03196597372429759,-0.051234718527045635,-0.14729198071896346,0.9591384867791631,0.8829015619036521,0.973,0.953,0.893,True,999,0.00010941701475530863,0.000841874978505075,weak_2x2_bal_strong_100_250,weak_null,True,835,1907505461,-4.440892098500626e-16,0,0
100,250,0.01310663329115802,0.042683686456294556,0.007943546320348105,0.040563683376603876,-0.029577053165136535,-0.03262013705625577,0.0265318537584983,-1.114775222054088,-1.2294707091775432,0.2649467569922829,0.21889537335122222,0.553,0.293,0.243,True,999,0.00011258292943239212,0.0008845420088618994,weak_2x2_bal_strong_100_250,weak_null,True,836,1907505461,-4.440892098500626e-16,0,0
100,250,0.05510592238456247,0.04685423519047194,0.04990744459784935,0.044739683596759505,0.008251687194090529,0.005167761001089843,0.03893735063403673,0.21192215340088888,0.13271989277494634,0.8321677671950602,0.894414909883438,0.885,0.839,0.883,True,999,0.00012149999383836985,0.0008093329379335046,weak_2x2_bal_strong_100_250,weak_null,True,837,1907505461,-4.440892098500626e-16,0,0
100,250,0.10038635749680447,0.027433712001333765,0.09516207907226715,0.025290688811978157,0.0729526454954707,0.06987139026028899,0.04580461500150057,1.5926920353567158,1.5254224985408127,0.11122929517056217,0.12715375062545778,0.207,0.124,0.138,True,999,0.00011679099407047033,0.0008008331060409546,weak_2x2_bal_strong_100_250,weak_null,True,838,1907505461,-4.440892098500626e-16,0,0
100,250,0.0008212665613388515,0.04274976788692436,-0.004339114330093707,0.04064150043582515,-0.04192850132558551,-0.04498061476591886,0.021223446601068795,-1.9755745668318558,-2.119383133729734,0.048202981532320194,0.03405810102091924,0.227,0.045,0.037,True,999,0.0001092919846996665,0.000795625033788383,weak_2x2_bal_strong_100_250,weak_null,True,839,1907505461,-4.440892098500626e-16,0,0
100,250,0.040003196167557986,0.05237438570334957,0.034822286739995434,0.05024079935670045,-0.012371189535791582,-0.015418512616705016,0.036499975390914985,-0.3389369281292948,-0.4224252880056121,0.7346572446057565,0.6727146231310187,0.834,0.743,0.694,True,999,0.00010883307550102472,0.0008077080128714442,weak_2x2_bal_strong_100_250,weak_null,True,840,1907505461,-4.440892098500626e-16,0,0
100,250,0.08232370950147083,0.10083382235354715,0.07711060018824867,0.0983443980134382,-0.01851011285207632,-0.021233797825189527,0.05043392445313305,-0.36701710312623587,-0.4210221206347237,0.7136062604667793,0.6737389290464333,0.792,0.699,0.673,True,999,0.00010829197708517313,0.0008267090888693929,weak_2x2_bal_strong_100_250,weak_null,True,841,1907505461,-4.440892098500626e-16,0,0
100,250,0.05294730802400738,0.08397287670703368,0.04775382201975731,0.08184547564185607,-0.031025568683026306,-0.03409165362209876,0.04319229399777587,-0.7183125926264515,-0.7892994436427541,0.4725645674164277,0.42993701173727494,0.647,0.5,0.449,True,999,0.0001093749888241291,0.0008403330575674772,weak_2x2_bal_strong_100_250,weak_null,True,842,1907505461,-4.440892098500626e-16,0,0
100,250,0.03988480078387058,0.06667211809663681,0.03470583080502365,0.06456951477635187,-0.026787317312766235,-0.029863683971328214,0.03789986550378688,-0.7067918832083903,-0.7879627954971052,0.4796958194078843,0.4307184682272125,0.623,0.482,0.434,True,999,0.00010974996257573366,0.0008363750530406833,weak_2x2_bal_strong_100_250,weak_null,True,843,1907505461,-4.440892098500626e-16,0,0
100,250,0.03676105641245542,0.021627418580791147,0.03158011490856438,0.01951126758955013,0.01513363783166427,0.012068847319014253,0.030484835418078927,0.49643167247310505,0.3958967517291192,0.6195898836569975,0.692181197452228,0.773,0.627,0.707,True,999,0.00010866695083677769,0.0008376250043511391,weak_2x2_bal_strong_100_250,weak_null,True,844,1907505461,-4.440892098500626e-16,0,0
100,250,0.051912047129490935,0.017930854987426026,0.046724493421635316,0.015819096107975383,0.03398119214206491,0.030905397313659932,0.03407728380694623,0.9971801841535933,0.9069207947659329,0.31867705762377496,0.36444868368254524,0.495,0.352,0.403,True,999,0.00010816706344485283,0.0008790419669821858,weak_2x2_bal_strong_100_250,weak_null,True,845,1907505461,-4.440892098500626e-16,0,0
100,250,0.06986929621782778,0.04861055942411163,0.06465811174034286,0.0464811218240726,0.02125873679371615,0.01817698991627026,0.04250691262311393,0.5001242264336158,0.42762432730497063,0.6169876085288276,0.6689246514789833,0.696,0.637,0.676,True,999,0.00011120806448161602,0.0007987499702721834,weak_2x2_bal_strong_100_250,weak_null,True,846,1907505461,-4.440892098500626e-16,0,0
100,250,0.07123574591686377,0.0495276399739526,0.0660229525078222,0.0474348493368808,0.02170810594291117,0.018588103170941395,0.04278624308350107,0.507361814883955,0.43444111544603475,0.6119009732472042,0.6639681463499154,0.665,0.598,0.675,True,999,0.00011025008279830217,0.0007960000075399876,weak_2x2_bal_strong_100_250,weak_null,True,847,1907505461,-4.440892098500626e-16,0,0
100,250,0.04550937731471627,0.008777160816328622,0.040325315708599874,0.006469653229416394,0.03673221649838765,0.03385566247918348,0.03105924035282817,1.182650189802305,1.0900351101504218,0.23694781252782393,0.27569767828491676,0.497,0.24,0.291,True,999,0.00010904099326580763,0.0007987499702721834,weak_2x2_bal_strong_100_250,weak_null,True,848,1907505461,-4.440892098500626e-16,0,0
100,250,0.026748083521777155,0.06469116164066813,0.021570106362460706,0.06256977849552925,-0.03794307811889097,-0.04099967213306854,0.03463015578600173,-1.0956658223936837,-1.183929763020053,0.27322504478744547,0.23644086729880898,0.508,0.295,0.265,True,999,0.00011870905291289091,0.0008147499756887555,weak_2x2_bal_strong_100_250,weak_null,True,849,1907505461,-4.440892098500626e-16,0,0
100,250,0.06622639858617974,0.059078765043928616,0.06102599681521781,0.0569789010387467,0.0071476335422511195,0.00404709577647111,0.042624967844487625,0.16768654391314622,0.09494660010622134,0.8668298826908337,0.9243572421493058,0.899,0.878,0.927,True,999,0.00011679204180836678,0.000823875074274838,weak_2x2_bal_strong_100_250,weak_null,True,850,1907505461,-4.440892098500626e-16,0,0
100,250,0.048646947307498634,0.06528911987993308,0.04345864183397907,0.06319068975551545,-0.016642172572434444,-0.019732047921536378,0.039339871374409086,-0.42303576476003213,-0.5015788621610044,0.6722691672087239,0.6159637913681086,0.767,0.679,0.623,True,999,0.00011637492571026087,0.0008423749823123217,weak_2x2_bal_strong_100_250,weak_null,True,851,1907505461,-4.440892098500626e-16,0,0
100,250,0.10684208725377564,0.04622426625217435,0.10160707481718134,0.044126774311123995,0.06061782100160129,0.05748030050605735,0.04872797495807494,1.2440045180157036,1.1796160327925145,0.21349790011599667,0.23815296334101055,0.281,0.226,0.259,True,999,0.00011462508700788021,0.0008339160121977329,weak_2x2_bal_strong_100_250,weak_null,True,852,1907505461,-4.440892098500626e-16,0,0
100,250,0.02369145043915266,0.07591293963433532,0.018509253832064587,0.07380633941829728,-0.05222148919518266,-0.0552970855862327,0.03487191754462698,-1.4975227309583061,-1.585719670146238,0.1342572954652731,0.11280291505619852,0.331,0.143,0.124,True,999,0.00011491705663502216,0.0008410420268774033,weak_2x2_bal_strong_100_250,weak_null,True,853,1907505461,-4.440892098500626e-16,0,0
100,250,0.06550632137795342,0.0637569928544609,0.06028858434295614,0.061565579021902295,0.0017493285234925215,-0.0012769946789461528,0.04360064261410951,0.040121622494766286,-0.02928843710511981,0.9679961634211386,0.9766345488010658,0.985,0.972,0.992,True,999,0.00011100003030151129,0.0008442919934168458,weak_2x2_bal_strong_100_250,weak_null,True,854,1907505461,-4.440892098500626e-16,0,0
100,250,0.016997411978904697,0.10135231227808633,0.011828608773555516,0.09922899162333465,-0.08435490029918163,-0.08740038284977913,0.036403777160055426,-2.3172018641994456,-2.400860286159549,0.02049273803278919,0.016356580195296552,0.116,0.024,0.021,True,999,0.00011233403347432613,0.0008018750231713057,weak_2x2_bal_strong_100_250,weak_null,True,855,1907505461,-4.440892098500626e-16,0,0
100,250,0.02716617125211762,0.06529599230342018,0.021992970881825613,0.0631123799674782,-0.038129821051302554,-0.04111940908565259,0.034806728430186715,-1.0954727080363529,-1.1813638034993,0.2733095958107894,0.23745823086349238,0.417,0.248,0.223,True,999,0.00013237493112683296,0.0008076670346781611,weak_2x2_bal_strong_100_250,weak_null,True,856,1907505461,-4.440892098500626e-16,0,0
100,250,0.04369398753071907,0.05115393648868971,0.03849997720101328,0.049039975726344665,-0.007459948957970641,-0.010539998525331384,0.036954571772087975,-0.20186809372271466,-0.28521500912891956,0.8400198460636127,0.7754794221019772,0.897,0.843,0.782,True,999,0.00011054100468754768,0.0008014580234885216,weak_2x2_bal_strong_100_250,weak_null,True,857,1907505461,-4.440892098500626e-16,0,0
100,250,0.05879803751602253,0.02131814388927067,0.05360461857230803,0.019199993046157715,0.03747989362675186,0.03440462552615031,0.03633668837677227,1.0314614595068703,0.9468288680963837,0.3023244725945077,0.3437259890038289,0.403,0.301,0.35,True,999,0.00010912504512816668,0.0008069159230217338,weak_2x2_bal_strong_100_250,weak_null,True,858,1907505461,-4.440892098500626e-16,0,0
100,250,0.031160597538534285,0.09502668435320438,0.02598106850089721,0.09284728739699233,-0.0638660868146701,-0.06686621889609512,0.03917903910337049,-1.6301085548873462,-1.7066834824528088,0.10307855597120967,0.0878808989316165,0.273,0.108,0.099,True,999,0.00011220807209610939,0.0008181669982150197,weak_2x2_bal_strong_100_250,weak_null,True,859,1907505461,-4.440892098500626e-16,0,0
100,250,0.10525160164760838,0.052161475297568316,0.10000571197824115,0.05004250812783084,0.05309012635004007,0.04996320385041031,0.049039328166394607,1.0826030521849883,1.0188394849309703,0.27898465197260713,0.30827917691326734,0.369,0.302,0.325,True,999,0.00011025008279830217,0.0008352919248864055,weak_2x2_bal_strong_100_250,weak_null,True,860,1907505461,-4.440892098500626e-16,0,0
100,250,0.04461546492319102,0.06535229648733787,0.03943237260273236,0.0632398923946198,-0.02073683156414685,-0.023807519791887444,0.03872311719314381,-0.5355155542028122,-0.6148141347490157,0.5922934049100321,0.5386774735538016,0.727,0.626,0.571,True,999,0.00011441705282777548,0.0008358750492334366,weak_2x2_bal_strong_100_250,weak_null,True,861,1907505461,-4.440892098500626e-16,0,0
100,250,0.04461546492319102,0.0903685710039906,0.039432372602675514,0.08826978710759192,-0.04575310608079958,-0.04883741450491641,0.041439791171927136,-1.1040863090013455,-1.178514976156557,0.26955569966468806,0.2385913654345423,0.387,0.253,0.245,True,999,0.00011491705663502216,0.0008504580473527312,weak_2x2_bal_strong_100_250,weak_null,True,862,1907505461,-4.440892098500626e-16,0,0
100,250,0.11219676854450578,0.020365220006563323,0.1069148930038466,0.018234219866471335,0.09183154853794245,0.08868067313737527,0.046345372354026304,1.981461014844225,1.9134741751550743,0.04753959715839269,0.05568737650391886,0.098,0.058,0.072,True,999,0.00016012496780604124,0.0008156669791787863,weak_2x2_bal_strong_100_250,weak_null,True,863,1907505461,-4.440892098500626e-16,0,0
100,250,0.005374951800772743,0.008785056552410575,0.00020077721009670313,0.006617761676125156,-0.0034101047516378324,-0.0064169844660284525,0.013935856726402728,-0.24470004382128038,-0.46046573181761413,0.8066886941081015,0.6451819630640184,0.892,0.789,0.631,True,999,0.00011220795568078756,0.000793374958448112,weak_2x2_bal_strong_100_250,weak_null,True,864,1907505461,-4.440892098500626e-16,0,0
100,250,0.10911119988486317,0.04033308454080248,0.10387650445666452,0.03821810434173756,0.0687781153440607,0.06565840011492696,0.04854709218851915,1.416729864622581,1.3524682355837256,0.1565619220152381,0.17622557360667923,0.231,0.173,0.196,True,999,0.00011008395813405514,0.000800624955445528,weak_2x2_bal_strong_100_250,weak_null,True,865,1907505461,-4.440892098500626e-16,0,0
100,250,0.14549213656534055,0.05998576614924406,0.14021046081539623,0.057849585884738985,0.08550637041609649,0.08236087493065725,0.05557891382759958,1.5384678203919024,1.4818726970111853,0.12393427079738331,0.1383741711050745,0.191,0.142,0.155,True,999,0.00010945892427116632,0.000827459036372602,weak_2x2_bal_strong_100_250,weak_null,True,866,1907505461,-4.440892098500626e-16,0,0
100,250,0.0653260642008755,0.059575496487977,0.06012908305828546,0.057461861381753465,0.005750567712898502,0.0026672216765319945,0.04291330713007923,0.1340043007048449,0.06215372002085708,0.8933991736398957,0.950440417263979,0.932,0.913,0.958,True,999,0.00011454196646809578,0.0008309159893542528,weak_2x2_bal_strong_100_250,weak_null,True,867,1907505461,-4.440892098500626e-16,0,0
100,250,0.025644739629517965,0.027954033927965416,0.02047044986328217,0.025826768432992253,-0.0023092942984474507,-0.0053563185697100835,0.02811921757103835,-0.08212512644114002,-0.19048604592849247,0.934547212598929,0.8489282767372528,0.956,0.948,0.851,True,999,0.00011612498201429844,0.0008257919689640403,weak_2x2_bal_strong_100_250,weak_null,True,868,1907505461,-4.440892098500626e-16,0,0
100,250,0.04572033088704963,0.04962055991104569,0.04053781125691103,0.04747630928626734,-0.00390022902399606,-0.00693849802935631,0.03771754735631857,-0.10340622064182763,-0.1839594171860687,0.9176405752572347,0.8540452919195572,0.938,0.895,0.833,True,999,0.00011570798233151436,0.0008339580381289124,weak_2x2_bal_strong_100_250,weak_null,True,869,1907505461,-4.440892098500626e-16,0,0
100,250,0.12040616513819713,0.03710601531093233,0.11515909825942572,0.034985505731910393,0.0833001498272648,0.08017359252751532,0.05000198367323166,1.6659369030564917,1.603408237790292,0.09572598245547642,0.10884455349906644,0.188,0.131,0.157,True,999,0.00011558306869119406,0.0008400419028475881,weak_2x2_bal_strong_100_250,weak_null,True,870,1907505461,-4.440892098500626e-16,0,0
100,250,0.049884488247439074,0.07286782623872468,0.044696008551284194,0.07077403789268999,-0.0229833379912856,-0.026078029341405795,0.04074989507826727,-0.5640097464580486,-0.6399532880101507,0.5727474991114816,0.5222029684500222,0.699,0.583,0.549,True,999,0.00011520797852426767,0.000895458972081542,weak_2x2_bal_strong_100_250,weak_null,True,871,1907505461,-4.440892098500626e-16,0,0
100,250,0.11801620650141187,0.055551269644643075,0.11277583416959658,0.0534582820071563,0.062464936856768793,0.05931755216244028,0.051235713732788644,1.2191678871215554,1.1577383789713778,0.22278047763432396,0.2469708168921586,0.305,0.242,0.263,True,999,0.00012229196727275848,0.0008123329607769847,weak_2x2_bal_strong_100_250,weak_null,True,872,1907505461,-4.440892098500626e-16,0,0
100,250,0.05142768388279051,0.033816314406782844,0.0462399154987736,0.031699758680261425,0.017611369476007666,0.014540156818512173,0.0364619981889129,0.4830061530024101,0.3987756442523613,0.6290913673581748,0.6900585247376456,0.747,0.657,0.698,True,999,0.00010924995876848698,0.0007992499740794301,weak_2x2_bal_strong_100_250,weak_null,True,873,1907505461,-4.440892098500626e-16,0,0
100,250,0.06336955972453928,0.059332685632409454,0.05816819124569861,0.05716535133588252,0.004036874092129827,0.001002839909816089,0.0432177352882169,0.09340781198293055,0.023204360504505847,0.92557958458879,0.9814872603655524,0.933,0.926,0.994,True,999,0.00011000002268701792,0.000800583977252245,weak_2x2_bal_strong_100_250,weak_null,True,874,1907505461,-4.440892098500626e-16,0,0
100,250,0.015259993633018887,0.06480497166842258,0.010093761204842622,0.06268042970802412,-0.0495449780354037,-0.0525866685031815,0.030891078613493238,-1.6038604108100787,-1.702325424150506,0.10874482494543806,0.08869438136547747,0.325,0.122,0.104,True,999,0.00010883307550102472,0.0008314579026773572,weak_2x2_bal_strong_100_250,weak_null,True,875,1907505461,-4.440892098500626e-16,0,0
100,250,0.07534538571423399,0.10057596789706597,0.070136923885741,0.09846960970091345,-0.025230582182831973,-0.028332685815172454,0.04832453892396935,-0.5221070442602279,-0.5863001788749446,0.6015958021219262,0.5576738108520908,0.683,0.602,0.55,True,999,0.00010974996257573366,0.0008361659711226821,weak_2x2_bal_strong_100_250,weak_null,True,876,1907505461,-4.440892098500626e-16,0,0
100,250,0.03448819381301116,0.02113621520899872,0.02931219336318236,0.019001733284753186,0.013351978604012438,0.010310460078429173,0.02974945283148114,0.44881425818639775,0.3465764609801008,0.653565652307387,0.7289095324965764,0.797,0.673,0.748,True,999,0.00011133297812193632,0.0008249160600826144,weak_2x2_bal_strong_100_250,weak_null,True,877,1907505461,-4.440892098500626e-16,0,0
100,250,0.017876396390911986,0.032335163937659395,0.012707104958536775,0.030232901910835608,-0.014458767546747409,-0.017525796952298833,0.026062678804470187,-0.5547690494603911,-0.6724480274565201,0.579052639711532,0.5012985163090988,0.768,0.589,0.529,True,999,0.00011308409739285707,0.000836749910376966,weak_2x2_bal_strong_100_250,weak_null,True,878,1907505461,-4.440892098500626e-16,0,0
100,250,0.05131293593563868,0.038706894988686846,0.04612276262523096,0.036616478982892886,0.012606040946951835,0.009506283642338076,0.03682217460700991,0.34234917088661027,0.25816736093930603,0.7320881355956625,0.7962777464624637,0.801,0.708,0.792,True,999,0.00011820800136774778,0.0008351670112460852,weak_2x2_bal_strong_100_250,weak_null,True,879,1907505461,-4.440892098500626e-16,0,0
100,250,0.051912047129490935,0.04304480314817963,0.046724493421635316,0.040852172516274265,0.008867243981311307,0.00587232090536105,0.038553481536497305,0.2299985274460098,0.15231622855647728,0.8180929139748193,0.8789375257261263,0.871,0.801,0.881,True,999,0.00011462508700788021,0.0008509170729666948,weak_2x2_bal_strong_100_250,weak_null,True,880,1907505461,-4.440892098500626e-16,0,0
100,250,0.034040980571866775,0.02192115210608281,0.028865908768068493,0.019803905707632907,0.012119828465783966,0.009062003060435586,0.02965754858379371,0.4086591456317065,0.3055546898905695,0.6827898192555486,0.7599437236054106,0.798,0.697,0.778,True,999,0.00011199992150068283,0.0007947080302983522,weak_2x2_bal_strong_100_250,weak_null,True,881,1907505461,-4.440892098500626e-16,0,0
100,250,0.043304782161658006,0.08583429846450946,0.03811953542025037,0.08375149424801975,-0.042529516302851456,-0.04563195882776938,0.0403030845311199,-1.0552422177516567,-1.132220011412149,0.29131456033786307,0.25754194894726634,0.449,0.301,0.273,True,999,0.00011025008279830217,0.0008160409051924944,weak_2x2_bal_strong_100_250,weak_null,True,882,1907505461,-4.440892098500626e-16,0,0
100,250,0.00502661536068183,0.045689803842828836,-0.00013129050341831316,0.04358926726069967,-0.040663188482147006,-0.043720557764117984,0.023613477738842144,-1.7220330241851478,-1.851508627727521,0.08506353635419442,0.06409641468694594,0.378,0.097,0.089,True,999,0.0001180840190500021,0.0008279170142486691,weak_2x2_bal_strong_100_250,weak_null,True,883,1907505461,-4.440892098500626e-16,0,0
100,250,0.020440182082595126,0.032064127772557405,0.015269826636711059,0.029950145599173084,-0.011623945689962278,-0.014680318962462025,0.027077136417148543,-0.4292900663823734,-0.542166599019114,0.6677121450046428,0.5877037426302387,0.786,0.673,0.596,True,999,0.0001112909521907568,0.0008322920184582472,weak_2x2_bal_strong_100_250,weak_null,True,884,1907505461,-4.440892098500626e-16,0,0
100,250,0.05879172279147726,0.09026854983175031,0.053599990936902486,0.08811141970424785,-0.03147682704027305,-0.034511428767345365,0.045448997069360675,-0.6925747336566217,-0.7593441218224627,0.488576471012261,0.4476467303524717,0.622,0.496,0.444,True,999,0.00011845899280160666,0.0008384169777855277,weak_2x2_bal_strong_100_250,weak_null,True,885,1907505461,-4.440892098500626e-16,0,0
100,250,0.05172414008263515,0.05725061815031646,0.04653727643929528,0.055139868287113813,-0.005526478067681306,-0.00860259184781853,0.039669441312328434,-0.13931323166791845,-0.2168568944565656,0.889202634482346,0.8283198714241484,0.927,0.898,0.831,True,999,0.00011670892126858234,0.0008382499217987061,weak_2x2_bal_strong_100_250,weak_null,True,886,1907505461,-4.440892098500626e-16,0,0
100,250,0.05480756465785186,0.039023112721372266,0.04960896595511599,0.03689947542609673,0.015784451936479593,0.012709490529019263,0.03804761606546685,0.4148604713977345,0.3340417046668734,0.6782440482603735,0.7383480886051222,0.746,0.673,0.723,True,999,0.00011404103133827448,0.0008478750241920352,weak_2x2_bal_strong_100_250,weak_null,True,887,1907505461,-4.440892098500626e-16,0,0
100,250,0.03491786242053263,0.07492971115611985,0.02973575019713337,0.07277906114060784,-0.04001184873558722,-0.043043310943474467,0.0383197671508646,-1.0441568858720072,-1.1232665056134947,0.2964128105058247,0.2613243245993474,0.484,0.319,0.291,True,999,0.00011358398478478193,0.0008512079948559403,weak_2x2_bal_strong_100_250,weak_null,True,888,1907505461,-4.440892098500626e-16,0,0
100,250,0.034040980571866775,0.02607906212025418,0.028865908768068493,0.023971892793085203,0.007961918451612593,0.00489401597498329,0.030346467536056076,0.26236722419677544,0.16127135618564098,0.7930383391092062,0.8718796823848063,0.85,0.784,0.87,True,999,0.00013812503311783075,0.0008422919781878591,weak_2x2_bal_strong_100_250,weak_null,True,889,1907505461,-4.440892098500626e-16,0,0
100,250,0.020538433349263974,0.04542301001472482,0.015370803719349624,0.04330311673076892,-0.024884576665460845,-0.027932313011419296,0.029712989464119276,-0.837498249562229,-0.9400707742702805,0.4023125604581309,0.347181258747415,0.623,0.429,0.371,True,999,0.00011120899580419064,0.0007969170110300183,weak_2x2_bal_strong_100_250,weak_null,True,890,1907505461,-4.440892098500626e-16,0,0
100,250,0.0381670583565088,0.04033308454080248,0.03298502137083403,0.03821810434173756,-0.002166026184293679,-0.005233082970903524,0.03396375495146573,-0.06377463821031963,-0.1540784574138404,0.9491496729149813,0.8775478739261805,0.954,0.937,0.888,True,999,0.00010962504893541336,0.0008089169859886169,weak_2x2_bal_strong_100_250,weak_null,True,891,1907505461,-4.440892098500626e-16,0,0
100,250,0.034248622998069855,0.051030354114706244,0.02906604376374844,0.04891697865275546,-0.01678173111663639,-0.01985093488900702,0.034577106507950386,-0.48534226288650645,-0.5741063059872478,0.6274335809146805,0.5658958663594189,0.773,0.648,0.577,True,999,0.00011541694402694702,0.0008122500730678439,weak_2x2_bal_strong_100_250,weak_null,True,892,1907505461,-4.440892098500626e-16,0,0
100,250,0.0573786912447658,0.04475401130548751,0.05218472349366721,0.04264856336949663,0.012624679939278294,0.009536160124170578,0.03928489986540783,0.32136215142538543,0.24274365358807007,0.7479359619448455,0.8082039879648877,0.81,0.729,0.808,True,999,0.00011687504593282938,0.0008203749312087893,weak_2x2_bal_strong_100_250,weak_null,True,893,1907505461,-4.440892098500626e-16,0,0
100,250,0.058386195386126105,0.06445340288843437,0.053194310284879975,0.06233997191468177,-0.0060672075023082694,-0.009145661629801793,0.041916283436921685,-0.144745836339202,-0.2181887533889967,0.8849115480489648,0.8272820474927718,0.91,0.879,0.831,True,999,0.00011791707947850227,0.0008250839309766889,weak_2x2_bal_strong_100_250,weak_null,True,894,1907505461,-4.440892098500626e-16,0,0
100,250,0.040267259181623105,0.06334373261063331,0.03508650452536699,0.06123549189690891,-0.023076473429010202,-0.02614898737154192,0.037682554232409765,-0.6123914341550324,-0.6939282090663554,0.5402788077785468,0.4877272319332264,0.677,0.529,0.477,True,999,0.00011587503831833601,0.0008304169168695807,weak_2x2_bal_strong_100_250,weak_null,True,895,1907505461,-4.440892098500626e-16,0,0
100,250,0.012056972677852551,0.029789570945792154,0.006893521137143921,0.027663487631045314,-0.017732598267939603,-0.020769966493901393,0.0235452021573258,-0.7531300071009296,-0.8821315848179742,0.45137179416401274,0.3777056537164155,0.72,0.471,0.41,True,999,0.00011554104276001453,0.0008304170332849026,weak_2x2_bal_strong_100_250,weak_null,True,896,1907505461,-4.440892098500626e-16,0,0
100,250,0.042798996960902724,0.02678934024213725,0.03757990282804968,0.02466740137711554,0.016009656718765475,0.012912501450934144,0.0331447415744214,0.4830225235824592,0.38957918624711907,0.6290797436938711,0.6968477454432821,0.767,0.631,0.695,True,999,0.00011479097884148359,0.0009182499488815665,weak_2x2_bal_strong_100_250,weak_null,True,897,1907505461,-4.440892098500626e-16,0,0
100,250,0.05899469949768721,0.05577001608876192,0.05380304350626375,0.053649113157149486,0.0032246834089252885,0.00015393034911426184,0.04123660490529663,0.07819953694856907,0.0037328569960542574,0.9376693303527814,0.9970216179520708,0.96,0.946,0.999,True,999,0.00012016703840345144,0.0008217080030590296,weak_2x2_bal_strong_100_250,weak_null,True,898,1907505461,-4.440892098500626e-16,0,0
100,250,0.07324866353757342,0.04101028930968531,0.06804378717409065,0.03889811381617392,0.03223837422788811,0.029145673357916735,0.04225276929079376,0.7629884329241436,0.6897932099391918,0.4454702942729284,0.4903242393086662,0.532,0.442,0.48,True,999,0.0001112909521907568,0.0008022079709917307,weak_2x2_bal_strong_100_250,weak_null,True,899,1907505461,-4.440892098500626e-16,0,0
100,250,0.016623691088607173,0.05896347219608078,0.011454391735654212,0.05681991733894165,-0.042339781107473606,-0.04536552560328744,0.031245186949396403,-1.355081701896859,-1.4519204406348996,0.17539152785427492,0.14652372824261203,0.403,0.178,0.15,True,999,0.0001093749888241291,0.0007992080645635724,weak_2x2_bal_strong_100_250,weak_null,True,900,1907505461,-4.440892098500626e-16,0,0
100,250,0.055105922384562245,0.06475794962569847,0.04990744459784935,0.06266707233162094,-0.00965202724113623,-0.012759627733771595,0.040688278935891595,-0.23721886237419756,-0.31359467806135644,0.8124870038352162,0.7538289020851826,0.829,0.821,0.758,True,999,0.00010862504132091999,0.000822333968244493,weak_2x2_bal_strong_100_250,weak_null,True,901,1907505461,-4.440892098500626e-16,0,0
100,250,0.0031738505229164105,0.11346875098518355,-0.0019822994572678,0.11129191738366728,-0.11029490046226714,-0.11327421684093508,0.03506756717413541,-3.14521106966373,-3.230170381607827,0.0016596704206628715,0.0012371646709258472,0.037,0.004,0.004,True,999,0.00011374999303370714,0.0008223329205065966,weak_2x2_bal_strong_100_250,weak_null,True,902,1907505461,-4.440892098500626e-16,0,0
100,250,0.04725555557675609,0.10342395925664327,0.04206490692027387,0.10131052856795009,-0.05616840367988718,-0.059245621647676217,0.04353277619584191,-1.290255494554289,-1.3609428762628546,0.19696196386009157,0.17353174236198998,0.366,0.213,0.185,True,999,0.00011758401524275541,0.0008321249624714255,weak_2x2_bal_strong_100_250,weak_null,True,903,1907505461,-4.440892098500626e-16,0,0
100,250,0.040267259181623105,0.09119059403456908,0.03508650452536699,0.08906181586766593,-0.05092333485294598,-0.05397531134229894,0.041176691357802594,-1.2367029300739698,-1.3108219617084684,0.21619739051449915,0.18991792095253723,0.36,0.222,0.202,True,999,0.00012216693721711636,0.0008272080449387431,weak_2x2_bal_strong_100_250,weak_null,True,904,1907505461,-4.440892098500626e-16,0,0
100,250,0.055781177737266874,0.06861025875390558,0.05057767605870822,0.0664946841856704,-0.01282908101663871,-0.015917008126962173,0.0419947944963975,-0.3054921727915408,-0.3790233603435684,0.7599913304463175,0.7046705167735042,0.837,0.794,0.731,True,999,0.00011508399620652199,0.000830666976980865,weak_2x2_bal_strong_100_250,weak_null,True,905,1907505461,-4.440892098500626e-16,0,0
100,250,0.06423198976048061,0.07854981135616113,0.059013840568425735,0.0764405973916098,-0.014317821595680513,-0.017426756823184064,0.04443479549443759,-0.3222209405121002,-0.3921871728961951,0.747285321564386,0.6949199210647777,0.793,0.719,0.669,True,999,0.00011466594878584146,0.0008762499783188105,weak_2x2_bal_strong_100_250,weak_null,True,906,1907505461,-4.440892098500626e-16,0,0
100,250,0.05866276297061179,0.049747126850134826,0.05345957433543447,0.0476199614134174,0.008915636120476966,0.005839612922017068,0.04057367098352796,0.21973944936105297,0.1439261664143682,0.8260740793134994,0.8855587729938822,0.902,0.848,0.889,True,999,0.00011583301238715649,0.000812583020888269,weak_2x2_bal_strong_100_250,weak_null,True,907,1907505461,-4.440892098500626e-16,0,0
100,250,0.03139672746299871,0.04293016851495657,0.026198812371021063,0.04080009909002058,-0.01153344105195786,-0.014601286718999518,0.03266027646192615,-0.35313360146853057,-0.44706561917873006,0.7239882832486071,0.6548276819174333,0.814,0.717,0.652,True,999,0.00011074997019022703,0.0008033328922465444,weak_2x2_bal_strong_100_250,weak_null,True,908,1907505461,-4.440892098500626e-16,0,0
100,250,0.011502362935924992,0.047310774031668945,0.006338380954588274,0.0452319185760075,-0.03580841109574395,-0.03889353762141923,0.02604996077816618,-1.3746051827362762,-1.493036321729049,0.16925388096718397,0.13542767947505704,0.344,0.166,0.143,True,999,0.00011449994053691626,0.0008069580653682351,weak_2x2_bal_strong_100_250,weak_null,True,909,1907505461,-4.440892098500626e-16,0,0
100,250,0.04115023189446254,0.02819916166444142,0.03596655504745172,0.0260755175305718,0.012951070230021122,0.00989103751687992,0.032918785172532064,0.3934249141377092,0.3004678776886685,0.694005671375155,0.7638202949816029,0.791,0.692,0.762,True,999,0.00010883307550102472,0.0008272910490632057,weak_2x2_bal_strong_100_250,weak_null,True,910,1907505461,-4.440892098500626e-16,0,0
100,250,0.058386195386126105,0.05626566636845859,0.053194310284879975,0.05417026021693516,0.0021205290176675162,-0.0009759499320551868,0.04064519651830629,0.0521717004545038,-0.024011445771104253,0.9583918819801196,0.9808434789348961,0.972,0.966,0.991,True,999,0.00011125009041279554,0.000832625082693994,weak_2x2_bal_strong_100_250,weak_null,True,911,1907505461,-4.440892098500626e-16,0,0
100,250,0.03505830987020098,0.0587908276150757,0.029880180440102322,0.056687194491601645,-0.023732517744874726,-0.026807014051499323,0.03564941916666241,-0.6657196189908254,-0.7519621547317643,0.5055903310343869,0.45207381815588343,0.645,0.512,0.447,True,999,0.00011320889461785555,0.0008292500860989094,weak_2x2_bal_strong_100_250,weak_null,True,912,1907505461,-4.440892098500626e-16,0,0
100,250,0.05879172279147726,0.09611590224940386,0.053599990936902486,0.09401783720227286,-0.0373241794579266,-0.04041784626537037,0.04486919449446547,-0.8318442057730826,-0.9007927759959193,0.4054968882685821,0.3676985092135545,0.542,0.426,0.39,True,999,0.0001141249667853117,0.0008434999035671353,weak_2x2_bal_strong_100_250,weak_null,True,913,1907505461,-4.440892098500626e-16,0,0
100,250,0.0465733363308064,0.06611363910725299,0.0413868864686151,0.06400103047380412,-0.019540302776446583,-0.02261414400518902,0.03956601852679905,-0.49386578442840917,-0.5715547039405012,0.6214009701609399,0.5676236897954043,0.703,0.619,0.553,True,999,0.00011629192158579826,0.0008337909821420908,weak_2x2_bal_strong_100_250,weak_null,True,914,1907505461,-4.440892098500626e-16,0,0
100,250,0.06529361620833152,0.021650892138979527,0.060075811667914536,0.019517998775384626,0.04364272406935199,0.04055781289252991,0.03783947491998273,1.153364949213516,1.0718386811205896,0.24876062181681657,0.2837924958678155,0.398,0.272,0.312,True,999,0.00011583301238715649,0.0008707919623702765,weak_2x2_bal_strong_100_250,weak_null,True,915,1907505461,-4.440892098500626e-16,0,0
100,250,0.07556761288570846,0.011292495044785134,0.0703592093314569,0.00918664959137061,0.06427511784092332,0.061172559740086285,0.03870082162883565,1.6608204977496521,1.5806527397988661,0.09674950313228688,0.11395745986246034,0.146,0.103,0.133,True,999,0.00011729204561561346,0.0008388330461457372,weak_2x2_bal_strong_100_250,weak_null,True,916,1907505461,-4.440892098500626e-16,0,0
100,250,0.030158778252023177,0.02607906212025418,0.024982773251252866,0.023971892793085203,0.004079716131768996,0.0010108804581676623,0.02910648989386966,0.1401651709513848,0.03473041448328579,0.8885294897538706,0.9722947083003821,0.934,0.898,0.976,True,999,0.00011733290739357471,0.0008405840490013361,weak_2x2_bal_strong_100_250,weak_null,True,917,1907505461,-4.440892098500626e-16,0,0
100,250,0.037708628753393314,0.03950639136927514,0.03252831478010876,0.03739622702258316,-0.001797762615881826,-0.004867912242474404,0.03347753663208109,-0.05370056452000275,-0.14540831650706182,0.9571737330306906,0.8843884988279329,0.963,0.95,0.862,True,999,0.00011595897376537323,0.0008400420192629099,weak_2x2_bal_strong_100_250,weak_null,True,918,1907505461,-4.440892098500626e-16,0,0
100,250,0.05195187178313221,0.03644363834165609,0.046738928855859285,0.034314048164034716,0.015508233441476116,0.012424880691824569,0.03703047324868848,0.4187965229967828,0.3355312422928493,0.6753648461678019,0.7372243812835326,0.743,0.68,0.743,True,999,0.00011858402285724878,0.000851667020469904,weak_2x2_bal_strong_100_250,weak_null,True,919,1907505461,-4.440892098500626e-16,0,0
100,250,0.02509373622103761,0.03911588213677686,0.01992232242085379,0.036970529322346124,-0.014022145915739248,-0.017048206901492335,0.030344367695368482,-0.46210044831085656,-0.5618244239801522,0.6440092887185288,0.5742356496412955,0.792,0.675,0.599,True,999,0.00011925003491342068,0.0008502909913659096,weak_2x2_bal_strong_100_250,weak_null,True,920,1907505461,-4.440892098500626e-16,0,0
100,250,0.04553574499710511,0.07126191297555606,0.040353131483556126,0.06914276462715918,-0.025726167978450953,-0.028789633143603055,0.040103324835781974,-0.6414971348085563,-0.717886441124095,0.5211997418422984,0.4728273087716336,0.651,0.525,0.464,True,999,0.00011616700794547796,0.0008526669116690755,weak_2x2_bal_strong_100_250,weak_null,True,921,1907505461,-4.440892098500626e-16,0,0
100,250,0.07697233868900777,0.07089420422501114,0.07176126981926245,0.06877146373916787,0.006078134463996632,0.0029898060800945814,0.04617925616968612,0.13162044970283773,0.06474348718629226,0.8952845097247109,0.9483782376663978,0.914,0.891,0.949,True,999,0.00011691695544868708,0.0008457090007141232,weak_2x2_bal_strong_100_250,weak_null,True,922,1907505461,-4.440892098500626e-16,0,0
100,250,0.017248078827974633,0.042290317947261014,0.012079600693098769,0.04015572512898302,-0.02504223911928638,-0.028076124435884253,0.0281672953081088,-0.8890537357371767,-0.9967632365398498,0.37397420115502644,0.31887944689719816,0.611,0.407,0.354,True,999,0.0001152500044554472,0.0008798750350251794,weak_2x2_bal_strong_100_250,weak_null,True,923,1907505461,-4.440892098500626e-16,0,0
100,250,0.009252771940030824,0.02546413573129852,0.0040798043869614276,0.02334364509322029,-0.016211363791267697,-0.01926384070625886,0.021161613771104572,-0.7660740795394222,-0.9103200216499059,0.4436322250288858,0.36265376259432525,0.653,0.448,0.377,True,999,0.000124832964502275,0.0008079169783741236,weak_2x2_bal_strong_100_250,weak_null,True,924,1907505461,-4.440892098500626e-16,0,0
100,250,0.09680983465490689,0.06480497166842258,0.091567963149771,0.06268042970802412,0.032004862986484306,0.028887533441746882,0.048766111073225316,0.6562931158981907,0.5923690203299269,0.5116355460563606,0.5536035066737484,0.623,0.538,0.569,True,999,0.00010941701475530863,0.0007990840822458267,weak_2x2_bal_strong_100_250,weak_null,True,925,1907505461,-4.440892098500626e-16,0,0
100,250,0.039534547637448014,0.021854848054839837,0.03435537000655131,0.019721016277870262,0.017679699582608177,0.014634353728681049,0.03143238280495004,0.5624676847542064,0.46558206609701885,0.5737974148838184,0.64151468231702,0.697,0.575,0.628,True,999,0.0001093749888241291,0.0008024579146876931,weak_2x2_bal_strong_100_250,weak_null,True,926,1907505461,-4.440892098500626e-16,0,0
100,250,0.08184104908998291,0.028812411750153033,0.07660576891150583,0.026667494661424485,0.053028637339829876,0.04993827425008135,0.042352664612197805,1.25207322432689,1.1791058415648976,0.21054318331516808,0.23835603281422457,0.348,0.24,0.268,True,999,0.00011104205623269081,0.0008192920358851552,weak_2x2_bal_strong_100_250,weak_null,True,927,1907505461,-4.440892098500626e-16,0,0
100,250,0.13304263899428415,0.07111831982555994,0.12778029403486357,0.06900749772512427,0.06192431916872421,0.058772796309739306,0.05457963079926496,1.1345683043637986,1.0768265642157993,0.25655623963715657,0.2815577553867633,0.311,0.254,0.278,True,999,0.0001129580195993185,0.0008285419316962361,weak_2x2_bal_strong_100_250,weak_null,True,928,1907505461,-4.440892098500626e-16,0,0
100,250,0.05920485057744174,0.054091631839153886,0.05401158379129356,0.05193867901664362,0.00511321873828785,0.002072904774649942,0.041496039166360875,0.12322185059129512,0.04995428036732624,0.9019314231530946,0.9601588217836725,0.928,0.908,0.967,True,999,0.00011549994815140963,0.0008230420062318444,weak_2x2_bal_strong_100_250,weak_null,True,929,1907505461,-4.440892098500626e-16,0,0
100,250,0.02397749898902679,0.06988293674072432,0.018808310652389082,0.06776049870045142,-0.04590543775169753,-0.04895218804806234,0.03445642939186369,-1.3322749501878837,-1.420698224164271,0.18276985545951674,0.1554045090204946,0.384,0.2,0.17,True,999,0.00011633301619440317,0.0008360419888049364,weak_2x2_bal_strong_100_250,weak_null,True,930,1907505461,-4.440892098500626e-16,0,0
100,250,0.0670086011630231,0.11626560330182184,0.06177786589988443,0.11415117603341685,-0.049257002138798744,-0.052373310133532414,0.04813766345631004,-1.023252866926219,-1.0879902839710254,0.3061883025730845,0.27659939681421253,0.423,0.32,0.286,True,999,0.00011608295608311892,0.0008334999438375235,weak_2x2_bal_strong_100_250,weak_null,True,931,1907505461,-4.440892098500626e-16,0,0
100,250,0.05220314090689748,0.01079130840550721,0.04701571431220941,0.008573805485539765,0.04141183250139027,0.038441908826669646,0.03323247316515029,1.2461255078907996,1.1567573871385024,0.21271832153870784,0.2473714962350525,0.437,0.218,0.269,True,999,0.0001152500044554472,0.000851375050842762,weak_2x2_bal_strong_100_250,weak_null,True,932,1907505461,-4.440892098500626e-16,0,0
100,250,0.08125530193798935,0.045236350938072656,0.07604643239656639,0.04310992749333309,0.0360189509999167,0.0329365049032333,0.04434888566294251,0.8121726275980318,0.7426681507525389,0.41669258362826,0.4576826167840832,0.536,0.436,0.476,True,999,0.00011158292181789875,0.0008092910284176469,weak_2x2_bal_strong_100_250,weak_null,True,933,1907505461,-4.440892098500626e-16,0,0
100,250,0.029045393693839405,0.03138734336231086,0.023855436186480006,0.029284589196294064,-0.0023419496684714547,-0.005429153009814058,0.029581903118920186,-0.07916832325008784,-0.18352953790662796,0.936898739870887,0.8543825444665119,0.966,0.95,0.87,True,999,0.00010900001507252455,0.0008178340503945947,weak_2x2_bal_strong_100_250,weak_null,True,934,1907505461,-4.440892098500626e-16,0,0
100,250,0.05220314090689748,0.0495276399739526,0.04701571431220941,0.0474348493368808,0.0026755009329448853,-0.00041913502467139097,0.03848742470638247,0.06951623688402306,-0.010890181088210995,0.9445787087538171,0.9913110643912737,0.945,0.931,0.989,True,999,0.00011716701555997133,0.0008282089838758111,weak_2x2_bal_strong_100_250,weak_null,True,935,1907505461,-4.440892098500626e-16,0,0
100,250,0.03448819381301116,0.028325049409843983,0.029312193363125516,0.026205148563889225,0.006163144403167176,0.0031070447992362915,0.030821852650607925,0.1999602189080485,0.10080655548053205,0.8415116934562858,0.919704022832335,0.902,0.856,0.914,True,999,0.00011149991769343615,0.0008014580234885216,weak_2x2_bal_strong_100_250,weak_null,True,936,1907505461,-4.440892098500626e-16,0,0
100,250,0.01816156595030749,0.03751940894067235,0.012991087270251,0.03537608480652921,-0.01935784299036486,-0.022384997536278206,0.027720504058331864,-0.6983221859757826,-0.8075249096904505,0.48497572756157226,0.4193641291449195,0.634,0.487,0.427,True,999,0.0001124159898608923,0.0008104579756036401,weak_2x2_bal_strong_100_250,weak_null,True,937,1907505461,-4.440892098500626e-16,0,0
100,250,0.02629690225786996,0.027578054866060853,0.021118526247178693,0.025469077897582793,-0.0012811526081908942,-0.0043505516504041,0.028121746834350855,-0.04555736226975629,-0.15470417524312105,0.9636630538419447,0.8770545382585881,0.974,0.964,0.892,True,999,0.00011358293704688549,0.0008242910262197256,weak_2x2_bal_strong_100_250,weak_null,True,938,1907505461,-4.440892098500626e-16,0,0
100,250,0.028891616580002832,0.07750153869051274,0.023717568023087665,0.07537006823055492,-0.04860992211050991,-0.051652500207467256,0.037029446551250796,-1.312736933381683,-1.3949033814474474,0.1892716077580806,0.1630449773050895,0.352,0.203,0.182,True,999,0.00011870800517499447,0.0008217080030590296,weak_2x2_bal_strong_100_250,weak_null,True,939,1907505461,-4.440892098500626e-16,0,0
100,250,0.07039567509575029,0.04280446385021508,0.06517487834410929,0.04067512446553678,0.027591211245535208,0.024499753878572506,0.041960854916931946,0.6575464513331845,0.5838716567399208,0.5108296132004886,0.5593066635680031,0.614,0.514,0.568,True,999,0.00011558400001376867,0.0008272089762613177,weak_2x2_bal_strong_100_250,weak_null,True,940,1907505461,-4.440892098500626e-16,0,0
100,250,0.050939565442628676,0.07660116387595373,0.04573584983982926,0.07445463216552639,-0.02566159843332505,-0.028718782325697134,0.0421703683833982,-0.6085220361372895,-0.6810180566742039,0.5428412953318897,0.49586006504951863,0.678,0.567,0.501,True,999,0.00011595792602747679,0.0008667910005897284,weak_2x2_bal_strong_100_250,weak_null,True,941,1907505461,-4.440892098500626e-16,0,0
100,250,0.006017549615565887,0.0544060570515113,0.0008489890819589618,0.05229347297265008,-0.048388507435945416,-0.05144448389069112,0.025989019944405126,-1.8618827312248232,-1.9794699454130822,0.0626196216776909,0.04776312020979914,0.305,0.061,0.052,True,999,0.00011320796329528093,0.0008108330657705665,weak_2x2_bal_strong_100_250,weak_null,True,942,1907505461,-4.440892098500626e-16,0,0
100,250,0.1009690656286999,0.032064127772557294,0.09574070955159186,0.029950145599173084,0.0689049378561426,0.06579056395241878,0.04626337599992664,1.4894057419469748,1.422087397005422,0.13638055746740055,0.15500088098925233,0.234,0.163,0.18,True,999,0.00010954192839562893,0.0008050000760704279,weak_2x2_bal_strong_100_250,weak_null,True,943,1907505461,-4.440892098500626e-16,0,0
100,250,0.09032867239504216,0.023327763485810837,0.0851127721272178,0.0211911400344178,0.06700090890923133,0.0639216320928,0.04344440953083609,1.5422216490633909,1.4713430976068287,0.12301974097345844,0.14119835360228952,0.207,0.143,0.165,True,999,0.00010908290278166533,0.0008459580130875111,weak_2x2_bal_strong_100_250,weak_null,True,944,1907505461,-4.440892098500626e-16,0,0
100,250,0.08232370950147083,0.03916805723404804,0.07711060018824867,0.03705813004468439,0.043155652267422795,0.04005247014356428,0.04374831687284747,0.9864528592689125,0.9155202532699713,0.3239109370992046,0.3599185749613829,0.444,0.327,0.356,True,999,0.00011425011325627565,0.0008063750574365258,weak_2x2_bal_strong_100_250,weak_null,True,945,1907505461,-4.440892098500626e-16,0,0
100,250,0.0666918388648412,0.06582148426278867,0.06148491055066074,0.0637102777547085,0.0008703546020525366,-0.002225367204047757,0.04393606762743941,0.019809569883058303,-0.05065012242146922,0.9841952837195705,0.9596043221354544,0.996,0.992,0.958,True,999,0.00011495896615087986,0.0008015419589355588,weak_2x2_bal_strong_100_250,weak_null,True,946,1907505461,-4.440892098500626e-16,0,0
100,250,0.07527749959492691,0.060278556967105934,0.0700659545309037,0.058168507381566315,0.014998942627820977,0.011897447149337381,0.04482910835906536,0.33458043616849864,0.2653955785612112,0.7379416048376349,0.7907047418787041,0.776,0.745,0.792,True,999,0.00011212495155632496,0.0008088330505415797,weak_2x2_bal_strong_100_250,weak_null,True,947,1907505461,-4.440892098500626e-16,0,0
100,250,0.022979168343198464,0.03998343939258636,0.017808977342284038,0.037898701745902486,-0.017004271049387898,-0.020089724403618447,0.028949264001314572,-0.5873818086917768,-0.6939632179493814,0.5569473085064803,0.48770527615937154,0.73,0.559,0.496,True,999,0.00011341599747538567,0.0008285000221803784,weak_2x2_bal_strong_100_250,weak_null,True,948,1907505461,-4.440892098500626e-16,0,0
100,250,0.07341972240158146,0.03935864489220903,0.06821691751432013,0.03724792588364778,0.03406107750937243,0.03096899163067235,0.042051219614104275,0.8099902409952482,0.7364588212867227,0.41794578463423415,0.46145151895690917,0.545,0.422,0.471,True,999,0.00011545803863555193,0.000820250017568469,weak_2x2_bal_strong_100_250,weak_null,True,949,1907505461,-4.440892098500626e-16,0,0
100,250,0.03676105641245542,0.04495727175295172,0.03158011490856438,0.042851009591970524,-0.008196215340496305,-0.01127089468340614,0.03425029993714322,-0.23930346173721542,-0.3290743352347481,0.8108702813046809,0.7420995024065324,0.861,0.828,0.754,True,999,0.00016087503172457218,0.0008298330940306187,weak_2x2_bal_strong_100_250,weak_null,True,950,1907505461,-4.440892098500626e-16,0,0
100,250,0.02765872472907438,0.09459204908724128,0.022483625844230914,0.09245429092889879,-0.0669333243581669,-0.06997066508466787,0.03828086442380582,-1.7484799616108695,-1.8278235389364674,0.08038095246349049,0.06757603928551907,0.257,0.101,0.082,True,999,0.00011162494774907827,0.0008108339970931411,weak_2x2_bal_strong_100_250,weak_null,True,951,1907505461,-4.440892098500626e-16,0,0
100,250,0.1438157650294254,0.03743382659458344,0.13854599902136044,0.03532579846748263,0.10638193843484195,0.10322020055387782,0.05315290913370518,2.001432097860159,1.9419482815931914,0.04534584450320546,0.05214336161253417,0.076,0.053,0.062,True,999,0.00010966695845127106,0.0008004589471966028,weak_2x2_bal_strong_100_250,weak_null,True,952,1907505461,-4.440892098500626e-16,0,0
100,250,0.04669225475435179,0.05662048443442236,0.04150132693094122,0.054480943349688005,-0.009928229680070566,-0.012979616418746787,0.03882354977865078,-0.2557269939682367,-0.3343232778236144,0.7981616498900015,0.7381356268552927,0.871,0.779,0.723,True,999,0.00010899989865720272,0.000815083971247077,weak_2x2_bal_strong_100_250,weak_null,True,953,1907505461,-4.440892098500626e-16,0,0
100,250,0.06089950390415266,0.044754011305487396,0.055698012723695456,0.04264856336949663,0.016145492598665268,0.013049449354198828,0.03999090621949497,0.4037291005622318,0.3263104187380834,0.6864119378393768,0.7441895062619406,0.783,0.709,0.767,True,999,0.00010958290658891201,0.0008207909995689988,weak_2x2_bal_strong_100_250,weak_null,True,954,1907505461,-4.440892098500626e-16,0,0
100,250,0.024202126171010474,0.027159467593954767,0.019032070034910475,0.02501801662025116,-0.002957341422944293,-0.005985946585340685,0.027691208015575862,-0.10679712568988813,-0.21616776638901725,0.9149499278021024,0.8288569782266911,0.956,0.916,0.807,True,999,0.00011120899580419064,0.0008514589862897992,weak_2x2_bal_strong_100_250,weak_null,True,955,1907505461,-4.440892098500626e-16,0,0
100,250,0.06585444604867363,0.01928914920510344,0.06065763719982442,0.01718705116820729,0.04656529684357019,0.04347058603161713,0.03764253339932637,1.2370393976831404,1.1548262591803946,0.21607245653943719,0.24816158150457246,0.322,0.237,0.259,True,999,0.0001129580195993185,0.0007992499740794301,weak_2x2_bal_strong_100_250,weak_null,True,956,1907505461,-4.440892098500626e-16,0,0
100,250,0.048134992198562765,0.0544060570515113,0.04294328825992011,0.05229347297265008,-0.006271064852948538,-0.00935018471272997,0.038411668531818106,-0.1632593712442857,-0.24342042587878715,0.870314221703289,0.8076797220345554,0.909,0.882,0.804,True,999,0.00011195801198482513,0.000812291051261127,weak_2x2_bal_strong_100_250,weak_null,True,957,1907505461,-4.440892098500626e-16,0,0
100,250,0.040946500461845226,0.033410022774208514,0.035759858778433795,0.03130669695441668,0.007536477687636711,0.004453161824017116,0.03339633938960793,0.22566777752839182,0.13334281257792052,0.8214598214231021,0.8939222703464046,0.889,0.804,0.889,True,999,0.00011383299715816975,0.0008558749686926603,weak_2x2_bal_strong_100_250,weak_null,True,958,1907505461,-4.440892098500626e-16,0,0
100,250,0.06585444604867363,0.04280446385021508,0.06065763719982442,0.04067512446553678,0.023049982198458552,0.01998251273428764,0.04116090539359374,0.5599969674633551,0.4854731095734766,0.5754815061675136,0.627340782955752,0.686,0.57,0.608,True,999,0.00011599995195865631,0.0008057910017669201,weak_2x2_bal_strong_100_250,weak_null,True,959,1907505461,-4.440892098500626e-16,0,0
100,250,0.04675984915959008,0.06680104261552341,0.04157349155005363,0.06458935891670592,-0.02004119345593333,-0.023015867366652287,0.04073830243999409,-0.4919496458020856,-0.5649687391995224,0.6227549408852249,0.5720950272105146,0.742,0.631,0.569,True,999,0.00010991597082465887,0.0008137079421430826,weak_2x2_bal_strong_100_250,weak_null,True,960,1907505461,-4.440892098500626e-16,0,0
100,250,0.06842964913510852,0.05818108229661545,0.06322330959217481,0.05609308789108525,0.010248566838493067,0.007130221701089567,0.04296664834426851,0.23852376746673012,0.16594782176070513,0.8114748834603468,0.8681980128864808,0.851,0.793,0.872,True,999,0.00010862504132091999,0.0008187909843400121,weak_2x2_bal_strong_100_250,weak_null,True,961,1907505461,-4.440892098500626e-16,0,0
100,250,0.03575917450220467,0.0710301974242552,0.030577628704449467,0.06892773557507326,-0.03527102292205053,-0.03835010687062379,0.03727011568388572,-0.94636204569927,-1.0289774036629842,0.343963956964664,0.3034902932563348,0.472,0.319,0.288,True,999,0.00010804098565131426,0.0008196668932214379,weak_2x2_bal_strong_100_250,weak_null,True,962,1907505461,-4.440892098500626e-16,0,0
100,250,0.039534547637448014,0.08826729876371542,0.03435537000655131,0.08607943554871156,-0.048732751126267404,-0.05172406554216025,0.04090689732663454,-1.191308906592078,-1.2644338466726643,0.23353233868856604,0.20607435084322245,0.406,0.24,0.22,True,999,0.00010991597082465887,0.0008432919858023524,weak_2x2_bal_strong_100_250,weak_null,True,963,1907505461,-4.440892098500626e-16,0,0
100,250,0.07116263429252145,0.04654369218129156,0.06594205884576354,0.04443990700036693,0.02461894211122989,0.02150215184539661,0.04211163730445081,0.5846113731756494,0.5105988088267476,0.558809058624416,0.609632010134389,0.654,0.57,0.613,True,999,0.00011604104656726122,0.0008418329525738955,weak_2x2_bal_strong_100_250,weak_null,True,964,1907505461,-4.440892098500626e-16,0,0
100,250,0.052772083710488804,0.0914960313741161,0.047582552563653735,0.08938591823527986,-0.0387239476636273,-0.041803365671626125,0.04343407548010228,-0.891556853359691,-0.962455519302507,0.3726305054071156,0.33582083657175776,0.511,0.377,0.348,True,999,0.00011662498582154512,0.0008728340035304427,weak_2x2_bal_strong_100_250,weak_null,True,965,1907505461,-4.440892098500626e-16,0,0
100,250,0.052014752705386025,0.07196141905894177,0.046828016581656584,0.06980146266442944,-0.019946666353555742,-0.022973446082772853,0.041664827225220934,-0.4787411272758487,-0.5513870478470713,0.6321228037040405,0.5813683776024205,0.735,0.653,0.588,True,999,0.00011733302380889654,0.0008172079687938094,weak_2x2_bal_strong_100_250,weak_null,True,966,1907505461,-4.440892098500626e-16,0,0
100,250,0.03108424874344451,0.05725061815031646,0.025898883284654062,0.055139868287113813,-0.026166369406871948,-0.029240985002459752,0.034538004926450865,-0.7576109118807984,-0.8466321394281116,0.44868394580127835,0.39720019401597073,0.599,0.451,0.405,True,999,0.00011074997019022703,0.0008542919531464577,weak_2x2_bal_strong_100_250,weak_null,True,967,1907505461,-4.440892098500626e-16,0,0
100,250,0.023770755349350803,0.04108334531814334,0.018600276937249305,0.03898156835700206,-0.017312589968792536,-0.020381291419752756,0.02970294163520395,-0.5828577580435212,-0.6861708065842487,0.5599890592731516,0.4926054047099744,0.709,0.552,0.485,True,999,0.0001117499778047204,0.0008260420290753245,weak_2x2_bal_strong_100_250,weak_null,True,968,1907505461,-4.440892098500626e-16,0,0
100,250,0.039534547637448014,0.06861025875390558,0.03435537000655131,0.0664946841856704,-0.02907571111645757,-0.03213931417911908,0.03831006007495125,-0.7589575965052717,-0.8389262276342171,0.4478779229227583,0.40151070887632356,0.598,0.465,0.405,True,999,0.00011458306107670069,0.0008310829289257526,weak_2x2_bal_strong_100_250,weak_null,True,969,1907505461,-4.440892098500626e-16,0,0
100,250,0.044902570079585646,0.029789570945792154,0.039715261814606606,0.027663487631045314,0.015112999133793492,0.012051774183561292,0.03425843877899437,0.44114675602380504,0.35178994178073464,0.6591067562913551,0.7249958023086327,0.725,0.646,0.717,True,999,0.0001152500044554472,0.000833541969768703,weak_2x2_bal_strong_100_250,weak_null,True,970,1907505461,-4.440892098500626e-16,0,0
100,250,0.03972898576624351,0.04430801011747065,0.034550585407856715,0.04218661333739249,-0.004579024351227146,-0.007636027929535771,0.03504504984979729,-0.13066108825220096,-0.21789176965830284,0.8960434154545588,0.8275134399515147,0.921,0.9,0.811,True,999,0.00011587503831833601,0.0008342500077560544,weak_2x2_bal_strong_100_250,weak_null,True,971,1907505461,-4.440892098500626e-16,0,0
100,250,0.03575917450220467,0.05149394612164665,0.030577628704449467,0.049365849904091874,-0.01573477161944198,-0.018788221199642408,0.03526990488564235,-0.44612458328027077,-0.5326983801221054,0.655507256041423,0.594242387657104,0.768,0.649,0.601,True,999,0.0001189579488709569,0.0008338750340044498,weak_2x2_bal_strong_100_250,weak_null,True,972,1907505461,-4.440892098500626e-16,0,0
100,250,0.09435319729244684,0.03730895568101156,0.08912246089958842,0.03518746400885675,0.05704424161143529,0.05393499689073167,0.04571636454644931,1.2477860428616647,1.179774407388233,0.2121094212898752,0.23808995095391894,0.341,0.222,0.258,True,999,0.00011791696306318045,0.0008406670531257987,weak_2x2_bal_strong_100_250,weak_null,True,973,1907505461,-4.440892098500626e-16,0,0
100,250,0.09940802347010158,0.04349430418805833,0.09418358675736727,0.04136264993826444,0.05591371928204325,0.052820936819102826,0.04728921644079843,1.1823777911829407,1.116976359403831,0.23705583134937713,0.26400443334554613,0.349,0.254,0.29,True,999,0.00012033397797495127,0.0008550409693270922,weak_2x2_bal_strong_100_250,weak_null,True,974,1907505461,-4.440892098500626e-16,0,0
100,250,0.03432252655653312,0.04622426625217435,0.029146412337979655,0.044126774311123995,-0.011901739695641234,-0.01498036197314434,0.03359767095533778,-0.3542429983156426,-0.44587501297509907,0.7231567821154741,0.6556875324714171,0.818,0.705,0.657,True,999,0.00011675001587718725,0.000848416006192565,weak_2x2_bal_strong_100_250,weak_null,True,975,1907505461,-4.440892098500626e-16,0,0
100,250,0.03575917450220467,0.06042122684951995,0.030577628704449467,0.05830331910905784,-0.024662052347315278,-0.027725690404608372,0.036270483929526746,-0.679948257520728,-0.7644146810524822,0.4965372240874373,0.4446201626679904,0.616,0.472,0.439,True,999,0.00012275006156414747,0.0008874170016497374,weak_2x2_bal_strong_100_250,weak_null,True,976,1907505461,-4.440892098500626e-16,0,0
100,250,0.03755685578123691,0.022687952955494528,0.03237710797134241,0.020523312207814115,0.01486890282574238,0.011853795763528296,0.031175025998481317,0.4769491716371532,0.38023370899853465,0.6333983162692245,0.7037719388536376,0.757,0.631,0.71,True,999,0.00011849997099488974,0.0008469159947708249,weak_2x2_bal_strong_100_250,weak_null,True,977,1907505461,-4.440892098500626e-16,0,0
100,250,0.0325654803121983,0.032097767631769636,0.027389344920791814,0.030002415065126797,0.00046771268042866687,-0.0026130701443349835,0.030765793991678673,0.015202360145659517,-0.08493426644674762,0.9878707387562864,0.9323136495181474,0.993,0.988,0.939,True,999,0.00011741591151803732,0.0008512079948559403,weak_2x2_bal_strong_100_250,weak_null,True,978,1907505461,-4.440892098500626e-16,0,0
100,250,0.05131293593563868,0.08036490755306641,0.04612276262523096,0.07822906848824118,-0.02905197161742773,-0.03210630586301022,0.04263457569206895,-0.6814181012907815,-0.7530579428044539,0.49560697238349205,0.45141509587317663,0.591,0.493,0.441,True,999,0.00011966703459620476,0.0008472079643979669,weak_2x2_bal_strong_100_250,weak_null,True,979,1907505461,-4.440892098500626e-16,0,0
100,250,0.01634913559349893,0.08479160661050333,0.011184427425376953,0.08269720640666378,-0.0684424710170044,-0.07151277898128683,0.03357723048591144,-2.0383596272397138,-2.129799806189871,0.0415139807451789,0.03318814470438888,0.168,0.048,0.041,True,999,0.00011579191777855158,0.000857125036418438,weak_2x2_bal_strong_100_250,weak_null,True,980,1907505461,-4.440892098500626e-16,0,0
100,250,0.02471997333928,0.036651543908957585,0.019542063544449206,0.034541784035695855,-0.011931570569677585,-0.014999720491246649,0.029325963582328505,-0.4068603078013578,-0.511482613321027,0.6841105898423618,0.6090131599611133,0.778,0.697,0.604,True,999,0.00011616700794547796,0.0008451249450445175,weak_2x2_bal_strong_100_250,weak_null,True,981,1907505461,-4.440892098500626e-16,0,0
100,250,0.10742386504471113,0.0918482849216159,0.10219200139196971,0.0897273642256522,0.015575580123095234,0.012464637166317516,0.053158850881077205,0.29300069254581323,0.234479055881069,0.7695216223376639,0.8146130910056829,0.824,0.805,0.831,True,999,0.00011650007218122482,0.0008522919379174709,weak_2x2_bal_strong_100_250,weak_null,True,982,1907505461,-4.440892098500626e-16,0,0
100,250,0.08255001320795574,0.0809905708782449,0.07734033821611774,0.07890976279686868,0.0015594423297108362,-0.0015694245807509333,0.047495278830719516,0.03283362827006298,-0.03304380181332557,0.9738072611805959,0.9736396579016503,0.989,0.987,0.985,True,999,0.00011675001587718725,0.0008603750029578805,weak_2x2_bal_strong_100_250,weak_null,True,983,1907505461,-4.440892098500626e-16,0,0
100,250,0.0673692784046086,0.0505885517929931,0.06216442420372914,0.04848575579393355,0.016780726611615504,0.013678668409795591,0.04204382997034139,0.3991245950583709,0.32534306269064484,0.6898014005986519,0.7449214427210353,0.727,0.668,0.725,True,999,0.00011650007218122482,0.0008829580619931221,weak_2x2_bal_strong_100_250,weak_null,True,984,1907505461,-4.440892098500626e-16,0,0
100,250,0.1559641539371699,0.04888329630734822,0.15043968291617205,0.04677271510841763,0.10708085762982167,0.10366696780775442,0.05374394978513525,1.99242627417456,1.9289048948245913,0.04632430692299978,0.05374267006247923,0.073,0.055,0.064,True,999,0.0001218749675899744,0.0008422919781878591,weak_2x2_bal_strong_100_250,weak_null,True,985,1907505461,-4.440892098500626e-16,0,0
100,250,0.06607918563312642,0.039351757756193095,0.060881532323605825,0.03722640832732793,0.02672742787693333,0.023655123996277894,0.040666008992582964,0.6572424621705101,0.5816927842757407,0.511025026531395,0.560773632737896,0.626,0.516,0.56,True,999,0.00011070794425904751,0.0008232080144807696,weak_2x2_bal_strong_100_250,weak_null,True,986,1907505461,-4.440892098500626e-16,0,0
100,250,0.0465733363308064,0.025667178411659608,0.0413868864686151,0.023541661338057907,0.020906157919146795,0.017845225130557196,0.03391875379645623,0.6163598475522716,0.5261167682528959,0.5376570476641984,0.5988070787299598,0.663,0.525,0.584,True,999,0.00011662498582154512,0.0008067500311881304,weak_2x2_bal_strong_100_250,weak_null,True,987,1907505461,-4.440892098500626e-16,0,0
100,250,0.052014752705386025,0.051164224334524555,0.046828016581656584,0.04907550750363043,0.0008505283708614697,-0.0022474909219738493,0.03853348176677298,0.02207245055116902,-0.058325664303500266,0.9823901623962306,0.9534892251507838,0.993,0.993,0.929,True,999,0.00011029199231415987,0.0008052089251577854,weak_2x2_bal_strong_100_250,weak_null,True,988,1907505461,-4.440892098500626e-16,0,0
100,250,0.05879803751602253,0.06926379555156742,0.05360461857230803,0.06711495158610603,-0.010465758035544892,-0.013510333013798004,0.0431358918558776,-0.24262296628784902,-0.3132039800854869,0.8082974882005898,0.7541256947786095,0.853,0.837,0.774,True,999,0.00011195801198482513,0.0008050419855862856,weak_2x2_bal_strong_100_250,weak_null,True,989,1907505461,-4.440892098500626e-16,0,0
100,250,0.05044176633985287,0.09880806571610357,0.04525119209999673,0.09667466272026104,-0.0483662993762507,-0.05142347062026431,0.04405408374707912,-1.0978845832756081,-1.1672804481757901,0.2722548906883352,0.24309713180860815,0.449,0.302,0.27,True,999,0.00010970898438245058,0.0008105839369818568,weak_2x2_bal_strong_100_250,weak_null,True,990,1907505461,-4.440892098500626e-16,0,0
100,250,0.028284234321003132,0.011147235624550111,0.023106691378444566,0.009005795498552516,0.01713699869645302,0.01410089587989205,0.025692992201608138,0.6669911609353311,0.5488226427363905,0.5047777794265211,0.5831271697821077,0.636,0.488,0.585,True,999,0.00011549994815140963,0.0008074999786913395,weak_2x2_bal_strong_100_250,weak_null,True,991,1907505461,-4.440892098500626e-16,0,0
100,250,0.052947308024007156,0.053319773707758866,0.04775382201975731,0.05120301854303477,-0.0003724656837517104,-0.0034491965232774646,0.03952680941483825,-0.009423115330221615,-0.08726220442125152,0.9924815530303943,0.9304630958832766,0.994,0.989,0.931,True,999,0.00011575000826269388,0.0008177920244634151,weak_2x2_bal_strong_100_250,weak_null,True,992,1907505461,-4.440892098500626e-16,0,0
100,250,0.06995673275116676,0.042702834935371525,0.0647508827601797,0.04062546737107198,0.027253897815795236,0.02412541538910773,0.04131714085417609,0.6596269067112995,0.5839081526540159,0.5094932830811876,0.559282107837502,0.625,0.533,0.577,True,999,0.00011508306488394737,0.0008713329443708062,weak_2x2_bal_strong_100_250,weak_null,True,993,1907505461,-4.440892098500626e-16,0,0
100,250,0.04869548690480663,0.032335163937659395,0.043499188301140634,0.030232901910835608,0.016360322967147234,0.013266286390305027,0.03533017350987249,0.4630694203235539,0.3754945156608971,0.6433146082830989,0.7072927244332683,0.747,0.654,0.711,True,999,0.00011037499643862247,0.000797417014837265,weak_2x2_bal_strong_100_250,weak_null,True,994,1907505461,-4.440892098500626e-16,0,0
100,250,0.04341970558965946,0.05555326795154242,0.03822554927278077,0.053442725041463746,-0.012133562361882955,-0.015217175768682978,0.03737121681264947,-0.3246766735670209,-0.40718973227364236,0.7454257908154747,0.6838686422678075,0.798,0.748,0.675,True,999,0.00010866695083677769,0.0008241250179708004,weak_2x2_bal_strong_100_250,weak_null,True,995,1907505461,-4.440892098500626e-16,0,0
100,250,0.04763194464340381,0.03187117960517938,0.04244147901501094,0.029721185559068886,0.015760765038224434,0.012720293455942056,0.03548374820395895,0.44416855140647155,0.3584822376380983,0.656920727425467,0.7199824581545722,0.786,0.671,0.73,True,999,0.0001092919846996665,0.000856042024679482,weak_2x2_bal_strong_100_250,weak_null,True,996,1907505461,-4.440892098500626e-16,0,0
100,250,0.0624868501280158,0.061878805695342154,0.05728888698428136,0.05978093153606778,0.0006080444326736489,-0.002492044551786421,0.04234269986598028,0.014360077052199847,-0.05885417225812338,0.9885427100008872,0.9530682599789551,0.983,0.976,0.944,True,999,0.00011049991007894278,0.0008354580495506525,weak_2x2_bal_strong_100_250,weak_null,True,997,1907505461,-4.440892098500626e-16,0,0
100,250,0.12157901372170987,0.04678192238698406,0.11633206663015017,0.04458144184464885,0.07479709133472581,0.07175062478550132,0.05175264324475686,1.445280601050336,1.3864146889303182,0.14837908450889994,0.1656203136914992,0.273,0.174,0.196,True,999,0.00011250004172325134,0.0008134159725159407,weak_2x2_bal_strong_100_250,weak_null,True,998,1907505461,-4.440892098500626e-16,0,0
100,250,0.028983205450210714,0.06445340288843437,0.02380625383968038,0.06233997191468177,-0.03547019743822366,-0.03853371807500139,0.034931818616542216,-1.0154122757704487,-1.1031122798958273,0.30990934382624813,0.2699784087243884,0.465,0.316,0.277,True,999,0.00011266698129475117,0.000813000020571053,weak_2x2_bal_strong_100_250,weak_null,True,999,1907505461,-4.440892098500626e-16,0,0
100,250,0.00095787752964549,0.043154391194023145,-0.004198630568907902,0.04104982054532513,-0.042196513664377655,-0.045248451114233035,0.021461048063475416,-1.9661907256147455,-2.108398945867021,0.049276583390618876,0.03499649555319087,0.303,0.06,0.051,True,999,0.00011612498201429844,0.0008233749540522695,weak_2x2_bal_strong_100_250,weak_null,True,1000,1907505461,-4.440892098500626e-16,0,0
100,250,0.012939815947145883,0.06265066817066,0.007776461045125416,0.06053034017455161,-0.049710852223514124,-0.052753879129426196,0.03017070642157722,-1.6476529097098753,-1.7485132231341505,0.09942391639391894,0.08037519791978398,0.354,0.137,0.116,True,999,0.00011504103895276785,0.000827791984193027,weak_2x2_bal_strong_100_250,weak_null,True,1001,1907505461,-4.440892098500626e-16,0,0
100,250,0.01986940935839754,0.06908213840340405,0.014703076545998783,0.06696409926728109,-0.04921272904500651,-0.0522610227212823,0.0331955215661163,-1.482511095570177,-1.574339557135525,0.13820435348333454,0.11540896929579254,0.301,0.134,0.108,True,999,0.00013800000306218863,0.0008441660320386291,weak_2x2_bal_strong_100_250,weak_null,True,1002,1907505461,-4.440892098500626e-16,0,0
100,250,0.034040980571866775,0.04324288903684362,0.028865908768068493,0.04108722366395057,-0.009201908464976843,-0.012221314895882074,0.03381054933182901,-0.2721608683333113,-0.3614645469358587,0.7854983290290138,0.7177522033618844,0.888,0.808,0.747,True,999,0.00011216604616492987,0.0008078329265117645,weak_2x2_bal_strong_100_250,weak_null,True,1003,1907505461,-4.440892098500626e-16,0,0
100,250,0.04938150468114799,0.0620992811211179,0.0441904238483346,0.059960760887832976,-0.012717776439969908,-0.015770337039498372,0.04005877279722853,-0.3174779343427562,-0.39367998414043887,0.7508809799807872,0.6938173208150376,0.824,0.755,0.702,True,999,0.00010912504512816668,0.000806374941021204,weak_2x2_bal_strong_100_250,weak_null,True,1004,1907505461,-4.440892098500626e-16,0,0
100,250,0.024220921907809778,0.04542301001472482,0.019048678602729296,0.04330311673076892,-0.02120208810691504,-0.024254438128039624,0.030877728852473592,-0.6866466186102466,-0.7854994207612073,0.4923054435333971,0.43216080980187765,0.668,0.52,0.468,True,999,0.00010904204100370407,0.000824499991722405,weak_2x2_bal_strong_100_250,weak_null,True,1005,1907505461,-4.440892098500626e-16,0,0
100,250,0.0971440744705192,0.05372662892182323,0.09192061271028251,0.0516299098059676,0.043417445548695976,0.04029070290431491,0.04791005594918737,0.906228237235703,0.8409654738672521,0.36481506010371245,0.40036727680767714,0.522,0.387,0.452,True,999,0.00010841595940291882,0.0008383339736610651,weak_2x2_bal_strong_100_250,weak_null,True,1006,1907505461,-4.440892098500626e-16,0,0
100,250,0.02913203618848237,0.041197351644924496,0.023959930575244925,0.039103180750686306,-0.012065315456442127,-0.01514325017544138,0.03121313245577995,-0.3865461268116943,-0.48515637438488496,0.699092247810325,0.627565425287859,0.807,0.72,0.653,True,999,0.00011016603093594313,0.0008584168972447515,weak_2x2_bal_strong_100_250,weak_null,True,1007,1907505461,-4.440892098500626e-16,0,0
100,250,0.061312776413463665,0.021256253450841367,0.05611143187620371,0.019163839407340788,0.0400565229626223,0.03694759246886292,0.03674237171684761,1.0901997092434574,1.0055853975240583,0.2756251814110231,0.31461505113221555,0.356,0.253,0.294,True,999,0.00011012505274266005,0.0008010420715436339,weak_2x2_bal_strong_100_250,weak_null,True,1008,1907505461,-4.440892098500626e-16,0,0
100,250,0.058386195386126105,0.027852753852148526,0.053194310284879975,0.025742775391194073,0.03053344153397758,0.027451534893685903,0.03718339569691054,0.8211579647771254,0.7382740166457356,0.41155629649741265,0.4603479526148878,0.528,0.412,0.466,True,999,0.0001093749888241291,0.0008039999520406127,weak_2x2_bal_strong_100_250,weak_null,True,1009,1907505461,-4.440892098500626e-16,0,0
100,250,0.04053187256636148,0.040904178379106704,0.03530876432382968,0.03880304890117259,-0.0003723058127452217,-0.00349428457734291,0.03431102705545905,-0.010850908430792254,-0.10184144507521971,0.991342397586931,0.9188825282399188,0.995,0.994,0.926,True,999,0.00011583301238715649,0.000853082980029285,weak_2x2_bal_strong_100_250,weak_null,True,1010,1907505461,-4.440892098500626e-16,0,0
100,250,0.15208626715315177,0.014397840255823413,0.14680756991678834,0.012247114969696327,0.13768842689732835,0.134560454947092,0.05205718876858452,2.6449454946445474,2.5848582708772123,0.008170407664574731,0.009741903352799947,0.015,0.012,0.016,True,999,0.00011604197788983583,0.0008106250315904617,weak_2x2_bal_strong_100_250,weak_null,True,1011,1907505461,-4.440892098500626e-16,0,0
100,250,0.08375841016500307,0.02322091400626336,0.07853107122581093,0.021058891975783922,0.06053749615873971,0.05747217925002701,0.04219294426318793,1.4347777149924292,1.362127726653334,0.15135045020165377,0.17315757944796084,0.274,0.182,0.209,True,999,0.00011075008660554886,0.0008024589624255896,weak_2x2_bal_strong_100_250,weak_null,True,1012,1907505461,-4.440892098500626e-16,0,0
100,250,0.03505830987020098,0.035316181270498626,0.029880180440102322,0.03319824552437467,-0.000257871400297649,-0.003318065084272348,0.032366542400291,-0.007967221123234051,-0.1025152777592492,0.9936431445252821,0.9183476868386726,0.998,0.991,0.934,True,999,0.00010962493252009153,0.0008056249935179949,weak_2x2_bal_strong_100_250,weak_null,True,1013,1907505461,-4.440892098500626e-16,0,0
100,250,0.07324866353757342,0.036566933575977234,0.06804378717409065,0.03442973242066216,0.03668172996159619,0.03361405475342849,0.041921300400235346,0.8750141243564633,0.8018371193761866,0.38156622054896194,0.4226471836213779,0.5,0.356,0.406,True,999,0.00011600006837397814,0.0008243339834734797,weak_2x2_bal_strong_100_250,weak_null,True,1014,1907505461,-4.440892098500626e-16,0,0
100,250,0.10307039620116387,0.09369760944005012,0.09783509384494948,0.09158817599453073,0.00937278676111375,0.006246917850418754,0.05243009737224131,0.17876729647418307,0.11914755385760802,0.8581204252128634,0.9051584565135513,0.884,0.855,0.914,True,999,0.00011462508700788021,0.0008425829000771046,weak_2x2_bal_strong_100_250,weak_null,True,1015,1907505461,-4.440892098500626e-16,0,0
100,250,0.02397749898902657,0.10358693914036415,0.018808310652445925,0.10147819104311395,-0.07960944015133758,-0.08266988039066803,0.03803528751191279,-2.093041629471149,-2.173504810888455,0.03634543855141435,0.029742344126061884,0.125,0.042,0.038,True,999,0.000117915915325284,0.0008395420154556632,weak_2x2_bal_strong_100_250,weak_null,True,1016,1907505461,-4.440892098500626e-16,0,0
100,250,0.08545915279816396,0.07814541508645012,0.08022034978998249,0.07602612780956974,0.007313737711713841,0.004194221980412749,0.0488047033422621,0.14985723118576075,0.08593888894271366,0.8808772551578691,0.9315149969440999,0.896,0.894,0.938,True,999,0.00011712498962879181,0.0008698749588802457,weak_2x2_bal_strong_100_250,weak_null,True,1017,1907505461,-4.440892098500626e-16,0,0
100,250,0.016704622019252935,0.03772005116707228,0.011538431712835973,0.0355965103811684,-0.021015429147819342,-0.024058078668332428,0.026991388877260204,-0.7785975461797926,-0.8913242211333912,0.4362168250041192,0.3727552582234006,0.652,0.43,0.376,True,999,0.00011575000826269388,0.0008165000472217798,weak_2x2_bal_strong_100_250,weak_null,True,1018,1907505461,-4.440892098500626e-16,0,0
100,250,0.06386200406420894,0.04707087830904505,0.058663610207815964,0.04495005797760143,0.016791125755163894,0.013713552230214532,0.04122531104593701,0.4073013721219395,0.33264884805680756,0.6837866551424714,0.739399365790797,0.78,0.68,0.74,True,999,0.0001092500751838088,0.000832082936540246,weak_2x2_bal_strong_100_250,weak_null,True,1019,1907505461,-4.440892098500626e-16,0,0
100,250,0.054311055545317566,0.044228916096963444,0.04911225258128127,0.04213347521948663,0.010082139448354122,0.006978777361794641,0.038288447183045825,0.26332066694045786,0.18226848763103803,0.7923034317003773,0.8553720276437917,0.86,0.776,0.838,True,999,0.00011041597463190556,0.0008088749600574374,weak_2x2_bal_strong_100_250,weak_null,True,1020,1907505461,-4.440892098500626e-16,0,0
100,250,0.047365188043053896,0.04536815827289281,0.04216824526535845,0.043260208489584784,0.001997029770161085,-0.0010919632242263333,0.036949525392171424,0.05404750802520998,-0.029552834918352967,0.9568973135985183,0.9764236811491019,0.975,0.962,0.971,True,999,0.0001151250908151269,0.0008155000396072865,weak_2x2_bal_strong_100_250,weak_null,True,1021,1907505461,-4.440892098500626e-16,0,0
100,250,0.05286967496666373,0.02896024727898877,0.047680185505157624,0.026849949087306868,0.023909427687674956,0.020830236417850756,0.03600112881813407,0.6641299446041697,0.5785995356722924,0.5066071461563388,0.5628594181192415,0.634,0.499,0.568,True,999,0.00011550006456673145,0.0008200840093195438,weak_2x2_bal_strong_100_250,weak_null,True,1022,1907505461,-4.440892098500626e-16,0,0
100,250,0.02534940484382453,0.053319773707758866,0.020174843777112983,0.05120301854303477,-0.027970368863934336,-0.03102817476592179,0.032484878472232914,-0.8610273511671763,-0.9551574832716007,0.38922297924889115,0.3394980630363533,0.557,0.385,0.339,True,999,0.00011533405631780624,0.0008228749502450228,weak_2x2_bal_strong_100_250,weak_null,True,1023,1907505461,-4.440892098500626e-16,0,0
100,250,0.06679960076565294,0.014589763488314866,0.061577684701035196,0.012444369807923295,0.05220983727733808,0.0491333148931119,0.03727977922980104,1.4004867613486862,1.317961530572458,0.16136760504208425,0.18751652611000502,0.227,0.141,0.174,True,999,0.00011775002349168062,0.0008307920070365071,weak_2x2_bal_strong_100_250,weak_null,True,1024,1907505461,-4.440892098500626e-16,0,0
100,250,0.06089950390415266,0.10006073223785772,0.055698012723695456,0.09795120150765513,-0.039161228333705056,-0.04225318878395967,0.04584413369854434,-0.8542255066093334,-0.921670568840988,0.3929800531087342,0.35670043664593454,0.537,0.398,0.366,True,999,0.00011654198169708252,0.0008416670607402921,weak_2x2_bal_strong_100_250,weak_null,True,1025,1907505461,-4.440892098500626e-16,0,0
100,250,0.12688218106657412,0.07089420422501114,0.12163132405912336,0.06877146373916787,0.05598797684156298,0.05285986031995549,0.05404155751421148,1.0360170842011658,0.9781335466886713,0.30019417234573276,0.3280082780170066,0.351,0.301,0.321,True,999,0.00011599995195865631,0.0008354580495506525,weak_2x2_bal_strong_100_250,weak_null,True,1026,1907505461,-4.440892098500626e-16,0,0
100,250,0.025644739629517743,0.012892298614816666,0.02047044986328217,0.010768157211586527,0.012752441014701077,0.009702292651695643,0.02498598142208917,0.5103838348101517,0.3883094479177916,0.6097825796866777,0.69778704633634,0.745,0.604,0.689,True,999,0.00011612498201429844,0.000840499997138977,weak_2x2_bal_strong_100_250,weak_null,True,1027,1907505461,-4.440892098500626e-16,0,0
100,250,0.022470064715164995,0.04280446385021508,0.017293094157892597,0.04067512446553678,-0.020334399135050085,-0.023382030307644186,0.03003646542680473,-0.6769904130232162,-0.7784547873857993,0.49841203709271975,0.436300950829698,0.678,0.501,0.448,True,999,0.00011562497820705175,0.0008724590297788382,weak_2x2_bal_strong_100_250,weak_null,True,1028,1907505461,-4.440892098500626e-16,0,0
100,250,0.04725555557675609,0.06469116164066813,0.04206490692027387,0.06256977849552925,-0.017435606063912035,-0.02050487157525538,0.03972441059876216,-0.4389141538189453,-0.516178119855964,0.6607237406256599,0.6057300105650755,0.725,0.638,0.582,True,999,0.0001141249667853117,0.0008045419817790389,weak_2x2_bal_strong_100_250,weak_null,True,1029,1907505461,-4.440892098500626e-16,0,0
100,250,0.03505830987020098,0.023859348729659224,0.029880180440102322,0.021753383988681207,0.011198961140541752,0.008126796451421114,0.03021953046516379,0.37058686776922606,0.26892530513634066,0.7109452646933441,0.7879871633828517,0.807,0.701,0.781,True,999,0.00010866706725209951,0.0007997920038178563,weak_2x2_bal_strong_100_250,weak_null,True,1030,1907505461,-4.440892098500626e-16,0,0
100,250,0.03676105641245542,0.06188138356127415,0.03158011490856438,0.059729407820896085,-0.025120327148818733,-0.028149292912331703,0.03736381383391362,-0.6723169979510504,-0.7533838231144844,0.5013819107837264,0.4512193009183124,0.688,0.509,0.47,True,999,0.00010850001126527786,0.0008197909919545054,weak_2x2_bal_strong_100_250,weak_null,True,1031,1907505461,-4.440892098500626e-16,0,0
100,250,0.09019773773029793,0.014870847790573682,0.08497934495518678,0.012761905674125273,0.07532688993972425,0.0722174392810615,0.0422203711249434,1.7841361393249768,1.710488026439827,0.07440154613612104,0.08717566569363436,0.145,0.086,0.098,True,999,0.00011312507558614016,0.0008301250636577606,weak_2x2_bal_strong_100_250,weak_null,True,1032,1907505461,-4.440892098500626e-16,0,0
100,250,0.09090858770311627,0.06582148426278867,0.08569033444935314,0.0637102777547085,0.025087103440327607,0.021980056694644645,0.048222847860162434,0.5202327227349924,0.45580171371012446,0.6029013806482542,0.6485325716898332,0.698,0.588,0.666,True,999,0.00011941604316234589,0.0008271669503301382,weak_2x2_bal_strong_100_250,weak_null,True,1033,1907505461,-4.440892098500626e-16,0,0
100,250,0.020269760935362147,0.07296385728472177,0.01510183178302782,0.07085016406679756,-0.05269409634935962,-0.05574833228376974,0.03369727764004596,-1.5637493601779207,-1.6543868284931789,0.11787644088940058,0.0980489409608622,0.326,0.131,0.114,True,999,0.00011633289977908134,0.0008350410498678684,weak_2x2_bal_strong_100_250,weak_null,True,1034,1907505461,-4.440892098500626e-16,0,0
100,250,0.04782039371995339,0.06339926342815322,0.042630018693500915,0.061282323349232115,-0.015578869708199827,-0.0186523046557312,0.039352357872281155,-0.3958814808190491,-0.4739818822614802,0.6921924635077323,0.6355128270950523,0.747,0.679,0.624,True,999,0.00011645897757261992,0.000832458958029747,weak_2x2_bal_strong_100_250,weak_null,True,1035,1907505461,-4.440892098500626e-16,0,0
100,250,0.005281507701683563,0.08078249224406586,0.00012277666098725604,0.07866062505584637,-0.0755009845423823,-0.07853784839485911,0.030568814344773425,-2.4698695765834064,-2.569214739867309,0.013516232094293932,0.0101929272602825,0.137,0.014,0.013,True,999,0.0001152500044554472,0.0008417499484494328,weak_2x2_bal_strong_100_250,weak_null,True,1036,1907505461,-4.440892098500626e-16,0,0
100,250,0.011279922329317071,0.014939723200093957,0.006108874927107877,0.012815140630920041,-0.003659800870776886,-0.006706265703812164,0.01926437698294145,-0.18997763976575152,-0.3481174454668606,0.8493266523142189,0.7277519831979415,0.919,0.84,0.728,True,999,0.0001485829707235098,0.0008191670058295131,weak_2x2_bal_strong_100_250,weak_null,True,1037,1907505461,-4.440892098500626e-16,0,0
100,250,0.03448819381301116,0.07126191297555606,0.029312193363125516,0.06914276462715918,-0.036773719162544904,-0.039830571264033665,0.037480447644599346,-0.9811440757390133,-1.0627026561080295,0.3265216977497729,0.28791681596658314,0.523,0.345,0.316,True,999,0.00011033297050744295,0.0008022499969229102,weak_2x2_bal_strong_100_250,weak_null,True,1038,1907505461,-4.440892098500626e-16,0,0
100,250,0.01685022766876465,0.046863243701408264,0.011677094082287454,0.04475500178614311,-0.030013016032643614,-0.03307790770385566,0.028567782327383304,-1.0505896358596585,-1.1578745358945566,0.29344710316228007,0.24691524048282543,0.495,0.294,0.257,True,999,0.00010954099707305431,0.0008093330543488264,weak_2x2_bal_strong_100_250,weak_null,True,1039,1907505461,-4.440892098500626e-16,0,0
100,250,0.09745490009717406,0.06219863629250977,0.09223013224286092,0.06008073608487052,0.03525626380466429,0.032149396157990395,0.049098586424890095,0.718070852377767,0.6547927038016016,0.47271360116312444,0.5126012288612418,0.554,0.491,0.528,True,999,0.0001099579967558384,0.000826291972771287,weak_2x2_bal_strong_100_250,weak_null,True,1040,1907505461,-4.440892098500626e-16,0,0
100,250,0.019935500215221724,0.06121751734598185,0.014767190878743008,0.05905839733388518,-0.04128201713076013,-0.044291206455142174,0.03210323763279445,-1.2859144489710057,-1.3796492105175504,0.19847292045164677,0.16769467785420378,0.42,0.195,0.168,True,999,0.00010954204481095076,0.0008347079856321216,weak_2x2_bal_strong_100_250,weak_null,True,1041,1907505461,-4.440892098500626e-16,0,0
100,250,0.06548347911636199,0.0661392835544834,0.06028283510943311,0.0640312445758866,-0.0006558044381214101,-0.003748409466453495,0.043390248973156416,-0.015114097144893698,-0.08638829126729525,0.9879411543516377,0.931157754348946,0.983,0.983,0.935,True,999,0.00010979198850691319,0.0008467079605907202,weak_2x2_bal_strong_100_250,weak_null,True,1042,1907505461,-4.440892098500626e-16,0,0
100,250,0.014293192798176868,0.046863243701408264,0.009123503718413417,0.04475500178614311,-0.032570050903231396,-0.035631498067729694,0.027705995283742336,-1.175559678317828,-1.286057320909095,0.239770876250746,0.19842305753909595,0.454,0.263,0.222,True,999,0.00011208292562514544,0.0008477920200675726,weak_2x2_bal_strong_100_250,weak_null,True,1043,1907505461,-4.440892098500626e-16,0,0
100,250,0.04341970558965946,0.06605869166567663,0.03822554927278077,0.06398007273638484,-0.022638986076017165,-0.025754523463604073,0.037971069104333614,-0.5962167147259331,-0.6782670088334365,0.5510304608235277,0.4976024125873806,0.666,0.527,0.474,True,999,0.00011300004553049803,0.0008335409220308065,weak_2x2_bal_strong_100_250,weak_null,True,1044,1907505461,-4.440892098500626e-16,0,0
100,250,0.014499335415388726,0.05152778720073431,0.00933293486987452,0.049412018372009925,-0.037028451785345584,-0.040079083502135404,0.028737959074241964,-1.2884857859838226,-1.39463917387434,0.1975769136194495,0.16312467576384904,0.428,0.228,0.192,True,999,0.00011516700033098459,0.0008637080900371075,weak_2x2_bal_strong_100_250,weak_null,True,1045,1907505461,-4.440892098500626e-16,0,0
100,250,0.06607918563312642,0.041084519514797135,0.060881532323605825,0.038957024328112766,0.02499466611832929,0.02192450799549306,0.040933518707450364,0.6106161138250735,0.5356125905565639,0.5414537523891396,0.5922263253150906,0.656,0.538,0.61,True,999,0.0001217089593410492,0.0008068750612437725,weak_2x2_bal_strong_100_250,weak_null,True,1046,1907505461,-4.440892098500626e-16,0,0
100,250,0.07574288624862546,0.06519726538561393,0.07052801354556948,0.06311036902110345,0.010545620863011529,0.007417644524466027,0.04496888617237867,0.23450927431440333,0.1649505948631252,0.8145896340515117,0.8689828688470131,0.865,0.848,0.875,True,999,0.0001092919846996665,0.0008178750285878778,weak_2x2_bal_strong_100_250,weak_null,True,1047,1907505461,-4.440892098500626e-16,0,0
100,250,0.07435170133742408,0.05149394612164665,0.0691471279678808,0.049365849904091874,0.02285775521577743,0.019781278063788932,0.04393130537769058,0.5203067611868682,0.4502774933210695,0.6028497841955966,0.6525103654222624,0.661,0.571,0.626,True,999,0.00010920804925262928,0.000818750006146729,weak_2x2_bal_strong_100_250,weak_null,True,1048,1907505461,-4.440892098500626e-16,0,0
100,250,0.04572033088704963,0.019861080541083764,0.04053781125691103,0.017745367863511774,0.025859250345965867,0.022792443393399253,0.03271753648969139,0.790378895248228,0.6966430189687624,0.4293065237574277,0.4860262267176464,0.586,0.446,0.496,True,999,0.00010920804925262928,0.0008272079285234213,weak_2x2_bal_strong_100_250,weak_null,True,1049,1907505461,-4.440892098500626e-16,0,0
100,250,0.06822667887712619,0.08744992263453588,0.06302208908152807,0.08534754841791425,-0.01922324375740969,-0.02232545933638619,0.045991341945188766,-0.4179752741357152,-0.4854274389947801,0.6759651953324792,0.6273731723801248,0.733,0.663,0.594,True,999,0.000110417022369802,0.0008444590494036674,weak_2x2_bal_strong_100_250,weak_null,True,1050,1907505461,-4.440892098500626e-16,0,0
100,250,0.024908305558752786,0.035410549927382184,0.019733330573686203,0.033292185834170596,-0.010502244368629399,-0.013558855260484393,0.02929662538701461,-0.3584796620734481,-0.46281286944721617,0.7199843852677943,0.6434985057554133,0.818,0.718,0.631,True,999,0.00011370808351784945,0.0008395410841330886,weak_2x2_bal_strong_100_250,weak_null,True,1051,1907505461,-4.440892098500626e-16,0,0
100,250,0.012436922791395189,0.06152272900372069,0.007274121651022369,0.0594147282486972,-0.0490858062123255,-0.05214060659767483,0.029517862894833193,-1.6629187006935207,-1.7664085907385092,0.09632871047811012,0.07732732487978873,0.327,0.104,0.085,True,999,0.00011424999684095383,0.0008404580876231194,weak_2x2_bal_strong_100_250,weak_null,True,1052,1907505461,-4.440892098500626e-16,0,0
100,250,0.05172414008263515,0.06152272900372069,0.04653727643929528,0.0594147282486972,-0.009798588921085538,-0.012877451809401919,0.04007902670270731,-0.24448170844487224,-0.3213015102617763,0.8068577667745784,0.747981912020921,0.852,0.815,0.74,True,999,0.0001105000264942646,0.0008651670068502426,weak_2x2_bal_strong_100_250,weak_null,True,1053,1907505461,-4.440892098500626e-16,0,0
100,250,0.08444559668698481,0.032313289365641484,0.07922842229912419,0.030198272845865404,0.05213230732134333,0.04903014945325879,0.04348038385877701,1.1989845234731025,1.1276383762504776,0.2305339635264425,0.25947267254638495,0.287,0.227,0.259,True,999,0.00011149991769343615,0.0008884170092642307,weak_2x2_bal_strong_100_250,weak_null,True,1054,1907505461,-4.440892098500626e-16,0,0
100,250,0.031084248743444287,0.06726604452591972,0.025898883284654062,0.06517081028059124,-0.036181795782475434,-0.03927192699593718,0.03554982872052448,-1.0177769368994483,-1.1047008778769098,0.3087839747111192,0.26928922290001533,0.474,0.333,0.284,True,999,0.00011491705663502216,0.0007972499588504434,weak_2x2_bal_strong_100_250,weak_null,True,1055,1907505461,-4.440892098500626e-16,0,0
100,250,0.03592806366251622,0.035429319267354265,0.030746628893410843,0.033271476513249354,0.0004987443951619541,-0.0025248476198385106,0.033063813908042194,0.015084297188130594,-0.07636286687496706,0.987964928566805,0.9391304112538579,0.999,0.988,0.926,True,999,0.00011008302681148052,0.0008038750384002924,weak_2x2_bal_strong_100_250,weak_null,True,1056,1907505461,-4.440892098500626e-16,0,0
100,250,0.10050873078459577,0.014605245082788543,0.09528447181347133,0.012508140509410737,0.08590348570180723,0.08277633130406059,0.044049834729173905,1.950143200989445,1.8791519153927356,0.05115905338442072,0.06022375311923512,0.059,0.064,0.079,True,999,0.00010908395051956177,0.0007995419437065721,weak_2x2_bal_strong_100_250,weak_null,True,1057,1907505461,-4.440892098500626e-16,0,0
100,250,0.04882964909106846,0.07574441925969372,0.043640658046911085,0.07365413091227424,-0.026914770168625257,-0.030013472865363156,0.040741012413516964,-0.6606308624695721,-0.7366894214785235,0.508849071776382,0.461311241349714,0.589,0.493,0.45,True,999,0.00010774994734674692,0.0008064999710768461,weak_2x2_bal_strong_100_250,weak_null,True,1058,1907505461,-4.440892098500626e-16,0,0
100,250,0.060244385944802636,0.0698487693017128,0.05504804486290027,0.06774060940053062,-0.009604383356910162,-0.012692564537630346,0.04282181416373258,-0.2242871663537431,-0.29640417589734347,0.8225338616190931,0.7669214366350163,0.886,0.821,0.759,True,999,0.00011999998241662979,0.0008237910224124789,weak_2x2_bal_strong_100_250,weak_null,True,1059,1907505461,-4.440892098500626e-16,0,0
100,250,0.05901705585352923,0.04888329630734822,0.053820261823716464,0.04677271510841763,0.01013375954618101,0.007047546715298836,0.0402256423667996,0.25192287680022113,0.1752003523283834,0.8011006766125646,0.8609222074961956,0.838,0.807,0.871,True,999,0.00011645897757261992,0.000823916052468121,weak_2x2_bal_strong_100_250,weak_null,True,1060,1907505461,-4.440892098500626e-16,0,0
100,250,0.06900280856466945,0.054814431865176816,0.06379136749795578,0.0527071645226016,0.014188376699492633,0.011084202975354174,0.042908869280498786,0.3306630292852057,0.2583196239196105,0.7408990311341401,0.7961602423943495,0.819,0.761,0.824,True,999,0.0001129999291151762,0.0008264579810202122,weak_2x2_bal_strong_100_250,weak_null,True,1061,1907505461,-4.440892098500626e-16,0,0
100,250,0.016704622019252935,0.08249356722742618,0.011538431712835973,0.08036120737894237,-0.06578894520817324,-0.0688227756661064,0.03421365058046313,-1.9228858684182746,-2.01155896837872,0.054494384883747644,0.044266448364510665,0.22,0.066,0.059,True,999,0.00011183402966707945,0.0008333750301972032,weak_2x2_bal_strong_100_250,weak_null,True,1062,1907505461,-4.440892098500626e-16,0,0
100,250,0.09855294390405489,0.06667211809663681,0.09332836474386852,0.06456951477635187,0.03188082580741808,0.028758849967516653,0.0494585214597688,0.6445972274636435,0.5814741144437579,0.5191882320637863,0.5609209593491586,0.625,0.509,0.569,True,999,0.0001092919846996665,0.0008523750584572554,weak_2x2_bal_strong_100_250,weak_null,True,1063,1907505461,-4.440892098500626e-16,0,0
100,250,0.06585444604867363,0.05149394612164665,0.06065763719982442,0.049365849904091874,0.014360499927026982,0.011291787295732547,0.04226085111931193,0.3398062165497814,0.26719261436200803,0.7340024660753566,0.7893208623888841,0.793,0.735,0.781,True,999,0.00011133402585983276,0.0008015000494197011,weak_2x2_bal_strong_100_250,weak_null,True,1064,1907505461,-4.440892098500626e-16,0,0
100,250,0.07943349791396992,0.06830341834790554,0.07422418315687196,0.06619376475732963,0.011130079566064377,0.008030418399542327,0.04636231963930157,0.2400673575579543,0.17321002188887247,0.8102780392092827,0.8624863463801372,0.861,0.802,0.848,True,999,0.00010875007137656212,0.0008249160600826144,weak_2x2_bal_strong_100_250,weak_null,True,1065,1907505461,-4.440892098500626e-16,0,0
100,250,0.006754363527967544,0.038276165689346775,0.0015931594342930566,0.03617542369097748,-0.03152180216137923,-0.034582264256684425,0.02277861441596785,-1.3838331685039802,-1.5181899840423216,0.1664095443100485,0.12896651173876306,0.437,0.191,0.162,True,999,0.00011208292562514544,0.0008246250217780471,weak_2x2_bal_strong_100_250,weak_null,True,1066,1907505461,-4.440892098500626e-16,0,0
100,250,0.13896316492472605,0.07057689681911683,0.13366865934520433,0.06844344341712372,0.06838626810560922,0.06522521592808062,0.055565105405297445,1.2307412648062652,1.1738521047035069,0.2184196493298951,0.24045426947891024,0.299,0.229,0.244,True,999,0.00011470809113234282,0.0008384999819099903,weak_2x2_bal_strong_100_250,weak_null,True,1067,1907505461,-4.440892098500626e-16,0,0
100,250,0.03448819381301116,0.038857063756377264,0.029312193363125516,0.036766209618718904,-0.004368869943366105,-0.0074540162555933875,0.03239187335781291,-0.13487549469911517,-0.23011994932350774,0.8927103148840531,0.8179985635199759,0.929,0.884,0.819,True,999,0.00011837494093924761,0.0008337500039488077,weak_2x2_bal_strong_100_250,weak_null,True,1068,1907505461,-4.440892098500626e-16,0,0
100,250,0.03848848195167354,0.08428749795595447,0.033308664659855935,0.08217145599971332,-0.045799016004280935,-0.04886279133985738,0.03988143149207681,-1.1483794410283332,-1.225201541463347,0.25081195706102044,0.2204992938488718,0.386,0.279,0.233,True,999,0.00011733407154679298,0.0008293749997392297,weak_2x2_bal_strong_100_250,weak_null,True,1069,1907505461,-4.440892098500626e-16,0,0
100,250,0.080570512189312,0.09369760944005012,0.07535112270525701,0.09158817599453073,-0.013127097250738129,-0.016237053289273717,0.04893915279149954,-0.2682330302419586,-0.3317804327028318,0.7885199517934567,0.7400550606023303,0.809,0.781,0.732,True,999,0.00011554092634469271,0.000847417046315968,weak_2x2_bal_strong_100_250,weak_null,True,1070,1907505461,-4.440892098500626e-16,0,0
100,250,0.021050379165941546,0.02426679947982313,0.015880697229476937,0.022159460477467974,-0.003216420313881585,-0.006278763247991037,0.025562707589604987,-0.12582471174491447,-0.24562199547845553,0.8998706800872166,0.8059748608229382,0.95,0.906,0.799,True,999,0.00011775002349168062,0.000875124940648675,weak_2x2_bal_strong_100_250,weak_null,True,1071,1907505461,-4.440892098500626e-16,0,0
100,250,0.07736443254257686,0.039393358825156044,0.07214420745668804,0.03729303918468929,0.03797107371742081,0.034851168271998745,0.04277509403600332,0.8876911804205734,0.8147537499897699,0.37470689133896484,0.4152132796183673,0.441,0.369,0.408,True,999,0.00011729204561561346,0.0008140829158946872,weak_2x2_bal_strong_100_250,weak_null,True,1072,1907505461,-4.440892098500626e-16,0,0
100,250,0.052772083710488804,0.03005136031866784,0.047582552563653735,0.027924010190915283,0.022720723391820963,0.019658542372738452,0.03628585655704074,0.6261592131938343,0.5417687285908647,0.5312105167613774,0.5879778364795584,0.655,0.533,0.59,True,999,0.00010916695464402437,0.0007940409705042839,weak_2x2_bal_strong_100_250,weak_null,True,1073,1907505461,-4.440892098500626e-16,0,0
100,250,0.05286967496666373,0.08342643446562054,0.047680185505157624,0.08128516422202381,-0.03055675949895681,-0.033604978716866185,0.043357338067631396,-0.7047655797339895,-0.7750701545479363,0.4809561321990806,0.4382982061994787,0.593,0.473,0.452,True,999,0.0001082499511539936,0.0008031249744817615,weak_2x2_bal_strong_100_250,weak_null,True,1074,1907505461,-4.440892098500626e-16,0,0
100,250,0.10257586251287432,0.048238940154045395,0.09734048627257152,0.04613939699842717,0.05433692235882892,0.05120108927414435,0.04812641159157097,1.1290457892427967,1.063887532456542,0.25887851810792617,0.28737965160192713,0.361,0.266,0.301,True,999,0.00010812492109835148,0.0008241659961640835,weak_2x2_bal_strong_100_250,weak_null,True,1075,1907505461,-4.440892098500626e-16,0,0
100,250,0.019887541889645033,0.0734105313745873,0.01470602094211415,0.07130615682241626,-0.053522989484942274,-0.056600135880302105,0.0334011726871812,-1.6024284532226463,-1.6945553502085353,0.1090608970845662,0.09015980327628188,0.296,0.109,0.094,True,999,0.00010916695464402437,0.0008315000450238585,weak_2x2_bal_strong_100_250,weak_null,True,1076,1907505461,-4.440892098500626e-16,0,0
100,250,0.06554999928391636,0.048238940154045395,0.060352174363487165,0.04613939699842717,0.017311059129870965,0.014212777365059992,0.04139858344500245,0.4181558326233194,0.3433155480776657,0.6758331858180355,0.7313610851786014,0.764,0.687,0.717,True,999,0.00011304207146167755,0.0008323329966515303,weak_2x2_bal_strong_100_250,weak_null,True,1077,1907505461,-4.440892098500626e-16,0,0
100,250,0.028891616580002832,0.035316181270498626,0.023717568023087665,0.03319824552437467,-0.006424564690495793,-0.009480677501287005,0.03054838246968412,-0.21030785171265487,-0.3103495745051485,0.83342740754472,0.7562951358852517,0.886,0.823,0.755,True,999,0.00011483300477266312,0.0008280000183731318,weak_2x2_bal_strong_100_250,weak_null,True,1078,1907505461,-4.440892098500626e-16,0,0
100,250,0.02025129159828465,0.028812411750153033,0.015071868739653382,0.026667494661424485,-0.008561120151868384,-0.011595625921771102,0.02667847585213164,-0.3208998969551082,-0.4346434926058416,0.7482862520254463,0.6638212204726648,0.873,0.78,0.707,True,999,0.00011533393990248442,0.0008345830719918013,weak_2x2_bal_strong_100_250,weak_null,True,1079,1907505461,-4.440892098500626e-16,0,0
100,250,0.04550937731471649,0.05043869126177841,0.040325315708599874,0.048307353904817774,-0.00492931394706192,-0.0079820381962179,0.037531436018806937,-0.1313382718580725,-0.21267606686347185,0.8955077174318923,0.8315796355794225,0.915,0.858,0.795,True,999,0.00011608295608311892,0.0008797500049695373,weak_2x2_bal_strong_100_250,weak_null,True,1080,1907505461,-4.440892098500626e-16,0,0
100,250,0.016828471383347643,0.053319773707758755,0.011662443581542448,0.05120301854303477,-0.03649130232441111,-0.039540574961492325,0.029876799839041967,-1.2213926029897466,-1.323454157557466,0.2219374065337728,0.18568439171558504,0.461,0.228,0.197,True,999,0.00012387498281896114,0.000801375019364059,weak_2x2_bal_strong_100_250,weak_null,True,1081,1907505461,-4.440892098500626e-16,0,0
100,250,0.04572033088704963,0.03913966749249892,0.04053781125691103,0.037040229230299815,0.006580663394550712,0.0034975820266112123,0.03560864151517652,0.18480523587921802,0.09822284360723313,0.8533818009632932,0.9217553435942722,0.877,0.831,0.924,True,999,0.00011208397336304188,0.0007955000037327409,weak_2x2_bal_strong_100_250,weak_null,True,1082,1907505461,-4.440892098500626e-16,0,0
100,250,0.030237614093372445,0.01670500706858441,0.025061670521978385,0.014556422238754863,0.013532607024788035,0.010505248283223523,0.027563645809853127,0.4909585298745407,0.3811269509009665,0.6234557787464905,0.7031090500270873,0.767,0.619,0.7,True,999,0.00011179200373589993,0.0008013340411707759,weak_2x2_bal_strong_100_250,weak_null,True,1083,1907505461,-4.440892098500626e-16,0,0
100,250,0.04763194464340381,0.023859348729659224,0.04244147901501094,0.021753383988681207,0.023772595913744587,0.020688095026329734,0.03378666242378045,0.7036088861210645,0.6123154387622672,0.4816763759302366,0.5403290770004169,0.615,0.479,0.54,True,999,0.00010987499263137579,0.0008230829844251275,weak_2x2_bal_strong_100_250,weak_null,True,1084,1907505461,-4.440892098500626e-16,0,0
100,250,0.03894160488080589,0.02167765780155967,0.03375661195767066,0.019519719255967516,0.017263947079246222,0.014236892701703141,0.031373027108771746,0.5502799273844795,0.45379403945762614,0.5821273896057936,0.6499770741205924,0.701,0.568,0.633,True,999,0.00010958302300423384,0.0008322090143337846,weak_2x2_bal_strong_100_250,weak_null,True,1085,1907505461,-4.440892098500626e-16,0,0
100,250,0.06089950390415266,0.037356563498049944,0.055698012723695456,0.03524384541344716,0.02354294040610272,0.020454167310248295,0.039001022076564106,0.6036493187251567,0.5244520841042086,0.5460768160177956,0.5999641384978354,0.648,0.539,0.595,True,999,0.00011133297812193632,0.0008412080351263285,weak_2x2_bal_strong_100_250,weak_null,True,1086,1907505461,-4.440892098500626e-16,0,0
100,250,0.017248078827974633,0.032064127772557294,0.012079600693098769,0.029950145599173084,-0.01481604894458266,-0.017870544906074315,0.025913301287522176,-0.5717545896676975,-0.6896282610922821,0.5674882455655414,0.4904279902886324,0.732,0.562,0.492,True,999,0.00011145800817757845,0.0008482909761369228,weak_2x2_bal_strong_100_250,weak_null,True,1087,1907505461,-4.440892098500626e-16,0,0
100,250,0.07341972240158146,0.08732190447865401,0.06821691751432013,0.0852105508301122,-0.013902182077072556,-0.016993633315792067,0.04688403477983992,-0.2965227319354024,-0.36246098262642085,0.7668309095488235,0.7170075754160145,0.81,0.768,0.728,True,999,0.00011170795187354088,0.0008566250326111913,weak_2x2_bal_strong_100_250,weak_null,True,1088,1907505461,-4.440892098500626e-16,0,0
100,250,0.03956405743651059,0.04853536036288497,0.03438288661810418,0.04641954303940565,-0.00897130292637438,-0.012036656421301473,0.03550870765507147,-0.2526507867737921,-0.3389775977831837,0.8005380806712851,0.7346266064900887,0.866,0.799,0.724,True,999,0.00011666701175272465,0.0008532920619472861,weak_2x2_bal_strong_100_250,weak_null,True,1089,1907505461,-4.440892098500626e-16,0,0
100,250,0.0742358884664911,0.06582148426278867,0.06902712915848497,0.0637102777547085,0.00841440420370243,0.005316851403776468,0.04525153470581843,0.18594737744044976,0.11749549354163294,0.8524860282174668,0.906467414943155,0.862,0.837,0.899,True,999,0.00011550006456673145,0.000837292056530714,weak_2x2_bal_strong_100_250,weak_null,True,1090,1907505461,-4.440892098500626e-16,0,0
100,250,0.026455496327183914,0.031931031552778544,0.02128106559686671,0.02985609229443753,-0.00547553522559463,-0.00857502669757082,0.028534294579532958,-0.19189313442926725,-0.30051651263604406,0.8478259154380972,0.7637832029107963,0.884,0.837,0.742,True,999,0.0001442920183762908,0.0008392500458285213,weak_2x2_bal_strong_100_250,weak_null,True,1091,1907505461,-4.440892098500626e-16,0,0
100,250,0.07276017128216605,0.04081715321467638,0.06755718170455793,0.03866936042473412,0.03194301806748967,0.02888782127982381,0.04247612761000119,0.7520228388232016,0.6800954537348656,0.452037324301683,0.496444022917779,0.585,0.45,0.501,True,999,0.00011216697748750448,0.0008041668916121125,weak_2x2_bal_strong_100_250,weak_null,True,1092,1907505461,-4.440892098500626e-16,0,0
100,250,0.01560381534759514,0.054814431865176816,0.010436110789427744,0.0527071645226016,-0.039210616517581676,-0.04227105373317386,0.0295327670233003,-1.3276987045150865,-1.4313272339101684,0.184277661706145,0.15233645223538858,0.374,0.2,0.174,True,999,0.00010979105718433857,0.0008027079747989774,weak_2x2_bal_strong_100_250,weak_null,True,1093,1907505461,-4.440892098500626e-16,0,0
100,250,0.047636403553459994,0.03916805723404815,0.04242424372071696,0.03705813004468439,0.008468346319411846,0.005366113676032569,0.03606607801521726,0.2348008651187085,0.14878561715993793,0.814363296243846,0.8817228001520405,0.886,0.822,0.893,True,999,0.00011045800056308508,0.0008097919635474682,weak_2x2_bal_strong_100_250,weak_null,True,1094,1907505461,-4.440892098500626e-16,0,0
100,250,0.0749012577510274,0.11281857483094349,0.0696926781604219,0.11070748787359719,-0.03791731707991608,-0.04101480971317528,0.04934126363221879,-0.768470733999542,-0.8312476554895828,0.4422075711877045,0.4058337383135694,0.571,0.468,0.432,True,999,0.00011004204861819744,0.0008353749290108681,weak_2x2_bal_strong_100_250,weak_null,True,1095,1907505461,-4.440892098500626e-16,0,0
100,250,0.08620559036598874,0.03746900474617171,0.08097878337117947,0.03537102365336864,0.04873658561981703,0.045607759717810836,0.04401516862453464,1.1072679519998614,1.0361827784158133,0.2681780960035316,0.30011687952137356,0.368,0.26,0.303,True,999,0.00011058396194130182,0.0008281669579446316,weak_2x2_bal_strong_100_250,weak_null,True,1096,1907505461,-4.440892098500626e-16,0,0
100,250,0.0258479630680426,0.05249839365685105,0.0206691799512555,0.05041014960026757,-0.02665043058880845,-0.029740969649012072,0.031895090787642855,-0.8355652838942115,-0.9324622979450695,0.4033995058194816,0.3510976622863905,0.563,0.432,0.379,True,999,0.00010908301919698715,0.0008306659292429686,weak_2x2_bal_strong_100_250,weak_null,True,1097,1907505461,-4.440892098500626e-16,0,0
100,250,0.06639707712193688,0.05443005702881559,0.061199525402599875,0.05229377884108999,0.011967020093121283,0.008905746561509886,0.04277091411296425,0.2797934143169031,0.2082196919614228,0.7796360046071718,0.8350574335793071,0.839,0.788,0.827,True,999,0.0001514999894425273,0.0008500419789925218,weak_2x2_bal_strong_100_250,weak_null,True,1098,1907505461,-4.440892098500626e-16,0,0
100,250,0.02828423432100291,0.06419935237522678,0.023106691378416144,0.06204435188902835,-0.03591511805422387,-0.038937660510612204,0.03559017400285449,-1.009130161918942,-1.0940564805187305,0.31291221443909756,0.273930207658853,0.543,0.334,0.312,True,999,0.00011070899199694395,0.0008445839630439878,weak_2x2_bal_strong_100_250,weak_null,True,1099,1907505461,-4.440892098500626e-16,0,0
100,250,0.1082078618413973,0.03913966749249892,0.10296668778285323,0.037040229230299815,0.06906819434889838,0.06592645855255341,0.04816843433241793,1.4338891289728857,1.368665173910046,0.15160390460963485,0.17110396124430016,0.218,0.165,0.189,True,999,0.00010900001507252455,0.0008391250157728791,weak_2x2_bal_strong_100_250,weak_null,True,1100,1907505461,-4.440892098500626e-16,0,0
100,250,0.04115023189446254,0.09480911948864001,0.035966555047508564,0.09268503893748914,-0.05365888759417747,-0.056718483889980575,0.041579010202988896,-1.2905282577005697,-1.36411337386534,0.19686730713995504,0.17253188624338978,0.358,0.209,0.182,True,999,0.00011045800056308508,0.0008398329373449087,weak_2x2_bal_strong_100_250,weak_null,True,1101,1907505461,-4.440892098500626e-16,0,0
100,250,0.06481048057679772,0.03564290691062427,0.05961241050464139,0.03352763568673822,0.029167573666173452,0.026084774817903167,0.039660428978212876,0.7354326319111781,0.6577027906640298,0.46207605444617916,0.5107291288078446,0.56,0.471,0.513,True,999,0.00011250004172325134,0.0008411250310018659,weak_2x2_bal_strong_100_250,weak_null,True,1102,1907505461,-4.440892098500626e-16,0,0
100,250,0.011793399946143701,0.05683171112605173,0.006628088416206879,0.05474300799424725,-0.04503831117990803,-0.04811491957804037,0.027964296758295325,-1.6105647701134438,-1.7205839286399207,0.10727461764146143,0.08532635185351424,0.289,0.127,0.111,True,999,0.00011562497820705175,0.0008383329259231687,weak_2x2_bal_strong_100_250,weak_null,True,1103,1907505461,-4.440892098500626e-16,0,0
100,250,0.09080171068567411,0.020312839933279647,0.08558590285542778,0.01819839348550545,0.07048887075239446,0.06738750936992233,0.043033598411186716,1.6379962019181427,1.5659278298327182,0.10142248608351075,0.11736551378066672,0.17,0.103,0.125,True,999,0.0001180840190500021,0.0008321669884026051,weak_2x2_bal_strong_100_250,weak_null,True,1104,1907505461,-4.440892098500626e-16,0,0
100,250,0.03399183196071365,0.032939844562217324,0.028815487930302197,0.030809293643244473,0.0010519873984963235,-0.001993805712942276,0.031807177593415524,0.0330738996066755,-0.06268414439120239,0.9736156564560484,0.9500180235041917,0.982,0.968,0.95,True,999,0.0001163750421255827,0.0008332079742103815,weak_2x2_bal_strong_100_250,weak_null,True,1105,1907505461,-4.440892098500626e-16,0,0
100,250,0.03848848195167354,0.05734638644451051,0.033308664659855935,0.055227046379371814,-0.018857904492836974,-0.021918381719515878,0.03645049413104665,-0.5173566214229942,-0.6013191931147768,0.6049072350499725,0.5476274084001587,0.724,0.632,0.559,True,999,0.00011575000826269388,0.0008840420050546527,weak_2x2_bal_strong_100_250,weak_null,True,1106,1907505461,-4.440892098500626e-16,0,0
100,250,0.08425863230814667,0.057574837571168214,0.07904010211088064,0.05543213277938719,0.02668379473697846,0.02360796933149345,0.04621033040593422,0.5774421975037813,0.5108807732840138,0.5636407754023882,0.6094345449864269,0.646,0.57,0.608,True,999,0.00011904200073331594,0.0008403339888900518,weak_2x2_bal_strong_100_250,weak_null,True,1107,1907505461,-4.440892098500626e-16,0,0
100,250,0.020538433349263974,0.03863548824137625,0.015370803719349624,0.03643030737480757,-0.018097054892112274,-0.021059503655457945,0.028897215508826887,-0.6262560102576106,-0.7287727652868544,0.5311470347029479,0.4661406736715884,0.717,0.509,0.439,True,999,0.00011595897376537323,0.0008481669938191772,weak_2x2_bal_strong_100_250,weak_null,True,1108,1907505461,-4.440892098500626e-16,0,0
100,250,0.06548347911636199,0.01079130840550721,0.06028283510943311,0.008573805485539765,0.054692170710854776,0.05170902962389334,0.03658981575819674,1.4947375267557286,1.413208253509985,0.13498295637437574,0.1575945004754432,0.318,0.129,0.154,True,999,0.00011687504593282938,0.0008407080313190818,weak_2x2_bal_strong_100_250,weak_null,True,1109,1907505461,-4.440892098500626e-16,0,0
100,250,0.06622639858617951,0.03917078862396489,0.06102599681521781,0.0370849436291536,0.027055609962214622,0.02394105318606421,0.04016487730382011,0.6736136589577318,0.5960693718784785,0.5005569670146772,0.551128884122041,0.57,0.502,0.567,True,999,0.00011750007979571819,0.000849416945129633,weak_2x2_bal_strong_100_250,weak_null,True,1110,1907505461,-4.440892098500626e-16,0,0
100,250,0.07556761288570846,0.05180064470844037,0.0703592093314569,0.0497099810647228,0.02376696817726809,0.0206492282667341,0.04354490576899693,0.5458036424134296,0.47420537263938506,0.5852009192398431,0.6353534625007395,0.675,0.6,0.656,True,999,0.00011712498962879181,0.0008517090464010835,weak_2x2_bal_strong_100_250,weak_null,True,1111,1907505461,-4.440892098500626e-16,0,0
100,250,0.039534547637448014,0.04774310417393712,0.03435537000655131,0.04563100718412727,-0.008208556536489109,-0.011275637177575959,0.03539711223386082,-0.23189904538700806,-0.31854680978155336,0.8166164259916239,0.7500701932465068,0.867,0.84,0.762,True,999,0.0001163750421255827,0.0008457090007141232,weak_2x2_bal_strong_100_250,weak_null,True,1112,1907505461,-4.440892098500626e-16,0,0
100,250,0.06639707712193688,0.025630737203258036,0.061199525402599875,0.02349207830930311,0.04076633991867884,0.037707447093296764,0.03890272593894073,1.0479044574578944,0.9692751904450089,0.2946826283894459,0.3324079042964805,0.456,0.312,0.345,True,999,0.00011641695164144039,0.0008390001021325588,weak_2x2_bal_strong_100_250,weak_null,True,1113,1907505461,-4.440892098500626e-16,0,0
100,250,0.06607918563312642,0.034011977213768585,0.060881532323605825,0.03190781656606134,0.03206720841935784,0.028973715757544483,0.039741849634404594,0.8068876691536067,0.7290479940939105,0.4197312036497085,0.4659723049657123,0.558,0.477,0.503,True,999,0.00011520797852426767,0.0008447079453617334,weak_2x2_bal_strong_100_250,weak_null,True,1114,1907505461,-4.440892098500626e-16,0,0
100,250,0.01388379327241418,0.06062967865508717,0.008716233197475276,0.05853370961247606,-0.04674588538267299,-0.04981747641500078,0.029304496982892808,-1.5951778803765855,-1.6999942515335755,0.11067246368874585,0.08913200679829653,0.322,0.118,0.102,True,999,0.00013824994675815105,0.0008467909647151828,weak_2x2_bal_strong_100_250,weak_null,True,1115,1907505461,-4.440892098500626e-16,0,0
100,250,0.14083597683456817,0.06265066817066,0.135574976318523,0.06053034017455161,0.07818530866390816,0.07504463614397139,0.05535698101061715,1.412383898769925,1.3556490035028872,0.15783695477719306,0.1752108723124498,0.207,0.153,0.169,True,999,0.00011150003410875797,0.0008213750552386045,weak_2x2_bal_strong_100_250,weak_null,True,1116,1907505461,-4.440892098500626e-16,0,0
100,250,0.07336424172744005,0.048643904456466935,0.06815212638105095,0.04654286416781872,0.024720337270973114,0.021609262213232228,0.04317983390629898,0.5724972755712004,0.5004480160837282,0.5669851310521866,0.6167596509350566,0.635,0.572,0.624,True,999,0.00011445803102105856,0.000795917003415525,weak_2x2_bal_strong_100_250,weak_null,True,1117,1907505461,-4.440892098500626e-16,0,0
100,250,0.09219219289364067,0.03687316950938613,0.08696106002729209,0.034747647534274506,0.05531902338425454,0.052213412493017586,0.04529721917691072,1.2212454625129001,1.152684721971459,0.2219930957382793,0.249039814576951,0.368,0.247,0.263,True,999,0.00010887498501688242,0.0007964170072227716,weak_2x2_bal_strong_100_250,weak_null,True,1118,1907505461,-4.440892098500626e-16,0,0
100,250,0.03988480078387058,0.05926880570928805,0.03470583080502365,0.05714794992491079,-0.019384004925417475,-0.02244211911988714,0.037100176187960264,-0.522477435880964,-0.6049059984564183,0.6013379529184248,0.5452414572879325,0.729,0.607,0.538,True,999,0.00011095800437033176,0.0007972500752657652,weak_2x2_bal_strong_100_250,weak_null,True,1119,1907505461,-4.440892098500626e-16,0,0
100,250,0.04516710103441712,0.04654369218129156,0.039984297889105846,0.04443990700036693,-0.0013765911468744396,-0.004455609111261083,0.036443829472935105,-0.03777295544357545,-0.12225963011296678,0.96986870740811,0.9026934025952662,0.981,0.976,0.916,True,999,0.00011150003410875797,0.0008160409051924944,weak_2x2_bal_strong_100_250,weak_null,True,1120,1907505461,-4.440892098500626e-16,0,0
100,250,0.040003196167557986,0.02607906212025418,0.034822286739995434,0.023971892793085203,0.013924134047303804,0.01085039394691023,0.0321037663496108,0.43372275687748424,0.3379788473647975,0.664489779159132,0.7353791281445985,0.776,0.658,0.73,True,999,0.00011704210191965103,0.0008204580517485738,weak_2x2_bal_strong_100_250,weak_null,True,1121,1907505461,-4.440892098500626e-16,0,0
100,250,0.00502661536068183,0.053634154517141264,-0.00013129050341831316,0.05154240135426846,-0.048607539156459434,-0.051673691857686777,0.02500316879141679,-1.944055154046941,-2.0666857184688356,0.051888800432447216,0.038763777758879354,0.272,0.061,0.048,True,999,0.00011641695164144039,0.0008307499811053276,weak_2x2_bal_strong_100_250,weak_null,True,1122,1907505461,-4.440892098500626e-16,0,0
100,250,0.033711571632115134,0.033816314406782844,0.028536268927354058,0.031699758680261425,-0.00010474277466770987,-0.003163489752907367,0.0317087056703134,-0.0033032813056690946,-0.09976723067157915,0.9973643676394094,0.9205291243508231,0.999,0.999,0.917,True,999,0.00011570798233151436,0.0008548339828848839,weak_2x2_bal_strong_100_250,weak_null,True,1123,1907505461,-4.440892098500626e-16,0,0
100,250,0.08243557958001113,0.05620044373813182,0.07722587845455564,0.054077156690269135,0.02623513584187931,0.023148721764286506,0.045878675076835865,0.571837259858566,0.5045638681918757,0.567432232081655,0.6138651928742388,0.666,0.578,0.64,True,999,0.0001276669790968299,0.0008092919597402215,weak_2x2_bal_strong_100_250,weak_null,True,1124,1907505461,-4.440892098500626e-16,0,0
100,250,0.021102313322870714,0.008292105299597008,0.015926721706108538,0.006124834842097471,0.012810208023273706,0.009801886864011067,0.022281592852667276,0.5749233507666498,0.4399096118856559,0.5653431367732721,0.6600025740012389,0.78,0.576,0.676,True,999,0.00011024996638298035,0.000799959059804678,weak_2x2_bal_strong_100_250,weak_null,True,1125,1907505461,-4.440892098500626e-16,0,0
100,250,0.039534547637448014,0.06804724816804342,0.03435537000655131,0.06591727797224678,-0.028512700530595403,-0.03156190796569547,0.03843948150781855,-0.7417555963858656,-0.8210804809964934,0.45823542827707076,0.4116004273388556,0.665,0.483,0.436,True,999,0.00010941701475530863,0.0007975839544087648,weak_2x2_bal_strong_100_250,weak_null,True,1126,1907505461,-4.440892098500626e-16,0,0
100,250,0.09745490009717406,0.023033285873591547,0.09223013224281829,0.02089810868730524,0.07442161422358251,0.07133202355551305,0.04475405190679977,1.6629022636557107,1.5938673821995348,0.09633200121067154,0.11096574145822136,0.169,0.117,0.137,True,999,0.00010966695845127106,0.0008377910126000643,weak_2x2_bal_strong_100_250,weak_null,True,1127,1907505461,-4.440892098500626e-16,0,0
100,250,0.014799145514334922,0.007661273910417654,0.00962850056751563,0.005543809037931169,0.007137871603917267,0.004084691529584461,0.019023372328203347,0.37521589131359867,0.2147196332549644,0.7074999125856873,0.8299859144604403,0.818,0.698,0.821,True,999,0.0001142079709097743,0.0008306250674650073,weak_2x2_bal_strong_100_250,weak_null,True,1128,1907505461,-4.440892098500626e-16,0,0
100,250,0.019538370542090622,0.06339926342815333,0.014371654805501066,0.061282323349232115,-0.04386089288606271,-0.04691066854373105,0.032016135341622703,-1.3699621274726803,-1.465219585161631,0.17069872421570598,0.14286101781853014,0.329,0.147,0.127,True,999,0.00011870800517499447,0.000823749927803874,weak_2x2_bal_strong_100_250,weak_null,True,1129,1907505461,-4.440892098500626e-16,0,0
100,250,0.04388246162218301,0.04599570031759442,0.038698974724681534,0.04388506108944057,-0.0021132386954114124,-0.005186086364759035,0.03623837329346499,-0.05831494361786104,-0.1431103521883048,0.9534977644857411,0.8862030292368192,0.969,0.957,0.877,True,999,0.00011725001968443394,0.0008758329786360264,weak_2x2_bal_strong_100_250,weak_null,True,1130,1907505461,-4.440892098500626e-16,0,0
100,250,0.09459370726667216,0.04911501588825273,0.08936301331438301,0.047003394550202415,0.04547869137841942,0.042359618764180595,0.046997595795422585,0.9676812315333139,0.90131458954984,0.33320359432641133,0.36742107880457486,0.43,0.336,0.365,True,999,0.00014474999625235796,0.0008261250331997871,weak_2x2_bal_strong_100_250,weak_null,True,1131,1907505461,-4.440892098500626e-16,0,0
100,250,0.11365619022240314,0.05475216966399965,0.10814251373643913,0.052661752852529276,0.05890402055840349,0.05548076088390985,0.04843687516886607,1.2160986924331036,1.1454240326298217,0.2239473285946233,0.25203354770051667,0.311,0.236,0.274,True,999,0.00011204206384718418,0.0008499999530613422,weak_2x2_bal_strong_100_250,weak_null,True,1132,1907505461,-4.440892098500626e-16,0,0
100,250,0.07534538571423399,0.019800218203941122,0.070136923885741,0.017638306272900195,0.05554516751029287,0.0524986176128408,0.039976403529668,1.3894488399655738,1.3132401361187882,0.16469630761226184,0.18910204343304404,0.305,0.183,0.216,True,999,0.00011583301238715649,0.000800292007625103,weak_2x2_bal_strong_100_250,weak_null,True,1133,1907505461,-4.440892098500626e-16,0,0
100,250,0.01016732424939193,0.039023112721372266,0.004998953100042058,0.03689947542609673,-0.028855788471980337,-0.03190052232605467,0.024867624751258966,-1.1603757399676646,-1.2828134027734053,0.24589585962650007,0.19955745737620922,0.576,0.245,0.204,True,999,0.00010991597082465887,0.0007966669509187341,weak_2x2_bal_strong_100_250,weak_null,True,1134,1907505461,-4.440892098500626e-16,0,0
100,250,0.09019773773029793,0.04894527996151199,0.08497934495518678,0.04683112685410151,0.041252457768785944,0.03814821810108526,0.04610729308703447,0.8947056963616516,0.8273792614342973,0.3709444328206808,0.40802213133562526,0.502,0.396,0.428,True,999,0.00010979198850691319,0.0008221250027418137,weak_2x2_bal_strong_100_250,weak_null,True,1135,1907505461,-4.440892098500626e-16,0,0
100,250,0.028899737350249977,0.0495276399739526,0.023727442927850007,0.0474348493368808,-0.02062790262370262,-0.023707406409030796,0.03246313703084589,-0.6354254243544719,-0.7302869832482438,0.525150990671373,0.46521478308419206,0.648,0.508,0.444,True,999,0.0001082499511539936,0.0008271250408142805,weak_2x2_bal_strong_100_250,weak_null,True,1136,1907505461,-4.440892098500626e-16,0,0
100,250,0.04004847535583511,0.04853536036288497,0.03485915793244487,0.04641954303940565,-0.00848688500704986,-0.01156038510696078,0.03561880718517059,-0.23826977031907068,-0.3245584571898239,0.8116718660155164,0.7455152727732,0.898,0.839,0.769,True,999,0.0001081250375136733,0.0008482499979436398,weak_2x2_bal_strong_100_250,weak_null,True,1137,1907505461,-4.440892098500626e-16,0,0
100,250,0.05199276349977677,0.012897569842188428,0.04680289384511127,0.010723935095001025,0.039095193657588345,0.036078958750110246,0.03346767207682411,1.1681479837571735,1.0780241502095513,0.24274707797930928,0.28102297878410953,0.411,0.243,0.286,True,999,0.00010895903687924147,0.0008310830453410745,weak_2x2_bal_strong_100_250,weak_null,True,1138,1907505461,-4.440892098500626e-16,0,0
100,250,0.060244385944802414,0.021395855357546845,0.05504804486290027,0.019280544942745337,0.03884853058725557,0.03576749992015493,0.036678199279223736,1.0591722426586305,0.9751705542538817,0.28952134385916295,0.3294756656977834,0.437,0.301,0.337,True,999,0.00011024996638298035,0.0008335829479619861,weak_2x2_bal_strong_100_250,weak_null,True,1139,1907505461,-4.440892098500626e-16,0,0
100,250,0.030466163489106357,0.06522651688493752,0.02528457604466894,0.06312239631918715,-0.03476035339583117,-0.03783782027451821,0.03528552089445657,-0.9851166289936247,-1.072332767530792,0.3245667860899174,0.2835705940171366,0.552,0.334,0.296,True,999,0.00011249992530792952,0.0008445830317214131,weak_2x2_bal_strong_100_250,weak_null,True,1140,1907505461,-4.440892098500626e-16,0,0
100,250,0.08125530193798935,0.03913966749249892,0.07604643239656639,0.037040229230299815,0.042115634445490435,0.03900620316626657,0.04345273223608527,0.969228683173933,0.8976697473093284,0.3324311029132858,0.3693616425952424,0.487,0.324,0.393,True,999,0.00011424999684095383,0.0008625829359516501,weak_2x2_bal_strong_100_250,weak_null,True,1141,1907505461,-4.440892098500626e-16,0,0
100,250,0.10267106894245792,0.08804405506974583,0.09741890191874347,0.0859053892372259,0.014627013872712091,0.011513512681517568,0.05217979962387898,0.2803194718673919,0.22065076455848734,0.7792324130177372,0.8253643706875046,0.803,0.756,0.799,True,999,0.0001204170985147357,0.000810875091701746,weak_2x2_bal_strong_100_250,weak_null,True,1142,1907505461,-4.440892098500626e-16,0,0
100,250,0.04763194464340381,0.020531297989376418,0.04244147901501094,0.01841607874078477,0.027100646654027394,0.024025400274226172,0.03331787863572152,0.8133965235401163,0.7210963380023695,0.4159907518888447,0.47085024396896613,0.553,0.407,0.462,True,999,0.00011083297431468964,0.0008031249744817615,weak_2x2_bal_strong_100_250,weak_null,True,1143,1907505461,-4.440892098500626e-16,0,0
100,250,0.1316999466717571,0.06507912671776278,0.1264374980499241,0.06291574450825976,0.06662081995399433,0.06352175354166434,0.05470978959224896,1.2177129623513097,1.1610674070416058,0.2233330694654433,0.24561448805861286,0.309,0.249,0.264,True,999,0.00011616700794547796,0.000824584043584764,weak_2x2_bal_strong_100_250,weak_null,True,1144,1907505461,-4.440892098500626e-16,0,0
100,250,0.07969659057140321,0.07145699133032124,0.07448623407114496,0.06928760423507185,0.008239599241081974,0.00519862983607311,0.04734800029318812,0.17402211688056005,0.10979618577093378,0.8618480806707189,0.9125710160706361,0.904,0.867,0.917,True,999,0.00011758296750485897,0.0008326669922098517,weak_2x2_bal_strong_100_250,weak_null,True,1145,1907505461,-4.440892098500626e-16,0,0
100,250,0.04926812657257684,0.04833968538681066,0.04407209487204966,0.04623977405465496,0.0009284411857661823,-0.0021676791826052977,0.03769303435475514,0.024631638223338085,-0.05750874716542515,0.9803487832975849,0.9541399384117378,0.985,0.979,0.968,True,999,0.00011787493713200092,0.0008624589536339045,weak_2x2_bal_strong_100_250,weak_null,True,1146,1907505461,-4.440892098500626e-16,0,0
100,250,0.0006826258008061359,0.10551021104135527,-0.004473567816603463,0.10337747710279643,-0.10482758524054914,-0.1078510449193999,0.03233345731280613,-3.242077833694285,-3.335586537375449,0.0011866160988746603,0.0008511965686175063,0.035,0.003,0.003,True,999,0.0001140419626608491,0.0008350840071216226,weak_2x2_bal_strong_100_250,weak_null,True,1147,1907505461,-4.440892098500626e-16,0,0
100,250,0.019538370542090844,0.03303982548775747,0.014371654805501066,0.03090874152896106,-0.013501454945666624,-0.016537086723459993,0.027194254909971592,-0.49648188524981096,-0.6081095723419203,0.6195544648308446,0.5431148039186404,0.805,0.641,0.568,True,999,0.00011687492951750755,0.0008363750530406833,weak_2x2_bal_strong_100_250,weak_null,True,1148,1907505461,-4.440892098500626e-16,0,0
100,250,0.03909782630882219,0.034248753622727,0.03391838522981061,0.03214373823111316,0.0048490726860951905,0.001774646998697449,0.033172112801763444,0.1461791931998197,0.05349816001479134,0.8837799305318916,0.9573349966472599,0.929,0.88,0.966,True,999,0.00011862500105053186,0.0008576669497415423,weak_2x2_bal_strong_100_250,weak_null,True,1149,1907505461,-4.440892098500626e-16,0,0
100,250,0.03972898576624351,0.02896024727898877,0.034550585407856715,0.026849949087306868,0.010768738487254736,0.007700636320549847,0.03254627740328996,0.3308746605277251,0.23660574833579656,0.7407391628951978,0.8129626602920278,0.834,0.757,0.819,True,999,0.00014299992471933365,0.0008238330483436584,weak_2x2_bal_strong_100_250,weak_null,True,1150,1907505461,-4.440892098500626e-16,0,0
100,250,0.11037398393080611,0.04490282247327809,0.10513945511530665,0.04276962493243275,0.06547116145752802,0.0623698301828739,0.049458198090773564,1.3237676256899797,1.261061514380343,0.1855802311656196,0.2072866851212899,0.323,0.197,0.222,True,999,0.00011237501166760921,0.0008109579794108868,weak_2x2_bal_strong_100_250,weak_null,True,1151,1907505461,-4.440892098500626e-16,0,0
100,250,0.10257586251287432,0.035797065352424884,0.09734048627257152,0.033690656836085964,0.06677879716044943,0.06364982943648556,0.04683835522958738,1.4257289102727895,1.3589253748235488,0.15394660809650543,0.17417023713690238,0.232,0.155,0.185,True,999,0.00011016696225851774,0.0008184160105884075,weak_2x2_bal_strong_100_250,weak_null,True,1152,1907505461,-4.440892098500626e-16,0,0
100,250,0.04297030740593155,0.0575932760618576,0.03778631239838148,0.0555070168359606,-0.01462296865592605,-0.017720704437579116,0.037209095085581866,-0.3929944714401909,-0.4762465842510022,0.6943235647151749,0.6338987152037767,0.801,0.688,0.613,True,999,0.00010920804925262928,0.0008233339758589864,weak_2x2_bal_strong_100_250,weak_null,True,1153,1907505461,-4.440892098500626e-16,0,0
100,250,0.12767763098442542,0.05985497854313809,0.12241483983706303,0.05773996371742385,0.06782265244128732,0.06467487611963918,0.05332064296093619,1.271977393276664,1.2129425402282064,0.20338115162931736,0.22515178977022265,0.284,0.234,0.253,True,999,0.00011516700033098459,0.0008232500404119492,weak_2x2_bal_strong_100_250,weak_null,True,1154,1907505461,-4.440892098500626e-16,0,0
100,250,0.009738168306912098,0.06482160840813694,0.0045780020720371795,0.06272859937244846,-0.055083440101224845,-0.05815059730041128,0.028810355981883456,-1.9119319502980958,-2.0183921829003975,0.05588492295911578,0.04355043287155231,0.239,0.074,0.067,True,999,0.00011733302380889654,0.0008258329471573234,weak_2x2_bal_strong_100_250,weak_null,True,1155,1907505461,-4.440892098500626e-16,0,0
100,250,0.13331128794273506,0.023033285873591547,0.12804896311185132,0.02089810868730524,0.11027800206914351,0.10715085442454608,0.05030454972311099,2.1922073187443605,2.1300430083229367,0.028364540245140575,0.03316806280309267,0.051,0.028,0.035,True,999,0.00011666701175272465,0.0008290420519188046,weak_2x2_bal_strong_100_250,weak_null,True,1156,1907505461,-4.440892098500626e-16,0,0
100,250,0.04553574499710511,0.015139771314917394,0.040353131483556126,0.012988519720749991,0.030395973682187716,0.027364611762806135,0.03199556150989517,0.9500059460680895,0.8552627449386428,0.3421092313205999,0.3924057071774184,0.507,0.332,0.389,True,999,0.00011620798613876104,0.0008339580381289124,weak_2x2_bal_strong_100_250,weak_null,True,1157,1907505461,-4.440892098500626e-16,0,0
100,250,0.08255001320795574,0.04549059112851006,0.07734033821611774,0.043401482246125056,0.03705942207944568,0.03393885596999269,0.04426606507450667,0.8371971174096661,0.7667014430324519,0.4024817775212868,0.44325904548802886,0.488,0.418,0.461,True,999,0.00011579098645597696,0.0008720000041648746,weak_2x2_bal_strong_100_250,weak_null,True,1158,1907505461,-4.440892098500626e-16,0,0
100,250,0.10684208725377564,0.046863243701408264,0.10160707481718134,0.04475500178614311,0.05997884355236738,0.05685207303103823,0.04892180146499722,1.2260146142672463,1.1621009719299686,0.22019317551593243,0.2451944526934572,0.316,0.214,0.25,True,999,0.00012058299034833908,0.0008430830202996731,weak_2x2_bal_strong_100_250,weak_null,True,1159,1907505461,-4.440892098500626e-16,0,0
100,250,0.04572033088704963,0.04707087830904505,0.04053781125691103,0.04495005797760143,-0.0013505474219954183,-0.004412246720690405,0.037067223009548414,-0.03643508502505086,-0.11903364650634396,0.9709354389380364,0.9052486992192853,0.984,0.976,0.906,True,999,0.00011708308011293411,0.0008388749556615949,weak_2x2_bal_strong_100_250,weak_null,True,1160,1907505461,-4.440892098500626e-16,0,0
100,250,0.010884196327158757,0.04293016851495657,0.005717207736537944,0.04080009909002058,-0.03204597218779781,-0.03508289135348264,0.026093103657879334,-1.2281395347969994,-1.3445273438328085,0.21939459216070323,0.1787779203653187,0.491,0.224,0.195,True,999,0.0001152500044554472,0.0008465000428259373,weak_2x2_bal_strong_100_250,weak_null,True,1161,1907505461,-4.440892098500626e-16,0,0
100,250,0.07556761288570846,0.049801250870971314,0.0703592093314569,0.04769732921907632,0.025766362014737143,0.022661880112380572,0.04334028634857965,0.5945129620857145,0.5228825654291794,0.5521690753294032,0.6010559779397388,0.624,0.52,0.576,True,999,0.00011500006075948477,0.0008509999606758356,weak_2x2_bal_strong_100_250,weak_null,True,1162,1907505461,-4.440892098500626e-16,0,0
100,250,0.05516280997103529,0.047190086522855945,0.049967926373071236,0.04508044508240516,0.007972723448179342,0.004887481290666074,0.03917119037077066,0.20353538845039917,0.12477234529775963,0.838716588526776,0.9007037815241239,0.914,0.854,0.895,True,999,0.00011795805767178535,0.0008556669345125556,weak_2x2_bal_strong_100_250,weak_null,True,1163,1907505461,-4.440892098500626e-16,0,0
100,250,0.14083597683456817,0.08148066121362357,0.135574976318523,0.07937725860593048,0.05935531562094459,0.05619771771259252,0.056671518411661743,1.0473570725560546,0.9916395270084783,0.2949349225607957,0.3213734002305255,0.333,0.298,0.345,True,999,0.00011625001206994057,0.0008490420877933502,weak_2x2_bal_strong_100_250,weak_null,True,1164,1907505461,-4.440892098500626e-16,0,0
100,250,0.052772083710488804,0.04431817350562278,0.047582552563653735,0.0422224369744697,0.008453910204866022,0.0053601155891840335,0.03798135053850415,0.22258055822148154,0.14112493403177273,0.8238619691753645,0.8877712462668227,0.871,0.828,0.905,True,999,0.00011583406012505293,0.0008645419729873538,weak_2x2_bal_strong_100_250,weak_null,True,1165,1907505461,-4.440892098500626e-16,0,0
100,250,0.031080629950831273,0.019861080541083764,0.02590104045181363,0.017745367863511774,0.011219549409747509,0.008155672588301854,0.028258312404580717,0.3970353660584771,0.2886114525006032,0.6913413811035516,0.7728787304693137,0.782,0.673,0.761,True,999,0.00011566595640033484,0.0008410830050706863,weak_2x2_bal_strong_100_250,weak_null,True,1166,1907505461,-4.440892098500626e-16,0,0
100,250,0.016173411198517784,0.06100477679587152,0.011009431570727202,0.058899027816011085,-0.044831365597353734,-0.04788959624528388,0.030647486055675525,-1.4628072761306155,-1.5625946010150917,0.14352012155294502,0.11814797899761705,0.352,0.158,0.137,True,999,0.00011875003110617399,0.0009405000600963831,weak_2x2_bal_strong_100_250,weak_null,True,1167,1907505461,-4.440892098500626e-16,0,0
100,250,0.05295932919991575,0.09062562890354087,0.04775997586929748,0.0884856848886244,-0.03766629970362512,-0.04072570901932693,0.04414744660570237,-0.8531931651684673,-0.9224929673297693,0.3935521930220084,0.35627149696432026,0.58,0.415,0.388,True,999,0.00012754101771861315,0.0008392080198973417,weak_2x2_bal_strong_100_250,weak_null,True,1168,1907505461,-4.440892098500626e-16,0,0
100,250,0.09138291164981582,0.058208954097525245,0.08616474974454036,0.0561275055551107,0.03317395755229058,0.030037244189429657,0.04702898681251961,0.7053938390069531,0.638696391848132,0.4805651770375149,0.523020460420238,0.585,0.509,0.559,True,999,0.00012170802801847458,0.0008382080122828484,weak_2x2_bal_strong_100_250,weak_null,True,1169,1907505461,-4.440892098500626e-16,0,0
100,250,0.07534538571423399,0.025630737203258036,0.070136923885741,0.02349207830930311,0.049714648510975956,0.04664484557643789,0.0407836202996351,1.2189856649734638,1.1437151786364397,0.22284963337633823,0.2527417764539136,0.347,0.238,0.26,True,999,0.00011012505274266005,0.0008117089746519923,weak_2x2_bal_strong_100_250,weak_null,True,1170,1907505461,-4.440892098500626e-16,0,0
100,250,0.02397749898902657,0.01917088979916709,0.018808310652445925,0.017017621104869818,0.004806609189859479,0.0017906895475761075,0.025933853986107973,0.1853411063559717,0.06904833923007853,0.8529614982992229,0.9449511421443271,0.909,0.854,0.944,True,999,0.00010983296670019627,0.0008209579391404986,weak_2x2_bal_strong_100_250,weak_null,True,1171,1907505461,-4.440892098500626e-16,0,0
100,250,0.08183549183411454,0.06606204737198274,0.07661640876138165,0.06397250459150428,0.015773444462131803,0.012643904169877374,0.046208249332628765,0.34135559537404486,0.2736287211155867,0.7328358993942488,0.7843699598110789,0.772,0.719,0.771,True,999,0.00011362507939338684,0.0008359999628737569,weak_2x2_bal_strong_100_250,weak_null,True,1172,1907505461,-4.440892098500626e-16,0,0
100,250,0.07689873251463208,0.05372662892182323,0.07167489194772259,0.0516299098059676,0.023172103592808857,0.020044982141754986,0.04413303330637598,0.5250512338897209,0.4541945259597429,0.599547575331137,0.6496888226384372,0.695,0.644,0.689,True,999,0.00011350004933774471,0.000830375007353723,weak_2x2_bal_strong_100_250,weak_null,True,1173,1907505461,-4.440892098500626e-16,0,0
100,250,0.0892511403303553,0.05902665878259433,0.08403255677333732,0.056896770412237174,0.030224481547760973,0.027135786361100145,0.04746648211362847,0.6367541937362783,0.5716831151746334,0.5242849672124565,0.5675366754983875,0.607,0.552,0.579,True,999,0.00011637492571026087,0.0008322909707203507,weak_2x2_bal_strong_100_250,weak_null,True,1174,1907505461,-4.440892098500626e-16,0,0
100,250,0.033497402386165276,0.024048329343726804,0.028320707870093997,0.02188718350228669,0.009449073042438472,0.006433524367807308,0.030242198045395508,0.3124466359308539,0.21273335880382005,0.7547011126840537,0.8315349457048413,0.864,0.788,0.846,True,999,0.00011629203800112009,0.0008554159430786967,weak_2x2_bal_strong_100_250,weak_null,True,1175,1907505461,-4.440892098500626e-16,0,0
100,250,0.004567963219939575,0.060748811885033005,-0.0005975222041456618,0.05861935005508201,-0.05618084866509343,-0.05921687225922767,0.027244145205937424,-2.062125577456169,-2.173563230250377,0.039195781807373355,0.029737952362129737,0.227,0.047,0.042,True,999,0.00012458302080631256,0.0008432499598711729,weak_2x2_bal_strong_100_250,weak_null,True,1176,1907505461,-4.440892098500626e-16,0,0
100,250,0.02426508867076016,0.05755895238937542,0.019096178238214634,0.0554645577524866,-0.03329386371861526,-0.036368379514271965,0.03228626677168321,-1.0312082209459956,-1.126434956740461,0.3024431863101811,0.25998145738584044,0.467,0.317,0.274,True,999,0.0001169589813798666,0.0008475839858874679,weak_2x2_bal_strong_100_250,weak_null,True,1177,1907505461,-4.440892098500626e-16,0,0
100,250,0.0653260642008755,0.03702921326917874,0.06012908305828546,0.034940113913094706,0.02829685093169676,0.025188969145190754,0.03981292203257589,0.7107453933811639,0.6326832560689852,0.4772420247468593,0.5269405062546352,0.57,0.48,0.527,True,999,0.00011925003491342068,0.0008024589624255896,weak_2x2_bal_strong_100_250,weak_null,True,1178,1907505461,-4.440892098500626e-16,0,0
100,250,0.10007164995279538,0.05555326795154242,0.09484868094453702,0.053442725041463746,0.044518382001252965,0.04140595590307328,0.04866378483788483,0.9148154453986352,0.8508576971768681,0.36028852493516716,0.39484840638082386,0.462,0.389,0.432,True,999,0.0001176249934360385,0.0007952089654281735,weak_2x2_bal_strong_100_250,weak_null,True,1179,1907505461,-4.440892098500626e-16,0,0
100,250,0.043304782161658006,0.030425267212155327,0.03811953542025037,0.028313430101931658,0.01287951494950268,0.009806105318318714,0.03382558095799987,0.38076256444774026,0.28990205166009236,0.7033794397070339,0.7718911720007509,0.8,0.729,0.779,True,999,0.00011125009041279554,0.0008142910664901137,weak_2x2_bal_strong_100_250,weak_null,True,1180,1907505461,-4.440892098500626e-16,0,0
100,250,0.04763194464340381,0.040904178379106704,0.04244147901501094,0.03880304890117259,0.006727766264297108,0.0036384301138383535,0.03633057319321557,0.185181946580283,0.10014788631294701,0.853086328735416,0.9202269186171927,0.894,0.845,0.919,True,999,0.00011216592974960804,0.0008280000183731318,weak_2x2_bal_strong_100_250,weak_null,True,1181,1907505461,-4.440892098500626e-16,0,0
100,250,0.015930489453407692,0.043190884049615186,0.010766178151556005,0.041075003743671346,-0.027260394596207493,-0.03030882559211534,0.02771231769603317,-0.9836923383752069,-1.0936950826185803,0.3252668080514066,0.27408873167503545,0.557,0.34,0.287,True,999,0.00011091609485447407,0.0008315000450238585,weak_2x2_bal_strong_100_250,weak_null,True,1182,1907505461,-4.440892098500626e-16,0,0
100,250,0.023908491417857114,0.04475401130548751,0.01872650629485406,0.04264856336949663,-0.020845519887630393,-0.023922057074642566,0.030405713067030868,-0.6855790502816176,-0.7867619161538897,0.4929785960746369,0.43142125127725295,0.628,0.479,0.42,True,999,0.00011066696606576443,0.0008374169701710343,weak_2x2_bal_strong_100_250,weak_null,True,1183,1907505461,-4.440892098500626e-16,0,0
100,250,0.05199276349977677,0.0777971178109354,0.04680289384511127,0.07567970980154826,-0.025804354311158628,-0.028876815956436985,0.042196694364830596,-0.6115254926856454,-0.6843383442970536,0.5408517468430005,0.4937615393466165,0.655,0.576,0.508,True,999,0.00011200003791600466,0.0008926659356802702,weak_2x2_bal_strong_100_250,weak_null,True,1184,1907505461,-4.440892098500626e-16,0,0
100,250,0.06585444604867363,0.041010842494959454,0.06065763719982442,0.03885060446503985,0.024843603553714178,0.02180703273478457,0.04100873705933701,0.6058124520578889,0.5317655284831424,0.5446393000676383,0.5948884004894739,0.671,0.556,0.598,True,999,0.00011341599747538567,0.0008017499931156635,weak_2x2_bal_strong_100_250,weak_null,True,1185,1907505461,-4.440892098500626e-16,0,0
100,250,0.06833399126600037,0.0246717356060685,0.06312943401744064,0.022566104749614624,0.04366225565993187,0.04056332926782602,0.03891846995815002,1.1218903442731165,1.04226423370304,0.26190906662759217,0.29728918973993734,0.384,0.275,0.309,True,999,0.00011020805686712265,0.0008087499300017953,weak_2x2_bal_strong_100_250,weak_null,True,1186,1907505461,-4.440892098500626e-16,0,0
100,250,0.019077918605384214,0.07285061523540198,0.013910655710276387,0.07074855417539538,-0.05377269663001777,-0.056837898465119,0.03314240600035458,-1.6224741387044284,-1.7149599357545409,0.1047018660762857,0.0863525726266993,0.276,0.097,0.081,True,999,0.00011691695544868708,0.0008369159186258912,weak_2x2_bal_strong_100_250,weak_null,True,1187,1907505461,-4.440892098500626e-16,0,0
100,250,0.0019229065590644634,0.02678934024213736,-0.003240041446815667,0.02466740137711554,-0.024866433683072897,-0.027907442823931206,0.0178336234937295,-1.394356771736053,-1.5648778742998455,0.16320989510610417,0.11761154754058643,0.569,0.187,0.132,True,999,0.00011904200073331594,0.0007990419398993254,weak_2x2_bal_strong_100_250,weak_null,True,1188,1907505461,-4.440892098500626e-16,0,0
100,250,0.04938150468114777,0.07499250169200389,0.0441904238483346,0.07287874801563987,-0.025610997010856118,-0.028688324167305268,0.0412880519113021,-0.6203004458983791,-0.6948335617513643,0.5350600014212548,0.48715961271830777,0.634,0.546,0.498,True,999,0.00011374999303370714,0.0008238330483436584,weak_2x2_bal_strong_100_250,weak_null,True,1189,1907505461,-4.440892098500626e-16,0,0
100,250,0.10425385780576768,0.03564419004351593,0.09900782646003847,0.033461467444205084,0.06860966776225175,0.06554635901583339,0.0473603131050612,1.4486742857897137,1.3839933631863748,0.14742856483025163,0.16636048693535765,0.262,0.16,0.178,True,999,0.00011820800136774778,0.0008325409144163132,weak_2x2_bal_strong_100_250,weak_null,True,1190,1907505461,-4.440892098500626e-16,0,0
100,250,0.02797587320180761,0.07126191297555606,0.022802804366975238,0.06914276462715918,-0.04328603977374845,-0.04633996026018394,0.035829866788155536,-1.2080993778089553,-1.2933333114010568,0.22700903903991065,0.195895804240808,0.409,0.248,0.21,True,999,0.00011808297131210566,0.0008356670150533319,weak_2x2_bal_strong_100_250,weak_null,True,1191,1907505461,-4.440892098500626e-16,0,0
100,250,0.03575917450220467,0.08696132905997112,0.030577628704449467,0.08481109078773841,-0.051202154557766444,-0.05423346208328894,0.04010161464131278,-1.2768102984316712,-1.352400958624182,0.20166922882502492,0.17624708293682656,0.367,0.21,0.187,True,999,0.00011679099407047033,0.0008375829784199595,weak_2x2_bal_strong_100_250,weak_null,True,1192,1907505461,-4.440892098500626e-16,0,0
100,250,0.029351392961092793,0.07611705204736952,0.024152100456873882,0.07402554685545226,-0.04676565908627672,-0.04987344639857838,0.036096490837546194,-1.2955735585696564,-1.3816702189427765,0.195122443649426,0.16707298257748815,0.291,0.165,0.148,True,999,0.0001241669524461031,0.0008618750143796206,weak_2x2_bal_strong_100_250,weak_null,True,1193,1907505461,-4.440892098500626e-16,0,0
100,250,0.06458767724011083,0.01192472643351733,0.059390449977797743,0.009782507008893049,0.0526629508065935,0.049607942968904695,0.03644667173464534,1.4449316851210134,1.3611103732621095,0.148477075326221,0.17347881198819526,0.264,0.136,0.168,True,999,0.0001157090300694108,0.000798208056949079,weak_2x2_bal_strong_100_250,weak_null,True,1194,1907505461,-4.440892098500626e-16,0,0
100,250,0.04725555557675609,0.032064127772557405,0.04206490692027387,0.029950145599173084,0.015191427804198687,0.012114761321100787,0.03507733050010165,0.43308392023032266,0.34537295593419454,0.6649538040477552,0.7298140058050435,0.767,0.675,0.732,True,999,0.00011016696225851774,0.0007970000151544809,weak_2x2_bal_strong_100_250,weak_null,True,1195,1907505461,-4.440892098500626e-16,0,0
100,250,0.08655600899037519,0.02049123373193873,0.08132927475018903,0.0183596856385293,0.06606477525843646,0.06296958911165973,0.04216865458864761,1.5666797032747166,1.4932795396467788,0.11718957731284234,0.1353640290393936,0.22,0.137,0.16,True,999,0.00010870792903006077,0.0008090829942375422,weak_2x2_bal_strong_100_250,weak_null,True,1196,1907505461,-4.440892098500626e-16,0,0
100,250,0.002199581258322536,0.030425267212155327,-0.002969844859620707,0.028313430101931658,-0.02822568595383279,-0.031283274961552365,0.018914780063823473,-1.4922555725518276,-1.6539063555586857,0.13563215875691015,0.0981465411166034,0.544,0.138,0.112,True,999,0.00011591601651161909,0.0008239999879151583,weak_2x2_bal_strong_100_250,weak_null,True,1197,1907505461,-4.440892098500626e-16,0,0
100,250,0.05295932919991575,0.04431817350562278,0.04775997586929748,0.0422224369744697,0.008641155694292968,0.005537538894827776,0.03812467595534127,0.22665519057565503,0.14524815637290595,0.8206918730258068,0.8845149457524841,0.865,0.825,0.897,True,999,0.00011975003872066736,0.0008145419415086508,weak_2x2_bal_strong_100_250,weak_null,True,1198,1907505461,-4.440892098500626e-16,0,0
100,250,0.014499335415388726,0.027389610958588884,0.00933293486987452,0.025240629912218537,-0.012890275543200158,-0.015907695042344017,0.024108224733020198,-0.5346837307993398,-0.6598451449042534,0.592868573372405,0.5093532092108259,0.775,0.604,0.506,True,999,0.00011729204561561346,0.0008320419583469629,weak_2x2_bal_strong_100_250,weak_null,True,1199,1907505461,-4.440892098500626e-16,0,0
100,250,0.0733502840565542,0.06054302119301991,0.0681412792744851,0.05841486940353491,0.012807262863534286,0.009726409870950192,0.04449219378617391,0.2878541553847629,0.2186093569063952,0.773458380901344,0.8269543633409334,0.816,0.756,0.816,True,999,0.00011616607662290335,0.0008387920679524541,weak_2x2_bal_strong_100_250,weak_null,True,1200,1907505461,-4.440892098500626e-16,0,0
100,250,0.030158778252023177,0.015873149656463914,0.02498277325113918,0.013694172280196426,0.014285628595559263,0.011288600970942753,0.02749263276490577,0.519616608482648,0.410604581506381,0.6033308198724445,0.681362503714031,0.776,0.621,0.708,True,999,0.00011479202657938004,0.0008834169711917639,weak_2x2_bal_strong_100_250,weak_null,True,1201,1907505461,-4.440892098500626e-16,0,0
100,250,0.03405977333939536,0.1272121925019456,0.028880956446698747,0.1250898134943128,-0.09315241916255024,-0.09620885704761406,0.04244081758896003,-2.194878055006688,-2.2668945254400685,0.028172346397147073,0.02339666974407411,0.092,0.034,0.031,True,999,0.00011487503070384264,0.0008212090469896793,weak_2x2_bal_strong_100_250,weak_null,True,1202,1907505461,-4.440892098500626e-16,0,0
100,250,0.005936864765091143,0.08745911978350007,0.0007733551665580762,0.08534876760467114,-0.08152225501840893,-0.08457541243811306,0.03138010454190307,-2.5978962214593357,-2.6951921822050093,0.009379683712150814,0.0070348043302214175,0.087,0.018,0.017,True,999,0.00011020805686712265,0.0007948329439386725,weak_2x2_bal_strong_100_250,weak_null,True,1203,1907505461,-4.440892098500626e-16,0,0
100,250,0.024947627515162663,0.004923352250080837,0.01977607778650281,0.0027163334946607165,0.020024275265081826,0.017059744291842094,0.023098622356154376,0.8669034436915921,0.7385611154120069,0.38599491652012385,0.46017354334121463,0.62,0.383,0.457,True,999,0.00010970793664455414,0.0008174580289050937,weak_2x2_bal_strong_100_250,weak_null,True,1204,1907505461,-4.440892098500626e-16,0,0
100,250,0.02150644794108436,0.04701952978454349,0.016333494244918256,0.04488247395778444,-0.02551308184345913,-0.028548979712866185,0.03062610870398199,-0.8330500648991014,-0.9321778352192116,0.40481649424845456,0.35124462817687085,0.61,0.419,0.365,True,999,0.00010841700714081526,0.0008292499696835876,weak_2x2_bal_strong_100_250,weak_null,True,1205,1907505461,-4.440892098500626e-16,0,0
100,250,0.01063859765554176,0.05395644364803892,0.00547484126730069,0.05182332373378529,-0.04331784599249716,-0.0463484824664846,0.028230265869081277,-1.534446972387189,-1.6418011322113333,0.1249197292867597,0.1006312243538339,0.356,0.144,0.119,True,999,0.00010879198089241982,0.0008352090371772647,weak_2x2_bal_strong_100_250,weak_null,True,1206,1907505461,-4.440892098500626e-16,0,0
100,250,0.04572033088704963,0.025516490864450347,0.04053781125691103,0.02335212847860646,0.020203840022599284,0.017185682778304567,0.03403279844981371,0.5936579106885016,0.5049741296957212,0.5527409394750783,0.6135770064602272,0.669,0.533,0.595,True,999,0.00011466699652373791,0.0008364160312339664,weak_2x2_bal_strong_100_250,weak_null,True,1207,1907505461,-4.440892098500626e-16,0,0
100,250,0.06842964913510852,0.047829950993235615,0.06322330959217481,0.045705034411980705,0.020599698141872902,0.01751827518019411,0.04231656095582317,0.4867999118212413,0.4139815425568846,0.6264001328491178,0.6788876242930326,0.739,0.619,0.672,True,999,0.0001153330085799098,0.0008422920946031809,weak_2x2_bal_strong_100_250,weak_null,True,1208,1907505461,-4.440892098500626e-16,0,0
100,250,0.025644739629517965,0.014970009906256132,0.02047044986328217,0.012792152210039376,0.010674729723261833,0.007678297653242794,0.02567432260045999,0.4157745421127715,0.2990652479027909,0.6775749892654056,0.764890261620884,0.809,0.68,0.765,True,999,0.00011962500866502523,0.0008348330156877637,weak_2x2_bal_strong_100_250,weak_null,True,1209,1907505461,-4.440892098500626e-16,0,0
100,250,0.061312776413463665,0.053319773707758755,0.05611143187620371,0.05120301854303477,0.00799300270570491,0.004908413333168937,0.04131859310024921,0.19344808489272353,0.11879429972990373,0.8466080602643329,0.9054383248618507,0.868,0.832,0.906,True,999,0.0001157090300694108,0.0008691670373082161,weak_2x2_bal_strong_100_250,weak_null,True,1210,1907505461,-4.440892098500626e-16,0,0
100,250,0.008738471069770881,0.06187880569534204,0.003568138919618491,0.05978093153606778,-0.05314033462557116,-0.05621279261644929,0.028130311100432175,-1.889077388296454,-1.9982997136347234,0.05888145980918678,0.045684176543177246,0.334,0.075,0.061,True,999,0.00011720799375325441,0.0008582079317420721,weak_2x2_bal_strong_100_250,weak_null,True,1211,1907505461,-4.440892098500626e-16,0,0
100,250,0.02913203618848237,0.05833675884910827,0.023959930575244925,0.05622807402916408,-0.029204722660625904,-0.03226814345391915,0.033929390354973235,-0.8607499974235521,-0.9510381152247676,0.38937574989260815,0.3415850275825536,0.584,0.407,0.356,True,999,0.00011604197788983583,0.0008483330020681024,weak_2x2_bal_strong_100_250,weak_null,True,1212,1907505461,-4.440892098500626e-16,0,0
100,250,0.03446567306806636,0.04293016851495657,0.029265796738485506,0.04080009909002058,-0.008464495446890208,-0.011534302351535075,0.0335383507596842,-0.2523825786050641,-0.3439138207535308,0.8007453646508422,0.7309110977084537,0.885,0.807,0.747,True,999,0.0001136659411713481,0.0007967500714585185,weak_2x2_bal_strong_100_250,weak_null,True,1213,1907505461,-4.440892098500626e-16,0,0
100,250,0.01685022766876465,0.04911501588825273,0.011677094082287454,0.047003394550202415,-0.03226478821948808,-0.03532630046791496,0.02902283041050595,-1.1117037092222604,-1.2171900523915553,0.2662655644759673,0.22353191411306117,0.542,0.269,0.227,True,999,0.0001093749888241291,0.0007995410123839974,weak_2x2_bal_strong_100_250,weak_null,True,1214,1907505461,-4.440892098500626e-16,0,0
100,250,0.05818888357910945,0.05713636015085305,0.05299523256310579,0.055043388162630436,0.0010525234282564022,-0.002048155599524648,0.040756120822576826,0.025824916773564906,-0.050253938750472876,0.9793969877630153,0.9599200289107476,0.979,0.974,0.979,True,999,0.00010895798914134502,0.0008151669753715396,weak_2x2_bal_strong_100_250,weak_null,True,1215,1907505461,-4.440892098500626e-16,0,0
100,250,0.05220314090689748,0.027899956994370922,0.04701571431220941,0.02575414057636749,0.02430318391252656,0.02126157373584192,0.03593652064589308,0.6762809386028859,0.5916425228069971,0.4988622925749493,0.5540899927542436,0.624,0.488,0.554,True,999,0.00010954192839562893,0.0008233330445364118,weak_2x2_bal_strong_100_250,weak_null,True,1216,1907505461,-4.440892098500626e-16,0,0
100,250,0.03661108794088541,0.024048329343726804,0.031430711021982916,0.02188718350228669,0.012562758597158608,0.009543527519696227,0.031218340863128625,0.4024159596513419,0.3057025855902516,0.68737792644938,0.7598311044851895,0.807,0.696,0.767,True,999,0.00010908301919698715,0.0008357499027624726,weak_2x2_bal_strong_100_250,weak_null,True,1217,1907505461,-4.440892098500626e-16,0,0
100,250,0.12046022793828759,0.013502121415746332,0.1152184146305899,0.011278384483134118,0.10695810652254126,0.10394003014745579,0.047534506937871736,2.250114988303907,2.186622663054165,0.02444164687682259,0.02877008151211226,0.071,0.023,0.033,True,999,0.00010941701475530863,0.0008364999666810036,weak_2x2_bal_strong_100_250,weak_null,True,1218,1907505461,-4.440892098500626e-16,0,0
100,250,0.06134591428125835,0.06421044319531216,0.05614660762333301,0.062110395662386964,-0.00286452891405381,-0.005963788039053952,0.0424314629759735,-0.06750954864968545,-0.14055108216350926,0.9461760606460042,0.8882245952700606,0.982,0.964,0.908,True,999,0.00011041609104722738,0.0008533750660717487,weak_2x2_bal_strong_100_250,weak_null,True,1219,1907505461,-4.440892098500626e-16,0,0
100,250,0.052772083710488804,0.06473796635456919,0.047582552563653735,0.062603628867123,-0.011965882644080383,-0.015021076303469272,0.04053962184785991,-0.2951651273163532,-0.37052827872547694,0.7678677401894256,0.71098891018103,0.798,0.731,0.68,True,999,0.00011112506035715342,0.0008053339552134275,weak_2x2_bal_strong_100_250,weak_null,True,1220,1907505461,-4.440892098500626e-16,0,0
100,250,0.027826747999650236,0.06042122684952006,0.022643577958390892,0.05830331910905784,-0.03259447884986982,-0.035659741150666946,0.03414456383444058,-0.9546022906578401,-1.04437536011803,0.3397788583414627,0.29631175894193407,0.57,0.349,0.302,True,999,0.00011616700794547796,0.0008204999612644315,weak_2x2_bal_strong_100_250,weak_null,True,1221,1907505461,-4.440892098500626e-16,0,0
100,250,0.08867575753133428,0.03303982548775747,0.08345952307644211,0.03090874152896106,0.05563593204357681,0.05255078154748105,0.04442176060756368,1.2524477031669856,1.182996369993792,0.21040677321159829,0.23681058605905325,0.345,0.219,0.249,True,999,0.00011954200454056263,0.0008436249336227775,weak_2x2_bal_strong_100_250,weak_null,True,1222,1907505461,-4.440892098500626e-16,0,0
100,250,0.00510936674713125,0.02947486097875257,-5.237046933359579e-05,0.02731836796797893,-0.02436549423162132,-0.027370738437312525,0.020536518764059916,-1.1864471535585832,-1.3327837474193964,0.23544575951492852,0.18260278076352354,0.531,0.247,0.2,True,999,0.00012379104737192392,0.0008096250239759684,weak_2x2_bal_strong_100_250,weak_null,True,1223,1907505461,-4.440892098500626e-16,0,0
100,250,0.0653260642008755,0.020280613454102703,0.06012908305828546,0.018177907864199483,0.0450454507467728,0.04195117519408598,0.037674984214631856,1.195632902993453,1.113502130620492,0.23183984559498094,0.2654928337729908,0.305,0.212,0.241,True,999,0.0001128750154748559,0.0008017499931156635,weak_2x2_bal_strong_100_250,weak_null,True,1224,1907505461,-4.440892098500626e-16,0,0
100,250,0.006254012767738959,0.06042122684952006,0.0010825274070782598,0.05830331910905784,-0.0541672140817811,-0.05722079170197958,0.027422199153425742,-1.9753052546485579,-2.0866594754794208,0.04823351729290729,0.03691892690701324,0.175,0.053,0.048,True,999,0.00011054100468754768,0.0007980830268934369,weak_2x2_bal_strong_100_250,weak_null,True,1225,1907505461,-4.440892098500626e-16,0,0
100,250,0.019369497185629636,0.04033308454080248,0.014197891865336487,0.03821810434173756,-0.02096358735517284,-0.02402021247640107,0.0282580139017363,-0.7418634383885254,-0.8500318727256753,0.4581700797314402,0.3953073662133878,0.617,0.455,0.407,True,999,0.00010883307550102472,0.0008256250293925405,weak_2x2_bal_strong_100_250,weak_null,True,1226,1907505461,-4.440892098500626e-16,0,0
100,250,0.024220921907809778,0.03916805723404804,0.019048678602700875,0.03705813004468439,-0.014947135326238259,-0.018009451441983515,0.029653626851430394,-0.5040575778850221,-0.6073271081548933,0.6142209165438302,0.5436338517267381,0.776,0.615,0.537,True,999,0.0001099160872399807,0.0008289170218631625,weak_2x2_bal_strong_100_250,weak_null,True,1227,1907505461,-4.440892098500626e-16,0,0
100,250,0.07574288624862546,0.052641595367184935,0.07052801354556948,0.0505367478569525,0.023101290881440528,0.019991265688616977,0.043955832434380525,0.5255568965944917,0.45480348298399176,0.5991961116731049,0.6492506242891838,0.689,0.623,0.68,True,999,0.00014683406334370375,0.0008360421052202582,weak_2x2_bal_strong_100_250,weak_null,True,1228,1907505461,-4.440892098500626e-16,0,0
100,250,0.08209242490492885,0.09674390609440608,0.0768826448276343,0.09464344604549524,-0.014651481189477233,-0.017760801217860944,0.04915155248457677,-0.2980878619057803,-0.36134771579054586,0.7656361054914318,0.7178395278685169,0.829,0.795,0.743,True,999,0.00011254195123910904,0.000812915968708694,weak_2x2_bal_strong_100_250,weak_null,True,1229,1907505461,-4.440892098500626e-16,0,0
100,250,0.02359896712013998,0.053570434094975306,0.01842269838651589,0.05146164718725288,-0.029971466974835326,-0.03303894880073699,0.031765653463522316,-0.9435180362101689,-1.0400840278219634,0.3454159942856545,0.29830086354502516,0.553,0.356,0.307,True,999,0.00011008395813405514,0.0007999589433893561,weak_2x2_bal_strong_100_250,weak_null,True,1230,1907505461,-4.440892098500626e-16,0,0
100,250,0.020681199702191733,0.048238940154045395,0.015507347313203468,0.04613939699842717,-0.027557740451853663,-0.030632049685223706,0.029933366031886982,-0.9206362031753246,-1.0233412992241648,0.3572403941793906,0.3061465033625945,0.521,0.361,0.31,True,999,0.00010908301919698715,0.000795625033788383,weak_2x2_bal_strong_100_250,weak_null,True,1231,1907505461,-4.440892098500626e-16,0,0
100,250,0.1200902634285248,0.03702921326917874,0.11485011612118967,0.034940113913094706,0.08306105015934606,0.07991000220809497,0.04968701648433676,1.671685201415345,1.608267267029117,0.09458641380479445,0.10777665635402972,0.146,0.107,0.12,True,999,0.00011608295608311892,0.0008170000510290265,weak_2x2_bal_strong_100_250,weak_null,True,1232,1907505461,-4.440892098500626e-16,0,0
100,250,0.055105922384562245,0.04430801011747065,0.04990744459784935,0.04218661333739249,0.010797912267091592,0.007720831260456862,0.03873862229131213,0.27873764291078645,0.19930577815588463,0.7804461720583495,0.8420235595323353,0.853,0.802,0.858,True,999,0.00011204206384718418,0.0008345830719918013,weak_2x2_bal_strong_100_250,weak_null,True,1233,1907505461,-4.440892098500626e-16,0,0
100,250,0.02292929549543743,0.035410549927382184,0.017755742952488163,0.033292185834170596,-0.012481254431944755,-0.015536442881682433,0.028667894972207248,-0.43537394161814097,-0.5419457165147492,0.6632910218120063,0.5878559017954481,0.767,0.649,0.572,True,999,0.00011270807590335608,0.0007973338942974806,weak_2x2_bal_strong_100_250,weak_null,True,1234,1907505461,-4.440892098500626e-16,0,0
100,250,0.060244385944802636,0.09434159956877214,0.05504804486290027,0.09219255300300233,-0.0340972136239695,-0.03714450814010206,0.04593336842470147,-0.7423190328369894,-0.8086606624766268,0.4578940628609339,0.41871036110400606,0.562,0.443,0.422,True,999,0.00011083297431468964,0.000814083032310009,weak_2x2_bal_strong_100_250,weak_null,True,1235,1907505461,-4.440892098500626e-16,0,0
100,250,0.016457837087537786,0.05798589300258533,0.011291318388501281,0.05585169318725036,-0.041528055915047546,-0.04456037479874908,0.03058138801354559,-1.3579519640067772,-1.4571076623144672,0.1744789269961624,0.1450866636336038,0.412,0.172,0.151,True,999,0.00010895810555666685,0.0008700829930603504,weak_2x2_bal_strong_100_250,weak_null,True,1236,1907505461,-4.440892098500626e-16,0,0
100,250,0.08961975866998972,0.0521742295976223,0.08440371722991813,0.050077550038437835,0.03744552907236742,0.034326167191480295,0.046386595181136574,0.8072489245253962,0.7400018703127249,0.41952308379529313,0.4592988594646905,0.522,0.428,0.454,True,999,0.00011495908256620169,0.0008286669617518783,weak_2x2_bal_strong_100_250,weak_null,True,1237,1907505461,-4.440892098500626e-16,0,0
100,250,0.049884488247439074,0.04920600519681129,0.044696008551312616,0.047081922362878004,0.0006784830506277872,-0.0023859138115653877,0.03844332219635472,0.01764891824807281,-0.06206315363118189,0.985918931624109,0.9505125395494295,0.994,0.986,0.954,True,999,0.00010866601951420307,0.0008456669747829437,weak_2x2_bal_strong_100_250,weak_null,True,1238,1907505461,-4.440892098500626e-16,0,0
100,250,0.02026976093536237,0.02011575201084731,0.01510183178302782,0.017961871801816187,0.00015400892451505888,-0.002860040018788368,0.024767136156380515,0.006218277460205389,-0.11547721951904252,0.995038564393685,0.9080668758611313,0.983,0.983,0.901,True,999,0.00011366698890924454,0.0008358339546248317,weak_2x2_bal_strong_100_250,weak_null,True,1239,1907505461,-4.440892098500626e-16,0,0
100,250,0.0279806582300981,0.027954033927965416,0.02279761739039543,0.025826768432992253,2.6624302132682853e-05,-0.0030291510425968227,0.028856845770401648,0.0009226338299243812,-0.10497166137623437,0.9992638448162713,0.9163982954044725,0.996,0.996,0.915,True,999,0.00011150003410875797,0.0008344589732587337,weak_2x2_bal_strong_100_250,weak_null,True,1240,1907505461,-4.440892098500626e-16,0,0
100,250,0.032565480312198525,0.05030172163616781,0.027389344920791814,0.04818444640706332,-0.017736241323969282,-0.020795101486271506,0.033968846744144285,-0.5221325721641328,-0.6121815569101199,0.6015780291970497,0.5404176424875491,0.769,0.618,0.553,True,999,0.00011399993672966957,0.0008447089930996299,weak_2x2_bal_strong_100_250,weak_null,True,1241,1907505461,-4.440892098500626e-16,0,0
100,250,0.004387503031063389,0.030061543971762972,-0.0007725450431621539,0.0279597151078832,-0.025674040940699583,-0.028732260151045352,0.019693744480597294,-1.3036647736541016,-1.458953637758071,0.19234790507461985,0.144577868609926,0.476,0.203,0.164,True,999,0.00011662498582154512,0.0008413329487666488,weak_2x2_bal_strong_100_250,weak_null,True,1242,1907505461,-4.440892098500626e-16,0,0
100,250,0.010574794916645036,0.023416770044244417,0.005407222345723994,0.021297085179881492,-0.012841975127599381,-0.015889862834157498,0.021166146484625635,-0.6067223968674389,-0.7507206304982983,0.5440351561284975,0.45282080442195793,0.722,0.57,0.463,True,999,0.00011633301619440317,0.0008379170903936028,weak_2x2_bal_strong_100_250,weak_null,True,1243,1907505461,-4.440892098500626e-16,0,0
100,250,0.06842964913510852,0.01055669964792244,0.06322330959217481,0.008336759084102141,0.057872949487186076,0.05488655050807267,0.03733227329338459,1.550212306450713,1.4702172052779536,0.12109056701799616,0.14150293633891958,0.23,0.143,0.166,True,999,0.00011616596020758152,0.0008505419827997684,weak_2x2_bal_strong_100_250,weak_null,True,1244,1907505461,-4.440892098500626e-16,0,0
100,250,0.0747907071431303,0.04111183294861376,0.06955804872060867,0.03899921473447421,0.03367887419451654,0.03055883398613446,0.04230601705682819,0.7960776394827451,0.7223283143172247,0.4259869099789362,0.4700926487772329,0.551,0.449,0.506,True,999,0.00011491694021970034,0.0008828750578686595,weak_2x2_bal_strong_100_250,weak_null,True,1245,1907505461,-4.440892098500626e-16,0,0
100,250,0.04085044134222959,0.06458817903948083,0.035661601299835866,0.062486651272564586,-0.023737737697251238,-0.02682504997272872,0.03778913852663894,-0.6281629754676107,-0.7098613786556358,0.529897181927657,0.47779010235710906,0.652,0.545,0.486,True,999,0.00011999998241662979,0.0008084579603746533,weak_2x2_bal_strong_100_250,weak_null,True,1246,1907505461,-4.440892098500626e-16,0,0
100,250,0.10195808059610478,0.039821466048663656,0.09672261038325303,0.03771961815868963,0.06213661454744113,0.0590029922245634,0.047128296195260065,1.3184566293251765,1.2519653157013055,0.18735083449680767,0.2105825026874576,0.262,0.191,0.226,True,999,0.00011020805686712265,0.0007953749736770988,weak_2x2_bal_strong_100_250,weak_null,True,1247,1907505461,-4.440892098500626e-16,0,0
100,250,0.14236452780856101,0.0713373452824867,0.1371014367508394,0.06919856267697355,0.07102718252607432,0.06790287407386586,0.05640494068443927,1.259236897764684,1.2038462100997933,0.20794477787762955,0.22864902527503617,0.275,0.225,0.236,True,999,0.00010924995876848698,0.0008001250680536032,weak_2x2_bal_strong_100_250,weak_null,True,1248,1907505461,-4.440892098500626e-16,0,0
100,250,0.05697138162392246,0.04475401130548751,0.05177894383153614,0.04264856336949663,0.01221737031843495,0.009130380462039511,0.03920236892281862,0.3116487766973581,0.23290379415630078,0.7553074605882478,0.8158361121451364,0.831,0.772,0.831,True,999,0.00010874995496124029,0.000826000003144145,weak_2x2_bal_strong_100_250,weak_null,True,1249,1907505461,-4.440892098500626e-16,0,0
100,250,0.020235695421700894,0.04508042253035052,0.015069268209344955,0.042921783891756604,-0.024844727108649628,-0.02785251568241165,0.030117816765262016,-0.8249179315449456,-0.9247853488018039,0.40941818525079055,0.35507757316967337,0.641,0.435,0.377,True,999,0.00011141598224639893,0.0008244169875979424,weak_2x2_bal_strong_100_250,weak_null,True,1250,1907505461,-4.440892098500626e-16,0,0
100,250,0.08913773294657823,0.019804425223384936,0.08389939134754343,0.01770312596059398,0.0693333077231933,0.06619626538694945,0.04234162497437544,1.6374739459138103,1.563385095092843,0.10153147851868204,0.11796204379923562,0.167,0.112,0.131,True,999,0.00011137500405311584,0.0008325000526383519,weak_2x2_bal_strong_100_250,weak_null,True,1251,1907505461,-4.440892098500626e-16,0,0
100,250,0.025312961528767497,0.033338055384062204,0.020132636866762255,0.031218519597274508,-0.008025093855294707,-0.011085882730512253,0.02901100045127896,-0.2766224442611705,-0.38212686767317355,0.7820700289293954,0.7023672637906976,0.872,0.782,0.724,True,999,0.00011349993292242289,0.0008327499963343143,weak_2x2_bal_strong_100_250,weak_null,True,1252,1907505461,-4.440892098500626e-16,0,0
100,250,0.0035798275323950524,0.04915767147682881,-0.0015825346130071694,0.047054664386791956,-0.04557784394443376,-0.048637198999799125,0.023859447986892046,-1.9102639746516101,-2.038488024807595,0.05609923374374164,0.04150115115479592,0.233,0.07,0.055,True,999,0.0001157920341938734,0.0008276660228148103,weak_2x2_bal_strong_100_250,weak_null,True,1253,1907505461,-4.440892098500626e-16,0,0
100,250,0.060244385944802636,0.07611944602871973,0.05504804486290027,0.07402098156426007,-0.015875060083917092,-0.0189729367013598,0.04327496806940552,-0.36684163598818276,-0.43842751474548775,0.7137371484467868,0.6610764044679236,0.775,0.736,0.671,True,999,0.00011570798233151436,0.0008717499440535903,weak_2x2_bal_strong_100_250,weak_null,True,1254,1907505461,-4.440892098500626e-16,0,0
100,250,0.030158778252023177,0.09052401545419547,0.024982773251252866,0.0883418745058151,-0.060365237202172295,-0.06335910125456223,0.03864702444775686,-1.5619633869555511,-1.6394302578251843,0.1182966143322182,0.10112368434424625,0.283,0.137,0.116,True,999,0.00011304195504635572,0.0008067080052569509,weak_2x2_bal_strong_100_250,weak_null,True,1255,1907505461,-4.440892098500626e-16,0,0
100,250,0.11626044341766228,0.014589763488314866,0.11099534729844152,0.012444369807923295,0.10167067992934742,0.09855097749051822,0.0465757749894022,2.182909032699541,2.1159278082424264,0.029042509719402594,0.03435094792864856,0.054,0.036,0.048,True,999,0.00011058303061872721,0.0008029580349102616,weak_2x2_bal_strong_100_250,weak_null,True,1256,1907505461,-4.440892098500626e-16,0,0
100,250,0.0699777403530557,0.050373590131996326,0.0647665874546135,0.048271627435951814,0.01960415022105938,0.016494960018661686,0.042485922408819175,0.46142696473479355,0.38824530770309185,0.6444923093566449,0.6978345069664593,0.73,0.655,0.719,True,999,0.00010895798914134502,0.0008029580349102616,weak_2x2_bal_strong_100_250,weak_null,True,1257,1907505461,-4.440892098500626e-16,0,0
100,250,0.03284120813174418,0.06219863629250977,0.02766403529844297,0.06008073608487052,-0.029357428160765586,-0.032416700786427555,0.03587345925836639,-0.818360670191539,-0.9036402247398918,0.41315127235812554,0.36618620464218166,0.612,0.408,0.37,True,999,0.00010862492490559816,0.0008254590211436152,weak_2x2_bal_strong_100_250,weak_null,True,1258,1907505461,-4.440892098500626e-16,0,0
100,250,0.020471160484738293,0.08153336314202075,0.015303456355695744,0.07940706733241143,-0.06106220265728246,-0.06410361097671569,0.03515582027641329,-1.7369016617214377,-1.8234138891568978,0.08240453007486441,0.06824072827293567,0.239,0.092,0.081,True,999,0.000112209003418684,0.0008287499658763409,weak_2x2_bal_strong_100_250,weak_null,True,1259,1907505461,-4.440892098500626e-16,0,0
100,250,0.06675800233781137,0.041418827998713326,0.06155777012062913,0.03930484703900561,0.025339174339098047,0.02225292308162352,0.040939987502538897,0.6189345890134098,0.543549825955455,0.5359594509403269,0.5867512946612214,0.63,0.533,0.578,True,999,0.00010920793283730745,0.0008326249662786722,weak_2x2_bal_strong_100_250,weak_null,True,1260,1907505461,-4.440892098500626e-16,0,0
100,250,0.05611295135025929,0.04911501588825273,0.0509068393859593,0.047003394550202415,0.006997935462006555,0.0039034448357568863,0.03952275227684436,0.17706093474938772,0.09876449920325618,0.8594605265973292,0.9213252561695322,0.899,0.862,0.905,True,999,0.0001093749888241291,0.000832458958029747,weak_2x2_bal_strong_100_250,weak_null,True,1261,1907505461,-4.440892098500626e-16,0,0
100,250,0.04388246162218301,0.039351757756193095,0.038698974724681534,0.03722640832732793,0.004530703865989916,0.001472566397353603,0.03551360261938007,0.12757657719348,0.04146485540022377,0.8984840683313611,0.9669253100728142,0.918,0.895,0.971,True,999,0.00011145800817757845,0.0008399999933317304,weak_2x2_bal_strong_100_250,weak_null,True,1262,1907505461,-4.440892098500626e-16,0,0
100,250,0.035422020458493186,0.04536815827289281,0.030240250363220866,0.043260208489584784,-0.009946137814399625,-0.013019958126363917,0.03388662282917264,-0.29351221762462265,-0.384221177542519,0.769130662210866,0.7008145233333964,0.858,0.759,0.704,True,999,0.00014987506438046694,0.000820209039375186,weak_2x2_bal_strong_100_250,weak_null,True,1263,1907505461,-4.440892098500626e-16,0,0
100,250,0.012056972677852551,0.04113946518579281,0.006893521137143921,0.03905939448002016,-0.02908249250794026,-0.03216587334287624,0.025133035497077353,-1.157142061543747,-1.2798244504376208,0.2472143244164522,0.20060688272453675,0.479,0.232,0.197,True,999,0.00010979198850691319,0.0008163750171661377,weak_2x2_bal_strong_100_250,weak_null,True,1264,1907505461,-4.440892098500626e-16,0,0
100,250,0.03491786242053285,0.05809673205686844,0.029735750197161792,0.055972449151127535,-0.023178869636335586,-0.026236698953965742,0.03594914615002068,-0.6447682940675978,-0.7298281534831572,0.5190773514919029,0.465495233201937,0.665,0.533,0.481,True,999,0.00010941596701741219,0.0008079169783741236,weak_2x2_bal_strong_100_250,weak_null,True,1265,1907505461,-4.440892098500626e-16,0,0
100,250,0.02463582455861879,0.07611944602871973,0.01946618225500174,0.07402098156426007,-0.05148362147010094,-0.05455479930925833,0.034989148002870375,-1.471416836611095,-1.5591919901788653,0.1411784229067404,0.11895094607139292,0.308,0.136,0.125,True,999,0.00011550006456673145,0.0008271669503301382,weak_2x2_bal_strong_100_250,weak_null,True,1266,1907505461,-4.440892098500626e-16,0,0
100,250,0.0811512510014003,0.06376760379903024,0.07591581505259626,0.06166601168065711,0.017383647202370067,0.014249803371939151,0.04566113568066428,0.38070991759697664,0.3120772875996028,0.7034185089302444,0.7549817870231752,0.788,0.751,0.778,True,999,0.0001152500044554472,0.0008363750530406833,weak_2x2_bal_strong_100_250,weak_null,True,1267,1907505461,-4.440892098500626e-16,0,0
100,250,0.01556843327428814,0.032335163937659395,0.010403615816471756,0.030232901910835608,-0.016766730663371254,-0.01982928609436385,0.025178896971960834,-0.6659040974687116,-0.7875359320325153,0.5054724013281693,0.4309682027191999,0.684,0.498,0.428,True,999,0.00011879089288413525,0.0008324170485138893,weak_2x2_bal_strong_100_250,weak_null,True,1268,1907505461,-4.440892098500626e-16,0,0
100,250,0.05879172279147726,0.04430801011747065,0.053599990936902486,0.04218661333739249,0.01448371267400661,0.01141337759951,0.039640799465457566,0.3653738791677881,0.28791996512218315,0.7148323368293396,0.7734080037875806,0.813,0.709,0.772,True,999,0.0001206250162795186,0.0008412920869886875,weak_2x2_bal_strong_100_250,weak_null,True,1269,1907505461,-4.440892098500626e-16,0,0
100,250,0.10338169102620876,0.07204477466508158,0.09813553199647629,0.0699354798879881,0.031336916361127176,0.028200052108488194,0.05065027742131193,0.6186918997593024,0.5567600720903961,0.5361193472539703,0.5776913673792323,0.597,0.56,0.591,True,999,0.00011629203800112009,0.0008413749746978283,weak_2x2_bal_strong_100_250,weak_null,True,1270,1907505461,-4.440892098500626e-16,0,0
100,250,0.016704622019252935,0.08140108820423109,0.011538431712835973,0.07928875856316608,-0.06469646618497815,-0.06775032685033011,0.03347222593763723,-1.9328402689894428,-2.0240759301923057,0.05325587793606214,0.04296233976878327,0.203,0.063,0.053,True,999,0.00011562497820705175,0.0008797920309007168,weak_2x2_bal_strong_100_250,weak_null,True,1271,1907505461,-4.440892098500626e-16,0,0
100,250,0.10294673725730497,0.05713636015085305,0.09771141653685333,0.055043388162630436,0.045810377106451916,0.0426680283742229,0.04896055381591585,0.9356588832449053,0.8714776498372163,0.34944884679540145,0.38349340415632427,0.464,0.377,0.417,True,999,0.00011112506035715342,0.000804582959972322,weak_2x2_bal_strong_100_250,weak_null,True,1272,1907505461,-4.440892098500626e-16,0,0
100,250,0.034206006545573486,0.04111183294861376,0.02903104905192322,0.03899921473447421,-0.006905826403040272,-0.009968165682550989,0.0330181545147179,-0.20915240432235507,-0.3018995406938223,0.8343292664916784,0.7627286459067989,0.883,0.838,0.755,True,999,0.00010845798533409834,0.0007933750748634338,weak_2x2_bal_strong_100_250,weak_null,True,1273,1907505461,-4.440892098500626e-16,0,0
100,250,0.04782039371995339,0.022246645874308857,0.042630018693500915,0.020041685337510273,0.025573747845644534,0.022588333355990642,0.034072495538748665,0.7505686754455951,0.6629491910946835,0.45291227887399965,0.5073630954611581,0.639,0.483,0.526,True,999,0.00010783295147120953,0.0008207500213757157,weak_2x2_bal_strong_100_250,weak_null,True,1274,1907505461,-4.440892098500626e-16,0,0
100,250,0.10911119988486317,0.07126480099169746,0.10387650445660768,0.06916998763449556,0.03784639889316571,0.03470651682211212,0.05127806747656461,0.7380621141867814,0.6768296570063583,0.46047670469165247,0.49851403913560244,0.543,0.472,0.512,True,999,0.00011437502689659595,0.0008301669731736183,weak_2x2_bal_strong_100_250,weak_null,True,1275,1907505461,-4.440892098500626e-16,0,0
100,250,0.02268168319153563,0.06885891548770251,0.017504928873421477,0.06673144060937375,-0.04617723229616688,-0.04922651173595227,0.033817392216100035,-1.3654876757227448,-1.4556566461832663,0.17209982401714974,0.14548756026869067,0.385,0.197,0.171,True,999,0.00011424999684095383,0.0008387090638279915,weak_2x2_bal_strong_100_250,weak_null,True,1276,1907505461,-4.440892098500626e-16,0,0
100,250,0.07457264285283094,0.05738606960243309,0.06936812884669052,0.05528144994370621,0.017186573250397852,0.014086678902984318,0.04420829815293451,0.3887635120208087,0.31864332018058594,0.6974510948626219,0.7499969996451619,0.763,0.69,0.753,True,999,0.00011558295227587223,0.000830582925118506,weak_2x2_bal_strong_100_250,weak_null,True,1277,1907505461,-4.440892098500626e-16,0,0
100,250,0.005010387869092026,0.02618504569172231,-0.0001467690405831945,0.02406145699002593,-0.021174657822630283,-0.024208226030609126,0.019263604748603586,-1.099205371941886,-1.256682035711098,0.27167849612032435,0.20886879565053418,0.614,0.313,0.251,True,999,0.00011470902245491743,0.0008300419431179762,weak_2x2_bal_strong_100_250,weak_null,True,1278,1907505461,-4.440892098500626e-16,0,0
100,250,0.038335244464583695,0.043190884049615186,0.033155994600974736,0.041075003743671346,-0.00485563958503149,-0.00791900914269661,0.03453398931735354,-0.14060465301040392,-0.22931058065502033,0.8881822721886228,0.8186275303948491,0.938,0.904,0.826,True,999,0.00011495896615087986,0.0008312090067192912,weak_2x2_bal_strong_100_250,weak_null,True,1279,1907505461,-4.440892098500626e-16,0,0
100,250,0.010132233339732344,0.0766652533678579,0.00497020624308675,0.07455525481131531,-0.06653302002812556,-0.06958504856822856,0.031024875561473923,-2.14450562086202,-2.242879215755434,0.031992395541654006,0.024904604384291488,0.189,0.039,0.033,True,999,0.0001140000531449914,0.0008720409823581576,weak_2x2_bal_strong_100_250,weak_null,True,1280,1907505461,-4.440892098500626e-16,0,0
100,250,0.06639707712193688,0.03913966749249892,0.061199525402599875,0.037040229230299815,0.027257409629437956,0.02415929617230006,0.04042191664689764,0.674322543078371,0.5976781453324349,0.5001062750018013,0.5500547106583149,0.608,0.485,0.543,True,999,0.00011216697748750448,0.0007979590445756912,weak_2x2_bal_strong_100_250,weak_null,True,1281,1907505461,-4.440892098500626e-16,0,0
100,250,0.10537639233782103,0.036566933575977234,0.10013052006459588,0.03442973242066216,0.0688094587618438,0.06570078764393372,0.04755824044079842,1.446846185310396,1.3814806232312056,0.14794000809887586,0.1671312315992145,0.244,0.158,0.179,True,999,0.00010966695845127106,0.0008116670651361346,weak_2x2_bal_strong_100_250,weak_null,True,1282,1907505461,-4.440892098500626e-16,0,0
100,250,0.07775536194807608,0.04277196380752235,0.0725411145258903,0.040668854867021764,0.034983398140553734,0.03187225965886853,0.04331543800639677,0.807642719332249,0.7358175543362085,0.4192962870443102,0.46184173664321304,0.547,0.453,0.504,True,999,0.00010850001126527786,0.0008248330559581518,weak_2x2_bal_strong_100_250,weak_null,True,1283,1907505461,-4.440892098500626e-16,0,0
100,250,0.043304782161658006,0.06997512257449334,0.03811953542025037,0.06787678702387723,-0.026670340412835336,-0.029757251603626855,0.039030171429659505,-0.683326243157831,-0.7624166257444095,0.4944007148733991,0.44581138650081065,0.591,0.498,0.461,True,999,0.00010862504132091999,0.0008284170180559158,weak_2x2_bal_strong_100_250,weak_null,True,1284,1907505461,-4.440892098500626e-16,0,0
100,250,0.07391015090475495,0.06509047141155644,0.06870545758084745,0.0630038922021754,0.008819679493198507,0.005701565378672058,0.04467076295366844,0.19743740446846833,0.12763528092380244,0.8434852611229462,0.8984376093275896,0.889,0.849,0.881,True,999,0.00011216697748750448,0.0008465839782729745,weak_2x2_bal_strong_100_250,weak_null,True,1285,1907505461,-4.440892098500626e-16,0,0
100,250,0.024947627515162663,0.046507256651722784,0.01977607778650281,0.04436419725706742,-0.02155962913656012,-0.024588119470564607,0.03111366968105899,-0.6929310929107452,-0.7902674201601192,0.4883527958774865,0.429371609429977,0.648,0.49,0.429,True,999,0.00011604197788983583,0.0008320000488311052,weak_2x2_bal_strong_100_250,weak_null,True,1286,1907505461,-4.440892098500626e-16,0,0
100,250,0.047045447863794165,0.04622426625217435,0.04184296275545307,0.044126774311123995,0.0008211816116198145,-0.0022838115556709226,0.037072185202910904,0.022150882315815995,-0.061604449351197084,0.9823275981986528,0.9508778336051558,0.993,0.992,0.95,True,999,0.00011579098645597696,0.0008339579217135906,weak_2x2_bal_strong_100_250,weak_null,True,1287,1907505461,-4.440892098500626e-16,0,0
100,250,0.0320259368087773,0.07285061523540198,0.026848147873423045,0.07074855417539538,-0.04082467842662468,-0.04390040630197234,0.0366753316546162,-1.1131372665170218,-1.19700093554428,0.26564948051794246,0.2313061901013902,0.498,0.305,0.282,True,999,0.00011712498962879181,0.0008477499941363931,weak_2x2_bal_strong_100_250,weak_null,True,1288,1907505461,-4.440892098500626e-16,0,0
100,250,0.09032867239504194,0.05149394612164665,0.0851127721272178,0.049365849904091874,0.03883472627339529,0.03574692222312592,0.046876569465273396,0.8284464225174247,0.762575474931193,0.40741772542865173,0.44571661547052766,0.501,0.407,0.453,True,999,0.00014699995517730713,0.0008565000025555491,weak_2x2_bal_strong_100_250,weak_null,True,1289,1907505461,-4.440892098500626e-16,0,0
100,250,0.10226153443121355,0.0979407605309453,0.09701520600782487,0.09581288940000832,0.004320773900268249,0.001202316607816556,0.052874535659191174,0.08171748170269122,0.022739048065901216,0.9348713764646839,0.9818584280275574,0.974,0.969,0.995,True,999,0.00011458306107670069,0.0008007499855011702,weak_2x2_bal_strong_100_250,weak_null,True,1290,1907505461,-4.440892098500626e-16,0,0
100,250,0.060432563405583783,0.06320747744734645,0.05523009501150966,0.06109984443921235,-0.002774914041762666,-0.005869749427702686,0.04229219228037829,-0.065612915579458,-0.1387903797653448,0.9476860061275307,0.8896157962430724,0.951,0.942,0.904,True,999,0.00011245801579207182,0.0008134159725159407,weak_2x2_bal_strong_100_250,weak_null,True,1291,1907505461,-4.440892098500626e-16,0,0
100,250,0.03676105641245542,0.050861265155215774,0.03158011490856438,0.048751152181353063,-0.014100208742760356,-0.01717103727278868,0.034984458120542745,-0.40304207926207,-0.49081901493583263,0.6869172689910009,0.623554459944935,0.754,0.67,0.609,True,999,0.0001106249401345849,0.0007966249249875546,weak_2x2_bal_strong_100_250,weak_null,True,1292,1907505461,-4.440892098500626e-16,0,0
100,250,0.09255801220676096,0.03916805723404815,0.0873349864481412,0.03705813004468439,0.053389954972712816,0.050276856403456804,0.045581087560822485,1.1713181459628477,1.103020114128878,0.24147092019126637,0.2700184303480796,0.334,0.248,0.28,True,999,0.00011020910460501909,0.0008253329433500767,weak_2x2_bal_strong_100_250,weak_null,True,1293,1907505461,-4.440892098500626e-16,0,0
100,250,0.05920485057744174,0.07680495590957048,0.05401158379129356,0.07470383608357167,-0.017600105332128746,-0.020692252292278113,0.043146539940693,-0.4079146405788492,-0.4795808034832135,0.6833363437753499,0.6315254990094139,0.752,0.682,0.64,True,999,0.00011250004172325134,0.0008315410232171416,weak_2x2_bal_strong_100_250,weak_null,True,1294,1907505461,-4.440892098500626e-16,0,0
100,250,0.03894160488080589,0.0698487693017128,0.03375661195767066,0.06774060940053062,-0.030907164420906907,-0.03398399744285996,0.03812350324667994,-0.8107115503242351,-0.8914185357773887,0.4175313387431431,0.3727046773428937,0.624,0.482,0.408,True,999,0.00011062505654990673,0.0008381250081583858,weak_2x2_bal_strong_100_250,weak_null,True,1295,1907505461,-4.440892098500626e-16,0,0
100,250,0.01996951121889401,0.08763193438837635,0.014798617398597003,0.08552076115591944,-0.06766242316948234,-0.07072214375732244,0.03548370378580682,-1.9068590916528487,-1.9930879872131808,0.05653883681867566,0.04625181318424339,0.201,0.064,0.059,True,999,0.00011045800056308508,0.0008407089626416564,weak_2x2_bal_strong_100_250,weak_null,True,1296,1907505461,-4.440892098500626e-16,0,0
100,250,0.07324866353757342,0.015226958866882828,0.06804378717409065,0.013047481818190931,0.058021704670690594,0.05499630535589972,0.03898877835265868,1.4881642134533317,1.410567544806119,0.13670759237825994,0.15837216701869594,0.273,0.141,0.162,True,999,0.00011216697748750448,0.0008700410835444927,weak_2x2_bal_strong_100_250,weak_null,True,1297,1907505461,-4.440892098500626e-16,0,0
100,250,0.03979716486732965,0.04641426889359895,0.03461814323193835,0.044316113122363276,-0.006617104026269305,-0.009697969890424929,0.0350990692798981,-0.18852648124373614,-0.2763027649846869,0.8504639586574824,0.7823155324014076,0.893,0.847,0.775,True,999,0.00011862500105053186,0.0008071670308709145,weak_2x2_bal_strong_100_250,weak_null,True,1298,1907505461,-4.440892098500626e-16,0,0
100,250,0.009738168306912098,0.08815470706059575,0.0045780020720371795,0.08604098855167308,-0.07841653875368365,-0.0814629864796359,0.03262404390919447,-2.403642508940574,-2.4970229535731194,0.016232638687090184,0.012524084965330877,0.136,0.02,0.016,True,999,0.00011374999303370714,0.0008042920380830765,weak_2x2_bal_strong_100_250,weak_null,True,1299,1907505461,-4.440892098500626e-16,0,0
100,250,0.034891356957655106,0.05328337390935678,0.029713114848078703,0.05114361618379348,-0.018392016951701673,-0.02143050133571478,0.03530066242472687,-0.5210105331853125,-0.6070849628222124,0.6023594337371754,0.5437945288900738,0.737,0.613,0.557,True,999,0.00010904204100370407,0.0007974579930305481,weak_2x2_bal_strong_100_250,weak_null,True,1300,1907505461,-4.440892098500626e-16,0,0
100,250,0.10109391384941735,0.0498915413693366,0.09585830900522296,0.047785587471224744,0.05120237248008075,0.04807272153399822,0.0480771249972725,1.065004874625626,0.9999084083485748,0.28687372385070153,0.31735483488932437,0.348,0.268,0.312,True,999,0.0001081250375136733,0.0008101249113678932,weak_2x2_bal_strong_100_250,weak_null,True,1301,1907505461,-4.440892098500626e-16,0,0
100,250,0.02913203618848237,0.04675510649448733,0.023959930575273347,0.0446473194181749,-0.017623070306004962,-0.020687388842901555,0.032398413020199836,-0.5439485660923358,-0.6385309314380101,0.5864768672002423,0.5231281256721891,0.735,0.617,0.557,True,999,0.00010833307169377804,0.0008223330369219184,weak_2x2_bal_strong_100_250,weak_null,True,1302,1907505461,-4.440892098500626e-16,0,0
100,250,0.05075125708135153,0.07159753746176756,0.045563182125860635,0.06947653225152806,-0.020846280380416027,-0.02391335012566742,0.04130937467735316,-0.5046380039212862,-0.5788843407202995,0.6138131121351496,0.5626672169781115,0.68,0.604,0.555,True,999,0.00011054205242544413,0.0008378330385312438,weak_2x2_bal_strong_100_250,weak_null,True,1303,1907505461,-4.440892098500626e-16,0,0
100,250,0.07078772604321837,0.04507076353146061,0.06558415920513028,0.04295263464163668,0.025716962511757757,0.0226315245634936,0.04238018403583864,0.60681573468417,0.534011946346324,0.5439732047631533,0.5933332688769958,0.674,0.601,0.618,True,999,0.00010887498501688242,0.0008438749937340617,weak_2x2_bal_strong_100_250,weak_null,True,1304,1907505461,-4.440892098500626e-16,0,0
100,250,0.023770755349350803,0.027442023689867756,0.018600276937249305,0.02533353328878718,-0.0036712683405169533,-0.006733256351537875,0.027265163071237504,-0.1346505183528441,-0.24695456007159938,0.8928881974125769,0.8049433908211228,0.917,0.883,0.787,True,999,0.00010895810555666685,0.0008374580647796392,weak_2x2_bal_strong_100_250,weak_null,True,1305,1907505461,-4.440892098500626e-16,0,0
100,250,0.07188236839680184,0.032064127772557405,0.06667912661824005,0.029950145599173084,0.03981824062424444,0.036728981019066964,0.04085180314850098,0.9746997085905994,0.8990785764230018,0.3297092375511965,0.3686108084466665,0.467,0.323,0.372,True,999,0.00010774994734674692,0.0008706250227987766,weak_2x2_bal_strong_100_250,weak_null,True,1306,1907505461,-4.440892098500626e-16,0,0
100,250,0.016704622019252935,0.027578054866060853,0.011538431712835973,0.025469077897582793,-0.010873432846807918,-0.01393064618474682,0.02467182675622158,-0.44072264912714365,-0.5646378082333884,0.6594137976550192,0.5723201434902072,0.791,0.662,0.579,True,999,0.00010966602712869644,0.0008382499217987061,weak_2x2_bal_strong_100_250,weak_null,True,1307,1907505461,-4.440892098500626e-16,0,0
100,250,0.04550937731471627,0.06100477679587152,0.040325315708599874,0.058899027816011085,-0.015495399481155248,-0.01857371210741121,0.03859261272197989,-0.4015120612015485,-0.4812763582817188,0.6880431599486563,0.6303200974610601,0.767,0.704,0.65,True,999,0.00011133297812193632,0.0008431660244241357,weak_2x2_bal_strong_100_250,weak_null,True,1308,1907505461,-4.440892098500626e-16,0,0
100,250,0.05199276349977677,0.040904178379106704,0.04680289384511127,0.03880304890117259,0.01108858512067007,0.007999844943938683,0.03743081847993815,0.2962421226939837,0.21372348425205748,0.7670451824569924,0.8307626966723275,0.819,0.75,0.83,True,999,0.00011241703759878874,0.0008421249222010374,weak_2x2_bal_strong_100_250,weak_null,True,1309,1907505461,-4.440892098500626e-16,0,0
100,250,0.07391015090475472,0.04934030064920847,0.06870545758084745,0.04721546706797142,0.024569850255546255,0.021489990512876034,0.04354648916534148,0.5642211513827693,0.49349536380030046,0.5726036347537953,0.6216626148882861,0.63,0.541,0.604,True,999,0.00011395802721381187,0.0008415000047534704,weak_2x2_bal_strong_100_250,weak_null,True,1310,1907505461,-4.440892098500626e-16,0,0
100,250,0.13088084901561248,0.05138014904301946,0.12562645201602152,0.049298261011259115,0.07950069997259301,0.0763281910047624,0.052492064698840164,1.5145279658688986,1.45409008852435,0.1298919864348583,0.14592133112820962,0.17,0.141,0.152,True,999,0.0001140000531449914,0.0008515840163454413,weak_2x2_bal_strong_100_250,weak_null,True,1311,1907505461,-4.440892098500626e-16,0,0
100,250,0.054762727353112384,0.021650892138979527,0.04956936738049933,0.019517998775384626,0.033111835214132856,0.030051368605114703,0.03558153131334383,0.9305905055782469,0.8445777204042031,0.35206542763089255,0.3983466527653323,0.456,0.337,0.384,True,999,0.00011670798994600773,0.0008424579864367843,weak_2x2_bal_strong_100_250,weak_null,True,1312,1907505461,-4.440892098500626e-16,0,0
100,250,0.04763194464340381,0.05840357733225465,0.04244147901501094,0.056277495610260075,-0.01077163268885084,-0.013836016595249134,0.03906700737801633,-0.2757219815847021,-0.3541611585799351,0.7827616109708068,0.7232181104512178,0.838,0.777,0.716,True,999,0.00011691695544868708,0.0008425000123679638,weak_2x2_bal_strong_100_250,weak_null,True,1313,1907505461,-4.440892098500626e-16,0,0
100,250,0.10290740001447629,0.06845435907272812,0.09767484799358783,0.06633957892358922,0.03445304094174817,0.03133526906999862,0.050622468221707205,0.6805879316444414,0.6189992343471288,0.49613226535652954,0.5359168632797543,0.569,0.504,0.528,True,999,0.00011629192158579826,0.0008478339295834303,weak_2x2_bal_strong_100_250,weak_null,True,1314,1907505461,-4.440892098500626e-16,0,0
100,250,0.1199605399410908,0.041418827998713215,0.11472037901289411,0.03930484703900561,0.07854171194237758,0.0754155319738885,0.05035952796195113,1.5596197009971846,1.4975424716226153,0.11884977805415237,0.13425216299340995,0.203,0.137,0.157,True,999,0.00012341700494289398,0.000860084081068635,weak_2x2_bal_strong_100_250,weak_null,True,1315,1907505461,-4.440892098500626e-16,0,0
100,250,0.02785191835441858,0.061642947006682214,0.022679320798147273,0.0595459365848825,-0.03379102865226363,-0.036866615786735224,0.03402114058386064,-0.9932362076153858,-1.0836384422756378,0.3205948571574342,0.27852513911992627,0.498,0.329,0.293,True,999,0.00011641602031886578,0.0008425000123679638,weak_2x2_bal_strong_100_250,weak_null,True,1316,1907505461,-4.440892098500626e-16,0,0
100,250,0.11029737869519218,0.02421104709359201,0.1050463495990499,0.022074672294365882,0.08608633160160017,0.08297167730468402,0.04697146466363272,1.8327367949471634,1.7664272957816487,0.0668417225862983,0.07732418907564505,0.158,0.076,0.087,True,999,0.0001153749180957675,0.0008465000428259373,weak_2x2_bal_strong_100_250,weak_null,True,1317,1907505461,-4.440892098500626e-16,0,0
100,250,0.09032867239504216,0.07666723443792373,0.0851127721272178,0.07451083574683537,0.013661437957118439,0.010601936380382426,0.049221409823752345,0.2775507244923724,0.21539278168473636,0.7813572624937087,0.829461097320036,0.842,0.78,0.83,True,999,0.00011466699652373791,0.0008647919166833162,weak_2x2_bal_strong_100_250,weak_null,True,1318,1907505461,-4.440892098500626e-16,0,0
100,250,0.014499335415388726,0.05504970977190221,0.00933293486987452,0.052958351785278523,-0.040550374356513486,-0.043625416915404,0.028782691092218798,-1.4088458312181935,-1.515682351439259,0.15888075979108474,0.12959969235855676,0.369,0.166,0.137,True,999,0.00012233294546604156,0.0008047079900279641,weak_2x2_bal_strong_100_250,weak_null,True,1319,1907505461,-4.440892098500626e-16,0,0
100,250,0.03956405743651059,0.04347769536065782,0.03438288661810418,0.041375609338288655,-0.0039136379241472286,-0.006992722720184474,0.034492806262162654,-0.11346243893296516,-0.20272988712592038,0.9096639401248794,0.8393461616667085,0.938,0.916,0.851,True,999,0.00011229200754314661,0.0008016249630600214,weak_2x2_bal_strong_100_250,weak_null,True,1320,1907505461,-4.440892098500626e-16,0,0
100,250,0.057020569720351855,0.032313289365641484,0.05181481148605371,0.030198272845865404,0.02470728035471037,0.02161653864018831,0.03742957722710725,0.6601004388801075,0.5775255891624974,0.5091893770768281,0.5635844574636203,0.628,0.509,0.558,True,999,0.00011133309453725815,0.0008223330369219184,weak_2x2_bal_strong_100_250,weak_null,True,1321,1907505461,-4.440892098500626e-16,0,0
100,250,0.05272865990833975,0.035410549927382184,0.0475291796960704,0.033292185834170596,0.017318109980957563,0.014236993861899805,0.03700215801845508,0.4680297287612263,0.3847611767616096,0.6397633301897178,0.7004143652819119,0.746,0.663,0.712,True,999,0.00011016696225851774,0.0008304170332849026,weak_2x2_bal_strong_100_250,weak_null,True,1322,1907505461,-4.440892098500626e-16,0,0
100,250,0.06622639858617951,0.028034019522223674,0.06102599681521781,0.025857884745377646,0.03819237906395584,0.03516811206984016,0.039408494910255526,0.9691407690380175,0.8923992694957792,0.33247495883439027,0.3721789625338201,0.548,0.365,0.399,True,999,0.00011233298573642969,0.0008677080040797591,weak_2x2_bal_strong_100_250,weak_null,True,1323,1907505461,-4.440892098500626e-16,0,0
100,250,0.02785191835441858,0.04707087830904505,0.022679320798147273,0.04495005797760143,-0.01921895995462647,-0.02227073717945416,0.032312260483051095,-0.5947884693708595,-0.6892348862790313,0.5519848760926835,0.49067546628111247,0.712,0.555,0.489,True,999,0.00011304195504635572,0.0007993329782038927,weak_2x2_bal_strong_100_250,weak_null,True,1324,1907505461,-4.440892098500626e-16,0,0
100,250,0.037708628753393314,0.03058006014835607,0.03252831478010876,0.028467617038572257,0.007128568605037244,0.004060697741536501,0.03228836001843395,0.22077828050007584,0.12576351785033932,0.8252650759488471,0.8999191209626107,0.92,0.843,0.921,True,999,0.00010887498501688242,0.000820541987195611,weak_2x2_bal_strong_100_250,weak_null,True,1325,1907505461,-4.440892098500626e-16,0,0
100,250,0.06675800233781137,0.021395855357546845,0.06155777012062913,0.019280544942745337,0.04536214698026453,0.04227722517788379,0.03820721119740962,1.187266632623006,1.1065247594085095,0.23512246527517566,0.2684994534680828,0.344,0.22,0.252,True,999,0.00011504197027534246,0.0008231248939409852,weak_2x2_bal_strong_100_250,weak_null,True,1326,1907505461,-4.440892098500626e-16,0,0
100,250,0.07545962197658185,0.1053004128858227,0.07020979933875537,0.10315860726146298,-0.029840790909240855,-0.0329488079227076,0.04919630512182225,-0.6065656929996605,-0.6697415149596739,0.5441391735063414,0.5030225820222926,0.605,0.522,0.48,True,999,0.00011741707567125559,0.0008416250348091125,weak_2x2_bal_strong_100_250,weak_null,True,1327,1907505461,-4.440892098500626e-16,0,0
100,250,0.13304263899428415,0.08851879708363208,0.12778029403486357,0.08643724608830894,0.04452384191065206,0.041343047946554634,0.0556001430161303,0.8007864637638636,0.7435780863829882,0.42325527671103014,0.45713176459792837,0.508,0.442,0.49,True,999,0.00011608295608311892,0.000860332977026701,weak_2x2_bal_strong_100_250,weak_null,True,1328,1907505461,-4.440892098500626e-16,0,0
100,250,0.05294730802400738,0.06152272900372069,0.04775382201984257,0.0594147282486972,-0.00857542097971331,-0.011660906228854628,0.040322511371562626,-0.21267080566219668,-0.289190971301417,0.8315837395421757,0.7724352406772005,0.875,0.836,0.776,True,999,0.00014412496238946915,0.0008166249608621001,weak_2x2_bal_strong_100_250,weak_null,True,1329,1907505461,-4.440892098500626e-16,0,0
100,250,0.05636923747073441,0.062355164638310645,0.05117486174093244,0.060255502386880266,-0.005985927167576233,-0.009080640645947824,0.04107700643114429,-0.14572452297881536,-0.22106383680050615,0.8841388614831452,0.8250427277100412,0.909,0.856,0.828,True,999,0.00010970898438245058,0.0008178749121725559,weak_2x2_bal_strong_100_250,weak_null,True,1330,1907505461,-4.440892098500626e-16,0,0
100,250,0.06622639858617951,0.04976606353436519,0.06102599681521781,0.04759299839278697,0.016460335051814323,0.013432998422430842,0.04252064220520422,0.3871139803669216,0.3159171105084283,0.6986718281301325,0.7520654242298774,0.798,0.659,0.724,True,999,0.00010958302300423384,0.0008243749616667628,weak_2x2_bal_strong_100_250,weak_null,True,1331,1907505461,-4.440892098500626e-16,0,0
100,250,0.025792784583158812,0.07814541508645012,0.020618629094599328,0.07602612780956974,-0.05235263050329131,-0.055407498714970416,0.03605190218500842,-1.4521461373835989,-1.536881422528953,0.1464609756061899,0.12432234959272691,0.335,0.162,0.141,True,999,0.00011233403347432613,0.0008945829467847943,weak_2x2_bal_strong_100_250,weak_null,True,1332,1907505461,-4.440892098500626e-16,0,0
100,250,0.07276017128216583,0.03534123464155969,0.06755718170455793,0.033203870099669075,0.03741893664060614,0.03435331160488886,0.041635852582235254,0.898719116336089,0.8250896636987894,0.36880229205818504,0.409320687527012,0.495,0.392,0.429,True,999,0.00011395802721381187,0.000804208917543292,weak_2x2_bal_strong_100_250,weak_null,True,1333,1907505461,-4.440892098500626e-16,0,0
100,250,0.028899737350249977,0.05524403888970156,0.023727442927850007,0.0530805092126343,-0.02634430153945158,-0.02935306628478429,0.0343811265627716,-0.7662431157208672,-0.8537552203588417,0.44353165825416985,0.39324063063624193,0.644,0.434,0.389,True,999,0.00011008302681148052,0.0007994580082595348,weak_2x2_bal_strong_100_250,weak_null,True,1334,1907505461,-4.440892098500626e-16,0,0
100,250,0.05767601615709228,0.059665115040831995,0.05245989371191229,0.0575691062462198,-0.001989098883739715,-0.005109212534307517,0.040827389635021534,-0.04871971736428321,-0.12514178790222874,0.9611426623492083,0.9004113013443652,0.985,0.977,0.904,True,999,0.00010891701094806194,0.0008074999786913395,weak_2x2_bal_strong_100_250,weak_null,True,1335,1907505461,-4.440892098500626e-16,0,0
100,250,0.05220314090689748,0.039393358825156044,0.04701571431220941,0.03729303918468929,0.012809782081741439,0.00972267512752012,0.03724301539584962,0.3439512602722541,0.2610603632434021,0.7308829408589108,0.7940459575520288,0.773,0.738,0.791,True,999,0.00010895903687924147,0.0008069999748840928,weak_2x2_bal_strong_100_250,weak_null,True,1336,1907505461,-4.440892098500626e-16,0,0
100,250,0.02463582455861879,0.10126399558983779,0.01946618225500174,0.09913151268661125,-0.076628171031219,-0.0796653304316095,0.03863982307477144,-1.9831398006905148,-2.0617415943507327,0.047351815923961434,0.03923234427232315,0.154,0.031,0.029,True,999,0.00011558295227587223,0.0008159580174833536,weak_2x2_bal_strong_100_250,weak_null,True,1337,1907505461,-4.440892098500626e-16,0,0
100,250,0.06336955972453906,0.03710601531093244,0.05816819124569861,0.034985505731910393,0.02626354441360662,0.023182685513788215,0.039789567962670115,0.6600610601815688,0.5826322501299288,0.509214646128004,0.5601408902682534,0.631,0.504,0.531,True,999,0.00011812499724328518,0.0008235840359702706,weak_2x2_bal_strong_100_250,weak_null,True,1338,1907505461,-4.440892098500626e-16,0,0
100,250,0.1308808490156127,0.031132736451782383,0.12562645201602152,0.02899976788482661,0.09974811256383032,0.0966266841311949,0.05091531041620373,1.9590985844620445,1.897792301398669,0.05010124256046863,0.057723447764888705,0.091,0.072,0.08,True,999,0.0001170419855043292,0.0008451250614598393,weak_2x2_bal_strong_100_250,weak_null,True,1339,1907505461,-4.440892098500626e-16,0,0
100,250,0.07408028741081829,0.09109565855792284,0.06887766347202273,0.0889521462687668,-0.017015371147104552,-0.020074482796744064,0.048096339106060246,-0.3537768458755851,-0.41738068156240676,0.7235061270664198,0.6763999829206868,0.825,0.713,0.678,True,999,0.00011374999303370714,0.0008019160013645887,weak_2x2_bal_strong_100_250,weak_null,True,1340,1907505461,-4.440892098500626e-16,0,0
100,250,0.05889111331690178,0.04507076353146061,0.053681268601962984,0.04295263464163668,0.013820349785441166,0.010728633960326306,0.03977896832777294,0.3474285625399705,0.26970618925870365,0.7282693783696959,0.7873862986098316,0.787,0.733,0.795,True,999,0.00010883400682359934,0.0008590839570388198,weak_2x2_bal_strong_100_250,weak_null,True,1341,1907505461,-4.440892098500626e-16,0,0
100,250,0.06650310385474323,0.05178436493063443,0.06130558577169154,0.04965450778379932,0.014718738924108798,0.011651077987892222,0.04241408756413135,0.3470247686421082,0.2746983056107349,0.7285727110192777,0.7835480330299889,0.829,0.763,0.803,True,999,0.00011274998541921377,0.0007990419398993254,weak_2x2_bal_strong_100_250,weak_null,True,1342,1907505461,-4.440892098500626e-16,0,0
100,250,0.03833524446458347,0.10187661430538525,0.033155994600974736,0.09970835496815766,-0.06354136984080178,-0.06655236036718293,0.04246434018183775,-1.4963465714693667,-1.567252901662835,0.13456336483753067,0.1170555894989629,0.271,0.145,0.134,True,999,0.00010979198850691319,0.0008200829615816474,weak_2x2_bal_strong_100_250,weak_null,True,1343,1907505461,-4.440892098500626e-16,0,0
100,250,0.06622639858617951,0.047190086522856056,0.06102599681521781,0.04508044508240516,0.019036312063323457,0.015945551732812646,0.04151237496993388,0.4585695729794035,0.3841156220129904,0.6465432907571736,0.7008927533273146,0.738,0.663,0.725,True,999,0.00010958302300423384,0.0008297500899061561,weak_2x2_bal_strong_100_250,weak_null,True,1344,1907505461,-4.440892098500626e-16,0,0
100,250,0.03964150997781846,0.054626376417101774,0.03446305782784975,0.052546133638117,-0.014984866439283318,-0.018083075810267246,0.03575946223847727,-0.41904619088929035,-0.505686458305008,0.6751823749046744,0.6130767761496958,0.733,0.665,0.612,True,999,0.00011133402585983276,0.0008407920831814408,weak_2x2_bal_strong_100_250,weak_null,True,1345,1907505461,-4.440892098500626e-16,0,0
100,250,0.04151132921434664,0.02755340844334664,0.03631610840226074,0.02542326067374745,0.013957920770999999,0.010892847728513289,0.03283483946503596,0.42509483823921335,0.3317466418592511,0.6707675405994662,0.740080578115076,0.753,0.669,0.738,True,999,0.00011333299335092306,0.0008353750454261899,weak_2x2_bal_strong_100_250,weak_null,True,1346,1907505461,-4.440892098500626e-16,0,0
100,250,0.07127035302181894,0.06804724816804342,0.06606490447397562,0.06591727797224678,0.003223104853775527,0.00014762650172883696,0.04521358047657387,0.07128621135071325,0.003265092040329021,0.9431699690576573,0.997394838100285,0.969,0.93,0.989,True,999,0.00011675001587718725,0.00083754095248878,weak_2x2_bal_strong_100_250,weak_null,True,1347,1907505461,-4.440892098500626e-16,0,0
100,250,0.023463268157704276,0.024524892961373224,0.01827654534960743,0.02238692396377928,-0.001061624803668948,-0.00411037861417185,0.026874225610709263,-0.03950345654781937,-0.15294872766617998,0.9684889977429302,0.8784387088197133,0.967,0.958,0.883,True,999,0.00011712498962879181,0.0008403339888900518,weak_2x2_bal_strong_100_250,weak_null,True,1348,1907505461,-4.440892098500626e-16,0,0
100,250,0.06428414862089749,0.06900087963348217,0.059078381910993016,0.06690754777797281,-0.004716731012584685,-0.007829165866979793,0.04337789490546323,-0.10873582092593977,-0.18048745528206228,0.9134120293018775,0.8567699019118964,0.935,0.916,0.858,True,999,0.00011674989946186543,0.0008996250107884407,weak_2x2_bal_strong_100_250,weak_null,True,1349,1907505461,-4.440892098500626e-16,0,0
100,250,0.02312797372983022,0.06830626421700636,0.017950119837010448,0.06621524009496227,-0.04517829048717614,-0.04826512025795182,0.03340315830442602,-1.35251553387363,-1.4449268484757785,0.1762104528919678,0.1484784340144564,0.295,0.179,0.155,True,999,0.00011799996718764305,0.0008127080509439111,weak_2x2_bal_strong_100_250,weak_null,True,1350,1907505461,-4.440892098500626e-16,0,0
100,250,0.07276017128216583,0.06452148357804943,0.06755718170450109,0.06242339533270069,0.008238687704116399,0.005133786371800397,0.04447589032170191,0.18523941048789638,0.11542852396358612,0.8530412588539571,0.908105471208189,0.882,0.852,0.918,True,999,0.0001081250375136733,0.0008057920495048165,weak_2x2_bal_strong_100_250,weak_null,True,1351,1907505461,-4.440892098500626e-16,0,0
100,250,0.053366839060501214,0.04934030064920847,0.048172856119649055,0.04721546706797142,0.004026538411292746,0.0009573890516776373,0.0393154821744028,0.10241610145924426,0.024351451355236496,0.9184264037576273,0.9805722730344307,0.936,0.905,0.994,True,999,0.0001074580941349268,0.000800624955445528,weak_2x2_bal_strong_100_250,weak_null,True,1352,1907505461,-4.440892098500626e-16,0,0
100,250,0.0465733363308064,0.053570434094975306,0.0413868864686151,0.05146164718725288,-0.0069970977641689025,-0.010074760718637776,0.037872013765330205,-0.18475642218355892,-0.26602125730796705,0.8534200893867968,0.790222837742949,0.911,0.874,0.808,True,999,0.00010699999984353781,0.0008130830246955156,weak_2x2_bal_strong_100_250,weak_null,True,1353,1907505461,-4.440892098500626e-16,0,0
100,250,0.037708628753393314,0.030771872687592072,0.03252831478010876,0.02863494976455172,0.006936756065801242,0.0038933650155570376,0.032422231829576834,0.21395060347058711,0.12008318970828397,0.8305855778932013,0.904417248693285,0.898,0.838,0.902,True,999,0.0001064579701051116,0.0008243750780820847,weak_2x2_bal_strong_100_250,weak_null,True,1354,1907505461,-4.440892098500626e-16,0,0
100,250,0.04620082918151336,0.05249839365685105,0.04101419296897291,0.05041014960026757,-0.006297564475337691,-0.009395956631294666,0.03734974520762783,-0.1686106408579076,-0.2515668200428783,0.8661029102106094,0.8013759076984017,0.894,0.846,0.788,True,999,0.00011004193220287561,0.0008310419507324696,weak_2x2_bal_strong_100_250,weak_null,True,1355,1907505461,-4.440892098500626e-16,0,0
100,250,0.04079482990536709,0.04707087830904494,0.03561094977699497,0.04495005797760143,-0.0062760484036778474,-0.00933910820060646,0.035814653104120436,-0.17523688936570475,-0.2607622129818146,0.8608934992521069,0.794275886166,0.888,0.856,0.775,True,999,0.00011083297431468964,0.0008337079780176282,weak_2x2_bal_strong_100_250,weak_null,True,1356,1907505461,-4.440892098500626e-16,0,0
100,250,0.05199276349977677,0.011414733452750181,0.04680289384511127,0.009239366671877747,0.04057803004702659,0.037563527173233524,0.0331925115417625,1.222505564123152,1.1316868000775253,0.2215165010427914,0.25776613296898354,0.383,0.23,0.271,True,999,0.00011304207146167755,0.0008413339965045452,weak_2x2_bal_strong_100_250,weak_null,True,1357,1907505461,-4.440892098500626e-16,0,0
100,250,0.02913203618848237,0.08770964279696991,0.023959930575244925,0.08555278774670683,-0.05857760660848754,-0.0615928571714619,0.038618061223201744,-1.5168448325234436,-1.5949235984549346,0.1293058648334263,0.11072932179499262,0.319,0.155,0.138,True,999,0.00011358305346220732,0.0008691250113770366,weak_2x2_bal_strong_100_250,weak_null,True,1358,1907505461,-4.440892098500626e-16,0,0
100,250,0.01574093576543556,0.07126191297555606,0.01057539250727757,0.06914276462715918,-0.0555209772101205,-0.05856737211988161,0.03239369819383018,-1.7139437701094353,-1.8079865957088086,0.08653905333708262,0.0706085868215856,0.289,0.077,0.06,True,999,0.00012729200534522533,0.000801375019364059,weak_2x2_bal_strong_100_250,weak_null,True,1359,1907505461,-4.440892098500626e-16,0,0
100,250,0.11859597340881778,0.021395855357546845,0.11333220963932433,0.019280544942745337,0.09720011805127093,0.094051664696579,0.04820057020144564,2.016576103665174,1.9512562673741602,0.04373976885461747,0.05102656856611443,0.049,0.056,0.06,True,999,0.00011749996338039637,0.0008178750285878778,weak_2x2_bal_strong_100_250,weak_null,True,1360,1907505461,-4.440892098500626e-16,0,0
100,250,0.11037398393080611,0.04293016851495657,0.10513945511530665,0.04080009909002058,0.06744381541584954,0.06433935602528607,0.04920364462221521,1.3707077175620235,1.3076136233257232,0.17046608804388186,0.19100439377312128,0.304,0.193,0.22,True,999,0.00011145905591547489,0.0007999170338734984,weak_2x2_bal_strong_100_250,weak_null,True,1361,1907505461,-4.440892098500626e-16,0,0
100,250,0.08368073881203564,0.06305882240052674,0.07846208068889382,0.060898243931490015,0.0206219164115089,0.017563836757403806,0.04679204558597458,0.44071414603190806,0.3753594555966235,0.659419954241843,0.7073931538877907,0.737,0.683,0.718,True,999,0.00011500006075948477,0.0008249159436672926,weak_2x2_bal_strong_100_250,weak_null,True,1362,1907505461,-4.440892098500626e-16,0,0
100,250,0.06486858418704666,0.0226639159314046,0.05965064322046487,0.02054715772469251,0.042204668255642064,0.03910348549577236,0.037812218763477956,1.1161648175062047,1.0341494568295901,0.26435159124916574,0.30106629850219524,0.406,0.253,0.288,True,999,0.00011179200373589993,0.0008352909935638309,weak_2x2_bal_strong_100_250,weak_null,True,1363,1907505461,-4.440892098500626e-16,0,0
100,250,0.04845469802507163,0.039216673711929995,0.043213148946279034,0.037084942727247494,0.009238024313141635,0.00612820621903154,0.036222911998506566,0.25503262447598113,0.16918038558811063,0.7986979014790585,0.8656547574284912,0.886,0.82,0.883,True,999,0.00011345802340656519,0.0008420420344918966,weak_2x2_bal_strong_100_250,weak_null,True,1364,1907505461,-4.440892098500626e-16,0,0
100,250,0.045879306933472086,0.08036490755306641,0.040695433869984754,0.07822906848824118,-0.034485600619594325,-0.03753363461825643,0.04145928054900328,-0.8317944779295836,-0.9053132162747761,0.4055249613720553,0.36529947671786034,0.548,0.399,0.355,True,999,0.0001140000531449914,0.0008342909859493375,weak_2x2_bal_strong_100_250,weak_null,True,1365,1907505461,-4.440892098500626e-16,0,0
100,250,0.05220314090689748,0.025630737203258036,0.04701571431220941,0.02349207830930311,0.026572403703639447,0.0235236360029063,0.03555348586104931,0.7473923599922137,0.6616407767958884,0.45482675575744735,0.5082014679578377,0.596,0.458,0.511,True,999,0.00010924995876848698,0.0008405420230701566,weak_2x2_bal_strong_100_250,weak_null,True,1366,1907505461,-4.440892098500626e-16,0,0
100,250,0.06336955972453928,0.0953231640240873,0.05816819124569861,0.09320576829836114,-0.03195360429954802,-0.03503757705266253,0.04599320420065259,-0.6947462098997365,-0.7617990018657014,0.48721436321215106,0.44617997621598215,0.6,0.5,0.468,True,999,0.00010687496978789568,0.0008762499783188105,weak_2x2_bal_strong_100_250,weak_null,True,1367,1907505461,-4.440892098500626e-16,0,0
100,250,0.026820136969350483,0.049020070650013514,0.021644282493241462,0.04694048044700594,-0.02219993368066303,-0.025296197953764477,0.03150229546261624,-0.7047084459926956,-0.8029953875514712,0.4809916941537239,0.4219774005259975,0.691,0.513,0.445,True,999,0.00011508294846862555,0.0008217500289902091,weak_2x2_bal_strong_100_250,weak_null,True,1368,1907505461,-4.440892098500626e-16,0,0
100,250,0.028983205450210936,0.008082187390476836,0.02380625383965196,0.0059114967543649755,0.0209010180597341,0.017894757085286983,0.02533097049319439,0.8251171452491142,0.7064378796736084,0.4093050866720884,0.4799158712683027,0.638,0.411,0.496,True,999,0.0001103340182453394,0.0008012918988242745,weak_2x2_bal_strong_100_250,weak_null,True,1369,1907505461,-4.440892098500626e-16,0,0
100,250,0.04297030740593155,0.08792267959839811,0.03778631239838148,0.08581834290843915,-0.04495237219246656,-0.048032030510057666,0.040960049370338404,-1.0974687014176119,-1.1726555814368842,0.2724365554224395,0.24093395068650136,0.436,0.286,0.25,True,999,0.00010908301919698715,0.0008195419795811176,weak_2x2_bal_strong_100_250,weak_null,True,1370,1907505461,-4.440892098500626e-16,0,0
100,250,0.032576548250033754,0.04758830914416362,0.027396647155057963,0.04549708532118757,-0.015011760894129866,-0.018100438166129607,0.03319843124224809,-0.4521828391404834,-0.5452196832450058,0.6511372698674053,0.5856024355732548,0.709,0.612,0.546,True,999,0.00013766600750386715,0.0007954169996082783,weak_2x2_bal_strong_100_250,weak_null,True,1371,1907505461,-4.440892098500626e-16,0,0
100,250,0.0990946015821601,0.07854981135616113,0.09387147319645806,0.0764405973916098,0.020544790225998977,0.017430875804848256,0.050683339224008604,0.4053558928940291,0.34391727284991674,0.6852159273562215,0.7309085015018262,0.74,0.694,0.749,True,999,0.00010779197327792645,0.0008014999330043793,weak_2x2_bal_strong_100_250,weak_null,True,1372,1907505461,-4.440892098500626e-16,0,0
100,250,0.019086063223510807,0.05877832486035667,0.013910376175047645,0.056688499732800324,-0.03969226163684586,-0.04277812355775268,0.030702482292617156,-1.2928030137286464,-1.393311561913653,0.1960791978134524,0.16352559585861737,0.412,0.187,0.165,True,999,0.00011741707567125559,0.0008254579734057188,weak_2x2_bal_strong_100_250,weak_null,True,1373,1907505461,-4.440892098500626e-16,0,0
100,250,0.013200670971602935,0.04542301001472482,0.008032030768674758,0.04330311673076892,-0.032222339043121884,-0.03527108596209416,0.02722395714369463,-1.1836023276500396,-1.2955899752532243,0.23657051856993594,0.19511678468620774,0.464,0.22,0.183,True,999,0.00011495803482830524,0.000835333950817585,weak_2x2_bal_strong_100_250,weak_null,True,1374,1907505461,-4.440892098500626e-16,0,0
100,250,0.04938150468114777,0.03802015194207606,0.0441904238483346,0.03581696500152276,0.011361352739071712,0.008373458846811843,0.037438856308372376,0.3034642042879658,0.22365690815558656,0.7615361228936965,0.8230242788246107,0.833,0.774,0.834,True,999,0.00011204194743186235,0.0008420840604230762,weak_2x2_bal_strong_100_250,weak_null,True,1375,1907505461,-4.440892098500626e-16,0,0
100,250,0.0032504832027636654,0.052986732970157935,-0.0019088548135357541,0.05088045473839031,-0.04973624976739427,-0.05278930955192607,0.024646228457476334,-2.018006521898769,-2.141881856001081,0.04359058209515767,0.032202990258450394,0.259,0.037,0.029,True,999,0.00011424999684095383,0.0008635829435661435,weak_2x2_bal_strong_100_250,weak_null,True,1376,1907505461,-4.440892098500626e-16,0,0
100,250,0.01610492819232101,0.04549959652407476,0.010939889439384842,0.043322334919636774,-0.02939466833175375,-0.03238244548025193,0.02873881208617652,-1.022821271930467,-1.1267844120748476,0.30639235845018176,0.25983364264876463,0.568,0.298,0.257,True,999,0.00011187500786036253,0.0008373750606551766,weak_2x2_bal_strong_100_250,weak_null,True,1377,1907505461,-4.440892098500626e-16,0,0
100,250,0.03909782630882219,0.04347769536065782,0.033918385229867454,0.041375609338288655,-0.004379869051835628,-0.007457224108421201,0.034376348103153896,-0.12740937573394515,-0.2169289211886073,0.898616395955237,0.8282637383773332,0.91,0.886,0.822,True,999,0.00011183402966707945,0.000840167049318552,weak_2x2_bal_strong_100_250,weak_null,True,1378,1907505461,-4.440892098500626e-16,0,0
100,250,0.08480595619440934,0.033639495298659394,0.07957885016601551,0.03152370489921452,0.05116646089574994,0.04805514526680099,0.04349932849140652,1.1762586382421534,1.1047330368857187,0.23949153870593043,0.2692752837491128,0.343,0.235,0.265,True,999,0.00010783295147120953,0.0008393339812755585,weak_2x2_bal_strong_100_250,weak_null,True,1379,1907505461,-4.440892098500626e-16,0,0
100,250,0.0015867749336891945,0.02049123373193873,-0.003570630777701922,0.0183596856385293,-0.018904458798249535,-0.02193031641623122,0.01562797442808459,-1.2096550890355224,-1.4032731188004037,0.22641126984867332,0.16053541092669832,0.641,0.236,0.165,True,999,0.00010979198850691319,0.0008365419926121831,weak_2x2_bal_strong_100_250,weak_null,True,1380,1907505461,-4.440892098500626e-16,0,0
100,250,0.0794334979139697,0.05985497854313809,0.07422418315684354,0.05773996371742385,0.019578519370831604,0.01648421943941969,0.04569194467193425,0.4284895184786802,0.36076861157421763,0.6682947630229186,0.7182724290966599,0.735,0.667,0.721,True,999,0.00011583301238715649,0.0008746660314500332,weak_2x2_bal_strong_100_250,weak_null,True,1381,1907505461,-4.440892098500626e-16,0,0
100,250,0.06326096973380879,0.035316181270498626,0.05805270822607156,0.03319824552437467,0.027944788463310166,0.02485446270169689,0.03933478179240867,0.7104345617268254,0.631869850781621,0.47743469709120756,0.527471925529529,0.6,0.482,0.536,True,999,0.000120542012155056,0.000796416075900197,weak_2x2_bal_strong_100_250,weak_null,True,1382,1907505461,-4.440892098500626e-16,0,0
100,250,0.04782039371995339,0.02917872890642187,0.042630018693500915,0.027067607166927132,0.018641664813531522,0.015562411526573783,0.03472395884609002,0.5368530960469852,0.44817503659511854,0.5913690921099028,0.6540268773482149,0.733,0.62,0.693,True,999,0.00012462504673749208,0.0008005830459296703,weak_2x2_bal_strong_100_250,weak_null,True,1383,1907505461,-4.440892098500626e-16,0,0
100,250,0.13062646910372533,0.0505885517929931,0.12536393385300926,0.04848575579393355,0.08003791731073223,0.07687817805907571,0.05264284740278917,1.520394911360581,1.4603727163702487,0.12841175263810817,0.14418766701239588,0.179,0.14,0.158,True,999,0.00011087500024586916,0.0008367919363081455,weak_2x2_bal_strong_100_250,weak_null,True,1384,1907505461,-4.440892098500626e-16,0,0
100,250,0.07848174596893054,0.039351757756192984,0.07325830271493317,0.03722640832732793,0.039129988212737554,0.036031894387605234,0.0430412108358136,0.9091284248950169,0.8371487160306356,0.3632823399205669,0.40250897998934887,0.474,0.363,0.405,True,999,0.00011049991007894278,0.0007951250299811363,weak_2x2_bal_strong_100_250,weak_null,True,1385,1907505461,-4.440892098500626e-16,0,0
100,250,0.05920485057744174,0.012972421131716594,0.05401158379129356,0.010865224359918102,0.04623242944572514,0.04314635943137546,0.0351617096319136,1.3148515794511737,1.2270836624000445,0.1885597886318221,0.21979114772696384,0.281,0.193,0.226,True,999,0.0001082499511539936,0.0008220840245485306,weak_2x2_bal_strong_100_250,weak_null,True,1386,1907505461,-4.440892098500626e-16,0,0
100,250,0.012800049652406331,0.02579920109010192,0.007638305560703884,0.023659643884840875,-0.012999151437695589,-0.01602133832413699,0.02302067568198441,-0.5646728887227451,-0.6959543040986854,0.5722962779417182,0.4864574474409201,0.78,0.586,0.493,True,999,0.000110041000880301,0.0008331249700859189,weak_2x2_bal_strong_100_250,weak_null,True,1387,1907505461,-4.440892098500626e-16,0,0
100,250,0.04620082918151336,0.04934030064920847,0.04101419296897291,0.04721546706797142,-0.0031394714676951097,-0.0062012740989985105,0.03754190151367421,-0.08362579787152212,-0.1651827384593124,0.9333539550404313,0.8688001513418986,0.959,0.939,0.86,True,999,0.0001069169957190752,0.0008470419561490417,weak_2x2_bal_strong_100_250,weak_null,True,1388,1907505461,-4.440892098500626e-16,0,0
100,250,0.05286967496666373,0.04911501588825273,0.047680185505157624,0.047003394550202415,0.0037546590784109934,0.0006767909549552087,0.03887107424558784,0.09659262449730664,0.017411171882702203,0.9230499139046041,0.9861085966334758,0.936,0.923,0.99,True,999,0.00010966695845127106,0.0008420839440077543,weak_2x2_bal_strong_100_250,weak_null,True,1389,1907505461,-4.440892098500626e-16,0,0
100,250,0.023469916233763488,0.05149394612164665,0.018290659219317718,0.049365849904091874,-0.028024029887883162,-0.031075190684774157,0.031900703327122894,-0.8784768661842113,-0.9741224312867465,0.37968498661183847,0.3299957531346077,0.527,0.338,0.307,True,999,0.00010958302300423384,0.0008363330271095037,weak_2x2_bal_strong_100_250,weak_null,True,1390,1907505461,-4.440892098500626e-16,0,0
100,250,0.016295333623773334,0.027856360280343162,0.011131518131350049,0.025758317100951444,-0.011561026656569828,-0.014626798969601396,0.024437573392617713,-0.47308406897970773,-0.5985372906959727,0.6361532021331331,0.5494814844955611,0.77,0.634,0.55,True,999,0.0001111660385504365,0.0008639999432489276,weak_2x2_bal_strong_100_250,weak_null,True,1391,1907505461,-4.440892098500626e-16,0,0
100,250,0.04932821642239171,0.038914541008176595,0.04411275155217709,0.03679145745937262,0.010413675414215118,0.0073212940928044645,0.03668248554875275,0.283886853860403,0.19958555106834622,0.7764970913145419,0.8418047290001014,0.843,0.787,0.852,True,999,0.00011529203038662672,0.00082016596570611,weak_2x2_bal_strong_100_250,weak_null,True,1392,1907505461,-4.440892098500626e-16,0,0
100,250,0.12157901372170987,0.04732158115338081,0.11633206663015017,0.045199439148433385,0.07425743256832906,0.07113262748171678,0.05123800961606822,1.4492645816015843,1.388278506810101,0.14726370819140835,0.1650522544132531,0.226,0.147,0.162,True,999,0.00011029199231415987,0.0008432919858023524,weak_2x2_bal_strong_100_250,weak_null,True,1393,1907505461,-4.440892098500626e-16,0,0
100,250,0.052261794041927434,0.04599570031759442,0.04706800928239829,0.04388506108944057,0.006266093724333011,0.003182948192957724,0.03823139739398843,0.1638991549212455,0.08325482221212809,0.8698105323791898,0.933648922177788,0.919,0.861,0.921,True,999,0.00011466699652373791,0.0008039169479161501,weak_2x2_bal_strong_100_250,weak_null,True,1394,1907505461,-4.440892098500626e-16,0,0
100,250,0.07671320401897552,0.0473215811533807,0.07150317340219203,0.045199439148433385,0.029391622865594824,0.026303734253758648,0.04390718929361633,0.6694034243241362,0.5990757932114537,0.503238167830169,0.5491223431001173,0.609,0.543,0.591,True,999,0.00011725001968443394,0.000811540987342596,weak_2x2_bal_strong_100_250,weak_null,True,1395,1907505461,-4.440892098500626e-16,0,0
100,250,0.03956405743651059,0.04470197711678858,0.03438288661810418,0.042628431427445435,-0.005137919680277991,-0.008245544809341254,0.034292579974624,-0.1498259881315426,-0.240446907623831,0.8809019052214487,0.8099838175545773,0.919,0.865,0.813,True,999,0.00011670892126858234,0.0008424589177593589,weak_2x2_bal_strong_100_250,weak_null,True,1396,1907505461,-4.440892098500626e-16,0,0
100,250,0.028899737350249977,0.07696214158859183,0.023727442927850007,0.07481137777173785,-0.04806240423834185,-0.051083934843887846,0.036339659924775274,-1.3225881677988507,-1.4057350825416055,0.18597237120340981,0.1598028052581758,0.381,0.203,0.186,True,999,0.00011625001206994057,0.0008440840756520629,weak_2x2_bal_strong_100_250,weak_null,True,1397,1907505461,-4.440892098500626e-16,0,0
100,250,0.059204850577441515,0.04962055991104569,0.05401158379129356,0.04747630928626734,0.009584290666395823,0.006535274505026223,0.04077923331900729,0.2350287115851333,0.16025986692545582,0.8141864486737453,0.8726763717547894,0.861,0.787,0.846,True,999,0.00011820800136774778,0.0008359999628737569,weak_2x2_bal_strong_100_250,weak_null,True,1398,1907505461,-4.440892098500626e-16,0,0
100,250,0.043815229404523315,0.14313189310383484,0.03857470823798792,0.1409609960916356,-0.09931666369931152,-0.10238628785364767,0.04628896241264045,-2.1455798212532504,-2.2118942079740447,0.031906516782474914,0.02697397555933186,0.105,0.043,0.038,True,999,0.00011566595640033484,0.0008488340536132455,weak_2x2_bal_strong_100_250,weak_null,True,1399,1907505461,-4.440892098500626e-16,0,0
100,250,0.0537330876826112,0.027016897606441104,0.048539934671850915,0.024893968067019046,0.0267161900761701,0.02364596660483187,0.03599192119110807,0.7422829677336154,0.6569798394277905,0.45791590910459845,0.5111938797278732,0.59,0.456,0.505,True,999,0.0001170419855043292,0.0008424590341746807,weak_2x2_bal_strong_100_250,weak_null,True,1400,1907505461,-4.440892098500626e-16,0,0
100,250,0.05286967496666373,0.052161475297568316,0.047680185505157624,0.05004250812783084,0.0007081996690954107,-0.0023623226226732186,0.039306856934590455,0.018017204231666445,-0.06009950443517526,0.9856251286465426,0.9520763846548864,0.988,0.988,0.958,True,999,0.00011595804244279861,0.0008437919896095991,weak_2x2_bal_strong_100_250,weak_null,True,1401,1907505461,-4.440892098500626e-16,0,0
100,250,0.0662232362965266,0.03138734336231086,0.061018177087163394,0.029284589196294064,0.03483589293421574,0.03173358789086933,0.03952353993117298,0.8813960742099418,0.8029034834969434,0.37810348176756514,0.4220305224591415,0.552,0.396,0.456,True,999,0.00013041601050645113,0.0008967079920694232,weak_2x2_bal_strong_100_250,weak_null,True,1402,1907505461,-4.440892098500626e-16,0,0
100,250,0.0465733363308064,0.05037359013199644,0.0413868864686151,0.048271627435951814,-0.0038002538011900344,-0.006884740967336711,0.03741413039321269,-0.10157268821299238,-0.18401445910889525,0.9190958589505426,0.8540021118870197,0.931,0.92,0.861,True,999,0.0001152080949395895,0.0008020000532269478,weak_2x2_bal_strong_100_250,weak_null,True,1403,1907505461,-4.440892098500626e-16,0,0
100,250,0.056971381623922235,0.06804724816804342,0.05177894383153614,0.06591727797224678,-0.011075866544121182,-0.01413833414071064,0.04236095527567999,-0.26146404093205117,-0.3337586239191271,0.7937346764306692,0.7385617080568758,0.838,0.798,0.734,True,999,0.00011087500024586916,0.0008002910763025284,weak_2x2_bal_strong_100_250,weak_null,True,1404,1907505461,-4.440892098500626e-16,0,0
100,250,0.04564337490516657,0.032335163937659395,0.04045645449031099,0.030232901910835608,0.013308210967507172,0.010223552579475381,0.0346065111112298,0.38455800773250043,0.29542280487667655,0.7005649107923212,0.7676709145183147,0.781,0.705,0.773,True,999,0.00010874995496124029,0.0008121670689433813,weak_2x2_bal_strong_100_250,weak_null,True,1405,1907505461,-4.440892098500626e-16,0,0
100,250,0.05879172279147726,0.05043869126177841,0.053599990936902486,0.048307353904817774,0.008353031529698851,0.005292637032084713,0.04057325296152262,0.20587532228733035,0.1304464553804436,0.8368883024797205,0.896213214473672,0.861,0.828,0.889,True,999,0.00011341599747538567,0.0008199589792639017,weak_2x2_bal_strong_100_250,weak_null,True,1406,1907505461,-4.440892098500626e-16,0,0
100,250,0.06639707712193688,0.014640501744495271,0.061199525402599875,0.012494882717234645,0.051756575377441605,0.04870464268536523,0.037257396777352327,1.3891624175122965,1.3072476044534422,0.16478336707943153,0.19112863265038027,0.296,0.157,0.187,True,999,0.00011824991088360548,0.0008254999993368983,weak_2x2_bal_strong_100_250,weak_null,True,1407,1907505461,-4.440892098500626e-16,0,0
100,250,0.02150644794108436,0.039351757756193095,0.016333494244918256,0.03722640832732793,-0.017845309815108734,-0.020892914082409675,0.02899289080761324,-0.6155063989142723,-0.720621969745887,0.5382203447569042,0.471142132975517,0.709,0.555,0.484,True,999,0.00011741602793335915,0.0008346670074388385,weak_2x2_bal_strong_100_250,weak_null,True,1408,1907505461,-4.440892098500626e-16,0,0
100,250,0.05326063896886857,0.05149394612164665,0.04804694007323462,0.049365849904091874,0.0017666928472219179,-0.0013189098308572511,0.0393769542950512,0.04486616293337729,-0.03349446026157002,0.9642139877391271,0.9732802834258216,0.974,0.959,0.985,True,999,0.00011679204180836678,0.0008348750416189432,weak_2x2_bal_strong_100_250,weak_null,True,1409,1907505461,-4.440892098500626e-16,0,0
100,250,0.11181266977316817,0.046863243701408264,0.10653075019453695,0.04475500178614311,0.06494942607175991,0.06177574840839384,0.049164168867154426,1.3210723900826744,1.256519734429294,0.18647722809491984,0.20892759554899498,0.274,0.196,0.217,True,999,0.00011658307630568743,0.0008979160338640213,weak_2x2_bal_strong_100_250,weak_null,True,1410,1907505461,-4.440892098500626e-16,0,0
100,250,0.04106131032185378,0.01834463653723095,0.035877582907573924,0.016243081926745617,0.02271667378462283,0.019634500980828307,0.03102490447344735,0.7322076947590568,0.6328625765030956,0.4640418084597724,0.5268233882275402,0.598,0.463,0.544,True,999,0.00012270803563296795,0.0008129581110551953,weak_2x2_bal_strong_100_250,weak_null,True,1411,1907505461,-4.440892098500626e-16,0,0
100,250,0.07457264285283094,0.05896347219608078,0.06936812884669052,0.05681991733894165,0.01560917065675016,0.012548211507748874,0.045017301134871165,0.3467371491237406,0.2787419767825401,0.7287887986308152,0.7804428458865982,0.803,0.753,0.803,True,999,0.00011041597463190556,0.000819082953967154,weak_2x2_bal_strong_100_250,weak_null,True,1412,1907505461,-4.440892098500626e-16,0,0
100,250,0.06458767724011083,0.04861055942411163,0.059390449977797743,0.0464811218240726,0.015977117815999198,0.012909328153725141,0.0415505537584097,0.38452237986757226,0.3106896776583232,0.7005913117720757,0.7560365452151494,0.793,0.741,0.779,True,999,0.00011179200373589993,0.0008385840337723494,weak_2x2_bal_strong_100_250,weak_null,True,1413,1907505461,-4.440892098500626e-16,0,0
100,250,0.044843789224037756,0.023922753695701238,0.0396415672910706,0.021655197221953415,0.020921035528336518,0.017986370069117186,0.033894771245335006,0.6172348937512276,0.530653236716937,0.5370798032260313,0.5956590970471987,0.704,0.557,0.634,True,999,0.00010924995876848698,0.0008412910392507911,weak_2x2_bal_strong_100_250,weak_null,True,1414,1907505461,-4.440892098500626e-16,0,0
100,250,0.04516710103441712,0.10889655729885273,0.039984297889105846,0.10676759619670406,-0.0637294562644356,-0.06678329830759822,0.043674431175593206,-1.4591937330153448,-1.5291166137710124,0.14451179321811417,0.1262355374227417,0.275,0.146,0.13,True,999,0.00011079106479883194,0.0008439579978585243,weak_2x2_bal_strong_100_250,weak_null,True,1415,1907505461,-4.440892098500626e-16,0,0
100,250,0.044902570079585646,0.056408221983921536,0.039715261814606606,0.05425705829696881,-0.01150565190433589,-0.014541796482362201,0.038309915899032855,-0.30033091000928963,-0.37958309594538453,0.7639247580639261,0.7042549107721404,0.851,0.777,0.701,True,999,0.00011795805767178535,0.000846708077006042,weak_2x2_bal_strong_100_250,weak_null,True,1416,1907505461,-4.440892098500626e-16,0,0
100,250,0.06607918563312642,0.08388145345921472,0.060881532323605825,0.08173664649487478,-0.01780226782608829,-0.02085511417126895,0.04600820694342513,-0.3869367882121377,-0.4532911747009363,0.6988030053308203,0.6503390868775195,0.76,0.68,0.651,True,999,0.00011120806448161602,0.0008485839935019612,weak_2x2_bal_strong_100_250,weak_null,True,1417,1907505461,-4.440892098500626e-16,0,0
100,250,0.04675984915959008,0.08488595693958273,0.04157349155005363,0.08277611774724392,-0.038126107779992646,-0.041202626197190284,0.04124528819983767,-0.9243748666579252,-0.9989656514838571,0.35529117568609336,0.31781133086145796,0.498,0.355,0.331,True,999,0.00011141702998429537,0.0008496670052409172,weak_2x2_bal_strong_100_250,weak_null,True,1418,1907505461,-4.440892098500626e-16,0,0
100,250,0.033711571632115134,0.05383258786475448,0.028536268927354058,0.05173549301582625,-0.020121016232639344,-0.023199224088472192,0.034528097310635934,-0.582743267073721,-0.6718940774453266,0.5600661417812399,0.5016511310687781,0.707,0.578,0.539,True,999,0.00011495803482830524,0.0008778329938650131,weak_2x2_bal_strong_100_250,weak_null,True,1419,1907505461,-4.440892098500626e-16,0,0
100,250,0.11663591588176014,0.05620044373813182,0.11132462057858561,0.054077156690269135,0.06043547214362832,0.057247463888316474,0.050756097080710785,1.1907036911747901,1.127893340523865,0.23376992835807409,0.25936496666804076,0.329,0.235,0.259,True,999,0.00011162494774907827,0.0008495409274473786,weak_2x2_bal_strong_100_250,weak_null,True,1420,1907505461,-4.440892098500626e-16,0,0
100,250,0.02716617125211762,0.0659434725752509,0.021992970881825613,0.06380468339406775,-0.038777301323133284,-0.04181171251224214,0.03528962803934439,-1.098829981429685,-1.184815903007713,0.27184223215258985,0.23609024341442375,0.475,0.271,0.248,True,999,0.00011112494394183159,0.0008560830028727651,weak_2x2_bal_strong_100_250,weak_null,True,1421,1907505461,-4.440892098500626e-16,0,0
100,250,0.05131293593563868,0.05902665878259433,0.04612276262523096,0.056896770412237174,-0.007713722846955651,-0.010774007787006212,0.040021785683955945,-0.1927380978917178,-0.2692035750749954,0.8471640850198597,0.7877730292831635,0.883,0.847,0.785,True,999,0.000111832981929183,0.0008688750676810741,weak_2x2_bal_strong_100_250,weak_null,True,1422,1907505461,-4.440892098500626e-16,0,0
100,250,0.11949463416009998,0.07917427574795005,0.1142474708399277,0.07705151781331665,0.040320358412149926,0.03719595302661105,0.05362587794136478,0.7518824858445529,0.6936194698254,0.45212173150703183,0.4879208804245849,0.542,0.472,0.507,True,999,0.00012095808051526546,0.0008249999955296516,weak_2x2_bal_strong_100_250,weak_null,True,1423,1907505461,-4.440892098500626e-16,0,0
100,250,0.016295333623773334,0.05383258786475448,0.011131518131350049,0.05173549301582625,-0.037537254240981144,-0.0406039748844762,0.029343958247030424,-1.2792157733110145,-1.3837252133012858,0.2008210828526661,0.16644261021119078,0.419,0.176,0.144,True,999,0.00011483300477266312,0.0007991660386323929,weak_2x2_bal_strong_100_250,weak_null,True,1424,1907505461,-4.440892098500626e-16,0,0
100,250,0.029083053995837327,0.06501301757684225,0.023911484371978986,0.06288980406172584,-0.03592996358100492,-0.038978319689746854,0.03532829882106379,-1.0170306745589006,-1.103317198690213,0.3091388372845859,0.269889440342854,0.534,0.335,0.285,True,999,0.000110041000880301,0.0008017499931156635,weak_2x2_bal_strong_100_250,weak_null,True,1425,1907505461,-4.440892098500626e-16,0,0
100,250,0.02449100150881167,0.02546413573129863,0.019321222187500098,0.02334364509322029,-0.0009731342224869599,-0.004022422905720191,0.02722823684741525,-0.035739891199724844,-0.14772983385819327,0.9714897622798037,0.8825559859481721,0.974,0.967,0.877,True,999,0.00011745898518711329,0.0008273749845102429,weak_2x2_bal_strong_100_250,weak_null,True,1426,1907505461,-4.440892098500626e-16,0,0
100,250,0.04550937731471627,0.034174047713062705,0.040325315708599874,0.0320559038938768,0.011335329601653565,0.008269411814723071,0.03501216083918644,0.32375407087033586,0.23618684527085082,0.746124230975564,0.8132876867474967,0.828,0.768,0.826,True,999,0.0001164580462500453,0.0008345840033143759,weak_2x2_bal_strong_100_250,weak_null,True,1427,1907505461,-4.440892098500626e-16,0,0
100,250,0.058386195386126105,0.0777971178109354,0.053194310284879975,0.07567970980154826,-0.019410922424809296,-0.02248539951666828,0.04353134030585029,-0.445906840644661,-0.5165335907115731,0.6556645407247381,0.6054817844156906,0.753,0.692,0.639,True,999,0.0001230830093845725,0.0008472080808132887,weak_2x2_bal_strong_100_250,weak_null,True,1428,1907505461,-4.440892098500626e-16,0,0
100,250,0.054506802839583535,0.02209073011877699,0.049300034589649044,0.019930162038761523,0.032416072720806544,0.02936987255088752,0.035565341621987476,0.9114511837211211,0.8258003778805334,0.3620576955730319,0.408917339712219,0.506,0.379,0.424,True,999,0.00011675001587718725,0.0008413330651819706,weak_2x2_bal_strong_100_250,weak_null,True,1429,1907505461,-4.440892098500626e-16,0,0
100,250,0.10133752297070897,0.05160098434999405,0.09610922447077996,0.0494542415817989,0.04973653862071492,0.04665498288898107,0.048882087695622314,1.0174798369990472,0.9544392453016957,0.3089252193377504,0.3398613487576908,0.443,0.331,0.363,True,999,0.00012033293023705482,0.0008504170691594481,weak_2x2_bal_strong_100_250,weak_null,True,1430,1907505461,-4.440892098500626e-16,0,0
100,250,0.044902570079585646,0.06469116164066813,0.039715261814606606,0.06256977849552925,-0.01978859156108248,-0.022854516680922643,0.03922174578119243,-0.5045311259595049,-0.5827001380413265,0.6138881950845857,0.5600951802869326,0.729,0.65,0.574,True,999,0.00011899997480213642,0.000843374989926815,weak_2x2_bal_strong_100_250,weak_null,True,1431,1907505461,-4.440892098500626e-16,0,0
100,250,0.03505830987020098,0.042342240902402406,0.029880180440130744,0.04024855528085425,-0.0072839310322014295,-0.010368374840723504,0.03313742626711523,-0.21980979975592807,-0.3128901670620336,0.8260192871818332,0.7543641083237296,0.887,0.827,0.757,True,999,0.00011512497439980507,0.0008460839744657278,weak_2x2_bal_strong_100_250,weak_null,True,1432,1907505461,-4.440892098500626e-16,0,0
100,250,0.03909782630882219,0.05376340802817403,0.03391838522981061,0.05164653936000718,-0.014665581719351839,-0.01772815413019657,0.036002690180842595,-0.40734683007536887,-0.4924119292516065,0.6837532723696251,0.6224281678307775,0.78,0.682,0.627,True,999,0.00011945795267820358,0.0008536250097677112,weak_2x2_bal_strong_100_250,weak_null,True,1433,1907505461,-4.440892098500626e-16,0,0
100,250,0.0731105066220934,0.011617753242471912,0.06789942459688803,0.009398607575207052,0.061492753379621484,0.05850081702168097,0.0386503755183775,1.5910001534236808,1.5135898742785816,0.11160954124003727,0.13012989087392518,0.301,0.118,0.135,True,999,0.00011654198169708252,0.0008702080231159925,weak_2x2_bal_strong_100_250,weak_null,True,1434,1907505461,-4.440892098500626e-16,0,0
100,250,0.049884488247439074,0.05830893666795045,0.044696008551284194,0.05620723481729328,-0.008424448420511377,-0.01151122626600909,0.039254165108682695,-0.21461285438594027,-0.29324853131223266,0.8300691711016656,0.7693321911135356,0.92,0.86,0.79,True,999,0.00011533405631780624,0.0008511670166626573,weak_2x2_bal_strong_100_250,weak_null,True,1435,1907505461,-4.440892098500626e-16,0,0
100,250,0.08324216141137719,0.024016864251236725,0.07802926120876919,0.02189840120470876,0.059225297160140467,0.05613086000406042,0.04204246479014521,1.408701831725692,1.3350991737577087,0.15892335307427952,0.18184388986427824,0.237,0.156,0.195,True,999,0.0001153330085799098,0.0009082079632207751,weak_2x2_bal_strong_100_250,weak_null,True,1436,1907505461,-4.440892098500626e-16,0,0
100,250,0.015003240095617265,0.03966916030556733,0.009834652418987844,0.03755141962868436,-0.024665920209950065,-0.027716767209696513,0.026541303080555217,-0.9293409647253114,-1.0442881091999763,0.3527124118798368,0.29635211261192496,0.546,0.328,0.272,True,999,0.00011454196646809578,0.000815416919067502,weak_2x2_bal_strong_100_250,weak_null,True,1437,1907505461,-4.440892098500626e-16,0,0
100,250,0.028899737350249977,0.023842450081176747,0.023727442927850007,0.02174777704485109,0.0050572872690732296,0.0019796658829989155,0.028173713815969056,0.17950374956271203,0.07026641556488117,0.8575421734230032,0.9439816129090054,0.917,0.868,0.951,True,999,0.00011054100468754768,0.00080241693649441,weak_2x2_bal_strong_100_250,weak_null,True,1438,1907505461,-4.440892098500626e-16,0,0
100,250,0.04516710103441712,0.08422275324491058,0.039984297889105846,0.08204768790911032,-0.03905565221049345,-0.042063390020004476,0.04206226838586086,-0.9285198756332868,-1.0000266660402937,0.35313796271002296,0.3172976032327942,0.495,0.332,0.314,True,999,0.00011104089207947254,0.0007997089996933937,weak_2x2_bal_strong_100_250,weak_null,True,1439,1907505461,-4.440892098500626e-16,0,0
100,250,0.08368073881203542,0.05838069835866139,0.07846208068889382,0.05622728542174116,0.02530004045337403,0.022234795267152663,0.04649519701111593,0.5441430960562522,0.47821703523133446,0.5863430062039539,0.6324957389679196,0.658,0.599,0.636,True,999,0.00010887498501688242,0.0008049999596551061,weak_2x2_bal_strong_100_250,weak_null,True,1440,1907505461,-4.440892098500626e-16,0,0
100,250,0.047922579355639705,0.03562959962692097,0.04271055499373233,0.03352381951576433,0.012292979728718734,0.009186735477968,0.03555260729410958,0.3457687259622013,0.25839836167205876,0.7295165301637121,0.7960994808737536,0.817,0.75,0.797,True,999,0.00011491600889712572,0.0008103749714791775,weak_2x2_bal_strong_100_250,weak_null,True,1441,1907505461,-4.440892098500626e-16,0,0
100,250,0.01560381534759514,0.03198201546551033,0.010436110789427744,0.02984415993510936,-0.016378200117915187,-0.019408049145681616,0.025430817202843556,-0.6440296427471411,-0.7631704868497697,0.5195562121254983,0.4453617273858763,0.716,0.505,0.423,True,999,0.0001164580462500453,0.0008217499125748873,weak_2x2_bal_strong_100_250,weak_null,True,1442,1907505461,-4.440892098500626e-16,0,0
100,250,0.03399183196071365,0.07873061924765495,0.028815487930302197,0.07662988223236766,-0.044738787286941306,-0.047814394302065466,0.0378013245225646,-1.1835243302185232,-1.264886744207172,0.2366014098352347,0.20591192984353246,0.389,0.232,0.199,True,999,0.00011587503831833601,0.0008272919803857803,weak_2x2_bal_strong_100_250,weak_null,True,1443,1907505461,-4.440892098500626e-16,0,0
100,250,0.0679049242017109,0.0505885517929931,0.06270023609739894,0.04848575579393355,0.017316372408717806,0.014214480303465393,0.04214365737001621,0.4108891702654601,0.33728634842163735,0.6811538038141953,0.7359010497816432,0.749,0.682,0.737,True,999,0.00011512497439980507,0.0008292089914903045,weak_2x2_bal_strong_100_250,weak_null,True,1444,1907505461,-4.440892098500626e-16,0,0
100,250,0.06662067251684944,0.0745581317066139,0.06141558098038047,0.07247553588692313,-0.007937459189764462,-0.011059954906542657,0.04392300830285651,-0.18071301344011662,-0.2518032196310966,0.8565928437183239,0.8011931685871293,0.897,0.867,0.796,True,999,0.00011274998541921377,0.0008703329367563128,weak_2x2_bal_strong_100_250,weak_null,True,1445,1907505461,-4.440892098500626e-16,0,0
100,250,0.024947627515162663,0.06551937043629086,0.01977607778650281,0.06343150480550719,-0.040571742921128195,-0.04365542701900438,0.03343900108621407,-1.2133060678614216,-1.3055242561358165,0.22501282385687338,0.19171439315397965,0.418,0.255,0.221,True,999,0.00011145800817757845,0.0008602499729022384,weak_2x2_bal_strong_100_250,weak_null,True,1446,1907505461,-4.440892098500626e-16,0,0
100,250,0.07127035302181894,0.04911501588825273,0.06606490447397562,0.047003394550202415,0.02215533713356621,0.0190615099237732,0.04286450153980545,0.5168691186806874,0.4446922100813893,0.6052475262411059,0.6565421996153016,0.687,0.619,0.669,True,999,0.00011849997099488974,0.0008158340351656079,weak_2x2_bal_strong_100_250,weak_null,True,1447,1907505461,-4.440892098500626e-16,0,0
100,250,0.023770755349350803,0.056008167373229556,0.018600276937249305,0.05390895696471887,-0.03223741202387875,-0.03530868002746956,0.03208538262477596,-1.0047382760206012,-1.1004599957678114,0.31502289222681557,0.27113175043873217,0.52,0.31,0.276,True,999,0.00011316710151731968,0.0008018329972401261,weak_2x2_bal_strong_100_250,weak_null,True,1448,1907505461,-4.440892098500626e-16,0,0
100,250,0.08608711452500717,0.03187117960517938,0.08087031998830696,0.029721185559068886,0.05421593491982779,0.051149134429238075,0.043983778534372124,1.232634774146553,1.1629090572395098,0.21771205693386664,0.24486640226675538,0.355,0.219,0.247,True,999,0.00011266604997217655,0.0007981669623404741,weak_2x2_bal_strong_100_250,weak_null,True,1449,1907505461,-4.440892098500626e-16,0,0
100,250,0.12528621459743738,0.0587908276150757,0.1200352042215087,0.056687194491601645,0.06649538698236168,0.06334800972990706,0.052829595227685655,1.258676821122309,1.1991007967577456,0.20814708685177685,0.23048875433938676,0.334,0.24,0.262,True,999,0.00010912504512816668,0.0008187920320779085,weak_2x2_bal_strong_100_250,weak_null,True,1450,1907505461,-4.440892098500626e-16,0,0
100,250,0.055965196865410904,0.08805446916506665,0.05077234825118637,0.0859154164600966,-0.03208927229965575,-0.03514306820891022,0.04435504992092589,-0.7234637849999719,-0.7923126740148335,0.4693949957979322,0.4281783834712102,0.595,0.489,0.454,True,999,0.00011733290739357471,0.0008135420503094792,weak_2x2_bal_strong_100_250,weak_null,True,1451,1907505461,-4.440892098500626e-16,0,0
100,250,0.07311825234403402,0.021854848054839837,0.06788515033134956,0.019721016277870262,0.05126340428919418,0.0481641340534793,0.03954416703582458,1.2963581769911274,1.2179832744952135,0.19485211392598678,0.223230328696556,0.325,0.22,0.24,True,999,0.00011962500866502523,0.0008399169892072678,weak_2x2_bal_strong_100_250,weak_null,True,1452,1907505461,-4.440892098500626e-16,0,0
100,250,0.07844610104900795,0.059978887472278086,0.0732354253881482,0.057890403511350996,0.01846721357672987,0.015345021876797205,0.04510893235566952,0.4093915021335861,0.3401770131868032,0.6822523749211191,0.7337232278540464,0.769,0.705,0.747,True,999,0.00011712498962879181,0.0008506670128554106,weak_2x2_bal_strong_100_250,weak_null,True,1453,1907505461,-4.440892098500626e-16,0,0
100,250,0.024908305558752786,0.12238471175906107,0.019733330573686203,0.12027061182757848,-0.09747640620030829,-0.10053728125389227,0.040168999379606884,-2.4266575644350104,-2.5028574972403552,0.015238631611076702,0.012319513605222035,0.098,0.02,0.019,True,999,0.00013354199472814798,0.0008302499772980809,weak_2x2_bal_strong_100_250,weak_null,True,1454,1907505461,-4.440892098500626e-16,0,0
100,250,0.07078772604321837,0.058428775088403995,0.06558415920513028,0.05632659932054196,0.012358950954814374,0.009257559884588318,0.04371487942376548,0.2827172605237809,0.2117713695340875,0.7773935838430694,0.8322854057214364,0.848,0.769,0.841,True,999,0.0001093338942155242,0.0008025419665500522,weak_2x2_bal_strong_100_250,weak_null,True,1455,1907505461,-4.440892098500626e-16,0,0
100,250,0.02211871678151256,0.12196988560943628,0.016941380803444872,0.11985775475370986,-0.09985116882792372,-0.10291637395026498,0.039464580371077196,-2.530146472838278,-2.6078162489646117,0.01140149187710337,0.009112185466470631,0.075,0.014,0.014,True,999,0.00010875007137656212,0.0008297089952975512,weak_2x2_bal_strong_100_250,weak_null,True,1456,1907505461,-4.440892098500626e-16,0,0
100,250,0.06550632137795342,0.012970083632193152,0.06028858434295614,0.010733278833292559,0.05253623774576027,0.04955530550966358,0.03674472236943577,1.4297628164816365,1.3486373637941445,0.15278510444692456,0.1774534732680797,0.3,0.169,0.202,True,999,0.00010816601570695639,0.0008427499560639262,weak_2x2_bal_strong_100_250,weak_null,True,1457,1907505461,-4.440892098500626e-16,0,0
100,250,0.03592806366251622,0.05177371400675734,0.030746628893410843,0.0496256048423902,-0.015845650344241125,-0.01887897594897936,0.035629499935121274,-0.4447340089839852,-0.529869237102867,0.6565119889850388,0.5962025964823897,0.759,0.628,0.584,True,999,0.00011662498582154512,0.0008085829904302955,weak_2x2_bal_strong_100_250,weak_null,True,1458,1907505461,-4.440892098500626e-16,0,0
100,250,0.024908305558752786,0.05798589300258533,0.019733330573686203,0.05585169318725036,-0.033077587443832546,-0.03611836261356416,0.03311767274391271,-0.9987896099949375,-1.0906069062537915,0.3178966202535285,0.2754458893530346,0.525,0.331,0.289,True,999,0.0001128750154748559,0.000800000037997961,weak_2x2_bal_strong_100_250,weak_null,True,1459,1907505461,-4.440892098500626e-16,0,0
100,250,0.021050379165941546,0.10528894800417865,0.015880697229448515,0.10313367277932173,-0.0842385688382371,-0.08725297554987321,0.03860490028891464,-2.182069328189047,-2.260152853572525,0.029104416474520618,0.023811765792122554,0.14,0.04,0.038,True,999,0.0001105000264942646,0.0008093330543488264,weak_2x2_bal_strong_100_250,weak_null,True,1460,1907505461,-4.440892098500626e-16,0,0
100,250,0.06585444604867363,0.04101028930968531,0.06065763719982442,0.03889811381617392,0.02484415673898832,0.021759523383650503,0.0407220518823419,0.6100909848740055,0.5343425092262105,0.5418015381867167,0.5931045867638911,0.623,0.528,0.586,True,999,0.00011712498962879181,0.000809708028100431,weak_2x2_bal_strong_100_250,weak_null,True,1461,1907505461,-4.440892098500626e-16,0,0
100,250,0.03339837382168831,0.03565919145972141,0.02821908310569654,0.033563189375200864,-0.002260817638033097,-0.005344106269504323,0.03166069608867084,-0.07140770473590713,-0.16879307563350154,0.9430732777729783,0.8659594050204855,0.963,0.947,0.865,True,999,0.00011591706424951553,0.0008718749741092324,weak_2x2_bal_strong_100_250,weak_null,True,1462,1907505461,-4.440892098500626e-16,0,0
100,250,0.019538370542090844,0.04297293301874816,0.014371654805501066,0.04085806636005884,-0.023434562476657317,-0.026486411554557776,0.028905219699304246,-0.810738085385367,-0.9163193302140965,0.4175160969957459,0.35949943229594294,0.634,0.398,0.353,True,999,0.00011766701936721802,0.0008043750422075391,weak_2x2_bal_strong_100_250,weak_null,True,1463,1907505461,-4.440892098500626e-16,0,0
100,250,0.03979716486732965,0.029211216952737984,0.03461814323193835,0.027063812061854264,0.010585947914591665,0.007554331170084083,0.03291878108819332,0.3215777609210576,0.22948392742262033,0.7477725938246857,0.8184928113956961,0.812,0.722,0.793,True,999,0.00010954099707305431,0.0008000839734449983,weak_2x2_bal_strong_100_250,weak_null,True,1464,1907505461,-4.440892098500626e-16,0,0
100,250,0.03797954241746082,0.02419663433273539,0.03279393471292735,0.022050257972097143,0.013782908084725431,0.01074367674083021,0.031397561807794454,0.4389802039120063,0.342181880446624,0.6606758804011134,0.7322140204034289,0.778,0.647,0.731,True,999,0.00011445896234363317,0.0008277089800685644,weak_2x2_bal_strong_100_250,weak_null,True,1465,1907505461,-4.440892098500626e-16,0,0
100,250,0.0464200989716681,0.038266249944047925,0.041222677071274916,0.0361494351706142,0.008153849027620175,0.005073241900660719,0.035694553471644734,0.22843398318730843,0.1421293000538817,0.8193088729895159,0.8869778750067301,0.855,0.816,0.895,True,999,0.00011095800437033176,0.0008205410558730364,weak_2x2_bal_strong_100_250,weak_null,True,1466,1907505461,-4.440892098500626e-16,0,0
100,250,0.05691957770147782,0.09109658421067984,0.05171378069746879,0.08897970598988536,-0.034177006509202024,-0.03726592529241657,0.044356860731025856,-0.7705010216220413,-0.840138925033316,0.44100274924793104,0.400830497519424,0.57,0.459,0.418,True,999,0.00010983401443809271,0.0008382919477298856,weak_2x2_bal_strong_100_250,weak_null,True,1467,1907505461,-4.440892098500626e-16,0,0
100,250,0.049884488247439074,0.02678934024213725,0.044696008551312616,0.02466740137711554,0.023095148005301824,0.020028607174197077,0.03506199001988185,0.6586947287420296,0.5712341815977897,0.5100918186096077,0.5678409106992557,0.604,0.499,0.563,True,999,0.00013433408457785845,0.0008155839750543237,weak_2x2_bal_strong_100_250,weak_null,True,1468,1907505461,-4.440892098500626e-16,0,0
100,250,0.02068119970219151,0.02011575201084731,0.015507347313203468,0.017961871801816187,0.0005654476913442008,-0.0024545244886127193,0.024963616225058008,0.02265087262383945,-0.09832407558600881,0.9819287637354671,0.921674961253233,0.991,0.988,0.927,True,999,0.00011758296750485897,0.0007999580120667815,weak_2x2_bal_strong_100_250,weak_null,True,1469,1907505461,-4.440892098500626e-16,0,0
100,250,0.014499335415388726,0.0688799967613733,0.00933293486987452,0.0667584915186552,-0.05438066134598457,-0.057425556648780685,0.03111332477862457,-1.7478254649064409,-1.845690136215629,0.08049425440225917,0.06493721024494357,0.222,0.08,0.071,True,999,0.00011066603474318981,0.0008001669775694609,weak_2x2_bal_strong_100_250,weak_null,True,1470,1907505461,-4.440892098500626e-16,0,0
100,250,0.056971381623922235,0.049687013355622756,0.05177894383153614,0.04755077597106094,0.007284368268299479,0.004228167860475196,0.04004402700612753,0.18190898400864694,0.10558797844752732,0.8556541539151789,0.9159092632373754,0.903,0.859,0.918,True,999,0.00010891701094806194,0.0008280411129817367,weak_2x2_bal_strong_100_250,weak_null,True,1471,1907505461,-4.440892098500626e-16,0,0
100,250,0.06627772298751888,0.07234863072307857,0.061081049906505314,0.07023791474261998,-0.006070907735559683,-0.009156864836114664,0.04438293916508012,-0.13678471614913212,-0.20631497166188487,0.8912009648295649,0.8365448844096736,0.92,0.876,0.839,True,999,0.00012145901564508677,0.0008228329243138433,weak_2x2_bal_strong_100_250,weak_null,True,1472,1907505461,-4.440892098500626e-16,0,0
100,250,0.06617185638282819,0.08904082559229165,0.06097514953060568,0.08692257093039757,-0.022868969209463463,-0.025947421399791892,0.045959658301068226,-0.4975878858727704,-0.5645695020145266,0.6187745439220333,0.5723666141349838,0.738,0.599,0.559,True,999,0.00011604093015193939,0.0008347079856321216,weak_2x2_bal_strong_100_250,weak_null,True,1473,1907505461,-4.440892098500626e-16,0,0
100,250,0.12688218106657412,0.03990951736966336,0.12163132405912336,0.03778113383299342,0.08697266369691076,0.08385019022612994,0.05139706385860392,1.6921718317641106,1.6314198503012995,0.09061321562647504,0.10280175918387817,0.136,0.112,0.122,True,999,0.00011841696687042713,0.0008442500839009881,weak_2x2_bal_strong_100_250,weak_null,True,1474,1907505461,-4.440892098500626e-16,0,0
100,250,0.05075125708135153,0.03464850473943437,0.045563182125860635,0.03254200638205873,0.01610275234191716,0.013021175743801905,0.036292509728237395,0.4436935462026868,0.35878410838230834,0.6572641621321205,0.7197566019137972,0.744,0.641,0.717,True,999,0.00011674989946186543,0.0008402910316362977,weak_2x2_bal_strong_100_250,weak_null,True,1475,1907505461,-4.440892098500626e-16,0,0
100,250,0.05661681921289363,0.05115393648868971,0.051410905104106064,0.049039975726344665,0.005462882724203921,0.0023709293777613993,0.03993413797264246,0.13679731181242372,0.059370991791174846,0.891191008531442,0.9526566174866622,0.928,0.909,0.96,True,999,0.00011712498962879181,0.0008413329487666488,weak_2x2_bal_strong_100_250,weak_null,True,1476,1907505461,-4.440892098500626e-16,0,0
100,250,0.08183549183411454,0.03240708782803431,0.07661640876138165,0.0303140411676992,0.04942840400608023,0.04630236759368245,0.04264893311978352,1.1589599174088583,1.0856629745845672,0.24647252369569828,0.277628127252451,0.332,0.264,0.299,True,999,0.00011749996338039637,0.0008420830126851797,weak_2x2_bal_strong_100_250,weak_null,True,1477,1907505461,-4.440892098500626e-16,0,0
100,250,0.05596519686541068,0.039351757756193095,0.05077234825118637,0.03722640832732793,0.016613439109217587,0.013545939923858441,0.0384734646931198,0.4318155186108977,0.3520852627104535,0.6658754996617208,0.7247743203204775,0.752,0.665,0.737,True,999,0.00011691602412611246,0.0008744579972699285,weak_2x2_bal_strong_100_250,weak_null,True,1478,1907505461,-4.440892098500626e-16,0,0
100,250,0.04782039371995339,0.027159467593954767,0.042630018693500915,0.02501801662025116,0.020660926125998624,0.017612002073249755,0.034661450578567614,0.5960779419535891,0.508114974395788,0.5511231591753255,0.6113727143328623,0.722,0.583,0.654,True,999,0.00011575000826269388,0.0007987910648807883,weak_2x2_bal_strong_100_250,weak_null,True,1479,1907505461,-4.440892098500626e-16,0,0
100,250,0.06833399126600037,0.05840357733225465,0.06312943401744064,0.056277495610260075,0.009930413933745719,0.006851938407180569,0.04347071408673097,0.22843917203506175,0.15762194275230595,0.8193048395129641,0.8747547119018906,0.862,0.83,0.854,True,999,0.00010879198089241982,0.0008465420687571168,weak_2x2_bal_strong_100_250,weak_null,True,1480,1907505461,-4.440892098500626e-16,0,0
100,250,0.0465733363308064,0.05562788495762194,0.0413868864686151,0.05350774995324059,-0.00905454862681554,-0.012120863484625488,0.03842025353254691,-0.23567123572324084,-0.31548109057524965,0.8136877918101241,0.7523964061128925,0.89,0.817,0.758,True,999,0.00011316698510199785,0.0007981669623404741,weak_2x2_bal_strong_100_250,weak_null,True,1481,1907505461,-4.440892098500626e-16,0,0
100,250,0.10918594307980223,0.022364085084928598,0.10395432219971212,0.020223369294882332,0.08682185799487363,0.08373095290482979,0.04661850574143007,1.8623904094316492,1.7960883038432038,0.06254808000131161,0.07248047429809523,0.108,0.061,0.07,True,999,0.00010979210492223501,0.0008002499816939235,weak_2x2_bal_strong_100_250,weak_null,True,1482,1907505461,-4.440892098500626e-16,0,0
100,250,0.009738168306912098,0.03916805723404815,0.0045780020720371795,0.03705813004468439,-0.02942988892713605,-0.03248012797264721,0.02448677688708405,-1.2018686274165926,-1.326435411341514,0.22941443114797533,0.18469551584855237,0.536,0.244,0.212,True,999,0.00010862504132091999,0.000805750023573637,weak_2x2_bal_strong_100_250,weak_null,True,1483,1907505461,-4.440892098500626e-16,0,0
100,250,0.09279658593322038,0.09653455576737013,0.08757360426592697,0.09442975810448218,-0.003737969834149757,-0.006856153838555201,0.05101096087220486,-0.07327777736856007,-0.13440550268660045,0.9415850752409036,0.893081930602822,0.942,0.938,0.903,True,999,0.00012037495616823435,0.0008122080471366644,weak_2x2_bal_strong_100_250,weak_null,True,1484,1907505461,-4.440892098500626e-16,0,0
100,250,0.06821230451256755,0.1015449609349156,0.06299084482080275,0.09942824929377991,-0.03333265642234806,-0.036437404472977164,0.047272193400559284,-0.7051218491155035,-0.7707999534573335,0.48073441050640986,0.4408255148514041,0.588,0.488,0.443,True,999,0.00011633289977908134,0.000837208004668355,weak_2x2_bal_strong_100_250,weak_null,True,1485,1907505461,-4.440892098500626e-16,0,0
100,250,0.02797587320180761,0.08464749644500208,0.022802804366975238,0.08252955614304369,-0.05667162324319447,-0.059726751776068454,0.03737274141094695,-1.516389247982612,-1.5981367574649936,0.12942095620343974,0.11001254473586475,0.297,0.163,0.153,True,999,0.00011399993672966957,0.0008272919803857803,weak_2x2_bal_strong_100_250,weak_null,True,1486,1907505461,-4.440892098500626e-16,0,0
100,250,0.037708628753393314,0.05278929435808588,0.03252831478010876,0.05069040649958367,-0.015080665604692567,-0.018162091719474915,0.035406522305288755,-0.42592902727529197,-0.5129589278177146,0.6701595627437457,0.60798005137838,0.766,0.682,0.628,True,999,0.00011429097503423691,0.0008426250424236059,weak_2x2_bal_strong_100_250,weak_null,True,1487,1907505461,-4.440892098500626e-16,0,0
100,250,0.07556761288570846,0.05190985423678829,0.0703592093314569,0.0497321565684814,0.02365775864892017,0.020627052762975495,0.04466013973289684,0.5297287198475504,0.46186717924175064,0.5963000324541942,0.6441765716724988,0.693,0.603,0.652,True,999,0.00011058303061872721,0.0009093750268220901,weak_2x2_bal_strong_100_250,weak_null,True,1488,1907505461,-4.440892098500626e-16,0,0
100,250,0.06675800233781137,0.07751022070814978,0.06155777012068597,0.07538259146130599,-0.010752218370338407,-0.01382482134062002,0.04501840851236053,-0.23884048160845606,-0.30709262715993596,0.8112292786772934,0.7587728694272222,0.868,0.847,0.796,True,999,0.00012575008440762758,0.0008250829996541142,weak_2x2_bal_strong_100_250,weak_null,True,1489,1907505461,-4.440892098500626e-16,0,0
100,250,0.09032867239504194,0.03278110380516419,0.0851127721272178,0.030677295888040135,0.05754756858987775,0.05443547623917766,0.04441571631430186,1.2956577843448498,1.225590416103442,0.19509341162078075,0.22035284619870943,0.286,0.221,0.25,True,999,0.00011045800056308508,0.0008029580349102616,weak_2x2_bal_strong_100_250,weak_null,True,1490,1907505461,-4.440892098500626e-16,0,0
100,250,0.09208111072952418,0.04363261793600362,0.08685799581469666,0.04145155565088032,0.048448492793520564,0.04540644016381634,0.046687510518843796,1.0377184873450471,0.9725607482431432,0.2994011353906345,0.3307716589257206,0.453,0.34,0.373,True,999,0.00010929093696177006,0.0008175839902833104,weak_2x2_bal_strong_100_250,weak_null,True,1491,1907505461,-4.440892098500626e-16,0,0
100,250,0.16617456253921992,0.08805446916506665,0.16088543509155784,0.0859154164600966,0.07812009337415327,0.07497001863146124,0.060453234475357505,1.292240093555247,1.2401324640788443,0.19627401088727958,0.21492640307981903,0.261,0.221,0.231,True,999,0.00011058291420340538,0.0008305420633405447,weak_2x2_bal_strong_100_250,weak_null,True,1492,1907505461,-4.440892098500626e-16,0,0
100,250,0.05142768388279051,0.046020423873812166,0.0462399154987736,0.043897406915007764,0.005407260008978343,0.0023425085837658344,0.03824213562773118,0.1413953462645345,0.061254648709188994,0.8875576304798461,0.951156408026427,0.926,0.904,0.962,True,999,0.000112667097710073,0.0008292499696835876,weak_2x2_bal_strong_100_250,weak_null,True,1493,1907505461,-4.440892098500626e-16,0,0
100,250,0.012696250330946235,0.0377028359590158,0.007526769322723226,0.03559373670610455,-0.025006585628069566,-0.028066967383381325,0.025289373013926596,-0.9888179360674026,-1.1098324726328777,0.32275222712322504,0.26707122347479073,0.514,0.325,0.268,True,999,0.00011579110287129879,0.0008227919461205602,weak_2x2_bal_strong_100_250,weak_null,True,1494,1907505461,-4.440892098500626e-16,0,0
100,250,0.031084248743444287,0.06452374713201009,0.025898883284654062,0.06239232305719611,-0.0334394983885658,-0.03649343977254205,0.03565333608855512,-0.9379065764143184,-1.0235631157179874,0.34829242322633114,0.3060416742135861,0.561,0.371,0.323,True,999,0.00011616700794547796,0.0008394590113312006,weak_2x2_bal_strong_100_250,weak_null,True,1495,1907505461,-4.440892098500626e-16,0,0
100,250,0.07457264285283094,0.03187668761792967,0.06936812884669052,0.02974566028002812,0.04269595523490127,0.039622468566662405,0.041446910005459324,1.0301360277346954,0.9559812435099116,0.30294615488679355,0.3390817107452827,0.446,0.302,0.352,True,999,0.00011633394751697779,0.0008358749328181148,weak_2x2_bal_strong_100_250,weak_null,True,1496,1907505461,-4.440892098500626e-16,0,0
100,250,0.07341972240158146,0.03952667787888642,0.06821691751432013,0.03739721543234964,0.03389304452269504,0.03081970208197049,0.0419542265809815,0.8078576888379412,0.7346030327238003,0.4191725109014388,0.46258129047537866,0.58,0.465,0.509,True,999,0.0001153330085799098,0.00088283303193748,weak_2x2_bal_strong_100_250,weak_null,True,1497,1907505461,-4.440892098500626e-16,0,0
100,250,0.028318231835575802,0.046020423873812166,0.023136391982248483,0.043897406915007764,-0.017702192038236364,-0.02076101493275928,0.03220372093658601,-0.5496939957061066,-0.6446775195214508,0.5825292758208439,0.5191361874824277,0.73,0.546,0.475,True,999,0.00012195901945233345,0.000810416997410357,weak_2x2_bal_strong_100_250,weak_null,True,1498,1907505461,-4.440892098500626e-16,0,0
100,250,0.0325654803121983,0.03490227608993435,0.027389344920791814,0.03276751465271843,-0.002336795777736045,-0.005378169731926619,0.03178829418647724,-0.07351120396797257,-0.16918711335616415,0.9413993287210554,0.8656494657233647,0.966,0.948,0.895,True,999,0.00011108396574854851,0.0008189169457182288,weak_2x2_bal_strong_100_250,weak_null,True,1499,1907505461,-4.440892098500626e-16,0,0
100,250,0.06270638444918264,0.07823511959577617,0.05750758133876843,0.07612734318139758,-0.01552873514659353,-0.018619761842629146,0.04429862309682807,-0.35054667754911417,-0.42032371529765183,0.7259284659703636,0.6742489875464345,0.818,0.733,0.669,True,999,0.0001139170490205288,0.0008075000951066613,weak_2x2_bal_strong_100_250,weak_null,True,1500,1907505461,-4.440892098500626e-16,0,0
100,250,0.01996951121889401,0.04915767147682881,0.014798617398597003,0.047054664386791956,-0.029188160257934803,-0.03225604698819495,0.029818966598711822,-0.9788454660664105,-1.0817292035059463,0.32765634091895957,0.2793728727195378,0.598,0.323,0.283,True,999,0.00011033297050744295,0.0008083749562501907,weak_2x2_bal_strong_100_250,weak_null,True,1501,1907505461,-4.440892098500626e-16,0,0
100,250,0.02951376404416073,0.03770283595901569,0.024340219921725748,0.03559373670610455,-0.008189071914854962,-0.011253516784378803,0.031003509281314838,-0.26413370952785475,-0.3629755806759934,0.7916768895206704,0.7166231259042535,0.86,0.822,0.744,True,999,0.00010958302300423384,0.0008134999079629779,weak_2x2_bal_strong_100_250,weak_null,True,1502,1907505461,-4.440892098500626e-16,0,0
100,250,0.024908305558752786,0.011224586383142054,0.019733330573714625,0.009053343256695712,0.013683719175610731,0.010679987317018913,0.024502652718218693,0.5584586833504906,0.4358706561219765,0.5765312102329916,0.6629305763476574,0.73,0.575,0.656,True,999,0.00011141702998429537,0.0008138749981299043,weak_2x2_bal_strong_100_250,weak_null,True,1503,1907505461,-4.440892098500626e-16,0,0
100,250,0.06986929621782778,0.04776767312637806,0.06465811174034286,0.045613802278211324,0.022101623091449724,0.019044309462131537,0.04254083324306485,0.5195390265434635,0.4476712845119507,0.603384905189789,0.654390448605423,0.686,0.594,0.637,True,999,0.00011350004933774471,0.0008192500099539757,weak_2x2_bal_strong_100_250,weak_null,True,1504,1907505461,-4.440892098500626e-16,0,0
100,250,0.08209242490492885,0.04553534076386512,0.07688264482766272,0.04343751753800973,0.036557084141063734,0.03344512728965299,0.044118615366996204,0.828609053955283,0.7580729134729888,0.40732566307876317,0.44840733407888533,0.494,0.411,0.449,True,999,0.00011529098264873028,0.0008238749578595161,weak_2x2_bal_strong_100_250,weak_null,True,1505,1907505461,-4.440892098500626e-16,0,0
100,250,0.05272865990833975,0.11051866395843918,0.0475291796960704,0.10842178355140675,-0.05779000405009943,-0.06089260385533635,0.04467076770611495,-1.293687281810216,-1.3631420945335757,0.1957734601456479,0.17283773248083167,0.356,0.241,0.219,True,999,0.00011466606520116329,0.0008770829299464822,weak_2x2_bal_strong_100_250,weak_null,True,1506,1907505461,-4.440892098500626e-16,0,0
100,250,0.0672756133433352,0.0038221580273429256,0.06206363740453469,0.0016174026967092914,0.06345345531599228,0.0604462347078254,0.035853533628835824,1.7697964159649453,1.685921263258985,0.0767610611624693,0.09181096582705897,0.143,0.096,0.118,True,999,0.00011337501928210258,0.0007996669737622142,weak_2x2_bal_strong_100_250,weak_null,True,1507,1907505461,-4.440892098500626e-16,0,0
100,250,0.05956854507754561,0.04108334531814334,0.05436946523059305,0.03898156835700206,0.01848519975940227,0.01538789687359099,0.039319394399468036,0.47012931001939245,0.39135640588094045,0.6382626347452485,0.6955338108716189,0.688,0.612,0.68,True,999,0.00010966695845127106,0.0008036670042201877,weak_2x2_bal_strong_100_250,weak_null,True,1508,1907505461,-4.440892098500626e-16,0,0
100,250,0.02292929549543743,0.11675693539408905,0.017755742952488163,0.11459289795027416,-0.09382763989865162,-0.096837154997786,0.04031293723633945,-2.327482102050163,-2.4021359304599046,0.0199396204945457,0.01629965038834126,0.132,0.031,0.027,True,999,0.00011804199311882257,0.0008264160715043545,weak_2x2_bal_strong_100_250,weak_null,True,1509,1907505461,-4.440892098500626e-16,0,0
100,250,0.03951146282759288,0.061642947006682325,0.03432390067686697,0.0595459365848825,-0.022131484179089445,-0.025222035908015528,0.03713936359618194,-0.5959036999052035,-0.6791186887921915,0.5512395613866157,0.49706266183651193,0.677,0.578,0.533,True,999,0.00012812495697289705,0.0008047090377658606,weak_2x2_bal_strong_100_250,weak_null,True,1510,1907505461,-4.440892098500626e-16,0,0
100,250,0.10998261056805547,0.03695040012974482,0.10473950082068484,0.03480235878433291,0.07303221043831065,0.06993714203635193,0.04872601910470215,1.498833924466095,1.435314095454247,0.13391672138614963,0.15119761289336858,0.176,0.138,0.155,True,999,0.00011079199612140656,0.0008096660021692514,weak_2x2_bal_strong_100_250,weak_null,True,1511,1907505461,-4.440892098500626e-16,0,0
100,250,0.017876396390911986,0.06325461081391764,0.012707104958536775,0.06112100081745098,-0.04537821442300566,-0.0484138958589142,0.03216454061571265,-1.4108149395063336,-1.505194693664103,0.15829918823261158,0.1322740290147636,0.369,0.184,0.152,True,999,0.00010991701856255531,0.0008159159915521741,weak_2x2_bal_strong_100_250,weak_null,True,1512,1907505461,-4.440892098500626e-16,0,0
100,250,0.06423198976048083,0.034686049728833934,0.059013840568425735,0.03255252618355087,0.0295459400316469,0.026461314384874868,0.03956918070428673,0.7466907200443005,0.6687354631532257,0.4552502726853692,0.5036642412682536,0.57,0.44,0.503,True,999,0.00011183402966707945,0.0008232919499278069,weak_2x2_bal_strong_100_250,weak_null,True,1513,1907505461,-4.440892098500626e-16,0,0
100,250,0.05899469949768721,0.11122802479806798,0.05380304350626375,0.10910139823818099,-0.05223332530038077,-0.05529835473191724,0.046729176370086924,-1.1177882718647114,-1.1833796147820779,0.263657431686139,0.23665873264776938,0.384,0.255,0.22,True,999,0.00011433300096541643,0.0008296669693663716,weak_2x2_bal_strong_100_250,weak_null,True,1514,1907505461,-4.440892098500626e-16,0,0
100,250,0.1081020776505911,0.023327763485810837,0.10286724409557735,0.0211911400344178,0.08477431416478026,0.08167610406115955,0.04659784452282881,1.8192754414476913,1.7527871706843758,0.06886941818725341,0.07963854611813397,0.124,0.09,0.108,True,999,0.00011575000826269388,0.0008651670068502426,weak_2x2_bal_strong_100_250,weak_null,True,1515,1907505461,-4.440892098500626e-16,0,0
100,250,0.03956405743651059,0.044754011305487396,0.03438288661810418,0.04264856336949663,-0.005189953868976804,-0.008265676751392448,0.034933373334095186,-0.14856721162715134,-0.23661261316911233,0.8818951471516551,0.8129573341430767,0.915,0.883,0.832,True,999,0.00011312495917081833,0.0007968749850988388,weak_2x2_bal_strong_100_250,weak_null,True,1516,1907505461,-4.440892098500626e-16,0,0
100,250,0.020168903711830888,0.03558466706610097,0.015002401593903869,0.03348889887666928,-0.015415763354270084,-0.018486497282765413,0.027403509178642347,-0.5625470538745735,-0.6746032839171326,0.5737433540071519,0.4999278460493495,0.703,0.556,0.495,True,999,0.00010958302300423384,0.0007976669585332274,weak_2x2_bal_strong_100_250,weak_null,True,1517,1907505461,-4.440892098500626e-16,0,0
100,250,0.029922616227185728,0.04853536036288497,0.024746425698552343,0.04641954303940565,-0.018612744135699244,-0.02167311734085331,0.032875730465463646,-0.5661545423379157,-0.6592436741024259,0.571288728565922,0.5097393056639292,0.712,0.553,0.489,True,999,0.00010866695083677769,0.0008181660668924451,weak_2x2_bal_strong_100_250,weak_null,True,1518,1907505461,-4.440892098500626e-16,0,0
100,250,0.014858318275190685,0.05952021391882384,0.00968775910106956,0.057372252076461905,-0.044661895643633154,-0.047684492975392345,0.030767172522976147,-1.451608710884329,-1.5498496958010286,0.14661043528334755,0.12117759592005344,0.39,0.168,0.142,True,999,0.00010866590309888124,0.0008236250141635537,weak_2x2_bal_strong_100_250,weak_null,True,1519,1907505461,-4.440892098500626e-16,0,0
100,250,0.04055380431636535,0.02091985999010676,0.035353539560631475,0.018817688039831637,0.01963394432625859,0.016535851520799838,0.0312250281366743,0.6287886832421523,0.5295704281969313,0.5294874098275646,0.5964098020441747,0.634,0.51,0.574,True,999,0.00011212495155632496,0.0008368749404326081,weak_2x2_bal_strong_100_250,weak_null,True,1520,1907505461,-4.440892098500626e-16,0,0
100,250,0.02756681570625308,0.05424057797752124,0.022357417146281477,0.05215497519432688,-0.026673762271268164,-0.029797558048045403,0.03241516081333861,-0.8228792207716612,-0.9192475773800239,0.41057668030300887,0.35796609076033914,0.558,0.423,0.384,True,999,0.00010958290658891201,0.0008399999933317304,weak_2x2_bal_strong_100_250,weak_null,True,1521,1907505461,-4.440892098500626e-16,0,0
100,250,0.04550937731471627,0.06204933017932479,0.040325315708599874,0.05993221227271306,-0.01653995286460852,-0.019606896564113185,0.038960321848617904,-0.42453327076904696,-0.5032529412949069,0.6711769464950523,0.6147864475092226,0.807,0.668,0.588,True,999,0.00010920804925262928,0.0008397909114137292,weak_2x2_bal_strong_100_250,weak_null,True,1522,1907505461,-4.440892098500626e-16,0,0
100,250,0.053733087682611425,0.03366255777297322,0.048539934671850915,0.031576288929869634,0.0200705299096382,0.01696364574198128,0.03661662938828417,0.5481260903839487,0.46327709637329306,0.5836053269699331,0.6431657606293597,0.677,0.602,0.654,True,999,0.00011070794425904751,0.0008638330036774278,weak_2x2_bal_strong_100_250,weak_null,True,1523,1907505461,-4.440892098500626e-16,0,0
100,250,0.06718384749826711,0.044954356139522034,0.06198374887688374,0.042836798176324464,0.02222949135874508,0.019146950700559273,0.04154720648627166,0.5350417811144611,0.4608480887129187,0.5926209663056929,0.6449075976895888,0.687,0.587,0.64,True,999,0.00012141698971390724,0.0008182920282706618,weak_2x2_bal_strong_100_250,weak_null,True,1524,1907505461,-4.440892098500626e-16,0,0
100,250,0.05691957770147804,0.04040361732714659,0.051713780697497214,0.038258811371520096,0.01651596037433145,0.013454969325977117,0.038910609751716056,0.4244590480518763,0.34579178819945683,0.6712310652294078,0.7294991969733201,0.773,0.677,0.744,True,999,0.0001099579967558384,0.0008006250718608499,weak_2x2_bal_strong_100_250,weak_null,True,1525,1907505461,-4.440892098500626e-16,0,0
100,250,0.02579278458315859,0.02939649827902413,0.020618629094599328,0.02729683624610857,-0.0036037136958655402,-0.006678207151509241,0.02819787648492187,-0.1278008894674228,-0.2368336904759566,0.898306546144037,0.8127858137507549,0.944,0.911,0.821,True,999,0.00010891701094806194,0.0007967499550431967,weak_2x2_bal_strong_100_250,weak_null,True,1526,1907505461,-4.440892098500626e-16,0,0
100,250,0.01647169930152559,0.024016864251236725,0.011307154727290936,0.02189840120470876,-0.007545164949711136,-0.010591246477417826,0.023888610175480284,-0.31584779919325884,-0.44335967641553625,0.7521180352683942,0.6575055974915112,0.857,0.755,0.678,True,999,0.0001159169478341937,0.0008122500730678439,weak_2x2_bal_strong_100_250,weak_null,True,1527,1907505461,-4.440892098500626e-16,0,0
100,250,0.09970511954962524,0.0439858566719703,0.09448209133354624,0.04189719214127763,0.05571926287765494,0.05258489919226861,0.04714430152551845,1.1818875468437051,1.1154030814054006,0.2372503238774185,0.26467772967606973,0.324,0.243,0.261,True,999,0.00011558400001376867,0.0008389169815927744,weak_2x2_bal_strong_100_250,weak_null,True,1528,1907505461,-4.440892098500626e-16,0,0
100,250,0.0381670583565088,0.05857538584494271,0.03298502137083403,0.05649296797524528,-0.02040832748843391,-0.023507946604411245,0.035977771835595036,-0.5672482326502134,-0.6534019591828468,0.570545542642519,0.5134971760958982,0.679,0.588,0.523,True,999,0.00011595897376537323,0.0008310839766636491,weak_2x2_bal_strong_100_250,weak_null,True,1529,1907505461,-4.440892098500626e-16,0,0
100,250,0.05172414008263515,0.024271684157338658,0.04653727643929528,0.022053525798291673,0.027452455925296493,0.02448375064100361,0.035517324445884305,0.7729314173741948,0.689346706796794,0.4395629701592886,0.4906051120579923,0.62,0.448,0.503,True,999,0.00011516700033098459,0.0008431250462308526,weak_2x2_bal_strong_100_250,weak_null,True,1530,1907505461,-4.440892098500626e-16,0,0
100,250,0.07502087829627957,0.017578325279341167,0.06981036921412453,0.015478937454730612,0.0574425530169384,0.05433143175939392,0.039583645289242735,1.4511688500944862,1.3725727219508772,0.14673284848860396,0.1698852168620716,0.278,0.164,0.194,True,999,0.00011420901864767075,0.0008547090692445636,weak_2x2_bal_strong_100_250,weak_null,True,1531,1907505461,-4.440892098500626e-16,0,0
100,250,0.028350337108182133,0.05826542111025812,0.023175835961268376,0.05619328388193878,-0.029915084002075987,-0.033017447920670406,0.03304089914614996,-0.9053955786660787,-0.9992902364619128,0.36525585721902876,0.31765411375420816,0.511,0.377,0.335,True,999,0.00011204101610928774,0.0008803328964859247,weak_2x2_bal_strong_100_250,weak_null,True,1532,1907505461,-4.440892098500626e-16,0,0
100,250,0.040003196167557986,0.10599798213144385,0.034822286739995434,0.1038898749187922,-0.06599478596388586,-0.06906758817879677,0.0421173304230723,-1.5669270891806868,-1.6398852321599386,0.11713173493431187,0.10102903197473596,0.245,0.125,0.11,True,999,0.0001153330085799098,0.0008035409264266491,weak_2x2_bal_strong_100_250,weak_null,True,1533,1907505461,-4.440892098500626e-16,0,0
100,250,0.02728866158457366,0.1078519545402361,0.022114991200652412,0.10572161564283533,-0.08056329295566245,-0.08360662444218292,0.03992464090934559,-2.017883971419869,-2.094110868323733,0.043603346751874265,0.03625010513676301,0.161,0.055,0.05,True,999,0.00011058291420340538,0.0008051249897107482,weak_2x2_bal_strong_100_250,weak_null,True,1534,1907505461,-4.440892098500626e-16,0,0
100,250,0.07039567509575051,0.059787183864835364,0.06517487834410929,0.05761495149928919,0.010608491230915146,0.007559926844820097,0.04448477065214352,0.23847467516175608,0.16994415693263373,0.81151295511409,0.8650540539702081,0.862,0.832,0.876,True,999,0.0001094999024644494,0.0008178330026566982,weak_2x2_bal_strong_100_250,weak_null,True,1535,1907505461,-4.440892098500626e-16,0,0
100,250,0.07408028741081829,0.08342643446562054,0.06887766347202273,0.08128516422202381,-0.009346147054802245,-0.012407500750001077,0.04743575428639458,-0.1970274784369327,-0.26156431865909574,0.8438060345551295,0.7936573560621263,0.893,0.851,0.815,True,999,0.00011579098645597696,0.0008264170028269291,weak_2x2_bal_strong_100_250,weak_null,True,1536,1907505461,-4.440892098500626e-16,0,0
100,250,0.10023373401442215,0.027016897606441104,0.09497640781853534,0.024893968067019046,0.07321683640798105,0.07008243975151629,0.04526001683389704,1.617693530178849,1.5484404260987534,0.10572866099789278,0.12151629446397987,0.173,0.101,0.113,True,999,0.00011691602412611246,0.0008337500039488077,weak_2x2_bal_strong_100_250,weak_null,True,1537,1907505461,-4.440892098500626e-16,0,0
100,250,0.09253298144142263,0.0226639159314046,0.08727877511817894,0.02054715772469251,0.06986906551001804,0.06673161739348643,0.04328385770937767,1.6142060622031973,1.5417206534950023,0.10648273750824856,0.12314149080783306,0.177,0.109,0.129,True,999,0.00011770892888307571,0.0008372500305995345,weak_2x2_bal_strong_100_250,weak_null,True,1538,1907505461,-4.440892098500626e-16,0,0
100,250,0.05899469949768721,0.09927126876013359,0.053803043506206905,0.09717744242405502,-0.04027656926244638,-0.04337439891784811,0.04487604440645088,-0.8975071175537181,-0.9665379266719215,0.369448377147354,0.3337750783476148,0.498,0.393,0.356,True,999,0.00012037507258355618,0.0008474580245092511,weak_2x2_bal_strong_100_250,weak_null,True,1539,1907505461,-4.440892098500626e-16,0,0
100,250,0.04369398753071907,0.05620044373813171,0.03849997720101328,0.054077156690269135,-0.012506456207412642,-0.015577179489255855,0.03774840977941402,-0.3313108096604641,-0.41265789950576465,0.7404097270362877,0.6798572742063292,0.843,0.769,0.714,True,999,0.00011570798233151436,0.0008408329449594021,weak_2x2_bal_strong_100_250,weak_null,True,1540,1907505461,-4.440892098500626e-16,0,0
100,250,0.05044176633985242,0.04958398984084039,0.04525119209999673,0.04747020105034494,0.0008577764990120307,-0.0022190089503482113,0.03840325519215224,0.02233603622193252,-0.05778179321636435,0.9821799032979331,0.9539224408540619,0.997,0.997,0.949,True,999,0.00011629099026322365,0.0008810829604044557,weak_2x2_bal_strong_100_250,weak_null,True,1541,1907505461,-4.440892098500626e-16,0,0
100,250,0.02913203618848237,0.08718186588824461,0.023959930575273347,0.085048930811638,-0.058049829699762245,-0.061089000236364654,0.03830273272643724,-1.51555321429312,-1.5948992640465027,0.12963236489968757,0.11073476424182044,0.3,0.146,0.124,True,999,0.00011087500024586916,0.0008005419513210654,weak_2x2_bal_strong_100_250,weak_null,True,1542,1907505461,-4.440892098500626e-16,0,0
100,250,0.09714407447051943,0.051164224334524555,0.09192061271028251,0.04907550750363043,0.04597985013599487,0.04284510520665208,0.04748705051928516,0.968260812857219,0.9022481863608707,0.33291413039959916,0.3669250428218399,0.382,0.341,0.379,True,999,0.000110041000880301,0.0008157500997185707,weak_2x2_bal_strong_100_250,weak_null,True,1543,1907505461,-4.440892098500626e-16,0,0
100,250,0.09255801220676119,0.0319816773213174,0.08733498644816962,0.029868032128376854,0.06057633488544378,0.05746695431979276,0.044755732499706186,1.3534877322327694,1.2840132673545233,0.17589986658395185,0.19913731326590145,0.27,0.196,0.219,True,999,0.00010845810174942017,0.000828416901640594,weak_2x2_bal_strong_100_250,weak_null,True,1544,1907505461,-4.440892098500626e-16,0,0
100,250,0.12528621459743738,0.05102294680462549,0.1200352042215087,0.04891842443058181,0.0742632677928119,0.0711167797909269,0.05210703884826591,1.4252060649438214,1.3648209793309647,0.15409764369523576,0.17230932328653126,0.223,0.15,0.167,True,999,0.00010962493252009153,0.0008490839973092079,weak_2x2_bal_strong_100_250,weak_null,True,1545,1907505461,-4.440892098500626e-16,0,0
100,250,0.09219219289364089,0.0903685710039906,0.08696106002729209,0.08826978710759192,0.0018236218896502954,-0.0013087270802998319,0.050275813871875234,0.036272349450128874,-0.026030947676651064,0.9710651973683802,0.9792326541332411,0.94,0.939,0.99,True,999,0.00011091702617704868,0.0008396669290959835,weak_2x2_bal_strong_100_250,weak_null,True,1546,1907505461,-4.440892098500626e-16,0,0
100,250,0.012710861899318138,0.04047507798034755,0.007548515664780098,0.03838314745908633,-0.027764216081029414,-0.030834631794306233,0.025552137580674813,-1.0865711721131153,-1.2067339453285737,0.27722637106633796,0.22753462180646178,0.538,0.291,0.244,True,999,0.00010991701856255531,0.0008485420839861035,weak_2x2_bal_strong_100_250,weak_null,True,1547,1907505461,-4.440892098500626e-16,0,0
100,250,0.06822667887712619,0.03429739926714745,0.06302208908152807,0.03215167193714308,0.03392927960997874,0.030870417144384987,0.04039934017475407,0.8398473703583275,0.7641317162817477,0.40099396955749034,0.444788753436408,0.553,0.407,0.46,True,999,0.0001115420600399375,0.0008446669671684504,weak_2x2_bal_strong_100_250,weak_null,True,1548,1907505461,-4.440892098500626e-16,0,0
100,250,0.04062065055171904,0.014365286682862133,0.03543525292899119,0.012186903456367304,0.026255363868856907,0.023248349472623886,0.03060079075332194,0.8579962550806532,0.759730350108685,0.39089453131600904,0.44741578321365394,0.539,0.391,0.439,True,999,0.0001128750154748559,0.0008721660124137998,weak_2x2_bal_strong_100_250,weak_null,True,1549,1907505461,-4.440892098500626e-16,0,0
100,250,0.05920485057744174,0.02192115210608281,0.05401158379129356,0.019803905707632907,0.03728369847135893,0.03420767808366065,0.03653015589844665,1.0206279594044743,0.9364229974478495,0.30743073764506545,0.34905544180875936,0.445,0.308,0.348,True,999,0.00012137496378272772,0.0008410830050706863,weak_2x2_bal_strong_100_250,weak_null,True,1550,1907505461,-4.440892098500626e-16,0,0
100,250,0.039641509977818234,0.03058006014835607,0.03446305782784975,0.028467617038572257,0.009061449829462165,0.005995440789277495,0.03281079195468029,0.27617284709184214,0.18272770732137955,0.7824153113915339,0.8550116744714549,0.852,0.782,0.855,True,999,0.00011558400001376867,0.0008663340704515576,weak_2x2_bal_strong_100_250,weak_null,True,1551,1907505461,-4.440892098500626e-16,0,0
100,250,0.04669225475435179,0.05037359013199644,0.04150132693094122,0.048271627435951814,-0.0036813353776446456,-0.006770300505010596,0.03743527368280315,-0.09833867941870453,-0.18085350630468894,0.9216633652774215,0.8564825635563886,0.973,0.933,0.857,True,999,0.00011991709470748901,0.0008120839484035969,weak_2x2_bal_strong_100_250,weak_null,True,1552,1907505461,-4.440892098500626e-16,0,0
100,250,0.029922616227185728,0.07251180520205613,0.024746425698552343,0.07036404110475303,-0.04258918897487041,-0.045617615406200684,0.03667201061826749,-1.1613540751336766,-1.2439354875043886,0.24549793710716894,0.21352330716266432,0.378,0.226,0.205,True,999,0.00010912504512816668,0.0007966250414028764,weak_2x2_bal_strong_100_250,weak_null,True,1553,1907505461,-4.440892098500626e-16,0,0
100,250,0.035019140467078325,0.09032768174076294,0.02982452221614551,0.08814054461392118,-0.05530854127368462,-0.05831602239777567,0.04071032542827329,-1.3585875497637971,-1.4324626930463011,0.17427732260429085,0.15201144758734322,0.327,0.188,0.165,True,999,0.0001092089805752039,0.0008072919445112348,weak_2x2_bal_strong_100_250,weak_null,True,1554,1907505461,-4.440892098500626e-16,0,0
100,250,0.09103835747329414,0.015226958866882828,0.08582259536504466,0.013047481818190931,0.07581139860641131,0.07277511354685373,0.042599864213632925,1.7796159684037194,1.7083414440453555,0.07513883108426053,0.08757300552791861,0.171,0.077,0.095,True,999,0.00011112506035715342,0.0008002090035006404,weak_2x2_bal_strong_100_250,weak_null,True,1555,1907505461,-4.440892098500626e-16,0,0
100,250,0.05744819670858625,0.06726604452591972,0.052237771706174385,0.06517081028059124,-0.00981784781733347,-0.012933038574416855,0.04177778648909792,-0.2350016274772115,-0.3095673481358756,0.8142074700474313,0.7568899896928656,0.869,0.815,0.756,True,999,0.00010900001507252455,0.0008214160334318876,weak_2x2_bal_strong_100_250,weak_null,True,1556,1907505461,-4.440892098500626e-16,0,0
100,250,0.041147958989933286,0.025630737203258036,0.03595390772980522,0.02349207830930311,0.01551722178667525,0.012461829420502113,0.032675415147308214,0.47488981292877475,0.38138243582587544,0.6348655127982856,0.7029194921344303,0.727,0.647,0.706,True,999,0.0001079590292647481,0.0008292499696835876,weak_2x2_bal_strong_100_250,weak_null,True,1557,1907505461,-4.440892098500626e-16,0,0
100,250,0.08961975866998972,0.08464749644500208,0.08440371722996076,0.08252955614304369,0.004972262224987645,0.00187416108691707,0.049830548219469716,0.09978341404329343,0.037610685691489155,0.9205162760012195,0.9699980880014145,0.955,0.928,0.968,True,999,0.00010800000745803118,0.000867334078066051,weak_2x2_bal_strong_100_250,weak_null,True,1558,1907505461,-4.440892098500626e-16,0,0
100,250,0.04501176042207122,0.021348025644310376,0.03981996069414606,0.01925537524581955,0.023663734777760848,0.02056458544832651,0.032632448206499624,0.7251596517679474,0.6301882506085009,0.46835409255883076,0.5285714255714369,0.61,0.459,0.53,True,999,0.00010916602332144976,0.0008379170903936028,weak_2x2_bal_strong_100_250,weak_null,True,1559,1907505461,-4.440892098500626e-16,0,0
100,250,0.020440182082595126,0.04111183294861376,0.015269826636711059,0.03899921473447421,-0.02067165086601863,-0.02372938809776315,0.028806878034630206,-0.7175942787402437,-0.8237403605221243,0.4730074863282375,0.4100871012556899,0.655,0.494,0.42,True,999,0.00010970805305987597,0.0008240420138463378,weak_2x2_bal_strong_100_250,weak_null,True,1560,1907505461,-4.440892098500626e-16,0,0
100,250,0.06481048057679772,0.06941986111309628,0.05961241050464139,0.06731360388856444,-0.004609380536298557,-0.007701193383923055,0.04375156132878354,-0.10535350959615035,-0.17602099559488285,0.9160953046607593,0.8602774478731938,0.937,0.921,0.837,True,999,0.00011216697748750448,0.000830375007353723,weak_2x2_bal_strong_100_250,weak_null,True,1561,1907505461,-4.440892098500626e-16,0,0
100,250,0.03257654825003353,0.03198201546551033,0.027396647155057963,0.02984415993510936,0.0005945327845232051,-0.0024475127800513974,0.031152645966910954,0.01908450361342318,-0.07856516530412999,0.9847736935050624,0.9373784959214124,0.986,0.985,0.957,True,999,0.00011324998922646046,0.0008272919803857803,weak_2x2_bal_strong_100_250,weak_null,True,1562,1907505461,-4.440892098500626e-16,0,0
100,250,0.018300553057261415,0.03880801735988426,0.013123914719315621,0.03669424507651797,-0.020507464302622846,-0.02357033035720235,0.027532058517490632,-0.7448576462088665,-0.8561049055677598,0.4563577815957015,0.3919397554674814,0.659,0.486,0.428,True,999,0.00011383299715816975,0.0008323329966515303,weak_2x2_bal_strong_100_250,weak_null,True,1563,1907505461,-4.440892098500626e-16,0,0
100,250,0.01986940935839754,0.06375572587555117,0.014703076545998783,0.061645609119509004,-0.043886316517153634,-0.04694253257351022,0.032267866707362564,-1.360062532647691,-1.4547764498729423,0.17381013630546238,0.14573115990555116,0.382,0.179,0.151,True,999,0.00011616596020758152,0.0008334170561283827,weak_2x2_bal_strong_100_250,weak_null,True,1564,1907505461,-4.440892098500626e-16,0,0
100,250,0.007437647884250831,0.0753212572625469,0.0022781706420857972,0.07321720665390785,-0.06788360937829607,-0.07093903601182205,0.029985839608011513,-2.263855548675688,-2.365751199205001,0.02358300068689214,0.01799353198291134,0.146,0.026,0.024,True,999,0.0001157090300694108,0.0008270840626209974,weak_2x2_bal_strong_100_250,weak_null,True,1565,1907505461,-4.440892098500626e-16,0,0
100,250,0.07116263429252168,0.02131814388927067,0.06594205884576354,0.019199993046157715,0.04984449040325101,0.046742065799605825,0.0390180164980646,1.2774737128352855,1.1979610957908218,0.20143505524256566,0.23093216292212904,0.284,0.195,0.226,True,999,0.00011424999684095383,0.0008304589428007603,weak_2x2_bal_strong_100_250,weak_null,True,1566,1907505461,-4.440892098500626e-16,0,0
100,250,0.05131293593563868,0.022683076250156975,0.04612276262523096,0.020505012067040695,0.028629859685481707,0.025617750558190266,0.0348898152077788,0.8205792869633367,0.7342472410825124,0.4118859499180775,0.46279806630715326,0.595,0.432,0.481,True,999,0.00011483300477266312,0.0009163330541923642,weak_2x2_bal_strong_100_250,weak_null,True,1567,1907505461,-4.440892098500626e-16,0,0
100,250,0.025252912162523122,0.024915847377941336,0.020073573065801043,0.02274852394795346,0.00033706478458178646,-0.002674950882152416,0.027716601581161033,0.01216111519281243,-0.09651078160933624,0.9902970731114786,0.9231149114132362,0.995,0.989,0.936,True,999,0.00011479097884148359,0.000802083988673985,weak_2x2_bal_strong_100_250,weak_null,True,1568,1907505461,-4.440892098500626e-16,0,0
100,250,0.05272865990833975,0.04108334531814334,0.0475291796960704,0.03898156835700206,0.01164531459019641,0.00854761133906834,0.03760220280676582,0.3096976698423915,0.22731677138687084,0.756790874914062,0.8201774327574933,0.828,0.784,0.845,True,999,0.00011341599747538567,0.0007980420487001538,weak_2x2_bal_strong_100_250,weak_null,True,1569,1907505461,-4.440892098500626e-16,0,0
100,250,0.038646286017684606,0.07332523444218059,0.03345405200131779,0.0711938290396148,-0.03467894842449598,-0.03773977703829701,0.03864448253955071,-0.8973842097381897,-0.976589012407456,0.3695139353864946,0.3287726608968886,0.542,0.364,0.336,True,999,0.00011199992150068283,0.0008182090241461992,weak_2x2_bal_strong_100_250,weak_null,True,1570,1907505461,-4.440892098500626e-16,0,0
100,250,0.10001934593897888,0.07814541508645012,0.09479500871306357,0.07602612780956974,0.021873930852528756,0.018768880903493823,0.05092971713988535,0.4294924865270515,0.3685251353731762,0.667564860566088,0.7124817065702376,0.726,0.68,0.699,True,999,0.00011008302681148052,0.0008342911023646593,weak_2x2_bal_strong_100_250,weak_null,True,1571,1907505461,-4.440892098500626e-16,0,0
100,250,0.03848848195167354,0.04081715321467638,0.033308664659855935,0.03866936042473412,-0.002328671263002846,-0.005360695764878187,0.034578546060251146,-0.0673443949593852,-0.15502953060945593,0.9463075350182408,0.8767980366869531,0.958,0.946,0.878,True,999,0.00011383299715816975,0.0008340409258380532,weak_2x2_bal_strong_100_250,weak_null,True,1572,1907505461,-4.440892098500626e-16,0,0
100,250,0.03956405743651059,0.09270244801759242,0.03438288661810418,0.09060832934785878,-0.05313839058108183,-0.056225442729754604,0.040418628180767545,-1.314700497588059,-1.3910774625574363,0.18861057929094072,0.16420193829856045,0.344,0.208,0.19,True,999,0.0001153749180957675,0.0008331250865012407,weak_2x2_bal_strong_100_250,weak_null,True,1573,1907505461,-4.440892098500626e-16,0,0
100,250,0.06639707712193688,0.06545426519245451,0.061199525402599875,0.06333575739714092,0.0009428119294823678,-0.002136231994541049,0.04363703843899231,0.02160577260073426,-0.048954559497149504,0.9827624287381669,0.9609555087575722,0.982,0.981,0.979,True,999,0.00011712498962879181,0.0008328750263899565,weak_2x2_bal_strong_100_250,weak_null,True,1574,1907505461,-4.440892098500626e-16,0,0
100,250,0.0656604364922867,0.049747126850134826,0.06045503138852837,0.0476199614134174,0.015913309642151874,0.012835069975110969,0.04193598961536095,0.37946665353815584,0.30606336211056157,0.7043413624719099,0.759556402957354,0.758,0.724,0.757,True,999,0.00011608295608311892,0.00083837506826967,weak_2x2_bal_strong_100_250,weak_null,True,1575,1907505461,-4.440892098500626e-16,0,0
100,250,0.09019773773029793,0.024551260307979828,0.08497934495518678,0.022430643404192097,0.0656464774223181,0.06254870155099468,0.043485308116582695,1.5096242907218695,1.438386992298724,0.1311393195712634,0.15032428129918105,0.25,0.154,0.173,True,999,0.00014008395373821259,0.0008325419621542096,weak_2x2_bal_strong_100_250,weak_null,True,1576,1907505461,-4.440892098500626e-16,0,0
100,250,0.03317667365420052,0.05623396473661446,0.027985384407472225,0.05413390467828094,-0.023057291082413944,-0.026148520270808717,0.03469793902140335,-0.664514715648993,-0.7536044217115909,0.5063609336442291,0.4510867884558162,0.68,0.538,0.479,True,999,0.0001101659145206213,0.0008223750628530979,weak_2x2_bal_strong_100_250,weak_null,True,1577,1907505461,-4.440892098500626e-16,0,0
100,250,0.016623691088607173,0.055237501595894356,0.011454391735654212,0.05309549474968378,-0.03861381050728718,-0.04164110301402957,0.030424882100019316,-1.2691523464362962,-1.3686528965712288,0.20438673340219404,0.17110780077467347,0.455,0.238,0.219,True,999,0.00011533393990248442,0.0008015839848667383,weak_2x2_bal_strong_100_250,weak_null,True,1578,1907505461,-4.440892098500626e-16,0,0
100,250,0.04620082918151336,0.08036490755306641,0.04101419296897291,0.07822906848824118,-0.03416407837155305,-0.037214875519268276,0.04152210795624602,-0.8227924846097288,-0.8962665276648165,0.4106260111762191,0.3701104316685615,0.551,0.419,0.387,True,999,0.00011029199231415987,0.0007963749812915921,weak_2x2_bal_strong_100_250,weak_null,True,1579,1907505461,-4.440892098500626e-16,0,0
100,250,0.093634976579555,0.05626566636845837,0.08840532192722605,0.05417026021693516,0.03736931021109663,0.03423506171029089,0.04751129420531821,0.7865353035765897,0.7205668101219345,0.4315539448466297,0.4711760803577808,0.547,0.449,0.49,True,999,0.00011004204861819744,0.000813791062682867,weak_2x2_bal_strong_100_250,weak_null,True,1580,1907505461,-4.440892098500626e-16,0,0
100,250,0.1506813460218518,0.07548267612302756,0.14540258378607973,0.07336642668245474,0.07519866989882423,0.07203615710362499,0.05758851058193376,1.3057929288140853,1.2508772388050549,0.1916229854010808,0.21097926927628308,0.264,0.19,0.199,True,999,0.00011074997019022703,0.0008256249129772186,weak_2x2_bal_strong_100_250,weak_null,True,1581,1907505461,-4.440892098500626e-16,0,0
100,250,0.03432252655653312,0.03437766770094458,0.029146412337979655,0.03228205717344679,-5.514114441146356e-05,-0.003135644835467133,0.03168912291791828,-0.0017400653389584532,-0.09895019321264065,0.9986116294318813,0.921177815999487,0.999,0.999,0.927,True,999,0.00011070806067436934,0.0008234579581767321,weak_2x2_bal_strong_100_250,weak_null,True,1582,1907505461,-4.440892098500626e-16,0,0
100,250,0.07240159423691139,0.056008167373229556,0.06718579129380942,0.05390895696471887,0.016393426863681837,0.013276834329090548,0.043665050209653264,0.3754358871676656,0.30406089688075905,0.7073363194304192,0.7610814970081567,0.777,0.717,0.783,True,999,0.00011245906352996826,0.0008312920108437538,weak_2x2_bal_strong_100_250,weak_null,True,1583,1907505461,-4.440892098500626e-16,0,0
100,250,0.09103835747329414,0.06334373261063331,0.08582259536504466,0.06123549189690891,0.027694624862660833,0.02458710346813575,0.047951165222870844,0.5775589546977593,0.5127529926302742,0.5635619250563011,0.6081241156489339,0.649,0.6,0.625,True,999,0.0001151250908151269,0.0008657500147819519,weak_2x2_bal_strong_100_250,weak_null,True,1584,1907505461,-4.440892098500626e-16,0,0
100,250,0.0018018044502975394,0.02421104709359201,-0.0033535075362749467,0.022074672294365882,-0.02240924264329447,-0.02542817983064083,0.017138223867547906,-1.3075592206335631,-1.4837114993456453,0.1910228560795426,0.13788547426097697,0.551,0.172,0.132,True,999,0.00011716701555997133,0.0008254579734057188,weak_2x2_bal_strong_100_250,weak_null,True,1585,1907505461,-4.440892098500626e-16,0,0
100,250,0.133749427682476,0.01445401915796829,0.1284857273134179,0.012328776374943118,0.1192954085245077,0.11615695093847478,0.04968781679248138,2.400898574850629,2.3377350513023814,0.016354868897191545,0.019400996683426767,0.017,0.024,0.028,True,999,0.00011537503451108932,0.0008329160045832396,weak_2x2_bal_strong_100_250,weak_null,True,1586,1907505461,-4.440892098500626e-16,0,0
100,250,0.044220205393429524,0.046582685623718534,0.03903546391879331,0.044438113348817865,-0.0023624802302890102,-0.005402649430024553,0.03680158733267622,-0.06419506335237227,-0.14680479353203138,0.9488149081631705,0.8832861009905655,0.961,0.944,0.877,True,999,0.00011625001206994057,0.000841250061057508,weak_2x2_bal_strong_100_250,weak_null,True,1587,1907505461,-4.440892098500626e-16,0,0
100,250,0.02951376404416073,0.02926575652674912,0.024340219921725748,0.0271665063337565,0.0002480075174116081,-0.002826286412030754,0.029406927202494035,0.008433642716352026,-0.09610954563763648,0.9932710064534918,0.923433570083017,0.992,0.992,0.934,True,999,0.00011574989184737206,0.000839291955344379,weak_2x2_bal_strong_100_250,weak_null,True,1588,1907505461,-4.440892098500626e-16,0,0
100,250,0.09998735876338982,0.06361197875913366,0.09472999520299652,0.061475915341731024,0.036375380004256164,0.033254079861265495,0.04948592307622795,0.735065201233564,0.6719906954153613,0.46229978620491463,0.5015896198171782,0.566,0.466,0.511,True,999,0.00011520797852426767,0.0008427499560639262,weak_2x2_bal_strong_100_250,weak_null,True,1589,1907505461,-4.440892098500626e-16,0,0
100,250,0.009868386267911089,0.06747876212942217,0.004707606235797357,0.06537277589869461,-0.057610375861511076,-0.060665169662897256,0.02954925265945438,-1.9496390154245895,-2.0530187467698013,0.05121915972849719,0.040070759381065246,0.216,0.067,0.059,True,999,0.00011616607662290335,0.0008428749861195683,weak_2x2_bal_strong_100_250,weak_null,True,1590,1907505461,-4.440892098500626e-16,0,0
100,250,0.11048873398445824,0.023936195283391415,0.10524786671719255,0.021814354714891238,0.08655253870106683,0.08343351200230131,0.04689285864057585,1.845750956760267,1.779237061271996,0.06492837459986593,0.0752009046632616,0.134,0.083,0.099,True,999,0.0001165410503745079,0.0008485419675707817,weak_2x2_bal_strong_100_250,weak_null,True,1591,1907505461,-4.440892098500626e-16,0,0
100,250,0.07647983668409464,0.05252737893895343,0.07123027383524061,0.05042299655519855,0.02395245774514121,0.020807277280042058,0.0438160798236633,0.5466590767941192,0.474877655960561,0.584612974088,0.6348741783352245,0.696,0.602,0.654,True,999,0.00011737493332475424,0.0008511659689247608,weak_2x2_bal_strong_100_250,weak_null,True,1592,1907505461,-4.440892098500626e-16,0,0
100,250,0.08335707619397748,0.053354039544474485,0.07814420171851566,0.05127088205426844,0.03000303664950299,0.02687331966424722,0.04513220558254733,0.6647810861941388,0.59543555023243,0.5061905217189653,0.5515523681244267,0.594,0.507,0.584,True,999,0.00011683302000164986,0.0008790839929133654,weak_2x2_bal_strong_100_250,weak_null,True,1593,1907505461,-4.440892098500626e-16,0,0
100,250,0.10911119988486317,0.0332354205499209,0.10387650445660768,0.031129976094931067,0.07587577933494227,0.07274652836167661,0.04769357802855405,1.590901384868118,1.5252898056447644,0.11163177086292278,0.12718682935153153,0.205,0.138,0.158,True,999,0.00011645909398794174,0.0008462090045213699,weak_2x2_bal_strong_100_250,weak_null,True,1594,1907505461,-4.440892098500626e-16,0,0
100,250,0.03339837382168831,0.06997512257449334,0.02821908310569654,0.06787678702387723,-0.03657674875280503,-0.03965770391818069,0.03658990533693652,-0.9996404313154043,-1.0838427580775212,0.31748454933747317,0.2784345233146759,0.483,0.318,0.301,True,999,0.00011620810255408287,0.0008492500055581331,weak_2x2_bal_strong_100_250,weak_null,True,1595,1907505461,-4.440892098500626e-16,0,0
100,250,0.05879172279147726,0.08373818198241811,0.053599990936902486,0.08156093106359208,-0.02494645919094085,-0.027960940126689593,0.043963235089041854,-0.5674391145332007,-0.6360073381783283,0.5704158815523762,0.5247716391212504,0.707,0.611,0.55,True,999,0.00011687492951750755,0.0008475841023027897,weak_2x2_bal_strong_100_250,weak_null,True,1596,1907505461,-4.440892098500626e-16,0,0
100,250,0.018491128599026796,0.06941986111309628,0.013323142721958448,0.06731360388856444,-0.050928732514069486,-0.053990461166605996,0.032634721182711844,-1.5605689482969705,-1.6543870825287545,0.11862549006211329,0.09804888937823845,0.282,0.113,0.096,True,999,0.00011520797852426767,0.0008430830202996731,weak_2x2_bal_strong_100_250,weak_null,True,1597,1907505461,-4.440892098500626e-16,0,0
100,250,0.03481663247178246,0.06204933017932479,0.029632280269439093,0.05993221227271306,-0.02723269770754233,-0.030299932003273966,0.03640288082019359,-0.7480918293816919,-0.8323498393694664,0.454404770005268,0.4052115063907017,0.59,0.461,0.413,True,999,0.0001157090300694108,0.0008721669437363744,weak_2x2_bal_strong_100_250,weak_null,True,1598,1907505461,-4.440892098500626e-16,0,0
100,250,0.03909782630882219,0.08761823188070339,0.033918385229867454,0.08549656534417238,-0.0485204055718812,-0.05157818011430493,0.04046235651221646,-1.1991492773593608,-1.274720124091941,0.2304699060535751,0.20240832132489128,0.405,0.237,0.217,True,999,0.00011595792602747679,0.0007972919847816229,weak_2x2_bal_strong_100_250,weak_null,True,1599,1907505461,-4.440892098500626e-16,0,0
100,250,0.016704622019252935,0.05998576614924406,0.011538431712835973,0.057849585884738985,-0.04328114412999112,-0.04631115417190301,0.03106720900734467,-1.3931455548439813,-1.4906763642963385,0.16357577985186933,0.13604648442538483,0.379,0.164,0.138,True,999,0.00010908395051956177,0.0007961670635268092,weak_2x2_bal_strong_100_250,weak_null,True,1600,1907505461,-4.440892098500626e-16,0,0
100,250,0.06954414077971316,0.037788974762758554,0.06433286090916113,0.035689920259571295,0.031755166016954606,0.028642940649589832,0.04080029220236686,0.7783073184733824,0.7020278312597042,0.4363878620816507,0.48266180712741713,0.547,0.452,0.484,True,999,0.00010875007137656212,0.0008054999634623528,weak_2x2_bal_strong_100_250,weak_null,True,1601,1907505461,-4.440892098500626e-16,0,0
100,250,0.06554999928391636,0.025245652667745477,0.060352174363487165,0.023092426018635592,0.04030434661617088,0.03725974834485157,0.03860188658527963,1.0441030266002715,0.9652312785940398,0.29643772574248684,0.33442898363972706,0.421,0.291,0.339,True,999,0.000153415952809155,0.0008067920571193099,weak_2x2_bal_strong_100_250,weak_null,True,1602,1907505461,-4.440892098500626e-16,0,0
100,250,0.10918594307980223,0.023220914006263332,0.10395432219971212,0.021058891975783922,0.0859650290735389,0.0828954302239282,0.04685820684083848,1.8345778652079687,1.7690696211550734,0.06656826084571613,0.07688225682509753,0.143,0.08,0.091,True,999,0.00011024996638298035,0.000800624955445528,weak_2x2_bal_strong_100_250,weak_null,True,1603,1907505461,-4.440892098500626e-16,0,0
100,250,0.03956405743651059,0.035797065352424884,0.03438288661810418,0.033690656836085964,0.0037669920840857074,0.0006922297820182166,0.033563880855719576,0.11223350780795599,0.02062424738646558,0.9106382616130655,0.9835453979608653,0.942,0.918,0.969,True,999,0.00011508306488394737,0.0007995829218998551,weak_2x2_bal_strong_100_250,weak_null,True,1604,1907505461,-4.440892098500626e-16,0,0
100,250,0.059630091707797095,0.0473215811533807,0.05443352642821253,0.045199439148433385,0.012308510554416396,0.009234087279779146,0.04028920187386543,0.30550395594708,0.22919509075132763,0.7599823574906411,0.8187172880508818,0.822,0.765,0.803,True,999,0.00010991597082465887,0.0008061670232564211,weak_2x2_bal_strong_100_250,weak_null,True,1605,1907505461,-4.440892098500626e-16,0,0
100,250,0.02068378786095948,0.03562959962692097,0.015509930911008496,0.03352381951576433,-0.014945811765961492,-0.018013888604755834,0.027745348186519945,-0.5386781115698127,-0.6492579759192882,0.5901089794632812,0.516171643711393,0.741,0.612,0.548,True,999,0.00011079199612140656,0.0008220419986173511,weak_2x2_bal_strong_100_250,weak_null,True,1606,1907505461,-4.440892098500626e-16,0,0
100,250,0.054762727353112384,0.05712044220834045,0.04956936738047091,0.055010289763629316,-0.002357714855228066,-0.005440922383158409,0.040388782418615585,-0.058375487302171604,-0.13471370161063914,0.9534495397671076,0.8928382396265396,0.94,0.93,0.905,True,999,0.00010970805305987597,0.0008347919210791588,weak_2x2_bal_strong_100_250,weak_null,True,1607,1907505461,-4.440892098500626e-16,0,0
100,250,0.01697651154758839,0.07296385728472177,0.011796125548897862,0.07085016406679756,-0.055987345737133376,-0.0590540385178997,0.03271055138432514,-1.7115989602047017,-1.8053513627470776,0.08697060007911527,0.07101971694641139,0.282,0.098,0.09,True,999,0.0001099579967558384,0.0008421250386163592,weak_2x2_bal_strong_100_250,weak_null,True,1608,1907505461,-4.440892098500626e-16,0,0
100,250,0.04035537625281971,0.04849334449640191,0.03517467284672193,0.04639922486178705,-0.008137968243582205,-0.011224552015065115,0.03539361466918678,-0.22992758212590858,-0.3171349442541415,0.8181480430129295,0.7511412106703872,0.867,0.805,0.743,True,999,0.00011191598605364561,0.0008383749518543482,weak_2x2_bal_strong_100_250,weak_null,True,1609,1907505461,-4.440892098500626e-16,0,0
100,250,0.07408028741081829,0.02896024727898877,0.06887766347202273,0.026849949087306868,0.04512004013182952,0.042027714384715864,0.0408212358532689,1.1053080385418166,1.0295551691718405,0.2690261359286046,0.3032188692502311,0.371,0.276,0.306,True,999,0.00011508399620652199,0.0008462920086458325,weak_2x2_bal_strong_100_250,weak_null,True,1610,1907505461,-4.440892098500626e-16,0,0
100,250,0.05230025100841673,0.061035000365601,0.047112866505500506,0.05893390157157796,-0.008734749357184268,-0.011821035066077457,0.039931400079248,-0.2187438792491436,-0.29603357364423455,0.8268495659142199,0.7672044418216228,0.875,0.818,0.771,True,999,0.00011041597463190556,0.0008016669889912009,weak_2x2_bal_strong_100_250,weak_null,True,1611,1907505461,-4.440892098500626e-16,0,0
100,250,0.05172414008263515,0.05577001608876192,0.04653727643929528,0.053649113157149486,-0.0040458760061267696,-0.007111836717854203,0.03964807660115345,-0.10204469807771371,-0.1793740662226047,0.9187211963015611,0.8576439932775024,0.977,0.921,0.858,True,999,0.00010874995496124029,0.000794833991676569,weak_2x2_bal_strong_100_250,weak_null,True,1612,1907505461,-4.440892098500626e-16,0,0
100,250,0.058386195386126105,0.05623396473661446,0.053194310284879975,0.05413390467828094,0.002152230649511644,-0.0009395943934009665,0.040822432719281494,0.05272176365165738,-0.02301661931473211,0.9579535982525607,0.9816370161648468,0.97,0.963,0.949,True,999,0.00010862504132091999,0.0008011249592527747,weak_2x2_bal_strong_100_250,weak_null,True,1613,1907505461,-4.440892098500626e-16,0,0
100,250,0.08480595619440934,0.0842767901221887,0.07957885016601551,0.08217826342318801,0.0005291660722206437,-0.0025994132571725004,0.04855152463436307,0.010899061897762083,-0.053539271459515134,0.9913039789509532,0.9573022414035025,0.999,0.998,0.949,True,999,0.00011124997399747372,0.0008318750187754631,weak_2x2_bal_strong_100_250,weak_null,True,1614,1907505461,-4.440892098500626e-16,0,0
100,250,0.08335707619397748,0.030287402377659478,0.07814420171851566,0.028140200800109483,0.053069673816318,0.05000400091840618,0.04309311760308272,1.231511590902432,1.160370929274077,0.21813158424433365,0.24589781741746752,0.349,0.217,0.234,True,999,0.00010770803783088923,0.0008348750416189432,weak_2x2_bal_strong_100_250,weak_null,True,1615,1907505461,-4.440892098500626e-16,0,0
100,250,0.014114137027469553,0.09082004111352865,0.008946926948425471,0.08871299164363222,-0.0767059040860591,-0.07976606469520675,0.034084199061451825,-2.250482810165579,-2.340265193011964,0.024418313499194183,0.019270051387712157,0.148,0.036,0.034,True,999,0.00010912504512816668,0.0008445830317214131,weak_2x2_bal_strong_100_250,weak_null,True,1616,1907505461,-4.440892098500626e-16,0,0
100,250,0.029209586373763807,0.005285323304774603,0.024037543279177953,0.003078299303751919,0.023924263068989204,0.020959243975426034,0.02486721067490895,0.9620806845509545,0.8428466002652216,0.3360090758599923,0.3993142418170377,0.58,0.335,0.409,True,999,0.00010866695083677769,0.0008445829153060913,weak_2x2_bal_strong_100_250,weak_null,True,1617,1907505461,-4.440892098500626e-16,0,0
100,250,0.020440182082595126,0.021854848054839837,0.015269826636711059,0.019721016277870262,-0.0014146659722447108,-0.004451189641159203,0.025077319105752713,-0.05641216935027907,-0.17749862425039303,0.9550134626544274,0.8591167457657978,0.978,0.959,0.858,True,999,0.00010745797771960497,0.000834709033370018,weak_2x2_bal_strong_100_250,weak_null,True,1618,1907505461,-4.440892098500626e-16,0,0
100,250,0.02440927043779595,0.06908213840340394,0.019240497564368297,0.06696409926728109,-0.04467286796560799,-0.04772360170291279,0.034475388179115614,-1.295790136822006,-1.3842803293458674,0.19504779705903663,0.166272634762897,0.374,0.19,0.161,True,999,0.00010908290278166533,0.0008938750252127647,weak_2x2_bal_strong_100_250,weak_null,True,1619,1907505461,-4.440892098500626e-16,0,0
100,250,0.04725555557675609,0.049157671476828924,0.04206490692027387,0.047054664386791956,-0.0019021159000728316,-0.0049897574665180855,0.03735256343466888,-0.0509233028517496,-0.13358540907762245,0.9593866366066731,0.8937304226367057,0.968,0.956,0.891,True,999,0.00011483300477266312,0.0008028330048546195,weak_2x2_bal_strong_100_250,weak_null,True,1620,1907505461,-4.440892098500626e-16,0,0
100,250,0.05940846856642301,0.04707087830904505,0.054215277101889114,0.04495005797760143,0.012337590257377962,0.009265219124287682,0.040219668093609745,0.30675514846772706,0.23036538001067633,0.7590297496406752,0.8178078604946678,0.823,0.755,0.812,True,999,0.00011029199231415987,0.0007962500676512718,weak_2x2_bal_strong_100_250,weak_null,True,1621,1907505461,-4.440892098500626e-16,0,0
100,250,0.020471160484738293,0.08637195895437555,0.015303456355695744,0.08425597729068102,-0.06590079846963726,-0.06895252093498527,0.03533515108246693,-1.8650209904532373,-1.9513860510758947,0.06217846204782333,0.05101113953691377,0.213,0.081,0.069,True,999,0.00011029199231415987,0.0008146669715642929,weak_2x2_bal_strong_100_250,weak_null,True,1622,1907505461,-4.440892098500626e-16,0,0
100,250,0.06028062150382729,0.06421044319531216,0.0550789066085855,0.062110395662386964,-0.003929821691484869,-0.007031489053801465,0.042095283378655576,-0.0933553922451437,-0.16703745620505273,0.9256212275260715,0.8673405771385954,0.92,0.906,0.844,True,999,0.00011691695544868708,0.0008301660418510437,weak_2x2_bal_strong_100_250,weak_null,True,1623,1907505461,-4.440892098500626e-16,0,0
100,250,0.0892511403303553,0.04293016851495657,0.08403255677333732,0.04080009909002058,0.04632097181539874,0.04323245768331674,0.045724882382493774,1.0130364344716867,0.9454908450430201,0.3110427583042781,0.34440834251795494,0.435,0.331,0.367,True,999,0.00011600006837397814,0.0008300830377265811,weak_2x2_bal_strong_100_250,weak_null,True,1624,1907505461,-4.440892098500626e-16,0,0
100,250,0.07784336282452398,0.033933555507497326,0.07259413330966424,0.031829674166459654,0.04390980731702665,0.04076445914320459,0.04179735890752631,1.0505402366253327,0.9752879179134993,0.2934698016937475,0.329417461939262,0.393,0.302,0.337,True,999,0.00011658307630568743,0.0008426250424236059,weak_2x2_bal_strong_100_250,weak_null,True,1625,1907505461,-4.440892098500626e-16,0,0
100,250,0.04228567460549826,0.01940145922132447,0.03709764844347774,0.01727106111438559,0.02288421538417379,0.01982658732909215,0.031713921989001075,0.721582634658382,0.6251698334872724,0.4705511187864613,0.531859598570178,0.657,0.473,0.541,True,999,0.00011583301238715649,0.0008337500039488077,weak_2x2_bal_strong_100_250,weak_null,True,1626,1907505461,-4.440892098500626e-16,0,0
100,250,0.03399183196071365,0.052986732970157935,0.028815487930302197,0.05088045473839031,-0.018994901009444287,-0.022064966808088116,0.03463053308868487,-0.5485015480645504,-0.6371535416905723,0.5833475665923051,0.5240248358792056,0.699,0.586,0.535,True,999,0.00011512497439980507,0.0008504169527441263,weak_2x2_bal_strong_100_250,weak_null,True,1627,1907505461,-4.440892098500626e-16,0,0
100,250,0.041881854625461346,0.039744061648579965,0.03669722727097735,0.03763170058780929,0.002137792976881381,-0.0009344733168319408,0.034904487238288005,0.0612469383173278,-0.02677229751156129,0.9511625484997575,0.9786413486787202,0.963,0.948,0.981,True,999,0.00011545896995812654,0.0008669999660924077,weak_2x2_bal_strong_100_250,weak_null,True,1628,1907505461,-4.440892098500626e-16,0,0
100,250,0.08232370950147083,0.017353514927631375,0.07711060018824867,0.015197584008902254,0.06497019457383946,0.061913016179346414,0.041084205378004876,1.5813910473883073,1.50697854831805,0.11378865319289345,0.13181615585666623,0.199,0.123,0.144,True,999,0.00011633301619440317,0.0007970830192789435,weak_2x2_bal_strong_100_250,weak_null,True,1629,1907505461,-4.440892098500626e-16,0,0
100,250,0.058201658255899846,0.034174047713062705,0.05300455198495513,0.0320559038938768,0.02402761054283714,0.020948648091078326,0.03811952332394776,0.6303229539006937,0.5495516801994687,0.5284833079870441,0.5826269085215361,0.639,0.533,0.601,True,999,0.00011087500024586916,0.0007945840479806066,weak_2x2_bal_strong_100_250,weak_null,True,1630,1907505461,-4.440892098500626e-16,0,0
100,250,0.057778977696978706,0.04802521862592518,0.05258685887258707,0.0458903752181925,0.009753759071053525,0.006696483654394569,0.03994513114753501,0.24417892220778012,0.16764204953193165,0.8070922507054946,0.8668648885658649,0.856,0.813,0.885,True,999,0.00010875007137656212,0.0008129579946398735,weak_2x2_bal_strong_100_250,weak_null,True,1631,1907505461,-4.440892098500626e-16,0,0
100,250,0.07391015090475495,0.06582148426278867,0.06870545758084745,0.0637102777547085,0.00808866664196628,0.004995179826138951,0.04520528924263306,0.17893186344968381,0.11049989746394549,0.8579912031045893,0.9120129311843663,0.914,0.88,0.924,True,999,0.00011554197408258915,0.0008131249342113733,weak_2x2_bal_strong_100_250,weak_null,True,1632,1907505461,-4.440892098500626e-16,0,0
100,250,0.05272865990833975,0.05383258786475448,0.0475291796960704,0.05173549301582625,-0.0011039279564147297,-0.00420631331975585,0.03919857803029623,-0.028162449045001422,-0.10730780378065827,0.9775325866575661,0.9145447937707969,0.989,0.988,0.908,True,999,0.00011979101691395044,0.0008239579619839787,weak_2x2_bal_strong_100_250,weak_null,True,1633,1907505461,-4.440892098500626e-16,0,0
100,250,0.034891356957655106,0.10164233764562092,0.029713114848078703,0.09949417458810217,-0.06675098068796581,-0.06978105974002347,0.04136283686985495,-1.613791164711278,-1.6870472390369236,0.1065727316322245,0.09159426895435992,0.276,0.115,0.098,True,999,0.00011583301238715649,0.0008319999324157834,weak_2x2_bal_strong_100_250,weak_null,True,1634,1907505461,-4.440892098500626e-16,0,0
100,250,0.09138291164981582,0.03273471136315381,0.08616474974454036,0.030617889202403603,0.05864820028666201,0.055546860542136756,0.044671318727697994,1.3128826718584825,1.2434569232382096,0.18922248671004882,0.21369950528136983,0.297,0.213,0.23,True,999,0.00011587503831833601,0.0008298340253531933,weak_2x2_bal_strong_100_250,weak_null,True,1635,1907505461,-4.440892098500626e-16,0,0
100,250,0.10133752297070897,0.006425360758243626,0.09610922447077996,0.00421646104177853,0.09491216221246535,0.09189276342900143,0.043316658883462845,2.1911237999175484,2.1214185442193387,0.02844283487904803,0.033886596061476634,0.069,0.04,0.05,True,999,0.00011433300096541643,0.0008318750187754631,weak_2x2_bal_strong_100_250,weak_null,True,1636,1907505461,-4.440892098500626e-16,0,0
100,250,0.07236826439092225,0.01837515827277192,0.06716313805952723,0.016245751142577092,0.053993106118150336,0.050917386916950136,0.03912185134151313,1.3801265601369168,1.3015076017867406,0.16754768080032223,0.19308476419147724,0.326,0.202,0.229,True,999,0.00014779192861169577,0.0008296250598505139,weak_2x2_bal_strong_100_250,weak_null,True,1637,1907505461,-4.440892098500626e-16,0,0
100,250,0.0465733363308064,0.06248430845229458,0.0413868864686151,0.060354640802913195,-0.015910972121488176,-0.018967754334298093,0.039144267672035056,-0.40647004191765956,-0.4845602041457731,0.6843972646846392,0.6279883487059974,0.765,0.693,0.649,True,999,0.000110417022369802,0.0007979999063536525,weak_2x2_bal_strong_100_250,weak_null,True,1638,1907505461,-4.440892098500626e-16,0,0
100,250,0.07534538571423399,0.05662048443442236,0.070136923885741,0.054480943349688005,0.018724901279811634,0.015655980536052994,0.04480379308094401,0.4179311614528397,0.34943426570532504,0.6759974484122616,0.7267633123290591,0.76,0.676,0.734,True,999,0.00010879198089241982,0.0007931659929454327,weak_2x2_bal_strong_100_250,weak_null,True,1639,1907505461,-4.440892098500626e-16,0,0
100,250,0.07341972240158146,0.04949414649173128,0.06821691751432013,0.047349105998407026,0.023925575909850172,0.020867811515913104,0.04335605405045008,0.5518393321036512,0.4813125173160558,0.581058436913177,0.630294402027098,0.669,0.585,0.635,True,999,0.00010779104195535183,0.0008129999041557312,weak_2x2_bal_strong_100_250,weak_null,True,1640,1907505461,-4.440892098500626e-16,0,0
100,250,0.030361524740538326,0.1024523802831736,0.025175588912262015,0.1003524958197346,-0.07209085554263528,-0.07517690690747258,0.03923876835997468,-1.8372354320930016,-1.9158834502093198,0.06617514709501407,0.05537993249429372,0.216,0.075,0.061,True,999,0.00011208397336304188,0.0008301669731736183,weak_2x2_bal_strong_100_250,weak_null,True,1641,1907505461,-4.440892098500626e-16,0,0
100,250,0.029005663938671544,0.06421044319531216,0.023834031661209565,0.062110395662386964,-0.03520477925664062,-0.0382763640011774,0.03473652855252663,-1.0134800661904348,-1.1019052736745996,0.31083091279851616,0.27050285565109955,0.495,0.319,0.278,True,999,0.00011670903768390417,0.0008207500213757157,weak_2x2_bal_strong_100_250,weak_null,True,1642,1907505461,-4.440892098500626e-16,0,0
100,250,0.02449100150881167,0.06300290522462687,0.019321222187500098,0.060522414109776435,-0.0385119037158152,-0.04120119192227634,0.033615303890396284,-1.145665790836948,-1.2256676916149285,0.25193346366799874,0.22032375305701835,0.449,0.232,0.208,True,999,0.00011633394751697779,0.00082566705532372,weak_2x2_bal_strong_100_250,weak_null,True,1643,1907505461,-4.440892098500626e-16,0,0
100,250,0.00037683177757230624,0.018204973170736077,-0.0047817737175819275,0.0160207465763591,-0.01782814139316377,-0.02080252029394103,0.014474272039606316,-1.2317124719212253,-1.4372066682882958,0.2180565092651381,0.15065927881340946,0.615,0.232,0.168,True,999,0.00011441693641245365,0.000820874935016036,weak_2x2_bal_strong_100_250,weak_null,True,1644,1907505461,-4.440892098500626e-16,0,0
100,250,0.05611295135025951,0.08424715996171794,0.050906839386016145,0.08215462935947926,-0.028134208611458433,-0.031247789973463114,0.0430417678994775,-0.6536490015271879,-0.7259876045621825,0.5133379666467373,0.467846369453945,0.607,0.521,0.481,True,999,0.00011483300477266312,0.0008733340073376894,weak_2x2_bal_strong_100_250,weak_null,True,1645,1907505461,-4.440892098500626e-16,0,0
100,250,0.009868386267911311,0.023033285873591547,0.004707606235797357,0.02089810868730524,-0.013164899605680236,-0.016190502451507882,0.02094073308508168,-0.6286742470854089,-0.7731583410058411,0.529562341308156,0.43942867729220814,0.777,0.551,0.462,True,999,0.00011733302380889654,0.0008062910055741668,weak_2x2_bal_strong_100_250,weak_null,True,1646,1907505461,-4.440892098500626e-16,0,0
100,250,0.04192574010735017,0.03370348002923218,0.03673751454763874,0.03154910389812926,0.008222260078117993,0.005188410649509478,0.034341669277183046,0.23942517213573386,0.15108207488785966,0.8107759129822967,0.8799109723503886,0.867,0.799,0.883,True,999,0.00010850001126527786,0.0008001660462468863,weak_2x2_bal_strong_100_250,weak_null,True,1647,1907505461,-4.440892098500626e-16,0,0
100,250,0.09162019972020741,0.05831131017285607,0.08640208299541996,0.0561954543723715,0.03330888954735134,0.03020662862304846,0.047554487747504065,0.7004363021258616,0.6352003786358498,0.48365487194904166,0.5252977363454558,0.569,0.458,0.514,True,999,0.00010858301538974047,0.0008207079954445362,weak_2x2_bal_strong_100_250,weak_null,True,1648,1907505461,-4.440892098500626e-16,0,0
100,250,0.08630462173553399,0.027433712001333765,0.08106570661712453,0.025290688811978157,0.05887090973420023,0.055775017805146376,0.04308771280079089,1.3663038928610671,1.2944529699920067,0.17184359966274732,0.19550900413345929,0.324,0.186,0.217,True,999,0.00010808405932039022,0.0008375420002266765,weak_2x2_bal_strong_100_250,weak_null,True,1649,1907505461,-4.440892098500626e-16,0,0
100,250,0.05343813071859982,0.03187668761792967,0.04824485387614175,0.02974566028002812,0.021561443100670152,0.018499193596113628,0.03673356951052448,0.5869683613102892,0.503604573217788,0.5572249558076252,0.6145392782550412,0.673,0.557,0.616,True,999,0.00010850001126527786,0.0008310839766636491,weak_2x2_bal_strong_100_250,weak_null,True,1650,1907505461,-4.440892098500626e-16,0,0
100,250,0.029178645530158254,0.02740204536620683,0.02399754193631054,0.025277384852259388,0.001776600163951425,-0.0012798429159488478,0.029190818627078365,0.06086160811891011,-0.043844022749044226,0.9514694250204621,0.9650287357243216,0.967,0.963,0.976,True,999,0.00011350004933774471,0.0008322920184582472,weak_2x2_bal_strong_100_250,weak_null,True,1651,1907505461,-4.440892098500626e-16,0,0
100,250,0.0743517013374243,0.04758830914416362,0.0691471279678808,0.04549708532118757,0.026763392193260682,0.023650042646693237,0.04294849666331848,0.6231508497972365,0.5506605465632585,0.53318539683056,0.5818663951286447,0.643,0.579,0.628,True,999,0.0001154160127043724,0.0008272500708699226,weak_2x2_bal_strong_100_250,weak_null,True,1652,1907505461,-4.440892098500626e-16,0,0
100,250,0.07324866353757342,0.05495039396697704,0.06804378717409065,0.05282482574655489,0.01829826957059638,0.01521896142753576,0.043976630331263436,0.41609076076908863,0.3460692943705704,0.6773435904759593,0.7292906388344189,0.754,0.689,0.743,True,999,0.00011599995195865631,0.0008408329449594021,weak_2x2_bal_strong_100_250,weak_null,True,1653,1907505461,-4.440892098500626e-16,0,0
100,250,0.03988480078387058,0.04286708704806563,0.03470583080502365,0.0407636187217264,-0.0029822862641950554,-0.00605778791670275,0.03469931393853257,-0.08594654838069621,-0.17457947230408366,0.9315089081248314,0.8614100795842015,0.959,0.939,0.859,True,999,0.00011508306488394737,0.0008692919509485364,weak_2x2_bal_strong_100_250,weak_null,True,1654,1907505461,-4.440892098500626e-16,0,0
100,250,0.10918594307980223,0.03094002972807025,0.10395432219971212,0.028848088331017152,0.07824591335173198,0.07510623386869497,0.04737638027230744,1.6515806590118172,1.585309671971631,0.09862006547299838,0.11289599260273164,0.161,0.095,0.114,True,999,0.00012370909098535776,0.0008112499490380287,weak_2x2_bal_strong_100_250,weak_null,True,1655,1907505461,-4.440892098500626e-16,0,0
100,250,0.022080274395515076,0.09098121754369831,0.016905803319772872,0.08888005514528174,-0.06890094314818324,-0.07197425182550887,0.03607211670081294,-1.9100887180992752,-1.995287729369284,0.05612179135929161,0.046011507434175605,0.146,0.056,0.052,True,999,0.00011145905591547489,0.0007961249211803079,weak_2x2_bal_strong_100_250,weak_null,True,1656,1907505461,-4.440892098500626e-16,0,0
100,250,0.04725555557675609,0.03131213890581269,0.04206490692027387,0.02918402743952697,0.0159434166709434,0.012880879480746898,0.03510225234441692,0.45419924950996005,0.3669530762402951,0.6496854231603284,0.7136540197139953,0.739,0.636,0.721,True,999,0.00010995892807841301,0.0007946249097585678,weak_2x2_bal_strong_100_250,weak_null,True,1657,1907505461,-4.440892098500626e-16,0,0
100,250,0.016704622019252935,0.07426788334022849,0.011538431712835973,0.07214330421271598,-0.057563261320975556,-0.06060487249988,0.03319458272473035,-1.73411612968071,-1.8257458755379583,0.08289748015243509,0.0678885494701816,0.289,0.101,0.087,True,999,0.00010924995876848698,0.000819541048258543,weak_2x2_bal_strong_100_250,weak_null,True,1658,1907505461,-4.440892098500626e-16,0,0
100,250,0.05247954414889877,0.03645068814041674,0.04728988711309512,0.034314191837410135,0.01602885600848203,0.012975695275684984,0.037316875294916674,0.4295337131473462,0.34771655378800004,0.6675348649252053,0.7280530634313611,0.772,0.672,0.722,True,999,0.00011162494774907827,0.0008242499316111207,weak_2x2_bal_strong_100_250,weak_null,True,1659,1907505461,-4.440892098500626e-16,0,0
100,250,0.08232370950147083,0.09077534762282591,0.07711060018824867,0.08864914121527079,-0.008451638121355076,-0.01153854102702212,0.04927390081902591,-0.1715236257100165,-0.2341714545678266,0.8638120550808494,0.8148518749126417,0.871,0.849,0.82,True,999,0.00010954204481095076,0.0008401250233873725,weak_2x2_bal_strong_100_250,weak_null,True,1660,1907505461,-4.440892098500626e-16,0,0
100,250,0.051912047129490935,0.05149394612164665,0.046724493421635316,0.049365849904091874,0.00041810100784428483,-0.0026413564824565583,0.03924532275037435,0.01065352451051754,-0.06730372684809588,0.9914998780657786,0.9463399100228258,1.0,1.0,0.946,True,999,0.00011066696606576443,0.0008278329623863101,weak_2x2_bal_strong_100_250,weak_null,True,1661,1907505461,-4.440892098500626e-16,0,0
100,250,0.06112853344690561,0.048238940154045395,0.055930064843664695,0.04613939699842717,0.012889593292860213,0.009790667845237522,0.04053181990403563,0.3180117084152157,0.24155510086687954,0.7504760555678043,0.8091249161669849,0.827,0.788,0.829,True,999,0.0001129999291151762,0.0008287500822916627,weak_2x2_bal_strong_100_250,weak_null,True,1662,1907505461,-4.440892098500626e-16,0,0
100,250,0.01106283630255267,0.033816314406782844,0.005882782523670471,0.031699758680261425,-0.022753478104230174,-0.025816976156590954,0.023898635366737857,-0.9520827342258414,-1.0802698882348338,0.3410550246563072,0.2800220145732252,0.6,0.341,0.287,True,999,0.00011500006075948477,0.000857542036101222,weak_2x2_bal_strong_100_250,weak_null,True,1663,1907505461,-4.440892098500626e-16,0,0
100,250,0.07574288624862546,0.06100477679587152,0.07052801354556948,0.058899027816011085,0.014738109452753945,0.011628985729558394,0.04487403313568173,0.3284329137118475,0.2591473267935787,0.7425843603762408,0.7955215701793427,0.815,0.786,0.82,True,999,0.00011279108002781868,0.0008005829295143485,weak_2x2_bal_strong_100_250,weak_null,True,1664,1907505461,-4.440892098500626e-16,0,0
100,250,0.039534547637448014,0.050271443737145705,0.03435537000655131,0.048122150683042264,-0.01073689609969769,-0.013766780676490953,0.036280985246248565,-0.2959372802812151,-0.3794489202278329,0.7672779799744118,0.70435452875633,0.841,0.777,0.719,True,999,0.00012512493412941694,0.0008030419703572989,weak_2x2_bal_strong_100_250,weak_null,True,1665,1907505461,-4.440892098500626e-16,0,0
100,250,0.01560381534759514,0.05669012228705461,0.010436110789427744,0.05458830268806025,-0.04108630693945947,-0.04415219189863251,0.029641466446586235,-1.3861091189093757,-1.4895414158471048,0.16571358630855604,0.13634485581082323,0.387,0.173,0.15,True,999,0.00011212495155632496,0.0008188750362023711,weak_2x2_bal_strong_100_250,weak_null,True,1666,1907505461,-4.440892098500626e-16,0,0
100,250,0.08209242490492885,0.024551260307979828,0.07688264482766272,0.022430643404192097,0.057541164596949024,0.05445200142347062,0.041916211685260246,1.3727663422690286,1.2990678125289303,0.1698249973184197,0.1939206581012043,0.272,0.179,0.208,True,999,0.00011424999684095383,0.0008338750340044498,weak_2x2_bal_strong_100_250,weak_null,True,1667,1907505461,-4.440892098500626e-16,0,0
100,250,0.04572033088704963,0.03746900474617171,0.04053781125691103,0.03537102365336864,0.008251326140877924,0.005166787603542389,0.035339260587601666,0.23348892997984225,0.14620531153261002,0.8153817646288977,0.883759312623583,0.869,0.826,0.908,True,999,0.00011608307249844074,0.0008337909821420908,weak_2x2_bal_strong_100_250,weak_null,True,1668,1907505461,-4.440892098500626e-16,0,0
100,250,0.05899469949768721,0.060748683212131005,0.05380304350626375,0.058644015855037424,-0.0017539837144437964,-0.0048409723487736755,0.041569472987762826,-0.042194032985699195,-0.11645498489236934,0.9663440193135798,0.9072919601401606,0.988,0.984,0.904,True,999,0.00011600006837397814,0.0008383749518543482,weak_2x2_bal_strong_100_250,weak_null,True,1669,1907505461,-4.440892098500626e-16,0,0
100,250,0.16594042421562216,0.08739812113765799,0.16051082018796592,0.08526371126816912,0.07854230307796417,0.0752471089197968,0.05908643948370844,1.3292779826345804,1.2735089400765847,0.18375627540780592,0.20283750219995167,0.263,0.197,0.217,True,999,0.00011150003410875797,0.0008444160921499133,weak_2x2_bal_strong_100_250,weak_null,True,1670,1907505461,-4.440892098500626e-16,0,0
100,250,0.025252912162523122,0.08208358957490502,0.020073573065801043,0.07993467770670293,-0.0568306774123819,-0.059861104640901885,0.03672159663732319,-1.5476091078953849,-1.6301334942517207,0.12171643723875084,0.1030732860847179,0.301,0.128,0.114,True,999,0.00010845903307199478,0.0008498340612277389,weak_2x2_bal_strong_100_250,weak_null,True,1671,1907505461,-4.440892098500626e-16,0,0
100,250,0.07457264285283094,0.05952021391882384,0.06936812884669052,0.057372252076461905,0.0150524289340071,0.01199587677022862,0.04507529568689907,0.33393966039765816,0.26612974107932846,0.7384250913054171,0.7901392905923472,0.776,0.735,0.783,True,999,0.0001764580374583602,0.0008247499354183674,weak_2x2_bal_strong_100_250,weak_null,True,1672,1907505461,-4.440892098500626e-16,0,0
100,250,0.02077848484820599,0.04599570031759442,0.015608506129339617,0.04388506108944057,-0.025217215469388432,-0.028276554960100952,0.029650450421866294,-0.8504833859384312,-0.9536635888420725,0.39505639348950305,0.3402539566197972,0.609,0.399,0.35,True,999,0.0001103340182453394,0.0008025839924812317,weak_2x2_bal_strong_100_250,weak_null,True,1673,1907505461,-4.440892098500626e-16,0,0
100,250,0.00710077620798133,0.08744992263453588,0.0019417275689477265,0.08534754841791425,-0.08034914642655455,-0.08340582084896653,0.03147482949375984,-2.55280640813271,-2.649921292361646,0.010685887214339492,0.008051052450208901,0.118,0.025,0.023,True,999,0.00010962504893541336,0.0008149999193847179,weak_2x2_bal_strong_100_250,weak_null,True,1674,1907505461,-4.440892098500626e-16,0,0
100,250,0.050939565442628676,0.03913966749249892,0.04573584983982926,0.037040229230299815,0.011799897950129756,0.008695620609529442,0.036787289809094584,0.32076018677550355,0.2363756790634711,0.7483921327075909,0.8131411668186106,0.829,0.755,0.831,True,999,0.00010850001126527786,0.000836416962556541,weak_2x2_bal_strong_100_250,weak_null,True,1675,1907505461,-4.440892098500626e-16,0,0
100,250,0.042326694798298425,0.05712044220834045,0.03713193948796345,0.055010289763629316,-0.014793747410042024,-0.017878350275665866,0.03739007120165011,-0.39565978171737587,-0.4781576953744034,0.6923560288428957,0.6325379701252057,0.78,0.71,0.673,True,999,0.0001224169973284006,0.0008086659945547581,weak_2x2_bal_strong_100_250,weak_null,True,1676,1907505461,-4.440892098500626e-16,0,0
100,250,0.06627772298751888,0.04489542248671613,0.061081049906505314,0.042752659254148284,0.021382300500802753,0.01832839065235703,0.04150052682464978,0.5152296160274875,0.4416423610668634,0.6063925759225917,0.6587480250824569,0.704,0.604,0.65,True,999,0.00011200003791600466,0.0007994999177753925,weak_2x2_bal_strong_100_250,weak_null,True,1677,1907505461,-4.440892098500626e-16,0,0
100,250,0.05247954414889877,0.08148066121362357,0.04728988711309512,0.07937725860593048,-0.029001117064724802,-0.03208737149283536,0.04236972161686894,-0.6844774040993084,-0.7573184403472739,0.493673753029197,0.44885910576217813,0.614,0.509,0.453,True,999,0.00011108396574854851,0.0007979590445756912,weak_2x2_bal_strong_100_250,weak_null,True,1678,1907505461,-4.440892098500626e-16,0,0
100,250,0.03405977333939536,0.09710609759136363,0.028880956446641903,0.09499198859582236,-0.06304632425196827,-0.06611103214918046,0.04010339764918868,-1.5720943348360843,-1.648514490654832,0.11592867515318607,0.0992471396206342,0.273,0.126,0.114,True,999,0.00011020794045180082,0.0008253749692812562,weak_2x2_bal_strong_100_250,weak_null,True,1679,1907505461,-4.440892098500626e-16,0,0
100,250,0.02928001942174485,0.05956378294149012,0.024106287714261043,0.05744940399908671,-0.030283763519745266,-0.03334311628482567,0.03412287797839724,-0.887491481196795,-0.9771484194836898,0.3748143506007081,0.32849567964171755,0.582,0.389,0.351,True,999,0.00010945799294859171,0.000859541934914887,weak_2x2_bal_strong_100_250,weak_null,True,1680,1907505461,-4.440892098500626e-16,0,0
100,250,0.02449100150881167,0.024288989284077023,0.019321222187500098,0.02215222402453776,0.00020201222473464897,-0.002831001837037661,0.02713445454166658,0.0074448603499453845,-0.10433236580048029,0.9940599157419604,0.9169055938679955,0.996,0.994,0.931,True,999,0.00011266698129475117,0.0008368749404326081,weak_2x2_bal_strong_100_250,weak_null,True,1681,1907505461,-4.440892098500626e-16,0,0
100,250,0.06548347911636199,0.055237501595894356,0.06028283510943311,0.05309549474968378,0.01024597752046763,0.007187340359749328,0.04268608071619121,0.2400308800564405,0.16837667546796128,0.8103063174472167,0.8662869564058014,0.868,0.815,0.879,True,999,0.00011016696225851774,0.0008417919743806124,weak_2x2_bal_strong_100_250,weak_null,True,1682,1907505461,-4.440892098500626e-16,0,0
100,250,0.04725555557675609,0.08947332573004546,0.04206490692027387,0.08738250772333345,-0.04221777015328937,-0.04531760080305958,0.04170868613524937,-1.0122057073768564,-1.0865266926919617,0.3114397078828973,0.27724603804447023,0.45,0.288,0.255,True,999,0.0001092089805752039,0.0008546670433133841,weak_2x2_bal_strong_100_250,weak_null,True,1683,1907505461,-4.440892098500626e-16,0,0
100,250,0.034206006545573486,0.020204635096925383,0.02903104905192322,0.018090565063843655,0.014001371448648103,0.010940483988079563,0.029383864494475106,0.4764986392882634,0.3723296501771115,0.6337191765226989,0.7096474253473165,0.775,0.666,0.733,True,999,0.00011054205242544413,0.000838999985717237,weak_2x2_bal_strong_100_250,weak_null,True,1684,1907505461,-4.440892098500626e-16,0,0
100,250,0.010232258973874697,0.036566933575977234,0.005070424902925197,0.03442973242066216,-0.026334674602102537,-0.029359307517736966,0.024559833943465618,-1.072265987739267,-1.1954196264241557,0.2836005789849271,0.23192312130366632,0.539,0.259,0.221,True,999,0.00011283298954367638,0.0008403749670833349,weak_2x2_bal_strong_100_250,weak_null,True,1685,1907505461,-4.440892098500626e-16,0,0
100,250,0.06639707712193688,0.0493011661268728,0.061199525402599875,0.04715926689230798,0.01709591099506408,0.014040258510291892,0.042253167721131184,0.40460661098586137,0.3322888973190579,0.6857666982999933,0.73967112272687,0.775,0.676,0.745,True,999,0.00011833303142338991,0.0008544159354642034,weak_2x2_bal_strong_100_250,weak_null,True,1686,1907505461,-4.440892098500626e-16,0,0
100,250,0.16208994862108672,0.0713373452824867,0.15675697805173172,0.06919856267697355,0.09075260333860002,0.08755841537475817,0.05827319308547285,1.557364519316586,1.5025504994437304,0.11938396503978377,0.13295499630760532,0.154,0.113,0.131,True,999,0.00011537503451108932,0.0008501659613102674,weak_2x2_bal_strong_100_250,weak_null,True,1687,1907505461,-4.440892098500626e-16,0,0
100,250,0.05940846856642301,0.03558934272289402,0.054215277101889114,0.03344254302881211,0.023819125843528993,0.020772734073077004,0.03871831703444753,0.6151901133083139,0.5365092200313248,0.5384291762196552,0.5916066654755986,0.63,0.521,0.559,True,999,0.00011562509462237358,0.0008426249260082841,weak_2x2_bal_strong_100_250,weak_null,True,1688,1907505461,-4.440892098500626e-16,0,0
100,250,0.06089950390415266,0.11228205074065173,0.055698012723695456,0.11014079229070717,-0.051382546836499066,-0.05444277956701171,0.04736429178782185,-1.0848372243520037,-1.1494477698705896,0.27799375550328553,0.25037139192490354,0.373,0.271,0.245,True,999,0.00012029195204377174,0.0009182909270748496,weak_2x2_bal_strong_100_250,weak_null,True,1689,1907505461,-4.440892098500626e-16,0,0
100,250,0.042195621286535756,0.03007515391850013,0.03700754552518504,0.027960471712901835,0.012120467368035626,0.009047073812283202,0.0333571725710562,0.36335415845623786,0.2712182452817745,0.7163403412048202,0.7862231810136483,0.803,0.715,0.785,True,999,0.00011837505735456944,0.000841874978505075,weak_2x2_bal_strong_100_250,weak_null,True,1690,1907505461,-4.440892098500626e-16,0,0
100,250,0.04882964909106846,0.10164233764562092,0.043640658046911085,0.09949417458810217,-0.052812688554552456,-0.055853516541191084,0.044387627330174775,-1.1898065233743709,-1.2583127303860593,0.23412244504649504,0.2082786789814598,0.363,0.233,0.201,True,999,0.00011654198169708252,0.0008556670509278774,weak_2x2_bal_strong_100_250,weak_null,True,1691,1907505461,-4.440892098500626e-16,0,0
100,250,0.020681199702191733,0.061035000365601,0.015507347313203468,0.05893390157157796,-0.04035380066340927,-0.043426554258374495,0.0317960363211344,-1.2691456336205855,-1.3657851506953227,0.20438912714354296,0.17200640851198334,0.367,0.212,0.185,True,999,0.00011566595640033484,0.000844749971292913,weak_2x2_bal_strong_100_250,weak_null,True,1692,1907505461,-4.440892098500626e-16,0,0
100,250,0.020068881968934305,0.050932582783378255,0.014902775810469393,0.04884009540438683,-0.03086370081444395,-0.03393731959391744,0.02977500889546509,-1.0365639494114367,-1.1397920891666398,0.2999391217381956,0.25437293028336516,0.517,0.33,0.293,True,999,0.00011554197408258915,0.0008557910332456231,weak_2x2_bal_strong_100_250,weak_null,True,1693,1907505461,-4.440892098500626e-16,0,0
100,250,0.06311256316112324,0.013283979623048725,0.05790627345332666,0.011158408392219599,0.04982858353807451,0.04674786506110706,0.03625105381556232,1.3745416558534211,1.2895587890754927,0.16927358741284915,0.19720389211368838,0.329,0.188,0.213,True,999,0.0001181670231744647,0.000859249965287745,weak_2x2_bal_strong_100_250,weak_null,True,1694,1907505461,-4.440892098500626e-16,0,0
100,250,0.01610492819232079,0.033639495298659394,0.010939889439384842,0.03152370489921452,-0.017534567106338605,-0.02058381545982968,0.025862199630017305,-0.6779998359453879,-0.7959035099218243,0.49777179723431764,0.4260881210121247,0.674,0.498,0.444,True,999,0.0001164580462500453,0.0008518750546500087,weak_2x2_bal_strong_100_250,weak_null,True,1695,1907505461,-4.440892098500626e-16,0,0
100,250,0.0653260642008755,0.05725061815031646,0.06012908305828546,0.055139868287113813,0.008075446050559043,0.004989214771171646,0.042592284862213725,0.1895987988595389,0.11713893225760917,0.8496235285097767,0.9067499586089096,0.87,0.835,0.919,True,999,0.00011683395132422447,0.0008476250804960728,weak_2x2_bal_strong_100_250,weak_null,True,1696,1907505461,-4.440892098500626e-16,0,0
100,250,0.06607918563312642,0.06480497166842258,0.060881532323605825,0.06268042970802412,0.0012742139647038409,-0.0017988973844182965,0.043432819896442536,0.029337583139707864,-0.04141792747299006,0.976595352782105,0.9669627210030659,0.97,0.969,0.977,True,999,0.00011599995195865631,0.0008796670008450747,weak_2x2_bal_strong_100_250,weak_null,True,1697,1907505461,-4.440892098500626e-16,0,0
100,250,0.04606453410618794,0.02740204536620683,0.040880754384517104,0.025277384852259388,0.01866248873998111,0.015603369532257716,0.03411775185463565,0.5470023001367659,0.45733873670042696,0.5843771518899474,0.6474275910586016,0.71,0.591,0.645,True,999,0.0001344579504802823,0.0008253749692812562,weak_2x2_bal_strong_100_250,weak_null,True,1698,1907505461,-4.440892098500626e-16,0,0
100,250,0.07391015090475472,0.06582148426278867,0.06870545758084745,0.0637102777547085,0.008088666641966058,0.004995179826138951,0.04520528924263307,0.17893186344967887,0.11049989746394547,0.8579912031045932,0.9120129311843663,0.893,0.848,0.903,True,999,0.0001109590521082282,0.000824499991722405,weak_2x2_bal_strong_100_250,weak_null,True,1699,1907505461,-4.440892098500626e-16,0,0
100,250,0.06707733961080509,0.01791400548137509,0.06187720775957928,0.01572594383287651,0.04916333412943,0.04615126392670277,0.038020309666562446,1.2930808444379258,1.2138581808367337,0.19598309955416116,0.2248018845266072,0.364,0.217,0.243,True,999,0.00011537503451108932,0.0008025000570341945,weak_2x2_bal_strong_100_250,weak_null,True,1700,1907505461,-4.440892098500626e-16,0,0
100,250,0.03423234816791654,0.08804405506974583,0.02905026202003569,0.0859053892372259,-0.05381170690182929,-0.056855127217190216,0.03926139866863849,-1.3706008631020425,-1.4481177223725699,0.17049941377408673,0.14758412992979,0.273,0.167,0.151,True,999,0.00011000002268701792,0.0007947500562295318,weak_2x2_bal_strong_100_250,weak_null,True,1701,1907505461,-4.440892098500626e-16,0,0
100,250,0.0656604364922867,0.05831131017285607,0.06045503138852837,0.0561954543723715,0.007349126319430632,0.004259577016156868,0.04275094547576268,0.17190558565768244,0.09963702483660397,0.8635117552407197,0.9206324985011276,0.897,0.865,0.918,True,999,0.00010895798914134502,0.0008254999993368983,weak_2x2_bal_strong_100_250,weak_null,True,1702,1907505461,-4.440892098500626e-16,0,0
100,250,0.17952061698698396,0.05152778720073431,0.17421199721225378,0.049412018372009925,0.12799282978624965,0.12479997884024385,0.05874152047771809,2.178915845986657,2.124561601832951,0.029337920385001395,0.03362321074721384,0.061,0.039,0.05,True,999,0.000112209003418684,0.0008294170256704092,weak_2x2_bal_strong_100_250,weak_null,True,1703,1907505461,-4.440892098500626e-16,0,0
100,250,0.01287623345914679,0.08751329464436763,0.00771415638007511,0.08541686485240518,-0.07463706118522084,-0.07770270847233007,0.032992595985326514,-2.262236691481196,-2.35515594186309,0.023682783501521015,0.018514933943342762,0.147,0.04,0.032,True,999,0.00011316698510199785,0.0008544590091332793,weak_2x2_bal_strong_100_250,weak_null,True,1704,1907505461,-4.440892098500626e-16,0,0
100,250,0.04725555557675609,0.05030172163616781,0.04206490692027387,0.04818444640706332,-0.0030461660594117146,-0.006119539486789449,0.03768457333621098,-0.08083323730999134,-0.16238845089720583,0.9355745749973521,0.8709999649805499,0.956,0.939,0.874,True,999,0.00012741691898554564,0.0008240839233621955,weak_2x2_bal_strong_100_250,weak_null,True,1705,1907505461,-4.440892098500626e-16,0,0
100,250,0.06986929621782778,0.08516813733825701,0.06465811174034286,0.08306611604263026,-0.01529884112042923,-0.018408004302287395,0.0459698016085779,-0.33280198271672523,-0.4004368880907349,0.7392837614841877,0.6888347592278715,0.791,0.742,0.685,True,999,0.00011037499643862247,0.0008217500289902091,weak_2x2_bal_strong_100_250,weak_null,True,1706,1907505461,-4.440892098500626e-16,0,0
100,250,0.04572033088704963,0.02421104709359201,0.04053781125691103,0.022074672294365882,0.021509283793457623,0.018463138962545145,0.033613562557914194,0.639898962104906,0.549276469304146,0.5222382887233397,0.5828157331000835,0.664,0.51,0.58,True,999,0.0001092919846996665,0.0007989589357748628,weak_2x2_bal_strong_100_250,weak_null,True,1707,1907505461,-4.440892098500626e-16,0,0
100,250,0.024947627515162663,0.03138734336231086,0.01977607778650281,0.029284589196294064,-0.0064397158471481974,-0.009508511409791254,0.028312620444313052,-0.22745036475215052,-0.3358400338991285,0.8200735609413431,0.7369914990579756,0.896,0.816,0.719,True,999,0.00010954204481095076,0.0008088329341262579,weak_2x2_bal_strong_100_250,weak_null,True,1708,1907505461,-4.440892098500626e-16,0,0
100,250,0.08867575753133428,0.024428211800200605,0.08345952307644211,0.02226445097133478,0.06424754573113367,0.06119507210510733,0.04345527310939823,1.478475249008126,1.408231216291043,0.13928061720271756,0.15906261561800616,0.298,0.152,0.184,True,999,0.00011591706424951553,0.0008246250217780471,weak_2x2_bal_strong_100_250,weak_null,True,1709,1907505461,-4.440892098500626e-16,0,0
100,250,0.03909782630882219,0.04849334449640191,0.033918385229867454,0.04639922486178705,-0.009395518187579721,-0.012480839631919594,0.03508390131362974,-0.2678014085032686,-0.3557426387774872,0.7888521864861916,0.7220333099897479,0.87,0.771,0.702,True,999,0.0001248749904334545,0.0008053750498220325,weak_2x2_bal_strong_100_250,weak_null,True,1710,1907505461,-4.440892098500626e-16,0,0
100,250,0.07408028741081829,0.08516813733825701,0.06887766347199431,0.08306611604263026,-0.01108784992743872,-0.014188452570635945,0.04683197662997737,-0.23675810258970223,-0.3029650591675827,0.8128444567694357,0.7619164896583421,0.84,0.821,0.768,True,999,0.0001140000531449914,0.0008048750460147858,weak_2x2_bal_strong_100_250,weak_null,True,1711,1907505461,-4.440892098500626e-16,0,0
100,250,0.040794829905367314,0.05712044220834045,0.03561094977699497,0.055010289763629316,-0.016325612302973136,-0.019399339986634345,0.03704759519486694,-0.440665911433709,-0.5236329074693136,0.6594548784895645,0.6005338887384262,0.758,0.67,0.613,True,999,0.0001112079480662942,0.0008264159550890326,weak_2x2_bal_strong_100_250,weak_null,True,1712,1907505461,-4.440892098500626e-16,0,0
100,250,0.05596519686541068,0.07227849737863429,0.05077234825118637,0.0701535671814213,-0.016313300513223605,-0.019381218930234922,0.04251141076327035,-0.38373933540023136,-0.45590627509779563,0.7011716550883578,0.6484573769292341,0.764,0.713,0.639,True,999,0.00011108291801065207,0.000834624981507659,weak_2x2_bal_strong_100_250,weak_null,True,1713,1907505461,-4.440892098500626e-16,0,0
100,250,0.023770755349350803,0.0620992811211179,0.018600276937249305,0.059960760887832976,-0.0383285257717671,-0.04136048395058367,0.03358693924196961,-1.1411735227088657,-1.2314454631489729,0.25379772028214553,0.21815630213983972,0.419,0.242,0.214,True,999,0.00011249992530792952,0.0008292499696835876,weak_2x2_bal_strong_100_250,weak_null,True,1714,1907505461,-4.440892098500626e-16,0,0
100,250,0.05890557724567691,0.09643712101407503,0.05368991604868256,0.09426880750969246,-0.03753154376839812,-0.0405788914610099,0.04570132758938567,-0.8212353064578147,-0.8879149381742364,0.41151224938898734,0.374586508676787,0.553,0.391,0.363,True,999,0.00011749996338039637,0.0008484589634463191,weak_2x2_bal_strong_100_250,weak_null,True,1715,1907505461,-4.440892098500626e-16,0,0
100,250,0.07408028741081829,0.07749614174036207,0.06887766347199431,0.07534200825811865,-0.003415854329543777,-0.006464344786124343,0.04688068129644953,-0.07286272799543282,-0.13788930978300254,0.9419153538254251,0.8903278992576161,0.934,0.925,0.902,True,999,0.00010820792522281408,0.000800000037997961,weak_2x2_bal_strong_100_250,weak_null,True,1716,1907505461,-4.440892098500626e-16,0,0
100,250,0.033840617381271976,0.020312839933279647,0.028649796272162575,0.01819839348550545,0.013527777447992329,0.010451402786657127,0.02919873212407991,0.4633001662711273,0.35794029488143275,0.6431492266252887,0.7203879948492578,0.749,0.638,0.704,True,999,0.00010729092173278332,0.0008026249706745148,weak_2x2_bal_strong_100_250,weak_null,True,1717,1907505461,-4.440892098500626e-16,0,0
100,250,0.05113387979598527,0.01854285471055711,0.04593024971897819,0.01638864576993626,0.03259102508542816,0.029541603949041928,0.0340109071050834,0.9582521567193655,0.8685920624747621,0.3379356226514927,0.3850702975557795,0.513,0.35,0.404,True,999,0.00010750000365078449,0.0008157499833032489,weak_2x2_bal_strong_100_250,weak_null,True,1718,1907505461,-4.440892098500626e-16,0,0
100,250,0.051912047129490935,0.08140108820423109,0.046724493421635316,0.07928875856316608,-0.029489041074740152,-0.03256426514153077,0.042142113827844795,-0.6997522999251095,-0.7727250055504904,0.4840820085016083,0.4396851446459865,0.59,0.485,0.438,True,999,0.00010974996257573366,0.0008208330255001783,weak_2x2_bal_strong_100_250,weak_null,True,1719,1907505461,-4.440892098500626e-16,0,0
100,250,0.013159874196877808,0.041197351644924496,0.007990290758883134,0.039103180750686306,-0.028037477448046688,-0.031112889991803172,0.025873723098883913,-1.0836274834082966,-1.2024898725589768,0.2785300000382701,0.2291737875630181,0.562,0.268,0.23,True,999,0.00010958302300423384,0.000861500040628016,weak_2x2_bal_strong_100_250,weak_null,True,1720,1907505461,-4.440892098500626e-16,0,0
100,250,0.12046022793828759,0.05840357733225465,0.1152184146305899,0.056277495610260075,0.06205665060603294,0.05894091902032983,0.0522631034448269,1.1873893151321349,1.127773039397719,0.235074092624733,0.25941578223680706,0.355,0.252,0.28,True,999,0.00011600006837397814,0.0008051668992266059,weak_2x2_bal_strong_100_250,weak_null,True,1721,1907505461,-4.440892098500626e-16,0,0
100,250,0.08049150769159152,0.03778897476275844,0.07527796212251303,0.035689920259571295,0.04270253292883308,0.039588041862941736,0.043124534838261175,0.9902143429254179,0.9179934812379292,0.3220693634518821,0.35862227866324203,0.409,0.32,0.36,True,999,0.00011100003030151129,0.000795917003415525,weak_2x2_bal_strong_100_250,weak_null,True,1722,1907505461,-4.440892098500626e-16,0,0
100,250,0.04620082918151336,0.027593546845632255,0.04101419296897291,0.02549326030167265,0.018607282335881103,0.015520932667300258,0.03394657060395825,0.5481343771942445,0.4572165138086285,0.5835996373104554,0.6475154298829247,0.702,0.621,0.678,True,999,0.00011066696606576443,0.0007995839696377516,weak_2x2_bal_strong_100_250,weak_null,True,1723,1907505461,-4.440892098500626e-16,0,0
100,250,0.06650310385474323,0.08745911978350007,0.06130558577169154,0.08534876760467114,-0.020956015928756844,-0.0240431818329796,0.045893968910929506,-0.4566180791517082,-0.5238854342635376,0.6479455821556408,0.6003582263035458,0.732,0.66,0.619,True,999,0.00011091690976172686,0.0008459999226033688,weak_2x2_bal_strong_100_250,weak_null,True,1724,1907505461,-4.440892098500626e-16,0,0
100,250,0.04419424606245037,0.09082004111352865,0.03899168310111634,0.08871299164363222,-0.04662579505107828,-0.049721308542515885,0.04148967291216639,-1.1237927845270088,-1.1984020372437223,0.26110094321715127,0.23076053974814115,0.381,0.248,0.229,True,999,0.00011475000064820051,0.0007971249287948012,weak_2x2_bal_strong_100_250,weak_null,True,1725,1907505461,-4.440892098500626e-16,0,0
100,250,0.013597708298657585,0.04920600519681129,0.008429703732630855,0.047081922362878004,-0.0356082968981537,-0.03865221863024715,0.028214481515800853,-1.2620574607480246,-1.3699425455896075,0.20692811081451623,0.17070483728356,0.48,0.2,0.165,True,999,0.00011054205242544413,0.0007964579854160547,weak_2x2_bal_strong_100_250,weak_null,True,1726,1907505461,-4.440892098500626e-16,0,0
100,250,0.05901705585352923,0.047012041833379925,0.053820261823716464,0.04493389649110213,0.012005014020149307,0.008886365332614332,0.03946019175781476,0.30423101068108255,0.22519822983005303,0.7609519007524407,0.8218250664761256,0.833,0.757,0.802,True,999,0.00010945799294859171,0.0008348328992724419,weak_2x2_bal_strong_100_250,weak_null,True,1727,1907505461,-4.440892098500626e-16,0,0
100,250,0.042326694798298425,0.061480765195121745,0.03713193948796345,0.05933218625779091,-0.01915407039682332,-0.02220024676982746,0.03857791354076926,-0.49650353372743283,-0.575465200998135,0.6195391948131757,0.5649767190330565,0.721,0.613,0.561,True,999,0.00010983296670019627,0.0008423329563811421,weak_2x2_bal_strong_100_250,weak_null,True,1728,1907505461,-4.440892098500626e-16,0,0
100,250,0.03548435830060881,0.02158345234852721,0.030285172954819473,0.019450864411453495,0.0139009059520816,0.010834308543365978,0.03004120093484889,0.46272803747855634,0.3606483165191237,0.6435593187116027,0.7183623653268874,0.766,0.635,0.705,True,999,0.00011870800517499447,0.0008401660015806556,weak_2x2_bal_strong_100_250,weak_null,True,1729,1907505461,-4.440892098500626e-16,0,0
100,250,0.04716028792180771,0.02658091336046975,0.0419478991427269,0.024399438901916426,0.02057937456133796,0.01754846024081047,0.03438234064342364,0.5985448976486192,0.5103916694562501,0.5494764104137855,0.6097770919466181,0.666,0.525,0.586,True,999,0.00011354091111570597,0.0008370829746127129,weak_2x2_bal_strong_100_250,weak_null,True,1730,1907505461,-4.440892098500626e-16,0,0
100,250,0.07923559566686189,0.05380032029144832,0.07402173569226989,0.051668210559142835,0.02543527537541357,0.02235352513312705,0.04523423797867533,0.562301400709004,0.4941726915719265,0.5739106841534724,0.6211842241138401,0.689,0.601,0.616,True,999,0.00011308398097753525,0.0008502919226884842,weak_2x2_bal_strong_100_250,weak_null,True,1731,1907505461,-4.440892098500626e-16,0,0
100,250,0.029005663938671544,0.02640514088678142,0.023834031661209565,0.024308490063376098,0.0026005230518901246,-0.00047445840216653323,0.028702306420297027,0.09060327814113041,-0.0165303232158032,0.9278078270686185,0.98681131096213,0.964,0.942,0.991,True,999,0.00011100003030151129,0.0008295420557260513,weak_2x2_bal_strong_100_250,weak_null,True,1732,1907505461,-4.440892098500626e-16,0,0
100,250,0.028983205450210714,0.061878805695342154,0.02380625383968038,0.05978093153606778,-0.03289560024513144,-0.0359746776963874,0.03434884220211885,-0.9576916756484514,-1.0473330508405976,0.3382182555904665,0.29494599767956753,0.509,0.358,0.324,True,999,0.0001236249227076769,0.0007984170224517584,weak_2x2_bal_strong_100_250,weak_null,True,1733,1907505461,-4.440892098500626e-16,0,0
100,250,0.02171366565558097,0.05998576614924406,0.016540932009760922,0.057849585884738985,-0.038272100493663086,-0.04130865387497806,0.03256755558378309,-1.1751603645905975,-1.26839896745421,0.23993056401761448,0.20465551018337957,0.471,0.241,0.211,True,999,0.00010879198089241982,0.000799583038315177,weak_2x2_bal_strong_100_250,weak_null,True,1734,1907505461,-4.440892098500626e-16,0,0
100,250,0.08232370950147083,0.07204477466508158,0.07711060018824867,0.0699354798879881,0.010278934836389253,0.0071751203002605735,0.047309856972234186,0.21726835577672293,0.15166226996779128,0.8279992164918918,0.8794533170607359,0.847,0.828,0.87,True,999,0.0001089159632101655,0.0007978749927133322,weak_2x2_bal_strong_100_250,weak_null,True,1735,1907505461,-4.440892098500626e-16,0,0
100,250,0.028899737350249977,0.04517519126542924,0.023727442927850007,0.043040278690099854,-0.01627545391517926,-0.019312835762249847,0.03248226078330933,-0.5010566851782137,-0.5945656274077309,0.6163312296858414,0.5521338619054053,0.738,0.593,0.539,True,999,0.00011512497439980507,0.0008172090165317059,weak_2x2_bal_strong_100_250,weak_null,True,1736,1907505461,-4.440892098500626e-16,0,0
100,250,0.03895131231666282,0.08249356722742618,0.03376976820115374,0.08036120737894237,-0.043542254910763356,-0.04659143917778863,0.03989008446510551,-1.0915558463871553,-1.1679955007000609,0.2750283724280609,0.24280857977294446,0.432,0.289,0.257,True,999,0.00011070899199694395,0.0008207500213757157,weak_2x2_bal_strong_100_250,weak_null,True,1737,1907505461,-4.440892098500626e-16,0,0
100,250,0.030841067163294933,0.00967588560456556,0.025661295052202604,0.00737608097274034,0.021165181558729373,0.018285214079462264,0.026553332345376646,0.7970819362118429,0.688622197832959,0.42540344656057694,0.4910610483012071,0.66,0.441,0.508,True,999,0.00011091690976172686,0.0008384170942008495,weak_2x2_bal_strong_100_250,weak_null,True,1738,1907505461,-4.440892098500626e-16,0,0
100,250,0.029530171339973266,0.046879454010959554,0.024353667419092062,0.0447516367265024,-0.017349282670986288,-0.020397969307410335,0.0326750133444682,-0.5309648228169271,-0.6242681247707481,0.5954431560442441,0.5324515136998009,0.73,0.605,0.55,True,999,0.0001116250641644001,0.000835041981190443,weak_2x2_bal_strong_100_250,weak_null,True,1739,1907505461,-4.440892098500626e-16,0,0
100,250,0.044615464923190795,0.03131213890581269,0.039432372602675514,0.02918402743952697,0.013303326017378103,0.010248345163148542,0.034466422854806916,0.3859793072643375,0.2973428721141347,0.6995119939869086,0.7662047536669604,0.786,0.69,0.747,True,999,0.00010808301158249378,0.0008364999666810036,weak_2x2_bal_strong_100_250,weak_null,True,1740,1907505461,-4.440892098500626e-16,0,0
100,250,0.05940846856642301,0.0698487693017128,0.054215277101889114,0.06774060940053062,-0.010440300735289787,-0.013525332298641501,0.04266917297727171,-0.24468017556494354,-0.31698135574003145,0.8067040791436845,0.7512577492940002,0.881,0.813,0.788,True,999,0.00010812492109835148,0.0008736669551581144,weak_2x2_bal_strong_100_250,weak_null,True,1741,1907505461,-4.440892098500626e-16,0,0
100,250,0.009502577840335258,0.01484357349582216,0.004334527565845292,0.012666488567276701,-0.005340995655486902,-0.00833196100143141,0.018655400851712186,-0.2862975552196032,-0.4466246031195146,0.77465023044989,0.6551461284710625,0.905,0.763,0.648,True,999,0.00011604093015193939,0.0008031250908970833,weak_2x2_bal_strong_100_250,weak_null,True,1742,1907505461,-4.440892098500626e-16,0,0
100,250,0.07893496111277765,0.06458817903948083,0.07371162780486884,0.062486651272564586,0.014346782073296815,0.011224976532304254,0.045664134011367714,0.3141805354225113,0.24581603867731044,0.7533839252306269,0.8058246408754053,0.792,0.754,0.803,True,999,0.00011033297050744295,0.0008016249630600214,weak_2x2_bal_strong_100_250,weak_null,True,1743,1907505461,-4.440892098500626e-16,0,0
100,250,0.06003948229975353,0.0473215811533807,0.05484306698551222,0.045199439148433385,0.012717901146372834,0.009643627837078839,0.0403713964472385,0.3150225720577661,0.23887278335001677,0.7527445157428818,0.8112042304377103,0.806,0.756,0.814,True,999,0.0001092500751838088,0.0008029579184949398,weak_2x2_bal_strong_100_250,weak_null,True,1744,1907505461,-4.440892098500626e-16,0,0
100,250,0.05978341254051367,0.04622426625217435,0.05458349690994169,0.044126774311123995,0.013559146288339319,0.010456722598817692,0.03997255393153242,0.3392114076964985,0.2615975605844111,0.7344504761035405,0.7936317249163652,0.792,0.726,0.803,True,999,0.00011599995195865631,0.0008149580098688602,weak_2x2_bal_strong_100_250,weak_null,True,1745,1907505461,-4.440892098500626e-16,0,0
100,250,0.055205449888503066,0.0544060570515113,0.05000701213637626,0.05229347297265008,0.0007993928369917636,-0.002286460836273818,0.03990641953252417,0.02003168528663038,-0.05729556454971681,0.9840180964289367,0.9543097535274938,0.972,0.96,0.96,True,999,0.00011545896995812654,0.0008273749845102429,weak_2x2_bal_strong_100_250,weak_null,True,1746,1907505461,-4.440892098500626e-16,0,0
100,250,0.044902570079585646,0.019224429594019765,0.039715261814606606,0.01709477458328479,0.02567814048556588,0.022620487231321817,0.03248659875881421,0.7904225578123635,0.6963021090407152,0.4292810325630986,0.4862396526668622,0.569,0.421,0.487,True,999,0.00011962500866502523,0.0008292089914903045,weak_2x2_bal_strong_100_250,weak_null,True,1747,1907505461,-4.440892098500626e-16,0,0
100,250,0.06554999928391636,0.04677631278567862,0.060352174363487165,0.04468324718969541,0.01877368649823774,0.015668927173791758,0.04104383071536244,0.4574058066955936,0.3817608371512696,0.6473793914583352,0.7026387699465195,0.709,0.659,0.711,True,999,0.00011679204180836678,0.0008412499446421862,weak_2x2_bal_strong_100_250,weak_null,True,1748,1907505461,-4.440892098500626e-16,0,0
100,250,0.04564337490516657,0.04363980210758478,0.04045645449031099,0.041533309941470975,0.0020035727975817874,-0.001076855451159986,0.0362843784908773,0.05521860593769107,-0.029678211283975315,0.9559643061544599,0.9763236891428191,0.966,0.95,0.971,True,999,0.00011883408296853304,0.0008471669862046838,weak_2x2_bal_strong_100_250,weak_null,True,1749,1907505461,-4.440892098500626e-16,0,0
100,250,0.09080171068567411,0.11679650296797456,0.08558590285542778,0.11465163412654533,-0.02599479228230045,-0.029065731271117556,0.0526249501281275,-0.4939632668346511,-0.5523184573163561,0.6213321219127723,0.5807301870634578,0.723,0.632,0.589,True,999,0.00011549994815140963,0.0008896670769900084,weak_2x2_bal_strong_100_250,weak_null,True,1750,1907505461,-4.440892098500626e-16,0,0
100,250,0.053366839060501214,0.043632174552111935,0.048172856119649055,0.04151418075352353,0.009734664508389279,0.006658675366125522,0.03840526449326506,0.2534721381777334,0.1733792346956293,0.7999033888206958,0.8623533462287514,0.836,0.783,0.86,True,999,0.00011516700033098459,0.000801999936811626,weak_2x2_bal_strong_100_250,weak_null,True,1751,1907505461,-4.440892098500626e-16,0,0
100,250,0.009836267002215071,0.06341816106566733,0.004676295423678312,0.06129349691607899,-0.05358189406345226,-0.05661720149240068,0.029264470848304802,-1.830953798590761,-1.9346736794210764,0.06710743934859557,0.053030352229912356,0.279,0.087,0.079,True,999,0.0001117080682888627,0.0008007920114323497,weak_2x2_bal_strong_100_250,weak_null,True,1752,1907505461,-4.440892098500626e-16,0,0
100,250,0.0821686050052226,0.08537743461713021,0.07695994894501723,0.0832554850054521,-0.0032088296119076043,-0.00629553606043487,0.0486156886508795,-0.06600399379202364,-0.12949597619905315,0.9473746458044081,0.8969652086733851,0.937,0.93,0.905,True,999,0.00010870897676795721,0.000804208917543292,weak_2x2_bal_strong_100_250,weak_null,True,1753,1907505461,-4.440892098500626e-16,0,0
100,250,0.020168903711830666,0.12187014773371163,0.015002401593903869,0.11970771137309555,-0.10170124402188097,-0.10470530977919168,0.039503985439597794,-2.574455283186142,-2.650499908149463,0.010039806350804937,0.008037274916176194,0.074,0.016,0.015,True,999,0.00011529203038662672,0.0008147500921040773,weak_2x2_bal_strong_100_250,weak_null,True,1754,1907505461,-4.440892098500626e-16,0,0
100,250,0.07518483190212288,0.10075040775031269,0.06991521621986863,0.0985865861949975,-0.025565575848189803,-0.02867136997512887,0.04856974240671906,-0.5263683639518973,-0.590313404074437,0.5986322920154559,0.554980554570079,0.676,0.6,0.554,True,999,0.00011554104276001453,0.0008216669084504247,weak_2x2_bal_strong_100_250,weak_null,True,1755,1907505461,-4.440892098500626e-16,0,0
100,250,0.054311055545317566,0.04293016851495657,0.04911225258128127,0.04080009909002058,0.011380887030360998,0.008312153491260688,0.038575746724498185,0.2950270052227757,0.21547615268797668,0.7679732501997011,0.829396102783817,0.836,0.784,0.844,True,999,0.00011724990326911211,0.0008283749921247363,weak_2x2_bal_strong_100_250,weak_null,True,1756,1907505461,-4.440892098500626e-16,0,0
100,250,0.013605244852947784,0.05926880570928805,0.008424751016121945,0.05714794992491079,-0.04566356085634027,-0.048723198908788845,0.029626611739914613,-1.5413021663499842,-1.6445754693961934,0.12324326190200775,0.10005738904199696,0.338,0.155,0.135,True,999,0.00012075004633516073,0.000838667037896812,weak_2x2_bal_strong_100_250,weak_null,True,1757,1907505461,-4.440892098500626e-16,0,0
100,250,0.026455496327183914,0.11088293660404946,0.02128106559686671,0.10876397532967985,-0.08442744027686555,-0.08748290973281314,0.039573381568843116,-2.133440128941038,-2.2106503479017854,0.032888638124870195,0.027060059350634644,0.125,0.047,0.034,True,999,0.00011670798994600773,0.0008352079894393682,weak_2x2_bal_strong_100_250,weak_null,True,1758,1907505461,-4.440892098500626e-16,0,0
100,250,0.06718384749826734,0.0698487693017128,0.06198374887691216,0.06774060940053062,-0.0026649218034454636,-0.005756860523618457,0.04421452805541764,-0.06027253757193341,-0.1302029169327086,0.9519385740125837,0.8964058868490039,0.952,0.947,0.895,True,999,0.00011908391024917364,0.0008527500322088599,weak_2x2_bal_strong_100_250,weak_null,True,1759,1907505461,-4.440892098500626e-16,0,0
100,250,0.014622109243328074,0.05328337390935678,0.00945120514934672,0.05114361618379348,-0.038661264666028705,-0.041692411034446764,0.029342772163718903,-1.3175736924349541,-1.4208749876058973,0.18764639702482366,0.1553531056517733,0.4,0.182,0.155,True,999,0.00011650007218122482,0.0008346670074388385,weak_2x2_bal_strong_100_250,weak_null,True,1760,1907505461,-4.440892098500626e-16,0,0
100,250,0.014056428781547003,0.037310436654057866,0.008889131664957972,0.03521297755365538,-0.023254007872510862,-0.026323845888697406,0.025531178104176547,-0.9108082587347126,-1.0310470508366862,0.3623964102240552,0.3025187561253674,0.577,0.345,0.292,True,999,0.00011554197408258915,0.000832833000458777,weak_2x2_bal_strong_100_250,weak_null,True,1761,1907505461,-4.440892098500626e-16,0,0
100,250,0.05142768388279051,0.020565822602275574,0.0462399154987736,0.018409337878026122,0.030861861280514935,0.027830577620747476,0.034601295385956916,0.8919279158849166,0.8043218414314811,0.37243157063634336,0.42121112680665784,0.534,0.368,0.426,True,999,0.00011666701175272465,0.0008400840451940894,weak_2x2_bal_strong_100_250,weak_null,True,1762,1907505461,-4.440892098500626e-16,0,0
100,250,0.09341432543408446,0.025089622703281023,0.08817185781190062,0.022994025002887497,0.06832470273080343,0.06517783280901313,0.043860916735251276,1.5577582006144086,1.486011639985384,0.1192905780859656,0.13727604217301456,0.16,0.13,0.151,True,999,0.00011479097884148359,0.0008382090600207448,weak_2x2_bal_strong_100_250,weak_null,True,1763,1907505461,-4.440892098500626e-16,0,0
100,250,0.019538370542090622,0.0521742295976223,0.014371654805501066,0.050077550038437835,-0.03263585905553168,-0.03570589523293677,0.03007100184412875,-1.0852933741515403,-1.1873862872283456,0.2777917395723324,0.23507528641615782,0.444,0.267,0.234,True,999,0.00011675001587718725,0.0008481250843033195,weak_2x2_bal_strong_100_250,weak_null,True,1764,1907505461,-4.440892098500626e-16,0,0
100,250,0.06305153357970694,0.07823511959577617,0.057843201723358106,0.07612734318139758,-0.015183586016069228,-0.01828414145803947,0.044216066530136516,-0.3433952227686398,-0.4135180465584264,0.7313011529639062,0.6792271032441224,0.792,0.754,0.701,True,999,0.00011304102372378111,0.0008492919150739908,weak_2x2_bal_strong_100_250,weak_null,True,1765,1907505461,-4.440892098500626e-16,0,0
100,250,0.09255801220676119,0.019804425223384936,0.08733498644816962,0.01770312596059398,0.07275358698337625,0.06963186048757564,0.04317749686655238,1.6849885302113266,1.6126886813931132,0.09199078444180564,0.10681216081375479,0.153,0.119,0.134,True,999,0.00011187500786036253,0.0008408329449594021,weak_2x2_bal_strong_100_250,weak_null,True,1766,1907505461,-4.440892098500626e-16,0,0
100,250,0.02951376404416073,0.043154391194023145,0.024340219921725748,0.04104982054532513,-0.013640627149862417,-0.016709600623599385,0.03183990537229784,-0.4284129299495463,-0.5248005742547682,0.6683505126508651,0.5997218322971417,0.792,0.689,0.609,True,999,0.00011099991388618946,0.000878875027410686,weak_2x2_bal_strong_100_250,weak_null,True,1767,1907505461,-4.440892098500626e-16,0,0
100,250,0.03711560428004501,0.040904178379106704,0.0319295410366891,0.03880304890117259,-0.0037885740990616923,-0.006873507864483486,0.03357448184505288,-0.11284088065889035,-0.20472416808113097,0.9101567072268164,0.8377876369185835,0.939,0.912,0.845,True,999,0.00011795805767178535,0.0008080831030383706,weak_2x2_bal_strong_100_250,weak_null,True,1768,1907505461,-4.440892098500626e-16,0,0
100,250,0.14083597683456817,0.06830341834790554,0.135574976318523,0.06619376475732963,0.07253255848666262,0.06938121156119337,0.055624488342972046,1.3039681019524714,1.2473141529572278,0.19224445845675608,0.2122823299941391,0.261,0.228,0.257,True,999,0.00011062505654990673,0.0007969579892233014,weak_2x2_bal_strong_100_250,weak_null,True,1769,1907505461,-4.440892098500626e-16,0,0
100,250,0.06954414077971316,0.05268512720671359,0.06433286090916113,0.0505963242387395,0.01685901357299957,0.013736536670421629,0.0424445150833114,0.3972012294146412,0.32363514210161504,0.691219075670102,0.7462142791032444,0.752,0.697,0.741,True,999,0.0001106249401345849,0.0008011669851839542,weak_2x2_bal_strong_100_250,weak_null,True,1770,1907505461,-4.440892098500626e-16,0,0
100,250,0.021102313322870714,0.02917872890642187,0.015926721706108538,0.027067607166927132,-0.008076415583551155,-0.011140885460818595,0.026710548398635642,-0.30236801817081727,-0.4170968448325705,0.7623715321939265,0.6766075726610237,0.857,0.76,0.677,True,999,0.00011045800056308508,0.0008209160296246409,weak_2x2_bal_strong_100_250,weak_null,True,1771,1907505461,-4.440892098500626e-16,0,0
100,250,0.11336317963777809,0.07057689681911683,0.10811253424822098,0.06844344341712372,0.04278628281866126,0.039669090831097265,0.05232195141327126,0.8177501347514474,0.7581729992783746,0.41349987672651856,0.44834742300801345,0.507,0.413,0.443,True,999,0.0001099579967558384,0.0008302499772980809,weak_2x2_bal_strong_100_250,weak_null,True,1772,1907505461,-4.440892098500626e-16,0,0
100,250,0.08047880434981258,0.06482160840813694,0.07526062566381597,0.06272859937244846,0.01565719594167564,0.012532026291367515,0.04617823827527688,0.33906005353301366,0.2713838110640303,0.7345644904935629,0.7860958519084594,0.762,0.721,0.77,True,999,0.00011145893950015306,0.0008345420937985182,weak_2x2_bal_strong_100_250,weak_null,True,1773,1907505461,-4.440892098500626e-16,0,0
100,250,0.08562201045193629,0.04837074790016321,0.08039508043167132,0.04622402947333626,0.03725126255177308,0.03417105095833506,0.04564982873038393,0.8160219564411887,0.7485471886467616,0.4144875780353625,0.45413017307874437,0.55,0.446,0.49,True,999,0.00011729204561561346,0.000840499997138977,weak_2x2_bal_strong_100_250,weak_null,True,1774,1907505461,-4.440892098500626e-16,0,0
100,250,0.060244385944802414,0.06988293674072432,0.05504804486290027,0.06776049870045142,-0.009638550795921907,-0.012712453837551152,0.042986473805417355,-0.2242228762366457,-0.29573148742312216,0.822583883944277,0.7674351486780753,0.874,0.826,0.76,True,999,0.0001129580195993185,0.0008349999552592635,weak_2x2_bal_strong_100_250,weak_null,True,1775,1907505461,-4.440892098500626e-16,0,0
100,250,0.029045393693839405,0.043311109020303384,0.023855436186480006,0.04117877081441179,-0.014265715326463979,-0.017323334627931786,0.03208290537480119,-0.44465160370633605,-0.5399552947451578,0.6565715488705234,0.5892278631567811,0.757,0.661,0.597,True,999,0.00011233298573642969,0.0008855409687384963,weak_2x2_bal_strong_100_250,weak_null,True,1776,1907505461,-4.440892098500626e-16,0,0
100,250,0.050565286282261646,0.08637195895437555,0.04537789974062889,0.08425597729068102,-0.035806672672113904,-0.038878077550052126,0.04253348208842841,-0.8418467267192171,-0.9140581875996754,0.39987375299246053,0.3606862715063578,0.538,0.405,0.377,True,999,0.00011424999684095383,0.0008027079747989774,weak_2x2_bal_strong_100_250,weak_null,True,1777,1907505461,-4.440892098500626e-16,0,0
100,250,0.038646286017684384,0.06268413648711296,0.03345405200131779,0.06059951188167645,-0.02403785046942858,-0.027145459880358658,0.036613828663102595,-0.6565238148299034,-0.7413991071552253,0.5114871497940356,0.45845148569399596,0.639,0.527,0.459,True,999,0.00011091702617704868,0.000834333011880517,weak_2x2_bal_strong_100_250,weak_null,True,1778,1907505461,-4.440892098500626e-16,0,0
100,250,0.0325654803121983,0.04599570031759442,0.027389344920791814,0.04388506108944057,-0.01343022000539612,-0.016495716168648755,0.033224139721025836,-0.40423078274309177,-0.496497917091574,0.6860430194121081,0.6195431565599998,0.808,0.688,0.622,True,999,0.00011245801579207182,0.0008072499185800552,weak_2x2_bal_strong_100_250,weak_null,True,1779,1907505461,-4.440892098500626e-16,0,0
100,250,0.012436922791395189,0.027442023689867756,0.007274121650993948,0.02533353328878718,-0.015005100898472568,-0.018059411637793232,0.02290800724982714,-0.6550155469584023,-0.7883449416111699,0.5124577443446983,0.43049496666186615,0.739,0.52,0.454,True,999,0.00011600006837397814,0.0008163329912349582,weak_2x2_bal_strong_100_250,weak_null,True,1780,1907505461,-4.440892098500626e-16,0,0
100,250,0.04105639113653048,0.08763193438837635,0.03584476251883473,0.08552076115591944,-0.046575543251845875,-0.04967599863708472,0.0405551798304875,-1.1484486925350172,-1.2248989856467263,0.2507833822351746,0.2206132826665853,0.399,0.263,0.237,True,999,0.0001194999786093831,0.0008275830186903477,weak_2x2_bal_strong_100_250,weak_null,True,1781,1907505461,-4.440892098500626e-16,0,0
100,250,0.05294730802400738,0.047190086522855945,0.04775382201984257,0.04508044508240516,0.005757221501151433,0.0026733769374374106,0.038584010965200845,0.14921262349691705,0.06928717026979246,0.8813858593932985,0.9447610378363328,0.92,0.887,0.937,True,999,0.00011679099407047033,0.0008282919880002737,weak_2x2_bal_strong_100_250,weak_null,True,1782,1907505461,-4.440892098500626e-16,0,0
100,250,0.09219219289364067,0.07548267612302756,0.08696106002729209,0.07336642668245474,0.01670951677061311,0.013594633344837348,0.049307045013632485,0.33888700419976975,0.27571381211505747,0.7346948549236296,0.7827678861526263,0.79,0.726,0.798,True,999,0.00011566700413823128,0.0008317501051351428,weak_2x2_bal_strong_100_250,weak_null,True,1783,1907505461,-4.440892098500626e-16,0,0
100,250,0.043785505364614785,0.05809673205686844,0.038591543369307146,0.055972449151127535,-0.014311226692253654,-0.017380905781820388,0.038090639565215856,-0.37571505376671543,-0.4563038578562626,0.7071287452212304,0.648171490155576,0.796,0.712,0.662,True,999,0.00011562497820705175,0.0008362500229850411,weak_2x2_bal_strong_100_250,weak_null,True,1784,1907505461,-4.440892098500626e-16,0,0
100,250,0.031597723598619565,0.06522651688493752,0.026417062510020628,0.06312239631918715,-0.03362879328631796,-0.03670533380916652,0.03557446723185527,-0.9453070109846916,-1.031788714359118,0.3445021601275965,0.30217110728494956,0.573,0.332,0.296,True,999,0.00011549994815140963,0.000864999950863421,weak_2x2_bal_strong_100_250,weak_null,True,1785,1907505461,-4.440892098500626e-16,0,0
100,250,0.1009690656286999,0.029789570945792154,0.09574070955159186,0.027663487631045314,0.07117949468290774,0.06807722192054655,0.04607824786996455,1.5447526321699634,1.477426444526805,0.1224061087122466,0.13956136185743903,0.232,0.132,0.148,True,999,0.00011595792602747679,0.0008426670683547854,weak_2x2_bal_strong_100_250,weak_null,True,1786,1907505461,-4.440892098500626e-16,0,0
100,250,0.02951376404416073,0.03198201546551033,0.024340219921725748,0.02984415993510936,-0.0024682514213495987,-0.0055039400133836125,0.030193648805683863,-0.08174737135065828,-0.1822880052955876,0.9348476074993746,0.8553567113701841,0.971,0.931,0.863,True,999,0.00011566700413823128,0.0008441660320386291,weak_2x2_bal_strong_100_250,weak_null,True,1787,1907505461,-4.440892098500626e-16,0,0
100,250,0.03972898576624351,0.05115393648868971,0.034550585407856715,0.049039975726344665,-0.011424950722446203,-0.014489390318487949,0.03603665842397482,-0.31703690691935243,-0.40207363701758503,0.7512155979740995,0.6876298339276297,0.819,0.737,0.678,True,999,0.0001152500044554472,0.000843374989926815,weak_2x2_bal_strong_100_250,weak_null,True,1788,1907505461,-4.440892098500626e-16,0,0
100,250,0.04106131032185378,0.0319816773213174,0.035877582907573924,0.029868032128376854,0.00907963300053638,0.00600955077919707,0.03343074757078003,0.2715952726247853,0.17976118441484348,0.7859332347696822,0.857340057497838,0.845,0.782,0.84,True,999,0.00011470797471702099,0.000844125053845346,weak_2x2_bal_strong_100_250,weak_null,True,1789,1907505461,-4.440892098500626e-16,0,0
100,250,0.01647169930152559,0.04888329630734822,0.011307154727290936,0.04677271510841763,-0.032411597005822634,-0.03546556038112669,0.028863151447266946,-1.1229403367486988,-1.2287487194848548,0.2614628346981632,0.21916603355573394,0.498,0.277,0.231,True,999,0.00011687492951750755,0.0008475841023027897,weak_2x2_bal_strong_100_250,weak_null,True,1790,1907505461,-4.440892098500626e-16,0,0
100,250,0.052261794041927656,0.06800642761529657,0.04706800928239829,0.06590850462157505,-0.015744633573368916,-0.018840495339176755,0.040728866334676504,-0.3865718589855263,-0.46258334775048676,0.6990731945767461,0.6436630470286612,0.783,0.692,0.641,True,999,0.00011687492951750755,0.0008489160099998116,weak_2x2_bal_strong_100_250,weak_null,True,1791,1907505461,-4.440892098500626e-16,0,0
100,250,0.05611295135025929,0.07483052278951585,0.050906839386016145,0.07271757382002875,-0.018717571439256564,-0.021810734434012602,0.04257984101727994,-0.4395876309557031,-0.5122314671198812,0.6602358008404688,0.6084890227073723,0.741,0.65,0.59,True,999,0.00011612498201429844,0.0008526659803465009,weak_2x2_bal_strong_100_250,weak_null,True,1792,1907505461,-4.440892098500626e-16,0,0
100,250,0.03359123132952757,0.05307186089386551,0.028400236174491056,0.05094798475320772,-0.019480629564337937,-0.022547748578716664,0.034614161984690035,-0.5627936210893763,-0.6514024112064193,0.5735754244944211,0.5147867545552518,0.716,0.599,0.534,True,999,0.00011641695164144039,0.0008894170168787241,weak_2x2_bal_strong_100_250,weak_null,True,1793,1907505461,-4.440892098500626e-16,0,0
100,250,0.034891356957655106,0.041139661858436205,0.02971311484805028,0.039020866837987,-0.006248304900781099,-0.009307751989936719,0.03314940198389256,-0.18848921931735532,-0.2807818974972579,0.8504931657947788,0.7788776890116226,0.916,0.889,0.805,True,999,0.00012099999003112316,0.000851999968290329,weak_2x2_bal_strong_100_250,weak_null,True,1794,1907505461,-4.440892098500626e-16,0,0
100,250,0.03676105641245542,0.05820238941762501,0.031580114908592805,0.056105748632930386,-0.021441333005169594,-0.02452563372433758,0.03584506058287604,-0.5981670181752345,-0.684212366377029,0.5497284960884721,0.49384107448527703,0.647,0.56,0.496,True,999,0.00011562497820705175,0.0008461249526590109,weak_2x2_bal_strong_100_250,weak_null,True,1795,1907505461,-4.440892098500626e-16,0,0
100,250,0.058386195386126105,0.08036490755306641,0.053194310284879975,0.07822906848824118,-0.021978712166940306,-0.025034758203361207,0.04408519123333799,-0.498550909093474,-0.5678722832539169,0.6180957961557388,0.5701216934245817,0.695,0.62,0.566,True,999,0.00011529098264873028,0.0008490829495713115,weak_2x2_bal_strong_100_250,weak_null,True,1796,1907505461,-4.440892098500626e-16,0,0
100,250,0.10396786922181422,0.052986732970157935,0.09868915426289959,0.05088045473839031,0.05098113625165629,0.04780869952450928,0.04849232530603783,1.051323811137359,0.9859023922401298,0.2931098946632812,0.32418101287032,0.401,0.317,0.351,True,999,0.00011437502689659595,0.0008478750241920352,weak_2x2_bal_strong_100_250,weak_null,True,1797,1907505461,-4.440892098500626e-16,0,0
100,250,0.06685222769768373,0.04274976788692436,0.06162530813281819,0.04064150043582515,0.02410245981075937,0.02098380769699304,0.041074394153533485,0.5868001295567721,0.5108732126043514,0.5573379497942765,0.6094398395051646,0.631,0.581,0.63,True,999,0.00011858297511935234,0.0008532500360161066,weak_2x2_bal_strong_100_250,weak_null,True,1798,1907505461,-4.440892098500626e-16,0,0
100,250,0.08289756095211143,0.03490227608993435,0.07768458302194858,0.03276751465271843,0.04799528486217708,0.04491706836923015,0.04353209342427449,1.1025264600625388,1.031815031991624,0.2702328616013663,0.3021587759911013,0.38,0.262,0.3,True,999,0.00011737504974007607,0.0008517500245943666,weak_2x2_bal_strong_100_250,weak_null,True,1799,1907505461,-4.440892098500626e-16,0,0
100,250,0.052947308024007156,0.0159415680206193,0.04775382201975731,0.013762152200641253,0.037005740003387855,0.033991669819116055,0.03425133791120632,1.080417357690438,0.9924187460132673,0.2799563697627441,0.32099329813644406,0.483,0.311,0.35,True,999,0.00011687492951750755,0.0008554999949410558,weak_2x2_bal_strong_100_250,weak_null,True,1800,1907505461,-4.440892098500626e-16,0,0
100,250,0.1009690656286999,0.05475216966399965,0.09574070955159186,0.052661752852529276,0.046216895964700244,0.04307895669906259,0.04844285644214856,0.9540497683057438,0.8892736692872013,0.3400584509152297,0.37385601888932063,0.425,0.372,0.391,True,999,0.00011679204180836678,0.0008513330249115825,weak_2x2_bal_strong_100_250,weak_null,True,1801,1907505461,-4.440892098500626e-16,0,0
100,250,0.05480756465785164,0.08148066121362357,0.04960896595511599,0.07937725860593048,-0.026673096555771936,-0.029768292650814487,0.04280769612573421,-0.623091148783809,-0.695395813018749,0.533224625888767,0.48680728376304006,0.683,0.568,0.516,True,999,0.00012154201976954937,0.0008572080405429006,weak_2x2_bal_strong_100_250,weak_null,True,1802,1907505461,-4.440892098500626e-16,0,0
100,250,0.052014752705386025,0.06054302119301991,0.046828016581656584,0.05841486940353491,-0.008528268487633883,-0.011586852821878324,0.040097364266435925,-0.21268900446837083,-0.2889679417551459,0.831569543711978,0.7726059102623202,0.855,0.827,0.782,True,999,0.00011358398478478193,0.0008139170240610838,weak_2x2_bal_strong_100_250,weak_null,True,1803,1907505461,-4.440892098500626e-16,0,0
100,250,0.007522048839478601,0.021650892138979527,0.002353554732579255,0.019517998775384626,-0.014128843299500926,-0.01716444404280537,0.019382809010567718,-0.7289368270511115,-0.8855498722319933,0.4660403063212911,0.37586013387690864,0.752,0.459,0.366,True,999,0.0001153330085799098,0.0008007090073078871,weak_2x2_bal_strong_100_250,weak_null,True,1804,1907505461,-4.440892098500626e-16,0,0
100,250,0.0534381307185996,0.08537743461713021,0.04824485387614175,0.0832554850054521,-0.03193930389853061,-0.035010631129310354,0.043198021591164974,-0.7393695989323493,-0.8104683927578494,0.4596825973956429,0.4176710237937815,0.598,0.472,0.426,True,999,0.00010966707486659288,0.0008022920228540897,weak_2x2_bal_strong_100_250,weak_null,True,1805,1907505461,-4.440892098500626e-16,0,0
100,250,0.05899469949768721,0.07930933515444821,0.05380304350626375,0.07720625993277963,-0.020314635656761004,-0.023403216426515883,0.04342769667214665,-0.46778063801367253,-0.5389007066894724,0.6399414681473701,0.589955369582517,0.753,0.657,0.588,True,999,0.00010866695083677769,0.0008036249782890081,weak_2x2_bal_strong_100_250,weak_null,True,1806,1907505461,-4.440892098500626e-16,0,0
100,250,0.11929172369603536,0.044228916096963444,0.11404978691319911,0.04213347521948663,0.07506280759907191,0.07191631169371249,0.050378983127537955,1.4899627372201045,1.427506218449294,0.13623403396377803,0.15343403404853814,0.223,0.153,0.184,True,999,0.00011191703379154205,0.0008162909653037786,weak_2x2_bal_strong_100_250,weak_null,True,1807,1907505461,-4.440892098500626e-16,0,0
100,250,0.09940802347010158,0.07823511959577617,0.09418358675736727,0.07612734318139758,0.02117290387432541,0.018056243575969688,0.050698274481981415,0.41762572968534534,0.35615104775187223,0.6762207817930117,0.7217274496400585,0.73,0.674,0.698,True,999,0.000110041000880301,0.00081829191185534,weak_2x2_bal_strong_100_250,weak_null,True,1808,1907505461,-4.440892098500626e-16,0,0
100,250,0.009543065040338417,0.03534123464155969,0.0043825053289481275,0.033203870099669075,-0.025798169601221277,-0.028821364770720947,0.023941053327600794,-1.0775703661910097,-1.2038469810137307,0.2812255327883526,0.2286487272545954,0.53,0.291,0.233,True,999,0.00011562497820705175,0.0008206249913200736,weak_2x2_bal_strong_100_250,weak_null,True,1809,1907505461,-4.440892098500626e-16,0,0
100,250,0.034891356957655106,0.05505882423538466,0.029713114848078703,0.05295049434784005,-0.020167467277729556,-0.023237379499761346,0.035206806927418816,-0.5728286384876122,-0.6600251919370806,0.5667607262862384,0.5092376631155575,0.707,0.582,0.517,True,999,0.00011441705282777548,0.00083099992480129,weak_2x2_bal_strong_100_250,weak_null,True,1810,1907505461,-4.440892098500626e-16,0,0
100,250,0.034206006545573486,0.03137054978883952,0.02903104905192322,0.029254871198574506,0.0028354567567339672,-0.00022382214665128686,0.03136968284603088,0.09038844194412153,-0.007134982771418311,0.9279785410885603,0.9943071557069983,0.932,0.921,0.996,True,999,0.00014637503772974014,0.0008108749752864242,weak_2x2_bal_strong_100_250,weak_null,True,1811,1907505461,-4.440892098500626e-16,0,0
100,250,0.03205505799747277,0.05268512720671359,0.026870426283565507,0.0505963242387395,-0.02063006920924082,-0.02372589795517399,0.03367603790480949,-0.6126038124661485,-0.7045335327819412,0.5401383367664819,0.4811005748975278,0.691,0.565,0.503,True,999,0.00010983308311551809,0.0008050830801948905,weak_2x2_bal_strong_100_250,weak_null,True,1812,1907505461,-4.440892098500626e-16,0,0
100,250,0.12144864895150476,0.035797065352424884,0.11620168878063453,0.033690656836085964,0.08565158359907987,0.08251103194454856,0.04986228813770026,1.7177627982603505,1.6547782908936142,0.08583988968297189,0.09796947916061943,0.135,0.092,0.101,True,999,0.00011554092634469271,0.0008183330064639449,weak_2x2_bal_strong_100_250,weak_null,True,1813,1907505461,-4.440892098500626e-16,0,0
100,250,0.1925947563990027,0.07426568857421134,0.18727722693627413,0.07215760286989337,0.11832906782479136,0.11511962406638077,0.061713163155032905,1.9174040314143457,1.865398209733354,0.05518662247788642,0.06212560812690409,0.081,0.058,0.062,True,999,0.00011516595259308815,0.0008397919591516256,weak_2x2_bal_strong_100_250,weak_null,True,1814,1907505461,-4.440892098500626e-16,0,0
100,250,0.048134992198562765,0.0777971178109354,0.042943288259863266,0.07567970980154826,-0.029662125612372636,-0.03273642154168499,0.04141800876207694,-0.7161649364353749,-0.7903910043029165,0.4738895110729823,0.4292994541287546,0.625,0.474,0.421,True,999,0.0001129999291151762,0.0008052920456975698,weak_2x2_bal_strong_100_250,weak_null,True,1815,1907505461,-4.440892098500626e-16,0,0
100,250,0.028350337108182133,0.06042122684952006,0.023175835961268376,0.05830331910905784,-0.03207088974133793,-0.03512748314778946,0.0343388663085988,-0.9339530738470259,-1.0229657214685968,0.3503280996522501,0.3063240534260204,0.524,0.362,0.314,True,999,0.00011029199231415987,0.0008089169859886169,weak_2x2_bal_strong_100_250,weak_null,True,1816,1907505461,-4.440892098500626e-16,0,0
100,250,0.03159772359861934,0.06884325304120842,0.026417062510020628,0.06669786201493366,-0.037245529442589076,-0.040280799504913034,0.03694303776508164,-1.0081880564189376,-1.0903488706331081,0.313364190543834,0.2755594952341518,0.573,0.341,0.308,True,999,0.00011024996638298035,0.0008269590325653553,weak_2x2_bal_strong_100_250,weak_null,True,1817,1907505461,-4.440892098500626e-16,0,0
100,250,0.052947308024007156,0.050271443737145705,0.04775382201975731,0.048122150683042264,0.0026758642868614513,-0.00036832866328495584,0.03946381690779597,0.06780551139068461,-0.009333325870265568,0.9459404564068957,0.9925531915037843,0.959,0.942,0.996,True,999,0.00010924995876848698,0.0008285000221803784,weak_2x2_bal_strong_100_250,weak_null,True,1818,1907505461,-4.440892098500626e-16,0,0
100,250,0.009671997345269578,0.06433936654487898,0.004510824925830548,0.0621980513722491,-0.054667369199609406,-0.05768722644641855,0.02972873454248755,-1.8388730647609703,-1.9404534815961787,0.06593385838439182,0.05232460234647524,0.27,0.085,0.074,True,999,0.00011195894330739975,0.0008627919014543295,weak_2x2_bal_strong_100_250,weak_null,True,1819,1907505461,-4.440892098500626e-16,0,0
100,250,0.12137664230102707,0.06341816106566733,0.11612045332105936,0.06129349691607899,0.05795848123535974,0.054826956404980365,0.05269361369239469,1.0999147178194941,1.040485792548587,0.2713692814530402,0.29811426136693353,0.334,0.27,0.292,True,999,0.00011358398478478193,0.0008301670895889401,weak_2x2_bal_strong_100_250,weak_null,True,1820,1907505461,-4.440892098500626e-16,0,0
100,250,0.07089801466882772,0.04615275247433642,0.06566428307317551,0.044000421649414534,0.024745262194491302,0.021663861423760977,0.042424086881206226,0.5832833188320995,0.5106500343642757,0.5597025901328381,0.6095961337886648,0.649,0.571,0.614,True,999,0.0001188330352306366,0.0008458340307697654,weak_2x2_bal_strong_100_250,weak_null,True,1821,1907505461,-4.440892098500626e-16,0,0
100,250,0.0679049242017109,0.06804724816804342,0.06270023609739894,0.06591727797224678,-0.00014232396633251376,-0.003217041874847837,0.04448419268356032,-0.003199427880931541,-0.07231876495393237,0.9974472302455726,0.9423482315223579,1.0,1.0,0.974,True,999,0.00011433404870331287,0.0008294170256704092,weak_2x2_bal_strong_100_250,weak_null,True,1822,1907505461,-4.440892098500626e-16,0,0
100,250,0.061312776413463665,0.02572217443623373,0.05611143187623213,0.023556309411233656,0.035590601977229935,0.032555122464998476,0.0378647009561054,0.9399414514982778,0.8597749788843693,0.34724759352370893,0.3899130943562511,0.533,0.343,0.401,True,999,0.0001145839923992753,0.0008312920108437538,weak_2x2_bal_strong_100_250,weak_null,True,1823,1907505461,-4.440892098500626e-16,0,0
100,250,0.0032504832027636654,0.006809939029156831,-0.0019088548135357541,0.00451440634996203,-0.0035594558263931653,-0.006423261163497784,0.011693299543716208,-0.30440132086635546,-0.5493112649243251,0.7608221616051145,0.5827918579471238,0.918,0.751,0.581,True,999,0.0001141249667853117,0.000856374972499907,weak_2x2_bal_strong_100_250,weak_null,True,1824,1907505461,-4.440892098500626e-16,0,0
100,250,0.03979716486732965,0.02011575201084731,0.034618143231881504,0.017961871801816187,0.01968141285648234,0.016656271430065317,0.03130893693099628,0.6286196462006817,0.5319973484495852,0.5295980952398995,0.5947278319678992,0.673,0.513,0.58,True,999,0.00012558395974338055,0.0008219169685617089,weak_2x2_bal_strong_100_250,weak_null,True,1825,1907505461,-4.440892098500626e-16,0,0
100,250,0.01986940935839754,0.05555326795154242,0.014703076545998783,0.053442725041463746,-0.03568385859314488,-0.03873964849546496,0.03100236984234556,-1.1510042224064096,-1.2495705551693406,0.24973049845205364,0.21145646485334602,0.474,0.265,0.229,True,999,0.00011158292181789875,0.000798167078755796,weak_2x2_bal_strong_100_250,weak_null,True,1826,1907505461,-4.440892098500626e-16,0,0
100,250,0.06151961630627867,0.06762340237113873,0.0563183443506432,0.06553455123925289,-0.006103786064860062,-0.00921620688860969,0.042471415441495984,-0.14371515527350331,-0.2169978747542553,0.8857254032606795,0.82821000118236,0.92,0.899,0.822,True,999,0.00011016603093594313,0.0008075829828158021,weak_2x2_bal_strong_100_250,weak_null,True,1827,1907505461,-4.440892098500626e-16,0,0
100,250,0.03501914046707855,0.025516490864450347,0.02982452221614551,0.02335212847860646,0.0095026496026282,0.0064723937375390506,0.03098182352208355,0.3067169237425551,0.20890938627048825,0.7590588470083279,0.8345189766482163,0.86,0.763,0.835,True,999,0.00011083402205258608,0.0008498749230057001,weak_2x2_bal_strong_100_250,weak_null,True,1828,1907505461,-4.440892098500626e-16,0,0
100,250,0.041881854625461123,0.02590387003510236,0.03669722727097735,0.023793958369353163,0.015977984590358763,0.012903268901624187,0.03264717705103805,0.4894139718536775,0.3952338323602137,0.624548646371615,0.6926703263498394,0.783,0.629,0.714,True,999,0.00011366605758666992,0.0008504169527441263,weak_2x2_bal_strong_100_250,weak_null,True,1829,1907505461,-4.440892098500626e-16,0,0
100,250,0.012855180367791874,0.019224429594019765,0.007693525505857224,0.01709477458328479,-0.006369249226227891,-0.009401249077427565,0.0212473356432073,-0.299766960581908,-0.4424671984900428,0.764354918623446,0.6581511614210334,0.88,0.793,0.697,True,999,0.00011549994815140963,0.0008570830104872584,weak_2x2_bal_strong_100_250,weak_null,True,1830,1907505461,-4.440892098500626e-16,0,0
100,250,0.0465733363308064,0.0652559293565772,0.0413868864686151,0.06317465436202951,-0.0186825930257708,-0.02178776789341441,0.038809428656988436,-0.48139314780679243,-0.561403984737381,0.6302371057730389,0.5745221682156365,0.733,0.615,0.567,True,999,0.00011162494774907827,0.0008627088973298669,weak_2x2_bal_strong_100_250,weak_null,True,1831,1907505461,-4.440892098500626e-16,0,0
100,250,0.034040980571866775,0.05985497854313809,0.028865908768068493,0.05773996371742385,-0.02581399797127132,-0.028874054949355354,0.035783093970848674,-0.7214020674763659,-0.8069189034597766,0.4706621749385905,0.4197132071147315,0.604,0.48,0.423,True,999,0.00011004204861819744,0.0008382499217987061,weak_2x2_bal_strong_100_250,weak_null,True,1832,1907505461,-4.440892098500626e-16,0,0
100,250,0.03956405743651059,0.032064127772557405,0.03438288661810418,0.029950145599173084,0.0074999296639531865,0.004432741018931097,0.03305549437589422,0.2268890484186049,0.13409997649781577,0.8205100180978491,0.8933235182278324,0.879,0.833,0.908,True,999,0.00011416699271649122,0.0008352500153705478,weak_2x2_bal_strong_100_250,weak_null,True,1833,1907505461,-4.440892098500626e-16,0,0
100,250,0.0490566018676587,0.10075040775031269,0.043861310566811085,0.0985865861949975,-0.05169380588265399,-0.05472527562818641,0.04416365648560503,-1.170505569426829,-1.239147298549066,0.24179757418131254,0.215290953485463,0.366,0.28,0.25,True,999,0.00011441705282777548,0.0008403749670833349,weak_2x2_bal_strong_100_250,weak_null,True,1834,1907505461,-4.440892098500626e-16,0,0
100,250,0.03339837382168831,0.02678934024213725,0.02821908310569654,0.02466740137711554,0.00660903357955106,0.003551681728581002,0.030421892250483345,0.21724597290446507,0.11674756124101954,0.82801665889749,0.9070600995308797,0.899,0.841,0.905,True,999,0.00011562497820705175,0.0008469580207020044,weak_2x2_bal_strong_100_250,weak_null,True,1835,1907505461,-4.440892098500626e-16,0,0
100,250,0.06305153357970694,0.074992501692004,0.057843201723358106,0.07287874801563987,-0.011940968112297057,-0.015035546292281765,0.04399401105526761,-0.2714225828896615,-0.34176347942890034,0.7860660350892003,0.7325288955906206,0.85,0.78,0.751,True,999,0.00011545908637344837,0.0008065829752013087,weak_2x2_bal_strong_100_250,weak_null,True,1836,1907505461,-4.440892098500626e-16,0,0
100,250,0.09341432543408446,0.10845677712073937,0.08817185781194326,0.10635313254023515,-0.015042451686654912,-0.018181274728291896,0.051883870513820166,-0.2899253956515849,-0.35042248290726496,0.7718733127202149,0.7260216558337251,0.822,0.779,0.731,True,999,0.00014370796270668507,0.0008359999628737569,weak_2x2_bal_strong_100_250,weak_null,True,1837,1907505461,-4.440892098500626e-16,0,0
100,250,0.010323566489091718,0.01977466384214499,0.005156822365620428,0.017638989783890224,-0.009451097353053273,-0.012482167418269796,0.020185509833928784,-0.4682119713997716,-0.6183726604363078,0.639633012001825,0.5363297153015676,0.84,0.644,0.541,True,999,0.0001163750421255827,0.000829583965241909,weak_2x2_bal_strong_100_250,weak_null,True,1838,1907505461,-4.440892098500626e-16,0,0
100,250,0.06152987665353016,0.05626566636845859,0.05632299632624438,0.05417026021693516,0.005264210285071569,0.0021527361093092168,0.04137184108465597,0.12724138319829245,0.05203384845514225,0.8987493524965591,0.9585017227684232,0.922,0.906,0.966,True,999,0.00012379197869449854,0.0008290420519188046,weak_2x2_bal_strong_100_250,weak_null,True,1839,1907505461,-4.440892098500626e-16,0,0
100,250,0.05044176633985287,0.04911501588825273,0.04525119209999673,0.047003394550202415,0.0013267504516001338,-0.0017522024502056865,0.03834471480641307,0.03460060814895506,-0.04569606160984237,0.9723982165588616,0.9635525029121833,0.993,0.989,0.952,True,999,0.00011629203800112009,0.0008393749594688416,weak_2x2_bal_strong_100_250,weak_null,True,1840,1907505461,-4.440892098500626e-16,0,0
100,250,0.11037398393080633,0.05577001608876192,0.10513945511530665,0.053649113157149486,0.05460396784204441,0.05149034195815716,0.050460762519396136,1.0821074655987553,1.020403564816629,0.27920477889050843,0.3075371039125908,0.374,0.273,0.304,True,999,0.0001152080949395895,0.0008437500800937414,weak_2x2_bal_strong_100_250,weak_null,True,1841,1907505461,-4.440892098500626e-16,0,0
100,250,0.04106131032185378,0.04442927478838987,0.035877582907573924,0.04227615867611689,-0.0033679644665360886,-0.006398575768542969,0.03590539370165911,-0.09380107330171017,-0.17820653414106152,0.9252671790744622,0.8585607783600933,0.945,0.918,0.857,True,999,0.00011766701936721802,0.0008445839630439878,weak_2x2_bal_strong_100_250,weak_null,True,1842,1907505461,-4.440892098500626e-16,0,0
100,250,0.058386195386126105,0.01689349631704007,0.053194310284879975,0.014764078228765243,0.041492699069086036,0.03843023205611473,0.035626899990696355,1.1646452281821176,1.0786858263320818,0.24416262816073886,0.2807278062327243,0.367,0.236,0.281,True,999,0.0001164580462500453,0.0008396669290959835,weak_2x2_bal_strong_100_250,weak_null,True,1843,1907505461,-4.440892098500626e-16,0,0
100,250,0.016704622019252935,0.03131213890581269,0.011538431712835973,0.02918402743952697,-0.014607516886559757,-0.017645595726691,0.025749565204537445,-0.5672917880565106,-0.685277424551681,0.5705159553533075,0.4931688747395254,0.766,0.592,0.512,True,999,0.00011533405631780624,0.0008359169587492943,weak_2x2_bal_strong_100_250,weak_null,True,1844,1907505461,-4.440892098500626e-16,0,0
100,250,0.012710861899318138,0.08397287670703368,0.007548515664780098,0.08184547564185607,-0.07126201480771555,-0.07429695997707597,0.03341005283252629,-2.132951275621407,-2.223790556378418,0.03292872340609645,0.02616253907476414,0.195,0.041,0.036,True,999,0.00011495896615087986,0.0008779170457273722,weak_2x2_bal_strong_100_250,weak_null,True,1845,1907505461,-4.440892098500626e-16,0,0
100,250,0.006870108830382637,0.0226639159314046,0.0017003673171984701,0.02054715772469251,-0.01579380710102196,-0.01884679040749404,0.019183075735760134,-0.8233198533215366,-0.9824696866707768,0.410326126537894,0.3258685097552434,0.634,0.413,0.337,True,999,0.00011725001968443394,0.0008399999933317304,weak_2x2_bal_strong_100_250,weak_null,True,1846,1907505461,-4.440892098500626e-16,0,0
100,250,0.032576548250033754,0.041084519514797135,0.027396647155057963,0.038957024328112766,-0.008507971264763381,-0.011560377173054803,0.0327670483869217,-0.2596502182405652,-0.35280495931604544,0.7951335958749709,0.7242346655655323,0.856,0.791,0.729,True,999,0.0001157920341938734,0.0008470409084111452,weak_2x2_bal_strong_100_250,weak_null,True,1847,1907505461,-4.440892098500626e-16,0,0
100,250,0.019968949946638226,0.04833968538681077,0.014802221581192043,0.04623977405465496,-0.028370735440172545,-0.031437552473462915,0.029691593706295538,-0.9555140663991057,-1.0588031341273938,0.33931779536399465,0.2896894460224446,0.559,0.344,0.285,True,999,0.00011462497059255838,0.0008425830164924264,weak_2x2_bal_strong_100_250,weak_null,True,1848,1907505461,-4.440892098500626e-16,0,0
100,250,0.0028749525473116266,0.05328337390935678,-0.0022840731878943643,0.05114361618379348,-0.05040842136204515,-0.05342768937168785,0.02511978975322067,-2.006721467705842,-2.126916263892605,0.04477932886566356,0.03342704127260816,0.309,0.051,0.045,True,999,0.00011499994434416294,0.0008434170158579946,weak_2x2_bal_strong_100_250,weak_null,True,1849,1907505461,-4.440892098500626e-16,0,0
100,250,0.17752952837170433,0.06752414764324383,0.17222764659757672,0.0653974510561568,0.1100053807284605,0.10683019554141993,0.060086356590628894,1.8307880019740956,1.7779443055477462,0.06713219184527028,0.07541300253508293,0.118,0.088,0.098,True,999,0.00011274998541921377,0.0008529160404577851,weak_2x2_bal_strong_100_250,weak_null,True,1850,1907505461,-4.440892098500626e-16,0,0
100,250,0.08460565016983379,0.09296353123261503,0.07938719564293706,0.090872391314619,-0.008357881062781236,-0.011485195671681936,0.0489844749504633,-0.17062306110728634,-0.23446603609197833,0.8645201636818238,0.8146231976230859,0.91,0.878,0.839,True,999,0.00011258292943239212,0.0008537080138921738,weak_2x2_bal_strong_100_250,weak_null,True,1851,1907505461,-4.440892098500626e-16,0,0
100,250,0.044955804955724266,0.08150091841158424,0.03977145582517494,0.07937650287392728,-0.03654511345585998,-0.03960504704875234,0.040824640496146376,-0.895172939962806,-0.9701260456290078,0.3706946476564107,0.33198366785543865,0.525,0.394,0.351,True,999,0.00011183402966707945,0.0009181670611724257,weak_2x2_bal_strong_100_250,weak_null,True,1852,1907505461,-4.440892098500626e-16,0,0
100,250,0.1203303443227377,0.03966916030556733,0.11508851752918758,0.03755141962868436,0.08066118401717037,0.07753709790050323,0.05015777753595835,1.6081490843437787,1.5458639060495956,0.10780253125665254,0.12213743916620305,0.189,0.129,0.137,True,999,0.00011558306869119406,0.0008036249782890081,weak_2x2_bal_strong_100_250,weak_null,True,1853,1907505461,-4.440892098500626e-16,0,0
100,250,0.03505830987020098,0.041084519514797135,0.029880180440130744,0.038957024328112766,-0.006026209644596159,-0.009076843887982022,0.03343593576692958,-0.18023152355007485,-0.27146971304328316,0.8569708114221599,0.7860297908611614,0.902,0.844,0.793,True,999,0.00012579199392348528,0.0007929590065032244,weak_2x2_bal_strong_100_250,weak_null,True,1854,1907505461,-4.440892098500626e-16,0,0
100,250,0.08562201045193629,0.02939649827902413,0.08039508043167132,0.02729683624610857,0.05622551217291216,0.05309824418556275,0.04296383831656514,1.308670602440887,1.2358822271493883,0.19064595386926309,0.2165023442842009,0.283,0.189,0.213,True,999,0.00010983308311551809,0.0008027919102460146,weak_2x2_bal_strong_100_250,weak_null,True,1855,1907505461,-4.440892098500626e-16,0,0
100,250,0.016089962743297548,0.041084519514797135,0.010922942861185447,0.038957024328112766,-0.024994556771499588,-0.02803408146692732,0.027552638974809102,-0.907156544763341,-1.0174735528077143,0.36432401982402673,0.30892820737401105,0.608,0.331,0.29,True,999,0.00010974996257573366,0.0008047498995438218,weak_2x2_bal_strong_100_250,weak_null,True,1856,1907505461,-4.440892098500626e-16,0,0
100,250,0.02211871678151256,0.08184271986947278,0.016941380803444872,0.07972788160863331,-0.05972400308796022,-0.06278650080518844,0.035380012606672916,-1.6880718430466546,-1.774631951186656,0.09139743871839276,0.07595867798120641,0.255,0.093,0.085,True,999,0.00010895798914134502,0.0008247080259025097,weak_2x2_bal_strong_100_250,weak_null,True,1857,1907505461,-4.440892098500626e-16,0,0
100,250,0.049699981963282625,0.03137054978883952,0.04451218941593993,0.029254871198574506,0.018329432174443105,0.015257318217365423,0.03564049326798711,0.514286714177071,0.42808942352854035,0.6070515490993981,0.6685860166914775,0.702,0.623,0.684,True,999,0.000110041000880301,0.0008316250750795007,weak_2x2_bal_strong_100_250,weak_null,True,1858,1907505461,-4.440892098500626e-16,0,0
100,250,0.018954412334843407,0.05358548721288231,0.013778569508630767,0.051467378820731824,-0.0346310748780389,-0.03768880931210106,0.030574844600098856,-1.1326656056962243,-1.2326737815040014,0.25735470652492876,0.21769749747838352,0.484,0.266,0.233,True,999,0.00011570798233151436,0.0008417080389335752,weak_2x2_bal_strong_100_250,weak_null,True,1859,1907505461,-4.440892098500626e-16,0,0
100,250,0.07534538571423399,0.02579920109010203,0.070136923885741,0.023659643884840875,0.04954618462413196,0.04647728000090012,0.0408066292368245,1.214169990287283,1.138963959291162,0.22468281759147046,0.25471818674618296,0.396,0.246,0.273,True,999,0.00011345802340656519,0.0008379999781027436,weak_2x2_bal_strong_100_250,weak_null,True,1860,1907505461,-4.440892098500626e-16,0,0
100,250,0.08289756095211143,0.038914541008176595,0.07768458302192016,0.03679145745937262,0.04398301994393483,0.04089312556254754,0.043952697389899896,1.0006898906286898,0.9303894411710115,0.3169767563581225,0.35216948351922295,0.45,0.327,0.382,True,999,0.00011079199612140656,0.0008462909609079361,weak_2x2_bal_strong_100_250,weak_null,True,1861,1907505461,-4.440892098500626e-16,0,0
100,250,0.09770168726900652,0.061642947006682214,0.0923916748790603,0.0595459365848825,0.03605874026232431,0.032845738294177806,0.04830000408543618,0.7465577062590154,0.6800359320069236,0.455330586172072,0.496481709547994,0.592,0.466,0.516,True,999,0.0001092500751838088,0.0008597910637035966,weak_2x2_bal_strong_100_250,weak_null,True,1862,1907505461,-4.440892098500626e-16,0,0
100,250,0.07408028741081829,0.06334373261063331,0.06887766347199431,0.06123549189690891,0.010736554800184983,0.007642171575085399,0.04492094891604214,0.23900997328110207,0.17012489182649995,0.8110978492792074,0.8649119180109487,0.849,0.832,0.856,True,999,0.00011087500024586916,0.000880667008459568,weak_2x2_bal_strong_100_250,weak_null,True,1863,1907505461,-4.440892098500626e-16,0,0
100,250,0.01228010856055961,0.02532311134513543,0.00711565332520081,0.0232032002145246,-0.013043002784575819,-0.01608754688932379,0.022470884149596155,-0.5804401241065642,-0.7159285225371479,0.5616178536430563,0.4740354854726756,0.764,0.579,0.489,True,999,0.00011262495536357164,0.0008423749823123217,weak_2x2_bal_strong_100_250,weak_null,True,1864,1907505461,-4.440892098500626e-16,0,0
100,250,0.05383148344019828,0.059402884846693316,0.04863837143201977,0.05729669776323476,-0.005571401406495036,-0.008658326331214994,0.040197520650460575,-0.13860062303198792,-0.21539453655621887,0.8897657509546792,0.829459729241731,0.918,0.891,0.834,True,999,0.00011124997399747372,0.0008464580168947577,weak_2x2_bal_strong_100_250,weak_null,True,1865,1907505461,-4.440892098500626e-16,0,0
100,250,0.07671320401897552,0.05383258786475448,0.07150317340219203,0.05173549301582625,0.022880616154221045,0.019767680386365782,0.04431693291203067,0.51629511906068,0.446052537652024,0.6056483047103327,0.6555592959443994,0.668,0.604,0.659,True,999,0.00011233298573642969,0.0008395418990403414,weak_2x2_bal_strong_100_250,weak_null,True,1866,1907505461,-4.440892098500626e-16,0,0
100,250,0.03321907830533244,0.07546834812822156,0.028043423464055195,0.0733636734669858,-0.042249269822889124,-0.04532025000293061,0.037357705954282186,-1.1309385505253766,-1.21314328182766,0.25808095610791504,0.22507504458875682,0.42,0.268,0.225,True,999,0.0001141249667853117,0.0008460000390186906,weak_2x2_bal_strong_100_250,weak_null,True,1867,1907505461,-4.440892098500626e-16,0,0
100,250,0.0003018065482142118,0.06404235945024978,-0.004862548579907866,0.06190234092663616,-0.06374055290203556,-0.06676488950654402,0.025791665635658257,-2.471362408401848,-2.5886226368504968,0.01345993361215345,0.00963606281027534,0.095,0.019,0.018,True,999,0.00011700007598847151,0.0008417079225182533,weak_2x2_bal_strong_100_250,weak_null,True,1868,1907505461,-4.440892098500626e-16,0,0
100,250,0.054311055545317566,0.05395644364803892,0.04911225258128127,0.05182332373378529,0.00035461189727864495,-0.0027110711525040188,0.04011096324651709,0.008840772411752953,-0.06758928066229938,0.9929461760741494,0.9461125886783323,0.997,0.993,0.942,True,999,0.00011920800898224115,0.0008487500017508864,weak_2x2_bal_strong_100_250,weak_null,True,1869,1907505461,-4.440892098500626e-16,0,0
100,250,0.10294673725730474,0.035695940748701305,0.09771141653685333,0.033576257582140556,0.06725079650860344,0.06413515895471278,0.04699002215601523,1.4311718408073706,1.3648676040579988,0.15238097181495774,0.17229466596900522,0.242,0.159,0.172,True,999,0.00011587503831833601,0.0008496249793097377,weak_2x2_bal_strong_100_250,weak_null,True,1870,1907505461,-4.440892098500626e-16,0,0
100,250,0.03339837382168831,0.0707785067517549,0.02821908310569654,0.06864588989361664,-0.03738013293006659,-0.0404268067879201,0.03663502781605916,-1.0203385982876423,-1.1035014628868056,0.30756790353017893,0.2698094566199051,0.435,0.301,0.267,True,999,0.00011549994815140963,0.0008672080002725124,weak_2x2_bal_strong_100_250,weak_null,True,1871,1907505461,-4.440892098500626e-16,0,0
100,250,0.03609582293722302,0.042342240902402406,0.030912397101076294,0.04024855528085425,-0.006246417965179385,-0.009336158179777954,0.03348306370349343,-0.18655455248940286,-0.2788322556876381,0.8520099029175003,0.7803735592992307,0.926,0.867,0.796,True,999,0.0001157920341938734,0.0008581659058108926,weak_2x2_bal_strong_100_250,weak_null,True,1872,1907505461,-4.440892098500626e-16,0,0
100,250,0.023908491417857114,0.094209357258488,0.01872650629485406,0.09208868859856523,-0.07030086584063089,-0.07336218230371117,0.037438452546817325,-1.877771677467669,-1.959540988291936,0.0604124063667021,0.05004946459068183,0.203,0.063,0.059,True,999,0.00011633301619440317,0.0008787920232862234,weak_2x2_bal_strong_100_250,weak_null,True,1873,1907505461,-4.440892098500626e-16,0,0
100,250,0.007232309205094656,0.019224429594019765,0.0020663232517819097,0.01709477458328479,-0.01199212038892511,-0.015028451331502879,0.018485191225904266,-0.6487420250281167,-0.8129995058121294,0.5165051359956518,0.41621834150412873,0.733,0.524,0.421,True,999,0.00012445810716599226,0.0008060830878093839,weak_2x2_bal_strong_100_250,weak_null,True,1874,1907505461,-4.440892098500626e-16,0,0
100,250,0.03592806366251622,0.012710318240848117,0.030746628893410843,0.010567379732520976,0.0232177454216681,0.020179249160889867,0.028608237892743166,0.8115755157208606,0.7053649804138613,0.4170352452322732,0.4805831314587732,0.598,0.41,0.477,True,999,0.0001105000264942646,0.0007961670635268092,weak_2x2_bal_strong_100_250,weak_null,True,1875,1907505461,-4.440892098500626e-16,0,0
100,250,0.050939565442628676,0.0277949292115226,0.04573584983982926,0.025697071532846394,0.023144636231106075,0.020038778306982863,0.03512064485999999,0.6590037376411113,0.5705697713371334,0.5098933685330186,0.5682913142330522,0.619,0.515,0.552,True,999,0.00011241703759878874,0.0008084159344434738,weak_2x2_bal_strong_100_250,weak_null,True,1876,1907505461,-4.440892098500626e-16,0,0
100,250,0.037708628753393314,0.08078249224406586,0.03252831478010876,0.07866062505584637,-0.04307386349067255,-0.04613231027573761,0.03945387038438404,-1.0917525472411271,-1.1692721100943475,0.2749418816088658,0.24229401619586122,0.452,0.272,0.246,True,999,0.00011062505654990673,0.0008171669906005263,weak_2x2_bal_strong_100_250,weak_null,True,1877,1907505461,-4.440892098500626e-16,0,0
100,250,0.06453060184189918,0.053354039544474485,0.05932963786189305,0.05127088205426844,0.011176562297424697,0.008058755807624607,0.0415013076542818,0.2693062683838489,0.19418076834485393,0.7876940088471309,0.8460343408991261,0.853,0.813,0.861,True,999,0.00010920909699052572,0.0008315839804708958,weak_2x2_bal_strong_100_250,weak_null,True,1878,1907505461,-4.440892098500626e-16,0,0
100,250,0.03383075881250852,0.038706894988686846,0.028635266348629784,0.036616478982892886,-0.004876136176178325,-0.007981212634263102,0.032171877306478046,-0.1515651738233031,-0.2480804137797711,0.8795299032646173,0.804072189556527,0.926,0.879,0.822,True,999,0.00010887498501688242,0.0008295840816572309,weak_2x2_bal_strong_100_250,weak_null,True,1879,1907505461,-4.440892098500626e-16,0,0
100,250,0.04550937731471649,0.05555326795154242,0.040325315708599874,0.053442725041463746,-0.010043890636825925,-0.013117409332863872,0.03794661702911246,-0.26468474460108793,-0.3456805997435887,0.7912523305233534,0.7295827656234473,0.849,0.771,0.709,True,999,0.0001497500343248248,0.0008343328954651952,weak_2x2_bal_strong_100_250,weak_null,True,1880,1907505461,-4.440892098500626e-16,0,0
100,250,0.02928001942174485,0.05562788495762194,0.024106287714261043,0.05350774995324059,-0.02634786553587709,-0.029401462238979548,0.034028726688739394,-0.7742830278923127,-0.8640188775770127,0.4387634380556432,0.3875775204464895,0.616,0.436,0.39,True,999,0.000112209003418684,0.0008137089898809791,weak_2x2_bal_strong_100_250,weak_null,True,1881,1907505461,-4.440892098500626e-16,0,0
100,250,0.05568879627114964,0.04475401130548751,0.050461908080592366,0.04264856336949663,0.010934784965662137,0.007813344711095738,0.03862862121638097,0.2830746897335569,0.20226827841793088,0.7771195830765226,0.83970699756492,0.839,0.774,0.848,True,999,0.00010999990627169609,0.0007989169098436832,weak_2x2_bal_strong_100_250,weak_null,True,1882,1907505461,-4.440892098500626e-16,0,0
100,250,0.03432252655653312,0.06391535022089923,0.029146412337979655,0.06182710987218343,-0.029592823664366108,-0.03268069753420377,0.035720751035041284,-0.828449089307674,-0.9148939086455578,0.40741621571288256,0.36024732818267013,0.555,0.422,0.381,True,999,0.00010924995876848698,0.0008083339780569077,weak_2x2_bal_strong_100_250,weak_null,True,1883,1907505461,-4.440892098500626e-16,0,0
100,250,0.10019386311247058,0.11351489498893785,0.09497091369263444,0.11134204055082364,-0.01332103187646727,-0.0163711268581892,0.05317633154805166,-0.25050678541880994,-0.3078649162437198,0.802195457949984,0.7581851227887303,0.856,0.822,0.783,True,999,0.00011604093015193939,0.0008089999901130795,weak_2x2_bal_strong_100_250,weak_null,True,1884,1907505461,-4.440892098500626e-16,0,0
100,250,0.051912047129490935,0.04853536036288497,0.046724493421635316,0.04641954303940565,0.003376686766605963,0.00030495038222966286,0.03853649650840502,0.08762308649073713,0.007913287658704301,0.9301762523859669,0.9936861758474027,0.969,0.952,0.997,True,999,0.00010912492871284485,0.0008007910801097751,weak_2x2_bal_strong_100_250,weak_null,True,1885,1907505461,-4.440892098500626e-16,0,0
100,250,0.05879803751602253,0.018713528546235647,0.05360461857230803,0.016582698299387744,0.04008450896978688,0.03702192027292028,0.03601339538884587,1.1130444251919085,1.0280041599295238,0.2656893501481451,0.3039478708862562,0.391,0.253,0.295,True,999,0.0001089159632101655,0.0008186249760910869,weak_2x2_bal_strong_100_250,weak_null,True,1886,1907505461,-4.440892098500626e-16,0,0
100,250,0.06554999928391636,0.011291617444578073,0.060352174363487165,0.009170892959446064,0.05425838183933829,0.0511812814040411,0.036516479646933775,1.485860147635953,1.401594072016159,0.13731611670552746,0.16103649820154242,0.251,0.151,0.175,True,999,0.00010866601951420307,0.0008347079856321216,weak_2x2_bal_strong_100_250,weak_null,True,1887,1907505461,-4.440892098500626e-16,0,0
100,250,0.07224581843876288,0.030892910432672616,0.06703649716345694,0.028779215427988447,0.04135290800609026,0.038257281735468496,0.04073015953064228,1.0152896154256275,0.9392863218884919,0.30996779308390765,0.34758375936411146,0.401,0.312,0.354,True,999,0.00010762503370642662,0.0008691250113770366,weak_2x2_bal_strong_100_250,weak_null,True,1888,1907505461,-4.440892098500626e-16,0,0
100,250,0.05940846856642301,0.09502833289579288,0.054215277101889114,0.0928491689570734,-0.035619864329369866,-0.03863389185518429,0.04609464053046594,-0.7727550083794917,-0.838142816834627,0.43966738485861057,0.4019504981874785,0.566,0.448,0.396,True,999,0.00011354195885360241,0.0008183750323951244,weak_2x2_bal_strong_100_250,weak_null,True,1889,1907505461,-4.440892098500626e-16,0,0
100,250,0.03550147221047206,0.0445690338192094,0.03032032154362696,0.042486908188692496,-0.00906756160873734,-0.012166586645065536,0.033433436914296025,-0.2712123683838224,-0.36390475428097985,0.7862277007733973,0.7159291343208396,0.867,0.799,0.726,True,999,0.00011004193220287561,0.0008142089936882257,weak_2x2_bal_strong_100_250,weak_null,True,1890,1907505461,-4.440892098500626e-16,0,0
100,250,0.04594361002401559,0.09436640143350206,0.04075230116282569,0.09223308325846347,-0.048422791409486465,-0.05148078209563778,0.04283021271701326,-1.1305755525760368,-1.2019735329306056,0.2582337821170526,0.22937378266221753,0.401,0.281,0.246,True,999,0.00010975007899105549,0.0008160000434145331,weak_2x2_bal_strong_100_250,weak_null,True,1891,1907505461,-4.440892098500626e-16,0,0
100,250,0.11542833059528101,0.037795907314467414,0.1101876549277847,0.03566532032334635,0.0776324232808136,0.07452233460443836,0.04942696913297944,1.5706490736251613,1.507726164716711,0.11626418443170068,0.1316246261114523,0.192,0.148,0.165,True,999,0.00011616596020758152,0.0008195829577744007,weak_2x2_bal_strong_100_250,weak_null,True,1892,1907505461,-4.440892098500626e-16,0,0
100,250,0.09162019972020741,0.07388542717852653,0.0864020829954768,0.07174316123563074,0.017734772541680877,0.014658921759846066,0.04945914543581447,0.358574180475806,0.29638445287878373,0.7199136649848041,0.7669364970572837,0.814,0.715,0.777,True,999,0.00011520797852426767,0.000830375007353723,weak_2x2_bal_strong_100_250,weak_null,True,1893,1907505461,-4.440892098500626e-16,0,0
100,250,0.039534547637448014,0.09653455576737013,0.03435537000655131,0.09442975810448218,-0.05700000812992212,-0.060074388097930864,0.04107427613933228,-1.3877300706789457,-1.4625793500084177,0.16521925570315887,0.14358251712653314,0.342,0.192,0.173,True,999,0.00011604104656726122,0.00086041702888906,weak_2x2_bal_strong_100_250,weak_null,True,1894,1907505461,-4.440892098500626e-16,0,0
100,250,0.015930489453407692,0.019493678954796367,0.010766178151556005,0.017379275207687783,-0.003563189501388675,-0.006613097056131778,0.02254219579655683,-0.15806754291136663,-0.293365256686391,0.8744035760456347,0.7692429788845782,0.924,0.88,0.77,True,999,0.00011716701555997133,0.0008036249782890081,weak_2x2_bal_strong_100_250,weak_null,True,1895,1907505461,-4.440892098500626e-16,0,0
100,250,0.004603381344626012,0.046863243701408264,-0.0005619846587876509,0.04475500178614311,-0.04225986235678225,-0.04531698644493076,0.02401356509215008,-1.7598329192110171,-1.8871411333981671,0.07843613974315493,0.059141345446845205,0.33,0.097,0.084,True,999,0.00011083402205258608,0.0008039169479161501,weak_2x2_bal_strong_100_250,weak_null,True,1896,1907505461,-4.440892098500626e-16,0,0
100,250,0.07844610104900773,0.02086420932484273,0.0732354253881482,0.018747778578926955,0.057581891724165,0.054487646809221246,0.04073694803427568,1.4135052944004578,1.3375485753958753,0.15750720577346544,0.18104363749518315,0.231,0.164,0.2,True,999,0.00010954204481095076,0.0008488340536132455,weak_2x2_bal_strong_100_250,weak_null,True,1897,1907505461,-4.440892098500626e-16,0,0
100,250,0.016039989498884077,0.03772005116707228,0.010854746463337506,0.0355965103811684,-0.0216800616681882,-0.024741763917830895,0.026781889739799822,-0.8095045524726383,-0.9238244260659041,0.41822498529545904,0.3555777355895038,0.676,0.459,0.393,True,999,0.00011370796710252762,0.0008102080319076777,weak_2x2_bal_strong_100_250,weak_null,True,1898,1907505461,-4.440892098500626e-16,0,0
100,250,0.04550937731471627,0.09119059403456908,0.040325315708599874,0.08906181586766593,-0.04568121671985281,-0.048736500159066054,0.04233179469947541,-1.079123080988081,-1.1512977539709655,0.2805328632731423,0.2496097608601684,0.459,0.313,0.28,True,999,0.00011383299715816975,0.0008022090187296271,weak_2x2_bal_strong_100_250,weak_null,True,1899,1907505461,-4.440892098500626e-16,0,0
100,250,0.0196371066289196,0.007445224008451767,0.014469996022114628,0.005279655160791208,0.012191882620467831,0.00919034086132342,0.021397303551367472,0.5697859354660912,0.42950929958350187,0.568822895925732,0.667552627667928,0.747,0.554,0.678,True,999,0.00010987499263137579,0.0008000419475138187,weak_2x2_bal_strong_100_250,weak_null,True,1900,1907505461,-4.440892098500626e-16,0,0
100,250,0.02629690225786996,0.08872216536731486,0.021118526247178693,0.0866143677741178,-0.062425263109444906,-0.0654958415269391,0.03699942621901764,-1.687195437570284,-1.7701853304220798,0.0915657784098563,0.0766962722665049,0.246,0.107,0.097,True,999,0.00011683302000164986,0.000821333029307425,weak_2x2_bal_strong_100_250,weak_null,True,1901,1907505461,-4.440892098500626e-16,0,0
100,250,0.1479977825733657,0.08543902979780793,0.14269768264186666,0.08328816990812982,0.06255875277555778,0.05940951273373685,0.05749394570947345,1.088092876625265,1.0333177172070096,0.27655410810569714,0.3014552386706074,0.37,0.31,0.329,True,999,0.00011629203800112009,0.0008352909935638309,weak_2x2_bal_strong_100_250,weak_null,True,1902,1907505461,-4.440892098500626e-16,0,0
100,250,0.05879803751602253,0.016439559485507793,0.05360461857230803,0.014341269579375648,0.042358478030514735,0.03926334899293238,0.03554227810367102,1.1917772379970122,1.1046942145466196,0.23334860315977046,0.26929211114693596,0.369,0.249,0.284,True,999,0.00011725001968443394,0.0008347500115633011,weak_2x2_bal_strong_100_250,weak_null,True,1903,1907505461,-4.440892098500626e-16,0,0
100,250,0.09103835747329414,0.013004977662082307,0.08582259536504466,0.01083074905945125,0.07803337981121183,0.07499184630559341,0.04228050884075526,1.8456111799674813,1.773674167168652,0.0649486820162676,0.07611706182728721,0.133,0.076,0.09,True,999,0.00011683395132422447,0.0008302920032292604,weak_2x2_bal_strong_100_250,weak_null,True,1904,1907505461,-4.440892098500626e-16,0,0
100,250,0.08426216032541145,0.07257362462399847,0.07903737183559656,0.07047267562144555,0.011688535701412983,0.008564696214151013,0.0476651667152333,0.2452217522125533,0.17968459578289536,0.8062847346546039,0.857400187393284,0.851,0.819,0.859,True,999,0.00014108303003013134,0.0008218749426305294,weak_2x2_bal_strong_100_250,weak_null,True,1905,1907505461,-4.440892098500626e-16,0,0
100,250,0.10109391384941735,0.07492971115611985,0.09585830900522296,0.07277906114060784,0.0261642026932975,0.023079247864615127,0.0510144280873083,0.5128784870138885,0.45240628445576814,0.6080363228341725,0.6509763204448262,0.717,0.598,0.665,True,999,0.00010966707486659288,0.0008499169489368796,weak_2x2_bal_strong_100_250,weak_null,True,1906,1907505461,-4.440892098500626e-16,0,0
100,250,0.07240159423691139,0.03916805723404804,0.06718579129380942,0.03705813004468439,0.033233537002863356,0.030127661249125026,0.041812129332161115,0.7948300537112502,0.7205483607349169,0.42671236624722175,0.47118743513069195,0.514,0.432,0.483,True,999,0.00011295790318399668,0.0008002499816939235,weak_2x2_bal_strong_100_250,weak_null,True,1907,1907505461,-4.440892098500626e-16,0,0
100,250,0.02851375191092953,0.03915979400310954,0.02334113858179876,0.037068041880786495,-0.010646042092180008,-0.013726903298987736,0.030674294663533816,-0.34706721732174745,-0.44750509993980525,0.7285408212898945,0.6545104064160185,0.82,0.749,0.687,True,999,0.00011083297431468964,0.0008008329896256328,weak_2x2_bal_strong_100_250,weak_null,True,1908,1907505461,-4.440892098500626e-16,0,0
100,250,0.028513751910929308,0.04108334531814334,0.02334113858182718,0.03898156835700206,-0.01256959340721403,-0.01564042977517488,0.031179465029242695,-0.4031369170518231,-0.5016259823735264,0.686847503741252,0.6159306391972029,0.778,0.696,0.631,True,999,0.00010970805305987597,0.0008265000069513917,weak_2x2_bal_strong_100_250,weak_null,True,1909,1907505461,-4.440892098500626e-16,0,0
100,250,0.05899469949768721,0.08153336314202064,0.053803043506206905,0.07940706733241143,-0.022538663644333434,-0.025604023826204525,0.044095475865488405,-0.5111332444418285,-0.5806496771756957,0.6092577587003858,0.5614765841342584,0.704,0.616,0.591,True,999,0.00011350004933774471,0.0008279579924419522,weak_2x2_bal_strong_100_250,weak_null,True,1910,1907505461,-4.440892098500626e-16,0,0
100,250,0.007437647884250831,0.04716619391195315,0.0022781706420857972,0.04502815309137986,-0.039728546027702316,-0.042749982449294066,0.02582931658020984,-1.5381183588164282,-1.6550953764703427,0.12401967791602297,0.09790515261485105,0.404,0.128,0.111,True,999,0.00011604197788983583,0.0008315000450238585,weak_2x2_bal_strong_100_250,weak_null,True,1911,1907505461,-4.440892098500626e-16,0,0
100,250,0.007217380307572574,0.07204477466508158,0.002059037017488663,0.0699354798879881,-0.064827394357509,-0.06787644287049943,0.029569054644945296,-2.1924067284508526,-2.2955229271119975,0.028350151229026874,0.021703174031081664,0.178,0.038,0.034,True,999,0.00011641602031886578,0.0008370419964194298,weak_2x2_bal_strong_100_250,weak_null,True,1912,1907505461,-4.440892098500626e-16,0,0
100,250,0.04279727899027963,0.04277196380752235,0.03760491145594358,0.040668854867021764,2.531518275727951e-05,-0.003063943411078185,0.03557355901636086,0.0007116291835078026,-0.08612979684346532,0.999432202109386,0.9313632371743381,1.0,1.0,0.934,True,999,0.0001164580462500453,0.0008386669214814901,weak_2x2_bal_strong_100_250,weak_null,True,1913,1907505461,-4.440892098500626e-16,0,0
100,250,0.0320259368087773,0.07950771530002443,0.026848147873423045,0.07735586962483865,-0.04748177849124713,-0.0505077217514156,0.038445761362062736,-1.235032856914648,-1.3137396675737392,0.21681827602138204,0.18893382701336392,0.388,0.222,0.192,True,999,0.00011541706044226885,0.0008401250233873725,weak_2x2_bal_strong_100_250,weak_null,True,1914,1907505461,-4.440892098500626e-16,0,0
100,250,0.0063729079647506515,0.0689378725733894,0.0012071709703747047,0.06680197575515479,-0.06256496460863875,-0.06559480478478008,0.029193135548886525,-2.1431395919725067,-2.246925640273745,0.032101891148896694,0.024644779759648988,0.205,0.04,0.038,True,999,0.00014537503011524677,0.0008582919836044312,weak_2x2_bal_strong_100_250,weak_null,True,1915,1907505461,-4.440892098500626e-16,0,0
100,250,0.03676105641245542,0.07483052278951585,0.03158011490856438,0.07271757382002875,-0.038069466377060435,-0.041137458911464364,0.03837739435696346,-0.9919763187401712,-1.0719190190149035,0.3212090775758123,0.2837564068742422,0.443,0.294,0.267,True,999,0.00011516700033098459,0.0008003339171409607,weak_2x2_bal_strong_100_250,weak_null,True,1916,1907505461,-4.440892098500626e-16,0,0
100,250,0.028899737350249977,0.05764431663370917,0.023727442927850007,0.055531721924509725,-0.028744579283459193,-0.03180427899665972,0.03402571882153312,-0.8447897731191569,-0.934712920055415,0.39822822558851956,0.3499362666927993,0.582,0.408,0.372,True,999,0.0001106249401345849,0.0007960420334711671,weak_2x2_bal_strong_100_250,weak_null,True,1917,1907505461,-4.440892098500626e-16,0,0
100,250,0.07780269023358133,0.019898725114653876,0.07257907910994277,0.01770780611805378,0.05790396511892745,0.054871272991888986,0.040565317557754124,1.427425411781573,1.3526646972199101,0.15345731042136676,0.17616277343531395,0.29,0.162,0.195,True,999,0.00010974996257573366,0.0008214580593630672,weak_2x2_bal_strong_100_250,weak_null,True,1918,1907505461,-4.440892098500626e-16,0,0
100,250,0.07324866353757342,0.03935864489220903,0.06804378717409065,0.03724792588364778,0.033890018645364395,0.030795861290442872,0.0420151898357821,0.8066134837858586,0.7329697047855697,0.4198892028232434,0.4635769071024084,0.545,0.433,0.484,True,999,0.00010887510143220425,0.0008270000107586384,weak_2x2_bal_strong_100_250,weak_null,True,1919,1907505461,-4.440892098500626e-16,0,0
100,250,0.044568752155515146,0.02660317819004787,0.03937746331514802,0.024521485825133027,0.017965573965467274,0.014855977490014993,0.03333147316308415,0.538997297766149,0.4457041972710808,0.5898887191193009,0.6558109322949455,0.707,0.57,0.648,True,999,0.00011187500786036253,0.0008464999264106154,weak_2x2_bal_strong_100_250,weak_null,True,1920,1907505461,-4.440892098500626e-16,0,0
100,250,0.04553574499710511,0.06582148426278867,0.040353131483556126,0.0637102777547085,-0.020285739265683556,-0.023357146271152374,0.03931484606716012,-0.515981653114708,-0.5941049910573785,0.6058672233070956,0.5524418928710034,0.757,0.617,0.536,True,999,0.00011033297050744295,0.0008405830012634397,weak_2x2_bal_strong_100_250,weak_null,True,1921,1907505461,-4.440892098500626e-16,0,0
100,250,0.034040980571866775,0.03534123464155969,0.028865908768068493,0.033203870099669075,-0.0013002540696929188,-0.004337961331600582,0.03227452199723634,-0.040287322297267766,-0.1344082286322332,0.9678640609155197,0.8930797751702482,0.969,0.962,0.891,True,999,0.00011145893950015306,0.0008332919096574187,weak_2x2_bal_strong_100_250,weak_null,True,1922,1907505461,-4.440892098500626e-16,0,0
100,250,0.0682462026440388,0.12274811951589581,0.06303453118906077,0.12060356258106708,-0.054501916871857015,-0.05756903139200631,0.04955621031489662,-1.0997999347717216,-1.1616915624942579,0.27141930077569465,0.24536077423341918,0.383,0.271,0.25,True,999,0.00011391600128263235,0.0008572919759899378,weak_2x2_bal_strong_100_250,weak_null,True,1923,1907505461,-4.440892098500626e-16,0,0
100,250,0.0068889107533383065,0.06613612637622068,0.0017293234254225354,0.06399591466272625,-0.059247215622882377,-0.062266591237303714,0.029227770279422145,-2.0270863995600603,-2.1303914271265025,0.0426535775157557,0.03313931097984257,0.211,0.054,0.047,True,999,0.0001157920341938734,0.000833165948279202,weak_2x2_bal_strong_100_250,weak_null,True,1924,1907505461,-4.440892098500626e-16,0,0
100,250,0.040351649128849365,0.05372662892182323,0.03516751106675997,0.0516299098059676,-0.013374979792973862,-0.01646239873920763,0.03623074882640927,-0.3691610089831925,-0.4543764419025168,0.7120077167505297,0.6495579053519001,0.775,0.731,0.65,True,999,0.00011616700794547796,0.0008423749823123217,weak_2x2_bal_strong_100_250,weak_null,True,1925,1907505461,-4.440892098500626e-16,0,0
100,250,0.007050158551725971,0.035797065352424884,0.0018897223110485584,0.033690656836085964,-0.028746906800698913,-0.031800934525037405,0.02251482621348499,-1.2767989647409002,-1.4124441478473688,0.20167323114180247,0.15781922511227076,0.484,0.194,0.164,True,999,0.00011541706044226885,0.0008384590037167072,weak_2x2_bal_strong_100_250,weak_null,True,1926,1907505461,-4.440892098500626e-16,0,0
100,250,0.02397749898902679,0.07823511959577617,0.018808310652445925,0.07612734318139758,-0.05425762060674938,-0.05731903252895165,0.03537684067788712,-1.5337045244027119,-1.620241701367637,0.12510236020776064,0.10518036668206379,0.36,0.152,0.139,True,999,0.00011512497439980507,0.0008451250614598393,weak_2x2_bal_strong_100_250,weak_null,True,1927,1907505461,-4.440892098500626e-16,0,0
100,250,0.04115023189446254,0.09180523810600766,0.03596655504745172,0.08965526845477712,-0.05065500621154512,-0.053688713407325395,0.040869633348440175,-1.2394289368754126,-1.3136578189873698,0.21518669066336282,0.1889613818336744,0.36,0.212,0.179,True,999,0.00011491694021970034,0.0008518340764567256,weak_2x2_bal_strong_100_250,weak_null,True,1928,1907505461,-4.440892098500626e-16,0,0
100,250,0.07844610104900773,0.051686019938172345,0.0732354253881482,0.04957874846171251,0.026760081110835388,0.023656676926435694,0.04444601055255051,0.6020806092190376,0.5322564754932356,0.5471204812825574,0.5945483728228953,0.649,0.54,0.598,True,999,0.00012083293404430151,0.0008544169832020998,weak_2x2_bal_strong_100_250,weak_null,True,1929,1907505461,-4.440892098500626e-16,0,0
100,250,0.06607918563312642,0.025630737203258036,0.060881532323605825,0.02349207830930311,0.04044844842986839,0.037389454014302714,0.03883792508308322,1.0414678009533178,0.9627047257112243,0.2976584896004424,0.335695724500612,0.432,0.301,0.339,True,999,0.00011695805005729198,0.0008452500915154815,weak_2x2_bal_strong_100_250,weak_null,True,1930,1907505461,-4.440892098500626e-16,0,0
100,250,0.08500908562488585,0.06582148426278867,0.07978957265127917,0.0637102777547085,0.019187601362097184,0.016079294896570673,0.047322616130071694,0.4054636647593159,0.33978034630154147,0.6851367217773165,0.7340219496639786,0.73,0.673,0.738,True,999,0.00011679204180836678,0.0008429590379819274,weak_2x2_bal_strong_100_250,weak_null,True,1931,1907505461,-4.440892098500626e-16,0,0
100,250,0.034206006545573486,0.08826729876371542,0.02903104905192322,0.08607943554871156,-0.05406129221814193,-0.05704838649678834,0.03968140369344785,-1.3623835647494615,-1.437660495518411,0.17307686777307907,0.15053040708187224,0.346,0.195,0.178,True,999,0.00011566700413823128,0.0008854999905452132,weak_2x2_bal_strong_100_250,weak_null,True,1932,1907505461,-4.440892098500626e-16,0,0
100,250,0.05199276349977677,0.08147056976303713,0.04680289384511127,0.07929977044888403,-0.029477806263260353,-0.03249687660377276,0.04308698960793074,-0.6841463404961243,-0.7542155276912471,0.4938827621282583,0.45071981522215754,0.64,0.509,0.478,True,999,0.00011424999684095383,0.0008036659564822912,weak_2x2_bal_strong_100_250,weak_null,True,1933,1907505461,-4.440892098500626e-16,0,0
100,250,0.08655600899037519,0.0673515978202548,0.08132927475018903,0.06522594930211767,0.019204411170120395,0.01610332544807136,0.04772817115196315,0.4023705645241444,0.33739665818745707,0.6874113297009431,0.7358179035019079,0.763,0.677,0.732,True,999,0.00011070794425904751,0.0008099999977275729,weak_2x2_bal_strong_100_250,weak_null,True,1934,1907505461,-4.440892098500626e-16,0,0
100,250,0.08152099085670961,0.02982553385858086,0.07631107733922704,0.027674056194086916,0.05169545699812875,0.048637021145140125,0.04269232138169229,1.210884190061805,1.139245175035085,0.22593979267695474,0.25460090827674176,0.362,0.222,0.257,True,999,0.00011029199231415987,0.0007977909408509731,weak_2x2_bal_strong_100_250,weak_null,True,1935,1907505461,-4.440892098500626e-16,0,0
100,250,0.0465733363308064,0.032064127772557294,0.0413868864686151,0.029950145599173084,0.01450920855824911,0.01143674086944202,0.034918247265219776,0.4155193829760455,0.327529064748721,0.6777617288148813,0.7432677636448785,0.78,0.684,0.752,True,999,0.00010891701094806194,0.000823875074274838,weak_2x2_bal_strong_100_250,weak_null,True,1936,1907505461,-4.440892098500626e-16,0,0
100,250,0.1009690656286999,0.03687316950938613,0.09574070955159186,0.034747647534274506,0.06409589611931377,0.06099306201731736,0.046856713032356105,1.367912770045424,1.3016931421373845,0.17133938204316002,0.19302130485906477,0.259,0.186,0.211,True,999,0.00011549994815140963,0.000824916991405189,weak_2x2_bal_strong_100_250,weak_null,True,1937,1907505461,-4.440892098500626e-16,0,0
100,250,0.052947308024007156,0.054152490251907826,0.04775382201975731,0.0520542435685627,-0.0012051822279006696,-0.004300421548805389,0.039290557511647665,-0.030673584296771406,-0.10945178234059241,0.9755298579240386,0.9128441640415584,0.974,0.968,0.927,True,999,0.00011549994815140963,0.0008300000336021185,weak_2x2_bal_strong_100_250,weak_null,True,1938,1907505461,-4.440892098500626e-16,0,0
100,250,0.11125010421168502,0.05818108229661545,0.10600933438439597,0.05609308789108525,0.05306902191506957,0.04991624649331072,0.05029155939396823,1.0552272101833942,0.9925372586338509,0.2913214223665247,0.32093551356485517,0.344,0.277,0.313,True,999,0.00011737504974007607,0.0008351249853149056,weak_2x2_bal_strong_100_250,weak_null,True,1939,1907505461,-4.440892098500626e-16,0,0
100,250,0.034126024554629764,0.05115393648868971,0.02892700688782668,0.049039975726344665,-0.017027911934059947,-0.020112968838517986,0.03476256125243367,-0.48983479124018375,-0.5785813275513441,0.6242508093721486,0.5628717069760849,0.8,0.633,0.559,True,999,0.0001163750421255827,0.0008442499674856663,weak_2x2_bal_strong_100_250,weak_null,True,1940,1907505461,-4.440892098500626e-16,0,0
100,250,0.08780421604446786,0.06228135992978873,0.0825802376432847,0.060190963884949156,0.025522856114679138,0.02238927375833555,0.04703810212100265,0.5425996152868402,0.4759816563334232,0.5874055039156548,0.6340874464635389,0.629,0.569,0.636,True,999,0.00012450001668184996,0.000832833000458777,weak_2x2_bal_strong_100_250,weak_null,True,1941,1907505461,-4.440892098500626e-16,0,0
100,250,0.033711571632115134,0.03601655990196512,0.028536268927354058,0.033874941712312534,-0.0023049882698499835,-0.005338672784958476,0.03229545498103851,-0.07137190887087057,-0.16530724797321938,0.9431017660531317,0.8687021542481363,0.955,0.944,0.869,True,999,0.00011587503831833601,0.0008498749230057001,weak_2x2_bal_strong_100_250,weak_null,True,1942,1907505461,-4.440892098500626e-16,0,0
100,250,0.06639707712193688,0.041784654948469946,0.061199525402599875,0.03964475381796717,0.02461242217346693,0.021554771584632704,0.04103168628572924,0.5998394022140664,0.5253201497626341,0.548613270923386,0.5993606522445987,0.679,0.561,0.633,True,999,0.00012154201976954937,0.000810416997410357,weak_2x2_bal_strong_100_250,weak_null,True,1943,1907505461,-4.440892098500626e-16,0,0
100,250,0.05879172279147726,0.03730895568101156,0.053599990936902486,0.03518746400885675,0.021482767110465706,0.018412526928045736,0.03875502640483959,0.554322086793444,0.4751003582272478,0.5793584372732524,0.6347154431805175,0.668,0.589,0.643,True,999,0.00010908290278166533,0.0008009580196812749,weak_2x2_bal_strong_100_250,weak_null,True,1944,1907505461,-4.440892098500626e-16,0,0
100,250,0.06662067251684944,0.07917427574795005,0.06141558098038047,0.07705151781331665,-0.012553603231100607,-0.01563593683293618,0.04495792459059467,-0.2792300433220367,-0.3477904501892257,0.7800682889633925,0.7279975621267514,0.856,0.825,0.76,True,999,0.00010812492109835148,0.0008040830725803971,weak_2x2_bal_strong_100_250,weak_null,True,1945,1907505461,-4.440892098500626e-16,0,0
100,250,0.03979716486732965,0.07332523444218059,0.03461814323193835,0.0711938290396148,-0.03352806957485094,-0.03657568580767645,0.038987212263695954,-0.8599760697963919,-0.9381457068612965,0.3898022338408986,0.3481695354769345,0.56,0.425,0.392,True,999,0.00010945799294859171,0.0008277080487459898,weak_2x2_bal_strong_100_250,weak_null,True,1946,1907505461,-4.440892098500626e-16,0,0
100,250,0.0733502840565542,0.01421912889470256,0.0681412792744851,0.012072395909811462,0.059131155161851634,0.05606888336467364,0.03875765158043181,1.525664036664856,1.4466532691826464,0.1270935552912724,0.1479940587605344,0.276,0.16,0.175,True,999,0.00010908301919698715,0.0008285839576274157,weak_2x2_bal_strong_100_250,weak_null,True,1947,1907505461,-4.440892098500626e-16,0,0
100,250,0.02359896712013998,0.06228135992978873,0.01842269838651589,0.060190963884949156,-0.03868239280964875,-0.041768265498433266,0.032726494319676135,-1.1819901157696489,-1.276282912872857,0.23720962282427527,0.2018555282010217,0.465,0.272,0.217,True,999,0.00011158396955579519,0.0008362090447917581,weak_2x2_bal_strong_100_250,weak_null,True,1948,1907505461,-4.440892098500626e-16,0,0
100,250,0.11892320497045628,0.04475401130548751,0.11368293296379761,0.04264856336949663,0.07416919366496877,0.07103436959430098,0.0505062011174405,1.4685165786376497,1.4064484760817184,0.14196395629443045,0.15959099415812528,0.234,0.158,0.179,True,999,0.00011329201515763998,0.0008490000618621707,weak_2x2_bal_strong_100_250,weak_null,True,1949,1907505461,-4.440892098500626e-16,0,0
100,250,0.05839264176296999,0.0742678833402286,0.05317679070471115,0.07214330421271598,-0.015875241577258614,-0.018966513508004823,0.04312250230823554,-0.3681428657313042,-0.43982868555340293,0.7127667096260855,0.6600611898710392,0.784,0.708,0.65,True,999,0.00011675001587718725,0.000799124944023788,weak_2x2_bal_strong_100_250,weak_null,True,1950,1907505461,-4.440892098500626e-16,0,0
100,250,0.04106131032185378,0.014640501744495271,0.035877582907573924,0.012494882717234645,0.026420808577358512,0.02338270019033928,0.030585796757874404,0.8638260688944256,0.7644953759237719,0.3876834448899501,0.4445720912431499,0.577,0.397,0.457,True,999,0.00010879093315452337,0.0007997089996933937,weak_2x2_bal_strong_100_250,weak_null,True,1951,1907505461,-4.440892098500626e-16,0,0
100,250,0.03797954241746082,0.08424715996171794,0.03279393471292735,0.08215462935947926,-0.04626761754425712,-0.049360694646551906,0.03916080775984628,-1.1814776096548714,-1.2604616061358194,0.237413043032897,0.20750288979402887,0.417,0.25,0.218,True,999,0.00011512497439980507,0.0008174170507118106,weak_2x2_bal_strong_100_250,weak_null,True,1952,1907505461,-4.440892098500626e-16,0,0
100,250,0.02797587320180761,0.056931662395392324,0.022802804366975238,0.054804113860242865,-0.028955789193584713,-0.03200130949326763,0.033859486151175434,-0.8551750922711363,-0.9451209433713365,0.39245422304894706,0.34459713420986904,0.639,0.415,0.371,True,999,0.00011845806147903204,0.0008412919705733657,weak_2x2_bal_strong_100_250,weak_null,True,1953,1907505461,-4.440892098500626e-16,0,0
100,250,0.053617541530366464,0.04495727175295172,0.04841844675831908,0.042851009591970524,0.008660269777414742,0.0055674371663485545,0.03838517208013193,0.22561497859995985,0.14504134968383392,0.8215008899692164,0.884678224628332,0.884,0.816,0.892,True,999,0.00011012493632733822,0.0008016669889912009,weak_2x2_bal_strong_100_250,weak_null,True,1954,1907505461,-4.440892098500626e-16,0,0
100,250,0.03432252655653312,0.033342584826998645,0.029146412337979655,0.031209851809535394,0.0009799417295344726,-0.002063439471555739,0.03196784501208228,0.030653981498099184,-0.06454734345639689,0.975545491342921,0.9485344110521496,0.979,0.974,0.955,True,999,0.0001117499778047204,0.000826624920591712,weak_2x2_bal_strong_100_250,weak_null,True,1955,1907505461,-4.440892098500626e-16,0,0
100,250,0.014499335415388726,0.04517519126542924,0.00933293486987452,0.043040278690099854,-0.030675855850040512,-0.03370734382022533,0.027932122364303428,-1.0982286075491172,-1.2067591348984814,0.2721046773224811,0.22752491798223873,0.48,0.271,0.232,True,999,0.00010879198089241982,0.0008273329585790634,weak_2x2_bal_strong_100_250,weak_null,True,1956,1907505461,-4.440892098500626e-16,0,0
100,250,0.04553574499710511,0.039744061648579965,0.040353131483556126,0.03763170058780929,0.005791683348525145,0.0027214308957468347,0.03579771880267447,0.1617891737864717,0.07602246698310607,0.871471878786615,0.9394012238515739,0.912,0.883,0.93,True,999,0.00010933296289294958,0.0008332079742103815,weak_2x2_bal_strong_100_250,weak_null,True,1957,1907505461,-4.440892098500626e-16,0,0
100,250,0.06200633350202889,0.054705876695878675,0.05679764259392073,0.05259944245682391,0.007300456806150213,0.004198200137096819,0.04121375983288021,0.17713639414975021,0.10186404138133275,0.8594012555203285,0.9188645922715408,0.901,0.88,0.909,True,999,0.0001128750154748559,0.0008894170168787241,weak_2x2_bal_strong_100_250,weak_null,True,1958,1907505461,-4.440892098500626e-16,0,0
100,250,0.02397749898902657,0.036671926240845754,0.018808310652445925,0.034580468567497746,-0.012694427251819185,-0.01577215791505182,0.028746447056939222,-0.44159986890466263,-0.5486646013613886,0.6587787788861152,0.5832356432634054,0.791,0.693,0.615,True,999,0.00011962500866502523,0.0008042919216677547,weak_2x2_bal_strong_100_250,weak_null,True,1959,1907505461,-4.440892098500626e-16,0,0
100,250,0.03399183196071365,0.040270020673748075,0.028815487930302197,0.03818452430992636,-0.006278188713034427,-0.009369036379624163,0.03236696992529872,-0.19396899763938852,-0.2894628814883633,0.8462001571456863,0.7722271809005652,0.899,0.855,0.788,True,999,0.00011137500405311584,0.000804958981461823,weak_2x2_bal_strong_100_250,weak_null,True,1960,1907505461,-4.440892098500626e-16,0,0
100,250,0.0741310382070608,0.020609195863301843,0.06891575917124726,0.018419719553435243,0.05352184234375895,0.050496039617812016,0.040211083187060154,1.331022148664281,1.2557741700940188,0.18318172321242077,0.20919785907535138,0.416,0.191,0.221,True,999,0.00011116696987301111,0.0008014170452952385,weak_2x2_bal_strong_100_250,weak_null,True,1961,1907505461,-4.440892098500626e-16,0,0
100,250,0.060244385944802414,0.042683686456294556,0.05504804486290027,0.040563683376603876,0.017560699488507858,0.014484361486296393,0.039675779609465445,0.4426050265769297,0.36506810020793795,0.6580514483569176,0.7150605723191148,0.76,0.639,0.706,True,999,0.00011625001206994057,0.0008120420388877392,weak_2x2_bal_strong_100_250,weak_null,True,1962,1907505461,-4.440892098500626e-16,0,0
100,250,0.0231992630161294,0.07186729397217184,0.01802820809936634,0.06978266423546131,-0.04866803095604244,-0.05175445613609497,0.03356975461193507,-1.4497583172305784,-1.5416989708258007,0.14712592696001658,0.12314676216239459,0.305,0.15,0.128,True,999,0.00011720799375325441,0.0008451249450445175,weak_2x2_bal_strong_100_250,weak_null,True,1963,1907505461,-4.440892098500626e-16,0,0
100,250,0.017876396390911986,0.07426788334022849,0.012707104958536775,0.07214330421271598,-0.056391486949316505,-0.0594361992541792,0.033550941935521446,-1.6807720944970863,-1.7715210311652148,0.09280719091863229,0.07647409853581094,0.237,0.105,0.091,True,999,0.00011112494394183159,0.000810084049589932,weak_2x2_bal_strong_100_250,weak_null,True,1964,1907505461,-4.440892098500626e-16,0,0
100,250,0.02978171278036501,0.08036490755306641,0.024582543015512215,0.07822906848824118,-0.0505831947727014,-0.05364652547272897,0.037633926809918054,-1.3440849536692698,-1.4254830686068867,0.17892091703753843,0.1540176109542079,0.377,0.21,0.183,True,999,0.00010912504512816668,0.0008093749638646841,weak_2x2_bal_strong_100_250,weak_null,True,1965,1907505461,-4.440892098500626e-16,0,0
100,250,0.04037509189184596,0.08003764576608702,0.035174724673638025,0.07793935023813958,-0.03966255387424106,-0.04276462556450156,0.039172322573412986,-1.0125147366462464,-1.0917051314574524,0.3112920042134347,0.2749627289805132,0.466,0.321,0.289,True,999,0.00010779208969324827,0.0008345840033143759,weak_2x2_bal_strong_100_250,weak_null,True,1966,1907505461,-4.440892098500626e-16,0,0
100,250,0.05718565023318045,0.048643904456466935,0.05198814170665855,0.04654286416781872,0.008541745776713516,0.005445277538839832,0.03964847524100517,0.21543692978839923,0.13733888896711538,0.829426680106207,0.8907629327056933,0.861,0.827,0.885,True,999,0.00011316698510199785,0.0008515410590916872,weak_2x2_bal_strong_100_250,weak_null,True,1967,1907505461,-4.440892098500626e-16,0,0
100,250,0.03505830987020098,0.03562959962692097,0.029880180440130744,0.03352381951576433,-0.0005712897567199948,-0.003643639075633587,0.03225903564889438,-0.017709449313298823,-0.11294941098955219,0.9858706423688022,0.9100706626351966,0.995,0.995,0.924,True,999,0.00011470797471702099,0.0007970000151544809,weak_2x2_bal_strong_100_250,weak_null,True,1968,1907505461,-4.440892098500626e-16,0,0
100,250,0.08335707619397748,0.06361197875913377,0.07814420171851566,0.061475915341731024,0.019745097434843706,0.016668286376784636,0.04699167468817655,0.42018288485921357,0.35470722180877073,0.6743518568032907,0.7228089400853934,0.767,0.664,0.741,True,999,0.00011041597463190556,0.0008144170278683305,weak_2x2_bal_strong_100_250,weak_null,True,1969,1907505461,-4.440892098500626e-16,0,0
100,250,0.044843789224037756,0.06535517674563268,0.0396415672910706,0.06327363915126227,-0.020511387521594926,-0.023632071860191672,0.03832916292572612,-0.5351378938627408,-0.6165559082515231,0.5925545083140416,0.5375276846145232,0.705,0.585,0.535,True,999,0.00011662498582154512,0.0008293340215459466,weak_2x2_bal_strong_100_250,weak_null,True,1970,1907505461,-4.440892098500626e-16,0,0
100,250,0.012800049652406331,0.0742678833402286,0.007638305560703884,0.07214330421271598,-0.06146783368782227,-0.06450499865201209,0.032036512756434696,-1.9186805428901168,-2.013483775291864,0.05502477539635815,0.04406376014802173,0.234,0.066,0.056,True,999,0.00011779204942286015,0.0008319589542225003,weak_2x2_bal_strong_100_250,weak_null,True,1971,1907505461,-4.440892098500626e-16,0,0
100,250,0.024202126171010474,0.060748683212131005,0.019032070034910475,0.058644015855037424,-0.03654655704112053,-0.03961194582012695,0.03303164759766683,-1.1064103579169322,-1.1992119285907166,0.26854894430479004,0.2304455501339968,0.488,0.305,0.277,True,999,0.00011916598305106163,0.0008442079415544868,weak_2x2_bal_strong_100_250,weak_null,True,1972,1907505461,-4.440892098500626e-16,0,0
100,250,0.12040616513819713,0.060748811885033005,0.11515909825943993,0.05861935005508201,0.059657353253164125,0.05653974820435792,0.05251495055199282,1.1360070346843405,1.076640987186693,0.25595362018427203,0.28164068571884504,0.363,0.265,0.296,True,999,0.00011708296369761229,0.0008380829822272062,weak_2x2_bal_strong_100_250,weak_null,True,1973,1907505461,-4.440892098500626e-16,0,0
100,250,0.10001934593897888,0.06265066817066,0.09479500871306357,0.06053034017455161,0.03736867776831887,0.034264668538511955,0.04950101515368251,0.7549073014422598,0.6922013302582325,0.45030460451172993,0.4888109034380004,0.538,0.466,0.486,True,999,0.00011879194062203169,0.0008525000885128975,weak_2x2_bal_strong_100_250,weak_null,True,1974,1907505461,-4.440892098500626e-16,0,0
100,250,0.07391015090475472,0.023582831254252673,0.06870545758084745,0.021404086395669708,0.05032731965050205,0.04730137118517774,0.04027932359817914,1.2494579142529876,1.1743338010600566,0.21149763736183258,0.24026134950308597,0.308,0.197,0.225,True,999,0.00011554209049791098,0.0008027910953387618,weak_2x2_bal_strong_100_250,weak_null,True,1975,1907505461,-4.440892098500626e-16,0,0
100,250,0.12294936331960171,0.06941986111309628,0.1176933295493825,0.06731360388856444,0.05352950220650543,0.05037972566081805,0.05325203659501527,1.0052104225346403,0.9460619514697381,0.31479553754464384,0.34411698889545617,0.406,0.318,0.362,True,999,0.00013987498823553324,0.0008410420268774033,weak_2x2_bal_strong_100_250,weak_null,True,1976,1907505461,-4.440892098500626e-16,0,0
100,250,0.029669011515230492,0.09751381290566946,0.024490547707770816,0.09538853261233271,-0.06784480139043897,-0.0708979849045619,0.03939977637105942,-1.7219590474699615,-1.7994514546696532,0.08507693728085236,0.07194729647818018,0.183,0.083,0.077,True,999,0.0001217500539496541,0.0008401669329032302,weak_2x2_bal_strong_100_250,weak_null,True,1977,1907505461,-4.440892098500626e-16,0,0
100,250,0.02716617125211762,0.07844426294611107,0.021992970881825613,0.07634465019279446,-0.051278091693993444,-0.05435167931096885,0.036052898691843416,-1.4223014945978412,-1.5075536581824234,0.15493874520376003,0.1316688009212843,0.329,0.173,0.149,True,999,0.00011595804244279861,0.0008379999781027436,weak_2x2_bal_strong_100_250,weak_null,True,1978,1907505461,-4.440892098500626e-16,0,0
100,250,0.04558878723206372,0.0713373452824867,0.04038694516438568,0.06919856267697355,-0.025748558050422976,-0.028811617512587873,0.040207482484134645,-0.6403921971633769,-0.7165735264314688,0.5219176543941935,0.47363728434308794,0.676,0.564,0.517,True,999,0.00011462497059255838,0.0008501249831169844,weak_2x2_bal_strong_100_250,weak_null,True,1979,1907505461,-4.440892098500626e-16,0,0
100,250,0.06386200406420872,0.06231451104037233,0.058663610207815964,0.06020289388307276,0.0015474930238363882,-0.0015392836752567973,0.042779405059517196,0.03617378553262781,-0.03598188598264179,0.9711437884193816,0.9712968024925527,0.985,0.973,0.975,True,999,0.00011433300096541643,0.0008468750165775418,weak_2x2_bal_strong_100_250,weak_null,True,1980,1907505461,-4.440892098500626e-16,0,0
100,250,0.08289756095211143,0.04507076353146061,0.07768458302192016,0.04295263464163668,0.037826797420650815,0.034731948380283484,0.04464310855041019,0.8473154905406616,0.7779912624378474,0.39681929468321986,0.43657416426780027,0.553,0.419,0.475,True,999,0.00011725001968443394,0.0008536250097677112,weak_2x2_bal_strong_100_250,weak_null,True,1981,1907505461,-4.440892098500626e-16,0,0
100,250,0.009836267002215071,0.05831131017285607,0.004676295423678312,0.0561954543723715,-0.048475043170641,-0.05151915894869319,0.028236098350773113,-1.7167755462685494,-1.8245849093128186,0.08602019062215378,0.06806369238793743,0.32,0.096,0.078,True,999,0.00011729099787771702,0.000846958952024579,weak_2x2_bal_strong_100_250,weak_null,True,1982,1907505461,-4.440892098500626e-16,0,0
100,250,0.050551416864007104,0.04047507798034755,0.04534752845009393,0.03838314745908633,0.010076338883659552,0.0069643809910076016,0.0367820647962135,0.27394707011382496,0.18934176288342963,0.7841252979747361,0.8498249652143859,0.865,0.808,0.883,True,999,0.00011849997099488974,0.000851707998663187,weak_2x2_bal_strong_100_250,weak_null,True,1983,1907505461,-4.440892098500626e-16,0,0
100,250,0.057778977696978706,0.05577001608876192,0.052586858872615494,0.053649113157149486,0.002008961608216786,-0.0010622542845339922,0.040994982199125875,0.04900506111842202,-0.02591181231337728,0.9609152625983398,0.9793276783472682,0.976,0.968,0.982,True,999,0.00011675001587718725,0.0008806250989437103,weak_2x2_bal_strong_100_250,weak_null,True,1984,1907505461,-4.440892098500626e-16,0,0
100,250,0.0465733363308064,0.07882028791741263,0.0413868864686151,0.07671906342758916,-0.03224695158660623,-0.03533217695897406,0.04046261959324787,-0.7969565962552604,-0.873205376076789,0.4254762394654663,0.3825511450743987,0.572,0.437,0.414,True,999,0.00011866702698171139,0.0008508330211043358,weak_2x2_bal_strong_100_250,weak_null,True,1985,1907505461,-4.440892098500626e-16,0,0
100,250,0.019086063223510807,0.039744061648579965,0.013910376175047645,0.03763170058780929,-0.020657998425069157,-0.023721324412761646,0.028022483047731868,-0.737193716555436,-0.8465104385059712,0.46100455401612084,0.3972680531332058,0.639,0.439,0.391,True,999,0.0001182089326903224,0.0008437500800937414,weak_2x2_bal_strong_100_250,weak_null,True,1986,1907505461,-4.440892098500626e-16,0,0
100,250,0.07385998717818298,0.10418335998972533,0.06865730333458941,0.1020587982658725,-0.03032337281154235,-0.03340149493128308,0.04889183593469497,-0.6202134207446292,-0.6831712144313337,0.5351172868627279,0.49449865973328644,0.614,0.508,0.493,True,999,0.00011799996718764305,0.0008688749512657523,weak_2x2_bal_strong_100_250,weak_null,True,1987,1907505461,-4.440892098500626e-16,0,0
100,250,0.029530171339973266,0.048643904456466935,0.024353667419092062,0.04654286416781872,-0.01911373311649367,-0.02218919674872666,0.03264223110759984,-0.585552288184234,-0.6797696112003974,0.558176418925547,0.4966503512534032,0.731,0.581,0.514,True,999,0.0001170838950201869,0.0008587921038269997,weak_2x2_bal_strong_100_250,weak_null,True,1988,1907505461,-4.440892098500626e-16,0,0
100,250,0.04572033088704963,0.033952934144270475,0.04053781125691103,0.03185862281436869,0.011767396742779157,0.00867918844254234,0.03477987542256883,0.338339243594393,0.24954627746913588,0.7351075535269269,0.80293824859626,0.817,0.768,0.828,True,999,0.0001229170011356473,0.0008484999416396022,weak_2x2_bal_strong_100_250,weak_null,True,1989,1907505461,-4.440892098500626e-16,0,0
100,250,0.11706059776001576,0.040432239349235455,0.11180393762735719,0.038328118663628175,0.0766283584107803,0.07347581896372901,0.0496900332077007,1.5421273334730807,1.4786832332473088,0.12304265396508901,0.1392249955442039,0.195,0.125,0.134,True,999,0.00011849997099488974,0.0008548329351469874,weak_2x2_bal_strong_100_250,weak_null,True,1990,1907505461,-4.440892098500626e-16,0,0
100,250,0.13331128794273506,0.07854981135616113,0.12804896311185132,0.0764405973916098,0.05476147658657393,0.05160836572024152,0.05543612310190811,0.9878302002812502,0.9309519286796079,0.3232358143248556,0.35187843103455463,0.404,0.326,0.365,True,999,0.00011675001587718725,0.0008515419904142618,weak_2x2_bal_strong_100_250,weak_null,True,1991,1907505461,-4.440892098500626e-16,0,0
100,250,0.07844610104900773,0.01670500706858441,0.0732354253881482,0.014556422238754863,0.06174109398042332,0.05867900314939334,0.04030123758509551,1.5319900251216318,1.4560099556618684,0.1255248962631554,0.1453898674809452,0.177,0.118,0.139,True,999,0.00011775002349168062,0.000857083941809833,weak_2x2_bal_strong_100_250,weak_null,True,1992,1907505461,-4.440892098500626e-16,0,0
100,250,0.0743517013374243,0.053570434094975306,0.0691471279678808,0.05146164718725288,0.020781267242448997,0.017685480780627927,0.043836384673202056,0.47406435082117865,0.4034429598260043,0.6354540191588179,0.6866223885721432,0.717,0.62,0.689,True,999,0.0001533330651000142,0.0008384159300476313,weak_2x2_bal_strong_100_250,weak_null,True,1993,1907505461,-4.440892098500626e-16,0,0
100,250,0.02951376404416073,0.004030383823340866,0.024340219921725748,0.0017455915484987372,0.025483380220819862,0.02259462837322701,0.0247417832256923,1.029973465871994,0.9132174575745354,0.30302246159700974,0.361128184139079,0.552,0.305,0.367,True,999,0.00011887506116181612,0.0007961669471114874,weak_2x2_bal_strong_100_250,weak_null,True,1994,1907505461,-4.440892098500626e-16,0,0
100,250,0.10918594307980245,0.04572886142753929,0.10395432219965528,0.04359031367553712,0.06345708165226316,0.06036400852411816,0.04939544984069871,1.284674638188608,1.2220560541263064,0.1989060044537172,0.2216864301879401,0.273,0.204,0.222,True,999,0.0001106249401345849,0.0007988750003278255,weak_2x2_bal_strong_100_250,weak_null,True,1995,1907505461,-4.440892098500626e-16,0,0
100,250,0.019968949946638226,0.0352886753711642,0.014802221581192043,0.033206756245505176,-0.015319725424525976,-0.018404534664313132,0.02700596651092036,-0.5672718811352729,-0.6814988331141905,0.5705294780806875,0.49555590486415957,0.732,0.562,0.495,True,999,0.00010933296289294958,0.0008365419926121831,weak_2x2_bal_strong_100_250,weak_null,True,1996,1907505461,-4.440892098500626e-16,0,0
100,250,0.06639707712193688,0.043190884049615186,0.061199525402599875,0.041075003743671346,0.02320619307232169,0.02012452165892853,0.0411387902798106,0.5640951742742526,0.4891860339608698,0.5726893620807649,0.6247099961574503,0.666,0.591,0.642,True,999,0.00011475000064820051,0.0008375420002266765,weak_2x2_bal_strong_100_250,weak_null,True,1997,1907505461,-4.440892098500626e-16,0,0
100,250,0.05247954414889877,0.061556251515252125,0.04728988711312354,0.059462701657452044,-0.009076707366353354,-0.012172814544328503,0.03989316094168601,-0.22752539914350903,-0.3051353730059687,0.8200152214153913,0.7602630512799535,0.863,0.829,0.77,True,999,0.00011654198169708252,0.0008422079263255,weak_2x2_bal_strong_100_250,weak_null,True,1998,1907505461,-4.440892098500626e-16,0,0
100,250,0.09255801220676096,0.07917427574795005,0.0873349864481412,0.07705151781331665,0.013383736458810913,0.010283468634824544,0.04951561463050534,0.27029325110236085,0.2076813286386867,0.786934657039466,0.8354777974023904,0.829,0.798,0.85,True,999,0.00011725001968443394,0.0008403750834986567,weak_2x2_bal_strong_100_250,weak_null,True,1999,1907505461,-4.440892098500626e-16,0,0
200,200,0.10209523624966255,0.16120268822341433,0.09166426971890473,0.14252309062494817,-0.05910745197375178,-0.050858820906043434,0.052687922735696224,-1.121840621241769,-0.9652842295789815,0.26193021125394034,0.33440246854840716,0.319,0.273,0.343,True,999,0.00013829092495143414,0.001356624998152256,weak_3x3_bal_strong_200_200,weak_null,True,0,826020113,-4.9960036108132044e-14,0,0
200,200,0.08504576005235354,0.10802541918673852,0.07469252714790287,0.0934706430814316,-0.02297965913438499,-0.01877811593352874,0.04583625060321637,-0.501342470903859,-0.40967827181333766,0.6161301200009329,0.682041971105309,0.683,0.621,0.694,True,999,0.0001360420137643814,0.0012617090251296759,weak_3x3_bal_strong_200_200,weak_null,True,1,826020113,-4.9960036108132044e-14,0,0
200,200,0.07599775607058445,0.07641557705073693,0.06563172763355851,0.061905536538858996,-0.0004178209801524724,0.003726191094699516,0.04109435709008713,-0.010167356535996522,0.09067403309244995,0.9918877629632629,0.9277516042060417,0.998,0.994,0.931,True,999,0.00011437502689659595,0.001266125007532537,weak_3x3_bal_strong_200_200,weak_null,True,2,826020113,-4.9960036108132044e-14,0,0
200,200,0.09161052021646299,0.17349315365597984,0.08125445920708785,0.16161422696985994,-0.08188263343951685,-0.0803597677627721,0.05089711855754051,-1.608787211538241,-1.5788667421697613,0.10766287816780362,0.11436662582923424,0.168,0.108,0.114,True,999,0.00012304203119128942,0.0012510829837992787,weak_3x3_bal_strong_200_200,weak_null,True,3,826020113,-4.9960036108132044e-14,0,1
200,200,0.1285423455015453,0.08165645179522313,0.11813595263589605,0.07321834540817918,0.04688589370632218,0.04491760722771687,0.04555010381316505,1.0293257266467757,0.9861142668731883,0.3033266379640762,0.3240770434125646,0.437,0.325,0.333,True,999,0.00011516700033098459,0.0012613339349627495,weak_3x3_bal_strong_200_200,weak_null,True,4,826020113,-4.9960036108132044e-14,0,2
200,200,0.08391175033057774,0.14167530576719456,0.07355610762027709,0.12549588087782126,-0.05776355543661682,-0.051939773257544175,0.04905452016606133,-1.1775378750230012,-1.0588172727348177,0.23898088951762297,0.28968300570201755,0.325,0.259,0.3,True,999,0.00011266698129475117,0.0012734999181702733,weak_3x3_bal_strong_200_200,weak_null,True,5,826020113,-4.9960036108132044e-14,0,0
200,200,0.17204186495345009,0.08229035762213716,0.16151173789063478,0.0727151360515279,0.08975150733131293,0.08879660183910687,0.05060839449975981,1.7734509900672486,1.754582470296075,0.07615400615690394,0.0793307520643262,0.15,0.078,0.079,True,999,0.00011116696987301111,0.0013380000600591302,weak_3x3_bal_strong_200_200,weak_null,True,6,826020113,-4.9960036108132044e-14,0,1
200,200,0.09436348687911567,0.11827143844748572,0.083986252217926,0.11488401785704383,-0.023907951568370056,-0.030897765639117836,0.04688422637509784,-0.5099359297750631,-0.6590226186504576,0.6100963490872782,0.509881244179913,0.69,0.619,0.543,True,999,0.00011662498582154512,0.001254625036381185,weak_3x3_bal_strong_200_200,weak_null,True,7,826020113,-4.9960036108132044e-14,0,3
200,200,0.07236313969456143,0.09883611791495589,0.06201523150019739,0.08725744703480132,-0.02647297822039446,-0.02524221553460393,0.04516522975431692,-0.5861362460547244,-0.5588860207711278,0.5577839604542469,0.5762395104429545,0.64,0.54,0.558,True,999,0.00011262507177889347,0.0012549159582704306,weak_3x3_bal_strong_200_200,weak_null,True,8,826020113,-4.9960036108132044e-14,0,1
200,200,0.05711418276292357,0.04266316109966828,0.04678995327523694,0.03141251589698868,0.014451021663255292,0.01537743737824826,0.03357045282788519,0.4304684758750587,0.45806463967251104,0.6668548934310232,0.6469060022414144,0.789,0.684,0.662,True,999,0.00011791707947850227,0.0012616659514606,weak_3x3_bal_strong_200_200,weak_null,True,9,826020113,-4.9960036108132044e-14,0,1
200,200,0.11207464268940859,0.0837842628720879,0.10168189393559146,0.07251261720209357,0.028290379817320688,0.029169276733497895,0.04605034116270871,0.6143359441651666,0.6334215121324444,0.5389933549345931,0.5264584206471761,0.668,0.589,0.571,True,999,0.00011687504593282938,0.0012415419332683086,weak_3x3_bal_strong_200_200,weak_null,True,10,826020113,-4.9960036108132044e-14,0,1
200,200,0.0879402743139095,0.10007381755740569,0.0775596010721813,0.08664017476370134,-0.012133543243496192,-0.009080573691520044,0.04745939641816078,-0.2556615582842343,-0.19133352669536435,0.7982121808694378,0.8482642957666695,0.865,0.827,0.877,True,999,0.00011199992150068283,0.0012562090996652842,weak_3x3_bal_strong_200_200,weak_null,True,11,826020113,-4.9960036108132044e-14,0,1
200,200,0.14750573306723624,0.09401893684017731,0.13696373122016325,0.08159012143909194,0.05348679622705893,0.05537360978107131,0.05045238168511216,1.0601441287922824,1.0975420372951659,0.2890790344897436,0.2724045149591917,0.38,0.29,0.272,True,999,0.00011195801198482513,0.0013323749881237745,weak_3x3_bal_strong_200_200,weak_null,True,12,826020113,-4.9960036108132044e-14,0,2
200,200,0.06662580162938925,0.15480889787723817,0.05629267404836469,0.13943057193311859,-0.08818309624784892,-0.0831378978847539,0.049074698984997854,-1.7969156830652495,-1.6941091765059868,0.07234900647294544,0.09024453889975542,0.133,0.081,0.101,True,999,0.0001193339703604579,0.0012500419979915023,weak_3x3_bal_strong_200_200,weak_null,True,13,826020113,-4.9960036108132044e-14,0,1
200,200,0.09024761703390238,0.09722812570448891,0.07986409093885527,0.08810862008908771,-0.006980508670586527,-0.008244529150232438,0.04503243532121566,-0.15501068553798317,-0.18307979773743835,0.8768128932905009,0.854735406927751,0.895,0.88,0.848,True,999,0.00011462497059255838,0.0012542919721454382,weak_3x3_bal_strong_200_200,weak_null,True,14,826020113,-4.9960036108132044e-14,0,1
200,200,0.11476859240502812,0.12071025288046733,0.10437310678105405,0.10397714279343973,-0.005941660475439203,0.00039596398761432283,0.04953171540892135,-0.1199566868699449,0.007994150502265953,0.9045174589954399,0.9936216586737635,0.909,0.905,0.991,True,999,0.00011216697748750448,0.0012730839662253857,weak_3x3_bal_strong_200_200,weak_null,True,15,826020113,-4.9960036108132044e-14,0,0
200,200,0.14838725420412646,0.08402812908628177,0.13795095686060677,0.06761624724302351,0.0643591251178447,0.07033470961758326,0.04872332575575888,1.3209099362483017,1.4435531344916457,0.18653139627685134,0.14886471592628286,0.276,0.185,0.145,True,999,0.00011220807209610939,0.0012832919601351023,weak_3x3_bal_strong_200_200,weak_null,True,16,826020113,-4.9960036108132044e-14,0,0
200,200,0.07566726025386816,0.12452187239859636,0.06529877028714282,0.10395626914208123,-0.04885461214472819,-0.03865749885493841,0.04755607089520188,-1.0273054780406035,-0.812882522194211,0.3042766437008593,0.41628541614272474,0.404,0.312,0.412,True,999,0.0001129580195993185,0.001249082968570292,weak_3x3_bal_strong_200_200,weak_null,True,17,826020113,-4.9960036108132044e-14,0,0
200,200,0.07024026821974161,0.11542187594152886,0.05988347832860086,0.09694064984277873,-0.045181607721787254,-0.03705717151417787,0.04647560068453815,-0.9721575849759508,-0.7973468006516014,0.3309721578901824,0.4252496468125594,0.42,0.351,0.428,True,999,0.00011158303823322058,0.0013037079479545355,weak_3x3_bal_strong_200_200,weak_null,True,18,826020113,-4.9960036108132044e-14,0,0
200,200,0.06480340741512847,0.06469652529565034,0.05445455563059909,0.05100320757663468,0.00010688211947812443,0.0034513480539644092,0.0398686475885383,0.0026808564108116773,0.08656797415311938,0.9978609886222602,0.9310149232274123,0.998,0.997,0.933,True,999,0.00011950009502470493,0.0012460829457268119,weak_3x3_bal_strong_200_200,weak_null,True,19,826020113,-4.9960036108132044e-14,0,1
200,200,0.08224291762966529,0.13478441415620313,0.0718917766881475,0.12337257927670464,-0.052541496526537834,-0.05148080258855714,0.049526713233830864,-1.0608718627960076,-1.0394552601441653,0.28874813798649823,0.29859305522618085,0.368,0.29,0.306,True,999,0.00011141691356897354,0.001258833915926516,weak_3x3_bal_strong_200_200,weak_null,True,20,826020113,-4.9960036108132044e-14,0,1
200,200,0.08350175131879678,0.18834101423951438,0.073146191690455,0.1749882245184864,-0.1048392629207176,-0.10184203282803139,0.05561156306177511,-1.885206190019489,-1.8313103826069768,0.05940200543969152,0.06705422882573554,0.094,0.064,0.067,True,999,0.0001105419360101223,0.0012813750654459,weak_3x3_bal_strong_200_200,weak_null,True,21,826020113,-4.9960036108132044e-14,0,1
200,200,0.14276939883463502,0.06491516426155813,0.1322669486149266,0.05049134384169918,0.07785423457307689,0.08177560477322743,0.04463876672188287,1.744094657859602,1.8319413993384206,0.0811425854376713,0.06696015175364943,0.205,0.09,0.079,True,999,0.00011270795948803425,0.0013121250085532665,weak_3x3_bal_strong_200_200,weak_null,True,22,826020113,-4.9960036108132044e-14,0,0
200,200,0.09812866392019592,0.12965914979792226,0.08776678436433372,0.11279577156938103,-0.03153048587772633,-0.025028987205047315,0.04982334903871656,-0.6328455731312789,-0.5023545724635627,0.5268344929245615,0.6154181278792377,0.583,0.517,0.597,True,999,0.0001145839923992753,0.001310250023379922,weak_3x3_bal_strong_200_200,weak_null,True,23,826020113,-4.9960036108132044e-14,0,0
200,200,0.08630866727146347,0.13482426691855304,0.07594606708710216,0.11808831296610833,-0.04851559964708957,-0.04214224587900617,0.04847967228263447,-1.0007410810090802,-0.8692766245060121,0.31695200093609177,0.3846958452429564,0.403,0.341,0.407,True,999,0.00011475000064820051,0.001293584005907178,weak_3x3_bal_strong_200_200,weak_null,True,24,826020113,-4.9960036108132044e-14,0,0
200,200,0.08740364706112613,0.16891949983441834,0.07705177658496609,0.15518976950157537,-0.08151585277329221,-0.07813799291660928,0.05449774730325908,-1.4957655464121797,-1.4337839045309761,0.13471476261827,0.15163393952890142,0.177,0.134,0.155,True,999,0.00011495803482830524,0.001243624952621758,weak_3x3_bal_strong_200_200,weak_null,True,25,826020113,-4.9960036108132044e-14,0,1
200,200,0.10775929393693273,0.13211003387144793,0.09737231458808537,0.12368656619938179,-0.024350739934515198,-0.026314251611296413,0.05127623252830325,-0.4748933128243026,-0.5131861354433865,0.6348630180676345,0.6078211233919013,0.698,0.655,0.622,True,999,0.000111832981929183,0.001262374920770526,weak_3x3_bal_strong_200_200,weak_null,True,26,826020113,-4.9960036108132044e-14,0,2
200,200,0.06377710269938408,0.11474202247635457,0.05343887940023251,0.09989600420024658,-0.050964919776970485,-0.04645712480001407,0.04523645611912611,-1.1266337849887926,-1.0269841801416415,0.25989734867138425,0.30442791336881825,0.363,0.264,0.301,True,999,0.000110041000880301,0.001267957966774702,weak_3x3_bal_strong_200_200,weak_null,True,27,826020113,-4.9960036108132044e-14,0,0
200,200,0.08838837284170165,0.12906812739346674,0.07801597185928699,0.11878045977672969,-0.04067975455176509,-0.04076448791744269,0.0483089014426188,-0.8420757528523891,-0.843829743590064,0.3997455524984691,0.39876455213054207,0.485,0.398,0.394,True,999,0.00011416710913181305,0.0012875410029664636,weak_3x3_bal_strong_200_200,weak_null,True,28,826020113,-4.9960036108132044e-14,0,2
200,200,0.17820254777284772,0.14580414396310093,0.1676309941127272,0.1317270192695048,0.03239840380974679,0.035903974843222386,0.054974244133070956,0.5893378675898305,0.6531053843380371,0.555634647241898,0.5136883413157811,0.608,0.57,0.522,True,999,0.00011733395513147116,0.0012911249650642276,weak_3x3_bal_strong_200_200,weak_null,True,29,826020113,-4.9960036108132044e-14,0,0
200,200,0.09052614223642097,0.10311929240629936,0.08015478641419804,0.0895023147388514,-0.012593150169878387,-0.009347528324653354,0.047064975872773245,-0.26756945980213354,-0.19860901129370032,0.7890307415672299,0.842568604048703,0.841,0.804,0.862,True,999,0.00011725001968443394,0.0013434579595923424,weak_3x3_bal_strong_200_200,weak_null,True,30,826020113,-4.9960036108132044e-14,0,1
200,200,0.1296870009100375,0.15279290573037924,0.11921957948172235,0.13696078569807213,-0.02310590482034175,-0.01774120621634978,0.053221857269541706,-0.4341431510614533,-0.33334436501341114,0.6641844920908297,0.738874354036767,0.717,0.69,0.744,True,999,0.00011899997480213642,0.0012983750784769654,weak_3x3_bal_strong_200_200,weak_null,True,31,826020113,-4.9960036108132044e-14,0,1
200,200,0.12475536542754218,0.10834399153389718,0.1143729498465973,0.09496681590827905,0.016411373893644998,0.01940613393831825,0.0509911916274266,0.32184723223486744,0.3805781610304687,0.7475684303290939,0.7035162888983779,0.789,0.765,0.724,True,999,0.0001176249934360385,0.0012964169727638364,weak_3x3_bal_strong_200_200,weak_null,True,32,826020113,-4.9960036108132044e-14,0,1
200,200,0.11185628335930042,0.07807364497528252,0.10141646123472015,0.06392694814964273,0.033782638384017905,0.03748951308507742,0.044703037097649764,0.7557123761014888,0.8386345876944546,0.44982166221551323,0.4016743952626446,0.584,0.472,0.42,True,999,0.00011620903387665749,0.0013050000416114926,weak_3x3_bal_strong_200_200,weak_null,True,33,826020113,-4.9960036108132044e-14,0,0
200,200,0.0882599930445449,0.1264654273307249,0.07789790809735564,0.1175073248748646,-0.03820543428618001,-0.039609416777508955,0.04480214241372182,-0.8527590920401744,-0.8840964883272534,0.3937929137666015,0.3766441287194814,0.5,0.413,0.4,True,999,0.00011583289597183466,0.0013160000089555979,weak_3x3_bal_strong_200_200,weak_null,True,34,826020113,-4.9960036108132044e-14,0,1
200,200,0.12389334558792187,0.045471247530690484,0.11343887114313134,0.03701081904702619,0.07842209805723138,0.07642805209610515,0.04096994619226991,1.914137199233809,1.865466255128384,0.05560262750793995,0.062116077933636674,0.164,0.058,0.067,True,999,0.00011616700794547796,0.0013685000594705343,weak_3x3_bal_strong_200_200,weak_null,True,35,826020113,-4.9960036108132044e-14,0,2
200,200,0.08204758240033239,0.07852369773168083,0.07168464629427262,0.06524903639773072,0.0035238846686515557,0.006435609896541905,0.04264102830530386,0.08264070564670789,0.15092529782499214,0.9341372335313839,0.8800346442891088,0.957,0.949,0.901,True,999,0.00011970906052738428,0.0012815840309485793,weak_3x3_bal_strong_200_200,weak_null,True,36,826020113,-4.9960036108132044e-14,0,1
200,200,0.13907376383570558,0.12095678937448356,0.12862435363871327,0.10637921039638343,0.018116974461222013,0.022245143242329846,0.05137692759495859,0.35262860800184864,0.432979243478792,0.7243668875473187,0.6650298492185538,0.774,0.727,0.668,True,999,0.00011466699652373791,0.0012975840363651514,weak_3x3_bal_strong_200_200,weak_null,True,37,826020113,-4.9960036108132044e-14,0,0
200,200,0.0985849386241493,0.0964431756484121,0.08821580322131695,0.08489000728386031,0.0021417629757372048,0.0033257959374566326,0.046794702071854384,0.0457693474027995,0.07107206137031909,0.9634940904257012,0.9433404037220493,0.978,0.967,0.949,True,999,0.00012079102452844381,0.0013009170070290565,weak_3x3_bal_strong_200_200,weak_null,True,38,826020113,-4.9960036108132044e-14,0,1
200,200,0.12549555680009772,0.11392011805708047,0.11499657068526403,0.10276105765120747,0.011575438743017252,0.012235513034056567,0.04987015612572808,0.23211154009292279,0.24534739781462703,0.8164513819276958,0.8061874548268746,0.826,0.794,0.781,True,999,0.0001207499299198389,0.0013062499929219484,weak_3x3_bal_strong_200_200,weak_null,True,39,826020113,-4.9960036108132044e-14,0,1
200,200,0.11406172682559612,0.04729547939194684,0.10366311804580164,0.04110679298915443,0.06676624743364928,0.06255632505664721,0.042795697069849835,1.5601158996119504,1.4617433372926414,0.11873249489619633,0.14381155665597048,0.288,0.125,0.142,True,999,0.00012025004252791405,0.0013076249742880464,weak_3x3_bal_strong_200_200,weak_null,True,40,826020113,-4.9960036108132044e-14,0,2
200,200,0.10260286437404842,0.09220377949473874,0.09220411775089588,0.077656482809914,0.010399084879309684,0.01454763494098188,0.04648854227308739,0.22369135212333388,0.31292947099792434,0.8229974754588018,0.7543342466144489,0.859,0.835,0.772,True,999,0.00012004200834780931,0.0013069589622318745,weak_3x3_bal_strong_200_200,weak_null,True,41,826020113,-4.9960036108132044e-14,0,0
200,200,0.11382372667905716,0.1295374796631053,0.10338706666169628,0.10895432956080242,-0.015713752984048146,-0.00556726289910614,0.05120841930576176,-0.3068587782454769,-0.10871772600252347,0.7589508664539522,0.913426381876128,0.794,0.768,0.912,True,999,0.00011991697829216719,0.00138562498614192,weak_3x3_bal_strong_200_200,weak_null,True,42,826020113,-4.9960036108132044e-14,0,0
200,200,0.08023800625054878,0.09929221120766624,0.06982338033685664,0.09124177965928482,-0.01905420495711746,-0.021418399322428172,0.04502344661154411,-0.4232062712016348,-0.47571656402103274,0.6721447717063497,0.6342763186588867,0.748,0.704,0.671,True,999,0.00011504092253744602,0.0012418749975040555,weak_3x3_bal_strong_200_200,weak_null,True,43,826020113,-4.9960036108132044e-14,0,2
200,200,0.06997587466605948,0.049724458630178214,0.05963595095261098,0.04081915409338421,0.020251416035881264,0.01881679685922677,0.03563520180799139,0.5682980594581556,0.52803957616446,0.5698325964663817,0.5974718676283096,0.694,0.574,0.6,True,999,0.00011037499643862247,0.0012619589688256383,weak_3x3_bal_strong_200_200,weak_null,True,44,826020113,-4.9960036108132044e-14,0,1
200,200,0.09592275860994381,0.0797020297657689,0.0854153347412705,0.06364506019437499,0.016220728844174914,0.021770274546895507,0.042621021890730915,0.38058047706506415,0.5107872496044032,0.7035145700666442,0.6095000382712472,0.79,0.735,0.643,True,999,0.00011587503831833601,0.0012826659949496388,weak_3x3_bal_strong_200_200,weak_null,True,45,826020113,-4.9960036108132044e-14,0,0
200,200,0.12797789322085062,0.11384833394932187,0.11752150005412432,0.1034699515759101,0.014129559271528758,0.014051548478214215,0.048689218811924645,0.29019893143301445,0.2885967123952459,0.7716640536496644,0.7728900116343443,0.798,0.755,0.752,True,999,0.00011691602412611246,0.001299499999731779,weak_3x3_bal_strong_200_200,weak_null,True,46,826020113,-4.9960036108132044e-14,0,2
200,200,0.05483865854157166,0.10842551151613067,0.04451189203695094,0.09813525777654775,-0.05358685297455901,-0.05362336573959681,0.04236340525026386,-1.2649326147884499,-1.2657945087939506,0.20589548463139162,0.20558666157067318,0.324,0.216,0.214,True,999,0.00011829205323010683,0.0013113339664414525,weak_3x3_bal_strong_200_200,weak_null,True,47,826020113,-4.9960036108132044e-14,0,2
200,200,0.07188656706888441,0.1075064017022237,0.06151715381903955,0.09850440324316878,-0.03561983463333929,-0.03698724942412923,0.0441185589302845,-0.8073662308332697,-0.8383603254715537,0.4194555164766285,0.40182836473028793,0.506,0.418,0.399,True,999,0.00013004092033952475,0.0012582920026034117,weak_3x3_bal_strong_200_200,weak_null,True,48,826020113,-4.9960036108132044e-14,0,1
200,200,0.1278681940416757,0.08910771608500268,0.11747885029402028,0.07787770237986535,0.038760477956673034,0.03960114791415492,0.04837214700236563,0.8012974481942565,0.8186766634984847,0.4229594678054225,0.4129709144464563,0.506,0.422,0.409,True,999,0.00011162494774907827,0.001277665956877172,weak_3x3_bal_strong_200_200,weak_null,True,49,826020113,-4.9960036108132044e-14,0,1
200,200,0.15680298292619543,0.11649610647269348,0.14626439028938876,0.10216505478079796,0.04030687645350195,0.0440993355085908,0.05144079337200454,0.7835586080878378,0.8572833468892578,0.43329915142751363,0.3912883097008161,0.498,0.455,0.409,True,999,0.0001342919422313571,0.0012627089163288474,weak_3x3_bal_strong_200_200,weak_null,True,50,826020113,-4.9960036108132044e-14,0,0
200,200,0.1346727980434519,0.10735313981204742,0.1238505978586204,0.09200972233609406,0.027319658231404476,0.031840875522526346,0.04980760309174255,0.5485037732308327,0.6392774103961077,0.5833460391224007,0.5226424812119042,0.604,0.558,0.493,True,999,0.00012100010644644499,0.0012924170587211847,weak_3x3_bal_strong_200_200,weak_null,True,51,826020113,-4.9960036108132044e-14,0,1
200,200,0.10581443554120273,0.1383147939791073,0.09542039195792995,0.1301507389830192,-0.03250035843790455,-0.03473034702508926,0.048834999659412515,-0.665513641129726,-0.711177378259596,0.5057220215498442,0.4769743249527415,0.555,0.476,0.449,True,999,0.00012208300177007914,0.0012870000209659338,weak_3x3_bal_strong_200_200,weak_null,True,52,826020113,-4.9960036108132044e-14,0,2
200,200,0.1354687632069249,0.10175931665465854,0.12499384879473041,0.08863429767768594,0.033709446552266376,0.036359551117044475,0.047001100397756526,0.7172054753397945,0.773589358745737,0.47324732132443936,0.43917366688994464,0.575,0.478,0.448,True,999,0.00011954095680266619,0.0013430840335786343,weak_3x3_bal_strong_200_200,weak_null,True,53,826020113,-4.9960036108132044e-14,0,1
200,200,0.06941020569176959,0.10808769951042885,0.05904865868794218,0.09854343505118379,-0.03867749381865926,-0.03949477636324161,0.04442368437349005,-0.870650293061693,-0.8890477437934037,0.38394512682679827,0.3739774212759118,0.461,0.363,0.355,True,999,0.00011854199692606926,0.0012533341068774462,weak_3x3_bal_strong_200_200,weak_null,True,54,826020113,-4.9960036108132044e-14,0,1
200,200,0.12577502785629746,0.05066702827569092,0.11535250129406904,0.037534753944598265,0.07510799958060654,0.07781774734947078,0.042480788315023596,1.7680462759690392,1.831833881527807,0.07705316770761404,0.06697617369310371,0.186,0.081,0.073,True,999,0.00011154194362461567,0.001256791059859097,weak_3x3_bal_strong_200_200,weak_null,True,55,826020113,-4.9960036108132044e-14,0,1
200,200,0.07030342642688114,0.05540187347348141,0.05995876716235671,0.045802232823319855,0.014901552953399733,0.014156534339036853,0.03788512515099484,0.39333519142428985,0.3736699900716868,0.6940719295377659,0.70864985500643,0.799,0.696,0.714,True,999,0.00011187500786036253,0.0012832499342039227,weak_3x3_bal_strong_200_200,weak_null,True,56,826020113,-4.9960036108132044e-14,0,1
200,200,0.09319520107734136,0.09851037713160649,0.08281675010908884,0.0852710287547751,-0.005315176054265125,-0.0024542786456862586,0.04628065437786377,-0.11484660547080328,-0.053030335864484884,0.9085667076014374,0.9577077371879769,0.916,0.904,0.96,True,999,0.0001163750421255827,0.0012433340307325125,weak_3x3_bal_strong_200_200,weak_null,True,57,826020113,-4.9960036108132044e-14,0,1
200,200,0.12201212085491586,0.06517016739105558,0.11148360906921084,0.05365214737447843,0.056841953463860284,0.05783146169473241,0.04264826782315965,1.3328080216423916,1.3560096258663923,0.18259481262250943,0.1750961053782304,0.322,0.184,0.172,True,999,0.00011079094838351011,0.0012760829413309693,weak_3x3_bal_strong_200_200,weak_null,True,58,826020113,-4.9960036108132044e-14,0,1
200,200,0.05535718868691086,0.09887102937122266,0.04502816913819174,0.08086995303452227,-0.0435138406843118,-0.035841783896330526,0.04184060354150512,-1.0399907506388348,-0.8566268376309659,0.2983441978804199,0.39165114877844454,0.429,0.298,0.405,True,999,0.00011079199612140656,0.001333415973931551,weak_3x3_bal_strong_200_200,weak_null,True,59,826020113,-4.9960036108132044e-14,0,0
200,200,0.16186329277589473,0.11979226830172723,0.15126935412041576,0.10584449895220871,0.042071024474167495,0.045424855168207046,0.05085524833418183,0.8272700626237999,0.8932186284827401,0.4080840081639645,0.3717401040313352,0.497,0.431,0.395,True,999,0.00011670798994600773,0.0012530829990282655,weak_3x3_bal_strong_200_200,weak_null,True,60,826020113,-4.9960036108132044e-14,0,0
200,200,0.0945655545255637,0.1279467712493329,0.08417302220362899,0.11956773131010578,-0.0333812167237692,-0.035394709106476796,0.04687181228450452,-0.7121810550262164,-0.7551384804930623,0.4763526668449055,0.4501658964588361,0.581,0.502,0.475,True,999,0.0001112079480662942,0.0012595419539138675,weak_3x3_bal_strong_200_200,weak_null,True,61,826020113,-4.9960036108132044e-14,0,2
200,200,0.10993572436630594,0.04099585584648496,0.0995426243044335,0.024447346022654415,0.06893986851982098,0.07509527828177909,0.04027285145386145,1.711819899288777,1.864662559784522,0.08692986371783352,0.0622287178741057,0.272,0.095,0.069,True,999,0.00011466699652373791,0.0012758750235661864,weak_3x3_bal_strong_200_200,weak_null,True,62,826020113,-4.9960036108132044e-14,0,0
200,200,0.1456602089151553,0.1435096003599164,0.13521510410689075,0.13368349141009617,0.0021506085552389087,0.001531612696794582,0.05329683314127812,0.040351526131733206,0.028737405330155646,0.9678128752892871,0.9770740235384934,0.976,0.972,0.982,True,999,0.0001188330352306366,0.0012896249536424875,weak_3x3_bal_strong_200_200,weak_null,True,63,826020113,-4.9960036108132044e-14,0,1
200,200,0.10179406576493077,0.09381067353014771,0.09140884013842765,0.08275063971149166,0.00798339223478306,0.008658200426935991,0.04664638859268672,0.17114705930385157,0.185613520963838,0.8641081337375462,0.8527478496313896,0.885,0.862,0.846,True,999,0.00011791696306318045,0.0013030830305069685,weak_3x3_bal_strong_200_200,weak_null,True,64,826020113,-4.9960036108132044e-14,0,1
200,200,0.08718361652355089,0.11354934722857013,0.07683396681005661,0.10303483293911597,-0.02636573070501924,-0.026200866129059364,0.04816612645097582,-0.5473915518586421,-0.5439687195051274,0.5841097580468598,0.5864629984685427,0.65,0.601,0.603,True,999,0.0001177079975605011,0.0013424999779090285,weak_3x3_bal_strong_200_200,weak_null,True,65,826020113,-4.9960036108132044e-14,0,2
200,200,0.09452240955086899,0.12385813177534988,0.08414880672543745,0.10949979417557643,-0.029335722224480887,-0.025350987450138973,0.049056609853675194,-0.5979973404599855,-0.5167700647426565,0.5498417076557613,0.6053166792750679,0.636,0.573,0.632,True,999,0.00011629192158579826,0.0012462089071050286,weak_3x3_bal_strong_200_200,weak_null,True,66,826020113,-4.9960036108132044e-14,0,0
200,200,0.13902601454304353,0.11854700358147252,0.12855904667497953,0.10006647722732964,0.02047901096157101,0.028492569447649885,0.051240274903735,0.39966629765443074,0.5560580910461316,0.6894023183985849,0.5781711434622482,0.722,0.676,0.579,True,999,0.00011258292943239212,0.001259292010217905,weak_3x3_bal_strong_200_200,weak_null,True,67,826020113,-4.9960036108132044e-14,0,0
200,200,0.13499290091557903,0.13767931120705573,0.12439643602618844,0.13742282043595822,-0.002686410291476704,-0.013026384409769776,0.05224801071556346,-0.051416508584440426,-0.24931828468427258,0.9589936302241304,0.8031145886751476,0.97,0.965,0.801,True,999,0.00011508399620652199,0.0013104169629514217,weak_3x3_bal_strong_200_200,weak_null,True,68,826020113,-4.9960036108132044e-14,0,4
200,200,0.08490670698522251,0.12926558130691157,0.07448614679256593,0.12098730025971349,-0.04435887432168906,-0.04650115346714756,0.04877387645069117,-0.9094801879554203,-0.9534028633987855,0.3630967110593116,0.3403859911858914,0.447,0.387,0.36,True,999,0.00012091593816876411,0.0012955000856891274,weak_3x3_bal_strong_200_200,weak_null,True,69,826020113,-4.9960036108132044e-14,0,2
200,200,0.11136531965575402,0.14526870144722026,0.10093661696069489,0.13180639267159222,-0.033903381791466236,-0.03086977571089733,0.04961973360325908,-0.6832640832485127,-0.6221269940246065,0.49443998534015987,0.5338583662945943,0.568,0.509,0.545,True,999,0.0001194169744849205,0.0013161669485270977,weak_3x3_bal_strong_200_200,weak_null,True,70,826020113,-4.9960036108132044e-14,0,1
200,200,0.11030887021943991,0.09379152567881055,0.0999143673178935,0.08543110435822143,0.016517344540629364,0.01448326295967206,0.04721969711351678,0.3497977655579079,0.3067207933344872,0.7264904760636763,0.7590559013878726,0.762,0.721,0.751,True,999,0.00011820904910564423,0.0013475000159814954,weak_3x3_bal_strong_200_200,weak_null,True,71,826020113,-4.9960036108132044e-14,0,2
200,200,0.08918025635597515,0.1399290939847762,0.07880507206951393,0.1211969434548763,-0.05074883762880106,-0.04239187138536238,0.050705708642677545,-1.0008505745660206,-0.8360374506171945,0.3168990546351741,0.403133834784806,0.373,0.314,0.4,True,999,0.00011899997480213642,0.0013217499945312738,weak_3x3_bal_strong_200_200,weak_null,True,72,826020113,-4.9960036108132044e-14,0,0
200,200,0.1281777749384465,0.15085190026469913,0.11777789999749189,0.14246643969875095,-0.022674125326252625,-0.02468853970125906,0.053630422112590954,-0.42278476344360827,-0.4603458024146871,0.6724523052666468,0.6452680299873931,0.709,0.675,0.653,True,999,0.00011566700413823128,0.0012453329982236028,weak_3x3_bal_strong_200_200,weak_null,True,73,826020113,-4.9960036108132044e-14,0,2
200,200,0.0644173207497909,0.06536302380069026,0.05408802616742037,0.04936523806171067,-0.0009457030508993602,0.0047227881057096965,0.03808293440317645,-0.02483272535901226,0.1240132405688721,0.980188388039778,0.9013047915346529,0.984,0.975,0.89,True,999,0.00011091702617704868,0.0012585000367835164,weak_3x3_bal_strong_200_200,weak_null,True,74,826020113,-4.9960036108132044e-14,0,0
200,200,0.11909933259385119,0.0835994336231708,0.1086322512593938,0.06897149078872644,0.0354998989706804,0.039660760470667356,0.04559151839315502,0.7786513856491837,0.8699153234743309,0.43618510056138793,0.3843466806900069,0.56,0.462,0.414,True,999,0.00011566700413823128,0.0012824999867007136,weak_3x3_bal_strong_200_200,weak_null,True,75,826020113,-4.9960036108132044e-14,0,0
200,200,0.13355460435674749,0.0894301016322494,0.12312155346054965,0.07324233144184689,0.04412450272449808,0.04987922201870276,0.048030718459938365,0.9186725524687207,1.0384858610912973,0.35826687049207684,0.29904391442090394,0.465,0.363,0.303,True,999,0.00011837494093924761,0.0012871670769527555,weak_3x3_bal_strong_200_200,weak_null,True,76,826020113,-4.9960036108132044e-14,0,0
200,200,0.13507876384992756,0.061327730937640934,0.12465361352820992,0.05309940243887468,0.07375103291228663,0.07155421108933524,0.04437798725319015,1.6618832325926403,1.6123807211241088,0.09653618926737431,0.10687911746075171,0.197,0.087,0.102,True,999,0.00011766701936721802,0.0013205419527366757,weak_3x3_bal_strong_200_200,weak_null,True,77,826020113,-4.9960036108132044e-14,0,2
200,200,0.1071435407554655,0.14026627169304862,0.09669907197866223,0.1240071938788958,-0.03312273093758311,-0.027308121900233573,0.04982985501833936,-0.6647165825666689,-0.5480273199707907,0.5062317854777274,0.5836731439568208,0.574,0.529,0.591,True,999,0.0001153330085799098,0.0012479170691221952,weak_3x3_bal_strong_200_200,weak_null,True,78,826020113,-4.9960036108132044e-14,0,0
200,200,0.07692411945742905,0.0729734638727143,0.06651268453569514,0.05702249748659938,0.003950655584714746,0.009490187049095766,0.0390993442206884,0.10104147942778947,0.24271985216760442,0.9195175328265242,0.8082224274548371,0.946,0.928,0.837,True,999,0.00011133297812193632,0.0012613750295713544,weak_3x3_bal_strong_200_200,weak_null,True,79,826020113,-4.9960036108132044e-14,0,0
200,200,0.11675996734680827,0.09833144715467568,0.10626772372458504,0.08005469495516593,0.01842852019213259,0.02621302876941911,0.04649908154666699,0.39632009018581427,0.563732183464988,0.6918689082484603,0.5729364111159934,0.762,0.701,0.603,True,999,0.00011587492190301418,0.0012417500838637352,weak_3x3_bal_strong_200_200,weak_null,True,80,826020113,-4.9960036108132044e-14,0,0
200,200,0.08185659844044668,0.12672916832539,0.07151323966189693,0.12046248385942704,-0.044872569884943314,-0.048949244197530106,0.0452108149480249,-0.9925184922353106,-1.0826888268615147,0.3209446632623183,0.27894656503608994,0.408,0.302,0.266,True,999,0.00011370808351784945,0.0012675001053139567,weak_3x3_bal_strong_200_200,weak_null,True,81,826020113,-4.9960036108132044e-14,0,2
200,200,0.09808258771401146,0.15242668604231324,0.08770351747077143,0.13892067744617975,-0.05434409832830178,-0.05121715997540832,0.05365868845787859,-1.0127735114316339,-0.9544989161562001,0.3111683557316727,0.33983115767105676,0.397,0.336,0.352,True,999,0.0001151250908151269,0.0012939160224050283,weak_3x3_bal_strong_200_200,weak_null,True,82,826020113,-4.9960036108132044e-14,0,1
200,200,0.1237015041813736,0.08940547121061726,0.11324951654404458,0.07881115946020856,0.03429603297075634,0.034438357083836024,0.048335641068884355,0.709539218107818,0.7124837143414948,0.47798992324513845,0.47616529263622065,0.555,0.474,0.473,True,999,0.00011787505354732275,0.0013040420599281788,weak_3x3_bal_strong_200_200,weak_null,True,83,826020113,-4.9960036108132044e-14,0,2
200,200,0.1064488277899227,0.19769550074608533,0.09604920081665114,0.1862125943170554,-0.09124667295616262,-0.09016339350040425,0.05342700209120467,-1.707875594449346,-1.6875997149622448,0.08765942855302702,0.09148809399736148,0.133,0.1,0.102,True,999,0.00011491600889712572,0.0012518750736489892,weak_3x3_bal_strong_200_200,weak_null,True,84,826020113,-4.9960036108132044e-14,0,1
200,200,0.13993292640170374,0.12208893538008853,0.1293203958007325,0.11247489869437288,0.017843991021615213,0.01684549710635963,0.05089330778807859,0.3506156663252894,0.33099631048751704,0.7258767017649428,0.7406472724331539,0.792,0.766,0.775,True,999,0.00011199992150068283,0.0012991250259801745,weak_3x3_bal_strong_200_200,weak_null,True,85,826020113,-4.9960036108132044e-14,0,1
200,200,0.12316527160316104,0.05091198090292676,0.1127637927139915,0.03449386139452315,0.07225329070023429,0.07826993131946836,0.042166813577910585,1.71351080552325,1.8561974377042014,0.08661860717440892,0.06342542119425178,0.195,0.099,0.073,True,999,0.00011466606520116329,0.001312042004428804,weak_3x3_bal_strong_200_200,weak_null,True,86,826020113,-4.9960036108132044e-14,0,0
200,200,0.08322840009248433,0.09854874788105344,0.07286781014462917,0.07796202359119775,-0.01532034778856911,-0.005094213446568574,0.04640990608157622,-0.3301094331378312,-0.10976564868746572,0.7413172757848749,0.9125952347574819,0.798,0.756,0.91,True,999,0.00011924991849809885,0.0012618330074474216,weak_3x3_bal_strong_200_200,weak_null,True,87,826020113,-4.9960036108132044e-14,0,0
200,200,0.15954494418508158,0.12587847171194239,0.14910312316439445,0.11722944527123502,0.0336664724731392,0.031873677893159424,0.052742958108625324,0.6383121781641888,0.6043210133856136,0.5232704861043778,0.5456302382942979,0.579,0.524,0.539,True,999,0.00011504197027534246,0.0012987499358132482,weak_3x3_bal_strong_200_200,weak_null,True,88,826020113,-4.9960036108132044e-14,0,2
200,200,0.11530342536790594,0.09142767932826379,0.10490168839817215,0.08005185449083996,0.023875746039642154,0.024849833907332197,0.04843150974122561,0.4929795946319379,0.5130922831046841,0.6220270054815625,0.6078867693088996,0.678,0.615,0.602,True,999,0.0001103340182453394,0.0013007089728489518,weak_3x3_bal_strong_200_200,weak_null,True,89,826020113,-4.9960036108132044e-14,0,1
200,200,0.12614632448350438,0.1616959259915513,0.11572489371380357,0.14710536916862793,-0.035549601508046924,-0.031380475454824364,0.052837765259576126,-0.6728066816111994,-0.5939023972846217,0.5010702864141547,0.5525773955358114,0.539,0.49,0.536,True,999,0.00011199992150068283,0.0012783750426024199,weak_3x3_bal_strong_200_200,weak_null,True,90,826020113,-4.9960036108132044e-14,0,0
200,200,0.09119040515091359,0.11390615308283747,0.0807867197862322,0.09780875315287574,-0.02271574793192388,-0.01702203336664354,0.04496342426219072,-0.5052050261889266,-0.37857511179274644,0.6134148404713167,0.7050034067681761,0.698,0.62,0.718,True,999,0.00012162502389401197,0.0013187499716877937,weak_3x3_bal_strong_200_200,weak_null,True,91,826020113,-4.9960036108132044e-14,0,0
200,200,0.11397812837416188,0.08455884576880046,0.10340511672450248,0.06903399259881837,0.02941928260536142,0.034371124125684105,0.04609626189549654,0.6382140632586868,0.7456379912888784,0.5233343438598115,0.4558861266304156,0.587,0.51,0.44,True,999,0.00012524996418505907,0.0013402909971773624,weak_3x3_bal_strong_200_200,weak_null,True,92,826020113,-4.9960036108132044e-14,0,1
200,200,0.10330821513907162,0.09997575956426763,0.09288276716890209,0.08947171474677873,0.003332455574803994,0.003411052422123362,0.048916168292161846,0.06812585063695545,0.06973261686708884,0.9456854523243444,0.9444064804562755,0.955,0.949,0.949,True,999,0.00011512497439980507,0.0013915830058977008,weak_3x3_bal_strong_200_200,weak_null,True,93,826020113,-4.9960036108132044e-14,0,2
200,200,0.10264361834328906,0.10196815711812268,0.09226716976880311,0.0905470547702123,0.0006754612251663739,0.001720114998590816,0.04696901141048109,0.014380997276337081,0.036622337727273815,0.988526019800495,0.9707861325446697,0.99,0.984,0.974,True,999,0.00011629192158579826,0.0013270420022308826,weak_3x3_bal_strong_200_200,weak_null,True,94,826020113,-4.9960036108132044e-14,0,1
200,200,0.09612648720785777,0.07303682861679761,0.08575546477047169,0.05457764106481022,0.023089658591060158,0.031177823705661467,0.042997472198636276,0.53700037258917,0.725108293846407,0.5912673566873754,0.46838559667464785,0.687,0.576,0.456,True,999,0.00011904200073331594,0.0012815840309485793,weak_3x3_bal_strong_200_200,weak_null,True,95,826020113,-4.9960036108132044e-14,0,0
200,200,0.13535211913239276,0.08504705990682015,0.1249142848820668,0.07545894039468237,0.0503050592255726,0.04945534448738442,0.0479368418225462,1.049402866625906,1.0316771528349626,0.29399273941719095,0.3022233838638775,0.438,0.32,0.323,True,999,0.0001188330352306366,0.0013219169341027737,weak_3x3_bal_strong_200_200,weak_null,True,96,826020113,-4.9960036108132044e-14,0,1
200,200,0.09306532029302073,0.07974386820916296,0.08266764613483701,0.06636907949106785,0.013321452083857765,0.016298566643769163,0.04487301156739118,0.29687002540160123,0.3632153509307405,0.7665657413283963,0.716444021181227,0.812,0.761,0.716,True,999,0.00011750007979571819,0.0013054999290034175,weak_3x3_bal_strong_200_200,weak_null,True,97,826020113,-4.9960036108132044e-14,0,1
200,200,0.10846071063059415,0.06136782671010782,0.09806895166727259,0.04449780524539193,0.04709288392048633,0.053571146421880655,0.04254826812632538,1.106810829072244,1.2590676138175227,0.26837572527042697,0.20800591100561738,0.41,0.258,0.2,True,999,0.00011925003491342068,0.0013519999338313937,weak_3x3_bal_strong_200_200,weak_null,True,98,826020113,-4.9960036108132044e-14,0,0
200,200,0.15167147052770202,0.08347538722200515,0.14120536704186293,0.07171180083496154,0.06819608330569688,0.06949356620690139,0.047439751646408256,1.4375303609090482,1.4648804809281262,0.15056735235495708,0.14295352908037418,0.269,0.157,0.145,True,999,0.00012145796790719032,0.0013536670012399554,weak_3x3_bal_strong_200_200,weak_null,True,99,826020113,-4.9960036108132044e-14,0,1
200,200,0.07709290371507338,0.09169876052948023,0.06670002164742073,0.08360700234190688,-0.014605856814406848,-0.01690698069448615,0.040330053039400494,-0.3621581355258233,-0.4192154341569761,0.7172338620743829,0.6750586933121365,0.821,0.745,0.704,True,999,0.00011758401524275541,0.0013468749821186066,weak_3x3_bal_strong_200_200,weak_null,True,100,826020113,-4.9960036108132044e-14,0,2
200,200,0.11372657970936118,0.1562737349770693,0.10327290937021871,0.14575031837934205,-0.04254715526770814,-0.042477409009123335,0.05164935445395504,-0.823769352347638,-0.8224189722834112,0.4100706247325613,0.41083848516166865,0.473,0.401,0.397,True,999,0.0001182089326903224,0.0013232920318841934,weak_3x3_bal_strong_200_200,weak_null,True,101,826020113,-4.9960036108132044e-14,0,2
200,200,0.07199461191670697,0.1724291286239782,0.06161114078813057,0.15931666445446524,-0.10043451670727122,-0.09770552366633467,0.04995945318475757,-2.010320576084956,-1.955696418553761,0.04439727051071363,0.05050092689147546,0.1,0.065,0.067,True,999,0.00011795794125646353,0.001334790955297649,weak_3x3_bal_strong_200_200,weak_null,True,102,826020113,-4.9960036108132044e-14,0,1
200,200,0.08712388217173506,0.14892758673443085,0.07676800973476361,0.13565217830647214,-0.061803704562695794,-0.05888416857170853,0.04619481064419195,-1.3378928000967212,-1.2746922814610997,0.18093138452616686,0.20241817987416477,0.288,0.208,0.225,True,999,0.00011749996338039637,0.0013279170962050557,weak_3x3_bal_strong_200_200,weak_null,True,103,826020113,-4.9960036108132044e-14,0,1
200,200,0.16292592385889826,0.09770771484322682,0.15239859595766347,0.08721014020434836,0.06521820901567144,0.06518845575331511,0.050522826432288725,1.2908662009057952,1.290277293584939,0.19675007725553662,0.19695439773948453,0.287,0.211,0.202,True,999,0.0001193339703604579,0.0013729589991271496,weak_3x3_bal_strong_200_200,weak_null,True,104,826020113,-4.9960036108132044e-14,0,2
200,200,0.14058287064857056,0.10826141963464936,0.13015114135299655,0.09795391185856062,0.0323214510139212,0.03219722949443593,0.05160459574882855,0.6263289256491251,0.6239217462558424,0.5310992174139734,0.5326789780561796,0.599,0.537,0.537,True,999,0.00011787505354732275,0.0013498750049620867,weak_3x3_bal_strong_200_200,weak_null,True,105,826020113,-4.9960036108132044e-14,0,2
200,200,0.10620075681099284,0.07959927331072014,0.09575953642774948,0.07314653643553015,0.026601483500272693,0.02261299999221933,0.04450749363041328,0.5976854981134034,0.5080717458501685,0.550049803595922,0.6114030289579206,0.622,0.514,0.588,True,999,0.00011916703078895807,0.0013467499520629644,weak_3x3_bal_strong_200_200,weak_null,True,106,826020113,-4.9960036108132044e-14,0,2
200,200,0.1338331292508843,0.10268660715788158,0.12340321561109135,0.09306426051604433,0.031146522093002726,0.030338955095047027,0.049424026892488954,0.6301898904505515,0.6138503275146462,0.5285703528064217,0.5393142367821415,0.606,0.537,0.546,True,999,0.00011679204180836678,0.0012422079453244805,weak_3x3_bal_strong_200_200,weak_null,True,107,826020113,-4.9960036108132044e-14,0,1
200,200,0.126064243041224,0.08460599720244394,0.11560822657457948,0.0762376338691837,0.04145824583878005,0.03937059270539578,0.04735012998269529,0.875567730308903,0.8314780280388726,0.38126507469949444,0.40570363558770695,0.481,0.388,0.407,True,999,0.00011462497059255838,0.0012789999600499868,weak_3x3_bal_strong_200_200,weak_null,True,108,826020113,-4.9960036108132044e-14,0,2
200,200,0.06633277245548719,0.16961798022290375,0.05599139629015326,0.1547866459071514,-0.10328520776741656,-0.09879524961699815,0.04961433865129046,-2.0817612523941227,-1.9912640640313866,0.037364282635354344,0.04645186400835714,0.06,0.042,0.05,True,999,0.00011108303442597389,0.0012626670068129897,weak_3x3_bal_strong_200_200,weak_null,True,109,826020113,-4.9960036108132044e-14,0,0
200,200,0.13224966957765916,0.07832177713786392,0.12174863448097994,0.05964239828249163,0.05392789243979523,0.06210623619848832,0.0461551462070979,1.168404758113452,1.3455972150931548,0.24264353658093618,0.1784324502920248,0.372,0.263,0.205,True,999,0.0001165410503745079,0.0013125420082360506,weak_3x3_bal_strong_200_200,weak_null,True,110,826020113,-4.9960036108132044e-14,0,0
200,200,0.16678971802295806,0.12870097191039237,0.15904354439840063,0.11950927208296491,0.038088746112565686,0.039534272315435715,0.050243382781099556,0.7580848263842184,0.7868553056564421,0.44840020280666837,0.43136657370024456,0.545,0.468,0.451,True,999,0.0001176249934360385,0.0013324589235708117,weak_3x3_bal_strong_200_200,weak_null,True,111,826020113,-4.9960036108132044e-14,1,1
200,200,0.0824252012386073,0.12273966876341746,0.0720628471239877,0.11171927234668999,-0.04031446752481016,-0.039656425222702296,0.046208682144496686,-0.8724435680451772,-0.8582029043523643,0.38296644125713397,0.39078043257539785,0.499,0.409,0.412,True,999,0.00012037507258355618,0.001323667005635798,weak_3x3_bal_strong_200_200,weak_null,True,112,826020113,-4.9960036108132044e-14,0,1
200,200,0.10179356962324193,0.08854625664513699,0.09132693943450931,0.08227423919949217,0.013247312978104941,0.009052700235017141,0.046498978180448486,0.2848947115933628,0.1946860036340228,0.7757248077064641,0.845638769734746,0.821,0.779,0.855,True,999,0.00011641602031886578,0.0012720830272883177,weak_3x3_bal_strong_200_200,weak_null,True,113,826020113,-4.9960036108132044e-14,0,2
200,200,0.06410163601141261,0.16934563539448444,0.053750797380672566,0.16091601917796083,-0.10524399938307183,-0.10716522179728827,0.05088625183081325,-2.0682207000230113,-2.1059759353782135,0.03861927462056915,0.03520644275593858,0.084,0.046,0.039,True,999,0.00011987495236098766,0.0012478750431910157,weak_3x3_bal_strong_200_200,weak_null,True,114,826020113,-4.9960036108132044e-14,0,2
200,200,0.08124033245537254,0.14454540370613067,0.07087812052651543,0.13570124160233377,-0.06330507125075813,-0.06482312107581834,0.04574760240130017,-1.3837899240148805,-1.4169730799701106,0.16642278919259923,0.1564907982268538,0.262,0.169,0.155,True,999,0.00011645792983472347,0.0012661670334637165,weak_3x3_bal_strong_200_200,weak_null,True,115,826020113,-4.9960036108132044e-14,0,1
200,200,0.08617710285697266,0.14686619560292158,0.07581582501575213,0.13271473671288447,-0.060689092745948914,-0.05689891169713235,0.05035465246262175,-1.2052330773407365,-1.1299633482599925,0.22811333641587495,0.25849166878398555,0.307,0.234,0.272,True,999,0.00011979206465184689,0.001335624954663217,weak_3x3_bal_strong_200_200,weak_null,True,116,826020113,-4.9960036108132044e-14,0,0
200,200,0.07865400881882456,0.0905574194555736,0.06816474199700906,0.07436728933585357,-0.011903410636749046,-0.006202547338844511,0.041528265324558195,-0.28663394783576074,-0.1493572459713738,0.7743926180039894,0.8812717460295318,0.807,0.76,0.847,True,999,0.0001294170506298542,0.001356624998152256,weak_3x3_bal_strong_200_200,weak_null,True,117,826020113,-4.9960036108132044e-14,0,0
200,200,0.13421384333248243,0.14696625000721764,0.12374614618252622,0.13331519282355941,-0.012752406674735206,-0.009569046641033196,0.05353587048234225,-0.23820303209492663,-0.17874084337882126,0.8117236255274198,0.8581411972002123,0.833,0.814,0.864,True,999,0.00012220803182572126,0.0012997499434277415,weak_3x3_bal_strong_200_200,weak_null,True,118,826020113,-4.9960036108132044e-14,0,1
200,200,0.09911503372685293,0.15036765068889613,0.08866940631401121,0.1417434240295279,-0.051252616962043196,-0.053074017715516675,0.05115267499348666,-1.0019537975007027,-1.0375609432404984,0.31636590794952635,0.29947450912330187,0.371,0.306,0.291,True,999,0.00011720799375325441,0.0013302919687703252,weak_3x3_bal_strong_200_200,weak_null,True,119,826020113,-4.9960036108132044e-14,0,2
200,200,0.13579630815381627,0.13352492628533996,0.1253710458330204,0.12226471297167052,0.0022713818684763076,0.0031063328613498697,0.05246450965241116,0.04329368335899275,0.059208270160723955,0.9654674264524271,0.9527862225650594,0.977,0.975,0.962,True,999,0.00011820800136774778,0.001314957975409925,weak_3x3_bal_strong_200_200,weak_null,True,120,826020113,-4.9960036108132044e-14,0,1
200,200,0.12206163171143292,0.1463816353705537,0.11167510204359132,0.13014150603098074,-0.024320003659120792,-0.018466403987389413,0.0520841053413121,-0.4669371490543899,-0.35454970122607093,0.6405448457872922,0.7229269636266955,0.705,0.664,0.747,True,999,0.00011758296750485897,0.0013075419701635838,weak_3x3_bal_strong_200_200,weak_null,True,121,826020113,-4.9960036108132044e-14,0,0
200,200,0.12617463754128333,0.15601788038403763,0.11576414168186488,0.14143070734738217,-0.029843242842754303,-0.025666565665517282,0.0543623410200448,-0.5489690525238846,-0.47213871190818213,0.5830266881671802,0.636827782328659,0.653,0.596,0.655,True,999,0.0001182089326903224,0.0013455840526148677,weak_3x3_bal_strong_200_200,weak_null,True,122,826020113,-4.9960036108132044e-14,0,0
200,200,0.07174439639585883,0.09965180630251186,0.061357021850113824,0.08837156418091752,-0.027907409906653025,-0.027014542330803692,0.04364964628342961,-0.6393501960002664,-0.6188948738642819,0.5225951407307268,0.5359856157045846,0.633,0.533,0.546,True,999,0.00011799996718764305,0.0013591659953817725,weak_3x3_bal_strong_200_200,weak_null,True,123,826020113,-4.9960036108132044e-14,0,1
200,200,0.15871367994594698,0.16132747256841073,0.1481465768743533,0.14605294304818983,-0.002613792622463751,0.0020936338261634546,0.05262221318237046,-0.04967089874014318,0.03978612261912362,0.9603846472644805,0.9682636400175494,0.962,0.96,0.969,True,999,0.00011387490667402744,0.0012699998915195465,weak_3x3_bal_strong_200_200,weak_null,True,124,826020113,-4.9960036108132044e-14,0,1
200,200,0.11512895295628289,0.15706731137527008,0.10470031787085077,0.1465328038890732,-0.04193835841898719,-0.041832486018222426,0.05436203183079575,-0.7714641452240454,-0.7695166021098678,0.4404318668020991,0.44158669260420913,0.455,0.429,0.426,True,999,0.00011129199992865324,0.001277709030546248,weak_3x3_bal_strong_200_200,weak_null,True,125,826020113,-4.9960036108132044e-14,0,2
200,200,0.1368842255649616,0.18454212373232992,0.1264741622090071,0.17823328561605933,-0.04765789816736832,-0.05175912340705224,0.05719625546027944,-0.833234584744186,-0.9049390207545479,0.4047124410180153,0.3654976933319515,0.479,0.424,0.383,True,999,0.00011066696606576443,0.0012625419767573476,weak_3x3_bal_strong_200_200,weak_null,True,126,826020113,-4.9960036108132044e-14,0,2
200,200,0.06013782963855485,0.14045026856261134,0.049808462859004976,0.12880461103146956,-0.08031243892405648,-0.07899614817246459,0.04804749369566399,-1.6715219202225364,-1.6441263028792183,0.09461863270492223,0.1001501158316792,0.137,0.093,0.097,True,999,0.00011120806448161602,0.0012833339860662818,weak_3x3_bal_strong_200_200,weak_null,True,127,826020113,-4.9960036108132044e-14,0,1
200,200,0.07367676620299646,0.10389579659434606,0.06333571454402431,0.0873579044209265,-0.0302190303913496,-0.02402218987690219,0.04654933096276897,-0.6491829155508024,-0.5160587570230728,0.5162201531192978,0.605813372133746,0.607,0.52,0.615,True,999,0.00011670798994600773,0.001321916002780199,weak_3x3_bal_strong_200_200,weak_null,True,128,826020113,-4.9960036108132044e-14,0,0
200,200,0.06503073284933358,0.14584055855959044,0.054686042589224826,0.13470891886493064,-0.08080982571025686,-0.08002287627570581,0.04414845754014921,-1.8304110769162727,-1.8125860049115399,0.0671884925868188,0.0698956979485257,0.142,0.073,0.078,True,999,0.0001109590521082282,0.001331334002315998,weak_3x3_bal_strong_200_200,weak_null,True,129,826020113,-4.9960036108132044e-14,0,1
200,200,0.08357935425375351,0.05940668992887366,0.0732159243307251,0.044758348841043016,0.024172664324879856,0.028457575489682085,0.03966415568163105,0.609433477392146,0.7174632864518816,0.5422371536067783,0.4730882819941252,0.669,0.544,0.48,True,999,0.00011000002268701792,0.0013378330040723085,weak_3x3_bal_strong_200_200,weak_null,True,130,826020113,-4.9960036108132044e-14,0,0
200,200,0.11750796079705417,0.049780543845252656,0.10707343375810296,0.03318843360599999,0.06772741695180151,0.07388500015210298,0.04129250035826832,1.6401868708403347,1.7893079738705724,0.1009663183071813,0.07356523059287576,0.241,0.122,0.087,True,999,0.00011700007598847151,0.001258457894437015,weak_3x3_bal_strong_200_200,weak_null,True,131,826020113,-4.9960036108132044e-14,0,0
200,200,0.14795980144836296,0.17353186586799657,0.13744904584100937,0.16294507721784157,-0.02557206441963361,-0.025496031376832207,0.054853986737707125,-0.46618424549359405,-0.46479814673718156,0.6410836252532107,0.6420760150673037,0.662,0.615,0.604,True,999,0.00011274998541921377,0.001268708030693233,weak_3x3_bal_strong_200_200,weak_null,True,132,826020113,-4.9960036108132044e-14,0,2
200,200,0.09334445651528456,0.11003814056831202,0.08295268700837255,0.096449254758042,-0.016693684053027458,-0.013496567749669452,0.047758059107939545,-0.34954695322306795,-0.28260293658847024,0.7266787274545554,0.7774812289897164,0.779,0.744,0.798,True,999,0.00011408294085413218,0.0012888329802080989,weak_3x3_bal_strong_200_200,weak_null,True,133,826020113,-4.9960036108132044e-14,0,1
200,200,0.1412853825797773,0.10431076757820024,0.1304688643389511,0.0978171883572827,0.03697461500157706,0.032651675981668404,0.04769780036337626,0.775184908316385,0.6845530765133416,0.4382304045860831,0.49362598570686755,0.529,0.442,0.498,True,999,0.00013870897237211466,0.0013275840319693089,weak_3x3_bal_strong_200_200,weak_null,True,134,826020113,-4.9960036108132044e-14,0,2
200,200,0.114984649090075,0.10030534200993235,0.10456858345361297,0.08472306318619616,0.014679307080142645,0.019845520267416816,0.04986146141265571,0.2944018619642139,0.3980132091030063,0.7684508442817451,0.690620448969597,0.801,0.767,0.688,True,999,0.00011849997099488974,0.0013945420505478978,weak_3x3_bal_strong_200_200,weak_null,True,135,826020113,-4.9960036108132044e-14,0,1
200,200,0.10374588027607845,0.12654901165215887,0.0932728971016843,0.11603918373106836,-0.02280313137608042,-0.02276628662938407,0.05004858935267261,-0.45561986203838384,-0.4548836825141874,0.6486633578794562,0.6491929226857829,0.684,0.64,0.634,True,999,0.00012337497901171446,0.0013209170429036021,weak_3x3_bal_strong_200_200,weak_null,True,136,826020113,-4.9960036108132044e-14,0,2
200,200,0.07438448253358132,0.10286576024244576,0.06402960957933601,0.08804323618204535,-0.02848127770886444,-0.024013626602709337,0.04442094915768965,-0.6411676978751384,-0.5405923794528459,0.5214137341235245,0.5887885715909504,0.594,0.53,0.577,True,999,0.00012295902706682682,0.0012975420104339719,weak_3x3_bal_strong_200_200,weak_null,True,137,826020113,-4.9960036108132044e-14,0,0
200,200,0.16264290704700857,0.09653610084785103,0.15209669634467105,0.08497050635865122,0.06610680619915754,0.06712618998601982,0.048341841167973514,1.3674863141735967,1.3885733013928097,0.17147292410937842,0.16496254065041893,0.263,0.182,0.176,True,999,0.0001152500044554472,0.0012740419479086995,weak_3x3_bal_strong_200_200,weak_null,True,138,826020113,-4.9960036108132044e-14,0,1
200,200,0.1251393372907399,0.1160253182945864,0.11473214679276111,0.10427124561866208,0.009114018996153495,0.010460901174099035,0.05116405805683396,0.17813323145770568,0.2044580037509706,0.8586183444460973,0.8379956069082618,0.896,0.873,0.853,True,999,0.00011241703759878874,0.0013200420653447509,weak_3x3_bal_strong_200_200,weak_null,True,139,826020113,-4.9960036108132044e-14,0,1
200,200,0.13270444730379793,0.1381512808823207,0.1222883995513655,0.12457744959971961,-0.0054468335785227695,-0.002289050048354113,0.05199859970757985,-0.10474962035811866,-0.044021378676096116,0.9165744871560232,0.9648873626652088,0.937,0.919,0.963,True,999,0.0001142079709097743,0.0013180000241845846,weak_3x3_bal_strong_200_200,weak_null,True,140,826020113,-4.9960036108132044e-14,0,1
200,200,0.1018473847926642,0.1543333213757322,0.09146355646311122,0.14079507371432953,-0.052485936583067994,-0.049331517251218315,0.05536596624212219,-0.9479819489384602,-0.8910079711331238,0.3431386437756003,0.37292489392093187,0.43,0.362,0.394,True,999,0.00012662506196647882,0.0013267499161884189,weak_3x3_bal_strong_200_200,weak_null,True,141,826020113,-4.9960036108132044e-14,0,1
200,200,0.09279763799025909,0.06647530472118135,0.0824468254812416,0.048234881561185716,0.026322333269077736,0.03421194392005589,0.04141177662545454,0.6356243420114028,0.826140453462865,0.5250212998056534,0.408724422146715,0.644,0.52,0.409,True,999,0.00012295797932893038,0.001323582953773439,weak_3x3_bal_strong_200_200,weak_null,True,142,826020113,-4.9960036108132044e-14,0,0
200,200,0.0772827086814667,0.07389545470934511,0.0668624334990966,0.059676616227704926,0.0033872539721215844,0.00718581727139167,0.039711793710609504,0.08529591981680336,0.1809491992166521,0.9320261352278992,0.8564074508131622,0.954,0.942,0.855,True,999,0.00011766701936721802,0.0013046249514445662,weak_3x3_bal_strong_200_200,weak_null,True,143,826020113,-4.9960036108132044e-14,0,0
200,200,0.1047137362408872,0.11065948348373872,0.09430427851128798,0.09910523927464965,-0.005945747242851518,-0.0048009607633616724,0.04724378064673382,-0.12585248600891924,-0.10162101122390985,0.8998486941988969,0.9190575012405269,0.908,0.894,0.908,True,999,0.00011966598685830832,0.0013172919861972332,weak_3x3_bal_strong_200_200,weak_null,True,144,826020113,-4.9960036108132044e-14,0,1
200,200,0.09852494344808549,0.1189634835015792,0.08804361172445851,0.10534541212305726,-0.020438540053493714,-0.017301800398598743,0.049216380196042304,-0.4152792215128666,-0.351545569375093,0.6779375103270284,0.7251790918057621,0.73,0.693,0.733,True,999,0.00012520793825387955,0.001294707995839417,weak_3x3_bal_strong_200_200,weak_null,True,145,826020113,-4.9960036108132044e-14,0,1
200,200,0.11614488368184128,0.07666726175602379,0.10575556139474429,0.06261787170447519,0.039477621925817497,0.0431376896902691,0.045467177942273236,0.8682663783518675,0.9487654972788999,0.38524852347493965,0.34273989362036417,0.502,0.385,0.337,True,999,0.00011720904149115086,0.0013119590003043413,weak_3x3_bal_strong_200_200,weak_null,True,146,826020113,-4.9960036108132044e-14,0,0
200,200,0.11656107483785028,0.076154821199089,0.10614696999073203,0.06464463965367884,0.04040625363876127,0.041502330337053195,0.04525290771711332,0.8928985048065942,0.9171196378472323,0.37191152790004955,0.359079951589916,0.486,0.354,0.344,True,999,0.00014725001528859138,0.0012833750806748867,weak_3x3_bal_strong_200_200,weak_null,True,147,826020113,-4.9960036108132044e-14,0,1
200,200,0.14235893177939785,0.19460851346423225,0.1319414447584677,0.1871640114996893,-0.0522495816848344,-0.05522256674122161,0.05763778829322535,-0.9065160762071734,-0.9580965608930623,0.36466275974724993,0.33801406950612656,0.396,0.345,0.318,True,999,0.00011679204180836678,0.0012667090632021427,weak_3x3_bal_strong_200_200,weak_null,True,148,826020113,-4.9960036108132044e-14,0,3
200,200,0.14765839284698168,0.056726685586804604,0.13719780953618965,0.03845733470446078,0.09093170726017707,0.09874047483172887,0.04472238529379437,2.0332481521909043,2.207853498490162,0.042027458461453275,0.027254487315654097,0.114,0.036,0.024,True,999,0.0001120840897783637,0.001263290992937982,weak_3x3_bal_strong_200_200,weak_null,True,149,826020113,-4.9960036108132044e-14,0,0
200,200,0.13564948280818157,0.0703018971376071,0.1251465454154186,0.05469175885895794,0.06534758567057447,0.07045478655646065,0.04494950653733393,1.4537998457513301,1.5674206901012957,0.1460018062739869,0.11701639093062453,0.277,0.164,0.126,True,999,0.0001177079975605011,0.0012999160680919886,weak_3x3_bal_strong_200_200,weak_null,True,150,826020113,-4.9960036108132044e-14,0,1
200,200,0.08886261699667486,0.08914720714998292,0.07848570931960808,0.07264754325251488,-0.0002845901533080619,0.005838166067093198,0.044548314123921,-0.00638834844605817,0.13105245803136448,0.9949028700757095,0.8957338096985283,0.997,0.995,0.904,True,999,0.0001214159419760108,0.0013444999931380153,weak_3x3_bal_strong_200_200,weak_null,True,151,826020113,-4.9960036108132044e-14,0,0
200,200,0.0828500089474693,0.07925702512556515,0.07245251364346927,0.0673978125373651,0.00359298382190415,0.005054701106104176,0.04241752855509544,0.0847051665737027,0.11916538464844095,0.932495788400941,0.9051443302419167,0.95,0.933,0.908,True,999,0.00011595897376537323,0.0013439590111374855,weak_3x3_bal_strong_200_200,weak_null,True,152,826020113,-4.9960036108132044e-14,0,1
200,200,0.12885236784722354,0.09203223295335311,0.11845219114428573,0.08342579559581509,0.036820134893870426,0.035026395548470646,0.05036910716523366,0.7310063045803765,0.6953944097831252,0.46477530205511774,0.48680816291474915,0.563,0.462,0.478,True,999,0.00011570798233151436,0.0012402499560266733,weak_3x3_bal_strong_200_200,weak_null,True,153,826020113,-4.9960036108132044e-14,0,2
200,200,0.07950750202974266,0.16272627851873456,0.06913053571506111,0.14869913927353196,-0.0832187764889919,-0.07956860355847084,0.04844863586202819,-1.7176701677624517,-1.6423290799160157,0.08585679371421255,0.10052182368589764,0.144,0.09,0.106,True,999,0.0001116669736802578,0.0012550830142572522,weak_3x3_bal_strong_200_200,weak_null,True,154,826020113,-4.9960036108132044e-14,0,0
200,200,0.12366029561704028,0.1025369932068198,0.1132421465793243,0.08944822856912538,0.02112330241022048,0.023793918010198922,0.04786482908188479,0.4413115603961267,0.49710650735832485,0.6589874580950958,0.6191139459799078,0.723,0.674,0.638,True,999,0.00011154194362461567,0.001274583046324551,weak_3x3_bal_strong_200_200,weak_null,True,155,826020113,-4.9960036108132044e-14,0,0
200,200,0.12673899393874244,0.05513090484907879,0.1163015570090522,0.048938890905837695,0.07160808908966365,0.06736266610321451,0.04204278861040672,1.703219302440341,1.602240677406932,0.08852703570863643,0.10910239816252137,0.188,0.076,0.094,True,999,0.00011958298273384571,0.0013129169819876552,weak_3x3_bal_strong_200_200,weak_null,True,156,826020113,-4.9960036108132044e-14,0,2
200,200,0.13497631048202008,0.09744169890948173,0.12455798396055684,0.08376714247279438,0.037534611572538346,0.040790841487762464,0.050439967573398116,0.7441442446988008,0.808700787295419,0.4567892145838329,0.41868727521754057,0.55,0.469,0.426,True,999,0.00011883408296853304,0.0013118339702486992,weak_3x3_bal_strong_200_200,weak_null,True,157,826020113,-4.9960036108132044e-14,0,1
200,200,0.07929595590423011,0.1239103245407821,0.06893404116956958,0.11542935876970262,-0.04461436863655199,-0.046495317600133035,0.04824160401626327,-0.9248110535775622,-0.9638012364692201,0.3550641998775529,0.3351455866578802,0.445,0.351,0.332,True,999,0.00011837505735456944,0.0013459579786285758,weak_3x3_bal_strong_200_200,weak_null,True,158,826020113,-4.9960036108132044e-14,0,2
200,200,0.15313018847105497,0.10821543782580828,0.14268533065850875,0.09682887352929015,0.04491475064524669,0.0458564571292186,0.05166585575388421,0.8693313986552914,0.8875582618366122,0.3846658936572217,0.37477841344766805,0.442,0.386,0.374,True,999,0.0001151250908151269,0.0012399590341374278,weak_3x3_bal_strong_200_200,weak_null,True,159,826020113,-4.9960036108132044e-14,0,1
200,200,0.15554833252643108,0.029537956657869624,0.1451008714635691,0.0180279493423825,0.12601037586856145,0.1270729221211866,0.04177329450968634,3.0165295159887937,3.041965533547302,0.0025568632379035726,0.0023503880546871313,0.043,0.006,0.005,True,999,0.00011249992530792952,0.0012719579972326756,weak_3x3_bal_strong_200_200,weak_null,True,160,826020113,-4.9960036108132044e-14,0,1
200,200,0.1149616237601021,0.10062988287431723,0.10454713859732578,0.08599655861620192,0.014331740885784872,0.01855057998112386,0.04824974854831294,0.29703244715222427,0.38446998252330755,0.7664417371850466,0.7006301399375923,0.824,0.782,0.716,True,999,0.0001099579967558384,0.0012796670198440552,weak_3x3_bal_strong_200_200,weak_null,True,161,826020113,-4.9960036108132044e-14,0,0
200,200,0.08850192586567118,0.09102943374298211,0.07812224014350022,0.0774078022383975,-0.0025275078773109305,0.0007144379051027272,0.04693855573235743,-0.053847159075850616,0.015220704897194445,0.9570569364862113,0.9878561034555995,0.963,0.955,0.984,True,999,0.00011675001587718725,0.0013044170336797833,weak_3x3_bal_strong_200_200,weak_null,True,162,826020113,-4.9960036108132044e-14,0,1
200,200,0.08788008658378077,0.08013042734075543,0.07747401381320174,0.06164550085883036,0.007749659243025342,0.015828512954371377,0.04272672779403299,0.18137731680233238,0.37045928325412064,0.8560714221485433,0.7110403090771638,0.889,0.851,0.718,True,999,0.00011829100549221039,0.0013266250025480986,weak_3x3_bal_strong_200_200,weak_null,True,163,826020113,-4.9960036108132044e-14,0,0
200,200,0.09572076949707453,0.04722794909072492,0.08533590659556012,0.03781176458623747,0.04849282040634961,0.047524142009322645,0.03945076279936856,1.229198549416281,1.2046444387149673,0.21899737266493846,0.22834059361351688,0.395,0.22,0.225,True,999,0.00011733395513147116,0.0013119590003043413,weak_3x3_bal_strong_200_200,weak_null,True,164,826020113,-4.9960036108132044e-14,0,1
200,200,0.11461031276519917,0.09050068674739448,0.10422367258129839,0.07946349640978667,0.024109626017804697,0.024760176171511716,0.04518326287512314,0.5335963913106173,0.5479944252796337,0.5936208055064672,0.5836957306733844,0.675,0.599,0.589,True,999,0.0001130829332396388,0.0012782920384779572,weak_3x3_bal_strong_200_200,weak_null,True,165,826020113,-4.9960036108132044e-14,0,1
200,200,0.1227244571628412,0.06638605986341051,0.11233191639695406,0.051949827774322443,0.05633839729943069,0.06038208862263161,0.04461659711185648,1.262722864278218,1.3533548618970224,0.20668879409377106,0.17594229030980646,0.332,0.212,0.172,True,999,0.00011662510223686695,0.0012534160632640123,weak_3x3_bal_strong_200_200,weak_null,True,166,826020113,-4.9960036108132044e-14,0,0
200,200,0.1255241994953098,0.1379320580449266,0.11510500575417382,0.12667141221668032,-0.01240785854961679,-0.011566406462506507,0.053028572846102566,-0.23398439527358936,-0.21811649534816024,0.8149970932023427,0.827338345378234,0.832,0.804,0.815,True,999,0.00011191691737622023,0.0012507499195635319,weak_3x3_bal_strong_200_200,weak_null,True,167,826020113,-4.9960036108132044e-14,0,1
200,200,0.08722942020664148,0.13011836717136266,0.07685887313985518,0.12256644991187216,-0.042888946964721175,-0.04570757677201698,0.04922256718688811,-0.8713269017822768,-0.928589859981796,0.38357568576509227,0.3531016788432709,0.478,0.404,0.373,True,999,0.00011629099026322365,0.0013117919443175197,weak_3x3_bal_strong_200_200,weak_null,True,168,826020113,-4.9960036108132044e-14,0,3
200,200,0.10602108927623033,0.11306963714174867,0.095664719919057,0.09465999780651657,-0.00704854786551834,0.0010047221125404349,0.04936755739286198,-0.14277692147956028,0.020351870045847296,0.8864663643129657,0.9837626780273997,0.898,0.879,0.977,True,999,0.00011725001968443394,0.001306292018853128,weak_3x3_bal_strong_200_200,weak_null,True,169,826020113,-4.9960036108132044e-14,0,0
200,200,0.18068784073055832,0.07859949026063201,0.1701415658092742,0.0621730216348908,0.10208835046992631,0.1079685441743834,0.04866429138129744,2.0978082197896892,2.21864001529215,0.03592209011769703,0.02651122492559058,0.089,0.041,0.032,True,999,0.0001176249934360385,0.0012981249019503593,weak_3x3_bal_strong_200_200,weak_null,True,170,826020113,-4.9960036108132044e-14,0,0
200,200,0.0918056495824382,0.0834643734267122,0.0814105446091844,0.07192130006771436,0.008341276155725996,0.009489244541470043,0.04563530503038856,0.18278120744830212,0.2079364767070397,0.8549696944813922,0.8352785673076819,0.873,0.843,0.821,True,999,0.00011074997019022703,0.001246000058017671,weak_3x3_bal_strong_200_200,weak_null,True,171,826020113,-4.9960036108132044e-14,0,1
200,200,0.1359886592449293,0.16143690940667188,0.12553524348064116,0.14840432316437102,-0.02544825016174257,-0.022869079683729865,0.05030947903431065,-0.5058341022451668,-0.4545680083097927,0.6129731162358598,0.6494200547274697,0.676,0.621,0.67,True,999,0.0001127920113503933,0.001302290940657258,weak_3x3_bal_strong_200_200,weak_null,True,172,826020113,-4.9960036108132044e-14,0,1
200,200,0.09462517728548914,0.09192006351098814,0.08426131472327825,0.08452895756224876,0.002705113774501,-0.00026764283897051655,0.046971597845065306,0.05759041417802633,-0.005697971779740814,0.9540748853788539,0.9954537008897608,0.97,0.959,0.994,True,999,0.00011266604997217655,0.0012559170136228204,weak_3x3_bal_strong_200_200,weak_null,True,173,826020113,-4.9960036108132044e-14,0,3
200,200,0.13120770687155536,0.06477713081241754,0.12079015865768383,0.058466703887724236,0.06643057605913782,0.062323454769959596,0.04527551918197484,1.467251558002791,1.3765376056642087,0.14230763616610817,0.16865525297713135,0.238,0.138,0.166,True,999,0.00011554197408258915,0.0013080419739708304,weak_3x3_bal_strong_200_200,weak_null,True,174,826020113,-4.9960036108132044e-14,0,2
200,200,0.11760710713117128,0.19568563323902471,0.10714214746903394,0.18824418856462444,-0.07807852610785343,-0.0811020410955905,0.05380825187713457,-1.451051156356788,-1.5072417011572574,0.1467656158956748,0.13174871485353323,0.15,0.125,0.108,True,999,0.00013266701716929674,0.0013011670671403408,weak_3x3_bal_strong_200_200,weak_null,True,175,826020113,-4.9960036108132044e-14,0,3
200,200,0.04772815767481142,0.1330185963387424,0.037403154490760926,0.1145354616631522,-0.08529043866393099,-0.07713230717239128,0.0455621927384452,-1.8719564081024407,-1.6929015601856083,0.06121263460766599,0.09047420631850586,0.124,0.073,0.106,True,999,0.0001229170011356473,0.0012970000971108675,weak_3x3_bal_strong_200_200,weak_null,True,176,826020113,-4.9960036108132044e-14,0,0
200,200,0.18500324946875613,0.11795786681834952,0.17724792859999638,0.10365244573219456,0.0670453826504066,0.07359548286780182,0.0480875911692993,1.3942345836031516,1.5304464432143898,0.16324677772323093,0.12590626054893203,0.27,0.157,0.114,True,999,0.00011729099787771702,0.0012669999850913882,weak_3x3_bal_strong_200_200,weak_null,True,177,826020113,-4.9960036108132044e-14,1,0
200,200,0.08200494863302255,0.08064376048101562,0.07163297366750498,0.07155842173079918,0.0013611881520069202,7.455193670580229e-05,0.04315504631977721,0.03154180722969382,0.0017275369409495093,0.9748374513703343,0.9986216256321995,0.984,0.978,0.999,True,999,0.0001206250162795186,0.0012732079485431314,weak_3x3_bal_strong_200_200,weak_null,True,178,826020113,-4.9960036108132044e-14,0,1
200,200,0.13893970652171928,0.21412637950954672,0.1284832959457276,0.20297390234114232,-0.07518667298782744,-0.07449060639541472,0.053279880685971844,-1.4111644399313281,-1.3981000977546763,0.1581961327532464,0.16208301053693108,0.242,0.181,0.184,True,999,0.00011316593736410141,0.0013029580004513264,weak_3x3_bal_strong_200_200,weak_null,True,179,826020113,-4.9960036108132044e-14,0,1
200,200,0.143594339056778,0.11180730403987005,0.13312433246341016,0.10041146325957584,0.03178703501690794,0.032712869203834316,0.0517784607382766,0.6139045959203218,0.631785277843374,0.5392783729944046,0.5275271949592772,0.61,0.527,0.511,True,999,0.00011229095980525017,0.001261416939087212,weak_3x3_bal_strong_200_200,weak_null,True,180,826020113,-4.9960036108132044e-14,0,1
200,200,0.11003826960974017,0.1398776340465363,0.09963280069752045,0.1307015079427316,-0.029839364436796134,-0.031068707245211158,0.05191862816505867,-0.5747332988447118,-0.5984115594587388,0.5654716834592087,0.5495653546161796,0.64,0.596,0.577,True,999,0.00011966610327363014,0.0013165830168873072,weak_3x3_bal_strong_200_200,weak_null,True,181,826020113,-4.9960036108132044e-14,0,1
200,200,0.13120009534721433,0.09509193381397885,0.12075617315667841,0.07976895676479501,0.03610816153323548,0.04098721639188341,0.04841892423388797,0.7457448116528724,0.8465123304659633,0.4558215837770484,0.3972669981432885,0.523,0.446,0.392,True,999,0.00013704202137887478,0.0012527089565992355,weak_3x3_bal_strong_200_200,weak_null,True,182,826020113,-4.9960036108132044e-14,0,1
200,200,0.14042781530012038,0.10525892798376535,0.13001113385624308,0.09681165894963328,0.035168887316355035,0.033199474906609794,0.05161072265297589,0.6814259810471223,0.6432670034449808,0.4956019878608975,0.5200508630122249,0.56,0.482,0.5,True,999,0.00011479202657938004,0.001286083017475903,weak_3x3_bal_strong_200_200,weak_null,True,183,826020113,-4.9960036108132044e-14,0,2
200,200,0.08660777908765094,0.04536239607564074,0.07624816315220073,0.03160775245598302,0.041245383012010195,0.044640410696217714,0.03948542452875863,1.0445723581360946,1.130554153310534,0.2962206606099471,0.25824279339414413,0.48,0.307,0.273,True,999,0.00011745805386453867,0.0012994169956073165,weak_3x3_bal_strong_200_200,weak_null,True,184,826020113,-4.9960036108132044e-14,0,1
200,200,0.10069177866519308,0.07780953549361486,0.09027196516873914,0.07260490773157358,0.02288224317157822,0.017667057437165568,0.042580290888720486,0.5373904849870278,0.4149116191652314,0.5909979144389774,0.6782066036689889,0.702,0.614,0.703,True,999,0.00012108404189348221,0.0013181669637560844,weak_3x3_bal_strong_200_200,weak_null,True,185,826020113,-4.9960036108132044e-14,0,3
200,200,0.0974250627305544,0.1607904147907377,0.08701313619164353,0.15524114883270101,-0.06336535206018329,-0.06822801264105749,0.052344695796805535,-1.2105400766136523,-1.3034369882654142,0.22607172223235106,0.19242561555316018,0.289,0.245,0.213,True,999,0.00011658307630568743,0.0013773749815300107,weak_3x3_bal_strong_200_200,weak_null,True,186,826020113,-4.9960036108132044e-14,0,3
200,200,0.19666403463476523,0.12082127400078285,0.183893851832039,0.10966534015113893,0.07584276063398238,0.07422851168090006,0.05143012959237513,1.4746756664837684,1.4432884433545146,0.1402997611574027,0.14893923391008332,0.198,0.136,0.145,True,999,0.0001223330618813634,0.001326874946244061,weak_3x3_bal_strong_200_200,weak_null,True,187,826020113,-4.9960036108132044e-14,0,1
200,200,0.07572340403515754,0.13060359021179413,0.0653478423000422,0.12165640085638074,-0.05488018617663659,-0.05630855855633854,0.047148231840190305,-1.1639924560194297,-1.1942878101388257,0.24442706901963274,0.23236540429081065,0.318,0.244,0.235,True,999,0.00011575000826269388,0.001243666047230363,weak_3x3_bal_strong_200_200,weak_null,True,188,826020113,-4.9960036108132044e-14,0,1
200,200,0.10848519767227804,0.09216391652895306,0.09811654660427394,0.07974167918611386,0.016321281143324984,0.01837486741816008,0.0462258713093683,0.35307676591089493,0.397501807920193,0.7240308907001334,0.6909974536100025,0.788,0.735,0.697,True,999,0.0001116250641644001,0.0012615829473361373,weak_3x3_bal_strong_200_200,weak_null,True,189,826020113,-4.9960036108132044e-14,0,2
200,200,0.08820889904940543,0.14012759109900325,0.07785041137648818,0.13178646475658695,-0.051918692049597814,-0.05393605338009877,0.05046118539491553,-1.028883718114738,-1.068862194932372,0.3035343202765334,0.2851317691556666,0.394,0.318,0.298,True,999,0.00011037499643862247,0.0012532500550150871,weak_3x3_bal_strong_200_200,weak_null,True,190,826020113,-4.9960036108132044e-14,0,2
200,200,0.1037954536407435,0.11116657336431102,0.09331489910343294,0.09793265710698051,-0.007371119723567521,-0.0046177580035475785,0.04758244990597436,-0.15491257255843857,-0.09704750412541878,0.8768902418350852,0.9226886696241173,0.9,0.88,0.926,True,999,0.00011341704521328211,0.001291416003368795,weak_3x3_bal_strong_200_200,weak_null,True,191,826020113,-4.9960036108132044e-14,0,1
200,200,0.08065461032211907,0.1330728781051423,0.07030004896634523,0.12462001678487411,-0.05241826778302322,-0.05431996781852888,0.04686975696660929,-1.1183814718810419,-1.1589556109118986,0.2634041041150986,0.24647427917495623,0.364,0.265,0.245,True,999,0.00011145800817757845,0.001325082965195179,weak_3x3_bal_strong_200_200,weak_null,True,192,826020113,-4.9960036108132044e-14,0,2
200,200,0.0701004430584502,0.13369242734151338,0.059744750497912946,0.12045052726625727,-0.06359198428306317,-0.06070577676834432,0.04975070731980677,-1.2782126668929974,-1.2201992702961253,0.20117445103672016,0.22238934343527594,0.247,0.22,0.238,True,999,0.00011095800437033176,0.001357291010208428,weak_3x3_bal_strong_200_200,weak_null,True,193,826020113,-4.9960036108132044e-14,0,1
200,200,0.08601001334099512,0.0863898209909103,0.07563123341094524,0.06775738476902404,-0.000379807649915187,0.0078738486419212,0.04412409595071869,-0.008607715166320608,0.17844781796130943,0.9931321217751181,0.8583712985885981,0.995,0.995,0.865,True,999,0.00011133309453725815,0.0013195420615375042,weak_3x3_bal_strong_200_200,weak_null,True,194,826020113,-4.9960036108132044e-14,0,0
200,200,0.0872953235497298,0.08024154746993223,0.07691851569629193,0.06349341939976227,0.007053776079797569,0.01342509629652966,0.043165594142392516,0.16341200022705404,0.3110138192988522,0.8701940550687728,0.755790115992997,0.904,0.867,0.751,True,999,0.00011499994434416294,0.001318959053605795,weak_3x3_bal_strong_200_200,weak_null,True,195,826020113,-4.9960036108132044e-14,0,0
200,200,0.09299542282409012,0.08266101395667147,0.08261395403778238,0.0692659862071281,0.010334408867418654,0.013347967830654284,0.04513143736748048,0.22898470490251052,0.2957576494178353,0.8188808040394709,0.7674151676346241,0.854,0.815,0.768,True,999,0.00011620903387665749,0.0013045829255133867,weak_3x3_bal_strong_200_200,weak_null,True,196,826020113,-4.9960036108132044e-14,0,1
200,200,0.12629801902801008,0.12549951874190346,0.11589670600898216,0.11403205284081253,0.0007985002861066182,0.0018646531681696388,0.051783165460181906,0.01542007482568087,0.0360088679708745,0.9876970479354367,0.971275287923099,0.988,0.986,0.964,True,999,0.0001200410770252347,0.0013109580613672733,weak_3x3_bal_strong_200_200,weak_null,True,197,826020113,-4.9960036108132044e-14,0,1
200,200,0.0830488636831983,0.07784545724753766,0.07266612334598221,0.06613570366269528,0.00520340643566064,0.0065304196832869366,0.04338706339303963,0.11992990603036288,0.15051536500934468,0.904538673860987,0.8803580293051099,0.919,0.903,0.883,True,999,0.00014179095160216093,0.0013515830505639315,weak_3x3_bal_strong_200_200,weak_null,True,198,826020113,-4.9960036108132044e-14,0,1
200,200,0.10898778586641034,0.16443198645795287,0.09850614736856755,0.1548524847132029,-0.055444200591542536,-0.056346337344635344,0.051582296689856914,-1.0748687854072427,-1.0923580561645527,0.28243347889518555,0.2746757514363398,0.361,0.298,0.288,True,999,0.0001176249934360385,0.0013223750283941627,weak_3x3_bal_strong_200_200,weak_null,True,199,826020113,-4.9960036108132044e-14,0,1
200,200,0.12757928245259342,0.13172468651678004,0.11716940396152609,0.12232649299046727,-0.00414540406418662,-0.005157089028941186,0.04931301919276501,-0.08406307567545601,-0.10457865110189424,0.9330062820363052,0.916710155750649,0.952,0.941,0.932,True,999,0.00011462497059255838,0.0012599999317899346,weak_3x3_bal_strong_200_200,weak_null,True,200,826020113,-4.9960036108132044e-14,0,1
200,200,0.1788623284409534,0.1417384651860341,0.16825979488353937,0.13065005988819678,0.03712386325491929,0.03760973499534259,0.055559832090459484,0.6681781038228525,0.676923121979715,0.5040199106348535,0.4984547328929153,0.559,0.511,0.502,True,999,0.00011100003030151129,0.0012730000307783484,weak_3x3_bal_strong_200_200,weak_null,True,201,826020113,-4.9960036108132044e-14,0,1
200,200,0.07736866231250028,0.20477977951650206,0.06701642027363164,0.19825147360424467,-0.12741111720400178,-0.13123505333061303,0.052890738877237886,-2.4089494665546174,-2.4812482509502525,0.015998513004948315,0.013092315570246595,0.027,0.013,0.008,True,999,0.0001109590521082282,0.0012684590183198452,weak_3x3_bal_strong_200_200,weak_null,True,202,826020113,-4.9960036108132044e-14,0,2
200,200,0.08383696049421507,0.09583496919091034,0.07347747951152428,0.07835233305964806,-0.011998008696695261,-0.004874853548123781,0.04468369143801355,-0.2685097920644992,-0.10909692980237125,0.7883069385526658,0.9131256100184566,0.839,0.79,0.92,True,999,0.00011616607662290335,0.0013271250063553452,weak_3x3_bal_strong_200_200,weak_null,True,203,826020113,-4.9960036108132044e-14,0,1
200,200,0.1054476902994852,0.08875637198934633,0.09504872752347637,0.07240338166624838,0.01669131831013887,0.022645345857227994,0.04538281283225184,0.3677894178096644,0.4989850660189755,0.7130302601930345,0.6177899048169191,0.778,0.725,0.621,True,999,0.00011862500105053186,0.0013180839596316218,weak_3x3_bal_strong_200_200,weak_null,True,204,826020113,-4.9960036108132044e-14,0,0
200,200,0.08258423136470627,0.07580588995776416,0.07220533828666476,0.05514098709818427,0.006778341406942112,0.017064351188480487,0.04243791418525455,0.15972371727207343,0.4021015527292257,0.8730987170755633,0.6876092900883979,0.898,0.875,0.678,True,999,0.0001175830839201808,0.0013354580150917172,weak_3x3_bal_strong_200_200,weak_null,True,205,826020113,-4.9960036108132044e-14,0,0
200,200,0.12493206085570807,0.09305904531424797,0.1144981261303144,0.08167782755605657,0.031873015541460104,0.032820298574257833,0.048134261897551045,0.6621689890934367,0.6818490048546408,0.5078629260513059,0.49533443363284635,0.592,0.511,0.497,True,999,0.0001176249934360385,0.0013092909939587116,weak_3x3_bal_strong_200_200,weak_null,True,206,826020113,-4.9960036108132044e-14,0,1
200,200,0.05881178314450186,0.06599980271617051,0.04846155375850003,0.056724191587164796,-0.007188019571668647,-0.008262637828664765,0.03873725705668575,-0.1855583001437127,-0.21329950689522809,0.85279115720979,0.831093358145029,0.898,0.858,0.835,True,999,0.00012399989645928144,0.0013228750322014093,weak_3x3_bal_strong_200_200,weak_null,True,207,826020113,-4.9960036108132044e-14,0,1
200,200,0.10070435083200735,0.0858830988736557,0.09034025953081937,0.07013607901712504,0.014821251958351656,0.020204180513694325,0.048090910761637955,0.3081923740603088,0.4201247219840796,0.7579359548647484,0.6743943435125997,0.839,0.782,0.682,True,999,0.00011554197408258915,0.001252833055332303,weak_3x3_bal_strong_200_200,weak_null,True,208,826020113,-4.9960036108132044e-14,0,1
200,200,0.10393339191397577,0.09180075325407927,0.09348608058490981,0.08252050298099789,0.0121326386598965,0.010965577603911925,0.04514722193431217,0.26873499941035395,0.2428848804886933,0.7881336165477302,0.8080945785348917,0.827,0.798,0.814,True,999,0.0001129580195993185,0.0012824579607695341,weak_3x3_bal_strong_200_200,weak_null,True,209,826020113,-4.9960036108132044e-14,0,1
200,200,0.10290515714948412,0.10569323061275315,0.09251704980204067,0.0873533433074698,-0.0027880734632690363,0.005163706494570874,0.04755774267998791,-0.05862501679336949,0.10857761961742013,0.9532507844284338,0.9135375127461213,0.967,0.955,0.911,True,999,0.00011712498962879181,0.0012707500718533993,weak_3x3_bal_strong_200_200,weak_null,True,210,826020113,-4.9960036108132044e-14,0,0
200,200,0.08264790192310212,0.07108226009668822,0.07227023802204258,0.06147360169917704,0.011565641826413897,0.010796636322865538,0.041444227624439306,0.27906520375333854,0.2605100141014295,0.7801947860957028,0.7944703917820961,0.82,0.783,0.796,True,999,0.00018379196990281343,0.0012834169901907444,weak_3x3_bal_strong_200_200,weak_null,True,211,826020113,-4.9960036108132044e-14,0,1
200,200,0.12603668020832637,0.15491698749610366,0.11560589425954504,0.15155455471433754,-0.028880307287777296,-0.0359486604547925,0.05354697648246199,-0.5393452475740874,-0.6713480912702253,0.5896486530792303,0.5019988049283339,0.651,0.609,0.527,True,999,0.0001194999786093831,0.0012915830593556166,weak_3x3_bal_strong_200_200,weak_null,True,212,826020113,-4.9960036108132044e-14,0,3
200,200,0.11182998341020789,0.13382899455451186,0.10137183325960564,0.1252202230179904,-0.02199901114430397,-0.02384838975838477,0.047192730118525976,-0.4661525427550554,-0.5053403288703326,0.6411063159550021,0.613319821861933,0.725,0.689,0.644,True,999,0.00011825002729892731,0.0013042909558862448,weak_3x3_bal_strong_200_200,weak_null,True,213,826020113,-4.9960036108132044e-14,0,2
200,200,0.09039944757872265,0.06323590394075174,0.08001851867996379,0.049878160019652285,0.02716354363797091,0.030140358660311506,0.03904171060242246,0.695757004978298,0.7720040488810282,0.48658101920281804,0.4401120294490646,0.655,0.508,0.464,True,999,0.00012020801659673452,0.0013017919845879078,weak_3x3_bal_strong_200_200,weak_null,True,214,826020113,-4.9960036108132044e-14,0,1
200,200,0.041086956895290516,0.17968083594856493,0.030765635132667057,0.16511837020637188,-0.13859387905327442,-0.13435273507370482,0.047524369159079004,-2.9162697265766355,-2.827028268886305,0.0035424410853905925,0.004698218020350386,0.011,0.007,0.009,True,999,0.00011904200073331594,0.0013059580232948065,weak_3x3_bal_strong_200_200,weak_null,True,215,826020113,-4.9960036108132044e-14,0,0
200,200,0.1265398168440166,0.12361597294506405,0.1160850408168983,0.11035974934775084,0.0029238438989525606,0.005725291469147464,0.050954252943408086,0.057381744016537804,0.11236140534738506,0.9542411052025638,0.9105368555627213,0.959,0.955,0.901,True,999,0.00011699995957314968,0.0013297080295160413,weak_3x3_bal_strong_200_200,weak_null,True,216,826020113,-4.9960036108132044e-14,0,1
200,200,0.14010102447669492,0.12318888835653002,0.12962259042151913,0.11481211011602,0.0169121361201649,0.01481048030549914,0.04878085340916155,0.3466961920143165,0.30361257072057657,0.7288195713276371,0.7614230733706244,0.776,0.743,0.767,True,999,0.00011854094918817282,0.0013222920242697,weak_3x3_bal_strong_200_200,weak_null,True,217,826020113,-4.9960036108132044e-14,0,2
200,200,0.1329072497779724,0.11581444565822269,0.12240638080604072,0.10254149327343498,0.017092804119749727,0.019864887532605735,0.049497993878163955,0.3453231692949524,0.4013271241154105,0.7298514301963124,0.6881792960994564,0.786,0.742,0.698,True,999,0.00011508306488394737,0.00133500003721565,weak_3x3_bal_strong_200_200,weak_null,True,218,826020113,-4.9960036108132044e-14,0,1
200,200,0.11842695916918244,0.16164067260935866,0.10803879628059576,0.15011846984504018,-0.043213713440176216,-0.04207967356444442,0.05101052271179033,-0.8471529234141332,-0.8249214343909933,0.39690988947713657,0.40941619643734917,0.466,0.402,0.416,True,999,0.00011312507558614016,0.001321124960668385,weak_3x3_bal_strong_200_200,weak_null,True,219,826020113,-4.9960036108132044e-14,0,1
200,200,0.1292248789102568,0.14183976629346373,0.11877829776685189,0.13021576628514708,-0.01261488738320693,-0.01143746851829519,0.054918768012682126,-0.22970084435058402,-0.20826156398217074,0.8183242387525518,0.8350247411213099,0.821,0.794,0.811,True,999,0.00011645792983472347,0.0013583330437541008,weak_3x3_bal_strong_200_200,weak_null,True,220,826020113,-4.9960036108132044e-14,0,1
200,200,0.07080130711612376,0.1478304210667279,0.06043219471507655,0.13656454042313726,-0.07702911395060413,-0.07613234570806071,0.05029988428604496,-1.5313974384623952,-1.5135690029645381,0.12567119679534436,0.130135187780427,0.175,0.146,0.147,True,999,0.00011387502308934927,0.0013382090255618095,weak_3x3_bal_strong_200_200,weak_null,True,221,826020113,-4.9960036108132044e-14,0,1
200,200,0.09320008643470534,0.1486697550814754,0.08284812435846334,0.1352742946033061,-0.055469668646770054,-0.05242617024484275,0.05019742770843644,-1.1050301017206812,-1.0443995367521939,0.2691465459949669,0.29630057786586605,0.314,0.26,0.289,True,999,0.00011504208669066429,0.0013283330481499434,weak_3x3_bal_strong_200_200,weak_null,True,222,826020113,-4.9960036108132044e-14,0,1
200,200,0.18176776105487047,0.061265267918746424,0.17122125142554978,0.04473990414776097,0.12050249313612404,0.1264813472777888,0.048953895462972345,2.461550648758269,2.583682995635282,0.013833786377117699,0.009775159488047693,0.055,0.02,0.015,True,999,0.00011954200454056263,0.0012512500397861004,weak_3x3_bal_strong_200_200,weak_null,True,223,826020113,-4.9960036108132044e-14,0,0
200,200,0.14551571632700466,0.20990452585562985,0.1349750727619039,0.19928029022547378,-0.06438880952862519,-0.06430521746356987,0.056908650597384876,-1.1314415093789634,-1.1299726278613413,0.2578693087310585,0.2584877584866807,0.334,0.277,0.27,True,999,0.00011245789937674999,0.0012890410143882036,weak_3x3_bal_strong_200_200,weak_null,True,224,826020113,-4.9960036108132044e-14,0,2
200,200,0.1107533219974417,0.12779750290245612,0.10033159658090085,0.11662734800583507,-0.017044180905014417,-0.016295751424934224,0.051114186028162555,-0.3334530436545253,-0.31881073907653934,0.7387923288316243,0.7498700342948128,0.795,0.756,0.768,True,999,0.00011195894330739975,0.001285708975046873,weak_3x3_bal_strong_200_200,weak_null,True,225,826020113,-4.9960036108132044e-14,0,1
200,200,0.20070927955862627,0.16598701537162053,0.19004594886590098,0.16202118147207045,0.03472226418700575,0.02802476739383053,0.06087641715076051,0.5703729919094289,0.460355071889779,0.5684247437389645,0.6452613776110315,0.603,0.576,0.649,True,999,0.00011200003791600466,0.0013647079467773438,weak_3x3_bal_strong_200_200,weak_null,True,226,826020113,-4.9960036108132044e-14,0,3
200,200,0.13922754349298394,0.08669537739745897,0.12876970890141592,0.0752942250267239,0.05253216609552497,0.05347548387469203,0.04835291575699485,1.0864322300548244,1.1059412454761042,0.2772878087061552,0.2687519509437798,0.38,0.278,0.272,True,999,0.00011479202657938004,0.0013404159108176827,weak_3x3_bal_strong_200_200,weak_null,True,227,826020113,-4.9960036108132044e-14,0,1
200,200,0.1294051126610669,0.11285996145852117,0.11897340875074747,0.10693536815273319,0.016545151202545738,0.012038040598014277,0.04716792026354275,0.3507712680589374,0.2552166924204792,0.725759954035786,0.7985557391874862,0.78,0.739,0.81,True,999,0.00011558295227587223,0.001332749961875379,weak_3x3_bal_strong_200_200,weak_null,True,228,826020113,-4.9960036108132044e-14,0,2
200,200,0.0958094077374394,0.13529339118390782,0.0854227626340105,0.11857615823464585,-0.03948398344646842,-0.03315339560063535,0.05008935793925204,-0.7882709036589023,-0.6618850183874091,0.4305382631612905,0.5080449138880339,0.485,0.411,0.485,True,999,0.0001157090300694108,0.001248875050805509,weak_3x3_bal_strong_200_200,weak_null,True,229,826020113,-4.9960036108132044e-14,0,0
200,200,0.09356953395698153,0.06516358584058562,0.08318489719863464,0.05403444889273601,0.028405948116395907,0.029150448305898635,0.0410304018151273,0.6923146462076093,0.7104597326938996,0.48873975431379946,0.4774190930130108,0.604,0.503,0.482,True,999,0.0001106249401345849,0.0012503330362960696,weak_3x3_bal_strong_200_200,weak_null,True,230,826020113,-4.9960036108132044e-14,0,1
200,200,0.1464320346206427,0.2046054929023654,0.13561720250666554,0.19317259286313515,-0.05817345828172271,-0.057555390356469616,0.055417035586138065,-1.049739627290243,-1.0385865961200285,0.29383783918756856,0.2989970422799283,0.343,0.302,0.303,True,999,0.00011258304584771395,0.0012803329154849052,weak_3x3_bal_strong_200_200,weak_null,True,231,826020113,-4.9960036108132044e-14,0,1
200,200,0.11552925956676585,0.14322694308991196,0.1051082881104719,0.13507572384642685,-0.02769768352314611,-0.02996743573595495,0.05222298395242169,-0.5303734376492232,-0.573836143933428,0.5958530388589797,0.5660786876533929,0.629,0.597,0.571,True,999,0.00011458294466137886,0.001313582994043827,weak_3x3_bal_strong_200_200,weak_null,True,232,826020113,-4.9960036108132044e-14,0,2
200,200,0.13772546644152772,0.2356369462978115,0.1271227294037658,0.22696603810622662,-0.09791147985628379,-0.09984330870246083,0.05608827343736294,-1.7456675674930033,-1.780110218831423,0.08086873386274272,0.07505792454268459,0.12,0.112,0.111,True,999,0.00011441705282777548,0.0013381249736994505,weak_3x3_bal_strong_200_200,weak_null,True,233,826020113,-4.9960036108132044e-14,0,2
200,200,0.10370149148091423,0.085290475188461,0.09333818396430615,0.0688573402708954,0.01841101629245323,0.024480843693410748,0.04564264530589329,0.4033731211033913,0.5363590021862696,0.6866737572314202,0.591710460123712,0.752,0.679,0.595,True,999,0.00010966695845127106,0.0013087920378893614,weak_3x3_bal_strong_200_200,weak_null,True,234,826020113,-4.9960036108132044e-14,0,0
200,200,0.11872192802079984,0.04378504189745991,0.10830417577551543,0.03282068914256797,0.07493688612333993,0.07548348663294746,0.03934878736507516,1.904426823324465,1.9183179886235684,0.05685461857318375,0.05507070285242368,0.182,0.069,0.067,True,999,0.00011079199612140656,0.001298084040172398,weak_3x3_bal_strong_200_200,weak_null,True,235,826020113,-4.9960036108132044e-14,0,1
200,200,0.10352103761432052,0.16813507914549375,0.09312853102858298,0.14946474282700706,-0.06461404153117323,-0.056336211798424074,0.052493319111990434,-1.2309002864407215,-1.0732072719241685,0.21836016047301,0.28317812868291503,0.255,0.216,0.287,True,999,0.00011754198931157589,0.0012987920781597495,weak_3x3_bal_strong_200_200,weak_null,True,236,826020113,-4.9960036108132044e-14,0,0
200,200,0.149921736253803,0.08845671241977598,0.13939306718370403,0.07210569222441165,0.06146502383402702,0.06728737495929238,0.049232927104142815,1.2484535746576586,1.3667148982825832,0.21186499979993978,0.17171468623261832,0.34,0.247,0.189,True,999,0.00012000009883195162,0.0012974170967936516,weak_3x3_bal_strong_200_200,weak_null,True,237,826020113,-4.9960036108132044e-14,0,0
200,200,0.10779320958623329,0.0557995668535739,0.09739255928428747,0.04524919907385083,0.051993642732659384,0.05214336021043664,0.04283095579428621,1.2139267445345103,1.217422288236508,0.22477569906386252,0.22344358719396518,0.39,0.238,0.236,True,999,0.00012391700875014067,0.0013481250498443842,weak_3x3_bal_strong_200_200,weak_null,True,238,826020113,-4.9960036108132044e-14,0,2
200,200,0.10949600468229459,0.12053974137117762,0.0990310697115433,0.10186490000336335,-0.011043736688883032,-0.0028338302918200498,0.04940785318565694,-0.22352188927101613,-0.057355867723528374,0.8231293488662905,0.9542617175498507,0.853,0.831,0.956,True,999,0.00012158392928540707,0.0013353339163586497,weak_3x3_bal_strong_200_200,weak_null,True,239,826020113,-4.9960036108132044e-14,0,0
200,200,0.09833737077609817,0.0866645361952974,0.08790634617301407,0.07323414301563957,0.011672834580800762,0.014672203157374497,0.04383015760741723,0.26631970355555845,0.3347513209692764,0.7899929996486696,0.7378126841138755,0.84,0.809,0.766,True,999,0.00012420897837728262,0.0012498750584200025,weak_3x3_bal_strong_200_200,weak_null,True,240,826020113,-4.9960036108132044e-14,0,1
200,200,0.0964529764410873,0.07206942480275835,0.08607661956560264,0.06264929979640499,0.02438355163832895,0.023427319769197652,0.04304486174975004,0.5664683459802388,0.544253572131259,0.5710754451726903,0.5862669911259558,0.671,0.568,0.585,True,999,0.00011212506797164679,0.0012537500588223338,weak_3x3_bal_strong_200_200,weak_null,True,241,826020113,-4.9960036108132044e-14,0,1
200,200,0.1693501838636695,0.08044221230806892,0.15885788931529987,0.06724981828030252,0.0889079715556006,0.09160807103499735,0.0506188450001389,1.756420391562799,1.809762175228336,0.07901665352098261,0.07033267596970509,0.184,0.099,0.091,True,999,0.00011433300096541643,0.0012761250836774707,weak_3x3_bal_strong_200_200,weak_null,True,242,826020113,-4.9960036108132044e-14,0,1
200,200,0.08890288084390408,0.21247094503338343,0.07852851718465104,0.19905567131360158,-0.12356806418947935,-0.12052715412895054,0.05392650963949921,-2.291415947657963,-2.2350260555463204,0.021939368083332474,0.02541563822423265,0.046,0.024,0.03,True,999,0.00011458306107670069,0.0012773749185726047,weak_3x3_bal_strong_200_200,weak_null,True,243,826020113,-4.9960036108132044e-14,0,1
200,200,0.11789409252568661,0.12220664700190481,0.1074831474844018,0.11189629100196896,-0.0043125544762182,-0.004413143517567164,0.051508724988349616,-0.08372473745357947,-0.08567759187526659,0.9332752885517894,0.9317227157077589,0.944,0.933,0.932,True,999,0.00011854199692606926,0.0013362499885261059,weak_3x3_bal_strong_200_200,weak_null,True,244,826020113,-4.9960036108132044e-14,0,2
200,200,0.060343151935499106,0.030126807627161467,0.050011979061366674,0.013567771952807561,0.03021634430833764,0.03644420710855911,0.03144481462731915,0.9609324992517456,1.1589894086033665,0.33658610868523253,0.24646050228553673,0.573,0.352,0.251,True,999,0.0001312090316787362,0.0013342499732971191,weak_3x3_bal_strong_200_200,weak_null,True,245,826020113,-4.9960036108132044e-14,0,0
200,200,0.11145497414721417,0.12287060899674573,0.10088277324609862,0.10859959209466297,-0.011415634849531564,-0.007716818848564344,0.04827312138068032,-0.23648014719222785,-0.15985746576671006,0.8130601107107276,0.8729933549469238,0.824,0.804,0.874,True,999,0.00012375006917864084,0.0013001669431105256,weak_3x3_bal_strong_200_200,weak_null,True,246,826020113,-4.9960036108132044e-14,0,0
200,200,0.09529425327002317,0.10774883872785818,0.08489457664057909,0.09724507796659054,-0.01245458545783501,-0.012350501326011454,0.04473086282099816,-0.27843383007556055,-0.2761069325989776,0.7806793531748686,0.7824659361303996,0.836,0.785,0.786,True,999,0.00011795898899435997,0.0013126670382916927,weak_3x3_bal_strong_200_200,weak_null,True,247,826020113,-4.9960036108132044e-14,0,2
200,200,0.07722855991285327,0.04715574341829998,0.06683832984973037,0.03047641513527566,0.03007281649455329,0.03636191471445471,0.03706941829773212,0.8112567683964204,0.9809140899488922,0.41721823116337053,0.32663510860836753,0.575,0.402,0.302,True,999,0.00011749996338039637,0.0013046670937910676,weak_3x3_bal_strong_200_200,weak_null,True,248,826020113,-4.9960036108132044e-14,0,0
200,200,0.11773907736563327,0.0716778714604927,0.1073388803028763,0.06030657714111953,0.04606120590514057,0.04703230316175677,0.04433461324800149,1.0389445746933839,1.060848391721944,0.2988305140555714,0.2887588061647439,0.443,0.318,0.304,True,999,0.00011741695925593376,0.0013429590035229921,weak_3x3_bal_strong_200_200,weak_null,True,249,826020113,-4.9960036108132044e-14,0,1
200,200,0.11898223409613617,0.10942643567641025,0.10856907577414177,0.0910612777453963,0.009555798419725925,0.01750779802874547,0.048691903278938055,0.1962502546878125,0.35956281947841956,0.8444142951958828,0.7191740921490775,0.868,0.83,0.712,True,999,0.00011675001587718725,0.0013314590323716402,weak_3x3_bal_strong_200_200,weak_null,True,250,826020113,-4.9960036108132044e-14,0,0
200,200,0.08941652623859797,0.1049923296736926,0.07893861780667066,0.08675444396378396,-0.015575803435094626,-0.007815826157113293,0.045425794013676225,-0.3428845609260074,-0.17205700696745557,0.7316853070585108,0.863392712101025,0.793,0.733,0.873,True,999,0.00011679192539304495,0.0013589580776169896,weak_3x3_bal_strong_200_200,weak_null,True,251,826020113,-4.9960036108132044e-14,0,0
200,200,0.17594769102004282,0.07042761958828464,0.16544415722034955,0.05572645651122343,0.10552007143175818,0.10971770070912612,0.04678563832100843,2.2553945017861574,2.345114967895157,0.024108577556264672,0.019021213356854662,0.072,0.022,0.016,True,999,0.0001165829598903656,0.0012494579423218966,weak_3x3_bal_strong_200_200,weak_null,True,252,826020113,-4.9960036108132044e-14,0,0
200,200,0.0706167897817862,0.12572776015843434,0.060256979889601325,0.11037513133352661,-0.05511097037664814,-0.050118151443925285,0.04959784683820024,-1.111156509604802,-1.0104904676088542,0.2665009874706392,0.31226036413642266,0.317,0.267,0.311,True,999,0.00011212495155632496,0.0012616250896826386,weak_3x3_bal_strong_200_200,weak_null,True,253,826020113,-4.9960036108132044e-14,0,1
200,200,0.10104031970604543,0.12626247798430357,0.09061144276350319,0.11255359604838588,-0.025222158278258133,-0.021942153284882693,0.04953087463743575,-0.5092209346772784,-0.4429995118297118,0.6105973706946874,0.6577660878050806,0.688,0.632,0.675,True,999,0.00011170795187354088,0.0012796249939128757,weak_3x3_bal_strong_200_200,weak_null,True,254,826020113,-4.9960036108132044e-14,0,1
200,200,0.1189891107875527,0.12360672784227211,0.10849244448087347,0.10915568189112435,-0.004617617054719414,-0.000663237410250872,0.04888766238764744,-0.09445362754522209,-0.013566560106552645,0.9247488175521847,0.9891757831844488,0.945,0.929,0.989,True,999,0.00011187500786036253,0.001331208972260356,weak_3x3_bal_strong_200_200,weak_null,True,255,826020113,-4.9960036108132044e-14,0,0
200,200,0.08181435693436612,0.13037076058586894,0.07144315608402962,0.11617555778423139,-0.04855640365150282,-0.04473240170020176,0.04718954642920323,-1.0289652545050467,-0.9479303168830446,0.3034960024483555,0.3431649298929127,0.392,0.306,0.332,True,999,0.00011900009121745825,0.00132583302911371,weak_3x3_bal_strong_200_200,weak_null,True,256,826020113,-4.9960036108132044e-14,0,0
200,200,0.09416495768327748,0.14240810712616092,0.08377122998103914,0.12178051955501701,-0.04824314944288344,-0.03800928957397787,0.05106304231233723,-0.9447762463465189,-0.7443600665523709,0.34477312128676674,0.45665867110710123,0.39,0.354,0.466,True,999,0.00011804199311882257,0.0013322080485522747,weak_3x3_bal_strong_200_200,weak_null,True,257,826020113,-4.9960036108132044e-14,0,0
200,200,0.16148914827441319,0.0817575222427464,0.15063178807042732,0.07004090022634557,0.07973162603166678,0.08059088784408175,0.04822191516132343,1.6534313447512312,1.6712502515603107,0.09824310800256168,0.09467225827987803,0.185,0.107,0.099,True,999,0.00011795794125646353,0.0012763750273734331,weak_3x3_bal_strong_200_200,weak_null,True,258,826020113,-4.9960036108132044e-14,0,1
200,200,0.18120550194842822,0.12795912534832887,0.17046075650276293,0.1134335032086824,0.05324637660009934,0.05702725329408054,0.05316197437269738,1.0015876428292572,1.072707587838729,0.31654279160508025,0.28340233482265664,0.393,0.326,0.296,True,999,0.00011266698129475117,0.0012819169787690043,weak_3x3_bal_strong_200_200,weak_null,True,259,826020113,-4.9960036108132044e-14,0,0
200,200,0.15904269068723131,0.0670494938500204,0.14835613924677205,0.05546496609892415,0.09199319683721091,0.0928911731478479,0.04622542776325359,1.9900994168914954,2.0095254417892208,0.04657998503717348,0.04448143932721797,0.137,0.054,0.052,True,999,0.00011712498962879181,0.0012924170587211847,weak_3x3_bal_strong_200_200,weak_null,True,260,826020113,-4.9960036108132044e-14,0,1
200,200,0.09495468620432401,0.04067172365554722,0.08457842449189457,0.034294784568800196,0.05428296254877679,0.05028363992309437,0.0374619347749977,1.449016525035582,1.3422595556023964,0.1473329677584267,0.17951185217875565,0.315,0.155,0.188,True,999,0.00011899997480213642,0.0013289999915286899,weak_3x3_bal_strong_200_200,weak_null,True,261,826020113,-4.9960036108132044e-14,0,2
200,200,0.0798559559315215,0.047772259383768945,0.06949120843188439,0.03410483648508489,0.03208369654775256,0.0353863719467995,0.03943203133144172,0.8136455430884725,0.8974016998861443,0.4158480394324443,0.36950460581264954,0.564,0.409,0.362,True,999,0.00012254202738404274,0.0013147920835763216,weak_3x3_bal_strong_200_200,weak_null,True,262,826020113,-4.9960036108132044e-14,0,1
200,200,0.1312329889537902,0.05729656358584706,0.12077840168635134,0.043875413936099505,0.07393642536794315,0.07690298775025184,0.04310751549574036,1.715163226589784,1.7839809802504383,0.0863153048828355,0.07442675579109839,0.204,0.089,0.074,True,999,0.00011875003110617399,0.0013419589959084988,weak_3x3_bal_strong_200_200,weak_null,True,263,826020113,-4.9960036108132044e-14,0,1
200,200,0.13044683000149004,0.08909868727402137,0.12002733689124057,0.07761239681694576,0.04134814272746867,0.042414940074294805,0.04784875746226998,0.8641424546932652,0.8864376490390605,0.3875096394355908,0.37538173897962845,0.496,0.407,0.392,True,999,0.00011741707567125559,0.001318583032116294,weak_3x3_bal_strong_200_200,weak_null,True,264,826020113,-4.9960036108132044e-14,0,1
200,200,0.14840472547474493,0.051987891174740675,0.13791049689913848,0.03527859383689247,0.09641683430000425,0.10263190306224601,0.043695886095446085,2.2065426042487934,2.3487772473148714,0.02734603061853893,0.018835171036703742,0.091,0.033,0.025,True,999,0.00011675001587718725,0.001322499942034483,weak_3x3_bal_strong_200_200,weak_null,True,265,826020113,-4.9960036108132044e-14,0,0
200,200,0.17058494880005592,0.08816611883028141,0.1601418426945429,0.07489471824865745,0.08241882996977451,0.08524712444588545,0.050658551868469646,1.6269480064050696,1.6827785497544798,0.10374814090352538,0.09241796897596381,0.196,0.126,0.101,True,999,0.00011879194062203169,0.0013305830070748925,weak_3x3_bal_strong_200_200,weak_null,True,266,826020113,-4.9960036108132044e-14,0,1
200,200,0.12629498055341348,0.050910095351499374,0.11584566665533202,0.0394010353404326,0.07538488520191411,0.07644463131489942,0.04137552763203069,1.821967948598563,1.8475808210774367,0.06845984904556279,0.06466300631100677,0.194,0.074,0.067,True,999,0.0001396250445395708,0.0013423329219222069,weak_3x3_bal_strong_200_200,weak_null,True,267,826020113,-4.9960036108132044e-14,0,1
200,200,0.0818732558121984,0.12652074962351867,0.07143111403294711,0.12316395120014079,-0.04464749381132027,-0.05173283716719368,0.04682423306660654,-0.9535125486798706,-1.1048304217520177,0.34033044121274136,0.26923307581841993,0.467,0.378,0.314,True,999,0.00011691695544868708,0.0013829999370500445,weak_3x3_bal_strong_200_200,weak_null,True,268,826020113,-4.9960036108132044e-14,0,3
200,200,0.09694436951911811,0.18446938037874794,0.08654282380126688,0.17894778335593742,-0.08752501085962983,-0.09240495955467054,0.05323969012292024,-1.6439804712903352,-1.735640446841918,0.10018023631153247,0.08262742955752048,0.181,0.121,0.097,True,999,0.00012125005014240742,0.001316542038694024,weak_3x3_bal_strong_200_200,weak_null,True,269,826020113,-4.9960036108132044e-14,0,3
200,200,0.11111045307316392,0.1211779914467489,0.10053146627211618,0.1046222586245733,-0.010067538373584983,-0.004090792352457129,0.048181503305478504,-0.20895027516586948,-0.08490379236448571,0.834487056375068,0.9323378768058034,0.851,0.831,0.936,True,999,0.00011691602412611246,0.0013510420685634017,weak_3x3_bal_strong_200_200,weak_null,True,270,826020113,-4.9960036108132044e-14,0,0
200,200,0.08959854678550583,0.08604558836331694,0.07920861653894917,0.0724341349156532,0.00355295842218889,0.006774481623295969,0.04505325963972653,0.07886129551114665,0.15036607067876723,0.9371429490310221,0.8804758085624625,0.954,0.942,0.874,True,999,0.00011783302761614323,0.001319000031799078,weak_3x3_bal_strong_200_200,weak_null,True,271,826020113,-4.9960036108132044e-14,0,1
200,200,0.08352278073804031,0.032410434807480626,0.07315392116245789,0.024170680642427556,0.05111234593055969,0.048983240520030336,0.03517123913612452,1.4532426831121226,1.3927072722814435,0.1461563850459609,0.1637083285989689,0.357,0.147,0.163,True,999,0.00011854199692606926,0.0013233330100774765,weak_3x3_bal_strong_200_200,weak_null,True,272,826020113,-4.9960036108132044e-14,0,2
200,200,0.13035805908080178,0.1400683474916392,0.1199036892589902,0.13671536504391213,-0.009710288410837431,-0.01681167578492193,0.05443902094084804,-0.17837000451180718,-0.30881664464886394,0.8584324044667101,0.7574610070062635,0.892,0.87,0.777,True,999,0.0001205001026391983,0.001329416991211474,weak_3x3_bal_strong_200_200,weak_null,True,273,826020113,-4.9960036108132044e-14,0,3
200,200,0.061038761056940505,0.1173258556437502,0.05070480649351339,0.10905763278113056,-0.056287094586809694,-0.05835282628761718,0.04628842892478271,-1.216007885648366,-1.2606352741511004,0.22398191808367285,0.20744028367748446,0.302,0.206,0.195,True,999,0.00012733298353850842,0.00135441601742059,weak_3x3_bal_strong_200_200,weak_null,True,274,826020113,-4.9960036108132044e-14,0,2
200,200,0.09205343078241279,0.11377430265439176,0.08164645294471029,0.10230789489837377,-0.021720871871978964,-0.020661441953663484,0.04869980120866136,-0.4460156167560672,-0.42426132018766444,0.6555859652453069,0.6713752447977689,0.704,0.661,0.676,True,999,0.00012025004252791405,0.0012602090137079358,weak_3x3_bal_strong_200_200,weak_null,True,275,826020113,-4.9960036108132044e-14,0,1
200,200,0.11562026401218772,0.15351947246820719,0.10522098838350757,0.14038856531637123,-0.03789920845601946,-0.03516757693286365,0.05204079813554267,-0.728259554307934,-0.6757693615933421,0.4664547159967206,0.49918709002908457,0.541,0.497,0.525,True,999,0.00011495803482830524,0.0012569170212373137,weak_3x3_bal_strong_200_200,weak_null,True,276,826020113,-4.9960036108132044e-14,0,1
200,200,0.1371567874436428,0.12589435727168924,0.12670546427301588,0.11140496015865153,0.011262430171953552,0.015300504114364344,0.0528086893292766,0.21326850400942968,0.28973459308867755,0.8311175385817011,0.7720192894354795,0.82,0.788,0.739,True,999,0.00011224998161196709,0.0012424580054357648,weak_3x3_bal_strong_200_200,weak_null,True,277,826020113,-4.9960036108132044e-14,0,0
200,200,0.1064880524830536,0.04359253863077578,0.09609608433524386,0.030130143655227926,0.06289551385227782,0.06596594068001593,0.039901758679332044,1.5762591909227268,1.6532088525257003,0.11496608235406504,0.09828836544526318,0.305,0.141,0.115,True,999,0.0001140000531449914,0.001294290996156633,weak_3x3_bal_strong_200_200,weak_null,True,278,826020113,-4.9960036108132044e-14,0,1
200,200,0.12553605977351134,0.049869204474039475,0.11509817484366636,0.04335676966555724,0.07566685529947187,0.07174140517810912,0.040956447592481335,1.8474955653468972,1.7516510682747592,0.06467535025150449,0.07983382556272015,0.188,0.082,0.102,True,999,0.00011191703379154205,0.0013043329818174243,weak_3x3_bal_strong_200_200,weak_null,True,279,826020113,-4.9960036108132044e-14,0,2
200,200,0.07278334168660705,0.11889890464005659,0.06243847843725803,0.1126693283860618,-0.04611556295344954,-0.05023084994880378,0.04515654527897306,-1.0212376227754305,-1.112371410135167,0.30714187141188287,0.265978491853764,0.39,0.311,0.272,True,999,0.00011475000064820051,0.001320500043220818,weak_3x3_bal_strong_200_200,weak_null,True,280,826020113,-4.9960036108132044e-14,0,2
200,200,0.1320740764449686,0.10157354825466597,0.12165405195199241,0.08821220120735518,0.030500528190302634,0.033441850744637236,0.05122953738414664,0.595369971069488,0.6527845546187983,0.5515961935626854,0.513895182358982,0.618,0.554,0.507,True,999,0.00011429097503423691,0.0012523329351097345,weak_3x3_bal_strong_200_200,weak_null,True,281,826020113,-4.9960036108132044e-14,0,1
200,200,0.09134939454913438,0.14773669428015113,0.08099045414783745,0.13356453635066146,-0.05638729973101675,-0.052574082202824,0.049926727474808766,-1.1294010759961737,-1.0530247997798574,0.25872867915235453,0.2923296260853102,0.378,0.291,0.332,True,999,0.00011158396955579519,0.0012926670024171472,weak_3x3_bal_strong_200_200,weak_null,True,282,826020113,-4.9960036108132044e-14,0,0
200,200,0.08764917396585625,0.0896239688968935,0.07726940808188942,0.08097971988983232,-0.0019747949310372492,-0.003710311807942901,0.04402106535372494,-0.044860225784384554,-0.08428491628108552,0.9642187201337864,0.9328299047900355,0.971,0.96,0.927,True,999,0.00011349993292242289,0.0012517920695245266,weak_3x3_bal_strong_200_200,weak_null,True,283,826020113,-4.9960036108132044e-14,0,2
200,200,0.11721379210747163,0.17532810248027203,0.10678841217162471,0.16349104832757178,-0.058114310372800404,-0.05670263615594706,0.05586540656983386,-1.0402557493277227,-1.0149865478033644,0.29822109685804465,0.3101122399803724,0.366,0.316,0.33,True,999,0.00011091690976172686,0.001304166973568499,weak_3x3_bal_strong_200_200,weak_null,True,284,826020113,-4.9960036108132044e-14,0,1
200,200,0.07959433386981263,0.05461168026840302,0.06921125363265901,0.04302225667679238,0.02498265360140961,0.026188996955866628,0.038670902702488755,0.6460323358265385,0.67722745334779,0.5182584142636448,0.4982616517930877,0.676,0.519,0.496,True,999,0.00011124997399747372,0.0013063750229775906,weak_3x3_bal_strong_200_200,weak_null,True,285,826020113,-4.9960036108132044e-14,0,1
200,200,0.12405184784662748,0.10174533323833679,0.11364310437821246,0.09120294243003002,0.022306514608290695,0.022440161948182435,0.05149974280582121,0.43313836910597747,0.4357334760445821,0.664914249597289,0.6630301145409372,0.712,0.66,0.654,True,999,0.00011529203038662672,0.0012950410600751638,weak_3x3_bal_strong_200_200,weak_null,True,286,826020113,-4.9960036108132044e-14,0,2
200,200,0.050487756451687904,0.1453990832452713,0.04015855134153412,0.12673659740015353,-0.09491132679358338,-0.0865780460586194,0.04724366743394076,-2.0089745768847163,-1.8325852068889146,0.044539829960177954,0.06686427973826682,0.088,0.05,0.073,True,999,0.00011445803102105856,0.0012409581104293466,weak_3x3_bal_strong_200_200,weak_null,True,287,826020113,-4.9960036108132044e-14,0,0
200,200,0.07355442322862471,0.08569735337745127,0.06322268861566727,0.07132520655585495,-0.012142930148826558,-0.008102517940187681,0.04257828362274106,-0.28519069148999276,-0.1902969601118474,0.775498051489034,0.8490764356084469,0.819,0.769,0.84,True,999,0.00011141702998429537,0.0012732920004054904,weak_3x3_bal_strong_200_200,weak_null,True,288,826020113,-4.9960036108132044e-14,0,0
200,200,0.086193618608847,0.18561325771818815,0.07579463249851415,0.17406108146479937,-0.09941963910934115,-0.09826644896628522,0.05144481112648632,-1.9325494045434453,-1.910133341235902,0.05329173036538523,0.056116047110996256,0.098,0.052,0.054,True,999,0.00011037499643862247,0.0013194159837439656,weak_3x3_bal_strong_200_200,weak_null,True,289,826020113,-4.9960036108132044e-14,0,1
200,200,0.08724848211136793,0.14170766307935917,0.07689087370027892,0.1304539528375699,-0.05445918096799124,-0.05356307913729097,0.048961329627303804,-1.1122896657941557,-1.0939874293654996,0.26601362572363707,0.2739604914980245,0.328,0.25,0.261,True,999,0.00011429202277213335,0.0012831250205636024,weak_3x3_bal_strong_200_200,weak_null,True,290,826020113,-4.9960036108132044e-14,0,1
200,200,0.14201533340579964,0.13533035786924236,0.13154308241558965,0.12194599421191299,0.0066849755365572805,0.009597088203676662,0.052062731480225576,0.12840232055623824,0.1843370090430584,0.8978305948215979,0.8537490823443084,0.913,0.903,0.862,True,999,0.00012191699352115393,0.0012685410911217332,weak_3x3_bal_strong_200_200,weak_null,True,291,826020113,-4.9960036108132044e-14,0,1
200,200,0.0698078099217252,0.21707634025226086,0.05946667852003884,0.1966597487418511,-0.14726853033053566,-0.13719307022181226,0.053018427996681584,-2.777685719760555,-2.587648774316718,0.005474754310285591,0.009663345592492668,0.009,0.008,0.011,True,999,0.00011391693260520697,0.0012816250091418624,weak_3x3_bal_strong_200_200,weak_null,True,292,826020113,-4.9960036108132044e-14,0,0
200,200,0.10461511926510902,0.173038862161558,0.09411719912770877,0.1617638338108378,-0.06842374289644898,-0.06764663468312904,0.053141672315945424,-1.28757225571763,-1.2729489256745,0.19789490230381301,0.20303616624835297,0.245,0.202,0.209,True,999,0.00011366605758666992,0.0012720829108729959,weak_3x3_bal_strong_200_200,weak_null,True,293,826020113,-4.9960036108132044e-14,0,1
200,200,0.10882549780655149,0.10073238991837652,0.09834861035545828,0.09523504850051268,0.008093107888174966,0.0031135618549456012,0.04701831259284963,0.17212671918400016,0.0662201955631028,0.8633379073757362,0.9472025183290843,0.917,0.885,0.963,True,999,0.00012341700494289398,0.0013022919883951545,weak_3x3_bal_strong_200_200,weak_null,True,294,826020113,-4.9960036108132044e-14,0,3
200,200,0.17216689008247354,0.16679036666542107,0.16164594898060614,0.14829545609605077,0.00537652341705247,0.013350492884555365,0.056600176461808496,0.09499128365227501,0.23587369720593956,0.9243217502517014,0.8135306790166251,0.934,0.925,0.814,True,999,0.00011799996718764305,0.001309207989834249,weak_3x3_bal_strong_200_200,weak_null,True,295,826020113,-4.9960036108132044e-14,0,0
200,200,0.10127661489326334,0.05918044322598587,0.09087306211452528,0.038700577798806535,0.04209617166727747,0.05217248431571875,0.041151984253086006,1.0229439097853625,1.2677999679154306,0.3063343667445838,0.20486939365778678,0.455,0.327,0.233,True,999,0.0001231660135090351,0.0013888750690966845,weak_3x3_bal_strong_200_200,weak_null,True,296,826020113,-4.9960036108132044e-14,0,0
200,200,0.14261039891235727,0.059520370973575876,0.1321665756458117,0.04797356583847545,0.0830900279387814,0.08419300980733624,0.04533916461749197,1.832632529509047,1.8569598826453533,0.06685723719458214,0.06331686186428884,0.139,0.051,0.046,True,999,0.00011612498201429844,0.0012790840119123459,weak_3x3_bal_strong_200_200,weak_null,True,297,826020113,-4.9960036108132044e-14,0,1
200,200,0.13591126499302164,0.12451084549224112,0.12546929688369346,0.11099194881178676,0.011400419500780523,0.014477348071906704,0.05164610389887695,0.22074113321505412,0.28031830049084333,0.82529400169041,0.7792333116322813,0.842,0.82,0.778,True,999,0.00014829193241894245,0.0012512499233707786,weak_3x3_bal_strong_200_200,weak_null,True,298,826020113,-4.9960036108132044e-14,0,1
200,200,0.06793190377027036,0.1408076792937269,0.05754683047715048,0.1255670662288253,-0.07287577552345653,-0.06802023575167482,0.04890654639412196,-1.4901026732939666,-1.3908206726257433,0.13619724140491055,0.16427981270536884,0.178,0.132,0.162,True,999,0.00011087500024586916,0.001284708036109805,weak_3x3_bal_strong_200_200,weak_null,True,299,826020113,-4.9960036108132044e-14,0,1
200,200,0.12153581510845135,0.16190872817893875,0.11105241245050479,0.148738683541481,-0.040372913070487404,-0.03768627109097622,0.05367875823325982,-0.7521208462954346,-0.702070471287942,0.4519783886415861,0.4826352163196338,0.479,0.447,0.48,True,999,0.0001194999786093831,0.0012735419441014528,weak_3x3_bal_strong_200_200,weak_null,True,300,826020113,-4.9960036108132044e-14,0,1
200,200,0.11162570346895806,0.036433505570427405,0.10120406324747933,0.025244889647453306,0.07519219789853065,0.07595917360002602,0.037935555230105486,1.9821035290623206,2.0023213879243595,0.047467654660694344,0.045250177163403224,0.182,0.046,0.043,True,999,0.00011891592293977737,0.001283082994632423,weak_3x3_bal_strong_200_200,weak_null,True,301,826020113,-4.9960036108132044e-14,0,1
200,200,0.07381826410615244,0.07868724064967181,0.06347083842408097,0.07341586966710878,-0.0048689765435193655,-0.009945031243027813,0.041252709728778904,-0.11802804168577193,-0.24107583013122444,0.906045439118954,0.8094963451597321,0.931,0.907,0.823,True,999,0.00011812499724328518,0.0013220829423516989,weak_3x3_bal_strong_200_200,weak_null,True,302,826020113,-4.9960036108132044e-14,0,3
200,200,0.15760061522948265,0.08995322154789887,0.147041711858094,0.07465550989857661,0.06764739368158379,0.0723862019595174,0.047738070099968534,1.4170533819218716,1.516320241013788,0.15646732080174416,0.12943839592214346,0.266,0.181,0.142,True,999,0.0001192090567201376,0.0013937919866293669,weak_3x3_bal_strong_200_200,weak_null,True,303,826020113,-4.9960036108132044e-14,0,1
200,200,0.09967120216478964,0.085107040533768,0.08926289263746412,0.07347111407764828,0.014564161631021644,0.01579177855981584,0.043885273064243946,0.33186899873452014,0.35984232197206906,0.7399881803848439,0.7189650518840157,0.781,0.728,0.707,True,999,0.00012999994214624166,0.0012512080138549209,weak_3x3_bal_strong_200_200,weak_null,True,304,826020113,-4.9960036108132044e-14,0,1
200,200,0.09510647740386702,0.12931710488963066,0.08472702889113748,0.11753058651555648,-0.034210627485763645,-0.032803557624419,0.04743232986723068,-0.7212512558738667,-0.691586471004913,0.4707549412882629,0.48919706021286335,0.569,0.474,0.493,True,999,0.00011324998922646046,0.0012719589285552502,weak_3x3_bal_strong_200_200,weak_null,True,305,826020113,-4.9960036108132044e-14,0,1
200,200,0.0841267148867928,0.12366297658066078,0.07374171176326172,0.11756385722304685,-0.03953626169386798,-0.04382214545978513,0.04703994914737102,-0.8404826623006159,-0.9315942354124392,0.40063781860673686,0.3515462633766998,0.505,0.422,0.362,True,999,0.0001218749675899744,0.0012780000688508153,weak_3x3_bal_strong_200_200,weak_null,True,306,826020113,-4.9960036108132044e-14,0,2
200,200,0.1445137204162119,0.11421872357268137,0.13405458847293517,0.09559525272857172,0.03029499684353054,0.03845933574436344,0.05154286503942389,0.5877631524820871,0.7461621645391041,0.556691279885623,0.45556946067842985,0.62,0.553,0.459,True,999,0.00011850008741021156,0.0012922080932185054,weak_3x3_bal_strong_200_200,weak_null,True,307,826020113,-4.9960036108132044e-14,0,0
200,200,0.10313934973068561,0.11114881834581081,0.09262605163451099,0.09503434882290662,-0.008009468615125193,-0.002408297188395636,0.04601378997321904,-0.1740667008691713,-0.05233859653371987,0.8618130425120962,0.9582588998599323,0.886,0.861,0.958,True,999,0.00012437498662620783,0.0013380410382524133,weak_3x3_bal_strong_200_200,weak_null,True,308,826020113,-4.9960036108132044e-14,0,0
200,200,0.06767739232160341,0.20360518096038416,0.05731270574364089,0.19534089637791396,-0.13592778863878074,-0.13802819063427307,0.05154237188086585,-2.6372047633539624,-2.6779557400522633,0.008359235578293525,0.007407300568906516,0.02,0.01,0.009,True,999,0.00011808308772742748,0.0013209161115810275,weak_3x3_bal_strong_200_200,weak_null,True,309,826020113,-4.9960036108132044e-14,0,2
200,200,0.10322509843375971,0.18507482617185672,0.092834312481898,0.16892416624492057,-0.08184972773809701,-0.07608985376302257,0.053160185787819544,-1.5396809948104249,-1.431331599681069,0.12363813165933127,0.15233520160031533,0.163,0.122,0.149,True,999,0.00011750007979571819,0.0013279170962050557,weak_3x3_bal_strong_200_200,weak_null,True,310,826020113,-4.9960036108132044e-14,0,0
200,200,0.12926447980405098,0.08694301254420361,0.11884116971336312,0.07853066546955745,0.04232146725984737,0.04031050424380567,0.047210842698473456,0.8964353280060349,0.8538399642908533,0.3700203062033173,0.3931936677503468,0.493,0.39,0.415,True,999,0.00012429198250174522,0.0012755000498145819,weak_3x3_bal_strong_200_200,weak_null,True,311,826020113,-4.9960036108132044e-14,0,2
200,200,0.08911889040349852,0.13859540072057375,0.07872943625545759,0.13282320961037897,-0.04947651031707523,-0.05409377335492138,0.046113852117171415,-1.072920782921357,-1.1730482462725877,0.28330666038660346,0.24077645875057463,0.39,0.296,0.247,True,999,0.0001129580195993185,0.0012497500283643603,weak_3x3_bal_strong_200_200,weak_null,True,312,826020113,-4.9960036108132044e-14,0,2
200,200,0.15673870808544788,0.08115331970837714,0.14615074718929577,0.06599053154022272,0.07558538837707074,0.08016021564907305,0.04824384175808853,1.5667365123217647,1.6615636882946503,0.11717629255844153,0.09660028912465525,0.214,0.126,0.105,True,999,0.00011312495917081833,0.001299499999731779,weak_3x3_bal_strong_200_200,weak_null,True,313,826020113,-4.9960036108132044e-14,0,1
200,200,0.09325292027549703,0.11396365830769928,0.08287096897993251,0.10582703436858765,-0.020710738032202247,-0.022956065388655134,0.047746086025078974,-0.43376828880431756,-0.48079470590735535,0.6644567115301814,0.6306624132557137,0.713,0.659,0.622,True,999,0.00013020902406424284,0.0013042089994996786,weak_3x3_bal_strong_200_200,weak_null,True,314,826020113,-4.9960036108132044e-14,0,2
200,200,0.10391293729381545,0.07538979265748957,0.093508654146774,0.059345041326551495,0.02852314463632588,0.03416361282022251,0.0435389146310121,0.6551184125294957,0.7846684537213588,0.5123915182030521,0.43264798332644105,0.627,0.524,0.46,True,999,0.0001178329112008214,0.0013065410312265158,weak_3x3_bal_strong_200_200,weak_null,True,315,826020113,-4.9960036108132044e-14,0,0
200,200,0.11285579841274251,0.04635261254357986,0.1024741418905819,0.03386018955085035,0.06650318586916265,0.06861395233973155,0.03904896617280406,1.703071614620089,1.7571259642596695,0.08855466722852388,0.07889634102388614,0.193,0.075,0.065,True,999,0.00011799996718764305,0.0012877089902758598,weak_3x3_bal_strong_200_200,weak_null,True,316,826020113,-4.9960036108132044e-14,0,0
200,200,0.1255302835441361,0.036369051052022816,0.11509756274793403,0.023190138908972813,0.08916123249211327,0.09190742383896122,0.039551494890117334,2.254307523390016,2.3237408369595145,0.024176828367219225,0.020139388347594277,0.105,0.029,0.022,True,999,0.00011749996338039637,0.0013126670382916927,weak_3x3_bal_strong_200_200,weak_null,True,317,826020113,-4.9960036108132044e-14,0,1
200,200,0.09885142451750517,0.07507601710835349,0.08842908575152819,0.06487782544165555,0.023775407409151683,0.023551260309872646,0.044878353068832005,0.5297745078275542,0.5247799595887797,0.5962682818462675,0.5997361645006497,0.683,0.596,0.601,True,999,0.00011687504593282938,0.0013015000149607658,weak_3x3_bal_strong_200_200,weak_null,True,318,826020113,-4.9960036108132044e-14,0,2
200,200,0.12146374622214129,0.07517160156877661,0.11088795056900835,0.062079008339395614,0.046292144653364675,0.04880894222961274,0.04450254663802193,1.0402133844136856,1.0967673968552516,0.2982407745418296,0.27274308581353757,0.429,0.308,0.282,True,999,0.00011679204180836678,0.0013377920258790255,weak_3x3_bal_strong_200_200,weak_null,True,319,826020113,-4.9960036108132044e-14,0,1
200,200,0.09190962113712153,0.14446007021549223,0.08152332618917058,0.1332226937142309,-0.0525504490783707,-0.051699367525060325,0.04941149078263118,-1.063526889110638,-1.0463025240929054,0.287543077823031,0.295421380428859,0.344,0.283,0.29,True,999,0.00012183305807411671,0.0013464579824358225,weak_3x3_bal_strong_200_200,weak_null,True,320,826020113,-4.9960036108132044e-14,0,1
200,200,0.10797308169240338,0.14598741992158915,0.09759129372471875,0.13664811196841242,-0.03801433822918576,-0.03905681824369367,0.050775690367092834,-0.7486720112391113,-0.7692030962321679,0.4540549172056385,0.4417727526531665,0.531,0.47,0.456,True,999,0.00011274998541921377,0.0013195000356063247,weak_3x3_bal_strong_200_200,weak_null,True,321,826020113,-4.9960036108132044e-14,0,1
200,200,0.08816712374711244,0.05292069148130435,0.07781124610806955,0.03956063505825824,0.03524643226580809,0.03825061104981131,0.04027313964408781,0.8751846162801551,0.9497797139197364,0.38147346225499335,0.34222419567632134,0.536,0.372,0.341,True,999,0.00011629203800112009,0.001255583018064499,weak_3x3_bal_strong_200_200,weak_null,True,322,826020113,-4.9960036108132044e-14,0,1
200,200,0.11373010283171658,0.13652133391979548,0.10328013206873266,0.11805510607648273,-0.0227912310880789,-0.014774974007750075,0.051569423368910426,-0.4419524128675639,-0.28650648082788993,0.6585236418248837,0.7744902304467094,0.711,0.662,0.788,True,999,0.00012287497520446777,0.001267957966774702,weak_3x3_bal_strong_200_200,weak_null,True,323,826020113,-4.9960036108132044e-14,0,0
200,200,0.0883838433110582,0.08992629511990125,0.07802785173808502,0.08097872634574799,-0.0015424518088430483,-0.0029508746076629677,0.04377718496446627,-0.035234147880797935,-0.06740667793185375,0.9718930330562467,0.9462579530616537,0.984,0.98,0.961,True,999,0.0001175830839201808,0.0012851250357925892,weak_3x3_bal_strong_200_200,weak_null,True,324,826020113,-4.9960036108132044e-14,0,1
200,200,0.10778722020218012,0.0982045101247358,0.09737289751660683,0.08340491502175951,0.009582710077444323,0.01396798249484732,0.04714235248639266,0.20327178369408508,0.2962937095444927,0.838922608471121,0.7670057894578763,0.876,0.847,0.788,True,999,0.00012083293404430151,0.0013071660650894046,weak_3x3_bal_strong_200_200,weak_null,True,325,826020113,-4.9960036108132044e-14,0,0
200,200,0.11044115864031268,0.07118989822442717,0.09963622482254664,0.06783933687002985,0.0392512604158855,0.031796887952516784,0.04442442980010753,0.8835512485472687,0.7157523033067679,0.37693850593491063,0.4741443085854431,0.531,0.368,0.483,True,999,0.00011675001587718725,0.001318124937824905,weak_3x3_bal_strong_200_200,weak_null,True,326,826020113,-4.9960036108132044e-14,0,3
200,200,0.07997241765584873,0.04080698223553325,0.06962190159657666,0.022383436727963613,0.039165435420315475,0.04723846486861305,0.03649692054736429,1.0731161652251755,1.2943137163396787,0.28321899891378177,0.19555708054418908,0.497,0.309,0.217,True,999,0.00014883303083479404,0.0012837499380111694,weak_3x3_bal_strong_200_200,weak_null,True,327,826020113,-4.9960036108132044e-14,0,0
200,200,0.16713206062365948,0.13996480141532097,0.15666535024325867,0.1234625271010259,0.027167259208338512,0.033202823142232774,0.053127567810002975,0.5113589860822388,0.6249641101767371,0.6090997083727077,0.5319946136399101,0.684,0.652,0.585,True,999,0.00011316698510199785,0.00128354097250849,weak_3x3_bal_strong_200_200,weak_null,True,328,826020113,-4.9960036108132044e-14,0,0
200,200,0.06322349433750807,0.03902627467113201,0.052870510228871126,0.0278526937288035,0.024197219666376057,0.025017816500067624,0.033473034588241676,0.7228869435959654,0.7474021046438323,0.4697493456481747,0.45482087535079263,0.614,0.458,0.444,True,999,0.00011816609185189009,0.0012492079986259341,weak_3x3_bal_strong_200_200,weak_null,True,329,826020113,-4.9960036108132044e-14,0,1
200,200,0.15830808444776134,0.14393435551537326,0.14769578007107498,0.13045761682684542,0.014373728932388086,0.017238163244229554,0.0537908511308168,0.267215123579879,0.3204664526000371,0.7893035324668988,0.748614757406022,0.824,0.811,0.771,True,999,0.00011429202277213335,0.001284208963625133,weak_3x3_bal_strong_200_200,weak_null,True,330,826020113,-4.9960036108132044e-14,0,1
200,200,0.11475455755521957,0.06851407463982206,0.1043601242353418,0.05516223387402874,0.04624048291539751,0.04919789036131306,0.045859323239518454,1.0083114980543497,1.0728001829498794,0.31330494483827764,0.2833607787134559,0.461,0.332,0.298,True,999,0.00014516699593514204,0.0013164159609004855,weak_3x3_bal_strong_200_200,weak_null,True,331,826020113,-4.9960036108132044e-14,0,1
200,200,0.1234128825499008,0.050919262899188245,0.1129806598626999,0.03650809981184011,0.07249361965071255,0.07647256005085978,0.04168780419309117,1.7389646937251437,1.834410843436398,0.08204097341181284,0.06659303121259204,0.237,0.08,0.069,True,999,0.00011799996718764305,0.0013324590399861336,weak_3x3_bal_strong_200_200,weak_null,True,332,826020113,-4.9960036108132044e-14,0,0
200,200,0.1534984675060571,0.13482403162899237,0.14287745089885107,0.12160768390523913,0.018674435877064743,0.021269766993611938,0.0540909152487409,0.3452416323737365,0.39322253830983284,0.7299127225204836,0.6941551245858494,0.748,0.722,0.685,True,999,0.0001230830093845725,0.0013121250085532665,weak_3x3_bal_strong_200_200,weak_null,True,333,826020113,-4.9960036108132044e-14,0,1
200,200,0.13048210940031235,0.1555425458449295,0.11986552873707979,0.145021407079426,-0.02506043644461714,-0.025155878342346227,0.05100087138095127,-0.4913727112116984,-0.4932440889969167,0.6231628613345088,0.6218401287990486,0.673,0.635,0.626,True,999,0.00011124997399747372,0.0013100840151309967,weak_3x3_bal_strong_200_200,weak_null,True,334,826020113,-4.9960036108132044e-14,0,2
200,200,0.12330380373017613,0.13478649096530582,0.11290506247010512,0.13184104387551798,-0.011482687235129685,-0.01893598140541286,0.04938840376672399,-0.23249763829918066,-0.38340946378532687,0.8161515213313355,0.701416187415248,0.837,0.808,0.698,True,999,0.00011075008660554886,0.001270083012059331,weak_3x3_bal_strong_200_200,weak_null,True,335,826020113,-4.9960036108132044e-14,0,3
200,200,0.06216923920014095,0.06844774700065409,0.051795371402050705,0.05882755036088838,-0.0062785078005131445,-0.007032178958837676,0.03887197923265765,-0.16151757447015613,-0.18090612049230842,0.8716857706585746,0.8564412646630564,0.918,0.887,0.872,True,999,0.00011650007218122482,0.0012435420649126172,weak_3x3_bal_strong_200_200,weak_null,True,336,826020113,-4.9960036108132044e-14,0,1
200,200,0.08720149927416854,0.19459324706750702,0.07682452438240261,0.1848538106119122,-0.10739174779333849,-0.10802928622950958,0.05345690967646489,-2.0089404427472757,-2.020866654719304,0.04454345024061221,0.04329357056120402,0.081,0.048,0.047,True,999,0.0001124159898608923,0.0012942919274792075,weak_3x3_bal_strong_200_200,weak_null,True,337,826020113,-4.9960036108132044e-14,0,1
200,200,0.11406302132601143,0.113480490723611,0.10365288994611888,0.10002208394313072,0.0005825306024004329,0.0036308060029881517,0.049846786072014475,0.011686422501921012,0.07283932002642389,0.9906757961534408,0.9419339811866202,0.99,0.99,0.937,True,999,0.00012250000145286322,0.0013299579732120037,weak_3x3_bal_strong_200_200,weak_null,True,338,826020113,-4.9960036108132044e-14,0,1
200,200,0.08902111295825854,0.06312233199833406,0.07856672159400091,0.05198341386632421,0.025898780959924483,0.026583307727676697,0.03969915392331496,0.6523761440848834,0.6696189994130972,0.5141585500093813,0.5031006992608253,0.639,0.523,0.508,True,999,0.00011162494774907827,0.0012529579689726233,weak_3x3_bal_strong_200_200,weak_null,True,339,826020113,-4.9960036108132044e-14,0,1
200,200,0.11963270533200565,0.15150122012879685,0.10922847234385813,0.14347561430862754,-0.0318685147967912,-0.03424714196476941,0.04895255616696688,-0.6510081861321888,-0.6995986450219189,0.5150412025503641,0.4841779889936535,0.586,0.514,0.479,True,999,0.00011175009422004223,0.0013004580978304148,weak_3x3_bal_strong_200_200,weak_null,True,340,826020113,-4.9960036108132044e-14,0,2
200,200,0.07541147514109747,0.11454747756857953,0.0650190045121235,0.0961048333711858,-0.03913600242748205,-0.031085828859062303,0.04563945368316948,-0.8575037444393048,-0.6811174619849988,0.3911665463075722,0.49579716873674795,0.481,0.403,0.489,True,999,0.00010999990627169609,0.0012965000933036208,weak_3x3_bal_strong_200_200,weak_null,True,341,826020113,-4.9960036108132044e-14,0,0
200,200,0.10381237910877661,0.1491906299832904,0.09344295470896213,0.13716285552557395,-0.045378250874513804,-0.04371990081661181,0.05390865106279727,-0.8417619432111824,-0.8109997181284178,0.3999212179841025,0.4173658326219385,0.454,0.389,0.405,True,999,0.0001165829598903656,0.0013274579541757703,weak_3x3_bal_strong_200_200,weak_null,True,342,826020113,-4.9960036108132044e-14,0,1
200,200,0.10120275379302468,0.1371011033118703,0.09084728509259321,0.1296944129664439,-0.03589834951884563,-0.038847127873850695,0.051291715167041986,-0.6998859250843006,-0.7573762691954647,0.4839985479726896,0.4488244692325677,0.531,0.468,0.432,True,999,0.00012029195204377174,0.0012679999927058816,weak_3x3_bal_strong_200_200,weak_null,True,343,826020113,-4.9960036108132044e-14,0,3
200,200,0.1271231547472691,0.11728217616495645,0.11653438766205682,0.1008085421661491,0.009840978582312643,0.01572584549590772,0.0496725587229746,0.19811700535090382,0.31659020393153586,0.8429535201883276,0.7515545698501388,0.88,0.854,0.779,True,999,0.00011875003110617399,0.0013163749827072024,weak_3x3_bal_strong_200_200,weak_null,True,344,826020113,-4.9960036108132044e-14,0,0
200,200,0.12331070215903916,0.10381559309628235,0.11280190311268257,0.09360713876755256,0.01949510906275681,0.01919476434513001,0.050025839529562174,0.38970078755472776,0.383696995905228,0.6967578140835261,0.7012030394323759,0.772,0.721,0.724,True,999,0.00011391600128263235,0.0012504999758675694,weak_3x3_bal_strong_200_200,weak_null,True,345,826020113,-4.9960036108132044e-14,0,2
200,200,0.07901442936209868,0.10399168916366647,0.06859558433399116,0.0903781549724414,-0.024977259801567786,-0.021782570638450238,0.04440573620838348,-0.5624782276856444,-0.49053506367354965,0.5737902336129856,0.6237553241891804,0.645,0.582,0.635,True,999,0.00011562497820705175,0.0012824999867007136,weak_3x3_bal_strong_200_200,weak_null,True,346,826020113,-4.9960036108132044e-14,0,1
200,200,0.1390227625866034,0.054560647174611954,0.12856519959782986,0.04624953246478469,0.08446211541199145,0.08231566713304517,0.044304752803779955,1.9063894969928683,1.8579421376665988,0.05659969038759093,0.06317723165180776,0.148,0.063,0.069,True,999,0.00011091702617704868,0.0012771670008078218,weak_3x3_bal_strong_200_200,weak_null,True,347,826020113,-4.9960036108132044e-14,0,2
200,200,0.09074107079801652,0.07147907617885801,0.08037447428461064,0.05974374641763802,0.019261994619158507,0.02063072786697262,0.04233552109349697,0.4549842336089087,0.48731484422762056,0.6491205816027805,0.6260352297499934,0.732,0.632,0.608,True,999,0.00011729099787771702,0.0012987919617444277,weak_3x3_bal_strong_200_200,weak_null,True,348,826020113,-4.9960036108132044e-14,0,1
200,200,0.13194170410604578,0.1292166750488581,0.12141265739649043,0.12320623052045221,0.002725029057187689,-0.001793573123961778,0.04977603066727962,0.0547458087890281,-0.0360328676255977,0.9563409739243076,0.9712561513880142,0.973,0.971,0.978,True,999,0.00014129094779491425,0.001329084043391049,weak_3x3_bal_strong_200_200,weak_null,True,349,826020113,-4.9960036108132044e-14,0,2
200,200,0.10199558502634432,0.10749992402593167,0.0916245765479573,0.10102865974084807,-0.005504338999587355,-0.009404083192890766,0.0484696236431579,-0.11356265194281867,-0.19402014057557618,0.9095844951917167,0.8461601116546529,0.928,0.915,0.85,True,999,0.00011641602031886578,0.0012974999845027924,weak_3x3_bal_strong_200_200,weak_null,True,350,826020113,-4.9960036108132044e-14,0,2
200,200,0.10464333256241587,0.1717020652656604,0.09418106278965865,0.15135064065560755,-0.06705873270324453,-0.057169577865948895,0.05205715530823614,-1.288175128014245,-1.09820787416142,0.19768500786574783,0.27211372865809247,0.247,0.207,0.268,True,999,0.00011170899961143732,0.0012882919982075691,weak_3x3_bal_strong_200_200,weak_null,True,351,826020113,-4.9960036108132044e-14,0,0
200,200,0.09648575213341548,0.12487715044032155,0.08608062929744165,0.11877870706820204,-0.028391398306906068,-0.03269807777076039,0.04709779847147256,-0.6028179496352238,-0.6942591550338776,0.5466298044417486,0.48751970092884866,0.618,0.548,0.499,True,999,0.00011833407916128635,0.0013229589676484466,weak_3x3_bal_strong_200_200,weak_null,True,352,826020113,-4.9960036108132044e-14,0,2
200,200,0.10132383702024006,0.031775309132133306,0.09082316709660176,0.021353646862685594,0.06954852788810675,0.06946952023391617,0.03746480572727847,1.8563696391322224,1.8542607891687204,0.06340088917315728,0.06370185895430668,0.246,0.066,0.064,True,999,0.00011745793744921684,0.001307833008468151,weak_3x3_bal_strong_200_200,weak_null,True,353,826020113,-4.9960036108132044e-14,0,2
200,200,0.13670501936623203,0.14378098471743261,0.12626675871166526,0.1351871819734498,-0.007075965351200586,-0.00892042326178455,0.05381328214198142,-0.1314910570318179,-0.16576619947188556,0.8953868606068413,0.8683409469695546,0.909,0.891,0.856,True,999,0.00011750007979571819,0.0013335839612409472,weak_3x3_bal_strong_200_200,weak_null,True,354,826020113,-4.9960036108132044e-14,0,2
200,200,0.0660628842085742,0.15879357955723794,0.0556727346276773,0.14240650172114044,-0.09273069534866374,-0.08673376709346314,0.05000563419095831,-1.8544049455417304,-1.7344798940505342,0.06368124780635631,0.08283297015673938,0.115,0.058,0.081,True,999,0.00011799996718764305,0.001312791951932013,weak_3x3_bal_strong_200_200,weak_null,True,355,826020113,-4.9960036108132044e-14,0,0
200,200,0.11455840803422546,0.05804231582799324,0.10410902007285472,0.04562525859731181,0.056516092206232216,0.058483761475542906,0.04329976873261006,1.3052285003007102,1.3506714513118734,0.19181505221147355,0.17680070128662806,0.32,0.206,0.182,True,999,0.0001106249401345849,0.0013430840335786343,weak_3x3_bal_strong_200_200,weak_null,True,356,826020113,-4.9960036108132044e-14,0,2
200,200,0.1387033088953744,0.20120194134066627,0.1280929941390525,0.1827306758938647,-0.06249863244529186,-0.054637681754812206,0.05418758131629008,-1.1533755692192755,-1.0083063393417564,0.2487562646731163,0.31330742061026273,0.306,0.275,0.338,True,999,0.00011129199992865324,0.0013450830010697246,weak_3x3_bal_strong_200_200,weak_null,True,357,826020113,-4.9960036108132044e-14,0,0
200,200,0.11974180491836517,0.09982580479532016,0.10930645286541107,0.09144515578127965,0.019916000123045008,0.017861297084131422,0.047901423785529335,0.4157705251563208,0.3728761208456436,0.6775779289425532,0.7092406452181941,0.725,0.674,0.702,True,999,0.00011533289216458797,0.0013177910586819053,weak_3x3_bal_strong_200_200,weak_null,True,358,826020113,-4.9960036108132044e-14,0,2
200,200,0.06719730564591253,0.18771391600447535,0.05685600913469102,0.17937519616808117,-0.12051661035856281,-0.12251918703339015,0.049054098006549716,-2.45681024126611,-2.4976340818055887,0.014017670818193164,0.012502517397943018,0.042,0.013,0.011,True,999,0.00011845806147903204,0.0013069580309092999,weak_3x3_bal_strong_200_200,weak_null,True,359,826020113,-4.9960036108132044e-14,0,2
200,200,0.07233388103752714,0.14878358284959126,0.06195430048322237,0.1341893609481275,-0.07644970181206412,-0.07223506046490513,0.04893317679059095,-1.5623286045627054,-1.47619805626016,0.1182105967293995,0.13989073120134057,0.172,0.119,0.138,True,999,0.00011691602412611246,0.0013455420266836882,weak_3x3_bal_strong_200_200,weak_null,True,360,826020113,-4.9960036108132044e-14,0,0
200,200,0.1276648405147458,0.1027308472850822,0.11722893183500105,0.0883568596769635,0.02493399322966361,0.028872072158037554,0.048216608621023546,0.5171245747630583,0.5987993138415934,0.6050691997158235,0.5493067199490701,0.671,0.613,0.561,True,999,0.00012441608123481274,0.0013422499177977443,weak_3x3_bal_strong_200_200,weak_null,True,361,826020113,-4.9960036108132044e-14,0,0
200,200,0.08711639524715031,0.0961814307089987,0.07676131929528651,0.08190222370802758,-0.009065035461848392,-0.005140904412741065,0.04601346384836412,-0.1970083254701694,-0.11172609020878649,0.843821022680513,0.9110405918477216,0.878,0.836,0.918,True,999,0.00012149999383836985,0.0012502919416874647,weak_3x3_bal_strong_200_200,weak_null,True,362,826020113,-4.9960036108132044e-14,0,0
200,200,0.06167011249373022,0.14405878626168278,0.05132898845710088,0.13564755065472411,-0.08238867376795256,-0.08431856219762324,0.04515124413209059,-1.8247265463366493,-1.867469298319845,0.06804230520099776,0.06183608034794277,0.106,0.061,0.059,True,999,0.0001152500044554472,0.001262374920770526,weak_3x3_bal_strong_200_200,weak_null,True,363,826020113,-4.9960036108132044e-14,0,2
200,200,0.09786501964022776,0.17523893369785098,0.08749534237281864,0.16173476112051333,-0.07737391405762323,-0.07423941874769469,0.05105453089138722,-1.5155151307183203,-1.4541200839868789,0.12964200151381158,0.14591301627076902,0.2,0.14,0.154,True,999,0.00011216697748750448,0.0012707499554380774,weak_3x3_bal_strong_200_200,weak_null,True,364,826020113,-4.9960036108132044e-14,0,1
200,200,0.1120380936867249,0.11216172474492703,0.10165697710519339,0.09598441322071949,-0.00012363105820212272,0.005672563884473902,0.048887776608618906,-0.002528874634489444,0.11603235569264629,0.9979822521235876,0.90762689884444,0.998,0.998,0.896,True,999,0.00011500006075948477,0.001321124960668385,weak_3x3_bal_strong_200_200,weak_null,True,365,826020113,-4.9960036108132044e-14,0,0
200,200,0.11945273007192814,0.10672857146155051,0.10904841146688682,0.09535951486229521,0.012724158610377623,0.013688896604591605,0.04872470364132812,0.2611438892279898,0.28094366063995374,0.7939815468845782,0.7787536123170236,0.848,0.819,0.792,True,999,0.00011591601651161909,0.0013173329643905163,weak_3x3_bal_strong_200_200,weak_null,True,366,826020113,-4.9960036108132044e-14,0,1
200,200,0.07993783934455778,0.15520616634346351,0.06955270215803466,0.13965709188444464,-0.07526832699890573,-0.07010438972640998,0.04870585594253287,-1.545365039631239,-1.4393421154352535,0.12225799162171508,0.1500536159032097,0.191,0.127,0.162,True,999,0.00011783302761614323,0.0013230000622570515,weak_3x3_bal_strong_200_200,weak_null,True,367,826020113,-4.9960036108132044e-14,0,1
200,200,0.13337467271084336,0.13460887664564214,0.1229308260166988,0.12139826694343014,-0.0012342039347987832,0.0015325590732686578,0.05354408289227291,-0.023050239506051836,0.028622379738057396,0.9816101982481801,0.9771657629452225,0.984,0.982,0.979,True,999,0.00011987495236098766,0.0012977089500054717,weak_3x3_bal_strong_200_200,weak_null,True,368,826020113,-4.9960036108132044e-14,0,1
200,200,0.09185467647208156,0.12051715133745333,0.08148506448767989,0.10591828549851812,-0.028662474865371768,-0.024433221010838224,0.048400100982393175,-0.5921986583416119,-0.5048175626684428,0.5537175677532076,0.613686979247467,0.62,0.554,0.606,True,999,0.00011708401143550873,0.0013194590574130416,weak_3x3_bal_strong_200_200,weak_null,True,369,826020113,-4.9960036108132044e-14,0,0
200,200,0.10839492268755913,0.17332412018934829,0.09800711263298467,0.1647750574884128,-0.06492919750178916,-0.06676794485542814,0.05051423516208569,-1.2853643590455244,-1.3217649369764575,0.19866498972059854,0.1862464374564642,0.286,0.204,0.194,True,999,0.00011662498582154512,0.0013027499662712216,weak_3x3_bal_strong_200_200,weak_null,True,370,826020113,-4.9960036108132044e-14,0,2
200,200,0.104986546335603,0.15047109799747116,0.0945472603606845,0.1350946959621524,-0.045484551661868156,-0.040547435601467896,0.05250172982602579,-0.8663438673847441,-0.7723066599106226,0.38630161658001316,0.43993282184191307,0.449,0.386,0.438,True,999,0.0001192920608446002,0.001250542001798749,weak_3x3_bal_strong_200_200,weak_null,True,371,826020113,-4.9960036108132044e-14,0,1
200,200,0.13353420020773377,0.10521204096005193,0.12306443539631573,0.08655028581955548,0.028322159247681833,0.036514149576760246,0.04943349121201053,0.5729346350678259,0.7386520490765711,0.5666889525374372,0.46011830987257984,0.656,0.602,0.491,True,999,0.00011300004553049803,0.001280625001527369,weak_3x3_bal_strong_200_200,weak_null,True,372,826020113,-4.9960036108132044e-14,0,0
200,200,0.10257200480864404,0.15547641397870765,0.09216576181114533,0.13992536973432834,-0.052904409170063615,-0.04775960792318301,0.05090395357407223,-1.0392986291935153,-0.9382298342246882,0.298665872181903,0.3481263094675874,0.384,0.329,0.378,True,999,0.00011491694021970034,0.0012917089043185115,weak_3x3_bal_strong_200_200,weak_null,True,373,826020113,-4.9960036108132044e-14,0,1
200,200,0.07344801706274673,0.025205665156551815,0.06306025339586085,0.0028836611153124636,0.048242351906194914,0.06017659228054839,0.03197474772901899,1.5087641133259702,1.8820036608431017,0.131359074674521,0.05983551858649974,0.38,0.144,0.066,True,999,0.00011154194362461567,0.0012552920961752534,weak_3x3_bal_strong_200_200,weak_null,True,374,826020113,-4.9960036108132044e-14,0,0
200,200,0.1433971823411302,0.1708501042437054,0.13256595696498152,0.15493687480973506,-0.0274529219025752,-0.022370917844753535,0.05430276007030253,-0.5055529749691092,-0.411966497021353,0.613170500651134,0.6803639797621781,0.638,0.607,0.684,True,999,0.00011775002349168062,0.0013165000127628446,weak_3x3_bal_strong_200_200,weak_null,True,375,826020113,-4.9960036108132044e-14,0,0
200,200,0.10589683523683924,0.08084492996936882,0.09553221324810579,0.07265236732182245,0.02505190526747042,0.022879845926283338,0.04462130062898645,0.5614337752225099,0.5127561412098409,0.5745018645362643,0.6081219129102458,0.702,0.607,0.651,True,999,0.00011479202657938004,0.0012909169308841228,weak_3x3_bal_strong_200_200,weak_null,True,376,826020113,-4.9960036108132044e-14,0,2
200,200,0.08316774421534712,0.11704469832209047,0.07275060495328489,0.10342560189377537,-0.03387695410674335,-0.030674996940490473,0.047425005712430676,-0.714326832392216,-0.6468106113996773,0.47502510394649045,0.5177545237848543,0.562,0.489,0.526,True,999,0.0001194169744849205,0.00129875005222857,weak_3x3_bal_strong_200_200,weak_null,True,377,826020113,-4.9960036108132044e-14,0,1
200,200,0.10555333318334226,0.14842714371111732,0.09511333506924302,0.13208471079489925,-0.04287381052777506,-0.03697137572565623,0.049473838255230065,-0.8665955996095109,-0.7472914378489292,0.3861636254138795,0.4548876597085555,0.452,0.388,0.458,True,999,0.0001128750154748559,0.0013119999784976244,weak_3x3_bal_strong_200_200,weak_null,True,378,826020113,-4.9960036108132044e-14,0,0
200,200,0.08376962539864552,0.05196641878578517,0.07339616546894945,0.04525400687076342,0.031803206612860346,0.02814215859818603,0.04031497099024964,0.7888683988028194,0.6980572702133989,0.4301889273216445,0.48514137904688903,0.571,0.437,0.493,True,999,0.00011741695925593376,0.0013058750191703439,weak_3x3_bal_strong_200_200,weak_null,True,379,826020113,-4.9960036108132044e-14,0,2
200,200,0.1144610829189543,0.12290063288830744,0.1039980612715965,0.1065552911871066,-0.008439549969353144,-0.0025572299155101064,0.04934127930548547,-0.17104440922785083,-0.05182739384760558,0.8641888465763528,0.9586662277447362,0.89,0.879,0.966,True,999,0.00011449994053691626,0.0012453340459614992,weak_3x3_bal_strong_200_200,weak_null,True,380,826020113,-4.9960036108132044e-14,0,0
200,200,0.10608782489001922,0.10873859248907902,0.09569356577125632,0.09735605967289018,-0.0026507675990598,-0.0016624939016338658,0.048288070200582844,-0.05489487544333062,-0.034428667261459524,0.9562222145285794,0.9725353238486405,0.969,0.962,0.974,True,999,0.0001106249401345849,0.0012797910021618009,weak_3x3_bal_strong_200_200,weak_null,True,381,826020113,-4.9960036108132044e-14,0,1
200,200,0.1355251108157267,0.07341626406653101,0.12502424374960697,0.061015106548666154,0.0621088467491957,0.06400913720094081,0.046554940088655926,1.3340978772804781,1.3749161115672441,0.18217178143751722,0.16915745367464974,0.307,0.199,0.186,True,999,0.0001103340182453394,0.0012995839351788163,weak_3x3_bal_strong_200_200,weak_null,True,382,826020113,-4.9960036108132044e-14,0,2
200,200,0.08718624891252613,0.12567730581429243,0.07682035330856252,0.11658223924440847,-0.038491056901766296,-0.03976188593584595,0.04681795057913476,-0.8221431400912391,-0.8492871952743386,0.4109954353149764,0.39572150417232976,0.455,0.398,0.384,True,999,0.00011487503070384264,0.0013185420539230108,weak_3x3_bal_strong_200_200,weak_null,True,383,826020113,-4.9960036108132044e-14,0,1
200,200,0.07173372746488638,0.12000381509313046,0.06139024055448772,0.10524177187988926,-0.048270087628244085,-0.04385153132540154,0.04619908651373972,-1.0448277503038603,-0.9491861124215083,0.2961025868135071,0.34252596351043907,0.391,0.301,0.352,True,999,0.00011812499724328518,0.0013194589409977198,weak_3x3_bal_strong_200_200,weak_null,True,384,826020113,-4.9960036108132044e-14,0,0
200,200,0.0982601571311803,0.0789293997366165,0.08788572434337993,0.06864991111054053,0.019330757394563802,0.019235813232839405,0.04592436084184899,0.42092599744901565,0.41885859444146245,0.6738091207149013,0.6753194791010257,0.748,0.682,0.681,True,999,0.00011383299715816975,0.001301333075389266,weak_3x3_bal_strong_200_200,weak_null,True,385,826020113,-4.9960036108132044e-14,0,2
200,200,0.13657953792838695,0.1457181415130573,0.12607482094676925,0.12704585274212832,-0.009138603584670335,-0.0009710317953590675,0.052717980584207444,-0.1733488931745606,-0.018419366307251085,0.8623771941774395,0.9853043029840409,0.871,0.859,0.984,True,999,0.00011712498962879181,0.0012577499728649855,weak_3x3_bal_strong_200_200,weak_null,True,386,826020113,-4.9960036108132044e-14,0,0
200,200,0.09975353117242913,0.08474589624758,0.08938318153079194,0.07322051669373764,0.015007634924849134,0.016162664837054308,0.04579447298399481,0.32771716643827975,0.3529392038795417,0.7431255226293038,0.7241340192513863,0.784,0.741,0.725,True,999,0.00011466594878584146,0.0012793330242857337,weak_3x3_bal_strong_200_200,weak_null,True,387,826020113,-4.9960036108132044e-14,0,1
200,200,0.07024748222978205,0.17318000231049213,0.05991037763857321,0.15953939673833872,-0.10293252008071008,-0.09962901909976551,0.051375188894087334,-2.0035453357244273,-1.9392438498894087,0.045118786555736846,0.05247165248551183,0.064,0.05,0.058,True,999,0.00011075008660554886,0.0012689169961959124,weak_3x3_bal_strong_200_200,weak_null,True,388,826020113,-4.9960036108132044e-14,0,1
200,200,0.041228578034261165,0.10804572467502377,0.03090802880453225,0.0943444321212965,-0.0668171466407626,-0.06343640331676426,0.04386141675224919,-1.5233695486440542,-1.446291707244301,0.12766627602674954,0.14809540073543268,0.214,0.131,0.143,True,999,0.00011437502689659595,0.0013050419511273503,weak_3x3_bal_strong_200_200,weak_null,True,389,826020113,-4.9960036108132044e-14,0,1
200,200,0.1582584442380368,0.12095663833992981,0.14773657412908392,0.10982830835880009,0.037301805898107,0.03790826577028383,0.050797529122717254,0.7343232346595613,0.7462620018132105,0.46275176037550847,0.45550916056334567,0.54,0.486,0.474,True,999,0.00011224998161196709,0.0013429999817162752,weak_3x3_bal_strong_200_200,weak_null,True,390,826020113,-4.9960036108132044e-14,0,1
200,200,0.07802946206379091,0.13004842090251545,0.06766507155566615,0.12023233145612267,-0.05201895883872454,-0.05256725990045652,0.04717553533058213,-1.1026681196981054,-1.1142906918192221,0.2701713161773889,0.2651544989304072,0.361,0.287,0.284,True,999,0.00011237501166760921,0.001311875064857304,weak_3x3_bal_strong_200_200,weak_null,True,391,826020113,-4.9960036108132044e-14,0,1
200,200,0.12589466537461935,0.15933840011637157,0.11544532441641309,0.15336192681871808,-0.03344373474175222,-0.03791660240230499,0.0536388190129141,-0.6234987152439038,-0.7068873457705356,0.5329568462581005,0.4796364884231289,0.562,0.513,0.454,True,999,0.00011575000826269388,0.0012598750181496143,weak_3x3_bal_strong_200_200,weak_null,True,392,826020113,-4.9960036108132044e-14,0,2
200,200,0.05089248112352829,0.10153114626486781,0.04056038685484964,0.09011888850511696,-0.05063866514133952,-0.04955850165026732,0.04269728162529683,-1.1859927192961546,-1.1606945398815607,0.23562517478224565,0.24576614311089928,0.376,0.234,0.248,True,999,0.00013137503992766142,0.0012689169961959124,weak_3x3_bal_strong_200_200,weak_null,True,393,826020113,-4.9960036108132044e-14,0,1
200,200,0.15742549064017064,0.0775643118416256,0.1468795839560073,0.06723414348170564,0.07986117879854504,0.07964544047430167,0.04795389064591165,1.665374336114554,1.6608754660262777,0.09583809626189375,0.09673846057261506,0.183,0.098,0.097,True,999,0.00011812499724328518,0.0012995409779250622,weak_3x3_bal_strong_200_200,weak_null,True,394,826020113,-4.9960036108132044e-14,0,2
200,200,0.0654778816767545,0.15866223691331593,0.05514864313477119,0.15315801156751263,-0.09318435523656143,-0.09800936843274144,0.04856814256797675,-1.918631232523235,-2.0179764605073367,0.05503102003189092,0.04359371294815314,0.085,0.05,0.033,True,999,0.00012004200834780931,0.0013308330671861768,weak_3x3_bal_strong_200_200,weak_null,True,395,826020113,-4.9960036108132044e-14,0,3
200,200,0.0963210435815991,0.12820689592918866,0.08588526894419601,0.12164498251167544,-0.03188585234758956,-0.03575971356747942,0.047369724588579874,-0.6731272479316199,-0.7549065120826257,0.5008663403515029,0.45030507817110976,0.588,0.506,0.451,True,999,0.00011770892888307571,0.001378666958771646,weak_3x3_bal_strong_200_200,weak_null,True,396,826020113,-4.9960036108132044e-14,0,2
200,200,0.12066737957115281,0.18070386735703636,0.11023547157148528,0.16514604276227374,-0.06003648778588355,-0.05491057119078846,0.05433852404060572,-1.1048604805868465,-1.010527469420319,0.26922004882614214,0.31224264560031056,0.291,0.263,0.294,True,999,0.00012574996799230576,0.0012659579515457153,weak_3x3_bal_strong_200_200,weak_null,True,397,826020113,-4.9960036108132044e-14,0,1
200,200,0.13197519773227295,0.08933913005718641,0.12154683206924233,0.08253717415601614,0.04263606767508654,0.03900965791322619,0.04642745038080991,0.9183374776209877,0.8402283044461611,0.3584422122283145,0.4007803913186536,0.475,0.375,0.415,True,999,0.00011195801198482513,0.0013079579221084714,weak_3x3_bal_strong_200_200,weak_null,True,398,826020113,-4.9960036108132044e-14,0,2
200,200,0.13425941641166195,0.12040321501096218,0.12373632675900126,0.10923415605755338,0.013856201400699764,0.01450217070144788,0.050296625535684696,0.27548968252092776,0.28833287615207526,0.7829400514271161,0.7730919436926078,0.815,0.782,0.769,True,999,0.0001157090300694108,0.0013127920683473349,weak_3x3_bal_strong_200_200,weak_null,True,399,826020113,-4.9960036108132044e-14,0,1
200,200,0.12430902391233012,0.11118108634181789,0.11389577719734234,0.09316688794601191,0.013127937570512227,0.02072888925133043,0.04860142098450375,0.2701142745332073,0.4265078845727515,0.7870723406682332,0.6697378039662717,0.814,0.782,0.667,True,999,0.00011166604235768318,0.0013143749674782157,weak_3x3_bal_strong_200_200,weak_null,True,400,826020113,-4.9960036108132044e-14,0,0
200,200,0.13290234157295755,0.2005920787371977,0.12239783762396428,0.194113974127319,-0.06768973716424015,-0.07171613650335473,0.05603573465860847,-1.2079744751564765,-1.2798286118720024,0.22705708061066643,0.20060541884447003,0.282,0.224,0.201,True,999,0.00011491694021970034,0.0013812918914481997,weak_3x3_bal_strong_200_200,weak_null,True,401,826020113,-4.9960036108132044e-14,0,2
200,200,0.09667251555181666,0.14373148535557045,0.08620792777122688,0.1273889540088362,-0.04705896980375379,-0.04118102623760933,0.05005899511838536,-0.9400702050143684,-0.822649878213089,0.34718155072366863,0.4107071256927137,0.436,0.36,0.421,True,999,0.000133083900436759,0.0012629160191863775,weak_3x3_bal_strong_200_200,weak_null,True,402,826020113,-4.9960036108132044e-14,0,0
200,200,0.09631509585614051,0.12813517103061905,0.08596304422050594,0.11484263702935493,-0.031820075174478546,-0.028879592808848997,0.050516677143759514,-0.6298924825147447,-0.5716843316250579,0.5287649316437851,0.567535851235171,0.576,0.517,0.556,True,999,0.00011062505654990673,0.0012402500724419951,weak_3x3_bal_strong_200_200,weak_null,True,403,826020113,-4.9960036108132044e-14,0,1
200,200,0.11136102913358026,0.13345137893834436,0.1009555908647144,0.11505835819650656,-0.022090349804764098,-0.014102767331792165,0.05088756950392966,-0.43410109816815334,-0.27713580092881257,0.6642150280759449,0.781675832839688,0.713,0.659,0.778,True,999,0.00010920793283730745,0.0012807919410988688,weak_3x3_bal_strong_200_200,weak_null,True,404,826020113,-4.9960036108132044e-14,0,0
200,200,0.09684565120689714,0.15367682861343512,0.08646773208181457,0.1331071014456029,-0.05683117740653798,-0.04663936936378832,0.05174866855936958,-1.0982152582599762,-0.9012670405284046,0.27211050504383716,0.3674463535903669,0.364,0.294,0.378,True,999,0.00010891701094806194,0.001270791981369257,weak_3x3_bal_strong_200_200,weak_null,True,405,826020113,-4.9960036108132044e-14,0,0
200,200,0.08768877456639523,0.07678564619119793,0.07729484706101175,0.05812212250138771,0.010903128375197302,0.019172724559624044,0.04312933556886831,0.25280074991619894,0.44454022550403793,0.8004221881714234,0.6566520529227255,0.839,0.791,0.663,True,999,0.0001116250641644001,0.0012406249297782779,weak_3x3_bal_strong_200_200,weak_null,True,406,826020113,-4.9960036108132044e-14,0,0
200,200,0.12977422849927334,0.08832756651993562,0.11938014709213007,0.0749757015816499,0.04144666197933772,0.04440444551048017,0.04735972988771174,0.8751456580855993,0.9375992138418348,0.3814946567350991,0.34845041555345113,0.507,0.402,0.376,True,999,0.00011133402585983276,0.001284541911445558,weak_3x3_bal_strong_200_200,weak_null,True,407,826020113,-4.9960036108132044e-14,0,1
200,200,0.08817755125817617,0.11594972012356658,0.07779662801434029,0.11304395046602167,-0.027772168865390412,-0.035247322451681384,0.04563948054717717,-0.6085119403732595,-0.7722989400645458,0.5428479891077447,0.4399373930488294,0.624,0.56,0.463,True,999,0.0001287920167669654,0.0013514170423150063,weak_3x3_bal_strong_200_200,weak_null,True,408,826020113,-4.9960036108132044e-14,0,3
200,200,0.10418543883095199,0.08247953570462996,0.09380756776474186,0.06923598121176866,0.021705903126322035,0.0245715865529732,0.044494885900698396,0.48782916703650514,0.5522339490387933,0.6256708500303281,0.5807880775830605,0.708,0.642,0.6,True,999,0.00011366698890924454,0.0012528749648481607,weak_3x3_bal_strong_200_200,weak_null,True,409,826020113,-4.9960036108132044e-14,0,1
200,200,0.08601274074231635,0.16522253985842678,0.07562463155682053,0.15181026651735863,-0.07920979911611042,-0.0761856349605381,0.05002409618982506,-1.583432888333158,-1.5229787395146244,0.11332283184152724,0.12776402456061461,0.178,0.116,0.129,True,999,0.0001112079480662942,0.0012889590580016375,weak_3x3_bal_strong_200_200,weak_null,True,410,826020113,-4.9960036108132044e-14,0,1
200,200,0.14386259043432092,0.14601171145961833,0.13341946334827526,0.13758394378905336,-0.002149121025297407,-0.004164480440778107,0.053577555490334945,-0.040112338191411044,-0.07772807853335811,0.9680035652648861,0.9380443582297836,0.974,0.972,0.954,True,999,0.00011016603093594313,0.0013027089880779386,weak_3x3_bal_strong_200_200,weak_null,True,411,826020113,-4.9960036108132044e-14,0,2
200,200,0.08517298306400134,0.12770164347470064,0.07482335369610382,0.11421327446873875,-0.042528660410699304,-0.03938992077263492,0.04621249229425957,-0.9202849337771409,-0.8523652115929672,0.35742388015966087,0.39401142227722585,0.461,0.346,0.384,True,999,0.00011387502308934927,0.0013149159494787455,weak_3x3_bal_strong_200_200,weak_null,True,412,826020113,-4.9960036108132044e-14,0,1
200,200,0.09073911524395273,0.06428966322381732,0.08035202467570457,0.0621086127354431,0.026449452020135406,0.018243411940261467,0.041855037711152045,0.6319299531556292,0.43587135355514467,0.5274326497023182,0.6629300703036818,0.651,0.525,0.671,True,999,0.00012483401224017143,0.0013647080631926656,weak_3x3_bal_strong_200_200,weak_null,True,413,826020113,-4.9960036108132044e-14,0,4
200,200,0.143689385202467,0.13073952424976576,0.1332387326111757,0.11890791749497964,0.012949860952701231,0.01433081511619605,0.05536240089045334,0.2339107543100483,0.258854653802907,0.8150542640638296,0.7957473869227565,0.86,0.834,0.816,True,999,0.00011466699652373791,0.001331249950453639,weak_3x3_bal_strong_200_200,weak_null,True,414,826020113,-4.9960036108132044e-14,0,1
200,200,0.08989594742423357,0.1330377291421192,0.07951179957998988,0.11940728099705211,-0.04314178171788563,-0.03989548141706223,0.04770445870181708,-0.9043553347402796,-0.836305085577726,0.36580701402432714,0.40298329289002055,0.464,0.37,0.403,True,999,0.00012033304665237665,0.001257707946933806,weak_3x3_bal_strong_200_200,weak_null,True,415,826020113,-4.9960036108132044e-14,0,1
200,200,0.10463454887451928,0.1573414178486216,0.09423163705915272,0.14105328659640293,-0.05270686897410232,-0.04682164953725021,0.0501584443178222,-1.0508074899638506,-0.9334749148233378,0.29334701509167693,0.35057481644660216,0.354,0.295,0.35,True,999,0.00011145800817757845,0.001276249997317791,weak_3x3_bal_strong_200_200,weak_null,True,416,826020113,-4.9960036108132044e-14,0,0
200,200,0.16138685534467667,0.07991012806379866,0.15078796968060715,0.07465149083935785,0.08147672728087801,0.0761364788412493,0.04974787131266387,1.6377932388061238,1.5304469685292426,0.10146483248052549,0.125906130608921,0.188,0.108,0.133,True,999,0.00011116696987301111,0.0013161670649424195,weak_3x3_bal_strong_200_200,weak_null,True,417,826020113,-4.9960036108132044e-14,0,3
200,200,0.09036536429999709,0.14336465569830975,0.07989523241599272,0.12974319797490352,-0.052999291398312665,-0.0498479655589108,0.04996518058051464,-1.060724504195653,-0.9976540658866436,0.2888151204823116,0.31844713427920446,0.36,0.288,0.323,True,999,0.00011983292642980814,0.001344667049124837,weak_3x3_bal_strong_200_200,weak_null,True,418,826020113,-4.9960036108132044e-14,0,1
200,200,0.12648718108957957,0.15077157983667228,0.11604713858807258,0.14548951002007016,-0.024284398747092706,-0.02944237143199757,0.0512007287206065,-0.47429791243027924,-0.575038132614469,0.6352874799673951,0.5652655078118571,0.675,0.632,0.56,True,999,0.00011987495236098766,0.001339250011369586,weak_3x3_bal_strong_200_200,weak_null,True,419,826020113,-4.9960036108132044e-14,0,3
200,200,0.17197827832084456,0.12555203414709437,0.16112622838386415,0.11406662246939447,0.046426244173750186,0.04705960591446967,0.052672329557399235,0.8814161925980049,0.8934407555144652,0.3780925965630063,0.3716211854449639,0.458,0.391,0.379,True,999,0.00011679099407047033,0.0013357079587876797,weak_3x3_bal_strong_200_200,weak_null,True,420,826020113,-4.9960036108132044e-14,0,1
200,200,0.11341998253598184,0.1603911069345244,0.10300832413469152,0.15648913677704712,-0.04697112439854256,-0.0534808126423556,0.0525280386597025,-0.8942105130336232,-1.0181383886960933,0.371209268365681,0.3086121940501627,0.437,0.375,0.314,True,999,0.00011554197408258915,0.0012852909276261926,weak_3x3_bal_strong_200_200,weak_null,True,421,826020113,-4.9960036108132044e-14,0,3
200,200,0.14811559417554454,0.12625753006918183,0.13758702820928193,0.11453728577244249,0.021858064106362707,0.023049742436839438,0.05118192318985173,0.4270660956854527,0.45034928350268993,0.6693311867272558,0.6524586081321603,0.716,0.683,0.665,True,999,0.0001240839483216405,0.0012542089680209756,weak_3x3_bal_strong_200_200,weak_null,True,422,826020113,-4.9960036108132044e-14,0,1
200,200,0.08332166128636365,0.12739323035418987,0.07297052391376724,0.11215819205051503,-0.04407156906782622,-0.03918766813674779,0.047045198352560845,-0.9367920767928326,-0.8329791245234416,0.34886552170914986,0.4048565027405744,0.44,0.355,0.412,True,999,0.00011458294466137886,0.0012469160137698054,weak_3x3_bal_strong_200_200,weak_null,True,423,826020113,-4.9960036108132044e-14,0,1
200,200,0.09215722496233769,0.19764017825039898,0.08174981971512807,0.1871074308996512,-0.10548295328806129,-0.10535761118452314,0.05302388730581832,-1.9893477948850165,-1.9869839149451087,0.046662827622914065,0.04692417937050682,0.089,0.064,0.063,True,999,0.00012079195585101843,0.0013054159935563803,weak_3x3_bal_strong_200_200,weak_null,True,424,826020113,-4.9960036108132044e-14,0,2
200,200,0.10895093552165758,0.11137881294424334,0.09856103903038615,0.09585599345616913,-0.002427877422585767,0.0027050455742170243,0.04993331024373406,-0.048622400772847456,0.05417316739092958,0.9612202178410558,0.9567971986028732,0.973,0.965,0.961,True,999,0.00012199999764561653,0.001310999970883131,weak_3x3_bal_strong_200_200,weak_null,True,425,826020113,-4.9960036108132044e-14,0,1
200,200,0.12482001026156997,0.08719970894905449,0.11432955560954383,0.07112190538988727,0.03762030131251548,0.04320765021965656,0.04573271369828994,0.8226124861233021,0.9447864936401575,0.41072839588768006,0.3447678886444987,0.531,0.44,0.357,True,999,0.00012212502770125866,0.001292124972678721,weak_3x3_bal_strong_200_200,weak_null,True,426,826020113,-4.9960036108132044e-14,0,0
200,200,0.0427831256891964,0.08643011364827546,0.03246276768905432,0.07484671469546811,-0.043646987959079064,-0.04238394700641379,0.0395479519675045,-1.1036472380401048,-1.071710288341595,0.2697461913915731,0.28385017829231474,0.413,0.265,0.274,True,999,0.00011316698510199785,0.0012526659993454814,weak_3x3_bal_strong_200_200,weak_null,True,427,826020113,-4.9960036108132044e-14,0,1
200,200,0.14265276078278255,0.10581525607550152,0.1321969433051038,0.09267891936949013,0.03683750470728103,0.039518023935613655,0.050698176174607916,0.7266041401649281,0.779476243869423,0.4674684912758542,0.43569922626560653,0.555,0.497,0.465,True,999,0.00011379097122699022,0.001304500037804246,weak_3x3_bal_strong_200_200,weak_null,True,428,826020113,-4.9960036108132044e-14,0,1
200,200,0.17524334544465892,0.10094672353079098,0.16472294786254338,0.08540412120397889,0.07429662191386793,0.07931882665856449,0.05411797719767047,1.3728639864437886,1.4656650297339422,0.1697946342227955,0.14273956560259085,0.271,0.199,0.162,True,999,0.00012083293404430151,0.0012697920901700854,weak_3x3_bal_strong_200_200,weak_null,True,429,826020113,-4.9960036108132044e-14,0,1
200,200,0.15103175848547634,0.09633445931557583,0.14020079148653508,0.0809792500446207,0.054697299169900515,0.05922154144191438,0.0501817344544642,1.089984229611151,1.1801413818339233,0.2757200910042482,0.2379439883358374,0.356,0.272,0.229,True,999,0.00012500002048909664,0.0013440420152619481,weak_3x3_bal_strong_200_200,weak_null,True,430,826020113,-4.9960036108132044e-14,0,1
200,200,0.09714708609983891,0.09984193916727063,0.08657508661551105,0.09137910121918935,-0.002694853067431724,-0.004804014603678297,0.043760276704257146,-0.06158217612846035,-0.10978026112917487,0.9508955713875317,0.9125836457509706,0.965,0.957,0.924,True,999,0.00011799996718764305,0.001351499930024147,weak_3x3_bal_strong_200_200,weak_null,True,431,826020113,-4.9960036108132044e-14,0,2
200,200,0.08962988066301003,0.08776343683887322,0.07924671137470796,0.078512479511744,0.0018664438241368098,0.0007342318629639522,0.04323133410156837,0.043173403341006264,0.016983789147911477,0.9655633063733464,0.986449548294001,0.971,0.965,0.984,True,999,0.0001261249417439103,0.0012518340954557061,weak_3x3_bal_strong_200_200,weak_null,True,432,826020113,-4.9960036108132044e-14,0,1
200,200,0.13863148526855218,0.1357607640694437,0.1282243543502659,0.12008922209985684,0.0028707211991084725,0.008135132250409072,0.0542501232069238,0.05291639962104436,0.1499560142818405,0.9577985176949685,0.8807993182873246,0.957,0.953,0.877,True,999,0.00011266698129475117,0.001272666035220027,weak_3x3_bal_strong_200_200,weak_null,True,433,826020113,-4.9960036108132044e-14,0,1
200,200,0.11413723749376659,0.0781875851662357,0.10373151268169067,0.06470920471696928,0.03594965232753089,0.03902230796472139,0.045119185585154827,0.7967708605839529,0.8648717271519316,0.4255841213845265,0.3871091970932947,0.561,0.415,0.375,True,999,0.00011187500786036253,0.0012763750273734331,weak_3x3_bal_strong_200_200,weak_null,True,434,826020113,-4.9960036108132044e-14,0,1
200,200,0.1661052911359875,0.14236682086127028,0.15558044716635777,0.1290679603746554,0.023738470274717205,0.026512486791702372,0.05179202966662358,0.4583421508583014,0.5119028345164055,0.6467066457351613,0.6087190142830088,0.682,0.641,0.605,True,999,0.000111832981929183,0.0013094579335302114,weak_3x3_bal_strong_200_200,weak_null,True,435,826020113,-4.9960036108132044e-14,0,1
200,200,0.11009266756706948,0.04617682499112602,0.09968375838488441,0.03089193698183834,0.06391584257594346,0.06879182140304607,0.03913728127428462,1.6331191256746733,1.7577056750808633,0.10244394486299424,0.07879760173903631,0.245,0.102,0.076,True,999,0.00011641695164144039,0.0013387500075623393,weak_3x3_bal_strong_200_200,weak_null,True,436,826020113,-4.9960036108132044e-14,0,1
200,200,0.09899847740187595,0.16091062696469738,0.08863191565035322,0.1503423457459121,-0.06191214956282143,-0.06171043009555888,0.05179704020349695,-1.1952835397463808,-1.1913891190136507,0.23197626863871834,0.23350086251711677,0.258,0.208,0.209,True,999,0.00012295902706682682,0.0013564589899033308,weak_3x3_bal_strong_200_200,weak_null,True,437,826020113,-4.9960036108132044e-14,0,2
200,200,0.10093156200487963,0.0853425732702604,0.09050969580374613,0.07445424674624235,0.015588988734619225,0.01605544905750378,0.04415117223439074,0.35308210282300206,0.3636471750346344,0.724026889784143,0.7161214945089431,0.787,0.737,0.731,True,999,0.00012145808432251215,0.0012453329982236028,weak_3x3_bal_strong_200_200,weak_null,True,438,826020113,-4.9960036108132044e-14,0,1
200,200,0.07741649368263825,0.15270285988148014,0.06706958114082795,0.13920179304469116,-0.07528636619884188,-0.07213221190386321,0.04765526608660369,-1.5798121043333242,-1.513625205088094,0.11414990277470773,0.13012092469026734,0.175,0.109,0.128,True,999,0.00011162494774907827,0.0012645419919863343,weak_3x3_bal_strong_200_200,weak_null,True,439,826020113,-4.9960036108132044e-14,0,1
200,200,0.07051803383829536,0.09205965224390356,0.060120755372935264,0.07843328495890489,-0.0215416184056082,-0.018312529585969628,0.0440063511495162,-0.4895115782814687,-0.4161337876833025,0.6244795594743613,0.6773121070966139,0.736,0.658,0.714,True,999,0.00011158292181789875,0.001275917049497366,weak_3x3_bal_strong_200_200,weak_null,True,440,826020113,-4.9960036108132044e-14,0,1
200,200,0.07794453264614387,0.14978137548554527,0.06757472167038259,0.13751462145185656,-0.0718368428394014,-0.06993989978147397,0.04825102488740536,-1.4888148595192323,-1.4495008125667794,0.13653612827479203,0.147197773578256,0.228,0.137,0.148,True,999,0.00010979198850691319,0.0012792909983545542,weak_3x3_bal_strong_200_200,weak_null,True,441,826020113,-4.9960036108132044e-14,0,0
200,200,0.10392980015001707,0.07581080518843242,0.09354024609072553,0.06448535936556254,0.028118994961584654,0.029054886725162987,0.04526178225418284,0.6212524907586036,0.6419297976821913,0.5344335075021865,0.5209187658024352,0.64,0.545,0.531,True,999,0.00011374999303370714,0.0013089579297229648,weak_3x3_bal_strong_200_200,weak_null,True,442,826020113,-4.9960036108132044e-14,0,1
200,200,0.07943207032780841,0.04860788766504742,0.06907404765712499,0.03219181877253163,0.03082418266276099,0.03688222888459336,0.03695844887801275,0.8340226280735189,0.9979376841904007,0.40426823281085633,0.318309577100396,0.598,0.444,0.351,True,999,0.00013458298053592443,0.0013375830603763461,weak_3x3_bal_strong_200_200,weak_null,True,443,826020113,-4.9960036108132044e-14,0,0
200,200,0.11468777162452781,0.11161367989298232,0.10427283786606267,0.09825748459448391,0.003074091731545492,0.0060153532715787605,0.04796164003342209,0.06409480012366778,0.12542009129352039,0.9488947422347465,0.9001909831495534,0.966,0.954,0.899,True,999,0.00011362496297806501,0.0012593748979270458,weak_3x3_bal_strong_200_200,weak_null,True,444,826020113,-4.9960036108132044e-14,0,1
200,200,0.10848718615573083,0.058082379610766344,0.0980839668714566,0.03962711037580391,0.05040480654496449,0.05845685649565269,0.042716583748417726,1.1799821549828768,1.3684815443093106,0.23800731241666861,0.1711613950349955,0.393,0.273,0.197,True,999,0.0001169589813798666,0.0012549998937174678,weak_3x3_bal_strong_200_200,weak_null,True,445,826020113,-4.9960036108132044e-14,0,0
200,200,0.10042580395182399,0.18682872555938002,0.09004750420285745,0.16609957839524725,-0.08640292160755603,-0.0760520741923898,0.05527378398623104,-1.5631808676076782,-1.3759158267748546,0.1180100589357807,0.16884769467136007,0.151,0.108,0.156,True,999,0.00011095800437033176,0.001260958961211145,weak_3x3_bal_strong_200_200,weak_null,True,446,826020113,-4.9960036108132044e-14,0,0
200,200,0.1181555943896444,0.0849805228789462,0.10777720360133003,0.07159831492593582,0.033175071510698206,0.036178888675394205,0.046667411155058104,0.7108830485683045,0.775249532381076,0.4771567112958207,0.4381922244784353,0.543,0.468,0.424,True,999,0.00011479202657938004,0.001276541966944933,weak_3x3_bal_strong_200_200,weak_null,True,447,826020113,-4.9960036108132044e-14,0,1
200,200,0.08842866195023258,0.06611245387963194,0.0779917155337273,0.054616460023027,0.02231620807060064,0.0233752555107003,0.039057985483779714,0.5713609597163755,0.5984757078781686,0.5677549872606875,0.5495225630638341,0.695,0.586,0.568,True,999,0.00011508294846862555,0.0013500830391421914,weak_3x3_bal_strong_200_200,weak_null,True,448,826020113,-4.9960036108132044e-14,0,1
200,200,0.15471441151915744,0.14120559846822583,0.144082213076274,0.12061853571609049,0.0135088130509316,0.02346367736018351,0.053441942712603115,0.2527754861678305,0.4390498580181688,0.8004417118541682,0.6606254101941427,0.811,0.797,0.631,True,999,0.00012570898979902267,0.0013321669539436698,weak_3x3_bal_strong_200_200,weak_null,True,449,826020113,-4.9960036108132044e-14,0,0
200,200,0.1334591453756162,0.1157252614261518,0.12294952180553764,0.09891816942024434,0.017733883949464402,0.024031352385293303,0.05063154306555695,0.35025367341664543,0.4746320362817676,0.7261483291001994,0.6350492677669632,0.763,0.727,0.641,True,999,0.0001169589813798666,0.001306084101088345,weak_3x3_bal_strong_200_200,weak_null,True,450,826020113,-4.9960036108132044e-14,0,0
200,200,0.13625635867215347,0.15925780528301475,0.1258543854497418,0.14755641539119324,-0.023001446610861287,-0.02170202994145143,0.05578918176230897,-0.41229223810557847,-0.3890006853642952,0.6801252371150492,0.697275639391848,0.707,0.686,0.701,True,999,0.00011716701555997133,0.0013300409773364663,weak_3x3_bal_strong_200_200,weak_null,True,451,826020113,-4.9960036108132044e-14,0,1
200,200,0.07690770374511113,0.1527754543381904,0.06652642945061871,0.14180818005485207,-0.07586775059307926,-0.07528175060423337,0.04854583991204055,-1.5628064264732644,-1.5507353614776302,0.11809813217142184,0.12096511657789613,0.191,0.116,0.118,True,999,0.00012325006537139416,0.0012570839608088136,weak_3x3_bal_strong_200_200,weak_null,True,452,826020113,-4.9960036108132044e-14,0,1
200,200,0.1750100566243089,0.11589034266680842,0.1644902625903626,0.0972451169699724,0.059119713957500486,0.06724514562039019,0.053105547350739614,1.1132493102281735,1.2662546376984787,0.2656013701322707,0.20542193182598079,0.361,0.282,0.225,True,999,0.00011529203038662672,0.0012869170168414712,weak_3x3_bal_strong_200_200,weak_null,True,453,826020113,-4.9960036108132044e-14,0,0
200,200,0.0757906958723078,0.17056856654227032,0.06540429937797398,0.1603395085572572,-0.09477787066996252,-0.09493520917928322,0.047347350354389084,-2.001756591669055,-2.0050796606083523,0.04531091663043745,0.04495453150677154,0.088,0.041,0.041,True,999,0.00011320807971060276,0.0013002079213038087,weak_3x3_bal_strong_200_200,weak_null,True,454,826020113,-4.9960036108132044e-14,0,2
200,200,0.07138226936055703,0.12608370355438908,0.06102464325428514,0.11018183829588679,-0.054701434193832055,-0.04915719504160165,0.046289496477980724,-1.181724545650497,-1.0619513881509828,0.23731501560940915,0.2882577543229621,0.388,0.283,0.333,True,999,0.00011074997019022703,0.0013108340790495276,weak_3x3_bal_strong_200_200,weak_null,True,455,826020113,-4.9960036108132044e-14,0,0
200,200,0.05692023953257097,0.09660703593121284,0.046586293721532,0.08630525261320088,-0.039686796398641866,-0.039718958891668876,0.043761184355924916,-0.9068949340094492,-0.9076298888215818,0.36446236039185964,0.364073797469495,0.464,0.359,0.358,True,999,0.0001129999291151762,0.0012537500588223338,weak_3x3_bal_strong_200_200,weak_null,True,456,826020113,-4.9960036108132044e-14,0,2
200,200,0.14689472944141269,0.09194046225753688,0.13646363867303535,0.0783239378374958,0.054954267183875805,0.05813970083553954,0.0499063796453479,1.1011471393917962,1.164975324772113,0.27083262358770366,0.24402898109768045,0.39,0.284,0.256,True,999,0.00011437502689659595,0.0012697919737547636,weak_3x3_bal_strong_200_200,weak_null,True,457,826020113,-4.9960036108132044e-14,0,1
200,200,0.1278209094867806,0.11612446610849603,0.11740167159339876,0.09961453657942343,0.011696443378284571,0.01778713501397533,0.04957539961056836,0.2359324074069824,0.35878954388062084,0.8134851205256384,0.71975253536021,0.838,0.814,0.714,True,999,0.00011295906733721495,0.0013090840075165033,weak_3x3_bal_strong_200_200,weak_null,True,458,826020113,-4.9960036108132044e-14,0,0
200,200,0.043687217526141575,0.10153479766856432,0.03336902037585787,0.08596474134982657,-0.05784758014242275,-0.052595720973968696,0.04268123258940349,-1.3553399616857509,-1.2322915197867712,0.17530926855351736,0.21784020645187252,0.291,0.171,0.228,True,999,0.00012166693340986967,0.0012921669986099005,weak_3x3_bal_strong_200_200,weak_null,True,459,826020113,-4.9960036108132044e-14,0,1
200,200,0.09622484142473087,0.16708107219703866,0.08583597152028233,0.155298038274168,-0.0708562307723078,-0.06946206675388567,0.04955477490789381,-1.4298567777576723,-1.4017229799346889,0.15275812937007394,0.1609979856702698,0.207,0.16,0.166,True,999,0.0001116669736802578,0.001277624978683889,weak_3x3_bal_strong_200_200,weak_null,True,460,826020113,-4.9960036108132044e-14,0,1
200,200,0.12655115717694398,0.142500308338948,0.11605441755924062,0.12811920541460609,-0.015949151162004016,-0.012064787855365466,0.05168464070182599,-0.30858589603082104,-0.23343081603233867,0.7576365509305769,0.8154268862974313,0.786,0.756,0.814,True,999,0.00011058407835662365,0.0013064999366179109,weak_3x3_bal_strong_200_200,weak_null,True,461,826020113,-4.9960036108132044e-14,0,0
200,200,0.17128690883186914,0.1112633364740071,0.16082756507000795,0.09803584186042258,0.06002357235786204,0.06279172320958537,0.05260339330171351,1.1410589429771032,1.1936819902365499,0.2538453952485601,0.23260238800774613,0.358,0.278,0.249,True,999,0.00011095788795500994,0.0012910000514239073,weak_3x3_bal_strong_200_200,weak_null,True,462,826020113,-4.9960036108132044e-14,0,1
200,200,0.0930843928553986,0.07622668602736465,0.0827253136113768,0.059497629017641884,0.016857706828033947,0.02322768459373492,0.04356090108591862,0.38699169226972957,0.5332232349354096,0.6987623583223792,0.5938790594032586,0.756,0.7,0.593,True,999,0.0001299170544371009,0.001282624900341034,weak_3x3_bal_strong_200_200,weak_null,True,463,826020113,-4.9960036108132044e-14,0,0
200,200,0.1055945572640915,0.16498936496371586,0.0952274690350805,0.15863219967010878,-0.05939480769962435,-0.06340473063502827,0.052752056614876225,-1.1259240209958914,-1.2019385537501104,0.2601976808366637,0.22938733572454517,0.339,0.267,0.242,True,999,0.00011604093015193939,0.0013003749772906303,weak_3x3_bal_strong_200_200,weak_null,True,464,826020113,-4.9960036108132044e-14,0,2
200,200,0.09578364298694253,0.07843905996550093,0.08538355737223924,0.05595469140943976,0.017344583021441595,0.029428865962799478,0.044982536042876546,0.38558481907087344,0.6542286974382328,0.6998041780491127,0.5129644754985501,0.782,0.707,0.519,True,999,0.00011854199692606926,0.001372208003886044,weak_3x3_bal_strong_200_200,weak_null,True,465,826020113,-4.9960036108132044e-14,0,0
200,200,0.11889712037974487,0.09738551278148211,0.10847918617864138,0.08398017154279103,0.02151160759826276,0.024499014635850358,0.04943725631570161,0.4351294792917245,0.49555773239926554,0.6634684467850476,0.6202064802924608,0.709,0.65,0.613,True,999,0.00012116704601794481,0.0013094170717522502,weak_3x3_bal_strong_200_200,weak_null,True,466,826020113,-4.9960036108132044e-14,0,1
200,200,0.10086321275127919,0.08105017986643398,0.09047120767021966,0.06963039705691898,0.019813032884845205,0.020840810613300675,0.04458149925266424,0.44442275869986936,0.46747666549269773,0.6567369621290269,0.6401588830827152,0.76,0.676,0.652,True,999,0.00012912496458739042,0.001298458082601428,weak_3x3_bal_strong_200_200,weak_null,True,467,826020113,-4.9960036108132044e-14,0,1
200,200,0.11238251578011638,0.17492831017690313,0.10197992946967815,0.16436706466372186,-0.06254579439678676,-0.06238713519404371,0.052493834040466335,-1.1914884012581666,-1.18846596623045,0.23346190731833893,0.23464988063963632,0.276,0.245,0.244,True,999,0.00011450005695223808,0.0013217920204624534,weak_3x3_bal_strong_200_200,weak_null,True,468,826020113,-4.9960036108132044e-14,0,2
200,200,0.15726080064986925,0.09429943044976985,0.14675116652753672,0.08089433939896651,0.0629613702000994,0.06585682712857022,0.04771252290279681,1.3195984276155042,1.3802838986892019,0.18696912813628064,0.167499250518367,0.306,0.212,0.191,True,999,0.00011487503070384264,0.001326874946244061,weak_3x3_bal_strong_200_200,weak_null,True,469,826020113,-4.9960036108132044e-14,0,1
200,200,0.1373181451643033,0.09343930094123654,0.12682391810571403,0.08099550653547993,0.04387884422306676,0.045828411570234096,0.05088503659923959,0.8623133077145605,0.9006264834035501,0.3885151316133132,0.36778694870184714,0.483,0.417,0.39,True,999,0.00011483405251055956,0.0013292080257087946,weak_3x3_bal_strong_200_200,weak_null,True,470,826020113,-4.9960036108132044e-14,0,2
200,200,0.09973495590979109,0.13408406809621798,0.08938770082116321,0.1259210625087519,-0.03434911218642689,-0.036533361687588695,0.05047738962583769,-0.6804851130583172,-0.7237569525363983,0.4961973448698106,0.46921496158493503,0.568,0.497,0.465,True,999,0.00011395895853638649,0.0013565830886363983,weak_3x3_bal_strong_200_200,weak_null,True,471,826020113,-4.9960036108132044e-14,0,2
200,200,0.09065483690912735,0.07548974312220708,0.08026366252275352,0.054874862417243264,0.01516509378692027,0.025388800105510256,0.04390844367183389,0.3453798977768888,0.5782213620519759,0.729808787704441,0.5631146781420445,0.796,0.727,0.558,True,999,0.00011350004933774471,0.001357999979518354,weak_3x3_bal_strong_200_200,weak_null,True,472,826020113,-4.9960036108132044e-14,0,0
200,200,0.09004318253508092,0.13073701489954526,0.0796061585412815,0.11924472108491102,-0.04069383236446433,-0.03963856254362952,0.04668768365525494,-0.8716181480527152,-0.8490154027842414,0.3834167268671813,0.3958727215748654,0.509,0.404,0.413,True,999,0.0001177079975605011,0.0012526250211521983,weak_3x3_bal_strong_200_200,weak_null,True,473,826020113,-4.9960036108132044e-14,0,1
200,200,0.1039970459349675,0.23067632349915468,0.0936323310535272,0.21768796786038536,-0.12667927756418718,-0.12405563680685816,0.05537492022114813,-2.2876651931646004,-2.2402856078423805,0.022157026169414333,0.025072386989182887,0.037,0.027,0.029,True,999,0.00011374999303370714,0.00130641704890877,weak_3x3_bal_strong_200_200,weak_null,True,474,826020113,-4.9960036108132044e-14,0,1
200,200,0.14976832148089247,0.09006863713857222,0.1393461927119688,0.07335671235045282,0.05969968434232026,0.06598948036151597,0.05139807066616923,1.16151605631406,1.2838902220691908,0.24543209740058858,0.19918036898489544,0.351,0.252,0.206,True,999,0.00011729204561561346,0.0012937920400872827,weak_3x3_bal_strong_200_200,weak_null,True,475,826020113,-4.9960036108132044e-14,0,0
200,200,0.11901782699827201,0.10060924204313348,0.10856703422064129,0.08932364635231238,0.01840858495513853,0.01924338786832891,0.04777644024069715,0.38530675082522453,0.40277985909751635,0.7000101605029375,0.6871101791328139,0.748,0.688,0.674,True,999,0.00012095901183784008,0.0013087090337648988,weak_3x3_bal_strong_200_200,weak_null,True,476,826020113,-4.9960036108132044e-14,0,1
200,200,0.08748208208648456,0.12349070528935241,0.07713124722650377,0.1117796588806641,-0.03600862320286785,-0.03464841165416033,0.049772094522587795,-0.7234701201197441,-0.6961413214876064,0.469391104996533,0.4863403309639589,0.534,0.47,0.488,True,999,0.00012558302842080593,0.0013375829439610243,weak_3x3_bal_strong_200_200,weak_null,True,477,826020113,-4.9960036108132044e-14,0,1
200,200,0.11997695545941522,0.10681186413843874,0.10953914284087318,0.09301704406964006,0.013165091320976485,0.016522098771233118,0.0482098914859929,0.2730786341803222,0.342711801706368,0.7847927702099746,0.73181528336561,0.823,0.784,0.725,True,999,0.00013087503612041473,0.0013384160120040178,weak_3x3_bal_strong_200_200,weak_null,True,478,826020113,-4.9960036108132044e-14,0,0
200,200,0.11211926480886758,0.08327615781001557,0.10171511580387005,0.07207101320267384,0.02884310699885201,0.02964410260119621,0.04562866169337658,0.6321269554798021,0.6496816146045179,0.527303922662858,0.5158979022553025,0.607,0.516,0.509,True,999,0.00011537503451108932,0.0012660420034080744,weak_3x3_bal_strong_200_200,weak_null,True,479,826020113,-4.9960036108132044e-14,0,1
200,200,0.08839903643248781,0.17628569540271177,0.07802003904299681,0.16267546334181304,-0.08788665897022396,-0.08465542429881623,0.05235448304099127,-1.6786844958704406,-1.6169661007355327,0.09321354914730254,0.10588559852759923,0.128,0.104,0.114,True,999,0.00011695805005729198,0.001255416078492999,weak_3x3_bal_strong_200_200,weak_null,True,480,826020113,-4.9960036108132044e-14,0,1
200,200,0.09510121181570663,0.178961371975993,0.08472851165785755,0.163773947409382,-0.08386016016028636,-0.07904543575152445,0.05342999445306712,-1.569533386980773,-1.4794206243266208,0.11652370625758558,0.13902793130587435,0.146,0.112,0.129,True,999,0.00011262507177889347,0.001235207892023027,weak_3x3_bal_strong_200_200,weak_null,True,481,826020113,-4.9960036108132044e-14,0,1
200,200,0.09063471857891892,0.0954219095931188,0.08018849661834793,0.07926708366989033,-0.0047871910141998875,0.0009214129484576006,0.043824159295903685,-0.10923634568495542,0.021025228167782024,0.9130150330974687,0.9832255309542518,0.945,0.929,0.989,True,999,0.00011320796329528093,0.001302666962146759,weak_3x3_bal_strong_200_200,weak_null,True,482,826020113,-4.9960036108132044e-14,0,0
200,200,0.11598088832991449,0.11323524747023328,0.10553450087763849,0.10288915977729118,0.0027456408596812087,0.0026453411003473093,0.051034208165249506,0.053800009021219335,0.05183466532451442,0.9570945023336905,0.9586604337334828,0.968,0.961,0.965,True,999,0.00011729204561561346,0.0013095830800011754,weak_3x3_bal_strong_200_200,weak_null,True,483,826020113,-4.9960036108132044e-14,0,2
200,200,0.11613678117532578,0.07339961617272672,0.10569856222326734,0.06550541349197658,0.042737165002599053,0.04019314873129076,0.0443234412713576,0.9642113467894556,0.9068147142551432,0.33493997673839104,0.36450478741972747,0.426,0.296,0.33,True,999,0.00011141691356897354,0.001346415956504643,weak_3x3_bal_strong_200_200,weak_null,True,484,826020113,-4.9960036108132044e-14,0,2
200,200,0.08010114327036955,0.05775461009208466,0.06975127059146757,0.043229788949858516,0.02234653317828489,0.026521481641609057,0.039688333070123205,0.5630504344640019,0.6682437782093207,0.5734005414044905,0.5039779947566451,0.7,0.577,0.512,True,999,0.00011395791079849005,0.0012763330014422536,weak_3x3_bal_strong_200_200,weak_null,True,485,826020113,-4.9960036108132044e-14,0,0
200,200,0.06566125438758541,0.11446032049542448,0.05532112333190753,0.10610891734624062,-0.04879906610783907,-0.05078779401433309,0.04572262287232776,-1.0672849246663239,-1.1107804151163616,0.2858431934788538,0.266662878523764,0.393,0.282,0.258,True,999,0.00011316698510199785,0.001269417000003159,weak_3x3_bal_strong_200_200,weak_null,True,486,826020113,-4.9960036108132044e-14,0,2
200,200,0.11493623013352106,0.14251597371310037,0.10455728066028769,0.13140801855202255,-0.02757974357957932,-0.026850737891734866,0.05173870808780382,-0.5330582188634237,-0.5189680779459643,0.5939932800418757,0.6037830021902681,0.654,0.614,0.619,True,999,0.00011720904149115086,0.0012701669475063682,weak_3x3_bal_strong_200_200,weak_null,True,487,826020113,-4.9960036108132044e-14,0,1
200,200,0.11256219788768695,0.07682227537292757,0.10214176481423465,0.06658377072636057,0.03573992251475938,0.03555799408787408,0.04665246046022509,0.7660886941907489,0.7621890407728887,0.44362352964025453,0.44594718599785965,0.549,0.432,0.43,True,999,0.00011808390263468027,0.0012916669948026538,weak_3x3_bal_strong_200_200,weak_null,True,488,826020113,-4.9960036108132044e-14,0,2
200,200,0.12494848858751961,0.14655156235869737,0.11447218443063889,0.1348566204437276,-0.02160307377117776,-0.020384436013088703,0.05282615053747809,-0.4089465832997092,-0.38587774815480336,0.682578862158079,0.699587211133764,0.712,0.68,0.707,True,999,0.00011858297511935234,0.0013227500021457672,weak_3x3_bal_strong_200_200,weak_null,True,489,826020113,-4.9960036108132044e-14,0,1
200,200,0.12962351941473083,0.14374237288335268,0.11920796473017958,0.1316664447120104,-0.01411885346862185,-0.012458479981830806,0.05118738661287,-0.27582680818231026,-0.24338964745464034,0.7826810921929799,0.8077035628625086,0.819,0.79,0.814,True,999,0.00011745898518711329,0.0013539169449359179,weak_3x3_bal_strong_200_200,weak_null,True,490,826020113,-4.9960036108132044e-14,0,0
200,200,0.06774281289373896,0.08358735733342582,0.057385593534093005,0.07287333342570435,-0.01584454443968686,-0.01548773989161134,0.04235731701538561,-0.374068651088821,-0.36564496958071424,0.708353241198728,0.7146300144288067,0.778,0.713,0.718,True,999,0.0001165829598903656,0.0013169159647077322,weak_3x3_bal_strong_200_200,weak_null,True,491,826020113,-4.9960036108132044e-14,0,1
200,200,0.12970635530097518,0.13471609889665542,0.11925302127792747,0.12665293270077882,-0.005009743595680238,-0.007399911422851346,0.0490145268361082,-0.10220936361237384,-0.15097384184886087,0.9185904955939029,0.8799963505330466,0.933,0.917,0.886,True,999,0.00011670798994600773,0.0013300410937517881,weak_3x3_bal_strong_200_200,weak_null,True,492,826020113,-4.9960036108132044e-14,0,2
200,200,0.10957350912478891,0.1670212303761055,0.099187788234957,0.15789636076979718,-0.057447721251316586,-0.05870857253484019,0.05051756219473879,-1.1371831647351254,-1.162141837100652,0.2554617232735028,0.24517785566458594,0.352,0.268,0.261,True,999,0.00011141702998429537,0.0013145830016583204,weak_3x3_bal_strong_200_200,weak_null,True,493,826020113,-4.9960036108132044e-14,0,1
200,200,0.10023980017957301,0.0949055129791323,0.08974611706918267,0.07958307885799343,0.005334287200440713,0.010163038211189246,0.04548324477211923,0.11728026940836414,0.22344576034775526,0.9066379598514045,0.8231885928597664,0.928,0.912,0.826,True,999,0.00011108396574854851,0.0013544170651584864,weak_3x3_bal_strong_200_200,weak_null,True,494,826020113,-4.9960036108132044e-14,0,1
200,200,0.10076965708495367,0.07656795626141627,0.09037794789907139,0.0613187743054624,0.024201700823537398,0.02905917359360899,0.04519821234868917,0.535457036150663,0.6429274983140292,0.5923338591376004,0.5202711454800895,0.687,0.6,0.546,True,999,0.00011966703459620476,0.001359540969133377,weak_3x3_bal_strong_200_200,weak_null,True,495,826020113,-4.9960036108132044e-14,0,1
200,200,0.17843876299227057,0.13090229301690748,0.16781595202857602,0.12538781402233923,0.047536469975363094,0.04242813800623679,0.05514443812042454,0.862035621281567,0.7694001326767014,0.38866791616668606,0.4416558098598802,0.444,0.387,0.439,True,999,0.0001331249950453639,0.0012806670274585485,weak_3x3_bal_strong_200_200,weak_null,True,496,826020113,-4.9960036108132044e-14,0,3
200,200,0.06450908077825401,0.10748100239302066,0.05409345432863688,0.09560588321476615,-0.04297192161476665,-0.04151242888612927,0.0448411744392511,-0.9583139191187592,-0.9257658704360773,0.3379044871027682,0.3545676674350111,0.458,0.337,0.35,True,999,0.00011691695544868708,0.0012656670296564698,weak_3x3_bal_strong_200_200,weak_null,True,497,826020113,-4.9960036108132044e-14,0,1
200,200,0.09755216712277948,0.07469445570636224,0.0871657551948033,0.0605129583651518,0.022857711416417237,0.026652796829651493,0.043836333896257414,0.5214330073886208,0.6080069764211512,0.6020651627809557,0.5431828468866365,0.68,0.591,0.519,True,999,0.00011875003110617399,0.0012633749283850193,weak_3x3_bal_strong_200_200,weak_null,True,498,826020113,-4.9960036108132044e-14,0,0
200,200,0.12704342238491328,0.1571080054094111,0.11659920830621218,0.13677009972752785,-0.030064583024497826,-0.020170891421315673,0.05236837024531113,-0.5740981222761977,-0.3851731747012253,0.5659014039400299,0.7001091164987737,0.598,0.572,0.706,True,999,0.00011929101310670376,0.0012965420028194785,weak_3x3_bal_strong_200_200,weak_null,True,499,826020113,-4.9960036108132044e-14,0,0
200,200,0.10534986445238737,0.08204697984355105,0.09496948109148207,0.07536364902563264,0.02330288460883631,0.019605832065849427,0.0459238236619359,0.5074247471286015,0.42692072441911627,0.6118568254363178,0.66943707006366,0.708,0.629,0.684,True,999,0.00013475003652274609,0.0013517920160666108,weak_3x3_bal_strong_200_200,weak_null,True,500,826020113,-4.9960036108132044e-14,0,2
200,200,0.11737096945597458,0.13639649203479276,0.10697550308012183,0.12099454154983391,-0.019025522578818177,-0.014019038469712086,0.05175992232016723,-0.36757247163420215,-0.2708473630040562,0.7131920443836668,0.7865084304329835,0.739,0.704,0.78,True,999,0.00011983292642980814,0.0013456670567393303,weak_3x3_bal_strong_200_200,weak_null,True,501,826020113,-4.9960036108132044e-14,0,1
200,200,0.0957692838261559,0.06783649635682298,0.08540721036195009,0.06461284246937282,0.02793278746933292,0.02079436789257727,0.04335397155356274,0.6442959311080108,0.47964159101055714,0.5193835536380249,0.631482267058666,0.605,0.521,0.62,True,999,0.00011562509462237358,0.0012435420649126172,weak_3x3_bal_strong_200_200,weak_null,True,502,826020113,-4.9960036108132044e-14,0,3
200,200,0.0830219197642994,0.12794072004671247,0.07267381582286703,0.11979641054246315,-0.044918800282413074,-0.04712259471959612,0.04966407123473655,-0.9044526388121704,-0.9488266577436197,0.3657554370056513,0.342708781339372,0.445,0.352,0.322,True,999,0.0001142079709097743,0.0012571249390020967,weak_3x3_bal_strong_200_200,weak_null,True,503,826020113,-4.9960036108132044e-14,0,2
200,200,0.15098526623828623,0.11379615054729603,0.1405528786376351,0.10255786269311784,0.037189115690990204,0.03799501594451726,0.05048684263974753,0.736610050193786,0.752572629974772,0.4613595214213623,0.4517067699221263,0.516,0.443,0.433,True,999,0.0001177079975605011,0.0012703329557552934,weak_3x3_bal_strong_200_200,weak_null,True,504,826020113,-4.9960036108132044e-14,0,1
200,200,0.13324272164526252,0.05657959799434664,0.1227974401504639,0.03596358364396224,0.07666312365091588,0.08683385650650166,0.04502610316176506,1.7026373207445613,1.928522577104532,0.08863596132751085,0.05379015878760481,0.215,0.103,0.065,True,999,0.00011816597543656826,0.0013249579351395369,weak_3x3_bal_strong_200_200,weak_null,True,505,826020113,-4.9960036108132044e-14,0,0
200,200,0.11887062073788779,0.15092692421036702,0.10844059884962576,0.13461350141861317,-0.03205630347247923,-0.02617290256898741,0.05260717732230081,-0.6093522805088838,-0.49751581250287696,0.5422909607197438,0.6188253549975262,0.603,0.563,0.639,True,999,0.00011725001968443394,0.0013258750550448895,weak_3x3_bal_strong_200_200,weak_null,True,506,826020113,-4.9960036108132044e-14,0,0
200,200,0.1436731485529339,0.10455040391496795,0.13315759178337316,0.08897199397218003,0.039122744637965945,0.044185597811193134,0.05127338481248739,0.7630224683047995,0.8617647922559609,0.4454499963090476,0.3888169629715633,0.495,0.439,0.386,True,999,0.00011724990326911211,0.0013590001035481691,weak_3x3_bal_strong_200_200,weak_null,True,507,826020113,-4.9960036108132044e-14,0,1
200,200,0.09661629071590339,0.09758408268394858,0.08623300367054298,0.08368005804121026,-0.0009677919680451952,0.0025529456293327257,0.04490034763710928,-0.021554219933151108,0.05685803704608213,0.9828035522390504,0.9546582817912518,0.99,0.987,0.964,True,999,0.00011870800517499447,0.0013059580232948065,weak_3x3_bal_strong_200_200,weak_null,True,508,826020113,-4.9960036108132044e-14,0,0
200,200,0.13906554036595642,0.10976194925778793,0.1286149803890737,0.09829281979554594,0.029303591108168492,0.03032216059352777,0.051571265308823756,0.5682154768297821,0.5879661941965131,0.569888663618542,0.5565549840674933,0.636,0.581,0.566,True,999,0.00011745805386453867,0.0013349170330911875,weak_3x3_bal_strong_200_200,weak_null,True,509,826020113,-4.9960036108132044e-14,0,1
200,200,0.12605722309260203,0.16153799039283145,0.11566348470330468,0.14820388404118034,-0.03548076730022942,-0.03254039933787567,0.051859253719964526,-0.6841742746978676,-0.6274752720814496,0.49386512470808697,0.5303477403849444,0.576,0.511,0.548,True,999,0.00011708296369761229,0.0013159579830244184,weak_3x3_bal_strong_200_200,weak_null,True,510,826020113,-4.9960036108132044e-14,0,1
200,200,0.08967877805319158,0.07054560284613526,0.07930567911429875,0.05903479639332687,0.01913317520705632,0.020270882720971883,0.043527639256730255,0.4395638158597802,0.46570140414489847,0.660253052613129,0.6414292471559262,0.739,0.651,0.632,True,999,0.0001177079975605011,0.0013450420228764415,weak_3x3_bal_strong_200_200,weak_null,True,511,826020113,-4.9960036108132044e-14,0,1
200,200,0.10926437445861259,0.09071293267192898,0.09890078394749935,0.0792191424682187,0.01855144178668361,0.019681641479280643,0.04648126925665205,0.3991165061403452,0.42343167030586093,0.6898073605065066,0.6719803422243302,0.739,0.675,0.66,True,999,0.00012412492651492357,0.0013365000486373901,weak_3x3_bal_strong_200_200,weak_null,True,512,826020113,-4.9960036108132044e-14,0,1
200,200,0.05871028077386353,0.16325991220217856,0.04838246202635332,0.1548764648599814,-0.10454963142831503,-0.10649400283362809,0.04874335541408599,-2.1449001723443515,-2.1847901509639027,0.03196082946421128,0.028904236526949595,0.064,0.041,0.039,True,999,0.00012304203119128942,0.0013312500668689609,weak_3x3_bal_strong_200_200,weak_null,True,513,826020113,-4.9960036108132044e-14,0,2
200,200,0.10245300328728213,0.12039251796579653,0.09208743738565772,0.10168747813922607,-0.0179395146785144,-0.00960004075356835,0.050672122700293365,-0.35403124484482157,-0.18945408721771925,0.723315467704942,0.8497369364712108,0.772,0.731,0.852,True,999,0.0001169170718640089,0.0012556669535115361,weak_3x3_bal_strong_200_200,weak_null,True,514,826020113,-4.9960036108132044e-14,0,0
200,200,0.07736442673584953,0.06461486765979335,0.06698864988291575,0.0496926061588141,0.012749559076056183,0.01729604372410165,0.03902581182403949,0.32669555046136384,0.4431949757275125,0.7438981659745336,0.6576247126885439,0.804,0.739,0.65,True,999,0.00012287497520446777,0.001269417000003159,weak_3x3_bal_strong_200_200,weak_null,True,515,826020113,-4.9960036108132044e-14,0,0
200,200,0.14839014584755228,0.15141271130346445,0.13794597991520163,0.13798486372232333,-0.003022565455912174,-3.888380712169237e-05,0.05363299785316809,-0.0563564517535846,-0.0007249978311513592,0.9550578482533457,0.9994215354745843,0.96,0.953,0.996,True,999,0.0001176660880446434,0.0013002080377191305,weak_3x3_bal_strong_200_200,weak_null,True,516,826020113,-4.9960036108132044e-14,0,1
200,200,0.09757800814367301,0.1072583695460243,0.08721225490685924,0.09195767725236692,-0.00968036140235129,-0.004745422345507677,0.04704104383497949,-0.2057854293435772,-0.10087833854526425,0.8369585233120382,0.9196470387125603,0.859,0.834,0.915,True,999,0.00011962500866502523,0.0013481669593602419,weak_3x3_bal_strong_200_200,weak_null,True,517,826020113,-4.9960036108132044e-14,0,1
200,200,0.08324300439210597,0.10869489012320555,0.07286469238979976,0.09236948567073,-0.025451885731099577,-0.019504793280930244,0.04505167082222966,-0.5649487636436551,-0.43294272831510777,0.5721086144186436,0.6650563774275535,0.654,0.576,0.669,True,999,0.00012987491209059954,0.0013047090033069253,weak_3x3_bal_strong_200_200,weak_null,True,518,826020113,-4.9960036108132044e-14,0,0
200,200,0.14313880686685954,0.11955201380284758,0.13262413801984962,0.10786899021981355,0.023586793064011957,0.02475514780003607,0.05291091675897823,0.44578311072279075,0.4678646547139154,0.6557539228674653,0.6398813810444763,0.685,0.652,0.638,True,999,0.00014237500727176666,0.0013160000089555979,weak_3x3_bal_strong_200_200,weak_null,True,519,826020113,-4.9960036108132044e-14,0,1
200,200,0.09376857875648437,0.09953895325853346,0.08338657239798408,0.08277858143122785,-0.0057703745020490915,0.0006079909667562333,0.04587761405232182,-0.12577756322436867,0.013252453932387174,0.8999080026601151,0.9894263811186067,0.909,0.898,0.988,True,999,0.00011733407154679298,0.001305249985307455,weak_3x3_bal_strong_200_200,weak_null,True,520,826020113,-4.9960036108132044e-14,0,0
200,200,0.10949419305087171,0.09081496317871374,0.09901702812101121,0.07731380911702246,0.018679229872157976,0.02170321900398875,0.0463451797673713,0.40304579604433505,0.46829506569890594,0.6869145347749718,0.6395735965653843,0.77,0.697,0.633,True,999,0.00011575000826269388,0.0012471660738810897,weak_3x3_bal_strong_200_200,weak_null,True,521,826020113,-4.9960036108132044e-14,0,1
200,200,0.1380747362251864,0.055760157651184694,0.12755715509527477,0.047286962387822484,0.0823145785740017,0.08027019270745228,0.04203335404650811,1.9583157338080643,1.909678504804464,0.050192975708217784,0.05617462025017801,0.178,0.047,0.052,True,999,0.0001112079480662942,0.0012469999492168427,weak_3x3_bal_strong_200_200,weak_null,True,522,826020113,-4.9960036108132044e-14,0,2
200,200,0.10792908518262911,0.05731648009901624,0.09755412186279955,0.036860659637049764,0.05061260508361287,0.060693462225749784,0.043137561697791094,1.173283864261724,1.4069747996177924,0.24068199075036423,0.15943486151008945,0.407,0.255,0.169,True,999,0.0001190409529954195,0.0013101670192554593,weak_3x3_bal_strong_200_200,weak_null,True,523,826020113,-4.9960036108132044e-14,0,0
200,200,0.13162781584143146,0.06313452762972138,0.12116956442963556,0.04459301882059208,0.06849328821171008,0.07657654560904348,0.04443239947957783,1.5415167538541599,1.7234393484475183,0.12319106857309027,0.08480910438235237,0.256,0.147,0.112,True,999,0.00011970894411206245,0.0013347089989110827,weak_3x3_bal_strong_200_200,weak_null,True,524,826020113,-4.9960036108132044e-14,0,0
200,200,0.12521784080011478,0.12099530849207996,0.11477240433603697,0.11741592540701618,0.004222532308034821,-0.0026435210709792045,0.05032097141720064,0.0839119792228709,-0.05253318838108916,0.9331264151111958,0.9581038513308224,0.935,0.923,0.949,True,999,0.00012070790398865938,0.0012937500141561031,weak_3x3_bal_strong_200_200,weak_null,True,525,826020113,-4.9960036108132044e-14,0,3
200,200,0.10086220429241877,0.11933625585843,0.09047794003276977,0.11057881366664901,-0.01847405156601123,-0.020100873633879246,0.048953808006978426,-0.3773772116640595,-0.41060898941740837,0.7058932995778053,0.6813592710370893,0.755,0.706,0.678,True,999,0.00011695793364197016,0.0013233330100774765,weak_3x3_bal_strong_200_200,weak_null,True,526,826020113,-4.9960036108132044e-14,0,1
200,200,0.06635412690773346,0.09650203276242886,0.0560184077444319,0.08200186229045414,-0.0301479058546954,-0.025983454546022244,0.042047279600522694,-0.7170001517606059,-0.617958041349701,0.4733740030184177,0.5366029974241265,0.589,0.488,0.551,True,999,0.0001271250657737255,0.0013020829064771533,weak_3x3_bal_strong_200_200,weak_null,True,527,826020113,-4.9960036108132044e-14,0,0
200,200,0.14616250403640807,0.07670121794827744,0.13569573005204916,0.06427642961308777,0.06946128608813062,0.07141930043896139,0.0463065641111152,1.5000310954070004,1.5423148274958765,0.13360634792086315,0.12299710751504467,0.224,0.136,0.122,True,999,0.0001105000264942646,0.0013104160316288471,weak_3x3_bal_strong_200_200,weak_null,True,528,826020113,-4.9960036108132044e-14,0,0
200,200,0.10177524135665328,0.10499379381307561,0.09120786677493697,0.09674144624686676,-0.00321855245642233,-0.005533579471929784,0.04555020163026718,-0.07065945574835102,-0.12148309500023889,0.9436687897689928,0.9033084037644327,0.961,0.945,0.893,True,999,0.00011116696987301111,0.0013600420206785202,weak_3x3_bal_strong_200_200,weak_null,True,529,826020113,-4.9960036108132044e-14,0,2
200,200,0.08733886764746801,0.06816086227506618,0.076939045278408,0.05175139230371428,0.01917800537240183,0.02518765297469372,0.041491066975974496,0.4622201059207974,0.6070620692709274,0.6439234863166503,0.5438097212822531,0.729,0.641,0.537,True,999,0.00011795898899435997,0.0013414579443633556,weak_3x3_bal_strong_200_200,weak_null,True,530,826020113,-4.9960036108132044e-14,0,0
200,200,0.13872080446771973,0.09741088223080585,0.12830729460119983,0.09195079795939876,0.041309922236913876,0.03635649664180107,0.05186803633633704,0.7964427642689358,0.7009422220276134,0.42577473046803715,0.4833390734715306,0.521,0.442,0.484,True,999,0.00012037495616823435,0.0012495840201154351,weak_3x3_bal_strong_200_200,weak_null,True,531,826020113,-4.9960036108132044e-14,0,3
200,200,0.10574235067986537,0.08005999449463086,0.09531260835282751,0.07100311678297544,0.02568235618523451,0.02430949156985207,0.043266722428012785,0.5935821976800956,0.5618519315924202,0.5527915908436285,0.5742169062663369,0.66,0.581,0.592,True,999,0.00011212506797164679,0.0012655830942094326,weak_3x3_bal_strong_200_200,weak_null,True,532,826020113,-4.9960036108132044e-14,0,1
200,200,0.08358861977373011,0.07642655576903379,0.07323121610602357,0.06026189754324207,0.007162064004696322,0.012969318562781496,0.04278517576726863,0.16739592338371131,0.3031264528005805,0.8670585325890795,0.7617934955336221,0.903,0.88,0.768,True,999,0.00011075008660554886,0.001272291992790997,weak_3x3_bal_strong_200_200,weak_null,True,533,826020113,-4.9960036108132044e-14,0,0
200,200,0.10282470701390634,0.15946411030559127,0.09238148224480369,0.15632599623303634,-0.05663940329168493,-0.06394451398823264,0.05287905274434913,-1.0711122902582186,-1.2092598234953447,0.2841189426825389,0.22656304084380097,0.322,0.286,0.236,True,999,0.00011137500405311584,0.0013200000394135714,weak_3x3_bal_strong_200_200,weak_null,True,534,826020113,-4.9960036108132044e-14,0,3
200,200,0.1022084583484899,0.09711636768614229,0.09182182567602126,0.0889395081548372,0.005092090662347615,0.0028823175211840635,0.047347126912459465,0.10754803922447982,0.060876291955649316,0.9143542165017349,0.9514577306978161,0.95,0.941,0.977,True,999,0.00010929105337709188,0.001338791917078197,weak_3x3_bal_strong_200_200,weak_null,True,535,826020113,-4.9960036108132044e-14,0,2
200,200,0.10393296275536335,0.11977152959079962,0.09352063650820241,0.10700808078502178,-0.015838566835436274,-0.01348744427681936,0.04864355370414607,-0.32560464088967855,-0.2772709485587969,0.7447235004733503,0.7815720650586889,0.79,0.748,0.779,True,999,0.00010900001507252455,0.0013192089973017573,weak_3x3_bal_strong_200_200,weak_null,True,536,826020113,-4.9960036108132044e-14,0,0
200,200,0.10382134536878573,0.04280216703053108,0.09342312674732511,0.03763079942267211,0.061019178338254654,0.055792327324653,0.03984276801552015,1.5314994760024092,1.400312531070129,0.12564599583143168,0.1614197499705763,0.307,0.141,0.168,True,999,0.0001116669736802578,0.0012679160572588444,weak_3x3_bal_strong_200_200,weak_null,True,537,826020113,-4.9960036108132044e-14,0,3
200,200,0.0733581319195824,0.09285250203291778,0.06288263247404302,0.07964561626984334,-0.01949437011333538,-0.016762983795800324,0.04229811858362428,-0.4608803125556186,-0.3963056598524482,0.6448844772426084,0.6918795523849341,0.7,0.64,0.686,True,999,0.00011499994434416294,0.0012496670242398977,weak_3x3_bal_strong_200_200,weak_null,True,538,826020113,-4.9960036108132044e-14,0,1
200,200,0.08247719015509669,0.09998711749016859,0.07210181502185264,0.09109901102470985,-0.017509927335071895,-0.01899719600285721,0.04442678361513628,-0.3941299799408894,-0.4276068276161417,0.6934850779166113,0.6689373942509447,0.754,0.696,0.676,True,999,0.00011208304204046726,0.0012529579689726233,weak_3x3_bal_strong_200_200,weak_null,True,539,826020113,-4.9960036108132044e-14,0,1
200,200,0.11707666535471883,0.05714730515828276,0.10665415183601112,0.04370338289914599,0.05992936019643608,0.06295076893686513,0.043243246945816084,1.3858663358819412,1.455736407021948,0.16578772190587632,0.1454655013918313,0.31,0.185,0.158,True,999,0.00011066603474318981,0.0013089999556541443,weak_3x3_bal_strong_200_200,weak_null,True,540,826020113,-4.9960036108132044e-14,0,1
200,200,0.09796318669773907,0.1535552503112989,0.08753921311804902,0.14490917757611044,-0.05559206361355984,-0.05736996445806142,0.05089309800523009,-1.092330115330115,-1.1272641420289589,0.27468802797561775,0.25963081833814194,0.328,0.282,0.256,True,999,0.00011083297431468964,0.0013381249736994505,weak_3x3_bal_strong_200_200,weak_null,True,541,826020113,-4.9960036108132044e-14,0,2
200,200,0.11412910561756417,0.10572894588230475,0.10373322642163885,0.09713241767836678,0.008400159735259427,0.006600808743272069,0.05004624211219056,0.16784796181956022,0.1318941935435389,0.8667028896339523,0.8950679813868818,0.879,0.863,0.88,True,999,0.00011074997019022703,0.0013273339718580246,weak_3x3_bal_strong_200_200,weak_null,True,542,826020113,-4.9960036108132044e-14,0,2
200,200,0.1055262008588167,0.15816637789318705,0.0951031168474401,0.1476237151137667,-0.05264017703437035,-0.0525205982663266,0.051082351204164475,-1.0304963611400657,-1.0281554593369007,0.3027770595555105,0.30387670630048425,0.384,0.308,0.306,True,999,0.00011845806147903204,0.001255541923455894,weak_3x3_bal_strong_200_200,weak_null,True,543,826020113,-4.9960036108132044e-14,0,2
200,200,0.14405772507775705,0.09365538361754505,0.13360045342059834,0.08717232374836215,0.050402341460212,0.046428129672236196,0.04896711593033267,1.029309986970057,0.9481491566358782,0.30333403179302243,0.34305352639621467,0.408,0.311,0.353,True,999,0.00011195801198482513,0.0012911249650642276,weak_3x3_bal_strong_200_200,weak_null,True,544,826020113,-4.9960036108132044e-14,0,2
200,200,0.12339462767980236,0.123182129939993,0.11286174829166384,0.11013386672364334,0.0002124977398093586,0.002727881568020507,0.049504017933735475,0.004292535205804939,0.05510424571338762,0.9965750629504896,0.9560554136960235,0.997,0.997,0.95,True,999,0.00011345802340656519,0.0012473330134525895,weak_3x3_bal_strong_200_200,weak_null,True,545,826020113,-4.9960036108132044e-14,0,1
200,200,0.08281363339894576,0.05876766456715027,0.07242786436893311,0.045344282932049396,0.024045968831795494,0.02708358143688372,0.040692505897354785,0.5909188510643824,0.6655668123560876,0.5545747945327015,0.5056880251666354,0.705,0.572,0.521,True,999,0.00011162494774907827,0.0012826250167563558,weak_3x3_bal_strong_200_200,weak_null,True,546,826020113,-4.9960036108132044e-14,0,1
200,200,0.14008325417511625,0.1461398639434615,0.1295812555046041,0.14062222775784505,-0.006056609768345267,-0.011040972253240966,0.05218150923978919,-0.11606812176538218,-0.21158782898563727,0.907598553166258,0.8324286054179503,0.923,0.912,0.841,True,999,0.00011095800437033176,0.0013189999153837562,weak_3x3_bal_strong_200_200,weak_null,True,547,826020113,-4.9960036108132044e-14,0,3
200,200,0.10941959417662872,0.0994288309545473,0.0990289664869124,0.08583634048375188,0.009990763222081422,0.013192626003160512,0.048737747485618585,0.2049902537048819,0.27068600179057023,0.8375797397538995,0.7866325439693054,0.855,0.835,0.783,True,999,0.00011095788795500994,0.0012868749909102917,weak_3x3_bal_strong_200_200,weak_null,True,548,826020113,-4.9960036108132044e-14,0,1
200,200,0.08940991068111237,0.1042788999061488,0.07903224348001459,0.10070033797303068,-0.014868989225036433,-0.0216680944930161,0.044814591763616074,-0.3317890142448697,-0.48350534145907187,0.7400485802056924,0.628736968047424,0.791,0.747,0.637,True,999,0.00011337501928210258,0.0012705830158665776,weak_3x3_bal_strong_200_200,weak_null,True,549,826020113,-4.9960036108132044e-14,0,3
200,200,0.09360591587171685,0.17178930979647922,0.08324827896075249,0.15848691601465248,-0.07818339392476237,-0.07523863705389999,0.05192651525189759,-1.5056545494241547,-1.4489444687153445,0.13215587725614553,0.14735309118114912,0.191,0.13,0.148,True,999,0.00011929194442927837,0.0012601250782608986,weak_3x3_bal_strong_200_200,weak_null,True,550,826020113,-4.9960036108132044e-14,0,1
200,200,0.09758341822256411,0.07524755611758616,0.08722308561431191,0.06554754972392374,0.022335862104977955,0.021675535890388176,0.04380015045147398,0.5099494379528164,0.49487354876560113,0.6100868852007337,0.6206893832508487,0.685,0.594,0.607,True,999,0.00010941701475530863,0.0012816250091418624,weak_3x3_bal_strong_200_200,weak_null,True,551,826020113,-4.9960036108132044e-14,0,1
200,200,0.08239931133669831,0.1153010629017927,0.07198114162471825,0.10492145706889744,-0.032901751565094395,-0.03294031544417919,0.04360931333878744,-0.754466168946315,-0.7553504726909122,0.4505693523672335,0.4500387218508486,0.574,0.453,0.443,True,999,0.00011295906733721495,0.0013332499656826258,weak_3x3_bal_strong_200_200,weak_null,True,552,826020113,-4.9960036108132044e-14,0,2
200,200,0.06152786018003731,0.13538726788013244,0.0511902531846431,0.12005413212099825,-0.07385940770009514,-0.06886387893635515,0.04829180507480781,-1.5294397793928203,-1.425995131672539,0.12615545729703806,0.15386974731973013,0.204,0.136,0.166,True,999,0.00011020898818969727,0.0013253340730443597,weak_3x3_bal_strong_200_200,weak_null,True,553,826020113,-4.9960036108132044e-14,0,1
200,200,0.09502480443764316,0.09904393890658064,0.08465387049855622,0.09600965822005492,-0.00401913446893748,-0.0113557877214987,0.047336838728901036,-0.08490500373198004,-0.23989324227022235,0.9323369137518563,0.8104130198042296,0.948,0.929,0.807,True,999,0.00014575000386685133,0.001326582976616919,weak_3x3_bal_strong_200_200,weak_null,True,554,826020113,-4.9960036108132044e-14,0,3
200,200,0.14852203757250892,0.1231395818474792,0.13805599526807555,0.10981040583253332,0.02538245572502973,0.02824558943554223,0.05014242811640084,0.5062071518775834,0.5633071731183978,0.6127112348490618,0.5732257344720881,0.69,0.631,0.591,True,999,0.0001106249401345849,0.0013272910146042705,weak_3x3_bal_strong_200_200,weak_null,True,555,826020113,-4.9960036108132044e-14,0,1
200,200,0.11274265593218935,0.11331565419737571,0.10228749468430465,0.11285845538327521,-0.0005729982651863641,-0.010570960698970566,0.04987256300502666,-0.011489248409563621,-0.21195944347005222,0.9908331077551756,0.8321386748161951,0.988,0.986,0.832,True,999,0.00011237501166760921,0.0013220409164205194,weak_3x3_bal_strong_200_200,weak_null,True,556,826020113,-4.9960036108132044e-14,0,4
200,200,0.1697198118789185,0.1339525436053654,0.15920381081335222,0.1276400194578713,0.03576726827355309,0.03156379135548093,0.0542833111132524,0.658899900172469,0.5814640026218875,0.5099600499809621,0.5609277725411798,0.582,0.541,0.588,True,999,0.00011829100549221039,0.0013225419679656625,weak_3x3_bal_strong_200_200,weak_null,True,557,826020113,-4.9960036108132044e-14,0,2
200,200,0.11757830020668436,0.0753627740046397,0.10713427711652912,0.05882710360000942,0.04221552620204466,0.0483071735165197,0.04568841857035353,0.9239874682254297,1.0573176973095197,0.35549284049072005,0.29036661910283035,0.475,0.35,0.291,True,999,0.00011754105798900127,0.0013579169753938913,weak_3x3_bal_strong_200_200,weak_null,True,558,826020113,-4.9960036108132044e-14,0,0
200,200,0.169510737709738,0.11212893760878462,0.15867615515469424,0.09871677913717747,0.057381800100953395,0.059959376017516774,0.050373864336504766,1.1391184864761337,1.1902874001680592,0.254653737938502,0.23393345131328858,0.337,0.276,0.258,True,999,0.00012266600970178843,0.0013870419934391975,weak_3x3_bal_strong_200_200,weak_null,True,559,826020113,-4.9960036108132044e-14,0,1
200,200,0.09491448001483938,0.10079718286599215,0.08453077701275902,0.09001839604897555,-0.005882702851152777,-0.005487619036216529,0.04759181931328244,-0.1236074379176122,-0.11530593104863684,0.9016261030487125,0.9082026374242834,0.91,0.89,0.897,True,999,0.00011962500866502523,0.001245124964043498,weak_3x3_bal_strong_200_200,weak_null,True,560,826020113,-4.9960036108132044e-14,0,1
200,200,0.07796733319562232,0.07541833932540443,0.06757155038425822,0.05978090441881534,0.002548993870217897,0.007790645965442877,0.04234765258603034,0.06019209364768332,0.1839687796062835,0.9520026426539322,0.8540379471305761,0.961,0.95,0.857,True,999,0.0001106249401345849,0.0012681670486927032,weak_3x3_bal_strong_200_200,weak_null,True,561,826020113,-4.9960036108132044e-14,0,1
200,200,0.09301453393772907,0.06901010362791377,0.0826302817023361,0.057621415228638284,0.024004430309815306,0.02500886647369782,0.04219358513174691,0.5689118437047463,0.5927172672246066,0.5694159673913103,0.5533703835712029,0.668,0.571,0.556,True,999,0.00010954204481095076,0.0012807500315830112,weak_3x3_bal_strong_200_200,weak_null,True,562,826020113,-4.9960036108132044e-14,0,1
200,200,0.07580393230425186,0.08767058609547579,0.06546651250195623,0.07133487510201064,-0.011866653791223924,-0.005868362600054411,0.04466453595659959,-0.2656840273176625,-0.1313875197484797,0.7904825657588086,0.8954687608759749,0.856,0.813,0.912,True,999,0.00011104100849479437,0.0013072500005364418,weak_3x3_bal_strong_200_200,weak_null,True,563,826020113,-4.9960036108132044e-14,0,0
200,200,0.13270810811796951,0.1743205419370828,0.12224956499889572,0.1610374124705487,-0.04161243381911328,-0.03878784747165298,0.054939826414034415,-0.7574183708830096,-0.7060060069964946,0.4487992534240186,0.48018440183307154,0.486,0.425,0.451,True,999,0.00012550002429634333,0.001322625088505447,weak_3x3_bal_strong_200_200,weak_null,True,564,826020113,-4.9960036108132044e-14,0,1
200,200,0.12654192312517099,0.1498565419232898,0.1160620164820898,0.14650123135069748,-0.023314618798118802,-0.030439214868607678,0.05442375086944813,-0.42839051747914225,-0.5593002022522366,0.6683668272791692,0.5759568573497317,0.738,0.702,0.611,True,999,0.0001140419626608491,0.0013180830283090472,weak_3x3_bal_strong_200_200,weak_null,True,565,826020113,-4.9960036108132044e-14,0,3
200,200,0.11652301403791587,0.09003724503822913,0.10610793979157052,0.07871178303695103,0.026485768999686743,0.027396156754619483,0.0458908181235829,0.5771474574360645,0.5969855817528089,0.5638398476530666,0.550517006946748,0.668,0.589,0.564,True,999,0.00011987506877630949,0.0012424169108271599,weak_3x3_bal_strong_200_200,weak_null,True,566,826020113,-4.9960036108132044e-14,0,1
200,200,0.13403294251741915,0.22154261060562996,0.12363025245883819,0.21594949360827798,-0.08750966808821081,-0.09231924114943979,0.056609012355830206,-1.5458610642797785,-1.6308223250591964,0.12213812562454938,0.10292781530327498,0.197,0.147,0.124,True,999,0.00011749996338039637,0.001287125051021576,weak_3x3_bal_strong_200_200,weak_null,True,567,826020113,-4.9960036108132044e-14,0,3
200,200,0.1317129279072633,0.12913942752846058,0.12126624157980359,0.11359000044333811,0.0025735003788027178,0.007676241136465478,0.053203657279404834,0.048370741982786986,0.1442803282517376,0.9614207765162557,0.8852791115491399,0.974,0.968,0.889,True,999,0.0001165829598903656,0.0013053750153630972,weak_3x3_bal_strong_200_200,weak_null,True,568,826020113,-4.9960036108132044e-14,0,1
200,200,0.10678379332895416,0.09891445038738605,0.09636337300619857,0.08029450102962699,0.007869342941568103,0.016068871976571586,0.04740625024187057,0.16599800451244448,0.33896104194250515,0.8681585205547322,0.7346390786318505,0.904,0.881,0.749,True,999,0.00011741707567125559,0.0013383330078795552,weak_3x3_bal_strong_200_200,weak_null,True,569,826020113,-4.9960036108132044e-14,0,0
200,200,0.11706487515726538,0.071722712339168,0.10664208898663219,0.0615759976280259,0.04534216281809739,0.045066091358606286,0.04317968966533131,1.050080794223547,1.0436872452742418,0.2936809680292932,0.29663011286093466,0.422,0.307,0.306,True,999,0.00011616596020758152,0.0013328749919310212,weak_3x3_bal_strong_200_200,weak_null,True,570,826020113,-4.9960036108132044e-14,0,2
200,200,0.09297300707102774,0.09318979470691369,0.08259531017324662,0.0778817084664496,-0.00021678763588595107,0.0047136017067970215,0.04735688554442051,-0.0045777426744544976,0.09953360852617066,0.9963475025535193,0.9207146046345203,0.996,0.996,0.922,True,999,0.00011304195504635572,0.0013325000181794167,weak_3x3_bal_strong_200_200,weak_null,True,571,826020113,-4.9960036108132044e-14,0,1
200,200,0.08921581524068767,0.05868190298759435,0.07877397704271516,0.043974979867869024,0.03053391225309332,0.034798997174846136,0.03931303175682129,0.7766867852361784,0.8851771440600759,0.4373435852555724,0.3760610974709895,0.583,0.438,0.374,True,999,0.00011620903387665749,0.0012765000574290752,weak_3x3_bal_strong_200_200,weak_null,True,572,826020113,-4.9960036108132044e-14,0,0
200,200,0.12091259733278359,0.07136221457298736,0.11041514621626902,0.05961856111672148,0.04955038275979623,0.05079658509954754,0.04350718932147795,1.1389010306702338,1.167544626342274,0.2547444356995434,0.24299049738519785,0.415,0.273,0.255,True,999,0.00011845806147903204,0.001271124929189682,weak_3x3_bal_strong_200_200,weak_null,True,573,826020113,-4.9960036108132044e-14,0,1
200,200,0.08459517410893258,0.06380005711312414,0.07418995266911566,0.05512907276758483,0.020795116995808438,0.019060879901530825,0.039880912171797366,0.5214303250193496,0.4779449331404744,0.6020670309589409,0.6326893992036025,0.71,0.605,0.63,True,999,0.00011116696987301111,0.0012773340567946434,weak_3x3_bal_strong_200_200,weak_null,True,574,826020113,-4.9960036108132044e-14,0,2
200,200,0.10136581650259746,0.13179029748137477,0.09088932897441282,0.11291104047700884,-0.030424480978777313,-0.02202171150259602,0.05038949605295656,-0.6037861729516579,-0.4370298023908083,0.545985813478749,0.6620897347950039,0.615,0.551,0.666,True,999,0.00011108303442597389,0.0013122080126777291,weak_3x3_bal_strong_200_200,weak_null,True,575,826020113,-4.9960036108132044e-14,0,0
200,200,0.11131043893567405,0.0848236087449793,0.10090453736899008,0.07934964355309404,0.026486830190694755,0.021554893815896037,0.04841133785622811,0.5471203929409116,0.44524474576409595,0.5842960228169927,0.6561428935597504,0.676,0.623,0.671,True,999,0.00011683395132422447,0.0012994579738005996,weak_3x3_bal_strong_200_200,weak_null,True,576,826020113,-4.9960036108132044e-14,0,3
200,200,0.07986031678346306,0.1567487069216703,0.06948379481329425,0.1462191089500493,-0.07688839013820725,-0.07673531413675505,0.05087957013985843,-1.5111839570746262,-1.5081753624455556,0.13074158866193258,0.13150965118517446,0.177,0.139,0.138,True,999,0.00011712498962879181,0.0013405410572886467,weak_3x3_bal_strong_200_200,weak_null,True,577,826020113,-4.9960036108132044e-14,0,2
200,200,0.10145408274019418,0.11491619785205615,0.09105335302595563,0.10550976944719537,-0.01346211511186196,-0.014456416421239737,0.04935176195653266,-0.2727788143353206,-0.29292604454472065,0.7850232458969189,0.7695786809271735,0.845,0.813,0.791,True,999,0.00012095808051526546,0.001350416918285191,weak_3x3_bal_strong_200_200,weak_null,True,578,826020113,-4.9960036108132044e-14,0,1
200,200,0.07367377038056677,0.09867133311557302,0.06332527675630217,0.08816156648342144,-0.02499756273500625,-0.024836289727119265,0.04508073471932874,-0.5545065512050836,-0.5509291248634086,0.579232223436968,0.5816822611455079,0.633,0.554,0.555,True,999,0.0001164580462500453,0.001336582936346531,weak_3x3_bal_strong_200_200,weak_null,True,579,826020113,-4.9960036108132044e-14,0,2
200,200,0.1260330011598081,0.08222870307856162,0.11563975665060866,0.0709671760749302,0.04380429808124647,0.04467258057567847,0.046927841788394806,0.933439434073425,0.9519419362414816,0.35059312791940467,0.3411264298803157,0.478,0.366,0.354,True,999,0.00011825002729892731,0.0012532500550150871,weak_3x3_bal_strong_200_200,weak_null,True,580,826020113,-4.9960036108132044e-14,0,1
200,200,0.13799612455177357,0.15179166124158272,0.12753257618453517,0.13335494428098116,-0.013795536689809151,-0.0058223680964459845,0.05334857366976878,-0.2585924185190862,-0.10913821487499986,0.7959497334767455,0.9130928648205652,0.838,0.827,0.919,True,999,0.00011229200754314661,0.0012995830038562417,weak_3x3_bal_strong_200_200,weak_null,True,581,826020113,-4.9960036108132044e-14,0,0
200,200,0.11223867787236896,0.1199129008677901,0.10182476747775127,0.10659292785240382,-0.007674222995421143,-0.0047681603746525525,0.050440578851488546,-0.15214383280604776,-0.09453024694049164,0.8790734930190317,0.9246879564331909,0.904,0.889,0.924,True,999,0.0001217500539496541,0.0013333330862224102,weak_3x3_bal_strong_200_200,weak_null,True,582,826020113,-4.9960036108132044e-14,0,1
200,200,0.1506056986087625,0.09785341517124646,0.1401599531759814,0.08852873004008188,0.052752283437516034,0.05163122313589952,0.049787615462606225,1.0595462937391824,1.0370294430886726,0.28935105775542613,0.2997221356010795,0.364,0.295,0.3,True,999,0.0001360829919576645,0.0012428340269252658,weak_3x3_bal_strong_200_200,weak_null,True,583,826020113,-4.9960036108132044e-14,0,1
200,200,0.07761911270705224,0.1532392126139197,0.0672494167401112,0.13953237191375933,-0.07562009990686747,-0.07228295517364813,0.04965672910422371,-1.5228570481988384,-1.455652768065625,0.12779447367265057,0.1454886328768623,0.201,0.127,0.145,True,999,0.00011108408216387033,0.0012734589399769902,weak_3x3_bal_strong_200_200,weak_null,True,584,826020113,-4.9960036108132044e-14,0,1
200,200,0.10752361290460555,0.12087653348008431,0.09715622906148269,0.10934001287172634,-0.013352920575478766,-0.012183783810243654,0.04971856606286118,-0.2685701063581788,-0.24505501214253053,0.7882605189930674,0.8064138360835087,0.826,0.791,0.813,True,999,0.00011320901103317738,0.0013068339321762323,weak_3x3_bal_strong_200_200,weak_null,True,585,826020113,-4.9960036108132044e-14,0,1
200,200,0.07612453498544092,0.09857079397512902,0.06574128438475668,0.08434897997787516,-0.022446258989688106,-0.01860769559311848,0.04404651800573656,-0.5096034829986955,-0.42245554099634025,0.6103292832484088,0.67269254526118,0.731,0.638,0.699,True,999,0.00011608295608311892,0.0013203329872339964,weak_3x3_bal_strong_200_200,weak_null,True,586,826020113,-4.9960036108132044e-14,0,0
200,200,0.12547367101519158,0.13134204676860528,0.11505688538144909,0.11576814371807131,-0.0058683757534137015,-0.0007112583366222225,0.052259894632028,-0.1122921466783289,-0.01361002240112288,0.9105917684640075,0.989141108491981,0.925,0.919,0.986,True,999,0.00011508399620652199,0.0012950000818818808,weak_3x3_bal_strong_200_200,weak_null,True,587,826020113,-4.9960036108132044e-14,0,1
200,200,0.08005206574351131,0.08979635803739333,0.06971096787665942,0.07298672999360178,-0.009744292293882018,-0.00327576211694236,0.04471866834303619,-0.2179021123601827,-0.0732526758581906,0.8275053812676778,0.9416050496671774,0.862,0.819,0.943,True,999,0.00012654101010411978,0.0013177919900044799,weak_3x3_bal_strong_200_200,weak_null,True,588,826020113,-4.9960036108132044e-14,0,0
200,200,0.12564176123680082,0.07947928229076667,0.11524068271444321,0.061150698643317014,0.04616247894603415,0.054089984071126196,0.046946894195424,0.9832914346554088,1.1521525544579783,0.32546402449024414,0.24925839032055508,0.432,0.33,0.258,True,999,0.0001266660401597619,0.001246000058017671,weak_3x3_bal_strong_200_200,weak_null,True,589,826020113,-4.9960036108132044e-14,0,0
200,200,0.07229299871123485,0.12841401024482207,0.06194472654749461,0.12000593644323487,-0.05612101153358723,-0.05806120989574026,0.04798086833258193,-1.1696539367437342,-1.2100908531560102,0.24214026226449714,0.22624403260303694,0.33,0.257,0.239,True,999,0.00011149991769343615,0.0012513749534264207,weak_3x3_bal_strong_200_200,weak_null,True,590,826020113,-4.9960036108132044e-14,0,2
200,200,0.10852326092527997,0.09818881885817332,0.09807814203193743,0.08694104055676632,0.010334442067106653,0.011137101475171107,0.04447911920632873,0.23234367612288986,0.2503894338264338,0.8162710918042699,0.8022862000131121,0.842,0.808,0.794,True,999,0.000110041000880301,0.0012655829777941108,weak_3x3_bal_strong_200_200,weak_null,True,591,826020113,-4.9960036108132044e-14,0,1
200,200,0.07968249922168735,0.09959486558009889,0.06933610576450633,0.08817936963282591,-0.019912366358411537,-0.018843263868319582,0.04584452369268113,-0.43434558273293733,-0.41102540392033393,0.6640375076163063,0.6810539070631634,0.729,0.675,0.688,True,999,0.00011266698129475117,0.0013180000241845846,weak_3x3_bal_strong_200_200,weak_null,True,592,826020113,-4.9960036108132044e-14,0,1
200,200,0.07639770027789039,0.0905574674104569,0.06598769053593401,0.07815203056523501,-0.014159767132566503,-0.012164340029301002,0.044709370561776145,-0.31670692194159994,-0.27207585068756907,0.7514659960286074,0.7855636977112055,0.834,0.783,0.813,True,999,0.00011566700413823128,0.0013164159609004855,weak_3x3_bal_strong_200_200,weak_null,True,593,826020113,-4.9960036108132044e-14,0,2
200,200,0.07791810843526825,0.08336380022153339,0.06754621917119152,0.0749743627571604,-0.005445691786265139,-0.007428143585968883,0.04083501065554114,-0.1333584024797158,-0.18190624825907606,0.8939099415112665,0.8556563009096021,0.909,0.89,0.856,True,999,0.00011537503451108932,0.0013282500440254807,weak_3x3_bal_strong_200_200,weak_null,True,594,826020113,-4.9960036108132044e-14,0,2
200,200,0.1360605898908993,0.1391562562100866,0.12563740898991682,0.13048805470913294,-0.0030956663191872846,-0.004850645719216118,0.05575135186793971,-0.05552630053743098,-0.08700498834012173,0.9557191774686384,0.9306675470241601,0.957,0.95,0.93,True,999,0.00011837505735456944,0.0013007079251110554,weak_3x3_bal_strong_200_200,weak_null,True,595,826020113,-4.9960036108132044e-14,0,2
200,200,0.08623252432919681,0.09647903111051348,0.07586685720909259,0.0809580428594785,-0.010246506781316667,-0.00509118565038591,0.04706414917994583,-0.2177136304353449,-0.10817545284671329,0.8276522428643978,0.9138565164644719,0.835,0.811,0.896,True,999,0.0001170419855043292,0.0013048331020399928,weak_3x3_bal_strong_200_200,weak_null,True,596,826020113,-4.9960036108132044e-14,0,1
200,200,0.11953440796071613,0.09039119566574616,0.10907440565182469,0.08437643766094993,0.029143212294969967,0.02469796799087476,0.04577375681189815,0.6366794933334958,0.5395661119179739,0.5243336336663958,0.589496292321454,0.604,0.539,0.596,True,999,0.00011791696306318045,0.0012974169803783298,weak_3x3_bal_strong_200_200,weak_null,True,597,826020113,-4.9960036108132044e-14,0,2
200,200,0.08670364623031701,0.15206239163553614,0.07635168707898288,0.1405852793973139,-0.06535874540521913,-0.06423359231833103,0.051920230891126226,-1.2588300221983355,-1.237159219361432,0.20809173390810498,0.216027978039656,0.253,0.212,0.219,True,999,0.0001181670231744647,0.0013315000105649233,weak_3x3_bal_strong_200_200,weak_null,True,598,826020113,-4.9960036108132044e-14,0,1
200,200,0.12681100097733133,0.0945525234101467,0.11639013136326071,0.07597286139011317,0.03225847756718464,0.04041726997314754,0.047832903161593755,0.6743993242100719,0.8449679467835352,0.5000574722723926,0.3981287355802007,0.603,0.528,0.415,True,999,0.00011783395893871784,0.0013287500478327274,weak_3x3_bal_strong_200_200,weak_null,True,599,826020113,-4.9960036108132044e-14,0,0
200,200,0.1063976433952385,0.13076944092356135,0.09599404283775925,0.11941244497542414,-0.02437179752832286,-0.023418402137664884,0.049519492250184344,-0.4921657396079648,-0.4729128081392576,0.6226021819855612,0.6362753866898947,0.695,0.654,0.665,True,999,0.00011654198169708252,0.001329708960838616,weak_3x3_bal_strong_200_200,weak_null,True,600,826020113,-4.9960036108132044e-14,0,1
200,200,0.0818474974925889,0.09250303154274497,0.07145012857549204,0.08413487354589222,-0.010655534050156068,-0.012684744970400175,0.04143668166849039,-0.257152204788127,-0.30612357118465905,0.7970612785762696,0.7595105616718394,0.817,0.776,0.738,True,999,0.00011562497820705175,0.001253209076821804,weak_3x3_bal_strong_200_200,weak_null,True,601,826020113,-4.9960036108132044e-14,0,2
200,200,0.15161128933577905,0.15356023380243217,0.14111988265995024,0.14205401809302032,-0.001948944466653113,-0.0009341354330700824,0.055591540022144545,-0.035058292428609875,-0.016803553790702242,0.972033258772165,0.9865933347831162,0.976,0.972,0.986,True,999,0.0001115420600399375,0.0012715000193566084,weak_3x3_bal_strong_200_200,weak_null,True,602,826020113,-4.9960036108132044e-14,0,1
200,200,0.12349897269495758,0.14365831645652244,0.11312056027870199,0.1250131482469925,-0.020159343761564863,-0.011892587968290513,0.053069358876590804,-0.37986785950145074,-0.22409518826006397,0.7040435065314328,0.8226832364923212,0.748,0.713,0.841,True,999,0.00012141698971390724,0.001273290952667594,weak_3x3_bal_strong_200_200,weak_null,True,603,826020113,-4.9960036108132044e-14,0,0
200,200,0.09511573326281342,0.0286033793496851,0.08472238641920171,0.020166336781478833,0.06651235391312832,0.06455604963772288,0.0353965149781163,1.879065042257669,1.823796768626355,0.060235612665643645,0.06818280259915069,0.215,0.06,0.07,True,999,0.0001182089326903224,0.0013219170505180955,weak_3x3_bal_strong_200_200,weak_null,True,604,826020113,-4.9960036108132044e-14,0,2
200,200,0.1375232752054667,0.15635904432959113,0.12699320181584994,0.14979002559275045,-0.018835769124124435,-0.02279682377690051,0.052284569988572824,-0.3602548348057779,-0.4360143687111307,0.718656571434352,0.6628263045315463,0.736,0.708,0.646,True,999,0.00012008310295641422,0.0013422080082818866,weak_3x3_bal_strong_200_200,weak_null,True,605,826020113,-4.9960036108132044e-14,0,2
200,200,0.10597159609850171,0.08148082548467322,0.09557760395568948,0.07531217646776156,0.024490770613828483,0.020265427487927923,0.045302134778670046,0.5406096364659544,0.4473393491705749,0.588776674397351,0.6546300599790734,0.694,0.628,0.675,True,999,0.000116499955765903,0.0013213750207796693,weak_3x3_bal_strong_200_200,weak_null,True,606,826020113,-4.9960036108132044e-14,0,2
200,200,0.09316742066074335,0.23796800990083522,0.08273132616528756,0.22749835185280176,-0.14480058924009187,-0.1447670256875142,0.05412476424733875,-2.675311223128543,-2.67469110860159,0.007465990650000814,0.007479813144609162,0.028,0.018,0.018,True,999,0.00011487491428852081,0.0012552080443128943,weak_3x3_bal_strong_200_200,weak_null,True,607,826020113,-4.9960036108132044e-14,0,2
200,200,0.09562578651161413,0.13859352320712065,0.08524782432183997,0.12047440999758408,-0.04296773669550652,-0.035226585675744104,0.05054214163514795,-0.8501368423538657,-0.6969745352311482,0.39524901045780914,0.4858187302586452,0.424,0.39,0.463,True,999,0.00011179095599800348,0.0012684999965131283,weak_3x3_bal_strong_200_200,weak_null,True,608,826020113,-4.9960036108132044e-14,0,0
200,200,0.05717608389680162,0.09407369074312372,0.04682935786243547,0.07538840043307005,-0.036897606846322095,-0.028559042570634574,0.04227851834064293,-0.8727270560674286,-0.6754977158974932,0.38281186679189694,0.49935960205245566,0.507,0.401,0.511,True,999,0.0001154160127043724,0.0012660830980166793,weak_3x3_bal_strong_200_200,weak_null,True,609,826020113,-4.9960036108132044e-14,0,0
200,200,0.07533336987335248,0.09493127551626124,0.0649858103548695,0.08630129740114256,-0.019597905642908753,-0.021315487046273063,0.0472903334116564,-0.4144167365518752,-0.45073666241099275,0.6785689339007488,0.6521793553328223,0.71,0.675,0.659,True,999,0.00011845899280160666,0.0013206250732764602,weak_3x3_bal_strong_200_200,weak_null,True,610,826020113,-4.9960036108132044e-14,0,2
200,200,0.07092645111351303,0.10712704908895296,0.06058321914193243,0.09470189375699078,-0.036200597975439924,-0.03411867461505835,0.04816865786365778,-0.7515384397444982,-0.7083169041502433,0.45232867587336245,0.4787484819154849,0.554,0.481,0.505,True,999,0.0001175830839201808,0.0012865420430898666,weak_3x3_bal_strong_200_200,weak_null,True,611,826020113,-4.9960036108132044e-14,0,2
200,200,0.0994340003198595,0.17405617295972803,0.08906357217188088,0.1564448435908048,-0.07462217263986853,-0.06738127141892392,0.053069131074139284,-1.406131420083343,-1.26968861285462,0.1596851038796394,0.2041955705748032,0.227,0.167,0.208,True,999,0.00011695805005729198,0.001343957963399589,weak_3x3_bal_strong_200_200,weak_null,True,612,826020113,-4.9960036108132044e-14,0,1
200,200,0.12234558084017255,0.10413270112795947,0.11194246920700834,0.08742610947132334,0.01821287971221308,0.024516359735685,0.04798221668233344,0.3795756213763854,0.5109467930169985,0.7042604600891632,0.6093883142030865,0.753,0.712,0.627,True,999,0.00012495799455791712,0.001306041027419269,weak_3x3_bal_strong_200_200,weak_null,True,613,826020113,-4.9960036108132044e-14,0,0
200,200,0.1313465762679964,0.10504620359223682,0.12081571900284871,0.0907768148255883,0.026300372675759576,0.030038904177260406,0.04816981704815901,0.5459927873395306,0.6236042820596193,0.5850708951497381,0.5328874977601121,0.656,0.601,0.541,True,999,0.00011883291881531477,0.0012465830659493804,weak_3x3_bal_strong_200_200,weak_null,True,614,826020113,-4.9960036108132044e-14,0,0
200,200,0.07921907269600492,0.11144653107838587,0.06882370366452051,0.09282552179786308,-0.03222745838238095,-0.024001818133342567,0.046721654021071195,-0.689775630970739,-0.5137193585337944,0.49033529572128587,0.607448215418297,0.543,0.467,0.591,True,999,0.00011216592974960804,0.001262082951143384,weak_3x3_bal_strong_200_200,weak_null,True,615,826020113,-4.9960036108132044e-14,0,0
200,200,0.14012490699115077,0.13152634469925634,0.129686554827515,0.115097456246545,0.00859856229189443,0.014589098580970017,0.05417858965910937,0.15870775422535757,0.2692779319794838,0.8738991286283062,0.7877158129221765,0.886,0.87,0.785,True,999,0.00011870800517499447,0.001311291940510273,weak_3x3_bal_strong_200_200,weak_null,True,616,826020113,-4.9960036108132044e-14,0,0
200,200,0.1143625381585951,0.16794135794667903,0.10396032503925312,0.1588808265245376,-0.05357881978808393,-0.05492050148528449,0.05040991420869661,-1.0628627449407686,-1.0894781780011387,0.28784420006128997,0.27594307282820996,0.356,0.297,0.28,True,999,0.00011825002729892731,0.0013368329964578152,weak_3x3_bal_strong_200_200,weak_null,True,617,826020113,-4.9960036108132044e-14,0,1
200,200,0.12409372423282972,0.09002628929189843,0.11366751711855727,0.07163851757346151,0.034067434940931285,0.04202899954509576,0.04817055000999059,0.7072253676544213,0.8725040410869074,0.4794264364612135,0.3829334645637127,0.539,0.474,0.378,True,999,0.00013229204341769218,0.001292457920499146,weak_3x3_bal_strong_200_200,weak_null,True,618,826020113,-4.9960036108132044e-14,0,0
200,200,0.10958866603291284,0.12253962666819807,0.09916263785720503,0.10928124687539764,-0.012950960635285225,-0.010118609018192615,0.051442711385668256,-0.2517550161419624,-0.19669665042211637,0.8012304294563073,0.8440649314658626,0.837,0.807,0.856,True,999,0.00011837505735456944,0.0013301660073921084,weak_3x3_bal_strong_200_200,weak_null,True,619,826020113,-4.9960036108132044e-14,0,1
200,200,0.0724870926154968,0.09958863502145521,0.06214271930554105,0.0831551104513153,-0.027101542405958412,-0.021012391145774245,0.04438118004594706,-0.6106539388520238,-0.4734527365883576,0.5414287056899044,0.6358902130293222,0.602,0.516,0.616,True,999,0.00011729204561561346,0.0013017919845879078,weak_3x3_bal_strong_200_200,weak_null,True,620,826020113,-4.9960036108132044e-14,0,0
200,200,0.09066799973704254,0.09358026986878482,0.08028174925740927,0.07517627124872206,-0.0029122701317422783,0.005105478008687214,0.04581641873938502,-0.06356389722007698,0.11143337146729909,0.9493174794272071,0.9112726982383836,0.965,0.957,0.915,True,999,0.00012045807670801878,0.001309167011640966,weak_3x3_bal_strong_200_200,weak_null,True,621,826020113,-4.9960036108132044e-14,0,0
200,200,0.07978535908287832,0.053168632739709565,0.06941701808986522,0.04262960955622219,0.02661672634316875,0.02678740853364303,0.04059928417124376,0.655595951665109,0.6598000206273685,0.5120841309879429,0.5093821700956032,0.628,0.521,0.517,True,999,0.00013774994295090437,0.0013684590812772512,weak_3x3_bal_strong_200_200,weak_null,True,622,826020113,-4.9960036108132044e-14,0,2
200,200,0.06792402556071098,0.08955150256831396,0.05759019226255191,0.07392972520288765,-0.02162747700760298,-0.016339532940335744,0.04344758226937428,-0.49778321089337,-0.37607461881379073,0.618636850706175,0.7068614228595739,0.694,0.619,0.709,True,999,0.0001176249934360385,0.0013800410088151693,weak_3x3_bal_strong_200_200,weak_null,True,623,826020113,-4.9960036108132044e-14,0,1
200,200,0.054560127302634376,0.11934382207724809,0.04422960383797658,0.1107504793697558,-0.06478369477461371,-0.06652087553177921,0.04735265309950972,-1.3681111940755113,-1.4047972220688085,0.17127727331282483,0.1600815853840809,0.246,0.191,0.175,True,999,0.00011945795267820358,0.001316040987148881,weak_3x3_bal_strong_200_200,weak_null,True,624,826020113,-4.9960036108132044e-14,0,2
200,200,0.1500357034459434,0.15969230631538156,0.13949593840320063,0.15122451150666905,-0.009656602869438147,-0.01172857310346842,0.055322400252300036,-0.1745514082071425,-0.2120040535114129,0.8614321329045075,0.8321038719587907,0.885,0.875,0.845,True,999,0.00011770904529839754,0.0013509999262169003,weak_3x3_bal_strong_200_200,weak_null,True,625,826020113,-4.9960036108132044e-14,0,2
200,200,0.09240145449539972,0.046854986406080656,0.08201755604557093,0.029267431664386834,0.04554646808931906,0.052750124381184094,0.0399809250795118,1.1392049583329755,1.319382287335214,0.2546176779846102,0.18704134032783504,0.437,0.261,0.186,True,999,0.00011708296369761229,0.0013271250063553452,weak_3x3_bal_strong_200_200,weak_null,True,626,826020113,-4.9960036108132044e-14,0,1
200,200,0.11120456729048489,0.10409229801284992,0.10079176390669886,0.08759895925778949,0.007112269277634975,0.013192804648909373,0.047402452952125106,0.1500401104731464,0.27831480919845364,0.8807329698495036,0.7807707089436814,0.89,0.872,0.775,True,999,0.00011745805386453867,0.0013549159048125148,weak_3x3_bal_strong_200_200,weak_null,True,627,826020113,-4.9960036108132044e-14,0,0
200,200,0.11050011483758082,0.17402635990249793,0.10003664141160584,0.1708095230341229,-0.06352624506491711,-0.07077288162251705,0.05129647476852282,-1.238413465088616,-1.3796831447362066,0.21556279041205384,0.1676842248107907,0.293,0.23,0.188,True,999,0.00011758296750485897,0.0013602919643744826,weak_3x3_bal_strong_200_200,weak_null,True,628,826020113,-4.9960036108132044e-14,0,3
200,200,0.13766578414027464,0.13352433542368625,0.1271852720573463,0.1229625190466308,0.004141448716588392,0.004222753010715508,0.05364427730762954,0.0772020600228941,0.07871767917572316,0.9384628028787011,0.937257183166414,0.945,0.942,0.935,True,999,0.00012037507258355618,0.0013553750468418002,weak_3x3_bal_strong_200_200,weak_null,True,629,826020113,-4.9960036108132044e-14,0,2
200,200,0.11053831923478419,0.08343973883112765,0.10010063378547329,0.06286808320923853,0.027098580403656536,0.03723255057623476,0.045615631759870906,0.5940634681178693,0.8162234992652029,0.5524696637136648,0.4143723189652473,0.629,0.543,0.41,True,999,0.00011612509842962027,0.0012739169178530574,weak_3x3_bal_strong_200_200,weak_null,True,630,826020113,-4.9960036108132044e-14,0,0
200,200,0.08344316643410887,0.20346783328033813,0.07306628174410434,0.19318032784730121,-0.12002466684622926,-0.12011404610319687,0.052372060693324986,-2.2917690321382915,-2.2934756531072655,0.021918974548127586,0.021820635496912502,0.056,0.028,0.028,True,999,0.00011866597924381495,0.001259292010217905,weak_3x3_bal_strong_200_200,weak_null,True,631,826020113,-4.9960036108132044e-14,0,2
200,200,0.1668200535503379,0.12395231955253061,0.15626693841286965,0.11225915427696975,0.0428677339978073,0.0440077841358999,0.052006870124187685,0.8242705991620538,0.846191744106371,0.40978582028179866,0.39744578680605835,0.482,0.411,0.4,True,999,0.00011208304204046726,0.0012731660390272737,weak_3x3_bal_strong_200_200,weak_null,True,632,826020113,-4.9960036108132044e-14,0,0
200,200,0.12727094908862724,0.14684517832245703,0.11686598335910503,0.13151866994876116,-0.019574229233829787,-0.014652686589656128,0.054116611149321314,-0.3617046377833892,-0.27076134810484875,0.7175727609520907,0.7865745894819209,0.739,0.721,0.789,True,999,0.00011587492190301418,0.0013303750893101096,weak_3x3_bal_strong_200_200,weak_null,True,633,826020113,-4.9960036108132044e-14,0,1
200,200,0.07928741911609594,0.09243847082324397,0.06891729900533505,0.08076799709058236,-0.013151051707148032,-0.011850698085247302,0.045282724926573925,-0.29042094371468374,-0.26170461482747,0.771494223058314,0.7935491823883557,0.823,0.793,0.813,True,999,0.0001189579488709569,0.0013112500309944153,weak_3x3_bal_strong_200_200,weak_null,True,634,826020113,-4.9960036108132044e-14,0,1
200,200,0.10558755551853616,0.0902114993873323,0.0951764824374095,0.08197901854599365,0.015376056131203852,0.01319746389141585,0.0453646852034057,0.33894330054889293,0.2909193314632561,0.7346524439732234,0.7711130160871269,0.762,0.722,0.758,True,999,0.00012037495616823435,0.0013365000486373901,weak_3x3_bal_strong_200_200,weak_null,True,635,826020113,-4.9960036108132044e-14,0,2
200,200,0.11634252036614612,0.11919511871652522,0.10594439922866172,0.09856675640646984,-0.0028525983503790986,0.007377642822191888,0.05115632702931057,-0.05576237615231194,0.14421760221301244,0.955531107765669,0.8853286416913264,0.964,0.955,0.884,True,999,0.00011658400762826204,0.001331667066551745,weak_3x3_bal_strong_200_200,weak_null,True,636,826020113,-4.9960036108132044e-14,0,0
200,200,0.1262437350720278,0.15226077371910485,0.11578724937993456,0.1379872221478422,-0.02601703864707705,-0.02219997276790764,0.05202201639050522,-0.5001159211472922,-0.4267418740800569,0.6169934561843866,0.6695673473992432,0.657,0.63,0.674,True,999,0.0001129169249907136,0.0013287499314174056,weak_3x3_bal_strong_200_200,weak_null,True,637,826020113,-4.9960036108132044e-14,0,0
200,200,0.11202489563331008,0.13015099702245264,0.10157529235863194,0.11556757826328123,-0.018126101389142557,-0.013992285904649293,0.04949786780646462,-0.366199640356533,-0.28268461904982994,0.7142161105332139,0.7774186077694779,0.746,0.709,0.764,True,999,0.00011183402966707945,0.0013214590726420283,weak_3x3_bal_strong_200_200,weak_null,True,638,826020113,-4.9960036108132044e-14,0,0
200,200,0.09771334507621665,0.10261792601187014,0.08728586647950465,0.0858187570848088,-0.004904580935653491,0.0014671093946958536,0.047074069043354996,-0.10418859119946472,0.03116597788359134,0.9170196876004815,0.9751371724422258,0.94,0.929,0.979,True,999,0.00011424999684095383,0.0013546659611165524,weak_3x3_bal_strong_200_200,weak_null,True,639,826020113,-4.9960036108132044e-14,0,0
200,200,0.09553211522901517,0.1567029619901794,0.08513717713725555,0.1474727525212245,-0.061170846761164244,-0.062335575383968944,0.05314502370670566,-1.151017395320983,-1.1729334382835859,0.24972507919624398,0.24082249899816677,0.276,0.244,0.235,True,999,0.00011508399620652199,0.001357999979518354,weak_3x3_bal_strong_200_200,weak_null,True,640,826020113,-4.9960036108132044e-14,0,1
200,200,0.12361878201725962,0.08136598475551138,0.1132051148030655,0.06663039934649362,0.04225279726174824,0.04657471545657188,0.046455797014254535,0.9095269046569874,1.0025598192251628,0.3630720626582441,0.31607329079146995,0.47,0.363,0.321,True,999,0.00012025004252791405,0.0013133330503478646,weak_3x3_bal_strong_200_200,weak_null,True,641,826020113,-4.9960036108132044e-14,0,0
200,200,0.06452611775775807,0.0924047157948425,0.05418671235648276,0.08059551737050441,-0.027878598037084423,-0.026408805014021652,0.044201080448695376,-0.6307220944393742,-0.5974696714636786,0.5282222499103197,0.55019384988489,0.624,0.536,0.556,True,999,0.00011729192920029163,0.0013266659807413816,weak_3x3_bal_strong_200_200,weak_null,True,642,826020113,-4.9960036108132044e-14,0,1
200,200,0.12841827261295413,0.06780037257071131,0.11565239329718224,0.05954685040632768,0.06061790004224282,0.056105542890854565,0.04237048116397386,1.4306634802576683,1.324165818974913,0.15252668452188636,0.18544798008531727,0.29,0.16,0.188,True,999,0.00011683395132422447,0.0013368339277803898,weak_3x3_bal_strong_200_200,weak_null,True,643,826020113,-4.9960036108132044e-14,0,2
200,200,0.12663710267119677,0.14410628051756158,0.11626023666951824,0.13813953021634973,-0.017469177846364814,-0.02187929354683149,0.050557591966475746,-0.3455302589954929,-0.4327598031436988,0.7296957660351264,0.6651892785892636,0.803,0.753,0.681,True,999,0.0001204590080305934,0.00130658398848027,weak_3x3_bal_strong_200_200,weak_null,True,644,826020113,-4.9960036108132044e-14,0,2
200,200,0.12603937183832015,0.12645964222089728,0.11556021229620228,0.11595343798175861,-0.000420270382577137,-0.00039322568555633097,0.05171791048971953,-0.008126205768902404,-0.007603278667541997,0.9935162972379541,0.9939335197901243,0.997,0.997,0.994,True,999,0.0001158339437097311,0.0013022080529481173,weak_3x3_bal_strong_200_200,weak_null,True,645,826020113,-4.9960036108132044e-14,0,2
200,200,0.15294004411337037,0.12748394698881516,0.14240254538748331,0.11906106577718134,0.02545609712455521,0.023341479610301974,0.0510818747129441,0.4983391323753562,0.45694250145418536,0.6182450304371918,0.6477123741934945,0.695,0.649,0.671,True,999,0.00012508302461355925,0.0013186249416321516,weak_3x3_bal_strong_200_200,weak_null,True,646,826020113,-4.9960036108132044e-14,0,2
200,200,0.07368707238700223,0.11896143874919651,0.06334110328691622,0.10565452521480267,-0.045274366362194285,-0.04231342192788645,0.0474374190183297,-0.9544019742031156,-0.8919840666613134,0.33988020732833213,0.37240147270598845,0.42,0.368,0.403,True,999,0.00011533405631780624,0.0012391249183565378,weak_3x3_bal_strong_200_200,weak_null,True,647,826020113,-4.9960036108132044e-14,0,1
200,200,0.07163642461881214,0.174413542536362,0.06129188452624135,0.1591240228441677,-0.10277711791754984,-0.09783213831792636,0.05094265100069399,-2.017506272222655,-1.9204367341737594,0.04364270714135801,0.054802757274461995,0.061,0.041,0.047,True,999,0.00011462508700788021,0.0012725000269711018,weak_3x3_bal_strong_200_200,weak_null,True,648,826020113,-4.9960036108132044e-14,0,1
200,200,0.06571312296416476,0.09788552533993777,0.05538132256032213,0.08250784960586088,-0.03217240237577301,-0.02712652704553875,0.042829735499877765,-0.7511697655911238,-0.633357332912228,0.4525504934576777,0.5265003211175356,0.547,0.442,0.511,True,999,0.00011033297050744295,0.001255583018064499,weak_3x3_bal_strong_200_200,weak_null,True,649,826020113,-4.9960036108132044e-14,0,1
200,200,0.11115883116877479,0.17238785888222619,0.10073100337717733,0.16401822035493296,-0.0612290277134514,-0.06328721697775563,0.051156410055620924,-1.1968984462920444,-1.237131708596151,0.23134613984694463,0.21603818961169352,0.3,0.243,0.231,True,999,0.00011954200454056263,0.00128791609313339,weak_3x3_bal_strong_200_200,weak_null,True,650,826020113,-4.9960036108132044e-14,0,2
200,200,0.11402491775602508,0.08454673371055593,0.10362742252203816,0.07940672910182656,0.029478184045469147,0.024220693420211603,0.04449007952200983,0.6625788122245522,0.5444066111014547,0.5076003437056986,0.5861616974227779,0.616,0.515,0.594,True,999,0.00012904196046292782,0.0013110419968143106,weak_3x3_bal_strong_200_200,weak_null,True,651,826020113,-4.9960036108132044e-14,0,3
200,200,0.08735932903905841,0.11469809213302573,0.07698317322387993,0.10131041005577401,-0.027338763093967322,-0.024327236831894083,0.047152107149640174,-0.5797993927865417,-0.5159310644313322,0.5620499071246015,0.6059025567910319,0.65,0.578,0.629,True,999,0.00011583301238715649,0.0012960419990122318,weak_3x3_bal_strong_200_200,weak_null,True,652,826020113,-4.9960036108132044e-14,0,1
200,200,0.08425668292594057,0.07024313719288078,0.07390346528941905,0.054704136973484196,0.014013545733059796,0.01919932831593485,0.04314052728725871,0.32483482734803315,0.4450415774497326,0.7453060842626351,0.6562897076654017,0.808,0.755,0.667,True,999,0.0001139170490205288,0.0012444580206647515,weak_3x3_bal_strong_200_200,weak_null,True,653,826020113,-4.9960036108132044e-14,0,1
200,200,0.08670003545972005,0.152597298960234,0.07635518913608053,0.14395803177976063,-0.06589726350051395,-0.0676028426436801,0.05010851630060473,-1.3150910936015616,-1.3491288035376183,0.18847928950484982,0.17729559801183292,0.261,0.175,0.168,True,999,0.00011083402205258608,0.0012755419593304396,weak_3x3_bal_strong_200_200,weak_null,True,654,826020113,-4.9960036108132044e-14,0,2
200,200,0.07768990573618217,0.10418977269398455,0.06733096800113003,0.0901633725791271,-0.026499866957802376,-0.022832404577997067,0.04396330912358838,-0.6027723455326512,-0.5193513644255321,0.5466601462124296,0.603515740595928,0.605,0.549,0.599,True,999,0.00011791707947850227,0.0012849160702899098,weak_3x3_bal_strong_200_200,weak_null,True,655,826020113,-4.9960036108132044e-14,0,0
200,200,0.08508140268488651,0.15391435636097034,0.07468890638230619,0.13932286366191704,-0.06883295367608383,-0.06463395727961085,0.049091332569404574,-1.4021406646227998,-1.316606290697698,0.16087324598469832,0.18797062908977258,0.23,0.166,0.197,True,999,0.00011766701936721802,0.0013372079702094197,weak_3x3_bal_strong_200_200,weak_null,True,656,826020113,-4.9960036108132044e-14,0,0
200,200,0.1327546036264966,0.13597485814585542,0.12234106523183641,0.12982097399994075,-0.0032202545193588117,-0.0074799087681043375,0.050245490409726104,-0.06409041872413412,-0.14886726564134478,0.94889823091292,0.8816583715791793,0.949,0.943,0.888,True,999,0.00011937494855374098,0.0013360410230234265,weak_3x3_bal_strong_200_200,weak_null,True,657,826020113,-4.9960036108132044e-14,0,2
200,200,0.1253770281043014,0.09003804154405903,0.11495629569580501,0.07368083292962524,0.03533898656024237,0.04127546276617977,0.047319415172248885,0.7468179061724203,0.872273307181242,0.4551734853874897,0.3830592959454425,0.554,0.475,0.395,True,999,0.00011800008360296488,0.0013193750055506825,weak_3x3_bal_strong_200_200,weak_null,True,658,826020113,-4.9960036108132044e-14,0,0
200,200,0.14538009016345277,0.09589298885656572,0.1348706911380475,0.0843766614188155,0.04948710130688705,0.050494029719232,0.04907323030422602,1.0084337427981664,1.0289526368286301,0.3132462808466181,0.30350193188443597,0.399,0.319,0.306,True,999,0.00011420808732509613,0.0012557919835671782,weak_3x3_bal_strong_200_200,weak_null,True,659,826020113,-4.9960036108132044e-14,0,1
200,200,0.0860507951579117,0.013513446608704183,0.07561842822795484,0.0033388454612577334,0.07253734854920751,0.0722795827666971,0.030750789268449586,2.3588776182610403,2.350495206341133,0.018330299716439725,0.018748449153213307,0.174,0.018,0.019,True,999,0.00011399993672966957,0.0012696250341832638,weak_3x3_bal_strong_200_200,weak_null,True,660,826020113,-4.9960036108132044e-14,0,2
200,200,0.0681366711135627,0.05348925184271469,0.057802828610107326,0.042303211734136426,0.014647419270848006,0.0154996168759709,0.0370789861004422,0.39503289629252625,0.4180162001729075,0.6928186104818834,0.6759352727071017,0.777,0.677,0.66,True,999,0.00011470809113234282,0.0012725830310955644,weak_3x3_bal_strong_200_200,weak_null,True,661,826020113,-4.9960036108132044e-14,0,1
200,200,0.07162294547589254,0.08054216781128776,0.06123836563571672,0.06936964370714804,-0.008919222335395216,-0.008131278071431325,0.040959603142487234,-0.21775656137017943,-0.19851945447676425,0.8276187913513364,0.8426386651698079,0.848,0.803,0.818,True,999,0.00012075004633516073,0.0012887499760836363,weak_3x3_bal_strong_200_200,weak_null,True,662,826020113,-4.9960036108132044e-14,0,1
200,200,0.10524680226229544,0.10214693170147426,0.0948531076391248,0.08579444910820655,0.003099870560821172,0.009058658530918251,0.04857803479172528,0.06381218536549774,0.1864764305463689,0.949119775516717,0.8520711603758476,0.953,0.945,0.834,True,999,0.00012445799075067043,0.0013111659791320562,weak_3x3_bal_strong_200_200,weak_null,True,663,826020113,-4.9960036108132044e-14,0,0
200,200,0.145967103705823,0.11513276348928325,0.13545557474418501,0.10318629371995058,0.030834340216539746,0.03226928102423443,0.05403307491716236,0.570656773907678,0.597213485882604,0.5682323254942219,0.5503648565054896,0.599,0.552,0.522,True,999,0.00011870800517499447,0.0013107919367030263,weak_3x3_bal_strong_200_200,weak_null,True,664,826020113,-4.9960036108132044e-14,0,1
200,200,0.12460831248285964,0.09100868772229176,0.11420880146448553,0.07538712430160643,0.03359962476056788,0.0388216771628791,0.04869381348459642,0.6900183484539907,0.7972609739255638,0.4901826487520772,0.42529948055696987,0.572,0.501,0.451,True,999,0.000114459078758955,0.001283499994315207,weak_3x3_bal_strong_200_200,weak_null,True,665,826020113,-4.9960036108132044e-14,0,1
200,200,0.12619947692939015,0.09475304441595817,0.11569021199539975,0.08445807610883804,0.03144643251343199,0.031232135886561707,0.047799018844396114,0.6578886611836535,0.6534053761277846,0.5106096771995003,0.5134949738287984,0.576,0.521,0.523,True,999,0.00012108404189348221,0.0012533339904621243,weak_3x3_bal_strong_200_200,weak_null,True,666,826020113,-4.9960036108132044e-14,0,2
200,200,0.14005243883031304,0.08563996082428504,0.1294936462755345,0.06753486612385018,0.054412478006028,0.06195878015168432,0.04826198763114962,1.127439640942361,1.2838008377362067,0.25955664681024027,0.19921165040754618,0.35,0.245,0.182,True,999,0.00011045800056308508,0.0012597079621627927,weak_3x3_bal_strong_200_200,weak_null,True,667,826020113,-4.9960036108132044e-14,0,0
200,200,0.12790818725238906,0.021028032914279488,0.1174734128009618,0.02097460386188743,0.10688015433810957,0.09649880893907437,0.03683304195657259,2.90174660198104,2.619897890943945,0.0037108857734935046,0.008795609854095906,0.063,0.006,0.012,True,999,0.00011804199311882257,0.0013014590367674828,weak_3x3_bal_strong_200_200,weak_null,True,668,826020113,-4.9960036108132044e-14,0,4
200,200,0.11327870330752066,0.054869718800840794,0.10284323421035424,0.04378553174180411,0.05840898450667986,0.05905770246855013,0.040547044998693,1.440523828766378,1.4565229715372305,0.14971925335845263,0.14524810408474564,0.271,0.162,0.158,True,999,0.00011987495236098766,0.0013796670828014612,weak_3x3_bal_strong_200_200,weak_null,True,669,826020113,-4.9960036108132044e-14,0,1
200,200,0.08291707247520441,0.2161927614746958,0.07254233250745301,0.20805288098259211,-0.13327568899949138,-0.1355105484751391,0.058502723085616215,-2.27811086339431,-2.3163118112780023,0.022719973178417868,0.020541249906762118,0.038,0.039,0.038,True,999,0.00011658400762826204,0.0012440409045666456,weak_3x3_bal_strong_200_200,weak_null,True,670,826020113,-4.9960036108132044e-14,0,2
200,200,0.12067643901247727,0.08565148902759084,0.11022853597262383,0.07117628757657712,0.03502494998488642,0.03905224839604671,0.0454284073361301,0.7709922499754992,0.859643793080716,0.4407115252996313,0.3899854268313484,0.568,0.469,0.408,True,999,0.00011191598605364561,0.0012626670068129897,weak_3x3_bal_strong_200_200,weak_null,True,671,826020113,-4.9960036108132044e-14,0,0
200,200,0.10351362454417767,0.15224725441581638,0.0931021215634189,0.14050087556515223,-0.048733629871638706,-0.04739875400173332,0.0521555022063848,-0.9343909618355244,-0.9087968094750862,0.3501022582234501,0.3634573910414539,0.432,0.362,0.372,True,999,0.00011149991769343615,0.001284124911762774,weak_3x3_bal_strong_200_200,weak_null,True,672,826020113,-4.9960036108132044e-14,0,1
200,200,0.09484428862300032,0.1690154840228898,0.08447278520779378,0.1604110068688911,-0.07417119539988948,-0.07593822166109732,0.05256374673298891,-1.41107131834915,-1.4446881430816771,0.15822358609191645,0.1485455018401367,0.202,0.162,0.152,True,999,0.00011370796710252762,0.0012839159462600946,weak_3x3_bal_strong_200_200,weak_null,True,673,826020113,-4.9960036108132044e-14,0,2
200,200,0.21043107330976185,0.09880151593445019,0.19977450545627562,0.08520297424606582,0.11162955737531166,0.1145715312102098,0.053315121741783066,2.0937691545741624,2.1489500064372935,0.03628054915943391,0.031638363162905865,0.088,0.054,0.048,True,999,0.00011866597924381495,0.0013632079353556037,weak_3x3_bal_strong_200_200,weak_null,True,674,826020113,-4.9960036108132044e-14,0,1
200,200,0.11592320375760479,0.15052603606698617,0.10553196325301428,0.13189936311749761,-0.03460283230938138,-0.026367399864483332,0.052381648743687066,-0.6605907438824489,-0.5033709418637015,0.5088748065999378,0.614703497623713,0.583,0.542,0.637,True,999,0.00012895895633846521,0.0013447500532492995,weak_3x3_bal_strong_200_200,weak_null,True,675,826020113,-4.9960036108132044e-14,0,0
200,200,0.08445037096861863,0.14560627537760462,0.0740784708325748,0.1345908037107506,-0.061155904408985995,-0.06051233287817581,0.047494160461598926,-1.287651025191469,-1.2741004849870468,0.1978674688746227,0.20262780658208634,0.25,0.199,0.201,True,999,0.0001206669257953763,0.001247250009328127,weak_3x3_bal_strong_200_200,weak_null,True,676,826020113,-4.9960036108132044e-14,0,1
200,200,0.10009934580659019,0.05270752002637813,0.08974081211215434,0.047227701305466496,0.04739182578021206,0.04251311080668785,0.04302594119929947,1.1014709837651075,0.9880809023970876,0.2706917263386175,0.323113027956039,0.443,0.293,0.336,True,999,0.00011462497059255838,0.0012641249923035502,weak_3x3_bal_strong_200_200,weak_null,True,677,826020113,-4.9960036108132044e-14,0,3
200,200,0.11638747662246085,0.12199702024167147,0.10597651365443994,0.1057101549422299,-0.005609543619210622,0.00026635871221003526,0.04899441880565587,-0.11449352305742753,0.005436511315025275,0.9088465804886212,0.9956623129243191,0.925,0.91,0.995,True,999,0.0001117499778047204,0.0012712919851765037,weak_3x3_bal_strong_200_200,weak_null,True,678,826020113,-4.9960036108132044e-14,0,0
200,200,0.16658510380709624,0.09468210249369485,0.15610649374156083,0.08101388367376217,0.07190300131340138,0.07509261006779866,0.05072809589082062,1.417419677414157,1.4802962490336022,0.15636026295350527,0.13879420383750585,0.246,0.154,0.138,True,999,0.00011162494774907827,0.0013315420364961028,weak_3x3_bal_strong_200_200,weak_null,True,679,826020113,-4.9960036108132044e-14,0,1
200,200,0.157991357803962,0.09587328673656204,0.14750773733806,0.08449977488449179,0.06211807106739997,0.06300796245356821,0.049875127748965964,1.24547191899048,1.2633143070971788,0.21295833139754872,0.20647624655193286,0.314,0.234,0.224,True,999,0.00011408294085413218,0.0013184999115765095,weak_3x3_bal_strong_200_200,weak_null,True,680,826020113,-4.9960036108132044e-14,0,1
200,200,0.12232917175356883,0.15755444370069643,0.11183346326021137,0.14730745038382054,-0.0352252719471276,-0.03547398712360916,0.05084094193800441,-0.6928524650483737,-0.6977444903925314,0.48840214328630294,0.48533699930497765,0.575,0.505,0.499,True,999,0.00011345790699124336,0.0013204580172896385,weak_3x3_bal_strong_200_200,weak_null,True,681,826020113,-4.9960036108132044e-14,0,2
200,200,0.07843468645532448,0.08161549062338203,0.0680396352314574,0.06609058777372923,-0.0031808041680575494,0.0019490474577281702,0.04174316763351771,-0.07619939617384283,0.04669141246873611,0.9392604630778353,0.9627591747398625,0.944,0.921,0.957,True,999,0.00011700007598847151,0.001344290911220014,weak_3x3_bal_strong_200_200,weak_null,True,682,826020113,-4.9960036108132044e-14,0,1
200,200,0.090997361810784,0.07610394872086218,0.08064706663870425,0.06241705589774682,0.014893413089921814,0.018230010740957425,0.04243741676436954,0.3509500395044386,0.4295739969795557,0.7256258299752933,0.6675055557506229,0.831,0.745,0.695,True,999,0.0001253749942407012,0.0012645000824704766,weak_3x3_bal_strong_200_200,weak_null,True,683,826020113,-4.9960036108132044e-14,0,1
200,200,0.10721747368739365,0.11470460515364495,0.09677545668378684,0.10921717007712317,-0.0074871314662512956,-0.012441713393336329,0.04901484704386482,-0.15275231726319258,-0.2538356058155578,0.8785936016356395,0.7996225646454975,0.9,0.887,0.803,True,999,0.00011145800817757845,0.0012547500664368272,weak_3x3_bal_strong_200_200,weak_null,True,684,826020113,-4.9960036108132044e-14,0,3
200,200,0.0742623263355997,0.12114255874899466,0.06391827093702318,0.11319323649736646,-0.04688023241339495,-0.049274965560343276,0.04915095351600558,-0.9538010772899617,-1.0025230852194416,0.34018434400040987,0.31609102271985445,0.399,0.339,0.324,True,999,0.00011487503070384264,0.0012669999850913882,weak_3x3_bal_strong_200_200,weak_null,True,685,826020113,-4.9960036108132044e-14,0,2
200,200,0.0929425781538511,0.16702080902469651,0.08255644763781333,0.15551333579901438,-0.07407823087084542,-0.07295688816120105,0.05212242771788766,-1.4212352362363745,-1.399721604605215,0.15524838417008047,0.16159670158865513,0.213,0.154,0.159,True,999,0.00012916699051856995,0.0013160828966647387,weak_3x3_bal_strong_200_200,weak_null,True,686,826020113,-4.9960036108132044e-14,0,1
200,200,0.14118120860295136,0.09646895370159303,0.13070343187973776,0.07396937631114042,0.04471225490135833,0.05673405556859734,0.0508269645246591,0.8796955576535723,1.1162196306464922,0.379024256571581,0.2643281336134604,0.491,0.393,0.267,True,999,0.00012283294927328825,0.00131762505043298,weak_3x3_bal_strong_200_200,weak_null,True,687,826020113,-4.9960036108132044e-14,0,0
200,200,0.09008657886049165,0.12043282969023378,0.07973246098762843,0.11181803599927775,-0.030346250829742127,-0.032085575011649325,0.04978525069812647,-0.6095429952486736,-0.644479530819291,0.5421645831214343,0.5192645268260717,0.581,0.521,0.495,True,999,0.00011475000064820051,0.0012512910179793835,weak_3x3_bal_strong_200_200,weak_null,True,688,826020113,-4.9960036108132044e-14,0,2
200,200,0.10655232104271684,0.10390928146094358,0.09614838341110499,0.09262353387863698,0.0026430395817732544,0.0035248495324680107,0.04507997033562453,0.05863002043026162,0.07819103487036884,0.9532467989590984,0.937676093321977,0.969,0.964,0.938,True,999,0.00011104205623269081,0.0012737090000882745,weak_3x3_bal_strong_200_200,weak_null,True,689,826020113,-4.9960036108132044e-14,0,1
200,200,0.08260764206929805,0.08634574861949229,0.07223795735424687,0.06992559457160041,-0.0037381065501942423,0.00231236278264646,0.043069786439535095,-0.08679185246117029,0.0536887450299468,0.9308369639797791,0.9571831500343766,0.959,0.94,0.967,True,999,0.00011137500405311584,0.0013021250488236547,weak_3x3_bal_strong_200_200,weak_null,True,690,826020113,-4.9960036108132044e-14,0,0
200,200,0.11014225913968634,0.09369559899009539,0.09968899295529354,0.07883800721872092,0.016446660149590953,0.020850985736572625,0.04602621352364078,0.35733246101470706,0.45302413864357494,0.7208429315743845,0.6505313599106968,0.781,0.729,0.66,True,999,0.00011466606520116329,0.0013064580271020532,weak_3x3_bal_strong_200_200,weak_null,True,691,826020113,-4.9960036108132044e-14,0,0
200,200,0.14159351622999305,0.12708336257587688,0.13114033939774572,0.1158010282698001,0.014510153654116176,0.01533931112794562,0.05489919544193785,0.2643053971430659,0.27940866900624595,0.7915446017943901,0.7799312190021577,0.791,0.765,0.753,True,999,0.00011795898899435997,0.0013126250123605132,weak_3x3_bal_strong_200_200,weak_null,True,692,826020113,-4.9960036108132044e-14,0,1
200,200,0.15894997938798872,0.07802719100201855,0.14846695480835592,0.0684903417793592,0.08092278838597017,0.07997661302899672,0.048699131036845866,1.6616885489136102,1.6422595501444626,0.0965752383178116,0.10053622613642517,0.208,0.119,0.123,True,999,0.00011483300477266312,0.0013220419641584158,weak_3x3_bal_strong_200_200,weak_null,True,693,826020113,-4.9960036108132044e-14,0,1
200,200,0.06462596555247813,0.06518539681293967,0.05428478540775927,0.04683130723721263,-0.0005594312604615403,0.007453478170546646,0.03950566465956044,-0.014160785934939512,0.18866859309359554,0.9887017051387511,0.8503525685464501,0.992,0.987,0.825,True,999,0.0001163750421255827,0.0012437499826774001,weak_3x3_bal_strong_200_200,weak_null,True,694,826020113,-4.9960036108132044e-14,0,0
200,200,0.13314465440279966,0.19600768414983644,0.12262336258174855,0.18042716057131258,-0.06286302974703678,-0.05780379798956403,0.05413965210047299,-1.161127331043333,-1.0676795240998425,0.2455901214859869,0.28566509784825544,0.299,0.266,0.301,True,999,0.00011770904529839754,0.0012852089712396264,weak_3x3_bal_strong_200_200,weak_null,True,695,826020113,-4.9960036108132044e-14,0,1
200,200,0.10417090651219052,0.09858230422438186,0.0937806095109579,0.08711164040681751,0.005588602287808664,0.006668969104140388,0.047881176090222986,0.11671814989001114,0.13928164779357094,0.9070834070508985,0.8892275914598815,0.916,0.907,0.891,True,999,0.00011679204180836678,0.00128604203928262,weak_3x3_bal_strong_200_200,weak_null,True,696,826020113,-4.9960036108132044e-14,0,1
200,200,0.1391288486623652,0.1357298866233156,0.12867140438862634,0.12542358457098146,0.0033989620390496023,0.0032478198176448814,0.04982054249014929,0.06822410734932599,0.06519037439801167,0.9456072367881186,0.9480224249453283,0.945,0.94,0.937,True,999,0.00011837505735456944,0.0013408750528469682,weak_3x3_bal_strong_200_200,weak_null,True,697,826020113,-4.9960036108132044e-14,0,2
200,200,0.13034356676745062,0.12275266069411617,0.11991211580175332,0.10959878546800894,0.007590906073334458,0.010313330333744375,0.05283426984964156,0.14367390890301016,0.19520153042891616,0.8857579750875685,0.8452351809980028,0.877,0.863,0.825,True,999,0.0001181670231744647,0.001320500043220818,weak_3x3_bal_strong_200_200,weak_null,True,698,826020113,-4.9960036108132044e-14,0,1
200,200,0.0886913221732617,0.10337701569070479,0.07832788178467354,0.08991724216383545,-0.014685693517443088,-0.011589360379161917,0.046036613660652,-0.31900029888590853,-0.25174224291539216,0.7497262861358411,0.8012403031228422,0.792,0.745,0.797,True,999,0.00011712498962879181,0.0013143750838935375,weak_3x3_bal_strong_200_200,weak_null,True,699,826020113,-4.9960036108132044e-14,0,1
200,200,0.08519343038185623,0.1119579741554827,0.07483085914827825,0.09957392800248499,-0.02676454377362647,-0.02474306885420674,0.04510493514421652,-0.5933839321140958,-0.5485667760100829,0.5529242396320098,0.5833027915105733,0.623,0.546,0.573,True,999,0.00011416699271649122,0.001270540989935398,weak_3x3_bal_strong_200_200,weak_null,True,700,826020113,-4.9960036108132044e-14,0,0
200,200,0.17125471056667174,0.11488064936970366,0.16080019437424653,0.10558963084639572,0.056374061196968084,0.05521056352785081,0.05263365540498539,1.0710649063456157,1.0489593227572285,0.28414024628161594,0.29419684039793725,0.362,0.284,0.292,True,999,0.00012545904610306025,0.0012560420436784625,weak_3x3_bal_strong_200_200,weak_null,True,701,826020113,-4.9960036108132044e-14,0,1
200,200,0.16851978328786488,0.06730419590550024,0.15768489263228957,0.05572221978921732,0.10121558738236464,0.10196267284307226,0.045968018623582275,2.2018697001318985,2.218121987767467,0.027674513853418525,0.026546515994782246,0.093,0.038,0.04,True,999,0.00011254101991653442,0.0012847499456256628,weak_3x3_bal_strong_200_200,weak_null,True,702,826020113,-4.9960036108132044e-14,0,1
200,200,0.13249558035234865,0.14520336459482153,0.12210142014208714,0.13143910554343563,-0.012707784242472875,-0.009337685401348494,0.054483417295305106,-0.2332413213656464,-0.17138582462141436,0.815574020728432,0.8639204001852339,0.866,0.834,0.886,True,999,0.00011925003491342068,0.001297208946198225,weak_3x3_bal_strong_200_200,weak_null,True,703,826020113,-4.9960036108132044e-14,0,1
200,200,0.13312015610941996,0.11505162274627773,0.12266714350641905,0.104533961946629,0.018068533363142236,0.018133181559790046,0.050499675574041204,0.3577950384384284,0.3590752089724554,0.720496703868669,0.7195388269458787,0.777,0.731,0.73,True,999,0.00011833303142338991,0.0013189170276746154,weak_3x3_bal_strong_200_200,weak_null,True,704,826020113,-4.9960036108132044e-14,0,2
200,200,0.10319250068566643,0.060172231463761605,0.09278556760571632,0.04876619791905057,0.04302026922190483,0.044019369686665755,0.041367889475079175,1.039943535137829,1.0640951289812328,0.29836613466892825,0.2872856072704635,0.452,0.3,0.285,True,999,0.00014187500346451998,0.0012607499957084656,weak_3x3_bal_strong_200_200,weak_null,True,705,826020113,-4.9960036108132044e-14,0,1
200,200,0.10888325876392524,0.17372685115717645,0.09848314603291897,0.1624524422713023,-0.06484359239325121,-0.06396929623838332,0.04960881743506329,-1.3070981278303977,-1.289474322223414,0.19117938704512027,0.1972332376763607,0.235,0.189,0.191,True,999,0.00011158292181789875,0.0012742910766974092,weak_3x3_bal_strong_200_200,weak_null,True,706,826020113,-4.9960036108132044e-14,0,1
200,200,0.15851286517356455,0.13579905683614618,0.14796799989130704,0.11770770062277336,0.022713808337418373,0.030260299268533686,0.052920178104874704,0.4292088415198683,0.5718102310344696,0.6677712492342649,0.5674505452668909,0.679,0.644,0.552,True,999,0.00011075008660554886,0.0012682920787483454,weak_3x3_bal_strong_200_200,weak_null,True,707,826020113,-4.9960036108132044e-14,0,0
200,200,0.11745132767321276,0.17867453066897343,0.10704232631329091,0.1662234078662408,-0.06122320299576067,-0.05918108155294988,0.05475001124205846,-1.118231788575955,-1.080932774448227,0.26346801090095784,0.27972701840021974,0.288,0.25,0.261,True,999,0.00011445803102105856,0.0012499579461291432,weak_3x3_bal_strong_200_200,weak_null,True,708,826020113,-4.9960036108132044e-14,0,2
200,200,0.17366633819035138,0.13844051318420086,0.16317590886589528,0.12440310834773527,0.03522582500615051,0.03877280051816001,0.05409818774802241,0.6511461191680716,0.716711633645757,0.5149521678453495,0.4735520460611149,0.592,0.548,0.507,True,999,0.00011262495536357164,0.0012931670062243938,weak_3x3_bal_strong_200_200,weak_null,True,709,826020113,-4.9960036108132044e-14,0,0
200,200,0.10641033183844173,0.08701336793804082,0.0959262946504964,0.07048308663928537,0.01939696390040091,0.025443208011211027,0.04357075438259878,0.44518310906610414,0.5839515145363766,0.6561874322549519,0.5592529331230534,0.738,0.655,0.564,True,999,0.00010975007899105549,0.0013368749059736729,weak_3x3_bal_strong_200_200,weak_null,True,710,826020113,-4.9960036108132044e-14,0,0
200,200,0.10973085947382666,0.08543004936108012,0.09932394873891326,0.06988640152592751,0.02430081011274654,0.02943754721298575,0.04765093479937575,0.5099755170608928,0.6177748104402643,0.6100686142515888,0.5367237901834112,0.688,0.614,0.542,True,999,0.00012683402746915817,0.0012909170472994447,weak_3x3_bal_strong_200_200,weak_null,True,711,826020113,-4.9960036108132044e-14,0,1
200,200,0.10438316691290517,0.1396820535192912,0.09398111295303124,0.1302708084597981,-0.035298886606386026,-0.03628969550676686,0.05033550377002356,-0.7012721431707944,-0.7209562394084662,0.48313319487246387,0.4709364392653075,0.504,0.465,0.453,True,999,0.0001104589318856597,0.00132695899810642,weak_3x3_bal_strong_200_200,weak_null,True,712,826020113,-4.9960036108132044e-14,0,1
200,200,0.08700287911697391,0.17325165783528074,0.07664070160211622,0.16481056584207465,-0.08624877871830683,-0.08816986423995843,0.05288535879738656,-1.6308630721168331,-1.667188542253315,0.10291921525062317,0.0954769203119349,0.163,0.123,0.11,True,999,0.00011295895092189312,0.0013093339512124658,weak_3x3_bal_strong_200_200,weak_null,True,713,826020113,-4.9960036108132044e-14,0,2
200,200,0.09125221715903686,0.07794369045935595,0.08090035377617255,0.06943350810360727,0.013308526699680912,0.011466845672565285,0.04549297742382396,0.2925402436445376,0.2520574893513186,0.7698735949095386,0.8009966278374476,0.826,0.76,0.803,True,999,0.00011495791841298342,0.0012974580749869347,weak_3x3_bal_strong_200_200,weak_null,True,714,826020113,-4.9960036108132044e-14,0,2
200,200,0.08476516392013655,0.05261519476173887,0.07442057787420708,0.04443058024273938,0.032149969158397684,0.029989997631467702,0.03965075998888077,0.810828573460218,0.7563536648447035,0.4174641230829328,0.4494371807864247,0.561,0.418,0.451,True,999,0.00011750007979571819,0.0013351660454645753,weak_3x3_bal_strong_200_200,weak_null,True,715,826020113,-4.9960036108132044e-14,0,2
200,200,0.08148804626014838,0.14814972587956238,0.07113152838334713,0.1317408492444656,-0.066661679619414,-0.060609320861118476,0.0489012035562003,-1.3631909804183502,-1.2394239088913728,0.17282232911812923,0.21518855170962292,0.268,0.181,0.227,True,999,0.0001176660880446434,0.0013995830668136477,weak_3x3_bal_strong_200_200,weak_null,True,716,826020113,-4.9960036108132044e-14,0,0
200,200,0.18020794716562927,0.11728217616495645,0.1696637676566013,0.1008085421661491,0.06292577100067281,0.0688552254904522,0.05300846199332261,1.187089167171073,1.2989478075995824,0.23519245083397233,0.1939618413183406,0.301,0.24,0.195,True,999,0.0001224169973284006,0.0012589580146595836,weak_3x3_bal_strong_200_200,weak_null,True,717,826020113,-4.9960036108132044e-14,0,0
200,200,0.1495740561593375,0.04263680878587334,0.1391193885581572,0.023991032597805884,0.10693724737346416,0.11512835596035131,0.04275021077755104,2.5014437456205236,2.693047680148689,0.012368809085183908,0.007080214287650221,0.07,0.014,0.009,True,999,0.00011179200373589993,0.001269417000003159,weak_3x3_bal_strong_200_200,weak_null,True,718,826020113,-4.9960036108132044e-14,0,0
200,200,0.05218493920831424,0.10998578996758224,0.04184780675922184,0.09252009096474012,-0.057800850759268,-0.05067228420551828,0.045763389973384784,-1.2630369121012233,-1.1072668400437211,0.20657591456638336,0.2681785766173792,0.305,0.222,0.287,True,999,0.00011116696987301111,0.0012707499554380774,weak_3x3_bal_strong_200_200,weak_null,True,719,826020113,-4.9960036108132044e-14,0,1
200,200,0.11442696766475802,0.033561016115188635,0.1040121514765815,0.013023880859634573,0.08086595154956938,0.09098827061694692,0.03840221709828617,2.1057625746607815,2.3693494150109258,0.03522498126680115,0.0178194097926694,0.137,0.053,0.032,True,999,0.00011483393609523773,0.0013006250374019146,weak_3x3_bal_strong_200_200,weak_null,True,720,826020113,-4.9960036108132044e-14,0,0
200,200,0.15879546590569893,0.12403419944778471,0.1481605128501542,0.11443116722701063,0.03476126645791422,0.03372934562314356,0.05409301851187419,0.6426202015382748,0.6235434174511723,0.5204705715340694,0.5329274801193551,0.544,0.494,0.5,True,999,0.00011170795187354088,0.0013911250280216336,weak_3x3_bal_strong_200_200,weak_null,True,721,826020113,-4.9960036108132044e-14,0,1
200,200,0.11700574093046834,0.08116522014750677,0.10655699503877258,0.06443894850596621,0.03584052078296157,0.042118046532806375,0.04569903634102484,0.7842730099493782,0.921639708516047,0.43287993292209337,0.35671653884622123,0.549,0.456,0.371,True,999,0.00011837494093924761,0.0012727499706670642,weak_3x3_bal_strong_200_200,weak_null,True,722,826020113,-4.9960036108132044e-14,0,0
200,200,0.09509448108829766,0.08170886607828676,0.0846912156477515,0.06901087033627107,0.013385615010010898,0.015680345311480437,0.0431738630817538,0.3100397799627976,0.3631906943742379,0.7565307057619984,0.7164624385334994,0.814,0.753,0.713,True,999,0.00011695805005729198,0.001297708018682897,weak_3x3_bal_strong_200_200,weak_null,True,723,826020113,-4.9960036108132044e-14,0,0
200,200,0.09253339436194707,0.16279271941472823,0.08218332634348258,0.1510296109886724,-0.07025932505278115,-0.06884628464518983,0.052658366522384085,-1.3342480918566897,-1.3074139817064883,0.18212256317954367,0.1910721513528889,0.251,0.198,0.204,True,999,0.00012308394070714712,0.0012446671025827527,weak_3x3_bal_strong_200_200,weak_null,True,724,826020113,-4.9960036108132044e-14,0,1
200,200,0.1523571014095948,0.06264988642691594,0.14184102787262987,0.054404829317405756,0.08970721498267886,0.08743619855522411,0.04694248715392664,1.9110025995964945,1.8626239012116395,0.05600424682318981,0.06251519919561073,0.128,0.048,0.054,True,999,0.00011112506035715342,0.0012616249732673168,weak_3x3_bal_strong_200_200,weak_null,True,725,826020113,-4.9960036108132044e-14,0,2
200,200,0.10030505721529193,0.11396350434626473,0.08980507312284658,0.0981344820771568,-0.013658447130972806,-0.008329408954310225,0.04638649260023034,-0.2944488010482815,-0.179565396894631,0.7684149809208396,0.8574937723362761,0.82,0.772,0.863,True,999,0.00011183391325175762,0.0013228750322014093,weak_3x3_bal_strong_200_200,weak_null,True,726,826020113,-4.9960036108132044e-14,0,0
200,200,0.08023038674459393,0.13094994189318432,0.06981377081038431,0.11061996308527,-0.05071955514859039,-0.04080619227488569,0.04818121908645621,-1.0526831016371627,-0.8469315025355254,0.2924862559779642,0.3970333021384421,0.364,0.309,0.409,True,999,0.0001115420600399375,0.0013076659524813294,weak_3x3_bal_strong_200_200,weak_null,True,727,826020113,-4.9960036108132044e-14,0,0
200,200,0.10354488686964225,0.04127910758061204,0.09315547684602166,0.024301481271422176,0.06226577928903021,0.06885399557459948,0.03853805530398883,1.6156959347812623,1.7866494567896072,0.10616007035405993,0.07399416289777193,0.251,0.094,0.072,True,999,0.00011124997399747372,0.0013455828884616494,weak_3x3_bal_strong_200_200,weak_null,True,728,826020113,-4.9960036108132044e-14,0,0
200,200,0.1267570397695048,0.1735989400365734,0.11630765108634478,0.1649879329380326,-0.04684190026706858,-0.04868028185168782,0.05635174708157484,-0.8312413135880278,-0.8638646425854056,0.40583732025017016,0.3876622520219225,0.424,0.397,0.375,True,999,0.00011687504593282938,0.0012542499462142587,weak_3x3_bal_strong_200_200,weak_null,True,729,826020113,-4.9960036108132044e-14,0,2
200,200,0.11810274669005416,0.14872562683759571,0.10762533236007243,0.13539584013292938,-0.030622880147541554,-0.027770507772856945,0.05115822660287806,-0.5985915107115689,-0.5428356222827831,0.5494453185079611,0.5872429842705751,0.596,0.558,0.585,True,999,0.00011108303442597389,0.00129258306697011,weak_3x3_bal_strong_200_200,weak_null,True,730,826020113,-4.9960036108132044e-14,0,1
200,200,0.1229552507984788,0.14079602250459267,0.11256862962162018,0.13448559908496804,-0.017840771706113867,-0.02191696946334787,0.05558906268466803,-0.3209403225112215,-0.3942676563494705,0.7482556160204566,0.6933834398273824,0.788,0.751,0.694,True,999,0.0001134589547291398,0.0012403751024976373,weak_3x3_bal_strong_200_200,weak_null,True,731,826020113,-4.9960036108132044e-14,0,2
200,200,0.14871805958923368,0.12093715009008515,0.1382113032746588,0.1005608963710074,0.02778090949914852,0.0376504069036514,0.05317401287010141,0.5224527546381424,0.7080602886907827,0.6013551332860481,0.47890781897021817,0.634,0.578,0.446,True,999,0.00011220795568078756,0.0013064580271020532,weak_3x3_bal_strong_200_200,weak_null,True,732,826020113,-4.9960036108132044e-14,0,0
200,200,0.0768171679086187,0.1705989226622423,0.06642756062947797,0.15875250579328792,-0.0937817547536236,-0.09232494516380996,0.05289303228270422,-1.7730455356080956,-1.7455029741979795,0.07622116177071815,0.08089735519243257,0.105,0.079,0.084,True,999,0.00011162494774907827,0.0013052920112386346,weak_3x3_bal_strong_200_200,weak_null,True,733,826020113,-4.9960036108132044e-14,0,1
200,200,0.1371677709752368,0.12502792602100948,0.12670259347632395,0.11366156461691901,0.012139844954227319,0.013041028859404946,0.0503356188713133,0.24117802117946982,0.2590815242134063,0.8094171447372492,0.7955723397693961,0.871,0.837,0.816,True,999,0.00011162494774907827,0.00130408292170614,weak_3x3_bal_strong_200_200,weak_null,True,734,826020113,-4.9960036108132044e-14,0,1
200,200,0.09737142949428046,0.12410381708413964,0.08697818376953137,0.11766378953808498,-0.026732387589859186,-0.030685605768553614,0.047964608571968124,-0.5573356769866845,-0.639755158691885,0.5772981042405239,0.5223317891961186,0.626,0.576,0.524,True,999,0.00011304207146167755,0.001236042007803917,weak_3x3_bal_strong_200_200,weak_null,True,735,826020113,-4.9960036108132044e-14,0,2
200,200,0.13239989934299867,0.12952542724337873,0.12196821819009074,0.12108309554795937,0.00287447209961994,0.000885122642131364,0.04855827868887686,0.05919633432719659,0.018228048152252915,0.9527957293075937,0.9854569271613186,0.957,0.952,0.983,True,999,0.00011070794425904751,0.0012862910516560078,weak_3x3_bal_strong_200_200,weak_null,True,736,826020113,-4.9960036108132044e-14,0,2
200,200,0.11319212956302627,0.14933537268251634,0.10276881003662197,0.13594010821202573,-0.036143243119490076,-0.03317129817540376,0.05303670903725146,-0.6814759772161598,-0.6254403558883187,0.49557036224847295,0.5316820826451931,0.548,0.511,0.543,True,999,0.0001104589318856597,0.001307459082454443,weak_3x3_bal_strong_200_200,weak_null,True,737,826020113,-4.9960036108132044e-14,0,1
200,200,0.11701199834209408,0.12830444150365883,0.10664937260403917,0.11304209801518539,-0.011292443161564747,-0.006392725411146216,0.05236773428236473,-0.21563742094848606,-0.12207374442966916,0.8292703842593898,0.9028406152504089,0.865,0.84,0.897,True,999,0.00011250004172325134,0.0012790830805897713,weak_3x3_bal_strong_200_200,weak_null,True,738,826020113,-4.9960036108132044e-14,0,1
200,200,0.06520123914735643,0.06004683801251243,0.054866838407036767,0.04866863207917049,0.005154401134844,0.006198206327866274,0.03888299841655875,0.13256182251235393,0.15940659363416532,0.894539927102699,0.873348544367441,0.92,0.901,0.87,True,999,0.00011154194362461567,0.001309292041696608,weak_3x3_bal_strong_200_200,weak_null,True,739,826020113,-4.9960036108132044e-14,0,1
200,200,0.10032132048542297,0.15352091145731006,0.08989859147146717,0.15039728630375748,-0.05319959097188709,-0.06049869483229031,0.0488779750980374,-1.088416426113839,-1.2377496144417717,0.2764113128771407,0.21580891624035226,0.374,0.31,0.249,True,999,0.00011108291801065207,0.0013237500097602606,weak_3x3_bal_strong_200_200,weak_null,True,740,826020113,-4.9960036108132044e-14,0,3
200,200,0.07777176228875615,0.07087921837417532,0.06740422218854292,0.06484655512630866,0.006892543914580829,0.002557667062234259,0.041173746181587395,0.16740142818637002,0.06211888155511167,0.8670542015026809,0.9504681607285422,0.91,0.865,0.956,True,999,0.0001140000531449914,0.0013189170276746154,weak_3x3_bal_strong_200_200,weak_null,True,741,826020113,-4.9960036108132044e-14,0,2
200,200,0.12109569442713708,0.0915746266042663,0.11064625330206468,0.08836280018640252,0.029521067822870783,0.022283453115662155,0.04732192664199268,0.6238348672108858,0.4708906567613879,0.5327360386321476,0.6377188205148236,0.613,0.553,0.651,True,999,0.00011995795648545027,0.0013134160544723272,weak_3x3_bal_strong_200_200,weak_null,True,742,826020113,-4.9960036108132044e-14,0,3
200,200,0.14981192205733374,0.07741535499905261,0.13934975740465916,0.06560594337816639,0.07239656705828112,0.07374381402649277,0.04873821057151686,1.4854170107876399,1.513059530946125,0.13743339225601858,0.1302645379937053,0.256,0.148,0.14,True,999,0.00011720799375325441,0.0013225000584498048,weak_3x3_bal_strong_200_200,weak_null,True,743,826020113,-4.9960036108132044e-14,0,1
200,200,0.11451285976380321,0.14036408763043934,0.10401329992177466,0.1236924962383057,-0.02585122786663613,-0.019679196316531034,0.05134851356828158,-0.5034464694340179,-0.3832476336508218,0.6146504072171763,0.7015361626675831,0.68,0.639,0.712,True,999,0.0001177910016849637,0.001376250060275197,weak_3x3_bal_strong_200_200,weak_null,True,744,826020113,-4.9960036108132044e-14,0,0
200,200,0.14111531628002605,0.06921341566476974,0.13067614262487837,0.05384813696893076,0.07190190061525631,0.0768280056559476,0.04834232626055864,1.4873487930165943,1.5892492479955347,0.13692271384453888,0.1120041318832898,0.281,0.155,0.119,True,999,0.00012137496378272772,0.0013322080485522747,weak_3x3_bal_strong_200_200,weak_null,True,745,826020113,-4.9960036108132044e-14,0,1
200,200,0.12856197151040227,0.11633127695278517,0.1180583256343084,0.10483537557912825,0.012230694557617106,0.01322295005518015,0.05093616722769613,0.24011807765085952,0.2595984498808202,0.8102387201829397,0.7951735321634694,0.839,0.811,0.796,True,999,0.00011304195504635572,0.0012951669050380588,weak_3x3_bal_strong_200_200,weak_null,True,746,826020113,-4.9960036108132044e-14,0,1
200,200,0.08693213506741793,0.10268369019702933,0.07653312722263195,0.0871218466855197,-0.015751555129611405,-0.010588719462887752,0.04626267592897272,-0.34048084796899414,-0.22888255489467701,0.7334944432819708,0.8189601998610123,0.789,0.73,0.822,True,999,0.00011837494093924761,0.0013183329720050097,weak_3x3_bal_strong_200_200,weak_null,True,747,826020113,-4.9960036108132044e-14,0,1
200,200,0.13042306863501318,0.12641028705090263,0.12001127791228328,0.11661888295013512,0.0040127815841105585,0.0033923949621481597,0.05208358096001282,0.07704504010949963,0.0651336735996066,0.9385877146001703,0.9480675696908298,0.951,0.943,0.955,True,999,0.00011712498962879181,0.001317208050750196,weak_3x3_bal_strong_200_200,weak_null,True,748,826020113,-4.9960036108132044e-14,0,1
200,200,0.09771419530521519,0.170728875889687,0.08728783003849117,0.15231023411487854,-0.0730146805844718,-0.06502240407638737,0.052597062704172644,-1.3881893176266549,-1.236236411947563,0.16507940426865775,0.2163706996489454,0.218,0.175,0.237,True,999,0.00011883396655321121,0.0013214170467108488,weak_3x3_bal_strong_200_200,weak_null,True,749,826020113,-4.9960036108132044e-14,0,0
200,200,0.08557420505084923,0.1135497948237233,0.07521305626991648,0.10728633140658417,-0.027975589772874065,-0.03207327513666769,0.04404665492285112,-0.6351353995411013,-0.7281659683997542,0.5253401111995504,0.46651199542565014,0.642,0.55,0.484,True,999,0.00011829205323010683,0.0013486250536516309,weak_3x3_bal_strong_200_200,weak_null,True,750,826020113,-4.9960036108132044e-14,0,2
200,200,0.09337303590984436,0.06338792455023096,0.08299261198106933,0.058126872851467226,0.029985111359613403,0.024865739129602105,0.04320319759060349,0.6940484277056159,0.5755532117143639,0.4876518392046175,0.5649172139459651,0.61,0.494,0.572,True,999,0.0001320410519838333,0.0013679999392479658,weak_3x3_bal_strong_200_200,weak_null,True,751,826020113,-4.9960036108132044e-14,0,3
200,200,0.14799434572348646,0.15799839410706473,0.13752663969364676,0.14680521319019135,-0.010004048383578268,-0.009278573496544595,0.05375497051546362,-0.18610462042203924,-0.17260866125627286,0.8523627186413143,0.8629590433943626,0.873,0.853,0.867,True,999,0.0001157920341938734,0.0012496659765020013,weak_3x3_bal_strong_200_200,weak_null,True,752,826020113,-4.9960036108132044e-14,0,1
200,200,0.14947541109873996,0.07264853426741213,0.13902986236914217,0.06018146872462182,0.07682687683132783,0.07884839364452034,0.0472699204956421,1.62528043258314,1.6680458274049672,0.10410281884063048,0.0953066298191281,0.199,0.098,0.086,True,999,0.00011712498962879181,0.0012573329731822014,weak_3x3_bal_strong_200_200,weak_null,True,753,826020113,-4.9960036108132044e-14,0,0
200,200,0.10038794038475651,0.08922715324194674,0.08996277174526313,0.07607788632400059,0.01116078714280977,0.013884885421262538,0.045514271437704326,0.2452151114422563,0.30506663037036347,0.8062898762867801,0.7603154056257904,0.829,0.805,0.757,True,999,0.000110417022369802,0.0012658329214900732,weak_3x3_bal_strong_200_200,weak_null,True,754,826020113,-4.9960036108132044e-14,0,1
200,200,0.07692984463963048,0.1093539737065985,0.06655561229015916,0.09124541371983241,-0.03242412906696801,-0.024689801429673253,0.04591465803212244,-0.706182523330212,-0.5377324472807785,0.48007463729533695,0.5907617748856904,0.557,0.475,0.589,True,999,0.0001142079709097743,0.0012699579820036888,weak_3x3_bal_strong_200_200,weak_null,True,755,826020113,-4.9960036108132044e-14,0,0
200,200,0.08803864859770183,0.08507968708096547,0.0776423969235509,0.07295662065088493,0.002958961516736358,0.004685776272665976,0.042700415189160915,0.06929584884897001,0.10973608223498994,0.9447541299354172,0.9126186837229489,0.958,0.951,0.922,True,999,0.0001317920396104455,0.0013336669653654099,weak_3x3_bal_strong_200_200,weak_null,True,756,826020113,-4.9960036108132044e-14,0,0
200,200,0.11897115349924259,0.046284493332819865,0.10858005012084959,0.03430728624982038,0.07268666016642272,0.07427276387102921,0.04082799868576563,1.7803140615796182,1.8191624929419783,0.07502457714051189,0.0688866431875906,0.227,0.082,0.074,True,999,0.0001165829598903656,0.0013414999702945352,weak_3x3_bal_strong_200_200,weak_null,True,757,826020113,-4.9960036108132044e-14,0,1
200,200,0.09725778512093042,0.1781831602508137,0.08689177268877302,0.17262906196152983,-0.08092537512988329,-0.08573728927275681,0.052892560359673976,-1.5299954205200836,-1.6209706750767185,0.126017862470346,0.10502392799743318,0.186,0.141,0.119,True,999,0.00011179200373589993,0.0013224160065874457,weak_3x3_bal_strong_200_200,weak_null,True,758,826020113,-4.9960036108132044e-14,0,3
200,200,0.09594458673111372,0.10804583023146591,0.08556970091893845,0.10780800100375387,-0.012101243500352188,-0.02223830008481542,0.04767030627759032,-0.2538528582108345,-0.4665021440248137,0.7996092356577853,0.6408561132714559,0.836,0.808,0.652,True,999,0.00011762510985136032,0.0012568340171128511,weak_3x3_bal_strong_200_200,weak_null,True,759,826020113,-4.9960036108132044e-14,0,4
200,200,0.09044427251997833,0.09867186476589068,0.08003060150517172,0.08559463652962052,-0.008227592245912352,-0.005564035024448799,0.04615901209828437,-0.17824454796375838,-0.12054060023211809,0.8585309256291566,0.9040549197609907,0.873,0.852,0.895,True,999,0.00011149991769343615,0.0012535830028355122,weak_3x3_bal_strong_200_200,weak_null,True,760,826020113,-4.9960036108132044e-14,0,1
200,200,0.08837775997925523,0.11877063328968634,0.07801486325948304,0.10416538222651184,-0.030392873310431112,-0.026150518967028802,0.04759593463324086,-0.6385602792471443,-0.5494275754544246,0.5231090281939004,0.5827120543272681,0.59,0.513,0.564,True,999,0.00011920789256691933,0.0013031670823693275,weak_3x3_bal_strong_200_200,weak_null,True,761,826020113,-4.9960036108132044e-14,0,0
200,200,0.1285346692307261,0.19835082363602952,0.11803953832594516,0.18965974336990143,-0.06981615440530342,-0.07162020504395628,0.05277122253200742,-1.3229967216120058,-1.3571829798052595,0.18583646807159904,0.1747230773824896,0.274,0.205,0.19,True,999,0.0001240839483216405,0.0013153750915080309,weak_3x3_bal_strong_200_200,weak_null,True,762,826020113,-4.9960036108132044e-14,0,2
200,200,0.09251929926695124,0.06959205747775865,0.08214032464547927,0.05620732505532544,0.022927241789192587,0.025932999590153827,0.04364443308748687,0.5253188131286776,0.5941880271000468,0.599361581271902,0.5523863598191381,0.66,0.576,0.517,True,999,0.00011849997099488974,0.0013172089820727706,weak_3x3_bal_strong_200_200,weak_null,True,763,826020113,-4.9960036108132044e-14,0,1
200,200,0.11345049995545708,0.12810819609411672,0.10295164831208581,0.11937843792900793,-0.014657696138659637,-0.01642678961692212,0.050601238518206505,-0.2896706991348788,-0.32463216510030096,0.7720681743852172,0.7454594803700388,0.815,0.786,0.757,True,999,0.00011549994815140963,0.0012667910195887089,weak_3x3_bal_strong_200_200,weak_null,True,764,826020113,-4.9960036108132044e-14,0,2
200,200,0.11802541326393223,0.08915921632600965,0.1076385304886287,0.08057804129023793,0.028866196937922584,0.02706048919839077,0.0492627902668412,0.5859634986480339,0.5493089013393785,0.5579000441992961,0.5827934797158749,0.632,0.561,0.591,True,999,0.00011424999684095383,0.001314709079451859,weak_3x3_bal_strong_200_200,weak_null,True,765,826020113,-4.9960036108132044e-14,0,2
200,200,0.12116326800958532,0.09782860646424452,0.1107541417445077,0.08443466290886192,0.023334661545340807,0.026319478835645782,0.04974213572011571,0.46911257845135657,0.5291183913722102,0.638989168623785,0.5967233240451869,0.705,0.662,0.622,True,999,0.0001181670231744647,0.0012539159506559372,weak_3x3_bal_strong_200_200,weak_null,True,766,826020113,-4.9960036108132044e-14,0,1
200,200,0.12023574261337422,0.07511103214738774,0.10966391483984239,0.06167770346934276,0.045124710465986484,0.04798621137049963,0.044731119485304956,1.0087990415891743,1.0727701860058305,0.3130710208163452,0.28337424070310624,0.435,0.323,0.285,True,999,0.0001116669736802578,0.0012942079920321703,weak_3x3_bal_strong_200_200,weak_null,True,767,826020113,-4.9960036108132044e-14,0,1
200,200,0.09370641065738616,0.10549288178281369,0.08322725623654037,0.09315770097289544,-0.011786471125427522,-0.00993044473635507,0.044565328589071244,-0.26447625314531886,-0.22282893564909817,0.7914129607968718,0.8236686467452001,0.835,0.793,0.83,True,999,0.00011033390183001757,0.0012858749832957983,weak_3x3_bal_strong_200_200,weak_null,True,768,826020113,-4.9960036108132044e-14,0,0
200,200,0.17173086813664584,0.13583835550973056,0.1611128739048695,0.11546300301557721,0.035892512626915285,0.04564987088929229,0.05408580533214114,0.6636216731266037,0.8440268312352244,0.5069324822577126,0.3986544124152538,0.572,0.514,0.407,True,999,0.00011012493632733822,0.0013217920204624534,weak_3x3_bal_strong_200_200,weak_null,True,769,826020113,-4.9960036108132044e-14,0,0
200,200,0.14022626778201208,0.10378783926842522,0.12974100480707307,0.0922760790093804,0.03643842851358686,0.03746492579769267,0.0496716431594299,0.7335861307553547,0.7542517906533187,0.4632010163227227,0.45069804438492056,0.557,0.479,0.467,True,999,0.0001103340182453394,0.0013135840417817235,weak_3x3_bal_strong_200_200,weak_null,True,770,826020113,-4.9960036108132044e-14,0,1
200,200,0.12223401238252762,0.05536977185367181,0.11182761673180153,0.04717483644812859,0.06686424052885581,0.06465278028367294,0.04370351894939976,1.529950954436225,1.479349531522356,0.1260288694150285,0.139046921156694,0.245,0.126,0.143,True,999,0.00011254195123910904,0.0012957920553162694,weak_3x3_bal_strong_200_200,weak_null,True,771,826020113,-4.9960036108132044e-14,0,2
200,200,0.11238277347682635,0.16426226014008805,0.10201666493838957,0.15563245356601385,-0.0518794866632617,-0.05361578862762428,0.052056090551642474,-0.9966074308210761,-1.0299618749593673,0.3189550976702358,0.3030279028716546,0.375,0.298,0.285,True,999,0.0001099579967558384,0.0013109169667586684,weak_3x3_bal_strong_200_200,weak_null,True,772,826020113,-4.9960036108132044e-14,0,2
200,200,0.09964838177017321,0.08742010755877636,0.08925725693666209,0.07184537595693286,0.012228274211396856,0.017411880979729233,0.04557791760567347,0.26829383293006565,0.382024495510559,0.7884731528787263,0.7024431953622148,0.844,0.808,0.728,True,999,0.00011633301619440317,0.00133416592143476,weak_3x3_bal_strong_200_200,weak_null,True,773,826020113,-4.9960036108132044e-14,0,1
200,200,0.12886936370124946,0.129932438836929,0.11844978132421602,0.12117565404407316,-0.0010630751356795476,-0.0027258727198571364,0.05166639685394376,-0.020575755237679242,-0.05275910235356517,0.9835840808890827,0.9579238476839714,0.989,0.986,0.966,True,999,0.00011783302761614323,0.0013672499917447567,weak_3x3_bal_strong_200_200,weak_null,True,774,826020113,-4.9960036108132044e-14,0,2
200,200,0.13379817360718915,0.07881120294707566,0.12320711056889877,0.07266308892110374,0.05498697066011349,0.050544021647795034,0.045521939415795735,1.2079224076519346,1.1103222379461424,0.22707710958556016,0.2668601937274572,0.339,0.226,0.266,True,999,0.00012220803182572126,0.0012497499119490385,weak_3x3_bal_strong_200_200,weak_null,True,775,826020113,-4.9960036108132044e-14,0,2
200,200,0.14257928123537922,0.08960307332587053,0.1321582812351494,0.07848953770570688,0.05297620790950869,0.05366874352944251,0.0490351115639543,1.0803729454232849,1.0944962052231648,0.27997613841619473,0.27373741078819436,0.389,0.279,0.273,True,999,0.0001116250641644001,0.0012727079447358847,weak_3x3_bal_strong_200_200,weak_null,True,776,826020113,-4.9960036108132044e-14,0,1
200,200,0.10753354462640563,0.14936683578698806,0.09711827835411668,0.132861774186793,-0.04183329116058243,-0.03574349583267633,0.05115142292473383,-0.8178324036486246,-0.6987781334112774,0.4134528925684068,0.4846906959733631,0.479,0.418,0.494,True,999,0.00011099991388618946,0.0012838749680668116,weak_3x3_bal_strong_200_200,weak_null,True,777,826020113,-4.9960036108132044e-14,0,0
200,200,0.0975887218319702,0.08399819877026388,0.08721787891855115,0.07274132951167189,0.013590523061706328,0.014476549406879258,0.04431973541660905,0.30664720657635536,0.32663889508361316,0.7591119178829377,0.7439410217244188,0.807,0.756,0.743,True,999,0.00011204101610928774,0.0013084589736536145,weak_3x3_bal_strong_200_200,weak_null,True,778,826020113,-4.9960036108132044e-14,0,1
200,200,0.102077485215607,0.10795496692006068,0.09164353215311394,0.09684911444415434,-0.00587748170445368,-0.0052055822910404,0.04485505989439448,-0.13103274676907045,-0.1160534018524617,0.8957494025524594,0.9076102191215348,0.914,0.899,0.906,True,999,0.00011720799375325441,0.0013702909927815199,weak_3x3_bal_strong_200_200,weak_null,True,779,826020113,-4.9960036108132044e-14,0,1
200,200,0.11531242101639938,0.07318253940633668,0.10493780756411297,0.05761865766044849,0.0421298816100627,0.04731914990366448,0.04589101697179013,0.918042013232362,1.031120097703484,0.3585968709292716,0.3024845041847015,0.479,0.374,0.314,True,999,0.00012429198250174522,0.0013692909851670265,weak_3x3_bal_strong_200_200,weak_null,True,780,826020113,-4.9960036108132044e-14,0,1
200,200,0.08621602931005556,0.13090170449451444,0.07583994922205761,0.12467106663700633,-0.04468567518445887,-0.04883111741494872,0.04596450548249301,-0.9721778732391406,-1.0623657733802347,0.33096206636327763,0.2880696655083286,0.469,0.337,0.281,True,999,0.00011429097503423691,0.0012634999584406614,weak_3x3_bal_strong_200_200,weak_null,True,781,826020113,-4.9960036108132044e-14,0,2
200,200,0.10327828789808269,0.10370428838585743,0.09290893199906236,0.08311238019665268,-0.00042600048777474697,0.009796551802409681,0.04913716519851485,-0.008669618730622716,0.19937152993729843,0.9930827317198502,0.8419721292339204,0.993,0.992,0.843,True,999,0.00011833396274596453,0.0012565839570015669,weak_3x3_bal_strong_200_200,weak_null,True,782,826020113,-4.9960036108132044e-14,0,0
200,200,0.09601749005237958,0.07705030166362592,0.08560648707151586,0.06270419716879871,0.018967188388753664,0.022902289902717143,0.042358526353291896,0.44777734311523393,0.5406772112820986,0.6543138964775491,0.5887300885699094,0.759,0.682,0.618,True,999,0.00011454196646809578,0.0012656670296564698,weak_3x3_bal_strong_200_200,weak_null,True,783,826020113,-4.9960036108132044e-14,0,0
200,200,0.037723104049441236,0.098780902339759,0.027409235660144304,0.08570025453984442,-0.061057798290317766,-0.05829101887970012,0.04164736164307375,-1.4660664176904015,-1.399632931835295,0.14263019349196832,0.1616232670857336,0.267,0.18,0.198,True,999,0.00011283298954367638,0.0012911249650642276,weak_3x3_bal_strong_200_200,weak_null,True,784,826020113,-4.9960036108132044e-14,0,1
200,200,0.1368505063051091,0.06296766264266118,0.12640289159708118,0.05112557531558082,0.0738828436624479,0.07527731628150036,0.04528216676530788,1.6316101666550975,1.6624053498069957,0.10276163514026589,0.0964315269695076,0.267,0.132,0.125,True,999,0.0001207499299198389,0.0013234170619398355,weak_3x3_bal_strong_200_200,weak_null,True,785,826020113,-4.9960036108132044e-14,0,1
200,200,0.13228600817508163,0.11286557647110607,0.12187996683911706,0.09943535189727015,0.01942043170397556,0.022444614941846908,0.051687029628172586,0.3757312394169821,0.4342407583354959,0.7071167110552468,0.6641136183964778,0.764,0.721,0.668,True,999,0.00011058407835662365,0.001346917008049786,weak_3x3_bal_strong_200_200,weak_null,True,786,826020113,-4.9960036108132044e-14,0,1
200,200,0.1464414136297265,0.09606863188570708,0.1360092909104651,0.08960890709637681,0.050372781744019435,0.046400383814088286,0.049711280173822356,1.0133068705509907,0.9333974834653812,0.3109136068198435,0.35061477924248985,0.447,0.346,0.382,True,999,0.00011229200754314661,0.001263250014744699,weak_3x3_bal_strong_200_200,weak_null,True,787,826020113,-4.9960036108132044e-14,0,2
200,200,0.1397088701380551,0.11970261324675296,0.12925316637736728,0.10607279029068195,0.020006256891302143,0.023180376086685328,0.052644887508454516,0.3800227873616262,0.44031580622074024,0.7039284999895761,0.6597083943185086,0.746,0.704,0.677,True,999,0.00011366605758666992,0.001321209012530744,weak_3x3_bal_strong_200_200,weak_null,True,788,826020113,-4.9960036108132044e-14,0,1
200,200,0.08969532125770252,0.11770098788819255,0.07932449628597738,0.1084955024647769,-0.028005666630490034,-0.02917100617879953,0.04786120282670731,-0.5851433933219586,-0.6094917063497126,0.5584513033289368,0.542198568394344,0.597,0.547,0.532,True,999,0.00011570798233151436,0.0012421669671311975,weak_3x3_bal_strong_200_200,weak_null,True,789,826020113,-4.9960036108132044e-14,0,1
200,200,0.11760586455907518,0.1071623149474995,0.10718100403312292,0.09909703622248855,0.010443549611575675,0.008083967810634363,0.05127395470282342,0.20368137531237857,0.1576622645451847,0.8386024974451376,0.8747229370479661,0.859,0.837,0.872,True,999,0.00011200003791600466,0.0012707500718533993,weak_3x3_bal_strong_200_200,weak_null,True,790,826020113,-4.9960036108132044e-14,0,2
200,200,0.15975454266323474,0.11712372523658698,0.1492120852553569,0.10096045158975642,0.04263081742664776,0.04825163366560048,0.050443581928786195,0.8451187603376755,0.9565465381447297,0.39804453482877633,0.3387961840853475,0.474,0.407,0.337,True,999,0.00011016707867383957,0.0012926249764859676,weak_3x3_bal_strong_200_200,weak_null,True,791,826020113,-4.9960036108132044e-14,0,0
200,200,0.09990886829461187,0.10476191855628897,0.08952577300681241,0.09074294538646654,-0.004853050261677094,-0.00121717237965413,0.046834002836760154,-0.10362236767573324,-0.025989074303483788,0.9174690363801405,0.979266052951791,0.928,0.918,0.985,True,999,0.00011062505654990673,0.0012970420066267252,weak_3x3_bal_strong_200_200,weak_null,True,792,826020113,-4.9960036108132044e-14,0,0
200,200,0.0698411216425574,0.13226549304416974,0.05948755551219165,0.12203487083294817,-0.06242437140161233,-0.06254731532075652,0.04549039244236237,-1.3722539650697847,-1.374956599901963,0.16998439108612484,0.16914490019917827,0.266,0.185,0.178,True,999,0.00011475000064820051,0.0012442079605534673,weak_3x3_bal_strong_200_200,weak_null,True,793,826020113,-4.9960036108132044e-14,0,2
200,200,0.08458757572597331,0.12691985195323724,0.07415850404561297,0.1113902154716726,-0.04233227622726393,-0.03723171142605963,0.04886266117630224,-0.8663522454195463,-0.7619665104142247,0.38629702353802786,0.4460799921967302,0.462,0.412,0.46,True,999,0.00011158303823322058,0.001263667014427483,weak_3x3_bal_strong_200_200,weak_null,True,794,826020113,-4.9960036108132044e-14,0,1
200,200,0.13767543154944506,0.1836724430143758,0.12714115628136824,0.16522955484443003,-0.04599701146493074,-0.03808839856306179,0.05496368718450099,-0.8368618231620616,-0.692973861728152,0.4026702417039144,0.4883259549907024,0.419,0.375,0.466,True,999,0.0001189579488709569,0.0012794580543413758,weak_3x3_bal_strong_200_200,weak_null,True,795,826020113,-4.9960036108132044e-14,0,0
200,200,0.1160752392225044,0.14185715493195944,0.1056531804192673,0.12371240900115765,-0.02578191570945504,-0.018059228581890352,0.05236866607933982,-0.4923156849249282,-0.3448479775010915,0.622496193669596,0.7302086620823609,0.637,0.602,0.706,True,999,0.0001409579999744892,0.001293333014473319,weak_3x3_bal_strong_200_200,weak_null,True,796,826020113,-4.9960036108132044e-14,0,0
200,200,0.1531186960096551,0.15487804290453777,0.14265209357611752,0.1462853162609008,-0.001759346894882663,-0.003633222684783277,0.056299362205758326,-0.031249854811014468,-0.064533993680157,0.9750702809187453,0.9485450404710202,0.982,0.979,0.948,True,999,0.00011454196646809578,0.0012858340051025152,weak_3x3_bal_strong_200_200,weak_null,True,797,826020113,-4.9960036108132044e-14,0,2
200,200,0.07519227852337784,0.15831019587524797,0.06485852711736584,0.14351643854456597,-0.08311791735187013,-0.07865791142720013,0.05047846134139938,-1.6466016424256942,-1.5582470094564802,0.09963995265028786,0.11917470516288246,0.163,0.112,0.136,True,999,0.0001116669736802578,0.0013145420234650373,weak_3x3_bal_strong_200_200,weak_null,True,798,826020113,-4.9960036108132044e-14,0,0
200,200,0.09796531878868531,0.1602581271207879,0.08754844416040442,0.14640613595796026,-0.0622928083321026,-0.058857691797555844,0.05084075495450331,-1.2252534091566416,-1.1576872107864404,0.22047975678093856,0.24699170494039424,0.294,0.229,0.256,True,999,0.00011254195123910904,0.001288499915972352,weak_3x3_bal_strong_200_200,weak_null,True,799,826020113,-4.9960036108132044e-14,0,0
200,200,0.09693049209057358,0.15200462768073864,0.08655088042789316,0.13633848550104233,-0.05507413559016505,-0.049787605073149166,0.052642634029255175,-1.0461888278530784,-0.9457658415321814,0.2954738599998227,0.3442680316430211,0.365,0.315,0.353,True,999,0.00011629192158579826,0.0013122499221935868,weak_3x3_bal_strong_200_200,weak_null,True,800,826020113,-4.9960036108132044e-14,0,1
200,200,0.07224403191959117,0.06507544965720508,0.06190347087883197,0.05358082355692062,0.007168582262386092,0.008322647321911347,0.04095119315733327,0.17505185343060975,0.20323332924479107,0.861038889416919,0.8389526634174899,0.901,0.862,0.841,True,999,0.00011733302380889654,0.001297708018682897,weak_3x3_bal_strong_200_200,weak_null,True,801,826020113,-4.9960036108132044e-14,0,1
200,200,0.12213811983239742,0.12199215943375236,0.11166280410947138,0.11349532405667873,0.00014596039864506194,-0.001832519947207345,0.05159284293163447,0.002829082298071336,-0.03551887903590837,0.9977427219242272,0.9716659925791484,0.997,0.997,0.967,True,999,0.00011754198931157589,0.0013532079756259918,weak_3x3_bal_strong_200_200,weak_null,True,802,826020113,-4.9960036108132044e-14,0,2
200,200,0.08308427813180241,0.10217803167302542,0.07272395291303724,0.08872514375313756,-0.019093753541223002,-0.01600119084010032,0.04617457330874401,-0.4135122898386859,-0.3465368425412217,0.6792313200547768,0.7289393010484195,0.742,0.687,0.732,True,999,0.00016308308113366365,0.001262207981199026,weak_3x3_bal_strong_200_200,weak_null,True,803,826020113,-4.9960036108132044e-14,0,1
200,200,0.12060188208544576,0.12326453161826983,0.11001414045045976,0.12301638388832004,-0.0026626495328240796,-0.013002243437860272,0.050969992640852446,-0.05223955105478995,-0.2550960430674847,0.9583378187566348,0.7986489202668703,0.969,0.962,0.808,True,999,0.00011029106099158525,0.0013264169683679938,weak_3x3_bal_strong_200_200,weak_null,True,804,826020113,-4.9960036108132044e-14,0,4
200,200,0.081083741832505,0.16039754085353475,0.07068762362044367,0.16022039038739422,-0.07931379902102975,-0.08953276676695054,0.04996661039438026,-1.5873359908750218,-1.7918519199177114,0.1124365679636995,0.07315668942576804,0.176,0.13,0.084,True,999,0.00011929101310670376,0.0013110829750075936,weak_3x3_bal_strong_200_200,weak_null,True,805,826020113,-4.9960036108132044e-14,0,4
200,200,0.11790638606753268,0.07864209445562514,0.10750163962535453,0.06469449123709126,0.03926429161190753,0.04280714838826327,0.04472234426742584,0.8779569196354995,0.9571758611822697,0.3799670980615586,0.33847849865948854,0.51,0.383,0.352,True,999,0.00011833303142338991,0.0013142910320311785,weak_3x3_bal_strong_200_200,weak_null,True,806,826020113,-4.9960036108132044e-14,0,0
200,200,0.05777325872565342,0.10408699873341437,0.04739756701223996,0.09779786377418986,-0.04631374000776095,-0.0504002967619499,0.043733836175810746,-1.058991025200235,-1.1524325595253038,0.2896038670563289,0.2491433678758611,0.37,0.278,0.252,True,999,0.00011545803863555193,0.0013073330046609044,weak_3x3_bal_strong_200_200,weak_null,True,807,826020113,-4.9960036108132044e-14,0,2
200,200,0.07593720628491996,0.08816715509306616,0.06557948225434984,0.07456041564466886,-0.012229948808146207,-0.008980933390319024,0.04507456642144246,-0.2713270427006989,-0.1992461404142691,0.7861395092277834,0.8420702080809915,0.836,0.796,0.853,True,999,0.00011575000826269388,0.0013315000105649233,weak_3x3_bal_strong_200_200,weak_null,True,808,826020113,-4.9960036108132044e-14,0,1
200,200,0.1264935306431061,0.11128842877854839,0.11603498955361147,0.10014398540603509,0.015205101864557702,0.015891004147576382,0.04881472829605726,0.3114859468711989,0.32553708075969956,0.7554312246691504,0.7447746231654131,0.779,0.744,0.73,True,999,0.00011504103895276785,0.001338791917078197,weak_3x3_bal_strong_200_200,weak_null,True,809,826020113,-4.9960036108132044e-14,0,1
200,200,0.07101469233305568,0.15542967230897786,0.06066813690532058,0.13944879966696533,-0.08441497997592218,-0.07878066276164475,0.049066553525374236,-1.7204179611324828,-1.6055878618192367,0.08535649443772618,0.10836449419797232,0.136,0.106,0.123,True,999,0.00012025004252791405,0.0012445420725271106,weak_3x3_bal_strong_200_200,weak_null,True,810,826020113,-4.9960036108132044e-14,0,0
200,200,0.08877483793667507,0.10712778801136169,0.07837390872688843,0.10084637835880983,-0.018352950074686625,-0.0224724696319214,0.049053180713833605,-0.37414393536994156,-0.45812461709713115,0.7082972327667301,0.6468629139397122,0.728,0.702,0.64,True,999,0.00011133297812193632,0.0012512080138549209,weak_3x3_bal_strong_200_200,weak_null,True,811,826020113,-4.9960036108132044e-14,0,2
200,200,0.1004632812922841,0.14826796020076355,0.09007606738896357,0.13689560118378097,-0.04780467890847945,-0.0468195337948174,0.04899463966267013,-0.9757124297191774,-0.9556052277794386,0.3292069908777683,0.33927171933327005,0.418,0.325,0.333,True,999,0.00011070794425904751,0.0012627500109374523,weak_3x3_bal_strong_200_200,weak_null,True,812,826020113,-4.9960036108132044e-14,0,1
200,200,0.07835391184194407,0.08523984546797486,0.06799072230751335,0.07396758782122959,-0.0068859336260307935,-0.005976865513716234,0.04257119968985893,-0.16175098837233665,-0.14039692461709058,0.8715019502746508,0.888346387587946,0.912,0.887,0.902,True,999,0.00011529098264873028,0.0012756249634549022,weak_3x3_bal_strong_200_200,weak_null,True,813,826020113,-4.9960036108132044e-14,0,1
200,200,0.14413484306505842,0.13240407916551966,0.13361201781245313,0.1208987918499389,0.011730763899538754,0.01271322596251423,0.05128055594952066,0.22875656635014321,0.24791513522257483,0.8190581266783149,0.8042000691920566,0.85,0.837,0.819,True,999,0.00011391693260520697,0.0013155839405953884,weak_3x3_bal_strong_200_200,weak_null,True,814,826020113,-4.9960036108132044e-14,0,1
200,200,0.10552028294586879,0.09125092883215563,0.0950628051121214,0.07762289731911665,0.014269354113713162,0.01743990779300475,0.044749555111789005,0.3188714184547052,0.38972248437862816,0.7498240185904632,0.6967417684468644,0.798,0.762,0.697,True,999,0.00011583301238715649,0.0013408329105004668,weak_3x3_bal_strong_200_200,weak_null,True,815,826020113,-4.9960036108132044e-14,0,1
200,200,0.08287392237190616,0.06852580861381652,0.07250224832193908,0.06305568131882922,0.014348113758089642,0.009446567003109863,0.04354402641309887,0.32950819986122043,0.21694289162630484,0.7417715971102677,0.8282528508096624,0.785,0.75,0.828,True,999,0.00012433400843292475,0.0012463339371606708,weak_3x3_bal_strong_200_200,weak_null,True,816,826020113,-4.9960036108132044e-14,0,3
200,200,0.12419619389223824,0.11920649248809934,0.11369712370364482,0.10575495309637972,0.004989701404138902,0.007942170607265098,0.05144207235673257,0.09699650841313484,0.15439056483162175,0.9227291672587682,0.877301792638888,0.932,0.922,0.879,True,999,0.00011591706424951553,0.0012587499804794788,weak_3x3_bal_strong_200_200,weak_null,True,817,826020113,-4.9960036108132044e-14,0,1
200,200,0.09547454591659843,0.12324113036011208,0.08499808565568401,0.10918487591776227,-0.027766584443513653,-0.02418679026207826,0.047840878180972046,-0.5803945391319629,-0.5055674390128184,0.561648586878776,0.613160344506434,0.649,0.586,0.636,True,999,0.00011075008660554886,0.0012739580124616623,weak_3x3_bal_strong_200_200,weak_null,True,818,826020113,-4.9960036108132044e-14,0,0
200,200,0.09086985078894871,0.17021147944883974,0.08050757128282271,0.1565841574756348,-0.07934162865989103,-0.0760765861928121,0.05380509104838051,-1.4746119208040844,-1.4139291414711201,0.14031690815173345,0.15738270857959513,0.183,0.15,0.164,True,999,0.00011341692879796028,0.0013056250754743814,weak_3x3_bal_strong_200_200,weak_null,True,819,826020113,-4.9960036108132044e-14,0,1
200,200,0.07248960574114771,0.12336161789533234,0.06215087228684979,0.1053025628092854,-0.05087201215418463,-0.043151690522435615,0.0460122186591669,-1.1056196296687277,-0.9378311192094322,0.26889118984179716,0.3483312059674959,0.367,0.27,0.357,True,999,0.00011216697748750448,0.0013026660308241844,weak_3x3_bal_strong_200_200,weak_null,True,820,826020113,-4.9960036108132044e-14,0,0
200,200,0.11148183461027616,0.16377008096319734,0.10108129114448161,0.14319768844914904,-0.052288246352921175,-0.04211639730466743,0.05279210428857642,-0.990455808828892,-0.7977783396253237,0.3219513787297371,0.42499913315360005,0.358,0.313,0.417,True,999,0.0001141249667853117,0.0013477080501616001,weak_3x3_bal_strong_200_200,weak_null,True,821,826020113,-4.9960036108132044e-14,0,0
200,200,0.08694579704553873,0.18968450926962427,0.07658249359835168,0.17498692076219413,-0.10273871222408554,-0.09840442716384246,0.05293995230184715,-1.94066499414849,-1.8587932720976212,0.05229892503139565,0.06305644647824789,0.087,0.058,0.068,True,999,0.0001229170011356473,0.0012504580663517118,weak_3x3_bal_strong_200_200,weak_null,True,822,826020113,-4.9960036108132044e-14,0,0
200,200,0.0728607447341243,0.11529260227417212,0.06248577909462938,0.10978861350191949,-0.04243185754004783,-0.047302834407290106,0.04602098433077247,-0.922011081620331,-1.0278535997253868,0.35652279539913356,0.3040186987718946,0.472,0.369,0.316,True,999,0.00011241703759878874,0.0012610829435288906,weak_3x3_bal_strong_200_200,weak_null,True,823,826020113,-4.9960036108132044e-14,0,3
200,200,0.10413045985760983,0.13103326302190466,0.0937617391327592,0.11867971904509034,-0.02690280316429483,-0.024917979912331134,0.04912341252610124,-0.5476574566150162,-0.5072526241757169,0.5839271293176611,0.6119775753332837,0.666,0.615,0.634,True,999,0.00011129199992865324,0.0012676659971475601,weak_3x3_bal_strong_200_200,weak_null,True,824,826020113,-4.9960036108132044e-14,0,0
200,200,0.11945377511638178,0.07554981971788816,0.10896024789556691,0.06693865158734269,0.04390395539849362,0.04202159630822422,0.04462135791511673,0.9839224409533249,0.9417372816883331,0.3251536488874083,0.3463271625864057,0.433,0.334,0.351,True,999,0.00011150003410875797,0.001323375036008656,weak_3x3_bal_strong_200_200,weak_null,True,825,826020113,-4.9960036108132044e-14,0,2
200,200,0.14633336315690837,0.13503353993774042,0.1358692392842329,0.11848373384472666,0.011299823219167948,0.017385505439506233,0.053095586978912916,0.212820384181,0.32743786119948054,0.8314670636700393,0.7433367342051775,0.862,0.831,0.731,True,999,0.00010991701856255531,0.0013347089989110827,weak_3x3_bal_strong_200_200,weak_null,True,826,826020113,-4.9960036108132044e-14,0,0
200,200,0.16561978151580004,0.14393641128510787,0.15510166397587,0.13761378120889844,0.021683370230692167,0.017487882766971552,0.0574243680182191,0.3775987612752248,0.30453766180627617,0.7057286850413418,0.7607183044474624,0.733,0.699,0.752,True,999,0.00011254195123910904,0.0013464579824358225,weak_3x3_bal_strong_200_200,weak_null,True,827,826020113,-4.9960036108132044e-14,0,2
200,200,0.13472483263617496,0.058615743176473334,0.12428728552248458,0.04696943605991777,0.07610908945970163,0.07731784946256681,0.0459365401541406,1.6568311240750104,1.6831448168087073,0.09755362255774334,0.09234706040122091,0.24,0.123,0.112,True,999,0.00011741695925593376,0.001276958966627717,weak_3x3_bal_strong_200_200,weak_null,True,828,826020113,-4.9960036108132044e-14,0,1
200,200,0.14029789181067676,0.12311151943961163,0.12985643801388846,0.10945788098254638,0.01718637237106513,0.02039855703134208,0.05143132732571862,0.3341615560925054,0.3966173554525712,0.7382576519598733,0.6916496522884725,0.789,0.743,0.701,True,999,0.00011750007979571819,0.0012620420893654227,weak_3x3_bal_strong_200_200,weak_null,True,829,826020113,-4.9960036108132044e-14,0,1
200,200,0.05895602300705405,0.16283193303568733,0.0486242609895271,0.1489319999750336,-0.10387591002863328,-0.10030773898550649,0.04695314344287109,-2.2123313246326384,-2.136337029437722,0.026943780227247114,0.032651952704608876,0.045,0.026,0.03,True,999,0.00011066591832786798,0.0012637500185519457,weak_3x3_bal_strong_200_200,weak_null,True,830,826020113,-4.9960036108132044e-14,0,0
200,200,0.2065723940367361,0.08826779142908792,0.1957081364826081,0.06996157074541998,0.11830460260764819,0.12574656573718812,0.05032685481726878,2.3507251354609595,2.498597740585219,0.018736868965799142,0.012468575351083698,0.053,0.026,0.02,True,999,0.00011254101991653442,0.001323707983829081,weak_3x3_bal_strong_200_200,weak_null,True,831,826020113,-4.9960036108132044e-14,0,0
200,200,0.12824816773449332,0.10316438148365559,0.11778867847780816,0.09359853811076846,0.025083786250837736,0.024190140367039703,0.04597922915337511,0.545546037041303,0.526110176539661,0.5853780267550304,0.5988116583875991,0.675,0.608,0.619,True,999,0.0001359590096399188,0.0013251249911263585,weak_3x3_bal_strong_200_200,weak_null,True,832,826020113,-4.9960036108132044e-14,0,1
200,200,0.12038768477191364,0.11169562846454462,0.10995284300693697,0.0982974314791818,0.008692056307369023,0.011655411527755177,0.050818526588464204,0.1710410925086151,0.22935359031839686,0.8641914545067313,0.8185941043004397,0.885,0.868,0.817,True,999,0.0001087080454453826,0.0014303330099210143,weak_3x3_bal_strong_200_200,weak_null,True,833,826020113,-4.9960036108132044e-14,0,1
200,200,0.13145699208318207,0.054616428746144696,0.12101528627269431,0.036238614460913254,0.07684056333703737,0.08477667181178106,0.04273896455716533,1.797904187272941,1.983592084885172,0.07219219247133762,0.04730133229158697,0.199,0.09,0.065,True,999,0.00012629199773073196,0.0013635000213980675,weak_3x3_bal_strong_200_200,weak_null,True,834,826020113,-4.9960036108132044e-14,0,0
200,200,0.08580510091919802,0.11150472019817437,0.07543684757891356,0.095974365403805,-0.02569961927897635,-0.020537517824891438,0.048254223491748044,-0.5325879771616518,-0.4256107826168534,0.5943188265180745,0.6703914819567118,0.671,0.621,0.687,True,999,0.0001247080508619547,0.001302249962463975,weak_3x3_bal_strong_200_200,weak_null,True,835,826020113,-4.9960036108132044e-14,0,1
200,200,0.06833190814544077,0.15957677656196123,0.05797864464665281,0.1451383974509497,-0.09124486841652046,-0.08715975280429689,0.048850793030315545,-1.867827782445543,-1.7842034365789678,0.06178607962297108,0.07439061410445225,0.088,0.059,0.075,True,999,0.00011466699652373791,0.0013125420082360506,weak_3x3_bal_strong_200_200,weak_null,True,836,826020113,-4.9960036108132044e-14,0,0
200,200,0.06719757789807979,0.1087889414027361,0.05686511799120808,0.09952918386854037,-0.04159136350465631,-0.04266406587733229,0.04464882498254835,-0.9315220170052158,-0.9555473384575779,0.3515836010691241,0.33930097808035664,0.502,0.372,0.365,True,999,0.00011237501166760921,0.0013370000524446368,weak_3x3_bal_strong_200_200,weak_null,True,837,826020113,-4.9960036108132044e-14,0,1
200,200,0.0924569937080797,0.13826984182538715,0.08206100446000164,0.12219218725890357,-0.04581284811730746,-0.04013118279890193,0.04853064874451646,-0.9439982630045495,-0.8269245072359848,0.3451705359048831,0.4082798518124008,0.422,0.36,0.417,True,999,0.0001230000052601099,0.0013414159184321761,weak_3x3_bal_strong_200_200,weak_null,True,838,826020113,-4.9960036108132044e-14,0,0
200,200,0.11822337038146902,0.11473404930466519,0.10779402298558693,0.10049935257693221,0.0034893210768038307,0.007294670408654724,0.049414817436422134,0.07061284970430672,0.14762111421417592,0.9437058833578454,0.8826417909344204,0.96,0.953,0.894,True,999,0.00013183301780372858,0.0012973330449312925,weak_3x3_bal_strong_200_200,weak_null,True,839,826020113,-4.9960036108132044e-14,0,0
200,200,0.1093600490830946,0.09103839904539685,0.09897725403058644,0.08459889339498261,0.018321650037697756,0.014378360635603826,0.04643771544398991,0.3945424503019774,0.3096267871520521,0.6931805927209727,0.7568447834893288,0.745,0.688,0.747,True,999,0.0001139170490205288,0.001258208998478949,weak_3x3_bal_strong_200_200,weak_null,True,840,826020113,-4.9960036108132044e-14,0,2
200,200,0.1305994230623464,0.09068212076864202,0.12009750047607781,0.08209071499693721,0.03991730229370438,0.0380067854791406,0.04912608982771302,0.8125479237956005,0.7736578590405175,0.4164772993001079,0.43913314671682646,0.526,0.445,0.462,True,999,0.00011204194743186235,0.0012750839814543724,weak_3x3_bal_strong_200_200,weak_null,True,841,826020113,-4.9960036108132044e-14,0,2
200,200,0.11400771527032272,0.1362002222152991,0.10341678200117599,0.1244953521154315,-0.022192506944976376,-0.021078570114255513,0.05203923571662734,-0.42645720367268053,-0.40505149285888886,0.6697747262063718,0.6854396610257618,0.71,0.668,0.682,True,999,0.00011066696606576443,0.0012947909999638796,weak_3x3_bal_strong_200_200,weak_null,True,842,826020113,-4.9960036108132044e-14,0,1
200,200,0.11765578410618382,0.13563456554873476,0.10723854696314561,0.12215964471556617,-0.01797878144255094,-0.014921097752420565,0.05090598653125022,-0.35317617175563637,-0.29311086512901163,0.723956370486863,0.7694374121526072,0.781,0.736,0.787,True,999,0.00011587503831833601,0.0013362090103328228,weak_3x3_bal_strong_200_200,weak_null,True,843,826020113,-4.9960036108132044e-14,0,1
200,200,0.14146998513947695,0.04541576463210539,0.13100708627629842,0.03009190734339029,0.09605422050737156,0.10091517893290813,0.04432119800511965,2.1672297868906005,2.2769054871046395,0.030217337197420313,0.022791870155999955,0.116,0.041,0.028,True,999,0.00011470797471702099,0.0013616250362247229,weak_3x3_bal_strong_200_200,weak_null,True,844,826020113,-4.9960036108132044e-14,0,1
200,200,0.082475145977706,0.16583104251996333,0.07212781165551974,0.15025412372837366,-0.08335589654225734,-0.07812631207285392,0.052952464003465476,-1.5741646420231192,-1.4754046585583052,0.11544939131219534,0.14010378366986692,0.162,0.124,0.145,True,999,0.00013454200234264135,0.001329874969087541,weak_3x3_bal_strong_200_200,weak_null,True,845,826020113,-4.9960036108132044e-14,0,1
200,200,0.09963734096761123,0.12667543648051377,0.08926254838215186,0.11215088776754101,-0.027038095512902538,-0.022888339385389145,0.048831829152960415,-0.5536981919765617,-0.46871763319972926,0.5797854128483075,0.6392714812628109,0.64,0.592,0.641,True,999,0.00011816609185189009,0.0012700420338660479,weak_3x3_bal_strong_200_200,weak_null,True,846,826020113,-4.9960036108132044e-14,0,0
200,200,0.09795530003151409,0.17864890861947824,0.08739104864858405,0.16949444945116454,-0.08069360858796415,-0.0821034008025805,0.052391360514187794,-1.5402083052626967,-1.5671171734573788,0.12350958610251672,0.117087305730138,0.152,0.14,0.134,True,999,0.00011287489905953407,0.0012575420551002026,weak_3x3_bal_strong_200_200,weak_null,True,847,826020113,-4.9960036108132044e-14,0,1
200,200,0.15214812750722273,0.1056165076049208,0.1416942211049843,0.08906421385684382,0.046531619902301924,0.05263000724814049,0.053099574026951486,0.8763087229039559,0.9911568635452205,0.3808622242557721,0.32160899025354117,0.473,0.413,0.355,True,999,0.00011491600889712572,0.0012853749794885516,weak_3x3_bal_strong_200_200,weak_null,True,848,826020113,-4.9960036108132044e-14,0,0
200,200,0.06720859440677152,0.19742088014992937,0.05685519470983991,0.189038238088429,-0.13021228574315785,-0.1321830433785891,0.05140447638329449,-2.5330923472935996,-2.5714305966852753,0.011306116240403537,0.010127931313043053,0.022,0.013,0.011,True,999,0.00014812499284744263,0.001302290940657258,weak_3x3_bal_strong_200_200,weak_null,True,849,826020113,-4.9960036108132044e-14,0,2
200,200,0.12846493187979613,0.08124957796269977,0.11801525520195355,0.0729590666540858,0.04721535391709636,0.04505618854786775,0.04710501435669928,1.0023424164476746,0.9565051441590284,0.3161782431245148,0.3388170866821947,0.419,0.313,0.329,True,999,0.00011816597543656826,0.0013590840389952064,weak_3x3_bal_strong_200_200,weak_null,True,850,826020113,-4.9960036108132044e-14,0,2
200,200,0.1408303912223252,0.15056681255199922,0.13036983037989103,0.13813368241343937,-0.009736421329674005,-0.007763852033548346,0.05455124071944547,-0.17848212435255092,-0.14232218976425268,0.8583443585004032,0.886825520034576,0.88,0.865,0.891,True,999,0.00011804106179624796,0.0013064589584246278,weak_3x3_bal_strong_200_200,weak_null,True,851,826020113,-4.9960036108132044e-14,0,2
200,200,0.1370227963490811,0.08600940081356462,0.12656693943142727,0.0802421676808791,0.05101339553551648,0.046324771750548166,0.045733564494556685,1.1154476170688208,1.0129272070201711,0.26465865403688016,0.3110949318188273,0.381,0.269,0.314,True,999,0.00012091698590666056,0.001311332918703556,weak_3x3_bal_strong_200_200,weak_null,True,852,826020113,-4.9960036108132044e-14,0,2
200,200,0.10347561479266232,0.06694732117858587,0.09305426972198916,0.05033363245713929,0.036528293614076446,0.04272063726484987,0.04200585709722686,0.8696000067211572,1.0170162024302607,0.3845190341119811,0.3091457217325335,0.517,0.391,0.304,True,999,0.000114459078758955,0.0013161669485270977,weak_3x3_bal_strong_200_200,weak_null,True,853,826020113,-4.9960036108132044e-14,0,0
200,200,0.10350236281468317,0.06312229365809052,0.09312194564083143,0.05504345066439953,0.040380069156592646,0.0380784949764319,0.043021575271934946,0.9386004324889172,0.8851022942730863,0.3479359306630264,0.3761014621754488,0.454,0.323,0.345,True,999,0.00011670798994600773,0.0013353329850360751,weak_3x3_bal_strong_200_200,weak_null,True,854,826020113,-4.9960036108132044e-14,0,2
200,200,0.1361982663795882,0.13870699180253288,0.12557263930995077,0.12530219144144894,-0.0025087254229446687,0.000270447868501833,0.052123554952184355,-0.04813035920604519,0.0051885921585726235,0.9616123510883171,0.9958601209996646,0.969,0.963,0.996,True,999,0.0001177079975605011,0.0013450830010697246,weak_3x3_bal_strong_200_200,weak_null,True,855,826020113,-4.9960036108132044e-14,0,1
200,200,0.11833088733405406,0.1243298846698715,0.10792983427410263,0.10834432031285246,-0.005998997335817435,-0.00041448603874982837,0.04924075296899446,-0.12182992692241806,-0.00841754062962479,0.9030337122293304,0.9932838536038664,0.929,0.914,0.994,True,999,0.00011245801579207182,0.0013311250368133187,weak_3x3_bal_strong_200_200,weak_null,True,856,826020113,-4.9960036108132044e-14,0,0
200,200,0.1773228868575918,0.039081765677468405,0.16677188675708976,0.03056612753329091,0.13824112118012338,0.13620575922379885,0.043305215886498646,3.192251056834544,3.145250668667466,0.001411685733867427,0.0016594457738885993,0.019,0.001,0.002,True,999,0.00011837505735456944,0.0012554170098155737,weak_3x3_bal_strong_200_200,weak_null,True,857,826020113,-4.9960036108132044e-14,0,2
200,200,0.12652822156043508,0.13311839615167453,0.11593442973423862,0.12131772832076138,-0.0065901745912394505,-0.005383298586522756,0.05069152910357082,-0.1300054409046269,-0.1061972026040845,0.896562122007307,0.9154258903956766,0.921,0.904,0.929,True,999,0.00011337501928210258,0.0012960419990122318,weak_3x3_bal_strong_200_200,weak_null,True,858,826020113,-4.9960036108132044e-14,0,1
200,200,0.08730039398470146,0.10057153523994428,0.07694723154008898,0.09250693852591496,-0.013271141255242813,-0.015559706985825983,0.04675202726378928,-0.28386236986821906,-0.33281352481323095,0.7765158552325995,0.7392750483717794,0.806,0.768,0.717,True,999,0.00011454196646809578,0.00128670793492347,weak_3x3_bal_strong_200_200,weak_null,True,859,826020113,-4.9960036108132044e-14,0,2
200,200,0.05589431510467047,0.09331462840442811,0.045573037685585405,0.0901898382637043,-0.037420313299757646,-0.0446168005781189,0.0437497147897676,-0.8553270228063222,-1.0198192329371276,0.39237013160102474,0.3078141999421189,0.502,0.403,0.318,True,999,0.00011866702698171139,0.0013229170581325889,weak_3x3_bal_strong_200_200,weak_null,True,860,826020113,-4.9960036108132044e-14,0,3
200,200,0.06032122088020797,0.1403882751886822,0.04992741068735995,0.1336120036733064,-0.08006705430847422,-0.08368459298594644,0.043662546094182506,-1.833769705865645,-1.9166219213472844,0.0666881864059416,0.055285981007657393,0.134,0.071,0.055,True,999,0.00011604197788983583,0.001344792079180479,weak_3x3_bal_strong_200_200,weak_null,True,861,826020113,-4.9960036108132044e-14,0,2
200,200,0.15833300534528827,0.11926433691325933,0.1478004337220966,0.1129331063640393,0.03906866843202894,0.03486732735805731,0.05014574495127938,0.7791023639191579,0.695319760269465,0.43591941773709275,0.4868549333799578,0.531,0.467,0.503,True,999,0.00012437498662620783,0.0012969999806955457,weak_3x3_bal_strong_200_200,weak_null,True,862,826020113,-4.9960036108132044e-14,0,2
200,200,0.10428421917558817,0.14605436743593625,0.09391268596129976,0.13746395647358156,-0.04177014826034808,-0.0435512705122818,0.05329281399751998,-0.7837857513452355,-0.8172071850870644,0.43316583592582225,0.41381003712561193,0.437,0.414,0.401,True,999,0.0001117499778047204,0.0012775419745594263,weak_3x3_bal_strong_200_200,weak_null,True,863,826020113,-4.9960036108132044e-14,0,2
200,200,0.08660022202621298,0.07102494925517283,0.07620566496396464,0.05260395515983873,0.01557527277104015,0.023601709804125903,0.0414481112152172,0.37577762446559604,0.5694278728788202,0.7070822237900944,0.5690658057854855,0.794,0.717,0.583,True,999,0.00011841696687042713,0.0012518749572336674,weak_3x3_bal_strong_200_200,weak_null,True,864,826020113,-4.9960036108132044e-14,0,0
200,200,0.08070672719178273,0.15920820468384433,0.07034633077918784,0.1486510329869759,-0.0785014774920616,-0.07830470220778807,0.04937222115404922,-1.5899928270823476,-1.5860072805609633,0.11183642188414454,0.1127376580112409,0.179,0.108,0.107,True,999,0.00011216604616492987,0.0012667919509112835,weak_3x3_bal_strong_200_200,weak_null,True,865,826020113,-4.9960036108132044e-14,0,2
200,200,0.15463256111168766,0.09898321344766103,0.14413478854149275,0.08466965850354313,0.05564934766402663,0.05946513003794962,0.049378118587398684,1.1270042127167714,1.2042810001498345,0.25974069985206105,0.22848098774638226,0.365,0.274,0.228,True,999,0.00011216697748750448,0.00132379203569144,weak_3x3_bal_strong_200_200,weak_null,True,866,826020113,-4.9960036108132044e-14,0,0
200,200,0.12832685718151593,0.17564323843571827,0.11791541067643152,0.17047161374013342,-0.047316381254202344,-0.0525562030637019,0.053430923597158876,-0.8855617322085433,-0.983628946037843,0.37585374043013453,0.3252979874479728,0.447,0.39,0.345,True,999,0.0001182089326903224,0.0013558330247178674,weak_3x3_bal_strong_200_200,weak_null,True,867,826020113,-4.9960036108132044e-14,0,3
200,200,0.14973884427733775,0.14156207639404284,0.13931744877208985,0.1379057557055745,0.008176767883294911,0.0014116930665153404,0.05391711548377125,0.151654401574136,0.026182651906522192,0.8794595233455212,0.9791116529126596,0.901,0.878,0.968,True,999,0.00012425007298588753,0.001273375004529953,weak_3x3_bal_strong_200_200,weak_null,True,868,826020113,-4.9960036108132044e-14,0,3
200,200,0.09079056785096751,0.10345025299920962,0.08042650724505052,0.09380965389557616,-0.012659685148242117,-0.013383146650525646,0.046020014937391364,-0.2750908526532462,-0.29081143647460683,0.7832464390999172,0.7711955381542539,0.816,0.768,0.76,True,999,0.00011158292181789875,0.0012548749800771475,weak_3x3_bal_strong_200_200,weak_null,True,869,826020113,-4.9960036108132044e-14,0,1
200,200,0.20634038222857076,0.115893743450039,0.19536114364876767,0.10441277977021457,0.09044663877853176,0.0909483638785531,0.052012300187075526,1.7389471039199826,1.7485933817853483,0.08204406765800669,0.08036133112478969,0.142,0.101,0.102,True,999,0.00011320901103317738,0.001310958992689848,weak_3x3_bal_strong_200_200,weak_null,True,870,826020113,-4.9960036108132044e-14,0,1
200,200,0.14551108541111057,0.11939558008950502,0.13499801576350023,0.10286140915840747,0.02611550532160556,0.032136606605092766,0.05048413195183295,0.5173012650098141,0.6365684693906274,0.6049458711297016,0.5244059687657636,0.659,0.616,0.529,True,999,0.00011983397416770458,0.0012786670122295618,weak_3x3_bal_strong_200_200,weak_null,True,871,826020113,-4.9960036108132044e-14,0,0
200,200,0.08394573429144536,0.10232401487017623,0.0735872113321534,0.08561250128317965,-0.018378280578730866,-0.012025289951026252,0.04631037843287671,-0.3968501489438,-0.2596672788682989,0.6914779672601783,0.7951204347072899,0.745,0.671,0.782,True,999,0.00011254206765443087,0.0012871659127995372,weak_3x3_bal_strong_200_200,weak_null,True,872,826020113,-4.9960036108132044e-14,0,0
200,200,0.12222139948034894,0.12853469713894594,0.11181679434946545,0.11216115670929128,-0.006313297658597006,-0.00034436235982582275,0.05004481555134201,-0.12615288095367366,-0.006881079608986355,0.8996109088439193,0.9945097361450206,0.912,0.901,0.993,True,999,0.00011662498582154512,0.001317166956141591,weak_3x3_bal_strong_200_200,weak_null,True,873,826020113,-4.9960036108132044e-14,0,0
200,200,0.10175706699490172,0.07873371306461191,0.09138946823452443,0.0650888705470436,0.023023353930289814,0.02630059768748083,0.0451591934724766,0.5098265084012621,0.5823974182247162,0.6101730125678824,0.5602990201672895,0.737,0.652,0.601,True,999,0.00011208304204046726,0.0012759999372065067,weak_3x3_bal_strong_200_200,weak_null,True,874,826020113,-4.9960036108132044e-14,0,1
200,200,0.12699405397197094,0.12212681568457984,0.11657531449560565,0.10581890789239878,0.004867238287391107,0.01075640660320687,0.050517273495143206,0.0963480004093857,0.2129253195788764,0.9232441895652234,0.8313852130299653,0.927,0.918,0.824,True,999,0.00011024996638298035,0.001312167034484446,weak_3x3_bal_strong_200_200,weak_null,True,875,826020113,-4.9960036108132044e-14,0,0
200,200,0.07738246584122033,0.06156051942494001,0.06702595112918175,0.04973346430883652,0.01582194641628032,0.017292486820345232,0.03934980407996743,0.40208450299083204,0.4394554744212476,0.6876218373708689,0.6603315379637409,0.745,0.666,0.635,True,999,0.00010979198850691319,0.0013052079593762755,weak_3x3_bal_strong_200_200,weak_null,True,876,826020113,-4.9960036108132044e-14,0,1
200,200,0.1393028936364702,0.07050532096990336,0.1288928249620085,0.057099147961352514,0.06879757266656683,0.07179367700065598,0.04852252923391883,1.4178480337433665,1.4795946982596664,0.1562351369603481,0.13898144223265393,0.237,0.144,0.124,True,999,0.00011500006075948477,0.0013168329605832696,weak_3x3_bal_strong_200_200,weak_null,True,877,826020113,-4.9960036108132044e-14,0,1
200,200,0.06040343396792691,0.10395170267535547,0.0500755839081819,0.0854123006134273,-0.04354826870742856,-0.03533671670524541,0.044343021363362656,-0.9820771649856331,-0.7968946548698982,0.3260618342099827,0.42551221546229956,0.399,0.304,0.401,True,999,0.00011670903768390417,0.0013499170308932662,weak_3x3_bal_strong_200_200,weak_null,True,878,826020113,-4.9960036108132044e-14,0,0
200,200,0.09644010655782265,0.1710298410970612,0.085854097907486,0.1617879205024053,-0.07458973453923856,-0.07593382259491932,0.0503892900753097,-1.4802696054609998,-1.506943687466758,0.13880131124691328,0.13182509202770584,0.169,0.147,0.136,True,999,0.00011608400382101536,0.0013452499406412244,weak_3x3_bal_strong_200_200,weak_null,True,879,826020113,-4.9960036108132044e-14,0,1
200,200,0.08237496402506861,0.10554715885672933,0.0720139235208137,0.09613832774252273,-0.02317219483166072,-0.024124404221709028,0.04401875854902509,-0.52641636419285,-0.5480482643516835,0.5985989482698222,0.5836587629792427,0.655,0.591,0.571,True,999,0.00011545908637344837,0.0012450419599190354,weak_3x3_bal_strong_200_200,weak_null,True,880,826020113,-4.9960036108132044e-14,0,1
200,200,0.08492027711238004,0.13236603408038927,0.07457030643709572,0.11566660685527097,-0.047445756968009234,-0.04109630041817525,0.05008636309330864,-0.9472789405695103,-0.8205087748458535,0.3434966590715861,0.41192612901840986,0.408,0.333,0.403,True,999,0.0001115420600399375,0.00125962495803833,weak_3x3_bal_strong_200_200,weak_null,True,881,826020113,-4.9960036108132044e-14,0,0
200,200,0.16972241446531466,0.1071357163714326,0.15928183842086696,0.08872699455125144,0.06258669809388206,0.07055484386961552,0.05296385799020334,1.1816869176233094,1.3321318828901394,0.2373299511493827,0.1828168551402909,0.305,0.245,0.186,True,999,0.00011066603474318981,0.0012894578976556659,weak_3x3_bal_strong_200_200,weak_null,True,882,826020113,-4.9960036108132044e-14,0,0
200,200,0.09813756468179169,0.09092327515156601,0.08776291254926605,0.07778478846928749,0.0072142895302256815,0.009978124079978556,0.045699446523397344,0.15786382722451764,0.21834233976706754,0.8745641022821627,0.827162387795943,0.914,0.886,0.843,True,999,0.00011329096741974354,0.0013399169547483325,weak_3x3_bal_strong_200_200,weak_null,True,883,826020113,-4.9960036108132044e-14,0,1
200,200,0.1046682451861145,0.1488606371388883,0.0942080727163841,0.13975234353506494,-0.0441923919527738,-0.04554427081868084,0.050465083213644575,-0.8757023497947035,-0.9024907504039692,0.38119186759586066,0.3667962327395923,0.455,0.385,0.365,True,999,0.00011208397336304188,0.0013362499885261059,weak_3x3_bal_strong_200_200,weak_null,True,884,826020113,-4.9960036108132044e-14,0,1
200,200,0.09509357530331597,0.05763749262432677,0.084738888660155,0.043439858130341236,0.0374560826789892,0.04129903052981376,0.0412159591290221,0.9087761990867903,1.0020155154107082,0.36346827246884716,0.3163360993720796,0.502,0.349,0.298,True,999,0.00011387502308934927,0.0013254580553621054,weak_3x3_bal_strong_200_200,weak_null,True,885,826020113,-4.9960036108132044e-14,0,0
200,200,0.1341841927142433,0.08940820547980316,0.12356011266217592,0.0753283778062297,0.04477598723444015,0.04823173485594623,0.046689580758154436,0.9590145490141273,1.0330299410007542,0.337551415855635,0.30158988717118207,0.47,0.362,0.322,True,999,0.00011345790699124336,0.0012691660085693002,weak_3x3_bal_strong_200_200,weak_null,True,886,826020113,-4.9960036108132044e-14,0,0
200,200,0.13618731252859662,0.0971926582336975,0.1257240879740209,0.08633981791048484,0.03899465429489912,0.039384270063536064,0.04965013931649184,0.7853886178713424,0.7932358419476608,0.4322257521775906,0.4276404288107091,0.523,0.448,0.442,True,999,0.00011591601651161909,0.0012539580930024385,weak_3x3_bal_strong_200_200,weak_null,True,887,826020113,-4.9960036108132044e-14,0,1
200,200,0.11786529375174881,0.08863551289285715,0.10742444641465454,0.08252605030779137,0.029229780858891663,0.024898396106863174,0.04641351786883213,0.6297687010387164,0.5364470794312078,0.5288459262919664,0.5916496011823988,0.626,0.554,0.611,True,999,0.00011208292562514544,0.0012671659933403134,weak_3x3_bal_strong_200_200,weak_null,True,888,826020113,-4.9960036108132044e-14,0,2
200,200,0.17036428803666603,0.16252316969578207,0.15966129136737095,0.1464323569569217,0.007841118340883968,0.013228934410449256,0.05557385243598247,0.1410936618064482,0.23804242158105096,0.8877959507087879,0.8118481920256218,0.904,0.896,0.814,True,999,0.00011383299715816975,0.0013435829896479845,weak_3x3_bal_strong_200_200,weak_null,True,889,826020113,-4.9960036108132044e-14,0,0
200,200,0.14064129053469476,0.08882361282950468,0.1301657704768786,0.07758294693822165,0.05181767770519008,0.05258282353865695,0.0482115375826852,1.074798280729383,1.0906688766869297,0.28246505037405845,0.27541861026156134,0.405,0.293,0.285,True,999,0.0001115420600399375,0.0013317079283297062,weak_3x3_bal_strong_200_200,weak_null,True,890,826020113,-4.9960036108132044e-14,0,1
200,200,0.12002279351899858,0.12820521939099228,0.10960737535441467,0.1147696835309091,-0.008182425871993693,-0.0051623081764944345,0.050351047677483246,-0.16250755941376044,-0.1025263309228617,0.8709061758518108,0.918338913915407,0.905,0.888,0.931,True,999,0.00011120899580419064,0.001318124937824905,weak_3x3_bal_strong_200_200,weak_null,True,891,826020113,-4.9960036108132044e-14,0,1
200,200,0.11047134916256729,0.13200139643855557,0.099993193059845,0.11820407585737769,-0.021530047275988284,-0.01821088279753269,0.04952540315799836,-0.4347273500692579,-0.3677079162674445,0.6637603437163107,0.7130910371700088,0.732,0.671,0.719,True,999,0.00011283298954367638,0.0012751250760629773,weak_3x3_bal_strong_200_200,weak_null,True,892,826020113,-4.9960036108132044e-14,0,1
200,200,0.06620100854993405,0.12881489337953694,0.05586055910208643,0.11829416217968003,-0.0626138848296029,-0.0624336030775936,0.04675768286389204,-1.339114365694019,-1.3352587051700773,0.18053344447554276,0.18179168905002052,0.3,0.193,0.192,True,999,0.0001206250162795186,0.0013062090147286654,weak_3x3_bal_strong_200_200,weak_null,True,893,826020113,-4.9960036108132044e-14,0,2
200,200,0.1363105062547998,0.06950038328886582,0.12577962263782183,0.05086919237460563,0.06681012296593397,0.0749104302632162,0.04542970712478495,1.4706263190828401,1.6489305127469671,0.1413922022264088,0.09916187120765349,0.239,0.13,0.091,True,999,0.00011333299335092306,0.0012811659835278988,weak_3x3_bal_strong_200_200,weak_null,True,894,826020113,-4.9960036108132044e-14,0,0
200,200,0.10494343011910057,0.08327108492701196,0.09434110920409466,0.07402573853234173,0.021672345192088605,0.02031537067175293,0.043189069095517764,0.5018016281887816,0.4703822309025247,0.6158070677103795,0.6380819569830292,0.725,0.637,0.659,True,999,0.00011370796710252762,0.0013239160180091858,weak_3x3_bal_strong_200_200,weak_null,True,895,826020113,-4.9960036108132044e-14,0,1
200,200,0.08337331573775231,0.10527372217160308,0.07297415716874411,0.09618819371912934,-0.021900406433850772,-0.02321403655038523,0.04257817558875896,-0.5143575583269633,-0.5452097519301403,0.6070020265846439,0.5856092652134077,0.695,0.593,0.569,True,999,0.00011699995957314968,0.0013285420136526227,weak_3x3_bal_strong_200_200,weak_null,True,896,826020113,-4.9960036108132044e-14,0,1
200,200,0.14975594579220752,0.09164748398837363,0.13929275740207459,0.08052039323244742,0.05810846180383389,0.05877236416962717,0.05159305384441477,1.126284595966487,1.1391526531238585,0.26004507580519276,0.25463948955189564,0.345,0.261,0.258,True,999,0.0001396250445395708,0.0012783330166712403,weak_3x3_bal_strong_200_200,weak_null,True,897,826020113,-4.9960036108132044e-14,0,1
200,200,0.09297199542966661,0.06958129252837408,0.08255404947547618,0.05903732777151305,0.023390702901292526,0.023516721703963128,0.04234080167230344,0.5524388291540824,0.5554151261936596,0.5806477336734759,0.5786107486868366,0.696,0.592,0.589,True,999,0.00011341692879796028,0.0012602079659700394,weak_3x3_bal_strong_200_200,weak_null,True,898,826020113,-4.9960036108132044e-14,0,2
200,200,0.09696180231971696,0.1666216630552978,0.08658893533589662,0.15357416886784847,-0.06965986073558084,-0.06698523353195185,0.05566326646794852,-1.2514511841609528,-1.2034010539162776,0.21076991311845406,0.22882116025255583,0.254,0.22,0.237,True,999,0.00011083390563726425,0.0012524588964879513,weak_3x3_bal_strong_200_200,weak_null,True,899,826020113,-4.9960036108132044e-14,0,1
200,200,0.13731850977883187,0.15116334861761993,0.12678799729229695,0.1351746172293531,-0.013844838838788065,-0.008386619937056139,0.05053116131621987,-0.27398615979055374,-0.16596926962698044,0.7840952577230841,0.868181134013946,0.808,0.786,0.871,True,999,0.00011995900422334671,0.0012823339784517884,weak_3x3_bal_strong_200_200,weak_null,True,900,826020113,-4.9960036108132044e-14,0,0
200,200,0.11188896531004033,0.1997468237170839,0.10138299515938343,0.19052210961105231,-0.08785785840704358,-0.08913911445166889,0.05514527882586921,-1.5932072568618252,-1.6164414497411665,0.11111370380142084,0.10599890274451006,0.152,0.145,0.132,True,999,0.00011862500105053186,0.0013463749783113599,weak_3x3_bal_strong_200_200,weak_null,True,901,826020113,-4.9960036108132044e-14,0,1
200,200,0.0849328204865345,0.07877223244625098,0.07455586926351998,0.07084821504464855,0.006160588040283521,0.0037076542188714257,0.043069514773717725,0.1430382504342234,0.08608534919306647,0.8862599723008369,0.9313985700372434,0.909,0.878,0.926,True,999,0.00012866698671132326,0.001324416953139007,weak_3x3_bal_strong_200_200,weak_null,True,902,826020113,-4.9960036108132044e-14,0,2
200,200,0.17202941853506792,0.09141519840198414,0.15918322597190127,0.07726283789553179,0.08061422013308378,0.08192038807636948,0.047904915730404125,1.6827964083427,1.7100622520117812,0.09241451057503525,0.08725436212663336,0.192,0.106,0.093,True,999,0.00012124993372708559,0.0012790000764653087,weak_3x3_bal_strong_200_200,weak_null,True,903,826020113,-4.9960036108132044e-14,0,0
200,200,0.115055913620699,0.15912362127383373,0.1046601644218299,0.15070638718370333,-0.044067707653134724,-0.04604622276187342,0.050467636401067,-0.873187468161339,-0.9123911093426975,0.38256090432359213,0.361562868032666,0.455,0.382,0.357,True,999,0.00011195894330739975,0.0012562089832499623,weak_3x3_bal_strong_200_200,weak_null,True,904,826020113,-4.9960036108132044e-14,0,2
200,200,0.10045495792756709,0.14414386828961168,0.08995012586197504,0.12785495978599215,-0.043688910362044586,-0.03790483392401711,0.04975562700230817,-0.8780697379216597,-0.7618200434346591,0.3799058744220294,0.44616741603301624,0.436,0.378,0.443,True,999,0.00011062505654990673,0.001268666936084628,weak_3x3_bal_strong_200_200,weak_null,True,905,826020113,-4.9960036108132044e-14,0,0
200,200,0.20321140593622333,0.04157503698514475,0.19269539347499176,0.03866091670347771,0.16163636895107858,0.15403447677151405,0.04743321407482452,3.407662164661705,3.247396993350042,0.0006552196211894981,0.0011646581315603959,0.012,0.003,0.003,True,999,0.00011708296369761229,0.0012696660123765469,weak_3x3_bal_strong_200_200,weak_null,True,906,826020113,-4.9960036108132044e-14,0,3
200,200,0.1030739250726882,0.1438363092886613,0.09270652473963992,0.12754818676583568,-0.04076238421597311,-0.03484166202619576,0.050783791117203325,-0.8026652465133625,-0.6860783974513658,0.42216824528894326,0.49266367258873744,0.455,0.41,0.484,True,999,0.00011804199311882257,0.0013233339414000511,weak_3x3_bal_strong_200_200,weak_null,True,907,826020113,-4.9960036108132044e-14,0,0
200,200,0.12434867568613939,0.0739716889166469,0.11392853760114008,0.06538754493285381,0.05037698676949248,0.048540992668286265,0.04731143238072839,1.0647952140635843,1.0259886506428988,0.28696861139508856,0.30489693375002447,0.416,0.319,0.336,True,999,0.00011791707947850227,0.0013175830245018005,weak_3x3_bal_strong_200_200,weak_null,True,908,826020113,-4.9960036108132044e-14,0,2
200,200,0.13035750306587723,0.14729260390766186,0.11991961254534544,0.1339478964046492,-0.016935100841784623,-0.01402828385930377,0.05322896302497831,-0.31815575354788767,-0.2635460670673001,0.7503667937840703,0.7921297217006911,0.792,0.763,0.805,True,999,0.00012504099868237972,0.0012571250554174185,weak_3x3_bal_strong_200_200,weak_null,True,909,826020113,-4.9960036108132044e-14,0,1
200,200,0.10358685855019578,0.10235779319948479,0.09319737259900762,0.09392804898683238,0.0012290653507109894,-0.000730676387824758,0.049252065596946386,0.02495459501676598,-0.014835446574042972,0.9800911802457116,0.9881634604124847,0.975,0.972,0.985,True,999,0.00014045799616724253,0.0012585410149767995,weak_3x3_bal_strong_200_200,weak_null,True,910,826020113,-4.9960036108132044e-14,0,2
200,200,0.10321211454685253,0.11479432658143207,0.09280407485704245,0.09605065274303115,-0.011582212034579542,-0.0032465778859886996,0.04999621144468955,-0.23166179396198572,-0.06493647802854753,0.8168007081417205,0.9482245766056757,0.857,0.825,0.954,True,999,0.00011179200373589993,0.0012521250173449516,weak_3x3_bal_strong_200_200,weak_null,True,911,826020113,-4.9960036108132044e-14,0,0
200,200,0.20549137462307732,0.13279436450133103,0.19486343710443066,0.1186325140754434,0.07269701012174629,0.07623092302898726,0.05558647598584532,1.307818292713106,1.371393341222043,0.1909349481484196,0.1702523721008775,0.254,0.185,0.159,True,999,0.00012012501247227192,0.0012765000574290752,weak_3x3_bal_strong_200_200,weak_null,True,912,826020113,-4.9960036108132044e-14,0,0
200,200,0.054498932953633394,0.12610455323061076,0.0441362682770432,0.11189966856029798,-0.07160562027697737,-0.06776340028325478,0.045501079238724144,-1.5737125684710505,-1.4892701759386857,0.1155539148392978,0.13641623793946261,0.225,0.12,0.136,True,999,0.00011925003491342068,0.0013302079169079661,weak_3x3_bal_strong_200_200,weak_null,True,913,826020113,-4.9960036108132044e-14,0,0
200,200,0.10449947255614034,0.09520222458295274,0.0940226397330548,0.07651302772514157,0.009297247973187595,0.017509612007913233,0.04601838412854816,0.20203334274442536,0.38049167391453226,0.8398906578761807,0.7035804758978346,0.853,0.831,0.697,True,999,0.0001170419855043292,0.0013265409506857395,weak_3x3_bal_strong_200_200,weak_null,True,914,826020113,-4.9960036108132044e-14,0,0
200,200,0.13740219561609157,0.0736815905168528,0.12695945963960753,0.06018893094326927,0.06372060509923877,0.06677052869633826,0.04456837456167587,1.4297269246617714,1.4981593866282463,0.1527954094844989,0.13409184469176538,0.288,0.172,0.155,True,999,0.00011433300096541643,0.0012532919645309448,weak_3x3_bal_strong_200_200,weak_null,True,915,826020113,-4.9960036108132044e-14,0,1
200,200,0.12433198538447643,0.1269163507369745,0.1137558235833751,0.11713409625805582,-0.0025843653524980637,-0.0033782726746807157,0.04948866086620155,-0.05222136358640217,-0.06826357019063974,0.9583523104765184,0.9455758232314921,0.977,0.974,0.967,True,999,0.00011112494394183159,0.001281500095501542,weak_3x3_bal_strong_200_200,weak_null,True,916,826020113,-4.9960036108132044e-14,0,1
200,200,0.060958232892253106,0.1179928850190004,0.05062210182518356,0.10670364383169328,-0.0570346521267473,-0.05608154200650972,0.04271910858368055,-1.3351086672378631,-1.3127975715283033,0.1818407831593014,0.18925116857301139,0.308,0.2,0.207,True,999,0.0001130829332396388,0.00127904093824327,weak_3x3_bal_strong_200_200,weak_null,True,917,826020113,-4.9960036108132044e-14,0,1
200,200,0.08669108950356286,0.13208808895837487,0.07627810899376186,0.11650965672383506,-0.045396999454812015,-0.0402315477300732,0.050270078124064844,-0.9030620430462384,-0.8003080407152563,0.36649296755472827,0.4235323455724287,0.449,0.366,0.422,True,999,0.00011829100549221039,0.0012914169346913695,weak_3x3_bal_strong_200_200,weak_null,True,918,826020113,-4.9960036108132044e-14,0,1
200,200,0.09883404638242066,0.14123434303075694,0.08847587274834723,0.12371499251173645,-0.04240029664833628,-0.035239119763389226,0.05330494139005411,-0.7954290079427332,-0.6610854236857732,0.4263639916451889,0.50855753257057,0.501,0.45,0.525,True,999,0.00013062497600913048,0.001345416996628046,weak_3x3_bal_strong_200_200,weak_null,True,919,826020113,-4.9960036108132044e-14,0,1
200,200,0.11861512712961408,0.12753159026789962,0.10820548476274894,0.11229862914510136,-0.008916463138285535,-0.0040931443823524205,0.05196653460553564,-0.17158086845636472,-0.07876500546789214,0.8637670491402872,0.9372195391299127,0.884,0.879,0.939,True,999,0.00011699995957314968,0.001337416935712099,weak_3x3_bal_strong_200_200,weak_null,True,920,826020113,-4.9960036108132044e-14,0,1
200,200,0.09599946797482772,0.0634666935613154,0.08560722353843175,0.05025246664857974,0.03253277441351232,0.03535475688985201,0.04031522629868599,0.8069599851054954,0.8769579172870561,0.41968953744525694,0.380509496038408,0.552,0.429,0.402,True,999,0.00011433404870331287,0.0012457499979063869,weak_3x3_bal_strong_200_200,weak_null,True,921,826020113,-4.9960036108132044e-14,0,1
200,200,0.07097145155173501,0.12129476636686182,0.06057946749410803,0.1095944412987393,-0.05032331481512681,-0.04901497380463127,0.04354064867689701,-1.1557777925763593,-1.125729066839534,0.24777205883753617,0.2602802164914829,0.35,0.245,0.255,True,999,0.00011254195123910904,0.0012736670905724168,weak_3x3_bal_strong_200_200,weak_null,True,922,826020113,-4.9960036108132044e-14,0,1
200,200,0.07082161147687605,0.052385495003754695,0.060477827929901196,0.038669203164275245,0.01843611647312135,0.02180862476562595,0.03837180120690353,0.48046002254917547,0.5683503009940103,0.6309003231954343,0.5697971299041062,0.749,0.64,0.565,True,999,0.00011087500024586916,0.0012815420050173998,weak_3x3_bal_strong_200_200,weak_null,True,923,826020113,-4.9960036108132044e-14,0,1
200,200,0.08532106335115208,0.05276195983714166,0.07496339839451593,0.03829821232669417,0.03255910351401042,0.036665186067821764,0.03819899262255874,0.8523550302942379,0.959846937067362,0.3940170714116774,0.3371322554350784,0.549,0.39,0.33,True,999,0.00011279096361249685,0.001318582915700972,weak_3x3_bal_strong_200_200,weak_null,True,924,826020113,-4.9960036108132044e-14,0,0
200,200,0.07804408799567608,0.029626063105125222,0.06769608931250559,0.01978924042391128,0.04841802489055086,0.04790684888859431,0.03188149771443637,1.5186872751158902,1.502653649389296,0.12884123111130472,0.13292838101760499,0.351,0.133,0.137,True,999,0.0001157090300694108,0.0013204580172896385,weak_3x3_bal_strong_200_200,weak_null,True,925,826020113,-4.9960036108132044e-14,0,2
200,200,0.10007521282756304,0.21820492792576485,0.08966747458461555,0.21289181586504924,-0.1181297150982018,-0.12322434128043369,0.05152706818436674,-2.29257590739545,-2.3914487204963826,0.021872432762371555,0.016782028116750714,0.033,0.022,0.016,True,999,0.00011699995957314968,0.0013366249622777104,weak_3x3_bal_strong_200_200,weak_null,True,926,826020113,-4.9960036108132044e-14,0,3
200,200,0.06570642590891551,0.1269787453680054,0.05536186212040661,0.11767801675564726,-0.0612723194590899,-0.06231615463524065,0.046405522665278094,-1.3203669722900364,-1.3428607427767931,0.18671252512307013,0.17931707015495701,0.241,0.176,0.166,True,999,0.00011500006075948477,0.0012465419713407755,weak_3x3_bal_strong_200_200,weak_null,True,927,826020113,-4.9960036108132044e-14,0,1
200,200,0.13677036063094605,0.16146623699426144,0.12629956181496027,0.1531570847165824,-0.024695876363315383,-0.026857522901622133,0.053935144269736376,-0.457880973485641,-0.49795960065118794,0.647037956984531,0.6185125172949228,0.702,0.66,0.634,True,999,0.00011208304204046726,0.0012760419631376863,weak_3x3_bal_strong_200_200,weak_null,True,928,826020113,-4.9960036108132044e-14,0,2
200,200,0.09980690893804356,0.1765808045856615,0.08944153777923702,0.1681858027455405,-0.07677389564761794,-0.07874426496630349,0.05244772020118814,-1.4638175949901198,-1.5013858498375614,0.1432437936219069,0.13325579163951617,0.194,0.145,0.131,True,999,0.00010970805305987597,0.0012822910211980343,weak_3x3_bal_strong_200_200,weak_null,True,929,826020113,-4.9960036108132044e-14,0,2
200,200,0.10812755808731911,0.1633638770942633,0.0977185785232848,0.15305492748397853,-0.0552363190069442,-0.055336348960693726,0.050359714860284656,-1.096835420140661,-1.0988217291185223,0.27271334346039866,0.271845832364902,0.31,0.268,0.264,True,999,0.00011108396574854851,0.0013147920835763216,weak_3x3_bal_strong_200_200,weak_null,True,930,826020113,-4.9960036108132044e-14,0,2
200,200,0.11348358548135073,0.13102542125895333,0.10303772236966324,0.11952479103034364,-0.0175418357776026,-0.016487068660680393,0.04910169428614917,-0.35725520336170724,-0.3357739259382571,0.7209007625871434,0.7370413538519462,0.759,0.718,0.726,True,999,0.00011262495536357164,0.0013259160332381725,weak_3x3_bal_strong_200_200,weak_null,True,931,826020113,-4.9960036108132044e-14,0,1
200,200,0.20152676035044248,0.07880547735998766,0.19095662222812848,0.062300328313995124,0.12272128299045482,0.12865629391413336,0.05065060841637187,2.422898496729359,2.540074007729937,0.015397228156381643,0.011082901419926872,0.052,0.018,0.013,True,999,0.00011508399620652199,0.0013057920150458813,weak_3x3_bal_strong_200_200,weak_null,True,932,826020113,-4.9960036108132044e-14,0,0
200,200,0.1428605754265002,0.1632915962675039,0.13242470031909193,0.14892784839123863,-0.020431020841003678,-0.0165031480721467,0.05423902974586621,-0.3766848510515772,-0.3042670222802884,0.7064078221194863,0.760924467222053,0.738,0.709,0.761,True,999,0.00011679192539304495,0.001246166997589171,weak_3x3_bal_strong_200_200,weak_null,True,933,826020113,-4.9960036108132044e-14,0,0
200,200,0.12815938112314318,0.12629454861296152,0.11757847303573499,0.11191916742180297,0.0018648325101816576,0.00565930561393202,0.05015721066517404,0.037179749141761545,0.11283134645805731,0.9703416852908446,0.9101642661449397,0.974,0.967,0.9,True,999,0.00012016692198812962,0.0012631249846890569,weak_3x3_bal_strong_200_200,weak_null,True,934,826020113,-4.9960036108132044e-14,0,0
200,200,0.06730322825020463,0.15550794857215205,0.056944377091014076,0.1328997916588719,-0.08820472032194743,-0.07595541456785782,0.049964022907352905,-1.7653646601976654,-1.520202140422122,0.07750249877912485,0.1284601796367876,0.13,0.097,0.153,True,999,0.00010979210492223501,0.001298708957619965,weak_3x3_bal_strong_200_200,weak_null,True,935,826020113,-4.9960036108132044e-14,0,0
200,200,0.16723380183638237,0.12238780405510818,0.15658700263310266,0.10709658145501066,0.04484599778127418,0.04949042117809199,0.05325086845608557,0.8421646271977209,0.9293824234792581,0.3996958105325269,0.3526909334080699,0.472,0.404,0.357,True,999,0.00011087500024586916,0.0013734999811276793,weak_3x3_bal_strong_200_200,weak_null,True,936,826020113,-4.9960036108132044e-14,0,1
200,200,0.0976309881184112,0.04374976991247104,0.08726977310882944,0.02743735965523797,0.05388121820594016,0.05983241345359147,0.03858048554897485,1.3965925373733892,1.550846564065115,0.16253613568558722,0.12093845866586508,0.337,0.171,0.122,True,999,0.00011937494855374098,0.0013169579906389117,weak_3x3_bal_strong_200_200,weak_null,True,937,826020113,-4.9960036108132044e-14,0,0
200,200,0.08484598695587997,0.11242551240027776,0.07446862393541664,0.10369202695692081,-0.02757952544439779,-0.02922340302150417,0.04637743080188193,-0.5946755774853887,-0.6301212144834535,0.5520603499361549,0.5286152807499386,0.642,0.55,0.515,True,999,0.0001521250233054161,0.0012750409077852964,weak_3x3_bal_strong_200_200,weak_null,True,938,826020113,-4.9960036108132044e-14,0,1
200,200,0.07507698666970453,0.11375973576923282,0.0646062141515813,0.10212843306355524,-0.03868274909952829,-0.03752221891197394,0.04724567231196368,-0.8187575116744171,-0.7941937763995467,0.41292477663415994,0.4270826310906213,0.501,0.411,0.422,True,999,0.00011233298573642969,0.0012805829755961895,weak_3x3_bal_strong_200_200,weak_null,True,939,826020113,-4.9960036108132044e-14,0,1
200,200,0.1332984537506161,0.11341666581515708,0.12283630636542853,0.10194688612413927,0.019881787935459028,0.020889420241289258,0.049776560608870736,0.39942068500240796,0.41966379327475134,0.6895832550276337,0.6747310785674534,0.729,0.688,0.677,True,999,0.00011587503831833601,0.0012503330362960696,weak_3x3_bal_strong_200_200,weak_null,True,940,826020113,-4.9960036108132044e-14,0,1
200,200,0.13232437848694034,0.12865607659679218,0.12176702788431726,0.11614615130285699,0.0036683018901481623,0.005620876581460266,0.05018793543185422,0.07309130886902145,0.1119965691573896,0.9417334576785128,0.9108261268729952,0.952,0.938,0.91,True,999,0.00011045800056308508,0.001272624940611422,weak_3x3_bal_strong_200_200,weak_null,True,941,826020113,-4.9960036108132044e-14,0,0
200,200,0.09979819045767058,0.1006363730802492,0.08940817435444615,0.08200826171730569,-0.0008381826225786204,0.00739991263714046,0.046811411709052765,-0.017905519017204215,0.15807924535865697,0.9857142261817258,0.874394354773179,0.987,0.985,0.854,True,999,0.00011283403728157282,0.0013284169835969806,weak_3x3_bal_strong_200_200,weak_null,True,942,826020113,-4.9960036108132044e-14,0,0
200,200,0.10016675540758047,0.07384237283720807,0.08969193074503323,0.058639936536920345,0.026324382570372395,0.031051994208112887,0.0426892053909606,0.6166519692574686,0.7273968658757963,0.537464308192068,0.4669828738893941,0.641,0.545,0.483,True,999,0.00011712498962879181,0.001356709050014615,weak_3x3_bal_strong_200_200,weak_null,True,943,826020113,-4.9960036108132044e-14,0,1
200,200,0.13560773817436078,0.07646693374609301,0.12522390879198042,0.06622843267352607,0.059140804428267774,0.05899547611845435,0.04818552256512891,1.2273562945868521,1.2243402785289794,0.21968870562328846,0.22082388831679145,0.341,0.211,0.211,True,999,0.00011124997399747372,0.0012467079795897007,weak_3x3_bal_strong_200_200,weak_null,True,944,826020113,-4.9960036108132044e-14,0,2
200,200,0.1531349874964396,0.142837786473115,0.14260938209318397,0.12451739310479581,0.010297201023324598,0.018091988988388152,0.05431416435199904,0.18958592378574649,0.33309891083176124,0.8496336183519626,0.7390596215155556,0.865,0.846,0.73,True,999,0.00011108291801065207,0.0012781670084223151,weak_3x3_bal_strong_200_200,weak_null,True,945,826020113,-4.9960036108132044e-14,0,0
200,200,0.12112313088232862,0.0961505452155027,0.11071737622944511,0.08503379144268308,0.02497258566682592,0.025683584786762026,0.0474114504468198,0.5267205586725727,0.5417169174263218,0.598387656768042,0.5880135336584097,0.651,0.601,0.591,True,999,0.00011720799375325441,0.0012542919721454382,weak_3x3_bal_strong_200_200,weak_null,True,946,826020113,-4.9960036108132044e-14,0,1
200,200,0.060028009557870465,0.1617479368745498,0.04969438596023679,0.1533757429593976,-0.10171992731667934,-0.10368135699916081,0.04955717355925705,-2.052577255945593,-2.0921563832768992,0.04011359526208149,0.036424528773209223,0.058,0.039,0.036,True,999,0.00011391600128263235,0.0012616669991984963,weak_3x3_bal_strong_200_200,weak_null,True,947,826020113,-4.9960036108132044e-14,0,2
200,200,0.08654720103049329,0.07918928478854337,0.0761851994117535,0.0626573194694231,0.0073579162419499244,0.0135278799423304,0.043787773190183434,0.16803586265947545,0.3089419478714928,0.8665550658701046,0.7573656867807762,0.904,0.886,0.777,True,999,0.00011241703759878874,0.0013356669805943966,weak_3x3_bal_strong_200_200,weak_null,True,948,826020113,-4.9960036108132044e-14,0,0
200,200,0.13340699371313391,0.1419142536024981,0.12299304164309888,0.13139351826725942,-0.008507259889364183,-0.008400476624160547,0.054599025999722876,-0.15581340021353793,-0.15385762786689974,0.876180107793556,0.877721994269672,0.896,0.883,0.885,True,999,0.0001224169973284006,0.0013641250552609563,weak_3x3_bal_strong_200_200,weak_null,True,949,826020113,-4.9960036108132044e-14,0,2
200,200,0.08444278764881075,0.037966536551520824,0.07408693331797167,0.03187335584431139,0.04647625109728992,0.04221357747366028,0.03648534428516996,1.273833425663491,1.1570009356008366,0.2027224563633735,0.2472719780991567,0.405,0.217,0.275,True,999,0.00011133297812193632,0.0012401669519022107,weak_3x3_bal_strong_200_200,weak_null,True,950,826020113,-4.9960036108132044e-14,0,2
200,200,0.15745017835142106,0.0893431768835039,0.1469479676435128,0.07377142061965714,0.06810700146791715,0.07317654702385568,0.051382957036731486,1.325478434789776,1.4241404396314692,0.18501251740528202,0.15440582208774778,0.273,0.193,0.161,True,999,0.00011129199992865324,0.0013035829178988934,weak_3x3_bal_strong_200_200,weak_null,True,951,826020113,-4.9960036108132044e-14,0,1
200,200,0.12500643439729187,0.10712363759443688,0.11461564526047141,0.09802063517307147,0.017882796802854983,0.016595010087399942,0.05067078391823827,0.35292125797205814,0.3275064801479574,0.7241474734452247,0.743284842531388,0.763,0.715,0.738,True,999,0.00011791696306318045,0.0012897920096293092,weak_3x3_bal_strong_200_200,weak_null,True,952,826020113,-4.9960036108132044e-14,0,1
200,200,0.06040686747771029,0.12542603662007723,0.050071941261649044,0.1170554188122992,-0.06501916914236694,-0.06698347755065015,0.04698757464896595,-1.3837523989716676,-1.42555724680555,0.16643428297079854,0.1539961845270081,0.249,0.176,0.159,True,999,0.00011758296750485897,0.001313457963988185,weak_3x3_bal_strong_200_200,weak_null,True,953,826020113,-4.9960036108132044e-14,0,2
200,200,0.08711012418932129,0.13381361614333126,0.07668302167900265,0.12194577954731756,-0.04670349195400997,-0.04526275786831491,0.048559678196498667,-0.9617751535548162,-0.9321058036084456,0.3361625615319165,0.35128184904304405,0.391,0.319,0.333,True,999,0.00014595803804695606,0.0012777079828083515,weak_3x3_bal_strong_200_200,weak_null,True,954,826020113,-4.9960036108132044e-14,0,0
200,200,0.09072825733002254,0.11124534900390498,0.08034336225304628,0.0957202659520533,-0.020517091673882437,-0.015376903699007016,0.04929636514822804,-0.4161988741399106,-0.31192773854158573,0.6772644835208645,0.7550954412053912,0.691,0.656,0.727,True,999,0.00011066591832786798,0.001297582988627255,weak_3x3_bal_strong_200_200,weak_null,True,955,826020113,-4.9960036108132044e-14,0,1
200,200,0.11842341426885072,0.09122787391146325,0.10791123076117515,0.07812115295190836,0.02719554035738747,0.02979007780926679,0.04533025227561272,0.5999424003209979,0.657178734151753,0.5485446234237861,0.511065997760157,0.639,0.571,0.538,True,999,0.00011391600128263235,0.0012442079605534673,weak_3x3_bal_strong_200_200,weak_null,True,956,826020113,-4.9960036108132044e-14,0,1
200,200,0.1254151886757242,0.1562920580294866,0.11496528551680285,0.1529088930212481,-0.03087686935376238,-0.037943607504445254,0.05235783541139034,-0.5897277668405135,-0.7246977879492456,0.555373176459596,0.46863745248163813,0.617,0.581,0.478,True,999,0.00011070806067436934,0.0012620420893654227,weak_3x3_bal_strong_200_200,weak_null,True,957,826020113,-4.9960036108132044e-14,0,3
200,200,0.09133805876274526,0.1677865331244039,0.08091194938768353,0.15326417801817627,-0.07644847436165864,-0.07235222863049273,0.05130429243502844,-1.490098990420201,-1.4102568264072508,0.1361982096226929,0.15846386170369198,0.207,0.149,0.173,True,999,0.00011691602412611246,0.0012658749474212527,weak_3x3_bal_strong_200_200,weak_null,True,958,826020113,-4.9960036108132044e-14,0,0
200,200,0.1298034770296228,0.08861356967834749,0.11932189039040964,0.07298255230189454,0.04118990735127531,0.04633933808851509,0.04629145364487913,0.8897950724827116,1.0010344121833654,0.37357593292354097,0.3168101718426949,0.523,0.398,0.329,True,999,0.00011870800517499447,0.0013331250520423055,weak_3x3_bal_strong_200_200,weak_null,True,959,826020113,-4.9960036108132044e-14,0,1
200,200,0.06709959014253264,0.1809358144223563,0.0567645385085882,0.1646410827019622,-0.11383622427982365,-0.107876544193374,0.04971274713804259,-2.289879977135898,-2.1699976445442033,0.02202827524902046,0.030007024387165463,0.047,0.029,0.039,True,999,0.00011833303142338991,0.0012899159919470549,weak_3x3_bal_strong_200_200,weak_null,True,960,826020113,-4.9960036108132044e-14,0,0
200,200,0.07882276541053801,0.053685209791564825,0.0684762668269343,0.04181631470654423,0.025137555618973184,0.026659952120390074,0.03982227141668646,0.6312436414272432,0.6694734170592522,0.5278812308665755,0.5031935324777443,0.671,0.53,0.5,True,999,0.00011483405251055956,0.001291041960939765,weak_3x3_bal_strong_200_200,weak_null,True,961,826020113,-4.9960036108132044e-14,0,1
200,200,0.10891616730141185,0.19111788999330315,0.09847361073840943,0.18497742410902163,-0.0822017226918913,-0.08650381337061219,0.051025282704378346,-1.6109998482152021,-1.6953127701767643,0.10717975552843431,0.09001610355733937,0.152,0.118,0.096,True,999,0.00011387502308934927,0.0012593750143423676,weak_3x3_bal_strong_200_200,weak_null,True,962,826020113,-4.9960036108132044e-14,0,2
200,200,0.07169796104132331,0.10662882420201114,0.061306815603018094,0.09920278062566723,-0.03493086316068783,-0.037895965022649136,0.04357141809043343,-0.8016921342378175,-0.8697436687508134,0.42273106692847673,0.3844405019993524,0.524,0.425,0.389,True,999,0.0001158339437097311,0.0012844169978052378,weak_3x3_bal_strong_200_200,weak_null,True,963,826020113,-4.9960036108132044e-14,0,3
200,200,0.10731463283909637,0.11297391255597172,0.09690690192667262,0.09664638543648607,-0.005659279716875354,0.00026051649018654643,0.04762205250988362,-0.11883737509425514,0.005470501090486977,0.9054041974377608,0.9956351934105344,0.92,0.909,0.992,True,999,0.00012020894791930914,0.001296292059123516,weak_3x3_bal_strong_200_200,weak_null,True,964,826020113,-4.9960036108132044e-14,0,0
200,200,0.07722620938973401,0.14296972323957158,0.06687353106812566,0.13185977000961202,-0.06574351384983756,-0.06498623894148636,0.05107879701457131,-1.287099886692375,-1.2722742652484094,0.19805947494930132,0.2032756889055578,0.265,0.223,0.229,True,999,0.00011866702698171139,0.0013273339718580246,weak_3x3_bal_strong_200_200,weak_null,True,965,826020113,-4.9960036108132044e-14,0,1
200,200,0.07585735293619145,0.09342665138405948,0.06548669246262762,0.07508223806441094,-0.01756929844786803,-0.009595545601783328,0.0434959995641515,-0.403929065291519,-0.22060754317488496,0.6862648822492701,0.8253980271604691,0.759,0.698,0.841,True,999,0.00011795898899435997,0.0013351659290492535,weak_3x3_bal_strong_200_200,weak_null,True,966,826020113,-4.9960036108132044e-14,0,0
200,200,0.11563636358883844,0.0735946905717092,0.1052376505015502,0.06052321931504423,0.042041673017129244,0.044714431186505976,0.04413367356392296,0.9525985403466658,1.0131590591873538,0.34079351707841254,0.3109841923393708,0.459,0.346,0.317,True,999,0.00011841603554785252,0.0013211669865995646,weak_3x3_bal_strong_200_200,weak_null,True,967,826020113,-4.9960036108132044e-14,0,1
200,200,0.15293763972948993,0.08320937307649268,0.14245530470222434,0.07662526595778019,0.06972826665299725,0.06583003874444415,0.04766683978001049,1.4628254563298828,1.3810447482623038,0.14351514555552866,0.16726520225438102,0.277,0.152,0.172,True,999,0.00011379201896488667,0.001247958978638053,weak_3x3_bal_strong_200_200,weak_null,True,968,826020113,-4.9960036108132044e-14,0,2
200,200,0.17968608459225788,0.10840383009356108,0.16915644086051884,0.10011764405550849,0.0712822544986968,0.06903879680501035,0.0512636114946283,1.3905039543725117,1.34674079316953,0.1643758993568325,0.17806372920838842,0.269,0.187,0.208,True,999,0.00011141609866172075,0.0013043329818174243,weak_3x3_bal_strong_200_200,weak_null,True,969,826020113,-4.9960036108132044e-14,0,2
200,200,0.11520855548554909,0.13787980034695607,0.10480856092064528,0.12543597224623682,-0.02267124486140698,-0.020627411325591538,0.0520865655890075,-0.4352608893490107,-0.39602172061704927,0.663373070127842,0.6920890046926262,0.709,0.671,0.697,True,999,0.00010912504512816668,0.0012994160642847419,weak_3x3_bal_strong_200_200,weak_null,True,970,826020113,-4.9960036108132044e-14,0,2
200,200,0.1442544659028011,0.11116984694355819,0.13374176437420715,0.10041980090636571,0.03308461895924292,0.03332196346784144,0.05005610398291809,0.6609507398045444,0.6656923095575464,0.508643904834657,0.5056077900927133,0.576,0.52,0.513,True,999,0.0001163750421255827,0.0013532500015571713,weak_3x3_bal_strong_200_200,weak_null,True,971,826020113,-4.9960036108132044e-14,0,1
200,200,0.14061171431757824,0.1392544324751684,0.13013216068009115,0.12293748565861051,0.001357281842409852,0.007194675021480634,0.052459124293477905,0.025873131903930754,0.13714821050444276,0.979358530505082,0.8909136459998621,0.976,0.97,0.892,True,999,0.00011604197788983583,0.0013333340175449848,weak_3x3_bal_strong_200_200,weak_null,True,972,826020113,-4.9960036108132044e-14,0,0
200,200,0.15158375433812044,0.14402446515155515,0.1410687342428787,0.1277453006379119,0.007559289186565288,0.013323433604966795,0.05407439469974763,0.13979424510507868,0.24639080435289598,0.8888225603873467,0.8053797239303593,0.897,0.888,0.812,True,999,0.00011929194442927837,0.0013173749903216958,weak_3x3_bal_strong_200_200,weak_null,True,973,826020113,-4.9960036108132044e-14,0,0
200,200,0.1691046499654758,0.13346813227376741,0.15847040710258398,0.12224010132725027,0.03563651769170839,0.036230305775333704,0.053644285599346524,0.6643115346500672,0.6753805250745114,0.5064909400140747,0.4994340353371096,0.58,0.523,0.513,True,999,0.00011516700033098459,0.001293207984417677,weak_3x3_bal_strong_200_200,weak_null,True,974,826020113,-4.9960036108132044e-14,0,1
200,200,0.15917377770894547,0.06899293377946242,0.1487499787705815,0.050613572391142725,0.09018084392948306,0.09813640637943877,0.04767298304129238,1.891655150913718,2.058532949247943,0.05853694256589066,0.039539001711215625,0.133,0.06,0.049,True,999,0.00011754094157367945,0.0012414579978212714,weak_3x3_bal_strong_200_200,weak_null,True,975,826020113,-4.9960036108132044e-14,0,0
200,200,0.08943907533374462,0.08965087963154295,0.07905143718346608,0.07738365740169684,-0.00021180429779832366,0.0016677797817692408,0.043375406253335635,-0.004883050467845142,0.038449894210293094,0.9961039049052913,0.9693289805416312,0.998,0.996,0.962,True,999,0.00011416606139391661,0.0012542500626295805,weak_3x3_bal_strong_200_200,weak_null,True,976,826020113,-4.9960036108132044e-14,0,0
200,200,0.14153713599820095,0.16273949158416912,0.1310369891683365,0.14658523662004086,-0.02120235558596817,-0.015548247451704356,0.0537762800658506,-0.39426965866745106,-0.289128356083111,0.6933819616789283,0.7724831548021056,0.708,0.7,0.776,True,999,0.00011870800517499447,0.0013286250177770853,weak_3x3_bal_strong_200_200,weak_null,True,977,826020113,-4.9960036108132044e-14,0,0
200,200,0.15898683354143062,0.07354935945058799,0.1483484085322857,0.05544705421371532,0.08543747409084262,0.09290135431857038,0.046663112328004866,1.8309424688667268,1.9908949421450322,0.06710913057310917,0.04649243838601429,0.152,0.09,0.061,True,999,0.0001177079975605011,0.0013014579890295863,weak_3x3_bal_strong_200_200,weak_null,True,978,826020113,-4.9960036108132044e-14,0,0
200,200,0.10173783957821736,0.09948994847870535,0.09133535463951148,0.0865035943009218,0.0022478910995120116,0.004831760338589675,0.04562996844580499,0.049263481349583804,0.10589006530496263,0.9607093218250626,0.915669576488774,0.969,0.96,0.909,True,999,0.00012379197869449854,0.0012898750137537718,weak_3x3_bal_strong_200_200,weak_null,True,979,826020113,-4.9960036108132044e-14,0,1
200,200,0.1320786382034591,0.1524473277508402,0.12149885007451644,0.1390926203545746,-0.02036868954738108,-0.017593770280058152,0.049646278168654565,-0.4102762643794992,-0.35438246186934563,0.6816033016073599,0.7230522762504312,0.756,0.718,0.755,True,999,0.00011837494093924761,0.0013252919306978583,weak_3x3_bal_strong_200_200,weak_null,True,980,826020113,-4.9960036108132044e-14,0,1
200,200,0.12649164923053258,0.06693841169024545,0.11608089858447102,0.05354786909302334,0.05955323754028713,0.06253302949144768,0.045119543221516054,1.3198989459602533,1.385941102826318,0.18686875956215587,0.1657648886068266,0.336,0.208,0.185,True,999,0.00011766701936721802,0.0013036249438300729,weak_3x3_bal_strong_200_200,weak_null,True,981,826020113,-4.9960036108132044e-14,0,1
200,200,0.13950821393146806,0.12086526879655013,0.12906802488990365,0.10991404161786988,0.018642945134917932,0.01915398327203377,0.047850196242018014,0.3896106306570853,0.40029058972206166,0.6968244900337086,0.6889424981854968,0.738,0.683,0.676,True,999,0.00011787505354732275,0.001303957891650498,weak_3x3_bal_strong_200_200,weak_null,True,982,826020113,-4.9960036108132044e-14,0,1
200,200,0.07239768944826253,0.14806967422539957,0.062048293384890485,0.13862170682928365,-0.07567198477713705,-0.07657341344439317,0.0453312817514361,-1.6693105037723701,-1.6891958595891083,0.09505585964255432,0.09118190220072041,0.183,0.101,0.099,True,999,0.00011845899280160666,0.0013388749212026596,weak_3x3_bal_strong_200_200,weak_null,True,983,826020113,-4.9960036108132044e-14,0,1
200,200,0.11415445204316144,0.0697080268542562,0.1037137673051518,0.05798341384242178,0.044446425188905236,0.04573035346273002,0.04338428900572669,1.024482046554649,1.0540763606081835,0.3056076465010179,0.2918479580841373,0.444,0.309,0.295,True,999,0.00012483401224017143,0.0013575839111581445,weak_3x3_bal_strong_200_200,weak_null,True,984,826020113,-4.9960036108132044e-14,0,1
200,200,0.08566542172312674,0.19154407420719455,0.07519409237693253,0.18101629575640743,-0.1058786524840678,-0.1058222033794749,0.053369652680799615,-1.983873740331815,-1.9828160399017498,0.0472699169918735,0.047387981686345705,0.077,0.055,0.055,True,999,0.00011349993292242289,0.0012510829837992787,weak_3x3_bal_strong_200_200,weak_null,True,985,826020113,-4.9960036108132044e-14,0,2
200,200,0.14880589415360812,0.119818864761293,0.13824428319654203,0.108748139831917,0.028987029392315122,0.029496143364625027,0.048920861765811924,0.5925290018617896,0.6029358907417744,0.553496406016522,0.5465513385712613,0.581,0.545,0.531,True,999,0.00011083309073001146,0.0012695830082520843,weak_3x3_bal_strong_200_200,weak_null,True,986,826020113,-4.9960036108132044e-14,0,1
200,200,0.07372798581541429,0.07281472504573722,0.06338776773080212,0.057200828032186735,0.0009132607696770711,0.00618693969861539,0.04310981655638501,0.021184519968499096,0.14351579739438813,0.9830984627881616,0.885882835878016,0.985,0.981,0.9,True,999,0.00011595792602747679,0.0012738329824060202,weak_3x3_bal_strong_200_200,weak_null,True,987,826020113,-4.9960036108132044e-14,0,1
200,200,0.11441542359387014,0.12146125713847644,0.10401183587228502,0.10505022179754064,-0.007045833544606306,-0.001038385925255625,0.049785977958907365,-0.141522449361582,-0.02085699564067404,0.8874572264964509,0.9833597316613424,0.899,0.886,0.984,True,999,0.00012008310295641422,0.0013081250945106149,weak_3x3_bal_strong_200_200,weak_null,True,988,826020113,-4.9960036108132044e-14,0,0
200,200,0.13294638963151173,0.10350942156382326,0.1224475774249072,0.08502370774302648,0.029436968067688474,0.03742386968188072,0.04822545220316759,0.6104031527516701,0.7760190516040948,0.5415947801892764,0.4377377370312797,0.636,0.558,0.459,True,999,0.00012550002429634333,0.0013316250406205654,weak_3x3_bal_strong_200_200,weak_null,True,989,826020113,-4.9960036108132044e-14,0,0
200,200,0.13689397753656896,0.08693964055798381,0.1264891918509079,0.07520422389569603,0.049954336978585145,0.05128496795521187,0.04833508426959562,1.033500566585504,1.0610298653699013,0.30136970550814757,0.28867632885821437,0.42,0.314,0.297,True,999,0.00011604104656726122,0.0013577919453382492,weak_3x3_bal_strong_200_200,weak_null,True,990,826020113,-4.9960036108132044e-14,0,1
200,200,0.09787178583120348,0.11023555675199104,0.08730923046428529,0.09544345118901276,-0.012363770920787553,-0.00813422072472747,0.04711746026607932,-0.2624031696735668,-0.17263707930759242,0.7930106292325303,0.8629367043978728,0.842,0.816,0.87,True,999,0.00011437491048127413,0.001272958004847169,weak_3x3_bal_strong_200_200,weak_null,True,991,826020113,-4.9960036108132044e-14,0,0
200,200,0.12383692234332022,0.09887094221402604,0.11340614899853563,0.08264098617593163,0.024965980129294185,0.030765162822603997,0.047521597010678776,0.5253607138599314,0.6473932855347986,0.599332458482959,0.517377440431871,0.659,0.582,0.505,True,999,0.00011537503451108932,0.0012713749893009663,weak_3x3_bal_strong_200_200,weak_null,True,992,826020113,-4.9960036108132044e-14,0,0
200,200,0.12962935858894054,0.0812945340286203,0.11907871590099717,0.06684028311673273,0.04833482456032023,0.05223843278426443,0.045922901300853754,1.0525211428534382,1.1375246620860444,0.29256051541851047,0.25531902083560765,0.413,0.308,0.272,True,999,0.00011408398859202862,0.0012646669056266546,weak_3x3_bal_strong_200_200,weak_null,True,993,826020113,-4.9960036108132044e-14,0,0
200,200,0.11933743668063324,0.12710031218166773,0.10896272568317045,0.11581110486962132,-0.007762875501034494,-0.00684837918645087,0.050299253848102986,-0.15433381028826668,-0.13615269934484633,0.8773465399124567,0.8917005673183417,0.909,0.891,0.905,True,999,0.0001164580462500453,0.001294375048018992,weak_3x3_bal_strong_200_200,weak_null,True,994,826020113,-4.9960036108132044e-14,0,1
200,200,0.08331976859570478,0.21123317630441996,0.07296665744161146,0.1956395761261973,-0.12791340770871518,-0.12267291868458585,0.052114641862585125,-2.454461992581562,-2.35390505048557,0.014109557906511262,0.018577355688394682,0.024,0.014,0.023,True,999,0.0001176249934360385,0.0013111659791320562,weak_3x3_bal_strong_200_200,weak_null,True,995,826020113,-4.9960036108132044e-14,0,1
200,200,0.05204222232493749,0.16405897287399118,0.041727385241244974,0.15257476318043928,-0.11201675054905369,-0.1108473779391943,0.049002954770358265,-2.285918289498989,-2.262054981350748,0.022259039257221464,0.02369400654915076,0.038,0.021,0.021,True,999,0.00011708401143550873,0.0014075000071898103,weak_3x3_bal_strong_200_200,weak_null,True,996,826020113,-4.9960036108132044e-14,0,1
200,200,0.12372905689146796,0.09061081617776606,0.11327391066566861,0.08202148176822277,0.033118240713701896,0.03125242889744584,0.04924175982470611,0.6725641169527302,0.634673273430929,0.50122463662709,0.5256415282041685,0.585,0.521,0.547,True,999,0.0001770419767126441,0.0014069590251892805,weak_3x3_bal_strong_200_200,weak_null,True,997,826020113,-4.9960036108132044e-14,0,2
200,200,0.04820640701008849,0.13863750706539985,0.037848165015418544,0.12451931187155196,-0.09043110005531135,-0.08667114685613342,0.044251805340214494,-2.043557304839058,-1.9585900776203973,0.04099730077487661,0.05016081254257506,0.079,0.041,0.053,True,999,0.00013637507800012827,0.0012557909358292818,weak_3x3_bal_strong_200_200,weak_null,True,998,826020113,-4.9960036108132044e-14,0,0
200,200,0.09234263001502141,0.11622276484472405,0.0819568133106543,0.10780018754247322,-0.023880134829702637,-0.025843374231818927,0.04495537275446418,-0.5311964592114583,-0.5748673105875342,0.5952826463727332,0.5653810395829879,0.67,0.6,0.579,True,999,0.0001139170490205288,0.0012749580200761557,weak_3x3_bal_strong_200_200,weak_null,True,999,826020113,-4.9960036108132044e-14,0,2
200,200,0.10728998255810596,0.14159188321238791,0.0968869910391561,0.1312495976686563,-0.03430190065428196,-0.03436260662950019,0.053164433448471264,-0.6452039160264634,-0.6463457691654999,0.5187950487902695,0.5180554529877393,0.6,0.543,0.54,True,999,0.00012408301699906588,0.0013137499336153269,weak_3x3_bal_strong_200_200,weak_null,True,1000,826020113,-4.9960036108132044e-14,0,2
200,200,0.10094091971202501,0.13661434537421024,0.09053289307445311,0.12266214571145895,-0.03567342566218523,-0.032129252637005834,0.049116623187437966,-0.726300452823252,-0.6541421325809545,0.4676546018286152,0.5130202392083987,0.518,0.464,0.504,True,999,0.00011829100549221039,0.0015790000325068831,weak_3x3_bal_strong_200_200,weak_null,True,1001,826020113,-4.9960036108132044e-14,0,0
200,200,0.12272162415243826,0.12513428603748705,0.11222306668449278,0.1139139036505128,-0.0024126618850487946,-0.001690836966020015,0.04718632933206299,-0.05113052698102959,-0.03583319554528468,0.959221510786435,0.9714153638384835,0.964,0.961,0.97,True,999,0.00012700003571808338,0.0012924589682370424,weak_3x3_bal_strong_200_200,weak_null,True,1002,826020113,-4.9960036108132044e-14,0,1
200,200,0.07661512902024525,0.0897398352433566,0.06626393715731638,0.07529162703900738,-0.013124706223111349,-0.009027689881691003,0.04312499333782109,-0.3043410608854712,-0.20933776872664744,0.7608680657746631,0.8341845696895388,0.812,0.763,0.833,True,999,0.00011650007218122482,0.0013089579297229648,weak_3x3_bal_strong_200_200,weak_null,True,1003,826020113,-4.9960036108132044e-14,0,0
200,200,0.08956430432754559,0.09442701576310453,0.07919086141146181,0.08291389377976088,-0.004862711435558942,-0.003723032368299073,0.04553156733858402,-0.10679868319486159,-0.08176815747662894,0.9149486921598021,0.9348310779074458,0.922,0.907,0.926,True,999,0.0001152500044554472,0.0012900420697405934,weak_3x3_bal_strong_200_200,weak_null,True,1004,826020113,-4.9960036108132044e-14,0,1
200,200,0.09943659216032263,0.12333912285395987,0.08904126478824992,0.11180030555580345,-0.023902530693637236,-0.02275904076755353,0.04811850323668674,-0.49674302162028505,-0.4729789838974349,0.619370280059862,0.6362281729975705,0.692,0.634,0.652,True,999,0.00011991697829216719,0.001309207989834249,weak_3x3_bal_strong_200_200,weak_null,True,1005,826020113,-4.9960036108132044e-14,0,1
200,200,0.0913192254676023,0.1366541353003513,0.0809238060573989,0.12497689583420879,-0.045334909832749015,-0.044053089776809884,0.04799869548457591,-0.9445029573213529,-0.9177976470415967,0.3449126913322975,0.35872481434758396,0.429,0.361,0.378,True,999,0.00014783290680497885,0.0013292910298332572,weak_3x3_bal_strong_200_200,weak_null,True,1006,826020113,-4.9960036108132044e-14,0,0
200,200,0.12494136710458581,0.10822250400098254,0.11448728414222842,0.0957931319806491,0.016718863103603265,0.018694152161579325,0.050182040515233624,0.33316427414959277,0.3725267440231808,0.7390102841591802,0.7095007036970375,0.788,0.747,0.709,True,999,0.00011558295227587223,0.0013630000175908208,weak_3x3_bal_strong_200_200,weak_null,True,1007,826020113,-4.9960036108132044e-14,0,2
200,200,0.07289381431807396,0.16903563882323064,0.06252545608717242,0.15582031497750393,-0.09614182450515668,-0.09329485889033151,0.050174864783132836,-1.9161351987833648,-1.8593943260948103,0.05534788901668068,0.06297126546298261,0.094,0.069,0.07,True,999,0.0001194999786093831,0.0012888750061392784,weak_3x3_bal_strong_200_200,weak_null,True,1008,826020113,-4.9960036108132044e-14,0,1
200,200,0.10381585195301701,0.196868939717124,0.09342118648368114,0.17867884576878623,-0.09305308776410698,-0.08525765928510509,0.052942854267233254,-1.757613733751757,-1.610371417732038,0.0788132549407176,0.107316796505508,0.111,0.08,0.107,True,999,0.00011775002349168062,0.0012650409480556846,weak_3x3_bal_strong_200_200,weak_null,True,1009,826020113,-4.9960036108132044e-14,0,0
200,200,0.07621039543444441,0.10747847222609075,0.06585818694307477,0.09886521075341648,-0.03126807679164634,-0.03300702381034171,0.046859591659704894,-0.6672716445912634,-0.7043813793777641,0.5045986350690923,0.4811952989300273,0.603,0.512,0.481,True,999,0.00011208397336304188,0.0012509999796748161,weak_3x3_bal_strong_200_200,weak_null,True,1010,826020113,-4.9960036108132044e-14,0,2
200,200,0.16644176436920888,0.11222541749513504,0.1557867379611082,0.09760024894453068,0.05421634687407384,0.058186489016577525,0.05043436135315221,1.0749882702873812,1.1537072633703687,0.28237997990306873,0.24862020506808757,0.38,0.3,0.257,True,999,0.00011933292262256145,0.0013210830511525273,weak_3x3_bal_strong_200_200,weak_null,True,1011,826020113,-4.9960036108132044e-14,0,0
200,200,0.09412681075386464,0.1212803038925081,0.0837568841825771,0.1082329185613986,-0.02715349313864346,-0.02447603437882151,0.04711657536647953,-0.5763044730530533,-0.5194782131010877,0.5644093999683457,0.6034273020751237,0.616,0.55,0.589,True,999,0.00012108299415558577,0.0013401670148596168,weak_3x3_bal_strong_200_200,weak_null,True,1012,826020113,-4.9960036108132044e-14,0,1
200,200,0.09988097579114097,0.08151096974259187,0.08949931305059522,0.07071922847183032,0.018370006048549103,0.0187800845787649,0.04391887745445496,0.41827130184734995,0.42760848335070367,0.6757487694439253,0.6689361885883967,0.771,0.705,0.7,True,999,0.0001194999786093831,0.0013646670849993825,weak_3x3_bal_strong_200_200,weak_null,True,1013,826020113,-4.9960036108132044e-14,0,1
200,200,0.08990209850195519,0.11997892229351037,0.07949606087859706,0.10388124799398213,-0.030076823791555185,-0.024385187115385065,0.046266907077490246,-0.6500720642765452,-0.5270546197208185,0.5156456731630972,0.5981556591432555,0.571,0.492,0.566,True,999,0.00012466695625334978,0.001304500037804246,weak_3x3_bal_strong_200_200,weak_null,True,1014,826020113,-4.9960036108132044e-14,0,0
200,200,0.17816014069696307,0.1021253051439755,0.16769095368860576,0.09598772218276963,0.07603483555298757,0.07170323150583613,0.052410140055707766,1.450765738694242,1.3681175327831858,0.14684510298258538,0.17127528951102922,0.208,0.141,0.159,True,999,0.00011887506116181612,0.0013178749941289425,weak_3x3_bal_strong_200_200,weak_null,True,1015,826020113,-4.9960036108132044e-14,0,2
200,200,0.08312810287770445,0.09765717686132602,0.07276311146546277,0.07923577064914866,-0.014529073983621577,-0.0064726591836858915,0.045739336139644225,-0.3176494284758237,-0.14151187424156256,0.7507508759513506,0.887465580151454,0.781,0.741,0.89,True,999,0.00011791696306318045,0.0013136250199750066,weak_3x3_bal_strong_200_200,weak_null,True,1016,826020113,-4.9960036108132044e-14,0,0
200,200,0.10518955793287632,0.11251915572741261,0.09475354887604226,0.10105061370956037,-0.007329597794536291,-0.006297064833518107,0.04885027844243755,-0.15004208836134028,-0.1289054030866624,0.8807314093871024,0.8974325012978647,0.897,0.883,0.902,True,999,0.00011787505354732275,0.0013629590393975377,weak_3x3_bal_strong_200_200,weak_null,True,1017,826020113,-4.9960036108132044e-14,0,1
200,200,0.06016024731072034,0.10412577555744962,0.04983403342100701,0.09798003582683634,-0.04396552824672928,-0.048146002405829336,0.04388432636200674,-1.0018503618821148,-1.0971115748403553,0.31641586952079204,0.2725926209709727,0.449,0.337,0.286,True,999,0.00011866691056638956,0.0013417910085991025,weak_3x3_bal_strong_200_200,weak_null,True,1018,826020113,-4.9960036108132044e-14,0,2
200,200,0.10174412207088324,0.11628418750992187,0.09133826734142758,0.10573301466705232,-0.01454006543903863,-0.014394747325624735,0.0494302788553061,-0.2941530126018665,-0.2912131523223145,0.7686409835477919,0.7708883041900745,0.786,0.743,0.746,True,999,0.00012516696006059647,0.0013597500510513783,weak_3x3_bal_strong_200_200,weak_null,True,1019,826020113,-4.9960036108132044e-14,0,2
200,200,0.1480342384560831,0.09384738090606365,0.13747617036162296,0.0806500736430138,0.05418685755001945,0.056826096718609165,0.048322202955268775,1.1213656297950554,1.1759831556357712,0.2621322599344822,0.23960160721243307,0.358,0.266,0.239,True,999,0.00011424999684095383,0.0012551250401884317,weak_3x3_bal_strong_200_200,weak_null,True,1020,826020113,-4.9960036108132044e-14,0,1
200,200,0.12454896881700273,0.08620605976432366,0.11413789958660914,0.07066813924437554,0.038342909052679064,0.0434697603422336,0.048124629991225076,0.7967418982685252,0.903274692193161,0.4256009451719027,0.36638012475391646,0.526,0.433,0.372,True,999,0.00010941701475530863,0.0012648330302909017,weak_3x3_bal_strong_200_200,weak_null,True,1021,826020113,-4.9960036108132044e-14,0,1
200,200,0.07410039992499051,0.1252236688582764,0.06375344278214357,0.11186519009847018,-0.05112326893328589,-0.048111747316326614,0.04876205614851715,-1.0484231587277015,-0.9866636298065476,0.2944436882414977,0.32380756551554835,0.381,0.3,0.321,True,999,0.00011425011325627565,0.0012748748995363712,weak_3x3_bal_strong_200_200,weak_null,True,1022,826020113,-4.9960036108132044e-14,0,1
200,200,0.13969498288233506,0.1417249647648091,0.12925157083910221,0.12565494664659127,-0.0020299818824740523,0.0035966241925109443,0.05315201006594386,-0.03819200590825303,0.06766675781496762,0.9695345946085958,0.9460509120563316,0.973,0.969,0.952,True,999,0.00012216705363243818,0.0012917910935357213,weak_3x3_bal_strong_200_200,weak_null,True,1023,826020113,-4.9960036108132044e-14,0,0
200,200,0.0878423101700958,0.15805417796206128,0.07744936825449145,0.1496353944718436,-0.07021186779196548,-0.07218602621735215,0.05088117377877304,-1.3799183976619844,-1.4187177860953204,0.1676117713250035,0.15598130969165858,0.213,0.181,0.171,True,999,0.00011675001587718725,0.0013304579770192504,weak_3x3_bal_strong_200_200,weak_null,True,1024,826020113,-4.9960036108132044e-14,0,2
200,200,0.09565559483614217,0.14451002717856576,0.08528992032097449,0.13618628251176546,-0.04885443234242359,-0.05089636219079097,0.050120237375272284,-0.9747446321259204,-1.0154852581744076,0.32968694775905794,0.3098745702109327,0.397,0.323,0.3,True,999,0.00013958301860839128,0.001273375004529953,weak_3x3_bal_strong_200_200,weak_null,True,1025,826020113,-4.9960036108132044e-14,0,2
200,200,0.12007240421088805,0.14254684424189323,0.10966987567246633,0.12390620909209815,-0.022474440031005183,-0.01423633341963182,0.0524660564101534,-0.4283615268376805,-0.2713436914019091,0.6683879305640271,0.7861267055889468,0.708,0.677,0.773,True,999,0.00011337501928210258,0.001288499915972352,weak_3x3_bal_strong_200_200,weak_null,True,1026,826020113,-4.9960036108132044e-14,0,0
200,200,0.09789252732609999,0.1521948544286409,0.08752546845397546,0.1378604616688932,-0.054302327102540904,-0.050334993214917745,0.049859973401158046,-1.0890965918822508,-1.0095270771594247,0.2761112926703,0.31272192252669184,0.349,0.277,0.308,True,999,0.0001199580729007721,0.0012396250385791063,weak_3x3_bal_strong_200_200,weak_null,True,1027,826020113,-4.9960036108132044e-14,0,0
200,200,0.14038357995552508,0.07332301952264936,0.129910245388146,0.05966890954706372,0.06706056043287573,0.07024133584108228,0.04491619807571054,1.493015065964371,1.5638308416639315,0.1354332432338608,0.1178572992748583,0.256,0.145,0.12,True,999,0.00011516606900840998,0.0012678750790655613,weak_3x3_bal_strong_200_200,weak_null,True,1028,826020113,-4.9960036108132044e-14,0,1
200,200,0.15035300349774672,0.12367718288312007,0.1398074918632517,0.10524444974818437,0.026675820614626644,0.03456304211506733,0.05092003346889379,0.5238767297928518,0.678771001519104,0.6003642809120537,0.49728297037873337,0.646,0.605,0.495,True,999,0.00012008403427898884,0.0013459170004352927,weak_3x3_bal_strong_200_200,weak_null,True,1029,826020113,-4.9960036108132044e-14,0,0
200,200,0.0811558912579966,0.13977426785461855,0.0707953696658592,0.12164456074317798,-0.058618376596621946,-0.05084919107731878,0.05039413586860258,-1.1631983679502553,-1.0090299238368272,0.24474902856067438,0.3129602833467894,0.308,0.238,0.303,True,999,0.00013445899821817875,0.0013141670497134328,weak_3x3_bal_strong_200_200,weak_null,True,1030,826020113,-4.9960036108132044e-14,0,0
200,200,0.19708121317661864,0.10072383614054642,0.1864268125420665,0.08517353366178071,0.09635737703607222,0.10125327888028579,0.053525105589675,1.8002276870736258,1.8916969479050885,0.07182469373134075,0.058531370232598065,0.131,0.081,0.067,True,999,0.00011983304284512997,0.0012718751095235348,weak_3x3_bal_strong_200_200,weak_null,True,1031,826020113,-4.9960036108132044e-14,0,1
200,200,0.09875727022971326,0.11159361297867376,0.08836920802986015,0.09538048251710052,-0.012836342748960505,-0.007011274487240371,0.04751608145097458,-0.27014733448095024,-0.14755582264236913,0.7870469077117266,0.8826933217726132,0.838,0.81,0.899,True,999,0.00010904099326580763,0.0012827080208808184,weak_3x3_bal_strong_200_200,weak_null,True,1032,826020113,-4.9960036108132044e-14,0,0
200,200,0.023160530982051952,0.14380158692451483,0.012860502799100004,0.12529739370005188,-0.12064105594246288,-0.11243689090095188,0.04405908205457194,-2.738165443234516,-2.551957182441673,0.006178298632166102,0.010711968222198304,0.023,0.013,0.016,True,999,0.00010800000745803118,0.0012501250021159649,weak_3x3_bal_strong_200_200,weak_null,True,1033,826020113,-4.9960036108132044e-14,0,0
200,200,0.0736469895059404,0.1102532824429398,0.06327255568629653,0.09913864257346461,-0.03660629293699941,-0.03586608688716808,0.04637007404107109,-0.7894378797967054,-0.7734748677649431,0.4298561236596019,0.43924139685732067,0.504,0.427,0.432,True,999,0.0001129580195993185,0.0012714579934254289,weak_3x3_bal_strong_200_200,weak_null,True,1034,826020113,-4.9960036108132044e-14,0,1
200,200,0.12077264473530702,0.13398413061479308,0.11028295690300638,0.11530665790843386,-0.013211485879486062,-0.005023701005427483,0.05196937591191132,-0.2542167506856284,-0.09666656405385189,0.7993281104283706,0.9229911934595298,0.803,0.772,0.912,True,999,0.00011712498962879181,0.0013296660035848618,weak_3x3_bal_strong_200_200,weak_null,True,1035,826020113,-4.9960036108132044e-14,0,0
200,200,0.19238687326078296,0.13811448804603027,0.17956661250036632,0.12778701059548325,0.054272385214752694,0.051779601904883066,0.05011732738371532,1.0829066123024644,1.0331676609257474,0.27884987662423544,0.301525443973805,0.337,0.307,0.358,True,999,0.00011829205323010683,0.0014013340696692467,weak_3x3_bal_strong_200_200,weak_null,True,1036,826020113,-4.9960036108132044e-14,0,2
200,200,0.11110340616813619,0.10918459014600601,0.10067521294402582,0.09464169264684585,0.0019188160221301764,0.006033520297179962,0.047915680090950694,0.040045680630807996,0.1259195379409724,0.9680567076042101,0.8997956167350982,0.975,0.972,0.912,True,999,0.00012112502008676529,0.0012916659470647573,weak_3x3_bal_strong_200_200,weak_null,True,1037,826020113,-4.9960036108132044e-14,0,0
200,200,0.08414691869840318,0.10646566829377502,0.07376869119050866,0.08983440036864465,-0.022318749595371834,-0.01606570917813599,0.047194333484531406,-0.472911638908665,-0.3404160625216107,0.6362762209013053,0.733543224095618,0.709,0.648,0.739,True,999,0.00011879205703735352,0.001314291963353753,weak_3x3_bal_strong_200_200,weak_null,True,1038,826020113,-4.9960036108132044e-14,0,0
200,200,0.1077100109700786,0.12072982227419071,0.0972183298554512,0.1117227770037772,-0.013019811304112117,-0.014504447148325994,0.047550654737536384,-0.2738092961280364,-0.3050314917509688,0.7842311792662737,0.7603421675991588,0.835,0.783,0.763,True,999,0.00011770904529839754,0.0013033750001341105,weak_3x3_bal_strong_200_200,weak_null,True,1039,826020113,-4.9960036108132044e-14,0,1
200,200,0.11470628317762377,0.1292356202186647,0.10429735274064456,0.11774436728424575,-0.014529337041040924,-0.013447014543601199,0.051900762237976766,-0.2799445791262298,-0.2590908873735532,0.7795200248100815,0.7955651156259531,0.803,0.775,0.786,True,999,0.00012012501247227192,0.0013355410192161798,weak_3x3_bal_strong_200_200,weak_null,True,1040,826020113,-4.9960036108132044e-14,0,1
200,200,0.15235294071116212,0.10141318757863654,0.14186345518783128,0.09024237042818584,0.05093975313252558,0.05162108475964544,0.05269144644306591,0.966755641972496,0.9796862345660406,0.33366620405988967,0.32724102304123326,0.404,0.327,0.32,True,999,0.00011604197788983583,0.0012810840271413326,weak_3x3_bal_strong_200_200,weak_null,True,1041,826020113,-4.9960036108132044e-14,0,1
200,200,0.1230483451826101,0.21120225724249875,0.112598845927522,0.20064525562746383,-0.08815391205988865,-0.08804640969994182,0.05304686862639949,-1.661811796672531,-1.6597852423681863,0.09655051619607583,0.09695766361553342,0.145,0.114,0.111,True,999,0.00011241703759878874,0.0012992500560358167,weak_3x3_bal_strong_200_200,weak_null,True,1042,826020113,-4.9960036108132044e-14,0,2
200,200,0.13609180173609658,0.17669621168997934,0.12563762463517492,0.17319289610705368,-0.04060440995388276,-0.04755527147187877,0.05590449499914764,-0.7263174446795708,-0.8506520177421123,0.4676441875220506,0.39496268454899197,0.535,0.5,0.438,True,999,0.00011716608423739672,0.0012814999790862203,weak_3x3_bal_strong_200_200,weak_null,True,1043,826020113,-4.9960036108132044e-14,0,3
200,200,0.09250973170397558,0.1108922396815688,0.08208264443376834,0.10421726242105933,-0.01838250797759322,-0.022134617987290994,0.048484391662787986,-0.379142799304253,-0.45653079740050495,0.7045818254463037,0.6480083297313898,0.746,0.702,0.641,True,999,0.00011866702698171139,0.0012955840211361647,weak_3x3_bal_strong_200_200,weak_null,True,1044,826020113,-4.9960036108132044e-14,0,2
200,200,0.06370901513580596,0.10831658333672833,0.053365709726961086,0.09466467969990333,-0.044607568200922376,-0.041298969972942245,0.045375285574472436,-0.9830807153314762,-0.9101644088864209,0.3255677147566566,0.3627358109550102,0.362,0.309,0.349,True,999,0.00011737493332475424,0.0012888340279459953,weak_3x3_bal_strong_200_200,weak_null,True,1045,826020113,-4.9960036108132044e-14,0,1
200,200,0.11691891569335144,0.14910733224053369,0.10649982215622344,0.13491360029328803,-0.03218841654718224,-0.028413778137064583,0.05167422356247996,-0.6229105021435459,-0.5498636685408369,0.5333433362386732,0.5824128851545476,0.582,0.537,0.576,True,999,0.00011825002729892731,0.0013463340001180768,weak_3x3_bal_strong_200_200,weak_null,True,1046,826020113,-4.9960036108132044e-14,0,0
200,200,0.1575020158145619,0.1413628781077531,0.146884727322373,0.12263316662449597,0.016139137706808804,0.02425156069787704,0.05442673721579452,0.29652958329688855,0.44558174784064203,0.7668256780796261,0.6558993973795008,0.79,0.757,0.653,True,999,0.00012133398558944464,0.001351625076495111,weak_3x3_bal_strong_200_200,weak_null,True,1047,826020113,-4.9960036108132044e-14,0,0
200,200,0.1555848182268751,0.2041442078851527,0.144904503795658,0.19066798099801474,-0.04855938965827761,-0.04576347720235674,0.05532353823307997,-0.8777347076699112,-0.8271972231702469,0.38008770462872143,0.40812528529629943,0.408,0.363,0.384,True,999,0.00011695909779518843,0.0013614170020446181,weak_3x3_bal_strong_200_200,weak_null,True,1048,826020113,-4.9960036108132044e-14,0,1
200,200,0.08296354280205875,0.10365285444297323,0.07253810268935013,0.09097158506557435,-0.020689311640914476,-0.01843348237622422,0.044364584295341083,-0.46634746993644544,-0.41549994593683137,0.6409668054124913,0.6777759547254575,0.718,0.657,0.68,True,999,0.00011354195885360241,0.0012586250668391585,weak_3x3_bal_strong_200_200,weak_null,True,1049,826020113,-4.9960036108132044e-14,0,0
200,200,0.10658986840308882,0.07137727843669656,0.09622272747753868,0.05678019212768959,0.03521258996639226,0.039442535349849095,0.04446772123206276,0.7918685507320931,0.8869925028091987,0.4284373262388478,0.37508293689393113,0.56,0.436,0.375,True,999,0.00011370796710252762,0.0012655829777941108,weak_3x3_bal_strong_200_200,weak_null,True,1050,826020113,-4.9960036108132044e-14,0,0
200,200,0.134930087011095,0.11736636300244152,0.12445008225191145,0.10844292467014327,0.01756372400865347,0.016007157581768183,0.05008090147802002,0.350707025838223,0.31962598733957603,0.7258081540979455,0.749251871945039,0.77,0.737,0.757,True,999,0.00011487503070384264,0.001283499994315207,weak_3x3_bal_strong_200_200,weak_null,True,1051,826020113,-4.9960036108132044e-14,0,1
200,200,0.0988087136872513,0.13277469573566458,0.08844022550300679,0.11873105058585054,-0.03396598204841328,-0.030290825082843753,0.04962701365707002,-0.6844252665115661,-0.6103696928482907,0.4937066657085607,0.5416169397859856,0.549,0.495,0.542,True,999,0.00011804199311882257,0.0013108340790495276,weak_3x3_bal_strong_200_200,weak_null,True,1052,826020113,-4.9960036108132044e-14,0,0
200,200,0.06910013731613951,0.1884167970221861,0.05874691455738912,0.17996262916052785,-0.1193166597060466,-0.12121571460313874,0.05141209718320765,-2.320789585393885,-2.3577274852489487,0.020298202871496373,0.018387185548521742,0.029,0.027,0.02,True,999,0.00012524996418505907,0.001315666944719851,weak_3x3_bal_strong_200_200,weak_null,True,1053,826020113,-4.9960036108132044e-14,0,2
200,200,0.15395227252768673,0.12346118669614681,0.14333403491468744,0.12321303687827623,0.03049108583153992,0.02012099803641121,0.051587965011369065,0.5910503704656741,0.3900327921827678,0.5544866717040968,0.696512298727511,0.608,0.575,0.685,True,999,0.00015179195906966925,0.0012789169559255242,weak_3x3_bal_strong_200_200,weak_null,True,1054,826020113,-4.9960036108132044e-14,0,4
200,200,0.13101544906914708,0.13729975897753627,0.12059022082624438,0.12361654022322455,-0.006284309908389185,-0.0030263193969801705,0.052910466165427106,-0.11877252959255716,-0.05719698986431603,0.905455572808158,0.9543882759771758,0.929,0.918,0.955,True,999,0.00011441705282777548,0.0012699590297415853,weak_3x3_bal_strong_200_200,weak_null,True,1055,826020113,-4.9960036108132044e-14,0,1
200,200,0.15697961166894814,0.1079666838848522,0.14649165047183033,0.09859821749444109,0.04901292778409594,0.04789343297738924,0.0489303158087123,1.001688359742181,0.9788089895970293,0.3164941303541918,0.32767436709010755,0.427,0.342,0.345,True,999,0.00011191691737622023,0.0012875839602202177,weak_3x3_bal_strong_200_200,weak_null,True,1056,826020113,-4.9960036108132044e-14,0,1
200,200,0.1122667527852208,0.14141762523756102,0.10187827590073084,0.1294311760133695,-0.029150872452340215,-0.027552900112638667,0.050681476809790765,-0.5751780391432632,-0.5436483276926913,0.5651708935201526,0.5866834966505188,0.64,0.58,0.605,True,999,0.00011283298954367638,0.0012851669453084469,weak_3x3_bal_strong_200_200,weak_null,True,1057,826020113,-4.9960036108132044e-14,0,0
200,200,0.1244283932793222,0.10080799553574149,0.11401492844456129,0.09746105479604239,0.023620397743580712,0.016553873648518902,0.05078250639597459,0.4651286322774538,0.32597590830670553,0.6418393428642533,0.7444425828153742,0.685,0.648,0.73,True,999,0.00012924999464303255,0.0013356669805943966,weak_3x3_bal_strong_200_200,weak_null,True,1058,826020113,-4.9960036108132044e-14,0,3
200,200,0.1355994320176359,0.09235393802197811,0.12508664130092484,0.08116832780558525,0.0432454939956578,0.04391831349533959,0.047349511824720844,0.913325023407731,0.9275346630376482,0.3610716254111963,0.35364900318090586,0.455,0.379,0.368,True,999,0.00011983409058302641,0.001372791943140328,weak_3x3_bal_strong_200_200,weak_null,True,1059,826020113,-4.9960036108132044e-14,0,1
200,200,0.08107345697926682,0.10953138416461389,0.07071074330295346,0.09309827476639043,-0.028457927185347065,-0.02238753146343697,0.045247348804349115,-0.6289413178305759,-0.4947810657424665,0.5293874748443992,0.6207546711501036,0.636,0.545,0.641,True,999,0.00012004200834780931,0.0012413749936968088,weak_3x3_bal_strong_200_200,weak_null,True,1060,826020113,-4.9960036108132044e-14,0,0
200,200,0.0929984916132629,0.15469620953482488,0.08257035929827339,0.14285775893965535,-0.06169771792156198,-0.06028739964138197,0.05121831441398571,-1.2046026626896327,-1.1770672332965306,0.2283567283148742,0.2391686721602635,0.296,0.236,0.245,True,999,0.00011112506035715342,0.0012797089293599129,weak_3x3_bal_strong_200_200,weak_null,True,1061,826020113,-4.9960036108132044e-14,0,1
200,200,0.10628813014352367,0.151430408227812,0.09591332077897619,0.14473097443247696,-0.045142278084288334,-0.04881765365350077,0.05273249444096836,-0.8560618753740746,-0.9257603716841032,0.39196355512783254,0.3545705256895054,0.465,0.405,0.363,True,999,0.00011795805767178535,0.0012721249368041754,weak_3x3_bal_strong_200_200,weak_null,True,1062,826020113,-4.9960036108132044e-14,0,2
200,200,0.10109125428730059,0.12198980627195954,0.09069535570685616,0.10768288050601882,-0.020898551984658953,-0.016987524799162657,0.047766735212401865,-0.4375126726105614,-0.3556350402351157,0.6617395876454908,0.7221138986922775,0.695,0.657,0.72,True,999,0.00011545908637344837,0.0012980420142412186,weak_3x3_bal_strong_200_200,weak_null,True,1063,826020113,-4.9960036108132044e-14,0,0
200,200,0.08401343077224688,0.08270378404579021,0.07366224547780575,0.07240460287206929,0.0013096467264566702,0.0012576426057364642,0.044309346155065016,0.029556895781612975,0.028383235476669356,0.9764204424637919,0.9773564949666919,0.978,0.976,0.976,True,999,0.00011824991088360548,0.0013211250770837069,weak_3x3_bal_strong_200_200,weak_null,True,1064,826020113,-4.9960036108132044e-14,0,2
200,200,0.07250806430566659,0.10072518688177856,0.06212070513066692,0.08532566840466416,-0.028217122576111975,-0.023204963273997237,0.045337717148859154,-0.622376342493504,-0.5118246954915583,0.5336944326945532,0.608773705110083,0.64,0.568,0.629,True,999,0.00011266698129475117,0.0013793749967589974,weak_3x3_bal_strong_200_200,weak_null,True,1065,826020113,-4.9960036108132044e-14,0,1
200,200,0.10142124562258936,0.12862197951471466,0.0909443993808452,0.11511267819105342,-0.027200733892125295,-0.02416827881020822,0.04816786597725619,-0.5647070581239552,-0.5017510807229856,0.5722730326685587,0.6158426280764102,0.633,0.581,0.63,True,999,0.00011516700033098459,0.0012434159871190786,weak_3x3_bal_strong_200_200,weak_null,True,1066,826020113,-4.9960036108132044e-14,0,0
200,200,0.07625156273665024,0.19022648383949825,0.06589673363026805,0.17341486302643716,-0.11397492110284801,-0.10751812939616912,0.05271051467735654,-2.162280558262307,-2.0397852317377754,0.030596557360509872,0.04137172137524356,0.064,0.034,0.05,True,999,0.00011825002729892731,0.0012804169673472643,weak_3x3_bal_strong_200_200,weak_null,True,1067,826020113,-4.9960036108132044e-14,0,0
200,200,0.09053354398986446,0.07851640931562975,0.08016439953414078,0.06198766671526812,0.012017134674234708,0.018176732818872665,0.043274445386119506,0.27769586801196217,0.420033871184007,0.7812458327442754,0.6744607101141135,0.814,0.774,0.677,True,999,0.00011795898899435997,0.001286374987103045,weak_3x3_bal_strong_200_200,weak_null,True,1068,826020113,-4.9960036108132044e-14,0,0
200,200,0.10298536627078492,0.08312812976316958,0.09254080190697778,0.06942517146459437,0.01985723650761534,0.023115630442383406,0.044253831698039155,0.44871225260467545,0.5223418979877315,0.6536392447215412,0.6014323022297673,0.733,0.668,0.617,True,999,0.00011983397416770458,0.0013085419777780771,weak_3x3_bal_strong_200_200,weak_null,True,1069,826020113,-4.9960036108132044e-14,0,1
200,200,0.12453830543775846,0.10737509115210697,0.11412989842398247,0.09205804549645791,0.017163214285651485,0.02207185292752456,0.04961972759823421,0.3458949719478561,0.4448201148188089,0.7294216474929447,0.6564497567877674,0.794,0.746,0.658,True,999,0.00011775002349168062,0.0013612910406664014,weak_3x3_bal_strong_200_200,weak_null,True,1070,826020113,-4.9960036108132044e-14,0,1
200,200,0.08927441371550326,0.12481335769951446,0.07890287100732962,0.11235907291943903,-0.035538943984011195,-0.03345620191210941,0.04794427869477135,-0.7412551601884243,-0.6978142715443132,0.45853874381490256,0.4852933527412219,0.576,0.487,0.515,True,999,0.0001231660135090351,0.0013457080349326134,weak_3x3_bal_strong_200_200,weak_null,True,1071,826020113,-4.9960036108132044e-14,0,2
200,200,0.0695052102247593,0.0643649617198061,0.05914171237560595,0.04800213190158331,0.005140248504953204,0.011139580474022637,0.038674627746691316,0.13291009647514868,0.28803329529075167,0.8942644819173944,0.7733212521946258,0.932,0.892,0.779,True,999,0.00011825002729892731,0.0013126670382916927,weak_3x3_bal_strong_200_200,weak_null,True,1072,826020113,-4.9960036108132044e-14,0,0
200,200,0.05437990860902686,0.11063830467864166,0.04405510654979139,0.09235697134973009,-0.0562583960696148,-0.0483018647999387,0.04418252760096003,-1.2733177372222675,-1.0932345300880695,0.20290531512500076,0.2742908398208943,0.268,0.204,0.26,True,999,0.00011700007598847151,0.0013260409468784928,weak_3x3_bal_strong_200_200,weak_null,True,1073,826020113,-4.9960036108132044e-14,0,0
200,200,0.1367408755839019,0.10661718717747426,0.12629652274185332,0.09129611212851785,0.03012368840642765,0.035000410613335475,0.05130039370435972,0.5872018951750776,0.6822639766673173,0.5570681197140929,0.4950720471054768,0.615,0.573,0.507,True,999,0.00011687504593282938,0.0013305420288816094,weak_3x3_bal_strong_200_200,weak_null,True,1074,826020113,-4.9960036108132044e-14,0,1
200,200,0.07425442830985851,0.09862716985986142,0.0638839536450746,0.08650854045518486,-0.024372741550002908,-0.02262458681011026,0.04358711155549457,-0.5591731289413806,-0.5190659808073061,0.5760435700183751,0.6037147305071502,0.642,0.57,0.594,True,999,0.0001194999786093831,0.0013520000502467155,weak_3x3_bal_strong_200_200,weak_null,True,1075,826020113,-4.9960036108132044e-14,0,0
200,200,0.090907243219148,0.10709319650448579,0.08053512827359555,0.09346421492767831,-0.016185953285337784,-0.012929086654082766,0.04640913434924843,-0.3487665415935496,-0.2785892655697023,0.7272645839777165,0.7805600515293438,0.779,0.736,0.781,True,999,0.00011849997099488974,0.0013505410170182586,weak_3x3_bal_strong_200_200,weak_null,True,1076,826020113,-4.9960036108132044e-14,0,1
200,200,0.09936878080837808,0.10200098535651198,0.08897727683600465,0.08642623461010146,-0.0026322045481338985,0.0025510422259031884,0.045937263265552475,-0.05729998613364809,0.05553317817729401,0.9543062314003221,0.9557136983600504,0.969,0.962,0.965,True,999,0.00016329193022102118,0.0013092500157654285,weak_3x3_bal_strong_200_200,weak_null,True,1077,826020113,-4.9960036108132044e-14,0,1
200,200,0.11130423586813132,0.15253702153934784,0.10085945510621741,0.13195213459935928,-0.04123278567121652,-0.031092679493141873,0.05216598750234035,-0.7904151276608475,-0.5960335648155217,0.42928537039180514,0.5511528041269451,0.487,0.439,0.555,True,999,0.00011204206384718418,0.0012777079828083515,weak_3x3_bal_strong_200_200,weak_null,True,1078,826020113,-4.9960036108132044e-14,0,0
200,200,0.08080488923460183,0.18363768561141414,0.07044649023580973,0.16937920174768806,-0.10283279637681231,-0.09893271151187832,0.05118618166496431,-2.0089952606720582,-1.9328011641781702,0.04453763635011183,0.0532606968867087,0.099,0.062,0.074,True,999,0.00011645909398794174,0.0012421669671311975,weak_3x3_bal_strong_200_200,weak_null,True,1079,826020113,-4.9960036108132044e-14,0,0
200,200,0.10634471738900042,0.15123603240475642,0.09593373341380129,0.13949375329129055,-0.044891315015755995,-0.04356001987748925,0.05021333601324678,-0.8940118020422546,-0.8674990218932612,0.37131557659841263,0.3856686474674902,0.445,0.393,0.398,True,999,0.00011399993672966957,0.0012797500239685178,weak_3x3_bal_strong_200_200,weak_null,True,1080,826020113,-4.9960036108132044e-14,0,1
200,200,0.1369129436521097,0.08912341876053526,0.12629034059773403,0.08394880773148117,0.04778952489157445,0.04234153286625286,0.048574699714377126,0.9838357246175569,0.871678736363256,0.32519629098218894,0.3833836635269401,0.42,0.333,0.403,True,999,0.00011220888700336218,0.0013633751077577472,weak_3x3_bal_strong_200_200,weak_null,True,1081,826020113,-4.9960036108132044e-14,0,3
200,200,0.12522297416847872,0.12868575367133506,0.11478385468078045,0.1142995794862145,-0.003462779502856339,0.0004842751945659529,0.05199577720942604,-0.06659732171920665,0.009313740856597124,0.94690227797238,0.9925688174046321,0.958,0.954,0.992,True,999,0.00011825002729892731,0.0013754169922322035,weak_3x3_bal_strong_200_200,weak_null,True,1082,826020113,-4.9960036108132044e-14,0,0
200,200,0.10838972427679461,0.1600618548161038,0.09789325293999696,0.13941796388837702,-0.05167213053930919,-0.04152471094838006,0.051927615871869184,-0.9950799718363654,-0.7996652696484626,0.31969737070528204,0.4239047602427304,0.384,0.332,0.423,True,999,0.00011795805767178535,0.0012624580413103104,weak_3x3_bal_strong_200_200,weak_null,True,1083,826020113,-4.9960036108132044e-14,0,0
200,200,0.09299931314075027,0.10254562511813364,0.0826234352250026,0.09318550900739808,-0.00954631197738337,-0.010562073782395487,0.04711162870092932,-0.20263175442276868,-0.2241924992541627,0.8394228684056764,0.8226075196676588,0.878,0.858,0.841,True,999,0.00011179200373589993,0.00125279207713902,weak_3x3_bal_strong_200_200,weak_null,True,1084,826020113,-4.9960036108132044e-14,0,1
200,200,0.14883062929960045,0.18158254484603598,0.13838256958504758,0.1679357020792196,-0.03275191554643553,-0.02955313249417202,0.05571652554538014,-0.5878312623740269,-0.5304195156623954,0.5566455579430089,0.5958210980543428,0.592,0.56,0.597,True,999,0.00011012493632733822,0.001265082973986864,weak_3x3_bal_strong_200_200,weak_null,True,1085,826020113,-4.9960036108132044e-14,0,1
200,200,0.09842906158110587,0.1136613689008168,0.0880227435858103,0.10747594499362378,-0.015232307319710925,-0.01945320140781348,0.04763205488991862,-0.31979110191474985,-0.40840567245673826,0.749126693347548,0.6829758695949933,0.802,0.768,0.698,True,999,0.00011749996338039637,0.0012733329785987735,weak_3x3_bal_strong_200_200,weak_null,True,1086,826020113,-4.9960036108132044e-14,0,2
200,200,0.16493027744395716,0.11429937139152196,0.15440274503578166,0.11126546891796352,0.0506309060524352,0.043137276117818146,0.05163635922524558,0.9805281939335723,0.8354050666052354,0.32682545958447995,0.40348967808101854,0.363,0.321,0.393,True,999,0.00014545803423970938,0.0013164581032469869,weak_3x3_bal_strong_200_200,weak_null,True,1087,826020113,-4.9960036108132044e-14,0,3
200,200,0.16196797674703212,0.1662065766691601,0.1512857429530925,0.1579363237545266,-0.004238599922127995,-0.006650580801434103,0.053057799693049565,-0.07988646243623329,-0.12534595931058393,0.9363275568268772,0.900249668800715,0.931,0.928,0.897,True,999,0.00011875003110617399,0.001353417057543993,weak_3x3_bal_strong_200_200,weak_null,True,1088,826020113,-4.9960036108132044e-14,0,2
200,200,0.064196071938464,0.08564627359980781,0.05386132757593032,0.07225250553821638,-0.021450201661343815,-0.018391177962286065,0.04225225674810759,-0.5076699639790135,-0.4352709033254129,0.6116848159876836,0.6633658022655404,0.689,0.602,0.648,True,999,0.00011191598605364561,0.0012366250157356262,weak_3x3_bal_strong_200_200,weak_null,True,1089,826020113,-4.9960036108132044e-14,0,1
200,200,0.11529099864349379,0.08954583179995984,0.10485838734297204,0.07480203601934932,0.02574516684353395,0.03005635132362272,0.04630202112090238,0.5560268476468658,0.6491369187781355,0.5781925014363429,0.5162498807096565,0.636,0.566,0.501,True,999,0.00010829197708517313,0.0012557919835671782,weak_3x3_bal_strong_200_200,weak_null,True,1090,826020113,-4.9960036108132044e-14,0,0
200,200,0.14270244408050803,0.07375475333022652,0.13222906678856816,0.0644842867739186,0.06894769075028151,0.06774478001464956,0.045628344465301444,1.5110714964184928,1.4847082621234877,0.13077023594428863,0.13762112213688446,0.258,0.14,0.144,True,999,0.00010808301158249378,0.0012491659726947546,weak_3x3_bal_strong_200_200,weak_null,True,1091,826020113,-4.9960036108132044e-14,0,1
200,200,0.06736650555939083,0.05865786635148429,0.05702334538369769,0.047180512750763626,0.008708639207906543,0.009842832632934062,0.037544065038586504,0.23195781274499983,0.2621674723506348,0.816570780729545,0.7931923298370326,0.901,0.827,0.805,True,999,0.00011700007598847151,0.0012764580314978957,weak_3x3_bal_strong_200_200,weak_null,True,1092,826020113,-4.9960036108132044e-14,0,1
200,200,0.09151992263789599,0.15101099289448688,0.08114063835981256,0.13033693875568986,-0.059491070256590894,-0.0491963003958773,0.05057748302812796,-1.1762362754094697,-0.9726917483916206,0.23950047239959016,0.33070652756306196,0.321,0.251,0.351,True,999,0.00011233391705900431,0.0013060839846730232,weak_3x3_bal_strong_200_200,weak_null,True,1093,826020113,-4.9960036108132044e-14,0,0
200,200,0.06860247795160768,0.08366991599581414,0.058245053906347266,0.0674012844998515,-0.01506743804420646,-0.009156230593504233,0.040735756465596934,-0.369882367519836,-0.22477134065834906,0.7114701398716908,0.8221571624456061,0.788,0.724,0.82,True,999,0.00011504197027534246,0.0013700829586014152,weak_3x3_bal_strong_200_200,weak_null,True,1094,826020113,-4.9960036108132044e-14,0,0
200,200,0.13514154287392088,0.08932881323402281,0.12468316773706078,0.07514349585321156,0.045812729639898075,0.04953967188384922,0.04655993424313923,0.9839517685025241,1.063997891946101,0.3251392281127099,0.28732965451590853,0.429,0.324,0.29,True,999,0.00011025008279830217,0.0013035000301897526,weak_3x3_bal_strong_200_200,weak_null,True,1095,826020113,-4.9960036108132044e-14,0,0
200,200,0.09166453114394968,0.05888450322288974,0.08128436936752337,0.04400338401201509,0.03278002792105994,0.03728098535550828,0.040224100846900826,0.814935007393349,0.9268320377727148,0.41510951333380963,0.3540137479551029,0.573,0.413,0.354,True,999,0.00011000002268701792,0.0013184580020606518,weak_3x3_bal_strong_200_200,weak_null,True,1096,826020113,-4.9960036108132044e-14,0,0
200,200,0.060052214172899854,0.11929607854410984,0.04970623944689123,0.11603663405102793,-0.05924386437120999,-0.0663303946041367,0.0441770434888597,-1.3410554372238546,-1.5014674900293745,0.17990245421007156,0.13323468918603298,0.284,0.188,0.122,True,999,0.00010795798152685165,0.0012982500484213233,weak_3x3_bal_strong_200_200,weak_null,True,1097,826020113,-4.9960036108132044e-14,0,3
200,200,0.14562513789236742,0.13495809828352145,0.13506801335032037,0.12344484712747317,0.010667039608845963,0.011623166222847203,0.051966395538005895,0.20526802943345507,0.22366696982757905,0.8373627210119436,0.8230164490817533,0.844,0.826,0.813,True,999,0.00011516606900840998,0.0013508748961612582,weak_3x3_bal_strong_200_200,weak_null,True,1098,826020113,-4.9960036108132044e-14,0,1
200,200,0.1414197388133176,0.08543941290702561,0.13092500504168925,0.07403567620836782,0.05598032590629198,0.05688932883332143,0.04713128025623555,1.1877531355385935,1.2070397520295424,0.2349306828200164,0.22741683527596512,0.342,0.248,0.241,True,999,0.00011345802340656519,0.0013172919861972332,weak_3x3_bal_strong_200_200,weak_null,True,1099,826020113,-4.9960036108132044e-14,0,1
200,200,0.12436807003200867,0.07052736860298076,0.11385166706594418,0.05929197661741625,0.053840701429027915,0.05455969044852793,0.043907157162153744,1.2262397501662097,1.242614962454373,0.2201084667635529,0.21400975357497165,0.388,0.247,0.236,True,999,0.00011324998922646046,0.0013329579960554838,weak_3x3_bal_strong_200_200,weak_null,True,1100,826020113,-4.9960036108132044e-14,0,1
200,200,0.12056512976446543,0.06453332689111563,0.1101612692310141,0.060748679236724,0.0560318028733498,0.0494125899942901,0.043358579719766796,1.2922887058453483,1.1396265817204188,0.19625718175599605,0.2544419061130718,0.333,0.213,0.256,True,999,0.00011470902245491743,0.0013261249987408519,weak_3x3_bal_strong_200_200,weak_null,True,1101,826020113,-4.9960036108132044e-14,0,3
200,200,0.15954614422563385,0.12358249379969682,0.14906762836938015,0.11218070272323644,0.03596365042593702,0.03688692564614371,0.05396807752899098,0.6663874659351687,0.6834952685933368,0.50516347192749,0.4942939389221449,0.572,0.526,0.513,True,999,0.00011787505354732275,0.001251916983164847,weak_3x3_bal_strong_200_200,weak_null,True,1102,826020113,-4.9960036108132044e-14,0,1
200,200,0.09226558962929521,0.07767124224982042,0.08189239997270192,0.07152786511532838,0.014594347379474792,0.010364534857373542,0.04303705438999731,0.3391112051308701,0.24082816550248085,0.7345259575772262,0.8096882990598886,0.788,0.725,0.802,True,999,0.00011445896234363317,0.0012633749283850193,weak_3x3_bal_strong_200_200,weak_null,True,1103,826020113,-4.9960036108132044e-14,0,2
200,200,0.1317073058383822,0.19332645978079566,0.12121368021169587,0.18082925240064185,-0.06161915394241346,-0.059615572188945976,0.05594521896902928,-1.1014194792324474,-1.0656061999140367,0.27071413141741074,0.28660169537826063,0.294,0.273,0.282,True,999,0.00011104205623269081,0.0013241249835118651,weak_3x3_bal_strong_200_200,weak_null,True,1104,826020113,-4.9960036108132044e-14,0,2
200,200,0.09315776133801545,0.11175642048789958,0.0827792040935833,0.10021294393550306,-0.018598659149884122,-0.01743373984191976,0.04694905124879089,-0.3961455802658655,-0.37133316602151234,0.6919976347491925,0.7103893981238247,0.754,0.702,0.715,True,999,0.00011629099026322365,0.0012929170625284314,weak_3x3_bal_strong_200_200,weak_null,True,1105,826020113,-4.9960036108132044e-14,0,1
200,200,0.10538319298010657,0.03841811176689258,0.0949411135502487,0.025064869677073887,0.06696508121321398,0.06987624387317481,0.0367835456430979,1.8205173003973143,1.8996603685562992,0.06868026407635339,0.057477704402673045,0.233,0.091,0.078,True,999,0.00011695805005729198,0.0013267919421195984,weak_3x3_bal_strong_200_200,weak_null,True,1106,826020113,-4.9960036108132044e-14,0,1
200,200,0.0895081202766046,0.08022583924667925,0.07910469869511871,0.06395356654473972,0.009282281029925343,0.015151132150378999,0.04359277417814941,0.21293164302853718,0.34756063214654054,0.8313802807355919,0.7281701760393677,0.882,0.837,0.737,True,999,0.00011991604696959257,0.0012480419827625155,weak_3x3_bal_strong_200_200,weak_null,True,1107,826020113,-4.9960036108132044e-14,0,0
200,200,0.05314570487203785,0.08281680147192194,0.04281341328348276,0.06992079363054415,-0.029671096599884095,-0.027107380347061394,0.04065744239473979,-0.7297826634496543,-0.6667261576337746,0.4655230431538264,0.5049470673060015,0.585,0.452,0.504,True,999,0.00012058310676366091,0.0012717499630525708,weak_3x3_bal_strong_200_200,weak_null,True,1108,826020113,-4.9960036108132044e-14,0,1
200,200,0.1609563416383586,0.1312863578839688,0.1504425795382076,0.11301989441356852,0.029669983754389784,0.03742268512463909,0.05304873592879473,0.5592967152735676,0.7054397144329718,0.5759592367225108,0.4805366363179079,0.636,0.581,0.481,True,999,0.0001115420600399375,0.0012695830082520843,weak_3x3_bal_strong_200_200,weak_null,True,1109,826020113,-4.9960036108132044e-14,0,0
200,200,0.06408834983974598,0.1439426912334864,0.05372541078591553,0.14056188227409905,-0.07985434139374042,-0.08683647148818352,0.04863081223176983,-1.6420523887851641,-1.7856265915183394,0.1005791474507297,0.07415973839705438,0.167,0.115,0.087,True,999,0.00011062505654990673,0.0013165419222787023,weak_3x3_bal_strong_200_200,weak_null,True,1110,826020113,-4.9960036108132044e-14,0,3
200,200,0.11354449999879246,0.10648690605287808,0.10314853998809781,0.08401086692750681,0.0070575939459143755,0.019137673060591,0.049773288596998845,0.14179480891965662,0.3844968576527799,0.8872420845215097,0.7006102244798497,0.903,0.879,0.694,True,999,0.00011179095599800348,0.0013260829728096724,weak_3x3_bal_strong_200_200,weak_null,True,1111,826020113,-4.9960036108132044e-14,0,0
200,200,0.11260069526779559,0.11672386700811493,0.10222162122357759,0.10618964179634816,-0.004123171740319342,-0.00396802057277057,0.051025794733334066,-0.08080563491205678,-0.07776499304925762,0.9355965267153978,0.9380149935893584,0.944,0.929,0.929,True,999,0.0001593329943716526,0.0012813330395147204,weak_3x3_bal_strong_200_200,weak_null,True,1112,826020113,-4.9960036108132044e-14,0,2
200,200,0.10143731585162818,0.12776030577715058,0.09105680354650758,0.11602288057370913,-0.0263229899255224,-0.02496607702720155,0.04816168636493643,-0.5465545729870156,-0.5183804578192225,0.5846847854449891,0.6041928466966038,0.608,0.572,0.586,True,999,0.00011587503831833601,0.001292541972361505,weak_3x3_bal_strong_200_200,weak_null,True,1113,826020113,-4.9960036108132044e-14,0,1
200,200,0.08732028620890264,0.07798206817204889,0.07692793010050991,0.0677034438186368,0.009338218036853752,0.009224486281873112,0.04415562464235229,0.21148422454648985,0.20890852199665993,0.83250944082531,0.8345196513540685,0.874,0.832,0.835,True,999,0.00011879205703735352,0.0012942500179633498,weak_3x3_bal_strong_200_200,weak_null,True,1114,826020113,-4.9960036108132044e-14,0,2
200,200,0.10868995325831698,0.08405205293616569,0.09829064813212085,0.07279550711466243,0.024637900322151296,0.025495141017458423,0.04766431353897468,0.5169045454101654,0.5348895037922088,0.6052227944562173,0.592726266774828,0.703,0.625,0.607,True,999,0.00011920800898224115,0.0013181670801714063,weak_3x3_bal_strong_200_200,weak_null,True,1115,826020113,-4.9960036108132044e-14,0,1
200,200,0.09707219502103892,0.08057856416389347,0.08670287665839282,0.06631429825121415,0.016493630857145447,0.02038857840717867,0.04340537177606274,0.379990544539959,0.46972477306190463,0.7039524340256347,0.6385516663462136,0.77,0.722,0.651,True,999,0.00011395895853638649,0.0013445420190691948,weak_3x3_bal_strong_200_200,weak_null,True,1116,826020113,-4.9960036108132044e-14,0,0
200,200,0.06197559430657962,0.1341253640703738,0.05163084119163841,0.12048461236072683,-0.07214976976379417,-0.06885377116908842,0.04606218243664798,-1.5663558682445404,-1.4948004529265855,0.11726532848264112,0.13496652810441226,0.208,0.12,0.137,True,999,0.00012087507639080286,0.0012716250494122505,weak_3x3_bal_strong_200_200,weak_null,True,1117,826020113,-4.9960036108132044e-14,0,1
200,200,0.11975392639667848,0.06790811614206288,0.10930632933502693,0.05255956610892554,0.0518458102546156,0.05674676322610139,0.0440673746106095,1.1765123453062118,1.287727343131516,0.23939020211636253,0.19784089190689547,0.394,0.253,0.211,True,999,0.00011316698510199785,0.0012742499820888042,weak_3x3_bal_strong_200_200,weak_null,True,1118,826020113,-4.9960036108132044e-14,0,1
200,200,0.06747170886460618,0.14267506230040838,0.05709623069580516,0.12609035909166266,-0.0752033534358022,-0.0689941283958575,0.04820534013107283,-1.5600627073954954,-1.4312548818918998,0.11874506324191565,0.1523571796033331,0.207,0.138,0.178,True,999,0.00011795794125646353,0.0012715409975498915,weak_3x3_bal_strong_200_200,weak_null,True,1119,826020113,-4.9960036108132044e-14,0,0
200,200,0.10054625470500578,0.11553424536150347,0.09007459586382538,0.09707922814146741,-0.014987990656497696,-0.007004632277642031,0.047825969871491125,-0.3133860263946676,-0.14646085163486597,0.753987399255492,0.8835575924792682,0.805,0.772,0.899,True,999,0.00011999998241662979,0.0012906669871881604,weak_3x3_bal_strong_200_200,weak_null,True,1120,826020113,-4.9960036108132044e-14,0,0
200,200,0.10492584705033692,0.17596258259325198,0.09454568678265218,0.1576641853894074,-0.07103673554291506,-0.06311849860675522,0.053471775793695435,-1.3284903014440492,-1.1804077510026736,0.1840161854457214,0.23783808065051293,0.25,0.19,0.246,True,999,0.00012116599828004837,0.0012835829984396696,weak_3x3_bal_strong_200_200,weak_null,True,1121,826020113,-4.9960036108132044e-14,0,0
200,200,0.08943660319270652,0.12567486772898456,0.07899424984083225,0.11226483577571855,-0.03623826453627804,-0.0332705859348863,0.04625839770310421,-0.78338780276962,-0.7192334275913246,0.4333994165530576,0.47199710635134895,0.511,0.418,0.447,True,999,0.00011941604316234589,0.0013315420364961028,weak_3x3_bal_strong_200_200,weak_null,True,1122,826020113,-4.9960036108132044e-14,0,1
200,200,0.093690838730911,0.1175011256011056,0.08329154276248119,0.10432696228811267,-0.023810286870194597,-0.021035419525631482,0.04734044190700636,-0.5029586947448982,-0.4443435396516282,0.61499331303205,0.6567942269925449,0.661,0.593,0.636,True,999,0.00011900009121745825,0.001291208085604012,weak_3x3_bal_strong_200_200,weak_null,True,1123,826020113,-4.9960036108132044e-14,0,1
200,200,0.11967210298575437,0.07573957271754356,0.10922433135527854,0.07056480073532612,0.04393253026821081,0.03865953061995242,0.046330651000179995,0.9482390020386317,0.8344266654013177,0.3430077960052337,0.40404059620262744,0.421,0.328,0.384,True,999,0.0001301249722018838,0.0012826670426875353,weak_3x3_bal_strong_200_200,weak_null,True,1124,826020113,-4.9960036108132044e-14,0,3
200,200,0.09662521305967364,0.0711445203501454,0.08624258484329062,0.05275361599937867,0.02548069270952824,0.03348896884391195,0.04239730898576938,0.6009978774379481,0.789884302684222,0.5478414000316645,0.42959533952208695,0.645,0.559,0.416,True,999,0.00011141702998429537,0.0012907920172438025,weak_3x3_bal_strong_200_200,weak_null,True,1125,826020113,-4.9960036108132044e-14,0,0
200,200,0.12712994619473905,0.10617630730123484,0.11669171078909812,0.0966422776017879,0.02095363889350421,0.02004943318731023,0.05051862723074535,0.4147705518164188,0.3968720902833293,0.6783098791004494,0.6914617863561965,0.727,0.676,0.685,True,999,0.00011354195885360241,0.0012948340736329556,weak_3x3_bal_strong_200_200,weak_null,True,1126,826020113,-4.9960036108132044e-14,0,1
200,200,0.12250839041580353,0.13748733120327744,0.112111719842801,0.12625206199977868,-0.014978940787473916,-0.014140342156977681,0.051535423590552715,-0.29065329716664634,-0.27438102128202624,0.7713164936086536,0.7837918263794319,0.805,0.768,0.776,True,999,0.00012270896695554256,0.0012957920553162694,weak_3x3_bal_strong_200_200,weak_null,True,1127,826020113,-4.9960036108132044e-14,0,1
200,200,0.14031745188790667,0.11908577601113973,0.12972759954516278,0.11261452484464485,0.021231675876766942,0.017113074700517927,0.05022329161463655,0.4227456065539799,0.3407398071760528,0.6724808770556843,0.7332994682527958,0.735,0.689,0.748,True,999,0.00011745805386453867,0.0013183749979361892,weak_3x3_bal_strong_200_200,weak_null,True,1128,826020113,-4.9960036108132044e-14,0,2
200,200,0.1208616791933399,0.1779869430982619,0.11045244634141227,0.16456559677645544,-0.05712526390492201,-0.05411315043504317,0.05283960600656199,-1.0811069238068844,-1.024102080328211,0.2796495538818089,0.30578706192171834,0.361,0.297,0.321,True,999,0.00011720904149115086,0.001354792038910091,weak_3x3_bal_strong_200_200,weak_null,True,1129,826020113,-4.9960036108132044e-14,0,1
200,200,0.09498917540321172,0.10591884101091203,0.08462191068983316,0.09490417314840727,-0.010929665607700312,-0.01028226245857411,0.047938937268567815,-0.22799140386590463,-0.21448665832890487,0.8196529232761166,0.8301675699946255,0.856,0.823,0.836,True,999,0.00011658307630568743,0.0012445409083738923,weak_3x3_bal_strong_200_200,weak_null,True,1130,826020113,-4.9960036108132044e-14,0,1
200,200,0.12360579597640187,0.15989779744785143,0.11311643670916283,0.14340978547923555,-0.036292001471449564,-0.030293348770072726,0.05164416223868449,-0.7027319235757636,-0.5865783751136395,0.48222282909616543,0.5574869096975633,0.515,0.474,0.534,True,999,0.00011058303061872721,0.0012926249764859676,weak_3x3_bal_strong_200_200,weak_null,True,1131,826020113,-4.9960036108132044e-14,0,0
200,200,0.10955456216187143,0.15225336544717472,0.09913341427511568,0.13626544066026725,-0.04269880328530329,-0.03713202638515156,0.051123617097779156,-0.835207008213786,-0.7263184511012348,0.4036011644633989,0.4676435706903731,0.461,0.415,0.479,True,999,0.00011120806448161602,0.001304166973568499,weak_3x3_bal_strong_200_200,weak_null,True,1132,826020113,-4.9960036108132044e-14,0,0
200,200,0.09120228114688289,0.16886286029031206,0.08083400401051222,0.15833564157200897,-0.07766057914342916,-0.07750163756149675,0.05126416586938352,-1.5149096415867047,-1.5118091994116114,0.12979528836232307,0.13058240844041064,0.202,0.15,0.15,True,999,0.00011508399620652199,0.0013101249933242798,weak_3x3_bal_strong_200_200,weak_null,True,1133,826020113,-4.9960036108132044e-14,0,2
200,200,0.11743002146352399,0.19627466660544074,0.10704999799227721,0.19094356084798392,-0.07884464514191675,-0.0838935628557067,0.05506321745639002,-1.4318931726857693,-1.5235862837501326,0.15217439644252967,0.12761209167964518,0.24,0.165,0.134,True,999,0.00012191710993647575,0.0013069580309092999,weak_3x3_bal_strong_200_200,weak_null,True,1134,826020113,-4.9960036108132044e-14,0,3
200,200,0.08942239377271677,0.13559211404638016,0.07905055307708153,0.12220387959732193,-0.046169720273663395,-0.0431533265202404,0.05053565815738981,-0.9136067869121443,-0.853918363660019,0.3609234988947996,0.3931502238823076,0.42,0.356,0.387,True,999,0.00011816597543656826,0.0013350419467315078,weak_3x3_bal_strong_200_200,weak_null,True,1135,826020113,-4.9960036108132044e-14,0,1
200,200,0.19983126917345473,0.12174892726112724,0.1891656411194731,0.11356669533880392,0.07808234191232749,0.07559894578066917,0.053474019688493045,1.460192115109122,1.4137509433751647,0.14423728174936798,0.15743504186736312,0.204,0.135,0.144,True,999,0.00011487503070384264,0.0012735000345855951,weak_3x3_bal_strong_200_200,weak_null,True,1136,826020113,-4.9960036108132044e-14,0,2
200,200,0.12451344129777286,0.11321871702239666,0.11408441640170963,0.09701380644131063,0.0112947242753762,0.017070609960398997,0.048755832789586395,0.23165893451395633,0.35012446683189574,0.8168029292448877,0.7262452897292402,0.85,0.824,0.735,True,999,0.00011270795948803425,0.0012474160175770521,weak_3x3_bal_strong_200_200,weak_null,True,1137,826020113,-4.9960036108132044e-14,0,0
200,200,0.08711061951995647,0.11529083387872902,0.07671212267874239,0.1088377352346015,-0.02818021435877255,-0.03212561255585911,0.047774930141796054,-0.5898535963345971,-0.6724366202213221,0.5552888066280267,0.5013057762168949,0.619,0.551,0.493,True,999,0.00010891701094806194,0.00124729098752141,weak_3x3_bal_strong_200_200,weak_null,True,1138,826020113,-4.9960036108132044e-14,0,2
200,200,0.09973096406964443,0.08118452479771937,0.08925813877641531,0.0676170792635773,0.018546439271925064,0.021641059512838012,0.045622543445777236,0.40651918703234197,0.47435013215689276,0.6843611620026092,0.6352502476423725,0.757,0.687,0.638,True,999,0.00010837498120963573,0.0012732499744743109,weak_3x3_bal_strong_200_200,weak_null,True,1139,826020113,-4.9960036108132044e-14,0,1
200,200,0.054618088607662596,0.059966936066436494,0.044284800640184585,0.05394479498781379,-0.005348847458773898,-0.009659994347629208,0.03756069203871058,-0.14240545550282457,-0.25718360933481954,0.8867597534365288,0.7970370364066571,0.92,0.889,0.789,True,999,0.00011354195885360241,0.0012672090670093894,weak_3x3_bal_strong_200_200,weak_null,True,1140,826020113,-4.9960036108132044e-14,0,2
200,200,0.10047858458915959,0.09498864192719031,0.09010101632480882,0.0805669882633282,0.005489942661969283,0.009534028061480626,0.04540113698823763,0.12092081886388875,0.20999535901382094,0.9037537520998766,0.8336712952512011,0.927,0.902,0.845,True,999,0.00011287489905953407,0.0013427500380203128,weak_3x3_bal_strong_200_200,weak_null,True,1141,826020113,-4.9960036108132044e-14,0,0
200,200,0.09089432309299394,0.11843949561065986,0.08051631128967074,0.11001818637082295,-0.027545172517665917,-0.029501875081152207,0.04715844627224382,-0.5840983894729852,-0.6255904808830864,0.5591541183095481,0.5315835840660619,0.632,0.556,0.528,True,999,0.00011466699652373791,0.001289375009946525,weak_3x3_bal_strong_200_200,weak_null,True,1142,826020113,-4.9960036108132044e-14,0,2
200,200,0.1495765337266468,0.11971257912345135,0.13909822655836024,0.104407057233189,0.029863954603195464,0.034691169325171245,0.05279886000198933,0.5656174129909295,0.657043908218173,0.5716538880148058,0.5111526840352902,0.621,0.578,0.503,True,999,0.00011804199311882257,0.0013127080164849758,weak_3x3_bal_strong_200_200,weak_null,True,1143,826020113,-4.9960036108132044e-14,0,1
200,200,0.08329463963206196,0.12093473296907975,0.07291708205914915,0.10729613454388698,-0.03764009333701779,-0.034379052484737826,0.04935331495769746,-0.7626659601139355,-0.6965905433952183,0.4456626362278119,0.4860590756411024,0.527,0.44,0.481,True,999,0.00011254101991653442,0.001303542056120932,weak_3x3_bal_strong_200_200,weak_null,True,1144,826020113,-4.9960036108132044e-14,0,1
200,200,0.045765448085879346,0.12007240296282912,0.035424255043267294,0.11064517434454046,-0.07430695487694977,-0.07522091930127317,0.0437479566126731,-1.6985240141575941,-1.7194156053332752,0.08940890423252351,0.08553872271399389,0.139,0.091,0.086,True,999,0.00010783306788653135,0.001330832950770855,weak_3x3_bal_strong_200_200,weak_null,True,1145,826020113,-4.9960036108132044e-14,0,1
200,200,0.10378285850684432,0.09407095644833152,0.09340497924003444,0.07752591832536382,0.0097119020585128,0.015879060914670617,0.047018325744465864,0.20655567599949914,0.33772067939998074,0.8363568790936708,0.7355736895482228,0.865,0.844,0.736,True,999,0.00010800000745803118,0.001326874946244061,weak_3x3_bal_strong_200_200,weak_null,True,1146,826020113,-4.9960036108132044e-14,0,0
200,200,0.11322399128629246,0.05195614229437273,0.10282443578526568,0.038584512575454255,0.06126784899191973,0.06423992320981142,0.04232777606791266,1.4474620375428828,1.5176777326250708,0.14776756139840144,0.12909566020146965,0.306,0.142,0.128,True,999,0.0001515829935669899,0.0012788750464096665,weak_3x3_bal_strong_200_200,weak_null,True,1147,826020113,-4.9960036108132044e-14,0,1
200,200,0.09290892049384802,0.19728838625656087,0.08251735018458817,0.19195530253404058,-0.10437946576271284,-0.10943795234945242,0.05299052685463627,-1.9697759572960432,-2.065236162864786,0.04886405321914826,0.038900660401810866,0.065,0.049,0.041,True,999,0.0001139170490205288,0.001266833976842463,weak_3x3_bal_strong_200_200,weak_null,True,1148,826020113,-4.9960036108132044e-14,0,3
200,200,0.13485085814779318,0.15160159287380703,0.1243479291181302,0.13957871936831623,-0.01675073472601385,-0.015230790250186033,0.05251526084635647,-0.31896889506121573,-0.2900259849179203,0.7497500998764779,0.7717963584577046,0.772,0.733,0.757,True,999,0.00011233391705900431,0.0012758339289575815,weak_3x3_bal_strong_200_200,weak_null,True,1149,826020113,-4.9960036108132044e-14,0,0
200,200,0.0773209024301238,0.197802975356195,0.06696011714902284,0.1861786383573616,-0.12048207292607122,-0.11921852120833876,0.052533456839961794,-2.2934350825819143,-2.269382758715588,0.02182296879256632,0.023245059737662895,0.045,0.028,0.03,True,999,0.00011720799375325441,0.0012932081008329988,weak_3x3_bal_strong_200_200,weak_null,True,1150,826020113,-4.9960036108132044e-14,0,1
200,200,0.09289045576876132,0.09225435408286048,0.08251857742931179,0.08365141127714537,0.0006361016859008362,-0.0011328338478335809,0.04676686521831166,0.013601546371163857,-0.02422300153207655,0.9891478707594866,0.9806747309422502,0.99,0.986,0.98,True,999,0.00011562497820705175,0.0013419169699773192,weak_3x3_bal_strong_200_200,weak_null,True,1151,826020113,-4.9960036108132044e-14,0,2
200,200,0.08991970540835426,0.15511939025944482,0.07950806847651393,0.15179117087231475,-0.06519968485109057,-0.07228310239580082,0.04910455330041583,-1.3277726904917886,-1.4720244363813144,0.18425321138923134,0.14101427888202936,0.284,0.198,0.133,True,999,0.00012733298353850842,0.0013695410452783108,weak_3x3_bal_strong_200_200,weak_null,True,1152,826020113,-4.9960036108132044e-14,0,3
200,200,0.12411370681638778,0.06080026335639427,0.11365621029381145,0.042679977461816065,0.06331344345999351,0.07097623283199539,0.04410425808556717,1.4355403810933263,1.609283001525467,0.1511331698965754,0.10755447426405335,0.31,0.153,0.112,True,999,0.00011599995195865631,0.0013256670208647847,weak_3x3_bal_strong_200_200,weak_null,True,1153,826020113,-4.9960036108132044e-14,0,0
200,200,0.09530925622048891,0.05634451981859401,0.0849263980068713,0.04797265726720923,0.038964736401894906,0.036953740739662067,0.039085316906804037,0.9969149410967642,0.9454635055863931,0.31880579871302883,0.3444222938649065,0.454,0.305,0.335,True,999,0.0001264170277863741,0.0012944589834660292,weak_3x3_bal_strong_200_200,weak_null,True,1154,826020113,-4.9960036108132044e-14,0,2
200,200,0.10185245766556572,0.08120384223884586,0.09142135734055046,0.06754641060957312,0.020648615426719863,0.023874946730977342,0.04568718322810746,0.4519564124499694,0.5225742767238297,0.6513003833878284,0.6012705451110557,0.745,0.667,0.615,True,999,0.00011079199612140656,0.0012547080405056477,weak_3x3_bal_strong_200_200,weak_null,True,1155,826020113,-4.9960036108132044e-14,0,1
200,200,0.12054265421821708,0.15011625137861068,0.11008059589630648,0.134269529134599,-0.029573597160393594,-0.02418893323829252,0.05184744745920708,-0.5703963957659002,-0.4665404841255506,0.5684088735869518,0.6408286765053084,0.606,0.566,0.616,True,999,0.00011895899660885334,0.001285708975046873,weak_3x3_bal_strong_200_200,weak_null,True,1156,826020113,-4.9960036108132044e-14,0,1
200,200,0.10863765882210319,0.12937388502397051,0.09823151057852897,0.11126295133286135,-0.020736226201867325,-0.01303144075433238,0.050182801464573,-0.41321380227260235,-0.2596794195224841,0.6794499766449432,0.7951110690155818,0.695,0.656,0.764,True,999,0.00012383400462567806,0.0013375839916989207,weak_3x3_bal_strong_200_200,weak_null,True,1157,826020113,-4.9960036108132044e-14,0,0
200,200,0.10995146478610418,0.10100276590054147,0.09955446129833945,0.08953036321186403,0.008948698885562711,0.01002409808647542,0.0497225571679914,0.17997261997867203,0.20160061463870915,0.8571740632919236,0.8402289646818436,0.883,0.859,0.838,True,999,0.00012237508781254292,0.0013419999741017818,weak_3x3_bal_strong_200_200,weak_null,True,1158,826020113,-4.9960036108132044e-14,0,1
200,200,0.11337984420530844,0.17046147229120479,0.10297486997632177,0.156797348242236,-0.05708162808589634,-0.05382247826591424,0.05318552955271509,-1.073254860221324,-1.0119759776494814,0.2831567822839286,0.31154953947703035,0.357,0.297,0.327,True,999,0.00011083402205258608,0.001235875068232417,weak_3x3_bal_strong_200_200,weak_null,True,1159,826020113,-4.9960036108132044e-14,0,1
200,200,0.13162754440046887,0.1370362951302394,0.12110928243592411,0.12332231144139882,-0.0054087507297705395,-0.0022130290054747093,0.0512560674296225,-0.10552410672545377,-0.04317594221432076,0.915959942374913,0.9655612825326787,0.929,0.919,0.966,True,999,0.0001075830077752471,0.001260042074136436,weak_3x3_bal_strong_200_200,weak_null,True,1160,826020113,-4.9960036108132044e-14,0,0
200,200,0.08907546089123164,0.06394676340762229,0.07868145625042189,0.04953748607158559,0.025128697483609352,0.029143970178836298,0.04015374438224149,0.6258120598766088,0.7258095260407544,0.5314382206736177,0.4679555462846553,0.644,0.522,0.456,True,999,0.00012716709170490503,0.0012467498891055584,weak_3x3_bal_strong_200_200,weak_null,True,1161,826020113,-4.9960036108132044e-14,0,0
200,200,0.09904815530658917,0.10363834918404868,0.08867230239371793,0.08834334920074127,-0.004590193877459514,0.0003289531929766554,0.046424920892235835,-0.09887348840323354,0.007085702821987359,0.9212387189292623,0.9943464744238721,0.949,0.935,0.996,True,999,0.0001142079709097743,0.0012839999981224537,weak_3x3_bal_strong_200_200,weak_null,True,1162,826020113,-4.9960036108132044e-14,0,1
200,200,0.11813113497873884,0.09685590915217102,0.10773051466509287,0.07824791840587153,0.021275225826567823,0.02948259625922134,0.048380861385417674,0.4397446679810526,0.6093855176399897,0.660122046968922,0.5422689349949839,0.723,0.663,0.529,True,999,0.0001117499778047204,0.001291833003051579,weak_3x3_bal_strong_200_200,weak_null,True,1163,826020113,-4.9960036108132044e-14,0,0
200,200,0.12062658910906299,0.12676694035359548,0.11021726523171083,0.10812737609235512,-0.006140351244532494,0.002089889139355705,0.05114416166286797,-0.12005967142463796,0.04086271182098622,0.9044358787870804,0.9674053442598328,0.915,0.902,0.967,True,999,0.00011379201896488667,0.0013420830946415663,weak_3x3_bal_strong_200_200,weak_null,True,1164,826020113,-4.9960036108132044e-14,0,0
200,200,0.11026402924007517,0.029711910332601538,0.09987763335507793,0.019487117897654116,0.08055211890747363,0.08039051545742382,0.0372522939564475,2.1623398280290855,2.1580017475275532,0.030591991918646474,0.030927695930468093,0.173,0.027,0.027,True,999,0.00011583406012505293,0.001292124972678721,weak_3x3_bal_strong_200_200,weak_null,True,1165,826020113,-4.9960036108132044e-14,0,2
200,200,0.1036659312319208,0.07905332652582397,0.09322791265398678,0.07044046950887406,0.02461260470609683,0.022787443145112718,0.04594816520375596,0.5356602292377262,0.49593804331603636,0.592193394774053,0.6199381242061512,0.654,0.59,0.605,True,999,0.00011204206384718418,0.0013254169607535005,weak_3x3_bal_strong_200_200,weak_null,True,1166,826020113,-4.9960036108132044e-14,0,2
200,200,0.09599517986529915,0.11730526269909414,0.0856383401824985,0.10200017315831644,-0.021310082833794985,-0.016361832975817947,0.05031400270848947,-0.42354179128346986,-0.3251944209371603,0.6719000142687765,0.745033930866358,0.706,0.668,0.744,True,999,0.00011074997019022703,0.0013094160240143538,weak_3x3_bal_strong_200_200,weak_null,True,1167,826020113,-4.9960036108132044e-14,0,1
200,200,0.17362635835734075,0.12210115584526765,0.16302200376662768,0.10860150746076158,0.0515252025120731,0.054420496305866095,0.0547184350710347,0.9416424728737912,0.9945550569057425,0.34637571680681867,0.31995271528253455,0.445,0.36,0.33,True,999,0.00011612509842962027,0.0013535000616684556,weak_3x3_bal_strong_200_200,weak_null,True,1168,826020113,-4.9960036108132044e-14,0,1
200,200,0.10927394905641319,0.09702393736478054,0.09887494349661097,0.08342475742756505,0.012250011691632645,0.015450186069045913,0.047933848897005096,0.2555607774780219,0.3223230853471322,0.7982900078399144,0.7472079460190295,0.827,0.792,0.74,True,999,0.00011391693260520697,0.0013308749767020345,weak_3x3_bal_strong_200_200,weak_null,True,1169,826020113,-4.9960036108132044e-14,0,1
200,200,0.09544924909087271,0.13136183557751946,0.0850860615364013,0.11683248076317909,-0.03591258648664675,-0.03174641922677779,0.048790534145036694,-0.73605643217374,-0.6506675891763577,0.4616963554373671,0.5152610894885884,0.532,0.494,0.531,True,999,0.00011529203038662672,0.0013293339870870113,weak_3x3_bal_strong_200_200,weak_null,True,1170,826020113,-4.9960036108132044e-14,0,0
200,200,0.10522430308950259,0.1000340304410891,0.09483642611141363,0.09164480859612922,0.005190272648413485,0.003191617515284406,0.04518941789323736,0.11485593066668412,0.07062754211228808,0.9085593160828078,0.9436941897080979,0.924,0.915,0.944,True,999,0.00012079195585101843,0.001306000049225986,weak_3x3_bal_strong_200_200,weak_null,True,1171,826020113,-4.9960036108132044e-14,0,2
200,200,0.10711532285177339,0.08219866061494008,0.09673169736365139,0.06899669996247582,0.02491666223683331,0.027734997401175576,0.045005881948705403,0.553631240139491,0.6162527252056967,0.5798312415170113,0.5377277347952847,0.673,0.582,0.535,True,999,0.0001291659427806735,0.0013037919998168945,weak_3x3_bal_strong_200_200,weak_null,True,1172,826020113,-4.9960036108132044e-14,0,1
200,200,0.11083148538003029,0.17021650182751336,0.10043401498796811,0.14987323644614037,-0.05938501644748306,-0.049439221458172256,0.052794971008914,-1.1248233555702947,-0.9364380832754856,0.260663895369889,0.34904767768733314,0.315,0.267,0.361,True,999,0.00011975003872066736,0.0013075419701635838,weak_3x3_bal_strong_200_200,weak_null,True,1173,826020113,-4.9960036108132044e-14,0,0
200,200,0.0866835629255518,0.057641532416936814,0.07623600866054403,0.04659849575988062,0.02904203050861498,0.02963751290066341,0.03815232764317651,0.7612125472457014,0.7768205698444204,0.4465301250870086,0.43726463905502166,0.586,0.432,0.42,True,999,0.00011875003110617399,0.0013408749364316463,weak_3x3_bal_strong_200_200,weak_null,True,1174,826020113,-4.9960036108132044e-14,0,1
200,200,0.09896086799534665,0.12655975070553227,0.08859311213410592,0.11637613161985882,-0.027598882710185624,-0.027783019485752902,0.04796238821266453,-0.57542761606892,-0.5792668072024144,0.5650021315669851,0.5624091587101863,0.667,0.584,0.58,True,999,0.00011837494093924761,0.00132733304053545,weak_3x3_bal_strong_200_200,weak_null,True,1175,826020113,-4.9960036108132044e-14,0,2
200,200,0.13810871761673948,0.12531569581116075,0.12767074198538353,0.11358689086459606,0.01279302180557873,0.014083851120787472,0.05256599159112099,0.24337069307258385,0.267927051207123,0.8077182449298682,0.7887554708372645,0.847,0.82,0.8,True,999,0.00011920800898224115,0.001334124943241477,weak_3x3_bal_strong_200_200,weak_null,True,1176,826020113,-4.9960036108132044e-14,0,1
200,200,0.06663757441251739,0.10421993653449646,0.056284856704564845,0.09080845148200467,-0.037582362121979074,-0.034523594777439826,0.04541742479782958,-0.8274877382254194,-0.7601398566985605,0.40796066917000917,0.4471709907022827,0.496,0.419,0.456,True,999,0.00011795805767178535,0.0013038329780101776,weak_3x3_bal_strong_200_200,weak_null,True,1177,826020113,-4.9960036108132044e-14,0,1
200,200,0.14830657819028303,0.12459726557160483,0.1378845776616231,0.11117001192094733,0.023709312618678202,0.026714565740675766,0.052533002043816085,0.4513222488009162,0.5085292045254526,0.6517573117556323,0.6110822633998075,0.69,0.652,0.615,True,999,0.00011583301238715649,0.0012465420877560973,weak_3x3_bal_strong_200_200,weak_null,True,1178,826020113,-4.9960036108132044e-14,0,1
200,200,0.0998803808772386,0.052989278973482046,0.08948453784907429,0.03840953493792654,0.04689110190375656,0.05107500291114775,0.04026700829407194,1.1645042403276782,1.2684081851361912,0.2442197259409108,0.20465222011474837,0.366,0.237,0.195,True,999,0.00011387502308934927,0.0012680420186370611,weak_3x3_bal_strong_200_200,weak_null,True,1179,826020113,-4.9960036108132044e-14,0,0
200,200,0.10697808649222074,0.13169544856184945,0.09655546560645689,0.11286621143577236,-0.024717362069628712,-0.016310745829315465,0.051041697136504645,-0.484258233097642,-0.3195572785460956,0.6282026137226827,0.749303964207815,0.689,0.634,0.743,True,999,0.00011945806909352541,0.001333208056166768,weak_3x3_bal_strong_200_200,weak_null,True,1180,826020113,-4.9960036108132044e-14,0,0
200,200,0.17165559065636526,0.05596210835143728,0.16110705603378506,0.04255848229354342,0.11569348230492799,0.11854857374024164,0.04545990974472882,2.544956269261905,2.6077608689926537,0.010929142444778259,0.009113659711590014,0.049,0.009,0.009,True,999,0.00012874999083578587,0.0013948340201750398,weak_3x3_bal_strong_200_200,weak_null,True,1181,826020113,-4.9960036108132044e-14,0,1
200,200,0.11420001225188381,0.1376370938741417,0.10374845692075496,0.12861072025938824,-0.023437081622257883,-0.024862263338633284,0.05049940160665355,-0.4641061255500091,-0.49232788008635636,0.6425717132856348,0.622487573906964,0.702,0.653,0.628,True,999,0.00012216705363243818,0.0013052909635007381,weak_3x3_bal_strong_200_200,weak_null,True,1182,826020113,-4.9960036108132044e-14,0,1
200,200,0.1735798304729077,0.06578451801950524,0.1627289245430461,0.054267109869044816,0.10779531245340246,0.10846181467400129,0.04569958236924987,2.358781128072962,2.3733655550205333,0.018335066214940885,0.017626808903244716,0.072,0.026,0.025,True,999,0.00011845806147903204,0.00133666698820889,weak_3x3_bal_strong_200_200,weak_null,True,1183,826020113,-4.9960036108132044e-14,0,1
200,200,0.109126928814675,0.15782486868609213,0.09873704598899735,0.13917726570775812,-0.04869793987141713,-0.04044021971876077,0.05287204385086806,-0.9210527213355987,-0.7648696130005351,0.3570229023144673,0.4443491900756973,0.423,0.359,0.444,True,999,0.00011841696687042713,0.0013099170755594969,weak_3x3_bal_strong_200_200,weak_null,True,1184,826020113,-4.9960036108132044e-14,0,0
200,200,0.12564248220511365,0.23869433734222717,0.11505060443070647,0.2305291089535899,-0.11305185513711352,-0.11547850452288344,0.05551866746965856,-2.036285456579039,-2.079994167475173,0.04172169935230575,0.037526067844852434,0.054,0.055,0.047,True,999,0.00011866702698171139,0.0013679580297321081,weak_3x3_bal_strong_200_200,weak_null,True,1185,826020113,-4.9960036108132044e-14,0,2
200,200,0.05647141735549588,0.11489677724828062,0.04614385794920395,0.10037692930913522,-0.058425359892784745,-0.05423307135993127,0.04385084925920382,-1.3323655272314228,-1.236762167121503,0.18274010421877407,0.21617539140229625,0.28,0.187,0.212,True,999,0.00011991697829216719,0.0013135410845279694,weak_3x3_bal_strong_200_200,weak_null,True,1186,826020113,-4.9960036108132044e-14,0,0
200,200,0.11128303508332649,0.13937445686468797,0.10089360054413987,0.12554942795657098,-0.02809142178136148,-0.02465582741243111,0.05104479262542528,-0.5503288452457973,-0.48302336329112844,0.5820938430640505,0.6290791474748559,0.648,0.579,0.633,True,999,0.000116499955765903,0.0013463329523801804,weak_3x3_bal_strong_200_200,weak_null,True,1187,826020113,-4.9960036108132044e-14,0,0
200,200,0.15063425579340461,0.09197937789120358,0.14020627618546655,0.08048471771522259,0.05865487790220103,0.05972155847024396,0.0517037122366364,1.1344422936935494,1.155072931647764,0.2566090667256429,0.24806056178128566,0.346,0.271,0.254,True,999,0.00011995795648545027,0.0012605419615283608,weak_3x3_bal_strong_200_200,weak_null,True,1188,826020113,-4.9960036108132044e-14,0,1
200,200,0.14182379408914825,0.20633605654929493,0.13137401546052274,0.19078677777137898,-0.06451226246014669,-0.05941276231085624,0.05567742566251823,-1.1586789743329677,-1.0670888893279529,0.24658706430956157,0.2859316985313851,0.277,0.259,0.3,True,999,0.00011899997480213642,0.0012790829641744494,weak_3x3_bal_strong_200_200,weak_null,True,1189,826020113,-4.9960036108132044e-14,0,1
200,200,0.15988855850347683,0.14173455192973333,0.1494281379581821,0.12729830359087657,0.018154006573743497,0.022129834367305534,0.05466864491800236,0.33207346918828407,0.40479939461638625,0.7398337830030137,0.6856249738243367,0.778,0.743,0.681,True,999,0.00011549994815140963,0.0012861660216003656,weak_3x3_bal_strong_200_200,weak_null,True,1190,826020113,-4.9960036108132044e-14,0,0
200,200,0.10355245441231498,0.08937436766309587,0.09317917928694897,0.07800418830889555,0.01417808674921911,0.015174990978053415,0.04490396572351782,0.31574241875464326,0.3379432246917498,0.7521980269299359,0.73540597321308,0.816,0.739,0.721,True,999,0.00011916703078895807,0.0012984169879928231,weak_3x3_bal_strong_200_200,weak_null,True,1191,826020113,-4.9960036108132044e-14,0,1
200,200,0.10448554607760685,0.08533357577537315,0.09411942083903568,0.07394592442599901,0.0191519703022337,0.020173496413036673,0.045552877184823676,0.42043382297297216,0.4428588853166369,0.6741685638997661,0.6578678077136557,0.752,0.677,0.668,True,999,0.00012908398639410734,0.0013305420288816094,weak_3x3_bal_strong_200_200,weak_null,True,1192,826020113,-4.9960036108132044e-14,0,1
200,200,0.11267165897980957,0.10021988220763128,0.10187634690927894,0.09003668833526035,0.012451776772178291,0.011839658574018586,0.04516361983975098,0.27570369284746304,0.262150346142048,0.7827756590444902,0.7932055329806829,0.824,0.805,0.81,True,999,0.00011916691437363625,0.0013583330437541008,weak_3x3_bal_strong_200_200,weak_null,True,1193,826020113,-4.9960036108132044e-14,0,2
200,200,0.07406256490916485,0.09341908306299435,0.06370204409634539,0.08004401283848495,-0.019356518153829494,-0.016341968742139557,0.04471461627579932,-0.4328901769935512,-0.3654726374334167,0.665094556616124,0.7147586284365101,0.745,0.673,0.723,True,999,0.00011462497059255838,0.0012398329563438892,weak_3x3_bal_strong_200_200,weak_null,True,1194,826020113,-4.9960036108132044e-14,0,1
200,200,0.0669889167075357,0.14533610264867358,0.05665564735369344,0.14485549251270413,-0.07834718594113788,-0.08819984515901069,0.049466100673028854,-1.5838561130785935,-1.7830361390725349,0.11322646645681948,0.07458042067994651,0.196,0.13,0.082,True,999,0.00010908301919698715,0.0012467498891055584,weak_3x3_bal_strong_200_200,weak_null,True,1195,826020113,-4.9960036108132044e-14,0,4
200,200,0.0894697431676188,0.07462915464492864,0.07907822517103114,0.06041466809853091,0.014840588522690157,0.018663557072500225,0.041368671911222,0.3587397863421469,0.4511519517124599,0.7197897616260851,0.6518800367061853,0.779,0.708,0.651,True,999,0.00010750000365078449,0.0012734170304611325,weak_3x3_bal_strong_200_200,weak_null,True,1196,826020113,-4.9960036108132044e-14,0,0
200,200,0.160480083116324,0.13026315628624424,0.1500451919736463,0.11900424050358538,0.03021692683007976,0.031040951470060918,0.05540782297438411,0.5453548832634971,0.5602268741800527,0.5855094639020025,0.5753246985620459,0.639,0.582,0.571,True,999,0.0001164580462500453,0.0012988339876756072,weak_3x3_bal_strong_200_200,weak_null,True,1197,826020113,-4.9960036108132044e-14,0,1
200,200,0.0732796528211841,0.09849324333681053,0.06289948261124323,0.08626767345856479,-0.02521359051562644,-0.023368190847321557,0.04222885444306712,-0.5970701987575667,-0.5533702288520878,0.5504605136073426,0.5800099204932676,0.655,0.554,0.582,True,999,0.00011641602031886578,0.001317500020377338,weak_3x3_bal_strong_200_200,weak_null,True,1198,826020113,-4.9960036108132044e-14,0,0
200,200,0.09060076154942931,0.18393986722869565,0.08021517387430777,0.17050380570263712,-0.09333910567926634,-0.09028863182832936,0.05449917558562879,-1.712670048239766,-1.656697204280978,0.08677325838277637,0.09758070853012439,0.127,0.089,0.101,True,999,0.0001140000531449914,0.0013136249035596848,weak_3x3_bal_strong_200_200,weak_null,True,1199,826020113,-4.9960036108132044e-14,0,1
200,200,0.07646918566019445,0.1511053746419183,0.06611650189370266,0.13247938058486852,-0.07463618898172386,-0.06636287869116586,0.04966025204013695,-1.5029361695828807,-1.3363379355692624,0.13285550479572672,0.18143884238642083,0.199,0.141,0.189,True,999,0.00011487503070384264,0.001256749965250492,weak_3x3_bal_strong_200_200,weak_null,True,1200,826020113,-4.9960036108132044e-14,0,0
200,200,0.1501192779722269,0.11669265353810587,0.13950466680773843,0.09823496972119017,0.03342662443412103,0.04126969708654826,0.049864593614926844,0.670347876335943,0.8276352837696501,0.5026360538212131,0.4078770797863427,0.565,0.497,0.41,True,999,0.00011895899660885334,0.0012923339381814003,weak_3x3_bal_strong_200_200,weak_null,True,1201,826020113,-4.9960036108132044e-14,0,0
200,200,0.13672544763806949,0.13387659327335832,0.12631861321048632,0.12235750549756119,0.002848854364711162,0.003961107712925127,0.052413781047344024,0.05435315498681282,0.07557378295885886,0.9566538005517707,0.9397581949668653,0.953,0.949,0.939,True,999,0.00010929210111498833,0.0012948339572176337,weak_3x3_bal_strong_200_200,weak_null,True,1202,826020113,-4.9960036108132044e-14,0,1
200,200,0.1543885273015333,0.15971238218113976,0.14390632840363082,0.14322624763336478,-0.00532385487960646,0.000680080770266045,0.056175536101547886,-0.09477176808749252,0.012106351224431051,0.9244961117174112,0.990340765219875,0.932,0.923,0.993,True,999,0.00011887494474649429,0.0013387080980464816,weak_3x3_bal_strong_200_200,weak_null,True,1203,826020113,-4.9960036108132044e-14,0,0
200,200,0.0962330034067247,0.11733526054393373,0.08583264983846561,0.09698503610229636,-0.021102257137209035,-0.01115238626383075,0.04862139093629573,-0.4340117946205496,-0.22937201196984935,0.6642798761597135,0.8185797875289386,0.712,0.667,0.806,True,999,0.00011504103895276785,0.001351374899968505,weak_3x3_bal_strong_200_200,weak_null,True,1204,826020113,-4.9960036108132044e-14,0,0
200,200,0.1528006875124024,0.07380604642512112,0.14218495401709674,0.05536129485891195,0.07899464108728127,0.0868236591581848,0.04607658102287223,1.7144206304731822,1.8843338032195982,0.08645150228571917,0.05951983776731685,0.17,0.1,0.068,True,999,0.00013337493874132633,0.0012682500528171659,weak_3x3_bal_strong_200_200,weak_null,True,1205,826020113,-4.9960036108132044e-14,0,0
200,200,0.15577885403409608,0.06293653392414283,0.14531236851104268,0.0495290441613605,0.09284232010995325,0.09578332434968218,0.049088391541264806,1.8913294405237928,1.951241858661524,0.0585803810473768,0.05102828175291503,0.164,0.062,0.056,True,999,0.00011220807209610939,0.0012838749680668116,weak_3x3_bal_strong_200_200,weak_null,True,1206,826020113,-4.9960036108132044e-14,0,1
200,200,0.07688025814344113,0.15515433654875044,0.06652840479489441,0.14689152995153165,-0.07827407840530931,-0.08036312515663724,0.04683471779943077,-1.6712832292599114,-1.7158878911322057,0.09466574740425164,0.08618256339105948,0.175,0.083,0.074,True,999,0.0001112079480662942,0.0012395409867167473,weak_3x3_bal_strong_200_200,weak_null,True,1207,826020113,-4.9960036108132044e-14,0,2
200,200,0.10417404451970502,0.1043540779433062,0.09378914732255339,0.09414296364306551,-0.00018003342360117802,-0.00035381632051212364,0.04645238504927843,-0.0038756551124380766,-0.00761675251199227,0.9969076823642548,0.9939227695289539,1.0,1.0,0.997,True,999,0.00011012505274266005,0.0012714999029412866,weak_3x3_bal_strong_200_200,weak_null,True,1208,826020113,-4.9960036108132044e-14,0,2
200,200,0.052644153782448244,0.10254069415373546,0.042317596242952504,0.09136239429599868,-0.04989654037128721,-0.04904479805304618,0.04376846817532156,-1.1400111187674808,-1.1205509376428127,0.25428166890319026,0.2624790588896444,0.356,0.244,0.249,True,999,0.00010841700714081526,0.0013150000013411045,weak_3x3_bal_strong_200_200,weak_null,True,1209,826020113,-4.9960036108132044e-14,0,1
200,200,0.11440542585974667,0.052241091779474,0.10400669169561638,0.0360095683911652,0.062164334080272665,0.06799712330445118,0.042146271829082906,1.4749663821362333,1.6133603365963671,0.14022158178953087,0.10666624501089622,0.264,0.15,0.118,True,999,0.00011091702617704868,0.0013163749827072024,weak_3x3_bal_strong_200_200,weak_null,True,1210,826020113,-4.9960036108132044e-14,0,0
200,200,0.12092874988487812,0.09860637996366434,0.11050049435547749,0.0823021036536602,0.02232236992121378,0.02819839070181729,0.04786808721196368,0.4663309361489328,0.5890853874514054,0.6409786382503567,0.555803995291213,0.717,0.672,0.577,True,999,0.00011866597924381495,0.0012527500512078404,weak_3x3_bal_strong_200_200,weak_null,True,1211,826020113,-4.9960036108132044e-14,0,0
200,200,0.13744307660963218,0.08623562873061325,0.1269276292862287,0.07566835726026255,0.05120744787901893,0.05125927202596614,0.04897174684075172,1.0456528750248046,1.0467111208561353,0.29572132758018366,0.2952328330835656,0.405,0.313,0.306,True,999,0.00011150003410875797,0.0012963749468326569,weak_3x3_bal_strong_200_200,weak_null,True,1212,826020113,-4.9960036108132044e-14,0,2
200,200,0.11958678968076564,0.06343850973177612,0.10914425075526424,0.04911429927264521,0.05614827994898952,0.060029951482619026,0.04167098523218568,1.3474190647554434,1.4405695269295749,0.17784530386628916,0.14970633461307842,0.291,0.178,0.146,True,999,0.0001106249401345849,0.0012838749680668116,weak_3x3_bal_strong_200_200,weak_null,True,1213,826020113,-4.9960036108132044e-14,0,0
200,200,0.1179748610201039,0.12124942962756263,0.10754101561914808,0.11262351322015007,-0.0032745686074587277,-0.0050824976010019896,0.050167718654454414,-0.0652724240863597,-0.1013101200795925,0.9479570979014628,0.9193042828678066,0.96,0.949,0.915,True,999,0.00011787505354732275,0.001317041926085949,weak_3x3_bal_strong_200_200,weak_null,True,1214,826020113,-4.9960036108132044e-14,0,2
200,200,0.09745959026647033,0.08598042608225076,0.08704583087529727,0.07425181501497491,0.01147916418421957,0.01279401586032236,0.0455149423462342,0.2522064973058091,0.28109484931339057,0.8008814562517599,0.7786376516234186,0.852,0.82,0.805,True,999,0.00011604197788983583,0.0013315409887582064,weak_3x3_bal_strong_200_200,weak_null,True,1215,826020113,-4.9960036108132044e-14,0,1
200,200,0.1410316983309512,0.1198587560433505,0.130399247898481,0.11147209129893554,0.021172942287600693,0.01892715659954547,0.04900785959182967,0.43203156522123515,0.3862065545645847,0.6657184717068896,0.6993436997895294,0.723,0.695,0.71,True,999,0.00011487503070384264,0.0013920830097049475,weak_3x3_bal_strong_200_200,weak_null,True,1216,826020113,-4.9960036108132044e-14,0,2
200,200,0.17709773696345144,0.13426835469837783,0.16654352369718595,0.1178146115980212,0.0428293822650736,0.048728912099164745,0.05432460182563282,0.7883975367650969,0.8969952924012455,0.43046421118687916,0.36972142903737204,0.467,0.415,0.36,True,999,0.00011200003791600466,0.0012544579803943634,weak_3x3_bal_strong_200_200,weak_null,True,1217,826020113,-4.9960036108132044e-14,0,0
200,200,0.1232840978745946,0.13682651187964345,0.11277306027045597,0.13154598496342373,-0.013542414005048853,-0.018772924692967763,0.0516945199220126,-0.26197001201441106,-0.3631511564724651,0.7933445619428268,0.7164919719338207,0.83,0.802,0.72,True,999,0.00010795798152685165,0.001281667035073042,weak_3x3_bal_strong_200_200,weak_null,True,1218,826020113,-4.9960036108132044e-14,0,3
200,200,0.10758313556683974,0.07290852146238208,0.09713289154922222,0.05647691244629982,0.03467461410445766,0.0406559791029224,0.04392025579438558,0.7894902585902103,0.9256771930759005,0.42982552109872196,0.3546137637534491,0.548,0.43,0.339,True,999,0.0001127501018345356,0.0012758750235661864,weak_3x3_bal_strong_200_200,weak_null,True,1219,826020113,-4.9960036108132044e-14,0,0
200,200,0.1509117949274552,0.0558078350336888,0.14040547441297235,0.03923662228851299,0.09510395989376641,0.10116885212445936,0.04477246449770419,2.1241618249235104,2.259622141855672,0.03365661419063924,0.02384471218927474,0.101,0.039,0.032,True,999,0.00011470797471702099,0.001293665962293744,weak_3x3_bal_strong_200_200,weak_null,True,1220,826020113,-4.9960036108132044e-14,0,0
200,200,0.08325524915612803,0.1138414494694413,0.07289579856342243,0.09732489508931508,-0.030586200313313272,-0.024429096525892646,0.0470315408938176,-0.6503337915797247,-0.519419437714062,0.5154766340957184,0.6034682793763766,0.622,0.558,0.639,True,999,0.00011979101691395044,0.0013165000127628446,weak_3x3_bal_strong_200_200,weak_null,True,1221,826020113,-4.9960036108132044e-14,0,0
200,200,0.07835167175940327,0.06530145758675104,0.06800287315684272,0.04900404071838693,0.01305021417265223,0.018998832438455793,0.04136941667617991,0.3154556003243433,0.45924825547262615,0.7524157571220412,0.6460559013804092,0.815,0.752,0.637,True,999,0.00011333299335092306,0.0013707909965887666,weak_3x3_bal_strong_200_200,weak_null,True,1222,826020113,-4.9960036108132044e-14,0,0
200,200,0.1257023706713407,0.10066003939331031,0.1152729502445311,0.08957251445852421,0.025042331278030405,0.025700435786006892,0.051123879319446154,0.4898362880788855,0.5027090300682862,0.6242497500867046,0.6151688599634944,0.685,0.613,0.603,True,999,0.00011550006456673145,0.0012789579341188073,weak_3x3_bal_strong_200_200,weak_null,True,1223,826020113,-4.9960036108132044e-14,0,1
200,200,0.13542677826526606,0.06558630715728958,0.12495189736188195,0.05524995406916133,0.06984047110797648,0.06970194329272061,0.04429341233867605,1.5767688109907325,1.573641307194081,0.11484873059064205,0.11557039788262291,0.253,0.137,0.136,True,999,0.00011749996338039637,0.0012584589421749115,weak_3x3_bal_strong_200_200,weak_null,True,1224,826020113,-4.9960036108132044e-14,0,2
200,200,0.12501121015547612,0.05721270125770178,0.11448323249649661,0.042665085545039005,0.06779850889777433,0.0718181469514576,0.04152687124742827,1.6326418740726354,1.7294379469030008,0.10254433893072316,0.08373074341458861,0.245,0.112,0.088,True,999,0.000111832981929183,0.0012552919797599316,weak_3x3_bal_strong_200_200,weak_null,True,1225,826020113,-4.9960036108132044e-14,0,0
200,200,0.09699568632198297,0.08841388647727083,0.08660421503719817,0.07463784068825419,0.008581799844712135,0.011966374348943987,0.04374682231009361,0.1961696733966452,0.2735369957644446,0.8444773639820796,0.784440457762762,0.866,0.834,0.782,True,999,0.00011374999303370714,0.001312791951932013,weak_3x3_bal_strong_200_200,weak_null,True,1226,826020113,-4.9960036108132044e-14,0,0
200,200,0.07079868481378737,0.08758677066057363,0.06045984136886773,0.07920335897857456,-0.01678808584678626,-0.018743517609706828,0.043809684842815305,-0.383204898803089,-0.42783959019464907,0.7015678460444816,0.6687679110128751,0.769,0.701,0.667,True,999,0.00011087500024586916,0.0013114579487591982,weak_3x3_bal_strong_200_200,weak_null,True,1227,826020113,-4.9960036108132044e-14,0,2
200,200,0.1381535115569763,0.15954197996535574,0.12769017408666627,0.15116382106882043,-0.021388468408379435,-0.02347364698215415,0.05332247361390814,-0.4011154576820057,-0.44022051850256816,0.688335120695739,0.6597774001866554,0.747,0.727,0.691,True,999,0.00011766701936721802,0.0013399579329416156,weak_3x3_bal_strong_200_200,weak_null,True,1228,826020113,-4.9960036108132044e-14,0,2
200,200,0.08911929204322666,0.11886825904878545,0.07877044299459612,0.10826673653019725,-0.02974896700555879,-0.029496293535601126,0.050630852998037816,-0.5875659848494297,-0.5825754809373693,0.5568236481762127,0.5601791152322244,0.635,0.568,0.571,True,999,0.00011516595259308815,0.001303332974202931,weak_3x3_bal_strong_200_200,weak_null,True,1229,826020113,-4.9960036108132044e-14,0,2
200,200,0.1015853057371412,0.1499051754675833,0.09115121667076664,0.13819065597057545,-0.04831986973044211,-0.047039439299808805,0.048326042629911976,-0.9998722655708199,-0.9733766048265907,0.31737232779567837,0.33036616203447444,0.403,0.328,0.345,True,999,0.00011254195123910904,0.0013270420022308826,weak_3x3_bal_strong_200_200,weak_null,True,1230,826020113,-4.9960036108132044e-14,0,1
200,200,0.10854600761537148,0.06465907359759382,0.09809260170393941,0.0529542414079458,0.04388693401777766,0.04513836029599361,0.04299324058565059,1.0207868357898413,1.0498943480677976,0.30735544267748494,0.29376669043080694,0.424,0.314,0.297,True,999,0.00011058303061872721,0.0013230419717729092,weak_3x3_bal_strong_200_200,weak_null,True,1231,826020113,-4.9960036108132044e-14,0,1
200,200,0.10216819984354553,0.11435909440246772,0.0917904139834036,0.09816682120667508,-0.012190894558922194,-0.006376407223271485,0.0487288253314771,-0.25017829746549025,-0.13085493401279574,0.8024494678174573,0.8958900654973615,0.841,0.816,0.892,True,999,0.00011266604997217655,0.0013414579443633556,weak_3x3_bal_strong_200_200,weak_null,True,1232,826020113,-4.9960036108132044e-14,0,0
200,200,0.09460978000806164,0.12592954843340848,0.08422462283127174,0.12257893332304093,-0.03131976842534684,-0.038354310491769183,0.05010399177730301,-0.6250952731381898,-0.7654941079793087,0.5319085301085406,0.4439773736363234,0.611,0.553,0.469,True,999,0.00011999998241662979,0.0013361250748857856,weak_3x3_bal_strong_200_200,weak_null,True,1233,826020113,-4.9960036108132044e-14,0,3
200,200,0.1465496176189871,0.12586193674297458,0.13604506600438526,0.11471684465820431,0.020687680876012526,0.021328221346180953,0.05015154417475686,0.41250336787088215,0.4252754665312228,0.6799705126921549,0.6706358758752027,0.73,0.678,0.662,True,999,0.00012416706886142492,0.0013004590291529894,weak_3x3_bal_strong_200_200,weak_null,True,1234,826020113,-4.9960036108132044e-14,0,1
200,200,0.04851093454211397,0.09320643544076584,0.038195295404960916,0.07486889743078962,-0.044695500898651874,-0.0366736020258287,0.04082575238130656,-1.0947869492080005,-0.8982958031808603,0.27360998531630243,0.36902786939182697,0.396,0.265,0.362,True,999,0.00011475000064820051,0.001247042091563344,weak_3x3_bal_strong_200_200,weak_null,True,1235,826020113,-4.9960036108132044e-14,0,0
200,200,0.12907441214509796,0.08679421813296889,0.11868186478727694,0.08053893403663892,0.04228019401212907,0.038142930750638016,0.04842027975132637,0.8731918574049727,0.7877470131632845,0.38255851231010873,0.4308447001860046,0.497,0.387,0.444,True,999,0.00011650007218122482,0.0012663749512284994,weak_3x3_bal_strong_200_200,weak_null,True,1236,826020113,-4.9960036108132044e-14,0,2
200,200,0.0956816038167776,0.11694036474647213,0.08529815425936249,0.10137072081910503,-0.02125876092969453,-0.01607256655974254,0.04676606264456239,-0.45457666794119866,-0.34368013150688753,0.6494138235656651,0.7310868547669331,0.712,0.648,0.725,True,999,0.00011129199992865324,0.0012772090267390013,weak_3x3_bal_strong_200_200,weak_null,True,1237,826020113,-4.9960036108132044e-14,0,1
200,200,0.1111338797436956,0.0773295729590166,0.10070643209951413,0.06309728314967344,0.033804306784678995,0.03760914894984069,0.04343073861191684,0.7783498016633668,0.8659569270949773,0.4363628234614346,0.3865137829607358,0.577,0.479,0.429,True,999,0.00011129199992865324,0.0013204999268054962,weak_3x3_bal_strong_200_200,weak_null,True,1238,826020113,-4.9960036108132044e-14,0,0
200,200,0.10323931765389371,0.1205334859746508,0.09284320095756016,0.10689892941194046,-0.017294168320757086,-0.0140557284543803,0.05084171085350912,-0.3401570881551763,-0.2764605718104029,0.7337382320313335,0.7821943390887467,0.814,0.755,0.817,True,999,0.0001242499565705657,0.0013352499809116125,weak_3x3_bal_strong_200_200,weak_null,True,1239,826020113,-4.9960036108132044e-14,0,1
200,200,0.08327581979391718,0.037232548216661665,0.07290365490243289,0.03069690609678588,0.04604327157725552,0.04220674880564701,0.03600163851620463,1.278921556765564,1.1723563300222963,0.20092468068125913,0.2410540246135916,0.419,0.197,0.233,True,999,0.00012862507719546556,0.0012540000025182962,weak_3x3_bal_strong_200_200,weak_null,True,1240,826020113,-4.9960036108132044e-14,0,2
200,200,0.1581603024258691,0.10540011325309073,0.1475108231117872,0.09416275417949294,0.05276018917277836,0.05334806893229427,0.04977026675203839,1.0600744704792548,1.0718863372398812,0.2891107211199291,0.2837710876454359,0.355,0.293,0.289,True,999,0.00011079094838351011,0.001281042001210153,weak_3x3_bal_strong_200_200,weak_null,True,1241,826020113,-4.9960036108132044e-14,0,1
200,200,0.25399232235869706,0.16103754759115763,0.24267101635399513,0.15290509724762558,0.09295477476753944,0.08976591910636955,0.060113637108935705,1.546317595108914,1.493270469456025,0.12202788463503898,0.13536640230481792,0.165,0.14,0.152,True,999,0.00011633289977908134,0.001283167046494782,weak_3x3_bal_strong_200_200,weak_null,True,1242,826020113,-4.9960036108132044e-14,0,2
200,200,0.08945563763105158,0.12305130883552962,0.07909587224492043,0.11778170376382491,-0.03359567120447804,-0.03868583151890448,0.05004898142635383,-0.6712558427170684,-0.772959417282647,0.50205755968302,0.4395463986058209,0.557,0.488,0.429,True,999,0.00011383299715816975,0.0012728750007227063,weak_3x3_bal_strong_200_200,weak_null,True,1243,826020113,-4.9960036108132044e-14,0,3
200,200,0.17548541653025884,0.08160833829954361,0.16491486186822613,0.06713797607361016,0.09387707823071523,0.09777688579461596,0.049925598753131094,1.8803395567655101,1.9584519412195105,0.060061815473272516,0.050177005039572745,0.12,0.061,0.047,True,999,0.00011891697067767382,0.00135704199783504,weak_3x3_bal_strong_200_200,weak_null,True,1244,826020113,-4.9960036108132044e-14,0,0
200,200,0.11084712407588038,0.10876171338639129,0.10045658350279041,0.09228999133800642,0.0020854106894890867,0.008166592164783992,0.04857807098911111,0.0429290551688752,0.16811273067254057,0.9657580874187961,0.866494594260174,0.974,0.967,0.879,True,999,0.00011420901864767075,0.0013492499710991979,weak_3x3_bal_strong_200_200,weak_null,True,1245,826020113,-4.9960036108132044e-14,0,0
200,200,0.08627885885271125,0.09205366689913128,0.07589177579794182,0.08465209874027124,-0.005774808046420027,-0.008760322942329424,0.04614686274983999,-0.12513977554064712,-0.1898357205736548,0.9004128944534215,0.849437863859271,0.934,0.91,0.862,True,999,0.0001116250641644001,0.0012450000504031777,weak_3x3_bal_strong_200_200,weak_null,True,1246,826020113,-4.9960036108132044e-14,0,3
200,200,0.1536656964421963,0.06531266606502661,0.14315147205238077,0.052360022136184625,0.08835303037716968,0.09079144991619614,0.04698226338557105,1.8805613865828399,1.9324622394433117,0.06003160851924652,0.053302478404125636,0.157,0.065,0.054,True,999,0.00010758405551314354,0.0012532079126685858,weak_3x3_bal_strong_200_200,weak_null,True,1247,826020113,-4.9960036108132044e-14,0,1
200,200,0.061603182549174074,0.04740659511872547,0.05124738162032827,0.03519216026826655,0.014196587430448604,0.01605522135206172,0.03396366210244193,0.41799342449081467,0.4727176151863606,0.6759519248352948,0.636414657471234,0.752,0.662,0.614,True,999,0.00010608299635350704,0.0012529579689726233,weak_3x3_bal_strong_200_200,weak_null,True,1248,826020113,-4.9960036108132044e-14,0,0
200,200,0.09951697279965033,0.1799108681849068,0.08910940719462701,0.16451112479605,-0.08039389538525649,-0.075401717601423,0.05218810984400815,-1.5404638264454544,-1.4448064478058513,0.12344733374748357,0.1485122594797407,0.192,0.137,0.159,True,999,0.00011116696987301111,0.0013038329780101776,weak_3x3_bal_strong_200_200,weak_null,True,1249,826020113,-4.9960036108132044e-14,0,1
200,200,0.14999784723029896,0.05527976985208466,0.13956413548442015,0.04193129392312045,0.0947180773782143,0.0976328415612997,0.046239243351070276,2.0484348469777007,2.1114714360705436,0.04051740999016428,0.03473181056289109,0.128,0.044,0.038,True,999,0.00013341708108782768,0.001312374952249229,weak_3x3_bal_strong_200_200,weak_null,True,1250,826020113,-4.9960036108132044e-14,0,1
200,200,0.08513677770910011,0.17490597199617836,0.0747442119038908,0.1686217467229909,-0.08976919428707825,-0.0938775348191001,0.04997502498808215,-1.7962811285934535,-1.8784890020862952,0.07244981761665908,0.06031430018305241,0.126,0.078,0.065,True,999,0.00010595901403576136,0.001375374966301024,weak_3x3_bal_strong_200_200,weak_null,True,1251,826020113,-4.9960036108132044e-14,0,2
200,200,0.13377169667968714,0.18060701974446458,0.12330414744570817,0.17258258003276694,-0.046835323064777445,-0.049278432587058774,0.05138446935122871,-0.9114684583904828,-0.9590141381090359,0.3620485974295983,0.337551622855193,0.426,0.367,0.334,True,999,0.0001076660118997097,0.0013097500195726752,weak_3x3_bal_strong_200_200,weak_null,True,1252,826020113,-4.9960036108132044e-14,0,2
200,200,0.12702245492823838,0.0699819428672398,0.11659995253552324,0.05161701523378781,0.05704051206099858,0.06498293730173543,0.04559322292332382,1.2510743571895802,1.4252762392125726,0.21090735010195993,0.1540773657434146,0.353,0.236,0.174,True,999,0.0001092089805752039,0.0013087500119581819,weak_3x3_bal_strong_200_200,weak_null,True,1253,826020113,-4.9960036108132044e-14,0,0
200,200,0.10000406761345437,0.08593600940671958,0.08960428909014695,0.07542378876061662,0.01406805820673479,0.014180500329530332,0.04526033158123548,0.3108253456226838,0.31330968718332236,0.7559334003979288,0.7540453910730438,0.792,0.749,0.746,True,999,0.00011316593736410141,0.0013191250618547201,weak_3x3_bal_strong_200_200,weak_null,True,1254,826020113,-4.9960036108132044e-14,0,2
200,200,0.047722674884249194,0.13047105677325055,0.03738960881671005,0.12092062220476407,-0.08274838188900135,-0.08353101338805402,0.045643828965911376,-1.8129149934112918,-1.8300614843342415,0.0698449333482579,0.06724074544874087,0.121,0.076,0.075,True,999,0.00011441600508987904,0.0012866670731455088,weak_3x3_bal_strong_200_200,weak_null,True,1255,826020113,-4.9960036108132044e-14,0,1
200,200,0.12413891281664391,0.13260900501692724,0.11374312429788347,0.12115538627770661,-0.00847009220028333,-0.007412261979823143,0.05227703613470776,-0.16202319080327257,-0.1417881067458221,0.871287591538147,0.8872473785959517,0.872,0.865,0.873,True,999,0.0001356659922748804,0.001340000075288117,weak_3x3_bal_strong_200_200,weak_null,True,1256,826020113,-4.9960036108132044e-14,0,1
200,200,0.07260108901665974,0.07441871261256411,0.06222631738958739,0.05381063867991287,-0.0018176235959043718,0.008415678709674523,0.04207345362563728,-0.043201197887800934,0.20002348237337153,0.9655411502054326,0.8414622159438332,0.965,0.956,0.829,True,999,0.0001164580462500453,0.001346083008684218,weak_3x3_bal_strong_200_200,weak_null,True,1257,826020113,-4.9960036108132044e-14,0,0
200,200,0.06665782026202338,0.1526299677856774,0.05630242358625992,0.14073585367901842,-0.08597214752365401,-0.0844334300927585,0.047353481516934484,-1.8155401624040837,-1.7830458793734847,0.06944093976117911,0.07457883523824813,0.126,0.068,0.07,True,999,0.0001154579222202301,0.001270500011742115,weak_3x3_bal_strong_200_200,weak_null,True,1258,826020113,-4.9960036108132044e-14,0,1
200,200,0.09049084715547795,0.11079696877364237,0.08010826546563976,0.10287624848842825,-0.02030612161816442,-0.022767983022788485,0.047243231283378796,-0.42982076091201993,-0.48193111276024764,0.6673260296028869,0.6298548832920705,0.746,0.686,0.651,True,999,0.00011912500485777855,0.0012486249906942248,weak_3x3_bal_strong_200_200,weak_null,True,1259,826020113,-4.9960036108132044e-14,0,2
200,200,0.04043307716077882,0.14282004838933637,0.03012250998745003,0.13164717122798208,-0.10238697122855756,-0.10152466124053205,0.04707160035142237,-2.17513257386975,-2.156813460400317,0.029620183092944983,0.031020201905544477,0.072,0.039,0.041,True,999,0.00011395895853638649,0.0012542919721454382,weak_3x3_bal_strong_200_200,weak_null,True,1260,826020113,-4.9960036108132044e-14,0,1
200,200,0.14009867948561694,0.04117073153508294,0.12966666045110742,0.022851538020034923,0.098927947950534,0.1068151224310725,0.041743768791169616,2.369885394043793,2.558827952632488,0.017793599833721002,0.010502570498902294,0.118,0.016,0.01,True,999,0.00012174993753433228,0.0012735000345855951,weak_3x3_bal_strong_200_200,weak_null,True,1261,826020113,-4.9960036108132044e-14,0,0
200,200,0.15822396342333978,0.10209785784293252,0.14760194504714264,0.08997617229606902,0.05612610558040726,0.05762577275107361,0.05193664191767928,1.0806648929934357,1.1095398282086033,0.2798462049770918,0.2671973726674197,0.369,0.284,0.271,True,999,0.0001347920624539256,0.0013492499710991979,weak_3x3_bal_strong_200_200,weak_null,True,1262,826020113,-4.9960036108132044e-14,0,1
200,200,0.08195414769941456,0.15545652415684885,0.07156051385871365,0.14658334612100532,-0.07350237645743429,-0.07502283226229167,0.0483465918898524,-1.5203217762462777,-1.5517708556006493,0.12843012362300307,0.1207170617970871,0.207,0.151,0.137,True,999,0.00012912496458739042,0.001294792047701776,weak_3x3_bal_strong_200_200,weak_null,True,1263,826020113,-4.9960036108132044e-14,0,1
200,200,0.12532113320543425,0.08295748521554969,0.11491893910465478,0.07660071204706753,0.04236364798988457,0.03831822705758725,0.04761432120327309,0.889724917195132,0.8047626447093651,0.37361361118850867,0.42095666182546043,0.491,0.384,0.425,True,999,0.0001081250375136733,0.0012531670508906245,weak_3x3_bal_strong_200_200,weak_null,True,1264,826020113,-4.9960036108132044e-14,0,2
200,200,0.09346442735605454,0.12870445343685288,0.08308249256847944,0.11776283870678128,-0.03524002608079835,-0.03468034613830184,0.048471653260796596,-0.7270233984220246,-0.715476857199566,0.46721162217711343,0.4743144361479569,0.508,0.452,0.456,True,999,0.00010604201816022396,0.001300125033594668,weak_3x3_bal_strong_200_200,weak_null,True,1265,826020113,-4.9960036108132044e-14,0,1
200,200,0.13730431257994358,0.17397502855765412,0.12686145200072474,0.16226498904150333,-0.036670715977710544,-0.03540353704077859,0.052958530517170956,-0.6924420979887396,-0.6685143393338597,0.4886597362147037,0.5038053318108265,0.582,0.514,0.534,True,999,0.00011591706424951553,0.0012510831002146006,weak_3x3_bal_strong_200_200,weak_null,True,1266,826020113,-4.9960036108132044e-14,0,1
200,200,0.07111768425333076,0.07592696164252477,0.060765679165257325,0.06243612270276344,-0.004809277389194011,-0.0016704435375061166,0.0424252908890345,-0.1133587369329516,-0.03937376745100573,0.9097461519432699,0.9685923942279743,0.928,0.903,0.965,True,999,0.00011258397717028856,0.0012750419555231929,weak_3x3_bal_strong_200_200,weak_null,True,1267,826020113,-4.9960036108132044e-14,0,1
200,200,0.11233594998914231,0.12026048859887256,0.10189818418345453,0.10382720403396206,-0.007924538609730247,-0.0019290198505075296,0.04828930391174276,-0.1641054636905461,-0.0399471455217734,0.8696481207239954,0.9681352643870825,0.89,0.868,0.971,True,999,0.0001177499070763588,0.0013012910494580865,weak_3x3_bal_strong_200_200,weak_null,True,1268,826020113,-4.9960036108132044e-14,0,0
200,200,0.14050457349659573,0.0984659336025232,0.13004120021861354,0.08004109981433771,0.04203863989407253,0.05000010040427583,0.04947496608917491,0.8496951734802816,1.0106141419916166,0.3954945825310183,0.31220114452072223,0.496,0.413,0.317,True,999,0.00011804199311882257,0.001328333979472518,weak_3x3_bal_strong_200_200,weak_null,True,1269,826020113,-4.9960036108132044e-14,0,0
200,200,0.16094728303845152,0.09810776131751986,0.15037534997429702,0.08587218806123076,0.06283952172093166,0.06450316191306626,0.04845566349420556,1.296845759390874,1.3311790049222976,0.194684262432116,0.1831301179265129,0.274,0.198,0.189,True,999,0.0001112079480662942,0.0012702499516308308,weak_3x3_bal_strong_200_200,weak_null,True,1270,826020113,-4.9960036108132044e-14,0,0
200,200,0.17139009771608738,0.19031310555496284,0.1607649107107818,0.1737676900026912,-0.01892300783887546,-0.013002779291909405,0.059125589546791854,-0.3200476812818896,-0.21991796431254249,0.7489321855064006,0.8259350452901502,0.77,0.76,0.828,True,999,0.00011562497820705175,0.001285084057599306,weak_3x3_bal_strong_200_200,weak_null,True,1271,826020113,-4.9960036108132044e-14,0,0
200,200,0.12076328854489615,0.06472012038547359,0.11036040682915882,0.046301041976263946,0.05604316815942256,0.06405936485289487,0.04549008755679784,1.2319863770200132,1.4082049143763875,0.21795417302760756,0.1590704014940194,0.329,0.224,0.161,True,999,0.00010604097042232752,0.0013112500309944153,weak_3x3_bal_strong_200_200,weak_null,True,1272,826020113,-4.9960036108132044e-14,0,0
200,200,0.20851274492308702,0.09051339627713373,0.20070134951657792,0.08017406998278886,0.1179993486459533,0.12052727953378906,0.04658886876731556,2.5327798628314366,2.5870402678320668,0.011316199542118386,0.009680427851995348,0.025,0.01,0.009,True,999,0.00011791603174060583,0.0013013749849051237,weak_3x3_bal_strong_200_200,weak_null,True,1273,826020113,-4.9960036108132044e-14,1,2
200,200,0.09177404791795674,0.048127782510186845,0.08138315970646204,0.029993785411605245,0.04364626540776989,0.05138937429485679,0.03803257014548663,1.1476023114085927,1.351193834607447,0.2511327751580672,0.17663334905628814,0.434,0.272,0.197,True,999,0.00011083297431468964,0.0012855409877374768,weak_3x3_bal_strong_200_200,weak_null,True,1274,826020113,-4.9960036108132044e-14,0,0
200,200,0.14089881022360928,0.09559532285985162,0.13046049686263927,0.08389222167678412,0.045303487363757666,0.04656827518585516,0.04940500473489423,0.9169817431827973,0.9425821419457223,0.35915220703981254,0.34589467768291493,0.453,0.356,0.345,True,999,0.0001395420404151082,0.0012938749277964234,weak_3x3_bal_strong_200_200,weak_null,True,1275,826020113,-4.9960036108132044e-14,0,1
200,200,0.08634347115811547,0.139321016589101,0.0759900836047791,0.12687515187299425,-0.05297754543098554,-0.05088506826821515,0.0491181492323757,-1.0785737300554874,-1.0359728341448746,0.28077779736637554,0.3002148163001701,0.354,0.273,0.295,True,999,0.00011575000826269388,0.0012919589644297957,weak_3x3_bal_strong_200_200,weak_null,True,1276,826020113,-4.9960036108132044e-14,0,0
200,200,0.11077926340162114,0.16578895337080313,0.10036663986443273,0.15236966693352372,-0.055009689969181985,-0.05200302706909099,0.054897431279420296,-1.0020448805553452,-0.9472761449329534,0.3163219172125582,0.343498083258558,0.387,0.335,0.357,True,999,0.00011200003791600466,0.0012809999752789736,weak_3x3_bal_strong_200_200,weak_null,True,1277,826020113,-4.9960036108132044e-14,0,1
200,200,0.11871866200568415,0.05631380383816337,0.1083345960108204,0.039503434573319396,0.06240485816752078,0.06883116143750101,0.044378307334029976,1.4062018566370098,1.551009165793942,0.15966419301847812,0.12089948742901975,0.282,0.152,0.119,True,999,0.00011262495536357164,0.0012866249307990074,weak_3x3_bal_strong_200_200,weak_null,True,1278,826020113,-4.9960036108132044e-14,0,0
200,200,0.13167837122722226,0.12818932209854061,0.12104590802354664,0.1176721977049624,0.0034890491286816427,0.0033737103185842443,0.05278464564054201,0.06609969786368762,0.06391461527579181,0.9472984513969178,0.9490382147666117,0.959,0.954,0.959,True,999,0.00011154101230204105,0.0013469579862430692,weak_3x3_bal_strong_200_200,weak_null,True,1279,826020113,-4.9960036108132044e-14,0,2
200,200,0.1094078085199921,0.168460396666114,0.09902073372794007,0.15700376691223994,-0.05905258814612191,-0.05798303318429987,0.05160474207422424,-1.1443248386201654,-1.1235989340069095,0.25248894599022786,0.2611832085510635,0.312,0.256,0.263,True,999,0.00011945795267820358,0.0013493329752236605,weak_3x3_bal_strong_200_200,weak_null,True,1280,826020113,-4.9960036108132044e-14,0,1
200,200,0.09850649841671033,0.12556875502483722,0.08813581642789359,0.11171483156582696,-0.02706225660812689,-0.023579015137933368,0.0514247312576607,-0.5262498402282938,-0.4585150872212059,0.5987146290623717,0.6465824257671844,0.663,0.612,0.65,True,999,0.00011287489905953407,0.0013027919922024012,weak_3x3_bal_strong_200_200,weak_null,True,1281,826020113,-4.9960036108132044e-14,0,1
200,200,0.07897498493477562,0.09569207323070678,0.06860889397259484,0.08231572705708601,-0.01671708829593116,-0.013706833084491166,0.045251379889437365,-0.36942714977479135,-0.30290420133001583,0.7118093643901913,0.7619628694836222,0.751,0.699,0.755,True,999,0.00011708308011293411,0.0013209580210968852,weak_3x3_bal_strong_200_200,weak_null,True,1282,826020113,-4.9960036108132044e-14,0,1
200,200,0.09782665564254067,0.10783209185452591,0.08742349404002425,0.09200662479412358,-0.010005436211985241,-0.004583130754099329,0.04563025221719429,-0.21927199009027204,-0.10044061848013025,0.8264381796508822,0.9199945239074623,0.849,0.825,0.922,True,999,0.00011691695544868708,0.0013056249590590596,weak_3x3_bal_strong_200_200,weak_null,True,1283,826020113,-4.9960036108132044e-14,0,0
200,200,0.1400339533613595,0.13606931088148355,0.1295896051370562,0.1295318551815967,0.003964642479875935,5.7749955459485136e-05,0.052889999432415055,0.07496015357198317,0.0010918879954476145,0.9402464154995283,0.9991287995994167,0.943,0.94,1.0,True,999,0.00011900009121745825,0.0013547909911721945,weak_3x3_bal_strong_200_200,weak_null,True,1284,826020113,-4.9960036108132044e-14,0,2
200,200,0.10354774613646733,0.10715114903375161,0.09315920353120077,0.08847583971454753,-0.00360340289728428,0.004683363816653241,0.0480706670329847,-0.0749605345565879,0.09742664509813546,0.9402461123706404,0.9223875856490782,0.951,0.941,0.92,True,999,0.0001204590080305934,0.0013364580227062106,weak_3x3_bal_strong_200_200,weak_null,True,1285,826020113,-4.9960036108132044e-14,0,0
200,200,0.12119678676817958,0.13515332492712145,0.11074818534686415,0.12085498652396609,-0.013956538158941878,-0.010106801177101943,0.04975831644036074,-0.2804865429012231,-0.2031178283376155,0.7791042484918212,0.8390429371812739,0.787,0.76,0.822,True,999,0.00012029195204377174,0.0013541249791160226,weak_3x3_bal_strong_200_200,weak_null,True,1286,826020113,-4.9960036108132044e-14,0,0
200,200,0.11266522309553717,0.1494951944203332,0.10224416731327324,0.139157358206063,-0.03682997132479604,-0.03691319089278977,0.052848443680670196,-0.696897936055342,-0.6984726194745279,0.48586666952406254,0.4848816753285361,0.566,0.504,0.5,True,999,0.00011837505735456944,0.0012534999987110496,weak_3x3_bal_strong_200_200,weak_null,True,1287,826020113,-4.9960036108132044e-14,0,2
200,200,0.09773306545166882,0.131548549303953,0.08736135972773695,0.12036692060668486,-0.03381548385228417,-0.033005560878947904,0.046464507110406644,-0.7277702047270942,-0.7103392015010885,0.4667542664715205,0.47749381568300164,0.561,0.469,0.485,True,999,0.00011091702617704868,0.0012697080383077264,weak_3x3_bal_strong_200_200,weak_null,True,1288,826020113,-4.9960036108132044e-14,0,1
200,200,0.11218403100984231,0.02476571374012526,0.10177081367535834,0.013378050774903727,0.08741831726971705,0.08839276290045461,0.03719788127436669,2.3500886145888527,2.3762848816168103,0.018768942130635888,0.0174879551648835,0.145,0.017,0.015,True,999,0.00011024996638298035,0.001278333947993815,weak_3x3_bal_strong_200_200,weak_null,True,1289,826020113,-4.9960036108132044e-14,0,1
200,200,0.0854648760276906,0.057008663821684735,0.07506559401866753,0.05088263096692458,0.02845621220600586,0.024182963051742945,0.03867007107282317,0.7358717327521159,0.6253663978584829,0.4618087613834475,0.531730610682671,0.596,0.434,0.516,True,999,0.0001192090567201376,0.0012898339191451669,weak_3x3_bal_strong_200_200,weak_null,True,1290,826020113,-4.9960036108132044e-14,0,2
200,200,0.10016008823279865,0.079829038464452,0.08975630645528554,0.0644584094197711,0.020331049768346654,0.02529789703551444,0.04438108333444885,0.45810170101380954,0.5700153113630299,0.6468793769128433,0.5686673132270221,0.708,0.634,0.557,True,999,0.00015241594519466162,0.0013185000279918313,weak_3x3_bal_strong_200_200,weak_null,True,1291,826020113,-4.9960036108132044e-14,0,1
200,200,0.09221952842422665,0.12648563927012385,0.08181932386617063,0.11816810999316374,-0.0342661108458972,-0.036348786126993105,0.04798984861027538,-0.7140283172004066,-0.7574265637339447,0.4752096694931316,0.44879434660346396,0.518,0.456,0.434,True,999,0.000118291936814785,0.0013236249797046185,weak_3x3_bal_strong_200_200,weak_null,True,1292,826020113,-4.9960036108132044e-14,0,2
200,200,0.11412476162461549,0.13082847120806018,0.10373594081917759,0.12145957088041826,-0.016703709583444692,-0.01772363006124067,0.05208255450691494,-0.3207160198186316,-0.3402987858225642,0.7484256060411691,0.7336315314286164,0.781,0.75,0.737,True,999,0.00012191606219857931,0.0012644999660551548,weak_3x3_bal_strong_200_200,weak_null,True,1293,826020113,-4.9960036108132044e-14,0,1
200,200,0.1747225626838722,0.10413992105773295,0.1641052724564247,0.09069520202898218,0.07058264162613925,0.07341007042744252,0.05430438176318944,1.2997596019771673,1.3518259124571046,0.19368337538785352,0.17643101263613514,0.286,0.223,0.199,True,999,0.00011587492190301418,0.001280499971471727,weak_3x3_bal_strong_200_200,weak_null,True,1294,826020113,-4.9960036108132044e-14,0,1
200,200,0.12052591930635503,0.10368221876738881,0.1101154336390664,0.08562632360525413,0.016843700538966222,0.024489110033812267,0.048395762833500625,0.34804081086426514,0.5060176470007073,0.7278095345606265,0.6128442613715431,0.774,0.737,0.62,True,999,0.00011158303823322058,0.001266457955352962,weak_3x3_bal_strong_200_200,weak_null,True,1295,826020113,-4.9960036108132044e-14,0,0
200,200,0.07363770025688554,0.13900020121300843,0.0632805141246422,0.12472165545646874,-0.0653625009561229,-0.06144114133182654,0.04646277389130649,-1.4067713888333444,-1.3223735086407014,0.159495189139653,0.1860438058018753,0.257,0.177,0.197,True,999,0.00011254206765443087,0.0013046249514445662,weak_3x3_bal_strong_200_200,weak_null,True,1296,826020113,-4.9960036108132044e-14,0,0
200,200,0.09518662702166147,0.058208728116407815,0.0848238005998212,0.044007049924431385,0.03697789890525366,0.04081675067538981,0.04085673285241706,0.9050625520847555,0.9990214054273093,0.36543224963101717,0.31778432206102614,0.546,0.371,0.317,True,999,0.00012104201596230268,0.001295416965149343,weak_3x3_bal_strong_200_200,weak_null,True,1297,826020113,-4.9960036108132044e-14,0,0
200,200,0.09284838230474923,0.034106457482950436,0.08247809939638273,0.021995411746360105,0.0587419248217988,0.060482687650022626,0.03533089364303051,1.6626221067404678,1.7118923812433382,0.09638810309881136,0.08691650297786327,0.323,0.105,0.095,True,999,0.00011783395893871784,0.0012946249917149544,weak_3x3_bal_strong_200_200,weak_null,True,1298,826020113,-4.9960036108132044e-14,0,2
200,200,0.09006567317852254,0.09432911435096925,0.07965016158195226,0.0778525408495625,-0.0042634411724467025,0.0017976207323897597,0.044121845041352054,-0.09662880526530346,0.04074219314049506,0.9230211802365245,0.9675014242420247,0.95,0.94,0.968,True,999,0.00010991701856255531,0.0012482920428737998,weak_3x3_bal_strong_200_200,weak_null,True,1299,826020113,-4.9960036108132044e-14,0,0
200,200,0.06833060744329478,0.15736728257381166,0.05793861205398798,0.13901946431950307,-0.08903667513051688,-0.08108085226551509,0.04813128533711505,-1.8498711286618983,-1.6845769170222415,0.06433212599907874,0.09207022795905752,0.105,0.061,0.093,True,999,0.00010999990627169609,0.0012905000476166606,weak_3x3_bal_strong_200_200,weak_null,True,1300,826020113,-4.9960036108132044e-14,0,0
200,200,0.0945526551056115,0.08320380966410945,0.08420144642835226,0.07484851123831504,0.011348845441502053,0.009352935190037215,0.0453702990648092,0.25013821101974215,0.2061466506243879,0.8024804668915826,0.8366763593368869,0.85,0.808,0.843,True,999,0.00011200003791600466,0.0012654999736696482,weak_3x3_bal_strong_200_200,weak_null,True,1301,826020113,-4.9960036108132044e-14,0,2
200,200,0.09869180068275374,0.1426775600428853,0.08831838239802892,0.13405708451240628,-0.04398575936013155,-0.04573870211437736,0.050614244787434606,-0.8690391320636947,-0.9036725195933846,0.38482572729403763,0.36616907485119254,0.437,0.375,0.355,True,999,0.00011374999303370714,0.0013173749903216958,weak_3x3_bal_strong_200_200,weak_null,True,1302,826020113,-4.9960036108132044e-14,0,2
200,200,0.17703278871966255,0.14620247584575918,0.16616554196556876,0.13968297363996385,0.030830312873903365,0.026482568325604916,0.05400803592310256,0.5708467702435989,0.49034496205918665,0.5681035159849077,0.6238898157812693,0.622,0.584,0.641,True,999,0.00011675001587718725,0.0013505419483408332,weak_3x3_bal_strong_200_200,weak_null,True,1303,826020113,-4.9960036108132044e-14,0,2
200,200,0.08689072489937533,0.10195094595102305,0.07649120010836441,0.0914193321011112,-0.015060221051647726,-0.014928131992746785,0.046670988782871986,-0.3226891361079273,-0.3198589183999747,0.7469306805106514,0.7490752814333712,0.812,0.762,0.763,True,999,0.0001239590346813202,0.0013464170042425394,weak_3x3_bal_strong_200_200,weak_null,True,1304,826020113,-4.9960036108132044e-14,0,2
200,200,0.14458514613787932,0.10536060380504919,0.1341012773228556,0.08671165882408616,0.039224542332830126,0.04738961849876944,0.05045146792733966,0.7774707841865258,0.9393109942216169,0.436881064885264,0.34757109553077237,0.481,0.421,0.34,True,999,0.00011854199692606926,0.001340458053164184,weak_3x3_bal_strong_200_200,weak_null,True,1305,826020113,-4.9960036108132044e-14,0,0
200,200,0.16311336286460376,0.07278370643179854,0.152593410270498,0.056926814927948044,0.09032965643280522,0.09566659534254995,0.046933374716031005,1.9246358690237413,2.038348955756492,0.054274928728363335,0.041515047199687044,0.132,0.056,0.043,True,999,0.00011720799375325441,0.0013158329529687762,weak_3x3_bal_strong_200_200,weak_null,True,1306,826020113,-4.9960036108132044e-14,0,0
200,200,0.09993596404773264,0.13290842674781322,0.08950803072082181,0.11652720216505941,-0.032972462700080585,-0.0270191714442376,0.050470663859206406,-0.6532995641202775,-0.5353440866086211,0.5135631733761306,0.5924119460880208,0.58,0.513,0.594,True,999,0.00011779193300753832,0.0013487080577760935,weak_3x3_bal_strong_200_200,weak_null,True,1307,826020113,-4.9960036108132044e-14,0,0
200,200,0.12952901360494917,0.1465290387222713,0.11898065268593427,0.13356011095773113,-0.017000025117322126,-0.014579458271796852,0.05076072287391941,-0.3349051028990891,-0.28721927991470153,0.7376966726237008,0.7739444247383687,0.766,0.739,0.775,True,999,0.00013762491289526224,0.001297083916142583,weak_3x3_bal_strong_200_200,weak_null,True,1308,826020113,-4.9960036108132044e-14,0,1
200,200,0.10212594220866889,0.1252312012342725,0.09174889537104036,0.1139979974748968,-0.02310525902560362,-0.022249102103856444,0.046798231541247196,-0.4937207724449806,-0.4754261298153211,0.621503392938924,0.6344832737163333,0.7,0.639,0.648,True,999,0.00011170899961143732,0.0013458749745041132,weak_3x3_bal_strong_200_200,weak_null,True,1309,826020113,-4.9960036108132044e-14,0,1
200,200,0.11597837687249046,0.04462193463509506,0.10558734423565852,0.03929637049767365,0.0713564422373954,0.06629097373798487,0.03936618124655586,1.8126330768656502,1.6839574385637077,0.06988843265031876,0.09218989445124205,0.244,0.09,0.11,True,999,0.00011324998922646046,0.0012822499265894294,weak_3x3_bal_strong_200_200,weak_null,True,1310,826020113,-4.9960036108132044e-14,0,3
200,200,0.09549530598391431,0.09433034013115543,0.08513208846989073,0.0788020526880473,0.0011649658527588813,0.006330035781843435,0.04588435763326356,0.025389172102397422,0.1379562907350046,0.9797445477360224,0.890274962096106,0.988,0.984,0.894,True,999,0.00011250004172325134,0.0013209589524194598,weak_3x3_bal_strong_200_200,weak_null,True,1311,826020113,-4.9960036108132044e-14,0,1
200,200,0.060349187198437626,0.1670658393691523,0.0500267171781843,0.16187179029687826,-0.10671665217071469,-0.11184507311869396,0.04785369824308481,-2.2300607077141836,-2.3372294561341733,0.025743412895905284,0.019427256328106105,0.072,0.041,0.031,True,999,0.00011241703759878874,0.001297999988310039,weak_3x3_bal_strong_200_200,weak_null,True,1312,826020113,-4.9960036108132044e-14,0,3
200,200,0.08974832764136198,0.09471057940977823,0.07940557749589061,0.089434832154204,-0.004962251768416248,-0.010029254658313391,0.04725660131980912,-0.10500653093594696,-0.2122297071353142,0.9163706264356472,0.8319278316412311,0.933,0.914,0.838,True,999,0.00011258304584771395,0.0013133750762790442,weak_3x3_bal_strong_200_200,weak_null,True,1313,826020113,-4.9960036108132044e-14,0,3
200,200,0.0965595939315087,0.09805928880716847,0.08613756394771599,0.08968062504727214,-0.0014996948756597628,-0.003543061099556155,0.04670188710911497,-0.03211208301188887,-0.07586548036652342,0.9743826675304748,0.9395261203597499,0.979,0.974,0.942,True,999,0.00011466699652373791,0.0013239580439403653,weak_3x3_bal_strong_200_200,weak_null,True,1314,826020113,-4.9960036108132044e-14,0,2
200,200,0.1380797623778558,0.11063963391232828,0.1276537123003436,0.10421087783485916,0.027440128465527514,0.023442834465484452,0.051415232970122716,0.5336964724340142,0.4559511473789691,0.5935515501507458,0.6484251083682935,0.646,0.591,0.637,True,999,0.00011570798233151436,0.001296208007261157,weak_3x3_bal_strong_200_200,weak_null,True,1315,826020113,-4.9960036108132044e-14,0,2
200,200,0.08029922494953112,0.09101563474453978,0.06994287834629631,0.07720479652492429,-0.010716409795008652,-0.00726191817862798,0.04238442000982737,-0.2528384201676917,-0.17133461250488297,0.8003930770443747,0.8639606659919431,0.843,0.801,0.879,True,999,0.00011245801579207182,0.0012831669300794601,weak_3x3_bal_strong_200_200,weak_null,True,1316,826020113,-4.9960036108132044e-14,0,0
200,200,0.11826237791114824,0.10898197475888483,0.10785804131165833,0.09364827514357899,0.009280403152263417,0.01420976616807934,0.049489304444316005,0.18752341049176532,0.28712802347157207,0.8512502703290968,0.7740142955433433,0.876,0.857,0.801,True,999,0.00011741707567125559,0.0013059579068794847,weak_3x3_bal_strong_200_200,weak_null,True,1317,826020113,-4.9960036108132044e-14,0,1
200,200,0.14687923470439435,0.164327908568704,0.13637382508369456,0.1587516755279026,-0.01744867386430965,-0.022377850444208036,0.05415480656734902,-0.3221999111493419,-0.4132200235334249,0.7473012517942873,0.6794454189949898,0.747,0.736,0.675,True,999,0.00011741695925593376,0.0013294580858200788,weak_3x3_bal_strong_200_200,weak_null,True,1318,826020113,-4.9960036108132044e-14,0,3
200,200,0.13388768874576162,0.11063946582478168,0.12335025507834985,0.09405409267303355,0.023248222920979944,0.029296162405316295,0.05149261172529821,0.45148657529752256,0.5689391433785665,0.6516388984663682,0.5693974400918133,0.72,0.679,0.587,True,999,0.00011999998241662979,0.0013243339490145445,weak_3x3_bal_strong_200_200,weak_null,True,1319,826020113,-4.9960036108132044e-14,0,0
200,200,0.09603487713201919,0.07855301386273955,0.08563892199555312,0.06301162333678434,0.01748186326927964,0.02262729865876878,0.042701878344403484,0.40939330884424235,0.5298900080289868,0.6822510492544871,0.5961881943444107,0.75,0.661,0.563,True,999,0.00011729204561561346,0.0013281250139698386,weak_3x3_bal_strong_200_200,weak_null,True,1320,826020113,-4.9960036108132044e-14,0,1
200,200,0.07415222001554755,0.1193847422520386,0.06377479056183688,0.10590159172535607,-0.045232522236491046,-0.04212680116351919,0.04752681103486652,-0.9517264308625222,-0.8863797138127827,0.3412357412442921,0.3754129469670838,0.444,0.339,0.376,True,999,0.00011691602412611246,0.0013414580607786775,weak_3x3_bal_strong_200_200,weak_null,True,1321,826020113,-4.9960036108132044e-14,0,1
200,200,0.0738158987981663,0.1314296653712313,0.06335259703104157,0.11303201909626637,-0.057613766573064995,-0.0496794220652248,0.04735239686973295,-1.216702223787345,-1.0491427118651147,0.22371753267464767,0.29411244061775177,0.265,0.204,0.27,True,999,0.00011500006075948477,0.00125662493519485,weak_3x3_bal_strong_200_200,weak_null,True,1322,826020113,-4.9960036108132044e-14,0,0
200,200,0.11866457153318222,0.0954481231299093,0.10826107075834557,0.08724826124131368,0.023216448403272916,0.021012809517031883,0.04539920965450005,0.5113844179217262,0.4628452714693692,0.6090819037157365,0.6434752785530826,0.701,0.62,0.651,True,999,0.00012216693721711636,0.0012824170989915729,weak_3x3_bal_strong_200_200,weak_null,True,1323,826020113,-4.9960036108132044e-14,0,2
200,200,0.107826732564825,0.04927923330639089,0.09744835067385793,0.04063522112015505,0.05854749925843411,0.05681312955370288,0.0412675229626742,1.4187306398639281,1.3767031669211023,0.15597756081402922,0.16860403922649914,0.291,0.154,0.166,True,999,0.00011791603174060583,0.0012937498977407813,weak_3x3_bal_strong_200_200,weak_null,True,1324,826020113,-4.9960036108132044e-14,0,2
200,200,0.13842617061893092,0.10045389236496027,0.12781406233807502,0.0943990103117045,0.03797227825397065,0.03341505202637052,0.04914685362329015,0.7726288755945102,0.6799021618453209,0.43974205030571156,0.4965664126995939,0.503,0.417,0.486,True,999,0.00012116704601794481,0.0013081250945106149,weak_3x3_bal_strong_200_200,weak_null,True,1325,826020113,-4.9960036108132044e-14,0,2
200,200,0.09635750711400015,0.11166341949046765,0.0859718045700788,0.10329092383939553,-0.015305912376467501,-0.01731911926931673,0.049245763385905555,-0.31080668313587656,-0.35168749712738884,0.7559475887422613,0.7250726381540888,0.783,0.75,0.716,True,999,0.00011820800136774778,0.0013135409681126475,weak_3x3_bal_strong_200_200,weak_null,True,1326,826020113,-4.9960036108132044e-14,0,2
200,200,0.13414414009233933,0.1587908652740373,0.12369128456964518,0.1422068099458329,-0.02464672518169797,-0.018515525376187725,0.054360558870603946,-0.4533935208496532,-0.34060586868249054,0.6502654011084622,0.7334003107984766,0.697,0.66,0.739,True,999,0.00011779193300753832,0.0013720840215682983,weak_3x3_bal_strong_200_200,weak_null,True,1327,826020113,-4.9960036108132044e-14,0,0
200,200,0.12174362716273546,0.11989747629830061,0.11123283271459172,0.1083944644271071,0.0018461508644348479,0.0028383682874846272,0.049384938058798,0.03738287293661905,0.05747437172251283,0.9701797285419234,0.9541673207563429,0.976,0.971,0.95,True,999,0.00011845806147903204,0.001345749944448471,weak_3x3_bal_strong_200_200,weak_null,True,1328,826020113,-4.9960036108132044e-14,0,1
200,200,0.11641912556455747,0.09926627438713298,0.10600476559855565,0.0808367073707359,0.01715285117742449,0.025168058227819756,0.048055955009380105,0.35693497661374957,0.5237240259382457,0.7211404844925948,0.6004705023214576,0.758,0.719,0.592,True,999,0.00011516606900840998,0.0012513750698417425,weak_3x3_bal_strong_200_200,weak_null,True,1329,826020113,-4.9960036108132044e-14,0,0
200,200,0.0789041703605422,0.06211838755711896,0.06853467927570023,0.05096674251100808,0.016785782803423244,0.01756793676469215,0.03848019390862509,0.4362187686289392,0.4565449125960462,0.6626780117947635,0.6479981820306079,0.752,0.665,0.645,True,999,0.00011333392467349768,0.001249041990377009,weak_3x3_bal_strong_200_200,weak_null,True,1330,826020113,-4.9960036108132044e-14,0,1
200,200,0.11994437459782792,0.1338154712027252,0.10947615685429923,0.12017451929119716,-0.01387109660489727,-0.010698362436897924,0.04934196819783005,-0.2811216721084768,-0.21682074768489704,0.7786170792349907,0.8283480422458539,0.817,0.772,0.827,True,999,0.00011825002729892731,0.0013197920052334666,weak_3x3_bal_strong_200_200,weak_null,True,1331,826020113,-4.9960036108132044e-14,0,1
200,200,0.13280680346920248,0.12242408319627118,0.12234680942250975,0.10994199937286453,0.0103827202729313,0.01240481004964522,0.05114492695137264,0.20300586767487105,0.24254233584964183,0.8391304459650119,0.8083599566549616,0.869,0.839,0.814,True,999,0.00012691703159362078,0.0013182919938117266,weak_3x3_bal_strong_200_200,weak_null,True,1332,826020113,-4.9960036108132044e-14,0,0
200,200,0.19128313760350846,0.147877617742929,0.18060403726499885,0.13641104714308483,0.043405519860579445,0.04419299012191402,0.05417808425044622,0.8011638001065339,0.8156986488784908,0.42303682499527795,0.4146725119800967,0.472,0.44,0.427,True,999,0.00011854106560349464,0.0012657919432967901,weak_3x3_bal_strong_200_200,weak_null,True,1333,826020113,-4.9960036108132044e-14,0,1
200,200,0.06961730881622152,0.08407302684383305,0.05926724434056041,0.06854731052014529,-0.01445571802761153,-0.009280066179584878,0.043749970103344436,-0.33041663785060443,-0.2121159433403926,0.7410851716449913,0.83201658172014,0.813,0.762,0.839,True,999,0.00011620798613876104,0.0013092909939587116,weak_3x3_bal_strong_200_200,weak_null,True,1334,826020113,-4.9960036108132044e-14,0,1
200,200,0.08291053877660337,0.06018234233086828,0.07251245883566071,0.04674658299038015,0.022728196445735094,0.02576587584528056,0.039846762762485305,0.5703900359788601,0.6466240682803589,0.5684131861367493,0.5178752770584667,0.67,0.569,0.516,True,999,0.00011570798233151436,0.0012872499646618962,weak_3x3_bal_strong_200_200,weak_null,True,1335,826020113,-4.9960036108132044e-14,0,1
200,200,0.08669475741831967,0.14574737845759028,0.07629915686510458,0.1343863136447112,-0.059052621039270614,-0.05808715677960663,0.048326590512201104,-1.221948836311171,-1.2019709266462997,0.22172697573983946,0.22937479247565273,0.294,0.234,0.239,True,999,0.00011462497059255838,0.001259207958355546,weak_3x3_bal_strong_200_200,weak_null,True,1336,826020113,-4.9960036108132044e-14,0,1
200,200,0.12131649982668313,0.06469004435073555,0.1108398241557893,0.049738804738133524,0.05662645547594758,0.06110101941765578,0.04312546208862837,1.3130631588265171,1.416820051506586,0.18916166673414636,0.1565355456853414,0.33,0.196,0.163,True,999,0.0001154160127043724,0.0013093339512124658,weak_3x3_bal_strong_200_200,weak_null,True,1337,826020113,-4.9960036108132044e-14,0,0
200,200,0.16802494940874424,0.06945815612613987,0.1574014645493378,0.05320415121126132,0.09856679328260437,0.10419731333807647,0.04797719234834142,2.0544510518029897,2.1718093168425807,0.039932056272256086,0.029870048649429496,0.124,0.055,0.044,True,999,0.00011720799375325441,0.0013473329599946737,weak_3x3_bal_strong_200_200,weak_null,True,1338,826020113,-4.9960036108132044e-14,0,0
200,200,0.1186802285252817,0.11255286549532917,0.10821247660268796,0.10114973491329238,0.006127363029952537,0.00706274168939558,0.049096751989986344,0.1248018001517139,0.14385354230430722,0.90068046222148,0.8856161218824312,0.924,0.906,0.884,True,999,0.00012287497520446777,0.0012915829429402947,weak_3x3_bal_strong_200_200,weak_null,True,1339,826020113,-4.9960036108132044e-14,0,1
200,200,0.09950028745766515,0.09965227865298754,0.08911528538590119,0.09417166350322503,-0.00015199119532238736,-0.005056378117323845,0.04877122584359868,-0.0031164112177495436,-0.1036754362816063,0.9975134676291203,0.9174269205944804,0.997,0.997,0.913,True,999,0.00011816609185189009,0.0013024589279666543,weak_3x3_bal_strong_200_200,weak_null,True,1340,826020113,-4.9960036108132044e-14,0,3
200,200,0.12899019828400693,0.0954578493824223,0.1185013390249594,0.07966732211075112,0.03353234890158463,0.03883401691420829,0.046727083961317334,0.7176212607091881,0.8310815403408597,0.47299084487080256,0.4059275671813457,0.581,0.495,0.412,True,999,0.00011679192539304495,0.0012989999959245324,weak_3x3_bal_strong_200_200,weak_null,True,1341,826020113,-4.9960036108132044e-14,0,0
200,200,0.131647694798523,0.08486634105465501,0.12123085242657794,0.0714421864222814,0.04678135374386799,0.049788666004296545,0.04917964304308266,0.9512341051944256,1.0123836393176007,0.3414855490189447,0.3113546578660994,0.464,0.374,0.339,True,999,0.00011966703459620476,0.00133666698820889,weak_3x3_bal_strong_200_200,weak_null,True,1342,826020113,-4.9960036108132044e-14,0,1
200,200,0.1165315943799885,0.13191094879682075,0.10614501881394744,0.1185982622692876,-0.015379354416832247,-0.012453243455340157,0.051159478991286526,-0.3006159312031238,-0.24342006018984658,0.7637073817433276,0.8076800052945041,0.804,0.772,0.824,True,999,0.00011337501928210258,0.0012630830751731992,weak_3x3_bal_strong_200_200,weak_null,True,1343,826020113,-4.9960036108132044e-14,0,1
200,200,0.0959271456602453,0.10270531035663888,0.08553865960971052,0.09130947998124839,-0.006778164696393585,-0.005770820371537866,0.04673861792489289,-0.14502278837782126,-0.12347006881571351,0.8846928794673418,0.9017348745335607,0.901,0.885,0.9,True,999,0.00010891607962548733,0.0013087919214740396,weak_3x3_bal_strong_200_200,weak_null,True,1344,826020113,-4.9960036108132044e-14,0,1
200,200,0.11686316471310465,0.1044238724046071,0.10645227264171808,0.0933364229176874,0.012439292308497552,0.013115849724030682,0.04733889975072977,0.2627710482076802,0.2770628340137645,0.7927270517307897,0.7817318592252867,0.825,0.791,0.781,True,999,0.0001159169478341937,0.0012441249564290047,weak_3x3_bal_strong_200_200,weak_null,True,1345,826020113,-4.9960036108132044e-14,0,1
200,200,0.10081893735868563,0.07201978818460392,0.0904188668400252,0.06089545658323914,0.028799149174081717,0.029523410256786065,0.04345840610848387,0.662683051518072,0.6793486669319554,0.5075335667580086,0.4969169670818655,0.588,0.511,0.499,True,999,0.00011158396955579519,0.001283041900023818,weak_3x3_bal_strong_200_200,weak_null,True,1346,826020113,-4.9960036108132044e-14,0,1
200,200,0.07476319504989526,0.14120753986373796,0.06440606251692316,0.13282042056417254,-0.0664443448138427,-0.06841435804724938,0.04738333200273973,-1.4022725292936522,-1.4438486099562104,0.16083388035260904,0.14878156491645392,0.23,0.154,0.142,True,999,0.00011079211253672838,0.0012871669605374336,weak_3x3_bal_strong_200_200,weak_null,True,1347,826020113,-4.9960036108132044e-14,0,2
200,200,0.09117375898766067,0.06497620094301443,0.08070118036692975,0.05199456491828869,0.02619755804464624,0.02870661544864106,0.040340980161663584,0.6494031116661372,0.7115993546413933,0.516077853259473,0.47671290678906997,0.652,0.522,0.477,True,999,0.00011300004553049803,0.0013464580988511443,weak_3x3_bal_strong_200_200,weak_null,True,1348,826020113,-4.9960036108132044e-14,0,0
200,200,0.09023758017288319,0.23939069538368207,0.07986806816597891,0.23285611533371764,-0.14915311521079888,-0.15298804716773873,0.05546930705058729,-2.688930566137651,-2.758066673308459,0.0071681327252479405,0.0058144337281810675,0.016,0.01,0.009,True,999,0.00011358398478478193,0.0013155000051483512,weak_3x3_bal_strong_200_200,weak_null,True,1349,826020113,-4.9960036108132044e-14,0,2
200,200,0.033604508841723835,0.08769804685893601,0.023282123593105553,0.07628321563979057,-0.05409353801721217,-0.05300109204668502,0.03862439378787389,-1.4005019292806302,-1.3722180945484426,0.16136306607305384,0.1699955541293734,0.308,0.178,0.188,True,999,0.00010887498501688242,0.0012923330068588257,weak_3x3_bal_strong_200_200,weak_null,True,1350,826020113,-4.9960036108132044e-14,0,1
200,200,0.11878689787536367,0.13017767734927227,0.10837540907385801,0.11375615397591332,-0.011390779473908597,-0.005380744902055312,0.050653045892993576,-0.2248784702497859,-0.10622746978379807,0.8220738186003429,0.9154018765140362,0.849,0.828,0.919,True,999,0.00011262507177889347,0.0012421660358086228,weak_3x3_bal_strong_200_200,weak_null,True,1351,826020113,-4.9960036108132044e-14,0,0
200,200,0.14403006520225348,0.12087147670946552,0.13356012523180993,0.10979732996375446,0.023158588492787957,0.02376279526805547,0.04992625496424738,0.463855911270974,0.47595789600225796,0.6427509822226041,0.634104374182707,0.712,0.643,0.634,True,999,0.00011124997399747372,0.0012678750790655613,weak_3x3_bal_strong_200_200,weak_null,True,1352,826020113,-4.9960036108132044e-14,0,1
200,200,0.10890243856724413,0.08688939399069623,0.09851666714621388,0.07073807556582778,0.022013044576547902,0.02777859158038609,0.04575856185439559,0.48106941486915017,0.6070687201398063,0.6304671647690188,0.5438053076766378,0.688,0.601,0.507,True,999,0.00011300004553049803,0.001276165945455432,weak_3x3_bal_strong_200_200,weak_null,True,1353,826020113,-4.9960036108132044e-14,0,0
200,200,0.13003102779497677,0.0701793118309732,0.11960153844268007,0.057304610279764745,0.05985171596400357,0.06229692816291532,0.045162832569545286,1.325242739631957,1.3793848750958126,0.18509065392674728,0.1677761200771446,0.292,0.191,0.172,True,999,0.0001188330352306366,0.0012941670138388872,weak_3x3_bal_strong_200_200,weak_null,True,1354,826020113,-4.9960036108132044e-14,0,1
200,200,0.10464866546315243,0.10854891135180877,0.0942538915804505,0.09199552937113253,-0.0039002458886563396,0.0022583622093179656,0.04767906939762435,-0.08180205565947293,0.04736590369422123,0.9348041213751155,0.9622216034154679,0.949,0.935,0.967,True,999,0.00012208300177007914,0.00135087501257658,weak_3x3_bal_strong_200_200,weak_null,True,1355,826020113,-4.9960036108132044e-14,0,0
200,200,0.15493701737743915,0.1264861970788887,0.1445012525118443,0.11501764114746038,0.02845082029855045,0.029483611364383933,0.05465351732164758,0.5205670502615837,0.5394641151980504,0.6026684078376556,0.5895666513436998,0.639,0.605,0.586,True,999,0.00011512497439980507,0.0013828329974785447,weak_3x3_bal_strong_200_200,weak_null,True,1356,826020113,-4.9960036108132044e-14,0,1
200,200,0.08344767208822512,0.1716371367591365,0.07307426521074945,0.16035976354028492,-0.08818946467091138,-0.08728549832953547,0.0509826515966447,-1.729793604472219,-1.7120627428346615,0.08366715751915599,0.08688510642048765,0.119,0.089,0.091,True,999,0.00011550006456673145,0.0012982499320060015,weak_3x3_bal_strong_200_200,weak_null,True,1357,826020113,-4.9960036108132044e-14,0,1
200,200,0.12169697639932076,0.061265267918746424,0.11124721232576462,0.04473990414778939,0.06043170848057433,0.06650730817797523,0.043911184736910115,1.3762258714413067,1.5145869685923472,0.1687517147005333,0.129877034359805,0.298,0.191,0.141,True,999,0.00011320901103317738,0.001321959076449275,weak_3x3_bal_strong_200_200,weak_null,True,1358,826020113,-4.9960036108132044e-14,0,0
200,200,0.07287489890397536,0.09436083317856353,0.06250594454587599,0.0840658690119156,-0.02148593427458817,-0.021559924466039604,0.04515170977472937,-0.4758609226934187,-0.4774996245680672,0.6341734634597276,0.6330063881221877,0.687,0.617,0.615,True,999,0.00011279108002781868,0.0013098750496283174,weak_3x3_bal_strong_200_200,weak_null,True,1359,826020113,-4.9960036108132044e-14,0,2
200,200,0.10177025370086801,0.09973497026182593,0.09126661418298454,0.08600496395029467,0.0020352834390420793,0.005261650232689874,0.046653598700873516,0.043625432886573265,0.11278122972732986,0.9652029784813171,0.9102039998935272,0.97,0.964,0.903,True,999,0.00011729192920029163,0.0013519159983843565,weak_3x3_bal_strong_200_200,weak_null,True,1360,826020113,-4.9960036108132044e-14,0,1
200,200,0.07483776640841877,0.15466012832012938,0.06449534786915478,0.13593811305425163,-0.0798223619117106,-0.07144276518509685,0.050525055262950744,-1.5798569936497058,-1.4140066708147618,0.11413962000274025,0.15735994384705165,0.158,0.107,0.144,True,999,0.00011929089669138193,0.0013387920334935188,weak_3x3_bal_strong_200_200,weak_null,True,1361,826020113,-4.9960036108132044e-14,0,0
200,200,0.1414326044020202,0.09741800695936381,0.13090132905330165,0.08628403603897539,0.0440145974426564,0.044617293014326265,0.04639825194738045,0.9486262002407478,0.961615818305527,0.34281076065422733,0.33624262262542026,0.437,0.351,0.341,True,999,0.00015191605780273676,0.0013166250428184867,weak_3x3_bal_strong_200_200,weak_null,True,1362,826020113,-4.9960036108132044e-14,0,1
200,200,0.1640451266017937,0.06093694359476726,0.15353366676515634,0.051596934336629374,0.10310818300702645,0.10193673242852697,0.046118252261931086,2.2357348327386304,2.2103338142471625,0.025369145906594004,0.02708200350115674,0.069,0.026,0.026,True,999,0.00011733407154679298,0.0013210000470280647,weak_3x3_bal_strong_200_200,weak_null,True,1363,826020113,-4.9960036108132044e-14,0,1
200,200,0.10708950649080196,0.12675368767072948,0.09662635626253291,0.11283973409243231,-0.01966418117992752,-0.0162133778298994,0.048254153295853995,-0.40751271832215674,-0.3359996336583209,0.6836314549351195,0.7368711427284802,0.76,0.699,0.756,True,999,0.00011150003410875797,0.0012424999149516225,weak_3x3_bal_strong_200_200,weak_null,True,1364,826020113,-4.9960036108132044e-14,0,0
200,200,0.09754841263498681,0.1273042384850948,0.08716567522617424,0.11891934895851364,-0.029755825850107998,-0.031753673732339394,0.04751666652270681,-0.6262187149826381,-0.6682639178227129,0.5311714934687806,0.5039651412619415,0.586,0.505,0.476,True,999,0.00011137500405311584,0.0012675420148298144,weak_3x3_bal_strong_200_200,weak_null,True,1365,826020113,-4.9960036108132044e-14,0,2
200,200,0.07235060728288634,0.08244160323860555,0.06200255297295598,0.06760304646378756,-0.010090995955719217,-0.005600493490831582,0.04183189984918736,-0.24122729285782724,-0.13388092606414048,0.8093789587460107,0.8934967332835165,0.852,0.813,0.891,True,999,0.00010779197327792645,0.0013095419853925705,weak_3x3_bal_strong_200_200,weak_null,True,1366,826020113,-4.9960036108132044e-14,0,0
200,200,0.14107840771350166,0.11178067136115605,0.13054600173762765,0.09429420081011841,0.029297736352345616,0.03625180092750924,0.0494008254297834,0.593061676550089,0.733829862398479,0.5531398767325265,0.4630524379278014,0.597,0.538,0.447,True,999,0.0001154160127043724,0.0013615840580314398,weak_3x3_bal_strong_200_200,weak_null,True,1367,826020113,-4.9960036108132044e-14,0,1
200,200,0.07865196954669917,0.06925146346013661,0.0682916063225889,0.05834225089813572,0.009400506086562566,0.009949355424453188,0.0399428041449748,0.2353491770994061,0.2490900585833034,0.8139377290148421,0.8032911192507475,0.874,0.826,0.815,True,999,0.00011137500405311584,0.0012968750670552254,weak_3x3_bal_strong_200_200,weak_null,True,1368,826020113,-4.9960036108132044e-14,0,1
200,200,0.09402551253501579,0.11011700956911247,0.08367670438110508,0.10388120836692849,-0.01609149703409668,-0.020204503985823408,0.04787991798686199,-0.3360802965141274,-0.42198284448539414,0.7368103162368089,0.6730375394845378,0.805,0.765,0.71,True,999,0.00011479191016405821,0.0013009589165449142,weak_3x3_bal_strong_200_200,weak_null,True,1369,826020113,-4.9960036108132044e-14,0,2
200,200,0.1211253989440022,0.1850585921043676,0.11073361006853588,0.17643670212831353,-0.06393319316036539,-0.06570309205977765,0.053167947714863106,-1.2024762269033915,-1.2357650592823304,0.22917907137130267,0.21654590633064175,0.284,0.227,0.212,True,999,0.00011274998541921377,0.0013015830190852284,weak_3x3_bal_strong_200_200,weak_null,True,1370,826020113,-4.9960036108132044e-14,0,2
200,200,0.13856258939990185,0.16402272935138507,0.12812077298147528,0.14548426096274625,-0.02546013995148322,-0.017363487981270964,0.053609626777699364,-0.4749173139566451,-0.3238874997819209,0.6348459101371132,0.7460232080441564,0.662,0.641,0.754,True,999,0.00011616700794547796,0.0013343329774215817,weak_3x3_bal_strong_200_200,weak_null,True,1371,826020113,-4.9960036108132044e-14,0,0
200,200,0.1653537921859003,0.12184864113122407,0.15485528601791998,0.10727965668139916,0.04350515105467623,0.04757562933652082,0.05204108462672237,0.8359770240518188,0.9141936544514562,0.4031678287640956,0.3606150978666123,0.509,0.457,0.401,True,999,0.00011708401143550873,0.001322625088505447,weak_3x3_bal_strong_200_200,weak_null,True,1372,826020113,-4.9960036108132044e-14,0,0
200,200,0.10850141319436513,0.1358883851426559,0.09811873863097276,0.1267498639252551,-0.02738697194829076,-0.028631125294282356,0.05248571940523022,-0.5217985436541742,-0.5455031505470659,0.601810603782366,0.5854075142732558,0.653,0.598,0.579,True,999,0.00011262507177889347,0.0013497499749064445,weak_3x3_bal_strong_200_200,weak_null,True,1373,826020113,-4.9960036108132044e-14,0,1
200,200,0.0882953375586557,0.14398169078426964,0.07789883009496634,0.12841202964044385,-0.05568635322561394,-0.050513199545477505,0.05050002243883105,-1.1026995739074157,-1.0002609326889391,0.2701576518905394,0.31718424819411417,0.35,0.28,0.328,True,999,0.00011629099026322365,0.0012497910065576434,weak_3x3_bal_strong_200_200,weak_null,True,1374,826020113,-4.9960036108132044e-14,0,1
200,200,0.07153835956833965,0.1434067673516553,0.061205453240575025,0.13187849577685995,-0.07186840778331566,-0.07067304253628492,0.0491055455362528,-1.4635497273980569,-1.4392069523819797,0.1433170171301084,0.1500918961842345,0.217,0.146,0.153,True,999,0.0001117918873205781,0.0012663330417126417,weak_3x3_bal_strong_200_200,weak_null,True,1375,826020113,-4.9960036108132044e-14,0,1
200,200,0.10042330693931234,0.07955700958208323,0.09001140073246461,0.07070367672574207,0.020866297357229113,0.019307724006722538,0.042914774667097734,0.48622642246394143,0.4499085491301798,0.6268066395791665,0.6527763829412199,0.69,0.619,0.647,True,999,0.000111832981929183,0.001264624996110797,weak_3x3_bal_strong_200_200,weak_null,True,1376,826020113,-4.9960036108132044e-14,0,1
200,200,0.1793396792482569,0.1030199000546812,0.16886248045466346,0.08673289126085137,0.07631977919357569,0.08212958919381208,0.0526200991839582,1.4503921576955634,1.560802629935942,0.1469491927688649,0.11857032674119815,0.254,0.154,0.131,True,999,0.0001192090567201376,0.0013227090239524841,weak_3x3_bal_strong_200_200,weak_null,True,1377,826020113,-4.9960036108132044e-14,0,0
200,200,0.06492750529435742,0.1624292723116575,0.05459815765124176,0.15102634966035566,-0.09750176701730007,-0.0964281920091139,0.050908281528558,-1.9152437302878615,-1.8941553144947665,0.055461427946421504,0.058204397412263555,0.079,0.061,0.063,True,999,0.00011912500485777855,0.0013198329834267497,weak_3x3_bal_strong_200_200,weak_null,True,1378,826020113,-4.9960036108132044e-14,0,1
200,200,0.14458435738421582,0.11240257866680486,0.13412022023126724,0.09605670020005164,0.03218177871741096,0.0380635200312156,0.04933174504254171,0.6523543549829565,0.7715826796394727,0.5141726029036331,0.4403616359429746,0.597,0.542,0.463,True,999,0.00012120790779590607,0.0013336660340428352,weak_3x3_bal_strong_200_200,weak_null,True,1379,826020113,-4.9960036108132044e-14,0,0
200,200,0.13995632711515116,0.132833802838692,0.12948326666779053,0.11629903690835874,0.007122524276459152,0.013184229759431787,0.05216272203039906,0.13654433663006185,0.25275195093822683,0.8913909771762158,0.8004598998595029,0.894,0.879,0.776,True,999,0.00011429202277213335,0.0012777920346707106,weak_3x3_bal_strong_200_200,weak_null,True,1380,826020113,-4.9960036108132044e-14,0,0
200,200,0.05913086623857833,0.13755224413424505,0.04878590250712023,0.1322785043084309,-0.07842137789566672,-0.08349260180131068,0.04845595447975523,-1.6184053897530997,-1.7230617515994586,0.10557526123874246,0.08487735861963842,0.136,0.115,0.099,True,999,0.00011362507939338684,0.0012962919427081943,weak_3x3_bal_strong_200_200,weak_null,True,1381,826020113,-4.9960036108132044e-14,0,3
200,200,0.1245250719468769,0.12965228458790162,0.11407414899196056,0.12415453368635809,-0.005127212641024725,-0.010080384694397537,0.05057275641493669,-0.10138289870849121,-0.1993244072300613,0.9192465113754218,0.8420089880131568,0.925,0.915,0.835,True,999,0.00011395802721381187,0.001317500020377338,weak_3x3_bal_strong_200_200,weak_null,True,1382,826020113,-4.9960036108132044e-14,0,3
200,200,0.06928989268838759,0.0984575756526202,0.05892545326463505,0.08749541153169105,-0.02916768296423261,-0.028569958267055995,0.04300172445976542,-0.6782910064809927,-0.6643909895703715,0.4975871998471738,0.5064400982996301,0.606,0.499,0.506,True,999,0.00011754198931157589,0.0013311670627444983,weak_3x3_bal_strong_200_200,weak_null,True,1383,826020113,-4.9960036108132044e-14,0,1
200,200,0.0779352078453126,0.11116389721981823,0.06756337271627899,0.09801201170641605,-0.03322868937450563,-0.030448638990137056,0.04624152608975015,-0.7185898084334865,-0.6584695957274271,0.47239369471013304,0.5102364277931224,0.575,0.491,0.525,True,999,0.00011883291881531477,0.0013331669615581632,weak_3x3_bal_strong_200_200,weak_null,True,1384,826020113,-4.9960036108132044e-14,0,1
200,200,0.11956600165258502,0.06525452927740483,0.10914512226304396,0.05101114669189144,0.05431147237518019,0.05813397557115252,0.04326638484563796,1.2552810355879729,1.3436291425446765,0.2093767570807169,0.1790683408172815,0.339,0.225,0.194,True,999,0.00011895806528627872,0.00133050000295043,weak_3x3_bal_strong_200_200,weak_null,True,1385,826020113,-4.9960036108132044e-14,0,0
200,200,0.1602854671773537,0.09048445642487968,0.14978666101336557,0.07215763702345157,0.06980101075247402,0.077629023989914,0.05011240587224971,1.3928888373552843,1.549097925727448,0.16365340849022747,0.12135818147592141,0.259,0.188,0.152,True,999,0.00011612498201429844,0.001255915965884924,weak_3x3_bal_strong_200_200,weak_null,True,1386,826020113,-4.9960036108132044e-14,0,0
200,200,0.13509246714531153,0.06717471920018875,0.12469546162762413,0.053982992310110944,0.06791774794512279,0.07071246931751318,0.046654466545675295,1.4557608943750429,1.515663441318846,0.14545872961597966,0.1296044763428493,0.268,0.15,0.132,True,999,0.00012179103214293718,0.00126279192045331,weak_3x3_bal_strong_200_200,weak_null,True,1387,826020113,-4.9960036108132044e-14,0,1
200,200,0.09481799176645134,0.07582406595983648,0.08437759924242982,0.06722619103747007,0.018993925806614853,0.01715140820495975,0.045818195945098776,0.41454984018519947,0.3743361747701997,0.6784714742483011,0.7081542216583405,0.733,0.684,0.711,True,999,0.00011120899580419064,0.0012984169879928231,weak_3x3_bal_strong_200_200,weak_null,True,1388,826020113,-4.9960036108132044e-14,0,2
200,200,0.12057016338339932,0.09392638283685961,0.11013585993401875,0.08462343346116086,0.026643780546539708,0.025512426472857896,0.04775307574533548,0.5579489934560345,0.5342572404951308,0.5768792147181211,0.5931635714752278,0.653,0.573,0.598,True,999,0.00011133297812193632,0.0013387500075623393,weak_3x3_bal_strong_200_200,weak_null,True,1389,826020113,-4.9960036108132044e-14,0,1
200,200,0.09636448116544427,0.22059007707682166,0.08596324514772391,0.21228003036340226,-0.12422559591137738,-0.12631678521567835,0.04884759946881691,-2.543125911247285,-2.585936393789747,0.01098656308014464,0.009711485004049461,0.036,0.02,0.018,True,999,0.00011700007598847151,0.001328082988038659,weak_3x3_bal_strong_200_200,weak_null,True,1390,826020113,-4.9960036108132044e-14,0,2
200,200,0.07958274642384011,0.10626288015177948,0.06920845606509829,0.0922146482709536,-0.02668013372793937,-0.023006192205855314,0.04571128573580909,-0.5836662281200901,-0.5032934829009378,0.559444892906918,0.6147579477556548,0.619,0.543,0.601,True,999,0.0001449999399483204,0.0012552500702440739,weak_3x3_bal_strong_200_200,weak_null,True,1391,826020113,-4.9960036108132044e-14,0,0
200,200,0.08279794239308824,0.1255318200302986,0.07244259214672866,0.11619008795869945,-0.04273387763721037,-0.043747495811970794,0.048337347208326456,-0.8840757738117898,-0.9050454428834476,0.3766553099797697,0.3654413132064823,0.456,0.384,0.366,True,999,0.00010791700333356857,0.0012498749420046806,weak_3x3_bal_strong_200_200,weak_null,True,1392,826020113,-4.9960036108132044e-14,0,1
200,200,0.13783053687735292,0.0951024021681327,0.12737376446958137,0.08480063457129461,0.04272813470922021,0.042573129898286766,0.04908391114341904,0.8705120214314669,0.8673540658545257,0.3840206525238752,0.3857480416230471,0.517,0.432,0.429,True,999,0.00010691594798117876,0.0012619170593097806,weak_3x3_bal_strong_200_200,weak_null,True,1393,826020113,-4.9960036108132044e-14,0,2
200,200,0.12419687316076344,0.08766899003632006,0.11375830659619623,0.07236709367272454,0.03652788312444338,0.0413912129234717,0.04875828595068144,0.7491625764160578,0.8489062344262579,0.45375922228916243,0.39593346948440256,0.535,0.466,0.418,True,999,0.00010608299635350704,0.0012784169521182775,weak_3x3_bal_strong_200_200,weak_null,True,1394,826020113,-4.9960036108132044e-14,0,1
200,200,0.08067930328549577,0.10534508331310072,0.07031146805471167,0.09609648928763193,-0.024665780027604944,-0.025785021232920258,0.04622165191790383,-0.5336412482923554,-0.5578559000599566,0.5935897643680675,0.5769427874303443,0.672,0.59,0.574,True,999,0.0001222920836880803,0.0013113330351188779,weak_3x3_bal_strong_200_200,weak_null,True,1395,826020113,-4.9960036108132044e-14,0,1
200,200,0.07217521335629429,0.11871214316675543,0.061795863047393595,0.10815714442139068,-0.04653692981046115,-0.04636128137399709,0.04553920278862485,-1.0219091894618217,-1.0180521075256412,0.3068238827089582,0.30865319359919463,0.455,0.327,0.329,True,999,0.00010708300396800041,0.0013851660769432783,weak_3x3_bal_strong_200_200,weak_null,True,1396,826020113,-4.9960036108132044e-14,0,2
200,200,0.05993245128812941,0.11723754199320924,0.04960831973980362,0.1005447677251965,-0.05730509070507983,-0.050936447985392874,0.04664496601552957,-1.2285375164814394,-1.092003110655811,0.2192452549557914,0.2748317339199148,0.315,0.233,0.285,True,999,0.00010912504512816668,0.0012956249993294477,weak_3x3_bal_strong_200_200,weak_null,True,1397,826020113,-4.9960036108132044e-14,0,0
200,200,0.17438659178983928,0.12998584856244239,0.16392780681076147,0.12352574337838007,0.0444007432273969,0.040402063432381397,0.05471992734111639,0.8114181685697217,0.7383427828863984,0.41712556890682306,0.46030617452916056,0.471,0.411,0.458,True,999,0.00011100003030151129,0.0012832500506192446,weak_3x3_bal_strong_200_200,weak_null,True,1398,826020113,-4.9960036108132044e-14,0,2
200,200,0.126276847196084,0.10652679486183636,0.11582768378602282,0.09012980128817105,0.019750052334247648,0.025697882497851765,0.04941384290032073,0.39968662979902453,0.5200543206018281,0.6893873410177196,0.603025714982614,0.727,0.683,0.601,True,999,0.00011670798994600773,0.0012611669953912497,weak_3x3_bal_strong_200_200,weak_null,True,1399,826020113,-4.9960036108132044e-14,0,0
200,200,0.1379903096127888,0.07622668602736465,0.12747185132104732,0.059497629017641884,0.06176362358542414,0.06797422230340544,0.04570567928877208,1.3513336755197687,1.4872161044569308,0.17658856925309996,0.13695774398450034,0.293,0.201,0.156,True,999,0.00011108291801065207,0.001289375009946525,weak_3x3_bal_strong_200_200,weak_null,True,1400,826020113,-4.9960036108132044e-14,0,0
200,200,0.10625777600580699,0.06040942682204736,0.09584581478640075,0.04373166815992846,0.04584834918375963,0.05211414662647229,0.04165220733014311,1.1007423645128125,1.2511737064354336,0.27100880250136294,0.2108711089831019,0.432,0.292,0.225,True,999,0.00011754105798900127,0.0013251669006422162,weak_3x3_bal_strong_200_200,weak_null,True,1401,826020113,-4.9960036108132044e-14,0,0
200,200,0.14693041475136104,0.20016742465683074,0.13631790307357505,0.18843537699163448,-0.0532370099054697,-0.05211747391805943,0.056545923505084035,-0.9414827206895502,-0.9216840169455108,0.3464575401319643,0.3566934198808357,0.419,0.398,0.407,True,999,0.00012266705743968487,0.0013742500450462103,weak_3x3_bal_strong_200_200,weak_null,True,1402,826020113,-4.9960036108132044e-14,0,1
200,200,0.12521388591750804,0.05832320609622138,0.11479081035665217,0.049345041005736334,0.06689067982128666,0.06544576935091584,0.043040232485127915,1.5541430879677522,1.5205719293809556,0.12015028928039316,0.12836729551181453,0.222,0.101,0.106,True,999,0.0001169170718640089,0.001252459012903273,weak_3x3_bal_strong_200_200,weak_null,True,1403,826020113,-4.9960036108132044e-14,0,1
200,200,0.13798374480504205,0.1437706957559297,0.12752291562907203,0.1274894465805403,-0.005786950950887659,3.3469048531742374e-05,0.05239675805065642,-0.11044482838600281,0.0006387618199466652,0.9120566026503061,0.9994903418404923,0.928,0.92,1.0,True,999,0.00011254101991653442,0.0012774589704349637,weak_3x3_bal_strong_200_200,weak_null,True,1404,826020113,-4.9960036108132044e-14,0,0
200,200,0.10688766905118263,0.046333475775548916,0.09648215716151753,0.03678824616888221,0.060554193275633716,0.059693910992635324,0.03945608981862013,1.5347236270497582,1.5129200908414537,0.12485172963027302,0.1302999579258399,0.296,0.136,0.142,True,999,0.00011666701175272465,0.0012826250167563558,weak_3x3_bal_strong_200_200,weak_null,True,1405,826020113,-4.9960036108132044e-14,0,1
200,200,0.11416817006800706,0.1468505761657406,0.1037238563739038,0.1384140372029634,-0.03268240609773354,-0.034690180829059614,0.050041335351999665,-0.6531081928137944,-0.6932305180315973,0.513686530864194,0.4881648991450416,0.571,0.519,0.489,True,999,0.00011879194062203169,0.0013372499961405993,weak_3x3_bal_strong_200_200,weak_null,True,1406,826020113,-4.9960036108132044e-14,0,2
200,200,0.10851038940993796,0.057358802588997004,0.09806118538259057,0.048945100192220536,0.05115158682094095,0.04911608519037003,0.041908208654398975,1.2205624736377685,1.1719919979260307,0.2222517219906459,0.24120026888538992,0.327,0.219,0.239,True,999,0.00011833303142338991,0.0013412080006673932,weak_3x3_bal_strong_200_200,weak_null,True,1407,826020113,-4.9960036108132044e-14,0,2
200,200,0.18802982176154281,0.10969710582884784,0.17526777172437846,0.10042901340176513,0.07833271593269497,0.07483875832261333,0.049713496519935126,1.5756830924431866,1.5054012202220168,0.11509885586690854,0.1322209555705648,0.172,0.106,0.127,True,999,0.00011891697067767382,0.001366000040434301,weak_3x3_bal_strong_200_200,weak_null,True,1408,826020113,-4.9960036108132044e-14,0,1
200,200,0.1260830111457807,0.1360600903490845,0.11564606818495804,0.11755144622036084,-0.009977079203303818,-0.001905378035402805,0.05148928419477331,-0.19377001174773748,-0.037005331598612905,0.8463559691031549,0.9704807546528191,0.875,0.865,0.974,True,999,0.00011354195885360241,0.001252249930985272,weak_3x3_bal_strong_200_200,weak_null,True,1409,826020113,-4.9960036108132044e-14,0,0
200,200,0.06707221716564127,0.08030434827787125,0.0567015793415635,0.06699230968744985,-0.013232131112229983,-0.010290730345886345,0.04232928845477332,-0.3125998946655538,-0.24311134728573253,0.7545846581629032,0.8079191410187014,0.817,0.752,0.811,True,999,0.00011079199612140656,0.0012869579950347543,weak_3x3_bal_strong_200_200,weak_null,True,1410,826020113,-4.9960036108132044e-14,0,1
200,200,0.2010652023784063,0.084656775874626,0.19035056940143136,0.07415361525278996,0.1164084265037803,0.1161969541486414,0.05285113438915275,2.202571957049084,2.198570673867879,0.02762493225558382,0.027908464126816135,0.07,0.036,0.036,True,999,0.00010954099707305431,0.0013292080257087946,weak_3x3_bal_strong_200_200,weak_null,True,1411,826020113,-4.9960036108132044e-14,0,2
200,200,0.15475150306708763,0.11862498709766106,0.1442226483997615,0.10749149038448991,0.036126515969426565,0.0367311580152716,0.05182737653539024,0.6970546916407708,0.7087211522309989,0.48576856745405006,0.4784975359125876,0.559,0.483,0.47,True,999,0.00011074997019022703,0.001358416979201138,weak_3x3_bal_strong_200_200,weak_null,True,1412,826020113,-4.9960036108132044e-14,0,1
200,200,0.08128155186735331,0.10444166450367415,0.070928799816528,0.09128979613305432,-0.02316011263632084,-0.020360996316526325,0.04723221124629668,-0.4903457201177882,-0.4310828517079594,0.6238892794510437,0.6664081289155057,0.682,0.608,0.647,True,999,0.00011591601651161909,0.0013440420152619481,weak_3x3_bal_strong_200_200,weak_null,True,1413,826020113,-4.9960036108132044e-14,0,1
200,200,0.10046496181715714,0.05339648551551501,0.09008034589663794,0.03464629664565422,0.047068476301642126,0.05543404925098372,0.04102799195846622,1.1472283690922738,1.351127525497742,0.25128724968658067,0.17665458549142166,0.438,0.283,0.194,True,999,0.00011287489905953407,0.0013583330437541008,weak_3x3_bal_strong_200_200,weak_null,True,1414,826020113,-4.9960036108132044e-14,0,0
200,200,0.13670606243011596,0.1359478608500655,0.12620416908117704,0.12031587537273936,0.000758201580050466,0.005888293708437686,0.051908087589386906,0.014606617489901273,0.1134369224891576,0.9883460198232001,0.909684168702369,0.993,0.99,0.915,True,999,0.00011495803482830524,0.001323582953773439,weak_3x3_bal_strong_200_200,weak_null,True,1415,826020113,-4.9960036108132044e-14,0,1
200,200,0.11986576560342321,0.12919520652924443,0.10934175061015594,0.11589944585277578,-0.00932944092582122,-0.006557695242619843,0.05205645752397169,-0.17921774491714246,-0.12597275255620424,0.8577667308691228,0.8997534930357365,0.857,0.842,0.885,True,999,0.00011908391024917364,0.0012502089375630021,weak_3x3_bal_strong_200_200,weak_null,True,1416,826020113,-4.9960036108132044e-14,0,1
200,200,0.1028526555019933,0.1672488427690162,0.09243197450325624,0.15242894021861275,-0.0643961872670229,-0.05999696571535651,0.05254465638288138,-1.22555159173146,-1.1418281105155923,0.22036746406790542,0.25352547530004177,0.285,0.221,0.264,True,999,0.00010804098565131426,0.0012717079371213913,weak_3x3_bal_strong_200_200,weak_null,True,1417,826020113,-4.9960036108132044e-14,0,0
200,200,0.07981231211998252,0.10109049710727513,0.0694648621056615,0.08780787958490066,-0.021278184987292614,-0.018343017479239165,0.044326751360552204,-0.4800303278310793,-0.4138137110486108,0.6312058281284774,0.6790105418144469,0.697,0.619,0.657,True,999,0.0001079590292647481,0.0012940829619765282,weak_3x3_bal_strong_200_200,weak_null,True,1418,826020113,-4.9960036108132044e-14,0,1
200,200,0.13017760168528913,0.09722943504905579,0.11973350610219313,0.08258359619051703,0.032948166636233345,0.037149909911676104,0.0481394905343264,0.6844311452099662,0.7717138154003924,0.49370295462818803,0.44028394635328394,0.605,0.494,0.44,True,999,0.00012204202357679605,0.0012918750289827585,weak_3x3_bal_strong_200_200,weak_null,True,1419,826020113,-4.9960036108132044e-14,0,0
200,200,0.14391827312609462,0.13253334300657205,0.13349219445285598,0.1179348906081259,0.011384930119522574,0.015557303844730086,0.05341710283858838,0.21313267688673915,0.29124199962210473,0.8312234776732764,0.7708662430368187,0.855,0.827,0.766,True,999,0.00010829197708517313,0.0013369170483201742,weak_3x3_bal_strong_200_200,weak_null,True,1420,826020113,-4.9960036108132044e-14,0,0
200,200,0.12114253095393446,0.05637782538156694,0.1107575088447561,0.043341398300526635,0.06476470557236752,0.06741611054422947,0.043476564619145515,1.48964634486892,1.550631038463923,0.13631724940550405,0.12099012947163523,0.31,0.161,0.145,True,999,0.00010800000745803118,0.0012973330449312925,weak_3x3_bal_strong_200_200,weak_null,True,1421,826020113,-4.9960036108132044e-14,0,1
200,200,0.1157400048290338,0.14953476373047592,0.1052552868943053,0.13627790279406327,-0.03379475890144212,-0.031022615899757966,0.05170627626605155,-0.6535910404290809,-0.5999777616963355,0.5133753180747671,0.5485210562988376,0.545,0.515,0.547,True,999,0.00011233298573642969,0.0013094589812681079,weak_3x3_bal_strong_200_200,weak_null,True,1422,826020113,-4.9960036108132044e-14,0,1
200,200,0.08702532095555826,0.09608911429313499,0.0766622244157702,0.08275874504038683,-0.009063793337576731,-0.00609652062461663,0.04350199136067682,-0.20835352713921632,-0.14014348387112038,0.8349529399592792,0.8885466244210776,0.869,0.833,0.89,True,999,0.00011608400382101536,0.0012454170500859618,weak_3x3_bal_strong_200_200,weak_null,True,1423,826020113,-4.9960036108132044e-14,0,1
200,200,0.1104206913100878,0.13441931917991323,0.09983949653860691,0.12290599610440722,-0.02399862786982543,-0.023066499565800314,0.048350077769929965,-0.49635138094339804,-0.47707264661621507,0.6196465211114357,0.6333103918581755,0.688,0.628,0.643,True,999,0.00014525000005960464,0.0013121669180691242,weak_3x3_bal_strong_200_200,weak_null,True,1424,826020113,-4.9960036108132044e-14,0,1
200,200,0.14640068745417079,0.11233385034149757,0.13594219579988476,0.0920927039927335,0.03406683711267322,0.04384949180715125,0.051419850100324876,0.662523073214054,0.8527736218910954,0.5076360526801087,0.39378485461222457,0.586,0.529,0.436,True,999,0.00011687504593282938,0.0013375829439610243,weak_3x3_bal_strong_200_200,weak_null,True,1425,826020113,-4.9960036108132044e-14,0,0
200,200,0.14574468854321387,0.1158140634270618,0.1352982089617285,0.10038941084364694,0.029930625116152076,0.03490879811808156,0.05133900324924439,0.5829997316239792,0.6799664175130894,0.5598934808903464,0.49652572510429005,0.634,0.573,0.508,True,999,0.00010829197708517313,0.0012777498923242092,weak_3x3_bal_strong_200_200,weak_null,True,1426,826020113,-4.9960036108132044e-14,0,1
200,200,0.10824204189705489,0.13122030050756212,0.09780859833065847,0.11996503014506743,-0.02297825861050723,-0.02215643181440896,0.05170037542172977,-0.4444505174879141,-0.42855456336002873,0.6567168966844352,0.6682474175791089,0.724,0.69,0.702,True,999,0.00010716600809246302,0.0012735830387100577,weak_3x3_bal_strong_200_200,weak_null,True,1427,826020113,-4.9960036108132044e-14,0,1
200,200,0.05511362233477635,0.10803290026887036,0.044784255801261,0.09846174620594184,-0.05291927793409401,-0.05367749040468084,0.044843854465424604,-1.1800787101139065,-1.1969865446349426,0.2379689112866067,0.23131179930276347,0.344,0.227,0.221,True,999,0.00010970805305987597,0.001266542007215321,weak_3x3_bal_strong_200_200,weak_null,True,1428,826020113,-4.9960036108132044e-14,0,1
200,200,0.07028402588263205,0.16620893817010107,0.05994241698698488,0.14766353393238774,-0.09592491228746902,-0.08772111694540285,0.04980320554251164,-1.9260790794999778,-1.7613548362971287,0.0540945004067459,0.07817836412516282,0.09,0.056,0.08,True,999,0.00011533393990248442,0.0012912090169265866,weak_3x3_bal_strong_200_200,weak_null,True,1429,826020113,-4.9960036108132044e-14,0,0
200,200,0.05008897631861009,0.15912174285590008,0.03977117018757781,0.14486927249711812,-0.10903276653729,-0.10509810230954031,0.050296102229832315,-2.167817419311252,-2.089587416322752,0.03017258095040711,0.036654877890088755,0.044,0.032,0.035,True,999,0.00011616700794547796,0.0012803749414160848,weak_3x3_bal_strong_200_200,weak_null,True,1430,826020113,-4.9960036108132044e-14,0,0
200,200,0.09780416814529591,0.0749926223263998,0.08744489544272938,0.06172926594246064,0.022811545818896106,0.025715629500268733,0.04438430180503143,0.5139552700209463,0.5793856939156266,0.6072832640103707,0.5623289549623796,0.7,0.61,0.568,True,999,0.0001230000052601099,0.001287874998524785,weak_3x3_bal_strong_200_200,weak_null,True,1431,826020113,-4.9960036108132044e-14,0,1
200,200,0.07140973706703257,0.10048099744371664,0.06105695128204047,0.08494047069042665,-0.02907126037668406,-0.023883519408386178,0.04585927636045437,-0.6339232252202076,-0.5208001805493282,0.5261309276331441,0.6025059773074097,0.578,0.52,0.594,True,999,0.00011179200373589993,0.001279457937926054,weak_3x3_bal_strong_200_200,weak_null,True,1432,826020113,-4.9960036108132044e-14,0,1
200,200,0.11868039177706424,0.16216617934539296,0.10809186848075569,0.1616553879925533,-0.043485787568328715,-0.05356351951179761,0.051353680524838866,-0.8467900863949841,-1.0430317547714985,0.3971121349215444,0.2969335859507307,0.481,0.403,0.302,True,999,0.00011058303061872721,0.001329874969087541,weak_3x3_bal_strong_200_200,weak_null,True,1433,826020113,-4.9960036108132044e-14,0,4
200,200,0.10097532380918817,0.15793801197537943,0.09059825843729641,0.14836411970030383,-0.056962688166191267,-0.05776586126300742,0.052411959995164785,-1.086826139901013,-1.1021503730892064,0.2771136530940419,0.270396302930871,0.353,0.296,0.292,True,999,0.00011266604997217655,0.0012891249498352408,weak_3x3_bal_strong_200_200,weak_null,True,1434,826020113,-4.9960036108132044e-14,0,1
200,200,0.12864731950872432,0.15265951284041268,0.11813732312188563,0.13434967900506933,-0.02401219333168836,-0.016212355883183704,0.05205459448950533,-0.46128864449283974,-0.311449086140749,0.644591530856716,0.7554592427321497,0.69,0.654,0.754,True,999,0.00011999998241662979,0.0012996670557186007,weak_3x3_bal_strong_200_200,weak_null,True,1435,826020113,-4.9960036108132044e-14,0,0
200,200,0.15451472718758064,0.08844409785264573,0.14402571783961093,0.07930749247515223,0.0660706293349349,0.0647182253644587,0.048693614975205725,1.356864331567442,1.3290905881071378,0.174824322030098,0.183818085050508,0.303,0.209,0.216,True,999,0.00012474996037781239,0.001359167043119669,weak_3x3_bal_strong_200_200,weak_null,True,1436,826020113,-4.9960036108132044e-14,0,1
200,200,0.09833206838542918,0.12785971006740615,0.08796588260247518,0.11949113147933588,-0.029527641681976968,-0.0315252488768607,0.04716971484786942,-0.6259872839428599,-0.6683366430883702,0.5313232819692871,0.5039187280168951,0.616,0.525,0.502,True,999,0.00012387498281896114,0.0013418339658528566,weak_3x3_bal_strong_200_200,weak_null,True,1437,826020113,-4.9960036108132044e-14,0,2
200,200,0.12749315250175974,0.16061755630444813,0.11709670180630383,0.14999926796608065,-0.033124403802688385,-0.032902566159776825,0.05669313419387767,-0.5842754025454022,-0.5803624482509205,0.5590350383654057,0.5616702229299548,0.611,0.572,0.572,True,999,0.00011754105798900127,0.0013159590307623148,weak_3x3_bal_strong_200_200,weak_null,True,1438,826020113,-4.9960036108132044e-14,0,2
200,200,0.0925306414924254,0.14853353977502637,0.0821528259279205,0.13955758134545704,-0.056002898282600966,-0.057404755417536535,0.046210223851774736,-1.2119157540166328,-1.2422522687115671,0.22554463097454658,0.21414350015294503,0.333,0.243,0.232,True,999,0.00011725001968443394,0.0013225000584498048,weak_3x3_bal_strong_200_200,weak_null,True,1439,826020113,-4.9960036108132044e-14,0,1
200,200,0.16974205653483132,0.10247782852010157,0.15917861619394102,0.09228113231952761,0.06726422801472975,0.06689748387441341,0.05152828946918786,1.305384454008539,1.2982671181898207,0.19176196928363387,0.19419556138706484,0.283,0.21,0.21,True,999,0.00011716596782207489,0.0013143749674782157,weak_3x3_bal_strong_200_200,weak_null,True,1440,826020113,-4.9960036108132044e-14,0,2
200,200,0.09824097681846156,0.1210913321019127,0.08780450743944357,0.11079420602607115,-0.02285035528345114,-0.022989698586627583,0.04872158827764767,-0.4689985710899813,-0.47185856207349297,0.6390706573841087,0.6370277472328459,0.727,0.669,0.666,True,999,0.00011825002729892731,0.001361624919809401,weak_3x3_bal_strong_200_200,weak_null,True,1441,826020113,-4.9960036108132044e-14,0,2
200,200,0.12052331348974255,0.07408627691722774,0.11007501935236519,0.05851209329291862,0.0464370365725148,0.05156292605944657,0.04524408681788487,1.0263669760742826,1.1396611068092966,0.30471863813163846,0.2544275165828376,0.408,0.301,0.257,True,999,0.00011737493332475424,0.0013392920373007655,weak_3x3_bal_strong_200_200,weak_null,True,1442,826020113,-4.9960036108132044e-14,0,1
200,200,0.10630460402822339,0.12797235689133046,0.0959345313129063,0.11745995967146428,-0.02166775286310707,-0.021525428358557974,0.05140117619199346,-0.4215419659303859,-0.41877307005886955,0.6733593736277097,0.6753819878673593,0.68,0.645,0.647,True,999,0.00011995795648545027,0.0013612909242510796,weak_3x3_bal_strong_200_200,weak_null,True,1443,826020113,-4.9960036108132044e-14,0,2
200,200,0.08635904303303454,0.14599196303311657,0.07597840742801054,0.13067444144171247,-0.059632920000082024,-0.05469603401370193,0.04925308217693777,-1.2107449394914114,-1.1105098726047398,0.22599317329208812,0.26677937622904224,0.307,0.236,0.273,True,999,0.00012445799075067043,0.0013242920394986868,weak_3x3_bal_strong_200_200,weak_null,True,1444,826020113,-4.9960036108132044e-14,0,1
200,200,0.15409237779688723,0.040882738721940926,0.14361671405404763,0.029573523047893957,0.1132096390749463,0.11404319100615368,0.0423673758381016,2.672094668018953,2.691769049892228,0.00753793794244346,0.007107414433701618,0.049,0.011,0.01,True,999,0.00012558395974338055,0.0012442909646779299,weak_3x3_bal_strong_200_200,weak_null,True,1445,826020113,-4.9960036108132044e-14,0,1
200,200,0.09113458512287931,0.055839113491096604,0.08076264077269002,0.04260991341890019,0.035295471631782704,0.03815272735378983,0.04012349612830173,0.8796708920608365,0.950882426391508,0.37903762233709093,0.34166406372803804,0.561,0.402,0.369,True,999,0.00011066603474318981,0.0012558749876916409,weak_3x3_bal_strong_200_200,weak_null,True,1446,826020113,-4.9960036108132044e-14,0,1
200,200,0.1617600860994981,0.05831410453401725,0.15125049268709745,0.054950630887603324,0.10344598156548085,0.09629986179949412,0.04721484649043375,2.190962996913273,2.0396097617092868,0.02845447028986038,0.04138920900854827,0.085,0.031,0.039,True,999,0.00011916703078895807,0.001324084005318582,weak_3x3_bal_strong_200_200,weak_null,True,1447,826020113,-4.9960036108132044e-14,0,3
200,200,0.10278764471259372,0.1023814002732818,0.092410056870051,0.08843734645290624,0.0004062444393119202,0.003972710417144754,0.0467843231802559,0.008683345439169782,0.08491541924926964,0.9930717798032752,0.9323286332753438,0.995,0.995,0.948,True,999,0.00013670895714312792,0.0012553749838843942,weak_3x3_bal_strong_200_200,weak_null,True,1448,826020113,-4.9960036108132044e-14,0,0
200,200,0.12180626839030873,0.057535089718360605,0.11130957406578545,0.05089203561948352,0.06427117867194812,0.06041753844630193,0.04434842985455042,1.4492323377115799,1.3623377117172668,0.1472727095603155,0.1730913313958472,0.318,0.146,0.181,True,999,0.0001142079709097743,0.0012829579645767808,weak_3x3_bal_strong_200_200,weak_null,True,1449,826020113,-4.9960036108132044e-14,0,2
200,200,0.1730948536182595,0.11897877682770808,0.16259581263557266,0.10717795601139812,0.054116076790551415,0.05541785662417453,0.05220581454767413,1.0365909862613645,1.0615265196861774,0.2999265158632404,0.2884506874181261,0.423,0.327,0.309,True,999,0.00011012493632733822,0.0013222919078543782,weak_3x3_bal_strong_200_200,weak_null,True,1450,826020113,-4.9960036108132044e-14,0,1
200,200,0.06138615880770071,0.1499797471579183,0.05106063894382373,0.1343514125737073,-0.08859358835021758,-0.08329077362988357,0.0470702954697141,-1.882154923102625,-1.7694975737612355,0.0598149839598214,0.0768108753134232,0.12,0.061,0.076,True,999,0.00011124997399747372,0.0013015420408919454,weak_3x3_bal_strong_200_200,weak_null,True,1451,826020113,-4.9960036108132044e-14,0,1
200,200,0.06428210952023306,0.08172644935457396,0.05394562357713539,0.06743513711508342,-0.017444339834340905,-0.013489513537948028,0.040596430329759105,-0.42970132330953686,-0.3322832433387518,0.6674129206889675,0.7396753916491723,0.747,0.657,0.737,True,999,0.00011641602031886578,0.0012424169108271599,weak_3x3_bal_strong_200_200,weak_null,True,1452,826020113,-4.9960036108132044e-14,0,0
200,200,0.17096053650740717,0.10846625828588807,0.16042343259621816,0.09984619090396052,0.062494278221519095,0.060577241692257644,0.05437976549888619,1.1492193401017718,1.1139665854847864,0.2504655479872535,0.26529352187539046,0.294,0.226,0.242,True,999,0.0001190409529954195,0.001304041943512857,weak_3x3_bal_strong_200_200,weak_null,True,1453,826020113,-4.9960036108132044e-14,0,2
200,200,0.1104169175460683,0.13493785269408254,0.10001178189742177,0.11931480856993204,-0.024520935148014233,-0.01930302667251027,0.05184984973238884,-0.4729220098915125,-0.3722870321155883,0.636268821528196,0.7096791527276084,0.681,0.624,0.697,True,999,0.00011712498962879181,0.0013695419766008854,weak_3x3_bal_strong_200_200,weak_null,True,1454,826020113,-4.9960036108132044e-14,0,1
200,200,0.07122776004342568,0.11850795368337708,0.060850678112814194,0.10178960934098313,-0.047280193639951396,-0.04093893122816894,0.04596676151055809,-1.0285735189130438,-0.8906203065614202,0.30368012701555924,0.3731329014321929,0.418,0.315,0.388,True,999,0.00011758401524275541,0.0012892090016975999,weak_3x3_bal_strong_200_200,weak_null,True,1455,826020113,-4.9960036108132044e-14,0,0
200,200,0.0866227155242898,0.0661412125843941,0.07626436139227621,0.05490972892874879,0.0204815029398957,0.021354632463527423,0.041965713996043284,0.4880532460814747,0.5088590287190355,0.6255121264494643,0.6108510401813443,0.71,0.627,0.614,True,999,0.00011708308011293411,0.0012896660482510924,weak_3x3_bal_strong_200_200,weak_null,True,1456,826020113,-4.9960036108132044e-14,0,1
200,200,0.1547595236358401,0.12313555155217526,0.14393023113984782,0.11164654023990295,0.03162397208366485,0.03228369089994487,0.051612911196050285,0.6127143645035257,0.6254964145951024,0.5400652228003047,0.5316453008593091,0.598,0.57,0.564,True,999,0.00012958399020135403,0.001329833990894258,weak_3x3_bal_strong_200_200,weak_null,True,1457,826020113,-4.9960036108132044e-14,0,1
200,200,0.11359545214135847,0.13642188476121275,0.1032213713806982,0.1328238556973531,-0.022826432619854287,-0.02960248431665491,0.051281304199632234,-0.44512192067100326,-0.5772568537144811,0.6562316482151999,0.5637659556688495,0.704,0.661,0.563,True,999,0.00011983304284512997,0.0013511249562725425,weak_3x3_bal_strong_200_200,weak_null,True,1458,826020113,-4.9960036108132044e-14,0,3
200,200,0.10134673663048965,0.1167076545013852,0.09098495796359884,0.10008614412961947,-0.015360917870895552,-0.009101186166020625,0.050181371893336116,-0.3061079697770363,-0.181365830040793,0.7595224400092708,0.8560804377450734,0.803,0.76,0.859,True,999,0.00011841603554785252,0.0013382920296862721,weak_3x3_bal_strong_200_200,weak_null,True,1459,826020113,-4.9960036108132044e-14,0,0
200,200,0.15864260422089593,0.1382146536490535,0.14807375448435778,0.13001591275128987,0.020427950571842435,0.018057841733067903,0.05134993217881569,0.3978184528210525,0.3516624261583276,0.6907640141401776,0.7250914423789953,0.752,0.691,0.73,True,999,0.00011758296750485897,0.001365290954709053,weak_3x3_bal_strong_200_200,weak_null,True,1460,826020113,-4.9960036108132044e-14,0,2
200,200,0.1422958902764746,0.1598246395884611,0.13187791415828087,0.1413075645688906,-0.017528749311986502,-0.009429650410609725,0.05652687839840351,-0.31009583066737273,-0.16681710856469384,0.7564880827478679,0.8675139566274322,0.785,0.767,0.874,True,999,0.00011562497820705175,0.0012547909282147884,weak_3x3_bal_strong_200_200,weak_null,True,1461,826020113,-4.9960036108132044e-14,0,0
200,200,0.08138751762337337,0.11449575910678511,0.07104926734962191,0.10025995466780557,-0.03310824148341174,-0.02921068731818366,0.04608621194243539,-0.7183979782232056,-0.6338270403883415,0.4725119330679527,0.5261937041756966,0.572,0.5,0.55,True,999,0.00011320807971060276,0.0012591250706464052,weak_3x3_bal_strong_200_200,weak_null,True,1462,826020113,-4.9960036108132044e-14,0,0
200,200,0.04804290039083092,0.07683696105316012,0.037700629788190554,0.07037917610571753,-0.0287940606623292,-0.03267854631752698,0.03897078957797807,-0.7388626449231704,-0.8385394976958137,0.459990407364844,0.4017277743117651,0.603,0.485,0.422,True,999,0.00012025004252791405,0.001268708030693233,weak_3x3_bal_strong_200_200,weak_null,True,1463,826020113,-4.9960036108132044e-14,0,2
200,200,0.06856967081052234,0.06077986141261982,0.05822765111432204,0.047277361811403296,0.007789809397902525,0.010950289302918748,0.0395480045091432,0.1969709848723614,0.27688601331040924,0.8438502436718678,0.7818676326462765,0.89,0.849,0.795,True,999,0.00012229103595018387,0.0012891250662505627,weak_3x3_bal_strong_200_200,weak_null,True,1464,826020113,-4.9960036108132044e-14,0,1
200,200,0.13199763985568058,0.14711497713822308,0.12154242478789001,0.13655735732793062,-0.015117337282542498,-0.015014932540040604,0.05195033547366984,-0.2909959511272929,-0.2890247464840852,0.7710544161146398,0.7725624403606922,0.817,0.791,0.789,True,999,0.00011745898518711329,0.0013480839552357793,weak_3x3_bal_strong_200_200,weak_null,True,1465,826020113,-4.9960036108132044e-14,0,2
200,200,0.06459507018030486,0.1609716118685473,0.05425124010019999,0.14731004568827188,-0.09637654168824245,-0.09305880558807189,0.04926832606971827,-1.9561562037212838,-1.8888160611827345,0.05044675597553195,0.05891647989306712,0.111,0.073,0.083,True,999,0.00012624997179955244,0.0013275829842314124,weak_3x3_bal_strong_200_200,weak_null,True,1466,826020113,-4.9960036108132044e-14,0,1
200,200,0.16364730181409515,0.08172945926902209,0.15281391736704109,0.07122951140443945,0.08191784254507306,0.08158440596260164,0.04750299128437877,1.7244775608901817,1.7174582853991858,0.08462166639297768,0.08589546999239363,0.151,0.094,0.099,True,999,0.00011837494093924761,0.0013549580471590161,weak_3x3_bal_strong_200_200,weak_null,True,1467,826020113,-4.9960036108132044e-14,0,2
200,200,0.09765757783180584,0.08815553153192329,0.08726057141700494,0.07001566588343167,0.00950204629988255,0.017244905533573274,0.0456124531706532,0.20832131664420353,0.3780745023525407,0.8349780884714897,0.7053752491445994,0.861,0.831,0.713,True,999,0.00011575000826269388,0.001253416994586587,weak_3x3_bal_strong_200_200,weak_null,True,1468,826020113,-4.9960036108132044e-14,0,0
200,200,0.10535454742409556,0.04492809985027407,0.09494925966976098,0.034709941087164964,0.060426447573821485,0.06023931858259601,0.04084531311154009,1.4793973401258884,1.4748159334241093,0.13903415061128033,0.1402620363316814,0.314,0.152,0.152,True,999,0.000112667097710073,0.00125783309340477,weak_3x3_bal_strong_200_200,weak_null,True,1469,826020113,-4.9960036108132044e-14,0,2
200,200,0.09599766765456663,0.0909091625385634,0.08563959500210672,0.08171261050304679,0.005088505116003228,0.003926984499059927,0.04468071711558886,0.1138859321089069,0.08788991655843015,0.9093282175562688,0.9299641710104449,0.914,0.901,0.921,True,999,0.00011983304284512997,0.0013006669469177723,weak_3x3_bal_strong_200_200,weak_null,True,1470,826020113,-4.9960036108132044e-14,0,1
200,200,0.15760579248232975,0.08893940276668949,0.14705611333377533,0.07330838216017099,0.06866638971564026,0.07374773117360434,0.04818215498236021,1.4251415226400617,1.5306025892906583,0.15411629599326707,0.12586764141093068,0.285,0.172,0.141,True,999,0.0001178329112008214,0.001343916985206306,weak_3x3_bal_strong_200_200,weak_null,True,1471,826020113,-4.9960036108132044e-14,0,1
200,200,0.07860045976218055,0.15075938299594516,0.06824316248162177,0.14115048802915453,-0.0721589232337646,-0.07290732554753276,0.05003225162259676,-1.442248167803315,-1.457206565426782,0.14923237657879848,0.14505936884124226,0.229,0.169,0.164,True,999,0.0001177079975605011,0.0012903750175610185,weak_3x3_bal_strong_200_200,weak_null,True,1472,826020113,-4.9960036108132044e-14,0,1
200,200,0.07995746558271577,0.17500602484589528,0.06954414059242708,0.16638410195452025,-0.09504855926317951,-0.09683996136209316,0.048724063919946006,-1.950751879386436,-1.9875181495780387,0.05108656865350665,0.04686500665909229,0.089,0.06,0.057,True,999,0.00011504103895276785,0.0012669999850913882,weak_3x3_bal_strong_200_200,weak_null,True,1473,826020113,-4.9960036108132044e-14,0,2
200,200,0.10159448526417014,0.11066188698313362,0.09121734144960669,0.10176703438953894,-0.009067401718963475,-0.010549692939932243,0.04624654547485592,-0.19606657374859252,-0.22811850769844144,0.8445580587278594,0.8195541123243213,0.889,0.867,0.842,True,999,0.0001141249667853117,0.0013010420370846987,weak_3x3_bal_strong_200_200,weak_null,True,1474,826020113,-4.9960036108132044e-14,0,1
200,200,0.14089679865913673,0.08096748930618103,0.13024375970377378,0.06272403541160543,0.059929309352955706,0.06751972429216835,0.045320390123639004,1.3223476053375085,1.4898310475255645,0.1860524273134243,0.13626866535839272,0.313,0.206,0.155,True,999,0.0001127920113503933,0.0012616659514606,weak_3x3_bal_strong_200_200,weak_null,True,1475,826020113,-4.9960036108132044e-14,0,0
200,200,0.10426532512767617,0.06939778345207842,0.09386255568821866,0.05276629405805977,0.034867541675597746,0.04109626163015889,0.04387183060477815,0.7947592155363644,0.9367345985713902,0.4267535793997014,0.3488950944195597,0.597,0.457,0.364,True,999,0.00010783306788653135,0.0012839999981224537,weak_3x3_bal_strong_200_200,weak_null,True,1476,826020113,-4.9960036108132044e-14,0,0
200,200,0.08313096602891945,0.04940667206218852,0.07273714337461001,0.029081305129757595,0.033724293966730934,0.04365583824485242,0.03769161756218626,0.8947425488197804,1.1582373235329042,0.3709247279599617,0.24676720092423798,0.516,0.368,0.241,True,999,0.00010704202577471733,0.0012939170701429248,weak_3x3_bal_strong_200_200,weak_null,True,1477,826020113,-4.9960036108132044e-14,0,0
200,200,0.11761158019975104,0.12179217447838048,0.10718468177248042,0.11557159699434294,-0.004180594278629435,-0.008386915221862523,0.0486910192320959,-0.08585965840439198,-0.17224768251172853,0.9315779809685363,0.8632428128072956,0.946,0.942,0.89,True,999,0.0001076660118997097,0.001311416970565915,weak_3x3_bal_strong_200_200,weak_null,True,1478,826020113,-4.9960036108132044e-14,0,2
200,200,0.1138694330191723,0.04848879377216869,0.10342230664579688,0.03805858078840174,0.0653806392470036,0.06536372585739514,0.039773232758218355,1.6438351804202787,1.6434099348861455,0.10021025229170845,0.10029814596568061,0.301,0.12,0.117,True,999,0.00011087500024586916,0.0012703340034931898,weak_3x3_bal_strong_200_200,weak_null,True,1479,826020113,-4.9960036108132044e-14,0,2
200,200,0.10625347847807665,0.17196887562165797,0.09568351211524373,0.16354744719393466,-0.06571539714358132,-0.06786393507869093,0.049934930483523626,-1.3160205993530836,-1.359047352655935,0.1881671288183826,0.17413158407450668,0.269,0.209,0.198,True,999,0.0001212080242112279,0.0013000409817323089,weak_3x3_bal_strong_200_200,weak_null,True,1480,826020113,-4.9960036108132044e-14,0,2
200,200,0.10271916643499024,0.15849894520408958,0.0923207494185192,0.15298657855996112,-0.05577977876909934,-0.06066582914144192,0.051222729890547436,-1.0889653653424836,-1.184353689681758,0.2761691592234675,0.23627308399158076,0.323,0.283,0.245,True,999,0.00010966602712869644,0.0013333329698070884,weak_3x3_bal_strong_200_200,weak_null,True,1481,826020113,-4.9960036108132044e-14,0,3
200,200,0.10139248339102469,0.13628169565132453,0.0909975615637677,0.1260045600493953,-0.03488921226029984,-0.035006998485627605,0.049202151775470625,-0.7090993178410868,-0.71149324211223,0.4782628462620513,0.4767786370693682,0.603,0.52,0.519,True,999,0.00011074997019022703,0.0012948330258950591,weak_3x3_bal_strong_200_200,weak_null,True,1482,826020113,-4.9960036108132044e-14,0,2
200,200,0.0677592265754563,0.08974909485518612,0.05740761370500991,0.07629147900210853,-0.02198986827972982,-0.018883865297098623,0.0429938239505987,-0.5114657469174385,-0.439222743219975,0.6090249673961259,0.6605001471221219,0.704,0.611,0.668,True,999,0.00011175009422004223,0.0012764999410137534,weak_3x3_bal_strong_200_200,weak_null,True,1483,826020113,-4.9960036108132044e-14,0,1
200,200,0.09342260486756149,0.04883055562952748,0.08307345341319206,0.040277020267225794,0.044592049238034004,0.04279643314596626,0.04181468447678439,1.0664207992001378,1.023478562171788,0.28623346359734747,0.30608163090728135,0.459,0.306,0.327,True,999,0.00014383404050022364,0.0012489589862525463,weak_3x3_bal_strong_200_200,weak_null,True,1484,826020113,-4.9960036108132044e-14,0,2
200,200,0.04674853675644619,0.17311321032231697,0.036425927939120584,0.15654475380706856,-0.12636467356587078,-0.12011882586794798,0.04876725421371234,-2.5911787654089338,-2.4631041424139286,0.009564779195707671,0.013773990142072005,0.014,0.007,0.009,True,999,0.00011241703759878874,0.0012539579765871167,weak_3x3_bal_strong_200_200,weak_null,True,1485,826020113,-4.9960036108132044e-14,0,0
200,200,0.1125731766599749,0.07255471200012975,0.10212032246292324,0.0625252549421802,0.040018464659845154,0.039595067520743044,0.04444705361204571,0.9003625979158187,0.8908367215147031,0.3679273182659757,0.37301677173463954,0.525,0.412,0.412,True,999,0.00011041690595448017,0.0012823339784517884,weak_3x3_bal_strong_200_200,weak_null,True,1486,826020113,-4.9960036108132044e-14,0,1
200,200,0.0980554677203671,0.1970908401768957,0.0875617026460418,0.18337123726966809,-0.0990353724565286,-0.09580953462362629,0.0524454267616673,-1.8883509692195735,-1.826842501616444,0.058978848994276904,0.06772345347781326,0.089,0.064,0.067,True,999,0.00011312495917081833,0.0013127920683473349,weak_3x3_bal_strong_200_200,weak_null,True,1487,826020113,-4.9960036108132044e-14,0,1
200,200,0.08283485363196919,0.12868359030715515,0.0724518770512077,0.11313899637194424,-0.045848736675185964,-0.04068711932073654,0.049875936000486204,-0.9192556641892198,-0.8157665315862928,0.35796186190599355,0.4146336786015553,0.43,0.362,0.416,True,999,0.0001270839711651206,0.0013264589942991734,weak_3x3_bal_strong_200_200,weak_null,True,1488,826020113,-4.9960036108132044e-14,0,1
200,200,0.10825411610395941,0.11557619811906777,0.09785695953573281,0.10633409232963231,-0.0073220820151083665,-0.0084771327938995,0.04550942456292952,-0.16089155346237213,-0.18627202772422424,0.8721788149965429,0.8522314421947904,0.895,0.87,0.843,True,999,0.00011679204180836678,0.0013494580052793026,weak_3x3_bal_strong_200_200,weak_null,True,1489,826020113,-4.9960036108132044e-14,0,1
200,200,0.05978160518412334,0.15410342396349336,0.04943131810438217,0.13538417238910938,-0.09432181877937001,-0.08595285428472721,0.0490268285542027,-1.9238817105024535,-1.7531799796044347,0.05436941224127742,0.07957111839617059,0.12,0.068,0.099,True,999,0.00011775002349168062,0.0012944999616593122,weak_3x3_bal_strong_200_200,weak_null,True,1490,826020113,-4.9960036108132044e-14,0,0
200,200,0.06438025386116109,0.1026676812611862,0.05403459041053793,0.09212980533764892,-0.03828742740002511,-0.03809521492711099,0.04672907514662062,-0.8193491371248335,-0.8152357992872876,0.41258724534386615,0.41493734973474683,0.509,0.44,0.44,True,999,0.00011620903387665749,0.0013138750800862908,weak_3x3_bal_strong_200_200,weak_null,True,1491,826020113,-4.9960036108132044e-14,0,2
200,200,0.14222681383010394,0.10529247034461353,0.1317023914713218,0.08476611403324341,0.036934343485490406,0.04693627743807838,0.051155837289583665,0.721996656538177,0.9175155744667193,0.4702965331369069,0.35887253547391873,0.545,0.472,0.367,True,999,0.00011554104276001453,0.0013235000660642982,weak_3x3_bal_strong_200_200,weak_null,True,1492,826020113,-4.9960036108132044e-14,0,0
200,200,0.11297183644575437,0.13686548203197857,0.10253051911556099,0.12760831886606638,-0.0238936455862242,-0.025077799750505392,0.04779582724597947,-0.4999107027326136,-0.5246859651877854,0.617137955798839,0.5998015154209615,0.69,0.635,0.621,True,999,0.00011720799375325441,0.001352165942080319,weak_3x3_bal_strong_200_200,weak_null,True,1493,826020113,-4.9960036108132044e-14,0,1
200,200,0.131096574955208,0.1338455363568345,0.12064370897024901,0.1184973541992349,-0.002748961401626504,0.002146354771014103,0.05251297100752436,-0.052348236043102896,0.040872849694727056,0.9582512191733324,0.9673972621589779,0.954,0.951,0.957,True,999,0.00011712498962879181,0.00133816699963063,weak_3x3_bal_strong_200_200,weak_null,True,1494,826020113,-4.9960036108132044e-14,0,1
200,200,0.13419981901479772,0.15878361768099492,0.1237961115000985,0.15002213678629062,-0.0245837986661972,-0.02622602528619211,0.05544099629902645,-0.4434227432278105,-0.4730439031928552,0.6574599884743613,0.6361818571758799,0.712,0.68,0.656,True,999,0.00011629203800112009,0.0013717500260099769,weak_3x3_bal_strong_200_200,weak_null,True,1495,826020113,-4.9960036108132044e-14,0,2
200,200,0.08943160036166908,0.16088829325310794,0.07906762340942919,0.14414441364766617,-0.07145669289143886,-0.06507679023823698,0.05167079944189635,-1.382922146807341,-1.2594500364062613,0.16668873876783852,0.20786782613411325,0.219,0.172,0.208,True,999,0.00011654093395918608,0.0012508750660344958,weak_3x3_bal_strong_200_200,weak_null,True,1496,826020113,-4.9960036108132044e-14,0,0
200,200,0.10130978641593336,0.056429446076048995,0.09093366852150098,0.04297108738785482,0.04488034033988436,0.047962581133646154,0.0421305630237652,1.065267993560116,1.1384272530749517,0.2867546722535701,0.2549421194708733,0.44,0.288,0.25,True,999,0.00011200003791600466,0.0012635840103030205,weak_3x3_bal_strong_200_200,weak_null,True,1497,826020113,-4.9960036108132044e-14,0,1
200,200,0.05967762119029385,0.10934192357177164,0.04932995936016482,0.09705868008938978,-0.04966430238147779,-0.04772872072922496,0.04408163983380479,-1.1266437130905425,-1.082734692020766,0.25989314936019803,0.2789262007630995,0.371,0.269,0.278,True,999,0.00011533405631780624,0.001276209019124508,weak_3x3_bal_strong_200_200,weak_null,True,1498,826020113,-4.9960036108132044e-14,0,0
200,200,0.14628954508746617,0.15174272915620163,0.1357624773065993,0.14432034807059324,-0.005453184068735462,-0.008557870763993947,0.056070411586760384,-0.09725600213041942,-0.15262721499291923,0.922523095514499,0.8786922619842601,0.916,0.911,0.859,True,999,0.00012170802801847458,0.001305583049543202,weak_3x3_bal_strong_200_200,weak_null,True,1499,826020113,-4.9960036108132044e-14,0,3
200,200,0.10401582967423995,0.0671078173079615,0.09361342927053329,0.05575603233141635,0.03690801236627844,0.03785739693911694,0.04414935153338894,0.8359808487417064,0.8574847789210772,0.4031656770696518,0.3911770233134896,0.491,0.389,0.377,True,999,0.00011916703078895807,0.0013560409424826503,weak_3x3_bal_strong_200_200,weak_null,True,1500,826020113,-4.9960036108132044e-14,0,1
200,200,0.1272081474600324,0.11750775516365719,0.11676561835128041,0.10601204813325182,0.009700392296375204,0.010753570218028585,0.0503941121363853,0.1924905883870385,0.21338941717884435,0.8473579394439947,0.8310232342896078,0.867,0.845,0.829,True,999,0.000122958910651505,0.001341458992101252,weak_3x3_bal_strong_200_200,weak_null,True,1501,826020113,-4.9960036108132044e-14,0,1
200,200,0.06671150430150785,0.059889128573240746,0.05637632889110478,0.041776953245943105,0.006822375728267105,0.014599375645161672,0.03868055420489536,0.1763774038016155,0.37743450023562475,0.8599974555220876,0.7058507320284023,0.903,0.865,0.719,True,999,0.00011504103895276785,0.0012351670302450657,weak_3x3_bal_strong_200_200,weak_null,True,1502,826020113,-4.9960036108132044e-14,0,0
200,200,0.11314715889118565,0.12677846969310846,0.10271903319173248,0.11016267709131,-0.013631310801922814,-0.007443643899577523,0.05080130524257268,-0.2683259955001994,-0.14652465845187726,0.7884483981408388,0.8835072253574214,0.846,0.807,0.898,True,999,0.00011712510604411364,0.0012715839548036456,weak_3x3_bal_strong_200_200,weak_null,True,1503,826020113,-4.9960036108132044e-14,0,0
200,200,0.0856139063948056,0.08446282825554463,0.0751897270611721,0.07647446302360095,0.0011510781392609637,-0.0012847359624288401,0.042889831502396086,0.026838019617695573,-0.02995432524273421,0.9785889288605777,0.9761034799846163,0.978,0.974,0.967,True,999,0.00012108404189348221,0.0012749580200761557,weak_3x3_bal_strong_200_200,weak_null,True,1504,826020113,-4.9960036108132044e-14,0,2
200,200,0.12149410884521328,0.16695427466537266,0.11107358322422556,0.14946989352367268,-0.04546016582015938,-0.03839631029944712,0.053463947464516784,-0.8502957221841991,-0.7181720041328818,0.3951606943143394,0.4726512375882246,0.44,0.382,0.458,True,999,0.00011779193300753832,0.0013134590117260814,weak_3x3_bal_strong_200_200,weak_null,True,1505,826020113,-4.9960036108132044e-14,0,1
200,200,0.10381566278896792,0.07663539017847376,0.09343877640603182,0.06044813133645732,0.02718027261049416,0.0329906450695745,0.04493559693025941,0.604871737938149,0.7341761837675457,0.5452642230329845,0.46284136671406095,0.624,0.538,0.44,True,999,0.00011779204942286015,0.0012969590025022626,weak_3x3_bal_strong_200_200,weak_null,True,1506,826020113,-4.9960036108132044e-14,0,0
200,200,0.061503899251084126,0.11952305942554314,0.05114697634820686,0.10303788141051484,-0.05801916017445902,-0.05189090506230798,0.047478224351715524,-1.2220162183121455,-1.0929411487233307,0.22170149390259863,0.274419639907304,0.317,0.228,0.281,True,999,0.00011779193300753832,0.0013158340007066727,weak_3x3_bal_strong_200_200,weak_null,True,1507,826020113,-4.9960036108132044e-14,0,0
200,200,0.07046611059250862,0.10168364868481294,0.06009385195423533,0.08841707786821473,-0.03121753809230432,-0.0283232259139794,0.04364995248025223,-0.7151791999413404,-0.6488718613563937,0.4744983199846142,0.5164212039017345,0.596,0.516,0.551,True,999,0.00011712510604411364,0.0013037500903010368,weak_3x3_bal_strong_200_200,weak_null,True,1508,826020113,-4.9960036108132044e-14,0,1
200,200,0.14786391011090694,0.1718154294154165,0.13739734602106068,0.15700991371106454,-0.02395151930450956,-0.019612567690003857,0.05553461134731333,-0.43128994195559983,-0.3531593579965277,0.6662575627736087,0.7239689748427314,0.692,0.663,0.735,True,999,0.00012137496378272772,0.0012426669709384441,weak_3x3_bal_strong_200_200,weak_null,True,1509,826020113,-4.9960036108132044e-14,0,0
200,200,0.10244812779834045,0.10314811536901825,0.0920313810903508,0.0948871260248012,-0.0006999875706777958,-0.0028557449344503993,0.04624279523835346,-0.01513722444912307,-0.061755456600985574,0.9879227035434209,0.9507575762243896,0.984,0.982,0.944,True,999,0.00010741595178842545,0.001256417017430067,weak_3x3_bal_strong_200_200,weak_null,True,1510,826020113,-4.9960036108132044e-14,0,2
200,200,0.14172055647540294,0.1422210029631557,0.13116102239177962,0.12665950447815533,-0.0005004464877527703,0.004501517913624298,0.05340827270150209,-0.009370205446443795,0.08428503087495832,0.9925237671460337,0.9328298136815444,0.987,0.985,0.918,True,999,0.00011137500405311584,0.001304625067859888,weak_3x3_bal_strong_200_200,weak_null,True,1511,826020113,-4.9960036108132044e-14,0,1
200,200,0.08543013792691334,0.06308633975835654,0.07503969334320004,0.04778109281635068,0.022343798168556805,0.027258600526849364,0.04124110409024368,0.5417846748153047,0.6609570991892497,0.587966849952172,0.5086398264123111,0.663,0.581,0.488,True,999,0.00011979206465184689,0.0012890419457107782,weak_3x3_bal_strong_200_200,weak_null,True,1512,826020113,-4.9960036108132044e-14,0,1
200,200,0.1246847167168883,0.12758901588786076,0.11428972413969518,0.1148787813779677,-0.0029042991709724575,-0.0005890572382725168,0.05062205952229612,-0.05737220489208425,-0.01163637441525015,0.9542487038046445,0.9907157260340003,0.961,0.953,0.981,True,999,0.00011358398478478193,0.0013013340067118406,weak_3x3_bal_strong_200_200,weak_null,True,1513,826020113,-4.9960036108132044e-14,0,0
200,200,0.06648808262005113,0.13051367868304697,0.05614332605131267,0.12180286910649585,-0.06402559606299585,-0.06565954305518318,0.04794859201260912,-1.3352966870468048,-1.3693737459051265,0.18177926251009124,0.1708824766146424,0.284,0.2,0.191,True,999,0.00011204101610928774,0.001263457932509482,weak_3x3_bal_strong_200_200,weak_null,True,1514,826020113,-4.9960036108132044e-14,0,2
200,200,0.11888055118791052,0.16199544927426457,0.10838624197080549,0.14340308931610934,-0.04311489808635405,-0.03501684734530386,0.05259394454984866,-0.8197692425501504,-0.6657961794844045,0.4123476681435214,0.5055413872172563,0.47,0.415,0.517,True,999,0.00011329201515763998,0.0013070839922875166,weak_3x3_bal_strong_200_200,weak_null,True,1515,826020113,-4.9960036108132044e-14,0,0
200,200,0.08734635788204415,0.1851143436817187,0.07700492214635801,0.18269392991730626,-0.09776798579967455,-0.10568900777094825,0.05402558024902491,-1.8096610040840633,-1.9562771428605952,0.07034837335583587,0.05043251527284433,0.114,0.093,0.072,True,999,0.0001070419093593955,0.001249666907824576,weak_3x3_bal_strong_200_200,weak_null,True,1516,826020113,-4.9960036108132044e-14,0,4
200,200,0.09284601537863102,0.1354475812401847,0.08248593896465195,0.12179583625757573,-0.04260156586155367,-0.03930989729292378,0.04972868775596921,-0.8566798720008445,-0.7904873236516319,0.3916218302011103,0.42924322241884216,0.522,0.432,0.474,True,999,0.00011208304204046726,0.0013218329986557364,weak_3x3_bal_strong_200_200,weak_null,True,1517,826020113,-4.9960036108132044e-14,0,1
200,200,0.07533257948111971,0.12626186645475007,0.06497731275243268,0.11774041334805219,-0.05092928697363036,-0.052763100595619505,0.047464867858998144,-1.0729891237646298,-1.111624301838585,0.2832759960572905,0.26629971922274165,0.397,0.281,0.265,True,999,0.0001240420388057828,0.0012924999464303255,weak_3x3_bal_strong_200_200,weak_null,True,1518,826020113,-4.9960036108132044e-14,0,2
200,200,0.11982723457993472,0.16227864835906314,0.10943083309146573,0.15117213869034174,-0.04245141377912842,-0.04174130559887601,0.0518638372020471,-0.8185166402892542,-0.804824861613372,0.4130622442591805,0.4209207527922193,0.453,0.414,0.422,True,999,0.00015024992171674967,0.00125745905097574,weak_3x3_bal_strong_200_200,weak_null,True,1519,826020113,-4.9960036108132044e-14,0,1
200,200,0.12680290710996656,0.04522629055681543,0.11626954274620971,0.03499117674891039,0.08157661655315113,0.08127836599729932,0.04121281245766364,1.9793994073311958,1.972162566696789,0.04777105518764111,0.04859105141793496,0.174,0.067,0.064,True,999,0.00011141702998429537,0.0012808749452233315,weak_3x3_bal_strong_200_200,weak_null,True,1520,826020113,-4.9960036108132044e-14,0,2
200,200,0.10779021455152904,0.14219457200194857,0.09739306774085321,0.1307073538461765,-0.03440435745041953,-0.033314286105323276,0.05151301995671112,-0.667876926635852,-0.6467158425834649,0.504212156868523,0.5178158678067308,0.562,0.512,0.519,True,999,0.00011725001968443394,0.0012662499211728573,weak_3x3_bal_strong_200_200,weak_null,True,1521,826020113,-4.9960036108132044e-14,0,1
200,200,0.08286801276004785,0.09279156646344966,0.07243221406559996,0.08144685429729748,-0.00992355370340181,-0.009014640231697513,0.04350218928592059,-0.2281161906169525,-0.20722267958626822,0.8195559136057198,0.8358359559640084,0.854,0.825,0.842,True,999,0.00011191691737622023,0.0013044580118730664,weak_3x3_bal_strong_200_200,weak_null,True,1522,826020113,-4.9960036108132044e-14,0,1
200,200,0.19926497840628077,0.14353539471050342,0.1885646715369944,0.13403390768736756,0.05572958369577735,0.05453076384962685,0.05343506738115135,1.0429402717556107,1.0205051948500397,0.2969759564382918,0.3074889267948526,0.378,0.301,0.313,True,999,0.00012437498662620783,0.0013165840646252036,weak_3x3_bal_strong_200_200,weak_null,True,1523,826020113,-4.9960036108132044e-14,0,1
200,200,0.08540002798066415,0.08125209630280456,0.07502961635066185,0.07096510315228954,0.004147931677859595,0.00406451319837231,0.04379707327070954,0.09470796489576475,0.09280330613074464,0.9245467913467776,0.9260598244359763,0.936,0.919,0.921,True,999,0.00011129199992865324,0.0012795421062037349,weak_3x3_bal_strong_200_200,weak_null,True,1524,826020113,-4.9960036108132044e-14,0,2
200,200,0.09728573087692993,0.08252119069344721,0.08692048015569753,0.0694565659971289,0.014764540183482722,0.017463914158568627,0.04239666425103831,0.3482476851494545,0.4119171747843565,0.727654178798264,0.6804001318840514,0.797,0.74,0.685,True,999,0.00011858309153467417,0.0012888750061392784,weak_3x3_bal_strong_200_200,weak_null,True,1525,826020113,-4.9960036108132044e-14,0,1
200,200,0.13109428653141264,0.07688921226856799,0.1206812669582007,0.06503382486950926,0.054205074262844655,0.055647442088691434,0.04767167529472953,1.1370499133441916,1.1673061990091984,0.25551742043234504,0.24308673614469634,0.389,0.271,0.258,True,999,0.00012266705743968487,0.0013047079555690289,weak_3x3_bal_strong_200_200,weak_null,True,1526,826020113,-4.9960036108132044e-14,0,1
200,200,0.07036768240498281,0.12300589626219494,0.060012382187665025,0.1113011093040086,-0.052638213857212124,-0.05128872711634358,0.047772659063576854,-1.101848104941366,-1.0736000072360943,0.27052771290594213,0.2830019943709764,0.361,0.298,0.304,True,999,0.00011791603174060583,0.001306709018535912,weak_3x3_bal_strong_200_200,weak_null,True,1527,826020113,-4.9960036108132044e-14,0,1
200,200,0.1509200158726578,0.13173713812237503,0.14038251339570706,0.11580223410396684,0.019182877750282767,0.024580279291740226,0.05140624048960086,0.3731624325681497,0.47815749717609973,0.7090275544727103,0.6325381111815431,0.748,0.718,0.645,True,999,0.00011983397416770458,0.0013443341013044119,weak_3x3_bal_strong_200_200,weak_null,True,1528,826020113,-4.9960036108132044e-14,0,0
200,200,0.13705976655205188,0.09155466774742405,0.12657106227857184,0.0854381846043708,0.04550509880462783,0.04113287767420104,0.048629858587319406,0.9357440084453303,0.845835847956316,0.34940500607090674,0.3976443242961559,0.421,0.338,0.371,True,999,0.00012108299415558577,0.0013657920062541962,weak_3x3_bal_strong_200_200,weak_null,True,1529,826020113,-4.9960036108132044e-14,0,2
200,200,0.12339088729271253,0.1462453983098213,0.11296331708862795,0.14072426428683116,-0.02285451101710878,-0.027760947198203212,0.05305366734562976,-0.43078098387088026,-0.5232616063532126,0.6666276277189895,0.6007922150333627,0.704,0.656,0.58,True,999,0.00011812499724328518,0.0014416250633075833,weak_3x3_bal_strong_200_200,weak_null,True,1530,826020113,-4.9960036108132044e-14,0,3
200,200,0.15611965746598333,0.07753104052950527,0.1456750073636215,0.06894219372266264,0.07858861693647806,0.07673281364095885,0.04886991332651754,1.6081186068696116,1.570144254774491,0.10780920478877647,0.11638155491722911,0.207,0.132,0.141,True,999,0.00012450001668184996,0.0013150000013411045,weak_3x3_bal_strong_200_200,weak_null,True,1531,826020113,-4.9960036108132044e-14,0,2
200,200,0.12059643425428979,0.08442611145481843,0.1101077646073918,0.07108237526190919,0.036170322799471355,0.03902538934548261,0.046433086197865,0.7789773577689624,0.8404651196171622,0.4359930527058852,0.40064765065648844,0.542,0.447,0.41,True,999,0.0001142079709097743,0.0012905420735478401,weak_3x3_bal_strong_200_200,weak_null,True,1532,826020113,-4.9960036108132044e-14,0,1
200,200,0.1485377233428975,0.08883468798219107,0.13813048475074652,0.07037686191129922,0.059703035360706425,0.0677536228394473,0.05066976367206003,1.1782773597901632,1.3371608219441435,0.23868605060104164,0.1811701472680738,0.356,0.247,0.187,True,999,0.0001163750421255827,0.0012944999616593122,weak_3x3_bal_strong_200_200,weak_null,True,1533,826020113,-4.9960036108132044e-14,0,0
200,200,0.15661316509682566,0.10813866121137883,0.1460647163789872,0.0894429700998387,0.04847450388544683,0.05662174627914851,0.05182432376363413,0.9353620146889806,1.0925708657076738,0.3496017657717889,0.2745822602703467,0.449,0.339,0.268,True,999,0.00011279096361249685,0.0013487919932231307,weak_3x3_bal_strong_200_200,weak_null,True,1534,826020113,-4.9960036108132044e-14,0,0
200,200,0.13918821523658886,0.12315651888836154,0.12873719563688724,0.11072103709155101,0.01603169634822732,0.018016158545336225,0.052803244755959655,0.3036119545743995,0.34119415631750216,0.7614235428398176,0.7329574222172206,0.798,0.766,0.747,True,999,0.0001128750154748559,0.0013959590578451753,weak_3x3_bal_strong_200_200,weak_null,True,1535,826020113,-4.9960036108132044e-14,0,2
200,200,0.1376924000766082,0.15076854232048964,0.1271023349976872,0.13928793929233052,-0.013076142243881428,-0.012185604294643326,0.05248255784337983,-0.24915215228083357,-0.2321838872832381,0.8032430894109905,0.8163951919176241,0.837,0.816,0.829,True,999,0.00012450001668184996,0.0013452079147100449,weak_3x3_bal_strong_200_200,weak_null,True,1536,826020113,-4.9960036108132044e-14,0,1
200,200,0.12461361985210484,0.11396700985818076,0.11410030040687502,0.09364724706489369,0.010646609993924083,0.02045305334198133,0.049610723729177755,0.21460299696580418,0.4122708117227525,0.8300768571351705,0.6801409399870324,0.87,0.842,0.689,True,999,0.00011262495536357164,0.0013313749805092812,weak_3x3_bal_strong_200_200,weak_null,True,1537,826020113,-4.9960036108132044e-14,0,0
200,200,0.13636177786045978,0.13829434377227007,0.12595881526090125,0.12700621187829597,-0.0019325659118102911,-0.0010473966173947247,0.05443122093790916,-0.03550473199957814,-0.019242570703852335,0.9716772731658662,0.9846475973701403,0.968,0.965,0.983,True,999,0.00011699995957314968,0.0012425840832293034,weak_3x3_bal_strong_200_200,weak_null,True,1538,826020113,-4.9960036108132044e-14,0,1
200,200,0.11487452070029991,0.05686838521715093,0.10444386042996712,0.04166573641298754,0.05800613548314898,0.06277812401697958,0.041851023485298657,1.3860147411574117,1.5000379629671936,0.1657424022909595,0.13360456907323123,0.311,0.185,0.141,True,999,0.00010945892427116632,0.001262041972950101,weak_3x3_bal_strong_200_200,weak_null,True,1539,826020113,-4.9960036108132044e-14,0,1
200,200,0.11413710000846855,0.16769275371147385,0.1037122074733361,0.1513767817127274,-0.0535556537030053,-0.0476645742393913,0.05626163690129622,-0.9519035821329156,-0.8471949424971876,0.3411458826961604,0.3968864720455524,0.389,0.338,0.395,True,999,0.00011033308692276478,0.0012865839526057243,weak_3x3_bal_strong_200_200,weak_null,True,1540,826020113,-4.9960036108132044e-14,0,0
200,200,0.0934271264052744,0.08442958042531745,0.0830398788098421,0.06888868345228616,0.008997545979956945,0.014151195357555935,0.04676297881713721,0.1924074600795024,0.30261535333095485,0.8474230492795568,0.7621830125194092,0.869,0.841,0.747,True,999,0.00010741595178842545,0.0012966670328751206,weak_3x3_bal_strong_200_200,weak_null,True,1541,826020113,-4.9960036108132044e-14,0,1
200,200,0.05718061068404623,0.08655514964389577,0.0468450081542926,0.07233611283547248,-0.02937453895984954,-0.025491104681179877,0.040412759142841065,-0.7268629903744918,-0.6307687280415624,0.4673098909503536,0.528191753465343,0.566,0.479,0.539,True,999,0.0001153330085799098,0.0013577499194070697,weak_3x3_bal_strong_200_200,weak_null,True,1542,826020113,-4.9960036108132044e-14,0,0
200,200,0.10287888306839954,0.10527515429766432,0.09247741457585335,0.09165992893575492,-0.002396271229264779,0.0008174856400984254,0.04751358631455715,-0.05043339000766214,0.017205302809313833,0.9597770288539986,0.9862728317861672,0.963,0.957,0.983,True,999,0.00011537503451108932,0.0013031249400228262,weak_3x3_bal_strong_200_200,weak_null,True,1543,826020113,-4.9960036108132044e-14,0,1
200,200,0.07718864720878571,0.11673313804026858,0.06682002900058137,0.10582594144793234,-0.03954449083148287,-0.039005912447350966,0.046761508449047876,-0.8456632846772086,-0.8341457267113712,0.3977406106387359,0.4041988703086521,0.511,0.411,0.419,True,999,0.00011454196646809578,0.0012855000095441937,weak_3x3_bal_strong_200_200,weak_null,True,1544,826020113,-4.9960036108132044e-14,0,1
200,200,0.15001794974776939,0.1316771114968857,0.13954796300956218,0.11758288322378974,0.018340838250883673,0.021965079785772446,0.05167353989733642,0.35493674881424325,0.42507402878556544,0.7226369769683048,0.6707827098084007,0.772,0.732,0.683,True,999,0.00011754105798900127,0.0013066669926047325,weak_3x3_bal_strong_200_200,weak_null,True,1545,826020113,-4.9960036108132044e-14,0,0
200,200,0.11695265941532806,0.14521302468565273,0.10652603358315105,0.13272447337017468,-0.02826036527032466,-0.02619843978702363,0.05235028438200314,-0.5398321251534585,-0.5004450328455153,0.5893128102166938,0.6167617510553899,0.644,0.588,0.611,True,999,0.00011866702698171139,0.001342165982350707,weak_3x3_bal_strong_200_200,weak_null,True,1546,826020113,-4.9960036108132044e-14,0,0
200,200,0.13702939232271794,0.12370491916775084,0.12661911631238354,0.10761832539766658,0.013324473154967098,0.01900079091471696,0.0512418733233232,0.26003095302338103,0.3708059382377923,0.794839897559869,0.7107820781169982,0.822,0.797,0.717,True,999,0.00011975003872066736,0.0013879999751225114,weak_3x3_bal_strong_200_200,weak_null,True,1547,826020113,-4.9960036108132044e-14,0,0
200,200,0.12718715937694625,0.11542120826776409,0.11667984912125462,0.10941758007390945,0.01176595110918216,0.007262269047345171,0.05032154851968922,0.23381536250973114,0.14431728078685171,0.8151283225626985,0.8852499330581135,0.828,0.809,0.874,True,999,0.00012162502389401197,0.001319041009992361,weak_3x3_bal_strong_200_200,weak_null,True,1548,826020113,-4.9960036108132044e-14,0,2
200,200,0.08608038037221721,0.1580034053435071,0.07568618551292161,0.14367569618713105,-0.07192302497128988,-0.06798951067420944,0.05141813764591829,-1.3987870479980196,-1.3222865274197,0.1618768514130785,0.18607275731744966,0.222,0.161,0.195,True,999,0.00012029195204377174,0.001330208033323288,weak_3x3_bal_strong_200_200,weak_null,True,1549,826020113,-4.9960036108132044e-14,0,0
200,200,0.1525085359523295,0.06924477713510885,0.14190679755006386,0.05281853731817421,0.08326375881722065,0.08908826023188965,0.04563226275160948,1.8246686400464303,1.9523086268332692,0.06805104838138716,0.05090157385282954,0.181,0.075,0.059,True,999,0.00011712498962879181,0.0013327921042218804,weak_3x3_bal_strong_200_200,weak_null,True,1550,826020113,-4.9960036108132044e-14,0,0
200,200,0.13367578031889082,0.054425413825920255,0.1231962124316226,0.038871175880132114,0.07925036649297057,0.08432503655149048,0.04504796184754153,1.7592442197758527,1.8718946006231465,0.07853603642251127,0.06122118673858447,0.164,0.087,0.068,True,999,0.00011883396655321121,0.001337083987891674,weak_3x3_bal_strong_200_200,weak_null,True,1551,826020113,-4.9960036108132044e-14,0,1
200,200,0.09724080784744471,0.09531812860399785,0.0868497497873193,0.07858154975701837,0.0019226792434468565,0.008268200030300932,0.04561769993332379,0.042147658611834934,0.18124982281846702,0.9663809878238466,0.8561714892043686,0.98,0.97,0.84,True,999,0.00011845806147903204,0.001381165930069983,weak_3x3_bal_strong_200_200,weak_null,True,1552,826020113,-4.9960036108132044e-14,0,0
200,200,0.11245687692728978,0.1886017265404477,0.10204643751492881,0.18018380446878268,-0.07614484961315793,-0.07813736695385387,0.05226454111821242,-1.4569122388529694,-1.495035932241748,0.145140607201036,0.13490506472597752,0.214,0.161,0.143,True,999,0.0001248749904334545,0.0013539999490603805,weak_3x3_bal_strong_200_200,weak_null,True,1553,826020113,-4.9960036108132044e-14,0,2
200,200,0.06911125848291366,0.08358550222947053,0.05877956795589512,0.07051969797471003,-0.01447424374655687,-0.01174013001881491,0.04388626838965683,-0.32981258780179584,-0.26751260586971753,0.7415415754074717,0.7890745096538001,0.809,0.752,0.798,True,999,0.00011320807971060276,0.001261875033378601,weak_3x3_bal_strong_200_200,weak_null,True,1554,826020113,-4.9960036108132044e-14,0,1
200,200,0.12206647301632079,0.05762225463728132,0.11160140452747669,0.04633899416120357,0.06444421837903946,0.06526241036627312,0.04265141883248853,1.5109513386211404,1.530134568854279,0.13080084931157762,0.1259834231232703,0.298,0.139,0.13,True,999,0.0001140000531449914,0.001240875106304884,weak_3x3_bal_strong_200_200,weak_null,True,1555,826020113,-4.9960036108132044e-14,0,1
200,200,0.05123984720643504,0.14799074240854976,0.040910467200319545,0.14468175968634966,-0.09675089520211472,-0.10377129248603012,0.04613151343286608,-2.0972842207510407,-2.249466465847595,0.03596842284028604,0.024482834021775115,0.073,0.03,0.026,True,999,0.00010858289897441864,0.0012381250271573663,weak_3x3_bal_strong_200_200,weak_null,True,1556,826020113,-4.9960036108132044e-14,0,3
200,200,0.14452209073917643,0.12964732486378594,0.13401225005094375,0.11829378088070541,0.014874765875390494,0.015718469170238336,0.051395270233892586,0.2894189641906258,0.30583493575781995,0.7722607843556558,0.7597303272414131,0.802,0.777,0.764,True,999,0.00011504103895276785,0.0012746249558404088,weak_3x3_bal_strong_200_200,weak_null,True,1557,826020113,-4.9960036108132044e-14,0,1
200,200,0.09461280029374719,0.12023308689156248,0.08425560142009658,0.10898589260011704,-0.02562028659781529,-0.02473029118002046,0.05042374319204029,-0.5080996565494886,-0.4904493322884504,0.6113834561116578,0.6238159752016001,0.7,0.635,0.65,True,999,0.00010862504132091999,0.0013040410121902823,weak_3x3_bal_strong_200_200,weak_null,True,1558,826020113,-4.9960036108132044e-14,0,1
200,200,0.05105938086716755,0.17505741476494086,0.040733616549886165,0.16917010376104713,-0.12399803389777331,-0.12843648721116097,0.0450299126265939,-2.7536814234132487,-2.852248199462607,0.005892909892402517,0.0043411190263581995,0.031,0.012,0.011,True,999,0.00010837498120963573,0.0013067079707980156,weak_3x3_bal_strong_200_200,weak_null,True,1559,826020113,-4.9960036108132044e-14,0,2
200,200,0.12044491406897007,0.13629071743983556,0.10985399597169021,0.13101699157603264,-0.015845803370865497,-0.021162995604342427,0.051474790708766274,-0.3078361884075989,-0.4111332035146735,0.7582069834606229,0.6809748642657362,0.793,0.764,0.68,True,999,0.00011720799375325441,0.0012541250325739384,weak_3x3_bal_strong_200_200,weak_null,True,1560,826020113,-4.9960036108132044e-14,0,3
200,200,0.09447462274893015,0.07107081795727599,0.08407723406597256,0.05507156407185221,0.02340380479165416,0.029005669994120353,0.04151121864212641,0.5637946935121657,0.6987429168047796,0.5728938636057933,0.48471270809441325,0.675,0.592,0.504,True,999,0.00011550006456673145,0.0012728329747915268,weak_3x3_bal_strong_200_200,weak_null,True,1561,826020113,-4.9960036108132044e-14,0,0
200,200,0.12304192531185332,0.12975896031432466,0.1126279439963298,0.12038919474666443,-0.006717035002471339,-0.007761250750334625,0.0509608546406753,-0.13180773850503716,-0.1522982847336286,0.8951363655183151,0.8789516777242156,0.923,0.905,0.88,True,999,0.00011504103895276785,0.0012399170082062483,weak_3x3_bal_strong_200_200,weak_null,True,1562,826020113,-4.9960036108132044e-14,0,1
200,200,0.12252000922530693,0.1070633381656107,0.11192216782066566,0.09380533021351312,0.015456671059696225,0.018116837607152547,0.04775297006607952,0.3236797844889568,0.3793866136929883,0.7461804772589127,0.7044007896067324,0.776,0.729,0.682,True,999,0.00011433300096541643,0.0012947500217705965,weak_3x3_bal_strong_200_200,weak_null,True,1563,826020113,-4.9960036108132044e-14,0,1
200,200,0.10814599237507716,0.11221671461700722,0.09775311735663195,0.0993204224141806,-0.004070722241930058,-0.0015673050575486513,0.04880874620348095,-0.08340149171133066,-0.0321111517803519,0.9335323024319491,0.9743834101627571,0.94,0.922,0.968,True,999,0.0001077079214155674,0.0013323749881237745,weak_3x3_bal_strong_200_200,weak_null,True,1564,826020113,-4.9960036108132044e-14,0,1
200,200,0.1712104477173675,0.08402081359949348,0.16073714447364296,0.07474945225715146,0.087189634117874,0.0859876922164915,0.049944226946330085,1.7457399873576525,1.7216743049981253,0.08085614328867784,0.08512853448484811,0.143,0.077,0.079,True,999,0.0001194999786093831,0.0013162080431357026,weak_3x3_bal_strong_200_200,weak_null,True,1565,826020113,-4.9960036108132044e-14,0,1
200,200,0.1282963793309151,0.14261196744356763,0.11787800537484827,0.12900290141671178,-0.014315588112652544,-0.011124896041863508,0.05366100362364046,-0.266778240173387,-0.20731807626800355,0.7896399090720796,0.8357614579894851,0.806,0.786,0.832,True,999,0.00011329096741974354,0.001254917006008327,weak_3x3_bal_strong_200_200,weak_null,True,1566,826020113,-4.9960036108132044e-14,0,1
200,200,0.10715707093169513,0.14090954810194156,0.09671770115775757,0.13161267472526106,-0.03375247717024643,-0.034894973567503484,0.05072317041071545,-0.6654252267148526,-0.6879493786557908,0.5057785542301801,0.49148465972683786,0.585,0.509,0.489,True,999,0.00011854199692606926,0.0012800830882042646,weak_3x3_bal_strong_200_200,weak_null,True,1567,826020113,-4.9960036108132044e-14,0,1
200,200,0.11864472000459392,0.12647876285290954,0.10822414224304566,0.11239338368054064,-0.007834042848315625,-0.004169241437494975,0.050456705813795265,-0.15526266968807417,-0.08263007602757672,0.8766142439545448,0.9341456858323293,0.914,0.886,0.943,True,999,0.00011670798994600773,0.0013038329780101776,weak_3x3_bal_strong_200_200,weak_null,True,1568,826020113,-4.9960036108132044e-14,0,0
200,200,0.11846593846906939,0.1126319116402652,0.10805178042593866,0.10315106556640785,0.005834026828804184,0.004900714859530808,0.04973188766238183,0.11730957948771278,0.09854270750389803,0.9066147341134205,0.9215013612788516,0.935,0.923,0.935,True,999,0.00012095796409994364,0.0012797919334843755,weak_3x3_bal_strong_200_200,weak_null,True,1569,826020113,-4.9960036108132044e-14,0,1
200,200,0.10638830787892073,0.1449831774988657,0.0960142770999255,0.13362684534243385,-0.03859486961994496,-0.03761256824250836,0.04991507195161224,-0.7732107379782783,-0.7535312836766027,0.43939767223605186,0.45113071966306784,0.522,0.455,0.467,True,999,0.0001105000264942646,0.0012756249634549022,weak_3x3_bal_strong_200_200,weak_null,True,1570,826020113,-4.9960036108132044e-14,0,1
200,200,0.13676666469075505,0.11774244071363954,0.12617204427439788,0.10429618254427453,0.019024223977115506,0.021875861730123347,0.05085077114108416,0.37411869181557317,0.4301972465555995,0.7083160127649318,0.6670521647666844,0.78,0.738,0.701,True,999,0.00011083402205258608,0.0013005840592086315,weak_3x3_bal_strong_200_200,weak_null,True,1571,826020113,-4.9960036108132044e-14,0,1
200,200,0.10543306800600827,0.10784382784150759,0.0949971461648147,0.10179856049906277,-0.002410759835499321,-0.006801414334248079,0.047217927100284836,-0.05105602857955148,-0.14404305211880108,0.9592808743751662,0.8854664734282836,0.955,0.95,0.869,True,999,0.0001094999024644494,0.0012489580549299717,weak_3x3_bal_strong_200_200,weak_null,True,1572,826020113,-4.9960036108132044e-14,0,2
200,200,0.07713471313503795,0.13910223816248823,0.06677456206273291,0.12723923229286527,-0.06196752502745029,-0.060464670230132356,0.05064446655324204,-1.2235793808254338,-1.193904770752525,0.22111094185772606,0.23251522113281786,0.309,0.245,0.255,True,999,0.00012400001287460327,0.001264709047973156,weak_3x3_bal_strong_200_200,weak_null,True,1573,826020113,-4.9960036108132044e-14,0,1
200,200,0.15968956738293882,0.11156440916802585,0.14917948077211918,0.09786234361897783,0.04812515821491298,0.051317137153141346,0.05080434047101002,0.9472646976368911,1.010093560459149,0.3435039149178478,0.3124504671390158,0.431,0.336,0.311,True,999,0.00011370901484042406,0.0013010000111535192,weak_3x3_bal_strong_200_200,weak_null,True,1574,826020113,-4.9960036108132044e-14,0,1
200,200,0.18647734892862844,0.160993163154794,0.17573958127385936,0.15291841078023083,0.025484185773834434,0.02282117049362853,0.05373978091740695,0.47421454532911583,0.4246606536915837,0.635346922078889,0.6710840705159843,0.677,0.653,0.683,True,999,0.00011441600508987904,0.0013582919491454959,weak_3x3_bal_strong_200_200,weak_null,True,1575,826020113,-4.9960036108132044e-14,0,2
200,200,0.07796027815617967,0.04961678111630924,0.06758275389617552,0.031075280824474305,0.028343497039870436,0.03650747307170121,0.03754444928318446,0.7549317563852247,0.9723800393591685,0.45028993033503595,0.33086151836597,0.616,0.435,0.331,True,999,0.0001265830360352993,0.0013222920242697,weak_3x3_bal_strong_200_200,weak_null,True,1576,826020113,-4.9960036108132044e-14,0,0
200,200,0.15311661093925055,0.10602305885763386,0.14262656909417615,0.09681028329973174,0.047093552081616696,0.04581628579444441,0.05094731721101129,0.9243578398165061,0.8992875052612602,0.3553000376914369,0.3684995409386914,0.481,0.39,0.403,True,999,0.00014775001909583807,0.0012619580375030637,weak_3x3_bal_strong_200_200,weak_null,True,1577,826020113,-4.9960036108132044e-14,0,1
200,200,0.13068500673048788,0.06744758562399955,0.12022363497732158,0.061290302364994886,0.06323742110648833,0.058933332612326694,0.04453321518676781,1.4200057382175748,1.3233567880775337,0.15560601050260037,0.1857167548658727,0.273,0.162,0.198,True,999,0.00011241703759878874,0.0012687089620158076,weak_3x3_bal_strong_200_200,weak_null,True,1578,826020113,-4.9960036108132044e-14,0,2
200,200,0.06447490604137007,0.0860893731296819,0.054109674851645195,0.07053297212668497,-0.02161446708831183,-0.016423297275039772,0.04148795645476586,-0.520981724223462,-0.39585698304870764,0.6023795027440473,0.6922105367863844,0.665,0.602,0.681,True,999,0.00011170795187354088,0.0012748329900205135,weak_3x3_bal_strong_200_200,weak_null,True,1579,826020113,-4.9960036108132044e-14,0,1
200,200,0.12453105602636194,0.14586620635479086,0.11395130804757514,0.1396785008470971,-0.02133515032842892,-0.02572719279952196,0.05137109372208736,-0.4153143097137471,-0.50081068818008,0.67791182710698,0.6165043627921676,0.723,0.68,0.614,True,999,0.00012025004252791405,0.0013011249247938395,weak_3x3_bal_strong_200_200,weak_null,True,1580,826020113,-4.9960036108132044e-14,0,2
200,200,0.13078695346977165,0.08048881590404644,0.12016269750046149,0.06676610728457177,0.05029813756572521,0.05339659021588972,0.04465094414068699,1.1264742220734447,1.195866991023679,0.2599648457950253,0.23174846831016238,0.408,0.285,0.263,True,999,0.00011875003110617399,0.001371875056065619,weak_3x3_bal_strong_200_200,weak_null,True,1581,826020113,-4.9960036108132044e-14,0,1
200,200,0.14697242161620272,0.13196075788783523,0.13636959679635652,0.11512810500059345,0.015011663728367486,0.021241491795763068,0.05355959211310902,0.28027964993955384,0.3965954735223626,0.7792629623380387,0.691665791011076,0.833,0.798,0.71,True,999,0.00012341607362031937,0.0013604999985545874,weak_3x3_bal_strong_200_200,weak_null,True,1582,826020113,-4.9960036108132044e-14,0,0
200,200,0.09763525867908251,0.07049568194558242,0.08720272618290892,0.06123914611897874,0.027139576733500093,0.02596358006393018,0.04157443904834553,0.6527947785883625,0.6245082473328865,0.5138885902297705,0.5322938557500951,0.633,0.51,0.523,True,999,0.00012462504673749208,0.0012454999377951026,weak_3x3_bal_strong_200_200,weak_null,True,1583,826020113,-4.9960036108132044e-14,0,1
200,200,0.14695230609455412,0.09599995175081999,0.13651241493363386,0.07704602141875228,0.05095235434373413,0.05946639351488159,0.051784556622171116,0.9839295277835653,1.148342235480714,0.32515016415366016,0.250827309897128,0.408,0.319,0.247,True,999,0.00011083402205258608,0.0012524999910965562,weak_3x3_bal_strong_200_200,weak_null,True,1584,826020113,-4.9960036108132044e-14,0,0
200,200,0.09173542055117823,0.11189439644184568,0.08136252926692578,0.09346671955393049,-0.020158975890667452,-0.012104190287004712,0.046860272114494526,-0.43019331687645074,-0.25830388388335285,0.6670550230821068,0.7961723890480076,0.715,0.665,0.799,True,999,0.00011024996638298035,0.0012717091012746096,weak_3x3_bal_strong_200_200,weak_null,True,1585,826020113,-4.9960036108132044e-14,0,0
200,200,0.14483076415419127,0.10594081608285993,0.13439577022438698,0.09469421105420395,0.03888994807133134,0.03970155917018303,0.050581469303996866,0.7688576193309259,0.7849032405835209,0.4419778388954366,0.4325103019200741,0.526,0.442,0.424,True,999,0.00011391693260520697,0.001325917080976069,weak_3x3_bal_strong_200_200,weak_null,True,1586,826020113,-4.9960036108132044e-14,0,1
200,200,0.11318887571082059,0.11116872340259903,0.10276921895751912,0.09988381763473342,0.0020201523082215567,0.0028854013227856967,0.04629790919930537,0.04363376971355471,0.06232249733707171,0.9651963329837857,0.9503060130145178,0.97,0.962,0.946,True,999,0.0001140000531449914,0.0013146670535206795,weak_3x3_bal_strong_200_200,weak_null,True,1587,826020113,-4.9960036108132044e-14,0,1
200,200,0.09941691823698151,0.09817524213097045,0.08901190979676699,0.08895195964139191,0.0012416761060110582,5.9950155375076974e-05,0.04532238585154446,0.027396530052019433,0.0013227493268215499,0.9781434658287461,0.9989445990420832,0.982,0.98,1.0,True,999,0.00011687504593282938,0.0013131669256836176,weak_3x3_bal_strong_200_200,weak_null,True,1588,826020113,-4.9960036108132044e-14,0,1
200,200,0.12501946182723356,0.20203676456208675,0.11461812686383155,0.19270657575840744,-0.07701730273485319,-0.07808844889457589,0.052806222289193586,-1.458489158968189,-1.4787736276025207,0.14470576116442405,0.13920082652571142,0.21,0.168,0.165,True,999,0.0001217919634655118,0.0012408749898895621,weak_3x3_bal_strong_200_200,weak_null,True,1589,826020113,-4.9960036108132044e-14,0,1
200,200,0.07351732659813282,0.047679086577190055,0.06315566003945605,0.03417812086399863,0.02583824002094276,0.028977539175457423,0.03777671689796884,0.6839726197151881,0.7670740486454363,0.49399245553507776,0.44303749051143004,0.666,0.506,0.455,True,999,0.00011424999684095383,0.0012724580010399222,weak_3x3_bal_strong_200_200,weak_null,True,1590,826020113,-4.9960036108132044e-14,0,1
200,200,0.12295213574636987,0.13869393224777082,0.11250612240647229,0.1312750517341783,-0.01574179650140095,-0.01876892932770602,0.052174598544327586,-0.3017138021297223,-0.35973308566543005,0.7628702457576877,0.719046747352698,0.777,0.742,0.704,True,999,0.0001093749888241291,0.0012987499358132482,weak_3x3_bal_strong_200_200,weak_null,True,1591,826020113,-4.9960036108132044e-14,0,3
200,200,0.09509223876102135,0.09270221724560312,0.08472168580323114,0.0841097300858138,0.002390021515418228,0.0006119557174173451,0.047161189173098514,0.05067771948340807,0.012975833055677365,0.9595823311075764,0.9896470736663737,0.974,0.961,0.992,True,999,0.0001105000264942646,0.0013224170543253422,weak_3x3_bal_strong_200_200,weak_null,True,1592,826020113,-4.9960036108132044e-14,0,2
200,200,0.10330429327593738,0.09792505975315563,0.09290186461674921,0.08263007584575632,0.005379233522781746,0.010271788770992885,0.04654728077106937,0.11556493598923853,0.2206743036507759,0.907997353685839,0.8253460409413879,0.923,0.912,0.835,True,999,0.00011849997099488974,0.0013495420571416616,weak_3x3_bal_strong_200_200,weak_null,True,1593,826020113,-4.9960036108132044e-14,0,1
200,200,0.08721721161800433,0.11217694986897925,0.07683534634441003,0.10914648126150439,-0.024959738250974917,-0.032311134917094364,0.047950050611250274,-0.5205362232739488,-0.6738498605361924,0.6026898876207656,0.5004067716330789,0.681,0.609,0.499,True,999,0.00011237489525228739,0.001341500086709857,weak_3x3_bal_strong_200_200,weak_null,True,1594,826020113,-4.9960036108132044e-14,0,3
200,200,0.14299008078141018,0.16033444344296421,0.1325471888576999,0.1541621097313879,-0.017344362661554036,-0.021614920873687993,0.051523360653209435,-0.3366310435046057,-0.4195169064994129,0.7363950513537576,0.6748384015342914,0.764,0.722,0.664,True,999,0.00011575000826269388,0.0013401670148596168,weak_3x3_bal_strong_200_200,weak_null,True,1595,826020113,-4.9960036108132044e-14,0,2
200,200,0.058731112919752304,0.049401994268436666,0.04837899158897585,0.03608502701300864,0.009329118651315638,0.012293964575967209,0.03630611832730978,0.25695720394042215,0.3386196360936658,0.7972118103211097,0.73489628818596,0.858,0.783,0.73,True,999,0.0001222920836880803,0.0012600409099832177,weak_3x3_bal_strong_200_200,weak_null,True,1596,826020113,-4.9960036108132044e-14,0,1
200,200,0.1128933338133109,0.16233500696528003,0.1024764898161834,0.15427249457857783,-0.04944167315196912,-0.05179600476239443,0.05207968806518582,-0.9493465684757019,-0.9945528993484694,0.3424443760601942,0.31995376510023377,0.392,0.341,0.321,True,999,0.00011199992150068283,0.0012648330302909017,weak_3x3_bal_strong_200_200,weak_null,True,1597,826020113,-4.9960036108132044e-14,0,2
200,200,0.09630866147632755,0.09854452460703902,0.0858994962595716,0.0846516805371067,-0.002235863130711474,0.0012478157224649067,0.044933852718577326,-0.04975899005844841,0.027770058585450726,0.960314447367492,0.9778455465363712,0.973,0.964,0.977,True,999,0.0001117499778047204,0.0013077500043436885,weak_3x3_bal_strong_200_200,weak_null,True,1598,826020113,-4.9960036108132044e-14,0,1
200,200,0.06294074515987558,0.11707404913692071,0.05258921272715611,0.10362717962655665,-0.05413330397704513,-0.051037966899400544,0.04647745811148476,-1.1647216990050622,-1.09812302507974,0.24413166264682284,0.27215077238928365,0.369,0.263,0.286,True,999,0.00011095800437033176,0.0013199580134823918,weak_3x3_bal_strong_200_200,weak_null,True,1599,826020113,-4.9960036108132044e-14,0,1
200,200,0.09993046912369463,0.09689786711291426,0.08956144735194016,0.08350546323967478,0.003032602010780372,0.006055984112265378,0.047770032865709564,0.06348335617238489,0.12677370621221623,0.9493816123587868,0.8991195072005371,0.962,0.954,0.891,True,999,0.00011395895853638649,0.0013184170238673687,weak_3x3_bal_strong_200_200,weak_null,True,1600,826020113,-4.9960036108132044e-14,0,1
200,200,0.07160179089951857,0.13171507042149466,0.061253173896915314,0.1180899019741588,-0.06011327952197609,-0.05683672807724349,0.048973907377167246,-1.227455245892883,-1.160551222501435,0.21965153294428663,0.2458244515901139,0.291,0.231,0.247,True,999,0.00011233298573642969,0.001257208059541881,weak_3x3_bal_strong_200_200,weak_null,True,1601,826020113,-4.9960036108132044e-14,0,1
200,200,0.1326327768612181,0.07287202003514281,0.12221040410022965,0.057310358343627854,0.05976075682607529,0.0649000457566018,0.04675104919277444,1.2782762709700117,1.38820511789995,0.2011520315223112,0.16507459430212268,0.324,0.212,0.172,True,999,0.00012795894872397184,0.0013169170124456286,weak_3x3_bal_strong_200_200,weak_null,True,1602,826020113,-4.9960036108132044e-14,0,1
200,200,0.10053755783180174,0.15716843149088577,0.09012874514604619,0.1447456050727851,-0.056630873659084036,-0.054616859926738925,0.05057266200439702,-1.119792223991695,-1.0799680649990362,0.26280231370142937,0.28015640130217057,0.323,0.266,0.283,True,999,0.00011979206465184689,0.0012529590167105198,weak_3x3_bal_strong_200_200,weak_null,True,1603,826020113,-4.9960036108132044e-14,0,0
200,200,0.12499724689902014,0.1621817051289126,0.11458592305297088,0.15142302309372724,-0.03718445822989247,-0.036837100040756354,0.055387872998999624,-0.6713465640856812,-0.665075187874098,0.501999777589886,0.5060024037069495,0.555,0.525,0.53,True,999,0.00011837494093924761,0.001320832991041243,weak_3x3_bal_strong_200_200,weak_null,True,1604,826020113,-4.9960036108132044e-14,0,1
200,200,0.13784288685471435,0.09719812638924702,0.1273992073652721,0.09173058699429504,0.04064476046546733,0.03566862037097707,0.04873782248266483,0.8339469921932591,0.7318468194524643,0.40431085496177377,0.4642620685727856,0.519,0.44,0.483,True,999,0.0001336249988526106,0.0013185420539230108,weak_3x3_bal_strong_200_200,weak_null,True,1605,826020113,-4.9960036108132044e-14,0,3
200,200,0.09453039610976055,0.11034421038493603,0.0841507465148652,0.10076233368749854,-0.015813814275175475,-0.016611587172633335,0.046440219537063024,-0.3405198001390752,-0.35769829122741237,0.7334651143960712,0.7205691120151634,0.767,0.729,0.712,True,999,0.0001254579983651638,0.0013180840760469437,weak_3x3_bal_strong_200_200,weak_null,True,1606,826020113,-4.9960036108132044e-14,0,1
200,200,0.13451439061954673,0.11018531747072852,0.1241154653796741,0.09912496080507083,0.024329073148818214,0.02499050457460328,0.049041451557199446,0.4960920277908582,0.5095792188258463,0.6198294836293212,0.6103462858755345,0.657,0.615,0.602,True,999,0.00011750007979571819,0.0013289579655975103,weak_3x3_bal_strong_200_200,weak_null,True,1607,826020113,-4.9960036108132044e-14,0,1
200,200,0.06258640059285181,0.14318247173380472,0.052209417351122056,0.12987302257052136,-0.08059607114095291,-0.0776636052193993,0.04523979279175197,-1.7815305103618206,-1.71671001184512,0.07482582515456519,0.08603216993600007,0.138,0.088,0.097,True,999,0.00011683395132422447,0.001314916997216642,weak_3x3_bal_strong_200_200,weak_null,True,1608,826020113,-4.9960036108132044e-14,0,1
200,200,0.1429134192517445,0.16047830796439733,0.13249483060744183,0.14418067649825161,-0.017564888712652826,-0.011685845890809787,0.05367132149045438,-0.3272676771295225,-0.21772979621692665,0.7434654374522782,0.8276396465528679,0.789,0.76,0.852,True,999,0.00011637492571026087,0.0013348329812288284,weak_3x3_bal_strong_200_200,weak_null,True,1609,826020113,-4.9960036108132044e-14,0,0
200,200,0.06618225574565395,0.1710367817460074,0.05581429350240796,0.16477009125527786,-0.10485452600035344,-0.1089557977528699,0.04682504275395379,-2.239283080878763,-2.326870224665624,0.025137503029645313,0.019972173385449776,0.048,0.033,0.025,True,999,0.00011216697748750448,0.0012648330302909017,weak_3x3_bal_strong_200_200,weak_null,True,1610,826020113,-4.9960036108132044e-14,0,2
200,200,0.08725174458748275,0.09970797613409699,0.07685901973053433,0.08577134210878512,-0.012456231546614238,-0.008912322378250792,0.045957016874293155,-0.27104090721741003,-0.19392734743050855,0.7863595699870048,0.846232770018571,0.839,0.796,0.85,True,999,0.00010766705963760614,0.0013016659067943692,weak_3x3_bal_strong_200_200,weak_null,True,1611,826020113,-4.9960036108132044e-14,0,0
200,200,0.11501439730887575,0.13714039650476334,0.10459129051545801,0.11882703730009325,-0.02212599919588759,-0.01423574678463524,0.052308305922419654,-0.42299208138576433,-0.27215079008195736,0.6723010385060976,0.7855060779532111,0.737,0.7,0.801,True,999,0.00011183402966707945,0.0012616249732673168,weak_3x3_bal_strong_200_200,weak_null,True,1612,826020113,-4.9960036108132044e-14,0,0
200,200,0.06767599048974171,0.09190730175657241,0.057347888728827456,0.07505986516853369,-0.024231311266830702,-0.017711976439706234,0.04344587512896555,-0.5577356007883838,-0.40767912689362734,0.5770249437003319,0.6835092636818954,0.673,0.58,0.682,True,999,0.00011770904529839754,0.001312791951932013,weak_3x3_bal_strong_200_200,weak_null,True,1613,826020113,-4.9960036108132044e-14,0,0
200,200,0.12125968641445106,0.06691332178150422,0.1107579877428293,0.053197011299253916,0.05434636463294684,0.057560976443575385,0.04376846875643422,1.2416784543086765,1.3151242910483036,0.21435522248872374,0.18846813406236795,0.36,0.203,0.179,True,999,0.0001175830839201808,0.0013149160658940673,weak_3x3_bal_strong_200_200,weak_null,True,1614,826020113,-4.9960036108132044e-14,0,1
200,200,0.14592450155477366,0.15289071274608518,0.13549007445129746,0.14647076171340245,-0.006966211191311522,-0.010980687262104993,0.051959463012065187,-0.1340701151914126,-0.21133180802032606,0.893347130882656,0.8326283641611097,0.932,0.918,0.85,True,999,0.00011899997480213642,0.0013275409583002329,weak_3x3_bal_strong_200_200,weak_null,True,1615,826020113,-4.9960036108132044e-14,0,2
200,200,0.06976695874301608,0.12261417335959085,0.05943404111519612,0.11520187808954319,-0.05284721461657477,-0.05576783697434706,0.04890667254354333,-1.0805726881035105,-1.1402909679593312,0.2798872370212958,0.25416509944476173,0.331,0.279,0.248,True,999,0.0001239590346813202,0.0014007090358063579,weak_3x3_bal_strong_200_200,weak_null,True,1616,826020113,-4.9960036108132044e-14,0,3
200,200,0.0987049935217974,0.08558018721048727,0.08828868685367297,0.0766749281910819,0.013124806311310133,0.011613758662591067,0.04424620283889278,0.29663124673318453,0.2624803467289283,0.7667480525479924,0.7929511353786307,0.832,0.796,0.818,True,999,0.00011804199311882257,0.0012952499091625214,weak_3x3_bal_strong_200_200,weak_null,True,1617,826020113,-4.9960036108132044e-14,0,1
200,200,0.10364528282675112,0.1284262263390027,0.09327874423297544,0.11487348582471668,-0.024780943512251574,-0.02159474159174124,0.04856753067688354,-0.5102368427400087,-0.44463330317140437,0.609885543640746,0.6565847762050023,0.67,0.593,0.645,True,999,0.0001092919846996665,0.0012404590379446745,weak_3x3_bal_strong_200_200,weak_null,True,1618,826020113,-4.9960036108132044e-14,0,1
200,200,0.08971041920898126,0.22222453152754407,0.07935310190671885,0.21660536523377516,-0.1325141123185628,-0.1372522633270563,0.05309829680234896,-2.4956377190746473,-2.5848712970579606,0.01257309383076065,0.00974153532363534,0.026,0.011,0.008,True,999,0.00010716600809246302,0.0012450000504031777,weak_3x3_bal_strong_200_200,weak_null,True,1619,826020113,-4.9960036108132044e-14,0,3
200,200,0.12531033773787592,0.16992042584255157,0.1148935052772515,0.15872160000112956,-0.04461008810467565,-0.04382809472387805,0.053484888462493996,-0.8340690125203916,-0.8194481840344919,0.40424209568792036,0.4125307535640502,0.462,0.418,0.425,True,999,0.00011133297812193632,0.0012691660085693002,weak_3x3_bal_strong_200_200,weak_null,True,1620,826020113,-4.9960036108132044e-14,0,1
200,200,0.07807409615916261,0.14555751955417784,0.06771991267223143,0.14229684646902285,-0.06748342339501523,-0.07457693379679142,0.04806256063880221,-1.4040746580725045,-1.551663765009296,0.1602966190294327,0.12074269710116264,0.235,0.161,0.117,True,999,0.00010658300016075373,0.0012841669376939535,weak_3x3_bal_strong_200_200,weak_null,True,1621,826020113,-4.9960036108132044e-14,0,3
200,200,0.08361862382514884,0.10462418118012468,0.07326542863310692,0.09327647051870258,-0.021005557354975835,-0.02001104188559566,0.04547465729156718,-0.4619178814321951,-0.4400482175663698,0.6441402103585385,0.6599021851661965,0.698,0.623,0.646,True,999,0.00011249992530792952,0.0012902909656986594,weak_3x3_bal_strong_200_200,weak_null,True,1622,826020113,-4.9960036108132044e-14,0,1
200,200,0.13067590413072905,0.10876631724723906,0.12020416117451305,0.09847758952616914,0.021909586883489984,0.021726571648343906,0.04938314481052356,0.44366528230541213,0.43995925597095564,0.6572845995659624,0.6599666172540302,0.698,0.663,0.662,True,999,0.00011274998541921377,0.0013607499422505498,weak_3x3_bal_strong_200_200,weak_null,True,1623,826020113,-4.9960036108132044e-14,0,2
200,200,0.09601136908545316,0.09587037769339263,0.08560949147920383,0.08433203240704756,0.0001409913920605299,0.0012774590721562618,0.045500302237874685,0.0030986913300801756,0.02807583706758102,0.9975276059856444,0.9776016657017861,0.999,0.997,0.979,True,999,0.00011833303142338991,0.0012431249488145113,weak_3x3_bal_strong_200_200,weak_null,True,1624,826020113,-4.9960036108132044e-14,0,1
200,200,0.1235910580596169,0.13909708834731654,0.11315758982127022,0.1367084257654625,-0.015506030287699646,-0.023550835944192272,0.05306213884857725,-0.2922239966984559,-0.4438350291796377,0.770115365275525,0.6571618605968084,0.801,0.781,0.649,True,999,0.00011162494774907827,0.001266875071451068,weak_3x3_bal_strong_200_200,weak_null,True,1625,826020113,-4.9960036108132044e-14,0,4
200,200,0.08374503034673642,0.17801311216319987,0.07327730134446142,0.1645274459012569,-0.09426808181646346,-0.09125014455679548,0.05130122482976563,-1.8375405680717374,-1.7787127862851915,0.06613013330739734,0.07528686183017888,0.104,0.066,0.076,True,999,0.00011037499643862247,0.0012826670426875353,weak_3x3_bal_strong_200_200,weak_null,True,1626,826020113,-4.9960036108132044e-14,0,1
200,200,0.17290430059893636,0.12718312455927328,0.16239745124391902,0.12079469746652194,0.04572117603966308,0.04160275377739708,0.05351149199567673,0.8544178892144693,0.7774545658483645,0.39287348737750283,0.43689063004333883,0.444,0.384,0.424,True,999,0.00011150003410875797,0.0013177919900044799,weak_3x3_bal_strong_200_200,weak_null,True,1627,826020113,-4.9960036108132044e-14,0,2
200,200,0.10972941374841683,0.12418589506265976,0.09933832825356603,0.11079296580743403,-0.01445648131424293,-0.011454637553867997,0.050968020633820256,-0.28363827228264404,-0.2247416597980887,0.7766876040645059,0.8221802536852064,0.816,0.784,0.833,True,999,0.00011079199612140656,0.0013254580553621054,weak_3x3_bal_strong_200_200,weak_null,True,1628,826020113,-4.9960036108132044e-14,0,1
200,200,0.1112365212941937,0.08351278694478464,0.10084498390236263,0.07449469470465431,0.027723734349409057,0.02635028919770832,0.04495746089453605,0.6166659281413842,0.5861160455552069,0.5374550991055352,0.5577975342893559,0.618,0.522,0.539,True,999,0.00011074997019022703,0.0013069170527160168,weak_3x3_bal_strong_200_200,weak_null,True,1629,826020113,-4.9960036108132044e-14,0,1
200,200,0.1505338175018267,0.08915921632600965,0.14005558397732898,0.08057804129023793,0.061374601175817056,0.059477542687091045,0.051155121002638845,1.1997743329089385,1.1626899032068145,0.23022699511490718,0.24495533961421256,0.307,0.246,0.254,True,999,0.00010883400682359934,0.0012664590030908585,weak_3x3_bal_strong_200_200,weak_null,True,1630,826020113,-4.9960036108132044e-14,0,2
200,200,0.07319222102081113,0.14561537385624818,0.06283537798424277,0.13085373489546726,-0.07242315283543704,-0.06801835691122449,0.048296275225801835,-1.4995598003538304,-1.4083561639736208,0.13372846738793834,0.15902563262348424,0.202,0.138,0.158,True,999,0.00011475000064820051,0.0012493330286815763,weak_3x3_bal_strong_200_200,weak_null,True,1631,826020113,-4.9960036108132044e-14,0,0
200,200,0.13055944826752675,0.05170587606301591,0.12000864224756924,0.038287520408516684,0.07885357220451084,0.08172112183905256,0.040968033899891634,1.9247585177554594,1.994753324964143,0.054259575842877196,0.04606979029666363,0.18,0.07,0.061,True,999,0.00011129106860607862,0.001267958083190024,weak_3x3_bal_strong_200_200,weak_null,True,1632,826020113,-4.9960036108132044e-14,0,1
200,200,0.1257876801849922,0.01874103874476815,0.11537132845614906,0.008166026847185037,0.10704664144022405,0.10720530160896402,0.03677862480262821,2.9105667222384692,2.914880645599971,0.003607739274992375,0.003558245946488015,0.073,0.002,0.002,True,999,0.00011187500786036253,0.001312082982622087,weak_3x3_bal_strong_200_200,weak_null,True,1633,826020113,-4.9960036108132044e-14,0,2
200,200,0.0883194790877655,0.10220870796347747,0.0779665336449682,0.0854327499734353,-0.013889228875711979,-0.007466216328467112,0.04769936041177519,-0.29118270676609004,-0.15652655012590028,0.7709115878209686,0.875617993189906,0.829,0.787,0.888,True,999,0.00011129199992865324,0.0013242920394986868,weak_3x3_bal_strong_200_200,weak_null,True,1634,826020113,-4.9960036108132044e-14,0,0
200,200,0.10939435805550746,0.08899075892873315,0.09900703779737796,0.07814778308120651,0.020403599126774308,0.02085925471617145,0.04536498069355901,0.4497654096802304,0.45980962401540443,0.6528796017737557,0.6456528746684218,0.731,0.678,0.671,True,999,0.00010974996257573366,0.001313291024416685,weak_3x3_bal_strong_200_200,weak_null,True,1635,826020113,-4.9960036108132044e-14,0,1
200,200,0.12954096763701428,0.1473194670568122,0.11908994406428519,0.1379149914835125,-0.017778499419797922,-0.018825047419227303,0.050170644067321676,-0.3543605977220817,-0.37522036579731444,0.7230686596277194,0.7074965851388326,0.767,0.721,0.703,True,999,0.00011304102372378111,0.0012554579880088568,weak_3x3_bal_strong_200_200,weak_null,True,1636,826020113,-4.9960036108132044e-14,0,1
200,200,0.1357191041732544,0.1091415626183519,0.1252005579844706,0.09258987218801451,0.026577541554902495,0.032610685796456096,0.04925940923687905,0.5395424339560427,0.6620194253576522,0.5895126254256386,0.5079587724508658,0.64,0.586,0.51,True,999,0.00011662498582154512,0.0013128750724717975,weak_3x3_bal_strong_200_200,weak_null,True,1637,826020113,-4.9960036108132044e-14,0,0
200,200,0.06667472862282664,0.08734936782492653,0.056351780188606426,0.06888829875171609,-0.020674639202099887,-0.012536518563109667,0.043105289903863864,-0.47963113687925013,-0.2908348045232824,0.6314897019232557,0.7711776651889721,0.677,0.596,0.742,True,999,0.0001188330352306366,0.0012514169793576002,weak_3x3_bal_strong_200_200,weak_null,True,1638,826020113,-4.9960036108132044e-14,0,0
200,200,0.05342433827873916,0.14324957318247095,0.04306970277420419,0.13369401992562757,-0.08982523490373179,-0.09062431715142338,0.047599580628607426,-1.887101392858631,-1.9038889829411232,0.059146689407802606,0.05692464424043624,0.089,0.061,0.056,True,999,0.00011162494774907827,0.0013092081062495708,weak_3x3_bal_strong_200_200,weak_null,True,1639,826020113,-4.9960036108132044e-14,0,1
200,200,0.1069602192076411,0.08654125588055617,0.09658495768414355,0.07084392929873218,0.020418963327084927,0.02574102838541137,0.04468716418893019,0.45693128435621494,0.5760273414661626,0.6477204369234557,0.5645967010726212,0.696,0.641,0.559,True,999,0.00011308304965496063,0.001313457963988185,weak_3x3_bal_strong_200_200,weak_null,True,1640,826020113,-4.9960036108132044e-14,0,0
200,200,0.09895415181039113,0.16513743595512165,0.0885928361610695,0.15673666960665855,-0.06618328414473051,-0.06814383344558905,0.052919104945162505,-1.2506501047837644,-1.287698148262394,0.2110621617286239,0.19785105842282746,0.285,0.243,0.232,True,999,0.00011024996638298035,0.0012953339610248804,weak_3x3_bal_strong_200_200,weak_null,True,1641,826020113,-4.9960036108132044e-14,0,2
200,200,0.12473961655580323,0.09905502370170483,0.1142531229043584,0.08566124821071242,0.02568459285409841,0.02859187469364599,0.0487068083540234,0.5273306488778945,0.5870200832258838,0.5979639941329993,0.5571902186781078,0.669,0.595,0.546,True,999,0.00011087500024586916,0.001263958984054625,weak_3x3_bal_strong_200_200,weak_null,True,1642,826020113,-4.9960036108132044e-14,0,1
200,200,0.08021243702208203,0.20108500659099643,0.0698626770880253,0.19240652314856277,-0.1208725695689144,-0.12254384606053748,0.053763560097474385,-2.248224807839549,-2.279310481641526,0.024561858561017065,0.022648615397408627,0.037,0.027,0.025,True,999,0.00012645800597965717,0.0012656670296564698,weak_3x3_bal_strong_200_200,weak_null,True,1643,826020113,-4.9960036108132044e-14,0,2
200,200,0.14159890704391298,0.15687405198291415,0.13074208657283748,0.14368361640889304,-0.015275144939001173,-0.012941529836055565,0.050501689675963135,-0.30246799734844426,-0.25625934338223216,0.7622953260367824,0.797750588548774,0.8,0.763,0.805,True,999,0.00011679204180836678,0.001347416895441711,weak_3x3_bal_strong_200_200,weak_null,True,1644,826020113,-4.9960036108132044e-14,0,1
200,200,0.10310158539010383,0.09759535470650754,0.09272265703134508,0.08588819473244769,0.0055062306835962915,0.006834462298897392,0.04642653725932194,0.1186009340485694,0.1472102530654514,0.90559152531295,0.8829660679926391,0.928,0.915,0.892,True,999,0.00011783302761614323,0.0012804579455405474,weak_3x3_bal_strong_200_200,weak_null,True,1645,826020113,-4.9960036108132044e-14,0,1
200,200,0.15396292556574198,0.10044766648264158,0.14349990210001806,0.08881216430290095,0.0535152590831004,0.05468773779711711,0.05101206961033492,1.0490705335401318,1.0720548727949966,0.2941456567638949,0.28369538637857084,0.361,0.292,0.278,True,999,0.00011904200073331594,0.0012598340399563313,weak_3x3_bal_strong_200_200,weak_null,True,1646,826020113,-4.9960036108132044e-14,0,1
200,200,0.08559522617178139,0.07622491292156941,0.07522928206822144,0.06457730866955558,0.009370313250211981,0.01065197339866586,0.04068929328627825,0.23028940768976083,0.261788115210594,0.8178668908830372,0.7934848023071357,0.866,0.82,0.794,True,999,0.00011879205703735352,0.0012772079790011048,weak_3x3_bal_strong_200_200,weak_null,True,1647,826020113,-4.9960036108132044e-14,0,0
200,200,0.08740145785602382,0.1457749413155095,0.07696882203075006,0.13612559980232675,-0.058373483459485676,-0.059156777771576685,0.04767749425631021,-1.2243404224574959,-1.2407694383759937,0.22082383404412254,0.21469093421869767,0.363,0.257,0.245,True,999,0.0001117080682888627,0.0012684999965131283,weak_3x3_bal_strong_200_200,weak_null,True,1648,826020113,-4.9960036108132044e-14,0,1
200,200,0.11223820311101163,0.10278306675157317,0.10182638059109195,0.09663930015607036,0.009455136359438454,0.005187080435021585,0.047526593802925794,0.1989441195522071,0.10914058887810012,0.8423064568375176,0.913090981887796,0.861,0.839,0.906,True,999,0.00012258300557732582,0.001274166046641767,weak_3x3_bal_strong_200_200,weak_null,True,1649,826020113,-4.9960036108132044e-14,0,2
200,200,0.08927252500584637,0.1115342406390325,0.07892034965064454,0.09505061517127444,-0.02226171563318613,-0.016130265520629905,0.047586164799127945,-0.4678190757157655,-0.3389696477688302,0.6399139779605654,0.7346325955282371,0.674,0.62,0.734,True,999,0.00011741602793335915,0.0012915839906781912,weak_3x3_bal_strong_200_200,weak_null,True,1650,826020113,-4.9960036108132044e-14,0,0
200,200,0.15788098626077218,0.11881259195125066,0.14739610815800575,0.10351049875882268,0.039068394309521526,0.04388560939918307,0.05476706910433438,0.7133555793371745,0.801313820821386,0.4756257531292868,0.4229499916929985,0.541,0.483,0.433,True,999,0.00011845899280160666,0.0013424999779090285,weak_3x3_bal_strong_200_200,weak_null,True,1651,826020113,-4.9960036108132044e-14,0,1
200,200,0.08003118262414133,0.12086154844330371,0.06966489299378509,0.10438825500831683,-0.040830365819162384,-0.034723362014531745,0.047324106738558455,-0.8627815427078069,-0.7337351808109259,0.3882575890742088,0.4631101525064649,0.469,0.394,0.466,True,999,0.00011720904149115086,0.0013719589915126562,weak_3x3_bal_strong_200_200,weak_null,True,1652,826020113,-4.9960036108132044e-14,0,0
200,200,0.08926758234000731,0.1566839820110767,0.07886287480775422,0.14562704000945814,-0.06741639967106938,-0.06676416520170392,0.04921994765601582,-1.36969669578325,-1.356445270285528,0.17078160057571556,0.1749575377403314,0.231,0.186,0.187,True,999,0.00012704101391136646,0.0012557919835671782,weak_3x3_bal_strong_200_200,weak_null,True,1653,826020113,-4.9960036108132044e-14,0,1
200,200,0.07442020300639163,0.1223860572598508,0.0640658394668776,0.10919267092900498,-0.04796585425345917,-0.04512683146212737,0.047497736112158066,-1.009855588489433,-0.9500838388500834,0.31256448295999606,0.3420696542751538,0.399,0.315,0.339,True,999,0.00011220795568078756,0.001262625097297132,weak_3x3_bal_strong_200_200,weak_null,True,1654,826020113,-4.9960036108132044e-14,0,1
200,200,0.09928214960420378,0.08876434148138751,0.08892282268908502,0.08036016479049835,0.010517808122816275,0.008562657898586679,0.04799762073105538,0.2191318645095058,0.1783975490486443,0.8265473296341961,0.858410774007339,0.849,0.811,0.848,True,999,0.00011470902245491743,0.0012702919775620103,weak_3x3_bal_strong_200_200,weak_null,True,1655,826020113,-4.9960036108132044e-14,0,2
200,200,0.07117045140624123,0.03803792323485916,0.060810917586252344,0.02985995603629732,0.03313252817138207,0.030950961549955025,0.036189063306583016,0.9155398107625254,0.8552573269926236,0.3599083127382957,0.39240870591250887,0.573,0.353,0.386,True,999,0.00012058299034833908,0.0013187499716877937,weak_3x3_bal_strong_200_200,weak_null,True,1656,826020113,-4.9960036108132044e-14,0,2
200,200,0.08343735001479025,0.11877320938436386,0.07307075275241459,0.11047496926578049,-0.03533585936957362,-0.037404216513365895,0.048492302425380385,-0.7286900724903337,-0.7713433811670056,0.46619126683219503,0.4405034253140744,0.534,0.456,0.433,True,999,0.00011912500485777855,0.0013127500424161553,weak_3x3_bal_strong_200_200,weak_null,True,1657,826020113,-4.9960036108132044e-14,0,2
200,200,0.0530641038562818,0.1472394367980388,0.042722952267439496,0.13359584544599556,-0.094175332941757,-0.09087289317855607,0.047040536498646944,-2.0020038024962967,-1.9317996762466751,0.04528432256685142,0.0533842360736899,0.107,0.063,0.066,True,999,0.00011825002729892731,0.0013144999975338578,weak_3x3_bal_strong_200_200,weak_null,True,1658,826020113,-4.9960036108132044e-14,0,1
200,200,0.14241103479889006,0.06669952266334739,0.1317873774247289,0.06029510017248896,0.07571151213554267,0.07149227725223994,0.0457599112300036,1.6545380028163292,1.5623342644372153,0.09801824842984987,0.11820926407783863,0.235,0.118,0.139,True,999,0.00011675001587718725,0.0012850409839302301,weak_3x3_bal_strong_200_200,weak_null,True,1659,826020113,-4.9960036108132044e-14,0,2
200,200,0.09083916260555269,0.11566694472247152,0.0804739189016459,0.10419455191801319,-0.02482778211691883,-0.023720633016367287,0.04829470956953433,-0.514089065618502,-0.4911642129706674,0.6071897218267488,0.62331030805595,0.635,0.573,0.589,True,999,0.00010954204481095076,0.0012471670052036643,weak_3x3_bal_strong_200_200,weak_null,True,1660,826020113,-4.9960036108132044e-14,0,1
200,200,0.07666529064596395,0.10088732913922899,0.06629331605378752,0.08533702502853657,-0.02422203849326504,-0.019043708974749052,0.044507471081050715,-0.5442241022671293,-0.42787668030091713,0.5862872679564177,0.6687409058622422,0.65,0.57,0.645,True,999,0.00010629196185618639,0.0012377089587971568,weak_3x3_bal_strong_200_200,weak_null,True,1661,826020113,-4.9960036108132044e-14,0,1
200,200,0.028617534194677496,0.09152906479848738,0.018308841030602707,0.08293934784548185,-0.06291153060380988,-0.06463050681487914,0.04040331446289033,-1.5570883587185134,-1.599633784357989,0.1194495085456772,0.10967984909295833,0.242,0.131,0.118,True,999,0.0001070419093593955,0.001285499893128872,weak_3x3_bal_strong_200_200,weak_null,True,1662,826020113,-4.9960036108132044e-14,0,2
200,200,0.22015614783472048,0.10155972965779164,0.20917009073770032,0.08999596394090759,0.11859641817692884,0.11917412679679273,0.04973618220803444,2.3845098862005263,2.3961253458963965,0.017101888492557785,0.01656942293513554,0.051,0.031,0.032,True,999,0.0001068750862032175,0.0013233749195933342,weak_3x3_bal_strong_200_200,weak_null,True,1663,826020113,-4.9960036108132044e-14,0,1
200,200,0.16160178448088947,0.19657264102509692,0.15077103322565222,0.18601187344017944,-0.03497085654420745,-0.035240840214527225,0.055530981154823536,-0.6297539826769261,-0.6346158393325296,0.5288555574626929,0.5256789951824741,0.571,0.549,0.546,True,999,0.00011045904830098152,0.001349666970781982,weak_3x3_bal_strong_200_200,weak_null,True,1664,826020113,-4.9960036108132044e-14,0,2
200,200,0.22885980855245314,0.08698273975072135,0.21818429928990213,0.08072378877676556,0.1418770688017318,0.13746051051313657,0.055820555739465996,2.5416634951454364,2.462542851681963,0.01103263340047375,0.013795568652570287,0.036,0.016,0.019,True,999,0.00011191703379154205,0.0012572500854730606,weak_3x3_bal_strong_200_200,weak_null,True,1665,826020113,-4.9960036108132044e-14,0,2
200,200,0.09868079085424863,0.13867345341876447,0.08832279622285455,0.12119742776633302,-0.039992662564515835,-0.03287463154347847,0.051284379562738694,-0.7798215149622869,-0.6410262115633343,0.4354959405729354,0.5215056532352771,0.51,0.445,0.527,True,999,0.00010950001887977123,0.001285708975046873,weak_3x3_bal_strong_200_200,weak_null,True,1666,826020113,-4.9960036108132044e-14,0,1
200,200,0.07369006628135288,0.06334959225491726,0.06334584581551894,0.04939602737445625,0.01034047402643562,0.013949818441062689,0.03958243569693121,0.2612389521859896,0.3524244578547804,0.7939082412441553,0.7245199623802252,0.843,0.799,0.738,True,999,0.0001296249683946371,0.0012419590493664145,weak_3x3_bal_strong_200_200,weak_null,True,1667,826020113,-4.9960036108132044e-14,0,0
200,200,0.11043015250499888,0.1188058075199186,0.100035158661683,0.10209244819920116,-0.008375655014919714,-0.002057289537518159,0.049991342011712486,-0.16754211185123574,-0.04115291677979271,0.8669435153096182,0.9671739888147303,0.881,0.873,0.964,True,999,0.00010929210111498833,0.001295749912969768,weak_3x3_bal_strong_200_200,weak_null,True,1668,826020113,-4.9960036108132044e-14,0,0
200,200,0.07446735569275864,0.18701731584144093,0.06411557352328145,0.17839856381691277,-0.1125499601486823,-0.11428299029363131,0.050279241007009215,-2.2384975965128864,-2.2729657012463576,0.02518862397640585,0.023028246926941158,0.053,0.029,0.028,True,999,0.00011116696987301111,0.0013056659372523427,weak_3x3_bal_strong_200_200,weak_null,True,1669,826020113,-4.9960036108132044e-14,0,2
200,200,0.09511278294330383,0.0806827230246655,0.08470713003652008,0.06916944381700318,0.014430059918638327,0.0155376862195169,0.04432073950040736,0.325582562053273,0.3505737132245749,0.7447402073861131,0.7259081801988582,0.804,0.745,0.733,True,999,0.0001128750154748559,0.0013253329088911414,weak_3x3_bal_strong_200_200,weak_null,True,1670,826020113,-4.9960036108132044e-14,0,1
200,200,0.14417090475990335,0.1396963662591964,0.13374405045024673,0.1314575182566955,0.004474538500706948,0.0022865321935512384,0.053195755110176296,0.08411457815458237,0.04298335814230837,0.9329653340298489,0.9657147998709867,0.953,0.946,0.973,True,999,0.00011241703759878874,0.001300749951042235,weak_3x3_bal_strong_200_200,weak_null,True,1671,826020113,-4.9960036108132044e-14,0,2
200,200,0.09107712192105222,0.09078291643943287,0.08069519921002666,0.07228307780778209,0.00029420548161934734,0.008412121402244566,0.04528438081459268,0.006496842317970725,0.1857620939256345,0.994816306286933,0.8526313317408172,1.0,0.998,0.877,True,999,0.00010887498501688242,0.0013197909574955702,weak_3x3_bal_strong_200_200,weak_null,True,1672,826020113,-4.9960036108132044e-14,0,0
200,200,0.11498299348183871,0.13954736637422716,0.10453663329113283,0.1359025872750621,-0.024564372892388442,-0.03136595398392927,0.05349552847711497,-0.4591855355330664,-0.5863285189779445,0.6461009367414032,0.5576547696672178,0.7,0.649,0.558,True,999,0.00010595796629786491,0.0013197920052334666,weak_3x3_bal_strong_200_200,weak_null,True,1673,826020113,-4.9960036108132044e-14,0,3
200,200,0.10355876231550987,0.08156627040831177,0.09315278368958957,0.06666943838345674,0.021992491907198097,0.026483345306132833,0.04448313635697738,0.4944006585036686,0.5953569706417251,0.6210232490340043,0.551604881730493,0.721,0.634,0.57,True,999,0.00013308296911418438,0.0013148749712854624,weak_3x3_bal_strong_200_200,weak_null,True,1674,826020113,-4.9960036108132044e-14,0,0
200,200,0.10327653456511876,0.09700226803108136,0.09289956315632253,0.08288447154073708,0.006274266534037398,0.010015091615585447,0.04605163687506746,0.13624415894398556,0.21747525810548674,0.8916282668232939,0.8278379867631375,0.922,0.9,0.843,True,999,0.00011395802721381187,0.001284583006054163,weak_3x3_bal_strong_200_200,weak_null,True,1675,826020113,-4.9960036108132044e-14,0,0
200,200,0.11008718770100123,0.1160878116939838,0.09969314078924185,0.1024817749274547,-0.006000623992982568,-0.002788634138212842,0.05077454345437038,-0.11818174196632916,-0.05492189488062866,0.9059236563665284,0.9562006886107648,0.909,0.888,0.951,True,999,0.00011945795267820358,0.0013026250526309013,weak_3x3_bal_strong_200_200,weak_null,True,1676,826020113,-4.9960036108132044e-14,0,1
200,200,0.08731997583082118,0.11711460887842556,0.07691285979777263,0.10369455106800274,-0.02979463304760438,-0.026781691270230112,0.051050993384232635,-0.5836249418959711,-0.5246066627667578,0.559472675688208,0.5998566540437107,0.626,0.568,0.596,True,999,0.00011558400001376867,0.0012695000041276217,weak_3x3_bal_strong_200_200,weak_null,True,1677,826020113,-4.9960036108132044e-14,0,1
200,200,0.1061510756535009,0.13353321613273916,0.0957029461599177,0.1273715739557275,-0.02738214047923826,-0.03166862779580981,0.046322492641931695,-0.5911197545196781,-0.6836555200214545,0.5544401845999762,0.49419271703652845,0.629,0.567,0.492,True,999,0.00011150003410875797,0.00127054110635072,weak_3x3_bal_strong_200_200,weak_null,True,1678,826020113,-4.9960036108132044e-14,0,2
200,200,0.12436875834648586,0.14548902298806998,0.11389158182112169,0.13388095635060893,-0.02112026464158412,-0.019989374529487236,0.05277334639364881,-0.40020703792484746,-0.3787778470666194,0.6890040313233193,0.7048528392263727,0.701,0.676,0.691,True,999,0.00011908297892659903,0.0012958749430254102,weak_3x3_bal_strong_200_200,weak_null,True,1679,826020113,-4.9960036108132044e-14,0,1
200,200,0.0905485991547752,0.15007636818709147,0.08014386778546623,0.13188035124093744,-0.05952776903231627,-0.051736483455471216,0.05253270175385406,-1.1331564348477283,-0.9848433780902117,0.2571485653875212,0.3247010095839876,0.308,0.252,0.312,True,999,0.00011220795568078756,0.001324875047430396,weak_3x3_bal_strong_200_200,weak_null,True,1680,826020113,-4.9960036108132044e-14,0,0
200,200,0.09747325735395695,0.1512726319366079,0.08710582059120497,0.13462748442860573,-0.05379937458265094,-0.04752166383740075,0.05191843145912032,-1.0362288125944568,-0.9153139357613007,0.30009540791225,0.36002684524263695,0.349,0.278,0.348,True,999,0.00014070910401642323,0.0012749579036608338,weak_3x3_bal_strong_200_200,weak_null,True,1681,826020113,-4.9960036108132044e-14,0,0
200,200,0.13841578264725873,0.12602781239402094,0.12798051773378916,0.11497540001278139,0.01238797025323779,0.013005117721007764,0.05124787209683493,0.24172652924652596,0.2537689310579387,0.8089920716933985,0.7996740772891964,0.829,0.805,0.794,True,999,0.00011845794506371021,0.0012912079691886902,weak_3x3_bal_strong_200_200,weak_null,True,1682,826020113,-4.9960036108132044e-14,0,1
200,200,0.10884350416414823,0.10857509051349978,0.09834728994690067,0.09645586746393064,0.0002684136506484469,0.0018914224829700288,0.0465747521672702,0.005763072011300386,0.040610468010159405,0.9954017592729631,0.96760643877714,0.995,0.995,0.959,True,999,0.00011512497439980507,0.0012818749528378248,weak_3x3_bal_strong_200_200,weak_null,True,1683,826020113,-4.9960036108132044e-14,0,0
200,200,0.15166782457164096,0.11359257776653953,0.14118583139460839,0.10232660318006026,0.03807524680510144,0.038859228214548125,0.053886846881955226,0.7065777459295262,0.7211264058495263,0.4798289225366762,0.4708317459389273,0.54,0.477,0.464,True,999,0.0001264170277863741,0.0012918340507894754,weak_3x3_bal_strong_200_200,weak_null,True,1684,826020113,-4.9960036108132044e-14,0,1
200,200,0.07372986545065308,0.10243793879209911,0.06335795318196347,0.08820452880867435,-0.02870807334144604,-0.024846575626710887,0.043756053865980776,-0.6560937471503991,-0.5678431538367876,0.5117638073898755,0.5701414745063471,0.586,0.493,0.551,True,999,0.00011549994815140963,0.001299374969676137,weak_3x3_bal_strong_200_200,weak_null,True,1685,826020113,-4.9960036108132044e-14,0,0
200,200,0.09124082670296318,0.14504417306969752,0.08083409933604457,0.1360186555836549,-0.05380334636673434,-0.05518455624761032,0.05181813705687232,-1.0383110899506707,-1.0649660405012868,0.2991252472958478,0.2868912976828928,0.38,0.312,0.295,True,999,0.00011316698510199785,0.0013491250574588776,weak_3x3_bal_strong_200_200,weak_null,True,1686,826020113,-4.9960036108132044e-14,0,1
200,200,0.17975057481272394,0.09953601659709432,0.16911729550838572,0.08636879803755448,0.08021455821562962,0.08274849747083124,0.052809564854923545,1.5189399578654368,1.5669225394709236,0.12877760995905974,0.11713279851944572,0.243,0.157,0.136,True,999,0.00011362507939338684,0.0013680839911103249,weak_3x3_bal_strong_200_200,weak_null,True,1687,826020113,-4.9960036108132044e-14,0,0
200,200,0.10378240833089891,0.14641348180363412,0.09336562233883683,0.14089234600663758,-0.042631073472735204,-0.04752672366780075,0.05138733393003211,-0.8296027486224672,-0.9248723378510377,0.4067634222267905,0.355032317104758,0.459,0.403,0.342,True,999,0.00013041705824434757,0.0012688749702647328,weak_3x3_bal_strong_200_200,weak_null,True,1688,826020113,-4.9960036108132044e-14,0,3
200,200,0.0947195439347488,0.20063622210217075,0.08434100504990738,0.19005520293457323,-0.10591667816742195,-0.10571419788466585,0.052530677675898405,-2.0162823487810737,-2.0124278338249684,0.043770459593322625,0.04417485688068573,0.098,0.047,0.047,True,999,0.00011145800817757845,0.0012560830218717456,weak_3x3_bal_strong_200_200,weak_null,True,1689,826020113,-4.9960036108132044e-14,0,2
200,200,0.1516304113970226,0.11347836004315931,0.14115133235569033,0.09696016510062577,0.03815205135386329,0.044191167255064556,0.04980334385565499,0.7660540116430609,0.8873132571809595,0.4436441651342048,0.37491027001836874,0.529,0.461,0.382,True,999,0.00011733407154679298,0.0012797919334843755,weak_3x3_bal_strong_200_200,weak_null,True,1690,826020113,-4.9960036108132044e-14,0,0
200,200,0.1500700259444474,0.09915987782047264,0.1395919158957497,0.08575366116394889,0.05091014812397476,0.053838254731800816,0.051182478124431795,0.9946792337839727,1.0518883943233943,0.3198922974681866,0.2928507571950736,0.398,0.314,0.289,True,999,0.00011666701175272465,0.0012878329725936055,weak_3x3_bal_strong_200_200,weak_null,True,1691,826020113,-4.9960036108132044e-14,0,1
200,200,0.12507451182744678,0.12418842349012021,0.11469282899821565,0.11278877427811551,0.0008860883373265627,0.0019040547201001345,0.05132881360250083,0.017262981065344376,0.03709524118062541,0.9862268180301029,0.9704090664064552,0.99,0.988,0.97,True,999,0.00011804094538092613,0.0013235830701887608,weak_3x3_bal_strong_200_200,weak_null,True,1692,826020113,-4.9960036108132044e-14,0,1
200,200,0.08670503608088298,0.10674883965975374,0.0763027224369921,0.09870424891423824,-0.020043803578870756,-0.022401526477246136,0.04650784324426801,-0.43097684563863564,-0.4816720130320616,0.6664852064326793,0.630038960506036,0.723,0.659,0.631,True,999,0.0001324170734733343,0.0013390830717980862,weak_3x3_bal_strong_200_200,weak_null,True,1693,826020113,-4.9960036108132044e-14,0,2
200,200,0.11329491640174694,0.11083045684156384,0.10285770740932776,0.09649213184945893,0.0024644595601830965,0.00636557555986883,0.048206307335451094,0.051123176538575565,0.13204860342388355,0.9592273679308235,0.8949458483338868,0.956,0.949,0.879,True,999,0.00013420800678431988,0.0013827920192852616,weak_3x3_bal_strong_200_200,weak_null,True,1694,826020113,-4.9960036108132044e-14,0,0
200,200,0.09956110974006904,0.11580530017320934,0.08917189431949168,0.09734385734654438,-0.016244190433140293,-0.008171963027052698,0.04859484523705169,-0.33427805673418887,-0.16816522384604474,0.7381697471969999,0.8664532986409592,0.762,0.731,0.859,True,999,0.00012099999003112316,0.0012837499380111694,weak_3x3_bal_strong_200_200,weak_null,True,1695,826020113,-4.9960036108132044e-14,0,0
200,200,0.12357007386263752,0.05320528074706016,0.11314332368070268,0.0421884218569204,0.07036479311557736,0.07095490182378228,0.042198407178061954,1.6674750973102725,1.68145924381407,0.09541997213695397,0.09267374645990727,0.231,0.094,0.092,True,999,0.00011549994815140963,0.0012582920026034117,weak_3x3_bal_strong_200_200,weak_null,True,1696,826020113,-4.9960036108132044e-14,0,1
200,200,0.12717764906191698,0.07648641970468478,0.11671306859275887,0.067854242685506,0.05069122935723219,0.04885882590725288,0.04599174964900495,1.1021809290599345,1.0623389255709683,0.2703830212701057,0.2880818491793725,0.42,0.286,0.301,True,999,0.00011658400762826204,0.0012874590465798974,weak_3x3_bal_strong_200_200,weak_null,True,1697,826020113,-4.9960036108132044e-14,0,2
200,200,0.10144354381570153,0.12170657404635599,0.091018773462622,0.09922909950572034,-0.020263030230654455,-0.008210326043098348,0.050566797558247854,-0.40071808398215225,-0.16236594840005203,0.6886276949984146,0.8710176842330003,0.731,0.678,0.883,True,999,0.00011874991469085217,0.0013444999931380153,weak_3x3_bal_strong_200_200,weak_null,True,1698,826020113,-4.9960036108132044e-14,0,0
200,200,0.09491761536861043,0.13694298569495755,0.08456372330971362,0.12020336472139093,-0.04202537032634712,-0.0356396414116773,0.05127640842771784,-0.8195849049293007,-0.6950494877564792,0.41245278181671896,0.4870242886287258,0.488,0.424,0.502,True,999,0.00012783310376107693,0.0014437080826610327,weak_3x3_bal_strong_200_200,weak_null,True,1699,826020113,-4.9960036108132044e-14,0,0
200,200,0.12619934283391698,0.16650274225189382,0.11576259946571099,0.1549757313582063,-0.04030339941797684,-0.03921313189249531,0.0558062815701184,-0.7222018433057074,-0.702665198060644,0.47017039020949036,0.4822644209126532,0.519,0.485,0.494,True,999,0.00011779193300753832,0.0012442920124158263,weak_3x3_bal_strong_200_200,weak_null,True,1700,826020113,-4.9960036108132044e-14,0,1
200,200,0.09940717082401918,0.12009537531852343,0.08902279566549964,0.1091918139783985,-0.02068820449450426,-0.020169018312898856,0.048047119796288354,-0.43058157455053997,-0.41977580338659376,0.6667726409609674,0.6746492427148152,0.686,0.663,0.667,True,999,0.0001218749675899744,0.0012822500430047512,weak_3x3_bal_strong_200_200,weak_null,True,1701,826020113,-4.9960036108132044e-14,0,1
200,200,0.0947206358259376,0.10057793808488219,0.08429329281196374,0.08934243919216556,-0.005857302258944597,-0.005049146380201819,0.04573916727352397,-0.1280587865519599,-0.11038999354770736,0.8981024510094608,0.9121000886209519,0.927,0.911,0.927,True,999,0.00011770892888307571,0.0013024170184507966,weak_3x3_bal_strong_200_200,weak_null,True,1702,826020113,-4.9960036108132044e-14,0,1
200,200,0.1662456412355957,0.13373983537434764,0.15577499951453433,0.1168426116247474,0.03250580586124807,0.038932387889786924,0.055942128207812664,0.5810613021459636,0.6959404144433278,0.561199138566643,0.4864661462108484,0.604,0.547,0.482,True,999,0.00012012489605695009,0.0013155830092728138,weak_3x3_bal_strong_200_200,weak_null,True,1703,826020113,-4.9960036108132044e-14,0,0
200,200,0.09411968709085605,0.087094323215335,0.08374029322220622,0.07042494101588659,0.007025363875521051,0.01331535220631963,0.04432376389836728,0.15850106709416525,0.3004111346872804,0.874061979872603,0.7638635714496426,0.9,0.864,0.754,True,999,0.0001409579999744892,0.001338207977823913,weak_3x3_bal_strong_200_200,weak_null,True,1704,826020113,-4.9960036108132044e-14,0,0
200,200,0.12985223711556038,0.20012752776929865,0.11942785863143968,0.19135079239568142,-0.07027529065373828,-0.07192293376424175,0.05381041717516006,-1.3059792943991284,-1.3365987022572794,0.19155959898153563,0.18135366287251986,0.231,0.2,0.191,True,999,0.00011791707947850227,0.0013540840009227395,weak_3x3_bal_strong_200_200,weak_null,True,1705,826020113,-4.9960036108132044e-14,0,1
200,200,0.09916464968625371,0.09738750463914986,0.08876732047397695,0.0825852037971373,0.0017771450471038563,0.006182116676839655,0.04644015858250788,0.03826741986564264,0.13312005956775969,0.9694744669310275,0.8940984310941102,0.972,0.97,0.901,True,999,0.00011725001968443394,0.0013380841119214892,weak_3x3_bal_strong_200_200,weak_null,True,1706,826020113,-4.9960036108132044e-14,0,0
200,200,0.06888238644749345,0.1143448381622385,0.058508685409407235,0.09586126340798273,-0.045462451714745056,-0.0373525779985755,0.046588676820912986,-0.9758262053567835,-0.8017522829025371,0.3291505962340313,0.4226962658408322,0.45,0.358,0.45,True,999,0.00012562505435198545,0.0012574169086292386,weak_3x3_bal_strong_200_200,weak_null,True,1707,826020113,-4.9960036108132044e-14,0,0
200,200,0.09758790947698648,0.09336868656275671,0.08722078478240292,0.08689401934931595,0.00421922291422977,0.0003267654330869618,0.04643481345381615,0.09086335446197473,0.007037078622313433,0.9276011686028403,0.9943852699548221,0.949,0.935,0.996,True,999,0.00011441693641245365,0.001285957987420261,weak_3x3_bal_strong_200_200,weak_null,True,1708,826020113,-4.9960036108132044e-14,0,2
200,200,0.10476021854437789,0.0688497385240151,0.09438312977385976,0.06081542383374483,0.03591048002036279,0.033567705940114934,0.04335148642599223,0.8283563720858245,0.7743149937296905,0.4074687064826884,0.4387445390951753,0.535,0.419,0.446,True,999,0.00012049998622387648,0.0013370829401537776,weak_3x3_bal_strong_200_200,weak_null,True,1709,826020113,-4.9960036108132044e-14,0,2
200,200,0.10825277768695707,0.10919891563554163,0.09782354577700403,0.10099602435656152,-0.0009461379485845578,-0.0031724785795574917,0.047451662868981934,-0.01993898403933546,-0.06685705806173693,0.9840920465530766,0.9466954992112422,0.987,0.986,0.944,True,999,0.00012095808051526546,0.001378416083753109,weak_3x3_bal_strong_200_200,weak_null,True,1710,826020113,-4.9960036108132044e-14,0,2
200,200,0.13438671607918984,0.13612678412126467,0.12395838205898713,0.12688854627495516,-0.0017400680420748271,-0.002930164215968034,0.05063913060167651,-0.03436212315258862,-0.0578636359106652,0.9725883869684442,0.9538572489065698,0.98,0.975,0.955,True,999,0.00013045792002230883,0.0013204170390963554,weak_3x3_bal_strong_200_200,weak_null,True,1711,826020113,-4.9960036108132044e-14,0,1
200,200,0.10314372974500197,0.17665891893730812,0.09270929048102516,0.16602412619084816,-0.07351518919230615,-0.073314835709823,0.052805278297824554,-1.3921939541285364,-1.388399759893764,0.1638636730842602,0.16501534945783913,0.248,0.192,0.19,True,999,0.00011799996718764305,0.001353750005364418,weak_3x3_bal_strong_200_200,weak_null,True,1712,826020113,-4.9960036108132044e-14,0,2
200,200,0.10955213644800166,0.11765778820526696,0.09914706345782065,0.09926639017272976,-0.008105651757265298,-0.00011932671490910707,0.048956485704167885,-0.16556849701683607,-0.002437403608383358,0.868496540799677,0.9980552352180465,0.869,0.85,0.997,True,999,0.00012179103214293718,0.0013214170467108488,weak_3x3_bal_strong_200_200,weak_null,True,1713,826020113,-4.9960036108132044e-14,0,0
200,200,0.15755859129717376,0.1305693585342777,0.14709096853937353,0.12197661549728878,0.026989232762896054,0.02511435304208476,0.05441810486405598,0.49596054163074815,0.46150730726150635,0.6199222504656726,0.6444346800192954,0.648,0.606,0.631,True,999,0.00011504208669066429,0.0012521250173449516,weak_3x3_bal_strong_200_200,weak_null,True,1714,826020113,-4.9960036108132044e-14,0,2
200,200,0.08472794827475805,0.09465380981810978,0.07433966839982986,0.08558272902774888,-0.009925861543351733,-0.011243060627919021,0.042777716331084265,-0.23203346028406718,-0.26282517142574285,0.8165120253586314,0.7926853334055222,0.846,0.807,0.794,True,999,0.0001090840669348836,0.001263208920136094,weak_3x3_bal_strong_200_200,weak_null,True,1715,826020113,-4.9960036108132044e-14,0,1
200,200,0.09876874558253346,0.04983364931325229,0.08838942789003568,0.036263169252428895,0.048935096269281164,0.05212625863760678,0.040439437610891665,1.2100835016583251,1.2889956368623552,0.2262468532244446,0.19739960343881802,0.406,0.23,0.199,True,999,0.00010791607201099396,0.001288333092816174,weak_3x3_bal_strong_200_200,weak_null,True,1716,826020113,-4.9960036108132044e-14,0,1
200,200,0.1283646475327358,0.11865149529970515,0.1177362718846382,0.10395903533822093,0.009713152233030653,0.01377723654641727,0.04954255159760955,0.19605676170904604,0.27808895791879296,0.8445657385678731,0.780944071868674,0.88,0.85,0.793,True,999,0.00011074997019022703,0.0012656250037252903,weak_3x3_bal_strong_200_200,weak_null,True,1717,826020113,-4.9960036108132044e-14,0,0
200,200,0.12089312741949843,0.1530235275518933,0.11042677558808123,0.13803631980620423,-0.032130400132394876,-0.027609544218123006,0.052913669006146836,-0.6072230623180255,-0.5217847247544992,0.5437028891465461,0.6018202263639967,0.604,0.566,0.612,True,999,0.00010920804925262928,0.001273707952350378,weak_3x3_bal_strong_200_200,weak_null,True,1718,826020113,-4.9960036108132044e-14,0,0
200,200,0.0791243824468808,0.14675917797455018,0.06871262296769487,0.13349697751684175,-0.06763479552766938,-0.06478435454914688,0.049591072018951465,-1.3638502410640048,-1.3063713267660202,0.1726147041512961,0.19142631179655667,0.211,0.18,0.196,True,999,0.00011074997019022703,0.0012951659737154841,weak_3x3_bal_strong_200_200,weak_null,True,1719,826020113,-4.9960036108132044e-14,0,1
200,200,0.12336923535518096,0.12609914971969033,0.1129632769790021,0.11769923614522781,-0.002729914364509367,-0.004735959166225712,0.050959321974905165,-0.05357046088355942,-0.09293607102068444,0.9572773915054534,0.9259543492125598,0.954,0.95,0.923,True,999,0.000120542012155056,0.0012759160017594695,weak_3x3_bal_strong_200_200,weak_null,True,1720,826020113,-4.9960036108132044e-14,0,2
200,200,0.09058673161791209,0.10277632268699327,0.08023140065913026,0.08897641988116334,-0.012189591069081185,-0.008745019222033079,0.04664528430094492,-0.26132526045798493,-0.18747917079060286,0.7938416881576408,0.8512849534410951,0.824,0.777,0.841,True,999,0.00011158396955579519,0.0012800419935956597,weak_3x3_bal_strong_200_200,weak_null,True,1721,826020113,-4.9960036108132044e-14,0,1
200,200,0.12022697841235619,0.027068490565189895,0.1098193714219633,0.01352802529596886,0.0931584878471663,0.09629134612599444,0.03688056844686576,2.525950433258119,2.610896474242864,0.01153857596449265,0.00903052266038389,0.082,0.012,0.01,True,999,0.00011983292642980814,0.001348958001472056,weak_3x3_bal_strong_200_200,weak_null,True,1722,826020113,-4.9960036108132044e-14,0,1
200,200,0.09834591517865743,0.12248282702684504,0.08799207128973308,0.11139541230528494,-0.024136911848187614,-0.02340334101555186,0.046607567744504745,-0.5178753798203398,-0.5021360724903141,0.6045452207418789,0.615571807393231,0.677,0.61,0.615,True,999,0.00012016703840345144,0.0012452920200303197,weak_3x3_bal_strong_200_200,weak_null,True,1723,826020113,-4.9960036108132044e-14,0,1
200,200,0.11030871168527412,0.08424171653604773,0.09991390181195925,0.06598325374191916,0.02606699514922639,0.03393064807004009,0.04584177055877753,0.5686297634556619,0.7401687948883824,0.5696074218818923,0.45919757960584484,0.67,0.603,0.496,True,999,0.00011212506797164679,0.0012442499864846468,weak_3x3_bal_strong_200_200,weak_null,True,1724,826020113,-4.9960036108132044e-14,0,0
200,200,0.13982327129196803,0.09783309104598181,0.12930102093199025,0.09170194370570783,0.04199018024598622,0.03759907722628242,0.04856295998212808,0.864654466314229,0.7742336389733957,0.38722846826909907,0.43879263887442876,0.487,0.398,0.448,True,999,0.00011025008279830217,0.0012729589361697435,weak_3x3_bal_strong_200_200,weak_null,True,1725,826020113,-4.9960036108132044e-14,0,2
200,200,0.12165598074836836,0.11241653195446288,0.11122756910330622,0.10368786502582594,0.00923944879390548,0.00753970407748028,0.05075065392945399,0.1820557584686256,0.14856368329678776,0.8555389680575066,0.8818979314546628,0.879,0.858,0.882,True,999,0.00011316593736410141,0.0012988339876756072,weak_3x3_bal_strong_200_200,weak_null,True,1726,826020113,-4.9960036108132044e-14,0,2
200,200,0.14509062462820888,0.09458639473085056,0.13459631102628578,0.08809499985564173,0.05050422989735831,0.046501311170644044,0.049727351607961774,1.0156227561749367,0.9351254323224161,0.30980906412508513,0.34972366133711064,0.413,0.317,0.35,True,999,0.00011124997399747372,0.001315374975092709,weak_3x3_bal_strong_200_200,weak_null,True,1727,826020113,-4.9960036108132044e-14,0,2
200,200,0.07968382799641982,0.12122991537869232,0.06933820341336627,0.10663277497435786,-0.0415460873822725,-0.037294571560991585,0.04771918915973927,-0.8706369096758454,-0.7815424406342816,0.3839524366024495,0.4344835253851055,0.46,0.374,0.425,True,999,0.00012758304364979267,0.0013009581016376615,weak_3x3_bal_strong_200_200,weak_null,True,1728,826020113,-4.9960036108132044e-14,0,0
200,200,0.1583258761100499,0.1082425428018014,0.147767134605175,0.09409881108825857,0.05008333330824849,0.053668323516916416,0.05016645968535405,0.9983429889685872,1.0698048826551882,0.31811306855774824,0.28470714407393327,0.426,0.341,0.298,True,999,0.00011437502689659595,0.0012439170386642218,weak_3x3_bal_strong_200_200,weak_null,True,1729,826020113,-4.9960036108132044e-14,0,0
200,200,0.06967209628774063,0.15389585144540507,0.05934082794760798,0.13890608002537874,-0.08422375515766445,-0.07956525207777077,0.04953166185339157,-1.7004023690333219,-1.6063513538729108,0.08905526652579,0.10819673288519549,0.128,0.084,0.098,True,999,0.0001106249401345849,0.0012738329824060202,weak_3x3_bal_strong_200_200,weak_null,True,1730,826020113,-4.9960036108132044e-14,0,0
200,200,0.13062283701399857,0.10068117942698229,0.12019222224543569,0.0823722374059912,0.02994165758701628,0.03781998483944449,0.05001536903614836,0.5986491385353189,0.7561672655481214,0.5494068807213139,0.44954891632648275,0.601,0.54,0.429,True,999,0.00011508294846862555,0.0012949579395353794,weak_3x3_bal_strong_200_200,weak_null,True,1731,826020113,-4.9960036108132044e-14,0,0
200,200,0.09529834289033134,0.11017978132903372,0.08489457399539901,0.09848138474157508,-0.014881438438702377,-0.01358681074617607,0.046884885063167576,-0.31740375216133626,-0.28979085109989466,0.7509372604900766,0.7719762474570399,0.789,0.749,0.768,True,999,0.00011424999684095383,0.0013255840167403221,weak_3x3_bal_strong_200_200,weak_null,True,1732,826020113,-4.9960036108132044e-14,0,1
200,200,0.1523600941162957,0.1005680484551435,0.14190161468141582,0.08634003617915198,0.0517920456611522,0.05556157850226384,0.05033043601707469,1.0290402738331466,1.103935965971256,0.3034607501372154,0.2696209158645474,0.41,0.323,0.285,True,999,0.00011262495536357164,0.001349459053017199,weak_3x3_bal_strong_200_200,weak_null,True,1733,826020113,-4.9960036108132044e-14,0,0
200,200,0.10710998382781955,0.060939723712588656,0.09662493912082937,0.05271139922705004,0.0461702601152309,0.04391353989377933,0.04194014123811485,1.1008608638940813,1.0470527422514035,0.2709572173281809,0.29507525346409424,0.395,0.26,0.287,True,999,0.00011333299335092306,0.0013580420054495335,weak_3x3_bal_strong_200_200,weak_null,True,1734,826020113,-4.9960036108132044e-14,0,2
200,200,0.11819871323344855,0.09385792968493001,0.10780452611811597,0.07528021094471171,0.02434078354851854,0.03252431517340426,0.04886614376055259,0.4981114054710359,0.6655797382493616,0.618405522029913,0.5056797608480251,0.707,0.626,0.51,True,999,0.00011416594497859478,0.0013206250732764602,weak_3x3_bal_strong_200_200,weak_null,True,1735,826020113,-4.9960036108132044e-14,0,0
200,200,0.15410625212358697,0.0414511837532936,0.14348021789396626,0.028158824737388954,0.11265506837029338,0.1153213931565773,0.04208428850814743,2.6768913616891394,2.740248136409656,0.007430872501663094,0.006139281531255164,0.058,0.013,0.012,True,999,0.00011258304584771395,0.0013325829058885574,weak_3x3_bal_strong_200_200,weak_null,True,1736,826020113,-4.9960036108132044e-14,0,1
200,200,0.09745135746256395,0.07860492201402969,0.08706196073552519,0.06673280181779973,0.01884643544853426,0.020329158917725465,0.04373630149074183,0.43091058928528064,0.46481202627590207,0.666533383530701,0.6420660747147894,0.731,0.651,0.617,True,999,0.00011354207526892424,0.0013230829499661922,weak_3x3_bal_strong_200_200,weak_null,True,1737,826020113,-4.9960036108132044e-14,0,1
200,200,0.13883926646012723,0.15299723190496367,0.12838076046014635,0.139623521856592,-0.01415796544483644,-0.011242761396445644,0.05338726991403595,-0.26519365885600743,-0.21058880543149539,0.7908602795789903,0.8332081483979468,0.815,0.785,0.83,True,999,0.00011699995957314968,0.0013528340496122837,weak_3x3_bal_strong_200_200,weak_null,True,1738,826020113,-4.9960036108132044e-14,0,1
200,200,0.09996716919331217,0.09554417539787846,0.08953860809518233,0.08524240326975274,0.004422993795433705,0.004296204825429584,0.04808952452957896,0.09197416357720911,0.08933764405982157,0.9267185670439957,0.9288135780281163,0.922,0.915,0.915,True,999,0.00012804195284843445,0.0013262080028653145,weak_3x3_bal_strong_200_200,weak_null,True,1739,826020113,-4.9960036108132044e-14,0,2
200,200,0.06612769084191505,0.13033350119440323,0.0557955924076623,0.1188036552406686,-0.06420581035248818,-0.0630080628330063,0.04710129921918538,-1.3631430855804454,-1.3377139033851058,0.172837420203519,0.18098971696516386,0.229,0.17,0.172,True,999,0.0001634999644011259,0.001289375009946525,weak_3x3_bal_strong_200_200,weak_null,True,1740,826020113,-4.9960036108132044e-14,0,1
200,200,0.10067712548758934,0.07477867406351346,0.09028162813163476,0.06615956512709431,0.025898451424075875,0.02412206300454045,0.042893642521579935,0.6037829827822684,0.5623691900822962,0.5459879347270882,0.5738645061485146,0.656,0.546,0.568,True,999,0.00011216604616492987,0.0012731669703498483,weak_3x3_bal_strong_200_200,weak_null,True,1741,826020113,-4.9960036108132044e-14,0,2
200,200,0.07609213870661713,0.09967223990759533,0.06575438117798171,0.08521200960660735,-0.0235801012009782,-0.01945762842862564,0.04483788074200372,-0.5258968713677088,-0.4339551313895599,0.5989598628265541,0.664321023666675,0.661,0.598,0.652,True,999,0.00011216697748750448,0.0012381660053506494,weak_3x3_bal_strong_200_200,weak_null,True,1742,826020113,-4.9960036108132044e-14,0,0
200,200,0.10632803131188084,0.12710768620214752,0.0958977070815763,0.11263499426647172,-0.020779654890266674,-0.016737287184895422,0.049839924537134914,-0.41692789632504546,-0.33582087734552535,0.6767311482427998,0.7370059457069338,0.741,0.694,0.743,True,999,0.000114459078758955,0.0012612499995157123,weak_3x3_bal_strong_200_200,weak_null,True,1743,826020113,-4.9960036108132044e-14,0,0
200,200,0.08163467931833646,0.08975170482882083,0.07129689870421885,0.07614140342457176,-0.008117025510484377,-0.004844504720352916,0.04553027321819701,-0.17827754890871725,-0.10640183723775064,0.8585050097378947,0.9152635354492332,0.881,0.858,0.898,True,999,0.00012691691517829895,0.0013211669865995646,weak_3x3_bal_strong_200_200,weak_null,True,1744,826020113,-4.9960036108132044e-14,0,1
200,200,0.12751061871862235,0.1447579811945186,0.11708902325153758,0.13421173852960067,-0.017247362475896255,-0.017122715278063083,0.0526788540731729,-0.32740580218277,-0.3250396307839003,0.7433609785793069,0.7451510777374355,0.771,0.733,0.733,True,999,0.00011387502308934927,0.001323250005953014,weak_3x3_bal_strong_200_200,weak_null,True,1745,826020113,-4.9960036108132044e-14,0,2
200,200,0.11612199140362667,0.1605497641716928,0.10566426194824885,0.15193041439027866,-0.04442777276806614,-0.046266152442029806,0.05467847954771846,-0.8125275818851835,-0.8461492130857967,0.41648896651961254,0.3974695096891466,0.465,0.433,0.407,True,999,0.0001231249189004302,0.001254500006325543,weak_3x3_bal_strong_200_200,weak_null,True,1746,826020113,-4.9960036108132044e-14,0,2
200,200,0.1696217736115595,0.09626524711296769,0.1591597969886891,0.08191428075626561,0.07335652649859181,0.07724551623242348,0.052072943336336254,1.408726332690397,1.4834098340379758,0.15891610537949774,0.13796555622625106,0.236,0.153,0.13,True,999,0.00011074997019022703,0.0012714159674942493,weak_3x3_bal_strong_200_200,weak_null,True,1747,826020113,-4.9960036108132044e-14,0,0
200,200,0.11125808260360115,0.09893534602140797,0.10082462421442528,0.08765279498931022,0.012322736582193183,0.013171829225115061,0.04738933845666078,0.2600318338155904,0.2779492108158708,0.7948392181516011,0.7810513468784874,0.818,0.775,0.761,True,999,0.00011170899961143732,0.001284874975681305,weak_3x3_bal_strong_200_200,weak_null,True,1748,826020113,-4.9960036108132044e-14,0,1
200,200,0.09289560113564477,0.12392755491617302,0.08254063620688612,0.11265720493267395,-0.031031953780528254,-0.03011656872578783,0.04797637697526618,-0.6468173658991907,-0.6277374538163683,0.5177501517289516,0.5301759454236459,0.594,0.546,0.554,True,999,0.00011612498201429844,0.0012450419599190354,weak_3x3_bal_strong_200_200,weak_null,True,1749,826020113,-4.9960036108132044e-14,0,1
200,200,0.0890223643025656,0.06623116071773305,0.07864766637439402,0.059728411928844594,0.022791203584832553,0.018919254445549427,0.041677393878760426,0.5468480983031757,0.4539452370890933,0.5844830955466164,0.6498682429681484,0.689,0.596,0.649,True,999,0.00011291599366813898,0.001287749968469143,weak_3x3_bal_strong_200_200,weak_null,True,1750,826020113,-4.9960036108132044e-14,0,2
200,200,0.08519549981342633,0.06354026969826831,0.07481242535911292,0.04984885375712622,0.02165523011515802,0.0249635716019867,0.04212228737723897,0.5141038500881496,0.5926452041509008,0.6071793857709549,0.5534186200175149,0.664,0.575,0.522,True,999,0.00012149999383836985,0.001355875050649047,weak_3x3_bal_strong_200_200,weak_null,True,1751,826020113,-4.9960036108132044e-14,0,1
200,200,0.11602307052175842,0.10533439715523518,0.10560745782973413,0.08700304207346221,0.010688673366523238,0.01860441575627192,0.04898322409157792,0.21821089903228783,0.37981198872270083,0.8272647934953495,0.7040849823662986,0.858,0.828,0.695,True,999,0.00011879194062203169,0.0012984169879928231,weak_3x3_bal_strong_200_200,weak_null,True,1752,826020113,-4.9960036108132044e-14,0,0
200,200,0.1264148593989396,0.09792116288477037,0.11599412692720534,0.08174491490260039,0.02849369651416922,0.03424921202460496,0.0477882063243843,0.596249549957059,0.7166875398528828,0.5510085284512427,0.47356691588250177,0.645,0.551,0.491,True,999,0.00011791696306318045,0.0013155000051483512,weak_3x3_bal_strong_200_200,weak_null,True,1753,826020113,-4.9960036108132044e-14,0,0
200,200,0.12091093325790836,0.13935918738646375,0.11044551876477726,0.12681493251044174,-0.018448254128555386,-0.016369413745664474,0.05144414659101322,-0.3586074480974695,-0.31819778984387015,0.7198887741523081,0.7503349091611514,0.774,0.726,0.753,True,999,0.00011720904149115086,0.0013134169857949018,weak_3x3_bal_strong_200_200,weak_null,True,1754,826020113,-4.9960036108132044e-14,0,0
200,200,0.09800554953640717,0.18597929293173182,0.08761923231583069,0.17257267273572552,-0.08797374339532466,-0.08495344041989483,0.05296800632501763,-1.6608845508646841,-1.603863281140147,0.09673663561938199,0.10874419211371568,0.121,0.111,0.12,True,999,0.0001179591054096818,0.0013181669637560844,weak_3x3_bal_strong_200_200,weak_null,True,1755,826020113,-4.9960036108132044e-14,0,1
200,200,0.12356305344114915,0.1437429462055042,0.11313545496813049,0.1325184807740527,-0.020179892764355056,-0.019383025805922216,0.05220619698725885,-0.38654209517080984,-0.3712782566914945,0.6990952330317788,0.7104302910854713,0.745,0.695,0.707,True,999,0.00012383400462567806,0.0013595420168712735,weak_3x3_bal_strong_200_200,weak_null,True,1756,826020113,-4.9960036108132044e-14,0,1
200,200,0.11699468704861671,0.1200370787432069,0.10655451827707907,0.10349330546674196,-0.0030423916945901963,0.0030612128103371106,0.04901061666607651,-0.062076176582696145,0.06246019778110603,0.9505021687342601,0.9501963575908798,0.957,0.95,0.948,True,999,0.00011791707947850227,0.001358125009573996,weak_3x3_bal_strong_200_200,weak_null,True,1757,826020113,-4.9960036108132044e-14,0,0
200,200,0.1419471006492723,0.10278367544527706,0.13145203508599934,0.09602958277795892,0.03916342520399524,0.03542245230804042,0.048166658567363775,0.8130816288454594,0.7354143584301189,0.4161712586127607,0.4620871799006121,0.535,0.46,0.494,True,999,0.00011449994053691626,0.001262041972950101,weak_3x3_bal_strong_200_200,weak_null,True,1758,826020113,-4.9960036108132044e-14,0,2
200,200,0.135036992555442,0.08115172799797077,0.12458042513105738,0.06582484934888555,0.053885264557471224,0.05875557578217183,0.04672387468797718,1.1532704622062688,1.257506492655897,0.24879939000886797,0.20857028948426626,0.382,0.281,0.233,True,999,0.0001112079480662942,0.0012911249650642276,weak_3x3_bal_strong_200_200,weak_null,True,1759,826020113,-4.9960036108132044e-14,0,1
200,200,0.12943772012106147,0.10819324614461517,0.11885636496921848,0.09480144650657962,0.0212444739764463,0.024054918462638852,0.04705024654252445,0.45152736781613556,0.5112602001117633,0.6516095048337909,0.6091688699517646,0.722,0.677,0.626,True,999,0.00011383299715816975,0.0013072500005364418,weak_3x3_bal_strong_200_200,weak_null,True,1760,826020113,-4.9960036108132044e-14,0,1
200,200,0.11937022265837505,0.1459420226034559,0.10895514310206522,0.13441778154800943,-0.026571799945080854,-0.025462638445944208,0.052774563173381486,-0.5034963502735951,-0.4824793786031201,0.6146153457099102,0.6294654440076617,0.644,0.61,0.614,True,999,0.00011891697067767382,0.0013482091017067432,weak_3x3_bal_strong_200_200,weak_null,True,1761,826020113,-4.9960036108132044e-14,0,1
200,200,0.16669477152425172,0.14228687216001912,0.15617497583798468,0.1331603138371804,0.0244078993642326,0.023014662000804265,0.053138986573421,0.4593218828234281,0.4331031411185345,0.6460030357282371,0.6649398409041366,0.677,0.637,0.654,True,999,0.00011733302380889654,0.0013430409599095583,weak_3x3_bal_strong_200_200,weak_null,True,1762,826020113,-4.9960036108132044e-14,0,1
200,200,0.1038417215701204,0.17812614871811105,0.09344057778488946,0.17190411650486226,-0.07428442714799066,-0.0784635387199728,0.05337715619375828,-1.3916894875092127,-1.4699834969692152,0.16401644704557417,0.14156622365446453,0.206,0.181,0.152,True,999,0.00011549994815140963,0.00133500003721565,weak_3x3_bal_strong_200_200,weak_null,True,1763,826020113,-4.9960036108132044e-14,0,2
200,200,0.08513557891318668,0.09798800221531073,0.0747318465339788,0.08962427898303815,-0.01285242330212405,-0.014892432449059356,0.04696706654957314,-0.27364756299094134,-0.31708244825851717,0.784355478607027,0.7511810425097911,0.834,0.793,0.752,True,999,0.00011529203038662672,0.001265416038222611,weak_3x3_bal_strong_200_200,weak_null,True,1764,826020113,-4.9960036108132044e-14,0,2
200,200,0.1337526840012484,0.06658245159206022,0.12331912363089259,0.05742759011971543,0.06717023240918818,0.06589153351117716,0.04513669997202904,1.4881511597173296,1.4598216872746517,0.1367110341155628,0.14433908654639394,0.284,0.155,0.161,True,999,0.00011237501166760921,0.0012533749686554074,weak_3x3_bal_strong_200_200,weak_null,True,1765,826020113,-4.9960036108132044e-14,0,1
200,200,0.1325716705433848,0.0738519763324203,0.12215796652984068,0.055647777008246635,0.05871969421096451,0.06651018952159404,0.04545545954423106,1.2918072944312995,1.463194744668138,0.19642388860449167,0.1434140984175987,0.321,0.208,0.156,True,999,0.00010808289516717196,0.0012534160632640123,weak_3x3_bal_strong_200_200,weak_null,True,1766,826020113,-4.9960036108132044e-14,0,0
200,200,0.1293261912314041,0.14848424454533438,0.1188271585001246,0.1374045849153731,-0.01915805331393028,-0.01857742641524851,0.048827795049262886,-0.3923595831964461,-0.3804682639571487,0.6947925446565268,0.7035978501196877,0.756,0.709,0.713,True,999,0.0001116669736802578,0.0012952500255778432,weak_3x3_bal_strong_200_200,weak_null,True,1767,826020113,-4.9960036108132044e-14,0,1
200,200,0.07497802582469593,0.07336438190676697,0.0646036554502416,0.06701177172885764,0.001613643917928953,-0.002408116278616035,0.04077508493166843,0.03957426258297498,-0.05905852268981404,0.9684325468433798,0.9529054950440705,0.984,0.974,0.964,True,999,0.00011704105418175459,0.0013021670747548342,weak_3x3_bal_strong_200_200,weak_null,True,1768,826020113,-4.9960036108132044e-14,0,2
200,200,0.11276749464292601,0.11602340373368758,0.10235333004865765,0.10241224962275908,-0.003255909090761566,-5.891957410142368e-05,0.04737518208718556,-0.06872604911089623,-0.001243680161334108,0.945207683030305,0.9990076870565031,0.956,0.946,1.0,True,999,0.00011441705282777548,0.0013114579487591982,weak_3x3_bal_strong_200_200,weak_null,True,1769,826020113,-4.9960036108132044e-14,0,1
200,200,0.12766850018380982,0.11458669920722864,0.11725742209421242,0.10637445206697294,0.013081800976581182,0.01088297002723948,0.04988035742244814,0.2622635773394409,0.2181814764290705,0.7931182405176856,0.8272877170978126,0.839,0.814,0.84,True,999,0.00011316698510199785,0.0012599999317899346,weak_3x3_bal_strong_200_200,weak_null,True,1770,826020113,-4.9960036108132044e-14,0,2
200,200,0.14769116832497953,0.08475227858669387,0.13715278523807228,0.07515777292491066,0.06293888973828565,0.061995012313161624,0.04648428905417338,1.3539819801252821,1.3336766803276663,0.17574212678657286,0.1823098404972292,0.294,0.196,0.202,True,999,0.00011674989946186543,0.0013056250754743814,weak_3x3_bal_strong_200_200,weak_null,True,1771,826020113,-4.9960036108132044e-14,0,1
200,200,0.0871727088476455,0.18116406175570254,0.0768088448908486,0.1653517204599524,-0.09399135290805705,-0.08854287556910378,0.0528387896963964,-1.7788324344315412,-1.6757173295955035,0.07526723793489279,0.09379357375038566,0.101,0.079,0.097,True,999,0.00010858301538974047,0.0012422919971868396,weak_3x3_bal_strong_200_200,weak_null,True,1772,826020113,-4.9960036108132044e-14,0,0
200,200,0.1380886580606342,0.061362100940447806,0.12766577985320282,0.050541067632764225,0.07672655712018639,0.0771247122204386,0.04370840328006328,1.7554188980219207,1.7645282470343067,0.07918768190661392,0.07764308393860936,0.178,0.09,0.088,True,999,0.00011775002349168062,0.0012752499897032976,weak_3x3_bal_strong_200_200,weak_null,True,1773,826020113,-4.9960036108132044e-14,0,1
200,200,0.09068409186127013,0.17739603892311961,0.08027841926426049,0.1642142733503107,-0.08671194706184948,-0.0839358540860502,0.05117115333652275,-1.6945474433924854,-1.640296311753092,0.0901613043514165,0.10094357212754133,0.13,0.104,0.113,True,999,0.0001284159952774644,0.0012839999981224537,weak_3x3_bal_strong_200_200,weak_null,True,1774,826020113,-4.9960036108132044e-14,0,1
200,200,0.06341397004547233,0.09479006953770852,0.053075561460900644,0.08343163352338934,-0.03137609949223619,-0.030356072062488693,0.042280882287567,-0.7420871513237688,-0.7179621242533796,0.45803453405646344,0.4727806408846994,0.574,0.461,0.474,True,999,0.0001128750154748559,0.0013102499069646,weak_3x3_bal_strong_200_200,weak_null,True,1775,826020113,-4.9960036108132044e-14,0,1
200,200,0.10464826473313193,0.16519195976670314,0.09426193244831893,0.14267729760886994,-0.06054369503357121,-0.048415365160551005,0.05272172735906831,-1.1483632662721832,-0.9183190230246392,0.2508186314791504,0.3584518709250316,0.293,0.249,0.354,True,999,0.00011454103514552116,0.0012770839966833591,weak_3x3_bal_strong_200_200,weak_null,True,1776,826020113,-4.9960036108132044e-14,0,0
200,200,0.058984628508676806,0.07718501984493337,0.048647728100519316,0.06291276028291293,-0.01820039133625656,-0.014265032182393611,0.03931612754951839,-0.4629243130146349,-0.36282902390188104,0.6434186195394691,0.7167326092556945,0.708,0.629,0.701,True,999,0.00011100003030151129,0.0012953750556334853,weak_3x3_bal_strong_200_200,weak_null,True,1777,826020113,-4.9960036108132044e-14,0,0
200,200,0.0744425841214944,0.07066097968467139,0.06407717853025474,0.05600240405216539,0.003781604436823016,0.008074774478089353,0.040082869422992766,0.09434465374511765,0.20145200666341054,0.9248353795188686,0.8403451531990076,0.935,0.92,0.848,True,999,0.00011012505274266005,0.0013239170657470822,weak_3x3_bal_strong_200_200,weak_null,True,1778,826020113,-4.9960036108132044e-14,0,0
200,200,0.14292229042960747,0.1355152475702751,0.13211319978563552,0.11895773379019658,0.007407042859332358,0.01315546599543893,0.05124370739088099,0.14454541321205167,0.2567235406113492,0.8850697983929694,0.7973921976689979,0.891,0.878,0.804,True,999,0.0001181670231744647,0.0012772090267390013,weak_3x3_bal_strong_200_200,weak_null,True,1779,826020113,-4.9960036108132044e-14,0,0
200,200,0.12615117356121863,0.21065130901044476,0.11556117693001511,0.20531614784158592,-0.08450013544922613,-0.08975497091157081,0.0532655763148301,-1.5863929632485694,-1.6850464619225645,0.11265019567813016,0.09197960773804131,0.176,0.136,0.115,True,999,0.00011183402966707945,0.0013510839780792594,weak_3x3_bal_strong_200_200,weak_null,True,1780,826020113,-4.9960036108132044e-14,0,3
200,200,0.08478372146128699,0.09350042978689732,0.07442773546245007,0.08199394476888244,-0.008716708325610334,-0.00756620930643237,0.04464659454148216,-0.1952379216182198,-0.16946890091253058,0.845206693082787,0.8654278320058932,0.872,0.835,0.857,True,999,0.00012324994895607233,0.0012386669404804707,weak_3x3_bal_strong_200_200,weak_null,True,1781,826020113,-4.9960036108132044e-14,0,1
200,200,0.150784755173611,0.10082809238669888,0.14031190555706985,0.08740925843824243,0.04995666278691213,0.05290264711882742,0.048892365213918515,1.02176817522198,1.0820226611529784,0.30689063525090066,0.27924245869325603,0.4,0.314,0.284,True,999,0.00010887498501688242,0.0012760839890688658,weak_3x3_bal_strong_200_200,weak_null,True,1782,826020113,-4.9960036108132044e-14,0,1
200,200,0.0922182645896974,0.14632092563482674,0.08186121948168079,0.13477713906378597,-0.05410266104512934,-0.052915919582105175,0.050492689044470344,-1.0714949444954218,-1.0479917109485024,0.2839469426382234,0.2946424259120277,0.366,0.301,0.308,True,999,0.00010687496978789568,0.0012651249999180436,weak_3x3_bal_strong_200_200,weak_null,True,1783,826020113,-4.9960036108132044e-14,0,1
200,200,0.06402099137230777,0.06223001489694269,0.05364546260935299,0.052004580388164356,0.0017909764753650803,0.0016408822211886331,0.03852226711389106,0.046491980081807216,0.0425956815142101,0.9629181261436377,0.9660238380200379,0.98,0.967,0.971,True,999,0.00010612490586936474,0.0012787090381607413,weak_3x3_bal_strong_200_200,weak_null,True,1784,826020113,-4.9960036108132044e-14,0,2
200,200,0.07281101574292692,0.16199129567398346,0.06246377565346961,0.15068410847872826,-0.08918027993105654,-0.08822033282525865,0.05033972597653296,-1.7715686408906957,-1.7524992660147698,0.07646618907074659,0.07968799596424857,0.116,0.082,0.09,True,999,0.00011262495536357164,0.00130091595929116,weak_3x3_bal_strong_200_200,weak_null,True,1785,826020113,-4.9960036108132044e-14,0,1
200,200,0.08930543737219954,0.10272270274170625,0.07889470815217692,0.08892280045427725,-0.013417265369506715,-0.010028092302100333,0.04543504253915673,-0.2953065435768763,-0.22071273056381416,0.7677597182563209,0.825316118345583,0.818,0.765,0.823,True,999,0.00011274998541921377,0.0013562919339165092,weak_3x3_bal_strong_200_200,weak_null,True,1786,826020113,-4.9960036108132044e-14,0,1
200,200,0.08092684267721673,0.1349852214236003,0.07049538740008643,0.11914045240301618,-0.054058378746383584,-0.048645065002929755,0.047410305878347055,-1.1402242138048047,-1.0260441079572666,0.25419290209910395,0.3048707937304661,0.354,0.247,0.299,True,999,0.00011270807590335608,0.0013077500043436885,weak_3x3_bal_strong_200_200,weak_null,True,1787,826020113,-4.9960036108132044e-14,0,1
200,200,0.13486183446179756,0.06482385976560867,0.1244151200389183,0.04827837908860033,0.07003797469618889,0.07613674095031797,0.046103804735400114,1.5191365462818578,1.6514199074736562,0.12872812927708438,0.09865286263502815,0.262,0.144,0.105,True,999,0.00011650007218122482,0.0013033750001341105,weak_3x3_bal_strong_200_200,weak_null,True,1788,826020113,-4.9960036108132044e-14,0,0
200,200,0.09478324079176392,0.12729781675454133,0.08440756189747844,0.11176396674254363,-0.0325145759627774,-0.027356404845065185,0.05014009521712736,-0.6484745555822309,-0.5455993796302268,0.5166780626648773,0.5853413508899656,0.562,0.525,0.597,True,999,0.0001152500044554472,0.0013050410198047757,weak_3x3_bal_strong_200_200,weak_null,True,1789,826020113,-4.9960036108132044e-14,0,1
200,200,0.08707840783609244,0.040767332592929945,0.07668247427676533,0.035639513183099325,0.0463110752431625,0.04104296109366601,0.03717685191549325,1.2456965250428482,1.103992376411021,0.2128758298863518,0.26959644472500477,0.409,0.198,0.243,True,999,0.00011666701175272465,0.0013049589470028877,weak_3x3_bal_strong_200_200,weak_null,True,1790,826020113,-4.9960036108132044e-14,0,3
200,200,0.0898777854319206,0.1319166044863576,0.07951814010871772,0.1171270727328988,-0.042038819054437015,-0.03760893262418108,0.04939895518970062,-0.8510062387554678,-0.7613305277359856,0.3947658871844437,0.44645967103558803,0.466,0.409,0.46,True,999,0.00012512505054473877,0.001352290972135961,weak_3x3_bal_strong_200_200,weak_null,True,1791,826020113,-4.9960036108132044e-14,0,0
200,200,0.11531596679208667,0.1283547824989426,0.10481668959744184,0.12013993453383875,-0.013038815706855944,-0.015323244936396918,0.05084830675178382,-0.2564257600652263,-0.3013521180006522,0.7976220989861778,0.7631460024255543,0.823,0.793,0.751,True,999,0.00011179095599800348,0.001375666935928166,weak_3x3_bal_strong_200_200,weak_null,True,1792,826020113,-4.9960036108132044e-14,0,2
200,200,0.14230017442507314,0.09350467612650165,0.13186371053976131,0.07935431820553163,0.048795498298571494,0.05250939233422969,0.047718116247887216,1.0225780507572317,1.100407905070113,0.3065073918542237,0.2711544357490744,0.388,0.294,0.266,True,999,0.00011604104656726122,0.0012597079621627927,weak_3x3_bal_strong_200_200,weak_null,True,1793,826020113,-4.9960036108132044e-14,0,0
200,200,0.07706742263886235,0.10365285444297323,0.06671790328607585,0.09097158506557435,-0.02658543180411088,-0.024253681779498493,0.04513339645920002,-0.5890412397423658,-0.5373777220915225,0.555833609429405,0.5910067286030624,0.606,0.545,0.573,True,999,0.00011825002729892731,0.0012525420170277357,weak_3x3_bal_strong_200_200,weak_null,True,1794,826020113,-4.9960036108132044e-14,0,0
200,200,0.08966367028402034,0.12044005256053647,0.07930376153603902,0.1037248693504722,-0.030776382276516134,-0.024421107814433185,0.048254502352936664,-0.6377929680305396,-0.506089724764242,0.5236084576747739,0.6127936635225197,0.591,0.52,0.625,True,999,0.00011154101230204105,0.0012522500474005938,weak_3x3_bal_strong_200_200,weak_null,True,1795,826020113,-4.9960036108132044e-14,0,0
200,200,0.1486916166806822,0.13948888394360476,0.13824274153168403,0.13418713466593601,0.009202732737077446,0.004055606865748018,0.052869505925095685,0.1740650413891832,0.07670975536434764,0.861814346677732,0.9388544437522574,0.866,0.85,0.928,True,999,0.00011379201896488667,0.0012818340910598636,weak_3x3_bal_strong_200_200,weak_null,True,1796,826020113,-4.9960036108132044e-14,0,3
200,200,0.10642738555506903,0.17616775056069622,0.09601116132483867,0.16274163983150913,-0.06974036500562719,-0.06673047850667047,0.05109892445943258,-1.3648108202550142,-1.3059076920424768,0.17231251709766182,0.19158395045674692,0.231,0.177,0.197,True,999,0.00013016699813306332,0.001322583993896842,weak_3x3_bal_strong_200_200,weak_null,True,1797,826020113,-4.9960036108132044e-14,0,1
200,200,0.05316004272828856,0.05493352902149984,0.04284166929198818,0.039201637865389216,-0.0017734862932112794,0.0036400314265989664,0.03551598210784486,-0.04993487967828284,0.10248995552328953,0.9601742819994459,0.9183677851973832,0.981,0.965,0.908,True,999,0.00012120895553380251,0.0013150840532034636,weak_3x3_bal_strong_200_200,weak_null,True,1798,826020113,-4.9960036108132044e-14,0,1
200,200,0.11257192139535177,0.12460175432620468,0.10216793674817382,0.10605110499720638,-0.012029832930852913,-0.0038831682490325647,0.04999409263224466,-0.24062508783475825,-0.07767254178602773,0.8098457041220873,0.9380885365817169,0.856,0.833,0.95,True,999,0.00010775006376206875,0.0012483749305829406,weak_3x3_bal_strong_200_200,weak_null,True,1799,826020113,-4.9960036108132044e-14,0,0
200,200,0.07452691917845922,0.11041875337214091,0.06415730609873549,0.09915438217328187,-0.03589183419368169,-0.034997076074546385,0.045752810078503764,-0.7844727817176175,-0.7649164284007379,0.4327627467619116,0.44432131061634594,0.534,0.443,0.451,True,999,0.00010629196185618639,0.0012880830327048898,weak_3x3_bal_strong_200_200,weak_null,True,1800,826020113,-4.9960036108132044e-14,0,1
200,200,0.0951980938514243,0.05871571632212974,0.08480003104202183,0.04171293753232419,0.03648237752929456,0.04308709350969764,0.04027790937744939,0.9057664137285175,1.069745033336339,0.3650595015673894,0.2847340899285503,0.491,0.366,0.283,True,999,0.00011145800817757845,0.0012591249542310834,weak_3x3_bal_strong_200_200,weak_null,True,1801,826020113,-4.9960036108132044e-14,0,0
200,200,0.10589115232124025,0.10012050256154897,0.09550195064610989,0.09189642112821161,0.005770649759691271,0.003605529517898276,0.046960443231427555,0.1228832047272789,0.07677801293590285,0.9021995855063454,0.9388001422332047,0.912,0.899,0.933,True,999,0.00011150003410875797,0.0012888750061392784,weak_3x3_bal_strong_200_200,weak_null,True,1802,826020113,-4.9960036108132044e-14,0,2
200,200,0.10425343158281208,0.0699384707155809,0.09381785621246763,0.05660100780845312,0.03431496086723118,0.03721684840401451,0.04366574853851033,0.7858553217510432,0.852312158835241,0.4319522518908897,0.3940408593505509,0.544,0.454,0.408,True,999,0.00012191699352115393,0.0013338340213522315,weak_3x3_bal_strong_200_200,weak_null,True,1803,826020113,-4.9960036108132044e-14,0,1
200,200,0.08559273164203551,0.14223235267159984,0.07523286421780995,0.12382623185730779,-0.056639621029564324,-0.04859336763949784,0.0492408184365821,-1.1502575064326204,-0.986851339647855,0.25003782714998746,0.3237155220558302,0.363,0.281,0.365,True,999,0.0001181670231744647,0.001334542059339583,weak_3x3_bal_strong_200_200,weak_null,True,1804,826020113,-4.9960036108132044e-14,0,0
200,200,0.057968280853064824,0.026314480502916904,0.04764104069514019,0.016011240395393145,0.03165380035014792,0.031629800299747046,0.032301729899310065,0.9799413359228174,0.9791983400995075,0.3271150771897927,0.3274819886389424,0.609,0.339,0.338,True,999,0.00011616700794547796,0.0012437080731615424,weak_3x3_bal_strong_200_200,weak_null,True,1805,826020113,-4.9960036108132044e-14,0,2
200,200,0.09402437045644074,0.1382261159459972,0.08367198471785287,0.12171879400804642,-0.044201745489556465,-0.03804680929019355,0.050409596889128834,-0.876851794446483,-0.7547532937800302,0.3805671422701743,0.4503970229598546,0.463,0.404,0.459,True,999,0.00011150003410875797,0.0012652080040425062,weak_3x3_bal_strong_200_200,weak_null,True,1806,826020113,-4.9960036108132044e-14,0,0
200,200,0.08643028618246618,0.15322410838325717,0.07607326504390244,0.13283283278427405,-0.066793822200791,-0.05675956774037161,0.050379311890376435,-1.3258184698141957,-1.1266443627471208,0.1848998336390304,0.25989287457515364,0.26,0.184,0.269,True,999,0.00012495904229581356,0.0012956670252606273,weak_3x3_bal_strong_200_200,weak_null,True,1807,826020113,-4.9960036108132044e-14,0,0
200,200,0.11895542463536546,0.148373335655816,0.10854149366844013,0.13570663739066902,-0.02941791102045055,-0.02716514372222889,0.05216005642313984,-0.5639930827873844,-0.520803572409051,0.5727588397294336,0.6025036142182908,0.663,0.619,0.648,True,999,0.00011837505735456944,0.0012878751149401069,weak_3x3_bal_strong_200_200,weak_null,True,1808,826020113,-4.9960036108132044e-14,0,0
200,200,0.0992163296702111,0.1732390948277342,0.08881656920263481,0.15974523579043876,-0.0740227651575231,-0.07092866658780395,0.05109895303481692,-1.448616082350782,-1.3880649675831087,0.14744482740847717,0.16511726296404705,0.219,0.15,0.163,True,999,0.00011520797852426767,0.0013257500249892473,weak_3x3_bal_strong_200_200,weak_null,True,1809,826020113,-4.9960036108132044e-14,0,1
200,200,0.14054231737509104,0.03899441521319491,0.13011517626821956,0.023331720282371293,0.10154790216189613,0.10678345598584826,0.04200028124204319,2.4177910042241453,2.5424462129304914,0.015615042579784013,0.011007954230928743,0.107,0.022,0.015,True,999,0.00010945799294859171,0.0012574170250445604,weak_3x3_bal_strong_200_200,weak_null,True,1810,826020113,-4.9960036108132044e-14,0,1
200,200,0.09191555715248412,0.11383310539280289,0.08144235603069205,0.10041150157920242,-0.021917548240318774,-0.01896914554851037,0.045171504197860264,-0.48520740297501513,-0.4199361054133088,0.6275292312653491,0.6745321309377751,0.69,0.625,0.674,True,999,0.00010741699952632189,0.0012707910500466824,weak_3x3_bal_strong_200_200,weak_null,True,1811,826020113,-4.9960036108132044e-14,0,1
200,200,0.11013771365314806,0.12952993826788173,0.09976375689811334,0.12274773504999814,-0.019392224614733666,-0.0229839781518848,0.0490302386471419,-0.39551560730296564,-0.4687714925740953,0.692462405654003,0.6392329787161544,0.759,0.711,0.648,True,999,0.00011529203038662672,0.0012759999372065067,weak_3x3_bal_strong_200_200,weak_null,True,1812,826020113,-4.9960036108132044e-14,0,2
200,200,0.10001769096825996,0.046502212742854154,0.08963617196079099,0.03499485132569902,0.05351547822540581,0.05464132063509197,0.03859595039884324,1.3865568193654256,1.4157267814482846,0.16557694306218995,0.15685551402101178,0.331,0.165,0.158,True,999,0.00011329201515763998,0.0012784999562427402,weak_3x3_bal_strong_200_200,weak_null,True,1813,826020113,-4.9960036108132044e-14,0,1
200,200,0.06529578591920582,0.12415061310686282,0.054948982693730386,0.1058063526499069,-0.058854827187657,-0.05085736995617651,0.04680675283402009,-1.2574003455518523,-1.086539161059093,0.2086087041767457,0.2772405249473605,0.319,0.215,0.296,True,999,0.00011445803102105856,0.0013316249242052436,weak_3x3_bal_strong_200_200,weak_null,True,1814,826020113,-4.9960036108132044e-14,0,0
200,200,0.14560576860718566,0.07036460627639513,0.13512186691406214,0.049795102646427836,0.07524116233079053,0.0853267642676343,0.0487517051302123,1.5433544761116929,1.750231382466165,0.12274479274544778,0.08007839569271916,0.238,0.15,0.097,True,999,0.00012979190796613693,0.0013000830076634884,weak_3x3_bal_strong_200_200,weak_null,True,1815,826020113,-4.9960036108132044e-14,0,0
200,200,0.05316654332933535,0.15087255407609507,0.04283973519488882,0.14224078777571947,-0.09770601074675972,-0.09940105258083065,0.048059587727254965,-2.0330180795818578,-2.0682876670716746,0.04205069645219664,0.03861298077884326,0.092,0.049,0.044,True,999,0.00011833396274596453,0.0012816250091418624,weak_3x3_bal_strong_200_200,weak_null,True,1816,826020113,-4.9960036108132044e-14,0,2
200,200,0.12438200863879212,0.11160449814438456,0.11395489201939313,0.10144984565575044,0.012777510494407562,0.012505046363642691,0.04765107020769268,0.26814739813219957,0.26242949652836767,0.7885858628350624,0.7929903343858704,0.836,0.797,0.802,True,999,0.00011416699271649122,0.0012575839646160603,weak_3x3_bal_strong_200_200,weak_null,True,1817,826020113,-4.9960036108132044e-14,0,2
200,200,0.12433567860046124,0.08420596808257902,0.1137411067595906,0.07525816705708621,0.04012971051788222,0.03848293970250438,0.04480074469681449,0.8957375773428963,0.8589799112254638,0.37039293584209454,0.39035159928883223,0.46,0.375,0.385,True,999,0.00011316698510199785,0.0012913750251755118,weak_3x3_bal_strong_200_200,weak_null,True,1818,826020113,-4.9960036108132044e-14,0,1
200,200,0.07097490382952998,0.0631316710914725,0.0606199090366033,0.05290819408641312,0.007843232738057482,0.007711714950190185,0.03941701778932993,0.1989808762290642,0.19564430245348807,0.84227770402751,0.844888581960008,0.902,0.86,0.862,True,999,0.00011912500485777855,0.001273666974157095,weak_3x3_bal_strong_200_200,weak_null,True,1819,826020113,-4.9960036108132044e-14,0,2
200,200,0.08172854733219581,0.11694011781967373,0.07135305121394708,0.1023624750215788,-0.03521157048747792,-0.03100942380763172,0.04640556047576663,-0.7587791231584347,-0.6682264687617575,0.4479846961619377,0.503989042122458,0.545,0.464,0.524,True,999,0.00011849997099488974,0.001317333080805838,weak_3x3_bal_strong_200_200,weak_null,True,1820,826020113,-4.9960036108132044e-14,0,0
200,200,0.07837490333405017,0.09398709497481694,0.06798119895321975,0.07757649408347334,-0.01561219164076677,-0.00959529513025359,0.04236816545002158,-0.3684887338155638,-0.22647417060274677,0.7125088442058429,0.8208326462478878,0.782,0.74,0.831,True,999,0.00012808304745703936,0.001352249993942678,weak_3x3_bal_strong_200_200,weak_null,True,1821,826020113,-4.9960036108132044e-14,0,0
200,200,0.16002142217748738,0.09571100279178985,0.14953725436535592,0.08410651767352562,0.06431041938569754,0.0654307366918303,0.051584793048203834,1.2466933680552355,1.2684113442247993,0.21250995148354923,0.20465109254962188,0.314,0.227,0.212,True,999,0.00012087495997548103,0.0012660829816013575,weak_3x3_bal_strong_200_200,weak_null,True,1822,826020113,-4.9960036108132044e-14,0,1
200,200,0.08061021788040135,0.06852278682279245,0.07026217369624987,0.060211895966681084,0.0120874310576089,0.01005027772956879,0.04188330247723064,0.2885978502812687,0.23995905611866458,0.7728891407650462,0.8103619978177388,0.817,0.75,0.794,True,999,0.00011124997399747372,0.0012668340932577848,weak_3x3_bal_strong_200_200,weak_null,True,1823,826020113,-4.9960036108132044e-14,0,2
200,200,0.0998317957822219,0.06253008743921223,0.08945897162575989,0.04883023358242866,0.037301708343009665,0.040628738043331225,0.04140987705363843,0.9007925402602033,0.9811364083671296,0.36769863457564456,0.3265254782807425,0.516,0.366,0.321,True,999,0.00010987499263137579,0.0012763750273734331,weak_3x3_bal_strong_200_200,weak_null,True,1824,826020113,-4.9960036108132044e-14,0,1
200,200,0.08911497635727028,0.14271786008690213,0.07869181716435492,0.13457392380318822,-0.053602883729631845,-0.05588210663883331,0.05053819423446467,-1.0606410565630617,-1.105740074122481,0.288853056611988,0.2688390393630292,0.331,0.29,0.267,True,999,0.0001176249934360385,0.00132079201284796,weak_3x3_bal_strong_200_200,weak_null,True,1825,826020113,-4.9960036108132044e-14,0,2
200,200,0.1028012111008132,0.0700251996243057,0.0923892333408105,0.05162849399128078,0.032776011476507494,0.04076073934952973,0.04453931635962869,0.7358894153619365,0.9151631116295279,0.46179799928887877,0.3601060069221631,0.578,0.478,0.362,True,999,0.00011674989946186543,0.0013168330769985914,weak_3x3_bal_strong_200_200,weak_null,True,1826,826020113,-4.9960036108132044e-14,0,0
200,200,0.08298951287678902,0.0795034480594694,0.0726416331720543,0.06520935292680008,0.003486064817319612,0.007432280245254219,0.043123182614817505,0.08083969238675276,0.17234999354385366,0.9355694413915568,0.8631623831717009,0.947,0.936,0.853,True,999,0.00011779204942286015,0.0013213750207796693,weak_3x3_bal_strong_200_200,weak_null,True,1827,826020113,-4.9960036108132044e-14,0,0
200,200,0.08505878695642433,0.07277966004697783,0.0747002314030567,0.06360738414134914,0.012279126909446492,0.011092847261707561,0.040582783583924975,0.3025698541366273,0.27333874816072223,0.762217691096593,0.7845928322593795,0.809,0.759,0.775,True,999,0.0001224169973284006,0.0012474160175770521,weak_3x3_bal_strong_200_200,weak_null,True,1828,826020113,-4.9960036108132044e-14,0,1
200,200,0.12541895288472849,0.18363476723753225,0.11497786197557502,0.17057379691409835,-0.05821581435280376,-0.05559593493852333,0.05091707357625267,-1.1433456454566384,-1.0918917964769452,0.2528951104127708,0.2748806639181959,0.335,0.275,0.293,True,999,0.00013570801820605993,0.001273290952667594,weak_3x3_bal_strong_200_200,weak_null,True,1829,826020113,-4.9960036108132044e-14,0,1
200,200,0.1414523972796693,0.10732670056883686,0.1309972270289279,0.09340832538993027,0.03412569671083243,0.03758890163899764,0.0488087066116895,0.6991723214943675,0.770126976279991,0.4844443458909835,0.441224575370206,0.561,0.5,0.444,True,999,0.00011229200754314661,0.0012493339600041509,weak_3x3_bal_strong_200_200,weak_null,True,1830,826020113,-4.9960036108132044e-14,0,0
200,200,0.07020869271139474,0.10776347490359811,0.05988085671347676,0.09454225179931086,-0.03755478219220337,-0.0346613950858341,0.044904264239441716,-0.8363299750765559,-0.771895401759845,0.4029692945168275,0.4401763809763666,0.507,0.411,0.444,True,999,0.00011420901864767075,0.0013124580727890134,weak_3x3_bal_strong_200_200,weak_null,True,1831,826020113,-4.9960036108132044e-14,0,1
200,200,0.056926785892310816,0.10378658646689054,0.04653588882226245,0.08818953475064717,-0.046859800574579724,-0.04165364592838472,0.04275912289266905,-1.0959018194129917,-0.9741464069069138,0.2731217427880017,0.3299838502925283,0.416,0.297,0.348,True,999,0.0001231249189004302,0.0013182080583646894,weak_3x3_bal_strong_200_200,weak_null,True,1832,826020113,-4.9960036108132044e-14,0,1
200,200,0.106421888708506,0.04039538215773725,0.09599962783175897,0.026937296626790896,0.06602650655076875,0.06906233120496807,0.03851896883751464,1.7141296494537464,1.7929434065666485,0.08650491757740793,0.07298197373831049,0.239,0.083,0.069,True,999,0.00012362503912299871,0.0013178330846130848,weak_3x3_bal_strong_200_200,weak_null,True,1833,826020113,-4.9960036108132044e-14,0,1
200,200,0.13944160410945883,0.03573978261096106,0.12900061145668928,0.01906173218431917,0.10370182149849777,0.10993887927237012,0.0409980049939341,2.5294357984941236,2.6815665613152695,0.011424607332664767,0.007327833507408516,0.082,0.012,0.008,True,999,0.00011962500866502523,0.0012489580549299717,weak_3x3_bal_strong_200_200,weak_null,True,1834,826020113,-4.9960036108132044e-14,0,0
200,200,0.1411669432493925,0.15175015465015135,0.13071945554338527,0.13808539917249618,-0.010583211400758852,-0.007365943629110916,0.053152086920429754,-0.1991118696167515,-0.13858239734101035,0.8421752365184406,0.8897801539621208,0.866,0.843,0.886,True,999,0.00011058303061872721,0.001282416982576251,weak_3x3_bal_strong_200_200,weak_null,True,1835,826020113,-4.9960036108132044e-14,0,1
200,200,0.08618499895838405,0.13730595932046835,0.07584239716396723,0.12582233523538378,-0.0511209603620843,-0.04997993807141654,0.04935430730727545,-1.035795316583208,-1.0126763153668832,0.30029764298430583,0.3112147944239392,0.37,0.311,0.321,True,999,0.00010962493252009153,0.0012677500490099192,weak_3x3_bal_strong_200_200,weak_null,True,1836,826020113,-4.9960036108132044e-14,0,1
200,200,0.11221707133566383,0.11530134218361582,0.10182373411922185,0.10902971641046122,-0.0030842708479519865,-0.007205982291239366,0.045879290047385474,-0.06722577539378795,-0.15706394505662177,0.9464019657387841,0.8751944525277789,0.965,0.953,0.88,True,999,0.00011729192920029163,0.0013054999290034175,weak_3x3_bal_strong_200_200,weak_null,True,1837,826020113,-4.9960036108132044e-14,0,2
200,200,0.1115422190691926,0.1258711069076049,0.10114535498180999,0.10901920308167234,-0.014328887838412296,-0.007873848099862357,0.050092888791648416,-0.2860463467780927,-0.15718494760028895,0.77484262428409,0.8750990909099785,0.795,0.765,0.858,True,999,0.0001152500044554472,0.001327665988355875,weak_3x3_bal_strong_200_200,weak_null,True,1838,826020113,-4.9960036108132044e-14,0,0
200,200,0.15878323138541783,0.07979572427973897,0.14831923452371143,0.06517079686238958,0.07898750710567887,0.08314843766132185,0.04886767348406607,1.616354974038896,1.701501866841143,0.1060175873609313,0.08884878756856344,0.183,0.095,0.085,True,999,0.00011908309534192085,0.001361333066597581,weak_3x3_bal_strong_200_200,weak_null,True,1839,826020113,-4.9960036108132044e-14,0,0
200,200,0.1412642735575369,0.11565647253920008,0.13073111784962066,0.09915189111940492,0.025607801018336818,0.03157922673021574,0.050041481061071424,0.511731477073683,0.6310609930124959,0.608838953120963,0.5280006447053376,0.687,0.628,0.549,True,999,0.00011137500405311584,0.0012571249390020967,weak_3x3_bal_strong_200_200,weak_null,True,1840,826020113,-4.9960036108132044e-14,0,0
200,200,0.12120952795461037,0.1576374377010893,0.11074740785690551,0.1462445101081471,-0.036427909746478915,-0.035497102251241586,0.05297890947211329,-0.6875926686572061,-0.6700232716176676,0.49170932627096997,0.5028429552486289,0.525,0.499,0.507,True,999,0.0001112079480662942,0.0012722500832751393,weak_3x3_bal_strong_200_200,weak_null,True,1841,826020113,-4.9960036108132044e-14,0,1
200,200,0.08927227262236226,0.12819603093544807,0.0788559248447882,0.11492819744618998,-0.03892375831308581,-0.03607227260140178,0.04997306087249617,-0.7788948211997236,-0.7218343637872897,0.43604167486569345,0.47039631929263637,0.536,0.466,0.493,True,999,0.00010716600809246302,0.0012817499227821827,weak_3x3_bal_strong_200_200,weak_null,True,1842,826020113,-4.9960036108132044e-14,0,1
200,200,0.1356257266056322,0.11590080902872124,0.12518407843992918,0.10446770381146564,0.019724917576910972,0.02071637462846354,0.05161452056979199,0.38215830272489665,0.4013671811685498,0.702343948352218,0.6881498083871322,0.747,0.708,0.69,True,999,0.00010754202958196402,0.0012917499989271164,weak_3x3_bal_strong_200_200,weak_null,True,1843,826020113,-4.9960036108132044e-14,0,1
200,200,0.1333110597712579,0.15177402120165384,0.12288458315893536,0.1433798879137953,-0.01846296143039594,-0.020495304754859944,0.05517822078896066,-0.3346059580465808,-0.37143830413177037,0.7379223498833729,0.7103111003018261,0.772,0.746,0.723,True,999,0.0001124159898608923,0.001279583084397018,weak_3x3_bal_strong_200_200,weak_null,True,1844,826020113,-4.9960036108132044e-14,0,2
200,200,0.0678149322706576,0.13548805012989495,0.05747885761545035,0.12714273008845112,-0.06767311785923735,-0.06966387247300077,0.04918095840620055,-1.376002421512497,-1.416480579691546,0.16882088357247094,0.1566348461766115,0.197,0.171,0.156,True,999,0.00011575000826269388,0.0013193750055506825,weak_3x3_bal_strong_200_200,weak_null,True,1845,826020113,-4.9960036108132044e-14,0,2
200,200,0.06875894306082131,0.14662946521607273,0.05840881534152231,0.13727411468117623,-0.07787052215525142,-0.07886529933965392,0.048702024507411665,-1.5989175592361828,-1.6193433463459386,0.10983892187989083,0.1053734091351823,0.165,0.108,0.104,True,999,0.00011783302761614323,0.0012772080954164267,weak_3x3_bal_strong_200_200,weak_null,True,1846,826020113,-4.9960036108132044e-14,0,1
200,200,0.08289501843157265,0.08373030834773892,0.07251686085908204,0.07537027944959362,-0.0008352899161662708,-0.0028534185905115805,0.04311599446918979,-0.019373087097948296,-0.06618004816172342,0.984543479763361,0.9472344812060554,0.99,0.986,0.952,True,999,0.00011725001968443394,0.0013000000035390258,weak_3x3_bal_strong_200_200,weak_null,True,1847,826020113,-4.9960036108132044e-14,0,2
200,200,0.14602923227339826,0.11391468323738252,0.1352072302966576,0.09756131132063217,0.03211454903601574,0.03764591897602543,0.05037887937567138,0.6374605674838467,0.7472559819225582,0.523824887292836,0.4549090575502829,0.631,0.572,0.494,True,999,0.00011670903768390417,0.0013095419853925705,weak_3x3_bal_strong_200_200,weak_null,True,1848,826020113,-4.9960036108132044e-14,0,0
200,200,0.09370891666432324,0.0839303068930356,0.08323571098472371,0.0784498593395142,0.009778609771287639,0.004785851645209505,0.043490230655647846,0.22484612345963131,0.11004429208719295,0.8220989832926878,0.9123742481897825,0.861,0.829,0.915,True,999,0.0001192090567201376,0.0013611670583486557,weak_3x3_bal_strong_200_200,weak_null,True,1849,826020113,-4.9960036108132044e-14,0,3
200,200,0.07786607763909825,0.0811548326640183,0.06751098889296259,0.06290458167333668,-0.0032887550249200426,0.004606407219625908,0.04151885704127636,-0.07921111656928552,0.11094735134559232,0.9368647026336452,0.9116580964112652,0.952,0.933,0.906,True,999,0.00012024992611259222,0.0013053329894319177,weak_3x3_bal_strong_200_200,weak_null,True,1850,826020113,-4.9960036108132044e-14,0,0
200,200,0.11859784137021334,0.12887377078800455,0.10800506012958522,0.11545453612343692,-0.010275929417791207,-0.007449475993851706,0.04777858149750517,-0.21507397448222235,-0.15591664215147727,0.8297096444484289,0.8760987271996576,0.85,0.816,0.867,True,999,0.00011470797471702099,0.001296292059123516,weak_3x3_bal_strong_200_200,weak_null,True,1851,826020113,-4.9960036108132044e-14,0,1
200,200,0.07437715154004154,0.17996209878009867,0.06402657845964654,0.17185941127425508,-0.10558494724005713,-0.10783283281460854,0.05084012165948648,-2.0768035912116187,-2.1210183865578442,0.037819690639145746,0.033920255159945144,0.071,0.047,0.042,True,999,0.00012320897076278925,0.0012615839950740337,weak_3x3_bal_strong_200_200,weak_null,True,1852,826020113,-4.9960036108132044e-14,0,2
200,200,0.1400959794834189,0.10747127434633563,0.12960532821722381,0.09409249630466832,0.032624705137083265,0.0355128319125555,0.04898501408076483,0.6660139993691286,0.7249733939854165,0.5054021523281518,0.4684683529020526,0.604,0.542,0.491,True,999,0.00011637492571026087,0.001285291975364089,weak_3x3_bal_strong_200_200,weak_null,True,1853,826020113,-4.9960036108132044e-14,0,1
200,200,0.15049903182691637,0.21369075064291138,0.13998266751883648,0.21125168635708746,-0.063191718815995,-0.07126901883825099,0.0572919300667087,-1.1029776574539694,-1.2439626096601712,0.270036867901259,0.21351332444883597,0.318,0.281,0.231,True,999,0.00011437502689659595,0.0013000840554013848,weak_3x3_bal_strong_200_200,weak_null,True,1854,826020113,-4.9960036108132044e-14,0,4
200,200,0.07463011773941886,0.11850795368337708,0.06427764042115314,0.10178960934098313,-0.04387783594395822,-0.03751196891983,0.04651130041292433,-0.9433801152497053,-0.806513010532949,0.34548651040584244,0.41994710923189293,0.434,0.339,0.405,True,999,0.00011408294085413218,0.0013068750267848372,weak_3x3_bal_strong_200_200,weak_null,True,1855,826020113,-4.9960036108132044e-14,0,0
200,200,0.09922856246841061,0.06394420804157414,0.08876770684631197,0.05489376816267111,0.03528435442683647,0.03387393868364086,0.04092402573406072,0.8621916782118921,0.8277274309171365,0.38858204831095955,0.40782488058675914,0.558,0.401,0.422,True,999,0.00011366698890924454,0.0013297500554472208,weak_3x3_bal_strong_200_200,weak_null,True,1856,826020113,-4.9960036108132044e-14,0,1
200,200,0.11000198151276219,0.0443700917625936,0.09959115780276306,0.030001411471829442,0.06563188975016859,0.06958974633093362,0.03941887783469858,1.6649862541849412,1.7653913595094037,0.09591549824694559,0.07749801454966888,0.254,0.096,0.074,True,999,0.00012087507639080286,0.0012937909923493862,weak_3x3_bal_strong_200_200,weak_null,True,1857,826020113,-4.9960036108132044e-14,0,0
200,200,0.10351953729587082,0.15737398526139118,0.09314422652354892,0.14272106586115285,-0.05385444796552036,-0.04957683933760393,0.05080479501684763,-1.0600268724174837,-0.9758299255250121,0.2891323741840801,0.32914875238116637,0.351,0.277,0.323,True,999,0.0001158339437097311,0.0012586660450324416,weak_3x3_bal_strong_200_200,weak_null,True,1858,826020113,-4.9960036108132044e-14,0,0
200,200,0.13002845674212393,0.08581238305207473,0.11961999879534346,0.06737640137046697,0.04421607369004921,0.0522435974248765,0.04843054012704439,0.9129791568307999,1.0787324958142028,0.36125350381659016,0.2807069950102432,0.496,0.383,0.298,True,999,0.00011362507939338684,0.0012682080268859863,weak_3x3_bal_strong_200_200,weak_null,True,1859,826020113,-4.9960036108132044e-14,0,0
200,200,0.10751455516048214,0.15274625914168938,0.09706999707537989,0.14116623712848764,-0.04523170398120724,-0.04409624005310775,0.05134855863514512,-0.8808758256020209,-0.8587629570370535,0.3783850332038977,0.39047130840816835,0.434,0.376,0.387,True,999,0.00011979194823652506,0.0012911659432575107,weak_3x3_bal_strong_200_200,weak_null,True,1860,826020113,-4.9960036108132044e-14,0,1
200,200,0.13310890827855482,0.06556401109827525,0.12266971142892658,0.04681789890343424,0.06754489718027956,0.07585181252549233,0.04545779454442848,1.4858815271881285,1.6686206025978243,0.1373104605889817,0.09519259317811256,0.24,0.12,0.09,True,999,0.00012779096141457558,0.0013458749745041132,weak_3x3_bal_strong_200_200,weak_null,True,1861,826020113,-4.9960036108132044e-14,0,0
200,200,0.1282683691781985,0.09978095624349176,0.11779879981253316,0.08572042720835782,0.028487412934706746,0.03207837260417534,0.048827481693738954,0.5834299035405635,0.6569737265046927,0.5596039321001798,0.5111978103765563,0.644,0.584,0.54,True,999,0.00012516602873802185,0.0013443330535665154,weak_3x3_bal_strong_200_200,weak_null,True,1862,826020113,-4.9960036108132044e-14,0,0
200,200,0.14909728593413218,0.0852090412243105,0.13869267064359292,0.07180078339939655,0.06388824470982168,0.06689188724419637,0.04925793005471328,1.2970144023278642,1.3579922495707017,0.19462623136472668,0.1744661434649879,0.279,0.18,0.159,True,999,0.00012824998702853918,0.0012443329906091094,weak_3x3_bal_strong_200_200,weak_null,True,1863,826020113,-4.9960036108132044e-14,0,1
200,200,0.1326372763339565,0.09444401185324958,0.12220835208904646,0.08630588239692827,0.03819326448070692,0.03590246969211819,0.048550254563538446,0.7866748552414452,0.7394908639486553,0.4314722272171533,0.4596089853643178,0.509,0.435,0.464,True,999,0.00011074997019022703,0.0012931670062243938,weak_3x3_bal_strong_200_200,weak_null,True,1864,826020113,-4.9960036108132044e-14,0,2
200,200,0.09856147491973721,0.12890785184818127,0.08818479043063121,0.11541953198155852,-0.030346376928444052,-0.02723474155092731,0.04906319540565756,-0.6185161133011887,-0.5550951446547411,0.5362351795174709,0.578829583641703,0.583,0.533,0.566,True,999,0.00011445896234363317,0.0012995419092476368,weak_3x3_bal_strong_200_200,weak_null,True,1865,826020113,-4.9960036108132044e-14,0,1
200,200,0.10428819584584303,0.10758820051606355,0.09391245117757308,0.09833852333555626,-0.0033000046702205132,-0.004426072157983185,0.048598231824707024,-0.06790380115316896,-0.09107475708062693,0.9458622128570557,0.9274331901991788,0.958,0.943,0.922,True,999,0.00011312495917081833,0.0013058329932391644,weak_3x3_bal_strong_200_200,weak_null,True,1866,826020113,-4.9960036108132044e-14,0,1
200,200,0.09705459214632706,0.05246510114053615,0.08667584200941292,0.037123375122860125,0.044589491005790904,0.04955246688655279,0.04010354991575132,1.111858952622986,1.2356129816600165,0.26619879980945294,0.21660245694315294,0.447,0.296,0.232,True,999,0.00013008294627070427,0.0013713749358430505,weak_3x3_bal_strong_200_200,weak_null,True,1867,826020113,-4.9960036108132044e-14,0,1
200,200,0.12498262828876183,0.13302451259894021,0.11445803323306336,0.12079594907662283,-0.008041884310178382,-0.006337915843559472,0.051206409511729466,-0.15704839270826612,-0.12377192433513022,0.8752067094024122,0.9014958619841396,0.893,0.871,0.904,True,999,0.00011679204180836678,0.0013858340680599213,weak_3x3_bal_strong_200_200,weak_null,True,1868,826020113,-4.9960036108132044e-14,0,0
200,200,0.1048232576040602,0.10568540216329164,0.09446258143742625,0.09459262374153354,-0.0008621445592314481,-0.00013004230410729178,0.04853031290571139,-0.017765073159666047,-0.002679609842202099,0.985826267941457,0.9978619832365353,0.991,0.99,0.996,True,999,0.00011779193300753832,0.001310582971200347,weak_3x3_bal_strong_200_200,weak_null,True,1869,826020113,-4.9960036108132044e-14,0,1
200,200,0.07544426913683933,0.09559598729781538,0.06508728965718547,0.08403161125802683,-0.02015171816097605,-0.018944321600841363,0.044235435271538545,-0.45555600475670777,-0.42826122280818385,0.6487092860691981,0.6684609473382563,0.751,0.687,0.696,True,999,0.00011716701555997133,0.0013550840085372329,weak_3x3_bal_strong_200_200,weak_null,True,1870,826020113,-4.9960036108132044e-14,0,1
200,200,0.08390481821931717,0.053644958408751386,0.07352030498165618,0.037577043583539194,0.03025985981056578,0.03594326139811699,0.03838266503287648,0.7883730789575671,0.9364451730313662,0.4304785129445228,0.3490440288882529,0.58,0.421,0.345,True,999,0.00012516696006059647,0.0012802500277757645,weak_3x3_bal_strong_200_200,weak_null,True,1871,826020113,-4.9960036108132044e-14,0,0
200,200,0.15413204346264497,0.061417189140549666,0.14350266730374983,0.05033502228165787,0.09271485432209531,0.09316764502209196,0.04417594015947413,2.0987635800708895,2.1090132928865555,0.03583774681178594,0.03494343425051007,0.11,0.041,0.037,True,999,0.00011191703379154205,0.0012814579531550407,weak_3x3_bal_strong_200_200,weak_null,True,1872,826020113,-4.9960036108132044e-14,0,1
200,200,0.13353034547579834,0.07872371149559598,0.12313254609171054,0.06598127076840399,0.05480663398020236,0.05715127532330655,0.04628287456751338,1.1841665949303835,1.2348255344412393,0.23634712268095703,0.21689544202657185,0.34,0.235,0.218,True,999,0.00011029199231415987,0.001292124972678721,weak_3x3_bal_strong_200_200,weak_null,True,1873,826020113,-4.9960036108132044e-14,0,0
200,200,0.11522651036641918,0.06864853387941378,0.10479409581034815,0.05815173632226589,0.0465779764870054,0.04664235948808226,0.044777567991454846,1.040207822271503,1.041645662778811,0.2982433581137751,0.2975759898373118,0.421,0.3,0.299,True,999,0.00010991690214723349,0.0013058329932391644,weak_3x3_bal_strong_200_200,weak_null,True,1874,826020113,-4.9960036108132044e-14,0,2
200,200,0.10675351708450354,0.043852941178405436,0.09636845179991838,0.03365537835244936,0.0629005759060981,0.06271307344746901,0.03957285326460764,1.5894880130453932,1.5847498543542489,0.11195025818736445,0.11302317980560254,0.25,0.106,0.106,True,999,0.00011116708628833294,0.0012338749365881085,weak_3x3_bal_strong_200_200,weak_null,True,1875,826020113,-4.9960036108132044e-14,0,2
200,200,0.13825587161420372,0.10452954647364476,0.12776978418517615,0.08983488866843459,0.033726325140558955,0.03793489551674156,0.04996401583898512,0.6750122978354258,0.7592443257361697,0.49966795173846745,0.4477064149360238,0.568,0.494,0.44,True,999,0.00010654202196747065,0.0012684999965131283,weak_3x3_bal_strong_200_200,weak_null,True,1876,826020113,-4.9960036108132044e-14,0,0
200,200,0.1007722427521891,0.15962214595154778,0.09036593393221892,0.14625073057855786,-0.05884990319935868,-0.05588479664633894,0.05102193991791646,-1.1534234741767122,-1.0953091304690843,0.24873661103604905,0.27338122877127147,0.325,0.264,0.281,True,999,0.00011320796329528093,0.0012797920498996973,weak_3x3_bal_strong_200_200,weak_null,True,1877,826020113,-4.9960036108132044e-14,0,1
200,200,0.08535556089031826,0.06420103040489622,0.07499671135443009,0.054707797623535726,0.02115453048542204,0.020288913730894365,0.04028250649166928,0.5251542748412876,0.5036656230686704,0.5994759485750195,0.6144963695272954,0.713,0.605,0.617,True,999,0.00013733399100601673,0.00125662493519485,weak_3x3_bal_strong_200_200,weak_null,True,1878,826020113,-4.9960036108132044e-14,0,1
200,200,0.15457051984807513,0.11550709761324596,0.144159075430224,0.10224790389148097,0.03906342223482917,0.04191117153874302,0.05345808370804817,0.7307299387716012,0.784000634359313,0.46494412490211345,0.4330397380828436,0.557,0.474,0.439,True,999,0.000110417022369802,0.0012946660863235593,weak_3x3_bal_strong_200_200,weak_null,True,1879,826020113,-4.9960036108132044e-14,0,1
200,200,0.10696288384844732,0.1567832048933187,0.0965770928493157,0.1481864111037936,-0.049820321044871385,-0.0516093182544779,0.05183941700610229,-0.9610509516148064,-0.9955613167563727,0.3365265497113482,0.31946333793316894,0.379,0.323,0.303,True,999,0.0001099579967558384,0.0013672499917447567,weak_3x3_bal_strong_200_200,weak_null,True,1880,826020113,-4.9960036108132044e-14,0,2
200,200,0.09142336932930584,0.06661503274592329,0.0809993732563612,0.055335897819951185,0.02480833658338255,0.02566347543641001,0.04068970086865345,0.6096957228430846,0.6307118235951606,0.5420633883923711,0.5282289667377108,0.656,0.559,0.548,True,999,0.00011700007598847151,0.0012637909967452288,weak_3x3_bal_strong_200_200,weak_null,True,1881,826020113,-4.9960036108132044e-14,0,1
200,200,0.12334419990121703,0.10532148325350427,0.1129532389156509,0.08893237594514858,0.018022716647712766,0.02402086297050232,0.051325193291478687,0.3511475650049818,0.4680131029236749,0.7254776453880378,0.6397752195581152,0.785,0.736,0.667,True,999,0.00011200003791600466,0.0012671670410782099,weak_3x3_bal_strong_200_200,weak_null,True,1882,826020113,-4.9960036108132044e-14,0,0
200,200,0.0975474438688626,0.09219996720122739,0.08719257843790729,0.07474822798041458,0.005347476667635215,0.012444350457492703,0.04775018681012416,0.1119886020320537,0.26061364968009315,0.9108324439791721,0.7943904624330878,0.937,0.917,0.802,True,999,0.00011866702698171139,0.0012749999295920134,weak_3x3_bal_strong_200_200,weak_null,True,1883,826020113,-4.9960036108132044e-14,0,1
200,200,0.13914742216172837,0.12328075034779723,0.12868813592095307,0.11465090956495771,0.015866671813931144,0.014037226355995358,0.04978344115320713,0.31871384232162475,0.28196577076293683,0.749943516992827,0.777969756774673,0.783,0.745,0.768,True,999,0.00011829205323010683,0.001348958001472056,weak_3x3_bal_strong_200_200,weak_null,True,1884,826020113,-4.9960036108132044e-14,0,2
200,200,0.09497361175775998,0.18445983336768457,0.08457945362658847,0.1737982260703177,-0.08948622160992459,-0.08921877244372922,0.05077674783016415,-1.7623464564771694,-1.7570792982280843,0.07801077923422993,0.07890429379427175,0.137,0.083,0.081,True,999,0.00011749996338039637,0.0013244589790701866,weak_3x3_bal_strong_200_200,weak_null,True,1885,826020113,-4.9960036108132044e-14,0,2
200,200,0.19913031883572274,0.07615532367237993,0.18858832091748923,0.057831660356768566,0.12297499516334282,0.13075666056072066,0.05172863788401067,2.3773097493710424,2.527742192901189,0.01743943667430429,0.011479861466580588,0.047,0.012,0.007,True,999,0.0001569580053910613,0.0013253750512376428,weak_3x3_bal_strong_200_200,weak_null,True,1886,826020113,-4.9960036108132044e-14,0,0
200,200,0.13724432076188764,0.10309318326281114,0.12677074399169896,0.0883749413938375,0.0341511374990765,0.03839580259786146,0.04902934840281465,0.6965447963635587,0.7831187614897459,0.48608771357777114,0.433557374781135,0.563,0.492,0.442,True,999,0.0001139170490205288,0.001341374940238893,weak_3x3_bal_strong_200_200,weak_null,True,1887,826020113,-4.9960036108132044e-14,0,0
200,200,0.10039378805091048,0.09831567134796498,0.08999893425175287,0.08805916641374267,0.0020781167029454983,0.001939767838010198,0.04787783885736027,0.043404563625704023,0.040514941448991426,0.9653790398842472,0.9676825952682414,0.972,0.967,0.968,True,999,0.0001188330352306366,0.0013170000165700912,weak_3x3_bal_strong_200_200,weak_null,True,1888,826020113,-4.9960036108132044e-14,0,2
200,200,0.08865090374780671,0.07420677648116975,0.0782239946758807,0.0586283857872445,0.014444127266636964,0.019595608888636207,0.04389811650178676,0.32903751727136293,0.4463883749508619,0.7421273307655016,0.6553167286659467,0.809,0.737,0.65,True,999,0.0001165829598903656,0.0013159579830244184,weak_3x3_bal_strong_200_200,weak_null,True,1889,826020113,-4.9960036108132044e-14,0,1
200,200,0.10451595917998135,0.12920761615458642,0.09407627761061121,0.11958936001528286,-0.02469165697460507,-0.02551308240467165,0.050404338542756916,-0.48987165963222923,-0.5061683803871259,0.6242247185096834,0.612738450189868,0.637,0.605,0.588,True,999,0.00012208300177007914,0.0013569999719038606,weak_3x3_bal_strong_200_200,weak_null,True,1890,826020113,-4.9960036108132044e-14,0,1
200,200,0.11584811699538888,0.08971296590478972,0.10546524369644317,0.07656650839622614,0.026135151090599162,0.028898735300217027,0.04662462898176817,0.560543894104099,0.6198169493534721,0.5751085086208021,0.5353783084499326,0.66,0.567,0.525,True,999,0.00011841696687042713,0.0013616250362247229,weak_3x3_bal_strong_200_200,weak_null,True,1891,826020113,-4.9960036108132044e-14,0,1
200,200,0.11968403993106991,0.1351790287235044,0.10924917236977194,0.12704677261295672,-0.015494988792434494,-0.017797600243184775,0.052449378497828665,-0.29542750050081085,-0.33932909698675595,0.7676673279290811,0.734361825351739,0.766,0.736,0.699,True,999,0.00011187500786036253,0.0012482500169426203,weak_3x3_bal_strong_200_200,weak_null,True,1892,826020113,-4.9960036108132044e-14,0,2
200,200,0.19787944473691477,0.11530412499997089,0.18732100015668607,0.09852663328345557,0.08257531973694388,0.0887943668732305,0.05474787770318043,1.5082834842408308,1.6218777895763479,0.13148198837337152,0.10482951803948826,0.19,0.143,0.116,True,999,0.00011158292181789875,0.0012630419805645943,weak_3x3_bal_strong_200_200,weak_null,True,1893,826020113,-4.9960036108132044e-14,0,0
200,200,0.12375426324669747,0.0771135544766739,0.1133471384960103,0.05865252809205401,0.046640708770023576,0.05469461040395629,0.046159578619849075,1.0104231919909168,1.1849027231032188,0.31229258116101033,0.23605591062142528,0.449,0.294,0.203,True,999,0.00011341692879796028,0.0012629160191863775,weak_3x3_bal_strong_200_200,weak_null,True,1894,826020113,-4.9960036108132044e-14,0,0
200,200,0.120781735471295,0.07872753569072666,0.11036192413948243,0.06248344037219056,0.042054199780568347,0.04787848376729187,0.044771023039365046,0.9393173737305952,1.0694078561750662,0.3475678210994534,0.2848859288536656,0.454,0.355,0.289,True,999,0.00011441600508987904,0.001325499964877963,weak_3x3_bal_strong_200_200,weak_null,True,1895,826020113,-4.9960036108132044e-14,0,0
200,200,0.07687228190910855,0.10900965776899563,0.06650619088378562,0.09800346363775247,-0.032137375859887074,-0.031497272753966854,0.04680184215819386,-0.6866690364721169,-0.6729921580330883,0.4922913132930351,0.5009522799268372,0.595,0.525,0.532,True,999,0.00010841595940291882,0.0013079170603305101,weak_3x3_bal_strong_200_200,weak_null,True,1896,826020113,-4.9960036108132044e-14,0,1
200,200,0.1289907719283545,0.04480211178885751,0.11860211575699964,0.03144346420958044,0.084188660139497,0.0871586515474192,0.04283305340127191,1.9655068563708105,2.0348456303334905,0.04935560289430998,0.041866408102127245,0.157,0.067,0.056,True,999,0.00010679196566343307,0.0013481249334290624,weak_3x3_bal_strong_200_200,weak_null,True,1897,826020113,-4.9960036108132044e-14,0,1
200,200,0.15532935413290594,0.11199609919534803,0.14485033629708255,0.10530959028442055,0.04333325493755791,0.039540746012662,0.051819293528148964,0.8362378563501387,0.7630506577860409,0.4030211054661085,0.4454331851120592,0.495,0.421,0.466,True,999,0.00011458306107670069,0.0012697909260168672,weak_3x3_bal_strong_200_200,weak_null,True,1898,826020113,-4.9960036108132044e-14,0,2
200,200,0.07137144061853862,0.14173747551689198,0.06103532607889406,0.12423165268440073,-0.07036603489835336,-0.06319632660550667,0.050307047157180915,-1.3987311693826814,-1.2562122043866755,0.16189361362194443,0.2090390430578153,0.243,0.185,0.226,True,999,0.00011620798613876104,0.0012556669535115361,weak_3x3_bal_strong_200_200,weak_null,True,1899,826020113,-4.9960036108132044e-14,0,1
200,200,0.09278553933104461,0.13503353993774042,0.08238735768168226,0.11848373384472666,-0.04224800060669581,-0.0360963761630444,0.049166130395404996,-0.8592907407381456,-0.7341715907424335,0.39018013132261387,0.46284416565713327,0.479,0.39,0.47,True,999,0.00011150003410875797,0.0012523330515250564,weak_3x3_bal_strong_200_200,weak_null,True,1900,826020113,-4.9960036108132044e-14,0,0
200,200,0.08319127346190558,0.15175978351534747,0.07282424161445533,0.14338379054474615,-0.06856851005344189,-0.07055954893029082,0.04947415591278167,-1.3859460315871137,-1.4261900507141696,0.16576338348106356,0.1538134907454192,0.234,0.165,0.148,True,999,0.00011249992530792952,0.0012703329557552934,weak_3x3_bal_strong_200_200,weak_null,True,1901,826020113,-4.9960036108132044e-14,0,2
200,200,0.0869738421583941,0.14227701412295535,0.07656501466399845,0.1239716748013251,-0.05530317196456125,-0.04740666013732664,0.04916707992024143,-1.1248008231172923,-0.9641951528182977,0.26067344558954497,0.33494809408814663,0.314,0.257,0.318,True,999,0.00011045800056308508,0.0013278749538585544,weak_3x3_bal_strong_200_200,weak_null,True,1902,826020113,-4.9960036108132044e-14,0,0
200,200,0.20058506624948813,0.1572362803624222,0.18968198997947638,0.15173462501748247,0.04334878588706592,0.03794736496199391,0.05513429917957253,0.7862399002457405,0.6882714667034991,0.4317269545291932,0.49128184647449635,0.473,0.439,0.493,True,999,0.00012262503150850534,0.0013343340251594782,weak_3x3_bal_strong_200_200,weak_null,True,1903,826020113,-4.9960036108132044e-14,0,3
200,200,0.07709771840633906,0.06720819233723985,0.066704175392033,0.04884756634376686,0.009889526069099208,0.017856609048266137,0.041032800309723894,0.24101513897299381,0.4351789035474263,0.8095433831325799,0.663432574307049,0.869,0.838,0.695,True,999,0.00010962493252009153,0.0012475420953705907,weak_3x3_bal_strong_200_200,weak_null,True,1904,826020113,-4.9960036108132044e-14,0,0
200,200,0.11386376257519215,0.15261559849939066,0.10347512970588468,0.13633562168547542,-0.03875183592419851,-0.032860491979590734,0.05301917000021126,-0.7309023495472317,-0.6197851075273302,0.46483880078888673,0.5353992746726957,0.481,0.452,0.527,True,999,0.00011366698890924454,0.0012624580413103104,weak_3x3_bal_strong_200_200,weak_null,True,1905,826020113,-4.9960036108132044e-14,0,0
200,200,0.10643735922733288,0.20731133054126866,0.09602492644847871,0.19695599063815905,-0.10087397131393577,-0.10093106418968034,0.05405471997720954,-1.866145479182319,-1.867201684371591,0.0620210145393277,0.061873428490759996,0.092,0.069,0.068,True,999,0.00013958301860839128,0.0012639999622479081,weak_3x3_bal_strong_200_200,weak_null,True,1906,826020113,-4.9960036108132044e-14,0,2
200,200,0.13696180346697928,0.10668070120144107,0.12654683108519293,0.09028387869743426,0.030281102265538207,0.03626295238775867,0.05036278201886542,0.6012595224424893,0.7200347346613004,0.5476671450864765,0.47150360960740123,0.595,0.522,0.457,True,999,0.00011374999303370714,0.001261750003322959,weak_3x3_bal_strong_200_200,weak_null,True,1907,826020113,-4.9960036108132044e-14,0,0
200,200,0.12352452950472559,0.12272610475616624,0.11313287680735584,0.11054021599960606,0.0007984247485593454,0.0025926608077497804,0.050449970209973084,0.015826069772416053,0.05139073020180409,0.987373150368831,0.9590141712416081,0.992,0.991,0.966,True,999,0.00011133402585983276,0.0013069590786471963,weak_3x3_bal_strong_200_200,weak_null,True,1908,826020113,-4.9960036108132044e-14,0,0
200,200,0.13534322570801582,0.18463133955236866,0.12490731713711511,0.16985916290586545,-0.04928811384435283,-0.04495184576875033,0.05425579921686779,-0.9084395503481859,-0.8285168851549253,0.3636460378468299,0.40737783643941916,0.38,0.363,0.401,True,999,0.00010995892807841301,0.0013232919154688716,weak_3x3_bal_strong_200_200,weak_null,True,1909,826020113,-4.9960036108132044e-14,0,0
200,200,0.06315027628214054,0.11338107052359325,0.05282124516858744,0.09997207996731561,-0.050230794241452714,-0.04715083479872817,0.045298666178205216,-1.1088802050781026,-1.0408879284267778,0.26748186431035237,0.2979275649023392,0.349,0.263,0.292,True,999,0.0001080839429050684,0.0012432090006768703,weak_3x3_bal_strong_200_200,weak_null,True,1910,826020113,-4.9960036108132044e-14,0,1
200,200,0.14561203825080593,0.11502666363100023,0.13506182716670878,0.10663766323865786,0.030585374619805705,0.028424163928050916,0.050066626874930076,0.6108934539610608,0.5677267613625432,0.5412701187606773,0.5702205170825749,0.627,0.579,0.598,True,999,0.00011329189874231815,0.0012955419952049851,weak_3x3_bal_strong_200_200,weak_null,True,1911,826020113,-4.9960036108132044e-14,0,2
200,200,0.09569830972927651,0.06705587049811618,0.08531255919936598,0.0533430553169012,0.028642439231160333,0.03196950388246478,0.042954424129080425,0.6668099924954928,0.7442656846334302,0.5048935091684996,0.45671575701771894,0.641,0.519,0.471,True,999,0.00011270900722593069,0.001292541972361505,weak_3x3_bal_strong_200_200,weak_null,True,1912,826020113,-4.9960036108132044e-14,0,1
200,200,0.128941380484628,0.07186702141637585,0.11852859905812352,0.060389270005643425,0.057074359068252145,0.05813932905248009,0.04603239644218146,1.2398737297967928,1.2630089577349166,0.21502210194168758,0.20658596050651823,0.358,0.243,0.235,True,999,0.00011391693260520697,0.0013169579906389117,weak_3x3_bal_strong_200_200,weak_null,True,1913,826020113,-4.9960036108132044e-14,0,1
200,200,0.08216542458144338,0.07335601116304352,0.07178898628885122,0.062063182916787696,0.008809413418399858,0.009725803372063524,0.04142779979942034,0.21264497417319084,0.2347651436753252,0.8316038892786494,0.8143910230113143,0.879,0.828,0.811,True,999,0.00011404207907617092,0.0012897090055048466,weak_3x3_bal_strong_200_200,weak_null,True,1914,826020113,-4.9960036108132044e-14,0,1
200,200,0.14073215430560349,0.0616697010630059,0.13026626424857568,0.05321896023171746,0.07906245324259759,0.07704730401685822,0.04608941260753431,1.715414642313604,1.6716920363672236,0.08626923274290692,0.0945850653131629,0.163,0.104,0.107,True,999,0.00011062505654990673,0.0013129999861121178,weak_3x3_bal_strong_200_200,weak_null,True,1915,826020113,-4.9960036108132044e-14,0,2
200,200,0.12303258104419434,0.1327865940368036,0.11257922563933676,0.12222882308246596,-0.009754012992609251,-0.00964959744312921,0.051765998468666315,-0.1884250913949492,-0.1864080231924834,0.8505434318736618,0.8521248011036706,0.869,0.853,0.852,True,999,0.00011312495917081833,0.0012541660107672215,weak_3x3_bal_strong_200_200,weak_null,True,1916,826020113,-4.9960036108132044e-14,0,2
200,200,0.08061214358264102,0.17742184391734656,0.07026052640094349,0.16847641232506305,-0.09680970033470554,-0.09821588592411956,0.0484290283061431,-1.9990015022131977,-2.0280375088934237,0.04560819132900976,0.04255641995016246,0.079,0.035,0.033,True,999,0.00011675001587718725,0.001273415982723236,weak_3x3_bal_strong_200_200,weak_null,True,1917,826020113,-4.9960036108132044e-14,0,1
200,200,0.11132436551847569,0.14121027763196103,0.1008979284119107,0.13180031464338526,-0.029885912113485347,-0.030902386231474566,0.05270241562132593,-0.5670691136478395,-0.5863561635108425,0.5706672262833501,0.5576361961277243,0.609,0.587,0.573,True,999,0.00011687504593282938,0.0012892090016975999,weak_3x3_bal_strong_200_200,weak_null,True,1918,826020113,-4.9960036108132044e-14,0,1
200,200,0.12525206842870618,0.14772264130902263,0.11486548361162363,0.14149151252526337,-0.022470572880316453,-0.026626028913639743,0.05524297307316542,-0.406758934761816,-0.48198037564660845,0.6841850503425965,0.62981988711031,0.717,0.688,0.627,True,999,0.00011791696306318045,0.0013239170657470822,weak_3x3_bal_strong_200_200,weak_null,True,1919,826020113,-4.9960036108132044e-14,0,2
200,200,0.13690623448274386,0.08533840159109113,0.12642362403303764,0.07407275581350348,0.05156783289165273,0.052350868219534163,0.0467285078329739,1.1035625848780894,1.1203197073327655,0.26978292893482225,0.26257754693944635,0.395,0.294,0.285,True,999,0.0001222920836880803,0.001314207911491394,weak_3x3_bal_strong_200_200,weak_null,True,1920,826020113,-4.9960036108132044e-14,0,1
200,200,0.05687562754151432,0.09608052049466831,0.046536214388282815,0.07950349199086304,-0.03920489295315399,-0.032967277602580225,0.042814738921621735,-0.9156868391729291,-0.7699983331191476,0.3598311697567649,0.44130088146216984,0.492,0.346,0.432,True,999,0.00011845806147903204,0.0013003750937059522,weak_3x3_bal_strong_200_200,weak_null,True,1921,826020113,-4.9960036108132044e-14,0,0
200,200,0.15093193355715662,0.0900642636910789,0.14045629481387323,0.07192059525394257,0.06086766986607772,0.06853569955993066,0.04763634633657904,1.2777568925209237,1.4387270399724887,0.20133515822346337,0.15022787502032015,0.31,0.219,0.146,True,999,0.00011608307249844074,0.0012595829321071506,weak_3x3_bal_strong_200_200,weak_null,True,1922,826020113,-4.9960036108132044e-14,0,0
200,200,0.10888034999803153,0.15838356196440662,0.09850171091616744,0.1397189333794273,-0.04950321196637508,-0.04121722246325987,0.05218816051193548,-0.9485525353025933,-0.789781093239212,0.34284824130054725,0.42965562258428747,0.437,0.37,0.459,True,999,0.0001179591054096818,0.001276541966944933,weak_3x3_bal_strong_200_200,weak_null,True,1923,826020113,-4.9960036108132044e-14,0,0
200,200,0.14335065126767987,0.034513541318955676,0.132909271028808,0.022809960130288687,0.1088371099487242,0.11009931089851932,0.04127349570822267,2.6369733913049975,2.667554783264576,0.008364939285076181,0.007640543159840327,0.065,0.016,0.014,True,999,0.00011783395893871784,0.0012787090381607413,weak_3x3_bal_strong_200_200,weak_null,True,1924,826020113,-4.9960036108132044e-14,0,1
200,200,0.08968672283010948,0.12528292572984873,0.07930560326335012,0.1128266689815618,-0.03559620289973925,-0.03352106571821167,0.04767257720497597,-0.746680900986066,-0.7031519519929125,0.4552562011425809,0.4819610588153026,0.523,0.45,0.471,True,999,0.00011875003110617399,0.0013307909248396754,weak_3x3_bal_strong_200_200,weak_null,True,1925,826020113,-4.9960036108132044e-14,0,2
200,200,0.16671201801859037,0.07003014356586063,0.15617866135031022,0.05679052056336786,0.09668187445272974,0.09938814078694236,0.04881074047513942,1.980750005256985,2.036194079816579,0.047619315931233704,0.041730870511205415,0.115,0.058,0.055,True,999,0.00013137503992766142,0.0013519169297069311,weak_3x3_bal_strong_200_200,weak_null,True,1926,826020113,-4.9960036108132044e-14,0,1
200,200,0.0918731048494057,0.135969545853586,0.08151332421485336,0.12640581237616288,-0.04409644100418031,-0.04489248816130953,0.049339724817220196,-0.8937309879115922,-0.9098649886600396,0.3714658413283912,0.3628937159092869,0.458,0.381,0.374,True,999,0.00012737500946968794,0.0012551250401884317,weak_3x3_bal_strong_200_200,weak_null,True,1927,826020113,-4.9960036108132044e-14,0,1
200,200,0.06562946504452483,0.14279618352501633,0.055280169219599884,0.1307073785872035,-0.0771667184804915,-0.07542720936760361,0.046588084756066676,-1.6563616831327863,-1.61902361435413,0.09764859581441325,0.10544218233984869,0.144,0.091,0.1,True,999,0.00011137500405311584,0.001268249936401844,weak_3x3_bal_strong_200_200,weak_null,True,1928,826020113,-4.9960036108132044e-14,0,0
200,200,0.1558950257320213,0.16750463566679208,0.1453691914165347,0.15133471239121832,-0.011609609934770782,-0.0059655209746836135,0.05348666449747235,-0.21705615864902966,-0.11153286582238699,0.8281645797490953,0.9111938050167075,0.858,0.833,0.921,True,999,0.00011104205623269081,0.0012926249764859676,weak_3x3_bal_strong_200_200,weak_null,True,1929,826020113,-4.9960036108132044e-14,0,0
200,200,0.07367254975791426,0.0836989941485719,0.06331936672205529,0.07320527886819406,-0.01002644439065764,-0.009885912146138764,0.043606438252726414,-0.22993036790916432,-0.22670762718210918,0.8181458782647179,0.820651095896805,0.868,0.824,0.826,True,999,0.00011683302000164986,0.0012915830593556166,weak_3x3_bal_strong_200_200,weak_null,True,1930,826020113,-4.9960036108132044e-14,0,2
200,200,0.10399971953688181,0.11444957641414155,0.0935895824368913,0.10311664239897311,-0.010449856877259744,-0.009527059962081807,0.048497750201242605,-0.2154709617229213,-0.1964433385579545,0.8294001495328283,0.8442631777580661,0.882,0.856,0.867,True,999,0.0001354169799014926,0.0013375000562518835,weak_3x3_bal_strong_200_200,weak_null,True,1931,826020113,-4.9960036108132044e-14,0,1
200,200,0.09850786782640575,0.148240160206834,0.0881333063623515,0.13961998495730654,-0.049732292380428256,-0.05148667859495504,0.05358063274050901,-0.9281766533307236,-0.9609195704034517,0.35331594281001666,0.336592609843406,0.449,0.375,0.358,True,999,0.00012025004252791405,0.0013503750087693334,weak_3x3_bal_strong_200_200,weak_null,True,1932,826020113,-4.9960036108132044e-14,0,2
200,200,0.0675664732508694,0.11536651011303717,0.057200523815481574,0.09885616131414565,-0.04780003686216777,-0.04165563749866408,0.04549551794835321,-1.0506537570674692,-0.9155987089970448,0.29341764176507446,0.3598774087196559,0.398,0.284,0.357,True,999,0.00011912500485777855,0.001240791054442525,weak_3x3_bal_strong_200_200,weak_null,True,1933,826020113,-4.9960036108132044e-14,0,0
200,200,0.1617963559174136,0.1372806067943635,0.15132698256078925,0.12909859048754413,0.0245157491230501,0.022228392073245118,0.052035115159893286,0.4711385580240999,0.4271806068832904,0.6375417918269475,0.6692477854116221,0.694,0.644,0.674,True,999,0.00010970805305987597,0.0013013751013204455,weak_3x3_bal_strong_200_200,weak_null,True,1934,826020113,-4.9960036108132044e-14,0,2
200,200,0.09641474713137677,0.1377584988177345,0.08600135230727801,0.12838079356815513,-0.04134375168635773,-0.042379441260877115,0.05141952169216623,-0.8040477687418174,-0.8241897214561922,0.4213693877811707,0.4098317663913529,0.504,0.427,0.414,True,999,0.00011033308692276478,0.0012979171006008983,weak_3x3_bal_strong_200_200,weak_null,True,1935,826020113,-4.9960036108132044e-14,0,1
200,200,0.09422161841377563,0.1464954510565062,0.08386260249633892,0.1409743144367468,-0.052273832642730556,-0.05711171194040787,0.04875206570080884,-1.0722383121883445,-1.1714726569926726,0.28361300628530683,0.24140884226080572,0.385,0.305,0.252,True,999,0.00011091597843915224,0.0013568330323323607,weak_3x3_bal_strong_200_200,weak_null,True,1936,826020113,-4.9960036108132044e-14,0,3
200,200,0.1149699471987713,0.08473303694462209,0.10451099067333303,0.07334345919430518,0.030236910254149207,0.031167531479027843,0.0455080232780251,0.6644303152747573,0.684879923010807,0.5064149355112784,0.49341969612137937,0.608,0.524,0.503,True,999,0.00011112494394183159,0.001333707943558693,weak_3x3_bal_strong_200_200,weak_null,True,1937,826020113,-4.9960036108132044e-14,0,1
200,200,0.13364062455331904,0.08331747270979345,0.12321415576212758,0.0728237612400946,0.05032315184352559,0.05039039452203298,0.0481306245718452,1.0455536841913942,1.0469507713704107,0.29576714256161474,0.29512228364770554,0.435,0.319,0.317,True,999,0.00011195801198482513,0.001342542003840208,weak_3x3_bal_strong_200_200,weak_null,True,1938,826020113,-4.9960036108132044e-14,0,2
200,200,0.09347786305571892,0.0716734848557053,0.083073515425923,0.0653208927597646,0.02180437820001363,0.017752622666158402,0.04220714752301266,0.516603927998811,0.4206070229332393,0.6054326731198834,0.6740420646091986,0.685,0.604,0.652,True,999,0.00011537503451108932,0.0012654999736696482,weak_3x3_bal_strong_200_200,weak_null,True,1939,826020113,-4.9960036108132044e-14,0,2
200,200,0.1016293444003531,0.05606344124641138,0.0911782959645393,0.05255477408960729,0.04556590315394171,0.03862352187493201,0.04125283276098564,1.1045521023476261,0.9362635070108382,0.26935371530478536,0.34913753238850176,0.443,0.277,0.353,True,999,0.00011441705282777548,0.0012536670546978712,weak_3x3_bal_strong_200_200,weak_null,True,1940,826020113,-4.9960036108132044e-14,0,3
200,200,0.11996024419126106,0.10102631077740726,0.10957754163888467,0.08634773188296663,0.0189339334138538,0.02322980975591804,0.0483391365554245,0.3916895245355614,0.480559054448217,0.6952876310443605,0.6308299223023089,0.765,0.698,0.632,True,999,0.00011087500024586916,0.0012723749969154596,weak_3x3_bal_strong_200_200,weak_null,True,1941,826020113,-4.9960036108132044e-14,0,0
200,200,0.13428416091140383,0.09318867903189632,0.12376507818839855,0.08166462272993158,0.04109548187950751,0.04210045545846697,0.047022940194026176,0.8739453915458971,0.8953173766836349,0.3821479934394614,0.37061745392966705,0.507,0.411,0.387,True,999,0.00012016692198812962,0.0013477500760927796,weak_3x3_bal_strong_200_200,weak_null,True,1942,826020113,-4.9960036108132044e-14,0,1
200,200,0.06330884411778448,0.17085228172800798,0.052955426336296796,0.16238630400505372,-0.1075434376102235,-0.10943087766875692,0.04982721921453734,-2.1583271012412264,-2.196206800094313,0.03090240907377581,0.028077144879296717,0.07,0.041,0.035,True,999,0.00011787505354732275,0.0013466250384226441,weak_3x3_bal_strong_200_200,weak_null,True,1943,826020113,-4.9960036108132044e-14,0,2
200,200,0.1494704851654849,0.11378102985515476,0.1390179351232348,0.10068319268387427,0.03568945531033013,0.038334742439360525,0.05034002975103268,0.7089677039691855,0.7615160862826889,0.4783445187181301,0.4463488744045093,0.55,0.494,0.447,True,999,0.00011799996718764305,0.0013799590524286032,weak_3x3_bal_strong_200_200,weak_null,True,1944,826020113,-4.9960036108132044e-14,0,1
200,200,0.08751797999212885,0.17436154739354803,0.0771464507747055,0.15568041523508214,-0.08684356740141919,-0.07853396446037664,0.052530488070469464,-1.6532031319586988,-1.4950168434571482,0.0982895292930199,0.13491004635856454,0.137,0.078,0.131,True,999,0.00011504197027534246,0.0012438340345397592,weak_3x3_bal_strong_200_200,weak_null,True,1945,826020113,-4.9960036108132044e-14,0,0
200,200,0.07841569247012559,0.15441710583427143,0.06806907841513521,0.14194775986916852,-0.07600141336414584,-0.07387868145403331,0.04901379206959048,-1.550612800091818,-1.5073039308841745,0.12099450279060787,0.13173277048356466,0.184,0.119,0.13,True,999,0.00011137500405311584,0.001260666991584003,weak_3x3_bal_strong_200_200,weak_null,True,1946,826020113,-4.9960036108132044e-14,0,2
200,200,0.10844925851210574,0.1193488619364077,0.09793902357472462,0.10307419773502602,-0.010899603424301962,-0.005135174160301403,0.049735091898743214,-0.21915317752891075,-0.10325052119650688,0.8265307277689923,0.9177641440202395,0.847,0.828,0.91,True,999,0.00011758296750485897,0.0012799999676644802,weak_3x3_bal_strong_200_200,weak_null,True,1947,826020113,-4.9960036108132044e-14,0,0
200,200,0.039159288836052575,0.09162065897318633,0.028827690974850384,0.07628771852571958,-0.052461370137133756,-0.0474600275508692,0.04044428189607146,-1.2971270023273567,-1.1734669358903667,0.19458749208150627,0.2406086085633281,0.314,0.185,0.229,True,999,0.00011975003872066736,0.0013114999746903777,weak_3x3_bal_strong_200_200,weak_null,True,1948,826020113,-4.9960036108132044e-14,0,1
200,200,0.08958394270443559,0.10805885629006623,0.07919416800666568,0.10199963026725811,-0.018474913585630637,-0.022805462260592435,0.046101444102458235,-0.40074479108660965,-0.4946799976570885,0.6886080298998241,0.6208260230448991,0.764,0.695,0.627,True,999,0.00011712498962879181,0.001320375013165176,weak_3x3_bal_strong_200_200,weak_null,True,1949,826020113,-4.9960036108132044e-14,0,2
200,200,0.09618666653735075,0.06705157755423657,0.08582401530841821,0.05374424191480642,0.029135088983114177,0.03207977339361179,0.044844403019680984,0.6496928718245526,0.7153573519427352,0.5158906292354266,0.474388258251364,0.649,0.521,0.471,True,999,0.00011708296369761229,0.001309499959461391,weak_3x3_bal_strong_200_200,weak_null,True,1950,826020113,-4.9960036108132044e-14,0,1
200,200,0.08365018024895843,0.1235464677446253,0.07327057042522256,0.10495610290047352,-0.03989628749566687,-0.031685532475250966,0.048607717922015105,-0.8207809212453747,-0.6518621698325021,0.41177106782765627,0.5144900912192238,0.505,0.406,0.51,True,999,0.00011287489905953407,0.001257791998796165,weak_3x3_bal_strong_200_200,weak_null,True,1951,826020113,-4.9960036108132044e-14,0,0
200,200,0.1428057403450269,0.11491089634411056,0.13229479306923508,0.10467170126361225,0.027894844000916352,0.027623091805622835,0.049488734132776734,0.5636604873762856,0.5581692942783895,0.5729852129582433,0.5767287862571753,0.631,0.568,0.569,True,999,0.0001229170011356473,0.0012906669871881604,weak_3x3_bal_strong_200_200,weak_null,True,1952,826020113,-4.9960036108132044e-14,0,2
200,200,0.09047775295574167,0.07022039171735539,0.08009561616111682,0.05468190207398038,0.020257361238386284,0.02541371408713644,0.04409256279211937,0.45942807484093134,0.5763718976135044,0.6459267912571425,0.5643638351839921,0.704,0.633,0.547,True,999,0.00011812499724328518,0.0012873329687863588,weak_3x3_bal_strong_200_200,weak_null,True,1953,826020113,-4.9960036108132044e-14,0,1
200,200,0.10941836124502524,0.07183810269425717,0.0989903748487393,0.056614358614893945,0.037580258550768075,0.04237601623384535,0.04223040357993971,0.8898863227681645,1.0034480526246927,0.3735269286977796,0.3156447290797959,0.5,0.381,0.324,True,999,0.00011845794506371021,0.0013355420669540763,weak_3x3_bal_strong_200_200,weak_null,True,1954,826020113,-4.9960036108132044e-14,0,1
200,200,0.1578208069647098,0.12819439013773082,0.14716766089765088,0.11265452608049031,0.029626416826978974,0.03451313481716056,0.05221797023452447,0.5673605598593556,0.6609436303661959,0.5704692399954827,0.5086484643042651,0.626,0.588,0.53,True,999,0.00012633297592401505,0.0013483340153470635,weak_3x3_bal_strong_200_200,weak_null,True,1955,826020113,-4.9960036108132044e-14,0,1
200,200,0.05511721240499856,0.060967255222487804,0.04477896456674557,0.05578601315214371,-0.005850042817489243,-0.011007048585398138,0.038716587648628134,-0.1510991327691693,-0.2842980038760765,0.8798975165965954,0.7761820157377572,0.925,0.899,0.802,True,999,0.0001259170239791274,0.0012565830256789923,weak_3x3_bal_strong_200_200,weak_null,True,1956,826020113,-4.9960036108132044e-14,0,3
200,200,0.16616644662728053,0.09697402262684895,0.15556289634594123,0.09069068459909602,0.06919242400043157,0.06487221174684521,0.05100057696138827,1.3566988477957036,1.271989761918947,0.17487691874383526,0.2033767569175018,0.273,0.199,0.23,True,999,0.0001105000264942646,0.0012985419016331434,weak_3x3_bal_strong_200_200,weak_null,True,1957,826020113,-4.9960036108132044e-14,0,2
200,200,0.09445671407085032,0.009636309838217783,0.08404911895340206,0.004380420887969194,0.08482040423263254,0.07966869806543286,0.030709324518609124,2.7620407013913115,2.59428363581086,0.005744131723578837,0.00947882533391371,0.132,0.006,0.007,True,999,0.00011033308692276478,0.0012762080878019333,weak_3x3_bal_strong_200_200,weak_null,True,1958,826020113,-4.9960036108132044e-14,0,3
200,200,0.11085109145550875,0.09091774860818641,0.10046198269694173,0.077785507899236,0.019933342847322344,0.022676474797705737,0.047119704447852205,0.42303624525876965,0.48125248372052065,0.672268816641137,0.6303370635135115,0.737,0.678,0.641,True,999,0.00011112506035715342,0.0012990410905331373,weak_3x3_bal_strong_200_200,weak_null,True,1959,826020113,-4.9960036108132044e-14,0,1
200,200,0.0769851416807057,0.13252868812664403,0.06663335465162845,0.11617462816283819,-0.05554354644593834,-0.04954127351120974,0.04632602949443688,-1.1989705798682437,-1.0694046964926913,0.23053938547917185,0.2848873519930477,0.323,0.253,0.299,True,999,0.00013874995056539774,0.001324542099609971,weak_3x3_bal_strong_200_200,weak_null,True,1960,826020113,-4.9960036108132044e-14,0,0
200,200,0.08814553096853239,0.13643101351642667,0.07776863189573646,0.11998544821526025,-0.048285482547894276,-0.04221681631952379,0.049002496619521024,-0.9853678052937999,-0.861523784131153,0.3244434377212366,0.38894962753365525,0.424,0.342,0.404,True,999,0.00011383392848074436,0.001333917025476694,weak_3x3_bal_strong_200_200,weak_null,True,1961,826020113,-4.9960036108132044e-14,0,0
200,200,0.08574088035940997,0.06473505883939235,0.07537933002441832,0.05524182037986236,0.02100582152001762,0.020137509644555962,0.04078105342645472,0.5150877614748205,0.49379572013440765,0.6064916944782057,0.6214504560494084,0.693,0.617,0.628,True,999,0.0001265000319108367,0.0012317500077188015,weak_3x3_bal_strong_200_200,weak_null,True,1962,826020113,-4.9960036108132044e-14,0,1
200,200,0.10469534896415622,0.05791220895725535,0.09430106220449375,0.044539542332842075,0.04678314000690087,0.04976151987165167,0.04206094420372016,1.1122703232792155,1.1830813790254955,0.2660219396399425,0.23677689691453452,0.378,0.253,0.218,True,999,0.00010850001126527786,0.0012582499766722322,weak_3x3_bal_strong_200_200,weak_null,True,1963,826020113,-4.9960036108132044e-14,0,1
200,200,0.08275191557491901,0.08027899879470551,0.07234582447708249,0.06450311859714475,0.0024729167802134966,0.00784270587993774,0.042806093434043166,0.05777020470283831,0.18321470731782616,0.9539316717305849,0.8546295549197447,0.951,0.942,0.856,True,999,0.00010699999984353781,0.0012658329214900732,weak_3x3_bal_strong_200_200,weak_null,True,1964,826020113,-4.9960036108132044e-14,0,0
200,200,0.13827061908307137,0.12502301685277484,0.12777348622051932,0.11597932113676279,0.013247602230296529,0.011794165083756525,0.050372960989330015,0.2629903418443604,0.234136823647408,0.7925580232621751,0.8148787591865769,0.82,0.796,0.816,True,999,0.00010858301538974047,0.001322832889854908,weak_3x3_bal_strong_200_200,weak_null,True,1965,826020113,-4.9960036108132044e-14,0,1
200,200,0.06995243791633365,0.0842350236616789,0.05956049866512103,0.07276700286550408,-0.014282585745345244,-0.013206504200383051,0.042602129524810683,-0.33525520683249727,-0.30999633933068604,0.7374325801421451,0.7565637401234393,0.782,0.731,0.754,True,999,0.00010945799294859171,0.001313457963988185,weak_3x3_bal_strong_200_200,weak_null,True,1966,826020113,-4.9960036108132044e-14,0,1
200,200,0.17126573323849237,0.08602656601693215,0.1607567110064565,0.06925788173992942,0.08523916722156022,0.09149882926652708,0.051112217894812496,1.667686724081902,1.790155720787329,0.09537793220969237,0.07342888117844437,0.187,0.109,0.085,True,999,0.0001130829332396388,0.0013529160059988499,weak_3x3_bal_strong_200_200,weak_null,True,1967,826020113,-4.9960036108132044e-14,0,0
200,200,0.16518917176436565,0.11816196445218874,0.15473371399906455,0.10498634182678757,0.04702720731217691,0.04974737217227698,0.05275082170811041,0.8914971518812664,0.9430634549646902,0.3726625188285102,0.34564844694454566,0.451,0.391,0.371,True,999,0.00012166693340986967,0.001277957926504314,weak_3x3_bal_strong_200_200,weak_null,True,1968,826020113,-4.9960036108132044e-14,0,1
200,200,0.1360385473799799,0.07215843674708039,0.1255980925842266,0.05660554533835693,0.0638801106328995,0.06899254724586967,0.047175927307316234,1.3540827765137053,1.4624523816232442,0.17570997045618963,0.1436172841883504,0.292,0.177,0.143,True,999,0.00011183402966707945,0.001287834020331502,weak_3x3_bal_strong_200_200,weak_null,True,1969,826020113,-4.9960036108132044e-14,0,1
200,200,0.12859614363606076,0.10430452997713219,0.11813000342218061,0.0919069119337621,0.024291613658928568,0.026223091488418504,0.04851745970225951,0.5006777726616483,0.5404877264667932,0.6165979178373213,0.5888607230029095,0.68,0.615,0.581,True,999,0.00011274998541921377,0.0012817500391975045,weak_3x3_bal_strong_200_200,weak_null,True,1970,826020113,-4.9960036108132044e-14,0,0
200,200,0.17897867441278859,0.08876803280391493,0.16838206112919352,0.0801665727602483,0.09021064160887365,0.08821548836894522,0.049981217330310586,1.804890845549021,1.7649727853956823,0.07109176460093604,0.07756833964826047,0.119,0.08,0.083,True,999,0.00011854199692606926,0.0013487499672919512,weak_3x3_bal_strong_200_200,weak_null,True,1971,826020113,-4.9960036108132044e-14,0,2
200,200,0.08970404622224226,0.16746170627987406,0.07933058795453007,0.15058879717130935,-0.0777576600576318,-0.07125820921677928,0.05307499240053374,-1.4650526837729672,-1.3425948077208332,0.14290654455888316,0.17940321256340708,0.189,0.142,0.182,True,999,0.0001193339703604579,0.0013278750702738762,weak_3x3_bal_strong_200_200,weak_null,True,1972,826020113,-4.9960036108132044e-14,0,0
200,200,0.09885157970069613,0.1289051535363822,0.08841217488068764,0.11429147485486624,-0.030053573835686076,-0.025879299974178593,0.04806003720991235,-0.6253339693521408,-0.5384785671543552,0.5317518895637585,0.5902466980226433,0.59,0.538,0.585,True,999,0.00011783302761614323,0.0013381249736994505,weak_3x3_bal_strong_200_200,weak_null,True,1973,826020113,-4.9960036108132044e-14,0,0
200,200,0.10982969429244904,0.17729146458539374,0.09943173529248384,0.16261353857355232,-0.0674617702929447,-0.06318180328106848,0.053631435486122425,-1.2578773937609966,-1.1780740662333622,0.20843610043747185,0.23876707988905488,0.258,0.215,0.24,True,999,0.00012008391786366701,0.001348708989098668,weak_3x3_bal_strong_200_200,weak_null,True,1974,826020113,-4.9960036108132044e-14,0,0
200,200,0.06124641921163776,0.11858614588115057,0.05090930238239366,0.1052483583562207,-0.057339726669512814,-0.054339055973827044,0.04576900978487471,-1.252806799601373,-1.187245610714184,0.2102760264797987,0.23513075473883094,0.256,0.192,0.214,True,999,0.00011570798233151436,0.0013455409789457917,weak_3x3_bal_strong_200_200,weak_null,True,1975,826020113,-4.9960036108132044e-14,0,1
200,200,0.09962994382500034,0.13202808395854343,0.08921196516223517,0.12074510910873926,-0.032398140133543085,-0.03153314394650408,0.049862507011680525,-0.6497495227416799,-0.6324018954585917,0.5158540292439737,0.5271242956934197,0.601,0.543,0.554,True,999,0.00011662510223686695,0.0013167080469429493,weak_3x3_bal_strong_200_200,weak_null,True,1976,826020113,-4.9960036108132044e-14,0,1
200,200,0.16456958562407697,0.1781905424867633,0.15412235435189814,0.16448176120357516,-0.013620956862686329,-0.010359406851677022,0.05623883423018485,-0.2421984212356878,-0.18420379784680632,0.8086264183110956,0.8538535802120037,0.828,0.811,0.856,True,999,0.00011816597543656826,0.00133816699963063,weak_3x3_bal_strong_200_200,weak_null,True,1977,826020113,-4.9960036108132044e-14,0,1
200,200,0.1169899336397493,0.11281632160650618,0.10659604085628871,0.10440804086594824,0.004173612033243124,0.0021879999903404723,0.0505068941450924,0.08263450176234328,0.04332081842243062,0.9341421666421045,0.9654457960978275,0.95,0.945,0.967,True,999,0.00012049998622387648,0.0013456669403240085,weak_3x3_bal_strong_200_200,weak_null,True,1978,826020113,-4.9960036108132044e-14,0,2
200,200,0.10970373862716198,0.12685590079085945,0.0992820572125197,0.11035626242542662,-0.01715216216369747,-0.011074205212906918,0.04961359912377524,-0.34571493434504763,-0.22320906784607908,0.7295569595773632,0.8233727948476255,0.765,0.717,0.831,True,999,0.00011975003872066736,0.0013464579824358225,weak_3x3_bal_strong_200_200,weak_null,True,1979,826020113,-4.9960036108132044e-14,0,0
200,200,0.14653359833424773,0.12946098523279365,0.13609710144814358,0.11627248045310523,0.01707261310145408,0.019824620995038345,0.05493209121871034,0.31079488733607513,0.3608932511982342,0.7559565566608017,0.7181792488520207,0.772,0.756,0.718,True,999,0.00011820800136774778,0.0013380000600591302,weak_3x3_bal_strong_200_200,weak_null,True,1980,826020113,-4.9960036108132044e-14,0,1
200,200,0.11890375683196908,0.1143392577480607,0.10849648488374442,0.10291344828020499,0.00456449908390838,0.005583036603539426,0.048486161795565086,0.09414024362567473,0.11514701095705401,0.9249977525243012,0.9083285983296245,0.934,0.923,0.904,True,999,0.00011729204561561346,0.0013210419565439224,weak_3x3_bal_strong_200_200,weak_null,True,1981,826020113,-4.9960036108132044e-14,0,1
200,200,0.0925373466232371,0.08703063459973437,0.08217113799423714,0.07040930473755225,0.0055067120235027245,0.011761833256684895,0.04477658163883654,0.12298196561585063,0.26267823103502347,0.902121378902008,0.7927985968437867,0.94,0.92,0.82,True,999,0.0001206669257953763,0.0013415829744189978,weak_3x3_bal_strong_200_200,weak_null,True,1982,826020113,-4.9960036108132044e-14,0,0
200,200,0.11857974478565625,0.03275873874754476,0.10818401752320028,0.027375867552386524,0.08582100603811149,0.08080814997081376,0.040108543641747645,2.1397188291021187,2.0147365781365156,0.032377496438075706,0.04393225742732065,0.158,0.037,0.045,True,999,0.00012920808512717485,0.0012986250221729279,weak_3x3_bal_strong_200_200,weak_null,True,1983,826020113,-4.9960036108132044e-14,0,3
200,200,0.10136005429435979,0.10809585779922104,0.09095159928173757,0.09947571672011435,-0.006735803504861249,-0.008524117438376777,0.04630962797817169,-0.14545147086986335,-0.18406793167059493,0.8843544288276319,0.8539601634269574,0.89,0.858,0.831,True,999,0.00012049998622387648,0.0013110419968143106,weak_3x3_bal_strong_200_200,weak_null,True,1984,826020113,-4.9960036108132044e-14,0,2
200,200,0.12093632999709203,0.17094614882496784,0.11048062795879332,0.16284618085417435,-0.05000981882787581,-0.05236555289538103,0.050358702929149325,-0.9930720197109848,-1.039851105161608,0.32067485843715726,0.2984090816678906,0.407,0.324,0.303,True,999,0.00010900001507252455,0.0012738750083371997,weak_3x3_bal_strong_200_200,weak_null,True,1985,826020113,-4.9960036108132044e-14,0,2
200,200,0.07404091738682617,0.050815904371043163,0.06367181496327134,0.03711617604988504,0.023225013015783003,0.026555638913386304,0.03761698710380271,0.6174075810934678,0.7059480558638837,0.536965922848152,0.4802204410237776,0.691,0.546,0.488,True,999,0.000108166947029531,0.0012989160604774952,weak_3x3_bal_strong_200_200,weak_null,True,1986,826020113,-4.9960036108132044e-14,0,1
200,200,0.0980029784873746,0.08229335742580646,0.08757630474281086,0.07281312234864856,0.015709621061568146,0.0147631823941623,0.043524421378057114,0.360938079454588,0.339193076593206,0.7181457363939863,0.7344642845272183,0.788,0.719,0.739,True,999,0.00010783295147120953,0.0013005000073462725,weak_3x3_bal_strong_200_200,weak_null,True,1987,826020113,-4.9960036108132044e-14,0,1
200,200,0.1436143037903883,0.08646061605874572,0.133203552506302,0.07531183104497075,0.05715368773164259,0.05789172146133126,0.04850424041261381,1.1783235289420064,1.1935393889041541,0.23866765108163912,0.23265819550725242,0.352,0.246,0.242,True,999,0.00011387502308934927,0.0013042079517617822,weak_3x3_bal_strong_200_200,weak_null,True,1988,826020113,-4.9960036108132044e-14,0,1
200,200,0.160054394541,0.12241522755967338,0.14955994467604228,0.11425572777348947,0.03763916698132663,0.03530421690255281,0.05169574159482356,0.7280902801691416,0.6829231153942459,0.46655832340289916,0.4946554266257759,0.538,0.462,0.491,True,999,0.00012804195284843445,0.0013353329850360751,weak_3x3_bal_strong_200_200,weak_null,True,1989,826020113,-4.9960036108132044e-14,0,2
200,200,0.04603302600874892,0.13195255330030542,0.03571482183843955,0.12075982962655019,-0.0859195272915565,-0.08504500778811064,0.04364221121988645,-1.9687253438800447,-1.948686957212612,0.04898463934024783,0.05133282032220697,0.104,0.049,0.051,True,999,0.00011499994434416294,0.0012888750061392784,weak_3x3_bal_strong_200_200,weak_null,True,1990,826020113,-4.9960036108132044e-14,0,1
200,200,0.12543780693961804,0.06644255656758424,0.11498573601139128,0.06330732147027618,0.05899525037203379,0.0516784145411151,0.04535809240388407,1.3006554562903523,1.1393427677899837,0.19337641562790764,0.2545602168864677,0.312,0.196,0.251,True,999,0.00011720799375325441,0.0012510420056059957,weak_3x3_bal_strong_200_200,weak_null,True,1991,826020113,-4.9960036108132044e-14,0,3
200,200,0.07732325518961658,0.16940680717072493,0.066973189988488,0.15670987390673474,-0.09208355198110835,-0.08973668391824674,0.0502993507611126,-1.8307105477055166,-1.7840525287182016,0.06714375790441762,0.07441513000176815,0.103,0.069,0.078,True,999,0.00011325010564178228,0.0012671659933403134,weak_3x3_bal_strong_200_200,weak_null,True,1992,826020113,-4.9960036108132044e-14,0,0
200,200,0.08505213214092588,0.07630895278116084,0.07470081083158675,0.06497645181859468,0.008743179359765041,0.009724359012992068,0.0428520176140214,0.20403191836886175,0.2269288484986109,0.8383285562633923,0.8204790693130706,0.879,0.842,0.825,True,999,0.00011129106860607862,0.0012716669589281082,weak_3x3_bal_strong_200_200,weak_null,True,1993,826020113,-4.9960036108132044e-14,0,1
200,200,0.19028563760119477,0.1498778344692367,0.1797383985362444,0.13709100233080562,0.040407803131958075,0.04264739620543878,0.057652927753613546,0.7008803317785611,0.7397264608607105,0.48337769975555767,0.45946598881425693,0.545,0.484,0.454,True,999,0.00011616596020758152,0.0013134590117260814,weak_3x3_bal_strong_200_200,weak_null,True,1994,826020113,-4.9960036108132044e-14,0,0
200,200,0.11426954089704333,0.12624717880581543,0.10380649336374859,0.11786550773113902,-0.011977637908772099,-0.014059014367390432,0.05282507837742182,-0.2267415075694712,-0.2661428018514678,0.8206247491992894,0.7901292321970936,0.865,0.846,0.813,True,999,0.00011699995957314968,0.0013267500326037407,weak_3x3_bal_strong_200_200,weak_null,True,1995,826020113,-4.9960036108132044e-14,0,2
200,200,0.06244928630389035,0.15167130579793647,0.052108755792971806,0.14333659423952838,-0.08922201949404612,-0.09122783844655658,0.05001204646956309,-1.7840105693004564,-1.8241172854639547,0.07442194773653181,0.06813434283495322,0.104,0.076,0.069,True,999,0.00011712498962879181,0.0013206669827923179,weak_3x3_bal_strong_200_200,weak_null,True,1996,826020113,-4.9960036108132044e-14,0,2
200,200,0.15696553822844272,0.12668131991275233,0.14639705580421492,0.11060591987221358,0.030284218315690392,0.03579113593200134,0.052403448642336134,0.5779050635080556,0.6829919949788591,0.5633282165327425,0.49461190086495144,0.616,0.572,0.498,True,999,0.00011358305346220732,0.0012432080693542957,weak_3x3_bal_strong_200_200,weak_null,True,1997,826020113,-4.9960036108132044e-14,0,0
200,200,0.10580997552968507,0.08727875201174495,0.09539224985610417,0.07429312643384378,0.01853122351794012,0.02109912342226039,0.04521645401035577,0.40983363077732676,0.46662490201969686,0.6819279940666568,0.6407682674909914,0.754,0.69,0.648,True,999,0.0001087080454453826,0.0012728329747915268,weak_3x3_bal_strong_200_200,weak_null,True,1998,826020113,-4.9960036108132044e-14,0,1
200,200,0.07459863519472254,0.11476605417496577,0.06425044941133251,0.1063572689823502,-0.04016741898024323,-0.042106819571017695,0.04821357310819324,-0.8331143367056801,-0.8733395360789431,0.40478024869397067,0.3824780369581874,0.473,0.402,0.384,True,999,0.00010745797771960497,0.001271542045287788,weak_3x3_bal_strong_200_200,weak_null,True,1999,826020113,-4.9960036108132044e-14,0,2
150,400,0.11621153613511659,0.013645907534628465,0.10219750482008294,0.0058176429441516575,0.10256562860048812,0.09637986187593128,0.039422277921929684,2.601717455384111,2.44480702172508,0.0092758237972528,0.014492966650771301,0.055,0.009,0.017,True,999,0.0001307500060647726,0.001295124995522201,weak_3x3_bal_strong_150_400,weak_null,True,0,4285374274,3.885780586188048e-16,0,0
150,400,0.08069298742397901,0.04228789754662038,0.06665729603432169,0.03661478302481669,0.038405089877358634,0.030042513009505,0.034305651919912666,1.1194974509452902,0.8757307128178161,0.262927977753564,0.3811764446680749,0.492,0.27,0.398,True,999,0.0001142079709097743,0.0013103749370202422,weak_3x3_bal_strong_150_400,weak_null,True,1,4285374274,3.885780586188048e-16,0,0
150,400,0.0923426797224971,0.0372422520226795,0.07835036535288964,0.031955617714487516,0.0551004276998176,0.04639474763840212,0.03634329660030709,1.5161097878873215,1.2765696009538687,0.12949159375266986,0.2017542398455392,0.27,0.13,0.213,True,999,0.00011416699271649122,0.0013601250248029828,weak_3x3_bal_strong_150_400,weak_null,True,2,4285374274,3.885780586188048e-16,0,1
150,400,0.08606822112888812,0.06758765167268815,0.07211463560506104,0.05986033845098859,0.01848056945619997,0.012254297154072447,0.03938708766494119,0.4692037556422253,0.311124733524792,0.6389240012644483,0.7557057989712912,0.722,0.637,0.739,True,999,0.00011137500405311584,0.0014020829694345593,weak_3x3_bal_strong_150_400,weak_null,True,3,4285374274,3.885780586188048e-16,0,0
150,400,0.039043100577545786,0.06437848196735463,0.025157908884040125,0.05775682450052955,-0.025335381389808842,-0.03259891561648942,0.03008105150803614,-0.8422372264161213,-1.0837026627137896,0.39965518033373715,0.27849665464425666,0.592,0.403,0.273,True,999,0.00012212491128593683,0.001287583028897643,weak_3x3_bal_strong_150_400,weak_null,True,4,4285374274,3.885780586188048e-16,0,0
150,400,0.03964397937066044,0.057831473835461944,0.025756175411288496,0.052135299913857125,-0.0181874944648015,-0.02637912450256863,0.029737935377578774,-0.611592372969986,-0.8870529903181323,0.5408074855431214,0.37505037180409473,0.712,0.555,0.383,True,999,0.00011154194362461567,0.001332125044427812,weak_3x3_bal_strong_150_400,weak_null,True,5,4285374274,3.885780586188048e-16,0,0
150,400,0.05628595365471867,0.06565406468561669,0.04236312518196428,0.05903485072383319,-0.009368111030898019,-0.01667172554186891,0.03433922836648951,-0.2728107612353934,-0.4855008785852125,0.7849986869726797,0.6273210896149186,0.847,0.787,0.607,True,999,0.00010987499263137579,0.0012987919617444277,weak_3x3_bal_strong_150_400,weak_null,True,6,4285374274,3.885780586188048e-16,0,0
150,400,0.055866787536894114,0.06674606527709775,0.041929598807627144,0.06241948829649857,-0.010879277740203641,-0.020489889488871427,0.0336364626372905,-0.323437034908139,-0.6091570837819211,0.746364285675924,0.5424203235273337,0.822,0.711,0.52,True,999,0.00011616700794547796,0.0013412910047918558,weak_3x3_bal_strong_150_400,weak_null,True,7,4285374274,3.885780586188048e-16,0,1
150,400,0.030345245975970547,0.03158474884334639,0.016441808219383347,0.0248554974872377,-0.0012395028673758413,-0.008413689267854352,0.024349007600116445,-0.050905683210264126,-0.3455454696976691,0.9594006768366392,0.7296843329688198,0.981,0.963,0.731,True,999,0.00011754198931157589,0.0013587500434368849,weak_3x3_bal_strong_150_400,weak_null,True,8,4285374274,3.885780586188048e-16,0,0
150,400,0.0468519202576545,0.058551223356630044,0.032936031866171334,0.05169290759278056,-0.011699303098975544,-0.018756875726609223,0.031725896767952316,-0.36876193554262304,-0.5912165655647076,0.7123051791471691,0.5543753246817766,0.825,0.722,0.554,True,999,0.00011629099026322365,0.0013875840231776237,weak_3x3_bal_strong_150_400,weak_null,True,9,4285374274,3.885780586188048e-16,0,0
150,400,0.09502256743796678,0.05253583457184924,0.08103769319961884,0.045779633785343776,0.04248673286611754,0.03525805941427507,0.03824967005144487,1.1107738395906142,0.9217872825269824,0.266665709581133,0.3566395422987899,0.41,0.261,0.337,True,999,0.00011699995957314968,0.0012880839640274644,weak_3x3_bal_strong_150_400,weak_null,True,10,4285374274,3.885780586188048e-16,0,0
150,400,0.09069102463522172,0.04569572219159479,0.07657132989839965,0.04039791759451816,0.04499530244362693,0.03617341230388149,0.03640016779518915,1.2361289842618188,0.9937704822520729,0.21641062265483801,0.3203346197794682,0.414,0.232,0.341,True,999,0.00011229200754314661,0.0013260830892249942,weak_3x3_bal_strong_150_400,weak_null,True,11,4285374274,3.885780586188048e-16,0,1
150,400,0.06006852149705022,0.06455256453691349,0.04615554653094023,0.06040780764357123,-0.0044840430398632725,-0.014252261112631004,0.03440970041107915,-0.13031334147912288,-0.414193118288298,0.8963185251022595,0.6787326812647718,0.922,0.882,0.652,True,999,0.00011858309153467417,0.0013330000219866633,weak_3x3_bal_strong_150_400,weak_null,True,12,4285374274,3.885780586188048e-16,0,1
150,400,0.039119707440538054,0.06575454870864744,0.025199132053757012,0.0615096813642424,-0.026634841268109388,-0.036310549310485385,0.030419983265907377,-0.8755705430633778,-1.1936413308675204,0.38126354501387894,0.23261829921719013,0.606,0.391,0.23,True,999,0.00011679204180836678,0.0012728329747915268,weak_3x3_bal_strong_150_400,weak_null,True,13,4285374274,3.885780586188048e-16,0,1
150,400,0.060359359986216665,0.06052500296518987,0.04643718625666793,0.05619684085274912,-0.00016564297897320168,-0.009759654596081191,0.03419784164059093,-0.0048436676417786765,-0.28538802824611675,0.9961353274825588,0.7753468784208013,0.995,0.995,0.775,True,999,0.00011058291420340538,0.0013199580134823918,weak_3x3_bal_strong_150_400,weak_null,True,14,4285374274,3.885780586188048e-16,0,1
150,400,0.08004213985873565,0.06360340100635092,0.0660593539902834,0.05568653119371447,0.016438738852384727,0.010372822796568926,0.03871922420225648,0.4245627124787978,0.2678985183790025,0.6711554798461549,0.788777434190567,0.779,0.697,0.793,True,999,0.0001099579967558384,0.001370416022837162,weak_3x3_bal_strong_150_400,weak_null,True,15,4285374274,3.885780586188048e-16,0,0
150,400,0.09535791868220933,0.04874533282558491,0.08134566270081223,0.043514471512096975,0.04661258585662442,0.03783119118871525,0.03820840559044144,1.2199563194619523,0.9901274498138034,0.22248143403113774,0.32211182794227455,0.423,0.235,0.336,True,999,0.00011300004553049803,0.0013067499967291951,weak_3x3_bal_strong_150_400,weak_null,True,16,4285374274,3.885780586188048e-16,0,1
150,400,0.07304434837209217,0.06713434192120787,0.05906268459409603,0.06280936391792125,0.0059100064508842975,-0.0037466793238252194,0.036700650573607545,0.16103274352129188,-0.1020875451869935,0.8720676115741506,0.9186871868632978,0.931,0.889,0.916,True,999,0.00011370901484042406,0.0013441670453175902,weak_3x3_bal_strong_150_400,weak_null,True,17,4285374274,3.885780586188048e-16,0,1
150,400,0.050339709804720245,0.06187498689056936,0.036408333429051254,0.05743725104770192,-0.011535277085849116,-0.021028917618650667,0.03230933268772873,-0.3570261632246673,-0.6508620224966011,0.7210722193581497,0.5151355587687814,0.821,0.715,0.52,True,999,0.00011179200373589993,0.0013648329768329859,weak_3x3_bal_strong_150_400,weak_null,True,18,4285374274,3.885780586188048e-16,0,1
150,400,0.05885883923655255,0.07191367473615995,0.04489741357127741,0.06606013243310827,-0.013054835499607398,-0.021162718861830854,0.03423217029855316,-0.3813616076851302,-0.618211427358005,0.7029349449516437,0.5364359782991303,0.804,0.7,0.542,True,999,0.00013699999544769526,0.0013877920573577285,weak_3x3_bal_strong_150_400,weak_null,True,19,4285374274,3.885780586188048e-16,0,0
150,400,0.04542018003114778,0.03393936766892364,0.03144962861745171,0.026998824274670596,0.011480812362224146,0.004450804342781112,0.028292894401465485,0.40578430044362923,0.1573117362835304,0.6849010950768736,0.8749991712047922,0.838,0.687,0.883,True,999,0.00011912500485777855,0.0013237090315669775,weak_3x3_bal_strong_150_400,weak_null,True,20,4285374274,3.885780586188048e-16,0,0
150,400,0.04229717636921704,0.10894358338899557,0.028409017095839317,0.10483446316894174,-0.06664640701977853,-0.07642544607310242,0.03556518122489639,-1.8739228853731982,-2.1488839207602006,0.060941054643081055,0.03164360272868193,0.199,0.063,0.037,True,999,0.00011112494394183159,0.0013155000051483512,weak_3x3_bal_strong_150_400,weak_null,True,21,4285374274,3.885780586188048e-16,0,1
150,400,0.047217938350023525,0.06986538323222291,0.033320763874627346,0.06304353083177716,-0.022647444882199386,-0.029722766957149815,0.03332925028471135,-0.6795065802181612,-0.891792245647485,0.4968169397207375,0.3725042987968623,0.641,0.454,0.336,True,999,0.0001129580195993185,0.0013635829091072083,weak_3x3_bal_strong_150_400,weak_null,True,22,4285374274,3.885780586188048e-16,0,0
150,400,0.04529728183310344,0.022222576117043535,0.03135447894368326,0.015352152999241753,0.023074705716059907,0.01600232594444151,0.02709445612978414,0.8516393761709267,0.5906125543834269,0.39441427779648897,0.5547800511042085,0.584,0.376,0.544,True,999,0.00011308304965496063,0.001353750005364418,weak_3x3_bal_strong_150_400,weak_null,True,23,4285374274,3.885780586188048e-16,0,0
150,400,0.050971391571692504,0.058299940820837504,0.03698136511798111,0.051347569904351076,-0.007328549249145,-0.014366204786369963,0.03315293145186087,-0.2210528278558501,-0.43333135735614076,0.8250512995580568,0.6647740605667802,0.876,0.832,0.668,True,999,0.00011575000826269388,0.0013919170014560223,weak_3x3_bal_strong_150_400,weak_null,True,24,4285374274,3.885780586188048e-16,0,0
150,400,0.04240657111978985,0.05322811355879953,0.028498835754874108,0.04793605658498734,-0.01082154243900968,-0.019437220830113233,0.03030152115072196,-0.35712868621949845,-0.6414602334130716,0.7209954701079846,0.5212237096255627,0.826,0.715,0.51,True,999,0.00011366698890924454,0.0013752079103142023,weak_3x3_bal_strong_150_400,weak_null,True,25,4285374274,3.885780586188048e-16,0,1
150,400,0.03655014502438858,0.04479819267306806,0.022654909806789192,0.037963134236264295,-0.00824804764867948,-0.015308224429475104,0.02777143585311746,-0.2969975226453263,-0.5512219285470144,0.7664684004955734,0.5814815495781054,0.862,0.781,0.587,True,999,0.00011374999303370714,0.0013897080207243562,weak_3x3_bal_strong_150_400,weak_null,True,26,4285374274,3.885780586188048e-16,0,0
150,400,0.006917197866115554,0.058219047534324386,-0.00693830184656008,0.054081355108280604,-0.05130184966820883,-0.061019656954840684,0.021741163654464817,-2.359664389797892,-2.8066417200401115,0.018291474620507377,0.005006088639673223,0.303,0.017,0.005,True,999,0.00011758296750485897,0.0012726669665426016,weak_3x3_bal_strong_150_400,weak_null,True,27,4285374274,3.885780586188048e-16,0,1
150,400,0.06718227076071392,0.06991541873788726,0.05326283313161184,0.06314015583802757,-0.0027331479771733336,-0.009877322706415725,0.03643246448432822,-0.0750195743235823,-0.27111321855990694,0.9401991377191234,0.7863039552478961,0.966,0.953,0.795,True,999,0.00011820904910564423,0.0013195000356063247,weak_3x3_bal_strong_150_400,weak_null,True,28,4285374274,3.885780586188048e-16,0,0
150,400,0.045361487275434875,0.06569702771700697,0.03145886217444627,0.06139736575977395,-0.020335540441572098,-0.02993850358532768,0.03218048258027289,-0.6319215503013644,-0.9303310946517759,0.5274381407277018,0.35219968295487036,0.68,0.493,0.325,True,999,0.00011916703078895807,0.0013169590383768082,weak_3x3_bal_strong_150_400,weak_null,True,29,4285374274,3.885780586188048e-16,0,1
150,400,0.05593104011546135,0.07847160718831625,0.04199984287728853,0.07271958613648621,-0.0225405670728549,-0.030719743259197685,0.034945912913014764,-0.6450129698703682,-0.8790654098996754,0.518918780758298,0.37936581130778047,0.688,0.527,0.374,True,999,0.00011991593055427074,0.0013561249943450093,weak_3x3_bal_strong_150_400,weak_null,True,30,4285374274,3.885780586188048e-16,0,0
150,400,0.056698213839071476,0.048967484365482095,0.042693173732402556,0.044531988113845955,0.007730729473589382,-0.0018388143814433988,0.03218399199932957,0.24020418205890745,-0.05713444067105483,0.8101719717667248,0.9544381015332717,0.868,0.804,0.95,True,999,0.000118291936814785,0.001378042041324079,weak_3x3_bal_strong_150_400,weak_null,True,31,4285374274,3.885780586188048e-16,0,1
150,400,0.0778524547970183,0.059435024621340315,0.06386730016549791,0.053909780112491035,0.018417430175677985,0.009957520053006874,0.035522623812872314,0.5184704337353614,0.28031488060852566,0.6041300835407073,0.7792359351763255,0.71,0.599,0.784,True,999,0.00013591605238616467,0.0013378330040723085,weak_3x3_bal_strong_150_400,weak_null,True,32,4285374274,3.885780586188048e-16,0,0
150,400,0.07928131198453303,0.07001378529391361,0.06533204070527177,0.06334053118445127,0.009267526690619421,0.0019915095208205003,0.03842586860972679,0.24117936759596162,0.051827313028296434,0.8094161012463995,0.9586662921426682,0.866,0.815,0.952,True,999,0.00011237501166760921,0.0013294580858200788,weak_3x3_bal_strong_150_400,weak_null,True,33,4285374274,3.885780586188048e-16,0,0
150,400,0.058828075894985954,0.052638711023119344,0.04486529715759957,0.046991829684685626,0.0061893648718666094,-0.0021265325270860558,0.031948845716980666,0.1937273392189249,-0.06656054324854101,0.846389383763378,0.9469315579787864,0.894,0.847,0.952,True,999,0.0001205839216709137,0.0013157090870663524,weak_3x3_bal_strong_150_400,weak_null,True,34,4285374274,3.885780586188048e-16,0,0
150,400,0.03457945647287808,0.08245471151750311,0.020670223223476114,0.07697991997846998,-0.04787525504462503,-0.056309696754993865,0.03021094687657191,-1.5846989252015633,-1.863883875770246,0.11303475620459162,0.06233801353859886,0.344,0.13,0.076,True,999,0.00011675001587718725,0.0013318749843165278,weak_3x3_bal_strong_150_400,weak_null,True,35,4285374274,3.885780586188048e-16,0,0
150,400,0.0571746373656663,0.021410037460501574,0.043210528147000105,0.016986590544533442,0.03576459990516473,0.026223937602466663,0.029558958849665903,1.2099411243494784,0.8871739270601225,0.22630148547551066,0.37498526747029937,0.461,0.211,0.372,True,999,0.00011433300096541643,0.0013676660601049662,weak_3x3_bal_strong_150_400,weak_null,True,36,4285374274,3.885780586188048e-16,0,1
150,400,0.07423849732316334,0.02257537246154495,0.06028847729501763,0.01618740380769168,0.05166312486161839,0.04410107348732595,0.033746698757192085,1.5309090004132022,1.3068263003926315,0.1257918844950626,0.19127171075435456,0.34,0.124,0.188,True,999,0.00011412508320063353,0.0014541669515892863,weak_3x3_bal_strong_150_400,weak_null,True,37,4285374274,3.885780586188048e-16,0,1
150,400,0.06956543330088594,0.04716852379137665,0.055609449663222676,0.04043092101085222,0.02239690950950929,0.01517852865237046,0.033894214004611956,0.6607885790318596,0.4478206413137396,0.5087479081274857,0.654282645279664,0.626,0.487,0.648,True,999,0.00012149999383836985,0.0013434170978143811,weak_3x3_bal_strong_150_400,weak_null,True,38,4285374274,3.885780586188048e-16,0,0
150,400,0.0768173098861904,0.05991610018558219,0.06281507231102523,0.054607687034888386,0.01690120970060821,0.008207385276136847,0.0364544526284264,0.4636253868047112,0.225140817770417,0.6429161625799813,0.8218697280000864,0.748,0.648,0.827,True,999,0.0001200829865410924,0.0013256249949336052,weak_3x3_bal_strong_150_400,weak_null,True,39,4285374274,3.885780586188048e-16,0,1
150,400,0.06413149100807947,0.04960437017250463,0.050143195984531985,0.041689520972454375,0.014527120835574836,0.00845367501207761,0.0353145753834057,0.41136331607716636,0.239382037594879,0.6808061486296044,0.810809357092464,0.83,0.708,0.823,True,999,0.00010879198089241982,0.0013038329780101776,weak_3x3_bal_strong_150_400,weak_null,True,40,4285374274,3.885780586188048e-16,0,0
150,400,0.08885388576738418,0.05272619241565568,0.07477613757262702,0.04612370897675078,0.036127693351728496,0.028652428595876245,0.03683873575297431,0.9806985124024402,0.7777799104727117,0.3267414376908018,0.43669877322342887,0.472,0.312,0.426,True,999,0.00011562497820705175,0.0013438330497592688,weak_3x3_bal_strong_150_400,weak_null,True,41,4285374274,3.885780586188048e-16,0,0
150,400,0.05937242909056084,0.054270034166676306,0.0454336575033949,0.049035387464130054,0.0051023949238845345,-0.003601729960735156,0.033944666177005124,0.15031507151309123,-0.10610591784741276,0.8805160427381882,0.915498315891171,0.921,0.878,0.899,True,999,0.00012129207607358694,0.0013617909280583262,weak_3x3_bal_strong_150_400,weak_null,True,42,4285374274,3.885780586188048e-16,0,1
150,400,0.07458637162640991,0.06870978797104127,0.06064234556691872,0.06092639536237243,0.005876583655368639,-0.00028404979545371134,0.03792000062347597,0.1549731951146249,-0.0074907645248786835,0.8768424491767353,0.9940232905307836,0.915,0.87,0.992,True,999,0.00011137500405311584,0.0013773329555988312,weak_3x3_bal_strong_150_400,weak_null,True,43,4285374274,3.885780586188048e-16,0,0
150,400,0.04912065810312782,0.06203152992490962,0.03521192970066522,0.05777831477871587,-0.0129108718217818,-0.022566385078050644,0.03199879105809184,-0.4034799876765002,-0.705226176735326,0.6865951539670023,0.4806694935024951,0.785,0.668,0.481,True,999,0.00011370808351784945,0.0012880419380962849,weak_3x3_bal_strong_150_400,weak_null,True,44,4285374274,3.885780586188048e-16,0,1
150,400,0.07043886619128958,0.04415055551105196,0.0564907392236762,0.0382818337991182,0.026288310680237625,0.018208905424557997,0.034961068703847,0.75193098079822,0.5208337759581803,0.4520925660064473,0.6024825717637878,0.6,0.469,0.595,True,999,0.00011195894330739975,0.0013260840205475688,weak_3x3_bal_strong_150_400,weak_null,True,45,4285374274,3.885780586188048e-16,0,0
150,400,0.10093679509761544,0.029048191320288907,0.08683989970353423,0.02462723399656852,0.07188860377732653,0.06221266570696571,0.036957404375087266,1.9451745866056045,1.683361338787711,0.0517539693859133,0.09230516272979118,0.168,0.058,0.101,True,999,0.00011341704521328211,0.001349707948975265,weak_3x3_bal_strong_150_400,weak_null,True,46,4285374274,3.885780586188048e-16,0,1
150,400,0.05744471574650323,0.07527744670025177,0.04349869607403889,0.0675083674336463,-0.017832730953748543,-0.02400967135960741,0.034740834462264426,-0.5133075019576313,-0.6911080787563341,0.6077362371092947,0.4894976237335149,0.736,0.61,0.49,True,999,0.00011745898518711329,0.0013246249873191118,weak_3x3_bal_strong_150_400,weak_null,True,47,4285374274,3.885780586188048e-16,0,0
150,400,0.07758129460416541,0.05309468616493562,0.06354109732092184,0.04727485154990063,0.024486608439229784,0.016266245771021204,0.03515458762216483,0.6965409096077997,0.46270620340787044,0.48609014675398765,0.643574971149888,0.602,0.478,0.634,True,999,0.00011483405251055956,0.0012897090055048466,weak_3x3_bal_strong_150_400,weak_null,True,48,4285374274,3.885780586188048e-16,0,0
150,400,0.039025945572605414,0.054372066174279365,0.025104845812933263,0.047765322364426765,-0.015346120601673952,-0.022660476551493502,0.029150495923241447,-0.5264445806370868,-0.7773616137153432,0.5985793478876793,0.4369454531434571,0.768,0.618,0.453,True,999,0.0001260410062968731,0.001313582994043827,weak_3x3_bal_strong_150_400,weak_null,True,49,4285374274,3.885780586188048e-16,0,0
150,400,0.03044344560806267,0.044384985622032025,0.01655983017701601,0.03764697770679959,-0.013941540013969356,-0.02108714752978358,0.025791516908510007,-0.5405475010804538,-0.8176001281578671,0.5888195118034092,0.41358555434130095,0.756,0.577,0.419,True,999,0.00011587503831833601,0.0013329579960554838,weak_3x3_bal_strong_150_400,weak_null,True,50,4285374274,3.885780586188048e-16,0,0
150,400,0.04456598411392587,0.03715349466418344,0.03065534706308881,0.030326385188658378,0.007412489449742432,0.00032896187443043345,0.029410439945295925,0.2520359934611596,0.011185207533185831,0.8010132428495278,0.9910756816855095,0.883,0.785,0.99,True,999,0.00011591601651161909,0.001326541998423636,weak_3x3_bal_strong_150_400,weak_null,True,51,4285374274,3.885780586188048e-16,0,0
150,400,0.03977803572493377,0.04717897252862485,0.02588898187306654,0.04178245125112312,-0.007400936803691083,-0.01589346937805658,0.0290707640845415,-0.2545834977769491,-0.546716602695283,0.7990448061760892,0.5845734460536085,0.882,0.814,0.614,True,999,0.00011758296750485897,0.00136824999935925,weak_3x3_bal_strong_150_400,weak_null,True,52,4285374274,3.885780586188048e-16,0,1
150,400,0.100344783341213,0.0728976522886326,0.08632391734749945,0.06501352235551394,0.027447131052580398,0.021310394991985504,0.04014944767687506,0.6836241253796665,0.5307767908413765,0.4942125464066556,0.595573465072585,0.601,0.524,0.596,True,999,0.00011666701175272465,0.0014031250029802322,weak_3x3_bal_strong_150_400,weak_null,True,53,4285374274,3.885780586188048e-16,0,0
150,400,0.06990427137764255,0.046765701571463314,0.05595586321314272,0.04116857328006063,0.023138569806179232,0.014787289933082093,0.03488372625773357,0.6633055664759872,0.4239022466759501,0.5071348722146325,0.6716371056066983,0.647,0.502,0.673,True,999,0.00011416699271649122,0.0013438330497592688,weak_3x3_bal_strong_150_400,weak_null,True,54,4285374274,3.885780586188048e-16,0,0
150,400,0.027654736077274755,0.05021049252127607,0.013752753228118308,0.045877521106774566,-0.022555756444001318,-0.03212476787865626,0.02670469585441181,-0.8446363353834994,-1.2029632561177068,0.39831391535683336,0.22899053982013717,0.627,0.395,0.227,True,999,0.00011337501928210258,0.0013028749963268638,weak_3x3_bal_strong_150_400,weak_null,True,55,4285374274,3.885780586188048e-16,0,1
150,400,0.0254816902165782,0.02806007865267235,0.01160417357937149,0.022653093927331724,-0.002578388436094148,-0.011048920347960234,0.02332126357844243,-0.11055955126194547,-0.47377022736339075,0.911965624194818,0.6356637677124721,0.951,0.91,0.636,True,999,0.00011449994053691626,0.0013247920433059335,weak_3x3_bal_strong_150_400,weak_null,True,56,4285374274,3.885780586188048e-16,0,1
150,400,0.03747829438835448,0.050970953367116045,0.023574203276524486,0.0451514544400311,-0.013492658978761563,-0.021577251163506617,0.028984235992192763,-0.4655171515438932,-0.74444781533378,0.6415611572116273,0.4566056007774346,0.804,0.652,0.472,True,999,0.00011133309453725815,0.001342542003840208,weak_3x3_bal_strong_150_400,weak_null,True,57,4285374274,3.885780586188048e-16,0,0
150,400,0.041328780321712166,0.02547548877054634,0.02743152564568163,0.020049437479372045,0.015853291551165827,0.007382088166309586,0.02643667944305151,0.5996703022146236,0.2792365880220202,0.5487259840578462,0.780063266710661,0.751,0.541,0.76,True,999,0.00011375010944902897,0.0013477500760927796,weak_3x3_bal_strong_150_400,weak_null,True,58,4285374274,3.885780586188048e-16,0,1
150,400,0.057370054687803984,0.04677671524779409,0.043453672506075236,0.04105131763921577,0.010593339440009897,0.0024023548668594685,0.032346474708935584,0.32749594925976677,0.07426944940605314,0.7432928062240594,0.9407959857174655,0.823,0.736,0.944,True,999,0.00012995896395295858,0.001372791943140328,weak_3x3_bal_strong_150_400,weak_null,True,59,4285374274,3.885780586188048e-16,0,0
150,400,0.10272607770494102,0.08667759012438114,0.08869066452848529,0.07985819633213964,0.016048487580559878,0.008832468196345644,0.04197887100737931,0.3822991708790542,0.21040270937236535,0.7022394696108261,0.8333533782104187,0.789,0.726,0.855,True,999,0.00011237501166760921,0.0013953339075669646,weak_3x3_bal_strong_150_400,weak_null,True,60,4285374274,3.885780586188048e-16,0,0
150,400,0.08840845592262192,0.044137109164812505,0.07389647949699452,0.038358691995654226,0.044271346757809416,0.03553778750134029,0.03543666311436932,1.24930912978253,1.0028536656130573,0.21155202994507305,0.31593147125458376,0.36,0.236,0.31,True,999,0.00013441592454910278,0.0013082909863442183,weak_3x3_bal_strong_150_400,weak_null,True,61,4285374274,3.885780586188048e-16,0,0
150,400,0.09429447745392117,0.06263465784842742,0.08031696054851523,0.05696399907850491,0.031659819605493744,0.023352961470010314,0.03910659480184696,0.8095775090087488,0.5971617214012042,0.4181830388299238,0.5503994130293843,0.556,0.43,0.576,True,999,0.00011812499724328518,0.0013223750283941627,weak_3x3_bal_strong_150_400,weak_null,True,62,4285374274,3.885780586188048e-16,0,0
150,400,0.0496079660819726,0.06726534125240702,0.03566541464741135,0.06124823051388262,-0.01765737517043442,-0.025582815866471265,0.03361004947629428,-0.5253599874313918,-0.7611656711340233,0.5993329633762056,0.4465581197089207,0.746,0.601,0.458,True,999,0.00011566700413823128,0.0013265840243548155,weak_3x3_bal_strong_150_400,weak_null,True,63,4285374274,3.885780586188048e-16,0,0
150,400,0.06921425034432693,0.07716608302055505,0.05527504180375331,0.06924985818426421,-0.007951832676228121,-0.013974816380510902,0.03685201888760907,-0.21577739609000915,-0.3792144040501868,0.8291612685743751,0.7045286561125497,0.88,0.827,0.713,True,999,0.00011712498962879181,0.0013698330149054527,weak_3x3_bal_strong_150_400,weak_null,True,64,4285374274,3.885780586188048e-16,0,0
150,400,0.10908263812409769,0.03723715311179526,0.09503954420361538,0.030511463609769862,0.07184548501230242,0.06452808059384552,0.039560444301744144,1.8160939868194275,1.6311262861878575,0.06935595596975432,0.10286367519464333,0.191,0.068,0.107,True,999,0.00011629099026322365,0.001399582950398326,weak_3x3_bal_strong_150_400,weak_null,True,65,4285374274,3.885780586188048e-16,0,0
150,400,0.08867773196491635,0.06750194252226493,0.07468494402155557,0.06468099346542999,0.021175789442651416,0.010003950556125574,0.039558552248029136,0.5353024375078445,0.2528897036828234,0.5924407411216326,0.800353446193065,0.72,0.607,0.8,True,999,0.00014062493573874235,0.0013238750398159027,weak_3x3_bal_strong_150_400,weak_null,True,66,4285374274,3.885780586188048e-16,0,2
150,400,0.05159111680724138,0.034589974813792,0.03763673974276571,0.02783135754290811,0.017001141993449376,0.009805382199857604,0.02943920216487309,0.5775000931830676,0.3330722804559359,0.5636016756965565,0.739079722889193,0.748,0.565,0.731,True,999,0.00011229200754314661,0.0013070410350337625,weak_3x3_bal_strong_150_400,weak_null,True,67,4285374274,3.885780586188048e-16,0,0
150,400,0.027974879704178557,0.032426855394701914,0.01404554168618688,0.027007231179013047,-0.004451975690523358,-0.012961689492826167,0.024527074328822878,-0.18151270839880151,-0.5284645579433948,0.855965158974152,0.597176940054506,0.942,0.88,0.605,True,999,0.00011454196646809578,0.0012847499456256628,weak_3x3_bal_strong_150_400,weak_null,True,68,4285374274,3.885780586188048e-16,0,1
150,400,0.0697602619829043,0.05043571725220797,0.05583212665305837,0.04403020812206648,0.019324544730696336,0.011801918530991884,0.03602856082256595,0.5363673788099995,0.327571189676828,0.5917046719845689,0.7432359083444584,0.704,0.579,0.739,True,999,0.00011366605758666992,0.0012974170967936516,weak_3x3_bal_strong_150_400,weak_null,True,69,4285374274,3.885780586188048e-16,0,1
150,400,0.06114962663495649,0.07580208437789376,0.04722384843569216,0.06923368843351341,-0.014652457742937275,-0.022009839997821246,0.035958390501568106,-0.40748369263908785,-0.6120919120910436,0.6836527688963474,0.5404769483619855,0.778,0.701,0.554,True,999,0.00012187508400529623,0.0013537920312955976,weak_3x3_bal_strong_150_400,weak_null,True,70,4285374274,3.885780586188048e-16,0,0
150,400,0.03571690127608251,0.06451618137090187,0.02182572999257104,0.0578610734444851,-0.028799280094819357,-0.03603534345191406,0.030062034609788173,-0.957995041541278,-1.1986994200379566,0.33806525889218375,0.2306448436507983,0.561,0.321,0.214,True,999,0.00012191699352115393,0.001369624980725348,weak_3x3_bal_strong_150_400,weak_null,True,71,4285374274,3.885780586188048e-16,0,0
150,400,0.030357086208914197,0.04553200859131257,0.016462347834306,0.039872501614667044,-0.01517492238239837,-0.023410153780361043,0.025815243118833552,-0.5878279864553156,-0.9068345268955506,0.5566477570143772,0.36449430852362574,0.738,0.539,0.343,True,999,0.00011625001206994057,0.001271124929189682,weak_3x3_bal_strong_150_400,weak_null,True,72,4285374274,3.885780586188048e-16,0,0
150,400,0.017807858216778882,0.07755648320567854,0.0039136316156600515,0.07236836578053385,-0.05974862498889966,-0.0684547341648738,0.026920352557672694,-2.2194592311113857,-2.5428617258343893,0.026455497873346542,0.010994873009111287,0.252,0.033,0.02,True,999,0.00011329189874231815,0.0013065410312265158,weak_3x3_bal_strong_150_400,weak_null,True,73,4285374274,3.885780586188048e-16,0,1
150,400,0.028738638035132436,0.06582360665571613,0.014865856826418167,0.059996890777000544,-0.03708496862058369,-0.04513103395058238,0.028434108839001715,-1.3042423390359963,-1.5872146444300828,0.1921509682736664,0.11246403912617152,0.423,0.201,0.107,True,999,0.00011129199992865324,0.001301957992836833,weak_3x3_bal_strong_150_400,weak_null,True,74,4285374274,3.885780586188048e-16,0,0
150,400,0.0717489593539482,0.04932238951260276,0.05779885267611462,0.04342585108688013,0.022426569841345445,0.014373001589234491,0.0355018815972763,0.6317008798504362,0.40485182594764746,0.5275823530042417,0.6855864309555292,0.699,0.526,0.696,True,999,0.0001163750421255827,0.0013159590307623148,weak_3x3_bal_strong_150_400,weak_null,True,75,4285374274,3.885780586188048e-16,0,0
150,400,0.05012401578055825,0.0644076695354292,0.036177082544270434,0.05918464309917226,-0.01428365375487095,-0.02300756055490183,0.0327844193557634,-0.4356842071799551,-0.7017833778061764,0.6630658655996244,0.48281426645009484,0.799,0.682,0.483,True,999,0.00012125005014240742,0.0013370419619604945,weak_3x3_bal_strong_150_400,weak_null,True,76,4285374274,3.885780586188048e-16,0,1
150,400,0.06323466513235254,0.07750646941096584,0.049235739583821214,0.0731554546603661,-0.014271804278613298,-0.02391971507654489,0.036559077314580905,-0.39037648997014635,-0.6542756774390736,0.6962581698428105,0.5129342130481871,0.782,0.678,0.516,True,999,0.00011766701936721802,0.0013434579595923424,weak_3x3_bal_strong_150_400,weak_null,True,77,4285374274,3.885780586188048e-16,0,1
150,400,0.05691877772305398,0.07506743698665092,0.042996341487423706,0.0682487887269474,-0.018148659263596933,-0.02525244723952369,0.033746645522886407,-0.5377915043819339,-0.7482950334248156,0.5907209978338617,0.4542822195832058,0.714,0.583,0.46,True,999,0.00011620798613876104,0.0012991249095648527,weak_3x3_bal_strong_150_400,weak_null,True,78,4285374274,3.885780586188048e-16,0,0
150,400,0.07976018000575724,0.0497907571898345,0.06580175180809533,0.044199949282187845,0.02996942281592274,0.021601802525907488,0.03604024443911188,0.8315543715735482,0.5993800225856573,0.4056605261304047,0.5489194957879158,0.553,0.39,0.53,True,999,0.00011350004933774471,0.0013174159685149789,weak_3x3_bal_strong_150_400,weak_null,True,79,4285374274,3.885780586188048e-16,0,0
150,400,0.04158677593706539,0.05763987603916132,0.0276798581417097,0.04987579882643445,-0.01605310010209593,-0.022195940684724746,0.03053392096643577,-0.525746435243027,-0.7269272986303823,0.5990643958478246,0.46727049321283953,0.715,0.593,0.464,True,999,0.00011908402666449547,0.00132845900952816,weak_3x3_bal_strong_150_400,weak_null,True,80,4285374274,3.885780586188048e-16,0,0
150,400,0.05673666459364601,0.029161141489434605,0.04278029319752363,0.021268593283934933,0.027575523104211408,0.0215116999135887,0.03091755147620586,0.8919051408528752,0.6957763110750894,0.37244377893515046,0.48656892672044416,0.593,0.409,0.522,True,999,0.00012012501247227192,0.0013825000496581197,weak_3x3_bal_strong_150_400,weak_null,True,81,4285374274,3.885780586188048e-16,0,0
150,400,0.06173334656783358,0.07023200674535685,0.04767688157252792,0.06450077026266854,-0.008498660177523265,-0.01682388869014062,0.03442343573602726,-0.24688587864077272,-0.48873357148754587,0.8049965453185508,0.6250303328555962,0.875,0.799,0.596,True,999,0.00011941709090024233,0.0012781660770997405,weak_3x3_bal_strong_150_400,weak_null,True,82,4285374274,3.885780586188048e-16,0,0
150,400,0.04526998850841002,0.05518034359860752,0.03133055022425424,0.04936260484259947,-0.009910355090197498,-0.018032054618345228,0.031177338892765045,-0.31787046111550193,-0.5783705492109755,0.7505831999865886,0.563013972970036,0.855,0.773,0.563,True,999,0.00011108291801065207,0.0013320420403033495,weak_3x3_bal_strong_150_400,weak_null,True,83,4285374274,3.885780586188048e-16,0,0
150,400,0.007774637456327671,0.025128002482246947,-0.006062258147551347,0.018274059079743665,-0.017353365025919276,-0.024336317227295012,0.016766915039492278,-1.0349766182416797,-1.4514487113445733,0.30067983085249395,0.1466549540929537,0.675,0.294,0.141,True,999,0.00011274998541921377,0.0012786249862983823,weak_3x3_bal_strong_150_400,weak_null,True,84,4285374274,3.885780586188048e-16,0,0
150,400,0.032447212419070226,0.03878487934338243,0.018555021309026642,0.03590191994607039,-0.006337666924312202,-0.01734689863704375,0.026132270733403684,-0.24252262610348105,-0.6638113776645519,0.8083752269720973,0.5068110427048307,0.876,0.778,0.497,True,999,0.00011833396274596453,0.0013089589774608612,weak_3x3_bal_strong_150_400,weak_null,True,85,4285374274,3.885780586188048e-16,0,2
150,400,0.09528291196196648,0.04234976707526927,0.08128729910040988,0.03811973871293617,0.0529331448866972,0.043167560387473713,0.036677310313612696,1.4432122866722643,1.1769554533406497,0.1489606794279485,0.23921328684484555,0.318,0.166,0.257,True,999,0.00011099991388618946,0.0013224590802565217,weak_3x3_bal_strong_150_400,weak_null,True,86,4285374274,3.885780586188048e-16,0,1
150,400,0.07139193915682185,0.041087107230929176,0.05745142834695116,0.03318035034260447,0.030304831925892672,0.02427107800434669,0.03525976264588574,0.8594735089468553,0.6883505781959296,0.39007932928602684,0.4912320382176947,0.555,0.4,0.491,True,999,0.00011570798233151436,0.001357667031697929,weak_3x3_bal_strong_150_400,weak_null,True,87,4285374274,3.885780586188048e-16,0,0
150,400,0.06751165042431273,0.09610481149372652,0.05350756416748936,0.08809320351232941,-0.028593161069413786,-0.03458563934484005,0.03831163619260931,-0.7463309822024696,-0.9027450347190329,0.4554675001369529,0.3666612290499799,0.623,0.473,0.339,True,999,0.00011933303903788328,0.00139233295340091,weak_3x3_bal_strong_150_400,weak_null,True,88,4285374274,3.885780586188048e-16,0,0
150,400,0.04170072205218078,0.057316783816666717,0.027813575614260344,0.050381167668192006,-0.015616061764485933,-0.022567592053931662,0.03110675503149808,-0.5020151330048224,-0.7254884680539699,0.61565687607849,0.46815241698363086,0.74,0.599,0.461,True,999,0.00011379097122699022,0.001341374940238893,weak_3x3_bal_strong_150_400,weak_null,True,89,4285374274,3.885780586188048e-16,0,0
150,400,0.09150830245578256,0.04139134979047848,0.07753732247357448,0.035632657141604795,0.05011695266530408,0.04190466533196968,0.03785836656221958,1.323801241739728,1.1068799089126067,0.1855690636445836,0.2683458533699741,0.308,0.183,0.277,True,999,0.00011550006456673145,0.0013708329061046243,weak_3x3_bal_strong_150_400,weak_null,True,90,4285374274,3.885780586188048e-16,0,0
150,400,0.06832310921969609,0.0627675480230051,0.05438035015183118,0.05602986022918799,0.0055555611966909835,-0.0016495100773568083,0.035884170789353145,0.15481927196543502,-0.045967624193958494,0.8769637975675549,0.9633360547700311,0.912,0.87,0.967,True,999,0.0001141249667853117,0.001332332962192595,weak_3x3_bal_strong_150_400,weak_null,True,91,4285374274,3.885780586188048e-16,0,0
150,400,0.02688926689067106,0.058572294795783186,0.013014838850352817,0.053298687276623014,-0.03168302790511213,-0.0402838484262702,0.027891211793524568,-1.1359502103980974,-1.4443204807480898,0.2559774026539472,0.14864884728859404,0.463,0.262,0.157,True,999,0.00011912500485777855,0.0013705421006307006,weak_3x3_bal_strong_150_400,weak_null,True,92,4285374274,3.885780586188048e-16,0,1
150,400,0.04261834435645895,0.06403864534396975,0.02864332078073062,0.059949885189439556,-0.0214203009875108,-0.03130656440870894,0.02989540272860022,-0.7165081929810735,-1.0472033005515826,0.47367761038283174,0.2950058233644022,0.701,0.504,0.303,True,999,0.00012637500185519457,0.0013608339941129088,weak_3x3_bal_strong_150_400,weak_null,True,93,4285374274,3.885780586188048e-16,0,1
150,400,0.053880238178540374,0.0468135863479297,0.03994568870180615,0.040844793714228445,0.007066651830610671,-0.0008991050124222966,0.03185868296083476,0.22181242831971454,-0.028221662945941764,0.824459904051325,0.9774853595718129,0.901,0.852,0.977,True,999,0.00011637492571026087,0.0013694590888917446,weak_3x3_bal_strong_150_400,weak_null,True,94,4285374274,3.885780586188048e-16,0,0
150,400,0.07840936247026775,0.08723290666201933,0.06446344394225889,0.08204601742124851,-0.008823544191751576,-0.017582573478989616,0.03921750764240936,-0.22498992725916872,-0.44833480085756455,0.8219871102752979,0.6539115883758777,0.878,0.825,0.652,True,999,0.00011550006456673145,0.0013101670192554593,weak_3x3_bal_strong_150_400,weak_null,True,95,4285374274,3.885780586188048e-16,0,1
150,400,0.082061774878746,0.03618722127337887,0.06806131434066742,0.02841665128894988,0.04587455360536713,0.039644663051717544,0.0357927818264486,1.2816705286502414,1.10761614573424,0.19995824752971192,0.26802762750720344,0.383,0.198,0.268,True,999,0.00011533289216458797,0.001294416026212275,weak_3x3_bal_strong_150_400,weak_null,True,96,4285374274,3.885780586188048e-16,0,0
150,400,0.14571556398483243,0.03666823672519104,0.13150391970597752,0.032384329275913615,0.10904732725964139,0.09911959043006391,0.04041318547877848,2.6983106124337475,2.452654727801969,0.006969238009412565,0.014180637822893007,0.036,0.011,0.02,True,999,0.00011233298573642969,0.0013123750686645508,weak_3x3_bal_strong_150_400,weak_null,True,97,4285374274,3.885780586188048e-16,0,1
150,400,0.0783212412442964,0.07048640277031387,0.06434683693186116,0.06486431056288211,0.00783483847398253,-0.0005174736310209482,0.03674622403791558,0.21321479088295897,-0.014082362054044173,0.8311594320555574,0.9887642721036726,0.871,0.813,0.99,True,999,0.00011154194362461567,0.001354374922811985,weak_3x3_bal_strong_150_400,weak_null,True,98,4285374274,3.885780586188048e-16,0,0
150,400,0.027830753979697587,0.08474269298541975,0.013952977361498142,0.07901427446427078,-0.05691193900572217,-0.06506129710277264,0.03032617368610871,-1.8766607220149045,-2.145384306513248,0.06056460921191779,0.031922132809853156,0.267,0.064,0.039,True,999,0.00012079195585101843,0.0013524170499294996,weak_3x3_bal_strong_150_400,weak_null,True,99,4285374274,3.885780586188048e-16,0,0
150,400,0.06625024901252452,0.07850863598589564,0.05227545181617188,0.07058645961961929,-0.012258386973371116,-0.01831100780344741,0.03734421956601808,-0.3282539336964968,-0.4903304451463161,0.7427196716827282,0.6239000866076904,0.826,0.763,0.623,True,999,0.00011820800136774778,0.0013559169601649046,weak_3x3_bal_strong_150_400,weak_null,True,100,4285374274,3.885780586188048e-16,0,0
150,400,0.03487272587963863,0.05615608461503152,0.020977370356717984,0.04847793180113058,-0.021283358735392888,-0.027500561444412597,0.028563608244613837,-0.7451215040174847,-0.962783175322337,0.45619827037533467,0.3356563457158983,0.652,0.449,0.339,True,999,0.00011070899199694395,0.0012952500255778432,weak_3x3_bal_strong_150_400,weak_null,True,101,4285374274,3.885780586188048e-16,0,0
150,400,0.06316837649733675,0.060149247280031126,0.04917517236270896,0.054471033313490125,0.0030191292173056272,-0.005295860950781162,0.0336036265979454,0.08984533882096593,-0.1575978990048938,0.928410118684979,0.8747736592349058,0.95,0.92,0.88,True,999,0.00011187500786036253,0.00132545898668468,weak_3x3_bal_strong_150_400,weak_null,True,102,4285374274,3.885780586188048e-16,0,0
150,400,0.11202013577916325,0.0715177333297296,0.09749554279210315,0.06571873968383102,0.04050240244943365,0.031776803108272134,0.041690612770718394,0.9714993318083516,0.7622052303004462,0.33129968570447266,0.44593752496081696,0.493,0.356,0.476,True,999,0.00012004096060991287,0.001281667035073042,weak_3x3_bal_strong_150_400,weak_null,True,103,4285374274,3.885780586188048e-16,0,0
150,400,0.07578037928884784,0.027717552093968922,0.06181163050953842,0.023429325023727188,0.04806282719487892,0.03838230548581123,0.03260457960192908,1.4741127713247757,1.1772059616907409,0.1404512304475036,0.2391133097202247,0.307,0.144,0.24,True,999,0.0001151250908151269,0.0013391249813139439,weak_3x3_bal_strong_150_400,weak_null,True,104,4285374274,3.885780586188048e-16,0,1
150,400,0.06238049228242071,0.08799583876218364,0.04844591120007635,0.0813218603717587,-0.025615346479762935,-0.03287594917168235,0.037130571031409786,-0.6898721395395239,-0.8854145858374133,0.49027459764830716,0.37593306848286934,0.65,0.471,0.365,True,999,0.00012041698209941387,0.001353957923129201,weak_3x3_bal_strong_150_400,weak_null,True,105,4285374274,3.885780586188048e-16,0,0
150,400,0.1484161813449334,0.04782053542266351,0.13128573890020334,0.04007203017408756,0.10059564592226988,0.09121370872611578,0.03851656539053869,2.611750162619133,2.3681682881444504,0.00900800566632609,0.017876402533180666,0.074,0.012,0.021,True,999,0.00011795794125646353,0.0012974169803783298,weak_3x3_bal_strong_150_400,weak_null,True,106,4285374274,3.885780586188048e-16,0,0
150,400,0.06814452164492169,0.06568239380991248,0.05415159568826766,0.05996699253634574,0.002462127835009209,-0.0058153968480780804,0.03514829748016547,0.07004970401194004,-0.16545315890079074,0.9441540986873885,0.8685873154153874,0.96,0.938,0.873,True,999,0.00011212495155632496,0.0012927919160574675,weak_3x3_bal_strong_150_400,weak_null,True,107,4285374274,3.885780586188048e-16,0,0
150,400,0.1057361385515232,0.034534845614643706,0.09170522918682877,0.027624952114109647,0.07120129293687949,0.06408027707271913,0.039174927327838296,1.8175220171061497,1.6357471843268159,0.06913722018553098,0.10189250987103793,0.139,0.057,0.081,True,999,0.00011108408216387033,0.0013058750191703439,weak_3x3_bal_strong_150_400,weak_null,True,108,4285374274,3.885780586188048e-16,0,0
150,400,0.06572815231011075,0.08538794387634818,0.05176629425932333,0.07963507565909822,-0.019659791566237428,-0.02786878139977489,0.03704130342220405,-0.5307532335498907,-0.75237043043872,0.595589791551907,0.45182832372135884,0.699,0.6,0.467,True,999,0.0001128750154748559,0.0013668750179931521,weak_3x3_bal_strong_150_400,weak_null,True,109,4285374274,3.885780586188048e-16,0,0
150,400,0.04163029848061206,0.0545666159573896,0.027727525119871643,0.047717508727970426,-0.012936317476777537,-0.019989983608098782,0.03009138519274921,-0.42990102961078236,-0.664309186169188,0.6672676364759338,0.5064924428038104,0.781,0.667,0.486,True,999,0.00011620798613876104,0.001383083057589829,weak_3x3_bal_strong_150_400,weak_null,True,110,4285374274,3.885780586188048e-16,0,0
150,400,0.07402610582728864,0.06167562468598203,0.05995631916033517,0.05396343793501046,0.012350481141306602,0.005992881225324709,0.0357176423495227,0.3457809734597906,0.16778490491281803,0.7295073251329027,0.8667524982768162,0.814,0.733,0.859,True,999,0.00012125005014240742,0.0013741250149905682,weak_3x3_bal_strong_150_400,weak_null,True,111,4285374274,3.885780586188048e-16,0,0
150,400,0.06456532967989603,0.04760332683721907,0.0505467224220979,0.04094571375190981,0.01696200284267696,0.009601008670188094,0.03314287775602132,0.5117842502253849,0.28968542625855126,0.6088020142960839,0.7720569066550973,0.747,0.595,0.749,True,999,0.0001145420828834176,0.00128454202786088,weak_3x3_bal_strong_150_400,weak_null,True,112,4285374274,3.885780586188048e-16,0,0
150,400,0.05007434496881258,0.05059565928808374,0.036125165043955576,0.04469528088515062,-0.00052131431927116,-0.008570115841195047,0.030921877417715803,-0.016859077223185935,-0.2771538003796964,0.9865490397682626,0.7816620124463691,0.989,0.986,0.785,True,999,0.00011520902626216412,0.0013033340219408274,weak_3x3_bal_strong_150_400,weak_null,True,113,4285374274,3.885780586188048e-16,0,0
150,400,0.07791355673139311,0.07412598037198309,0.06381783600178892,0.06983228256260077,0.0037875763594100165,-0.006014446560811848,0.03798186530639313,0.09972065165458026,-0.1583504789007688,0.9205661046154211,0.8741806334577817,0.954,0.926,0.876,True,999,0.00011041597463190556,0.0013013329589739442,weak_3x3_bal_strong_150_400,weak_null,True,114,4285374274,3.885780586188048e-16,0,1
150,400,0.03981140772469738,0.03207906318466175,0.025884846869104194,0.025272613429365265,0.007732344540035629,0.0006122334397389295,0.027146911287777374,0.2848333078510129,0.022552600303172667,0.7757718527576658,0.9820071536779926,0.865,0.783,0.98,True,999,0.00011424999684095383,0.001357375062070787,weak_3x3_bal_strong_150_400,weak_null,True,115,4285374274,3.885780586188048e-16,0,0
150,400,0.04740784845379342,0.08118263892541133,0.033466686644771926,0.07699348513435211,-0.03377479047161791,-0.04352679848958019,0.033796856805363575,-0.9993470891724415,-1.2878948696398438,0.3176265816252051,0.1977825616162998,0.51,0.31,0.191,True,999,0.00011520902626216412,0.0013553750468418002,weak_3x3_bal_strong_150_400,weak_null,True,116,4285374274,3.885780586188048e-16,0,1
150,400,0.10926829615827738,0.03298831747452968,0.09525960510302411,0.027211970207588365,0.0762799786837477,0.06804763489543575,0.03874183486714552,1.968930458387656,1.7564381018293642,0.04896107733665842,0.07901363178558468,0.153,0.057,0.085,True,999,0.00011516700033098459,0.001369957928545773,weak_3x3_bal_strong_150_400,weak_null,True,117,4285374274,3.885780586188048e-16,0,0
150,400,0.07304484555216528,0.07200744280171528,0.0590549714490578,0.06505321004095777,0.0010374027504500005,-0.0059982385918999626,0.03711688645226811,0.027949616727256706,-0.16160403431504497,0.9777023354563477,0.8716176801529353,0.99,0.983,0.859,True,999,0.00011324998922646046,0.0013032079441472888,weak_3x3_bal_strong_150_400,weak_null,True,118,4285374274,3.885780586188048e-16,0,0
150,400,0.07783894367099431,0.05723270758530585,0.0638691974904475,0.05277264812690419,0.020606236085688456,0.011096549363543318,0.037494651928299906,0.5495780071540136,0.2959501900367811,0.5826088468663944,0.7672681208183668,0.716,0.595,0.765,True,999,0.0001165829598903656,0.0013000830076634884,weak_3x3_bal_strong_150_400,weak_null,True,119,4285374274,3.885780586188048e-16,0,1
150,400,0.03267958652266123,0.06769392897057519,0.018756634961476948,0.059861672397431676,-0.03501434244791396,-0.04110503743595473,0.029729029751953333,-1.177782885619177,-1.38265654072528,0.23888317324307318,0.16677020346657578,0.486,0.246,0.182,True,999,0.0001115420600399375,0.0012957919389009476,weak_3x3_bal_strong_150_400,weak_null,True,120,4285374274,3.885780586188048e-16,0,0
150,400,0.09516968439546925,0.08492532399116937,0.08109720470852722,0.07911379764291837,0.01024436040429988,0.0019834070656088443,0.03962614086304698,0.2585253113520618,0.05005299588632043,0.7960015170589532,0.9600801566024747,0.831,0.781,0.964,True,999,0.00011900009121745825,0.001362334005534649,weak_3x3_bal_strong_150_400,weak_null,True,121,4285374274,3.885780586188048e-16,0,0
150,400,0.04921948485646688,0.09340517210119703,0.035282794061799905,0.08899398120607316,-0.044185687244730154,-0.053711187144273254,0.03588135812461827,-1.231438539513204,-1.4969106508658574,0.2181588902423296,0.1344165084609044,0.402,0.216,0.135,True,999,0.00012266705743968487,0.0013422499177977443,weak_3x3_bal_strong_150_400,weak_null,True,122,4285374274,3.885780586188048e-16,0,1
150,400,0.06266212061526155,0.04271995088201147,0.048745369340451816,0.0347945343196443,0.01994216973325008,0.013950835020807517,0.03388883983057069,0.5884583194040329,0.4116645801554601,0.5562247026794469,0.6805852897384324,0.706,0.566,0.672,True,999,0.00013079203199595213,0.0013503750087693334,weak_3x3_bal_strong_150_400,weak_null,True,123,4285374274,3.885780586188048e-16,0,0
150,400,0.05855516888320045,0.04865767389178188,0.04460525826291928,0.04189338105285856,0.009897494991418565,0.0027118772100607202,0.03215281460230834,0.3078267054949521,0.08434338466486935,0.7582141995997128,0.9327834192931396,0.836,0.755,0.921,True,999,0.00011991697829216719,0.0013763750903308392,weak_3x3_bal_strong_150_400,weak_null,True,124,4285374274,3.885780586188048e-16,0,0
150,400,0.07146076331591322,0.03451145715254672,0.05738866800564324,0.029084269999131607,0.0369493061633665,0.028304398006511633,0.032619431178497936,1.1327391321195917,0.8677158670127061,0.2573238191919972,0.3855498974403495,0.468,0.27,0.409,True,999,0.00012224994134157896,0.0013647089945152402,weak_3x3_bal_strong_150_400,weak_null,True,125,4285374274,3.885780586188048e-16,0,1
150,400,0.1119351812270224,0.02152144259698313,0.09785006269513019,0.014562840955676393,0.09041373863003926,0.0832872217394538,0.03715215083184467,2.433607115756589,2.2417873494437046,0.014949211500552829,0.024975119232178614,0.082,0.022,0.04,True,999,0.00012108392547816038,0.0013550410512834787,weak_3x3_bal_strong_150_400,weak_null,True,126,4285374274,3.885780586188048e-16,0,0
150,400,0.05888068113922329,0.07709437636909117,0.04495683540474715,0.07036735959076168,-0.018213695229867877,-0.025410524186014527,0.03532284308574842,-0.5156350293110038,-0.7193793581204345,0.6061093399423501,0.47190721169641914,0.757,0.638,0.501,True,999,0.00011833291500806808,0.0013788749929517508,weak_3x3_bal_strong_150_400,weak_null,True,127,4285374274,3.885780586188048e-16,0,0
150,400,0.0994745337924523,0.060372137925164104,0.08543064897793329,0.05508061616316695,0.0391023958672882,0.030350032814766337,0.03956716483498318,0.9882536701926123,0.7670509863757651,0.32302842917779195,0.44305120172667634,0.436,0.331,0.444,True,999,0.0001176249934360385,0.001383999944664538,weak_3x3_bal_strong_150_400,weak_null,True,128,4285374274,3.885780586188048e-16,0,1
150,400,0.07486339203965131,0.0576732336716535,0.06088420268946493,0.051099473684871555,0.01719015836799781,0.009784729004593373,0.035153437538800715,0.4890036244399746,0.27834344774372205,0.6248391308573041,0.7807487268402361,0.746,0.634,0.785,True,999,0.00011725001968443394,0.001293207984417677,weak_3x3_bal_strong_150_400,weak_null,True,129,4285374274,3.885780586188048e-16,0,0
150,400,0.09138297089548786,0.0165548357949567,0.0773921341288144,0.009623837003232438,0.07482813510053116,0.06776829712558197,0.034182629637842445,2.18906900649011,1.9825360963615846,0.02859182481914539,0.047419271556312356,0.14,0.026,0.052,True,999,0.00010858301538974047,0.0013080420903861523,weak_3x3_bal_strong_150_400,weak_null,True,130,4285374274,3.885780586188048e-16,0,0
150,400,0.05203548923779344,0.03641620894990538,0.038122797511277895,0.02963112919698574,0.01561928028788806,0.008491668314292156,0.03058393246426484,0.5107021572892264,0.2776512904026998,0.6095596299114476,0.7812800554398571,0.723,0.609,0.773,True,999,0.00010758393909782171,0.0013025420485064387,weak_3x3_bal_strong_150_400,weak_null,True,131,4285374274,3.885780586188048e-16,0,0
150,400,0.061191656538327255,0.048647080864063,0.047187145861130375,0.04298638610799799,0.012544575674264258,0.004200759753132388,0.03219320741253315,0.38966529533744204,0.13048590341753238,0.6967840622372432,0.8961820062317398,0.831,0.727,0.911,True,999,0.00011395802721381187,0.0013604159466922283,weak_3x3_bal_strong_150_400,weak_null,True,132,4285374274,3.885780586188048e-16,0,0
150,400,0.045215680395323865,0.06385436554795926,0.03129441325552307,0.05706227624403937,-0.018638685152635392,-0.0257678629885163,0.031524855715337356,-0.5912377623846623,-0.8173824242430969,0.5543611240701507,0.4137099165821222,0.688,0.557,0.414,True,999,0.00011099991388618946,0.0013528339331969619,weak_3x3_bal_strong_150_400,weak_null,True,133,4285374274,3.885780586188048e-16,0,0
150,400,0.060358843344418656,0.05144740251093355,0.046425248804951025,0.04698092374621865,0.008911440833485107,-0.0005556749412676254,0.03417924559702499,0.26072666841601594,-0.016257671331282753,0.7943032987478442,0.9870288264585503,0.846,0.787,0.985,True,999,0.00011200003791600466,0.001379417022690177,weak_3x3_bal_strong_150_400,weak_null,True,134,4285374274,3.885780586188048e-16,0,1
150,400,0.04632361543944152,0.056100868361764755,0.0324321629818769,0.04941102202633374,-0.009777252922323232,-0.01697885904445684,0.03133987906074097,-0.31197481341180605,-0.5417653020150298,0.7550596647085265,0.5879801973121777,0.829,0.747,0.583,True,999,0.00011200003791600466,0.0013472919818013906,weak_3x3_bal_strong_150_400,weak_null,True,135,4285374274,3.885780586188048e-16,0,0
150,400,0.11405086740719561,0.05773783008760425,0.09994955629335323,0.050842617211216634,0.056313037319591364,0.04910693908213659,0.03961614682214123,1.4214667966678258,1.2395687875099204,0.15518109965137494,0.21513493132383654,0.289,0.167,0.223,True,999,0.0001240420388057828,0.0012895000400021672,weak_3x3_bal_strong_150_400,weak_null,True,136,4285374274,3.885780586188048e-16,0,0
150,400,0.07078305515969152,0.0383225453022813,0.05682923010343188,0.030459118975898036,0.032460509857410225,0.026370111127533846,0.035152569373561704,0.9234178450074781,0.7501616979203473,0.3557894956746843,0.45315732406608933,0.535,0.372,0.464,True,999,0.00011133390944451094,0.001312666921876371,weak_3x3_bal_strong_150_400,weak_null,True,137,4285374274,3.885780586188048e-16,0,0
150,400,0.09864270427703525,0.06784314844646139,0.08452815780859169,0.06644628085501836,0.030799555830573866,0.018081876953573328,0.04059315531046981,0.7587376638994611,0.44544152370706797,0.44800950159566333,0.6560007099438288,0.578,0.474,0.679,True,999,0.0001190409529954195,0.0013836659491062164,weak_3x3_bal_strong_150_400,weak_null,True,138,4285374274,3.885780586188048e-16,0,3
150,400,0.06641739746846698,0.05135908409810502,0.05241027664987996,0.044838260165818156,0.015058313370361953,0.007572016484061805,0.03420506839610286,0.4402363180796217,0.22137118383673574,0.6597659581810227,0.8248034278116032,0.764,0.671,0.846,True,999,0.0001180840190500021,0.0013854170683771372,weak_3x3_bal_strong_150_400,weak_null,True,139,4285374274,3.885780586188048e-16,0,0
150,400,0.042096849920638224,0.03053248138131709,0.028211667947005026,0.023478490404158947,0.011564368539321135,0.004733177542846079,0.02736555736301311,0.4225884525542815,0.17296112335878722,0.672595553100548,0.8626819860681244,0.803,0.68,0.866,True,999,0.00012866698671132326,0.0012865000171586871,weak_3x3_bal_strong_150_400,weak_null,True,140,4285374274,3.885780586188048e-16,0,0
150,400,0.1170112603068465,0.025290885168232802,0.10278914963717511,0.018523183557164202,0.0917203751386137,0.08426596608001091,0.037426314149747515,2.45069217266837,2.2515165597887066,0.014258182995663771,0.024352839250257722,0.086,0.02,0.037,True,999,0.00010870792903006077,0.0013159579830244184,weak_3x3_bal_strong_150_400,weak_null,True,141,4285374274,3.885780586188048e-16,0,0
150,400,0.03341371673257676,0.042740163218730254,0.01949025555808248,0.035991431801789986,-0.009326446486153495,-0.016501176243707505,0.027066687655516123,-0.34457287884107934,-0.6096488958575841,0.7304154979982235,0.5420944141619191,0.836,0.719,0.521,True,999,0.00010841595940291882,0.0012977919541299343,weak_3x3_bal_strong_150_400,weak_null,True,142,4285374274,3.885780586188048e-16,0,0
150,400,0.07570784179223655,0.05992852217473987,0.061768852014495224,0.054416060074018446,0.01577931961749668,0.007352791940476777,0.03735058951557589,0.42246507544188583,0.19685879221291877,0.6726855873216964,0.8439380416504393,0.771,0.674,0.84,True,999,0.00011745805386453867,0.0012858330737799406,weak_3x3_bal_strong_150_400,weak_null,True,143,4285374274,3.885780586188048e-16,0,1
150,400,0.06501612672675594,0.013527220626436576,0.05108130779646558,0.010548766630833484,0.051488906100319365,0.0405325411656321,0.028984439376672184,1.776432706915134,1.398424190265839,0.07566162422570986,0.16198572317012916,0.296,0.077,0.176,True,999,0.00011133297812193632,0.001330917002633214,weak_3x3_bal_strong_150_400,weak_null,True,144,4285374274,3.885780586188048e-16,0,2
150,400,0.0475751344016242,0.0833208982911604,0.033687859389402774,0.07807557641982044,-0.03574576388953621,-0.04438771703041766,0.03452080877890002,-1.035484542627081,-1.2858249444476673,0.30044268151477405,0.19850416257754622,0.476,0.269,0.199,True,999,0.00011391693260520697,0.0013752499362453818,weak_3x3_bal_strong_150_400,weak_null,True,145,4285374274,3.885780586188048e-16,0,1
150,400,0.1317327775584447,0.03292767259074847,0.11760049192477595,0.025022457131797182,0.09880510496769623,0.09257803479297877,0.04065506694632523,2.430326952803779,2.2771585867809474,0.015085207763023927,0.022776757166610106,0.081,0.022,0.034,True,999,0.00011358305346220732,0.0012852499494329095,weak_3x3_bal_strong_150_400,weak_null,True,146,4285374274,3.885780586188048e-16,0,0
150,400,0.10470741523327964,0.03307339814900767,0.0906900894835303,0.02518839327393607,0.07163401708427197,0.06550169620959423,0.03948244002752404,1.8143259898409114,1.6590083126557431,0.06962755255682845,0.09711411725692386,0.149,0.07,0.098,True,999,0.00011141691356897354,0.0013209170429036021,weak_3x3_bal_strong_150_400,weak_null,True,147,4285374274,3.885780586188048e-16,0,0
150,400,0.09589660272815914,0.047593427338865846,0.08177235108846048,0.040729539957482075,0.048303175389293296,0.04104281113097841,0.03682706725529811,1.3116215596110001,1.1144740591602174,0.18964785494724168,0.2650758671399044,0.38,0.191,0.276,True,999,0.0001176249934360385,0.00133050000295043,weak_3x3_bal_strong_150_400,weak_null,True,148,4285374274,3.885780586188048e-16,0,0
150,400,0.04518795860073643,0.05884519284187606,0.031229610694680332,0.052880816379882845,-0.013657234241139626,-0.021651205685202513,0.030572509886962713,-0.4467161607481757,-0.7081919595497592,0.6550800118593257,0.4788260585996186,0.819,0.698,0.517,True,999,0.00012037495616823435,0.0012925000628456473,weak_3x3_bal_strong_150_400,weak_null,True,149,4285374274,3.885780586188048e-16,0,0
150,400,0.03602870523479229,0.021143478215923217,0.022137281728362268,0.014213191396606817,0.014885227018869074,0.007924090331755451,0.025099149403910604,0.5930570307115612,0.31571150895340017,0.5531429857937633,0.7522214902936885,0.735,0.556,0.754,True,999,0.00013162498362362385,0.0013415840221568942,weak_3x3_bal_strong_150_400,weak_null,True,150,4285374274,3.885780586188048e-16,0,0
150,400,0.053881964541375504,0.025190497250459132,0.039963436667392216,0.018367092145297192,0.028691467290916373,0.021596344522095023,0.029280689791999277,0.9798767547735878,0.7375626966273199,0.32714695851237663,0.46078023079306996,0.565,0.331,0.453,True,999,0.00011495896615087986,0.001349666970781982,weak_3x3_bal_strong_150_400,weak_null,True,151,4285374274,3.885780586188048e-16,0,0
150,400,0.05450080786535594,0.10056467055871987,0.04057405738444686,0.0962576942416149,-0.04606386269336393,-0.05568363685716804,0.03637865821789981,-1.266233141900176,-1.5306676932292511,0.2054296253530994,0.1258515421763739,0.406,0.224,0.142,True,999,0.00011179107241332531,0.0012793750502169132,weak_3x3_bal_strong_150_400,weak_null,True,152,4285374274,3.885780586188048e-16,0,1
150,400,0.10310783622969422,0.09097071276513602,0.08905113032250256,0.0842074644608033,0.012137123464558197,0.0048436658616992645,0.040786255856101086,0.2975787605358888,0.11875730586274728,0.7660246871933295,0.9054676342227029,0.827,0.775,0.901,True,999,0.0001088329590857029,0.0013262920547276735,weak_3x3_bal_strong_150_400,weak_null,True,153,4285374274,3.885780586188048e-16,0,0
150,400,0.09007553343847086,0.05576002842316624,0.07609973356980504,0.04797190954550956,0.034315505015304615,0.028127824024295478,0.03829782417763372,0.8960170911052744,0.7344496620443096,0.3702436351890789,0.46267472882929606,0.525,0.384,0.478,True,999,0.00010804191697388887,0.0013274999801069498,weak_3x3_bal_strong_150_400,weak_null,True,154,4285374274,3.885780586188048e-16,0,0
150,400,0.057111770338338363,0.0833263408996815,0.04313541145160116,0.07911605967944979,-0.02621457056134313,-0.03598064822784863,0.03502270035076648,-0.7485022656389606,-1.0273521992161632,0.4541572590004985,0.30425465114829964,0.63,0.447,0.307,True,999,0.0001092919846996665,0.0013846659567207098,weak_3x3_bal_strong_150_400,weak_null,True,155,4285374274,3.885780586188048e-16,0,1
150,400,0.04593344552862111,0.03963661251571071,0.032022901984845475,0.0318505635027293,0.006296833012910397,0.00017233848211617442,0.029034797745412417,0.2168719433874932,0.005935584040477926,0.8283081431735411,0.9952641169432117,0.9,0.834,0.994,True,999,0.0001336670247837901,0.001325374934822321,weak_3x3_bal_strong_150_400,weak_null,True,156,4285374274,3.885780586188048e-16,0,0
150,400,0.09069768621625851,0.05746965443935165,0.07672006755913685,0.05050629854841304,0.03322803177690686,0.02621376901072381,0.03900576514425815,0.8518748870587968,0.6720485783005492,0.39428353648015413,0.5015527709381102,0.548,0.417,0.511,True,999,0.00011558400001376867,0.0013505000388249755,weak_3x3_bal_strong_150_400,weak_null,True,157,4285374274,3.885780586188048e-16,0,0
150,400,0.05242713680943334,0.04052736248057037,0.038506243589097267,0.03480682929867385,0.011899774328862966,0.0036994142904234195,0.030537506887185553,0.38967733590119846,0.12114329778426686,0.696775157636838,0.9035775350235963,0.801,0.7,0.89,True,999,0.00011083297431468964,0.0013428330421447754,weak_3x3_bal_strong_150_400,weak_null,True,158,4285374274,3.885780586188048e-16,0,0
150,400,0.06017890232436729,0.05587551171666583,0.04625559858064321,0.05028924400986057,0.004303390607701463,-0.0040336454292173585,0.03309201118437609,0.1300431872733455,-0.12189181874572148,0.8965322582754026,0.9029846950082621,0.921,0.891,0.909,True,999,0.00011104193981736898,0.0013205410214141011,weak_3x3_bal_strong_150_400,weak_null,True,159,4285374274,3.885780586188048e-16,0,0
150,400,0.1056943844361451,0.06537841402178313,0.09164852159375414,0.05880199103353334,0.04031597041436197,0.0328465305602208,0.04037759737582246,0.9984737338161336,0.8134840281479662,0.318049694999345,0.4159405999307111,0.472,0.326,0.417,True,999,0.00011700007598847151,0.0013329590437933803,weak_3x3_bal_strong_150_400,weak_null,True,160,4285374274,3.885780586188048e-16,0,0
150,400,0.035695781526722925,0.06121942375442768,0.021803351773627355,0.05350721457136842,-0.025523642227704757,-0.03170386279774107,0.0296695890350143,-0.8602627490924548,-1.0685642716630162,0.3896442219794206,0.28526605499109525,0.607,0.387,0.283,True,999,0.00011504197027534246,0.0013741248985752463,weak_3x3_bal_strong_150_400,weak_null,True,161,4285374274,3.885780586188048e-16,0,0
150,400,0.06120859179608562,0.06807484054089946,0.047223288140344266,0.06365947734761335,-0.006866248744813841,-0.01643618920726908,0.034161562597056924,-0.20099340377964384,-0.48113107123165044,0.8407037318442344,0.6304233462580413,0.903,0.867,0.653,True,999,0.00012758292723447084,0.0014035829808562994,weak_3x3_bal_strong_150_400,weak_null,True,162,4285374274,3.885780586188048e-16,0,1
150,400,0.033865287549639245,0.0787507004175731,0.019982895797681977,0.07294346420320608,-0.04488541286793385,-0.0529605684055241,0.03131381314357007,-1.4334061668612388,-1.6912845510927161,0.15174179706538804,0.09078246918411154,0.361,0.147,0.093,True,999,0.00012174993753433228,0.0012838749680668116,weak_3x3_bal_strong_150_400,weak_null,True,163,4285374274,3.885780586188048e-16,0,0
150,400,0.12049113601551542,0.04881897544504471,0.10641046927219122,0.044696950702387994,0.07167216057047071,0.06171351856980323,0.040723699081388474,1.759961943222056,1.5154202580287583,0.07841425942138133,0.12966601038426945,0.21,0.113,0.162,True,999,0.00011329201515763998,0.001298666000366211,weak_3x3_bal_strong_150_400,weak_null,True,164,4285374274,3.885780586188048e-16,0,1
150,400,0.03719932588072128,0.04850138651437197,0.023307509891679956,0.04176937692236038,-0.01130206063365069,-0.018461867030680423,0.028832973673196958,-0.39198387102739424,-0.6403039533810735,0.6950701311722598,0.5219750110593782,0.806,0.679,0.516,True,999,0.00011604197788983583,0.0013130409643054008,weak_3x3_bal_strong_150_400,weak_null,True,165,4285374274,3.885780586188048e-16,0,0
150,400,0.08202927569948226,0.0535438379894394,0.06800769493341363,0.048272164298950315,0.02848543771004286,0.019735530634463316,0.03666208227574638,0.7769727179104406,0.5383090487339629,0.437174866562,0.5903637053191413,0.588,0.427,0.588,True,999,0.0001193750649690628,0.0013647079467773438,weak_3x3_bal_strong_150_400,weak_null,True,166,4285374274,3.885780586188048e-16,0,1
150,400,0.07475107397530012,0.0839846684224902,0.060766449426779445,0.07834486689722553,-0.009233594447190074,-0.017578417470446084,0.03837419462926624,-0.24061988887052851,-0.4580791242727432,0.8098497339290534,0.646895596270634,0.852,0.813,0.653,True,999,0.00011741695925593376,0.0013643340207636356,weak_3x3_bal_strong_150_400,weak_null,True,167,4285374274,3.885780586188048e-16,0,0
150,400,0.05649330686861842,0.06393882837976694,0.04256220751076967,0.059684334473303124,-0.007445521511148523,-0.017122126962533457,0.03332161329037562,-0.22344420860616118,-0.5138444772564146,0.8231898004450424,0.6073607288055216,0.884,0.831,0.624,True,999,0.00011666701175272465,0.0013738750712946057,weak_3x3_bal_strong_150_400,weak_null,True,168,4285374274,3.885780586188048e-16,0,1
150,400,0.08955197569814555,0.05385219806239727,0.0755881174602564,0.048141511144507376,0.035699777635748275,0.027446606315749023,0.03832805460695083,0.9314268099919187,0.7160970364191548,0.3516328279564197,0.4739314335918563,0.547,0.377,0.492,True,999,0.00011850008741021156,0.0013774170074611902,weak_3x3_bal_strong_150_400,weak_null,True,169,4285374274,3.885780586188048e-16,0,0
150,400,0.09110186276469134,0.043793742752519904,0.07712203669532869,0.03713293995272693,0.04730812001217144,0.03998909674260176,0.03654907853108028,1.2943724414814446,1.09412051821214,0.19553680501725335,0.27390212462280494,0.371,0.215,0.296,True,999,0.00011550006456673145,0.001291166990995407,weak_3x3_bal_strong_150_400,weak_null,True,170,4285374274,3.885780586188048e-16,0,0
150,400,0.06235854764285986,0.04847930612350615,0.04836040725049884,0.04314923269984661,0.013879241519353713,0.005211174550652231,0.03245230914759202,0.4276811691960466,0.160579468380878,0.6688832615005982,0.872424626879236,0.815,0.698,0.88,True,999,0.00011216604616492987,0.001310667023062706,weak_3x3_bal_strong_150_400,weak_null,True,171,4285374274,3.885780586188048e-16,0,1
150,400,0.10554849242626174,0.08123292990562436,0.09152235577400347,0.0759881184764879,0.02431556252063738,0.015534237297515574,0.041432309582741814,0.5868744167418021,0.37493051808982897,0.5572880529322555,0.7077121417321812,0.647,0.557,0.717,True,999,0.000112667097710073,0.0013652089983224869,weak_3x3_bal_strong_150_400,weak_null,True,172,4285374274,3.885780586188048e-16,0,1
150,400,0.09650205352451557,0.05309891207781592,0.08232030493786624,0.047827621334818105,0.043403141446699656,0.034492683603048135,0.036769254228905,1.1804194117317623,0.9380849388001128,0.23783344513579152,0.3482007612186411,0.417,0.245,0.373,True,999,0.00011775002349168062,0.0013525420799851418,weak_3x3_bal_strong_150_400,weak_null,True,173,4285374274,3.885780586188048e-16,0,1
150,400,0.09408468825602867,0.03454212894016839,0.08000913072075377,0.029162071830086234,0.05954255931586028,0.05084705889066754,0.03569296637639366,1.6681874711102769,1.4245680326613699,0.0952785172477013,0.15428210615919874,0.213,0.074,0.128,True,999,0.0001163750421255827,0.0013280840357765555,weak_3x3_bal_strong_150_400,weak_null,True,174,4285374274,3.885780586188048e-16,0,1
150,400,0.06985484517849971,0.08319965091684067,0.05589611024495866,0.07637764859816798,-0.013344805738340959,-0.020481538353209316,0.03796862456450676,-0.35146929580419256,-0.539433244899673,0.7252363033902471,0.5895879469486744,0.799,0.733,0.587,True,999,0.00011108396574854851,0.0013141250237822533,weak_3x3_bal_strong_150_400,weak_null,True,175,4285374274,3.885780586188048e-16,0,0
150,400,0.018273519108158442,0.07242354483451685,0.004390623816277639,0.06950435769394403,-0.05415002572635841,-0.06511373387766639,0.02752421032201938,-1.9673598295039318,-2.365689446340823,0.04914174200826151,0.01799653324435999,0.283,0.061,0.032,True,999,0.00011287489905953407,0.00133350002579391,weak_3x3_bal_strong_150_400,weak_null,True,176,4285374274,3.885780586188048e-16,0,2
150,400,0.017878341945473553,0.07662864099194028,0.004012676984842756,0.06968328664007117,-0.058750299046466725,-0.06567060965522842,0.027947099048263504,-2.10219668757059,-2.349818474605108,0.03553604986282714,0.018782568517358583,0.239,0.036,0.019,True,999,0.00011612498201429844,0.0012845410965383053,weak_3x3_bal_strong_150_400,weak_null,True,177,4285374274,3.885780586188048e-16,0,0
150,400,0.04114855637101145,0.0912480948460862,0.027254404527155884,0.0855789736782242,-0.050099538475074756,-0.05832456915106832,0.0327386231206833,-1.5302885002339437,-1.7815217498936469,0.12594533349980788,0.07482725496277924,0.301,0.133,0.08,True,999,0.00012274994514882565,0.0013039169134572148,weak_3x3_bal_strong_150_400,weak_null,True,178,4285374274,3.885780586188048e-16,0,0
150,400,0.11076815906471049,0.046202149334476694,0.09664478084818029,0.04096666221786904,0.0645660097302338,0.055678118630311246,0.038412026643047825,1.6808800621281348,1.4494970324714278,0.09278621338652833,0.14719882846595925,0.21,0.091,0.145,True,999,0.00011383299715816975,0.0013841659529134631,weak_3x3_bal_strong_150_400,weak_null,True,179,4285374274,3.885780586188048e-16,0,1
150,400,0.06686293817034406,0.04609408290581529,0.052888717423059006,0.041630163357552874,0.020768855264528763,0.011258554065506132,0.03397760777253548,0.6112512512230625,0.331352169960787,0.5410332584756401,0.7403784888938998,0.695,0.545,0.731,True,999,0.00011245906352996826,0.0012979169841855764,weak_3x3_bal_strong_150_400,weak_null,True,180,4285374274,3.885780586188048e-16,0,1
150,400,0.09603535458263912,0.06560236798075486,0.08184287819221936,0.05894249504277127,0.03043298660188426,0.02290038314944809,0.03819567602433095,0.7967652302448635,0.5995543352828828,0.4255873919361327,0.548803288101072,0.6,0.447,0.573,True,999,0.00010841595940291882,0.001283208024688065,weak_3x3_bal_strong_150_400,weak_null,True,181,4285374274,3.885780586188048e-16,0,0
150,400,0.0652786733423738,0.08540856146925424,0.05133452078234768,0.07864339983802893,-0.020129888126880435,-0.027308879055681246,0.0366714251489869,-0.5489257110978834,-0.7446909670058376,0.5830564327174657,0.45645856112856664,0.691,0.577,0.455,True,999,0.00010704097803682089,0.0013104579411447048,weak_3x3_bal_strong_150_400,weak_null,True,182,4285374274,3.885780586188048e-16,0,0
150,400,0.04924630206808245,0.07369611260397663,0.035339627693559805,0.06808916563727507,-0.02444981053589418,-0.03274953794371527,0.03298059747634346,-0.7413392238703893,-0.9929940768115579,0.4584877847575136,0.32071284102461284,0.661,0.519,0.382,True,999,0.00010962504893541336,0.0013209170429036021,weak_3x3_bal_strong_150_400,weak_null,True,183,4285374274,3.885780586188048e-16,0,0
150,400,0.044514078839339666,0.06615780558323248,0.030575258689253815,0.06199186391907574,-0.02164372674389281,-0.031416605229821926,0.03170929921087851,-0.6825671737478037,-0.9907694591700036,0.4948803826603565,0.3217981654778621,0.685,0.499,0.319,True,999,0.00012474996037781239,0.0013137499336153269,weak_3x3_bal_strong_150_400,weak_null,True,184,4285374274,3.885780586188048e-16,0,1
150,400,0.06568323409150212,0.05499109769489319,0.051758238861225436,0.04915260600125748,0.010692136396608931,0.0026056328599679546,0.03435213412985523,0.3112510086328657,0.07585068369022857,0.7556098081451939,0.9395378924795136,0.85,0.783,0.947,True,999,0.00011450005695223808,0.001344915945082903,weak_3x3_bal_strong_150_400,weak_null,True,185,4285374274,3.885780586188048e-16,0,0
150,400,0.07990416879803552,0.04574141512458013,0.06592679176725369,0.0400841677716528,0.03416275367345539,0.02584262399560089,0.03629938415562935,0.9411386575316705,0.7119300945934419,0.34663380732376803,0.4765080652793635,0.472,0.35,0.482,True,999,0.00011716701555997133,0.0012832089560106397,weak_3x3_bal_strong_150_400,weak_null,True,186,4285374274,3.885780586188048e-16,0,0
150,400,0.09118561406803982,0.04742372408550488,0.07719029052907445,0.041653935023930444,0.04376188998253494,0.035536355505144,0.036614017972656995,1.1952222783966489,0.9705669432860993,0.23200019648801473,0.33176397394406176,0.403,0.242,0.325,True,999,0.00011074997019022703,0.0013172500766813755,weak_3x3_bal_strong_150_400,weak_null,True,187,4285374274,3.885780586188048e-16,0,0
150,400,0.09838922029737107,0.0675027538554237,0.08436626436062511,0.06335082469041708,0.03088646644194737,0.021015439670208025,0.03947818407776535,0.7823679625462572,0.5323304544305067,0.43399835629257555,0.5944971430480999,0.542,0.439,0.588,True,999,0.00011720892507582903,0.0013290420174598694,weak_3x3_bal_strong_150_400,weak_null,True,188,4285374274,3.885780586188048e-16,0,1
150,400,0.09779534216519137,0.0774125096672324,0.08379246207991287,0.07317514483753484,0.02038283249795897,0.010617317242378022,0.039614696304528484,0.5145270417137829,0.2680146065177413,0.6068835591492977,0.7886880755442089,0.702,0.601,0.793,True,999,0.00012024992611259222,0.0013714589877054095,weak_3x3_bal_strong_150_400,weak_null,True,189,4285374274,3.885780586188048e-16,0,1
150,400,0.04345578681351081,0.07135396001310673,0.029524185583568396,0.0654401820741839,-0.02789817319959592,-0.0359159964906155,0.03256035375146285,-0.8568141922703322,-1.103059160989671,0.3915475809324682,0.2700014743284701,0.609,0.405,0.281,True,999,0.00012133305426687002,0.0013777919812127948,weak_3x3_bal_strong_150_400,weak_null,True,190,4285374274,3.885780586188048e-16,0,0
150,400,0.037841667718757854,0.06361161790858849,0.023938761409652898,0.05664320294204117,-0.025769950189830637,-0.03270444153238827,0.031080725644094566,-0.8291296183017853,-1.0522418912250273,0.4070310655956898,0.2926885843297752,0.611,0.415,0.298,True,999,0.0001169170718640089,0.0013757499400526285,weak_3x3_bal_strong_150_400,weak_null,True,191,4285374274,3.885780586188048e-16,0,0
150,400,0.044712265828634745,0.04661433663471776,0.03080941244260771,0.039926891357737304,-0.0019020708060830116,-0.009117478915129595,0.030156997303565955,-0.06307228756684269,-0.3023337775757763,0.9497089416670292,0.7623976315996341,0.965,0.948,0.776,True,999,0.0001178329112008214,0.0012902499875053763,weak_3x3_bal_strong_150_400,weak_null,True,192,4285374274,3.885780586188048e-16,0,0
150,400,0.08668818376268672,0.044098766862984196,0.07267689513130904,0.039810976325185266,0.042589416899702526,0.03286591880612377,0.03644517600578081,1.1685885916135277,0.901790645788367,0.2425694268485189,0.36716808978679694,0.43,0.251,0.377,True,999,0.00011487503070384264,0.0013213750207796693,weak_3x3_bal_strong_150_400,weak_null,True,193,4285374274,3.885780586188048e-16,0,1
150,400,0.059852950237769154,0.048437799210787114,0.04592415682955675,0.04185102015344455,0.01141515102698204,0.004073136676112199,0.031940340896027965,0.35738976813492945,0.12752326875192263,0.7208000355117216,0.8985262577249473,0.817,0.719,0.891,True,999,0.00011104100849479437,0.001326208934187889,weak_3x3_bal_strong_150_400,weak_null,True,194,4285374274,3.885780586188048e-16,0,0
150,400,0.10057165152143321,0.03457305952330414,0.08659509107417307,0.029324315389146705,0.06599859199812907,0.057270775685026365,0.03835774718407008,1.720606574766158,1.493069324697224,0.08532223959066929,0.13541904120115436,0.208,0.09,0.149,True,999,0.00011254101991653442,0.0013654169160872698,weak_3x3_bal_strong_150_400,weak_null,True,195,4285374274,3.885780586188048e-16,0,1
150,400,0.143063997343718,0.023935690731193726,0.1287756198332204,0.01711565956912864,0.11912830661252427,0.11165996026409175,0.03967820151453519,3.002361550305761,2.8141386454521564,0.002678937990063679,0.004890812947495724,0.013,0.003,0.006,True,999,0.0001152500044554472,0.0013925000093877316,weak_3x3_bal_strong_150_400,weak_null,True,196,4285374274,3.885780586188048e-16,0,0
150,400,0.10569563888696254,0.0566769882351954,0.09167732996823474,0.049993318290631805,0.04901865065176714,0.04168401167760294,0.03871032657117497,1.2662939063983019,1.0768189103483894,0.20540787776852798,0.2815611754057661,0.343,0.232,0.302,True,999,0.00013675005175173283,0.001292416942305863,weak_3x3_bal_strong_150_400,weak_null,True,197,4285374274,3.885780586188048e-16,0,0
150,400,0.06416685153502444,0.04388360374337108,0.050238413463915776,0.03708538473293288,0.020283247791653358,0.013153028730982896,0.03285495794327723,0.617357289778656,0.40033619138064563,0.536999086700761,0.6889089149388719,0.669,0.522,0.677,True,999,0.00011229200754314661,0.0013155420310795307,weak_3x3_bal_strong_150_400,weak_null,True,198,4285374274,3.885780586188048e-16,0,0
150,400,0.03485345155163322,0.03991605672617565,0.02097074807150534,0.033198947863866124,-0.005062605174542434,-0.012228199792360783,0.026879956565350107,-0.18834127065028217,-0.45491888212809367,0.8506091349049139,0.6491675980878693,0.928,0.862,0.662,True,999,0.00011470902245491743,0.0012961250031366944,weak_3x3_bal_strong_150_400,weak_null,True,199,4285374274,3.885780586188048e-16,0,0
150,400,0.0511413536883063,0.03616626821055213,0.037150744241643,0.030346229123097146,0.014975085477754169,0.006804515118545851,0.030101846252639373,0.49748063132310805,0.22604975991960033,0.6188501580736041,0.8211627189635069,0.765,0.639,0.833,True,999,0.00011941592674702406,0.0013183329720050097,weak_3x3_bal_strong_150_400,weak_null,True,200,4285374274,3.885780586188048e-16,0,0
150,400,0.05897435345487945,0.06821895081114593,0.04498854135030683,0.05933578535982065,-0.009244597356266482,-0.014347244009513815,0.034723355751923674,-0.26623571242115135,-0.41318713870905116,0.7900576806805818,0.6794695103083421,0.863,0.786,0.682,True,999,0.00011833396274596453,0.001358834095299244,weak_3x3_bal_strong_150_400,weak_null,True,201,4285374274,3.885780586188048e-16,0,0
150,400,0.09339326686081173,0.04080732626766009,0.07937018370805049,0.03413037072851921,0.05258594059315164,0.04523981297953128,0.0370920451179346,1.4177147802434191,1.2196634840621692,0.15627405313316295,0.22259246967066026,0.321,0.165,0.236,True,999,0.0001237079268321395,0.001395000028423965,weak_3x3_bal_strong_150_400,weak_null,True,202,4285374274,3.885780586188048e-16,0,0
150,400,0.05914820999188941,0.08064707532204562,0.04519757981870498,0.07385713963097373,-0.021498865330156214,-0.028659559812268753,0.035601391693732734,-0.6038771044431073,-0.8050123449897039,0.5459253518635014,0.4208125559858712,0.698,0.54,0.419,True,999,0.00011758401524275541,0.0012593339197337627,weak_3x3_bal_strong_150_400,weak_null,True,203,4285374274,3.885780586188048e-16,0,0
150,400,0.06091942322491706,0.10324019693102165,0.04700979855692822,0.09752544853233758,-0.0423207737061046,-0.05051564997540936,0.03756301008392433,-1.1266608722663691,-1.3448243328355711,0.2598858916163398,0.17868197036693523,0.427,0.253,0.176,True,999,0.00010858394671231508,0.0013007920933887362,weak_3x3_bal_strong_150_400,weak_null,True,204,4285374274,3.885780586188048e-16,0,0
150,400,0.027649480221088485,0.03825947457318357,0.013729928254520019,0.03303032654574167,-0.010609994352095087,-0.019300398291221654,0.02506549962417197,-0.4232907586594969,-0.7699985470311261,0.6720831359544541,0.4413007545716756,0.829,0.657,0.448,True,999,0.0001272499794140458,0.0012805419974029064,weak_3x3_bal_strong_150_400,weak_null,True,205,4285374274,3.885780586188048e-16,0,1
150,400,0.05864762257843581,0.02761902572990582,0.04468824303953056,0.023324980375917903,0.031028596848529988,0.02136326266361266,0.03019113932847395,1.0277385199327742,0.707600413193565,0.3040728430344757,0.47919343619363464,0.492,0.305,0.465,True,999,0.0001136659411713481,0.001331334002315998,weak_3x3_bal_strong_150_400,weak_null,True,206,4285374274,3.885780586188048e-16,0,1
150,400,0.032030216370158904,0.07036527448319874,0.01812138387637674,0.06618171414984886,-0.03833505811303983,-0.04806033027347212,0.028901238433436425,-1.3264157590108399,-1.6629159468083607,0.18470202170115047,0.09632926180594485,0.402,0.167,0.094,True,999,0.00011104205623269081,0.0013424589997157454,weak_3x3_bal_strong_150_400,weak_null,True,207,4285374274,3.885780586188048e-16,0,1
150,400,0.09979967445269744,0.06093844086324429,0.08575201969694035,0.054133766842824116,0.03886123358945315,0.031618252854116236,0.03873774848526646,1.0031877202216244,0.816212972887207,0.3157702967156577,0.41437833836075255,0.455,0.324,0.401,True,999,0.00010987499263137579,0.0013345839688554406,weak_3x3_bal_strong_150_400,weak_null,True,208,4285374274,3.885780586188048e-16,0,0
150,400,0.023771981140656706,0.048269692799886965,0.009909082083197518,0.04285001107768949,-0.02449771165923026,-0.03294092899449197,0.02566792540408994,-0.9544094925305799,-1.283349880284565,0.3398764031227117,0.19936952465193225,0.583,0.332,0.198,True,999,0.00011324998922646046,0.001280584023334086,weak_3x3_bal_strong_150_400,weak_null,True,209,4285374274,3.885780586188048e-16,0,1
150,400,0.09207406785981442,0.03628818837265091,0.07809614540732923,0.03207751172458018,0.055785879487163514,0.046018633682749055,0.037024031838322244,1.5067478261354983,1.2429395556838525,0.13187530751531656,0.21389010800500474,0.287,0.13,0.219,True,999,0.00011100003030151129,0.0013247079914435744,weak_3x3_bal_strong_150_400,weak_null,True,210,4285374274,3.885780586188048e-16,0,1
150,400,0.027200309694655367,0.03791014363451256,0.013305119394232179,0.030132611059116243,-0.010709833939857194,-0.016827491664884064,0.025637506669649545,-0.4177408543606863,-0.6563622540098627,0.6761365986537249,0.5115910708552828,0.815,0.666,0.502,True,999,0.0001177079975605011,0.0013242498971521854,weak_3x3_bal_strong_150_400,weak_null,True,211,4285374274,3.885780586188048e-16,0,0
150,400,0.054649379472366144,0.05070373992521754,0.04073174143971414,0.044822728607840645,0.003945639547148605,-0.004090987168126503,0.032699078616119676,0.12066515981901464,-0.1251101664408907,0.9039562557420336,0.9004363348821833,0.933,0.892,0.896,True,999,0.0001181670231744647,0.0013578749494627118,weak_3x3_bal_strong_150_400,weak_null,True,212,4285374274,3.885780586188048e-16,0,0
150,400,0.07497786244950322,0.07555178934128992,0.06098946753411383,0.07128977845255235,-0.0005739268917867024,-0.010300310918438527,0.03811692486600123,-0.01505700928929401,-0.27022932607100186,0.9879866986875775,0.7869838327137879,0.987,0.985,0.784,True,999,0.00011816609185189009,0.0013622499536722898,weak_3x3_bal_strong_150_400,weak_null,True,213,4285374274,3.885780586188048e-16,0,1
150,400,0.04679708771029656,0.055185226165000045,0.032859585734286156,0.04847439179883395,-0.008388138454703487,-0.015614806064547793,0.030622111619511977,-0.27392423353844364,-0.5099193112011994,0.7841428479354378,0.6101079922199455,0.887,0.789,0.625,True,999,0.00011741695925593376,0.0013654999202117324,weak_3x3_bal_strong_150_400,weak_null,True,214,4285374274,3.885780586188048e-16,0,0
150,400,0.07497386889436441,0.033599339428583064,0.06096987132664822,0.03086041828871089,0.04137452946578135,0.030109453037937328,0.03357693092163355,1.2322308302193223,0.896730350615156,0.2178628697469378,0.36986282119833647,0.404,0.232,0.376,True,999,0.00011720799375325441,0.001358125009573996,weak_3x3_bal_strong_150_400,weak_null,True,215,4285374274,3.885780586188048e-16,0,2
150,400,0.05475492064929055,0.02861497533717422,0.04084380075624949,0.022674883966601556,0.02613994531211633,0.018168916789647938,0.029915112938710763,0.873803998857404,0.6073490956518165,0.38222500235488377,0.543619262945391,0.626,0.386,0.532,True,999,0.0001166659640148282,0.0013587090652436018,weak_3x3_bal_strong_150_400,weak_null,True,216,4285374274,3.885780586188048e-16,0,0
150,400,0.04776104166363382,0.028361904051951048,0.03383904066495802,0.022500480114757693,0.01939913761168277,0.011338560550200327,0.02804537975618029,0.691705292648349,0.40429335059018684,0.4891224225526619,0.6859970145881602,0.679,0.483,0.69,True,999,0.00011729192920029163,0.0013577089412137866,weak_3x3_bal_strong_150_400,weak_null,True,217,4285374274,3.885780586188048e-16,0,0
150,400,0.04719353485090427,0.03208748451993554,0.03328218410911177,0.029215821972741196,0.015106050330968734,0.0040663621363705715,0.02817988073873708,0.5360579936806976,0.1443001897016833,0.591918470380528,0.8852634285154362,0.738,0.591,0.896,True,999,0.00013499998021870852,0.001408750074915588,weak_3x3_bal_strong_150_400,weak_null,True,218,4285374274,3.885780586188048e-16,0,2
150,400,0.06677742101958994,0.061254230045933555,0.05283368820465739,0.054663254009000184,0.005523190973656389,-0.001829565804342792,0.035037844935528306,0.1576350081981179,-0.05221684746049024,0.8747444158933457,0.9583559089141392,0.922,0.885,0.948,True,999,0.00012341700494289398,0.0013868750538676977,weak_3x3_bal_strong_150_400,weak_null,True,219,4285374274,3.885780586188048e-16,0,0
150,400,0.041285315633456277,0.04501467364816364,0.027384540801449475,0.03805902301238007,-0.0037293580147073624,-0.010674482210930591,0.029037448229988116,-0.1284327047325015,-0.3676108908187956,0.8978065508314895,0.7131633929420855,0.938,0.89,0.702,True,999,0.00013337505515664816,0.0013347080675885081,weak_3x3_bal_strong_150_400,weak_null,True,220,4285374274,3.885780586188048e-16,0,0
150,400,0.07926654116347254,0.05559743860857369,0.065326871877744,0.049861134714177524,0.023669102554898847,0.015465737163566473,0.037563538167636946,0.6301084431735209,0.4117220559614657,0.5286236359787037,0.6805431569168362,0.658,0.541,0.677,True,999,0.00012974999845027924,0.0013382909819483757,weak_3x3_bal_strong_150_400,weak_null,True,221,4285374274,3.885780586188048e-16,0,0
150,400,0.017062361186275243,0.037957317813232305,0.0032024890410866647,0.03505388963026235,-0.020894956626957062,-0.03185140058917568,0.02254926208569813,-0.926635938131638,-1.4125251845548168,0.35411558904006724,0.15779538059250087,0.644,0.318,0.145,True,999,0.00012395798694342375,0.0013184580020606518,weak_3x3_bal_strong_150_400,weak_null,True,222,4285374274,3.885780586188048e-16,0,2
150,400,0.0821731177709637,0.040439941099383536,0.06823006629525707,0.03369195506974165,0.04173317667158016,0.03453811122551542,0.03639147738195369,1.1467843482571936,0.9490714230426561,0.2514707595364315,0.3425842874921521,0.433,0.251,0.326,True,999,0.00011991709470748901,0.0013289999915286899,weak_3x3_bal_strong_150_400,weak_null,True,223,4285374274,3.885780586188048e-16,0,0
150,400,0.09277880410482853,0.0444235456646625,0.07824030424197304,0.03913969543899043,0.04835525844016603,0.039100608802982606,0.03453314331749608,1.4002565012860277,1.1322632418223115,0.16143652168316291,0.2575237790308298,0.331,0.192,0.278,True,999,0.00011887506116181612,0.0013823750196024776,weak_3x3_bal_strong_150_400,weak_null,True,224,4285374274,3.885780586188048e-16,0,1
150,400,0.06676118751725513,0.061199551143452324,0.05277534444181242,0.05323860639376221,0.005561636373802803,-0.00046326195194978936,0.035189518205079845,0.15804809663463773,-0.013164771090355945,0.874418899324002,0.9894963358018147,0.923,0.892,0.984,True,999,0.00011733302380889654,0.0013865409418940544,weak_3x3_bal_strong_150_400,weak_null,True,225,4285374274,3.885780586188048e-16,0,0
150,400,0.11226531451424493,0.040192833692926755,0.09803919916723203,0.03410695032633271,0.07207248082131817,0.06393224884089932,0.0378895018231302,1.9021754669078408,1.6873341101009394,0.057148218997543555,0.09153912565013818,0.164,0.058,0.093,True,999,0.00011975003872066736,0.0013064579106867313,weak_3x3_bal_strong_150_400,weak_null,True,226,4285374274,3.885780586188048e-16,0,0
150,400,0.07724972559923549,0.0871910654388715,0.06318875165771942,0.08288747848860112,-0.00994133983963602,-0.019698726830881697,0.03778809675892272,-0.2630812528892083,-0.5212944953685801,0.7924879531578699,0.6021616350573006,0.867,0.82,0.612,True,999,0.00012262503150850534,0.0012884578900411725,weak_3x3_bal_strong_150_400,weak_null,True,227,4285374274,3.885780586188048e-16,0,1
150,400,0.10785485282256424,0.06976395574901867,0.0937802779056085,0.06419237641674158,0.03809089707354557,0.02958790148886692,0.0415112538315022,0.9176041087113351,0.7127681955588909,0.3588261660609855,0.47598920919129917,0.472,0.351,0.46,True,999,0.00011074997019022703,0.0013151670573279262,weak_3x3_bal_strong_150_400,weak_null,True,228,4285374274,3.885780586188048e-16,0,0
150,400,0.07783361458516014,0.06196710849342335,0.0638314722925486,0.056689427735022946,0.015866506091736787,0.007142044557525651,0.03789448394213425,0.4187022606236123,0.18847187808209018,0.6754337433457498,0.8505067585017316,0.774,0.67,0.846,True,999,0.00011312495917081833,0.0013526250841096044,weak_3x3_bal_strong_150_400,weak_null,True,229,4285374274,3.885780586188048e-16,0,1
150,400,0.017347346058795177,0.035478962397013036,0.003459822420410319,0.02855530308318066,-0.01813161633821786,-0.025095480662770342,0.02218690093588203,-0.8172216746546286,-1.1310944568280996,0.41380175816154974,0.2580153371474888,0.697,0.4,0.249,True,999,0.000114083057269454,0.0014198330463841558,weak_3x3_bal_strong_150_400,weak_null,True,230,4285374274,3.885780586188048e-16,0,0
150,400,0.07855405472274701,0.053068990518343406,0.06460991697846907,0.047378207982063714,0.025485064204403607,0.01723170899640536,0.0365976107830602,0.6963586873326655,0.4708424574093054,0.4862042284381558,0.6377532425380184,0.645,0.509,0.654,True,999,0.00012745789717882872,0.0013355830451473594,weak_3x3_bal_strong_150_400,weak_null,True,231,4285374274,3.885780586188048e-16,0,0
150,400,0.09432699277678869,0.0527128612023432,0.08032671631355015,0.04719016084837335,0.04161413157444549,0.0331365554651768,0.038385919607594014,1.0840988570770838,0.8632476648708785,0.27832096955494956,0.38800131197082766,0.443,0.309,0.41,True,999,0.00011320901103317738,0.0013058750191703439,weak_3x3_bal_strong_150_400,weak_null,True,232,4285374274,3.885780586188048e-16,0,0
150,400,0.03949796562623531,0.08689338598105373,0.02559524535953983,0.08253612300478608,-0.04739542035481842,-0.056940877645246246,0.03317256937794403,-1.4287533719450434,-1.716504892837919,0.1530751316831161,0.08606967321659505,0.366,0.171,0.112,True,999,0.0001164580462500453,0.0013106659753248096,weak_3x3_bal_strong_150_400,weak_null,True,233,4285374274,3.885780586188048e-16,0,1
150,400,0.06735459564575841,0.0892289712816941,0.053417310624666925,0.08262320494819164,-0.021874375635935694,-0.029205894323524717,0.03709513879167313,-0.5896830783888564,-0.7873240342230681,0.5554031419835901,0.4310922037384125,0.68,0.561,0.434,True,999,0.00011362507939338684,0.0013262499123811722,weak_3x3_bal_strong_150_400,weak_null,True,234,4285374274,3.885780586188048e-16,0,0
150,400,0.037603538245497115,0.07916405036287189,0.023688125646316394,0.07240044404002788,-0.04156051211737477,-0.048712318393711485,0.03168353840225133,-1.3117383415237995,-1.5374645904527555,0.18960843528617677,0.12417957981034132,0.448,0.212,0.144,True,999,0.00013262510765343904,0.0013896659947931767,weak_3x3_bal_strong_150_400,weak_null,True,235,4285374274,3.885780586188048e-16,0,0
150,400,0.031915361776848616,0.04404283325866798,0.0180395015708541,0.038603389197390925,-0.012127471481819363,-0.020563887626536825,0.027394045143338416,-0.44270466148255133,-0.7506699911946914,0.6579793703074126,0.4528512872938436,0.809,0.663,0.45,True,999,0.00011466699652373791,0.001395708997733891,weak_3x3_bal_strong_150_400,weak_null,True,236,4285374274,3.885780586188048e-16,0,1
150,400,0.06174156306805134,0.04075466249738624,0.04769114121330631,0.031903318822116944,0.0209869005706651,0.015787822391189366,0.03215365524304421,0.6527065247179071,0.49101174568962075,0.5139454953027525,0.6234181401106185,0.683,0.506,0.625,True,999,0.00011612509842962027,0.0012734999181702733,weak_3x3_bal_strong_150_400,weak_null,True,237,4285374274,3.885780586188048e-16,0,0
150,400,0.02204333215663956,0.046444801080651854,0.008148565951870523,0.03851921730577601,-0.024401468924012293,-0.030370651353905487,0.02554769475084428,-0.9551338843676256,-1.1887824576775885,0.339509995435023,0.2345252828198603,0.627,0.371,0.261,True,999,0.00011208304204046726,0.001307833008468151,weak_3x3_bal_strong_150_400,weak_null,True,238,4285374274,3.885780586188048e-16,0,0
150,400,0.02776285237605358,0.04037155083303051,0.013875769584188902,0.03355969461634345,-0.01260869845697693,-0.019683925032154548,0.0255701688921427,-0.49310188408068667,-0.7698003527150382,0.6219405996795044,0.4414183304630417,0.787,0.602,0.405,True,999,0.00012029102072119713,0.001313542015850544,weak_3x3_bal_strong_150_400,weak_null,True,239,4285374274,3.885780586188048e-16,0,0
150,400,0.09389259366037095,0.053971366643485785,0.07986834619890715,0.0471551834749846,0.039921227016885164,0.03271316272392255,0.03884024625430878,1.0278314600658967,0.8422491070146984,0.30402911483414163,0.39964853158571656,0.447,0.271,0.378,True,999,0.00011849997099488974,0.0013617920922115445,weak_3x3_bal_strong_150_400,weak_null,True,240,4285374274,3.885780586188048e-16,0,0
150,400,0.05388214353198273,0.025872376466190394,0.03982995037657133,0.01994907615355146,0.028009767065792335,0.019880874223019873,0.028203109281752313,0.9931446489098608,0.7049178168409607,0.3206394679310589,0.4808613817146403,0.544,0.342,0.474,True,999,0.00011758401524275541,0.001363542047329247,weak_3x3_bal_strong_150_400,weak_null,True,241,4285374274,3.885780586188048e-16,0,0
150,400,0.027252768654337567,0.037341841723222025,0.01330793989231438,0.031440073903610255,-0.010089073068884458,-0.018132134011295875,0.024628103730961574,-0.40965691792993525,-0.7362375199232575,0.6820576376651397,0.46158616234860916,0.81,0.678,0.462,True,999,0.00011749996338039637,0.0013336249394342303,weak_3x3_bal_strong_150_400,weak_null,True,242,4285374274,3.885780586188048e-16,0,0
150,400,0.03209884623768855,0.0725820566124869,0.018228667251577235,0.06571774764557858,-0.04048321037479835,-0.04748908039400135,0.03033938524442546,-1.3343451111039473,-1.5652617879832276,0.1820907797738054,0.11752153899538163,0.395,0.17,0.109,True,999,0.00011254206765443087,0.001297291019000113,weak_3x3_bal_strong_150_400,weak_null,True,243,4285374274,3.885780586188048e-16,0,0
150,400,0.15829527921394781,0.03187449657646296,0.1439922205075561,0.023006766964670078,0.12642078263748485,0.12098545354288603,0.042638361865226154,2.9649540251354662,2.8374789332972967,0.0030272816719299636,0.004547134740762087,0.023,0.005,0.008,True,999,0.00011454196646809578,0.001326291006989777,weak_3x3_bal_strong_150_400,weak_null,True,244,4285374274,3.885780586188048e-16,0,0
150,400,0.06868478530117295,0.04042339386369953,0.05470834571784167,0.03357940406573334,0.028261391437473415,0.021128941652108324,0.03362855061520123,0.840398736206559,0.6283036665445026,0.40068485750780625,0.5298050301811537,0.593,0.391,0.525,True,999,0.00011124997399747372,0.0013254169607535005,weak_3x3_bal_strong_150_400,weak_null,True,245,4285374274,3.885780586188048e-16,0,0
150,400,0.057322961784706195,0.06347794994333733,0.043410158369937335,0.05573017385799517,-0.006154988158631136,-0.012320015488057834,0.03420120541705831,-0.17996407096111453,-0.360221674582062,0.8571807748472434,0.7186813672254271,0.9,0.846,0.711,True,999,0.00011620903387665749,0.0013619590317830443,weak_3x3_bal_strong_150_400,weak_null,True,246,4285374274,3.885780586188048e-16,0,0
150,400,0.050343287725697294,0.07947617686156605,0.036443853774699164,0.07406462506861544,-0.029132889135868756,-0.03762077129391628,0.03503754932125852,-0.8314762219454886,-1.0737272447045954,0.4057046554806908,0.28294494671274506,0.579,0.401,0.288,True,999,0.00011583301238715649,0.0014019579393789172,weak_3x3_bal_strong_150_400,weak_null,True,247,4285374274,3.885780586188048e-16,0,1
150,400,0.08578541385141047,0.08615047612402843,0.07175842364256368,0.08208303169800502,-0.0003650622726179553,-0.010324608055441331,0.03875846638999596,-0.009418903961385387,-0.26638329678870476,0.9924849130674545,0.7899440278716003,0.986,0.984,0.778,True,999,0.00013033300638198853,0.0012992499396204948,weak_3x3_bal_strong_150_400,weak_null,True,248,4285374274,3.885780586188048e-16,0,1
150,400,0.0548765933611608,0.0627838732334739,0.04097129500237884,0.057135228730601284,-0.0079072798723131,-0.016163933728222446,0.03334291239892617,-0.2371502458365862,-0.48477870003770324,0.8125402333999223,0.6278333334372583,0.877,0.811,0.618,True,999,0.00011104193981736898,0.001307999948039651,weak_3x3_bal_strong_150_400,weak_null,True,249,4285374274,3.885780586188048e-16,0,0
150,400,0.0588513086952438,0.05732088133914254,0.04492213337090334,0.05034575288325982,0.0015304273561012605,-0.005423619512356481,0.03369658482257415,0.045417877335628104,-0.160954575691097,0.963774231637444,0.8721291774252912,0.981,0.969,0.875,True,999,0.00011500006075948477,0.0012791670160368085,weak_3x3_bal_strong_150_400,weak_null,True,250,4285374274,3.885780586188048e-16,0,0
150,400,0.051844121304679414,0.06524278031208663,0.037917002241414366,0.0592843915689798,-0.013398659007407221,-0.021367389327565434,0.03346708598783454,-0.4003533206409935,-0.6384598089995822,0.6888963002891091,0.523174408608875,0.831,0.722,0.55,True,999,0.00011316593736410141,0.001320083043538034,weak_3x3_bal_strong_150_400,weak_null,True,251,4285374274,3.885780586188048e-16,0,0
150,400,0.048027089888667884,0.04851507735485128,0.03412854483892147,0.04186613577033427,-0.0004879874661833927,-0.007737590931412797,0.031099541104401246,-0.015691146841852664,-0.24880080723499046,0.9874807899258476,0.8035148666552895,0.994,0.989,0.79,True,999,0.00012191699352115393,0.0013343750033527613,weak_3x3_bal_strong_150_400,weak_null,True,252,4285374274,3.885780586188048e-16,0,0
150,400,0.0707694869352209,0.05824577552348298,0.05674559412963731,0.052789787651107645,0.012523711411737914,0.0039558064785296665,0.03560159174906193,0.35177391786331863,0.11111319141043456,0.7250078204324542,0.9115265882852155,0.824,0.744,0.907,True,999,0.00011849997099488974,0.0013802079483866692,weak_3x3_bal_strong_150_400,weak_null,True,253,4285374274,3.885780586188048e-16,0,1
150,400,0.04997808008887761,0.052571128266631295,0.03605097813260727,0.044565849962708626,-0.0025930481777536873,-0.008514871830101356,0.033234925793644995,-0.07802178328466483,-0.25620252270066823,0.9378107252534414,0.7977944607931339,0.961,0.936,0.783,True,999,0.00011575000826269388,0.00133200001437217,weak_3x3_bal_strong_150_400,weak_null,True,254,4285374274,3.885780586188048e-16,0,0
150,400,0.04319850669945691,0.03325294484975866,0.029289495600892224,0.02638279901307783,0.009945561849698248,0.0029066965878143947,0.028607863932906038,0.3476513266779915,0.10160481029382215,0.7281020546840804,0.9190703611503802,0.839,0.735,0.923,True,999,0.00011475000064820051,0.0013527920236811042,weak_3x3_bal_strong_150_400,weak_null,True,255,4285374274,3.885780586188048e-16,0,0
150,400,0.03650480234886233,0.04067899139121495,0.022606042790840775,0.03274834238622759,-0.004174189042352616,-0.010142299595386817,0.028044641627882557,-0.14884087654743114,-0.36164839365617474,0.8816791950487542,0.7176147960665185,0.918,0.872,0.706,True,999,0.00011362507939338684,0.0013279590057209134,weak_3x3_bal_strong_150_400,weak_null,True,256,4285374274,3.885780586188048e-16,0,0
150,400,0.08113991425716227,0.04930789654362555,0.06718494344264059,0.0415024233478789,0.03183201771353672,0.025682520094761685,0.0368470210420508,0.8638966411208432,0.6970039739563236,0.3876446721624287,0.48580030683964104,0.542,0.39,0.481,True,999,0.00011783302761614323,0.0013668329920619726,weak_3x3_bal_strong_150_400,weak_null,True,257,4285374274,3.885780586188048e-16,0,0
150,400,0.11848015569736203,0.09689074515312651,0.1043110568225245,0.09159900332770121,0.02158941054423552,0.012712053494823294,0.0429159311671287,0.5030628476907394,0.29620826460268085,0.614920086399976,0.7670710376628932,0.711,0.635,0.775,True,999,0.0001259580021724105,0.001376874977722764,weak_3x3_bal_strong_150_400,weak_null,True,258,4285374274,3.885780586188048e-16,0,1
150,400,0.06488407261809215,0.0711323788551706,0.05087072344551302,0.06340316058316375,-0.006248306237078449,-0.012532437137650732,0.03591359162006753,-0.17398165862049475,-0.34896084107187847,0.8618798766913895,0.727118708060261,0.907,0.859,0.728,True,999,0.0001141249667853117,0.0013506660470739007,weak_3x3_bal_strong_150_400,weak_null,True,259,4285374274,3.885780586188048e-16,0,0
150,400,0.031097753348549695,0.06861187970983829,0.01719635259192387,0.06319490034906039,-0.03751412636128859,-0.04599854775713652,0.030337750567326276,-1.2365493703310773,-1.5162148444412653,0.21625442614824908,0.12946503569007115,0.454,0.214,0.118,True,999,0.00011416594497859478,0.0012782920384779572,weak_3x3_bal_strong_150_400,weak_null,True,260,4285374274,3.885780586188048e-16,0,1
150,400,0.07156763141329314,0.04359913969865736,0.0576228436084989,0.035721743561737185,0.02796849171463578,0.021901100046761712,0.035676219963337176,0.7839533376399664,0.6138851052400863,0.4330674909630132,0.5392912534567734,0.654,0.46,0.568,True,999,0.00011787493713200092,0.0013165830168873072,weak_3x3_bal_strong_150_400,weak_null,True,261,4285374274,3.885780586188048e-16,0,0
150,400,0.09807767342062212,0.058900934628297597,0.0838719915019226,0.05314151429644198,0.03917673879232453,0.03073047720548061,0.03787824467207503,1.0342807363828763,0.8112962327458652,0.30100493978452336,0.417195572968616,0.456,0.301,0.411,True,999,0.00011158303823322058,0.0013345829211175442,weak_3x3_bal_strong_150_400,weak_null,True,262,4285374274,3.885780586188048e-16,0,0
150,400,0.06561408253175216,0.07065546411066592,0.051675755125558,0.06527944552735221,-0.005041381578913762,-0.01360369040179421,0.036229028643693026,-0.13915309815493485,-0.37549144735798556,0.8893291700748954,0.7072950059393088,0.93,0.909,0.725,True,999,0.00011637492571026087,0.0013668329920619726,weak_3x3_bal_strong_150_400,weak_null,True,263,4285374274,3.885780586188048e-16,0,1
150,400,0.06735277206520984,0.04588043170026462,0.053418221207181205,0.039149513665535096,0.02147234036494522,0.014268707541646108,0.03358344278031803,0.6393728155092346,0.42487328160436405,0.522580429225702,0.6709290528774912,0.663,0.517,0.661,True,999,0.00011387502308934927,0.0014041250105947256,weak_3x3_bal_strong_150_400,weak_null,True,264,4285374274,3.885780586188048e-16,0,0
150,400,0.05229178359698006,0.06646381567423076,0.038363628961775476,0.05960413123781905,-0.014172032077250707,-0.02124050227604357,0.033086130318823244,-0.4283375523425296,-0.6419760205066805,0.6684053826214664,0.5208887528033334,0.766,0.669,0.508,True,999,0.00013045792002230883,0.0013075830647721887,weak_3x3_bal_strong_150_400,weak_null,True,265,4285374274,3.885780586188048e-16,0,0
150,400,0.0581130361779465,0.06508260568956431,0.044180882713448,0.06063210399999264,-0.0069695695116178125,-0.016451221286544637,0.03445291523785309,-0.20229259159934346,-0.4774986724046456,0.8396879913009326,0.6330070659834305,0.907,0.864,0.627,True,999,0.00010887498501688242,0.0013157499488443136,weak_3x3_bal_strong_150_400,weak_null,True,266,4285374274,3.885780586188048e-16,0,1
150,400,0.10728511480841996,0.08636045049572139,0.0932135002732366,0.08083790974700378,0.02092466431269857,0.012375590526232827,0.04258937360527298,0.49131185883672857,0.2905793036763661,0.6232058936292928,0.7713730906578924,0.717,0.652,0.788,True,999,0.00011629203800112009,0.001280625001527369,weak_3x3_bal_strong_150_400,weak_null,True,267,4285374274,3.885780586188048e-16,0,0
150,400,0.10638115753384048,0.033183316958511566,0.0923119656594622,0.027396106737882064,0.07319784057532891,0.06491585892158014,0.03887322238672309,1.8829887537270176,1.6699376829576071,0.059701892072418127,0.09493169373297757,0.181,0.078,0.12,True,999,0.0001115420600399375,0.0013144999975338578,weak_3x3_bal_strong_150_400,weak_null,True,268,4285374274,3.885780586188048e-16,0,0
150,400,0.08562137990561225,0.035016564827799634,0.07165370611068056,0.030849271046093918,0.050604815077812615,0.04080443506458664,0.035782448565470644,1.4142356687866593,1.1403477598780682,0.15729271835945893,0.25414144766038627,0.317,0.155,0.272,True,999,0.00011920800898224115,0.0013800830347463489,weak_3x3_bal_strong_150_400,weak_null,True,269,4285374274,3.885780586188048e-16,0,1
150,400,0.1097333930234694,0.03914166122422874,0.0955057611662653,0.03621853884155257,0.07059173179924066,0.05928722232471273,0.03728480780986871,1.8933108669680772,1.590117417985465,0.0583165408575931,0.11180834050768997,0.201,0.071,0.124,True,999,0.00011912488844245672,0.0014195410767570138,weak_3x3_bal_strong_150_400,weak_null,True,270,4285374274,3.885780586188048e-16,0,2
150,400,0.08504115246079569,0.03218922214956099,0.06797238749774692,0.026921534272702274,0.052851930311234696,0.04105085322504465,0.030402679414659944,1.7383971192272578,1.3502380058400456,0.08214086395733765,0.17693965080212315,0.293,0.097,0.197,True,999,0.0001204590080305934,0.0012850420316681266,weak_3x3_bal_strong_150_400,weak_null,True,271,4285374274,3.885780586188048e-16,0,1
150,400,0.14696948309504365,0.12124648983219627,0.13267470377641644,0.11537446469512247,0.025722993262847382,0.017300239081293967,0.04841415603017863,0.5313114050116485,0.35733844189104486,0.59520300338521,0.7208384546717239,0.667,0.603,0.715,True,999,0.00011187500786036253,0.0013277080142870545,weak_3x3_bal_strong_150_400,weak_null,True,272,4285374274,3.885780586188048e-16,0,0
150,400,0.06902230407021803,0.09012437073515833,0.05506078149636551,0.08596838279359531,-0.0211020666649403,-0.030907601297229803,0.038417173397864636,-0.5492873316419794,-0.8045256473488431,0.5828082798148531,0.42109346340475806,0.71,0.598,0.425,True,999,0.00012049998622387648,0.0012870420468971133,weak_3x3_bal_strong_150_400,weak_null,True,273,4285374274,3.885780586188048e-16,0,1
150,400,0.046316044391582434,0.0781378379396212,0.03242090817198573,0.07288311486627208,-0.03182179354803877,-0.04046220669428635,0.033589902761083854,-0.9473618835511022,-1.204594338426145,0.34345440697107843,0.22835994340193078,0.561,0.357,0.203,True,999,0.00011237501166760921,0.0013589590089395642,weak_3x3_bal_strong_150_400,weak_null,True,274,4285374274,3.885780586188048e-16,0,1
150,400,0.07547430863638827,0.05836152039746578,0.061501668469787774,0.051683947874721525,0.017112788238922483,0.009817720595066248,0.03644105843737715,0.4696018439840404,0.26941370575000456,0.6386395070000759,0.7876113402935389,0.734,0.64,0.786,True,999,0.00011887506116181612,0.001371124992147088,weak_3x3_bal_strong_150_400,weak_null,True,275,4285374274,3.885780586188048e-16,0,0
150,400,0.05171076957348064,0.05839618389599005,0.03771733809927014,0.05178893250939609,-0.006685414322509409,-0.014071594410125954,0.03205535232458822,-0.20855844149874864,-0.4389779986705143,0.8347929559560439,0.660677478307629,0.901,0.839,0.643,True,999,0.00011816690675914288,0.0013798750005662441,weak_3x3_bal_strong_150_400,weak_null,True,276,4285374274,3.885780586188048e-16,0,0
150,400,0.04048665720590927,0.0416938309392022,0.026574708306156936,0.0348733098556977,-0.0012071737332929322,-0.008298601549540763,0.02872668383556938,-0.042022731903297854,-0.28888129228704895,0.9664805766826088,0.7726722202684304,0.982,0.969,0.796,True,999,0.00011899997480213642,0.0013453749706968665,weak_3x3_bal_strong_150_400,weak_null,True,277,4285374274,3.885780586188048e-16,0,0
150,400,0.11249297307691752,0.05106155948791552,0.09843140809707052,0.04428454154925987,0.061431413589002004,0.054146866547810646,0.040594304725485836,1.513301287075235,1.333853773675209,0.1302031459243945,0.18225178375835627,0.295,0.122,0.173,True,999,0.0001272499794140458,0.0013603329425677657,weak_3x3_bal_strong_150_400,weak_null,True,278,4285374274,3.885780586188048e-16,0,0
150,400,0.06980406575350351,0.03015444445925386,0.055804914969854735,0.0233376420660818,0.03964962129424965,0.03246727290377294,0.03138090016923046,1.263495345271415,1.034618915604202,0.20641121837370424,0.30084691665337204,0.414,0.215,0.295,True,999,0.00011975003872066736,0.00137291697319597,weak_3x3_bal_strong_150_400,weak_null,True,279,4285374274,3.885780586188048e-16,0,0
150,400,0.044471444286016126,0.049834224578596986,0.030581980428820543,0.04458047520921582,-0.00536278029258086,-0.013998494780395276,0.0303109243875462,-0.17692565967352208,-0.4618300188214258,0.8595667830606641,0.6442032219831751,0.915,0.872,0.647,True,999,0.00012391607742756605,0.0012965830974280834,weak_3x3_bal_strong_150_400,weak_null,True,280,4285374274,3.885780586188048e-16,0,1
150,400,0.06592432297723994,0.06060120102846167,0.05194049937361456,0.053853115373584615,0.005323121948778264,-0.0019126159999700576,0.03591541705985851,0.14821272825278545,-0.05325334233993139,0.8821748870667092,0.957530054834219,0.926,0.888,0.967,True,999,0.0001207499299198389,0.0013867920497432351,weak_3x3_bal_strong_150_400,weak_null,True,281,4285374274,3.885780586188048e-16,0,0
150,400,0.017704467896925813,0.07919347985983516,0.0038104549013553424,0.07245344632150363,-0.061489011962909346,-0.06864299142014829,0.027210694288240658,-2.2597369736898765,-2.522647555149409,0.023837580119062847,0.011647507318558743,0.207,0.03,0.014,True,999,0.0001228339970111847,0.0012754590716212988,weak_3x3_bal_strong_150_400,weak_null,True,282,4285374274,3.885780586188048e-16,0,0
150,400,0.06667003413626738,0.05736796312647935,0.05273463513145771,0.051749185368976214,0.009302071009788027,0.000985449762481494,0.03487136224503662,0.26675387512605786,0.028259571724123196,0.7896586699961786,0.9774551248019944,0.847,0.789,0.981,True,999,0.00010991701856255531,0.0012859170092269778,weak_3x3_bal_strong_150_400,weak_null,True,283,4285374274,3.885780586188048e-16,0,0
150,400,0.06112194919537184,0.050604123776390064,0.047183886813428444,0.0449649776508636,0.010517825418981774,0.0022189091625648416,0.033052589483177755,0.3182148685910029,0.06713268755218602,0.750321955015737,0.9464760716796815,0.846,0.752,0.943,True,999,0.00011029199231415987,0.0013104579411447048,weak_3x3_bal_strong_150_400,weak_null,True,284,4285374274,3.885780586188048e-16,0,0
150,400,0.06361881883716092,0.04715433636074423,0.04965428971971164,0.040771774351838985,0.016464482476416686,0.008882515367872656,0.03330620614093039,0.49433677335538045,0.2666924995986507,0.6210683586458513,0.7897059292837576,0.757,0.629,0.795,True,999,0.00011274998541921377,0.0013162499526515603,weak_3x3_bal_strong_150_400,weak_null,True,285,4285374274,3.885780586188048e-16,0,1
150,400,0.022491808616181608,0.047807518089096446,0.008570643553071022,0.03895620139630296,-0.025315709472914838,-0.030385557843231936,0.02535962308540784,-0.9982683649380314,-1.1981864927920032,0.3181492434073787,0.23084442260263716,0.589,0.316,0.238,True,999,0.00011495803482830524,0.0013879169709980488,weak_3x3_bal_strong_150_400,weak_null,True,286,4285374274,3.885780586188048e-16,0,0
150,400,0.07317156965372607,0.02846625846402029,0.05922466537032278,0.020575233993184838,0.044705311189705776,0.038649431377137944,0.03393160575457289,1.3175123957604318,1.139039267893452,0.18766692881454605,0.25468677629499026,0.385,0.188,0.255,True,999,0.0001272499794140458,0.0013346249470487237,weak_3x3_bal_strong_150_400,weak_null,True,287,4285374274,3.885780586188048e-16,0,0
150,400,0.07231621682108935,0.06150930797910348,0.05836824753120595,0.0573943964261332,0.010806908841985874,0.0009738511050727539,0.03726507193664534,0.29000101919456345,0.026133079971733482,0.7718154578888189,0.9791511920647432,0.835,0.764,0.973,True,999,0.00011437502689659595,0.0012812080094590783,weak_3x3_bal_strong_150_400,weak_null,True,288,4285374274,3.885780586188048e-16,0,1
150,400,0.018948505554511108,0.06168026748217087,0.005097703167706413,0.05583314673691575,-0.04273176192765976,-0.05073544356920934,0.026131207913549597,-1.635276948123872,-1.9415651866174128,0.10199100370347057,0.0521897608021567,0.372,0.107,0.065,True,999,0.0001117499778047204,0.001320707960985601,weak_3x3_bal_strong_150_400,weak_null,True,289,4285374274,3.885780586188048e-16,0,0
150,400,0.07017970676711527,0.057324823509113665,0.05616072864961552,0.05442978697118406,0.012854883258001604,0.0017309416784314635,0.034799181830869705,0.3694018819315538,0.04974087284132575,0.7118281954509419,0.9603288849373641,0.802,0.716,0.954,True,999,0.00011095800437033176,0.0013116250047460198,weak_3x3_bal_strong_150_400,weak_null,True,290,4285374274,3.885780586188048e-16,0,2
150,400,0.08518953302077903,0.060572002636002154,0.07097134820850215,0.0536649448948765,0.024617530384776876,0.01730640331362565,0.03795398192577232,0.6486152212677468,0.4559838634974395,0.5165871145242309,0.6484015819648703,0.643,0.528,0.668,True,999,0.00011991697829216719,0.0013851249823346734,weak_3x3_bal_strong_150_400,weak_null,True,291,4285374274,3.885780586188048e-16,0,0
150,400,0.07693550899549884,0.06237077734123442,0.0629380496962142,0.05656434095337204,0.014564731654264418,0.006373708742842155,0.03607617690249439,0.40372159427063287,0.1766736192714883,0.686417458254815,0.8597647636493055,0.797,0.692,0.866,True,999,0.00011837505735456944,0.0013578749494627118,weak_3x3_bal_strong_150_400,weak_null,True,292,4285374274,3.885780586188048e-16,0,0
150,400,0.09649991061094454,0.04449329470605368,0.0824688011352066,0.040361604104816706,0.05200661590489086,0.0421071970303899,0.0386462218065817,1.3457102266083305,1.0895553319838054,0.17839598698757664,0.27590906847787167,0.337,0.193,0.306,True,999,0.00011720799375325441,0.0013384580379351974,weak_3x3_bal_strong_150_400,weak_null,True,293,4285374274,3.885780586188048e-16,0,1
150,400,0.053015490436812085,0.052306369885217474,0.03904558138873426,0.048149572144779995,0.0007091205515946108,-0.009103990756045732,0.0319050751482993,0.022225948326356174,-0.2853461624437208,0.9822677189296839,0.775378949696115,0.99,0.981,0.771,True,999,0.00011416594497859478,0.0012834579683840275,weak_3x3_bal_strong_150_400,weak_null,True,294,4285374274,3.885780586188048e-16,0,1
150,400,0.08318077405558588,0.07943835568113966,0.069109196254459,0.07363192260859819,0.0037424183744462214,-0.004522726354139195,0.03824904301699518,0.09784345121480174,-0.11824417024315129,0.9220566038108383,0.9058741926291629,0.941,0.916,0.903,True,999,0.00011237501166760921,0.0013130420120432973,weak_3x3_bal_strong_150_400,weak_null,True,295,4285374274,3.885780586188048e-16,0,0
150,400,0.04859662923446462,0.02562770921874974,0.03468929394395559,0.017714933540219135,0.022968920015714878,0.016974360403736455,0.028348965286449833,0.8102207535134802,0.5987647249986163,0.41781331169952074,0.5493297884909653,0.618,0.407,0.538,True,999,0.00011074997019022703,0.0013324590399861336,weak_3x3_bal_strong_150_400,weak_null,True,296,4285374274,3.885780586188048e-16,0,0
150,400,0.0535987511729068,0.019147320953173064,0.03963481956949977,0.014699746279177361,0.034451430219733736,0.024935073290322407,0.027609067729232998,1.24783026205756,0.9031479633743911,0.2120932238200598,0.3664473711087721,0.432,0.189,0.355,True,999,0.00011316698510199785,0.0013592909090220928,weak_3x3_bal_strong_150_400,weak_null,True,297,4285374274,3.885780586188048e-16,0,1
150,400,0.046949723075435656,0.09109758122575012,0.03302786563108384,0.0855049156974701,-0.04414785815031447,-0.052477050066386255,0.03370173848197671,-1.3099578876004934,-1.5571021683184194,0.19021008233538783,0.11944623032823079,0.399,0.181,0.125,True,999,0.00011350004933774471,0.0013549579307436943,weak_3x3_bal_strong_150_400,weak_null,True,298,4285374274,3.885780586188048e-16,0,0
150,400,0.06832714524329675,0.06640666433028769,0.054367945329914846,0.06220630411780803,0.0019204809130090594,-0.007838358787893185,0.03622743356114651,0.05301178483337976,-0.21636527949635748,0.957722517978552,0.8287030282089282,0.983,0.975,0.824,True,999,0.0001307919155806303,0.0013715840177610517,weak_3x3_bal_strong_150_400,weak_null,True,299,4285374274,3.885780586188048e-16,0,1
150,400,0.0623991757225244,0.06546253251753698,0.04843022772158179,0.059759929226601116,-0.003063356795012573,-0.01132970150501933,0.03489239793629562,-0.08779439007331798,-0.3247040093290348,0.9300400966219589,0.7454050999453286,0.964,0.938,0.737,True,999,0.00011208397336304188,0.0013502920046448708,weak_3x3_bal_strong_150_400,weak_null,True,300,4285374274,3.885780586188048e-16,0,0
150,400,0.06788767318481237,0.06043172022002974,0.05391809912069334,0.0563339182725997,0.007455952964782631,-0.002415819151906362,0.03438497782975406,0.21683750973167223,-0.07025798195559405,0.8283349787936634,0.9439883253662305,0.882,0.802,0.938,True,999,0.00011391600128263235,0.0013355840928852558,weak_3x3_bal_strong_150_400,weak_null,True,301,4285374274,3.885780586188048e-16,0,1
150,400,0.0792443249292436,0.04947092031149253,0.06530006416483047,0.04361441995386883,0.029773404617751076,0.02168564421096164,0.03653714823302916,0.8148803630721312,0.5935231746236306,0.4151407945150052,0.5528310783531301,0.597,0.422,0.547,True,999,0.00011991697829216719,0.001400665962137282,weak_3x3_bal_strong_150_400,weak_null,True,302,4285374274,3.885780586188048e-16,0,0
150,400,0.1128421225128895,0.0252354042544094,0.09870082032489336,0.01981119276553045,0.0876067182584801,0.07888962755936291,0.03599839043212612,2.433628759698574,2.1914765247103736,0.014948317736879818,0.02841732671408532,0.065,0.014,0.032,True,999,0.0001159169478341937,0.001376124913804233,weak_3x3_bal_strong_150_400,weak_null,True,303,4285374274,3.885780586188048e-16,0,1
150,400,0.03786904312210071,0.03494296991421164,0.023961813995896364,0.030607427925218644,0.0029260732078890683,-0.0066456139293222805,0.026824890818533318,0.1090805262799968,-0.2477405769991364,0.9131386204903408,0.8043351343978487,0.952,0.913,0.834,True,999,0.00011708401143550873,0.0013875419972464442,weak_3x3_bal_strong_150_400,weak_null,True,304,4285374274,3.885780586188048e-16,0,1
150,400,0.07163044544828878,0.04566426172450361,0.05765211180309393,0.04152943755303795,0.025966183723785174,0.01612267425005598,0.03387700092354402,0.7664841342475229,0.47591799186836975,0.4433882886632218,0.6341328037614671,0.549,0.44,0.62,True,999,0.00011508399620652199,0.0012876669643446803,weak_3x3_bal_strong_150_400,weak_null,True,305,4285374274,3.885780586188048e-16,0,1
150,400,0.0374368711234232,0.0466298556542829,0.02354736002675395,0.03981445186940391,-0.009192984530859705,-0.01626709184264996,0.028557790335192967,-0.32190811764349997,-0.5696201159724651,0.7475223032775685,0.568935381803943,0.853,0.739,0.574,True,999,0.00011237501166760921,0.0012828749604523182,weak_3x3_bal_strong_150_400,weak_null,True,306,4285374274,3.885780586188048e-16,0,0
150,400,0.0370317766383359,0.060904657271051155,0.02305837063090621,0.054266196237705344,-0.023872880632715254,-0.031207825606799133,0.0292297424627268,-0.8167324998897095,-1.0676736425780948,0.41408131417588145,0.2856677518206465,0.614,0.393,0.249,True,999,0.00011491694021970034,0.001297291019000113,weak_3x3_bal_strong_150_400,weak_null,True,307,4285374274,3.885780586188048e-16,0,0
150,400,0.07073919270536777,0.08700663705296807,0.05677818307648863,0.08120169701342661,-0.0162674443476003,-0.02442351393693798,0.0373172639717252,-0.4359227503904341,-0.6544829748355442,0.6628927781805733,0.512800692290343,0.757,0.66,0.5,True,999,0.00011804106179624796,0.0013090420980006456,weak_3x3_bal_strong_150_400,weak_null,True,308,4285374274,3.885780586188048e-16,0,0
150,400,0.07182048737363345,0.06099500818586828,0.05774926942368097,0.05536457213540302,0.010825479187765163,0.0023846972882779482,0.034810194513465974,0.31098588614830736,0.06850571568496844,0.7558113512394182,0.9453830703085091,0.817,0.747,0.948,True,999,0.00013420800678431988,0.001353458035737276,weak_3x3_bal_strong_150_400,weak_null,True,309,4285374274,3.885780586188048e-16,0,0
150,400,0.06590220943373337,0.07791812868436415,0.051971086064241945,0.07119186437668645,-0.01201591925063078,-0.01922077831244451,0.03638405717045534,-0.3302523188752015,-0.5282747391913237,0.7412093175743516,0.5973086617176666,0.821,0.74,0.601,True,999,0.00011662510223686695,0.0013340419391170144,weak_3x3_bal_strong_150_400,weak_null,True,310,4285374274,3.885780586188048e-16,0,0
150,400,0.047342024591794374,0.03949082211650218,0.03343024000406558,0.03367198047067177,0.007851202475292196,-0.00024174046660618842,0.028753745674421415,0.27304972938800187,-0.008407268720514366,0.7848149889044775,0.9932920491115583,0.86,0.774,0.993,True,999,0.0001129580195993185,0.0013025410007685423,weak_3x3_bal_strong_150_400,weak_null,True,311,4285374274,3.885780586188048e-16,0,0
150,400,0.05628801299003339,0.04556258254398987,0.04232952520675326,0.03783778354409151,0.010725430446043516,0.004491741662661752,0.03148081003882219,0.3406974100354119,0.14268189595892,0.7333313886425998,0.8865414153442118,0.85,0.744,0.887,True,999,0.00011858297511935234,0.001301207928918302,weak_3x3_bal_strong_150_400,weak_null,True,312,4285374274,3.885780586188048e-16,0,0
150,400,0.06228106030368474,0.036474425122251186,0.04833935866815864,0.030819995544192125,0.025806635181433557,0.017519363123966514,0.0316037455014697,0.8165688835911378,0.5543445198023061,0.4141748433597521,0.5793430875195901,0.602,0.421,0.582,True,999,0.00011608307249844074,0.0013020000187680125,weak_3x3_bal_strong_150_400,weak_null,True,313,4285374274,3.885780586188048e-16,0,0
150,400,0.012079479381323033,0.0407202505309181,-0.0018017391166154084,0.03387825434435854,-0.028640771149595068,-0.03567999346097395,0.021401288534142242,-1.3382732120967118,-1.667189029485415,0.18080739086280107,0.09547682345935533,0.571,0.194,0.099,True,999,0.00011841696687042713,0.0013248339528217912,weak_3x3_bal_strong_150_400,weak_null,True,314,4285374274,3.885780586188048e-16,0,0
150,400,0.059359949395188405,0.028444050712723823,0.04543761920842826,0.02173134621264694,0.030915898682464582,0.02370627299578132,0.030105936393002117,1.0269037401424503,0.7874285219473077,0.3044657929894621,0.4310310557149616,0.507,0.32,0.443,True,999,0.00012691691517829895,0.0013611249160021544,weak_3x3_bal_strong_150_400,weak_null,True,315,4285374274,3.885780586188048e-16,0,0
150,400,0.12303072262249137,0.05675487025516668,0.10883650603051365,0.049975349070223274,0.0662758523673247,0.05886115696029037,0.0410447820794114,1.6147205322980511,1.4340716158855158,0.10637122907473921,0.15155182688779867,0.21,0.128,0.168,True,999,0.00012699991930276155,0.0013239580439403653,weak_3x3_bal_strong_150_400,weak_null,True,316,4285374274,3.885780586188048e-16,0,0
150,400,0.06287608124325228,0.058302940519795676,0.04881103266242803,0.051555530341573785,0.0045731407234566035,-0.002744497679145752,0.03437338218044578,0.13304308256457106,-0.07984369023502823,0.8941593083727521,0.936361575439982,0.934,0.892,0.942,True,999,0.00011379097122699022,0.001294666901230812,weak_3x3_bal_strong_150_400,weak_null,True,317,4285374274,3.885780586188048e-16,0,0
150,400,0.0754634081520631,0.033700254302755694,0.061515922507481946,0.02593217502047196,0.0417631538493074,0.03558374748700999,0.03331640442371706,1.2535312429926357,1.0680548547333295,0.21001243618457166,0.28549576846898495,0.38,0.213,0.281,True,999,0.00011129199992865324,0.0013037079479545355,weak_3x3_bal_strong_150_400,weak_null,True,318,4285374274,3.885780586188048e-16,0,0
150,400,0.04993741506325544,0.0696498898000712,0.035986726586997975,0.06406159655202259,-0.019712474736815755,-0.028074869965024618,0.03324399733663825,-0.5929634314791203,-0.8445094517584765,0.5532056255564445,0.39838478394483523,0.703,0.552,0.398,True,999,0.00011300004553049803,0.0013217090163379908,weak_3x3_bal_strong_150_400,weak_null,True,319,4285374274,3.885780586188048e-16,0,0
150,400,0.07380990578617608,0.04429902866075175,0.05986941976996718,0.03839402259350777,0.02951087712542433,0.02147539717645941,0.03521023890278525,0.8381333965640864,0.609919098696051,0.4019557882745872,0.5419154002873661,0.574,0.41,0.558,True,999,0.00011895899660885334,0.0013787500793114305,weak_3x3_bal_strong_150_400,weak_null,True,320,4285374274,3.885780586188048e-16,0,0
150,400,0.02882863833485505,0.046175686119963255,0.01496137119036689,0.039324890055524975,-0.017347047785108205,-0.024363518865158085,0.026502368993672514,-0.6545470629153886,-0.9192958890193897,0.5127594166676119,0.3579408275070718,0.746,0.537,0.355,True,999,0.00011966598685830832,0.0014111249474808574,weak_3x3_bal_strong_150_400,weak_null,True,321,4285374274,3.885780586188048e-16,0,0
150,400,0.05863705795509189,0.06663569162278465,0.04470002204138268,0.058681154898692967,-0.007998633667692767,-0.013981132857310286,0.03485660081952384,-0.22947256702129662,-0.40110431105144334,0.8185016401352172,0.688343326989061,0.879,0.817,0.687,True,999,0.00012266694102436304,0.0013562499079853296,weak_3x3_bal_strong_150_400,weak_null,True,322,4285374274,3.885780586188048e-16,0,0
150,400,0.07012582093548958,0.046950067764007786,0.05610793073475406,0.04111633109187096,0.023175753171481794,0.014991599642883102,0.03458291794037531,0.6701503097985919,0.4334972447591103,0.5027619763854736,0.6646535672931244,0.649,0.521,0.675,True,999,0.00011766701936721802,0.0013683330034837127,weak_3x3_bal_strong_150_400,weak_null,True,323,4285374274,3.885780586188048e-16,0,0
150,400,0.07462706277258091,0.04175029541710018,0.06065465125834635,0.03510718099190058,0.03287676735548073,0.02554747026644577,0.03410498071012265,0.9639872731469579,0.7490832639252326,0.33505230659222607,0.4538070216229678,0.512,0.328,0.459,True,999,0.00011712498962879181,0.0013614579802379012,weak_3x3_bal_strong_150_400,weak_null,True,324,4285374274,3.885780586188048e-16,0,0
150,400,0.05071231307760149,0.05749867045887003,0.036783326299939745,0.04979977479700892,-0.006786357381268537,-0.013016448497069177,0.03152929010840962,-0.2152397772970617,-0.41283671317412174,0.8295803798278594,0.679726251219266,0.896,0.829,0.694,True,999,0.00012066704221069813,0.0014020000817254186,weak_3x3_bal_strong_150_400,weak_null,True,325,4285374274,3.885780586188048e-16,0,0
150,400,0.07742510354221444,0.08762169895605909,0.06342735210529327,0.08175433641699215,-0.010196595413844656,-0.01832698431169888,0.038087609738416434,-0.2677142378814082,-0.4811796917046667,0.7889192894954271,0.630388793129598,0.857,0.785,0.63,True,999,0.00011945795267820358,0.0014140000566840172,weak_3x3_bal_strong_150_400,weak_null,True,326,4285374274,3.885780586188048e-16,0,0
150,400,0.04067352273160907,0.05901914524661267,0.026742465234917745,0.053377820962623446,-0.0183456225150036,-0.0266353557277057,0.030084901024505634,-0.6097950097977782,-0.8853396494809769,0.5419976075839161,0.37597347138024073,0.737,0.549,0.387,True,999,0.00011870800517499447,0.0013673329958692193,weak_3x3_bal_strong_150_400,weak_null,True,327,4285374274,3.885780586188048e-16,0,0
150,400,0.09691179080079348,0.050274160159121895,0.08293083101332854,0.04342481859102065,0.04663763064167159,0.03950601242230789,0.03822725987465035,1.2200097729892068,1.0334513264055716,0.22246117011127897,0.3013927374570986,0.378,0.238,0.323,True,999,0.00011362496297806501,0.0012858749832957983,weak_3x3_bal_strong_150_400,weak_null,True,328,4285374274,3.885780586188048e-16,0,0
150,400,0.049337619266287325,0.06862529222591424,0.035416951346519454,0.06184057857313974,-0.01928767295962691,-0.026423627226620283,0.03330552558636315,-0.5791133038754445,-0.7933706723258966,0.562512723802612,0.42756189249415233,0.707,0.552,0.42,True,999,0.00011141598224639893,0.0012984999921172857,weak_3x3_bal_strong_150_400,weak_null,True,329,4285374274,3.885780586188048e-16,0,0
150,400,0.08069955182642485,0.0859748584476639,0.06675137567529532,0.07893724468857499,-0.00527530662123904,-0.012185869013279671,0.03963380376586134,-0.13310119443501248,-0.3074615064773569,0.8941133505304901,0.7584921183075346,0.924,0.892,0.753,True,999,0.00010791700333356857,0.0013036249438300729,weak_3x3_bal_strong_150_400,weak_null,True,330,4285374274,3.885780586188048e-16,0,0
150,400,0.09539050563834195,0.05656716185437194,0.0814029719730911,0.052146982880174164,0.03882334378397001,0.029255989092916934,0.040156871522131196,0.9667920411223705,0.7285425379014752,0.3336480039390013,0.4662815391121321,0.472,0.328,0.454,True,999,0.00011074997019022703,0.0013583330437541008,weak_3x3_bal_strong_150_400,weak_null,True,331,4285374274,3.885780586188048e-16,0,1
150,400,0.07057300879554784,0.1148585032743224,0.05662614443781422,0.10914888456983363,-0.044285494478774556,-0.05252274013201941,0.039341868738575134,-1.1256581321301635,-1.33503419680012,0.26031025185511236,0.18186515438157103,0.433,0.292,0.207,True,999,0.00010854192078113556,0.0013647089945152402,weak_3x3_bal_strong_150_400,weak_null,True,332,4285374274,3.885780586188048e-16,0,0
150,400,0.04675899190075761,0.03381960419768093,0.032787505979769094,0.029487951161684123,0.012939387703076677,0.003299554818084971,0.02757307384842268,0.4692762139690449,0.11966583182649845,0.6388722148855204,0.9047478680634025,0.797,0.646,0.901,True,999,0.00015333294868469238,0.0013424999779090285,weak_3x3_bal_strong_150_400,weak_null,True,333,4285374274,3.885780586188048e-16,0,1
150,400,0.07906677603321377,0.05342385069195604,0.06505639770927019,0.045501961727524076,0.025642925341257727,0.01955443598174611,0.03649073378026321,0.7027242996995376,0.5358740139208311,0.4822275811655321,0.5920456251012756,0.638,0.478,0.581,True,999,0.00010775006376206875,0.0013571660965681076,weak_3x3_bal_strong_150_400,weak_null,True,334,4285374274,3.885780586188048e-16,0,0
150,400,0.06717795135273574,0.07921152534532461,0.05316978502133907,0.07517477676265116,-0.012033573992588864,-0.022004991741312097,0.035651367889974535,-0.33753470637441674,-0.6172271372370003,0.735713853673015,0.5370849186210291,0.823,0.738,0.554,True,999,0.00010750000365078449,0.0013217090163379908,weak_3x3_bal_strong_150_400,weak_null,True,335,4285374274,3.885780586188048e-16,0,1
150,400,0.08462649037579317,0.07607122644008946,0.07065643536623156,0.07064821002668964,0.008555263935703716,8.225339541922949e-06,0.04025223188545498,0.2125413557203305,0.00020434493086817255,0.8316847174977148,0.9998369563357167,0.875,0.829,1.0,True,999,0.00011262495536357164,0.0013429169775918126,weak_3x3_bal_strong_150_400,weak_null,True,336,4285374274,3.885780586188048e-16,0,1
150,400,0.07314186892503027,0.05663759283040315,0.059198751701416086,0.04996349183863913,0.016504276094627124,0.009235259862776957,0.03583645716945299,0.46054430036391475,0.25770571625169175,0.6451255811937728,0.7966340341554499,0.744,0.641,0.807,True,999,0.00011554197408258915,0.0013825420755892992,weak_3x3_bal_strong_150_400,weak_null,True,337,4285374274,3.885780586188048e-16,0,0
150,400,0.0756091292974359,0.07152820123971726,0.061612031402091816,0.06476935779335236,0.004080928057718647,-0.00315732639126054,0.03628011823573249,0.11248386874603176,-0.08702635340782522,0.9104397594422198,0.930650564581565,0.936,0.909,0.942,True,999,0.00011741602793335915,0.0014059999957680702,weak_3x3_bal_strong_150_400,weak_null,True,338,4285374274,3.885780586188048e-16,0,0
150,400,0.06800039759016951,0.05849923908318039,0.05405803768533701,0.051651157600360875,0.009501158506989127,0.0024068800849761374,0.035431384306669686,0.26815657059158726,0.06793073801869662,0.7885788027199686,0.9458407698606608,0.846,0.779,0.938,True,999,0.00011783302761614323,0.0012840830022469163,weak_3x3_bal_strong_150_400,weak_null,True,339,4285374274,3.885780586188048e-16,0,0
150,400,0.06344189886252516,0.08125282108164444,0.04948705661948338,0.07440715829417854,-0.017810922219119285,-0.02492010167469516,0.036072333633259984,-0.4937557519898568,-0.6908369701847605,0.6214786860188319,0.48966799951974826,0.735,0.62,0.506,True,999,0.00011200003791600466,0.001300457981415093,weak_3x3_bal_strong_150_400,weak_null,True,340,4285374274,3.885780586188048e-16,0,0
150,400,0.034140657223921345,0.06257256850517684,0.020266486105469994,0.05833008759569225,-0.028431911281255495,-0.038063601490222254,0.029346906880296963,-0.9688213956321311,-1.2970226008989567,0.3326343095366252,0.19462341050972054,0.536,0.318,0.178,True,999,0.0001103340182453394,0.0013087500119581819,weak_3x3_bal_strong_150_400,weak_null,True,341,4285374274,3.885780586188048e-16,0,1
150,400,0.027677411651034323,0.05916593579705853,0.01378921708078451,0.05248699066640938,-0.03148852414602421,-0.03869777358562487,0.02733549255526899,-1.1519281784426714,-1.4156603729522252,0.24935058785873665,0.15687496581878457,0.528,0.252,0.163,True,999,0.00011991697829216719,0.0013366249622777104,weak_3x3_bal_strong_150_400,weak_null,True,342,4285374274,3.885780586188048e-16,0,0
150,400,0.06487272750170048,0.06623881127480491,0.050928048422463235,0.06215081442624637,-0.0013660837731044317,-0.011222766003783136,0.034421908820791276,-0.03968646190473027,-0.32603555085255587,0.968343095009441,0.7443974577459423,0.98,0.974,0.763,True,999,0.00015166704542934895,0.0013586661079898477,weak_3x3_bal_strong_150_400,weak_null,True,343,4285374274,3.885780586188048e-16,0,1
150,400,0.04571731839107329,0.04167582826939242,0.03181044533963018,0.03621694189403968,0.0040414901216808685,-0.0044064965544095,0.029584429760433725,0.13660868755651884,-0.1489464759027655,0.8913401092085529,0.8815958677468058,0.94,0.893,0.888,True,999,0.00011720799375325441,0.001358457957394421,weak_3x3_bal_strong_150_400,weak_null,True,344,4285374274,3.885780586188048e-16,0,1
150,400,0.05406824730010262,0.05897298258274747,0.04015356992078978,0.053242931817578665,-0.004904735282644845,-0.013089361896788887,0.03335114762337023,-0.14706346354354352,-0.39247110907861976,0.8830819281305423,0.6947101541320528,0.933,0.889,0.706,True,999,0.00011720892507582903,0.0013468340039253235,weak_3x3_bal_strong_150_400,weak_null,True,345,4285374274,3.885780586188048e-16,0,0
150,400,0.027789984505695697,0.035198728610681185,0.013911726688974113,0.028253298458395193,-0.007408744104985487,-0.01434157176942108,0.024575962934765914,-0.30146302403902353,-0.5835609293311983,0.7630614418010712,0.5595157530529287,0.877,0.74,0.549,True,999,0.0001261249417439103,0.0012895420659333467,weak_3x3_bal_strong_150_400,weak_null,True,346,4285374274,3.885780586188048e-16,0,0
150,400,0.07924801787630154,0.04518756706963023,0.06528005236714307,0.03920687710794368,0.034060450806671305,0.026073175259199388,0.036078624794693,0.9440617817473309,0.7226765268235675,0.3451380778924149,0.46987864006728397,0.536,0.352,0.455,True,999,0.00011308304965496063,0.0013013751013204455,weak_3x3_bal_strong_150_400,weak_null,True,347,4285374274,3.885780586188048e-16,0,0
150,400,0.08979772580647682,0.04351675633973484,0.07577813370139097,0.03781240743199987,0.046280969466741984,0.0379657262693911,0.03663779505817684,1.2632029136374836,1.036244845223509,0.2065162660227059,0.30008793009284573,0.362,0.2,0.294,True,999,0.00011262495536357164,0.0013630830217152834,weak_3x3_bal_strong_150_400,weak_null,True,348,4285374274,3.885780586188048e-16,0,0
150,400,0.04783928895339873,0.08026508500643226,0.03393935524155722,0.07456506353412351,-0.03242579605303353,-0.04062570829256629,0.03388857161140094,-0.9568357269482759,-1.198802615773242,0.3386501763707843,0.230604705223045,0.532,0.34,0.239,True,999,0.00012566696386784315,0.0013325420441105962,weak_3x3_bal_strong_150_400,weak_null,True,349,4285374274,3.885780586188048e-16,0,0
150,400,0.07012102514444263,0.07889680508890118,0.0561626636297774,0.07214265889282956,-0.00877577994445855,-0.01597999526305216,0.03700046728655524,-0.23718024630589954,-0.43188630941584805,0.8125169603043794,0.6658240455611147,0.875,0.829,0.677,True,999,0.00015316694043576717,0.001288917032070458,weak_3x3_bal_strong_150_400,weak_null,True,350,4285374274,3.885780586188048e-16,0,0
150,400,0.10872523770308673,0.02739893812405636,0.09450879281129687,0.020991530861479646,0.08132629957903037,0.07351726194981723,0.037903606375923354,2.145608488343986,1.9395848833137925,0.031904227653672644,0.05243015947012058,0.109,0.039,0.064,True,999,0.00010900001507252455,0.001305249985307455,weak_3x3_bal_strong_150_400,weak_null,True,351,4285374274,3.885780586188048e-16,0,1
150,400,0.09222406967871,0.037630513131711785,0.07822643267917329,0.030671107383881235,0.05459355654699821,0.04755532529529205,0.03692861957903854,1.4783535688397802,1.2877634159465157,0.1393131663150468,0.19782833081488593,0.295,0.138,0.207,True,999,0.00011254195123910904,0.0012961250031366944,weak_3x3_bal_strong_150_400,weak_null,True,352,4285374274,3.885780586188048e-16,0,0
150,400,0.07763431168996249,0.05461740121133568,0.06369661458700193,0.046849244759641806,0.023016910478626806,0.016847369827360126,0.03689461466962096,0.623855559537228,0.4566349310928637,0.5327224480081144,0.6479334674432142,0.655,0.549,0.659,True,999,0.00011266604997217655,0.0013050419511273503,weak_3x3_bal_strong_150_400,weak_null,True,353,4285374274,3.885780586188048e-16,0,0
150,400,0.09541061748690582,0.044184854710688226,0.08130450501261066,0.039896869351053965,0.0512257627762176,0.041407635661556697,0.03629892002416812,1.4112200236842052,1.1407401551888363,0.15817974772781873,0.25397807102739667,0.279,0.155,0.255,True,999,0.00011924991849809885,0.0013660830445587635,weak_3x3_bal_strong_150_400,weak_null,True,354,4285374274,3.885780586188048e-16,0,1
150,400,0.06266783494155237,0.08337716677310958,0.04863335290440318,0.07761046145128603,-0.02070933183155721,-0.028977108546882846,0.03658907159790756,-0.5659977399574557,-0.7919607489723783,0.5713953168752555,0.42838356325028815,0.687,0.573,0.437,True,999,0.00011870800517499447,0.0013872500276193023,weak_3x3_bal_strong_150_400,weak_null,True,355,4285374274,3.885780586188048e-16,0,0
150,400,0.03198217097597045,0.07863722994398048,0.01810229447949041,0.07176128152772776,-0.04665505896801003,-0.05365898704823735,0.030906487245607222,-1.5095555375559924,-1.7361723000682963,0.13115687390011627,0.08253337351859737,0.365,0.124,0.092,True,999,0.00011924991849809885,0.0013293330557644367,weak_3x3_bal_strong_150_400,weak_null,True,356,4285374274,3.885780586188048e-16,0,0
150,400,0.047056172392749396,0.08121210874792206,0.033148156258363315,0.0783965709104848,-0.03415593635517267,-0.04524841465212148,0.03446591791030363,-0.9910061424756573,-1.3128451930361735,0.32168258092577084,0.18923511802229187,0.545,0.327,0.2,True,999,0.00011775002349168062,0.0013587090652436018,weak_3x3_bal_strong_150_400,weak_null,True,357,4285374274,3.885780586188048e-16,0,2
150,400,0.09342512584439078,0.0321893747108295,0.07943136687998731,0.026946723792576677,0.06123575113356128,0.05248464308741063,0.036281076096150035,1.687815184182459,1.4466120836195384,0.09144671189393569,0.14800559996215426,0.232,0.095,0.149,True,999,0.00011737504974007607,0.0013386670034378767,weak_3x3_bal_strong_150_400,weak_null,True,358,4285374274,3.885780586188048e-16,0,1
150,400,0.10313482814548047,0.07439134224273852,0.08910299421219747,0.06745639754618082,0.02874348590274195,0.02164659666601665,0.041227204054237215,0.6971970707721998,0.5250561410261794,0.4856794718639805,0.5995441641502732,0.59,0.48,0.582,True,999,0.00011962500866502523,0.0013375000562518835,weak_3x3_bal_strong_150_400,weak_null,True,359,4285374274,3.885780586188048e-16,0,0
150,400,0.09835737348567264,0.09838614100262966,0.0843340521270477,0.094209898517704,-2.8767516957017847e-05,-0.009875846390656307,0.04232926899758775,-0.00067961289288169,-0.2333101096364104,0.9994577474071892,0.8155206088526175,1.0,1.0,0.834,True,999,0.00012029195204377174,0.0013301660073921084,weak_3x3_bal_strong_150_400,weak_null,True,360,4285374274,3.885780586188048e-16,0,1
150,400,0.06787310307586947,0.06142515891380529,0.05385139863105337,0.054659366061969195,0.006447944162064179,-0.0008079674309158236,0.03504600798921298,0.18398512504045625,-0.023054478306473957,0.8540251242196029,0.9816068170732835,0.923,0.876,0.987,True,999,0.0001145420828834176,0.0012950829695910215,weak_3x3_bal_strong_150_400,weak_null,True,361,4285374274,3.885780586188048e-16,0,0
150,400,0.0389076100696768,0.03624657494528932,0.025012930567868352,0.0295413556063977,0.0026610351243874786,-0.004528425038529349,0.02773957260504215,0.09592920418333299,-0.16324783020291483,0.9235767999510037,0.8703233082258222,0.947,0.918,0.858,True,999,0.00011112506035715342,0.0013220829423516989,weak_3x3_bal_strong_150_400,weak_null,True,362,4285374274,3.885780586188048e-16,0,0
150,400,0.032727766262021785,0.028007346713932624,0.018807366339018472,0.0210594336750205,0.004720419548089161,-0.0022520673360020282,0.025017821502785694,0.18868227785395103,-0.09001852282586892,0.8503418423151127,0.9282724954993599,0.93,0.865,0.936,True,999,0.00010883400682359934,0.0013553339522331953,weak_3x3_bal_strong_150_400,weak_null,True,363,4285374274,3.885780586188048e-16,0,0
150,400,0.04227311328645422,0.023518584175884205,0.028380925836501092,0.01741298192430918,0.018754529110570017,0.010967943912191913,0.026451450271253108,0.7090170451240647,0.41464433139651513,0.47831389937091484,0.6784022902149903,0.679,0.475,0.654,True,999,0.00010924995876848698,0.00133966701105237,weak_3x3_bal_strong_150_400,weak_null,True,364,4285374274,3.885780586188048e-16,0,0
150,400,0.06625308299558275,0.039214036066324454,0.052323059850408526,0.03498461412661413,0.027039046929258292,0.017338445723794393,0.03328992682541172,0.812229088728971,0.5208315961379394,0.41666019115841035,0.602484090407617,0.612,0.422,0.613,True,999,0.00011141702998429537,0.0013622499536722898,weak_3x3_bal_strong_150_400,weak_null,True,365,4285374274,3.885780586188048e-16,0,1
150,400,0.05038208824345558,0.0404167363455008,0.036466604399777225,0.03440993392820246,0.009965351897954777,0.002056670471574762,0.029935923787581684,0.3328894063422457,0.06870242208553225,0.7392177663457089,0.9452264902161696,0.841,0.734,0.939,True,999,0.00012012501247227192,0.0013061669887974858,weak_3x3_bal_strong_150_400,weak_null,True,366,4285374274,3.885780586188048e-16,0,0
150,400,0.06611100536640069,0.025606578662978052,0.05217591828682089,0.018892610125845977,0.040504426703422636,0.03328330816097491,0.031731119775592946,1.276489042614184,1.048916911737098,0.2017826977719821,0.2942163612122638,0.406,0.216,0.311,True,999,0.00011583301238715649,0.0013287500478327274,weak_3x3_bal_strong_150_400,weak_null,True,367,4285374274,3.885780586188048e-16,0,0
150,400,0.06505562359828976,0.058434930504325355,0.051142197679439505,0.05285530234593239,0.006620693093964403,-0.0017131046664928817,0.034758380394367724,0.19047760623038767,-0.04928609006104538,0.8489348895792967,0.9606913045695193,0.882,0.849,0.95,True,999,0.00012120895553380251,0.0013126670382916927,weak_3x3_bal_strong_150_400,weak_null,True,368,4285374274,3.885780586188048e-16,0,0
150,400,0.06885188750703453,0.03784664281627936,0.05485675786943034,0.032020134940722755,0.031005244690755163,0.022836622928707584,0.03196709919494288,0.9699111108479971,0.7143789553579601,0.33209080130656676,0.474992881468873,0.498,0.34,0.471,True,999,0.00011870800517499447,0.0013174579944461584,weak_3x3_bal_strong_150_400,weak_null,True,369,4285374274,3.885780586188048e-16,0,0
150,400,0.07406935159475037,0.05182450071127226,0.06009286458797192,0.04754075146718151,0.022244850883478107,0.012552113120790409,0.03518528753322825,0.6322202387139947,0.35674322993485436,0.5272429742806535,0.7212840392709892,0.663,0.514,0.719,True,999,0.00012149999383836985,0.001338207977823913,weak_3x3_bal_strong_150_400,weak_null,True,370,4285374274,3.885780586188048e-16,0,1
150,400,0.08167477655311806,0.046292858472013754,0.06771804527744507,0.03946054216936545,0.0353819180811043,0.028257503108079618,0.036092570174048516,0.9803102940711274,0.7829174528667256,0.3269329749003843,0.43367558790585026,0.536,0.351,0.462,True,999,0.00012112502008676529,0.0013495420571416616,weak_3x3_bal_strong_150_400,weak_null,True,371,4285374274,3.885780586188048e-16,0,0
150,400,0.07124211928578617,0.044224967651370406,0.057229525833690786,0.03741617362118177,0.02701715163441576,0.019813352212509017,0.03440667666837247,0.7852299103112925,0.5758577732885772,0.43231878167232773,0.5647113195248401,0.603,0.437,0.564,True,999,0.00011920800898224115,0.0013787499628961086,weak_3x3_bal_strong_150_400,weak_null,True,372,4285374274,3.885780586188048e-16,0,0
150,400,0.07328747224129217,0.08710028352296928,0.05911312815734959,0.0828323068100758,-0.013812811281677106,-0.023719178652726214,0.0365918274911673,-0.3774835046161962,-0.6482097309420158,0.7058143206728562,0.5168493089441792,0.782,0.7,0.524,True,999,0.00011991697829216719,0.0012852909276261926,weak_3x3_bal_strong_150_400,weak_null,True,373,4285374274,3.885780586188048e-16,0,1
150,400,0.10268908560916334,0.04841498220080731,0.0887041531067041,0.04415295007771647,0.054274103408356034,0.04455120302898763,0.03967566930349206,1.3679442429362896,1.1228847253514749,0.17132952958468106,0.2614864555656643,0.323,0.18,0.274,True,999,0.0001094999024644494,0.0012992500560358167,weak_3x3_bal_strong_150_400,weak_null,True,374,4285374274,3.885780586188048e-16,0,1
150,400,0.024488525985047138,0.06777708876078659,0.01057833043643086,0.06208192767877563,-0.04328856277573945,-0.05150359724234477,0.02771942987173175,-1.561668583230317,-1.8580323434021309,0.11836608355825247,0.06316442143081846,0.379,0.132,0.075,True,999,0.00011000002268701792,0.001315042027272284,weak_3x3_bal_strong_150_400,weak_null,True,375,4285374274,3.885780586188048e-16,0,0
150,400,0.11678157736447692,0.032154069718569156,0.10247125319324368,0.02616656051333166,0.08462750764590776,0.07630469267991202,0.038803239837622176,2.1809392205404476,1.966451590104851,0.029187912294398922,0.049246469086310696,0.131,0.035,0.06,True,999,0.00011033308692276478,0.0013365000486373901,weak_3x3_bal_strong_150_400,weak_null,True,376,4285374274,3.885780586188048e-16,0,0
150,400,0.058386750605458726,0.024308314553685595,0.04442409331448971,0.01900622798135032,0.03407843605177313,0.02541786533313939,0.028515557276361368,1.1950822395472958,0.8913683533097253,0.23205490033666198,0.37273158963739395,0.437,0.222,0.368,True,999,0.00010904204100370407,0.0013399169547483325,weak_3x3_bal_strong_150_400,weak_null,True,377,4285374274,3.885780586188048e-16,0,1
150,400,0.05055646004361147,0.0322411396499655,0.03664453167587567,0.02551183995814199,0.018315320393645973,0.011132691717733678,0.02890160646686988,0.6337128842523324,0.3851928345400164,0.5262682149390807,0.7000945517580539,0.711,0.503,0.681,True,999,0.00011058303061872721,0.0013802910689264536,weak_3x3_bal_strong_150_400,weak_null,True,378,4285374274,3.885780586188048e-16,0,0
150,400,0.08116135391166623,0.057035526533831926,0.06708917233194711,0.051302690325400135,0.024125827377834308,0.015786482006546976,0.03539070891052499,0.6816994663438185,0.44606289312990194,0.4954290049803647,0.655551815886385,0.599,0.476,0.647,True,999,0.00011737504974007607,0.0012980829924345016,weak_3x3_bal_strong_150_400,weak_null,True,379,4285374274,3.885780586188048e-16,0,0
150,400,0.0785283657692808,0.10015962316305377,0.06455832694928176,0.09601481099412013,-0.021631257393772974,-0.03145648404483836,0.04038877566257436,-0.5355759623537498,-0.7788422285349698,0.5922516453644118,0.4360726587501933,0.686,0.599,0.437,True,999,0.00011558295227587223,0.0013131669256836176,weak_3x3_bal_strong_150_400,weak_null,True,380,4285374274,3.885780586188048e-16,0,1
150,400,0.09518667250925539,0.05673377296736909,0.08117341876572937,0.0498697201535947,0.0384528995418863,0.03130369861213467,0.03849467074681067,0.9989148834341482,0.813195645132988,0.3178359256613075,0.41610589584886415,0.48,0.356,0.449,True,999,0.00011237489525228739,0.0013020830228924751,weak_3x3_bal_strong_150_400,weak_null,True,381,4285374274,3.885780586188048e-16,0,0
150,400,0.07781090728225815,0.06944211132781447,0.06372432654362115,0.06397892867181554,0.008368795954443675,-0.0002546021281943922,0.03618701218385641,0.2312651818813913,-0.007035732237323926,0.8171087943509957,0.9943863441880246,0.886,0.84,0.995,True,999,0.00012583297211676836,0.0013167500728741288,weak_3x3_bal_strong_150_400,weak_null,True,382,4285374274,3.885780586188048e-16,0,0
150,400,0.02919527770167818,0.050980112867221816,0.015321573511783981,0.04688427706142306,-0.021784835165543637,-0.03156270354963908,0.02672014767606653,-0.8152962112951384,-1.1812323768670663,0.4149027769360424,0.23751042263376443,0.675,0.441,0.247,True,999,0.00013762502931058407,0.0013224160065874457,weak_3x3_bal_strong_150_400,weak_null,True,383,4285374274,3.885780586188048e-16,0,1
150,400,0.05878544856881529,0.06250590254852212,0.044784759520922535,0.0548159903180192,-0.003720453979706828,-0.010031230797096669,0.033829579718988284,-0.10997635828205592,-0.2965224776784979,0.9124281245226725,0.7668311036910488,0.944,0.904,0.764,True,999,0.00011804199311882257,0.0013677079696208239,weak_3x3_bal_strong_150_400,weak_null,True,384,4285374274,3.885780586188048e-16,0,0
150,400,0.060611358135534976,0.044078498652413645,0.04668710590007663,0.04133174860885447,0.01653285948312133,0.0053553572912221625,0.032446631096434024,0.5095400947477207,0.1650512583357454,0.610373701722749,0.8689036369471863,0.733,0.619,0.882,True,999,0.00011879194062203169,0.0013611250324174762,weak_3x3_bal_strong_150_400,weak_null,True,385,4285374274,3.885780586188048e-16,0,2
150,400,0.08040168328519925,0.029770664527736523,0.06637344218572139,0.02541919556207972,0.05063101875746273,0.040954246623641666,0.03378724066428709,1.4985248206723025,1.212121671330505,0.13399694884565921,0.22546580924870685,0.291,0.131,0.21,True,999,0.00012049998622387648,0.0013565829722210765,weak_3x3_bal_strong_150_400,weak_null,True,386,4285374274,3.885780586188048e-16,0,1
150,400,0.06941394221970554,0.04697785252650766,0.05545829373693323,0.04145706259771487,0.02243608969319788,0.014001231139218362,0.03359747671216685,0.6677909143418789,0.41673460358848957,0.5042670669965967,0.6768725408275014,0.655,0.502,0.671,True,999,0.00011766701936721802,0.0013370830565690994,weak_3x3_bal_strong_150_400,weak_null,True,387,4285374274,3.885780586188048e-16,0,0
150,400,0.06953953251960909,0.03387447346922162,0.055604590462309034,0.027877297558376313,0.03566505905038747,0.02772729290393272,0.033173923394681344,1.0750931876844425,0.835815907996524,0.28233300912294723,0.4032584757005868,0.476,0.272,0.383,True,999,0.00011845806147903204,0.001393625047057867,weak_3x3_bal_strong_150_400,weak_null,True,388,4285374274,3.885780586188048e-16,0,0
150,400,0.032781791350555256,0.03956148950966132,0.01887469805450337,0.031823863227856464,-0.006779698159106062,-0.012949165173353094,0.026469073748102822,-0.2561365850435926,-0.48921867446461853,0.7978453732147238,0.6246868899075567,0.882,0.795,0.612,True,999,0.00011829205323010683,0.0014027089346200228,weak_3x3_bal_strong_150_400,weak_null,True,389,4285374274,3.885780586188048e-16,0,0
150,400,0.019669247510099908,0.03233007977889435,0.0057758788239254955,0.023432136185704167,-0.012660832268794442,-0.01765625736177867,0.02315468947167022,-0.5467934382918406,-0.7625348369876053,0.5845206515994362,0.4457408593857123,0.802,0.59,0.454,True,999,0.00012112502008676529,0.0013405419886112213,weak_3x3_bal_strong_150_400,weak_null,True,390,4285374274,3.885780586188048e-16,0,0
150,400,0.07250913514520096,0.057462319091310055,0.058497778039651394,0.05312721921845309,0.01504681605389091,0.005370558821198301,0.03560748934458673,0.4225744732597503,0.15082666371743972,0.6726057542292758,0.8801124522683096,0.754,0.663,0.873,True,999,0.00011799996718764305,0.0013843750348314643,weak_3x3_bal_strong_150_400,weak_null,True,391,4285374274,3.885780586188048e-16,0,1
150,400,0.10417787811419266,0.03692300788702363,0.09005359062564366,0.031151090016209082,0.06725487022716903,0.05890250060943458,0.03726901164587594,1.804578851358169,1.580468544997021,0.07114060995600942,0.11399960488467625,0.211,0.08,0.132,True,999,0.00011966598685830832,0.0013475000159814954,weak_3x3_bal_strong_150_400,weak_null,True,392,4285374274,3.885780586188048e-16,0,0
150,400,0.030009920599755047,0.04931022112472694,0.016081132080699945,0.0434299060233343,-0.019300300524971892,-0.027348773942634352,0.02669823112849517,-0.7229055899651934,-1.0243665136843039,0.46973788899541,0.30566219232610947,0.7,0.482,0.332,True,999,0.00011904106941074133,0.0013582920655608177,weak_3x3_bal_strong_150_400,weak_null,True,393,4285374274,3.885780586188048e-16,0,0
150,400,0.046828332475573164,0.05261523840610888,0.03291660654582529,0.043748822848272084,-0.005786905930535713,-0.010832216302446795,0.03150372159751242,-0.1836895971996101,-0.3438392594004552,0.8542569702767489,0.7309671735690446,0.904,0.848,0.716,True,999,0.00012337497901171446,0.0013220410328358412,weak_3x3_bal_strong_150_400,weak_null,True,394,4285374274,3.885780586188048e-16,0,0
150,400,0.01615500574668771,0.06408122854276421,0.0022692124850607343,0.05854062238947222,-0.0479262227960765,-0.056271409904411485,0.02492059527006399,-1.9231572230398588,-2.2580283213382084,0.054460307659342,0.023943893800092847,0.312,0.053,0.03,True,999,0.00011341692879796028,0.001329416991211474,weak_3x3_bal_strong_150_400,weak_null,True,395,4285374274,3.885780586188048e-16,0,0
150,400,0.05514566724060943,0.042281597630030754,0.04123524152728919,0.036457822442145016,0.012864069610578677,0.0047774190851441745,0.030858861492449437,0.41686792669672096,0.15481514398426902,0.6767750144805478,0.8769670519838342,0.765,0.671,0.873,True,999,0.00011841696687042713,0.0012827080208808184,weak_3x3_bal_strong_150_400,weak_null,True,396,4285374274,3.885780586188048e-16,0,0
150,400,0.06552324126764386,0.05854856604127323,0.051564534472902324,0.05407560083622798,0.00697467522637063,-0.0025110663633256536,0.03489620799005098,0.19986914418779064,-0.07195814410670542,0.8415829228793548,0.9426352176231703,0.885,0.844,0.951,True,999,0.00011420808732509613,0.0013293750816956162,weak_3x3_bal_strong_150_400,weak_null,True,397,4285374274,3.885780586188048e-16,0,1
150,400,0.05987337672514581,0.031138129180660667,0.045830839113875754,0.02584394578477145,0.028735247544485143,0.019986893329104305,0.030394203644756014,0.9454186686494386,0.6575889785667305,0.3444451749709877,0.5108022785360202,0.569,0.343,0.501,True,999,0.00011304195504635572,0.0013283330481499434,weak_3x3_bal_strong_150_400,weak_null,True,398,4285374274,3.885780586188048e-16,0,1
150,400,0.049423944537172915,0.03851242592600729,0.03549529122534523,0.03165684902648991,0.010911518611165627,0.0038384421988553186,0.02990547931073942,0.36486686930468853,0.12835247209954892,0.7152107863327087,0.8978700417351055,0.836,0.721,0.908,True,999,0.0001165829598903656,0.0013803750043734908,weak_3x3_bal_strong_150_400,weak_null,True,399,4285374274,3.885780586188048e-16,0,0
150,400,0.08557635394907548,0.04491356859887474,0.07159338260234449,0.04203530600995009,0.040662785350200736,0.0295580765923944,0.0370280255250126,1.0981623992543927,0.7982622938516606,0.27213358183480163,0.4247182943760214,0.457,0.317,0.454,True,999,0.00011537503451108932,0.0013810839736834168,weak_3x3_bal_strong_150_400,weak_null,True,400,4285374274,3.885780586188048e-16,0,2
150,400,0.0740646802603484,0.037090291583480706,0.06010636983137374,0.0314626443199586,0.0369743886768677,0.02864372551141514,0.03467054108692189,1.066449715456412,0.8261689784305059,0.2862203981582625,0.40870824300925246,0.452,0.304,0.408,True,999,0.00012733298353850842,0.0014047919539734721,weak_3x3_bal_strong_150_400,weak_null,True,401,4285374274,3.885780586188048e-16,0,0
150,400,0.04769360130262279,0.05936762438234722,0.03375051517335237,0.05166889548823406,-0.011674023079724427,-0.017918380314881688,0.03179604668120784,-0.36715328785273266,-0.5635411375047402,0.7135046806234046,0.5730664559843959,0.822,0.725,0.563,True,999,0.00011825002729892731,0.0013809169176965952,weak_3x3_bal_strong_150_400,weak_null,True,402,4285374274,3.885780586188048e-16,0,0
150,400,0.038623275271433055,0.043690843234757026,0.02472410100691036,0.03925398122748902,-0.005067567963323971,-0.014529880220578661,0.028355371458031565,-0.17871633143033996,-0.512420732773124,0.8581604450120814,0.6083565838307087,0.923,0.862,0.613,True,999,0.00012104201596230268,0.0013744590105488896,weak_3x3_bal_strong_150_400,weak_null,True,403,4285374274,3.885780586188048e-16,0,1
150,400,0.0656992081982628,0.04563968250654704,0.05176268050624344,0.039790107909226435,0.020059525691715763,0.011972572597017006,0.03327660495359622,0.6028116666255018,0.3597894861483796,0.5466339846661166,0.7190045662516941,0.7,0.56,0.72,True,999,0.00012279103975743055,0.001364541007205844,weak_3x3_bal_strong_150_400,weak_null,True,404,4285374274,3.885780586188048e-16,0,0
150,400,0.0397720226773588,0.033406037426084334,0.025856640420727217,0.025520593602067265,0.006365985251274464,0.0003360468186599519,0.027389062517064973,0.2324280083448671,0.0122693801020234,0.8162055969827287,0.9902106966564387,0.904,0.819,0.992,True,999,0.00011858297511935234,0.0014390420401468873,weak_3x3_bal_strong_150_400,weak_null,True,405,4285374274,3.885780586188048e-16,0,0
150,400,0.06900056264277254,0.0544311662871822,0.055019867807430956,0.05014151819420931,0.014569396355590347,0.004878349613221644,0.034161972255958344,0.42647995398009353,0.14280058471655685,0.6697581519680607,0.886447675277829,0.753,0.658,0.884,True,999,0.0001265419414266944,0.001386290998198092,weak_3x3_bal_strong_150_400,weak_null,True,406,4285374274,3.885780586188048e-16,0,1
150,400,0.08493308483803985,0.0625588633258845,0.07089546763410226,0.05587445604385266,0.022374221512155346,0.0150210115902496,0.03715048394418771,0.6022592207888546,0.40432882685501803,0.5470016009010441,0.6859709301526551,0.675,0.554,0.7,True,999,0.00011658307630568743,0.0013883750652894378,weak_3x3_bal_strong_150_400,weak_null,True,407,4285374274,3.885780586188048e-16,0,0
150,400,0.12420395467079426,0.09086737726739819,0.1099032725748259,0.08642147462921912,0.03333657740339607,0.023481797945606786,0.04346505412770181,0.7669742525904161,0.540245455041111,0.4430968240236788,0.5890277690174761,0.552,0.459,0.609,True,999,0.00012266694102436304,0.001319332979619503,weak_3x3_bal_strong_150_400,weak_null,True,408,4285374274,3.885780586188048e-16,0,1
150,400,0.05411852835235842,0.02305310009884637,0.040199341104653286,0.015246282990943882,0.03106542825351205,0.024953058113709403,0.029563602425968477,1.0507998249301438,0.8440466000784397,0.2933505362267229,0.3986433658804981,0.507,0.303,0.38,True,999,0.00011150003410875797,0.0012853340012952685,weak_3x3_bal_strong_150_400,weak_null,True,409,4285374274,3.885780586188048e-16,0,0
150,400,0.03862472721562815,0.08439533409071104,0.0247438932081252,0.08002758136493071,-0.045770606875082886,-0.05528368815680551,0.03240179496382108,-1.4125947937819197,-1.7061921482601101,0.15777490071296896,0.08797231014821938,0.382,0.168,0.096,True,999,0.00011266698129475117,0.001348791061900556,weak_3x3_bal_strong_150_400,weak_null,True,410,4285374274,3.885780586188048e-16,0,1
150,400,0.09901637720236578,0.08032726719364269,0.08497416216064835,0.07367564178727548,0.018689110008723087,0.011298520373372867,0.0402522324779508,0.4642999619700728,0.2806930119854078,0.6424328512319205,0.778945868996556,0.733,0.64,0.775,True,999,0.00011508294846862555,0.0013319170102477074,weak_3x3_bal_strong_150_400,weak_null,True,411,4285374274,3.885780586188048e-16,0,0
150,400,0.027164212291724166,0.05742333656696785,0.013289705900916715,0.050633539930259985,-0.030259124275243687,-0.03734383402934327,0.027796007158479748,-1.0886140625421632,-1.3434963452277986,0.276324112814325,0.1791113086713868,0.5,0.299,0.209,True,999,0.00011358293704688549,0.0013320830184966326,weak_3x3_bal_strong_150_400,weak_null,True,412,4285374274,3.885780586188048e-16,0,0
150,400,0.045609077250092556,0.06245583544816269,0.0317078637473287,0.05568335312531758,-0.016846758198070133,-0.02397548937798888,0.03198192279990822,-0.5267587663027715,-0.7496575339759648,0.5983611203899348,0.4534609899188493,0.787,0.619,0.449,True,999,0.00011749996338039637,0.0013445829972624779,weak_3x3_bal_strong_150_400,weak_null,True,413,4285374274,3.885780586188048e-16,0,0
150,400,0.030212496750614992,0.07325346797041465,0.016306706771217705,0.06735868785088428,-0.04304097121979966,-0.051051981079666575,0.03028069433083799,-1.421399745644754,-1.6859580735463855,0.15520058039055967,0.09180387508697181,0.393,0.148,0.094,True,999,0.0001194999786093831,0.0013467910466715693,weak_3x3_bal_strong_150_400,weak_null,True,414,4285374274,3.885780586188048e-16,0,0
150,400,0.07589047710792274,0.06925691848793575,0.06189814897999213,0.06646622194139695,0.00663355861998699,-0.004568072961404823,0.037393751595501394,0.1773975152785962,-0.12216139773347533,0.8591961588864498,0.9027711975697029,0.913,0.889,0.905,True,999,0.00011554104276001453,0.0012855828972533345,weak_3x3_bal_strong_150_400,weak_null,True,415,4285374274,3.885780586188048e-16,0,2
150,400,0.054891169717814714,0.035259289727890386,0.04090072331334227,0.028555240942552018,0.019631879989924328,0.01234548237079025,0.029113150242674767,0.6743303224241064,0.42405175214236834,0.5001013302695545,0.6715280712146972,0.677,0.491,0.65,True,999,0.00013070902787148952,0.001347959041595459,weak_3x3_bal_strong_150_400,weak_null,True,416,4285374274,3.885780586188048e-16,0,0
150,400,0.07770996384837403,0.035395944822507575,0.06375942930705492,0.028633495695459033,0.042314019025866456,0.03512593361159588,0.03567201715290071,1.1861964195771766,0.9846915429827207,0.23554473988019842,0.32477560807539074,0.403,0.245,0.316,True,999,0.0001248749904334545,0.001383375027216971,weak_3x3_bal_strong_150_400,weak_null,True,417,4285374274,3.885780586188048e-16,0,0
150,400,0.056575722784474536,0.04176175084478462,0.04263665961485685,0.036044802326102854,0.014813971939689918,0.0065918572887539995,0.03168379257628493,0.46755677698692105,0.20805139640031453,0.6401015807091107,0.8351888367413248,0.761,0.642,0.829,True,999,0.00012258300557732582,0.0012896250700578094,weak_3x3_bal_strong_150_400,weak_null,True,418,4285374274,3.885780586188048e-16,0,0
150,400,0.0766179331971566,0.07120580584895586,0.06262818207221699,0.0684246409086029,0.005412127348200735,-0.005796458836385909,0.03710062401439532,0.14587698972666308,-0.1562361547918127,0.8840184967902486,0.8758468792432021,0.909,0.868,0.886,True,999,0.00011866702698171139,0.0013481659116223454,weak_3x3_bal_strong_150_400,weak_null,True,419,4285374274,3.885780586188048e-16,0,2
150,400,0.05839210473874523,0.08032436419562455,0.04442086984187199,0.0748272242479402,-0.02193225945687932,-0.030406354406068203,0.03432831860335189,-0.6388969908575076,-0.8857513459193792,0.5228899457054854,0.3757515330593669,0.668,0.506,0.359,True,999,0.00011862500105053186,0.0013292910298332572,weak_3x3_bal_strong_150_400,weak_null,True,420,4285374274,3.885780586188048e-16,0,0
150,400,0.0513073726441875,0.046063781020332484,0.03740101954053898,0.039285390038514834,0.005243591623855015,-0.0018843704979758513,0.030870501105422013,0.16985767759157122,-0.061041137347941705,0.8651220657579959,0.9513264472536118,0.915,0.878,0.961,True,999,0.00011925003491342068,0.0013846249785274267,weak_3x3_bal_strong_150_400,weak_null,True,421,4285374274,3.885780586188048e-16,0,0
150,400,0.0692234602905315,0.06301207165169842,0.0552320427107702,0.05602063767224763,0.006211388638833082,-0.000788594961477429,0.03650513213077109,0.17015110687949947,-0.02160230398981908,0.8648913019801832,0.9827651956434831,0.91,0.874,0.984,True,999,0.00011912500485777855,0.0012988329399377108,weak_3x3_bal_strong_150_400,weak_null,True,422,4285374274,3.885780586188048e-16,0,0
150,400,0.15883181643845945,0.028306763513571476,0.1445406726395504,0.020409793878144455,0.13052505292488797,0.12413087876140594,0.0441293085987474,2.957786039924335,2.8128897257395367,0.0030985711638107714,0.004909848573708985,0.03,0.004,0.007,True,999,0.00011229200754314661,0.0013250000774860382,weak_3x3_bal_strong_150_400,weak_null,True,423,4285374274,3.885780586188048e-16,0,0
150,400,0.06484294687183656,0.08019352020124676,0.050922716464441464,0.07358032254907698,-0.0153505733294102,-0.022657606084635518,0.036353960053813625,-0.42225312749112415,-0.6232500132336662,0.6728402669045306,0.5331202405552323,0.783,0.694,0.553,True,999,0.00011541706044226885,0.0012692079180851579,weak_3x3_bal_strong_150_400,weak_null,True,424,4285374274,3.885780586188048e-16,0,0
150,400,0.02001402327671098,0.04584931477466386,0.006122055138462201,0.03917650606103962,-0.025835291497952884,-0.033054450922577416,0.02439705787865796,-1.0589511090414334,-1.354853978171391,0.28962204629137656,0.1754640848854273,0.586,0.279,0.176,True,999,0.0001112079480662942,0.0013157500652596354,weak_3x3_bal_strong_150_400,weak_null,True,425,4285374274,3.885780586188048e-16,0,0
150,400,0.08276364163678052,0.03435261764482661,0.06878184122635389,0.02662788828547491,0.048411023991953905,0.04215395294087898,0.035374004218609825,1.3685480358054989,1.191664723065259,0.1711405968370685,0.23339273560093776,0.313,0.172,0.231,True,999,0.00011612498201429844,0.0013255419908091426,weak_3x3_bal_strong_150_400,weak_null,True,426,4285374274,3.885780586188048e-16,0,0
150,400,0.03801405847696393,0.05269533053998732,0.02410923062097936,0.04723589290209418,-0.014681272063023387,-0.023126662281114818,0.029557858864857706,-0.4966960607717911,-0.7824200794398831,0.6194034007358566,0.43396773708240544,0.78,0.627,0.429,True,999,0.0001182089326903224,0.0013775840634480119,weak_3x3_bal_strong_150_400,weak_null,True,427,4285374274,3.885780586188048e-16,0,1
150,400,0.05393244770467365,0.04094536993926001,0.039975679652314966,0.03533431275062071,0.012987077765413635,0.004641366901694255,0.03056111250767489,0.4249543521084894,0.1518716604485081,0.6708699516337648,0.8792881606651012,0.772,0.668,0.872,True,999,0.00012145796790719032,0.0013578750658780336,weak_3x3_bal_strong_150_400,weak_null,True,428,4285374274,3.885780586188048e-16,0,0
150,400,0.08400021312176342,0.06892690575744864,0.07002241586357627,0.06358475340883274,0.01507330736431478,0.006437662454743531,0.03742602267188301,0.4027493783259764,0.17201032851347958,0.6871326045502327,0.8634294090472729,0.771,0.684,0.86,True,999,0.00011675001587718725,0.0013418329181149602,weak_3x3_bal_strong_150_400,weak_null,True,429,4285374274,3.885780586188048e-16,0,1
150,400,0.03562488966992783,0.06228120732654335,0.021704891587319253,0.058060132695402444,-0.026656317656615525,-0.03635524110808319,0.029210574023614936,-0.9125571320531238,-1.2445918070179736,0.36147550880025214,0.21328183350744945,0.595,0.376,0.241,True,999,0.00011366698890924454,0.0012858340051025152,weak_3x3_bal_strong_150_400,weak_null,True,430,4285374274,3.885780586188048e-16,0,1
150,400,0.08449786464000808,0.03332634232716136,0.07047085947880305,0.026358395240720256,0.05117152231284672,0.044112464238082794,0.03547053795213633,1.4426486111346033,1.2436367415010117,0.14911948224997704,0.2136332873710034,0.338,0.161,0.238,True,999,0.00011804199311882257,0.0013082909863442183,weak_3x3_bal_strong_150_400,weak_null,True,431,4285374274,3.885780586188048e-16,0,0
150,400,0.06481261991068443,0.09376795173632418,0.050888893621504394,0.08685923588228661,-0.028955331825639752,-0.03597034226078222,0.03744652451010661,-0.7732448392593781,-0.9605789250501477,0.43937749403242865,0.3367639294754424,0.542,0.428,0.333,True,999,0.00010941701475530863,0.0012977910228073597,weak_3x3_bal_strong_150_400,weak_null,True,432,4285374274,3.885780586188048e-16,0,0
150,400,0.07471580762707264,0.03962172174235884,0.06076020147156669,0.03532966500324619,0.0350940858847138,0.025430536468320497,0.03447331445212436,1.018007303401347,0.7376875961154755,0.3086744852837936,0.4607043113713074,0.415,0.303,0.433,True,999,0.00011545803863555193,0.0013668329920619726,weak_3x3_bal_strong_150_400,weak_null,True,433,4285374274,3.885780586188048e-16,0,1
150,400,0.06899767373135357,0.06767787530388264,0.05503647378588994,0.06108539114853784,0.0013197984274709307,-0.006048917362647899,0.03534496054051073,0.037340497974477575,-0.17113945722799478,0.9702135152803681,0.8641141111333511,0.979,0.971,0.867,True,999,0.00011470797471702099,0.001367041957564652,weak_3x3_bal_strong_150_400,weak_null,True,434,4285374274,3.885780586188048e-16,0,0
150,400,0.039137209010198015,0.0678233838421951,0.02519948129784666,0.06230798826089767,-0.02868617483199709,-0.03710850696305101,0.030372554250342097,-0.9444768653816459,-1.2217776172918695,0.34492601849810756,0.22179173504032068,0.544,0.337,0.22,True,999,0.00012583297211676836,0.0013310000067576766,weak_3x3_bal_strong_150_400,weak_null,True,435,4285374274,3.885780586188048e-16,0,0
150,400,0.07692157659505927,0.06479983148803642,0.06278916570479964,0.05821572833559685,0.012121745107022852,0.004573437369202793,0.036711962593370555,0.33018515630139034,0.1245762156564374,0.7412600620417352,0.900859058844745,0.799,0.737,0.897,True,999,0.00011991593055427074,0.0013744999887421727,weak_3x3_bal_strong_150_400,weak_null,True,436,4285374274,3.885780586188048e-16,0,0
150,400,0.08806779819366772,0.04584770835689145,0.07409086897840211,0.04061858855297373,0.042220089836776276,0.03347228042542838,0.03795638795301923,1.1123316024969097,0.8818615845864711,0.26599560085170426,0.3778516633313689,0.448,0.297,0.393,True,999,0.0001133340410888195,0.0013547090347856283,weak_3x3_bal_strong_150_400,weak_null,True,437,4285374274,3.885780586188048e-16,0,1
150,400,0.12537428319416266,0.04994723299801801,0.1112755872181026,0.0456444636282356,0.07542705019614465,0.065631123589867,0.04058079150705531,1.8586884926340341,1.6172953053036552,0.06307130550598762,0.10581455220150521,0.144,0.064,0.113,True,999,0.00011599995195865631,0.001399416010826826,weak_3x3_bal_strong_150_400,weak_null,True,438,4285374274,3.885780586188048e-16,0,1
150,400,0.08834302835550889,0.06742919987490875,0.07426668307832074,0.06051487492882757,0.02091382848060014,0.013751808149493172,0.03867550859740353,0.5407512205800491,0.3555689026004534,0.5886790687874522,0.7221634357093867,0.689,0.585,0.724,True,999,0.0001141249667853117,0.0013717080000787973,weak_3x3_bal_strong_150_400,weak_null,True,439,4285374274,3.885780586188048e-16,0,0
150,400,0.03877760341833181,0.05232674383063973,0.02486436067644604,0.04551473601412681,-0.013549140412307925,-0.02065037533768077,0.02894262649134254,-0.46813790090408036,-0.713493481452273,0.6396859770403788,0.47554044536366646,0.796,0.654,0.479,True,999,0.00011545908637344837,0.0013887500390410423,weak_3x3_bal_strong_150_400,weak_null,True,440,4285374274,3.885780586188048e-16,0,0
150,400,0.05713177318505647,0.07282974417404631,0.04316295753375243,0.06759360032125983,-0.01569797098898984,-0.024430642787507395,0.03469380659113772,-0.4524718539533154,-0.7041787912009639,0.6509290933059786,0.4813214371967178,0.769,0.648,0.492,True,999,0.00011508306488394737,0.0013493329752236605,weak_3x3_bal_strong_150_400,weak_null,True,441,4285374274,3.885780586188048e-16,0,1
150,400,0.05972605079357951,0.021921827548315564,0.045780668393973656,0.017545836464435638,0.037804223245263946,0.028234831929538018,0.02971758312605027,1.272116345562603,0.9501052561972148,0.20333178436018517,0.3420587727106216,0.393,0.192,0.331,True,999,0.00011445803102105856,0.0013709160266444087,weak_3x3_bal_strong_150_400,weak_null,True,442,4285374274,3.885780586188048e-16,0,1
150,400,0.10499354363444535,0.08558891761238718,0.09084351607663166,0.0802499198790656,0.01940462602205817,0.010593596197566058,0.04166531204923013,0.46572616566822805,0.2542545747659125,0.6414115207577243,0.7992988909163631,0.734,0.657,0.803,True,999,0.00011295906733721495,0.001357667031697929,weak_3x3_bal_strong_150_400,weak_null,True,443,4285374274,3.885780586188048e-16,0,1
150,400,0.06590204609690997,0.08945148748236831,0.051958544248662974,0.0880799055181285,-0.023549441385458336,-0.036121361269465524,0.037779426458654335,-0.6233403625444329,-0.9561119544521569,0.5330608791904594,0.3390156757762842,0.667,0.552,0.367,True,999,0.00011508399620652199,0.0014182499144226313,weak_3x3_bal_strong_150_400,weak_null,True,444,4285374274,3.885780586188048e-16,0,3
150,400,0.05027992561706918,0.032805409191009605,0.03638193719200444,0.02846282167473646,0.017474516426059572,0.007919115517267983,0.02954662431143855,0.5914217557264085,0.26802099061455936,0.5542378669260859,0.7886831614772363,0.711,0.556,0.787,True,999,0.00012633297592401505,0.0013504999224096537,weak_3x3_bal_strong_150_400,weak_null,True,445,4285374274,3.885780586188048e-16,0,1
150,400,0.06188063974598057,0.05573838976012946,0.04788098925891404,0.048800133825068315,0.0061422499858511115,-0.000919144566154273,0.03449341189714791,0.17807023567764207,-0.026646959972964356,0.8586678169122006,0.9787413178999952,0.912,0.845,0.986,True,999,0.00013520789798349142,0.0013184580020606518,weak_3x3_bal_strong_150_400,weak_null,True,446,4285374274,3.885780586188048e-16,0,0
150,400,0.064134050871685,0.046966345294499,0.0502135432615205,0.03809127084826969,0.017167705577186,0.012122272413250812,0.033911002995893266,0.5062576762847464,0.35747313091030836,0.6126757704429617,0.7207376375944416,0.705,0.583,0.693,True,999,0.00011216697748750448,0.0013280409621074796,weak_3x3_bal_strong_150_400,weak_null,True,447,4285374274,3.885780586188048e-16,0,0
150,400,0.0496808698193576,0.03615667906323944,0.03576385450037378,0.030534996928281544,0.01352419075611816,0.005228857572092238,0.02962646370815216,0.45649021392981093,0.17649280128743278,0.6480375063770867,0.8599068036543095,0.789,0.659,0.849,True,999,0.0001176660880446434,0.0012676669284701347,weak_3x3_bal_strong_150_400,weak_null,True,448,4285374274,3.885780586188048e-16,0,0
150,400,0.0567832981426164,0.07544421737364748,0.04286443954345032,0.06960970473593875,-0.01866091923103108,-0.026745265192488432,0.03469691036416772,-0.5378265394576064,-0.7708255551223048,0.5906968078393673,0.4408103377184591,0.729,0.61,0.446,True,999,0.00011075008660554886,0.0012954999692738056,weak_3x3_bal_strong_150_400,weak_null,True,449,4285374274,3.885780586188048e-16,0,0
150,400,0.055593448581173766,0.05977706942627381,0.04166002263281143,0.05404875486522087,-0.0041836208451000445,-0.012388732232409438,0.03332089893809855,-0.12555546153998154,-0.37180066046310567,0.900083820406034,0.7100412719045723,0.94,0.906,0.716,True,999,0.00011895899660885334,0.0013408750528469682,weak_3x3_bal_strong_150_400,weak_null,True,450,4285374274,3.885780586188048e-16,0,0
150,400,0.0897677288707841,0.06252497318571132,0.07578112407924209,0.055854773014488046,0.027242755685072784,0.019926351064754044,0.03899133371468995,0.6986874540998094,0.5110456392838599,0.48474737612676466,0.6093190993234052,0.625,0.493,0.612,True,999,0.00012266600970178843,0.001352708088234067,weak_3x3_bal_strong_150_400,weak_null,True,451,4285374274,3.885780586188048e-16,0,0
150,400,0.05829868550272477,0.06345799469478519,0.04438917509497742,0.05759169164136324,-0.005159309192060424,-0.013202516546385823,0.03427332705260615,-0.1505342385973033,-0.385212574376607,0.8803431399985975,0.700079927862955,0.934,0.893,0.727,True,999,0.0001217500539496541,0.0012735830387100577,weak_3x3_bal_strong_150_400,weak_null,True,452,4285374274,3.885780586188048e-16,0,0
150,400,0.07195619333734893,0.03178830515740444,0.05801511546013671,0.025141799919424557,0.04016788817994449,0.032873315540712156,0.032983628205551535,1.2178129079560676,0.9966555327342426,0.22329507800345316,0.3189317407468897,0.406,0.226,0.328,True,999,0.00011149991769343615,0.0013230419717729092,weak_3x3_bal_strong_150_400,weak_null,True,453,4285374274,3.885780586188048e-16,0,0
150,400,0.061557137125493266,0.04891258639618801,0.04762031152156965,0.04295538538960386,0.01264455072930526,0.004664926131965785,0.032787982629654606,0.38564588959703433,0.1422754850353819,0.6997589422671784,0.8868624096316015,0.788,0.706,0.896,True,999,0.00011124997399747372,0.0013177499640733004,weak_3x3_bal_strong_150_400,weak_null,True,454,4285374274,3.885780586188048e-16,0,0
150,400,0.07511717246797267,0.07388656687830886,0.06116834215035283,0.06975798721649085,0.0012306055896638135,-0.008589645066138019,0.037906254133543045,0.03246444730013186,-0.22660231833714972,0.9741016680202434,0.8207329894131244,0.986,0.978,0.832,True,999,0.00012104201596230268,0.0013657920062541962,weak_3x3_bal_strong_150_400,weak_null,True,455,4285374274,3.885780586188048e-16,0,1
150,400,0.02947605445442303,0.06282434876457976,0.01557379552286875,0.05856349503150682,-0.033348294310156734,-0.04298969950863807,0.028601930108599957,-1.1659455912078343,-1.5030349121688131,0.24363644428165177,0.13283004139382712,0.486,0.264,0.134,True,999,0.00011791696306318045,0.0013652080669999123,weak_3x3_bal_strong_150_400,weak_null,True,456,4285374274,3.885780586188048e-16,0,1
150,400,0.07347165759755159,0.02810408733580555,0.059547815946189075,0.021278858927331612,0.04536757026174604,0.038268957018857463,0.03400390905043513,1.334186907583365,1.1254281665703891,0.18214260920021663,0.26040764097656544,0.378,0.224,0.296,True,999,0.0001175830839201808,0.0013780830195173621,weak_3x3_bal_strong_150_400,weak_null,True,457,4285374274,3.885780586188048e-16,0,0
150,400,0.026682764137189174,0.08131052145057455,0.012806149654949195,0.0771543108114372,-0.05462775731338537,-0.064348161156488,0.02970933555343946,-1.8387404597159056,-2.165923941339657,0.06595336938848634,0.030316999480119608,0.252,0.063,0.036,True,999,0.00011258397717028856,0.001284250058233738,weak_3x3_bal_strong_150_400,weak_null,True,458,4285374274,3.885780586188048e-16,0,1
150,400,0.05104345423202483,0.06742114190561854,0.03708115139932033,0.061612928522038146,-0.01637768767359371,-0.024531777122717813,0.03244851174636347,-0.5047284695708477,-0.7560216417465466,0.6137495621808714,0.4496362202871528,0.74,0.621,0.443,True,999,0.00010941596701741219,0.0013385830679908395,weak_3x3_bal_strong_150_400,weak_null,True,459,4285374274,3.885780586188048e-16,0,0
150,400,0.0497833236059948,0.04487421597470609,0.03584533751643448,0.03885051745319856,0.004909107631288712,-0.0030051799367640797,0.030672576994789497,0.1600487507822589,-0.09797611518831902,0.8728426715854554,0.9219512594195394,0.915,0.866,0.934,True,999,0.00010837498120963573,0.0013219589600339532,weak_3x3_bal_strong_150_400,weak_null,True,460,4285374274,3.885780586188048e-16,0,0
150,400,0.03069911666500702,0.0654403861882179,0.016799317745096687,0.058619780459991944,-0.03474126952321088,-0.04182046271489526,0.028839225654004517,-1.2046533405582902,-1.4501243277691198,0.22833715565602064,0.14702385216173988,0.52,0.261,0.164,True,999,0.00011066696606576443,0.0013556249905377626,weak_3x3_bal_strong_150_400,weak_null,True,461,4285374274,3.885780586188048e-16,0,0
150,400,0.08030886510397894,0.07971555585990125,0.06635548204215524,0.07395720531241068,0.0005933092440776888,-0.007601723270255434,0.03887034675695671,0.01526380116409697,-0.1955661295688065,0.9878217216037481,0.8449497730010784,0.995,0.99,0.835,True,999,0.00012075004633516073,0.0013640000252053142,weak_3x3_bal_strong_150_400,weak_null,True,462,4285374274,3.885780586188048e-16,0,0
150,400,0.06478784241901447,0.08623884101009666,0.050828491082796745,0.0806933975322579,-0.021450998591082182,-0.02986490644946116,0.035895640844466184,-0.5975934148669518,-0.8319925692053846,0.5501112592109751,0.40541313883289143,0.708,0.563,0.42,True,999,0.0001101659145206213,0.001353624975308776,weak_3x3_bal_strong_150_400,weak_null,True,463,4285374274,3.885780586188048e-16,0,0
150,400,0.0845166974626348,0.062298582432532945,0.07045000951944758,0.05564065258647588,0.022218115030101848,0.014809356932971696,0.03613192272464487,0.614916488098966,0.40986905252264716,0.5386098734165496,0.6819020083898981,0.658,0.53,0.667,True,999,0.00011808297131210566,0.0013193750055506825,weak_3x3_bal_strong_150_400,weak_null,True,464,4285374274,3.885780586188048e-16,0,0
150,400,0.06962405324784471,0.0437861718407202,0.05545082147838798,0.03780599997912759,0.025837881407124508,0.017644821499260388,0.032216163832110116,0.8020160793126982,0.5477008867726718,0.4225436571363529,0.5838973031390012,0.609,0.444,0.575,True,999,0.00011783302761614323,0.0012754170456901193,weak_3x3_bal_strong_150_400,weak_null,True,465,4285374274,3.885780586188048e-16,0,0
150,400,0.09501000223396772,0.05411825718147811,0.08080915347315454,0.047423828853993655,0.0408917450524896,0.03338532461916088,0.03678128638331944,1.1117540758725144,0.9076714792199696,0.2662439023077946,0.364051816806812,0.428,0.263,0.365,True,999,0.00011420808732509613,0.0012901670997962356,weak_3x3_bal_strong_150_400,weak_null,True,466,4285374274,3.885780586188048e-16,0,0
150,400,0.06561440464357382,0.028799690273829504,0.0516061855356611,0.023082243341150388,0.03681471436974432,0.02852394219451071,0.030070794848298537,1.224268083217207,0.9485596353009155,0.2208511129826034,0.34284462871450305,0.434,0.205,0.338,True,999,0.00011708296369761229,0.0013629590393975377,weak_3x3_bal_strong_150_400,weak_null,True,467,4285374274,3.885780586188048e-16,0,0
150,400,0.07128107599320876,0.07026435696268996,0.05733070301457133,0.062349463209898204,0.001016719030518809,-0.005018760195326877,0.03752466403215754,0.027094687100929417,-0.13374563969516012,0.978384212285871,0.8936037140892537,0.982,0.973,0.9,True,999,0.00012154201976954937,0.0013708340702578425,weak_3x3_bal_strong_150_400,weak_null,True,468,4285374274,3.885780586188048e-16,0,0
150,400,0.048082964107237114,0.05392479383059823,0.034188194825361506,0.047065596798375964,-0.005841829723361114,-0.012877401973014457,0.03155333033468602,-0.18514146245093163,-0.408115461551092,0.8531180813873815,0.6831889092279563,0.922,0.873,0.69,True,999,0.00011629192158579826,0.0012901660520583391,weak_3x3_bal_strong_150_400,weak_null,True,469,4285374274,3.885780586188048e-16,0,0
150,400,0.07116933188412955,0.05280271552833499,0.05721199319975767,0.045005943152915506,0.018366616355794563,0.012206050046842165,0.03475823010512005,0.5284105749990151,0.35117006849678906,0.5972143993042374,0.7254607638115498,0.716,0.599,0.724,True,999,0.00010766705963760614,0.0013107910053804517,weak_3x3_bal_strong_150_400,weak_null,True,470,4285374274,3.885780586188048e-16,0,0
150,400,0.04169345442118044,0.049333529645309515,0.02778239982745845,0.04407848166817985,-0.007640075224129073,-0.0162960818407214,0.029664258317657614,-0.25755153364415406,-0.549350725921274,0.7967530385064439,0.5827647821795846,0.877,0.803,0.592,True,999,0.00010804191697388887,0.0012945829657837749,weak_3x3_bal_strong_150_400,weak_null,True,471,4285374274,3.885780586188048e-16,0,1
150,400,0.06334499140612726,0.04676901191761523,0.04942167551391208,0.04260057448180987,0.016575979488512027,0.006821101032102206,0.03316552752893601,0.49979544194042863,0.20566840150969956,0.6172191204173015,0.8370499427996245,0.742,0.601,0.823,True,999,0.00011662498582154512,0.0013195829233154655,weak_3x3_bal_strong_150_400,weak_null,True,472,4285374274,3.885780586188048e-16,0,1
150,400,0.06004966836889336,0.0538990017628872,0.04612891837146549,0.04698962187697475,0.006150666606006161,-0.0008607035055092638,0.033267585791131156,0.18488466955861504,-0.025872136045974208,0.8533194956149127,0.9793593248188718,0.901,0.856,0.965,True,999,0.00011229200754314661,0.0013369160005822778,weak_3x3_bal_strong_150_400,weak_null,True,473,4285374274,3.885780586188048e-16,0,0
150,400,0.06826764730743706,0.03043689828602325,0.054251790905397,0.023625719860518757,0.03783074902141381,0.030626071044878245,0.031823102340279984,1.1887825585605987,0.962384833426922,0.2345252431112418,0.3358563293101342,0.404,0.209,0.309,True,999,0.00011775002349168062,0.0013374589616432786,weak_3x3_bal_strong_150_400,weak_null,True,474,4285374274,3.885780586188048e-16,0,0
150,400,0.06395170851119714,0.07339093719694378,0.04998567184316016,0.0677659995948261,-0.009439228685746648,-0.017780327751665936,0.03482352778397162,-0.27105894452460627,-0.5105837599787856,0.7863456973706424,0.6096425499321838,0.853,0.784,0.612,True,999,0.00012166693340986967,0.0012664999812841415,weak_3x3_bal_strong_150_400,weak_null,True,475,4285374274,3.885780586188048e-16,0,0
150,400,0.05218509114893255,0.038036751132713154,0.03820008299919664,0.03220142402955162,0.014148340016219396,0.005998658969645021,0.030505644854154888,0.46379416281352215,0.1966409495135783,0.6427952258261953,0.8441085231236487,0.796,0.649,0.852,True,999,0.00011191598605364561,0.00130191701464355,weak_3x3_bal_strong_150_400,weak_null,True,476,4285374274,3.885780586188048e-16,0,0
150,400,0.056771873293123276,0.03889936583306991,0.04286386479859061,0.03206723123653887,0.017872507460053366,0.010796633562051738,0.03185884816817665,0.5609903837611417,0.3388896392317266,0.5748040926822595,0.7346928697997703,0.689,0.558,0.738,True,999,0.00011779204942286015,0.0013372499961405993,weak_3x3_bal_strong_150_400,weak_null,True,477,4285374274,3.885780586188048e-16,0,0
150,400,0.09837694102625982,0.05090362271421828,0.08435909417002563,0.043120058731517474,0.047473318312041546,0.041239035438508154,0.03802688838783438,1.248414485767636,1.0844704151944604,0.2118793068605942,0.27815627750700045,0.364,0.201,0.277,True,999,0.0001193750649690628,0.001340166898444295,weak_3x3_bal_strong_150_400,weak_null,True,478,4285374274,3.885780586188048e-16,0,0
150,400,0.11378036951130843,0.057360320561386735,0.09970745488769239,0.05066699186409096,0.0564200489499217,0.04904046302360143,0.04120652079208332,1.369201957976545,1.1901141392413597,0.1709361541608645,0.23400153369153898,0.286,0.172,0.225,True,999,0.00012116704601794481,0.0013780000153928995,weak_3x3_bal_strong_150_400,weak_null,True,479,4285374274,3.885780586188048e-16,0,0
150,400,0.038696165282883666,0.057874593974283406,0.024791207093898038,0.05015234221306741,-0.01917842869139974,-0.025361135119169376,0.030299092392434685,-0.6329704019843301,-0.837026231369945,0.5267529714880662,0.4025778235525861,0.698,0.525,0.395,True,999,0.0001228750916197896,0.0013800410088151693,weak_3x3_bal_strong_150_400,weak_null,True,480,4285374274,3.885780586188048e-16,0,0
150,400,0.06420302070787987,0.09787033368942749,0.05028035622862603,0.09258509032716233,-0.033667312981547626,-0.0423047340985363,0.037794084813549775,-0.8908090551111153,-1.1193480225077281,0.37303161646209027,0.2629916961051816,0.55,0.404,0.298,True,999,0.00011704093776643276,0.0013512920122593641,weak_3x3_bal_strong_150_400,weak_null,True,481,4285374274,3.885780586188048e-16,0,1
150,400,0.028811517155561184,0.06608823541746622,0.014917874990800328,0.061822496415771866,-0.03727671826190504,-0.04690462142497154,0.02877016028477695,-1.2956729435264611,-1.6303218668472281,0.19508818669457206,0.1030334883737581,0.405,0.186,0.096,True,999,0.00011991697829216719,0.0013583750696852803,weak_3x3_bal_strong_150_400,weak_null,True,482,4285374274,3.885780586188048e-16,0,1
150,400,0.09193865169305493,0.04172930033549971,0.07787568177172943,0.03516756886929784,0.05020935135755522,0.042708112902431594,0.03673490091538339,1.3668024169497397,1.1626031876554435,0.17168724501589527,0.24499053687954886,0.343,0.178,0.25,True,999,0.00011558306869119406,0.0013411249965429306,weak_3x3_bal_strong_150_400,weak_null,True,483,4285374274,3.885780586188048e-16,0,0
150,400,0.08351779707794194,0.08074635809701419,0.06948732120798695,0.0736815865149083,0.002771438980927743,-0.004194265306921352,0.039402673840309765,0.07033631758493766,-0.1064462103236895,0.9439259768210785,0.9152283307799483,0.967,0.961,0.915,True,999,0.00011858402285724878,0.0013907920802012086,weak_3x3_bal_strong_150_400,weak_null,True,484,4285374274,3.885780586188048e-16,0,0
150,400,0.08150486364175813,0.054332907487430415,0.06752876149616327,0.048707639851045315,0.027171956154327714,0.018821121645117955,0.03674091326757748,0.7395558176912814,0.5122660263790152,0.45956955892554463,0.6084648388643942,0.614,0.483,0.62,True,999,0.00011745793744921684,0.0013937499606981874,weak_3x3_bal_strong_150_400,weak_null,True,485,4285374274,3.885780586188048e-16,0,0
150,400,0.024059413524218476,0.06180454642941291,0.010176642152998738,0.05410833361841583,-0.037745132905194434,-0.04393169146541709,0.026655178639663296,-1.4160525208046861,-1.6481484539760722,0.15676012777072884,0.09932221133732558,0.412,0.144,0.097,True,999,0.00012224994134157896,0.0012894999235868454,weak_3x3_bal_strong_150_400,weak_null,True,486,4285374274,3.885780586188048e-16,0,0
150,400,0.06354720290618676,0.0386590432988948,0.04960658225903103,0.03281267557812839,0.02488815960729196,0.016793906680902637,0.0332121563619161,0.7493689761087254,0.5056554141772007,0.4536348445038836,0.6130985730281507,0.625,0.459,0.601,True,999,0.00011224998161196709,0.0012880410067737103,weak_3x3_bal_strong_150_400,weak_null,True,487,4285374274,3.885780586188048e-16,0,0
150,400,0.08799332151283146,0.04668686621495749,0.07403997284421848,0.040981542580823316,0.04130645529787397,0.03305843026339517,0.0377703008712083,1.093622617376639,0.8752493229037284,0.2741205254601078,0.3814382614185374,0.456,0.302,0.39,True,999,0.00011074997019022703,0.0012953340774402022,weak_3x3_bal_strong_150_400,weak_null,True,488,4285374274,3.885780586188048e-16,0,0
150,400,0.05215520607235469,0.055789092709814414,0.03822374263680217,0.05135715693978682,-0.0036338866374597267,-0.013133414302984647,0.03206425520706897,-0.11333139079614706,-0.4095967368700714,0.9097678312969468,0.6821017910354112,0.944,0.909,0.67,True,999,0.00011595792602747679,0.0013096659677103162,weak_3x3_bal_strong_150_400,weak_null,True,489,4285374274,3.885780586188048e-16,0,1
150,400,0.08680565409328689,0.06593678530829361,0.07281502616328339,0.06024537372761074,0.020868868784993277,0.012569652435672651,0.03773995240833094,0.5529648940518155,0.33305957304010675,0.5802874493344646,0.7390893148750011,0.686,0.59,0.742,True,999,0.0001177079975605011,0.0013562910025939345,weak_3x3_bal_strong_150_400,weak_null,True,490,4285374274,3.885780586188048e-16,0,0
150,400,0.10599704116706365,0.044387637818226966,0.09179106987215846,0.03860287522243766,0.06160940334883669,0.0531881946497208,0.038829736339548136,1.586655206980827,1.369779958962754,0.11259075649470628,0.17075559987382216,0.243,0.092,0.151,True,999,0.00011741602793335915,0.001410124939866364,weak_3x3_bal_strong_150_400,weak_null,True,491,4285374274,3.885780586188048e-16,0,0
150,400,0.09551482604558492,0.06360210688790946,0.08147736731510236,0.05780641349917914,0.03191271915767546,0.023670953815923212,0.039071223081148354,0.8167832138603608,0.6058411267740507,0.4140523267143117,0.5446202568432632,0.557,0.421,0.55,True,999,0.0001206669257953763,0.0012937500141561031,weak_3x3_bal_strong_150_400,weak_null,True,492,4285374274,3.885780586188048e-16,0,0
150,400,0.04538835382904938,0.019581737001946542,0.031494185549661324,0.012834886479083707,0.025806616827102835,0.018659299070577617,0.02681109357588323,0.962535032525345,0.6959544196795385,0.33578091433814516,0.48645737505565767,0.577,0.324,0.485,True,999,0.00011199992150068283,0.0013136250199750066,weak_3x3_bal_strong_150_400,weak_null,True,493,4285374274,3.885780586188048e-16,0,0
150,400,0.005808302802671861,0.04122045352526299,-0.008043091163557392,0.03830944346988474,-0.03541215072259113,-0.04635253463344213,0.019500986190467126,-1.8159158914692235,-2.376932847432154,0.06938327519738414,0.01745726593355298,0.405,0.069,0.021,True,999,0.00011791696306318045,0.0013122080126777291,weak_3x3_bal_strong_150_400,weak_null,True,494,4285374274,3.885780586188048e-16,0,2
150,400,0.057110513952358,0.040676421601135215,0.043109595535469225,0.03375357420642899,0.016434092351222784,0.009356021329040232,0.030429741289848558,0.5400667785731468,0.30746305858871775,0.5891509803535011,0.7584909370751443,0.726,0.586,0.74,True,999,0.00012083398178219795,0.0013586250133812428,weak_3x3_bal_strong_150_400,weak_null,True,495,4285374274,3.885780586188048e-16,0,0
150,400,0.10112083201334832,0.055710045532698094,0.08706143271024303,0.047959810461833285,0.04541078648065022,0.03910162224840974,0.04067655774633111,1.116387152616082,0.9612814951613396,0.2642564504055447,0.3364106496639454,0.379,0.258,0.318,True,999,0.000120542012155056,0.0013683750294148922,weak_3x3_bal_strong_150_400,weak_null,True,496,4285374274,3.885780586188048e-16,0,0
150,400,0.10286500104042196,0.07135022547971448,0.08872427077920975,0.06550341849714414,0.031514775560707475,0.023220852282065607,0.04116537091366136,0.765565203500907,0.5640870412844843,0.44393505552458834,0.5726948967835068,0.624,0.497,0.609,True,999,0.00011720799375325441,0.0013498329790309072,weak_3x3_bal_strong_150_400,weak_null,True,497,4285374274,3.885780586188048e-16,0,0
150,400,0.08518732839011367,0.05861369158947988,0.07118383598060518,0.05209274628620619,0.026573636800633793,0.01909108969439899,0.03714258891321607,0.7154492343741382,0.5139945882341551,0.47433149906306915,0.6072557743104721,0.576,0.456,0.58,True,999,0.00011829100549221039,0.0013153330655768514,weak_3x3_bal_strong_150_400,weak_null,True,498,4285374274,3.885780586188048e-16,0,0
150,400,0.052254163341185045,0.018771972637062373,0.038206427180995206,0.012939275342091605,0.03348219070412267,0.0252671518389036,0.027224109537920527,1.2298727588311107,0.9281167416590403,0.21874475668700333,0.35334701620046205,0.512,0.21,0.333,True,999,0.00012408301699906588,0.0013376659480854869,weak_3x3_bal_strong_150_400,weak_null,True,499,4285374274,3.885780586188048e-16,0,0
150,400,0.0990776432269791,0.04279069964788307,0.08501474350171634,0.037479924143042354,0.05628694357909603,0.047534819358673985,0.03888144558960062,1.4476556291968412,1.2225579228820604,0.14771338494227687,0.22149671382915437,0.333,0.179,0.247,True,999,0.00011916598305106163,0.0013581670355051756,weak_3x3_bal_strong_150_400,weak_null,True,500,4285374274,3.885780586188048e-16,0,1
150,400,0.0460207911890973,0.031670739000357884,0.032100094874834895,0.023745262123043176,0.014350052188739415,0.008354832751791719,0.028237795774848425,0.5081859895566315,0.2958741120733446,0.6113229153988569,0.76732622195899,0.78,0.618,0.772,True,999,0.00012008403427898884,0.001370041980408132,weak_3x3_bal_strong_150_400,weak_null,True,501,4285374274,3.885780586188048e-16,0,0
150,400,0.06922572483805611,0.10409552256823779,0.055247503738343084,0.09732535125499453,-0.03486979773018167,-0.042077847516651445,0.038400808968134914,-0.908048519475637,-1.095754194958959,0.3638525876472437,0.273186358701087,0.537,0.358,0.265,True,999,0.00011816597543656826,0.0014093329664319754,weak_3x3_bal_strong_150_400,weak_null,True,502,4285374274,3.885780586188048e-16,0,0
150,400,0.047186748634812536,0.07301357082948862,0.033291106725215514,0.06871354170503707,-0.02582682219467608,-0.03542243497982156,0.03274576901416756,-0.7887071512506555,-1.0817408186228863,0.4302831872673146,0.2793677101172872,0.63,0.429,0.293,True,999,0.00011866702698171139,0.0013163340045139194,weak_3x3_bal_strong_150_400,weak_null,True,503,4285374274,3.885780586188048e-16,0,1
150,400,0.03401845696391659,0.041562305914340236,0.020118446076168084,0.035815413819307196,-0.007543848950423648,-0.015696967743139112,0.026746816012093253,-0.28204661620331883,-0.5868723864568371,0.7779077660923313,0.5572894165954617,0.861,0.78,0.576,True,999,0.00011074997019022703,0.0013156250352039933,weak_3x3_bal_strong_150_400,weak_null,True,504,4285374274,3.885780586188048e-16,0,0
150,400,0.1228583368625924,0.07121339629598505,0.1088173373895529,0.0645863128100359,0.051644940566607345,0.044231024579517,0.04415824696351058,1.1695423645164915,1.0016481092663518,0.2421851830622762,0.31651357673249025,0.327,0.235,0.303,True,999,0.00010929093696177006,0.0013353329850360751,weak_3x3_bal_strong_150_400,weak_null,True,505,4285374274,3.885780586188048e-16,0,0
150,400,0.06034930022269025,0.05806018298550453,0.04643752265823764,0.052796901266816576,0.0022891172371857227,-0.006359378608578936,0.0339431234896667,0.06743979344984553,-0.18735396023630296,0.9462315906895333,0.8513831177716604,0.961,0.945,0.858,True,999,0.00011570798233151436,0.0012858330737799406,weak_3x3_bal_strong_150_400,weak_null,True,506,4285374274,3.885780586188048e-16,0,1
150,400,0.054655041825399486,0.052982624478157714,0.040726958839826466,0.046367639774643976,0.0016724173472417725,-0.00564068093481751,0.03148922981294904,0.05311077333984329,-0.17913048265467396,0.9576436476853968,0.8578352474012301,0.964,0.943,0.875,True,999,0.00011454196646809578,0.0013266250025480986,weak_3x3_bal_strong_150_400,weak_null,True,507,4285374274,3.885780586188048e-16,0,0
150,400,0.07725776582311572,0.02979889994907653,0.06330314250763536,0.025570887414005483,0.04745886587403919,0.037732255093629874,0.03297866200369697,1.4390779671024543,1.1441414781897463,0.15012843376803653,0.25256496836245024,0.363,0.168,0.279,True,999,0.00012733403127640486,0.0013615840580314398,weak_3x3_bal_strong_150_400,weak_null,True,508,4285374274,3.885780586188048e-16,0,1
150,400,0.04908695421976339,0.04774498884001799,0.03512401378776531,0.04253465344444862,0.0013419653797454023,-0.0074106396566833155,0.03092042425970681,0.04340061340924586,-0.23966811045152145,0.9653821887336965,0.8105875586538053,0.983,0.975,0.806,True,999,0.00011808297131210566,0.001270917011424899,weak_3x3_bal_strong_150_400,weak_null,True,509,4285374274,3.885780586188048e-16,0,1
150,400,0.0405701753806369,0.028065159683979157,0.026626973595625714,0.021286106637120383,0.01250501569665774,0.00534086695850533,0.026658822312280745,0.4690760735854838,0.2003414440421469,0.6390152606423967,0.8412135518484758,0.828,0.662,0.86,True,999,0.00011208304204046726,0.001307375030592084,weak_3x3_bal_strong_150_400,weak_null,True,510,4285374274,3.885780586188048e-16,0,0
150,400,0.08600345830317835,0.052913198694297,0.07202312369810215,0.046267874699793765,0.033090259608881345,0.02575524899830839,0.037483589286912145,0.8827932500166203,0.687107331188829,0.37734798815277004,0.49201509471328775,0.539,0.399,0.525,True,999,0.00011120806448161602,0.0013036250602453947,weak_3x3_bal_strong_150_400,weak_null,True,511,4285374274,3.885780586188048e-16,0,0
150,400,0.07003667388385848,0.08983536155374483,0.05601857401947541,0.08315883425339621,-0.01979868766988635,-0.0271402602339208,0.03789854328333039,-0.5224128938643078,-0.7161293781404627,0.6013828804420298,0.4739114650592944,0.753,0.628,0.49,True,999,0.00010854098945856094,0.0013390000676736236,weak_3x3_bal_strong_150_400,weak_null,True,512,4285374274,3.885780586188048e-16,0,0
150,400,0.04645287570609535,0.04323946739279361,0.03249474935591934,0.03536103572977822,0.0032134083133017466,-0.002866286373858884,0.02951791452308122,0.10886298592636197,-0.09710328186016061,0.9133111650622312,0.9226443746330563,0.95,0.927,0.91,True,999,0.00011974992230534554,0.00132762489374727,weak_3x3_bal_strong_150_400,weak_null,True,513,4285374274,3.885780586188048e-16,0,0
150,400,0.0804277858823097,0.057922145353954124,0.06646790418341197,0.05114780184601386,0.022505640528355575,0.015320102337398112,0.03775669482718111,0.5960701971231265,0.4057585656668534,0.5511283328441956,0.684920005753785,0.685,0.565,0.692,True,999,0.00011191598605364561,0.0013429159298539162,weak_3x3_bal_strong_150_400,weak_null,True,514,4285374274,3.885780586188048e-16,0,0
150,400,0.1171224174701182,0.05236425803915634,0.1029237912570693,0.04553777250490043,0.06475815943096186,0.057386018752168866,0.03999399038652471,1.6191972545150437,1.4348660435619873,0.10540482854655796,0.1513252735928494,0.274,0.143,0.186,True,999,0.00011720799375325441,0.0012876249384135008,weak_3x3_bal_strong_150_400,weak_null,True,515,4285374274,3.885780586188048e-16,0,0
150,400,0.053541194994596086,0.055849653040871305,0.03961892546095669,0.05012499687990157,-0.002308458046275219,-0.010506071418944884,0.03207674654121369,-0.07196671405902108,-0.3275292089067137,0.9426283974727986,0.743267654630384,0.964,0.947,0.748,True,999,0.00011350004933774471,0.0013209580210968852,weak_3x3_bal_strong_150_400,weak_null,True,516,4285374274,3.885780586188048e-16,0,0
150,400,0.07472090445944302,0.06130565430091012,0.06064862810646332,0.05558229564985595,0.013415250158532899,0.00506633245660737,0.03522338368485354,0.3808620511464834,0.143834348850078,0.7033056127752487,0.8856312784266807,0.786,0.688,0.883,True,999,0.00011541706044226885,0.0013193750055506825,weak_3x3_bal_strong_150_400,weak_null,True,517,4285374274,3.885780586188048e-16,0,0
150,400,0.09673733895535164,0.036806822947683004,0.08268859917862414,0.029857544292127614,0.05993051600766863,0.05283105488649653,0.03710735161407771,1.6150577554268875,1.4237355291735128,0.10629818814275489,0.15452304471383474,0.236,0.113,0.165,True,999,0.0001204590080305934,0.0013593339826911688,weak_3x3_bal_strong_150_400,weak_null,True,518,4285374274,3.885780586188048e-16,0,0
150,400,0.043901678883817796,0.12889783518295794,0.029994064171518175,0.12204570017487981,-0.08499615629914015,-0.09205163600336164,0.03643942334146714,-2.332532968555973,-2.5261551243762197,0.019672670623804813,0.011531854947791173,0.144,0.028,0.02,True,999,0.00014512497000396252,0.001328792073763907,weak_3x3_bal_strong_150_400,weak_null,True,519,4285374274,3.885780586188048e-16,0,0
150,400,0.0712436504326619,0.0369132929704879,0.0572354635787633,0.030057602064772482,0.034330357462174,0.02717786151399082,0.032349263434745236,1.061240776978586,0.8401384955429931,0.2885804923507691,0.4008307383012728,0.491,0.29,0.397,True,999,0.00012066704221069813,0.0013080419739708304,weak_3x3_bal_strong_150_400,weak_null,True,520,4285374274,3.885780586188048e-16,0,0
150,400,0.05253700653614701,0.06299910718699359,0.03861289083110364,0.056062973726568543,-0.010462100650846573,-0.017450082895464902,0.03296984173467189,-0.3173233506864054,-0.5292740873885957,0.7509982609470893,0.596615328518137,0.826,0.751,0.591,True,999,0.00011470797471702099,0.0013079158961772919,weak_3x3_bal_strong_150_400,weak_null,True,521,4285374274,3.885780586188048e-16,0,0
150,400,0.05103532590610427,0.049995793852338044,0.037133498013020017,0.0443118620775067,0.0010395320537662234,-0.007178364064486686,0.031690073889935715,0.03280308078096224,-0.2265177446230703,0.9738316214284526,0.8207987596515989,0.984,0.98,0.837,True,999,0.00011120806448161602,0.001310667023062706,weak_3x3_bal_strong_150_400,weak_null,True,522,4285374274,3.885780586188048e-16,0,0
150,400,0.04548376609106808,0.06031951894441434,0.031584106883826735,0.057617235208113016,-0.014835752853346262,-0.02603312832428628,0.030612516475716233,-0.4846302937922438,-0.8504079808315461,0.6279386207407396,0.39509830056673656,0.747,0.627,0.399,True,999,0.00011883291881531477,0.0013340410077944398,weak_3x3_bal_strong_150_400,weak_null,True,523,4285374274,3.885780586188048e-16,0,2
150,400,0.03492681188643343,0.04105967564847468,0.021030042278312067,0.035484930117831937,-0.006132863762041252,-0.01445488783951987,0.026648016015147102,-0.23014335320705478,-0.5424376745834854,0.8179803779152677,0.5875170319118224,0.896,0.813,0.579,True,999,0.00011812499724328518,0.0013700829586014152,weak_3x3_bal_strong_150_400,weak_null,True,524,4285374274,3.885780586188048e-16,0,0
150,400,0.04239467325578494,0.07745349592493905,0.02846979637735103,0.07075087209776143,-0.03505882266915411,-0.0422810757204104,0.03259765376857995,-1.0755014124036872,-1.297058862597162,0.28215030019809784,0.1946109344279141,0.493,0.281,0.203,True,999,0.00011804199311882257,0.0014101250562816858,weak_3x3_bal_strong_150_400,weak_null,True,525,4285374274,3.885780586188048e-16,0,0
150,400,0.09716031260558844,0.038210320587659774,0.08316694371100652,0.031463965039648656,0.058949992017928665,0.05170297867135787,0.03714701742476893,1.5869374206775997,1.3918473744512068,0.11252681861671796,0.1639686206265777,0.256,0.122,0.16,True,999,0.00012370897457003593,0.0012982089538127184,weak_3x3_bal_strong_150_400,weak_null,True,526,4285374274,3.885780586188048e-16,0,0
150,400,0.05898205366210374,0.06628936228038562,0.04501643189252036,0.05946060156736621,-0.0073073086182818825,-0.014444169674845853,0.03430245135629337,-0.21302584303326277,-0.42108272452067264,0.8313068054641781,0.673694675961212,0.878,0.833,0.666,True,999,0.00011408294085413218,0.001316417008638382,weak_3x3_bal_strong_150_400,weak_null,True,527,4285374274,3.885780586188048e-16,0,0
150,400,0.07845868189203364,0.0581249111514629,0.06450936272065633,0.0528527488657744,0.020333770740570745,0.011656613854881925,0.037133678059876406,0.5475829975092541,0.3139094876647057,0.5839782666471753,0.7535897842460582,0.685,0.582,0.758,True,999,0.00010974996257573366,0.0013157500652596354,weak_3x3_bal_strong_150_400,weak_null,True,528,4285374274,3.885780586188048e-16,0,1
150,400,0.060354710038933224,0.026376641538569168,0.046432455936127326,0.01957687542437725,0.033978068500364056,0.026855580511750077,0.03059883934806263,1.1104365140737074,0.877666639778951,0.266810971014648,0.38012465349685587,0.525,0.273,0.402,True,999,0.0001117080682888627,0.0013219169341027737,weak_3x3_bal_strong_150_400,weak_null,True,529,4285374274,3.885780586188048e-16,0,0
150,400,0.08495340962274756,0.04375098846961867,0.07092518751150578,0.04097731613535416,0.04120242115312889,0.029947871376151625,0.035978559669377116,1.1451937357069362,0.8323810528091132,0.25212891272326543,0.405193893319833,0.434,0.256,0.402,True,999,0.00011304102372378111,0.0013719169655814767,weak_3x3_bal_strong_150_400,weak_null,True,530,4285374274,3.885780586188048e-16,0,2
150,400,0.03470766058966346,0.0357836573917546,0.020794076538436457,0.03011748008711379,-0.0010759968020911392,-0.009323403548677334,0.026358268431040735,-0.040821983618013195,-0.35371836253468214,0.9674378135718884,0.7235499598449727,0.977,0.965,0.698,True,999,0.00011700007598847151,0.0013557500205934048,weak_3x3_bal_strong_150_400,weak_null,True,531,4285374274,3.885780586188048e-16,0,0
150,400,0.03832864735076136,0.03249430118884089,0.024432190235899043,0.027155114139759462,0.005834346161920467,-0.002722923903860419,0.02667238467504693,0.21874107744774426,-0.1020877561955614,0.8268517485802489,0.9186870193778545,0.92,0.838,0.925,True,999,0.0001152500044554472,0.0013042499776929617,weak_3x3_bal_strong_150_400,weak_null,True,532,4285374274,3.885780586188048e-16,0,1
150,400,0.07351229400796977,0.05390550405625283,0.059533316948318316,0.04816106286040167,0.01960678995171694,0.011372254087916644,0.03497516894445967,0.5605917153067191,0.32515222745530425,0.5750759005565962,0.7450658627677154,0.714,0.587,0.74,True,999,0.0001218749675899744,0.0012934580445289612,weak_3x3_bal_strong_150_400,weak_null,True,533,4285374274,3.885780586188048e-16,0,0
150,400,0.11973843099675174,0.1066149186440491,0.1056040729815777,0.09997361805014293,0.013123512352702649,0.00563045493143477,0.044227785732131146,0.2967255116995043,0.12730582908979518,0.7666760782398316,0.898698346901075,0.807,0.764,0.887,True,999,0.00011383392848074436,0.0012949169613420963,weak_3x3_bal_strong_150_400,weak_null,True,534,4285374274,3.885780586188048e-16,0,0
150,400,0.05603053178834316,0.0874382193984855,0.042099620507315194,0.0804896503672694,-0.03140768761014234,-0.03839002985995421,0.03591013104465022,-0.8746191310494079,-1.0690584730036357,0.38178117483885377,0.28504332220590967,0.559,0.395,0.291,True,999,0.00011870893649756908,0.0013306249165907502,weak_3x3_bal_strong_150_400,weak_null,True,535,4285374274,3.885780586188048e-16,0,0
150,400,0.03896082515279309,0.08971319185510374,0.02507000622026112,0.08554119975747199,-0.05075236670231065,-0.060471193537210866,0.033341287988989644,-1.5222077419165898,-1.813702984635158,0.1279570358825071,0.06972346534088707,0.348,0.123,0.069,True,999,0.00012250000145286322,0.0013619170058518648,weak_3x3_bal_strong_150_400,weak_null,True,536,4285374274,3.885780586188048e-16,0,1
150,400,0.06712701635331841,0.07244235042706687,0.05307768698230575,0.06558916233561263,-0.005315334073748457,-0.012511475353306878,0.035531171091260284,-0.14959636596542933,-0.35212673742646117,0.8810830754591519,0.7247432173503106,0.928,0.893,0.731,True,999,0.00011812499724328518,0.0013738329289481044,weak_3x3_bal_strong_150_400,weak_null,True,537,4285374274,3.885780586188048e-16,0,0
150,400,0.07760086323230464,0.04493889963262793,0.06361081471655439,0.037161279926863244,0.03266196359967671,0.026449534789691143,0.03652544670360868,0.8942248910661438,0.7241399401441941,0.3712015770064542,0.46897982640065616,0.486,0.348,0.444,True,999,0.00011283392086625099,0.0012875840766355395,weak_3x3_bal_strong_150_400,weak_null,True,538,4285374274,3.885780586188048e-16,0,0
150,400,0.03748983871964606,0.08312611425137917,0.023587630376539437,0.07772182063081345,-0.045636275531733106,-0.05413419025427402,0.03274885316231551,-1.3935228603439251,-1.6530102591979272,0.16346173705946954,0.09832877564424287,0.395,0.174,0.113,True,999,0.00010883400682359934,0.001300125033594668,weak_3x3_bal_strong_150_400,weak_null,True,539,4285374274,3.885780586188048e-16,0,1
150,400,0.06105126704895203,0.030161896188813375,0.04708131369415014,0.023330611937922185,0.030889370860138654,0.023750701756227954,0.031114440660618838,0.9927663877061094,0.7633337206761658,0.32082381372131163,0.4452643965893107,0.546,0.347,0.456,True,999,0.00011025008279830217,0.0013044580118730664,weak_3x3_bal_strong_150_400,weak_null,True,540,4285374274,3.885780586188048e-16,0,0
150,400,0.013864347806890276,0.03296183399577085,-1.597775957407066e-05,0.026572167668504676,-0.019097486188880575,-0.026588145428078747,0.020862786278562154,-0.9153852191116228,-1.2744292671683919,0.35998943520676674,0.20251132552825923,0.662,0.338,0.185,True,999,0.00010845891665667295,0.0013667501043528318,weak_3x3_bal_strong_150_400,weak_null,True,541,4285374274,3.885780586188048e-16,0,1
150,400,0.06224731612365919,0.06089362113988517,0.048298040770788475,0.05525058061644472,0.001353694983774023,-0.006952539845656247,0.033260949896998945,0.040699228012611985,-0.20903010488836213,0.9675356770438456,0.8344247373912997,0.979,0.971,0.852,True,999,0.00011383299715816975,0.0013404160272330046,weak_3x3_bal_strong_150_400,weak_null,True,542,4285374274,3.885780586188048e-16,0,0
150,400,0.04191195533352876,0.04615721457063621,0.02800261073667798,0.04061183298017568,-0.004245259237107446,-0.012609222243497697,0.028883396360627464,-0.14697922585359077,-0.4365560783109987,0.8831484175915758,0.6624333215513363,0.929,0.883,0.681,True,999,0.00011758296750485897,0.0012859998969361186,weak_3x3_bal_strong_150_400,weak_null,True,543,4285374274,3.885780586188048e-16,0,0
150,400,0.10285550393262266,0.01931251170574738,0.08880744216190806,0.012375949037689793,0.08354299222687528,0.07643149312421826,0.038263676255161624,2.183349860838467,1.9974947680022759,0.029010055298247628,0.04577146225426609,0.151,0.034,0.06,True,999,0.00011099991388618946,0.0013144590193405747,weak_3x3_bal_strong_150_400,weak_null,True,544,4285374274,3.885780586188048e-16,0,0
150,400,0.08178499230159808,0.05225040247853824,0.06778990184000122,0.04801578635152737,0.029534589823059842,0.019774115488473853,0.035730030501911064,0.8266041032760985,0.5534312512668079,0.40846149088710393,0.5799681444223801,0.552,0.425,0.585,True,999,0.00011712498962879181,0.00131612503901124,weak_3x3_bal_strong_150_400,weak_null,True,545,4285374274,3.885780586188048e-16,0,1
150,400,0.07461321997154569,0.04181131727311116,0.06064496385459961,0.035092380591237315,0.032801902698434526,0.025552583263362294,0.034193996227658174,0.959288363958535,0.7472827420707796,0.3374134956384398,0.45489290760483503,0.562,0.359,0.472,True,999,0.00011950009502470493,0.0013379169395193458,weak_3x3_bal_strong_150_400,weak_null,True,546,4285374274,3.885780586188048e-16,0,0
150,400,0.09161734281534462,0.05924850518196112,0.07762429951804961,0.05517208819424013,0.032368837633383496,0.02245221132380948,0.038994136717881656,0.8300949926797591,0.5757842899882305,0.4064850779606224,0.5647609935364548,0.553,0.433,0.576,True,999,0.00012383295688778162,0.0013752910308539867,weak_3x3_bal_strong_150_400,weak_null,True,547,4285374274,3.885780586188048e-16,0,1
150,400,0.032994627755808414,0.022081071553192777,0.019108658922249333,0.016684380619764738,0.010913556202615637,0.002424278302484595,0.023791656823198015,0.4587135853428414,0.10189615294554881,0.6464398569617078,0.9188391035747339,0.809,0.647,0.921,True,999,0.00011991709470748901,0.0013814580161124468,weak_3x3_bal_strong_150_400,weak_null,True,548,4285374274,3.885780586188048e-16,0,1
150,400,0.07622505527812873,0.05174507967317027,0.062218929914138243,0.047480110772710304,0.02447997560495846,0.014738819141427939,0.03480274609599441,0.7033920696210797,0.4234958672736543,0.48181144733446146,0.6719335131692925,0.642,0.506,0.687,True,999,0.00011741602793335915,0.0013479170156642795,weak_3x3_bal_strong_150_400,weak_null,True,549,4285374274,3.885780586188048e-16,0,1
150,400,0.03320144718200768,0.07142882343602092,0.019305420462416123,0.06609025277199976,-0.038227376254013234,-0.046784832309583635,0.030564414793857436,-1.250715137582017,-1.5306961584288548,0.21103842563400887,0.1258445036604407,0.456,0.217,0.134,True,999,0.00011745793744921684,0.0013861249899491668,weak_3x3_bal_strong_150_400,weak_null,True,550,4285374274,3.885780586188048e-16,0,1
150,400,0.0784774958375074,0.06161169129271976,0.06447746443882352,0.057301139239655186,0.016865804544787644,0.007176325199168332,0.03624021881049344,0.4653891477030517,0.19802102290536971,0.6416528043361841,0.8430286155125042,0.751,0.636,0.834,True,999,0.00012112502008676529,0.0013568750582635403,weak_3x3_bal_strong_150_400,weak_null,True,551,4285374274,3.885780586188048e-16,0,1
150,400,0.03565002224828828,0.0369922061661665,0.02173869737117684,0.029986961168646076,-0.0013421839178782147,-0.008248263797469235,0.026773267349540816,-0.0501314949854723,-0.30807834134636164,0.9600176019146388,0.7580227213401708,0.981,0.963,0.77,True,999,0.00011795805767178535,0.001375833060592413,weak_3x3_bal_strong_150_400,weak_null,True,552,4285374274,3.885780586188048e-16,0,0
150,400,0.08200687168075338,0.03014604484475153,0.0679395614305065,0.021282254677714718,0.05186082683600185,0.04665730675279178,0.03425805998297127,1.5138284789559138,1.3619366296860895,0.1300693475608529,0.1732178849776561,0.34,0.14,0.194,True,999,0.00011749996338039637,0.0013834580313414335,weak_3x3_bal_strong_150_400,weak_null,True,553,4285374274,3.885780586188048e-16,0,0
150,400,0.05536564543695133,0.07892698318846203,0.041442778221977505,0.07326469319275475,-0.023561337751510703,-0.03182191497077724,0.03482608645031193,-0.6765427917123793,-0.9137378963375374,0.4986960869317867,0.3608545860659299,0.66,0.538,0.405,True,999,0.00011670903768390417,0.0013579590013250709,weak_3x3_bal_strong_150_400,weak_null,True,554,4285374274,3.885780586188048e-16,0,0
150,400,0.07495625236546388,0.019192461474729083,0.06097153264218491,0.012376124522404552,0.0557637908907348,0.04859540811978036,0.03137295306304367,1.7774479430953776,1.5489586849579737,0.07549456860167693,0.12139165212447786,0.263,0.08,0.134,True,999,0.0001151250908151269,0.0012982500484213233,weak_3x3_bal_strong_150_400,weak_null,True,555,4285374274,3.885780586188048e-16,0,0
150,400,0.04076989748530124,0.08151406733109023,0.026868758899212253,0.07455106599763894,-0.04074416984578899,-0.04768230709842669,0.03289619012955119,-1.2385680434521757,-1.449478097939156,0.21550550877231667,0.14720411249512247,0.433,0.226,0.167,True,999,0.00011450005695223808,0.0013020000187680125,weak_3x3_bal_strong_150_400,weak_null,True,556,4285374274,3.885780586188048e-16,0,0
150,400,0.05293082417189865,0.01978262709637335,0.03900665865549513,0.013034358361437626,0.0331481970755253,0.025972300294057504,0.027682450973130823,1.1974444426073272,0.9382225699330876,0.23113336997969125,0.34813004184433305,0.467,0.247,0.373,True,999,0.00011100003030151129,0.0013370830565690994,weak_3x3_bal_strong_150_400,weak_null,True,557,4285374274,3.885780586188048e-16,0,0
150,400,0.048737336184337954,0.04266951458525253,0.034821389524950064,0.035724608826797066,0.006067821599085421,-0.0009032193018470025,0.030132414970332918,0.20137189817210263,-0.029975005413149708,0.8404077871273198,0.9760869870019588,0.892,0.837,0.977,True,999,0.00011458294466137886,0.0013725000899285078,weak_3x3_bal_strong_150_400,weak_null,True,558,4285374274,3.885780586188048e-16,0,0
150,400,0.026084478215097295,0.04158506856669564,0.01220336975947589,0.03385194267991665,-0.015500590351598342,-0.021648572920440756,0.02518348977557062,-0.6155060513747691,-0.8596335580718868,0.5382205742018303,0.3899910704948003,0.738,0.525,0.377,True,999,0.00011845899280160666,0.0014314589789137244,weak_3x3_bal_strong_150_400,weak_null,True,559,4285374274,3.885780586188048e-16,0,0
150,400,0.026691648892069875,0.02071425842500202,0.012811259399228447,0.013839351525660959,0.005977390467067856,-0.0010280921264325116,0.022125540198771644,0.2701579447718843,-0.046466306232359866,0.7870387452827285,0.962938588796941,0.901,0.775,0.953,True,999,0.00012516591232270002,0.0013617080403491855,weak_3x3_bal_strong_150_400,weak_null,True,560,4285374274,3.885780586188048e-16,0,0
150,400,0.09177222240198235,0.05950366047717437,0.07779659879338396,0.05270566722057879,0.03226856192480798,0.025090931572805175,0.0392961345430248,0.8211637683975652,0.63850889825648,0.4115529911618516,0.523142463543428,0.553,0.424,0.548,True,999,0.00012170907575637102,0.0013192089973017573,weak_3x3_bal_strong_150_400,weak_null,True,561,4285374274,3.885780586188048e-16,0,0
150,400,0.0776072121662148,0.056054478554228515,0.06359349671478753,0.04911441093437929,0.021552733611986286,0.01447908578040824,0.03571147633021472,0.603524015996812,0.405446295373619,0.5461601438697592,0.6851494869552631,0.666,0.534,0.668,True,999,0.00010950001887977123,0.0012992919655516744,weak_3x3_bal_strong_150_400,weak_null,True,562,4285374274,3.885780586188048e-16,0,0
150,400,0.02328210228125993,0.09403017847573403,0.00940462812738474,0.0862224436596648,-0.0707480761944741,-0.07681781553228006,0.030735319150544744,-2.3018494081009138,-2.499333589347764,0.02134366612181255,0.012442712213895887,0.197,0.034,0.025,True,999,0.00010937510523945093,0.0013496670871973038,weak_3x3_bal_strong_150_400,weak_null,True,563,4285374274,3.885780586188048e-16,0,0
150,400,0.04557012471634425,0.06484887679232865,0.0316516988571891,0.059155485171743294,-0.019278752075984396,-0.02750378631455419,0.03197093229125824,-0.6030087549638254,-0.8602747665908543,0.5465028650074393,0.3896375990269232,0.72,0.561,0.413,True,999,0.00011512497439980507,0.0013397090369835496,weak_3x3_bal_strong_150_400,weak_null,True,564,4285374274,3.885780586188048e-16,0,0
150,400,0.05491781523185035,0.04621993195649976,0.040964951837366925,0.040778008569844815,0.008697883275350593,0.00018694326752211055,0.03288126997069933,0.2645239457934965,0.005685402896198859,0.7913762156648196,0.9954637292454482,0.892,0.818,0.998,True,999,0.00010879198089241982,0.0013760409783571959,weak_3x3_bal_strong_150_400,weak_null,True,565,4285374274,3.885780586188048e-16,0,1
150,400,0.05742894881683114,0.032408117386149404,0.04348217988226111,0.025739434640144054,0.025020831430681734,0.017742745242117053,0.030054924179601955,0.8325035618510453,0.5903440360085459,0.4051247685321324,0.5549600220964639,0.614,0.421,0.569,True,999,0.00011458306107670069,0.0012793330242857337,weak_3x3_bal_strong_150_400,weak_null,True,566,4285374274,3.885780586188048e-16,0,0
150,400,0.05625382608665874,0.06997069736585004,0.04233763125787959,0.06209017263319083,-0.0137168712791913,-0.01975254137531124,0.03472354520741491,-0.3950308413860397,-0.5688515172435,0.6928201269953078,0.5694569097952936,0.799,0.709,0.607,True,999,0.00011258304584771395,0.0013111669104546309,weak_3x3_bal_strong_150_400,weak_null,True,567,4285374274,3.885780586188048e-16,0,0
150,400,0.05538458335815899,0.05134644373607933,0.04144560929603358,0.04706548517984288,0.004038139622079662,-0.0056198758838093,0.032135955888332096,0.12565798995093302,-0.17487813038260241,0.9000026573586317,0.8611753948784403,0.936,0.901,0.853,True,999,0.00012858293484896421,0.0012894159881398082,weak_3x3_bal_strong_150_400,weak_null,True,568,4285374274,3.885780586188048e-16,0,1
150,400,0.12096122129850007,0.047176654412842134,0.10685840364627097,0.04178491615945745,0.07378456688565793,0.06507348748681352,0.04217024706712104,1.7496830589637615,1.5431137356923263,0.08017301854190696,0.12280318260008763,0.175,0.095,0.129,True,999,0.00011204101610928774,0.0013231249758973718,weak_3x3_bal_strong_150_400,weak_null,True,569,4285374274,3.885780586188048e-16,0,1
150,400,0.04212670585247036,0.06850178544162844,0.02822488975817805,0.06429962998447536,-0.02637507958915808,-0.03607474022629731,0.031042618041682922,-0.8496409534061387,-1.162103665929769,0.39552473575804425,0.24519335852491653,0.566,0.38,0.233,True,999,0.00011183309834450483,0.0013284580782055855,weak_3x3_bal_strong_150_400,weak_null,True,570,4285374274,3.885780586188048e-16,0,1
150,400,0.06997161288142606,0.035617811007611744,0.055999404483657145,0.030214343066944593,0.034353801873814316,0.02578506141671255,0.03382524744625772,1.0156260328441462,0.7623022258057509,0.30980750318288475,0.44587964577038885,0.5,0.308,0.446,True,999,0.00011454196646809578,0.0013828329974785447,weak_3x3_bal_strong_150_400,weak_null,True,571,4285374274,3.885780586188048e-16,0,1
150,400,0.04795431245984294,0.05298712232719238,0.03394537130677122,0.046279674985811425,-0.0050328098673494415,-0.012334303679040204,0.0308170360732209,-0.16331258643406027,-0.400243023038752,0.8702723244039694,0.6889775292237181,0.927,0.873,0.692,True,999,0.0001176249934360385,0.0013472080463543534,weak_3x3_bal_strong_150_400,weak_null,True,572,4285374274,3.885780586188048e-16,0,0
150,400,0.06648215302727523,0.06291972038035443,0.05251489591665859,0.05618005837237661,0.003562432646920799,-0.0036651624557180185,0.0342274957269089,0.10408101940452785,-0.10708240196598869,0.917105053362098,0.9147236080825112,0.937,0.914,0.907,True,999,0.0001204590080305934,0.0013359589502215385,weak_3x3_bal_strong_150_400,weak_null,True,573,4285374274,3.885780586188048e-16,0,0
150,400,0.05621532094402526,0.04669500734113108,0.04229561647409241,0.04143334540702881,0.009520313602894181,0.0008622710670636025,0.032784443008801636,0.29039119561489163,0.026301226677302666,0.771516978539829,0.979017076503935,0.853,0.775,0.982,True,999,0.00011687492951750755,0.0013479579938575625,weak_3x3_bal_strong_150_400,weak_null,True,574,4285374274,3.885780586188048e-16,0,1
150,400,0.05301952542125443,0.054073723319990885,0.039079975669977784,0.049921513215593905,-0.001054197898736453,-0.01084153754561612,0.03147391233883276,-0.03349433929241061,-0.3444610707719277,0.97328037989112,0.7304995677142171,0.983,0.973,0.748,True,999,0.00011858402285724878,0.0013933340087532997,weak_3x3_bal_strong_150_400,weak_null,True,575,4285374274,3.885780586188048e-16,0,1
150,400,0.034910589773537115,0.06425213041164557,0.021026547450674116,0.05728380106023678,-0.029341540638108454,-0.03625725360956267,0.030406822243068114,-0.9649657041948041,-1.1924052214245533,0.3345619898901322,0.23310239393512333,0.551,0.321,0.223,True,999,0.0001289161155000329,0.0014058330561965704,weak_3x3_bal_strong_150_400,weak_null,True,576,4285374274,3.885780586188048e-16,0,0
150,400,0.033382720287891576,0.07389503757065058,0.019483372511331254,0.06968874690892335,-0.040512317282759,-0.050205374397592095,0.03149799691126612,-1.286187099353885,-1.5939227671850704,0.1983777722514456,0.11095333438872533,0.443,0.212,0.124,True,999,0.00012741703540086746,0.0012842919677495956,weak_3x3_bal_strong_150_400,weak_null,True,577,4285374274,3.885780586188048e-16,0,1
150,400,0.03674082755870889,0.07177973709676533,0.022863983585324377,0.0651623620503301,-0.03503890953805644,-0.042298378465005726,0.031024069584239866,-1.1294104870063888,-1.3634052215539503,0.25872471096168104,0.1727548363822523,0.507,0.272,0.187,True,999,0.00011274998541921377,0.0013173749903216958,weak_3x3_bal_strong_150_400,weak_null,True,578,4285374274,3.885780586188048e-16,0,0
150,400,0.07869135968616381,0.04253641161306554,0.06473264773845244,0.0357536558530569,0.03615494807309827,0.028978991885395544,0.035216122410573814,1.0266589731708387,0.8228899123968987,0.3045810742967746,0.41057059972420606,0.456,0.322,0.419,True,999,0.00011129106860607862,0.001320832991041243,weak_3x3_bal_strong_150_400,weak_null,True,579,4285374274,3.885780586188048e-16,0,0
150,400,0.16347504788443734,0.01899747497402321,0.14633572136088446,0.010074597051186629,0.14447757291041413,0.13626112430969783,0.03858388685847249,3.744505405594948,3.5315551491613593,0.00018074948570906616,0.00041312370580023585,0.022,0.003,0.004,True,999,0.00011229200754314661,0.0013969580177217722,weak_3x3_bal_strong_150_400,weak_null,True,580,4285374274,3.885780586188048e-16,0,0
150,400,0.062038210993665244,0.10153948744615271,0.04810271134078903,0.09480209312772558,-0.039501276452487466,-0.046699381786936556,0.03818680738664099,-1.0344220728519535,-1.222919248370408,0.3009388898799318,0.22136019766756476,0.454,0.294,0.216,True,999,0.00011595804244279861,0.0013707081088796258,weak_3x3_bal_strong_150_400,weak_null,True,581,4285374274,3.885780586188048e-16,0,0
150,400,0.10665006493245599,0.05663401530422302,0.09213059887929376,0.048563437194232506,0.05001604962823297,0.04356716168506125,0.03816165952741513,1.3106361266155553,1.1416474604245874,0.18998072773181907,0.2536005878777141,0.413,0.225,0.291,True,999,0.00011691695544868708,0.0014023330295458436,weak_3x3_bal_strong_150_400,weak_null,True,582,4285374274,3.885780586188048e-16,0,0
150,400,0.05332863156044576,0.07434752136724021,0.03942917749427011,0.06864546681418915,-0.02101888980679445,-0.029216289319919042,0.03429207094506128,-0.6129373125486776,-0.8519838118475243,0.5399177904166443,0.39422307693468917,0.673,0.532,0.375,True,999,0.00011929089669138193,0.001377291977405548,weak_3x3_bal_strong_150_400,weak_null,True,583,4285374274,3.885780586188048e-16,0,0
150,400,0.0778512716076587,0.056239464198565736,0.06389936843032729,0.04955720239482275,0.021611807409092965,0.014342166035504533,0.03655095991364589,0.5912787915872064,0.3923882182407485,0.5543336374446044,0.6947713899734865,0.708,0.587,0.724,True,999,0.00011345790699124336,0.0012916660634800792,weak_3x3_bal_strong_150_400,weak_null,True,584,4285374274,3.885780586188048e-16,0,0
150,400,0.068549896050214,0.035632836488623754,0.054618898093167445,0.028808037236814243,0.032917059561590245,0.0258108608563532,0.03360245446119585,0.9796028322753298,0.7681242715813993,0.3272822063363976,0.4424133583558383,0.513,0.337,0.436,True,999,0.0001087080454453826,0.0012803329154849052,weak_3x3_bal_strong_150_400,weak_null,True,585,4285374274,3.885780586188048e-16,0,0
150,400,0.02531551741943394,0.0405773679909614,0.011419927147215958,0.03497983586044029,-0.015261850571527458,-0.02355990871322433,0.024220489252203256,-0.630121481552613,-0.9727263750909229,0.5286151060290392,0.33068931306002103,0.75,0.545,0.323,True,999,0.00011508294846862555,0.0013200000394135714,weak_3x3_bal_strong_150_400,weak_null,True,586,4285374274,3.885780586188048e-16,0,0
150,400,0.037006933600252756,0.08159456697981488,0.023120054611467822,0.07375599645524744,-0.04458763337956212,-0.05063594184377962,0.032616244832075744,-1.3670376099125112,-1.5524761389448116,0.17161351722693774,0.12054833773195266,0.434,0.21,0.146,True,999,0.00012091698590666056,0.001336792018264532,weak_3x3_bal_strong_150_400,weak_null,True,587,4285374274,3.885780586188048e-16,0,0
150,400,0.04282349773357241,0.04021139784479588,0.028904689814623907,0.03411944226328956,0.002612099888776531,-0.005214752448665649,0.029525553848596918,0.08846912414144809,-0.17661827701543553,0.9295038234580918,0.8598082367987074,0.954,0.919,0.854,True,999,0.00011454103514552116,0.00133666698820889,weak_3x3_bal_strong_150_400,weak_null,True,588,4285374274,3.885780586188048e-16,0,0
150,400,0.06690262161797556,0.04760852395269077,0.05290351663990123,0.040757656270272946,0.019294097665284782,0.01214586036962828,0.0333272902255831,0.5789278856663242,0.36444188193568544,0.5626378333941432,0.7155280653864922,0.711,0.587,0.728,True,999,0.0001129580195993185,0.0013298329431563616,weak_3x3_bal_strong_150_400,weak_null,True,589,4285374274,3.885780586188048e-16,0,0
150,400,0.08025314475100398,0.07185222026454713,0.06628719198317867,0.06507620767766298,0.008400924486456851,0.0012109843055156944,0.03846000771264593,0.21843273015503234,0.0314868451031931,0.8270919661967209,0.9748812830313202,0.897,0.851,0.974,True,999,0.00012162502389401197,0.0013417500304058194,weak_3x3_bal_strong_150_400,weak_null,True,590,4285374274,3.885780586188048e-16,0,0
150,400,0.052343394916773534,0.07697239410028461,0.03836413629409208,0.07027009850637,-0.02462899918351108,-0.03190596221227793,0.033915722284980625,-0.7261823580392356,-0.9407425247849518,0.4677269856573194,0.3468368210152779,0.605,0.459,0.321,True,999,0.00011195801198482513,0.0013404999626800418,weak_3x3_bal_strong_150_400,weak_null,True,591,4285374274,3.885780586188048e-16,0,0
150,400,0.08004717438992737,0.07235668013374563,0.06603578158814116,0.06343794593273344,0.007690494256181735,0.002597835655407721,0.038868583354937,0.19785887707700325,0.06683638638653265,0.8431554793847891,0.9467119560121499,0.908,0.87,0.955,True,999,0.00011266604997217655,0.0013297079131007195,weak_3x3_bal_strong_150_400,weak_null,True,592,4285374274,3.885780586188048e-16,0,0
150,400,0.06738680501755234,0.037217899210013894,0.053424416937389196,0.03039015730902861,0.03016890580753845,0.023034259628360587,0.03193896090921277,0.9445800661234489,0.7211962747891517,0.3448733078399576,0.47078876344117027,0.535,0.347,0.456,True,999,0.00011549994815140963,0.0013636660296469927,weak_3x3_bal_strong_150_400,weak_null,True,593,4285374274,3.885780586188048e-16,0,0
150,400,0.04725460529609804,0.03340131221061354,0.03328718565748545,0.026525160327679487,0.013853293085484497,0.006762025329805965,0.02914354650921958,0.4753468518700015,0.23202479244133153,0.6345397698645259,0.8165187576114477,0.796,0.648,0.818,True,999,0.0001159169478341937,0.0012904590694233775,weak_3x3_bal_strong_150_400,weak_null,True,594,4285374274,3.885780586188048e-16,0,0
150,400,0.09342837760613154,0.05282193026401483,0.07930960199206538,0.04685505884830832,0.040606447342116714,0.032454543143757064,0.03748564140218242,1.0832533691087542,0.8657859897754759,0.2786959769070947,0.3866075336383272,0.433,0.288,0.381,True,999,0.00011108303442597389,0.0012992920819669962,weak_3x3_bal_strong_150_400,weak_null,True,595,4285374274,3.885780586188048e-16,0,0
150,400,0.05824590659554163,0.08303509698454037,0.04432866716874173,0.07740128727385809,-0.02478919038899874,-0.03307262010511636,0.03566588418794622,-0.695039277825519,-0.9272900660708617,0.4870306868893153,0.3537759506818383,0.633,0.472,0.341,True,999,0.00011204194743186235,0.0013070841087028384,weak_3x3_bal_strong_150_400,weak_null,True,596,4285374274,3.885780586188048e-16,0,0
150,400,0.047884038294844444,0.07033829286299997,0.03398255223362412,0.06328558284924668,-0.02245425456815553,-0.02930303061562256,0.032845461504442675,-0.6836334013793159,-0.8921485427038081,0.4942066874890013,0.37231331895833697,0.654,0.473,0.353,True,999,0.00011558400001376867,0.001377917011268437,weak_3x3_bal_strong_150_400,weak_null,True,597,4285374274,3.885780586188048e-16,0,0
150,400,0.09141909263997117,0.07423039742417348,0.07739412458283823,0.06829795336963684,0.01718869521579769,0.009096171213201387,0.04058073878705948,0.4235678237893214,0.22414996584788655,0.671881025355596,0.8226406143320824,0.761,0.685,0.829,True,999,0.00011533405631780624,0.0013804170303046703,weak_3x3_bal_strong_150_400,weak_null,True,598,4285374274,3.885780586188048e-16,0,0
150,400,0.1008848132646889,0.07534642906179684,0.08679185341807738,0.06837132122174694,0.02553838420289206,0.01842053219633044,0.04066836015246339,0.6279669036850785,0.4529450444343687,0.5300256212626724,0.6505883143017533,0.63,0.537,0.669,True,999,0.00011483393609523773,0.0013928749831393361,weak_3x3_bal_strong_150_400,weak_null,True,599,4285374274,3.885780586188048e-16,0,0
150,400,0.05075228755570049,0.09142976979269435,0.03683251127068843,0.08454771007691875,-0.040677482236993856,-0.04771519880623032,0.035972657295017835,-1.1307889184663495,-1.326429638347535,0.2581439452016133,0.18469742696549718,0.428,0.259,0.191,True,999,0.00011341599747538567,0.0013618749799206853,weak_3x3_bal_strong_150_400,weak_null,True,600,4285374274,3.885780586188048e-16,0,0
150,400,0.06338155843987092,0.03730606701377859,0.049471500592460416,0.03031225897464651,0.026075491426092334,0.019159241617813905,0.03328765206588792,0.7833382593184945,0.5755660261015423,0.4334285017664201,0.5649085502384722,0.605,0.447,0.565,True,999,0.00011408398859202862,0.0013811249518767,weak_3x3_bal_strong_150_400,weak_null,True,601,4285374274,3.885780586188048e-16,0,0
150,400,0.06931863626777868,0.04032926374242107,0.05537129663591145,0.03469280434083544,0.028989372525357604,0.020678492295076012,0.03285697858629026,0.8822896618209918,0.629348564134385,0.37762018562295885,0.5291208839810193,0.547,0.37,0.506,True,999,0.00011712510604411364,0.001355250016786158,weak_3x3_bal_strong_150_400,weak_null,True,602,4285374274,3.885780586188048e-16,0,0
150,400,0.04730610375873456,0.06957871303537433,0.03339496827157973,0.06185051727831592,-0.022272609276639765,-0.02845554900673619,0.03276190126907563,-0.6798326230737762,-0.8685560942580502,0.49661044763355455,0.38508997816528434,0.656,0.49,0.38,True,999,0.00011362496297806501,0.0013802909525111318,weak_3x3_bal_strong_150_400,weak_null,True,603,4285374274,3.885780586188048e-16,0,0
150,400,0.042994983042025536,0.053094836248113564,0.029074241122117428,0.04633165388531779,-0.010099853206088028,-0.017257412763200364,0.02996820090526,-0.33701900351032776,-0.5758574836626698,0.736102574553011,0.564711515305071,0.841,0.742,0.554,True,999,0.00012833299115300179,0.0013583750696852803,weak_3x3_bal_strong_150_400,weak_null,True,604,4285374274,3.885780586188048e-16,0,0
150,400,0.11901260819844661,0.04145653405022531,0.10469993661712351,0.03561383728785472,0.0775560741482213,0.06908609932926879,0.03813853905679296,2.0335355277434934,1.8114511210403503,0.04199844797470338,0.07007104878417074,0.138,0.043,0.072,True,999,0.00015695893671363592,0.0013122920645400882,weak_3x3_bal_strong_150_400,weak_null,True,605,4285374274,3.885780586188048e-16,0,0
150,400,0.15417997909530223,0.06530451477653798,0.1401092636543808,0.05752660201667936,0.08887546431876425,0.08258266163770145,0.04788878539173372,1.8558721753278256,1.7244676590180628,0.06347177985941434,0.08462345248427293,0.148,0.073,0.096,True,999,0.00011316698510199785,0.0013162499526515603,weak_3x3_bal_strong_150_400,weak_null,True,606,4285374274,3.885780586188048e-16,0,0
150,400,0.06578984357233097,0.036909190182314644,0.0518463182751816,0.030181430135201026,0.02888065339001633,0.021664888139980576,0.03253306728248531,0.8877322614324991,0.6659343846021002,0.37468478778042635,0.5054530413605124,0.509,0.348,0.467,True,999,0.00011124997399747372,0.0012899580178782344,weak_3x3_bal_strong_150_400,weak_null,True,607,4285374274,3.885780586188048e-16,0,0
150,400,0.050614080619546975,0.049430515661033236,0.03662007994631722,0.04250643798184228,0.0011835649585137387,-0.005886358035525063,0.031076069823111382,0.038086056739179974,-0.18941771173223965,0.9696190683552904,0.84976544378673,0.99,0.977,0.843,True,999,0.00012045796029269695,0.0013209170429036021,weak_3x3_bal_strong_150_400,weak_null,True,608,4285374274,3.885780586188048e-16,0,0
150,400,0.11961113791846678,0.06517623430270841,0.10537576431431717,0.05953510749904467,0.05443490361575837,0.045840656815272496,0.040727795722759655,1.3365541309012916,1.1255373879626795,0.18136822001549124,0.2603613831880207,0.294,0.181,0.268,True,999,0.00011749996338039637,0.0013364589540287852,weak_3x3_bal_strong_150_400,weak_null,True,609,4285374274,3.885780586188048e-16,0,0
150,400,0.057742859207016606,0.0750303689377454,0.043806641444462,0.0684245980983178,-0.01728750973072879,-0.0246179566538558,0.03493938192489948,-0.49478579122800337,-0.704590502109365,0.6207513351462435,0.48106511090677473,0.703,0.607,0.46,True,999,0.00011766597162932158,0.0013541670050472021,weak_3x3_bal_strong_150_400,weak_null,True,610,4285374274,3.885780586188048e-16,0,0
150,400,0.03743918717579309,0.06457818311325614,0.02353865737961769,0.06036268959636004,-0.02713899593746305,-0.03682403221674235,0.030247508653469615,-0.8972307851327784,-1.2174236443277573,0.3695957812324895,0.22344307150125398,0.593,0.369,0.22,True,999,0.00012454204261302948,0.001280499971471727,weak_3x3_bal_strong_150_400,weak_null,True,611,4285374274,3.885780586188048e-16,0,1
150,400,0.18620989958560563,0.07157811547094367,0.16893454470815072,0.06628445749839784,0.11463178411466196,0.10265008720975288,0.04461549088306824,2.5693269724432235,2.300772336648413,0.010189626325905232,0.02140450286944986,0.047,0.017,0.029,True,999,0.0001099579967558384,0.0013255829690024257,weak_3x3_bal_strong_150_400,weak_null,True,612,4285374274,3.885780586188048e-16,0,1
150,400,0.04340275000674376,0.055320088160482395,0.029514087913497633,0.0500349645247411,-0.011917338153738632,-0.020520876611243466,0.031062312672759523,-0.3836590752043292,-0.6606358266826508,0.7012311487579053,0.5088458874357948,0.83,0.7,0.516,True,999,0.00010845903307199478,0.0013161669485270977,weak_3x3_bal_strong_150_400,weak_null,True,613,4285374274,3.885780586188048e-16,0,1
150,400,0.06456109963189727,0.04181400951183467,0.05060888360517879,0.03515655940137208,0.022747090120062596,0.015452324203806711,0.032186854596210006,0.7067198831768128,0.4800818345768467,0.47974057083189237,0.6311692044673073,0.676,0.493,0.631,True,999,0.00011012505274266005,0.0013573329197242856,weak_3x3_bal_strong_150_400,weak_null,True,614,4285374274,3.885780586188048e-16,0,0
150,400,0.10008556543151825,0.05064704705463502,0.08611790696423327,0.044946207943837635,0.049438518376883234,0.041171699020395636,0.03987183549574818,1.2399358535213463,1.0326010455371704,0.2149991212434823,0.3017906386944941,0.377,0.229,0.309,True,999,0.00010950001887977123,0.0013622079277411103,weak_3x3_bal_strong_150_400,weak_null,True,615,4285374274,3.885780586188048e-16,0,0
150,400,0.0332919857497187,0.044356130603694255,0.01941276063482178,0.039917399479179494,-0.011064144853975555,-0.020504638844357714,0.02701390407225152,-0.4095722271162043,-0.7590401886937892,0.6821197735536811,0.4478285163190385,0.816,0.666,0.432,True,999,0.00010858301538974047,0.001365541946142912,weak_3x3_bal_strong_150_400,weak_null,True,616,4285374274,3.885780586188048e-16,0,1
150,400,0.09747061730066964,0.030748684778406143,0.08343850329734437,0.02532612363754083,0.0667219325222635,0.05811237965980354,0.03635310529038108,1.8353846800514706,1.5985533889227312,0.06644871203091589,0.1099198735855331,0.212,0.081,0.126,True,999,0.00010958302300423384,0.0013716659741476178,weak_3x3_bal_strong_150_400,weak_null,True,617,4285374274,3.885780586188048e-16,0,1
150,400,0.06277349019797707,0.04810333239505432,0.04882376564899005,0.04244617757191804,0.014670157802922745,0.006377588077072005,0.033484562106528316,0.4381170569365928,0.1904635353086669,0.661301430334196,0.8489459147345902,0.789,0.683,0.843,True,999,0.00011562497820705175,0.0012926670024171472,weak_3x3_bal_strong_150_400,weak_null,True,618,4285374274,3.885780586188048e-16,0,0
150,400,0.08429222932203251,0.07972559704013654,0.07029805158450131,0.0730786786225508,0.004566632281895966,-0.002780627038049488,0.03862771969532745,0.11822163767146633,-0.0719852753406472,0.9058920457982148,0.9426136260244257,0.942,0.916,0.945,True,999,0.00011079199612140656,0.001300124917179346,weak_3x3_bal_strong_150_400,weak_null,True,619,4285374274,3.885780586188048e-16,0,0
150,400,0.07396438292287932,0.04916397308731907,0.05998624083710524,0.04449496572112821,0.024800409835560255,0.015491275115977032,0.035532009418753174,0.6979737493391249,0.4359808344472916,0.4851936108943351,0.6628506349999891,0.635,0.497,0.668,True,999,0.00011883408296853304,0.001359167043119669,weak_3x3_bal_strong_150_400,weak_null,True,620,4285374274,3.885780586188048e-16,0,1
150,400,0.04729119988188968,0.027107447300074028,0.03337195560200712,0.01921275690418156,0.02018375258181565,0.014159198697825559,0.02720423238209503,0.7419342806048063,0.5204777881233178,0.45812715462928844,0.6027306053041344,0.673,0.464,0.599,True,999,0.00012587499804794788,0.001341458992101252,weak_3x3_bal_strong_150_400,weak_null,True,621,4285374274,3.885780586188048e-16,0,0
150,400,0.025956078038434915,0.07006499467326988,0.012087494310293323,0.06325752821987862,-0.04410891663483496,-0.0511700339095853,0.02903258381109025,-1.5192900818557407,-1.7625036146468882,0.12868949513506975,0.07798424620361359,0.386,0.135,0.076,True,999,0.00011716701555997133,0.001346415956504643,weak_3x3_bal_strong_150_400,weak_null,True,622,4285374274,3.885780586188048e-16,0,0
150,400,0.06577863402168482,0.036920082888255934,0.051837165186583434,0.029189592257608865,0.02885855113342889,0.02264757292897457,0.03179030469407572,0.9077783749209181,0.7124050287317648,0.3639953258834241,0.4762140024461139,0.541,0.391,0.476,True,999,0.00011479097884148359,0.0012943330220878124,weak_3x3_bal_strong_150_400,weak_null,True,623,4285374274,3.885780586188048e-16,0,0
150,400,0.08887006708909406,0.05059378544465837,0.07476968952880725,0.046277843719735756,0.038276281644435695,0.028491845809071492,0.03730782050420879,1.025958663013232,0.763696335621033,0.30491106915480226,0.4450482249844333,0.473,0.319,0.454,True,999,0.0001139170490205288,0.0013144580880180001,weak_3x3_bal_strong_150_400,weak_null,True,624,4285374274,3.885780586188048e-16,0,1
150,400,0.08017034448256033,0.08239075775088317,0.06621808284208441,0.07689203120060029,-0.0022204132683228406,-0.010673948358515872,0.039101192966064936,-0.05678633054111388,-0.2729826777351667,0.9547154030146106,0.7848665312124112,0.953,0.939,0.765,True,999,0.00011825002729892731,0.001269125030376017,weak_3x3_bal_strong_150_400,weak_null,True,625,4285374274,3.885780586188048e-16,0,0
150,400,0.020285814427215776,0.057895439981124175,0.006408886799363245,0.05198241987150709,-0.0376096255539084,-0.045573533072143846,0.02623312981757754,-1.433669021403158,-1.7372510786573108,0.15166673656650626,0.08234286255527402,0.409,0.152,0.077,True,999,0.00011358293704688549,0.0013212920166552067,weak_3x3_bal_strong_150_400,weak_null,True,626,4285374274,3.885780586188048e-16,0,0
150,400,0.05417007896916837,0.04522165351281171,0.04021303658109332,0.03839480846355059,0.008948425456356657,0.0018182281175427306,0.031819740987668196,0.28122244803389934,0.05714151219041627,0.7785397880992689,0.9544324684799117,0.853,0.764,0.945,True,999,0.00011320901103317738,0.001367458957247436,weak_3x3_bal_strong_150_400,weak_null,True,627,4285374274,3.885780586188048e-16,0,0
150,400,0.03868191225605666,0.05461409919141064,0.024791547987007334,0.04873723053242429,-0.015932186935353976,-0.023945682545416958,0.029745677423012706,-0.5356135181856057,-0.8050138581443571,0.5922256840775997,0.42081168280953407,0.763,0.618,0.451,True,999,0.00011291704140603542,0.001340624992735684,weak_3x3_bal_strong_150_400,weak_null,True,628,4285374274,3.885780586188048e-16,0,0
150,400,0.049400873949755564,0.07756032477481617,0.03545588491380158,0.07229074327443641,-0.028159450825060606,-0.036834858360634826,0.034241632902748065,-0.8223746485758472,-1.0757331131156027,0.4108637032135809,0.2820466337097137,0.601,0.406,0.288,True,999,0.00011479097884148359,0.0013450420228764415,weak_3x3_bal_strong_150_400,weak_null,True,629,4285374274,3.885780586188048e-16,0,1
150,400,0.030445175643143196,0.044791958535785936,0.016573797812839075,0.03911452147644923,-0.01434678289264274,-0.02254072366361015,0.0265458868320667,-0.5404521982408296,-0.8491230225686631,0.5888852183267417,0.39581284089674273,0.78,0.579,0.385,True,999,0.00011541706044226885,0.001342125004157424,weak_3x3_bal_strong_150_400,weak_null,True,630,4285374274,3.885780586188048e-16,0,0
150,400,0.02987825106069808,0.013023988887352567,0.016000406724515415,0.0050225585888199475,0.016854262173345513,0.010977848135695467,0.021720861133719252,0.7759481573767405,0.5054057510939823,0.43777959668232425,0.6132738803225917,0.665,0.397,0.57,True,999,0.0001192920608446002,0.0013516249600797892,weak_3x3_bal_strong_150_400,weak_null,True,631,4285374274,3.885780586188048e-16,0,0
150,400,0.040708880577516426,0.0645276001249826,0.0267933218198948,0.05682585449116573,-0.02381871954746617,-0.03003253267127093,0.031479608772494824,-0.7566396304225254,-0.9540313187599627,0.4492657916704754,0.34006778947200333,0.632,0.469,0.346,True,999,0.0001253749942407012,0.0013877919409424067,weak_3x3_bal_strong_150_400,weak_null,True,632,4285374274,3.885780586188048e-16,0,0
150,400,0.06322178204082696,0.062041077986362825,0.049299044605021436,0.05535211689240782,0.0011807040544641323,-0.006053072287386385,0.03456548029021482,0.034158473845895876,-0.17511899839273912,0.9727507802717841,0.8609861303791385,0.978,0.96,0.844,True,999,0.00011858297511935234,0.0014004579279571772,weak_3x3_bal_strong_150_400,weak_null,True,633,4285374274,3.885780586188048e-16,0,0
150,400,0.07676380937715499,0.04699037691650726,0.06280466173507193,0.04273406884530573,0.02977343246064773,0.020070592889766203,0.03526077965977707,0.8443781659941879,0.5692044555855715,0.3984581192633626,0.5692173972988976,0.566,0.41,0.584,True,999,0.00011837494093924761,0.0013542909873649478,weak_3x3_bal_strong_150_400,weak_null,True,634,4285374274,3.885780586188048e-16,0,1
150,400,0.0515970012003919,0.06015678808714159,0.03764070035268219,0.05334083127988265,-0.008559786886749687,-0.015700130927200462,0.032081036665191916,-0.26681765231224897,-0.4893897629011216,0.7896095622459309,0.6245657822438633,0.894,0.839,0.662,True,999,0.00011866597924381495,0.0013795829145237803,weak_3x3_bal_strong_150_400,weak_null,True,635,4285374274,3.885780586188048e-16,0,0
150,400,0.12314378256146297,0.061405662028880315,0.10909636744719364,0.05612966596100932,0.06173812053258265,0.05296670148618432,0.04217209643825844,1.4639566383181737,1.2559655781810513,0.1432057964588592,0.20912845040394135,0.237,0.145,0.208,True,999,0.00011870800517499447,0.001368916011415422,weak_3x3_bal_strong_150_400,weak_null,True,636,4285374274,3.885780586188048e-16,0,1
150,400,0.07210653459804028,0.04360487566505805,0.05802203208989454,0.03816416048223914,0.028501658932982232,0.019857871607655397,0.03347954207364027,0.8513156742195314,0.5931345047664276,0.39459402022035117,0.5530911401737599,0.568,0.392,0.552,True,999,0.00012045796029269695,0.0013727090554311872,weak_3x3_bal_strong_150_400,weak_null,True,637,4285374274,3.885780586188048e-16,0,0
150,400,0.05713471611701526,0.0688863301697541,0.04317463925619336,0.06324543801670757,-0.011751614052738835,-0.020070798760514208,0.034448719144217085,-0.341133555751131,-0.5826283025644365,0.7330030408614655,0.5601435482808137,0.823,0.741,0.555,True,999,0.00011920800898224115,0.0013924998929724097,weak_3x3_bal_strong_150_400,weak_null,True,638,4285374274,3.885780586188048e-16,0,0
150,400,0.059480490696703914,0.06113596846374836,0.045541855328878,0.05591380218882591,-0.0016554777670444443,-0.010371946859947911,0.03456902889549848,-0.04788904461415223,-0.3000358179369779,0.9618046705057132,0.7641498347194109,0.97,0.96,0.756,True,999,0.00014341692440211773,0.001332291983999312,weak_3x3_bal_strong_150_400,weak_null,True,639,4285374274,3.885780586188048e-16,0,1
150,400,0.043031168674078524,0.06783471130007518,0.02914057770763634,0.06104620922693016,-0.024803542625996655,-0.03190563151929382,0.031827656551256356,-0.7793078508954052,-1.0024499123242672,0.4357983910588109,0.31612634606656187,0.597,0.416,0.312,True,999,0.0001145420828834176,0.001310291001573205,weak_3x3_bal_strong_150_400,weak_null,True,640,4285374274,3.885780586188048e-16,0,0
150,400,0.0542065277439443,0.0446815884437361,0.04030525863234402,0.03788179596625696,0.009524939300208202,0.0024234626660870617,0.03161840001869693,0.3012467200925984,0.07664722644580352,0.7632263659795742,0.9389041881574155,0.826,0.753,0.942,True,999,0.00011258304584771395,0.0012795840157195926,weak_3x3_bal_strong_150_400,weak_null,True,641,4285374274,3.885780586188048e-16,0,0
150,400,0.03790979557837337,0.0638276551957665,0.024030977064114722,0.0582009021701424,-0.025917859617393124,-0.034169925106027677,0.03015570564115582,-0.8594678541370632,-1.133116416264302,0.39008244784240287,0.25716536832128234,0.577,0.405,0.265,True,999,0.00011062505654990673,0.001294500078074634,weak_3x3_bal_strong_150_400,weak_null,True,642,4285374274,3.885780586188048e-16,0,0
150,400,0.04646436778448271,0.06425405793698563,0.032539341110350506,0.05733160158891337,-0.017789690152502924,-0.024792260478562866,0.031981800944761885,-0.5562441647119499,-0.7751990115060562,0.5780439512714493,0.4382220722125828,0.742,0.59,0.452,True,999,0.00011358305346220732,0.0013615830102935433,weak_3x3_bal_strong_150_400,weak_null,True,643,4285374274,3.885780586188048e-16,0,0
150,400,0.05022198740888406,0.03371713833379991,0.03629615051252699,0.028322273463231795,0.01650484907508415,0.007973877049295197,0.02955247301558603,0.5584929919868113,0.2698209738687439,0.576507788645793,0.7872979862681362,0.742,0.58,0.794,True,999,0.00011545908637344837,0.0013916250318288803,weak_3x3_bal_strong_150_400,weak_null,True,644,4285374274,3.885780586188048e-16,0,1
150,400,0.028671581566520166,0.015470416813307741,0.014796169956838412,0.008495150964819231,0.013201164753212424,0.006301018992019181,0.02213900025981313,0.5962854961059498,0.284611722212987,0.5509845186262278,0.775941629506631,0.743,0.542,0.767,True,999,0.00011608400382101536,0.0013367499923333526,weak_3x3_bal_strong_150_400,weak_null,True,645,4285374274,3.885780586188048e-16,0,0
150,400,0.0708466867348232,0.04707575884596088,0.05689780461608507,0.040393495365293575,0.023770927888862314,0.016504309250791493,0.03421308763024678,0.69479048911818,0.48239753830930243,0.4871866094175026,0.6295235695343881,0.61,0.457,0.607,True,999,0.0001154160127043724,0.0013453330611810088,weak_3x3_bal_strong_150_400,weak_null,True,646,4285374274,3.885780586188048e-16,0,0
150,400,0.05371114679067057,0.03087830926392654,0.039753030882650364,0.024891998904706725,0.022832837526744032,0.01486103197794364,0.030063019316561933,0.7594991469857207,0.4943293227289579,0.44755402414022305,0.6210736196619281,0.66,0.448,0.626,True,999,0.00014304101932793856,0.0012915829429402947,weak_3x3_bal_strong_150_400,weak_null,True,647,4285374274,3.885780586188048e-16,0,0
150,400,0.06439920616406924,0.04791867914000636,0.05045696942414679,0.04222710385735695,0.016480527024062885,0.00822986556678984,0.03293330586063376,0.5004212785016092,0.2498949119051927,0.6167784735933959,0.8026686181329905,0.72,0.614,0.803,True,999,0.00011312507558614016,0.00129725004080683,weak_3x3_bal_strong_150_400,weak_null,True,648,4285374274,3.885780586188048e-16,0,0
150,400,0.10145991268895949,0.053377035827316954,0.08737673148823433,0.04772916846793862,0.04808287686164253,0.039647563020295706,0.03877019016912828,1.240202244350344,1.022630088925023,0.2149005984883302,0.3064827775794289,0.393,0.233,0.316,True,999,0.0001282090088352561,0.0013645000290125608,weak_3x3_bal_strong_150_400,weak_null,True,649,4285374274,3.885780586188048e-16,0,0
150,400,0.06964705903631341,0.038760898759918005,0.055627719478309245,0.03442418284689097,0.030886160276395402,0.021203536631418274,0.03327274168506393,0.9282721745247744,0.6372644861104578,0.3532664039944031,0.5239525795201658,0.537,0.376,0.521,True,999,0.00011087500024586916,0.001365708070807159,weak_3x3_bal_strong_150_400,weak_null,True,650,4285374274,3.885780586188048e-16,0,1
150,400,0.046150659466222876,0.03005644583109679,0.03223516825315187,0.023195799063898903,0.016094213635126087,0.009039369189252966,0.02834289661012085,0.5678394081069,0.3189289123690038,0.5701440181645485,0.7497804193777393,0.751,0.553,0.738,True,999,0.00011312495917081833,0.0013757909182459116,weak_3x3_bal_strong_150_400,weak_null,True,651,4285374274,3.885780586188048e-16,0,0
150,400,0.054824795942909565,0.06991723847300102,0.040910228562466955,0.06574951746000579,-0.015092442530091454,-0.024839288897538836,0.033803362060135164,-0.44647755756490887,-0.734817112373334,0.6552523202980335,0.46245088386504085,0.788,0.668,0.463,True,999,0.00011504103895276785,0.001351374899968505,weak_3x3_bal_strong_150_400,weak_null,True,652,4285374274,3.885780586188048e-16,0,1
150,400,0.09119183486283511,0.07542489959953491,0.07716948626793396,0.06874837231228526,0.015766935263300197,0.008421113955648707,0.038792200446479345,0.4064460144521436,0.21708265730548368,0.6844149158561463,0.8281439291751033,0.778,0.701,0.849,True,999,0.00011595897376537323,0.001347083947621286,weak_3x3_bal_strong_150_400,weak_null,True,653,4285374274,3.885780586188048e-16,0,0
150,400,0.0677028299425253,0.044175986541310386,0.05376133419113671,0.03844298027388504,0.023526843401214914,0.01531835391725167,0.03345850405774233,0.7031648324925865,0.45783140485944673,0.48195303264653244,0.6470735714040843,0.649,0.486,0.646,True,999,0.00011787493713200092,0.0013731250073760748,weak_3x3_bal_strong_150_400,weak_null,True,654,4285374274,3.885780586188048e-16,0,0
150,400,0.1780015892087241,0.05476900354909703,0.16085384969397865,0.050929979012153126,0.12323258565962708,0.10992387068182552,0.04322905386607221,2.8506889380788567,2.542823884658228,0.004362462380003994,0.01099606375714306,0.031,0.006,0.018,True,999,0.00011487503070384264,0.001409083022736013,weak_3x3_bal_strong_150_400,weak_null,True,655,4285374274,3.885780586188048e-16,0,2
150,400,0.09791528178838327,0.05780131715859976,0.08376982986422377,0.05181636903336084,0.040113964629783505,0.03195346083086292,0.03864130092718157,1.0381111315423135,0.8269250792326663,0.2992183196208358,0.4082795275868134,0.453,0.307,0.417,True,999,0.00014341704081743956,0.0013018749887123704,weak_3x3_bal_strong_150_400,weak_null,True,656,4285374274,3.885780586188048e-16,0,0
150,400,0.05190002836941199,0.06602517743791031,0.03797284068082263,0.06168612201497581,-0.014125149068498322,-0.02371328133415318,0.03372184288715407,-0.4188723942450704,-0.7032024143373988,0.6753093931965066,0.48192961485333985,0.78,0.678,0.487,True,999,0.00011191598605364561,0.0013160000089555979,weak_3x3_bal_strong_150_400,weak_null,True,657,4285374274,3.885780586188048e-16,0,1
150,400,0.09342137707069154,0.033597025711921746,0.07939831805575182,0.02562546733133786,0.05982435135876979,0.053772850724413956,0.037789643018918635,1.5830885549466533,1.4229520691024693,0.11340128186146498,0.15475005038187847,0.277,0.112,0.158,True,999,0.00011020898818969727,0.001325374934822321,weak_3x3_bal_strong_150_400,weak_null,True,658,4285374274,3.885780586188048e-16,0,0
150,400,0.030167412197075416,0.07073852893015947,0.016281798106717815,0.0652339804601354,-0.040571116733084056,-0.048952182353417584,0.028837086371196523,-1.4069076262020663,-1.6975425923165632,0.15945478191202012,0.08959412575950687,0.414,0.148,0.099,True,999,0.00011395802721381187,0.0013721249997615814,weak_3x3_bal_strong_150_400,weak_null,True,659,4285374274,3.885780586188048e-16,0,0
150,400,0.060726591383867934,0.03791744697151439,0.04663199027436349,0.029018464289947588,0.022809144412353544,0.0176135259844159,0.03134579862723605,0.7276619327393659,0.5619102640795913,0.4668205585078927,0.5741771601297849,0.652,0.474,0.573,True,999,0.00011270807590335608,0.0013507090043276548,weak_3x3_bal_strong_150_400,weak_null,True,660,4285374274,3.885780586188048e-16,0,0
150,400,0.09109017242370587,0.07717957302004735,0.07709079398350127,0.07302118043403993,0.013910599403658519,0.004069613549461337,0.03960268052471113,0.35125398633000704,0.10276106302758964,0.7253978118546148,0.9181526088131011,0.786,0.721,0.924,True,999,0.0001128750154748559,0.0013868339592590928,weak_3x3_bal_strong_150_400,weak_null,True,661,4285374274,3.885780586188048e-16,0,1
150,400,0.06855807418340754,0.041537177284456106,0.05460511385123823,0.03610368483793991,0.02702089689895143,0.01850142901329832,0.034779368371083176,0.7769231634872812,0.5319656416958128,0.437204104178585,0.5947497922662517,0.574,0.44,0.606,True,999,0.0001176249934360385,0.0013125420082360506,weak_3x3_bal_strong_150_400,weak_null,True,662,4285374274,3.885780586188048e-16,0,1
150,400,0.03312614611161613,0.060031538387260996,0.019234950256759475,0.05481989754503047,-0.026905392275644868,-0.035584947288270996,0.028648217853688256,-0.9391646074829394,-1.2421347627978083,0.34764623731900934,0.21418684444158298,0.537,0.329,0.218,True,999,0.00012558407615870237,0.0013083330122753978,weak_3x3_bal_strong_150_400,weak_null,True,663,4285374274,3.885780586188048e-16,0,1
150,400,0.0655934736390189,0.024914422097821354,0.051678274448761385,0.01961028757445149,0.04067905154119755,0.032067986874309895,0.03157533257498866,1.2883174371825967,1.0156025054732591,0.19763548565166023,0.3098187112851969,0.382,0.187,0.299,True,999,0.00011316698510199785,0.0012846660101786256,weak_3x3_bal_strong_150_400,weak_null,True,664,4285374274,3.885780586188048e-16,0,1
150,400,0.10676465513187305,0.02428576763517548,0.0927788614435201,0.019829745082532213,0.08247888749669757,0.07294911636098789,0.03908142433157828,2.110437091466331,1.8665930837644544,0.034820724430551855,0.061958434164100816,0.113,0.049,0.079,True,999,0.00011391600128263235,0.0013565830886363983,weak_3x3_bal_strong_150_400,weak_null,True,665,4285374274,3.885780586188048e-16,0,1
150,400,0.07382578180188948,0.050028985491336386,0.0598818677814279,0.043163477069526834,0.023796796310553092,0.016718390711901066,0.03496651039149987,0.6805596567719819,0.4781257987918976,0.4961501616176295,0.6325606708704647,0.68,0.517,0.65,True,999,0.00011775002349168062,0.0013677499955520034,weak_3x3_bal_strong_150_400,weak_null,True,666,4285374274,3.885780586188048e-16,0,0
150,400,0.06306705442157656,0.037958082397984094,0.0490899331491903,0.031246080500466178,0.02510897202359247,0.017843852648724123,0.03202853948272063,0.783956197476277,0.557123519739352,0.43306581283230916,0.5774430390375843,0.641,0.424,0.568,True,999,0.0001177499070763588,0.0013236249797046185,weak_3x3_bal_strong_150_400,weak_null,True,667,4285374274,3.885780586188048e-16,0,0
150,400,0.08503351059661024,0.06173210427975673,0.07101777731332959,0.05492925889001299,0.023301406316853512,0.0160885184233166,0.03721553403496215,0.6261204338748168,0.43230653114374856,0.5312359503375468,0.6655186409538385,0.688,0.565,0.683,True,999,0.00011104205623269081,0.0012991249095648527,weak_3x3_bal_strong_150_400,weak_null,True,668,4285374274,3.885780586188048e-16,0,0
150,400,0.03177271442600893,0.07063268030052106,0.0178978142288031,0.06649890168810657,-0.038859965874512126,-0.04860108745930347,0.029471840423531695,-1.3185456122205559,-1.6490686282522788,0.1873210666093802,0.09913357580935739,0.409,0.158,0.087,True,999,0.0001087910495698452,0.001335625071078539,weak_3x3_bal_strong_150_400,weak_null,True,669,4285374274,3.885780586188048e-16,0,1
150,400,0.0654973944981343,0.04512044130441972,0.05154342552879143,0.04077008429996454,0.020376953193714575,0.010773341228826894,0.034046606703748476,0.5985017353130556,0.3164292207611035,0.549505201384471,0.7516767405535966,0.665,0.551,0.749,True,999,0.00011308398097753525,0.0013006670633330941,weak_3x3_bal_strong_150_400,weak_null,True,670,4285374274,3.885780586188048e-16,0,1
150,400,0.04667337389649484,0.05185292336761593,0.032758659687516456,0.04644404953884873,-0.005179549471121092,-0.013685389851332275,0.030913634742432212,-0.16754902858484047,-0.44269753347857344,0.8669380734735086,0.6579845267543522,0.911,0.875,0.669,True,999,0.00011324998922646046,0.0013511249562725425,weak_3x3_bal_strong_150_400,weak_null,True,671,4285374274,3.885780586188048e-16,0,1
150,400,0.06616922446443496,0.05506079610278464,0.05221283954497835,0.04933944622786157,0.011108428361650324,0.002873393317116779,0.03413704301437909,0.32540687126800266,0.0841722968186336,0.7448731557470136,0.9329194439404516,0.802,0.725,0.933,True,999,0.00011312495917081833,0.001375666935928166,weak_3x3_bal_strong_150_400,weak_null,True,672,4285374274,3.885780586188048e-16,0,0
150,400,0.08826565912917661,0.042988995737275326,0.0742629820263403,0.0365817397003525,0.045276663391901284,0.037681242325987796,0.037683181578652504,1.2015085110953179,0.9999485379794522,0.22955400697757378,0.3173354131085292,0.419,0.243,0.305,True,999,0.0001427909592166543,0.0013085419777780771,weak_3x3_bal_strong_150_400,weak_null,True,673,4285374274,3.885780586188048e-16,0,1
150,400,0.01153872587150162,0.05273538118019072,-0.002314055204891474,0.04724757979946048,-0.0411966553086891,-0.049561635004351956,0.022120214538152314,-1.8623985421856686,-2.2405585135202672,0.0625469344893449,0.02505468655112911,0.376,0.041,0.022,True,999,0.00010854192078113556,0.001299374969676137,weak_3x3_bal_strong_150_400,weak_null,True,674,4285374274,3.885780586188048e-16,0,0
150,400,0.12900882849769357,0.0482460853880432,0.11191920928933996,0.04401586538276092,0.08076274310965037,0.06790334390657904,0.03784631674785298,2.1339657343070786,1.7941863235721927,0.03284558584171123,0.07278343432279302,0.145,0.043,0.091,True,999,0.00011404207907617092,0.001323707983829081,weak_3x3_bal_strong_150_400,weak_null,True,675,4285374274,3.885780586188048e-16,0,1
150,400,0.03697339785697307,0.05242967063530091,0.023087054347314506,0.04800223018051497,-0.01545627277832784,-0.024915175833200465,0.028501034255766958,-0.5423056805456239,-0.8741849720123429,0.5876079429914983,0.38201752869759054,0.704,0.567,0.37,True,999,0.00011662498582154512,0.001332749961875379,weak_3x3_bal_strong_150_400,weak_null,True,676,4285374274,3.885780586188048e-16,0,1
150,400,0.03156333072449646,0.07222316184166999,0.017654516558252453,0.06554346415487089,-0.04065983111717353,-0.047888947596618436,0.030079910129096547,-1.351727147543667,-1.5920575357801705,0.17646261718838285,0.11137177729709881,0.466,0.192,0.132,True,999,0.00011712498962879181,0.0013214580249041319,weak_3x3_bal_strong_150_400,weak_null,True,677,4285374274,3.885780586188048e-16,0,0
150,400,0.04803252399323665,0.03990017659459444,0.03409069048478841,0.03431731733289212,0.008132347398642215,-0.00022662684810370592,0.02951234753856312,0.27555745567226936,-0.007679051888623151,0.7828879903209515,0.9938730632718913,0.867,0.804,0.996,True,999,0.0001177499070763588,0.001379166031256318,weak_3x3_bal_strong_150_400,weak_null,True,678,4285374274,3.885780586188048e-16,0,0
150,400,0.024514758309628792,0.069948705027428,0.010642565882989174,0.06310473161653363,-0.04543394671779921,-0.05246216573354445,0.028566688614655875,-1.5904519887016149,-1.8364804700055164,0.11173295958702706,0.06628662792751547,0.37,0.105,0.069,True,999,0.00011875003110617399,0.0013318749843165278,weak_3x3_bal_strong_150_400,weak_null,True,679,4285374274,3.885780586188048e-16,0,0
150,400,0.06618501326972304,0.05736046380326815,0.05217147200383465,0.05173042452094023,0.00882454946645489,0.00044104748289441886,0.03375786173856409,0.2614072400318518,0.01306503019385786,0.7937784743592835,0.9895759106794199,0.851,0.785,0.991,True,999,0.00011849997099488974,0.0013613749761134386,weak_3x3_bal_strong_150_400,weak_null,True,680,4285374274,3.885780586188048e-16,0,0
150,400,0.06987639514882327,0.057639774236039554,0.05591344158395373,0.05072374246068989,0.012236620912783713,0.005189699123263836,0.03516589880373959,0.34796838212713205,0.1475776050038555,0.7278639287964944,0.8826761301670508,0.828,0.731,0.867,True,999,0.00011758401524275541,0.0013434169813990593,weak_3x3_bal_strong_150_400,weak_null,True,681,4285374274,3.885780586188048e-16,0,0
150,400,0.07419446083261816,0.05773229703639726,0.060222302328924115,0.05081801654841911,0.016462163796220897,0.009404285780505006,0.03641716486383348,0.45204408025100706,0.2582377243167704,0.6512372271754592,0.7962234452100171,0.74,0.647,0.813,True,999,0.0001177910016849637,0.0013819170417264104,weak_3x3_bal_strong_150_400,weak_null,True,682,4285374274,3.885780586188048e-16,0,0
150,400,0.0643975515172075,0.04323089109156952,0.05039359519344089,0.03734643170557206,0.021166660425637973,0.01304716348786883,0.03322349636039632,0.6370991239461913,0.392708923417872,0.5240602791690305,0.6945344791724715,0.699,0.531,0.69,True,999,0.00011708401143550873,0.001343625015579164,weak_3x3_bal_strong_150_400,weak_null,True,683,4285374274,3.885780586188048e-16,0,0
150,400,0.08283251427049731,0.04030099204910048,0.06885476677760494,0.03340408508637438,0.042531522221396834,0.03545068169123056,0.037316480314213044,1.1397517092521048,0.9500006804695392,0.2543897575595563,0.3421119068581773,0.435,0.27,0.367,True,999,0.0001177079975605011,0.0013304580934345722,weak_3x3_bal_strong_150_400,weak_null,True,684,4285374274,3.885780586188048e-16,0,0
150,400,0.05772175969208182,0.0879198000246581,0.043773908664462624,0.08109805373157997,-0.03019804033257628,-0.03732414506711734,0.035515866998453674,-0.8502689891785853,-1.0509146536882346,0.395175553490125,0.2932977895833685,0.588,0.412,0.301,True,999,0.00011133297812193632,0.0012781249824911356,weak_3x3_bal_strong_150_400,weak_null,True,685,4285374274,3.885780586188048e-16,0,0
150,400,0.06532747865045296,0.04437818678286848,0.051244826068369775,0.04023775303420507,0.020949291867584485,0.011007073034164705,0.03209796880774185,0.6526672137126519,0.3429211704981737,0.5139708436386878,0.7316577646429496,0.677,0.514,0.722,True,999,0.00010966695845127106,0.0013042499776929617,weak_3x3_bal_strong_150_400,weak_null,True,686,4285374274,3.885780586188048e-16,0,1
150,400,0.024170026561984415,0.028087681993951064,0.010269689972233209,0.021311839546513056,-0.003917655431966649,-0.011042149574279847,0.022356588450012524,-0.1752349398355747,-0.49391031189616325,0.8608950310516543,0.6213695216323335,0.929,0.875,0.624,True,999,0.00011108303442597389,0.0013114579487591982,weak_3x3_bal_strong_150_400,weak_null,True,687,4285374274,3.885780586188048e-16,0,0
150,400,0.07400057435056828,0.03443646341384127,0.06003449268001759,0.02903656351153927,0.039564110936727015,0.030997929168478322,0.033220888021086394,1.1909407994035068,0.9330855077926549,0.2336768262770551,0.3507758210515681,0.46,0.256,0.372,True,999,0.00011500006075948477,0.0013328329659998417,weak_3x3_bal_strong_150_400,weak_null,True,688,4285374274,3.885780586188048e-16,0,1
150,400,0.10043548688487647,0.04153814454627591,0.08642277324420888,0.03575321852203217,0.058897342338600556,0.05066955472217671,0.03791504114273675,1.553403097121083,1.3363971973925526,0.12032686346276898,0.18141948188811585,0.285,0.128,0.189,True,999,0.00012500002048909664,0.0013426670338958502,weak_3x3_bal_strong_150_400,weak_null,True,689,4285374274,3.885780586188048e-16,0,0
150,400,0.04911737498520896,0.06788320860784869,0.0352243311903635,0.0635862643688796,-0.018765833622639727,-0.028361933178516097,0.03359606262589845,-0.558572408665936,-0.844204081125046,0.5764535747275711,0.3985553744029493,0.733,0.569,0.388,True,999,0.00011804199311882257,0.0013437920715659857,weak_3x3_bal_strong_150_400,weak_null,True,690,4285374274,3.885780586188048e-16,0,1
150,400,0.024638103273662004,0.03593068836089419,0.010757806804036818,0.028017256169050597,-0.011292585087232188,-0.01725944936501378,0.024440108754662734,-0.4620513435758654,-0.7061936400639374,0.644044501426744,0.4800677249474582,0.806,0.652,0.497,True,999,0.00011508399620652199,0.001288458937779069,weak_3x3_bal_strong_150_400,weak_null,True,691,4285374274,3.885780586188048e-16,0,0
150,400,0.023803615657790766,0.060538366596686655,0.009936421668840012,0.05378206698404142,-0.03673475093889589,-0.04384564531520141,0.02641193503927608,-1.390839061366355,-1.6600694061226635,0.16427423519033946,0.096900490718121,0.426,0.166,0.107,True,999,0.00011145800817757845,0.0013117920607328415,weak_3x3_bal_strong_150_400,weak_null,True,692,4285374274,3.885780586188048e-16,0,0
150,400,0.041511855299943834,0.03972045052922385,0.02758185895305587,0.035216406295205616,0.0017914047707199843,-0.0076345473421497445,0.028566174288888684,0.06271069946586381,-0.26725830574797466,0.9499968772236438,0.7892702866633219,0.97,0.957,0.788,True,999,0.00011745793744921684,0.0013375839916989207,weak_3x3_bal_strong_150_400,weak_null,True,693,4285374274,3.885780586188048e-16,0,1
150,400,0.11903772485401332,0.10664263068693142,0.10480190037827697,0.10085986530404512,0.0123950941670819,0.003942035074231853,0.04394940830980409,0.2820309679645185,0.08969483835695866,0.7779197647415838,0.9285297178044618,0.815,0.769,0.924,True,999,0.00011837505735456944,0.0013321670703589916,weak_3x3_bal_strong_150_400,weak_null,True,694,4285374274,3.885780586188048e-16,0,0
150,400,0.06406687090755492,0.058957405794224205,0.05011164210978336,0.05316530574833678,0.005109465113330713,-0.0030536636385534166,0.03423888923596555,0.1492298736129436,-0.08918699486739651,0.8813722481790989,0.9289333007802177,0.926,0.89,0.934,True,999,0.00011899997480213642,0.0013792080571874976,weak_3x3_bal_strong_150_400,weak_null,True,695,4285374274,3.885780586188048e-16,0,0
150,400,0.06175180313706474,0.02728814877650415,0.04774410808096263,0.02061239216533295,0.03446365436056059,0.027131715915629684,0.02992003582888345,1.1518587262950715,0.9068076011272003,0.24937913102012355,0.36450854959564793,0.488,0.263,0.381,True,999,0.0001230830093845725,0.0012802499113604426,weak_3x3_bal_strong_150_400,weak_null,True,696,4285374274,3.885780586188048e-16,0,0
150,400,0.06735190971821825,0.03738778357448502,0.05338926532030541,0.03221407986731606,0.029964126143733227,0.021175185452989354,0.0327742391871099,0.9142584812622625,0.6460923572351772,0.36058104128656476,0.5182195446937845,0.525,0.334,0.485,True,999,0.00013391696847975254,0.0012777079828083515,weak_3x3_bal_strong_150_400,weak_null,True,697,4285374274,3.885780586188048e-16,0,1
150,400,0.02687415379143232,0.0363612820710667,0.012984704035659433,0.03248992595968048,-0.009487128279634383,-0.019505221924021043,0.024249554917730697,-0.3912289653076321,-0.8043538114491038,0.6956279999117612,0.42119266826008483,0.848,0.713,0.438,True,999,0.00011458306107670069,0.0012932500103488564,weak_3x3_bal_strong_150_400,weak_null,True,698,4285374274,3.885780586188048e-16,0,2
150,400,0.06088291330906115,0.03460023984002292,0.04681084760380827,0.028957533466609675,0.02628267346903823,0.017853314137198595,0.030659274880168105,0.8572503287101264,0.5823136459351482,0.39130655328970054,0.560355435554472,0.571,0.367,0.542,True,999,0.00011933303903788328,0.0013046659296378493,weak_3x3_bal_strong_150_400,weak_null,True,699,4285374274,3.885780586188048e-16,0,0
150,400,0.013050535126671647,0.030000676297795625,-0.0007948156008410479,0.025649879063664116,-0.016950141171123978,-0.026444694664505164,0.019561119314064172,-0.8665220480986005,-1.3519008927823366,0.3862039407739355,0.17640702191666635,0.715,0.394,0.18,True,999,0.00011979194823652506,0.0013357090065255761,weak_3x3_bal_strong_150_400,weak_null,True,700,4285374274,3.885780586188048e-16,0,1
150,400,0.09895282994935584,0.02935960192437942,0.0848955553438202,0.023694896969203683,0.06959322802497642,0.06120065837461652,0.038008313327880835,1.8310001663222084,1.6101913769933864,0.06710051825309259,0.10735608331048532,0.185,0.063,0.113,True,999,0.00011875003110617399,0.0013567910064011812,weak_3x3_bal_strong_150_400,weak_null,True,701,4285374274,3.885780586188048e-16,0,0
150,400,0.08443733118234409,0.08325245885813531,0.07044125415450253,0.07643382556577194,0.0011848723242087744,-0.0059925714112694095,0.04005727084810538,0.02957945709036781,-0.14960009217784354,0.9764024490112161,0.8810801354546532,0.985,0.982,0.894,True,999,0.00011112506035715342,0.001273459056392312,weak_3x3_bal_strong_150_400,weak_null,True,702,4285374274,3.885780586188048e-16,0,0
150,400,0.06046054224223685,0.07539777558023841,0.04651135188132116,0.07104953628825683,-0.014937233338001565,-0.02453818440693567,0.03507146688149497,-0.42590842830936776,-0.6996623349074385,0.6701745731865028,0.48413820387246365,0.794,0.689,0.491,True,999,0.00010833307169377804,0.0012958749430254102,weak_3x3_bal_strong_150_400,weak_null,True,703,4285374274,3.885780586188048e-16,0,1
150,400,0.03576645569727299,0.08854932786176672,0.021876450208338838,0.08169017335507078,-0.05278287216449373,-0.059813723146731945,0.03236876299019241,-1.630673133245367,-1.8478841210229515,0.1029593085265952,0.06461910811397373,0.305,0.107,0.077,True,999,0.00011304195504635572,0.0013057079631835222,weak_3x3_bal_strong_150_400,weak_null,True,704,4285374274,3.885780586188048e-16,0,0
150,400,0.039184278180023124,0.0705404622658235,0.02526121168287432,0.06631686637939538,-0.031356184085800376,-0.04105565469652106,0.030816464948519064,-1.0175139860520326,-1.3322636053521142,0.30890898232263586,0.18277358207548677,0.564,0.349,0.216,True,999,0.00011233403347432613,0.0013253340730443597,weak_3x3_bal_strong_150_400,weak_null,True,705,4285374274,3.885780586188048e-16,0,1
150,400,0.04549256974878446,0.06168981003030405,0.03160340711701792,0.05400396136468544,-0.016197240281519587,-0.022400554247667515,0.031614852126565986,-0.5123300977868257,-0.7085452798573842,0.6084200041729012,0.4786067037740833,0.75,0.615,0.487,True,999,0.00011566595640033484,0.0013531249715015292,weak_3x3_bal_strong_150_400,weak_null,True,706,4285374274,3.885780586188048e-16,0,0
150,400,0.04543899568160725,0.031031737598420817,0.031535878262531014,0.025336268527297534,0.014407258083186436,0.00619960973523348,0.02798249170182499,0.5148668759275219,0.22155316979256526,0.6066460490713237,0.8246617415176105,0.727,0.602,0.805,True,999,0.0001153330085799098,0.0013949580024927855,weak_3x3_bal_strong_150_400,weak_null,True,707,4285374274,3.885780586188048e-16,0,0
150,400,0.06761903674146841,0.04444129290798721,0.053678567269116684,0.03913109844523888,0.0231777438334812,0.014547468823877807,0.033963453360842596,0.6824318948733129,0.42832713944954687,0.49496589359210597,0.6684129626661632,0.666,0.492,0.686,True,999,0.00011820800136774778,0.001363874995149672,weak_3x3_bal_strong_150_400,weak_null,True,708,4285374274,3.885780586188048e-16,0,1
150,400,0.06576523172071735,0.06264051216401001,0.05180849888787975,0.05569019153568888,0.003124719556707345,-0.003881692647809132,0.03467819115006889,0.09010618642665673,-0.11193469206658492,0.9282028331629846,0.9108751891527804,0.957,0.937,0.906,True,999,0.00011816690675914288,0.0013443330535665154,weak_3x3_bal_strong_150_400,weak_null,True,709,4285374274,3.885780586188048e-16,0,0
150,400,0.01675558465104987,0.07351114223141059,0.0028916733025710073,0.06896444772146992,-0.056755557580360716,-0.06607277441889892,0.02684516685292919,-2.1141815914684052,-2.4612540045244473,0.034499760526280836,0.013845230673964998,0.26,0.029,0.014,True,999,0.00011808308772742748,0.0013889169786125422,weak_3x3_bal_strong_150_400,weak_null,True,710,4285374274,3.885780586188048e-16,0,1
150,400,0.07955264387542571,0.04727790545944949,0.06545153795059377,0.0403405801743304,0.03227473841597622,0.025110957776263376,0.03453429211025521,0.9345707250328147,0.7271310990274069,0.3500095718154811,0.46714564933399316,0.524,0.346,0.458,True,999,0.00011479097884148359,0.0012897920096293092,weak_3x3_bal_strong_150_400,weak_null,True,711,4285374274,3.885780586188048e-16,0,0
150,400,0.03127809329340492,0.06024323366188533,0.017375775784671532,0.05352234446090165,-0.028965140368480413,-0.03614656867623012,0.02825187847030785,-1.0252465300288682,-1.2794394791914254,0.305246878298954,0.20074233892102367,0.552,0.319,0.221,True,999,0.00011166604235768318,0.0012672499287873507,weak_3x3_bal_strong_150_400,weak_null,True,712,4285374274,3.885780586188048e-16,0,0
150,400,0.07081411845152297,0.03195418401563305,0.0568465803362983,0.027624634811161286,0.03885993443588992,0.029221945525137016,0.031964032610365144,1.2157394190396553,0.9142133560350912,0.22408420285749953,0.3606047474823798,0.431,0.254,0.373,True,999,0.00015612493734806776,0.001301709096878767,weak_3x3_bal_strong_150_400,weak_null,True,713,4285374274,3.885780586188048e-16,0,1
150,400,0.043573041414234126,0.07981326082225287,0.0295946861180596,0.07315076067760629,-0.03624021940801875,-0.04355607455954669,0.03234565128264161,-1.1204046903042937,-1.3465820854539783,0.2625413471312411,0.17811486703016977,0.511,0.263,0.182,True,999,0.00011799996718764305,0.0013081250945106149,weak_3x3_bal_strong_150_400,weak_null,True,714,4285374274,3.885780586188048e-16,0,0
150,400,0.03794376359187579,0.05335145569373412,0.024006195053203783,0.0456482003481824,-0.015407692101858328,-0.021642005294978617,0.029398451401174218,-0.5240987660065293,-0.7361614052267461,0.6002098467979995,0.4616324768533866,0.799,0.639,0.48,True,999,0.00011670798994600773,0.001301957992836833,weak_3x3_bal_strong_150_400,weak_null,True,715,4285374274,3.885780586188048e-16,0,0
150,400,0.08013235998535762,0.03677121239445419,0.06615391561965112,0.031030014980274245,0.043361147590903426,0.03512390063937687,0.03477490581997543,1.2469091308364055,1.0100358235679525,0.21243081836023758,0.3124781272029509,0.39,0.204,0.307,True,999,0.00011729099787771702,0.001334250089712441,weak_3x3_bal_strong_150_400,weak_null,True,716,4285374274,3.885780586188048e-16,0,0
150,400,0.06507409822818966,0.046788630683954835,0.051128444860040645,0.040077098311599,0.018285467544234824,0.011051346548441643,0.03313811015106086,0.5517957258540118,0.333493566714089,0.5810883159712198,0.7387617448128981,0.717,0.586,0.751,True,999,0.00011766701936721802,0.0013386249775066972,weak_3x3_bal_strong_150_400,weak_null,True,717,4285374274,3.885780586188048e-16,0,0
150,400,0.11295943159523048,0.045562530092597864,0.09884789095517021,0.04113888457143844,0.06739690150263261,0.057709006383731776,0.038731044014820915,1.740126124068392,1.48999356592734,0.08183687399234538,0.13622592769642072,0.202,0.089,0.136,True,999,0.00011708296369761229,0.001370707992464304,weak_3x3_bal_strong_150_400,weak_null,True,718,4285374274,3.885780586188048e-16,0,1
150,400,0.06902627213078727,0.04347425518574022,0.055090476182812154,0.03669094140400375,0.02555201694504705,0.018399534778808402,0.03372272533550331,0.7577091320714187,0.5456123310246624,0.4486251308501137,0.5853324462789571,0.574,0.443,0.579,True,999,0.00011245801579207182,0.0012784999562427402,weak_3x3_bal_strong_150_400,weak_null,True,719,4285374274,3.885780586188048e-16,0,0
150,400,0.05211671785532501,0.07237904375161064,0.0382049887134599,0.06685228823573652,-0.020262325896285627,-0.028647299522276626,0.03322051019596594,-0.6099342176492563,-0.862337735130731,0.5419053846008146,0.3885016932693569,0.711,0.553,0.387,True,999,0.00010920804925262928,0.001290332991629839,weak_3x3_bal_strong_150_400,weak_null,True,720,4285374274,3.885780586188048e-16,0,0
150,400,0.06028126208455942,0.03265797918351748,0.046242687250099834,0.029745847285667537,0.027623282901041935,0.016496839964432297,0.03082303202628932,0.8961896700325171,0.535211459740948,0.37015147182546404,0.5925036428601953,0.597,0.372,0.582,True,999,0.00011179095599800348,0.0013212920166552067,weak_3x3_bal_strong_150_400,weak_null,True,721,4285374274,3.885780586188048e-16,0,2
150,400,0.03626452776547451,0.06568224678655121,0.022262527095818996,0.06005676682394778,-0.029417719021076705,-0.03779423972812879,0.02953628723241301,-0.9959856765204331,-1.2795866803006144,0.3192571046821804,0.2006905367775178,0.582,0.329,0.207,True,999,0.00011812499724328518,0.0013084999518468976,weak_3x3_bal_strong_150_400,weak_null,True,722,4285374274,3.885780586188048e-16,0,0
150,400,0.054554041614498505,0.03987242721540951,0.04051435450907093,0.03291766294478293,0.014681614399088994,0.007596691564287994,0.02989538784715592,0.4910996463451375,0.25410914898067466,0.623355971634217,0.7994112354481785,0.764,0.632,0.796,True,999,0.00011562497820705175,0.0013260419946163893,weak_3x3_bal_strong_150_400,weak_null,True,723,4285374274,3.885780586188048e-16,0,0
150,400,0.025702284684117727,0.05000903589175959,0.011835461706596107,0.043239359499125385,-0.024306751207641863,-0.03140389779252928,0.02657476552962009,-0.9146553402531318,-1.1817187157315334,0.3603725965494432,0.23731732961198415,0.609,0.347,0.225,True,999,0.0001151250908151269,0.0013816660502925515,weak_3x3_bal_strong_150_400,weak_null,True,724,4285374274,3.885780586188048e-16,0,0
150,400,0.04932754962258867,0.05502623799200557,0.03541479381726731,0.04822753490586251,-0.005698688369416893,-0.012812741088595203,0.03132905701164002,-0.1818978581863986,-0.40897308475753824,0.8556628853783227,0.6825594133785624,0.916,0.863,0.662,True,999,0.000116499955765903,0.0013569999719038606,weak_3x3_bal_strong_150_400,weak_null,True,725,4285374274,3.885780586188048e-16,0,0
150,400,0.10636550887503193,0.05263521474502625,0.09225514385209976,0.04478783259868635,0.053730294130005685,0.04746731125341341,0.03968572274613525,1.353894811837291,1.1960803021544055,0.1757699389832118,0.23166522365087872,0.344,0.191,0.239,True,999,0.00011312495917081833,0.0012955000856891274,weak_3x3_bal_strong_150_400,weak_null,True,726,4285374274,3.885780586188048e-16,0,0
150,400,0.02696881802220963,0.05111598861168465,0.01308565705625142,0.04442563093004992,-0.02414717058947502,-0.0313399738737985,0.026610859373619473,-0.9074179172662564,-1.1777137082941112,0.36418583802656046,0.23891076001165046,0.636,0.366,0.238,True,999,0.0001106249401345849,0.0013094170717522502,weak_3x3_bal_strong_150_400,weak_null,True,727,4285374274,3.885780586188048e-16,0,0
150,400,0.06876608771954906,0.082696324722287,0.05481477469626839,0.0747715570288392,-0.013930237002737933,-0.01995678233257081,0.03768038315892677,-0.3696946749183402,-0.5296332112228772,0.7116099999380923,0.5963662631632618,0.814,0.719,0.581,True,999,0.00011829100549221039,0.0013408750528469682,weak_3x3_bal_strong_150_400,weak_null,True,728,4285374274,3.885780586188048e-16,0,0
150,400,0.06598596346945085,0.017022292074650225,0.052014584069922876,0.009074957028985864,0.04896367139480062,0.04293962704093701,0.03025275862785453,1.6184861683892342,1.4193623652357223,0.10555786528206791,0.15579339860548727,0.291,0.108,0.166,True,999,0.00011770892888307571,0.0013472090940922499,weak_3x3_bal_strong_150_400,weak_null,True,729,4285374274,3.885780586188048e-16,0,0
150,400,0.027794205243952153,0.07430102596780241,0.013891490767093728,0.06637212757605937,-0.04650682072385026,-0.05248063680896564,0.030491757122303214,-1.525225999187591,-1.7211417695105098,0.12720273790960407,0.0852251013231967,0.359,0.137,0.102,True,999,0.00011495896615087986,0.0013554589822888374,weak_3x3_bal_strong_150_400,weak_null,True,730,4285374274,3.885780586188048e-16,0,0
150,400,0.03134109499601356,0.0299296067406985,0.017446793013590423,0.025602592222327303,0.0014114882553150632,-0.00815579920873688,0.024748374388835495,0.057033574534568816,-0.3295488859428331,0.9545184500483537,0.7417408498720598,0.982,0.968,0.748,True,999,0.00011674989946186543,0.0012813749490305781,weak_3x3_bal_strong_150_400,weak_null,True,731,4285374274,3.885780586188048e-16,0,1
150,400,0.05031989858082486,0.09075397608683,0.03636402430532826,0.08531733216233306,-0.04043407750600514,-0.0489533078570048,0.035192308493274926,-1.1489464385018076,-1.3910229238402911,0.25057806722347087,0.16421847544555168,0.429,0.238,0.155,True,999,0.00011154101230204105,0.001299499999731779,weak_3x3_bal_strong_150_400,weak_null,True,732,4285374274,3.885780586188048e-16,0,1
150,400,0.10055013098585053,0.02471683382888984,0.0865505668847959,0.0168096232485766,0.07583329715696069,0.0697409436362193,0.036469301516766736,2.0793734456936717,1.9123191488643112,0.037583039239734196,0.055835271178276566,0.152,0.035,0.063,True,999,0.00011587503831833601,0.001282708952203393,weak_3x3_bal_strong_150_400,weak_null,True,733,4285374274,3.885780586188048e-16,0,0
150,400,0.03503905057443646,0.061125072462429375,0.021152209426247737,0.052261163629424345,-0.026086021887992916,-0.03110895420317661,0.030327611852818306,-0.8601409835561706,-1.0257633985211299,0.3897113319337533,0.305003122498286,0.597,0.374,0.292,True,999,0.00011612498201429844,0.0012857919791713357,weak_3x3_bal_strong_150_400,weak_null,True,734,4285374274,3.885780586188048e-16,0,0
150,400,0.09592680795770603,0.05387047069441564,0.08192522891698673,0.04606559913821684,0.04205633726329039,0.035859629778769886,0.038845683542024674,1.082651492482873,0.9231303586143782,0.2789631423626462,0.3559392755388727,0.455,0.295,0.373,True,999,0.00011475000064820051,0.0013577910140156746,weak_3x3_bal_strong_150_400,weak_null,True,735,4285374274,3.885780586188048e-16,0,0
150,400,0.08068450908399472,0.06733954095254452,0.06670099860036771,0.06159383686755859,0.013344968131450197,0.005107161732809118,0.0365468375340405,0.36514700126982014,0.1397429183319131,0.7150016775915471,0.8888631151623325,0.789,0.717,0.889,True,999,0.00012766604777425528,0.001278458978049457,weak_3x3_bal_strong_150_400,weak_null,True,736,4285374274,3.885780586188048e-16,0,0
150,400,0.0491576457333609,0.06213577959989902,0.03523464974372814,0.05782279780427757,-0.012978133866538122,-0.02258814806054943,0.03284158210133421,-0.3951738325666983,-0.6877911055214289,0.6927146029681099,0.49158433804184465,0.813,0.704,0.498,True,999,0.00010879198089241982,0.001279916032217443,weak_3x3_bal_strong_150_400,weak_null,True,737,4285374274,3.885780586188048e-16,0,1
150,400,0.0610591291832554,0.04975375485570327,0.04710712114669491,0.04370393889138313,0.011305374327552131,0.0034031822553117763,0.03337774110012575,0.3387099892002439,0.10195963367032512,0.7348282147461465,0.9187887157127478,0.837,0.759,0.93,True,999,0.00010804191697388887,0.0013170830206945539,weak_3x3_bal_strong_150_400,weak_null,True,738,4285374274,3.885780586188048e-16,0,0
150,400,0.04550318788665475,0.040360626387757115,0.031597024677978425,0.03348902816438226,0.005142561498897635,-0.001892003486403837,0.029907556744067778,0.17194856614015025,-0.0632617201931455,0.863477964889187,0.9495580975391502,0.931,0.866,0.953,True,999,0.00010783399920910597,0.0013264169683679938,weak_3x3_bal_strong_150_400,weak_null,True,739,4285374274,3.885780586188048e-16,0,0
150,400,0.07083077353497602,0.04229283147453794,0.05688810940907274,0.03438496746591113,0.028537942060438082,0.02250314194316161,0.03441424414795854,0.8292479688858998,0.6538903439637654,0.40696410643504743,0.5131824553966086,0.592,0.432,0.54,True,999,0.00011379201896488667,0.0012811669148504734,weak_3x3_bal_strong_150_400,weak_null,True,740,4285374274,3.885780586188048e-16,0,0
150,400,0.08460448287036604,0.06299340231015271,0.07066087012114508,0.058833740892708875,0.021611080560213325,0.011827129228436206,0.03885601167955391,0.5561837055856432,0.30438351022680127,0.5780852771628887,0.7608357291058683,0.698,0.583,0.755,True,999,0.00011058303061872721,0.0013400419848039746,weak_3x3_bal_strong_150_400,weak_null,True,741,4285374274,3.885780586188048e-16,0,1
150,400,0.08978049873933691,0.043811527311797105,0.07574847536307061,0.03703660355985505,0.045968971427539806,0.03871187180321556,0.03606090148493658,1.2747593525009917,1.0735137006873314,0.2023944318805435,0.2830406948495795,0.36,0.188,0.258,True,999,0.00012570898979902267,0.0012812919449061155,weak_3x3_bal_strong_150_400,weak_null,True,742,4285374274,3.885780586188048e-16,0,0
150,400,0.04491990434197746,0.054495254936082094,0.03099656867283329,0.04756065119943287,-0.009575350594104637,-0.016564082526599577,0.03073592857843319,-0.31153607640874975,-0.5389159622859833,0.7553931214222758,0.589944842576352,0.852,0.745,0.578,True,999,0.00011250004172325134,0.0013014168944209814,weak_3x3_bal_strong_150_400,weak_null,True,743,4285374274,3.885780586188048e-16,0,0
150,400,0.0836437765792335,0.03386858601036952,0.0695528036413009,0.027894938438265626,0.04977519056886398,0.04165786520303527,0.03393229431763388,1.4668972897301817,1.2276760543535241,0.14240399792482972,0.21956859890640723,0.253,0.119,0.192,True,999,0.00011454196646809578,0.0013379170559346676,weak_3x3_bal_strong_150_400,weak_null,True,744,4285374274,3.885780586188048e-16,0,0
150,400,0.08711981775301036,0.0760045231168528,0.07287331357281346,0.07049167279464541,0.011115294636157569,0.002381640778168048,0.038012263287845814,0.2924133864902387,0.06265453756681631,0.7699705743485613,0.9500415999890861,0.82,0.756,0.948,True,999,0.00012212502770125866,0.0013415830908343196,weak_3x3_bal_strong_150_400,weak_null,True,745,4285374274,3.885780586188048e-16,0,0
150,400,0.09000870138178074,0.060154371066036216,0.07595714377634977,0.054594222059051845,0.029854330315744526,0.021362921717297922,0.03886790447947358,0.7680972441287853,0.54962885196396,0.4424294140681272,0.5825739654315871,0.566,0.442,0.549,True,999,0.0001420000335201621,0.0013803750043734908,weak_3x3_bal_strong_150_400,weak_null,True,746,4285374274,3.885780586188048e-16,0,0
150,400,0.0633015991116781,0.029342625143400913,0.049358764476352235,0.02513948737006899,0.033958973968277184,0.024219277106283243,0.03100291259720768,1.0953478600373743,0.7811936065795504,0.27336426737867014,0.43468863344720965,0.498,0.293,0.428,True,999,0.00012325006537139416,0.0013887920649722219,weak_3x3_bal_strong_150_400,weak_null,True,747,4285374274,3.885780586188048e-16,0,1
150,400,0.07359810751229334,0.0748384489698351,0.05941154700349216,0.06702315423356708,-0.0012403414575417604,-0.007611607230074924,0.03596221279612933,-0.034490131755053194,-0.2116556974184351,0.9724863113867418,0.8323756533153166,0.972,0.963,0.84,True,999,0.00011429202277213335,0.0012913750251755118,weak_3x3_bal_strong_150_400,weak_null,True,748,4285374274,3.885780586188048e-16,0,0
150,400,0.0734035033030842,0.03728395491343012,0.05939047484838511,0.030554199974574203,0.03611954838965409,0.028836274873810908,0.03301324356687647,1.0940926878779733,0.8734759677702048,0.27391432907233526,0.3824036997094009,0.455,0.259,0.382,True,999,0.00011095800437033176,0.0013089580461382866,weak_3x3_bal_strong_150_400,weak_null,True,749,4285374274,3.885780586188048e-16,0,0
150,400,0.033714926827860925,0.05479399514012001,0.019822500331343917,0.04895454408125488,-0.021079068312259086,-0.029132043749910963,0.02825643586972826,-0.7459917595212903,-1.0309879095941028,0.4556723929579295,0.3025464895582922,0.659,0.453,0.3,True,999,0.00011033297050744295,0.0013208750169724226,weak_3x3_bal_strong_150_400,weak_null,True,750,4285374274,3.885780586188048e-16,0,0
150,400,0.09964314598031132,0.04350519903692823,0.08563836107165912,0.03576743773479052,0.05613794694338309,0.0498709233368686,0.037512161128513244,1.4965265997621304,1.3294601493637053,0.13451648154189452,0.18369620484287208,0.265,0.149,0.19,True,999,0.00011158292181789875,0.0013584590051323175,weak_3x3_bal_strong_150_400,weak_null,True,751,4285374274,3.885780586188048e-16,0,0
150,400,0.04177228207653427,0.06711148490867602,0.027853884273753238,0.06135943528792609,-0.02533920283214175,-0.03350555101417285,0.031240835583176228,-0.8110923526574104,-1.0724921529376832,0.41731263717722966,0.2834990366391641,0.61,0.412,0.276,True,999,0.00011199992150068283,0.0013629170134663582,weak_3x3_bal_strong_150_400,weak_null,True,752,4285374274,3.885780586188048e-16,0,0
150,400,0.05487338670960784,0.06552908300913501,0.040938490552804296,0.06113459540148369,-0.010655696299527173,-0.020196104848679397,0.032980679638165686,-0.3230890453572175,-0.6123616938842035,0.7466278062907397,0.5402984800118953,0.825,0.745,0.512,True,999,0.0001130829332396388,0.0013192910701036453,weak_3x3_bal_strong_150_400,weak_null,True,753,4285374274,3.885780586188048e-16,0,1
150,400,0.02803066510751795,0.059366670290053936,0.01414048519006883,0.052701878794096046,-0.031336005182535986,-0.038561393604027216,0.027769885599895384,-1.128416790548609,-1.388604697895208,0.2591439400171398,0.16495298803062797,0.517,0.278,0.189,True,999,0.00011170899961143732,0.0013047499815002084,weak_3x3_bal_strong_150_400,weak_null,True,754,4285374274,3.885780586188048e-16,0,0
150,400,0.07305247260720504,0.10940631008014523,0.05907136522387191,0.10374038409057107,-0.03635383747294019,-0.04466901886669916,0.0384990200263056,-0.9442795543393143,-1.160263789472504,0.34502681109649325,0.2459414225559584,0.53,0.399,0.276,True,999,0.00011766701936721802,0.001283791963942349,weak_3x3_bal_strong_150_400,weak_null,True,755,4285374274,3.885780586188048e-16,0,0
150,400,0.06637976343915852,0.0138725015792861,0.05243517604230874,0.005935911184224096,0.05250726185987242,0.046499264858084643,0.030147431659343252,1.74168275603668,1.5423955640238975,0.08156397151943974,0.12297749888092947,0.287,0.083,0.142,True,999,0.00011170899961143732,0.0013067499967291951,weak_3x3_bal_strong_150_400,weak_null,True,756,4285374274,3.885780586188048e-16,0,0
150,400,0.06636766661788585,0.06325997202863853,0.05242301942087124,0.059149719281464286,0.003107694589247312,-0.006726699860593044,0.0349779281933118,0.0888473031356254,-0.19231270141035023,0.9292032638446526,0.8474972698084369,0.941,0.923,0.834,True,999,0.00012154201976954937,0.0013692089123651385,weak_3x3_bal_strong_150_400,weak_null,True,757,4285374274,3.885780586188048e-16,0,1
150,400,0.10787848443436321,0.05932359867484582,0.09365358309767657,0.05152489502617641,0.048554885759517386,0.042128688071500164,0.03852792109879146,1.2602518997849705,1.093458636490554,0.20757850574850167,0.27419248060728063,0.371,0.205,0.272,True,999,0.00012833299115300179,0.0013878330355510116,weak_3x3_bal_strong_150_400,weak_null,True,758,4285374274,3.885780586188048e-16,0,0
150,400,0.05225146162717942,0.023303261882564652,0.0382884678859341,0.018847154498033092,0.028948199744614767,0.019441313387901005,0.02869318800899353,1.008887535799135,0.6775584986167227,0.3130285735131194,0.49805166741180606,0.555,0.304,0.463,True,999,0.00011820800136774778,0.0012891249498352408,weak_3x3_bal_strong_150_400,weak_null,True,759,4285374274,3.885780586188048e-16,0,1
150,400,0.03563100559860288,0.062341953729383226,0.021713867087868266,0.05563221737952517,-0.026710948130780343,-0.03391835029165691,0.02978863094870823,-0.8966826362974781,-1.1386340765394511,0.3698882885904555,0.25485580923393547,0.604,0.353,0.246,True,999,0.00011020794045180082,0.0013023330830037594,weak_3x3_bal_strong_150_400,weak_null,True,760,4285374274,3.885780586188048e-16,0,0
150,400,0.051706239134483134,0.060890863841311815,0.03779920109440127,0.055023394381350954,-0.009184624706828681,-0.017224193286949685,0.03299624844131408,-0.27835360505192336,-0.5220045944793998,0.7807409304318641,0.601667131640226,0.877,0.788,0.604,True,999,0.00011000002268701792,0.0013187079457566142,weak_3x3_bal_strong_150_400,weak_null,True,761,4285374274,3.885780586188048e-16,0,0
150,400,0.0627996542810989,0.06234426752784067,0.04882418493531304,0.05564162810779294,0.00045538675325823563,-0.006817443172479898,0.03457385311712113,0.013171420371214746,-0.19718494057880606,0.9894910309032284,0.8436828149368426,0.991,0.99,0.868,True,999,0.00011629203800112009,0.0013454579748213291,weak_3x3_bal_strong_150_400,weak_null,True,762,4285374274,3.885780586188048e-16,0,0
150,400,0.035846133355565524,0.039145762640899084,0.021949339990896988,0.0333362049692596,-0.0032996292853335607,-0.01138686497836261,0.026645895195538186,-0.12383255511288202,-0.4273403049438295,0.9014478549378533,0.6691314802071837,0.951,0.909,0.672,True,999,0.00011291599366813898,0.0013629579916596413,weak_3x3_bal_strong_150_400,weak_null,True,763,4285374274,3.885780586188048e-16,0,0
150,400,0.05993670387847949,0.06760041696179248,0.04586695601048518,0.06333430009860308,-0.007663713083312984,-0.017467344088117898,0.03368479053911986,-0.22751256459240038,-0.5185528485870258,0.8200252002573112,0.6040725972127164,0.88,0.821,0.6,True,999,0.000112667097710073,0.0013609580928459764,weak_3x3_bal_strong_150_400,weak_null,True,764,4285374274,3.885780586188048e-16,0,1
150,400,0.08634738708329737,0.039863608477484436,0.07237386069800777,0.031952196987134585,0.04648377860581293,0.04042166371087319,0.03741353014214651,1.2424323080234747,1.080402291825919,0.21407710150500758,0.27996307572828516,0.368,0.203,0.273,True,999,0.00011216592974960804,0.0012834169901907444,weak_3x3_bal_strong_150_400,weak_null,True,765,4285374274,3.885780586188048e-16,0,0
150,400,0.008833099748479123,0.03460779248046397,-0.005012475536830152,0.027906782556527787,-0.02577469273198485,-0.03291925809335794,0.018752880398897893,-1.3744391359473305,-1.7554240944923107,0.16930539337333916,0.07918679371168316,0.558,0.167,0.091,True,999,0.00011691602412611246,0.0013132919557392597,weak_3x3_bal_strong_150_400,weak_null,True,766,4285374274,3.885780586188048e-16,0,0
150,400,0.0794164405359774,0.0773244989573183,0.06538660631531457,0.07177086157423673,0.0020919415786591067,-0.006384255258922167,0.03840679823589827,0.054468002404423274,-0.16622721893424838,0.9565623011133062,0.8679781398126801,0.965,0.951,0.868,True,999,0.00011658307630568743,0.0013206669827923179,weak_3x3_bal_strong_150_400,weak_null,True,767,4285374274,3.885780586188048e-16,0,0
150,400,0.040849404536251965,0.04233418623146268,0.026956905185613778,0.039418119891649894,-0.001484781695210713,-0.012461214706036117,0.029163409402928987,-0.05091248676369063,-0.4272893657208883,0.9593952554163978,0.669168577458489,0.973,0.96,0.641,True,999,0.00011741591151803732,0.0013561249943450093,weak_3x3_bal_strong_150_400,weak_null,True,768,4285374274,3.885780586188048e-16,0,2
150,400,0.07821752422829231,0.07857292880194605,0.06418025367668179,0.07290659519807718,-0.00035540457365373923,-0.008726341521395398,0.03802387066529874,-0.00934688045786164,-0.2294964023575646,0.9925423769793399,0.8184831165225301,0.996,0.995,0.828,True,999,0.00011625001206994057,0.0012993329437449574,weak_3x3_bal_strong_150_400,weak_null,True,769,4285374274,3.885780586188048e-16,0,0
150,400,0.07038913078846587,0.03565381690249625,0.05644499949099213,0.027716250559493005,0.03473531388596962,0.028728748931499126,0.03334512176323239,1.0416910195322815,0.8615577755417448,0.2975549539212561,0.388930915061668,0.502,0.319,0.4,True,999,0.00011479097884148359,0.0013368339277803898,weak_3x3_bal_strong_150_400,weak_null,True,770,4285374274,3.885780586188048e-16,0,0
150,400,0.06090146696450982,0.03936502033403555,0.0469693406160161,0.0326332217736649,0.02153644663047427,0.014336118842351198,0.0316698499493097,0.6800299548291259,0.45267403746141455,0.4964854941274085,0.6507834772722665,0.657,0.497,0.65,True,999,0.00011179095599800348,0.0012862499570474029,weak_3x3_bal_strong_150_400,weak_null,True,771,4285374274,3.885780586188048e-16,0,0
150,400,0.0969922257480722,0.08112115794257485,0.08287771479228923,0.07428001011143692,0.015871067805497352,0.008597704680852303,0.03998936290430069,0.3968822369958408,0.214999791355207,0.6914543035890093,0.829767481230554,0.795,0.703,0.841,True,999,0.0001092089805752039,0.001305833924561739,weak_3x3_bal_strong_150_400,weak_null,True,772,4285374274,3.885780586188048e-16,0,0
150,400,0.09625023908790098,0.022448406667829268,0.08219829884080809,0.015515575640563384,0.07380183242007171,0.06668272320024471,0.03543750533575208,2.0825910774710983,1.8816991367891251,0.0372885132078586,0.05987687702156575,0.148,0.038,0.061,True,999,0.00011116708628833294,0.0013146250275895,weak_3x3_bal_strong_150_400,weak_null,True,773,4285374274,3.885780586188048e-16,0,0
150,400,0.029056104448173192,0.0679037036355219,0.015180756159196562,0.061242015057729304,-0.0388475991873487,-0.04606125889853274,0.0294297179973961,-1.3200126209427452,-1.5651274301238012,0.18683080421635212,0.11755303303783031,0.448,0.191,0.127,True,999,0.00011454103514552116,0.0013248329050838947,weak_3x3_bal_strong_150_400,weak_null,True,774,4285374274,3.885780586188048e-16,0,0
150,400,0.042767985833581434,0.07080175944525641,0.028860010749752973,0.06420921095730137,-0.028033773611674973,-0.03534920020754839,0.03211842403149615,-0.8728253162167712,-1.1005894988148877,0.3827582984606607,0.2710753579653905,0.556,0.374,0.276,True,999,0.00014987506438046694,0.001310999970883131,weak_3x3_bal_strong_150_400,weak_null,True,775,4285374274,3.885780586188048e-16,0,0
150,400,0.05753467382588129,0.09260956032124756,0.043622400633779534,0.08587379663751449,-0.035074886495366275,-0.04225139600373495,0.03682724138700171,-0.9524168841966552,-1.147286476326943,0.34088559993536005,0.25126324140041867,0.512,0.344,0.253,True,999,0.0001246670726686716,0.0013129999861121178,weak_3x3_bal_strong_150_400,weak_null,True,776,4285374274,3.885780586188048e-16,0,0
150,400,0.04382702520244308,0.09522033529845958,0.02992157678099261,0.08938020080731235,-0.0513933100960165,-0.05945862402631974,0.034836759256600555,-1.4752609368013747,-1.7067782794708166,0.1401424042154269,0.08786327105670028,0.34,0.135,0.079,True,999,0.0001159169478341937,0.0012844159500673413,weak_3x3_bal_strong_150_400,weak_null,True,777,4285374274,3.885780586188048e-16,0,0
150,400,0.016475152950039318,0.08287219319445344,0.002586246173393647,0.07518582166662213,-0.06639704024441412,-0.07259957549322849,0.0276351134837085,-2.40263316753002,-2.6270771616706954,0.016277506758783793,0.008612180249579297,0.209,0.02,0.014,True,999,0.00011170899961143732,0.0013143339892849326,weak_3x3_bal_strong_150_400,weak_null,True,778,4285374274,3.885780586188048e-16,0,0
150,400,0.033028529319181876,0.052798865961873886,0.01914692129517448,0.04838415069721691,-0.01977033664269201,-0.02923722940204243,0.02845452407074972,-0.6948046853124225,-1.0275072367876048,0.4871777115581881,0.30418167955601405,0.69,0.466,0.293,True,999,0.000120542012155056,0.0013390410458669066,weak_3x3_bal_strong_150_400,weak_null,True,779,4285374274,3.885780586188048e-16,0,1
150,400,0.05793849169704135,0.12325368999341113,0.04399627145573959,0.11634196220475701,-0.06531519829636978,-0.07234569074901742,0.03867451265082852,-1.6888434738936664,-1.8706296677139271,0.09124943012740916,0.061396429494670245,0.23,0.098,0.074,True,999,0.00011962500866502523,0.0013492079451680183,weak_3x3_bal_strong_150_400,weak_null,True,780,4285374274,3.885780586188048e-16,0,0
150,400,0.04789185097503568,0.054775941326106026,0.03395799303106628,0.04799120194084594,-0.006884090351070349,-0.01403320890977966,0.03145943741329656,-0.21882433117385428,-0.446073104404862,0.8267868926341131,0.6555444400240983,0.894,0.832,0.647,True,999,0.00011750007979571819,0.0013733339728787541,weak_3x3_bal_strong_150_400,weak_null,True,781,4285374274,3.885780586188048e-16,0,0
150,400,0.03993500252675819,0.0435085157809747,0.026027096338793854,0.03777706343382192,-0.0035735132542165093,-0.011749967095028069,0.02817909260676392,-0.126814347931088,-0.41697464354149166,0.8990873394188769,0.6766969546193027,0.944,0.91,0.697,True,999,0.00012154097203165293,0.0013385419733822346,weak_3x3_bal_strong_150_400,weak_null,True,782,4285374274,3.885780586188048e-16,0,0
150,400,0.0547934406557713,0.049921272766844604,0.04086023471171529,0.0441447213432582,0.004872167888926693,-0.0032844866315429044,0.03157339972632117,0.15431242536941656,-0.1040270183132921,0.8773634006345754,0.9171479073746399,0.917,0.876,0.917,True,999,0.00011683302000164986,0.0013532500015571713,weak_3x3_bal_strong_150_400,weak_null,True,783,4285374274,3.885780586188048e-16,0,0
150,400,0.0958127515057996,0.04213329596177573,0.08181722403540448,0.03683382088780718,0.05367945554402387,0.0449834031475973,0.038383070752313404,1.3985190473794629,1.171959467179579,0.1619572569277976,0.24121332988649635,0.322,0.161,0.236,True,999,0.00011612498201429844,0.0013556249905377626,weak_3x3_bal_strong_150_400,weak_null,True,784,4285374274,3.885780586188048e-16,0,1
150,400,0.07512278057213506,0.053010582271950824,0.061109053649119005,0.04743719780984179,0.022112198300184238,0.013671855839277214,0.035757121807231985,0.6183998370839786,0.3823533648200969,0.5363118051812485,0.7021992766822924,0.69,0.559,0.729,True,999,0.00011850008741021156,0.0013624160783365369,weak_3x3_bal_strong_150_400,weak_null,True,785,4285374274,3.885780586188048e-16,0,0
150,400,0.019892840027839975,0.08509528592097054,0.006035049904795642,0.07940412836825317,-0.06520244589313057,-0.07336907846345753,0.028806743420087967,-2.2634438382112494,-2.546941089227554,0.023608342964562812,0.010867177693220724,0.187,0.033,0.011,True,999,0.00011687492951750755,0.0013817920116707683,weak_3x3_bal_strong_150_400,weak_null,True,786,4285374274,3.885780586188048e-16,0,0
150,400,0.06507067052335147,0.07718406712606979,0.051071933843189754,0.07056705181000211,-0.012113396602718318,-0.01949511796681236,0.03618384582103255,-0.3347736076101998,-0.5387795996930888,0.7377958709334018,0.590038941597419,0.801,0.736,0.609,True,999,0.00011633394751697779,0.0013977090129628778,weak_3x3_bal_strong_150_400,weak_null,True,787,4285374274,3.885780586188048e-16,0,0
150,400,0.05802949433258631,0.04407649600200747,0.04402968768008009,0.03823050797981864,0.013952998330578836,0.005799179700261448,0.03205415418662718,0.4352945408991622,0.1809181944560819,0.6633486469052655,0.8564317874013692,0.767,0.66,0.863,True,999,0.00011745898518711329,0.0013679169351235032,weak_3x3_bal_strong_150_400,weak_null,True,788,4285374274,3.885780586188048e-16,0,0
150,400,0.07974477395118962,0.03465615457678939,0.06580125673480097,0.02883438000890237,0.04508861937440023,0.0369668767258986,0.03492249250292049,1.2911054206863835,1.0585406159885966,0.1966671246704511,0.2898090439792744,0.421,0.223,0.304,True,999,0.00011729204561561346,0.0012885419419035316,weak_3x3_bal_strong_150_400,weak_null,True,789,4285374274,3.885780586188048e-16,0,0
150,400,0.031155667008089694,0.07381560218584637,0.017278762997761987,0.06697895973661616,-0.04265993517775668,-0.049700196738854174,0.03106742825670156,-1.373140216990909,-1.5997525230667697,0.169708760567016,0.10965349496531047,0.392,0.174,0.115,True,999,0.00011145800817757845,0.0012976659927517176,weak_3x3_bal_strong_150_400,weak_null,True,790,4285374274,3.885780586188048e-16,0,0
150,400,0.026924516354592587,0.0345508150130871,0.013048187084564233,0.027843104819993414,-0.0076262986584945125,-0.01479491773542918,0.024709737694735442,-0.30863535472168696,-0.5987484739095926,0.7575989237686445,0.5493406270909831,0.861,0.756,0.56,True,999,0.0001176249934360385,0.0013430409599095583,weak_3x3_bal_strong_150_400,weak_null,True,791,4285374274,3.885780586188048e-16,0,0
150,400,0.038973367416473836,0.05716354667984758,0.02506318373070826,0.05048690976383341,-0.01819017926337374,-0.02542372603312515,0.029664620695355432,-0.6131943991524478,-0.8570386351545605,0.5397478076971904,0.3914235329471507,0.716,0.556,0.414,True,999,0.00011587503831833601,0.0013269169721752405,weak_3x3_bal_strong_150_400,weak_null,True,792,4285374274,3.885780586188048e-16,0,0
150,400,0.05596491084250155,0.09806470856087768,0.04204604904199982,0.0923744848365402,-0.04209979771837613,-0.05032843579454038,0.035958345634915186,-1.1707935105195066,-1.3996315710829585,0.24168178693821718,0.16162367477954986,0.448,0.271,0.165,True,999,0.00014525000005960464,0.0013101670192554593,weak_3x3_bal_strong_150_400,weak_null,True,793,4285374274,3.885780586188048e-16,0,0
150,400,0.06713694640043832,0.043063490641277735,0.05317915413465357,0.034179977938720185,0.02407345575916059,0.018999176195933387,0.0338034061657549,0.7121606515366077,0.562049164595159,0.476365299952196,0.5740825224210848,0.644,0.479,0.563,True,999,0.00011141702998429537,0.0012867910554632545,weak_3x3_bal_strong_150_400,weak_null,True,794,4285374274,3.885780586188048e-16,0,0
150,400,0.09753414386396964,0.031148641384623255,0.08344992809568907,0.024367278563829586,0.06638550247934638,0.05908264953185949,0.03557344067005234,1.8661535468294839,1.6608640721559016,0.06201988612484885,0.09674074940079984,0.198,0.071,0.106,True,999,0.00011566700413823128,0.0013407920487225056,weak_3x3_bal_strong_150_400,weak_null,True,795,4285374274,3.885780586188048e-16,0,0
150,400,0.05444956889587038,0.0681255703062631,0.04046656317669317,0.06233429477890695,-0.013676001410392713,-0.02186773160221378,0.033246689387487365,-0.4113492700280641,-0.6577416279662378,0.6808164465585419,0.5107041684076477,0.807,0.695,0.517,True,999,0.00011708296369761229,0.0012900829315185547,weak_3x3_bal_strong_150_400,weak_null,True,796,4285374274,3.885780586188048e-16,0,0
150,400,0.08173290954153023,0.06604934443024613,0.06773536337269093,0.05826209931234416,0.015683565111284103,0.009473264060346764,0.038487108356772326,0.40750177867089277,0.24614122662919716,0.683639488043009,0.8055729103358282,0.778,0.705,0.815,True,999,0.0001307089114561677,0.0013226669980213046,weak_3x3_bal_strong_150_400,weak_null,True,797,4285374274,3.885780586188048e-16,0,0
150,400,0.11727670528588297,0.042745156322145095,0.10320871547239108,0.03485341507129647,0.07453154896373787,0.06835530040109461,0.04007751657270223,1.85968481426574,1.7055772474598154,0.06293013176017019,0.08808681856516246,0.167,0.066,0.089,True,999,0.0001127920113503933,0.0013692909851670265,weak_3x3_bal_strong_150_400,weak_null,True,798,4285374274,3.885780586188048e-16,0,0
150,400,0.07609717290437312,0.04238800850724067,0.0621440883128912,0.03566522906706382,0.03370916439713245,0.02647885924582738,0.03537619393767755,0.9528770804603256,0.7484937269530845,0.34065235396378946,0.4541624074270262,0.48,0.332,0.41,True,999,0.0001252500806003809,0.0013303749728947878,weak_3x3_bal_strong_150_400,weak_null,True,799,4285374274,3.885780586188048e-16,0,0
150,400,0.02967536112947311,0.05960994601983821,0.015755895733491343,0.05273789516297711,-0.0299345848903651,-0.03698199942948577,0.027911932983264866,-1.0724654902372026,-1.3249530031352195,0.28351100622404424,0.18518673941939823,0.528,0.286,0.19,True,999,0.00011729099787771702,0.001379332970827818,weak_3x3_bal_strong_150_400,weak_null,True,800,4285374274,3.885780586188048e-16,0,0
150,400,0.11121741256765949,0.06580130831736763,0.09698660983772811,0.061647355554868,0.045416104250291855,0.03533925428286011,0.039024777632719915,1.1637761187962081,0.9055594016564052,0.24451475251957933,0.3651691054837176,0.398,0.248,0.371,True,999,0.00011804094538092613,0.0013589999871328473,weak_3x3_bal_strong_150_400,weak_null,True,801,4285374274,3.885780586188048e-16,0,1
150,400,0.07657607612636541,0.09694116844854256,0.06260007622566377,0.09169053510467506,-0.020365092322177147,-0.029090458879011294,0.03880040482985928,-0.5248680371114315,-0.7497462721477691,0.5996749302981121,0.453407533200722,0.688,0.6,0.459,True,999,0.00012112502008676529,0.0013937089825049043,weak_3x3_bal_strong_150_400,weak_null,True,802,4285374274,3.885780586188048e-16,0,1
150,400,0.045726848202857884,0.030096740299509595,0.03181013138512867,0.023162935750065117,0.01563010790334829,0.008647195635063554,0.0280341149398914,0.557538839262847,0.3084525997558406,0.5771593304019432,0.7577379628736175,0.734,0.579,0.758,True,999,0.00011833303142338991,0.0013751669321209192,weak_3x3_bal_strong_150_400,weak_null,True,803,4285374274,3.885780586188048e-16,0,0
150,400,0.03493289780918074,0.028470702431623585,0.021008785724177415,0.02179092964075835,0.006462195377557156,-0.0007821439165809352,0.02507672042965419,0.25769699015008996,-0.031190040132042934,0.7966407691861749,0.97511798287474,0.885,0.801,0.977,True,999,0.00011916598305106163,0.001366458018310368,weak_3x3_bal_strong_150_400,weak_null,True,804,4285374274,3.885780586188048e-16,0,0
150,400,0.0654333456623577,0.024639239456015483,0.05147143496245121,0.017837231429808753,0.04079410620634222,0.03363420353264246,0.03148343941397182,1.2957321997112705,1.0683141409802948,0.1950677638066285,0.28537883183022217,0.384,0.191,0.285,True,999,0.0001140000531449914,0.001289833104237914,weak_3x3_bal_strong_150_400,weak_null,True,805,4285374274,3.885780586188048e-16,0,0
150,400,0.05164672313070162,0.0753312028598841,0.03773120776403971,0.0686786061743021,-0.023684479729182473,-0.030947398410262394,0.03462313867738561,-0.6840650684466162,-0.8938357292972963,0.4939340785340839,0.37140978939629243,0.649,0.473,0.345,True,999,0.00011133297812193632,0.0013278330443426967,weak_3x3_bal_strong_150_400,weak_null,True,806,4285374274,3.885780586188048e-16,0,0
150,400,0.051622998267634834,0.0274989190172667,0.03768873079741297,0.0216399652531436,0.024124079250368136,0.016048765544269372,0.02848824852054513,0.8468080876565772,0.563346866785978,0.3971020995486153,0.5731987103021143,0.66,0.401,0.58,True,999,0.00011091702617704868,0.0013431659899652004,weak_3x3_bal_strong_150_400,weak_null,True,807,4285374274,3.885780586188048e-16,0,0
150,400,0.022624501341373726,0.014627616036960334,0.008728556410318333,0.009968734692691328,0.007996885304413393,-0.0012401782823729945,0.019774739787249557,0.4043990156355766,-0.06271527695007355,0.6859193239416305,0.9499932320947161,0.856,0.652,0.947,True,999,0.00011279189493507147,0.0013808339135721326,weak_3x3_bal_strong_150_400,weak_null,True,808,4285374274,3.885780586188048e-16,0,1
150,400,0.04064984462239174,0.056711807476306164,0.026758247753463138,0.049881085849818874,-0.016061962853914424,-0.023122838096355736,0.030272616238770096,-0.5305772955739415,-0.7638202761855234,0.5957117325564518,0.44497435198431223,0.762,0.627,0.467,True,999,0.0001218749675899744,0.0013681250857189298,weak_3x3_bal_strong_150_400,weak_null,True,809,4285374274,3.885780586188048e-16,0,0
150,400,0.08133247540215671,0.04144233174778489,0.06725036841754672,0.03450406011776863,0.039890143654371824,0.03274630829977809,0.03562063825274509,1.119860440774042,0.9193071743248314,0.26277323826379795,0.3579349263262489,0.459,0.276,0.359,True,999,0.00012866698671132326,0.001369292032904923,weak_3x3_bal_strong_150_400,weak_null,True,810,4285374274,3.885780586188048e-16,0,0
150,400,0.09104658363252494,0.05202909590683652,0.0769478341041463,0.049259264391423585,0.039017487725688416,0.02768856971272271,0.03765811999299833,1.0360975994803465,0.7352616040808932,0.30015661202440025,0.4621801872712379,0.479,0.309,0.461,True,999,0.00011929101310670376,0.0013610420282930136,weak_3x3_bal_strong_150_400,weak_null,True,811,4285374274,3.885780586188048e-16,0,2
150,400,0.12748997079376334,0.04317967827493335,0.11324357818267572,0.03625288785443104,0.08431029251882999,0.07699069032824468,0.04144517948107137,2.0342605237681686,1.8576512707203374,0.04192533511299084,0.06321855262895289,0.151,0.053,0.079,True,999,0.00011920800898224115,0.0013619160745292902,weak_3x3_bal_strong_150_400,weak_null,True,812,4285374274,3.885780586188048e-16,0,0
150,400,0.06004399267831162,0.05944265893740419,0.04608496873871104,0.05278313030325421,0.0006013337409074282,-0.00669816156454317,0.03449915342276121,0.017430391219707186,-0.1941543748179044,0.9860932641479666,0.8460550066320278,0.991,0.987,0.842,True,999,0.00011870800517499447,0.0013938749907538295,weak_3x3_bal_strong_150_400,weak_null,True,813,4285374274,3.885780586188048e-16,0,0
150,400,0.03927257186090927,0.06157307298960274,0.025344528528279398,0.05484765452192164,-0.022300501128693473,-0.029503125993642243,0.029277739747318777,-0.761687934968946,-1.0076982119613282,0.44624627786603455,0.3135993636521027,0.64,0.449,0.322,True,999,0.00011741695925593376,0.001378249959088862,weak_3x3_bal_strong_150_400,weak_null,True,814,4285374274,3.885780586188048e-16,0,0
150,400,0.09656212935996789,0.033540866927865454,0.08252038227900016,0.02575593250568886,0.06302126243210243,0.0567644497733113,0.03735687400772389,1.6870057815617063,1.5195181952744417,0.09160224025469006,0.12863211161600685,0.214,0.083,0.124,True,999,0.00011687504593282938,0.0013860410545021296,weak_3x3_bal_strong_150_400,weak_null,True,815,4285374274,3.885780586188048e-16,0,0
150,400,0.05091149826906438,0.041916965186148236,0.03700136870642723,0.035051256386566365,0.008994533082916145,0.0019501123198608639,0.030208642660871466,0.29774701180356405,0.0645547812840594,0.7658962595636728,0.948528488875534,0.86,0.762,0.941,True,999,0.00011500006075948477,0.001282458077184856,weak_3x3_bal_strong_150_400,weak_null,True,816,4285374274,3.885780586188048e-16,0,0
150,400,0.039848747150543984,0.040720186743085196,0.025950620656601586,0.034819730932241555,-0.0008714395925412122,-0.008869110275639969,0.028651169828118942,-0.03041549778836467,-0.3095549092356994,0.9757356851262803,0.7568994501743087,0.993,0.982,0.755,True,999,0.00011083390563726425,0.0012877919944003224,weak_3x3_bal_strong_150_400,weak_null,True,817,4285374274,3.885780586188048e-16,0,0
150,400,0.07328715162986277,0.05320988326814968,0.059351235340386665,0.04752746132732,0.020077268361713085,0.011823774013066668,0.03611620759982242,0.5559074359128394,0.3273813835626752,0.578274134664479,0.7433794451355401,0.681,0.57,0.757,True,999,0.00011662498582154512,0.0013002080377191305,weak_3x3_bal_strong_150_400,weak_null,True,818,4285374274,3.885780586188048e-16,0,0
150,400,0.05958160618209174,0.06335100283527423,0.045644538196199846,0.05749454827144973,-0.0037693966531824885,-0.011850010075249884,0.03358089309531479,-0.11224825505633723,-0.3528795390168821,0.9106265688962383,0.7241787508169419,0.94,0.913,0.716,True,999,0.00012116599828004837,0.0013591659953817725,weak_3x3_bal_strong_150_400,weak_null,True,819,4285374274,3.885780586188048e-16,0,0
150,400,0.10023692252638017,0.020749649947363724,0.08611699641238602,0.013916154283748483,0.07948727257901644,0.07220084212863753,0.03499615632746171,2.271314364790463,2.0631077725521836,0.023127954254247175,0.039102389874948136,0.095,0.023,0.045,True,999,0.00011795898899435997,0.0013470000121742487,weak_3x3_bal_strong_150_400,weak_null,True,820,4285374274,3.885780586188048e-16,0,0
150,400,0.14680679627973303,0.023242583656446436,0.13261922327362186,0.016326040553735766,0.1235642126232866,0.11629318271988609,0.041357423187809314,2.987715459499636,2.8119059108635462,0.002810710997157901,0.004924890718693643,0.018,0.005,0.012,True,999,0.0001168340677395463,0.0013519999338313937,weak_3x3_bal_strong_150_400,weak_null,True,821,4285374274,3.885780586188048e-16,0,0
150,400,0.08220496763726226,0.0470444317466886,0.06818364045361136,0.04149750186886081,0.03516053589057366,0.02668613858475055,0.03555120384450303,0.989011118845986,0.7506395198731587,0.3226577016405532,0.45286963039105554,0.516,0.35,0.462,True,999,0.00011320807971060276,0.001310042105615139,weak_3x3_bal_strong_150_400,weak_null,True,822,4285374274,3.885780586188048e-16,0,0
150,400,0.03282792589582639,0.023874016251038355,0.018938659857809625,0.01783088256809151,0.008953909644788038,0.0011077772897181148,0.024009317203741148,0.37293478897404186,0.046139474951228526,0.7091969789447228,0.9631990830349488,0.849,0.697,0.962,True,999,0.0001254579983651638,0.0012816250091418624,weak_3x3_bal_strong_150_400,weak_null,True,823,4285374274,3.885780586188048e-16,0,0
150,400,0.051280266105161454,0.08908706620179219,0.037369034201816476,0.08243434197359534,-0.03780680009663073,-0.04506530777177886,0.035586739985802376,-1.0623844755578642,-1.2663511125143252,0.28806117857128766,0.2053874052563991,0.484,0.29,0.2,True,999,0.00011233298573642969,0.0013074579183012247,weak_3x3_bal_strong_150_400,weak_null,True,824,4285374274,3.885780586188048e-16,0,0
150,400,0.03522033995628426,0.047181025667769994,0.021332660454163488,0.04051009185920407,-0.01196068571148573,-0.01917743140504058,0.02822963439433208,-0.42369254749849633,-0.6793368676744537,0.6717900509377837,0.49692444154246096,0.822,0.686,0.516,True,999,0.00011237501166760921,0.0013790000230073929,weak_3x3_bal_strong_150_400,weak_null,True,825,4285374274,3.885780586188048e-16,0,0
150,400,0.01836727712921382,0.043811766518583206,0.004492993610597296,0.03495217662157302,-0.025444489389369385,-0.03045918301097572,0.024009100336848128,-1.059785207791326,-1.2686515772616556,0.289242327861573,0.2045653600435411,0.594,0.286,0.2,True,999,0.00011970789637416601,0.0013990410370752215,weak_3x3_bal_strong_150_400,weak_null,True,826,4285374274,3.885780586188048e-16,0,0
150,400,0.05213817087215622,0.07113487080768288,0.03815464641758126,0.06537358382016123,-0.018996699935526662,-0.027218937402579968,0.033791381847312014,-0.5621758832285748,-0.805499388144884,0.5739961910930077,0.4205315593008886,0.728,0.573,0.407,True,999,0.0001206669257953763,0.0012979169841855764,weak_3x3_bal_strong_150_400,weak_null,True,827,4285374274,3.885780586188048e-16,0,0
150,400,0.07980903094030856,0.03828078324281664,0.06573422135321039,0.030571703660569938,0.041528247697491916,0.03516251769264045,0.03338776271053837,1.2438164263214952,1.0531558522650546,0.21356713339073385,0.2922695683158478,0.436,0.221,0.31,True,999,0.00011129199992865324,0.0012867089826613665,weak_3x3_bal_strong_150_400,weak_null,True,828,4285374274,3.885780586188048e-16,0,0
150,400,0.060901202372478425,0.04900268804896746,0.046936467654916214,0.0432163358489106,0.011898514323510967,0.003720131806005611,0.032450460611775644,0.3666670395178682,0.11464033902358992,0.7138673953235406,0.9087302045585929,0.799,0.712,0.912,True,999,0.00010745797771960497,0.0012970829848200083,weak_3x3_bal_strong_150_400,weak_null,True,829,4285374274,3.885780586188048e-16,0,0
150,400,0.06171519407167869,0.054700841010585255,0.04778578794625332,0.04884856910823032,0.007014353061093437,-0.001062781161977,0.034126564305567014,0.20553938563189017,-0.031142342735146947,0.8371507296250293,0.9751560214128084,0.887,0.841,0.979,True,999,0.00011804199311882257,0.0013437089510262012,weak_3x3_bal_strong_150_400,weak_null,True,830,4285374274,3.885780586188048e-16,0,0
150,400,0.054020080435970064,0.08383545790838864,0.04008418408201919,0.07971718633601199,-0.02981537747241858,-0.0396330022539928,0.03415588044213502,-0.8729207704930962,-1.1603566279351754,0.3827062642019373,0.24590363764735412,0.55,0.379,0.254,True,999,0.00011908297892659903,0.0013332910602912307,weak_3x3_bal_strong_150_400,weak_null,True,831,4285374274,3.885780586188048e-16,0,1
150,400,0.059400385356844776,0.036960510720027706,0.04546995851640645,0.02904354798496911,0.02243987463681707,0.01642641053143734,0.032522280368877304,0.6899846622775951,0.5050817576481151,0.49020383273059875,0.6135014135552211,0.643,0.505,0.611,True,999,0.00011608400382101536,0.001361291971988976,weak_3x3_bal_strong_150_400,weak_null,True,832,4285374274,3.885780586188048e-16,0,0
150,400,0.04282089063529293,0.04326248950903033,0.028908419899920546,0.037505619694343295,-0.00044159887373740325,-0.00859719979442275,0.02903361126714361,-0.015209918934099193,-0.2961119688253152,0.9878647084129205,0.7671445738560361,0.995,0.988,0.775,True,999,0.0001231249189004302,0.0012916249688714743,weak_3x3_bal_strong_150_400,weak_null,True,833,4285374274,3.885780586188048e-16,0,0
150,400,0.02512331798953249,0.10298964580420444,0.011244532363804183,0.09752418740259827,-0.07786632781467195,-0.08627965503879409,0.030955631029397843,-2.515417235097683,-2.7872038840641404,0.011889158857946868,0.005316501812773801,0.143,0.012,0.006,True,999,0.00011316710151731968,0.0013197080697864294,weak_3x3_bal_strong_150_400,weak_null,True,834,4285374274,3.885780586188048e-16,0,0
150,400,0.08419432655598236,0.04522953407274999,0.07016106981251369,0.03955118971265392,0.03896479248323237,0.030609880099859765,0.03503412421676598,1.1121954195899473,0.8737161491598257,0.2660541368824505,0.3822728541046977,0.439,0.253,0.361,True,999,0.00011954095680266619,0.0013369170483201742,weak_3x3_bal_strong_150_400,weak_null,True,835,4285374274,3.885780586188048e-16,0,0
150,400,0.07876332178535983,0.02691450940933615,0.06480537280305043,0.020108476059959912,0.05184881237602368,0.04469689674309052,0.034266832562288616,1.5130903120904267,1.304377831299191,0.13025672011624778,0.19210478993679414,0.268,0.13,0.179,True,999,0.00011970801278948784,0.0013755409745499492,weak_3x3_bal_strong_150_400,weak_null,True,836,4285374274,3.885780586188048e-16,0,0
150,400,0.09459878736485838,0.05087516819280269,0.08057519769090504,0.046767237524363736,0.043723619172055694,0.03380796016654131,0.037724800634664775,1.159015248231125,0.8961733288916486,0.2464499696906698,0.3701601979724134,0.416,0.256,0.38,True,999,0.00011841696687042713,0.00136824999935925,weak_3x3_bal_strong_150_400,weak_null,True,837,4285374274,3.885780586188048e-16,0,1
150,400,0.04847432747724567,0.06087254620614324,0.03457789399757871,0.05400974615542964,-0.01239821872889757,-0.019431852157850926,0.032537006540706286,-0.38104976600679136,-0.5972231075879766,0.7031663212480305,0.5503584334411006,0.791,0.693,0.529,True,999,0.0001181670231744647,0.001361291971988976,weak_3x3_bal_strong_150_400,weak_null,True,838,4285374274,3.885780586188048e-16,0,0
150,400,0.0877364282019808,0.07434908080987751,0.07374090933242883,0.07000694769695315,0.013387347392103288,0.00373396163547568,0.04005083252381337,0.3342589042098802,0.09323056226747711,0.7381841983682039,0.9257203949417808,0.791,0.748,0.919,True,999,0.00011041597463190556,0.0012932919198647141,weak_3x3_bal_strong_150_400,weak_null,True,839,4285374274,3.885780586188048e-16,0,1
150,400,0.08976444201396028,0.06197800921284491,0.07573243591605205,0.05534602123395871,0.02778643280111537,0.020386414682093346,0.037563447574311674,0.7397199830006428,0.5427194786038463,0.4594699202458956,0.5873229607791319,0.604,0.47,0.607,True,999,0.00010775006376206875,0.0013256249949336052,weak_3x3_bal_strong_150_400,weak_null,True,840,4285374274,3.885780586188048e-16,0,0
150,400,0.09014474075386447,0.032900056387811294,0.0756621891272573,0.02611686357124654,0.05724468436605318,0.049545325556010766,0.03220927249373243,1.7772734350703627,1.5382317488124497,0.0755232621950307,0.1239919607878166,0.238,0.091,0.133,True,999,0.000106374965980649,0.001320832991041243,weak_3x3_bal_strong_150_400,weak_null,True,841,4285374274,3.885780586188048e-16,0,0
150,400,0.07166048257151858,0.038093147517506865,0.057707712834712765,0.032276203358748035,0.033567335054011715,0.02543150947596473,0.0328508768819367,1.0218094078477695,0.7741500955168852,0.30687111578320003,0.43884203584299775,0.515,0.319,0.448,True,999,0.00011000002268701792,0.0013607920845970511,weak_3x3_bal_strong_150_400,weak_null,True,842,4285374274,3.885780586188048e-16,0,0
150,400,0.05194401312154051,0.06332322405588786,0.03803645806345912,0.05759847708171151,-0.01137921093434735,-0.019562019018252386,0.03282626550028444,-0.3466495734718514,-0.5959258148960893,0.728854598214842,0.5512247868212277,0.821,0.722,0.553,True,999,0.00011079199612140656,0.001348332967609167,weak_3x3_bal_strong_150_400,weak_null,True,843,4285374274,3.885780586188048e-16,0,0
150,400,0.03854606662597937,0.04236078276034111,0.024620991150840155,0.03660448594700938,-0.0038147161343617397,-0.011983494796169225,0.027891154492786504,-0.13677153935482808,-0.42965216084076113,0.8912113805036428,0.6674486877754513,0.935,0.883,0.655,True,999,0.00016241706907749176,0.0012959580635651946,weak_3x3_bal_strong_150_400,weak_null,True,844,4285374274,3.885780586188048e-16,0,0
150,400,0.053053406582985074,0.07577629615977444,0.039113635699209226,0.07044530070794508,-0.022722889576789362,-0.031331665008735854,0.03381244867942559,-0.6720273291125446,-0.9266310554964552,0.501566298237557,0.3541181249915355,0.632,0.487,0.338,True,999,0.00011262507177889347,0.001296499976888299,weak_3x3_bal_strong_150_400,weak_null,True,845,4285374274,3.885780586188048e-16,0,1
150,400,0.10638089728063904,0.06401484991657075,0.09232491345190397,0.0582077622766235,0.04236604736406829,0.03411715117528047,0.041222628868282145,1.0277376413677957,0.8276316215614082,0.3040732564179769,0.407879154423743,0.427,0.305,0.408,True,999,0.0001180840190500021,0.0013025839580222964,weak_3x3_bal_strong_150_400,weak_null,True,846,4285374274,3.885780586188048e-16,0,0
150,400,0.10254986575754277,0.06873137084301023,0.08850073863592911,0.06439276509902925,0.03381849491453254,0.024107973536899863,0.040747626196797095,0.8299500626417052,0.5916411773404074,0.40656701827253194,0.5540908939159778,0.555,0.429,0.566,True,999,0.0001224169973284006,0.001337125082500279,weak_3x3_bal_strong_150_400,weak_null,True,847,4285374274,3.885780586188048e-16,0,1
150,400,0.0579500785740934,0.05742144432148344,0.044024449324297166,0.05080368272655278,0.0005286342526099608,-0.006779233402255613,0.03316111144894739,0.01594139127163486,-0.2044332383940889,0.9872811487315384,0.8380149581273217,0.993,0.99,0.838,True,999,0.00011745805386453867,0.0013550829607993364,weak_3x3_bal_strong_150_400,weak_null,True,848,4285374274,3.885780586188048e-16,0,0
150,400,0.029454208429050777,0.059087183901889884,0.015566820533223336,0.05245018092676901,-0.029632975472839107,-0.03688336039354567,0.027825547775094564,-1.0649556915232516,-1.3255214485501832,0.28689598108877823,0.18499826032459388,0.578,0.331,0.224,True,999,0.0001261249417439103,0.001376833999529481,weak_3x3_bal_strong_150_400,weak_null,True,849,4285374274,3.885780586188048e-16,0,0
150,400,0.13180334183092302,0.013402839194275817,0.11763696238264743,0.0063757438783795806,0.1184005026366472,0.11126121850426784,0.03850480886451226,3.074953651978009,2.88954085957848,0.0021053526810339922,0.0038580486516983565,0.019,0.005,0.005,True,999,0.00011754105798900127,0.0013624579878523946,weak_3x3_bal_strong_150_400,weak_null,True,850,4285374274,3.885780586188048e-16,0,0
150,400,0.030307043011578383,0.08682172485600015,0.016435449104875488,0.08251906100457518,-0.056514681844421766,-0.06608361189969969,0.0309359065533851,-1.8268312825065007,-2.136145963127388,0.06772514083026092,0.03266751833540859,0.266,0.072,0.042,True,999,0.00011849997099488974,0.0012842090800404549,weak_3x3_bal_strong_150_400,weak_null,True,851,4285374274,3.885780586188048e-16,0,1
150,400,0.07529485743485465,0.06811169989683286,0.06128757534602869,0.06394662815725383,0.007183157538021789,-0.0026590528112251377,0.03532400464454187,0.20335059997597704,-0.07527608599258874,0.8388610085539903,0.9399950481007319,0.897,0.862,0.947,True,999,0.00010854192078113556,0.0012967920629307628,weak_3x3_bal_strong_150_400,weak_null,True,852,4285374274,3.885780586188048e-16,0,1
150,400,0.06253864858071179,0.06799322670871094,0.048594903454471705,0.061261212364428275,-0.0054545781279991545,-0.01266630890995657,0.035175593412689464,-0.1550671246396496,-0.3600879951434521,0.8767683993804763,0.7187813299716632,0.917,0.88,0.729,True,999,0.00011083297431468964,0.001358416979201138,weak_3x3_bal_strong_150_400,weak_null,True,853,4285374274,3.885780586188048e-16,0,0
150,400,0.042127163591375805,0.04490216978468964,0.028238054188420847,0.03930167546431562,-0.0027750061933138337,-0.011063621275894775,0.028829620305857437,-0.09625538470064497,-0.3837588271548249,0.9233177443431905,0.7011572069076588,0.943,0.905,0.685,True,999,0.00010854098945856094,0.0013268329203128815,weak_3x3_bal_strong_150_400,weak_null,True,854,4285374274,3.885780586188048e-16,0,0
150,400,0.06446275981781202,0.06680128765513943,0.05052907632290271,0.060950751308325835,-0.0023385278373274088,-0.010421674985423124,0.03568658597802114,-0.06552960372190476,-0.29203339853920696,0.9477523366220295,0.7702610881053404,0.97,0.956,0.769,True,999,0.00011854199692606926,0.001357708009891212,weak_3x3_bal_strong_150_400,weak_null,True,855,4285374274,3.885780586188048e-16,0,0
150,400,0.07974413438822059,0.044482538190442455,0.06578534684135207,0.036690373855009284,0.03526159619777813,0.029094972986342782,0.036102518677193954,0.9767073736064007,0.8058987032592312,0.32871404366235557,0.4203012590181866,0.512,0.335,0.437,True,999,0.00011099991388618946,0.0012985829962417483,weak_3x3_bal_strong_150_400,weak_null,True,856,4285374274,3.885780586188048e-16,0,0
150,400,0.09156589896167833,0.05977118323240249,0.07757135772334323,0.055597481858200126,0.031794715729275835,0.0219738758651431,0.03827506795670351,0.8306899876766201,0.5741041633159161,0.40614878395443343,0.5658973162144509,0.549,0.393,0.547,True,999,0.00011458294466137886,0.00137179100420326,weak_3x3_bal_strong_150_400,weak_null,True,857,4285374274,3.885780586188048e-16,0,1
150,400,0.07050261605292851,0.05247911487488649,0.05658241132309172,0.04575999286700494,0.018023501178042023,0.01082241845608678,0.03545656133749664,0.5083262588970098,0.3052303451841413,0.6112245576886808,0.7601907223385114,0.73,0.621,0.762,True,999,0.0001163750421255827,0.00133883289527148,weak_3x3_bal_strong_150_400,weak_null,True,858,4285374274,3.885780586188048e-16,0,0
150,400,0.09344868807687079,0.04539597447782018,0.07944813026335851,0.03963317904404562,0.04805271359905061,0.03981495121931289,0.037599416712125217,1.278017527956873,1.0589247041822645,0.20124324605578692,0.28963407242345107,0.399,0.221,0.314,True,999,0.0001180421095341444,0.0013867919333279133,weak_3x3_bal_strong_150_400,weak_null,True,859,4285374274,3.885780586188048e-16,0,0
150,400,0.07825861025373371,0.042218876435202224,0.06430211587297663,0.03443165815789939,0.03603973381853148,0.029870457715077237,0.03533999438872647,1.0198002133817043,0.8452309693802887,0.30782322198141276,0.39798189433373243,0.502,0.317,0.407,True,999,0.00011616700794547796,0.0013449169928207994,weak_3x3_bal_strong_150_400,weak_null,True,860,4285374274,3.885780586188048e-16,0,0
150,400,0.10666796442284965,0.06518994312912313,0.0926488452967078,0.057291091405659245,0.04147802129372652,0.03535775389104856,0.04184762850062429,0.9911677860815397,0.8449165498236318,0.32160365767192156,0.3981574334808132,0.425,0.32,0.378,True,999,0.00015712506137788296,0.001340458053164184,weak_3x3_bal_strong_150_400,weak_null,True,861,4285374274,3.885780586188048e-16,0,0
150,400,0.047531806642879815,0.07595492320072261,0.03348727617674285,0.07027044384892633,-0.028423116557842798,-0.03678316767218348,0.03198556370235356,-0.8886232808756587,-1.149992790950153,0.37420557485817163,0.25014684049626157,0.531,0.351,0.23,True,999,0.00011541706044226885,0.0013159160735085607,weak_3x3_bal_strong_150_400,weak_null,True,862,4285374274,3.885780586188048e-16,0,0
150,400,0.02936977888057446,0.05384286017172207,0.01543398745056379,0.04595594600087338,-0.024473081291147614,-0.03052195855030959,0.027681452271194194,-0.8840967248172428,-1.1026140627047691,0.3766440010683353,0.2701948006363486,0.61,0.374,0.273,True,999,0.00012016692198812962,0.0013182079419493675,weak_3x3_bal_strong_150_400,weak_null,True,863,4285374274,3.885780586188048e-16,0,0
150,400,0.08269015189761553,0.029767098916764045,0.06869815279338809,0.024018405733244208,0.05292305298085148,0.04467974706014388,0.035032656235820116,1.5106777123779394,1.2753742325270736,0.13087058355437095,0.20217681454827885,0.259,0.133,0.208,True,999,0.0001194999786093831,0.001356333028525114,weak_3x3_bal_strong_150_400,weak_null,True,864,4285374274,3.885780586188048e-16,0,0
150,400,0.023266304230726842,0.051419144902851155,0.009398580707937754,0.04715457820395841,-0.028152840672124313,-0.037755997496020655,0.025495537711127062,-1.1042261979765,-1.4808864956608756,0.2694950279742222,0.13863682219169526,0.536,0.282,0.154,True,999,0.00011925003491342068,0.0014117080718278885,weak_3x3_bal_strong_150_400,weak_null,True,865,4285374274,3.885780586188048e-16,0,1
150,400,0.06817511482440874,0.06619411108350909,0.054230949440920995,0.061647258596963184,0.001981003740899656,-0.007416309156042189,0.036771824330580544,0.05387287079069924,-0.2016845585187506,0.9570364512402986,0.8401633350524518,0.976,0.959,0.857,True,999,0.00012908305507153273,0.0014309579273685813,weak_3x3_bal_strong_150_400,weak_null,True,866,4285374274,3.885780586188048e-16,0,1
150,400,0.04829881293071381,0.025344062991674576,0.03436968718563094,0.019332809258202133,0.022954749939039232,0.015036877927428804,0.028084234376731354,0.8173535952989319,0.5354206109277921,0.41372638662757366,0.5923590409688198,0.627,0.379,0.569,True,999,0.00011820800136774778,0.0013600410893559456,weak_3x3_bal_strong_150_400,weak_null,True,867,4285374274,3.885780586188048e-16,0,0
150,400,0.05853957259176501,0.05715377691749801,0.04462705290558233,0.05034427965219379,0.0013857956742669986,-0.005717226746611459,0.03326549896219497,0.041658646871399856,-0.171866556191112,0.9667708203390003,0.8635424396029292,0.982,0.97,0.844,True,999,0.00012137508019804955,0.0013792910613119602,weak_3x3_bal_strong_150_400,weak_null,True,868,4285374274,3.885780586188048e-16,0,0
150,400,0.06010376267812623,0.02682092708276229,0.04613970104392706,0.019995973651560917,0.033282835595363935,0.026143727392366145,0.030572428928699467,1.0886552610191895,0.855140671136668,0.2763059378106749,0.39247327618853634,0.506,0.302,0.41,True,999,0.00011820800136774778,0.00136058300267905,weak_3x3_bal_strong_150_400,weak_null,True,869,4285374274,3.885780586188048e-16,0,0
150,400,0.05245047729400398,0.08308927338260863,0.03854593787107774,0.07888038978586565,-0.030638796088604647,-0.040334451914787905,0.03494737116566655,-0.8767124698267781,-1.1541483828235357,0.3806428319481995,0.24843934029406223,0.558,0.39,0.252,True,999,0.0001192920608446002,0.0013965419493615627,weak_3x3_bal_strong_150_400,weak_null,True,870,4285374274,3.885780586188048e-16,0,1
150,400,0.04057371849556812,0.01885671508394965,0.026676880247606505,0.01202374063822731,0.021717003411618474,0.014653139609379195,0.025043115456561446,0.8671845741113049,0.5851164818049819,0.3858408869375496,0.5584693972216251,0.615,0.356,0.536,True,999,0.00012166600208729506,0.0013820830499753356,weak_3x3_bal_strong_150_400,weak_null,True,871,4285374274,3.885780586188048e-16,0,0
150,400,0.06407512649096403,0.055235037088490035,0.050128853101284676,0.04941663326013668,0.008840089402473994,0.0007122198411479985,0.03472274367161294,0.2545907514129155,0.020511623386785048,0.7990392031647009,0.9836352399059621,0.842,0.784,0.985,True,999,0.00012154201976954937,0.0013606669381260872,weak_3x3_bal_strong_150_400,weak_null,True,872,4285374274,3.885780586188048e-16,0,0
150,400,0.09439505889835376,0.040153177561753295,0.08029482101787266,0.033350266249300375,0.05424188133660046,0.04694455476857229,0.037275383756764924,1.4551662751629317,1.259398295532036,0.1456232349115432,0.20788650480176907,0.301,0.146,0.2,True,999,0.00011620798613876104,0.0013145830016583204,weak_3x3_bal_strong_150_400,weak_null,True,873,4285374274,3.885780586188048e-16,0,0
150,400,0.0577138688721226,0.044686851640877934,0.04374772230715962,0.0390912350000292,0.013027017231244664,0.004656487307130419,0.031526862568059914,0.4132037307271554,0.1476990390996895,0.6794573550099505,0.8825802900070155,0.802,0.68,0.873,True,999,0.00011595804244279861,0.0013214159989729524,weak_3x3_bal_strong_150_400,weak_null,True,874,4285374274,3.885780586188048e-16,0,0
150,400,0.0380996946908978,0.06983223790075221,0.024184026177181295,0.06304978121357863,-0.031732543209854414,-0.03886575503639733,0.031134269362600765,-1.0192159269994725,-1.248327191614903,0.30810046696663174,0.21191126021784845,0.552,0.32,0.232,True,999,0.00011662498582154512,0.001339958980679512,weak_3x3_bal_strong_150_400,weak_null,True,875,4285374274,3.885780586188048e-16,0,0
150,400,0.07888599127711737,0.07489971173595311,0.06490984325361637,0.0706584189092041,0.0039862795411642615,-0.005748575655587729,0.03785107769973679,0.10531482281129292,-0.151873500173225,0.9161260014808517,0.8792867096085355,0.949,0.926,0.884,True,999,0.00012108299415558577,0.001349792000837624,weak_3x3_bal_strong_150_400,weak_null,True,876,4285374274,3.885780586188048e-16,0,1
150,400,0.0353531105589755,0.06593715354156165,0.021441650248362976,0.06173518352954943,-0.030584042982586157,-0.040293533281186455,0.03013483540112736,-1.0149065881886978,-1.3371081256902786,0.31015035742608166,0.18118734519270874,0.54,0.299,0.167,True,999,0.000120542012155056,0.0014045420102775097,weak_3x3_bal_strong_150_400,weak_null,True,877,4285374274,3.885780586188048e-16,0,1
150,400,0.0686338481108919,0.06764501275390944,0.0547113025078545,0.05868783622584317,0.0009888353569824648,-0.003976533717988673,0.037178040232307905,0.026597296436382947,-0.1069592074552936,0.9787809296294137,0.9148213417806961,0.982,0.978,0.913,True,999,0.00012029195204377174,0.0013260829728096724,weak_3x3_bal_strong_150_400,weak_null,True,878,4285374274,3.885780586188048e-16,0,0
150,400,0.05451574798649417,0.04706313655747035,0.04057270852877082,0.04032484027567307,0.007452611429023814,0.0002478682530977494,0.032564800003609104,0.22885481956584575,0.007611539240845286,0.8189817573919496,0.9939269289969385,0.899,0.838,0.998,True,999,0.00011620891746133566,0.001287874998524785,weak_3x3_bal_strong_150_400,weak_null,True,879,4285374274,3.885780586188048e-16,0,0
150,400,0.08694861076475635,0.07408252800349058,0.07287684436417408,0.06975022176592915,0.012866082761265774,0.0031266225982449214,0.038918974563701095,0.33058637606720753,0.08033671578698418,0.7409569384591272,0.9359694575951405,0.813,0.74,0.93,True,999,0.00011162494774907827,0.001278791925869882,weak_3x3_bal_strong_150_400,weak_null,True,880,4285374274,3.885780586188048e-16,0,1
150,400,0.09138327909604094,0.0438220589338294,0.07743133496785504,0.037086888635371906,0.04756122016221154,0.04034444633248313,0.03860146384516965,1.2321092369185644,1.045153274350024,0.21790828141271223,0.295952135069372,0.352,0.209,0.273,True,999,0.00011108408216387033,0.0013204169226810336,weak_3x3_bal_strong_150_400,weak_null,True,881,4285374274,3.885780586188048e-16,0,0
150,400,0.06769237473678635,0.04481443221434034,0.05365790734663278,0.038262959249522055,0.022877942522446015,0.015394948097110728,0.033115560990307776,0.6908517276558264,0.46488561983342225,0.48965872449610504,0.6420133689983373,0.666,0.503,0.659,True,999,0.00011345907114446163,0.0013260419946163893,weak_3x3_bal_strong_150_400,weak_null,True,882,4285374274,3.885780586188048e-16,0,0
150,400,0.06450706251668081,0.08402062194113319,0.05057776051410201,0.07850686331286738,-0.019513559424452376,-0.02792910279876537,0.03616195733818235,-0.5396156862296991,-0.77233382412284,0.5894620965406243,0.4399167371219793,0.753,0.634,0.445,True,999,0.00010995892807841301,0.0013490840792655945,weak_3x3_bal_strong_150_400,weak_null,True,883,4285374274,3.885780586188048e-16,0,0
150,400,0.030072926613391004,0.06129190136954016,0.01617606987284148,0.05591092766434258,-0.031218974756149154,-0.0397348577915011,0.028469100912369864,-1.0965915239909971,-1.3957187448176929,0.2728199943670977,0.1627992073247907,0.493,0.278,0.17,True,999,0.00011416699271649122,0.0012837499380111694,weak_3x3_bal_strong_150_400,weak_null,True,884,4285374274,3.885780586188048e-16,0,1
150,400,0.08486997580240141,0.10354985822871632,0.07078503391770141,0.09580625826967548,-0.01867988242631491,-0.02502122435197407,0.04139373813991681,-0.45127314578775685,-0.6044688273235609,0.6517926969764597,0.545531988186913,0.751,0.673,0.565,True,999,0.00010950001887977123,0.0012874170206487179,weak_3x3_bal_strong_150_400,weak_null,True,885,4285374274,3.885780586188048e-16,0,0
150,400,0.14403261588419358,0.03142358348762547,0.12988612420232926,0.02754953957150974,0.11260903239656811,0.10233658463081952,0.042515123198675696,2.6486817848401714,2.4070631091104824,0.00808063779502163,0.01608139063539299,0.045,0.018,0.031,True,999,0.0001153749180957675,0.00131762505043298,weak_3x3_bal_strong_150_400,weak_null,True,886,4285374274,3.885780586188048e-16,0,2
150,400,0.08602850767149461,0.04027591446525486,0.07184668414043927,0.03600345020009854,0.045752593206239756,0.035843233940340724,0.03375737251551487,1.3553363249823989,1.0617898038085516,0.17531042669378916,0.2883311196409286,0.37,0.188,0.289,True,999,0.00011558295227587223,0.0013523329980671406,weak_3x3_bal_strong_150_400,weak_null,True,887,4285374274,3.885780586188048e-16,0,1
150,400,0.040244749070398544,0.06732709107965373,0.02634257218574021,0.060384684427589264,-0.02708234200925519,-0.034042112241849054,0.03136764201330118,-0.8633846942582153,-1.0852620744464563,0.3879259919000756,0.2778055981373345,0.573,0.371,0.257,True,999,0.00011516700033098459,0.0013540830696001649,weak_3x3_bal_strong_150_400,weak_null,True,888,4285374274,3.885780586188048e-16,0,0
150,400,0.05861302642872035,0.07135774862362965,0.04469173808806204,0.06689528296854519,-0.012744722194909297,-0.02220354488048315,0.03515936593849816,-0.36248441502621964,-0.6315115272363635,0.7169900678157041,0.5277061145143425,0.814,0.729,0.522,True,999,0.00011483405251055956,0.001358416979201138,weak_3x3_bal_strong_150_400,weak_null,True,889,4285374274,3.885780586188048e-16,0,1
150,400,0.025056750380993975,0.0666232838554292,0.011181172023384534,0.05871303859757404,-0.04156653347443523,-0.04753186657418951,0.029296705511986765,-1.4188125506954445,-1.6224304318020268,0.1559536726415067,0.10471121759704227,0.425,0.171,0.102,True,999,0.00011549994815140963,0.0013365000486373901,weak_3x3_bal_strong_150_400,weak_null,True,890,4285374274,3.885780586188048e-16,0,0
150,400,0.024512337889420532,0.022578847312960837,0.010638895313576313,0.014730635204784903,0.0019334905764596955,-0.00409173989120859,0.021729734635665066,0.08897902385270057,-0.18830142014218654,0.9290985805267586,0.8506403721563244,0.962,0.922,0.854,True,999,0.00012283306568861008,0.0013387089129537344,weak_3x3_bal_strong_150_400,weak_null,True,891,4285374274,3.885780586188048e-16,0,0
150,400,0.08345211065585123,0.049449366887129476,0.0694808014494015,0.04155808660874527,0.034002743768721755,0.027922714840656226,0.03677941644819295,0.9245047108514518,0.7591940693237433,0.3552235999215517,0.4477364732682605,0.514,0.356,0.453,True,999,0.00011566607281565666,0.0013599579688161612,weak_3x3_bal_strong_150_400,weak_null,True,892,4285374274,3.885780586188048e-16,0,0
150,400,0.04914118665358158,0.06409980459637865,0.03519703485852688,0.05621443554966277,-0.01495861794279707,-0.02101740069113589,0.03239317049012888,-0.4617830770024622,-0.6488219699748281,0.6442368878659481,0.5164534551181563,0.775,0.652,0.521,True,999,0.00012041605077683926,0.0013386249775066972,weak_3x3_bal_strong_150_400,weak_null,True,893,4285374274,3.885780586188048e-16,0,0
150,400,0.05253074506653932,0.04625460013828875,0.03859537657208989,0.03849466328145468,0.006276144928250571,0.00010071329063521262,0.03146529547453943,0.1994624500929603,0.0032007737132710586,0.8419010136290772,0.9974461564322257,0.883,0.838,0.999,True,999,0.00011570798233151436,0.001336792018264532,weak_3x3_bal_strong_150_400,weak_null,True,894,4285374274,3.885780586188048e-16,0,0
150,400,0.06885159765347804,0.10032271809907545,0.05483255669068399,0.09465784703456848,-0.03147112044559741,-0.03982529034388449,0.03764190958343472,-0.8360659911750885,-1.058003985042529,0.40311777941169247,0.2900536256108698,0.525,0.382,0.283,True,999,0.00013116700574755669,0.001274417038075626,weak_3x3_bal_strong_150_400,weak_null,True,895,4285374274,3.885780586188048e-16,0,0
150,400,0.03435219916654142,0.04740492633494531,0.020474435779107125,0.04058483720424988,-0.013052727168403888,-0.020110401425142754,0.028036797083148372,-0.4655570010259582,-0.7172859783341725,0.6415326272257379,0.4731976572257418,0.783,0.63,0.459,True,999,0.00011158396955579519,0.0013134590117260814,weak_3x3_bal_strong_150_400,weak_null,True,896,4285374274,3.885780586188048e-16,0,0
150,400,0.09063251151884644,0.0684521136593309,0.07661769559854292,0.06277688386114733,0.022180397859515533,0.013840811737395597,0.03805986580465105,0.5827765650399379,0.36365897369255046,0.5600437229696846,0.7161126828770281,0.662,0.567,0.716,True,999,0.00011116708628833294,0.0012999579776078463,weak_3x3_bal_strong_150_400,weak_null,True,897,4285374274,3.885780586188048e-16,0,0
150,400,0.0804982853155436,0.06369360387357048,0.06652624899797388,0.05798861216683804,0.016804681441973113,0.008537636831135842,0.037031285510097316,0.45379686960613297,0.2305519971432773,0.6499750369280073,0.8176628636268122,0.722,0.637,0.807,True,999,0.00011916703078895807,0.0013719589915126562,weak_3x3_bal_strong_150_400,weak_null,True,898,4285374274,3.885780586188048e-16,0,0
150,400,0.10064514774014,0.07492697856918568,0.08665841447484013,0.06815474730620963,0.02571816917095432,0.0185036671686305,0.04119511452470014,0.6243014364126597,0.44917139767959385,0.5324296407687656,0.6533080188656917,0.647,0.541,0.656,True,999,0.00011608400382101536,0.0013830839889124036,weak_3x3_bal_strong_150_400,weak_null,True,899,4285374274,3.885780586188048e-16,0,0
150,400,0.08802452911285297,0.07752758073253652,0.07402834192185992,0.07092343607911289,0.010496948380316451,0.00310490584274703,0.039804128534775336,0.26371506591698574,0.07800461803941752,0.7919994854626835,0.9378243795239716,0.856,0.812,0.949,True,999,0.00011587503831833601,0.0014310829574242234,weak_3x3_bal_strong_150_400,weak_null,True,900,4285374274,3.885780586188048e-16,0,0
150,400,0.11638658664893642,0.05775410413226312,0.10223577628735825,0.05072078644391809,0.0586324825166733,0.05151498984344016,0.04024077391866181,1.457041622389928,1.2801689636378961,0.14510489119602507,0.20048571869150633,0.244,0.146,0.193,True,999,0.00011879205703735352,0.0014017500216141343,weak_3x3_bal_strong_150_400,weak_null,True,901,4285374274,3.885780586188048e-16,0,0
150,400,0.05795738125723271,0.06243570855574487,0.04403650308111651,0.055610916107696085,-0.004478327298512164,-0.011574413026579577,0.03437142833532335,-0.1302921500620272,-0.33674518596262726,0.8963352904729438,0.7363089972248988,0.938,0.906,0.745,True,999,0.00012495799455791712,0.0013661659322679043,weak_3x3_bal_strong_150_400,weak_null,True,902,4285374274,3.885780586188048e-16,0,0
150,400,0.09998034336495376,0.08397184102523142,0.08590598318284037,0.07830247217890474,0.01600850233972234,0.007603511003935637,0.040900141722987185,0.39140456891681263,0.1859042703429612,0.6954982156594014,0.8525198333317009,0.782,0.726,0.857,True,999,0.00011475000064820051,0.0013534589670598507,weak_3x3_bal_strong_150_400,weak_null,True,903,4285374274,3.885780586188048e-16,0,0
150,400,0.0759604394306026,0.06024376779829099,0.061997915354623956,0.05493709940355984,0.015716671632311607,0.007060815951064114,0.036421764867292046,0.43151867268314886,0.19386254281721976,0.6660912784265829,0.8462835137360056,0.777,0.687,0.867,True,999,0.00012816698290407658,0.0013858339516445994,weak_3x3_bal_strong_150_400,weak_null,True,904,4285374274,3.885780586188048e-16,0,1
150,400,0.05165615200077589,0.08951187535008231,0.0377354127217302,0.0827812455972321,-0.037855723349306425,-0.0450458328755019,0.03482182875012619,-1.0871262282331808,-1.293609051918006,0.2769810279202217,0.19580049420924517,0.474,0.286,0.192,True,999,0.00011841696687042713,0.0013894590083509684,weak_3x3_bal_strong_150_400,weak_null,True,905,4285374274,3.885780586188048e-16,0,0
150,400,0.06726617524673828,0.056214161974054544,0.053337186518916724,0.05051097148580652,0.011052013272683736,0.002826215033110202,0.03487505965899872,0.3169030642742432,0.08103828526013608,0.7513171568288814,0.935411505381325,0.829,0.734,0.941,True,999,0.0001510409638285637,0.001348332967609167,weak_3x3_bal_strong_150_400,weak_null,True,906,4285374274,3.885780586188048e-16,0,0
150,400,0.07227051072935575,0.06364192014474285,0.05833717997066401,0.05784861833586774,0.008628590584612905,0.0004885616347962696,0.03627363298384353,0.23787500382043691,0.013468781442814883,0.8119780431660936,0.9892537921430764,0.865,0.815,0.994,True,999,0.00011395802721381187,0.0013204999268054962,weak_3x3_bal_strong_150_400,weak_null,True,907,4285374274,3.885780586188048e-16,0,0
150,400,0.06109410070667565,0.05815862001676614,0.04715554479571438,0.05036057229841617,0.0029354806899095087,-0.003205027502701796,0.0350655301588419,0.08371413968681482,-0.09140108500237909,0.9332837147650368,0.9271738996525578,0.953,0.935,0.931,True,999,0.00011829205323010683,0.001298084040172398,weak_3x3_bal_strong_150_400,weak_null,True,908,4285374274,3.885780586188048e-16,0,0
150,400,0.08328815757973684,0.07637792687963363,0.06927444930838078,0.07209294538461108,0.006910230700103215,-0.0028184960762303035,0.03801387413307451,0.1817818061877274,-0.07414387879445392,0.8557539631831759,0.9408959010921717,0.903,0.865,0.93,True,999,0.00011533289216458797,0.00132416607812047,weak_3x3_bal_strong_150_400,weak_null,True,909,4285374274,3.885780586188048e-16,0,1
150,400,0.09795143685708418,0.0331070045793565,0.0839848438940578,0.027669234372609708,0.06484443227772768,0.056315609521448096,0.038826386151568616,1.6701124854780727,1.450446850798987,0.09489711033841482,0.1469339502639718,0.218,0.089,0.14,True,999,0.00011812499724328518,0.0013799999142065644,weak_3x3_bal_strong_150_400,weak_null,True,910,4285374274,3.885780586188048e-16,0,1
150,400,0.10269891571132406,0.0476064085116783,0.08868929432193795,0.04345222515556202,0.05509250719964576,0.04523706916637593,0.03852239462913613,1.4301423296769031,1.1743057409043105,0.15267617331782976,0.24027258463683487,0.279,0.154,0.241,True,999,0.00011758401524275541,0.0013983340468257666,weak_3x3_bal_strong_150_400,weak_null,True,911,4285374274,3.885780586188048e-16,0,1
150,400,0.05534008894029707,0.053062745885293194,0.041390248339439495,0.04523168496592689,0.0022773430550038776,-0.0038414366264873934,0.03329865141760918,0.06839145004531805,-0.11536312922438484,0.9454740277710559,0.9081573024122895,0.964,0.946,0.901,True,999,0.00011362496297806501,0.0013132079038769007,weak_3x3_bal_strong_150_400,weak_null,True,912,4285374274,3.885780586188048e-16,0,0
150,400,0.05478118825071965,0.040667616158665876,0.04086180261879235,0.03474741710995488,0.014113572092053772,0.006114385508837472,0.03168153380323323,0.44548260130680367,0.19299524911933003,0.6559710305386468,0.8469626887993635,0.785,0.656,0.838,True,999,0.00011687492951750755,0.001336415996775031,weak_3x3_bal_strong_150_400,weak_null,True,913,4285374274,3.885780586188048e-16,0,0
150,400,0.09151255014338622,0.04377418572444802,0.07751236954683804,0.03843242829833571,0.047738364418938195,0.03907994124850234,0.03784365751775591,1.2614627536077816,1.03266818832631,0.20714217126524004,0.30175920554494495,0.342,0.201,0.283,True,999,0.00015833310317248106,0.0013026660308241844,weak_3x3_bal_strong_150_400,weak_null,True,914,4285374274,3.885780586188048e-16,0,1
150,400,0.045244137836053744,0.03750349128871311,0.03133537672215425,0.0307285941208022,0.007740646547340635,0.0006067826013520516,0.029510229117542072,0.2623038444231964,0.020561771951521566,0.7930871983468452,0.9835952355773381,0.874,0.782,0.979,True,999,0.00011370796710252762,0.0013191249454393983,weak_3x3_bal_strong_150_400,weak_null,True,915,4285374274,3.885780586188048e-16,0,0
150,400,0.0617060425774969,0.06890110717911263,0.04778172461203667,0.0620945513778679,-0.0071950646016157305,-0.014312826765831232,0.03502003992140123,-0.2054556367658144,-0.40870389633920623,0.8372161554242873,0.6827569740557589,0.916,0.862,0.686,True,999,0.00011470902245491743,0.0013238750398159027,weak_3x3_bal_strong_150_400,weak_null,True,916,4285374274,3.885780586188048e-16,0,0
150,400,0.08308026491287768,0.037102713167821655,0.06906329086558571,0.03015158283133701,0.04597755174505602,0.038911708034248704,0.03572838272793637,1.2868635027553523,1.0890979401601424,0.19814186832507064,0.276110698167372,0.378,0.208,0.271,True,999,0.00011329201515763998,0.0013879999751225114,weak_3x3_bal_strong_150_400,weak_null,True,917,4285374274,3.885780586188048e-16,0,0
150,400,0.07041773741621182,0.03797296910682646,0.05645031135230738,0.031616373627088024,0.03244476830938536,0.024833937725219357,0.03324059462687136,0.9760586016459929,0.7470966751342003,0.3290354248957844,0.4550052070475712,0.522,0.344,0.47,True,999,0.00011325010564178228,0.0013140829978510737,weak_3x3_bal_strong_150_400,weak_null,True,918,4285374274,3.885780586188048e-16,0,1
150,400,0.05876090536553735,0.05605314463644745,0.0448175043885044,0.049268339557812624,0.002707760729089903,-0.00445083516930822,0.03295841177878139,0.0821568935804473,-0.1350439820699633,0.9345219514531595,0.892577100148771,0.956,0.942,0.888,True,999,0.00010891701094806194,0.0013056669849902391,weak_3x3_bal_strong_150_400,weak_null,True,919,4285374274,3.885780586188048e-16,0,0
150,400,0.02523201687576737,0.04942053604216484,0.011361461028144504,0.04249552390129452,-0.02418851916639747,-0.031134062873150015,0.026237542199269902,-0.9219049171103593,-1.1866226888437883,0.3565781741101871,0.23537648229286168,0.626,0.381,0.258,True,999,0.0001082499511539936,0.00132883305195719,weak_3x3_bal_strong_150_400,weak_null,True,920,4285374274,3.885780586188048e-16,0,0
150,400,0.03389538668973846,0.03595445968935784,0.02001692536245514,0.02821553964494683,-0.0020590729996193824,-0.00819861428249169,0.026081269507372377,-0.07894834256581511,-0.31434874288516484,0.9370737114016067,0.7532561815668966,0.958,0.931,0.737,True,999,0.0001142079709097743,0.001329749939031899,weak_3x3_bal_strong_150_400,weak_null,True,921,4285374274,3.885780586188048e-16,0,0
150,400,0.038691997580338144,0.05736876468687413,0.024776910666275853,0.05445204762759204,-0.018676767106535985,-0.029675136961316184,0.030000877321041678,-0.6225406979494125,-0.9891423055319443,0.5335863914726691,0.32259352151009146,0.699,0.523,0.323,True,999,0.00011745805386453867,0.0013209579046815634,weak_3x3_bal_strong_150_400,weak_null,True,922,4285374274,3.885780586188048e-16,0,2
150,400,0.04931316104477523,0.020194519530719823,0.03536398708322963,0.015867444731014757,0.02911864151405541,0.019496542352214874,0.02726769298543888,1.0678806428400434,0.7150052027733388,0.2855743552438954,0.4746058284123189,0.563,0.302,0.48,True,999,0.00011941709090024233,0.0013057079631835222,weak_3x3_bal_strong_150_400,weak_null,True,923,4285374274,3.885780586188048e-16,0,1
150,400,0.0794861297421594,0.02640273879026722,0.06550291804856556,0.01754934311978218,0.053083390951892184,0.04795357492878338,0.03327704713678822,1.5951953529316545,1.4410405686437866,0.11066855762620231,0.1495732219687315,0.269,0.128,0.173,True,999,0.00011179200373589993,0.0013112499145790935,weak_3x3_bal_strong_150_400,weak_null,True,924,4285374274,3.885780586188048e-16,0,0
150,400,0.10039359103768475,0.057019388652801095,0.08639013172782484,0.049126256150969994,0.04337420238488365,0.037263875576854844,0.03995171365086857,1.0856656303637848,0.9327228339314229,0.277626951846873,0.35096309219417565,0.42,0.291,0.365,True,999,0.00011633289977908134,0.0013331250520423055,weak_3x3_bal_strong_150_400,weak_null,True,925,4285374274,3.885780586188048e-16,0,0
150,400,0.08877750562281594,0.0932229027690395,0.07470430400425698,0.08809225203688698,-0.004445397146223551,-0.013387948032629993,0.038955822920884384,-0.11411380412247316,-0.34367000948278403,0.9091475795998036,0.7310944678332585,0.943,0.918,0.725,True,999,0.00011616700794547796,0.001342040952295065,weak_3x3_bal_strong_150_400,weak_null,True,926,4285374274,3.885780586188048e-16,0,1
150,400,0.08524382863020574,0.060764605172089314,0.07121225393763098,0.056423274180616545,0.024479223458116428,0.014788979757014431,0.03689904226397169,0.663410808415968,0.4007957618849751,0.5070674854590063,0.6885704994301508,0.621,0.495,0.69,True,999,0.00012787501327693462,0.001399667002260685,weak_3x3_bal_strong_150_400,weak_null,True,927,4285374274,3.885780586188048e-16,0,1
150,400,0.0397774902338921,0.06387209308651676,0.025881682990757326,0.05819316936594987,-0.024094602852624658,-0.032311486375192544,0.03061140168191557,-0.7871120408987717,-1.0555376297675825,0.431216281355287,0.2911795088971406,0.646,0.428,0.282,True,999,0.00012195797171443701,0.0013340000296011567,weak_3x3_bal_strong_150_400,weak_null,True,928,4285374274,3.885780586188048e-16,0,0
150,400,0.04907699779259023,0.10819693523433299,0.03513463879400547,0.10140958979380343,-0.059119937441742765,-0.06627495099979797,0.035807492460589264,-1.651049358086491,-1.8508682525798767,0.09872849675362219,0.06418850903198622,0.295,0.105,0.069,True,999,0.00011099991388618946,0.001304625067859888,weak_3x3_bal_strong_150_400,weak_null,True,929,4285374274,3.885780586188048e-16,0,0
150,400,0.03098324970211208,0.041913605913196594,0.017067002506024664,0.03485699807200149,-0.010930356211084513,-0.017789995565976824,0.027413577793373216,-0.39872052796139396,-0.6489483313731221,0.6900991404080812,0.5163717735216595,0.826,0.683,0.539,True,999,0.0001153749180957675,0.0013475000159814954,weak_3x3_bal_strong_150_400,weak_null,True,930,4285374274,3.885780586188048e-16,0,0
150,400,0.01983491415299876,0.0569057178721083,0.0059754380479830616,0.05272908732200676,-0.037070803719109535,-0.0467536492740237,0.02583033580867829,-1.43516538049245,-1.8100287050203872,0.15123997624166088,0.07029133583017554,0.458,0.137,0.07,True,999,0.00011500006075948477,0.0013325839536264539,weak_3x3_bal_strong_150_400,weak_null,True,931,4285374274,3.885780586188048e-16,0,1
150,400,0.0517092118266933,0.04980650357597566,0.03778031405431648,0.0440964504377348,0.001902708250717644,-0.006316136383418325,0.03088571615211569,0.06160479625424867,-0.20450024057433636,0.9508775573412931,0.8379626040152798,0.972,0.959,0.839,True,999,0.00011862500105053186,0.0013846670044586062,weak_3x3_bal_strong_150_400,weak_null,True,932,4285374274,3.885780586188048e-16,0,0
150,400,0.04501695726718191,0.08716117538870771,0.031122876589051884,0.08166704691885229,-0.0421442181215258,-0.05054417032980041,0.0334946030116363,-1.258239069347517,-1.5090243139242745,0.20830530938457792,0.13129256944110979,0.438,0.215,0.141,True,999,0.00011545896995812654,0.001349666970781982,weak_3x3_bal_strong_150_400,weak_null,True,933,4285374274,3.885780586188048e-16,0,0
150,400,0.10793769272076914,0.041923903047327016,0.09390890148839048,0.039050009139486974,0.06601378967344212,0.05485889234890351,0.037947341983631346,1.7396156416414434,1.4456583644927488,0.08192653083636289,0.1482730477488397,0.203,0.092,0.156,True,999,0.00011549994815140963,0.0013820829335600138,weak_3x3_bal_strong_150_400,weak_null,True,934,4285374274,3.885780586188048e-16,0,2
150,400,0.04482987301403685,0.0629880668283666,0.03092958091622222,0.057112435046462906,-0.01815819381432976,-0.026182854130240685,0.03168535700833568,-0.5730784036787959,-0.8263392494947299,0.5665916090773607,0.4086116745306815,0.715,0.535,0.377,True,999,0.00011495803482830524,0.0012828330509364605,weak_3x3_bal_strong_150_400,weak_null,True,935,4285374274,3.885780586188048e-16,0,0
150,400,0.05735904241277212,0.04064255140346301,0.04342637299990315,0.03622826432157922,0.01671649100930911,0.007198108678323933,0.031505973573509476,0.530581636219123,0.22846806055776586,0.5957087239579422,0.8192823835206252,0.74,0.595,0.816,True,999,0.00011112506035715342,0.0013074170565232635,weak_3x3_bal_strong_150_400,weak_null,True,936,4285374274,3.885780586188048e-16,0,1
150,400,0.02479186449964521,0.03929906751441814,0.010926355166560597,0.03390922662373441,-0.01450720301477293,-0.022982871457173815,0.02420371139752819,-0.5993792760334467,-0.9495598042670822,0.5489199935121716,0.3423359708095147,0.745,0.555,0.327,True,999,0.00010991597082465887,0.0013142500538378954,weak_3x3_bal_strong_150_400,weak_null,True,937,4285374274,3.885780586188048e-16,0,1
150,400,0.03267944081903584,0.057435745700791296,0.018795536549930603,0.051788351655972065,-0.024756304881755453,-0.03299281510604146,0.028000255035618885,-0.884145692611127,-1.1783040927331407,0.3766175701015818,0.2386753967571712,0.56,0.386,0.256,True,999,0.00011141702998429537,0.0013637079391628504,weak_3x3_bal_strong_150_400,weak_null,True,938,4285374274,3.885780586188048e-16,0,0
150,400,0.08539943494549163,0.06936492972128822,0.07145631424145904,0.061654517337899506,0.01603450522420341,0.009801796903559534,0.03931954511348706,0.40779986589171885,0.2492856129252982,0.683420612082534,0.8031398593336898,0.772,0.685,0.799,True,999,0.00011149991769343615,0.00136824999935925,weak_3x3_bal_strong_150_400,weak_null,True,939,4285374274,3.885780586188048e-16,0,0
150,400,0.06097703956853695,0.053402092785748756,0.047054192293501274,0.04810589292614509,0.0075749467827881944,-0.001051700632643815,0.03335140231195226,0.2271252858256438,-0.031533925404597256,0.8203263225456534,0.9748437370301374,0.881,0.817,0.974,True,999,0.0001127920113503933,0.0013806669740006328,weak_3x3_bal_strong_150_400,weak_null,True,940,4285374274,3.885780586188048e-16,0,1
150,400,0.06037892114254073,0.10930669203145837,0.04645002450260449,0.10323698374844525,-0.04892777088891764,-0.05678695924584076,0.038414664745039975,-1.2736742911503633,-1.4782625235112323,0.2027788713047357,0.13933752452133108,0.386,0.185,0.125,True,999,0.00011195801198482513,0.001366125070489943,weak_3x3_bal_strong_150_400,weak_null,True,941,4285374274,3.885780586188048e-16,0,0
150,400,0.0591075387750748,0.06432640018567465,0.045156345128702924,0.06004540212140341,-0.005218861410599851,-0.014889056992700489,0.03389377158337986,-0.15397700423398647,-0.43928593063397764,0.877627867298548,0.6604543673838805,0.932,0.886,0.665,True,999,0.00011704093776643276,0.001290000043809414,weak_3x3_bal_strong_150_400,weak_null,True,942,4285374274,3.885780586188048e-16,0,1
150,400,0.03733741547441127,0.028580248603096714,0.023439387712073767,0.020662958415101684,0.008757166871314559,0.0027764292969720827,0.026170957558575063,0.33461392659074574,0.1060881815561376,0.7379163380572347,0.9155123879790218,0.871,0.735,0.907,True,999,0.00012020801659673452,0.00130874989554286,weak_3x3_bal_strong_150_400,weak_null,True,943,4285374274,3.885780586188048e-16,0,0
150,400,0.06992777242406722,0.03343581116314931,0.056001656939713484,0.02779831054616011,0.036491961260917916,0.028203346393553375,0.03257343349617818,1.120298272062707,0.8658389173761021,0.2625866781678379,0.38657850398027915,0.458,0.26,0.368,True,999,0.0001265419414266944,0.001360250054858625,weak_3x3_bal_strong_150_400,weak_null,True,944,4285374274,3.885780586188048e-16,0,0
150,400,0.03771096932686646,0.08550919424856374,0.023796902718970614,0.07979778437444907,-0.047798224921697274,-0.05600088165547845,0.032556821675811407,-1.4681477632446445,-1.7200967039446966,0.14206408988505367,0.0854148647857221,0.326,0.141,0.089,True,999,0.00011924991849809885,0.0013760409783571959,weak_3x3_bal_strong_150_400,weak_null,True,945,4285374274,3.885780586188048e-16,0,0
150,400,0.03629173870815361,0.05428653992518273,0.022370108000529854,0.048539441710914843,-0.01799480121702912,-0.02616933371038499,0.02898916497935833,-0.620742309405679,-0.9027280961358772,0.5347691867255949,0.36667022105670277,0.741,0.583,0.391,True,999,0.00011791696306318045,0.0012814590008929372,weak_3x3_bal_strong_150_400,weak_null,True,946,4285374274,3.885780586188048e-16,0,0
150,400,0.12511632211119506,0.012325209262103787,0.11097180880128121,0.004334705585947063,0.11279111284909127,0.10663710321533415,0.03884935645447985,2.9032942406973885,2.744887250327604,0.003692595258305984,0.006053169048543322,0.021,0.002,0.009,True,999,0.00010841700714081526,0.00131312501616776,weak_3x3_bal_strong_150_400,weak_null,True,947,4285374274,3.885780586188048e-16,0,0
150,400,0.028368221868881216,0.051607024714869276,0.014478786993862514,0.04590181265865567,-0.02323880284598806,-0.03142302566479316,0.02663428858354279,-0.8725144947309468,-1.1797959448486757,0.3829277642394262,0.23808138276928936,0.601,0.349,0.225,True,999,0.0001075830077752471,0.0013049169210717082,weak_3x3_bal_strong_150_400,weak_null,True,948,4285374274,3.885780586188048e-16,0,0
150,400,0.06696207676037136,0.06567311196756415,0.053018629997325206,0.06156665692378738,0.0012889647928072123,-0.008548026926462171,0.036104099525442135,0.03570134166893967,-0.23676056289503847,0.9715205007384252,0.8128425479849983,0.98,0.968,0.833,True,999,0.00011541694402694702,0.0013267500326037407,weak_3x3_bal_strong_150_400,weak_null,True,949,4285374274,3.885780586188048e-16,0,1
150,400,0.05455098409381742,0.0580941456564662,0.040640405841941174,0.052527224736905964,-0.003543161562648778,-0.01188681889496479,0.03224457508107972,-0.10988395889043095,-0.36864554316734255,0.9125014044494831,0.7123919442458475,0.929,0.897,0.696,True,999,0.0001115420600399375,0.0013164589181542397,weak_3x3_bal_strong_150_400,weak_null,True,950,4285374274,3.885780586188048e-16,0,0
150,400,0.021894951423997444,0.04673065542881183,0.008028269674809962,0.0400140182455857,-0.024835704004814385,-0.03198574857077574,0.025012720010311563,-0.9929229605806884,-1.2787792993960483,0.32074749945268455,0.20097478550659997,0.626,0.324,0.218,True,999,0.0001105419360101223,0.0013889169786125422,weak_3x3_bal_strong_150_400,weak_null,True,951,4285374274,3.885780586188048e-16,0,0
150,400,0.06412545444087914,0.0770117243956433,0.050178109503548285,0.06916958101027149,-0.012886269954764162,-0.0189914715067232,0.03662012681273996,-0.3518903694861344,-0.5186074751689872,0.7249204819083038,0.6040344952205536,0.773,0.714,0.604,True,999,0.00011074997019022703,0.0013393339468166232,weak_3x3_bal_strong_150_400,weak_null,True,952,4285374274,3.885780586188048e-16,0,0
150,400,0.11165811976327222,0.09889170846777745,0.09760401776082972,0.09329950440240964,0.012766411295494773,0.004304513358420081,0.043831105606958166,0.2912637296894494,0.09820681679854185,0.7708496249540621,0.921768069610681,0.839,0.787,0.931,True,999,0.00010950001887977123,0.0013476669555529952,weak_3x3_bal_strong_150_400,weak_null,True,953,4285374274,3.885780586188048e-16,0,0
150,400,0.13377742432364337,0.033499087081019896,0.1196759089870909,0.02771514987088608,0.10027833724262347,0.09196075911620483,0.04271804501253668,2.3474467807034305,2.1527380077720464,0.018902573324469343,0.031339274622731964,0.07,0.023,0.038,True,999,0.00011116708628833294,0.0013478340115398169,weak_3x3_bal_strong_150_400,weak_null,True,954,4285374274,3.885780586188048e-16,0,0
150,400,0.04234731740674813,0.09063606376434324,0.028456089969125742,0.08423441632052686,-0.048288746357595114,-0.05577832635140112,0.0338556069524196,-1.426314596145322,-1.6475358551329928,0.15377755324388756,0.09944795269707457,0.343,0.168,0.103,True,999,0.00011562497820705175,0.0013777919812127948,weak_3x3_bal_strong_150_400,weak_null,True,955,4285374274,3.885780586188048e-16,0,1
150,400,0.03198870225031292,0.07620638621829895,0.018108292119450198,0.07340066441844328,-0.04421768396798603,-0.05529237229899309,0.030737380963587833,-1.4385638132398872,-1.7988641375949899,0.15027414523990404,0.07204017469394322,0.389,0.155,0.073,True,999,0.0001127501018345356,0.0013658329844474792,weak_3x3_bal_strong_150_400,weak_null,True,956,4285374274,3.885780586188048e-16,0,2
150,400,0.027379014868032847,0.034687101223172034,0.013451774057728016,0.028687482204503567,-0.007308086355139187,-0.01523570814677555,0.024231298548654537,-0.30159697551764,-0.6287615216404292,0.7629593138845834,0.5295051944443334,0.882,0.773,0.534,True,999,0.00011533289216458797,0.0013279999839141965,weak_3x3_bal_strong_150_400,weak_null,True,957,4285374274,3.885780586188048e-16,0,0
150,400,0.06261969144961266,0.027116574642575775,0.04867206460326656,0.01825902002738644,0.03550311680703688,0.03041304457588012,0.030709701489309096,1.1560879814932916,0.9903399610207136,0.2476451714792376,0.32200798059802793,0.493,0.25,0.337,True,999,0.00010966602712869644,0.0013017919845879078,weak_3x3_bal_strong_150_400,weak_null,True,958,4285374274,3.885780586188048e-16,0,0
150,400,0.13469108563298038,0.08824152872633473,0.12000535417044489,0.08260494937914586,0.04644955690664565,0.037400404791299025,0.04340602956687925,1.0701176166107749,0.8616407712129748,0.28456637046958433,0.3888852277577397,0.428,0.313,0.418,True,999,0.00011470902245491743,0.0013017499586567283,weak_3x3_bal_strong_150_400,weak_null,True,959,4285374274,3.885780586188048e-16,0,0
150,400,0.11937056511592914,0.05529047435810608,0.10530487023942214,0.04962524026481674,0.06408009075782306,0.055679629974605405,0.04213997150972037,1.5206486493006242,1.321302031771945,0.12834803143213794,0.18640067679928685,0.228,0.131,0.196,True,999,0.00011675001587718725,0.001318124937824905,weak_3x3_bal_strong_150_400,weak_null,True,960,4285374274,3.885780586188048e-16,0,0
150,400,0.06204517709672275,0.031400547911852705,0.04811745206393425,0.023502691656773322,0.030644629184870043,0.02461476040716093,0.03138718615594839,0.9763420343770567,0.7842295988197727,0.3288949961894775,0.4329054003282301,0.515,0.329,0.433,True,999,0.0001189160393550992,0.0013752499362453818,weak_3x3_bal_strong_150_400,weak_null,True,961,4285374274,3.885780586188048e-16,0,0
150,400,0.052937385746272714,0.0719690761809112,0.038980341901464044,0.06762435119574661,-0.019031690434638482,-0.02864400929428257,0.03348034621752252,-0.5684436567946216,-0.8555469859296505,0.5697337536601215,0.3922484044194994,0.732,0.606,0.39,True,999,0.00011504208669066429,0.0013826669892296195,weak_3x3_bal_strong_150_400,weak_null,True,962,4285374274,3.885780586188048e-16,0,1
150,400,0.041121140774196485,0.09764523430803729,0.02720467733391274,0.091926596911037,-0.0565240935338408,-0.06472191957712425,0.0340504009493509,-1.6600125683664915,-1.9007682074991263,0.09691192414713638,0.057332380057309944,0.308,0.099,0.062,True,999,0.00011849997099488974,0.0013574580661952496,weak_3x3_bal_strong_150_400,weak_null,True,963,4285374274,3.885780586188048e-16,0,0
150,400,0.06638574734516323,0.033487507577203646,0.052374853338420735,0.026644621641821686,0.03289823976795958,0.02573023169659905,0.032562040732196526,1.0103248760889434,0.7901910051711729,0.3123396667311171,0.42941622827974657,0.521,0.29,0.401,True,999,0.00012645800597965717,0.0012998329475522041,weak_3x3_bal_strong_150_400,weak_null,True,964,4285374274,3.885780586188048e-16,0,0
150,400,0.03474003717748397,0.05802419323090674,0.020839520918229937,0.05231604443207516,-0.023284156053422767,-0.03147652351384522,0.028507251733323812,-0.816780104628765,-1.1041584719669926,0.4140541038770552,0.2695244004660705,0.616,0.401,0.273,True,999,0.00011383299715816975,0.0012825420126318932,weak_3x3_bal_strong_150_400,weak_null,True,965,4285374274,3.885780586188048e-16,0,0
150,400,0.11069437407579175,0.03582858137073158,0.09661871227967822,0.031612299170546976,0.07486579270506016,0.06500641310913124,0.03855959593615411,1.9415606125391156,1.6858686283115372,0.052190315007843234,0.09182110562491574,0.161,0.06,0.102,True,999,0.00011416699271649122,0.0013076249742880464,weak_3x3_bal_strong_150_400,weak_null,True,966,4285374274,3.885780586188048e-16,0,1
150,400,0.057771582637123675,0.03689413688397719,0.043838842658885824,0.03257633979580987,0.020877445753146484,0.011262502863075952,0.0310571446080131,0.672226826279447,0.3626380662235799,0.5014393053251098,0.7168752704655631,0.668,0.52,0.714,True,999,0.00011158303823322058,0.00135087501257658,weak_3x3_bal_strong_150_400,weak_null,True,967,4285374274,3.885780586188048e-16,0,1
150,400,0.01711339716617455,0.09156765493157248,0.003234822107629043,0.08484816125186967,-0.07445425776539794,-0.08161333914424063,0.028779688549186652,-2.5870418172924285,-2.8357964682194976,0.009680384320706422,0.004571156692329228,0.121,0.009,0.005,True,999,0.00011116696987301111,0.0013809159863740206,weak_3x3_bal_strong_150_400,weak_null,True,968,4285374274,3.885780586188048e-16,0,0
150,400,0.07602327294152422,0.05361710588057789,0.06196616007886746,0.045766227322388886,0.022406167060946336,0.016199932756478574,0.03676232024896152,0.6094872932178234,0.44066676550254463,0.5422014926925974,0.6594542600948002,0.69,0.573,0.676,True,999,0.00011916598305106163,0.0012793750502169132,weak_3x3_bal_strong_150_400,weak_null,True,969,4285374274,3.885780586188048e-16,0,0
150,400,0.07030900635795656,0.03027983812219004,0.05634484449166166,0.022340614043372398,0.04002916823576652,0.03400423044828926,0.032113234289422615,1.246500675547067,1.058885260258245,0.2125806413532747,0.2896520378431954,0.408,0.214,0.285,True,999,0.00011179095599800348,0.0013369580265134573,weak_3x3_bal_strong_150_400,weak_null,True,970,4285374274,3.885780586188048e-16,0,0
150,400,0.0853772849888006,0.06682238758061915,0.07138689939995402,0.06142727280467852,0.018554897408181448,0.009959626595275495,0.03870633450961182,0.47937624792587297,0.257312574839714,0.6316709877108637,0.7969374858799924,0.72,0.632,0.799,True,999,0.00011504103895276785,0.0013088749255985022,weak_3x3_bal_strong_150_400,weak_null,True,971,4285374274,3.885780586188048e-16,0,1
150,400,0.09289726536551957,0.036005322946985385,0.07888688490638174,0.030287935555520562,0.05689194241853418,0.048598949350861176,0.03715594793389606,1.5311664910218499,1.3079722642878953,0.12572825013291197,0.19088271686448965,0.292,0.143,0.197,True,999,0.00011979206465184689,0.0013500830391421914,weak_3x3_bal_strong_150_400,weak_null,True,972,4285374274,3.885780586188048e-16,0,0
150,400,0.08506032624927529,0.06918223013978769,0.07104391113711017,0.06128784368348761,0.015878096109487594,0.009756067453622563,0.039011349788512804,0.4070122206887346,0.25008279658386273,0.6839990125749504,0.8025233196985804,0.749,0.662,0.791,True,999,0.00011833303142338991,0.001348291989415884,weak_3x3_bal_strong_150_400,weak_null,True,973,4285374274,3.885780586188048e-16,0,0
150,400,0.015948695089834652,0.04675335438557637,0.002097584584106471,0.03993952135675727,-0.03080465929574172,-0.0378419367726508,0.023373223981623628,-1.31794652376415,-1.6190293988712332,0.18752155003361404,0.10544093779470592,0.489,0.187,0.114,True,999,0.00011858297511935234,0.0013417500304058194,weak_3x3_bal_strong_150_400,weak_null,True,974,4285374274,3.885780586188048e-16,0,0
150,400,0.07128546846784722,0.05348921160985609,0.05717577008067565,0.04790920627391415,0.017796256857991133,0.009266563806761496,0.033742966843091714,0.5274064056295218,0.2746220819838391,0.5979113961677129,0.7836065994218884,0.721,0.594,0.764,True,999,0.00011224998161196709,0.0012865830212831497,weak_3x3_bal_strong_150_400,weak_null,True,975,4285374274,3.885780586188048e-16,0,0
150,400,0.12511356060806267,0.03568605008095649,0.11087352200337364,0.02789425779403132,0.08942751052710618,0.08297926420934232,0.03913737560911652,2.2849644140746945,2.120205121521061,0.022314914466681803,0.033988750704007406,0.094,0.021,0.048,True,999,0.0001200829865410924,0.0013232920318841934,weak_3x3_bal_strong_150_400,weak_null,True,976,4285374274,3.885780586188048e-16,0,0
150,400,0.051192700455524154,0.060376567512031465,0.037252570811091346,0.0537252480078223,-0.009183867056507311,-0.016472677196730956,0.03155100293653406,-0.29108003555325895,-0.5220967850012983,0.7709901084737909,0.6016029448447446,0.845,0.763,0.606,True,999,0.00011699995957314968,0.0013582920655608177,weak_3x3_bal_strong_150_400,weak_null,True,977,4285374274,3.885780586188048e-16,0,0
150,400,0.031411003735899445,0.049777479132504854,0.017481703790934944,0.04446231765804498,-0.01836647539660541,-0.026980613867110037,0.027936047357368612,-0.6574471743140475,-0.9657992600729693,0.5108934271450538,0.33414463883881906,0.735,0.529,0.339,True,999,0.00012195808812975883,0.0013277910184115171,weak_3x3_bal_strong_150_400,weak_null,True,978,4285374274,3.885780586188048e-16,0,1
150,400,0.08148288858376929,0.04638105218007382,0.06752143071955174,0.04091919248406839,0.03510183640369546,0.026602238235483355,0.03557929568498807,0.9865804178497536,0.7476887252354354,0.3238483739255379,0.45464793341051435,0.471,0.323,0.47,True,999,0.00011666608043015003,0.0013067919062450528,weak_3x3_bal_strong_150_400,weak_null,True,979,4285374274,3.885780586188048e-16,0,0
150,400,0.12075008101794893,0.04885226914931168,0.1065806258384896,0.04187873880994175,0.07189781186863725,0.06470188702854784,0.04136802881106007,1.7380042978846215,1.564055355986633,0.08221005647415908,0.11780456903271945,0.191,0.079,0.117,True,999,0.00012625008821487427,0.0013267080066725612,weak_3x3_bal_strong_150_400,weak_null,True,980,4285374274,3.885780586188048e-16,0,0
150,400,0.0689884208619902,0.04821036003013596,0.055057434314988996,0.04375584672993682,0.02077806083185424,0.011301587585052175,0.034385964916717734,0.6042599322769734,0.32866861850247453,0.545670840719152,0.7424061765093574,0.665,0.544,0.728,True,999,0.00011112506035715342,0.0013355419505387545,weak_3x3_bal_strong_150_400,weak_null,True,981,4285374274,3.885780586188048e-16,0,1
150,400,0.1082643201518021,0.0725675406334858,0.09416644818648479,0.06963878088279785,0.03569677951831629,0.02452766730368694,0.041754801135704164,0.8549143702612988,0.5874214853513826,0.39259855453544945,0.5569206675061367,0.506,0.394,0.552,True,999,0.0001129169249907136,0.0013455000007525086,weak_3x3_bal_strong_150_400,weak_null,True,982,4285374274,3.885780586188048e-16,0,2
150,400,0.07179550792171607,0.041163172591020536,0.0578092653752833,0.03686339406795014,0.030632335330695537,0.020945871307333164,0.033692200671512545,0.909181790449082,0.6216830865857728,0.3632541745670108,0.5341502751960703,0.548,0.385,0.541,True,999,0.00011545896995812654,0.0013752500526607037,weak_3x3_bal_strong_150_400,weak_null,True,983,4285374274,3.885780586188048e-16,0,1
150,400,0.018340771562643132,0.08727407123947839,0.004476568362520084,0.08045910612503349,-0.06893329967683526,-0.0759825377625134,0.028647023375097017,-2.406298859544314,-2.6523711300687998,0.01611507542797887,0.007992863289360594,0.205,0.019,0.014,True,999,0.00011675001587718725,0.001371875056065619,weak_3x3_bal_strong_150_400,weak_null,True,984,4285374274,3.885780586188048e-16,0,0
150,400,0.02914222554194157,0.05021159180076479,0.015271465807558116,0.04444654013329341,-0.02106936625882322,-0.029175074325735295,0.0274347422633769,-0.7679811990415186,-1.0634353348630357,0.4424983546721829,0.2875845757833131,0.664,0.432,0.273,True,999,0.00011329096741974354,0.001349666970781982,weak_3x3_bal_strong_150_400,weak_null,True,985,4285374274,3.885780586188048e-16,0,0
150,400,0.0964952176258489,0.033032867734357596,0.08243093023659753,0.025223077821095785,0.0634623498914913,0.05720785241550175,0.0374340197582615,1.6953121866503658,1.5282316135145027,0.09001621419451285,0.12645504227823542,0.252,0.115,0.15,True,999,0.00012145796790719032,0.001285000005736947,weak_3x3_bal_strong_150_400,weak_null,True,986,4285374274,3.885780586188048e-16,0,0
150,400,0.04575189732905427,0.07895504178321033,0.031784716968104476,0.07351276920084615,-0.033203144454156064,-0.041728052232741675,0.033922193055324214,-0.9788030036856566,-1.2301106878522496,0.3276773253069284,0.21865565830032008,0.497,0.333,0.213,True,999,0.00011229200754314661,0.00130175007507205,weak_3x3_bal_strong_150_400,weak_null,True,987,4285374274,3.885780586188048e-16,0,1
150,400,0.06341544522429698,0.06105068836395089,0.049466548617800754,0.05535847410499173,0.0023647568603460956,-0.005891925487190974,0.03402392108409678,0.06950277290207488,-0.17317009032051092,0.9445894255363941,0.8625177328984495,0.967,0.955,0.861,True,999,0.00011466699652373791,0.0013269579503685236,weak_3x3_bal_strong_150_400,weak_null,True,988,4285374274,3.885780586188048e-16,0,0
150,400,0.04432832922176888,0.03878948670706217,0.03038862617958671,0.03318919256932418,0.00553884251470671,-0.002800566389737469,0.028330802384966335,0.19550602342438003,-0.09885234987991663,0.8449968226564668,0.9212555028081282,0.905,0.845,0.922,True,999,0.00011970801278948784,0.0013517088955268264,weak_3x3_bal_strong_150_400,weak_null,True,989,4285374274,3.885780586188048e-16,0,0
150,400,0.013295215631196955,0.03749994341204188,-0.0005857728705791487,0.0312928052405681,-0.024204727780844926,-0.03187857811114725,0.020993596003175952,-1.1529576818179785,-1.5184905961953634,0.24892775451571103,0.12889076836694924,0.591,0.261,0.132,True,999,0.00011816609185189009,0.0013644580030813813,weak_3x3_bal_strong_150_400,weak_null,True,990,4285374274,3.885780586188048e-16,0,0
150,400,0.04376808642486485,0.038300031097882714,0.029872237014075154,0.03297842487270941,0.005468055326982135,-0.0031061878586342573,0.02928647184136384,0.18670925458692922,-0.10606220767935307,0.8518885995922709,0.9155329958681062,0.914,0.868,0.919,True,999,0.00011495791841298342,0.001343499985523522,weak_3x3_bal_strong_150_400,weak_null,True,991,4285374274,3.885780586188048e-16,0,1
150,400,0.12371944122515766,0.0647009447594411,0.10967689195626917,0.05895022064802902,0.05901849646571655,0.05072667130824016,0.04353734542502285,1.3555832559280474,1.1651300926373265,0.17523180231980218,0.2439663375246215,0.289,0.168,0.228,True,999,0.0001163750421255827,0.001297249924391508,weak_3x3_bal_strong_150_400,weak_null,True,992,4285374274,3.885780586188048e-16,0,0
150,400,0.05983627799468705,0.09873840615251017,0.045903820600784684,0.09192586066762942,-0.038902128157823124,-0.04602204006684474,0.037393897098890586,-1.0403336152673235,-1.2307366612561528,0.2981849318956926,0.21842137165850672,0.436,0.294,0.205,True,999,0.00011191691737622023,0.001328416052274406,weak_3x3_bal_strong_150_400,weak_null,True,993,4285374274,3.885780586188048e-16,0,0
150,400,0.07009464678225719,0.0675419888181063,0.05589265756145778,0.062312593312839226,0.002552657964150884,-0.006419935751381445,0.034516263345865376,0.07395522332682228,-0.1859974148143262,0.9410460142517401,0.8524467886353615,0.959,0.938,0.844,True,999,0.00011179200373589993,0.001328792073763907,weak_3x3_bal_strong_150_400,weak_null,True,994,4285374274,3.885780586188048e-16,0,1
150,400,0.06761295034259018,0.04675474500884308,0.053651072371849295,0.04258724884138587,0.020858205333747104,0.011063823530463424,0.0332196834075405,0.6278869391335777,0.33305023996562405,0.5300780076077956,0.7390963598200767,0.658,0.511,0.721,True,999,0.00011133390944451094,0.0013850419782102108,weak_3x3_bal_strong_150_400,weak_null,True,995,4285374274,3.885780586188048e-16,0,1
150,400,0.05113279143174165,0.06152301550653094,0.037204661819288276,0.05464361740624213,-0.01039022407478929,-0.017438955586953853,0.03293694574457005,-0.31545803169992503,-0.529464866663565,0.7524139113284307,0.5964830103011708,0.823,0.756,0.6,True,999,0.00011270900722593069,0.0014010840095579624,weak_3x3_bal_strong_150_400,weak_null,True,996,4285374274,3.885780586188048e-16,0,0
150,400,0.03835274048744153,0.03454008047032259,0.02446982792261565,0.02859357846199373,0.0038126600171189406,-0.004123750539378079,0.026891284802849403,0.14178050788837546,-0.15334895932310108,0.887253380970521,0.8781230932635617,0.942,0.877,0.856,True,999,0.00012295797932893038,0.0013030829140916467,weak_3x3_bal_strong_150_400,weak_null,True,997,4285374274,3.885780586188048e-16,0,0
150,400,0.06668042290072895,0.05004847089620795,0.05272812271820726,0.042320115640876566,0.016631952004521,0.010408007077330694,0.033567623834117266,0.49547600052693375,0.31006088273523447,0.6202641587761719,0.7565146583519265,0.771,0.649,0.775,True,999,0.00010929105337709188,0.0013101249933242798,weak_3x3_bal_strong_150_400,weak_null,True,998,4285374274,3.885780586188048e-16,0,0
150,400,0.0914083226541107,0.04478535491550245,0.07735295156388133,0.03785518475390859,0.046622967738608245,0.039497766809972745,0.03601440787369537,1.294564328313205,1.0967212607935612,0.19547056463843215,0.27276325950755664,0.376,0.188,0.272,True,999,0.00011212495155632496,0.001308583072386682,weak_3x3_bal_strong_150_400,weak_null,True,999,4285374274,3.885780586188048e-16,0,0
150,400,0.053565402040010035,0.07919473479684602,0.03961143559203606,0.07349830043233396,-0.025629332756835987,-0.0338868648402979,0.034558088500195885,-0.7416305087791737,-0.9805769448187455,0.45831123361415804,0.3268014082536407,0.63,0.445,0.311,True,999,0.00011720799375325441,0.0013114999746903777,weak_3x3_bal_strong_150_400,weak_null,True,1000,4285374274,3.885780586188048e-16,0,0
150,400,0.0486189363979459,0.03042453659759925,0.03471897151021608,0.025102217283233585,0.01819439980034665,0.009616754226982493,0.029692511913205655,0.612760545605936,0.32387809610359947,0.540034682237485,0.7460303277010666,0.72,0.541,0.748,True,999,0.00011587503831833601,0.0013381250901147723,weak_3x3_bal_strong_150_400,weak_null,True,1001,4285374274,3.885780586188048e-16,0,1
150,400,0.11302769191335083,0.0609128669667911,0.09893573558412072,0.05679362039057878,0.052114824946559724,0.04214211519354194,0.04158100462619112,1.2533325112047327,1.0134943965975605,0.210084721357363,0.3108240712498759,0.349,0.24,0.331,True,999,0.00011529203038662672,0.0013777499552816153,weak_3x3_bal_strong_150_400,weak_null,True,1002,4285374274,3.885780586188048e-16,0,1
150,400,0.05123607663213514,0.09222264793983787,0.03734026750774433,0.0854510373329731,-0.040986571307702724,-0.04811076982522877,0.036117862803805904,-1.1348005702979684,-1.332049188141861,0.2564588872507675,0.18284402564901203,0.44,0.257,0.18,True,999,0.00012341595720499754,0.0012919999426230788,weak_3x3_bal_strong_150_400,weak_null,True,1003,4285374274,3.885780586188048e-16,0,0
150,400,0.06333533719214679,0.06623336595184282,0.04935394225228151,0.06035437589378034,-0.0028980287596960252,-0.01100043364149883,0.03472736126251554,-0.08345087718553888,-0.31676560618421123,0.9334930354104215,0.7514214635415876,0.956,0.935,0.736,True,999,0.00011270807590335608,0.001296791946515441,weak_3x3_bal_strong_150_400,weak_null,True,1004,4285374274,3.885780586188048e-16,0,0
150,400,0.042687464856096424,0.036827341808520264,0.02876951991822807,0.032479700101902154,0.00586012304757616,-0.0037101801836740833,0.027865845123070023,0.2102976967572603,-0.13314436247269743,0.833435332818151,0.8940792112663408,0.882,0.821,0.88,True,999,0.00011324998922646046,0.0013249169569462538,weak_3x3_bal_strong_150_400,weak_null,True,1005,4285374274,3.885780586188048e-16,0,1
150,400,0.07606214557168389,0.03476386433670664,0.061979834046724136,0.029334040064497913,0.04129828123497725,0.03264579398222622,0.03385962671796888,1.2196909782546648,0.9641510301973149,0.22258204289402672,0.33497021152666395,0.42,0.237,0.359,True,999,0.00011320796329528093,0.001392040983773768,weak_3x3_bal_strong_150_400,weak_null,True,1006,4285374274,3.885780586188048e-16,0,1
150,400,0.04183506450587782,0.059627886927088924,0.02793217350219379,0.05536036530986621,-0.017792822421211107,-0.02742819180767242,0.031125820113868313,-0.5716418830449835,-0.8812038271547938,0.5675646146067062,0.37820750821155114,0.749,0.581,0.387,True,999,0.00011812499724328518,0.0013629159657284617,weak_3x3_bal_strong_150_400,weak_null,True,1007,4285374274,3.885780586188048e-16,0,1
150,400,0.033764647482236176,0.05020671284507455,0.019854176055218886,0.04336673562985993,-0.016442065362838376,-0.023512559574641045,0.028158741171662487,-0.5839062642255055,-0.8350003798572814,0.5592833784255719,0.40371749450731675,0.755,0.57,0.402,True,999,0.00011670903768390417,0.001356624998152256,weak_3x3_bal_strong_150_400,weak_null,True,1008,4285374274,3.885780586188048e-16,0,0
150,400,0.06015031834652418,0.03406184474238183,0.046137587122444756,0.027390071610170708,0.026088473604142348,0.01874751551227405,0.030923007605667543,0.8436589977541795,0.606264298458408,0.3988599858983839,0.5443392619017928,0.581,0.398,0.543,True,999,0.00011466594878584146,0.0012787500163540244,weak_3x3_bal_strong_150_400,weak_null,True,1009,4285374274,3.885780586188048e-16,0,0
150,400,0.048439208453183946,0.060210119183617516,0.03453435781173653,0.056032646925984864,-0.01177091073043357,-0.021498289114248337,0.03176324975137183,-0.37058269612117356,-0.6768290172613664,0.7109483723012906,0.49851444508532616,0.83,0.727,0.501,True,999,0.00011916703078895807,0.001322583993896842,weak_3x3_bal_strong_150_400,weak_null,True,1010,4285374274,3.885780586188048e-16,0,1
150,400,0.0826653604181542,0.05991341907259429,0.06859230428239016,0.05421528750494531,0.022751941345559912,0.014377016777444851,0.03736345383221513,0.6089357115573446,0.38478821690324705,0.5425670522485015,0.7003943297888684,0.661,0.546,0.697,True,999,0.00011391693260520697,0.0013216250808909535,weak_3x3_bal_strong_150_400,weak_null,True,1011,4285374274,3.885780586188048e-16,0,0
150,400,0.10702369683932966,0.05509082282051264,0.09289417249880216,0.04831439359423939,0.05193287401881702,0.04457977890456277,0.038001690830401835,1.3665937721189516,1.1730998787269324,0.17175267039483044,0.240755755148378,0.336,0.203,0.274,True,999,0.00011699995957314968,0.001382332993671298,weak_3x3_bal_strong_150_400,weak_null,True,1012,4285374274,3.885780586188048e-16,0,0
150,400,0.08734328810227487,0.04632698771371557,0.07337310681492681,0.038436278349081476,0.0410163003885593,0.03493682846584534,0.03700694334298544,1.1083406702470557,0.944061446578984,0.2677147173313188,0.34513824915798885,0.441,0.267,0.335,True,999,0.00012191594578325748,0.001383833005093038,weak_3x3_bal_strong_150_400,weak_null,True,1013,4285374274,3.885780586188048e-16,0,0
150,400,0.07830013897139576,0.038558513492242874,0.06434207096290834,0.032815264667874544,0.03974162547915289,0.031526806295033794,0.03462558960184509,1.147753032833127,0.9105059771560923,0.2510705312984106,0.3625557309661178,0.429,0.244,0.355,True,999,0.0001569580053910613,0.001307041966356337,weak_3x3_bal_strong_150_400,weak_null,True,1014,4285374274,3.885780586188048e-16,0,0
150,400,0.08293061675525903,0.047692649174620017,0.0688896224739608,0.040770759967557524,0.03523796758063902,0.028118862506403275,0.03667338190062229,0.9608595050253896,0.7667376459198638,0.33662281425215734,0.4432375161170309,0.473,0.325,0.433,True,999,0.00011224998161196709,0.0013094589812681079,weak_3x3_bal_strong_150_400,weak_null,True,1015,4285374274,3.885780586188048e-16,0,0
150,400,0.07598958816395629,0.04841203520107751,0.061953268707156894,0.04265500339033679,0.027577552962878782,0.019298265316820107,0.035855901970739165,0.7691217190794398,0.5382172600920426,0.44182105585249554,0.5904270653730932,0.581,0.449,0.592,True,999,0.00011379201896488667,0.001300542033277452,weak_3x3_bal_strong_150_400,weak_null,True,1016,4285374274,3.885780586188048e-16,0,0
150,400,0.06175780646012363,0.08247273447139064,0.04781652346358101,0.07814993468196008,-0.02071492801126701,-0.03033341121837907,0.036210007604251464,-0.5720774278112783,-0.8377079494127911,0.5672695204463193,0.40219474772034836,0.711,0.574,0.395,True,999,0.0001213329378515482,0.0013257079990580678,weak_3x3_bal_strong_150_400,weak_null,True,1017,4285374274,3.885780586188048e-16,0,1
150,400,0.059641021393041393,0.03944255659729201,0.04572261876785433,0.03387616027296758,0.020198464795749382,0.011846458494886747,0.03173683790615772,0.6364359567098015,0.3732715442513649,0.5244923110510735,0.7089463528556885,0.688,0.531,0.697,True,999,0.0001360420137643814,0.0013593749608844519,weak_3x3_bal_strong_150_400,weak_null,True,1018,4285374274,3.885780586188048e-16,0,0
150,400,0.04728082894099139,0.032925801966751544,0.03335690090244725,0.029046888105796143,0.014355026974239848,0.004310012796651108,0.029088053805933278,0.4935024897166465,0.14817123295378282,0.6216575810821762,0.8822076339686213,0.783,0.63,0.868,True,999,0.00012066599447280169,0.0013657920062541962,weak_3x3_bal_strong_150_400,weak_null,True,1019,4285374274,3.885780586188048e-16,0,2
150,400,0.10427711236116033,0.06159888031089783,0.09021131645533842,0.05476028263959165,0.0426782320502625,0.03545103381574677,0.04078120459469083,1.0465172001274978,0.8692983487879125,0.2953223079270443,0.3846839658062601,0.461,0.317,0.4,True,999,0.00011899997480213642,0.0012811670312657952,weak_3x3_bal_strong_150_400,weak_null,True,1020,4285374274,3.885780586188048e-16,0,0
150,400,0.04690901658452473,0.03061025672669615,0.032923525015149835,0.02272945702915763,0.016298759857828582,0.010194067985992206,0.028205468162220925,0.5778581572937523,0.361421690551706,0.5633598870197274,0.7177842355957974,0.738,0.562,0.724,True,999,0.0001092089805752039,0.0013027089880779386,weak_3x3_bal_strong_150_400,weak_null,True,1021,4285374274,3.885780586188048e-16,0,0
150,400,0.09683890612447676,0.03524686973600405,0.08260645125085375,0.028402604287549593,0.061592036388472715,0.05420384696330416,0.03505193186361901,1.757165243505455,1.5463868631892224,0.07888964760630301,0.12201116489202085,0.232,0.086,0.128,True,999,0.00013070902787148952,0.0012856669491156936,weak_3x3_bal_strong_150_400,weak_null,True,1022,4285374274,3.885780586188048e-16,0,0
150,400,0.05363343260084141,0.05101453240128184,0.039670761270173216,0.04413299521648639,0.0026189001995595707,-0.004462233946313177,0.03186136341549681,0.0821967398383769,-0.14005156929796747,0.9344902659066887,0.8886192454534172,0.96,0.929,0.892,True,999,0.00011545896995812654,0.001340417074970901,weak_3x3_bal_strong_150_400,weak_null,True,1023,4285374274,3.885780586188048e-16,0,0
150,400,0.060724169139114936,0.04489810201766825,0.0467294715680282,0.04063204278327248,0.015826067121446685,0.006097428784755721,0.03341010402818519,0.4736910459211863,0.1825025381427083,0.6357202394473241,0.8551883626593368,0.723,0.64,0.842,True,999,0.000112209003418684,0.0013510840944945812,weak_3x3_bal_strong_150_400,weak_null,True,1024,4285374274,3.885780586188048e-16,0,1
150,400,0.03592085944730439,0.06353491345453621,0.02203665077018968,0.05796944840881224,-0.027614054007231825,-0.03593279763862256,0.029408681659250483,-0.9389762631044647,-1.2218431976980484,0.3477429315840016,0.22176692929539543,0.581,0.35,0.224,True,999,0.00011158303823322058,0.0013679169351235032,weak_3x3_bal_strong_150_400,weak_null,True,1025,4285374274,3.885780586188048e-16,0,0
150,400,0.05104288872157059,0.0459192116236824,0.037101763622928274,0.03803525013634612,0.005123677097888191,-0.0009334865134178472,0.03104912067332718,0.16501842843780426,-0.03006482931478832,0.8689294771110494,0.9760153501843346,0.923,0.863,0.981,True,999,0.00011379190254956484,0.0012734999181702733,weak_3x3_bal_strong_150_400,weak_null,True,1026,4285374274,3.885780586188048e-16,0,0
150,400,0.07461169107475718,0.11303394630276287,0.060660128107599576,0.10879132962733706,-0.038422255228005686,-0.04813120151973749,0.03993177516875195,-0.9621975247940512,-1.2053358839253878,0.33595039225553414,0.2280736621520174,0.466,0.345,0.237,True,999,0.00011112494394183159,0.0013113750610500574,weak_3x3_bal_strong_150_400,weak_null,True,1027,4285374274,3.885780586188048e-16,0,1
150,400,0.0646128153020411,0.08967126814350335,0.05062299732895781,0.08414204609439935,-0.025058452841462242,-0.03351904876544154,0.03608193420848448,-0.694487515460573,-0.9289703975337249,0.48737652750044136,0.352904427800515,0.613,0.468,0.354,True,999,0.00011704093776643276,0.0013201250694692135,weak_3x3_bal_strong_150_400,weak_null,True,1028,4285374274,3.885780586188048e-16,0,0
150,400,0.07196373012616886,0.014507123996180149,0.05794078656748525,0.006601737898876081,0.05745660612998871,0.051339048668609166,0.029873038596336325,1.9233599536484807,1.7185747108734184,0.05443485997119727,0.08569183976782874,0.138,0.042,0.075,True,999,0.00011783395893871784,0.0013709580525755882,weak_3x3_bal_strong_150_400,weak_null,True,1029,4285374274,3.885780586188048e-16,0,0
150,400,0.11262646938920451,0.04821511870308948,0.09835205244718281,0.0421898467720041,0.06441135068611503,0.05616220567517871,0.038285922795092915,1.6823768629228548,1.4669152935338674,0.09249578501365609,0.14239909964217723,0.253,0.109,0.156,True,999,0.00012324994895607233,0.001370999962091446,weak_3x3_bal_strong_150_400,weak_null,True,1030,4285374274,3.885780586188048e-16,0,0
150,400,0.047341842638255915,0.02488595853611092,0.03342889905010793,0.0171194998474391,0.022455884102144996,0.01630939920266883,0.02811914470782722,0.7985976933321943,0.5800105007507201,0.4245237255972495,0.561907536533617,0.633,0.439,0.572,True,999,0.00012112502008676529,0.0013804170303046703,weak_3x3_bal_strong_150_400,weak_null,True,1031,4285374274,3.885780586188048e-16,0,0
150,400,0.07462523003371957,0.09351935854817628,0.06064106504882716,0.0876931059299011,-0.01889412851445671,-0.027052040881073935,0.038181138979357626,-0.49485502579353885,-0.708518436176025,0.6207024592053696,0.4786233674359509,0.718,0.611,0.468,True,999,0.00011729204561561346,0.0013500829227268696,weak_3x3_bal_strong_150_400,weak_null,True,1032,4285374274,3.885780586188048e-16,0,0
150,400,0.060652994751567046,0.07108588315177872,0.04668925795337486,0.06322716376917015,-0.01043288840021167,-0.016537905815795284,0.034522502067452075,-0.3022054537016838,-0.47904713810958893,0.7624954470477728,0.6319050946939805,0.839,0.764,0.631,True,999,0.00011729204561561346,0.0013607499422505498,weak_3x3_bal_strong_150_400,weak_null,True,1033,4285374274,3.885780586188048e-16,0,0
150,400,0.1279655792698584,0.06658206590858212,0.11385921595453397,0.06228458289484706,0.06138351336127629,0.0515746330596869,0.043526229235172666,1.4102649009547905,1.1849092826541126,0.15846147835233393,0.23605331680667474,0.25,0.16,0.231,True,999,0.00011970801278948784,0.001362374983727932,weak_3x3_bal_strong_150_400,weak_null,True,1034,4285374274,3.885780586188048e-16,0,1
150,400,0.04565921050515653,0.051497265504023115,0.03171539384516109,0.04451383635941397,-0.005838054998866582,-0.012798442514252883,0.03059876757200951,-0.19079379537517693,-0.4182666012326709,0.848687149965031,0.6757522058544427,0.905,0.851,0.669,True,999,0.00011720799375325441,0.0013767079217359424,weak_3x3_bal_strong_150_400,weak_null,True,1035,4285374274,3.885780586188048e-16,0,0
150,400,0.09044124378797003,0.031484150790483,0.07645843004522135,0.02581542213169996,0.058957092997487026,0.05064300791352139,0.035269041706136824,1.6716386424309475,1.4359054134637712,0.09459560000010399,0.1510292578775535,0.261,0.1,0.176,True,999,0.0001437499886378646,0.0013414579443633556,weak_3x3_bal_strong_150_400,weak_null,True,1036,4285374274,3.885780586188048e-16,0,0
150,400,0.04049896972693556,0.06582337922503856,0.026563910052175288,0.058989931200386536,-0.025324409498102995,-0.03242602114821125,0.03164763491677255,-0.8001991164490342,-1.0245953997347894,0.42359544164887,0.3055541360338766,0.632,0.434,0.318,True,999,0.00011083390563726425,0.001317499903962016,weak_3x3_bal_strong_150_400,weak_null,True,1037,4285374274,3.885780586188048e-16,0,0
150,400,0.0775429889071153,0.04980047837016288,0.06358815628465209,0.043944690821405175,0.027742510536952425,0.019643465463246912,0.03570487513346046,0.7769950303216104,0.5501619986016486,0.43716170237869945,0.5822082656771521,0.558,0.443,0.581,True,999,0.00011729099787771702,0.0013592499308288097,weak_3x3_bal_strong_150_400,weak_null,True,1038,4285374274,3.885780586188048e-16,0,0
150,400,0.05162488860248837,0.04048357163597416,0.037694902817207776,0.03369818940672076,0.011141316966514214,0.003996713410487018,0.030199026532216264,0.3689296724392317,0.13234576969636197,0.7121801456482231,0.894710806757846,0.783,0.702,0.889,True,999,0.0001163750421255827,0.001356916967779398,weak_3x3_bal_strong_150_400,weak_null,True,1039,4285374274,3.885780586188048e-16,0,0
150,400,0.07033952601145255,0.03151720060553176,0.05626346104631352,0.025648036358290938,0.03882232540592079,0.030615424688022586,0.032026316576776535,1.2122007634831253,0.9559458582952671,0.22543553931598292,0.33909958872119816,0.457,0.242,0.349,True,999,0.00012400001287460327,0.0013655410148203373,weak_3x3_bal_strong_150_400,weak_null,True,1040,4285374274,3.885780586188048e-16,0,0
150,400,0.09738261986862895,0.031870766952780516,0.08339330197117079,0.025069502769810015,0.06551185291584843,0.05832379920136077,0.03798463869538809,1.7246933277741712,1.535457521896665,0.08458275411780913,0.1246714835734291,0.201,0.083,0.121,True,999,0.00012812495697289705,0.0014136249665170908,weak_3x3_bal_strong_150_400,weak_null,True,1041,4285374274,3.885780586188048e-16,0,0
150,400,0.05013265168928682,0.051135535358713124,0.03608198373208893,0.04590287893140044,-0.0010028836694263021,-0.009820895199311508,0.031097146989885385,-0.03225002183488082,-0.31581338321826885,0.9742726652484003,0.7521441592835442,0.988,0.983,0.746,True,999,0.00011395907495170832,0.0012963339686393738,weak_3x3_bal_strong_150_400,weak_null,True,1042,4285374274,3.885780586188048e-16,0,1
150,400,0.05045813542394595,0.04764417682513189,0.036408062506524175,0.04380363732444437,0.002813958598814059,-0.007395574817920192,0.03082210681361874,0.09129676358044131,-0.2399438449370521,0.9272567895394082,0.8103737901685844,0.969,0.938,0.817,True,999,0.00011075008660554886,0.0013013340067118406,weak_3x3_bal_strong_150_400,weak_null,True,1043,4285374274,3.885780586188048e-16,0,2
150,400,0.059121378617809306,0.047821349391840795,0.04516445732912189,0.03897003266288834,0.011300029225968511,0.0061944246662335445,0.033077068605332265,0.34162728749629473,0.18727247992087662,0.7326313989875827,0.8514469990917605,0.833,0.743,0.859,True,999,0.00011825002729892731,0.0013360410230234265,weak_3x3_bal_strong_150_400,weak_null,True,1044,4285374274,3.885780586188048e-16,0,0
150,400,0.10355204447931432,0.025173946066887942,0.08948970997059291,0.018436308118509714,0.07837809841242638,0.0710534018520832,0.03727252656785999,2.102838353867098,1.9063210464876932,0.035479902083876684,0.05660856526363799,0.11,0.044,0.058,True,999,0.00011000002268701792,0.0013350830413401127,weak_3x3_bal_strong_150_400,weak_null,True,1045,4285374274,3.885780586188048e-16,0,0
150,400,0.06895424147269269,0.07886486647128055,0.054845638180268,0.07215183575863193,-0.009910624998587858,-0.017306197578363935,0.03654114181973811,-0.2712182626223935,-0.4736085605572346,0.7862231676774682,0.6357790697721349,0.867,0.799,0.653,True,999,0.0001246670726686716,0.0013714999658986926,weak_3x3_bal_strong_150_400,weak_null,True,1046,4285374274,3.885780586188048e-16,0,0
150,400,0.052364374351361986,0.07370207751434965,0.03846311378799783,0.06791547124382191,-0.021337703162987665,-0.029452357455824085,0.033670817845499204,-0.6337150247106305,-0.8747146443240017,0.5262668177926072,0.3817291899642188,0.667,0.522,0.364,True,999,0.00011362496297806501,0.0013980829389765859,weak_3x3_bal_strong_150_400,weak_null,True,1047,4285374274,3.885780586188048e-16,0,0
150,400,0.11551909103323621,0.07086934160209479,0.10148645742631857,0.06519602048555839,0.04464974943114142,0.03629043694076017,0.04115486811936398,1.0849202408240264,0.8818018037502829,0.277956982397336,0.3778839960676268,0.427,0.303,0.398,True,999,0.00011391600128263235,0.0013240829575806856,weak_3x3_bal_strong_150_400,weak_null,True,1048,4285374274,3.885780586188048e-16,0,0
150,400,0.060573409423428703,0.0414810729474826,0.04663715868963436,0.03581210385712552,0.019092336475946103,0.01082505483250884,0.031902068835075306,0.5984670328011671,0.3393214054070073,0.5495283498603452,0.734367619010635,0.678,0.547,0.723,True,999,0.00010983308311551809,0.0013187909498810768,weak_3x3_bal_strong_150_400,weak_null,True,1049,4285374274,3.885780586188048e-16,0,0
150,400,0.09424751724067026,0.08580779208029266,0.08018808086598028,0.07915892015080317,0.008439725160377609,0.0010291607151771132,0.04012063295409924,0.21035872415156645,0.02565165700039039,0.8333877052136563,0.9795351832788248,0.882,0.831,0.974,True,999,0.00011079199612140656,0.001325415913015604,weak_3x3_bal_strong_150_400,weak_null,True,1050,4285374274,3.885780586188048e-16,0,0
150,400,0.0697126983955858,0.06190769442656441,0.05577265409266374,0.0540009528065184,0.007805003969021396,0.001771701286145344,0.03704793583675388,0.21067311289387253,0.04782186230164286,0.8331423565243353,0.9618582128906007,0.892,0.846,0.972,True,999,0.00011483300477266312,0.001331249950453639,weak_3x3_bal_strong_150_400,weak_null,True,1051,4285374274,3.885780586188048e-16,0,0
150,400,0.08275523936545826,0.053783806282992175,0.06879654818732206,0.04796320912035412,0.02897143308246608,0.020833339066967937,0.036976525913669726,0.7835087901472033,0.5634206716879838,0.433328393873731,0.5731484641904705,0.583,0.445,0.596,True,999,0.00011645897757261992,0.0013937080511823297,weak_3x3_bal_strong_150_400,weak_null,True,1052,4285374274,3.885780586188048e-16,0,0
150,400,0.05304864684513033,0.0396742177796931,0.03912318937886994,0.035377904563944185,0.013374429065437232,0.0037452848149257534,0.031211258678585128,0.42851296716892046,0.11999787812131693,0.668277694830655,0.9044848288273627,0.785,0.643,0.895,True,999,0.0001255829120054841,0.001365375006571412,weak_3x3_bal_strong_150_400,weak_null,True,1053,4285374274,3.885780586188048e-16,0,1
150,400,0.03957075871160631,0.05109349795901047,0.025681501812897523,0.0442688815277279,-0.011522739247404157,-0.018587379714830377,0.029585961065504502,-0.38946645072277186,-0.6282499890294986,0.6969311238377631,0.5298401876457562,0.815,0.683,0.5,True,999,0.00011487503070384264,0.0012954999692738056,weak_3x3_bal_strong_150_400,weak_null,True,1054,4285374274,3.885780586188048e-16,0,0
150,400,0.0497488290337289,0.01524906119965208,0.03582887821730196,0.008845658833948278,0.03449976783407682,0.026983219383353685,0.026600227578322904,1.296972656812584,1.0143980649753122,0.19464059507012788,0.31039284727294847,0.431,0.174,0.292,True,999,0.000122582889162004,0.001300874981097877,weak_3x3_bal_strong_150_400,weak_null,True,1055,4285374274,3.885780586188048e-16,0,1
150,400,0.05762546120503531,0.09888049229448809,0.04369516397795792,0.09330587796543455,-0.041255031089452776,-0.04961071398747663,0.0361936667592811,-1.1398411596104392,-1.3707015185123514,0.25435248249817355,0.17046802126787886,0.463,0.254,0.151,True,999,0.00011212495155632496,0.0013285420136526227,weak_3x3_bal_strong_150_400,weak_null,True,1056,4285374274,3.885780586188048e-16,0,0
150,400,0.04097846760417112,0.054511661818151036,0.026999507069575657,0.04760185808464712,-0.013533194213979916,-0.020602351015071463,0.030404118612615764,-0.44511055842166414,-0.6776171109437392,0.6562398589368037,0.4980144941005744,0.784,0.631,0.473,True,999,0.00011304207146167755,0.0013399160234257579,weak_3x3_bal_strong_150_400,weak_null,True,1057,4285374274,3.885780586188048e-16,0,0
150,400,0.06381302121474319,0.027571759945122454,0.04989507189074516,0.02076091947250802,0.03624126126962074,0.029134152418237136,0.031236760724197583,1.160211892315275,0.9326880170282298,0.24596254627930936,0.3509810736669011,0.42,0.234,0.338,True,999,0.00012587499804794788,0.0013789170188829303,weak_3x3_bal_strong_150_400,weak_null,True,1058,4285374274,3.885780586188048e-16,0,0
150,400,0.022702496572223563,0.03610180365053578,0.0088377165016027,0.03181890864186698,-0.013399307078312217,-0.022981192140264284,0.0227645493193758,-0.5886041006270896,-1.009516675153507,0.556126882471604,0.31272690855719265,0.751,0.569,0.333,True,999,0.00011841603554785252,0.0013412089319899678,weak_3x3_bal_strong_150_400,weak_null,True,1059,4285374274,3.885780586188048e-16,0,1
150,400,0.061656075445097214,0.05821179763408485,0.047735001382932296,0.05146562793385101,0.003444277811012364,-0.003730626550918714,0.03458098754649315,0.09960033114675024,-0.10788085637817582,0.9206616309171975,0.9140902028817051,0.948,0.918,0.901,True,999,0.00011066708248108625,0.001275207963772118,weak_3x3_bal_strong_150_400,weak_null,True,1060,4285374274,3.885780586188048e-16,0,0
150,400,0.035656724673021944,0.033185274983461965,0.021730163237037914,0.02934142422125774,0.002471449689559979,-0.007611260984219825,0.0264702073429775,0.09336722064686247,-0.28754066356941776,0.9256118308685298,0.7736983708390576,0.96,0.918,0.775,True,999,0.0001319580478593707,0.0013267920585349202,weak_3x3_bal_strong_150_400,weak_null,True,1061,4285374274,3.885780586188048e-16,0,2
150,400,0.058110989716368966,0.03814488440059505,0.04418445973243479,0.03227670563381935,0.01996610531577392,0.011907754098615442,0.03092458713685441,0.6456385408612065,0.3850578197186136,0.5185134713321469,0.7001945779877436,0.664,0.523,0.693,True,999,0.0001129999291151762,0.0013033750001341105,weak_3x3_bal_strong_150_400,weak_null,True,1062,4285374274,3.885780586188048e-16,0,0
150,400,0.058001333547607725,0.0570267659651606,0.04400134795409372,0.05101831752975272,0.0009745675824471278,-0.0070169695756590045,0.032952740748001655,0.029574704875078663,-0.21294039331415954,0.9764062390722825,0.8313734555187258,0.987,0.976,0.84,True,999,0.000112209003418684,0.0013578339712694287,weak_3x3_bal_strong_150_400,weak_null,True,1063,4285374274,3.885780586188048e-16,0,0
150,400,0.09744818707855885,0.041309800603138436,0.08347161353040633,0.03359214324498794,0.05613838647542041,0.04987947028541839,0.03813840389566306,1.4719647583837203,1.3078541624834614,0.14103039448615734,0.1909227792213931,0.232,0.151,0.187,True,999,0.00011166709009557962,0.0014033339684829116,weak_3x3_bal_strong_150_400,weak_null,True,1064,4285374274,3.885780586188048e-16,0,0
150,400,0.11647892097152623,0.09927568925092317,0.1023771896500989,0.09256256467139679,0.017203231720603063,0.009814624978702113,0.04315119574955828,0.39867334894836987,0.2274473466659978,0.6901339077389353,0.8200759075356893,0.776,0.724,0.847,True,999,0.00013095804024487734,0.001303665922023356,weak_3x3_bal_strong_150_400,weak_null,True,1065,4285374274,3.885780586188048e-16,0,0
150,400,0.04840749095220853,0.05850828811138081,0.03448989084375853,0.051927829157136784,-0.010100797159172281,-0.017437938313378254,0.031290007789719125,-0.32281222897269696,-0.5573005424149428,0.7468374510555258,0.5773221051687396,0.842,0.764,0.573,True,999,0.00011012493632733822,0.0012732500908896327,weak_3x3_bal_strong_150_400,weak_null,True,1066,4285374274,3.885780586188048e-16,0,0
150,400,0.057385369314916224,0.09756891152544372,0.04342990565672267,0.0909800897381956,-0.0401835422105275,-0.047550184081472935,0.03580015016118519,-1.1224406051261433,-1.3282118613297669,0.2616751479745504,0.18410812702420443,0.438,0.261,0.193,True,999,0.0001153749180957675,0.0012847499456256628,weak_3x3_bal_strong_150_400,weak_null,True,1067,4285374274,3.885780586188048e-16,0,0
150,400,0.032415018471063206,0.058412476712761896,0.018545577141679814,0.05158365165868872,-0.02599745824169869,-0.03303807451700891,0.028826065423620345,-0.9018732823799162,-1.146118071665001,0.36712418555195936,0.2517463010640463,0.616,0.379,0.27,True,999,0.00011945900041610003,0.0013847500085830688,weak_3x3_bal_strong_150_400,weak_null,True,1068,4285374274,3.885780586188048e-16,0,0
150,400,0.10167361373978223,0.06528073410342145,0.08761743807809808,0.060928200663511234,0.036392879636360786,0.02668923741458684,0.039708918964910106,0.9164913219753066,0.6721219844380939,0.3594092569681341,0.5015060418480419,0.489,0.346,0.481,True,999,0.00011479202657938004,0.001322624972090125,weak_3x3_bal_strong_150_400,weak_null,True,1069,4285374274,3.885780586188048e-16,0,1
150,400,0.07578265050911903,0.046152579057076426,0.061782393377910694,0.0407091494978431,0.029630071452042606,0.021073243880067594,0.03485054031594949,0.8502040767064459,0.6046748110365262,0.3952116356063189,0.5453950879851147,0.545,0.398,0.544,True,999,0.00011791696306318045,0.001366000040434301,weak_3x3_bal_strong_150_400,weak_null,True,1070,4285374274,3.885780586188048e-16,0,1
150,400,0.11507887816484774,0.0967673738995875,0.10102027963597493,0.09094187297552025,0.018311504265260237,0.010078406660454675,0.04476035460714308,0.40910096503878,0.22516369114837873,0.6824655680931546,0.8218519344581596,0.784,0.718,0.833,True,999,0.00011516700033098459,0.0012919589644297957,weak_3x3_bal_strong_150_400,weak_null,True,1071,4285374274,3.885780586188048e-16,0,0
150,400,0.07971630736654478,0.08769832836395502,0.06573589848810002,0.08081892714585592,-0.007982020997410244,-0.015083028657755904,0.039536066286693136,-0.20189213918069526,-0.38150048991678465,0.8400010475655195,0.7028319077458918,0.889,0.845,0.685,True,999,0.00011020805686712265,0.001323582953773439,weak_3x3_bal_strong_150_400,weak_null,True,1072,4285374274,3.885780586188048e-16,0,0
150,400,0.08153577909848853,0.07353724886751584,0.06757190042500838,0.0669033602200102,0.007998530230972689,0.0006685402049981803,0.03850206211580814,0.2077429049621906,0.017363750621650256,0.8354297151121317,0.9861464276064853,0.884,0.842,0.988,True,999,0.00010954192839562893,0.0013172499602660537,weak_3x3_bal_strong_150_400,weak_null,True,1073,4285374274,3.885780586188048e-16,0,0
150,400,0.04941989454920259,0.09171959437786376,0.035507991913675596,0.08605919854576882,-0.042299699828661164,-0.050551206632093226,0.033981682568091066,-1.2447794409209374,-1.4876016374645618,0.2132128353199194,0.13685598135979,0.427,0.225,0.152,True,999,0.0001152500044554472,0.0013777499552816153,weak_3x3_bal_strong_150_400,weak_null,True,1074,4285374274,3.885780586188048e-16,0,0
150,400,0.02921506500683302,0.06470133148037199,0.015341295337208294,0.05804599943104449,-0.035486266473538974,-0.0427047040938362,0.028631696764285307,-1.2394049422108977,-1.491518454019998,0.21519557209679152,0.13582542987388288,0.446,0.23,0.148,True,999,0.00011116696987301111,0.0013857920421287417,weak_3x3_bal_strong_150_400,weak_null,True,1075,4285374274,3.885780586188048e-16,0,0
150,400,0.06729408465631348,0.04793892115881748,0.0533688519850557,0.04111993295742877,0.019355163497495997,0.012248919027626926,0.03461062374411115,0.5592260815810693,0.35390633575943653,0.5760074352877043,0.7234090787004812,0.682,0.571,0.743,True,999,0.00011608295608311892,0.0013408330269157887,weak_3x3_bal_strong_150_400,weak_null,True,1076,4285374274,3.885780586188048e-16,0,0
150,400,0.038252657543714985,0.02171808009265014,0.02434709234231036,0.016416929267734304,0.016534577451064847,0.007930163074576058,0.025970835299819337,0.6366594397208267,0.3053487877084655,0.5243466987586884,0.7601005217814185,0.732,0.523,0.772,True,999,0.00011358305346220732,0.0012834580847993493,weak_3x3_bal_strong_150_400,weak_null,True,1077,4285374274,3.885780586188048e-16,0,1
150,400,0.050059651497050384,0.055510084937790916,0.03616210305779077,0.05271577259293281,-0.005450433440740532,-0.016553669535142035,0.03191410275411926,-0.1707844799126313,-0.5186944988765319,0.8643932330132531,0.6039737984917137,0.904,0.859,0.597,True,999,0.0001105000264942646,0.0013165000127628446,weak_3x3_bal_strong_150_400,weak_null,True,1078,4285374274,3.885780586188048e-16,0,2
150,400,0.02323759636179501,0.10744406483945501,0.009368796186578265,0.10164075735821143,-0.08420646847766,-0.09227196117163317,0.0319595507204653,-2.6347826104995393,-2.8871482574549088,0.00841911846554323,0.0038875100260576502,0.102,0.012,0.006,True,999,0.00011412508320063353,0.0013112089363858104,weak_3x3_bal_strong_150_400,weak_null,True,1079,4285374274,3.885780586188048e-16,0,0
150,400,0.1194854471357285,0.08010219351371106,0.1054348505693099,0.07488110365648026,0.039383253622017445,0.030553746912829638,0.044318016084609446,0.8886510972609687,0.6894204572356794,0.3741906206032849,0.4905587133909236,0.493,0.367,0.485,True,999,0.00011687504593282938,0.0013456250308081508,weak_3x3_bal_strong_150_400,weak_null,True,1080,4285374274,3.885780586188048e-16,0,1
150,400,0.05800876861254123,0.05024073215896013,0.04407957994180833,0.0425177060094768,0.007768036453581095,0.0015618739323315367,0.03277899131794795,0.2369821687993111,0.04764862704839674,0.8126706235202712,0.9619962772343319,0.87,0.811,0.959,True,999,0.00011654198169708252,0.0013666249578818679,weak_3x3_bal_strong_150_400,weak_null,True,1081,4285374274,3.885780586188048e-16,0,0
150,400,0.08329589983292873,0.056832134976458004,0.06930504498640744,0.052599686716661154,0.02646376485647073,0.016705358269746284,0.0362009079663148,0.7310248925550554,0.46146241097849633,0.46476394849236424,0.6444668836601852,0.599,0.473,0.641,True,999,0.00013916706666350365,0.0013191250618547201,weak_3x3_bal_strong_150_400,weak_null,True,1082,4285374274,3.885780586188048e-16,0,1
150,400,0.07036561463903035,0.06361902511378792,0.05639126317825571,0.057710873863499046,0.00674658952524243,-0.0013196106852433331,0.03556950318304043,0.18967342587059832,-0.03709949724213535,0.8495650458533003,0.9704056728965894,0.913,0.859,0.973,True,999,0.00011329108383506536,0.0013130420120432973,weak_3x3_bal_strong_150_400,weak_null,True,1083,4285374274,3.885780586188048e-16,0,0
150,400,0.03166015568504732,0.07836094622257445,0.017771327936657144,0.0716414390054183,-0.046700790537527126,-0.05387011106876116,0.030407261152050495,-1.5358433731996244,-1.7716199693022487,0.12457679914302479,0.0764576625628493,0.388,0.144,0.086,True,999,0.00011270889081060886,0.001297083916142583,weak_3x3_bal_strong_150_400,weak_null,True,1084,4285374274,3.885780586188048e-16,0,0
150,400,0.05564742587937155,0.06347935918632741,0.04171176382351405,0.05671947656367138,-0.007831933306955863,-0.01500771274015733,0.033621344091156365,-0.23294527683727986,-0.44637456192909625,0.8158038995431508,0.655326704765555,0.895,0.828,0.65,True,999,0.0001204590080305934,0.0013370000524446368,weak_3x3_bal_strong_150_400,weak_null,True,1085,4285374274,3.885780586188048e-16,0,0
150,400,0.07326763591699859,0.008912314270978883,0.05926652637350571,0.003307311184656214,0.0643553216460197,0.0559592151888495,0.03077629606270973,2.091067798246072,1.818256981763728,0.03652198684376622,0.06902486445579911,0.211,0.036,0.077,True,999,0.00011866597924381495,0.0013853749260306358,weak_3x3_bal_strong_150_400,weak_null,True,1086,4285374274,3.885780586188048e-16,0,1
150,400,0.05571474309694846,0.04507619961658682,0.041775228146690324,0.040744831627620215,0.01063854348036164,0.0010303965190701092,0.03217511051702087,0.3306451262920689,0.03202464583688133,0.7409125557375422,0.9744523964393044,0.845,0.741,0.976,True,999,0.00011804199311882257,0.0014030409511178732,weak_3x3_bal_strong_150_400,weak_null,True,1087,4285374274,3.885780586188048e-16,0,1
150,400,0.05152942396618654,0.038733579367354665,0.037590089290773676,0.03208882005802138,0.012795844598831874,0.005501269232752293,0.029655097885556522,0.4314888673850601,0.1855083822006765,0.6661129455716601,0.8528303063262817,0.79,0.676,0.851,True,999,0.00011883396655321121,0.0013550840085372329,weak_3x3_bal_strong_150_400,weak_null,True,1088,4285374274,3.885780586188048e-16,0,0
150,400,0.06933661280527259,0.048899052829554535,0.05526586713855863,0.04466779726521963,0.020437559975718056,0.010598069873339,0.03305488007031875,0.6182917600136667,0.3206204303507794,0.5363830325737364,0.7484980531843796,0.715,0.559,0.755,True,999,0.00011758296750485897,0.0013712499057874084,weak_3x3_bal_strong_150_400,weak_null,True,1089,4285374274,3.885780586188048e-16,0,1
150,400,0.0630854165431356,0.05109002772287208,0.049068482346001474,0.045824035125860973,0.01199538882026352,0.0032444472201405006,0.03266947045955458,0.36717426550008014,0.09931128893433358,0.7134890339006454,0.9208911154555011,0.801,0.71,0.926,True,999,0.00011750007979571819,0.0013615420321002603,weak_3x3_bal_strong_150_400,weak_null,True,1090,4285374274,3.885780586188048e-16,0,1
150,400,0.06115212742271603,0.03570238605839221,0.04717343179416389,0.03153750473461514,0.02544974136432382,0.01563592705954875,0.03128169718270029,0.8135665151313556,0.49984267056315224,0.4158933270177282,0.6171858622880755,0.592,0.403,0.6,True,999,0.00011995900422334671,0.0013889590045437217,weak_3x3_bal_strong_150_400,weak_null,True,1091,4285374274,3.885780586188048e-16,0,1
150,400,0.038744437306326374,0.04760642602132775,0.02477031195581958,0.041950513271956424,-0.008861988715001379,-0.017180201316136845,0.027783637436161097,-0.31896430895212013,-0.6183568064337172,0.7497535775751494,0.536340163642187,0.877,0.754,0.567,True,999,0.00012104096822440624,0.0013915830058977008,weak_3x3_bal_strong_150_400,weak_null,True,1092,4285374274,3.885780586188048e-16,0,0
150,400,0.053582568304757716,0.05361865347029965,0.039678929520988504,0.04786502826013361,-3.608516554193253e-05,-0.008186098739145109,0.03241845749806617,-0.0011131055678415634,-0.2525135176352369,0.9991118704362748,0.8006441670110349,1.0,1.0,0.805,True,999,0.00011775002349168062,0.0013887499226257205,weak_3x3_bal_strong_150_400,weak_null,True,1093,4285374274,3.885780586188048e-16,0,0
150,400,0.04987869084438645,0.036192502674134985,0.03594166356239725,0.02953938838174963,0.013686188170251468,0.006402275180647621,0.029711223427395704,0.4606403436632603,0.21548339119365584,0.645056661971429,0.829390459829923,0.754,0.608,0.804,True,999,0.00011908309534192085,0.0013900420162826777,weak_3x3_bal_strong_150_400,weak_null,True,1094,4285374274,3.885780586188048e-16,0,0
150,400,0.06089546624301456,0.08355898474486828,0.0469308126804151,0.07832500131334541,-0.02266351850185372,-0.03139418863293031,0.03657937814663711,-0.6195709071652785,-0.8582482869741324,0.5355403254683042,0.3907553778534135,0.716,0.573,0.43,True,999,0.00012079207226634026,0.0013462500646710396,weak_3x3_bal_strong_150_400,weak_null,True,1095,4285374274,3.885780586188048e-16,0,1
150,400,0.050998747349452866,0.04571496293619576,0.03710279637581948,0.03875543105317547,0.005283784413257109,-0.0016526346773559908,0.032157393160544306,0.16431009773951694,-0.05139205995664164,0.8694870328842054,0.9590131116509074,0.918,0.862,0.956,True,999,0.00011741695925593376,0.0013657499803230166,weak_3x3_bal_strong_150_400,weak_null,True,1096,4285374274,3.885780586188048e-16,0,0
150,400,0.04276398966418693,0.02103417912177774,0.02886266837984408,0.015698532456468683,0.02172981054240919,0.013164135923375397,0.02642478735699933,0.8223267891937625,0.4981737694055091,0.41089093392591935,0.6183615689471742,0.617,0.412,0.622,True,999,0.00011829205323010683,0.0013643329730257392,weak_3x3_bal_strong_150_400,weak_null,True,1097,4285374274,3.885780586188048e-16,0,1
150,400,0.017002787492683025,0.08965904263206376,0.003144956528558396,0.08291012626824568,-0.07265625513938073,-0.07976516973968728,0.028314291302906885,-2.5660629949060914,-2.8171346012639984,0.010286014565624318,0.00484542143961975,0.154,0.017,0.009,True,999,0.00011749996338039637,0.0014172079972922802,weak_3x3_bal_strong_150_400,weak_null,True,1098,4285374274,3.885780586188048e-16,0,0
150,400,0.054969926424482285,0.05692126981452217,0.04106312202119966,0.05034108852370878,-0.0019513433900398836,-0.009277966502509116,0.032410313251128225,-0.060207483183518935,-0.2862658694662923,0.9519903858105144,0.7746744969595243,0.966,0.954,0.762,True,999,0.00012183305807411671,0.0013767500640824437,weak_3x3_bal_strong_150_400,weak_null,True,1099,4285374274,3.885780586188048e-16,0,0
150,400,0.08226480826985738,0.03129764868977242,0.06823818788649305,0.025573527404674223,0.050967159580084964,0.04266466048181883,0.03363407873426056,1.5153428159210578,1.2684949933936938,0.12968561075941598,0.20462123751711936,0.303,0.121,0.202,True,999,0.00012512493412941694,0.0013330000219866633,weak_3x3_bal_strong_150_400,weak_null,True,1100,4285374274,3.885780586188048e-16,0,0
150,400,0.051050788404498615,0.06638349072715222,0.037052565890633105,0.05958981884992909,-0.015332702322653602,-0.022537252959295984,0.03220127401412376,-0.4761520403176764,-0.6998869966887319,0.6339660643606331,0.48399787869410615,0.751,0.659,0.497,True,999,0.00011170899961143732,0.0012844590237364173,weak_3x3_bal_strong_150_400,weak_null,True,1101,4285374274,3.885780586188048e-16,0,0
150,400,0.05264370040676125,0.03686132150032717,0.03872287064407942,0.032543591758098955,0.01578237890643408,0.006179278885980466,0.029790490496395757,0.5297790886774265,0.2074245433027722,0.5962651054050315,0.8356783166020695,0.74,0.601,0.834,True,999,0.00011424999684095383,0.0013126659905537963,weak_3x3_bal_strong_150_400,weak_null,True,1102,4285374274,3.885780586188048e-16,0,1
150,400,0.08849948874264801,0.060172739224527094,0.07439974042566178,0.05359792497500848,0.02832674951812092,0.020801815450653294,0.03644924593766433,0.7771559819526982,0.5707063319287498,0.43706674868218875,0.5681987258977922,0.584,0.451,0.586,True,999,0.00013933295849710703,0.0013365419581532478,weak_3x3_bal_strong_150_400,weak_null,True,1103,4285374274,3.885780586188048e-16,0,0
150,400,0.11334398601531359,0.04371954482927787,0.09932298205282564,0.036994404953588855,0.06962444118603572,0.06232857709923678,0.04029309884429859,1.727949529399064,1.5468797110911756,0.0839972733505549,0.12189225428490241,0.22,0.08,0.126,True,999,0.00011320796329528093,0.0013506249524652958,weak_3x3_bal_strong_150_400,weak_null,True,1104,4285374274,3.885780586188048e-16,0,0
150,400,0.04537638808182276,0.055195154174614014,0.031471510349376786,0.04933788493380575,-0.009818766092791253,-0.017866374584428968,0.03041515580397317,-0.3228247836727707,-0.5874168358557302,0.7468279424440735,0.5569237893904438,0.842,0.744,0.548,True,999,0.00011729204561561346,0.0012815829832106829,weak_3x3_bal_strong_150_400,weak_null,True,1105,4285374274,3.885780586188048e-16,0,0
150,400,0.07402917718821378,0.03596330670557518,0.0600743515294937,0.03027251312485646,0.0380658704826386,0.029801838404637238,0.03303353962573348,1.1523400432990498,0.90216909063603,0.24918136823465875,0.3669670515436725,0.442,0.257,0.365,True,999,0.000111832981929183,0.0013267080066725612,weak_3x3_bal_strong_150_400,weak_null,True,1106,4285374274,3.885780586188048e-16,0,0
150,400,0.042055236811015195,0.061073569043967435,0.02811345210184868,0.05469448515231079,-0.01901833223295224,-0.02658103305046211,0.03092189156780203,-0.615044270213903,-0.859618597141065,0.5385254846073839,0.3899993201577261,0.69,0.53,0.374,True,999,0.00011208304204046726,0.0013252079952508211,weak_3x3_bal_strong_150_400,weak_null,True,1107,4285374274,3.885780586188048e-16,0,1
150,400,0.07647117305018236,0.03658994687316092,0.06244875722509846,0.029890955495289973,0.039881226177021445,0.03255780172980849,0.03317585270167436,1.20211608532397,0.9813704570784195,0.22931855508636867,0.32641008931185744,0.408,0.238,0.328,True,999,0.0001154160127043724,0.0013745420146733522,weak_3x3_bal_strong_150_400,weak_null,True,1108,4285374274,3.885780586188048e-16,0,0
150,400,0.0244665488136655,0.03148911975196339,0.010597387677449888,0.027052249658396477,-0.00702257093829789,-0.01645486198094659,0.022926520451691145,-0.30630775189350107,-0.7177217325943073,0.7593703375490959,0.4729288804478561,0.87,0.77,0.476,True,999,0.00011470797471702099,0.001363124931231141,weak_3x3_bal_strong_150_400,weak_null,True,1109,4285374274,3.885780586188048e-16,0,1
150,400,0.0675899865658387,0.04717977375968396,0.05364420232814382,0.04132793152243153,0.020410212806154737,0.012316270805712293,0.034255899364671494,0.5958159962136048,0.3595372194026879,0.5512981563157833,0.7191932395282578,0.696,0.571,0.726,True,999,0.00011712498962879181,0.0014026249991729856,weak_3x3_bal_strong_150_400,weak_null,True,1110,4285374274,3.885780586188048e-16,0,0
150,400,0.10841623767078623,0.053485051890823476,0.09436360809988287,0.049103625948120566,0.054931185779962755,0.0452599821517623,0.0401201631996648,1.369166558635078,1.1281106192544212,0.1709472167503363,0.2592732049297526,0.329,0.166,0.254,True,999,0.00011462508700788021,0.0013710410567000508,weak_3x3_bal_strong_150_400,weak_null,True,1111,4285374274,3.885780586188048e-16,0,1
150,400,0.026990552947674606,0.05673508314864134,0.013117956833951894,0.05096208762225274,-0.029744530200966735,-0.037844130788300845,0.026851745688295913,-1.1077317112358815,-1.4093732015641824,0.2679776998368809,0.15872484387075148,0.525,0.275,0.173,True,999,0.00011295895092189312,0.0013495420571416616,weak_3x3_bal_strong_150_400,weak_null,True,1112,4285374274,3.885780586188048e-16,0,0
150,400,0.07453169136210791,0.04856856699222378,0.06050586437319794,0.04066004006651269,0.025963124369884127,0.019845824306685245,0.03468447386887014,0.7485517718400924,0.5721817889386289,0.4541274097349278,0.5671988236848364,0.631,0.439,0.562,True,999,0.00011845899280160666,0.001381249981932342,weak_3x3_bal_strong_150_400,weak_null,True,1113,4285374274,3.885780586188048e-16,0,0
150,400,0.022348697010505125,0.06275534637583119,0.008478180979153649,0.056039682778589395,-0.040406649365326064,-0.047561501799435746,0.026926002757052276,-1.500655323031304,-1.7663781077560337,0.13344473422739064,0.0773324354168134,0.389,0.137,0.09,True,999,0.0001218749675899744,0.0013882500352337956,weak_3x3_bal_strong_150_400,weak_null,True,1114,4285374274,3.885780586188048e-16,0,0
150,400,0.09078027565918556,0.05929191963211955,0.07670067668408365,0.056580555720671555,0.03148835602706601,0.02012012096341209,0.03807353592495189,0.8270404957693931,0.5284542261341731,0.40821410902586386,0.5971841093069898,0.529,0.408,0.575,True,999,0.00012112502008676529,0.001402291003614664,weak_3x3_bal_strong_150_400,weak_null,True,1115,4285374274,3.885780586188048e-16,0,2
150,400,0.055160729482414794,0.05035101545460585,0.04122801155295974,0.04247357356510406,0.004809714027808942,-0.001245562012144319,0.03206465779661883,0.15000047897957355,-0.038845323721984695,0.8807642373644451,0.9690137089801023,0.922,0.881,0.962,True,999,0.00011729192920029163,0.0012809170875698328,weak_3x3_bal_strong_150_400,weak_null,True,1116,4285374274,3.885780586188048e-16,0,0
150,400,0.09648176925211693,0.0734849873405396,0.08251069558889412,0.06786290276269824,0.022996781911577335,0.014647792826195882,0.04075252006315141,0.5643033087509873,0.35943281062121296,0.5725477300094967,0.7192713330960318,0.672,0.583,0.725,True,999,0.00011420808732509613,0.001272333087399602,weak_3x3_bal_strong_150_400,weak_null,True,1117,4285374274,3.885780586188048e-16,0,0
150,400,0.0561031501253213,0.07371255542296706,0.04219515995171719,0.06692763666742962,-0.017609405297645764,-0.024732476715712437,0.035545360202881175,-0.49540657900601076,-0.6958004244308577,0.6203131516340844,0.4865538234124961,0.744,0.603,0.473,True,999,0.00011308304965496063,0.0013011249247938395,weak_3x3_bal_strong_150_400,weak_null,True,1118,4285374274,3.885780586188048e-16,0,0
150,400,0.08807389746771843,0.08294838549802969,0.07405421004426671,0.07874339782884476,0.005125511969688745,-0.004689187784578053,0.03897939018144779,0.13149287215191552,-0.12029915713791407,0.8953854248168505,0.9042461717708904,0.911,0.889,0.905,True,999,0.00011866702698171139,0.0013231249758973718,weak_3x3_bal_strong_150_400,weak_null,True,1119,4285374274,3.885780586188048e-16,0,1
150,400,0.04168534414619551,0.0541166221818869,0.027683231462987123,0.046163939168565093,-0.012431278035691384,-0.01848070770557797,0.030111137655006382,-0.41284650809679774,-0.6137498993667316,0.679719074418509,0.5393806088221202,0.839,0.714,0.583,True,999,0.0001236249227076769,0.0013177499640733004,weak_3x3_bal_strong_150_400,weak_null,True,1120,4285374274,3.885780586188048e-16,0,0
150,400,0.05773509632253182,0.0646650296128024,0.04382633368703637,0.05787066986152922,-0.006929933290270585,-0.014044336174492855,0.03479990267633961,-0.1991365710049021,-0.40357400723541603,0.8421559145470534,0.6865260028326359,0.879,0.816,0.668,True,999,0.0001199580729007721,0.0013957079499959946,weak_3x3_bal_strong_150_400,weak_null,True,1121,4285374274,3.885780586188048e-16,0,0
150,400,0.09134650428103552,0.024496230118777662,0.07731122931815548,0.01765474351466878,0.06685027416225786,0.0596564858034867,0.03580671649055265,1.8669758278421267,1.6660697112293625,0.06190496350253012,0.09569953047804008,0.165,0.057,0.087,True,999,0.00012279197108000517,0.0013644590508192778,weak_3x3_bal_strong_150_400,weak_null,True,1122,4285374274,3.885780586188048e-16,0,0
150,400,0.031025558923410967,0.07039709343423017,0.017137155406317106,0.06372014630957779,-0.039371534510819206,-0.04658299090326068,0.02946450626063849,-1.3362360177545372,-1.580986645124636,0.18147214193884598,0.1138810913323856,0.394,0.174,0.113,True,999,0.00012129195965826511,0.0013673750218003988,weak_3x3_bal_strong_150_400,weak_null,True,1123,4285374274,3.885780586188048e-16,0,0
150,400,0.08187714545979152,0.049378506067545014,0.06786101516169651,0.042345329740896887,0.03249863939224651,0.025515685420799628,0.035128834948151666,0.9251271623500412,0.7263459052501869,0.3548997655785159,0.4676267443298888,0.511,0.369,0.489,True,999,0.0001215840457007289,0.0013669589534401894,weak_3x3_bal_strong_150_400,weak_null,True,1124,4285374274,3.885780586188048e-16,0,0
150,400,0.033852954365513055,0.04629609176081079,0.01994984515349074,0.038320916585092846,-0.012443137395297732,-0.018371071431602104,0.027992102442673306,-0.44452314436833656,-0.6562948056233117,0.6566643995029164,0.5116344590650315,0.815,0.675,0.532,True,999,0.0001224169973284006,0.0013720419956371188,weak_3x3_bal_strong_150_400,weak_null,True,1125,4285374274,3.885780586188048e-16,0,0
150,400,0.057035364846443004,0.05485950954736418,0.04310521286265612,0.049007301514393475,0.0021758552990788216,-0.005902088651737358,0.03294301277193097,0.06604906825439945,-0.17916056107552558,0.947338759894472,0.8578116303233874,0.976,0.959,0.871,True,999,0.00012820796109735966,0.0014957500388845801,weak_3x3_bal_strong_150_400,weak_null,True,1126,4285374274,3.885780586188048e-16,0,0
150,400,0.05421851651317855,0.06306828561156702,0.04029643109882386,0.05719162176731629,-0.008849769098388471,-0.016895190668492432,0.033486895903290397,-0.2642755877984767,-0.5045314058754644,0.7915675698838156,0.6138879984352421,0.856,0.806,0.613,True,999,0.00014587491750717163,0.0013557909987866879,weak_3x3_bal_strong_150_400,weak_null,True,1127,4285374274,3.885780586188048e-16,0,0
150,400,0.04312641377598725,0.051873932370834264,0.02923438028793157,0.047607712296070304,-0.008747518594847015,-0.018373332008138732,0.030119236716335998,-0.29042962400513145,-0.6100198415112376,0.7714875832027263,0.5418486640459546,0.871,0.772,0.54,True,999,0.00013341708108782768,0.0014042080147191882,weak_3x3_bal_strong_150_400,weak_null,True,1128,4285374274,3.885780586188048e-16,0,1
150,400,0.07337463765653984,0.07012518072935858,0.05918224597073163,0.06419943774622539,0.00324945692718126,-0.005017191775493757,0.03535090344166728,0.09192005326096422,-0.14192541878802764,0.926761558713651,0.8871389162585289,0.957,0.925,0.881,True,999,0.0001205839216709137,0.0013407089281827211,weak_3x3_bal_strong_150_400,weak_null,True,1129,4285374274,3.885780586188048e-16,0,0
150,400,0.04360595040552173,0.047860246558277475,0.029685395212112553,0.04122273354951744,-0.004254296152755743,-0.01153733833740489,0.029188701816291608,-0.1457514684802192,-0.3952672650540885,0.8841175891944543,0.6926456552767107,0.934,0.902,0.707,True,999,0.00012258300557732582,0.001346500008367002,weak_3x3_bal_strong_150_400,weak_null,True,1130,4285374274,3.885780586188048e-16,0,0
150,400,0.06550811162534576,0.046847982898559515,0.05133727913846542,0.040517332169656584,0.01866012872678624,0.010819946968808836,0.031562053513496065,0.591220362731059,0.34281505049036753,0.5543727807925469,0.731737602674692,0.713,0.564,0.744,True,999,0.0001313330139964819,0.0013765000039711595,weak_3x3_bal_strong_150_400,weak_null,True,1131,4285374274,3.885780586188048e-16,0,1
150,400,0.05499787660144828,0.07414435584300527,0.04107557505815862,0.06844296335572153,-0.01914647924155699,-0.02736738829756291,0.033975412879018556,-0.5635392661668244,-0.8055056871571848,0.5730677298722235,0.4205279258446696,0.691,0.56,0.41,True,999,0.00013033300638198853,0.0013960420619696379,weak_3x3_bal_strong_150_400,weak_null,True,1132,4285374274,3.885780586188048e-16,0,0
150,400,0.04056326939977617,0.07373119839615289,0.02664960017619933,0.06925409750635936,-0.03316792899637672,-0.04260449733016003,0.03288214278426253,-1.0086912283663874,-1.2956727792858633,0.31312273983528316,0.19508824330294894,0.503,0.3,0.187,True,999,0.00011562497820705175,0.0012924170587211847,weak_3x3_bal_strong_150_400,weak_null,True,1133,4285374274,3.885780586188048e-16,0,1
150,400,0.09230754683361475,0.030945685200855277,0.07819565208998824,0.02512528826790117,0.061361861632759473,0.053070363822087074,0.03454778866408113,1.7761444076609327,1.5361435818108848,0.07570911840456916,0.12450316945790459,0.229,0.067,0.119,True,999,0.00011887506116181612,0.001332291983999312,weak_3x3_bal_strong_150_400,weak_null,True,1134,4285374274,3.885780586188048e-16,0,0
150,400,0.06669395702335557,0.0348139994850849,0.05246016751698335,0.028965372262121036,0.031879957538270665,0.02349479525486231,0.03087176150189921,1.0326575481062015,0.7610448549693845,0.30176418665873295,0.44663027626339225,0.481,0.292,0.45,True,999,0.00011558306869119406,0.0013328749919310212,weak_3x3_bal_strong_150_400,weak_null,True,1135,4285374274,3.885780586188048e-16,0,0
150,400,0.0370147953592983,0.04676574831504138,0.023093759869254882,0.03997915164723054,-0.009750952955743075,-0.016885391777975656,0.02835159004907508,-0.3439296681020253,-0.5955712448137106,0.7308991794712737,0.551461691179618,0.861,0.743,0.565,True,999,0.0001165829598903656,0.0013725829776376486,weak_3x3_bal_strong_150_400,weak_null,True,1136,4285374274,3.885780586188048e-16,0,0
150,400,0.030765732245908506,0.0517294691479418,0.016844466154111615,0.04383156216826478,-0.020963736902033292,-0.026987096014153167,0.027462604398117877,-0.7633557472600822,-0.9826852407342219,0.44525126381266156,0.3257623769527416,0.703,0.465,0.328,True,999,0.00012658396735787392,0.0013537079794332385,weak_3x3_bal_strong_150_400,weak_null,True,1137,4285374274,3.885780586188048e-16,0,0
150,400,0.09501796311980693,0.06630612946448505,0.08103055677491966,0.0604529499736941,0.028711833655321872,0.020577606801225556,0.03911114057697752,0.7341088301634159,0.5261315956952278,0.46288241226513716,0.5987967772765257,0.591,0.47,0.594,True,999,0.00014045892748981714,0.0013080830685794353,weak_3x3_bal_strong_150_400,weak_null,True,1138,4285374274,3.885780586188048e-16,0,0
150,400,0.1390084090065924,0.041150086511483996,0.12480541757079777,0.03455256250481398,0.0978583224951084,0.0902528550659838,0.04145299827639335,2.3607055355230298,2.1772334648560507,0.01824020751289737,0.029463152620200946,0.082,0.025,0.032,True,999,0.0001164580462500453,0.0013121250085532665,weak_3x3_bal_strong_150_400,weak_null,True,1139,4285374274,3.885780586188048e-16,0,0
150,400,0.07235162188878941,0.06866549843757636,0.0583864361085773,0.061772467347111615,0.0036861234512130525,-0.003386031238534315,0.03623177171251668,0.10173732271391075,-0.09345475196192439,0.9189651765903982,0.9255422950178552,0.943,0.921,0.933,True,999,0.00012287497520446777,0.0013429579557850957,weak_3x3_bal_strong_150_400,weak_null,True,1140,4285374274,3.885780586188048e-16,0,0
150,400,0.08355175832841533,0.07971081056165819,0.06959556649849219,0.0729121437576623,0.0038409477667571412,-0.003316577259170117,0.040096076276914853,0.09579360684148915,-0.08271575593244825,0.9236844950109495,0.9340775563833209,0.928,0.91,0.921,True,999,0.0001243329606950283,0.0013832499971613288,weak_3x3_bal_strong_150_400,weak_null,True,1141,4285374274,3.885780586188048e-16,0,0
150,400,0.023599540910195227,0.0623742833608012,0.009729293313199605,0.05806450103689542,-0.03877474245060597,-0.04833520772369582,0.02758028726268386,-1.4058860983318406,-1.7525273490930378,0.15975794997659232,0.07968317138080114,0.417,0.163,0.09,True,999,0.00012654101010411978,0.0013725000899285078,weak_3x3_bal_strong_150_400,weak_null,True,1142,4285374274,3.885780586188048e-16,0,1
150,400,0.08695815531026785,0.029658711341635224,0.07294353957908584,0.021851083144213135,0.057299443968632624,0.0510924564348727,0.03417511186905979,1.6766424697649138,1.4950194349218477,0.09361241668050102,0.13490937005127374,0.277,0.112,0.151,True,999,0.0001222920836880803,0.001386290998198092,weak_3x3_bal_strong_150_400,weak_null,True,1143,4285374274,3.885780586188048e-16,0,0
150,400,0.0232554274167458,0.11118895775530402,0.009373702158910646,0.1055195219043128,-0.08793353033855822,-0.09614581974540215,0.03140138752527567,-2.800307160560296,-3.061833483250135,0.005105400122297515,0.0021998579304579775,0.105,0.01,0.005,True,999,0.00012091593816876411,0.0012908750213682652,weak_3x3_bal_strong_150_400,weak_null,True,1144,4285374274,3.885780586188048e-16,0,0
150,400,0.026567822104381467,0.05325238113298625,0.012697989377926433,0.04914265003739615,-0.026684559028604782,-0.03644466065946972,0.02640794789628746,-1.0104745409754543,-1.3800640929238301,0.3122679909029098,0.16756691171110016,0.544,0.292,0.174,True,999,0.00011395895853638649,0.0013132919557392597,weak_3x3_bal_strong_150_400,weak_null,True,1145,4285374274,3.885780586188048e-16,0,1
150,400,0.05369861971381784,0.07237533134829177,0.03978938962677603,0.06811868436375335,-0.01867671163447393,-0.028329294736977317,0.034372037257722185,-0.5433693526640738,-0.8241959743195822,0.5868755224989183,0.40982821407024395,0.705,0.587,0.406,True,999,0.00011241703759878874,0.0013217079686000943,weak_3x3_bal_strong_150_400,weak_null,True,1146,4285374274,3.885780586188048e-16,0,1
150,400,0.15161628313801923,0.05250434567859308,0.13701779084624377,0.04674948926501088,0.09911193745942615,0.09026830158123289,0.0434083267999712,2.2832471271270447,2.079515803435501,0.022415815538346175,0.03756996679087521,0.081,0.029,0.043,True,999,0.00011300004553049803,0.0013723330339416862,weak_3x3_bal_strong_150_400,weak_null,True,1147,4285374274,3.885780586188048e-16,0,0
150,400,0.05984715131845286,0.05040105558605662,0.04589369890331341,0.04266271770782737,0.009446095732396242,0.003230981195486038,0.03307944887989322,0.2855578328010746,0.09767336835680884,0.7752168036626116,0.9221916633903892,0.85,0.772,0.917,True,999,0.00011641695164144039,0.0013752500526607037,weak_3x3_bal_strong_150_400,weak_null,True,1148,4285374274,3.885780586188048e-16,0,0
150,400,0.11010201319172386,0.04171630802684845,0.09586879370434076,0.035068123431045706,0.06838570516487541,0.060800670273295054,0.03896303000795745,1.755143405194846,1.560470791436849,0.07923478149611783,0.11864866715298412,0.181,0.076,0.119,True,999,0.00011912500485777855,0.0013514159945771098,weak_3x3_bal_strong_150_400,weak_null,True,1149,4285374274,3.885780586188048e-16,0,0
150,400,0.11005108684088172,0.07630712729096922,0.09598194364585311,0.07048826866596869,0.033743959549912494,0.025493674979884418,0.04184324221110407,0.8064374978322726,0.6092662430713622,0.4199906330505012,0.5423479784502203,0.501,0.401,0.496,True,999,0.00011995900422334671,0.0012955840211361647,weak_3x3_bal_strong_150_400,weak_null,True,1150,4285374274,3.885780586188048e-16,0,0
150,400,0.09165083142239583,0.02756224530238277,0.07762084057577567,0.021131050387538153,0.06408858612001306,0.05648979018823752,0.035962743948715986,1.7820827635234235,1.570786430223282,0.07473573617925791,0.11623226509569533,0.198,0.08,0.124,True,999,0.00012870796490460634,0.001289375009946525,weak_3x3_bal_strong_150_400,weak_null,True,1151,4285374274,3.885780586188048e-16,0,1
150,400,0.08635164538579954,0.04293036565702951,0.07239593442565706,0.03906612670510867,0.043421279728770024,0.03332980772054839,0.037564360074018095,1.1559169287913131,0.8872720753095275,0.24771513748676421,0.37493243608646154,0.431,0.273,0.405,True,999,0.00011587503831833601,0.001303332974202931,weak_3x3_bal_strong_150_400,weak_null,True,1152,4285374274,3.885780586188048e-16,0,2
150,400,0.09117035912807547,0.04648709427400244,0.07717194840182628,0.03973458464039936,0.044683264854073035,0.03743736376142692,0.03686872390667785,1.21195582920568,1.015423366867495,0.22552928931642124,0.3099040591323957,0.361,0.228,0.322,True,999,0.00012049998622387648,0.001389833982102573,weak_3x3_bal_strong_150_400,weak_null,True,1153,4285374274,3.885780586188048e-16,0,0
150,400,0.08083292466159886,0.07347287579777162,0.06682944096075971,0.06763926171498724,0.00736004886382724,-0.0008098207542275304,0.037833533765063605,0.1945377058757246,-0.02140484045863404,0.8457548746114897,0.9829227123237296,0.901,0.855,0.981,True,999,0.00012858398258686066,0.0013737089466303587,weak_3x3_bal_strong_150_400,weak_null,True,1154,4285374274,3.885780586188048e-16,0,0
150,400,0.0672364971911319,0.03518209705458236,0.05327498429147681,0.029416893781956333,0.03205440013654953,0.02385809050952048,0.032561021016069336,0.9844408785808719,0.7327193609115072,0.32489878704504027,0.4637296129582973,0.528,0.332,0.47,True,999,0.00011687492951750755,0.0012903750175610185,weak_3x3_bal_strong_150_400,weak_null,True,1155,4285374274,3.885780586188048e-16,0,0
150,400,0.0708662655400969,0.09707452972611097,0.0569031727894469,0.09041450027086739,-0.026208264186014074,-0.033511327481420494,0.0380230789194421,-0.6892725400155106,-0.8813417648902009,0.49065177503781887,0.3781328671956362,0.632,0.489,0.369,True,999,0.00011212506797164679,0.0013107500271871686,weak_3x3_bal_strong_150_400,weak_null,True,1156,4285374274,3.885780586188048e-16,0,0
150,400,0.07079002670880241,0.047331450443765466,0.05675998385237335,0.04147465222035862,0.023458576265036946,0.015285331632014731,0.0348347133007075,0.673425271582772,0.4387959648200775,0.5006767755296238,0.6608093844221717,0.659,0.504,0.66,True,999,0.00011783395893871784,0.0012998749734833837,weak_3x3_bal_strong_150_400,weak_null,True,1157,4285374274,3.885780586188048e-16,0,0
150,400,0.06616212049864179,0.048897788361581374,0.05223656346794314,0.042051902365528804,0.017264332137060412,0.010184661102414339,0.034634380261267486,0.4984738288032125,0.29406217248830363,0.6181501110760883,0.7687103955625902,0.709,0.612,0.773,True,999,0.00011729099787771702,0.0013692080974578857,weak_3x3_bal_strong_150_400,weak_null,True,1158,4285374274,3.885780586188048e-16,0,0
150,400,0.03679612129241061,0.030101081133387442,0.022890049585015504,0.02313986974377258,0.006695040159023169,-0.00024982015875707475,0.026381059447100112,0.253782080755635,-0.009469678776851995,0.7996639178177973,0.9924444024328264,0.87,0.793,0.988,True,999,0.00012770795729011297,0.0013703330187126994,weak_3x3_bal_strong_150_400,weak_null,True,1159,4285374274,3.885780586188048e-16,0,0
150,400,0.10084680822125147,0.03284246756958209,0.08681639754288994,0.02602636261596558,0.06800434065166938,0.06079003492692436,0.038423997528288054,1.7698403348481386,1.582085124853817,0.07675374252278488,0.11363013893142175,0.183,0.08,0.11,True,999,0.00011925003491342068,0.0014077919768169522,weak_3x3_bal_strong_150_400,weak_null,True,1160,4285374274,3.885780586188048e-16,0,0
150,400,0.07993102756860693,0.052101506176166434,0.0659398597301788,0.045121334108984,0.027829521392440493,0.020818525621194794,0.036741071939287356,0.7574499034330647,0.5666281499787564,0.4487803682766678,0.5709668455163521,0.628,0.476,0.582,True,999,0.0001200829865410924,0.0013592499308288097,weak_3x3_bal_strong_150_400,weak_null,True,1161,4285374274,3.885780586188048e-16,0,0
150,400,0.06803874673103372,0.03846543667456587,0.05393218438845793,0.03183168204699882,0.02957331005646785,0.022100502341459105,0.03301830514220825,0.8956640847886355,0.6693409079076986,0.3704321976703808,0.5032780371971477,0.518,0.373,0.489,True,999,0.00011979194823652506,0.0013752910308539867,weak_3x3_bal_strong_150_400,weak_null,True,1162,4285374274,3.885780586188048e-16,0,0
150,400,0.06978123525873348,0.09899376936579302,0.05583785735345259,0.09307606421967307,-0.02921253410705954,-0.03723820686622048,0.039260744681830696,-0.7440646972898269,-0.9484844764917,0.4568373354599844,0.34288287188262645,0.65,0.492,0.391,True,999,0.00011804199311882257,0.0013851249823346734,weak_3x3_bal_strong_150_400,weak_null,True,1163,4285374274,3.885780586188048e-16,0,0
150,400,0.08810821114760192,0.05410339877862069,0.07386647808650082,0.047249389960541066,0.03400481236898123,0.026617088125959754,0.03718165690501394,0.9145588228047924,0.7158661109147733,0.3604232840526077,0.4740740258200873,0.518,0.354,0.468,True,999,0.0001222920836880803,0.0013222920242697,weak_3x3_bal_strong_150_400,weak_null,True,1164,4285374274,3.885780586188048e-16,0,0
150,400,0.0475767494083994,0.07641335922292208,0.033677816110241565,0.07056560854448435,-0.028836609814522685,-0.03688779243424278,0.03340640948314212,-0.863205901522416,-1.1042130239365435,0.388024269536281,0.2695007413291032,0.602,0.435,0.294,True,999,0.00011612498201429844,0.0013093750458210707,weak_3x3_bal_strong_150_400,weak_null,True,1165,4285374274,3.885780586188048e-16,0,0
150,400,0.03654575163715723,0.04275236531565313,0.022628087505466965,0.037071783107307965,-0.006206613678495898,-0.014443695601841,0.027364453631369384,-0.2268129947743928,-0.5278269318442884,0.820569158652342,0.5976194627406285,0.886,0.808,0.587,True,999,0.00011008302681148052,0.0013213331112638116,weak_3x3_bal_strong_150_400,weak_null,True,1166,4285374274,3.885780586188048e-16,0,0
150,400,0.05246202925653454,0.07747692345439916,0.03853688811909706,0.07161448476225019,-0.025014894197864623,-0.03307759664315313,0.0340057540487541,-0.735607690451467,-0.9727058719453694,0.4619694810272834,0.33069950603377096,0.635,0.473,0.328,True,999,0.00011187500786036253,0.001329416991211474,weak_3x3_bal_strong_150_400,weak_null,True,1167,4285374274,3.885780586188048e-16,0,0
150,400,0.06680730686120917,0.029085247139708392,0.0528514830517679,0.02341880830627474,0.03772205972150078,0.02943267474549316,0.031408498379798214,1.201014428176656,0.9370927062346955,0.22974560459825266,0.3487108729399371,0.401,0.233,0.346,True,999,0.0001105000264942646,0.0013194580096751451,weak_3x3_bal_strong_150_400,weak_null,True,1168,4285374274,3.885780586188048e-16,0,0
150,400,0.030441895631496685,0.05707331885527478,0.016558058821658506,0.04934491472403124,-0.026631423223778095,-0.032786855902372736,0.028130800090097007,-0.94669981438435,-1.1655145178012487,0.3437917650662018,0.24381078713162307,0.588,0.358,0.251,True,999,0.00010974996257573366,0.0013391250977292657,weak_3x3_bal_strong_150_400,weak_null,True,1169,4285374274,3.885780586188048e-16,0,0
150,400,0.02888912920666109,0.09545660185807336,0.015001477988732859,0.09119507579777064,-0.06656747265141227,-0.07619359780903778,0.03098413035360057,-2.1484376644341308,-2.459116874977372,0.03167900339298558,0.013927926760887409,0.196,0.036,0.018,True,999,0.0001092919846996665,0.0013742500450462103,weak_3x3_bal_strong_150_400,weak_null,True,1170,4285374274,3.885780586188048e-16,0,1
150,400,0.10272746748943318,0.046304979397409685,0.08873563522087125,0.04200898318981672,0.05642248809202349,0.04672665203105453,0.03962443928380357,1.4239315208451695,1.1792381892493802,0.15446629617762836,0.23830334323176117,0.299,0.16,0.223,True,999,0.00010850001126527786,0.0014167079934850335,weak_3x3_bal_strong_150_400,weak_null,True,1171,4285374274,3.885780586188048e-16,0,1
150,400,0.04531895158588717,0.06322086825650941,0.03142152988121438,0.05644599937761541,-0.017901916670622242,-0.025024469496401025,0.03196354813534217,-0.5600728866151142,-0.7829064968144576,0.5754297233664232,0.4336820220902544,0.706,0.565,0.411,True,999,0.00011670903768390417,0.0012678339844569564,weak_3x3_bal_strong_150_400,weak_null,True,1172,4285374274,3.885780586188048e-16,0,0
150,400,0.04732635299457266,0.07227879700678042,0.03342944254086433,0.06559896874324522,-0.024952444012207753,-0.032169526202380894,0.032896021764440314,-0.7585246687543432,-0.9779153975741607,0.4481369507372962,0.32811616902730834,0.614,0.457,0.331,True,999,0.00011220807209610939,0.0013305410975590348,weak_3x3_bal_strong_150_400,weak_null,True,1173,4285374274,3.885780586188048e-16,0,0
150,400,0.01921386999097141,0.05649436817744702,0.005335127292482866,0.050540948240438865,-0.03728049818647561,-0.045205820947956,0.024844537052983732,-1.5005511315010946,-1.8195477279995023,0.13347169908551001,0.06882790818533671,0.428,0.118,0.061,True,999,0.00011708308011293411,0.0013307500630617142,weak_3x3_bal_strong_150_400,weak_null,True,1174,4285374274,3.885780586188048e-16,0,0
150,400,0.023848472554172773,0.09037670168380507,0.00998388580592291,0.08376012047301629,-0.0665282291296323,-0.07377623466709338,0.029843818425670965,-2.2292130377125687,-2.4720775878877737,0.02579973346887051,0.013433035868014403,0.187,0.036,0.027,True,999,0.00012079195585101843,0.0013512499863281846,weak_3x3_bal_strong_150_400,weak_null,True,1175,4285374274,3.885780586188048e-16,0,0
150,400,0.0248871759475624,0.03133411288834215,0.011018081169822835,0.0245678120597006,-0.006446936940779746,-0.013549730889877765,0.02352161163175262,-0.27408568093509406,-0.576054528150891,0.7840187775957496,0.5645783254599086,0.891,0.795,0.581,True,999,0.0001323750475421548,0.0013850829564034939,weak_3x3_bal_strong_150_400,weak_null,True,1176,4285374274,3.885780586188048e-16,0,0
150,400,0.07906507040859045,0.06321661229461184,0.06509206638327214,0.05798253603416015,0.015848458113978614,0.007109530349111992,0.03703817306310888,0.4278952443732747,0.19195143175658672,0.6687273896000399,0.8477802497223186,0.766,0.682,0.849,True,999,0.00011987506877630949,0.0014003749238327146,weak_3x3_bal_strong_150_400,weak_null,True,1177,4285374274,3.885780586188048e-16,0,1
150,400,0.0922225761146569,0.09958151042078078,0.07822916261918067,0.09284587902718044,-0.007358934306123888,-0.014616716407999775,0.04210518513210538,-0.17477501364820433,-0.3471476579936581,0.861256422343494,0.7284803912229431,0.895,0.868,0.725,True,999,0.00011616607662290335,0.0012940000742673874,weak_3x3_bal_strong_150_400,weak_null,True,1178,4285374274,3.885780586188048e-16,0,0
150,400,0.05634988835985899,0.04958626388351467,0.04243760010359665,0.0439522298053987,0.006763624476344321,-0.0015146297018020505,0.032387036196238055,0.20883740134053871,-0.04676654240989127,0.8345751729747548,0.9626992951319528,0.877,0.823,0.959,True,999,0.00011779193300753832,0.001301540993154049,weak_3x3_bal_strong_150_400,weak_null,True,1179,4285374274,3.885780586188048e-16,0,0
150,400,0.09650515558947115,0.05840656754498241,0.08240388478120053,0.05433029554433233,0.038098588044488735,0.0280735892368682,0.036944743318224574,1.0312316346692543,0.7598804786666281,0.30243220907398194,0.44732603137683724,0.449,0.288,0.436,True,999,0.00011470809113234282,0.001300542033277452,weak_3x3_bal_strong_150_400,weak_null,True,1180,4285374274,3.885780586188048e-16,0,1
150,400,0.031216352970445227,0.09823622739295723,0.017327192459219987,0.09413322383633727,-0.067019874422512,-0.07680603137711728,0.03125928358867213,-2.1439990533499924,-2.457063072454756,0.03203296263581368,0.01400780908611513,0.176,0.039,0.023,True,999,0.00011374999303370714,0.0013206249568611383,weak_3x3_bal_strong_150_400,weak_null,True,1181,4285374274,3.885780586188048e-16,0,1
150,400,0.06422226050017876,0.0892692223126953,0.05030773394597077,0.08242383014786014,-0.025046961812516533,-0.03211609620188938,0.03774407375688381,-0.6635998534193315,-0.850891093758315,0.5069464511459718,0.39482985269303805,0.657,0.515,0.392,True,999,0.00011866597924381495,0.0013792499667033553,weak_3x3_bal_strong_150_400,weak_null,True,1182,4285374274,3.885780586188048e-16,0,0
150,400,0.051081861115886085,0.028784703068030104,0.03711651320517717,0.023345547540230882,0.02229715804785598,0.013770965664946289,0.029795636784460816,0.7483363490148502,0.46218061270394456,0.4542573048238798,0.643951805034472,0.686,0.483,0.659,True,999,0.00012216600589454174,0.0013764169998466969,weak_3x3_bal_strong_150_400,weak_null,True,1183,4285374274,3.885780586188048e-16,0,1
150,400,0.08683289891818502,0.056836775123236316,0.07280133445613046,0.05023755710465139,0.029996123794948704,0.022563777351479075,0.036384667188263865,0.8244166049325351,0.6201452176195027,0.4097028830892778,0.5351621846198171,0.536,0.414,0.531,True,999,0.00011941604316234589,0.0013397079892456532,weak_3x3_bal_strong_150_400,weak_null,True,1184,4285374274,3.885780586188048e-16,0,0
150,400,0.05291880392225279,0.054803122601475684,0.03890505696040236,0.04822828546804203,-0.001884318679222896,-0.00932322850763967,0.03092789380157229,-0.060926188227117574,-0.3014504824497846,0.9514179929943444,0.7630710040297094,0.965,0.944,0.745,True,999,0.00011862500105053186,0.001332749961875379,weak_3x3_bal_strong_150_400,weak_null,True,1185,4285374274,3.885780586188048e-16,0,0
150,400,0.045834404762135295,0.04259760659928358,0.03191087727083186,0.035687406773519115,0.0032367981628517173,-0.0037765295026872536,0.030155709500431685,0.10733616341560068,-0.12523431102270008,0.9145222959945118,0.9003380547914606,0.961,0.931,0.886,True,999,0.00011824991088360548,0.0013330420479178429,weak_3x3_bal_strong_150_400,weak_null,True,1186,4285374274,3.885780586188048e-16,0,0
150,400,0.07464847211869774,0.04523234661433789,0.060687749331265195,0.03933142180358118,0.029416125504359847,0.021356327527684016,0.03529549437757453,0.8334243796015443,0.6050723443401617,0.40460542982627246,0.5451309289482851,0.563,0.412,0.553,True,999,0.00012229196727275848,0.001392542035318911,weak_3x3_bal_strong_150_400,weak_null,True,1187,4285374274,3.885780586188048e-16,0,0
150,400,0.07731873178677207,0.05978531657127312,0.06334771166848441,0.05391393066960859,0.01753341521549895,0.009433780998875818,0.037101453051726914,0.4725802838787427,0.25426985260451185,0.636512651489844,0.7992870887001147,0.752,0.672,0.816,True,999,0.00011858297511935234,0.001423708046786487,weak_3x3_bal_strong_150_400,weak_null,True,1188,4285374274,3.885780586188048e-16,0,0
150,400,0.05683923968137927,0.0427327807753522,0.04289891986661587,0.038447833557967215,0.014106458906027075,0.004451086308648655,0.03102009694601998,0.4547522507932393,0.1434904061194351,0.6492874857009869,0.8859028876531752,0.753,0.63,0.87,True,999,0.00012075004633516073,0.0012999590253457427,weak_3x3_bal_strong_150_400,weak_null,True,1189,4285374274,3.885780586188048e-16,0,1
150,400,0.07613136396835651,0.04945466765196843,0.062139142339646014,0.04274747861413175,0.026676696316388082,0.019391663725514263,0.03652453331455528,0.7303774722224098,0.53092160161254,0.46515948467857327,0.5954731078470656,0.602,0.439,0.58,True,999,0.00011258292943239212,0.0012948330258950591,weak_3x3_bal_strong_150_400,weak_null,True,1190,4285374274,3.885780586188048e-16,0,0
150,400,0.03889942731204199,0.04303269575718344,0.024980306244202666,0.03619978652073996,-0.004133268445141447,-0.011219480276537297,0.028754406175691274,-0.14374382902873772,-0.3901829934510054,0.8857027600101761,0.6964012362675405,0.934,0.89,0.7,True,999,0.00011158303823322058,0.0013216669904068112,weak_3x3_bal_strong_150_400,weak_null,True,1191,4285374274,3.885780586188048e-16,0,0
150,400,0.04636929313226035,0.056726123486476654,0.03246608154091746,0.05131851082603589,-0.010356830354216306,-0.018852429285118433,0.031908725573761794,-0.32457674720586827,-0.5908236366738691,0.7455014282194705,0.5546385959449027,0.824,0.736,0.536,True,999,0.00011304195504635572,0.0013629170134663582,weak_3x3_bal_strong_150_400,weak_null,True,1192,4285374274,3.885780586188048e-16,0,1
150,400,0.037893465974414786,0.05523492107092354,0.02400168022421667,0.051087612583245345,-0.01734145509650875,-0.027085932359028675,0.02928528510800848,-0.5921559251532259,-0.924899049441784,0.5537461803634662,0.3550184211266191,0.719,0.577,0.353,True,999,0.00011241692118346691,0.0014100410044193268,weak_3x3_bal_strong_150_400,weak_null,True,1193,4285374274,3.885780586188048e-16,0,1
150,400,0.028782357839905126,0.050117368842262866,0.01490571199695978,0.04425942453943321,-0.02133501100235774,-0.02935371254247343,0.027221079635727896,-0.7837679947989777,-1.0783449053191276,0.4331762567883092,0.28087986419332,0.67,0.432,0.279,True,999,0.00011116696987301111,0.0013835409190505743,weak_3x3_bal_strong_150_400,weak_null,True,1194,4285374274,3.885780586188048e-16,0,0
150,400,0.03727369998902752,0.10251749248454267,0.02335066661052565,0.09682402318389904,-0.06524379249551515,-0.0734733565733734,0.03385357925119946,-1.9272346953743011,-2.1703275753558664,0.05395038792431141,0.02998203905952444,0.228,0.065,0.043,True,999,0.00011508399620652199,0.0013607089640572667,weak_3x3_bal_strong_150_400,weak_null,True,1195,4285374274,3.885780586188048e-16,0,0
150,400,0.087200437271711,0.028783870667505262,0.07321266750739142,0.021797620977480392,0.058416566604205744,0.051415046529911024,0.03555934461990922,1.6427908677343581,1.4458940984284732,0.10042621032711019,0.14820690746677573,0.237,0.107,0.158,True,999,0.00011870800517499447,0.0013849999522790313,weak_3x3_bal_strong_150_400,weak_null,True,1196,4285374274,3.885780586188048e-16,0,0
150,400,0.006645042087703779,0.024574676480359325,-0.00719413578136141,0.019097150666269158,-0.017929634392655547,-0.02629128644763057,0.01639523496316637,-1.093588132950602,-1.6035931480516579,0.2741356562251629,0.10880376206756275,0.677,0.283,0.139,True,999,0.00011808297131210566,0.0013606660068035126,weak_3x3_bal_strong_150_400,weak_null,True,1197,4285374274,3.885780586188048e-16,0,1
150,400,0.07255491027451244,0.09784386302696357,0.05855305465073002,0.09224870198937651,-0.025288952752451133,-0.033695647338646495,0.037369165818111554,-0.6767331354288472,-0.901696535123494,0.49857528882035507,0.3672180941002874,0.672,0.509,0.376,True,999,0.00011787493713200092,0.0013634590432047844,weak_3x3_bal_strong_150_400,weak_null,True,1198,4285374274,3.885780586188048e-16,0,0
150,400,0.04854127420389598,0.07107218902541035,0.03460540713280125,0.06555016095296651,-0.02253091482151437,-0.03094475382016526,0.03283085962924636,-0.6862724606042114,-0.9425508247307384,0.49254131180517036,0.345910702856028,0.685,0.508,0.358,True,999,0.0001205839216709137,0.001417458988726139,weak_3x3_bal_strong_150_400,weak_null,True,1199,4285374274,3.885780586188048e-16,0,0
150,400,0.03909053999975853,0.0572896921254058,0.025203051060287862,0.05188641378998682,-0.018199152125647267,-0.026683362729698956,0.0302048092163059,-0.6025249818768117,-0.883414377446029,0.5468247391670873,0.37701242548366676,0.708,0.542,0.369,True,999,0.00012033397797495127,0.0013025840744376183,weak_3x3_bal_strong_150_400,weak_null,True,1200,4285374274,3.885780586188048e-16,0,1
150,400,0.03532477992883787,0.04482140387298583,0.021414509828190376,0.03937895537444547,-0.009496623944147964,-0.017964445546255092,0.027396560060274532,-0.34663563320557994,-0.6557190211738968,0.7288650723574011,0.5120049279556116,0.845,0.74,0.545,True,999,0.00011104205623269081,0.001290332991629839,weak_3x3_bal_strong_150_400,weak_null,True,1201,4285374274,3.885780586188048e-16,0,1
150,400,0.03886238243559936,0.02090105138829046,0.024975465581832168,0.015030544564922366,0.017961331047308904,0.009944921016909802,0.02514935282101569,0.7141866104920116,0.3954344705283817,0.47511179524228087,0.6925222738073249,0.694,0.482,0.702,True,999,0.00010974996257573366,0.0013057499891147017,weak_3x3_bal_strong_150_400,weak_null,True,1202,4285374274,3.885780586188048e-16,0,0
150,400,0.03783996739671647,0.07367881838989593,0.02395928820922677,0.06826593318444907,-0.03583885099317946,-0.0443066449752223,0.03194556932907112,-1.121872351812036,-1.3869417858489175,0.2619167177519287,0.16545951474117215,0.453,0.253,0.167,True,999,0.00011845899280160666,0.001311416970565915,weak_3x3_bal_strong_150_400,weak_null,True,1203,4285374274,3.885780586188048e-16,0,1
150,400,0.061164822660646934,0.07792225176704964,0.0472419206073198,0.07260776154888049,-0.01675742910640271,-0.02536584094156069,0.03711504113698597,-0.45149967757151577,-0.6834383086883625,0.6516294573764763,0.49432991998688036,0.738,0.63,0.463,True,999,0.0001166659640148282,0.0013460000045597553,weak_3x3_bal_strong_150_400,weak_null,True,1204,4285374274,3.885780586188048e-16,0,1
150,400,0.031052782190769124,0.043741414119402355,0.01717891026069651,0.038021058209182,-0.012688631928633232,-0.02084214794848549,0.026285560541706728,-0.48272251636028285,-0.7929124400986506,0.6292927735355117,0.42782883891893275,0.8,0.633,0.423,True,999,0.00011629203800112009,0.0014068330638110638,weak_3x3_bal_strong_150_400,weak_null,True,1205,4285374274,3.885780586188048e-16,0,0
150,400,0.05692727362885419,0.08118926043650632,0.04299367456704317,0.07452351599138751,-0.024261986807652125,-0.03152984142434434,0.03498975225607586,-0.6934026462973629,-0.9011164524284188,0.48805690201692564,0.36752640616967225,0.658,0.505,0.385,True,999,0.00011520890984684229,0.0013521669898182154,weak_3x3_bal_strong_150_400,weak_null,True,1206,4285374274,3.885780586188048e-16,0,0
150,400,0.05096624062813371,0.057279785016371265,0.03706150157464094,0.05187010461648356,-0.0063135443882375575,-0.014808603041842616,0.03220797486839692,-0.19602425840292517,-0.4597806320438079,0.8445911788675328,0.6456736865034702,0.925,0.871,0.642,True,999,0.00012587499804794788,0.0012941249879077077,weak_3x3_bal_strong_150_400,weak_null,True,1207,4285374274,3.885780586188048e-16,0,1
150,400,0.0678470398508757,0.05179090671742692,0.0539149511037067,0.04608812392075379,0.01605613313344878,0.007826827182952911,0.034954286256582416,0.4593466167664965,0.2239160921639189,0.6459852767503522,0.822822593897646,0.754,0.642,0.824,True,999,0.00011187500786036253,0.001304166973568499,weak_3x3_bal_strong_150_400,weak_null,True,1208,4285374274,3.885780586188048e-16,0,0
150,400,0.053689638134394535,0.025281124932189147,0.0397658167422037,0.02094307966936526,0.028408513202205388,0.018822737072838436,0.02866065701533586,0.9912024412770596,0.6567447865122802,0.32158673875500987,0.5113450316228378,0.526,0.323,0.496,True,999,0.00011412508320063353,0.0013257079990580678,weak_3x3_bal_strong_150_400,weak_null,True,1209,4285374274,3.885780586188048e-16,0,1
150,400,0.051932018316440676,0.07734930289205966,0.038001159259124506,0.07072039849950329,-0.02541728457561898,-0.032719239240378784,0.03407366714939103,-0.7459509557389464,-0.9602500105705103,0.4556970422158586,0.3369294025431483,0.602,0.447,0.33,True,999,0.00015437498223036528,0.0013503329828381538,weak_3x3_bal_strong_150_400,weak_null,True,1210,4285374274,3.885780586188048e-16,0,0
150,400,0.06527918442704794,0.048270119027652325,0.05134877416440986,0.041348519638034986,0.017009065399395618,0.010000254526374874,0.034721589559694045,0.48987000926767177,0.2880125781448525,0.6242258864223823,0.7733371104737001,0.749,0.631,0.788,True,999,0.00011945806909352541,0.001346917008049786,weak_3x3_bal_strong_150_400,weak_null,True,1211,4285374274,3.885780586188048e-16,0,0
150,400,0.13945630901686235,0.03406272775656449,0.125317243541474,0.02769491618599318,0.10539358126029785,0.09762232735548082,0.04205931835939971,2.5058318910378574,2.3210629930159934,0.012216368689434884,0.02028344431458851,0.06,0.02,0.035,True,999,0.00011599995195865631,0.0013064580271020532,weak_3x3_bal_strong_150_400,weak_null,True,1212,4285374274,3.885780586188048e-16,0,1
150,400,0.031677976525218865,0.028436876675984935,0.017778821447109294,0.024208078452133464,0.0032410998492339305,-0.006429257005024169,0.024106432829192347,0.1344495833207239,-0.2667029605989022,0.8930470756998351,0.7896978742364624,0.954,0.905,0.812,True,999,0.00011570798233151436,0.0013486659154295921,weak_3x3_bal_strong_150_400,weak_null,True,1213,4285374274,3.885780586188048e-16,0,1
150,400,0.08792498801337212,0.07993033868276167,0.07379108524926892,0.0721279142339597,0.007994649330610448,0.0016631710153092172,0.03859298188924652,0.20715293142036434,0.04309516740847227,0.8358904252170916,0.965625671571703,0.883,0.828,0.958,True,999,0.00011800008360296488,0.001285957987420261,weak_3x3_bal_strong_150_400,weak_null,True,1214,4285374274,3.885780586188048e-16,0,0
150,400,0.04136713360321509,0.02836233382101294,0.027472950765400128,0.024138678350055898,0.013004799782202148,0.0033342724153442305,0.026571513166353474,0.4894263906155576,0.12548297097232297,0.6245398560528601,0.9001412056709994,0.767,0.602,0.896,True,999,0.00011383299715816975,0.001297582988627255,weak_3x3_bal_strong_150_400,weak_null,True,1215,4285374274,3.885780586188048e-16,0,1
150,400,0.08553724581044331,0.05705994170804629,0.07156980652140987,0.050184421898336495,0.028477304102397016,0.021385384623073378,0.03816107689339728,0.7462395304500493,0.5603978284683451,0.455522732515133,0.5752081124823316,0.629,0.481,0.596,True,999,0.00012170802801847458,0.001332417014054954,weak_3x3_bal_strong_150_400,weak_null,True,1216,4285374274,3.885780586188048e-16,0,0
150,400,0.0659148674022807,0.05633475618343131,0.051986732999097285,0.050494750733491855,0.009580111218849385,0.0014919822656054293,0.034661871604849716,0.2763875917626151,0.043043903763023535,0.7822503860311316,0.965666536123787,0.87,0.797,0.964,True,999,0.00014670798555016518,0.0013027079403400421,weak_3x3_bal_strong_150_400,weak_null,True,1217,4285374274,3.885780586188048e-16,0,0
150,400,0.06448798923511001,0.034800550891834814,0.050522776008619985,0.02782690963832124,0.029687438343275196,0.022695866370298745,0.03216525000092826,0.9229661930940517,0.7056020509600817,0.3560248232954566,0.4804356484593565,0.577,0.365,0.488,True,999,0.00011129199992865324,0.0012881660368293524,weak_3x3_bal_strong_150_400,weak_null,True,1218,4285374274,3.885780586188048e-16,0,0
150,400,0.06308969384319596,0.07801487896827186,0.049160010574524904,0.0736328245124298,-0.014925185125075902,-0.024472813937904903,0.036528073658235904,-0.408594914276591,-0.6699727493674463,0.6828369635084193,0.5028751619264871,0.797,0.685,0.496,True,999,0.00010900001507252455,0.0013096670154482126,weak_3x3_bal_strong_150_400,weak_null,True,1219,4285374274,3.885780586188048e-16,0,1
150,400,0.0892747156459841,0.0521226366917118,0.07507045838670479,0.04653664579961969,0.037152078954272305,0.028533812587085094,0.03509445876956579,1.0586309137353302,0.8130574907691654,0.28976790240113914,0.41618509716192786,0.448,0.302,0.414,True,999,0.00011058303061872721,0.0013499580090865493,weak_3x3_bal_strong_150_400,weak_null,True,1220,4285374274,3.885780586188048e-16,0,0
150,400,0.0397863127624265,0.07786900958209764,0.025817242251548578,0.07245307978026005,-0.038082696819671136,-0.04663583752871148,0.032451674355199724,-1.1735202443743602,-1.4370857114569506,0.24058724342513604,0.150693640692319,0.462,0.254,0.167,True,999,0.00011329096741974354,0.0012929169461131096,weak_3x3_bal_strong_150_400,weak_null,True,1221,4285374274,3.885780586188048e-16,0,1
150,400,0.03863693095770637,0.044445043877419765,0.024718605038174246,0.038824885401226084,-0.005808112919713393,-0.014106280363051837,0.027615774870770722,-0.21031866557765344,-0.5108051622329202,0.8334189680543769,0.6094874940734321,0.901,0.831,0.603,True,999,0.0001117499778047204,0.0013937500771135092,weak_3x3_bal_strong_150_400,weak_null,True,1222,4285374274,3.885780586188048e-16,0,0
150,400,0.04321276819164255,0.14259448539533215,0.029323809260120015,0.13683649408213228,-0.0993817172036896,-0.10751268482201226,0.03781115302675371,-2.6283704475600342,-2.8434119622308383,0.008579502829498436,0.004463333820736853,0.067,0.011,0.008,True,999,0.0001165829598903656,0.0012773750349879265,weak_3x3_bal_strong_150_400,weak_null,True,1223,4285374274,3.885780586188048e-16,0,0
150,400,0.055257599009524316,0.026462277397050482,0.04130436631470502,0.017608701094218304,0.028795321612473834,0.023695665220486717,0.029499261038833532,0.9761370488083408,0.8032630101917867,0.3289965538180085,0.4218227329224442,0.551,0.349,0.45,True,999,0.00011237501166760921,0.0013191669713705778,weak_3x3_bal_strong_150_400,weak_null,True,1224,4285374274,3.885780586188048e-16,0,0
150,400,0.04961502429458031,0.06944776694802457,0.03567639093355979,0.06387312631832742,-0.019832742653444257,-0.028196735384767635,0.03236496725696259,-0.6127842644171899,-0.871211614734501,0.5400189968100216,0.383638619268847,0.693,0.546,0.381,True,999,0.00011633394751697779,0.0013250840129330754,weak_3x3_bal_strong_150_400,weak_null,True,1225,4285374274,3.885780586188048e-16,0,0
150,400,0.04394478446319572,0.04159333494638695,0.030026558132647096,0.03465393277915041,0.002351449516808768,-0.004627374646503313,0.028928397368938694,0.08128516373788447,-0.15995959221273234,0.9352151725663649,0.8729129050179539,0.966,0.942,0.875,True,999,0.0001218749675899744,0.0013587080175057054,weak_3x3_bal_strong_150_400,weak_null,True,1226,4285374274,3.885780586188048e-16,0,0
150,400,0.07097159336028014,0.09520521456422254,0.05701882672587999,0.0882014829144282,-0.0242336212039424,-0.031182656188548208,0.038009431205107164,-0.6375686358780932,-0.8203926025696046,0.5237545177513544,0.41199233118632195,0.648,0.498,0.403,True,999,0.00013749999925494194,0.001383375027216971,weak_3x3_bal_strong_150_400,weak_null,True,1227,4285374274,3.885780586188048e-16,0,0
150,400,0.04136170494815983,0.04912094733203254,0.027418644448346186,0.04276809531359049,-0.007759242383872711,-0.015349450865244307,0.029255516616056125,-0.26522322219441696,-0.5246685972662046,0.7908375065723501,0.5998135910638578,0.875,0.791,0.612,True,999,0.00011820800136774778,0.0013886250089854002,weak_3x3_bal_strong_150_400,weak_null,True,1228,4285374274,3.885780586188048e-16,0,1
150,400,0.07982152715573343,0.060512091067912055,0.06587097336196734,0.055275030436149564,0.019309436087821374,0.01059594292581778,0.037236310647763816,0.5185646953716394,0.2845594190587221,0.6040643339993649,0.775981705234219,0.677,0.582,0.76,True,999,0.00011399993672966957,0.0013670000480487943,weak_3x3_bal_strong_150_400,weak_null,True,1229,4285374274,3.885780586188048e-16,0,1
150,400,0.09674461860248185,0.07819848372261062,0.08274961379061097,0.07395337547634995,0.018546134879871223,0.008796238314261018,0.041239357234340586,0.4497193002908299,0.2132971729960977,0.6529128529837833,0.8310951784442084,0.75,0.668,0.851,True,999,0.00011854094918817282,0.0013711670180782676,weak_3x3_bal_strong_150_400,weak_null,True,1230,4285374274,3.885780586188048e-16,0,1
150,400,0.06584267241983066,0.06531786033274795,0.05187036731325634,0.05758749995888479,0.0005248120870827155,-0.005717132645628453,0.03498775549905125,0.014999878660320086,-0.1634038126790809,0.9880322771870418,0.8702005011477514,0.99,0.986,0.877,True,999,0.00011879194062203169,0.0013643749989569187,weak_3x3_bal_strong_150_400,weak_null,True,1231,4285374274,3.885780586188048e-16,0,0
150,400,0.07574786106769027,0.045833335626824234,0.0618041670685443,0.037956987428998445,0.029914525440866035,0.023847179639545857,0.03539642252854667,0.8451284989815124,0.6737172272229905,0.39803909801305504,0.5004911072933592,0.573,0.404,0.5,True,999,0.000120165990665555,0.0014411669690161943,weak_3x3_bal_strong_150_400,weak_null,True,1232,4285374274,3.885780586188048e-16,0,0
150,400,0.04442580392437012,0.04822301545307184,0.03052073823647561,0.0413785777722353,-0.003797211528701716,-0.010857839535759695,0.02989013842375879,-0.12703894089976595,-0.363258255342475,0.8989095778423691,0.716411973885023,0.939,0.899,0.709,True,999,0.00011833396274596453,0.0014071250334382057,weak_3x3_bal_strong_150_400,weak_null,True,1233,4285374274,3.885780586188048e-16,0,0
150,400,0.06959055908591916,0.0336088097595682,0.05562141105878027,0.026883013334440875,0.035981749326350954,0.028738397724339393,0.03341720832142629,1.0767431252861521,0.859987987264425,0.2815950403766314,0.38979566439606705,0.511,0.288,0.389,True,999,0.00012970902025699615,0.0013129590079188347,weak_3x3_bal_strong_150_400,weak_null,True,1234,4285374274,3.885780586188048e-16,0,0
150,400,0.08086356825024277,0.11007792385290371,0.06688677252157049,0.10324996039082635,-0.029214355602660946,-0.03636318786925585,0.04087207057392757,-0.714775522561778,-0.8896830368181066,0.4747477624587405,0.37363610498258804,0.598,0.49,0.377,True,999,0.00011979090049862862,0.0012926670024171472,weak_3x3_bal_strong_150_400,weak_null,True,1235,4285374274,3.885780586188048e-16,0,0
150,400,0.08177986248078795,0.0371038409548719,0.06783559661747063,0.03039568215700683,0.04467602152591604,0.0374399144604638,0.03552950897237607,1.2574342516428054,1.053769543777626,0.2085964329873613,0.29198844056359097,0.373,0.214,0.292,True,999,0.00011195905972272158,0.0013016669545322657,weak_3x3_bal_strong_150_400,weak_null,True,1236,4285374274,3.885780586188048e-16,0,0
150,400,0.04610717032631739,0.047886147363122855,0.032198429418912156,0.04344791648208002,-0.0017789770368054625,-0.011249487063167862,0.029954403778925408,-0.05938949911789171,-0.37555369641783704,0.9526418767872881,0.707248719756983,0.968,0.951,0.705,True,999,0.00012012489605695009,0.001320500043220818,weak_3x3_bal_strong_150_400,weak_null,True,1237,4285374274,3.885780586188048e-16,0,1
150,400,0.06000432816895884,0.07909660816480579,0.046076136536072454,0.07229562804192824,-0.01909227999584695,-0.026219491505855785,0.035472019475440306,-0.5382349321573258,-0.7391598193051659,0.5904148664199229,0.4598099564219419,0.73,0.618,0.48,True,999,0.00011766701936721802,0.001392417005263269,weak_3x3_bal_strong_150_400,weak_null,True,1238,4285374274,3.885780586188048e-16,0,0
150,400,0.1209281988554256,0.05303019175679924,0.10684718278196215,0.04738455508726247,0.06789800709862637,0.05946262769469968,0.04085367981846156,1.6619802035052818,1.455502367447175,0.09651674385461934,0.14553023528876743,0.207,0.105,0.155,True,999,0.00012991693802177906,0.0014363330556079745,weak_3x3_bal_strong_150_400,weak_null,True,1239,4285374274,3.885780586188048e-16,0,0
150,400,0.07511440979465012,0.03896347203482553,0.06109125442353047,0.03451610234345992,0.036150937759824586,0.026575152080070552,0.034843627619277326,1.0375193465741204,0.7626976263908808,0.29949388412959665,0.44564374648277205,0.516,0.289,0.435,True,999,0.00011783302761614323,0.0012857079273089767,weak_3x3_bal_strong_150_400,weak_null,True,1240,4285374274,3.885780586188048e-16,0,1
150,400,0.08335869689309727,0.05832997250273658,0.06937363018812448,0.05162370539810013,0.02502872439036069,0.017749924790024352,0.03789331095954251,0.6605050800940322,0.46841841846375964,0.5089297595338917,0.6394853991299958,0.651,0.536,0.659,True,999,0.00011416594497859478,0.0013251249911263585,weak_3x3_bal_strong_150_400,weak_null,True,1241,4285374274,3.885780586188048e-16,0,0
150,400,0.06015219099069857,0.0649379049060535,0.04620389688378168,0.05800229107663313,-0.004785713915354928,-0.011798394192851447,0.03507044971901323,-0.1364600098857695,-0.33641981461261444,0.8914576362575554,0.7365543094774236,0.927,0.894,0.728,True,999,0.00011862500105053186,0.0013202499831095338,weak_3x3_bal_strong_150_400,weak_null,True,1242,4285374274,3.885780586188048e-16,0,0
150,400,0.06461091426730259,0.05018110319715835,0.05065455213625114,0.04359244329950229,0.014429811070144238,0.007062108836748848,0.03274124504300667,0.4407227352286152,0.21569457201375644,0.6594137353141696,0.8292258325391805,0.755,0.656,0.823,True,999,0.00012099999003112316,0.0013749579666182399,weak_3x3_bal_strong_150_400,weak_null,True,1243,4285374274,3.885780586188048e-16,0,0
150,400,0.07912089545677681,0.03984343134975954,0.06511924076085052,0.03454203113898302,0.03927746410701727,0.030577209621867496,0.03434401287330507,1.1436480719918107,0.8903213999676365,0.2527696168449777,0.3732933335009796,0.43,0.254,0.363,True,999,0.0001223330618813634,0.0013787499628961086,weak_3x3_bal_strong_150_400,weak_null,True,1244,4285374274,3.885780586188048e-16,0,1
150,400,0.09710348397904989,0.03199329837273773,0.08312715956577676,0.02772022005439112,0.06511018560631215,0.055406939511385644,0.0368134186450173,1.768653605201777,1.5050745502791,0.07695169915122808,0.13230491119843793,0.187,0.094,0.147,True,999,0.00011795805767178535,0.0013482080539688468,weak_3x3_bal_strong_150_400,weak_null,True,1245,4285374274,3.885780586188048e-16,0,1
150,400,0.04237257083510482,0.03387675500639614,0.02844862129899184,0.029559738256608625,0.008495815828708675,-0.0011111169576167867,0.026981014821898942,0.314881255756663,-0.041181436834427626,0.7528518139500395,0.9671512523777639,0.847,0.761,0.976,True,999,0.00011599995195865631,0.0012962919427081943,weak_3x3_bal_strong_150_400,weak_null,True,1246,4285374274,3.885780586188048e-16,0,1
150,400,0.08208504795448901,0.0374172113487895,0.06813871420379769,0.030501890150759436,0.04466783660569951,0.037636824053038254,0.03556390912746386,1.2559878174698529,1.0582870380796696,0.20912038704344105,0.28992460050863333,0.366,0.209,0.298,True,999,0.00011300004553049803,0.0013129590079188347,weak_3x3_bal_strong_150_400,weak_null,True,1247,4285374274,3.885780586188048e-16,0,0
150,400,0.02675587443407368,0.06639690553402328,0.012892535476794365,0.05853705402532228,-0.0396410310999496,-0.04564451854852791,0.029295226541027387,-1.3531566668185042,-1.5580872359735354,0.17600558553263335,0.11921257001656095,0.454,0.179,0.126,True,999,0.00011787505354732275,0.0013463749783113599,weak_3x3_bal_strong_150_400,weak_null,True,1248,4285374274,3.885780586188048e-16,0,0
150,400,0.03501656567732869,0.05482823878063969,0.02111526862131541,0.04814255291987024,-0.019811673103311,-0.027027284298554832,0.028828927394620524,-0.687215061182188,-0.937505718773225,0.49194721471415503,0.3484984834742103,0.675,0.49,0.329,True,999,0.00011870905291289091,0.0013659170363098383,weak_3x3_bal_strong_150_400,weak_null,True,1249,4285374274,3.885780586188048e-16,0,0
150,400,0.05234963212599375,0.051803352741170816,0.03842072631960036,0.04594478303945948,0.0005462793848229341,-0.007524056719859118,0.03150567123169423,0.017339080980232704,-0.23881594727904193,0.9861661081696398,0.8112483038413456,0.99,0.985,0.818,True,999,0.00012291595339775085,0.00140587508212775,weak_3x3_bal_strong_150_400,weak_null,True,1250,4285374274,3.885780586188048e-16,0,0
150,400,0.04261391346028098,0.06937616844608363,0.028705391520645662,0.06360441069693934,-0.026762254985802647,-0.03489901917629368,0.03137377165014978,-0.8530136345808101,-1.1123628859626467,0.39365174317225204,0.26598215540977965,0.569,0.401,0.277,True,999,0.00012866593897342682,0.0012976250145584345,weak_3x3_bal_strong_150_400,weak_null,True,1251,4285374274,3.885780586188048e-16,0,0
150,400,0.11330012679227663,0.06567220017596687,0.09926911222714807,0.05898264232976658,0.04762792661630977,0.040286469897381494,0.041900315897292685,1.1366961226033898,0.9614836794102675,0.25566534080850223,0.33630902768776616,0.371,0.251,0.318,True,999,0.00013395794667303562,0.0012952500255778432,weak_3x3_bal_strong_150_400,weak_null,True,1252,4285374274,3.885780586188048e-16,0,0
150,400,0.04228774384722733,0.06328290167991513,0.028405820003939652,0.05759513708679265,-0.020995157832687794,-0.029189317082852995,0.03137963759315919,-0.6690694808172282,-0.9301993050810858,0.5034511570956723,0.3522679016374418,0.698,0.492,0.35,True,999,0.00011016603093594313,0.0012864170130342245,weak_3x3_bal_strong_150_400,weak_null,True,1253,4285374274,3.885780586188048e-16,0,0
150,400,0.05896936161170374,0.0627847301307522,0.045014812855527,0.056201910973470603,-0.0038153685190484565,-0.011187098117943606,0.033223101719651996,-0.11484082826594137,-0.3367264806382078,0.9085712868461999,0.7363230992914178,0.946,0.912,0.745,True,999,0.0001140000531449914,0.0013359589502215385,weak_3x3_bal_strong_150_400,weak_null,True,1254,4285374274,3.885780586188048e-16,0,0
150,400,0.06594288854667929,0.07847646026486299,0.052020648710879414,0.07421178006902096,-0.0125335717181837,-0.022191131358141547,0.0368605814837755,-0.34002642426301544,-0.6020287924082034,0.733836628583338,0.5471549719350814,0.814,0.739,0.544,True,999,0.00011258409358561039,0.0013382090255618095,weak_3x3_bal_strong_150_400,weak_null,True,1255,4285374274,3.885780586188048e-16,0,1
150,400,0.05577774565655469,0.07752117624336785,0.04186356875970887,0.0717688079084553,-0.02174343058681316,-0.029905239148746432,0.03530707729536476,-0.6158377371459097,-0.8470040977499007,0.5380016182115323,0.3969928374209244,0.655,0.524,0.386,True,999,0.00011745898518711329,0.0013359999284148216,weak_3x3_bal_strong_150_400,weak_null,True,1256,4285374274,3.885780586188048e-16,0,0
150,400,0.08341592773830042,0.04570515315853585,0.06938589040640863,0.03993861732851656,0.03771077457976457,0.029447273077892078,0.03531287132468957,1.0679045108801013,0.8338963095675411,0.28556358753543964,0.404339417018562,0.473,0.273,0.399,True,999,0.00012137496378272772,0.001273290952667594,weak_3x3_bal_strong_150_400,weak_null,True,1257,4285374274,3.885780586188048e-16,0,0
150,400,0.12547361809621593,0.04941468166210877,0.11141109914714775,0.043715424001845804,0.07605893643410716,0.06769567514530195,0.04187842128451261,1.8161844238917173,1.6164810675501042,0.069342086609393,0.10599034348325098,0.166,0.069,0.112,True,999,0.00011833291500806808,0.0013422080082818866,weak_3x3_bal_strong_150_400,weak_null,True,1258,4285374274,3.885780586188048e-16,0,0
150,400,0.07579597456320264,0.05742534977776348,0.06179044311062398,0.050589486216409796,0.01837062478543916,0.011200956894214187,0.03649135200747046,0.5034240655615706,0.3069482569985662,0.6146661553047514,0.7588827570724778,0.751,0.626,0.779,True,999,0.00011108303442597389,0.0012875410029664636,weak_3x3_bal_strong_150_400,weak_null,True,1259,4285374274,3.885780586188048e-16,0,0
150,400,0.03181838683807792,0.07324366523468878,0.01791979603888194,0.06782790647133652,-0.041425278396610865,-0.04990811043245458,0.03073708633875729,-1.347729512812557,-1.6237098689970488,0.17774539614046547,0.104437743756274,0.433,0.177,0.114,True,999,0.00011208304204046726,0.0013595829950645566,weak_3x3_bal_strong_150_400,weak_null,True,1260,4285374274,3.885780586188048e-16,0,1
150,400,0.08756823419542958,0.03295950373784007,0.07355638483119264,0.02629241402109983,0.054608730457589516,0.047263970810092815,0.034477129153318915,1.5839117640783222,1.3708789557248557,0.11321379990854527,0.17041269252559976,0.255,0.103,0.152,True,999,0.0001145839923992753,0.0013286670437082648,weak_3x3_bal_strong_150_400,weak_null,True,1261,4285374274,3.885780586188048e-16,0,0
150,400,0.07376114015521473,0.03880347094611952,0.05957896839359478,0.034632766730879894,0.03495766920909521,0.024946201662714884,0.03158778784026586,1.1066830442787026,0.7897419657515631,0.26843098872348814,0.4296784776374877,0.459,0.255,0.415,True,999,0.0001164580462500453,0.0013420420000329614,weak_3x3_bal_strong_150_400,weak_null,True,1262,4285374274,3.885780586188048e-16,0,1
150,400,0.07414177535585265,0.06744058013145982,0.06021229103694736,0.06306225889946404,0.006701195224392831,-0.002849967862516678,0.03729558107323194,0.17967799486042763,-0.07641569806676582,0.8574053698300849,0.9390883808710875,0.908,0.867,0.936,True,999,0.00011500006075948477,0.0012857919791713357,weak_3x3_bal_strong_150_400,weak_null,True,1263,4285374274,3.885780586188048e-16,0,1
150,400,0.05120001658906026,0.0668545274684485,0.0372774255714603,0.06125360067196084,-0.01565451087938824,-0.02397617510050054,0.03185104495097328,-0.4914912808507364,-0.7527594506681293,0.6230790174625083,0.4515944776707099,0.744,0.607,0.429,True,999,0.000111832981929183,0.0013080419739708304,weak_3x3_bal_strong_150_400,weak_null,True,1264,4285374274,3.885780586188048e-16,0,0
150,400,0.01649861730134261,0.0734656251849462,0.002632656647165277,0.06679044186935812,-0.05696700788360359,-0.06415778522219284,0.02640768547013991,-2.1572132077996073,-2.429511866715403,0.03098905582986856,0.015119169970165767,0.241,0.027,0.015,True,999,0.0001141249667853117,0.0013222089037299156,weak_3x3_bal_strong_150_400,weak_null,True,1265,4285374274,3.885780586188048e-16,0,0
150,400,0.043149402455704866,0.034425423464362837,0.029226374671480926,0.027720131357540367,0.00872397899134203,0.0015062433139405584,0.0279512006919048,0.3121146417824069,0.053888322385263226,0.7549533994468414,0.9570241405342524,0.853,0.736,0.96,True,999,0.0001176249934360385,0.001358125009573996,weak_3x3_bal_strong_150_400,weak_null,True,1266,4285374274,3.885780586188048e-16,0,0
150,400,0.0932536586001933,0.07997628143154395,0.07906514892539462,0.07562171589572131,0.013277377168649351,0.003443433029673315,0.040633805229239095,0.32675692305320386,0.0847430608639012,0.7438517428838801,0.9324656614543781,0.836,0.766,0.938,True,999,0.00011675001587718725,0.0013637500815093517,weak_3x3_bal_strong_150_400,weak_null,True,1267,4285374274,3.885780586188048e-16,0,1
150,400,0.0603651558275522,0.0306167932553304,0.04644813335497133,0.025144917478030493,0.029748362572221798,0.02130321587694084,0.03185974288299548,0.9337288967294024,0.6686562397937937,0.3504437551120534,0.5037147882266764,0.573,0.371,0.529,True,999,0.00014820892829447985,0.0013271670322865248,weak_3x3_bal_strong_150_400,weak_null,True,1268,4285374274,3.885780586188048e-16,0,1
150,400,0.08594509823373886,0.013604841439512516,0.07193446925668923,0.006571374935788299,0.07234025679422634,0.06536309432090093,0.032473031601451534,2.22770259586705,2.012842383277181,0.025900353806816212,0.044131213531566564,0.109,0.021,0.033,True,999,0.00011908297892659903,0.0012932909885421395,weak_3x3_bal_strong_150_400,weak_null,True,1269,4285374274,3.885780586188048e-16,0,0
150,400,0.06915339157117484,0.09851493960476454,0.05512619136990793,0.09281342729732955,-0.0293615480335897,-0.037687235927421625,0.03756925685359,-0.7815312436978376,-1.0031403089577045,0.4344901081110618,0.31579316839563865,0.575,0.432,0.319,True,999,0.00012099999003112316,0.001313457963988185,weak_3x3_bal_strong_150_400,weak_null,True,1270,4285374274,3.885780586188048e-16,0,0
150,400,0.055996625075706685,0.05358500472913785,0.042079823333182276,0.049250871121728323,0.0024116203465688324,-0.007171047788546048,0.0331011362122532,0.07285611983543067,-0.21664053289782567,0.941920612398171,0.828488495112232,0.964,0.943,0.814,True,999,0.00012137496378272772,0.0013589590089395642,weak_3x3_bal_strong_150_400,weak_null,True,1271,4285374274,3.885780586188048e-16,0,1
150,400,0.08267529534285534,0.06094234296174489,0.06862010032244825,0.05519706479680053,0.02173295238111045,0.01342303552564772,0.03735987561831539,0.5817190775243383,0.35929015564139566,0.5607559191866951,0.7193780380189546,0.663,0.546,0.695,True,999,0.0001360420137643814,0.0013646249426528811,weak_3x3_bal_strong_150_400,weak_null,True,1272,4285374274,3.885780586188048e-16,0,0
150,400,0.02286822816054812,0.025877881556902183,0.008924816832490023,0.017971851000680772,-0.0030096533963540617,-0.009047034168190748,0.021631496046386565,-0.13913292866569021,-0.4182343259472343,0.8893451079648023,0.6757758010639101,0.939,0.882,0.67,True,999,0.00012116692960262299,0.0013731669168919325,weak_3x3_bal_strong_150_400,weak_null,True,1273,4285374274,3.885780586188048e-16,0,0
150,400,0.11188119503179061,0.06481194722675776,0.09780032474000677,0.06069915909498036,0.047069247805032854,0.03710116564502641,0.04170037317349015,1.1287488389901463,0.8897082405155176,0.2590038002963979,0.37362256807041805,0.412,0.279,0.378,True,999,0.00012199999764561653,0.0013119999784976244,weak_3x3_bal_strong_150_400,weak_null,True,1274,4285374274,3.885780586188048e-16,0,1
150,400,0.02206352848481985,0.04426926298212552,0.008161181274914497,0.03864536242994632,-0.022205734497305674,-0.03048418115503182,0.024268020958759903,-0.9150204104010461,-1.2561461524545166,0.36018091526831875,0.2090629855995807,0.638,0.359,0.212,True,999,0.00011366698890924454,0.0012895410181954503,weak_3x3_bal_strong_150_400,weak_null,True,1275,4285374274,3.885780586188048e-16,0,0
150,400,0.07165779557907692,0.08321267709363722,0.05768755351854793,0.07801948227552202,-0.0115548815145603,-0.020331928756974094,0.036941049943519794,-0.3127924499229687,-0.5503884916119101,0.754438351863983,0.5820529404267836,0.818,0.747,0.573,True,999,0.00010950001887977123,0.001294667017646134,weak_3x3_bal_strong_150_400,weak_null,True,1276,4285374274,3.885780586188048e-16,0,1
150,400,0.020302207301776676,0.043918526738217056,0.006439847999956783,0.0360385126046765,-0.02361631943644038,-0.029598664604719715,0.024060124780322257,-0.9815543207720666,-1.2301958063379286,0.3263194607763822,0.2186237899177319,0.59,0.325,0.204,True,999,0.00010945904068648815,0.0013299169950187206,weak_3x3_bal_strong_150_400,weak_null,True,1277,4285374274,3.885780586188048e-16,0,0
150,400,0.023338163391873668,0.09061063310439371,0.009471761295884562,0.08495892109996817,-0.06727246971252004,-0.0754871598040836,0.029407568768508224,-2.28759032214048,-2.566929636322768,0.022161390021723272,0.010260343039276856,0.156,0.027,0.018,True,999,0.00010850001126527786,0.001348916906863451,weak_3x3_bal_strong_150_400,weak_null,True,1278,4285374274,3.885780586188048e-16,0,0
150,400,0.08839018915478336,0.09620246135180349,0.07438714318990947,0.08950596006826572,-0.007812272197020131,-0.015118816878356256,0.04082241727562802,-0.19137211165797985,-0.37035574783031183,0.8482340679274682,0.7111174413360577,0.875,0.844,0.71,True,999,0.0001087910495698452,0.0013390419771894813,weak_3x3_bal_strong_150_400,weak_null,True,1279,4285374274,3.885780586188048e-16,0,0
150,400,0.030804038707017645,0.0450655497538604,0.016926087483199126,0.040643560693041536,-0.014261511046842756,-0.02371747320984241,0.026183955341147525,-0.544666031584277,-0.905801774438979,0.5859832312680592,0.3650407816592378,0.746,0.589,0.351,True,999,0.00011249992530792952,0.0012849579798057675,weak_3x3_bal_strong_150_400,weak_null,True,1280,4285374274,3.885780586188048e-16,0,1
150,400,0.08725369089900403,0.049532998568088404,0.07314617900556186,0.04401676721164449,0.03772069233091563,0.02912941179391737,0.036635134775631135,1.0296315971521028,0.7951222773525484,0.3031829768262173,0.4265423771164888,0.457,0.307,0.421,True,999,0.00011066696606576443,0.0013427910162135959,weak_3x3_bal_strong_150_400,weak_null,True,1281,4285374274,3.885780586188048e-16,0,0
150,400,0.08087349722212944,0.048853474938495456,0.0669150957674276,0.0420152034099317,0.032020022283633987,0.0248998923574959,0.037654620058429684,0.8503610508869206,0.6612705776570862,0.395124383669078,0.5084388065810969,0.532,0.403,0.517,True,999,0.00011591706424951553,0.0012933328980579972,weak_3x3_bal_strong_150_400,weak_null,True,1282,4285374274,3.885780586188048e-16,0,0
150,400,0.03225014891020628,0.0936251616121006,0.018368672516743345,0.08672230742257625,-0.06137501270189433,-0.0683536349058329,0.03233742493575421,-1.897956093406634,-2.1137624607288075,0.0577018661283148,0.034535560698647744,0.239,0.065,0.04,True,999,0.00011583301238715649,0.0013353750109672546,weak_3x3_bal_strong_150_400,weak_null,True,1283,4285374274,3.885780586188048e-16,0,0
150,400,0.09336520723685271,0.09403510415549327,0.07933017007212584,0.08823478916065142,-0.0006698969186405557,-0.008904619088525578,0.041508485910616365,-0.01613879436805042,-0.21452526858485338,0.9871236641093948,0.8301374641242314,0.991,0.987,0.833,True,999,0.00012120895553380251,0.0013429590035229921,weak_3x3_bal_strong_150_400,weak_null,True,1284,4285374274,3.885780586188048e-16,0,0
150,400,0.08924370384208768,0.07162888024697067,0.07521609840694055,0.06263957319664826,0.017614823595117013,0.012576525210292289,0.0403329382809685,0.4367354412021289,0.31181772879231684,0.6623032232973529,0.7551790497177583,0.769,0.666,0.741,True,999,0.000114083057269454,0.0013947919942438602,weak_3x3_bal_strong_150_400,weak_null,True,1285,4285374274,3.885780586188048e-16,0,0
150,400,0.04705107724716728,0.0660021619483509,0.03312147502526841,0.05919247364104763,-0.018951084701183618,-0.026070998615779217,0.0319686535027575,-0.5928020928234893,-0.815517569844799,0.5533136069865396,0.4147761116288142,0.708,0.555,0.419,True,999,0.00011633301619440317,0.001345624914392829,weak_3x3_bal_strong_150_400,weak_null,True,1286,4285374274,3.885780586188048e-16,0,0
150,400,0.028609852244658507,0.10215513517042596,0.014725918281385475,0.09792208372670075,-0.07354528292576745,-0.08319616544531527,0.03268114717936843,-2.250388657476397,-2.545692933870966,0.024424284389046362,0.010906107720692402,0.17,0.032,0.014,True,999,0.00011441705282777548,0.0013417500304058194,weak_3x3_bal_strong_150_400,weak_null,True,1287,4285374274,3.885780586188048e-16,0,1
150,400,0.03094374168726155,0.07982133326470853,0.01705294641948285,0.07399008847309574,-0.04887759157744698,-0.05693714205361289,0.031125563803867082,-1.5703359426817631,-1.829272633016175,0.11633697648176561,0.06735877627088861,0.331,0.124,0.076,True,999,0.00011329201515763998,0.0013599160593003035,weak_3x3_bal_strong_150_400,weak_null,True,1288,4285374274,3.885780586188048e-16,0,0
150,400,0.04622995272150909,0.04684686957624218,0.03233551853114136,0.03911563185340583,-0.000616916854733085,-0.006780113322264469,0.03085338588287244,-0.019995110328411395,-0.21975265042234138,0.984047273179654,0.826063797653648,0.985,0.983,0.826,True,999,0.00011570798233151436,0.001318124937824905,weak_3x3_bal_strong_150_400,weak_null,True,1289,4285374274,3.885780586188048e-16,0,0
150,400,0.040643012413825064,0.04859120486162749,0.026738797601922215,0.04080340505925051,-0.007948192447802427,-0.014064607457328293,0.029281426106967056,-0.27144143931948994,-0.4803252207030258,0.786051533982949,0.6309961580078327,0.866,0.794,0.636,True,999,0.00011854199692606926,0.0013336669653654099,weak_3x3_bal_strong_150_400,weak_null,True,1290,4285374274,3.885780586188048e-16,0,0
150,400,0.16721551099825138,0.058277805189830445,0.15301622900858547,0.05241520133591848,0.10893770580842094,0.10060102767266699,0.04754934616253414,2.2910452950509113,2.115718422894618,0.021960794081372685,0.03436876275851948,0.059,0.024,0.038,True,999,0.00011741602793335915,0.0012931250967085361,weak_3x3_bal_strong_150_400,weak_null,True,1291,4285374274,3.885780586188048e-16,0,0
150,400,0.04864391230502174,0.04431130795534821,0.034669502064559765,0.040020001672218086,0.00433260434967353,-0.005350499607658321,0.030387759464827725,0.14257728855226387,-0.17607417268954134,0.8866240353130725,0.860235671120741,0.912,0.887,0.856,True,999,0.00011304207146167755,0.0013201660476624966,weak_3x3_bal_strong_150_400,weak_null,True,1292,4285374274,3.885780586188048e-16,0,1
150,400,0.03110694514268042,0.0879148391430784,0.017205060920758797,0.08106626641603043,-0.056807894000397985,-0.06386120549527163,0.030676174332635076,-1.851857190026544,-2.081785192729604,0.06404633272813327,0.03736209486376689,0.28,0.069,0.043,True,999,0.00011562497820705175,0.0013159579830244184,weak_3x3_bal_strong_150_400,weak_null,True,1293,4285374274,3.885780586188048e-16,0,0
150,400,0.07583549428396807,0.05525212155857895,0.06186627969213987,0.051036779613156114,0.020583372725389126,0.010829500078983756,0.034882438858871836,0.5900783717751446,0.3104570790705889,0.5551381082147391,0.7562133939748003,0.661,0.543,0.754,True,999,0.00012079090811312199,0.0013312500668689609,weak_3x3_bal_strong_150_400,weak_null,True,1294,4285374274,3.885780586188048e-16,0,1
150,400,0.0634174243953165,0.027190349162852456,0.04944365905015502,0.020247310468391788,0.036227075232464045,0.029196348581763232,0.030364066322608907,1.1930903735870704,0.9615427746587354,0.23283398117375487,0.3362793289267749,0.43,0.198,0.292,True,999,0.00012608396355062723,0.001397209009155631,weak_3x3_bal_strong_150_400,weak_null,True,1295,4285374274,3.885780586188048e-16,0,0
150,400,0.05575740611823954,0.04481922209599709,0.041777500878509954,0.03818737338616529,0.010938184022242448,0.0035901274923446636,0.031105892190917684,0.3516434749759785,0.11541631631427408,0.7251056566302554,0.9081151468369775,0.842,0.748,0.909,True,999,0.00011479202657938004,0.0013143339892849326,weak_3x3_bal_strong_150_400,weak_null,True,1296,4285374274,3.885780586188048e-16,0,0
150,400,0.06698897697435502,0.056064675264398844,0.053051250707937925,0.049425753311027165,0.010924301709956175,0.0036254973969107596,0.03435542010214725,0.3179789878125634,0.10552912425845035,0.750500875649136,0.9159559611915916,0.829,0.768,0.934,True,999,0.0001099579967558384,0.0012752499897032976,weak_3x3_bal_strong_150_400,weak_null,True,1297,4285374274,3.885780586188048e-16,0,0
150,400,0.06973696909876503,0.06230842762875677,0.055796530656522236,0.057840971574421474,0.007428541470008265,-0.0020444409178992373,0.03623111341130409,0.20503210557395027,-0.05642776954410053,0.8375470412176965,0.9550010352958451,0.909,0.846,0.95,True,999,0.00010820804163813591,0.0013189580058678985,weak_3x3_bal_strong_150_400,weak_null,True,1298,4285374274,3.885780586188048e-16,0,1
150,400,0.07283739848666548,0.052644574491283846,0.05890530448317577,0.04595483044363391,0.020192823995381637,0.01295047403954186,0.035897746497914725,0.5625095156475803,0.3607600839315678,0.573768922207667,0.7182788044923198,0.678,0.555,0.699,True,999,0.00011170899961143732,0.0013302500592544675,weak_3x3_bal_strong_150_400,weak_null,True,1299,4285374274,3.885780586188048e-16,0,0
150,400,0.1263953393477153,0.051599906108488636,0.11213609117783108,0.04739069689102848,0.07479543323922666,0.0647453942868026,0.041633773987222726,1.796508605301579,1.555117110129693,0.07241366536459437,0.11991818067522687,0.192,0.095,0.13,True,999,0.00011324998922646046,0.0013908329419791698,weak_3x3_bal_strong_150_400,weak_null,True,1300,4285374274,3.885780586188048e-16,0,1
150,400,0.02337591207996148,0.03867953850066291,0.009487194723590164,0.034255064103092536,-0.015303626420701433,-0.024767869379502372,0.023866423174076192,-0.6412199393717403,-1.0377704777482255,0.5213797966090599,0.2993769242958777,0.749,0.508,0.282,True,999,0.00011845806147903204,0.0013601669343188405,weak_3x3_bal_strong_150_400,weak_null,True,1301,4285374274,3.885780586188048e-16,0,1
150,400,0.054349684699498635,0.05198118196883411,0.04041260815847636,0.046748253910720905,0.0023685027306645234,-0.006335645752244545,0.031929905019313885,0.07417819530724737,-0.19842357026781682,0.9408685956677704,0.8427136776485598,0.959,0.937,0.833,True,999,0.00011454196646809578,0.0013592499308288097,weak_3x3_bal_strong_150_400,weak_null,True,1302,4285374274,3.885780586188048e-16,0,1
150,400,0.03287661086114868,0.05025931627331731,0.019007216594559395,0.04333228319001137,-0.01738270541216863,-0.024325066595451972,0.028655033321124315,-0.6066196195749738,-0.8488933278440713,0.5441033768415491,0.39594065186333915,0.706,0.547,0.395,True,999,0.00011575000826269388,0.0012760829413309693,weak_3x3_bal_strong_150_400,weak_null,True,1303,4285374274,3.885780586188048e-16,0,0
150,400,0.14564753050037216,0.05791549112405103,0.12852573565751868,0.051117116591143485,0.08773203937632112,0.0774086190663752,0.04211225889132916,2.083289799360181,1.8381492967672055,0.03722481597804349,0.06604040876267618,0.101,0.035,0.058,True,999,0.00011516595259308815,0.0012958749430254102,weak_3x3_bal_strong_150_400,weak_null,True,1304,4285374274,3.885780586188048e-16,0,0
150,400,0.10455133206973044,0.04588334241697828,0.09048217507009326,0.04020020998103746,0.05866798965275216,0.0502819650890558,0.0383140370274723,1.531240093824764,1.31236405740805,0.1257100650798856,0.18939732812167775,0.254,0.119,0.169,True,999,0.00011449994053691626,0.0013208750169724226,weak_3x3_bal_strong_150_400,weak_null,True,1305,4285374274,3.885780586188048e-16,0,0
150,400,0.06450855151860102,0.0549452457235608,0.050577073482998,0.048296390502599706,0.009563305795040222,0.0022806829803982964,0.03397893222807391,0.28144809645133206,0.0671205017594391,0.7783667326618672,0.9464857726547375,0.83,0.761,0.939,True,999,0.00011687492951750755,0.0013589999871328473,weak_3x3_bal_strong_150_400,weak_null,True,1306,4285374274,3.885780586188048e-16,0,0
150,400,0.06272981706987624,0.09043414508985104,0.04879589312184862,0.08610392791916865,-0.0277043280199748,-0.03730803479732003,0.036747506676887184,-0.7539104152990002,-1.015253500743913,0.4509030161232931,0.3099850035889796,0.589,0.475,0.309,True,999,0.00012858305126428604,0.0013769579818472266,weak_3x3_bal_strong_150_400,weak_null,True,1307,4285374274,3.885780586188048e-16,0,1
150,400,0.1164622944575402,0.05887671319407323,0.10238315000381704,0.052274511479907915,0.05758558126346697,0.05010863852390912,0.041656024842231375,1.3824070223111165,1.2029145535055565,0.1668467611358072,0.22900938788613945,0.302,0.174,0.235,True,999,0.0001194169744849205,0.0012777909869328141,weak_3x3_bal_strong_150_400,weak_null,True,1308,4285374274,3.885780586188048e-16,0,0
150,400,0.06336320823336727,0.06838118835939189,0.04942755383214603,0.0616813963873426,-0.005017980126024613,-0.01225384255519657,0.034819790419811904,-0.14411287562401473,-0.3519217780307009,0.8854113375793027,0.7248969261646927,0.924,0.89,0.722,True,999,0.00011141702998429537,0.0012842909200116992,weak_3x3_bal_strong_150_400,weak_null,True,1309,4285374274,3.885780586188048e-16,0,0
150,400,0.04819738473555879,0.09212050450577997,0.034294211646255235,0.08438367634602173,-0.043923119770221175,-0.050089464699766495,0.034918228494855374,-1.2578851122614232,-1.4344789772810598,0.20843330861074083,0.15143562412938236,0.399,0.205,0.144,True,999,0.00011737504974007607,0.0013110419968143106,weak_3x3_bal_strong_150_400,weak_null,True,1310,4285374274,3.885780586188048e-16,0,0
150,400,0.07602363243561494,0.045916441389049045,0.061998779519825575,0.039303605749125836,0.030107191046565895,0.02269517377069974,0.03443980224322581,0.87419755879951,0.6589809549549257,0.38201067525503196,0.5099079985307616,0.547,0.379,0.506,True,999,0.00012049998622387648,0.0013504590606316924,weak_3x3_bal_strong_150_400,weak_null,True,1311,4285374274,3.885780586188048e-16,0,0
150,400,0.06110688392892816,0.08778080885003214,0.04715318743464536,0.08257210008750349,-0.026673924921103986,-0.035418912652858126,0.03641681461138455,-0.7324617818925118,-0.9725977692125092,0.46388676137943363,0.330753251798624,0.624,0.492,0.359,True,999,0.00011862500105053186,0.0013500420609489083,weak_3x3_bal_strong_150_400,weak_null,True,1312,4285374274,3.885780586188048e-16,0,1
150,400,0.07231234159609579,0.04640157445239368,0.05832706194689763,0.04209632463985713,0.025910767143702107,0.0162307373070405,0.03413096053636516,0.7591572793884669,0.475542939664628,0.4477584780351107,0.634400034942691,0.619,0.456,0.623,True,999,0.00011795794125646353,0.0013757090782746673,weak_3x3_bal_strong_150_400,weak_null,True,1313,4285374274,3.885780586188048e-16,0,1
150,400,0.0833543423547618,0.06078965202095937,0.0693648457841789,0.05413710008897965,0.02256469033380243,0.015227745695199246,0.03737310157758064,0.6037682017630167,0.4074520190300197,0.5459977631652742,0.6836760275539608,0.662,0.545,0.688,True,999,0.00011112506035715342,0.0012620420893654227,weak_3x3_bal_strong_150_400,weak_null,True,1314,4285374274,3.885780586188048e-16,0,0
150,400,0.04974133643143719,0.03616708317912515,0.03582333976919472,0.031849174148021575,0.01357425325231204,0.003974165621173142,0.02874185834992066,0.4722816836354463,0.1382710043584956,0.6367257423881224,0.8900262405338218,0.765,0.641,0.899,True,999,0.00010854203719645739,0.0013082500081509352,weak_3x3_bal_strong_150_400,weak_null,True,1315,4285374274,3.885780586188048e-16,0,1
150,400,0.014168018821757444,0.05044550242961271,0.00031428852545900554,0.04616792624830168,-0.036277483607855265,-0.04585363772284268,0.023022460787480974,-1.5757430946557214,-1.9916914245664266,0.115085021522743,0.04640492519696566,0.404,0.107,0.052,True,999,0.0001081250375136733,0.0013156660133972764,weak_3x3_bal_strong_150_400,weak_null,True,1316,4285374274,3.885780586188048e-16,0,1
150,400,0.029276566854532504,0.05080261310901363,0.01539080489280309,0.04519982432188385,-0.021526046254481124,-0.029809019429080763,0.026492718567563536,-0.8125268910996784,-1.1251778239767947,0.41648936272699055,0.2605136883153364,0.65,0.399,0.249,True,999,0.00011437502689659595,0.0013573749456554651,weak_3x3_bal_strong_150_400,weak_null,True,1317,4285374274,3.885780586188048e-16,0,0
150,400,0.0287634059045605,0.07426258543466013,0.014887236721705221,0.0677404662250467,-0.04549917953009963,-0.05285322950334148,0.02913655503074175,-1.5615840473279632,-1.813983480462136,0.11838600998040776,0.069680269083087,0.338,0.109,0.069,True,999,0.0001129580195993185,0.001342457951977849,weak_3x3_bal_strong_150_400,weak_null,True,1318,4285374274,3.885780586188048e-16,0,0
150,400,0.0820186942230372,0.041065466485608826,0.06803348362197426,0.033315844621284896,0.04095322773742838,0.03471763900068936,0.0344420544115076,1.1890471819168051,1.008001398113165,0.2344211009519659,0.3134537910403431,0.394,0.257,0.33,True,999,0.00011499994434416294,0.0013582920655608177,weak_3x3_bal_strong_150_400,weak_null,True,1319,4285374274,3.885780586188048e-16,0,0
150,400,0.06907616185142418,0.057508617347569624,0.05514565897351531,0.05231391166498156,0.011567544503854554,0.0028317473085337497,0.03597284465001988,0.32156324072770154,0.07871902642351039,0.7477835954737853,0.9372561115435517,0.825,0.759,0.945,True,999,0.00011683302000164986,0.001313250046223402,weak_3x3_bal_strong_150_400,weak_null,True,1320,4285374274,3.885780586188048e-16,0,1
150,400,0.10818641097127579,0.035743595468705036,0.09393216518068925,0.02797594216139032,0.07244281550257076,0.06595622301929893,0.03684931364976454,1.9659203476923823,1.789890135978703,0.04930781223484778,0.0734715748982085,0.13,0.054,0.077,True,999,0.00011633406393229961,0.0013077500043436885,weak_3x3_bal_strong_150_400,weak_null,True,1321,4285374274,3.885780586188048e-16,0,0
150,400,0.054566671617151785,0.05128792681714467,0.04062862061988426,0.045383118149089796,0.003278744800007116,-0.004754497529205537,0.032401015786533184,0.1011926546256571,-0.1467391504182917,0.9193975275478442,0.8833379155066353,0.954,0.929,0.889,True,999,0.00011237501166760921,0.0013094579335302114,weak_3x3_bal_strong_150_400,weak_null,True,1322,4285374274,3.885780586188048e-16,0,0
150,400,0.05809062977888013,0.030433029789574295,0.044158142673694556,0.02361920063879097,0.027657599989305837,0.020538942034903584,0.030595728744193196,0.9039693161273372,0.6713009585954607,0.3660116718577171,0.5020288241179383,0.57,0.366,0.517,True,999,0.00011304195504635572,0.0013587500434368849,weak_3x3_bal_strong_150_400,weak_null,True,1323,4285374274,3.885780586188048e-16,0,0
150,400,0.10906397398724499,0.024914256166630344,0.09485381127095138,0.019372876405441275,0.08414971782061464,0.07548093486551011,0.03539387784605782,2.377521846761622,2.1325986147606373,0.017429410478218908,0.03295766706208291,0.078,0.023,0.043,True,999,0.00011912500485777855,0.0013668749015778303,weak_3x3_bal_strong_150_400,weak_null,True,1324,4285374274,3.885780586188048e-16,0,0
150,400,0.06924530999045242,0.07260574900549044,0.055265323289688695,0.0657753253121598,-0.0033604390150380192,-0.010510002022471099,0.036291943929358784,-0.09259462710454464,-0.28959600629077664,0.9262256123604258,0.7721253226598732,0.954,0.934,0.777,True,999,0.00016137503553181887,0.0013195410137996078,weak_3x3_bal_strong_150_400,weak_null,True,1325,4285374274,3.885780586188048e-16,0,0
150,400,0.0897445236604355,0.06531959577366242,0.07577086978113812,0.06118492370984541,0.024424927886773085,0.01458594607129271,0.039905874085800666,0.612063473017973,0.3655087479084361,0.540495763337232,0.7147316779886854,0.636,0.543,0.711,True,999,0.00011612498201429844,0.0013174579944461584,weak_3x3_bal_strong_150_400,weak_null,True,1326,4285374274,3.885780586188048e-16,0,1
150,400,0.06313264821372266,0.053989190320882285,0.04920843910255712,0.04620718789792022,0.009143457892840379,0.003001251204636901,0.03427109306065657,0.26679796517307836,0.08757383954240888,0.7896247210430676,0.9302153952958501,0.866,0.808,0.937,True,999,0.00011241692118346691,0.0013133749598637223,weak_3x3_bal_strong_150_400,weak_null,True,1327,4285374274,3.885780586188048e-16,0,0
150,400,0.06526348904353041,0.08346053564209976,0.05129324519660372,0.07925859665846247,-0.018197046598569355,-0.027965351461858745,0.036204083296901016,-0.5026241501363184,-0.7724363915672604,0.615228546679879,0.4398560069983086,0.731,0.628,0.442,True,999,0.00011595792602747679,0.0013126250123605132,weak_3x3_bal_strong_150_400,weak_null,True,1328,4285374274,3.885780586188048e-16,0,1
150,400,0.07344528148484719,0.05754364944240126,0.05951020178787303,0.05334605866789843,0.015901632042445935,0.006164143119974597,0.03644499348082048,0.43631869630637515,0.1691355253834394,0.6626055187848485,0.865690042237508,0.773,0.661,0.849,True,999,0.00011575000826269388,0.0013870419934391975,weak_3x3_bal_strong_150_400,weak_null,True,1329,4285374274,3.885780586188048e-16,0,1
150,400,0.06727837635878564,0.0391662265669962,0.05334511132502939,0.03331086599644095,0.028112149791789443,0.02003424532858844,0.034118057207065525,0.8239668988528364,0.5872035798228141,0.4099583663357227,0.5570669884206663,0.587,0.433,0.577,True,999,0.0001270420616492629,0.0014596659457311034,weak_3x3_bal_strong_150_400,weak_null,True,1330,4285374274,3.885780586188048e-16,0,0
150,400,0.039428567072806064,0.047292315288580467,0.025511196585199514,0.0404248268935703,-0.007863748215774402,-0.014913630308370784,0.02945593238173305,-0.2669665354287365,-0.5063031146017771,0.7894949270935999,0.6126438768716107,0.85,0.783,0.612,True,999,0.00011587503831833601,0.001333374995738268,weak_3x3_bal_strong_150_400,weak_null,True,1331,4285374274,3.885780586188048e-16,0,0
150,400,0.04330639155452687,0.047719568114434396,0.02940857855350032,0.043432242094624485,-0.004413176559907528,-0.014023663541124165,0.02943262320857848,-0.14994166604291176,-0.4764666554436373,0.8808106385415654,0.6337419574054994,0.911,0.855,0.608,True,999,0.00012141698971390724,0.0013165409909561276,weak_3x3_bal_strong_150_400,weak_null,True,1332,4285374274,3.885780586188048e-16,0,1
150,400,0.05285274107127336,0.06792865010445542,0.03894000341313131,0.06246496244750688,-0.015075909033182067,-0.02352495903437557,0.034155323836828455,-0.4413926539008908,-0.68876404588527,0.6589287595069461,0.49097176486647076,0.764,0.66,0.502,True,999,0.00010954204481095076,0.001313457963988185,weak_3x3_bal_strong_150_400,weak_null,True,1333,4285374274,3.885780586188048e-16,0,1
150,400,0.09825801355819674,0.015557516081588174,0.08426587470589197,0.007679667643301968,0.08270049747660857,0.07658620706259,0.03485783646810888,2.3725080457093344,2.197101565171953,0.017667778338105834,0.028013193366948772,0.106,0.023,0.035,True,999,0.0001094168983399868,0.0013184999115765095,weak_3x3_bal_strong_150_400,weak_null,True,1334,4285374274,3.885780586188048e-16,0,0
150,400,0.11153492674515841,0.029342115814459224,0.09750895767416523,0.022430037958997673,0.08219281093069919,0.07507891971516756,0.03793559870543238,2.1666406682789265,1.9791151919902679,0.030262263889744827,0.04780303839904791,0.108,0.03,0.059,True,999,0.00011841708328574896,0.001328333979472518,weak_3x3_bal_strong_150_400,weak_null,True,1335,4285374274,3.885780586188048e-16,0,0
150,400,0.06517864358548597,0.06474718513024375,0.05119579409313246,0.05896967882861759,0.0004314584552422285,-0.007773884735485126,0.035396355394869426,0.012189346909562526,-0.2196238750787298,0.9902745491300566,0.8261640957328305,0.996,0.99,0.839,True,999,0.0001235000090673566,0.0013441250193864107,weak_3x3_bal_strong_150_400,weak_null,True,1336,4285374274,3.885780586188048e-16,0,0
150,400,0.1185907844555214,0.06293098639346806,0.1045649599827243,0.05766702056641293,0.055659798062053345,0.046897939416311374,0.042436822298911145,1.311592033682538,1.105123731602182,0.1896578223621278,0.26910597875956865,0.317,0.19,0.27,True,999,0.00010879093315452337,0.0013029590481892228,weak_3x3_bal_strong_150_400,weak_null,True,1337,4285374274,3.885780586188048e-16,0,1
150,400,0.07486523745329521,0.022064056035830726,0.06089198112508143,0.016670808926562586,0.05280118141746448,0.04422117219851884,0.032461757457106964,1.6265657054222287,1.3622544083434198,0.10382936792225625,0.1731176104557528,0.277,0.11,0.182,True,999,0.0001152500044554472,0.0013309159548953176,weak_3x3_bal_strong_150_400,weak_null,True,1338,4285374274,3.885780586188048e-16,0,1
150,400,0.06290994533548688,0.053859150718339244,0.04891275773132975,0.047059073968171106,0.00905079461714764,0.0018536837631586423,0.03357941424470727,0.26953402317237296,0.05520298089925189,0.7875187639164737,0.9559767541447477,0.885,0.796,0.941,True,999,0.0001139170490205288,0.001329874969087541,weak_3x3_bal_strong_150_400,weak_null,True,1339,4285374274,3.885780586188048e-16,0,0
150,400,0.1765373779779409,0.02996443071402799,0.16209466411999074,0.02399396845356705,0.1465729472639129,0.1381006956664237,0.044901543770516035,3.2643186615814748,3.07563357670356,0.0010972767787819052,0.00210055815193237,0.01,0.002,0.003,True,999,0.0001152919139713049,0.0013557090424001217,weak_3x3_bal_strong_150_400,weak_null,True,1340,4285374274,3.885780586188048e-16,0,0
150,400,0.02584723601873007,0.035040727381357606,0.01197437976867377,0.02614660098946331,-0.009193491362627537,-0.014172221220789538,0.024647946310654305,-0.3729921855052713,-0.5749858849158342,0.7091542600365836,0.5653008432045242,0.863,0.715,0.57,True,999,0.00011958298273384571,0.0013308749767020345,weak_3x3_bal_strong_150_400,weak_null,True,1341,4285374274,3.885780586188048e-16,0,0
150,400,0.06847457668750301,0.030234508473759303,0.05451222390283306,0.02239975167013597,0.038240068213743705,0.03211247223269709,0.032930162877250944,1.1612474665335162,0.9751689462453664,0.24554127654794122,0.32947646319821156,0.446,0.242,0.319,True,999,0.00015283399261534214,0.0013114999746903777,weak_3x3_bal_strong_150_400,weak_null,True,1342,4285374274,3.885780586188048e-16,0,0
150,400,0.04676523480771655,0.10810966342062289,0.032818233833751265,0.10238689611171026,-0.06134442861290634,-0.06956866227795899,0.03530815335126623,-1.737401217294373,-1.9703285409987066,0.08231637654468359,0.04880072945550055,0.217,0.087,0.063,True,999,0.00011424999684095383,0.001307333935983479,weak_3x3_bal_strong_150_400,weak_null,True,1343,4285374274,3.885780586188048e-16,0,0
150,400,0.01976778932878176,0.08467525997694181,0.005879804895016605,0.07806944892809042,-0.06490747064816005,-0.07218964403307382,0.028239319878278917,-2.298478537299529,-2.556352077324658,0.021534568066219905,0.010577603347017801,0.197,0.024,0.013,True,999,0.00011245894711464643,0.0013150840532034636,weak_3x3_bal_strong_150_400,weak_null,True,1344,4285374274,3.885780586188048e-16,0,0
150,400,0.06179872553311627,0.05306913933159613,0.04784836918852875,0.05026431647505092,0.008729586201520145,-0.0024159472865221687,0.03473647344194744,0.25130893658820236,-0.06955073578668736,0.8015752664349887,0.9445512490748005,0.86,0.793,0.939,True,999,0.00011337490286678076,0.0013444169890135527,weak_3x3_bal_strong_150_400,weak_null,True,1345,4285374274,3.885780586188048e-16,0,2
150,400,0.061662167764282794,0.04698928778954964,0.04774299051962316,0.039182899887492795,0.014672879974733155,0.008560090632130368,0.03325762108273369,0.4411885004712755,0.2573873402080012,0.6590765375998502,0.7968797748143644,0.766,0.66,0.802,True,999,0.000111832981929183,0.0013640419347211719,weak_3x3_bal_strong_150_400,weak_null,True,1346,4285374274,3.885780586188048e-16,0,0
150,400,0.021956973139927394,0.061519724042822355,0.00808478565392079,0.05359912829385394,-0.03956275090289496,-0.04551434263993315,0.02734027931482052,-1.4470499897727427,-1.6647358322802832,0.1478829231618769,0.09596547083516169,0.404,0.152,0.097,True,999,0.00011133297812193632,0.0014066660078242421,weak_3x3_bal_strong_150_400,weak_null,True,1347,4285374274,3.885780586188048e-16,0,0
150,400,0.08611117670853674,0.0841577713834144,0.07215583275223025,0.0788413372143566,0.001953405325122337,-0.006685504462126346,0.04037922824608714,0.04837648984318138,-0.16556791084223335,0.9614161957498379,0.8684970021325891,0.972,0.962,0.86,True,999,0.00011483300477266312,0.001296208007261157,weak_3x3_bal_strong_150_400,weak_null,True,1348,4285374274,3.885780586188048e-16,0,1
150,400,0.06653833630070594,0.0396610933426495,0.05254708626068805,0.03540069367829801,0.026877242958056435,0.017146392582390035,0.031224312185186495,0.8607793439500516,0.5491359579259095,0.3893595836556354,0.5829121501819426,0.56,0.37,0.586,True,999,0.00011266698129475117,0.0013105840189382434,weak_3x3_bal_strong_150_400,weak_null,True,1349,4285374274,3.885780586188048e-16,0,1
150,400,0.1487986715650056,0.03644400097280465,0.13468347189001406,0.03217758977987728,0.11235467059220094,0.10250588211013678,0.04427036922658777,2.5379203416429448,2.3154512578262865,0.011151336338454512,0.02058824912045904,0.029,0.009,0.028,True,999,0.00011604209430515766,0.0013138330541551113,weak_3x3_bal_strong_150_400,weak_null,True,1350,4285374274,3.885780586188048e-16,0,1
150,400,0.022075568596710005,0.052168458874940815,0.008201661779366987,0.04333258958445185,-0.03009289027823081,-0.035130927805084866,0.025777837395511847,-1.167393905722683,-1.3628345646714908,0.2430513311103888,0.17293465503533467,0.527,0.247,0.161,True,999,0.00011958403047174215,0.0013258749386295676,weak_3x3_bal_strong_150_400,weak_null,True,1351,4285374274,3.885780586188048e-16,0,0
150,400,0.04655392076037912,0.07189617417259553,0.03264950045746673,0.06619189723446084,-0.02534225341221641,-0.03354239677699411,0.032487431352213936,-0.7800633154855254,-1.0324730328274563,0.4353536079600322,0.30185057436521423,0.597,0.433,0.296,True,999,0.00012983300257474184,0.0013482499634847045,weak_3x3_bal_strong_150_400,weak_null,True,1352,4285374274,3.885780586188048e-16,0,0
150,400,0.06631173127756229,0.0682291818040397,0.05237727842188633,0.06379954056654924,-0.0019174505264774044,-0.011422262144662909,0.03595306549802495,-0.05333204554094944,-0.31769925558337664,0.9574673478758813,0.7507130759432178,0.968,0.962,0.762,True,999,0.0001166659640148282,0.0013955420581623912,weak_3x3_bal_strong_150_400,weak_null,True,1353,4285374274,3.885780586188048e-16,0,1
150,400,0.03308631850271215,0.030111187789199634,0.01917480919698278,0.02472270203074345,0.0029751307135125193,-0.00554789283376067,0.025666322206653595,0.11591573929284123,-0.2161545697545426,0.9077193216323927,0.8288672644726092,0.952,0.901,0.846,True,999,0.00012041605077683926,0.0012867499608546495,weak_3x3_bal_strong_150_400,weak_null,True,1354,4285374274,3.885780586188048e-16,0,1
150,400,0.08217419016058347,0.05610300814209579,0.06821762718533364,0.049568588253691814,0.026071182018487682,0.018649038931641826,0.03629390705537641,0.7183349529911142,0.5138338758400287,0.47255078347730206,0.6073681414029732,0.61,0.483,0.616,True,999,0.00011337501928210258,0.0013050840934738517,weak_3x3_bal_strong_150_400,weak_null,True,1355,4285374274,3.885780586188048e-16,0,0
150,400,0.03303404605548632,0.04037374110718889,0.019152606582167664,0.03353148246023352,-0.007339695051702566,-0.014378875878065855,0.02646054525774586,-0.27738260796247194,-0.5434081474136173,0.781486334719837,0.586848817309763,0.878,0.778,0.589,True,999,0.00011804094538092613,0.0013254169607535005,weak_3x3_bal_strong_150_400,weak_null,True,1356,4285374274,3.885780586188048e-16,0,0
150,400,0.07763012034626149,0.08113779932133097,0.06364812859166591,0.07545439524389508,-0.0035076789750694837,-0.01180626665222917,0.03891278292710922,-0.0901420744345119,-0.30340329742913713,0.9281743147295745,0.7615825330545631,0.953,0.927,0.78,True,999,0.0001234590308740735,0.001371124992147088,weak_3x3_bal_strong_150_400,weak_null,True,1357,4285374274,3.885780586188048e-16,0,0
150,400,0.0742481333382774,0.017140931877778542,0.060266645182394996,0.011283905484049228,0.05710720146049886,0.04898273969834577,0.031039309653830453,1.8398347803927868,1.5780872785068845,0.06579249749510989,0.11454556034773934,0.206,0.076,0.13,True,999,0.00011945795267820358,0.0013817499857395887,weak_3x3_bal_strong_150_400,weak_null,True,1358,4285374274,3.885780586188048e-16,0,0
150,400,0.06633450236661975,0.056837278690407445,0.05236401972254612,0.051224365041974806,0.009497223676212307,0.0011396546805713115,0.03403926456422605,0.27900789860758396,0.033480590581532264,0.7802387631661646,0.9732913436261142,0.849,0.773,0.975,True,999,0.00012691691517829895,0.0013801660388708115,weak_3x3_bal_strong_150_400,weak_null,True,1359,4285374274,3.885780586188048e-16,0,0
150,400,0.027445036127492495,0.047510902274456535,0.013532742108196771,0.0396399604796045,-0.02006586614696404,-0.026107218371407725,0.026673351476711543,-0.7522813983268474,-0.9787753291595881,0.45188185192140506,0.3276910021878685,0.683,0.467,0.335,True,999,0.00012316706124693155,0.0013694579247385263,weak_3x3_bal_strong_150_400,weak_null,True,1360,4285374274,3.885780586188048e-16,0,0
150,400,0.05017187585378946,0.07469892247867549,0.036267085136785226,0.07055221604579742,-0.02452704662488603,-0.034285130909012196,0.032990115849961435,-0.7434665199854005,-1.0392546381146543,0.45719928405756083,0.2986863255495682,0.612,0.448,0.282,True,999,0.00011920800898224115,0.0013654999202117324,weak_3x3_bal_strong_150_400,weak_null,True,1361,4285374274,3.885780586188048e-16,0,1
150,400,0.07890749879726044,0.04827278392499229,0.06487767017753754,0.042537325628558165,0.030634714872268154,0.022340344548979374,0.03495370104422341,0.876436942500284,0.6391410317526712,0.3807925425113823,0.5227311891689643,0.552,0.405,0.537,True,999,0.00011279096361249685,0.0012938750442117453,weak_3x3_bal_strong_150_400,weak_null,True,1362,4285374274,3.885780586188048e-16,0,0
150,400,0.041815901293067004,0.0381792364951169,0.02793013047218551,0.03375655563939972,0.0036366647979501066,-0.005826425167214211,0.02815769339318361,0.12915350512448107,-0.20692125188864605,0.8972361855249382,0.836071359077885,0.921,0.885,0.819,True,999,0.00011150003410875797,0.0013431670377030969,weak_3x3_bal_strong_150_400,weak_null,True,1363,4285374274,3.885780586188048e-16,0,1
150,400,0.02469958602646871,0.04860250602379257,0.010791531476684213,0.0431761147423515,-0.023902919997323857,-0.03238458326566729,0.02600647092109412,-0.9191143261939454,-1.2452509748025755,0.3580357766463035,0.21303951036628999,0.622,0.374,0.222,True,999,0.00012370804324746132,0.001420416054315865,weak_3x3_bal_strong_150_400,weak_null,True,1364,4285374274,3.885780586188048e-16,0,1
150,400,0.10829162677986615,0.07361270634257466,0.09419511113708268,0.06942101071010143,0.03467892043729148,0.02477410042698125,0.04115658572715823,0.8426092647040861,0.601947415930409,0.3994470078557948,0.547209140462728,0.537,0.401,0.546,True,999,0.00011316698510199785,0.001294375048018992,weak_3x3_bal_strong_150_400,weak_null,True,1365,4285374274,3.885780586188048e-16,0,1
150,400,0.09234376987300452,0.07533264340825946,0.07830769969618245,0.06845959165850957,0.017011126464745063,0.009848108037672887,0.038642175612775415,0.44022175757415294,0.25485387097141143,0.6597765028519076,0.7988359656251207,0.762,0.673,0.793,True,999,0.00010975007899105549,0.001303916098549962,weak_3x3_bal_strong_150_400,weak_null,True,1366,4285374274,3.885780586188048e-16,0,0
150,400,0.06413707720601236,0.035499433881692244,0.05019467070059136,0.028517078458236256,0.028637643324320117,0.021677592242355104,0.03231768635883996,0.8861291308524246,0.6707655988011518,0.3755479470295313,0.5023698658474794,0.543,0.368,0.495,True,999,0.00010983401443809271,0.001314916997216642,weak_3x3_bal_strong_150_400,weak_null,True,1367,4285374274,3.885780586188048e-16,0,0
150,400,0.059915606797219745,0.08304902053469376,0.045966359174542504,0.07737609944550172,-0.023133413737474018,-0.03140974027095922,0.03636026322716851,-0.6362278950771911,-0.8638479890731307,0.5246278940285461,0.38767140158312197,0.643,0.5,0.355,True,999,0.0001128750154748559,0.0013092090375721455,weak_3x3_bal_strong_150_400,weak_null,True,1368,4285374274,3.885780586188048e-16,0,0
150,400,0.08975203787058361,0.07559376166271076,0.07562805439286535,0.06987125588085519,0.014158276207872855,0.005756798512010164,0.039044466541853236,0.3626192764779118,0.1474421095199043,0.7168893084965904,0.8827830701081357,0.797,0.703,0.871,True,999,0.00011133402585983276,0.0013518339255824685,weak_3x3_bal_strong_150_400,weak_null,True,1369,4285374274,3.885780586188048e-16,0,0
150,400,0.0507390347408736,0.060487512594372794,0.03680876551047163,0.05358953179674586,-0.009748477853499193,-0.01678076628627423,0.03277588597682597,-0.29742835511423876,-0.511985131329142,0.7661394983797825,0.6086614157150323,0.832,0.74,0.589,True,999,0.0001230000052601099,0.0013689580373466015,weak_3x3_bal_strong_150_400,weak_null,True,1370,4285374274,3.885780586188048e-16,0,0
150,400,0.04311425995983176,0.06104945862023198,0.029200466296316563,0.05445745183743611,-0.01793519866040022,-0.025256985541119548,0.031230717575426118,-0.5742807099159492,-0.8087225495258232,0.5657778605810615,0.4186747545925604,0.727,0.578,0.426,True,999,0.0001152910990640521,0.0012967080110684037,weak_3x3_bal_strong_150_400,weak_null,True,1371,4285374274,3.885780586188048e-16,0,0
150,400,0.005421286193148411,0.049104582084715465,-0.008434278202486212,0.04236577084941473,-0.04368329589156705,-0.05080004905190094,0.02092371813212272,-2.0877406021113973,-2.4278691163360295,0.03682124017329015,0.015187823161836755,0.332,0.044,0.025,True,999,0.0001222090795636177,0.0013401249889284372,weak_3x3_bal_strong_150_400,weak_null,True,1372,4285374274,3.885780586188048e-16,0,0
150,400,0.05724539256561689,0.0688305027777103,0.04329214797581926,0.06301019580493517,-0.011585110212093408,-0.019718047829115903,0.0342664306562751,-0.3380892024705779,-0.5754333746314778,0.7352959671397274,0.5649982379583103,0.822,0.745,0.57,True,999,0.00011904200073331594,0.001349415979348123,weak_3x3_bal_strong_150_400,weak_null,True,1373,4285374274,3.885780586188048e-16,0,0
150,400,0.05766599158509589,0.0777920996767929,0.043724034084533514,0.07101985400746003,-0.020126108091697015,-0.027295819922926512,0.035264881554663716,-0.5707124823459211,-0.7740227308183512,0.5681945560733033,0.4389173492655096,0.692,0.564,0.448,True,999,0.00011920800898224115,0.0013539169449359179,weak_3x3_bal_strong_150_400,weak_null,True,1374,4285374274,3.885780586188048e-16,0,0
150,400,0.05951500777153007,0.043435721738877386,0.04558691632038858,0.03551942325186985,0.016079286032652684,0.01006749306851873,0.0331045599100917,0.4857121217234796,0.30411197417699914,0.6271712880386416,0.7610425845498224,0.753,0.637,0.754,True,999,0.00015095795970410109,0.0013492080615833402,weak_3x3_bal_strong_150_400,weak_null,True,1375,4285374274,3.885780586188048e-16,0,0
150,400,0.06538920953162419,0.04852815204844324,0.05142438419406403,0.04213562639671409,0.016861057483180952,0.009288757797349945,0.03377329050273549,0.49924236673993255,0.27503265625236,0.6176086512604142,0.7832911493451512,0.745,0.621,0.792,True,999,0.00015600002370774746,0.0012837909162044525,weak_3x3_bal_strong_150_400,weak_null,True,1376,4285374274,3.885780586188048e-16,0,1
150,400,0.05549577015137186,0.052639187340600746,0.041564385145335336,0.04687875223567062,0.0028565828107711133,-0.005314367090335281,0.03207575269764369,0.08905738978904648,-0.16568175781969033,0.9290363008053291,0.8684074027797078,0.955,0.926,0.849,True,999,0.00010924995876848698,0.001290125073865056,weak_3x3_bal_strong_150_400,weak_null,True,1377,4285374274,3.885780586188048e-16,0,0
150,400,0.06202970550580189,0.05241850906239248,0.048095090025469744,0.04809117663788243,0.009611196443409409,3.913387587317629e-06,0.03439731714250326,0.2794170371948361,0.0001137701400113565,0.7799247977680986,0.9999092245620004,0.847,0.776,1.0,True,999,0.0001081250375136733,0.0013143750838935375,weak_3x3_bal_strong_150_400,weak_null,True,1378,4285374274,3.885780586188048e-16,0,1
150,400,0.06810843643421638,0.051655683435592015,0.054040225361518424,0.046434563551088104,0.016452752998624365,0.00760566181043032,0.033438011102126235,0.4920374285532245,0.22745556807195078,0.6226928844105769,0.8200695153081868,0.75,0.638,0.838,True,999,0.0001087910495698452,0.001326250028796494,weak_3x3_bal_strong_150_400,weak_null,True,1379,4285374274,3.885780586188048e-16,0,1
150,400,0.08582098838370156,0.08374911265072404,0.07161653609156815,0.07957654893903054,0.002071875732977513,-0.007960012847462394,0.0394388862382752,0.05253382969437839,-0.2018315831580774,0.9581033403424422,0.8400483898316391,0.972,0.962,0.843,True,999,0.0001092089805752039,0.001353709027171135,weak_3x3_bal_strong_150_400,weak_null,True,1380,4285374274,3.885780586188048e-16,0,1
150,400,0.036673317802541794,0.05448671468795552,0.022794073270858917,0.04874047332828013,-0.017813396885413724,-0.025946400057421215,0.028744828769769193,-0.619707879566428,-0.9026458381519018,0.5354501270752056,0.36671389043895253,0.701,0.515,0.339,True,999,0.00012125005014240742,0.0013976249611005187,weak_3x3_bal_strong_150_400,weak_null,True,1381,4285374274,3.885780586188048e-16,0,0
150,400,0.037561109007471005,0.06963931962095127,0.02366375701822676,0.06299012073446875,-0.03207821061348026,-0.039326363716241985,0.03086108264387153,-1.039438926484014,-1.2743027900238462,0.2986006481105079,0.20255612811496249,0.572,0.314,0.226,True,999,0.00011416699271649122,0.0012695420300588012,weak_3x3_bal_strong_150_400,weak_null,True,1382,4285374274,3.885780586188048e-16,0,0
150,400,0.08912762666919471,0.03170723741793341,0.07508979428345697,0.02742186495956389,0.057420389251261306,0.04766792932389308,0.03556226833832914,1.6146436077974646,1.3404074473088776,0.10638789612918202,0.1801129158480418,0.265,0.106,0.166,True,999,0.00011170795187354088,0.001305249985307455,weak_3x3_bal_strong_150_400,weak_null,True,1383,4285374274,3.885780586188048e-16,0,1
150,400,0.08783071221731964,0.04614988363020789,0.07381507858991654,0.039364228340161844,0.04168082858711175,0.034450850249754694,0.037956215784177155,1.0981291924388121,0.9076471280921596,0.27214807970413823,0.3640646863574647,0.426,0.284,0.375,True,999,0.00011687492951750755,0.001319332979619503,weak_3x3_bal_strong_150_400,weak_null,True,1384,4285374274,3.885780586188048e-16,0,0
150,400,0.048353779813913755,0.0275794527256793,0.03444421702894829,0.02328772671754109,0.020774327088234457,0.011156490311407197,0.027611826710479542,0.7523706166224039,0.4040475274739054,0.45182821178710497,0.6861777698571192,0.699,0.48,0.708,True,999,0.0001175830839201808,0.0013510000426322222,weak_3x3_bal_strong_150_400,weak_null,True,1385,4285374274,3.885780586188048e-16,0,1
150,400,0.09933563091559083,0.06920197865723904,0.08529317060668973,0.06506722847419155,0.030133652258351795,0.020225942132498176,0.039831917449680634,0.7565202527952468,0.5077822868570026,0.44933733432583356,0.6116060332978304,0.57,0.429,0.583,True,999,0.0001282910816371441,0.0013797919964417815,weak_3x3_bal_strong_150_400,weak_null,True,1386,4285374274,3.885780586188048e-16,0,1
150,400,0.08653580230869529,0.07858401015470684,0.07254612039531594,0.07474057308670012,0.007951792153988446,-0.0021944526913841855,0.04028661057871473,0.19738052022151856,-0.054471018034553044,0.843529772372038,0.9565598985553372,0.853,0.821,0.964,True,999,0.00012454099487513304,0.0013694589724764228,weak_3x3_bal_strong_150_400,weak_null,True,1387,4285374274,3.885780586188048e-16,0,2
150,400,0.040175109305130796,0.10153610747173009,0.026287337849851156,0.09490184397327539,-0.06136099816659929,-0.06861450612342423,0.03347376935957723,-1.833106917462918,-2.0497992140162977,0.06678667260795124,0.040384028351179,0.252,0.083,0.05,True,999,0.00011616700794547796,0.0012789580505341291,weak_3x3_bal_strong_150_400,weak_null,True,1388,4285374274,3.885780586188048e-16,0,0
150,400,0.050611369466517786,0.03493378048602336,0.03668948915947112,0.02965438682031163,0.015677588980494428,0.007035102339159494,0.029106928413422634,0.5386205221594156,0.2416985481681833,0.5901487241358028,0.8090137546096269,0.733,0.587,0.811,True,999,0.00011254101991653442,0.0013107499107718468,weak_3x3_bal_strong_150_400,weak_null,True,1389,4285374274,3.885780586188048e-16,0,1
150,400,0.05383152304433003,0.0827621323444323,0.03990512756965359,0.07389954108617758,-0.028930609300102272,-0.03399441351652399,0.03581868595975871,-0.8076959979102807,-0.9490692526999946,0.4192656080533076,0.34258539125648413,0.599,0.427,0.365,True,999,0.00011149991769343615,0.0013144999975338578,weak_3x3_bal_strong_150_400,weak_null,True,1390,4285374274,3.885780586188048e-16,0,0
150,400,0.04489974325592261,0.05098966583734765,0.031006327061362526,0.044309376504998,-0.006089922581425045,-0.013303049443635473,0.030254141721973597,-0.20129219454941374,-0.4397100260151641,0.840470105506268,0.6601471401066514,0.899,0.842,0.656,True,999,0.00011270795948803425,0.0013480830239132047,weak_3x3_bal_strong_150_400,weak_null,True,1391,4285374274,3.885780586188048e-16,0,0
150,400,0.07037487589532043,0.00895179415045999,0.05643321328250295,0.0010905320231131554,0.06142308174486044,0.05534268125938979,0.03097308804423292,1.9831113273930465,1.7867989520565226,0.047354995608096376,0.07396998880070046,0.204,0.045,0.067,True,999,0.00011074997019022703,0.0013609160669147968,weak_3x3_bal_strong_150_400,weak_null,True,1392,4285374274,3.885780586188048e-16,0,0
150,400,0.10302469721779572,0.06957478861019828,0.08896391937469161,0.06274342210207351,0.033449908607597445,0.026220497272618104,0.041489285514630464,0.8062300469310788,0.6319823768324935,0.4201102167166353,0.5273983929844408,0.582,0.417,0.518,True,999,0.00011612498201429844,0.0013309159548953176,weak_3x3_bal_strong_150_400,weak_null,True,1393,4285374274,3.885780586188048e-16,0,0
150,400,0.04735360790301568,0.059303150578444375,0.03345321681308633,0.05398976732936944,-0.011949542675428693,-0.020536550516283114,0.031496823598611494,-0.37938881798720414,-0.6520197331005927,0.7043991529615896,0.5143884425727502,0.804,0.711,0.522,True,999,0.00011645792983472347,0.0013083750382065773,weak_3x3_bal_strong_150_400,weak_null,True,1394,4285374274,3.885780586188048e-16,0,1
150,400,0.04604166012570099,0.06733009228628284,0.032125201547358984,0.06318040311464301,-0.02128843216058185,-0.03105520156728403,0.03219663443421529,-0.6612005426864952,-0.9645480688590773,0.5084837132859148,0.33477122098768086,0.693,0.528,0.361,True,999,0.00011487503070384264,0.0013017079327255487,weak_3x3_bal_strong_150_400,weak_null,True,1395,4285374274,3.885780586188048e-16,0,1
150,400,0.030339488797823444,0.04309670226652007,0.01646287651021794,0.03622457272034296,-0.012757213468696627,-0.019761696210125024,0.02655175077822078,-0.48046599921993854,-0.7442709286927575,0.6308960743385461,0.45671258509839263,0.788,0.628,0.472,True,999,0.00012058299034833908,0.0013459170004352927,weak_3x3_bal_strong_150_400,weak_null,True,1396,4285374274,3.885780586188048e-16,0,0
150,400,0.044172321590480124,0.050527397840057775,0.030266971065174175,0.045166538773742104,-0.006355076249577651,-0.014899567708567929,0.03058120134445882,-0.20780989530122443,-0.4872132896527842,0.8353774059496586,0.6261071884143978,0.878,0.82,0.629,True,999,0.00014645897317677736,0.0013792089885100722,weak_3x3_bal_strong_150_400,weak_null,True,1397,4285374274,3.885780586188048e-16,0,1
150,400,0.06929432070871067,0.03711112682477252,0.05529821246008737,0.03124534658186917,0.032183193883938144,0.0240528658782182,0.033229547026408554,0.9685113630457002,0.7238397158740274,0.33278904682718724,0.46916414352438696,0.483,0.325,0.463,True,999,0.00011741695925593376,0.0013758339919149876,weak_3x3_bal_strong_150_400,weak_null,True,1398,4285374274,3.885780586188048e-16,0,0
150,400,0.05350535038104631,0.04433668671609997,0.03958417979163187,0.03855362889257208,0.009168663664946342,0.00103055089905979,0.030794128743944417,0.2977406420939685,0.0334658242039871,0.7659011215002599,0.9733031188920968,0.863,0.778,0.975,True,999,0.00011999998241662979,0.001302666962146759,weak_3x3_bal_strong_150_400,weak_null,True,1399,4285374274,3.885780586188048e-16,0,0
150,400,0.03597048321678775,0.03287803103197301,0.022038937968176242,0.027633538174541172,0.0030924521848147424,-0.00559460020636493,0.02567750982101141,0.12043427132814291,-0.2178793911622605,0.9041391443739231,0.8275230848812506,0.941,0.903,0.826,True,999,0.00011429202277213335,0.0012872499646618962,weak_3x3_bal_strong_150_400,weak_null,True,1400,4285374274,3.885780586188048e-16,0,1
150,400,0.03671435142067914,0.057072234987925186,0.02277560356466779,0.05138645206949377,-0.02035788356724605,-0.02861084850482598,0.029024017408066167,-0.7014150825856491,-0.9857645860174629,0.48304401208249514,0.3242486477166159,0.674,0.479,0.306,True,999,0.00011045800056308508,0.0012943330220878124,weak_3x3_bal_strong_150_400,weak_null,True,1401,4285374274,3.885780586188048e-16,0,0
150,400,0.07175789834305424,0.04370762167953213,0.057674473006869675,0.03939146910835234,0.02805027666352211,0.018283003898517336,0.032850627180457566,0.8538733981982809,0.5565496146567841,0.39317514048205193,0.5778351869820217,0.551,0.373,0.553,True,999,0.00011166709009557962,0.0013330410001799464,weak_3x3_bal_strong_150_400,weak_null,True,1402,4285374274,3.885780586188048e-16,0,1
150,400,0.0644001371635663,0.046818816932835294,0.05037296283848036,0.04043253164411453,0.017581320230731,0.009940431194365829,0.03313692084048812,0.5305659000533746,0.2999805335630395,0.5957196310802624,0.7641920041891854,0.753,0.612,0.775,True,999,0.00011304207146167755,0.001379791065119207,weak_3x3_bal_strong_150_400,weak_null,True,1403,4285374274,3.885780586188048e-16,0,1
150,400,0.04047533495095723,0.06415291368369064,0.026556254504697563,0.05623332785953039,-0.023677578732733406,-0.029677073354832828,0.03092885221250756,-0.7655498681311634,-0.9595271480146129,0.4439441833855958,0.33729324999988786,0.639,0.448,0.333,True,999,0.00011745793744921684,0.0013725829776376486,weak_3x3_bal_strong_150_400,weak_null,True,1404,4285374274,3.885780586188048e-16,0,0
150,400,0.038239469340331844,0.08340138717311307,0.024330078542419642,0.07764007273578954,-0.04516191783278123,-0.0533099941933699,0.03220214062999966,-1.4024507982773102,-1.6554798268195274,0.16078067318672107,0.0978272051723302,0.357,0.152,0.08,True,999,0.0001152919139713049,0.0012717499630525708,weak_3x3_bal_strong_150_400,weak_null,True,1405,4285374274,3.885780586188048e-16,0,0
150,400,0.0650323710019447,0.04379014024682304,0.051095991697025056,0.03811809928288312,0.02124223075512166,0.012977892414141934,0.03262968955788425,0.651009281514569,0.397732635216142,0.5150404954580361,0.6908272783729442,0.658,0.517,0.706,True,999,0.00011108396574854851,0.0013094580499455333,weak_3x3_bal_strong_150_400,weak_null,True,1406,4285374274,3.885780586188048e-16,0,0
150,400,0.09554930578060339,0.06002383458556987,0.08151248393963328,0.054388920744031566,0.03552547119503352,0.02712356319560172,0.039540016072390556,0.8984688101793602,0.6859775460369926,0.36893566614821904,0.49272726790010224,0.527,0.386,0.488,True,999,0.00011083297431468964,0.0013156250352039933,weak_3x3_bal_strong_150_400,weak_null,True,1407,4285374274,3.885780586188048e-16,0,0
150,400,0.06513488408214707,0.07634414445165805,0.051079499091684966,0.06950707965458491,-0.011209260369510976,-0.018427580562899948,0.035495310029645746,-0.31579553355496776,-0.5191553629904683,0.7521577084775791,0.6036524036721698,0.824,0.745,0.609,True,999,0.00011345802340656519,0.0013893330469727516,weak_3x3_bal_strong_150_400,weak_null,True,1408,4285374274,3.885780586188048e-16,0,0
150,400,0.009938547736173753,0.026430352057821016,-0.0039039790786148387,0.02201514784013625,-0.016491804321647263,-0.02591912691875109,0.017398822058407277,-0.9478690147117325,-1.4897058451279879,0.34319614078135663,0.13630159704275202,0.69,0.315,0.127,True,999,0.00011158303823322058,0.001350124948658049,weak_3x3_bal_strong_150_400,weak_null,True,1409,4285374274,3.885780586188048e-16,0,1
150,400,0.05592283551874222,0.09484828585354199,0.04197255728035998,0.08823377170170943,-0.03892545033479977,-0.04626121442134945,0.03636349087293005,-1.070454167088147,-1.2721884866061506,0.28441492875211194,0.203306157375039,0.47,0.32,0.244,True,999,0.0001116669736802578,0.001355250016786158,weak_3x3_bal_strong_150_400,weak_null,True,1410,4285374274,3.885780586188048e-16,0,0
150,400,0.082792329986906,0.021026261251490763,0.06880246113448152,0.014101884755675087,0.061766068735415236,0.05470057637880643,0.03412691227434419,1.8098932666067629,1.6028574732771543,0.07031234053157877,0.10896612450801772,0.253,0.074,0.109,True,999,0.00011641590390354395,0.0013147080317139626,weak_3x3_bal_strong_150_400,weak_null,True,1411,4285374274,3.885780586188048e-16,0,0
150,400,0.14532511713118867,0.03435911870376823,0.13106085405414092,0.028871034767973924,0.11096599842742044,0.102189819286167,0.04139233667403558,2.6808343607483933,2.468810110695399,0.0073438856976575425,0.01355631337599981,0.034,0.01,0.021,True,999,0.00012191699352115393,0.0013339590514078736,weak_3x3_bal_strong_150_400,weak_null,True,1412,4285374274,3.885780586188048e-16,0,1
150,400,0.10064148318663069,0.0993308947416322,0.08663764313283195,0.09345177913769476,0.001310588444998484,-0.006814136004862803,0.04291338044414303,0.030540321723299655,-0.15878814333287558,0.9756361362821895,0.8738357905386919,0.983,0.977,0.882,True,999,0.0001215840457007289,0.0013478340115398169,weak_3x3_bal_strong_150_400,weak_null,True,1413,4285374274,3.885780586188048e-16,0,0
150,400,0.0592590355073539,0.03439457168252924,0.04532500021528563,0.02868494724268089,0.024864463824824656,0.016640052972604735,0.03078087218164204,0.8077894504774307,0.5405971888778707,0.41921179917395124,0.5887852559040017,0.625,0.427,0.603,True,999,0.00012270791921764612,0.0013617079239338636,weak_3x3_bal_strong_150_400,weak_null,True,1414,4285374274,3.885780586188048e-16,0,0
150,400,0.07889121246252961,0.027136144908484428,0.06494978630490778,0.019245940249618343,0.05175506755404519,0.04570384605528943,0.033927153057058054,1.5254762893604565,1.3471170415750935,0.1271403431350722,0.17794254043066826,0.295,0.113,0.164,True,999,0.0001301249722018838,0.0014371660072356462,weak_3x3_bal_strong_150_400,weak_null,True,1415,4285374274,3.885780586188048e-16,0,0
150,400,0.10220959211010006,0.04421801822271443,0.08821274358177789,0.03991782922923903,0.05799157388738563,0.048294914352538854,0.039265434260527435,1.4769115630457477,1.2299600211244457,0.1396993449648844,0.21871207614244104,0.251,0.138,0.209,True,999,0.00012049998622387648,0.0012949579395353794,weak_3x3_bal_strong_150_400,weak_null,True,1416,4285374274,3.885780586188048e-16,0,1
150,400,0.07729536887932631,0.06844037166557188,0.0633105239249403,0.06175103963977335,0.008854997213754434,0.0015594842851669455,0.03653935319392735,0.24234137826025035,0.04267958102296468,0.8085156539189706,0.9659569567190213,0.855,0.791,0.968,True,999,0.00011862500105053186,0.001293292036280036,weak_3x3_bal_strong_150_400,weak_null,True,1417,4285374274,3.885780586188048e-16,0,0
150,400,0.04583283236330038,0.034493431394711505,0.03190307804987924,0.02766139043046678,0.011339400968588875,0.00424168761941246,0.028102335628811946,0.4035038623965171,0.15093719167824846,0.6865775939257082,0.8800252618453231,0.821,0.716,0.891,True,999,0.00011191703379154205,0.0012887910706922412,weak_3x3_bal_strong_150_400,weak_null,True,1418,4285374274,3.885780586188048e-16,0,0
150,400,0.051431326832254376,0.07089332560283057,0.03750581928647989,0.06394325887060859,-0.019461998770576194,-0.026437439584128697,0.033671822923288894,-0.5779906485881235,-0.7851502321201451,0.563270432773474,0.4323654909511462,0.677,0.535,0.419,True,999,0.00011308398097753525,0.0013231670018285513,weak_3x3_bal_strong_150_400,weak_null,True,1419,4285374274,3.885780586188048e-16,0,0
150,400,0.0461943521417445,0.03747082509512334,0.03227642723393842,0.030527670638889504,0.00872352704662116,0.001748756595048917,0.028945436944377945,0.3013783161534041,0.060415622621602084,0.7631260273144675,0.9518246163328693,0.855,0.77,0.947,True,999,0.00011870800517499447,0.0013652080669999123,weak_3x3_bal_strong_150_400,weak_null,True,1420,4285374274,3.885780586188048e-16,0,0
150,400,0.048268804468148296,0.04294505376473862,0.03434271293488678,0.036134704597259315,0.00532375070340968,-0.0017919916623725385,0.03031482178630623,0.17561543791804565,-0.059112722977709024,0.8605960731456598,0.9528623248928717,0.918,0.869,0.947,True,999,0.0001217089593410492,0.0013854589778929949,weak_3x3_bal_strong_150_400,weak_null,True,1421,4285374274,3.885780586188048e-16,0,0
150,400,0.036864283326254244,0.05633092799623146,0.02291545939456796,0.05197306602300955,-0.019466644669977218,-0.02905760662844159,0.028976261145383302,-0.6718135432417159,-1.0028073146721777,0.5017024057383512,0.31595383890512185,0.683,0.518,0.318,True,999,0.00011904200073331594,0.0013417500304058194,weak_3x3_bal_strong_150_400,weak_null,True,1422,4285374274,3.885780586188048e-16,0,1
150,400,0.062033069048196054,0.07202219457787462,0.04803478503237102,0.0653327745700949,-0.009989125529678566,-0.01729798953772388,0.035076369510876906,-0.2847821957908448,-0.4931522212514014,0.7758110133678744,0.6219050345628989,0.865,0.777,0.623,True,999,0.00012025004252791405,0.0013520839856937528,weak_3x3_bal_strong_150_400,weak_null,True,1423,4285374274,3.885780586188048e-16,0,0
150,400,0.056576278376057276,0.040359803884377654,0.04265466402063112,0.0339698791264027,0.016216474491679622,0.008684784894228414,0.03225167677681193,0.5028102756920478,0.2692816548525172,0.6150976683875735,0.7877129482654269,0.739,0.602,0.78,True,999,0.00012287497520446777,0.0013535839971154928,weak_3x3_bal_strong_150_400,weak_null,True,1424,4285374274,3.885780586188048e-16,0,1
150,400,0.0901537296409447,0.026431146278406203,0.0761808321990145,0.02114025133275277,0.0637225833625385,0.055040580866261735,0.035524303216825724,1.7937743345338002,1.5493781969576346,0.07284919504253581,0.12129083186134652,0.206,0.071,0.13,True,999,0.00011816597543656826,0.0013925419189035892,weak_3x3_bal_strong_150_400,weak_null,True,1425,4285374274,3.885780586188048e-16,0,1
150,400,0.031102944819880074,0.05965935925672761,0.01722482956853355,0.05418310309306662,-0.028556414436847533,-0.03695827352453307,0.027656457848768145,-1.0325405586283158,-1.3363343102948826,0.3018189577346587,0.18144002679256765,0.578,0.31,0.189,True,999,0.00011754198931157589,0.0013834580313414335,weak_3x3_bal_strong_150_400,weak_null,True,1426,4285374274,3.885780586188048e-16,0,0
150,400,0.06985768288918992,0.06149251573550446,0.05592362519686844,0.055725601754971876,0.00836516715368546,0.0001980234418965665,0.03637770477172703,0.22995313217745714,0.00544353864926826,0.8181281888898455,0.9956567060057888,0.881,0.828,0.993,True,999,0.00014916597865521908,0.0013198750093579292,weak_3x3_bal_strong_150_400,weak_null,True,1427,4285374274,3.885780586188048e-16,0,0
150,400,0.054863067734565396,0.026361477841038483,0.04093641425524197,0.020498056440004575,0.028501589893526913,0.020438357815237396,0.029206979626621367,0.9758485902304149,0.6997764944037003,0.32913950156439187,0.48406689636769873,0.567,0.324,0.471,True,999,0.00011137500405311584,0.0013054999290034175,weak_3x3_bal_strong_150_400,weak_null,True,1428,4285374274,3.885780586188048e-16,0,0
150,400,0.054179046965792343,0.05511797315579536,0.040277125666278835,0.04966594009843561,-0.0009389261900030199,-0.009388814432156778,0.032386224795931375,-0.028991529451774065,-0.28990147790662774,0.9768713462744991,0.7718916109513738,0.983,0.971,0.767,True,999,0.00010941596701741219,0.001316417008638382,weak_3x3_bal_strong_150_400,weak_null,True,1429,4285374274,3.885780586188048e-16,0,0
150,400,0.029294925059581534,0.04834970164967045,0.015417146230163326,0.04057281211146346,-0.019054776590088918,-0.025155665881300138,0.026963325833450576,-0.7066923682852821,-0.9329585688606759,0.4797576732393669,0.3508413603347119,0.68,0.486,0.346,True,999,0.00011087500024586916,0.0013660830445587635,weak_3x3_bal_strong_150_400,weak_null,True,1430,4285374274,3.885780586188048e-16,0,0
150,400,0.11275690456061382,0.041297649483954646,0.09876317803949064,0.03699253678473724,0.07145925507665918,0.0617706412547534,0.04198471124459521,1.7020304048383397,1.4712651206504432,0.08874966874406143,0.14121943211378407,0.194,0.072,0.13,True,999,0.00010841700714081526,0.0013794169062748551,weak_3x3_bal_strong_150_400,weak_null,True,1431,4285374274,3.885780586188048e-16,0,1
150,400,0.051357119726681555,0.08191063537568177,0.03744126726871855,0.07604469352520482,-0.030553515649000218,-0.03860342625648627,0.03467287782727835,-0.8811935311860014,-1.1133608940333077,0.37821307994117426,0.2655534631890466,0.557,0.398,0.27,True,999,0.00011737493332475424,0.0014182089362293482,weak_3x3_bal_strong_150_400,weak_null,True,1432,4285374274,3.885780586188048e-16,0,0
150,400,0.14022681592317854,0.03565967417559851,0.12565448682556735,0.027762596897360936,0.10456714174758003,0.09789188992820641,0.04098401346030442,2.5514129271126618,2.388538399808521,0.010728712873760014,0.01691554050342832,0.089,0.017,0.026,True,999,0.00011695805005729198,0.001293166889809072,weak_3x3_bal_strong_150_400,weak_null,True,1433,4285374274,3.885780586188048e-16,0,0
150,400,0.06349242293136781,0.07378812139341173,0.049496356688877086,0.06698507641431206,-0.010295698462043923,-0.017488719725434976,0.03545754460132159,-0.29036693256137586,-0.4932298590349408,0.7715355384411163,0.6218501822608301,0.841,0.785,0.632,True,999,0.00011454196646809578,0.0013180420501157641,weak_3x3_bal_strong_150_400,weak_null,True,1434,4285374274,3.885780586188048e-16,0,0
150,400,0.09381169164032555,0.10215511368677732,0.07969110928883083,0.09545466163356764,-0.008343422046451776,-0.01576355234473681,0.041816814318519656,-0.19952313877618066,-0.37696683981389545,0.8418535450878113,0.7061982480970875,0.898,0.87,0.708,True,999,0.00011754198931157589,0.0013292080257087946,weak_3x3_bal_strong_150_400,weak_null,True,1435,4285374274,3.885780586188048e-16,0,0
150,400,0.08431581343497863,0.014545721859979932,0.0703610429594903,0.0066015198810305264,0.0697700915749987,0.06375952307845978,0.033347194123199704,2.0922327472961064,1.9119906413386114,0.036417700435718854,0.055877394444706026,0.156,0.034,0.061,True,999,0.00011916703078895807,0.0013585409615188837,weak_3x3_bal_strong_150_400,weak_null,True,1436,4285374274,3.885780586188048e-16,0,0
150,400,0.05799857619469995,0.09315373058185727,0.04405647126037593,0.08610005160193168,-0.03515515438715733,-0.04204358034155575,0.03738760077986377,-0.9402891240373789,-1.1245327184567457,0.34706927679803956,0.26078709841422565,0.532,0.344,0.267,True,999,0.00011779204942286015,0.0013904160587117076,weak_3x3_bal_strong_150_400,weak_null,True,1437,4285374274,3.885780586188048e-16,0,0
150,400,0.09080059873847168,0.0784138729243592,0.07681879933446112,0.07280071343257077,0.012386725814112487,0.004018085901890345,0.03930570043967426,0.3151381523685967,0.10222654365509239,0.7526567618302522,0.9185768593288012,0.806,0.745,0.912,True,999,0.00011658307630568743,0.001362707931548357,weak_3x3_bal_strong_150_400,weak_null,True,1438,4285374274,3.885780586188048e-16,0,0
150,400,0.057671552001210546,0.04922557681075296,0.043748987393172456,0.04503119529454125,0.008445975190457589,-0.0012822079013687926,0.03292168479715259,0.2565474775212016,-0.038947213949381214,0.7975281249645747,0.9689324738151914,0.85,0.791,0.968,True,999,0.00011595804244279861,0.0012923330068588257,weak_3x3_bal_strong_150_400,weak_null,True,1439,4285374274,3.885780586188048e-16,0,1
150,400,0.08644161655131666,0.05728848129492198,0.07241935106927144,0.04956978550535496,0.02915313525639468,0.022849565563916485,0.03760317612665437,0.7752838525714315,0.6076498827374308,0.4381719487759713,0.5434197092224542,0.57,0.42,0.541,True,999,0.00011254206765443087,0.0013259589904919267,weak_3x3_bal_strong_150_400,weak_null,True,1440,4285374274,3.885780586188048e-16,0,0
150,400,0.05581427092848701,0.07328004393380594,0.041846339716755665,0.06766675865330285,-0.01746577300531893,-0.025820418936547185,0.03348741675105368,-0.5215622672587719,-0.7710483949388168,0.6019751408219736,0.4406782468691057,0.7,0.591,0.424,True,999,0.00012233294546604156,0.0013472919818013906,weak_3x3_bal_strong_150_400,weak_null,True,1441,4285374274,3.885780586188048e-16,0,0
150,400,0.051620784413321186,0.07051136552839954,0.03768250287910746,0.06496413138881962,-0.018890581115078353,-0.027281628509712164,0.032383658276597775,-0.5833368470519507,-0.8424504815574644,0.5596665622807104,0.39953584632492256,0.684,0.526,0.392,True,999,0.0001224169973284006,0.0013636249350383878,weak_3x3_bal_strong_150_400,weak_null,True,1442,4285374274,3.885780586188048e-16,0,0
150,400,0.11586048457757281,0.03682524215907351,0.10173263269504673,0.03003297314461406,0.0790352424184993,0.07169965955043267,0.038332650062708674,2.0618256835675317,1.8704592412248735,0.0392243349103723,0.06142007195889695,0.134,0.048,0.07,True,999,0.00012025004252791405,0.0013652089983224869,weak_3x3_bal_strong_150_400,weak_null,True,1443,4285374274,3.885780586188048e-16,0,0
150,400,0.03604570953053665,0.03182421851571776,0.02215524823969872,0.027413202360548894,0.00422149101481889,-0.005257954120850172,0.026059772955433713,0.16199262449593477,-0.20176515466355352,0.8713116619581578,0.8401003238198761,0.922,0.875,0.816,True,999,0.00013391696847975254,0.0013036670861765742,weak_3x3_bal_strong_150_400,weak_null,True,1444,4285374274,3.885780586188048e-16,0,1
150,400,0.10578867084996446,0.056446399157271177,0.09176370133778278,0.05231156068390419,0.049342271692693285,0.03945214065387859,0.039942433526128494,1.2353346387975046,0.9877250125000726,0.2167059872669499,0.32328734119863634,0.37,0.231,0.357,True,999,0.00011179095599800348,0.0013247090391814709,weak_3x3_bal_strong_150_400,weak_null,True,1445,4285374274,3.885780586188048e-16,0,1
150,400,0.08810293960294091,0.0749319771761961,0.0740749780182739,0.06813237708419706,0.013170962426744814,0.005942600934076836,0.0390909516188137,0.3369312304079569,0.15201985850906682,0.736168741935834,0.8791712728633071,0.824,0.77,0.888,True,999,0.00011437502689659595,0.0013308749767020345,weak_3x3_bal_strong_150_400,weak_null,True,1446,4285374274,3.885780586188048e-16,0,0
150,400,0.044258089580428095,0.0654342204960931,0.030370211797361435,0.06008126106235068,-0.021176130915665003,-0.029711049264989242,0.032838035431955605,-0.644865950021417,-0.9047754798411781,0.519014059126435,0.3655843443286918,0.698,0.522,0.362,True,999,0.00012079207226634026,0.0013490000274032354,weak_3x3_bal_strong_150_400,weak_null,True,1447,4285374274,3.885780586188048e-16,0,1
150,400,0.06554049194699552,0.06455983628826445,0.051546939850965146,0.06183984820748378,0.0009806556587310666,-0.010292908356518637,0.03509501912001481,0.027942872901066333,-0.29328687131697717,0.9777077141503754,0.7693028878311562,0.989,0.987,0.765,True,999,0.00011850008741021156,0.0013706670142710209,weak_3x3_bal_strong_150_400,weak_null,True,1448,4285374274,3.885780586188048e-16,0,2
150,400,0.0782822416895923,0.08623309428526937,0.06434200798432244,0.08201877677802827,-0.007950852595677071,-0.017676768793705833,0.038703193932963786,-0.2054314331124304,-0.4567263576314409,0.8372350638705105,0.647867743332879,0.883,0.839,0.637,True,999,0.00013616704382002354,0.001408125041052699,weak_3x3_bal_strong_150_400,weak_null,True,1449,4285374274,3.885780586188048e-16,0,1
150,400,0.05883692270710128,0.042159925015095134,0.044843551885406896,0.03647212748026618,0.016676997692006146,0.008371424405140715,0.03049589888547235,0.5468603419311159,0.2745098426703106,0.5844746832921159,0.7836928406832048,0.74,0.586,0.782,True,999,0.00011124997399747372,0.0012671250151470304,weak_3x3_bal_strong_150_400,weak_null,True,1450,4285374274,3.885780586188048e-16,0,0
150,400,0.06999233343301547,0.04371098125018069,0.055918050942864284,0.0380364081176765,0.026281352182834783,0.017881642825187782,0.032448301399798186,0.8099453915636472,0.5510810136058154,0.41797156196957597,0.581578140149243,0.568,0.396,0.549,True,999,0.00011087500024586916,0.0013048750115558505,weak_3x3_bal_strong_150_400,weak_null,True,1451,4285374274,3.885780586188048e-16,0,0
150,400,0.05031783467755013,0.04385688784070524,0.03641290544487674,0.03588896377172546,0.006460946836844894,0.0005239416731512847,0.03156370805118884,0.20469543142291052,0.016599496874751714,0.8378100900299136,0.9867561259394526,0.898,0.845,0.986,True,999,0.0001080839429050684,0.0013098340714350343,weak_3x3_bal_strong_150_400,weak_null,True,1452,4285374274,3.885780586188048e-16,0,0
150,400,0.061748620731135295,0.06553262967284057,0.04782019991864672,0.05877759687240314,-0.0037840089417052747,-0.010957396953756415,0.03503179040202547,-0.10801643017042288,-0.31278438321333646,0.9139826590742123,0.754444480891054,0.937,0.915,0.758,True,999,0.00011475000064820051,0.001326250028796494,weak_3x3_bal_strong_150_400,weak_null,True,1453,4285374274,3.885780586188048e-16,0,0
150,400,0.03643950930139184,0.04859247300136249,0.022555809123247172,0.041749496332528224,-0.012152963699970654,-0.019193687209281052,0.028286034319368467,-0.42964537067145825,-0.6785570219059814,0.6674536278750458,0.4974185822571525,0.786,0.656,0.483,True,999,0.00011954200454056263,0.001356624998152256,weak_3x3_bal_strong_150_400,weak_null,True,1454,4285374274,3.885780586188048e-16,0,0
150,400,0.037916835989857844,0.04440111754761855,0.0240115899380271,0.03911636158656506,-0.006484281557760707,-0.015104771648537962,0.02800656500999339,-0.23152719926370713,-0.5393296765650565,0.8169052574352841,0.5896593952478457,0.901,0.836,0.58,True,999,0.0001157920341938734,0.0013589590089395642,weak_3x3_bal_strong_150_400,weak_null,True,1455,4285374274,3.885780586188048e-16,0,1
150,400,0.019577681304812966,0.07281641823836993,0.0057105464585731625,0.0660772781153014,-0.05323873693355696,-0.060366731656728234,0.0269385269560936,-1.9763046814077616,-2.240906926912462,0.04812027972233864,0.02503210446846561,0.249,0.031,0.021,True,999,0.00011679099407047033,0.0012837089598178864,weak_3x3_bal_strong_150_400,weak_null,True,1456,4285374274,3.885780586188048e-16,0,0
150,400,0.12605851831792347,0.07688771584668141,0.11194991033318047,0.07123414125058503,0.04917080247124206,0.04071576908259544,0.04239875944898302,1.1597226690183615,0.9603056695936432,0.2461617375714109,0.3369013974585189,0.363,0.241,0.328,True,999,0.00011266698129475117,0.0013020000187680125,weak_3x3_bal_strong_150_400,weak_null,True,1457,4285374274,3.885780586188048e-16,0,0
150,400,0.04222637947342234,0.042938794622443655,0.028309625231599966,0.03726466410711282,-0.0007124151490213171,-0.008955038875512855,0.028430119209203665,-0.02505846506583368,-0.3149842183079502,0.9800083298455952,0.7527736363880801,0.99,0.977,0.753,True,999,0.0001116250641644001,0.0013229999458417296,weak_3x3_bal_strong_150_400,weak_null,True,1458,4285374274,3.885780586188048e-16,0,0
150,400,0.05978148150456031,0.061879726828880655,0.045866149996413696,0.05415926386007186,-0.002098245324320347,-0.008293113863658164,0.035135943966839375,-0.059717915257965756,-0.23602934566053055,0.9523803028870602,0.8134098988541296,0.963,0.94,0.8,True,999,0.00011870893649756908,0.0013596669305115938,weak_3x3_bal_strong_150_400,weak_null,True,1459,4285374274,3.885780586188048e-16,0,0
150,400,0.057600568793019225,0.0510750864282713,0.04363090318230434,0.046869645537029214,0.006525482364747925,-0.0032387423547248773,0.032347769692759626,0.2017289731788995,-0.10012258605420336,0.8401286109015575,0.9202470043496951,0.903,0.832,0.919,True,999,0.00011808297131210566,0.0013707919279113412,weak_3x3_bal_strong_150_400,weak_null,True,1460,4285374274,3.885780586188048e-16,0,1
150,400,0.07797425828673865,0.0693511519266179,0.06395247032972406,0.06363298220912839,0.008623106360120758,0.000319488120595679,0.03763761317586602,0.22910874607877801,0.008488532976382813,0.8187843958623742,0.9932272119301334,0.875,0.845,0.996,True,999,0.00016041705384850502,0.0013052079593762755,weak_3x3_bal_strong_150_400,weak_null,True,1461,4285374274,3.885780586188048e-16,0,0
150,400,0.03556107335006353,0.045420330375095797,0.02166538992727851,0.040186611626324975,-0.009859257025032264,-0.018521221699046464,0.028125076276216826,-0.3505504101821571,-0.6585305411138889,0.7259256652395141,0.5101972787634816,0.85,0.746,0.5,True,999,0.00010979198850691319,0.0013179999077692628,weak_3x3_bal_strong_150_400,weak_null,True,1462,4285374274,3.885780586188048e-16,0,1
150,400,0.03694129548805325,0.058349172932451565,0.023025534156232652,0.0516717286240862,-0.021407877444398316,-0.028646194467853547,0.02907350626881839,-0.7363362797200167,-0.9853023643927276,0.46152607255195655,0.3244755716837895,0.627,0.458,0.306,True,999,0.0001088329590857029,0.0013114999746903777,weak_3x3_bal_strong_150_400,weak_null,True,1463,4285374274,3.885780586188048e-16,0,0
150,400,0.04588908263380165,0.05994755971892485,0.0319839430203217,0.055807909166645686,-0.0140584770851232,-0.023823966146323983,0.031200704571602414,-0.45058203903249805,-0.7635714152432176,0.6522908140268738,0.44512268906403385,0.751,0.629,0.435,True,999,0.00010783306788653135,0.00133033306337893,weak_3x3_bal_strong_150_400,weak_null,True,1464,4285374274,3.885780586188048e-16,0,1
150,400,0.06798910573457428,0.0740485192286166,0.05399369294451617,0.06875131269600843,-0.0060594134940423205,-0.014757619751492257,0.03657666585583265,-0.16566336357517028,-0.40347088522665203,0.8684218792235606,0.6866018489338331,0.905,0.865,0.681,True,999,0.00010966695845127106,0.0013781250454485416,weak_3x3_bal_strong_150_400,weak_null,True,1465,4285374274,3.885780586188048e-16,0,1
150,400,0.06687728672893511,0.0780565245304351,0.05290150452162834,0.07239273941226543,-0.011179237801499986,-0.019491234890637088,0.036952566448355095,-0.3025294012291159,-0.527466337632544,0.7622485238956788,0.5978697868252372,0.834,0.76,0.592,True,999,0.00011983292642980814,0.001393625047057867,weak_3x3_bal_strong_150_400,weak_null,True,1466,4285374274,3.885780586188048e-16,0,0
150,400,0.042593554591997096,0.08666822723927231,0.028656808708291237,0.08097398742918926,-0.044074672647275215,-0.05231717872089803,0.03340248001161723,-1.319503001931181,-1.566266298271935,0.18700100719644697,0.1172862873868864,0.403,0.172,0.109,True,999,0.00010862504132091999,0.0013582919491454959,weak_3x3_bal_strong_150_400,weak_null,True,1467,4285374274,3.885780586188048e-16,0,0
150,400,0.10841613202513312,0.06489560040581488,0.09431599456178219,0.05813835655362709,0.04352053161931824,0.0361776380081551,0.04103070603628774,1.0606820068079863,0.8817210694877987,0.28883443980086554,0.37792766426477065,0.419,0.284,0.368,True,999,0.00012025004252791405,0.0013173329643905163,weak_3x3_bal_strong_150_400,weak_null,True,1468,4285374274,3.885780586188048e-16,0,0
150,400,0.05505750654737507,0.04860494423424083,0.041140819710506094,0.04304108252793526,0.006452562313134236,-0.0019002628174291658,0.03151866044060241,0.20472197177586995,-0.06029008818475175,0.8377893529758994,0.9519245960694507,0.897,0.833,0.959,True,999,0.00011312495917081833,0.0012828330509364605,weak_3x3_bal_strong_150_400,weak_null,True,1469,4285374274,3.885780586188048e-16,0,0
150,400,0.03013584906407396,0.037322880914938183,0.01625771949724708,0.029560235119731715,-0.007187031850864223,-0.013302515622484634,0.0253986752923714,-0.2829687677854159,-0.5237484029917143,0.7772007786297159,0.6004535449761003,0.884,0.782,0.572,True,999,0.00012116692960262299,0.001338625093922019,weak_3x3_bal_strong_150_400,weak_null,True,1470,4285374274,3.885780586188048e-16,0,0
150,400,0.06778775466115494,0.05747929665333901,0.05385904685320497,0.053254222271704066,0.010308458007815935,0.0006048245815009068,0.0351276475045947,0.29345711256262147,0.017217907388241575,0.7691727763530949,0.9862627762767745,0.842,0.777,0.995,True,999,0.00012966699432581663,0.0013620840618386865,weak_3x3_bal_strong_150_400,weak_null,True,1471,4285374274,3.885780586188048e-16,0,1
150,400,0.06677071719793437,0.05594081510628529,0.0528111406279379,0.04802853619571579,0.01082990209164908,0.004782604432222115,0.03555754728021861,0.3045739349315012,0.13450321515519087,0.7606906742676911,0.893004668866422,0.833,0.769,0.903,True,999,0.00011941709090024233,0.0013788749929517508,weak_3x3_bal_strong_150_400,weak_null,True,1472,4285374274,3.885780586188048e-16,0,0
150,400,0.038832953866938524,0.05403513734471205,0.024939001788510495,0.0496050306909126,-0.015202183477773523,-0.024666028902402104,0.028963728399809853,-0.524869701439174,-0.8516178774333499,0.5996737732335291,0.3944262138938984,0.751,0.605,0.383,True,999,0.00011537503451108932,0.0012833329383283854,weak_3x3_bal_strong_150_400,weak_null,True,1473,4285374274,3.885780586188048e-16,0,1
150,400,0.03842951211095236,0.045014334495449504,0.024520387247491726,0.040607066405385694,-0.0065848223844971465,-0.01608667915789397,0.027819299030449093,-0.23669979524968807,-0.5782560926602283,0.8128896938146606,0.5630912333117337,0.887,0.82,0.555,True,999,0.00011262507177889347,0.0013165000127628446,weak_3x3_bal_strong_150_400,weak_null,True,1474,4285374274,3.885780586188048e-16,0,1
150,400,0.03961017881624329,0.0570786892659757,0.02572016746435679,0.05127829809575246,-0.01746851044973241,-0.02555813063139567,0.029598309049146992,-0.590186095453174,-0.8634996880719523,0.5550658930521379,0.38786279085912234,0.698,0.535,0.374,True,999,0.00011362496297806501,0.001270415959879756,weak_3x3_bal_strong_150_400,weak_null,True,1475,4285374274,3.885780586188048e-16,0,0
150,400,0.030204285645079043,0.094143350310121,0.01633353122630865,0.08729898458145158,-0.06393906466504196,-0.07096545335514293,0.032121514317923795,-1.9905370597476464,-2.209281064795386,0.046531805783487826,0.027155097400947858,0.234,0.059,0.036,True,999,0.000112291076220572,0.0013316249242052436,weak_3x3_bal_strong_150_400,weak_null,True,1476,4285374274,3.885780586188048e-16,0,0
150,400,0.04156899155572247,0.03223837469218471,0.02768647081776976,0.027753169138918565,0.009330616863537755,-6.669832114880592e-05,0.027635405963240857,0.3376327047972027,-0.002413509728698195,0.7356399931380482,0.9980742997196678,0.82,0.715,0.999,True,999,0.00011495803482830524,0.001347583020105958,weak_3x3_bal_strong_150_400,weak_null,True,1477,4285374274,3.885780586188048e-16,0,1
150,400,0.03914477704546604,0.05311880849636558,0.025258992624912935,0.048966601341817295,-0.013974031450899538,-0.02370760871690436,0.028931682718779297,-0.4830009919135854,-0.8194341458582346,0.6290950319244708,0.4125387600121533,0.788,0.625,0.412,True,999,0.00011087500024586916,0.0013691670028492808,weak_3x3_bal_strong_150_400,weak_null,True,1478,4285374274,3.885780586188048e-16,0,1
150,400,0.07920622384105092,0.04765816105894488,0.06519362325320799,0.04079985762444949,0.031548062782106034,0.0243937656287585,0.03665148546592542,0.8607580942779524,0.6655600808168384,0.3893712895056498,0.5056923290818727,0.543,0.406,0.517,True,999,0.00011179200373589993,0.0013684580335393548,weak_3x3_bal_strong_150_400,weak_null,True,1479,4285374274,3.885780586188048e-16,0,0
150,400,0.02912032799430264,0.037753291915202436,0.01524573488831038,0.0309261791690858,-0.008632963920899794,-0.01568044428077542,0.024994486254846866,-0.34539473357751904,-0.6273561345048534,0.7297976358514713,0.5304258147949061,0.871,0.745,0.545,True,999,0.00011058303061872721,0.00135087501257658,weak_3x3_bal_strong_150_400,weak_null,True,1480,4285374274,3.885780586188048e-16,0,0
150,400,0.08613662494819119,0.07035407878536121,0.07212244209216578,0.06371289420698645,0.01578254616282998,0.008409547885179336,0.03771618623075412,0.4184555157902139,0.22296920037800944,0.6756141041372379,0.8235594776287216,0.773,0.668,0.816,True,999,0.00011237501166760921,0.0013495000312104821,weak_3x3_bal_strong_150_400,weak_null,True,1481,4285374274,3.885780586188048e-16,0,0
150,400,0.06907419543594151,0.025408561922174777,0.05498393861546447,0.019364229143960188,0.04366563351376673,0.03561970947150428,0.03212309937854969,1.3593219321459564,1.1088503338905544,0.17404459713349174,0.2674947525075043,0.436,0.182,0.28,True,999,0.0001142079709097743,0.001367917051538825,weak_3x3_bal_strong_150_400,weak_null,True,1482,4285374274,3.885780586188048e-16,0,0
150,400,0.09722106309515643,0.08554217979001277,0.08315430844578486,0.08028332695931795,0.011678883305143661,0.002870981486466917,0.04218033330381864,0.27687982503652614,0.06806445709633602,0.7818723844903275,0.9457343238436831,0.83,0.784,0.954,True,999,0.00012291606981307268,0.001440082909539342,weak_3x3_bal_strong_150_400,weak_null,True,1483,4285374274,3.885780586188048e-16,0,1
150,400,0.052564238415866216,0.06517662311714284,0.038544596869996894,0.058125725276156004,-0.012612384701276624,-0.01958112840615911,0.03433728646853711,-0.36730871884221894,-0.5702584688542902,0.7133887512475134,0.5685024048622601,0.833,0.736,0.57,True,999,0.00011208397336304188,0.0012807499151676893,weak_3x3_bal_strong_150_400,weak_null,True,1484,4285374274,3.885780586188048e-16,0,0
150,400,0.045702074402175885,0.0772119135997914,0.031755536008205354,0.07280814139637926,-0.03150983919761552,-0.0410526053881739,0.03337864064338468,-0.9440120565203562,-1.229906449060565,0.3451634872670062,0.2187321389654716,0.555,0.341,0.212,True,999,0.00010883400682359934,0.0013182091061025858,weak_3x3_bal_strong_150_400,weak_null,True,1485,4285374274,3.885780586188048e-16,0,1
150,400,0.06928370760354086,0.036236344053607705,0.055261093799401806,0.0284778499261904,0.03304736354993315,0.026783243873211404,0.032006376076393596,1.0325243779881514,0.8368096347204228,0.30182653356130984,0.4026995808501862,0.482,0.283,0.379,True,999,0.00011408294085413218,0.0013274159282445908,weak_3x3_bal_strong_150_400,weak_null,True,1486,4285374274,3.885780586188048e-16,0,0
150,400,0.05895225897356138,0.06728466963036595,0.04503131411524919,0.060345268193799484,-0.008332410656804567,-0.015313954078550296,0.03476573609656008,-0.239673068726683,-0.4404898557596066,0.8105837145304452,0.6595823578516755,0.867,0.823,0.675,True,999,0.00011575000826269388,0.0013717080000787973,weak_3x3_bal_strong_150_400,weak_null,True,1487,4285374274,3.885780586188048e-16,0,0
150,400,0.08386616326555663,0.04929148268677097,0.06977467861474906,0.04399264038448791,0.034574680578785655,0.02578203823026115,0.0355233808916733,0.9732936367802193,0.7257765894772835,0.33040738409525294,0.46797574066284775,0.56,0.35,0.484,True,999,0.00011858402285724878,0.0013867500238120556,weak_3x3_bal_strong_150_400,weak_null,True,1488,4285374274,3.885780586188048e-16,0,1
150,400,0.11064918027866621,0.10707982448659381,0.09658497709830272,0.10283651318147236,0.003569355792072404,-0.00625153608316964,0.044520565144272495,0.08017319143424208,-0.1404190639294679,0.9360995116464229,0.8883288962407315,0.949,0.937,0.881,True,999,0.00011491705663502216,0.001355583081021905,weak_3x3_bal_strong_150_400,weak_null,True,1489,4285374274,3.885780586188048e-16,0,1
150,400,0.06524525911264245,0.0653518420084005,0.051229522960738905,0.05864282879301186,-0.00010658289575804503,-0.007413305832272954,0.035125529824137774,-0.003034342721424311,-0.21105178681685346,0.9975789485055903,0.8328468613138634,1.0,1.0,0.837,True,999,0.000112209003418684,0.001311750034801662,weak_3x3_bal_strong_150_400,weak_null,True,1490,4285374274,3.885780586188048e-16,0,0
150,400,0.06058294922872243,0.05898724012150258,0.04662341468716136,0.052185379036359336,0.0015957091072198448,-0.005561964349197979,0.0333540722186636,0.047841507830247786,-0.16675518097864303,0.9618425559474124,0.8675626852004837,0.968,0.948,0.88,True,999,0.00011595804244279861,0.0012832910288125277,weak_3x3_bal_strong_150_400,weak_null,True,1491,4285374274,3.885780586188048e-16,0,0
150,400,0.06819935192557147,0.059787449047824515,0.0542025186553019,0.054522340366503386,0.008411902877746957,-0.0003198217112014845,0.03482318352584726,0.2415604211344802,-0.009184160631497091,0.8091207932654384,0.9926722030434944,0.888,0.832,0.991,True,999,0.00011254206765443087,0.0012992079136893153,weak_3x3_bal_strong_150_400,weak_null,True,1492,4285374274,3.885780586188048e-16,0,1
150,400,0.05184660758196369,0.06307991421206793,0.03792510092318935,0.056490903104048584,-0.011233306630104245,-0.018565802180859237,0.03271043288862685,-0.3434166300504685,-0.5675804488455551,0.7312850504408913,0.5703198858844952,0.818,0.745,0.56,True,999,0.00011266604997217655,0.0013140420196577907,weak_3x3_bal_strong_150_400,weak_null,True,1493,4285374274,3.885780586188048e-16,0,0
150,400,0.06722357111625388,0.07343179780300801,0.053261684609111626,0.06652554576481862,-0.006208226686754137,-0.01326386115570699,0.03538685271869494,-0.17543879180513614,-0.37482455026862754,0.8607348617760576,0.7077909546991361,0.918,0.881,0.742,True,999,0.00011212506797164679,0.0013729160418733954,weak_3x3_bal_strong_150_400,weak_null,True,1494,4285374274,3.885780586188048e-16,0,0
150,400,0.08505801756901965,0.05419392492795111,0.07109199012356271,0.04840908459533466,0.03086409264106854,0.022682905528228048,0.0372520267798822,0.8285211653970077,0.6089039305769492,0.40737541346392236,0.5425881187670842,0.51,0.403,0.529,True,999,0.00011979206465184689,0.001334208995103836,weak_3x3_bal_strong_150_400,weak_null,True,1495,4285374274,3.885780586188048e-16,0,0
150,400,0.06446824860681266,0.04953345174856205,0.05053381516691502,0.042864811169863515,0.01493479685825061,0.0076690039970515045,0.03328099943572858,0.4487484484079966,0.2304319018983096,0.6536131307007453,0.8177561739282199,0.78,0.672,0.834,True,999,0.00011341599747538567,0.0013137080240994692,weak_3x3_bal_strong_150_400,weak_null,True,1496,4285374274,3.885780586188048e-16,0,0
150,400,0.04650597841603221,0.047359849675725874,0.03257772025278882,0.04036084607670887,-0.0008538712596936615,-0.007783125823920045,0.03076708465135532,-0.02775275166202813,-0.25296923358571094,0.9778593501431503,0.8002919881277804,0.989,0.984,0.825,True,999,0.00011104193981736898,0.0013038750039413571,weak_3x3_bal_strong_150_400,weak_null,True,1497,4285374274,3.885780586188048e-16,0,0
150,400,0.06558342516218674,0.042606706788283044,0.051584653186097285,0.03598465258485817,0.022976718373903693,0.015600000601239117,0.03266358915448076,0.703435200131758,0.4775960329239912,0.48178457643417094,0.6329377549786328,0.648,0.493,0.625,True,999,0.00011766701936721802,0.0012706250417977571,weak_3x3_bal_strong_150_400,weak_null,True,1498,4285374274,3.885780586188048e-16,0,0
150,400,0.0489770105001639,0.06948672939570161,0.03508740588688397,0.06278906967327202,-0.02050971889553771,-0.027701663786388053,0.0337316034486179,-0.6080267997570706,-0.8212376808171888,0.5431696994579185,0.4115108972042315,0.702,0.545,0.417,True,999,0.00011549994815140963,0.0013412500265985727,weak_3x3_bal_strong_150_400,weak_null,True,1499,4285374274,3.885780586188048e-16,0,0
150,400,0.03277207357503187,0.06062779359229198,0.018870065387062596,0.054063561114247705,-0.02785572001726011,-0.03519349572718511,0.028862220208899697,-0.9651274162432857,-1.2193620404965644,0.3344809964236487,0.22270681073569365,0.569,0.336,0.219,True,999,0.00012345798313617706,0.0013813329860568047,weak_3x3_bal_strong_150_400,weak_null,True,1500,4285374274,3.885780586188048e-16,0,0
150,400,0.07019550365487648,0.050077718533844684,0.05619509898815522,0.04314736942714603,0.020117785121031795,0.013047729561009191,0.033497684488575465,0.6005724105465575,0.38951138743512786,0.548124818468731,0.6968978885250691,0.669,0.547,0.691,True,999,0.00011945900041610003,0.0012894169194623828,weak_3x3_bal_strong_150_400,weak_null,True,1501,4285374274,3.885780586188048e-16,0,0
150,400,0.042628852294285924,0.0474299912781575,0.02871241517138401,0.0416802085697725,-0.004801138983871578,-0.012967793398388494,0.029191842836563436,-0.16446851302782584,-0.4442266105292278,0.8693623321530106,0.6568787549208892,0.928,0.874,0.676,True,999,0.00011054205242544413,0.0013135409681126475,weak_3x3_bal_strong_150_400,weak_null,True,1502,4285374274,3.885780586188048e-16,0,0
150,400,0.07379698636667542,0.06310379773864855,0.059736533788850465,0.05641591114275002,0.010693188628026873,0.0033206226461004462,0.03468012149037095,0.3083376922712301,0.09575002922127673,0.7578253879526333,0.9237191058274007,0.816,0.752,0.916,True,999,0.00011349993292242289,0.001324458047747612,weak_3x3_bal_strong_150_400,weak_null,True,1503,4285374274,3.885780586188048e-16,0,0
150,400,0.06249198634726261,0.07618404190000572,0.04857408612747349,0.0718987036059957,-0.01369205555274311,-0.023324617478522214,0.035702980521377624,-0.38349895030597836,-0.6532960872708176,0.7013498484066394,0.5135654144074693,0.803,0.715,0.503,True,999,0.00011891708709299564,0.0013357090065255761,weak_3x3_bal_strong_150_400,weak_null,True,1504,4285374274,3.885780586188048e-16,0,1
150,400,0.051361410754853676,0.09626379491303616,0.037450406320800766,0.09188413697563647,-0.044902384158182485,-0.0544337306548357,0.03499834137494089,-1.2829860614575572,-1.5553231529369191,0.19949695942449075,0.11986912588848042,0.418,0.231,0.149,True,999,0.00011279108002781868,0.0013288750778883696,weak_3x3_bal_strong_150_400,weak_null,True,1505,4285374274,3.885780586188048e-16,0,1
150,400,0.06971060102998994,0.04590655074011046,0.055684733693624366,0.039953808854676254,0.023804050289879475,0.015730924838948113,0.03466425578981894,0.6867030532607263,0.45380823792467984,0.49226987252902,0.649966853831049,0.638,0.478,0.639,True,999,0.00011270795948803425,0.001363457995466888,weak_3x3_bal_strong_150_400,weak_null,True,1506,4285374274,3.885780586188048e-16,0,0
150,400,0.08735814874987291,0.056669407424804585,0.0733248859266098,0.049913074268346236,0.030688741325068325,0.02341181165826356,0.037097980273822384,0.8272348278411092,0.6310804924003839,0.40810397492779216,0.5279878955301173,0.576,0.43,0.542,True,999,0.00011175009422004223,0.0013355410192161798,weak_3x3_bal_strong_150_400,weak_null,True,1507,4285374274,3.885780586188048e-16,0,0
150,400,0.0925476735173929,0.03696561271710902,0.0780567956420839,0.03026207493925881,0.05558206080028388,0.04779472070282509,0.03308453020528945,1.6800015129547645,1.4446244334212675,0.0929570213604684,0.1485634059261879,0.269,0.108,0.173,True,999,0.0001112079480662942,0.0013687909813597798,weak_3x3_bal_strong_150_400,weak_null,True,1508,4285374274,3.885780586188048e-16,0,0
150,400,0.07039380032850806,0.06212205779000962,0.05637407523136062,0.05641499189721344,0.008271742538498439,-4.091666585281928e-05,0.03489593950680763,0.23704025899301998,-0.0011725337225793019,0.8126255579585734,0.9990644536601037,0.866,0.82,1.0,True,999,0.00010974996257573366,0.0013452080311253667,weak_3x3_bal_strong_150_400,weak_null,True,1509,4285374274,3.885780586188048e-16,0,0
150,400,0.08456957039271717,0.13136116292366795,0.07054336584468501,0.12441881310510894,-0.046791592530950776,-0.053875447260423925,0.04204950121073252,-1.1127740207060508,-1.281238676064795,0.26580549569426637,0.20010984518338704,0.395,0.265,0.212,True,999,0.00011325010564178228,0.0013851249823346734,weak_3x3_bal_strong_150_400,weak_null,True,1510,4285374274,3.885780586188048e-16,0,0
150,400,0.06504267263469976,0.056325510314262583,0.051051536084827376,0.051989471325924796,0.008717162320437177,-0.0009379352410974207,0.03338484885963371,0.2611113309839564,-0.02809463793114537,0.7940066538532125,0.9775866706980686,0.867,0.794,0.979,True,999,0.00011325010564178228,0.0013760830042883754,weak_3x3_bal_strong_150_400,weak_null,True,1511,4285374274,3.885780586188048e-16,0,1
150,400,0.05842044827347226,0.04529069928563312,0.044484864584745765,0.041069121308140666,0.01312974898783914,0.003415743276605099,0.03244323169376939,0.40469917151812784,0.10528369395645257,0.685698651241722,0.9161507013977161,0.808,0.7,0.921,True,999,0.0001154579222202301,0.0013459159526973963,weak_3x3_bal_strong_150_400,weak_null,True,1512,4285374274,3.885780586188048e-16,0,1
150,400,0.0715368115832582,0.09583877144688036,0.05756031722140165,0.09007339688707816,-0.024301959863622158,-0.032513079665676514,0.038237606166594065,-0.6355512883767641,-0.8502906673608995,0.5250689276046957,0.3951635039428869,0.636,0.511,0.387,True,999,0.00011204101610928774,0.0012947500217705965,weak_3x3_bal_strong_150_400,weak_null,True,1513,4285374274,3.885780586188048e-16,0,0
150,400,0.05760791728516357,0.03381409679833741,0.04368362800801151,0.028508022383562093,0.023793820486826156,0.015175605624449418,0.03084019171813112,0.7715198629208793,0.4920723503650464,0.4403988536343513,0.622668197794075,0.633,0.443,0.633,True,999,0.00011283392086625099,0.0013128750724717975,weak_3x3_bal_strong_150_400,weak_null,True,1514,4285374274,3.885780586188048e-16,0,1
150,400,0.10470230596450225,0.06271155855429916,0.0906525599943393,0.05838785341433095,0.04199074741020309,0.03226470658000835,0.03984730131919116,1.0537914995508015,0.8097087007613512,0.2919783861462615,0.41810761617585446,0.442,0.31,0.423,True,999,0.00011737493332475424,0.0013174159685149789,weak_3x3_bal_strong_150_400,weak_null,True,1515,4285374274,3.885780586188048e-16,0,1
150,400,0.05092171992539618,0.08382556216246051,0.036933378126178695,0.07603229595369498,-0.03290384223706433,-0.03909891782751629,0.03394904642264643,-0.9692125613023147,-1.1516941401168348,0.3324391450207862,0.2494467810965646,0.533,0.339,0.265,True,999,0.00011608400382101536,0.001371124992147088,weak_3x3_bal_strong_150_400,weak_null,True,1516,4285374274,3.885780586188048e-16,0,0
150,400,0.07785257402603407,0.05683433508605151,0.06386408988319658,0.05097571067398121,0.02101823893998256,0.012888379209215373,0.037797745556027135,0.5560712320481517,0.34098274962222513,0.5781621603898577,0.7331165681700353,0.67,0.559,0.715,True,999,0.00011662498582154512,0.0014003340620547533,weak_3x3_bal_strong_150_400,weak_null,True,1517,4285374274,3.885780586188048e-16,0,0
150,400,0.12772232363681169,0.029216357873314447,0.11348051928021619,0.021237913097735373,0.09850596576349724,0.09224260618248081,0.03987183652988079,2.4705650488327717,2.313477737935454,0.013489978233017173,0.02069638735654393,0.069,0.017,0.033,True,999,0.00012512493412941694,0.001293333014473319,weak_3x3_bal_strong_150_400,weak_null,True,1518,4285374274,3.885780586188048e-16,0,0
150,400,0.05094087850048923,0.047123168084023725,0.03701333674493412,0.04299593462113194,0.003817710416465503,-0.005982597876197815,0.03159590500029866,0.1208292788710884,-0.1893472548465146,0.9038262588175308,0.8498206611114362,0.94,0.904,0.85,True,999,0.00011179200373589993,0.0013101659715175629,weak_3x3_bal_strong_150_400,weak_null,True,1519,4285374274,3.885780586188048e-16,0,1
150,400,0.06534515840472088,0.03479495502442759,0.0514166045894342,0.027814619996235024,0.030550203380293295,0.023601984593199177,0.03267082033032053,0.9350914079112004,0.7224178748672277,0.3497411941301014,0.47003760041367926,0.56,0.334,0.456,True,999,0.00011224998161196709,0.0013220419641584158,weak_3x3_bal_strong_150_400,weak_null,True,1520,4285374274,3.885780586188048e-16,0,0
150,400,0.07117713555335392,0.07538960294839914,0.05717992978878783,0.06960477307958968,-0.004212467395045216,-0.012424843290801846,0.03667238017953223,-0.11486757539114682,-0.33880656859399766,0.9085500860253112,0.7347554526280076,0.942,0.913,0.73,True,999,0.00011749996338039637,0.001337542082183063,weak_3x3_bal_strong_150_400,weak_null,True,1521,4285374274,3.885780586188048e-16,0,0
150,400,0.06363075020684383,0.07001778407486087,0.04964751506582843,0.062121237739830804,-0.0063870338680170335,-0.012473722674002374,0.03510288788585108,-0.1819518066088077,-0.35534747780766374,0.8556205472197015,0.7223292911184367,0.905,0.853,0.723,True,999,0.00012154201976954937,0.001352999941445887,weak_3x3_bal_strong_150_400,weak_null,True,1522,4285374274,3.885780586188048e-16,0,0
150,400,0.05840270901255762,0.05347960613210473,0.044484833274879065,0.04764604403442263,0.00492310288045289,-0.0031612107595435646,0.03321791663791993,0.14820625068439477,-0.09516583457057877,0.8821799989649584,0.9241831068509586,0.933,0.898,0.931,True,999,0.0001194999786093831,0.001403709058649838,weak_3x3_bal_strong_150_400,weak_null,True,1523,4285374274,3.885780586188048e-16,0,0
150,400,0.05848050481349332,0.04344774112105715,0.04454083583476631,0.03781699407710448,0.015032763692436169,0.00672384175766183,0.03124816000599036,0.48107676386559545,0.2151756057435974,0.6304619418483813,0.8296304092608472,0.776,0.648,0.836,True,999,0.00011491600889712572,0.0013033750001341105,weak_3x3_bal_strong_150_400,weak_null,True,1524,4285374274,3.885780586188048e-16,0,0
150,400,0.10529285054317472,0.07846111931380523,0.09117301831727787,0.07165470304880728,0.026831731229369493,0.019518315268470587,0.04207607414926495,0.637695692192762,0.463881568399878,0.5236717902848216,0.6427325989159378,0.606,0.531,0.643,True,999,0.00011300004553049803,0.001297375070862472,weak_3x3_bal_strong_150_400,weak_null,True,1525,4285374274,3.885780586188048e-16,0,0
150,400,0.049355294520898374,0.07406809786284879,0.03538709561860287,0.06980869456913297,-0.024712803341950418,-0.0344215989505301,0.032902450710130614,-0.7510930890731913,-1.0461712792698368,0.45259663459692123,0.29548196057861376,0.631,0.459,0.32,True,999,0.00011045800056308508,0.0012998329475522041,weak_3x3_bal_strong_150_400,weak_null,True,1526,4285374274,3.885780586188048e-16,0,1
150,400,0.06774160533807283,0.08347770722649556,0.05380118916320953,0.07683373436043439,-0.015736101888422727,-0.023032545197224863,0.037152255840970455,-0.4235571039287848,-0.6199501127418816,0.6718888447273492,0.5352906316163332,0.774,0.685,0.553,True,999,0.0001200829865410924,0.0013282919535413384,weak_3x3_bal_strong_150_400,weak_null,True,1527,4285374274,3.885780586188048e-16,0,0
150,400,0.07058630371071506,0.0500207883688798,0.05663502843469814,0.04467682534189521,0.02056551534183526,0.011958203092802933,0.035812316281737144,0.5742581736418667,0.3339131431412366,0.5657931084864789,0.7384451016813008,0.699,0.572,0.729,True,999,0.0001236660173162818,0.0013884170912206173,weak_3x3_bal_strong_150_400,weak_null,True,1528,4285374274,3.885780586188048e-16,0,1
150,400,0.05968555341867088,0.04059355751824445,0.04574464430857006,0.032701861446270186,0.01909199590042643,0.013042782862299873,0.03259124566253997,0.5858013559257897,0.4001928308401881,0.5580090124417583,0.6890144945764127,0.704,0.561,0.697,True,999,0.00011912500485777855,0.0013283329317346215,weak_3x3_bal_strong_150_400,weak_null,True,1529,4285374274,3.885780586188048e-16,0,0
150,400,0.05160035177237554,0.06896884980845752,0.03769782438629932,0.06210981110960745,-0.01736849803608198,-0.024411986723308132,0.03359854519524145,-0.5169419668367627,-0.7265786831379114,0.6051966706434485,0.4674840906832045,0.745,0.611,0.46,True,999,0.00011329201515763998,0.0012870829086750746,weak_3x3_bal_strong_150_400,weak_null,True,1530,4285374274,3.885780586188048e-16,0,0
150,400,0.05942409928604131,0.03199512440030783,0.04519143549197224,0.027545364735971134,0.02742897488573348,0.01764607075600111,0.02906789382647796,0.9436175544561957,0.6070639607169369,0.3453651183741768,0.5438084660915494,0.553,0.347,0.545,True,999,0.0001112909521907568,0.0013259169645607471,weak_3x3_bal_strong_150_400,weak_null,True,1531,4285374274,3.885780586188048e-16,0,1
150,400,0.044726312489788755,0.08636643613485945,0.03079162586880102,0.08049624566581315,-0.04164012364507069,-0.04970461979701213,0.034030865677613945,-1.2235987188672148,-1.4605746520785285,0.2211036431464245,0.1441322067745365,0.449,0.218,0.153,True,999,0.00011520902626216412,0.0012757090153172612,weak_3x3_bal_strong_150_400,weak_null,True,1532,4285374274,3.885780586188048e-16,0,0
150,400,0.02585485059173953,0.02409545623809939,0.011979157044805788,0.018346356672367392,0.0017593943536401424,-0.006367199627561604,0.022015052405345473,0.0799177908480901,-0.2892202803031068,0.9363026400365823,0.7724128132779083,0.969,0.942,0.766,True,999,0.00011350004933774471,0.0013391250977292657,weak_3x3_bal_strong_150_400,weak_null,True,1533,4285374274,3.885780586188048e-16,0,0
150,400,0.03521069706052904,0.05921426630768273,0.02131871760394688,0.05367436624729294,-0.02400356924715369,-0.03235564864334606,0.02906479235533133,-0.8258641229463569,-1.113224833942813,0.4088811743803573,0.2656118794783321,0.618,0.386,0.271,True,999,0.00011212495155632496,0.001409083022736013,weak_3x3_bal_strong_150_400,weak_null,True,1534,4285374274,3.885780586188048e-16,0,0
150,400,0.09210719210466456,0.07339349471853829,0.07802166861861792,0.06660974080881488,0.01871369738612627,0.011411927809803046,0.03872306303215307,0.48327007010234846,0.29470622714756156,0.6289039885151231,0.7682183057724405,0.74,0.633,0.774,True,999,0.0001295419642701745,0.0013559999642893672,weak_3x3_bal_strong_150_400,weak_null,True,1535,4285374274,3.885780586188048e-16,0,0
150,400,0.08941082246942544,0.03731861004376136,0.07538862004216185,0.030637787781103043,0.052092212425664086,0.044750832261058804,0.03551085801458435,1.4669375886178182,1.260201379608445,0.14239303401310255,0.20759672531041673,0.279,0.152,0.206,True,999,0.00011916703078895807,0.001368582947179675,weak_3x3_bal_strong_150_400,weak_null,True,1536,4285374274,3.885780586188048e-16,0,0
150,400,0.06911654467891526,0.051965368910186605,0.055103860562581986,0.04669440176871831,0.017151175768728655,0.008409458793863678,0.03368541115671701,0.509157382373486,0.24964690959952246,0.6106419128074678,0.8028604182810128,0.729,0.614,0.792,True,999,0.00011891697067767382,0.0013526249676942825,weak_3x3_bal_strong_150_400,weak_null,True,1537,4285374274,3.885780586188048e-16,0,1
150,400,0.05880067129222555,0.09550119902347382,0.04484215921075929,0.08887142935617476,-0.03670052773124827,-0.04402927014541547,0.03615617061087208,-1.0150557183235687,-1.217752582796364,0.3100792682855641,0.22331800833369297,0.473,0.319,0.235,True,999,0.00012033397797495127,0.0013707089237868786,weak_3x3_bal_strong_150_400,weak_null,True,1538,4285374274,3.885780586188048e-16,0,0
150,400,0.04312659324914847,0.035352516359345276,0.029217583150426663,0.027565076315141823,0.007774076889803194,0.0016525068352848393,0.028628064734796135,0.27155439816908583,0.057723316283978185,0.7859646671164524,0.9539690209501218,0.876,0.795,0.96,True,999,0.00013262499123811722,0.0014020830858498812,weak_3x3_bal_strong_150_400,weak_null,True,1539,4285374274,3.885780586188048e-16,0,0
150,400,0.07531548099438568,0.059661224543421265,0.06137848782623223,0.05191430267677788,0.01565425645096441,0.009464185149454352,0.0372294260028781,0.4204807361186344,0.2542124917188544,0.6741342992428336,0.7993314005439678,0.74,0.65,0.793,True,999,0.0001235000090673566,0.0013816669816151261,weak_3x3_bal_strong_150_400,weak_null,True,1540,4285374274,3.885780586188048e-16,0,0
150,400,0.04973273060242267,0.03869938605312956,0.035820389142600106,0.0309298864735581,0.011033344549293111,0.004890502669042007,0.029974934577389856,0.3680856924243492,0.16315307232499923,0.7128093389219745,0.87039791389048,0.806,0.723,0.884,True,999,0.00011925003491342068,0.0013677499955520034,weak_3x3_bal_strong_150_400,weak_null,True,1541,4285374274,3.885780586188048e-16,0,0
150,400,0.046974632898814095,0.03907101810142155,0.03306887940186698,0.03629252495548485,0.007903614797392544,-0.003223645553617871,0.029593855552222263,0.2670694524221615,-0.1089295562698589,0.789415687022694,0.9132583636132173,0.87,0.802,0.923,True,999,0.00011870800517499447,0.0013734579551964998,weak_3x3_bal_strong_150_400,weak_null,True,1542,4285374274,3.885780586188048e-16,0,2
150,400,0.037410891321023154,0.030683408608700224,0.023510672386265696,0.02629157594424214,0.00672748271232293,-0.002780903557976444,0.026243887939427796,0.25634474312077143,-0.10596385582787536,0.7976846511151136,0.9156110295564711,0.876,0.785,0.927,True,999,0.00011799996718764305,0.0013579169753938913,weak_3x3_bal_strong_150_400,weak_null,True,1543,4285374274,3.885780586188048e-16,0,1
150,400,0.035087324368878514,0.05606255117567355,0.021199002716883797,0.051796887405942016,-0.020975226806795033,-0.03059788468905822,0.028538545958852333,-0.7349788190693982,-1.0721599037727816,0.46235239383620275,0.2836482164371894,0.631,0.469,0.293,True,999,0.00013641698751598597,0.0014383329544216394,weak_3x3_bal_strong_150_400,weak_null,True,1544,4285374274,3.885780586188048e-16,0,1
150,400,0.03924951446074698,0.04227911526157013,0.025362777216031418,0.035437172012422025,-0.003029600800823151,-0.010074394796390607,0.028354535792094984,-0.10684713102119554,-0.3553009955888351,0.914910256312265,0.7223641096875391,0.93,0.901,0.713,True,999,0.00012220803182572126,0.0013567499117925763,weak_3x3_bal_strong_150_400,weak_null,True,1545,4285374274,3.885780586188048e-16,0,0
150,400,0.05764521773877096,0.06168930364164754,0.04367740929259867,0.05641227605534027,-0.004044085902876582,-0.012734866762741603,0.03405999306424926,-0.11873419631201913,-0.37389516605946205,0.9054859434353068,0.7084823129836504,0.93,0.893,0.717,True,999,0.00013095897156745195,0.0012643749359995127,weak_3x3_bal_strong_150_400,weak_null,True,1546,4285374274,3.885780586188048e-16,0,1
150,400,0.03687350180443616,0.027527369636868526,0.022966179602462944,0.019636960941568304,0.009346132167567633,0.0033292186608946395,0.025698622430686824,0.3636822243206072,0.12954852618555954,0.7160953186418751,0.8969236300788244,0.845,0.725,0.913,True,999,0.00011179200373589993,0.001263290992937982,weak_3x3_bal_strong_150_400,weak_null,True,1547,4285374274,3.885780586188048e-16,0,0
150,400,0.04776656550777192,0.06408015129031541,0.033835904265998806,0.05746454204276574,-0.016313585782543494,-0.023628637776766936,0.03210493488903595,-0.5081332772960924,-0.7359814887784206,0.6113598793674749,0.461741963284669,0.722,0.573,0.428,True,999,0.0001106249401345849,0.001296916976571083,weak_3x3_bal_strong_150_400,weak_null,True,1548,4285374274,3.885780586188048e-16,0,0
150,400,0.06421259234153909,0.03801525932212885,0.050267677970168734,0.030119187393523816,0.02619733301941024,0.020148490576644917,0.03250450229582989,0.8059601337987932,0.6198676845831856,0.4202658362553323,0.5353449027369155,0.585,0.412,0.508,True,999,0.00011245801579207182,0.001311665982939303,weak_3x3_bal_strong_150_400,weak_null,True,1549,4285374274,3.885780586188048e-16,0,0
150,400,0.0575605924045528,0.04190573406231696,0.04363697482637008,0.03418630614791596,0.015654858342235844,0.009450668678454122,0.032152494611107904,0.4868940507287255,0.2939326728069537,0.6263334151623857,0.7688093510201226,0.759,0.629,0.763,True,999,0.00011437502689659595,0.0013252920471131802,weak_3x3_bal_strong_150_400,weak_null,True,1550,4285374274,3.885780586188048e-16,0,0
150,400,0.07259277725180824,0.04127452799725151,0.05861645341036592,0.03348792847975801,0.03131824925455673,0.02512852493060791,0.03425568213849674,0.9142497623587269,0.7335578614085844,0.3605856216201764,0.4632182509879409,0.524,0.34,0.439,True,999,0.0001154160127043724,0.0013857079902663827,weak_3x3_bal_strong_150_400,weak_null,True,1551,4285374274,3.885780586188048e-16,0,0
150,400,0.035156761652827884,0.07665848330805602,0.02121800553476305,0.07004157413547318,-0.04150172165522814,-0.04882356860071013,0.030690880498839952,-1.3522492994880617,-1.5908168096563915,0.17629557753907532,0.1116508087972493,0.391,0.174,0.103,True,999,0.00012379197869449854,0.0012929580407217145,weak_3x3_bal_strong_150_400,weak_null,True,1552,4285374274,3.885780586188048e-16,0,0
150,400,0.09766422468062363,0.06368306226049947,0.08357431669432458,0.057832814995350645,0.03398116242012417,0.025741501698973934,0.03811957006774372,0.89143614053713,0.6752831066359811,0.37269523639296565,0.4994959147548652,0.519,0.406,0.519,True,999,0.00011841696687042713,0.0013200000394135714,weak_3x3_bal_strong_150_400,weak_null,True,1553,4285374274,3.885780586188048e-16,0,0
150,400,0.05713524412337412,0.07863579330518683,0.04322793845923911,0.07300731171946495,-0.02150054918181271,-0.02977937326022584,0.03580002681668271,-0.6005735496207371,-0.8318254456264467,0.54812405959471,0.4055074788897999,0.667,0.52,0.386,True,999,0.00011849997099488974,0.0013517499901354313,weak_3x3_bal_strong_150_400,weak_null,True,1554,4285374274,3.885780586188048e-16,0,0
150,400,0.10362241549461526,0.07613010183470992,0.08949749976170551,0.07030671446750603,0.027492313659905343,0.019190785294199486,0.040853008446464396,0.6729568936381392,0.46975207026302473,0.5009747152154639,0.6385321614459651,0.617,0.51,0.614,True,999,0.00011962500866502523,0.0013531249715015292,weak_3x3_bal_strong_150_400,weak_null,True,1555,4285374274,3.885780586188048e-16,0,0
150,400,0.04545864371729236,0.030539441554529645,0.03155673822223548,0.023672337247404585,0.014919202162762712,0.007884400974830896,0.02815729132998621,0.5298521788874789,0.28001276409831277,0.5962144244207547,0.7794677121290523,0.762,0.594,0.775,True,999,0.00012220803182572126,0.0013592919567599893,weak_3x3_bal_strong_150_400,weak_null,True,1556,4285374274,3.885780586188048e-16,0,0
150,400,0.09147607482135744,0.059027313523328684,0.0775068011924418,0.05517480223733173,0.03244876129802876,0.022331998955110066,0.03929958615953516,0.8256769210317956,0.5682502320623473,0.4089873875342477,0.5698650672105439,0.564,0.429,0.574,True,999,0.00011900009121745825,0.0013927500694990158,weak_3x3_bal_strong_150_400,weak_null,True,1557,4285374274,3.885780586188048e-16,0,2
150,400,0.0679379354186409,0.04926039738531307,0.0539700562287635,0.04336543780050306,0.018677538033327834,0.010604618428260437,0.034950021087727136,0.5344070604834782,0.30342237567302355,0.5930599351685588,0.7615679956115923,0.729,0.614,0.757,True,999,0.00012370897457003593,0.001360124908387661,weak_3x3_bal_strong_150_400,weak_null,True,1558,4285374274,3.885780586188048e-16,0,0
150,400,0.0566875114938552,0.008369486862556563,0.04275957340544778,0.0038631296495452716,0.04831802463129864,0.03889644375590251,0.027160618555333242,1.7789736464529429,1.4320897617504675,0.07524408264882461,0.15211813415557182,0.302,0.094,0.176,True,999,0.00011995795648545027,0.0013087079860270023,weak_3x3_bal_strong_150_400,weak_null,True,1559,4285374274,3.885780586188048e-16,0,1
150,400,0.034149580444997385,0.05011639219473141,0.020272417943402843,0.047195754647773924,-0.015966811749734022,-0.02692333670437108,0.02871126289277688,-0.5561166643683556,-0.9377273582467317,0.5781311037646387,0.34838454047356504,0.752,0.563,0.34,True,999,0.00011495908256620169,0.0013274169759824872,weak_3x3_bal_strong_150_400,weak_null,True,1560,4285374274,3.885780586188048e-16,0,2
150,400,0.12036437697144908,0.05468127852539312,0.10582937938789883,0.050358191573195654,0.06568309844605597,0.05547118781470317,0.03978426140934827,1.6509819742593521,1.3942998022245268,0.09874225567331045,0.16322709063153784,0.252,0.107,0.175,True,999,0.00011987506877630949,0.0013944159727543592,weak_3x3_bal_strong_150_400,weak_null,True,1561,4285374274,3.885780586188048e-16,0,1
150,400,0.03727284986856372,0.05474348701407006,0.023345477235807266,0.04895607385913081,-0.01747063714550634,-0.025610596623323545,0.028648272689007343,-0.6098321296770544,-0.8939665194247683,0.5419730154899436,0.37133980495183794,0.737,0.525,0.378,True,999,0.00011937494855374098,0.0013920830097049475,weak_3x3_bal_strong_150_400,weak_null,True,1562,4285374274,3.885780586188048e-16,0,0
150,400,0.0566777304961712,0.04847601532174395,0.04274168248068122,0.04167057204418256,0.008201715174427249,0.0010711104364986568,0.03225292828817923,0.254293659823539,0.03320971128352464,0.7992686975809001,0.9735073539109675,0.863,0.807,0.978,True,999,0.0002042090054601431,0.0013383750338107347,weak_3x3_bal_strong_150_400,weak_null,True,1563,4285374274,3.885780586188048e-16,0,0
150,400,0.06659598656652665,0.04017044259241964,0.05258603192675082,0.03335545823608754,0.026425543974107013,0.019230573690663277,0.0327980630844284,0.8057044071804692,0.5863326026649853,0.4204133077350175,0.5576520259403941,0.579,0.408,0.562,True,999,0.000110417022369802,0.0012975839199498296,weak_3x3_bal_strong_150_400,weak_null,True,1564,4285374274,3.885780586188048e-16,0,0
150,400,0.06918501201018135,0.034880785679702875,0.055216455046149804,0.02909187585186146,0.03430422633047847,0.026124579194288344,0.03218876595924402,1.0657204558234061,0.8116054907903621,0.28655002781224626,0.4170180396291384,0.434,0.276,0.401,True,999,0.00010858301538974047,0.0012974579585716128,weak_3x3_bal_strong_150_400,weak_null,True,1565,4285374274,3.885780586188048e-16,0,0
150,400,0.06721564286370385,0.05774437396472576,0.05322363485819892,0.051035608253044984,0.009471268898978091,0.0021880266051539365,0.03431592321132283,0.2760021591333135,0.06376126300550697,0.7825464078763141,0.9491603231086554,0.865,0.804,0.961,True,999,0.00011579098645597696,0.0013192080659791827,weak_3x3_bal_strong_150_400,weak_null,True,1566,4285374274,3.885780586188048e-16,0,0
150,400,0.07759221469700339,0.06813638005198314,0.06353471379014763,0.06116686693064821,0.009455834645020256,0.002367846859499423,0.03760871020700077,0.2514267198469379,0.06296006553978163,0.8014842116007217,0.9497983042823,0.869,0.823,0.952,True,999,0.000116499955765903,0.0013842500047758222,weak_3x3_bal_strong_150_400,weak_null,True,1567,4285374274,3.885780586188048e-16,0,0
150,400,0.06570832395893933,0.1008497470304866,0.0517701505060586,0.09542277459320303,-0.03514142307154727,-0.04365262408714443,0.038949894639321074,-0.902221261365646,-1.120737924745907,0.366939342684665,0.2623994340321477,0.546,0.388,0.291,True,999,0.0001300000585615635,0.0014112499775364995,weak_3x3_bal_strong_150_400,weak_null,True,1568,4285374274,3.885780586188048e-16,0,1
150,400,0.04577769038321855,0.07372117824960284,0.03185604165480527,0.06950580904432968,-0.027943487866384287,-0.03764976738952441,0.03202729901970031,-0.8724896797946017,-1.175552373816027,0.3829412957955046,0.23977379668845478,0.57,0.385,0.248,True,999,0.00011008302681148052,0.0012791668996214867,weak_3x3_bal_strong_150_400,weak_null,True,1569,4285374274,3.885780586188048e-16,0,1
150,400,0.05557735491833826,0.04028560558278044,0.04166341583024291,0.03455603329916812,0.015291749335557825,0.007107382531074791,0.031287679441237996,0.48874667628443197,0.22716234179090541,0.6250210538579315,0.8202975091376143,0.779,0.64,0.813,True,999,0.00010887498501688242,0.001329874969087541,weak_3x3_bal_strong_150_400,weak_null,True,1570,4285374274,3.885780586188048e-16,0,0
150,400,0.03618789479430862,0.04751008100030968,0.022288982223443554,0.04211343597930295,-0.011322186206001061,-0.019824453755859395,0.02892173126124572,-0.3914767793023671,-0.6854518347047774,0.6954448493505592,0.49305884441162395,0.817,0.711,0.503,True,999,0.00010841700714081526,0.001322540920227766,weak_3x3_bal_strong_150_400,weak_null,True,1571,4285374274,3.885780586188048e-16,0,1
150,400,0.04754646037377075,0.11039915751173868,0.03360522573149183,0.10622078346298736,-0.06285269713796793,-0.07261555773149553,0.03675669021928494,-1.7099661792995533,-1.9755738968411445,0.08727212729422133,0.0482030574785603,0.272,0.093,0.056,True,999,0.0001099579967558384,0.0013482080539688468,weak_3x3_bal_strong_150_400,weak_null,True,1572,4285374274,3.885780586188048e-16,0,1
150,400,0.05815715106096908,0.04422732421812442,0.04423457833451039,0.03724456886331495,0.013929826842844661,0.006990009471195435,0.032593667204430306,0.427378323386429,0.2144591287428165,0.6691037932337573,0.8301890360017596,0.787,0.684,0.836,True,999,0.0001103340182453394,0.001367917051538825,weak_3x3_bal_strong_150_400,weak_null,True,1573,4285374274,3.885780586188048e-16,0,0
150,400,0.02469763548809789,0.0800827064736932,0.010831844326673945,0.07315380594479848,-0.05538507098559531,-0.06232196161812453,0.029524228491317323,-1.8759193318763032,-2.1108751965001415,0.06066635765899339,0.03478304054060481,0.27,0.066,0.043,True,999,0.00011062505654990673,0.0013545830734074116,weak_3x3_bal_strong_150_400,weak_null,True,1574,4285374274,3.885780586188048e-16,0,0
150,400,0.034897718421348145,0.10859606244028702,0.020996938740665883,0.104154348105709,-0.07369834401893888,-0.08315740936504312,0.0341710625139861,-2.156747218169596,-2.43356229649011,0.03102536572297413,0.014951062414401051,0.136,0.04,0.029,True,999,0.00011687492951750755,0.0012919590808451176,weak_3x3_bal_strong_150_400,weak_null,True,1575,4285374274,3.885780586188048e-16,0,1
150,400,0.06223205461474701,0.07841097481702997,0.048284978167828285,0.07282624916825853,-0.016178920202282954,-0.024541271000430243,0.035300388570390105,-0.4583213062944525,-0.6952124889926966,0.6467216190236795,0.4869221467426935,0.79,0.668,0.502,True,999,0.0001223749713972211,0.0013123339740559459,weak_3x3_bal_strong_150_400,weak_null,True,1576,4285374274,3.885780586188048e-16,0,0
150,400,0.05750496037902453,0.06878495038166554,0.04357021387343707,0.06222511895765592,-0.011279990002641016,-0.018654905084218854,0.033866369842168405,-0.33307349016769544,-0.5508386393687482,0.7390788097600963,0.5817442938463657,0.833,0.749,0.598,True,999,0.00011862500105053186,0.0013328329659998417,weak_3x3_bal_strong_150_400,weak_null,True,1577,4285374274,3.885780586188048e-16,0,0
150,400,0.046257838402776086,0.09350174271072731,0.03234766076354845,0.08671337891712483,-0.04724390430795122,-0.05436571815357638,0.03418255442374412,-1.3821057292059584,-1.5904521786064207,0.16693923960656543,0.11173291681164904,0.329,0.159,0.113,True,999,0.00011983409058302641,0.001382292015478015,weak_3x3_bal_strong_150_400,weak_null,True,1578,4285374274,3.885780586188048e-16,0,0
150,400,0.038087227883240704,0.05363138305715648,0.024198861078332357,0.0509665429992765,-0.015544155173915775,-0.026767681920944142,0.028393740272813658,-0.5474500726062829,-0.9427318015785885,0.5840695625397352,0.345818102643643,0.733,0.58,0.33,True,999,0.00011912500485777855,0.0014716250589117408,weak_3x3_bal_strong_150_400,weak_null,True,1579,4285374274,3.885780586188048e-16,0,2
150,400,0.07292747458920568,0.06852039716669939,0.058975760855105364,0.06330459253919685,0.004407077422506289,-0.004328831684091483,0.03739773665133033,0.11784342629059928,-0.1157511676294853,0.9061917200478433,0.9078497528566445,0.946,0.916,0.907,True,999,0.00012783403508365154,0.001348583959043026,weak_3x3_bal_strong_150_400,weak_null,True,1580,4285374274,3.885780586188048e-16,0,1
150,400,0.03172189079541443,0.028207323117634797,0.017812017103409516,0.02381627554092347,0.003514567677779634,-0.006004258437513954,0.02476038745980077,0.14194316157150771,-0.24249452668146035,0.8871249014454862,0.8083969973982434,0.94,0.893,0.805,True,999,0.00012220896314829588,0.001344999996945262,weak_3x3_bal_strong_150_400,weak_null,True,1581,4285374274,3.885780586188048e-16,0,1
150,400,0.0834873873417965,0.04956757219996266,0.06949317027411439,0.043894908868594484,0.03391981514183384,0.025598261405519906,0.03578526317992092,0.9478710543860474,0.7153296952663762,0.34319510228901307,0.47440534353740094,0.511,0.354,0.466,True,999,0.00011808297131210566,0.0013186249416321516,weak_3x3_bal_strong_150_400,weak_null,True,1582,4285374274,3.885780586188048e-16,0,0
150,400,0.02328390508913203,0.06625816925385164,0.009385407258463374,0.06192749911198803,-0.04297426416471961,-0.05254209185352465,0.027375430409012295,-1.569811452190794,-1.9193156443022432,0.11645898248549565,0.05494439932265783,0.397,0.112,0.054,True,999,0.0001205001026391983,0.0013268750626593828,weak_3x3_bal_strong_150_400,weak_null,True,1583,4285374274,3.885780586188048e-16,0,1
150,400,0.06835915305722251,0.04723471985286254,0.05435751436203873,0.04287090534563731,0.02112443320435997,0.011486609016401417,0.034962980643648625,0.6041942882291826,0.32853632055790055,0.5457144779357392,0.7425061870303235,0.713,0.571,0.763,True,999,0.0001224169973284006,0.0013690420892089605,weak_3x3_bal_strong_150_400,weak_null,True,1584,4285374274,3.885780586188048e-16,0,1
150,400,0.09835470004004732,0.04865465439163985,0.08431750518343506,0.04433620074206601,0.049700045648407465,0.03998130444136905,0.03790614073755848,1.311134414671849,1.0547447897209552,0.1898123555504342,0.2915420611677607,0.336,0.211,0.299,True,999,0.000116499955765903,0.0014392910525202751,weak_3x3_bal_strong_150_400,weak_null,True,1585,4285374274,3.885780586188048e-16,0,1
150,400,0.06531335807995187,0.05911752450273272,0.05122795609943864,0.0522906837811945,0.006195833577219145,-0.0010627276817558595,0.03339256147191674,0.1855453221948805,-0.0318252818864949,0.8528013353833813,0.9746113848156472,0.899,0.855,0.971,True,999,0.00013575004413723946,0.0013022089842706919,weak_3x3_bal_strong_150_400,weak_null,True,1586,4285374274,3.885780586188048e-16,0,0
150,400,0.07757133139516803,0.07738900316027786,0.0635801172751087,0.0715891779059632,0.00018232823489017225,-0.008009060630854492,0.038479267637425055,0.004738349924124836,-0.20813963265415308,0.9962193578990022,0.8351199423552572,0.998,0.995,0.851,True,999,0.00011808297131210566,0.0013066669926047325,weak_3x3_bal_strong_150_400,weak_null,True,1587,4285374274,3.885780586188048e-16,0,0
150,400,0.06564983277822156,0.10735371894586193,0.05166415340590902,0.10063588563289727,-0.04170388616764037,-0.04897173222698825,0.038125782069065126,-1.093849985610616,-1.2844781029875167,0.2740207771635548,0.1989747204474901,0.477,0.305,0.222,True,999,0.00011824991088360548,0.00132733304053545,weak_3x3_bal_strong_150_400,weak_null,True,1588,4285374274,3.885780586188048e-16,0,0
150,400,0.03500080813266648,0.03529993958259092,0.02112248737353184,0.02970364744024323,-0.0002991314499244391,-0.00858116006671139,0.025995545159843793,-0.011507027380465083,-0.3301011774881722,0.9908189231264724,0.7413235135481224,0.991,0.987,0.736,True,999,0.00011879205703735352,0.0013465828960761428,weak_3x3_bal_strong_150_400,weak_null,True,1589,4285374274,3.885780586188048e-16,0,0
150,400,0.058293846312546194,0.06377926560068103,0.04429878140004462,0.05944178338748429,-0.005485419288134841,-0.015143001987439675,0.03398822916590316,-0.16139173539637625,-0.4455366566326164,0.8717848755444241,0.6559319752887878,0.912,0.865,0.632,True,999,0.00012124993372708559,0.0013642500853165984,weak_3x3_bal_strong_150_400,weak_null,True,1590,4285374274,3.885780586188048e-16,0,1
150,400,0.05020220051690183,0.06459099288689318,0.0362751532025527,0.06048532882292079,-0.014388792369991354,-0.02421017562036809,0.03153160953307627,-0.45632914345516323,-0.7678065274457972,0.6481533099882383,0.4426021359689557,0.767,0.658,0.443,True,999,0.0001228750916197896,0.0013940839562565088,weak_3x3_bal_strong_150_400,weak_null,True,1591,4285374274,3.885780586188048e-16,0,1
150,400,0.08439746699657746,0.06595689024860663,0.07031914812623086,0.06031929159155425,0.018440576747970838,0.00999985653467661,0.03733927615336709,0.4938654052164305,0.26781066921606267,0.6214012379909246,0.7888450577809034,0.766,0.644,0.804,True,999,0.00011883396655321121,0.0013634999049827456,weak_3x3_bal_strong_150_400,weak_null,True,1592,4285374274,3.885780586188048e-16,0,0
150,400,0.09011025451184418,0.057092252880969196,0.07612093289213817,0.05123205819518262,0.03301800163087498,0.024888874696955554,0.03827264259423163,0.8627050392347714,0.6503045781507324,0.38829966104715263,0.5154955004403384,0.549,0.401,0.517,True,999,0.00011858309153467417,0.0013398750452324748,weak_3x3_bal_strong_150_400,weak_null,True,1593,4285374274,3.885780586188048e-16,0,0
150,400,0.020951572473441926,0.047910322140727435,0.007081393093784527,0.04119050270423941,-0.02695874966728551,-0.03410910961045488,0.0249330640497679,-1.0812449530259987,-1.368027192420917,0.27958816655942254,0.1713035646233172,0.582,0.276,0.187,True,999,0.00011995795648545027,0.0013319579884409904,weak_3x3_bal_strong_150_400,weak_null,True,1594,4285374274,3.885780586188048e-16,0,0
150,400,0.05335265793910926,0.059848348436937704,0.039390689738127094,0.05322382293493888,-0.0064956904978284435,-0.013833133196811787,0.03300604120644194,-0.1968030778729274,-0.4191091294557286,0.8439816424288219,0.675136378891651,0.894,0.845,0.673,True,999,0.00011749996338039637,0.0013907909160479903,weak_3x3_bal_strong_150_400,weak_null,True,1595,4285374274,3.885780586188048e-16,0,0
150,400,0.05818309878608474,0.08134032611440417,0.044223303658981195,0.0733867812376161,-0.02315722732831943,-0.02916347757863491,0.036363243639349466,-0.6368306292472898,-0.8020042949929932,0.5242351727515262,0.42255047378729105,0.643,0.516,0.427,True,999,0.00011662498582154512,0.0013884580694139004,weak_3x3_bal_strong_150_400,weak_null,True,1596,4285374274,3.885780586188048e-16,0,0
150,400,0.06521463309126574,0.05280725826891597,0.05120968933809422,0.0449353199598761,0.01240737482234977,0.006274369378218125,0.03363982430700931,0.3688299531268517,0.1865161161650531,0.7122544769276946,0.8520400417329521,0.808,0.709,0.856,True,999,0.00011754198931157589,0.0013447919627651572,weak_3x3_bal_strong_150_400,weak_null,True,1597,4285374274,3.885780586188048e-16,0,0
150,400,0.040129908316961505,0.06301252563047688,0.02618940842222628,0.057623841607409076,-0.022882617313515374,-0.0314344331851828,0.03078738974114607,-0.7432464234840184,-1.0210165086899843,0.45733250184882557,0.3072466172888483,0.64,0.445,0.294,True,999,0.00011699995957314968,0.00134170800447464,weak_3x3_bal_strong_150_400,weak_null,True,1598,4285374274,3.885780586188048e-16,0,1
150,400,0.03528461123828852,0.06435537430836213,0.021394620427571454,0.05768570536287143,-0.029070763070073613,-0.03629108493529998,0.03004661928107812,-0.9675219297760047,-1.2078258986745412,0.3332831838512069,0.22711423733660496,0.604,0.343,0.225,True,999,0.00011666701175272465,0.0013502499787136912,weak_3x3_bal_strong_150_400,weak_null,True,1599,4285374274,3.885780586188048e-16,0,0
150,400,0.06717022353840241,0.0634800956592339,0.05321852308540542,0.056705506938698136,0.0036901278791685033,-0.0034869838532927133,0.0353723471063359,0.10432239251965068,-0.09857937452694861,0.9169135082067488,0.9214722469834481,0.939,0.914,0.927,True,999,0.00011712498962879181,0.0013561249943450093,weak_3x3_bal_strong_150_400,weak_null,True,1600,4285374274,3.885780586188048e-16,0,0
150,400,0.032222788362881616,0.04270732977970887,0.01834772153756603,0.03481296828758218,-0.010484541416827253,-0.01646524675001615,0.026779073936491905,-0.3915199398490007,-0.614854971798667,0.6954129527330457,0.5386505018682518,0.805,0.697,0.541,True,999,0.00011658400762826204,0.0013594171032309532,weak_3x3_bal_strong_150_400,weak_null,True,1601,4285374274,3.885780586188048e-16,0,0
150,400,0.050431623859610974,0.0555378429272424,0.03651952602768915,0.04765179695093025,-0.005106219067631423,-0.011132270923241094,0.03183891229314911,-0.16037668060444848,-0.34964356887394243,0.8725843580206023,0.7266062090076791,0.915,0.872,0.718,True,999,0.00011600006837397814,0.0013745829928666353,weak_3x3_bal_strong_150_400,weak_null,True,1602,4285374274,3.885780586188048e-16,0,0
150,400,0.03911204826146708,0.09296956483060675,0.02519183169391681,0.09006336110641655,-0.053857516569139674,-0.06487152941249974,0.03409128021782381,-1.5798032876741765,-1.9028774806345705,0.11415192248783672,0.05705653405456918,0.286,0.123,0.066,True,999,0.00011641695164144039,0.0013759160647168756,weak_3x3_bal_strong_150_400,weak_null,True,1603,4285374274,3.885780586188048e-16,0,2
150,400,0.034048037785421315,0.07181856460445973,0.02016076594142646,0.06598912811224977,-0.03777052681903842,-0.04582836217082331,0.030750310877929038,-1.2282973973491802,-1.4903381742301833,0.2193353476529718,0.13613533986335366,0.432,0.223,0.145,True,999,0.00011679099407047033,0.0012755000498145819,weak_3x3_bal_strong_150_400,weak_null,True,1604,4285374274,3.885780586188048e-16,0,0
150,400,0.0942081062067106,0.04785642131927337,0.08019037162324594,0.04078383260535645,0.04635168488743724,0.039406539017889486,0.03835058096944047,1.2086305791396597,1.0275343429423,0.22680480291584248,0.3041689226857188,0.433,0.255,0.33,True,999,0.00011475000064820051,0.0013394169509410858,weak_3x3_bal_strong_150_400,weak_null,True,1605,4285374274,3.885780586188048e-16,0,0
150,400,0.024379534900900612,0.038379083370114586,0.010502974917500296,0.031668390412136205,-0.013999548469213974,-0.02116541549463591,0.024317291470581415,-0.5757034448573499,-0.8703854012788149,0.5648156465036047,0.38408982201241615,0.772,0.563,0.392,True,999,0.00011191598605364561,0.0013296669349074364,weak_3x3_bal_strong_150_400,weak_null,True,1606,4285374274,3.885780586188048e-16,0,0
150,400,0.07111111174173868,0.06409795165972543,0.057081666598548964,0.05869342068316996,0.007013160082013248,-0.0016117540846209977,0.03554135412167966,0.197323941513397,-0.045348696594479314,0.8435740450363667,0.9638293730676278,0.887,0.838,0.95,True,999,0.00011274998541921377,0.0013836669968441129,weak_3x3_bal_strong_150_400,weak_null,True,1607,4285374274,3.885780586188048e-16,0,1
150,400,0.04407726695160097,0.04009890657839643,0.030173437305847983,0.03561329321300377,0.003978360373204537,-0.005439855907155788,0.029356281804039073,0.13551989995739727,-0.1853046630178938,0.8922008315035393,0.8529900808104284,0.945,0.891,0.869,True,999,0.00012516602873802185,0.001298291957937181,weak_3x3_bal_strong_150_400,weak_null,True,1608,4285374274,3.885780586188048e-16,0,1
150,400,0.07998001548848932,0.10631488088922281,0.06595119715163378,0.10097441042304922,-0.026334865400733487,-0.03502321327141544,0.04008821511717934,-0.6569228718154625,-0.8736535954280152,0.5112305108791809,0.3823069293751884,0.61,0.5,0.377,True,999,0.00011383299715816975,0.001302999909967184,weak_3x3_bal_strong_150_400,weak_null,True,1609,4285374274,3.885780586188048e-16,0,1
150,400,0.05672762588023561,0.06485559763090404,0.042807738163048725,0.06055647896295113,-0.008127971750668428,-0.017748740799902407,0.034145529686877986,-0.23803911742484934,-0.5197969093659481,0.8118507547171245,0.6032051336983837,0.858,0.786,0.581,True,999,0.00012016703840345144,0.0012987080262973905,weak_3x3_bal_strong_150_400,weak_null,True,1610,4285374274,3.885780586188048e-16,0,1
150,400,0.0456099266712755,0.049533299656402074,0.03170279759024197,0.04290121975168404,-0.003923372985126572,-0.011198422161442068,0.030379423453427066,-0.1291457354726059,-0.3686186533003077,0.8972423333243269,0.7124119899196675,0.942,0.902,0.712,True,999,0.0001145420828834176,0.0012786670122295618,weak_3x3_bal_strong_150_400,weak_null,True,1611,4285374274,3.885780586188048e-16,0,0
150,400,0.046504878140077865,0.051136589806102084,0.03260204211747464,0.04523127367056645,-0.004631711666024219,-0.012629231553091813,0.03056814010398905,-0.15152088580684678,-0.4131501462021805,0.8795648365508145,0.6794966112875097,0.939,0.892,0.656,True,999,0.00011520797852426767,0.0013329579960554838,weak_3x3_bal_strong_150_400,weak_null,True,1612,4285374274,3.885780586188048e-16,0,0
150,400,0.06933552963473133,0.02466099941498956,0.05532323392455396,0.01672040612248793,0.04467453021974177,0.03860282780206603,0.03139301530747563,1.4230722911508091,1.2296629496712768,0.1547151998899987,0.2188233465337992,0.357,0.144,0.211,True,999,0.00012291606981307268,0.0013774170074611902,weak_3x3_bal_strong_150_400,weak_null,True,1613,4285374274,3.885780586188048e-16,0,0
150,400,0.06247386676395439,0.0903389158018052,0.048415979049764246,0.08249982994598781,-0.02786504903785081,-0.034083850896223566,0.0369439970778452,-0.7542510621992521,-0.9225815718966471,0.4506984817138505,0.3562253027508089,0.604,0.443,0.339,True,999,0.00011604104656726122,0.001346917008049786,weak_3x3_bal_strong_150_400,weak_null,True,1614,4285374274,3.885780586188048e-16,0,0
150,400,0.038921112463822016,0.01563194668594703,0.02499405448378411,0.011158756592834607,0.023289165777874987,0.013835297890949505,0.023611701660852736,0.9863399983783252,0.5859509022125194,0.32396629811685385,0.5579085092804729,0.612,0.324,0.563,True,999,0.0001152500044554472,0.0013455000007525086,weak_3x3_bal_strong_150_400,weak_null,True,1615,4285374274,3.885780586188048e-16,0,1
150,400,0.03216072483550292,0.06512654536365176,0.01822577246326773,0.05983551293329015,-0.03296582052814884,-0.041609740470022416,0.02945479637279873,-1.1192004219249163,-1.4126643397354692,0.26305464549806834,0.15775444146021944,0.502,0.256,0.161,True,999,0.00011408398859202862,0.00133966701105237,weak_3x3_bal_strong_150_400,weak_null,True,1616,4285374274,3.885780586188048e-16,0,1
150,400,0.02785185776323651,0.050229792585599675,0.013973856123300266,0.044525630330781496,-0.022377934822363166,-0.03055177420748123,0.02645595761174233,-0.8458561640736393,-1.154816418133396,0.39763298929436175,0.24816561230346634,0.623,0.385,0.246,True,999,0.00011741707567125559,0.0013499170308932662,weak_3x3_bal_strong_150_400,weak_null,True,1617,4285374274,3.885780586188048e-16,0,0
150,400,0.043040424970593794,0.08710067504172103,0.02910893357247346,0.08051602549632264,-0.04406025007112724,-0.05140709192384918,0.03450296687993912,-1.27699888025412,-1.4899325064633366,0.20160264258385263,0.1362419833643942,0.41,0.217,0.147,True,999,0.00011641695164144039,0.0013765409821644425,weak_3x3_bal_strong_150_400,weak_null,True,1618,4285374274,3.885780586188048e-16,0,1
150,400,0.04834100420340759,0.056610815452058316,0.03439898207673764,0.05247398419913907,-0.008269811248650727,-0.01807500212240143,0.030863140067272112,-0.2679510649475424,-0.585650134205512,0.7887369862149181,0.558110650538071,0.853,0.781,0.543,True,999,0.00011466699652373791,0.0013790830271318555,weak_3x3_bal_strong_150_400,weak_null,True,1619,4285374274,3.885780586188048e-16,0,1
150,400,0.06841796559074576,0.03236121291050381,0.054480891288363864,0.02542570957842827,0.036056752680241944,0.029055181709935596,0.032682014994593944,1.1032597802248798,0.8890266317649547,0.26991436735022856,0.37398876719393237,0.486,0.285,0.386,True,999,0.00011683302000164986,0.001293957931920886,weak_3x3_bal_strong_150_400,weak_null,True,1620,4285374274,3.885780586188048e-16,0,0
150,400,0.1354356199120783,0.06790574876231087,0.12128419380331934,0.06182985202605096,0.06752987114976744,0.05945434177726838,0.04261354433412486,1.5847043986831582,1.39519823347943,0.11303351201564188,0.16295606959049602,0.212,0.128,0.161,True,999,0.00011245906352996826,0.0013237919192761183,weak_3x3_bal_strong_150_400,weak_null,True,1621,4285374274,3.885780586188048e-16,0,0
150,400,0.045463920368992605,0.10309913903109169,0.0315373238514951,0.09754508676522278,-0.057635218662099086,-0.06600776291372767,0.03480270218814178,-1.6560558530922627,-1.8966275249804685,0.09771050845922487,0.05787711516062724,0.271,0.092,0.056,True,999,0.0001135410275310278,0.0013257500249892473,weak_3x3_bal_strong_150_400,weak_null,True,1622,4285374274,3.885780586188048e-16,0,0
150,400,0.012025540807889756,0.07852017624533802,-0.0018312977473726733,0.07299770830928765,-0.06649463543744827,-0.07482900605666032,0.025840174857638624,-2.5733043914674503,-2.895839771554026,0.01007325704627642,0.003781454219175175,0.178,0.009,0.007,True,999,0.0001157920341938734,0.0013576250057667494,weak_3x3_bal_strong_150_400,weak_null,True,1623,4285374274,3.885780586188048e-16,0,0
150,400,0.08238820374647204,0.07274107174459565,0.06838711278894039,0.06707784518781068,0.00964713200187639,0.0013092676011297044,0.03769486311658941,0.25592696734401227,0.03473331623675533,0.7980072309713291,0.972292394432123,0.865,0.815,0.97,True,999,0.00011612498201429844,0.0014160840073600411,weak_3x3_bal_strong_150_400,weak_null,True,1624,4285374274,3.885780586188048e-16,0,0
150,400,0.06785835744587643,0.05840951665109528,0.05379691949721632,0.052682341923826925,0.009448840794781144,0.001114577573389397,0.03375969517566841,0.27988525209170717,0.03301503664620483,0.7795655423417659,0.9736625966685326,0.86,0.801,0.982,True,999,0.0001190409529954195,0.0013477919856086373,weak_3x3_bal_strong_150_400,weak_null,True,1625,4285374274,3.885780586188048e-16,0,0
150,400,0.07084603277991697,0.08561968524680896,0.05688944849819677,0.07867624232088133,-0.014773652466891996,-0.021786793822684558,0.03842862057021695,-0.3844439963671741,-0.5669418651880993,0.7006493968291327,0.5707536794278885,0.789,0.721,0.581,True,999,0.00012145796790719032,0.0013669580221176147,weak_3x3_bal_strong_150_400,weak_null,True,1626,4285374274,3.885780586188048e-16,0,0
150,400,0.0678270161013852,0.04633821210984196,0.053865408021323447,0.03837626984733333,0.021488803991543237,0.015489138173990114,0.03408707275197159,0.630409192009611,0.45439918782976824,0.5284268983432592,0.6495415368215284,0.684,0.536,0.654,True,999,0.00011399993672966957,0.0013613339979201555,weak_3x3_bal_strong_150_400,weak_null,True,1627,4285374274,3.885780586188048e-16,0,0
150,400,0.07560681228365485,0.08392390336252387,0.061532304199289456,0.07970839326225132,-0.008317091078869021,-0.018176089062961864,0.038226772011771694,-0.21757241433589594,-0.47548061493041194,0.8277622797618891,0.6344444470130299,0.871,0.823,0.646,True,999,0.00011783302761614323,0.0014059579698368907,weak_3x3_bal_strong_150_400,weak_null,True,1628,4285374274,3.885780586188048e-16,0,1
150,400,0.04670725481569926,0.047593842113524465,0.03279220550956552,0.04335500212235388,-0.0008865872978252032,-0.010562796612788361,0.030697011859916603,-0.028881876251378294,-0.3440985285796172,0.976958800248389,0.7307721894394315,0.984,0.977,0.751,True,999,0.00011845794506371021,0.001402250025421381,weak_3x3_bal_strong_150_400,weak_null,True,1629,4285374274,3.885780586188048e-16,0,1
150,400,0.03160823308461813,0.045738773490030527,0.01772619659857355,0.04278308310902901,-0.014130540405412395,-0.025056886510455456,0.027099052404351447,-0.5214403881939198,-0.9246406898874416,0.6020600223172823,0.35515284005135805,0.756,0.603,0.347,True,999,0.00011770904529839754,0.0013873749412596226,weak_3x3_bal_strong_150_400,weak_null,True,1630,4285374274,3.885780586188048e-16,0,2
150,400,0.05656387705744437,0.1006154187738687,0.042653916654330715,0.09403239198661595,-0.044051541716424336,-0.051378475332285234,0.03647914284531478,-1.2075816008950473,-1.408434281204172,0.22720823992930794,0.1590025141792587,0.448,0.255,0.178,True,999,0.00011745793744921684,0.0012688750866800547,weak_3x3_bal_strong_150_400,weak_null,True,1631,4285374274,3.885780586188048e-16,0,0
150,400,0.05367490344392567,0.0614666459509563,0.03975525484563036,0.05585374350889083,-0.00779174250703063,-0.01609848866326047,0.03259911468464727,-0.23901699731435327,-0.49383208160687075,0.8110924027284785,0.6214247739987935,0.89,0.835,0.647,True,999,0.00011237501166760921,0.001304415985941887,weak_3x3_bal_strong_150_400,weak_null,True,1632,4285374274,3.885780586188048e-16,0,0
150,400,0.046547551765393935,0.04751063413605855,0.032636184063449036,0.04170483768487543,-0.0009630823706646141,-0.009068653621426392,0.030380234202024563,-0.031700952805703966,-0.2985050596095158,0.9747105350408737,0.7653177150379875,0.987,0.981,0.767,True,999,0.00011837494093924761,0.0013299590209499002,weak_3x3_bal_strong_150_400,weak_null,True,1633,4285374274,3.885780586188048e-16,0,0
150,400,0.03793387456584951,0.06247515067514403,0.024023316996050426,0.055783801075619976,-0.02454127610929452,-0.03176048407956955,0.030051780998462636,-0.8166330012370975,-1.0568586294833684,0.4141381898307951,0.2905761118092073,0.59,0.391,0.273,True,999,0.00011908309534192085,0.001367625081911683,weak_3x3_bal_strong_150_400,weak_null,True,1634,4285374274,3.885780586188048e-16,0,0
150,400,0.08284767649587033,0.0456767728441429,0.06887529331356745,0.040085756656367266,0.03717090365172743,0.028789536657200188,0.03681868426597224,1.0095663219035969,0.7819273619130226,0.31270311167526443,0.43425726357974725,0.467,0.312,0.439,True,999,0.00012895790860056877,0.0013792499667033553,weak_3x3_bal_strong_150_400,weak_null,True,1635,4285374274,3.885780586188048e-16,0,0
150,400,0.03532517709590932,0.05787080550554785,0.021451879632024884,0.0520754818065825,-0.02254562840963853,-0.030623602174557618,0.029137329773902768,-0.773771261285302,-1.0510092178036867,0.4390660702863094,0.2932543562920973,0.66,0.482,0.312,True,999,0.0001181670231744647,0.0013574579497799277,weak_3x3_bal_strong_150_400,weak_null,True,1636,4285374274,3.885780586188048e-16,0,0
150,400,0.08284647133328882,0.05452632150015546,0.0687650582396202,0.04893310436096954,0.028320149833133357,0.019831953878650666,0.03573608801634886,0.7924804142013867,0.5549559277327101,0.42808060750729715,0.578924806048604,0.557,0.426,0.558,True,999,0.00011324998922646046,0.0013058329932391644,weak_3x3_bal_strong_150_400,weak_null,True,1637,4285374274,3.885780586188048e-16,0,0
150,400,0.0140334872264809,0.07675849181182048,0.0001469814473864517,0.07128007077409393,-0.06272500458533958,-0.07113308932670748,0.025686091324346454,-2.441983242732068,-2.7693232274419377,0.014606824615462692,0.005617287716337949,0.176,0.02,0.011,True,999,0.00011012505274266005,0.0012935000704601407,weak_3x3_bal_strong_150_400,weak_null,True,1638,4285374274,3.885780586188048e-16,0,0
150,400,0.05526709838682109,0.05356485969267599,0.04134442246029835,0.04772817263557272,0.0017022386941450973,-0.006383750175274372,0.03233132171052538,0.05264983316753605,-0.19744785667689418,0.9580109108760552,0.8434770824480867,0.969,0.961,0.846,True,999,0.00011283298954367638,0.0013462499482557178,weak_3x3_bal_strong_150_400,weak_null,True,1639,4285374274,3.885780586188048e-16,0,0
150,400,0.027558935274865748,0.036053604052282584,0.013683450193354929,0.0317380395962914,-0.008494668777416836,-0.018054589402936472,0.024246912615689967,-0.3503402231886632,-0.744613951025398,0.7260833819205608,0.4565051316588339,0.853,0.725,0.455,True,999,0.00011183391325175762,0.0013529580319300294,weak_3x3_bal_strong_150_400,weak_null,True,1640,4285374274,3.885780586188048e-16,0,1
150,400,0.03704184096467822,0.028501169627242307,0.023153351335793104,0.021689371370626986,0.008540671337435912,0.0014639799651661178,0.02607529568309865,0.327538810728492,0.056144328446293815,0.7432603935964591,0.9552268306142356,0.865,0.753,0.958,True,999,0.00011866597924381495,0.0013634999049827456,weak_3x3_bal_strong_150_400,weak_null,True,1641,4285374274,3.885780586188048e-16,0,0
150,400,0.08023925213691196,0.07990925306003438,0.0662387795046584,0.07433380239299936,0.0003299990768775851,-0.008095022888340964,0.03813023470174661,0.008654525193952427,-0.21229931973039126,0.9930947741679373,0.8318735261119548,0.997,0.994,0.847,True,999,0.00011333299335092306,0.0013403749326243997,weak_3x3_bal_strong_150_400,weak_null,True,1642,4285374274,3.885780586188048e-16,0,0
150,400,0.0771500929453457,0.0406943546557067,0.06315346616523243,0.03486845504556868,0.036455738289638995,0.02828501111966375,0.03541099351874567,1.0295034018274654,0.7987635564274803,0.3032431820488911,0.4244275259204927,0.456,0.324,0.443,True,999,0.0001151250908151269,0.0013444580836221576,weak_3x3_bal_strong_150_400,weak_null,True,1643,4285374274,3.885780586188048e-16,0,0
150,400,0.036929400017218006,0.037345484234431736,0.0229155507723533,0.03170083724910455,-0.00041608421721373023,-0.008785286476751253,0.027113256880563184,-0.015346154062074726,-0.3240218065816064,0.9877560211932925,0.7459215248468845,0.997,0.991,0.758,True,999,0.0001116250641644001,0.0013432500418275595,weak_3x3_bal_strong_150_400,weak_null,True,1644,4285374274,3.885780586188048e-16,0,0
150,400,0.11996067039909164,0.08451869805180123,0.10586623012360974,0.07888092568316551,0.03544197234729041,0.026985304440444224,0.04337490548430479,0.8171077712230425,0.6221409393089942,0.4138668422793357,0.5338491973267184,0.541,0.421,0.525,True,999,0.00011441693641245365,0.0013677499955520034,weak_3x3_bal_strong_150_400,weak_null,True,1645,4285374274,3.885780586188048e-16,0,0
150,400,0.10594657548572362,0.013546977443001595,0.09187935344090192,0.006812243775470961,0.09239959804272202,0.08506710966543096,0.03598297208302198,2.567870097821057,2.3640934792478854,0.010232549362934815,0.01807425136777163,0.039,0.007,0.023,True,999,0.00012216600589454174,0.00135404197499156,weak_3x3_bal_strong_150_400,weak_null,True,1646,4285374274,3.885780586188048e-16,0,0
150,400,0.022466105549743265,0.05876882394501037,0.0085994908259579,0.05459653999832881,-0.03630271839526711,-0.04599704917237091,0.026396701314611845,-1.3752748103859405,-1.7425301981543173,0.16904626283735713,0.0814157120725377,0.461,0.186,0.091,True,999,0.00011274998541921377,0.0014020829694345593,weak_3x3_bal_strong_150_400,weak_null,True,1647,4285374274,3.885780586188048e-16,0,1
150,400,0.06359411958703642,0.04421334212532124,0.049635522448824076,0.03849599258663261,0.019380777461715182,0.011139529862191466,0.03259919200900926,0.5945171112326656,0.341711839333714,0.552166301060256,0.7325677613927986,0.725,0.568,0.756,True,999,0.00011825002729892731,0.0012812500353902578,weak_3x3_bal_strong_150_400,weak_null,True,1648,4285374274,3.885780586188048e-16,0,0
150,400,0.07923158542256048,0.035035707795792737,0.0652218843414687,0.029603963943969802,0.04419587762676774,0.03561792039749889,0.03458377992441735,1.2779365853980558,1.0299024709080862,0.20127178688658387,0.3030557907167537,0.39,0.229,0.323,True,999,0.0001140000531449914,0.0013217920204624534,weak_3x3_bal_strong_150_400,weak_null,True,1649,4285374274,3.885780586188048e-16,0,1
150,400,0.060443038561275975,0.06920925675611644,0.04652211830321562,0.06241295199930619,-0.00876621819484047,-0.015890833696090567,0.035376258964521824,-0.2477994692325139,-0.4491948600904121,0.8042895656158926,0.6532910949879889,0.871,0.818,0.656,True,999,0.0001163750421255827,0.0013189580058678985,weak_3x3_bal_strong_150_400,weak_null,True,1650,4285374274,3.885780586188048e-16,0,0
150,400,0.06211832754331903,0.054545210699168456,0.0480864285799214,0.04930358822612391,0.007573116844150574,-0.0012171596462025036,0.03250270705586474,0.232999572347439,-0.037447946846719066,0.8157617378480579,0.9701278434038029,0.884,0.818,0.965,True,999,0.00011925003491342068,0.0013712500222027302,weak_3x3_bal_strong_150_400,weak_null,True,1651,4285374274,3.885780586188048e-16,0,1
150,400,0.07042010659188436,0.0598491754579788,0.056488128434580176,0.05194790262643778,0.010570931133905559,0.004540225808142395,0.03642098260902295,0.2902428868376196,0.12465961879396406,0.7716304286392556,0.9007930274858933,0.853,0.784,0.906,True,999,0.00011866597924381495,0.0013812079560011625,weak_3x3_bal_strong_150_400,weak_null,True,1652,4285374274,3.885780586188048e-16,0,0
150,400,0.03646310635744365,0.03901232080443634,0.022556199139529554,0.032234245127284566,-0.002549214446992687,-0.009678045987755013,0.02694331557743817,-0.0946139846696281,-0.3592002610049681,0.9246214415089792,0.71944528138486,0.962,0.936,0.715,True,999,0.0001290829386562109,0.0013823750196024776,weak_3x3_bal_strong_150_400,weak_null,True,1653,4285374274,3.885780586188048e-16,0,0
150,400,0.0441558710620964,0.08199721753949757,0.0302615416017602,0.07781332445421185,-0.03784134647740117,-0.04755178285245165,0.03445939572791087,-1.0981430660071339,-1.379936642764064,0.2721420225344763,0.16760615315869143,0.513,0.276,0.174,True,999,0.00011633301619440317,0.0013579580700024962,weak_3x3_bal_strong_150_400,weak_null,True,1654,4285374274,3.885780586188048e-16,0,1
150,400,0.05085565875726017,0.05039950344554345,0.0369405165793637,0.04610338780618406,0.00045615531171672163,-0.009162871226820357,0.03140480719690599,0.014525015512964593,-0.2917665174433258,0.988411121874221,0.7704651470868973,0.994,0.988,0.764,True,999,0.00011558306869119406,0.0013478330802172422,weak_3x3_bal_strong_150_400,weak_null,True,1655,4285374274,3.885780586188048e-16,0,1
150,400,0.03325229274309027,0.0411236215575434,0.019372954199326387,0.03548838013659861,-0.007871328814453127,-0.01611542593727222,0.026571352438252916,-0.2962336536216849,-0.6064962622704884,0.7670516497082822,0.5441852636114292,0.87,0.767,0.539,True,999,0.00011616700794547796,0.0013555840123444796,weak_3x3_bal_strong_150_400,weak_null,True,1656,4285374274,3.885780586188048e-16,0,0
150,400,0.06773376863756742,0.02721869762913931,0.05376899891444964,0.021331996613866977,0.040515071008428105,0.03243700230058266,0.03171567652162058,1.2774462175135688,1.02274350914351,0.20144475666518802,0.3064291338720556,0.447,0.214,0.318,True,999,0.00011791696306318045,0.0013719589915126562,weak_3x3_bal_strong_150_400,weak_null,True,1657,4285374274,3.885780586188048e-16,0,0
150,400,0.031377079268605446,0.03466799056056957,0.017483085470757942,0.027797813003417104,-0.003290911291964127,-0.010314727532659163,0.02536612608631621,-0.12973645564820452,-0.4066339297360607,0.8967749388669659,0.6842768732309801,0.945,0.911,0.703,True,999,0.00011749996338039637,0.0014179160352796316,weak_3x3_bal_strong_150_400,weak_null,True,1658,4285374274,3.885780586188048e-16,0,0
150,400,0.05962058362595091,0.0626009913076544,0.04566794681844044,0.056871216390533164,-0.0029804076817034897,-0.011203269572092722,0.03361344489154995,-0.08866712981425867,-0.3332972745946995,0.9293464562200044,0.7389098964534284,0.965,0.943,0.739,True,999,0.00011879205703735352,0.001299459021538496,weak_3x3_bal_strong_150_400,weak_null,True,1659,4285374274,3.885780586188048e-16,0,0
150,400,0.0538607460221725,0.04393406408176159,0.03981678253217069,0.03983551098940552,0.009926681940410909,-1.8728457234828966e-05,0.02994960695336126,0.3314461507247537,-0.0006253323211885109,0.7403075097512799,0.9995010570280705,0.835,0.732,0.999,True,999,0.00011975003872066736,0.0012856669491156936,weak_3x3_bal_strong_150_400,weak_null,True,1660,4285374274,3.885780586188048e-16,0,1
150,400,0.03841858466149328,0.0683670475626928,0.024521041585273906,0.06290476978062998,-0.029948462901199513,-0.03838372819535607,0.03148797737997138,-0.9511078637984823,-1.21899630872356,0.34154962319680715,0.22284559350837607,0.554,0.34,0.224,True,999,0.00011329201515763998,0.0012905409093946218,weak_3x3_bal_strong_150_400,weak_null,True,1661,4285374274,3.885780586188048e-16,0,1
150,400,0.06981211018998468,0.09613793112882019,0.0558021523637251,0.09054910575170538,-0.02632582093883551,-0.034746953387980284,0.03775760324372628,-0.6972323102423019,-0.9202637456537647,0.4856574216733083,0.35743494969779765,0.64,0.487,0.349,True,999,0.0001140000531449914,0.0013367499923333526,weak_3x3_bal_strong_150_400,weak_null,True,1662,4285374274,3.885780586188048e-16,0,0
150,400,0.05082158961004635,0.0793730848745886,0.03692347520114936,0.07248887974213858,-0.02855149526454226,-0.03556540454098922,0.03496974073381876,-0.8164628809195172,-1.0170336924058003,0.4142354451146867,0.30913740169583237,0.618,0.437,0.335,True,999,0.0001157920341938734,0.0013760420260950923,weak_3x3_bal_strong_150_400,weak_null,True,1663,4285374274,3.885780586188048e-16,0,0
150,400,0.07876392387122966,0.04281340034851466,0.06478868134806248,0.035882291526775134,0.035950523522714994,0.028906389821287348,0.03439659927651324,1.0451766825467192,0.8403851086821036,0.2959413181666405,0.4006924957764503,0.494,0.325,0.429,True,999,0.00011866702698171139,0.001362374983727932,weak_3x3_bal_strong_150_400,weak_null,True,1664,4285374274,3.885780586188048e-16,0,0
150,400,0.05999525198206079,0.03551940226669209,0.04605063718133806,0.029593131041025345,0.024475849715368703,0.016457506140312717,0.03192465598688253,0.7666754412459619,0.5155108373626615,0.4432745087700304,0.6061960985173607,0.622,0.45,0.597,True,999,0.00011924991849809885,0.0013463749783113599,weak_3x3_bal_strong_150_400,weak_null,True,1665,4285374274,3.885780586188048e-16,0,0
150,400,0.08105362154582307,0.049601941397834526,0.06709997717487681,0.04816540033228023,0.03145168014798855,0.018934576842596584,0.03822179625383636,0.8228728953268833,0.4953868917318637,0.41058027775745354,0.6203270458430099,0.557,0.424,0.628,True,999,0.00011933292262256145,0.0013752500526607037,weak_3x3_bal_strong_150_400,weak_null,True,1666,4285374274,3.885780586188048e-16,0,3
150,400,0.06220837454592809,0.029817906313645892,0.048187062429491334,0.02207419796050658,0.0323904682322822,0.026112864468984753,0.03155559006409645,1.0264573778050077,0.8275194479312126,0.30467604423032835,0.40794270372197516,0.543,0.317,0.425,True,999,0.00011358305346220732,0.0012746250722557306,weak_3x3_bal_strong_150_400,weak_null,True,1667,4285374274,3.885780586188048e-16,0,0
150,400,0.09453244648752523,0.04641149937838057,0.08055641610999942,0.04054650881778343,0.04812094710914466,0.040009907292215985,0.038453866299381405,1.2513942482272262,1.0404651376462402,0.21079067473463775,0.29812385276578246,0.398,0.237,0.33,True,999,0.00011183391325175762,0.001316542038694024,weak_3x3_bal_strong_150_400,weak_null,True,1668,4285374274,3.885780586188048e-16,0,0
150,400,0.06432096517913033,0.049698237561579095,0.05027239542303619,0.04287580929269552,0.014622727617551234,0.0073965861303406655,0.03295328249001539,0.44374115452631513,0.22445673303051913,0.6572297374532612,0.82240193003537,0.767,0.668,0.833,True,999,0.00011470797471702099,0.001331124920397997,weak_3x3_bal_strong_150_400,weak_null,True,1669,4285374274,3.885780586188048e-16,0,0
150,400,0.03193876941058971,0.07920691858972218,0.018032143001988743,0.07259908812085314,-0.04726814917913247,-0.054566945118864396,0.030834871209448694,-1.5329445956838679,-1.7696504956422037,0.12528950661080696,0.07678538140020415,0.363,0.123,0.076,True,999,0.0001472920412197709,0.0013006670633330941,weak_3x3_bal_strong_150_400,weak_null,True,1670,4285374274,3.885780586188048e-16,0,0
150,400,0.07307334176753555,0.027258131192378576,0.059121117472841433,0.018400710317166613,0.04581521057515697,0.04072040715567482,0.032702917025125476,1.400951803166592,1.245161314643264,0.16122848617386865,0.21307245953367804,0.331,0.144,0.188,True,999,0.00011058291420340538,0.0012762079713866115,weak_3x3_bal_strong_150_400,weak_null,True,1671,4285374274,3.885780586188048e-16,0,0
150,400,0.101119549369723,0.05895513790855228,0.08713580601801141,0.052328385894213625,0.042164411461170725,0.03480742012379778,0.03997723581370141,1.054710527202576,0.870681011713877,0.2915577356715313,0.38392834914831353,0.414,0.289,0.37,True,999,0.00010908395051956177,0.0013120840303599834,weak_3x3_bal_strong_150_400,weak_null,True,1672,4285374274,3.885780586188048e-16,0,0
150,400,0.04058297744256434,0.0738874943214084,0.02668711199714835,0.06846108889229185,-0.03330451687884406,-0.041773976895143505,0.0319655568449146,-1.0418875867054533,-1.306843397029366,0.29746379992046557,0.19126590307105085,0.535,0.314,0.208,True,999,0.00011808308772742748,0.0013293750816956162,weak_3x3_bal_strong_150_400,weak_null,True,1673,4285374274,3.885780586188048e-16,0,1
150,400,0.05859682043644732,0.0516747598263384,0.04464072145691489,0.04626757025968686,0.0069220606101089155,-0.001626848802771974,0.03353991175005985,0.20638279139469,-0.04850486235310595,0.8364919119625044,0.9613138894075186,0.894,0.836,0.957,True,999,0.00011983304284512997,0.0013491250574588776,weak_3x3_bal_strong_150_400,weak_null,True,1674,4285374274,3.885780586188048e-16,0,1
150,400,0.03093648211212896,0.04832073670317488,0.017026950775175465,0.04399331653090144,-0.017384254591045922,-0.026966365755725974,0.02693517638568758,-0.645410831624749,-1.0011579419266385,0.5186609859274689,0.31675045621044884,0.721,0.508,0.312,True,999,0.00011537503451108932,0.0013946669641882181,weak_3x3_bal_strong_150_400,weak_null,True,1675,4285374274,3.885780586188048e-16,0,1
150,400,0.044547467295934284,0.052261321208462164,0.03056811960664163,0.04945808125611961,-0.007713853912527879,-0.018889961649477982,0.03134650061460561,-0.24608341477624718,-0.6026178769274291,0.8056176614719689,0.5467629249831729,0.882,0.795,0.546,True,999,0.0001230830093845725,0.001322958036325872,weak_3x3_bal_strong_150_400,weak_null,True,1676,4285374274,3.885780586188048e-16,0,2
150,400,0.07651536692343308,0.0563731651839986,0.06252718406875601,0.05057531358150413,0.020142201739434484,0.011951870487251881,0.034742602531436774,0.5797551211429499,0.3440119512186013,0.5620797660017054,0.7308372982581536,0.68,0.588,0.737,True,999,0.00011741602793335915,0.0013442919589579105,weak_3x3_bal_strong_150_400,weak_null,True,1677,4285374274,3.885780586188048e-16,0,0
150,400,0.034006675478650994,0.038339009573138794,0.020121068872839487,0.032646994413426,-0.0043323340944878,-0.012525925540586513,0.02611655676018756,-0.16588458173368664,-0.47961627007742486,0.8682477813735406,0.6315002750953733,0.917,0.866,0.63,True,999,0.0001163750421255827,0.0013282080180943012,weak_3x3_bal_strong_150_400,weak_null,True,1678,4285374274,3.885780586188048e-16,0,0
150,400,0.107620850188616,0.03666779829697725,0.0935552886063249,0.03250990264191955,0.07095305189163875,0.06104538596440534,0.037505577519253874,1.8918000090843627,1.6276348746547646,0.058517632101190764,0.10360232972876394,0.155,0.059,0.103,True,999,0.00011979194823652506,0.0014017920475453138,weak_3x3_bal_strong_150_400,weak_null,True,1679,4285374274,3.885780586188048e-16,0,1
150,400,0.039240863105753476,0.08624010746118371,0.025331442811932448,0.07962990553582472,-0.046999244355430236,-0.05429846272389227,0.03210251071720905,-1.4640364041755638,-1.6914086004738793,0.14318400187916072,0.09075879081938772,0.352,0.143,0.087,True,999,0.0001223749713972211,0.0013680419651791453,weak_3x3_bal_strong_150_400,weak_null,True,1680,4285374274,3.885780586188048e-16,0,0
150,400,0.046741931705772455,0.05302511917159303,0.032847225534084146,0.04625425039193942,-0.006283187465820572,-0.013407024857855276,0.03084239173449172,-0.20371920309908867,-0.4346947206063111,0.8385729349744677,0.6637840309788197,0.894,0.826,0.658,True,999,0.00012920901644974947,0.0013767919735983014,weak_3x3_bal_strong_150_400,weak_null,True,1681,4285374274,3.885780586188048e-16,0,0
150,400,0.09336797901731542,0.08744788358828443,0.0793680803051302,0.08064636750154364,0.0059200954290309915,-0.0012782871964134301,0.042203907885965106,0.14027363165105658,-0.030288360970442837,0.8884437972117275,0.9758370789155957,0.908,0.867,0.976,True,999,0.00011300004553049803,0.0013010830152779818,weak_3x3_bal_strong_150_400,weak_null,True,1682,4285374274,3.885780586188048e-16,0,0
150,400,0.030585338254133676,0.036732966832794034,0.016714830065780006,0.03087345869539604,-0.006147628578660358,-0.014158628629616032,0.025746868901510876,-0.23877189114438702,-0.549916523200426,0.8112824674836392,0.5823766306019165,0.891,0.803,0.58,True,999,0.00010987499263137579,0.0013130829902365804,weak_3x3_bal_strong_150_400,weak_null,True,1683,4285374274,3.885780586188048e-16,0,0
150,400,0.05681240390106712,0.03975241135479246,0.0428112253112829,0.034484656615404674,0.01705999254627466,0.008326568695878223,0.03024839153288405,0.5639966848395283,0.2752731062352895,0.5727563883099058,0.7831064247228848,0.757,0.591,0.787,True,999,0.00010866695083677769,0.0013271250063553452,weak_3x3_bal_strong_150_400,weak_null,True,1684,4285374274,3.885780586188048e-16,0,1
150,400,0.09258470604224067,0.04766988335039796,0.07860497659370935,0.042103574343542505,0.044914822691842715,0.03650140225016685,0.0381158869031718,1.178375379430175,0.9576427368171615,0.23864698860610745,0.3382429411042641,0.411,0.246,0.349,True,999,0.00012162502389401197,0.0013537079794332385,weak_3x3_bal_strong_150_400,weak_null,True,1685,4285374274,3.885780586188048e-16,0,0
150,400,0.09101306178765034,0.05967413928238052,0.07704122412778247,0.053826570489690084,0.03133892250526982,0.023214653638092386,0.03896202501010074,0.8043453207872368,0.5958276971505995,0.4211975704718838,0.5512903387303834,0.515,0.393,0.531,True,999,0.00011154101230204105,0.001345416996628046,weak_3x3_bal_strong_150_400,weak_null,True,1686,4285374274,3.885780586188048e-16,0,0
150,400,0.07661765426216949,0.06094617437180372,0.06264495939507242,0.05402314614627812,0.01567147989036577,0.008621813248794297,0.03660611007855709,0.42811104093646146,0.23552934825065533,0.6685702787782695,0.8137979028372915,0.765,0.665,0.801,True,999,0.0001460420899093151,0.0013546249829232693,weak_3x3_bal_strong_150_400,weak_null,True,1687,4285374274,3.885780586188048e-16,0,0
150,400,0.040194281975944435,0.06936096866788105,0.026309201951306704,0.06522264760710073,-0.029166686691936616,-0.03891344565579402,0.03155308483082826,-0.9243687851223958,-1.2332691356305827,0.3552943409430187,0.21747536904453346,0.57,0.357,0.226,True,999,0.00010904099326580763,0.0013630420435220003,weak_3x3_bal_strong_150_400,weak_null,True,1688,4285374274,3.885780586188048e-16,0,1
150,400,0.06898424299019057,0.051856706856181045,0.05501411305291981,0.044921288154768035,0.017127536134009524,0.010092824898151775,0.03459666602101664,0.495063198390416,0.29172825185006634,0.6205555104514859,0.7704944065054365,0.73,0.608,0.763,True,999,0.00011700007598847151,0.0012878330890089273,weak_3x3_bal_strong_150_400,weak_null,True,1689,4285374274,3.885780586188048e-16,0,0
150,400,0.12136070396365373,0.053682287140642326,0.10730161052913445,0.04845380459389048,0.0676784168230114,0.05884780593524397,0.040876736006480854,1.6556707661854713,1.43964053113032,0.09778851058257482,0.14996912630059742,0.197,0.095,0.137,True,999,0.00011983304284512997,0.0013394999550655484,weak_3x3_bal_strong_150_400,weak_null,True,1690,4285374274,3.885780586188048e-16,0,1
150,400,0.08204759684463547,0.0652441824256581,0.06808967016675638,0.059492623793602206,0.01680341441897737,0.008597046373154171,0.03883836750889629,0.4326498639554917,0.22135447302683198,0.6652691580924397,0.824816438402447,0.716,0.647,0.807,True,999,0.00012199999764561653,0.0013585840351879597,weak_3x3_bal_strong_150_400,weak_null,True,1691,4285374274,3.885780586188048e-16,0,0
150,400,0.08933530722880434,0.07248600744933043,0.07530591335657277,0.06555755789356965,0.016849299779473914,0.009748355463003122,0.03924983420629273,0.42928333635540683,0.2483667933924729,0.6677170421098766,0.8038506238002909,0.813,0.713,0.831,True,999,0.00011937494855374098,0.0014100000262260437,weak_3x3_bal_strong_150_400,weak_null,True,1692,4285374274,3.885780586188048e-16,0,0
150,400,0.09616807782376702,0.07840050989807229,0.08216285910697252,0.07281047431794718,0.017767567925694727,0.009352384789025336,0.04088539357353455,0.4345700596898697,0.22874635588879866,0.663874531297536,0.8190660630630504,0.765,0.668,0.824,True,999,0.00012079207226634026,0.0012909999350085855,weak_3x3_bal_strong_150_400,weak_null,True,1693,4285374274,3.885780586188048e-16,0,0
150,400,0.033526159514963405,0.0637685842333714,0.019634453840581045,0.05985996723185849,-0.03024242471840799,-0.040225513391277445,0.029771997311157105,-1.0158010026110875,-1.3511190724245723,0.3097241584952932,0.17665729284502274,0.552,0.298,0.181,True,999,0.00011312507558614016,0.0013386659556999803,weak_3x3_bal_strong_150_400,weak_null,True,1694,4285374274,3.885780586188048e-16,0,2
150,400,0.11644143804175111,0.10331964870411747,0.10225001896654362,0.09752620526884925,0.013121789337633638,0.004723813697694368,0.04302692691413926,0.3049669190602044,0.10978738284332493,0.7603913476449249,0.9125779975851923,0.801,0.748,0.903,True,999,0.00011725001968443394,0.0012974579585716128,weak_3x3_bal_strong_150_400,weak_null,True,1695,4285374274,3.885780586188048e-16,0,0
150,400,0.1575871555295607,0.03188933218664086,0.14337580779033487,0.02591934589472089,0.12569782334291985,0.11745646189561398,0.04312289274344502,2.914874567686019,2.7237611955767553,0.0035583152412786818,0.006454315663037781,0.02,0.005,0.013,True,999,0.00012029195204377174,0.0013597499346360564,weak_3x3_bal_strong_150_400,weak_null,True,1696,4285374274,3.885780586188048e-16,0,0
150,400,0.09285949140985661,0.06588694103949821,0.07882002458555348,0.05913136185000667,0.026972550370358395,0.019688662735546814,0.03931878105100088,0.6859966064403665,0.5007444841692422,0.4927152483731372,0.6165509609309292,0.646,0.492,0.606,True,999,0.0001341670285910368,0.001360249938443303,weak_3x3_bal_strong_150_400,weak_null,True,1697,4285374274,3.885780586188048e-16,0,0
150,400,0.057559465267190246,0.07252399975846147,0.043581342301166615,0.06472412693949536,-0.01496453449127122,-0.02114278463832875,0.03472837780312495,-0.43090220269155993,-0.6088042683187541,0.6665394817873286,0.5426541840931561,0.776,0.664,0.521,True,999,0.00011870800517499447,0.0013471250422298908,weak_3x3_bal_strong_150_400,weak_null,True,1698,4285374274,3.885780586188048e-16,0,0
150,400,0.06152205254886911,0.04184610121735832,0.04754326625732119,0.0352128244840344,0.019675951331510788,0.012330441773286793,0.03149815483075363,0.6246699667721461,0.3914655267758036,0.5321876884823711,0.6954531653100802,0.673,0.531,0.693,True,999,0.00011158303823322058,0.0012803750578314066,weak_3x3_bal_strong_150_400,weak_null,True,1699,4285374274,3.885780586188048e-16,0,0
150,400,0.05352731794663668,0.06504982730577491,0.039618767716206094,0.058102689464107016,-0.011522509359138233,-0.018483921747900922,0.033427588743206,-0.34470058392949837,-0.5529540850192999,0.7303194791010786,0.5802948510268697,0.804,0.727,0.572,True,999,0.00011408294085413218,0.0013018749887123704,weak_3x3_bal_strong_150_400,weak_null,True,1700,4285374274,3.885780586188048e-16,0,0
150,400,0.09601210402594296,0.03216239590917103,0.0820035742686116,0.02642477982908531,0.06384970811677193,0.05557879443952629,0.03683583771567919,1.733358383474316,1.5088239574871716,0.08303198964421928,0.13134377666387287,0.231,0.094,0.146,True,999,0.00011112506035715342,0.0013712920481339097,weak_3x3_bal_strong_150_400,weak_null,True,1701,4285374274,3.885780586188048e-16,0,0
150,400,0.07085350111050426,0.05629266408696032,0.05689788427125109,0.048396699634622564,0.014560837023543938,0.008501184636628523,0.036500353065339546,0.39892318294780543,0.23290691521286083,0.6899498065931808,0.8158336885360655,0.78,0.682,0.81,True,999,0.00011716701555997133,0.0013259159168228507,weak_3x3_bal_strong_150_400,weak_null,True,1702,4285374274,3.885780586188048e-16,0,0
150,400,0.048856725184320604,0.07016668934828652,0.03495272367243274,0.06442818505109926,-0.02130996416396591,-0.029475461378666523,0.03331924153291513,-0.6395693054091404,-0.8846378255503973,0.5224526430892185,0.3763519988598427,0.713,0.545,0.409,True,999,0.00011258304584771395,0.0012900829315185547,weak_3x3_bal_strong_150_400,weak_null,True,1703,4285374274,3.885780586188048e-16,0,0
150,400,0.05910770968383927,0.053617755146205814,0.045177987243846474,0.04697142587582448,0.005489954537633457,-0.001793438631978006,0.033114432993590376,0.1657873634344303,-0.054158820485470605,0.8683242910191875,0.9568086289967986,0.901,0.855,0.942,True,999,0.0001485419925302267,0.0013020409969612956,weak_3x3_bal_strong_150_400,weak_null,True,1704,4285374274,3.885780586188048e-16,0,0
150,400,0.03691283139267787,0.10657462282143415,0.023030326009205737,0.1010863447158954,-0.06966179142875628,-0.07805601870668966,0.03365735048594859,-2.0697348550308194,-2.3191373527538004,0.03847718084222209,0.020387589997229845,0.174,0.034,0.023,True,999,0.00011266698129475117,0.0013004159554839134,weak_3x3_bal_strong_150_400,weak_null,True,1705,4285374274,3.885780586188048e-16,0,0
150,400,0.03463257464022629,0.05894512481690678,0.020749261907440086,0.05095359455336279,-0.024312550176680492,-0.030204332645922705,0.02935687769861487,-0.8281722064001247,-1.0288673392316452,0.407572981686922,0.30354201788051693,0.629,0.419,0.291,True,999,0.00011808297131210566,0.0013145830016583204,weak_3x3_bal_strong_150_400,weak_null,True,1706,4285374274,3.885780586188048e-16,0,0
150,400,0.06212266660485355,0.06291948533901026,0.04815360205631691,0.05763850899126055,-0.0007968187341567123,-0.009484906934943638,0.03438067270171906,-0.02317635670103892,-0.27587903870389907,0.9815095981606221,0.7826409740667306,0.989,0.981,0.769,True,999,0.00012258300557732582,0.0013524999376386404,weak_3x3_bal_strong_150_400,weak_null,True,1707,4285374274,3.885780586188048e-16,0,1
150,400,0.0163103891647034,0.05261166484902241,0.0024388294338564265,0.04731446517837412,-0.03630127568431901,-0.044875635744517695,0.024607329956992188,-1.475222047567334,-1.8236694441432584,0.1401528558393925,0.06820206097818059,0.414,0.158,0.086,True,999,0.00012949993833899498,0.0013765000039711595,weak_3x3_bal_strong_150_400,weak_null,True,1708,4285374274,3.885780586188048e-16,0,1
150,400,0.06456114335820606,0.05702928494264303,0.05061494289299162,0.05106174276176034,0.007531858415563031,-0.00044679986876872135,0.03386367921387396,0.2224170140519529,-0.013194073388979757,0.8239892682065759,0.9894729579805666,0.878,0.832,0.99,True,999,0.00011887506116181612,0.0013762920862063766,weak_3x3_bal_strong_150_400,weak_null,True,1709,4285374274,3.885780586188048e-16,0,0
150,400,0.03758600185076366,0.0539120430286798,0.023698687397399,0.04725241694518445,-0.01632604117791614,-0.02355372954778545,0.029382652085865515,-0.5556353841105365,-0.8016202716811918,0.5784601371827915,0.4227726476931357,0.736,0.573,0.436,True,999,0.00011045800056308508,0.0012989579699933529,weak_3x3_bal_strong_150_400,weak_null,True,1710,4285374274,3.885780586188048e-16,0,0
150,400,0.0436975953077241,0.0853566839727079,0.029792236462441224,0.07972541814322653,-0.0416590886649838,-0.04993318168078531,0.03281567803923342,-1.269487365617662,-1.5216257796376087,0.2042672938994785,0.1281028742571404,0.435,0.206,0.134,True,999,0.00011125009041279554,0.0013149160658940673,weak_3x3_bal_strong_150_400,weak_null,True,1711,4285374274,3.885780586188048e-16,0,0
150,400,0.06498952180531425,0.06118328077007368,0.051057780632817185,0.05460712512740429,0.0038062410352405762,-0.0035493444945871033,0.035424246310147456,0.10744733993536679,-0.10019534257727808,0.9144341000166922,0.9201892434942761,0.948,0.912,0.918,True,999,0.000116499955765903,0.001323250005953014,weak_3x3_bal_strong_150_400,weak_null,True,1712,4285374274,3.885780586188048e-16,0,0
150,400,0.043146157994142564,0.031651777915946755,0.02922427008371642,0.024692462463249853,0.01149438007819581,0.004531807620466566,0.028125582220404448,0.4086806092802199,0.16112760208671684,0.6827740657352658,0.8719929009554577,0.795,0.665,0.883,True,999,0.00011870800517499447,0.0013698750408366323,weak_3x3_bal_strong_150_400,weak_null,True,1713,4285374274,3.885780586188048e-16,0,0
150,400,0.07419273980822227,0.06388521518500445,0.06000427672307751,0.05962663647829913,0.010307524623217823,0.00037764024477837665,0.034060945258197584,0.30262004019800565,0.011087192146773686,0.7621794403100762,0.9911538817998757,0.831,0.774,0.993,True,999,0.00011791696306318045,0.0013749999925494194,weak_3x3_bal_strong_150_400,weak_null,True,1714,4285374274,3.885780586188048e-16,0,1
150,400,0.03422936476375282,0.06545827700106926,0.020344666496328045,0.061396878507508745,-0.031228912237316442,-0.0410522120111807,0.028949600207383495,-1.0787337999006845,-1.4180579944834775,0.2807064134967907,0.15617383365051607,0.49,0.292,0.182,True,999,0.00011808297131210566,0.0013790829107165337,weak_3x3_bal_strong_150_400,weak_null,True,1715,4285374274,3.885780586188048e-16,0,1
150,400,0.0959528560314249,0.06087254620614313,0.08182776345509524,0.0540097461557707,0.035080309825281764,0.027818017299324538,0.03865075258238914,0.9076229434473103,0.7197277010331633,0.3640774682035507,0.47169266715267255,0.525,0.363,0.469,True,999,0.00011629203800112009,0.0013067910913378,weak_3x3_bal_strong_150_400,weak_null,True,1716,4285374274,3.885780586188048e-16,0,0
150,400,0.022126150193916505,0.04303307629986469,0.008244852334172492,0.03893993653039729,-0.020906926105948187,-0.030695084196224798,0.023890708302430824,-0.8751070014873086,-1.2848126479825484,0.3815156878516234,0.1988577614803797,0.644,0.391,0.211,True,999,0.00011633301619440317,0.0013162500690668821,weak_3x3_bal_strong_150_400,weak_null,True,1717,4285374274,3.885780586188048e-16,0,1
150,400,0.07820929948170385,0.06106670347317833,0.06421129659744906,0.05516631256443816,0.017142596008525524,0.009044984033010905,0.037725927386595914,0.45439826655172744,0.23975511430965124,0.6495421997926464,0.8105201057061867,0.754,0.653,0.803,True,999,0.00011229095980525017,0.0013509170385077596,weak_3x3_bal_strong_150_400,weak_null,True,1718,4285374274,3.885780586188048e-16,0,0
150,400,0.05321865041340601,0.05876784380299849,0.03928970391467601,0.0546390326757944,-0.005549193389592477,-0.015349328761118386,0.031908409773001606,-0.17391005785213934,-0.4810433634992924,0.8619361480609075,0.6304856795868453,0.908,0.864,0.641,True,999,0.00011179200373589993,0.0013874160358682275,weak_3x3_bal_strong_150_400,weak_null,True,1719,4285374274,3.885780586188048e-16,0,1
150,400,0.05442145504390483,0.0659995620277562,0.04048927289579751,0.06074462011818582,-0.011578106983851366,-0.02025534722238831,0.0332163684015287,-0.34856631055785475,-0.609800173743741,0.7274149235252118,0.5419941864121824,0.789,0.708,0.536,True,999,0.0001188330352306366,0.0013760420260950923,weak_3x3_bal_strong_150_400,weak_null,True,1720,4285374274,3.885780586188048e-16,0,1
150,400,0.10635833463611344,0.0610220179089318,0.09234071866615068,0.05808787996102183,0.045336316727181636,0.03425283870512885,0.04202744020512088,1.0787313361439888,0.8150113006634003,0.28070751212681155,0.4150658415262928,0.462,0.327,0.444,True,999,0.00015716697089374065,0.0013130840379744768,weak_3x3_bal_strong_150_400,weak_null,True,1721,4285374274,3.885780586188048e-16,0,2
150,400,0.04023483120023719,0.06282475766049561,0.026344311177325608,0.056033023932258175,-0.022589926460258425,-0.029688712754932567,0.031170689901203655,-0.7247169225916337,-0.9524560684743182,0.46862571122671326,0.3408657357850936,0.665,0.46,0.327,True,999,0.00011054100468754768,0.0013243750436231494,weak_3x3_bal_strong_150_400,weak_null,True,1722,4285374274,3.885780586188048e-16,0,0
150,400,0.06729008923665258,0.06246715263941938,0.053121703679863685,0.0566960463486339,0.004822936597233207,-0.003574342668770214,0.03321294185795087,0.1452125685782526,-0.10761897226862333,0.8845430428266994,0.9142979467042943,0.916,0.88,0.923,True,999,0.00011687504593282938,0.0012937079882249236,weak_3x3_bal_strong_150_400,weak_null,True,1723,4285374274,3.885780586188048e-16,0,0
150,400,0.05936775237074721,0.049011913533939244,0.04541196479874543,0.04323897089358297,0.010355838836807962,0.002172993905162457,0.03320701523597342,0.3118569604409794,0.06543779649332758,0.7551492329423752,0.9478254313049258,0.852,0.786,0.96,True,999,0.000122333993203938,0.0013477919856086373,weak_3x3_bal_strong_150_400,weak_null,True,1724,4285374274,3.885780586188048e-16,0,0
150,400,0.10469571142348211,0.07720932508448797,0.09068429096475938,0.07289032929418227,0.02748638633899414,0.01779396167057712,0.041205096256101206,0.6670627868008985,0.4318388570186238,0.5047320289405046,0.665858536030864,0.624,0.513,0.684,True,999,0.00011954107321798801,0.0013630000175908208,weak_3x3_bal_strong_150_400,weak_null,True,1725,4285374274,3.885780586188048e-16,0,1
150,400,0.0774632321859765,0.05899463934068161,0.06339457609604437,0.05212408277319014,0.018468592845294896,0.011270493322854236,0.03592525922844067,0.514083773978004,0.31372058448312634,0.6071934213151299,0.7537332653468334,0.732,0.625,0.767,True,999,0.00012345891445875168,0.0013960000360384583,weak_3x3_bal_strong_150_400,weak_null,True,1726,4285374274,3.885780586188048e-16,0,0
150,400,0.1283898291399781,0.10778661241364823,0.11414136968809885,0.10340846268786663,0.020603216726329865,0.010732907000232217,0.04583702354891644,0.44948853854662896,0.23415366376872734,0.6530792742914836,0.8148656860319459,0.717,0.652,0.815,True,999,0.00011962500866502523,0.0012892920058220625,weak_3x3_bal_strong_150_400,weak_null,True,1727,4285374274,3.885780586188048e-16,0,1
150,400,0.08242499069868092,0.03420209053528084,0.06845709190733373,0.02844952391512834,0.048222900163400084,0.040007567992205395,0.03566265311035346,1.3521960919222855,1.121833753321918,0.17631259357413243,0.2619331319167585,0.331,0.198,0.266,True,999,0.00011191598605364561,0.001310874940827489,weak_3x3_bal_strong_150_400,weak_null,True,1728,4285374274,3.885780586188048e-16,0,0
150,400,0.060728023817889554,0.06858962098795107,0.04679504964380499,0.06198181077846243,-0.007861597170061518,-0.015186761134657445,0.0344237552423661,-0.22837709351320484,-0.44117095963913755,0.819353095677158,0.6590892352925319,0.876,0.819,0.663,True,999,0.0001426249509677291,0.0012831250205636024,weak_3x3_bal_strong_150_400,weak_null,True,1729,4285374274,3.885780586188048e-16,0,0
150,400,0.03898606068053523,0.05438801694320278,0.02508351424967259,0.047655832476863225,-0.015401956262667549,-0.022572318227190635,0.029399428003509517,-0.5238862559104538,-0.7677808637806183,0.6003576547882664,0.44261738523316174,0.733,0.618,0.443,True,999,0.00011324998922646046,0.0013610420282930136,weak_3x3_bal_strong_150_400,weak_null,True,1730,4285374274,3.885780586188048e-16,0,0
150,400,0.0782217945312802,0.07971399425090375,0.06425210819406857,0.07398407663393414,-0.0014921997196235548,-0.009731968439865568,0.03930382689204847,-0.0379657615458672,-0.2476086734911413,0.969714980664493,0.8044371992015464,0.989,0.981,0.816,True,999,0.00011904200073331594,0.001370707992464304,weak_3x3_bal_strong_150_400,weak_null,True,1731,4285374274,3.885780586188048e-16,0,0
150,400,0.04838923481770707,0.03934081516434257,0.034486646939654975,0.031430969112733464,0.009048419653364503,0.00305567782692151,0.03027466434251736,0.2988776209372209,0.10093184823952463,0.7650334229904704,0.9196045609558705,0.873,0.801,0.921,True,999,0.00011791707947850227,0.001382750109769404,weak_3x3_bal_strong_150_400,weak_null,True,1732,4285374274,3.885780586188048e-16,0,0
150,400,0.060634587729011535,0.06681948256139636,0.046693141829479146,0.06124690316076453,-0.006184894832384824,-0.014553761331285386,0.03515295231477874,-0.17594240099670425,-0.41401249035822246,0.8603391937276936,0.6788649594753593,0.908,0.867,0.694,True,999,0.00011916703078895807,0.0013563339598476887,weak_3x3_bal_strong_150_400,weak_null,True,1733,4285374274,3.885780586188048e-16,0,0
150,400,0.0390394762126971,0.04992298648044552,0.025145010425262626,0.04203149018914587,-0.01088351026774842,-0.016886479763883244,0.02929491120945026,-0.3715153867487232,-0.5764304811559158,0.7102536977408931,0.5643242465010703,0.821,0.719,0.56,True,999,0.0001384170027449727,0.001356584019958973,weak_3x3_bal_strong_150_400,weak_null,True,1734,4285374274,3.885780586188048e-16,0,0
150,400,0.04545477295849021,0.046670794905597335,0.031522013690505446,0.03973722704446914,-0.0012160219471071265,-0.00821521335396369,0.030274224162988937,-0.04016690702164208,-0.27135999620452744,0.9679600606989153,0.7861141664804571,0.981,0.966,0.79,True,999,0.0001181670231744647,0.00137141696177423,weak_3x3_bal_strong_150_400,weak_null,True,1735,4285374274,3.885780586188048e-16,0,0
150,400,0.09663125148577278,0.09357353628754489,0.08264134737498807,0.0865734816756003,0.003057715198227895,-0.003932134300612233,0.041956774308683456,0.0728777473628392,-0.09371869895628347,0.941903401879067,0.925332616034399,0.949,0.938,0.923,True,999,0.00011954200454056263,0.0013315420364961028,weak_3x3_bal_strong_150_400,weak_null,True,1736,4285374274,3.885780586188048e-16,0,0
150,400,0.06807886690658127,0.050360806516845935,0.054114629451760266,0.04355260154767393,0.017718060389735335,0.010562027904086335,0.03370219638285499,0.5257242046915638,0.31339286567861374,0.5990798438142053,0.753982203795245,0.739,0.599,0.747,True,999,0.00010954099707305431,0.0013327079359441996,weak_3x3_bal_strong_150_400,weak_null,True,1737,4285374274,3.885780586188048e-16,0,0
150,400,0.07822675096069442,0.058048498645854374,0.06414200234834766,0.050152256869864686,0.02017825231484005,0.013989745478482973,0.03673115323329484,0.5493498172159086,0.38086866997146207,0.5827654056720608,0.7033007011873307,0.709,0.588,0.708,True,999,0.0001181670231744647,0.0014583750162273645,weak_3x3_bal_strong_150_400,weak_null,True,1738,4285374274,3.885780586188048e-16,0,0
150,400,0.04301907299330776,0.04072523088517649,0.029073279951461473,0.03505470723939652,0.002293842108131272,-0.005981427287935048,0.02826917811649789,0.0811428651614242,-0.21158829815587343,0.9353283365885122,0.8324282393607623,0.963,0.947,0.831,True,999,0.00013533292803913355,0.0013853330165147781,weak_3x3_bal_strong_150_400,weak_null,True,1739,4285374274,3.885780586188048e-16,0,0
150,400,0.019618371385103917,0.040843442025504495,0.005747166393632597,0.035042961407953044,-0.02122507064040058,-0.029295795014320447,0.02340394741687495,-0.9069013129424768,-1.2517458910883255,0.36445898680209166,0.21066247225425783,0.669,0.377,0.237,True,999,0.00011958298273384571,0.0012774579226970673,weak_3x3_bal_strong_150_400,weak_null,True,1740,4285374274,3.885780586188048e-16,0,0
150,400,0.08995132645616155,0.04945070910062427,0.0758364592975056,0.04357156547311547,0.04050061735553728,0.03226489382439013,0.03615548580946927,1.1201790391910598,0.8923927614862754,0.26263747427953155,0.37218244958684044,0.444,0.257,0.386,True,999,0.00011441600508987904,0.0013104579411447048,weak_3x3_bal_strong_150_400,weak_null,True,1741,4285374274,3.885780586188048e-16,0,0
150,400,0.04144311027076375,0.0270124890067448,0.027554700140598243,0.020183925508007405,0.01443062126401895,0.007370774632590837,0.02689325820017381,0.53658880439878,0.2740751818812047,0.591551679183988,0.7840268458227311,0.771,0.618,0.811,True,999,0.0001116669736802578,0.0013800410088151693,weak_3x3_bal_strong_150_400,weak_null,True,1742,4285374274,3.885780586188048e-16,0,0
150,400,0.07727226361165229,0.046224788635561564,0.06303440359579326,0.038314576761337094,0.031047474976090728,0.02471982683445617,0.03325723391967603,0.9335555401594017,0.7432917269716512,0.35053320828873213,0.4573050792291772,0.535,0.356,0.461,True,999,0.00011845794506371021,0.001510791014879942,weak_3x3_bal_strong_150_400,weak_null,True,1743,4285374274,3.885780586188048e-16,0,0
150,400,0.051960292453951284,0.05400966707160593,0.038029633474877755,0.04841172139182959,-0.0020493746176546423,-0.010382087916951832,0.03184780703224693,-0.0643490026041537,-0.3259906688846624,0.9486923358392769,0.7444314149993714,0.969,0.948,0.727,True,999,0.00012558302842080593,0.001314750057645142,weak_3x3_bal_strong_150_400,weak_null,True,1744,4285374274,3.885780586188048e-16,0,0
150,400,0.08425779779971432,0.08690111133047046,0.07023385280319872,0.07909367363740216,-0.0026433135307561417,-0.008859820834203447,0.04008944559109921,-0.06593539750380131,-0.22100133098798783,0.947429258756505,0.825091396623471,0.96,0.949,0.825,True,999,0.00011129199992865324,0.0013232079800218344,weak_3x3_bal_strong_150_400,weak_null,True,1745,4285374274,3.885780586188048e-16,0,0
150,400,0.053810216847404835,0.05254892731460148,0.0398613334893696,0.04810097238708977,0.0012612895328033558,-0.00823963889772017,0.03201476640450168,0.039397118094417906,-0.2573699521531281,0.9685737775549259,0.7968931964799029,0.979,0.97,0.803,True,999,0.00011562497820705175,0.001327291945926845,weak_3x3_bal_strong_150_400,weak_null,True,1746,4285374274,3.885780586188048e-16,0,1
150,400,0.04683606257749928,0.06865900690736382,0.03291011320703774,0.06076775748189789,-0.021822944329864535,-0.02785764427486015,0.03262522483040111,-0.668897898583347,-0.8538682697107915,0.503560610804306,0.393177982378879,0.652,0.5,0.402,True,999,0.00011608307249844074,0.0013600410893559456,weak_3x3_bal_strong_150_400,weak_null,True,1747,4285374274,3.885780586188048e-16,0,0
150,400,0.10057827893053117,0.06892130899117482,0.08654530700599139,0.06352105807300745,0.03165696993935635,0.023024248932983937,0.039739426087518084,0.7966136669824634,0.5793805094788653,0.4256754375235897,0.5623324523890649,0.561,0.428,0.563,True,999,0.0001154579222202301,0.0013739169808104634,weak_3x3_bal_strong_150_400,weak_null,True,1748,4285374274,3.885780586188048e-16,0,1
150,400,0.03696175358728526,0.0546690269344956,0.023073763967204286,0.046826262315704525,-0.01770727334721034,-0.02375249834850024,0.029433532568738006,-0.6016020437185857,-0.8069876863414038,0.547439068169647,0.41967357749793455,0.742,0.582,0.449,True,999,0.00012437510304152966,0.00137291697319597,weak_3x3_bal_strong_150_400,weak_null,True,1749,4285374274,3.885780586188048e-16,0,0
150,400,0.01679954363425984,0.061636652713324636,0.0029398756516343383,0.057204510350572946,-0.044837109079064796,-0.05426463469893861,0.025784729608241807,-1.7389016584735915,-2.1045260323999484,0.08205206246553477,0.03533258623944317,0.343,0.086,0.037,True,999,0.00011499994434416294,0.0013520000502467155,weak_3x3_bal_strong_150_400,weak_null,True,1750,4285374274,3.885780586188048e-16,0,1
150,400,0.01902732384097927,0.05084354742703995,0.00509420803294347,0.04389161469791247,-0.03181622358606068,-0.038797406664969,0.02489293022137144,-1.278122876781511,-1.55857130196991,0.20120610385131088,0.11909787978451712,0.55,0.211,0.123,True,999,0.00011483405251055956,0.001326250028796494,weak_3x3_bal_strong_150_400,weak_null,True,1751,4285374274,3.885780586188048e-16,0,0
150,400,0.06138456866133568,0.07846625936885049,0.0474482725093992,0.07165742180731627,-0.017081690707514807,-0.024209149297917065,0.03555874907598009,-0.48037940454585554,-0.6808211741697722,0.6309576362878979,0.49598465027350824,0.708,0.619,0.488,True,999,0.0001169170718640089,0.0013751669321209192,weak_3x3_bal_strong_150_400,weak_null,True,1752,4285374274,3.885780586188048e-16,0,0
150,400,0.10805045202680819,0.04995086746769678,0.09394866213295927,0.04431912405547678,0.058099584559111406,0.04962953807748249,0.039217953338059205,1.4814537632367586,1.2654800634208345,0.1384856971938427,0.20569929067374249,0.288,0.149,0.226,True,999,0.0001230000052601099,0.0013839169405400753,weak_3x3_bal_strong_150_400,weak_null,True,1753,4285374274,3.885780586188048e-16,0,0
150,400,0.07999581883754026,0.082681543436601,0.06602353831385699,0.07860228918548273,-0.002685724599060746,-0.012578750871625743,0.03972344023705777,-0.0676105740850524,-0.3166581443238418,0.9460956377600833,0.7515030115117719,0.963,0.95,0.733,True,999,0.00012179103214293718,0.0013835419667884707,weak_3x3_bal_strong_150_400,weak_null,True,1754,4285374274,3.885780586188048e-16,0,1
150,400,0.07065592626392814,0.05439238057157131,0.05668544895203809,0.049092475329501895,0.01626354569235683,0.007592973622536192,0.03570276816515872,0.45552618265123607,0.2126718462672581,0.6487307355344732,0.831582927825211,0.758,0.657,0.828,True,999,0.00011766701936721802,0.0013591250171884894,weak_3x3_bal_strong_150_400,weak_null,True,1755,4285374274,3.885780586188048e-16,0,1
150,400,0.07275267130039231,0.06312940108723486,0.05874959542865099,0.05741002961315189,0.009623270213157453,0.0013395658154990997,0.035811617658132726,0.26871922695656375,0.0374059007411213,0.7881457548569708,0.9701613678539747,0.878,0.791,0.967,True,999,0.00011654198169708252,0.0013572919415310025,weak_3x3_bal_strong_150_400,weak_null,True,1756,4285374274,3.885780586188048e-16,0,0
150,400,0.1147010468047216,0.0816485316274484,0.10060239258802994,0.07593174786504164,0.0330525151772732,0.0246706447229883,0.043506122995645664,0.7597209979060023,0.5670614392704557,0.4474213746096899,0.5706724401112153,0.568,0.443,0.574,True,999,0.00011587492190301418,0.0013512499863281846,weak_3x3_bal_strong_150_400,weak_null,True,1757,4285374274,3.885780586188048e-16,0,0
150,400,0.06104495932085552,0.05973195963865929,0.04711986419653158,0.054214001903773124,0.0013129996821962253,-0.0070941377072415435,0.03399818069486672,0.038619704212421904,-0.2086622743408345,0.969193592321217,0.8347118925349606,0.988,0.978,0.853,True,999,0.00011808308772742748,0.001357291010208428,weak_3x3_bal_strong_150_400,weak_null,True,1758,4285374274,3.885780586188048e-16,0,0
150,400,0.026814787348021563,0.06056253625775487,0.012939514930536689,0.05486470766535945,-0.03374774890973331,-0.04192519273482276,0.027526275003398316,-1.2260194634241979,-1.5230972127411644,0.22019135074470741,0.12773438608679788,0.501,0.218,0.128,True,999,0.0001145839923992753,0.001372791943140328,weak_3x3_bal_strong_150_400,weak_null,True,1759,4285374274,3.885780586188048e-16,0,0
150,400,0.03650545633673974,0.03600569638039813,0.022607456403591186,0.030434720677163796,0.0004997599563416055,-0.00782726427357261,0.026090105862102156,0.019155152492790168,-0.30000891199687696,0.9847173341575127,0.7641703577771416,0.988,0.984,0.773,True,999,0.00011345802340656519,0.001446707989089191,weak_3x3_bal_strong_150_400,weak_null,True,1760,4285374274,3.885780586188048e-16,0,0
150,400,0.062288912392722384,0.02732748592042461,0.048333074303968715,0.020584607738669547,0.034961426472297774,0.027748466565299168,0.030289651349885156,1.154236675372968,0.9161038615059653,0.248403150245606,0.3596124226548836,0.427,0.246,0.353,True,999,0.00011687504593282938,0.0013836669968441129,weak_3x3_bal_strong_150_400,weak_null,True,1761,4285374274,3.885780586188048e-16,0,0
150,400,0.07221921639966467,0.0542213350307752,0.05824382589995025,0.04760458242964205,0.017997881368889468,0.010639243470308202,0.034204154279712316,0.5261899248175431,0.3110512069178307,0.5987562535530194,0.7557616935908714,0.728,0.596,0.758,True,999,0.0001176249934360385,0.0012767079751938581,weak_3x3_bal_strong_150_400,weak_null,True,1762,4285374274,3.885780586188048e-16,0,0
150,400,0.03873610934108607,0.03798318540993573,0.024841850480470384,0.031136290364827346,0.00075292393115034,-0.0062944398843569616,0.027662338035762173,0.027218376486360323,-0.22754547631582844,0.9782855588190132,0.8199996115060966,0.989,0.982,0.81,True,999,0.00011250004172325134,0.0013139169896021485,weak_3x3_bal_strong_150_400,weak_null,True,1763,4285374274,3.885780586188048e-16,0,0
150,400,0.01923405287974278,0.07625235381639706,0.005369105308261624,0.07035235558549857,-0.057018300936654276,-0.06498325027723695,0.028104651507603832,-2.0287851966863113,-2.312188438261028,0.04248017372459612,0.020767301150080106,0.24,0.044,0.027,True,999,0.00011245801579207182,0.0013712500222027302,weak_3x3_bal_strong_150_400,weak_null,True,1764,4285374274,3.885780586188048e-16,0,0
150,400,0.11878128119621456,0.04924880580411645,0.10469013315181996,0.04257545498029458,0.06953247539209811,0.062114678171525384,0.03984017900125639,1.7452852154581273,1.559096362733876,0.080935234164458,0.11897357441419311,0.204,0.094,0.13,True,999,0.00011066603474318981,0.001427166978828609,weak_3x3_bal_strong_150_400,weak_null,True,1765,4285374274,3.885780586188048e-16,0,0
150,400,0.025222103830305542,0.06305874351757695,0.01135576405528127,0.05629150408387318,-0.03783663968727141,-0.04493574002859191,0.02803830355904634,-1.3494625167885277,-1.6026554507465463,0.17718845212267165,0.10901074413105186,0.396,0.168,0.111,True,999,0.0001218749675899744,0.0012767500011250377,weak_3x3_bal_strong_150_400,weak_null,True,1766,4285374274,3.885780586188048e-16,0,0
150,400,0.085813691343267,0.049157042598343303,0.07183156036833793,0.04251031866510857,0.03665664874492369,0.02932124170322936,0.03800751870704831,0.9644578228708703,0.771458982345824,0.33481644439551694,0.4404349259193493,0.47,0.343,0.437,True,999,0.0001141249667853117,0.0012835829984396696,weak_3x3_bal_strong_150_400,weak_null,True,1767,4285374274,3.885780586188048e-16,0,0
150,400,0.09765637355407053,0.03416091887122652,0.08368234960587984,0.028402256186893737,0.06349545468284401,0.0552800934189861,0.039002117554914145,1.628000187257622,1.4173613353468029,0.10352484606432484,0.1563773109744578,0.253,0.106,0.167,True,999,0.00011783302761614323,0.0013095419853925705,weak_3x3_bal_strong_150_400,weak_null,True,1768,4285374274,3.885780586188048e-16,0,0
150,400,0.06623631909993577,0.046288258286431905,0.052265078891849726,0.038453752151482945,0.019948060813503865,0.01381132674036678,0.033498081231752304,0.5954986100695049,0.4123020254448258,0.5515102279226783,0.6801180642596218,0.709,0.565,0.694,True,999,0.00012070895172655582,0.0013663750141859055,weak_3x3_bal_strong_150_400,weak_null,True,1769,4285374274,3.885780586188048e-16,0,0
150,400,0.04505952846225725,0.07807037284297813,0.031168160174956938,0.07150479834942303,-0.03301084438072088,-0.04033663817446609,0.03329547922923052,-0.9914512463824292,-1.2114749241709082,0.3214652873684266,0.22571343945446587,0.532,0.335,0.229,True,999,0.00011983409058302641,0.0013521669898182154,weak_3x3_bal_strong_150_400,weak_null,True,1770,4285374274,3.885780586188048e-16,0,0
150,400,0.10572096716437884,0.05667832669885664,0.09151123772400638,0.04895311967283078,0.0490426404655222,0.0425581180511756,0.039295616343530494,1.2480435485928298,1.083024571471882,0.21201510961789027,0.2787975167806601,0.362,0.215,0.28,True,999,0.00011904188431799412,0.0013669159961864352,weak_3x3_bal_strong_150_400,weak_null,True,1771,4285374274,3.885780586188048e-16,0,0
150,400,0.026107675560728794,0.040159263523739996,0.01221854398337996,0.03719865846485959,-0.014051587963011203,-0.02498011448147963,0.024615237147619432,-0.5708491808851067,-1.0148232304922356,0.5681018817612906,0.3101900980604225,0.744,0.554,0.309,True,999,0.00011283298954367638,0.0012772079790011048,weak_3x3_bal_strong_150_400,weak_null,True,1772,4285374274,3.885780586188048e-16,0,2
150,400,0.09546639086283193,0.03560875219132037,0.08144229220255284,0.02876344077799331,0.05985763867151156,0.052678851424559525,0.03716768701471192,1.6104752132630256,1.4173292893826805,0.10729415239183303,0.15638667566256437,0.242,0.093,0.146,True,999,0.000116499955765903,0.0013202090049162507,weak_3x3_bal_strong_150_400,weak_null,True,1773,4285374274,3.885780586188048e-16,0,0
150,400,0.056976517424977,0.023534623701811086,0.04296663582758242,0.019215035400108604,0.033441893723165916,0.023751600427473818,0.02940142829285874,1.1374241206944546,0.8078383196520694,0.25536102858670817,0.4191836625004258,0.499,0.235,0.386,True,999,0.00011520902626216412,0.001319749979302287,weak_3x3_bal_strong_150_400,weak_null,True,1774,4285374274,3.885780586188048e-16,0,1
150,400,0.07798660891546239,0.05187902827632912,0.06403483649609143,0.04616078613989316,0.026107580639133265,0.017874050356198268,0.03605726733725717,0.724058770037653,0.495712838940776,0.46902965533082996,0.6200970274576904,0.589,0.443,0.598,True,999,0.00011666608043015003,0.0013461250346153975,weak_3x3_bal_strong_150_400,weak_null,True,1775,4285374274,3.885780586188048e-16,0,0
150,400,0.11950075271817417,0.056663674854789625,0.10535983664487958,0.0523321748609078,0.06283707786338455,0.05302766178397178,0.040026142402488175,1.5699009220403504,1.3248256914379883,0.11643816306735226,0.18522897154261175,0.243,0.115,0.179,True,999,0.00011791707947850227,0.0013937500771135092,weak_3x3_bal_strong_150_400,weak_null,True,1776,4285374274,3.885780586188048e-16,0,1
150,400,0.09720249796242952,0.06154588769645941,0.08319480206083085,0.05734317921118759,0.03565661026597011,0.025851622849643263,0.04007802650967505,0.8896797914279142,0.6450323307062673,0.37363784810453005,0.5189062343580051,0.549,0.387,0.544,True,999,0.00011570809874683619,0.0014319169567897916,weak_3x3_bal_strong_150_400,weak_null,True,1777,4285374274,3.885780586188048e-16,0,1
150,400,0.02005117880099716,0.027577725917860563,0.006187620733442145,0.019812546777927764,-0.007526547116863402,-0.013624926044485619,0.02116250697629847,-0.35565479672578326,-0.6438238182151684,0.7220991013280516,0.519689686812379,0.861,0.732,0.518,True,999,0.00011779204942286015,0.0013030420523136854,weak_3x3_bal_strong_150_400,weak_null,True,1778,4285374274,3.885780586188048e-16,0,0
150,400,0.12903758750430794,0.045330364156624614,0.11494523213016805,0.04011217580784887,0.08370722334768332,0.07483305632231918,0.04132521523620117,2.0255725921629377,1.8108328267523437,0.04280860253871753,0.07016673321492403,0.121,0.054,0.081,True,999,0.00011745898518711329,0.001300874981097877,weak_3x3_bal_strong_150_400,weak_null,True,1779,4285374274,3.885780586188048e-16,0,1
150,400,0.025160043894332684,0.04121800873958936,0.01127159231603514,0.03438752261743616,-0.016057964845256678,-0.023115930301401022,0.025651019399258727,-0.6260166348679588,-0.9011700448080061,0.5313040303825339,0.3674979152349671,0.77,0.55,0.374,True,999,0.0001145420828834176,0.0013013749849051237,weak_3x3_bal_strong_150_400,weak_null,True,1780,4285374274,3.885780586188048e-16,0,0
150,400,0.09045218305333669,0.04280119502402391,0.07643095924157706,0.037086706789352775,0.04765098802931278,0.03934425245222428,0.036567840354850216,1.3030845564548779,1.0759249676883316,0.1925458954486028,0.28196081455441246,0.357,0.189,0.266,True,999,0.00011158303823322058,0.0013657920062541962,weak_3x3_bal_strong_150_400,weak_null,True,1781,4285374274,3.885780586188048e-16,0,0
150,400,0.040598496788902594,0.08169782785074275,0.02669058449481554,0.07618823881750814,-0.04109933106184016,-0.0494976543226926,0.03225384802020271,-1.2742458213388042,-1.5346278773214581,0.2025763107559121,0.12487526093395157,0.45,0.216,0.143,True,999,0.00012041605077683926,0.0013704999582841992,weak_3x3_bal_strong_150_400,weak_null,True,1782,4285374274,3.885780586188048e-16,0,0
150,400,0.06106646579005037,0.03828443285497268,0.047094616123843025,0.032622563270422233,0.02278203293507769,0.014472052853420792,0.031621655701024216,0.7204566753391027,0.45766271666009084,0.4712438656319088,0.6471947777579914,0.663,0.492,0.663,True,999,0.00011091597843915224,0.0012680420186370611,weak_3x3_bal_strong_150_400,weak_null,True,1783,4285374274,3.885780586188048e-16,0,0
150,400,0.034710548931470964,0.04587895318316576,0.020770233951367345,0.03808953925576475,-0.011168404251694797,-0.017319305304397403,0.027800581706696834,-0.40173275399501657,-0.6229835579384796,0.6878807164848536,0.5332953266569861,0.779,0.65,0.5,True,999,0.00010854203719645739,0.0013220420805737376,weak_3x3_bal_strong_150_400,weak_null,True,1784,4285374274,3.885780586188048e-16,0,0
150,400,0.04006516006437888,0.0824150767599024,0.02614739227445284,0.07708285730072362,-0.042349916695523515,-0.050935465026270776,0.03251791545556763,-1.3023564426628238,-1.5663816180304924,0.19279456518507365,0.11725930371181086,0.402,0.197,0.129,True,999,0.00011475000064820051,0.0012901669833809137,weak_3x3_bal_strong_150_400,weak_null,True,1785,4285374274,3.885780586188048e-16,0,1
150,400,0.1349464551561521,0.021819283116394084,0.11780892381463559,0.018915127982609192,0.11312717203975803,0.0988937958320264,0.03745883795223601,3.0200395480502404,2.6400657692084972,0.002527416813118705,0.008288993946130065,0.034,0.005,0.013,True,999,0.00011616700794547796,0.0013182919938117266,weak_3x3_bal_strong_150_400,weak_null,True,1786,4285374274,3.885780586188048e-16,0,2
150,400,0.03980529784228515,0.042662239890400244,0.02587026385234026,0.03599518155152737,-0.0028569420481150964,-0.010124917699187108,0.028095697409565124,-0.1016861054014077,-0.360372535039479,0.9190058312566592,0.7185685626465471,0.947,0.915,0.724,True,999,0.0001389170065522194,0.001342874951660633,weak_3x3_bal_strong_150_400,weak_null,True,1787,4285374274,3.885780586188048e-16,0,0
150,400,0.055086993427617914,0.033203378527909166,0.04113938661834027,0.027479923332236922,0.021883614899708748,0.013659463286103346,0.030484882002371847,0.7178513893544385,0.4480733527208859,0.47284892332509765,0.6541002586917803,0.648,0.473,0.654,True,999,0.00011745805386453867,0.001392875099554658,weak_3x3_bal_strong_150_400,weak_null,True,1788,4285374274,3.885780586188048e-16,0,0
150,400,0.020669857804363145,0.022948222227060833,0.0068056381883820904,0.018734213560492208,-0.0022783644226976874,-0.011928575372110117,0.020165081913192728,-0.11298562696177786,-0.5915460905867191,0.9100419502646225,0.5541545825938166,0.954,0.906,0.521,True,999,0.00011054205242544413,0.0012922079768031836,weak_3x3_bal_strong_150_400,weak_null,True,1789,4285374274,3.885780586188048e-16,0,1
150,400,0.11974018448887525,0.07577438957910276,0.10557432002775613,0.07154015411953196,0.04396579490977248,0.03403416590822417,0.041709071334226355,1.054106301179961,0.8159895394337351,0.2918342516021777,0.4145061185656763,0.429,0.324,0.427,True,999,0.00010975007899105549,0.0013315839460119605,weak_3x3_bal_strong_150_400,weak_null,True,1790,4285374274,3.885780586188048e-16,0,1
150,400,0.056038178714680864,0.05117133140211799,0.04207287230406109,0.04683361728024238,0.004866847312562872,-0.004760744976181286,0.03197003910892533,0.15223150950741737,-0.1489127041715814,0.8790043425870809,0.8816225165098042,0.922,0.877,0.867,True,999,0.00011408294085413218,0.0013335830299183726,weak_3x3_bal_strong_150_400,weak_null,True,1791,4285374274,3.885780586188048e-16,0,1
150,400,0.06799864296745683,0.04960369960196537,0.054033725558895185,0.04299313527408799,0.018394943365491467,0.011040590284807195,0.03400175743474146,0.5409997821670343,0.3247064598351148,0.5885077328559088,0.7454032451275305,0.7,0.589,0.738,True,999,0.00012070906814187765,0.0013063340447843075,weak_3x3_bal_strong_150_400,weak_null,True,1792,4285374274,3.885780586188048e-16,0,0
150,400,0.11891140002205303,0.07139297922100996,0.10490670609934227,0.06539394458383185,0.04751842080104307,0.03951276151551042,0.0441535357880116,1.076208732845017,0.8948946173918595,0.2818339150210174,0.3708434243799602,0.407,0.287,0.374,True,999,0.00011391600128263235,0.0013354170368984342,weak_3x3_bal_strong_150_400,weak_null,True,1793,4285374274,3.885780586188048e-16,0,0
150,400,0.06089086727760784,0.07504881529757568,0.0469525338164658,0.06822882785820639,-0.014157948019967836,-0.021276294041740584,0.035675806258836956,-0.3968501207022025,-0.5963787864351464,0.6914779880873738,0.5509222088032552,0.775,0.687,0.563,True,999,0.00011258397717028856,0.0013356670970097184,weak_3x3_bal_strong_150_400,weak_null,True,1794,4285374274,3.885780586188048e-16,0,0
150,400,0.05213413679770729,0.04525737786028339,0.03818680379038142,0.0393897196391606,0.006876758937423899,-0.0012029158487791847,0.030304295034756942,0.22692357401935037,-0.03969456631145925,0.8204831707642233,0.9683366337197964,0.882,0.821,0.967,True,999,0.00011441705282777548,0.0012934999540448189,weak_3x3_bal_strong_150_400,weak_null,True,1795,4285374274,3.885780586188048e-16,0,0
150,400,0.07352626820670682,0.06950462743141722,0.05953448221404756,0.06381552395305334,0.004021640775289603,-0.0042810417390057864,0.03571551301438103,0.11260207220515829,-0.11986504960133161,0.91034604211858,0.9045900511890759,0.947,0.915,0.889,True,999,0.0001267079496756196,0.0013409169623628259,weak_3x3_bal_strong_150_400,weak_null,True,1796,4285374274,3.885780586188048e-16,0,0
150,400,0.03460927839623773,0.0808325213704209,0.020718928912543788,0.07508283136016303,-0.046223242974183176,-0.05436390244761924,0.031134495053555544,-1.4846312071120134,-1.7460987356340925,0.13764154400184594,0.08079379648462552,0.351,0.132,0.086,True,999,0.00011895899660885334,0.0013365419581532478,weak_3x3_bal_strong_150_400,weak_null,True,1797,4285374274,3.885780586188048e-16,0,0
150,400,0.03530666899978474,0.06993957378501314,0.02138267074013811,0.06425813315453865,-0.0346329047852284,-0.042875462414400545,0.030374766341900603,-1.1401867061427857,-1.4115487155289095,0.25420852471551836,0.15808288193880127,0.514,0.283,0.181,True,999,0.00011779204942286015,0.0014079590328037739,weak_3x3_bal_strong_150_400,weak_null,True,1798,4285374274,3.885780586188048e-16,0,0
150,400,0.04457225696731859,0.04137298740359724,0.0306317317109972,0.03462708265118408,0.003199269563721352,-0.003995350940186881,0.029527243961447267,0.10834975211023863,-0.13531066243105783,0.9137182583990989,0.8923662552087278,0.932,0.893,0.891,True,999,0.00012616696767508984,0.0013192080659791827,weak_3x3_bal_strong_150_400,weak_null,True,1799,4285374274,3.885780586188048e-16,0,0
150,400,0.06396406178627423,0.057946873610757565,0.050010187466085654,0.0501629159831225,0.006017188175516663,-0.00015272851703684864,0.035181964231674384,0.17103047845462188,-0.00434110261812349,0.8641998003282674,0.9965363121231073,0.903,0.864,0.996,True,999,0.00011420808732509613,0.0012896250700578094,weak_3x3_bal_strong_150_400,weak_null,True,1800,4285374274,3.885780586188048e-16,0,0
150,400,0.06718663577262407,0.05426936579953262,0.05321405967160331,0.04735794801106863,0.01291726997309145,0.00585611166053468,0.03541242474352296,0.36476660569406666,0.16536884166921612,0.7152856348158081,0.868653676744865,0.822,0.731,0.884,True,999,0.00011133402585983276,0.0013086670078337193,weak_3x3_bal_strong_150_400,weak_null,True,1801,4285374274,3.885780586188048e-16,0,0
150,400,0.07445429703823181,0.05943702826979963,0.06049788862526384,0.055169736549800064,0.01501726876843218,0.005328152075463777,0.037538534014175104,0.40004942022406725,0.1419382033792739,0.6891201171534411,0.8871288178588392,0.789,0.703,0.891,True,999,0.0001176249934360385,0.0013466250384226441,weak_3x3_bal_strong_150_400,weak_null,True,1802,4285374274,3.885780586188048e-16,0,1
150,400,0.046675946074516306,0.07135341697570813,0.032665132316566314,0.0670570163973423,-0.024677470901191823,-0.03439188408077598,0.032568647052242286,-0.7577063567180887,-1.055981356106353,0.4486267926914055,0.2909767327569004,0.607,0.444,0.295,True,999,0.00012058299034833908,0.0013615830102935433,weak_3x3_bal_strong_150_400,weak_null,True,1803,4285374274,3.885780586188048e-16,0,1
150,400,0.03477969824053395,0.06515778587680776,0.020882148023446234,0.05994023317987285,-0.03037808763627381,-0.039058085156426614,0.029143581530753696,-1.0423594507153282,-1.3401950997412813,0.2972450588369294,0.18018192432137214,0.501,0.271,0.168,True,999,0.00012733298353850842,0.0013707909965887666,weak_3x3_bal_strong_150_400,weak_null,True,1804,4285374274,3.885780586188048e-16,0,1
150,400,0.06652545552615075,0.07507385980490883,0.052585857996518826,0.0671667121736732,-0.008548404278758082,-0.014580854177154379,0.03729233714069195,-0.22922683141331987,-0.39098794270108417,0.8186926192731012,0.6958061482325364,0.871,0.818,0.676,True,999,0.00011804106179624796,0.0014232080429792404,weak_3x3_bal_strong_150_400,weak_null,True,1805,4285374274,3.885780586188048e-16,0,0
150,400,0.049138393426507054,0.051233737392097245,0.03523865214498301,0.04733231379529457,-0.0020953439655901906,-0.01209366165031156,0.032372809856983,-0.06472542775394002,-0.3735746666334831,0.9483926168487216,0.708720784585915,0.967,0.945,0.701,True,999,0.00011629099026322365,0.0012790830805897713,weak_3x3_bal_strong_150_400,weak_null,True,1806,4285374274,3.885780586188048e-16,0,2
150,400,0.12909814533179764,0.02878768490394762,0.11200659137773528,0.02098722535924935,0.10031046042785002,0.09101936601848593,0.03586266688275982,2.7970719733638116,2.537997698722218,0.005156804433898378,0.011148871755145805,0.052,0.011,0.018,True,999,0.00011262495536357164,0.0013029590481892228,weak_3x3_bal_strong_150_400,weak_null,True,1807,4285374274,3.885780586188048e-16,0,0
150,400,0.07549517615355716,0.06442300804322121,0.06151325686528253,0.05878698308745811,0.011072168110335956,0.0027262737778244173,0.03675949955023395,0.30120562700276177,0.07416514944929566,0.7632576992354123,0.9408789761632836,0.855,0.78,0.947,True,999,0.00011137500405311584,0.0013054159935563803,weak_3x3_bal_strong_150_400,weak_null,True,1808,4285374274,3.885780586188048e-16,0,0
150,400,0.07811379754497727,0.04297443896323749,0.06412578771065114,0.03755451219501538,0.03513935858173978,0.02657127551563576,0.035789032606792566,0.9818471196975164,0.7424418482491386,0.32617517056802303,0.45781967246833544,0.542,0.362,0.49,True,999,0.00011054100468754768,0.0013551670126616955,weak_3x3_bal_strong_150_400,weak_null,True,1809,4285374274,3.885780586188048e-16,0,1
150,400,0.018818412315195765,0.06587745249924531,0.004945037168624822,0.060454473365865624,-0.04705904018404955,-0.0555094361972408,0.02730153131664364,-1.7236776808691783,-2.0331986346641653,0.0847660463797659,0.04203245895514711,0.289,0.086,0.05,True,999,0.00011066696606576443,0.001363874995149672,weak_3x3_bal_strong_150_400,weak_null,True,1810,4285374274,3.885780586188048e-16,0,1
150,400,0.0712247492689757,0.02381317639578201,0.057143327077341155,0.018106640605338953,0.0474115728731937,0.0390366864720022,0.030510504304995575,1.5539426159347638,1.2794507125079086,0.1201981052084793,0.20073838541486855,0.326,0.129,0.206,True,999,0.0001168340677395463,0.0013424999779090285,weak_3x3_bal_strong_150_400,weak_null,True,1811,4285374274,3.885780586188048e-16,0,0
150,400,0.07996891002014506,0.09212303296751118,0.06602616275623063,0.08534498476961971,-0.01215412294736612,-0.01931882201338908,0.041001532051986846,-0.296430946335264,-0.47117317442905,0.7669009949708719,0.6375170735624582,0.832,0.777,0.649,True,999,0.00011537503451108932,0.0013079169439151883,weak_3x3_bal_strong_150_400,weak_null,True,1812,4285374274,3.885780586188048e-16,0,0
150,400,0.046158296539584365,0.06355833071752459,0.03223315756875422,0.05775019326026154,-0.017400034177940227,-0.025517035691507317,0.03154518056368905,-0.5515908885926307,-0.8089044106115976,0.5812286803448719,0.4185701317241721,0.746,0.611,0.423,True,999,0.0001230000052601099,0.0013195000356063247,weak_3x3_bal_strong_150_400,weak_null,True,1813,4285374274,3.885780586188048e-16,0,0
150,400,0.04768683512534766,0.058321021990047406,0.03378237148442054,0.05420745443674946,-0.010634186864699746,-0.02042508295232892,0.03155692598893362,-0.3369842445499584,-0.6472456461536078,0.7361287772145519,0.5174729732743062,0.832,0.748,0.533,True,999,0.00011720904149115086,0.0013420420000329614,weak_3x3_bal_strong_150_400,weak_null,True,1814,4285374274,3.885780586188048e-16,0,1
150,400,0.061119291536700926,0.06918936428408562,0.047182837167213165,0.062475605691020064,-0.008070072747384693,-0.015292768523806899,0.035914014692542795,-0.22470539193326017,-0.42581617941428024,0.8222084697192233,0.6702417964655287,0.887,0.837,0.679,True,999,0.00011841708328574896,0.0013453749706968665,weak_3x3_bal_strong_150_400,weak_null,True,1815,4285374274,3.885780586188048e-16,0,0
150,400,0.12844015686187316,0.06235253395007012,0.11417993402938009,0.05793507550404797,0.06608762291180303,0.05624485852533212,0.040075857175343586,1.6490632408098065,1.4034599005392305,0.0991346794012273,0.16047974152629063,0.207,0.104,0.167,True,999,0.00011775002349168062,0.0014226250350475311,weak_3x3_bal_strong_150_400,weak_null,True,1816,4285374274,3.885780586188048e-16,0,1
150,400,0.06146036820217393,0.04822921301738298,0.04750099753547943,0.040272813312867584,0.013231155184790955,0.007228184222611844,0.03304290161189817,0.40042352636569445,0.21875149790141618,0.6888445989822725,0.8268436308202646,0.814,0.716,0.837,True,999,0.00011770892888307571,0.0013452089624479413,weak_3x3_bal_strong_150_400,weak_null,True,1817,4285374274,3.885780586188048e-16,0,0
150,400,0.08833238312715608,0.0735053963530794,0.07435810294182943,0.06774017904334073,0.014826986774076678,0.006617923898488698,0.039893907096002545,0.3716604327171147,0.16588808618225884,0.7101456880909087,0.8682450234372162,0.814,0.739,0.889,True,999,0.0001165829598903656,0.001365582924336195,weak_3x3_bal_strong_150_400,weak_null,True,1818,4285374274,3.885780586188048e-16,0,0
150,400,0.12641300121751264,0.03271511263488652,0.11237807241568021,0.02587379265676759,0.09369788858262612,0.08650427975891262,0.04191449614870303,2.2354530578205565,2.063827260430741,0.025387620142466073,0.039034097419332545,0.075,0.028,0.043,True,999,0.00011595804244279861,0.001354500069282949,weak_3x3_bal_strong_150_400,weak_null,True,1819,4285374274,3.885780586188048e-16,0,0
150,400,0.06552967427840173,0.06857891623513479,0.051595227546556544,0.06173693892657184,-0.003049241956733062,-0.010141711380015295,0.03586254114665234,-0.0850258196780821,-0.28279399774106617,0.9322408638980549,0.777334755715721,0.954,0.937,0.78,True,999,0.00011629099026322365,0.0014049999881535769,weak_3x3_bal_strong_150_400,weak_null,True,1820,4285374274,3.885780586188048e-16,0,0
150,400,0.13499601230156077,0.04776611782777951,0.12091484342946046,0.04003565313936974,0.08722989447378127,0.08087919029009072,0.0428801977985204,2.0342698716933434,1.8861664461091057,0.04192439311711996,0.05927252856266867,0.104,0.042,0.059,True,999,0.00011787505354732275,0.0013804580084979534,weak_3x3_bal_strong_150_400,weak_null,True,1821,4285374274,3.885780586188048e-16,0,0
150,400,0.044600286435130254,0.06682405071731212,0.030709060876574767,0.06258480413808343,-0.022223764282181868,-0.03187574326150866,0.03165730770136894,-0.7020105591992859,-1.0069000043276035,0.4826725784077469,0.3139828299196017,0.641,0.479,0.299,True,999,0.00011704105418175459,0.001375833060592413,weak_3x3_bal_strong_150_400,weak_null,True,1822,4285374274,3.885780586188048e-16,0,1
150,400,0.031522011686143214,0.031855985161353184,0.01762825071338625,0.026591687996642577,-0.0003339734752099699,-0.008963437283256326,0.024919414387993655,-0.01340213979389823,-0.35969694727557366,0.9893069596869478,0.7190737751788088,0.992,0.99,0.715,True,999,0.00011612498201429844,0.001353333005681634,weak_3x3_bal_strong_150_400,weak_null,True,1823,4285374274,3.885780586188048e-16,0,1
150,400,0.12178893166089111,0.023953618715477853,0.1076244408073137,0.017036842961942966,0.09783531294541326,0.09058759784537074,0.0388868469625248,2.515897291433708,2.329517688401682,0.011872977716933257,0.019831657047175027,0.082,0.02,0.03,True,999,0.00011729192920029163,0.0013644170248880982,weak_3x3_bal_strong_150_400,weak_null,True,1824,4285374274,3.885780586188048e-16,0,0
150,400,0.03451711436039706,0.019629667058155775,0.020607453355438565,0.012678378451994377,0.014887447302241286,0.007929074903444189,0.024346423397755168,0.6114839563504003,0.3256771959439134,0.5408792364560352,0.7446685993787863,0.802,0.572,0.768,True,999,0.0001170419855043292,0.0013944590464234352,weak_3x3_bal_strong_150_400,weak_null,True,1825,4285374274,3.885780586188048e-16,0,0
150,400,0.06092924687038859,0.02384288461505868,0.0469545863813039,0.016881466797855182,0.03708636225532991,0.030073119583448715,0.02972682083816344,1.2475724349143402,1.0116493703504512,0.2121876783632426,0.311705731276002,0.466,0.216,0.298,True,999,0.0001217919634655118,0.0013313330709934235,weak_3x3_bal_strong_150_400,weak_null,True,1826,4285374274,3.885780586188048e-16,0,0
150,400,0.05896924067683851,0.030631698923824613,0.04498927199898617,0.022861385339211893,0.028337541753013895,0.022127886659774276,0.030506203635509585,0.9289107911162259,0.725356944579533,0.35293532008865136,0.4682330795772678,0.559,0.375,0.482,True,999,0.00011750007979571819,0.0013194159837439656,weak_3x3_bal_strong_150_400,weak_null,True,1827,4285374274,3.885780586188048e-16,0,0
150,400,0.09471379570375826,0.05374548913178895,0.08071069302710043,0.04704546916735808,0.040968306571969315,0.033665223859742355,0.039252646664244176,1.0437081331712585,0.8576548773310746,0.2966204457827115,0.3910830629720301,0.446,0.314,0.407,True,999,0.00014670798555016518,0.0012928330106660724,weak_3x3_bal_strong_150_400,weak_null,True,1828,4285374274,3.885780586188048e-16,0,0
150,400,0.07333286137750084,0.07355494727716655,0.05937742920781375,0.06573958309670047,-0.0002220858996657138,-0.0063621538888867235,0.0378975562720494,-0.005860164124342468,-0.16787768169577216,0.9953242922832527,0.866679508353102,0.997,0.994,0.869,True,999,0.00011874991469085217,0.0013338330900296569,weak_3x3_bal_strong_150_400,weak_null,True,1829,4285374274,3.885780586188048e-16,0,0
150,400,0.049260260129200484,0.0531622440701226,0.03533835400267549,0.046229052865555786,-0.0039019839409221158,-0.0108906988628803,0.0317430110776129,-0.12292419050548208,-0.34308965952385917,0.9021671296428103,0.7315310100463175,0.927,0.898,0.708,True,999,0.00011766701936721802,0.001339290989562869,weak_3x3_bal_strong_150_400,weak_null,True,1830,4285374274,3.885780586188048e-16,0,0
150,400,0.031169958617983662,0.03911026820289282,0.017270251361765077,0.03217077807100566,-0.007940309584909155,-0.01490052670924058,0.02674351268073633,-0.29690600781207976,-0.557164157421011,0.7665382693196826,0.5774152761604142,0.881,0.781,0.583,True,999,0.0001176249934360385,0.0013550840085372329,weak_3x3_bal_strong_150_400,weak_null,True,1831,4285374274,3.885780586188048e-16,0,0
150,400,0.07158588726483006,0.044275170921364404,0.05751144538740505,0.03904402274386598,0.027310716343465657,0.018467422643539066,0.03414733462965895,0.7997905733979221,0.5408159331855739,0.4238321455661467,0.5886344595381217,0.572,0.41,0.578,True,999,0.00011875003110617399,0.0013932919828221202,weak_3x3_bal_strong_150_400,weak_null,True,1832,4285374274,3.885780586188048e-16,0,1
150,400,0.045466126719026834,0.04707936306116023,0.031572067110857915,0.04048214386583027,-0.001613236342133395,-0.008910076754972351,0.029364954729998193,-0.05493747076971892,-0.3034255232775869,0.9561882795841598,0.761565597174513,0.981,0.958,0.77,True,999,0.00011379201896488667,0.001363834016956389,weak_3x3_bal_strong_150_400,weak_null,True,1833,4285374274,3.885780586188048e-16,0,0
150,400,0.03864646922760784,0.036566762789162155,0.02470286834946478,0.02981020608461904,0.002079706438445683,-0.00510733773515426,0.02666202107475466,0.07800258024755989,-0.19155853642281534,0.9378260005076364,0.8480880240783867,0.964,0.944,0.834,True,999,0.00011500006075948477,0.0012716250494122505,weak_3x3_bal_strong_150_400,weak_null,True,1834,4285374274,3.885780586188048e-16,0,0
150,400,0.02009913943373909,0.06038700433148231,0.006225219167504292,0.054709146770278494,-0.04028786489774322,-0.0484839276027742,0.026072036547352455,-1.5452519339857378,-1.859614131589487,0.12228533684292298,0.06294013852230441,0.408,0.134,0.081,True,999,0.00011029199231415987,0.001310999970883131,weak_3x3_bal_strong_150_400,weak_null,True,1835,4285374274,3.885780586188048e-16,0,0
150,400,0.04185697612692385,0.02852473278764972,0.027940278308165034,0.0257144293235001,0.01333224333927413,0.0022258489846649354,0.02654708756450335,0.5022111486572615,0.08384531746680804,0.6155190015085337,0.933179416719023,0.757,0.592,0.913,True,999,0.00010920804925262928,0.0013262080028653145,weak_3x3_bal_strong_150_400,weak_null,True,1836,4285374274,3.885780586188048e-16,0,2
150,400,0.0656547193756527,0.05376424415379444,0.05169947246946549,0.04713543154187505,0.011890475221858265,0.00456404092759044,0.03458379032935721,0.34381642696245396,0.1319705238819978,0.7309843456025009,0.8950076063300412,0.823,0.762,0.917,True,999,0.00010958395432680845,0.0013745418982580304,weak_3x3_bal_strong_150_400,weak_null,True,1837,4285374274,3.885780586188048e-16,0,0
150,400,0.10458695657969486,0.09081492139055186,0.09036836925753278,0.084094793975936,0.013772035189142995,0.006273575281596777,0.04196779865489735,0.3281571974358463,0.14948545033740276,0.7427928089108258,0.8811705893216761,0.805,0.751,0.877,True,999,0.00010908395051956177,0.0013666249578818679,weak_3x3_bal_strong_150_400,weak_null,True,1838,4285374274,3.885780586188048e-16,0,0
150,400,0.08434390783806389,0.0717589417978679,0.07034101890829447,0.06606616801855125,0.012584966040195988,0.00427485088974322,0.03755827046667372,0.3350784230430128,0.11381916250740005,0.7375659288694878,0.909381147824611,0.815,0.763,0.917,True,999,0.00011116592213511467,0.0013860829640179873,weak_3x3_bal_strong_150_400,weak_null,True,1839,4285374274,3.885780586188048e-16,0,0
150,400,0.04719395455504127,0.03826261618664267,0.033215402756184176,0.03257235149493454,0.0089313383683986,0.0006430512612496386,0.02834774642784854,0.3150634351528044,0.02268438737754164,0.752713490227768,0.981902029700073,0.836,0.742,0.985,True,999,0.00011504197027534246,0.0012887910706922412,weak_3x3_bal_strong_150_400,weak_null,True,1840,4285374274,3.885780586188048e-16,0,0
150,400,0.04207750506545471,0.041142166731151286,0.0281396694853413,0.03532506094381915,0.0009353383343034261,-0.007185391458477852,0.02776660503259637,0.03368572906934044,-0.25877817796027364,0.9731277590678408,0.7958063959588884,0.989,0.984,0.812,True,999,0.000112209003418684,0.001317458925768733,weak_3x3_bal_strong_150_400,weak_null,True,1841,4285374274,3.885780586188048e-16,0,0
150,400,0.13768798424443185,0.06958297836400573,0.12354230696124091,0.06187689921384276,0.06810500588042612,0.06166540774739815,0.04411062946691645,1.5439590571135642,1.397971611211035,0.12259825160355373,0.16212159233848278,0.222,0.141,0.177,True,999,0.00011929101310670376,0.0013198329834267497,weak_3x3_bal_strong_150_400,weak_null,True,1842,4285374274,3.885780586188048e-16,0,0
150,400,0.0806630653517657,0.08035668706384047,0.06660751403944687,0.0744725282206673,0.00030637828792523525,-0.007865014181220431,0.03893848365582771,0.007868264481824046,-0.20198563073843062,0.9937220980267578,0.8399279576698553,0.993,0.993,0.834,True,999,0.00011912500485777855,0.0013569999719038606,weak_3x3_bal_strong_150_400,weak_null,True,1843,4285374274,3.885780586188048e-16,0,0
150,400,0.045611490845173464,0.06494911363457878,0.031664030489878314,0.059229394257187096,-0.019337622789405318,-0.02756536376730878,0.03126030334964216,-0.6185999724032326,-0.8818009044568125,0.5361799200515354,0.3778844824675902,0.716,0.564,0.373,True,999,0.00011845806147903204,0.0013684580335393548,weak_3x3_bal_strong_150_400,weak_null,True,1844,4285374274,3.885780586188048e-16,0,0
150,400,0.030929079616901944,0.060212844515990016,0.017033304293534002,0.05437244823312426,-0.02928376489908807,-0.03733914393959026,0.028172330855460333,-1.0394512633452309,-1.3253835520802575,0.29859491317088704,0.18504396952814917,0.559,0.301,0.181,True,999,0.00018829095643013716,0.0012968330411240458,weak_3x3_bal_strong_150_400,weak_null,True,1845,4285374274,3.885780586188048e-16,0,0
150,400,0.06830554671309175,0.0521798618289655,0.05436225053438193,0.046319552256761654,0.016125684884126246,0.008042698277620275,0.03419624232900363,0.47156306616909205,0.2351924577045952,0.6372386944771674,0.8140593597117879,0.768,0.662,0.835,True,999,0.00011349993292242289,0.001317500020377338,weak_3x3_bal_strong_150_400,weak_null,True,1846,4285374274,3.885780586188048e-16,0,0
150,400,0.049114504599539366,0.05119135278598935,0.03518449759801001,0.047165683756247745,-0.0020768481864499866,-0.011981186158237733,0.030439684596784786,-0.06822830834026956,-0.39360414921983966,0.9456038926744849,0.6938733173878624,0.966,0.945,0.717,True,999,0.00011508399620652199,0.0012772920308634639,weak_3x3_bal_strong_150_400,weak_null,True,1847,4285374274,3.885780586188048e-16,0,1
150,400,0.07020874682656464,0.08132678861298004,0.05627262344802375,0.07565444011490285,-0.0111180417864154,-0.019381816666879104,0.037422848935881284,-0.2970923407104729,-0.5179139808432833,0.7663960117562549,0.6045182869965233,0.836,0.782,0.606,True,999,0.00011241692118346691,0.0013084590900689363,weak_3x3_bal_strong_150_400,weak_null,True,1848,4285374274,3.885780586188048e-16,0,0
150,400,0.07864377003594059,0.07920800167565045,0.06461129471594518,0.07492425474109154,-0.0005642316397098668,-0.010312960025146367,0.03787968551964033,-0.014895362302237621,-0.27225569282509426,0.9881156598597969,0.7854254218070349,0.99,0.988,0.791,True,999,0.00012858293484896421,0.0013767919735983014,weak_3x3_bal_strong_150_400,weak_null,True,1849,4285374274,3.885780586188048e-16,0,1
150,400,0.05336288424265234,0.06374056975047504,0.0394473890601148,0.056948760187481184,-0.010377685507822698,-0.017501371127366383,0.033581541519074914,-0.3090294560161268,-0.5211604451637604,0.7572991200818998,0.6022550063558108,0.846,0.768,0.587,True,999,0.0001164580462500453,0.0013771670637652278,weak_3x3_bal_strong_150_400,weak_null,True,1850,4285374274,3.885780586188048e-16,0,0
150,400,0.055481112906200725,0.05859026602882256,0.04155246433316506,0.05088817428529069,-0.0031091531226218327,-0.009335709952125626,0.0331545482804181,-0.0937775745374331,-0.2815815758720359,0.9252858460932311,0.7782643691152551,0.96,0.933,0.787,True,999,0.000111832981929183,0.0012743748957291245,weak_3x3_bal_strong_150_400,weak_null,True,1851,4285374274,3.885780586188048e-16,0,0
150,400,0.07213868765696785,0.035032653020524385,0.05816727452221926,0.028087355072614173,0.03710603463644346,0.030079919449605086,0.03298668160165473,1.124879279599379,0.9118807345597373,0.2606401934145085,0.3618315042197593,0.499,0.281,0.366,True,999,0.00011116708628833294,0.0013097909977659583,weak_3x3_bal_strong_150_400,weak_null,True,1852,4285374274,3.885780586188048e-16,0,0
150,400,0.0221172321448313,0.07789373815159623,0.00824006573085967,0.07111214983640934,-0.055776506006764925,-0.06287208410554967,0.028176508022892732,-1.979539336863456,-2.23136536488012,0.0477553152999597,0.025656937132628652,0.233,0.05,0.029,True,999,0.00011224998161196709,0.001304166973568499,weak_3x3_bal_strong_150_400,weak_null,True,1853,4285374274,3.885780586188048e-16,0,0
150,400,0.08070662907122639,0.09059506920879251,0.06663763629751429,0.08477448456929437,-0.009888440137566124,-0.01813684827178008,0.03887306188849757,-0.2543777016055451,-0.4665659814450254,0.7992037760445369,0.6408104305027924,0.876,0.82,0.676,True,999,0.0001139170490205288,0.001366834039799869,weak_3x3_bal_strong_150_400,weak_null,True,1854,4285374274,3.885780586188048e-16,0,0
150,400,0.03115578664429952,0.08045779445340301,0.017246647843961682,0.07480186123237331,-0.04930200780910349,-0.05755521338841163,0.030765734467030195,-1.602497345283192,-1.870757008908405,0.10904567410780146,0.06137876896970771,0.344,0.104,0.067,True,999,0.00011862500105053186,0.0013507920084521174,weak_3x3_bal_strong_150_400,weak_null,True,1855,4285374274,3.885780586188048e-16,0,0
150,400,0.006012816860953674,0.07162055661467437,-0.007850702894700134,0.06381487920097584,-0.0656077397537207,-0.07166558209567597,0.024202135020979457,-2.7108244663889804,-2.9611264474623065,0.006711614645781802,0.0030651606805382034,0.146,0.008,0.007,True,999,0.00011833291500806808,0.0013825420755892992,weak_3x3_bal_strong_150_400,weak_null,True,1856,4285374274,3.885780586188048e-16,0,0
150,400,0.05394600255402482,0.04636906468225216,0.04004345021030531,0.039569506326699866,0.00757693787177266,0.00047394388360544326,0.03241454836090089,0.23375114739874403,0.014621332320555309,0.8151781776178578,0.9883342803406638,0.885,0.829,0.995,True,999,0.00011166604235768318,0.0012888339115306735,weak_3x3_bal_strong_150_400,weak_null,True,1857,4285374274,3.885780586188048e-16,0,0
150,400,0.05377027886490593,0.05368049807424069,0.03982028051325415,0.0507768525551171,8.978079066523925e-05,-0.010956572041862955,0.032695183620351814,0.002745994385832208,-0.3351127239133413,0.997809016229007,0.7375400549665152,0.998,0.998,0.751,True,999,0.0001194999786093831,0.0013286250177770853,weak_3x3_bal_strong_150_400,weak_null,True,1858,4285374274,3.885780586188048e-16,0,2
150,400,0.05830329729015693,0.10437799818151594,0.04431338213473168,0.09849207043779984,-0.04607470089135901,-0.054178688303068157,0.03694478590563439,-1.2471232343596348,-1.4664772572089924,0.21235231482803063,0.14251831260710718,0.45,0.237,0.166,True,999,0.00011833303142338991,0.0013257499085739255,weak_3x3_bal_strong_150_400,weak_null,True,1859,4285374274,3.885780586188048e-16,0,0
150,400,0.06776839265579482,0.03287860202948539,0.05381184056236066,0.027645816753675945,0.034889790626309425,0.026166023808684713,0.03181870035306149,1.0965184070741736,0.8223473466340716,0.27285197249005644,0.4108792371591985,0.477,0.278,0.411,True,999,0.00014337501488626003,0.0013057079631835222,weak_3x3_bal_strong_150_400,weak_null,True,1860,4285374274,3.885780586188048e-16,0,1
150,400,0.050448160096193906,0.08895301119868426,0.03645732184384087,0.08320614954408256,-0.038504851102490356,-0.04674882770024169,0.03424794896241184,-1.1242965569923793,-1.3650110186612912,0.26088723851881557,0.17224958686806602,0.454,0.259,0.181,True,999,0.00011137500405311584,0.0013712500222027302,weak_3x3_bal_strong_150_400,weak_null,True,1861,4285374274,3.885780586188048e-16,0,0
150,400,0.06336328338162178,0.06631845117369917,0.0494153470149854,0.060656427833606585,-0.0029551677920773844,-0.011241080818621185,0.035230240729548494,-0.08388156682672936,-0.3190747660487317,0.9331505954439385,0.7496698181173022,0.958,0.928,0.725,True,999,0.0001235830131918192,0.00131312501616776,weak_3x3_bal_strong_150_400,weak_null,True,1862,4285374274,3.885780586188048e-16,0,0
150,400,0.10209673353707394,0.026483443726044165,0.0880462586725912,0.01955947029077265,0.07561328981102977,0.06848678838181854,0.0363524280228548,2.080006588926925,1.88396737457979,0.03752492852345628,0.05956938868277048,0.135,0.035,0.063,True,999,0.00011270795948803425,0.0012844169978052378,weak_3x3_bal_strong_150_400,weak_null,True,1863,4285374274,3.885780586188048e-16,0,0
150,400,0.0240094691801509,0.022898036083510986,0.010112862810871093,0.016891203990837766,0.0011114330966399133,-0.006778341179966674,0.02221764191579452,0.0500248001499113,-0.305088235990875,0.9601026253979086,0.760298950681169,0.976,0.96,0.768,True,999,0.00011137500405311584,0.0013068750267848372,weak_3x3_bal_strong_150_400,weak_null,True,1864,4285374274,3.885780586188048e-16,0,0
150,400,0.07488705234328918,0.03521010249589174,0.06094388092643044,0.02988631791939156,0.03967694984739745,0.03105756300703888,0.03443467663625682,1.1522382006520995,0.9019269538990784,0.2492232040367527,0.36709567200725435,0.441,0.25,0.362,True,999,0.00011216592974960804,0.00133350002579391,weak_3x3_bal_strong_150_400,weak_null,True,1865,4285374274,3.885780586188048e-16,0,1
150,400,0.022483229841835373,0.06666367232521331,0.008624111953338343,0.061078997226729825,-0.044180442483377935,-0.05245488527339148,0.02666585098942098,-1.6568172716822516,-1.9671183677656365,0.09755642399731032,0.04916956617209241,0.326,0.1,0.054,True,999,0.00011224998161196709,0.001381582929752767,weak_3x3_bal_strong_150_400,weak_null,True,1866,4285374274,3.885780586188048e-16,0,0
150,400,0.056903611687085576,0.01671333862877178,0.042986764163345015,0.008767533641730552,0.0401902730583138,0.03421923052161446,0.02859999144601288,1.4052547230365244,1.196476949519681,0.15994554678475836,0.23151048849060185,0.396,0.168,0.243,True,999,0.00012562493793666363,0.0013515830505639315,weak_3x3_bal_strong_150_400,weak_null,True,1867,4285374274,3.885780586188048e-16,0,0
150,400,0.04880291127933778,0.05811353500907246,0.03485689543126114,0.05246564713658586,-0.00931062372973468,-0.01760875170532472,0.03164232719619431,-0.2942458584668984,-0.5564935725537458,0.7685700408309717,0.5778734871297535,0.847,0.761,0.571,True,999,0.00011358293704688549,0.0012995830038562417,weak_3x3_bal_strong_150_400,weak_null,True,1868,4285374274,3.885780586188048e-16,0,0
150,400,0.06438113840116477,0.05772832911818998,0.05036913845469826,0.050930654384359286,0.006652809282974792,-0.0005615159296610273,0.034953172869306534,0.19033491774410072,-0.01606480566901873,0.8490466933414298,0.987182690897639,0.901,0.856,0.983,True,999,0.00011904106941074133,0.0013239580439403653,weak_3x3_bal_strong_150_400,weak_null,True,1869,4285374274,3.885780586188048e-16,0,0
150,400,0.06298772174595824,0.09241344283876485,0.049055394209005954,0.08559317903754504,-0.02942572109280661,-0.03653778482853909,0.03675841303110264,-0.8005166345975936,-0.9939978855350238,0.42341152967157025,0.3202238968688145,0.563,0.43,0.323,True,999,0.00011899997480213642,0.0013235000660642982,weak_3x3_bal_strong_150_400,weak_null,True,1870,4285374274,3.885780586188048e-16,0,0
150,400,0.11491454667824175,0.03721050745179577,0.10083333230613789,0.03134838652545113,0.07770403922644598,0.06948494578068676,0.03973042502686279,1.9557817258161276,1.748910205055852,0.05049087248916972,0.08030654229426794,0.177,0.062,0.096,True,999,0.00012125005014240742,0.0013633329654112458,weak_3x3_bal_strong_150_400,weak_null,True,1871,4285374274,3.885780586188048e-16,0,0
150,400,0.03518333910286686,0.05629395861824538,0.021292898796588133,0.04954009521352987,-0.021110619515378515,-0.028247196416941733,0.028820931580756628,-0.7324752656320731,-0.9800931082950154,0.4638785342425965,0.3270401607305037,0.654,0.471,0.333,True,999,0.00011829205323010683,0.00138412497472018,weak_3x3_bal_strong_150_400,weak_null,True,1872,4285374274,3.885780586188048e-16,0,0
150,400,0.0369657368147025,0.036343851933676286,0.02307098687614939,0.029724719988649895,0.0006218848810262134,-0.006653733112500504,0.026794981279669682,0.023209005990165028,-0.24832012543889817,0.9814835548022177,0.8038867287194378,0.988,0.983,0.809,True,999,0.00011854199692606926,0.0014418329810723662,weak_3x3_bal_strong_150_400,weak_null,True,1873,4285374274,3.885780586188048e-16,0,0
150,400,0.10302457984510172,0.06127293345964635,0.08899413855607463,0.055452975693185635,0.041751646385455365,0.033541162862888996,0.039784240946185184,1.0494518782432327,0.8430766068468921,0.29397019207715136,0.399185600963737,0.392,0.283,0.397,True,999,0.00011820800136774778,0.0013655410148203373,weak_3x3_bal_strong_150_400,weak_null,True,1874,4285374274,3.885780586188048e-16,0,0
150,400,0.037444098569851425,0.06895507574765997,0.023516929014874677,0.061047057804444194,-0.03151097717780854,-0.03753012878956952,0.03150341873248632,-1.0002399246058469,-1.191303366414276,0.3171944123302589,0.23353451282183146,0.552,0.337,0.255,True,999,0.00011799996718764305,0.0013716249959543347,weak_3x3_bal_strong_150_400,weak_null,True,1875,4285374274,3.885780586188048e-16,0,0
150,400,0.06780551963475823,0.04480410565211035,0.05378788882202912,0.03808436523632963,0.023001413982647878,0.015703523585699486,0.03351843204491192,0.6862318008141876,0.4685041222888369,0.49256694728436035,0.6394241237504126,0.64,0.508,0.654,True,999,0.00011808308772742748,0.001364750089123845,weak_3x3_bal_strong_150_400,weak_null,True,1876,4285374274,3.885780586188048e-16,0,0
150,400,0.050336261262084125,0.08932062816240238,0.036394356303105724,0.08380763888726506,-0.03898436690031826,-0.04741328258415933,0.03487708589279763,-1.1177644548671657,-1.3594393387651265,0.26366760630382213,0.17400741255647567,0.467,0.276,0.177,True,999,0.00011929101310670376,0.0013821249594911933,weak_3x3_bal_strong_150_400,weak_null,True,1877,4285374274,3.885780586188048e-16,0,0
150,400,0.04626085313703032,0.04374789683039959,0.03232784446919368,0.03811164421395574,0.0025129563066307314,-0.005783799744762064,0.02989393398764881,0.08406241572852212,-0.1934773705980531,0.9330068067405723,0.8465851268667448,0.952,0.929,0.877,True,999,0.00011862500105053186,0.0014816669281572104,weak_3x3_bal_strong_150_400,weak_null,True,1878,4285374274,3.885780586188048e-16,0,0
150,400,0.051748756548147146,0.03361685183336094,0.03782029806498599,0.02781293413613639,0.018131904714786207,0.0100073639288496,0.029135211841761755,0.622336463975743,0.3434800468656717,0.5337206490292423,0.7312373491091355,0.706,0.543,0.726,True,999,0.00011620798613876104,0.0013267080066725612,weak_3x3_bal_strong_150_400,weak_null,True,1879,4285374274,3.885780586188048e-16,0,0
150,400,0.0699824320158553,0.04712553075932785,0.05604854043875207,0.04015383851735521,0.02285690125652745,0.01589470192139686,0.03481628366345252,0.6565003168480295,0.45653068762424825,0.5115022637588835,0.6480084086520268,0.653,0.496,0.644,True,999,0.0001115420600399375,0.0013188750017434359,weak_3x3_bal_strong_150_400,weak_null,True,1880,4285374274,3.885780586188048e-16,0,0
150,400,0.021540863888701578,0.05386548259536522,0.007679163760599295,0.04970570423287768,-0.032324618706663644,-0.042026540472278384,0.025312580439127333,-1.2770179154353358,-1.6603024955652161,0.201595922354168,0.09685361394973424,0.484,0.191,0.084,True,999,0.00011516595259308815,0.0013235840015113354,weak_3x3_bal_strong_150_400,weak_null,True,1881,4285374274,3.885780586188048e-16,0,1
150,400,0.04520428028566914,0.10086868529024684,0.03130468647759699,0.09401661471002853,-0.0556644050045777,-0.06271192823243155,0.03552639495604974,-1.5668464270985278,-1.7652207129379,0.11715059242453849,0.07752667879484747,0.321,0.112,0.075,True,999,0.00012020894791930914,0.001337749999947846,weak_3x3_bal_strong_150_400,weak_null,True,1882,4285374274,3.885780586188048e-16,0,0
150,400,0.05742506335081887,0.10009447909408264,0.043463096012459346,0.09228450520103593,-0.04266941574326377,-0.04882140918857658,0.037333704196188006,-1.142919425274189,-1.3077033270532405,0.25307204652612625,0.19097395443992304,0.392,0.243,0.183,True,999,0.00011754105798900127,0.0013745418982580304,weak_3x3_bal_strong_150_400,weak_null,True,1883,4285374274,3.885780586188048e-16,0,0
150,400,0.06543325637883823,0.02078077415148627,0.05147666566304565,0.01653983567879891,0.044652482227351964,0.03493682998424674,0.030739986681064677,1.4525862581084705,1.1365271672602009,0.1463386637557946,0.25573600225200144,0.381,0.151,0.258,True,999,0.00012304098345339298,0.0014035840285941958,weak_3x3_bal_strong_150_400,weak_null,True,1884,4285374274,3.885780586188048e-16,0,1
150,400,0.08374333168985704,0.07867353276544553,0.06973119921451598,0.07299474889975954,0.005069798924411506,-0.003263549685243561,0.0379569119933457,0.13356721235121294,-0.08598037916824477,0.8937448125722579,0.9314820146132902,0.932,0.906,0.932,True,999,0.00012408301699906588,0.0012715829070657492,weak_3x3_bal_strong_150_400,weak_null,True,1885,4285374274,3.885780586188048e-16,0,0
150,400,0.044429881276850436,0.0684435342721672,0.030528461979201893,0.061862470201589304,-0.02401365299531677,-0.03133400822238741,0.03233626344967457,-0.7426230007276379,-0.9690052244642617,0.45770995917430024,0.33254258249660906,0.639,0.47,0.322,True,999,0.00011229095980525017,0.0012946249917149544,weak_3x3_bal_strong_150_400,weak_null,True,1886,4285374274,3.885780586188048e-16,0,0
150,400,0.05743448659588002,0.04457004061071035,0.04350093812760747,0.038716824510345305,0.01286444598516967,0.0047841136172621646,0.03189825105184156,0.4032962799202427,0.1499804365288537,0.6867302781009508,0.8807800500521769,0.819,0.7,0.896,True,999,0.0001116669736802578,0.0013082079822197556,weak_3x3_bal_strong_150_400,weak_null,True,1887,4285374274,3.885780586188048e-16,0,0
150,400,0.06910325725853084,0.04103414207019063,0.05513806386065312,0.034094751281827484,0.02806911518834021,0.021043312578825635,0.033538764660522746,0.8369155952061448,0.6274325483310048,0.40264001363288504,0.5303757378626648,0.591,0.402,0.523,True,999,0.00011616700794547796,0.0013272080104798079,weak_3x3_bal_strong_150_400,weak_null,True,1888,4285374274,3.885780586188048e-16,0,0
150,400,0.10522570089593919,0.035670730731960476,0.09121500990650588,0.02897039187473638,0.06955497016397871,0.062244618031769505,0.03986720344568441,1.7446663962457587,1.5612988284109863,0.08104295591993524,0.11845325991093526,0.178,0.087,0.129,True,999,0.00013104197569191456,0.0013447919627651572,weak_3x3_bal_strong_150_400,weak_null,True,1889,4285374274,3.885780586188048e-16,0,0
150,400,0.08789242964956112,0.04123977172795057,0.07380441566940021,0.03707918664301246,0.04665265792161055,0.03672522902638775,0.03583400149605316,1.3019103637295149,1.0248710022081333,0.19294702924110896,0.30542405870717204,0.364,0.212,0.293,True,999,0.00011924991849809885,0.0013657920062541962,weak_3x3_bal_strong_150_400,weak_null,True,1890,4285374274,3.885780586188048e-16,0,1
150,400,0.03733374126064115,0.061094298501564115,0.023398692235730323,0.05439400817468254,-0.023760557240922964,-0.030995315938952217,0.029427124159656468,-0.8074372851390567,-1.0532906909553086,0.41941459298347805,0.29220778408334047,0.641,0.464,0.342,True,999,0.00011387502308934927,0.0012972080148756504,weak_3x3_bal_strong_150_400,weak_null,True,1891,4285374274,3.885780586188048e-16,0,0
150,400,0.05747109606711587,0.0653381211007748,0.04354571861858858,0.06086294946271664,-0.007867025033658936,-0.017317230844128062,0.03485615704806668,-0.2256997242355289,-0.49681985367025916,0.8214349725803503,0.6193160934070927,0.894,0.821,0.607,True,999,0.0001242499565705657,0.0013029159745201468,weak_3x3_bal_strong_150_400,weak_null,True,1892,4285374274,3.885780586188048e-16,0,1
150,400,0.06743914605266621,0.07866656547257123,0.053473278020391035,0.07301388253335972,-0.011227419419905016,-0.019540604512968685,0.03696446359098958,-0.3037354888775337,-0.5286321676187364,0.7613294183131054,0.5970606410062734,0.856,0.785,0.618,True,999,0.00011199992150068283,0.0013217499945312738,weak_3x3_bal_strong_150_400,weak_null,True,1893,4285374274,3.885780586188048e-16,0,0
150,400,0.05761466206567922,0.07361479546185795,0.04362943614034975,0.06577030551861185,-0.01600013339617873,-0.022140869378262096,0.03447762819571176,-0.46407291433605,-0.642180757115303,0.6425955066490765,0.5207558257329719,0.745,0.643,0.515,True,999,0.00011495896615087986,0.0013730840291827917,weak_3x3_bal_strong_150_400,weak_null,True,1894,4285374274,3.885780586188048e-16,0,0
150,400,0.11897521444659565,0.04030133784048695,0.10484081948487756,0.033356276456885325,0.0786738766061087,0.07148454302799223,0.04114454516758652,1.9121338268696577,1.737400249214747,0.055859031057338394,0.08231654730182746,0.121,0.055,0.082,True,999,0.00011429202277213335,0.0014048339799046516,weak_3x3_bal_strong_150_400,weak_null,True,1895,4285374274,3.885780586188048e-16,0,0
150,400,0.03089271110351066,0.09667998498058972,0.01701207241367797,0.09242650978447386,-0.06578727387707906,-0.0754144373707959,0.0313924862302039,-2.095637580109301,-2.4023085275175435,0.03611435288983031,0.01629196106670579,0.179,0.044,0.022,True,999,0.00012325006537139416,0.0013516659382730722,weak_3x3_bal_strong_150_400,weak_null,True,1896,4285374274,3.885780586188048e-16,0,1
150,400,0.08810614052493149,0.09309089727387704,0.07410358461999067,0.08739637024507374,-0.004984756748945551,-0.01329278562508307,0.03996822609283134,-0.12471798816809665,-0.3325838278188496,0.900746816094479,0.7394484526029779,0.924,0.897,0.713,True,999,0.00011320901103317738,0.00136824999935925,weak_3x3_bal_strong_150_400,weak_null,True,1897,4285374274,3.885780586188048e-16,0,0
150,400,0.07524634406229835,0.0388845617304997,0.061267184003526154,0.03208223033666968,0.03636178233179865,0.029184953666856472,0.034324198795996796,1.0593628870381528,0.8502734132358041,0.28943454490560305,0.395173094415065,0.46,0.301,0.418,True,999,0.00011274998541921377,0.0013567500282078981,weak_3x3_bal_strong_150_400,weak_null,True,1898,4285374274,3.885780586188048e-16,0,0
150,400,0.019743638699945665,0.07644661547618675,0.005885297057119487,0.07066978015981817,-0.05670297677624109,-0.06478448310269869,0.027414206010206978,-2.0683793196538023,-2.363171965607096,0.0386043683008916,0.018119259651973068,0.24,0.045,0.024,True,999,0.00012025004252791405,0.001351917046122253,weak_3x3_bal_strong_150_400,weak_null,True,1899,4285374274,3.885780586188048e-16,0,0
150,400,0.07803034004120257,0.050024891030317264,0.06405901644680512,0.044828431238101984,0.028005449010885308,0.019230585208703133,0.03537496129608898,0.7916743364460319,0.5436213780629421,0.4285505900550316,0.5867020455188265,0.57,0.423,0.588,True,999,0.00011883291881531477,0.001412415993399918,weak_3x3_bal_strong_150_400,weak_null,True,1900,4285374274,3.885780586188048e-16,0,1
150,400,0.06941909960018444,0.043931329069321234,0.055455772600680575,0.03861749870944209,0.025487770530863207,0.016838273891238487,0.03370681512564222,0.7561607477852028,0.4995510204234303,0.4495528236313783,0.6173912532118097,0.622,0.447,0.618,True,999,0.00012629199773073196,0.0014360409695655107,weak_3x3_bal_strong_150_400,weak_null,True,1901,4285374274,3.885780586188048e-16,0,1
150,400,0.05725369036524541,0.052880205106449474,0.04333191757368127,0.04742878381651394,0.004373485258795939,-0.004096866242832675,0.03342220537568196,0.1308556754300269,-0.12257917144550731,0.8958894789751,0.9024403488191157,0.928,0.902,0.894,True,999,0.00011833291500806808,0.0013677909737452865,weak_3x3_bal_strong_150_400,weak_null,True,1902,4285374274,3.885780586188048e-16,0,1
150,400,0.020527991409394764,0.08082774469120135,0.006674867005557417,0.07540645812804314,-0.06029975328180659,-0.06873159112248572,0.02850845514609859,-2.1151533105805163,-2.4109195244096457,0.03441688279926568,0.015912359083746677,0.237,0.034,0.018,True,999,0.00011745898518711329,0.0013639170210808516,weak_3x3_bal_strong_150_400,weak_null,True,1903,4285374274,3.885780586188048e-16,0,1
150,400,0.0690463056704691,0.03515303337578962,0.055103533736200916,0.028306753291076348,0.03389327229467948,0.02679678044512457,0.03326777834409751,1.0188017950616453,0.8054875251349313,0.30829707336094325,0.42053840228523653,0.516,0.304,0.416,True,999,0.00011595804244279861,0.0013652079505845904,weak_3x3_bal_strong_150_400,weak_null,True,1904,4285374274,3.885780586188048e-16,0,0
150,400,0.07378979560147014,0.06537951216669508,0.05984887881731993,0.058766928714078404,0.008410283434775068,0.0010819501032415246,0.03607657911575383,0.2331230854175552,0.02999037408092447,0.8156658291346941,0.976074730089707,0.884,0.824,0.977,True,999,0.00011716608423739672,0.0014087921008467674,weak_3x3_bal_strong_150_400,weak_null,True,1905,4285374274,3.885780586188048e-16,0,0
150,400,0.1378517009235818,0.09871433538719981,0.12364853843541823,0.09090585600313261,0.039137365536381974,0.03274268243228562,0.04529674513764656,0.8640215851592068,0.7228484592609914,0.38757603309171273,0.4697729915795471,0.506,0.435,0.496,True,999,0.0001176249934360385,0.0014182080049067736,weak_3x3_bal_strong_150_400,weak_null,True,1906,4285374274,3.885780586188048e-16,0,0
150,400,0.06876872884961127,0.09100371951546099,0.05478126150535445,0.0853360790597435,-0.02223499066584972,-0.030554817554389047,0.0371790210292573,-0.5980520748072503,-0.8218295347353158,0.5498051868066911,0.411173921864174,0.682,0.558,0.425,True,999,0.00011791696306318045,0.0013667920138686895,weak_3x3_bal_strong_150_400,weak_null,True,1907,4285374274,3.885780586188048e-16,0,0
150,400,0.04295778188909827,0.055016688582379625,0.029042288302406405,0.0480247154334279,-0.012058906693281357,-0.018982427131021495,0.030542468346108465,-0.3948242347877502,-0.6215092675520484,0.6929726081876242,0.5342645987321823,0.767,0.657,0.504,True,999,0.0001478750491514802,0.0013416670262813568,weak_3x3_bal_strong_150_400,weak_null,True,1908,4285374274,3.885780586188048e-16,0,0
150,400,0.09790688668468994,0.06533724745348851,0.08388734305813728,0.0575475365493503,0.03256963923120143,0.026339806508786978,0.03938283171322741,0.8270009497631515,0.6688144392608594,0.4082365231593371,0.5036138547294972,0.556,0.424,0.505,True,999,0.00011349993292242289,0.0013077909825369716,weak_3x3_bal_strong_150_400,weak_null,True,1909,4285374274,3.885780586188048e-16,0,0
150,400,0.049229223123950616,0.07245741578420228,0.03532177005570247,0.06820697158781286,-0.023228192660251668,-0.032885201532110386,0.03357155737873939,-0.6919009564614927,-0.9795554362019658,0.4889995299515304,0.32730561158723803,0.647,0.473,0.299,True,999,0.0001169589813798666,0.0013354170368984342,weak_3x3_bal_strong_150_400,weak_null,True,1910,4285374274,3.885780586188048e-16,0,1
150,400,0.09008311718382767,0.08260828345090243,0.07600628810595822,0.07831494064453182,0.0074748337329252346,-0.0023086525385735968,0.04113213879021793,0.18172732935304847,-0.0561277046726936,0.8557967173579148,0.9552400735841162,0.904,0.875,0.959,True,999,0.00013104104436933994,0.0013549999566748738,weak_3x3_bal_strong_150_400,weak_null,True,1911,4285374274,3.885780586188048e-16,0,1
150,400,0.021652791074844968,0.04857906047320981,0.007750247700926138,0.041801976113987394,-0.026926269398364844,-0.034051728413061255,0.02452578591212583,-1.0978759047656934,-1.3884051885255058,0.2722586807715579,0.16501369732835358,0.524,0.253,0.166,True,999,0.00011879194062203169,0.0013825841015204787,weak_3x3_bal_strong_150_400,weak_null,True,1912,4285374274,3.885780586188048e-16,0,0
150,400,0.08800433658666318,0.07319704078235834,0.07403467762836158,0.0653652214687952,0.014807295804304843,0.00866945615956638,0.04012462283295325,0.3690326477572275,0.2160632436511377,0.712103390195659,0.8289384503019168,0.776,0.711,0.827,True,999,0.00011495908256620169,0.0012767909793183208,weak_3x3_bal_strong_150_400,weak_null,True,1913,4285374274,3.885780586188048e-16,0,0
150,400,0.06157513666720127,0.06214791717856033,0.04764946019281524,0.05646079322627884,-0.0005727805113590612,-0.008811333033463598,0.03414186856830011,-0.01677648398807539,-0.25807998808960053,0.9866149303165394,0.796345175740895,0.991,0.991,0.796,True,999,0.00011229200754314661,0.0013371669920161366,weak_3x3_bal_strong_150_400,weak_null,True,1914,4285374274,3.885780586188048e-16,0,0
150,400,0.03320761133261119,0.0429763845605875,0.019328214587034154,0.03616899893430059,-0.009768773227976313,-0.016840784347266435,0.026942159900505653,-0.36258315087028237,-0.6250717986032874,0.7169162986144474,0.5319239361563366,0.837,0.721,0.551,True,999,0.00011308398097753525,0.0012904590694233775,weak_3x3_bal_strong_150_400,weak_null,True,1915,4285374274,3.885780586188048e-16,0,0
150,400,0.09504120000903171,0.051603993688482896,0.08104540536299965,0.04592280768559931,0.043437206320548816,0.035122597677400336,0.037955441610000876,1.1444263188102006,0.925363958040364,0.25244687853014125,0.3547766200669663,0.414,0.245,0.343,True,999,0.0001105000264942646,0.001325832912698388,weak_3x3_bal_strong_150_400,weak_null,True,1916,4285374274,3.885780586188048e-16,0,0
150,400,0.13024881516118558,0.041038954307602515,0.11558421954273967,0.03418318451338109,0.08920986085358307,0.08140103502935858,0.040122146443314424,2.2234568377247963,2.0288305149467516,0.026185010753110877,0.042475556064790386,0.137,0.038,0.051,True,999,0.00010979105718433857,0.0013237089151516557,weak_3x3_bal_strong_150_400,weak_null,True,1917,4285374274,3.885780586188048e-16,0,0
150,400,0.08994244711876354,0.027039871541486737,0.0759387221807799,0.024257367531220098,0.0629025755772768,0.05168135464955981,0.034138748949496284,1.8425565526824885,1.5138619967010352,0.06539378237865137,0.13006084455314354,0.189,0.074,0.13,True,999,0.00011579098645597696,0.0014203330501914024,weak_3x3_bal_strong_150_400,weak_null,True,1918,4285374274,3.885780586188048e-16,0,2
150,400,0.04897461811538495,0.06309331295715792,0.03504577993683711,0.05722761030509105,-0.014118694841772972,-0.02218183036825394,0.03211261348659753,-0.43966196795740486,-0.6907513266558548,0.6601819519124371,0.4897218280720653,0.807,0.701,0.52,True,999,0.00011570798233151436,0.0013503750087693334,weak_3x3_bal_strong_150_400,weak_null,True,1919,4285374274,3.885780586188048e-16,0,0
150,400,0.03007871003255813,0.044934809492648775,0.01618584429593284,0.0406148416175256,-0.014856099460090644,-0.02442899732159276,0.026831016791268064,-0.553691258727304,-0.9104760177982886,0.5797901585926786,0.36257152375510127,0.746,0.595,0.375,True,999,0.0001212080242112279,0.001328083104453981,weak_3x3_bal_strong_150_400,weak_null,True,1920,4285374274,3.885780586188048e-16,0,1
150,400,0.07028037381521379,0.03284757718765474,0.056332350506721696,0.029960338268551823,0.03743279662755905,0.026372012238169873,0.03358150886109813,1.1146847743617134,0.7853134993800125,0.264985527849501,0.43226978288366513,0.486,0.27,0.424,True,999,0.00011954095680266619,0.0013552079908549786,weak_3x3_bal_strong_150_400,weak_null,True,1921,4285374274,3.885780586188048e-16,0,2
150,400,0.1513189652967566,0.08204613995902377,0.13702308302111987,0.07680167832629081,0.06927282533773282,0.06022140469482906,0.04614980076105643,1.5010427823165986,1.304911477443408,0.13334449641478283,0.19192299255380718,0.232,0.126,0.18,True,999,0.00011941709090024233,0.0013908339897170663,weak_3x3_bal_strong_150_400,weak_null,True,1922,4285374274,3.885780586188048e-16,0,1
150,400,0.08491352191237955,0.051863826073303754,0.07070496903867252,0.04550597731811479,0.0330496958390758,0.02519899172055773,0.035399779169353,0.9336130511144045,0.7118403648792673,0.35050353063745654,0.4765636339926912,0.506,0.354,0.479,True,999,0.00011891697067767382,0.001470208982937038,weak_3x3_bal_strong_150_400,weak_null,True,1923,4285374274,3.885780586188048e-16,0,1
150,400,0.1001022232153228,0.05902969470869357,0.0860897837303014,0.05323766414423403,0.041072528506629236,0.032852119586067374,0.04081844454040281,1.0062247341633739,0.8048351659639987,0.3143074766475228,0.42091480571920115,0.461,0.313,0.415,True,999,0.00012612505815923214,0.001295416965149343,weak_3x3_bal_strong_150_400,weak_null,True,1924,4285374274,3.885780586188048e-16,0,0
150,400,0.04094491074921458,0.07516538609156159,0.02704443844319826,0.07088413323961618,-0.03422047534234701,-0.043839694796417916,0.031435813604478204,-1.0885824611669068,-1.394578023270017,0.2763380545401284,0.16314312608580672,0.484,0.28,0.188,True,999,0.00011195801198482513,0.0012862499570474029,weak_3x3_bal_strong_150_400,weak_null,True,1925,4285374274,3.885780586188048e-16,0,1
150,400,0.03546146316692256,0.062241077128081745,0.02155820650119722,0.05547507634901194,-0.026779613961159188,-0.033916869847814723,0.029102905269874524,-0.9201697807428092,-1.1654118217167586,0.3574840433933566,0.24385233434440445,0.557,0.356,0.241,True,999,0.00011083402205258608,0.0013114999746903777,weak_3x3_bal_strong_150_400,weak_null,True,1926,4285374274,3.885780586188048e-16,0,0
150,400,0.09479307628153433,0.05531612974317768,0.08079998794781318,0.05012072712105464,0.03947694653835665,0.030679260826758536,0.03894173770649062,1.0137438353650259,0.7878246486582715,0.3107050014046773,0.43079928120407673,0.458,0.34,0.465,True,999,0.00011812499724328518,0.001339582959190011,weak_3x3_bal_strong_150_400,weak_null,True,1927,4285374274,3.885780586188048e-16,0,1
150,400,0.06743794734883712,0.04717814086034422,0.05350900894237043,0.03927139816158842,0.020259806488492904,0.014237610780782006,0.03450336619600397,0.5871834757629911,0.4126441084009636,0.5570804889960252,0.6798673798295809,0.706,0.538,0.664,True,999,0.00011899997480213642,0.0013626670697703958,weak_3x3_bal_strong_150_400,weak_null,True,1928,4285374274,3.885780586188048e-16,0,0
150,400,0.04056142731729029,0.05726440931357368,0.026618152551066032,0.05051997354576088,-0.016702981996283395,-0.023901820994694845,0.029914244187811946,-0.5583621598933375,-0.7990113620999737,0.5765971066194118,0.4242838237466672,0.724,0.585,0.437,True,999,0.00011720799375325441,0.001404042006470263,weak_3x3_bal_strong_150_400,weak_null,True,1929,4285374274,3.885780586188048e-16,0,0
150,400,0.05037882880323852,0.07368770764590277,0.03640925504694792,0.06951453768448346,-0.02330887884266425,-0.03310528263753554,0.033494255105493434,-0.6959067687652899,-0.9883868900283709,0.4864872180694304,0.32296320561322167,0.651,0.497,0.346,True,999,0.00011812499724328518,0.0013583750696852803,weak_3x3_bal_strong_150_400,weak_null,True,1930,4285374274,3.885780586188048e-16,0,1
150,400,0.07779384262185385,0.062395978199894064,0.06371989276527756,0.056531458701073234,0.015397864421959784,0.00718843406420433,0.035718178577446205,0.431093214581848,0.20125421705415225,0.6664005942095921,0.8404997995640152,0.764,0.678,0.833,True,999,0.0001140000531449914,0.0012869169004261494,weak_3x3_bal_strong_150_400,weak_null,True,1931,4285374274,3.885780586188048e-16,0,0
150,400,0.10392231436029231,0.04192880026147111,0.08983038041222358,0.036496058547385246,0.0619935140988212,0.05333432186483833,0.03838339818112868,1.61511270592244,1.3895153736299544,0.10628628989436159,0.16467608934661382,0.241,0.122,0.171,True,999,0.00010958302300423384,0.0013183330884203315,weak_3x3_bal_strong_150_400,weak_null,True,1932,4285374274,3.885780586188048e-16,0,1
150,400,0.12786263880743798,0.04738617333604084,0.1135364659841116,0.041405640140382616,0.08047646547139714,0.07213082584372899,0.041346613818532205,1.946385883608353,1.7445401009211257,0.0516084039926871,0.08106495523703489,0.153,0.058,0.092,True,999,0.0001099579967558384,0.0013835830613970757,weak_3x3_bal_strong_150_400,weak_null,True,1933,4285374274,3.885780586188048e-16,0,0
150,400,0.0571242517875401,0.07134765297788692,0.04318431862654393,0.06586737475282689,-0.014223401190346818,-0.022683056126282963,0.033286392851683534,-0.4273037710551276,-0.6814513133746096,0.6691580864763951,0.4955859634910529,0.772,0.667,0.485,True,999,0.00010912504512816668,0.00135404197499156,weak_3x3_bal_strong_150_400,weak_null,True,1934,4285374274,3.885780586188048e-16,0,0
150,400,0.10238000214791887,0.0709562400681007,0.08829844769113038,0.06521503021184571,0.031423762079818174,0.023083417479284662,0.04148338643147602,0.7575023348618187,0.5564496890198396,0.44874896758850535,0.5779034787337953,0.581,0.469,0.591,True,999,0.00010954192839562893,0.0013942919904366136,weak_3x3_bal_strong_150_400,weak_null,True,1935,4285374274,3.885780586188048e-16,0,0
150,400,0.05446188738169577,0.06758260295079005,0.040539693214441286,0.06052145660419228,-0.013120715569094277,-0.019981763389750995,0.034518980189080714,-0.38010148321950465,-0.5788630857661249,0.7038700848231002,0.5626815598238808,0.795,0.713,0.572,True,999,0.00010858301538974047,0.0013607920845970511,weak_3x3_bal_strong_150_400,weak_null,True,1936,4285374274,3.885780586188048e-16,0,0
150,400,0.07391093641080149,0.0530834942064069,0.05994155818407876,0.047813222241785525,0.020827442204394586,0.012128335942293234,0.035021196989183385,0.5947096043241278,0.3463141464307796,0.5520376007676298,0.7291066383327989,0.666,0.543,0.719,True,999,0.00010920804925262928,0.001343499985523522,weak_3x3_bal_strong_150_400,weak_null,True,1937,4285374274,3.885780586188048e-16,0,1
150,400,0.033880427857431394,0.04789393206679815,0.019928534124261432,0.04209796486040318,-0.014013504209366756,-0.02216943073614175,0.02767234689508892,-0.5064082299378,-0.8011402437310516,0.6125700982655191,0.4230504605796167,0.727,0.609,0.426,True,999,0.00011854199692606926,0.0013005840592086315,weak_3x3_bal_strong_150_400,weak_null,True,1938,4285374274,3.885780586188048e-16,0,0
150,400,0.0880484239980257,0.03815564824736267,0.07405332890164118,0.031355684208477896,0.04989277575066303,0.042697644693163284,0.036372618005458,1.371712526801789,1.1738952826204638,0.1701529471980232,0.24043697221893456,0.337,0.186,0.265,True,999,0.0001259580021724105,0.0013717920519411564,weak_3x3_bal_strong_150_400,weak_null,True,1939,4285374274,3.885780586188048e-16,0,0
150,400,0.057218436752157764,0.07860982586583753,0.043280186674280685,0.0719318293749609,-0.02139138911367977,-0.028651642700680213,0.035238949973356776,-0.6070382099879034,-0.8130674359577386,0.543825554768472,0.4161793954741271,0.657,0.531,0.403,True,999,0.00012166600208729506,0.0013746250187978148,weak_3x3_bal_strong_150_400,weak_null,True,1940,4285374274,3.885780586188048e-16,0,0
150,400,0.02499741708345682,0.039470832614445006,0.011118764129292913,0.03426373616599676,-0.014473415530988187,-0.023144972036703848,0.024326270884463416,-0.5949705813821221,-0.9514393778902612,0.551863135831818,0.3413813787076788,0.758,0.552,0.327,True,999,0.00011187500786036253,0.0012808340834453702,weak_3x3_bal_strong_150_400,weak_null,True,1941,4285374274,3.885780586188048e-16,0,1
150,400,0.039429039524829346,0.05606893107175348,0.025533518354421858,0.04831727844148759,-0.016639891546924135,-0.02278376008706573,0.030563158838478103,-0.5444427925419479,-0.7454648325938632,0.5861368051901255,0.45599076326016397,0.753,0.579,0.443,True,999,0.00011445803102105856,0.0013272499199956656,weak_3x3_bal_strong_150_400,weak_null,True,1942,4285374274,3.885780586188048e-16,0,0
150,400,0.03932123673250687,0.05233306380040226,0.025433563799794,0.045691530383209056,-0.013011827067895387,-0.020257966583415055,0.02914756273735264,-0.44641218153107237,-0.6950140828568985,0.6552995351202187,0.4870464760223504,0.795,0.654,0.486,True,999,0.0001142079709097743,0.0013295409735292196,weak_3x3_bal_strong_150_400,weak_null,True,1943,4285374274,3.885780586188048e-16,0,0
150,400,0.07630445122121388,0.08224795312808286,0.06234308869741767,0.07565187471706736,-0.0059435019068689865,-0.013308786019649688,0.03730007228797828,-0.15934290585234503,-0.35680322324573827,0.8733987185813605,0.7212391230881068,0.924,0.887,0.726,True,999,0.00011500006075948477,0.0013532090233638883,weak_3x3_bal_strong_150_400,weak_null,True,1944,4285374274,3.885780586188048e-16,0,0
150,400,0.08252643560484585,0.06802337687125254,0.06849647131289771,0.06528717794034833,0.01450305873359331,0.003209293372549382,0.03667274478212118,0.3954724092717459,0.08751167635845974,0.6924942798191793,0.9302648046472831,0.782,0.699,0.928,True,999,0.00011254101991653442,0.0013466670643538237,weak_3x3_bal_strong_150_400,weak_null,True,1945,4285374274,3.885780586188048e-16,0,2
150,400,0.05800973305964918,0.06002987717396702,0.04409487708053916,0.05320616976180759,-0.0020201441143178345,-0.009111292681268424,0.03384862003981987,-0.059681727406946446,-0.26917767018418487,0.9524091252065208,0.7877929629207745,0.966,0.947,0.783,True,999,0.00011862500105053186,0.001372499973513186,weak_3x3_bal_strong_150_400,weak_null,True,1946,4285374274,3.885780586188048e-16,0,0
150,400,0.02850608319058101,0.038094875704599074,0.014609841798773004,0.03418606251591427,-0.009588792514018063,-0.01957622071714127,0.025797798478205413,-0.37169034102343657,-0.7588329962992664,0.7101234173534328,0.4479524645609617,0.815,0.694,0.454,True,999,0.00011675001587718725,0.0012930419761687517,weak_3x3_bal_strong_150_400,weak_null,True,1947,4285374274,3.885780586188048e-16,0,2
150,400,0.014454956583443757,0.02759262552281494,0.0005715358993541031,0.0207360576590645,-0.013137668939371183,-0.020164521759710397,0.020111389082845838,-0.653245227629605,-1.0026419197920982,0.513598196980918,0.3160336622613097,0.749,0.496,0.289,True,999,0.00011216592974960804,0.001317500020377338,weak_3x3_bal_strong_150_400,weak_null,True,1948,4285374274,3.885780586188048e-16,0,0
150,400,0.03421074417492487,0.05043625846745009,0.020307749218602567,0.04461722472822771,-0.016225514292525223,-0.024309475509625145,0.028185942574510316,-0.5756598080632793,-0.8624680705767557,0.5648451469287501,0.38842999613749774,0.729,0.583,0.406,True,999,0.00011079094838351011,0.0013346250634640455,weak_3x3_bal_strong_150_400,weak_null,True,1949,4285374274,3.885780586188048e-16,0,0
150,400,0.05929219808849506,0.04182695768859335,0.0453836044756315,0.03653725056241797,0.017465240399901716,0.008846353913213534,0.03294099012549536,0.5301977971325195,0.2685515486787604,0.5959747982163119,0.7882748014197254,0.735,0.592,0.801,True,999,0.00011208304204046726,0.001386999967508018,weak_3x3_bal_strong_150_400,weak_null,True,1950,4285374274,3.885780586188048e-16,0,1
150,400,0.06249797519397848,0.021470546661426393,0.048551501827859056,0.014539042017815973,0.04102742853255209,0.03401245981004308,0.029770879730334866,1.3781060185046339,1.1424741263317888,0.16817055764633737,0.2532569948630975,0.37,0.171,0.258,True,999,0.00011745805386453867,0.0013615411007776856,weak_3x3_bal_strong_150_400,weak_null,True,1951,4285374274,3.885780586188048e-16,0,0
150,400,0.08922487598022033,0.023452698963909446,0.07523997739906463,0.017658941053866783,0.06577217701631088,0.057581036345197845,0.03426222097278129,1.919670562762462,1.6805984758238985,0.05489952481623747,0.09284093207996752,0.185,0.05,0.089,True,999,0.00012437498662620783,0.001386999967508018,weak_3x3_bal_strong_150_400,weak_null,True,1952,4285374274,3.885780586188048e-16,0,0
150,400,0.0898646609253988,0.06703411466037568,0.07585802528251406,0.06038920666105696,0.02283054626502312,0.015468818621457103,0.03892274871483722,0.5865604824645952,0.39742359242887804,0.5574989296354372,0.6910551207823439,0.677,0.556,0.69,True,999,0.000118291936814785,0.0013512499863281846,weak_3x3_bal_strong_150_400,weak_null,True,1953,4285374274,3.885780586188048e-16,0,0
150,400,0.06757962357307012,0.057525749590206676,0.053553775834359385,0.05203504145327997,0.010053873982863448,0.0015187343810794118,0.03406857102947855,0.29510700563766296,0.0445787520634574,0.767912138202587,0.9644430792167337,0.831,0.763,0.965,True,999,0.0001165410503745079,0.0013483749935403466,weak_3x3_bal_strong_150_400,weak_null,True,1954,4285374274,3.885780586188048e-16,0,0
150,400,0.047126131971141794,0.04678926266088779,0.03322277689312614,0.0409852261152821,0.00033686931025400657,-0.007762449222155965,0.029440508457039192,0.011442374059047935,-0.26366559645134025,0.9908705056174137,0.7920376077078913,0.995,0.993,0.801,True,999,0.00012083305045962334,0.0013992920285090804,weak_3x3_bal_strong_150_400,weak_null,True,1955,4285374274,3.885780586188048e-16,0,0
150,400,0.06185900020005963,0.05534728430997643,0.04791709564634061,0.04945868112204721,0.006511715890083203,-0.0015415854757065972,0.03353486102614153,0.1941775123208981,-0.04596963960890968,0.8460368903109713,0.9633344483996776,0.89,0.829,0.963,True,999,0.00011729099787771702,0.0013904580846428871,weak_3x3_bal_strong_150_400,weak_null,True,1956,4285374274,3.885780586188048e-16,0,0
150,400,0.10041312080939191,0.06572504038776567,0.08632007805164221,0.059013966034740406,0.034688080421626244,0.027306112016901807,0.03921967953550455,0.8844559882296853,0.6962349601093067,0.37645011083960034,0.48628169708862956,0.523,0.396,0.509,True,999,0.00011808297131210566,0.001416333019733429,weak_3x3_bal_strong_150_400,weak_null,True,1957,4285374274,3.885780586188048e-16,0,0
150,400,0.10863556326524493,0.04669326002048013,0.09437705235333738,0.03895845256812436,0.061942303244764796,0.05541859978521302,0.037729311960774004,1.6417554422716292,1.4688473471986454,0.10064069662599713,0.14187419855850125,0.278,0.1,0.142,True,999,0.00011570798233151436,0.0012977910228073597,weak_3x3_bal_strong_150_400,weak_null,True,1958,4285374274,3.885780586188048e-16,0,0
150,400,0.03488277526689609,0.09150485465674874,0.02097096559464262,0.0859962224506603,-0.05662207938985264,-0.06502525685601768,0.0331841595239287,-1.7062984328116897,-1.9595270089371633,0.08795252973733306,0.05005110001694806,0.248,0.099,0.069,True,999,0.00011658307630568743,0.0013039580080658197,weak_3x3_bal_strong_150_400,weak_null,True,1959,4285374274,3.885780586188048e-16,0,1
150,400,0.09434840552391899,0.04439465571466389,0.08010873409276087,0.03744107320738976,0.0499537498092551,0.042667660885371106,0.03550452072496999,1.4069687124130956,1.2017529039721229,0.15943666660444278,0.22945927727965232,0.349,0.171,0.235,True,999,0.00011270795948803425,0.001323250005953014,weak_3x3_bal_strong_150_400,weak_null,True,1960,4285374274,3.885780586188048e-16,0,0
150,400,0.1405793947713021,0.06794077661292808,0.12648529303638156,0.06224330378694276,0.07263861815837402,0.0642419892494388,0.04365999404447441,1.6637340372602991,1.4714154377574689,0.09616559108841874,0.14117880097859326,0.195,0.11,0.157,True,999,0.00011675001587718725,0.001386999967508018,weak_3x3_bal_strong_150_400,weak_null,True,1961,4285374274,3.885780586188048e-16,0,0
150,400,0.02753898826323642,0.03300863830040496,0.013671624377593616,0.026164154650729188,-0.005469650037168539,-0.012492530273135571,0.023950635102769804,-0.22837181618352964,-0.5215949480893246,0.819357197992074,0.6019523814910974,0.887,0.796,0.597,True,999,0.00011329108383506536,0.0013870839029550552,weak_3x3_bal_strong_150_400,weak_null,True,1962,4285374274,3.885780586188048e-16,0,0
150,400,0.09383631233257628,0.03884363345032382,0.07980811689193956,0.03278211700299494,0.054992678882252455,0.047025999888944625,0.03795496644407988,1.448892833649971,1.2389946374535559,0.1473675127802707,0.21534748400259063,0.32,0.173,0.229,True,999,0.0001140419626608491,0.0014041659887880087,weak_3x3_bal_strong_150_400,weak_null,True,1963,4285374274,3.885780586188048e-16,0,0
150,400,0.07966309093030177,0.05280714038394496,0.06558339488594811,0.04588745282035234,0.02685595054635681,0.019695942065595773,0.03509203980078323,0.7653003558304811,0.5612652378547733,0.44409271221258806,0.5746167355069579,0.613,0.458,0.588,True,999,0.0001189579488709569,0.0013547500129789114,weak_3x3_bal_strong_150_400,weak_null,True,1964,4285374274,3.885780586188048e-16,0,0
150,400,0.04856091116805383,0.02517379599170061,0.0346369477082078,0.019638974523076058,0.023387115176353224,0.014997973185131741,0.02734377725193965,0.855299359736199,0.5484967584011404,0.39238544191373825,0.5833508544727861,0.603,0.396,0.561,True,999,0.00012133305426687002,0.001358457957394421,weak_3x3_bal_strong_150_400,weak_null,True,1965,4285374274,3.885780586188048e-16,0,1
150,400,0.05661380708266983,0.0523834078677774,0.04261709725710716,0.04649981832594108,0.004230399214892433,-0.0038827210688339164,0.03273711518707224,0.1292233353708271,-0.11860303043339593,0.8971809320591383,0.9055898643628595,0.939,0.905,0.912,True,999,0.00012145889922976494,0.0013619170058518648,weak_3x3_bal_strong_150_400,weak_null,True,1966,4285374274,3.885780586188048e-16,0,0
150,400,0.07191136665468045,0.06803847785015804,0.05798419996617099,0.0614643852399297,0.003872888804522412,-0.003480185273758707,0.036659607563993515,0.1056445789214149,-0.09493242031256466,0.9158643537709611,0.9243685051137628,0.928,0.908,0.925,True,999,0.00012762495316565037,0.0014226660132408142,weak_3x3_bal_strong_150_400,weak_null,True,1967,4285374274,3.885780586188048e-16,0,0
150,400,0.06541401349663123,0.033754775592719,0.051441988477847644,0.02784612884916271,0.03165923790391223,0.023595859628684934,0.031217130722526517,1.0141623259778543,0.7558625370927503,0.3105053021153288,0.4497316172375353,0.488,0.305,0.445,True,999,0.00012158299796283245,0.001382000045850873,weak_3x3_bal_strong_150_400,weak_null,True,1968,4285374274,3.885780586188048e-16,0,0
150,400,0.10571695412653703,0.06834681933679815,0.09159524157470855,0.061814547613721516,0.037370134789738885,0.029780693960987037,0.03913265965069689,0.9549602588556328,0.7610189091877042,0.3395977945958363,0.4466457730536959,0.467,0.349,0.445,True,999,0.00011895899660885334,0.0012936670100316405,weak_3x3_bal_strong_150_400,weak_null,True,1969,4285374274,3.885780586188048e-16,0,0
150,400,0.04975576168305329,0.03892508463803479,0.03578635888641202,0.034607919067070725,0.0108306770450185,0.0011784398193412926,0.03082987853390008,0.3513045642755046,0.038223952716696485,0.7253598711056843,0.9695091233422701,0.824,0.744,0.972,True,999,0.00011166592594236135,0.0012892079539597034,weak_3x3_bal_strong_150_400,weak_null,True,1970,4285374274,3.885780586188048e-16,0,1
150,400,0.023362924692160947,0.04952720208151379,0.009496296731555276,0.04314968088357318,-0.02616427738935284,-0.03365338415201791,0.02592263644456459,-1.0093216191688295,-1.2982238216388784,0.3128204151325338,0.1942104345876382,0.588,0.305,0.203,True,999,0.00011066696606576443,0.001303790952078998,weak_3x3_bal_strong_150_400,weak_null,True,1971,4285374274,3.885780586188048e-16,0,1
150,400,0.01806735401973314,0.057112336026015675,0.004196253773216085,0.05130777074316484,-0.039044982006282536,-0.04711151696994875,0.024855288970619827,-1.570892297910341,-1.8954322770351566,0.11620766794592292,0.05803515593059676,0.384,0.117,0.058,True,999,0.00011858297511935234,0.0013431250117719173,weak_3x3_bal_strong_150_400,weak_null,True,1972,4285374274,3.885780586188048e-16,0,0
150,400,0.045743416076609034,0.04645267519001317,0.031841541955571984,0.039611772234110276,-0.000709259113404137,-0.007770230278538293,0.030141565209645435,-0.0235309317373197,-0.257791200440108,0.981226765353,0.7965680560506705,0.993,0.982,0.805,True,999,0.00011720799375325441,0.001354082953184843,weak_3x3_bal_strong_150_400,weak_null,True,1973,4285374274,3.885780586188048e-16,0,0
150,400,0.10268214913745233,0.05481306421823068,0.08866757029764472,0.050669835160562116,0.04786908491922165,0.0379977351370826,0.0401056328969499,1.1935751030838906,0.9474413540540932,0.23264421775418553,0.3434139269050981,0.379,0.271,0.381,True,999,0.00011520797852426767,0.001393499900586903,weak_3x3_bal_strong_150_400,weak_null,True,1974,4285374274,3.885780586188048e-16,0,1
150,400,0.09311756270195115,0.05033358120853326,0.07903796277756214,0.044606024233274866,0.04278398149341789,0.03443193854428728,0.03639916913736647,1.1754109367704477,0.9459539698377434,0.2398303500586333,0.3441720643560142,0.408,0.256,0.349,True,999,0.00011312507558614016,0.0013136249035596848,weak_3x3_bal_strong_150_400,weak_null,True,1975,4285374274,3.885780586188048e-16,0,0
150,400,0.06459913029884934,0.0620029244445206,0.05057777327155577,0.056197064446791956,0.002596205854328737,-0.005619291175236185,0.03385943312134059,0.0766759988280024,-0.16595939911629864,0.938881298478158,0.868188901823082,0.96,0.941,0.87,True,999,0.00011341599747538567,0.0012747079599648714,weak_3x3_bal_strong_150_400,weak_null,True,1976,4285374274,3.885780586188048e-16,0,0
150,400,0.04679975687012061,0.03333988267989585,0.03289361719001249,0.025558983990862316,0.013459874190224763,0.007334633199150176,0.028556362191029028,0.47134414741570896,0.256847603699828,0.6373949941377719,0.7972964200106865,0.759,0.639,0.798,True,999,0.00010933401063084602,0.0012951251119375229,weak_3x3_bal_strong_150_400,weak_null,True,1977,4285374274,3.885780586188048e-16,0,0
150,400,0.07318667881424301,0.07447537297785045,0.05923326166600873,0.06773295508139654,-0.00128869416360744,-0.00849969341538781,0.03764524215737305,-0.03423259062115082,-0.22578400159721362,0.9726916782062686,0.8213694206776154,0.986,0.982,0.813,True,999,0.00010862504132091999,0.0013359589502215385,weak_3x3_bal_strong_150_400,weak_null,True,1978,4285374274,3.885780586188048e-16,0,0
150,400,0.04590002010249572,0.07523922739046351,0.0319906992941128,0.06843649534840779,-0.029339207287967795,-0.03644579605429499,0.03330436911384041,-0.880941692295117,-1.0943247695134715,0.3783493799140508,0.27381256557537936,0.577,0.381,0.28,True,999,0.00010954204481095076,0.0013455830048769712,weak_3x3_bal_strong_150_400,weak_null,True,1979,4285374274,3.885780586188048e-16,0,0
150,400,0.03576581640539134,0.03716368261794212,0.021872735213946726,0.03272260225685386,-0.0013978662125507801,-0.010849867042907135,0.02649270710420681,-0.052764189293770254,-0.40954165235851914,0.9579197945384038,0.6821422061469998,0.978,0.958,0.694,True,999,0.00010850001126527786,0.0013405000790953636,weak_3x3_bal_strong_150_400,weak_null,True,1980,4285374274,3.885780586188048e-16,0,1
150,400,0.07639618414067906,0.055094768138165495,0.06245337807587248,0.04935236882417371,0.021301416002513562,0.01310100925169877,0.03673424497037314,0.579878966334916,0.3566429434514029,0.5619962409106352,0.7213591245553739,0.717,0.603,0.729,True,999,0.0001152080949395895,0.0013362080790102482,weak_3x3_bal_strong_150_400,weak_null,True,1981,4285374274,3.885780586188048e-16,0,0
150,400,0.13948426534935732,0.06593898274733556,0.1252301364306163,0.060147531455868375,0.07354528260202176,0.06508260497474794,0.04430430421636075,1.6600031058576665,1.4689905670770955,0.09691382772116929,0.14183534777445783,0.195,0.104,0.152,True,999,0.00011612509842962027,0.0013307920889928937,weak_3x3_bal_strong_150_400,weak_null,True,1982,4285374274,3.885780586188048e-16,0,0
150,400,0.029799292117645315,0.047888116716883145,0.01591925638047087,0.042163072725372785,-0.01808882459923783,-0.026243816344901916,0.026444976328453974,-0.6840174245032247,-0.9923932628619668,0.49396416296972634,0.3210057241396421,0.72,0.501,0.325,True,999,0.00011012505274266005,0.0012946249917149544,weak_3x3_bal_strong_150_400,weak_null,True,1983,4285374274,3.885780586188048e-16,0,0
150,400,0.09089529425103793,0.07637631321974009,0.07689728700609066,0.06967941143753364,0.01451898103129784,0.0072178755685570195,0.039277554494664524,0.3696508404888116,0.1837659106179204,0.71164266477725,0.8541971000406359,0.78,0.705,0.852,True,999,0.00011645897757261992,0.0013787499628961086,weak_3x3_bal_strong_150_400,weak_null,True,1984,4285374274,3.885780586188048e-16,0,0
150,400,0.1278861412845771,0.08975514127903211,0.1136321290431681,0.08406567742918014,0.03813100000554498,0.029566451613987965,0.044552085435242986,0.8558746382583788,0.6636378819340157,0.392067124705063,0.5069221055757646,0.501,0.387,0.493,True,999,0.00012629199773073196,0.0013589169830083847,weak_3x3_bal_strong_150_400,weak_null,True,1985,4285374274,3.885780586188048e-16,0,0
150,400,0.039945682755664125,0.07193809416913755,0.026059656175277723,0.06514334650333353,-0.03199241141347342,-0.03908369032805581,0.03150393894372344,-1.015505123680647,-1.2405969424290828,0.30986510542394763,0.21475468203941173,0.551,0.331,0.224,True,999,0.00012108299415558577,0.0012972080148756504,weak_3x3_bal_strong_150_400,weak_null,True,1986,4285374274,3.885780586188048e-16,0,0
150,400,0.03969371697777202,0.04819939375428328,0.025774599006098242,0.04383764040844085,-0.008505676776511262,-0.018063041402342606,0.02888436658250488,-0.2944733702993199,-0.6253570197133318,0.7683962092157977,0.5317367643733506,0.863,0.788,0.538,True,999,0.00011145800817757845,0.0013088330160826445,weak_3x3_bal_strong_150_400,weak_null,True,1987,4285374274,3.885780586188048e-16,0,1
150,400,0.10064284415151215,0.028096702557296682,0.08660904358509924,0.02133773030752195,0.07254614159421546,0.06527131327757729,0.03636389370925186,1.995004775183301,1.794948412275517,0.04604235905756113,0.07266191957462005,0.156,0.055,0.088,True,999,0.00011066591832786798,0.0013202500995248556,weak_3x3_bal_strong_150_400,weak_null,True,1988,4285374274,3.885780586188048e-16,0,0
150,400,0.08365482571790261,0.05698419361162266,0.06966598819909109,0.05036300442782249,0.026670632106279957,0.0193029837712686,0.03616286227101127,0.7375144120618893,0.5337792021717866,0.46080958215772283,0.5934943046109911,0.63,0.498,0.61,True,999,0.00012041698209941387,0.0013200000394135714,weak_3x3_bal_strong_150_400,weak_null,True,1989,4285374274,3.885780586188048e-16,0,0
150,400,0.09769625512620461,0.07005922404443021,0.08357022633623501,0.06484437099609863,0.0276370310817744,0.018725855340136377,0.03965046565122199,0.6970165577594586,0.47227327680978354,0.48579243172680064,0.6367317422088676,0.573,0.482,0.622,True,999,0.0001180840190500021,0.0013387500075623393,weak_3x3_bal_strong_150_400,weak_null,True,1990,4285374274,3.885780586188048e-16,0,1
150,400,0.09093658591088172,0.04028429332848649,0.0769653782662374,0.03468462529895078,0.05065229258239523,0.04228075296728662,0.036787246601225745,1.376898171571979,1.1493318166920878,0.16854373259840805,0.2504191833711713,0.336,0.174,0.242,True,999,0.00011979101691395044,0.0013597089564427733,weak_3x3_bal_strong_150_400,weak_null,True,1991,4285374274,3.885780586188048e-16,0,0
150,400,0.06456167184393857,0.058085373481689906,0.05052379823851538,0.05392797671916583,0.006476298362248667,-0.003404178480650444,0.03373818880131354,0.1919574995678643,-0.10089985863491012,0.8477754966873791,0.9196299553294482,0.89,0.839,0.924,True,999,0.00011245801579207182,0.001281291013583541,weak_3x3_bal_strong_150_400,weak_null,True,1992,4285374274,3.885780586188048e-16,0,1
150,400,0.049692643587243346,0.057496051611540366,0.03570383336625582,0.050688590438142,-0.0078034080242970205,-0.014984757071886179,0.03239769646929821,-0.24086305122624838,-0.4625253862133852,0.8096612599852622,0.6437046017029617,0.884,0.816,0.623,True,999,0.00010812492109835148,0.001330832950770855,weak_3x3_bal_strong_150_400,weak_null,True,1993,4285374274,3.885780586188048e-16,0,0
150,400,0.0567192194352133,0.061276383295973846,0.04276725217229682,0.05699357570330221,-0.004557163860760549,-0.014226323531005391,0.03362758255075852,-0.13551862831298755,-0.4230551961185951,0.892201836854591,0.6722549903199166,0.921,0.892,0.686,True,999,0.00011120899580419064,0.0013235840015113354,weak_3x3_bal_strong_150_400,weak_null,True,1994,4285374274,3.885780586188048e-16,0,1
150,400,0.048377909718262835,0.05802116990020578,0.034468320636307226,0.053956179822336026,-0.009643260181942948,-0.0194878591860288,0.031411488903771725,-0.30699786983943433,-0.6204054588348024,0.7588449936073158,0.5349908794045513,0.843,0.755,0.532,True,999,0.00011575000826269388,0.0013547500129789114,weak_3x3_bal_strong_150_400,weak_null,True,1995,4285374274,3.885780586188048e-16,0,1
150,400,0.09738151910135295,0.05285005273975674,0.08333905447554457,0.046082514731409674,0.04453146636159622,0.0372565397441349,0.038783563194354255,1.1482046179830812,0.9606270459842213,0.25088410333546285,0.33673972477368685,0.401,0.27,0.345,True,999,0.00011516595259308815,0.001370833022519946,weak_3x3_bal_strong_150_400,weak_null,True,1996,4285374274,3.885780586188048e-16,0,0
150,400,0.05584164040720818,0.09139742344971824,0.04191686932603034,0.08476707747246337,-0.03555578304251006,-0.04285020814643303,0.03555039759577736,-1.000151487665312,-1.2053369594809464,0.31723720225551977,0.22807324710852817,0.515,0.312,0.222,True,999,0.00011416699271649122,0.0013459170004352927,weak_3x3_bal_strong_150_400,weak_null,True,1997,4285374274,3.885780586188048e-16,0,0
150,400,0.10030932246008173,0.06137719375558781,0.08611033478410945,0.053648910494530355,0.03893212870449392,0.0324614242895791,0.038469518353139574,1.0120253741444774,0.8438219577274707,0.3115259213282281,0.3987689035287273,0.46,0.301,0.39,True,999,0.00011374999303370714,0.0012855828972533345,weak_3x3_bal_strong_150_400,weak_null,True,1998,4285374274,3.885780586188048e-16,0,0
150,400,0.07966987996525732,0.07076306602448668,0.06568877148797014,0.061900901954260235,0.008906813940770641,0.003787869533709909,0.03797338299821102,0.23455413338311876,0.0997506472859782,0.8145548126614014,0.9205422903021365,0.856,0.804,0.912,True,999,0.00012049998622387648,0.0013219999382272363,weak_3x3_bal_strong_150_400,weak_null,True,1999,4285374274,3.885780586188048e-16,0,0
500,500,0.10152521339963338,0.12877780639585956,0.085000792694359,0.11006101398396595,-0.027252592996226177,-0.025060221289606943,0.03184049701678112,-0.8559097862656808,-0.7870549657688848,0.392047681438204,0.4312496904077414,0.54,0.398,0.441,True,999,0.0001408339012414217,0.0028583750827237964,weak_5x5_bal_strong_500_500,weak_null,True,0,947166935,-1.8318679906315083e-15,0,4
500,500,0.10525944279944022,0.11556727589253779,0.08869033283565386,0.10257073430247488,-0.010307833093097574,-0.013880401466821013,0.03065259863592063,-0.3362792569572947,-0.45282951803489485,0.736660290590982,0.6506715065582781,0.806,0.754,0.659,True,999,0.00012541702017188072,0.002807334065437317,weak_5x5_bal_strong_500_500,weak_null,True,1,947166935,-1.8318679906315083e-15,0,8
500,500,0.11542015729762989,0.1420401480911716,0.09876878190414118,0.1214709006280259,-0.026619990793541715,-0.022702118723884723,0.03177345421081662,-0.837806006766475,-0.714499549632103,0.40213966462777495,0.474918334548606,0.5,0.409,0.474,True,999,0.00013433292042464018,0.0026992909843102098,weak_5x5_bal_strong_500_500,weak_null,True,2,947166935,-1.8318679906315083e-15,0,3
500,500,0.12029527476463286,0.13754100210823839,0.10353553965967421,0.11375420763610578,-0.01724572734360552,-0.010218667976431561,0.03240621857167026,-0.5321733946052519,-0.3153304651646333,0.5946059080247039,0.7525107561533727,0.647,0.575,0.731,True,999,0.0001224579755216837,0.0026698330184444785,weak_5x5_bal_strong_500_500,weak_null,True,3,947166935,-1.8318679906315083e-15,0,3
500,500,0.09786045178782454,0.13540754957402873,0.08118842933367887,0.12251099581550307,-0.03754709778620419,-0.0413225664818242,0.0316553474000119,-1.186121804690416,-1.3053897643154175,0.23557420072154356,0.1917601619718824,0.376,0.26,0.21,True,999,0.00012466695625334978,0.0027765840059146285,weak_5x5_bal_strong_500_500,weak_null,True,4,947166935,-1.8318679906315083e-15,0,8
500,500,0.09690396318337369,0.09993778802227887,0.08033059541753573,0.08707282680555295,-0.003033824838905186,-0.006742231388017217,0.030111072015428755,-0.100754461260983,-0.2239120342365271,0.9197453774581614,0.8228257514976358,0.932,0.911,0.812,True,999,0.0001212080242112279,0.002724291989579797,weak_5x5_bal_strong_500_500,weak_null,True,5,947166935,-1.8318679906315083e-15,0,8
500,500,0.10920054297981241,0.08355247488773315,0.09262932613921748,0.07432399473702844,0.025648068092079257,0.01830533140218904,0.028991284498058417,0.8846820186182831,0.6314080841576706,0.37632815647195916,0.5277737315123382,0.492,0.376,0.511,True,999,0.00012179103214293718,0.002799208043143153,weak_5x5_bal_strong_500_500,weak_null,True,6,947166935,-1.8318679906315083e-15,0,10
500,500,0.11377566829490537,0.12492239110085374,0.09723649808597656,0.10994721762423865,-0.011146722805948361,-0.012710719538262083,0.03296484898996645,-0.3381396592880223,-0.38558403656363965,0.7352579451057406,0.6998047576699371,0.794,0.739,0.694,True,999,0.00012083305045962334,0.0027949169743806124,weak_5x5_bal_strong_500_500,weak_null,True,7,947166935,-1.8318679906315083e-15,0,7
500,500,0.11519363774034197,0.11879866458438848,0.09859531740255534,0.10588099749591606,-0.0036050268440465105,-0.007285680093360725,0.03202632946646341,-0.11256447129920209,-0.22749032482757583,0.9103758537697345,0.8200424917060811,0.921,0.904,0.812,True,999,0.0001254999078810215,0.00277729204390198,weak_5x5_bal_strong_500_500,weak_null,True,8,947166935,-1.8318679906315083e-15,0,8
500,500,0.09808564769194783,0.11254661267643212,0.08152307194302466,0.09768869935459179,-0.014460964984484292,-0.01616562741156713,0.030385115509484098,-0.4759226595656875,-0.5320245501953532,0.6341294782468324,0.5947089921618189,0.691,0.629,0.594,True,999,0.00012049998622387648,0.00282475003041327,weak_5x5_bal_strong_500_500,weak_null,True,9,947166935,-1.8318679906315083e-15,0,7
500,500,0.12616538398652533,0.08966900720837911,0.1086585701052627,0.06802124289515632,0.03649637677814621,0.04063732721010638,0.030291495533354147,1.2048390525307617,1.3415424525791528,0.22826544073084742,0.1797443960798074,0.365,0.23,0.175,True,999,0.00015833403449505568,0.002683333004824817,weak_5x5_bal_strong_500_500,weak_null,True,10,947166935,-1.8318679906315083e-15,0,3
500,500,0.11045398049422972,0.08238612462180789,0.09389584979896881,0.0683198385346202,0.028067855872421832,0.025576011264348608,0.02917385656315171,0.9620893217070648,0.8766757048038897,0.3360047375787373,0.38066280650520945,0.441,0.289,0.341,True,999,0.00011975003872066736,0.0026441250229254365,weak_5x5_bal_strong_500_500,weak_null,True,11,947166935,-1.8318679906315083e-15,0,6
500,500,0.1204535084725129,0.1284001599997489,0.1038268568473768,0.11387349079217302,-0.007946651527236004,-0.010046633944796213,0.03263143344431168,-0.24352750365066375,-0.3078820904984652,0.8075967814691732,0.7581720539974139,0.847,0.82,0.771,True,999,0.00011962500866502523,0.002811416983604431,weak_5x5_bal_strong_500_500,weak_null,True,12,947166935,-1.8318679906315083e-15,0,6
500,500,0.10667568302715225,0.09494991490214594,0.09012832451162467,0.08683644717706329,0.011725768125006308,0.003291877334561377,0.02971753484246628,0.3945740515545797,0.11077222091306486,0.6931572667517283,0.911796974255048,0.779,0.697,0.924,True,999,0.00011679099407047033,0.0026249579386785626,weak_5x5_bal_strong_500_500,weak_null,True,13,947166935,-1.8318679906315083e-15,0,10
500,500,0.10337455519413608,0.10265728311563826,0.08680063828558104,0.08491455276595161,0.0007172720784978104,0.0018860855196294324,0.030295125862548934,0.02367615443329475,0.06225706168664662,0.9811109266790407,0.9503581219198762,0.99,0.984,0.956,True,999,0.00011312507558614016,0.002652499941177666,weak_5x5_bal_strong_500_500,weak_null,True,14,947166935,-1.8318679906315083e-15,0,6
500,500,0.10902777372683081,0.12965607965979337,0.09241014081339927,0.11594095874698951,-0.020628305932962554,-0.023530817933590242,0.03210842554559175,-0.6424577219979779,-0.7328549293137436,0.520576031622855,0.4636469148710066,0.609,0.512,0.459,True,999,0.000120542012155056,0.0028179169166833162,weak_5x5_bal_strong_500_500,weak_null,True,15,947166935,-1.8318679906315083e-15,0,8
500,500,0.13518720281379282,0.11570018166595386,0.11854579379257757,0.09639130851635969,0.019487021147838957,0.022154485276217883,0.03199727152444785,0.6090213389897853,0.6923867011376429,0.5425102947982741,0.488694515172736,0.612,0.551,0.511,True,999,0.00011387490667402744,0.0027571669779717922,weak_5x5_bal_strong_500_500,weak_null,True,16,947166935,-1.8318679906315083e-15,0,4
500,500,0.11817754484928744,0.12432585857544354,0.10160887899724003,0.11277459237817311,-0.006148313726156096,-0.011165713380933084,0.03293345607638981,-0.18668899224833735,-0.33903861638553784,0.8519044872773719,0.7345806394705318,0.91,0.874,0.747,True,999,0.0001176249934360385,0.002807041979394853,weak_5x5_bal_strong_500_500,weak_null,True,17,947166935,-1.8318679906315083e-15,0,8
500,500,0.11295816827977623,0.15222857726759575,0.09621363852761533,0.13511137737231138,-0.03927040898781953,-0.03889773884469605,0.03356485997906878,-1.1699857831168894,-1.1588827979307192,0.24200669014845422,0.24650396162722388,0.349,0.272,0.278,True,999,0.0001217500539496541,0.0029780420009046793,weak_5x5_bal_strong_500_500,weak_null,True,18,947166935,-1.8318679906315083e-15,0,6
500,500,0.13081599906176788,0.11296750891559793,0.11417652608190565,0.09873187970703157,0.01784849014616996,0.015444646374874083,0.03150724824701594,0.5664883840771591,0.4901934391029166,0.5710618271367536,0.6239970230275351,0.677,0.616,0.659,True,999,0.00012779096141457558,0.0027227080427110195,weak_5x5_bal_strong_500_500,weak_null,True,19,947166935,-1.8318679906315083e-15,0,7
500,500,0.11803946171562196,0.10604914597446702,0.10142779809768854,0.09004367489794163,0.011990315741154944,0.01138412319974691,0.031037067452595404,0.3863224436222399,0.36679119949507144,0.6992578806674956,0.7137747726101955,0.793,0.737,0.752,True,999,0.00012870808131992817,0.0027123329928144813,weak_5x5_bal_strong_500_500,weak_null,True,20,947166935,-1.8318679906315083e-15,0,6
500,500,0.14031463916470188,0.11116805025233112,0.12369255937346679,0.09337470765677836,0.029146588912370763,0.030317851716688438,0.03173496982803091,0.9184375806976858,0.9553452195158302,0.3583898235113767,0.3394031468648715,0.452,0.353,0.331,True,999,0.0001229170011356473,0.0027959169819951057,weak_5x5_bal_strong_500_500,weak_null,True,21,947166935,-1.8318679906315083e-15,0,6
500,500,0.11708785690971157,0.06804569804998845,0.10037234845640342,0.05039639662814466,0.04904215885972313,0.04997595182825876,0.027711924274055715,1.7697132243406524,1.8034096562196127,0.07677492576843686,0.07132390223234489,0.225,0.089,0.087,True,999,0.00011262495536357164,0.0026964580174535513,weak_5x5_bal_strong_500_500,weak_null,True,22,947166935,-1.8318679906315083e-15,0,7
500,500,0.13260619924785,0.1259527944122007,0.11587397952462197,0.11387991495169558,0.006653404835649301,0.0019940645729263906,0.03174644381194724,0.20957953196462922,0.06281221873978711,0.833995855985391,0.9499160359362288,0.873,0.837,0.958,True,999,0.00011616700794547796,0.0027383329579606652,weak_5x5_bal_strong_500_500,weak_null,True,23,947166935,-1.8318679906315083e-15,0,8
500,500,0.11250756426016473,0.1096550938210637,0.09587205786897357,0.0956634232206568,0.002852470439101029,0.00020863464831677447,0.030997356982282176,0.09202302121214646,0.006730723798033111,0.9266797489127925,0.9946296999466825,0.939,0.924,0.996,True,999,0.00012250000145286322,0.0028295000083744526,weak_5x5_bal_strong_500_500,weak_null,True,24,947166935,-1.8318679906315083e-15,0,8
500,500,0.09675038377286183,0.14825075271663235,0.0802146265787087,0.13063684027264344,-0.051500368943770525,-0.050422213693934737,0.03168270501207463,-1.625504164626826,-1.5914743919345986,0.10405517717575666,0.11150285405850921,0.194,0.107,0.111,True,999,0.00012224994134157896,0.0027585000498220325,weak_5x5_bal_strong_500_500,weak_null,True,25,947166935,-1.8318679906315083e-15,0,6
500,500,0.0987798190581286,0.11163062868103596,0.08224493002535382,0.09187780131671275,-0.012850809622907355,-0.009632871291358924,0.031120757178856973,-0.4129337068841636,-0.30953203471229707,0.6796551846040126,0.7569168476277731,0.757,0.697,0.772,True,999,0.00012391700875014067,0.002828374970704317,weak_5x5_bal_strong_500_500,weak_null,True,26,947166935,-1.8318679906315083e-15,0,5
500,500,0.14729295861748049,0.11109473104429313,0.13062699463944227,0.09740615048508516,0.03619822757318736,0.03322084415435711,0.03363457024453204,1.076220903374619,0.987699379324099,0.28182847323726345,0.3232998985769384,0.364,0.259,0.311,True,999,0.00012125005014240742,0.0027441250858828425,weak_5x5_bal_strong_500_500,weak_null,True,27,947166935,-1.8318679906315083e-15,0,8
500,500,0.12468959893248655,0.11124532506054602,0.10803365200251847,0.10401456125532604,0.013444273871940526,0.004019090747192422,0.031477595623243884,0.4271061243957566,0.1276809955657674,0.6693020323714522,0.8984014303222776,0.74,0.672,0.892,True,999,0.00011654198169708252,0.0026814169250428677,weak_5x5_bal_strong_500_500,weak_null,True,28,947166935,-1.8318679906315083e-15,0,10
500,500,0.13732564804505065,0.12796915360471406,0.12064879192894296,0.1145759874343355,0.009356494440336593,0.006072804494607453,0.032884952631817385,0.2845220592254661,0.18466818433947796,0.776010331454228,0.8534893021490854,0.832,0.798,0.861,True,999,0.00011933292262256145,0.0027724580140784383,weak_5x5_bal_strong_500_500,weak_null,True,29,947166935,-1.8318679906315083e-15,0,7
500,500,0.11392891520974069,0.13208567150532424,0.09735197242673621,0.11946754836756668,-0.018156756295583554,-0.022115575940830468,0.032978048678547554,-0.5505709713926964,-0.6706150553782402,0.5819278128219006,0.5024657890076729,0.652,0.583,0.505,True,999,0.00011816597543656826,0.00272749993018806,weak_5x5_bal_strong_500_500,weak_null,True,30,947166935,-1.8318679906315083e-15,0,7
500,500,0.12134668741142729,0.13660521155425043,0.104710685416876,0.11958684519919416,-0.015258524142823138,-0.014876159782318155,0.03368164133460391,-0.4530219887813723,-0.44166968095568004,0.6505329079628224,0.65872825255263,0.697,0.649,0.662,True,999,0.00011874991469085217,0.0026502079563215375,weak_5x5_bal_strong_500_500,weak_null,True,31,947166935,-1.8318679906315083e-15,0,6
500,500,0.11761309362144057,0.08271781554085306,0.10092986285053485,0.06899477088452954,0.03489527808058751,0.0319350919660053,0.030926404489844177,1.1283328487812627,1.032615737031195,0.25917937562169835,0.301783760629985,0.382,0.257,0.304,True,999,0.0001170419855043292,0.0027693749871104956,weak_5x5_bal_strong_500_500,weak_null,True,32,947166935,-1.8318679906315083e-15,0,8
500,500,0.11060675063735825,0.09073599271180882,0.09400544576396896,0.07402311550453078,0.01987075792554943,0.019982330259438186,0.029155926958959157,0.6815340823675462,0.6853608286083983,0.49553360856620066,0.4931162558882687,0.614,0.486,0.484,True,999,0.00012112502008676529,0.0028118330519646406,weak_5x5_bal_strong_500_500,weak_null,True,33,947166935,-1.8318679906315083e-15,0,7
500,500,0.13091063554647753,0.13919399025149093,0.11435673615278574,0.1327183288948106,-0.008283354705013402,-0.018361592742024868,0.034443026593582345,-0.24049439100560377,-0.5331004431952598,0.8099470110209702,0.5939640522948294,0.823,0.797,0.584,True,999,0.00012329197488725185,0.0027532089734449983,weak_5x5_bal_strong_500_500,weak_null,True,34,947166935,-1.8318679906315083e-15,0,12
500,500,0.11002976242497486,0.10007134880281887,0.09339619956369916,0.08765373153002542,0.009958413622155993,0.005742468033673731,0.030479791437009254,0.32672184265881365,0.18840247137324884,0.7438782780730464,0.8505611625133853,0.796,0.722,0.858,True,999,0.00012083398178219795,0.0028679590905085206,weak_5x5_bal_strong_500_500,weak_null,True,35,947166935,-1.8318679906315083e-15,0,8
500,500,0.08338489401504767,0.11132048588570509,0.06689652939724056,0.09680642149538699,-0.027935591870657417,-0.02990989209814643,0.030180747311743243,-0.9256096803072784,-0.9910255630584924,0.3546488608183579,0.32167309806621547,0.48,0.363,0.334,True,999,0.0001224579755216837,0.0027477910043671727,weak_5x5_bal_strong_500_500,weak_null,True,36,947166935,-1.8318679906315083e-15,0,6
500,500,0.12422810720522093,0.10064106168204645,0.10763427463518838,0.0838171015118121,0.023587045523174477,0.02381717312337628,0.03181606043689862,0.7413565727270068,0.7485896366903538,0.45847726834748104,0.4541045802512186,0.564,0.462,0.455,True,999,0.00012541702017188072,0.002819292014464736,weak_5x5_bal_strong_500_500,weak_null,True,37,947166935,-1.8318679906315083e-15,0,7
500,500,0.09799711279359902,0.11258847059147753,0.0814833158088959,0.09753688690534545,-0.014591357797878513,-0.01605357109644956,0.030370698965164047,-0.48044194882097263,-0.5285874755422457,0.6309131720089783,0.5970916504161166,0.714,0.623,0.594,True,999,0.00012129195965826511,0.0028357499977573752,weak_5x5_bal_strong_500_500,weak_null,True,38,947166935,-1.8318679906315083e-15,0,7
500,500,0.13888154648204054,0.11141025811679078,0.12213885219193799,0.09870355682045329,0.027471288365249757,0.0234352953714847,0.0327277101651829,0.8393892584173168,0.7160688985939548,0.4012509095986473,0.4739488069171851,0.484,0.395,0.463,True,999,0.00011475000064820051,0.0026867500273510814,weak_5x5_bal_strong_500_500,weak_null,True,39,947166935,-1.8318679906315083e-15,0,9
500,500,0.12024392484481772,0.14764532813473352,0.1036879050952848,0.1350123615770542,-0.027401403289915804,-0.0313244564817694,0.03431592313587457,-0.7985040408622963,-0.9128256977887381,0.4245780491402542,0.36133422063262965,0.5,0.44,0.371,True,999,0.00014004099648445845,0.002696332987397909,weak_5x5_bal_strong_500_500,weak_null,True,40,947166935,-1.8318679906315083e-15,0,9
500,500,0.11553095771125088,0.12654069789181982,0.09880545398016238,0.1087934496877665,-0.011009740180568939,-0.009987995707604114,0.03176133219269511,-0.3466397477842917,-0.31447030140320387,0.7288619808269703,0.7531638692340294,0.791,0.734,0.759,True,999,0.00011945900041610003,0.002750582993030548,weak_5x5_bal_strong_500_500,weak_null,True,41,947166935,-1.8318679906315083e-15,0,4
500,500,0.11385325713993333,0.11986605920396703,0.09727269031895958,0.1060915942638303,-0.0060128020640337065,-0.008818903944870726,0.03159293498912532,-0.19032109761576085,-0.2791416482168024,0.8490575222835628,0.7801361222397499,0.877,0.841,0.752,True,999,0.00011575000826269388,0.0026974580250680447,weak_5x5_bal_strong_500_500,weak_null,True,42,947166935,-1.8318679906315083e-15,0,8
500,500,0.13852223934790775,0.09598996688147138,0.12190727195672935,0.08016463153396103,0.04253227246643637,0.04174264042276832,0.031183841153123445,1.3639202514401034,1.3385984176162748,0.17259266631900383,0.1807014415513426,0.283,0.166,0.173,True,999,0.00012212502770125866,0.0026989999460056424,weak_5x5_bal_strong_500_500,weak_null,True,43,947166935,-1.8318679906315083e-15,0,7
500,500,0.11381044987405242,0.12339169738062711,0.09724839148361752,0.11055755074741569,-0.009581247506574686,-0.013309159263798165,0.03161016190805715,-0.303106562201205,-0.4210405281222485,0.761808653345972,0.6737254877408523,0.829,0.768,0.683,True,999,0.00012204202357679605,0.0027446659514680505,weak_5x5_bal_strong_500_500,weak_null,True,44,947166935,-1.8318679906315083e-15,0,8
500,500,0.10905349683460619,0.13909788311734544,0.0925207647633215,0.12519235720668576,-0.030044386282739255,-0.03267159244336426,0.03193084047897413,-0.9409206219461378,-1.023198636593293,0.3467455388092273,0.3062139374442068,0.481,0.353,0.311,True,999,0.00011404103133827448,0.00267316703684628,weak_5x5_bal_strong_500_500,weak_null,True,45,947166935,-1.8318679906315083e-15,0,8
500,500,0.11184074607898764,0.09329196538090306,0.09515122342565974,0.083437284257883,0.018548780698084577,0.011713939167776743,0.02996273867993187,0.6190615916731265,0.39095021629723,0.5358757845491371,0.6958340346698693,0.661,0.554,0.715,True,999,0.00011487503070384264,0.0026711670216172934,weak_5x5_bal_strong_500_500,weak_null,True,46,947166935,-1.8318679906315083e-15,0,10
500,500,0.11243292488946754,0.11276467154653702,0.09587113963596039,0.09645082124995952,-0.00033174665706947604,-0.0005796816139991279,0.03235943338326842,-0.010251930345634762,-0.017913836967826967,0.9918202863431901,0.9857075904816539,0.993,0.993,0.987,True,999,0.00011954095680266619,0.0027365830028429627,weak_5x5_bal_strong_500_500,weak_null,True,47,947166935,-1.8318679906315083e-15,0,6
500,500,0.11416672116157178,0.09991491037046502,0.09759746207259923,0.08220679403331133,0.014251810791106767,0.015390668039287903,0.029966622113327016,0.47558949878333395,0.5135936903760411,0.634366858173496,0.607536091872491,0.728,0.625,0.598,True,999,0.000122333993203938,0.002726375008933246,weak_5x5_bal_strong_500_500,weak_null,True,48,947166935,-1.8318679906315083e-15,0,4
500,500,0.13756536856326318,0.09227938215621506,0.120937787667458,0.07847230705988295,0.04528598640704812,0.042465480607575046,0.03152624006390888,1.4364537704225422,1.3469884300027697,0.1508732620578654,0.17798395902449027,0.289,0.165,0.193,True,999,0.00011737493332475424,0.0028637080686166883,weak_5x5_bal_strong_500_500,weak_null,True,49,947166935,-1.8318679906315083e-15,0,8
500,500,0.11702824922257493,0.1179814277864571,0.10045053968769935,0.10809611515384177,-0.0009531785638821622,-0.007645575466142418,0.032256306496178125,-0.02955014592247563,-0.23702575702671666,0.9764258257207749,0.8126368083235587,0.988,0.98,0.834,True,999,0.00012508302461355925,0.0026516669895499945,weak_5x5_bal_strong_500_500,weak_null,True,50,947166935,-1.8318679906315083e-15,0,10
500,500,0.11742101092626056,0.11845924193001439,0.1008073609806388,0.10214458506956703,-0.0010382310037538311,-0.0013372240889282239,0.031661439484620954,-0.03279165510646272,-0.04223510082596717,0.9738407328959604,0.9663112811017738,0.972,0.969,0.962,True,999,0.00012004200834780931,0.002705165999941528,weak_5x5_bal_strong_500_500,weak_null,True,51,947166935,-1.8318679906315083e-15,0,6
500,500,0.10101658376728806,0.11388321903862009,0.08442274684773565,0.10196401287043955,-0.012866635271332028,-0.017541266022703894,0.030436665671246203,-0.4227347177351051,-0.5763202254863051,0.6724888224346417,0.5643987544868342,0.724,0.66,0.544,True,999,0.00011858402285724878,0.0027895000530406833,weak_5x5_bal_strong_500_500,weak_null,True,52,947166935,-1.8318679906315083e-15,0,9
500,500,0.12642758014479738,0.1388424151558652,0.10979676552949513,0.12186001557853388,-0.012414835011067826,-0.012063250049038743,0.03126140147292928,-0.3971298286744571,-0.38588321318495206,0.6912717246390082,0.699583163524454,0.76,0.713,0.717,True,999,0.00011912500485777855,0.0027454999508336186,weak_5x5_bal_strong_500_500,weak_null,True,53,947166935,-1.8318679906315083e-15,0,6
500,500,0.12572759109942133,0.12059175447957976,0.1090388489359384,0.10553060568776118,0.005135836619841572,0.003508243248177223,0.032685719085674886,0.15712784553950493,0.10733260109656803,0.8751440925884091,0.9145251219882232,0.912,0.887,0.923,True,999,0.0001236669486388564,0.0027173750568181276,weak_5x5_bal_strong_500_500,weak_null,True,54,947166935,-1.8318679906315083e-15,0,7
500,500,0.1374513637678385,0.12143707983897789,0.12078735565648913,0.10830004629727341,0.016014283928860618,0.012487309359215715,0.0328342516739638,0.48773104646570276,0.38031350564074623,0.6257403579687221,0.703712711347485,0.687,0.619,0.695,True,999,0.00012374995276331902,0.0028281250270083547,weak_5x5_bal_strong_500_500,weak_null,True,55,947166935,-1.8318679906315083e-15,0,8
500,500,0.12752294914056028,0.14011537645600547,0.11079640370905963,0.12790547647000494,-0.012592427315445187,-0.01710907276094531,0.03342762600273424,-0.3767071976458986,-0.5118243443176569,0.706391213320239,0.6087739509075825,0.747,0.689,0.598,True,999,0.0001212080242112279,0.00271462497767061,weak_5x5_bal_strong_500_500,weak_null,True,56,947166935,-1.8318679906315083e-15,0,8
500,500,0.11970104787052849,0.11012062329057193,0.10313959838538267,0.10100643820939581,0.009580424579956559,0.002133160175986859,0.03200785084892514,0.29931483451280455,0.0666449049033385,0.764699836834611,0.9468643962443741,0.805,0.757,0.951,True,999,0.00011445896234363317,0.002655666903592646,weak_5x5_bal_strong_500_500,weak_null,True,57,947166935,-1.8318679906315083e-15,0,10
500,500,0.1436147152886027,0.09487907006619384,0.12683633579945308,0.07691641822270867,0.04873564522240886,0.04991991757674441,0.031693214693878334,1.5377312050273757,1.575097952634847,0.12411435048920186,0.11523383656978106,0.252,0.129,0.12,True,999,0.00011849997099488974,0.0027564169140532613,weak_5x5_bal_strong_500_500,weak_null,True,58,947166935,-1.8318679906315083e-15,0,6
500,500,0.11277286392528385,0.09929841444353704,0.09621635012035767,0.08535745546979001,0.013474449481746809,0.010858894650567663,0.029884583116519075,0.4508829662843327,0.36336108849934984,0.6520739008217473,0.7163351650612197,0.754,0.669,0.732,True,999,0.00011912500485777855,0.002674416988156736,weak_5x5_bal_strong_500_500,weak_null,True,59,947166935,-1.8318679906315083e-15,0,8
500,500,0.11155717778083152,0.16702508185740883,0.09410249266773008,0.15638221968038124,-0.05546790407657731,-0.062279727012651165,0.03203922126600022,-1.7312500705327514,-1.9438589501156802,0.08340717245529382,0.05191246262978324,0.153,0.087,0.057,True,999,0.00011429109144955873,0.0027059580897912383,weak_5x5_bal_strong_500_500,weak_null,True,60,947166935,-1.8318679906315083e-15,0,8
500,500,0.11566522393530798,0.09836897511987364,0.09908119680267191,0.08840414482924075,0.017296248815434345,0.010677051973431162,0.02934784468685482,0.5893532898237498,0.3638104292617275,0.5556243037784325,0.7159995741559975,0.691,0.572,0.735,True,999,0.00011320796329528093,0.002780415932647884,weak_5x5_bal_strong_500_500,weak_null,True,61,947166935,-1.8318679906315083e-15,0,9
500,500,0.11281904398178089,0.12980123574724067,0.09623785035182664,0.11641167839178479,-0.016982191765459786,-0.020173828039958153,0.03153320039780747,-0.5385495779439049,-0.6397646856473489,0.5901976871690726,0.5223255945371361,0.688,0.59,0.523,True,999,0.00013774994295090437,0.002673374954611063,weak_5x5_bal_strong_500_500,weak_null,True,62,947166935,-1.8318679906315083e-15,0,9
500,500,0.12619566368597734,0.11147324143679338,0.10957426059928821,0.09860312583768405,0.014722422249183964,0.010971134761604162,0.031976196832722244,0.460418176877059,0.3431031782484231,0.6452160901348895,0.7315208402030345,0.746,0.68,0.754,True,999,0.00011520902626216412,0.002661083941347897,weak_5x5_bal_strong_500_500,weak_null,True,63,947166935,-1.8318679906315083e-15,0,9
500,500,0.1291823449291265,0.12885937650314044,0.11255793998088848,0.11387436248597282,0.0003229684259860588,-0.001316422505084347,0.032929101813674054,0.009807993786576461,-0.039977479875800706,0.9921744786503846,0.9681110803928104,0.996,0.996,0.975,True,999,0.00011341704521328211,0.002806167001836002,weak_5x5_bal_strong_500_500,weak_null,True,64,947166935,-1.8318679906315083e-15,0,7
500,500,0.12193362100628757,0.14041645303147582,0.10530752653369291,0.12275746509612873,-0.018482832025188245,-0.01744993856243582,0.032447466742996825,-0.569623267405842,-0.5377904753135176,0.5689332438877754,0.5907217083618184,0.619,0.543,0.556,True,999,0.00013175001367926598,0.002632874995470047,weak_5x5_bal_strong_500_500,weak_null,True,65,947166935,-1.8318679906315083e-15,0,5
500,500,0.13470202383352792,0.07808139759952015,0.11803300617054902,0.06174569633978422,0.056620626234007765,0.0562873098307648,0.030035611885738434,1.8851164560723492,1.87401908257748,0.05941411676742127,0.060927794996655495,0.158,0.061,0.062,True,999,0.00011441693641245365,0.002684667007997632,weak_5x5_bal_strong_500_500,weak_null,True,66,947166935,-1.8318679906315083e-15,0,6
500,500,0.12605112709981414,0.07772419668171254,0.1094142397256519,0.06344750270159238,0.0483269304181016,0.04596673702405951,0.02907625579196543,1.6620754324033584,1.5809028972967485,0.0964976508148023,0.11390024177249698,0.223,0.104,0.116,True,999,0.0001502500381320715,0.0027749589644372463,weak_5x5_bal_strong_500_500,weak_null,True,67,947166935,-1.8318679906315083e-15,0,7
500,500,0.10057216072216768,0.11320218220236755,0.08402771047019542,0.09684723819316332,-0.012630021480199871,-0.012819527722967905,0.031355889219912475,-0.40279583180116635,-0.4088395526932433,0.6870984277506272,0.6826574114783908,0.756,0.692,0.682,True,999,0.0001154579222202301,0.002620292012579739,weak_5x5_bal_strong_500_500,weak_null,True,68,947166935,-1.8318679906315083e-15,0,6
500,500,0.08551766342443146,0.1092779938381272,0.06901434810060891,0.09398064154322583,-0.02376033041369574,-0.024966293442616916,0.029927558119318007,-0.7939281353649308,-0.8342242071029967,0.42723726928351036,0.4041546526081333,0.544,0.443,0.411,True,999,0.000110417022369802,0.0026878330390900373,weak_5x5_bal_strong_500_500,weak_null,True,69,947166935,-1.8318679906315083e-15,0,6
500,500,0.1348372992153395,0.13464711684859992,0.11811542745783754,0.11900905232840842,0.00019018236673956634,-0.0008936248705708749,0.032434852761035825,0.005863518732171755,-0.027551377438173284,0.9953216157394432,0.9780199621103967,0.996,0.996,0.983,True,999,0.00010924995876848698,0.002872333046980202,weak_5x5_bal_strong_500_500,weak_null,True,70,947166935,-1.8318679906315083e-15,0,7
500,500,0.120360906878205,0.12332896490933432,0.10376147640147337,0.10725048934494907,-0.002968058031129317,-0.0034890129434757,0.031849378359031726,-0.09319045407012305,-0.10954728548057513,0.9257522579361118,0.9127684190215805,0.937,0.913,0.906,True,999,0.00011945806909352541,0.0026285419007763267,weak_5x5_bal_strong_500_500,weak_null,True,71,947166935,-1.8318679906315083e-15,0,6
500,500,0.11859883996569298,0.17888614838108052,0.10188629441699959,0.16449212535573565,-0.06028730841538754,-0.06260583093873606,0.03440615770737123,-1.7522243816975671,-1.8196112298038816,0.07973523275327242,0.06881823031153442,0.162,0.099,0.086,True,999,0.00012345798313617706,0.0027388330781832337,weak_5x5_bal_strong_500_500,weak_null,True,72,947166935,-1.8318679906315083e-15,0,7
500,500,0.10823705646621917,0.08953061020080777,0.09152909098713735,0.08121779774256765,0.018706446265411403,0.010311293244569697,0.02950516663029073,0.6340057827772748,0.34947415731534526,0.5260770481982893,0.7267333687308951,0.672,0.549,0.747,True,999,0.00015504192560911179,0.0028294590301811695,weak_5x5_bal_strong_500_500,weak_null,True,73,947166935,-1.8318679906315083e-15,0,10
500,500,0.11530392514922161,0.11717870440766459,0.09874987325861184,0.10588572646346961,-0.0018747792584429823,-0.007135853204857767,0.03095630615818046,-0.06056211128237457,-0.2305137172502107,0.951707948924932,0.8176926056426658,0.967,0.963,0.835,True,999,0.00011583289597183466,0.002671124995686114,weak_5x5_bal_strong_500_500,weak_null,True,74,947166935,-1.8318679906315083e-15,0,8
500,500,0.10702712781936796,0.17548180770267985,0.09049097480158252,0.16661891841872034,-0.06845467988331189,-0.07612794361713782,0.033563778257926356,-2.0395403448700167,-2.268157745296735,0.041396128933523534,0.023319593838913685,0.101,0.043,0.018,True,999,0.00011337501928210258,0.0027329999720677733,weak_5x5_bal_strong_500_500,weak_null,True,75,947166935,-1.8318679906315083e-15,0,10
500,500,0.10098091980691115,0.09105837703384084,0.08442579061227207,0.07241945382696713,0.009922542773070309,0.012006336785304939,0.030025425958726672,0.33047134074667117,0.39987232160532876,0.7410438441223918,0.689250559461158,0.787,0.725,0.668,True,999,0.00011820800136774778,0.0027617079904302955,weak_5x5_bal_strong_500_500,weak_null,True,76,947166935,-1.8318679906315083e-15,0,6
500,500,0.12816262498261,0.09925128319174997,0.11151497399373511,0.08319457777946582,0.028911341790860023,0.028320396214269294,0.03178120394404242,0.9096993884109802,0.8911052036962912,0.3629810668300675,0.37287273353098016,0.488,0.365,0.375,True,999,0.0001169589813798666,0.0026912919711321592,weak_5x5_bal_strong_500_500,weak_null,True,77,947166935,-1.8318679906315083e-15,0,7
500,500,0.09389983043121619,0.0966716011598483,0.07738378990586625,0.08009243848158576,-0.002771770728632106,-0.002708648575719508,0.028799035536745538,-0.09624526227954829,-0.09405344745880338,0.9233257835422519,0.9250666999314753,0.946,0.926,0.93,True,999,0.00011683395132422447,0.0027722500963136554,weak_5x5_bal_strong_500_500,weak_null,True,78,947166935,-1.8318679906315083e-15,0,7
500,500,0.11628065675855415,0.10312944469545682,0.09974025001508835,0.08478767275656196,0.013151212063097328,0.01495257725852639,0.030891456252514486,0.42572327945940885,0.4840360110025337,0.6703094968511445,0.6283603124995836,0.764,0.688,0.647,True,999,0.00011749996338039637,0.0028077500173822045,weak_5x5_bal_strong_500_500,weak_null,True,79,947166935,-1.8318679906315083e-15,0,5
500,500,0.14362240193597886,0.12005182728058378,0.12686830076950173,0.095161991209892,0.023570574655395082,0.031706309559609736,0.032734827761394414,0.7200457820399127,0.9685803081268186,0.4714968079057025,0.3327546323132772,0.565,0.467,0.338,True,999,0.0001265830360352993,0.0028020829195156693,weak_5x5_bal_strong_500_500,weak_null,True,80,947166935,-1.8318679906315083e-15,0,2
500,500,0.094184251914325,0.12399189008334299,0.07763142436022008,0.1042965136507803,-0.02980763816901799,-0.026665089290560218,0.030315461339219564,-0.9832487071689523,-0.8795871186714613,0.3254850479943555,0.37908301953856394,0.432,0.319,0.381,True,999,0.0001234580995514989,0.0028047080850228667,weak_5x5_bal_strong_500_500,weak_null,True,81,947166935,-1.8318679906315083e-15,0,5
500,500,0.10597618107971951,0.09800330580201544,0.08939895396031261,0.08419355274631357,0.007972875277704072,0.005205401213999039,0.030067393685317544,0.2651668236079063,0.1731244572934478,0.790880951258382,0.8625536010726617,0.848,0.82,0.869,True,999,0.00012087495997548103,0.0027983749751001596,weak_5x5_bal_strong_500_500,weak_null,True,82,947166935,-1.8318679906315083e-15,0,8
500,500,0.1289827212825898,0.09012220177766128,0.1123418069720401,0.07416020012158242,0.038860519504928526,0.03818160685045768,0.03042691340473341,1.277175866904828,1.2548629676159628,0.20154016505971295,0.20952850941598078,0.329,0.207,0.213,True,999,0.00012445799075067043,0.002668915898539126,weak_5x5_bal_strong_500_500,weak_null,True,83,947166935,-1.8318679906315083e-15,0,6
500,500,0.13782369233468206,0.12733641009550467,0.12105518170801588,0.11302333308097445,0.010487282239177387,0.008031848627041427,0.03318830648281747,0.31599329253533776,0.24200839025033544,0.7520075992783418,0.8087736619696956,0.799,0.767,0.811,True,999,0.0001170419855043292,0.0027969999937340617,weak_5x5_bal_strong_500_500,weak_null,True,84,947166935,-1.8318679906315083e-15,0,7
500,500,0.11865974550783642,0.08730924463817302,0.10210356150514599,0.06745089662470605,0.0313505008696634,0.03465266488043994,0.030237642193253915,1.0368037517375535,1.1460108119200851,0.29982732673257295,0.25179067845870595,0.458,0.307,0.245,True,999,0.00011499994434416294,0.002682749996893108,weak_5x5_bal_strong_500_500,weak_null,True,85,947166935,-1.8318679906315083e-15,0,5
500,500,0.09798927879338537,0.08599848170338664,0.08142994471313614,0.06855024377364316,0.011990797089998728,0.012879700939492977,0.029245718423168875,0.4100017963825928,0.44039612066050304,0.6818046297847429,0.6596502341118,0.764,0.679,0.658,True,999,0.0001151250908151269,0.0026405410608276725,weak_5x5_bal_strong_500_500,weak_null,True,86,947166935,-1.8318679906315083e-15,0,7
500,500,0.10596882470380997,0.11104821811800547,0.0894027839252658,0.09433326838481548,-0.005079393414195499,-0.004930484459549689,0.03173685073285891,-0.16004717849766117,-0.15535518949411345,0.8728439101222658,0.8765413087851454,0.897,0.866,0.867,True,999,0.00011304090730845928,0.0027702919906005263,weak_5x5_bal_strong_500_500,weak_null,True,87,947166935,-1.8318679906315083e-15,0,7
500,500,0.12391243476428859,0.09998373470908173,0.10638869934837203,0.08729331728878265,0.023928700055206864,0.019095382059589383,0.028914878699063878,0.8275566466748331,0.6603998674290685,0.40792162900605067,0.5089972572387021,0.524,0.423,0.522,True,999,0.00011683395132422447,0.002768834005109966,weak_5x5_bal_strong_500_500,weak_null,True,88,947166935,-1.8318679906315083e-15,0,7
500,500,0.10068931310537943,0.12085912210572913,0.08409401867834276,0.10448942228327951,-0.020169809000349703,-0.020395403604936746,0.03079447526282419,-0.6549814156014916,-0.6623072298152959,0.5124797195252845,0.5077743443312046,0.608,0.504,0.498,True,999,0.00011700007598847151,0.002740416908636689,weak_5x5_bal_strong_500_500,weak_null,True,89,947166935,-1.8318679906315083e-15,0,6
500,500,0.08349873899189708,0.14478682134568266,0.06698179538432214,0.13006132358390232,-0.06128808235378558,-0.06307952819958018,0.030042097093324657,-2.0400733731535596,-2.099704558028222,0.041343018300083696,0.03575483838978285,0.124,0.046,0.039,True,999,0.00011799996718764305,0.00279820803552866,weak_5x5_bal_strong_500_500,weak_null,True,90,947166935,-1.8318679906315083e-15,0,7
500,500,0.10506409035071096,0.09865384179007447,0.08845540310176148,0.08890050675640282,0.006410248560636489,-0.0004451036546413434,0.029560892729838372,0.21684895037578042,-0.015057179047642958,0.8283260625883598,0.9879865632553649,0.862,0.823,0.986,True,999,0.00014104193542152643,0.0027135839918628335,weak_5x5_bal_strong_500_500,weak_null,True,91,947166935,-1.8318679906315083e-15,0,10
500,500,0.17247579154009585,0.15116949697853543,0.15572768617448673,0.13449197582681904,0.021306294561560413,0.02123571034766769,0.0348638080025608,0.6111292994728353,0.6091047296413489,0.5411139842046343,0.5424550228249361,0.63,0.579,0.572,True,999,0.00011566688772290945,0.0027190420078113675,weak_5x5_bal_strong_500_500,weak_null,True,92,947166935,-1.8318679906315083e-15,0,5
500,500,0.10594722003189028,0.12255907706540564,0.08939332476597883,0.11075161190871086,-0.016611857033515365,-0.021358287142732024,0.031672060182647774,-0.5244956260412934,-0.6743573679628717,0.5999338612425629,0.5000841397008421,0.68,0.604,0.493,True,999,0.00012458302080631256,0.0027786249993368983,weak_5x5_bal_strong_500_500,weak_null,True,93,947166935,-1.8318679906315083e-15,0,8
500,500,0.16198072412158293,0.1214881350892496,0.1464617358766418,0.11192859053579696,0.040492589032333326,0.03453314534084484,0.03241028611814109,1.2493746239922365,1.0654995520547261,0.2115280853452315,0.2866499281911258,0.311,0.225,0.289,True,999,0.00012083305045962334,0.002803665935061872,weak_5x5_bal_strong_500_500,weak_null,True,94,947166935,-1.8318679906315083e-15,1,9
500,500,0.1010067850316001,0.11858409464696212,0.08428945094135543,0.10567909209305526,-0.017577309615362025,-0.021389641151699834,0.02976418420322779,-0.5905523731255448,-0.7186369028511866,0.5548203843383244,0.4723646696225904,0.676,0.576,0.497,True,999,0.00011912500485777855,0.0026832500007003546,weak_5x5_bal_strong_500_500,weak_null,True,95,947166935,-1.8318679906315083e-15,0,8
500,500,0.14090309052450833,0.088485071697811,0.12412577709903871,0.07103519318846452,0.05241801882669733,0.053090583910574196,0.030554893219120794,1.715535984720605,1.73754768278329,0.08624700375425831,0.08229054517204203,0.194,0.083,0.078,True,999,0.00011712498962879181,0.0028112499276176095,weak_5x5_bal_strong_500_500,weak_null,True,96,947166935,-1.8318679906315083e-15,0,5
500,500,0.11920992027871735,0.11533051211048201,0.1025500016304477,0.10320326374613842,0.003879408168235343,-0.0006532621156907226,0.03087352052964661,0.12565486869273954,-0.02115930106070738,0.9000051281785986,0.9831185800560426,0.921,0.892,0.984,True,999,0.0001117499778047204,0.0026814580196514726,weak_5x5_bal_strong_500_500,weak_null,True,97,947166935,-1.8318679906315083e-15,0,8
500,500,0.12179282122749924,0.14204318255090825,0.10507026963864519,0.12961316888407737,-0.020250361323409016,-0.02454289924543218,0.033730481510399764,-0.6003579082369588,-0.7276178147016706,0.5482677334544453,0.466847572297755,0.615,0.544,0.466,True,999,0.0001194999786093831,0.0027080830186605453,weak_5x5_bal_strong_500_500,weak_null,True,98,947166935,-1.8318679906315083e-15,0,8
500,500,0.1293990418141706,0.06816545307218586,0.11279331798823478,0.05113485347914093,0.06123358874198476,0.06165846450909385,0.02832069249213806,2.162150122529082,2.177152431078812,0.030606606647649342,0.02946919616152907,0.106,0.031,0.028,True,999,0.00011791603174060583,0.0027093749959021807,weak_5x5_bal_strong_500_500,weak_null,True,99,947166935,-1.8318679906315083e-15,0,6
500,500,0.10710339563778759,0.13656326847841416,0.09054492482823662,0.12223223829423091,-0.029459872840626566,-0.03168731346599429,0.033017422656287834,-0.8922523465051937,-0.9597149297769239,0.3722576901933775,0.33719870718231837,0.447,0.344,0.314,True,999,0.00011491600889712572,0.0026234579272568226,weak_5x5_bal_strong_500_500,weak_null,True,100,947166935,-1.8318679906315083e-15,0,9
500,500,0.09553404147439881,0.0871925084375485,0.07891729085304178,0.069398699758068,0.008341533036850313,0.009518591094973772,0.028798838857141122,0.28964824166103137,0.3305199609675752,0.7720853567028864,0.7410071126306762,0.834,0.772,0.738,True,999,0.00011812499724328518,0.0026674160035327077,weak_5x5_bal_strong_500_500,weak_null,True,101,947166935,-1.8318679906315083e-15,0,6
500,500,0.10369530432894036,0.1064494360780106,0.08715912361446954,0.0907255426359086,-0.0027541317490702433,-0.00356641902143906,0.030382336388071564,-0.09064910986080535,-0.11738462032298724,0.9277714085093588,0.9065552710158118,0.948,0.932,0.909,True,999,0.00011612498201429844,0.0027299580397084355,weak_5x5_bal_strong_500_500,weak_null,True,102,947166935,-1.8318679906315083e-15,0,6
500,500,0.1058110243029029,0.10828183272053837,0.08928516133596531,0.09534180827617433,-0.0024708084176354728,-0.006056646940209021,0.0315343448457746,-0.0783529332770186,-0.19206509505208802,0.9375473121769272,0.8476912159653094,0.943,0.934,0.849,True,999,0.00011804199311882257,0.0026270829839631915,weak_5x5_bal_strong_500_500,weak_null,True,103,947166935,-1.8318679906315083e-15,0,8
500,500,0.11822135935520817,0.12885544380102976,0.1016651798206567,0.11496086241183434,-0.01063408444582159,-0.013295682591177638,0.03360213940877975,-0.31647045792099354,-0.3956796449604536,0.7516454449325275,0.6923413735387367,0.795,0.757,0.707,True,999,0.00011487503070384264,0.0027544159675017,weak_5x5_bal_strong_500_500,weak_null,True,104,947166935,-1.8318679906315083e-15,0,8
500,500,0.11369555920471686,0.10302714961448411,0.09707781020085804,0.08727681909391549,0.010668409590232741,0.009800991106942547,0.030789836648025152,0.3464912695766773,0.3183190355630282,0.7289735442246139,0.7502429464058449,0.784,0.737,0.751,True,999,0.00012183398939669132,0.002798333065584302,weak_5x5_bal_strong_500_500,weak_null,True,105,947166935,-1.8318679906315083e-15,0,7
500,500,0.09987477371491282,0.11001721353023641,0.08324905667859639,0.09832250668642928,-0.01014243981532359,-0.01507345000783289,0.030339516604016695,-0.3342980030862066,-0.4968256483637347,0.7381546971566202,0.6193120067193254,0.78,0.732,0.626,True,999,0.00011458306107670069,0.002652999944984913,weak_5x5_bal_strong_500_500,weak_null,True,106,947166935,-1.8318679906315083e-15,0,9
500,500,0.08675286619327593,0.1379258692208809,0.07024750943980962,0.12692750079690995,-0.05117300302760497,-0.056679991357100334,0.030719401704537047,-1.6658203020941995,-1.84508773648183,0.09574921119805048,0.06502477685443699,0.177,0.082,0.064,True,999,0.00011975003872066736,0.0027710420545190573,weak_5x5_bal_strong_500_500,weak_null,True,107,947166935,-1.8318679906315083e-15,0,8
500,500,0.10719059879095716,0.14520819280467628,0.09064070436056682,0.12857152082943912,-0.038017594013719125,-0.03793081646887231,0.032903799468811064,-1.1554165363108093,-1.1527792255367428,0.24791989340028953,0.24900101339505187,0.301,0.224,0.223,True,999,0.00013191706966608763,0.002807958982884884,weak_5x5_bal_strong_500_500,weak_null,True,108,947166935,-1.8318679906315083e-15,0,7
500,500,0.09430126053005505,0.13585648244417486,0.07775880010774472,0.12792116811539245,-0.04155522191411981,-0.05016236800764773,0.03166889836097403,-1.3121776905675007,-1.5839631500874507,0.18946018737905734,0.11320210509270526,0.312,0.198,0.11,True,999,0.00011737493332475424,0.002628082991577685,weak_5x5_bal_strong_500_500,weak_null,True,109,947166935,-1.8318679906315083e-15,0,10
500,500,0.10556638892792769,0.12832982319726882,0.08897260124581408,0.11903966494622864,-0.022763434269341132,-0.030067063700414565,0.0312541917193668,-0.728332201764657,-0.9620169982442186,0.4664102546772224,0.33604106540833933,0.569,0.495,0.364,True,999,0.0001177910016849637,0.0026982080889865756,weak_5x5_bal_strong_500_500,weak_null,True,110,947166935,-1.8318679906315083e-15,0,9
500,500,0.1245105861928133,0.1412052520129934,0.10781073491705229,0.12997988022576124,-0.016694665820180088,-0.02216914530870895,0.03257816145118113,-0.5124496004845853,-0.6804909890918722,0.6083363847424559,0.4961936254837308,0.668,0.596,0.489,True,999,0.00012220803182572126,0.002716875053010881,weak_5x5_bal_strong_500_500,weak_null,True,111,947166935,-1.8318679906315083e-15,0,8
500,500,0.1277727831464881,0.09568966891932024,0.11111673027005509,0.07735077924709799,0.032083114227167864,0.0337659510229571,0.030068968860029233,1.0669841848090786,1.1229500811995676,0.28597897758890367,0.2614586959074062,0.418,0.285,0.261,True,999,0.00011362507939338684,0.0027094580000266433,weak_5x5_bal_strong_500_500,weak_null,True,112,947166935,-1.8318679906315083e-15,0,5
500,500,0.11831276219252085,0.09526317360086034,0.1017282480280528,0.0782358290224181,0.023049588591660508,0.0234924190056347,0.030196911042680852,0.7633094841747823,0.777974242876369,0.4452788472268131,0.4365841979075592,0.58,0.45,0.437,True,999,0.00011404091492295265,0.0027233330765739083,weak_5x5_bal_strong_500_500,weak_null,True,113,947166935,-1.8318679906315083e-15,0,6
500,500,0.10149728885505649,0.12387696698433337,0.08494319100941539,0.107577241049853,-0.02237967812927688,-0.022634050040437614,0.03084183540907079,-0.7256273121376838,-0.7338749377341139,0.4680672730531127,0.46302496299127704,0.576,0.478,0.47,True,999,0.0001177499070763588,0.0027349169831722975,weak_5x5_bal_strong_500_500,weak_null,True,114,947166935,-1.8318679906315083e-15,0,6
500,500,0.11492683091900124,0.09684817265900547,0.09837317446022098,0.08111519100660303,0.018078658259995772,0.017257983453617953,0.03116046038410499,0.5801794337165099,0.5538423771948274,0.5617936211931343,0.579686723542139,0.68,0.591,0.601,True,999,0.00011687504593282938,0.0027326670242473483,weak_5x5_bal_strong_500_500,weak_null,True,115,947166935,-1.8318679906315083e-15,0,6
500,500,0.10580158789181016,0.1360188390880891,0.08920340245867919,0.12587370330999192,-0.030217251196278938,-0.03667030085131273,0.03353266588753073,-0.9011288066874323,-1.0935695054579224,0.36751983824099077,0.2741438296655556,0.442,0.348,0.265,True,999,0.00012083398178219795,0.0027952500386163592,weak_5x5_bal_strong_500_500,weak_null,True,116,947166935,-1.8318679906315083e-15,0,9
500,500,0.11980996292974933,0.06779683607611497,0.10324070192609724,0.05302907923956468,0.05201312685363435,0.050211622686532564,0.02866056085910042,1.8147979416501518,1.7519413850057006,0.06955496685294942,0.07978388736739007,0.214,0.073,0.08,True,999,0.00011170899961143732,0.0028238330269232392,weak_5x5_bal_strong_500_500,weak_null,True,117,947166935,-1.8318679906315083e-15,0,8
500,500,0.1134176884713971,0.09451827237518012,0.09685195874249075,0.07146753556804697,0.01889941609621698,0.025384423174443782,0.03014777294139966,0.6268926110380724,0.8419999455278261,0.5307296310715915,0.3997879839426596,0.61,0.505,0.376,True,999,0.00012258405331522226,0.0027108750073239207,weak_5x5_bal_strong_500_500,weak_null,True,118,947166935,-1.8318679906315083e-15,0,3
500,500,0.10149812569734484,0.13421870887741805,0.08493777729802332,0.12180909999545975,-0.032720583180073204,-0.036871322697436426,0.03203724171406082,-1.0213295973514622,-1.1508894250797497,0.307098308300081,0.24977772884240024,0.43,0.328,0.265,True,999,0.00012129195965826511,0.0027480829739943147,weak_5x5_bal_strong_500_500,weak_null,True,119,947166935,-1.8318679906315083e-15,0,7
500,500,0.12864148361510974,0.11422272131033595,0.1119945443144843,0.10226799779465523,0.014418762304773791,0.009726546519829071,0.032482615579692856,0.4438916647398297,0.2994385256927959,0.6571209111471139,0.7646054705906794,0.728,0.655,0.753,True,999,0.00012204202357679605,0.002681832993403077,weak_5x5_bal_strong_500_500,weak_null,True,120,947166935,-1.8318679906315083e-15,0,8
500,500,0.11336918201828539,0.12487394418095593,0.0968042496358521,0.10355145332073334,-0.011504762162670545,-0.006747203684881242,0.03213304869028579,-0.3580351890528387,-0.20997707842521035,0.7203169796931344,0.8336855629949362,0.808,0.741,0.859,True,999,0.0001212910283356905,0.0026866249972954392,weak_5x5_bal_strong_500_500,weak_null,True,121,947166935,-1.8318679906315083e-15,0,4
500,500,0.14529945368223318,0.1266460863287766,0.12779487120508293,0.1135158879986875,0.018653367353456574,0.014278983206395424,0.033201529850293475,0.5618225255753295,0.430070038060888,0.5742369432034922,0.6671446943675499,0.636,0.571,0.665,True,999,0.00012816698290407658,0.0028220409294590354,weak_5x5_bal_strong_500_500,weak_null,True,122,947166935,-1.8318679906315083e-15,0,8
500,500,0.10115462275062037,0.11258607405754179,0.0845507264260732,0.09509193868277066,-0.011431451306921414,-0.010541212256697463,0.03134585551909989,-0.3646878069719909,-0.3362872725000093,0.715344461317301,0.7366542467004863,0.786,0.725,0.746,True,999,0.0001254579983651638,0.0026996670057997108,weak_5x5_bal_strong_500_500,weak_null,True,123,947166935,-1.8318679906315083e-15,0,5
500,500,0.10233411481965016,0.09703801106313392,0.0857812689188222,0.08199747764101062,0.005296103756516235,0.003783791277811588,0.028737856363519085,0.1842901464021272,0.13166574534817685,0.8537858435718079,0.8952486808332065,0.885,0.844,0.888,True,999,0.00011599995195865631,0.0027032500365749,weak_5x5_bal_strong_500_500,weak_null,True,124,947166935,-1.8318679906315083e-15,0,7
500,500,0.12073500146960825,0.16479042083767936,0.10419394008840754,0.14875843293046387,-0.044055419368071114,-0.044564492842056325,0.03352003356576308,-1.3143011710187766,-1.329488311956045,0.1887448733655508,0.18368691935844106,0.304,0.205,0.201,True,999,0.00011995795648545027,0.002744666999205947,weak_5x5_bal_strong_500_500,weak_null,True,125,947166935,-1.8318679906315083e-15,0,6
500,500,0.137504772927461,0.12072894987116028,0.12086709240008986,0.10570930849843307,0.01677582305630071,0.015157783901656785,0.03200571627353902,0.5241508395851854,0.47359614676671374,0.6001736303661105,0.635787923751875,0.665,0.587,0.634,True,999,0.00012204097583889961,0.0027750420849770308,weak_5x5_bal_strong_500_500,weak_null,True,126,947166935,-1.8318679906315083e-15,0,7
500,500,0.11206807769569327,0.13633486251923593,0.09535666165777457,0.11924064916078692,-0.024266784823542664,-0.02388398750301235,0.03217478776592392,-0.7542174015283929,-0.7423199704306273,0.450718690230424,0.4578934949263974,0.519,0.448,0.457,True,999,0.00011958403047174215,0.0027250839630141854,weak_5x5_bal_strong_500_500,weak_null,True,127,947166935,-1.8318679906315083e-15,0,6
500,500,0.09277150437868187,0.10431245363355068,0.07533803988133059,0.08287088419749011,-0.011540949254868815,-0.007532844316159526,0.02893027024466591,-0.39892296744088335,-0.26037932768873506,0.6899499653910083,0.7945711872698872,0.75,0.681,0.781,True,999,0.00011424999684095383,0.002886250033043325,weak_5x5_bal_strong_500_500,weak_null,True,128,947166935,-1.8318679906315083e-15,0,3
500,500,0.11180753923871944,0.13797144610706957,0.09505677961249148,0.12580200436946143,-0.02616390686835013,-0.030745224756969947,0.03216090820961861,-0.8135313436367785,-0.9559812352492812,0.41591348325249944,0.33908171491880135,0.475,0.403,0.34,True,999,0.00012891599908471107,0.002859791973605752,weak_5x5_bal_strong_500_500,weak_null,True,129,947166935,-1.8318679906315083e-15,0,8
500,500,0.11090529149632822,0.08230073908855806,0.09429604104934697,0.06618023396026729,0.028604552407770156,0.02811580708907968,0.029256691943595554,0.9777097309195903,0.9610043111943277,0.3282179076109859,0.3365500001488285,0.509,0.35,0.355,True,999,0.00014583300799131393,0.002680332981981337,weak_5x5_bal_strong_500_500,weak_null,True,130,947166935,-1.8318679906315083e-15,0,6
500,500,0.09010486959037434,0.13544776791710583,0.07355252629815823,0.12208000111826323,-0.045342898326731496,-0.048527474820105,0.0317858806749077,-1.426510682226462,-1.5266990811556587,0.1537209856716305,0.12683585601161743,0.258,0.156,0.132,True,999,0.00012266705743968487,0.0027764589758589864,weak_5x5_bal_strong_500_500,weak_null,True,131,947166935,-1.8318679906315083e-15,0,7
500,500,0.11902619521871594,0.13968602065471158,0.10154038151381428,0.12120122211695161,-0.02065982543599565,-0.01966084060313733,0.031707380301322224,-0.6515778105810311,-0.6200714286798855,0.5146735660656364,0.5352107616277754,0.598,0.531,0.548,True,999,0.00012183398939669132,0.0027950829826295376,weak_5x5_bal_strong_500_500,weak_null,True,132,947166935,-1.8318679906315083e-15,0,4
500,500,0.11495529896812728,0.13132256461204395,0.09837328351181895,0.11789068968329275,-0.016367265643916662,-0.019517406171473795,0.03346950141095269,-0.4890203006896474,-0.5831400334241861,0.6248273246217406,0.5597990357423956,0.693,0.631,0.555,True,999,0.00011879194062203169,0.0027551670791581273,weak_5x5_bal_strong_500_500,weak_null,True,133,947166935,-1.8318679906315083e-15,0,7
500,500,0.14179821033027773,0.13557641807504273,0.12513175938158838,0.12137534599330024,0.0062217922552350036,0.003756413388288138,0.033852597026933585,0.1837906926397659,0.11096381720136521,0.8541776579588712,0.9116450391817494,0.871,0.846,0.905,True,999,0.00012420897837728262,0.002749042003415525,weak_5x5_bal_strong_500_500,weak_null,True,134,947166935,-1.8318679906315083e-15,0,7
500,500,0.14095030253850283,0.14380167581499237,0.12435971329864515,0.13249417449520706,-0.002851373276489544,-0.008134461196561915,0.03404147226288924,-0.08376174962320904,-0.23895738509023903,0.9332458604827134,0.8111386273164672,0.949,0.939,0.803,True,999,0.00011679099407047033,0.002746833022683859,weak_5x5_bal_strong_500_500,weak_null,True,135,947166935,-1.8318679906315083e-15,0,8
500,500,0.12621108662476077,0.12908982713987316,0.10956119795423547,0.1191566632070078,-0.002878740515112388,-0.009595465252772328,0.03203717293340855,-0.08985625919915115,-0.2995103616888156,0.9284014405844959,0.7645506672110733,0.946,0.921,0.765,True,999,0.00011783302761614323,0.0028623329708352685,weak_5x5_bal_strong_500_500,weak_null,True,136,947166935,-1.8318679906315083e-15,0,10
500,500,0.1009314248594908,0.09206791041080498,0.08434970833832267,0.0818366158504773,0.008863514448685827,0.0025130924878453698,0.02790401881403982,0.3176429355124351,0.0900620267135469,0.7507558017091654,0.9282379248399719,0.803,0.737,0.926,True,999,0.0001319999573752284,0.0027209590189158916,weak_5x5_bal_strong_500_500,weak_null,True,137,947166935,-1.8318679906315083e-15,0,9
500,500,0.1105490732011456,0.10023084592654485,0.09394012259122064,0.08742422031914998,0.010318227274600744,0.006515902272070662,0.03051315148179647,0.33815672172559397,0.2135440606965137,0.7352450877514995,0.8309026260981884,0.778,0.719,0.826,True,999,0.00011745805386453867,0.0027752909809350967,weak_5x5_bal_strong_500_500,weak_null,True,138,947166935,-1.8318679906315083e-15,0,8
500,500,0.10955514025454582,0.08478690401077804,0.09298435840617003,0.06943741842138706,0.024768236243767783,0.023546939984782966,0.02954170172861225,0.8384160286805283,0.7970745964839551,0.4017970903563991,0.425407709008118,0.568,0.396,0.423,True,999,0.00011804094538092613,0.0027711669681593776,weak_5x5_bal_strong_500_500,weak_null,True,139,947166935,-1.8318679906315083e-15,0,7
500,500,0.11628938939665923,0.13122074397931177,0.09968139719364899,0.11572058008965769,-0.014931354582652545,-0.016039182896008697,0.032864594704680845,-0.4543294909559892,-0.4880383598256961,0.6495916929462489,0.6255226704038404,0.704,0.638,0.619,True,999,0.00011741602793335915,0.0027221250347793102,weak_5x5_bal_strong_500_500,weak_null,True,140,947166935,-1.8318679906315083e-15,0,6
500,500,0.14495317235601313,0.1188490035672608,0.1273629664277678,0.1100047585341315,0.026104168788752324,0.01735820789363629,0.032143479145619304,0.8121139802724171,0.5400226843833104,0.41672623191865266,0.589181388559779,0.518,0.428,0.588,True,999,0.00011629203800112009,0.0027448340551927686,weak_5x5_bal_strong_500_500,weak_null,True,141,947166935,-1.8318679906315083e-15,0,10
500,500,0.09871445052571004,0.07137483125262528,0.08219180930473158,0.057590584226204555,0.02733961927308476,0.024601225078527023,0.027992490447965142,0.9766769171148242,0.878850887678533,0.32872912629662243,0.3794821305223375,0.517,0.352,0.394,True,999,0.00011866691056638956,0.0027730840956792235,weak_5x5_bal_strong_500_500,weak_null,True,142,947166935,-1.8318679906315083e-15,0,8
500,500,0.13679346729031105,0.06529300109522868,0.12019607052798165,0.051840346616984334,0.07150046619508238,0.06835572391099731,0.028564161987003005,2.5031529448550196,2.393058964659978,0.012309233786329652,0.016708555627898317,0.095,0.017,0.02,True,999,0.00012666697148233652,0.002741917036473751,weak_5x5_bal_strong_500_500,weak_null,True,143,947166935,-1.8318679906315083e-15,0,9
500,500,0.10517399063654187,0.10107556991190192,0.08861371172736199,0.08809378240528076,0.004098420724639951,0.0005199293220812251,0.03141169083166071,0.1304743748626559,0.016552095997238517,0.8961911267178522,0.986793941172428,0.921,0.895,0.985,True,999,0.00011883408296853304,0.0026578339748084545,weak_5x5_bal_strong_500_500,weak_null,True,144,947166935,-1.8318679906315083e-15,0,8
500,500,0.1238545812188625,0.13698987606198543,0.10726012580926181,0.11976635867188179,-0.013135294843122924,-0.012506232862619981,0.033140656810408016,-0.39634986470750055,-0.3773682861557628,0.6918469460880532,0.7058999316468564,0.761,0.712,0.726,True,999,0.00011049991007894278,0.0027002919232472777,weak_5x5_bal_strong_500_500,weak_null,True,145,947166935,-1.8318679906315083e-15,0,5
500,500,0.1410735855584342,0.12112733509031126,0.12435096238311871,0.10285308356631617,0.019946250468122928,0.02149787881680254,0.03312685791302383,0.6021171860154312,0.6489561694395002,0.5470961354383197,0.5163667071176167,0.618,0.56,0.517,True,999,0.0001164580462500453,0.0026738749584183097,weak_5x5_bal_strong_500_500,weak_null,True,146,947166935,-1.8318679906315083e-15,0,5
500,500,0.11362600567144732,0.11979045139470335,0.09690801192095932,0.10866317117464064,-0.006164445723256029,-0.011755159253681313,0.031193940614398778,-0.1976167679312241,-0.3768411115155891,0.8433449146128906,0.7062916866058233,0.871,0.846,0.736,True,999,0.0001267909538000822,0.002691917004995048,weak_5x5_bal_strong_500_500,weak_null,True,147,947166935,-1.8318679906315083e-15,0,9
500,500,0.11433145135957856,0.14817574283981688,0.09773692580176885,0.13795282361027716,-0.03384429148023832,-0.040215897808508316,0.03307676933742361,-1.0232042656580225,-1.2158351197560089,0.30621127649913915,0.2240477374128892,0.408,0.335,0.254,True,999,0.00011312507558614016,0.0027817089576274157,weak_5x5_bal_strong_500_500,weak_null,True,148,947166935,-1.8318679906315083e-15,0,9
500,500,0.11536588520246127,0.13991424611738063,0.09878757499484436,0.12708226244251364,-0.024548360914919354,-0.028294687447669276,0.03244199842700073,-0.7566846096166602,-0.8721622840632486,0.4492388374498202,0.38311985173948093,0.545,0.454,0.399,True,999,0.00015604193322360516,0.00273145898245275,weak_5x5_bal_strong_500_500,weak_null,True,149,947166935,-1.8318679906315083e-15,0,8
500,500,0.08458138153836248,0.043493059250671595,0.0680497899427337,0.029932855863023633,0.04108832228769088,0.03811693407971006,0.024154289875350017,1.7010776346450331,1.5780606375271347,0.08892841002676284,0.11455167997115541,0.308,0.091,0.11,True,999,0.0001277499832212925,0.0027275830507278442,weak_5x5_bal_strong_500_500,weak_null,True,150,947166935,-1.8318679906315083e-15,0,9
500,500,0.0753984029850856,0.15431297607082595,0.058902644239992696,0.14460337160446102,-0.07891457308574035,-0.08570072736446832,0.03203335776542859,-2.4635123693123253,-2.675358855354191,0.013758314813557075,0.007464929864785105,0.039,0.018,0.012,True,999,0.00011816597543656826,0.0028054170543327928,weak_5x5_bal_strong_500_500,weak_null,True,151,947166935,-1.8318679906315083e-15,0,10
500,500,0.11072138631044637,0.1070424693447054,0.09402057969884936,0.09420505423810255,0.0036789169657409637,-0.00018447453925318769,0.028972549658247658,0.12697939978139552,-0.006367217984927089,0.8989567031475371,0.9949197294015188,0.936,0.912,0.995,True,999,0.00012020906433463097,0.0026678750291466713,weak_5x5_bal_strong_500_500,weak_null,True,152,947166935,-1.8318679906315083e-15,0,8
500,500,0.0691499234291757,0.10891752923983306,0.0526709032577628,0.09454301398668008,-0.03976760581065736,-0.04187211072891728,0.0293973852354625,-1.352759964606822,-1.4243481314251831,0.1761323266364907,0.1543457209978214,0.326,0.186,0.165,True,999,0.00011350004933774471,0.0027067080372944474,weak_5x5_bal_strong_500_500,weak_null,True,153,947166935,-1.8318679906315083e-15,0,7
500,500,0.1279111125910568,0.09704310323042098,0.11125918459356399,0.08484162414291063,0.03086800936063583,0.026417560450653355,0.031620291114401754,0.9762088922254327,0.8354622781642017,0.3289609575499931,0.40345747732617443,0.417,0.321,0.39,True,999,0.00011679204180836678,0.0028154170140624046,weak_5x5_bal_strong_500_500,weak_null,True,154,947166935,-1.8318679906315083e-15,0,10
500,500,0.11196524819006926,0.09708458203744907,0.09532991323249007,0.08016157804723889,0.014880666152620181,0.01516833518525118,0.030478791225739,0.488230193986618,0.4976685286797624,0.6253867998851703,0.618717693630775,0.696,0.612,0.603,True,999,0.00011708296369761229,0.002634583041071892,weak_5x5_bal_strong_500_500,weak_null,True,155,947166935,-1.8318679906315083e-15,0,6
500,500,0.11588079223110825,0.1258969982865366,0.09925860200712577,0.11119495007855562,-0.010016206055428356,-0.011936348071429848,0.032657952526650734,-0.30670036791971467,-0.36549590981520086,0.7590714497127026,0.7147412594436575,0.826,0.778,0.741,True,999,0.00011199992150068283,0.002744500059634447,weak_5x5_bal_strong_500_500,weak_null,True,156,947166935,-1.8318679906315083e-15,0,8
500,500,0.11493609657408843,0.13887859461837582,0.09837633677329904,0.12780792900792903,-0.023942498044287386,-0.02943159223462999,0.03357658833659159,-0.7130711972364082,-0.876551004515119,0.4758017015232995,0.3807305613745138,0.549,0.466,0.346,True,999,0.00011804199311882257,0.0028003340121358633,weak_5x5_bal_strong_500_500,weak_null,True,157,947166935,-1.8318679906315083e-15,0,9
500,500,0.10520686337301433,0.1069701775153028,0.08865743948479121,0.09102683352836038,-0.0017633141422884746,-0.002369394043569173,0.031149722815830377,-0.056607699295235896,-0.07606469109140966,0.9548577012312114,0.9393676311550138,0.96,0.95,0.938,True,999,0.0001140419626608491,0.0026215410325676203,weak_5x5_bal_strong_500_500,weak_null,True,158,947166935,-1.8318679906315083e-15,0,7
500,500,0.0940052419779569,0.14298656362981332,0.07732611201220152,0.123551531997947,-0.048981321651856424,-0.046225419985745475,0.031750818800076824,-1.5426790080682238,-1.4558811940192744,0.1229086776186656,0.14542546524587618,0.184,0.104,0.122,True,999,0.00011791696306318045,0.002678832970559597,weak_5x5_bal_strong_500_500,weak_null,True,159,947166935,-1.8318679906315083e-15,0,4
500,500,0.10914867183735555,0.11363822351954961,0.09260399167226296,0.09640130430119598,-0.0044895516821940595,-0.003797312628933014,0.031006519030191436,-0.14479379893700828,-0.12246820177510165,0.8848736783613874,0.9025282277027683,0.901,0.868,0.89,True,999,0.00012879096902906895,0.002721542026847601,weak_5x5_bal_strong_500_500,weak_null,True,160,947166935,-1.8318679906315083e-15,0,5
500,500,0.1305208673686915,0.1462835888387924,0.11389416630174765,0.12903466952872122,-0.015762721470100882,-0.015140503226973578,0.03371823087759803,-0.4674836448958963,-0.4490301784199698,0.6401538907503368,0.6534098867379081,0.712,0.653,0.665,True,999,0.00011145893950015306,0.002665167092345655,weak_5x5_bal_strong_500_500,weak_null,True,161,947166935,-1.8318679906315083e-15,0,6
500,500,0.09274448272503033,0.14431151487524135,0.07621891631140443,0.1303567988944394,-0.05156703215021102,-0.05413788258303498,0.03284230623099825,-1.5701404093705034,-1.648419030084339,0.11638244933155598,0.09926671359031003,0.218,0.123,0.11,True,999,0.00011462497059255838,0.0026982499985024333,weak_5x5_bal_strong_500_500,weak_null,True,162,947166935,-1.8318679906315083e-15,0,8
500,500,0.09736455242332132,0.15400360562284943,0.08082851365463739,0.14075593794785846,-0.05663905319952811,-0.059927424293221065,0.03221574605991659,-1.758117073998154,-1.860190485167247,0.07872759119868403,0.06285858074397047,0.158,0.1,0.074,True,999,0.00012037507258355618,0.002748416969552636,weak_5x5_bal_strong_500_500,weak_null,True,163,947166935,-1.8318679906315083e-15,0,9
500,500,0.11429153442607043,0.1181484663870947,0.09770752413078299,0.09712158493880452,-0.003856931961024268,0.0005859391919784684,0.031069212542429545,-0.12413999729658627,0.018859158119256578,0.9012044298143483,0.9849534608405514,0.917,0.891,0.982,True,999,0.00011950009502470493,0.002766250050626695,weak_5x5_bal_strong_500_500,weak_null,True,164,947166935,-1.8318679906315083e-15,0,4
500,500,0.11355854088407868,0.129550113496132,0.09703184712384427,0.11447731156687269,-0.015991572612053306,-0.017445464443028413,0.031314230841312546,-0.5106806772004691,-0.557109786008628,0.6095746732035934,0.5774524217985748,0.698,0.624,0.587,True,999,0.00012095796409994364,0.002791499951854348,weak_5x5_bal_strong_500_500,weak_null,True,165,947166935,-1.8318679906315083e-15,0,6
500,500,0.12747729872323066,0.11095831456816452,0.11084688178800661,0.0992160501751016,0.01651898415506614,0.011630831612905013,0.031670851421685846,0.5215832039095472,0.3672408884132835,0.6019605602371538,0.7134393422707983,0.659,0.594,0.707,True,999,0.00011970789637416601,0.0028108330443501472,weak_5x5_bal_strong_500_500,weak_null,True,166,947166935,-1.8318679906315083e-15,0,9
500,500,0.17479571645801362,0.13290911561880597,0.15710691626077278,0.12080563483297624,0.041886600839207644,0.03630128142779654,0.035212370674171496,1.1895421988708001,1.0309240966392463,0.23422637567410132,0.3025764156200397,0.325,0.238,0.326,True,999,0.00011441693641245365,0.0026963750133290887,weak_5x5_bal_strong_500_500,weak_null,True,167,947166935,-1.8318679906315083e-15,0,9
500,500,0.12368753410064426,0.11129866359566876,0.10706487740787907,0.09258144080845909,0.012388870504975502,0.014483436599419974,0.03213268536472206,0.38555353728938685,0.45073844389367773,0.6998273493091373,0.6521780712143578,0.785,0.733,0.676,True,999,0.0001212080242112279,0.002698458032682538,weak_5x5_bal_strong_500_500,weak_null,True,168,947166935,-1.8318679906315083e-15,0,6
500,500,0.12383009130444123,0.11369034021446056,0.10723638655827017,0.0988115601376478,0.010139751089980664,0.008424826420622367,0.03256012928900173,0.31141618019943496,0.25874671276161465,0.7554842550078742,0.7958306749588199,0.809,0.758,0.802,True,999,0.00011845806147903204,0.002779125003144145,weak_5x5_bal_strong_500_500,weak_null,True,169,947166935,-1.8318679906315083e-15,0,7
500,500,0.1033966172113463,0.11195748493661795,0.08687479603963766,0.0957192579310231,-0.008560867725271648,-0.008844461891385436,0.03068960897553451,-0.2789500424099993,-0.2881907651034643,0.780283163837705,0.7732007174377655,0.831,0.77,0.759,True,999,0.0001212080242112279,0.002616125042550266,weak_5x5_bal_strong_500_500,weak_null,True,170,947166935,-1.8318679906315083e-15,0,6
500,500,0.10539802706194656,0.10106282154982271,0.08883696958412202,0.08463178050629949,0.004335205512123852,0.004205189077822524,0.029948624314556537,0.1447547462143937,0.14041343046861057,0.8849045130850747,0.8883333469980095,0.915,0.886,0.891,True,999,0.00011679192539304495,0.0027189169777557254,weak_5x5_bal_strong_500_500,weak_null,True,171,947166935,-1.8318679906315083e-15,0,5
500,500,0.1348629578819731,0.11601059003903502,0.11828206390941887,0.09883954275767337,0.01885236784293809,0.019442521151745495,0.03398576290099238,0.554713686959418,0.5720784084908029,0.5790905128510615,0.5672688560905528,0.647,0.561,0.552,True,999,0.00011537503451108932,0.0026849169516935945,weak_5x5_bal_strong_500_500,weak_null,True,172,947166935,-1.8318679906315083e-15,0,6
500,500,0.15092981675178319,0.09512384487875947,0.13338207211484132,0.07769921499902921,0.05580597187302372,0.05568285711581211,0.031001625073436383,1.8000982768106837,1.7961270412086798,0.07184512165882234,0.07247431469765256,0.176,0.075,0.076,True,999,0.0001106249401345849,0.002688499982468784,weak_5x5_bal_strong_500_500,weak_null,True,173,947166935,-1.8318679906315083e-15,0,5
500,500,0.10423518882170746,0.10291804870943172,0.08768144208852391,0.08502391790031538,0.0013171401122757387,0.0026575241882085265,0.03044305210227216,0.043265705023624486,0.08729493282344639,0.965489729036628,0.9304370816676725,0.969,0.964,0.933,True,999,0.00011837494093924761,0.002653416944667697,weak_5x5_bal_strong_500_500,weak_null,True,174,947166935,-1.8318679906315083e-15,0,6
500,500,0.11409964921097404,0.11902332559905587,0.09749423522350753,0.10340259545924368,-0.004923676388081832,-0.005908360235736154,0.031863118219732624,-0.15452588017680677,-0.18542944212149157,0.8771951068544568,0.8528922173567339,0.912,0.892,0.867,True,999,0.00011395802721381187,0.002785332966595888,weak_5x5_bal_strong_500_500,weak_null,True,175,947166935,-1.8318679906315083e-15,0,6
500,500,0.1140443490513865,0.12012597279222542,0.09744108306858834,0.10920114324261476,-0.006081623740838926,-0.011760060174026421,0.031987740087044476,-0.19012358248159197,-0.36764273256019814,0.8492122909591466,0.7131396469927236,0.883,0.863,0.705,True,999,0.00012129207607358694,0.0027301249792799354,weak_5x5_bal_strong_500_500,weak_null,True,176,947166935,-1.8318679906315083e-15,0,9
500,500,0.13379396908671515,0.15856687059376096,0.11704077064052854,0.14601866941202957,-0.024772901507045808,-0.02897789877150103,0.03447225391634491,-0.71863306551301,-0.8406151463673587,0.4723670346023656,0.40056357068375026,0.564,0.476,0.392,True,999,0.00012129195965826511,0.0028243750566616654,weak_5x5_bal_strong_500_500,weak_null,True,177,947166935,-1.8318679906315083e-15,0,7
500,500,0.13292805327375823,0.10924999758080034,0.1163413550380028,0.09343043030594345,0.02367805569295789,0.022910924732059357,0.03147839025030883,0.7522003350449468,0.727830252750443,0.45193059219171616,0.46671750292788616,0.581,0.482,0.492,True,999,0.00012616696767508984,0.002674125018529594,weak_5x5_bal_strong_500_500,weak_null,True,178,947166935,-1.8318679906315083e-15,0,7
500,500,0.10356762111982776,0.07840323856242343,0.08702036823501658,0.06326442065795845,0.02516438255740433,0.023755947577058123,0.02876614982022324,0.8747914724310172,0.8258299329428217,0.38168737799093577,0.4089005716108469,0.514,0.384,0.402,True,999,0.00011274998541921377,0.002672875067219138,weak_5x5_bal_strong_500_500,weak_null,True,179,947166935,-1.8318679906315083e-15,0,7
500,500,0.12751595076791178,0.1489559703192334,0.11077721737206048,0.13217324292875787,-0.021440019551321632,-0.021396025556697396,0.03353108334002482,-0.6394073025886841,-0.6380952664048808,0.522557999579641,0.5234116677435385,0.615,0.546,0.548,True,999,0.00011175009422004223,0.002761333016678691,weak_5x5_bal_strong_500_500,weak_null,True,180,947166935,-1.8318679906315083e-15,0,6
500,500,0.14130716048928593,0.09264080428340549,0.12472763662992747,0.07744465758977981,0.048666356205880446,0.047282979040147666,0.032163924371086026,1.5130727097974832,1.47006249904794,0.13026119074917217,0.14154482776108596,0.249,0.134,0.143,True,999,0.00011816690675914288,0.0026758330641314387,weak_5x5_bal_strong_500_500,weak_null,True,181,947166935,-1.8318679906315083e-15,0,7
500,500,0.13648964240019112,0.12590785377173708,0.11981422999497227,0.10828130023190852,0.010581788628454047,0.011532929763063748,0.03288809990351545,0.32175129178937295,0.350671817371577,0.7476411170639712,0.7258345709910411,0.792,0.751,0.736,True,999,0.00012404099106788635,0.0026570840273052454,weak_5x5_bal_strong_500_500,weak_null,True,182,947166935,-1.8318679906315083e-15,0,6
500,500,0.11114725141098591,0.12775648065018497,0.09456897574568757,0.1079204600906678,-0.016609229239199053,-0.013351484344980236,0.031248387832189705,-0.5315227565784847,-0.42726954160580904,0.5950565760163835,0.669183014885193,0.681,0.595,0.669,True,999,0.00011058303061872721,0.0027578750159591436,weak_5x5_bal_strong_500_500,weak_null,True,183,947166935,-1.8318679906315083e-15,0,3
500,500,0.12209539194530006,0.12357534181008129,0.1055049553506251,0.11042352170582603,-0.001479949864781227,-0.004918566355200937,0.03282722309735737,-0.04508300505321648,-0.14983193493441996,0.9640411476513019,0.8808972133195043,0.973,0.969,0.888,True,999,0.00014887505676597357,0.002655374933965504,weak_5x5_bal_strong_500_500,weak_null,True,184,947166935,-1.8318679906315083e-15,0,7
500,500,0.0958155287407616,0.11837392791465312,0.07930033570323758,0.10746889003050342,-0.02255839917389152,-0.028168554327265838,0.030112599754046922,-0.7491348923089853,-0.9354407974515778,0.45377590637349285,0.3495611801047268,0.597,0.482,0.382,True,999,0.00011145893950015306,0.002647374989464879,weak_5x5_bal_strong_500_500,weak_null,True,185,947166935,-1.8318679906315083e-15,0,9
500,500,0.17284772091280187,0.11320734247921699,0.15606415279955854,0.09865570645001753,0.059640378433584884,0.05740844634954101,0.03383220568224793,1.7628285602696825,1.6968579255139653,0.07792940890234175,0.0897235242381528,0.152,0.079,0.095,True,999,0.00011254195123910904,0.00276962504722178,weak_5x5_bal_strong_500_500,weak_null,True,186,947166935,-1.8318679906315083e-15,0,8
500,500,0.15758446788959457,0.13476063661879684,0.14089545090917,0.11999574701545157,0.022823831270797734,0.020899703893718424,0.03413424033643267,0.668649164177738,0.6122797427957241,0.503719302819249,0.5403526898769231,0.6,0.529,0.558,True,999,0.00012741703540086746,0.002654207986779511,weak_5x5_bal_strong_500_500,weak_null,True,187,947166935,-1.8318679906315083e-15,0,7
500,500,0.13117961769146103,0.11685896168063148,0.11444293792283133,0.10299074256207064,0.014320656010829547,0.011452195360760697,0.03264261480159993,0.43871044332293013,0.35083572288453385,0.6608713589979611,0.7257115955506241,0.743,0.679,0.744,True,999,0.00011466699652373791,0.002746624988503754,weak_5x5_bal_strong_500_500,weak_null,True,188,947166935,-1.8318679906315083e-15,0,8
500,500,0.12404575775460391,0.08649943182931563,0.1074067470292448,0.06948778409429224,0.03754632592528828,0.03791896293495256,0.029645223410036586,1.2665219420332223,1.2790918257041992,0.20532627884713528,0.20086472181474602,0.338,0.19,0.186,True,999,0.00011999998241662979,0.002716083894483745,weak_5x5_bal_strong_500_500,weak_null,True,189,947166935,-1.8318679906315083e-15,0,6
500,500,0.09373443349449184,0.1501731347553652,0.0771512546887152,0.1353919970476909,-0.05643870126087336,-0.058240742358975695,0.031202483805710335,-1.8087887365730984,-1.8665418663983768,0.07048383080452772,0.061965592304552924,0.159,0.068,0.056,True,999,0.00011991697829216719,0.002715958980843425,weak_5x5_bal_strong_500_500,weak_null,True,190,947166935,-1.8318679906315083e-15,0,7
500,500,0.10325622569829518,0.0773306489654218,0.08670040899471587,0.06735862084403266,0.02592557673287338,0.019341788150683215,0.02897501223910396,0.8947563686577106,0.6675333901871494,0.37091733871587174,0.5044314889140404,0.546,0.394,0.53,True,999,0.00011712498962879181,0.0027382909320294857,weak_5x5_bal_strong_500_500,weak_null,True,191,947166935,-1.8318679906315083e-15,0,10
500,500,0.1228971754245205,0.10686809493934057,0.1063229779156245,0.09980381836419383,0.016029080485179925,0.0065191595514306755,0.03125993483511014,0.5127675591689521,0.20854680554575464,0.6081139249633598,0.834802040379601,0.689,0.62,0.839,True,999,0.00012408290058374405,0.0028065000660717487,weak_5x5_bal_strong_500_500,weak_null,True,192,947166935,-1.8318679906315083e-15,0,11
500,500,0.12287932854471162,0.1663517394405558,0.10629794073338417,0.1572597011189032,-0.043472410895844193,-0.05096176038551903,0.03595084734323833,-1.209217977000493,-1.41753989548466,0.22657911298361721,0.15632513871235235,0.285,0.234,0.155,True,999,0.00011374999303370714,0.002637416939251125,weak_5x5_bal_strong_500_500,weak_null,True,193,947166935,-1.8318679906315083e-15,0,10
500,500,0.12658095154636406,0.1253711914740745,0.10983723976812598,0.11060834373026296,0.0012097600722895674,-0.0007711039621369764,0.03230579088711203,0.03744715851461124,-0.023868908358612516,0.9701284719609471,0.9809571747495358,0.976,0.973,0.986,True,999,0.0001165829598903656,0.0027278749039396644,weak_5x5_bal_strong_500_500,weak_null,True,194,947166935,-1.8318679906315083e-15,0,7
500,500,0.0894323937453152,0.11401783193188336,0.07291802431188898,0.09596705068412348,-0.024585438186568165,-0.023049026372234493,0.030359123420837325,-0.8098204235269083,-0.7592125125857401,0.41804339263527013,0.4477254422303334,0.547,0.413,0.442,True,999,0.00011941604316234589,0.002740332973189652,weak_5x5_bal_strong_500_500,weak_null,True,195,947166935,-1.8318679906315083e-15,0,6
500,500,0.12049265240083451,0.10804574287927221,0.10386281562011845,0.0915146800359139,0.0124469095215623,0.012348135584204556,0.03021842918663825,0.4118979661280996,0.4086293006144925,0.6804142116080503,0.6828117246186033,0.778,0.691,0.696,True,999,0.00011183309834450483,0.002700375043787062,weak_5x5_bal_strong_500_500,weak_null,True,196,947166935,-1.8318679906315083e-15,0,7
500,500,0.11170703268541282,0.11089995583424939,0.09517485091134859,0.10106173138464669,0.0008070768511634352,-0.005886880473298106,0.031783274505761405,0.02539313093800751,-0.18521944528500303,0.979741390060268,0.8530569178343554,0.986,0.978,0.838,True,999,0.00011404207907617092,0.0027705419342964888,weak_5x5_bal_strong_500_500,weak_null,True,197,947166935,-1.8318679906315083e-15,0,10
500,500,0.11590257426763162,0.09121869202537758,0.09930410576419035,0.08019614482137172,0.02468388224225404,0.019107960942818636,0.030225240874365688,0.816664533621258,0.6321855637889814,0.4141201647146088,0.5272656293852898,0.52,0.406,0.52,True,999,0.0001175830839201808,0.0028060420881956816,weak_5x5_bal_strong_500_500,weak_null,True,198,947166935,-1.8318679906315083e-15,0,9
500,500,0.14269316005012045,0.13714071453673643,0.12609475101066892,0.12094625068783671,0.005552445513384019,0.005148500322832206,0.03449050931834864,0.16098473531181426,0.1492729572448862,0.8721054232812858,0.881338253167015,0.894,0.873,0.883,True,999,0.00011741695925593376,0.002782332943752408,weak_5x5_bal_strong_500_500,weak_null,True,199,947166935,-1.8318679906315083e-15,0,6
500,500,0.08339092330497944,0.13992523210869112,0.0668414607057457,0.12517474269321838,-0.056534308803711686,-0.058333281987472674,0.03212121511486425,-1.760030204385081,-1.8160359680938303,0.07840268547535996,0.06936485487675309,0.14,0.094,0.086,True,999,0.00011345802340656519,0.002653667004778981,weak_5x5_bal_strong_500_500,weak_null,True,200,947166935,-1.8318679906315083e-15,0,7
500,500,0.10662934741439378,0.10481375959124567,0.090026565855851,0.08882933523508996,0.0018155878231481126,0.0011972306207610472,0.029355149191768442,0.061849040905478575,0.040784348018124396,0.9506830492173421,0.9674678174488732,0.963,0.945,0.967,True,999,0.00011200003791600466,0.0027387909358367324,weak_5x5_bal_strong_500_500,weak_null,True,201,947166935,-1.8318679906315083e-15,0,7
500,500,0.1311550186115733,0.10390842742081102,0.11452462008981001,0.0898448236926015,0.02724659119076228,0.02467979639720852,0.030127270064888866,0.9043830102122726,0.8191846238989646,0.3657923438954003,0.41268108621651467,0.494,0.354,0.404,True,999,0.00011879205703735352,0.002739791991189122,weak_5x5_bal_strong_500_500,weak_null,True,202,947166935,-1.8318679906315083e-15,0,7
500,500,0.09050444230687393,0.10572092932982935,0.07395393089279878,0.08946480430563497,-0.015216487022955416,-0.01551087341283619,0.02960901500276966,-0.5139139894228852,-0.5238564474834873,0.6073121263279542,0.6003783888779103,0.701,0.622,0.613,True,999,0.00011666608043015003,0.0027082921005785465,weak_5x5_bal_strong_500_500,weak_null,True,203,947166935,-1.8318679906315083e-15,0,6
500,500,0.12123892019354754,0.12039568879788409,0.10468086762728035,0.10837224120729161,0.0008432313956634463,-0.003691373580011259,0.03238957392303982,0.02603403791809767,-0.11396795736746193,0.9792301893126362,0.9092631942213838,0.982,0.979,0.915,True,999,0.00012787501327693462,0.002698124968446791,weak_5x5_bal_strong_500_500,weak_null,True,204,947166935,-1.8318679906315083e-15,0,8
500,500,0.10274594688207883,0.1021125869697157,0.08620352435946188,0.08981909402879751,0.0006333599123631295,-0.0036155696693356276,0.030503187547182172,0.02076372875403437,-0.11853088021516058,0.9834341317581864,0.9056470286810372,0.99,0.986,0.918,True,999,0.00012112502008676529,0.0027275419561192393,weak_5x5_bal_strong_500_500,weak_null,True,205,947166935,-1.8318679906315083e-15,0,8
500,500,0.09433366245673436,0.06307505955308407,0.07775016142363711,0.047297953741548326,0.03125860290365029,0.030452207682088783,0.02646998570692576,1.1809074341687917,1.1504429212487672,0.2376394977384766,0.24996149063424178,0.429,0.238,0.249,True,999,0.0001229170011356473,0.002822374925017357,weak_5x5_bal_strong_500_500,weak_null,True,206,947166935,-1.8318679906315083e-15,0,7
500,500,0.10922145495483604,0.07419418245259918,0.0926867577777557,0.06192518061851615,0.03502727250223686,0.03076157715923955,0.02894935211192557,1.2099501352158937,1.0625998481868422,0.22629802759558726,0.2879634559044555,0.385,0.224,0.275,True,999,0.00012570805847644806,0.0027094580000266433,weak_5x5_bal_strong_500_500,weak_null,True,207,947166935,-1.8318679906315083e-15,0,8
500,500,0.09146658701112398,0.154574056582925,0.07490963910254322,0.13985087950018738,-0.06310746957180102,-0.06494124039764415,0.03216101007977324,-1.9622353096270033,-2.0192537559163015,0.04973509480027069,0.04346085167318224,0.099,0.046,0.041,True,999,0.00012220803182572126,0.0027688329573720694,weak_5x5_bal_strong_500_500,weak_null,True,208,947166935,-1.8318679906315083e-15,0,6
500,500,0.08767576979349734,0.1078613318784043,0.07113323728651721,0.09497445167289698,-0.02018556208490696,-0.02384121438637976,0.02969828387417942,-0.6796878287791199,-0.8027808774199249,0.49670214427399206,0.42210139672855496,0.619,0.5,0.428,True,999,0.00012083293404430151,0.0028288329485803843,weak_5x5_bal_strong_500_500,weak_null,True,209,947166935,-1.8318679906315083e-15,0,8
500,500,0.1670405440107594,0.09695368636405838,0.15032807784064062,0.08507681200836714,0.07008685764670103,0.06525126583227348,0.0343371858945438,2.0411357489210515,1.9003090711240243,0.04123733590979457,0.05739257163216724,0.11,0.054,0.069,True,999,0.00012049998622387648,0.002841999987140298,weak_5x5_bal_strong_500_500,weak_null,True,210,947166935,-1.8318679906315083e-15,0,9
500,500,0.11313780439209475,0.07183444515073267,0.09650533839453601,0.057172788457904744,0.04130335924136208,0.03933254993663127,0.02792342758322221,1.4791650888223766,1.4085860276073066,0.13909619761265268,0.15895761278046228,0.312,0.145,0.164,True,999,0.00012400001287460327,0.0026586250169202685,weak_5x5_bal_strong_500_500,weak_null,True,211,947166935,-1.8318679906315083e-15,0,6
500,500,0.1020255194561035,0.1282402020812894,0.08549531086885054,0.11170107574881172,-0.026214682625185892,-0.02620576487996118,0.03182279175453947,-0.8237706744081122,-0.8234904430163005,0.4100698733936021,0.41022914973006774,0.499,0.406,0.406,True,999,0.00011925003491342068,0.002720208023674786,weak_5x5_bal_strong_500_500,weak_null,True,212,947166935,-1.8318679906315083e-15,0,7
500,500,0.15635934429594633,0.10653031544810515,0.13958302473713502,0.09398376531689223,0.049829028847841184,0.04559925942024279,0.03234745617009306,1.5404311419675332,1.40967064552055,0.12345529526564537,0.158636956294968,0.221,0.13,0.172,True,999,0.0001136659411713481,0.0028884169878438115,weak_5x5_bal_strong_500_500,weak_null,True,213,947166935,-1.8318679906315083e-15,0,9
500,500,0.14856528632681298,0.049254645899468597,0.1318942120635711,0.0334109053748648,0.09931064042734439,0.0984833066887063,0.027834422419315174,3.567907353393819,3.5381839509759567,0.0003598436851860836,0.0004028892743219065,0.018,0.001,0.001,True,999,0.0001206250162795186,0.002704333048313856,weak_5x5_bal_strong_500_500,weak_null,True,214,947166935,-1.8318679906315083e-15,0,7
500,500,0.17053067763186647,0.12667891911459994,0.1538029385118307,0.11464779128272085,0.043851758517266526,0.03915514722910984,0.03506491452538777,1.2505879198854708,1.1166474454332593,0.21108486018379413,0.26414509683871823,0.299,0.212,0.265,True,999,0.00011683302000164986,0.0028077500173822045,weak_5x5_bal_strong_500_500,weak_null,True,215,947166935,-1.8318679906315083e-15,0,8
500,500,0.08987949218050151,0.1034790903955935,0.07335526026758998,0.08473006346960688,-0.01359959821509199,-0.011374803202016892,0.02997750378804771,-0.45366012831643,-0.37944464230381064,0.6500734687962207,0.7043577049596783,0.705,0.626,0.673,True,999,0.00012833403889089823,0.002730000065639615,weak_5x5_bal_strong_500_500,weak_null,True,216,947166935,-1.8318679906315083e-15,0,6
500,500,0.1327056249102938,0.07992398293462005,0.11613058469788484,0.06135198444326306,0.052781641975673754,0.05477860025462178,0.030293984269282925,1.7423142993175893,1.8082336006942945,0.08145346265686175,0.07057015114484337,0.209,0.083,0.074,True,999,0.00011804094538092613,0.002752583008259535,weak_5x5_bal_strong_500_500,weak_null,True,217,947166935,-1.8318679906315083e-15,0,5
500,500,0.13359979294706426,0.11244466078505244,0.11699357669181154,0.10187674351504938,0.021155132162011814,0.015116833176762157,0.032857093439086466,0.6438528167815928,0.460078223437114,0.5196708805268065,0.645460074246685,0.617,0.532,0.662,True,999,0.00011849997099488974,0.002862374996766448,weak_5x5_bal_strong_500_500,weak_null,True,218,947166935,-1.8318679906315083e-15,0,10
500,500,0.1195332695153224,0.14634685967395772,0.10291713664958024,0.12981158056129516,-0.026813590158635325,-0.026894443911714916,0.03303550475125948,-0.8116597691038172,-0.8141072495854499,0.41698688509952553,0.4155835131398179,0.472,0.399,0.395,True,999,0.00011629099026322365,0.0026649999199435115,weak_5x5_bal_strong_500_500,weak_null,True,219,947166935,-1.8318679906315083e-15,0,5
500,500,0.11483172229063898,0.07353720412334064,0.09827041576204465,0.05846701793240072,0.041294518167298344,0.03980339782964393,0.028961079950121104,1.4258625105976295,1.374375468670238,0.15390803270155473,0.16932514788015185,0.296,0.17,0.181,True,999,0.00011424999684095383,0.002705958904698491,weak_5x5_bal_strong_500_500,weak_null,True,220,947166935,-1.8318679906315083e-15,0,7
500,500,0.08381365540944907,0.10837947094924583,0.0673018062735764,0.09659873829949106,-0.024565815539796754,-0.029296932025914657,0.029181159267349502,-0.8418382324955538,-1.0039673803739075,0.39987850822515014,0.31539433669099814,0.529,0.401,0.308,True,999,0.0001313330139964819,0.0027554999105632305,weak_5x5_bal_strong_500_500,weak_null,True,221,947166935,-1.8318679906315083e-15,0,9
500,500,0.10174744757472931,0.13004667295073669,0.08522038228363726,0.11930970700754528,-0.028299225376007375,-0.03408932472390802,0.032159272882187014,-0.8799709334125613,-1.060015406716178,0.37887505593744686,0.2891375902649198,0.493,0.381,0.284,True,999,0.0001181670231744647,0.0027083749882876873,weak_5x5_bal_strong_500_500,weak_null,True,222,947166935,-1.8318679906315083e-15,0,9
500,500,0.10613659343323412,0.13695643504636534,0.08955706043263945,0.11975093770547574,-0.030819841613131227,-0.03019387727283629,0.034032185232561483,-0.9056086584661412,-0.8872153541273994,0.36514302427568135,0.3749629674865812,0.47,0.363,0.375,True,999,0.00011983304284512997,0.0026598330587148666,weak_5x5_bal_strong_500_500,weak_null,True,223,947166935,-1.8318679906315083e-15,0,6
500,500,0.11088047859596828,0.1359786235600463,0.09433035306096826,0.11588750108424506,-0.02509814496407803,-0.021557148023276795,0.03278452969932893,-0.7655484215956823,-0.6575402551441222,0.44394504439252636,0.5108335959063475,0.561,0.469,0.532,True,999,0.00012383295688778162,0.0027450829511508346,weak_5x5_bal_strong_500_500,weak_null,True,224,947166935,-1.8318679906315083e-15,0,4
500,500,0.13271567304035314,0.11404996976668574,0.11611492123472544,0.10009300879545435,0.0186657032736674,0.01602191243927109,0.03179482912881968,0.5870672617249044,0.5039156642219034,0.5571585338876273,0.6143206425269563,0.649,0.562,0.624,True,999,0.00011833407916128635,0.0027692499570548534,weak_5x5_bal_strong_500_500,weak_null,True,225,947166935,-1.8318679906315083e-15,0,7
500,500,0.11804456278740649,0.08061314176877976,0.10147289844928764,0.06533024322084202,0.03743142101862673,0.03614265522844562,0.030094943871917506,1.243777731499779,1.2009543989271705,0.2135813782892808,0.2297688907491433,0.333,0.21,0.218,True,999,0.0001224579755216837,0.002774624968878925,weak_5x5_bal_strong_500_500,weak_null,True,226,947166935,-1.8318679906315083e-15,0,7
500,500,0.1254623090071596,0.11825315320987728,0.10886685405864682,0.097094604917487,0.007209155797282318,0.011772249141159818,0.03253320017729169,0.2215938105687598,0.3618534013563442,0.8246301011695376,0.7174615837988685,0.859,0.82,0.714,True,999,0.00012120790779590607,0.0028110829880461097,weak_5x5_bal_strong_500_500,weak_null,True,227,947166935,-1.8318679906315083e-15,0,4
500,500,0.10968833720584747,0.0887347488538659,0.09305372091660047,0.07514345613358842,0.020953588351981578,0.017910264783012053,0.02938319155111989,0.7131147858981632,0.6095411640989501,0.4757747307204473,0.5421657964675257,0.612,0.472,0.545,True,999,0.00011845806147903204,0.002691625035367906,weak_5x5_bal_strong_500_500,weak_null,True,228,947166935,-1.8318679906315083e-15,0,8
500,500,0.08297635284594529,0.14209819031939191,0.06646604199897865,0.1286503979598308,-0.059121837473446626,-0.062184355960852145,0.03177203748274602,-1.8608135378649564,-1.9572039090858337,0.06277051303647779,0.05032349941514231,0.133,0.054,0.047,True,999,0.000125208985991776,0.0027673339936882257,weak_5x5_bal_strong_500_500,weak_null,True,229,947166935,-1.8318679906315083e-15,0,7
500,500,0.13136443326116543,0.10705966859035715,0.11477179612359123,0.0923401036881728,0.024304764670808277,0.022431692435418427,0.03285829341895167,0.7396843275125793,0.6826797773520552,0.4594915599998932,0.4948092109817491,0.581,0.482,0.52,True,999,0.00011970894411206245,0.00276962504722178,weak_5x5_bal_strong_500_500,weak_null,True,230,947166935,-1.8318679906315083e-15,0,8
500,500,0.10467899270542969,0.15469374432124028,0.08811223783902733,0.1374298482227232,-0.05001475161581059,-0.049317610383695865,0.03286906669573778,-1.52163589184892,-1.5004262469701035,0.1281003390580224,0.13350402486547508,0.244,0.14,0.142,True,999,0.00011387502308934927,0.0026136249070987105,weak_5x5_bal_strong_500_500,weak_null,True,231,947166935,-1.8318679906315083e-15,0,7
500,500,0.1324685585484353,0.09101641822906026,0.1159031070723131,0.07595614710388077,0.04145214031937505,0.03994695996843234,0.031280139053041923,1.3251904107294536,1.277071048203911,0.1851080050632623,0.20157716508827384,0.312,0.187,0.207,True,999,0.0001176660880446434,0.002684667007997632,weak_5x5_bal_strong_500_500,weak_null,True,232,947166935,-1.8318679906315083e-15,0,7
500,500,0.11893982157426697,0.15727098755782448,0.10236082925257506,0.1462394866993577,-0.038331165983557514,-0.043878657446782654,0.034208626167506355,-1.1205117035646122,-1.282678153513851,0.26249576808416697,0.19960485678354878,0.357,0.271,0.198,True,999,0.00013866706285625696,0.0027063750894740224,weak_5x5_bal_strong_500_500,weak_null,True,233,947166935,-1.8318679906315083e-15,0,9
500,500,0.11012789979510407,0.09735825719047803,0.09338042707565819,0.08272630831109495,0.012769642604626041,0.010654118764563236,0.029907328476872483,0.42697369691515186,0.3562377285822146,0.669398485992655,0.7216625394786287,0.736,0.669,0.721,True,999,0.00011870905291289091,0.0026877920608967543,weak_5x5_bal_strong_500_500,weak_null,True,234,947166935,-1.8318679906315083e-15,0,8
500,500,0.138479179659593,0.11159300944971262,0.1218686335964776,0.09630819213646191,0.026886170209880378,0.02556044146001568,0.03213286122717189,0.8367188349584364,0.795461110024074,0.4027506294501386,0.4263453245362727,0.509,0.398,0.408,True,999,0.0001250840723514557,0.002806499949656427,weak_5x5_bal_strong_500_500,weak_null,True,235,947166935,-1.8318679906315083e-15,0,7
500,500,0.08428394348023427,0.09165114790002704,0.067721043447591,0.07847015587623218,-0.007367204419792772,-0.010749112428641183,0.028503398846877276,-0.2584675764237813,-0.3771168654793186,0.7960460692250598,0.7060867581139528,0.854,0.793,0.695,True,999,0.00011941592674702406,0.002754917019046843,weak_5x5_bal_strong_500_500,weak_null,True,236,947166935,-1.8318679906315083e-15,0,8
500,500,0.12132848839904442,0.13089092286435083,0.10474748143235502,0.11665578391367148,-0.009562434465306413,-0.011908302481316468,0.03325346706253377,-0.28756202916598367,-0.35810709478571606,0.7736820139730217,0.7202631698089379,0.81,0.768,0.721,True,999,0.00011795805767178535,0.002727875020354986,weak_5x5_bal_strong_500_500,weak_null,True,237,947166935,-1.8318679906315083e-15,0,7
500,500,0.10555273766162276,0.11495899730153297,0.08891429848324606,0.10049461666605453,-0.009406259639910208,-0.011580318182808469,0.03110380258446519,-0.3024151022810365,-0.3723119754043277,0.7623356434430305,0.70966058342194,0.814,0.766,0.719,True,999,0.00011795805767178535,0.002824416966177523,weak_5x5_bal_strong_500_500,weak_null,True,238,947166935,-1.8318679906315083e-15,0,7
500,500,0.12567278869616616,0.11973676427568802,0.109112179269232,0.10580903903115768,0.0059360244204781365,0.0033031402380743202,0.03187512670219152,0.18622747686427285,0.10362751712127999,0.8522663774193165,0.9174649497176046,0.884,0.848,0.908,True,999,0.00011700007598847151,0.0027304580435156822,weak_5x5_bal_strong_500_500,weak_null,True,239,947166935,-1.8318679906315083e-15,0,8
500,500,0.1099819380316891,0.1399254943672924,0.0934501974070372,0.12754359508488733,-0.029943556335603305,-0.034093397677850135,0.03285345482318426,-0.9114279303883901,-1.0377416275195162,0.36206994275759885,0.29939035922216495,0.455,0.362,0.31,True,999,0.000116499955765903,0.002656541997566819,weak_5x5_bal_strong_500_500,weak_null,True,240,947166935,-1.8318679906315083e-15,0,8
500,500,0.128551527844738,0.07834008367764622,0.11192221435919691,0.059337800136006535,0.05021144416709178,0.05258441422319038,0.029351560941136726,1.710690762504544,1.7915372313127103,0.08713821386371805,0.07320712554272171,0.194,0.084,0.074,True,999,0.00012216705363243818,0.0028044579084962606,weak_5x5_bal_strong_500_500,weak_null,True,241,947166935,-1.8318679906315083e-15,0,5
500,500,0.13872481797345104,0.12089667556091355,0.12123089892554617,0.11185692831651295,0.017828142412537495,0.009373970609033222,0.032489725360302875,0.5487317056339469,0.2885210787434565,0.5831895843394721,0.7729478977086424,0.658,0.596,0.79,True,999,0.0001223749713972211,0.002665541018359363,weak_5x5_bal_strong_500_500,weak_null,True,242,947166935,-1.8318679906315083e-15,0,10
500,500,0.0912338410954816,0.07214185562184089,0.07472961743144424,0.057459008480776674,0.019091985473640716,0.017270608950667565,0.027387555343118417,0.6971044050646856,0.630600604336418,0.4857374576287773,0.5283017036197288,0.634,0.499,0.549,True,999,0.0001153330085799098,0.00260720809455961,weak_5x5_bal_strong_500_500,weak_null,True,243,947166935,-1.8318679906315083e-15,0,8
500,500,0.1156347125004924,0.11335601411808144,0.09906387467788136,0.1007500576335758,0.0022786983824109597,-0.0016861829556944485,0.03271785258136174,0.06964694204010985,-0.0515370913021049,0.9444746732818612,0.9588975465240578,0.959,0.948,0.963,True,999,0.00011150003410875797,0.002792749903164804,weak_5x5_bal_strong_500_500,weak_null,True,244,947166935,-1.8318679906315083e-15,0,9
500,500,0.14494863806974556,0.13461515191920942,0.12835389083670634,0.12164689847523391,0.010333486150536142,0.00670699236147243,0.03365041104188615,0.30708350449786764,0.199313831653466,0.7587798130160444,0.8420172601415535,0.809,0.766,0.841,True,999,0.00011058303061872721,0.002763165975920856,weak_5x5_bal_strong_500_500,weak_null,True,245,947166935,-1.8318679906315083e-15,0,8
500,500,0.12552824564821363,0.138512464316983,0.10891405043798841,0.1254868340980977,-0.012984218668769365,-0.01657278366010928,0.03461628439376483,-0.37508990049515867,-0.4787568611232698,0.7075936078675111,0.6321116092035948,0.746,0.695,0.633,True,999,0.00010904192458838224,0.002735750051215291,weak_5x5_bal_strong_500_500,weak_null,True,246,947166935,-1.8318679906315083e-15,0,8
500,500,0.09686898693325263,0.11164052709779515,0.08033312736290554,0.09794885891298577,-0.014771540164542518,-0.017615731550080227,0.030981851946935,-0.47678041292828044,-0.5685822648772593,0.6335184948209476,0.5696396633041012,0.731,0.644,0.579,True,999,0.00011675001587718725,0.0028318329714238644,weak_5x5_bal_strong_500_500,weak_null,True,247,947166935,-1.8318679906315083e-15,0,8
500,500,0.0986718497172574,0.08810045360372054,0.0819706132384681,0.07497514738025757,0.010571396113536857,0.006995465858210537,0.027908823274474855,0.37878329765359026,0.25065427479375396,0.7048487913410981,0.8020814156440338,0.792,0.709,0.818,True,999,0.0001222500577569008,0.002677332959137857,weak_5x5_bal_strong_500_500,weak_null,True,248,947166935,-1.8318679906315083e-15,0,8
500,500,0.1210601477041926,0.09703955833431577,0.10446917582942206,0.08235684911161911,0.024020589369876832,0.022112326717802944,0.030569665232460658,0.7857655354488595,0.723342128533445,0.43200486114611514,0.4694697162581225,0.575,0.451,0.487,True,999,0.00011124997399747372,0.0027032499201595783,weak_5x5_bal_strong_500_500,weak_null,True,249,947166935,-1.8318679906315083e-15,0,6
500,500,0.11158045274776818,0.126794669440223,0.09494488537404777,0.11142802766957516,-0.015214216692454818,-0.016483142295527387,0.031522894281996214,-0.482640221940032,-0.5228943176369901,0.6293512147461614,0.6010477991547276,0.696,0.613,0.585,True,999,0.000112291076220572,0.0028369169449433684,weak_5x5_bal_strong_500_500,weak_null,True,250,947166935,-1.8318679906315083e-15,0,8
500,500,0.07422037768370315,0.15200466570895682,0.05771408954160506,0.13819337801254505,-0.07778428802525367,-0.08047928847093999,0.030832705986481055,-2.5227849952371697,-2.6101921935177224,0.01164295631374945,0.009049136678182072,0.049,0.008,0.006,True,999,0.0001177079975605011,0.002640041057020426,weak_5x5_bal_strong_500_500,weak_null,True,251,947166935,-1.8318679906315083e-15,0,8
500,500,0.09655465528668694,0.13992156774244185,0.08000885264834778,0.13251588901800915,-0.043366912455754913,-0.052507036369661364,0.031423002885122286,-1.3801008329566,-1.6709744947552942,0.16755560086817112,0.09472671573229706,0.286,0.169,0.102,True,999,0.00011149991769343615,0.0027423750143498182,weak_5x5_bal_strong_500_500,weak_null,True,252,947166935,-1.8318679906315083e-15,0,12
500,500,0.10450625184565543,0.12046806381382458,0.08790655367226918,0.10206495286590211,-0.01596181196816915,-0.014158399193632931,0.030483055113483353,-0.5236290099120962,-0.4644678540560833,0.6005366001353152,0.642312585483157,0.693,0.592,0.639,True,999,0.00011766701936721802,0.0027778339572250843,weak_5x5_bal_strong_500_500,weak_null,True,253,947166935,-1.8318679906315083e-15,0,4
500,500,0.14689825503415777,0.07008936359845697,0.13029467472836131,0.051920946526678335,0.0768088914357008,0.07837372820168298,0.03049918282641197,2.5183917835721523,2.569699281707055,0.011789210463952775,0.010178682946116954,0.074,0.013,0.01,True,999,0.000111832981929183,0.0026808329857885838,weak_5x5_bal_strong_500_500,weak_null,True,254,947166935,-1.8318679906315083e-15,0,6
500,500,0.11838343352467051,0.10233745806293587,0.10185101131753527,0.08392650287072456,0.01604597546173464,0.017924508446810705,0.03122621748780872,0.5138622847291472,0.5740211235577526,0.6073482777651376,0.5659535070792143,0.7,0.613,0.576,True,999,0.00011625001206994057,0.0027198330499231815,weak_5x5_bal_strong_500_500,weak_null,True,255,947166935,-1.8318679906315083e-15,0,5
500,500,0.1253448802637096,0.11819649686454453,0.10876720466023926,0.09847767545949182,0.00714838339916507,0.010289529200747438,0.03274763763130829,0.21828699461150983,0.31420676253331203,0.8272055069423998,0.7533640068399027,0.876,0.847,0.77,True,999,0.00011962500866502523,0.002747541991993785,weak_5x5_bal_strong_500_500,weak_null,True,256,947166935,-1.8318679906315083e-15,0,4
500,500,0.14802850754289087,0.18356700170131257,0.13136573148642583,0.16421989332752673,-0.035538494158421696,-0.032854161841100904,0.03626831248084213,-0.979877246210285,-0.9058640888917932,0.32714671590065414,0.36500779393882377,0.393,0.333,0.363,True,999,0.00011304102372378111,0.0026562080020084977,weak_5x5_bal_strong_500_500,weak_null,True,257,947166935,-1.8318679906315083e-15,0,4
500,500,0.12613491162295243,0.10302568333963746,0.10948136733816227,0.08088758962469456,0.023109228283314964,0.028593777713467716,0.03195671807264313,0.7231414762549678,0.8947657781524727,0.46959296970096176,0.37091230766331185,0.573,0.477,0.381,True,999,0.00011975003872066736,0.0027209999971091747,weak_5x5_bal_strong_500_500,weak_null,True,258,947166935,-1.8318679906315083e-15,0,4
500,500,0.12106028478830266,0.12772703196572666,0.10447916973782867,0.11560155536665206,-0.006666747177423993,-0.011122385628823395,0.032571557963765416,-0.2046800212885269,-0.341475395226615,0.8378221306445068,0.7327457247004041,0.875,0.847,0.746,True,999,0.0001179591054096818,0.002736082999035716,weak_5x5_bal_strong_500_500,weak_null,True,259,947166935,-1.8318679906315083e-15,0,8
500,500,0.13970726624684016,0.09220758204772145,0.1229750601177102,0.07486605847179817,0.04749968419911871,0.04810900164591203,0.030994499900501116,1.5325197809805842,1.5521786704206255,0.12539422008034717,0.1206194782383788,0.262,0.136,0.131,True,999,0.00011687504593282938,0.002693625050596893,weak_5x5_bal_strong_500_500,weak_null,True,260,947166935,-1.8318679906315083e-15,0,6
500,500,0.0879768739334379,0.1163620865606303,0.07144074033783454,0.09693336168734845,-0.028385212627192402,-0.02549262134951391,0.030851017137498823,-0.9200738018031411,-0.826313804692297,0.3575341937377099,0.4086261045740496,0.468,0.362,0.414,True,999,0.0001224579755216837,0.002722500008530915,weak_5x5_bal_strong_500_500,weak_null,True,261,947166935,-1.8318679906315083e-15,0,4
500,500,0.11061127330748843,0.09123034309513933,0.09406734852370846,0.07266394972074863,0.0193809302123491,0.021403398802959828,0.029627492686055378,0.654153573429824,0.7224168116336641,0.5130128690136848,0.4700382539089615,0.64,0.525,0.479,True,999,0.00011970801278948784,0.0027781249955296516,weak_5x5_bal_strong_500_500,weak_null,True,262,947166935,-1.8318679906315083e-15,0,5
500,500,0.09476829766819361,0.10429134634029569,0.07821902831756233,0.08143140420352779,-0.009523048672102075,-0.003212375885965457,0.03076086970170563,-0.3095832063413357,-0.10443059370936242,0.7568779286907474,0.9168276451397955,0.801,0.73,0.908,True,999,0.0001235420349985361,0.002761124982498586,weak_5x5_bal_strong_500_500,weak_null,True,263,947166935,-1.8318679906315083e-15,0,4
500,500,0.12215513794634214,0.10125479277233312,0.10552885036418047,0.08978262437548779,0.020900345174009016,0.015746225988692686,0.03093061545532741,0.6757170805150984,0.509082207285358,0.4992202893263781,0.6106946028802536,0.598,0.495,0.614,True,999,0.00011829100549221039,0.0027838749811053276,weak_5x5_bal_strong_500_500,weak_null,True,264,947166935,-1.8318679906315083e-15,0,8
500,500,0.1186055258488119,0.14008676777770945,0.10196295948139777,0.12395983823370216,-0.021481241928897554,-0.021996878752304383,0.03218372860479718,-0.6674565956194288,-0.6834782576753899,0.5044805255538201,0.4943046844208281,0.59,0.5,0.484,True,999,0.00012508302461355925,0.00272583297919482,weak_5x5_bal_strong_500_500,weak_null,True,265,947166935,-1.8318679906315083e-15,0,6
500,500,0.14074742802263307,0.10687531515189319,0.12409555224996893,0.0939828059306933,0.03387211287073988,0.03011274631927563,0.032283250458081544,1.04921630846068,0.9327668649219748,0.2940785743795842,0.35094035286729985,0.4,0.291,0.351,True,999,0.00011912500485777855,0.0027110830415040255,weak_5x5_bal_strong_500_500,weak_null,True,266,947166935,-1.8318679906315083e-15,0,7
500,500,0.0964672951146055,0.10403464507931054,0.07990405445639226,0.08586978709354298,-0.007567349964705039,-0.0059657326371507224,0.029383508999608655,-0.25753731335511443,-0.20302995932957418,0.796764014536757,0.8391116156887604,0.849,0.808,0.84,True,999,0.00011916609946638346,0.002799042034894228,weak_5x5_bal_strong_500_500,weak_null,True,267,947166935,-1.8318679906315083e-15,0,5
500,500,0.1170963379476615,0.12415993789142327,0.10054631445041196,0.10221315950838061,-0.007063599943761767,-0.0016668450579686578,0.032904835549855425,-0.21466753520343312,-0.05065653816877931,0.8300265356373394,0.9595992096726145,0.86,0.822,0.962,True,999,0.00011699995957314968,0.0026955829234793782,weak_5x5_bal_strong_500_500,weak_null,True,268,947166935,-1.8318679906315083e-15,0,4
500,500,0.1138744753370462,0.11143217908644265,0.09716940908242577,0.093413284758185,0.0024422962506035484,0.0037561243242407727,0.03043539546538549,0.08024526092920983,0.12341302837719503,0.9360421931856973,0.9017800407870264,0.944,0.934,0.9,True,999,0.00011979194823652506,0.0026240410516038537,weak_5x5_bal_strong_500_500,weak_null,True,269,947166935,-1.8318679906315083e-15,0,5
500,500,0.0989014579459968,0.07184636857553739,0.08235316873390275,0.05722774146286724,0.027055089370459418,0.025125427271035505,0.02844024134946758,0.9512960539965989,0.8834463449975564,0.34145410954315647,0.3769951600677738,0.49,0.336,0.378,True,999,0.0001112909521907568,0.0027151249814778566,weak_5x5_bal_strong_500_500,weak_null,True,270,947166935,-1.8318679906315083e-15,0,8
500,500,0.10117488447170442,0.12805213407584515,0.08456401135310898,0.11633683276861007,-0.02687724960414073,-0.031772821415501085,0.03165268399135258,-0.8491301910284612,-1.003795489323475,0.39580885249147113,0.315477199018692,0.512,0.394,0.303,True,999,0.00010962504893541336,0.0027589170495048165,weak_5x5_bal_strong_500_500,weak_null,True,271,947166935,-1.8318679906315083e-15,0,9
500,500,0.11504944127249694,0.12997292898983015,0.09841788008009189,0.11571315468370358,-0.014923487717333206,-0.017295274603611688,0.03213342170186401,-0.46442261442912314,-0.5382332066618482,0.6423449909573435,0.5904160575171636,0.693,0.631,0.58,True,999,0.0001325419871136546,0.0027420830447226763,weak_5x5_bal_strong_500_500,weak_null,True,272,947166935,-1.8318679906315083e-15,0,7
500,500,0.1132548961841966,0.08444689639483177,0.09665944038567886,0.06895676389603977,0.028807999789364824,0.02770267648963909,0.02934749568072259,0.9816169700737994,0.9439536780590131,0.3262885839485742,0.3451933199288897,0.485,0.336,0.346,True,999,0.00011724990326911211,0.002794375061057508,weak_5x5_bal_strong_500_500,weak_null,True,273,947166935,-1.8318679906315083e-15,0,8
500,500,0.09953852345919789,0.13453738631878098,0.08300720111969895,0.1155008414787062,-0.03499886285958309,-0.03249364035900726,0.03238584625859897,-1.0806839067943244,-1.0033284324129608,0.2798377441651255,0.3157024221165695,0.399,0.295,0.329,True,999,0.00014224997721612453,0.00265933305490762,weak_5x5_bal_strong_500_500,weak_null,True,274,947166935,-1.8318679906315083e-15,0,5
500,500,0.10954426817176333,0.11766592970635709,0.09297960486480861,0.10872703898169789,-0.00812166153459376,-0.01574743411688928,0.03064527155782809,-0.2650216859481262,-0.5138617906248157,0.7909927559846816,0.6073486232428879,0.84,0.794,0.615,True,999,0.00011154194362461567,0.0027511250227689743,weak_5x5_bal_strong_500_500,weak_null,True,275,947166935,-1.8318679906315083e-15,0,10
500,500,0.08927165409215587,0.13535787209863404,0.07272334318486173,0.117285997041364,-0.04608621800647816,-0.044562653856502266,0.03206878602420318,-1.4371051642458696,-1.389595908709161,0.150688114066624,0.1646516188281809,0.267,0.153,0.166,True,999,0.00011224998161196709,0.0027834170032292604,weak_5x5_bal_strong_500_500,weak_null,True,276,947166935,-1.8318679906315083e-15,0,5
500,500,0.11500892604969204,0.12314652350684407,0.09841766988665768,0.10843134823164746,-0.008137597457152035,-0.010013678344989785,0.03284505907090831,-0.24775712656153231,-0.3048762470900578,0.8043223288492571,0.7604604071366005,0.865,0.827,0.784,True,999,0.00013033300638198853,0.002651458024047315,weak_5x5_bal_strong_500_500,weak_null,True,277,947166935,-1.8318679906315083e-15,0,8
500,500,0.13528289209122413,0.14580706826297607,0.11856460619105746,0.12853476190329616,-0.010524176171751942,-0.009970155712238693,0.03375503709531721,-0.3117809096767945,-0.2953679382453364,0.7552070332553305,0.7677128228557045,0.823,0.777,0.79,True,999,0.0001165829598903656,0.0026872080052271485,weak_5x5_bal_strong_500_500,weak_null,True,278,947166935,-1.8318679906315083e-15,0,6
500,500,0.11098103542491788,0.09976988092616018,0.0944502215988905,0.08365050185506107,0.011211154498757703,0.010799719743829428,0.030737892811574644,0.3647339968124307,0.35134873460690486,0.7153099784880835,0.725326737542292,0.796,0.721,0.733,True,999,0.00011379201896488667,0.00275691703427583,weak_5x5_bal_strong_500_500,weak_null,True,279,947166935,-1.8318679906315083e-15,0,6
500,500,0.1248894544164263,0.14474785603686247,0.10833485815624044,0.12853792223518212,-0.019858401620436172,-0.02020306407894168,0.03401646580670058,-0.5837879141613959,-0.59392013837493,0.5593630104885394,0.5525655289470306,0.622,0.564,0.558,True,999,0.00011925003491342068,0.0027442920254543424,weak_5x5_bal_strong_500_500,weak_null,True,280,947166935,-1.8318679906315083e-15,0,6
500,500,0.1680659605155399,0.11866268740221686,0.15253229541701785,0.10657965210131692,0.04940327311332304,0.045952643315700925,0.03298991851150869,1.497526376007521,1.392929882493348,0.13425634775967862,0.1636409950125174,0.258,0.169,0.207,True,999,0.00012416602112352848,0.0026602079160511494,weak_5x5_bal_strong_500_500,weak_null,True,281,947166935,-1.8318679906315083e-15,1,8
500,500,0.1278346709554128,0.09592069708443218,0.11033451799391969,0.07983024717617582,0.031913973870980605,0.030504270817743873,0.03029438452312564,1.0534617016767127,1.0069282244192157,0.2921294381397276,0.31396926747124787,0.411,0.29,0.312,True,999,0.00011725001968443394,0.0027461251011118293,weak_5x5_bal_strong_500_500,weak_null,True,282,947166935,-1.8318679906315083e-15,0,6
500,500,0.12862356762266858,0.07890852880036353,0.11115454441267048,0.05688427749205971,0.04971503882230505,0.054270266920610766,0.028985583361739783,1.715164335382244,1.8723192920880147,0.08631510165207637,0.061162443303875186,0.187,0.091,0.067,True,999,0.00011333299335092306,0.002692374982871115,weak_5x5_bal_strong_500_500,weak_null,True,283,947166935,-1.8318679906315083e-15,0,4
500,500,0.12941285074783093,0.1219289745678151,0.11275475410411673,0.10471539392969476,0.007483876180015836,0.008039360174421972,0.03279576723754466,0.22819640491435977,0.24513407831540213,0.8194935561795319,0.8063526170520824,0.862,0.836,0.817,True,999,0.00011662498582154512,0.002722791046835482,weak_5x5_bal_strong_500_500,weak_null,True,284,947166935,-1.8318679906315083e-15,0,5
500,500,0.17096957521333023,0.10397684119035044,0.1543151310788744,0.08998251607414431,0.06699273402297978,0.06433261500473009,0.032731897688654726,2.0467109686158,1.9654410390946735,0.040686471655039406,0.04936321353293396,0.104,0.047,0.05,True,999,0.0001230830093845725,0.0027540409937500954,weak_5x5_bal_strong_500_500,weak_null,True,285,947166935,-1.8318679906315083e-15,0,7
500,500,0.14146784973908044,0.10759711797538751,0.12482419315199422,0.09779769510817005,0.03387073176369293,0.027026498043824176,0.03208632728120035,1.0556126124019833,0.8423057524461277,0.2911452363117564,0.3996168319765504,0.407,0.3,0.409,True,999,0.00011049991007894278,0.0027514169923961163,weak_5x5_bal_strong_500_500,weak_null,True,286,947166935,-1.8318679906315083e-15,0,10
500,500,0.14799191966525016,0.1120927042367969,0.13132157189158988,0.09707682829917985,0.03589921542845326,0.03424474359241003,0.03241224301314953,1.1075819533343951,1.056537296061771,0.2680424008473168,0.2907228107751326,0.374,0.273,0.287,True,999,0.00011420808732509613,0.002744500059634447,weak_5x5_bal_strong_500_500,weak_null,True,287,947166935,-1.8318679906315083e-15,0,7
500,500,0.10703599779334483,0.14632590975067405,0.09041693594406297,0.13571652901109132,-0.03928991195732923,-0.045299593067028354,0.03311970894574604,-1.1863000372886943,-1.367753356203534,0.2355038319272149,0.17138929240353884,0.33,0.244,0.172,True,999,0.00015012500807642937,0.002667624969035387,weak_5x5_bal_strong_500_500,weak_null,True,288,947166935,-1.8318679906315083e-15,0,10
500,500,0.11097226260023585,0.1118870756990728,0.09441469586079165,0.09055660652629172,-0.0009148130988369529,0.0038580893344999367,0.03034961169419219,-0.03014249763900653,0.12712153860071412,0.9759534079009478,0.8988442044193516,0.98,0.976,0.908,True,999,0.00011170899961143732,0.0026912089670076966,weak_5x5_bal_strong_500_500,weak_null,True,289,947166935,-1.8318679906315083e-15,0,4
500,500,0.10868004538915943,0.0884916434558613,0.09214153200014152,0.07915910850630326,0.020188401933298128,0.012982423493838269,0.029590234432185628,0.6822656974741295,0.4387401364998022,0.49507095919457744,0.6608498410797807,0.613,0.492,0.659,True,999,0.0001139170490205288,0.0027657500468194485,weak_5x5_bal_strong_500_500,weak_null,True,290,947166935,-1.8318679906315083e-15,0,9
500,500,0.1193778472737852,0.0952440578859074,0.1026252139929511,0.07894332612093535,0.024133789387877802,0.02368188787201575,0.030005421905572656,0.804314282392931,0.7892536204470937,0.42121549124226443,0.42996378812231073,0.551,0.427,0.425,True,999,0.00011729192920029163,0.0027724159881472588,weak_5x5_bal_strong_500_500,weak_null,True,291,947166935,-1.8318679906315083e-15,0,6
500,500,0.1362360165216483,0.10006567234230374,0.11961943922381124,0.08812054924214863,0.03617034417934456,0.031498889981662614,0.03323933688268475,1.0881788739349565,0.9476389403565755,0.2765161491744368,0.34331329514189923,0.39,0.28,0.344,True,999,0.00011245894711464643,0.0026727920630946755,weak_5x5_bal_strong_500_500,weak_null,True,292,947166935,-1.8318679906315083e-15,0,9
500,500,0.11010321629889441,0.13223970056736056,0.09356590622883232,0.11524814368419811,-0.02213648426846615,-0.021682237455365794,0.031578484757850966,-0.7009989376695039,-0.6866142445284746,0.4833036781796295,0.49232584967939563,0.552,0.477,0.486,True,999,0.00010987499263137579,0.002747749909758568,weak_5x5_bal_strong_500_500,weak_null,True,293,947166935,-1.8318679906315083e-15,0,5
500,500,0.11756514101318416,0.08983837559778995,0.10086680002439152,0.0741045827044502,0.027726765415394206,0.026762217319941328,0.029666456848780776,0.9346166802704554,0.9021035931711271,0.3499858796652172,0.3670018403297518,0.51,0.359,0.379,True,999,0.00011187500786036253,0.0027375000063329935,weak_5x5_bal_strong_500_500,weak_null,True,294,947166935,-1.8318679906315083e-15,0,7
500,500,0.1148891440988542,0.13068225465815653,0.09741873579343974,0.11420553597253047,-0.015793110559302326,-0.016786800179090733,0.031548975967581404,-0.5005902751179867,-0.5320870064480142,0.6166595079996118,0.594665736275419,0.645,0.575,0.559,True,999,0.00012066599447280169,0.0026805000379681587,weak_5x5_bal_strong_500_500,weak_null,True,295,947166935,-1.8318679906315083e-15,0,5
500,500,0.10655950344576759,0.10896714149528142,0.0899498165301793,0.09351575988242189,-0.002407638049513827,-0.0035659433522425843,0.030764632717299945,-0.07825993151414853,-0.1159104802261247,0.9376212896883175,0.907723489665733,0.95,0.938,0.913,True,999,0.0001222500577569008,0.0027467500185593963,weak_5x5_bal_strong_500_500,weak_null,True,296,947166935,-1.8318679906315083e-15,0,6
500,500,0.15093683747796538,0.19519038709053593,0.13413611396163105,0.17483610091142054,-0.04425354961257055,-0.04069998694978949,0.036047966377725386,-1.2276295741308594,-1.129050846400552,0.21958605466909853,0.2588763848759009,0.292,0.233,0.262,True,999,0.00014225009363144636,0.002752459025941789,weak_5x5_bal_strong_500_500,weak_null,True,297,947166935,-1.8318679906315083e-15,0,4
500,500,0.1159050210659962,0.12183798734911622,0.09924053203440053,0.10928286209124849,-0.005932966283120011,-0.010042330056847959,0.032120221187321336,-0.18471125240762362,-0.3126482223855893,0.853455519904867,0.754547937226886,0.885,0.856,0.739,True,999,0.00011625001206994057,0.0027171249967068434,weak_5x5_bal_strong_500_500,weak_null,True,298,947166935,-1.8318679906315083e-15,0,7
500,500,0.12460115466199384,0.13009143041647803,0.10805869868511309,0.11997503864648706,-0.005490275754484186,-0.011916339961373978,0.03312779285205423,-0.16573020059027985,-0.3597082369655984,0.8683692780736534,0.7190653316055406,0.892,0.867,0.715,True,999,0.0001171668991446495,0.0027450419729575515,weak_5x5_bal_strong_500_500,weak_null,True,299,947166935,-1.8318679906315083e-15,0,9
500,500,0.11132390319605445,0.11904590754600308,0.0946047040583835,0.10578396229911391,-0.00772200434994863,-0.011179258240730405,0.030677351493064445,-0.25171678694930444,-0.3644140610788327,0.8012599806043721,0.7155488370714673,0.84,0.808,0.715,True,999,0.0001163750421255827,0.0028116670437157154,weak_5x5_bal_strong_500_500,weak_null,True,300,947166935,-1.8318679906315083e-15,0,9
500,500,0.1083158864837368,0.1105097489080969,0.09176981280700147,0.09197277714696384,-0.0021938624243600935,-0.00020296433996236374,0.03138799131177537,-0.06989496086476404,-0.0064663054716158465,0.9442772639694702,0.9948406706533856,0.959,0.949,1.0,True,999,0.00011529203038662672,0.002628707909025252,weak_5x5_bal_strong_500_500,weak_null,True,301,947166935,-1.8318679906315083e-15,0,4
500,500,0.08723310469037782,0.12567519146525075,0.07064781196822878,0.10661129211564457,-0.03844208677487293,-0.035963480147415794,0.03053918176641748,-1.2587791994200024,-1.177617672355687,0.2081100954574715,0.23894906127527382,0.355,0.213,0.252,True,999,0.00011862500105053186,0.00275704194791615,weak_5x5_bal_strong_500_500,weak_null,True,302,947166935,-1.8318679906315083e-15,0,4
500,500,0.10812454646699776,0.08799396528499509,0.09159458766225725,0.07386750136569731,0.02013058118200267,0.017727086296559946,0.02924883514720565,0.6882524066578388,0.606078368842444,0.4912938470030438,0.5444627142203398,0.618,0.518,0.563,True,999,0.00012212502770125866,0.0027958330465480685,weak_5x5_bal_strong_500_500,weak_null,True,303,947166935,-1.8318679906315083e-15,0,7
500,500,0.11950914574835747,0.14294328276376367,0.10279412186275749,0.1280795023507153,-0.023434137015406198,-0.02528538048795781,0.03211194109626259,-0.7297639512092161,-0.7874136419271364,0.4655344829936673,0.4310397634529317,0.549,0.476,0.438,True,999,0.00011866597924381495,0.0027304580435156822,weak_5x5_bal_strong_500_500,weak_null,True,304,947166935,-1.8318679906315083e-15,0,7
500,500,0.08890563704777743,0.09466413003810242,0.07236310738744578,0.07809515803754152,-0.005758492990324993,-0.0057320506500957435,0.029116567926928676,-0.19777375564237457,-0.19686560120962654,0.8432220805370891,0.843932713116894,0.896,0.857,0.853,True,999,0.00011395791079849005,0.0027343330439180136,weak_5x5_bal_strong_500_500,weak_null,True,305,947166935,-1.8318679906315083e-15,0,5
500,500,0.11819432061416824,0.10241060457077844,0.1014651175300969,0.08664736988220056,0.015783716043389795,0.01481774764789634,0.029550259937887572,0.5341312082048003,0.5014422099515244,0.5932507593315453,0.6160599396227128,0.691,0.605,0.625,True,999,0.00012866605538874865,0.0027428329922258854,weak_5x5_bal_strong_500_500,weak_null,True,306,947166935,-1.8318679906315083e-15,0,5
500,500,0.12747099730862832,0.1077635768621712,0.11071451471366345,0.09202320030126998,0.019707420446457125,0.018691314412393467,0.031572971305284095,0.6241864364269974,0.5920036550144162,0.5325051534348302,0.5538481408733451,0.666,0.561,0.586,True,999,0.00012183294165879488,0.002772958017885685,weak_5x5_bal_strong_500_500,weak_null,True,307,947166935,-1.8318679906315083e-15,0,7
500,500,0.13641526444900287,0.10756534940191897,0.11977333952927438,0.08910513649652785,0.028849915047083896,0.030668203032746533,0.03121417745853129,0.9242567767615095,0.9825087678023842,0.35535264111877585,0.32584926562889416,0.479,0.351,0.328,True,999,0.00011475000064820051,0.0027317090425640345,weak_5x5_bal_strong_500_500,weak_null,True,308,947166935,-1.8318679906315083e-15,0,4
500,500,0.11061009181245773,0.11951692784564227,0.09402473725049276,0.09967580399242593,-0.00890683603318454,-0.005651066741933164,0.031150517467831523,-0.28592899114380493,-0.1814116490285884,0.7749325085678671,0.8560444759798923,0.835,0.794,0.871,True,999,0.00011499994434416294,0.0027147920336574316,weak_5x5_bal_strong_500_500,weak_null,True,309,947166935,-1.8318679906315083e-15,0,5
500,500,0.1233777432688119,0.1258462694472725,0.1068328406282717,0.11294007631451564,-0.002468526178460606,-0.006107235686243939,0.03275612485592669,-0.07536075128905141,-0.18644561019063688,0.9399276863062552,0.8520953276682007,0.957,0.937,0.842,True,999,0.000110417022369802,0.002740499912761152,weak_5x5_bal_strong_500_500,weak_null,True,310,947166935,-1.8318679906315083e-15,0,7
500,500,0.10983924012715707,0.1015761673864618,0.09314248302769101,0.08897188331039274,0.008263072740695265,0.004170599717298273,0.030305203452838356,0.2726618467866235,0.1376199214035522,0.7851131655917395,0.8905408103358469,0.842,0.799,0.89,True,999,0.0001343749463558197,0.00275087496265769,weak_5x5_bal_strong_500_500,weak_null,True,311,947166935,-1.8318679906315083e-15,0,9
500,500,0.10890156123677719,0.08870545100666966,0.09235752404799769,0.07468531203502948,0.020196110230107533,0.017672212012968203,0.030468085694278068,0.6628611469968518,0.580023707110915,0.5074194873208444,0.5618986307823891,0.644,0.535,0.582,True,999,0.00011787505354732275,0.002660208032466471,weak_5x5_bal_strong_500_500,weak_null,True,312,947166935,-1.8318679906315083e-15,0,8
500,500,0.10508631727826989,0.1199904468344728,0.0885069952877302,0.10375315745875469,-0.014904129556202905,-0.01524616217102448,0.03043883727397886,-0.48964188158868815,-0.5008785990671829,0.6243873345129598,0.6164565648622858,0.709,0.619,0.613,True,999,0.0001127920113503933,0.0027429170440882444,weak_5x5_bal_strong_500_500,weak_null,True,313,947166935,-1.8318679906315083e-15,0,6
500,500,0.12620377189803555,0.0841299747597487,0.1087255019189115,0.06632724787965572,0.04207379713828685,0.04239825403925579,0.028991752586910977,1.4512333123759504,1.4624246641231857,0.14671490375592675,0.14362487477905883,0.259,0.155,0.152,True,999,0.00011791696306318045,0.002820707974024117,weak_5x5_bal_strong_500_500,weak_null,True,314,947166935,-1.8318679906315083e-15,0,6
500,500,0.10208673524979295,0.0710205730935986,0.08547578605021044,0.05952893781079638,0.031066162156194344,0.025946848239414066,0.027487649324090802,1.1301862079915015,0.9439456947915025,0.25839777006791786,0.345197399679788,0.439,0.273,0.359,True,999,0.00011324998922646046,0.002664624946191907,weak_5x5_bal_strong_500_500,weak_null,True,315,947166935,-1.8318679906315083e-15,0,8
500,500,0.09738538091049209,0.0920346711712185,0.08074422996639896,0.07804795356523186,0.005350709739273596,0.002696276401167097,0.028465018192363172,0.18797492779081124,0.09472245487236246,0.8508963055370702,0.924535281760205,0.89,0.844,0.92,True,999,0.00011720904149115086,0.002770666964352131,weak_5x5_bal_strong_500_500,weak_null,True,316,947166935,-1.8318679906315083e-15,0,8
500,500,0.09540919544645265,0.08951110416670582,0.07881093780292758,0.0747330667122128,0.005898091279746831,0.00407787109071478,0.02824434666663286,0.20882378159997178,0.1443783118386757,0.8345858055645341,0.88520174200976,0.89,0.832,0.895,True,999,0.00012287497520446777,0.002779582981020212,weak_5x5_bal_strong_500_500,weak_null,True,317,947166935,-1.8318679906315083e-15,0,7
500,500,0.11915740807381425,0.08668939970450579,0.10256933661435141,0.0700678359103506,0.032468008369308465,0.03250150070400082,0.028865937867467086,1.1247861932766452,1.1259464651114328,0.26067964647286024,0.2601881800744591,0.398,0.248,0.248,True,999,0.00011516700033098459,0.0026075419737026095,weak_5x5_bal_strong_500_500,weak_null,True,318,947166935,-1.8318679906315083e-15,0,5
500,500,0.10243303558127925,0.08024248002909057,0.08590939680607335,0.06438159451369074,0.022190555552188684,0.021527802292382603,0.029113990175287898,0.7621956117517735,0.7394315297480423,0.4459432647776208,0.459645002438003,0.581,0.463,0.473,True,999,0.00011466699652373791,0.002682291087694466,weak_5x5_bal_strong_500_500,weak_null,True,319,947166935,-1.8318679906315083e-15,0,7
500,500,0.11638378110264291,0.1431887818956149,0.09978187834667551,0.1298540294780537,-0.02680500079297199,-0.030072151131378178,0.03212594161394518,-0.8343724556025626,-0.93607065258204,0.40407113381190285,0.349236811967059,0.509,0.418,0.348,True,999,0.00011337501928210258,0.00274020794313401,weak_5x5_bal_strong_500_500,weak_null,True,320,947166935,-1.8318679906315083e-15,0,7
500,500,0.17061963267028957,0.15391167682597584,0.15374266057358454,0.14274869414120417,0.016707955844313727,0.010993966432380375,0.03573741740214523,0.4675199569208599,0.3076318109019382,0.6401279172024018,0.7583625117033213,0.662,0.617,0.75,True,999,0.00011141702998429537,0.0027089999057352543,weak_5x5_bal_strong_500_500,weak_null,True,321,947166935,-1.8318679906315083e-15,0,9
500,500,0.13992832583152692,0.1327682799396256,0.12313347951612741,0.12127103660725425,0.007160045891901334,0.001862442908873163,0.03343085961953374,0.21417474672765224,0.055710290733443565,0.8304107883536883,0.9555726014163224,0.85,0.834,0.952,True,999,0.00011745793744921684,0.002763667027465999,weak_5x5_bal_strong_500_500,weak_null,True,322,947166935,-1.8318679906315083e-15,0,8
500,500,0.1315558571580535,0.11344511502453841,0.11486899600049583,0.09614844453690807,0.0181107421335151,0.018720551463587753,0.031233227418411887,0.5798549695456345,0.5993793472829532,0.5620124246312802,0.5489199460103167,0.662,0.575,0.564,True,999,0.00013116607442498207,0.002757375012151897,weak_5x5_bal_strong_500_500,weak_null,True,323,947166935,-1.8318679906315083e-15,0,7
500,500,0.12916958809207402,0.12064697759173865,0.11242519763516157,0.10590122665519175,0.00852261050033537,0.0065239709799698176,0.031773915284563005,0.2682266388642379,0.2053247426872638,0.7885248711851149,0.8373184139852394,0.828,0.79,0.831,True,999,0.00012083293404430151,0.0027030829805880785,weak_5x5_bal_strong_500_500,weak_null,True,324,947166935,-1.8318679906315083e-15,0,8
500,500,0.16094338791000018,0.13111039193835933,0.1441691779082248,0.11475543407334499,0.029832995971640852,0.029413743834879824,0.034421941736252695,0.8666854473296947,0.8545056539881855,0.3861143811944796,0.39282487800329124,0.465,0.402,0.407,True,999,0.00012220896314829588,0.00277112505864352,weak_5x5_bal_strong_500_500,weak_null,True,325,947166935,-1.8318679906315083e-15,0,6
500,500,0.12162340621960221,0.11522457980781936,0.10502265587319926,0.09788144004033938,0.006398826411782854,0.007141215832859871,0.03155196881406441,0.20280276167522554,0.22633186141071,0.8392891992886333,0.8209433194333084,0.862,0.828,0.81,True,999,0.00013791595119982958,0.00277645792812109,weak_5x5_bal_strong_500_500,weak_null,True,326,947166935,-1.8318679906315083e-15,0,4
500,500,0.1303349164598917,0.1058302003970314,0.11374401443379156,0.08389029638686907,0.02450471606286031,0.029853718046922495,0.03111121231635988,0.7876490254921524,0.959580672824629,0.43090202973776814,0.33726630003272606,0.568,0.445,0.336,True,999,0.00012058299034833908,0.002644916996359825,weak_5x5_bal_strong_500_500,weak_null,True,327,947166935,-1.8318679906315083e-15,0,4
500,500,0.12328275935100264,0.11863850765642858,0.10671038413033784,0.10453599813598657,0.004644251694574053,0.002174385994351269,0.03176956346619826,0.14618556844557778,0.06844242592960845,0.8837748978820962,0.9454334499810642,0.901,0.864,0.948,True,999,0.00011379097122699022,0.002782749943435192,weak_5x5_bal_strong_500_500,weak_null,True,328,947166935,-1.8318679906315083e-15,0,7
500,500,0.0831832717716463,0.08211569530669621,0.06661581242985903,0.07231236294330756,0.001067576464950093,-0.005696550513448528,0.028277197548064043,0.03775396989519504,-0.20145385707921876,0.969883844886571,0.84034370643784,0.975,0.972,0.83,True,999,0.00011679192539304495,0.0026922920951619744,weak_5x5_bal_strong_500_500,weak_null,True,329,947166935,-1.8318679906315083e-15,0,10
500,500,0.14538306274866875,0.12767896620763625,0.12873079513406083,0.11648966492182922,0.0177040965410325,0.01224113021223161,0.03311259745169817,0.5346634786611869,0.3696819686250203,0.5928825800066402,0.7116194684459296,0.665,0.596,0.718,True,999,0.00011249992530792952,0.0026736250147223473,weak_5x5_bal_strong_500_500,weak_null,True,330,947166935,-1.8318679906315083e-15,0,8
500,500,0.12424546988398277,0.1359740504334317,0.10760132199152395,0.11863125032462563,-0.01172858054944892,-0.01102992833310168,0.032469956738724874,-0.36121331000915624,-0.3396964283585564,0.7179399929566769,0.7340851517314235,0.774,0.716,0.733,True,999,0.00011216604616492987,0.002772417035885155,weak_5x5_bal_strong_500_500,weak_null,True,331,947166935,-1.8318679906315083e-15,0,5
500,500,0.12768561784970234,0.0657527506549146,0.11020630220832572,0.05121203801499519,0.061932867194787744,0.05899426419333054,0.028182737076796145,2.1975462151183067,2.0932766051989544,0.027981459645772734,0.03632446979934692,0.124,0.031,0.038,True,999,0.000111832981929183,0.0026719170855358243,weak_5x5_bal_strong_500_500,weak_null,True,332,947166935,-1.8318679906315083e-15,0,8
500,500,0.09650184822664065,0.12333550332605442,0.07996115819378247,0.1074194885640054,-0.026833655099413767,-0.02745833037022294,0.03143683958879272,-0.8535735605235587,-0.8734443642996441,0.39334131324713995,0.3824209186376607,0.483,0.372,0.36,True,999,0.00011849997099488974,0.002678709104657173,weak_5x5_bal_strong_500_500,weak_null,True,333,947166935,-1.8318679906315083e-15,0,7
500,500,0.09330028143919522,0.1354979195610354,0.07677676701041491,0.12048987085054819,-0.042197638121840186,-0.04371310384013327,0.03173548618515934,-1.329667296591578,-1.3774203295670668,0.18362791448467386,0.1683823310948539,0.294,0.174,0.152,True,999,0.00011379201896488667,0.0027823749696835876,weak_5x5_bal_strong_500_500,weak_null,True,334,947166935,-1.8318679906315083e-15,0,7
500,500,0.10212208185122607,0.07879024411074431,0.08555614877298012,0.060324933991921625,0.023331837740481753,0.025231214781058497,0.028559597252825062,0.8169526178515634,0.8834583540411332,0.41395550624868116,0.3769886742065085,0.551,0.407,0.37,True,999,0.00011004204861819744,0.0026736659929156303,weak_5x5_bal_strong_500_500,weak_null,True,335,947166935,-1.8318679906315083e-15,0,5
500,500,0.12345025708094393,0.09187285891574043,0.10682236681941504,0.07475930301006883,0.031577398165203496,0.032063063809346204,0.030417262579208574,1.0381406966841231,1.054107473539141,0.2992045570593952,0.2918337149171548,0.457,0.307,0.3,True,999,0.00013087503612041473,0.0026986669981852174,weak_5x5_bal_strong_500_500,weak_null,True,336,947166935,-1.8318679906315083e-15,0,6
500,500,0.14443520261899612,0.1132990197829844,0.127695148172279,0.09917616219982506,0.031136182836011717,0.028518985972453947,0.03278771112105739,0.9496296560943833,0.8698071624200104,0.3423004641661054,0.38440579663685726,0.438,0.332,0.385,True,999,0.00011845899280160666,0.0027901669964194298,weak_5x5_bal_strong_500_500,weak_null,True,337,947166935,-1.8318679906315083e-15,0,7
500,500,0.13890856072344926,0.1542173488191365,0.12218701469316784,0.13872973461559468,-0.015308788095687254,-0.01654271992242684,0.035375762787193975,-0.43274792935995815,-0.4676286422978646,0.6651979056478904,0.6400501785148268,0.716,0.665,0.645,True,999,0.00012550002429634333,0.0027875000378116965,weak_5x5_bal_strong_500_500,weak_null,True,338,947166935,-1.8318679906315083e-15,0,6
500,500,0.1156531666450642,0.0930067540126871,0.0990933583716469,0.08473663128938824,0.0226464126323771,0.014356727082258658,0.030503064643494733,0.7424307326839964,0.47066507087249215,0.45782640498631155,0.6378799315385388,0.582,0.462,0.629,True,999,0.00012179103214293718,0.0026710410602390766,weak_5x5_bal_strong_500_500,weak_null,True,339,947166935,-1.8318679906315083e-15,0,10
500,500,0.1109817313643997,0.09326186572133693,0.09351874059200327,0.07703578254543686,0.01771986564306277,0.01648295804656641,0.028522161645025253,0.6212665738171151,0.577900029167015,0.5344242429132158,0.5633316156154817,0.641,0.532,0.571,True,999,0.00011741707567125559,0.0027991660172119737,weak_5x5_bal_strong_500_500,weak_null,True,340,947166935,-1.8318679906315083e-15,0,6
500,500,0.10162506968016038,0.13724584567999687,0.08501775528213784,0.1254355669749998,-0.035620775999836485,-0.04041781169286196,0.032175798264324026,-1.1070673587400064,-1.2561556782781218,0.26826480674896636,0.2090595325510558,0.376,0.277,0.217,True,999,0.00012366706505417824,0.0027552079409360886,weak_5x5_bal_strong_500_500,weak_null,True,341,947166935,-1.8318679906315083e-15,0,9
500,500,0.1374123851724074,0.13693494525257666,0.12064166197387749,0.12184721497632722,0.0004774399198307355,-0.001205553002449733,0.03325742388669018,0.014355890024958,-0.036249139637427014,0.9885460504209448,0.9710837039489825,0.992,0.99,0.964,True,999,0.00011879194062203169,0.002776875044219196,weak_5x5_bal_strong_500_500,weak_null,True,342,947166935,-1.8318679906315083e-15,0,7
500,500,0.13171309087200367,0.11983651017729974,0.11506726264667577,0.10521987807641153,0.011876580694703931,0.00984738457026424,0.031421505748240895,0.37797617943146566,0.3133963295446316,0.7054482896563368,0.7539795724745858,0.734,0.69,0.724,True,999,0.00012004096060991287,0.002833582926541567,weak_5x5_bal_strong_500_500,weak_null,True,343,947166935,-1.8318679906315083e-15,0,6
500,500,0.128330681230705,0.15150392079495484,0.11163366837331523,0.13464282157002572,-0.023173239564249826,-0.023009153196710486,0.03469473227279068,-0.6679180972502683,-0.6631886655241723,0.504185874722147,0.5072097297882117,0.587,0.512,0.517,True,999,0.00011170795187354088,0.0027024169685319066,weak_5x5_bal_strong_500_500,weak_null,True,344,947166935,-1.8318679906315083e-15,0,5
500,500,0.1217647462842697,0.13911897773905724,0.10513174472021092,0.12513547675101222,-0.01735423145478754,-0.020003732030801302,0.032755571393680044,-0.5298100663918174,-0.610697086928573,0.5962436251196499,0.5414001349190565,0.649,0.577,0.524,True,999,0.00011616700794547796,0.0027437079697847366,weak_5x5_bal_strong_500_500,weak_null,True,345,947166935,-1.8318679906315083e-15,0,7
500,500,0.14714124555454222,0.13104066522783897,0.12958014930006811,0.11530542218559958,0.01610058032670325,0.014274727114468533,0.032717565643626136,0.4921081385478898,0.43630162677611867,0.6226428991704087,0.6626179017331166,0.666,0.605,0.652,True,999,0.00011970801278948784,0.0028382500167936087,weak_5x5_bal_strong_500_500,weak_null,True,346,947166935,-1.8318679906315083e-15,0,7
500,500,0.12855451238816573,0.13718460928552617,0.11190606343973286,0.12046543836160595,-0.00863009689736044,-0.008559374921873086,0.03319930427781423,-0.25994812497102804,-0.2578179003465737,0.794903788538213,0.7965474489209992,0.825,0.792,0.796,True,999,0.00011304195504635572,0.00264362501911819,weak_5x5_bal_strong_500_500,weak_null,True,347,947166935,-1.8318679906315083e-15,0,6
500,500,0.10117901135771268,0.11743792982898732,0.08458615286281201,0.10621829742686373,-0.01625891847127464,-0.021632144564051714,0.031044767500542924,-0.5237249230805255,-0.6968048500821725,0.6004698782409044,0.48592493042549323,0.686,0.59,0.483,True,999,0.00011437502689659595,0.0026734170969575644,weak_5x5_bal_strong_500_500,weak_null,True,348,947166935,-1.8318679906315083e-15,0,9
500,500,0.15328821806378135,0.14259157383418036,0.1365525164136443,0.12578314821107028,0.010696644229600982,0.010769368202574015,0.03446227074931065,0.3103870986160988,0.3124973476331194,0.7562666038334445,0.7546625784912346,0.777,0.733,0.732,True,999,0.00011937494855374098,0.002798125031404197,weak_5x5_bal_strong_500_500,weak_null,True,349,947166935,-1.8318679906315083e-15,0,6
500,500,0.14733408835331852,0.0918063773804883,0.13074331638438252,0.07421080933528401,0.05552771097283021,0.05653250704909851,0.031584485648657304,1.758069185945118,1.7898821490386303,0.07873573802937489,0.07347285914213686,0.184,0.093,0.087,True,999,0.00012170802801847458,0.002759374910965562,weak_5x5_bal_strong_500_500,weak_null,True,350,947166935,-1.8318679906315083e-15,0,7
500,500,0.11996213475073736,0.13148200466141674,0.10338337564633093,0.11370161096309062,-0.011519869910679381,-0.010318235316759683,0.03271090029054064,-0.3521722058506199,-0.3154372158856024,0.7247091199162964,0.7524297138267255,0.781,0.722,0.75,True,999,0.00011987506877630949,0.0027366250287741423,weak_5x5_bal_strong_500_500,weak_null,True,351,947166935,-1.8318679906315083e-15,0,6
500,500,0.1429345247842264,0.07787327889094298,0.12744364320565182,0.061936117403263324,0.06506124589328344,0.0655075258023885,0.02864656880398442,2.27117063612289,2.286749462060431,0.02313665026748552,0.022210450853215612,0.102,0.022,0.021,True,999,0.0001163750421255827,0.002853417070582509,weak_5x5_bal_strong_500_500,weak_null,True,352,947166935,-1.8318679906315083e-15,1,7
500,500,0.129514622278734,0.14442914266412993,0.11291145220832277,0.13324664418269094,-0.014914520385395924,-0.020335191974368172,0.03331741705234957,-0.4476493589512558,-0.6103471929536662,0.6544062747275934,0.5416318411172978,0.688,0.631,0.531,True,999,0.00011258304584771395,0.002755833091214299,weak_5x5_bal_strong_500_500,weak_null,True,353,947166935,-1.8318679906315083e-15,0,9
500,500,0.1319879228291152,0.10277394973509235,0.11540428410944514,0.0809428978452047,0.02921397309402285,0.034461386264240446,0.032008498816692287,0.9126942585257355,1.0766323800936577,0.36140336441403365,0.28164453244334886,0.515,0.385,0.291,True,999,0.00011933292262256145,0.0027942080050706863,weak_5x5_bal_strong_500_500,weak_null,True,354,947166935,-1.8318679906315083e-15,0,4
500,500,0.11507316737180484,0.11320799107381818,0.09848918791215056,0.09562123105203568,0.0018651762979866593,0.002867956860114873,0.031866938411143436,0.05853013784764565,0.08999787877683246,0.9533263571055617,0.9282889004803044,0.948,0.938,0.906,True,999,0.0001272499794140458,0.002779916045255959,weak_5x5_bal_strong_500_500,weak_null,True,355,947166935,-1.8318679906315083e-15,0,6
500,500,0.08414717798169091,0.10610905020065142,0.06762876142602181,0.0947325047443428,-0.02196187221896051,-0.027103743318320994,0.029504977626513072,-0.7443446491288184,-0.9186159590226451,0.4566679958994815,0.3582964815597054,0.573,0.457,0.357,True,999,0.00012075004633516073,0.002639041980728507,weak_5x5_bal_strong_500_500,weak_null,True,356,947166935,-1.8318679906315083e-15,0,8
500,500,0.08084678100346165,0.11480422465223811,0.06424603268374085,0.09500485063009023,-0.03395744364877645,-0.03075881794634938,0.029649797693317863,-1.1452841601151766,-1.0374039736966387,0.25209146534290605,0.29954762719243644,0.408,0.258,0.306,True,999,0.00011500006075948477,0.002742999931797385,weak_5x5_bal_strong_500_500,weak_null,True,357,947166935,-1.8318679906315083e-15,0,5
500,500,0.11444692251649591,0.14289343493860068,0.09774508480018085,0.13071806662057384,-0.028446512422104775,-0.03297298182039299,0.03318987060530127,-0.8570841616225264,-0.9934652114951711,0.39139837370280584,0.3204832957948115,0.472,0.377,0.316,True,999,0.00012195797171443701,0.0027887080796062946,weak_5x5_bal_strong_500_500,weak_null,True,358,947166935,-1.8318679906315083e-15,0,8
500,500,0.12354658609604341,0.08886876273067129,0.10805031587210578,0.07173819910727275,0.03467782336537212,0.036312116764833036,0.028459677665914087,1.21848967414362,1.2759145479825216,0.22303794635091923,0.20198572780169466,0.383,0.218,0.203,True,999,0.00011975003872066736,0.002768334001302719,weak_5x5_bal_strong_500_500,weak_null,True,359,947166935,-1.8318679906315083e-15,1,6
500,500,0.10216190126833924,0.1277765784761698,0.08561639473748528,0.10748942695963137,-0.02561467720783056,-0.021873032222146094,0.031635095632589275,-0.80969178994494,-0.691416661930787,0.41811733782087757,0.4893037362072894,0.52,0.421,0.487,True,999,0.00012091710232198238,0.0028019999153912067,weak_5x5_bal_strong_500_500,weak_null,True,360,947166935,-1.8318679906315083e-15,0,4
500,500,0.09542293061151841,0.13909342666235314,0.07888200329011852,0.1258807246422009,-0.04367049605083473,-0.046998721352082384,0.03202709067914645,-1.3635486435010333,-1.4674677079764944,0.17270966494627016,0.14224886749005403,0.276,0.188,0.154,True,999,0.0001617079833522439,0.0026328330859541893,weak_5x5_bal_strong_500_500,weak_null,True,361,947166935,-1.8318679906315083e-15,0,7
500,500,0.06067130758821837,0.11598242937344017,0.044181645523735824,0.0990783979675598,-0.055311121785221795,-0.05489675244382397,0.028703226367876193,-1.927000159366209,-1.912563826109207,0.05397961007458941,0.05580391433885243,0.16,0.056,0.057,True,999,0.00011683302000164986,0.0026411250000819564,weak_5x5_bal_strong_500_500,weak_null,True,362,947166935,-1.8318679906315083e-15,0,6
500,500,0.11161162547816716,0.11963968168194783,0.09504719706046671,0.10883776064321182,-0.008028056203780665,-0.013790563582745108,0.03177622662870746,-0.2526434714097838,-0.4339899681570863,0.8005437341449069,0.6642957259048226,0.848,0.811,0.677,True,999,0.00011854199692606926,0.002767750062048435,weak_5x5_bal_strong_500_500,weak_null,True,363,947166935,-1.8318679906315083e-15,0,9
500,500,0.09644374597753802,0.15133154358231615,0.07992071053297423,0.1360454274875451,-0.05488779760477813,-0.056124716954570886,0.03323148300237046,-1.651680654783384,-1.6889019653612032,0.09859966833421217,0.09123821858291777,0.182,0.087,0.083,True,999,0.00013245909940451384,0.002614624914713204,weak_5x5_bal_strong_500_500,weak_null,True,364,947166935,-1.8318679906315083e-15,0,7
500,500,0.11491828580546204,0.10461073612534,0.09819541191711778,0.08970148073362338,0.010307549680122041,0.008493931183494396,0.030053588036864497,0.3429723488416271,0.28262619335420197,0.7316192623086578,0.7774633992249245,0.802,0.75,0.794,True,999,0.00011562497820705175,0.0026815839810296893,weak_5x5_bal_strong_500_500,weak_null,True,365,947166935,-1.8318679906315083e-15,0,7
500,500,0.12088237423238302,0.12306235175999936,0.10414966023540728,0.10620614160893638,-0.002179977527616339,-0.0020564813735290954,0.03157552613704911,-0.0690401014429484,-0.06512896616839348,0.9449576992995303,0.948071317719344,0.959,0.947,0.946,True,999,0.00014899997040629387,0.0027872080681845546,weak_5x5_bal_strong_500_500,weak_null,True,366,947166935,-1.8318679906315083e-15,0,6
500,500,0.10237828707918784,0.10404582479949892,0.08583780490323534,0.0838433363998945,-0.0016675377203110853,0.0019944685033408405,0.030833298928273124,-0.05408236478977629,0.06468553715191268,0.9568695425415474,0.9484243783849636,0.963,0.954,0.943,True,999,0.00011899997480213642,0.002637790981680155,weak_5x5_bal_strong_500_500,weak_null,True,367,947166935,-1.8318679906315083e-15,0,5
500,500,0.1304508374057749,0.11365111957697621,0.11381050596367004,0.09828203580815398,0.016799717828798688,0.015528470155516061,0.031880826427578945,0.5269536493027001,0.48707865810162765,0.598225776443135,0.6262025899660861,0.662,0.58,0.614,True,999,0.00011229200754314661,0.0026607500622048974,weak_5x5_bal_strong_500_500,weak_null,True,368,947166935,-1.8318679906315083e-15,0,6
500,500,0.13997067177783662,0.12480633401464858,0.12336260837832924,0.10769577070479386,0.01516433776318804,0.015666837673535383,0.03360949038464006,0.45119213619848053,0.46614326769724884,0.6518510768227661,0.641112954485003,0.746,0.663,0.651,True,999,0.00011904200073331594,0.0028445409843698144,weak_5x5_bal_strong_500_500,weak_null,True,369,947166935,-1.8318679906315083e-15,0,5
500,500,0.14050553088401108,0.11919548448463979,0.12385193316390541,0.10421806597759087,0.021310046399371285,0.019633867186314546,0.03226987871359398,0.6603695845436889,0.6084270523782168,0.5090166856669713,0.5429042738654677,0.598,0.512,0.549,True,999,0.00012404192239046097,0.0027800840325653553,weak_5x5_bal_strong_500_500,weak_null,True,370,947166935,-1.8318679906315083e-15,0,7
500,500,0.09502097639738127,0.12774497709935162,0.07850992375836086,0.11386546980739354,-0.032724000701970346,-0.03535554604903268,0.03057032864911373,-1.0704497513774376,-1.1565314346091495,0.28441691539007863,0.24746384944195499,0.396,0.286,0.249,True,999,0.00011641695164144039,0.0027814169880002737,weak_5x5_bal_strong_500_500,weak_null,True,371,947166935,-1.8318679906315083e-15,0,7
500,500,0.103781594515298,0.07907829082713025,0.08724049674663092,0.06533366041821864,0.024703303688167755,0.021906836328412282,0.02940699893243908,0.8400484437368873,0.7449531446150626,0.4008812252699261,0.4563000458678881,0.51,0.379,0.437,True,999,0.00012554205022752285,0.00278795906342566,weak_5x5_bal_strong_500_500,weak_null,True,372,947166935,-1.8318679906315083e-15,0,8
500,500,0.13765546420837782,0.0783954346877932,0.12011911255660834,0.06850336521165445,0.05926002952058462,0.05161574734495389,0.02945211442530958,2.0120806494510868,1.7525311289907952,0.04421143612820204,0.07968252202452976,0.166,0.041,0.081,True,999,0.00011729192920029163,0.0027958749560639262,weak_5x5_bal_strong_500_500,weak_null,True,373,947166935,-1.8318679906315083e-15,0,10
500,500,0.12543898813196752,0.19456273096147125,0.10878958794000937,0.17736293205254583,-0.06912374282950373,-0.06857334411253646,0.03469974117278313,-1.992053556979301,-1.9761918041717907,0.046365181924517586,0.04813305779861028,0.097,0.055,0.06,True,999,0.00011641706805676222,0.0028441250324249268,weak_5x5_bal_strong_500_500,weak_null,True,374,947166935,-1.8318679906315083e-15,0,6
500,500,0.146440775072604,0.10439326240227109,0.12884100148482958,0.08929793645941686,0.04204751267033291,0.039543065025412716,0.03184959215756546,1.320189987435838,1.2415564014065334,0.1867715940594784,0.21440027624244296,0.312,0.194,0.216,True,999,0.0001229170011356473,0.002803417039103806,weak_5x5_bal_strong_500_500,weak_null,True,375,947166935,-1.8318679906315083e-15,0,7
500,500,0.11940725304884081,0.14428700260311184,0.1026877463374376,0.1302427301037028,-0.024879749554271025,-0.027554983766265195,0.033692784694294424,-0.7384296008778458,-0.8178304054200479,0.4602534323532197,0.4134540337287853,0.568,0.488,0.441,True,999,0.00011795805767178535,0.0027944169705733657,weak_5x5_bal_strong_500_500,weak_null,True,376,947166935,-1.8318679906315083e-15,0,7
500,500,0.10231559079808972,0.10571507505287442,0.0857785142030707,0.09678335719075903,-0.0033994842547847015,-0.011004842987688335,0.03095778731726026,-0.10981031105182854,-0.3554789906303373,0.9125598134645907,0.7222307815464599,0.934,0.916,0.729,True,999,0.00011929194442927837,0.002807792043313384,weak_5x5_bal_strong_500_500,weak_null,True,377,947166935,-1.8318679906315083e-15,0,10
500,500,0.11666495173659053,0.14783540804791123,0.1000776855797767,0.13273291152142974,-0.031170456311320704,-0.03265522594165304,0.03311130730899769,-0.9413840420263451,-0.9862258121345542,0.3465080884153596,0.3240223155246179,0.403,0.316,0.295,True,999,0.0001176249934360385,0.0027450000634416938,weak_5x5_bal_strong_500_500,weak_null,True,378,947166935,-1.8318679906315083e-15,0,7
500,500,0.1075673354649147,0.11410861478256384,0.0909936744104698,0.09903613770416086,-0.00654127931764914,-0.008042463293691071,0.03149201197689433,-0.20771233424045668,-0.2553810566181615,0.8354535863908781,0.798428800452055,0.866,0.823,0.786,True,999,0.00011349993292242289,0.0026399169582873583,weak_5x5_bal_strong_500_500,weak_null,True,379,947166935,-1.8318679906315083e-15,0,7
500,500,0.14942331878644044,0.14540907124543256,0.13181993845921625,0.12950046457618214,0.004014247541007876,0.0023194738830341066,0.0329642347098637,0.12177584513456688,0.07036334692581424,0.9030765443440989,0.9439044638281904,0.926,0.91,0.948,True,999,0.0001193339703604579,0.002811708953231573,weak_5x5_bal_strong_500_500,weak_null,True,380,947166935,-1.8318679906315083e-15,0,7
500,500,0.12085378346445452,0.14245053489673792,0.10429317203170285,0.12434229001860331,-0.0215967514322834,-0.020049117986900455,0.03275804662119789,-0.6592808076140914,-0.6120364324143361,0.5097154644648589,0.5405136534043604,0.592,0.509,0.529,True,999,0.00011679204180836678,0.002715167007409036,weak_5x5_bal_strong_500_500,weak_null,True,381,947166935,-1.8318679906315083e-15,0,5
500,500,0.10680527110683502,0.14030287993945129,0.0901919391900492,0.13265164625525472,-0.033497608832616266,-0.04245970706520552,0.030499655062339186,-1.0982946778955194,-1.392137287402786,0.2720758351292303,0.1638808288323096,0.375,0.27,0.182,True,999,0.00011637492571026087,0.0026752090780064464,weak_5x5_bal_strong_500_500,weak_null,True,382,947166935,-1.8318679906315083e-15,0,11
500,500,0.14114508968436557,0.12566518439453928,0.12444093784790766,0.11249174654216176,0.01547990528982629,0.011949191305745899,0.032091829648811486,0.48236281505998785,0.3723437222654095,0.6295482317613807,0.709636949371423,0.715,0.646,0.723,True,999,0.00011687492951750755,0.0027864999137818813,weak_5x5_bal_strong_500_500,weak_null,True,383,947166935,-1.8318679906315083e-15,0,7
500,500,0.10655808611257744,0.12020341047520766,0.08995173790583522,0.10250188576691244,-0.013645324362630218,-0.012550147861077221,0.030735473752051885,-0.44396011178188727,-0.4083277831446922,0.6570714229654067,0.683033044535392,0.733,0.663,0.68,True,999,0.00011941592674702406,0.002686916966922581,weak_5x5_bal_strong_500_500,weak_null,True,384,947166935,-1.8318679906315083e-15,0,6
500,500,0.15872987409821815,0.09060466581803672,0.1419661574265092,0.07216206563518313,0.06812520828018143,0.06980409179132607,0.031847240490517285,2.1391243709314827,2.191841136506338,0.032425597134793926,0.02839097962840724,0.119,0.041,0.035,True,999,0.00010962493252009153,0.0026815420715138316,weak_5x5_bal_strong_500_500,weak_null,True,385,947166935,-1.8318679906315083e-15,0,5
500,500,0.12719219551798866,0.09383770899819921,0.11066164466876671,0.07431635156555672,0.03335448651978945,0.03634529310321,0.03156933772682383,1.056546919305463,1.1512846236342846,0.2907184167336059,0.24961516085651347,0.408,0.298,0.26,True,999,0.00011683302000164986,0.0026959169190376997,weak_5x5_bal_strong_500_500,weak_null,True,386,947166935,-1.8318679906315083e-15,0,4
500,500,0.12084504663347273,0.1152914553887271,0.1042442964832162,0.1035998002570011,0.005553591244745637,0.0006444962262150966,0.03290497603498152,0.1687766384890107,0.019586588530863175,0.8659723344770793,0.9843731625843439,0.894,0.88,0.981,True,999,0.0001194999786093831,0.00274620798882097,weak_5x5_bal_strong_500_500,weak_null,True,387,947166935,-1.8318679906315083e-15,0,9
500,500,0.0801193881845621,0.09972516988396146,0.06355099700442679,0.08161094869387853,-0.01960578169939936,-0.018059951689451736,0.02903874446753446,-0.6751594140483166,-0.6219260515771576,0.49957448916907876,0.5339904939689051,0.632,0.504,0.536,True,999,0.0001301249722018838,0.002717665978707373,weak_5x5_bal_strong_500_500,weak_null,True,388,947166935,-1.8318679906315083e-15,0,5
500,500,0.1378616922538265,0.11663757543931574,0.12111431234711745,0.10137334572479517,0.02122411681451075,0.019740966622322276,0.03125149514235137,0.6791392449492208,0.631680709431714,0.4970496382627875,0.527595535753872,0.586,0.499,0.529,True,999,0.00011516700033098459,0.002754207933321595,weak_5x5_bal_strong_500_500,weak_null,True,389,947166935,-1.8318679906315083e-15,0,7
500,500,0.10548098439413534,0.16152149220903667,0.08894651084153793,0.15270004503449286,-0.05604050781490133,-0.06375353419295493,0.0342495244226841,-1.6362419262611616,-1.8614429037364904,0.10178896491732052,0.06268165657101568,0.164,0.103,0.062,True,999,0.00015437498223036528,0.002734333975240588,weak_5x5_bal_strong_500_500,weak_null,True,390,947166935,-1.8318679906315083e-15,0,10
500,500,0.10682273123562513,0.05724747666960406,0.09023710126166407,0.04623224394862291,0.049575254566021076,0.04400485731304116,0.026695695543473195,1.857050492851522,1.6483877425624844,0.06330397070987123,0.09927312969469988,0.202,0.07,0.101,True,999,0.00012441701255738735,0.0027190420078113675,weak_5x5_bal_strong_500_500,weak_null,True,391,947166935,-1.8318679906315083e-15,0,9
500,500,0.13866398610756958,0.12906417368011347,0.12200592941883315,0.11229111626121835,0.009599812427456111,0.009714813157614799,0.032781885935396285,0.29283893081607915,0.2963469879908653,0.7696452695052187,0.7669651053462364,0.801,0.761,0.759,True,999,0.0001313330139964819,0.0028449160745367408,weak_5x5_bal_strong_500_500,weak_null,True,392,947166935,-1.8318679906315083e-15,0,5
500,500,0.08908916080742246,0.1376798620243167,0.07255175245188639,0.11749224424966087,-0.04859070121689424,-0.044940491797774484,0.03127966624077948,-1.5534277393774192,-1.4367318197016217,0.12032098014044686,0.15079420992201847,0.201,0.121,0.148,True,999,0.0001255829120054841,0.0027744160033762455,weak_5x5_bal_strong_500_500,weak_null,True,393,947166935,-1.8318679906315083e-15,0,4
500,500,0.13057315803392533,0.07851432757459331,0.1139375297833567,0.06147377829702805,0.05205883045933202,0.05246375148632865,0.02993455741077088,1.7390880294291744,1.7526149047873159,0.08201927992119185,0.07966813111535911,0.197,0.092,0.088,True,999,0.00011979101691395044,0.0027611670084297657,weak_5x5_bal_strong_500_500,weak_null,True,394,947166935,-1.8318679906315083e-15,0,6
500,500,0.08468161049370493,0.09007286127504849,0.0681111413329063,0.07252204960241215,-0.0053912507813435595,-0.004410908269505853,0.027949015906519572,-0.19289590729689918,-0.15781980604465345,0.8470404903454671,0.8745987912777424,0.881,0.833,0.861,True,999,0.0001194169744849205,0.0028232079930603504,weak_5x5_bal_strong_500_500,weak_null,True,395,947166935,-1.8318679906315083e-15,0,4
500,500,0.10390565848075695,0.14510971966961084,0.0873765331988352,0.13101056392358146,-0.04120406118885389,-0.04363403072474625,0.03295587753151574,-1.2502795942681362,-1.3240136204238222,0.21119742990602486,0.185498521231518,0.323,0.22,0.198,True,999,0.00011350004933774471,0.002626375062391162,weak_5x5_bal_strong_500_500,weak_null,True,396,947166935,-1.8318679906315083e-15,0,7
500,500,0.11383434733322795,0.14079227188429694,0.09728215389679917,0.12713895029042988,-0.02695792455106899,-0.029856796393630702,0.03371220426844109,-0.7996488255828775,-0.8856376211976283,0.42391429027027405,0.3758128319714219,0.505,0.431,0.391,True,999,0.00012112502008676529,0.0026888749562203884,weak_5x5_bal_strong_500_500,weak_null,True,397,947166935,-1.8318679906315083e-15,0,7
500,500,0.11159994505270365,0.09146173918775624,0.09496279397512808,0.0726514196727237,0.02013820586494741,0.022311374302404374,0.029975245942329157,0.6718278776992286,0.7443266469049268,0.5016932790457858,0.4566788841706324,0.656,0.536,0.488,True,999,0.0001255410024896264,0.002802375005558133,weak_5x5_bal_strong_500_500,weak_null,True,398,947166935,-1.8318679906315083e-15,0,6
500,500,0.09294292513451285,0.109482955414679,0.0764363974213893,0.08708303979162224,-0.01654003028016615,-0.01064664237023294,0.031034986614759556,-0.5329478786467424,-0.3430529067851968,0.5940696608142193,0.7315586585729155,0.687,0.595,0.738,True,999,0.00011374999303370714,0.002749499981291592,weak_5x5_bal_strong_500_500,weak_null,True,399,947166935,-1.8318679906315083e-15,0,3
500,500,0.11175805793058391,0.10485701695004368,0.0951491495876553,0.09114567999057499,0.0069010409805402295,0.004003469597080311,0.02932746522376244,0.23530983424195467,0.13650922664248935,0.8139682627793472,0.891418731024361,0.861,0.821,0.89,True,999,0.00011879194062203169,0.0026649170322343707,weak_5x5_bal_strong_500_500,weak_null,True,400,947166935,-1.8318679906315083e-15,0,8
500,500,0.11054565482887413,0.16150063731868147,0.0940068769282334,0.1442721053820719,-0.05095498248980734,-0.05026522845383852,0.03308203258032449,-1.5402615412486105,-1.5194117329941124,0.12349661425501085,0.12865889046894216,0.197,0.111,0.115,True,999,0.00011200003791600466,0.0027201250195503235,weak_5x5_bal_strong_500_500,weak_null,True,401,947166935,-1.8318679906315083e-15,0,5
500,500,0.11838578124158072,0.11485456335470079,0.10180670589932106,0.09524247490512039,0.0035312178868799338,0.0065642309942006705,0.03221921198934587,0.10959975954867003,0.20373654688920717,0.9127268013624574,0.8385593808532783,0.928,0.914,0.838,True,999,0.00011054205242544413,0.0027135000564157963,weak_5x5_bal_strong_500_500,weak_null,True,402,947166935,-1.8318679906315083e-15,0,6
500,500,0.12355933761295135,0.12691233929406398,0.10698467618090035,0.11038728703678657,-0.003353001681112633,-0.0034026108558862234,0.03267507332651706,-0.10261650058460756,-0.10413475807336216,0.9182673464035795,0.9170624078409894,0.927,0.906,0.906,True,999,0.00011429202277213335,0.0026856660842895508,weak_5x5_bal_strong_500_500,weak_null,True,403,947166935,-1.8318679906315083e-15,0,5
500,500,0.14365052240575582,0.1026551667509884,0.12615345677681944,0.08738050995881963,0.04099535565476742,0.03877294681799981,0.031184388023529866,1.3146115172705901,1.2433448040969755,0.18864049739044664,0.2137408005470386,0.304,0.202,0.237,True,999,0.00011487503070384264,0.0027210830012336373,weak_5x5_bal_strong_500_500,weak_null,True,404,947166935,-1.8318679906315083e-15,0,6
500,500,0.10786818839868229,0.09672032387194585,0.0911721746144849,0.08706714478125832,0.01114786452673644,0.004105029833226581,0.029555598770159692,0.3771828347457366,0.13889178375811337,0.7060377357492876,0.8895356636488256,0.805,0.721,0.893,True,999,0.00011104205623269081,0.0027369169984012842,weak_5x5_bal_strong_500_500,weak_null,True,405,947166935,-1.8318679906315083e-15,0,10
500,500,0.09054076715357784,0.1226705609022512,0.07400779516979128,0.10572696431847817,-0.03212979374867336,-0.03171916914868689,0.03190405123712814,-1.007075669164,-0.9942050591924171,0.3138984124609291,0.32012304556981497,0.435,0.307,0.311,True,999,0.00011262495536357164,0.0027816250221803784,weak_5x5_bal_strong_500_500,weak_null,True,406,947166935,-1.8318679906315083e-15,0,6
500,500,0.14518002464927582,0.10768500905336303,0.12767349360012759,0.0924364814017622,0.037495015595912784,0.03523701219836539,0.032087172531712206,1.1685359798796835,1.098165074019537,0.24259063485789967,0.2721324140735788,0.361,0.264,0.298,True,999,0.0001222090795636177,0.0026940000243484974,weak_5x5_bal_strong_500_500,weak_null,True,407,947166935,-1.8318679906315083e-15,0,8
500,500,0.11268602055124521,0.14995143053432242,0.09612806416396324,0.13299874771104214,-0.0372654099830772,-0.0368706835470789,0.0329468864907236,-1.1310753140078806,-1.1190946239323727,0.25802339349152736,0.26309977312383115,0.384,0.284,0.286,True,999,0.00011466699652373791,0.0026665000477805734,weak_5x5_bal_strong_500_500,weak_null,True,408,947166935,-1.8318679906315083e-15,0,6
500,500,0.13573758397779678,0.08157332031519382,0.12022480007317426,0.06708966073128408,0.05416426366260296,0.05313513934189018,0.02906298323400009,1.8636856108851718,1.8282754703491226,0.06236586723844811,0.06750821932205513,0.168,0.072,0.076,True,999,0.00011641602031886578,0.00277645792812109,weak_5x5_bal_strong_500_500,weak_null,True,409,947166935,-1.8318679906315083e-15,1,7
500,500,0.13065978951540957,0.12155007888277702,0.1139384534326382,0.10199539615408071,0.00910971063263255,0.01194305727855749,0.031270706136396834,0.29131771418584973,0.3819247709490205,0.770808340731506,0.7025171660081428,0.81,0.775,0.716,True,999,0.000133083900436759,0.002739416901022196,weak_5x5_bal_strong_500_500,weak_null,True,410,947166935,-1.8318679906315083e-15,0,4
500,500,0.13530790038538565,0.10455245847435529,0.11871990164524959,0.08959322833709393,0.030755441911030357,0.02912667330815566,0.03230766434796911,0.9519549782299156,0.9015406683209084,0.341119815277539,0.3673009209605945,0.47,0.355,0.386,True,999,0.0001192920608446002,0.0026680839946493506,weak_5x5_bal_strong_500_500,weak_null,True,411,947166935,-1.8318679906315083e-15,0,7
500,500,0.11111467628241267,0.15544101215525108,0.09453890184136071,0.1382359824609125,-0.04432633587283841,-0.0436970806195518,0.03259906569061698,-1.3597425243263,-1.3404396627271797,0.17391141622939021,0.18010244823350297,0.265,0.182,0.188,True,999,0.00011441705282777548,0.002767374971881509,weak_5x5_bal_strong_500_500,weak_null,True,412,947166935,-1.8318679906315083e-15,0,5
500,500,0.142978616013413,0.16403097525143684,0.12544310776297607,0.14541231783323383,-0.021052359238023843,-0.01996921007025776,0.03547959734119004,-0.5933652244013239,-0.5628364346478787,0.5529367567586632,0.5735462678417322,0.591,0.545,0.561,True,999,0.00011679204180836678,0.002782583935186267,weak_5x5_bal_strong_500_500,weak_null,True,413,947166935,-1.8318679906315083e-15,0,4
500,500,0.11047098420901325,0.13675378066650012,0.09389198309429503,0.12341392086580072,-0.02628279645748688,-0.02952193777150569,0.0312802026756634,-0.8402374092651068,-0.943789849369305,0.40077528735794277,0.34527704872860987,0.489,0.393,0.33,True,999,0.0001181670231744647,0.0026450000004842877,weak_5x5_bal_strong_500_500,weak_null,True,414,947166935,-1.8318679906315083e-15,0,7
500,500,0.11896265877629664,0.1259065219112498,0.10226281724362707,0.1071041730654656,-0.006943863134953154,-0.004841355821838533,0.03305025298379713,-0.21010015077214023,-0.146484682710659,0.8335895078065011,0.8835387809122767,0.874,0.846,0.895,True,999,0.00011087500024586916,0.0027287499979138374,weak_5x5_bal_strong_500_500,weak_null,True,415,947166935,-1.8318679906315083e-15,0,6
500,500,0.08580390547277528,0.15690202413770304,0.06928375195298031,0.14119578770063868,-0.07109811866492777,-0.07191203574765836,0.03296019452170198,-2.15709038422436,-2.1817843247347746,0.030998622696080416,0.029125453996883457,0.069,0.034,0.033,True,999,0.00011437491048127413,0.0026793330907821655,weak_5x5_bal_strong_500_500,weak_null,True,416,947166935,-1.8318679906315083e-15,0,7
500,500,0.13849081126505824,0.10759570896353343,0.12171722805908303,0.09508363211350002,0.030895102301524813,0.02663359594558301,0.031335467876266766,0.9859467368899418,0.8499504794614886,0.32415925061439277,0.3953526187473432,0.428,0.335,0.392,True,999,0.00012008391786366701,0.002740708994679153,weak_5x5_bal_strong_500_500,weak_null,True,417,947166935,-1.8318679906315083e-15,0,9
500,500,0.1329796745242191,0.13206558638007682,0.11549844284638766,0.11344052807970684,0.0009140881441422888,0.002057914766680824,0.032980464584297535,0.027716048141344228,0.06239799204225359,0.9778886240547625,0.9502458939640498,0.984,0.983,0.959,True,999,0.0001177079975605011,0.0028170410078018904,weak_5x5_bal_strong_500_500,weak_null,True,418,947166935,-1.8318679906315083e-15,0,4
500,500,0.11573434039609731,0.12400140308629437,0.09914324211467829,0.11105118500140065,-0.008267062690197058,-0.011907942886722367,0.03193175436953566,-0.25889785429654344,-0.3729185295901901,0.7957140537822739,0.7092090805935574,0.854,0.811,0.715,True,999,0.0001177910016849637,0.0026978329988196492,weak_5x5_bal_strong_500_500,weak_null,True,419,947166935,-1.8318679906315083e-15,0,8
500,500,0.09248597612585319,0.09725048411708448,0.07592788194722289,0.08560789911373945,-0.004764507991231293,-0.009680017166516564,0.029192036403887497,-0.1632125941921888,-0.33159787253579465,0.870351050438813,0.7401929262440579,0.896,0.866,0.729,True,999,0.00011312507558614016,0.0026803340297192335,weak_5x5_bal_strong_500_500,weak_null,True,420,947166935,-1.8318679906315083e-15,0,9
500,500,0.12691461394787984,0.15157730799629593,0.1103371793893757,0.14070496548262668,-0.02466269404841609,-0.03036778609325097,0.034644794654192665,-0.7118730041435372,-0.8765468635726464,0.47654342041246833,0.3807328114483748,0.558,0.477,0.371,True,999,0.00011754198931157589,0.0027295000618323684,weak_5x5_bal_strong_500_500,weak_null,True,421,947166935,-1.8318679906315083e-15,0,9
500,500,0.09064784472906107,0.09320014345017158,0.07412048003982363,0.07734560228664122,-0.002552298721110513,-0.003225122246817591,0.029354304144868504,-0.08694802331250923,-0.1098688025749499,0.9307128269465467,0.9125134246612443,0.944,0.923,0.901,True,999,0.00014354195445775986,0.002626041998155415,weak_5x5_bal_strong_500_500,weak_null,True,422,947166935,-1.8318679906315083e-15,0,7
500,500,0.09356354705879655,0.12461411308631437,0.07704919398599941,0.10300438793979083,-0.031050566027517823,-0.025955193953791422,0.03170861973150462,-0.9792468511856106,-0.8185532569241168,0.3274580244029319,0.4130413450450283,0.443,0.333,0.429,True,999,0.00011179200373589993,0.0026672909734770656,weak_5x5_bal_strong_500_500,weak_null,True,423,947166935,-1.8318679906315083e-15,0,3
500,500,0.11569140444257431,0.12806086108906245,0.09901425607120018,0.10815480258827392,-0.012369456646488142,-0.009140546517073744,0.03303182745557846,-0.3744708543032539,-0.27671937101772665,0.7080540367283477,0.7819955965646209,0.772,0.723,0.798,True,999,0.00012158299796283245,0.0027750409208238125,weak_5x5_bal_strong_500_500,weak_null,True,424,947166935,-1.8318679906315083e-15,0,5
500,500,0.12955057325898123,0.120721542581262,0.11288904210562123,0.10611449318966493,0.00882903067771923,0.006774548915956302,0.0326968141351458,0.27002724611719603,0.20719293592198454,0.7871392925531218,0.8358591839362759,0.832,0.777,0.841,True,999,0.00011812499724328518,0.002650666981935501,weak_5x5_bal_strong_500_500,weak_null,True,425,947166935,-1.8318679906315083e-15,0,8
500,500,0.13680510181223027,0.13231418777097015,0.11932347805645804,0.11895540238833746,0.004490914041260119,0.0003680756681205821,0.03314206030118095,0.1355049746590466,0.011105998383192444,0.8922126313260051,0.9911388775179908,0.89,0.876,0.988,True,999,0.0001170419855043292,0.002727958024479449,weak_5x5_bal_strong_500_500,weak_null,True,426,947166935,-1.8318679906315083e-15,0,7
500,500,0.12622837785506258,0.08848970571994974,0.10965094745984061,0.07466784259807469,0.03773867213511284,0.034983104861765923,0.029954577696218627,1.259863267572517,1.1678717428949794,0.20771869166562407,0.24285850371288065,0.367,0.218,0.254,True,999,0.00012616708409041166,0.0028257500380277634,weak_5x5_bal_strong_500_500,weak_null,True,427,947166935,-1.8318679906315083e-15,0,8
500,500,0.12645008803359947,0.09744292850070818,0.10983759460953024,0.0816757854269099,0.02900715953289129,0.028161809182620345,0.031049248547458497,0.934230646147655,0.9070045331234111,0.35018493057538214,0.364404400049292,0.449,0.352,0.361,True,999,0.00011983304284512997,0.002659041900187731,weak_5x5_bal_strong_500_500,weak_null,True,428,947166935,-1.8318679906315083e-15,0,7
500,500,0.14375209446779835,0.11202580342961627,0.12707005010759076,0.09998794394891775,0.031726291038182086,0.027082106158673014,0.031966982949288784,0.9924706090816101,0.8471899334896585,0.3209680098229294,0.3968892635451212,0.444,0.329,0.41,True,999,0.0001115420600399375,0.002742042066529393,weak_5x5_bal_strong_500_500,weak_null,True,429,947166935,-1.8318679906315083e-15,0,8
500,500,0.12314355625233508,0.08628182366699094,0.10651691565101373,0.06994679435362627,0.03686173258534414,0.03657012129738746,0.028594078939075878,1.2891386592267504,1.2789403489899351,0.19734988565938305,0.20091806250631827,0.352,0.194,0.195,True,999,0.00011241692118346691,0.0027920419815927744,weak_5x5_bal_strong_500_500,weak_null,True,430,947166935,-1.8318679906315083e-15,0,6
500,500,0.1290244834015697,0.09273878467415403,0.11243645336753616,0.08198562573645063,0.03628569872741566,0.03045082763108553,0.030892065168064163,1.1745960825217787,0.985716800266407,0.24015635133457947,0.3242721029534773,0.375,0.234,0.324,True,999,0.0001194999786093831,0.0026483751134946942,weak_5x5_bal_strong_500_500,weak_null,True,431,947166935,-1.8318679906315083e-15,0,10
500,500,0.10791849180960078,0.1407146928729306,0.09135016287814324,0.12885037604496574,-0.03279620106332981,-0.037500213166822505,0.033470198872333864,-0.9798627486028721,-1.1204060456844136,0.32715387310658184,0.2625407698140858,0.42,0.329,0.258,True,999,0.00011462497059255838,0.002671249909326434,weak_5x5_bal_strong_500_500,weak_null,True,432,947166935,-1.8318679906315083e-15,0,9
500,500,0.1321168229668377,0.145033777521464,0.11546929529265526,0.12509232593257025,-0.012916954554626325,-0.009623030639914987,0.03399817897549819,-0.37993077699647726,-0.28304547272517483,0.7039968006000676,0.7771419794301488,0.765,0.714,0.786,True,999,0.00011199992150068283,0.002784417010843754,weak_5x5_bal_strong_500_500,weak_null,True,433,947166935,-1.8318679906315083e-15,0,4
500,500,0.12056276808068978,0.15014846468510717,0.10398922165779823,0.1332017562570229,-0.0295856966044174,-0.029212534599224682,0.03395995879535993,-0.8711935365616462,-0.8602052427465282,0.3836484884508644,0.38967591519660694,0.457,0.377,0.376,True,999,0.00011004193220287561,0.002680417033843696,weak_5x5_bal_strong_500_500,weak_null,True,434,947166935,-1.8318679906315083e-15,0,6
500,500,0.10923277561795719,0.09210083947036901,0.09267089570573717,0.07590044375552907,0.017131936147588178,0.0167704519502081,0.029733967669034536,0.5761739011181367,0.5640166202128866,0.5644976440955928,0.5727428211439637,0.627,0.528,0.533,True,999,0.0001163750421255827,0.0026464579859748483,weak_5x5_bal_strong_500_500,weak_null,True,435,947166935,-1.8318679906315083e-15,0,6
500,500,0.11609794944308516,0.1189847374623133,0.09954297434501314,0.10146783181409091,-0.002886788019228148,-0.0019248574690777787,0.032085250709298956,-0.08997243142599158,-0.05999197221544278,0.9283091224905666,0.9521620284196104,0.942,0.93,0.954,True,999,0.00011387502308934927,0.002722166944295168,weak_5x5_bal_strong_500_500,weak_null,True,436,947166935,-1.8318679906315083e-15,0,5
500,500,0.11384627843516104,0.1170838985263214,0.09728791346583421,0.10719907287193564,-0.0032376200911603537,-0.009911159406101433,0.0318750778409326,-0.10157214697065747,-0.3109375749782154,0.919096288577498,0.755848078631213,0.927,0.913,0.738,True,999,0.00011349993292242289,0.002630458911880851,weak_5x5_bal_strong_500_500,weak_null,True,437,947166935,-1.8318679906315083e-15,0,9
500,500,0.10325876592347227,0.11971961348481636,0.08671006487634259,0.11107968851484884,-0.016460847561344083,-0.024369623638506255,0.03142067634532308,-0.5238858444813285,-0.7755919500483203,0.600357940967161,0.4379899549264453,0.684,0.616,0.452,True,999,0.00011091702617704868,0.0027230839477851987,weak_5x5_bal_strong_500_500,weak_null,True,438,947166935,-1.8318679906315083e-15,0,11
500,500,0.1056623930914149,0.11124814201281841,0.08911553307632403,0.09709347926968803,-0.0055857489214035105,-0.007977946193364005,0.032022300407263754,-0.17443309351181002,-0.24913719788708039,0.8615251081107582,0.8032546566544745,0.902,0.873,0.813,True,999,0.00012083305045962334,0.0026956669753417373,weak_5x5_bal_strong_500_500,weak_null,True,439,947166935,-1.8318679906315083e-15,0,7
500,500,0.12941551720306066,0.12746063005826846,0.11264859297114072,0.1113952714512152,0.0019548871447921945,0.001253321519925521,0.03319543803352268,0.05889023494186268,0.03775583616820613,0.9530395359413796,0.9698823568770559,0.959,0.952,0.971,True,999,0.00011162494774907827,0.0026738749584183097,weak_5x5_bal_strong_500_500,weak_null,True,440,947166935,-1.8318679906315083e-15,0,7
500,500,0.147786080036572,0.14046018349617967,0.13024690662643934,0.1299355801649824,0.00732589654039234,0.0003113264614569289,0.034333485927591244,0.21337467904781168,0.009067720711887842,0.831034728928935,0.9927651047889203,0.856,0.831,0.99,True,999,0.00010941701475530863,0.0027575830463320017,weak_5x5_bal_strong_500_500,weak_null,True,441,947166935,-1.8318679906315083e-15,0,8
500,500,0.11282027630005986,0.09755452713166418,0.09627954476604828,0.08856765784332765,0.015265749168395681,0.007711886922720623,0.0307805320233848,0.49595468839842927,0.25054430238118347,0.619926380210877,0.8021664485392942,0.696,0.596,0.815,True,999,0.0001354999840259552,0.0026527500012889504,weak_5x5_bal_strong_500_500,weak_null,True,442,947166935,-1.8318679906315083e-15,0,10
500,500,0.09872906431124973,0.13699050595685774,0.08216624138401585,0.12400554898405858,-0.03826144164560802,-0.04183930760004273,0.032388903225695105,-1.1813132843366567,-1.2917790796586879,0.23747829193090875,0.19643366224991443,0.345,0.248,0.2,True,999,0.00011125009041279554,0.0026922920951619744,weak_5x5_bal_strong_500_500,weak_null,True,443,947166935,-1.8318679906315083e-15,0,8
500,500,0.14527481165388312,0.1296400663198467,0.12852171507722687,0.12469516991706087,0.015634745334036415,0.003826545160166006,0.032263907232848485,0.4845893344907212,0.11860141837595321,0.6279676807866861,0.905591141583933,0.682,0.623,0.894,True,999,0.00011879089288413525,0.0028525000670924783,weak_5x5_bal_strong_500_500,weak_null,True,444,947166935,-1.8318679906315083e-15,0,12
500,500,0.15281378321976624,0.05779418564359273,0.13600750140210494,0.043012439763430166,0.09501959757617351,0.09299506163867477,0.029022360977098625,3.2740133599452133,3.20425556391007,0.0010603159808402615,0.0013541221933536449,0.018,0.004,0.004,True,999,0.00011862500105053186,0.0027415830409154296,weak_5x5_bal_strong_500_500,weak_null,True,445,947166935,-1.8318679906315083e-15,0,8
500,500,0.13522953895168732,0.12464050398747623,0.11855194168504113,0.11034451221803465,0.010589034964211097,0.008207429467006477,0.032004412560490046,0.3308617192769046,0.2564468087484499,0.7407489385169999,0.7976058477843149,0.791,0.738,0.797,True,999,0.00011504197027534246,0.0027282079681754112,weak_5x5_bal_strong_500_500,weak_null,True,446,947166935,-1.8318679906315083e-15,0,7
500,500,0.15628047941070533,0.12346899309891529,0.1406408338938263,0.1049786864100497,0.03281148631179004,0.03566214748377661,0.03316878383298234,0.9892278980443951,1.0751719949501108,0.3225516517909347,0.2822977311490783,0.413,0.317,0.282,True,999,0.00012116704601794481,0.0028055409202352166,weak_5x5_bal_strong_500_500,weak_null,True,447,947166935,-1.8318679906315083e-15,1,5
500,500,0.11047791659243877,0.117488797689411,0.09388159757884296,0.10430368368673726,-0.007010881096972232,-0.010422086107894302,0.03150641212193458,-0.22252235734869025,-0.33079254050125584,0.8239072708691673,0.7408011958098688,0.867,0.841,0.75,True,999,0.00012099999003112316,0.0027265839744359255,weak_5x5_bal_strong_500_500,weak_null,True,448,947166935,-1.8318679906315083e-15,0,7
500,500,0.14685085076476345,0.1363550054142536,0.13019492581145187,0.12159765781561305,0.010495845350509847,0.00859726799583882,0.03353677825864684,0.3129652249110627,0.25635342576838527,0.7543070824031033,0.7976779472936761,0.775,0.729,0.777,True,999,0.00011308398097753525,0.0026592500507831573,weak_5x5_bal_strong_500_500,weak_null,True,449,947166935,-1.8318679906315083e-15,0,8
500,500,0.10783317735469855,0.12679418206315363,0.0912900510812733,0.10981389661191088,-0.018961004708455076,-0.018523845530637573,0.03202556464900854,-0.5920584044735048,-0.578408085342253,0.5538114794243755,0.562988636483409,0.61,0.53,0.537,True,999,0.00011516595259308815,0.002704333048313856,weak_5x5_bal_strong_500_500,weak_null,True,450,947166935,-1.8318679906315083e-15,0,6
500,500,0.114897958139345,0.09927952633482268,0.0983279101573089,0.08756055328652224,0.015618431804522326,0.01076735687078667,0.03148853513003516,0.4960037594643383,0.3419453088662828,0.6198917585153443,0.7323920510525119,0.733,0.655,0.757,True,999,0.00013887498062103987,0.0027190829860046506,weak_5x5_bal_strong_500_500,weak_null,True,451,947166935,-1.8318679906315083e-15,0,9
500,500,0.15455717685718873,0.09272822689358284,0.1379609836325244,0.07857432121363672,0.061828949963605884,0.05938666241888768,0.03293436101864155,1.877338683711197,1.8031824690715441,0.06047168952443502,0.07135956276060303,0.16,0.077,0.085,True,999,0.00011537503451108932,0.002693457994610071,weak_5x5_bal_strong_500_500,weak_null,True,452,947166935,-1.8318679906315083e-15,0,7
500,500,0.08720096188672954,0.12201954115433439,0.07068325036857459,0.10461854862600717,-0.03481857926760484,-0.03393529825743258,0.030720680185132323,-1.1333921989284519,-1.1046401984893555,0.2570495886392662,0.2693155254057523,0.396,0.266,0.273,True,999,0.00011983304284512997,0.0027299169450998306,weak_5x5_bal_strong_500_500,weak_null,True,453,947166935,-1.8318679906315083e-15,0,5
500,500,0.1012900190950734,0.14485163058706596,0.08475493577873294,0.13884995548679058,-0.04356161149199256,-0.054095019708057634,0.03255937671676703,-1.3379129419747071,-1.6614267582155664,0.18092481778474723,0.09662776740492329,0.261,0.176,0.101,True,999,0.0001264589373022318,0.0027265839744359255,weak_5x5_bal_strong_500_500,weak_null,True,454,947166935,-1.8318679906315083e-15,0,11
500,500,0.09490463810220628,0.14311927815848974,0.07824703731319005,0.1324732383829712,-0.04821464005628345,-0.054226201069781155,0.03105498466720867,-1.5525572004932873,-1.7461351744616782,0.1205289573102343,0.08078746597124797,0.208,0.122,0.084,True,999,0.00011966703459620476,0.0027612500125542283,weak_5x5_bal_strong_500_500,weak_null,True,455,947166935,-1.8318679906315083e-15,0,10
500,500,0.10938762310303707,0.10766798803303712,0.09266771052341483,0.09309126201549134,0.0017196350699999474,-0.00042355149207651266,0.029919079572124533,0.0574762022960801,-0.014156568254564008,0.9541658625804218,0.9887050700235122,0.966,0.957,0.988,True,999,0.00014450005255639553,0.0026797919999808073,weak_5x5_bal_strong_500_500,weak_null,True,456,947166935,-1.8318679906315083e-15,0,6
500,500,0.11894242147847978,0.08028238464508991,0.10237463966063842,0.06783811202078027,0.038660036833389866,0.03453652763985815,0.02986583317290181,1.2944570007331089,1.1563892237633673,0.19550761267555683,0.2475219874240553,0.362,0.221,0.274,True,999,0.00011383299715816975,0.002649958012625575,weak_5x5_bal_strong_500_500,weak_null,True,457,947166935,-1.8318679906315083e-15,0,8
500,500,0.11762201819437745,0.05839365004409308,0.10104007402037496,0.041996202014445316,0.05922836815028437,0.05904387200592964,0.026761580076757604,2.213186515161118,2.2062924474780607,0.02688478939585276,0.027363529856107703,0.117,0.034,0.034,True,999,0.0001247919863089919,0.0026619170093908906,weak_5x5_bal_strong_500_500,weak_null,True,458,947166935,-1.8318679906315083e-15,0,6
500,500,0.10837000169235722,0.10167299470182833,0.09176121561176842,0.09244468284035179,0.0066970069905288865,-0.0006834672285833676,0.03149502109983307,0.21263700599852534,-0.021700802371806955,0.8316101048396901,0.9826866237242766,0.85,0.816,0.977,True,999,0.00011108291801065207,0.002768542035482824,weak_5x5_bal_strong_500_500,weak_null,True,459,947166935,-1.8318679906315083e-15,0,10
500,500,0.12745969880011954,0.2004390594238944,0.1108245177651952,0.18452166690099148,-0.07297936062377486,-0.07369714913579628,0.03588471810178698,-2.033716982721418,-2.05371960640054,0.04198013887210197,0.04000283779789735,0.082,0.06,0.057,True,999,0.00013029202818870544,0.0027839159592986107,weak_5x5_bal_strong_500_500,weak_null,True,460,947166935,-1.8318679906315083e-15,0,6
500,500,0.10632447881866702,0.1442229621990525,0.08976752952992229,0.1319266606502083,-0.037898483380385484,-0.04215913112028602,0.033172108679423905,-1.1424803815349027,-1.2709210477908692,0.25325439620518275,0.20375673771127745,0.356,0.248,0.198,True,999,0.00011962500866502523,0.002743417047895491,weak_5x5_bal_strong_500_500,weak_null,True,461,947166935,-1.8318679906315083e-15,0,8
500,500,0.1157150864495553,0.1489588957884349,0.09916766383560116,0.1380937702100482,-0.033243809338879604,-0.038926106374447045,0.03370845113941802,-0.9862158662046898,-1.1547877478395203,0.32402719509063094,0.2481773556432394,0.413,0.321,0.239,True,999,0.00011820800136774778,0.0028261670377105474,weak_5x5_bal_strong_500_500,weak_null,True,462,947166935,-1.8318679906315083e-15,0,9
500,500,0.08334112586993925,0.09265942030372132,0.06679543700374779,0.07564857185914775,-0.00931829443378207,-0.008853134855399958,0.028118781242265134,-0.33139040961618244,-0.3148477446132294,0.7403496080579866,0.7528772588885609,0.796,0.725,0.731,True,999,0.00012262491509318352,0.0026475409977138042,weak_5x5_bal_strong_500_500,weak_null,True,463,947166935,-1.8318679906315083e-15,0,6
500,500,0.13325994117986228,0.09207160330159081,0.11648025026181585,0.0768909411248444,0.041188337878271475,0.03958930913697145,0.029732469854929795,1.3852982304947075,1.331517675125376,0.16596129459521913,0.1830187330865879,0.299,0.173,0.188,True,999,0.00011175009422004223,0.0027426249580457807,weak_5x5_bal_strong_500_500,weak_null,True,464,947166935,-1.8318679906315083e-15,0,7
500,500,0.07666481100419653,0.12429036434691387,0.060163043083434786,0.1060519873652197,-0.04762555334271734,-0.045888944281784916,0.02980592365843349,-1.5978553085115295,-1.5395914183924573,0.11007518223242,0.12365997860043493,0.237,0.111,0.12,True,999,0.00011620903387665749,0.0027971670497208834,weak_5x5_bal_strong_500_500,weak_null,True,465,947166935,-1.8318679906315083e-15,0,5
500,500,0.10806550310015361,0.1346903251420497,0.09146883349126256,0.12307643509689115,-0.02662482204189609,-0.03160760160562859,0.03197131924146552,-0.8327720805266229,-0.9886236275366077,0.4049732835878177,0.3228473216595332,0.521,0.406,0.324,True,999,0.00011929101310670376,0.0026501669781282544,weak_5x5_bal_strong_500_500,weak_null,True,466,947166935,-1.8318679906315083e-15,0,9
500,500,0.16824079931925673,0.11723479071855736,0.15151370563910405,0.10706345581309051,0.05100600860069937,0.04445024982601353,0.032933541381271844,1.5487556594719785,1.3496954157286845,0.12144046825968657,0.17711370344049504,0.212,0.119,0.176,True,999,0.00010954204481095076,0.0027359159430488944,weak_5x5_bal_strong_500_500,weak_null,True,467,947166935,-1.8318679906315083e-15,0,9
500,500,0.12248482388097681,0.10610483795236231,0.10577144672413397,0.09146587770047176,0.016379985928614504,0.014305569023662201,0.030882464384253287,0.5303976303447636,0.4632262777240178,0.5958362686340153,0.643202182556361,0.659,0.574,0.617,True,999,0.00012562493793666363,0.00283612497150898,weak_5x5_bal_strong_500_500,weak_null,True,468,947166935,-1.8318679906315083e-15,0,6
500,500,0.13958776400069373,0.1397045756976924,0.1228336954087581,0.12511028575886485,-0.00011681169699867544,-0.002276590350106744,0.034828189331082525,-0.0033539411391227993,-0.06536631371976016,0.9973239471643712,0.9478823444550764,0.998,0.998,0.946,True,999,0.00011691602412611246,0.002686167019419372,weak_5x5_bal_strong_500_500,weak_null,True,469,947166935,-1.8318679906315083e-15,0,8
500,500,0.13821084330485545,0.13533428583677432,0.12150310936328879,0.12034262348456082,0.0028765574680811312,0.0011604858787279682,0.03336408264098986,0.08621719047497804,0.03478249023703828,0.9312937655681142,0.9722531829495916,0.942,0.926,0.965,True,999,0.00011845899280160666,0.0027422079583629966,weak_5x5_bal_strong_500_500,weak_null,True,470,947166935,-1.8318679906315083e-15,0,7
500,500,0.11111207653661603,0.13255291066292918,0.09452690870762126,0.11638521278274538,-0.021440834126313146,-0.021858304075124124,0.03132084054487438,-0.6845548763480397,-0.6978836996346579,0.49362484961248476,0.48524992911875353,0.573,0.487,0.476,True,999,0.00012649991549551487,0.002727542072534561,weak_5x5_bal_strong_500_500,weak_null,True,471,947166935,-1.8318679906315083e-15,0,6
500,500,0.10825168078509306,0.1097106697183694,0.09173052567462037,0.09536167009457586,-0.0014589889332763395,-0.00363114441995549,0.031164241331949113,-0.046816122290152015,-0.11651637468976006,0.9626597793931049,0.9072433093599619,0.977,0.966,0.908,True,999,0.00011620798613876104,0.0026458329521119595,weak_5x5_bal_strong_500_500,weak_null,True,472,947166935,-1.8318679906315083e-15,0,7
500,500,0.09327576771953328,0.11387058227565316,0.07670182971946815,0.10061972280428222,-0.02059481455611989,-0.023917893084814068,0.0305595933123101,-0.6739230573406823,-0.7826639850988919,0.5003602322485621,0.4338244565981715,0.603,0.498,0.424,True,999,0.00011820800136774778,0.002718915930017829,weak_5x5_bal_strong_500_500,weak_null,True,473,947166935,-1.8318679906315083e-15,0,8
500,500,0.14427291479415905,0.11057086362300361,0.12768865595614898,0.1016202852904371,0.033702051171155434,0.026068370665711882,0.034120392816944504,0.9877392488406136,0.7640114463385101,0.3232803671274552,0.44486042146191085,0.463,0.357,0.462,True,999,0.00011858402285724878,0.0027711670845746994,weak_5x5_bal_strong_500_500,weak_null,True,474,947166935,-1.8318679906315083e-15,0,10
500,500,0.12771311944362118,0.15632461533767955,0.11113519137313688,0.14251693217707384,-0.02861149589405837,-0.031381740803936964,0.034398741239706467,-0.8317599674557894,-0.9122932896077319,0.4055444444217171,0.3616143458430513,0.505,0.417,0.374,True,999,0.00011500006075948477,0.0027603749185800552,weak_5x5_bal_strong_500_500,weak_null,True,475,947166935,-1.8318679906315083e-15,0,8
500,500,0.11905236397907859,0.07626101816169562,0.10248013660793731,0.05429372472133309,0.042791345817382975,0.04818641188660422,0.029066350342461602,1.4721953500598663,1.6578074412118766,0.14096813273335262,0.09735633889935937,0.302,0.155,0.107,True,999,0.00011983292642980814,0.0026549999602138996,weak_5x5_bal_strong_500_500,weak_null,True,476,947166935,-1.8318679906315083e-15,0,4
500,500,0.1218444575297366,0.09639385871518291,0.10522016831509973,0.080129773584531,0.025450598814553693,0.025090394730568732,0.029133869241961152,0.8735742788979608,0.8612105217535385,0.3823501386232667,0.3891221061157073,0.52,0.405,0.408,True,999,0.00011212506797164679,0.0028111248975619674,weak_5x5_bal_strong_500_500,weak_null,True,477,947166935,-1.8318679906315083e-15,0,6
500,500,0.10823181411192428,0.12595936505389277,0.09170173912013979,0.11084800322421984,-0.017727550941968484,-0.019146264104080046,0.03230575094850659,-0.5487428838978275,-0.592658073003721,0.5831819119852618,0.5534100059162133,0.648,0.575,0.551,True,999,0.0001354999840259552,0.0027865420561283827,weak_5x5_bal_strong_500_500,weak_null,True,478,947166935,-1.8318679906315083e-15,0,7
500,500,0.10724353752810623,0.14196975838881176,0.09066427076584205,0.12943373839814853,-0.03472622086070554,-0.03876946763230649,0.030912510032010992,-1.1233711149546028,-1.2541675713864497,0.2612799121898538,0.20978110410280115,0.357,0.262,0.206,True,999,0.00011812499724328518,0.0027619170723482966,weak_5x5_bal_strong_500_500,weak_null,True,479,947166935,-1.8318679906315083e-15,0,7
500,500,0.10846669343460369,0.13961896547603425,0.09193116396784262,0.12162929741529638,-0.031152272041430562,-0.029698133447453756,0.033223346586748484,-0.9376620732679593,-0.8938934965479727,0.3484181004752921,0.37137887772908973,0.47,0.373,0.39,True,999,0.00011737493332475424,0.0027854590443894267,weak_5x5_bal_strong_500_500,weak_null,True,480,947166935,-1.8318679906315083e-15,0,5
500,500,0.11206660219065845,0.11244381268695774,0.09538031589613638,0.09303178838194981,-0.00037721049629929615,0.0023485275141865714,0.03054516518474154,-0.012349270138755936,0.0768870457888291,0.9901469584585572,0.9387134030026302,0.991,0.989,0.941,True,999,0.00011550006456673145,0.0027547921054065228,weak_5x5_bal_strong_500_500,weak_null,True,481,947166935,-1.8318679906315083e-15,0,4
500,500,0.12542981796662755,0.11688024166677763,0.10880022725598337,0.10068243654706066,0.008549576299849926,0.008117790708922712,0.0321519365338337,0.2659117061534738,0.25248217009822427,0.790307209369492,0.8006683939880879,0.832,0.788,0.794,True,999,0.0001194999786093831,0.002778374939225614,weak_5x5_bal_strong_500_500,weak_null,True,482,947166935,-1.8318679906315083e-15,0,6
500,500,0.11379754160119315,0.10708775570043261,0.09705636453054467,0.09532669284828899,0.006709785900760545,0.0017296716822556846,0.031099994757105027,0.21574877916105256,0.0556164621815741,0.829183576237484,0.9556473498787013,0.849,0.823,0.947,True,999,0.0001230830093845725,0.0026615828974172473,weak_5x5_bal_strong_500_500,weak_null,True,483,947166935,-1.8318679906315083e-15,0,8
500,500,0.12259709515576844,0.09688441092559918,0.10601491799081941,0.08265219583336147,0.025712684230169258,0.023362722157457938,0.030502789328244493,0.8429617355144708,0.7659208443545487,0.39924984446937994,0.44372340237681973,0.522,0.386,0.441,True,999,0.00011437502689659595,0.002645708038471639,weak_5x5_bal_strong_500_500,weak_null,True,484,947166935,-1.8318679906315083e-15,0,7
500,500,0.09430757406093071,0.10323534547591418,0.07777927838071719,0.08787922195600117,-0.008927771414983465,-0.010099943575283987,0.03003844698788329,-0.2972114842882753,-0.33623387984598657,0.7663050546241958,0.7366945062097553,0.834,0.765,0.737,True,999,0.00011783302761614323,0.002693790942430496,weak_5x5_bal_strong_500_500,weak_null,True,485,947166935,-1.8318679906315083e-15,0,6
500,500,0.11071176781689718,0.11911221120613752,0.09412083746735789,0.10784765659767004,-0.008400443389240342,-0.013726819130312151,0.03157334000531375,-0.26606128422987746,-0.4347598045693597,0.7901920113282079,0.6637367838008653,0.848,0.796,0.646,True,999,0.00012004200834780931,0.002726582926698029,weak_5x5_bal_strong_500_500,weak_null,True,486,947166935,-1.8318679906315083e-15,0,8
500,500,0.12923444451948152,0.1485488438182318,0.11263062322257156,0.1362768571962647,-0.019314399298750284,-0.023646233973693143,0.033099671474576944,-0.5835223867277718,-0.7143948238838335,0.5595416911398485,0.47498307176608856,0.647,0.576,0.486,True,999,0.00011779204942286015,0.0027522080345079303,weak_5x5_bal_strong_500_500,weak_null,True,487,947166935,-1.8318679906315083e-15,0,8
500,500,0.09602811835159675,0.10094428555291801,0.07946952141958263,0.084946104744688,-0.004916167201321264,-0.005476583325105366,0.030851769632206174,-0.15934798100492994,-0.17751277772372445,0.8733947202794339,0.8591056294427887,0.91,0.876,0.864,True,999,0.00011891697067767382,0.0027596669970080256,weak_5x5_bal_strong_500_500,weak_null,True,488,947166935,-1.8318679906315083e-15,0,7
500,500,0.09980531206977727,0.15455952995040445,0.0832827078287437,0.14262211842898864,-0.054754217880627176,-0.059339410600244946,0.033708788508180994,-1.62433063612887,-1.7603542941284733,0.1043052621512381,0.07834775376727243,0.18,0.092,0.068,True,999,0.00014516699593514204,0.002656665979884565,weak_5x5_bal_strong_500_500,weak_null,True,489,947166935,-1.8318679906315083e-15,0,9
500,500,0.09571594944282835,0.14547973940176828,0.07914449985514693,0.13519614232478716,-0.04976378995893993,-0.05605164246964023,0.03358760466942829,-1.4816117567393943,-1.668819286796563,0.1384436289606968,0.09515319923223511,0.24,0.156,0.107,True,999,0.00011629203800112009,0.0026729590026661754,weak_5x5_bal_strong_500_500,weak_null,True,490,947166935,-1.8318679906315083e-15,0,9
500,500,0.12233106966234053,0.1140824549610372,0.10569761659291999,0.10023881644755761,0.008248614701303336,0.005458800145362375,0.03119861122650651,0.26439044486362484,0.1749693313503823,0.7914790735505937,0.8611037318480197,0.841,0.794,0.861,True,999,0.0001225409796461463,0.002759000053629279,weak_5x5_bal_strong_500_500,weak_null,True,491,947166935,-1.8318679906315083e-15,0,8
500,500,0.09734995052673034,0.08633821484410958,0.08079934943486933,0.07566218922755752,0.01101173568262076,0.005137160207311808,0.029131356059947076,0.37800285232038616,0.17634469870679756,0.7054284750717155,0.8600231477340041,0.771,0.698,0.844,True,999,0.00013429101090878248,0.002716541988775134,weak_5x5_bal_strong_500_500,weak_null,True,492,947166935,-1.8318679906315083e-15,0,10
500,500,0.11626565133707634,0.11848071179461528,0.09879368723034077,0.09973697261997927,-0.002215060457538942,-0.0009432853896385041,0.03106931482481087,-0.07129415212497935,-0.030360675636310758,0.9431636493162707,0.9757794066833018,0.958,0.947,0.974,True,999,0.0001221658894792199,0.002768250065855682,weak_5x5_bal_strong_500_500,weak_null,True,493,947166935,-1.8318679906315083e-15,0,6
500,500,0.09811323237251601,0.11790152182711894,0.08154916730416062,0.10260846211861008,-0.019788289454602925,-0.02105929481444946,0.030769418639638862,-0.6431154805476422,-0.6844229025282822,0.5201491702752736,0.49370815803834434,0.599,0.495,0.469,True,999,0.0001223330618813634,0.002803499926812947,weak_5x5_bal_strong_500_500,weak_null,True,494,947166935,-1.8318679906315083e-15,0,7
500,500,0.09389969024664646,0.11374253673211354,0.07738249700105371,0.09850869279961216,-0.01984284648546708,-0.021126195798558456,0.031090338571241067,-0.6382319201831385,-0.6795099947255138,0.5233227214430672,0.4968147769803538,0.595,0.509,0.491,True,999,0.00011258397717028856,0.0026727919466793537,weak_5x5_bal_strong_500_500,weak_null,True,495,947166935,-1.8318679906315083e-15,0,6
500,500,0.10386820290334375,0.10646026859553431,0.08723917172642359,0.09143570438908455,-0.0025920656921905594,-0.004196532662660957,0.029039577333597733,-0.08925975961749394,-0.14451080380587086,0.928875473544112,0.885097125795659,0.952,0.936,0.894,True,999,0.00011837505735456944,0.002707374980673194,weak_5x5_bal_strong_500_500,weak_null,True,496,947166935,-1.8318679906315083e-15,0,7
500,500,0.09287530728846605,0.14075058350232555,0.0762868266795067,0.12560650603418821,-0.04787527621385951,-0.04931967935468151,0.031936716645389406,-1.4990669437138617,-1.5442939830761102,0.13385626613101606,0.12251712955451559,0.243,0.152,0.142,True,999,0.0001194999786093831,0.0027346659917384386,weak_5x5_bal_strong_500_500,weak_null,True,497,947166935,-1.8318679906315083e-15,0,6
500,500,0.10167580880766458,0.133363320096486,0.08511450844218871,0.11142589075828369,-0.03168751128882141,-0.026311382316094978,0.03293116500977268,-0.9622347487377929,-0.7989812175878621,0.3359316977267319,0.42430130298855173,0.449,0.35,0.44,True,999,0.00011366605758666992,0.002627959009259939,weak_5x5_bal_strong_500_500,weak_null,True,498,947166935,-1.8318679906315083e-15,0,4
500,500,0.10782230953438932,0.09478580559545974,0.09128855013489101,0.07998244033132096,0.013036503938929578,0.011306109803570052,0.030039821638268408,0.43397407933747784,0.3763707368078026,0.6643072639994998,0.7066412980072636,0.754,0.682,0.718,True,999,0.0001437499886378646,0.0026521249674260616,weak_5x5_bal_strong_500_500,weak_null,True,499,947166935,-1.8318679906315083e-15,0,7
500,500,0.11093244597209706,0.09656879638938337,0.0943446211946366,0.08227178811534941,0.014363649582713689,0.012072833079287193,0.030229677204599986,0.4751506106233911,0.3993702280568876,0.6346796271789558,0.6896204275815345,0.725,0.638,0.687,True,999,0.00011866702698171139,0.0027648749528452754,weak_5x5_bal_strong_500_500,weak_null,True,500,947166935,-1.8318679906315083e-15,0,7
500,500,0.14897536905694575,0.14564927787667625,0.1323531877408186,0.13060102810385388,0.003326091180269497,0.001752159636964734,0.0345878147349008,0.09616366936629009,0.05065829253435659,0.9233905846960244,0.9595978116862955,0.947,0.934,0.963,True,999,0.00011291599366813898,0.0026125420117750764,weak_5x5_bal_strong_500_500,weak_null,True,501,947166935,-1.8318679906315083e-15,0,6
500,500,0.14095774110074522,0.13482916542604706,0.12419771518955258,0.1255483572457763,0.006128575674698156,-0.0013506420562237054,0.033477873683270605,0.18306346850698277,-0.04034432022182584,0.8547482192555561,0.9678186200955022,0.887,0.856,0.975,True,999,0.00011349993292242289,0.002690250054001808,weak_5x5_bal_strong_500_500,weak_null,True,502,947166935,-1.8318679906315083e-15,0,11
500,500,0.13964504873877703,0.1431928307029764,0.12304969820741007,0.12967214636884705,-0.003547781964199359,-0.006622448161436978,0.03431417330961855,-0.10339115362586591,-0.19299454198363714,0.9176525329041662,0.8469632426016325,0.938,0.926,0.833,True,999,0.00011591601651161909,0.002734457957558334,weak_5x5_bal_strong_500_500,weak_null,True,503,947166935,-1.8318679906315083e-15,0,8
500,500,0.11833347744815237,0.07556421090456578,0.10177409608320431,0.05819555414132083,0.04276926654358659,0.043578541941883486,0.029324327001570817,1.458490983997538,1.486088391373794,0.14470525847961543,0.13725574243867106,0.291,0.152,0.139,True,999,0.00011920800898224115,0.002739999908953905,weak_5x5_bal_strong_500_500,weak_null,True,504,947166935,-1.8318679906315083e-15,0,7
500,500,0.11312163061574099,0.11068688299725138,0.09566734167106006,0.0922783282407238,0.0024347476184896077,0.003389013430336263,0.030349243899674007,0.08022432540784848,0.11166714536742267,0.9360588436339691,0.9110873305560968,0.95,0.933,0.911,True,999,0.00012141698971390724,0.002783540985547006,weak_5x5_bal_strong_500_500,weak_null,True,505,947166935,-1.8318679906315083e-15,0,5
500,500,0.13859997530720025,0.1373999624473824,0.1217944717801629,0.12767411541400975,0.001200012859817856,-0.005879643633846854,0.03339466997569631,0.0359342631830526,-0.1760653313276008,0.9713347754319615,0.8602426170050541,0.972,0.966,0.846,True,999,0.00014212506357580423,0.002732541994191706,weak_5x5_bal_strong_500_500,weak_null,True,506,947166935,-1.8318679906315083e-15,0,10
500,500,0.1281832335475035,0.09523921319987033,0.11162361011281519,0.07405421493766084,0.03294402034763316,0.03756939517515434,0.030095711245496273,1.0946416942567898,1.2483305301773349,0.2736736416868456,0.21191003809855236,0.42,0.279,0.204,True,999,0.00011187500786036253,0.0026416670298203826,weak_5x5_bal_strong_500_500,weak_null,True,507,947166935,-1.8318679906315083e-15,0,4
500,500,0.1522913435224531,0.13397749675918313,0.1354705693689766,0.12199895261878169,0.01831384676326997,0.013471616750194926,0.03484548162964778,0.5255730702165957,0.38661014628458434,0.5991848716486357,0.6990448453268949,0.681,0.625,0.706,True,999,0.00011620798613876104,0.0027689579874277115,weak_5x5_bal_strong_500_500,weak_null,True,508,947166935,-1.8318679906315083e-15,0,8
500,500,0.11015777291471718,0.06660920193509923,0.09358407759282272,0.05331177615209981,0.04354857097961795,0.04027230144072291,0.026895124222099123,1.6191994734805895,1.497382986899613,0.10540435126653333,0.13429363254548402,0.285,0.097,0.123,True,999,0.0001264170277863741,0.002688208012841642,weak_5x5_bal_strong_500_500,weak_null,True,509,947166935,-1.8318679906315083e-15,0,7
500,500,0.12841101220473505,0.10915796267295103,0.11181068210828471,0.09747256842243246,0.019253049531784028,0.01433811368585225,0.03243944389678691,0.5935073854237995,0.44199628487689413,0.5528416418525183,0.6584918943084153,0.667,0.571,0.68,True,999,0.00011600006837397814,0.002674749935977161,weak_5x5_bal_strong_500_500,weak_null,True,510,947166935,-1.8318679906315083e-15,0,9
500,500,0.09978476943563663,0.10300329396069702,0.08319339212744126,0.08883611500993993,-0.0032185245250603844,-0.005642722882498674,0.030023706564204243,-0.10719943982191957,-0.18794224725158382,0.914630759827336,0.8509219242793029,0.933,0.906,0.842,True,999,0.00011545803863555193,0.002779125003144145,weak_5x5_bal_strong_500_500,weak_null,True,511,947166935,-1.8318679906315083e-15,0,7
500,500,0.11075034723349564,0.07836983245688733,0.09416432229579641,0.06720717606958715,0.032380514776608305,0.02695714622620926,0.028936662647361885,1.119013452629804,0.9315914055025591,0.26313439997564936,0.3515477264232246,0.44,0.268,0.357,True,999,0.00011662510223686695,0.0027302500093355775,weak_5x5_bal_strong_500_500,weak_null,True,512,947166935,-1.8318679906315083e-15,0,9
500,500,0.1006105310218286,0.14385760335059006,0.08406668193879341,0.1299188796231192,-0.04324707232876146,-0.0458521976843258,0.03099618924474766,-1.395238362602581,-1.4792849960449739,0.16294397214962886,0.1390641611861465,0.26,0.161,0.139,True,999,0.00011683290358632803,0.0026366249658167362,weak_5x5_bal_strong_500_500,weak_null,True,513,947166935,-1.8318679906315083e-15,0,7
500,500,0.11594253374285723,0.12593224514634277,0.09933520448055333,0.11050823030106471,-0.009989711403485535,-0.011173025820511384,0.03191896963591807,-0.3129709861387324,-0.35004343648795294,0.754302705310482,0.7263060996509461,0.787,0.73,0.689,True,999,0.00011916691437363625,0.0027381660183891654,weak_5x5_bal_strong_500_500,weak_null,True,514,947166935,-1.8318679906315083e-15,0,6
500,500,0.08941204373355038,0.08653317870987492,0.07282934277407094,0.06509717127119075,0.0028788650236754587,0.007732171502880192,0.02874820981606332,0.10014067109204368,0.26896184327135986,0.9202326467351243,0.7879590456670161,0.942,0.918,0.784,True,999,0.00011916703078895807,0.0026904590195044875,weak_5x5_bal_strong_500_500,weak_null,True,515,947166935,-1.8318679906315083e-15,0,4
500,500,0.12308856475010543,0.15715750949397156,0.10561645588211377,0.14115889478131294,-0.034068944743866125,-0.03554243889919917,0.03328349464087176,-1.0235987870705692,-1.0678698040185195,0.3060248183668606,0.2855792451063518,0.371,0.29,0.268,True,999,0.00011154194362461567,0.002712499932385981,weak_5x5_bal_strong_500_500,weak_null,True,516,947166935,-1.8318679906315083e-15,0,6
500,500,0.13335991073648956,0.09666031589215929,0.1167189209514845,0.08519743467675767,0.036699594844330274,0.03152148627472684,0.03249088305119184,1.1295351618023828,0.9701640372489218,0.258672145308131,0.3319647333952279,0.388,0.271,0.343,True,999,0.000112667097710073,0.00269724999088794,weak_5x5_bal_strong_500_500,weak_null,True,517,947166935,-1.8318679906315083e-15,0,8
500,500,0.1260057624546338,0.11873911781176283,0.10938856706650313,0.10448057341741901,0.0072666446428709675,0.004907993649084119,0.03171524697362237,0.2291214900175505,0.15475186597683147,0.8187744910816019,0.8770169393364191,0.858,0.822,0.876,True,999,0.00011791707947850227,0.002700958983041346,weak_5x5_bal_strong_500_500,weak_null,True,518,947166935,-1.8318679906315083e-15,0,7
500,500,0.114770259600248,0.12353490792455118,0.0981289863306074,0.1070458208845082,-0.008764648324303181,-0.008916834553900799,0.032634515285460325,-0.268569894408945,-0.27323324633148516,0.7882606821137821,0.7846739250709264,0.837,0.783,0.78,True,999,0.00011470809113234282,0.0027399160899221897,weak_5x5_bal_strong_500_500,weak_null,True,519,947166935,-1.8318679906315083e-15,0,5
500,500,0.09979869186784618,0.0919688634486443,0.08321694667642987,0.07644346356153164,0.007829828419201879,0.006773483114898227,0.02820802976840711,0.2775744525046998,0.24012606234854808,0.7813390456898511,0.8102325303613487,0.86,0.797,0.829,True,999,0.00011529203038662672,0.0027324589900672436,weak_5x5_bal_strong_500_500,weak_null,True,520,947166935,-1.8318679906315083e-15,0,6
500,500,0.12253184936337558,0.14346478688654574,0.10596033530055138,0.1279153223548235,-0.02093293752317016,-0.021954987054272124,0.03268811129761653,-0.6403838182200663,-0.6716505231635388,0.5219231003978034,0.5018062061624813,0.636,0.533,0.51,True,999,0.00012079195585101843,0.0026598749682307243,weak_5x5_bal_strong_500_500,weak_null,True,521,947166935,-1.8318679906315083e-15,0,7
500,500,0.1299711642288781,0.1393663588336045,0.11336409369982903,0.1297971027607332,-0.009395194604726376,-0.01643300906090417,0.033090283561451266,-0.2839260832346377,-0.496611309793909,0.7764670271770864,0.6194631760931246,0.829,0.779,0.615,True,999,0.00011241703759878874,0.002677125041373074,weak_5x5_bal_strong_500_500,weak_null,True,522,947166935,-1.8318679906315083e-15,0,10
500,500,0.13319464022153005,0.1415707791361518,0.11659351479113411,0.13209270849816335,-0.008376138914621745,-0.015499193707029235,0.03409826323278693,-0.2456470834727949,-0.454544960287775,0.8059554383673276,0.6494366393813329,0.83,0.802,0.641,True,999,0.00011133402585983276,0.002797542023472488,weak_5x5_bal_strong_500_500,weak_null,True,523,947166935,-1.8318679906315083e-15,0,9
500,500,0.11331908211564601,0.13154224193002173,0.0966995329566771,0.11605021819494254,-0.018223159814375722,-0.01935068523826544,0.032439223652599485,-0.5617631300160733,-0.5965212190494206,0.5742774156949533,0.5508270828963937,0.669,0.6,0.574,True,999,0.00011404103133827448,0.0026806669775396585,weak_5x5_bal_strong_500_500,weak_null,True,524,947166935,-1.8318679906315083e-15,0,6
500,500,0.0978682960276327,0.10810638003903572,0.08123252272457648,0.09589193305421873,-0.010238084011403026,-0.014659410329642242,0.0310159958148651,-0.3300904498605909,-0.47264032459716787,0.7413316191017112,0.6364698081000252,0.814,0.76,0.658,True,999,0.00011725001968443394,0.002745165955275297,weak_5x5_bal_strong_500_500,weak_null,True,525,947166935,-1.8318679906315083e-15,0,10
500,500,0.08439922776274811,0.13802557252962272,0.06790629629915657,0.11920961429555632,-0.05362634476687461,-0.051303317996399755,0.031649989987497684,-1.6943558209041452,-1.6209584273696607,0.09019768920993441,0.10502655484464873,0.204,0.104,0.122,True,999,0.00012091698590666056,0.002746957936324179,weak_5x5_bal_strong_500_500,weak_null,True,526,947166935,-1.8318679906315083e-15,0,5
500,500,0.12410182132419956,0.12058259818863504,0.10754145290013639,0.10773886667490729,0.00351922313556452,-0.00019741377477089372,0.03313070396355946,0.10622240745126701,-0.005958635077239216,0.9154058929467745,0.9952457252021133,0.949,0.932,0.998,True,999,0.00011958391405642033,0.002652375027537346,weak_5x5_bal_strong_500_500,weak_null,True,527,947166935,-1.8318679906315083e-15,0,8
500,500,0.12118447418689438,0.0988858719720131,0.10458628026071892,0.08761979318893509,0.02229860221488128,0.01696648707178383,0.029971479093751006,0.7439940533175253,0.5660877469114065,0.4568800727387923,0.5713341324060053,0.584,0.467,0.584,True,999,0.00012379197869449854,0.0026127080200240016,weak_5x5_bal_strong_500_500,weak_null,True,528,947166935,-1.8318679906315083e-15,0,10
500,500,0.1318213158580026,0.10244630740351718,0.11518549753975549,0.08311399327871527,0.02937500845448543,0.03207150426104022,0.031165144710668072,0.9425596680906838,1.0290824752712249,0.3459061776172706,0.3034409204674481,0.488,0.368,0.329,True,999,0.00010991701856255531,0.002755999914370477,weak_5x5_bal_strong_500_500,weak_null,True,529,947166935,-1.8318679906315083e-15,0,4
500,500,0.1296217817023526,0.11673452953548968,0.11304990244059354,0.10044134677909256,0.012887252166862928,0.012608555661500986,0.03267658858092969,0.39438793113134296,0.3858589959681237,0.6932946528119766,0.699601099781761,0.786,0.726,0.732,True,999,0.00013812503311783075,0.0026844169478863478,weak_5x5_bal_strong_500_500,weak_null,True,530,947166935,-1.8318679906315083e-15,0,6
500,500,0.13578257622749157,0.14634720258110678,0.11912816891867806,0.12814575642892123,-0.010564626353615214,-0.009017587510243175,0.03470431684423641,-0.30441821981491496,-0.25984051352218995,0.7608092886655774,0.7949867987108539,0.822,0.788,0.816,True,999,0.00012433400843292475,0.002676791977137327,weak_5x5_bal_strong_500_500,weak_null,True,531,947166935,-1.8318679906315083e-15,0,5
500,500,0.13060710063914405,0.1723158584451449,0.11394957681307005,0.16094341085081965,-0.04170875780600086,-0.04699383403774959,0.03497788908226825,-1.1924321021174706,-1.3435297346623676,0.23309185911673325,0.17910050447597448,0.316,0.244,0.192,True,999,0.00011529203038662672,0.0027762079844251275,weak_5x5_bal_strong_500_500,weak_null,True,532,947166935,-1.8318679906315083e-15,0,8
500,500,0.0982646284429396,0.11197270806967147,0.08165144814233827,0.10288603310766575,-0.013708079626731873,-0.021234584965327485,0.028930331000832935,-0.47383072203139337,-0.7339903910783503,0.6356206247016123,0.46295459443134723,0.754,0.666,0.499,True,999,0.00011425011325627565,0.0026767499512061477,weak_5x5_bal_strong_500_500,weak_null,True,533,947166935,-1.8318679906315083e-15,0,10
500,500,0.10733728284176336,0.12008916957484644,0.09078307739957836,0.10187826788867937,-0.012751886733083084,-0.011095190489101014,0.03145468107257312,-0.405405055726414,-0.3527357490448522,0.685179795320733,0.7242865559999399,0.758,0.696,0.728,True,999,0.0001193339703604579,0.002724624937400222,weak_5x5_bal_strong_500_500,weak_null,True,534,947166935,-1.8318679906315083e-15,0,5
500,500,0.15792983438326869,0.11402716803232471,0.1411798037713652,0.09898745384472818,0.043902666350943975,0.04219234992663701,0.03342243308625802,1.3135688307801567,1.2623961223213527,0.18899134361224323,0.2068062838500967,0.306,0.212,0.226,True,999,0.00011495803482830524,0.002718083909712732,weak_5x5_bal_strong_500_500,weak_null,True,535,947166935,-1.8318679906315083e-15,0,7
500,500,0.08175041074276335,0.15377456265631828,0.0652447724604599,0.13975858089131066,-0.07202415191355493,-0.07451380843085076,0.03174300792452987,-2.2689769061833998,-2.3474085571225634,0.023269730281931085,0.018904512868563778,0.073,0.025,0.019,True,999,0.00011233403347432613,0.002702499972656369,weak_5x5_bal_strong_500_500,weak_null,True,536,947166935,-1.8318679906315083e-15,0,7
500,500,0.11704408520785159,0.09139999064537407,0.1004900000438056,0.07503658152347725,0.025644094562477515,0.02545341852032834,0.030364814690108478,0.8445332146496265,0.8382537084482833,0.39837151102741863,0.4018882285620132,0.543,0.408,0.407,True,999,0.00011870800517499447,0.0027109578950330615,weak_5x5_bal_strong_500_500,weak_null,True,537,947166935,-1.8318679906315083e-15,0,6
500,500,0.10232881577931718,0.12591774127379857,0.08578402867124169,0.11245179068345124,-0.023588925494481383,-0.02666776201220955,0.03181032701798353,-0.7415492925032084,-0.8383366193353906,0.45836045590205066,0.40184167490143985,0.561,0.457,0.398,True,999,0.00011779193300753832,0.002759333001449704,weak_5x5_bal_strong_500_500,weak_null,True,538,947166935,-1.8318679906315083e-15,0,7
500,500,0.1357937975397523,0.13686718804018194,0.11921505980865277,0.11390619748823383,-0.0010733905004296496,0.005308862320418939,0.033405415316673355,-0.03213223036607174,0.15892220677673097,0.9743666005589854,0.8737301645640709,0.982,0.977,0.875,True,999,0.00011087500024586916,0.002713958965614438,weak_5x5_bal_strong_500_500,weak_null,True,539,947166935,-1.8318679906315083e-15,0,3
500,500,0.10835265098269176,0.12064666202619206,0.09168535825949675,0.1090076371801274,-0.012294011043500308,-0.01732227892063065,0.031602375008245,-0.3890217441028665,-0.5481321867774591,0.69726006139605,0.583601141231066,0.768,0.694,0.596,True,999,0.00011395802721381187,0.0027639579493552446,weak_5x5_bal_strong_500_500,weak_null,True,540,947166935,-1.8318679906315083e-15,0,9
500,500,0.12049229495805736,0.1492114237546583,0.10390801523192295,0.14017390882347058,-0.028719128796600935,-0.03626589359154764,0.03261431791948423,-0.8805681255545664,-1.1119623498206568,0.3785516170035277,0.26615433874459427,0.481,0.395,0.255,True,999,0.00011720799375325441,0.002789291087538004,weak_5x5_bal_strong_500_500,weak_null,True,541,947166935,-1.8318679906315083e-15,0,10
500,500,0.09682746176500312,0.08337724284308462,0.08015827073086257,0.0724812565621562,0.0134502189219185,0.007677014168706364,0.0284914117194659,0.4720797640479514,0.26945011515386846,0.6368698558421402,0.7875833253249636,0.724,0.642,0.782,True,999,0.00011370808351784945,0.002650042064487934,weak_5x5_bal_strong_500_500,weak_null,True,542,947166935,-1.8318679906315083e-15,0,9
500,500,0.1066501910606732,0.11129331538162113,0.09013671731372597,0.09701678844743356,-0.004643124320947933,-0.006880071133707588,0.03136777419827537,-0.14802211631589776,-0.21933564970911648,0.8823253142112717,0.8263885934791589,0.917,0.898,0.846,True,999,0.00011054100468754768,0.002713999943807721,weak_5x5_bal_strong_500_500,weak_null,True,543,947166935,-1.8318679906315083e-15,0,7
500,500,0.09972906189154984,0.09726004336079364,0.08320631611616136,0.07938385517175561,0.0024690185307562063,0.003822460944405748,0.029963393294638277,0.08240116553147599,0.1275710299837685,0.9343277092435314,0.8984884584934835,0.941,0.916,0.872,True,999,0.000116499955765903,0.0027351659955456853,weak_5x5_bal_strong_500_500,weak_null,True,544,947166935,-1.8318679906315083e-15,0,6
500,500,0.1007864616300238,0.13378852227304516,0.08422933282736267,0.11684226883070892,-0.03300206064302136,-0.03261293600334625,0.03223924430928269,-1.023661110862919,-1.0115912051311935,0.30599536987308307,0.3117335527568005,0.412,0.324,0.329,True,999,0.00011904200073331594,0.002633000025525689,weak_5x5_bal_strong_500_500,weak_null,True,545,947166935,-1.8318679906315083e-15,0,6
500,500,0.1289623528803061,0.11249408846961201,0.11234611417251017,0.1029072637837487,0.0164682644106941,0.009438850388761466,0.031713775222266066,0.5192779571424793,0.29762619942309804,0.6035669225977633,0.7659884760344803,0.661,0.593,0.751,True,999,0.0001141249667853117,0.002682542079128325,weak_5x5_bal_strong_500_500,weak_null,True,546,947166935,-1.8318679906315083e-15,0,10
500,500,0.11447580746852615,0.11056140074568938,0.09786772956431378,0.09528465309850276,0.003914406722836772,0.0025830764658110184,0.03112072796007356,0.12578133544494116,0.08300180089376395,0.8999050165778418,0.9338501076508428,0.924,0.899,0.939,True,999,0.00012116599828004837,0.002785207936540246,weak_5x5_bal_strong_500_500,weak_null,True,547,947166935,-1.8318679906315083e-15,0,6
500,500,0.1351822602143955,0.08635081056506588,0.11856585275677389,0.08060247069187199,0.04883144964932962,0.03796338206490191,0.031303230671941074,1.5599492001667457,1.212762428988862,0.11877188640704137,0.22522066370006322,0.241,0.13,0.228,True,999,0.00011749996338039637,0.0027531669475138187,weak_5x5_bal_strong_500_500,weak_null,True,548,947166935,-1.8318679906315083e-15,0,12
500,500,0.10798158277177605,0.12280923377329628,0.09135851482312773,0.11208936048731744,-0.014827651001520226,-0.0207308456641897,0.0312863098883814,-0.47393416016206746,-0.6626171554954898,0.6355468585463435,0.5075757800079641,0.705,0.636,0.508,True,999,0.00011641695164144039,0.002853834070265293,weak_5x5_bal_strong_500_500,weak_null,True,549,947166935,-1.8318679906315083e-15,0,9
500,500,0.10364980867333129,0.12478068276520538,0.08709373339365811,0.11167400617526368,-0.021130874091874086,-0.024580272781605572,0.031557656772942234,-0.6695957891902751,-0.7789004411341743,0.5031154990722126,0.436038364072197,0.614,0.529,0.461,True,999,0.00011862500105053186,0.002674457966350019,weak_5x5_bal_strong_500_500,weak_null,True,550,947166935,-1.8318679906315083e-15,0,8
500,500,0.11764772417970115,0.1311579054866605,0.1010289826135704,0.11399580779482221,-0.013510181306959357,-0.012966825181251806,0.03275557788777677,-0.4124543719926517,-0.39586617050925454,0.6800064176509886,0.6922037586986054,0.749,0.702,0.708,True,999,0.00011729204561561346,0.0027366250287741423,weak_5x5_bal_strong_500_500,weak_null,True,551,947166935,-1.8318679906315083e-15,0,6
500,500,0.10592732649428682,0.13795672109389379,0.08937796568181966,0.12240409763310822,-0.032029394599606964,-0.03302613195128856,0.03168777644519711,-1.010780755001875,-1.0422357027292872,0.3121213760916389,0.2973024140452063,0.418,0.301,0.285,True,999,0.00012329197488725185,0.002771417028270662,weak_5x5_bal_strong_500_500,weak_null,True,552,947166935,-1.8318679906315083e-15,0,6
500,500,0.10052020788577987,0.0950157249984433,0.08399201568613535,0.07493713679065195,0.00550448288733657,0.009054878895483398,0.029393988447834637,0.18726560014491903,0.308052066889563,0.8514523929443071,0.7580427137722356,0.876,0.846,0.74,True,999,0.0001200829865410924,0.002716667018830776,weak_5x5_bal_strong_500_500,weak_null,True,553,947166935,-1.8318679906315083e-15,0,4
500,500,0.11405558459434872,0.10995348937062788,0.09743828307250624,0.09371134423830085,0.0041020952237208475,0.0037269388342053844,0.031176697630375953,0.13157568105366332,0.11954245053119958,0.8953199219717229,0.9048456104777834,0.917,0.893,0.9,True,999,0.00011229200754314661,0.0026619168929755688,weak_5x5_bal_strong_500_500,weak_null,True,554,947166935,-1.8318679906315083e-15,0,6
500,500,0.15741480584983303,0.11612379460478367,0.14074419122721338,0.10369187268847213,0.04129101124504936,0.03705231853874125,0.032685915755373496,1.2632661588580765,1.1335866743354108,0.2064935437081512,0.25696796530265065,0.324,0.215,0.253,True,999,0.00012220803182572126,0.0027671249117702246,weak_5x5_bal_strong_500_500,weak_null,True,555,947166935,-1.8318679906315083e-15,0,8
500,500,0.1036237588233051,0.1162129491056787,0.0869065612743043,0.10064613525369737,-0.012589190282373597,-0.013739573979393072,0.03092927379313627,-0.4070315509692747,-0.44422556026653676,0.6839848153283294,0.6568795141744803,0.771,0.692,0.664,True,999,0.0001308330101892352,0.00278083304874599,weak_5x5_bal_strong_500_500,weak_null,True,556,947166935,-1.8318679906315083e-15,0,6
500,500,0.12472087881664873,0.08880669070725289,0.1080890377486412,0.07286750582341028,0.03591418810939584,0.03522153192523092,0.030038883872192806,1.1955899647337378,1.1725313122514425,0.23185660950831588,0.24098380829012578,0.369,0.231,0.239,True,999,0.00011979194823652506,0.0026529590832069516,weak_5x5_bal_strong_500_500,weak_null,True,557,947166935,-1.8318679906315083e-15,0,7
500,500,0.12608157681118248,0.09855043838062605,0.10951210730672756,0.08107658772181026,0.027531138430556434,0.0284355195849173,0.03205506539812406,0.858870137640325,0.8870834993392781,0.3904121664272736,0.3750339471085681,0.515,0.402,0.378,True,999,0.00011499994434416294,0.0027357080252841115,weak_5x5_bal_strong_500_500,weak_null,True,558,947166935,-1.8318679906315083e-15,0,5
500,500,0.15043200796683998,0.0857070394595617,0.1337974886317852,0.07026476830881734,0.06472496850727827,0.06353272032296786,0.03086809877315407,2.09682394056512,2.0581999814715557,0.0360091634824281,0.039570940401202806,0.124,0.045,0.047,True,999,0.00011716701555997133,0.0026910000015050173,weak_5x5_bal_strong_500_500,weak_null,True,559,947166935,-1.8318679906315083e-15,0,8
500,500,0.12743764140493963,0.10701699023113109,0.11079971414369538,0.0918826060007234,0.020420651173808535,0.018917108142971983,0.03208827577760363,0.6363897928121572,0.5895333321765887,0.5245223921198643,0.5555035589992767,0.631,0.526,0.561,True,999,0.00011462497059255838,0.0026805420638993382,weak_5x5_bal_strong_500_500,weak_null,True,560,947166935,-1.8318679906315083e-15,0,7
500,500,0.09546162952027681,0.09696416594395557,0.07893218540709768,0.08614833989045678,-0.0015025364236787575,-0.007216154483359105,0.029954006395897237,-0.05016145098655511,-0.24090782341381528,0.959993730517078,0.809626558486302,0.977,0.972,0.828,True,999,0.00011920894030481577,0.0026824590750038624,weak_5x5_bal_strong_500_500,weak_null,True,561,947166935,-1.8318679906315083e-15,0,9
500,500,0.12457817260000059,0.09395247781176114,0.10783181295937538,0.08015053447905984,0.030625694788239455,0.02768127848031554,0.030933372028051857,0.9900535499481471,0.894867796993255,0.32214794553422954,0.37085776312332397,0.496,0.348,0.4,True,999,0.00011825002729892731,0.0027494579553604126,weak_5x5_bal_strong_500_500,weak_null,True,562,947166935,-1.8318679906315083e-15,0,8
500,500,0.09906586979231258,0.10249165518098652,0.08254427396150277,0.08800358366065097,-0.003425785388673941,-0.005459309699148207,0.029895018045333545,-0.114593855855146,-0.18261603625291595,0.9087670499440546,0.8550993008258485,0.925,0.903,0.835,True,999,0.00011783302761614323,0.0026779170148074627,weak_5x5_bal_strong_500_500,weak_null,True,563,947166935,-1.8318679906315083e-15,0,7
500,500,0.10842545442152218,0.1000013577180574,0.09188007953594024,0.08343254195517602,0.008424096703464778,0.00844753758076422,0.030217915307583654,0.27877822204864744,0.2795539498598098,0.7804150284279245,0.7798197415290564,0.826,0.791,0.791,True,999,0.00011295790318399668,0.0027197080198675394,weak_5x5_bal_strong_500_500,weak_null,True,564,947166935,-1.8318679906315083e-15,0,7
500,500,0.11745731934810943,0.09406008041939051,0.10084113445998355,0.08107345856058146,0.023397238928718922,0.019767675899402093,0.03043585179573442,0.7687394157964077,0.6494865342383002,0.4420480208397334,0.516023947448609,0.573,0.466,0.52,True,999,0.00012395798694342375,0.002697124960832298,weak_5x5_bal_strong_500_500,weak_null,True,565,947166935,-1.8318679906315083e-15,0,8
500,500,0.10258580133555895,0.07956672687733163,0.0860396357928721,0.06722495977453491,0.023019074458227318,0.018814676018337195,0.028487347015493596,0.8080455665354793,0.6604572903227646,0.4190643514071578,0.5089604178078507,0.559,0.413,0.51,True,999,0.0001223749713972211,0.0027080000145360827,weak_5x5_bal_strong_500_500,weak_null,True,566,947166935,-1.8318679906315083e-15,0,8
500,500,0.10262002177730079,0.12942080531161948,0.08605956907638301,0.11627377155960517,-0.026800783534318695,-0.030214202483222152,0.03136708221034912,-0.8544238623978918,-0.963245554068571,0.3928701789561174,0.33542430922081734,0.487,0.387,0.32,True,999,0.00011570798233151436,0.0028198329964652658,weak_5x5_bal_strong_500_500,weak_null,True,567,947166935,-1.8318679906315083e-15,0,7
500,500,0.08180534075858348,0.10198484362128574,0.06530720526779987,0.08197494575148312,-0.02017950286270226,-0.016667740483683247,0.029707597588411315,-0.6792707758561437,-0.5610598579733419,0.4969663097499538,0.5747567321281557,0.626,0.5,0.578,True,999,0.00013404199853539467,0.0026413750601932406,weak_5x5_bal_strong_500_500,weak_null,True,568,947166935,-1.8318679906315083e-15,0,5
500,500,0.09690599773918285,0.09928328620816257,0.08038161454123838,0.08096341028382881,-0.0023772884689797213,-0.0005817957425904297,0.029944910697457677,-0.0793887312938807,-0.01942886884748079,0.9367234314766341,0.9844989807420984,0.946,0.929,0.979,True,999,0.00012291606981307268,0.002695875009521842,weak_5x5_bal_strong_500_500,weak_null,True,569,947166935,-1.8318679906315083e-15,0,5
500,500,0.10584387292382069,0.14029841324686154,0.08837462301073629,0.12082026538143964,-0.03445454032304085,-0.032445642370703354,0.03215383605314211,-1.0715530260867245,-1.0090753189472934,0.2839208415869954,0.3129385136390277,0.392,0.304,0.324,True,999,0.00011991604696959257,0.002849832992069423,weak_5x5_bal_strong_500_500,weak_null,True,570,947166935,-1.8318679906315083e-15,0,4
500,500,0.10876007195030635,0.10742354669450416,0.09218631705448388,0.09118474802158971,0.00133652525580219,0.0010015690328941673,0.031270732317766024,0.04274045270896525,0.03202895994620312,0.9659084324184612,0.9744489560429703,0.977,0.97,0.979,True,999,0.00013437506277114153,0.00264008401427418,weak_5x5_bal_strong_500_500,weak_null,True,571,947166935,-1.8318679906315083e-15,0,6
500,500,0.12630173193093785,0.09016931873744854,0.10971764984060428,0.07322422556484298,0.03613241319348931,0.0364934242757613,0.030466241004376414,1.185981991946396,1.1978315365692502,0.2356294112175097,0.2309826071809803,0.412,0.261,0.255,True,999,0.00011825002729892731,0.002696207957342267,weak_5x5_bal_strong_500_500,weak_null,True,572,947166935,-1.8318679906315083e-15,0,5
500,500,0.1810905184377556,0.0962967400389349,0.16417252157680196,0.07686652953410089,0.08479377839882069,0.08730599204270106,0.033253580028244537,2.5499142746976275,2.6254614380931653,0.01077494099757353,0.008653160991291335,0.03,0.011,0.011,True,999,0.00011787493713200092,0.002852959092706442,weak_5x5_bal_strong_500_500,weak_null,True,573,947166935,-1.8318679906315083e-15,0,5
500,500,0.11942524307424929,0.12254839128229822,0.10270207618373206,0.10988946574801162,-0.0031231482080489315,-0.007187389564279556,0.030341301405612718,-0.10293389088021097,-0.23688468296715806,0.9180154395209777,0.8127462530626474,0.911,0.897,0.79,True,999,0.00011291704140603542,0.0026502079563215375,weak_5x5_bal_strong_500_500,weak_null,True,574,947166935,-1.8318679906315083e-15,0,8
500,500,0.09268984017306514,0.1116571614204695,0.07611735353725635,0.09666496265805335,-0.018967321247404356,-0.020547609120797006,0.02998402915229316,-0.6325808033025391,-0.6852851235046754,0.5270074263219362,0.4931640174149865,0.64,0.556,0.524,True,999,0.00011370796710252762,0.0026468749856576324,weak_5x5_bal_strong_500_500,weak_null,True,575,947166935,-1.8318679906315083e-15,0,7
500,500,0.11057506057483124,0.14111726100088773,0.09396648282802289,0.1313399966451243,-0.030542200426056487,-0.03737351381710141,0.03237181554023315,-0.9434812325585282,-1.1545078085179352,0.3454348103301582,0.24829203909890496,0.442,0.336,0.238,True,999,0.00013062497600913048,0.002794374944642186,weak_5x5_bal_strong_500_500,weak_null,True,576,947166935,-1.8318679906315083e-15,0,10
500,500,0.14298916262896033,0.11673335191830203,0.12545822543495433,0.10355789148300687,0.0262558107106583,0.02190033395194746,0.0322778960259316,0.8134300541015672,0.6784932306106025,0.41597153392683217,0.4974590144863261,0.525,0.441,0.51,True,999,0.00011625001206994057,0.0027083749882876873,weak_5x5_bal_strong_500_500,weak_null,True,577,947166935,-1.8318679906315083e-15,0,8
500,500,0.10406769570644969,0.11283178772439895,0.08739476885807562,0.099527786908709,-0.008764092017949254,-0.012133018050633382,0.031119623552390126,-0.2816259008787442,-0.38988318834279445,0.7782303777231954,0.6966229259023793,0.831,0.781,0.688,True,999,0.00011350004933774471,0.002683917060494423,weak_5x5_bal_strong_500_500,weak_null,True,578,947166935,-1.8318679906315083e-15,0,7
500,500,0.0863296466067871,0.12432356419364471,0.06979677013885066,0.10930040538698904,-0.037993917586857606,-0.03950363524813838,0.03132551852432328,-1.2128743394097856,-1.261068838093296,0.22517786776302096,0.20728404669300993,0.363,0.245,0.222,True,999,0.00013658299576491117,0.0027080000145360827,weak_5x5_bal_strong_500_500,weak_null,True,579,947166935,-1.8318679906315083e-15,0,7
500,500,0.1291936051525029,0.08947416533369629,0.11251946845720795,0.07245161696070568,0.0397194398188066,0.04006785149650227,0.0299058961125398,1.328147455248863,1.3397977223528665,0.18412939890601376,0.1803111163499943,0.344,0.199,0.192,True,999,0.0001152500044554472,0.0026919590309262276,weak_5x5_bal_strong_500_500,weak_null,True,580,947166935,-1.8318679906315083e-15,0,6
500,500,0.15000892696215828,0.10928781155471817,0.13246361769995474,0.09351376499014918,0.04072111540744011,0.038949852709805555,0.03236071163559768,1.2583504301755144,1.2036154565575017,0.20826505047075028,0.22873824257024544,0.321,0.221,0.241,True,999,0.00011312495917081833,0.0027995830168947577,weak_5x5_bal_strong_500_500,weak_null,True,581,947166935,-1.8318679906315083e-15,0,7
500,500,0.09793237042682001,0.121748055439245,0.08136657143961656,0.10064021548012647,-0.02381568501242498,-0.019273644040509907,0.031101145933784366,-0.7657494377580031,-0.6197084853897119,0.4438254046813941,0.5354497281484363,0.549,0.45,0.533,True,999,0.00011291704140603542,0.002775707980617881,weak_5x5_bal_strong_500_500,weak_null,True,582,947166935,-1.8318679906315083e-15,0,4
500,500,0.0890242873580045,0.12166392005434923,0.07248610139868106,0.10666733012263308,-0.032639632696344734,-0.03418122872395202,0.030267646692186664,-1.078367044133972,-1.1292991844250517,0.2808699881175951,0.2587716448474503,0.43,0.306,0.276,True,999,0.00011758389882743359,0.0027568750083446503,weak_5x5_bal_strong_500_500,weak_null,True,583,947166935,-1.8318679906315083e-15,0,7
500,500,0.09560827669578753,0.09561406061391875,0.07897869561918469,0.07127949941769884,-5.783918131219146e-06,0.007699196201485847,0.027934422023552223,-0.00020705343845462695,0.2756168069271116,0.9998347952593764,0.7828423994372516,1.0,1.0,0.782,True,999,0.00011825002729892731,0.0028530419804155827,weak_5x5_bal_strong_500_500,weak_null,True,584,947166935,-1.8318679906315083e-15,0,4
500,500,0.09289118361725035,0.09967247026510384,0.07635826262981027,0.08349697495242481,-0.0067812866478534906,-0.007138712322614538,0.02813974487981894,-0.24098607420982146,-0.25368788356479477,0.8095659096812393,0.7997366954229489,0.872,0.809,0.8,True,999,0.0001297079725190997,0.002753542037680745,weak_5x5_bal_strong_500_500,weak_null,True,585,947166935,-1.8318679906315083e-15,0,6
500,500,0.07584567528429087,0.08377957249414641,0.05931792353999299,0.06480835254987483,-0.007933897209855545,-0.0054904290098818365,0.027020519799364238,-0.293624892073402,-0.203194796053147,0.7690445526821963,0.8389827801423361,0.836,0.771,0.845,True,999,0.00011845794506371021,0.0027607500087469816,weak_5x5_bal_strong_500_500,weak_null,True,586,947166935,-1.8318679906315083e-15,0,5
500,500,0.15519912561015814,0.13890892956048223,0.13843502769202587,0.1196544691549093,0.01629019604967591,0.018780558537116576,0.034870685435433944,0.46716019046538676,0.5385772692048278,0.6403852732066881,0.5901785754781116,0.717,0.667,0.609,True,999,0.00011733407154679298,0.002872459008358419,weak_5x5_bal_strong_500_500,weak_null,True,587,947166935,-1.8318679906315083e-15,0,5
500,500,0.0901644121890639,0.1359766716348892,0.07365275720576392,0.12874483308357298,-0.04581225944582529,-0.055092075877809066,0.03035307752079061,-1.5093118453786365,-1.8150408583799535,0.13121910902049316,0.06951763073575253,0.239,0.126,0.069,True,999,0.00011754094157367945,0.0027312920428812504,weak_5x5_bal_strong_500_500,weak_null,True,588,947166935,-1.8318679906315083e-15,0,10
500,500,0.11014596999036019,0.09200136510868112,0.09360246821643159,0.08124985826262332,0.01814460488167907,0.012352609953808269,0.0298467083793315,0.6079264973233699,0.41386841714050815,0.5432362246565977,0.6789704748764029,0.656,0.534,0.687,True,999,0.00011374999303370714,0.002648041001521051,weak_5x5_bal_strong_500_500,weak_null,True,589,947166935,-1.8318679906315083e-15,0,8
500,500,0.09524607430942567,0.1461446193761904,0.07870322857604606,0.13242829719087013,-0.05089854506676472,-0.05372506861482407,0.03262240873235755,-1.5602325838152908,-1.6468762026617363,0.11870492821102087,0.09958349421045899,0.21,0.119,0.099,True,999,0.0001176249934360385,0.0027541660238057375,weak_5x5_bal_strong_500_500,weak_null,True,590,947166935,-1.8318679906315083e-15,0,8
500,500,0.1075106602431275,0.16232309819492152,0.090933436742489,0.14977244868293837,-0.054812437951794024,-0.05883901194044938,0.033440291099263116,-1.6391136604968688,-1.7595245138803814,0.10118959058155362,0.0784884602811189,0.148,0.095,0.065,True,999,0.00011449994053691626,0.002707500010728836,weak_5x5_bal_strong_500_500,weak_null,True,591,947166935,-1.8318679906315083e-15,0,7
500,500,0.1263705976995959,0.08645276446182787,0.10975823444516664,0.0722451121255574,0.03991783323776804,0.03751312231960924,0.029600121275440552,1.3485699219377245,1.2673300210676557,0.1774751471642515,0.20503731031088313,0.329,0.193,0.225,True,999,0.00012275006156414747,0.0027091660303995013,weak_5x5_bal_strong_500_500,weak_null,True,592,947166935,-1.8318679906315083e-15,0,9
500,500,0.09196682143647172,0.08650322891014339,0.07544378025909282,0.07020444696334494,0.005463592526328331,0.005239333295747883,0.028502059485753455,0.19169114881186983,0.18382297245455984,0.8479841396400322,0.8541523338141521,0.884,0.832,0.836,True,999,0.00012079207226634026,0.0027629579417407513,weak_5x5_bal_strong_500_500,weak_null,True,593,947166935,-1.8318679906315083e-15,0,6
500,500,0.12307844899931797,0.112845222288667,0.10643807860208199,0.09390851176766546,0.010233226710650967,0.012529566834416528,0.03154568818718166,0.3243938331581289,0.3971879377007162,0.7456398879670729,0.6912288765062834,0.792,0.742,0.695,True,999,0.00012270803563296795,0.0027697919867932796,weak_5x5_bal_strong_500_500,weak_null,True,594,947166935,-1.8318679906315083e-15,0,5
500,500,0.0966492755411108,0.11423343507053468,0.08007561849046851,0.09613599970032283,-0.01758415952942388,-0.016060381209854313,0.03082167177823125,-0.5705128409628719,-0.5210743052944147,0.568329915263562,0.602315009643204,0.642,0.558,0.594,True,999,0.00012025004252791405,0.0027579580200836062,weak_5x5_bal_strong_500_500,weak_null,True,595,947166935,-1.8318679906315083e-15,0,5
500,500,0.08465684226131898,0.07428047225929313,0.06812078442771963,0.05704592137647069,0.010376370002025848,0.01107486305124894,0.02735054422064698,0.3793844070639262,0.40492295004822987,0.7044024279868236,0.6855341481267534,0.777,0.691,0.672,True,999,0.0001437499886378646,0.002790417056530714,weak_5x5_bal_strong_500_500,weak_null,True,596,947166935,-1.8318679906315083e-15,0,6
500,500,0.09399473733150954,0.11096522820058219,0.07747165330090411,0.0935170599299795,-0.016970490869072652,-0.016045406629075387,0.030079005467776067,-0.5641972068276427,-0.533442059654033,0.5726199285364544,0.5937276090564552,0.67,0.568,0.588,True,999,0.00012029195204377174,0.0026321669574826956,weak_5x5_bal_strong_500_500,weak_null,True,597,947166935,-1.8318679906315083e-15,0,5
500,500,0.10451892461981283,0.11198449415139555,0.08788766124700942,0.10353084630858689,-0.0074655695315827275,-0.01564318506157747,0.032575891253023466,-0.22917468239306654,-0.4802074313201048,0.8187331494801009,0.6310799032127303,0.87,0.828,0.654,True,999,0.00011224998161196709,0.0027210420230403543,weak_5x5_bal_strong_500_500,weak_null,True,598,947166935,-1.8318679906315083e-15,0,11
500,500,0.122404415210694,0.09014954803709246,0.10579789379414706,0.07464670191382083,0.03225486717360154,0.031151191880326223,0.03032970522201114,1.0634744695834781,1.0270852173571046,0.28756683705044006,0.3043803388437628,0.402,0.279,0.291,True,999,0.00011379201896488667,0.002770791994407773,weak_5x5_bal_strong_500_500,weak_null,True,599,947166935,-1.8318679906315083e-15,0,6
500,500,0.10215153640351993,0.16144210876013632,0.08562114564210788,0.143858194297394,-0.05929057235661639,-0.05823704865528612,0.032617782456309544,-1.8177376845294182,-1.7854386248756409,0.06910423504976845,0.07419019825907926,0.14,0.063,0.066,True,999,0.0001157090300694108,0.0026147919707000256,weak_5x5_bal_strong_500_500,weak_null,True,600,947166935,-1.8318679906315083e-15,0,5
500,500,0.12911168243801963,0.10388914936733401,0.11252929759746166,0.08193020397698092,0.025222533070685615,0.030599093620480744,0.03181371839696749,0.7928193980961951,0.9618207227042493,0.4278830530445584,0.3361396666829225,0.535,0.441,0.338,True,999,0.00012104189954698086,0.002652083057910204,weak_5x5_bal_strong_500_500,weak_null,True,601,947166935,-1.8318679906315083e-15,0,4
500,500,0.1091769300767429,0.1446609210653786,0.09258857510678808,0.12607443298625753,-0.035483990988635694,-0.03348585787946945,0.033095591402675234,-1.0721666990899397,-1.0117920985924025,0.28364516480895163,0.31163746870269626,0.358,0.261,0.29,True,999,0.00011212506797164679,0.002784915966913104,weak_5x5_bal_strong_500_500,weak_null,True,602,947166935,-1.8318679906315083e-15,0,4
500,500,0.137140917087738,0.1282880907999679,0.12049682037752518,0.11775723470842081,0.008852826287770121,0.002739585669104372,0.031779094842946665,0.2785738968186816,0.08620716488759339,0.7805718473005165,0.9313017351572571,0.829,0.775,0.928,True,999,0.00011570798233151436,0.002787041012197733,weak_5x5_bal_strong_500_500,weak_null,True,603,947166935,-1.8318679906315083e-15,0,10
500,500,0.15631612785464344,0.11062792573046121,0.13967665403788487,0.09626369346187857,0.04568820212418223,0.0434129605760063,0.03367583535859838,1.3567058289028235,1.2891427967182336,0.17487469965750702,0.1973484475110283,0.289,0.197,0.211,True,999,0.00011620891746133566,0.0027647920651361346,weak_5x5_bal_strong_500_500,weak_null,True,604,947166935,-1.8318679906315083e-15,0,7
500,500,0.15841473323511468,0.11908564160951318,0.14158940090237593,0.10597800581959405,0.0393290916256015,0.03561139508278188,0.032869793104261344,1.1965116878238808,1.083407947528733,0.23149694030999657,0.2786273895972353,0.316,0.222,0.27,True,999,0.00011675001587718725,0.002865792019292712,weak_5x5_bal_strong_500_500,weak_null,True,605,947166935,-1.8318679906315083e-15,0,8
500,500,0.15389986792161903,0.11189046399539948,0.13729244858586753,0.09523100736234369,0.042009403926219546,0.04206144122352384,0.032882970435609934,1.277542854848853,1.2791253547451502,0.20141066074744685,0.20085291636565872,0.301,0.195,0.195,True,999,0.0001152919139713049,0.002665290958248079,weak_5x5_bal_strong_500_500,weak_null,True,606,947166935,-1.8318679906315083e-15,0,5
500,500,0.10640869835903843,0.11457334809347675,0.08988268189671089,0.09825289699347195,-0.008164649734438312,-0.008370215096761058,0.03186168771312224,-0.2562528955763916,-0.262704699516397,0.7977555669805705,0.7927781942939028,0.853,0.805,0.801,True,999,0.00011262507177889347,0.002739249961450696,weak_5x5_bal_strong_500_500,weak_null,True,607,947166935,-1.8318679906315083e-15,0,6
500,500,0.1317860308789338,0.1209348833210328,0.11517556700209752,0.10569008152177162,0.010851147557901009,0.009485485480325906,0.032599628732327454,0.33286107786683033,0.29096912600478836,0.7392391509915643,0.7710749322585443,0.783,0.729,0.755,True,999,0.00011866702698171139,0.0027948329225182533,weak_5x5_bal_strong_500_500,weak_null,True,608,947166935,-1.8318679906315083e-15,0,6
500,500,0.10717775446200828,0.10616109433794968,0.0906347599267292,0.0936631744164913,0.0010166601240585993,-0.003028414489762099,0.03120198636225536,0.03258318596307189,-0.09705838771295448,0.9740069783689077,0.9226800265792666,0.984,0.974,0.913,True,999,0.00012316706124693155,0.0026696670101955533,weak_5x5_bal_strong_500_500,weak_null,True,609,947166935,-1.8318679906315083e-15,0,9
500,500,0.10711022601720965,0.10014797052861485,0.09055957282885174,0.08737135549594655,0.006962255488594804,0.0031882173329051966,0.029663320833459433,0.2347092399965403,0.1074801216898471,0.8144344155740427,0.9144080945567081,0.849,0.793,0.899,True,999,0.00011549994815140963,0.0027208339888602495,weak_5x5_bal_strong_500_500,weak_null,True,610,947166935,-1.8318679906315083e-15,0,8
500,500,0.13859465306676655,0.09831276102924458,0.12180515522572932,0.07799103631182902,0.04028189203752197,0.0438141189139003,0.03176529185191129,1.2681102451479047,1.3793079288602237,0.20475858335340336,0.16779983293290257,0.358,0.227,0.18,True,999,0.00011266593355685472,0.0027321670204401016,weak_5x5_bal_strong_500_500,weak_null,True,611,947166935,-1.8318679906315083e-15,0,4
500,500,0.10127654622552495,0.12753743300836262,0.08472719796611727,0.10972061731521876,-0.026260886782837667,-0.024993419349101487,0.03211563013645166,-0.8176980078317447,-0.7782322577172051,0.41352964829401506,0.43643210319768433,0.533,0.423,0.443,True,999,0.00011508294846862555,0.002677000011317432,weak_5x5_bal_strong_500_500,weak_null,True,612,947166935,-1.8318679906315083e-15,0,6
500,500,0.09690034686109827,0.16460827881629814,0.0803677127020137,0.1513424326279278,-0.06770793195519986,-0.07097471992591409,0.03351659119365159,-2.020131807676924,-2.1175995946556005,0.04336971732015253,0.03420899254465917,0.11,0.052,0.043,True,999,0.00011812499724328518,0.0027541249291971326,weak_5x5_bal_strong_500_500,weak_null,True,613,947166935,-1.8318679906315083e-15,0,7
500,500,0.1207949077680488,0.11916494300668445,0.10415825036591286,0.100175173579089,0.0016299647613643442,0.003983076786823858,0.03266388095082284,0.0499011358698723,0.12194132083755098,0.9602011721397923,0.9029454904998724,0.975,0.968,0.909,True,999,0.00011504197027534246,0.0028100420022383332,weak_5x5_bal_strong_500_500,weak_null,True,614,947166935,-1.8318679906315083e-15,0,5
500,500,0.12031193400268747,0.18132733921650668,0.10375282025972865,0.17101255928122328,-0.06101540521381921,-0.06725973902149462,0.03633688438231882,-1.6791589661855741,-1.8510045691815715,0.09312106672190722,0.06416889576970215,0.135,0.099,0.068,True,999,0.00011087500024586916,0.0027634999714791775,weak_5x5_bal_strong_500_500,weak_null,True,615,947166935,-1.8318679906315083e-15,0,9
500,500,0.09491388596880146,0.08278283443733864,0.078368938344056,0.06677731412699472,0.012131051531462822,0.01159162421706128,0.028626395558206483,0.4237715330523038,0.40492782940457367,0.6717324407629388,0.6855305614012287,0.752,0.667,0.685,True,999,0.00011783302761614323,0.002718833042308688,weak_5x5_bal_strong_500_500,weak_null,True,616,947166935,-1.8318679906315083e-15,0,7
500,500,0.1328154381293516,0.0932584549773613,0.11533452936942012,0.08002031579121649,0.0395569831519903,0.035314213578203635,0.030298339026579964,1.3055825640239869,1.1655494892714537,0.19169455293415905,0.24379664004353863,0.291,0.181,0.232,True,999,0.00012145796790719032,0.002726915990933776,weak_5x5_bal_strong_500_500,weak_null,True,617,947166935,-1.8318679906315083e-15,0,7
500,500,0.12803730040904182,0.08133438191927794,0.11126342618956642,0.07016126486368535,0.04670291848976388,0.04110216132588107,0.02951742380136597,1.5822152639080453,1.3924711588136292,0.11360043698569566,0.16377976937314298,0.238,0.11,0.159,True,999,0.00011637492571026087,0.0027608750388026237,weak_5x5_bal_strong_500_500,weak_null,True,618,947166935,-1.8318679906315083e-15,0,9
500,500,0.08897774612224985,0.08011881282996536,0.07243131945790537,0.05790770759270458,0.008858933292284488,0.014523611865200792,0.027387202420975802,0.3234698147007322,0.5303065147711906,0.7463394641853245,0.5958994304996155,0.822,0.766,0.609,True,999,0.0001141249667853117,0.0027737919008359313,weak_5x5_bal_strong_500_500,weak_null,True,619,947166935,-1.8318679906315083e-15,0,3
500,500,0.11313559312281818,0.10988939069043657,0.09656452486092348,0.09910403316359861,0.0032462024323816063,-0.002539508302675131,0.03225235776787317,0.10065008132878814,-0.07873868698073154,0.919828239378311,0.9372404732286242,0.942,0.925,0.94,True,999,0.00011795794125646353,0.0026593749644234776,weak_5x5_bal_strong_500_500,weak_null,True,620,947166935,-1.8318679906315083e-15,0,9
500,500,0.1175530669653313,0.15969220377515125,0.10099072198670456,0.14374634962695154,-0.042139136809819955,-0.042755627640246985,0.033499887878783115,-1.2578888909209884,-1.2762916638692967,0.2084319418573669,0.20185243588108182,0.3,0.212,0.206,True,999,0.0001163750421255827,0.0026757080340757966,weak_5x5_bal_strong_500_500,weak_null,True,621,947166935,-1.8318679906315083e-15,0,6
500,500,0.1264299482514728,0.05486587517260966,0.10969605419654727,0.04260082373824048,0.07156407307886314,0.06709523045830679,0.027916072476339045,2.56354374848106,2.4034623966238446,0.010360964252955502,0.01624063721165523,0.082,0.01,0.015,True,999,0.00011320901103317738,0.0027976669371128082,weak_5x5_bal_strong_500_500,weak_null,True,622,947166935,-1.8318679906315083e-15,0,10
500,500,0.11249006860821154,0.1048128801567953,0.09591838944891151,0.0837515906567603,0.007677188451416239,0.012166798792151212,0.030908193961833332,0.2483868342775491,0.39364314871245015,0.8038351191876834,0.6938445199190493,0.873,0.819,0.695,True,999,0.0001157920341938734,0.0026758749736472964,weak_5x5_bal_strong_500_500,weak_null,True,623,947166935,-1.8318679906315083e-15,0,4
500,500,0.12158205936473387,0.11973462316590361,0.1049381804270979,0.10212484852300463,0.0018474361988302657,0.0028133319040932747,0.031233231955620475,0.05914969675425524,0.09007495311694795,0.9528328756171388,0.9282276528119415,0.966,0.954,0.937,True,999,0.00012799992691725492,0.002734083915129304,weak_5x5_bal_strong_500_500,weak_null,True,624,947166935,-1.8318679906315083e-15,0,6
500,500,0.12083139694070733,0.11845964837136308,0.10426614938762668,0.1090206865277139,0.0023717485693442453,-0.004754537140087223,0.031384268754896597,0.07557125475399848,-0.1514942781435816,0.9397602064303401,0.8795858241267516,0.956,0.941,0.867,True,999,0.0001176249934360385,0.0028245829744264483,weak_5x5_bal_strong_500_500,weak_null,True,625,947166935,-1.8318679906315083e-15,0,9
500,500,0.12484203702508845,0.127602870932649,0.10828031046344222,0.10996231015005264,-0.002760833907560545,-0.0016819996866104248,0.033494533446131236,-0.08242640286364201,-0.050217140337707945,0.9343076410336545,0.959949352771813,0.949,0.941,0.959,True,999,0.0001258340198546648,0.002657042001374066,weak_5x5_bal_strong_500_500,weak_null,True,626,947166935,-1.8318679906315083e-15,0,7
500,500,0.10255377105823205,0.09769216117880575,0.0859711026490686,0.07964074609117233,0.0048616098794262985,0.006330356557896266,0.029349277395087966,0.16564666359519845,0.21569037195293075,0.8684350223034468,0.8292291066490403,0.92,0.891,0.852,True,999,0.00012049998622387648,0.002661332953721285,weak_5x5_bal_strong_500_500,weak_null,True,627,947166935,-1.8318679906315083e-15,0,5
500,500,0.07802096233173383,0.10732131697626679,0.061463116342224566,0.09280761708330942,-0.029300354644532955,-0.03134450074108486,0.028884841444698522,-1.0143851646418054,-1.0851539829669994,0.3103990004382804,0.27785346140306677,0.453,0.303,0.278,True,999,0.00011608307249844074,0.0028074579313397408,weak_5x5_bal_strong_500_500,weak_null,True,628,947166935,-1.8318679906315083e-15,0,8
500,500,0.09927846881152846,0.1366589925341249,0.08267790902391425,0.12245138042152348,-0.037380523722596426,-0.03977347139760923,0.03104843097026187,-1.203942439423088,-1.2810138919968028,0.2286118270144365,0.2001887866472829,0.333,0.217,0.193,True,999,0.00011841696687042713,0.002750959014520049,weak_5x5_bal_strong_500_500,weak_null,True,629,947166935,-1.8318679906315083e-15,0,7
500,500,0.12549408217389924,0.10452540664435944,0.10880217493956934,0.09361116677973769,0.020968675529539793,0.015191008159831654,0.03115682807464096,0.6730041799924599,0.4875659397496839,0.500944631650518,0.6258573259401291,0.624,0.525,0.653,True,999,0.0001189579488709569,0.002702499972656369,weak_5x5_bal_strong_500_500,weak_null,True,630,947166935,-1.8318679906315083e-15,0,10
500,500,0.10216698012476799,0.13596989904068202,0.08558448444591704,0.12331362685964109,-0.033802918915914026,-0.03772914241372405,0.03238829127571492,-1.0436771309778792,-1.1649006763754082,0.2966347939102474,0.2440591996914031,0.399,0.308,0.269,True,999,0.0001319999573752284,0.002740624942816794,weak_5x5_bal_strong_500_500,weak_null,True,631,947166935,-1.8318679906315083e-15,0,9
500,500,0.12548032100201167,0.10709955997270937,0.10800826755371418,0.08683490179345199,0.018380761029302306,0.021173365760262186,0.03056132692376416,0.6014385787355857,0.6928156559785369,0.5475479098225545,0.48842524584569047,0.635,0.549,0.492,True,999,0.00011354195885360241,0.00265633303206414,weak_5x5_bal_strong_500_500,weak_null,True,632,947166935,-1.8318679906315083e-15,0,4
500,500,0.11835153237305485,0.07922709572202158,0.10164777669513114,0.06517035187263787,0.03912443665103327,0.036477424822493276,0.029643027404687793,1.3198529325937225,1.2305566609139484,0.18688412474861615,0.2184887229310969,0.335,0.184,0.218,True,999,0.000134333036839962,0.002664499916136265,weak_5x5_bal_strong_500_500,weak_null,True,633,947166935,-1.8318679906315083e-15,0,8
500,500,0.1219138189001101,0.11822162165842987,0.1053556134019118,0.10251263966364377,0.0036921972416802396,0.0028429737382680287,0.031589087390031134,0.11688204841414383,0.08999860309877812,0.9069535239274465,0.9282883248907801,0.919,0.898,0.919,True,999,0.00013791699893772602,0.0028125420212745667,weak_5x5_bal_strong_500_500,weak_null,True,634,947166935,-1.8318679906315083e-15,0,7
500,500,0.13926258803294345,0.11605885856102438,0.12257057127840199,0.10712565775139637,0.023203729471919066,0.01544491352700561,0.03199527196744159,0.7252236985368087,0.48272487080973603,0.46831480645971024,0.629291101562309,0.59,0.482,0.634,True,999,0.00011183402966707945,0.0026891250163316727,weak_5x5_bal_strong_500_500,weak_null,True,635,947166935,-1.8318679906315083e-15,0,10
500,500,0.13907944247497928,0.15917199663003695,0.12247302516038872,0.14806661518517217,-0.020092554155057674,-0.025593590024783452,0.03440378855241777,-0.5840215569411655,-0.7439177806185194,0.5592058087966614,0.4569262177339193,0.594,0.518,0.436,True,999,0.00010991701856255531,0.002724749967455864,weak_5x5_bal_strong_500_500,weak_null,True,636,947166935,-1.8318679906315083e-15,0,8
500,500,0.12339149072924327,0.10357720316130736,0.10676855373253602,0.09300161269953833,0.019814287567935907,0.013766941032997693,0.031797442770550875,0.623140914535645,0.4329574907120491,0.5331919251102281,0.6650456525188846,0.628,0.536,0.672,True,999,0.00011599995195865631,0.0027662910288199782,weak_5x5_bal_strong_500_500,weak_null,True,637,947166935,-1.8318679906315083e-15,0,10
500,500,0.13838508643560643,0.1035953498796916,0.12174913773048957,0.09674154014493297,0.03478973655591483,0.025007597585556596,0.03202571560859729,1.0863062977607765,0.7808599155499688,0.27734350167867683,0.4348848900004686,0.376,0.265,0.429,True,999,0.00011354195885360241,0.0026831249706447124,weak_5x5_bal_strong_500_500,weak_null,True,638,947166935,-1.8318679906315083e-15,0,12
500,500,0.1201014628955912,0.10354688039086496,0.1034971355622929,0.09251051967709145,0.016554582504726245,0.010986615885201445,0.031400230883950914,0.5272121267486449,0.34988965290751584,0.598046288344954,0.7264215126103319,0.682,0.589,0.733,True,999,0.00011858390644192696,0.0027710420545190573,weak_5x5_bal_strong_500_500,weak_null,True,639,947166935,-1.8318679906315083e-15,0,9
500,500,0.09373583288107823,0.12148376955778178,0.07719790282305894,0.10819029086295018,-0.027747936676703555,-0.03099238803989124,0.031604144310941086,-0.8779841151116835,-0.9806431629652425,0.3799523392075367,0.32676874126160915,0.505,0.377,0.32,True,999,0.0001222500577569008,0.002743166987784207,weak_5x5_bal_strong_500_500,weak_null,True,640,947166935,-1.8318679906315083e-15,0,8
500,500,0.12732841302685238,0.10627453019050553,0.1097685101414072,0.09565450971794576,0.02105388283634685,0.014114000423461448,0.030020168982417272,0.701324594431099,0.4701505988100193,0.48310046843260757,0.6382474259555322,0.571,0.49,0.65,True,999,0.00011233310215175152,0.0027063750894740224,weak_5x5_bal_strong_500_500,weak_null,True,641,947166935,-1.8318679906315083e-15,0,10
500,500,0.14257411470922055,0.11101419504504462,0.12594694954714214,0.09557960846834135,0.03155991966417593,0.03036734107880079,0.03241852710186603,0.9735149152522515,0.9367279698852459,0.33029745092173324,0.34889850500006914,0.465,0.352,0.367,True,999,0.00011775002349168062,0.0027639169711619616,weak_5x5_bal_strong_500_500,weak_null,True,642,947166935,-1.8318679906315083e-15,0,6
500,500,0.13105379491951163,0.09142158500979614,0.11434082394430334,0.07254039513878752,0.0396322099097155,0.04180042880551582,0.031239853236648983,1.2686426408438127,1.3380481812404201,0.20456854873529406,0.18088073108232294,0.339,0.195,0.176,True,999,0.00011725001968443394,0.0028204580303281546,weak_5x5_bal_strong_500_500,weak_null,True,643,947166935,-1.8318679906315083e-15,0,5
500,500,0.10979203112187497,0.17259545012341315,0.09325253198937844,0.15444486666336843,-0.06280341900153819,-0.06119233467398999,0.034424911261326144,-1.8243596483019322,-1.7775596924409527,0.06809771818188352,0.07547619881815718,0.127,0.062,0.072,True,999,0.00014841603115200996,0.002643333049491048,weak_5x5_bal_strong_500_500,weak_null,True,644,947166935,-1.8318679906315083e-15,0,5
500,500,0.13966582039536335,0.13469320252723077,0.12202674927755197,0.11685243398204648,0.004972617868132578,0.005174315295505494,0.032261661985128656,0.15413396465516122,0.16038588767964426,0.8775041083414589,0.872577105712329,0.883,0.868,0.868,True,999,0.00011958391405642033,0.002808709046803415,weak_5x5_bal_strong_500_500,weak_null,True,645,947166935,-1.8318679906315083e-15,0,6
500,500,0.09202392948478866,0.10117188710214325,0.0755156030602393,0.0807650926444694,-0.009147957617354596,-0.005249489584230105,0.030395242184853077,-0.3009667618938505,-0.1727076083916217,0.7634398402498527,0.8628812630347374,0.823,0.755,0.868,True,999,0.0001188330352306366,0.0026761660119518638,weak_5x5_bal_strong_500_500,weak_null,True,646,947166935,-1.8318679906315083e-15,0,4
500,500,0.1255058182165647,0.1393175243002321,0.10801661658013018,0.12035773206278577,-0.013811706083667386,-0.012341115482655596,0.03188091866719031,-0.4332279827896384,-0.3871003722159437,0.6648491516613391,0.6986819020673403,0.724,0.66,0.688,True,999,0.00011333299335092306,0.0027198330499231815,weak_5x5_bal_strong_500_500,weak_null,True,647,947166935,-1.8318679906315083e-15,0,5
500,500,0.10480610773283594,0.15575869377290585,0.08825544124522366,0.13437687449271607,-0.050952586040069914,-0.046121433247492405,0.03402813819616758,-1.4973662604264504,-1.3553910290833022,0.13429798237194024,0.17529300629303823,0.209,0.139,0.181,True,999,0.000116499955765903,0.0026971250772476196,weak_5x5_bal_strong_500_500,weak_null,True,648,947166935,-1.8318679906315083e-15,0,3
500,500,0.0934740901127582,0.15293983961891505,0.07690954335305378,0.1364379845696817,-0.05946574950615685,-0.059528441216627925,0.032713614990191445,-1.8177676029991343,-1.8196839827844278,0.0690996602070647,0.06880714390393637,0.127,0.067,0.064,True,999,0.00011820800136774778,0.002685417071916163,weak_5x5_bal_strong_500_500,weak_null,True,649,947166935,-1.8318679906315083e-15,0,7
500,500,0.11079999092136661,0.07740160845120114,0.09409228221932153,0.07029004239291226,0.033398382470165466,0.023802239826409277,0.029114808060377258,1.1471270015211876,0.8175303706982727,0.251329135766695,0.41362540052130714,0.419,0.249,0.427,True,999,0.00011308304965496063,0.0027049999916926026,weak_5x5_bal_strong_500_500,weak_null,True,650,947166935,-1.8318679906315083e-15,0,11
500,500,0.14596088636670213,0.13861249922590535,0.12931416788615024,0.1161057305718316,0.007348387140796775,0.013208437314318644,0.03363684858841961,0.21846241396486396,0.39267761007985763,0.8270688403534128,0.6945576095960232,0.858,0.829,0.716,True,999,0.0001194169744849205,0.002724915975704789,weak_5x5_bal_strong_500_500,weak_null,True,651,947166935,-1.8318679906315083e-15,0,4
500,500,0.11135704363417687,0.11382061651621755,0.09482678281347034,0.10125798095225491,-0.0024635728820406877,-0.006431198138784566,0.03177419583415372,-0.07753376025311146,-0.20240317559419535,0.9381989352987945,0.8396015460150654,0.951,0.939,0.852,True,999,0.00012187508400529623,0.0026815830497071147,weak_5x5_bal_strong_500_500,weak_null,True,652,947166935,-1.8318679906315083e-15,0,7
500,500,0.0903704382060162,0.10394202630031124,0.07386277887349024,0.08989543870171701,-0.01357158809429504,-0.01603265982822677,0.028575528190601256,-0.474937436108665,-0.5610625889847962,0.6348315672816611,0.5747548704359993,0.735,0.634,0.581,True,999,0.00011279096361249685,0.002671250025741756,weak_5x5_bal_strong_500_500,weak_null,True,653,947166935,-1.8318679906315083e-15,0,8
500,500,0.12582241989096432,0.13473276119273825,0.1090886582190933,0.11656335706263121,-0.008910341301773927,-0.007474698843537908,0.03259132650505392,-0.273396092067385,-0.22934626003574327,0.7845487564820909,0.8185998011996556,0.808,0.773,0.8,True,999,0.00011362496297806501,0.0027984579792246222,weak_5x5_bal_strong_500_500,weak_null,True,654,947166935,-1.8318679906315083e-15,0,4
500,500,0.12196978767259492,0.1228046029218276,0.10526136265752939,0.1074756509894712,-0.0008348152492326788,-0.002214288331941816,0.032802949991279834,-0.025449395540785257,-0.06750271949719312,0.9796965119057841,0.9461814971199998,0.977,0.974,0.942,True,999,0.00011616700794547796,0.0027634589932858944,weak_5x5_bal_strong_500_500,weak_null,True,655,947166935,-1.8318679906315083e-15,0,7
500,500,0.10218946086569547,0.09954557906227296,0.08564318211267619,0.08169235420231757,0.0026438818034225098,0.003950827910358612,0.03092827882496885,0.08548428505785668,0.12774160284564723,0.931876388443934,0.8983534654663234,0.94,0.927,0.883,True,999,0.00012912508100271225,0.002747249905951321,weak_5x5_bal_strong_500_500,weak_null,True,656,947166935,-1.8318679906315083e-15,0,6
500,500,0.12779272672457576,0.1673325078113656,0.11111425557294297,0.15459484510307675,-0.03953978108678985,-0.043480589530133784,0.03445499474290789,-1.1475776264609239,-1.2619531610604495,0.25114297039792444,0.20696564110344784,0.352,0.281,0.234,True,999,0.00011708308011293411,0.0028611659072339535,weak_5x5_bal_strong_500_500,weak_null,True,657,947166935,-1.8318679906315083e-15,0,8
500,500,0.11595669861763747,0.10267849769155013,0.09918766123928435,0.08763074775154678,0.013278200926087336,0.011556913487737575,0.031161750151578415,0.4261057502065481,0.37086856262956686,0.6700307903592596,0.710735431362142,0.744,0.681,0.711,True,999,0.00012850004713982344,0.0026925000129267573,weak_5x5_bal_strong_500_500,weak_null,True,658,947166935,-1.8318679906315083e-15,0,7
500,500,0.13371418820665437,0.10993059120205917,0.11602955156877215,0.09582695543195996,0.023783597004595203,0.02020259613681219,0.031351787796721695,0.7586041714368243,0.6443841821015603,0.4480893765932895,0.5193263391846987,0.562,0.443,0.507,True,999,0.00011775002349168062,0.002692249952815473,weak_5x5_bal_strong_500_500,weak_null,True,659,947166935,-1.8318679906315083e-15,0,7
500,500,0.1539142359834631,0.1519022811165811,0.137248380030087,0.1341492596496323,0.002011954866881993,0.0030991203804546785,0.03487913160753556,0.05768362840912343,0.08885314047741717,0.9540006346170146,0.9291986246676194,0.967,0.957,0.933,True,999,0.00011708308011293411,0.0028579160571098328,weak_5x5_bal_strong_500_500,weak_null,True,660,947166935,-1.8318679906315083e-15,0,6
500,500,0.10584979722689103,0.12032111419085034,0.08928826395856504,0.10341402031104963,-0.014471316963959313,-0.014125756352484586,0.032296516422584035,-0.4480767143616744,-0.4373770894562129,0.6540978326713929,0.6618378965661222,0.751,0.683,0.685,True,999,0.00011754198931157589,0.00271762500051409,weak_5x5_bal_strong_500_500,weak_null,True,661,947166935,-1.8318679906315083e-15,0,6
500,500,0.09916687528577817,0.10677510086658892,0.0826281695186708,0.08770199315000582,-0.007608225580810757,-0.005073823631335017,0.0305648054296523,-0.24892111936788816,-0.16600215705651675,0.8034217984857441,0.8681552526408991,0.852,0.803,0.865,True,999,0.0001153749180957675,0.0026701249880716205,weak_5x5_bal_strong_500_500,weak_null,True,662,947166935,-1.8318679906315083e-15,0,5
500,500,0.1420316341948762,0.08922143563063467,0.12541899763982656,0.07733697292604802,0.05281019856424152,0.04808202471377854,0.032132258851280786,1.6435258662848882,1.4963786061950637,0.10027417810237305,0.13455502137216757,0.238,0.124,0.16,True,999,0.00011224998161196709,0.0027559169102460146,weak_5x5_bal_strong_500_500,weak_null,True,663,947166935,-1.8318679906315083e-15,0,9
500,500,0.10126864198203411,0.12030221572511424,0.08474813294355954,0.10708902791901664,-0.019033573743080123,-0.022340894975457104,0.03224531341477395,-0.5902741120314074,-0.6928416135419263,0.5550068924266574,0.48840895398048634,0.638,0.549,0.477,True,999,0.00011487491428852081,0.0026932500768452883,weak_5x5_bal_strong_500_500,weak_null,True,664,947166935,-1.8318679906315083e-15,0,8
500,500,0.08795775471958378,0.1266192763893081,0.0713895893429708,0.11615551827475201,-0.03866152166972431,-0.04476592893178122,0.03155177902124877,-1.2253357138336773,-1.418808394342306,0.22044875752502346,0.1559548847181338,0.336,0.241,0.177,True,999,0.0001490000868216157,0.0026305420324206352,weak_5x5_bal_strong_500_500,weak_null,True,665,947166935,-1.8318679906315083e-15,0,10
500,500,0.08919231864068644,0.07993162913545293,0.0726715515147589,0.06994716407820079,0.00926068950523351,0.0027243874365581178,0.02793430372658694,0.3315167471462514,0.09752838170672343,0.7402541931299238,0.9223067963177453,0.81,0.743,0.918,True,999,0.00011333299335092306,0.0027525000041350722,weak_5x5_bal_strong_500_500,weak_null,True,666,947166935,-1.8318679906315083e-15,0,10
500,500,0.11342527567722005,0.11699947628074592,0.0968807403298797,0.1021725745750075,-0.0035742006035258678,-0.005291834245127802,0.0325489170183058,-0.10981012368293869,-0.16258096213006498,0.9125599620646977,0.8708483775571798,0.933,0.916,0.882,True,999,0.00011454103514552116,0.0026379579212516546,weak_5x5_bal_strong_500_500,weak_null,True,667,947166935,-1.8318679906315083e-15,0,7
500,500,0.09943620752860127,0.09955293099538315,0.08280291705659693,0.08175657092360211,-0.00011672346678187617,0.0010463461329948132,0.02952132702042867,-0.003953869238368041,0.03544373639676647,0.9968452769989488,0.9717259100031733,0.999,0.999,0.97,True,999,0.00011841696687042713,0.00269658409524709,weak_5x5_bal_strong_500_500,weak_null,True,668,947166935,-1.8318679906315083e-15,0,6
500,500,0.10337223759048486,0.09846566518641059,0.08680605990309687,0.08606134621237516,0.004906572404074272,0.00074471369072171,0.029793128271508294,0.16468805690225272,0.024996156292654007,0.8691895178309041,0.9800580294861827,0.89,0.851,0.976,True,999,0.00012312503531575203,0.0027445839950814843,weak_5x5_bal_strong_500_500,weak_null,True,669,947166935,-1.8318679906315083e-15,0,8
500,500,0.12911166835662446,0.11768647800285925,0.11224719794142857,0.09690926471591865,0.011425190353765213,0.015337933225509914,0.03334969469895388,0.34258755460581775,0.4599122529895615,0.731908766082668,0.645579204871972,0.781,0.727,0.649,True,999,0.00011575000826269388,0.002700958983041346,weak_5x5_bal_strong_500_500,weak_null,True,670,947166935,-1.8318679906315083e-15,0,5
500,500,0.11280240090822713,0.12274571977560533,0.0962304683378079,0.10880189995998535,-0.009943318867378204,-0.012571431622177442,0.03151523796514279,-0.3155082908901384,-0.39890010147097693,0.7523757570745817,0.6899668144231622,0.786,0.729,0.671,True,999,0.00011962500866502523,0.002745165955275297,weak_5x5_bal_strong_500_500,weak_null,True,671,947166935,-1.8318679906315083e-15,0,7
500,500,0.10789465505799334,0.12456341243958097,0.0913093920855772,0.11241287106309983,-0.01666875738158763,-0.021103478977522627,0.031517360209040945,-0.5288754283680807,-0.6695826946658104,0.5968918684028925,0.5031238487916162,0.687,0.585,0.495,True,999,0.00012116692960262299,0.002693125046789646,weak_5x5_bal_strong_500_500,weak_null,True,672,947166935,-1.8318679906315083e-15,0,8
500,500,0.09161996277753781,0.15191414599794828,0.07507154511881708,0.13784620256083713,-0.06029418322041047,-0.06277465744202004,0.03160200152502506,-1.9079229261053157,-1.9864139742006501,0.05640117864507829,0.04698737623815483,0.104,0.053,0.044,True,999,0.00011370796710252762,0.002674332936294377,weak_5x5_bal_strong_500_500,weak_null,True,673,947166935,-1.8318679906315083e-15,0,7
500,500,0.10449747762513906,0.09923236412600178,0.08789731905324061,0.08570943570720146,0.005265113499137275,0.0021878833460391434,0.030455978477056795,0.17287618925471757,0.0718375654122335,0.8627487480594055,0.9427311771591044,0.883,0.849,0.941,True,999,0.00011754198931157589,0.002742209006100893,weak_5x5_bal_strong_500_500,weak_null,True,674,947166935,-1.8318679906315083e-15,0,7
500,500,0.11071855084164417,0.09924374813623138,0.09411352769166115,0.08256078624995666,0.01147480270541279,0.011552741441704484,0.03046041466635504,0.37671196637015086,0.37927065564425916,0.7063876690495494,0.7044868881090971,0.782,0.722,0.714,True,999,0.00011766701936721802,0.002764583914540708,weak_5x5_bal_strong_500_500,weak_null,True,675,947166935,-1.8318679906315083e-15,0,7
500,500,0.10055595186165367,0.12184266578429015,0.08402212177907131,0.1028283969991719,-0.02128671392263648,-0.018806275220100588,0.03132758464544304,-0.6794878750964569,-0.6003104111901643,0.49682878758689697,0.548299381475857,0.584,0.502,0.549,True,999,0.0001127920113503933,0.0026983340503647923,weak_5x5_bal_strong_500_500,weak_null,True,676,947166935,-1.8318679906315083e-15,0,5
500,500,0.09860585678109057,0.15160052551787834,0.08209225729729042,0.13755466353777024,-0.052994668736787764,-0.05546240624047982,0.03274429454432574,-1.6184397762806961,-1.6938036690758669,0.10556785570394042,0.09030259667112835,0.187,0.098,0.084,True,999,0.00011566700413823128,0.002764625009149313,weak_5x5_bal_strong_500_500,weak_null,True,677,947166935,-1.8318679906315083e-15,0,7
500,500,0.10786842093022653,0.10929306400471794,0.09132153892517181,0.09562852299833935,-0.0014246430744914163,-0.004306984073167541,0.03180379183463017,-0.0447947553517869,-0.1354236028069395,0.9642709055214155,0.8922769636863739,0.973,0.964,0.899,True,999,0.00011641695164144039,0.0027354160556569695,weak_5x5_bal_strong_500_500,weak_null,True,678,947166935,-1.8318679906315083e-15,0,8
500,500,0.1159299496676649,0.12687538341004523,0.09840700094673593,0.10750997267649609,-0.010945433742380328,-0.009102971729760156,0.03124409600882791,-0.3503200649264339,-0.2913501394691702,0.7260985085583702,0.77078354406109,0.782,0.74,0.784,True,999,0.0001128750154748559,0.002764625009149313,weak_5x5_bal_strong_500_500,weak_null,True,679,947166935,-1.8318679906315083e-15,0,6
500,500,0.09925550366792146,0.12897033534597863,0.08269716571703611,0.1066676750441502,-0.029714831678057163,-0.023970509327114087,0.03187562636619372,-0.9322116948130554,-0.752001201536747,0.351227132785625,0.4520503362190663,0.469,0.35,0.453,True,999,0.00012049998622387648,0.0027814159402623773,weak_5x5_bal_strong_500_500,weak_null,True,680,947166935,-1.8318679906315083e-15,0,3
500,500,0.07921816707870288,0.10008911107704183,0.06265808585180821,0.08488854734491724,-0.020870943998338942,-0.022230461493109033,0.028129398766058647,-0.7419619655547752,-0.7902928063977194,0.45811038022648587,0.42935678695632473,0.572,0.444,0.406,True,999,0.00012949993833899498,0.002727083978243172,weak_5x5_bal_strong_500_500,weak_null,True,681,947166935,-1.8318679906315083e-15,0,7
500,500,0.10200285388712493,0.11117848552770121,0.08545852045949687,0.09162736054642551,-0.009175631640576276,-0.00616884008692864,0.030326072934494314,-0.30256577105766563,-0.2034170431579985,0.762220803161173,0.8388090797651581,0.813,0.752,0.833,True,999,0.0001151250908151269,0.0026348340325057507,weak_5x5_bal_strong_500_500,weak_null,True,682,947166935,-1.8318679906315083e-15,0,4
500,500,0.12125421271621617,0.12834390141293522,0.10468405021561011,0.11364343189009674,-0.007089688696719054,-0.008959381674486622,0.033124706599075855,-0.21403023376263955,-0.2704742953024852,0.8305234802975169,0.7867953895937025,0.859,0.823,0.786,True,999,0.00011570809874683619,0.0027045829920098186,weak_5x5_bal_strong_500_500,weak_null,True,683,947166935,-1.8318679906315083e-15,0,8
500,500,0.08723932516222566,0.10464623091544478,0.07065735467085688,0.08628322912016984,-0.017406905753219126,-0.01562587444931296,0.030171442263116695,-0.5769331675104683,-0.5179028007028662,0.5639846038281089,0.6045260878498149,0.665,0.56,0.594,True,999,0.0001142079709097743,0.0026562500279396772,weak_5x5_bal_strong_500_500,weak_null,True,684,947166935,-1.8318679906315083e-15,0,5
500,500,0.10665079539969269,0.10453404003059802,0.09010290329831605,0.08696179658087999,0.0021167553690946694,0.0031411067174360596,0.030827566337723784,0.0686643683093592,0.10189278916877322,0.9452567812048406,0.9188417735835887,0.954,0.938,0.914,True,999,0.0001169170718640089,0.002703458070755005,weak_5x5_bal_strong_500_500,weak_null,True,685,947166935,-1.8318679906315083e-15,0,5
500,500,0.132062026897807,0.12661658660476294,0.11527976366812709,0.10951546394434786,0.005445440293044057,0.0057642997237792315,0.03310565563255882,0.16448670745214192,0.17411827718373732,0.8693480101447109,0.8617725094861632,0.88,0.874,0.861,True,999,0.00011975003872066736,0.0027608330128714442,weak_5x5_bal_strong_500_500,weak_null,True,686,947166935,-1.8318679906315083e-15,0,6
500,500,0.08855764316763648,0.14854678934854432,0.07203962343623971,0.13972152493496992,-0.05998914618090784,-0.06768190149873021,0.03227143993564744,-1.858892764020829,-2.097269338885865,0.06304233996768938,0.03596973945926513,0.15,0.064,0.035,True,999,0.00011245801579207182,0.0027220420306548476,weak_5x5_bal_strong_500_500,weak_null,True,687,947166935,-1.8318679906315083e-15,0,10
500,500,0.08842930838306451,0.12590082290664983,0.0719037929878823,0.11164284572797101,-0.037471514523585325,-0.03973905274008871,0.031099679264234327,-1.204884275661287,-1.2777962242777838,0.22824797970110655,0.20132128605677735,0.364,0.228,0.194,True,999,0.00012049998622387648,0.002748166909441352,weak_5x5_bal_strong_500_500,weak_null,True,688,947166935,-1.8318679906315083e-15,0,7
500,500,0.1342161282855876,0.09610171158110326,0.11668138415052454,0.08684297906779648,0.038114416704484344,0.02983840508272806,0.03068777341885584,1.2420065862799048,0.9723222560159449,0.21423413200010233,0.3308902550881907,0.363,0.224,0.353,True,999,0.00011808297131210566,0.002835292019881308,weak_5x5_bal_strong_500_500,weak_null,True,689,947166935,-1.8318679906315083e-15,0,9
500,500,0.12391775831586327,0.15062285482396687,0.10719278480667072,0.13590309850368953,-0.0267050965081036,-0.02871031369701882,0.03384843447585118,-0.7889610530482902,-0.8482021145616616,0.4301347701611473,0.39632541982590386,0.49,0.436,0.41,True,999,0.00012433307711035013,0.002691292087547481,weak_5x5_bal_strong_500_500,weak_null,True,690,947166935,-1.8318679906315083e-15,0,8
500,500,0.13570984610654135,0.1266087666598396,0.11907152420201328,0.11154774730576378,0.009101079446701743,0.007523776896249501,0.03426955750974932,0.265573299104098,0.21954695195901108,0.7905678515636257,0.8262240094960139,0.827,0.79,0.83,True,999,0.00011849997099488974,0.002693749964237213,weak_5x5_bal_strong_500_500,weak_null,True,691,947166935,-1.8318679906315083e-15,0,7
500,500,0.11995497386134701,0.11972901473667963,0.1032538187771479,0.10140449872844215,0.00022595912466738532,0.0018493200487057493,0.03154291029458078,0.007163547134907402,0.05862870709883328,0.9942843652248229,0.9532478450465107,0.999,0.998,0.958,True,999,0.00012391700875014067,0.0028388340724632144,weak_5x5_bal_strong_500_500,weak_null,True,692,947166935,-1.8318679906315083e-15,0,7
500,500,0.09866867217188746,0.11199323381046877,0.08212046928645123,0.10000250661394716,-0.013324561638581311,-0.017882037327495937,0.0303831723343771,-0.43855070471048907,-0.5885506994035402,0.6609871224686177,0.5561627140874541,0.706,0.614,0.518,True,999,0.00012124993372708559,0.0027766249841079116,weak_5x5_bal_strong_500_500,weak_null,True,693,947166935,-1.8318679906315083e-15,0,8
500,500,0.12262714362492999,0.13577313384174622,0.1058815301348659,0.12259882851861903,-0.013145990216816228,-0.016717298383753132,0.03284680191781994,-0.4002213137737561,-0.5089475202358655,0.688993517486562,0.6107890098135591,0.744,0.691,0.623,True,999,0.00011829205323010683,0.0028081670170649886,weak_5x5_bal_strong_500_500,weak_null,True,694,947166935,-1.8318679906315083e-15,0,7
500,500,0.11068033174493541,0.10690016475173797,0.0940841087372064,0.09130285213421985,0.0037801669931974424,0.0027812566029865593,0.03084940005450271,0.1225361590993306,0.09015593814054135,0.9024744109300925,0.9281632979494756,0.915,0.892,0.917,True,999,0.00011983304284512997,0.002789416932500899,weak_5x5_bal_strong_500_500,weak_null,True,695,947166935,-1.8318679906315083e-15,0,7
500,500,0.08971285415520702,0.14036881009160662,0.07320613517993024,0.12131945620316742,-0.0506559559363996,-0.04811332102323718,0.03172645301677255,-1.5966473122482288,-1.516504886247496,0.11034434631138042,0.12939173572713095,0.202,0.1,0.12,True,999,0.00011324998922646046,0.002670374931767583,weak_5x5_bal_strong_500_500,weak_null,True,696,947166935,-1.8318679906315083e-15,0,5
500,500,0.14995683210911448,0.09280956356839215,0.13334772112341398,0.07852637538786666,0.05714726854072233,0.05482134573554731,0.031529128459116255,1.812522937791479,1.7387523352138965,0.06990543298464406,0.0820783360087333,0.146,0.063,0.075,True,999,0.0001140419626608491,0.002767750062048435,weak_5x5_bal_strong_500_500,weak_null,True,697,947166935,-1.8318679906315083e-15,0,7
500,500,0.11720479159260311,0.1464454793780431,0.10061352416562386,0.13046083341563985,-0.029240687785439978,-0.029847309250015996,0.03331703077097183,-0.8776498718162048,-0.895857420644492,0.3801337558842197,0.3703289176600758,0.49,0.387,0.369,True,999,0.00011783407535403967,0.0028243749402463436,weak_5x5_bal_strong_500_500,weak_null,True,698,947166935,-1.8318679906315083e-15,0,7
500,500,0.13598014048467988,0.13594255212223794,0.11935494089505028,0.12394347689649976,3.7588362441942635e-05,-0.004588536001449484,0.03369796875946537,0.0011154489076254633,-0.13616654565152736,0.9991100007228013,0.8916896215004305,0.998,0.998,0.891,True,999,0.0001223749713972211,0.002834332990460098,weak_5x5_bal_strong_500_500,weak_null,True,699,947166935,-1.8318679906315083e-15,0,8
500,500,0.12149784879525405,0.10757572341472399,0.10488192773698302,0.09072688804542395,0.01392212538053006,0.014155039691559068,0.030685921168918787,0.45369748895241013,0.46128775517733034,0.6500465745047032,0.6445921688114442,0.72,0.645,0.638,True,999,0.0001164580462500453,0.0028014170238748193,weak_5x5_bal_strong_500_500,weak_null,True,700,947166935,-1.8318679906315083e-15,0,5
500,500,0.10606417408823621,0.1711078265479251,0.0894716760819847,0.15885250576948806,-0.0650436524596889,-0.06938082968750336,0.03397265827920033,-1.9145882528572016,-2.0422549544785427,0.0555450344189426,0.041126247846799614,0.105,0.057,0.046,True,999,0.00011612498201429844,0.002814000006765127,weak_5x5_bal_strong_500_500,weak_null,True,701,947166935,-1.8318679906315083e-15,0,8
500,500,0.1302881726696421,0.09728769612778287,0.11362567497519649,0.08437459443533157,0.033000476541859225,0.029251080539864915,0.03162560753927308,1.0434732835054257,0.9249175846990625,0.2967291481371511,0.35500877886521065,0.421,0.297,0.351,True,999,0.00012095808051526546,0.0028088330291211605,weak_5x5_bal_strong_500_500,weak_null,True,702,947166935,-1.8318679906315083e-15,0,8
500,500,0.11092240813603027,0.07996824011029446,0.09437064849339549,0.0594993700280213,0.030954168025735807,0.03487127846537419,0.02902096852478401,1.0666138864146053,1.20158906604354,0.28614622725609473,0.22952277981098368,0.457,0.306,0.245,True,999,0.00011958309914916754,0.0026522499974817038,weak_5x5_bal_strong_500_500,weak_null,True,703,947166935,-1.8318679906315083e-15,0,4
500,500,0.10214612675278567,0.0794055267131144,0.08562420096427559,0.06634774372906804,0.022740600039671266,0.019276457235207545,0.02863576623031663,0.7941327588991084,0.673160169005696,0.42711814845502105,0.500845398273777,0.564,0.417,0.497,True,999,0.00011929101310670376,0.0026998749235644937,weak_5x5_bal_strong_500_500,weak_null,True,704,947166935,-1.8318679906315083e-15,0,8
500,500,0.1412507183577454,0.057372789482171116,0.12456911456661146,0.040300851260013815,0.08387792887557427,0.08426826330659765,0.02797156948195512,2.9986851088096858,3.0126397934502878,0.0027114738741992276,0.0025898612240233625,0.041,0.003,0.003,True,999,0.0001153330085799098,0.0026450830046087503,weak_5x5_bal_strong_500_500,weak_null,True,705,947166935,-1.8318679906315083e-15,0,6
500,500,0.11386824881390001,0.09272179165763572,0.09718941709559203,0.07852700895134035,0.021146457156264287,0.018662408144251685,0.030229591072057412,0.6995283894465553,0.6173556268017862,0.48422187755653845,0.5370001833434815,0.602,0.478,0.533,True,999,0.00011341599747538567,0.002712500048801303,weak_5x5_bal_strong_500_500,weak_null,True,706,947166935,-1.8318679906315083e-15,0,7
500,500,0.12560369386296277,0.147442781420433,0.10899993522502882,0.12961950616528384,-0.021839087557470216,-0.020619570940255016,0.03347085635946119,-0.6524806931417807,-0.6160455149043862,0.514091123811727,0.5378644804961743,0.595,0.51,0.535,True,999,0.00011991697829216719,0.002704625017940998,weak_5x5_bal_strong_500_500,weak_null,True,707,947166935,-1.8318679906315083e-15,0,6
500,500,0.09889584157343778,0.14528713986347352,0.08234584530578104,0.125584884354339,-0.04639129829003574,-0.04323903904855797,0.03235084005056554,-1.434005986166803,-1.3365661905834216,0.1515705545862513,0.18136428120036252,0.283,0.17,0.204,True,999,0.0001105000264942646,0.0027154579292982817,weak_5x5_bal_strong_500_500,weak_null,True,708,947166935,-1.8318679906315083e-15,0,5
500,500,0.09150252556056837,0.10444032019793031,0.07499178418822794,0.09538758006013381,-0.012937794637361943,-0.020395795871905875,0.02988675315003691,-0.43289395045396445,-0.6824359865896201,0.665091815121267,0.49496330706750247,0.738,0.665,0.492,True,999,0.00011233391705900431,0.00276320893317461,weak_5x5_bal_strong_500_500,weak_null,True,709,947166935,-1.8318679906315083e-15,0,10
500,500,0.09982145714084711,0.10404346388078872,0.08324715069977628,0.08579572577536965,-0.004222006739941608,-0.0025485750755933623,0.029106371337640744,-0.14505438314399752,-0.08756072840648162,0.8846679342520689,0.9302258164372809,0.896,0.86,0.912,True,999,0.0001170419855043292,0.002623375039547682,weak_5x5_bal_strong_500_500,weak_null,True,710,947166935,-1.8318679906315083e-15,0,5
500,500,0.12557349637005433,0.10477712437222492,0.10887336517430413,0.09506845948143905,0.02079637199782941,0.013804905692865077,0.031130981264680408,0.6680281556503294,0.44344588997994117,0.5041156201259194,0.6574432493940373,0.603,0.507,0.659,True,999,0.0001133340410888195,0.0027042089495807886,weak_5x5_bal_strong_500_500,weak_null,True,711,947166935,-1.8318679906315083e-15,0,10
500,500,0.09461880292327263,0.10067047835198206,0.07804648547642046,0.08617691286960394,-0.006051675428709435,-0.008130427393183481,0.030042033796360286,-0.2014402709793443,-0.27063505248331476,0.8403543288422013,0.7866717335632045,0.874,0.85,0.797,True,999,0.00011629192158579826,0.0027700409991666675,weak_5x5_bal_strong_500_500,weak_null,True,712,947166935,-1.8318679906315083e-15,0,7
500,500,0.15466537966627314,0.12373689740397492,0.1370045527713728,0.1067793688732479,0.030928482262298218,0.030225183898124897,0.03371051043168047,0.9174729740440906,0.8966100931453078,0.35889484859622867,0.36992701039563824,0.459,0.364,0.391,True,999,0.00011629099026322365,0.002829207922331989,weak_5x5_bal_strong_500_500,weak_null,True,713,947166935,-1.8318679906315083e-15,0,6
500,500,0.14516462007061337,0.15904943781695347,0.12843097200720877,0.14353939203832056,-0.013884817746340095,-0.015108420031111791,0.03427401977483469,-0.40511203055717626,-0.4408126076359732,0.6853951636901465,0.6593486654487397,0.73,0.679,0.65,True,999,0.00011974992230534554,0.002776084002107382,weak_5x5_bal_strong_500_500,weak_null,True,714,947166935,-1.8318679906315083e-15,0,6
500,500,0.1004175468854751,0.14242962999170694,0.08389652653011126,0.1283562805130316,-0.042012083106231835,-0.04445975398292035,0.03302815174459603,-1.2720082985904815,-1.3461169225188243,0.2033701707679184,0.17826481193172194,0.285,0.198,0.176,True,999,0.00011858309153467417,0.0027617079904302955,weak_5x5_bal_strong_500_500,weak_null,True,715,947166935,-1.8318679906315083e-15,0,7
500,500,0.10238566866752641,0.16282465221134068,0.08588202318094318,0.14893595313827745,-0.06043898354381427,-0.06305392995733428,0.03354381514944752,-1.8017921716579017,-1.8797483135537967,0.0715781098554421,0.06014238766254319,0.152,0.07,0.059,True,999,0.00012329104356467724,0.0026729999808594584,weak_5x5_bal_strong_500_500,weak_null,True,716,947166935,-1.8318679906315083e-15,0,8
500,500,0.11427200030124296,0.1424019205831984,0.09768520875434206,0.12825284903917122,-0.028129920281955434,-0.030567640284829167,0.03326031164635618,-0.8457503519825618,-0.9190425095784692,0.39769202732757003,0.35807333785900286,0.481,0.393,0.35,True,999,0.00012466695625334978,0.0026642499724403024,weak_5x5_bal_strong_500_500,weak_null,True,717,947166935,-1.8318679906315083e-15,0,7
500,500,0.1348939649937757,0.12301231045991645,0.11830459350414912,0.10528259847046684,0.011881654533859254,0.013021995033682288,0.032793305650829385,0.3623195130241087,0.3970930888253696,0.7171132780878537,0.6912988161888194,0.751,0.697,0.67,True,999,0.00012012489605695009,0.0027658750768750906,weak_5x5_bal_strong_500_500,weak_null,True,718,947166935,-1.8318679906315083e-15,0,6
500,500,0.06755603682142408,0.14345013323877331,0.05104707358157157,0.1276392783450433,-0.07589409641734923,-0.07659220476347173,0.02995152616385724,-2.533897471606348,-2.5572054106510334,0.011280173099450445,0.010551688908550606,0.038,0.014,0.012,True,999,0.00013308401685208082,0.0026376250898465514,weak_5x5_bal_strong_500_500,weak_null,True,719,947166935,-1.8318679906315083e-15,0,7
500,500,0.12149357382835002,0.13926052213333417,0.10488773725080591,0.12594272789243632,-0.017766948304984154,-0.02105499064163041,0.03426471534907944,-0.5185202364583916,-0.6144802438055589,0.6040953446578561,0.5388980242280974,0.651,0.595,0.53,True,999,0.00011091690976172686,0.00270845799241215,weak_5x5_bal_strong_500_500,weak_null,True,720,947166935,-1.8318679906315083e-15,0,7
500,500,0.12679430068486663,0.11057758285340336,0.11021099580375449,0.0931876044057276,0.01621671783146328,0.017023391398026888,0.031746568816199305,0.510817969820675,0.536227757292006,0.6094785250014927,0.5918011520513189,0.7,0.617,0.587,True,999,0.0001177079975605011,0.0027695830212906003,weak_5x5_bal_strong_500_500,weak_null,True,721,947166935,-1.8318679906315083e-15,0,5
500,500,0.12118812816614621,0.11639582711627716,0.10462601303117935,0.09996621473658251,0.004792301049869052,0.00465979829459684,0.03256222676831103,0.1471736280189791,0.14310441137065205,0.8829949756999877,0.8862077210333366,0.905,0.887,0.889,True,999,0.00012374995276331902,0.0026180410059168935,weak_5x5_bal_strong_500_500,weak_null,True,722,947166935,-1.8318679906315083e-15,0,6
500,500,0.10683960036411722,0.12365198564247626,0.0902946849938644,0.10997293964933874,-0.016812385278359043,-0.019678254655474348,0.0315179074522402,-0.5334232706862038,-0.6243515590396745,0.593740612358429,0.5323967303462113,0.681,0.583,0.526,True,999,0.00011666701175272465,0.0026935420464724302,weak_5x5_bal_strong_500_500,weak_null,True,723,947166935,-1.8318679906315083e-15,0,8
500,500,0.16576181264496093,0.12296324276488751,0.14882141557325212,0.10999611194736758,0.04279856988007341,0.038825303625884544,0.03311584097501276,1.2923896425389487,1.172408807470111,0.19622224177008918,0.2410329651146279,0.276,0.194,0.23,True,999,0.00012370909098535776,0.0027880839770659804,weak_5x5_bal_strong_500_500,weak_null,True,724,947166935,-1.8318679906315083e-15,0,8
500,500,0.1075365696271191,0.1251319055272303,0.09099796829912066,0.10916598141091072,-0.017595335900111198,-0.01816801311179006,0.032694796746942804,-0.5381693006474031,-0.5556851523626278,0.5904601721629908,0.5784261083988507,0.66,0.575,0.565,True,999,0.00011937494855374098,0.0026283329352736473,weak_5x5_bal_strong_500_500,weak_null,True,725,947166935,-1.8318679906315083e-15,0,6
500,500,0.09979903786867639,0.13199636380364937,0.08327318522538008,0.11459168071107229,-0.03219732593497299,-0.03131849548569221,0.032269202984971566,-0.9977725805613465,-0.9705382404479553,0.31838964896559174,0.331778273357076,0.394,0.316,0.328,True,999,0.00011049991007894278,0.002681290963664651,weak_5x5_bal_strong_500_500,weak_null,True,726,947166935,-1.8318679906315083e-15,0,5
500,500,0.13533431582792543,0.10132979220297367,0.11862487554537893,0.08856120645808119,0.034004523624951766,0.03006366908729774,0.031858907837353054,1.0673474369728104,0.9436503360623529,0.2858149746294395,0.34534836074368613,0.418,0.316,0.366,True,999,0.00014804198872298002,0.0027701249346137047,weak_5x5_bal_strong_500_500,weak_null,True,727,947166935,-1.8318679906315083e-15,0,9
500,500,0.09405467102795595,0.08477828972345702,0.07751338413595477,0.07001888138631784,0.009276381304498926,0.007494502749636922,0.02838540245895899,0.3268011196216497,0.2640266510391333,0.7438183125552096,0.7917593826315021,0.81,0.731,0.775,True,999,0.0001207499299198389,0.0027502920711413026,weak_5x5_bal_strong_500_500,weak_null,True,728,947166935,-1.8318679906315083e-15,0,7
500,500,0.13457264443271844,0.1812184698846827,0.1179653425961078,0.16548287172807363,-0.04664582545196427,-0.04751752913196583,0.036368653872734455,-1.2825832271712043,-1.3065517711555905,0.19963812954720184,0.19136498539784041,0.289,0.218,0.213,True,999,0.0001194999786093831,0.0027784579433500767,weak_5x5_bal_strong_500_500,weak_null,True,729,947166935,-1.8318679906315083e-15,0,6
500,500,0.10593124405552112,0.07064725143418787,0.08936497185231929,0.06110585758955267,0.03528399262133325,0.028259114262766616,0.027916794042755624,1.263898446479724,1.0122621608873397,0.20626647947845766,0.31141272190605707,0.366,0.182,0.283,True,999,0.00011333299335092306,0.0027185830986127257,weak_5x5_bal_strong_500_500,weak_null,True,730,947166935,-1.8318679906315083e-15,0,9
500,500,0.13218483176606788,0.14195392624627545,0.1155200940437453,0.1288133676803227,-0.009769094480207574,-0.013293273636577396,0.03323510599486653,-0.293939019833922,-0.3999768689960148,0.7688045009361644,0.6891735537743325,0.817,0.767,0.684,True,999,0.00011458306107670069,0.002658291021361947,weak_5x5_bal_strong_500_500,weak_null,True,731,947166935,-1.8318679906315083e-15,0,6
500,500,0.12576702887040736,0.12089717251283083,0.10912354017011694,0.1013653861118371,0.00486985635757653,0.0077581540582798425,0.03267553204375897,0.1490367884769201,0.23743007605477234,0.8815246041172271,0.8123231593824614,0.903,0.876,0.811,True,999,0.00011179200373589993,0.002739999908953905,weak_5x5_bal_strong_500_500,weak_null,True,732,947166935,-1.8318679906315083e-15,0,4
500,500,0.10993853129358166,0.11156120144262799,0.093398081576197,0.09799544015407946,-0.0016226701490463236,-0.00459735857788246,0.03216887662755284,-0.05044223855975426,-0.14291324596472835,0.9597699777055715,0.8863586971922278,0.967,0.959,0.89,True,999,0.00011391693260520697,0.0026986669981852174,weak_5x5_bal_strong_500_500,weak_null,True,733,947166935,-1.8318679906315083e-15,0,9
500,500,0.09911883560918477,0.08550823590057999,0.08252498416720755,0.07364137496838907,0.013610599708604787,0.008883609198818476,0.028946000892207956,0.47020656702420877,0.3069028164512313,0.6382074427852288,0.7589173452462205,0.751,0.642,0.767,True,999,0.00011445803102105856,0.0026918749790638685,weak_5x5_bal_strong_500_500,weak_null,True,734,947166935,-1.8318679906315083e-15,0,9
500,500,0.13516010470066608,0.10903585693517714,0.11849529282653748,0.09524663996802474,0.02612424776548894,0.02324865285851274,0.032062425373982316,0.8147932497548352,0.7251058704179727,0.4151906654768045,0.46838708328969203,0.511,0.395,0.458,True,999,0.00011995795648545027,0.002783792093396187,weak_5x5_bal_strong_500_500,weak_null,True,735,947166935,-1.8318679906315083e-15,0,8
500,500,0.13239734466276643,0.12832709531663355,0.11575586808226035,0.10710517212652348,0.00407024934613287,0.008650695955736865,0.032250824946547796,0.12620605373285373,0.2682317729879606,0.8995688194991999,0.7885209194910082,0.919,0.895,0.796,True,999,0.00011912500485777855,0.0027703330852091312,weak_5x5_bal_strong_500_500,weak_null,True,736,947166935,-1.8318679906315083e-15,0,3
500,500,0.11011193759978344,0.12043226957765779,0.09352037475798625,0.09845243749751376,-0.010320331977874353,-0.00493206273952751,0.031419527316164306,-0.32846872182462417,-0.15697444108238148,0.7425572899145461,0.875264991415932,0.813,0.761,0.884,True,999,0.0001134589547291398,0.002644917112775147,weak_5x5_bal_strong_500_500,weak_null,True,737,947166935,-1.8318679906315083e-15,0,2
500,500,0.08299720428313595,0.09969805233934226,0.06646763694618585,0.08091092914423825,-0.016700848056206308,-0.014443292198052404,0.028887141432288804,-0.5781412499867092,-0.49999035840591394,0.563168759433188,0.6170818664102826,0.682,0.56,0.613,True,999,0.00011874991469085217,0.0027006249874830246,weak_5x5_bal_strong_500_500,weak_null,True,738,947166935,-1.8318679906315083e-15,0,6
500,500,0.1089079280541203,0.10709165478666832,0.09221578499420957,0.08521318707306591,0.0018162732674519844,0.007002597921143661,0.03035921015772144,0.059826104105348096,0.23065810621435576,0.9522941347398637,0.8175804223008795,0.967,0.955,0.808,True,999,0.00011845899280160666,0.0027318750508129597,weak_5x5_bal_strong_500_500,weak_null,True,739,947166935,-1.8318679906315083e-15,0,4
500,500,0.08316393112530984,0.09739793428893889,0.06665793622937599,0.08382792758388291,-0.01423400316362905,-0.01716999135450692,0.02888649605145441,-0.492756308632053,-0.5943950877227432,0.6221847856456038,0.5522478932342392,0.697,0.6,0.526,True,999,0.00011374999303370714,0.002645874978043139,weak_5x5_bal_strong_500_500,weak_null,True,740,947166935,-1.8318679906315083e-15,0,7
500,500,0.10440605427056115,0.08234690952535112,0.08789647830917602,0.06565641640020203,0.022059144745210035,0.022240061908973985,0.029535444837770042,0.7468702390085797,0.7529956644002634,0.45514189210149736,0.4514525193671126,0.58,0.461,0.458,True,999,0.00012145808432251215,0.002793624997138977,weak_5x5_bal_strong_500_500,weak_null,True,741,947166935,-1.8318679906315083e-15,0,7
500,500,0.13682904526390383,0.14161495572574523,0.11934195959690896,0.12483200390767024,-0.004785910461841403,-0.005490044310761277,0.03338980692957219,-0.14333447545642106,-0.1644227629809664,0.8860260294514485,0.8693983451636319,0.909,0.898,0.879,True,999,0.00011758296750485897,0.0027294170577079058,weak_5x5_bal_strong_500_500,weak_null,True,742,947166935,-1.8318679906315083e-15,0,6
500,500,0.09581148749635093,0.10479075866223275,0.07923081429657941,0.08802238939637164,-0.00897927116588182,-0.008791575099792226,0.030364686144019024,-0.2957142755664701,-0.2895328823124989,0.7674482941994744,0.7721736204383469,0.816,0.758,0.764,True,999,0.00011079199612140656,0.002661791048012674,weak_5x5_bal_strong_500_500,weak_null,True,743,947166935,-1.8318679906315083e-15,0,6
500,500,0.1342542513111522,0.09178161957372238,0.11767151253468455,0.07159551036798462,0.04247263173742982,0.046076002166699936,0.030925675669532852,1.3733776487629896,1.4898947612029956,0.16963497457468157,0.13625190926182004,0.313,0.184,0.148,True,999,0.00011616700794547796,0.002754999906755984,weak_5x5_bal_strong_500_500,weak_null,True,744,947166935,-1.8318679906315083e-15,0,4
500,500,0.1151070842557842,0.12130832048971651,0.09855399921696062,0.10359349578376964,-0.006201236233932317,-0.005039496566809021,0.03215394462300619,-0.19286082334965907,-0.15673027449338997,0.8470679674006021,0.8754574263415733,0.872,0.844,0.871,True,999,0.00011679192539304495,0.002696917043067515,weak_5x5_bal_strong_500_500,weak_null,True,745,947166935,-1.8318679906315083e-15,0,6
500,500,0.08453939678154421,0.14900996622902718,0.06800637828075651,0.12890313041734203,-0.06447056944748297,-0.06089675213658552,0.031664904434690624,-2.036026023083523,-1.9231623535193687,0.04174774222027103,0.05445966353533356,0.127,0.046,0.057,True,999,0.00011379201896488667,0.002654624986462295,weak_5x5_bal_strong_500_500,weak_null,True,746,947166935,-1.8318679906315083e-15,0,4
500,500,0.1417889111587436,0.11944404581201462,0.12516559498305924,0.10101512416480318,0.02234486534672897,0.024150470818256053,0.03289294772833719,0.6793208541622716,0.7342142460966028,0.4969345856974243,0.4628181722786977,0.589,0.504,0.467,True,999,0.00011720799375325441,0.0027990000089630485,weak_5x5_bal_strong_500_500,weak_null,True,747,947166935,-1.8318679906315083e-15,0,5
500,500,0.10629037701902133,0.07932761583536829,0.08882469972593299,0.06824113465424375,0.02696276118365304,0.020583565071689236,0.027512663027032168,0.9800127729242775,0.7481487724930572,0.3270798137369779,0.4543704262783955,0.47,0.299,0.441,True,999,0.00011675001587718725,0.002739708055742085,weak_5x5_bal_strong_500_500,weak_null,True,748,947166935,-1.8318679906315083e-15,0,9
500,500,0.13794619050668033,0.13388192907481405,0.12130976415062378,0.12062368817311153,0.004064261431866278,0.000686075977512246,0.03311487654414805,0.12273219338287104,0.02071805934706065,0.9023191699476307,0.9834705628360199,0.916,0.902,0.985,True,999,0.0001124159898608923,0.0026605420280247927,weak_5x5_bal_strong_500_500,weak_null,True,749,947166935,-1.8318679906315083e-15,0,7
500,500,0.06627772101522789,0.12339052407653278,0.04979530366529161,0.10696911157947397,-0.057112803061304895,-0.05717380791418236,0.029578267422195166,-1.9309042766463107,-1.9329667657031135,0.05349489122380202,0.05324029203115177,0.151,0.052,0.052,True,999,0.00011599995195865631,0.0026924590347334743,weak_5x5_bal_strong_500_500,weak_null,True,750,947166935,-1.8318679906315083e-15,0,6
500,500,0.13216174576288875,0.13087953386374135,0.1155927395574281,0.11792138365308347,0.0012822118991474007,-0.0023286440956553633,0.03385473276156034,0.037873933555407115,-0.06878341388945697,0.9697881961425667,0.9451620206147985,0.978,0.973,0.955,True,999,0.0001180840190500021,0.0027149589732289314,weak_5x5_bal_strong_500_500,weak_null,True,751,947166935,-1.8318679906315083e-15,0,8
500,500,0.12182695056043413,0.13677819511986972,0.10496167823419,0.12045055870063948,-0.014951244559435584,-0.015488880466449473,0.03328897775015718,-0.44913498611007935,-0.46528555435669217,0.6533342835680047,0.6417269782353708,0.699,0.652,0.639,True,999,0.00011891708709299564,0.002793750027194619,weak_5x5_bal_strong_500_500,weak_null,True,752,947166935,-1.8318679906315083e-15,0,6
500,500,0.10778157842373348,0.11702845032151821,0.09120972809762407,0.1032733216484587,-0.009246871897784725,-0.01206359355083464,0.03020831318190487,-0.3061035497779369,-0.3993468115280555,0.7595258052441847,0.6896376792207686,0.831,0.773,0.701,True,999,0.00011091702617704868,0.002702915924601257,weak_5x5_bal_strong_500_500,weak_null,True,753,947166935,-1.8318679906315083e-15,0,8
500,500,0.11694381156363898,0.12250897136552558,0.10039275097631162,0.11023389640882897,-0.005565159801886599,-0.00984114543251735,0.033518628744951824,-0.1660318458798753,-0.2936022683803706,0.8681318885916981,0.7690618422257764,0.894,0.864,0.777,True,999,0.00011341704521328211,0.0026580840349197388,weak_5x5_bal_strong_500_500,weak_null,True,754,947166935,-1.8318679906315083e-15,0,8
500,500,0.0883430420846314,0.13264613940321612,0.07181542144894593,0.1204950779188323,-0.04430309731858473,-0.04867965646988637,0.0316480787333957,-1.3998668826564562,-1.5381551872379096,0.16155318482710368,0.12401067502139357,0.306,0.18,0.136,True,999,0.00012229196727275848,0.0026776250451803207,weak_5x5_bal_strong_500_500,weak_null,True,755,947166935,-1.8318679906315083e-15,0,8
500,500,0.09021740879342288,0.09764770255968358,0.07356472313585982,0.08660895670374202,-0.007430293766260698,-0.013044233567882202,0.028793437786277645,-0.2580551103835827,-0.4530280011961202,0.7963643751841046,0.6505285786047471,0.859,0.807,0.672,True,999,0.00011045904830098152,0.0027823749696835876,weak_5x5_bal_strong_500_500,weak_null,True,756,947166935,-1.8318679906315083e-15,0,9
500,500,0.0845409354158786,0.07105475528785743,0.06800352355128325,0.05395033879426592,0.013486180128021164,0.014053184757017334,0.02660557613144332,0.5068929934609747,0.5282044894494441,0.6122299020995869,0.597357413742715,0.731,0.612,0.597,True,999,0.00014829100109636784,0.0026362499920651317,weak_5x5_bal_strong_500_500,weak_null,True,757,947166935,-1.8318679906315083e-15,0,6
500,500,0.1333483260477908,0.11194253609556032,0.11670590375206302,0.09208158165142777,0.02140578995223047,0.024624322100635254,0.03266020948078323,0.6554088382325077,0.7539548120511546,0.512204562590246,0.45087635603113796,0.632,0.522,0.465,True,999,0.00011683302000164986,0.002693749964237213,weak_5x5_bal_strong_500_500,weak_null,True,758,947166935,-1.8318679906315083e-15,0,5
500,500,0.09496111941915131,0.12017475654101578,0.07837704958774339,0.10532407433612434,-0.025213637121864474,-0.026947024748380954,0.03134570513624156,-0.8043729439894699,-0.8596719911470455,0.4211816219218104,0.3899698784551703,0.526,0.423,0.393,True,999,0.00011633301619440317,0.00281204201746732,weak_5x5_bal_strong_500_500,weak_null,True,759,947166935,-1.8318679906315083e-15,0,6
500,500,0.15170977246504536,0.09012210551749883,0.13504300341594444,0.07708817152487768,0.06158766694754653,0.05795483189106676,0.03162699108651978,1.9473135076006882,1.8324484846669014,0.05149716028617568,0.06688463014594734,0.144,0.062,0.077,True,999,0.00011533405631780624,0.002799791982397437,weak_5x5_bal_strong_500_500,weak_null,True,760,947166935,-1.8318679906315083e-15,0,8
500,500,0.0833554357765307,0.13452270444497794,0.06686378040740237,0.11992914443604263,-0.05116726866844723,-0.05306536402864026,0.03176308770409752,-1.6109034847341532,-1.670661382891774,0.10720076037740985,0.0947885806264332,0.192,0.101,0.087,True,999,0.00011733302380889654,0.0027700000209733844,weak_5x5_bal_strong_500_500,weak_null,True,761,947166935,-1.8318679906315083e-15,0,8
500,500,0.13677074483900742,0.1442567214849867,0.12016337189129445,0.12866194437935974,-0.007485976645979275,-0.008498572488065292,0.03552731453496845,-0.21071045599607754,-0.23921235250416711,0.8331132150804965,0.810940924770894,0.856,0.837,0.822,True,999,0.00011608295608311892,0.002795542008243501,weak_5x5_bal_strong_500_500,weak_null,True,762,947166935,-1.8318679906315083e-15,0,7
500,500,0.07727961420035268,0.12289036476544124,0.06078604078584249,0.10729018120730416,-0.045610750565088565,-0.04650414042146167,0.029698853155832008,-1.535774810083261,-1.5658564382082742,0.1245936198147935,0.1173822300109002,0.247,0.117,0.11,True,999,0.00012354098726063967,0.0026636249385774136,weak_5x5_bal_strong_500_500,weak_null,True,763,947166935,-1.8318679906315083e-15,0,6
500,500,0.10715928348749904,0.051872609389937596,0.09060479884044526,0.03226346132126423,0.05528667409756144,0.058341337519181025,0.02677838873819435,2.0646004745873814,2.1786724395395773,0.038960818326596446,0.029356010567109334,0.176,0.039,0.033,True,999,0.00011329201515763998,0.0027526250341907144,weak_5x5_bal_strong_500_500,weak_null,True,764,947166935,-1.8318679906315083e-15,0,6
500,500,0.12270946049583742,0.14814158567182567,0.10521781011448184,0.1339332524290171,-0.02543212517598825,-0.028715442314535267,0.033795557094056905,-0.7525286565097221,-0.849680987196539,0.45173320333362266,0.3955024717669856,0.545,0.474,0.424,True,999,0.00011591706424951553,0.0028265840373933315,weak_5x5_bal_strong_500_500,weak_null,True,765,947166935,-1.8318679906315083e-15,0,7
500,500,0.10961578922563997,0.1252771629046251,0.09302985784074735,0.10677225984184702,-0.015661373678985124,-0.013742402001099663,0.03248893535672307,-0.4820525359488042,-0.42298714470666365,0.6297686261846474,0.6723046403337551,0.715,0.657,0.683,True,999,0.00010987499263137579,0.002689459011889994,weak_5x5_bal_strong_500_500,weak_null,True,766,947166935,-1.8318679906315083e-15,0,6
500,500,0.07937852098093767,0.11380213150392099,0.06285044600724632,0.09886525606634677,-0.03442361052298332,-0.036014810059100455,0.029168037651507796,-1.1801826003609757,-1.2347354487605966,0.23792759777966566,0.2169289783267947,0.393,0.248,0.232,True,999,0.0001214159419760108,0.0027716669719666243,weak_5x5_bal_strong_500_500,weak_null,True,767,947166935,-1.8318679906315083e-15,0,7
500,500,0.09993132294583629,0.11050879887938647,0.08335169323606806,0.09343037951273914,-0.010577475933550184,-0.010078686276671078,0.03062978406929066,-0.3453330232306513,-0.3290485578961669,0.729844022986395,0.7421189858233844,0.813,0.76,0.768,True,999,0.00013170798774808645,0.002757375012151897,weak_5x5_bal_strong_500_500,weak_null,True,768,947166935,-1.8318679906315083e-15,0,6
500,500,0.10362495269723704,0.11261363720063389,0.08707610048656989,0.10342113461166491,-0.008988684503396849,-0.016345034125095026,0.03252884490170843,-0.2763296554352829,-0.50247815975281,0.782294880558704,0.6153312116088119,0.814,0.776,0.606,True,999,0.00011304195504635572,0.002633624942973256,weak_5x5_bal_strong_500_500,weak_null,True,769,947166935,-1.8318679906315083e-15,0,10
500,500,0.11620300121165728,0.09632365202149823,0.09960221393725988,0.08169105390976483,0.019879349190159046,0.017911160027495043,0.030081440626760148,0.660850969101346,0.5954222821217364,0.5087078923673372,0.5515612348388588,0.609,0.493,0.535,True,999,0.0001152910990640521,0.0026486250571906567,weak_5x5_bal_strong_500_500,weak_null,True,770,947166935,-1.8318679906315083e-15,0,8
500,500,0.14103769194500915,0.11091726553824682,0.12436803490390957,0.09533341132146234,0.030120426406762324,0.02903462358244724,0.03218346743805538,0.935897490372538,0.9021595835915187,0.34932596945546,0.36697210105490574,0.453,0.322,0.338,True,999,0.00011229200754314661,0.002710041939280927,weak_5x5_bal_strong_500_500,weak_null,True,771,947166935,-1.8318679906315083e-15,0,8
500,500,0.165153299449055,0.08796275736734865,0.14835400593062786,0.07437963509792667,0.07719054208170634,0.0739743708327012,0.03181779941770799,2.426017622034114,2.324936739387805,0.01526552901695697,0.02007534309802289,0.066,0.022,0.027,True,999,0.00011504197027534246,0.0027065409813076258,weak_5x5_bal_strong_500_500,weak_null,True,772,947166935,-1.8318679906315083e-15,0,7
500,500,0.11219445276104345,0.06033365206052649,0.09559854088638531,0.04721851388893583,0.05186080070051696,0.04838002699744948,0.02756033528590387,1.881718787617287,1.7554222942343571,0.059874207461148125,0.07918710141577882,0.181,0.048,0.064,True,999,0.0001236669486388564,0.0026862910017371178,weak_5x5_bal_strong_500_500,weak_null,True,773,947166935,-1.8318679906315083e-15,0,8
500,500,0.09650092974179292,0.11367266242573065,0.07994035802619237,0.10179427790862405,-0.017171732683937735,-0.021853919882431683,0.030504740507098248,-0.5629201362962583,-0.7164106141911426,0.5734892678378336,0.47373784286406573,0.678,0.589,0.484,True,999,0.00011145800817757845,0.0026937919901683927,weak_5x5_bal_strong_500_500,weak_null,True,774,947166935,-1.8318679906315083e-15,0,9
500,500,0.1142371012711525,0.1126865411814677,0.0976964638713298,0.09834117696382805,0.0015505600896847938,-0.0006447130924982503,0.032213148633214964,0.04813438473027787,-0.020013973170989154,0.9616091429030778,0.9840322258199288,0.974,0.966,0.984,True,999,0.00011241692118346691,0.0026451669400557876,weak_5x5_bal_strong_500_500,weak_null,True,775,947166935,-1.8318679906315083e-15,0,7
500,500,0.11486617198224902,0.0940077678756237,0.0983036985335275,0.08070938991909316,0.020858404106625317,0.01759430861443434,0.03039861112901398,0.6861630624537645,0.5787865945507438,0.49261028757096115,0.5627331775659541,0.628,0.509,0.585,True,999,0.00011741695925593376,0.0027347910217940807,weak_5x5_bal_strong_500_500,weak_null,True,776,947166935,-1.8318679906315083e-15,0,7
500,500,0.10177905988753744,0.11732140645215494,0.08518756650528303,0.10342792713558424,-0.015542346564617504,-0.01824036063030121,0.030114241160288855,-0.5161128411601131,-0.6057054711494596,0.6057755997858194,0.5447103502968017,0.689,0.602,0.538,True,999,0.00011875003110617399,0.002699499949812889,weak_5x5_bal_strong_500_500,weak_null,True,777,947166935,-1.8318679906315083e-15,0,8
500,500,0.12448048711753112,0.10682224931779982,0.10784431772356129,0.0902571918465469,0.017658237799731302,0.017587125877014387,0.031235795142879094,0.5653205791291308,0.563043962753859,0.5718557337354717,0.5734049481567358,0.656,0.584,0.583,True,999,0.0001165829598903656,0.002730000065639615,weak_5x5_bal_strong_500_500,weak_null,True,778,947166935,-1.8318679906315083e-15,0,5
500,500,0.11071337106678647,0.16336308096616636,0.0941835697907436,0.14082092153256554,-0.05264970989937989,-0.04663735174182193,0.03382449149592774,-1.5565558437358502,-1.3788042237807707,0.11957597437786309,0.16795512408616387,0.215,0.122,0.187,True,999,0.00011929089669138193,0.0027283329982310534,weak_5x5_bal_strong_500_500,weak_null,True,779,947166935,-1.8318679906315083e-15,0,2
500,500,0.12395511863163233,0.09853367577699956,0.10736509675257366,0.08681068088947086,0.02542144285463277,0.020554415863102804,0.031191338270058537,0.8150160994866816,0.6589783254934457,0.4150630946737679,0.5099096870646471,0.54,0.434,0.527,True,999,0.00013137503992766142,0.002710832981392741,weak_5x5_bal_strong_500_500,weak_null,True,780,947166935,-1.8318679906315083e-15,0,9
500,500,0.11851317023719377,0.11654492801309174,0.10188300757408797,0.10004104676315251,0.0019682422241020237,0.0018419608109354613,0.031568561942361656,0.0623481749880045,0.05834794800911554,0.9502855649793038,0.953471475554389,0.953,0.94,0.946,True,999,0.00011291599366813898,0.0026740410830825567,weak_5x5_bal_strong_500_500,weak_null,True,781,947166935,-1.8318679906315083e-15,0,5
500,500,0.1342623185976981,0.1391526136343223,0.11764488843073195,0.12816126078212164,-0.004890295036624193,-0.010516372351389691,0.03430443083193329,-0.1425557841371301,-0.3065601759408938,0.886641019866478,0.7591781699008686,0.896,0.878,0.754,True,999,0.00011908309534192085,0.0027500410797074437,weak_5x5_bal_strong_500_500,weak_null,True,782,947166935,-1.8318679906315083e-15,0,9
500,500,0.15208368001480443,0.10959849232153923,0.1354283776918237,0.09244420296448652,0.0424851876932652,0.04298417472733718,0.03274421122050296,1.2974869789095083,1.3127259178081043,0.19446368247962742,0.1892753209312058,0.298,0.193,0.185,True,999,0.00012766604777425528,0.0028204580303281546,weak_5x5_bal_strong_500_500,weak_null,True,783,947166935,-1.8318679906315083e-15,0,6
500,500,0.10984966095273907,0.1372862635829234,0.09327956779759461,0.11975939000853941,-0.027436602630184326,-0.026479822210944803,0.0323232063207089,-0.8488205767076451,-0.8192201586752753,0.3959811385870796,0.4126608155630139,0.532,0.428,0.443,True,999,0.00011345802340656519,0.0026375409215688705,weak_5x5_bal_strong_500_500,weak_null,True,784,947166935,-1.8318679906315083e-15,0,5
500,500,0.10217992771949547,0.110255648422732,0.08548487625625967,0.09721087333841183,-0.008075720703236533,-0.011725997082152162,0.03026962218245032,-0.26679291385138804,-0.3873849832506546,0.7896286104966246,0.6984712192733367,0.857,0.808,0.715,True,999,0.00011833291500806808,0.002781582996249199,weak_5x5_bal_strong_500_500,weak_null,True,785,947166935,-1.8318679906315083e-15,0,8
500,500,0.09533799303232549,0.09866346773036094,0.07874303444702946,0.07800100234251772,-0.0033254746980354577,0.0007420321045117362,0.030186304394167793,-0.11016501571745771,0.024581747232864385,0.9122785067698359,0.9803885784989942,0.936,0.907,0.981,True,999,0.00011929101310670376,0.002645874978043139,weak_5x5_bal_strong_500_500,weak_null,True,786,947166935,-1.8318679906315083e-15,0,5
500,500,0.11947765706390134,0.0926396616951114,0.10286985949892369,0.07953180643067981,0.026837995368789946,0.02333805306824388,0.030243605517666527,0.8873940427874175,0.7716690080027386,0.3748667896641473,0.4403104909995962,0.531,0.395,0.455,True,999,0.0001157920341938734,0.00270641699898988,weak_5x5_bal_strong_500_500,weak_null,True,787,947166935,-1.8318679906315083e-15,0,8
500,500,0.15470756374475036,0.10239374239381316,0.13923042661906493,0.0925314541487694,0.052313821350937206,0.04669897247029553,0.031438931153938095,1.6639821848518628,1.4853867722677314,0.09611598961985421,0.1374413976524085,0.189,0.097,0.135,True,999,0.00011670903768390417,0.002818416920490563,weak_5x5_bal_strong_500_500,weak_null,True,788,947166935,-1.8318679906315083e-15,1,10
500,500,0.13724143072032535,0.07040701123711995,0.12067083152578562,0.050727000963235014,0.0668344194832054,0.0699438305625506,0.029869167168448965,2.237572246533982,2.341673276931297,0.025248963096848015,0.019197512291495786,0.092,0.025,0.018,True,999,0.00011795898899435997,0.002767500001937151,weak_5x5_bal_strong_500_500,weak_null,True,789,947166935,-1.8318679906315083e-15,0,4
500,500,0.08246139489686244,0.15980820719134053,0.06595719685014956,0.14323836076536622,-0.0773468122944781,-0.07728116391521667,0.031185798975121425,-2.480193384052202,-2.4780883111850995,0.013131114430608794,0.013208844741905803,0.048,0.01,0.01,True,999,0.00012179103214293718,0.002731667016632855,weak_5x5_bal_strong_500_500,weak_null,True,790,947166935,-1.8318679906315083e-15,0,5
500,500,0.13009626113855233,0.1287825275383775,0.11261720913842055,0.11196350064636817,0.0013137336001748379,0.0006537084920523739,0.03222011367974022,0.04077371089478509,0.02028883257675845,0.9674762975914862,0.983812964267644,0.973,0.968,0.981,True,999,0.00014424999244511127,0.002834749990142882,weak_5x5_bal_strong_500_500,weak_null,True,791,947166935,-1.8318679906315083e-15,0,7
500,500,0.09628721521913763,0.09464382577461394,0.07975804229022287,0.08454444699327723,0.0016433894445236907,-0.004786404703054359,0.029228644535381088,0.05622530468473754,-0.16375732707209348,0.955162322821161,0.8699221861546089,0.976,0.966,0.885,True,999,0.00011895806528627872,0.0027322499081492424,weak_5x5_bal_strong_500_500,weak_null,True,792,947166935,-1.8318679906315083e-15,0,9
500,500,0.1093548053215263,0.0874306622399314,0.0926730819084014,0.0715244936737065,0.021924143081594905,0.0211485882346949,0.028946076163162124,0.7574133004423032,0.7306202096437995,0.4488022902017955,0.46501116429964773,0.584,0.455,0.468,True,999,0.00011495896615087986,0.0026512090116739273,weak_5x5_bal_strong_500_500,weak_null,True,793,947166935,-1.8318679906315083e-15,0,6
500,500,0.11837072536181958,0.1030104851586896,0.10175083839283161,0.0917995559125302,0.015360240203129982,0.009951282480301415,0.03179658774354688,0.4830782575481655,0.3129669938347718,0.6290401713864664,0.7543057384625067,0.721,0.642,0.765,True,999,0.00013808300718665123,0.002714750007726252,weak_5x5_bal_strong_500_500,weak_null,True,794,947166935,-1.8318679906315083e-15,0,9
500,500,0.1171834863515191,0.09795631868281618,0.10053511851003805,0.08707042864594428,0.019227167668702916,0.01346468986409377,0.030598541285764728,0.628368767293097,0.44004352162885324,0.5297623923678927,0.6599055862231107,0.659,0.561,0.685,True,999,0.00012558302842080593,0.002630457980558276,weak_5x5_bal_strong_500_500,weak_null,True,795,947166935,-1.8318679906315083e-15,0,9
500,500,0.11519876463764844,0.06700290194137903,0.09766780139841558,0.04729843436805936,0.04819586269626941,0.050369367030356216,0.02686811677169912,1.7937938526095494,1.874689151396408,0.07284607851641743,0.06083550023020707,0.225,0.089,0.074,True,999,0.00011229200754314661,0.00265879207290709,weak_5x5_bal_strong_500_500,weak_null,True,796,947166935,-1.8318679906315083e-15,0,5
500,500,0.10506628962949383,0.1252335707399555,0.08853768336382473,0.10697206929896197,-0.020167281110461677,-0.018434385935137243,0.03148441466783709,-0.6405480719024949,-0.5855082944886026,0.5218163469008337,0.5582059910485999,0.603,0.502,0.537,True,999,0.00012554205022752285,0.002748875063844025,weak_5x5_bal_strong_500_500,weak_null,True,797,947166935,-1.8318679906315083e-15,0,5
500,500,0.10215248652470188,0.128976675408085,0.0856064391974769,0.11222117239219642,-0.026824188883383115,-0.02661473319471952,0.030360647062070235,-0.8835183528382291,-0.8766194323957439,0.376956271001899,0.3806933807351808,0.503,0.377,0.374,True,999,0.00011254195123910904,0.002640250022523105,weak_5x5_bal_strong_500_500,weak_null,True,798,947166935,-1.8318679906315083e-15,0,6
500,500,0.0735814304347242,0.10605543225747593,0.05703211273942088,0.09176275040329074,-0.03247400182275173,-0.03473063766386986,0.028777919437300407,-1.1284346630236464,-1.2068501942796412,0.2591363956730235,0.22748984147025564,0.399,0.275,0.246,True,999,0.0001145420828834176,0.002735875081270933,weak_5x5_bal_strong_500_500,weak_null,True,799,947166935,-1.8318679906315083e-15,0,7
500,500,0.0901240564976431,0.11414729901797865,0.07358180489882216,0.09691523030153348,-0.024023242520335553,-0.023333425402711327,0.02988176726342481,-0.8039431640222942,-0.7808582804696216,0.4214298000954254,0.43488585178015293,0.541,0.416,0.433,True,999,0.00012295797932893038,0.0027544159675017,weak_5x5_bal_strong_500_500,weak_null,True,800,947166935,-1.8318679906315083e-15,0,5
500,500,0.1035530101472546,0.1062755070744732,0.0869552472719306,0.08819480392858736,-0.0027224969272185984,-0.0012395566566567595,0.02942040451259758,-0.0925377122552087,-0.042132549745398346,0.9262708297021144,0.966393032256177,0.944,0.924,0.961,True,999,0.00011391693260520697,0.002661417005583644,weak_5x5_bal_strong_500_500,weak_null,True,801,947166935,-1.8318679906315083e-15,0,5
500,500,0.11817317026767271,0.11458877526689415,0.10148334017185334,0.1006625679132469,0.003584395000778562,0.0008207722586064392,0.030987495718903767,0.11567230321848564,0.026487208455045666,0.9079122577036417,0.9788687361950854,0.927,0.902,0.977,True,999,0.00011479202657938004,0.0027629589894786477,weak_5x5_bal_strong_500_500,weak_null,True,802,947166935,-1.8318679906315083e-15,0,6
500,500,0.08791197110515103,0.07564988593099092,0.07139186063284342,0.06489817743729986,0.012262085174160109,0.006493683195543554,0.027976978693434046,0.4382919724293858,0.23210809382599862,0.6611746444126596,0.8164540585689845,0.767,0.672,0.817,True,999,0.0001204590080305934,0.002790207974612713,weak_5x5_bal_strong_500_500,weak_null,True,803,947166935,-1.8318679906315083e-15,0,10
500,500,0.08804361959955642,0.11585474032088677,0.0714738186974273,0.10209221531627577,-0.02781112072133035,-0.030618396618848465,0.030160668810046778,-0.9220989393997201,-1.0151763149446213,0.3564769701472704,0.31002178871156716,0.479,0.357,0.3,True,999,0.00011179200373589993,0.002642708015628159,weak_5x5_bal_strong_500_500,weak_null,True,804,947166935,-1.8318679906315083e-15,0,7
500,500,0.11124168045125038,0.10761310402548463,0.09458357223593339,0.09404328389837247,0.0036285764257657505,0.0005402883375609235,0.030475455410246873,0.11906553575392022,0.017728638679481733,0.9052234349496255,0.9858553338731444,0.942,0.921,0.989,True,999,0.00011441705282777548,0.0027359999949112535,weak_5x5_bal_strong_500_500,weak_null,True,805,947166935,-1.8318679906315083e-15,0,7
500,500,0.09767225160561854,0.13271426910465506,0.08112982580371408,0.12033642880308548,-0.035042017499036515,-0.0392066029993714,0.032604544397900635,-1.0747586922666161,-1.2024889083221129,0.282482778846885,0.2291741609275555,0.37,0.27,0.21,True,999,0.00012095901183784008,0.0027525000041350722,weak_5x5_bal_strong_500_500,weak_null,True,806,947166935,-1.8318679906315083e-15,0,8
500,500,0.0838052139796952,0.09505089427474567,0.06727108071879684,0.07701441324780944,-0.011245680295050464,-0.009743332529012605,0.029074324105002373,-0.38679077300082765,-0.3351181094984154,0.6989111086747204,0.7375359925279316,0.768,0.685,0.732,True,999,0.0001117499778047204,0.002671250025741756,weak_5x5_bal_strong_500_500,weak_null,True,807,947166935,-1.8318679906315083e-15,0,6
500,500,0.1089759451438912,0.15732714147666654,0.09227830785823699,0.14778663736828435,-0.04835119633277535,-0.05550832951004736,0.033526571946920596,-1.4421753709065501,-1.6556518094939254,0.14925290672969807,0.09779235168141681,0.267,0.167,0.111,True,999,0.00011333299335092306,0.0026553330244496465,weak_5x5_bal_strong_500_500,weak_null,True,808,947166935,-1.8318679906315083e-15,0,9
500,500,0.159707315530923,0.13305412904048664,0.14299454964714187,0.12011906106934589,0.026653186490436354,0.022875488577795977,0.0344716712853242,0.7731910144369343,0.6636025386890619,0.4394093431734002,0.5069447320362472,0.511,0.436,0.495,True,999,0.00012625008821487427,0.002741583972238004,weak_5x5_bal_strong_500_500,weak_null,True,809,947166935,-1.8318679906315083e-15,0,8
500,500,0.14918152468399715,0.08502954566968657,0.13247280900577607,0.07045444858079009,0.06415197901431058,0.062018360424985985,0.030191785564766902,2.124815668046292,2.054146823875165,0.03360199693106429,0.039961483306379,0.109,0.034,0.042,True,999,0.000112667097710073,0.002695915987715125,weak_5x5_bal_strong_500_500,weak_null,True,810,947166935,-1.8318679906315083e-15,0,6
500,500,0.10614480641209556,0.14597302124782852,0.08954449478937931,0.12929516105884886,-0.039828214835732956,-0.03975066626946955,0.032341177545310594,-1.2315016909923233,-1.2291038634501827,0.21813528460399678,0.21903286682222156,0.328,0.227,0.227,True,999,0.00011645897757261992,0.0027109170332551003,weak_5x5_bal_strong_500_500,weak_null,True,811,947166935,-1.8318679906315083e-15,0,5
500,500,0.1325665183299507,0.18967575765768574,0.1160079929825315,0.16931053518419503,-0.05710923932773504,-0.05330254220166353,0.035697303611641536,-1.599819413506366,-1.4931811876200254,0.1096386507963355,0.13538976510503753,0.178,0.128,0.145,True,999,0.00011566607281565666,0.0027345000999048352,weak_5x5_bal_strong_500_500,weak_null,True,812,947166935,-1.8318679906315083e-15,0,4
500,500,0.11544108100658512,0.13797961955586535,0.09780161057278747,0.12026480446559162,-0.02253853854928023,-0.022463193892804156,0.03064372256536429,-0.7355026303088544,-0.7330438997706387,0.462033438663056,0.4635316547017315,0.57,0.472,0.477,True,999,0.00011633301619440317,0.002792124985717237,weak_5x5_bal_strong_500_500,weak_null,True,813,947166935,-1.8318679906315083e-15,0,6
500,500,0.1388008231960547,0.07704821225368702,0.12198102897002627,0.059644032683564774,0.06175261094236767,0.0623369962864615,0.029177731378927912,2.1164294831696635,2.13645795407799,0.034308296745766284,0.03264210459940096,0.117,0.033,0.033,True,999,0.00011645792983472347,0.0028354160021990538,weak_5x5_bal_strong_500_500,weak_null,True,814,947166935,-1.8318679906315083e-15,0,7
500,500,0.10725886227847004,0.1273919696414484,0.09069245994078301,0.11413257080835137,-0.020133107362978353,-0.023440110867568364,0.030897534040177546,-0.6516088739249646,-0.7586401826465524,0.5146535216583228,0.44806782854782135,0.639,0.534,0.457,True,999,0.00012058403808623552,0.002665041945874691,weak_5x5_bal_strong_500_500,weak_null,True,815,947166935,-1.8318679906315083e-15,0,7
500,500,0.13708246078308206,0.06075835570323934,0.12045891974776168,0.04530026465519654,0.07632410507984272,0.07515865509256514,0.028795160857062713,2.650587904638233,2.610114090546247,0.008035181464836316,0.009051203034946794,0.051,0.009,0.01,True,999,0.0001115420600399375,0.0026818750193342566,weak_5x5_bal_strong_500_500,weak_null,True,816,947166935,-1.8318679906315083e-15,0,8
500,500,0.10416422603083308,0.13936878459913182,0.08758180117956726,0.12003212858587631,-0.03520455856829874,-0.03245032740630904,0.03143630916687565,-1.1198693326694242,-1.0322562751896416,0.26276944851326034,0.30195207855852146,0.362,0.261,0.294,True,999,0.00011825002729892731,0.002794082975015044,weak_5x5_bal_strong_500_500,weak_null,True,817,947166935,-1.8318679906315083e-15,0,4
500,500,0.1569460186479137,0.07381147118065046,0.14136428096389864,0.06138221023624624,0.08313454746726323,0.0799820707276524,0.028254505298072337,2.9423465953564256,2.8307722922018095,0.0032573512855723677,0.0046435766986732616,0.033,0.007,0.008,True,999,0.00011754198931157589,0.0028289170004427433,weak_5x5_bal_strong_500_500,weak_null,True,818,947166935,-1.8318679906315083e-15,1,8
500,500,0.12468807230305323,0.1076773980341088,0.10811721055370072,0.08639035224024383,0.017010674268944426,0.021726858313456887,0.03145898387709124,0.5407254835504008,0.6906408165738185,0.5886968108895004,0.48979129042159264,0.645,0.581,0.48,True,999,0.00011737504974007607,0.002742125070653856,weak_5x5_bal_strong_500_500,weak_null,True,819,947166935,-1.8318679906315083e-15,0,4
500,500,0.08379663025488737,0.10386452769921317,0.06727074499497121,0.09471097625083758,-0.0200678974443258,-0.027440231255866365,0.030170003885404532,-0.6651605853466307,-0.9095203089828318,0.5059477873044146,0.36307554256693375,0.632,0.502,0.348,True,999,0.00011750007979571819,0.0027974999975413084,weak_5x5_bal_strong_500_500,weak_null,True,820,947166935,-1.8318679906315083e-15,0,10
500,500,0.12072341874822423,0.12887502276969076,0.10411622419076139,0.11156242649468595,-0.00815160402146653,-0.007446202303924565,0.03205447231103928,-0.2543047329672992,-0.23229838980566087,0.7992601435955062,0.8163062629863025,0.859,0.821,0.834,True,999,0.00011754105798900127,0.002812082995660603,weak_5x5_bal_strong_500_500,weak_null,True,821,947166935,-1.8318679906315083e-15,0,5
500,500,0.12102248827854156,0.11808701771928981,0.10432212377008909,0.10591358492891345,0.0029354705592517516,-0.0015914611588243588,0.032964627440034214,0.08904910466807645,-0.048277844538646086,0.9290428852148365,0.9614948114575814,0.939,0.93,0.965,True,999,0.00011708296369761229,0.002633166965097189,weak_5x5_bal_strong_500_500,weak_null,True,822,947166935,-1.8318679906315083e-15,0,8
500,500,0.1478547179544476,0.12190031991774924,0.13112058869364773,0.10849421108409274,0.025954398036698356,0.022626377609554993,0.0331392270725568,0.7831926188221713,0.6827672099900094,0.4335140087031649,0.4947539525130815,0.473,0.397,0.448,True,999,0.0001235830131918192,0.0027597080916166306,weak_5x5_bal_strong_500_500,weak_null,True,823,947166935,-1.8318679906315083e-15,0,7
500,500,0.1308091310814592,0.06750312518470764,0.11411505116666376,0.05509864841246781,0.06330600589675156,0.05901640275419595,0.029019527252096673,2.181496802025873,2.0336789859294484,0.02914669073752931,0.04198397225101169,0.119,0.032,0.04,True,999,0.00012158392928540707,0.002752958913333714,weak_5x5_bal_strong_500_500,weak_null,True,824,947166935,-1.8318679906315083e-15,0,8
500,500,0.11340659179324253,0.09614318854342879,0.09684005597080159,0.08916672066200704,0.017263403249813736,0.007673335308794549,0.030466620214174872,0.5666333557334259,0.2518604050876789,0.5709633079531711,0.8011489653233785,0.682,0.584,0.819,True,999,0.00011483393609523773,0.0027375839417800307,weak_5x5_bal_strong_500_500,weak_null,True,825,947166935,-1.8318679906315083e-15,0,11
500,500,0.13634381756061775,0.08452568852892772,0.1195994962399709,0.06963165224007639,0.05181812903169003,0.04996784399989451,0.029781132998784533,1.7399649984372623,1.677835561257319,0.0818651641441185,0.09337920500784139,0.204,0.091,0.102,True,999,0.00011679192539304495,0.0029338340973481536,weak_5x5_bal_strong_500_500,weak_null,True,826,947166935,-1.8318679906315083e-15,0,7
500,500,0.12375107883768566,0.10186106397785594,0.10626956585292646,0.08636154268359064,0.02189001485982972,0.01990802316933582,0.031046846317208707,0.7050640389100158,0.6412252943804203,0.48077038448798226,0.5213763179122284,0.572,0.484,0.51,True,999,0.0001520420191809535,0.0027413329808041453,weak_5x5_bal_strong_500_500,weak_null,True,827,947166935,-1.8318679906315083e-15,0,6
500,500,0.10228306535731835,0.07825408942385087,0.08574723729145717,0.05378761681370747,0.024028975933467478,0.031959620477749695,0.028052305380690472,0.8565775827468207,1.1392867731915104,0.3916783791651285,0.2545835633333444,0.52,0.402,0.264,True,999,0.00012320803944021463,0.002688333042897284,weak_5x5_bal_strong_500_500,weak_null,True,828,947166935,-1.8318679906315083e-15,0,2
500,500,0.0948566502538144,0.09818497049893676,0.07831729611075389,0.08802164391431688,-0.0033283202451223626,-0.009704347803562996,0.02957111265201368,-0.11255309478169793,-0.32816985677074845,0.9103848735977821,0.7427832377176443,0.925,0.908,0.734,True,999,0.00014170806389302015,0.002766624907962978,weak_5x5_bal_strong_500_500,weak_null,True,829,947166935,-1.8318679906315083e-15,0,9
500,500,0.1237640895187262,0.13231899932845226,0.10717113381394938,0.11526923772737518,-0.008554909809726063,-0.008098103913425803,0.033213224612992934,-0.2575754058634645,-0.24382167066843138,0.7967346126561161,0.8073689359879127,0.824,0.791,0.809,True,999,0.0001180840190500021,0.0026744590140879154,weak_5x5_bal_strong_500_500,weak_null,True,830,947166935,-1.8318679906315083e-15,0,6
500,500,0.1340887626546563,0.1549070668557615,0.11740360852161302,0.13968529517651973,-0.020818304201105198,-0.022281686654906707,0.03377315478993946,-0.6164157399742435,-0.6597454929364225,0.5376201676236525,0.5094171672678536,0.616,0.562,0.528,True,999,0.00011416699271649122,0.002737125032581389,weak_5x5_bal_strong_500_500,weak_null,True,831,947166935,-1.8318679906315083e-15,0,7
500,500,0.10478835610462411,0.10460595399477668,0.08821229936211239,0.09358018363786869,0.00018240210984743488,-0.005367884275756296,0.030162901853509744,0.006047233476848337,-0.17796312509406953,0.9951750351806531,0.858751935323939,0.997,0.994,0.866,True,999,0.00013520801439881325,0.002762707998044789,weak_5x5_bal_strong_500_500,weak_null,True,832,947166935,-1.8318679906315083e-15,0,9
500,500,0.10128983211692266,0.13307771997241513,0.08473904295772172,0.12512690352815525,-0.03178788785549247,-0.04038786057043353,0.030592939716084528,-1.0390596049447214,-1.320169324858939,0.298777016223826,0.186778491122486,0.421,0.302,0.191,True,999,0.00011625001206994057,0.0026710419915616512,weak_5x5_bal_strong_500_500,weak_null,True,833,947166935,-1.8318679906315083e-15,0,10
500,500,0.1137589559749912,0.12209504716738073,0.0971707829406796,0.1011057722170392,-0.008336091192389539,-0.003934989276359602,0.032436291456083434,-0.25699889901643186,-0.12131440123749393,0.7971796229933149,0.9034420137278191,0.843,0.79,0.904,True,999,0.00011362496297806501,0.0027464170707389712,weak_5x5_bal_strong_500_500,weak_null,True,834,947166935,-1.8318679906315083e-15,0,4
500,500,0.08482042039618287,0.08725342201909148,0.0682639323974854,0.06804938110326475,-0.0024330016229086038,0.0002145512942206551,0.027098549138512906,-0.08978346443835186,0.007917445805824758,0.9284592885814904,0.9936828582299448,0.946,0.921,0.996,True,999,0.00011812499724328518,0.002778416033834219,weak_5x5_bal_strong_500_500,weak_null,True,835,947166935,-1.8318679906315083e-15,0,5
500,500,0.10089109878028113,0.12442109630298248,0.08430059056593109,0.11263334370696043,-0.02352999752270135,-0.028332753141029343,0.03003708419656278,-0.7833649021563135,-0.9432591044996149,0.43341286055540795,0.34554838824402623,0.546,0.43,0.351,True,999,0.00011587492190301418,0.002673208015039563,weak_5x5_bal_strong_500_500,weak_null,True,836,947166935,-1.8318679906315083e-15,0,9
500,500,0.14250393233538072,0.09021210105884836,0.12572404714796903,0.07930963290078807,0.05229183127653236,0.04641441424718096,0.030521221498813724,1.713294183804695,1.520725972549459,0.08665843186938486,0.12832861813267782,0.168,0.082,0.125,True,999,0.00011670798994600773,0.0027296249754726887,weak_5x5_bal_strong_500_500,weak_null,True,837,947166935,-1.8318679906315083e-15,0,9
500,500,0.10102903039570732,0.10221631450836455,0.08441575173833371,0.08722839095889867,-0.0011872841126572276,-0.002812639220564961,0.030687213134872837,-0.03868986432358702,-0.09165508800695518,0.9691376544583238,0.9269720817041825,0.972,0.968,0.933,True,999,0.00012079090811312199,0.002731707994826138,weak_5x5_bal_strong_500_500,weak_null,True,838,947166935,-1.8318679906315083e-15,0,7
500,500,0.12705514405231932,0.13195584795284143,0.1104611907871913,0.11879098895357743,-0.004900703900522108,-0.008329798166386126,0.03368405136954877,-0.1454903344837096,-0.2472920515112524,0.8843237465199423,0.8046822097764075,0.9,0.878,0.801,True,999,0.00011616700794547796,0.00267220800742507,weak_5x5_bal_strong_500_500,weak_null,True,839,947166935,-1.8318679906315083e-15,0,8
500,500,0.11954716418841915,0.10215887442414029,0.10297871251498236,0.0862708574504154,0.017388289764278864,0.016707855064566957,0.03209211491196401,0.5418243643953946,0.5206218135015537,0.5879395052921018,0.6026302504826309,0.69,0.614,0.621,True,999,0.00011879194062203169,0.0027728750137612224,weak_5x5_bal_strong_500_500,weak_null,True,840,947166935,-1.8318679906315083e-15,0,7
500,500,0.12807579405761027,0.1359195395858125,0.11143298550598502,0.1198152032953601,-0.007843745528202217,-0.00838221778937509,0.03326978269471069,-0.2357618503306075,-0.25194687522584014,0.8136174727468792,0.8010821267703059,0.865,0.832,0.822,True,999,0.00011850008741021156,0.0027205420192331076,weak_5x5_bal_strong_500_500,weak_null,True,841,947166935,-1.8318679906315083e-15,0,6
500,500,0.11987595670715812,0.10527505284670635,0.10326014182396648,0.0897431194011915,0.014600903860451764,0.013517022422774971,0.030975801651802786,0.4713648422914018,0.43637361107612477,0.6373802180935458,0.6625656819490546,0.701,0.632,0.656,True,999,0.00011575000826269388,0.002684041974134743,weak_5x5_bal_strong_500_500,weak_null,True,842,947166935,-1.8318679906315083e-15,0,6
500,500,0.14377831656091966,0.1051691927050773,0.12829938891195525,0.08643352537708893,0.038609123855842364,0.04186586353486632,0.0315987118155737,1.221857526382247,1.3249231101323682,0.22176150974472486,0.1851966549537628,0.369,0.238,0.202,True,999,0.0001206250162795186,0.002788917045108974,weak_5x5_bal_strong_500_500,weak_null,True,843,947166935,-1.8318679906315083e-15,1,6
500,500,0.12015466734919977,0.12080209952362386,0.1035959216695801,0.09894434677227082,-0.0006474321744240896,0.004651574897309274,0.03239560047105102,-0.01998518826661788,0.14358662379065826,0.9840551882579557,0.8858269038632035,0.986,0.983,0.886,True,999,0.00013279204722493887,0.00279616704210639,weak_5x5_bal_strong_500_500,weak_null,True,844,947166935,-1.8318679906315083e-15,0,4
500,500,0.14243468750872457,0.12238662419392698,0.12571432082245337,0.1061683927736965,0.020048063314797582,0.019545928048756878,0.031808136763104615,0.6302809706870992,0.6144945928247169,0.5285107709481388,0.5388885450952317,0.634,0.546,0.553,True,999,0.00011237501166760921,0.0027049159398302436,weak_5x5_bal_strong_500_500,weak_null,True,845,947166935,-1.8318679906315083e-15,0,6
500,500,0.12473459815879773,0.10165019525987296,0.10803391352862945,0.08973674180393232,0.023084402898924772,0.018297171724697137,0.03240082387184024,0.7124634543317144,0.5647131627600163,0.4761778342011789,0.5722688797623289,0.568,0.479,0.57,True,999,0.00011424999684095383,0.0027585000498220325,weak_5x5_bal_strong_500_500,weak_null,True,846,947166935,-1.8318679906315083e-15,0,9
500,500,0.11649201211119986,0.13757612395994107,0.09977590159303418,0.11600357132263639,-0.021084111848741205,-0.016227669729602212,0.03259664661133461,-0.6468184319736059,-0.49783248943035374,0.5177494616815037,0.6186021142081525,0.589,0.515,0.613,True,999,0.00011616700794547796,0.002693000016734004,weak_5x5_bal_strong_500_500,weak_null,True,847,947166935,-1.8318679906315083e-15,0,4
500,500,0.12924188564490335,0.11130992856220412,0.11261378391759536,0.09502104790860244,0.017931957082699235,0.017592736008992915,0.032429442914796346,0.5529529794826525,0.5424926988482435,0.5802956080667943,0.5874791357940563,0.657,0.594,0.6,True,999,0.00012012489605695009,0.0026616250397637486,weak_5x5_bal_strong_500_500,weak_null,True,848,947166935,-1.8318679906315083e-15,0,6
500,500,0.14396338991538538,0.10621649544586714,0.12732991556845263,0.09219210656550558,0.03774689446951823,0.03513780900294705,0.0322396096633272,1.170823557223635,1.0898956088453073,0.24166970676766164,0.27575913114400097,0.347,0.243,0.268,True,999,0.00011500006075948477,0.0027101669693365693,weak_5x5_bal_strong_500_500,weak_null,True,849,947166935,-1.8318679906315083e-15,0,6
500,500,0.10955660680335733,0.07309445431331629,0.09293110766566315,0.06177952817381538,0.03646215249004103,0.03115157949184777,0.027783005540042385,1.312390498482599,1.1212458438648911,0.18938841111565363,0.2621832306674281,0.354,0.201,0.278,True,999,0.00011783302761614323,0.002711709006689489,weak_5x5_bal_strong_500_500,weak_null,True,850,947166935,-1.8318679906315083e-15,0,9
500,500,0.11900490067935987,0.07997822374666391,0.10236007823061755,0.058166373862775345,0.03902667693269596,0.0441937043678422,0.029208547314246755,1.3361389223783928,1.513040134874708,0.18150387007695645,0.13026946444687154,0.356,0.211,0.148,True,999,0.0001180840190500021,0.002746292040683329,weak_5x5_bal_strong_500_500,weak_null,True,851,947166935,-1.8318679906315083e-15,0,3
500,500,0.1320649337498463,0.15282626551422207,0.11547494506237399,0.14273438378461378,-0.02076133176437578,-0.027259438722239793,0.035108115321508655,-0.5913542089699285,-0.7764426678164509,0.5542831149419589,0.4374876599097547,0.624,0.553,0.438,True,999,0.00011737493332475424,0.00284008402377367,weak_5x5_bal_strong_500_500,weak_null,True,852,947166935,-1.8318679906315083e-15,0,9
500,500,0.13309259161091402,0.1332663285989319,0.11628932394648928,0.11436898056712153,-0.00017373698801786963,0.0019203433793677505,0.03343520342559935,-0.0051962294293938565,0.057434774806767216,0.9958540274213351,0.9541988624211242,0.996,0.996,0.951,True,999,0.00012458395212888718,0.0026956249494105577,weak_5x5_bal_strong_500_500,weak_null,True,853,947166935,-1.8318679906315083e-15,0,5
500,500,0.11394198096369235,0.12928586150049215,0.09736337845595244,0.11824599859443197,-0.015343880536799803,-0.020882620138479524,0.03269132249293805,-0.469356372478182,-0.6387817483673401,0.6388149271939311,0.522964923297478,0.731,0.665,0.539,True,999,0.00011799996718764305,0.0027260419446974993,weak_5x5_bal_strong_500_500,weak_null,True,854,947166935,-1.8318679906315083e-15,0,9
500,500,0.10578810110282566,0.12546503501410738,0.08923187398966093,0.11111038566966158,-0.019676933911281724,-0.021878511680000656,0.032250522524358755,-0.6101276001472464,-0.6783924714235516,0.5417772847718201,0.49752288128727196,0.632,0.552,0.507,True,999,0.00011645792983472347,0.0027572079561650753,weak_5x5_bal_strong_500_500,weak_null,True,855,947166935,-1.8318679906315083e-15,0,7
500,500,0.0996963777251818,0.10340193784069668,0.08310545639960765,0.09014614649908026,-0.003705560115514872,-0.007040690099472613,0.029507584483031896,-0.125579920567396,-0.2386061150997062,0.9000644581735009,0.8114110229138978,0.913,0.889,0.789,True,999,0.00011999998241662979,0.0027000829577445984,weak_5x5_bal_strong_500_500,weak_null,True,856,947166935,-1.8318679906315083e-15,0,7
500,500,0.13556843797984164,0.12363130971929803,0.11891835926360272,0.10461838485136354,0.011937128260543606,0.01429997441223918,0.03242274297539343,0.3681714489610901,0.44104764433693505,0.7127453978673054,0.6591785051998187,0.775,0.714,0.671,True,999,0.00011595792602747679,0.0026624579913914204,weak_5x5_bal_strong_500_500,weak_null,True,857,947166935,-1.8318679906315083e-15,0,5
500,500,0.09975453005798296,0.11851770000541151,0.0831835338573228,0.10343253772498429,-0.01876316994742855,-0.020249003867661486,0.03109447438600907,-0.6034245735914745,-0.6512090738788145,0.5462262787747312,0.5149115337253832,0.608,0.518,0.488,True,999,0.00012612505815923214,0.0027702919906005263,weak_5x5_bal_strong_500_500,weak_null,True,858,947166935,-1.8318679906315083e-15,0,7
500,500,0.15064475104845076,0.08853546114247934,0.1340437312544509,0.0744993092870061,0.06210928990597142,0.059544421967444805,0.0311866847538034,1.9915322964361202,1.90928989206469,0.04642239824318815,0.05622470552414798,0.149,0.059,0.074,True,999,0.00010895798914134502,0.0026317499577999115,weak_5x5_bal_strong_500_500,weak_null,True,859,947166935,-1.8318679906315083e-15,0,7
500,500,0.08152692243236603,0.08648879183694375,0.0649895489273149,0.07420382163590489,-0.004961869404577712,-0.009214272708589988,0.02765831643591557,-0.17939882263168055,-0.33314655033105484,0.8576245557946615,0.7390236622960562,0.896,0.856,0.717,True,999,0.00013183301780372858,0.0027019159169867635,weak_5x5_bal_strong_500_500,weak_null,True,860,947166935,-1.8318679906315083e-15,0,8
500,500,0.09189834889651083,0.11528399597652089,0.07536848329380064,0.09426883010334564,-0.023385647080010064,-0.018900346809545,0.029764288205797455,-0.7856948205284154,-0.6350007995777843,0.4320462983565707,0.5254278935136182,0.541,0.436,0.511,True,999,0.00012220803182572126,0.002770832972601056,weak_5x5_bal_strong_500_500,weak_null,True,861,947166935,-1.8318679906315083e-15,0,4
500,500,0.11072290244189165,0.10700821906318503,0.0941598527555243,0.09545384414707314,0.003714683378706618,-0.0012939913915488432,0.031180725234174308,0.11913396339592824,-0.04149972079965026,0.905169223445568,0.9668975154334306,0.927,0.905,0.972,True,999,0.00011704210191965103,0.0027819590177387,weak_5x5_bal_strong_500_500,weak_null,True,862,947166935,-1.8318679906315083e-15,0,9
500,500,0.11273206705240946,0.09181654044177717,0.09617047499193632,0.07711045366585267,0.020915526610632285,0.019060021326083643,0.030186147220028752,0.6928849335484147,0.6314161654070635,0.4883817654975734,0.5277684489329438,0.621,0.501,0.542,True,999,0.00012020801659673452,0.002728041959926486,weak_5x5_bal_strong_500_500,weak_null,True,863,947166935,-1.8318679906315083e-15,0,6
500,500,0.0988993307286965,0.1445375479918803,0.08233352055447085,0.1310828244539266,-0.04563821726318379,-0.048749303899455754,0.0316554845984421,-1.4417159567170184,-1.539995502133457,0.1493825202607881,0.12356144980521327,0.247,0.151,0.125,True,999,0.00011349993292242289,0.002667499938979745,weak_5x5_bal_strong_500_500,weak_null,True,864,947166935,-1.8318679906315083e-15,0,7
500,500,0.1223453225804636,0.14380878374988953,0.10580392011536333,0.13218833277244357,-0.021463461169425935,-0.026384412657080247,0.03383731001145108,-0.6343134593784896,-0.7797432079604244,0.5258762744451573,0.4355420406860723,0.62,0.562,0.443,True,999,0.0001170419855043292,0.0027069170027971268,weak_5x5_bal_strong_500_500,weak_null,True,865,947166935,-1.8318679906315083e-15,0,9
500,500,0.114333518345759,0.13336051456977527,0.09770578709287747,0.11503874239872403,-0.019026996224016268,-0.017332955305846554,0.03314035592460726,-0.5741337319159089,-0.5230165706511483,0.5658773085514235,0.6009627218566527,0.637,0.55,0.588,True,999,0.0001223330618813634,0.0027787089347839355,weak_5x5_bal_strong_500_500,weak_null,True,866,947166935,-1.8318679906315083e-15,0,5
500,500,0.12864929483494714,0.10308591180902466,0.11192046546364054,0.0848472003244467,0.02556338302592248,0.027073265139193836,0.030909028467186725,0.8270522981031505,0.8759015239814164,0.4082074197671428,0.3810835709824989,0.514,0.407,0.383,True,999,0.00016654201317578554,0.002662957995198667,weak_5x5_bal_strong_500_500,weak_null,True,867,947166935,-1.8318679906315083e-15,0,5
500,500,0.12137767547334977,0.1105138111113485,0.1038756019606808,0.09725341955714839,0.010863864362001263,0.006622182403532406,0.03285582222646575,0.3306526401049946,0.20155278287932057,0.7409068795071138,0.8402663613609206,0.797,0.744,0.839,True,999,0.00011279096361249685,0.002687667030841112,weak_5x5_bal_strong_500_500,weak_null,True,868,947166935,-1.8318679906315083e-15,0,8
500,500,0.15855566021793743,0.1176687551775838,0.1418501796805458,0.10753481153341227,0.04088690504035364,0.03431536814713354,0.033636684020156876,1.2155450583610456,1.02017690348341,0.2241582743856435,0.3076445693781992,0.315,0.226,0.296,True,999,0.00012141710612922907,0.0027756670024245977,weak_5x5_bal_strong_500_500,weak_null,True,869,947166935,-1.8318679906315083e-15,0,9
500,500,0.1333731049338316,0.1292422199357533,0.11673865500222291,0.11199867750517001,0.004130884998078288,0.004739977497052905,0.03252507081231574,0.1270061799992796,0.14573304157905462,0.8989355072311624,0.8841321364137493,0.924,0.901,0.882,True,999,0.00012620794586837292,0.0027687500696629286,weak_5x5_bal_strong_500_500,weak_null,True,870,947166935,-1.8318679906315083e-15,0,4
500,500,0.12301235234668284,0.1306249709159089,0.10636986721431185,0.11890986768543144,-0.007612618569226071,-0.012540000471119583,0.0326584720187946,-0.23309781807443689,-0.3839738878139476,0.8156854491685965,0.7009978012786766,0.868,0.837,0.711,True,999,0.00011437502689659595,0.0026911249151453376,weak_5x5_bal_strong_500_500,weak_null,True,871,947166935,-1.8318679906315083e-15,0,9
500,500,0.10132661082245731,0.1474162062371499,0.08478698972942311,0.13439107489773505,-0.0460895954146926,-0.04960408516831194,0.03355300361358762,-1.3736354558740058,-1.478379871428985,0.1695548838381361,0.13930612994829203,0.233,0.173,0.135,True,999,0.0001228339970111847,0.0027462090365588665,weak_5x5_bal_strong_500_500,weak_null,True,872,947166935,-1.8318679906315083e-15,0,8
500,500,0.10192900606886246,0.11193959125784192,0.08534320611329349,0.08935050489458263,-0.01001058518897946,-0.004007298781289137,0.030696920672801425,-0.32611040357051835,-0.1305439989894409,0.7443408260245841,0.8961360457921788,0.813,0.765,0.908,True,999,0.00011958298273384571,0.0027115829288959503,weak_5x5_bal_strong_500_500,weak_null,True,873,947166935,-1.8318679906315083e-15,0,4
500,500,0.11965450690198187,0.06827830158037002,0.10308379582943417,0.056990967027019224,0.051376205321611856,0.04609282880241494,0.028939614755494655,1.7752898839766778,1.592724339692997,0.07585003486578536,0.11122204481555965,0.208,0.084,0.117,True,999,0.00011754198931157589,0.0026946660364046693,weak_5x5_bal_strong_500_500,weak_null,True,874,947166935,-1.8318679906315083e-15,0,9
500,500,0.10214373180887382,0.05880736355735333,0.08560796005474458,0.04162971363635393,0.043336368251520485,0.043978246418390654,0.026125869163991833,1.6587531683443146,1.6833218501684908,0.09716554075910101,0.09231280276105286,0.27,0.105,0.092,True,999,0.00012137508019804955,0.00277645792812109,weak_5x5_bal_strong_500_500,weak_null,True,875,947166935,-1.8318679906315083e-15,0,6
500,500,0.10895328680958638,0.08133903058450631,0.09236213091503487,0.06552612521187484,0.02761425622508007,0.026836005703160026,0.02900704806244091,0.9519843648218632,0.925154660529142,0.34110491136099497,0.3548854637759583,0.485,0.349,0.36,True,999,0.00011945795267820358,0.002691042027436197,weak_5x5_bal_strong_500_500,weak_null,True,876,947166935,-1.8318679906315083e-15,0,7
500,500,0.10900374277092051,0.07602537233630408,0.0924534193012505,0.06432735474047035,0.03297837043461643,0.02812606456078015,0.028790424283675793,1.1454631619762272,0.9769242816170537,0.25201734689664046,0.32860663966331993,0.411,0.25,0.331,True,999,0.00011491600889712572,0.00263158290181309,weak_5x5_bal_strong_500_500,weak_null,True,877,947166935,-1.8318679906315083e-15,0,9
500,500,0.09953844166962456,0.10408090872809572,0.08293831538037466,0.08848425052619291,-0.004542467058471167,-0.005545935145818248,0.031288105379468814,-0.14518191508815115,-0.1772537863368831,0.884567244313111,0.8593090490824888,0.914,0.9,0.863,True,999,0.0001152500044554472,0.002688791020773351,weak_5x5_bal_strong_500_500,weak_null,True,878,947166935,-1.8318679906315083e-15,0,8
500,500,0.10091144799234675,0.09317811832522821,0.08435238502272568,0.07510132471017528,0.007733329667118538,0.009251060312550408,0.029647650678514218,0.2608412299165045,0.31203350352662823,0.7942149478541817,0.7550150614614509,0.855,0.8,0.751,True,999,0.00011191691737622023,0.002695166040211916,weak_5x5_bal_strong_500_500,weak_null,True,879,947166935,-1.8318679906315083e-15,0,5
500,500,0.10227600344537824,0.11449024471337566,0.08573833233242567,0.0983309632030398,-0.012214241267997417,-0.01259263087061413,0.030815842487527625,-0.39636239940352097,-0.4086414601746118,0.6918377003745739,0.6828027998275876,0.793,0.726,0.715,True,999,0.00012029102072119713,0.0027117080753669143,weak_5x5_bal_strong_500_500,weak_null,True,880,947166935,-1.8318679906315083e-15,0,6
500,500,0.10145215414816366,0.11352703383453822,0.08494842256129687,0.09815949132160995,-0.012074879686374551,-0.013211068760313083,0.03127720680317858,-0.38606003925988136,-0.4223864631981937,0.699452204010705,0.6727429569099365,0.776,0.707,0.686,True,999,0.00011874991469085217,0.0026922080432996154,weak_5x5_bal_strong_500_500,weak_null,True,881,947166935,-1.8318679906315083e-15,0,6
500,500,0.12977894773034637,0.10492215248801501,0.11305694955353829,0.09049481640474255,0.024856795242331364,0.022562133148795738,0.03156391983454588,0.7875066016080251,0.7148077066176703,0.4309853654313157,0.4747278724746602,0.532,0.426,0.462,True,999,0.000111832981929183,0.002685124985873699,weak_5x5_bal_strong_500_500,weak_null,True,882,947166935,-1.8318679906315083e-15,0,7
500,500,0.11744383874931597,0.10021400965333688,0.09997758246208832,0.08832794738037819,0.017229829095979088,0.01164963508171013,0.03018209268744635,0.5708626394599039,0.3859783747385935,0.56809275795707,0.6995126846247464,0.68,0.573,0.702,True,999,0.00011491694021970034,0.0026918750954791903,weak_5x5_bal_strong_500_500,weak_null,True,883,947166935,-1.8318679906315083e-15,0,8
500,500,0.10400986549588653,0.06756440856058699,0.08724794024738003,0.05470680392207328,0.03644545693529955,0.03254113632530675,0.026544171124742857,1.3730116779320833,1.2259239956064738,0.1697487163208249,0.22022727793901276,0.379,0.168,0.221,True,999,0.00011854199692606926,0.0027990000089630485,weak_5x5_bal_strong_500_500,weak_null,True,884,947166935,-1.8318679906315083e-15,0,7
500,500,0.10210058680019296,0.08627061362819444,0.08557202363545002,0.0722854074232373,0.015829973171998524,0.01328661621221272,0.02848796213070006,0.5556723608158461,0.4663940562422468,0.5784348544626894,0.6409334651938919,0.699,0.59,0.664,True,999,0.00011758296750485897,0.0026896250201389194,weak_5x5_bal_strong_500_500,weak_null,True,885,947166935,-1.8318679906315083e-15,0,7
500,500,0.1254122319198836,0.10695445296350647,0.1086993080252796,0.09595839326226496,0.018457778956377124,0.012740914763014644,0.03191466228681949,0.5783479326992611,0.3992182229130635,0.563029239138795,0.6897324170761159,0.649,0.55,0.68,True,999,0.0001247910549864173,0.002715499955229461,weak_5x5_bal_strong_500_500,weak_null,True,886,947166935,-1.8318679906315083e-15,0,9
500,500,0.11313552972565888,0.07091920401274376,0.09648849343773236,0.05687096349814169,0.042216325712915115,0.03961752993959067,0.027271317103549984,1.54801198462907,1.4527178789774529,0.12161941108614628,0.14630210081366882,0.288,0.128,0.147,True,999,0.00011600006837397814,0.0028178750071674585,weak_5x5_bal_strong_500_500,weak_null,True,887,947166935,-1.8318679906315083e-15,0,6
500,500,0.11597521674565603,0.1330004604096735,0.09938903638817465,0.11561604143227555,-0.017025243664017475,-0.016227005044100906,0.03253866031722771,-0.5232312424062339,-0.49869923610559524,0.6008133424420402,0.6179912828341259,0.663,0.6,0.617,True,999,0.00014508399181067944,0.002664084080606699,weak_5x5_bal_strong_500_500,weak_null,True,888,947166935,-1.8318679906315083e-15,0,5
500,500,0.0813762431317171,0.1048340576134012,0.06485303741715143,0.08687515274567659,-0.023457814481684103,-0.02202211532852516,0.029401097412387413,-0.797855064818116,-0.7490235830192752,0.42495460226762083,0.45384299144347817,0.564,0.408,0.436,True,999,0.0001135410275310278,0.0026184169109910727,weak_5x5_bal_strong_500_500,weak_null,True,889,947166935,-1.8318679906315083e-15,0,4
500,500,0.10291650326231716,0.08136998399738099,0.08633710514777704,0.06404055937662179,0.02154651926493617,0.02229654577115525,0.028549484143892474,0.7547078313688399,0.7809789367393911,0.4504243065490513,0.43481488318426165,0.584,0.43,0.412,True,999,0.00014516699593514204,0.0027033339720219374,weak_5x5_bal_strong_500_500,weak_null,True,890,947166935,-1.8318679906315083e-15,0,5
500,500,0.12529864099245458,0.11833198675143897,0.10783050726706733,0.10720277681144808,0.006966654241015613,0.0006277304556192576,0.032076394412453905,0.2171894431598196,0.019569857121333325,0.8280607114736988,0.9843865097594114,0.85,0.82,0.979,True,999,0.0001176660880446434,0.002748708939179778,weak_5x5_bal_strong_500_500,weak_null,True,891,947166935,-1.8318679906315083e-15,0,9
500,500,0.15178189133975928,0.10527592129702218,0.13508425837699178,0.09028035256693556,0.0465059700427371,0.04480390581005622,0.0322236993982516,1.4432225632436364,1.3904023016205023,0.1489577854353815,0.16440674795503796,0.267,0.147,0.157,True,999,0.00011575000826269388,0.0027435419615358114,weak_5x5_bal_strong_500_500,weak_null,True,892,947166935,-1.8318679906315083e-15,0,7
500,500,0.10948709222065789,0.1216849976066281,0.0928442953013473,0.10549661408057887,-0.012197905385970209,-0.012652318779231564,0.030662528050227504,-0.39781147092598274,-0.4126312989752875,0.6907691610713866,0.679876766165358,0.761,0.679,0.655,True,999,0.00011670798994600773,0.002820042078383267,weak_5x5_bal_strong_500_500,weak_null,True,893,947166935,-1.8318679906315083e-15,0,6
500,500,0.10120989172710337,0.15320539633089647,0.08466934625732847,0.1371834246579624,-0.0519955046037931,-0.052514078400633935,0.032888470222206555,-1.5809645219887827,-1.596732169232244,0.11388614993702144,0.11032542163153505,0.213,0.125,0.116,True,999,0.00011262507177889347,0.002649583970196545,weak_5x5_bal_strong_500_500,weak_null,True,894,947166935,-1.8318679906315083e-15,0,6
500,500,0.14844278830444346,0.10194335137859023,0.13088455935167076,0.07974206601849687,0.04649943692585323,0.05114249333317389,0.03160568180431339,1.4712366344049954,1.6181423849617511,0.14122713303861828,0.10563191598209613,0.253,0.163,0.124,True,999,0.0001170419855043292,0.0027643340872600675,weak_5x5_bal_strong_500_500,weak_null,True,895,947166935,-1.8318679906315083e-15,0,4
500,500,0.13799834843907344,0.08180329607955028,0.12135222084975794,0.06756109249292308,0.05619505235952316,0.05379112835683486,0.03044750511500247,1.8456373403098318,1.7666842703092358,0.0649448809227014,0.07728111910784609,0.169,0.06,0.076,True,999,0.00011670903768390417,0.0028434579726308584,weak_5x5_bal_strong_500_500,weak_null,True,896,947166935,-1.8318679906315083e-15,0,7
500,500,0.12297320289072755,0.1160272953057136,0.10633496961247602,0.09589122719981447,0.006945907585013955,0.01044374241266155,0.03093822563183166,0.22450891876189122,0.3375675947594167,0.8223613278663285,0.7356890657189096,0.856,0.827,0.745,True,999,0.0001151250908151269,0.0026479579973965883,weak_5x5_bal_strong_500_500,weak_null,True,897,947166935,-1.8318679906315083e-15,0,4
500,500,0.1203673867570374,0.1261682980872852,0.10365097904468712,0.11652273634945232,-0.005800911330247793,-0.012871757304765197,0.03168592123228758,-0.18307535664567434,-0.40622954309591064,0.854738891517042,0.6845739488493965,0.886,0.853,0.685,True,999,0.00011262495536357164,0.002771417028270662,weak_5x5_bal_strong_500_500,weak_null,True,898,947166935,-1.8318679906315083e-15,0,10
500,500,0.1004023776708276,0.09362610852865993,0.08388698879946332,0.07386973011796272,0.006776269142167668,0.010017258681500607,0.029271475861597236,0.23149735169512947,0.3422191190107625,0.816928442610203,0.7321859980381584,0.881,0.832,0.757,True,999,0.00011479202657938004,0.0027377080405130982,weak_5x5_bal_strong_500_500,weak_null,True,899,947166935,-1.8318679906315083e-15,0,5
500,500,0.12851105333620239,0.11936970103332989,0.11187195191530463,0.10212178505855718,0.009141352302872496,0.009750166856747455,0.033489722931336834,0.27295992629185944,0.29113907202929046,0.7848840203602826,0.7709449584073345,0.83,0.796,0.777,True,999,0.00011058303061872721,0.0026904159458354115,weak_5x5_bal_strong_500_500,weak_null,True,900,947166935,-1.8318679906315083e-15,0,5
500,500,0.10396967606223284,0.14803296755847795,0.08729515903041829,0.13629999930211056,-0.044063291496245105,-0.049004840271692274,0.03249741992047878,-1.3559012255147647,-1.5079609517188493,0.17513059755100957,0.13156452121671078,0.263,0.167,0.127,True,999,0.00011587503831833601,0.002787332981824875,weak_5x5_bal_strong_500_500,weak_null,True,901,947166935,-1.8318679906315083e-15,0,9
500,500,0.13558114975851576,0.10321837207102769,0.11893333076682211,0.0801136207984996,0.032362777687488076,0.03881970996832251,0.031663685313684964,1.0220786799413069,1.2260010034758884,0.30674366297025046,0.2201982974086082,0.447,0.31,0.223,True,999,0.00011795898899435997,0.0027982500614598393,weak_5x5_bal_strong_500_500,weak_null,True,902,947166935,-1.8318679906315083e-15,0,3
500,500,0.10424941761424922,0.1265553518615471,0.08760814927813954,0.10903163511503067,-0.022305934247297876,-0.021423485836891132,0.03116854155361711,-0.7156553735094247,-0.6873432239374362,0.4742041728434562,0.4918664667040863,0.58,0.496,0.51,True,999,0.00011266698129475117,0.0026827079709619284,weak_5x5_bal_strong_500_500,weak_null,True,903,947166935,-1.8318679906315083e-15,0,5
500,500,0.09420947619346287,0.16604878289028063,0.07766713477849407,0.15525902511785716,-0.07183930669681776,-0.07759189033936309,0.03279895878934046,-2.1902922942836,-2.3656815095173136,0.028503045330971918,0.017996919015066948,0.066,0.026,0.02,True,999,0.00011758296750485897,0.0027520000003278255,weak_5x5_bal_strong_500_500,weak_null,True,904,947166935,-1.8318679906315083e-15,0,9
500,500,0.13301674289349097,0.11906499051319991,0.11548663611665688,0.10210543229291602,0.01395175238029106,0.013381203823740861,0.031848369438723406,0.43806802753699453,0.4201534979518005,0.6613369705970775,0.6743733231672242,0.733,0.675,0.693,True,999,0.00011725001968443394,0.0027895000530406833,weak_5x5_bal_strong_500_500,weak_null,True,905,947166935,-1.8318679906315083e-15,0,6
500,500,0.11907751597942862,0.1075709733248631,0.10243468307055537,0.09749432633114452,0.011506542654565521,0.004940356739410845,0.030853690695603952,0.3729389384267399,0.16012206734524467,0.7091938905725698,0.8727849182258316,0.766,0.7,0.86,True,999,0.00011683395132422447,0.0027010421035811305,weak_5x5_bal_strong_500_500,weak_null,True,906,947166935,-1.8318679906315083e-15,0,9
500,500,0.10564808021207228,0.07976992154953783,0.08904187764278504,0.0637702823852635,0.025878158662534456,0.02527159525752154,0.02866100219223786,0.9029048771205541,0.8817415067350904,0.36657638197349707,0.3779166097082389,0.519,0.368,0.378,True,999,0.00012112502008676529,0.002792750019580126,weak_5x5_bal_strong_500_500,weak_null,True,907,947166935,-1.8318679906315083e-15,0,7
500,500,0.12722755563679256,0.10091557685881636,0.1106310317580892,0.08594484761553645,0.026311978777976197,0.024686184142552747,0.03137590302822492,0.8386046691407303,0.7867880048056536,0.4016911896714297,0.43140597651944346,0.516,0.412,0.442,True,999,0.00013487506657838821,0.0027106250636279583,weak_5x5_bal_strong_500_500,weak_null,True,908,947166935,-1.8318679906315083e-15,0,7
500,500,0.08368889007813363,0.09889570207688902,0.06719362094713688,0.08756865915751177,-0.015206811998755398,-0.020375038210374896,0.028802752141218153,-0.5279638530442271,-0.7073990051533032,0.597524424679813,0.4793185549864598,0.66,0.577,0.441,True,999,0.00011654198169708252,0.0026433750754222274,weak_5x5_bal_strong_500_500,weak_null,True,909,947166935,-1.8318679906315083e-15,0,8
500,500,0.091748409534393,0.1586185372832104,0.07521442083225338,0.13968875054314367,-0.0668701277488174,-0.06447432971089029,0.03375849701729507,-1.9808384157197125,-1.9098696745254673,0.04760939718906803,0.05614999550744205,0.121,0.049,0.059,True,999,0.00011329189874231815,0.0027316249907016754,weak_5x5_bal_strong_500_500,weak_null,True,910,947166935,-1.8318679906315083e-15,0,5
500,500,0.14515071816098124,0.12408508054435363,0.12838999885320845,0.10857645840633268,0.021065637616627608,0.019813540446875777,0.03154124278796128,0.6678759539769302,0.6281788127396885,0.5042127777949845,0.5298868082099342,0.58,0.488,0.521,True,999,0.00011737493332475424,0.002777458052150905,weak_5x5_bal_strong_500_500,weak_null,True,911,947166935,-1.8318679906315083e-15,0,6
500,500,0.09722938416746207,0.09815515753157289,0.08063894958434048,0.08439490554548001,-0.0009257733641108157,-0.0037559559611395343,0.03054122188230591,-0.03031225691226072,-0.12297988520608442,0.9758180214629688,0.9021230263235612,0.981,0.974,0.909,True,999,0.0001176249934360385,0.0027429170440882444,weak_5x5_bal_strong_500_500,weak_null,True,912,947166935,-1.8318679906315083e-15,0,8
500,500,0.14100548583671846,0.12054791516867136,0.12426430387279197,0.09621279910780345,0.020457570668047098,0.028051504764988522,0.032943873916196006,0.6209825450427571,0.8514938114548126,0.5346111078957085,0.3944950995848635,0.578,0.508,0.379,True,999,0.00011629203800112009,0.002801166963763535,weak_5x5_bal_strong_500_500,weak_null,True,913,947166935,-1.8318679906315083e-15,0,4
500,500,0.09452061450110172,0.12111950801087956,0.07790817586294452,0.10492004824138235,-0.026598893509777843,-0.02701187237843783,0.030534539296634182,-0.8711083947059858,-0.8846333693141833,0.3836949709277492,0.3763544030739816,0.507,0.4,0.389,True,999,0.00011658307630568743,0.002713249996304512,weak_5x5_bal_strong_500_500,weak_null,True,914,947166935,-1.8318679906315083e-15,0,6
500,500,0.10218168959986618,0.13594370983728687,0.08561052484651555,0.11690271049266698,-0.0337620202374207,-0.03129218564615144,0.03176663177155658,-1.062813976634777,-0.9850646386177475,0.28786631993774137,0.32459232148395134,0.401,0.3,0.327,True,999,0.00012866593897342682,0.0026883749524131417,weak_5x5_bal_strong_500_500,weak_null,True,915,947166935,-1.8318679906315083e-15,0,5
500,500,0.1015467348918202,0.12684225750737682,0.0850163365971639,0.1155228767592007,-0.02529552261555662,-0.0305065401620368,0.033845272259035226,-0.7473871807547303,-0.901353073142819,0.45482988118394896,0.3674006235600896,0.525,0.452,0.37,True,999,0.00011891697067767382,0.002765167038887739,weak_5x5_bal_strong_500_500,weak_null,True,916,947166935,-1.8318679906315083e-15,0,9
500,500,0.11244553978412841,0.14556774900431851,0.09583661321710224,0.1308082961400885,-0.0331222092201901,-0.03497168292298625,0.03265149225220568,-1.0144163998493094,-1.071059253673891,0.31038410209409795,0.28414278777019164,0.365,0.273,0.245,True,999,0.00012937502469867468,0.002781374962069094,weak_5x5_bal_strong_500_500,weak_null,True,917,947166935,-1.8318679906315083e-15,0,7
500,500,0.10564219991185508,0.12755655783457437,0.08905318488962166,0.11357481155388882,-0.021914357922719285,-0.02452162666426716,0.03204912163592009,-0.6837740569513163,-0.765126325233942,0.49411785100668704,0.44419632534106046,0.581,0.502,0.438,True,999,0.00011858309153467417,0.002637083060108125,weak_5x5_bal_strong_500_500,weak_null,True,918,947166935,-1.8318679906315083e-15,0,7
500,500,0.1036545675799776,0.11384525692849629,0.08703920948505584,0.10660573785091287,-0.010190689348518689,-0.01956652836585704,0.0313985900857659,-0.3245588200197082,-0.6231658272683793,0.7455149981297864,0.5331755554831048,0.819,0.742,0.544,True,999,0.00012116599828004837,0.0027837090892717242,weak_5x5_bal_strong_500_500,weak_null,True,919,947166935,-1.8318679906315083e-15,0,11
500,500,0.11727917639027297,0.11772740572107526,0.10074692976229471,0.10023256672653247,-0.00044822933080229665,0.0005143630357622442,0.031210482860516767,-0.014361499397669848,0.016480457481577317,0.9885415752504136,0.9868510926423887,0.993,0.991,0.988,True,999,0.00012404099106788635,0.002745458041317761,weak_5x5_bal_strong_500_500,weak_null,True,920,947166935,-1.8318679906315083e-15,0,5
500,500,0.11271852001826499,0.14910751121537957,0.09611227932668953,0.13744147709792287,-0.036388991197114584,-0.04132919777123334,0.032879859467396126,-1.1067258737282053,-1.2569761075839034,0.26841246527887697,0.20876228732090618,0.351,0.262,0.195,True,999,0.00012162502389401197,0.002682417049072683,weak_5x5_bal_strong_500_500,weak_null,True,921,947166935,-1.8318679906315083e-15,0,9
500,500,0.14159148389323462,0.15034515202009546,0.12493823775298551,0.13664734332181183,-0.008753668126860847,-0.011709105568826317,0.03390363044740418,-0.2581926481425257,-0.34536435816190947,0.7962582315550524,0.7298204686655704,0.825,0.787,0.719,True,999,0.00011516606900840998,0.0028008329682052135,weak_5x5_bal_strong_500_500,weak_null,True,922,947166935,-1.8318679906315083e-15,0,8
500,500,0.13300414073024025,0.15226695821913483,0.1163489718234132,0.13860035730695586,-0.01926281748889458,-0.022251385483542663,0.03355611355513162,-0.5740479289190146,-0.6631097325077396,0.5659353682891375,0.5072602778608382,0.661,0.608,0.548,True,999,0.0001229170011356473,0.002673499984666705,weak_5x5_bal_strong_500_500,weak_null,True,923,947166935,-1.8318679906315083e-15,0,8
500,500,0.0879100914535782,0.09251020208841332,0.0713623641806862,0.07986369912487135,-0.0046001106348351195,-0.008501334944185146,0.028734524682624763,-0.1600900201288773,-0.29585785872858883,0.8728101625665712,0.7673386348933858,0.911,0.874,0.767,True,999,0.00011725001968443394,0.002682583057321608,weak_5x5_bal_strong_500_500,weak_null,True,924,947166935,-1.8318679906315083e-15,0,9
500,500,0.12745487536066258,0.1719763895654723,0.1108251045295674,0.1561970400984194,-0.04452151420480971,-0.045371935568851995,0.03446996927643558,-1.2916029558298907,-1.3162743257757772,0.19649467989743286,0.18808198488245176,0.277,0.203,0.193,True,999,0.00011324998922646046,0.0027795000933110714,weak_5x5_bal_strong_500_500,weak_null,True,925,947166935,-1.8318679906315083e-15,0,7
500,500,0.13258330188468337,0.09610404162753372,0.11590284987403265,0.07753678505162043,0.03647926025714965,0.03836606482241223,0.03032506502737238,1.2029408749568151,1.2651601830954617,0.22899920126355222,0.2058139124820325,0.353,0.222,0.195,True,999,0.00011733302380889654,0.0026666250778362155,weak_5x5_bal_strong_500_500,weak_null,True,926,947166935,-1.8318679906315083e-15,0,4
500,500,0.0920530377948321,0.13590147770875893,0.07552791240686929,0.11802177625494892,-0.04384843991392684,-0.04249386384807963,0.03109037477129972,-1.4103541767018004,-1.3667851919014737,0.15843512878088684,0.17169264561889774,0.307,0.178,0.192,True,999,0.00012058310676366091,0.0027082080487161875,weak_5x5_bal_strong_500_500,weak_null,True,927,947166935,-1.8318679906315083e-15,0,6
500,500,0.12386693041645191,0.12982236181799844,0.10717038899736053,0.1157013511133016,-0.005955431401546529,-0.008530962115941065,0.03339698489415017,-0.17832242702213771,-0.25544108676215715,0.8584697668612208,0.7983824404030543,0.87,0.843,0.792,True,999,0.00014000001829117537,0.0027694160817191005,weak_5x5_bal_strong_500_500,weak_null,True,928,947166935,-1.8318679906315083e-15,0,7
500,500,0.09647564559448285,0.12180485379799233,0.07993969861092864,0.10514954755640815,-0.02532920820350948,-0.025209848945479507,0.031421477083622515,-0.8061113147577507,-0.8023126627175452,0.42017866807362847,0.42237211939924735,0.553,0.419,0.419,True,999,0.00011579110287129879,0.0026365830563008785,weak_5x5_bal_strong_500_500,weak_null,True,929,947166935,-1.8318679906315083e-15,0,7
500,500,0.08429592668325459,0.09681727864101403,0.06778768051754014,0.08126278596608927,-0.012521351957759441,-0.01347510544854913,0.02928871531574366,-0.4275145503233731,-0.46007840573689524,0.6690045895083978,0.645459943400156,0.741,0.651,0.623,True,999,0.00011983409058302641,0.0027067919727414846,weak_5x5_bal_strong_500_500,weak_null,True,930,947166935,-1.8318679906315083e-15,0,6
500,500,0.10919092913252526,0.10576640525633274,0.09263016743886965,0.08461796032179336,0.00342452387619252,0.008012207117076287,0.03034333610564866,0.11285917488667362,0.26405162204905835,0.9101422031949378,0.791740141199641,0.927,0.906,0.777,True,999,0.00011933292262256145,0.0027398329693824053,weak_5x5_bal_strong_500_500,weak_null,True,931,947166935,-1.8318679906315083e-15,0,4
500,500,0.1317941731241048,0.15830576459889217,0.11500991600735233,0.14126879560024008,-0.026511591474787377,-0.02625887959288775,0.03364180816615983,-0.7880548912188164,-0.7805430511699267,0.4306645990658834,0.43507129749381224,0.489,0.423,0.427,True,999,0.00011350004933774471,0.002691500005312264,weak_5x5_bal_strong_500_500,weak_null,True,932,947166935,-1.8318679906315083e-15,0,6
500,500,0.125859336968432,0.1280633163097819,0.10927507790393065,0.11186435738088107,-0.0022039793413499154,-0.0025892794769504235,0.032901687767210086,-0.06698681711843389,-0.07869746668530805,0.946592198042044,0.9372732605245788,0.962,0.951,0.938,True,999,0.00011787505354732275,0.00271462497767061,weak_5x5_bal_strong_500_500,weak_null,True,933,947166935,-1.8318679906315083e-15,0,6
500,500,0.12119899983357185,0.12180457096368347,0.10458770642310355,0.10401759171156755,-0.0006055711301116151,0.0005701147115360072,0.03190194262915781,-0.01898226503479866,0.017870846241662176,0.9848552533137672,0.9857418866281629,0.99,0.986,0.991,True,999,0.0001242499565705657,0.002814832958392799,weak_5x5_bal_strong_500_500,weak_null,True,934,947166935,-1.8318679906315083e-15,0,6
500,500,0.11529096957640461,0.06917128332207145,0.09766961581590294,0.05304960179009299,0.04611968625433316,0.04462001402580995,0.027510798984972128,1.6764211857142426,1.6219090565193615,0.09365572203724654,0.10482282210255046,0.256,0.112,0.124,True,999,0.00011741707567125559,0.002686958061531186,weak_5x5_bal_strong_500_500,weak_null,True,935,947166935,-1.8318679906315083e-15,0,7
500,500,0.142563168095182,0.11082009921305591,0.12596371212225677,0.09411946339022847,0.03174306888212608,0.03184424873202829,0.03342463010738662,0.9496909548480261,0.9527180593986866,0.34226930710781067,0.3407329406698918,0.448,0.351,0.343,True,999,0.00011699995957314968,0.0027303750393912196,weak_5x5_bal_strong_500_500,weak_null,True,936,947166935,-1.8318679906315083e-15,0,7
500,500,0.09195123189282861,0.13661443901186654,0.07541792580411766,0.12245432950169288,-0.04466320711903793,-0.047036403697575224,0.030401296754718112,-1.469121777251375,-1.5471841243178364,0.1417997619969059,0.12181885304321788,0.266,0.147,0.129,True,999,0.0001212910283356905,0.002768166013993323,weak_5x5_bal_strong_500_500,weak_null,True,937,947166935,-1.8318679906315083e-15,0,7
500,500,0.13929819654534215,0.13457876975564176,0.12176607061076083,0.11254235747585994,0.004719426789700387,0.00922371313490089,0.03351624182082859,0.14081014258488583,0.275201294471173,0.8880199302797203,0.7831615925089522,0.918,0.886,0.788,True,999,0.00011758401524275541,0.0028132079169154167,weak_5x5_bal_strong_500_500,weak_null,True,938,947166935,-1.8318679906315083e-15,0,3
500,500,0.15488646981316578,0.09418462598546151,0.13810640486656212,0.07728186992414976,0.06070184382770427,0.060824534942412356,0.03208600294582256,1.8918481036793444,1.8956719241444628,0.058511221972689056,0.058003440059093525,0.126,0.053,0.05,True,999,0.00011720799375325441,0.0028209579177200794,weak_5x5_bal_strong_500_500,weak_null,True,939,947166935,-1.8318679906315083e-15,0,6
500,500,0.12507358300324034,0.1531253073585726,0.10842023775501275,0.1346649909546329,-0.028051724355332264,-0.026244753199620163,0.03371357409089777,-0.832060234245703,-0.7784625008567664,0.40537494613525094,0.4362964051466879,0.479,0.402,0.432,True,999,0.00011708296369761229,0.002725792001001537,weak_5x5_bal_strong_500_500,weak_null,True,940,947166935,-1.8318679906315083e-15,0,5
500,500,0.07629016659553711,0.1340786590471661,0.059804068031780844,0.12265201772643763,-0.05778849245162898,-0.06284794969465679,0.030930570446158115,-1.868329345953168,-2.0319039962117196,0.06171617860955835,0.04216337590989287,0.158,0.069,0.044,True,999,0.0001115420600399375,0.00264991691801697,weak_5x5_bal_strong_500_500,weak_null,True,941,947166935,-1.8318679906315083e-15,0,8
500,500,0.10523062563036345,0.12520324735848193,0.08868899726417112,0.11274188158554921,-0.019972621728118478,-0.024052884321378087,0.03133102169677327,-0.637471127543071,-0.7677018819930552,0.5238180108177356,0.44266431783307747,0.594,0.504,0.431,True,999,0.00011716701555997133,0.0027663330547511578,weak_5x5_bal_strong_500_500,weak_null,True,942,947166935,-1.8318679906315083e-15,0,7
500,500,0.10999441861533432,0.11323860052178786,0.09339275124420965,0.09621602236396143,-0.003244181906453536,-0.00282327111975178,0.031461451817752145,-0.10311609029507672,-0.08973747098850497,0.917870834888607,0.9284958385077329,0.934,0.919,0.929,True,999,0.00011575000826269388,0.0027400419348850846,weak_5x5_bal_strong_500_500,weak_null,True,943,947166935,-1.8318679906315083e-15,0,6
500,500,0.15306317586616247,0.07791435552379422,0.1355143663530498,0.06885115242991446,0.07514882034236825,0.06666321392313534,0.030734946801201906,2.4450610189255158,2.168971183009448,0.014482763661696443,0.030084871768687172,0.057,0.018,0.033,True,999,0.00011629203800112009,0.0026641659205779433,weak_5x5_bal_strong_500_500,weak_null,True,944,947166935,-1.8318679906315083e-15,0,10
500,500,0.1022677239385763,0.17533015726839962,0.08564021105610209,0.1562942775839815,-0.07306243332982332,-0.07065406652787942,0.033844904442728814,-2.158742491161618,-2.08758357251201,0.030870150299178212,0.03683541512544251,0.065,0.038,0.043,True,999,0.00012149999383836985,0.0027377919759601355,weak_5x5_bal_strong_500_500,weak_null,True,945,947166935,-1.8318679906315083e-15,0,5
500,500,0.10303415717619058,0.1286776902243842,0.08648396928299462,0.11198151637714204,-0.025643533048193612,-0.02549754709414742,0.032757024049552934,-0.7828407430846451,-0.7783841125364809,0.43372063858427823,0.43634260202216146,0.559,0.459,0.461,True,999,0.0001199580729007721,0.002669416950084269,weak_5x5_bal_strong_500_500,weak_null,True,946,947166935,-1.8318679906315083e-15,0,5
500,500,0.10041498158123585,0.08929607569507442,0.08383799858449947,0.07002472182543329,0.011118905886161434,0.013813276759066184,0.02999914807908297,0.37064072142482396,0.46045563436174874,0.7109051476349185,0.6451892092852577,0.771,0.714,0.655,True,999,0.00011837494093924761,0.0026921250391751528,weak_5x5_bal_strong_500_500,weak_null,True,947,947166935,-1.8318679906315083e-15,0,5
500,500,0.12854995954000215,0.1459946934238529,0.11104794167658838,0.13328955965238265,-0.01744473388385076,-0.02224161797579427,0.0324703378414307,-0.5372513821396727,-0.6849826473753211,0.5910939833082498,0.49335487104284736,0.65,0.576,0.473,True,999,0.00011879194062203169,0.002774624968878925,weak_5x5_bal_strong_500_500,weak_null,True,948,947166935,-1.8318679906315083e-15,0,7
500,500,0.10005453169215217,0.11120018659979358,0.08351954376962567,0.09258076788415792,-0.011145654907641411,-0.009061224114532251,0.030260705017249163,-0.3683210586563724,-0.2994386320268211,0.7126338520006665,0.764605389468027,0.779,0.728,0.77,True,999,0.00012295797932893038,0.002683916944079101,weak_5x5_bal_strong_500_500,weak_null,True,949,947166935,-1.8318679906315083e-15,0,6
500,500,0.09623065512594753,0.12120358185128643,0.07968628570836245,0.10813005137256937,-0.024972926725338906,-0.02844376566420692,0.030290699388638802,-0.8244420640450961,-0.9390263756958807,0.40968842230403313,0.3477172025724182,0.531,0.414,0.347,True,999,0.00011500006075948477,0.0026959999231621623,weak_5x5_bal_strong_500_500,weak_null,True,950,947166935,-1.8318679906315083e-15,0,8
500,500,0.11862712627583161,0.07859819774206367,0.10188613687000725,0.06486701616788082,0.04002892853376794,0.03701912070212643,0.029097215868473244,1.37569617363767,1.2722564546883866,0.16891571708253772,0.2032820149213127,0.312,0.166,0.197,True,999,0.00013666599988937378,0.0028317919932305813,weak_5x5_bal_strong_500_500,weak_null,True,951,947166935,-1.8318679906315083e-15,0,8
500,500,0.08897216528842655,0.13977897447496274,0.072468454236855,0.1240377152641372,-0.050806809186536184,-0.05156926102728221,0.031011069252275137,-1.6383443206431434,-1.662930762166442,0.10134988706963417,0.09632629580086373,0.215,0.104,0.095,True,999,0.000116499955765903,0.00264758407138288,weak_5x5_bal_strong_500_500,weak_null,True,952,947166935,-1.8318679906315083e-15,0,7
500,500,0.12672005005210196,0.11728921079970622,0.11014262311891798,0.10319620503261717,0.00943083925239574,0.00694641808630081,0.031471726954734186,0.2996606848413538,0.22071931725551155,0.7644359901250926,0.8253109893898912,0.824,0.771,0.827,True,999,0.00011608295608311892,0.0026805000379681587,weak_5x5_bal_strong_500_500,weak_null,True,953,947166935,-1.8318679906315083e-15,0,7
500,500,0.11268915072803765,0.10599743305258763,0.0961157443916818,0.09563876631898438,0.006691717675450015,0.00047697807269742043,0.031159883909133254,0.21475425566295547,0.015307440621035616,0.8299589194035288,0.9877869064223426,0.877,0.835,0.981,True,999,0.00012229091953486204,0.0028059170581400394,weak_5x5_bal_strong_500_500,weak_null,True,954,947166935,-1.8318679906315083e-15,0,9
500,500,0.132001425031137,0.09773649153292419,0.11540913321312019,0.08254650631363347,0.0342649334982128,0.03286262689948671,0.030910832218048277,1.1085089284075027,1.0631427412782117,0.2676420853492636,0.28771722410418843,0.391,0.256,0.277,True,999,0.00011866702698171139,0.0026613330701366067,weak_5x5_bal_strong_500_500,weak_null,True,955,947166935,-1.8318679906315083e-15,0,7
500,500,0.10223160091956474,0.14505411246300948,0.08562744600317274,0.12744606890092314,-0.04282251154344474,-0.0418186228977504,0.032773488742813585,-1.3066204785059587,-1.2759893591407838,0.1913416381016526,0.2019592806358248,0.272,0.207,0.216,True,999,0.00011800008360296488,0.0027591249672695994,weak_5x5_bal_strong_500_500,weak_null,True,956,947166935,-1.8318679906315083e-15,0,6
500,500,0.0746477506647032,0.11549329305291034,0.058142431850569665,0.10259754972685187,-0.040845542388207146,-0.0444551178762822,0.0298104705115646,-1.3701743611313222,-1.4912585113018058,0.17063247967989636,0.13589363707447413,0.269,0.171,0.138,True,999,0.00012104201596230268,0.0027940840227529407,weak_5x5_bal_strong_500_500,weak_null,True,957,947166935,-1.8318679906315083e-15,0,9
500,500,0.12753243834843953,0.12405215966494632,0.1108934495291578,0.10697602522870397,0.00348027868349321,0.003917424300453831,0.031845481592709925,0.10928642022138287,0.12301350472748412,0.912975317172249,0.9020964039640422,0.927,0.903,0.89,True,999,0.00011470902245491743,0.002644042018800974,weak_5x5_bal_strong_500_500,weak_null,True,958,947166935,-1.8318679906315083e-15,0,6
500,500,0.1389391084255438,0.14617969848538404,0.12232973984419004,0.12802339477582336,-0.007240590059840235,-0.0056936549316333185,0.0350712444091141,-0.20645375383254422,-0.16234539228820996,0.8364364856138449,0.8710338708902361,0.872,0.855,0.884,True,999,0.00011875003110617399,0.002683624974451959,weak_5x5_bal_strong_500_500,weak_null,True,959,947166935,-1.8318679906315083e-15,0,5
500,500,0.14057712122231947,0.14369743291121717,0.12385593193300792,0.12724085542740227,-0.0031203116888977034,-0.003384923494394343,0.03350017323297974,-0.09314315084872057,-0.1010419698684425,0.9257898369975884,0.919517143503961,0.943,0.92,0.913,True,999,0.00011804199311882257,0.0028099159244447947,weak_5x5_bal_strong_500_500,weak_null,True,960,947166935,-1.8318679906315083e-15,0,6
500,500,0.1193264717579825,0.09105067884333079,0.1027314997021449,0.06783589812027913,0.02827579291465171,0.034895601581865776,0.029960446966760722,0.943770730323949,1.1647223294292073,0.34528682084444295,0.2441314073791221,0.47,0.347,0.23,True,999,0.00012133305426687002,0.0027374159544706345,weak_5x5_bal_strong_500_500,weak_null,True,961,947166935,-1.8318679906315083e-15,0,3
500,500,0.07384861195952985,0.1097402649241373,0.05736924113477926,0.09799875893801868,-0.035891652964607446,-0.04062951780323942,0.029046061404123438,-1.2356805442651924,-1.3987961134541833,0.21657733223279763,0.16187413212293777,0.364,0.215,0.154,True,999,0.0001140419626608491,0.002748292055912316,weak_5x5_bal_strong_500_500,weak_null,True,962,947166935,-1.8318679906315083e-15,0,9
500,500,0.10898012769431853,0.15335648832800713,0.09241270921427258,0.14021154800900604,-0.044376360633688605,-0.047798838794733456,0.03246866639559009,-1.3667441739989612,-1.4721528199638505,0.17170550655382,0.14097961463867556,0.252,0.173,0.136,True,999,0.00014645804185420275,0.0027372079202905297,weak_5x5_bal_strong_500_500,weak_null,True,963,947166935,-1.8318679906315083e-15,0,8
500,500,0.11416923974528359,0.13196090939590077,0.09759039488164944,0.11798733211111312,-0.01779166965061718,-0.020396937229463674,0.03196978853237999,-0.5565150871297515,-0.6380066358213481,0.5778587835531293,0.5234693604709226,0.685,0.6,0.545,True,999,0.00011991604696959257,0.0027196670416742563,weak_5x5_bal_strong_500_500,weak_null,True,964,947166935,-1.8318679906315083e-15,0,7
500,500,0.1091267104306326,0.08505808171033596,0.09257435264896685,0.06710121616922038,0.024068628720296636,0.025473136479746472,0.02996693761628837,0.8031727842358594,0.8500413624480829,0.4218748736466179,0.39530209037879815,0.536,0.417,0.391,True,999,0.00011833407916128635,0.0027670840499922633,weak_5x5_bal_strong_500_500,weak_null,True,965,947166935,-1.8318679906315083e-15,0,6
500,500,0.13290529746337576,0.1383611267458953,0.11629624200816124,0.126778864898057,-0.005455829282519531,-0.010482622889895765,0.03376079395300818,-0.1616025171124094,-0.3104969303887397,0.871618875001085,0.756183093416304,0.89,0.868,0.76,True,999,0.00011824991088360548,0.0027597080916166306,weak_5x5_bal_strong_500_500,weak_null,True,966,947166935,-1.8318679906315083e-15,0,8
500,500,0.11013074014316127,0.07834910776028625,0.09351900065087193,0.064554328469967,0.031781632382875014,0.028964672180904927,0.028887218842473396,1.1001970302570598,1.0026812320997012,0.27124628425470976,0.31601468804218047,0.414,0.272,0.316,True,999,0.00011612509842962027,0.002653708914294839,weak_5x5_bal_strong_500_500,weak_null,True,967,947166935,-1.8318679906315083e-15,0,8
500,500,0.13386106302836898,0.09441421413118983,0.11714091409351113,0.08563685901026474,0.03944684889717914,0.031504055083246385,0.03228204046255257,1.2219441005576401,0.9759003653994965,0.22172876673767783,0.32911384103930796,0.345,0.237,0.339,True,999,0.00011758401524275541,0.0027638340834528208,weak_5x5_bal_strong_500_500,weak_null,True,968,947166935,-1.8318679906315083e-15,0,11
500,500,0.11942896884422538,0.1475307035016808,0.10279002667812165,0.12703690421810165,-0.028101734657455413,-0.024246877539980005,0.03292014511827815,-0.8536333772676042,-0.7365361681385021,0.39330815886733284,0.4614044650338782,0.479,0.392,0.459,True,999,0.00011733302380889654,0.002752583008259535,weak_5x5_bal_strong_500_500,weak_null,True,969,947166935,-1.8318679906315083e-15,0,5
500,500,0.13339865162009157,0.08712080848750586,0.11660927881223415,0.06966207592557794,0.046277843132585705,0.046947202886656214,0.03043596307485126,1.5204987277312192,1.5424911237800758,0.1283856782625161,0.1229542932564383,0.242,0.126,0.122,True,999,0.00011441600508987904,0.0026409580605104566,weak_5x5_bal_strong_500_500,weak_null,True,970,947166935,-1.8318679906315083e-15,0,7
500,500,0.11970399727422754,0.08625163004652497,0.1030580262456624,0.07132386735622731,0.03345236722770256,0.03173415888943509,0.030556113802627485,1.0947847440215395,1.0385534984722538,0.27361095163913096,0.2990124421179522,0.415,0.264,0.296,True,999,0.00011720904149115086,0.0027205420192331076,weak_5x5_bal_strong_500_500,weak_null,True,971,947166935,-1.8318679906315083e-15,0,7
500,500,0.10309837875480476,0.09161449975271202,0.08652264049203495,0.07882751161847068,0.011483879002092745,0.007695128873564272,0.029199016179076488,0.39329677861961304,0.26354069008251274,0.6941002972264307,0.7921338654825352,0.758,0.673,0.768,True,999,0.00013508298434317112,0.0027116669807583094,weak_5x5_bal_strong_500_500,weak_null,True,972,947166935,-1.8318679906315083e-15,0,9
500,500,0.12629743622551493,0.11660915338469235,0.10968120927111613,0.10221982393721873,0.00968828284082257,0.007461385333897397,0.03244084341256088,0.29864460419889494,0.22999973333024992,0.7652112284152877,0.8180919769336361,0.807,0.762,0.814,True,999,0.00011616700794547796,0.002642165985889733,weak_5x5_bal_strong_500_500,weak_null,True,973,947166935,-1.8318679906315083e-15,0,6
500,500,0.10105238422197216,0.12255540788742408,0.08453966606850827,0.10221941947781943,-0.021503023665451926,-0.01767975340931116,0.03109091051137306,-0.6916176886355938,-0.5686470135007433,0.48917745030483684,0.5695957129893927,0.564,0.459,0.542,True,999,0.00011937494855374098,0.0026777919847518206,weak_5x5_bal_strong_500_500,weak_null,True,974,947166935,-1.8318679906315083e-15,0,4
500,500,0.060122981288444954,0.10302598276190389,0.0436606714130221,0.08827313207905263,-0.042903001473458935,-0.04461246066603053,0.026910289955293234,-1.5942972574704624,-1.6578216266025514,0.11086947167066724,0.0973534748206179,0.23,0.112,0.093,True,999,0.00012654101010411978,0.0026638340204954147,weak_5x5_bal_strong_500_500,weak_null,True,975,947166935,-1.8318679906315083e-15,0,6
500,500,0.11700603288431677,0.08704480561435163,0.10036718793799082,0.07143059845625999,0.02996122726996514,0.028936589481730834,0.02958215192789139,1.0128143261179163,0.9781772993481286,0.3111488565039474,0.32798664183448234,0.467,0.313,0.331,True,999,0.00011562497820705175,0.002704665996134281,weak_5x5_bal_strong_500_500,weak_null,True,976,947166935,-1.8318679906315083e-15,0,6
500,500,0.1713182955124437,0.09691152128666436,0.15565176539746517,0.07897948929911536,0.07440677422577935,0.07667227609834981,0.030530014137950996,2.437168023885269,2.511373750169368,0.014802799315593645,0.012026229444513986,0.067,0.022,0.019,True,999,0.00011758296750485897,0.002806624979712069,weak_5x5_bal_strong_500_500,weak_null,True,977,947166935,-1.8318679906315083e-15,1,5
500,500,0.13383169766554626,0.11167396713501232,0.1172402031462525,0.09824323850759242,0.022157730530533937,0.018996964638660074,0.03147174079382467,0.7040516339941922,0.6036197604419653,0.4814006187770542,0.5460964720708479,0.575,0.466,0.538,True,999,0.00011570798233151436,0.0026921670651063323,weak_5x5_bal_strong_500_500,weak_null,True,978,947166935,-1.8318679906315083e-15,0,7
500,500,0.0996005357052494,0.11369230037191141,0.08303673127670663,0.09939098581838834,-0.01409176466666201,-0.016354254541681712,0.03127032013081774,-0.4506434410556033,-0.5229960701797918,0.6522465520715979,0.6009769879941315,0.719,0.639,0.588,True,999,0.00011491705663502216,0.002698916010558605,weak_5x5_bal_strong_500_500,weak_null,True,979,947166935,-1.8318679906315083e-15,0,7
500,500,0.09563327744629713,0.10657844579310993,0.0790958987954582,0.09342894150330494,-0.010945168346812806,-0.014333042707846744,0.030461234754106538,-0.35931466452906236,-0.47053387111677997,0.719359705153968,0.6379736408660005,0.764,0.704,0.636,True,999,0.00012116692960262299,0.0027777079958468676,weak_5x5_bal_strong_500_500,weak_null,True,980,947166935,-1.8318679906315083e-15,0,8
500,500,0.12174805350959783,0.14043409665727247,0.10419268775854107,0.13169398664322784,-0.018686043147674636,-0.027501298884686776,0.032005518187168396,-0.5838381693556275,-0.8592674151956882,0.5593291955145165,0.3901929971837954,0.611,0.556,0.405,True,999,0.00011829088907688856,0.002708667074330151,weak_5x5_bal_strong_500_500,weak_null,True,981,947166935,-1.8318679906315083e-15,0,10
500,500,0.13123856527261157,0.08642495243890208,0.1146025477933108,0.07099980434762188,0.04481361283370949,0.04360274344568893,0.030669583907265763,1.4611744642252205,1.421693348613029,0.14396756896879606,0.15511529187881612,0.272,0.149,0.155,True,999,0.0001215840457007289,0.0026420829817652702,weak_5x5_bal_strong_500_500,weak_null,True,982,947166935,-1.8318679906315083e-15,0,6
500,500,0.12786105220070865,0.12344373468633207,0.11106736280589757,0.10939367360862207,0.004417317514376573,0.0016736891972755075,0.03167327703514443,0.13946512416366488,0.052842312319574467,0.8890826134519482,0.9578575482198757,0.918,0.902,0.964,True,999,0.00011741591151803732,0.0027876250678673387,weak_5x5_bal_strong_500_500,weak_null,True,983,947166935,-1.8318679906315083e-15,0,7
500,500,0.12277237402972929,0.116822366809061,0.10609148248454403,0.10295112136043372,0.005950007220668296,0.0031403611241103135,0.031947531855248616,0.18624309532352115,0.0982974565402738,0.8522541299374209,0.9216960977892665,0.886,0.855,0.925,True,999,0.00012508302461355925,0.0026669580256566405,weak_5x5_bal_strong_500_500,weak_null,True,984,947166935,-1.8318679906315083e-15,0,6
500,500,0.10233793292725357,0.13731744264988766,0.08565967074889613,0.12312640516819329,-0.03497950972263408,-0.037466734419297154,0.03277078226320669,-1.0673992900653835,-1.1432969197492375,0.28579156891319923,0.2529153334747085,0.377,0.303,0.27,True,999,0.0001117499778047204,0.002653834060765803,weak_5x5_bal_strong_500_500,weak_null,True,985,947166935,-1.8318679906315083e-15,0,7
500,500,0.1115591736594177,0.08877543290942708,0.09501071330419109,0.0784599360761149,0.022783740749990622,0.016550777228076186,0.02971414223208657,0.7667642085049922,0.5570000001616727,0.44322172008443994,0.5775274290798444,0.565,0.429,0.578,True,999,0.00012829096522182226,0.0027658329345285892,weak_5x5_bal_strong_500_500,weak_null,True,986,947166935,-1.8318679906315083e-15,0,9
500,500,0.11079546703582488,0.10948216104435815,0.09414926762849518,0.0949449658060928,0.0013133059914667289,-0.0007956981775976146,0.03198800838570903,0.041056197548499505,-0.024874889614981497,0.9672510944303289,0.9801547562199143,0.978,0.975,0.987,True,999,0.00013087503612041473,0.0026476250495761633,weak_5x5_bal_strong_500_500,weak_null,True,987,947166935,-1.8318679906315083e-15,0,8
500,500,0.12008789715718748,0.1754360312428992,0.10344725649952125,0.15790585898176346,-0.05534813408571171,-0.05445860248224221,0.03329339214451577,-1.6624360126917523,-1.635718050172093,0.09642538318854667,0.10189860999588433,0.19,0.107,0.111,True,999,0.00011595792602747679,0.002711875014938414,weak_5x5_bal_strong_500_500,weak_null,True,988,947166935,-1.8318679906315083e-15,0,5
500,500,0.12460794242178608,0.141711042207948,0.10801723728820889,0.12741382387389422,-0.017103099786161924,-0.019396586585685327,0.033458027079697854,-0.5111807622554048,-0.5797289403670508,0.6092244881521045,0.5620974239080279,0.682,0.606,0.56,True,999,0.0001247500767931342,0.0027853749925270677,weak_5x5_bal_strong_500_500,weak_null,True,989,947166935,-1.8318679906315083e-15,0,7
500,500,0.12235986018376366,0.12338881023022968,0.10576434222980424,0.11275078692338525,-0.0010289500464660262,-0.0069864446935810065,0.03142793635061755,-0.03273998123792839,-0.22230045955415473,0.9738819405516724,0.8240799943810809,0.978,0.976,0.824,True,999,0.00012208404950797558,0.0026373339351266623,weak_5x5_bal_strong_500_500,weak_null,True,990,947166935,-1.8318679906315083e-15,0,8
500,500,0.11288268872671758,0.1264911020668505,0.096331489413501,0.10892816028732,-0.013608413340132908,-0.012596670873818994,0.03236007281829353,-0.4205309863344904,-0.38926583832339057,0.6740975979896865,0.6970795043990872,0.717,0.663,0.681,True,999,0.00010941596701741219,0.0026876669144257903,weak_5x5_bal_strong_500_500,weak_null,True,991,947166935,-1.8318679906315083e-15,0,6
500,500,0.08688355135579084,0.09218307363833894,0.07034493544949783,0.07463738098186923,-0.005299522282548097,-0.004292445532371403,0.02840202610450274,-0.18658958565311412,-0.15113166633175146,0.8519824327876716,0.879871853270653,0.896,0.846,0.881,True,999,0.00011749996338039637,0.0028230000752955675,weak_5x5_bal_strong_500_500,weak_null,True,992,947166935,-1.8318679906315083e-15,0,5
500,500,0.12663062209022402,0.1087937649665644,0.10909994224857655,0.0958092066973677,0.017836857123659622,0.013290735551208854,0.031413240354834907,0.567813346289005,0.4230934281557884,0.570161716428932,0.6722270970191357,0.661,0.579,0.688,True,999,0.000118291936814785,0.002657082979567349,weak_5x5_bal_strong_500_500,weak_null,True,993,947166935,-1.8318679906315083e-15,0,8
500,500,0.13351284256695006,0.17142715213731535,0.11687005334647438,0.15736205337813658,-0.03791430957036529,-0.0404920000316622,0.033864767575901025,-1.1195797958863305,-1.1956969715178931,0.26289286928731426,0.23181483362445532,0.373,0.274,0.246,True,999,0.00011074997019022703,0.0027524170000106096,weak_5x5_bal_strong_500_500,weak_null,True,994,947166935,-1.8318679906315083e-15,0,8
500,500,0.10267487988618296,0.11436306269725621,0.08613695122028275,0.09809560512863413,-0.011688182811073256,-0.01195865390835138,0.030910160391865574,-0.37813400716449075,-0.3868842398986212,0.7053310465090161,0.6988419091248276,0.799,0.733,0.728,True,999,0.00011787505354732275,0.0027890829369425774,weak_5x5_bal_strong_500_500,weak_null,True,995,947166935,-1.8318679906315083e-15,0,6
500,500,0.08901666963088517,0.11929060655087437,0.07245604607726364,0.09773771886213467,-0.030273936919989197,-0.025281672784871034,0.030447825299419938,-0.9942889721114482,-0.8303277011167256,0.3200822030101731,0.40635353025938614,0.441,0.33,0.41,True,999,0.00011670892126858234,0.0026592499343678355,weak_5x5_bal_strong_500_500,weak_null,True,996,947166935,-1.8318679906315083e-15,0,3
500,500,0.09715837576018171,0.08768290459714162,0.08057962236478033,0.0728478065517777,0.009475471163040095,0.00773181581300264,0.029930661134173794,0.31658075044060185,0.2583242574676949,0.7515617439661458,0.7961566666747789,0.804,0.745,0.792,True,999,0.0001206250162795186,0.0027380409883335233,weak_5x5_bal_strong_500_500,weak_null,True,997,947166935,-1.8318679906315083e-15,0,8
500,500,0.11624644886928492,0.07029201577366079,0.09969268160830325,0.052700557557756156,0.045954433095624136,0.04699212405054709,0.027921190690676792,1.645862227178186,1.683027223700682,0.09979212725282272,0.09236982142981148,0.257,0.117,0.103,True,999,0.00012079102452844381,0.0027716250624507666,weak_5x5_bal_strong_500_500,weak_null,True,998,947166935,-1.8318679906315083e-15,0,5
500,500,0.11869301283981581,0.1295307643198948,0.1021462656743779,0.11185590836799975,-0.010837751480078983,-0.009709642693621845,0.0318333458614519,-0.3404527920894043,-0.30501483368669663,0.7335155680890447,0.7603548546711594,0.801,0.746,0.775,True,999,0.00011987506877630949,0.0027568330988287926,weak_5x5_bal_strong_500_500,weak_null,True,999,947166935,-1.8318679906315083e-15,0,6
500,500,0.14006783125939726,0.17269896785024502,0.12340962480345752,0.15956470543409296,-0.032631136590847765,-0.03615508063063544,0.03562156249872852,-0.9160501196996202,-1.0149773927498538,0.3596406079766098,0.31011660411741504,0.439,0.362,0.315,True,999,0.00011920800898224115,0.0027938749408349395,weak_5x5_bal_strong_500_500,weak_null,True,1000,947166935,-1.8318679906315083e-15,0,8
500,500,0.14221248984706003,0.15033612263875284,0.1253915702524182,0.1352187077625615,-0.008123632791692814,-0.009827137510143302,0.03540503239943792,-0.22944853432253268,-0.2775632966317894,0.8185203172305896,0.7813476104188004,0.844,0.826,0.795,True,999,0.00013050006236881018,0.0028502080822363496,weak_5x5_bal_strong_500_500,weak_null,True,1001,947166935,-1.8318679906315083e-15,0,6
500,500,0.14142432109420522,0.14333081745145915,0.12481062464519255,0.12533251822532065,-0.0019064963572539284,-0.0005218935801281077,0.03372960165630305,-0.05652294316074917,-0.01547286521335426,0.9549252187401711,0.987654932324712,0.963,0.947,0.986,True,999,0.00011504092253744602,0.002699041971936822,weak_5x5_bal_strong_500_500,weak_null,True,1002,947166935,-1.8318679906315083e-15,0,4
500,500,0.11190546987633754,0.13556398554823124,0.09532296184067945,0.12285943751709283,-0.0236585156718937,-0.027536475676413374,0.033484986083033685,-0.7065410035777526,-0.8223529079011824,0.4798517628170734,0.4108760729449521,0.514,0.449,0.372,True,999,0.0001165410503745079,0.002824625000357628,weak_5x5_bal_strong_500_500,weak_null,True,1003,947166935,-1.8318679906315083e-15,0,8
500,500,0.135964978693089,0.11926896480817378,0.11936166741190846,0.1026783994347511,0.016696013884915206,0.016683267977157357,0.033496960285742124,0.498433700923657,0.49805319153865246,0.6181783881654321,0.6184465514910642,0.705,0.632,0.631,True,999,0.00011758401524275541,0.0027676669415086508,weak_5x5_bal_strong_500_500,weak_null,True,1004,947166935,-1.8318679906315083e-15,0,7
500,500,0.07350450835500899,0.1255517366921836,0.05699969270597194,0.11119432998856382,-0.05204722833717462,-0.054194637282591884,0.03086533831441746,-1.686267871324868,-1.7558413496241223,0.09174421639023767,0.07911550176319068,0.189,0.081,0.072,True,999,0.00011750007979571819,0.0026099159149453044,weak_5x5_bal_strong_500_500,weak_null,True,1005,947166935,-1.8318679906315083e-15,0,7
500,500,0.10523263488643742,0.11941541024490909,0.0886364627955345,0.10580164884427745,-0.014182775358471678,-0.017165186048742953,0.031034248882380693,-0.45700398331611536,-0.5531046075514421,0.6476681824232383,0.5801917818166984,0.694,0.622,0.567,True,999,0.00011341692879796028,0.002744208904914558,weak_5x5_bal_strong_500_500,weak_null,True,1006,947166935,-1.8318679906315083e-15,0,8
500,500,0.12912627994281856,0.11882599821101131,0.11252325947953068,0.09686800973818777,0.010300281731807248,0.015655249741342914,0.03199722659075554,0.3219117038969605,0.48926895888739125,0.7475195863444741,0.6246512942292748,0.827,0.781,0.67,True,999,0.00011741695925593376,0.00273049995303154,weak_5x5_bal_strong_500_500,weak_null,True,1007,947166935,-1.8318679906315083e-15,0,4
500,500,0.10276609566892025,0.09271686932072543,0.0861666702049888,0.07844901125201886,0.010049226348194829,0.007717658952969941,0.03052114927061166,0.32925451984441073,0.25286265875974584,0.7419633171729711,0.8003743458922726,0.808,0.737,0.798,True,999,0.00011141702998429537,0.002725500031374395,weak_5x5_bal_strong_500_500,weak_null,True,1008,947166935,-1.8318679906315083e-15,0,7
500,500,0.10986787829752509,0.09277251054750224,0.09331476298086727,0.07975732768625221,0.01709536775002285,0.013557435294615061,0.03007703599412474,0.5683860521815469,0.45075702596703265,0.569772859177891,0.6521646770488145,0.633,0.557,0.616,True,999,0.00013337505515664816,0.0027621251065284014,weak_5x5_bal_strong_500_500,weak_null,True,1009,947166935,-1.8318679906315083e-15,0,8
500,500,0.10863590926015387,0.10222306980328855,0.09207029406877609,0.08218032352974092,0.006412839456865327,0.009889970539035176,0.030166351929829194,0.21258253141720332,0.3278477477833752,0.8316525979259081,0.7430267832009148,0.867,0.836,0.764,True,999,0.0001177910016849637,0.0027768330182880163,weak_5x5_bal_strong_500_500,weak_null,True,1010,947166935,-1.8318679906315083e-15,0,5
500,500,0.13586720189767099,0.126625382589024,0.11923648255231001,0.11269956419570804,0.009241819308646981,0.006536918356601973,0.0339854603141064,0.27193450443897516,0.19234455841366618,0.7856723798845734,0.8474723173902566,0.801,0.769,0.827,True,999,0.00011791603174060583,0.002753417007625103,weak_5x5_bal_strong_500_500,weak_null,True,1011,947166935,-1.8318679906315083e-15,0,8
500,500,0.12689078914323937,0.10239463916390035,0.11017727552996348,0.0893459057239454,0.02449614997933902,0.020831369806018074,0.031495950105910296,0.7777555494267263,0.6613983618836446,0.4367131373330362,0.5083568761801442,0.535,0.435,0.502,True,999,0.0001253749942407012,0.0027029579505324364,weak_5x5_bal_strong_500_500,weak_null,True,1012,947166935,-1.8318679906315083e-15,0,8
500,500,0.1056470812711483,0.09074278114522133,0.08906527262433883,0.07160346949848417,0.014904300125926973,0.017461803125854658,0.02977264566942647,0.5006038190698047,0.586504918633623,0.6166499741361742,0.5575362571537255,0.719,0.623,0.563,True,999,0.00011150003410875797,0.002656416967511177,weak_5x5_bal_strong_500_500,weak_null,True,1013,947166935,-1.8318679906315083e-15,0,5
500,500,0.08565891842191209,0.13412141724553917,0.06915560273591836,0.12253471000579452,-0.048462498823627076,-0.05337910726987616,0.03220434926292431,-1.504843287717668,-1.6575123699620777,0.13236437166539644,0.09741593006432905,0.249,0.142,0.1,True,999,0.00012912496458739042,0.0026846249820664525,weak_5x5_bal_strong_500_500,weak_null,True,1014,947166935,-1.8318679906315083e-15,0,10
500,500,0.11288234370776395,0.1306099327628203,0.09631102285527504,0.11370662879119209,-0.017727589055056336,-0.017395605935917047,0.03204295454321631,-0.5532445215420803,-0.5428839563610031,0.5800959844230347,0.5872097029220096,0.642,0.566,0.578,True,999,0.00011916598305106163,0.0027578750159591436,weak_5x5_bal_strong_500_500,weak_null,True,1015,947166935,-1.8318679906315083e-15,0,7
500,500,0.10365059033378765,0.09310788480461568,0.08698131211235705,0.07792266749629562,0.01054270552917197,0.009058644616061429,0.029849338954843645,0.3531972867178423,0.30347890215476564,0.7239405418602292,0.7615249234565402,0.788,0.717,0.758,True,999,0.00014295894652605057,0.0026610420318320394,weak_5x5_bal_strong_500_500,weak_null,True,1016,947166935,-1.8318679906315083e-15,0,7
500,500,0.12026357655511832,0.10946878736307442,0.10371897549941878,0.09157899551198057,0.010794789192043908,0.01213997998743821,0.0313080911675939,0.3447923137267877,0.3877585484995633,0.7302505119127716,0.6981947235397572,0.796,0.73,0.69,True,999,0.0001176249934360385,0.002696332987397909,weak_5x5_bal_strong_500_500,weak_null,True,1017,947166935,-1.8318679906315083e-15,0,6
500,500,0.10924118163596197,0.10509175588168562,0.09260536867247993,0.09124271637193715,0.004149425754276348,0.001362652300542777,0.030686564721438915,0.1352196243516755,0.04440550165560798,0.8924382316017994,0.9645811762894856,0.915,0.889,0.954,True,999,0.00014945806469768286,0.0028172919992357492,weak_5x5_bal_strong_500_500,weak_null,True,1018,947166935,-1.8318679906315083e-15,0,8
500,500,0.11125496963210235,0.12974009600059844,0.09463119102224482,0.11148648442534181,-0.018485126368496085,-0.016855293403096994,0.03273592757156359,-0.5646739756521634,-0.514886690357249,0.5722955385021513,0.6066322020513821,0.641,0.559,0.597,True,999,0.00012683297973126173,0.002647083019837737,weak_5x5_bal_strong_500_500,weak_null,True,1019,947166935,-1.8318679906315083e-15,0,5
500,500,0.1287748862414313,0.1469196262444208,0.11213232221439284,0.13317622987426603,-0.01814474000298949,-0.021043907659873184,0.0331985303934256,-0.5465525066309184,-0.6338806992504876,0.5846862054139005,0.5261586824037737,0.655,0.596,0.527,True,999,0.00011616700794547796,0.002727125072851777,weak_5x5_bal_strong_500_500,weak_null,True,1020,947166935,-1.8318679906315083e-15,0,7
500,500,0.1462685487431581,0.13142462929277288,0.12964071822216283,0.12360232796413584,0.014843919450385212,0.006038390258026993,0.03245973172925191,0.45730259184515193,0.18602711533149688,0.6474535670362612,0.8524234975001592,0.726,0.676,0.848,True,999,0.00012383295688778162,0.002765582990832627,weak_5x5_bal_strong_500_500,weak_null,True,1021,947166935,-1.8318679906315083e-15,0,11
500,500,0.12473814063704558,0.1437830812759776,0.10814510725651871,0.13001039738219333,-0.01904494063893203,-0.02186529012567462,0.033457794077367174,-0.5692228422140703,-0.6535185815034229,0.5692049210063574,0.5134220142173082,0.647,0.599,0.536,True,999,0.00012054108083248138,0.0026305420324206352,weak_5x5_bal_strong_500_500,weak_null,True,1022,947166935,-1.8318679906315083e-15,0,6
500,500,0.10610438807547351,0.10843462331311515,0.08953959125858546,0.08317233886671715,-0.0023302352376416424,0.0063672523918683055,0.030820236591244707,-0.07560731179797649,0.20659323535748228,0.9397315191446658,0.8363275437016604,0.95,0.94,0.832,True,999,0.0001140419626608491,0.0026524170534685254,weak_5x5_bal_strong_500_500,weak_null,True,1023,947166935,-1.8318679906315083e-15,0,2
500,500,0.09346628211976471,0.11166159885757238,0.07694008975988709,0.09761627375394255,-0.018195316737807665,-0.020676183994055464,0.03079201708358582,-0.5909101923532958,-0.6714787127432855,0.5545805964274072,0.5019156159979565,0.662,0.563,0.512,True,999,0.0001244159648194909,0.002767083002254367,weak_5x5_bal_strong_500_500,weak_null,True,1024,947166935,-1.8318679906315083e-15,0,7
500,500,0.1132952705329846,0.15294611641811406,0.09672235486618774,0.14080277229348326,-0.03965084588512946,-0.044080417427295515,0.03308044353087634,-1.198618931699646,-1.33252195927035,0.23067615338499048,0.18268873047896295,0.312,0.222,0.169,True,999,0.0001135410275310278,0.0026494169142097235,weak_5x5_bal_strong_500_500,weak_null,True,1025,947166935,-1.8318679906315083e-15,0,8
500,500,0.12114910955533031,0.13154053150192963,0.10445447288236664,0.11969249878350752,-0.01039142194659931,-0.015238025901140873,0.032611258615364486,-0.31864522829865544,-0.4672627352678017,0.7499955525488384,0.6403119142085325,0.793,0.748,0.646,True,999,0.0001294589601457119,0.002666124957613647,weak_5x5_bal_strong_500_500,weak_null,True,1026,947166935,-1.8318679906315083e-15,0,9
500,500,0.14787148358029611,0.1166967418287711,0.13117006166862666,0.1052808839392867,0.031174741751525015,0.025889177729339963,0.03366072244165949,0.9261459496467089,0.7691212740371479,0.35437013730043077,0.4418213200254515,0.438,0.354,0.435,True,999,0.00012362503912299871,0.0028077090391889215,weak_5x5_bal_strong_500_500,weak_null,True,1027,947166935,-1.8318679906315083e-15,0,8
500,500,0.15398316281510827,0.12546587986562519,0.13735386444375308,0.10942892813733351,0.02851728294948308,0.027924936306419568,0.03405346167246882,0.8374268444062012,0.8200322356360037,0.4023526817422086,0.4121977307579041,0.481,0.396,0.404,True,999,0.000116499955765903,0.0027659169863909483,weak_5x5_bal_strong_500_500,weak_null,True,1028,947166935,-1.8318679906315083e-15,0,6
500,500,0.1234322389664404,0.12256947349225078,0.10677547203567883,0.11075313516590768,0.0008627654741896196,-0.003977663130228848,0.03299211801597953,0.026150654340280438,-0.12056404285115284,0.9791371745380018,0.9040363506795723,0.973,0.97,0.895,True,999,0.00011604197788983583,0.0028071249835193157,weak_5x5_bal_strong_500_500,weak_null,True,1029,947166935,-1.8318679906315083e-15,0,9
500,500,0.11668763475357014,0.13405721330618275,0.10005219645756824,0.12195684337365265,-0.01736957855261262,-0.021904646916084403,0.033487619501180475,-0.5186865716746549,-0.6541117954147873,0.6039793273914453,0.5130397826775497,0.683,0.629,0.531,True,999,0.00011612498201429844,0.002801500027999282,weak_5x5_bal_strong_500_500,weak_null,True,1030,947166935,-1.8318679906315083e-15,0,8
500,500,0.13879000138527275,0.10117503016790858,0.1220757149272913,0.0860860560625838,0.03761497121736418,0.03598965886470751,0.031350936300872975,1.1998037588535044,1.147961213002285,0.23021556400562126,0.2509845762417007,0.387,0.242,0.258,True,999,0.00011291704140603542,0.002662832965143025,weak_5x5_bal_strong_500_500,weak_null,True,1031,947166935,-1.8318679906315083e-15,0,7
500,500,0.13138019785027222,0.10905066327433399,0.11459483416865623,0.09080184544029635,0.022329534575938226,0.023792988728359887,0.03216607380517738,0.6941952167113449,0.7396920392730748,0.48755979192854837,0.4594868795892809,0.597,0.488,0.464,True,999,0.00011812499724328518,0.0027967080241069198,weak_5x5_bal_strong_500_500,weak_null,True,1032,947166935,-1.8318679906315083e-15,0,5
500,500,0.15449588550634163,0.10314164230229084,0.13763519274857572,0.08306071534838111,0.0513542432040508,0.05457447740019461,0.03233895189447364,1.587999616426241,1.6875771848846088,0.1122864258591329,0.0914924218974639,0.227,0.126,0.104,True,999,0.00012237508781254292,0.0027619160246104,weak_5x5_bal_strong_500_500,weak_null,True,1033,947166935,-1.8318679906315083e-15,0,5
500,500,0.12197809948383909,0.16050993342624814,0.10535241567788489,0.1420656796922799,-0.038531833942409055,-0.03671326401439501,0.03424742091414393,-1.1251017715759057,-1.072000840776676,0.26054591070213673,0.28371965449935643,0.376,0.259,0.288,True,999,0.00011191703379154205,0.0026584999868646264,weak_5x5_bal_strong_500_500,weak_null,True,1034,947166935,-1.8318679906315083e-15,0,5
500,500,0.12983977631046995,0.13069383097932763,0.11325296868778878,0.11854894776911351,-0.0008540546688576844,-0.005295979081324731,0.032581138163004175,-0.026213162492508074,-0.1625473933669483,0.9790873173397154,0.8708748099710932,0.982,0.979,0.853,True,999,0.00012458302080631256,0.00272566603962332,weak_5x5_bal_strong_500_500,weak_null,True,1035,947166935,-1.8318679906315083e-15,0,8
500,500,0.1031996245778406,0.1264105792187568,0.08667568111764012,0.10930347080005731,-0.023210954640916215,-0.022627789682417188,0.03100443887253027,-0.7486332759107267,-0.7298241963174267,0.45407827008567947,0.46549765234547835,0.572,0.463,0.474,True,999,0.00012129207607358694,0.0027250410057604313,weak_5x5_bal_strong_500_500,weak_null,True,1036,947166935,-1.8318679906315083e-15,0,6
500,500,0.12786594535537055,0.14725333174302596,0.11125042911089622,0.13328588709109113,-0.019387386387655414,-0.022035457980194906,0.032616956935940244,-0.5943959280362135,-0.6755828884795286,0.5522473313304516,0.49930550872331303,0.627,0.541,0.479,True,999,0.0001129169249907136,0.0026696670101955533,weak_5x5_bal_strong_500_500,weak_null,True,1037,947166935,-1.8318679906315083e-15,0,7
500,500,0.14723708542632696,0.11283911701137755,0.13056680711918034,0.09956915333603433,0.03439796841494941,0.030997653783146006,0.03256377604412257,1.056326157271859,0.951905999511404,0.2908192294919233,0.34114465660527604,0.418,0.301,0.352,True,999,0.0001192920608446002,0.0027907079784199595,weak_5x5_bal_strong_500_500,weak_null,True,1038,947166935,-1.8318679906315083e-15,0,7
500,500,0.10815717665516988,0.10591258113824736,0.09152519614895027,0.08705625941263406,0.0022445955169225207,0.004468936736316209,0.030368333359655306,0.07391237083509142,0.1471577871393247,0.9410801122724033,0.883007478763474,0.966,0.953,0.885,True,999,0.00012049998622387648,0.0026755410945042968,weak_5x5_bal_strong_500_500,weak_null,True,1039,947166935,-1.8318679906315083e-15,0,4
500,500,0.12224671582863755,0.10712654605963712,0.10565179406466996,0.09254991443108906,0.015120169769000436,0.013101879633580893,0.03115916490657991,0.4852559371964264,0.4204823740579182,0.627494807302866,0.6741331029287944,0.716,0.633,0.679,True,999,0.00011208397336304188,0.0026755420258268714,weak_5x5_bal_strong_500_500,weak_null,True,1040,947166935,-1.8318679906315083e-15,0,6
500,500,0.13146256685576052,0.10742253870544372,0.11469263775086347,0.09201857206682007,0.024040028150316806,0.0226740656840434,0.030574935372262104,0.7862658696615322,0.741589979111241,0.43171174333863804,0.4583357968296302,0.514,0.402,0.428,True,999,0.00011825002729892731,0.0027119580190628767,weak_5x5_bal_strong_500_500,weak_null,True,1041,947166935,-1.8318679906315083e-15,0,8
500,500,0.1185485188143316,0.0957211429279306,0.10198381445673022,0.08186369254795522,0.02282737588640099,0.02012012190877499,0.03138076519514434,0.7274320987537025,0.6411609718136589,0.46696129700853495,0.5214181036408407,0.618,0.512,0.557,True,999,0.00011712498962879181,0.002677291980944574,weak_5x5_bal_strong_500_500,weak_null,True,1042,947166935,-1.8318679906315083e-15,0,8
500,500,0.13685068680668433,0.09424711425139642,0.11931488436721338,0.0809653927088334,0.042603572555287905,0.038349491658379975,0.030374333907729,1.4026175087397414,1.262562391487427,0.16073092787748644,0.20674649078604168,0.286,0.178,0.215,True,999,0.00011308398097753525,0.002745416946709156,weak_5x5_bal_strong_500_500,weak_null,True,1043,947166935,-1.8318679906315083e-15,0,8
500,500,0.1045734043703932,0.13132638877473973,0.08798282397310686,0.11700576597945656,-0.026752984404346536,-0.029022942006349695,0.03264427918716114,-0.8195305600397014,-0.8890667133420517,0.41248377358997457,0.37396722694003115,0.507,0.428,0.388,True,999,0.00011270807590335608,0.002773874904960394,weak_5x5_bal_strong_500_500,weak_null,True,1044,947166935,-1.8318679906315083e-15,0,7
500,500,0.10670817727695314,0.10372445139046788,0.09016913647258207,0.08721409227999288,0.0029837258864852667,0.0029550441925891846,0.03035602152638502,0.0982910716376932,0.09734622799699567,0.9217011676532929,0.922451445665369,0.933,0.922,0.923,True,999,0.0001127920113503933,0.002625957946293056,weak_5x5_bal_strong_500_500,weak_null,True,1045,947166935,-1.8318679906315083e-15,0,7
500,500,0.11044046026542165,0.10872547605751548,0.09382906922382972,0.09456539740796188,0.0017149842079061672,-0.0007363281841321623,0.03081527050733194,0.05565371258052457,-0.02389491223051137,0.9556176743228781,0.9809364325775743,0.966,0.957,0.983,True,999,0.00011612498201429844,0.0027130841044709086,weak_5x5_bal_strong_500_500,weak_null,True,1046,947166935,-1.8318679906315083e-15,0,7
500,500,0.10062316305782781,0.12698320038016125,0.08405783884245466,0.11008358026583664,-0.02636003732233344,-0.026025741423381987,0.03184999234725021,-0.8276308840183836,-0.81713493490459,0.4078795722419085,0.41385132047388784,0.509,0.412,0.416,True,999,0.00011679204180836678,0.002799666952341795,weak_5x5_bal_strong_500_500,weak_null,True,1047,947166935,-1.8318679906315083e-15,0,6
500,500,0.12484244941669642,0.09185165175163035,0.10822813501567907,0.07514941447902856,0.032990797665066074,0.03307872053665051,0.030483846229015437,1.0822386852766777,1.0851229299656153,0.2791464829643149,0.27786721281327076,0.393,0.277,0.272,True,999,0.00011600006837397814,0.0028199999360367656,weak_5x5_bal_strong_500_500,weak_null,True,1048,947166935,-1.8318679906315083e-15,0,7
500,500,0.09301115924482106,0.06571796433767435,0.0764408233329732,0.0518493894607559,0.02729319490714671,0.024591433872217294,0.026896271953354946,1.0147575453758102,0.9143064107496075,0.3102214156918405,0.36055586296499786,0.433,0.271,0.309,True,999,0.00012383295688778162,0.0027577909640967846,weak_5x5_bal_strong_500_500,weak_null,True,1049,947166935,-1.8318679906315083e-15,0,8
500,500,0.1400357044951066,0.14981549782858333,0.12255200747438266,0.13346256105330667,-0.009779793333476727,-0.01091055357892401,0.03442187511936156,-0.28411564737726347,-0.3169656952472952,0.7763217560017176,0.7512696323520703,0.824,0.794,0.772,True,999,0.00012316706124693155,0.0028763749869540334,weak_5x5_bal_strong_500_500,weak_null,True,1050,947166935,-1.8318679906315083e-15,0,6
500,500,0.11101490764561506,0.11247647661747046,0.09442815442525898,0.09569865921420728,-0.0014615689718553981,-0.0012705047889483012,0.03026072074767837,-0.0482992121715254,-0.041985278524662224,0.9614777824187876,0.9665104338045448,0.975,0.965,0.97,True,999,0.00012425007298588753,0.0026477909414097667,weak_5x5_bal_strong_500_500,weak_null,True,1051,947166935,-1.8318679906315083e-15,0,6
500,500,0.1373232002218927,0.12346741833410502,0.1206376123498103,0.10957305779908211,0.013855781887787688,0.01106455455072819,0.03148475841981885,0.44007902817719663,0.3514257407725046,0.6598798705970689,0.7252689740102456,0.724,0.681,0.729,True,999,0.00011466699652373791,0.00274720904417336,weak_5x5_bal_strong_500_500,weak_null,True,1052,947166935,-1.8318679906315083e-15,0,7
500,500,0.11307128993773485,0.12681835848535994,0.09648651099109884,0.11448653687571664,-0.013747068547625085,-0.0180000258846178,0.032206815307356314,-0.42683725219131297,-0.5588887231736457,0.6694978712795624,0.5762376660092431,0.712,0.652,0.559,True,999,0.00011308304965496063,0.002866499940864742,weak_5x5_bal_strong_500_500,weak_null,True,1053,947166935,-1.8318679906315083e-15,0,8
500,500,0.08423068455082672,0.10277295202997505,0.0677317950859333,0.09680294933673395,-0.018542267479148333,-0.029071154250800646,0.03020145298229525,-0.6139528283628677,-0.9625746902919801,0.5392464991326875,0.33576100399156117,0.625,0.527,0.334,True,999,0.00011370796710252762,0.0026059580268338323,weak_5x5_bal_strong_500_500,weak_null,True,1054,947166935,-1.8318679906315083e-15,0,12
500,500,0.11080661692501081,0.10693114775873358,0.09410338630948445,0.09268580924413072,0.0038754691662772345,0.0014175770653537256,0.02952267057383836,0.13127095519981508,0.048016559403332486,0.8955609673317948,0.9617030453334948,0.925,0.901,0.971,True,999,0.00011312507558614016,0.002716749906539917,weak_5x5_bal_strong_500_500,weak_null,True,1055,947166935,-1.8318679906315083e-15,0,7
500,500,0.10586633781875965,0.13248290844668847,0.08923153322234612,0.1221759031044769,-0.026616570627928826,-0.032944369882130786,0.032002429037029045,-0.8317046995755102,-1.0294334171950463,0.4055756473274522,0.3032760527502679,0.511,0.415,0.329,True,999,0.00011362496297806501,0.0028227500151842833,weak_5x5_bal_strong_500_500,weak_null,True,1056,947166935,-1.8318679906315083e-15,0,9
500,500,0.13575395136298352,0.10135292169757648,0.1190664823723182,0.0885713095595122,0.034401029665407035,0.030495172812806004,0.031553651554722575,1.090239258228048,0.9664546355251188,0.2756077641904342,0.3338167363456275,0.395,0.257,0.318,True,999,0.0001128750154748559,0.002768667065538466,weak_5x5_bal_strong_500_500,weak_null,True,1057,947166935,-1.8318679906315083e-15,0,9
500,500,0.10214597167093142,0.12952702625436163,0.08557359390022157,0.11645647832091299,-0.02738105458343021,-0.030882884420691425,0.03236977249166629,-0.8458834423528789,-0.9540655384168156,0.39761777018948175,0.34005046873098743,0.49,0.394,0.34,True,999,0.00011349993292242289,0.002751957974396646,weak_5x5_bal_strong_500_500,weak_null,True,1058,947166935,-1.8318679906315083e-15,0,8
500,500,0.1047626077577477,0.142010818405866,0.08823637834757392,0.13105586869966146,-0.037248210648118285,-0.04281949035208754,0.033191532617310865,-1.122220268572102,-1.29007270757227,0.2617687968116833,0.19702541488750958,0.355,0.272,0.203,True,999,0.00012824998702853918,0.0027765840059146285,weak_5x5_bal_strong_500_500,weak_null,True,1059,947166935,-1.8318679906315083e-15,0,9
500,500,0.13268597291572082,0.1504170838794462,0.11603550733400425,0.13011577642032535,-0.01773111096372537,-0.014080269086321096,0.03336881327201689,-0.531367742064555,-0.4219589402698003,0.5951639706667984,0.6730549876368506,0.684,0.626,0.692,True,999,0.00011670798994600773,0.002759000053629279,weak_5x5_bal_strong_500_500,weak_null,True,1060,947166935,-1.8318679906315083e-15,0,3
500,500,0.12366910119099583,0.11161794278513926,0.10698900761076402,0.09410767004996501,0.012051158405856577,0.012881337560799011,0.03185981282607814,0.37825578171609253,0.4043130331969584,0.7052405904356922,0.6859825426213804,0.783,0.714,0.69,True,999,0.00011862500105053186,0.0028479580068960786,weak_5x5_bal_strong_500_500,weak_null,True,1061,947166935,-1.8318679906315083e-15,0,5
500,500,0.12996757079723165,0.10940872744473235,0.11333315696515456,0.09512908344800053,0.0205588433524993,0.01820407351715403,0.031055199330225304,0.6620097051668207,0.5861844042146085,0.5079650018647961,0.5577516009660615,0.621,0.522,0.57,True,999,0.0001159169478341937,0.002769709099084139,weak_5x5_bal_strong_500_500,weak_null,True,1062,947166935,-1.8318679906315083e-15,0,7
500,500,0.15107562578682932,0.1506145081697069,0.134448626111066,0.13327696206155792,0.0004611176171224196,0.001171664049508081,0.034809038107404815,0.013247065767793439,0.033659765199281294,0.9894306798745941,0.9731484634976719,0.982,0.982,0.963,True,999,0.00013625004794448614,0.0026183329755440354,weak_5x5_bal_strong_500_500,weak_null,True,1063,947166935,-1.8318679906315083e-15,0,5
500,500,0.12272569620348217,0.13618642445065854,0.10613562683079181,0.11731551006874952,-0.013460728247176368,-0.01117988323795771,0.0333194041186359,-0.4039906655967968,-0.3355367100249156,0.6862195833068032,0.7372202574589062,0.744,0.683,0.732,True,999,0.00012029206845909357,0.002726249978877604,weak_5x5_bal_strong_500_500,weak_null,True,1064,947166935,-1.8318679906315083e-15,0,5
500,500,0.09199060429939632,0.11932801082556826,0.07544563252565695,0.10107842878042561,-0.027337406526171948,-0.025632796254768664,0.03006403184261894,-0.9093060661084814,-0.852606742467305,0.3631885894664453,0.39387742227920997,0.468,0.366,0.386,True,999,0.0001164580462500453,0.0027676249155774713,weak_5x5_bal_strong_500_500,weak_null,True,1065,947166935,-1.8318679906315083e-15,0,5
500,500,0.12250061917135824,0.10620171779907522,0.10590695080009027,0.08999378163252914,0.016298901372283014,0.015913169167561136,0.031058143333757438,0.5247867265319611,0.5123670464314246,0.5997314598132557,0.608394149610455,0.681,0.596,0.609,True,999,0.00011729099787771702,0.0027454999508336186,weak_5x5_bal_strong_500_500,weak_null,True,1066,947166935,-1.8318679906315083e-15,0,6
500,500,0.11523026928334135,0.14104204114764768,0.09864790368385457,0.1292757680415093,-0.025811771864306332,-0.030627864357654744,0.032906411384556696,-0.7843994765232909,-0.9307567452350244,0.43280574547113804,0.3519794091289986,0.502,0.411,0.34,True,999,0.00011787493713200092,0.0028237500227987766,weak_5x5_bal_strong_500_500,weak_null,True,1067,947166935,-1.8318679906315083e-15,0,9
500,500,0.10171020416382426,0.0864493333196496,0.08514664848644315,0.07362454169219745,0.015260870844174657,0.011522106794245701,0.02971479433527868,0.5135782086183345,0.3877565721720699,0.6075469182529654,0.6981961862206878,0.684,0.585,0.675,True,999,0.00012395798694342375,0.002722624922171235,weak_5x5_bal_strong_500_500,weak_null,True,1068,947166935,-1.8318679906315083e-15,0,9
500,500,0.12550659053962043,0.11126549893158721,0.10892573797400473,0.09940676457253517,0.014241091608033218,0.009518973401469566,0.03132285040559025,0.4546550337414881,0.3038986962620329,0.6493574354470972,0.7612050710795024,0.726,0.646,0.748,True,999,0.00011575000826269388,0.0026652920059859753,weak_5x5_bal_strong_500_500,weak_null,True,1069,947166935,-1.8318679906315083e-15,0,9
500,500,0.12328630815250796,0.1498548999649586,0.1065576387834426,0.13092802720956342,-0.026568591812450637,-0.024370388426120826,0.03341878679573998,-0.7950196389486358,-0.7292421647463101,0.4266020783034793,0.46585354316681205,0.52,0.443,0.481,True,999,0.00011158303823322058,0.0028091249987483025,weak_5x5_bal_strong_500_500,weak_null,True,1070,947166935,-1.8318679906315083e-15,0,5
500,500,0.11576714986260273,0.13334915798362273,0.09917933466795148,0.12139736637354304,-0.01758200812102001,-0.022218031705591557,0.032670229855046036,-0.5381660367566837,-0.680069647632427,0.5904624252840298,0.49646036205852373,0.676,0.609,0.506,True,999,0.00011195801198482513,0.002683541039004922,weak_5x5_bal_strong_500_500,weak_null,True,1071,947166935,-1.8318679906315083e-15,0,8
500,500,0.16353830527174185,0.11975703730320492,0.14597103323933425,0.1043030712207269,0.04378126796853693,0.04166796201860734,0.03382968957664383,1.2941670029027907,1.2316980303412268,0.1956077417714137,0.21806190587676544,0.284,0.192,0.227,True,999,0.00011812499724328518,0.002688625012524426,weak_5x5_bal_strong_500_500,weak_null,True,1072,947166935,-1.8318679906315083e-15,0,8
500,500,0.08178114543640747,0.09298834390058741,0.06525715905513607,0.07846528539377573,-0.011207198464179946,-0.013208126338639659,0.028286815988182966,-0.39619865554546113,-0.4669357747495319,0.6919584830529104,0.6405458290704584,0.768,0.687,0.628,True,999,0.00011437491048127413,0.0027330830926075578,weak_5x5_bal_strong_500_500,weak_null,True,1073,947166935,-1.8318679906315083e-15,0,6
500,500,0.08657251678963984,0.12161728624454138,0.07003738069579413,0.10710900241983268,-0.035044769454901536,-0.03707162172403855,0.03116680954099077,-1.1244259509081431,-1.1894583459138395,0.26083236801708654,0.23425935292480082,0.397,0.271,0.25,True,999,0.00011424999684095383,0.00264512503053993,weak_5x5_bal_strong_500_500,weak_null,True,1074,947166935,-1.8318679906315083e-15,0,8
500,500,0.14988492024060207,0.15094259907939478,0.1332200960280261,0.13910544947390235,-0.0010576788387927083,-0.005885353445876262,0.034707042230329166,-0.030474473502338464,-0.16957231350395152,0.9756886511175413,0.8653464977924699,0.977,0.973,0.861,True,999,0.00013041694182902575,0.002695249975658953,weak_5x5_bal_strong_500_500,weak_null,True,1075,947166935,-1.8318679906315083e-15,0,9
500,500,0.09672547744124893,0.08842700385283186,0.0801613673021393,0.07537047712028766,0.008298473588417066,0.004790890181851637,0.02860663147357898,0.29008915628816756,0.16747481038711226,0.7717480313255065,0.8669964659992669,0.841,0.788,0.865,True,999,0.00011754105798900127,0.0027653329307213426,weak_5x5_bal_strong_500_500,weak_null,True,1076,947166935,-1.8318679906315083e-15,0,8
500,500,0.0960386608488526,0.1362529304647278,0.07947664481616812,0.1192517907699937,-0.04021426961587521,-0.039775145953825586,0.033427143458054476,-1.2030423618559405,-1.1899056227684188,0.2289599280008855,0.23408348825050374,0.316,0.223,0.224,True,999,0.00016370904631912708,0.0026578749530017376,weak_5x5_bal_strong_500_500,weak_null,True,1077,947166935,-1.8318679906315083e-15,0,6
500,500,0.10127516563195771,0.13443762904575196,0.08471507456408744,0.11705541175587086,-0.03316246341379425,-0.03234033719178342,0.03296142621362338,-1.006099165699565,-0.9811570950293633,0.3143678699885398,0.32651527842753036,0.423,0.324,0.329,True,999,0.00011966703459620476,0.0026847911067306995,weak_5x5_bal_strong_500_500,weak_null,True,1078,947166935,-1.8318679906315083e-15,0,7
500,500,0.11559597027624613,0.12736603188321194,0.09901309284964555,0.11248361090238745,-0.01177006160696581,-0.013470518052741909,0.03122372412932343,-0.37695892899310113,-0.4314193270780027,0.7062041271147415,0.6661634994098065,0.752,0.69,0.643,True,999,0.00011833407916128635,0.002817375003360212,weak_5x5_bal_strong_500_500,weak_null,True,1079,947166935,-1.8318679906315083e-15,0,7
500,500,0.12597613586791945,0.08988684249427142,0.10925041654365941,0.07194513191601004,0.036089293373648024,0.03730528462764937,0.02987375060119845,1.2080603421854978,1.2487646805939656,0.22702405261540137,0.21175115572389158,0.358,0.229,0.216,True,999,0.00011824991088360548,0.0026710410602390766,weak_5x5_bal_strong_500_500,weak_null,True,1080,947166935,-1.8318679906315083e-15,0,6
500,500,0.10819501202652804,0.1290632621027718,0.09151041992379305,0.1168415274016752,-0.020868250076243766,-0.025331107477882142,0.03220056254674665,-0.6480709784479267,-0.7866666130788278,0.5169390436330323,0.4314770533523856,0.602,0.519,0.427,True,999,0.00011416699271649122,0.002691833069548011,weak_5x5_bal_strong_500_500,weak_null,True,1081,947166935,-1.8318679906315083e-15,0,8
500,500,0.11011686788398833,0.119724350895766,0.09348216303203571,0.1048957945468203,-0.009607483011777662,-0.011413631514784583,0.03074905281787076,-0.3124480961635988,-0.37118644214468943,0.7547000030915808,0.7104986705576629,0.819,0.758,0.71,True,999,0.00011729204561561346,0.002854082966223359,weak_5x5_bal_strong_500_500,weak_null,True,1082,947166935,-1.8318679906315083e-15,0,7
500,500,0.09779986869746238,0.11592784606553341,0.08112050720421848,0.10786905135196889,-0.018127977368071035,-0.026748544147750408,0.030321711575656385,-0.5978546864955004,-0.8821581222751729,0.5499368974523138,0.37769130477615276,0.64,0.548,0.357,True,999,0.00011670798994600773,0.0027305830735713243,weak_5x5_bal_strong_500_500,weak_null,True,1083,947166935,-1.8318679906315083e-15,0,10
500,500,0.1259379228943076,0.10623826987715251,0.10927354579234816,0.08799896447567335,0.019699653017155094,0.021274581316674812,0.031110271751481514,0.6332202166063358,0.68384427775568,0.5265898454826874,0.49407350353122137,0.627,0.526,0.494,True,999,0.00011575000826269388,0.0026805000379681587,weak_5x5_bal_strong_500_500,weak_null,True,1084,947166935,-1.8318679906315083e-15,0,5
500,500,0.14797716526694726,0.12496192751299173,0.13120873316790949,0.11100707963299783,0.02301523775395553,0.020201653534911657,0.03311037361666641,0.6951065554382811,0.6101306427041635,0.4869885268430989,0.5417752694515455,0.589,0.509,0.573,True,999,0.00011958309914916754,0.0027876250678673387,weak_5x5_bal_strong_500_500,weak_null,True,1085,947166935,-1.8318679906315083e-15,0,7
500,500,0.10154810515986212,0.14665064609046874,0.08497508273114818,0.13253526607408617,-0.045102540930606616,-0.04756018334293799,0.03257347508503118,-1.3846401347375137,-1.4600893278590898,0.1661625327978098,0.14426552528214093,0.28,0.184,0.162,True,999,0.00011362507939338684,0.002644916996359825,weak_5x5_bal_strong_500_500,weak_null,True,1086,947166935,-1.8318679906315083e-15,0,7
500,500,0.12291759648193468,0.16151383472311676,0.10633472223003082,0.1443488346118329,-0.03859623824118208,-0.03801411238180208,0.034678327868794954,-1.1129786415080476,-1.0961921960490144,0.2657176026821443,0.2729946740795327,0.402,0.293,0.302,True,999,0.00011366698890924454,0.0027402910636737943,weak_5x5_bal_strong_500_500,weak_null,True,1087,947166935,-1.8318679906315083e-15,0,5
500,500,0.11981639350105078,0.1232656251370467,0.10323193246472329,0.11439882252938105,-0.0034492316359959196,-0.011166890064657764,0.03221428589559928,-0.10707149142384409,-0.346644035532796,0.9147322636729194,0.728858759188352,0.916,0.907,0.716,True,999,0.0001408749958500266,0.0027909170603379607,weak_5x5_bal_strong_500_500,weak_null,True,1088,947166935,-1.8318679906315083e-15,0,10
500,500,0.1406017930764718,0.1352037859766032,0.1239147353936687,0.12430301721266801,0.005398007099868596,-0.00038828181899930314,0.033321230454199276,0.16199903263741322,-0.011652685501305379,0.8713066156515492,0.9907027125525789,0.9,0.885,0.992,True,999,0.00011370796710252762,0.002682249993085861,weak_5x5_bal_strong_500_500,weak_null,True,1089,947166935,-1.8318679906315083e-15,0,9
500,500,0.10270018423940841,0.09469395245021645,0.08614835185505854,0.07853998697049747,0.008006231789191964,0.00760836488456107,0.029608934284760663,0.2703991880353718,0.25696179441611977,0.7868531646974242,0.7972082665968965,0.832,0.778,0.786,True,999,0.00011770904529839754,0.00271929195150733,weak_5x5_bal_strong_500_500,weak_null,True,1090,947166935,-1.8318679906315083e-15,0,6
500,500,0.12113323815615074,0.11127952654308954,0.10451212028897316,0.0992364064779565,0.0098537116130612,0.005275713811016658,0.031556340794882516,0.31225773853536193,0.1671839534662466,0.754844655116536,0.8672253099991696,0.821,0.759,0.89,True,999,0.00013633305206894875,0.0027544170152395964,weak_5x5_bal_strong_500_500,weak_null,True,1091,947166935,-1.8318679906315083e-15,0,8
500,500,0.11310313192945642,0.12928333172505346,0.09653142368244971,0.11335988396399443,-0.01618019979559704,-0.01682846028154472,0.03336408740329031,-0.4849585603831434,-0.5043884485174057,0.6277057410710543,0.6139884338747421,0.722,0.647,0.633,True,999,0.00012308405712246895,0.0026327919913455844,weak_5x5_bal_strong_500_500,weak_null,True,1092,947166935,-1.8318679906315083e-15,0,7
500,500,0.12058306930935125,0.11179245376886815,0.10391857626848378,0.10107087501918954,0.008790615540483104,0.002847701249294232,0.0317193846716949,0.2771370135791914,0.08977794742138885,0.7816749017366067,0.928463672818755,0.841,0.784,0.931,True,999,0.00011879205703735352,0.002779916045255959,weak_5x5_bal_strong_500_500,weak_null,True,1093,947166935,-1.8318679906315083e-15,0,9
500,500,0.14639994670314982,0.11228160319843189,0.12970805703309907,0.09556221104230644,0.03411834350471793,0.03414584599079262,0.03288173025485895,1.0376079129739908,1.0384443192659203,0.2994526324406468,0.299063245314792,0.439,0.315,0.312,True,999,0.00011750007979571819,0.002732333028689027,weak_5x5_bal_strong_500_500,weak_null,True,1094,947166935,-1.8318679906315083e-15,0,5
500,500,0.10613253460956429,0.11503776288266154,0.08953863929468753,0.1018280620359917,-0.008905228273097254,-0.012289422741304179,0.03092047917518969,-0.28800421308615193,-0.3974525320799394,0.7733435136718803,0.6910337837791527,0.814,0.779,0.693,True,999,0.0001206250162795186,0.002685417071916163,weak_5x5_bal_strong_500_500,weak_null,True,1095,947166935,-1.8318679906315083e-15,0,7
500,500,0.10847798073733017,0.08873017641245712,0.0919173266230473,0.07869978104551478,0.019747804324873053,0.013217545577532519,0.029398389694907073,0.6717308168853251,0.449601005861294,0.5017550790004532,0.6529981626870418,0.591,0.49,0.633,True,999,0.00012316694483160973,0.0027843749849125743,weak_5x5_bal_strong_500_500,weak_null,True,1096,947166935,-1.8318679906315083e-15,0,9
500,500,0.12094582816882493,0.08217908112898026,0.10438405095624148,0.06674252502941158,0.03876674703984467,0.0376415259268299,0.029781513769326962,1.3017050556970653,1.2639225198014696,0.1930172306542275,0.2062578379623875,0.392,0.217,0.233,True,999,0.00011975003872066736,0.0027370828902348876,weak_5x5_bal_strong_500_500,weak_null,True,1097,947166935,-1.8318679906315083e-15,0,6
500,500,0.08810826786399795,0.12362270768389338,0.0716059326738332,0.11018127981304815,-0.03551443981989544,-0.038575347139214955,0.029539652039214458,-1.2022633094238664,-1.3058835997121916,0.22926152753385154,0.19159214460664686,0.388,0.265,0.229,True,999,0.0001133340410888195,0.0026397090405225754,weak_5x5_bal_strong_500_500,weak_null,True,1098,947166935,-1.8318679906315083e-15,0,7
500,500,0.10392463220619774,0.1317277137500612,0.08735010088616946,0.120676585181684,-0.02780308154386346,-0.03332648429551455,0.031215294384905546,-0.890687789166195,-1.0676331891852953,0.3730966874175604,0.28568600642342945,0.491,0.388,0.293,True,999,0.00011300004553049803,0.0027532080421224236,weak_5x5_bal_strong_500_500,weak_null,True,1099,947166935,-1.8318679906315083e-15,0,9
500,500,0.11271269836583109,0.13538678360946715,0.0961372387762367,0.1155891603541761,-0.022674085243636066,-0.0194519215779394,0.03227388952457785,-0.7025519879272328,-0.6027138923905031,0.4823349923088329,0.5466990380523482,0.594,0.494,0.553,True,999,0.00012283306568861008,0.002695291070267558,weak_5x5_bal_strong_500_500,weak_null,True,1100,947166935,-1.8318679906315083e-15,0,3
500,500,0.1443908675109875,0.1079713956771397,0.12762469239316943,0.09210316813201302,0.036419471833847805,0.0355215242611564,0.03298700403712882,1.104055154352773,1.076833901653355,0.2695692131219486,0.2815544767862881,0.378,0.28,0.29,True,999,0.00011291599366813898,0.0027193750720471144,weak_5x5_bal_strong_500_500,weak_null,True,1101,947166935,-1.8318679906315083e-15,0,7
500,500,0.10067971309898871,0.08327393477156292,0.08416224237043934,0.06563408790651692,0.01740577832742579,0.01852815446392242,0.0293816930652808,0.5924021562934888,0.6306020018232515,0.5535813227580165,0.5283007896381388,0.661,0.557,0.533,True,999,0.00011508399620652199,0.002795625012367964,weak_5x5_bal_strong_500_500,weak_null,True,1102,947166935,-1.8318679906315083e-15,0,6
500,500,0.1367479277858965,0.10479424959055822,0.1200278726448687,0.08966750205382823,0.031953678195338286,0.030360370591040464,0.03153618792469709,1.0132384507486476,0.9627152991203543,0.31094627855041945,0.33569041686937995,0.459,0.344,0.374,True,999,0.00011308398097753525,0.0027131669921800494,weak_5x5_bal_strong_500_500,weak_null,True,1103,947166935,-1.8318679906315083e-15,0,7
500,500,0.11734677679663075,0.18443696165427997,0.10073280961489672,0.17070772138083612,-0.06709018485764923,-0.0699749117659394,0.035049176298904756,-1.9141729404849297,-1.9964780675352427,0.05559806204761407,0.04588191074071901,0.101,0.056,0.043,True,999,0.0001231660135090351,0.0027037080144509673,weak_5x5_bal_strong_500_500,weak_null,True,1104,947166935,-1.8318679906315083e-15,0,8
500,500,0.10417750388291869,0.16648391974091525,0.08758170999669801,0.1542526995059461,-0.06230641585799657,-0.0666709895092481,0.03243654656475807,-1.9208708218553625,-2.0554281071859037,0.05474799509795058,0.03983767300771757,0.135,0.068,0.054,True,999,0.00012083398178219795,0.0027934591053053737,weak_5x5_bal_strong_500_500,weak_null,True,1105,947166935,-1.8318679906315083e-15,0,8
500,500,0.12015568571703406,0.07773555952979583,0.10355731614993147,0.05776794481872116,0.04242012618723823,0.045789371331210305,0.029518531586811742,1.4370676286008295,1.5512076268613588,0.1506987782524464,0.12085193499539305,0.291,0.162,0.137,True,999,0.00011958403047174215,0.0026802500942721963,weak_5x5_bal_strong_500_500,weak_null,True,1106,947166935,-1.8318679906315083e-15,0,5
500,500,0.09795438084433661,0.0859462942745427,0.08145094741735193,0.07233410363502912,0.012008086569793908,0.009116843782322803,0.029125125723165037,0.4122930381118707,0.3130233280013486,0.6801246508126885,0.7542629389428605,0.748,0.672,0.737,True,999,0.00011654198169708252,0.002621541963890195,weak_5x5_bal_strong_500_500,weak_null,True,1107,947166935,-1.8318679906315083e-15,0,7
500,500,0.07831113098485809,0.10798615550371066,0.061803731972077,0.08811274641831801,-0.029675024518852566,-0.026309014446241008,0.028910848967079822,-1.0264321380753259,-0.9100049077146967,0.3046879358456209,0.3628199215780147,0.447,0.309,0.356,True,999,0.00011091609485447407,0.0027337089413776994,weak_5x5_bal_strong_500_500,weak_null,True,1108,947166935,-1.8318679906315083e-15,0,5
500,500,0.11773338826728819,0.14133024007235234,0.10119871324934593,0.13345446305569908,-0.023596851805064156,-0.03225574980635315,0.033128846755196714,-0.7122750749348878,-0.9736454167784574,0.47629445546927995,0.3302326276675881,0.564,0.474,0.342,True,999,0.00010954204481095076,0.0026395840104669333,weak_5x5_bal_strong_500_500,weak_null,True,1109,947166935,-1.8318679906315083e-15,0,10
500,500,0.11374271088207477,0.1007415428362275,0.09719998838102129,0.0816466704237655,0.013001168045847278,0.015553317957255786,0.030766957769724206,0.4225691777248414,0.5055201776420291,0.6726096185625703,0.6131935300601713,0.759,0.682,0.625,True,999,0.00013129098806530237,0.0026516669895499945,weak_5x5_bal_strong_500_500,weak_null,True,1110,947166935,-1.8318679906315083e-15,0,6
500,500,0.09357492140563961,0.11816738244873254,0.0770426590416946,0.09828705149925554,-0.024592461043092928,-0.021244392457560934,0.03141857624172329,-0.7827363294214011,-0.6761729842279987,0.4337819637468915,0.49893082286777435,0.546,0.427,0.5,True,999,0.00011087500024586916,0.002753166016191244,weak_5x5_bal_strong_500_500,weak_null,True,1111,947166935,-1.8318679906315083e-15,0,5
500,500,0.11706513521829254,0.1255421232971209,0.10048416149788864,0.11111403576296652,-0.008476988078828351,-0.010629874265077888,0.03295716770872661,-0.25721227484556447,-0.32253603704735956,0.7970149087570376,0.7470466415622385,0.833,0.801,0.756,True,999,0.00014987506438046694,0.0026799169136211276,weak_5x5_bal_strong_500_500,weak_null,True,1112,947166935,-1.8318679906315083e-15,0,7
500,500,0.08106362420996627,0.14656103108974716,0.06455521139298526,0.13242519459751634,-0.0654974068797809,-0.06786998320453108,0.03179615119228058,-2.0599161981492355,-2.134534547722507,0.03940655289597597,0.03279904876577877,0.088,0.036,0.028,True,999,0.00011787505354732275,0.0027030830970034003,weak_5x5_bal_strong_500_500,weak_null,True,1113,947166935,-1.8318679906315083e-15,0,7
500,500,0.10607487639228852,0.09590023955234905,0.0895320083761817,0.08249428658595548,0.010174636839939466,0.007037721790226215,0.02950048114885976,0.3448973184063722,0.23856294935373396,0.7301715666615265,0.8114444977709467,0.806,0.74,0.817,True,999,0.00012637500185519457,0.0026849580463021994,weak_5x5_bal_strong_500_500,weak_null,True,1114,947166935,-1.8318679906315083e-15,0,7
500,500,0.13519942865215495,0.18393906975006058,0.11846445517517168,0.1710655695022183,-0.04873964109790563,-0.052601114327046616,0.03423224369588052,-1.4237933549114956,-1.5365955791374724,0.15450629987595196,0.12439237583914654,0.241,0.168,0.138,True,999,0.00012012501247227192,0.002687833970412612,weak_5x5_bal_strong_500_500,weak_null,True,1115,947166935,-1.8318679906315083e-15,0,8
500,500,0.1217979134950733,0.144303042330943,0.1051808105796681,0.1355159578943983,-0.022505128835869692,-0.030335147314730193,0.03411146416715729,-0.6597526487161978,-0.8892947885812842,0.5094125744459936,0.3738446715594609,0.597,0.517,0.39,True,999,0.00011637492571026087,0.0027376250363886356,weak_5x5_bal_strong_500_500,weak_null,True,1116,947166935,-1.8318679906315083e-15,0,10
500,500,0.14955700826057972,0.09186110692620775,0.1328378700762869,0.07659305177332953,0.05769590133437197,0.056244818302957356,0.031208657000209392,1.8487146477974,1.8022184774750154,0.06449902746677057,0.07151103870258999,0.163,0.073,0.077,True,999,0.00011729204561561346,0.0027721659280359745,weak_5x5_bal_strong_500_500,weak_null,True,1117,947166935,-1.8318679906315083e-15,0,7
500,500,0.07806461507201012,0.11358141649350012,0.06156090426020455,0.09846403634918488,-0.035516801421489996,-0.03690313208898033,0.02939280288789334,-1.2083502739413492,-1.255515924416328,0.22691255823536316,0.2092915309310034,0.357,0.218,0.208,True,999,0.0001163750421255827,0.0026400419883430004,weak_5x5_bal_strong_500_500,weak_null,True,1118,947166935,-1.8318679906315083e-15,0,7
500,500,0.11385047516634139,0.09397631041522081,0.09726360977572313,0.08524198335564392,0.019874164751120582,0.012021626420079201,0.029691660755711818,0.6693517386796011,0.40488225023811064,0.5032711298356263,0.6855640660881773,0.63,0.519,0.683,True,999,0.0001170419855043292,0.0027236660243943334,weak_5x5_bal_strong_500_500,weak_null,True,1119,947166935,-1.8318679906315083e-15,0,11
500,500,0.14983428278412592,0.09582608660871039,0.13316629666962854,0.08424844188385805,0.054008196175415524,0.04891785478577049,0.032684196931265855,1.6524253690244728,1.4966821699380792,0.0984478674505706,0.13447597784593043,0.232,0.126,0.165,True,999,0.00013158400543034077,0.0028076249873265624,weak_5x5_bal_strong_500_500,weak_null,True,1120,947166935,-1.8318679906315083e-15,0,8
500,500,0.09242284847807625,0.12879370963893105,0.07575538539390436,0.11045765682601427,-0.036370861160854806,-0.03470227143210991,0.030929638475986083,-1.175922608636157,-1.121974686482447,0.2396258034215658,0.2618732029575558,0.396,0.248,0.273,True,999,0.00011316605377942324,0.0026499589439481497,weak_5x5_bal_strong_500_500,weak_null,True,1121,947166935,-1.8318679906315083e-15,0,5
500,500,0.12706449851621926,0.13483039282563525,0.11045293163829228,0.11768683529163582,-0.007765894309415988,-0.007233903653343532,0.03279540949052297,-0.23679821139785226,-0.22057671380605706,0.812813339197791,0.8254220341729115,0.847,0.807,0.821,True,999,0.0001180840190500021,0.002729875035583973,weak_5x5_bal_strong_500_500,weak_null,True,1122,947166935,-1.8318679906315083e-15,0,5
500,500,0.10988152229307313,0.14381686463583038,0.09331379940567786,0.1255875002654534,-0.033935342342757246,-0.032273700859775545,0.03143507643170059,-1.0795374528988029,-1.0266779827908816,0.28034820708720687,0.304572120033749,0.403,0.291,0.311,True,999,0.00011925003491342068,0.002795750042423606,weak_5x5_bal_strong_500_500,weak_null,True,1123,947166935,-1.8318679906315083e-15,0,5
500,500,0.11196466064317079,0.11001089097355504,0.09537942233851027,0.0965082543832807,0.001953769669615746,-0.0011288320447704336,0.031093545371006497,0.06283521696556221,-0.03630438508382595,0.9498977221831799,0.9710396534550918,0.972,0.963,0.981,True,999,0.0001117499778047204,0.0026296250289306045,weak_5x5_bal_strong_500_500,weak_null,True,1124,947166935,-1.8318679906315083e-15,0,7
500,500,0.1655972139500752,0.12726660022806935,0.14891292098855047,0.11027291677990547,0.03833061372200586,0.038640004208644996,0.03541004577495513,1.082478513741894,1.0912158785170043,0.2790399576640257,0.27517790260299435,0.361,0.286,0.278,True,999,0.00011670798994600773,0.002713583060540259,weak_5x5_bal_strong_500_500,weak_null,True,1125,947166935,-1.8318679906315083e-15,0,6
500,500,0.10722696058475667,0.15171821194540103,0.09063242260720017,0.13873830369891493,-0.04449125136064436,-0.048105881091714764,0.03370775717957612,-1.3199113522629167,-1.42714571116178,0.1868646169006013,0.15353789895927866,0.242,0.173,0.135,True,999,0.0001212080242112279,0.0027374159544706345,weak_5x5_bal_strong_500_500,weak_null,True,1126,947166935,-1.8318679906315083e-15,0,8
500,500,0.10895364403718322,0.10763965730023561,0.09234413108754325,0.09047989984716764,0.0013139867369476033,0.0018642312403756023,0.03018321212872283,0.04353369453667896,0.06176384516085251,0.9652761056205844,0.9507508958744182,0.979,0.97,0.958,True,999,0.00011187500786036253,0.002708583022467792,weak_5x5_bal_strong_500_500,weak_null,True,1127,947166935,-1.8318679906315083e-15,0,5
500,500,0.15054965899523087,0.15410732920104564,0.13290801235905292,0.13594856603612016,-0.003557670205814767,-0.003040553677067237,0.03533936552700747,-0.10067159250767764,-0.08603871721306228,0.9198111626760502,0.9314356394391337,0.934,0.921,0.935,True,999,0.00011266593355685472,0.0027496670372784138,weak_5x5_bal_strong_500_500,weak_null,True,1128,947166935,-1.8318679906315083e-15,0,5
500,500,0.14681616635238748,0.13468679187406118,0.1292982947110204,0.11795886223592333,0.012129374478326294,0.011339432475097055,0.03299830552115295,0.3675756765919687,0.34363681092134024,0.7131896542430247,0.7311194376148924,0.766,0.722,0.746,True,999,0.00011862500105053186,0.0027809999883174896,weak_5x5_bal_strong_500_500,weak_null,True,1129,947166935,-1.8318679906315083e-15,0,5
500,500,0.08695241013115562,0.0990083645681572,0.07040503113057639,0.08380171506362899,-0.012055954437001581,-0.0133966839330526,0.029539706046569365,-0.40812709571298245,-0.45351446327640227,0.6831803682721813,0.6501783310550933,0.761,0.682,0.656,True,999,0.00011824991088360548,0.0026957079535350204,weak_5x5_bal_strong_500_500,weak_null,True,1130,947166935,-1.8318679906315083e-15,0,6
500,500,0.10547335292639404,0.15680864891711788,0.0888710354114437,0.14090386640847896,-0.05133529599072384,-0.05203283099703526,0.03360363043472604,-1.5276711273932435,-1.5484288549746832,0.12659421217288455,0.12151907848535337,0.205,0.129,0.12,True,999,0.00011833303142338991,0.002767333062365651,weak_5x5_bal_strong_500_500,weak_null,True,1131,947166935,-1.8318679906315083e-15,0,6
500,500,0.09941460310707839,0.1258792393341268,0.08287622957698204,0.11134568998846817,-0.02646463622704842,-0.028469460411486125,0.03174431475013209,-0.8336811311051627,-0.8968365086969678,0.40446069370174353,0.3698061635092226,0.521,0.408,0.373,True,999,0.00011620903387665749,0.002640833961777389,weak_5x5_bal_strong_500_500,weak_null,True,1132,947166935,-1.8318679906315083e-15,0,6
500,500,0.12921331696011928,0.1283495923343339,0.11263365117099511,0.1109265478006023,0.0008637246257853781,0.0017071033703928151,0.03273235451546894,0.026387488421500255,0.05215339365782738,0.9789482734697351,0.9584064688321288,0.986,0.986,0.963,True,999,0.00011395802721381187,0.0026634999085217714,weak_5x5_bal_strong_500_500,weak_null,True,1133,947166935,-1.8318679906315083e-15,0,5
500,500,0.12236311162855529,0.09228385812457984,0.10575946889173338,0.07887179141968659,0.030079253503975445,0.02688767747204679,0.029958963312921347,1.0040151653379212,0.8974835741545868,0.315371303864464,0.36946093448526685,0.46,0.333,0.39,True,999,0.00011654209811240435,0.0027635410660877824,weak_5x5_bal_strong_500_500,weak_null,True,1134,947166935,-1.8318679906315083e-15,0,7
500,500,0.07343766346767255,0.10351615189910363,0.05694617749725239,0.08549636652804793,-0.030078488431431072,-0.028550189030795536,0.02919459155086894,-1.0302760488709706,-0.9779273322269095,0.3028804390600016,0.32811026585601666,0.447,0.303,0.328,True,999,0.00011695805005729198,0.0026347499806433916,weak_5x5_bal_strong_500_500,weak_null,True,1135,947166935,-1.8318679906315083e-15,0,5
500,500,0.11575103843539458,0.09874603884317668,0.09902296572784053,0.08402506299279366,0.017004999592217906,0.014997902735046864,0.030249970487617014,0.5621492952920067,0.4957989212315541,0.5740143045086494,0.6200362860637252,0.693,0.599,0.644,True,999,0.00011937494855374098,0.0027339999796822667,weak_5x5_bal_strong_500_500,weak_null,True,1136,947166935,-1.8318679906315083e-15,0,8
500,500,0.07634265128556428,0.1343936643688231,0.05983741453121638,0.12059639864716587,-0.05805101308325883,-0.06075898411594949,0.030407343040252544,-1.9091116578785665,-1.9981681410150876,0.05624768917634663,0.04569843425833986,0.148,0.061,0.051,True,999,0.0001178329112008214,0.0028005840722471476,weak_5x5_bal_strong_500_500,weak_null,True,1137,947166935,-1.8318679906315083e-15,0,8
500,500,0.10420147900356036,0.1172430868217747,0.08743959421838099,0.10211186901679525,-0.01304160781821434,-0.014672274798414264,0.030896222992500933,-0.4221101013343855,-0.47488894684555744,0.6729446551958107,0.6348661301443097,0.741,0.671,0.649,True,999,0.00011662498582154512,0.0027559578884392977,weak_5x5_bal_strong_500_500,weak_null,True,1138,947166935,-1.8318679906315083e-15,0,7
500,500,0.11350116431916635,0.11969349926029849,0.09602817584402601,0.10663106823645307,-0.006192334941132138,-0.010602892392427066,0.03056646635113892,-0.20258589494763135,-0.346879886952716,0.8394587156003365,0.728681557468013,0.888,0.856,0.752,True,999,0.00011408294085413218,0.002695875009521842,weak_5x5_bal_strong_500_500,weak_null,True,1139,947166935,-1.8318679906315083e-15,0,8
500,500,0.10637359709349359,0.07818536479170474,0.08981805886867278,0.06100787062567292,0.02818823230178885,0.028810188242999857,0.028866806150713426,0.9764929363719095,0.9980386500876485,0.32882024660302656,0.3182606172165737,0.495,0.335,0.325,True,999,0.00012145901564508677,0.002756000030785799,weak_5x5_bal_strong_500_500,weak_null,True,1140,947166935,-1.8318679906315083e-15,0,6
500,500,0.09664718621278001,0.07698657492522676,0.08009479680026743,0.06073036835647372,0.019660611287553253,0.019364428443793713,0.028481450209343808,0.6902953024879073,0.6798961535126078,0.4900085013683346,0.4965702173515093,0.644,0.504,0.506,True,999,0.0001230410998687148,0.002673958078958094,weak_5x5_bal_strong_500_500,weak_null,True,1141,947166935,-1.8318679906315083e-15,0,6
500,500,0.13270634440953133,0.09455258623252061,0.11612405757045963,0.07532389920345395,0.03815375817701072,0.04080015836700568,0.03173990538064817,1.2020753596913076,1.2854530559464599,0.22933433202468734,0.19863401114595824,0.376,0.234,0.209,True,999,0.00011699995957314968,0.00268491602037102,weak_5x5_bal_strong_500_500,weak_null,True,1142,947166935,-1.8318679906315083e-15,0,5
500,500,0.10822961914413409,0.13120343106638505,0.09158844449063963,0.11452280197187292,-0.022973811922250953,-0.022934357481233292,0.032452871937126725,-0.7079130613389091,-0.7066973155924587,0.47899924809543126,0.47975459812137655,0.576,0.477,0.475,True,999,0.00012137496378272772,0.0028010410023853183,weak_5x5_bal_strong_500_500,weak_null,True,1143,947166935,-1.8318679906315083e-15,0,7
500,500,0.11720605199046741,0.13486322842668452,0.10059141235115021,0.12448654582419749,-0.017657176436217115,-0.02389513347304728,0.03154030974839855,-0.5598288849117486,-0.7576061764663091,0.5755961594502325,0.44868678151186714,0.644,0.567,0.433,True,999,0.0001204590080305934,0.0027657500468194485,weak_5x5_bal_strong_500_500,weak_null,True,1144,947166935,-1.8318679906315083e-15,0,8
500,500,0.11290668275415316,0.10603497405703832,0.09627838894778051,0.08748819814834974,0.006871708697114842,0.008790190799430775,0.03084186871583722,0.22280455054223863,0.2850083722364409,0.823687626209497,0.7756377277139845,0.86,0.816,0.76,True,999,0.00012258300557732582,0.002709082909859717,weak_5x5_bal_strong_500_500,weak_null,True,1145,947166935,-1.8318679906315083e-15,0,4
500,500,0.10537298335128908,0.0775742047090151,0.08879238810470724,0.06091612994569573,0.02779877864227398,0.027876258159011513,0.028321341543609775,0.9815487942006157,0.9842845232485575,0.32632218464879725,0.32497563699909715,0.48,0.333,0.329,True,999,0.0001139170490205288,0.0027073330711573362,weak_5x5_bal_strong_500_500,weak_null,True,1146,947166935,-1.8318679906315083e-15,0,7
500,500,0.12359010270308435,0.11363672236650518,0.10699858928614958,0.09941635328482334,0.009953380336579165,0.007582236001326237,0.031473140361246085,0.31624999038339024,0.2409113267471235,0.7518127664493807,0.809623843179839,0.811,0.748,0.814,True,999,0.00011670798994600773,0.0026747500523924828,weak_5x5_bal_strong_500_500,weak_null,True,1147,947166935,-1.8318679906315083e-15,0,7
500,500,0.11981104636371365,0.12198273620864031,0.10325637847086,0.10714247037321911,-0.002171689844926661,-0.0038860919023591123,0.032502894182177645,-0.06681527597986847,-0.1195614113800973,0.9467287621123426,0.9048305896375739,0.952,0.946,0.901,True,999,0.0001152500044554472,0.002718250034376979,weak_5x5_bal_strong_500_500,weak_null,True,1148,947166935,-1.8318679906315083e-15,0,7
500,500,0.1196362183029982,0.1391201685075938,0.10309456171887632,0.12249925889810243,-0.01948395020459559,-0.019404697179226105,0.0334023384098993,-0.5833109636067043,-0.5809382846524069,0.5596839833237,0.5612820484965131,0.643,0.565,0.564,True,999,0.00012874999083578587,0.002712540910579264,weak_5x5_bal_strong_500_500,weak_null,True,1149,947166935,-1.8318679906315083e-15,0,5
500,500,0.12953697956622046,0.08119952865961994,0.11293483381427905,0.07006465819060281,0.04833745090660052,0.04287017562367623,0.03029829130420761,1.5953853773888484,1.4149370732904245,0.11062608389646254,0.15708694690138283,0.262,0.115,0.166,True,999,0.0001650420017540455,0.0026435829931870103,weak_5x5_bal_strong_500_500,weak_null,True,1150,947166935,-1.8318679906315083e-15,0,9
500,500,0.11041930299392311,0.11687162453454986,0.09387220155861087,0.106529677826245,-0.006452321540626749,-0.012657476267634138,0.03083716298811092,-0.20923849392742133,-0.41046176240382914,0.8342620636218565,0.6814672476552084,0.878,0.837,0.674,True,999,0.00011254206765443087,0.0027450000634416938,weak_5x5_bal_strong_500_500,weak_null,True,1151,947166935,-1.8318679906315083e-15,0,9
500,500,0.0790210820636974,0.10440217082672332,0.062460491602223556,0.09044072586604557,-0.025381088763025916,-0.027980234263822013,0.02853466680516144,-0.8894825699676614,-0.9805698610351693,0.37374378658678453,0.32680490297873754,0.505,0.378,0.332,True,999,0.0001278329873457551,0.002733167028054595,weak_5x5_bal_strong_500_500,weak_null,True,1152,947166935,-1.8318679906315083e-15,0,7
500,500,0.11946393740594408,0.11458620027679894,0.10287401939649499,0.10070592090735886,0.004877737129145132,0.0021680984891361277,0.03197716550815338,0.15253813312194386,0.0678014594065042,0.87876251644163,0.9459436819994569,0.89,0.871,0.94,True,999,0.0001128750154748559,0.002639999962411821,weak_5x5_bal_strong_500_500,weak_null,True,1153,947166935,-1.8318679906315083e-15,0,8
500,500,0.13018660500796275,0.09614323784571976,0.11361178731010568,0.07905306200353834,0.03404336716224299,0.03455872530656734,0.03147190567276049,1.0817065708133509,1.098081751575614,0.27938293251959734,0.2721687929788188,0.403,0.281,0.27,True,999,0.00011641706805676222,0.0027085839537903666,weak_5x5_bal_strong_500_500,weak_null,True,1154,947166935,-1.8318679906315083e-15,0,6
500,500,0.10355993443499467,0.11781622825382365,0.08685405821665881,0.10970275493110648,-0.01425629381882898,-0.02284869671444767,0.031240860819226782,-0.4563348590591694,-0.731372187426594,0.6481492005383223,0.46455184863574717,0.703,0.642,0.456,True,999,0.00011637492571026087,0.0027987080393359065,weak_5x5_bal_strong_500_500,weak_null,True,1155,947166935,-1.8318679906315083e-15,0,10
500,500,0.11956701914638046,0.10597855787012628,0.10294537829338424,0.0938381719870165,0.013588461276254182,0.009107206306367743,0.03073312001349861,0.44214389135518467,0.2963319800387228,0.6583850849586534,0.7669765655478725,0.74,0.645,0.774,True,999,0.00011587503831833601,0.002659540972672403,weak_5x5_bal_strong_500_500,weak_null,True,1156,947166935,-1.8318679906315083e-15,0,8
500,500,0.13940303173966928,0.12143177817725676,0.12264092793191139,0.10566102634709296,0.017971253562412526,0.016979901584818435,0.031883565543285274,0.5636525669632109,0.5325596838210094,0.5729906043182175,0.5943384164874531,0.645,0.557,0.583,True,999,0.00011862500105053186,0.0027211669366806746,weak_5x5_bal_strong_500_500,weak_null,True,1157,947166935,-1.8318679906315083e-15,0,7
500,500,0.13989867305951775,0.08062369986966156,0.12239598485052738,0.06391154559099732,0.059274973189856195,0.05848443925953006,0.029385223577405358,2.017169378810969,1.99026694847064,0.043677840438076376,0.04656153685264312,0.131,0.053,0.056,True,999,0.00011820904910564423,0.002828666940331459,weak_5x5_bal_strong_500_500,weak_null,True,1158,947166935,-1.8318679906315083e-15,0,7
500,500,0.11022948547360434,0.16510688105564686,0.09366427350289541,0.15128489473272566,-0.05487739558204252,-0.05762062122983025,0.03381477014144065,-1.6228824076727706,-1.7040074792410038,0.1046145449471249,0.08837968996320308,0.168,0.094,0.08,True,999,0.00011883291881531477,0.0026700410526245832,weak_5x5_bal_strong_500_500,weak_null,True,1159,947166935,-1.8318679906315083e-15,0,7
500,500,0.10462446069579778,0.07283156228607446,0.0880641221760925,0.05761075447102826,0.031792898409723325,0.030453367705064238,0.028348724183197532,1.12149309451348,1.074241207761799,0.26207802927896806,0.28271458770858127,0.447,0.27,0.295,True,999,0.00011620903387665749,0.0027380420360714197,weak_5x5_bal_strong_500_500,weak_null,True,1160,947166935,-1.8318679906315083e-15,0,7
500,500,0.11856077630785267,0.11926953031917392,0.10192239312652873,0.10950449918146887,-0.0007087540113212554,-0.007582106054940141,0.03137530908253093,-0.022589546750182415,-0.2416583701214178,0.9819776821864801,0.8090448893781782,0.991,0.99,0.844,True,999,0.00011629192158579826,0.002790750004351139,weak_5x5_bal_strong_500_500,weak_null,True,1161,947166935,-1.8318679906315083e-15,0,10
500,500,0.13623477652866667,0.07605733826062983,0.11954249965174313,0.06101482214720022,0.06017743826803684,0.05852767750454291,0.029698931174086996,2.0262492921140223,1.9706997925773726,0.042739244704635,0.048758224291877546,0.161,0.042,0.048,True,999,0.0001142079709097743,0.002698624972254038,weak_5x5_bal_strong_500_500,weak_null,True,1162,947166935,-1.8318679906315083e-15,0,7
500,500,0.095410170121905,0.1171118502256473,0.07874235747942748,0.0999611757208072,-0.021701680103742294,-0.021218818241379722,0.030873982529479645,-0.7029115885202276,-0.6872718225165539,0.48211084877713195,0.49191145177156803,0.581,0.485,0.489,True,999,0.00011295895092189312,0.0026529590832069516,weak_5x5_bal_strong_500_500,weak_null,True,1163,947166935,-1.8318679906315083e-15,0,6
500,500,0.10627562220710551,0.10627015007981072,0.08976389907445537,0.09410609487989063,5.472127294792184e-06,-0.004342195805435267,0.031523645660425634,0.00017358802194829325,-0.13774408747673503,0.9998614967980427,0.8904426747109979,1.0,1.0,0.877,True,999,0.00011137500405311584,0.0027009169571101665,weak_5x5_bal_strong_500_500,weak_null,True,1164,947166935,-1.8318679906315083e-15,0,8
500,500,0.1448820769935022,0.08988934479060195,0.12819387147635553,0.07420384150120185,0.05499273220290024,0.053990029975153675,0.03056347478904998,1.7992958124840757,1.7664886060172962,0.07197190014780475,0.0773139114567639,0.178,0.069,0.07,True,999,0.00011191703379154205,0.0027419159887358546,weak_5x5_bal_strong_500_500,weak_null,True,1165,947166935,-1.8318679906315083e-15,0,6
500,500,0.10783272283006973,0.09724141409953224,0.09126847233142144,0.08326077538924892,0.010591308730537485,0.008007696942172515,0.029507889026356583,0.3589314274930775,0.27137478167347057,0.7196463883190666,0.7861027958541804,0.777,0.713,0.769,True,999,0.00011054205242544413,0.002751957974396646,weak_5x5_bal_strong_500_500,weak_null,True,1166,947166935,-1.8318679906315083e-15,0,6
500,500,0.11763739107775639,0.11292032862252183,0.10103927008071878,0.10065154462839132,0.004717062455234566,0.0003877254523274587,0.03129971688766369,0.15070623393062463,0.01238750668956609,0.8802074554409058,0.9901164524384587,0.89,0.861,0.983,True,999,0.00011708296369761229,0.0027173340786248446,weak_5x5_bal_strong_500_500,weak_null,True,1167,947166935,-1.8318679906315083e-15,0,8
500,500,0.10418870257024349,0.09739775419281615,0.08749943617590361,0.08352521495933729,0.0067909483774273305,0.0039742212165663204,0.029351571551909764,0.23136575039660787,0.13540062785182408,0.8170306705732417,0.8922951277504606,0.863,0.834,0.898,True,999,0.00011887506116181612,0.002742749988101423,weak_5x5_bal_strong_500_500,weak_null,True,1168,947166935,-1.8318679906315083e-15,0,8
500,500,0.11463587244310514,0.10917141480152165,0.0980588956487054,0.09179799968887892,0.005464457641583487,0.006260895959826485,0.030915695047292812,0.17675351090196473,0.20251512865064086,0.8597020069143414,0.8395140324826775,0.875,0.856,0.836,True,999,0.00012012501247227192,0.0028207499999552965,weak_5x5_bal_strong_500_500,weak_null,True,1169,947166935,-1.8318679906315083e-15,0,5
500,500,0.10891107088122798,0.13461011030938974,0.09233659781307324,0.12126356594285426,-0.025699039428161763,-0.028926968129781017,0.03260422645058391,-0.7882119045858093,-0.8872152870617472,0.43057276691513513,0.37496300358702483,0.525,0.434,0.371,True,999,0.00011966703459620476,0.002709291991777718,weak_5x5_bal_strong_500_500,weak_null,True,1170,947166935,-1.8318679906315083e-15,0,7
500,500,0.10116254284132964,0.18314351623347358,0.08458774864891438,0.16840988486541164,-0.08198097339214394,-0.08382213621649726,0.033425786993839066,-2.4526265726295216,-2.507708681083473,0.014181747663770674,0.012151680479174158,0.031,0.01,0.009,True,999,0.00011395907495170832,0.0027654169825837016,weak_5x5_bal_strong_500_500,weak_null,True,1171,947166935,-1.8318679906315083e-15,0,7
500,500,0.12276946528627808,0.11590311231158995,0.10617637452196504,0.10432861819867867,0.006866352974688128,0.0018477563232863758,0.03245291728484913,0.2115789133660946,0.056936524598637975,0.8324355615920799,0.9545957590692398,0.865,0.833,0.955,True,999,0.00011708296369761229,0.002796833054162562,weak_5x5_bal_strong_500_500,weak_null,True,1172,947166935,-1.8318679906315083e-15,0,8
500,500,0.10622435004512853,0.09642854827524205,0.08967986829657093,0.08230842289384555,0.00979580176988648,0.007371445402725385,0.02977175410939345,0.329030050896321,0.2475986257188514,0.7421329741650706,0.8044449741420903,0.806,0.749,0.808,True,999,0.00011662498582154512,0.002722749952226877,weak_5x5_bal_strong_500_500,weak_null,True,1173,947166935,-1.8318679906315083e-15,0,7
500,500,0.13227725726589923,0.11163163926421305,0.11563858646843528,0.10055713660315746,0.020645618001686183,0.015081449865277818,0.03242925406129831,0.6366356118664184,0.46505694632292843,0.5243622230171252,0.6418906765835262,0.596,0.5,0.635,True,999,0.00011554092634469271,0.002683624974451959,weak_5x5_bal_strong_500_500,weak_null,True,1174,947166935,-1.8318679906315083e-15,0,9
500,500,0.10307697437386931,0.10331098689069712,0.08632617868511261,0.085013287251968,-0.00023401251682780844,0.001312891433144614,0.03024745283735771,-0.007736602420246994,0.04340502455542642,0.9938271459552569,0.9653786724618086,0.999,0.998,0.965,True,999,0.00011891708709299564,0.0028029170352965593,weak_5x5_bal_strong_500_500,weak_null,True,1175,947166935,-1.8318679906315083e-15,0,5
500,500,0.12084773899810086,0.1218457154506642,0.10427145260212001,0.11157788231102472,-0.0009979764525633317,-0.007306429708904716,0.03333577407296721,-0.02993710151679409,-0.21917684265894033,0.97611721636922,0.8265122938082774,0.975,0.972,0.821,True,999,0.00012183305807411671,0.0029069579904899,weak_5x5_bal_strong_500_500,weak_null,True,1176,947166935,-1.8318679906315083e-15,0,9
500,500,0.13416838539178277,0.08518293185815828,0.11740239119205853,0.0705080727854579,0.04898545353362449,0.04689431840660063,0.03128665829472325,1.565697847055986,1.4988599282432713,0.11741937055255658,0.13390997383668599,0.212,0.119,0.132,True,999,0.0001335830893367529,0.0027619580505415797,weak_5x5_bal_strong_500_500,weak_null,True,1177,947166935,-1.8318679906315083e-15,0,8
500,500,0.11763944133929405,0.1473184561505173,0.10101247881289055,0.1330942206330974,-0.02967901481122326,-0.032081741820206844,0.03384667216568318,-0.8768665547366437,-0.9478551292476611,0.38055912411699166,0.3432032105654167,0.445,0.375,0.327,True,999,0.0001207499299198389,0.0028735409723594785,weak_5x5_bal_strong_500_500,weak_null,True,1178,947166935,-1.8318679906315083e-15,0,7
500,500,0.09720562294860868,0.11304061411359234,0.08061345818532573,0.10122635911002931,-0.01583499116498366,-0.02061290092470358,0.031150165169362705,-0.5083437304068594,-0.6617268580321077,0.6112123070513867,0.5081462886862711,0.683,0.622,0.512,True,999,0.00013154197949916124,0.002709541004151106,weak_5x5_bal_strong_500_500,weak_null,True,1179,947166935,-1.8318679906315083e-15,0,9
500,500,0.09646126184275383,0.11170186752946781,0.07978261846051282,0.08494335638886241,-0.015240605686713982,-0.00516073792834959,0.030258092951386054,-0.5036869214196741,-0.17055727658187356,0.6144814003475187,0.864571893935037,0.712,0.636,0.861,True,999,0.0001117499778047204,0.0027236249297857285,weak_5x5_bal_strong_500_500,weak_null,True,1180,947166935,-1.8318679906315083e-15,0,2
500,500,0.16089450507891412,0.10527556555112683,0.1440650941556214,0.09302795663722918,0.05561893952778729,0.05103713751839223,0.032207514682925036,1.72689324449098,1.5846344563012744,0.08418683790870334,0.11304941158202908,0.164,0.101,0.13,True,999,0.00011879194062203169,0.002889874973334372,weak_5x5_bal_strong_500_500,weak_null,True,1181,947166935,-1.8318679906315083e-15,0,8
500,500,0.10915324984716634,0.1536871508055187,0.09247892357279852,0.13391997803648792,-0.04453390095835236,-0.0414410544636894,0.03201734172046122,-1.390930619636427,-1.2943315165108098,0.16424646664468368,0.1955509346687222,0.279,0.175,0.207,True,999,0.00011725001968443394,0.0027650000993162394,weak_5x5_bal_strong_500_500,weak_null,True,1182,947166935,-1.8318679906315083e-15,0,5
500,500,0.10227748342904164,0.08862819490137863,0.08576498951549638,0.07464097782732892,0.013649288527663006,0.011124011688167457,0.028737643556149932,0.4749619954396721,0.38708851219594476,0.6348140618380709,0.6986906819291961,0.701,0.618,0.669,True,999,0.00011683302000164986,0.002635458018630743,weak_5x5_bal_strong_500_500,weak_null,True,1183,947166935,-1.8318679906315083e-15,0,7
500,500,0.12452501260689242,0.12972902170709688,0.10781608086097094,0.11373874935722483,-0.005204009100204465,-0.005922668496253891,0.031767699774196655,-0.16381447625085613,-0.18643680651579894,0.8698771952316809,0.8521022309554755,0.901,0.88,0.865,True,999,0.00011916598305106163,0.0027872080681845546,weak_5x5_bal_strong_500_500,weak_null,True,1184,947166935,-1.8318679906315083e-15,0,6
500,500,0.17309045619037633,0.11497731380716825,0.15640329529014707,0.1019029351879226,0.05811314238320808,0.05450036010222448,0.03381881469811149,1.718367213693425,1.611539629307821,0.08572965663316127,0.10706215691386312,0.134,0.082,0.095,True,999,0.00011808308772742748,0.0027788339648395777,weak_5x5_bal_strong_500_500,weak_null,True,1185,947166935,-1.8318679906315083e-15,0,8
500,500,0.10783272980995662,0.10458507109316201,0.09124990709085523,0.08555694166156513,0.0032476587167946103,0.005692965429290098,0.02994713829510262,0.10844637924304484,0.19010048216263428,0.9136416127257909,0.8492303922595295,0.946,0.928,0.865,True,999,0.00011604197788983583,0.002787624951452017,weak_5x5_bal_strong_500_500,weak_null,True,1186,947166935,-1.8318679906315083e-15,0,5
500,500,0.11196804382111836,0.13417104374310096,0.09539781778710221,0.11939250461031747,-0.022202999921982602,-0.02399468682321526,0.0321446570208838,-0.6907213197999815,-0.7464595689301132,0.4897406886929595,0.45538984642956337,0.563,0.479,0.441,True,999,0.00011600006837397814,0.002807582961395383,weak_5x5_bal_strong_500_500,weak_null,True,1187,947166935,-1.8318679906315083e-15,0,7
500,500,0.11654028893221535,0.1079779378690569,0.09993637686932288,0.093500178022623,0.008562351063158447,0.006436198846699881,0.03030737151561139,0.2825171116785222,0.21236413865137008,0.7775470275431334,0.8318229609006241,0.826,0.779,0.843,True,999,0.00011608295608311892,0.0027528329519554973,weak_5x5_bal_strong_500_500,weak_null,True,1188,947166935,-1.8318679906315083e-15,0,6
500,500,0.10424808668564678,0.11476615950904223,0.0876840499163336,0.09781624227488805,-0.010518072823395452,-0.010132192358554448,0.030544204350013305,-0.3443557639566038,-0.3317222554710296,0.7305787520269733,0.7400989939316536,0.78,0.719,0.722,True,999,0.00011491600889712572,0.002785207936540246,weak_5x5_bal_strong_500_500,weak_null,True,1189,947166935,-1.8318679906315083e-15,0,6
500,500,0.10777839480906937,0.12083525694807945,0.09120043050450022,0.10872954620865016,-0.013056862139010084,-0.017529115704149945,0.03173834490491793,-0.4113907696865092,-0.5523008763268487,0.6807860210547372,0.5807422303074719,0.77,0.695,0.601,True,999,0.00011716701555997133,0.0027454999508336186,weak_5x5_bal_strong_500_500,weak_null,True,1190,947166935,-1.8318679906315083e-15,0,8
500,500,0.12150012788106124,0.11268216129328101,0.10486164134783849,0.09763293169388021,0.008817966587780224,0.007228709653958276,0.031946837251143424,0.2760200178333652,0.2262730922980349,0.782532691254422,0.8209890249343681,0.826,0.792,0.816,True,999,0.00013366597704589367,0.002633500029332936,weak_5x5_bal_strong_500_500,weak_null,True,1191,947166935,-1.8318679906315083e-15,0,7
500,500,0.11864960764066024,0.15972511550810597,0.10208212906002245,0.1414686684704236,-0.04107550786744574,-0.039386539410401156,0.03379686191129174,-1.2153645499768178,-1.1653904292588144,0.22422708243153677,0.2438609896040107,0.31,0.222,0.246,True,999,0.00011849997099488974,0.0027420829283073545,weak_5x5_bal_strong_500_500,weak_null,True,1192,947166935,-1.8318679906315083e-15,0,5
500,500,0.1670063076855195,0.13045009871795354,0.15008320977301537,0.11657085481596141,0.03655620896756595,0.03351235495705396,0.0351845693844729,1.038984123071245,0.9524730739448273,0.2988121203251842,0.3408571152310691,0.393,0.333,0.369,True,999,0.00011858297511935234,0.0027762920362874866,weak_5x5_bal_strong_500_500,weak_null,True,1193,947166935,-1.8318679906315083e-15,0,8
500,500,0.11377991801949072,0.13736560375157209,0.09719854222237245,0.12123268870226411,-0.023585685732081363,-0.02403414647989166,0.032723983192167544,-0.720746175475563,-0.73445052024242,0.4710656968690796,0.4626742059581025,0.582,0.473,0.461,True,999,0.00011104193981736898,0.0026829999405890703,weak_5x5_bal_strong_500_500,weak_null,True,1194,947166935,-1.8318679906315083e-15,0,6
500,500,0.09477144399421422,0.11488281923432203,0.07821844180023163,0.09866748706542694,-0.02011137524010781,-0.02044904526519531,0.030492923935894794,-0.6595423673501403,-0.6706160848393972,0.5095475491929276,0.5024651330233953,0.628,0.523,0.517,True,999,0.00011770904529839754,0.0027112499810755253,weak_5x5_bal_strong_500_500,weak_null,True,1195,947166935,-1.8318679906315083e-15,0,6
500,500,0.0902083851347657,0.08992509766282486,0.07365428466175672,0.07522682696185257,0.0002832874719408407,-0.0015725423000958472,0.02868989918086345,0.00987411876754859,-0.0548117053386076,0.9921217211037439,0.9562884749111318,0.992,0.992,0.954,True,999,0.00012366706505417824,0.0026475409977138042,weak_5x5_bal_strong_500_500,weak_null,True,1196,947166935,-1.8318679906315083e-15,0,8
500,500,0.08378667146293539,0.1428931200403456,0.06729234401632311,0.12621623946080263,-0.05910644857741021,-0.05892389544447951,0.030590514500610854,-1.9321822317251294,-1.9262145931969492,0.05333701747640157,0.054077584396053265,0.132,0.057,0.057,True,999,0.00011500006075948477,0.002671582973562181,weak_5x5_bal_strong_500_500,weak_null,True,1197,947166935,-1.8318679906315083e-15,0,5
500,500,0.10353788166260691,0.15503218677552272,0.08684255300806853,0.1361033070170663,-0.051494305112915806,-0.049260754008997765,0.03301647151703172,-1.5596550069365285,-1.4920054065615806,0.11884143002473879,0.13569772799209764,0.203,0.129,0.15,True,999,0.00011637492571026087,0.002739249961450696,weak_5x5_bal_strong_500_500,weak_null,True,1198,947166935,-1.8318679906315083e-15,0,5
500,500,0.10241432787926619,0.09327835802566853,0.08588576616386945,0.07620735674024104,0.009135969853597659,0.009678409423628409,0.030776101865971545,0.2968527298676217,0.3144780799653387,0.7665789463030367,0.7531579622632321,0.827,0.771,0.757,True,999,0.00012191606219857931,0.0026719170855358243,weak_5x5_bal_strong_500_500,weak_null,True,1199,947166935,-1.8318679906315083e-15,0,6
500,500,0.08833149671437779,0.15303300010045945,0.07180657674336999,0.14165364055733676,-0.06470150338608166,-0.06984706381396677,0.032255447934663006,-2.005909312347537,-2.1654346253522743,0.04486592452214383,0.03035441680303578,0.104,0.051,0.035,True,999,0.00011304102372378111,0.0026929170126095414,weak_5x5_bal_strong_500_500,weak_null,True,1200,947166935,-1.8318679906315083e-15,0,8
500,500,0.13202835809562452,0.09897672451868023,0.1145166263770534,0.08018924518538029,0.033051633576944295,0.03432738119167311,0.030181048872139463,1.095112158525899,1.1373819822200144,0.27346750264098996,0.2553786361228839,0.415,0.31,0.293,True,999,0.0001140000531449914,0.002843166934326291,weak_5x5_bal_strong_500_500,weak_null,True,1201,947166935,-1.8318679906315083e-15,0,6
500,500,0.11429631379037297,0.11032978607386351,0.09772263193690378,0.09707072618056145,0.00396652771650946,0.0006519057563423303,0.0317063553693367,0.12510197625380493,0.020560728243549244,0.9004428187656004,0.9835960681598032,0.904,0.892,0.981,True,999,0.0001237079268321395,0.00282158306799829,weak_5x5_bal_strong_500_500,weak_null,True,1202,947166935,-1.8318679906315083e-15,0,8
500,500,0.12603902707607184,0.07789388344098591,0.10928216175523175,0.055455083830736385,0.04814514363508593,0.05382707792449537,0.029298995575513558,1.643235294909663,1.8371646149358443,0.10033425996629403,0.0661855976803382,0.247,0.118,0.085,True,999,0.00013124989345669746,0.002748166909441352,weak_5x5_bal_strong_500_500,weak_null,True,1203,947166935,-1.8318679906315083e-15,0,4
500,500,0.09028571508701333,0.14305965240563084,0.0737396846085403,0.12103248763827423,-0.052773937318617514,-0.04729280302973393,0.03279179141575023,-1.6093642658775167,-1.4422146820261466,0.10753671415611742,0.14924181995620656,0.223,0.113,0.164,True,999,0.0001222500577569008,0.002872166922315955,weak_5x5_bal_strong_500_500,weak_null,True,1204,947166935,-1.8318679906315083e-15,0,4
500,500,0.09038099779142628,0.09523963032312172,0.07386931968562749,0.07888755314340301,-0.004858632531695439,-0.005018233457775523,0.029154711304079654,-0.16664999632548463,-0.1721242719722392,0.8676454523450189,0.8633398312564937,0.892,0.849,0.843,True,999,0.00012154201976954937,0.0026692498940974474,weak_5x5_bal_strong_500_500,weak_null,True,1205,947166935,-1.8318679906315083e-15,0,6
500,500,0.1153520992650996,0.09503520164956908,0.09876767864830072,0.07788538545321444,0.020316897615530516,0.020882293195086277,0.030211441312278445,0.6724901803103774,0.6912047981835067,0.5012716894473717,0.4894368489888006,0.618,0.521,0.513,True,999,0.00011741602793335915,0.0027118329890072346,weak_5x5_bal_strong_500_500,weak_null,True,1206,947166935,-1.8318679906315083e-15,0,6
500,500,0.10134152480767522,0.10506409695734842,0.08476784093534206,0.09076270224156247,-0.003722572149673198,-0.0059948613062204,0.030136370147265588,-0.12352423770621108,-0.19892446492147767,0.9016919823485652,0.8423218317049613,0.932,0.915,0.843,True,999,0.0001130829332396388,0.0028251659823581576,weak_5x5_bal_strong_500_500,weak_null,True,1207,947166935,-1.8318679906315083e-15,0,6
500,500,0.10087068899659046,0.1318683380893506,0.08427001143263624,0.11496364896913747,-0.03099764909276015,-0.030693637536501228,0.03130023842538449,-0.9903326828213889,-0.9806199275341203,0.32201153685691597,0.3267802036127493,0.412,0.308,0.31,True,999,0.00011908297892659903,0.002685333020053804,weak_5x5_bal_strong_500_500,weak_null,True,1208,947166935,-1.8318679906315083e-15,0,6
500,500,0.08230819049683968,0.10761364922796796,0.06579485969314192,0.09539845123634905,-0.025305458731128272,-0.02960359154320713,0.03029332735737961,-0.8353476140997015,-0.977231427699062,0.40352201599819315,0.3284545923792743,0.522,0.415,0.32,True,999,0.00011991697829216719,0.0027290830621495843,weak_5x5_bal_strong_500_500,weak_null,True,1209,947166935,-1.8318679906315083e-15,0,8
500,500,0.15347440627107045,0.12062760332571743,0.13679264510244593,0.10313019904330645,0.032846802945353026,0.033662446059139484,0.03296392580727953,0.996446938310344,1.0211904448500395,0.3190330363773797,0.30716421849261977,0.434,0.335,0.323,True,999,0.0001206250162795186,0.0028912079287692904,weak_5x5_bal_strong_500_500,weak_null,True,1210,947166935,-1.8318679906315083e-15,0,5
500,500,0.13377812619195817,0.1704834643192864,0.11711940150451028,0.15980276082666478,-0.036705338127328235,-0.0426833593221545,0.03514731634546579,-1.0443283284148503,-1.2144130408881388,0.2963335107127295,0.22459003803102184,0.402,0.319,0.256,True,999,0.00012104201596230268,0.0027585000498220325,weak_5x5_bal_strong_500_500,weak_null,True,1211,947166935,-1.8318679906315083e-15,0,8
500,500,0.10387993982899779,0.09735027314685629,0.08726530955095768,0.07815360890799639,0.0065296666821414995,0.009111700642961296,0.02935155862090384,0.2224640526411823,0.31043328092539685,0.8239526539728618,0.7562314888396303,0.857,0.811,0.748,True,999,0.00011237501166760921,0.0027382909320294857,weak_5x5_bal_strong_500_500,weak_null,True,1212,947166935,-1.8318679906315083e-15,0,4
500,500,0.0899966107117387,0.10723614388761837,0.07345271123665498,0.08909991457042565,-0.017239533175879673,-0.015647203333770676,0.030033212433215627,-0.5740156240100838,-0.5209966589010454,0.5659572285759938,0.6023690988554282,0.655,0.564,0.599,True,999,0.00012004200834780931,0.0027808749582618475,weak_5x5_bal_strong_500_500,weak_null,True,1213,947166935,-1.8318679906315083e-15,0,5
500,500,0.11012285338065486,0.12110865500209383,0.09263591878425359,0.10831702153473088,-0.010985801621438973,-0.015681102750477294,0.030788186239694097,-0.35681873352043636,-0.5093220701081838,0.7212275109109979,0.6105264905438645,0.763,0.708,0.609,True,999,0.00011575000826269388,0.002660667058080435,weak_5x5_bal_strong_500_500,weak_null,True,1214,947166935,-1.8318679906315083e-15,0,9
500,500,0.12059027841040781,0.1284526711254224,0.10401427135138874,0.11400320317596879,-0.007862392715014599,-0.00998893182458005,0.03273117580668137,-0.2402111296414124,-0.30518096519285515,0.8101665860384306,0.7602283289062386,0.849,0.803,0.753,True,999,0.00011199992150068283,0.002708583022467792,weak_5x5_bal_strong_500_500,weak_null,True,1215,947166935,-1.8318679906315083e-15,0,6
500,500,0.12195602906842473,0.11414640670905452,0.10534084306232216,0.09900221791141917,0.007809622359370216,0.006338625150902999,0.03234415710013106,0.2414538840877251,0.1959743495951952,0.8092033543613728,0.8446302427484544,0.825,0.785,0.821,True,999,0.00011300004553049803,0.002770707942545414,weak_5x5_bal_strong_500_500,weak_null,True,1216,947166935,-1.8318679906315083e-15,0,7
500,500,0.11654547869234322,0.15374271481194024,0.09983474728073816,0.13555414576865132,-0.03719723611959702,-0.03571939848791317,0.03277413122468144,-1.1349571973271604,-1.0898656090390495,0.2563932527833408,0.2757723478244216,0.372,0.263,0.289,True,999,0.00011441705282777548,0.002686541061848402,weak_5x5_bal_strong_500_500,weak_null,True,1217,947166935,-1.8318679906315083e-15,0,7
500,500,0.14823719795090384,0.11896674896402104,0.13159198360392566,0.10151452918364612,0.029270448986882802,0.030077454420279537,0.033005703589134086,0.886830026447884,0.9112805106260917,0.3751704190965308,0.36214759259324025,0.473,0.376,0.36,True,999,0.00011195801198482513,0.002726915990933776,weak_5x5_bal_strong_500_500,weak_null,True,1218,947166935,-1.8318679906315083e-15,0,5
500,500,0.10806833405762295,0.1710116168265602,0.09147888922097991,0.15613186667570744,-0.06294328276893724,-0.06465297745472753,0.033825184998646785,-1.8608407543507997,-1.9113857753420729,0.06276666834753532,0.05595502334039791,0.121,0.07,0.065,True,999,0.00011070806067436934,0.002720167045481503,weak_5x5_bal_strong_500_500,weak_null,True,1219,947166935,-1.8318679906315083e-15,0,7
500,500,0.11732387248307208,0.15960451155616306,0.10071497621402159,0.13929931700818088,-0.042280639073090986,-0.03858434079415929,0.034356571545232674,-1.230641975361999,-1.123055621058128,0.21845679870609536,0.26141387253837944,0.29,0.226,0.261,True,999,0.00011204194743186235,0.0026909579755738378,weak_5x5_bal_strong_500_500,weak_null,True,1220,947166935,-1.8318679906315083e-15,0,4
500,500,0.08425767628579561,0.13644762832847773,0.06768414258465327,0.1168370581034992,-0.05218995204268212,-0.04915291551884593,0.03175776546885278,-1.6433760773839303,-1.5477447733863352,0.10030514658743454,0.12168375770761845,0.183,0.102,0.12,True,999,0.0001175830839201808,0.0027344170957803726,weak_5x5_bal_strong_500_500,weak_null,True,1221,947166935,-1.8318679906315083e-15,0,4
500,500,0.11480900464706778,0.12153812595333718,0.09812135472861883,0.10972967825316005,-0.006729121306269403,-0.01160832352454122,0.031592916869794097,-0.21299461945861348,-0.36743437057057265,0.8313311594463548,0.7132950377958371,0.87,0.829,0.707,True,999,0.00011737493332475424,0.002747124992311001,weak_5x5_bal_strong_500_500,weak_null,True,1222,947166935,-1.8318679906315083e-15,0,9
500,500,0.08634990833205358,0.09344158753266135,0.06982800514015253,0.0768463516645852,-0.00709167920060777,-0.007018346524432673,0.028035741711715877,-0.2529513673484951,-0.25033568209468027,0.8003057944543368,0.8023277644046134,0.849,0.799,0.798,True,999,0.00011691695544868708,0.0026562500279396772,weak_5x5_bal_strong_500_500,weak_null,True,1223,947166935,-1.8318679906315083e-15,0,5
500,500,0.12370598481214601,0.08740256794473988,0.10713787132613106,0.08026364273354147,0.036303416867406124,0.02687422859258959,0.030961208558091046,1.1725452124806997,0.8679967560751626,0.24097823106706973,0.38539610849869765,0.351,0.239,0.368,True,999,0.00012116599828004837,0.0027580829337239265,weak_5x5_bal_strong_500_500,weak_null,True,1224,947166935,-1.8318679906315083e-15,0,11
500,500,0.12386629313212039,0.0866432343999613,0.10714705995565055,0.07249671983331041,0.03722305873215909,0.03465034012234014,0.02965687463149869,1.2551241219674687,1.1683746366698353,0.20943370501160352,0.24265568110939195,0.346,0.209,0.238,True,999,0.00013149995356798172,0.0027996249264106154,weak_5x5_bal_strong_500_500,weak_null,True,1225,947166935,-1.8318679906315083e-15,0,7
500,500,0.12230431813536846,0.10169954727943847,0.10572598352337081,0.08143661306800709,0.020604770855929988,0.024289370455363724,0.03116867520140959,0.6610730396073474,0.779287868297503,0.5085654741122427,0.4358101594574818,0.631,0.535,0.451,True,999,0.00011370796710252762,0.002658457960933447,weak_5x5_bal_strong_500_500,weak_null,True,1226,947166935,-1.8318679906315083e-15,0,4
500,500,0.14464599485970497,0.0853429684926093,0.12798680719731692,0.07021641879595109,0.05930302636709567,0.057770388401365835,0.031171224141036992,1.9024926996377756,1.8533243397814132,0.057106772356394934,0.06383588454757275,0.139,0.057,0.063,True,999,0.00012049998622387648,0.0027770829619839787,weak_5x5_bal_strong_500_500,weak_null,True,1227,947166935,-1.8318679906315083e-15,0,7
500,500,0.12321081361660391,0.10314978305389783,0.10644188984849734,0.09098784672582383,0.020061030562706084,0.015454043122673511,0.03081699043596721,0.6509730599550175,0.5014780127470444,0.5150638775026684,0.6160347482016337,0.634,0.512,0.632,True,999,0.00012037507258355618,0.002692874986678362,weak_5x5_bal_strong_500_500,weak_null,True,1228,947166935,-1.8318679906315083e-15,0,8
500,500,0.11978244241083114,0.1284770479624957,0.10319423995724719,0.10917920261056224,-0.00869460555166457,-0.005984962653315051,0.032313764797032435,-0.2690681697498475,-0.1852140315716071,0.787877224297014,0.853061163893444,0.826,0.79,0.846,True,999,0.00011583301238715649,0.00268958299420774,weak_5x5_bal_strong_500_500,weak_null,True,1229,947166935,-1.8318679906315083e-15,0,4
500,500,0.1457018164355044,0.11303845359618614,0.12903651227031787,0.09893451359786809,0.032663362839318255,0.03010199867244978,0.03231455100002328,1.0107942653851116,0.9315307730077419,0.31211490838574063,0.35157907398793253,0.45,0.325,0.36,True,999,0.0001142079709097743,0.0028097500326111913,weak_5x5_bal_strong_500_500,weak_null,True,1230,947166935,-1.8318679906315083e-15,0,7
500,500,0.10697760859298966,0.07293825020676242,0.09043661221369348,0.0571802930243166,0.034039358386227236,0.03325631918937688,0.02833228739157072,1.2014334711412837,1.1737957733434234,0.2295830989730957,0.2404768373830265,0.404,0.24,0.255,True,999,0.00011679204180836678,0.00264645810239017,weak_5x5_bal_strong_500_500,weak_null,True,1231,947166935,-1.8318679906315083e-15,0,7
500,500,0.11309765189636312,0.155892077785049,0.09640397087400743,0.14050406508846436,-0.04279442588868587,-0.04410009421445693,0.0330618612962433,-1.2943743700705819,-1.3338660464185017,0.1955361391759305,0.18224776087729233,0.29,0.192,0.178,True,999,0.00011587492190301418,0.0027150000678375363,weak_5x5_bal_strong_500_500,weak_null,True,1232,947166935,-1.8318679906315083e-15,0,6
500,500,0.10004494647179807,0.11200644631270529,0.08337485000095057,0.10042737086217812,-0.01196149984090722,-0.01705252086122755,0.030738095921823947,-0.3891425113425648,-0.5547682883350076,0.6971707274768568,0.5790531603847452,0.765,0.688,0.584,True,999,0.00010900001507252455,0.0027322089299559593,weak_5x5_bal_strong_500_500,weak_null,True,1233,947166935,-1.8318679906315083e-15,0,8
500,500,0.15551615824794496,0.1348644892923379,0.13799080024671184,0.11852751191324273,0.02065166895560705,0.01946328833346911,0.03257264661370252,0.6340187581478072,0.597534752527029,0.5260685803549408,0.5501504117464151,0.614,0.532,0.566,True,999,0.00012316706124693155,0.002710459055379033,weak_5x5_bal_strong_500_500,weak_null,True,1234,947166935,-1.8318679906315083e-15,0,5
500,500,0.12669957992790182,0.09341821661330546,0.11004638772715225,0.07362669354643003,0.03328136331459636,0.03641969418072222,0.030719471220232348,1.083396360438545,1.1855573268050137,0.2786325304557786,0.23579716289296204,0.416,0.283,0.234,True,999,0.0001117080682888627,0.0026979580288752913,weak_5x5_bal_strong_500_500,weak_null,True,1235,947166935,-1.8318679906315083e-15,0,5
500,500,0.12291622457005946,0.1357767790180035,0.10632619829641499,0.11828594748354249,-0.01286055444794404,-0.0119597491871275,0.031988217150635254,-0.40204036340576865,-0.37387982990136703,0.6876543210748465,0.7084937233929041,0.746,0.673,0.695,True,999,0.00011258292943239212,0.002797457971610129,weak_5x5_bal_strong_500_500,weak_null,True,1236,947166935,-1.8318679906315083e-15,0,5
500,500,0.10320891644670582,0.12701817520320063,0.08661337914008982,0.10909375409613631,-0.02380925875649481,-0.02248037495604649,0.03265149467086156,-0.7291935329913817,-0.6884945140385303,0.4658832865300565,0.4911414237843592,0.559,0.457,0.476,True,999,0.00011591706424951553,0.0026530419709160924,weak_5x5_bal_strong_500_500,weak_null,True,1237,947166935,-1.8318679906315083e-15,0,6
500,500,0.12285611427132626,0.09936882725468865,0.10615768711090823,0.08430865605359372,0.023487287016637604,0.021849031057314505,0.03049196649353099,0.7702778704555031,0.7165504088412886,0.44113508048033934,0.47365155309446805,0.568,0.451,0.493,True,999,0.0001228750916197896,0.002715667011216283,weak_5x5_bal_strong_500_500,weak_null,True,1238,947166935,-1.8318679906315083e-15,0,7
500,500,0.10174749606063438,0.09163031793350251,0.08514186509296451,0.07789474776538441,0.010117178127131865,0.007247117327580099,0.02833080610861958,0.35710872780473896,0.2558034282467939,0.7210104108614136,0.7981026266069954,0.795,0.735,0.798,True,999,0.00011841603554785252,0.0028159170178696513,weak_5x5_bal_strong_500_500,weak_null,True,1239,947166935,-1.8318679906315083e-15,0,8
500,500,0.09854970393597395,0.08708021125585508,0.08201272560290818,0.07602128728126445,0.011469492680118876,0.005991438321643727,0.029152964491727013,0.3934245755135356,0.20551729218975207,0.6940059214369314,0.8371679892253147,0.778,0.708,0.844,True,999,0.0001116250641644001,0.00262170797213912,weak_5x5_bal_strong_500_500,weak_null,True,1240,947166935,-1.8318679906315083e-15,0,9
500,500,0.08012861551100303,0.10400161741469827,0.06359130055068363,0.08719570098315899,-0.023873001903695235,-0.02360440043247536,0.030135762746618618,-0.7921817710213392,-0.7832687239722808,0.42825469601742794,0.4334693254204548,0.523,0.401,0.402,True,999,0.0001133340410888195,0.00265745900105685,weak_5x5_bal_strong_500_500,weak_null,True,1241,947166935,-1.8318679906315083e-15,0,7
500,500,0.11891292303371248,0.09341218024180098,0.10234089005871283,0.07885653202097842,0.0255007427919115,0.02348435803773441,0.03013646497577045,0.846175648418418,0.7792671787024691,0.39745476453214557,0.43582234442274836,0.546,0.394,0.439,True,999,0.00011733395513147116,0.002831334015354514,weak_5x5_bal_strong_500_500,weak_null,True,1242,947166935,-1.8318679906315083e-15,0,8
500,500,0.12868101972781898,0.1441167097394822,0.11205149977092788,0.12778588576748007,-0.015435690011663228,-0.01573438599655219,0.03282521848707452,-0.4702387591948943,-0.47933834782388024,0.6381844454753467,0.6316979454585829,0.694,0.613,0.598,True,999,0.00011737504974007607,0.0026696670101955533,weak_5x5_bal_strong_500_500,weak_null,True,1243,947166935,-1.8318679906315083e-15,0,6
500,500,0.12994594053395114,0.1201461979272494,0.11319588483718235,0.1083259329793691,0.009799742606701745,0.004869951857813248,0.03180454980935123,0.3081239214340461,0.15312123224524862,0.757988039492047,0.8783026724090943,0.802,0.755,0.878,True,999,0.00012224994134157896,0.0027565830387175083,weak_5x5_bal_strong_500_500,weak_null,True,1244,947166935,-1.8318679906315083e-15,0,9
500,500,0.09187506092629083,0.08304892027265892,0.07444160455986548,0.06595920494157781,0.008826140653631909,0.008482399618287673,0.027739498372019472,0.31817953357565903,0.3057877797402341,0.750348756528339,0.7597662334413713,0.8,0.742,0.749,True,999,0.0001194169744849205,0.00278700003400445,weak_5x5_bal_strong_500_500,weak_null,True,1245,947166935,-1.8318679906315083e-15,0,6
500,500,0.10083969772890167,0.10364567201193053,0.08429615281102087,0.08644339600675721,-0.002805974283028867,-0.002147243195736337,0.03020343343814395,-0.09290249364448741,-0.07109268554298138,0.9259810246758103,0.943323989533545,0.942,0.923,0.94,True,999,0.00011424999684095383,0.002651499933563173,weak_5x5_bal_strong_500_500,weak_null,True,1246,947166935,-1.8318679906315083e-15,0,6
500,500,0.14584434806169466,0.10349882602574184,0.12918050563268935,0.08593706965825731,0.04234552203595282,0.04324343597443203,0.03180531455094831,1.3313976809793961,1.3596292501733074,0.1830581920737061,0.17394727710211577,0.262,0.171,0.164,True,999,0.00011262495536357164,0.00275387498550117,weak_5x5_bal_strong_500_500,weak_null,True,1247,947166935,-1.8318679906315083e-15,0,5
500,500,0.11838412833499712,0.1584352800558847,0.10167778186496435,0.14287500610851112,-0.04005115172088758,-0.04119722424354677,0.0330477503964561,-1.2119176416069306,-1.246596931692046,0.22554390834700966,0.2125453273526794,0.327,0.216,0.203,True,999,0.00012108299415558577,0.0027883329894393682,weak_5x5_bal_strong_500_500,weak_null,True,1248,947166935,-1.8318679906315083e-15,0,6
500,500,0.08503311265165459,0.14145299061181105,0.06852083517480878,0.1274020550998216,-0.05641987796015646,-0.05888121992501283,0.03225896215396182,-1.7489675486422112,-1.8252670263845254,0.08029662900651804,0.06796074350313713,0.161,0.092,0.075,True,999,0.00011179200373589993,0.002677874988876283,weak_5x5_bal_strong_500_500,weak_null,True,1249,947166935,-1.8318679906315083e-15,0,7
500,500,0.10758710340940225,0.09052242745418548,0.09102080025400028,0.07519554351873126,0.017064675955216768,0.015825256735269022,0.02994552914169538,0.5698572189013803,0.5284680948660996,0.5687745431171588,0.5971744857893893,0.692,0.591,0.615,True,999,0.00011429109144955873,0.002761333016678691,weak_5x5_bal_strong_500_500,weak_null,True,1250,947166935,-1.8318679906315083e-15,0,7
500,500,0.1064644124972105,0.12059505164541273,0.08991491535527985,0.10343076253315076,-0.014130639148202229,-0.01351584717787091,0.030558932570667923,-0.4624061758546358,-0.4422879348490115,0.6437900713237761,0.6582808605360138,0.713,0.642,0.657,True,999,0.00011291704140603542,0.0027568329824134707,weak_5x5_bal_strong_500_500,weak_null,True,1251,947166935,-1.8318679906315083e-15,0,5
500,500,0.11829991771555348,0.16381886901647047,0.10083275826434601,0.15811378935467246,-0.04551895130091699,-0.05728103109032645,0.033538655952559344,-1.357208570471752,-1.707910751443077,0.1747149483154944,0.08765290393332054,0.266,0.189,0.094,True,999,0.00011529098264873028,0.002705249935388565,weak_5x5_bal_strong_500_500,weak_null,True,1252,947166935,-1.8318679906315083e-15,0,12
500,500,0.06863679247018495,0.16201928566839413,0.052134900242776894,0.14740295830415562,-0.09338249319820918,-0.09526805806137872,0.030229284849617472,-3.0891400065453705,-3.1515154438919604,0.002007368169459063,0.0016242557272788908,0.029,0.006,0.006,True,999,0.00011945795267820358,0.002769457991234958,weak_5x5_bal_strong_500_500,weak_null,True,1253,947166935,-1.8318679906315083e-15,0,8
500,500,0.12637969208366084,0.08147321366180738,0.10952364582760765,0.06984222781898097,0.04490647842185347,0.03968141800862668,0.028631554723984893,1.5684261247690798,1.3859330515288164,0.1167817181701135,0.16576734730279497,0.268,0.132,0.18,True,999,0.00012004200834780931,0.002760209026746452,weak_5x5_bal_strong_500_500,weak_null,True,1254,947166935,-1.8318679906315083e-15,0,9
500,500,0.101327401340503,0.1493529797346087,0.08463405870156748,0.13330328760855537,-0.048025578394105706,-0.04866922890698788,0.0323421229866444,-1.4849234978772963,-1.5048248047008455,0.1375640906505218,0.1323691247709013,0.229,0.139,0.133,True,999,0.00011945900041610003,0.002696624957025051,weak_5x5_bal_strong_500_500,weak_null,True,1255,947166935,-1.8318679906315083e-15,0,7
500,500,0.14016532159353368,0.12603041276117233,0.12258391387786105,0.11221229536343458,0.014134908832361348,0.010371618514426473,0.031770549246038164,0.44490602673870966,0.32645386247830854,0.6563876671162179,0.7440809912090276,0.709,0.648,0.744,True,999,0.00012108299415558577,0.0028008329682052135,weak_5x5_bal_strong_500_500,weak_null,True,1256,947166935,-1.8318679906315083e-15,0,8
500,500,0.12302796128101967,0.12087308562115734,0.10642715414496706,0.10430156853249173,0.002154875659862332,0.0021255856124753336,0.03254133227926077,0.06621965079271436,0.0653195632629341,0.9472029520409928,0.9479195663746958,0.96,0.951,0.95,True,999,0.00011704105418175459,0.0029088330920785666,weak_5x5_bal_strong_500_500,weak_null,True,1257,947166935,-1.8318679906315083e-15,0,7
500,500,0.12716919293219298,0.156348037461979,0.1105723204508422,0.1440803775737436,-0.02917884452978603,-0.03350805712290139,0.03373850436713674,-0.8648529351587949,-0.9931696069947956,0.38711951257766797,0.3206273070306308,0.483,0.391,0.324,True,999,0.00013420800678431988,0.0026938749942928553,weak_5x5_bal_strong_500_500,weak_null,True,1258,947166935,-1.8318679906315083e-15,0,8
500,500,0.12986326188876984,0.12700454296775915,0.11317016626344412,0.11633803859550085,0.0028587189210106945,-0.0031678723320567315,0.0329379119611854,0.08679113977775695,-0.09617708419980618,0.9308375304811876,0.9233799305901053,0.943,0.929,0.923,True,999,0.00011658400762826204,0.0027623340720310807,weak_5x5_bal_strong_500_500,weak_null,True,1259,947166935,-1.8318679906315083e-15,0,8
500,500,0.0948110563060629,0.10465898275311392,0.07821131126502223,0.08921563424317469,-0.009847926447051014,-0.011004322978152459,0.02942586280394955,-0.3346690804841658,-0.37396772531255923,0.737874727932553,0.7084283283309836,0.816,0.747,0.712,True,999,0.00011712498962879181,0.002911000046879053,weak_5x5_bal_strong_500_500,weak_null,True,1260,947166935,-1.8318679906315083e-15,0,8
500,500,0.11854394353770847,0.1185426194737711,0.10193584072089834,0.10729206669427072,1.32406393738016e-06,-0.005356225973372375,0.03187346970012822,4.154125515161073e-05,-0.16804652972408674,0.9999668548738877,0.8665466741069637,1.0,1.0,0.853,True,999,0.00012929097283631563,0.002711416920647025,weak_5x5_bal_strong_500_500,weak_null,True,1261,947166935,-1.8318679906315083e-15,0,8
500,500,0.13116523528453627,0.09039999183493957,0.11450158455943438,0.07548157992320625,0.0407652434495967,0.03902000463622812,0.030983371163470715,1.3157136205261866,1.259385379026559,0.18827018087887004,0.20789116790303885,0.341,0.222,0.243,True,999,0.00011283298954367638,0.0028322080615907907,weak_5x5_bal_strong_500_500,weak_null,True,1262,947166935,-1.8318679906315083e-15,0,7
500,500,0.10558554409351895,0.11359074571957867,0.08904334810006276,0.10399649842648273,-0.008005201626059721,-0.014953150326419973,0.03148979539824997,-0.25421573956954346,-0.47485701756102827,0.7993288915303619,0.6348888895858419,0.844,0.797,0.625,True,999,0.00012037495616823435,0.0027984590269625187,weak_5x5_bal_strong_500_500,weak_null,True,1263,947166935,-1.8318679906315083e-15,0,10
500,500,0.0985699424902522,0.0744587335138478,0.08199622251436267,0.058024324624227575,0.024111208976404397,0.023971897890135097,0.02795770910182469,0.8624171919304631,0.8574342698404622,0.3884579833669185,0.3912049265689065,0.539,0.368,0.37,True,999,0.0001178329112008214,0.0027198749594390392,weak_5x5_bal_strong_500_500,weak_null,True,1264,947166935,-1.8318679906315083e-15,0,6
500,500,0.14353189913198006,0.1417452217582293,0.12676866584160962,0.12566480743799957,0.0017866773737507669,0.0011038584036100474,0.0332447582272039,0.05374313031666881,0.033203983499172196,0.9571398194120185,0.973511921502646,0.965,0.958,0.975,True,999,0.00011654198169708252,0.0028320830315351486,weak_5x5_bal_strong_500_500,weak_null,True,1265,947166935,-1.8318679906315083e-15,0,6
500,500,0.10601023163873147,0.12435770489387898,0.08938589686772502,0.112273528309629,-0.018347473255147517,-0.022887631441903977,0.03209418730177468,-0.5716758951591516,-0.7131394612580947,0.567541567771361,0.47575946303286754,0.64,0.567,0.478,True,999,0.00011424999684095383,0.0027135839918628335,weak_5x5_bal_strong_500_500,weak_null,True,1266,947166935,-1.8318679906315083e-15,0,8
500,500,0.11309879474992024,0.07761176746286552,0.09649736159758504,0.060539738476308,0.03548702728705472,0.03595762312127704,0.028764063657630717,1.2337278803664617,1.2500884280214686,0.21730432120312526,0.21126724652448292,0.385,0.221,0.216,True,999,0.00011583301238715649,0.0027377080405130982,weak_5x5_bal_strong_500_500,weak_null,True,1267,947166935,-1.8318679906315083e-15,0,6
500,500,0.09414661161380522,0.07890620581237362,0.07763469700000769,0.06204087013293247,0.0152404058014316,0.015593826867075222,0.02761740757448478,0.5518405650612889,0.5646376049242969,0.5810575920994782,0.5723202818044497,0.681,0.585,0.572,True,999,0.00011625001206994057,0.002863959060050547,weak_5x5_bal_strong_500_500,weak_null,True,1268,947166935,-1.8318679906315083e-15,0,6
500,500,0.09750598609615224,0.14599902851478808,0.08093662894214049,0.13653912232751964,-0.048493042418635834,-0.05560249338537915,0.031980104235036604,-1.5163503552783317,-1.738658916704294,0.12943078509967168,0.08209477653700514,0.205,0.115,0.07,True,999,0.00012808304745703936,0.0026654580142349005,weak_5x5_bal_strong_500_500,weak_null,True,1269,947166935,-1.8318679906315083e-15,0,9
500,500,0.13725777551655116,0.11004805657681493,0.12061232652172293,0.0913232775577626,0.027209718939736227,0.02928904896396034,0.0327390588907795,0.8311087692077632,0.8946209804524708,0.40591218627699244,0.37098973253909884,0.514,0.408,0.367,True,999,0.00011808297131210566,0.0027455829549580812,weak_5x5_bal_strong_500_500,weak_null,True,1270,947166935,-1.8318679906315083e-15,0,6
500,500,0.13024691364690977,0.13232993824867917,0.11359283811918885,0.11765491069391487,-0.002083024601769401,-0.004062072574726017,0.034342031254346136,-0.06065525321848238,-0.1182828279620747,0.9516337687844972,0.9058435631784352,0.955,0.944,0.894,True,999,0.00013404199853539467,0.0028449160745367408,weak_5x5_bal_strong_500_500,weak_null,True,1271,947166935,-1.8318679906315083e-15,0,8
500,500,0.12049089889727593,0.12004473651136804,0.10384736724904542,0.10398293216081811,0.0004461623859078889,-0.0001355649117726898,0.031742615127278835,0.014055627871834283,-0.004270754354331336,0.988785600783935,0.9965924413963054,0.992,0.991,0.997,True,999,0.00011787493713200092,0.002717292052693665,weak_5x5_bal_strong_500_500,weak_null,True,1272,947166935,-1.8318679906315083e-15,0,6
500,500,0.14507965493271624,0.11237256595764278,0.12833212111252124,0.09906346841168556,0.03270708897507346,0.029268652700835673,0.032286608645593594,1.0130233662536512,0.9065260777963496,0.3110490001569204,0.36465746845544367,0.425,0.32,0.367,True,999,0.00012250000145286322,0.0027614999562501907,weak_5x5_bal_strong_500_500,weak_null,True,1273,947166935,-1.8318679906315083e-15,0,7
500,500,0.14234584753375978,0.13493011225004525,0.12565089500844806,0.11988229322378174,0.007415735283714531,0.005768601784666316,0.032961323340277654,0.22498293551984747,0.17501123134875093,0.8219925494566099,0.8610708084485189,0.851,0.815,0.857,True,999,0.000124832964502275,0.0028012499678879976,weak_5x5_bal_strong_500_500,weak_null,True,1274,947166935,-1.8318679906315083e-15,0,6
500,500,0.0955552412395051,0.13168901504311087,0.07905517725419031,0.1179082566256966,-0.03613377380360577,-0.03885307937150628,0.031684841703092055,-1.1404120033864507,-1.226235552494955,0.25411469440421364,0.22011004594898842,0.352,0.254,0.21,True,999,0.00012174993753433228,0.0027372909244149923,weak_5x5_bal_strong_500_500,weak_null,True,1275,947166935,-1.8318679906315083e-15,0,8
500,500,0.0999651915846611,0.09866306100010214,0.08338488860613325,0.0886927113089655,0.0013021305845589692,-0.0053078227028322544,0.029984314176022767,0.04342705912547534,-0.1770199802360897,0.9653611079804746,0.8594926954605682,0.981,0.977,0.883,True,999,0.00012129207607358694,0.002795125008560717,weak_5x5_bal_strong_500_500,weak_null,True,1276,947166935,-1.8318679906315083e-15,0,10
500,500,0.08537904984051181,0.09488474429803556,0.06886676142107717,0.07793363380406504,-0.00950569445752375,-0.009066872382987867,0.0292255808847892,-0.3252525414292484,-0.31023754219738464,0.7449899461685517,0.7563803234008516,0.81,0.745,0.754,True,999,0.00013008294627070427,0.0027726669795811176,weak_5x5_bal_strong_500_500,weak_null,True,1277,947166935,-1.8318679906315083e-15,0,6
500,500,0.11652459241106983,0.08059488127302716,0.09993077883711976,0.06280772891503261,0.035929711138042664,0.03712304992208715,0.029252387854285782,1.2282659219827958,1.2690604988217478,0.21934715918033731,0.20441948736419047,0.374,0.228,0.211,True,999,0.0001194999786093831,0.0027579159941524267,weak_5x5_bal_strong_500_500,weak_null,True,1278,947166935,-1.8318679906315083e-15,0,6
500,500,0.12394394252727015,0.11787457986921274,0.10734324139082219,0.10123781271786925,0.006069362658057409,0.0061054286729529395,0.03198181610555203,0.18977542232205413,0.1909031261014924,0.8494851160339594,0.8486014909430947,0.855,0.829,0.829,True,999,0.00014387501869350672,0.0026649999199435115,weak_5x5_bal_strong_500_500,weak_null,True,1279,947166935,-1.8318679906315083e-15,0,7
500,500,0.09850765096692382,0.1409088961971573,0.08197263073657268,0.12876145451107845,-0.042401245230233475,-0.04678882377450577,0.032079663146874944,-1.321748455901851,-1.4585197968035313,0.18625192730680096,0.1446973224777794,0.28,0.174,0.135,True,999,0.00011516595259308815,0.0026415419997647405,weak_5x5_bal_strong_500_500,weak_null,True,1280,947166935,-1.8318679906315083e-15,0,8
500,500,0.11639131742654052,0.11641101191186293,0.09975962456474008,0.1052427792192816,-1.9694485322407917e-05,-0.005483154654541522,0.03200631966893917,-0.0006153311447901525,-0.17131475006364758,0.9995090368107732,0.863976283040089,1.0,0.999,0.858,True,999,0.00011441600508987904,0.00270191696472466,weak_5x5_bal_strong_500_500,weak_null,True,1281,947166935,-1.8318679906315083e-15,0,9
500,500,0.14846298589970308,0.07336087504948469,0.13180195218376412,0.060538995790409444,0.0751021108502184,0.07126295639335467,0.030329975516024656,2.4761678693257982,2.3495883257704353,0.013280112086502796,0.018794184498444683,0.079,0.016,0.024,True,999,0.00011916598305106163,0.0027755829505622387,weak_5x5_bal_strong_500_500,weak_null,True,1282,947166935,-1.8318679906315083e-15,0,9
500,500,0.10717500903746346,0.11350001813271837,0.09061328528264312,0.09389795376566212,-0.006325009095254908,-0.0032846684830190043,0.03033564767509159,-0.20850087537271647,-0.10827751291811136,0.8348378992087494,0.9137755598217492,0.853,0.814,0.902,True,999,0.00011995900422334671,0.0027116250712424517,weak_5x5_bal_strong_500_500,weak_null,True,1283,947166935,-1.8318679906315083e-15,0,4
500,500,0.14091922497918574,0.09395224758521059,0.12434492199281522,0.08159192330586507,0.04696697739397515,0.04275299868695015,0.03211056771978667,1.4626641859413125,1.3314307943738277,0.14355929056262662,0.18304730240431666,0.261,0.16,0.194,True,999,0.00011841591913253069,0.0027308330172672868,weak_5x5_bal_strong_500_500,weak_null,True,1284,947166935,-1.8318679906315083e-15,0,8
500,500,0.09800821411220739,0.1072060700947507,0.0814670026963995,0.08818305321355524,-0.009197855982543302,-0.006716050517155736,0.029946267595080404,-0.3071453213105707,-0.22427003618504546,0.7587327623795689,0.8225471900492852,0.828,0.781,0.831,True,999,0.00011187500786036253,0.0027657499304041266,weak_5x5_bal_strong_500_500,weak_null,True,1285,947166935,-1.8318679906315083e-15,0,5
500,500,0.1231511809593473,0.10543467312912291,0.10657277705888646,0.0963736702957192,0.01771650783022438,0.010199106763167265,0.03179956651320523,0.5571304823563348,0.32073099986856546,0.577438282267869,0.7484142528805487,0.645,0.552,0.735,True,999,0.0001252500806003809,0.002795749926008284,weak_5x5_bal_strong_500_500,weak_null,True,1286,947166935,-1.8318679906315083e-15,0,10
500,500,0.11394474360094042,0.1638774233075117,0.09738503907158247,0.15088663198173435,-0.04993267970657128,-0.053501592910151885,0.03432584550715064,-1.4546671456692735,-1.5586387493064553,0.1457614322856169,0.11908190628723979,0.215,0.152,0.126,True,999,0.00011566595640033484,0.0027703329687938094,weak_5x5_bal_strong_500_500,weak_null,True,1287,947166935,-1.8318679906315083e-15,0,8
500,500,0.09902193557264471,0.10191776780689116,0.08248579172061454,0.08799571639497117,-0.0028958322342464426,-0.0055099246743566255,0.029663003244215568,-0.09762437776124858,-0.1857507356552337,0.9222305663118023,0.852640239316124,0.943,0.917,0.856,True,999,0.00013883307110518217,0.002796082990244031,weak_5x5_bal_strong_500_500,weak_null,True,1288,947166935,-1.8318679906315083e-15,0,8
500,500,0.13948290175475297,0.10181798017630317,0.12274672917476437,0.08889748516429563,0.037664921578449806,0.03384924401046874,0.0314097980243078,1.199145615304537,1.0776651280684157,0.23047132974880402,0.28118322607277,0.361,0.235,0.276,True,999,0.00012437498662620783,0.0026446660049259663,weak_5x5_bal_strong_500_500,weak_null,True,1289,947166935,-1.8318679906315083e-15,0,8
500,500,0.12532005372248367,0.13877117895904312,0.10865723508140945,0.1228239671208371,-0.013451125236559447,-0.014166732039427643,0.03396924730331308,-0.3959794904035903,-0.41704580360383603,0.6921201584958337,0.6766449053049137,0.744,0.696,0.68,True,999,0.0001133340410888195,0.0027610419783741236,weak_5x5_bal_strong_500_500,weak_null,True,1290,947166935,-1.8318679906315083e-15,0,7
500,500,0.10651367513015808,0.1243538727501815,0.08995398364697849,0.10752158755647656,-0.017840197620023424,-0.017567603909498075,0.031247161260668718,-0.5709381876707998,-0.5622143964677742,0.5680415437992641,0.5739699538729073,0.679,0.574,0.583,True,999,0.00011825002729892731,0.002801958005875349,weak_5x5_bal_strong_500_500,weak_null,True,1291,947166935,-1.8318679906315083e-15,0,7
500,500,0.11301078444646118,0.11064299857775073,0.09646600777966796,0.08650545042922886,0.002367785868710448,0.009960557350439103,0.031368231553173684,0.07548356255585237,0.31753646467300906,0.9398299754025708,0.750836575147466,0.959,0.946,0.769,True,999,0.00012191699352115393,0.0026424999814480543,weak_5x5_bal_strong_500_500,weak_null,True,1292,947166935,-1.8318679906315083e-15,0,2
500,500,0.12668276047034643,0.1037220448704767,0.10996547171725979,0.08531522664083013,0.02296071559986973,0.024650245076429655,0.03119023895347677,0.7361506795160447,0.7903192121483218,0.4616390034754634,0.42934136952666546,0.584,0.459,0.431,True,999,0.00011020794045180082,0.002717333030886948,weak_5x5_bal_strong_500_500,weak_null,True,1293,947166935,-1.8318679906315083e-15,0,5
500,500,0.11960252597242205,0.1177166109811214,0.10307128153851863,0.10061136947010141,0.0018859149913006412,0.002459912068417225,0.031757411558448904,0.05938503482343487,0.07745946371888036,0.9526454325031446,0.9382580376135092,0.969,0.961,0.941,True,999,0.00011495803482830524,0.0027990000089630485,weak_5x5_bal_strong_500_500,weak_null,True,1294,947166935,-1.8318679906315083e-15,0,6
500,500,0.12174879537831806,0.09766330895728242,0.10507607585498135,0.07802582034142347,0.02408548642103564,0.027050255513557886,0.030051070835434977,0.8014851301949291,0.9001428155984826,0.4228508490936598,0.36804425332958257,0.563,0.451,0.387,True,999,0.00011754198931157589,0.0027215000009164214,weak_5x5_bal_strong_500_500,weak_null,True,1295,947166935,-1.8318679906315083e-15,0,5
500,500,0.1187655700740764,0.10152717390691918,0.10212229157957609,0.0861729330474077,0.01723839616715722,0.01594935853216839,0.029924495700215107,0.5760630468046052,0.5329867106851107,0.5645725677195572,0.5940427796126537,0.667,0.574,0.596,True,999,0.00011312507558614016,0.0027324589900672436,weak_5x5_bal_strong_500_500,weak_null,True,1296,947166935,-1.8318679906315083e-15,0,6
500,500,0.12009790781355023,0.07354552872492637,0.10353659010195315,0.05651022670329553,0.04655237908862386,0.04702636339865762,0.029186304273121483,1.5950076670548283,1.6112476234946118,0.11071052128317266,0.10712576163210231,0.251,0.11,0.106,True,999,0.0001166659640148282,0.002789541962556541,weak_5x5_bal_strong_500_500,weak_null,True,1297,947166935,-1.8318679906315083e-15,0,6
500,500,0.13132623119556963,0.12411674691063873,0.11475417770316199,0.11701714162632015,0.0072094842849309,-0.0022629639231581677,0.032606200229115326,0.2211077719658139,-0.06940287145564053,0.8250085188658636,0.9446689433418084,0.859,0.821,0.935,True,999,0.00011549994815140963,0.0026681249728426337,weak_5x5_bal_strong_500_500,weak_null,True,1298,947166935,-1.8318679906315083e-15,0,11
500,500,0.0955214122521002,0.09223137156332939,0.07900597241655305,0.07571081835317273,0.0032900406887708122,0.0032951540633803234,0.029510288245266407,0.11148792114216474,0.11166119544457116,0.911229443418855,0.9110920484026522,0.936,0.915,0.912,True,999,0.00011791696306318045,0.00265412509907037,weak_5x5_bal_strong_500_500,weak_null,True,1299,947166935,-1.8318679906315083e-15,0,7
500,500,0.17100346661513255,0.12542933462874878,0.1540755904749176,0.11525431183642354,0.04557413198638377,0.03882127863849405,0.03434225102324954,1.3270572146109556,1.130423239065262,0.18448975706568205,0.2582979264132256,0.258,0.166,0.252,True,999,0.00011341704521328211,0.0028042920166626573,weak_5x5_bal_strong_500_500,weak_null,True,1300,947166935,-1.8318679906315083e-15,0,9
500,500,0.09967324581341841,0.13261956842806083,0.08300909909837628,0.12079674580249389,-0.03294632261464242,-0.037787646704117606,0.031060203792577328,-1.0607246119394693,-1.2165936500760495,0.28881507150306396,0.2237588599150092,0.447,0.301,0.237,True,999,0.00011458294466137886,0.0027767920400947332,weak_5x5_bal_strong_500_500,weak_null,True,1301,947166935,-1.8318679906315083e-15,0,9
500,500,0.15200306258731722,0.10992158211437486,0.1352969510234061,0.09092608509652678,0.042081480472942356,0.04437086592687933,0.03141785582450058,1.3394128710758793,1.4122817984376135,0.18043630157529023,0.15786700357308725,0.302,0.17,0.151,True,999,0.00011987495236098766,0.002766750054433942,weak_5x5_bal_strong_500_500,weak_null,True,1302,947166935,-1.8318679906315083e-15,0,5
500,500,0.11298370980569206,0.11105564008664442,0.09642836202772287,0.09108862598384349,0.0019280697190476315,0.005339736043879384,0.03197085695134527,0.060307101620136645,0.16701885883151774,0.9519110459679823,0.8673552101467237,0.964,0.956,0.886,True,999,0.00012099999003112316,0.002745291101746261,weak_5x5_bal_strong_500_500,weak_null,True,1303,947166935,-1.8318679906315083e-15,0,5
500,500,0.11232350059782004,0.14876280293515115,0.09576036719090553,0.13381636913072725,-0.036439302337331114,-0.038056001939821726,0.03316150514643302,-1.098843438391115,-1.1475957370383467,0.27183636139233713,0.25113549043970096,0.352,0.257,0.231,True,999,0.00011733302380889654,0.00273854099214077,weak_5x5_bal_strong_500_500,weak_null,True,1304,947166935,-1.8318679906315083e-15,0,7
500,500,0.09500366608828537,0.09791902144081477,0.07846723903287511,0.07999705054405126,-0.002915355352529403,-0.001529811511176149,0.028527700696914456,-0.10219384252179589,-0.05362547537319097,0.9186028151243584,0.9572335592981153,0.932,0.913,0.953,True,999,0.0001212080242112279,0.002782957977615297,weak_5x5_bal_strong_500_500,weak_null,True,1305,947166935,-1.8318679906315083e-15,0,6
500,500,0.12585691353041129,0.12532607556125563,0.10836462350323472,0.11367549091588103,0.0005308379691556508,-0.005310867412646303,0.03073480871819469,0.017271555974949025,-0.17279650123549734,0.9862199772620119,0.8628113872855139,0.995,0.994,0.862,True,999,0.00011737504974007607,0.002758124959655106,weak_5x5_bal_strong_500_500,weak_null,True,1306,947166935,-1.8318679906315083e-15,0,9
500,500,0.11259843058749675,0.09939987524203753,0.09588746830195305,0.08364381099158891,0.013198555345459217,0.012243657310364142,0.028985374995597644,0.45535223703208394,0.4224081045086956,0.6488558512365983,0.6727271633394495,0.702,0.623,0.644,True,999,0.00011454091873019934,0.0026662079617381096,weak_5x5_bal_strong_500_500,weak_null,True,1307,947166935,-1.8318679906315083e-15,0,5
500,500,0.12302036518993753,0.09367401804108222,0.10552388353028164,0.0816115678773599,0.029346347148855312,0.023912315652921734,0.030262737491779084,0.9697188549723001,0.7901570589712034,0.3321866494660676,0.42943605039139243,0.443,0.316,0.411,True,999,0.00011845899280160666,0.002768834005109966,weak_5x5_bal_strong_500_500,weak_null,True,1308,947166935,-1.8318679906315083e-15,0,8
500,500,0.13598014569449668,0.11808129948561952,0.11935543938432147,0.10518076411315747,0.01789884620887716,0.014174675271164006,0.033787807972899694,0.5297427469468677,0.4195204164334406,0.5962903056071598,0.6748358369204055,0.66,0.593,0.671,True,999,0.00011970801278948784,0.0027699170168489218,weak_5x5_bal_strong_500_500,weak_null,True,1309,947166935,-1.8318679906315083e-15,0,8
500,500,0.10683521803813845,0.14036210412187194,0.09018892385518029,0.12241910781824572,-0.0335268860837335,-0.03223018396306543,0.03188641526401223,-1.0514473265852728,-1.0107810393926966,0.29305318928434787,0.3121212399468343,0.427,0.319,0.332,True,999,0.00012037495616823435,0.0026660830480977893,weak_5x5_bal_strong_500_500,weak_null,True,1310,947166935,-1.8318679906315083e-15,0,6
500,500,0.1018944755220792,0.1047545742405892,0.08534824659795959,0.09083816062548067,-0.002860098718510007,-0.005489914027521081,0.031219589119218037,-0.09161231134683313,-0.17584837540804213,0.9270060695474396,0.8604130636705698,0.934,0.919,0.857,True,999,0.00012195797171443701,0.0027550830272957683,weak_5x5_bal_strong_500_500,weak_null,True,1311,947166935,-1.8318679906315083e-15,0,8
500,500,0.14395578675721632,0.08231507196564514,0.12735172410191353,0.06630998419814205,0.06164071479157118,0.061041739903771486,0.03141237872325721,1.962306494984839,1.9432383787789107,0.04972681149356032,0.05198736297885463,0.152,0.057,0.059,True,999,0.00012083398178219795,0.002694041933864355,weak_5x5_bal_strong_500_500,weak_null,True,1312,947166935,-1.8318679906315083e-15,0,7
500,500,0.11014454549728292,0.12311712855234497,0.0935933800346902,0.10609661583407615,-0.012972583055062048,-0.012503235799385948,0.03172318602349521,-0.4089306491931212,-0.39413556350001067,0.6825905559153367,0.6934809558083974,0.752,0.684,0.696,True,999,0.00012095901183784008,0.0026755420258268714,weak_5x5_bal_strong_500_500,weak_null,True,1313,947166935,-1.8318679906315083e-15,0,6
500,500,0.10861594634006799,0.16995083064426592,0.09207265843485857,0.15766189000189001,-0.06133488430419792,-0.06558923156703145,0.03428470649752482,-1.7889867106963855,-1.9130754866391129,0.07361695579830196,0.0557383894184092,0.127,0.07,0.057,True,999,0.00012404099106788635,0.0027653329307213426,weak_5x5_bal_strong_500_500,weak_null,True,1314,947166935,-1.8318679906315083e-15,0,8
500,500,0.10442848818710804,0.086744888744622,0.08784196810881895,0.07331715699825736,0.017683599442486042,0.014524811110561586,0.029056733417451384,0.6085886940018291,0.4998776325572106,0.5427971003227059,0.6171612427551507,0.659,0.545,0.616,True,999,0.00015725009143352509,0.002669542096555233,weak_5x5_bal_strong_500_500,weak_null,True,1315,947166935,-1.8318679906315083e-15,0,9
500,500,0.11915269723970678,0.12978469211754606,0.10260501314746762,0.11505489088122545,-0.01063199487783928,-0.01244987773375783,0.03235886359091891,-0.3285651502552459,-0.3847439728152791,0.742484392874156,0.7004271127181341,0.796,0.742,0.706,True,999,0.00011037499643862247,0.002727041020989418,weak_5x5_bal_strong_500_500,weak_null,True,1316,947166935,-1.8318679906315083e-15,0,6
500,500,0.10123856941716292,0.08903645830511281,0.08467059296356183,0.07666306685456448,0.012202111112050107,0.008007526108997354,0.02923014368414857,0.4174495768444436,0.2739475452301596,0.6763495986693735,0.7841249328479061,0.765,0.677,0.789,True,999,0.00011933292262256145,0.0028382500167936087,weak_5x5_bal_strong_500_500,weak_null,True,1317,947166935,-1.8318679906315083e-15,0,8
500,500,0.09215827550362299,0.1241098965267231,0.07561115345185954,0.10796021120643218,-0.03195162102310012,-0.03234905775457264,0.03093210027203716,-1.0329599588161367,-1.045808641187434,0.30162263740391126,0.29564939076524643,0.407,0.32,0.313,True,999,0.00011758401524275541,0.0026399169582873583,weak_5x5_bal_strong_500_500,weak_null,True,1318,947166935,-1.8318679906315083e-15,0,6
500,500,0.11221298970809235,0.11295979690993108,0.09561223984826484,0.09373261615579054,-0.0007468072018387284,0.001879623692474297,0.03100526385708032,-0.02408646497192084,0.06062272848695879,0.98078363957943,0.9516596720974461,0.989,0.982,0.955,True,999,0.00011016707867383957,0.0026811660500243306,weak_5x5_bal_strong_500_500,weak_null,True,1319,947166935,-1.8318679906315083e-15,0,4
500,500,0.15056644525805463,0.09764253930975292,0.1338197717220737,0.08751669420666985,0.05292390594830171,0.046303077515403857,0.03186269478503963,1.6609990556464445,1.4532065736368402,0.09671363637423641,0.14616640755072877,0.187,0.117,0.166,True,999,0.0001248749904334545,0.0028258749516680837,weak_5x5_bal_strong_500_500,weak_null,True,1320,947166935,-1.8318679906315083e-15,0,9
500,500,0.12725200253306035,0.13706414872644862,0.11066936165559582,0.1274160028056599,-0.009812146193388271,-0.01674664115006408,0.0334456381559165,-0.29337595974835695,-0.5007122624479394,0.7692347987765571,0.6165736409653186,0.804,0.768,0.6,True,999,0.0001164580462500453,0.0026349161053076386,weak_5x5_bal_strong_500_500,weak_null,True,1321,947166935,-1.8318679906315083e-15,0,10
500,500,0.10316908917341738,0.10222665886218524,0.0866513608140167,0.08900157236794826,0.0009424303112321453,-0.0023502115539315582,0.029627851581869494,0.031808931829834644,-0.07932440013199438,0.9746244236719525,0.9367745989508792,0.981,0.976,0.948,True,999,0.0001154579222202301,0.0027329169679433107,weak_5x5_bal_strong_500_500,weak_null,True,1322,947166935,-1.8318679906315083e-15,0,8
500,500,0.12289913640341688,0.11458837414309925,0.1063309211322121,0.10744080066729111,0.008310762260317628,-0.001109879535079017,0.032669822165426535,0.254386516652443,-0.03397262248502743,0.7991969665788656,0.9728989821867462,0.827,0.792,0.96,True,999,0.00011579191777855158,0.0027749589644372463,weak_5x5_bal_strong_500_500,weak_null,True,1323,947166935,-1.8318679906315083e-15,0,11
500,500,0.1086589381048777,0.12108393119925043,0.09208630689624897,0.10398676865887069,-0.012424993094372727,-0.011900461762621717,0.03259034265334553,-0.3812476974094426,-0.36515301140597506,0.7030194594511132,0.7149971914688502,0.768,0.712,0.726,True,999,0.00011187500786036253,0.00278112490195781,weak_5x5_bal_strong_500_500,weak_null,True,1324,947166935,-1.8318679906315083e-15,0,6
500,500,0.09608107774583319,0.14472115770611732,0.07954009775710347,0.1297197084114714,-0.04864007996028413,-0.050179610654367934,0.03282528490282817,-1.481786985376428,-1.5286877418707354,0.13839698312043044,0.12634187258315274,0.213,0.121,0.11,True,999,0.00011916598305106163,0.002659625024534762,weak_5x5_bal_strong_500_500,weak_null,True,1325,947166935,-1.8318679906315083e-15,0,7
500,500,0.11633794989309987,0.08859855347918988,0.09961990722740666,0.07506465108426141,0.02773939641390999,0.024555256143145243,0.029136497318444837,0.952049798942359,0.8427662348967581,0.3410717268169148,0.3993591954087081,0.504,0.359,0.415,True,999,0.0001112079480662942,0.0027769579319283366,weak_5x5_bal_strong_500_500,weak_null,True,1326,947166935,-1.8318679906315083e-15,0,7
500,500,0.12141969591506152,0.1010911501010831,0.10484328309951252,0.08725992552214734,0.020328545813978416,0.017583357577365177,0.031105185510879728,0.653542021373512,0.5652870185009831,0.5134069081549743,0.5718785569466769,0.601,0.518,0.575,True,999,0.00011258292943239212,0.0026556660886853933,weak_5x5_bal_strong_500_500,weak_null,True,1327,947166935,-1.8318679906315083e-15,0,8
500,500,0.09364428928505708,0.10708021847429122,0.07714217217824171,0.0904250974007823,-0.013435929189234141,-0.013282925222540598,0.030637417729681808,-0.4385463979954581,-0.43355237506429856,0.6609902436815018,0.6646135249955321,0.735,0.654,0.658,True,999,0.0001158339437097311,0.0027161668986082077,weak_5x5_bal_strong_500_500,weak_null,True,1328,947166935,-1.8318679906315083e-15,0,7
500,500,0.1344192245796434,0.10491491386030632,0.11691665807120444,0.08817282348380218,0.029504310719337068,0.02874383458740226,0.03216305067583076,0.9173355791622209,0.8936911761607894,0.3589668188198817,0.37148714780330916,0.484,0.383,0.39,True,999,0.0001194999786093831,0.002781707909889519,weak_5x5_bal_strong_500_500,weak_null,True,1329,947166935,-1.8318679906315083e-15,0,7
500,500,0.10782304949785293,0.15634632079362615,0.09128707552520154,0.14030781350513166,-0.04852327129577322,-0.04902073797993012,0.032772924355111255,-1.4805902204514607,-1.4957694177292684,0.13871580296074695,0.13471375343309352,0.206,0.133,0.128,True,999,0.00011341599747538567,0.002656957949511707,weak_5x5_bal_strong_500_500,weak_null,True,1330,947166935,-1.8318679906315083e-15,0,7
500,500,0.12593771745018012,0.11139770019120843,0.10917211755486278,0.10072784253512168,0.014540017258971694,0.008444275019741099,0.0316876683408817,0.45885412276336396,0.26648458097015476,0.6463389255568901,0.7898660328211706,0.729,0.675,0.801,True,999,0.00011366698890924454,0.0027787500293925405,weak_5x5_bal_strong_500_500,weak_null,True,1331,947166935,-1.8318679906315083e-15,0,10
500,500,0.12628800567687493,0.105956694147338,0.10971627569961129,0.0918068189876351,0.020331311529536933,0.01790945671197619,0.03235321399619427,0.6284170571717702,0.5535603576844913,0.5297307659807393,0.5798797625529508,0.595,0.507,0.548,True,999,0.00012429093476384878,0.0027273750165477395,weak_5x5_bal_strong_500_500,weak_null,True,1332,947166935,-1.8318679906315083e-15,0,7
500,500,0.11820848087953184,0.12714431111686958,0.10158797994563429,0.10692107186682165,-0.008935830237337739,-0.005333091921187361,0.03301041162443798,-0.2706973284368997,-0.16155787397813642,0.7866238317227088,0.8716540331032866,0.86,0.832,0.888,True,999,0.00011708308011293411,0.0026620409917086363,weak_5x5_bal_strong_500_500,weak_null,True,1333,947166935,-1.8318679906315083e-15,0,4
500,500,0.12964359491023103,0.1237532503308496,0.11213369100198634,0.10769675033918702,0.0058903445793814235,0.004436940662799316,0.0323816529464364,0.1819037647375458,0.13702020308038665,0.8556582499583978,0.8910148259756419,0.877,0.844,0.885,True,999,0.00011625001206994057,0.0027837499510496855,weak_5x5_bal_strong_500_500,weak_null,True,1334,947166935,-1.8318679906315083e-15,0,6
500,500,0.13611878481000095,0.09759360213282209,0.11919422077698982,0.08601307254420476,0.03852518267717886,0.03318114823278506,0.03137861816031146,1.2277526843392539,1.057444533193418,0.21953982250027437,0.2903087562714136,0.361,0.244,0.317,True,999,0.00012149999383836985,0.0027537080459296703,weak_5x5_bal_strong_500_500,weak_null,True,1335,947166935,-1.8318679906315083e-15,0,10
500,500,0.11984457791050995,0.1017521516734824,0.10324087152616812,0.08805836395376332,0.01809242623702756,0.015182507572404802,0.03205005329640572,0.5645053401223687,0.47371239704326656,0.5724102669098772,0.6357050117451337,0.632,0.556,0.618,True,999,0.00011316698510199785,0.002690583001822233,weak_5x5_bal_strong_500_500,weak_null,True,1336,947166935,-1.8318679906315083e-15,0,8
500,500,0.11402655284958874,0.1430851870760722,0.09749788250167057,0.12878999859876217,-0.02905863422648347,-0.031292116097091593,0.033123963071709304,-0.8772692495633782,-0.9446972280867483,0.38034041040692657,0.3448134725966856,0.458,0.362,0.324,True,999,0.00012662506196647882,0.0027781249955296516,weak_5x5_bal_strong_500_500,weak_null,True,1337,947166935,-1.8318679906315083e-15,0,7
500,500,0.11284443843957703,0.08947942835091682,0.0962666377200776,0.06916463165362075,0.02336501008866021,0.027102006066456852,0.029223013714264872,0.799541427079263,0.927419955089277,0.42397653530155066,0.35370853380594325,0.535,0.408,0.332,True,999,0.00011858402285724878,0.0027838749811053276,weak_5x5_bal_strong_500_500,weak_null,True,1338,947166935,-1.8318679906315083e-15,0,3
500,500,0.1377933606531505,0.11748578541544052,0.12110668183265716,0.1028492785711137,0.020307575237709985,0.01825740326154346,0.0320782124895898,0.6330644278979171,0.5691527627191961,0.5266915706463335,0.5692524743216467,0.641,0.538,0.586,True,999,0.0001181670231744647,0.002773666987195611,weak_5x5_bal_strong_500_500,weak_null,True,1339,947166935,-1.8318679906315083e-15,0,6
500,500,0.13092314363066726,0.11739520543419762,0.11407095100923925,0.10560532819008017,0.013527938196469635,0.00846562281915908,0.031210989489351765,0.4334350950675548,0.2712385271235086,0.6646987090658363,0.7862075828651923,0.715,0.661,0.775,True,999,0.00011720799375325441,0.0028263749554753304,weak_5x5_bal_strong_500_500,weak_null,True,1340,947166935,-1.8318679906315083e-15,0,9
500,500,0.1553249395515761,0.11625703934804771,0.13864534729680145,0.10540620241093279,0.039067900203528405,0.033239144885868654,0.033295440388004346,1.1733708804645742,0.9983092128687995,0.24064710932625322,0.318129441573373,0.343,0.255,0.316,True,999,0.00011720799375325441,0.00274583394639194,weak_5x5_bal_strong_500_500,weak_null,True,1341,947166935,-1.8318679906315083e-15,0,9
500,500,0.11624483580447964,0.13265591372802965,0.09965112337829396,0.11485569616127123,-0.01641107792355001,-0.015204572782977266,0.03286162045875218,-0.499399533390301,-0.4626848150127595,0.6174979478495854,0.6435903042449862,0.698,0.608,0.642,True,999,0.00011554197408258915,0.0027120000449940562,weak_5x5_bal_strong_500_500,weak_null,True,1342,947166935,-1.8318679906315083e-15,0,6
500,500,0.1211915988993928,0.12353464390024921,0.10457674099325232,0.10858706437423393,-0.002343045000856414,-0.0040103233809816174,0.031891356355280315,-0.07346959391611049,-0.12574953966539654,0.9414324392059792,0.8999301860977986,0.955,0.943,0.891,True,999,0.00011408410500735044,0.0027459169505164027,weak_5x5_bal_strong_500_500,weak_null,True,1343,947166935,-1.8318679906315083e-15,0,7
500,500,0.1442606228559189,0.10355846371475103,0.12761760975763536,0.08877998575121637,0.04070215914116787,0.03883762400641899,0.03236319853833472,1.2576679988214243,1.200055178736898,0.20851185015402218,0.23011791127042158,0.315,0.212,0.228,True,999,0.00011612498201429844,0.0027212919667363167,weak_5x5_bal_strong_500_500,weak_null,True,1344,947166935,-1.8318679906315083e-15,0,8
500,500,0.09989204222007841,0.14546904673698102,0.08328781307307054,0.12921371437118978,-0.04557700451690261,-0.04592590129811924,0.03233377077835881,-1.4095790073271495,-1.420369483439826,0.1586640292623206,0.15550014219806038,0.234,0.151,0.143,True,999,0.0001207499299198389,0.0026655420660972595,weak_5x5_bal_strong_500_500,weak_null,True,1345,947166935,-1.8318679906315083e-15,0,6
500,500,0.11773494063875334,0.09439522455815352,0.10110321507681874,0.07746449599849825,0.023339716080599815,0.02363871907832049,0.029633009659990064,0.787625568526462,0.7977157686496167,0.4309157543383667,0.42503545102662166,0.55,0.446,0.436,True,999,0.00011824991088360548,0.0028035840950906277,weak_5x5_bal_strong_500_500,weak_null,True,1346,947166935,-1.8318679906315083e-15,0,6
500,500,0.1385580763041072,0.15744932311761772,0.12176080741460282,0.14083381155361963,-0.01889124681351051,-0.019073004139016803,0.03480789037761397,-0.542728864305435,-0.5479505920095417,0.5873164976000942,0.5837258288572237,0.659,0.614,0.606,True,999,0.00012333295308053493,0.002785207936540246,weak_5x5_bal_strong_500_500,weak_null,True,1347,947166935,-1.8318679906315083e-15,0,5
500,500,0.11824185898989081,0.12340095200437506,0.10169092812589042,0.11433455819809524,-0.005159093014484251,-0.012643630072204814,0.03225378043416749,-0.15995312627040315,-0.392004593012328,0.8729179985137369,0.6950548201325305,0.89,0.871,0.679,True,999,0.00012016692198812962,0.0027554159751161933,weak_5x5_bal_strong_500_500,weak_null,True,1348,947166935,-1.8318679906315083e-15,0,10
500,500,0.12090176129497765,0.12975602055765334,0.10420860864189763,0.11510928838742984,-0.00885425926267569,-0.010900679745532216,0.033099288468087455,-0.26750603026444175,-0.32933275154969155,0.7890795718208418,0.7419041914247504,0.814,0.781,0.736,True,999,0.0001324999611824751,0.002909415983594954,weak_5x5_bal_strong_500_500,weak_null,True,1349,947166935,-1.8318679906315083e-15,0,8
500,500,0.1121313679041902,0.11514745517048497,0.09543279869933485,0.10186351645711511,-0.0030160872662947646,-0.006430717757780258,0.031062811634535167,-0.09709640266245327,-0.2070230420040497,0.9226498376243215,0.8359918633793799,0.937,0.919,0.834,True,999,0.00011920800898224115,0.0026965829310938716,weak_5x5_bal_strong_500_500,weak_null,True,1350,947166935,-1.8318679906315083e-15,0,7
500,500,0.12586004537119133,0.09385375690285591,0.10918865744042705,0.07998876972629887,0.03200628846833542,0.02919988771412818,0.031185039431750102,1.026334712142425,0.9363428184220669,0.30473384064193487,0.3490967088491951,0.406,0.302,0.339,True,999,0.0001165829598903656,0.0027727079577744007,weak_5x5_bal_strong_500_500,weak_null,True,1351,947166935,-1.8318679906315083e-15,0,8
500,500,0.09429724153630104,0.07837528184149717,0.07763041920622982,0.0637700058673829,0.015921959694803867,0.01386041333884691,0.028046258214079252,0.5677035265549621,0.4941983074194535,0.5702362965550687,0.6211661350020743,0.71,0.591,0.638,True,999,0.00011729099787771702,0.0028234580531716347,weak_5x5_bal_strong_500_500,weak_null,True,1352,947166935,-1.8318679906315083e-15,0,8
500,500,0.10235589745842999,0.10868460332724611,0.08582201850902038,0.0957536096287015,-0.00632870586881612,-0.009931591119681116,0.030547678257920458,-0.20717469312664383,-0.3251177073369245,0.8358734305081434,0.7450919878162825,0.866,0.824,0.732,True,999,0.0001181670231744647,0.0026394580490887165,weak_5x5_bal_strong_500_500,weak_null,True,1353,947166935,-1.8318679906315083e-15,0,8
500,500,0.11174415914280211,0.13150108084025197,0.09520201804423323,0.11619444828542669,-0.01975692169744986,-0.02099243024119346,0.03257791132163194,-0.6064514542505719,-0.6443761858745792,0.5442150094878986,0.5193315231255009,0.639,0.571,0.547,True,999,0.00011645897757261992,0.002677708980627358,weak_5x5_bal_strong_500_500,weak_null,True,1354,947166935,-1.8318679906315083e-15,0,6
500,500,0.12407637669088878,0.11684868846803936,0.10743327772092925,0.09960482244756008,0.0072276882228494155,0.007828455273369173,0.03151695193201747,0.22932700593761876,0.24838871760997908,0.8186147650142962,0.80383366215322,0.864,0.819,0.805,True,999,0.00012341607362031937,0.0027667920803651214,weak_5x5_bal_strong_500_500,weak_null,True,1355,947166935,-1.8318679906315083e-15,0,6
500,500,0.10941696650124766,0.11166066888039428,0.09287836198632249,0.09296471167959908,-0.002243702379146617,-8.634969327658837e-05,0.031237091758428825,-0.07182814573450777,-0.0027643320301509277,0.9427386736088714,0.9977943849612563,0.963,0.952,0.999,True,999,0.00012274994514882565,0.002715375041589141,weak_5x5_bal_strong_500_500,weak_null,True,1356,947166935,-1.8318679906315083e-15,0,6
500,500,0.1581492515520866,0.10084340780086759,0.1414769973755483,0.08057240277852884,0.057305843751219,0.06090459459701947,0.03231945275455928,1.7731068711593485,1.8844562455788396,0.07621099963461722,0.05950328792246276,0.172,0.088,0.079,True,999,0.0001128750154748559,0.00272283295635134,weak_5x5_bal_strong_500_500,weak_null,True,1357,947166935,-1.8318679906315083e-15,0,4
500,500,0.08850435935613143,0.06154957025820734,0.0719834937667656,0.046759417717396445,0.026954789097924092,0.02522407604936916,0.026136469272308418,1.0313095015661768,0.9650911829967049,0.3023957040434323,0.33449914274352355,0.489,0.304,0.33,True,999,0.000131291919387877,0.002684667007997632,weak_5x5_bal_strong_500_500,weak_null,True,1358,947166935,-1.8318679906315083e-15,0,8
500,500,0.10784376186655642,0.1117154010166671,0.09038518881027358,0.0946165790625173,-0.003871639150110684,-0.0042313902522437274,0.030983145440286266,-0.12495952541592278,-0.1365707126282215,0.9005555931523053,0.8913701274857044,0.913,0.889,0.881,True,999,0.00011529203038662672,0.002717082970775664,weak_5x5_bal_strong_500_500,weak_null,True,1359,947166935,-1.8318679906315083e-15,0,6
500,500,0.09950823663022512,0.10230276952860928,0.08293292193957313,0.09215206694611311,-0.002794532898384161,-0.009219145006539975,0.02991885684172228,-0.09340373240755458,-0.30813827731826116,0.9255828254504429,0.7579771162133947,0.932,0.914,0.751,True,999,0.00011695805005729198,0.0027272909646853805,weak_5x5_bal_strong_500_500,weak_null,True,1360,947166935,-1.8318679906315083e-15,0,9
500,500,0.12691688745675767,0.10851315206105605,0.1103016483373267,0.09123488952317871,0.018403735395701615,0.019066758814147988,0.031040142477036792,0.5929011250291949,0.6142613175262774,0.5532473250612886,0.5390426598991247,0.633,0.542,0.538,True,999,0.0001289999345317483,0.0027375000063329935,weak_5x5_bal_strong_500_500,weak_null,True,1361,947166935,-1.8318679906315083e-15,0,5
500,500,0.10990462752252861,0.13000361125938847,0.09320349344989154,0.11387826737473006,-0.020098983736859866,-0.02067477392483852,0.03116649749721697,-0.6448906791228182,-0.6633653308872671,0.5189980324378123,0.5070966042909612,0.613,0.516,0.508,True,999,0.0001175830839201808,0.002737125032581389,weak_5x5_bal_strong_500_500,weak_null,True,1362,947166935,-1.8318679906315083e-15,0,6
500,500,0.10317193552618376,0.09663985788438684,0.08661385325035553,0.08149874592217543,0.006532077641796918,0.005115107328180102,0.029285617251767412,0.22304729265703635,0.1746627801697231,0.8234986992872342,0.8613446152585078,0.842,0.784,0.831,True,999,0.00011912500485777855,0.00281858304515481,weak_5x5_bal_strong_500_500,weak_null,True,1363,947166935,-1.8318679906315083e-15,0,7
500,500,0.09778972793586327,0.1408566689128205,0.08124756923859877,0.1290317302097037,-0.043066940976957235,-0.04778416097110494,0.03370976504278388,-1.2775805741243635,-1.417516880063034,0.2013973536447402,0.15633186268924532,0.308,0.231,0.18,True,999,0.0001163750421255827,0.0026435829931870103,weak_5x5_bal_strong_500_500,weak_null,True,1364,947166935,-1.8318679906315083e-15,0,9
500,500,0.129246321768842,0.1173162551901995,0.11243325194470799,0.1015527989227678,0.011930066578642484,0.010880453021940184,0.031233917228406412,0.3819587050641348,0.34835377651717353,0.7024919950781832,0.7275745120227262,0.772,0.719,0.741,True,999,0.00012258300557732582,0.0027046249015256763,weak_5x5_bal_strong_500_500,weak_null,True,1365,947166935,-1.8318679906315083e-15,0,7
500,500,0.12460428499996268,0.14004096196673205,0.10794243540078696,0.12434945436794465,-0.01543667696676937,-0.016407018967157683,0.03272092498290802,-0.4717677441830515,-0.5014228349512734,0.6370925767569735,0.6160735723721957,0.708,0.644,0.619,True,999,0.00012124993372708559,0.002798624918796122,weak_5x5_bal_strong_500_500,weak_null,True,1366,947166935,-1.8318679906315083e-15,0,7
500,500,0.099042128455745,0.10554367970920475,0.08250548349155906,0.08990818483181329,-0.0065015512534597475,-0.007402701340254225,0.02960706800639163,-0.21959456613725412,-0.25003155795961,0.8261869237175139,0.8025629438168024,0.88,0.841,0.809,True,999,0.00012049998622387648,0.0026917500654235482,weak_5x5_bal_strong_500_500,weak_null,True,1367,947166935,-1.8318679906315083e-15,0,7
500,500,0.12635379492717136,0.11309673682147175,0.10961720062221048,0.10052938058507266,0.013257058105699604,0.009087820037137817,0.032568876458312336,0.4070468357319122,0.27903388220254044,0.6839735894169643,0.78021882276876,0.73,0.68,0.78,True,999,0.0001129999291151762,0.002683000057004392,weak_5x5_bal_strong_500_500,weak_null,True,1368,947166935,-1.8318679906315083e-15,0,9
500,500,0.14448619224662718,0.1052681110361694,0.12785217006864968,0.0908381430957661,0.03921808121045778,0.037014026972883585,0.03127408163067459,1.2540122416253932,1.1835368152450902,0.20983755596332443,0.23659646488752462,0.316,0.207,0.239,True,999,0.00011899997480213642,0.0027835420332849026,weak_5x5_bal_strong_500_500,weak_null,True,1369,947166935,-1.8318679906315083e-15,0,7
500,500,0.10009928242213517,0.1269864445397043,0.08349468207632071,0.11875539672263358,-0.02688716211756914,-0.03526071464631286,0.03154383660465031,-0.8523745051863899,-1.117832148582541,0.39400626573242437,0.26363868826818815,0.554,0.43,0.298,True,999,0.00011841603554785252,0.002749999985098839,weak_5x5_bal_strong_500_500,weak_null,True,1370,947166935,-1.8318679906315083e-15,0,10
500,500,0.10785196945890707,0.12361098822098576,0.09131059352091597,0.11242228668675125,-0.01575901876207869,-0.021111693165835277,0.031624396372457654,-0.49831840508435915,-0.6675761623144179,0.6182596373384224,0.5044041781580733,0.698,0.629,0.509,True,999,0.0001177079975605011,0.0026380830677226186,weak_5x5_bal_strong_500_500,weak_null,True,1371,947166935,-1.8318679906315083e-15,0,8
500,500,0.12117912860646474,0.16134110101057675,0.10458016268603387,0.13867266231088138,-0.04016197240411201,-0.034092499624847505,0.03486451057086703,-1.1519442477896584,-0.9778568253682982,0.24934398406910263,0.32814514127238026,0.328,0.255,0.337,True,999,0.00011837505735456944,0.002763875061646104,weak_5x5_bal_strong_500_500,weak_null,True,1372,947166935,-1.8318679906315083e-15,0,4
500,500,0.1256220003059476,0.10787797838185842,0.10903061128817626,0.09177766587453107,0.017744021924089193,0.017252945413645193,0.03184926003817288,0.5571250918489825,0.5417063188584822,0.5774419649910401,0.5880208360491359,0.652,0.575,0.579,True,999,0.00011745793744921684,0.0027246250538155437,weak_5x5_bal_strong_500_500,weak_null,True,1373,947166935,-1.8318679906315083e-15,0,6
500,500,0.08882262041704347,0.11517009678213247,0.07226125030967978,0.09640555225570324,-0.026347476365088995,-0.02414430194602346,0.02995228212234911,-0.8796483772910791,-0.8060922318839945,0.37904982287008004,0.42018967032457877,0.462,0.367,0.403,True,999,0.00011675001587718725,0.0026576670352369547,weak_5x5_bal_strong_500_500,weak_null,True,1374,947166935,-1.8318679906315083e-15,0,6
500,500,0.11396770198557005,0.12874035361791425,0.09738290932762084,0.11372253562302603,-0.014772651632344203,-0.016339626295405196,0.03339884624152572,-0.4423102380697496,-0.4892272678296798,0.6582647233628597,0.6246808067159682,0.726,0.679,0.651,True,999,0.00011962500866502523,0.0027121249586343765,weak_5x5_bal_strong_500_500,weak_null,True,1375,947166935,-1.8318679906315083e-15,0,7
500,500,0.1017193614400862,0.11435134020614335,0.08520008189861983,0.09937603211287183,-0.01263197876605715,-0.014175950214251998,0.0310263479818767,-0.4071371459327349,-0.4569003810094743,0.6839072624124258,0.6477426501320804,0.771,0.696,0.673,True,999,0.0001319999573752284,0.0027045829920098186,weak_5x5_bal_strong_500_500,weak_null,True,1376,947166935,-1.8318679906315083e-15,0,5
500,500,0.09932066652939642,0.1272667865302865,0.08277925135871556,0.11647521902000335,-0.027946120000890085,-0.033695967661287796,0.03371678696157312,-0.8288488470962598,-0.9993825241916127,0.4071899436882729,0.31760942225808575,0.457,0.379,0.285,True,999,0.00011616700794547796,0.002756000030785799,weak_5x5_bal_strong_500_500,weak_null,True,1377,947166935,-1.8318679906315083e-15,0,10
500,500,0.11947833704598465,0.08725394166758604,0.10288639733130367,0.06834228533986675,0.03222439537839861,0.03454411199143692,0.02990243575172094,1.077651186878448,1.155227362688969,0.2811894498865105,0.24799733231837018,0.447,0.286,0.25,True,999,0.00011912500485777855,0.002719542011618614,weak_5x5_bal_strong_500_500,weak_null,True,1378,947166935,-1.8318679906315083e-15,0,5
500,500,0.08705875278687114,0.13462179371735306,0.07052483422410205,0.12070949886071958,-0.047563040930481915,-0.050184664636617526,0.02900237902824301,-1.6399703239573629,-1.730363725946304,0.10101133740615455,0.08356531048413705,0.224,0.106,0.088,True,999,0.00012254202738404274,0.002650083042681217,weak_5x5_bal_strong_500_500,weak_null,True,1379,947166935,-1.8318679906315083e-15,0,7
500,500,0.16258201245306347,0.13474535178928854,0.14575439797226863,0.12052659794312603,0.027836660663774937,0.0252278000291426,0.03390295221546726,0.821068928949357,0.744118089445707,0.41160700704097897,0.4568050364529429,0.513,0.449,0.493,True,999,0.00011133297812193632,0.0027398340171203017,weak_5x5_bal_strong_500_500,weak_null,True,1380,947166935,-1.8318679906315083e-15,0,7
500,500,0.10318268395248609,0.15012017436620817,0.08662032370943962,0.13611094624349107,-0.04693749041372208,-0.049490622534051454,0.032343563252378416,-1.4512158121684533,-1.5301536861561509,0.14671977522242183,0.12597869214547075,0.251,0.156,0.136,True,999,0.00012041593436151743,0.0028057920280843973,weak_5x5_bal_strong_500_500,weak_null,True,1381,947166935,-1.8318679906315083e-15,0,7
500,500,0.1315855512174573,0.07003681612863366,0.11487358202725773,0.05769767681738358,0.061548735088823636,0.057175905209874145,0.028621401027593855,2.1504445232951586,1.997662698438519,0.03152006975088597,0.045753240829679666,0.136,0.045,0.057,True,999,0.00011333299335092306,0.0027606249786913395,weak_5x5_bal_strong_500_500,weak_null,True,1382,947166935,-1.8318679906315083e-15,0,8
500,500,0.11385386135122055,0.12142656624627479,0.0973043613265645,0.10643146159199546,-0.007572704895054239,-0.009127100265430954,0.03144803572248206,-0.24080056897291507,-0.2902279921701447,0.8097096886185948,0.7716418227156232,0.874,0.834,0.799,True,999,0.0001180840190500021,0.002778249909169972,weak_5x5_bal_strong_500_500,weak_null,True,1383,947166935,-1.8318679906315083e-15,0,7
500,500,0.128528922135285,0.09074296744392796,0.11188253058196551,0.07764981056541842,0.03778595469135704,0.03423272001654709,0.030088254523319282,1.2558373787376669,1.1377436331514588,0.20917493642238072,0.2552275479569053,0.327,0.205,0.245,True,999,0.00012004200834780931,0.0028105840319767594,weak_5x5_bal_strong_500_500,weak_null,True,1384,947166935,-1.8318679906315083e-15,0,8
500,500,0.11583962079670962,0.13107965869048155,0.09914925104192207,0.11973404070843685,-0.01524003789377193,-0.02058478966651478,0.03291828575725266,-0.4629657208202039,-0.6253299402742888,0.6433889381863855,0.5317545333872178,0.744,0.667,0.561,True,999,0.00011254101991653442,0.0026270829839631915,weak_5x5_bal_strong_500_500,weak_null,True,1385,947166935,-1.8318679906315083e-15,0,10
500,500,0.1066484558874925,0.10679957165851178,0.09011242772328387,0.09175118903976909,-0.00015111577101928342,-0.0016387613164852155,0.030719751816856215,-0.004919172912600315,-0.05334552590968563,0.9960750837104818,0.9574566073871501,0.997,0.997,0.951,True,999,0.00011491600889712572,0.002687457948923111,weak_5x5_bal_strong_500_500,weak_null,True,1386,947166935,-1.8318679906315083e-15,0,6
500,500,0.0946828679912286,0.10179901612547493,0.07816856165993613,0.08069200147758693,-0.007116148134246325,-0.0025234398176507966,0.029891275281220094,-0.23806773271788825,-0.08442061417286562,0.81182856086704,0.9327220180489804,0.864,0.818,0.941,True,999,0.0001200829865410924,0.0027322920504957438,weak_5x5_bal_strong_500_500,weak_null,True,1387,947166935,-1.8318679906315083e-15,0,4
500,500,0.11169958129008273,0.1083008066348099,0.09514895551365044,0.08989531376946047,0.0033987746552728293,0.005253641744189963,0.03141524171818499,0.10818871571201118,0.16723225596411204,0.9138459959720656,0.8671873051923461,0.935,0.914,0.87,True,999,0.00011195905972272158,0.002673999988473952,weak_5x5_bal_strong_500_500,weak_null,True,1388,947166935,-1.8318679906315083e-15,0,5
500,500,0.10091570508514058,0.09626608365584216,0.08437318347284872,0.08052719719751167,0.004649621429298423,0.0038459862753370544,0.03035631455143923,0.15316817927352708,0.12669476951228625,0.8782656507950661,0.8991819858024138,0.906,0.889,0.902,True,999,0.0001127920113503933,0.002680624951608479,weak_5x5_bal_strong_500_500,weak_null,True,1389,947166935,-1.8318679906315083e-15,0,8
500,500,0.09846600005159445,0.0949827490583725,0.08184294414752458,0.08530036380420825,0.0034832509932219424,-0.003457419656683669,0.029959051570291828,0.11626706489854387,-0.11540484346013596,0.9074408869549456,0.9081242400888104,0.928,0.907,0.903,True,999,0.00012433400843292475,0.0027738750213757157,weak_5x5_bal_strong_500_500,weak_null,True,1390,947166935,-1.8318679906315083e-15,0,10
500,500,0.13716094693015113,0.09007388503660674,0.12042004406328033,0.07289578025444143,0.04708706189354439,0.047524263808838896,0.03094661951611677,1.5215575280854763,1.5356851427371125,0.12811998639867345,0.12461562068563667,0.258,0.115,0.107,True,999,0.00011820800136774778,0.0027699170168489218,weak_5x5_bal_strong_500_500,weak_null,True,1391,947166935,-1.8318679906315083e-15,0,6
500,500,0.10830498114354414,0.1565518347066499,0.09176939086773928,0.1349476123813531,-0.04824685356310576,-0.043178221513613835,0.03369643338814318,-1.43180891008134,-1.2813884786040004,0.15219851660507405,0.20005724895424792,0.264,0.169,0.223,True,999,0.0001200410770252347,0.002773500047624111,weak_5x5_bal_strong_500_500,weak_null,True,1392,947166935,-1.8318679906315083e-15,0,3
500,500,0.12095710434990004,0.13919540885659298,0.10433275319144286,0.1282946894035888,-0.01823830450669295,-0.02396193621214593,0.03197608894894579,-0.5703732103013881,-0.7493704514771786,0.5684245956464262,0.45363395550658236,0.676,0.596,0.491,True,999,0.00012224994134157896,0.002674749935977161,weak_5x5_bal_strong_500_500,weak_null,True,1393,947166935,-1.8318679906315083e-15,0,8
500,500,0.1263965472433859,0.09262735749455442,0.10979938658454103,0.07714963353387816,0.033769189748831474,0.032649753050662866,0.030292269615387134,1.1147791227791732,1.0778245890852045,0.2649450850148284,0.28111204398995193,0.415,0.281,0.295,True,999,0.00011212506797164679,0.0026790410047397017,weak_5x5_bal_strong_500_500,weak_null,True,1394,947166935,-1.8318679906315083e-15,0,6
500,500,0.08179950137555125,0.13344561456240972,0.06528720671587962,0.12363915890676935,-0.05164611318685847,-0.05835195219088973,0.030152486033381668,-1.7128310126628137,-1.935228562125477,0.08674363290207979,0.05296225425262256,0.182,0.088,0.05,True,999,0.00011625001206994057,0.0027653330471366644,weak_5x5_bal_strong_500_500,weak_null,True,1395,947166935,-1.8318679906315083e-15,0,10
500,500,0.13238543759891508,0.14353225787888169,0.1156857998707892,0.1329468115649206,-0.011146820279966607,-0.017261011694131412,0.03271466184807565,-0.3407285801006159,-0.5276231120556957,0.7333079209624802,0.5977609483499332,0.794,0.746,0.627,True,999,0.00011662498582154512,0.0027539170114323497,weak_5x5_bal_strong_500_500,weak_null,True,1396,947166935,-1.8318679906315083e-15,0,8
500,500,0.10625962393415889,0.08030757575341751,0.08973420903919305,0.07106398899895794,0.02595204818074137,0.018670220040235108,0.028914225602960954,0.8975529394113795,0.6457105335141049,0.3694239379133941,0.5184668375641436,0.536,0.384,0.535,True,999,0.00012358289677649736,0.0027410000329837203,weak_5x5_bal_strong_500_500,weak_null,True,1397,947166935,-1.8318679906315083e-15,0,9
500,500,0.09744634120038986,0.09491180528667198,0.08090195715885784,0.08341990458097825,0.0025345359137178836,-0.0025179474221204146,0.029268567728308634,0.08659582994443811,-0.08602906180766233,0.930992780672337,0.9314433148792493,0.95,0.932,0.931,True,999,0.00012199999764561653,0.0028099999763071537,weak_5x5_bal_strong_500_500,weak_null,True,1398,947166935,-1.8318679906315083e-15,0,9
500,500,0.10910645781361294,0.14059185532568497,0.0925451292047228,0.12150633450156079,-0.03148539751207202,-0.02896120529683799,0.03287611946551004,-0.9576981110895095,-0.8809192133281075,0.3382150095391693,0.3783615474265314,0.449,0.349,0.399,True,999,0.00011983409058302641,0.0027135839918628335,weak_5x5_bal_strong_500_500,weak_null,True,1399,947166935,-1.8318679906315083e-15,0,5
500,500,0.11272076374653306,0.109879721755694,0.09609644021827535,0.10202980252540783,0.002841041990839066,-0.005933362307132484,0.031187342266870196,0.09109599550126009,-0.1902490522071641,0.927416314541494,0.8491139748660322,0.947,0.931,0.857,True,999,0.00011479097884148359,0.002688584034331143,weak_5x5_bal_strong_500_500,weak_null,True,1400,947166935,-1.8318679906315083e-15,0,11
500,500,0.08325129684052657,0.08202982034686068,0.0667629067991129,0.0692317527811781,0.001221476493665885,-0.0024688459820652042,0.028571545924869296,0.04275150168205233,-0.08640925445746592,0.9658996246639456,0.9311410904552608,0.967,0.959,0.929,True,999,0.00011583301238715649,0.0027411659248173237,weak_5x5_bal_strong_500_500,weak_null,True,1401,947166935,-1.8318679906315083e-15,0,8
500,500,0.09207812814822502,0.11779166021277904,0.07553019726583443,0.10507224832795714,-0.025713532064554012,-0.02954205106212271,0.030351687746963098,-0.8471862348783828,-0.973324821618152,0.39689132477377864,0.3303918897484883,0.517,0.419,0.344,True,999,0.00011775002349168062,0.0027170830871909857,weak_5x5_bal_strong_500_500,weak_null,True,1402,947166935,-1.8318679906315083e-15,0,9
500,500,0.10035767373443338,0.14423705756243022,0.08381160161741263,0.12474346328070851,-0.04387938382799683,-0.040931861663295876,0.03236184715561289,-1.3558986178076156,-1.2648184594183953,0.1751314273661685,0.20593641261403062,0.272,0.181,0.199,True,999,0.00011075008660554886,0.0027004170697182417,weak_5x5_bal_strong_500_500,weak_null,True,1403,947166935,-1.8318679906315083e-15,0,4
500,500,0.13897706484999905,0.13436966217062674,0.12237260871347644,0.116695952875574,0.004607402679372319,0.0056766558379024445,0.032805540117195754,0.14044587173119719,0.17303954812580266,0.8883077165876021,0.8626203415767564,0.9,0.876,0.859,True,999,0.00011095800437033176,0.0028367500053718686,weak_5x5_bal_strong_500_500,weak_null,True,1404,947166935,-1.8318679906315083e-15,0,6
500,500,0.1253822285734698,0.09228992347326431,0.10787191539634478,0.07583341375126906,0.0330923051002055,0.03203850164507571,0.030297316825714744,1.0922520066898636,1.0574699346934624,0.27472234904549697,0.29029716897946767,0.432,0.276,0.3,True,999,0.00011341599747538567,0.0028050419641658664,weak_5x5_bal_strong_500_500,weak_null,True,1405,947166935,-1.8318679906315083e-15,0,6
500,500,0.11089429003549234,0.1328002220166712,0.09425050046843353,0.11340581095240054,-0.02190593198117885,-0.019155310483967014,0.032800200028990964,-0.6678597070084009,-0.5839998069230156,0.5042231496020619,0.5592204419393183,0.594,0.506,0.568,True,999,0.00011629099026322365,0.0026885829865932465,weak_5x5_bal_strong_500_500,weak_null,True,1406,947166935,-1.8318679906315083e-15,0,4
500,500,0.1569071016456769,0.10281279483990136,0.14020206081045217,0.09205130815260532,0.05409430680577554,0.04815075265784685,0.03324288579567716,1.6272446122234625,1.4484528495449778,0.10368515622492586,0.1474904434771372,0.194,0.122,0.16,True,999,0.00011687504593282938,0.002820666995830834,weak_5x5_bal_strong_500_500,weak_null,True,1407,947166935,-1.8318679906315083e-15,0,10
500,500,0.15463021963402301,0.12134598844729616,0.13798056491316402,0.11205038320511562,0.033284231186726854,0.025930181708048394,0.03409529512425098,0.976211851677235,0.7605208171260268,0.3289594912835264,0.44694333075894555,0.419,0.326,0.433,True,999,0.0001189160393550992,0.002754167071543634,weak_5x5_bal_strong_500_500,weak_null,True,1408,947166935,-1.8318679906315083e-15,0,9
500,500,0.11422034352272359,0.14046148918012386,0.09759936584373463,0.12858107078071157,-0.026241145657400267,-0.03098170493697694,0.0330611364331515,-0.7937157789617721,-0.9371034477178636,0.42736091223726325,0.34870534814892096,0.532,0.449,0.371,True,999,0.00011720904149115086,0.0027527499478310347,weak_5x5_bal_strong_500_500,weak_null,True,1409,947166935,-1.8318679906315083e-15,0,9
500,500,0.12373061259581486,0.13541400535882325,0.10620730338064277,0.1221017443117205,-0.011683392763008393,-0.015894440931077725,0.03191557221714039,-0.3660718561935662,-0.49801522664041564,0.7143114575998595,0.6184733099758903,0.77,0.719,0.63,True,999,0.00011662498582154512,0.0028794159879907966,weak_5x5_bal_strong_500_500,weak_null,True,1410,947166935,-1.8318679906315083e-15,0,7
500,500,0.15241918161007662,0.0945380256727516,0.1357390560613112,0.0755963817964016,0.05788115593732501,0.0601426742649096,0.032100365803604355,1.8031307272774408,1.8735822087783356,0.07136768647624066,0.060988032106301604,0.184,0.083,0.069,True,999,0.00011862500105053186,0.0027796659851446748,weak_5x5_bal_strong_500_500,weak_null,True,1411,947166935,-1.8318679906315083e-15,0,5
500,500,0.09870689784674913,0.1212424754748832,0.08216848847996516,0.10343671910072771,-0.022535577628134074,-0.02126823062076255,0.03086465247909482,-0.7301419526235658,-0.6890805148435708,0.4653034198723047,0.490772601216246,0.612,0.494,0.513,True,999,0.00011645792983472347,0.0028102080104872584,weak_5x5_bal_strong_500_500,weak_null,True,1412,947166935,-1.8318679906315083e-15,0,6
500,500,0.106433702489382,0.12812464236925009,0.08985768610557443,0.11607303877869413,-0.021690939879868087,-0.026215352673119696,0.032112317217481805,-0.6754710266769424,-0.8163644029664783,0.4993765530865183,0.41429174968591465,0.567,0.5,0.411,True,999,0.00012033397797495127,0.002835041959770024,weak_5x5_bal_strong_500_500,weak_null,True,1413,947166935,-1.8318679906315083e-15,0,8
500,500,0.12605984964862382,0.1299185326014286,0.10946071633816246,0.1118879363556573,-0.0038586829528047817,-0.0024272200174948466,0.03303219239854579,-0.11681582942628588,-0.073480439572691,0.9070059995672084,0.9414238089510635,0.93,0.914,0.945,True,999,0.00012495799455791712,0.0026844999520108104,weak_5x5_bal_strong_500_500,weak_null,True,1414,947166935,-1.8318679906315083e-15,0,6
500,500,0.08626188943367552,0.13283217237636563,0.06972898679202899,0.11748389537882531,-0.04657028294269011,-0.04775490858679632,0.031452623723519084,-1.4806485891943766,-1.518312399200166,0.13870024033492617,0.1289356633812228,0.269,0.16,0.149,True,999,0.00011604104656726122,0.0027342920657247305,weak_5x5_bal_strong_500_500,weak_null,True,1415,947166935,-1.8318679906315083e-15,0,5
500,500,0.14062609563221873,0.09920404874710942,0.12386841041052321,0.08211650795976766,0.04142204688510931,0.04175190245075555,0.03125032852845261,1.3254915655493227,1.3360468326834238,0.18500816507699924,0.18153396629767538,0.343,0.223,0.217,True,999,0.00012070790398865938,0.0027999159647151828,weak_5x5_bal_strong_500_500,weak_null,True,1416,947166935,-1.8318679906315083e-15,0,5
500,500,0.10380016162321715,0.10443195948649525,0.0872046712855763,0.09018332913566951,-0.0006317978632781052,-0.0029786578500932137,0.03057567425873223,-0.020663415561397388,-0.09741920406685804,0.9835141529373349,0.9223934946246958,0.988,0.986,0.927,True,999,0.00011708296369761229,0.0026366669917479157,weak_5x5_bal_strong_500_500,weak_null,True,1417,947166935,-1.8318679906315083e-15,0,7
500,500,0.11803989116768032,0.08256457760828045,0.1014385263654276,0.06994155045731532,0.03547531355939987,0.03149697590811229,0.03047315417424454,1.1641497088405466,1.0335974979161517,0.24436334683680605,0.3013243695886726,0.378,0.246,0.298,True,999,0.00011508294846862555,0.0026985829463228583,weak_5x5_bal_strong_500_500,weak_null,True,1418,947166935,-1.8318679906315083e-15,0,9
500,500,0.10391928754192747,0.18024779235010402,0.08720438049647328,0.1693937581891305,-0.07632850480817654,-0.08218937769265722,0.03371821603164339,-2.263717176986613,-2.4375363635942455,0.023591515333116667,0.01478772682222084,0.055,0.026,0.019,True,999,0.00011108303442597389,0.0027111669769510627,weak_5x5_bal_strong_500_500,weak_null,True,1419,947166935,-1.8318679906315083e-15,0,9
500,500,0.10600531391498746,0.07091944703778974,0.08943791121157574,0.05738054901775058,0.035085866877197724,0.032057362193825156,0.028866114467679855,1.2154689858408847,1.1105534217193798,0.2241872706522805,0.2667606212784144,0.422,0.235,0.285,True,999,0.00011141702998429537,0.0026772499550133944,weak_5x5_bal_strong_500_500,weak_null,True,1420,947166935,-1.8318679906315083e-15,0,9
500,500,0.11117204760483568,0.0972338825569925,0.09458422930151755,0.08072952384074483,0.013938165047843176,0.01385470546077272,0.030597003125230636,0.4555402040780134,0.4528124994486134,0.6487206506265033,0.6506837622599567,0.754,0.678,0.684,True,999,0.00012124993372708559,0.0027114159893244505,weak_5x5_bal_strong_500_500,weak_null,True,1421,947166935,-1.8318679906315083e-15,0,7
500,500,0.11406970618686119,0.09435730754125193,0.09741463903958447,0.08011878154107421,0.019712398645609253,0.01729585749851026,0.0302190363273075,0.6523172490380211,0.5723497371384016,0.5141965348646269,0.5670850603600485,0.635,0.509,0.562,True,999,0.00011733302380889654,0.0027857909444719553,weak_5x5_bal_strong_500_500,weak_null,True,1422,947166935,-1.8318679906315083e-15,0,7
500,500,0.14262382617777036,0.11453551589671579,0.12581545887439916,0.09868467396998426,0.028088310281054574,0.027130784904414895,0.032571814283413957,0.8623501913848732,0.8329528305775182,0.3884948407736042,0.4048713324299037,0.467,0.389,0.402,True,999,0.00012004096060991287,0.0027870830381289124,weak_5x5_bal_strong_500_500,weak_null,True,1423,947166935,-1.8318679906315083e-15,0,7
500,500,0.0968534193125492,0.15987923907680196,0.08032165476799946,0.1403010503086648,-0.06302581976425276,-0.05997939554066534,0.033167220297106066,-1.9002442532017654,-1.8083937997631567,0.057401073323249945,0.070545232242323,0.117,0.065,0.073,True,999,0.00012125005014240742,0.002743624965660274,weak_5x5_bal_strong_500_500,weak_null,True,1424,947166935,-1.8318679906315083e-15,0,4
500,500,0.11620837227583114,0.13739413194070527,0.09966509149398917,0.12332575976518001,-0.021185759664874126,-0.023660668271190843,0.0331354160155072,-0.6393690562073916,-0.7140597921003248,0.5225828742237162,0.47519020738131934,0.634,0.554,0.495,True,999,0.00011204089969396591,0.0026308749802410603,weak_5x5_bal_strong_500_500,weak_null,True,1425,947166935,-1.8318679906315083e-15,0,7
500,500,0.09981247151781059,0.07001811105047423,0.08325232942240746,0.05378305508884296,0.029794360467336356,0.0294692743335645,0.027916379455272783,1.0672716537283227,1.0556266574890107,0.28584918439116214,0.2911388169743967,0.451,0.28,0.283,True,999,0.0001141249667853117,0.0026628749910742044,weak_5x5_bal_strong_500_500,weak_null,True,1426,947166935,-1.8318679906315083e-15,0,6
500,500,0.1368405555976251,0.09646162360671229,0.12007848796861254,0.08146055403517494,0.0403789319909128,0.0386179339334376,0.03064013295407697,1.3178445423664518,1.2603709648165577,0.18755569361964308,0.2075355708052551,0.286,0.175,0.189,True,999,0.00011916703078895807,0.0028170840814709663,weak_5x5_bal_strong_500_500,weak_null,True,1427,947166935,-1.8318679906315083e-15,0,7
500,500,0.10616186129266225,0.1314197734039016,0.0895666856911248,0.11507766420177745,-0.025257912111239345,-0.02551097851065265,0.032086720167393654,-0.7871765010406484,-0.7950634523430277,0.43117855127458093,0.4265765929810269,0.533,0.417,0.41,True,999,0.00011887506116181612,0.002718582982197404,weak_5x5_bal_strong_500_500,weak_null,True,1428,947166935,-1.8318679906315083e-15,0,6
500,500,0.10279479890956766,0.1516849329570012,0.08619438223445286,0.13430774923685362,-0.04889013404743353,-0.048113367002400764,0.030970439000107704,-1.5786064268337787,-1.5535255087031037,0.1144263596144464,0.12029763999819204,0.221,0.123,0.13,True,999,0.00011499994434416294,0.0027401669649407268,weak_5x5_bal_strong_500_500,weak_null,True,1429,947166935,-1.8318679906315083e-15,0,5
500,500,0.15603957667448376,0.11165374218613783,0.13912047095914204,0.10355476385245765,0.04438583448834593,0.035565707106684386,0.03233369044571567,1.3727426061328925,1.099958174164959,0.16983237884036173,0.27135034601042807,0.267,0.173,0.273,True,999,0.00011554104276001453,0.002860375097952783,weak_5x5_bal_strong_500_500,weak_null,True,1430,947166935,-1.8318679906315083e-15,0,10
500,500,0.09171236727676235,0.12050752343231885,0.07517092153375415,0.1076996171853466,-0.0287951561555565,-0.03252869565159244,0.02959397547074316,-0.973007367125232,-1.0991661354774918,0.33054964061623704,0.2716956069318269,0.48,0.338,0.285,True,999,0.00011904200073331594,0.0026660000439733267,weak_5x5_bal_strong_500_500,weak_null,True,1431,947166935,-1.8318679906315083e-15,0,8
500,500,0.13484128502887516,0.12640555443989832,0.1182491734383575,0.1093922780345622,0.008435730588976842,0.008856895403795306,0.03276321591174018,0.2574756584244232,0.27033046535036803,0.7968116037944597,0.7869060295880886,0.822,0.8,0.793,True,999,0.00011454196646809578,0.0026732500409707427,weak_5x5_bal_strong_500_500,weak_null,True,1432,947166935,-1.8318679906315083e-15,0,5
500,500,0.11281058905649188,0.14108666310370177,0.0962470546211307,0.12920145611610678,-0.028276074047209887,-0.03295440149497608,0.03325124243812339,-0.8503764663780098,-0.9910727864169377,0.39511581580856314,0.3216500401749184,0.48,0.404,0.322,True,999,0.00011370796710252762,0.002788832993246615,weak_5x5_bal_strong_500_500,weak_null,True,1433,947166935,-1.8318679906315083e-15,0,9
500,500,0.09663199747874573,0.08216644879071355,0.08010992464073752,0.06838823485782086,0.014465548688032182,0.011721689782916656,0.028551835816811772,0.5066416317620682,0.4105406691927928,0.6124062916712334,0.6814093764296949,0.731,0.619,0.688,True,999,0.00016375002451241016,0.0027122499886900187,weak_5x5_bal_strong_500_500,weak_null,True,1434,947166935,-1.8318679906315083e-15,0,8
500,500,0.12473217237987355,0.12184022272600897,0.1081789712693535,0.10537535742804494,0.0028919496538645784,0.002803613841308561,0.0311523599392105,0.09283244221329671,0.0899968364123753,0.9260366771294559,0.9282897288054899,0.938,0.927,0.926,True,999,0.00011662498582154512,0.0027510409709066153,weak_5x5_bal_strong_500_500,weak_null,True,1435,947166935,-1.8318679906315083e-15,0,7
500,500,0.15960941524147354,0.11611240650617166,0.14204472822314074,0.09984024207605557,0.04349700873530188,0.04220448614708516,0.0320502143772766,1.3571518812099113,1.3168238330726387,0.1747329564643929,0.18789768209848945,0.28,0.183,0.203,True,999,0.00013891595881432295,0.0028672500047832727,weak_5x5_bal_strong_500_500,weak_null,True,1436,947166935,-1.8318679906315083e-15,0,6
500,500,0.11969602015616454,0.12457842834028715,0.10310411773662054,0.11290152840044243,-0.004882408184122611,-0.009797410663821893,0.0325322570777203,-0.15007898691008212,-0.3011598808043247,0.8807022982218684,0.7632925809172482,0.903,0.884,0.766,True,999,0.00012229196727275848,0.002654499956406653,weak_5x5_bal_strong_500_500,weak_null,True,1437,947166935,-1.8318679906315083e-15,0,9
500,500,0.11735911997309256,0.12381730549435649,0.10063799650788496,0.1095079371111467,-0.006458185521263926,-0.008869940603261739,0.03185939285294598,-0.2027089954624402,-0.27840896542513843,0.8393624917868532,0.7806984380576261,0.863,0.841,0.776,True,999,0.00011200003791600466,0.002730167005211115,weak_5x5_bal_strong_500_500,weak_null,True,1438,947166935,-1.8318679906315083e-15,0,7
500,500,0.11008876985080618,0.09554190340950874,0.09350843906383943,0.07742033900993306,0.014546866441297435,0.016088100053906373,0.02988154064736557,0.48681781883224023,0.5383959362659148,0.6263874416404389,0.5903037312978365,0.706,0.628,0.579,True,999,0.00011466699652373791,0.0028054170543327928,weak_5x5_bal_strong_500_500,weak_null,True,1439,947166935,-1.8318679906315083e-15,0,5
500,500,0.09260363354675993,0.11863866130898681,0.07607360709027944,0.09986503495787247,-0.02603502776222688,-0.02379142786759303,0.030526711125882136,-0.8528605539871941,-0.7793642678860815,0.39373663877868326,0.43576516625609274,0.483,0.381,0.424,True,999,0.00012212502770125866,0.002633708994835615,weak_5x5_bal_strong_500_500,weak_null,True,1440,947166935,-1.8318679906315083e-15,0,5
500,500,0.11984380451781562,0.08114357584332443,0.10323146597852428,0.06805280870563024,0.03870022867449119,0.03517865727289404,0.029918427518443834,1.2935248234765557,1.175819058378233,0.195829604262438,0.23966718888182326,0.331,0.176,0.208,True,999,0.00011466699652373791,0.0027508329367265105,weak_5x5_bal_strong_500_500,weak_null,True,1441,947166935,-1.8318679906315083e-15,0,8
500,500,0.12460447478920611,0.140282109054778,0.10803098053077065,0.12372968990189293,-0.015677634265571894,-0.015698709371122277,0.03579036644278019,-0.43804061885302276,-0.43862946740767716,0.6613568388424789,0.6609300416853842,0.683,0.637,0.635,True,999,0.00011833291500806808,0.002804832998663187,weak_5x5_bal_strong_500_500,weak_null,True,1442,947166935,-1.8318679906315083e-15,0,7
500,500,0.12075035912239485,0.14236632770649682,0.10416911563640951,0.12212489352987177,-0.021615968584101974,-0.017955777893462255,0.03320390453800628,-0.6510068284095815,-0.5407730850722535,0.5150420789895174,0.5886639964553069,0.613,0.506,0.596,True,999,0.00012037495616823435,0.002711749984882772,weak_5x5_bal_strong_500_500,weak_null,True,1443,947166935,-1.8318679906315083e-15,0,4
500,500,0.15212106322194208,0.06588940413591848,0.13547686940307813,0.05249178619550321,0.0862316590860236,0.08298508320757492,0.030223539902453026,2.853129030032144,2.7457102468939985,0.004329104000719051,0.006038006503410436,0.049,0.01,0.011,True,999,0.00012504099868237972,0.00274920801166445,weak_5x5_bal_strong_500_500,weak_null,True,1444,947166935,-1.8318679906315083e-15,0,7
500,500,0.12474345156187039,0.100655903060418,0.10787866256009693,0.08196132375030629,0.024087548501452394,0.025917338809790635,0.030229664895987045,0.7968182440768634,0.8573478700133105,0.42555659784048827,0.39125266012340176,0.547,0.425,0.399,True,999,0.00011879100929945707,0.002815708052366972,weak_5x5_bal_strong_500_500,weak_null,True,1445,947166935,-1.8318679906315083e-15,0,4
500,500,0.12348682105578601,0.12897758647579294,0.10675658893831041,0.11364324004233595,-0.005490765420006927,-0.006886651104025532,0.0335433536528725,-0.16369160570015703,-0.20530598029323138,0.869973926091921,0.8373330719813713,0.898,0.881,0.856,True,999,0.0001139170490205288,0.0026575420051813126,weak_5x5_bal_strong_500_500,weak_null,True,1446,947166935,-1.8318679906315083e-15,0,6
500,500,0.1386959832467214,0.12338108642850504,0.12120906478867255,0.10985860027781769,0.01531489681821635,0.011350464510854863,0.03276189146960464,0.4674607030068757,0.3464532724365269,0.6401703010306217,0.7290020953978034,0.716,0.653,0.746,True,999,0.00011725001968443394,0.002684999955818057,weak_5x5_bal_strong_500_500,weak_null,True,1447,947166935,-1.8318679906315083e-15,0,7
500,500,0.10750158595253434,0.17904284492007583,0.09092489163356277,0.1658094656665412,-0.07154125896754149,-0.07488457403297843,0.03425702822260739,-2.0883673418095543,-2.1859623533707317,0.036764711086992544,0.028818359715953822,0.083,0.044,0.033,True,999,0.00012937502469867468,0.002699207980185747,weak_5x5_bal_strong_500_500,weak_null,True,1448,947166935,-1.8318679906315083e-15,0,7
500,500,0.10788425180510108,0.07792817130379098,0.09129271643996617,0.06394778383881317,0.0299560805013101,0.027344932601153005,0.02917559316707118,1.0267513784473734,0.9372536984788937,0.3045375494932864,0.3486280737703036,0.454,0.302,0.349,True,999,0.00011199992150068283,0.0027067919727414846,weak_5x5_bal_strong_500_500,weak_null,True,1449,947166935,-1.8318679906315083e-15,0,8
500,500,0.1285078698098827,0.10773642484641771,0.11192400162883587,0.09112538339917364,0.020771444963465002,0.020798618229662225,0.031589420213180265,0.6575443557776471,0.6584045572632662,0.5108309601526201,0.5102782077952313,0.579,0.492,0.49,True,999,0.0001177910016849637,0.002760999952442944,weak_5x5_bal_strong_500_500,weak_null,True,1450,947166935,-1.8318679906315083e-15,0,7
500,500,0.11264576138511906,0.09252049473081941,0.09607519841597423,0.08228625888722263,0.020125266654299645,0.013788939528751598,0.030043325170138895,0.6698748071436129,0.4589684880306426,0.5029376007631936,0.6462567953169711,0.604,0.503,0.649,True,999,0.00012054096441715956,0.0026728749508038163,weak_5x5_bal_strong_500_500,weak_null,True,1451,947166935,-1.8318679906315083e-15,0,9
500,500,0.11532019982250663,0.06645499450731351,0.09875912316169888,0.04821072334632959,0.048865205315193116,0.050548399815369294,0.02796485911044602,1.7473789201727092,1.8075685493615592,0.08057163155366688,0.07067367683234962,0.214,0.073,0.063,True,999,0.00011516700033098459,0.0026808329857885838,weak_5x5_bal_strong_500_500,weak_null,True,1452,947166935,-1.8318679906315083e-15,0,7
500,500,0.10831016387264114,0.07498640482500285,0.09157297280523835,0.05909549408445969,0.03332375904763829,0.03247747872077866,0.027936028676319898,1.1928595661804045,1.16256605751226,0.23292437695822132,0.24500560884264744,0.382,0.239,0.249,True,999,0.00011508399620652199,0.0027991249226033688,weak_5x5_bal_strong_500_500,weak_null,True,1453,947166935,-1.8318679906315083e-15,0,7
500,500,0.10222415053197365,0.13909181542848553,0.08562719580049816,0.12381613829623461,-0.03686766489651189,-0.038188942495736455,0.032259550367010295,-1.1428449707784523,-1.1838026897854645,0.25310296354891226,0.23649117723504964,0.374,0.27,0.255,True,999,0.00011829100549221039,0.0026631669607013464,weak_5x5_bal_strong_500_500,weak_null,True,1454,947166935,-1.8318679906315083e-15,0,7
500,500,0.14814550893864098,0.0965958338270454,0.13139948543266655,0.07756794942625334,0.05154967511159558,0.053831536006413216,0.031123458954037023,1.6562964671672227,1.7296128970083748,0.09766179559166571,0.0836994602406729,0.23,0.118,0.1,True,999,0.00011249992530792952,0.0027332500321790576,weak_5x5_bal_strong_500_500,weak_null,True,1455,947166935,-1.8318679906315083e-15,0,5
500,500,0.13413920883585329,0.11685887515260529,0.11753761051716083,0.10015122966183299,0.017280333683247995,0.017386380855327843,0.03237554482836134,0.5337464983171567,0.5370220315210628,0.5935169340168951,0.591252395848288,0.64,0.565,0.563,True,999,0.00011987495236098766,0.0028465420473366976,weak_5x5_bal_strong_500_500,weak_null,True,1456,947166935,-1.8318679906315083e-15,0,5
500,500,0.0867051787005948,0.1168194552630285,0.07016398616565311,0.09860430597228742,-0.030114276562433706,-0.028440319806634307,0.030380636126450773,-0.9912325876618113,-0.9361331240155588,0.3215720215447625,0.34920465031981573,0.433,0.329,0.348,True,999,0.00011754105798900127,0.002786457887850702,weak_5x5_bal_strong_500_500,weak_null,True,1457,947166935,-1.8318679906315083e-15,0,5
500,500,0.11752990991445866,0.17387669530665795,0.10074274260250604,0.15972996463338518,-0.05634678539219928,-0.05898722203087914,0.033869823025666705,-1.6636279838102324,-1.7415863669018392,0.09618679603764949,0.08158084860235969,0.167,0.104,0.092,True,999,0.00011712498962879181,0.002816957887262106,weak_5x5_bal_strong_500_500,weak_null,True,1458,947166935,-1.8318679906315083e-15,0,7
500,500,0.13724460664603644,0.09611664341166748,0.11968225925011211,0.07550766272785836,0.04112796323436896,0.04417459652225375,0.03012492385060446,1.3652470438873399,1.466380354729673,0.1721754169461709,0.14254469526856042,0.328,0.2,0.162,True,999,0.00011729099787771702,0.002864624955691397,weak_5x5_bal_strong_500_500,weak_null,True,1459,947166935,-1.8318679906315083e-15,0,4
500,500,0.10384948859171961,0.08956511851341098,0.08722551681898949,0.07149404848954077,0.014284370078308628,0.015731468329448717,0.0291561981891367,0.48992567500212825,0.539558286282678,0.6241864939998336,0.5895016904368132,0.718,0.624,0.588,True,999,0.00017224997282028198,0.002696917043067515,weak_5x5_bal_strong_500_500,weak_null,True,1460,947166935,-1.8318679906315083e-15,0,4
500,500,0.12963635081679414,0.12285995385632542,0.11298915092652351,0.10531800965236471,0.006776396960468722,0.007671141274158799,0.03168525456242134,0.21386594660677014,0.24210445458300844,0.8306515964893365,0.8086992266102564,0.878,0.845,0.819,True,999,0.00011199992150068283,0.0027217919705435634,weak_5x5_bal_strong_500_500,weak_null,True,1461,947166935,-1.8318679906315083e-15,0,5
500,500,0.1145931756724885,0.10934331636359862,0.09712627155897735,0.09901317634896145,0.0052498593088898815,-0.0018869047899841007,0.030078404044297746,0.17453915776775225,-0.06273287595994707,0.8614417595750155,0.9499792177120475,0.889,0.856,0.951,True,999,0.00011508294846862555,0.0028045409126207232,weak_5x5_bal_strong_500_500,weak_null,True,1462,947166935,-1.8318679906315083e-15,0,9
500,500,0.1443198343939769,0.13259887468039655,0.1267653487620919,0.11890118749590783,0.011720959713580337,0.007864161266184055,0.03240199865054974,0.3617357015531348,0.24270605498746387,0.7175495452216094,0.8082331164860146,0.775,0.739,0.814,True,999,0.00011754198931157589,0.002675207913853228,weak_5x5_bal_strong_500_500,weak_null,True,1463,947166935,-1.8318679906315083e-15,0,6
500,500,0.11287943459041427,0.06931976904173498,0.0963197945329739,0.045741692803403566,0.043559665548679294,0.050578101729570335,0.028244472215817176,1.5422368389764232,1.7907256805190401,0.12301605105367802,0.07333732658553814,0.27,0.102,0.053,True,999,0.0001192920608446002,0.0027470829663798213,weak_5x5_bal_strong_500_500,weak_null,True,1464,947166935,-1.8318679906315083e-15,0,4
500,500,0.08831956667712992,0.12850471614081582,0.07179658823292812,0.10959779975999595,-0.0401851494636859,-0.037801211527067835,0.031466974229170684,-1.2770579456105837,-1.2012979465952323,0.2015817905303815,0.2296356466894659,0.331,0.202,0.236,True,999,0.00012116599828004837,0.002783707925118506,weak_5x5_bal_strong_500_500,weak_null,True,1465,947166935,-1.8318679906315083e-15,0,5
500,500,0.10697881143250032,0.15993297691975555,0.09044237834518754,0.14373829360127388,-0.052954165487255234,-0.053295915256086346,0.032896162822779046,-1.609736849022007,-1.6201255916444282,0.10745531683375469,0.10520530104171215,0.172,0.106,0.1,True,999,0.00011379201896488667,0.0026231249794363976,weak_5x5_bal_strong_500_500,weak_null,True,1466,947166935,-1.8318679906315083e-15,0,6
500,500,0.13436636143762537,0.15124241885424106,0.11777545828476832,0.13761212883926532,-0.016876057416615686,-0.019836670554497005,0.03488032656075913,-0.48382739155892807,-0.5687065607009982,0.6285083736620694,0.5695552947447609,0.671,0.609,0.545,True,999,0.00011450005695223808,0.002718083094805479,weak_5x5_bal_strong_500_500,weak_null,True,1467,947166935,-1.8318679906315083e-15,0,8
500,500,0.1051045290235435,0.16385869462565794,0.08850173372604786,0.1505325286731818,-0.05875416560211444,-0.06203079494713393,0.032428190081222476,-1.8118237698420303,-1.9128663916106998,0.07001343107511418,0.055765159062845196,0.116,0.067,0.052,True,999,0.00011799996718764305,0.002780625014565885,weak_5x5_bal_strong_500_500,weak_null,True,1468,947166935,-1.8318679906315083e-15,0,9
500,500,0.11834507123052052,0.12525610227147743,0.1017649288563689,0.10824611861181666,-0.0069110310409569164,-0.006481189755447758,0.03328803202007388,-0.20761308559152178,-0.19470029803922825,0.8355310861674294,0.8456275785750677,0.855,0.824,0.833,True,999,0.00011737493332475424,0.0027324591064825654,weak_5x5_bal_strong_500_500,weak_null,True,1469,947166935,-1.8318679906315083e-15,0,6
500,500,0.1236808682489614,0.13192624416251636,0.10698409780650309,0.11889230758558256,-0.008245375913554953,-0.01190820977907947,0.0324079811417208,-0.25442423819915677,-0.36744682512016447,0.7991678275328773,0.7132857491912457,0.82,0.792,0.716,True,999,0.00011737504974007607,0.0028163749957457185,weak_5x5_bal_strong_500_500,weak_null,True,1470,947166935,-1.8318679906315083e-15,0,8
500,500,0.1192152853647821,0.09451560984476853,0.10263895215371122,0.07740845761028936,0.024699675520013564,0.025230494543421855,0.030203201763554073,0.8177833500360361,0.8353582756205424,0.41348090693916983,0.40351601490019207,0.555,0.416,0.404,True,999,0.00012512493412941694,0.002815666957758367,weak_5x5_bal_strong_500_500,weak_null,True,1471,947166935,-1.8318679906315083e-15,0,6
500,500,0.11859509553432934,0.10934622299189345,0.10193240212242927,0.09843866989672279,0.009248872542435893,0.0034937322257064807,0.031029771007710837,0.29806447943613784,0.11259291036463966,0.7656539513331942,0.9103533060168629,0.825,0.785,0.917,True,999,0.00011866597924381495,0.002786541939713061,weak_5x5_bal_strong_500_500,weak_null,True,1472,947166935,-1.8318679906315083e-15,0,9
500,500,0.09355416984195886,0.13930829807548167,0.07695748626815657,0.12396932841889452,-0.04575412823352282,-0.04701184215073795,0.032054249847683305,-1.4273966307412949,-1.466633671794871,0.15346560145281557,0.14247573509337916,0.259,0.166,0.156,True,999,0.0001164580462500453,0.002796540968120098,weak_5x5_bal_strong_500_500,weak_null,True,1473,947166935,-1.8318679906315083e-15,0,6
500,500,0.12532678249993512,0.13968488931402823,0.10865269709734093,0.12261285745276496,-0.014358106814093108,-0.013960160355424023,0.03369730602628698,-0.4260906436524175,-0.41428119934969937,0.6700417976462667,0.6786681809581265,0.731,0.684,0.686,True,999,0.00011720799375325441,0.0027767500141635537,weak_5x5_bal_strong_500_500,weak_null,True,1474,947166935,-1.8318679906315083e-15,0,6
500,500,0.1156800441180752,0.10382938059092484,0.09912305892703444,0.08707249482770862,0.011850663527150362,0.012050564099325811,0.03129787968834024,0.3786410979004826,0.38502813031820643,0.7049543989014969,0.7002165741873766,0.787,0.713,0.705,True,999,0.00013474992010742426,0.0026260409504175186,weak_5x5_bal_strong_500_500,weak_null,True,1475,947166935,-1.8318679906315083e-15,0,5
500,500,0.10805135251407938,0.11987606713356574,0.0914984995482655,0.10122851440820568,-0.011824714619486365,-0.009730014859940184,0.032035949429800085,-0.3691076690390491,-0.30372175737327295,0.7120474728803571,0.7613398805876117,0.778,0.721,0.771,True,999,0.00011179095599800348,0.0027394170174375176,weak_5x5_bal_strong_500_500,weak_null,True,1476,947166935,-1.8318679906315083e-15,0,6
500,500,0.11773979721235683,0.09185966693973535,0.10117602678349158,0.07854122595190915,0.025880130272621482,0.022634800831582425,0.0302351721365222,0.8559610693057672,0.748624837635404,0.39201931360090414,0.45408335747022666,0.509,0.403,0.457,True,999,0.00012324994895607233,0.002737125032581389,weak_5x5_bal_strong_500_500,weak_null,True,1477,947166935,-1.8318679906315083e-15,0,9
500,500,0.13739054528288164,0.1390862526103474,0.12060318440273932,0.11976317174227802,-0.0016957073274657675,0.0008400126604612979,0.032902383347895796,-0.05153752266320892,0.025530450228464046,0.9588972028044718,0.9796318606284709,0.96,0.954,0.979,True,999,0.00011687504593282938,0.00269108300562948,weak_5x5_bal_strong_500_500,weak_null,True,1478,947166935,-1.8318679906315083e-15,0,5
500,500,0.1400656982340467,0.10758121430024492,0.12339184610618759,0.09466422507003358,0.03248448393380177,0.028727621036154005,0.033254769874534545,0.9768368284117148,0.8638646769933811,0.32864994018539695,0.3876622331180659,0.436,0.329,0.374,True,999,0.00011274998541921377,0.0027773340698331594,weak_5x5_bal_strong_500_500,weak_null,True,1479,947166935,-1.8318679906315083e-15,0,8
500,500,0.105091430500172,0.1311651445243438,0.08854980267074097,0.11168531716586472,-0.0260737140241718,-0.023135514495123743,0.032075897596304026,-0.8128755850366653,-0.7212741101215373,0.4162893938857706,0.4707408826685249,0.528,0.433,0.489,True,999,0.00011266698129475117,0.0027681250358000398,weak_5x5_bal_strong_500_500,weak_null,True,1480,947166935,-1.8318679906315083e-15,0,4
500,500,0.16401660143804886,0.07505344014911908,0.14849882190117114,0.06126052360124845,0.08896316128892978,0.08723829829992269,0.028444601702553883,3.1275938478316703,3.06695446862559,0.0017624354328615078,0.0021625179449013604,0.026,0.001,0.001,True,999,0.00011825002729892731,0.0027833750937134027,weak_5x5_bal_strong_500_500,weak_null,True,1481,947166935,-1.8318679906315083e-15,1,8
500,500,0.12255373301788453,0.10822516747807376,0.10578409282652501,0.09603227869286002,0.014328565539810767,0.009751814133664993,0.03125248965387839,0.4584775708591463,0.31203319292851306,0.6466093728855072,0.7550152975073053,0.735,0.659,0.766,True,999,0.00012004200834780931,0.0028318329714238644,weak_5x5_bal_strong_500_500,weak_null,True,1482,947166935,-1.8318679906315083e-15,0,8
500,500,0.12866746706314092,0.1089772533735997,0.11207200315936916,0.09136987682194331,0.019690213689541214,0.020702126337425852,0.03243906916326136,0.6069907120467325,0.6381849686634011,0.5438570760126129,0.5233532807477783,0.616,0.517,0.498,True,999,0.00011724990326911211,0.002805790980346501,weak_5x5_bal_strong_500_500,weak_null,True,1483,947166935,-1.8318679906315083e-15,0,6
500,500,0.1218123204667716,0.1254583169692257,0.10520550293631459,0.11071476228659094,-0.0036459965024541185,-0.005509259350276352,0.032334704475259,-0.11275799675991671,-0.17038223913540881,0.9102224196246497,0.8647095390315064,0.936,0.919,0.889,True,999,0.00011908297892659903,0.002757375012151897,weak_5x5_bal_strong_500_500,weak_null,True,1484,947166935,-1.8318679906315083e-15,0,6
500,500,0.13226588323990063,0.103820653435794,0.11478421105277903,0.08644891062297688,0.02844522980410663,0.028335300429802146,0.030174866293866925,0.9426795640810562,0.9390364866525134,0.3458448293211903,0.34771201151050424,0.462,0.34,0.346,True,999,0.00011562497820705175,0.002904374967329204,weak_5x5_bal_strong_500_500,weak_null,True,1485,947166935,-1.8318679906315083e-15,0,5
500,500,0.1353660654035671,0.08672524756164307,0.11873004918174956,0.07156577211688386,0.04864081784192403,0.0471642770648657,0.03081882676873116,1.5782825935241345,1.5303722435248142,0.11450070294942424,0.12592461536938654,0.21,0.116,0.123,True,999,0.0001140419626608491,0.00264158402569592,weak_5x5_bal_strong_500_500,weak_null,True,1486,947166935,-1.8318679906315083e-15,0,7
500,500,0.14458463362771967,0.08154316180379512,0.1279325549070336,0.06646760202463042,0.06304147182392456,0.06146495288240317,0.031337733747537976,2.011679348985386,1.961371979785619,0.044253748881623325,0.04983564617486912,0.122,0.054,0.057,True,999,0.00011420890223234892,0.0027083338936790824,weak_5x5_bal_strong_500_500,weak_null,True,1487,947166935,-1.8318679906315083e-15,0,7
500,500,0.10701555240263816,0.15434523028271435,0.0904233053444159,0.14260395139498883,-0.04732967788007619,-0.05218064605057293,0.033732605871417354,-1.4030839497099168,-1.5468904551719544,0.1605918067399742,0.12188966304394565,0.259,0.175,0.134,True,999,0.0001182089326903224,0.002825208008289337,weak_5x5_bal_strong_500_500,weak_null,True,1488,947166935,-1.8318679906315083e-15,0,9
500,500,0.13758308940347574,0.1482643121781813,0.12097947685856525,0.13649162819439198,-0.010681222774705568,-0.01551215133582673,0.0339120274782661,-0.31496856923553346,-0.45742329460449754,0.7527855182761265,0.6473668240812755,0.773,0.748,0.654,True,999,0.00011004204861819744,0.0026963750133290887,weak_5x5_bal_strong_500_500,weak_null,True,1489,947166935,-1.8318679906315083e-15,0,9
500,500,0.08327561667970351,0.11031136560049493,0.06676300101912602,0.09670941883436512,-0.027035748920791414,-0.0299464178152391,0.029493632761947098,-0.916663916547884,-1.0153519594193967,0.35931877987409266,0.30993808444626414,0.499,0.385,0.336,True,999,0.00011879100929945707,0.0027240830240771174,weak_5x5_bal_strong_500_500,weak_null,True,1490,947166935,-1.8318679906315083e-15,0,7
500,500,0.12334391513129361,0.10475113660407315,0.1067049132250304,0.09571658029855712,0.018592778527220466,0.010988332926473277,0.03237147525624788,0.5743568490482049,0.3394449230222359,0.56572634676879,0.7342745815736811,0.662,0.58,0.732,True,999,0.00011454103514552116,0.0028210000600665808,weak_5x5_bal_strong_500_500,weak_null,True,1491,947166935,-1.8318679906315083e-15,0,10
500,500,0.10936668786494863,0.16623461176611642,0.0928117593607567,0.15067573140009927,-0.056867923901167794,-0.05786397203934257,0.03477924680791669,-1.6351108526083182,-1.6637500046772484,0.10202581152510601,0.09616239879341058,0.179,0.115,0.107,True,999,0.00012266705743968487,0.0026460420340299606,weak_5x5_bal_strong_500_500,weak_null,True,1492,947166935,-1.8318679906315083e-15,0,6
500,500,0.12770343186907818,0.08349971174278059,0.11020247366832336,0.06883707485630453,0.044203720126297585,0.04136539881201884,0.02976004746406229,1.485337689050302,1.3899641410844847,0.1374543927911145,0.1645397666024052,0.265,0.142,0.165,True,999,0.00011725001968443394,0.002727790968492627,weak_5x5_bal_strong_500_500,weak_null,True,1493,947166935,-1.8318679906315083e-15,0,8
500,500,0.09930067903620943,0.1196499667866941,0.08278101556015827,0.10229492499914272,-0.020349287750484668,-0.019513909438984456,0.03185257747004647,-0.6388584336580214,-0.6126320376219145,0.522915030681992,0.5401196694928966,0.612,0.515,0.534,True,999,0.00011866597924381495,0.0027974590193480253,weak_5x5_bal_strong_500_500,weak_null,True,1494,947166935,-1.8318679906315083e-15,0,5
500,500,0.14243319949451916,0.10696202323247661,0.12579558905463273,0.09380543012170506,0.03547117626204255,0.03199015893292767,0.032332701461592,1.0970681278883776,0.9894056941369024,0.2726116116119094,0.3224646897135277,0.41,0.287,0.339,True,999,0.00011133297812193632,0.002666541957296431,weak_5x5_bal_strong_500_500,weak_null,True,1495,947166935,-1.8318679906315083e-15,0,7
500,500,0.13395764824080958,0.09762124113850701,0.11732846553900345,0.07935068165247117,0.03633640710230257,0.03797778388653228,0.030095811882149933,1.2073575966180858,1.2618959752688117,0.22729445822288297,0.2069862204362295,0.36,0.238,0.207,True,999,0.00012087495997548103,0.002738584065809846,weak_5x5_bal_strong_500_500,weak_null,True,1496,947166935,-1.8318679906315083e-15,0,5
500,500,0.09366820645797769,0.10967956398864775,0.07714929495330125,0.0990378236074605,-0.016011357530670067,-0.021888528654159245,0.0319974588900826,-0.5003946590156471,-0.684070842292525,0.6167972133648721,0.49393043274597914,0.676,0.606,0.465,True,999,0.00012024992611259222,0.0027897499967366457,weak_5x5_bal_strong_500_500,weak_null,True,1497,947166935,-1.8318679906315083e-15,0,10
500,500,0.10544486178712353,0.1487232617348465,0.08875257450688423,0.13715004278401466,-0.04327839994772298,-0.04839746827713043,0.03162815395907596,-1.3683504893684726,-1.5302021211782542,0.17120239388761405,0.12596670650161457,0.29,0.178,0.126,True,999,0.00012616696767508984,0.0027840000111609697,weak_5x5_bal_strong_500_500,weak_null,True,1498,947166935,-1.8318679906315083e-15,0,9
500,500,0.10397545473430414,0.07631015032446276,0.08739840136161092,0.06414100114031385,0.027665304409841385,0.023257400221297075,0.02849336352636792,0.9709385269394313,0.8162391989901279,0.3315788913413309,0.4143633413432952,0.441,0.316,0.387,True,999,0.00011912500485777855,0.0026764170033857226,weak_5x5_bal_strong_500_500,weak_null,True,1499,947166935,-1.8318679906315083e-15,0,8
500,500,0.09926339205342694,0.11338503891336293,0.08272824151299574,0.09893415210453327,-0.014121646859935999,-0.01620591059153753,0.031073185383509467,-0.45446408810827466,-0.5215400478426008,0.649494833910124,0.6019906149172192,0.754,0.677,0.635,True,999,0.0001213329378515482,0.0026887080166488886,weak_5x5_bal_strong_500_500,weak_null,True,1500,947166935,-1.8318679906315083e-15,0,6
500,500,0.08720482758576353,0.11559098911211874,0.07071249271132274,0.1034947197659335,-0.028386161526355203,-0.03278222705461076,0.02965716555363637,-0.9571434422826923,-1.1053728986784852,0.3384948592090261,0.2689980420115037,0.476,0.357,0.295,True,999,0.00011195801198482513,0.0026552920462563634,weak_5x5_bal_strong_500_500,weak_null,True,1501,947166935,-1.8318679906315083e-15,0,8
500,500,0.12472067202242676,0.1302820667750721,0.1079848551798932,0.1118698968273577,-0.005561394752645332,-0.0038850416474645044,0.031905062029454825,-0.17431073312162942,-0.12176881661843582,0.8616212645627077,0.9030821108636583,0.877,0.846,0.89,True,999,0.00011862500105053186,0.00275991705711931,weak_5x5_bal_strong_500_500,weak_null,True,1502,947166935,-1.8318679906315083e-15,0,5
500,500,0.11517517634330576,0.09370470824623811,0.09861738136203257,0.08403275006526201,0.021470468097067652,0.014584631296770567,0.031697040452716124,0.6773650722721605,0.46012596407942585,0.49817435340654437,0.6454258085501013,0.63,0.526,0.675,True,999,0.00011274998541921377,0.002649584086611867,weak_5x5_bal_strong_500_500,weak_null,True,1503,947166935,-1.8318679906315083e-15,0,9
500,500,0.09549960789950451,0.12788129436674966,0.07897263657400799,0.11493689523535977,-0.03238168646724515,-0.03596425866135178,0.03142202685358074,-1.030540983818014,-1.1445556592812034,0.302756123632577,0.2523932689882191,0.416,0.305,0.255,True,999,0.0001141249667853117,0.0026530419709160924,weak_5x5_bal_strong_500_500,weak_null,True,1504,947166935,-1.8318679906315083e-15,0,8
500,500,0.0993924864754776,0.09865689521136611,0.08285052565781825,0.08021962389864257,0.0007355912641114903,0.0026309017591756856,0.029472442509645955,0.024958612231434182,0.08926649897831253,0.9800879759701686,0.9288701176921885,0.986,0.984,0.942,True,999,0.00011937494855374098,0.0027432499919086695,weak_5x5_bal_strong_500_500,weak_null,True,1505,947166935,-1.8318679906315083e-15,0,5
500,500,0.1020559289358074,0.11710058933249518,0.08551270037662562,0.10501188166864495,-0.015044660396687781,-0.01949918129201933,0.031903353183123366,-0.4715698788880378,-0.6111953555507216,0.637233830713883,0.5410702577626799,0.71,0.629,0.534,True,999,0.00011595804244279861,0.0027065410977229476,weak_5x5_bal_strong_500_500,weak_null,True,1506,947166935,-1.8318679906315083e-15,0,8
500,500,0.11913751337073597,0.060481899583403,0.10244004881292312,0.04206897799952003,0.05865561378733297,0.060371070813403094,0.02749457924770897,2.1333519330804287,2.1957444872859297,0.03289586697054692,0.02811023702300304,0.157,0.042,0.036,True,999,0.00011354195885360241,0.0026946660364046693,weak_5x5_bal_strong_500_500,weak_null,True,1507,947166935,-1.8318679906315083e-15,0,5
500,500,0.10677221333994957,0.06213492599164,0.09011796722188592,0.04824967176156747,0.04463728734830957,0.04186829546031845,0.026341540169210954,1.694558748712933,1.5894399185229036,0.09015915809096976,0.1119611083393884,0.259,0.105,0.125,True,999,0.00011887506116181612,0.0027894999366253614,weak_5x5_bal_strong_500_500,weak_null,True,1508,947166935,-1.8318679906315083e-15,0,8
500,500,0.12273507163291053,0.14432291786475093,0.10613076997526605,0.13479796510793562,-0.021587846231840402,-0.028667195132669576,0.033048131144841154,-0.6532244179625959,-0.8674377079608192,0.5136116105715505,0.3857022286231193,0.604,0.51,0.381,True,999,0.00012058299034833908,0.0027062080334872007,weak_5x5_bal_strong_500_500,weak_null,True,1509,947166935,-1.8318679906315083e-15,0,11
500,500,0.09082842729542095,0.14587533710067313,0.07340674408362702,0.13019004756540653,-0.055046909805252175,-0.05678330348177951,0.031210240091812513,-1.763745156824116,-1.8193805403206644,0.07777489472398566,0.06885339345918168,0.157,0.071,0.068,True,999,0.00011320807971060276,0.0027170839020982385,weak_5x5_bal_strong_500_500,weak_null,True,1510,947166935,-1.8318679906315083e-15,0,7
500,500,0.09656762261569996,0.14020454523508336,0.07988670467875636,0.11899955588194189,-0.0436369226193834,-0.03911285120318553,0.03191799584930559,-1.3671573498977307,-1.2254168898275757,0.17157599049652128,0.22041818643876465,0.279,0.164,0.232,True,999,0.00011379201896488667,0.002790624974295497,weak_5x5_bal_strong_500_500,weak_null,True,1511,947166935,-1.8318679906315083e-15,0,4
500,500,0.10543403631183557,0.14176712697987226,0.08887161919494702,0.1295567640260913,-0.036333090668036694,-0.04068514483114427,0.03279175443992964,-1.1079947166167743,-1.2407126585945356,0.26786409765767405,0.21471191632040876,0.363,0.267,0.218,True,999,0.00011775002349168062,0.0027846250450238585,weak_5x5_bal_strong_500_500,weak_null,True,1512,947166935,-1.8318679906315083e-15,0,8
500,500,0.09270384477398008,0.09313637939988073,0.07615109649862006,0.07409988228539532,-0.00043253462590064906,0.002051214213224739,0.02855107384331775,-0.015149504648207194,0.0718436800129259,0.9879129064855705,0.9427263109871721,0.988,0.987,0.951,True,999,0.00011758401524275541,0.0027708340203389525,weak_5x5_bal_strong_500_500,weak_null,True,1513,947166935,-1.8318679906315083e-15,0,5
500,500,0.1206719067274391,0.10403154606498377,0.10517895874261285,0.08906029877547894,0.016640360662455334,0.016118659967133908,0.029736609833409148,0.5595917206325198,0.5420476664096577,0.5757579534462565,0.587785669383968,0.678,0.576,0.589,True,999,0.00011899997480213642,0.0028820830630138516,weak_5x5_bal_strong_500_500,weak_null,True,1514,947166935,-1.8318679906315083e-15,1,7
500,500,0.10221940385827177,0.11473465613447936,0.08567822192867425,0.09818482270105733,-0.012515252276207589,-0.01250660077238308,0.030557133483720196,-0.409568923828385,-0.4092857983241842,0.6821221971509241,0.6823299363702084,0.74,0.672,0.671,True,999,0.00014345906674861908,0.002652166993357241,weak_5x5_bal_strong_500_500,weak_null,True,1515,947166935,-1.8318679906315083e-15,0,5
500,500,0.12090502908742762,0.10958560909412007,0.10416195411039553,0.09048325623098208,0.011319419993307545,0.013678697879413448,0.031867602007838516,0.3552014987046497,0.4292352426156471,0.7224386420369671,0.6677520379393536,0.792,0.731,0.681,True,999,0.00011008395813405514,0.0026987920282408595,weak_5x5_bal_strong_500_500,weak_null,True,1516,947166935,-1.8318679906315083e-15,0,5
500,500,0.10013326161866276,0.11196219377603933,0.08361548389041218,0.09669204196410419,-0.01182893215737657,-0.013076558073692013,0.030366097936412668,-0.38954402973166447,-0.430630175173466,0.6968737465599697,0.6667372967616586,0.77,0.7,0.664,True,999,0.00012287497520446777,0.0027609170647338033,weak_5x5_bal_strong_500_500,weak_null,True,1517,947166935,-1.8318679906315083e-15,0,6
500,500,0.11553892021401224,0.12301323957582472,0.09893559863758128,0.1071910968628913,-0.007474319361812476,-0.00825549822531002,0.031813143246051945,-0.23494438458985184,-0.25949960874534267,0.8142518996462282,0.7952497838601477,0.867,0.828,0.816,True,999,0.00011754094157367945,0.002687582978978753,weak_5x5_bal_strong_500_500,weak_null,True,1518,947166935,-1.8318679906315083e-15,0,7
500,500,0.08629624079271259,0.15866745425279377,0.06979396275107774,0.14538455641343262,-0.07237121346008119,-0.07559059366235488,0.032222551373070785,-2.245980233600114,-2.3458910123897847,0.02470527402521478,0.018981656997308895,0.073,0.036,0.026,True,999,0.0001140419626608491,0.0026443329406902194,weak_5x5_bal_strong_500_500,weak_null,True,1519,947166935,-1.8318679906315083e-15,0,7
500,500,0.11224158551404129,0.11486986878422356,0.09555373865021011,0.09701743922724404,-0.0026282832701822745,-0.0014637005770339329,0.03087310641681348,-0.08513180483681139,-0.0474102138370113,0.9321566054770293,0.9621862887107676,0.945,0.927,0.958,True,999,0.00011699995957314968,0.0028032499831169844,weak_5x5_bal_strong_500_500,weak_null,True,1520,947166935,-1.8318679906315083e-15,0,6
500,500,0.12236938131946085,0.07824052104725909,0.10572381147778742,0.06522611343501694,0.04412886027220175,0.04049769804277048,0.029307738771807628,1.5057067560139166,1.3818090286012428,0.13214246887109785,0.16703034610343925,0.267,0.139,0.168,True,999,0.00011950009502470493,0.002743332996033132,weak_5x5_bal_strong_500_500,weak_null,True,1521,947166935,-1.8318679906315083e-15,0,8
500,500,0.07167870399167264,0.17005350284504694,0.05509879531405204,0.15501644875536158,-0.0983747988533743,-0.09991765344130954,0.03397150254219736,-2.895803585113112,-2.9412197272463247,0.003781890269132881,0.0032692254198941647,0.009,0.003,0.003,True,999,0.00014520797412842512,0.0026726670330390334,weak_5x5_bal_strong_500_500,weak_null,True,1522,947166935,-1.8318679906315083e-15,0,7
500,500,0.10282395795949606,0.12489534288332843,0.08622315395768965,0.1116884295384466,-0.02207138492383237,-0.025465275580756952,0.032252297910204036,-0.6843352676848923,-0.7895646893643571,0.493763481659089,0.42978203673936133,0.588,0.506,0.426,True,999,0.00013933295849710703,0.0028496659360826015,weak_5x5_bal_strong_500_500,weak_null,True,1523,947166935,-1.8318679906315083e-15,0,8
500,500,0.11711616049413731,0.1648596478093305,0.10054305816743181,0.14941319578991852,-0.04774348731519318,-0.04887013762248671,0.032971291109276865,-1.4480320821212846,-1.4822027278372643,0.1476080783793291,0.13828636097903646,0.268,0.164,0.153,True,999,0.00012949993833899498,0.002807707991451025,weak_5x5_bal_strong_500_500,weak_null,True,1524,947166935,-1.8318679906315083e-15,0,7
500,500,0.0740859007806065,0.16522371814112013,0.05759642398982123,0.1490569163650548,-0.09113781736051363,-0.09146049237523357,0.03219042019903381,-2.8312093100061215,-2.8412332554136324,0.004637236385386113,0.004493942938103982,0.023,0.009,0.009,True,999,0.00012091698590666056,0.002745209028944373,weak_5x5_bal_strong_500_500,weak_null,True,1525,947166935,-1.8318679906315083e-15,0,6
500,500,0.10309269345706795,0.1400111030550218,0.08656235777061738,0.12689466002066752,-0.03691840959795384,-0.040332302250050134,0.03258420596030494,-1.1330154751332273,-1.2377868682509605,0.2572077546941134,0.21579509885320336,0.354,0.246,0.205,True,999,0.00011812499724328518,0.0028034589486196637,weak_5x5_bal_strong_500_500,weak_null,True,1526,947166935,-1.8318679906315083e-15,0,8
500,500,0.1187993270174652,0.12257843947580171,0.10218441626204822,0.10689884780157399,-0.0037791124583365088,-0.004714431539525776,0.03221822283616146,-0.11729735924772565,-0.14632810641046093,0.9066244176016225,0.8836623789492177,0.936,0.916,0.882,True,999,0.00011683395132422447,0.0026910839369520545,weak_5x5_bal_strong_500_500,weak_null,True,1527,947166935,-1.8318679906315083e-15,0,7
500,500,0.08017473139943188,0.12352915207756882,0.06363678716161303,0.11366919421891453,-0.04335442067813694,-0.0500324070573015,0.030305447512224193,-1.4305817678702561,-1.6509377410487047,0.15255011584478087,0.09875128836404931,0.296,0.187,0.121,True,999,0.0001194999786093831,0.0027582920156419277,weak_5x5_bal_strong_500_500,weak_null,True,1528,947166935,-1.8318679906315083e-15,0,9
500,500,0.11087219399672588,0.13454519837596562,0.09425763199237736,0.12369671529236825,-0.023673004379239748,-0.029439083299990898,0.031888844802937466,-0.7423600486480806,-0.923178104503776,0.4578692184633152,0.35591439726824214,0.55,0.457,0.35,True,999,0.00011870893649756908,0.0027655840385705233,weak_5x5_bal_strong_500_500,weak_null,True,1529,947166935,-1.8318679906315083e-15,0,9
500,500,0.0995005095931889,0.1126016979029485,0.08296489894507886,0.09622947215589761,-0.013101188309759593,-0.013264573210818753,0.03067943122340625,-0.4270349151637566,-0.43236046699258285,0.6693538969729647,0.6654794460052542,0.741,0.675,0.665,True,999,0.0001163750421255827,0.0026753749698400497,weak_5x5_bal_strong_500_500,weak_null,True,1530,947166935,-1.8318679906315083e-15,0,6
500,500,0.09667358687636907,0.11503294408951814,0.08011091682431015,0.09874992287220152,-0.018359357213149075,-0.01863900604789137,0.03149136979423608,-0.5829964632567181,-0.5918766369858862,0.5598956811069424,0.5539331995312946,0.67,0.583,0.575,True,999,0.0001247919863089919,0.0027559169102460146,weak_5x5_bal_strong_500_500,weak_null,True,1531,947166935,-1.8318679906315083e-15,0,6
500,500,0.11693628469931627,0.11015109793429034,0.10033212219798315,0.08882744463801373,0.00678518676502593,0.011504677559969423,0.030841729705644368,0.22000020199204873,0.37302309791865995,0.8258709973906482,0.7091312530225378,0.844,0.808,0.696,True,999,0.00012895895633846521,0.0027188750682398677,weak_5x5_bal_strong_500_500,weak_null,True,1532,947166935,-1.8318679906315083e-15,0,4
500,500,0.08185562790477041,0.102196905378027,0.06518512943137011,0.08744987162319262,-0.02034127747325659,-0.022264742191822506,0.028014442348078112,-0.7260996746077323,-0.7947594285541774,0.467777668502643,0.42675345546395604,0.575,0.458,0.419,True,999,0.00011504197027534246,0.002674040966667235,weak_5x5_bal_strong_500_500,weak_null,True,1533,947166935,-1.8318679906315083e-15,0,7
500,500,0.10731051441931494,0.07481277489972032,0.09074345552858176,0.06180239566489831,0.032497739519594615,0.02894105986368345,0.028392566603470247,1.1445861860062563,1.0193181992974938,0.2523806173098969,0.30805192664535563,0.409,0.243,0.288,True,999,0.00012179103214293718,0.0027704170206561685,weak_5x5_bal_strong_500_500,weak_null,True,1534,947166935,-1.8318679906315083e-15,0,8
500,500,0.07679648999136335,0.11377193640821937,0.06030627927145815,0.0972762087652086,-0.03697544641685602,-0.03696992949375044,0.029483306692472056,-1.2541146351910697,-1.2539275149618796,0.2098003415936125,0.20986835300916962,0.367,0.217,0.21,True,999,0.00011966703459620476,0.002688958076760173,weak_5x5_bal_strong_500_500,weak_null,True,1535,947166935,-1.8318679906315083e-15,0,7
500,500,0.10785997869744013,0.07265246048356772,0.0913063326451038,0.05424735948236048,0.03520751821387241,0.037058973162743314,0.028258050582995246,1.2459287702973794,1.3114483270492894,0.21279054664082953,0.18970634061177916,0.402,0.234,0.198,True,999,0.00011600006837397814,0.0026604169979691505,weak_5x5_bal_strong_500_500,weak_null,True,1536,947166935,-1.8318679906315083e-15,0,5
500,500,0.10496965599458763,0.09710583729519218,0.08843605118352116,0.08339990770340933,0.007863818699395453,0.005036143480111832,0.029786860524715464,0.264002938237499,0.1690726512091841,0.7917776546673815,0.8657394963908892,0.854,0.804,0.869,True,999,0.00012004200834780931,0.0026907080318778753,weak_5x5_bal_strong_500_500,weak_null,True,1537,947166935,-1.8318679906315083e-15,0,7
500,500,0.10244145070932587,0.13179796199774818,0.08587574092416617,0.11776792640074518,-0.029356511288422316,-0.031892185476579016,0.03075105955267117,-0.9546503995460632,-1.037108507495597,0.3397545208051109,0.29968529076720485,0.454,0.351,0.304,True,999,0.00011404103133827448,0.0027531249215826392,weak_5x5_bal_strong_500_500,weak_null,True,1538,947166935,-1.8318679906315083e-15,0,7
500,500,0.12683760805927768,0.07214203419459408,0.1102002334887402,0.05472513899010778,0.0546955738646836,0.055475094498632416,0.028084462104963286,1.9475385948380834,1.975294890509171,0.05147019736615414,0.04823469274774755,0.159,0.056,0.047,True,999,0.00011833291500806808,0.0027387080481275916,weak_5x5_bal_strong_500_500,weak_null,True,1539,947166935,-1.8318679906315083e-15,0,5
500,500,0.11604145366975627,0.10220310516900555,0.0993405157256575,0.08366961532274786,0.013838348500750719,0.015670900402909638,0.030103090671683243,0.4596985954590999,0.5205744677124007,0.6457325778224263,0.6026632395205074,0.718,0.642,0.595,True,999,0.00011920800898224115,0.0028379170689731836,weak_5x5_bal_strong_500_500,weak_null,True,1540,947166935,-1.8318679906315083e-15,0,4
500,500,0.09657785888813164,0.0797426194902694,0.07913596366574893,0.06580526176281865,0.016835239397862245,0.013330701902930286,0.02847134931619903,0.5913045852127452,0.46821461655649965,0.554316357905234,0.6396311205832411,0.703,0.584,0.67,True,999,0.00011887494474649429,0.0028134590247645974,weak_5x5_bal_strong_500_500,weak_null,True,1541,947166935,-1.8318679906315083e-15,0,8
500,500,0.11878410664694883,0.07906269692953899,0.10218071868871448,0.07011405015884975,0.03972140971740984,0.03206666852986473,0.02841689666750926,1.3978095561302337,1.1284366799464232,0.16217026394778233,0.2591355442974477,0.312,0.149,0.243,True,999,0.0001242499565705657,0.0027495831018313766,weak_5x5_bal_strong_500_500,weak_null,True,1542,947166935,-1.8318679906315083e-15,0,10
500,500,0.12843242517618836,0.12442885700316819,0.11184197598015544,0.1069542562479171,0.004003568173020167,0.004887719732238338,0.03210597734810946,0.12469852979747133,0.15223706412183552,0.9007622213684469,0.8789999617053291,0.915,0.891,0.872,True,999,0.00011720811016857624,0.0028672079788520932,weak_5x5_bal_strong_500_500,weak_null,True,1543,947166935,-1.8318679906315083e-15,0,6
500,500,0.09200694541437282,0.11951133955658977,0.07548159454449888,0.10433184612489299,-0.027504394142216948,-0.028850251580394115,0.031191521377546712,-0.881790721564997,-0.9249389034663129,0.37788999010505275,0.35499768879319193,0.476,0.366,0.346,True,999,0.0001235420349985361,0.0026597909163683653,weak_5x5_bal_strong_500_500,weak_null,True,1544,947166935,-1.8318679906315083e-15,0,7
500,500,0.10589340821057469,0.16799047505375875,0.08929515638271823,0.1535565408772186,-0.06209706684318406,-0.06426138449450036,0.03395648749375753,-1.8287246834526043,-1.8924626555180069,0.06744086279608065,0.058429364795896506,0.112,0.075,0.06,True,999,0.00011229200754314661,0.002717499970458448,weak_5x5_bal_strong_500_500,weak_null,True,1545,947166935,-1.8318679906315083e-15,0,8
500,500,0.07891649654116262,0.07874647675353452,0.06242298808820124,0.05834151265761989,0.0001700197876280951,0.004081475430581349,0.026995334936115736,0.006298117361034627,0.15119187964291353,0.9949748626169476,0.8798243557672405,0.994,0.992,0.878,True,999,0.00011450005695223808,0.0027367499424144626,weak_5x5_bal_strong_500_500,weak_null,True,1546,947166935,-1.8318679906315083e-15,0,4
500,500,0.10740947731832251,0.1383047865735944,0.09088864992850176,0.1261200451207003,-0.030895309255271897,-0.035231395192198534,0.03230529287302569,-0.9563544084464529,-1.0905765606482423,0.3388932102372223,0.2754592480174928,0.445,0.331,0.262,True,999,0.00012354191858321428,0.00261049997061491,weak_5x5_bal_strong_500_500,weak_null,True,1547,947166935,-1.8318679906315083e-15,0,8
500,500,0.0975039520054628,0.08715044130416244,0.08095086524883754,0.07171524285834607,0.010353510701300361,0.009235622390491471,0.028884418609753153,0.3584462211679892,0.3197440985491381,0.7200094068983256,0.7491623274173138,0.788,0.723,0.749,True,999,0.0001171668991446495,0.002715041977353394,weak_5x5_bal_strong_500_500,weak_null,True,1548,947166935,-1.8318679906315083e-15,0,6
500,500,0.11375133768430867,0.09752964557530608,0.09721005451365272,0.08274836181203682,0.016221692109002595,0.014461692701615902,0.030837885794711247,0.5260312661182708,0.46895863088305845,0.5988664834124677,0.6390992063779082,0.666,0.575,0.612,True,999,0.0001188330352306366,0.0027941670268774033,weak_5x5_bal_strong_500_500,weak_null,True,1549,947166935,-1.8318679906315083e-15,0,8
500,500,0.10586734815863719,0.10449683412365934,0.08931240311665078,0.0866223887557851,0.0013705140349778433,0.002690014360865689,0.031113681641798882,0.04404859735842579,0.08645760382313156,0.9648656663444666,0.9311026570741935,0.98,0.97,0.939,True,999,0.00012145808432251215,0.002738333074375987,weak_5x5_bal_strong_500_500,weak_null,True,1550,947166935,-1.8318679906315083e-15,0,6
500,500,0.10636714033222483,0.12552657224570685,0.0897785961055888,0.1081126303006954,-0.019159431913482017,-0.018334034195106597,0.03087864507374923,-0.6204751493377528,-0.5937447757606714,0.5349450099409726,0.552682830273576,0.635,0.553,0.565,True,999,0.00012279103975743055,0.0027884580194950104,weak_5x5_bal_strong_500_500,weak_null,True,1551,947166935,-1.8318679906315083e-15,0,5
500,500,0.1069998977351847,0.12645279890812866,0.09043239206562248,0.10744966953461699,-0.01945290117294396,-0.017017277468994507,0.031764989650483404,-0.6124006771917183,-0.5357243196437036,0.5402726938798139,0.5921490931994384,0.608,0.53,0.584,True,999,0.00012316706124693155,0.002812999999150634,weak_5x5_bal_strong_500_500,weak_null,True,1552,947166935,-1.8318679906315083e-15,0,5
500,500,0.09857774758150928,0.1150382013183533,0.08205615492317975,0.10497462932718804,-0.016460453736844016,-0.022918474404008293,0.03030749203866332,-0.5431150065417946,-0.7561983147523772,0.5870506209928645,0.4495303030405816,0.708,0.601,0.454,True,999,0.00011204101610928774,0.0026301249163225293,weak_5x5_bal_strong_500_500,weak_null,True,1553,947166935,-1.8318679906315083e-15,0,9
500,500,0.11516839298273496,0.10926122884280498,0.09845182471815406,0.09397281638871391,0.005907164139929977,0.004479008329440148,0.030040544924922037,0.19663971325065127,0.1490987710320895,0.8441094906312455,0.8814756956261562,0.9,0.866,0.893,True,999,0.00012287497520446777,0.0027188750682398677,weak_5x5_bal_strong_500_500,weak_null,True,1554,947166935,-1.8318679906315083e-15,0,6
500,500,0.10895596576537558,0.11376655993116552,0.09238193674480044,0.09791080265895857,-0.004810594165789939,-0.005528865914158132,0.03187842859577301,-0.15090436943393787,-0.1734359614856061,0.8800511536519458,0.8623087602186396,0.904,0.873,0.845,True,999,0.00012099999003112316,0.0027707499684765935,weak_5x5_bal_strong_500_500,weak_null,True,1555,947166935,-1.8318679906315083e-15,0,7
500,500,0.13700620782284023,0.15804036692519002,0.12036455963345816,0.14189944133323706,-0.021034159102349792,-0.021534881699778907,0.03461297781491802,-0.6076957381368145,-0.62216206345868,0.5433892901900418,0.5338353084355667,0.616,0.561,0.553,True,999,0.00011491705663502216,0.0026579160476103425,weak_5x5_bal_strong_500_500,weak_null,True,1556,947166935,-1.8318679906315083e-15,0,6
500,500,0.09896006268925328,0.1024361534126002,0.08237480064849478,0.08780826070503167,-0.003476090723346925,-0.005433460056536887,0.02986145930841606,-0.11640726219857697,-0.18195561042140823,0.9073297801222477,0.8556175620429719,0.935,0.905,0.863,True,999,0.00012033293023705482,0.0027331659803166986,weak_5x5_bal_strong_500_500,weak_null,True,1557,947166935,-1.8318679906315083e-15,0,8
500,500,0.11582662188486514,0.13306674100743,0.09929669092957738,0.12597467905601434,-0.017240119122564845,-0.026677988126436958,0.03340123097872555,-0.516152208089148,-0.7987127223972413,0.6057481065953405,0.424457008022174,0.694,0.611,0.427,True,999,0.00013149995356798172,0.002719624899327755,weak_5x5_bal_strong_500_500,weak_null,True,1558,947166935,-1.8318679906315083e-15,0,10
500,500,0.10712235293520322,0.11747848189018495,0.09056332511738674,0.09980661476993191,-0.010356128954981725,-0.009243289652545172,0.030607101859082907,-0.338357058523934,-0.3019981994735039,0.7350941300423184,0.7626534355222584,0.773,0.717,0.747,True,999,0.00011587503831833601,0.0027557919966056943,weak_5x5_bal_strong_500_500,weak_null,True,1559,947166935,-1.8318679906315083e-15,0,6
500,500,0.11131191096540172,0.07109992125550224,0.09455106867949326,0.05295039983326433,0.040211989709899476,0.04160066884622893,0.028294128691162355,1.4212132187855515,1.4702933354234322,0.15525478293412137,0.14148232528182664,0.33,0.168,0.159,True,999,0.00011779193300753832,0.0028382500167936087,weak_5x5_bal_strong_500_500,weak_null,True,1560,947166935,-1.8318679906315083e-15,0,6
500,500,0.11202463752629055,0.15139960119335422,0.09532363690016155,0.13815186019607495,-0.03937496366706367,-0.042828223295913403,0.03347072352370746,-1.1764001348573838,-1.2795726768672324,0.23943501788789956,0.20069546436301833,0.331,0.237,0.191,True,999,0.00011683395132422447,0.002736667054705322,weak_5x5_bal_strong_500_500,weak_null,True,1561,947166935,-1.8318679906315083e-15,0,7
500,500,0.11994205789228363,0.11215795217785196,0.1033641147085973,0.10115612666035645,0.007784105714431666,0.00220798804824085,0.03209430856372047,0.24253850800296878,0.06879687231326641,0.808362922310612,0.945151307723388,0.835,0.794,0.938,True,999,0.0001152500044554472,0.0026680410373955965,weak_5x5_bal_strong_500_500,weak_null,True,1562,947166935,-1.8318679906315083e-15,0,9
500,500,0.09133460781239422,0.07346897775334887,0.07479750323761891,0.053071997957715666,0.017865630059045345,0.021725505279903246,0.027611396532956363,0.6470382632664493,0.7868310917911071,0.5176071796956754,0.43138075002006737,0.644,0.519,0.433,True,999,0.00011962500866502523,0.0027805829886347055,weak_5x5_bal_strong_500_500,weak_null,True,1563,947166935,-1.8318679906315083e-15,0,4
500,500,0.12297638379068676,0.13299796069476638,0.10635141748207388,0.11724196150581179,-0.010021576904079621,-0.010890544023737903,0.033427919410872864,-0.29979660956164605,-0.3257918594896341,0.7643323016241976,0.744581838197071,0.798,0.748,0.725,True,999,0.00011837494093924761,0.002708792104385793,weak_5x5_bal_strong_500_500,weak_null,True,1564,947166935,-1.8318679906315083e-15,0,5
500,500,0.11232380580322987,0.07811301055122905,0.09563408876294943,0.06234284845979232,0.034210795252000825,0.03329124030315711,0.028129686282957016,1.2161811869451307,1.1834913467672525,0.22391590866976552,0.23661447395083668,0.36,0.213,0.226,True,999,0.00011420901864767075,0.002682749996893108,weak_5x5_bal_strong_500_500,weak_null,True,1565,947166935,-1.8318679906315083e-15,0,7
500,500,0.10928534764155162,0.13176398246352905,0.09271639210965077,0.12031809583027098,-0.022478634821977428,-0.027601703720620208,0.03154549602322076,-0.7125782649108076,-0.8749808118503666,0.47610676533938656,0.3815843462567018,0.587,0.491,0.383,True,999,0.00012025004252791405,0.0027769170701503754,weak_5x5_bal_strong_500_500,weak_null,True,1566,947166935,-1.8318679906315083e-15,0,7
500,500,0.10641002282464007,0.11443361837477506,0.08987104166817517,0.09935693436653992,-0.008023595550134988,-0.00948589269836475,0.030664543953914707,-0.2616570969453689,-0.3093440004397574,0.7935858200353288,0.7570598636903438,0.843,0.799,0.76,True,999,0.00011783395893871784,0.002700209035538137,weak_5x5_bal_strong_500_500,weak_null,True,1567,947166935,-1.8318679906315083e-15,0,7
500,500,0.12154981811503585,0.05902007644623869,0.10496263492018443,0.04359167797665009,0.06252974166879716,0.06137095694353434,0.028137906265985675,2.2222599321252923,2.181077595589343,0.026265744286553643,0.029177677659397112,0.115,0.022,0.024,True,999,0.00011200003791600466,0.002728500054217875,weak_5x5_bal_strong_500_500,weak_null,True,1568,947166935,-1.8318679906315083e-15,0,8
500,500,0.10415148857115164,0.10471758984416801,0.08757413853027174,0.09136814538106819,-0.0005661012730163728,-0.0037940068507964497,0.030448199275801356,-0.018592274304585252,-0.12460529492828593,0.9851663659840467,0.9008360363255601,0.989,0.986,0.901,True,999,0.00011808297131210566,0.002815792104229331,weak_5x5_bal_strong_500_500,weak_null,True,1569,947166935,-1.8318679906315083e-15,0,9
500,500,0.10118699212963445,0.07816490687088756,0.08464616188143737,0.06269480973293184,0.023022085258746883,0.02195135214850552,0.028620665036348723,0.8043868033642283,0.7669756143201751,0.4211736201976519,0.44309601437985646,0.566,0.413,0.424,True,999,0.00011749996338039637,0.0026780839543789625,weak_5x5_bal_strong_500_500,weak_null,True,1570,947166935,-1.8318679906315083e-15,0,6
500,500,0.14989124403535525,0.10618325073135243,0.13309054919261598,0.0952104743481641,0.04370799330400282,0.03788007484445188,0.032766549535082595,1.3339211459297968,1.156059316037971,0.18222970062655985,0.24765689559922477,0.289,0.195,0.249,True,999,0.00012579199392348528,0.0027012499049305916,weak_5x5_bal_strong_500_500,weak_null,True,1571,947166935,-1.8318679906315083e-15,0,9
500,500,0.10988475554367838,0.11133951706059153,0.09331523892626592,0.09488260038563112,-0.00145476151691315,-0.0015673614593652019,0.03134189104639858,-0.04641588201425111,-0.050008515984082694,0.9629787781389909,0.9601156020406394,0.969,0.96,0.958,True,999,0.00011437502689659595,0.002776040928438306,weak_5x5_bal_strong_500_500,weak_null,True,1572,947166935,-1.8318679906315083e-15,0,6
500,500,0.0913643769124477,0.0781937621822743,0.07485559642111639,0.06260594245401307,0.013170614730173391,0.012249653967103313,0.02771784333366301,0.47516737040568474,0.44194109258948894,0.6346676822991365,0.6585318337245349,0.734,0.622,0.654,True,999,0.0001593329943716526,0.0026646250626072288,weak_5x5_bal_strong_500_500,weak_null,True,1573,947166935,-1.8318679906315083e-15,0,6
500,500,0.10154269238043101,0.11375425513273119,0.08496196911789866,0.09815490338539234,-0.012211562752300176,-0.013192934267493683,0.030599179651665594,-0.39908137706023333,-0.43115320141517444,0.6898332438057896,0.6663569792530897,0.767,0.703,0.68,True,999,0.00011775002349168062,0.0026355000445619226,weak_5x5_bal_strong_500_500,weak_null,True,1574,947166935,-1.8318679906315083e-15,0,6
500,500,0.09238972143875368,0.13479215512645842,0.07583931567421587,0.12170847608075519,-0.042402433687704744,-0.04586916040653932,0.031355528673852294,-1.3523112344479327,-1.4628731310402079,0.17627577198341282,0.14350209741422382,0.276,0.165,0.139,True,999,0.00011383392848074436,0.002748292055912316,weak_5x5_bal_strong_500_500,weak_null,True,1575,947166935,-1.8318679906315083e-15,0,8
500,500,0.10379704941542811,0.10391715318456257,0.08723092571756297,0.08759462179907018,-0.00012010376913446086,-0.00036369608150721433,0.03061431061409617,-0.003923125059009489,-0.011879937003701555,0.9968698071147392,0.9905214046389073,0.996,0.995,0.989,True,999,0.0001232079230248928,0.0026495830388739705,weak_5x5_bal_strong_500_500,weak_null,True,1576,947166935,-1.8318679906315083e-15,0,6
500,500,0.08854919723485555,0.14748666506579466,0.07204474396860405,0.12980488426936176,-0.058937467830939116,-0.05776014030075771,0.03169720066055274,-1.8593903121636532,-1.822247362450539,0.0629718339992623,0.06841746107859979,0.167,0.08,0.086,True,999,0.00012012489605695009,0.0027245000237599015,weak_5x5_bal_strong_500_500,weak_null,True,1577,947166935,-1.8318679906315083e-15,0,6
500,500,0.12150852570763293,0.1407357878219233,0.10489862221504609,0.12710096118081537,-0.019227262114290378,-0.022202338965769286,0.032786803767315124,-0.5864329518285606,-0.6771730212965316,0.5575846059203918,0.4982961829399545,0.654,0.563,0.502,True,999,0.00012379197869449854,0.002802792005240917,weak_5x5_bal_strong_500_500,weak_null,True,1578,947166935,-1.8318679906315083e-15,0,8
500,500,0.07845089852230314,0.12376866186133045,0.06189395531669106,0.10739076065422637,-0.04531776333902732,-0.04549680533753531,0.03099067901143617,-1.4623030144742608,-1.4680802999103726,0.14365819284704787,0.14208241208611028,0.268,0.141,0.138,True,999,0.0001206250162795186,0.002779250033199787,weak_5x5_bal_strong_500_500,weak_null,True,1579,947166935,-1.8318679906315083e-15,0,6
500,500,0.10977762757604292,0.12272632352292173,0.0931996447450274,0.10773874845577325,-0.012948695946878808,-0.014539103710745849,0.03168631893480125,-0.4086525788471184,-0.45884483270719956,0.6827946390589783,0.6463455973044208,0.752,0.67,0.626,True,999,0.0001194169744849205,0.0027593750273808837,weak_5x5_bal_strong_500_500,weak_null,True,1580,947166935,-1.8318679906315083e-15,0,7
500,500,0.10909902375789926,0.14716017570575202,0.09253113867578122,0.13629223267270163,-0.038061151947852756,-0.04376109399692041,0.032503173607248394,-1.1709980203091583,-1.3463637282225707,0.24159957290180445,0.17818524261540292,0.329,0.234,0.186,True,999,0.00011916703078895807,0.0027856670785695314,weak_5x5_bal_strong_500_500,weak_null,True,1581,947166935,-1.8318679906315083e-15,0,9
500,500,0.10523908012547523,0.10772570570267992,0.08864282009039925,0.09318307161694861,-0.002486625577204693,-0.004540251526549355,0.030531058035117253,-0.08144577152696579,-0.14870927569320047,0.9350874495765323,0.8817830416835157,0.957,0.945,0.881,True,999,0.00011808308772742748,0.00274170795455575,weak_5x5_bal_strong_500_500,weak_null,True,1582,947166935,-1.8318679906315083e-15,0,6
500,500,0.0964691622780407,0.16097995645949503,0.07994535474028908,0.1432343313002491,-0.06451079418145433,-0.06328897655996002,0.03210329908422296,-2.009475537458327,-1.9714165947219782,0.04448672642953281,0.048676244452046595,0.134,0.061,0.063,True,999,0.0001181670231744647,0.0027894580271095037,weak_5x5_bal_strong_500_500,weak_null,True,1583,947166935,-1.8318679906315083e-15,0,6
500,500,0.10743908740096297,0.11797770849847844,0.09082474033027665,0.10415895164229028,-0.010538621097515466,-0.013334211312013622,0.03155142482779623,-0.33401411045726004,-0.42261835669197495,0.7383689109624278,0.6725737313177083,0.787,0.744,0.676,True,999,0.00011841696687042713,0.0028076249873265624,weak_5x5_bal_strong_500_500,weak_null,True,1584,947166935,-1.8318679906315083e-15,0,8
500,500,0.08541754432195336,0.09649265041932542,0.06887211023229156,0.08430775703698146,-0.011075106097372056,-0.015435646804689895,0.02829633015930339,-0.39139726017547666,-0.5454999541562423,0.6955036171901453,0.5854097120471486,0.772,0.694,0.585,True,999,0.00011695909779518843,0.0026270420057699084,weak_5x5_bal_strong_500_500,weak_null,True,1585,947166935,-1.8318679906315083e-15,0,8
500,500,0.128618422100365,0.10436801444005162,0.11203742065458755,0.09022314679779697,0.02425040766031339,0.021814273856790578,0.03172619132562125,0.7643655493160122,0.6875793451820337,0.4446494328029975,0.4917177188588311,0.526,0.444,0.484,True,999,0.00011083402205258608,0.0027250420534983277,weak_5x5_bal_strong_500_500,weak_null,True,1586,947166935,-1.8318679906315083e-15,0,7
500,500,0.10580650535002367,0.11056018157627001,0.08925442205702439,0.09655877631652743,-0.0047536762262463395,-0.007304354259503043,0.031098173684637513,-0.15286030216606109,-0.23488048956107643,0.8785084422017975,0.8143014930721012,0.903,0.879,0.809,True,999,0.00011720799375325441,0.002774332999251783,weak_5x5_bal_strong_500_500,weak_null,True,1587,947166935,-1.8318679906315083e-15,0,7
500,500,0.12274183035254183,0.13908337310119717,0.1061053266239469,0.1246988936623552,-0.016341542748655347,-0.01859356703840831,0.03281038499946166,-0.4980600730202792,-0.5666976184129929,0.6184417013275223,0.5709196392001818,0.7,0.631,0.581,True,999,0.00011279096361249685,0.0026797919999808073,weak_5x5_bal_strong_500_500,weak_null,True,1588,947166935,-1.8318679906315083e-15,0,7
500,500,0.08851668263231183,0.09831775482056987,0.07199551634698764,0.07724928907157391,-0.009801072188258042,-0.00525377272458627,0.029071700891641624,-0.33713446023641286,-0.18071776206588508,0.7360155409679711,0.8565891162290655,0.78,0.715,0.834,True,999,0.000122792087495327,0.0026678330032154918,weak_5x5_bal_strong_500_500,weak_null,True,1589,947166935,-1.8318679906315083e-15,0,4
500,500,0.11288648047749694,0.13751946065492127,0.09634116318386532,0.12347032084201714,-0.024632980177424324,-0.027129157658151826,0.0324090599437258,-0.7600646306988339,-0.8370856083224304,0.44721595315912066,0.40254444934123157,0.552,0.47,0.426,True,999,0.00011720904149115086,0.0027045420138165355,weak_5x5_bal_strong_500_500,weak_null,True,1590,947166935,-1.8318679906315083e-15,0,7
500,500,0.10076198055646723,0.12786014728958678,0.08422036771310104,0.11005781924336588,-0.027098166733119544,-0.025837451530264843,0.03192750737018702,-0.8487404424945189,-0.8092536392111558,0.39602573695941257,0.41836926714768674,0.51,0.4,0.431,True,999,0.00011429097503423691,0.0026727080112323165,weak_5x5_bal_strong_500_500,weak_null,True,1591,947166935,-1.8318679906315083e-15,0,4
500,500,0.10531124978821937,0.11859130865325107,0.08866931290958746,0.1087584149109091,-0.013280058865031696,-0.020089102001321635,0.030796746302915658,-0.43121629585182564,-0.6523124814461233,0.6663111060515561,0.5141996098269233,0.744,0.676,0.513,True,999,0.00012091698590666056,0.0027459169505164027,weak_5x5_bal_strong_500_500,weak_null,True,1592,947166935,-1.8318679906315083e-15,0,10
500,500,0.0998582037930753,0.15191549101102797,0.0832643751151636,0.13920520515662815,-0.052057287217952664,-0.05594083004146455,0.03325224161088542,-1.5655271553455585,-1.6823175621084088,0.11745935523586729,0.09250727740984986,0.191,0.125,0.093,True,999,0.00011799996718764305,0.002796791959553957,weak_5x5_bal_strong_500_500,weak_null,True,1593,947166935,-1.8318679906315083e-15,0,9
500,500,0.12165616353582975,0.08726682492530657,0.10493238583649145,0.06770388778741676,0.03438933861052318,0.03722849804907469,0.0298734989172977,1.1511654093726083,1.246204810227911,0.24966419277681007,0.2126892135563131,0.416,0.272,0.23,True,999,0.00011737504974007607,0.0027607089141383767,weak_5x5_bal_strong_500_500,weak_null,True,1594,947166935,-1.8318679906315083e-15,0,6
500,500,0.1402401722006703,0.12044326374008185,0.12275648706634001,0.10463627368031325,0.019796908460588458,0.018120213386026762,0.03172139594895029,0.6240869251923186,0.5712300119196484,0.5325705000666474,0.5678437367901339,0.593,0.528,0.563,True,999,0.0001193339703604579,0.0027194999856874347,weak_5x5_bal_strong_500_500,weak_null,True,1595,947166935,-1.8318679906315083e-15,0,7
500,500,0.09188633515635547,0.13602292786135156,0.07537205670359981,0.12205933845345385,-0.04413659270499609,-0.04668728174985404,0.031259123333029125,-1.411958749923109,-1.493556977028948,0.15796210741134353,0.13529145154624683,0.278,0.161,0.132,True,999,0.00012337509542703629,0.0027076249243691564,weak_5x5_bal_strong_500_500,weak_null,True,1596,947166935,-1.8318679906315083e-15,0,7
500,500,0.13313509174799387,0.06127081396402578,0.11653288498155234,0.04586076561972163,0.07186427778396809,0.07067211936183071,0.028060300750220077,2.561065842582049,2.5185802529674035,0.01043515772922924,0.01178290284426106,0.08,0.008,0.008,True,999,0.00012137496378272772,0.002749499981291592,weak_5x5_bal_strong_500_500,weak_null,True,1597,947166935,-1.8318679906315083e-15,0,8
500,500,0.0840699106876619,0.10126250910174561,0.06758502917318765,0.09539098450804318,-0.017192598414083715,-0.027805955334855526,0.029864122163869567,-0.5756940826770321,-0.9310822927350576,0.5648219756939306,0.35181099745005573,0.671,0.549,0.343,True,999,0.0001166659640148282,0.0027616670122370124,weak_5x5_bal_strong_500_500,weak_null,True,1598,947166935,-1.8318679906315083e-15,0,12
500,500,0.10400304129590432,0.156401436407004,0.08739309780446547,0.13716485307165271,-0.05239839511109967,-0.049771755267187245,0.03351954533900879,-1.5632191481463915,-1.4848577080568197,0.11800105777851114,0.13758152118840258,0.198,0.12,0.136,True,999,0.00011225009802728891,0.002720541087910533,weak_5x5_bal_strong_500_500,weak_null,True,1599,947166935,-1.8318679906315083e-15,0,4
500,500,0.09551794330746932,0.12371640488839647,0.07884684767088856,0.10383672540899624,-0.028198461580927148,-0.02498987773810768,0.031189429143431837,-0.9041031642884507,-0.8012290838407436,0.36594070067503925,0.4229990369159965,0.51,0.381,0.438,True,999,0.00011970906052738428,0.002737542032264173,weak_5x5_bal_strong_500_500,weak_null,True,1600,947166935,-1.8318679906315083e-15,0,5
500,500,0.1633255230805395,0.12119420750275711,0.1457511565420191,0.10688026920237803,0.04213131557778238,0.03887088733964106,0.03257004879012864,1.2935601002400579,1.1934549926563844,0.1958174119321815,0.23269122873043702,0.285,0.191,0.226,True,999,0.00013762491289526224,0.0028163749957457185,weak_5x5_bal_strong_500_500,weak_null,True,1601,947166935,-1.8318679906315083e-15,0,7
500,500,0.1342244561679482,0.11737184327218442,0.11755345865799427,0.1006813402406408,0.016852612895763786,0.016872118417353477,0.03240815179978834,0.5200115390681997,0.5206134099095299,0.6030555325603177,0.6026361057785374,0.682,0.624,0.626,True,999,0.00012574996799230576,0.0027166660875082016,weak_5x5_bal_strong_500_500,weak_null,True,1602,947166935,-1.8318679906315083e-15,0,5
500,500,0.10335786691263715,0.16661836252504447,0.08681160240450936,0.15296933447305605,-0.06326049561240732,-0.06615773206854669,0.03307235187132127,-1.9127909577928666,-2.0003939340617456,0.055774819197286475,0.04545774288865895,0.125,0.069,0.055,True,999,0.00011429097503423691,0.002707625040784478,weak_5x5_bal_strong_500_500,weak_null,True,1603,947166935,-1.8318679906315083e-15,0,8
500,500,0.12609607370938125,0.09665567187721091,0.10848065409209084,0.08162785597042443,0.029440401832170338,0.02685279812166641,0.030472419589944556,0.9661327268506512,0.8812164732244444,0.3339777702281941,0.3782006647789343,0.459,0.349,0.395,True,999,0.0001324580516666174,0.002840499975718558,weak_5x5_bal_strong_500_500,weak_null,True,1604,947166935,-1.8318679906315083e-15,0,7
500,500,0.15817580991313052,0.10060416041954617,0.141412344288824,0.08592163082886373,0.05757164949358434,0.05549071345996026,0.03224386340028995,1.7855071763226311,1.7209697476717776,0.07417908836107892,0.08525631366620463,0.152,0.079,0.093,True,999,0.0001261249417439103,0.0028261670377105474,weak_5x5_bal_strong_500_500,weak_null,True,1605,947166935,-1.8318679906315083e-15,0,8
500,500,0.11453421996165614,0.08141108523656448,0.09789830459862969,0.05659376566106289,0.03312313472509165,0.041304538937566804,0.030316183384350187,1.092589205743836,1.3624584075741217,0.2745742041707474,0.1730532617140137,0.391,0.272,0.178,True,999,0.00011579098645597696,0.0026702500181272626,weak_5x5_bal_strong_500_500,weak_null,True,1606,947166935,-1.8318679906315083e-15,0,3
500,500,0.11853042630857957,0.09899693382114327,0.10181447895274687,0.08810802004481388,0.0195334924874363,0.013706458907932983,0.0310132213356264,0.6298440357434661,0.4419553441289153,0.5287966313474017,0.6585215206293563,0.636,0.521,0.662,True,999,0.00011716608423739672,0.00290862494148314,weak_5x5_bal_strong_500_500,weak_null,True,1607,947166935,-1.8318679906315083e-15,0,9
500,500,0.09418106556698058,0.10691630804765795,0.07766436314295788,0.09528551161696441,-0.012735242480677367,-0.01762114847400653,0.030028401670822633,-0.42410657151464976,-0.5868160639108634,0.6714880931580496,0.557327246900094,0.715,0.647,0.545,True,999,0.00012454204261302948,0.0027610419783741236,weak_5x5_bal_strong_500_500,weak_null,True,1608,947166935,-1.8318679906315083e-15,0,9
500,500,0.09662050937552791,0.11278129809854481,0.07917783501909526,0.0999322126179436,-0.016160788723016906,-0.02075437759884835,0.030048359476269996,-0.5378259913250678,-0.6906991915894325,0.5906971862943834,0.48975459749122463,0.709,0.624,0.52,True,999,0.00012566696386784315,0.0026477089850232005,weak_5x5_bal_strong_500_500,weak_null,True,1609,947166935,-1.8318679906315083e-15,0,8
500,500,0.13039884075781893,0.14698180075149708,0.11375134186710056,0.1341983449463271,-0.016582959993678148,-0.020447003079226533,0.03347513788540979,-0.49538137977038377,-0.6108116163470204,0.620330935910362,0.5413243021940608,0.697,0.623,0.54,True,999,0.00011908402666449547,0.002781333983875811,weak_5x5_bal_strong_500_500,weak_null,True,1610,947166935,-1.8318679906315083e-15,0,8
500,500,0.12181569104956402,0.16309483378751677,0.10517939402211596,0.14427703136072978,-0.041279142737952745,-0.03909763733861382,0.03484546543551831,-1.1846345635514608,-1.1220294190348576,0.23616196504848952,0.26184993160768555,0.313,0.245,0.267,True,999,0.00011899997480213642,0.002772208070382476,weak_5x5_bal_strong_500_500,weak_null,True,1611,947166935,-1.8318679906315083e-15,0,4
500,500,0.13449449109986777,0.10774828810183062,0.11788138938004522,0.0986744350263109,0.02674620299803715,0.019206954353734318,0.031587047002419336,0.8467459144246243,0.6080642597664545,0.39713676063248293,0.543144855293028,0.506,0.415,0.551,True,999,0.00011562509462237358,0.002767833066172898,weak_5x5_bal_strong_500_500,weak_null,True,1612,947166935,-1.8318679906315083e-15,0,10
500,500,0.1253486938462276,0.10531247103068081,0.10869234445533493,0.08533094912201022,0.02003622281554679,0.023361395333324708,0.03085723197144754,0.6493201604760426,0.7570800697528932,0.5161314573694414,0.44900189359933207,0.629,0.522,0.45,True,999,0.00012312503531575203,0.0026970829349011183,weak_5x5_bal_strong_500_500,weak_null,True,1613,947166935,-1.8318679906315083e-15,0,3
500,500,0.12079024312007469,0.15791984972073986,0.10419327690965474,0.14292456052376679,-0.037129606600665166,-0.038731283614112044,0.033992213765311696,-1.0922973966042515,-1.1394163346206203,0.2747024042832318,0.25452954611842304,0.362,0.28,0.255,True,999,0.00011616700794547796,0.0027208339888602495,weak_5x5_bal_strong_500_500,weak_null,True,1614,947166935,-1.8318679906315083e-15,0,7
500,500,0.07793992023156981,0.10155482665950943,0.06140542468483545,0.08942236364012501,-0.02361490642793962,-0.02801693895528956,0.029198133918731644,-0.8087813588932755,-0.9595455323710155,0.4186409204665569,0.33728399324298575,0.535,0.42,0.342,True,999,0.00011737493332475424,0.0027409590547904372,weak_5x5_bal_strong_500_500,weak_null,True,1615,947166935,-1.8318679906315083e-15,0,8
500,500,0.15142351763285755,0.20249304110228794,0.13481048210451263,0.1887779144619799,-0.05106952346943039,-0.05396743235746726,0.037206388107492404,-1.3726009448131922,-1.4504883462901796,0.16987643802708252,0.14692238662856227,0.236,0.186,0.167,True,999,0.00012354191858321428,0.0027162079932168126,weak_5x5_bal_strong_500_500,weak_null,True,1616,947166935,-1.8318679906315083e-15,0,6
500,500,0.13741670334155276,0.1379020518594148,0.1207736607947254,0.12455205231802324,-0.0004853485178620276,-0.0037783915232978416,0.033034136692917014,-0.014692332430957494,-0.11437839464132211,0.9882776365332862,0.908937840164112,0.99,0.989,0.913,True,999,0.00011575000826269388,0.002728375024162233,weak_5x5_bal_strong_500_500,weak_null,True,1617,947166935,-1.8318679906315083e-15,0,7
500,500,0.11977214702768935,0.15175044731294574,0.10231828021039746,0.13878923779020624,-0.03197830028525639,-0.03647095757980878,0.03251036617715372,-0.983633961887786,-1.1218254934771643,0.32529552034120257,0.261936644541641,0.422,0.346,0.284,True,999,0.00012470793444663286,0.002769957995042205,weak_5x5_bal_strong_500_500,weak_null,True,1618,947166935,-1.8318679906315083e-15,0,8
500,500,0.1131612724983524,0.1345130741156803,0.0966069207287319,0.11616468105779632,-0.021351801617327915,-0.019557760329064422,0.03330516759207632,-0.6410957566359087,-0.5872290020758651,0.5214604709937445,0.5570499167217893,0.601,0.531,0.566,True,999,0.00012049998622387648,0.002766624907962978,weak_5x5_bal_strong_500_500,weak_null,True,1619,947166935,-1.8318679906315083e-15,0,5
500,500,0.12288775017213771,0.12750143516372325,0.10622521152208719,0.11445216633123323,-0.004613684991585543,-0.008226954809146036,0.03333256089899054,-0.1384137572137539,-0.24681436371110585,0.88991342498322,0.8050518936985503,0.901,0.884,0.814,True,999,0.0001235000090673566,0.002783791976980865,weak_5x5_bal_strong_500_500,weak_null,True,1620,947166935,-1.8318679906315083e-15,0,8
500,500,0.09443448957711564,0.11644037226811016,0.07787914729431122,0.1029457750786662,-0.022005882690994516,-0.025066627784354978,0.0308362506960008,-0.7136367812007862,-0.8128947981216765,0.4754518074550601,0.41627837722174477,0.584,0.485,0.422,True,999,0.00012162502389401197,0.0028301249258220196,weak_5x5_bal_strong_500_500,weak_null,True,1621,947166935,-1.8318679906315083e-15,0,7
500,500,0.13926638864945362,0.1012036396536834,0.12261573515331747,0.0855145648425264,0.038062748995770224,0.037101170310791076,0.03247737751593922,1.1719772933356403,1.1423696476903837,0.2412061726744541,0.253300402154236,0.335,0.23,0.241,True,999,0.00011912500485777855,0.002692542038857937,weak_5x5_bal_strong_500_500,weak_null,True,1622,947166935,-1.8318679906315083e-15,0,7
500,500,0.11465905632634588,0.11947267419192609,0.09808888025042961,0.10547589022652915,-0.004813617865580211,-0.0073870099760995345,0.031925108107442084,-0.15077843587499412,-0.2313855900264765,0.8801504974498419,0.8170152589382543,0.882,0.859,0.798,True,999,0.00012212502770125866,0.002694708062335849,weak_5x5_bal_strong_500_500,weak_null,True,1623,947166935,-1.8318679906315083e-15,0,7
500,500,0.1675734038515282,0.08344186603776255,0.1520184056864764,0.06936806617954971,0.08413153781376564,0.08265033950692668,0.03019359670904506,2.786403310095298,2.737346607076037,0.005329651534740313,0.006193699730316151,0.043,0.011,0.012,True,999,0.00011970801278948784,0.0028123329393565655,weak_5x5_bal_strong_500_500,weak_null,True,1624,947166935,-1.8318679906315083e-15,1,7
500,500,0.14055763390065668,0.1248332391767063,0.12378645804494681,0.10620590378309203,0.015724394723950375,0.017580554261854786,0.03247445567766076,0.48420810744388293,0.541365633233646,0.6282381836553785,0.5882555900516395,0.701,0.638,0.601,True,999,0.00011725001968443394,0.0028585830004885793,weak_5x5_bal_strong_500_500,weak_null,True,1625,947166935,-1.8318679906315083e-15,0,4
500,500,0.10792542169365138,0.06438405480530196,0.09131967514952066,0.05082121414287144,0.04354136688834942,0.04049846100664922,0.02704245734812271,1.6101113270821916,1.4975880514594073,0.1073735547110323,0.1342403130483142,0.264,0.117,0.148,True,999,0.0001177499070763588,0.002650375012308359,weak_5x5_bal_strong_500_500,weak_null,True,1626,947166935,-1.8318679906315083e-15,0,7
500,500,0.11093886973008704,0.09728644448636792,0.09434619076603212,0.08067209214831905,0.013652425243719124,0.01367409861771307,0.03137775367578783,0.43509887242992196,0.43578959663592753,0.6634906618508851,0.6629893925859609,0.716,0.646,0.644,True,999,0.00011508294846862555,0.002857374958693981,weak_5x5_bal_strong_500_500,weak_null,True,1627,947166935,-1.8318679906315083e-15,0,7
500,500,0.1341650489118389,0.09542014340252242,0.11750477453131225,0.08133340402113731,0.038744905509316474,0.03617137051017494,0.03160655570422828,1.225850291056334,1.1444262022304437,0.22025501788698476,0.2524469268541524,0.337,0.216,0.249,True,999,0.00011883408296853304,0.002652666997164488,weak_5x5_bal_strong_500_500,weak_null,True,1628,947166935,-1.8318679906315083e-15,0,7
500,500,0.14389008621848198,0.1339557473361248,0.12713812862205032,0.12022208315406147,0.009934338882357174,0.006916045467988852,0.03412060823112687,0.2911536281845783,0.20269408508608058,0.7709338262330829,0.8393741466328706,0.791,0.755,0.828,True,999,0.00011112494394183159,0.0027381660183891654,weak_5x5_bal_strong_500_500,weak_null,True,1629,947166935,-1.8318679906315083e-15,0,8
500,500,0.1343062261594581,0.11998994274499519,0.11884005650824747,0.10421280553225643,0.014316283414462894,0.014627250975991046,0.03130779101260147,0.4572754241492334,0.46720801764977726,0.6474730917424243,0.640351057926183,0.73,0.678,0.673,True,999,0.00012049998622387648,0.0028165000258013606,weak_5x5_bal_strong_500_500,weak_null,True,1630,947166935,-1.8318679906315083e-15,1,7
500,500,0.12180582816879615,0.1602169199046194,0.10514262842320932,0.13772913753780358,-0.038411091735823244,-0.032586509114594264,0.03468539581829712,-1.1074139657233135,-0.9394878837566658,0.2681149905456529,0.3474803101347247,0.376,0.293,0.371,True,999,0.00011324998922646046,0.0026942910626530647,weak_5x5_bal_strong_500_500,weak_null,True,1631,947166935,-1.8318679906315083e-15,0,4
500,500,0.1518426903816772,0.1287027180415971,0.1350260366001521,0.10933505762452,0.023139972340080084,0.025690978975632106,0.03184629017500546,0.7266143784069855,0.8067181085913628,0.467462217627436,0.4198289087106527,0.576,0.487,0.446,True,999,0.0001213329378515482,0.0027518749702721834,weak_5x5_bal_strong_500_500,weak_null,True,1632,947166935,-1.8318679906315083e-15,0,4
500,500,0.12109505061760206,0.12301516397649698,0.1045417604012755,0.10597882928630042,-0.0019201133588949149,-0.001437068885024928,0.03263232872336934,-0.05884083159286893,-0.04403819590098038,0.9530788858749639,0.9648739574612306,0.959,0.946,0.964,True,999,0.00014229200314730406,0.0027979579754173756,weak_5x5_bal_strong_500_500,weak_null,True,1633,947166935,-1.8318679906315083e-15,0,6
500,500,0.10797615643393921,0.13550016015067806,0.09141179526102405,0.11854778055942461,-0.027524003716738854,-0.027135985298400556,0.03255891788301575,-0.8453599046391114,-0.833442480978643,0.39790992379377443,0.40459522469128073,0.492,0.402,0.405,True,999,0.00011725001968443394,0.002714292029850185,weak_5x5_bal_strong_500_500,weak_null,True,1634,947166935,-1.8318679906315083e-15,0,6
500,500,0.1268667085505839,0.10988646220547144,0.1102901917656709,0.09248321005833304,0.01698024634511247,0.017806981707337854,0.0314856894748607,0.5393004450059798,0.5655579409037743,0.5896795618362558,0.571694326058446,0.678,0.587,0.561,True,999,0.00011562497820705175,0.0027253340231254697,weak_5x5_bal_strong_500_500,weak_null,True,1635,947166935,-1.8318679906315083e-15,0,7
500,500,0.12680680320695958,0.14104495317506938,0.11018308501832053,0.12727085074322986,-0.014238149968109792,-0.017087765724909332,0.03352097581316641,-0.42475344534920473,-0.5097633738394208,0.6710164184869332,0.6102172482414157,0.715,0.652,0.589,True,999,0.00011733302380889654,0.002769417013041675,weak_5x5_bal_strong_500_500,weak_null,True,1636,947166935,-1.8318679906315083e-15,0,8
500,500,0.12493894506040726,0.1178953832531332,0.10817502232328025,0.10470992833450055,0.007043561807274057,0.0034650939887796994,0.031552379257920496,0.2232339358530604,0.10982037076997506,0.8233534412786621,0.9125518352225636,0.871,0.84,0.924,True,999,0.0001178329112008214,0.0027761250967159867,weak_5x5_bal_strong_500_500,weak_null,True,1637,947166935,-1.8318679906315083e-15,0,8
500,500,0.09853707329336703,0.1000770133870107,0.08197012184132291,0.08011045058219679,-0.0015399400936436658,0.0018596712591261166,0.029698199924708683,-0.05185297753896683,0.06261898915896529,0.9586458423227437,0.9500699079291889,0.972,0.957,0.948,True,999,0.00011433300096541643,0.002650583046488464,weak_5x5_bal_strong_500_500,weak_null,True,1638,947166935,-1.8318679906315083e-15,0,4
500,500,0.11385695354998182,0.10302636119262254,0.09726921234403108,0.08506346222867478,0.010830592357359281,0.012205750115356295,0.030447017489245755,0.3557193200018614,0.400884918191659,0.7220507749261955,0.6885048543116099,0.769,0.716,0.672,True,999,0.00011095800437033176,0.0027402499690651894,weak_5x5_bal_strong_500_500,weak_null,True,1639,947166935,-1.8318679906315083e-15,0,4
500,500,0.10835509086068118,0.12385917509955058,0.0916692821227798,0.10910332551728175,-0.015504084238869398,-0.01743404339450194,0.031028698461627615,-0.49966917748879786,-0.5618683431424676,0.6173080389854381,0.574205723760274,0.67,0.603,0.563,True,999,0.00011745805386453867,0.0026817499892786145,weak_5x5_bal_strong_500_500,weak_null,True,1640,947166935,-1.8318679906315083e-15,0,7
500,500,0.14275115031887875,0.1676661438040885,0.12611642178546845,0.14931208464480505,-0.024914993485209758,-0.023195662859336608,0.03573381783068687,-0.6972384983676078,-0.6491235548701163,0.4856535496692205,0.5162585179338468,0.554,0.489,0.522,True,999,0.00012312503531575203,0.00271012494340539,weak_5x5_bal_strong_500_500,weak_null,True,1641,947166935,-1.8318679906315083e-15,0,4
500,500,0.10552977061538327,0.14937474568000536,0.08879120854976463,0.1314834143319672,-0.043844975064622094,-0.042692205782202564,0.03263323261712913,-1.3435682446491046,-1.3082432342235533,0.17908804396767497,0.19079082214357634,0.272,0.18,0.189,True,999,0.00011662498582154512,0.002725166967138648,weak_5x5_bal_strong_500_500,weak_null,True,1642,947166935,-1.8318679906315083e-15,0,6
500,500,0.09508841895113407,0.10000944857318045,0.078478267521632,0.08669928506137126,-0.00492102962204638,-0.00822101753973925,0.029931230452828018,-0.16441120353545044,-0.2746635342204081,0.8694074444416482,0.7835747494611398,0.9,0.868,0.776,True,999,0.00011295790318399668,0.00270695798099041,weak_5x5_bal_strong_500_500,weak_null,True,1643,947166935,-1.8318679906315083e-15,0,9
500,500,0.11468983829599622,0.0742792305336078,0.0980418400487224,0.054418252584326865,0.04041060776238842,0.04362358746439554,0.028148309963174963,1.4356317596067263,1.549776434942848,0.1511071525020977,0.1211951849401696,0.3,0.161,0.12,True,999,0.00012162502389401197,0.0028146670665591955,weak_5x5_bal_strong_500_500,weak_null,True,1644,947166935,-1.8318679906315083e-15,0,5
500,500,0.129167326554114,0.12534178938738816,0.11166549166978257,0.11150107597094916,0.0038255371667258453,0.0001644156988334089,0.031273075527350196,0.12232686111668747,0.0052574201948771375,0.9026401596488456,0.9958052049212125,0.909,0.881,0.993,True,999,0.0001154160127043724,0.002716667018830776,weak_5x5_bal_strong_500_500,weak_null,True,1645,947166935,-1.8318679906315083e-15,0,8
500,500,0.11524880335999788,0.09473166637366937,0.0986566069118453,0.0793657014277187,0.02051713698632851,0.019290905484126597,0.030153604743182363,0.6804207046246228,0.6397545384184361,0.4962381148140528,0.5223321925143642,0.607,0.498,0.521,True,999,0.00011370796710252762,0.00274487491697073,weak_5x5_bal_strong_500_500,weak_null,True,1646,947166935,-1.8318679906315083e-15,0,6
500,500,0.11817161542681842,0.10567652693437429,0.10161684666832116,0.08944734059110715,0.012495088492444129,0.01216950607721401,0.031109538724263766,0.40164814410117344,0.3911824660943124,0.6879429928664897,0.6956623678150837,0.756,0.687,0.69,True,999,0.00011700007598847151,0.002793750027194619,weak_5x5_bal_strong_500_500,weak_null,True,1647,947166935,-1.8318679906315083e-15,0,6
500,500,0.10874685744561052,0.10842860039057173,0.0921921041360747,0.09157814706588852,0.0003182570550387953,0.0006139570701861885,0.030744236625383184,0.01035176312610197,0.019969826464297076,0.9917406355357308,0.9840674427572192,0.99,0.99,0.988,True,999,0.0001282920129597187,0.0026878329226747155,weak_5x5_bal_strong_500_500,weak_null,True,1648,947166935,-1.8318679906315083e-15,0,6
500,500,0.12943734671532714,0.108241896079942,0.1127101651313751,0.09409726247886852,0.021195450635385138,0.01861290265250659,0.03160629643466129,0.6706084871159084,0.5888985661760295,0.5024699743892862,0.5559293196548225,0.595,0.494,0.567,True,999,0.00011483300477266312,0.002719791023992002,weak_5x5_bal_strong_500_500,weak_null,True,1649,947166935,-1.8318679906315083e-15,0,7
500,500,0.10813265793829085,0.0746652818309666,0.09150410404106424,0.05538949683341343,0.033467376107324254,0.036114607207650806,0.028324606329636782,1.1815654458825242,1.2750259187137631,0.23737817096652047,0.20230006825285773,0.379,0.229,0.19,True,999,0.00011341599747538567,0.002800000016577542,weak_5x5_bal_strong_500_500,weak_null,True,1650,947166935,-1.8318679906315083e-15,0,5
500,500,0.0959089582159749,0.1023655671067652,0.07921133816444126,0.08978780036090939,-0.006456608890790305,-0.010576462196468128,0.0304415727557817,-0.21209840051920495,-0.3474348149262217,0.8320302675193092,0.7282646818701711,0.877,0.831,0.729,True,999,0.00011300004553049803,0.0027061249129474163,weak_5x5_bal_strong_500_500,weak_null,True,1651,947166935,-1.8318679906315083e-15,0,8
500,500,0.13180317513718998,0.13235295008482828,0.1151658453239861,0.11915923095028802,-0.000549774947638304,-0.003993385626301915,0.032970976106025854,-0.01667451233079587,-0.1211182105576812,0.9866962805481412,0.9035974054225223,0.982,0.982,0.886,True,999,0.00011812499724328518,0.0026595420204102993,weak_5x5_bal_strong_500_500,weak_null,True,1652,947166935,-1.8318679906315083e-15,0,7
500,500,0.1424494305062629,0.11419120599791954,0.1257229022711499,0.10033762673742785,0.028258224508343366,0.02538527553372205,0.032749449484914005,0.8628610542403311,0.775135946801663,0.3882138658055021,0.43825933248178506,0.493,0.363,0.422,True,999,0.0001153330085799098,0.0027897910913452506,weak_5x5_bal_strong_500_500,weak_null,True,1653,947166935,-1.8318679906315083e-15,0,8
500,500,0.15807594876289155,0.07140530753697316,0.1413916646627058,0.05616115315606862,0.08667064122591839,0.08523051150663719,0.030539059738308276,2.8380258583141154,2.7908688819166168,0.0045393505012238525,0.005256676222717866,0.04,0.009,0.008,True,999,0.00011625001206994057,0.002667749999091029,weak_5x5_bal_strong_500_500,weak_null,True,1654,947166935,-1.8318679906315083e-15,0,7
500,500,0.1331894197468595,0.11016434101088546,0.11645028631824061,0.09313857158358019,0.023025078735974036,0.023311714734660427,0.032034598643844885,0.718756585402017,0.7277042860388554,0.47229091165903425,0.46679462609571987,0.602,0.502,0.494,True,999,0.00012145901564508677,0.002713375026360154,weak_5x5_bal_strong_500_500,weak_null,True,1655,947166935,-1.8318679906315083e-15,0,6
500,500,0.09488575037599656,0.10068616465929037,0.0783495584018965,0.08634080390442023,-0.005800414283293809,-0.007991245502523725,0.02993830059334646,-0.19374560908052688,-0.2669238181241227,0.8463750775416023,0.7895278175613581,0.883,0.838,0.773,True,999,0.00011795794125646353,0.002786832978017628,weak_5x5_bal_strong_500_500,weak_null,True,1656,947166935,-1.8318679906315083e-15,0,7
500,500,0.11509150578441418,0.11402880958719935,0.098503486507866,0.10153637256772186,0.0010626961972148297,-0.003032886059855855,0.03204086648492847,0.03316689945681418,-0.09465680527967239,0.9735414939993061,0.9245874282557996,0.986,0.98,0.943,True,999,0.00014825002290308475,0.00265633303206414,weak_5x5_bal_strong_500_500,weak_null,True,1657,947166935,-1.8318679906315083e-15,0,8
500,500,0.12523829228588967,0.10332437536821887,0.10863308877890177,0.09091124711108023,0.021913916917670806,0.017721841667821536,0.03185483134397595,0.6879307154710437,0.556331360742643,0.49149641298798397,0.5779843522342266,0.607,0.491,0.59,True,999,0.00011550006456673145,0.0027415829245001078,weak_5x5_bal_strong_500_500,weak_null,True,1658,947166935,-1.8318679906315083e-15,0,8
500,500,0.10581227257172743,0.07680222725561248,0.0892685945575522,0.06445596676223886,0.029010045316114952,0.024812627795313347,0.027065540792045508,1.0718442886107389,0.9167608357046283,0.2837899767977956,0.35926797943224176,0.469,0.276,0.344,True,999,0.00014154193922877312,0.002779582981020212,weak_5x5_bal_strong_500_500,weak_null,True,1659,947166935,-1.8318679906315083e-15,0,8
500,500,0.14528347270036934,0.11380339805615697,0.12859662076266432,0.09680239763511622,0.031480074644212375,0.031794223127548094,0.03291158890321922,0.9565042495147713,0.966049473364629,0.3388175384571598,0.334019425696115,0.457,0.351,0.354,True,999,0.00012700003571808338,0.002699707983992994,weak_5x5_bal_strong_500_500,weak_null,True,1660,947166935,-1.8318679906315083e-15,0,6
500,500,0.12427339157262618,0.11218713589719881,0.10768333890064241,0.09279455998299113,0.012086255675427371,0.01488877891765128,0.032334401427682166,0.37378937421986946,0.4604624876372284,0.7085610255653234,0.6451842911763703,0.762,0.7,0.642,True,999,0.00011349993292242289,0.002724959049373865,weak_5x5_bal_strong_500_500,weak_null,True,1661,947166935,-1.8318679906315083e-15,0,4
500,500,0.07668160449506223,0.13192315099579466,0.060135949797654575,0.11981435494740822,-0.05524154650073243,-0.059678405149753644,0.028320296878568102,-1.950599131696867,-2.1072662269623437,0.05110475059104779,0.03509450911522834,0.153,0.061,0.042,True,999,0.00011775002349168062,0.002830166951753199,weak_5x5_bal_strong_500_500,weak_null,True,1662,947166935,-1.8318679906315083e-15,0,8
500,500,0.14326468825428273,0.09720972172036668,0.12663920523857541,0.07456711223559864,0.04605496653391605,0.05207209300297677,0.03131145998114884,1.4708661481018,1.6630362504439886,0.14132731909606983,0.09630517937086303,0.245,0.137,0.095,True,999,0.00011679204180836678,0.002690207911655307,weak_5x5_bal_strong_500_500,weak_null,True,1663,947166935,-1.8318679906315083e-15,0,4
500,500,0.10354885480181997,0.13635138647332212,0.0869552403984244,0.1225815226792406,-0.032802531671502155,-0.03562628228081621,0.03114429933425484,-1.0532435268313602,-1.1439102192815027,0.29222939408751647,0.25266087248553404,0.399,0.311,0.272,True,999,0.00011595897376537323,0.002775041968561709,weak_5x5_bal_strong_500_500,weak_null,True,1664,947166935,-1.8318679906315083e-15,0,8
500,500,0.11352774700194801,0.09552839524346074,0.09693659118352116,0.08584102181484354,0.01799935175848727,0.011095569368677616,0.03044372878165338,0.5912334815351005,0.364461575921155,0.5543639919710055,0.7155133615359813,0.628,0.545,0.697,True,999,0.00012316706124693155,0.0027842079289257526,weak_5x5_bal_strong_500_500,weak_null,True,1665,947166935,-1.8318679906315083e-15,0,10
500,500,0.13006363924081965,0.08123348188784152,0.11343070647649256,0.06883387474968572,0.04883015735297813,0.04459683172680684,0.029577710066529917,1.6509106770991797,1.5077851404484668,0.09875681531247688,0.13160952646806653,0.206,0.102,0.126,True,999,0.00011304195504635572,0.002616290934383869,weak_5x5_bal_strong_500_500,weak_null,True,1666,947166935,-1.8318679906315083e-15,0,8
500,500,0.09385841909545745,0.11456239091357057,0.07731448898380222,0.09874181220965284,-0.02070397181811312,-0.021427323225850614,0.03024683276882039,-0.6845004889059187,-0.7084154360762933,0.4936591807539601,0.4786873094027888,0.618,0.504,0.486,True,999,0.00011379201896488667,0.002677791053429246,weak_5x5_bal_strong_500_500,weak_null,True,1667,947166935,-1.8318679906315083e-15,0,7
500,500,0.09072076334174328,0.09689556951046291,0.07418910069509366,0.08088060367754224,-0.0061748061687196265,-0.006691502982448583,0.02974713384340482,-0.20757650808394204,-0.22494614162406584,0.8355596486583838,0.8220211731862473,0.862,0.82,0.803,True,999,0.0001129999291151762,0.0027327920543029904,weak_5x5_bal_strong_500_500,weak_null,True,1668,947166935,-1.8318679906315083e-15,0,7
500,500,0.12152433864260748,0.11533490191849127,0.10496469601071112,0.09718251043980786,0.006189436724116204,0.007782185570903266,0.03183233947792435,0.19443863773847234,0.24447419506505935,0.8458324386338998,0.8068635850815387,0.884,0.854,0.817,True,999,0.0001124159898608923,0.0027082080487161875,weak_5x5_bal_strong_500_500,weak_null,True,1669,947166935,-1.8318679906315083e-15,0,5
500,500,0.1274725303659856,0.11110278860520012,0.11069155717882495,0.09297327770863717,0.016369741760785483,0.01771827947018778,0.032040845873022604,0.5109022972008457,0.5529903779820626,0.6094194725406393,0.5802699988993809,0.71,0.624,0.592,True,999,0.00011812499724328518,0.0027057499391958117,weak_5x5_bal_strong_500_500,weak_null,True,1670,947166935,-1.8318679906315083e-15,0,5
500,500,0.08949052598070395,0.13368578509670798,0.07298100103616889,0.12293618159122843,-0.044195259116004026,-0.04995518055505954,0.02946153404242069,-1.5001004038815065,-1.6956069050284595,0.1335883963574936,0.08996034923349584,0.243,0.148,0.1,True,999,0.00011670903768390417,0.002729542087763548,weak_5x5_bal_strong_500_500,weak_null,True,1671,947166935,-1.8318679906315083e-15,0,9
500,500,0.1020735278663607,0.14615385330234287,0.08546170715146673,0.12847433845053047,-0.04408032543598217,-0.04301263129906374,0.03240190672685602,-1.360423811091543,-1.3274722275344717,0.17369584769928959,0.18435252100775146,0.267,0.171,0.181,True,999,0.00011520797852426767,0.002655707998201251,weak_5x5_bal_strong_500_500,weak_null,True,1672,947166935,-1.8318679906315083e-15,0,6
500,500,0.10691510160082784,0.12932939017892492,0.09035734033295739,0.11639028062694479,-0.022414288578097075,-0.026032940293987394,0.03162300463525163,-0.7087969292174984,-0.8232279188602865,0.4784505036597618,0.410378395077189,0.612,0.489,0.415,True,999,0.00012066704221069813,0.002724708989262581,weak_5x5_bal_strong_500_500,weak_null,True,1673,947166935,-1.8318679906315083e-15,0,8
500,500,0.07911278206578265,0.11183042793440001,0.06256849017654531,0.09600861648982573,-0.03271764586861736,-0.033440126313280416,0.029268334569682784,-1.1178513007196351,-1.1425360139185687,0.26363050707592306,0.2532312851373857,0.436,0.28,0.27,True,999,0.00012112490367144346,0.0027125420747324824,weak_5x5_bal_strong_500_500,weak_null,True,1674,947166935,-1.8318679906315083e-15,0,6
500,500,0.11567584472056791,0.09879826086016064,0.09910849009804679,0.07981558766920216,0.016877583860407275,0.019292902428844627,0.03014775993342126,0.5598287865393637,0.639944807556228,0.5755962265556385,0.5222084819809103,0.704,0.588,0.536,True,999,0.00011250004172325134,0.002763833967037499,weak_5x5_bal_strong_500_500,weak_null,True,1675,947166935,-1.8318679906315083e-15,0,5
500,500,0.09505179306377531,0.09247894592280992,0.07852598038641645,0.07517503271259329,0.0025728471409653952,0.003350947673823157,0.029095277034113635,0.08842834312760738,0.11517153350676941,0.929536234970603,0.9083091614765094,0.952,0.936,0.919,True,999,0.0001176249934360385,0.002803207957185805,weak_5x5_bal_strong_500_500,weak_null,True,1676,947166935,-1.8318679906315083e-15,0,5
500,500,0.13043975055112633,0.15243654451210548,0.11383535507593479,0.13901178733212305,-0.021996793960979144,-0.025176432256188264,0.034652276294230566,-0.6347864069363173,-0.7265448319301325,0.5255677298635157,0.46750483427422773,0.631,0.554,0.483,True,999,0.000122958910651505,0.002653875038959086,weak_5x5_bal_strong_500_500,weak_null,True,1677,947166935,-1.8318679906315083e-15,0,7
500,500,0.13777976573460005,0.09982187440388252,0.12106949744395479,0.08721615349929834,0.03795789133071753,0.033853343944656444,0.03129483042621225,1.2129125102695673,1.0817551488088974,0.22516327207989117,0.27936134083036934,0.378,0.242,0.293,True,999,0.0001128750154748559,0.0027180829783901572,weak_5x5_bal_strong_500_500,weak_null,True,1678,947166935,-1.8318679906315083e-15,0,7
500,500,0.1149668994124482,0.15036805557951194,0.09823541771265809,0.13523499164983832,-0.03540115616706374,-0.03699957393718023,0.033603119071945305,-1.0535080416573468,-1.101075583429116,0.2921082106174353,0.2708637627221564,0.38,0.287,0.269,True,999,0.00011199992150068283,0.002792290993966162,weak_5x5_bal_strong_500_500,weak_null,True,1679,947166935,-1.8318679906315083e-15,0,7
500,500,0.12767474240816923,0.12604981965932183,0.11103240190016095,0.11058298312750026,0.0016249227488474016,0.0004494187726606924,0.031843585618649625,0.051028259452533,0.014113321848952972,0.959303002089426,0.988739572215973,0.969,0.963,0.986,True,999,0.0001330419909209013,0.002801041933707893,weak_5x5_bal_strong_500_500,weak_null,True,1680,947166935,-1.8318679906315083e-15,0,6
500,500,0.11291072831978433,0.10709984755079949,0.09629566239630094,0.09605878987491678,0.0058108807689848385,0.00023687252138415715,0.030711189716383,0.18921053930662288,0.007712906063609662,0.8499278076923678,0.9938460523482667,0.895,0.865,0.994,True,999,0.00011650007218122482,0.0027923750458285213,weak_5x5_bal_strong_500_500,weak_null,True,1681,947166935,-1.8318679906315083e-15,0,9
500,500,0.10788729514192674,0.10719325267454949,0.09134298695357757,0.09484606001763041,0.0006940424673772538,-0.003503073064052842,0.030931984717519668,0.022437695922698193,-0.11325083391977511,0.9820988109154241,0.9098316952241675,0.983,0.982,0.916,True,999,0.00011687504593282938,0.0028139579808339477,weak_5x5_bal_strong_500_500,weak_null,True,1682,947166935,-1.8318679906315083e-15,0,8
500,500,0.06752624530200158,0.13031221215115574,0.05095013888410449,0.11370445815907715,-0.06278596684915416,-0.06275431927497266,0.029834666898072227,-2.104463477459207,-2.1034027123335353,0.035338037270544125,0.035430581558393674,0.121,0.042,0.044,True,999,0.00011687504593282938,0.0028240829706192017,weak_5x5_bal_strong_500_500,weak_null,True,1683,947166935,-1.8318679906315083e-15,0,5
500,500,0.15242424511596875,0.12983554869346503,0.13692995877318026,0.11480220447739953,0.022588696422503718,0.022127754295780733,0.03236360026568059,0.6979661173994138,0.6837235077101642,0.4851983838687043,0.494149776357233,0.563,0.477,0.483,True,999,0.0001367080258205533,0.0026910000015050173,weak_5x5_bal_strong_500_500,weak_null,True,1684,947166935,-1.8318679906315083e-15,1,7
500,500,0.08967600951781773,0.10900565098502435,0.07312829310865254,0.0958393949633205,-0.019329641467206615,-0.02271110185466796,0.030545921184350077,-0.6328059759778984,-0.7435068570236403,0.5268603538109242,0.4571748716251095,0.621,0.521,0.448,True,999,0.00011437502689659595,0.0027748330030590296,weak_5x5_bal_strong_500_500,weak_null,True,1685,947166935,-1.8318679906315083e-15,0,8
500,500,0.10069131761253236,0.11996215840697166,0.084159191621211,0.10317249509461135,-0.019270840794439303,-0.019013303473400356,0.031307283723481516,-0.6155385744942645,-0.6073124593412024,0.5381991027121449,0.5436435713741463,0.611,0.532,0.534,True,999,0.0001319169532507658,0.0026942919939756393,weak_5x5_bal_strong_500_500,weak_null,True,1686,947166935,-1.8318679906315083e-15,0,6
500,500,0.0994055348759888,0.12925049829859714,0.08285182718464057,0.10945228749031344,-0.02984496342260834,-0.02660046030567287,0.032134528756382036,-0.9287506174081056,-0.8277843595384893,0.35301834197887705,0.40779263384645126,0.442,0.335,0.389,True,999,0.0001223749713972211,0.00273049995303154,weak_5x5_bal_strong_500_500,weak_null,True,1687,947166935,-1.8318679906315083e-15,0,5
500,500,0.13106039248432388,0.09723943705093252,0.11430522208297589,0.08415329832237717,0.033820955433391364,0.03015192376059872,0.0315913499736255,1.0705764540492029,0.9544360651181889,0.28435991531013505,0.33986295785272447,0.416,0.292,0.36,True,999,0.0001330830855295062,0.0028023339109495282,weak_5x5_bal_strong_500_500,weak_null,True,1688,947166935,-1.8318679906315083e-15,0,8
500,500,0.12586556211292232,0.14500276265894518,0.108346258259985,0.13126367716262166,-0.01913720054602286,-0.022917418902636655,0.033109681973092976,-0.5779940913227424,-0.6921666877157201,0.5632681084310738,0.4888326560050392,0.633,0.56,0.492,True,999,0.00011395802721381187,0.0026709999656304717,weak_5x5_bal_strong_500_500,weak_null,True,1689,947166935,-1.8318679906315083e-15,0,8
500,500,0.11086189522430301,0.11497532686881234,0.09413687819096594,0.10035723861190604,-0.0041134316445093355,-0.0062203604209400964,0.030653103996941506,-0.13419298890317158,-0.2029275867644839,0.8932499698138678,0.8391916317366719,0.928,0.903,0.853,True,999,0.00011191703379154205,0.002758665941655636,weak_5x5_bal_strong_500_500,weak_null,True,1690,947166935,-1.8318679906315083e-15,0,8
500,500,0.12438020118067428,0.08355837436408853,0.10765774468120526,0.07149204395983588,0.04082182681658575,0.036165700721369376,0.03058523012662154,1.33469085070098,1.18245638733614,0.1819775492909672,0.2370246607189903,0.326,0.193,0.247,True,999,0.00011816690675914288,0.0027724169194698334,weak_5x5_bal_strong_500_500,weak_null,True,1691,947166935,-1.8318679906315083e-15,0,9
500,500,0.10711029610149936,0.10559224850648485,0.09049629154606009,0.0926797694104664,0.0015180475950145045,-0.0021834778644063135,0.03082920352620163,0.049240571321420006,-0.07082498458160243,0.9607275792253324,0.9435370469324902,0.97,0.963,0.939,True,999,0.00011779193300753832,0.0026642089942470193,weak_5x5_bal_strong_500_500,weak_null,True,1692,947166935,-1.8318679906315083e-15,0,8
500,500,0.08078088944815764,0.13471658548461263,0.06427263801288063,0.11689287435373785,-0.05393569603645498,-0.05262023634085722,0.030946661926553383,-1.742859897602596,-1.7003525764989569,0.08135809049438222,0.08906462640076519,0.188,0.089,0.096,True,999,0.00011095800437033176,0.002713457914069295,weak_5x5_bal_strong_500_500,weak_null,True,1693,947166935,-1.8318679906315083e-15,0,6
500,500,0.12049522330950069,0.15816764815498446,0.10387063468544966,0.1460003830968617,-0.037672424845483776,-0.04212974841141204,0.034800933030783326,-1.0825119203603093,-1.2105924968777697,0.27902512154419823,0.22605162129363088,0.394,0.308,0.248,True,999,0.0001259580021724105,0.0027996250428259373,weak_5x5_bal_strong_500_500,weak_null,True,1694,947166935,-1.8318679906315083e-15,0,7
500,500,0.1583172316759467,0.13653509802960656,0.1413760729894875,0.12735565288582507,0.02178213364634013,0.014020420103662445,0.034387097259069056,0.6334391496390535,0.40772328056753265,0.5264469060062781,0.6834768437100044,0.608,0.568,0.707,True,999,0.00011708296369761229,0.0028139579808339477,weak_5x5_bal_strong_500_500,weak_null,True,1695,947166935,-1.8318679906315083e-15,0,10
500,500,0.10171039252754221,0.17588563963514925,0.08515848332615406,0.16164593494275437,-0.07417524710760703,-0.07648745161660031,0.033828986420371944,-2.1926535482286402,-2.2610033497941067,0.02833234990427167,0.023759049631402362,0.061,0.029,0.027,True,999,0.00011683290358632803,0.002798750065267086,weak_5x5_bal_strong_500_500,weak_null,True,1696,947166935,-1.8318679906315083e-15,0,7
500,500,0.12698046115090866,0.10513600645407922,0.11037544604664618,0.08970318675281419,0.02184445469682944,0.020672259293831985,0.032104929720764556,0.6804081144803462,0.6438967309267073,0.49624608446798535,0.519642401789043,0.6,0.497,0.515,True,999,0.00011845899280160666,0.0028545840177685022,weak_5x5_bal_strong_500_500,weak_null,True,1697,947166935,-1.8318679906315083e-15,0,8
500,500,0.15086583374058105,0.13940619646508773,0.133364221947204,0.13122795645602991,0.011459637275493317,0.002136265491174072,0.03324278374469724,0.34472556099701834,0.06426253311336602,0.7303006998386097,0.9487611860079628,0.764,0.709,0.943,True,999,0.00012012501247227192,0.0027995420387014747,weak_5x5_bal_strong_500_500,weak_null,True,1698,947166935,-1.8318679906315083e-15,0,10
500,500,0.12267234810461214,0.15183957247211105,0.10592460092539113,0.1326324018084506,-0.029167224367498912,-0.026707800883059463,0.03326323204134658,-0.8768608032810435,-0.8029226038486386,0.38056224843700004,0.42201947028381126,0.489,0.389,0.433,True,999,0.00011862500105053186,0.0028276669327169657,weak_5x5_bal_strong_500_500,weak_null,True,1699,947166935,-1.8318679906315083e-15,0,5
500,500,0.12931364032908554,0.11498614355797115,0.11267184772896144,0.10076140360555996,0.01432749677111439,0.011910444123401476,0.03215730868717174,0.4455440257918706,0.3703806260426519,0.655926651106321,0.7110989071899865,0.721,0.651,0.704,True,999,0.00012320803944021463,0.0028014170238748193,weak_5x5_bal_strong_500_500,weak_null,True,1700,947166935,-1.8318679906315083e-15,0,7
500,500,0.11325138834021553,0.09698249947720639,0.09669181887329614,0.0778371754938405,0.016268888863009145,0.018854643379455638,0.03083992610668728,0.5275268431814246,0.6113712242445103,0.5978277806180026,0.5409538484340595,0.697,0.624,0.571,True,999,0.00012033304665237665,0.002612625015899539,weak_5x5_bal_strong_500_500,weak_null,True,1701,947166935,-1.8318679906315083e-15,0,5
500,500,0.0857455832907783,0.12404118151284699,0.06921669295968513,0.10951428666848528,-0.03829559822206868,-0.04029759370880015,0.030218245701413078,-1.2673005111040543,-1.3335517259003469,0.2050478578503947,0.18235081271885956,0.321,0.208,0.185,True,999,0.00012462493032217026,0.0027520000003278255,weak_5x5_bal_strong_500_500,weak_null,True,1702,947166935,-1.8318679906315083e-15,0,8
500,500,0.10932934877476264,0.11982594233115007,0.09385633485351264,0.10673036893979315,-0.010496593556387435,-0.012874034086280517,0.03227600031032176,-0.32521357836989045,-0.3988732792942576,0.745019432722969,0.6899865788240854,0.771,0.738,0.684,True,999,0.00012116704601794481,0.0028147079283371568,weak_5x5_bal_strong_500_500,weak_null,True,1703,947166935,-1.8318679906315083e-15,1,8
500,500,0.11345681272738783,0.11356705099518838,0.09677385941802186,0.10096416821616572,-0.00011023826780054424,-0.00419030879814386,0.03166719599600887,-0.00348115026712305,-0.13232332912178205,0.9972224495579434,0.8947285556502881,0.998,0.998,0.882,True,999,0.00012383400462567806,0.0027757090283557773,weak_5x5_bal_strong_500_500,weak_null,True,1704,947166935,-1.8318679906315083e-15,0,9
500,500,0.12230133119110165,0.12523775443951513,0.10560427092696045,0.10402894625318027,-0.002936423248413478,0.0015753246737801874,0.03189645116591461,-0.09206112721252882,0.04938871304477976,0.9266494732392805,0.9606095228715003,0.951,0.938,0.965,True,999,0.00012033304665237665,0.0028639169177040458,weak_5x5_bal_strong_500_500,weak_null,True,1705,947166935,-1.8318679906315083e-15,0,3
500,500,0.12602807929659754,0.15678318970320176,0.10930789000803998,0.13996771520393736,-0.030755110406604225,-0.030659825195897383,0.03366972466718449,-0.9134351620219533,-0.9106051652919916,0.3610137196575266,0.36250344796287304,0.482,0.389,0.394,True,999,0.00012087495997548103,0.002692916081286967,weak_5x5_bal_strong_500_500,weak_null,True,1706,947166935,-1.8318679906315083e-15,0,5
500,500,0.12153711984489868,0.08390573438315668,0.1049063437312725,0.07006606481380118,0.037631385461741995,0.03484027891747132,0.029572954016194464,1.2724932869788608,1.1781129101405432,0.20319790773622737,0.238751595881059,0.357,0.201,0.231,True,999,0.00012324994895607233,0.0027060420252382755,weak_5x5_bal_strong_500_500,weak_null,True,1707,947166935,-1.8318679906315083e-15,0,8
500,500,0.0961529505941765,0.07978099710403591,0.07959291850204409,0.06240175953175253,0.01637195349014059,0.017191158970291553,0.027836570718406443,0.588145488744234,0.6175745979702953,0.5564346425377458,0.5368557934644607,0.683,0.567,0.551,True,999,0.00011908402666449547,0.002814917010255158,weak_5x5_bal_strong_500_500,weak_null,True,1708,947166935,-1.8318679906315083e-15,0,5
500,500,0.10220167603178298,0.12022618617044423,0.08564640987151506,0.1096179514584037,-0.018024510138661243,-0.023971541586888634,0.031706607192208705,-0.5684780471589033,-0.7560424690529229,0.5697104079979116,0.4496237333715384,0.638,0.559,0.441,True,999,0.00012625008821487427,0.0026518339291214943,weak_5x5_bal_strong_500_500,weak_null,True,1709,947166935,-1.8318679906315083e-15,0,10
500,500,0.11911406729044072,0.1447819403935589,0.10244223514644091,0.13253188849799358,-0.02566787310311819,-0.03008965335155267,0.033462398240757266,-0.767066153431127,-0.899207914957614,0.44304218442727783,0.3685419252254051,0.542,0.464,0.383,True,999,0.00011708308011293411,0.0026631670771166682,weak_5x5_bal_strong_500_500,weak_null,True,1710,947166935,-1.8318679906315083e-15,0,8
500,500,0.11891422543461583,0.10282803501362592,0.10230341480769312,0.08569407779512517,0.01608619042098991,0.01660933701256795,0.031098277537620372,0.517269498335721,0.5340918638492185,0.6049680432203517,0.5932779785586939,0.688,0.596,0.585,True,999,0.00011904200073331594,0.002797040971927345,weak_5x5_bal_strong_500_500,weak_null,True,1711,947166935,-1.8318679906315083e-15,0,6
500,500,0.10813755441733264,0.12173605130080561,0.09151093350737938,0.10893512757351687,-0.013598496883472977,-0.01742419406613749,0.0308633393952638,-0.4406035493864855,-0.5645595845280228,0.6595000328132138,0.5723733614294058,0.739,0.68,0.587,True,999,0.00012912496458739042,0.002692334004677832,weak_5x5_bal_strong_500_500,weak_null,True,1712,947166935,-1.8318679906315083e-15,0,8
500,500,0.1431200596911537,0.1243712460449829,0.1263925967675732,0.11341348871692958,0.018748813646170814,0.012979108050643617,0.03429103100542915,0.5467556120783419,0.3784986239867997,0.584546642065936,0.7050602157756651,0.626,0.567,0.686,True,999,0.00011033297050744295,0.002700375043787062,weak_5x5_bal_strong_500_500,weak_null,True,1713,947166935,-1.8318679906315083e-15,0,9
500,500,0.10861432963732809,0.1538105685593414,0.09207499539775199,0.13973066232779274,-0.0451962389220133,-0.04765566693004075,0.033050418195412275,-1.3674937077887561,-1.441908137085413,0.17147060818016813,0.14932829038287918,0.277,0.172,0.147,True,999,0.00015045807231217623,0.0027332910103723407,weak_5x5_bal_strong_500_500,weak_null,True,1714,947166935,-1.8318679906315083e-15,0,7
500,500,0.12771280422969533,0.12287474067992188,0.11113713899214872,0.10446340025509926,0.0048380635497734525,0.006673738737049462,0.03183818300484411,0.15195790378607196,0.20961430920960744,0.8792201379017834,0.8339687106151752,0.901,0.88,0.831,True,999,0.00011945900041610003,0.0026392919244244695,weak_5x5_bal_strong_500_500,weak_null,True,1715,947166935,-1.8318679906315083e-15,0,5
500,500,0.11907219432592475,0.08880735617233204,0.10237275337692608,0.07009474991787101,0.03026483815359271,0.03227800345905507,0.029364344985492986,1.0306662099408177,1.0992243646163922,0.3026973755893356,0.27167021378198586,0.456,0.321,0.282,True,999,0.00010999990627169609,0.002743958029896021,weak_5x5_bal_strong_500_500,weak_null,True,1716,947166935,-1.8318679906315083e-15,0,6
500,500,0.10686771351875168,0.11223031258417232,0.09031860740401498,0.10351895139626777,-0.005362599065420637,-0.013200343992252783,0.030989543347665106,-0.17304543681908366,-0.4259612297012875,0.8626157129005323,0.670136097136862,0.899,0.866,0.669,True,999,0.00011587503831833601,0.002704833052121103,weak_5x5_bal_strong_500_500,weak_null,True,1717,947166935,-1.8318679906315083e-15,0,11
500,500,0.0998840527921574,0.13376921120203827,0.08331028365387283,0.11858609495916994,-0.03388515840988088,-0.03527581130529711,0.032201564903090445,-1.0522829717082742,-1.095468851015735,0.2926697418537647,0.2733112847076282,0.422,0.293,0.27,True,999,0.00010950001887977123,0.0026580000994727015,weak_5x5_bal_strong_500_500,weak_null,True,1718,947166935,-1.8318679906315083e-15,0,7
500,500,0.11917454872274358,0.09731908369349918,0.10255180719195778,0.07705896820522184,0.021855465029244403,0.025492838986735933,0.030297490725129196,0.7213622153572326,0.8414175027898197,0.47068668755969234,0.40011408350210953,0.592,0.489,0.404,True,999,0.00010987499263137579,0.0027739580255001783,weak_5x5_bal_strong_500_500,weak_null,True,1719,947166935,-1.8318679906315083e-15,0,4
500,500,0.12782112346601848,0.09403711009447702,0.11034817755580661,0.07749503633866084,0.033784013371541466,0.032853141217145776,0.030363269729197912,1.11266058210635,1.0820027457567771,0.2658542308410571,0.27925130788399755,0.453,0.298,0.313,True,999,0.00011429097503423691,0.0027603330090641975,weak_5x5_bal_strong_500_500,weak_null,True,1720,947166935,-1.8318679906315083e-15,0,7
500,500,0.09233493331579723,0.14181212652508124,0.07581546705955589,0.12564462969817214,-0.04947719320928401,-0.04982916263861625,0.03227824956895983,-1.5328338391950296,-1.5437380683286537,0.12531680064003703,0.12265180002996659,0.221,0.126,0.124,True,999,0.00011787505354732275,0.0027164589846506715,weak_5x5_bal_strong_500_500,weak_null,True,1721,947166935,-1.8318679906315083e-15,0,6
500,500,0.12990771081778374,0.09323733530623374,0.11239678430547428,0.07605080593148728,0.03667037551155,0.03634597837398701,0.03201170161718201,1.1455303423129337,1.135396637412071,0.2519895337769966,0.2562091679476163,0.359,0.245,0.251,True,999,0.0001169589813798666,0.002825208008289337,weak_5x5_bal_strong_500_500,weak_null,True,1722,947166935,-1.8318679906315083e-15,0,8
500,500,0.13339628968013506,0.11629546424738973,0.11681798169524882,0.100325205911588,0.017100825432745326,0.016492775783660818,0.033089720044579836,0.5168017562465439,0.49842596919650783,0.6052945539377348,0.6181838365805881,0.694,0.603,0.617,True,999,0.00011741602793335915,0.002805541967973113,weak_5x5_bal_strong_500_500,weak_null,True,1723,947166935,-1.8318679906315083e-15,0,7
500,500,0.10774333116856916,0.16020924574470663,0.09116902994571774,0.1474187913927949,-0.05246591457613747,-0.05624976144707716,0.03363527431277202,-1.5598479765100373,-1.6723443645505796,0.1187958108184734,0.09445643608934434,0.226,0.135,0.108,True,999,0.00011616700794547796,0.0027657910250127316,weak_5x5_bal_strong_500_500,weak_null,True,1724,947166935,-1.8318679906315083e-15,0,8
500,500,0.09601128959147687,0.12691363090089264,0.07946440640012042,0.10994951572834566,-0.03090234130941577,-0.030485109328225235,0.03062726398295087,-1.0089814528198806,-0.9953585584789825,0.3129835292390255,0.31956190654982,0.46,0.335,0.338,True,999,0.00011991697829216719,0.002787292003631592,weak_5x5_bal_strong_500_500,weak_null,True,1725,947166935,-1.8318679906315083e-15,0,6
500,500,0.14460567704204674,0.13480020406963078,0.12796067466967997,0.11261548563453516,0.009805472972415963,0.015345189035144813,0.032537326992403574,0.3013607409946498,0.4716179985752187,0.7631394276979091,0.6371994773612499,0.803,0.766,0.621,True,999,0.00012316694483160973,0.002756292000412941,weak_5x5_bal_strong_500_500,weak_null,True,1726,947166935,-1.8318679906315083e-15,0,3
500,500,0.08827973469238781,0.09967002445272011,0.07178446393709237,0.08582333876418602,-0.011390289760332295,-0.01403887482709365,0.02897498094573746,-0.3931077567113269,-0.48451713750510417,0.6942398953236008,0.6280189049326893,0.773,0.705,0.633,True,999,0.00013666599988937378,0.002597958082333207,weak_5x5_bal_strong_500_500,weak_null,True,1727,947166935,-1.8318679906315083e-15,0,8
500,500,0.10574252162581144,0.07438778406766922,0.08920920909395136,0.05755194653741569,0.03135473755814222,0.03165726255653567,0.028494107107199865,1.1003937565118345,1.1110108640160388,0.2711605976195717,0.2665636730460801,0.44,0.279,0.271,True,999,0.00011254195123910904,0.0026980829425156116,weak_5x5_bal_strong_500_500,weak_null,True,1728,947166935,-1.8318679906315083e-15,0,7
500,500,0.13235018141611943,0.12333691152677395,0.11579512393325331,0.11128830809735746,0.009013269889345477,0.00450681583589585,0.032966496656031775,0.27340696778880647,0.13670897101743604,0.7845403972433651,0.8912608382678094,0.83,0.786,0.889,True,999,0.00012058299034833908,0.002736082999035716,weak_5x5_bal_strong_500_500,weak_null,True,1729,947166935,-1.8318679906315083e-15,0,9
500,500,0.09185704779558135,0.12746238985370623,0.07528031952915626,0.11262710234530005,-0.03560534205812488,-0.037346782816143786,0.03228678420891117,-1.1027837838460786,-1.1567204269862235,0.2701210718777384,0.247386601246379,0.358,0.276,0.254,True,999,0.00011654093395918608,0.002716582966968417,weak_5x5_bal_strong_500_500,weak_null,True,1730,947166935,-1.8318679906315083e-15,0,7
500,500,0.09539760864258717,0.10307673026294051,0.07884562102196924,0.0898261453909015,-0.007679121620353335,-0.010980524368932265,0.030082614905956234,-0.2552677566215462,-0.3650122970778769,0.7985163016521559,0.7151022269036749,0.838,0.796,0.709,True,999,0.00011975003872066736,0.0026894999900832772,weak_5x5_bal_strong_500_500,weak_null,True,1731,947166935,-1.8318679906315083e-15,0,7
500,500,0.1132418413086258,0.1461515732353208,0.09651852758724999,0.127465304028334,-0.032909731926694996,-0.030946776441084012,0.03216518782750777,-1.0231475128695033,-0.962120184313621,0.3062381051127292,0.3359892361658041,0.402,0.3,0.33,True,999,0.00011879205703735352,0.002699792035855353,weak_5x5_bal_strong_500_500,weak_null,True,1732,947166935,-1.8318679906315083e-15,0,4
500,500,0.10004267552022994,0.08720329515187286,0.0834970996568245,0.06939996623637512,0.012839380368357078,0.014097133420449381,0.029301049685993192,0.43818840983347773,0.4811135973462496,0.6612497096551833,0.6304357646277023,0.763,0.662,0.633,True,999,0.00012033293023705482,0.002674874966032803,weak_5x5_bal_strong_500_500,weak_null,True,1733,947166935,-1.8318679906315083e-15,0,6
500,500,0.0934444969454753,0.10744943789905309,0.07684942374430648,0.09065587277373766,-0.014004940953577794,-0.013806449029431178,0.030301566098846672,-0.4621853836825564,-0.45563483367140795,0.64394838396392,0.6486525899977602,0.731,0.643,0.648,True,999,0.00011470797471702099,0.0027776670176535845,weak_5x5_bal_strong_500_500,weak_null,True,1734,947166935,-1.8318679906315083e-15,0,6
500,500,0.1420098024527443,0.11317799243642385,0.12652297733382056,0.09414052166826536,0.028831810016320458,0.0323824556655552,0.030212770619269313,0.9542921561100359,1.0718135080568245,0.33993577740042213,0.2838038046271013,0.458,0.335,0.267,True,999,0.00011141702998429537,0.002771665924228728,weak_5x5_bal_strong_500_500,weak_null,True,1735,947166935,-1.8318679906315083e-15,1,5
500,500,0.1126719988732825,0.10770717187356943,0.09611092721991099,0.09123567191866755,0.004964826999713068,0.004875255301243442,0.0316781222981096,0.15672731334866224,0.1538997562849353,0.8754597601527183,0.8776887762713541,0.896,0.869,0.869,True,999,0.00012387498281896114,0.00270025001373142,weak_5x5_bal_strong_500_500,weak_null,True,1736,947166935,-1.8318679906315083e-15,0,7
500,500,0.1303257659437862,0.11549037750335817,0.11362823143997502,0.10553763840826491,0.014835388440428032,0.008090593031710114,0.0324936834229203,0.45656222618219666,0.24898971675224715,0.6479857350311509,0.8033687358165734,0.722,0.642,0.821,True,999,0.00012208393309265375,0.0028078750474378467,weak_5x5_bal_strong_500_500,weak_null,True,1737,947166935,-1.8318679906315083e-15,0,10
500,500,0.12172025045902046,0.10019257899168804,0.1051588768638112,0.08425672505254056,0.02152767146733242,0.02090215181127064,0.030961661575562047,0.6953009099590493,0.6750978709672563,0.4868667441259896,0.49961358620826246,0.57,0.47,0.486,True,999,0.00012041698209941387,0.002697290969081223,weak_5x5_bal_strong_500_500,weak_null,True,1738,947166935,-1.8318679906315083e-15,0,6
500,500,0.1256805787175741,0.1326796671717973,0.10913924055194002,0.12151968829360271,-0.006999088454223201,-0.012380447741662692,0.033437302562733855,-0.20931976917371745,-0.370258567312209,0.8341986200254106,0.7111898419813245,0.864,0.83,0.696,True,999,0.0001272079534828663,0.0026250829687342048,weak_5x5_bal_strong_500_500,weak_null,True,1739,947166935,-1.8318679906315083e-15,0,9
500,500,0.10309190766828724,0.12681089928623757,0.08653089480844756,0.11173872729190748,-0.023718991617950325,-0.025207832483459924,0.03177959499170412,-0.7463591535430841,-0.793208110110915,0.45545048678681543,0.42765658315790933,0.528,0.436,0.413,True,999,0.00011849997099488974,0.002736082999035716,weak_5x5_bal_strong_500_500,weak_null,True,1740,947166935,-1.8318679906315083e-15,0,7
500,500,0.0831978231437942,0.1471348694038892,0.06668216071898314,0.12994115719499177,-0.063937046260095,-0.06325899647600863,0.030684435778503834,-2.083696331313561,-2.061598816176542,0.037187798154068336,0.03924594684345795,0.104,0.031,0.036,True,999,0.0001450419658794999,0.002659583929926157,weak_5x5_bal_strong_500_500,weak_null,True,1741,947166935,-1.8318679906315083e-15,0,5
500,500,0.12823987312719254,0.12286525336172371,0.11163586258112446,0.11311730456210967,0.005374619765468824,-0.0014814419809852097,0.03249136963616486,0.16541684224621134,-0.04559493790425735,0.8686158980890281,0.9636331039452193,0.895,0.862,0.963,True,999,0.00012687500566244125,0.002732416964136064,weak_5x5_bal_strong_500_500,weak_null,True,1742,947166935,-1.8318679906315083e-15,0,10
500,500,0.11823394036913681,0.12891630955626066,0.10160382884737373,0.10881086032037501,-0.010682369187123841,-0.00720703147300128,0.03238417688621409,-0.3298638475406585,-0.2225479282158104,0.7415028414120584,0.8238873672535847,0.789,0.741,0.822,True,999,0.00014833302702754736,0.0027890410274267197,weak_5x5_bal_strong_500_500,weak_null,True,1743,947166935,-1.8318679906315083e-15,0,4
500,500,0.11314156188444802,0.13562061502426942,0.09657208386022376,0.11974861628468148,-0.022479053139821403,-0.02317653242445772,0.032506098628420126,-0.6915334072163288,-0.7129902818972698,0.48923039414364644,0.4758517707029267,0.592,0.485,0.475,True,999,0.00012229196727275848,0.0028300000121816993,weak_5x5_bal_strong_500_500,weak_null,True,1744,947166935,-1.8318679906315083e-15,0,7
500,500,0.12308438439074787,0.10946504598043372,0.10647718853067545,0.08772027336536325,0.013619338410314152,0.018756915165312193,0.03195815471479082,0.426161602002974,0.5869210951854849,0.6699900949462967,0.5572567012907588,0.712,0.644,0.536,True,999,0.00012120895553380251,0.0027750839944928885,weak_5x5_bal_strong_500_500,weak_null,True,1745,947166935,-1.8318679906315083e-15,0,3
500,500,0.10665194723152815,0.14056090224242485,0.09006432475462134,0.12712866817057034,-0.03390895501089669,-0.037064343415949,0.03327073491243712,-1.0191826270185873,-1.1140223837404255,0.30811627284448984,0.26526958406102874,0.418,0.309,0.264,True,999,0.00011516700033098459,0.0027009579353034496,weak_5x5_bal_strong_500_500,weak_null,True,1746,947166935,-1.8318679906315083e-15,0,9
500,500,0.14538378702669275,0.09503886435101189,0.12846594935444955,0.07618562094552317,0.05034492267568086,0.05228032840892638,0.030278026692130998,1.6627544188262797,1.726675550573895,0.09636160412687046,0.0842259490159559,0.219,0.101,0.086,True,999,0.00011316710151731968,0.0027265000389888883,weak_5x5_bal_strong_500_500,weak_null,True,1747,947166935,-1.8318679906315083e-15,0,4
500,500,0.12007956212848225,0.11680235592738586,0.10335107726996284,0.10193204069113904,0.0032772062010963943,0.0014190365788238068,0.0313510206014486,0.10453267990085682,0.045262851148081575,0.9167466355198952,0.9638977975633449,0.939,0.92,0.959,True,999,0.0001206250162795186,0.002781915944069624,weak_5x5_bal_strong_500_500,weak_null,True,1748,947166935,-1.8318679906315083e-15,0,7
500,500,0.09581384402419668,0.09434077097583426,0.07928268463865606,0.07748134495980707,0.0014730730483624166,0.00180133967884899,0.02939264745054064,0.05011705906523644,0.06128538376409018,0.9600291056521918,0.9511319309873766,0.971,0.966,0.957,True,999,0.00011995795648545027,0.002720042015425861,weak_5x5_bal_strong_500_500,weak_null,True,1749,947166935,-1.8318679906315083e-15,0,6
500,500,0.12057211845870475,0.12193010109467028,0.10396971190357363,0.10313896993420713,-0.0013579826359655378,0.0008307419693664997,0.032303828499123305,-0.042037823349712004,0.025716517452073682,0.9664685460815037,0.9794834491924164,0.973,0.969,0.985,True,999,0.00011416699271649122,0.0026766250375658274,weak_5x5_bal_strong_500_500,weak_null,True,1750,947166935,-1.8318679906315083e-15,0,6
500,500,0.12437952818295672,0.10760080559837304,0.10779296501038971,0.09193522576291002,0.016778722584583683,0.015857739247479685,0.0313902867226683,0.5345195707456547,0.5051798152588431,0.5929821129040895,0.6134325459937058,0.689,0.61,0.626,True,999,0.00011416699271649122,0.0027411250630393624,weak_5x5_bal_strong_500_500,weak_null,True,1751,947166935,-1.8318679906315083e-15,0,7
500,500,0.08284105194686608,0.11162659631843647,0.06628346261163642,0.0938387595321899,-0.028785544371570382,-0.027555296920553474,0.029739465126127764,-0.9679240783076724,-0.9265565740234051,0.3330822880758949,0.3541568107296954,0.446,0.335,0.355,True,999,0.00012279092334210873,0.0027535000117495656,weak_5x5_bal_strong_500_500,weak_null,True,1752,947166935,-1.8318679906315083e-15,0,4
500,500,0.10300447048176697,0.11246446207894378,0.08644990460788904,0.0916800445942556,-0.009459991597176809,-0.0052301399863665665,0.03126951961960087,-0.3025307619771345,-0.16726000431065544,0.762247486741097,0.8671654727014636,0.833,0.782,0.874,True,999,0.00011608295608311892,0.0026473329635336995,weak_5x5_bal_strong_500_500,weak_null,True,1753,947166935,-1.8318679906315083e-15,0,5
500,500,0.08863245582734458,0.13450239423918292,0.07205816153714295,0.11721382924162072,-0.04586993841183834,-0.045155667704477764,0.03052528257747205,-1.5026867743295125,-1.479287459170094,0.1329198348218403,0.13906350315585075,0.251,0.144,0.149,True,999,0.00011095800437033176,0.0027306670090183616,weak_5x5_bal_strong_500_500,weak_null,True,1754,947166935,-1.8318679906315083e-15,0,6
500,500,0.11337790760642452,0.14577295301887705,0.09676050446057616,0.13167971281660584,-0.03239504541245253,-0.034919208356029685,0.033741946905076654,-0.9600822828506829,-1.0348901459143693,0.33701380454179164,0.3007202171090153,0.425,0.344,0.302,True,999,0.00012075004633516073,0.002774041029624641,weak_5x5_bal_strong_500_500,weak_null,True,1755,947166935,-1.8318679906315083e-15,0,7
500,500,0.11836712578717079,0.10585898461926324,0.10172386132819611,0.09353441220287095,0.01250814116790755,0.008189449125325154,0.031241460927678346,0.40036991857912674,0.26213400020834876,0.6888840770080975,0.7932181346406774,0.744,0.681,0.786,True,999,0.00011591601651161909,0.0026872920570895076,weak_5x5_bal_strong_500_500,weak_null,True,1756,947166935,-1.8318679906315083e-15,0,8
500,500,0.14671744563553202,0.17991230383287937,0.1300361084489623,0.1650484874767244,-0.033194858197347354,-0.03501237902776211,0.03628454477243785,-0.9148484128857679,-0.9649391840891416,0.36027121515350957,0.3345752736893285,0.451,0.388,0.359,True,999,0.0001237079268321395,0.0028193750185891986,weak_5x5_bal_strong_500_500,weak_null,True,1757,947166935,-1.8318679906315083e-15,0,7
500,500,0.1493422628465655,0.07655031431581705,0.13268564224551938,0.06433383975851825,0.07279194853074844,0.06835180248700112,0.030084926420928266,2.419548830277726,2.2719617635312845,0.015539774185566273,0.02308881987406267,0.055,0.013,0.016,True,999,0.00012216705363243818,0.00278045900631696,weak_5x5_bal_strong_500_500,weak_null,True,1758,947166935,-1.8318679906315083e-15,0,8
500,500,0.12117201593314642,0.09475692362953447,0.10460379503183503,0.07327119009440253,0.026415092303611942,0.03133260493743251,0.030983069517665766,0.8525653756981929,1.0112814974503235,0.3939003703766607,0.3118817191304646,0.529,0.389,0.326,True,999,0.00011833291500806808,0.002751625026576221,weak_5x5_bal_strong_500_500,weak_null,True,1759,947166935,-1.8318679906315083e-15,0,5
500,500,0.09714466113307396,0.0659568550544985,0.08045780232509969,0.04705254963519678,0.031187806078575464,0.03340525268990291,0.026134969316779787,1.1933362423560043,1.278182204272009,0.2327377139810004,0.20118518931423512,0.403,0.232,0.202,True,999,0.00011304102372378111,0.002716541988775134,weak_5x5_bal_strong_500_500,weak_null,True,1760,947166935,-1.8318679906315083e-15,0,6
500,500,0.14094121970093698,0.14666903412905397,0.12431887109300988,0.1303070248257825,-0.005727814428116984,-0.005988153732772616,0.03461140507028444,-0.1654892199980228,-0.17301099798209968,0.8685589340456342,0.8626427828483231,0.888,0.863,0.853,True,999,0.00011833291500806808,0.002745583071373403,weak_5x5_bal_strong_500_500,weak_null,True,1761,947166935,-1.8318679906315083e-15,0,6
500,500,0.0938366200174039,0.12282072798370675,0.07729243401684016,0.10920304169843575,-0.028984107966302852,-0.03191060768159559,0.031115079454090044,-0.9315132236467075,-1.0255672889628755,0.3515881475014919,0.3050955927900222,0.438,0.323,0.274,True,999,0.00011266698129475117,0.0027327080024406314,weak_5x5_bal_strong_500_500,weak_null,True,1762,947166935,-1.8318679906315083e-15,0,7
500,500,0.11331989759250027,0.12580067303587072,0.09676107394227529,0.10908813639133541,-0.012480775443370451,-0.012327062449060122,0.032588256114007924,-0.38298383932258473,-0.37826701760090153,0.7017317465886179,0.7052322444517234,0.795,0.739,0.74,True,999,0.00011395895853638649,0.0027702919906005263,weak_5x5_bal_strong_500_500,weak_null,True,1763,947166935,-1.8318679906315083e-15,0,7
500,500,0.10684234013300276,0.12365490240983745,0.09030304048928883,0.10204937607630882,-0.016812562276834697,-0.011746335587019985,0.031151724889641744,-0.5396992409375392,-0.37706854527743205,0.589404463549911,0.7061226660713259,0.673,0.599,0.712,True,999,0.00011799996718764305,0.0026530420873314142,weak_5x5_bal_strong_500_500,weak_null,True,1764,947166935,-1.8318679906315083e-15,0,4
500,500,0.11374892170065731,0.1315147846042239,0.09714029275528446,0.11969871989685998,-0.017765862903566576,-0.02255842714157552,0.03202100034403685,-0.5548191097307504,-0.7044885200089164,0.5790183947961186,0.48112859681718034,0.68,0.604,0.499,True,999,0.00011758389882743359,0.002731707994826138,weak_5x5_bal_strong_500_500,weak_null,True,1765,947166935,-1.8318679906315083e-15,0,9
500,500,0.09983841621403267,0.120698443400519,0.08331138883681888,0.100632626155857,-0.02086002718648633,-0.01732123731903812,0.03158826104497566,-0.6603727617922882,-0.5483441236089565,0.5090146472383933,0.5834556356601039,0.593,0.501,0.566,True,999,0.00011633301619440317,0.0027782079996541142,weak_5x5_bal_strong_500_500,weak_null,True,1766,947166935,-1.8318679906315083e-15,0,4
500,500,0.08765151101155455,0.13116532977960416,0.07112433966699427,0.11600202747965227,-0.043513818768049606,-0.044877687812657996,0.03133810246761076,-1.3885275540541409,-1.4320486653281244,0.1649764603645918,0.15212989432796148,0.28,0.161,0.15,True,999,0.00011516606900840998,0.0026482499670237303,weak_5x5_bal_strong_500_500,weak_null,True,1767,947166935,-1.8318679906315083e-15,0,7
500,500,0.13641257452533928,0.1357015515530089,0.11974887765495623,0.12288416589453277,0.0007110229723303885,-0.003135288239576539,0.033734373110045554,0.02107710642824002,-0.09294046251723292,0.9831841472618373,0.9259508604051722,0.982,0.982,0.921,True,999,0.00011849997099488974,0.002695458009839058,weak_5x5_bal_strong_500_500,weak_null,True,1768,947166935,-1.8318679906315083e-15,0,8
500,500,0.12019737311718504,0.1151562125825652,0.10358427085179756,0.10291595103771556,0.005041160534619837,0.0006683198140819968,0.03168132498364136,0.1591208870595797,0.02109507144751943,0.8735736323806911,0.9831698164365825,0.889,0.865,0.98,True,999,0.00011516700033098459,0.002784834010526538,weak_5x5_bal_strong_500_500,weak_null,True,1769,947166935,-1.8318679906315083e-15,0,8
500,500,0.1421449807865951,0.14707823771665207,0.12554943661473317,0.12917474449437805,-0.004933256930056973,-0.003625307879644879,0.034309100588521484,-0.14378858219639404,-0.10566607160951834,0.8856674192663575,0.9158473005361191,0.888,0.868,0.896,True,999,0.00014174997340887785,0.002700999961234629,weak_5x5_bal_strong_500_500,weak_null,True,1770,947166935,-1.8318679906315083e-15,0,6
500,500,0.11200267954695309,0.12462871692988836,0.09544845553421055,0.11382543585304461,-0.012626037382935273,-0.018376980318834057,0.03235296573920117,-0.3902590410015074,-0.5680153240655521,0.6963450073464238,0.5700245626220031,0.753,0.686,0.548,True,999,0.00011870800517499447,0.0027104580076411366,weak_5x5_bal_strong_500_500,weak_null,True,1771,947166935,-1.8318679906315083e-15,0,9
500,500,0.10779317427097523,0.11709607515246923,0.09123717919453611,0.10175021114346805,-0.009302900881493992,-0.010513031948931939,0.031235342767750526,-0.29783252102163366,-0.3365748865668381,0.7658309921126938,0.7364373903306153,0.824,0.773,0.734,True,999,0.0001177910016849637,0.002815791987814009,weak_5x5_bal_strong_500_500,weak_null,True,1772,947166935,-1.8318679906315083e-15,0,6
500,500,0.10509680618369299,0.07459082349661339,0.08854594856552467,0.05661859879097619,0.030505982687079602,0.031927349774548475,0.028175789647157546,1.0827019604100832,1.1331483580184023,0.27894073359645455,0.2571519566113102,0.428,0.277,0.256,True,999,0.00012170802801847458,0.0026410419959574938,weak_5x5_bal_strong_500_500,weak_null,True,1773,947166935,-1.8318679906315083e-15,0,6
500,500,0.13128318488662982,0.1109062896832298,0.11463615105731151,0.09918901116006396,0.020376895203400025,0.015447139897247553,0.03255181839143585,0.6259833155361004,0.47453999993166535,0.5313258849170135,0.6351148809286706,0.632,0.539,0.651,True,999,0.00011404207907617092,0.0026515419594943523,weak_5x5_bal_strong_500_500,weak_null,True,1774,947166935,-1.8318679906315083e-15,0,9
500,500,0.10247829324024282,0.12936160068685348,0.08591867889117566,0.11112561269081311,-0.02688330744661066,-0.025206933799637454,0.03212025413622127,-0.8369581178467381,-0.7847675704163304,0.40261611040159184,0.43258985719316034,0.493,0.401,0.429,True,999,0.0001189579488709569,0.0028119999915361404,weak_5x5_bal_strong_500_500,weak_null,True,1775,947166935,-1.8318679906315083e-15,0,5
500,500,0.09687989410646747,0.11637281770028257,0.08028486010414326,0.09808826341344457,-0.019492923593815104,-0.017803403309301302,0.03058562743671748,-0.6373229921193053,-0.5820839656187221,0.523914477532266,0.5605101249698106,0.606,0.528,0.561,True,999,0.00011912500485777855,0.0027554589323699474,weak_5x5_bal_strong_500_500,weak_null,True,1776,947166935,-1.8318679906315083e-15,0,5
500,500,0.10442423204081885,0.07363572162372434,0.08790520685761294,0.056749610088900226,0.030788510417094517,0.031155596768712712,0.028552647117739572,1.0783066904492304,1.0911631639700385,0.2808969123159566,0.27520109333723475,0.44,0.266,0.26,True,999,0.00011666701175272465,0.0027669579721987247,weak_5x5_bal_strong_500_500,weak_null,True,1777,947166935,-1.8318679906315083e-15,0,6
500,500,0.09714499349067673,0.10104434736321233,0.08060377688696008,0.08467666929976758,-0.0038993538725355936,-0.004072892412807505,0.031066476953249055,-0.125516449078008,-0.13110248770520938,0.9001147035379489,0.8956942332462643,0.932,0.905,0.898,True,999,0.00011679204180836678,0.002813457977026701,weak_5x5_bal_strong_500_500,weak_null,True,1778,947166935,-1.8318679906315083e-15,0,6
500,500,0.1284616968550385,0.085475402976886,0.11183153963270343,0.060906578854570625,0.042986293878152504,0.0509249607781328,0.029810962644990637,1.4419626226117799,1.7082628757944558,0.1493129182714302,0.08758757645428106,0.245,0.129,0.084,True,999,0.000120542012155056,0.0027972920797765255,weak_5x5_bal_strong_500_500,weak_null,True,1779,947166935,-1.8318679906315083e-15,0,3
500,500,0.09716309668939505,0.13619698500509586,0.0805641022150212,0.12507672233130052,-0.039033888315700815,-0.04451262011627932,0.032296669482303676,-1.2086041360112585,-1.3782418072757978,0.22681496666125933,0.16812864332753408,0.345,0.247,0.184,True,999,0.00011641706805676222,0.0027755419723689556,weak_5x5_bal_strong_500_500,weak_null,True,1780,947166935,-1.8318679906315083e-15,0,9
500,500,0.10293906657641738,0.1315579467085266,0.08637825861558213,0.11294900477059855,-0.028618880132109226,-0.026570746155016423,0.032260960368063106,-0.8871056473706413,-0.823619193349255,0.37502202387531003,0.4101559667776443,0.483,0.396,0.421,True,999,0.00011899997480213642,0.0028031670954078436,weak_5x5_bal_strong_500_500,weak_null,True,1781,947166935,-1.8318679906315083e-15,0,5
500,500,0.11169012379220455,0.08720804947221422,0.09513965700239169,0.06536153022267399,0.024482074319990332,0.029778126779717695,0.028948564890484998,0.8457094302466531,1.0286564080938383,0.397714861095393,0.3036411610409149,0.546,0.416,0.319,True,999,0.00011450005695223808,0.0026522090192884207,weak_5x5_bal_strong_500_500,weak_null,True,1782,947166935,-1.8318679906315083e-15,0,4
500,500,0.10754614173352195,0.11631284670951308,0.09095602548961779,0.10464322027036133,-0.008766704975991135,-0.013687194780743539,0.03043832539272454,-0.2880153511364518,-0.44966977007266945,0.7733349878363203,0.6529485718498692,0.829,0.779,0.655,True,999,0.00011850008741021156,0.0027626670198515058,weak_5x5_bal_strong_500_500,weak_null,True,1783,947166935,-1.8318679906315083e-15,0,9
500,500,0.11778713044702793,0.13658087743255098,0.1011825236431605,0.12316238923455103,-0.018793746985523052,-0.021979865591390535,0.033678761410443944,-0.5580296364371352,-0.6526328365678695,0.5768241469606497,0.5139930110791704,0.652,0.572,0.518,True,999,0.00012283306568861008,0.002710792003199458,weak_5x5_bal_strong_500_500,weak_null,True,1784,947166935,-1.8318679906315083e-15,0,7
500,500,0.10573706777992298,0.15199937009129316,0.08906648077595491,0.14074117035801237,-0.046262302311370185,-0.051674689582057454,0.032042105483812984,-1.4437972041113514,-1.6127120487810156,0.14879602870570907,0.10680708163907117,0.264,0.168,0.133,True,999,0.00011195801198482513,0.0027350829914212227,weak_5x5_bal_strong_500_500,weak_null,True,1785,947166935,-1.8318679906315083e-15,0,8
500,500,0.0982515023313546,0.10889145785095683,0.08172589030152722,0.09666388055026687,-0.010639955519602229,-0.014937990248739652,0.030575322028900093,-0.3479916093621267,-0.4885636277066884,0.7278464849121307,0.6251506688280306,0.789,0.736,0.644,True,999,0.00011920800898224115,0.0027716249460354447,weak_5x5_bal_strong_500_500,weak_null,True,1786,947166935,-1.8318679906315083e-15,0,8
500,500,0.12148311438272241,0.09851503529880973,0.10483336558525025,0.07500059161353079,0.022968079083912685,0.029832773971719462,0.030966121548850443,0.7417163640489982,0.9634004027484335,0.4582592030210997,0.33534662427834383,0.539,0.438,0.325,True,999,0.00011745805386453867,0.0027704579988494515,weak_5x5_bal_strong_500_500,weak_null,True,1787,947166935,-1.8318679906315083e-15,0,3
500,500,0.14892625975720275,0.14301124405687238,0.13231322179069593,0.12374080430089407,0.005915015700330373,0.008572417489801865,0.03353364925370697,0.1763904565106793,0.2556362841677372,0.8599872017186354,0.798231698364979,0.875,0.853,0.791,True,999,0.00011954200454056263,0.0026497499784454703,weak_5x5_bal_strong_500_500,weak_null,True,1788,947166935,-1.8318679906315083e-15,0,4
500,500,0.09871517850994649,0.13048738673506705,0.08215825344586847,0.11276860552658263,-0.03177220822512056,-0.030610352080714165,0.0318688724829079,-0.9969668127468524,-0.9605094154846955,0.31878061907907906,0.3367988945771968,0.416,0.309,0.322,True,999,0.00011391693260520697,0.0027227080427110195,weak_5x5_bal_strong_500_500,weak_null,True,1789,947166935,-1.8318679906315083e-15,0,6
500,500,0.13494109359512096,0.1404689173559559,0.1184019015403237,0.1258833699576769,-0.005527823760834938,-0.007481468417353199,0.03440882295429305,-0.16065134713203705,-0.21742878061511156,0.8723680109330461,0.8278742039606107,0.906,0.883,0.837,True,999,0.00012324994895607233,0.0027407079469412565,weak_5x5_bal_strong_500_500,weak_null,True,1790,947166935,-1.8318679906315083e-15,0,8
500,500,0.10570779322179247,0.11909550615390524,0.08910890410572847,0.10210062885468574,-0.013387712932112772,-0.012991724748957267,0.031586204641069635,-0.42384683706840603,-0.4113100923833347,0.6716775176092504,0.6808451701529716,0.738,0.683,0.687,True,999,0.00011920800898224115,0.0027213749708607793,weak_5x5_bal_strong_500_500,weak_null,True,1791,947166935,-1.8318679906315083e-15,0,6
500,500,0.10353071090250299,0.11425737208525089,0.08694676301684012,0.09831449637255218,-0.010726661182747899,-0.011367733355712062,0.031769864368946236,-0.3376363543192453,-0.35781497911661103,0.7356372425731135,0.7204817800543978,0.796,0.746,0.738,True,999,0.00012266694102436304,0.002801000024192035,weak_5x5_bal_strong_500_500,weak_null,True,1792,947166935,-1.8318679906315083e-15,0,7
500,500,0.16188944959527318,0.11862872171597222,0.14420216633038763,0.10165931806218964,0.043260727879300964,0.042542848268197986,0.032002202093404784,1.351804721219994,1.3293725270538643,0.17643779342925414,0.18372509700615103,0.295,0.178,0.193,True,999,0.00012687500566244125,0.0027594160055741668,weak_5x5_bal_strong_500_500,weak_null,True,1793,947166935,-1.8318679906315083e-15,0,6
500,500,0.08951314470867588,0.09341748054006255,0.072982383074077,0.07837431305674158,-0.0039043358313866627,-0.005391929982664578,0.028832234401101393,-0.1354156523934724,-0.18701047957832245,0.8922832492992119,0.8516524163854428,0.916,0.887,0.849,True,999,0.00012037495616823435,0.0027809159364551306,weak_5x5_bal_strong_500_500,weak_null,True,1794,947166935,-1.8318679906315083e-15,0,7
500,500,0.14160864231753467,0.09633974536285417,0.12487881884203489,0.08125103614457885,0.045268896954680504,0.04362778269745604,0.031198721950937147,1.4509856213299377,1.3983836506528933,0.14678386409167704,0.16199789009846266,0.276,0.184,0.196,True,999,0.0001188330352306366,0.002683833008632064,weak_5x5_bal_strong_500_500,weak_null,True,1795,947166935,-1.8318679906315083e-15,0,7
500,500,0.09604875769653431,0.14928667479014313,0.07952148379672508,0.1327979260397001,-0.05323791709360881,-0.05327644224297501,0.03257702376253522,-1.63421672531161,-1.6353993118378385,0.10221335187218407,0.10196536658810908,0.185,0.095,0.094,True,999,0.00011775002349168062,0.002691917004995048,weak_5x5_bal_strong_500_500,weak_null,True,1796,947166935,-1.8318679906315083e-15,0,6
500,500,0.1277840172190836,0.11884124778671246,0.11030834094174224,0.10321347052931173,0.008942769432371156,0.0070948704124305095,0.03204079953527662,0.27910568906138716,0.22143237732314147,0.7801637173159608,0.8247557846062251,0.819,0.773,0.818,True,999,0.00012649991549551487,0.0027409580070525408,weak_5x5_bal_strong_500_500,weak_null,True,1797,947166935,-1.8318679906315083e-15,0,5
500,500,0.10614078576813313,0.09271674848647005,0.08950567552767552,0.07093178144472745,0.013424037281663082,0.018573894082948073,0.029613343275323528,0.4533104268861525,0.6272136823681604,0.6503252256935811,0.5305191755923084,0.742,0.646,0.524,True,999,0.00011324998922646046,0.0027692909352481365,weak_5x5_bal_strong_500_500,weak_null,True,1798,947166935,-1.8318679906315083e-15,0,4
500,500,0.09200629123618786,0.12314114792795455,0.07533815255919762,0.11359075188497059,-0.031134856691766688,-0.03825259932577296,0.03071778357766553,-1.01357757837725,-1.2452916477211557,0.31078436099839224,0.21302456470851372,0.415,0.308,0.217,True,999,0.00013800000306218863,0.0026454159524291754,weak_5x5_bal_strong_500_500,weak_null,True,1799,947166935,-1.8318679906315083e-15,0,9
500,500,0.15494531339408102,0.1383108131334141,0.13812761289011632,0.12253901549371449,0.01663450026066693,0.015588597396401838,0.03384095064962958,0.49154943762931813,0.46064301082429754,0.6230378949813709,0.645054748100425,0.685,0.641,0.655,True,999,0.00011304195504635572,0.002741625066846609,weak_5x5_bal_strong_500_500,weak_null,True,1800,947166935,-1.8318679906315083e-15,0,7
500,500,0.11663281052408347,0.0810858790942307,0.10003053642833493,0.06245763134018034,0.03554693142985277,0.037572905088154585,0.029909910429962556,1.1884666626832578,1.256202527792111,0.23464960640540722,0.209042550511093,0.416,0.258,0.231,True,999,0.00011637492571026087,0.0028214999474585056,weak_5x5_bal_strong_500_500,weak_null,True,1801,947166935,-1.8318679906315083e-15,0,6
500,500,0.10877024375509237,0.10323339482558946,0.0922232188978569,0.08091456185621837,0.005536848929502902,0.011308657041638526,0.03095750605925966,0.17885319698893454,0.36529612624451085,0.8580529735040865,0.7148903697219522,0.893,0.866,0.701,True,999,0.00011562497820705175,0.0026439171051606536,weak_5x5_bal_strong_500_500,weak_null,True,1802,947166935,-1.8318679906315083e-15,0,3
500,500,0.12964528349792181,0.08331861825368031,0.11303685361292537,0.07027961967702367,0.046326665244241505,0.042757233935901695,0.030561129230769438,1.5158688965458473,1.3990724496152787,0.12955250651861663,0.16179125838764696,0.266,0.128,0.164,True,999,0.00011983292642980814,0.002720082993619144,weak_5x5_bal_strong_500_500,weak_null,True,1803,947166935,-1.8318679906315083e-15,0,8
500,500,0.1103404966646151,0.15752204338401987,0.0938155812863215,0.14554334393571366,-0.04718154671940478,-0.05172776264939216,0.03487020919319255,-1.353061762778747,-1.483437118567404,0.17603589992657676,0.1379583116296374,0.295,0.197,0.144,True,999,0.00015070801600813866,0.002772500040009618,weak_5x5_bal_strong_500_500,weak_null,True,1804,947166935,-1.8318679906315083e-15,0,9
500,500,0.14472792774130405,0.11423695345308205,0.12800915482046094,0.09914662284327846,0.030490974288222006,0.02886253197718247,0.03271967158276018,0.9318850958237471,0.8821155769909984,0.3513959108506376,0.37771430939362083,0.447,0.35,0.381,True,999,0.00011316605377942324,0.002687250031158328,weak_5x5_bal_strong_500_500,weak_null,True,1805,947166935,-1.8318679906315083e-15,0,7
500,500,0.09441760503011976,0.1273795227949306,0.07787581341756322,0.11414598275430876,-0.03296191776481083,-0.03627016933674554,0.03024132510267047,-1.0899627464373287,-1.1993578063661863,0.2757295546487323,0.2303888466492715,0.417,0.262,0.223,True,999,0.00011416594497859478,0.0027232079301029444,weak_5x5_bal_strong_500_500,weak_null,True,1806,947166935,-1.8318679906315083e-15,0,7
500,500,0.1164661911885061,0.09442383576009733,0.09985069351716902,0.08568220174797148,0.022042355428408766,0.014168491769197544,0.03145004971631692,0.7008686990078984,0.45050777016249494,0.4833849600637339,0.6523443527494461,0.579,0.476,0.641,True,999,0.00011720799375325441,0.0027825419092550874,weak_5x5_bal_strong_500_500,weak_null,True,1807,947166935,-1.8318679906315083e-15,0,11
500,500,0.10433847860754186,0.0871332246868955,0.08687701820008442,0.07578009494292814,0.01720525392064637,0.011096923257156277,0.028988701244440605,0.5935158590088943,0.3828016703330034,0.5528359727301912,0.7018668229131768,0.652,0.566,0.684,True,999,0.00011424999684095383,0.0026803750079125166,weak_5x5_bal_strong_500_500,weak_null,True,1808,947166935,-1.8318679906315083e-15,0,10
500,500,0.12427001844843777,0.13398037993422346,0.10762521837125405,0.11901934283710602,-0.00971036148578569,-0.011394124465851974,0.03297026995063325,-0.29451871338406155,-0.345587842711404,0.7683615659843313,0.7296524837714481,0.804,0.774,0.738,True,999,0.00011016603093594313,0.0027666670503094792,weak_5x5_bal_strong_500_500,weak_null,True,1809,947166935,-1.8318679906315083e-15,0,7
500,500,0.11313332196190595,0.1062582468302829,0.09654431120463869,0.09653369890730801,0.006875075131623054,1.0612297330681031e-05,0.030849113017791224,0.22286135512739305,0.0003440065626703994,0.8236434141128333,0.999725522480244,0.847,0.806,0.999,True,999,0.00012025004252791405,0.0027712080627679825,weak_5x5_bal_strong_500_500,weak_null,True,1810,947166935,-1.8318679906315083e-15,0,10
500,500,0.09528492247918541,0.11480376440091333,0.07873453829267874,0.10158501027348166,-0.019518841921727925,-0.022850471980802922,0.030979050152990573,-0.630065861455848,-0.737610477660079,0.5286514942171089,0.4607511865463234,0.626,0.548,0.477,True,999,0.00011604104656726122,0.0026826669927686453,weak_5x5_bal_strong_500_500,weak_null,True,1811,947166935,-1.8318679906315083e-15,0,8
500,500,0.08196068253943478,0.1264794553716455,0.0654318770033342,0.10339371864623104,-0.04451877283221073,-0.03796184164289684,0.03027870291436971,-1.4702998658203073,-1.2537472873344537,0.1414805573855082,0.20993387430275023,0.283,0.147,0.218,True,999,0.00012012489605695009,0.002796208020299673,weak_5x5_bal_strong_500_500,weak_null,True,1812,947166935,-1.8318679906315083e-15,0,3
500,500,0.1174459921824178,0.1300536051768283,0.10085049634562893,0.1165532433672638,-0.012607612994410489,-0.015702747021634877,0.032849647613014406,-0.38379751110071547,-0.47801873574478615,0.701128532916375,0.6326368699960143,0.768,0.716,0.653,True,999,0.00011937494855374098,0.002750749932602048,weak_5x5_bal_strong_500_500,weak_null,True,1813,947166935,-1.8318679906315083e-15,0,7
500,500,0.10887243251322576,0.04798871571051316,0.09231454148437024,0.03538845720856898,0.060883716802712595,0.05692608427580126,0.02529021756211765,2.4074018601528615,2.2509131894962873,0.016066479772477205,0.02439103619741329,0.122,0.019,0.025,True,999,0.00011445791460573673,0.0026644159806892276,weak_5x5_bal_strong_500_500,weak_null,True,1814,947166935,-1.8318679906315083e-15,0,9
500,500,0.10708481187605301,0.15724378167989073,0.09053557853110306,0.14429121255002997,-0.050158969803837716,-0.05375563401892691,0.03323362240857906,-1.5092838567874407,-1.617507515673351,0.13122625832882778,0.10576877468422093,0.219,0.15,0.121,True,999,0.00011837505735456944,0.0027810840401798487,weak_5x5_bal_strong_500_500,weak_null,True,1815,947166935,-1.8318679906315083e-15,0,8
500,500,0.13248698583666307,0.12332441313821002,0.11498400562231836,0.10651295600726485,0.009162572698453053,0.008471049615053516,0.03315643257213231,0.27634374351099866,0.2554873657358831,0.7822840609900471,0.7983467005860838,0.833,0.8,0.815,True,999,0.00011208304204046726,0.0027346659917384386,weak_5x5_bal_strong_500_500,weak_null,True,1816,947166935,-1.8318679906315083e-15,0,7
500,500,0.11496271617302845,0.1427570101119779,0.09836499239145269,0.12057033560517993,-0.027794293938949444,-0.022205343213727247,0.033078970766466306,-0.8402405907721232,-0.6712827726864415,0.4007735038844773,0.5020404071274531,0.492,0.415,0.489,True,999,0.0001278329873457551,0.002673707902431488,weak_5x5_bal_strong_500_500,weak_null,True,1817,947166935,-1.8318679906315083e-15,0,3
500,500,0.10304496564337651,0.11277539391417413,0.0864711207173059,0.10013948642782111,-0.00973042827079762,-0.013668365710515218,0.03053586162347318,-0.31865576255158806,-0.44761683423428367,0.7499875634999891,0.6544297517289259,0.824,0.754,0.654,True,999,0.00011887506116181612,0.0027621249901130795,weak_5x5_bal_strong_500_500,weak_null,True,1818,947166935,-1.8318679906315083e-15,0,9
500,500,0.12521440247871674,0.08118088612458202,0.10863640458660484,0.06703049553712503,0.044033516354134716,0.041605909049479806,0.029426606996196196,1.4963844237912536,1.4138874065521028,0.13455350621832693,0.157394964124853,0.259,0.136,0.155,True,999,0.00012887490447610617,0.0027671250281855464,weak_5x5_bal_strong_500_500,weak_null,True,1819,947166935,-1.8318679906315083e-15,0,7
500,500,0.09902428337859659,0.14395877688093628,0.08244425775399122,0.12681664725297992,-0.04493449350233969,-0.044372389498988696,0.03288137939208909,-1.3665635181092934,-1.3494686147401778,0.1717621587832283,0.17718649469164982,0.251,0.16,0.166,True,999,0.00012174993753433228,0.0027448340551927686,weak_5x5_bal_strong_500_500,weak_null,True,1820,947166935,-1.8318679906315083e-15,0,6
500,500,0.1345371121072556,0.13288098471319176,0.11703525320740482,0.1186518506308687,0.0016561273940638443,-0.0016165974234638725,0.03306267206753549,0.05009054896352462,-0.04889494170833285,0.9600502311198098,0.9610030199746046,0.965,0.959,0.962,True,999,0.00011512497439980507,0.002752583008259535,weak_5x5_bal_strong_500_500,weak_null,True,1821,947166935,-1.8318679906315083e-15,0,7
500,500,0.10630695566265325,0.08421234438925629,0.08969711006852776,0.06967928256921141,0.022094611273396958,0.020017827499316354,0.028047928349101626,0.787744855819437,0.7137007500219718,0.4308459623334393,0.4754122425341748,0.555,0.418,0.454,True,999,0.0001152500044554472,0.0027081669541075826,weak_5x5_bal_strong_500_500,weak_null,True,1822,947166935,-1.8318679906315083e-15,0,8
500,500,0.10652220034754012,0.09035154428612369,0.0899419411927056,0.07590637988425897,0.016170656061416433,0.014035561308446631,0.02969853951499164,0.5444933092838988,0.4726010617916604,0.586102051327408,0.6364978248104619,0.697,0.606,0.656,True,999,0.00011866597924381495,0.0027575419517233968,weak_5x5_bal_strong_500_500,weak_null,True,1823,947166935,-1.8318679906315083e-15,0,7
500,500,0.11682607213109608,0.11647354520491571,0.10028705549927963,0.10104194216188489,0.0003525269261803743,-0.0007548866626052586,0.03286560511438701,0.010726317831466143,-0.022968895901289973,0.9914418007173492,0.981675083875718,0.995,0.995,0.981,True,999,0.00012295902706682682,0.002669124980457127,weak_5x5_bal_strong_500_500,weak_null,True,1824,947166935,-1.8318679906315083e-15,0,6
500,500,0.11645553585993085,0.15779794411507808,0.09984495404455629,0.14986631726273458,-0.041342408255147234,-0.050021363218178294,0.03279677757245729,-1.260563119770235,-1.5251914035660077,0.20746629316776022,0.12721136411739,0.315,0.223,0.124,True,999,0.00011387502308934927,0.002653959090821445,weak_5x5_bal_strong_500_500,weak_null,True,1825,947166935,-1.8318679906315083e-15,0,10
500,500,0.13730804735579882,0.14655336732327212,0.12063281968755746,0.13366650158559423,-0.009245319967473298,-0.013033681898036775,0.03351794399502275,-0.2758319534410041,-0.3888568433664133,0.7826771401076456,0.6973820485147708,0.826,0.797,0.718,True,999,0.0001230830093845725,0.0027339160442352295,weak_5x5_bal_strong_500_500,weak_null,True,1826,947166935,-1.8318679906315083e-15,0,8
500,500,0.13167934975512896,0.06230216963812063,0.11420819752015632,0.0439204014055008,0.06937718011700833,0.07028779611465552,0.027869437689391378,2.4893641877610273,2.5220385462391612,0.012797180160206012,0.011667692210403287,0.097,0.018,0.016,True,999,0.00011854199692606926,0.002788083045743406,weak_5x5_bal_strong_500_500,weak_null,True,1827,947166935,-1.8318679906315083e-15,0,5
500,500,0.0915330630463751,0.08833862402679521,0.07500253270995927,0.0713547467241824,0.0031944390195798866,0.0036477859857768635,0.028341672286017236,0.11271173370937283,0.128707507057604,0.9102590983783958,0.8975890950493005,0.936,0.915,0.902,True,999,0.00012329104356467724,0.0027216249145567417,weak_5x5_bal_strong_500_500,weak_null,True,1828,947166935,-1.8318679906315083e-15,0,6
500,500,0.17015194067799055,0.12224946938078562,0.15333387894543193,0.11301701522685903,0.04790247129720493,0.040316863718572904,0.03388129333446415,1.413832430312759,1.1899446494140313,0.15741110911498435,0.23406814781222784,0.228,0.157,0.232,True,999,0.00012116692960262299,0.002771083964034915,weak_5x5_bal_strong_500_500,weak_null,True,1829,947166935,-1.8318679906315083e-15,0,10
500,500,0.1543840224247921,0.15123911096580284,0.13770666887069183,0.1361976765895463,0.0031449114589892635,0.001508992281145538,0.0363226706117119,0.08658260546445659,0.0415440895653465,0.9310032927984334,0.9668621447841614,0.948,0.935,0.969,True,999,0.00012037495616823435,0.0028571250149980187,weak_5x5_bal_strong_500_500,weak_null,True,1830,947166935,-1.8318679906315083e-15,0,7
500,500,0.11345628405813901,0.1196659002455639,0.09680302524691342,0.10539665612722615,-0.006209616187424882,-0.00859363088031273,0.03165548919298682,-0.19616238275668801,-0.2714736400983063,0.8444830702169837,0.786026770881796,0.888,0.858,0.799,True,999,0.00012437498662620783,0.0026708339573815465,weak_5x5_bal_strong_500_500,weak_null,True,1831,947166935,-1.8318679906315083e-15,0,7
500,500,0.08937918808529655,0.13429455721572325,0.07285564424819313,0.11728054084329642,-0.04491536913042671,-0.04442489659510329,0.03142858599677147,-1.4291247189752883,-1.4135187819034198,0.15296838994307843,0.15750324292111473,0.236,0.164,0.167,True,999,0.00011004204861819744,0.0026802089996635914,weak_5x5_bal_strong_500_500,weak_null,True,1832,947166935,-1.8318679906315083e-15,0,6
500,500,0.15434597161033814,0.09054187233789313,0.13767246398049338,0.07620702593089845,0.06380409927244501,0.06146543804959492,0.03216851828275849,1.9834329549036889,1.9107326457911131,0.04731908910069394,0.056038947249513325,0.137,0.056,0.062,True,999,0.00011416699271649122,0.002838499960489571,weak_5x5_bal_strong_500_500,weak_null,True,1833,947166935,-1.8318679906315083e-15,0,7
500,500,0.12118329212558843,0.12451215868565912,0.1045990507402621,0.11016458541490692,-0.003328866560070698,-0.005565534674644823,0.032361011628841356,-0.10286657902572756,-0.17198271606826432,0.9180688630241269,0.863451117111832,0.928,0.908,0.848,True,999,0.00011654198169708252,0.0027346659917384386,weak_5x5_bal_strong_500_500,weak_null,True,1834,947166935,-1.8318679906315083e-15,0,7
500,500,0.16152596838835898,0.1339065912368913,0.14471730350294365,0.11732827312519589,0.027619377151467672,0.02738903037774776,0.0327215282844134,0.844073568673255,0.8370339594069104,0.39862829652916154,0.4025734797339241,0.478,0.381,0.382,True,999,0.00011333299335092306,0.002699707983992994,weak_5x5_bal_strong_500_500,weak_null,True,1835,947166935,-1.8318679906315083e-15,0,5
500,500,0.1419276052469538,0.10093508988793032,0.12515547186023923,0.08508520075034198,0.040992515359023485,0.04007027110989725,0.031684970031906,1.2937526946607496,1.2646460157465023,0.19575085739353015,0.20599824983567272,0.318,0.204,0.207,True,999,0.0001278329873457551,0.0028022079495713115,weak_5x5_bal_strong_500_500,weak_null,True,1836,947166935,-1.8318679906315083e-15,0,7
500,500,0.11373086319796966,0.12306831091026571,0.09718412971642465,0.1099107567987403,-0.009337447712296054,-0.012726627082315645,0.03195016296671371,-0.29225039390327945,-0.3983274544037377,0.770095183792848,0.690388825580269,0.818,0.776,0.697,True,999,0.00011312495917081833,0.002673415932804346,weak_5x5_bal_strong_500_500,weak_null,True,1837,947166935,-1.8318679906315083e-15,0,8
500,500,0.11397830086909022,0.12853499582432648,0.09734762483083159,0.11251615945559479,-0.01455669495523626,-0.015168534624763197,0.03266399694280045,-0.44564953213555625,-0.4643808487774957,0.6558504251923603,0.6423749086021444,0.737,0.674,0.661,True,999,0.00011637492571026087,0.002693457994610071,weak_5x5_bal_strong_500_500,weak_null,True,1838,947166935,-1.8318679906315083e-15,0,7
500,500,0.12269754300185776,0.12907674516344148,0.10609618632577167,0.11498892636149094,-0.006379202161583719,-0.008892740035719271,0.03341570640434657,-0.19090430363471053,-0.26612455616268343,0.8486005683728035,0.7901432836233132,0.885,0.859,0.805,True,999,0.0001166659640148282,0.002745874924585223,weak_5x5_bal_strong_500_500,weak_null,True,1839,947166935,-1.8318679906315083e-15,0,7
500,500,0.09101884030117047,0.14228469982761444,0.0744296032304419,0.12580075910059918,-0.05126585952644397,-0.05137115587015728,0.03194588624507096,-1.604771867437359,-1.6080679520382224,0.10854401928561326,0.10782029720069608,0.192,0.094,0.093,True,999,0.00011466699652373791,0.002650666981935501,weak_5x5_bal_strong_500_500,weak_null,True,1840,947166935,-1.8318679906315083e-15,0,5
500,500,0.09363904915285537,0.11627299441700945,0.07710787284838716,0.09951858030527205,-0.022633945264154076,-0.022410707456884893,0.030576821773300653,-0.740232108881826,-0.7329312255877973,0.4591591677305993,0.4636003769902908,0.551,0.442,0.441,True,999,0.00011849997099488974,0.0027019999688491225,weak_5x5_bal_strong_500_500,weak_null,True,1841,947166935,-1.8318679906315083e-15,0,7
500,500,0.09565472026899813,0.16060972067249013,0.07912972940596319,0.14222783356666469,-0.064955000403492,-0.0630981041607015,0.032042836165616574,-2.027130184973816,-1.9691797515854306,0.04264910064022937,0.048932453227038035,0.1,0.049,0.049,True,999,0.00011087500024586916,0.0027311670128256083,weak_5x5_bal_strong_500_500,weak_null,True,1842,947166935,-1.8318679906315083e-15,0,5
500,500,0.11368782523873922,0.0935193061498612,0.09714784857146697,0.0787349818639882,0.020168519088878012,0.01841286670747877,0.02996299377091364,0.6731142836753669,0.6145202594993338,0.5008745874291769,0.5388715895929104,0.628,0.514,0.547,True,999,0.0001152500044554472,0.0027457079850137234,weak_5x5_bal_strong_500_500,weak_null,True,1843,947166935,-1.8318679906315083e-15,0,8
500,500,0.12723547567494564,0.09340128323245034,0.11045112433680515,0.07982174599621317,0.0338341924424953,0.030629378340591984,0.03001422576993366,1.1272718710734908,1.020495366942783,0.2596275514845484,0.307493585438084,0.363,0.24,0.283,True,999,0.00011445803102105856,0.0028182079549878836,weak_5x5_bal_strong_500_500,weak_null,True,1844,947166935,-1.8318679906315083e-15,0,7
500,500,0.14881468763234706,0.09067397813836597,0.1321789047801758,0.07167182373044056,0.05814070949398109,0.060507081049735234,0.03220492457586389,1.8053359931653088,1.878814555432386,0.07102212054276379,0.06026981888895178,0.155,0.08,0.068,True,999,0.00011641602031886578,0.002758291899226606,weak_5x5_bal_strong_500_500,weak_null,True,1845,947166935,-1.8318679906315083e-15,0,5
500,500,0.07507044490811299,0.0914479468692907,0.058571923166709894,0.07518910414651714,-0.01637750196117771,-0.016617180979807245,0.02741078222059171,-0.5974839327596603,-0.606227901344748,0.5501843310859793,0.5443634275216729,0.684,0.565,0.56,True,999,0.00011399993672966957,0.0026456660125404596,weak_5x5_bal_strong_500_500,weak_null,True,1846,947166935,-1.8318679906315083e-15,0,6
500,500,0.1109548450311606,0.13367548029524395,0.09439915558834855,0.11431194344976348,-0.022720635264083355,-0.019912787861414927,0.03223713711984855,-0.7047969296905761,-0.6176971542908671,0.48093661954424294,0.5367749881858024,0.562,0.489,0.534,True,999,0.00011729192920029163,0.0027789160376414657,weak_5x5_bal_strong_500_500,weak_null,True,1847,947166935,-1.8318679906315083e-15,0,4
500,500,0.11404000025438066,0.09517472770128477,0.097430306279648,0.07815052584498972,0.01886527255309589,0.019279780434658278,0.030006642252602547,0.6287032182502746,0.6425170891283611,0.5295433708126066,0.5205374971081024,0.651,0.517,0.511,True,999,0.00011729192920029163,0.0027488330379128456,weak_5x5_bal_strong_500_500,weak_null,True,1848,947166935,-1.8318679906315083e-15,0,6
500,500,0.14760156387995105,0.1086368975697607,0.13085608863843845,0.09360765748206745,0.038964666310190355,0.037248431156371,0.032393035358643595,1.202871724702181,1.1498901150809202,0.22902596368195038,0.25018913271438803,0.335,0.225,0.238,True,999,0.00011708401143550873,0.002650334034115076,weak_5x5_bal_strong_500_500,weak_null,True,1849,947166935,-1.8318679906315083e-15,0,7
500,500,0.12760315742637207,0.12159086460032631,0.1109841027495122,0.09763624991956021,0.006012292826045762,0.01334785282995199,0.03203019444994428,0.18770703485555082,0.4167271869301814,0.8511063152817195,0.6768779662996127,0.863,0.837,0.664,True,999,0.00011366605758666992,0.0027304580435156822,weak_5x5_bal_strong_500_500,weak_null,True,1850,947166935,-1.8318679906315083e-15,0,2
500,500,0.10085283831281422,0.10802824927662086,0.0842223423538826,0.0934835585489111,-0.007175410963806639,-0.00926121619502851,0.02998384486060189,-0.23930923459502587,-0.30887353633547987,0.8108658052494536,0.7574177281058635,0.844,0.798,0.731,True,999,0.00011529203038662672,0.002728374907746911,weak_5x5_bal_strong_500_500,weak_null,True,1851,947166935,-1.8318679906315083e-15,0,8
500,500,0.08793597301784173,0.12043811080300826,0.0713613967237734,0.10833742022472848,-0.03250213778516653,-0.03697602350095508,0.030848826877636754,-1.0535939636890475,-1.1986200852182198,0.2920688540024666,0.23067570464821752,0.432,0.321,0.252,True,999,0.00011941604316234589,0.0027012500213459134,weak_5x5_bal_strong_500_500,weak_null,True,1852,947166935,-1.8318679906315083e-15,0,8
500,500,0.1001876295008961,0.11626008909348706,0.08274114914320307,0.09915871128055187,-0.01607245959259096,-0.016417562137348796,0.029451063275956552,-0.5457344423184984,-0.5574522720458744,0.585248492886101,0.5772184598565908,0.698,0.616,0.611,True,999,0.00011625001206994057,0.002700084005482495,weak_5x5_bal_strong_500_500,weak_null,True,1853,947166935,-1.8318679906315083e-15,0,5
500,500,0.12265687976897244,0.09806020167269397,0.1060735444744978,0.08634303325430892,0.024596678096278468,0.019730511220188873,0.031346969458634785,0.7846588847683044,0.6294232444455309,0.4326535951959579,0.5290720042982913,0.516,0.391,0.495,True,999,0.00012283306568861008,0.0026832089060917497,weak_5x5_bal_strong_500_500,weak_null,True,1854,947166935,-1.8318679906315083e-15,0,9
500,500,0.09046947463999877,0.1217418071740598,0.07396218015094291,0.10365281337757892,-0.03127233253406103,-0.02969063322663601,0.03140143503489615,-0.9958886432836065,-0.945518355885362,0.3193042538708558,0.3443943040767583,0.418,0.322,0.342,True,999,0.00012133398558944464,0.0027004589792340994,weak_5x5_bal_strong_500_500,weak_null,True,1855,947166935,-1.8318679906315083e-15,0,5
500,500,0.12540342853068487,0.10392201197009893,0.10884155456892586,0.08391233196644521,0.021481416560585942,0.02492922260248065,0.03220062789500813,0.6671117293310941,0.7741843632293045,0.5047007685224307,0.43882177389225163,0.611,0.51,0.436,True,999,0.00013908289838582277,0.0026959580136463046,weak_5x5_bal_strong_500_500,weak_null,True,1856,947166935,-1.8318679906315083e-15,0,5
500,500,0.14059171981114016,0.1186988342619687,0.12400052183591015,0.10776894900513412,0.02189288554917146,0.01623157283077603,0.03357907421835026,0.651980022046214,0.4833835717217545,0.5144140603446099,0.6288234107017132,0.597,0.503,0.613,True,999,0.00011266604997217655,0.00270995800383389,weak_5x5_bal_strong_500_500,weak_null,True,1857,947166935,-1.8318679906315083e-15,0,9
500,500,0.12659519502690442,0.13221179172962144,0.10998144123357179,0.11739565267694729,-0.005616596702717025,-0.007414211443375507,0.033016120368439324,-0.17011679870436947,-0.22456337572790286,0.8649182826191671,0.8223189591112602,0.877,0.854,0.815,True,999,0.00011991697829216719,0.002766666002571583,weak_5x5_bal_strong_500_500,weak_null,True,1858,947166935,-1.8318679906315083e-15,0,7
500,500,0.12747681443232128,0.09186038544441416,0.11088548184773117,0.08249293015151693,0.03561642898790712,0.02839255169621424,0.03085031927073934,1.154491422773971,0.9203325076490789,0.24829875303682658,0.3573990264188144,0.359,0.24,0.335,True,999,0.00011966598685830832,0.002762916963547468,weak_5x5_bal_strong_500_500,weak_null,True,1859,947166935,-1.8318679906315083e-15,0,9
500,500,0.11097671760547567,0.13319436320577915,0.09433770057432866,0.11747448524747028,-0.02221764560030348,-0.02313678467314162,0.03165369820739382,-0.701897309272816,-0.7309346453469763,0.48274320707397267,0.4648190730658883,0.589,0.477,0.461,True,999,0.00011274998541921377,0.00266533310059458,weak_5x5_bal_strong_500_500,weak_null,True,1860,947166935,-1.8318679906315083e-15,0,6
500,500,0.13282835528727377,0.0950528360182038,0.11601142901588446,0.08112918894826748,0.03777551926906997,0.034882240067616976,0.031328558554829876,1.205785424278519,1.1134326530398009,0.2279002370133124,0.26552265760935023,0.365,0.222,0.257,True,999,0.00012370897457003593,0.0027137919096276164,weak_5x5_bal_strong_500_500,weak_null,True,1861,947166935,-1.8318679906315083e-15,0,8
500,500,0.115759548677969,0.132007578785233,0.09902678662786002,0.11717690468040587,-0.016248030107264,-0.01815011805254585,0.03104286098378978,-0.5234063353808959,-0.5846792942835917,0.6006915163581683,0.5587633790879247,0.664,0.589,0.55,True,999,0.00011720904149115086,0.0028277080273255706,weak_5x5_bal_strong_500_500,weak_null,True,1862,947166935,-1.8318679906315083e-15,0,7
500,500,0.0804848184385738,0.12863676736079266,0.0639519104122428,0.11070267660571176,-0.04815194892221886,-0.04675076619346896,0.03150676198202896,-1.5283052238019283,-1.4838327791391253,0.12643677354086244,0.1378532886661589,0.235,0.145,0.151,True,999,0.00013550010044127703,0.0026246669003739953,weak_5x5_bal_strong_500_500,weak_null,True,1863,947166935,-1.8318679906315083e-15,0,6
500,500,0.17900519833140116,0.11395681936816282,0.16214494318114703,0.09661583555705988,0.06504837896323834,0.06552910762408715,0.0340483066258824,1.9104732484343496,1.9245922666319644,0.05607230759474298,0.054280387648530666,0.12,0.057,0.053,True,999,0.00011141702998429537,0.0027300419751554728,weak_5x5_bal_strong_500_500,weak_null,True,1864,947166935,-1.8318679906315083e-15,0,5
500,500,0.12037857697754983,0.12168464589578049,0.10376016761404117,0.10435988187199996,-0.0013060689182306517,-0.0005997142579587944,0.0322244381747749,-0.04053038601160268,-0.018610541934234472,0.9676702824037298,0.985151793045814,0.971,0.964,0.986,True,999,0.00011641602031886578,0.0028396249981597066,weak_5x5_bal_strong_500_500,weak_null,True,1865,947166935,-1.8318679906315083e-15,0,5
500,500,0.1296684690015404,0.13264311486681224,0.11311073790341197,0.11900970302446012,-0.002974645865271852,-0.00589896512104815,0.03381920580425864,-0.08795729510884238,-0.17442648284500314,0.9299106181029133,0.8615303030259482,0.951,0.935,0.868,True,999,0.0001235411036759615,0.0026095000794157386,weak_5x5_bal_strong_500_500,weak_null,True,1866,947166935,-1.8318679906315083e-15,0,6
500,500,0.12533228551209974,0.09598532825302736,0.10847763045126158,0.07854742685799465,0.02934695725907238,0.029930203593266924,0.029466434028971252,0.9959453264761728,1.015738910376454,0.31927671052253037,0.3097537336689048,0.453,0.338,0.328,True,999,0.00011200003791600466,0.0026894169859588146,weak_5x5_bal_strong_500_500,weak_null,True,1867,947166935,-1.8318679906315083e-15,0,5
500,500,0.12887763303966326,0.12329320916596326,0.11214585891411843,0.10932499969311493,0.005584423873700006,0.002820859221003502,0.03255127417286929,0.17155776588169594,0.08665894938621545,0.8637852130147317,0.9309426072561935,0.911,0.875,0.937,True,999,0.00011416699271649122,0.0028022920014336705,weak_5x5_bal_strong_500_500,weak_null,True,1868,947166935,-1.8318679906315083e-15,0,7
500,500,0.11632517393969177,0.13478771847455256,0.0997524942331438,0.11533420512381554,-0.018462544534860792,-0.01558171089067173,0.0325151820809956,-0.5678130446531233,-0.4792133979707557,0.5701619212677334,0.6317868237967343,0.675,0.582,0.653,True,999,0.00011812499724328518,0.002756625064648688,weak_5x5_bal_strong_500_500,weak_null,True,1869,947166935,-1.8318679906315083e-15,0,4
500,500,0.1141649088535115,0.11344635659128516,0.09758462564275305,0.09380677824665895,0.0007185522622263352,0.003777847396094103,0.03106187585081851,0.02313293201213412,0.12162328554263901,0.9815442367626819,0.9031973711955176,0.982,0.977,0.895,True,999,0.00014295801520347595,0.0026360839838162065,weak_5x5_bal_strong_500_500,weak_null,True,1870,947166935,-1.8318679906315083e-15,0,5
500,500,0.11519648646323977,0.08692052133025924,0.09849323689525136,0.07502661882043071,0.02827596513298053,0.023466618074820644,0.029929719045444347,0.9447454247748598,0.7840574126068363,0.34478886021191146,0.43300642296848313,0.48,0.351,0.434,True,999,0.00013241602573543787,0.002862582914531231,weak_5x5_bal_strong_500_500,weak_null,True,1871,947166935,-1.8318679906315083e-15,0,9
500,500,0.13235557349597138,0.12895710548701067,0.11569109444315018,0.11149198141043826,0.003398468008960709,0.004199113032711921,0.033186872819211545,0.10240398447525222,0.1265293375361687,0.9184360211469054,0.8993129276653181,0.926,0.917,0.891,True,999,0.0001319169532507658,0.0027943330351263285,weak_5x5_bal_strong_500_500,weak_null,True,1872,947166935,-1.8318679906315083e-15,0,5
500,500,0.1260027613584236,0.12031112917881004,0.10938550059950103,0.10798907741244079,0.005691632179613548,0.0013964231870602362,0.032189764059249885,0.17681497040914254,0.04338096994093895,0.8596537296442477,0.9653978472062594,0.871,0.849,0.963,True,999,0.00011725001968443394,0.0027920830762013793,weak_5x5_bal_strong_500_500,weak_null,True,1873,947166935,-1.8318679906315083e-15,0,8
500,500,0.17529529146353706,0.1241622353181806,0.15863258504975875,0.11307096982264397,0.05113305614535646,0.04556161522711477,0.035998683332935655,1.4204146210696038,1.2656467128460187,0.1554870086731035,0.20563959403843102,0.229,0.163,0.21,True,999,0.0001218749675899744,0.0028253330383449793,weak_5x5_bal_strong_500_500,weak_null,True,1874,947166935,-1.8318679906315083e-15,0,9
500,500,0.11735960011872626,0.08648155077842079,0.10066028523112891,0.07215205224918009,0.03087804934030547,0.028508232981948822,0.029686924289890206,1.0401228850380064,0.9602959438831868,0.2982828126576069,0.3369062908849956,0.449,0.304,0.342,True,999,0.00012029195204377174,0.002695249975658953,weak_5x5_bal_strong_500_500,weak_null,True,1875,947166935,-1.8318679906315083e-15,0,7
500,500,0.09111994912929422,0.12254707207836085,0.07461415824707274,0.10422247197757883,-0.03142712294906663,-0.029608313730506097,0.030974816044427395,-1.0146024080979363,-0.9558834405356496,0.3102953909958899,0.33913112605622686,0.432,0.311,0.338,True,999,0.00012158299796283245,0.002747457940131426,weak_5x5_bal_strong_500_500,weak_null,True,1876,947166935,-1.8318679906315083e-15,0,5
500,500,0.11386694907958494,0.1299546060894224,0.09732603608722457,0.11801492714661777,-0.01608765700983744,-0.0206888910593932,0.033085166474621244,-0.486249843179053,-0.6253222596072805,0.6267900360416118,0.531759573349887,0.681,0.619,0.516,True,999,0.00012145796790719032,0.0027636659797281027,weak_5x5_bal_strong_500_500,weak_null,True,1877,947166935,-1.8318679906315083e-15,0,9
500,500,0.13285595113545368,0.15584498436613448,0.11623101721772855,0.14064842895297147,-0.0229890332306808,-0.024417411735242922,0.034277944509170565,-0.6706654544157518,-0.7123359374337747,0.5024336747033167,0.47625677521178456,0.57,0.499,0.466,True,999,0.00014049990568310022,0.002659916994161904,weak_5x5_bal_strong_500_500,weak_null,True,1878,947166935,-1.8318679906315083e-15,0,7
500,500,0.1247246915015201,0.1388075971377577,0.10811002054015262,0.12487942092650428,-0.014082905636237597,-0.016769400386351663,0.03315480070094463,-0.42476218642558017,-0.5057910176451123,0.671010045728675,0.6130033648720954,0.739,0.682,0.629,True,999,0.00012229103595018387,0.0027699170168489218,weak_5x5_bal_strong_500_500,weak_null,True,1879,947166935,-1.8318679906315083e-15,0,8
500,500,0.11612826742242177,0.1272145720756394,0.099514480438188,0.1120276064323491,-0.011086304653217638,-0.0125131259941611,0.031247455762631996,-0.3547906343938394,-0.400452634903006,0.7227464452172172,0.6888231631306725,0.802,0.752,0.714,True,999,0.00012258300557732582,0.002697707968764007,weak_5x5_bal_strong_500_500,weak_null,True,1880,947166935,-1.8318679906315083e-15,0,7
500,500,0.09463549825060924,0.12325163651524884,0.07806780923340284,0.11190485437575148,-0.0286161382646396,-0.03383704514234864,0.030287611272628065,-0.9448133102032041,-1.1171909477367177,0.3447541953680696,0.263912690256053,0.468,0.342,0.266,True,999,0.0001136659411713481,0.002702833036892116,weak_5x5_bal_strong_500_500,weak_null,True,1881,947166935,-1.8318679906315083e-15,0,8
500,500,0.10364679635277918,0.1647301930854828,0.08616889521272242,0.14998095863586514,-0.06108339673270363,-0.06381206342314272,0.03361214442602589,-1.8173013884055176,-1.898482364419838,0.0691709775028854,0.05763256876409214,0.115,0.074,0.058,True,999,0.00011754210572689772,0.002771875006146729,weak_5x5_bal_strong_500_500,weak_null,True,1882,947166935,-1.8318679906315083e-15,0,8
500,500,0.10224394084512656,0.11258353758135176,0.08570845013070993,0.09769587606646724,-0.010339596736225198,-0.011987425935757301,0.03115192922271719,-0.3319087130143184,-0.3848052507456138,0.7399581909737254,0.7003817086073325,0.793,0.715,0.675,True,999,0.00011866702698171139,0.0027010830817744136,weak_5x5_bal_strong_500_500,weak_null,True,1883,947166935,-1.8318679906315083e-15,0,7
500,500,0.14909601824555319,0.11058642914828504,0.13156173247671177,0.09144529998064854,0.03850958909726815,0.040116432496063226,0.03198033043368222,1.2041648280378368,1.2544095683830685,0.22852587729734963,0.20969317647577967,0.333,0.234,0.219,True,999,0.00011699995957314968,0.0027331250021234155,weak_5x5_bal_strong_500_500,weak_null,True,1884,947166935,-1.8318679906315083e-15,0,5
500,500,0.08401981049821505,0.17096993537057148,0.06748799780257286,0.1594467754430582,-0.08695012487235643,-0.09195877764048532,0.03274436249130758,-2.6554227432413287,-2.808385036199651,0.00792090748114473,0.004979065642465541,0.031,0.008,0.004,True,999,0.00014362495858222246,0.002688208012841642,weak_5x5_bal_strong_500_500,weak_null,True,1885,947166935,-1.8318679906315083e-15,0,8
500,500,0.11227472048754694,0.11391255706490244,0.09571480917747976,0.09794193894825298,-0.0016378365773555004,-0.0022271297707732174,0.032020024233387887,-0.051150385315689335,-0.06955428123789323,0.9592056868339,0.9445484270481336,0.973,0.966,0.949,True,999,0.00011729204561561346,0.0026881659869104624,weak_5x5_bal_strong_500_500,weak_null,True,1886,947166935,-1.8318679906315083e-15,0,6
500,500,0.09103346560475911,0.12028070789151563,0.07448538562448448,0.11043337377753915,-0.029247242286756514,-0.035947988153054666,0.030528756141959993,-0.958022729480219,-1.1775123750831844,0.33805129723170024,0.23899106114311497,0.471,0.351,0.248,True,999,0.0001157920341938734,0.002724874997511506,weak_5x5_bal_strong_500_500,weak_null,True,1887,947166935,-1.8318679906315083e-15,0,10
500,500,0.11021499100874133,0.07177268089133437,0.09273676707118739,0.058036124069957395,0.03844231011740695,0.03470064300122999,0.027213466934936193,1.412620825171502,1.27512760811383,0.15776724247951823,0.20226407896475485,0.298,0.153,0.201,True,999,0.0001163750421255827,0.002823874936439097,weak_5x5_bal_strong_500_500,weak_null,True,1888,947166935,-1.8318679906315083e-15,0,8
500,500,0.08832149608456641,0.1362533307950493,0.07181732877188551,0.120150939991305,-0.0479318347104829,-0.04833361121941948,0.03158567520196118,-1.517518128202204,-1.5302383409685163,0.12913592007610653,0.1259577441976628,0.233,0.121,0.117,True,999,0.00012199999764561653,0.0026702919276431203,weak_5x5_bal_strong_500_500,weak_null,True,1889,947166935,-1.8318679906315083e-15,0,6
500,500,0.1413092610718789,0.08909681502018879,0.1245707635631561,0.069170781347907,0.05221244605169012,0.05539998221524911,0.03063033784062748,1.704599091376542,1.8086637667367695,0.08826922094817166,0.07050325531550332,0.218,0.106,0.09,True,999,0.0001252919901162386,0.0027211669366806746,weak_5x5_bal_strong_500_500,weak_null,True,1890,947166935,-1.8318679906315083e-15,0,5
500,500,0.11904993014669296,0.1338142745451133,0.10245313343182261,0.11750388076453078,-0.014764344398420337,-0.01505074733270817,0.032801046605962884,-0.45011808848002843,-0.4588496066455423,0.652625294676364,0.6463421688488995,0.702,0.636,0.631,True,999,0.00013229192700237036,0.0028074580477550626,weak_5x5_bal_strong_500_500,weak_null,True,1891,947166935,-1.8318679906315083e-15,0,5
500,500,0.0869034757954592,0.12365263546167843,0.07032720309666729,0.1103431330626563,-0.03674915966621922,-0.04001592996598902,0.03075310627398469,-1.1949739105641772,-1.3011996124710214,0.23209722353393003,0.1931901378976414,0.391,0.266,0.229,True,999,0.00011679204180836678,0.002625291934236884,weak_5x5_bal_strong_500_500,weak_null,True,1892,947166935,-1.8318679906315083e-15,0,7
500,500,0.08152318737263031,0.09577592351697672,0.0649659359639827,0.08260563447402092,-0.014252736144346412,-0.017639698510038215,0.028840400725056968,-0.49419341569562253,-0.6116315330775756,0.621169589367029,0.540781570266601,0.683,0.577,0.504,True,999,0.0001153749180957675,0.0026567920576781034,weak_5x5_bal_strong_500_500,weak_null,True,1893,947166935,-1.8318679906315083e-15,0,8
500,500,0.1447145729120356,0.13434933136412613,0.12808059957455953,0.12237595250206823,0.010365241547909465,0.005704647072491298,0.034267868283618406,0.3024769869582031,0.1664721897865581,0.7622884740867895,0.8677853671143155,0.824,0.778,0.879,True,999,0.00013816694263368845,0.0027626249939203262,weak_5x5_bal_strong_500_500,weak_null,True,1894,947166935,-1.8318679906315083e-15,0,8
500,500,0.12499741632123995,0.1133277840411811,0.10829242397278449,0.09727074676882808,0.01166963228005885,0.011021677203956415,0.03153486605739393,0.370054918223529,0.34950765872595735,0.7113415714309053,0.7267082220919896,0.756,0.702,0.711,True,999,0.00012645800597965717,0.002674999996088445,weak_5x5_bal_strong_500_500,weak_null,True,1895,947166935,-1.8318679906315083e-15,0,6
500,500,0.115143286747174,0.1360414397220026,0.09857397556459091,0.11935998555648553,-0.02089815297482861,-0.020786009991894616,0.03387721436827129,-0.6168793203493553,-0.6135690427770936,0.537314327855097,0.5395001455975318,0.625,0.552,0.552,True,999,0.00011475000064820051,0.002691791974939406,weak_5x5_bal_strong_500_500,weak_null,True,1896,947166935,-1.8318679906315083e-15,0,7
500,500,0.09995957749150453,0.09575312951993786,0.08343597712132578,0.07735114206141702,0.0042064479715666625,0.006084835059908755,0.029754990079903485,0.1413694966884797,0.204497969704196,0.8875780503479469,0.8379643784142995,0.903,0.87,0.824,True,999,0.00012212491128593683,0.002751208026893437,weak_5x5_bal_strong_500_500,weak_null,True,1897,947166935,-1.8318679906315083e-15,0,4
500,500,0.15977843846622264,0.113169513377326,0.14301553929772126,0.10162462857240939,0.046608925088896636,0.04139091072531187,0.03284048713305434,1.4192519404495738,1.260362264348126,0.1558255780175676,0.20753870798276253,0.252,0.144,0.197,True,999,0.00011187500786036253,0.0026765000075101852,weak_5x5_bal_strong_500_500,weak_null,True,1898,947166935,-1.8318679906315083e-15,0,8
500,500,0.1389219876282899,0.1556509672029298,0.12231039041466829,0.14543640023779858,-0.016728979574639924,-0.02312600982313029,0.03465709442596534,-0.48270000274767566,-0.6672806883027136,0.62930876129981,0.5045928594263074,0.685,0.643,0.503,True,999,0.00011183391325175762,0.002733000088483095,weak_5x5_bal_strong_500_500,weak_null,True,1899,947166935,-1.8318679906315083e-15,0,9
500,500,0.1201119742761072,0.11582195416236013,0.10346576907454619,0.09976161929000682,0.004290020113747073,0.003704149784539368,0.03264149980098607,0.13142840065264022,0.1134797667730779,0.8954364230481728,0.9096502032300697,0.926,0.898,0.91,True,999,0.0001193339703604579,0.002730750013142824,weak_5x5_bal_strong_500_500,weak_null,True,1900,947166935,-1.8318679906315083e-15,0,5
500,500,0.10002504161766312,0.14018756213538264,0.08343003694392337,0.12814884855970377,-0.04016252051771951,-0.044718811615780396,0.03193263388219205,-1.2577265209593953,-1.4004109958721207,0.2084906774552463,0.1613902791318238,0.295,0.217,0.162,True,999,0.0001188330352306366,0.002738167066127062,weak_5x5_bal_strong_500_500,weak_null,True,1901,947166935,-1.8318679906315083e-15,0,8
500,500,0.13101348801154789,0.12954629045906257,0.11440721656697406,0.10803359663643164,0.001467197552485311,0.006373619930542418,0.03270039891856128,0.04486787932279644,0.1949095467127359,0.964212619636232,0.8454637603324044,0.969,0.963,0.833,True,999,0.00011729204561561346,0.002762916963547468,weak_5x5_bal_strong_500_500,weak_null,True,1902,947166935,-1.8318679906315083e-15,0,3
500,500,0.10018085389681053,0.11554495484220939,0.08360365843611817,0.0985811265877885,-0.015364100945398862,-0.014977468151670337,0.030736927324861465,-0.49985806268187577,-0.4872792909119403,0.6171750234146827,0.6260604214065649,0.726,0.625,0.638,True,999,0.00011687492951750755,0.0028358750278130174,weak_5x5_bal_strong_500_500,weak_null,True,1903,947166935,-1.8318679906315083e-15,0,7
500,500,0.12493145604607503,0.18262556168819888,0.10828948780181236,0.1694980730506188,-0.05769410564212385,-0.06120858524880646,0.035392566850881116,-1.630119281407461,-1.729419216941668,0.10307628934574795,0.08373409311693275,0.185,0.139,0.112,True,999,0.00011945795267820358,0.002706542029045522,weak_5x5_bal_strong_500_500,weak_null,True,1904,947166935,-1.8318679906315083e-15,0,8
500,500,0.10266653254457281,0.1525324818022864,0.08606722528440969,0.13712254639096955,-0.04986594925771359,-0.05105532110655986,0.033027130028429566,-1.509848092001614,-1.545860056947477,0.13108219036492802,0.12213836895661628,0.257,0.132,0.124,True,999,0.00011970789637416601,0.0027556250570341945,weak_5x5_bal_strong_500_500,weak_null,True,1905,947166935,-1.8318679906315083e-15,0,6
500,500,0.10722530093463445,0.08750417866426352,0.09069334031585186,0.07435852629754436,0.019721122270370928,0.016334814018307497,0.030523592798180132,0.6460943965792498,0.5351537129430388,0.5182182240510416,0.5925435704016301,0.628,0.519,0.589,True,999,0.00012104201596230268,0.0028093750588595867,weak_5x5_bal_strong_500_500,weak_null,True,1906,947166935,-1.8318679906315083e-15,0,8
500,500,0.09805273596585051,0.0893220813417559,0.0815189585105145,0.07219654058394553,0.008730654624094614,0.00932241792656896,0.029571018615249973,0.2952436213878732,0.3152552182210364,0.7678077813129175,0.7525678832839504,0.825,0.77,0.748,True,999,0.00011933292262256145,0.002680749981664121,weak_5x5_bal_strong_500_500,weak_null,True,1907,947166935,-1.8318679906315083e-15,0,5
500,500,0.13386708376448042,0.10673324231533254,0.11724760569984483,0.08686572779524226,0.027133841449147877,0.03038187790460256,0.032342295778648555,0.8389584225823836,0.9393853210834772,0.4014926415327559,0.34753294675812274,0.524,0.421,0.364,True,999,0.00011841603554785252,0.002731667016632855,weak_5x5_bal_strong_500_500,weak_null,True,1908,947166935,-1.8318679906315083e-15,0,5
500,500,0.11968701338054544,0.11597083306617306,0.10308457716348585,0.09902278986641022,0.003716180314372375,0.004061787297075625,0.030727704421022236,0.12093908036390655,0.13218648687263373,0.9037392876827741,0.8948367892403635,0.935,0.911,0.901,True,999,0.00011829100549221039,0.0027380420360714197,weak_5x5_bal_strong_500_500,weak_null,True,1909,947166935,-1.8318679906315083e-15,0,6
500,500,0.1236987830218077,0.15255970443779565,0.10711990841593888,0.13261258407990795,-0.02886092141598795,-0.025492675663969067,0.03423414877978129,-0.8430448089024264,-0.7446563321307132,0.39920338381564524,0.4564795040424804,0.489,0.405,0.459,True,999,0.0001129999291151762,0.002677542041055858,weak_5x5_bal_strong_500_500,weak_null,True,1910,947166935,-1.8318679906315083e-15,0,5
500,500,0.10751280995791679,0.14644359649514904,0.09090592000518427,0.13844543143187593,-0.038930786537232254,-0.04753951142669166,0.032675061414868596,-1.1914525895739259,-1.4549172784434028,0.23347595815428912,0.1456921637803435,0.323,0.24,0.144,True,999,0.00011395895853638649,0.0027501670410856605,weak_5x5_bal_strong_500_500,weak_null,True,1911,947166935,-1.8318679906315083e-15,0,10
500,500,0.1295675128114917,0.10095722811083108,0.11298643353291027,0.08142470843634442,0.028610284700660626,0.03156172509656585,0.03124817374072051,0.915582617341174,1.0100342297904195,0.35988585187745004,0.31247889075825286,0.478,0.369,0.317,True,999,0.00011700007598847151,0.002705959021113813,weak_5x5_bal_strong_500_500,weak_null,True,1912,947166935,-1.8318679906315083e-15,0,4
500,500,0.13295417548461952,0.10312481918468741,0.11636108621462427,0.0851555580517811,0.029829356299932108,0.031205528162843166,0.03216265150521297,0.9274532696751486,0.9702411555771553,0.3536912436965334,0.3319263009096365,0.462,0.359,0.345,True,999,0.00011416699271649122,0.002701665973290801,weak_5x5_bal_strong_500_500,weak_null,True,1913,947166935,-1.8318679906315083e-15,0,6
500,500,0.11881668408673018,0.11809184693545005,0.10216835849053041,0.10255366886320871,0.0007248371512801333,-0.0003853103726783047,0.031169983467505033,0.02325433223395136,-0.012361584120825535,0.9814473994501317,0.9901371340722891,0.978,0.975,0.987,True,999,0.00011399993672966957,0.0028121250215917826,weak_5x5_bal_strong_500_500,weak_null,True,1914,947166935,-1.8318679906315083e-15,0,6
500,500,0.12252292687200339,0.13042071680391243,0.10595792055755737,0.11277322768785325,-0.007897789931909038,-0.006815307130295878,0.031906282054810824,-0.24753087552920353,-0.21360392660567817,0.804497399570745,0.8308559370820852,0.86,0.822,0.845,True,999,0.00011233298573642969,0.00270008307415992,weak_5x5_bal_strong_500_500,weak_null,True,1915,947166935,-1.8318679906315083e-15,0,6
500,500,0.1291284896887206,0.1333270522914179,0.11362295038065895,0.11324288431470109,-0.004198562602697298,0.0003800660659578625,0.031161518130478776,-0.1347354960408917,0.012196647941427592,0.892821007288577,0.9902687241824648,0.916,0.896,0.991,True,999,0.0001225409796461463,0.0027176669100299478,weak_5x5_bal_strong_500_500,weak_null,True,1916,947166935,-1.8318679906315083e-15,1,4
500,500,0.10693387760493733,0.09998180718262106,0.09035370866160974,0.08419013262994213,0.00695207042231627,0.006163576031667617,0.03027197996346939,0.22965364111318975,0.20360663686701339,0.818360921087714,0.8386609063191053,0.875,0.823,0.845,True,999,0.00012000009883195162,0.0027843749849125743,weak_5x5_bal_strong_500_500,weak_null,True,1917,947166935,-1.8318679906315083e-15,0,7
500,500,0.11806784228478229,0.14900728770004545,0.10149873505838514,0.13238920484008077,-0.030939445415263167,-0.03089046978169563,0.03302857291902857,-0.9367478725500186,-0.9352650463410992,0.348888264777939,0.3496517240170557,0.439,0.35,0.348,True,999,0.00011895806528627872,0.0026988330064341426,weak_5x5_bal_strong_500_500,weak_null,True,1918,947166935,-1.8318679906315083e-15,0,5
500,500,0.1265010533211246,0.11204161588593942,0.1098989440895366,0.10061562854113504,0.014459437435185185,0.00928331554840156,0.03174664502587863,0.455463480421267,0.29241879073628607,0.648775834886961,0.7699664428507287,0.7,0.639,0.759,True,999,0.00011504197027534246,0.002709625056013465,weak_5x5_bal_strong_500_500,weak_null,True,1919,947166935,-1.8318679906315083e-15,0,8
500,500,0.08265529379068193,0.1487733590892225,0.06616479511103535,0.13663611371976003,-0.06611806529854058,-0.07047131860872469,0.03203120132887978,-2.064176882398963,-2.200083533713322,0.03900094854137819,0.02780096892261516,0.102,0.035,0.029,True,999,0.00011916703078895807,0.002745957928709686,weak_5x5_bal_strong_500_500,weak_null,True,1920,947166935,-1.8318679906315083e-15,0,8
500,500,0.11985326642251448,0.15007342523972245,0.10322501899372583,0.13909757464480776,-0.030220158817207965,-0.03587255565108194,0.03306824561824823,-0.9138724553482633,-1.0848037136656015,0.3607838686737891,0.2780086003874831,0.482,0.383,0.291,True,999,0.00011604104656726122,0.00271162495482713,weak_5x5_bal_strong_500_500,weak_null,True,1921,947166935,-1.8318679906315083e-15,0,9
500,500,0.11854749565805034,0.14018517082782478,0.10199483755889105,0.12606298675510175,-0.02163767516977444,-0.024068149196210697,0.03382770380223981,-0.639643627491552,-0.7114922531223384,0.5224043123130787,0.4767792497120059,0.595,0.527,0.494,True,999,0.00011858309153467417,0.0026973329950124025,weak_5x5_bal_strong_500_500,weak_null,True,1922,947166935,-1.8318679906315083e-15,0,7
500,500,0.08424909633322608,0.1310813146929165,0.06774568077105414,0.11694258330592788,-0.046832218359690425,-0.04919690253487374,0.030518235599798278,-1.5345650703345373,-1.6120493720547504,0.12489069815898791,0.10695119643527981,0.255,0.141,0.123,True,999,0.0001176249934360385,0.002812958089634776,weak_5x5_bal_strong_500_500,weak_null,True,1923,947166935,-1.8318679906315083e-15,0,7
500,500,0.12769363111588872,0.12039732913679768,0.11111027355116221,0.10009615799305038,0.0072963019790910355,0.011014115558111826,0.032696222624733935,0.22315427879340263,0.33686201872689425,0.8234154349006291,0.7362209182494217,0.868,0.839,0.765,True,999,0.00013062497600913048,0.0026697920402511954,weak_5x5_bal_strong_500_500,weak_null,True,1924,947166935,-1.8318679906315083e-15,0,4
500,500,0.1212628426622171,0.12899521347244103,0.10372317290409683,0.11152103764368348,-0.007732370810223932,-0.007797864739586657,0.03166803876284144,-0.24416955114053104,-0.24623769087767114,0.8070995081306841,0.8054982404795896,0.839,0.806,0.805,True,999,0.00011374999303370714,0.0027320419903844595,weak_5x5_bal_strong_500_500,weak_null,True,1925,947166935,-1.8318679906315083e-15,0,5
500,500,0.12629136448381217,0.10637720350217028,0.10965526444897478,0.0967842263243881,0.019914160981641893,0.012871038124586676,0.031205780025094863,0.6381561674032007,0.41245686261443,0.5233720270581621,0.6800045924662315,0.621,0.537,0.673,True,999,0.0001223330618813634,0.0028368750354275107,weak_5x5_bal_strong_500_500,weak_null,True,1926,947166935,-1.8318679906315083e-15,0,10
500,500,0.1345295376447937,0.10339694457900794,0.11792644782337902,0.09236770128865146,0.031132593065785752,0.02555874653472756,0.030857845620543577,1.008903649613804,0.8282738480521743,0.3130208447375755,0.4075154298894411,0.444,0.317,0.399,True,999,0.0001212080242112279,0.0026498330989852548,weak_5x5_bal_strong_500_500,weak_null,True,1927,947166935,-1.8318679906315083e-15,0,9
500,500,0.11624991486394332,0.09499293636654443,0.09962242361723384,0.0811039559675919,0.021256978497398882,0.018518467649641934,0.030608442544565514,0.6944808925331298,0.6050117585264024,0.4873806795080431,0.5451711838377771,0.577,0.466,0.528,True,999,0.0001115420600399375,0.0027259999187663198,weak_5x5_bal_strong_500_500,weak_null,True,1928,947166935,-1.8318679906315083e-15,0,8
500,500,0.11756966835482752,0.15118728911196655,0.10089433387838653,0.13676595587509155,-0.03361762075713903,-0.035871621996705016,0.03269116449699715,-1.0283396530651878,-1.0972879843420693,0.30379008461414203,0.27251552176543803,0.404,0.304,0.27,True,999,0.00011458306107670069,0.0027899579145014286,weak_5x5_bal_strong_500_500,weak_null,True,1929,947166935,-1.8318679906315083e-15,0,7
500,500,0.0977076542882589,0.10723231283052898,0.08108288489245297,0.09131297976207975,-0.009524658542270081,-0.010230094869626782,0.030328372294946518,-0.3140510954442858,-0.3373110422853579,0.7534822318692378,0.7358824364473232,0.828,0.76,0.745,True,999,0.00011074997019022703,0.002793292049318552,weak_5x5_bal_strong_500_500,weak_null,True,1930,947166935,-1.8318679906315083e-15,0,7
500,500,0.08261767250730045,0.09377919565018511,0.06611647621434713,0.07930820944235961,-0.011161523142884655,-0.013191733228012481,0.02845623229458987,-0.392234749398173,-0.4635797561478477,0.6948847707732628,0.6429488609348043,0.79,0.718,0.667,True,999,0.0001177079975605011,0.00265112507622689,weak_5x5_bal_strong_500_500,weak_null,True,1931,947166935,-1.8318679906315083e-15,0,8
500,500,0.12385433538639212,0.12504045419837395,0.10728508828310623,0.11019404883646189,-0.0011861188119818289,-0.002908960553355655,0.03291998570552363,-0.036030356227731,-0.0883645752272475,0.9712581538932727,0.9295869159973558,0.973,0.97,0.93,True,999,0.0001105000264942646,0.0027263329830020666,weak_5x5_bal_strong_500_500,weak_null,True,1932,947166935,-1.8318679906315083e-15,0,7
500,500,0.09448019082112147,0.12447622417646792,0.07796461142629596,0.108100969945923,-0.029996033355346452,-0.030136358519627038,0.031246499906886938,-0.9599805880573243,-0.9644714963094085,0.3370649848357561,0.3348095922092412,0.469,0.353,0.356,True,999,0.00011254206765443087,0.0026557910023257136,weak_5x5_bal_strong_500_500,weak_null,True,1933,947166935,-1.8318679906315083e-15,0,6
500,500,0.08472953949354611,0.08302701952683256,0.06822673896215292,0.07264690572978338,0.001702519966713556,-0.004420166767630462,0.029124200843599526,0.058457225173535014,-0.1517695469608691,0.9533844335628622,0.879368701854069,0.971,0.959,0.894,True,999,0.00011737493332475424,0.0027325829723849893,weak_5x5_bal_strong_500_500,weak_null,True,1934,947166935,-1.8318679906315083e-15,0,9
500,500,0.11025997867902393,0.09988547273309711,0.09349986793995413,0.08269905405089162,0.010374505945926815,0.01080081388906251,0.03069812941972917,0.3379523815304295,0.3518394799039778,0.7353990726343269,0.7249586485703969,0.803,0.739,0.722,True,999,0.0001181670231744647,0.002795125008560717,weak_5x5_bal_strong_500_500,weak_null,True,1935,947166935,-1.8318679906315083e-15,0,6
500,500,0.10195776180800076,0.13703217161839415,0.08541823077337085,0.11979183055427711,-0.03507440981039339,-0.03437359978090626,0.03171564373618015,-1.1059025035768602,-1.0838058362250425,0.26876872106381045,0.27845089698665415,0.4,0.274,0.285,True,999,0.00011999998241662979,0.002660167054273188,weak_5x5_bal_strong_500_500,weak_null,True,1936,947166935,-1.8318679906315083e-15,0,5
500,500,0.12479527511736555,0.13213763494502861,0.10823141675200532,0.11381281538572807,-0.00734235982766307,-0.005581398633722756,0.03407790489205543,-0.21545807616168305,-0.1637835028709158,0.8294101948198207,0.8699015790984789,0.855,0.833,0.868,True,999,0.00011658307630568743,0.002740416908636689,weak_5x5_bal_strong_500_500,weak_null,True,1937,947166935,-1.8318679906315083e-15,0,5
500,500,0.14932427744293997,0.09399386081624661,0.1325615943160301,0.07365869718481122,0.05533041662669336,0.05890289713121888,0.03221645909050075,1.7174580381804878,1.8283479561100127,0.085895515127066,0.06749734681919496,0.189,0.09,0.064,True,999,0.00011995900422334671,0.0027590839890763164,weak_5x5_bal_strong_500_500,weak_null,True,1938,947166935,-1.8318679906315083e-15,0,4
500,500,0.12389967554815096,0.11576213827413545,0.10730093163942911,0.10176885439219063,0.008137537274015505,0.005532077247238476,0.03224836208667437,0.25233955300254113,0.17154599146368535,0.800778618181263,0.8637944704110745,0.851,0.804,0.875,True,999,0.00011316605377942324,0.002637999947182834,weak_5x5_bal_strong_500_500,weak_null,True,1939,947166935,-1.8318679906315083e-15,0,6
500,500,0.12659436774546107,0.09599366522890068,0.10988110088464964,0.07592072139365769,0.030600702516560385,0.033960379490991954,0.0304220570832813,1.0058722338463186,1.1163077959529295,0.314477034366371,0.26429040571461493,0.47,0.342,0.281,True,999,0.00011612509842962027,0.002735750051215291,weak_5x5_bal_strong_500_500,weak_null,True,1940,947166935,-1.8318679906315083e-15,0,4
500,500,0.10567305976320562,0.13022075065261102,0.08909080044929851,0.12153144907452429,-0.024547690889405394,-0.032440648625225776,0.03287834489287215,-0.7466218560997943,-0.9866873995916606,0.45529185161668684,0.3237959090663888,0.55,0.47,0.343,True,999,0.00012387498281896114,0.0026928751030936837,weak_5x5_bal_strong_500_500,weak_null,True,1941,947166935,-1.8318679906315083e-15,0,11
500,500,0.11771254698717648,0.13295887463058742,0.10110677041780036,0.12192857144711411,-0.01524632764341094,-0.020821801029313747,0.032968221686451825,-0.4624552633870563,-0.6315718581166418,0.6437548767244562,0.5276666804399097,0.695,0.636,0.518,True,999,0.00011258304584771395,0.0026995829539373517,weak_5x5_bal_strong_500_500,weak_null,True,1942,947166935,-1.8318679906315083e-15,0,9
500,500,0.11616617202616997,0.11662536794884348,0.09963156845344656,0.10539643232581852,-0.0004591959226735165,-0.005764863872371961,0.03240774233866975,-0.014169327745042953,-0.17788538961238218,0.9886948904440629,0.8588129852463318,0.993,0.993,0.844,True,999,0.00011570798233151436,0.002796540968120098,weak_5x5_bal_strong_500_500,weak_null,True,1943,947166935,-1.8318679906315083e-15,0,8
500,500,0.11186634210093693,0.15890060606883882,0.09529801684016093,0.13917825814425555,-0.04703426396790189,-0.043880241304094625,0.03230804108821525,-1.4558067398601338,-1.3581832827401126,0.14544605207363379,0.17440553379002688,0.246,0.148,0.171,True,999,0.00011741591151803732,0.0027018750552088022,weak_5x5_bal_strong_500_500,weak_null,True,1944,947166935,-1.8318679906315083e-15,0,3
500,500,0.10953424968179748,0.1076985317915124,0.09298739717564786,0.09456108666583418,0.0018357178902850824,-0.0015736894901863252,0.03188841381148109,0.05756692387202249,-0.04934988298539123,0.9540935968884573,0.9606404670428507,0.966,0.949,0.961,True,999,0.00011595792602747679,0.00270695798099041,weak_5x5_bal_strong_500_500,weak_null,True,1945,947166935,-1.8318679906315083e-15,0,8
500,500,0.11472696076874689,0.12584106929965133,0.09810157601293668,0.10816389111175795,-0.011114108530904443,-0.010062315098821273,0.031033248636638124,-0.358135516556363,-0.32424304708278645,0.7202419010636841,0.7457540341044122,0.786,0.735,0.764,True,999,0.00012141698971390724,0.002796792075969279,weak_5x5_bal_strong_500_500,weak_null,True,1946,947166935,-1.8318679906315083e-15,0,6
500,500,0.11099629321514537,0.12242715977657659,0.0943951819627955,0.1098781053654534,-0.011430866561431219,-0.015482923402657889,0.031401961666949856,-0.3640175949091121,-0.4930559296540209,0.7158448706154473,0.6219730689923724,0.794,0.734,0.633,True,999,0.00013145804405212402,0.0027546249330043793,weak_5x5_bal_strong_500_500,weak_null,True,1947,947166935,-1.8318679906315083e-15,0,9
500,500,0.12338004971994243,0.1316218365396859,0.10676949144067294,0.11692256717955729,-0.008241786819743468,-0.010153075738884354,0.03401686544304883,-0.24228531090090888,-0.2984718199824341,0.8085590949574774,0.7653430808865348,0.852,0.825,0.795,True,999,0.00011475000064820051,0.0026158749824389815,weak_5x5_bal_strong_500_500,weak_null,True,1948,947166935,-1.8318679906315083e-15,0,8
500,500,0.14912324910485664,0.13585242430513111,0.13139288331683474,0.12395998545517273,0.013270824799725522,0.007432897861662013,0.03428451088310716,0.3870793095159596,0.21680046383057455,0.6986974946148714,0.8283638504719567,0.751,0.696,0.831,True,999,0.00011229095980525017,0.002799374982714653,weak_5x5_bal_strong_500_500,weak_null,True,1949,947166935,-1.8318679906315083e-15,0,9
500,500,0.1217737114822175,0.09890195376168581,0.10430917651967775,0.08310143663348413,0.022871757720531682,0.02120773988619362,0.031608375430808376,0.7235980150450505,0.6709531760851791,0.46931256037391256,0.5022503590288202,0.581,0.488,0.513,True,999,0.00011754198931157589,0.002677416894584894,weak_5x5_bal_strong_500_500,weak_null,True,1950,947166935,-1.8318679906315083e-15,0,7
500,500,0.0993422607090757,0.1460184638595221,0.08282409186540463,0.13392164603649803,-0.046676203150446405,-0.05109755417109341,0.03269943416013668,-1.427431524406883,-1.5626433754436508,0.15345554958485522,0.11813649992314317,0.264,0.166,0.128,True,999,0.0001169589813798666,0.0026550840120762587,weak_5x5_bal_strong_500_500,weak_null,True,1951,947166935,-1.8318679906315083e-15,0,8
500,500,0.12402124915081636,0.1030834430223097,0.10740389814486662,0.08737371671617211,0.020937806128506653,0.020030181428694505,0.031127451977631206,0.6726476084053705,0.6434892725266618,0.5011715059976816,0.5199066733315836,0.586,0.471,0.488,True,999,0.00011916598305106163,0.0027675419114530087,weak_5x5_bal_strong_500_500,weak_null,True,1952,947166935,-1.8318679906315083e-15,0,7
500,500,0.12252296203892077,0.10069380876086131,0.10587865843820055,0.08652209066741534,0.021829153278059454,0.019356567770785205,0.030994071268206514,0.7043009319156995,0.624524851971965,0.4812453860927236,0.532282954469089,0.61,0.489,0.543,True,999,0.00011766597162932158,0.0027468749321997166,weak_5x5_bal_strong_500_500,weak_null,True,1953,947166935,-1.8318679906315083e-15,0,7
500,500,0.09001023430289301,0.14018382322203055,0.0734620646995836,0.12440253302057158,-0.050173588919137535,-0.050940468320987975,0.0317189344053848,-1.5818182375830305,-1.6059955757006772,0.11369107038091208,0.10827488205870586,0.203,0.11,0.104,True,999,0.00013041705824434757,0.0027163749327883124,weak_5x5_bal_strong_500_500,weak_null,True,1954,947166935,-1.8318679906315083e-15,0,7
500,500,0.11199144292509366,0.13801387169504165,0.09536448239691708,0.12772556904945986,-0.02602242876994798,-0.03236108665254278,0.03121516081249293,-0.8336471154597828,-1.0367105537893377,0.40447986724338414,0.2998707719883251,0.512,0.409,0.305,True,999,0.00011754198931157589,0.002809958066791296,weak_5x5_bal_strong_500_500,weak_null,True,1955,947166935,-1.8318679906315083e-15,0,8
500,500,0.08335253010441712,0.097711036559672,0.06677541908254625,0.08176925999796936,-0.014358506455254882,-0.014993840915423107,0.02826392325229007,-0.5080153355600232,-0.5304939721773494,0.6114425884678594,0.5957694872141499,0.687,0.593,0.58,True,999,0.00011966691818088293,0.002790417056530714,weak_5x5_bal_strong_500_500,weak_null,True,1956,947166935,-1.8318679906315083e-15,0,7
500,500,0.11909705854457253,0.12844420841423376,0.10253712534745318,0.11536392851613186,-0.009347149869661231,-0.01282680316867868,0.03224812022271047,-0.2898509992244006,-0.3977535149365236,0.771930230000038,0.6908118857672914,0.811,0.763,0.691,True,999,0.00013599998783320189,0.002685749903321266,weak_5x5_bal_strong_500_500,weak_null,True,1957,947166935,-1.8318679906315083e-15,0,8
500,500,0.10268191801154991,0.10581066414730078,0.08610945356258526,0.09089159343363917,-0.0031287461357508706,-0.004782139871053914,0.030619682816424902,-0.10218088000808942,-0.1561786220884266,0.9186131038546512,0.8758922270500032,0.94,0.923,0.879,True,999,0.00011370796710252762,0.0027496670372784138,weak_5x5_bal_strong_500_500,weak_null,True,1958,947166935,-1.8318679906315083e-15,0,7
500,500,0.12720815332256485,0.12745427530256326,0.11049894326765752,0.11062806362900801,-0.0002461219799984038,-0.00012912036135048766,0.03224817939282379,-0.007632120157864586,-0.004003958170091949,0.9939105082779675,0.9968053121300215,0.995,0.992,0.997,True,999,0.00011604093015193939,0.0027468750486150384,weak_5x5_bal_strong_500_500,weak_null,True,1959,947166935,-1.8318679906315083e-15,0,6
500,500,0.12469649017318485,0.11170639354862216,0.10717670400026691,0.09905658636893122,0.012990096624562686,0.008120117631335688,0.03184374208259954,0.40793247825169704,0.2549988506461615,0.6833232475963917,0.798723986946885,0.743,0.683,0.795,True,999,0.00011945795267820358,0.002683207974769175,weak_5x5_bal_strong_500_500,weak_null,True,1960,947166935,-1.8318679906315083e-15,0,9
500,500,0.10402103686030428,0.08472892191812609,0.08739718519507278,0.06681314676657735,0.019292114942178196,0.020584038428495433,0.02920300401652085,0.6606209050022449,0.7048603087836629,0.5088554591177666,0.4808971728202812,0.604,0.491,0.454,True,999,0.00011529203038662672,0.002836500061675906,weak_5x5_bal_strong_500_500,weak_null,True,1961,947166935,-1.8318679906315083e-15,0,6
500,500,0.11535132679451765,0.09076300856272879,0.09873205469352797,0.07287745408794422,0.024588318231788864,0.025854600605583755,0.02933674805677325,0.8381405527362781,0.8813042452949881,0.4019517696203443,0.37815316894104745,0.558,0.424,0.409,True,999,0.00011562509462237358,0.002676583011634648,weak_5x5_bal_strong_500_500,weak_null,True,1962,947166935,-1.8318679906315083e-15,0,6
500,500,0.1294083449238992,0.06844612040831877,0.11279615631428896,0.054849571317561185,0.06096222451558042,0.05794658499672778,0.028691315047243923,2.124762298807089,2.019655944710492,0.03360645216277445,0.043419087814632086,0.145,0.035,0.047,True,999,0.00011383404489606619,0.002729750005528331,weak_5x5_bal_strong_500_500,weak_null,True,1963,947166935,-1.8318679906315083e-15,0,9
500,500,0.10201385825276987,0.1661542499950725,0.08541575410049518,0.14607590932385506,-0.06414039174230263,-0.06066015522335988,0.03487807721224249,-1.8389887536515008,-1.7392058299035955,0.0659168402447277,0.08199856436498527,0.121,0.076,0.091,True,999,0.00011841591913253069,0.0027814999921247363,weak_5x5_bal_strong_500_500,weak_null,True,1964,947166935,-1.8318679906315083e-15,0,5
500,500,0.08765424745148143,0.13533227346036925,0.07116090260842611,0.1243273777825209,-0.04767802600888782,-0.053166475174094785,0.031861171545037335,-1.4964304103348045,-1.6686917836320412,0.1345415297962419,0.09517847831573044,0.242,0.132,0.09,True,999,0.00011449994053691626,0.0026704580523073673,weak_5x5_bal_strong_500_500,weak_null,True,1965,947166935,-1.8318679906315083e-15,0,9
500,500,0.0862615004726841,0.09793191896925796,0.0697346274098436,0.08699100414821714,-0.011670418496573853,-0.017256376738373547,0.02812304684685643,-0.4149770314761739,-0.6136026737196311,0.6781587173555268,0.5394779162940162,0.745,0.66,0.542,True,999,0.00011345802340656519,0.0027349579613655806,weak_5x5_bal_strong_500_500,weak_null,True,1966,947166935,-1.8318679906315083e-15,0,9
500,500,0.10384473977828934,0.11690415434015455,0.08715890366147505,0.10141455232860608,-0.013059414561865212,-0.014255648667131027,0.03008702984340702,-0.4340546285171757,-0.4738137576665738,0.6642487718620149,0.6356327230608929,0.746,0.658,0.635,True,999,0.00012070802040398121,0.0027752500027418137,weak_5x5_bal_strong_500_500,weak_null,True,1967,947166935,-1.8318679906315083e-15,0,6
500,500,0.10403136624148002,0.12920501078300906,0.08750460125850168,0.11566384463966983,-0.02517364454152904,-0.028159243381168153,0.031172722755263137,-0.8075536018835177,-0.9033296065360157,0.4193476058055329,0.366350987841759,0.541,0.433,0.38,True,999,0.00011258292943239212,0.002655165968462825,weak_5x5_bal_strong_500_500,weak_null,True,1968,947166935,-1.8318679906315083e-15,0,8
500,500,0.10908231279756908,0.07995666866530082,0.0923979212567474,0.06801436785113424,0.029125644132268258,0.024383553405613156,0.02922042807970732,0.9967562437079802,0.8344694108895269,0.3188828419837797,0.40401651767354396,0.492,0.342,0.435,True,999,0.00011212495155632496,0.0027680409839376807,weak_5x5_bal_strong_500_500,weak_null,True,1969,947166935,-1.8318679906315083e-15,0,9
500,500,0.12899825246712848,0.1186474612588927,0.11242356052446212,0.10265633415153275,0.010350791208235788,0.009767226372929372,0.033138101603037325,0.3123531737643978,0.29474308727552884,0.7547721331802588,0.7681901456252148,0.81,0.748,0.76,True,999,0.00011058407835662365,0.002771458006463945,weak_5x5_bal_strong_500_500,weak_null,True,1970,947166935,-1.8318679906315083e-15,0,7
500,500,0.07282025437886497,0.10274943957239169,0.05633931304373618,0.08987084920593702,-0.02992918519352672,-0.03353153616220084,0.029183194188380626,-1.0255623493552708,-1.1490015776117994,0.30509792217190024,0.25055533013882336,0.456,0.305,0.244,True,999,0.00011325010564178228,0.0027085000183433294,weak_5x5_bal_strong_500_500,weak_null,True,1971,947166935,-1.8318679906315083e-15,0,8
500,500,0.11305814704300099,0.11170062144585735,0.09643143935443277,0.09442757244522682,0.0013575255971436384,0.0020038669092059536,0.03158366677338365,0.04298188702673558,0.0634463035461944,0.965715972567607,0.9494111165989261,0.967,0.955,0.947,True,999,0.00011987495236098766,0.0027940410654991865,weak_5x5_bal_strong_500_500,weak_null,True,1972,947166935,-1.8318679906315083e-15,0,6
500,500,0.11011264888841299,0.10825232349972763,0.09344498231143916,0.09107252113210507,0.0018603253886853577,0.0023724611793340955,0.03108391063040059,0.05984849882002711,0.07632441128606864,0.9522762983030826,0.9391610050886731,0.955,0.944,0.934,True,999,0.00011625001206994057,0.0027329999720677733,weak_5x5_bal_strong_500_500,weak_null,True,1973,947166935,-1.8318679906315083e-15,0,6
500,500,0.11805647451969215,0.12049840865834194,0.10146742873405401,0.11104877253407608,-0.002441934138649793,-0.009581343800022069,0.03337467422632206,-0.07316728013853928,-0.2870842644050566,0.9416730032437773,0.7740478004703992,0.955,0.939,0.763,True,999,0.00011916703078895807,0.002737959031946957,weak_5x5_bal_strong_500_500,weak_null,True,1974,947166935,-1.8318679906315083e-15,0,11
500,500,0.09219653449414134,0.10517200374903268,0.07568200669697944,0.09116894444792933,-0.012975469254891348,-0.015486937750949892,0.028664333774221045,-0.4526694866552487,-0.5402859830245872,0.6507867546944108,0.5889998234720808,0.719,0.648,0.571,True,999,0.00011958298273384571,0.002753542037680745,weak_5x5_bal_strong_500_500,weak_null,True,1975,947166935,-1.8318679906315083e-15,0,7
500,500,0.09641138517825754,0.09997280151246757,0.0798117479054099,0.08412004258303796,-0.0035614163342100325,-0.004308294677628055,0.028452327663460775,-0.12517135245787628,-0.15142151913148674,0.9003878962720783,0.8796432153665876,0.91,0.882,0.867,True,999,0.0001319169532507658,0.0026986669981852174,weak_5x5_bal_strong_500_500,weak_null,True,1976,947166935,-1.8318679906315083e-15,0,7
500,500,0.09852023675958543,0.09653115621719921,0.0820136724639724,0.07754260707048388,0.0019890805423862234,0.004471065393488516,0.030096957510596645,0.06608909029046875,0.1485553944086982,0.9473068965494634,0.8819044724510882,0.959,0.947,0.874,True,999,0.00011450005695223808,0.0026692079845815897,weak_5x5_bal_strong_500_500,weak_null,True,1977,947166935,-1.8318679906315083e-15,0,5
500,500,0.10078540494226451,0.11608579603622232,0.08422487045470461,0.10474540335314941,-0.01530039109395781,-0.0205205328984448,0.030718548560625503,-0.49808313904419244,-0.6680176590357416,0.6184254441957059,0.5041223203041656,0.702,0.635,0.505,True,999,0.0001177910016849637,0.002773249987512827,weak_5x5_bal_strong_500_500,weak_null,True,1978,947166935,-1.8318679906315083e-15,0,8
500,500,0.12888217272257507,0.13856512740861138,0.11231360018109626,0.1264763784327272,-0.009682954686036305,-0.014162778251630925,0.03413448887014977,-0.2836707097877168,-0.41491109784907654,0.7766627432206585,0.6782069853135131,0.823,0.783,0.7,True,999,0.0001235420349985361,0.002759000053629279,weak_5x5_bal_strong_500_500,weak_null,True,1979,947166935,-1.8318679906315083e-15,0,8
500,500,0.1386055338913954,0.12278505371832155,0.12112080036979478,0.10854890427108899,0.01582048017307386,0.012571896098705793,0.033068524771029464,0.4784150572974395,0.3801771075593831,0.6323548187365252,0.7038139512607708,0.681,0.611,0.68,True,999,0.0001153330085799098,0.002663124934770167,weak_5x5_bal_strong_500_500,weak_null,True,1980,947166935,-1.8318679906315083e-15,0,7
500,500,0.08467941727969874,0.09992292926019974,0.06815530993128505,0.08812133433838198,-0.015243511980501001,-0.01996602440709694,0.027740094643517833,-0.5495118951969051,-0.7197532908115907,0.582654203590879,0.4716769085180007,0.679,0.568,0.469,True,999,0.00011495803482830524,0.0027291669975966215,weak_5x5_bal_strong_500_500,weak_null,True,1981,947166935,-1.8318679906315083e-15,0,9
500,500,0.15702823575880798,0.14128046439996667,0.1403904625742598,0.1285685930970999,0.01574777135884131,0.011821869477159908,0.03493606078698074,0.4507597881415946,0.33838587439043616,0.6521626860521877,0.7350724175630158,0.724,0.663,0.745,True,999,0.00011562497820705175,0.0026995830703526735,weak_5x5_bal_strong_500_500,weak_null,True,1982,947166935,-1.8318679906315083e-15,0,9
500,500,0.10918187706253746,0.06748207080329272,0.09259628647271256,0.05314542159007374,0.04169980625924474,0.039450864882638825,0.027628429070444913,1.5093078999505067,1.4279083614218508,0.13122011680863882,0.15331823662912833,0.278,0.141,0.158,True,999,0.00012391700875014067,0.002677749958820641,weak_5x5_bal_strong_500_500,weak_null,True,1983,947166935,-1.8318679906315083e-15,0,7
500,500,0.13952762560919996,0.12024749088684533,0.12277941102570367,0.10513749233817293,0.019280134722354625,0.017641918687530733,0.0336474455602942,0.573004410923432,0.524316731738743,0.5666417074040384,0.6000582613282426,0.622,0.548,0.583,True,999,0.00011054205242544413,0.002801958005875349,weak_5x5_bal_strong_500_500,weak_null,True,1984,947166935,-1.8318679906315083e-15,0,7
500,500,0.08756299417653235,0.09069311156349275,0.07105322843187878,0.07256872198246356,-0.003130117386960396,-0.0015154935505847789,0.028168496498467834,-0.11112120901201283,-0.05380100960188666,0.9115202305357739,0.9570937051403955,0.913,0.897,0.948,True,999,0.00011266698129475117,0.002667207969352603,weak_5x5_bal_strong_500_500,weak_null,True,1985,947166935,-1.8318679906315083e-15,0,5
500,500,0.13542013333380698,0.07320727632601881,0.11869535428138533,0.060104195085273204,0.06221285700778817,0.05859115919611213,0.029518586584558037,2.1075825168517173,1.9848904021293057,0.03506711716769546,0.047156666459736554,0.107,0.028,0.037,True,999,0.00012483401224017143,0.0027347090654075146,weak_5x5_bal_strong_500_500,weak_null,True,1986,947166935,-1.8318679906315083e-15,0,8
500,500,0.11514567102278184,0.10501320125545499,0.09860711842623004,0.09118570010190297,0.010132469767326846,0.007421418324327078,0.03235520762525225,0.31316349085699463,0.2293732251785919,0.7541564543926403,0.8185788446605273,0.818,0.76,0.826,True,999,0.00011449994053691626,0.0026630000211298466,weak_5x5_bal_strong_500_500,weak_null,True,1987,947166935,-1.8318679906315083e-15,0,8
500,500,0.12321991278144506,0.0993463881177582,0.10656047231157117,0.08368056207973495,0.023873524663686863,0.02287991023183622,0.030887266762290543,0.7729244820339177,0.7407554189861081,0.4395670748482067,0.4588417504163178,0.556,0.465,0.476,True,999,0.00017387501429766417,0.0026649170322343707,weak_5x5_bal_strong_500_500,weak_null,True,1988,947166935,-1.8318679906315083e-15,0,6
500,500,0.16362293959835217,0.11107449823736015,0.14681045437589546,0.09222561685893993,0.052548441360992015,0.05458483751695553,0.03260907451339568,1.6114668123870035,1.6739155689479102,0.10707801509757066,0.09414719393966237,0.191,0.107,0.097,True,999,0.00012025004252791405,0.002755208988673985,weak_5x5_bal_strong_500_500,weak_null,True,1989,947166935,-1.8318679906315083e-15,0,6
500,500,0.11897187289318834,0.10240495087462553,0.10225866685539131,0.09324984726043795,0.016566922018562802,0.009008819594953366,0.03147402007152286,0.5263681595460461,0.28623034408954917,0.5986324340093927,0.7747017043035263,0.707,0.623,0.789,True,999,0.0001467500114813447,0.002781375078484416,weak_5x5_bal_strong_500_500,weak_null,True,1990,947166935,-1.8318679906315083e-15,0,10
500,500,0.08435163213028907,0.14356884905112077,0.06785175746585992,0.1268586513951675,-0.059217216920831706,-0.05900689392930758,0.030712209030857994,-1.928132778118741,-1.9212845897870972,0.05383861284281216,0.05469583884090549,0.118,0.058,0.058,True,999,0.00011224998161196709,0.002641957951709628,weak_5x5_bal_strong_500_500,weak_null,True,1991,947166935,-1.8318679906315083e-15,0,6
500,500,0.12589479349935573,0.14263392352036347,0.10931154860838888,0.13180557596510312,-0.016739130021007742,-0.02249402735671424,0.034444536721442744,-0.4859734406178597,-0.6530506576014141,0.6269859968611312,0.5137236209397669,0.719,0.665,0.545,True,999,0.0001142079709097743,0.002729124971665442,weak_5x5_bal_strong_500_500,weak_null,True,1992,947166935,-1.8318679906315083e-15,0,10
500,500,0.12929488733366545,0.08696757808543959,0.112571491089966,0.07393584441439316,0.042327309248225864,0.03863564667557284,0.030177115463983155,1.4026293963962244,1.2802962139202825,0.16072738112297225,0.20044097874404865,0.282,0.161,0.19,True,999,0.0001171668991446495,0.002795875072479248,weak_5x5_bal_strong_500_500,weak_null,True,1993,947166935,-1.8318679906315083e-15,0,8
500,500,0.08184476646257122,0.12686608130577304,0.06529579144614672,0.11337766469739563,-0.04502131484320182,-0.04808187325124891,0.030093537437014196,-1.496045951308698,-1.5977474682690367,0.13464168104463678,0.11009918993946163,0.239,0.146,0.115,True,999,0.00011625001206994057,0.002774749998934567,weak_5x5_bal_strong_500_500,weak_null,True,1994,947166935,-1.8318679906315083e-15,0,9
500,500,0.12269848818944884,0.12335147369057547,0.10609327391523493,0.11242065359380149,-0.000652985501126635,-0.006327379678566558,0.032880652285392935,-0.019859262385032446,-0.1924347371106584,0.98415564263771,0.8474016845650534,0.985,0.984,0.845,True,999,0.00011612498201429844,0.0027662080246955156,weak_5x5_bal_strong_500_500,weak_null,True,1995,947166935,-1.8318679906315083e-15,0,9
500,500,0.09998960588020034,0.14060931976475788,0.08345636723447569,0.12621002215257704,-0.04061971388455754,-0.04275365491810135,0.031466318750494784,-1.2908950108413564,-1.3587116833432915,0.19674008567701362,0.17423796841240624,0.294,0.198,0.183,True,999,0.0001360829919576645,0.0028103329241275787,weak_5x5_bal_strong_500_500,weak_null,True,1996,947166935,-1.8318679906315083e-15,0,6
500,500,0.11379391852472187,0.1314952993346747,0.09722223592825685,0.11374919515972692,-0.017701380809952816,-0.016526959231470073,0.0327326807370156,-0.5407861626785517,-0.5049069877365906,0.5886549814659945,0.6136241659536624,0.647,0.562,0.588,True,999,0.00011787493713200092,0.002653250005096197,weak_5x5_bal_strong_500_500,weak_null,True,1997,947166935,-1.8318679906315083e-15,0,6
500,500,0.09370865102421866,0.0909289357049165,0.07703623186603181,0.07276638990427386,0.002779715319302156,0.0042698419617579475,0.028130288639264592,0.09881574110200193,0.1517880607807931,0.9212845700725909,0.8793540991354113,0.948,0.929,0.883,True,999,0.00011991697829216719,0.0027262080693617463,weak_5x5_bal_strong_500_500,weak_null,True,1998,947166935,-1.8318679906315083e-15,0,5
500,500,0.11410502121968613,0.17106999374022802,0.0974653032360493,0.15219931194667424,-0.05696497252054189,-0.05473400871062495,0.033972201222463735,-1.676811347828543,-1.611141072437564,0.09357937799959574,0.1071489780411179,0.167,0.097,0.115,True,999,0.00012295797932893038,0.002804958028718829,weak_5x5_bal_strong_500_500,weak_null,True,1999,947166935,-1.8318679906315083e-15,0,5
300,800,0.1780594458623479,0.11466553151111603,0.14706979938415543,0.10444849449356752,0.06339391435123187,0.04262130489058791,0.03798096633711561,1.6690969310404913,1.1221753683749136,0.09509817142384745,0.2617878834182451,0.15,0.116,0.283,True,999,0.00013233290519565344,0.0030199160100892186,weak_5x5_mild_strong_300_800,weak_null,True,0,1739603722,-5.551115123125783e-17,2,5
300,800,0.15499788357317068,0.09759552584707998,0.12577803822489386,0.08762201750323584,0.0574023577260907,0.038156020721658024,0.035711230848113354,1.6074035076033595,1.0684599722687471,0.10796588114298818,0.28531307696980046,0.156,0.133,0.278,True,999,0.00012008403427898884,0.0030386250000447035,weak_5x5_mild_strong_300_800,weak_null,True,1,1739603722,-5.551115123125783e-17,3,6
300,800,0.08078058442884606,0.10064497606040967,0.04387446994979882,0.08749987808852211,-0.019864391631563616,-0.04362540813872329,0.031021207021340775,-0.6403487658587261,-1.4063091777412646,0.5219458834545638,0.15963233603329818,0.593,0.551,0.146,True,999,0.00012083305045962334,0.0031020420137792826,weak_5x5_mild_strong_300_800,weak_null,True,2,1739603722,-5.551115123125783e-17,0,3
300,800,0.13005173360136102,0.11552514292054883,0.0933278572731524,0.10460417479339412,0.01452659068081219,-0.011276317520241719,0.0354397974035618,0.4098948567734258,-0.31818233585918915,0.6818830784218718,0.750346630992936,0.723,0.71,0.76,True,999,0.00011583301238715649,0.0030821660766378045,weak_5x5_mild_strong_300_800,weak_null,True,3,1739603722,-5.551115123125783e-17,0,3
300,800,0.12724566452772512,0.12705156768185727,0.09303459298388361,0.11693019969914076,0.0001940968458678527,-0.023895606715257145,0.03515769722960025,0.005520749683925178,-0.6796692786562473,0.9955951014390636,0.49671389251575326,0.997,0.997,0.489,True,999,0.00011825002729892731,0.0031055830186232924,weak_5x5_mild_strong_300_800,weak_null,True,4,1739603722,-5.551115123125783e-17,1,5
300,800,0.13694290332543724,0.14218886647187495,0.10134163665838969,0.1334465051470488,-0.0052459631464377154,-0.03210486848865912,0.03727011674237048,-0.140755211009947,-0.861410462182984,0.8880633271395734,0.38901201589316414,0.904,0.897,0.379,True,999,0.00011912500485777855,0.0031404589535668492,weak_5x5_mild_strong_300_800,weak_null,True,5,1739603722,-5.551115123125783e-17,0,6
300,800,0.15077180325302342,0.13612336599697883,0.12073594950919642,0.12719714138410154,0.014648437256044589,-0.006461191874905126,0.03823564452442429,0.38310946338794977,-0.1689834696202865,0.7016386032001614,0.8658096437402282,0.733,0.718,0.876,True,999,0.00012087495997548103,0.003136166953481734,weak_5x5_mild_strong_300_800,weak_null,True,6,1739603722,-5.551115123125783e-17,2,6
300,800,0.09982670527108617,0.08718685629364514,0.05919337134577063,0.07529326957160265,0.012639848977441026,-0.01609989822583202,0.03173644339409849,0.3982755351783197,-0.5073000155028669,0.6904270921154971,0.6119443277109631,0.744,0.726,0.595,True,999,0.00013174989726394415,0.003057750058360398,weak_5x5_mild_strong_300_800,weak_null,True,7,1739603722,-5.551115123125783e-17,0,4
300,800,0.17302545010162595,0.1463131228112315,0.14283281992931052,0.13203316394930198,0.026712327290394466,0.010799655980008538,0.039447051318082904,0.6771691773612818,0.2737760014791745,0.49829862154200477,0.7842567672825909,0.54,0.518,0.757,True,999,0.00012695800978690386,0.003096999949775636,weak_5x5_mild_strong_300_800,weak_null,True,8,1739603722,-5.551115123125783e-17,2,2
300,800,0.11848586187694798,0.12777787456963013,0.09202718598430693,0.11544673834561081,-0.00929201269268215,-0.023419552361303886,0.03341052586205899,-0.27811632570662903,-0.7009632969560393,0.7809230638374676,0.48332592079377434,0.787,0.774,0.464,True,999,0.00011700007598847151,0.00316995894536376,weak_5x5_mild_strong_300_800,weak_null,True,9,1739603722,-5.551115123125783e-17,3,2
300,800,0.13487199324843457,0.10346021687300289,0.09706438497579484,0.09047354715414713,0.03141177637543169,0.00659083782164771,0.03483724268629202,0.9016722895750815,0.18918942239481873,0.3672309773022264,0.8499443576668126,0.412,0.39,0.834,True,999,0.00011758389882743359,0.0030006669694557786,weak_5x5_mild_strong_300_800,weak_null,True,10,1739603722,-5.551115123125783e-17,1,2
300,800,0.11453382093157582,0.1126507263223111,0.07679958640272844,0.10123706115086861,0.0018830946092647238,-0.024437474748140176,0.033708212480779695,0.05586456446892453,-0.7249709477200649,0.9554497001825349,0.468469853672846,0.96,0.96,0.472,True,999,0.00012024992611259222,0.0030875420197844505,weak_5x5_mild_strong_300_800,weak_null,True,11,1739603722,-5.551115123125783e-17,0,4
300,800,0.12962792405230827,0.14882728763796493,0.09702448651790974,0.139994461927472,-0.01919936358565666,-0.04296997540956227,0.03430878481574341,-0.5596048851268719,-1.2524481890085615,0.57574897203612,0.21040659627732738,0.632,0.594,0.201,True,999,0.0001254169037565589,0.0031752909999340773,weak_5x5_mild_strong_300_800,weak_null,True,12,1739603722,-5.551115123125783e-17,2,6
300,800,0.13545584272253808,0.10217981621111344,0.10251013341724047,0.09586153510571194,0.03327602651142464,0.006648598311528531,0.03490757180893732,0.9532609914421215,0.19046292729608602,0.3404578506771856,0.8489463911385265,0.428,0.402,0.836,True,999,0.00013158295769244432,0.0029591660713776946,weak_5x5_mild_strong_300_800,weak_null,True,13,1739603722,-5.551115123125783e-17,1,8
300,800,0.12099329976746498,0.10803667749549617,0.08316045179685716,0.0963630980055541,0.01295662227196881,-0.013202646208696933,0.033803954330750154,0.3832871783341238,-0.39056514156649996,0.7015068449229835,0.6961186960350734,0.751,0.734,0.694,True,999,0.00011591706424951553,0.003178625018335879,weak_5x5_mild_strong_300_800,weak_null,True,14,1739603722,-5.551115123125783e-17,0,5
300,800,0.14356396452442688,0.09777029739386833,0.11296630576180178,0.08770635358052914,0.045793667130558546,0.025259952181272638,0.03525939450063284,1.2987649895614808,0.7164034589652204,0.19402459303953945,0.4737422597376604,0.254,0.228,0.455,True,999,0.00012641691137105227,0.003018125076778233,weak_5x5_mild_strong_300_800,weak_null,True,15,1739603722,-5.551115123125783e-17,1,6
300,800,0.12763711579928627,0.10829451530145934,0.09185881940771878,0.09869783422794853,0.019342600497826934,-0.00683901482022975,0.03425056245796379,0.5647381855864816,-0.1996759857191651,0.5722518572015188,0.8417339961628089,0.643,0.613,0.852,True,999,0.0001194169744849205,0.003073708969168365,weak_5x5_mild_strong_300_800,weak_null,True,16,1739603722,-5.551115123125783e-17,1,5
300,800,0.199463073335153,0.12242592204068309,0.1737082028054715,0.11349999507541497,0.07703715129446992,0.06020820773005653,0.03957846961454384,1.94644088174044,1.521236377162292,0.05160180283301042,0.12820052974374432,0.07,0.065,0.128,True,999,0.00013250007759779692,0.003603167016990483,weak_5x5_mild_strong_300_800,weak_null,True,17,1739603722,-5.551115123125783e-17,4,6
300,800,0.08697072085479873,0.08792557991164535,0.054950903020369424,0.0767072010770562,-0.0009548590568466131,-0.021756298056686774,0.030159228338914972,-0.03166059310657302,-0.7213811246163168,0.974742721265437,0.4706750565846106,0.976,0.973,0.46,True,999,0.00012329209130257368,0.0030231669079512358,weak_5x5_mild_strong_300_800,weak_null,True,18,1739603722,-5.551115123125783e-17,1,5
300,800,0.0990436999257589,0.1133132142110233,0.0638556485026811,0.10254930745298907,-0.014269514285264406,-0.03869365895030796,0.032619375183027446,-0.43745516905820864,-1.1862170484013776,0.6617812817309273,0.23553659528313553,0.713,0.692,0.221,True,999,0.00012079195585101843,0.003062749980017543,weak_5x5_mild_strong_300_800,weak_null,True,19,1739603722,-5.551115123125783e-17,0,5
300,800,0.12424010384030071,0.1166287118736491,0.09180815309309764,0.10604788179819025,0.007611391966651615,-0.014239728705092602,0.03358232216531375,0.2266487686343862,-0.42402453990511785,0.8206968670574983,0.6715479165948812,0.846,0.827,0.657,True,999,0.00017562496941536665,0.0030467920005321503,weak_5x5_mild_strong_300_800,weak_null,True,20,1739603722,-5.551115123125783e-17,2,5
300,800,0.14030650464397898,0.12601723696077705,0.11078149071215648,0.11430948594193069,0.014289267683201934,-0.0035279952297742057,0.0360091538860987,0.3968232002451546,-0.0979749549498908,0.691497841093989,0.9219521807233472,0.739,0.729,0.926,True,999,0.00011462497059255838,0.0030802079709246755,weak_5x5_mild_strong_300_800,weak_null,True,21,1739603722,-5.551115123125783e-17,2,5
300,800,0.17168482320065148,0.10544693682609924,0.1458522651042813,0.0933392099408934,0.06623788637455225,0.05251305516338789,0.03740984274721103,1.7706005027110252,1.4037229591750378,0.07662715830823867,0.1604013629086224,0.098,0.084,0.148,True,999,0.00012616603635251522,0.003096582950092852,weak_5x5_mild_strong_300_800,weak_null,True,22,1739603722,-5.551115123125783e-17,4,3
300,800,0.12987296813927407,0.0856987507829583,0.09596051273655348,0.07629062298229883,0.04417421735631577,0.019669889754254655,0.03432468333914645,1.286951926689333,0.5730537863934678,0.19811104457207673,0.5666082764841729,0.277,0.231,0.584,True,999,0.00013366597704589367,0.0029256249545142055,weak_5x5_mild_strong_300_800,weak_null,True,23,1739603722,-5.551115123125783e-17,2,6
300,800,0.17854035693966674,0.12800168161706832,0.15253242247678145,0.11612852266409845,0.050538675322598425,0.036403899812682994,0.03846671401678819,1.3138287637603154,0.9463740468394334,0.18890383561260748,0.34395783793172974,0.242,0.218,0.361,True,999,0.00012087495997548103,0.0030727919656783342,weak_5x5_mild_strong_300_800,weak_null,True,24,1739603722,-5.551115123125783e-17,4,4
300,800,0.11060542671467444,0.08313981444725044,0.07771434940306676,0.07342413183954477,0.027465612267424,0.004290217563521992,0.03259741555571764,0.8425702405909441,0.13161219962941142,0.39946884057318566,0.8952910355623538,0.506,0.471,0.887,True,999,0.00012158299796283245,0.0030687920516356826,weak_5x5_mild_strong_300_800,weak_null,True,25,1739603722,-5.551115123125783e-17,1,5
300,800,0.09088180359712439,0.10777202481913989,0.05500486827719442,0.0983945121937495,-0.0168902212220155,-0.04338964391655509,0.03114420593876792,-0.5423230650100076,-1.3931851080699476,0.5875959690450069,0.1635638218450025,0.643,0.61,0.164,True,999,0.00012645905371755362,0.0029717920115217566,weak_5x5_mild_strong_300_800,weak_null,True,26,1739603722,-5.551115123125783e-17,0,6
300,800,0.11980785035473052,0.09467211458486047,0.08190322204649192,0.08360059283535293,0.02513573576987005,-0.001697370788861008,0.03410909007259613,0.736921908980051,-0.04976300409211756,0.4611698397850551,0.9603112485947849,0.51,0.482,0.953,True,999,0.00013033300638198853,0.0032193749211728573,weak_5x5_mild_strong_300_800,weak_null,True,27,1739603722,-5.551115123125783e-17,1,5
300,800,0.10474784392651615,0.13120515693313078,0.0758517468416926,0.1199789614872202,-0.026457313006614636,-0.0441272146455276,0.033077123019612124,-0.7998674186665974,-1.3340705181452341,0.4237876166251079,0.18218074680242446,0.532,0.492,0.173,True,999,0.00011720799375325441,0.0029702079482376575,weak_5x5_mild_strong_300_800,weak_null,True,28,1739603722,-5.551115123125783e-17,2,5
300,800,0.13015707111717512,0.11105475266709142,0.10079987907380428,0.10136526591355732,0.0191023184500837,-0.0005653868397530459,0.03457534301325413,0.5524838449978937,-0.016352313252143594,0.5806168997222527,0.9869533231681655,0.63,0.6,0.984,True,999,0.00011262495536357164,0.002990624983794987,weak_5x5_mild_strong_300_800,weak_null,True,29,1739603722,-5.551115123125783e-17,2,5
300,800,0.1421533905599296,0.10248728754201264,0.11061429621253183,0.09264265385445469,0.039666103017916954,0.017971642358077133,0.03605155052754877,1.1002606666696937,0.498498458321345,0.27121856457221905,0.618132755565357,0.332,0.293,0.647,True,999,0.00012083398178219795,0.003032917040400207,weak_5x5_mild_strong_300_800,weak_null,True,30,1739603722,-5.551115123125783e-17,2,6
300,800,0.08636759689313522,0.08131907952657963,0.053139795063373185,0.06794750354248436,0.005048517366555594,-0.01480770847911117,0.029424059774303707,0.17157786536868405,-0.5032517128055481,0.8637694102456751,0.6147873111161541,0.89,0.884,0.614,True,999,0.00012149999383836985,0.0030520830769091845,weak_5x5_mild_strong_300_800,weak_null,True,31,1739603722,-5.551115123125783e-17,1,2
300,800,0.1647924758343362,0.10915092785319208,0.13627128914311015,0.09786439659461621,0.055641547981144124,0.03840689254849394,0.03691450267388394,1.5073086172310561,1.040428280662327,0.131731569818159,0.2981409683446473,0.175,0.144,0.287,True,999,0.0001229170011356473,0.0030995840206742287,weak_5x5_mild_strong_300_800,weak_null,True,32,1739603722,-5.551115123125783e-17,1,4
300,800,0.09340173231955662,0.11816230296287455,0.06012868983611952,0.11056994275810439,-0.024760570643317936,-0.05044125292198487,0.03168981435804888,-0.7813416122783001,-1.5917181575149657,0.43460160196772935,0.11144804659787856,0.521,0.47,0.103,True,999,0.00012616696767508984,0.002968874992802739,weak_5x5_mild_strong_300_800,weak_null,True,33,1739603722,-5.551115123125783e-17,1,7
300,800,0.1542996693691202,0.10490715954957275,0.12846062521049362,0.09104617858457686,0.04939250981954746,0.03741444662591675,0.0354910867999102,1.3916877242449626,1.054192756532083,0.16401698122517694,0.2917946756702835,0.23,0.196,0.278,True,999,0.00012191699352115393,0.0029935830971226096,weak_5x5_mild_strong_300_800,weak_null,True,34,1739603722,-5.551115123125783e-17,4,2
300,800,0.144557327402419,0.09570752239444696,0.11842648780969967,0.08382347814318791,0.048849805007972036,0.03460300966651175,0.0350349155041686,1.3943177628660095,0.9876721313169584,0.16322166929197712,0.3233132473898138,0.238,0.199,0.341,True,999,0.00012820807751268148,0.0030310419388115406,weak_5x5_mild_strong_300_800,weak_null,True,35,1739603722,-5.551115123125783e-17,3,4
300,800,0.10832085927735358,0.16018747130471567,0.0753252187046769,0.14951711555204383,-0.05186661202736209,-0.07419189684736693,0.03425690455759928,-1.5140484143905646,-2.1657501693599106,0.13001356072838732,0.030330283045101034,0.233,0.155,0.031,True,999,0.0001276250695809722,0.003025542013347149,weak_5x5_mild_strong_300_800,weak_null,True,36,1739603722,-5.551115123125783e-17,1,5
300,800,0.14116971574127724,0.08356162721643245,0.10462620145290202,0.07240594596680694,0.05760808852484478,0.032220255486095084,0.03412237138408218,1.6882791608006031,0.944256046082588,0.09135765359542865,0.3450388210950701,0.143,0.107,0.353,True,999,0.00014170806389302015,0.0030893749790266156,weak_5x5_mild_strong_300_800,weak_null,True,37,1739603722,-5.551115123125783e-17,0,5
300,800,0.13413295575371997,0.1215036149337807,0.09721075844123561,0.11010006028612906,0.012629340819939272,-0.012889301844893453,0.035362060618077944,0.357143803251184,-0.36449521378582017,0.7209841536566977,0.7154882472020982,0.767,0.754,0.705,True,999,0.00012508290819823742,0.0031333749648183584,weak_5x5_mild_strong_300_800,weak_null,True,38,1739603722,-5.551115123125783e-17,2,4
300,800,0.11876780317031344,0.12505372685716049,0.09048324218730386,0.11408031975821586,-0.00628592368684705,-0.023597077570912006,0.03338330630083302,-0.18829542017802461,-0.7068526214350189,0.8506450753133746,0.4796580694989945,0.873,0.861,0.492,True,999,0.00012020801659673452,0.002993958070874214,weak_5x5_mild_strong_300_800,weak_null,True,39,1739603722,-5.551115123125783e-17,4,4
300,800,0.16102488441180896,0.13527261040094385,0.13045124601160296,0.12283459999332536,0.025752274010865106,0.007616646018277606,0.03835824357342584,0.671362179594323,0.1985660788585829,0.5019898321428196,0.8426021903318639,0.545,0.519,0.846,True,999,0.00012387498281896114,0.0032087499275803566,weak_5x5_mild_strong_300_800,weak_null,True,40,1739603722,-5.551115123125783e-17,2,4
300,800,0.131478197059004,0.13502209889740008,0.09899141583383653,0.12669708752252973,-0.0035439018383960907,-0.0277056716886932,0.03571906149576856,-0.09921598412701625,-0.7756550852260029,0.9209667839788107,0.4379526662077913,0.907,0.902,0.416,True,999,0.0001176249934360385,0.0030221249908208847,weak_5x5_mild_strong_300_800,weak_null,True,41,1739603722,-5.551115123125783e-17,2,6
300,800,0.07223325876283582,0.0792261420402613,0.03561709209731134,0.06513376299386664,-0.006992883277425477,-0.029516670896555297,0.02862034895533321,-0.24433256520872715,-1.03131764544943,0.8069732642166101,0.30239188625264146,0.881,0.859,0.269,True,999,0.00011962500866502523,0.003028166014701128,weak_5x5_mild_strong_300_800,weak_null,True,42,1739603722,-5.551115123125783e-17,0,2
300,800,0.16228803311523554,0.12523888435417907,0.13466095311065374,0.11494759975198576,0.03704914876105647,0.019713353358667973,0.03704020238333682,1.000241531556093,0.5322150552702263,0.3171936348476351,0.5945770568503275,0.358,0.337,0.551,True,999,0.00012395798694342375,0.003097916953265667,weak_5x5_mild_strong_300_800,weak_null,True,43,1739603722,-5.551115123125783e-17,3,4
300,800,0.15841467399813247,0.13923770047815853,0.12349278611594627,0.12897040684623562,0.01917697351997394,-0.005477620730289345,0.03765470745283171,0.5092848893859031,-0.1454697460377538,0.6105525480022803,0.8843400008033571,0.641,0.623,0.875,True,999,0.00011975003872066736,0.0030074160313233733,weak_5x5_mild_strong_300_800,weak_null,True,44,1739603722,-5.551115123125783e-17,0,5
300,800,0.12550333633869593,0.09651956686638513,0.09008686692300216,0.09075825334156207,0.028983769472310794,-0.000671386418559905,0.034293141482584395,0.8451768551746728,-0.019577862789294628,0.3980121027494813,0.9843801233840885,0.468,0.449,0.985,True,999,0.00012070790398865938,0.0031215830240398645,weak_5x5_mild_strong_300_800,weak_null,True,45,1739603722,-5.551115123125783e-17,0,9
300,800,0.13515208452851035,0.11885523104130158,0.10093631897382238,0.10912642330225708,0.016296853487208773,-0.0081901043284347,0.03540287534312317,0.4603257031882399,-0.23134008887856014,0.6452824545930393,0.8170506048176658,0.674,0.654,0.813,True,999,0.00012149999383836985,0.0030193330021575093,weak_5x5_mild_strong_300_800,weak_null,True,46,1739603722,-5.551115123125783e-17,0,5
300,800,0.04941053856175315,0.11359206050480136,0.014816361824841806,0.10461412348143995,-0.06418152194304821,-0.08979776165659814,0.027443175022704644,-2.3387061405959306,-3.272134568332764,0.0193506471441008,0.0010673875866088359,0.085,0.019,0.001,True,999,0.00011945900041610003,0.0029814590234309435,weak_5x5_mild_strong_300_800,weak_null,True,47,1739603722,-5.551115123125783e-17,1,6
300,800,0.12225862798676224,0.07360166834395587,0.09117025347643448,0.06259185094171471,0.04865695964280636,0.02857840253471977,0.03233065919468782,1.504978891701691,0.8839412262715456,0.13232950369304725,0.3767279408999362,0.205,0.142,0.338,True,999,0.0001204590080305934,0.0031014590058475733,weak_5x5_mild_strong_300_800,weak_null,True,48,1739603722,-5.551115123125783e-17,2,4
300,800,0.14314793375606905,0.09566931930631961,0.10415840808258281,0.08412345201048765,0.047478614449749434,0.020034956072095156,0.03427014808233852,1.3854219227671805,0.5846183104887248,0.16592349137898654,0.5588043929335202,0.269,0.242,0.568,True,999,0.00011545908637344837,0.002980791963636875,weak_5x5_mild_strong_300_800,weak_null,True,49,1739603722,-5.551115123125783e-17,0,4
300,800,0.08727584063247495,0.10338475361449762,0.05561716476307765,0.09382399743543601,-0.01610891298202266,-0.03820683267235836,0.03146985416108917,-0.5118839413606336,-1.2140772078823012,0.6087322377222506,0.2247182425852834,0.649,0.627,0.206,True,999,0.00011391600128263235,0.0030741250375285745,weak_5x5_mild_strong_300_800,weak_null,True,50,1739603722,-5.551115123125783e-17,2,6
300,800,0.09812375479691271,0.12350712126961533,0.06181708961952381,0.11693812641289014,-0.025383366472702618,-0.05512103679336633,0.03357490994994446,-0.7560218779602298,-1.641732974877495,0.4496360786652246,0.10064535474506327,0.546,0.502,0.108,True,999,0.00012220803182572126,0.0030065409373492002,weak_5x5_mild_strong_300_800,weak_null,True,51,1739603722,-5.551115123125783e-17,1,9
300,800,0.12364999887295403,0.1564769319563366,0.09207360142863763,0.14751046685302072,-0.03282693308338258,-0.055436865424383086,0.035707624342393204,-0.9193255974861767,-1.5525218057860743,0.35792529283228813,0.12053741927584426,0.46,0.419,0.13,True,999,0.0001235830131918192,0.003050957922823727,weak_5x5_mild_strong_300_800,weak_null,True,52,1739603722,-5.551115123125783e-17,1,6
300,800,0.11164224252196886,0.13972203293968,0.07528823649926153,0.12935227686426742,-0.028079790417711137,-0.054064040365005894,0.03458657706586511,-0.8118695979725676,-1.5631509374879389,0.41686646096281565,0.11801709697879408,0.482,0.45,0.112,True,999,0.00012091605458408594,0.0031548329861834645,weak_5x5_mild_strong_300_800,weak_null,True,53,1739603722,-5.551115123125783e-17,1,4
300,800,0.13586096735060527,0.13292219995817234,0.1034936732878009,0.12062476898677232,0.0029387673924329283,-0.01713109569897142,0.03557917160869984,0.0825979712162365,-0.48149225865569384,0.9341712144992513,0.6301666803712873,0.941,0.94,0.619,True,999,0.0001218749675899744,0.002976624993607402,weak_5x5_mild_strong_300_800,weak_null,True,54,1739603722,-5.551115123125783e-17,2,2
300,800,0.14514215863128666,0.09672400156453947,0.1128290836994097,0.08576104150813535,0.04841815706674718,0.027068042191274344,0.034852584015434014,1.389227181700669,0.7766437684875134,0.16476367866517538,0.43736897115082773,0.228,0.205,0.449,True,999,0.00011470797471702099,0.0029986660229042172,weak_5x5_mild_strong_300_800,weak_null,True,55,1739603722,-5.551115123125783e-17,2,4
300,800,0.16633443783142188,0.09242999239305566,0.1382433692660925,0.08178118378737054,0.07390444543836622,0.05646218547872195,0.035902370895511,2.0584837044176028,1.5726589657002739,0.03954372395836023,0.11579780617166446,0.086,0.063,0.13,True,999,0.0001163750421255827,0.0031315829837694764,weak_5x5_mild_strong_300_800,weak_null,True,56,1739603722,-5.551115123125783e-17,3,4
300,800,0.14117455583805316,0.10424713861475643,0.11189737835155711,0.09399402159641568,0.03692741722329673,0.01790335675514143,0.03606072104102839,1.0240343553109281,0.49647805807243106,0.3058190481816404,0.61955716439415,0.375,0.366,0.631,True,999,0.00011679204180836678,0.002955332980491221,weak_5x5_mild_strong_300_800,weak_null,True,57,1739603722,-5.551115123125783e-17,3,4
300,800,0.141356751593951,0.09854295213863806,0.10557243440638331,0.08564068621285514,0.04281379945531294,0.019931748193528165,0.03633685877372496,1.1782471270266055,0.5485270016774464,0.2386980996280752,0.5833300940194521,0.296,0.273,0.56,True,999,0.00012141710612922907,0.0030826249858364463,weak_5x5_mild_strong_300_800,weak_null,True,58,1739603722,-5.551115123125783e-17,1,3
300,800,0.11259919961721832,0.1296724311483769,0.08456555135052213,0.12016318555549788,-0.017073231531158584,-0.03559763420497575,0.03352970588390637,-0.5091971754918797,-1.0616745141824206,0.6106140227046195,0.2883834731260767,0.656,0.622,0.297,True,999,0.00011975003872066736,0.0029914999613538384,weak_5x5_mild_strong_300_800,weak_null,True,59,1739603722,-5.551115123125783e-17,3,5
300,800,0.10921998639417163,0.14712733319785554,0.07795638210626521,0.13826133275347274,-0.037907346803683906,-0.060304950647207534,0.03394051469644946,-1.1168760150726122,-1.7767836223625706,0.2640473411691261,0.07560384752011576,0.355,0.31,0.082,True,999,0.00012320803944021463,0.003000207943841815,weak_5x5_mild_strong_300_800,weak_null,True,60,1739603722,-5.551115123125783e-17,3,6
300,800,0.12106018701594445,0.08582221180260041,0.08342225540963,0.07437675022737267,0.03523797521334404,0.00904550518225733,0.03323924439079949,1.0601316563952277,0.2721332974934019,0.2890847078435246,0.7855195276327741,0.351,0.323,0.789,True,999,0.00014783302322030067,0.0030621669720858335,weak_5x5_mild_strong_300_800,weak_null,True,61,1739603722,-5.551115123125783e-17,0,4
300,800,0.07460059588809087,0.10970364686720557,0.042693453733761544,0.09762529450523516,-0.0351030509791147,-0.05493184077147362,0.029488597065143268,-1.190394066613903,-1.8628163506769642,0.23389154402512402,0.062488108803812205,0.368,0.275,0.064,True,999,0.00011370901484042406,0.0029491670429706573,weak_5x5_mild_strong_300_800,weak_null,True,62,1739603722,-5.551115123125783e-17,1,3
300,800,0.10375377080808157,0.1300127332744972,0.0718351017822556,0.12195616156361666,-0.026258962466415625,-0.050121059781361055,0.03330948410590063,-0.7883329079168766,-1.5047083774102141,0.4305020036488274,0.1323990683335455,0.528,0.48,0.121,True,999,0.00012087495997548103,0.0030989579390734434,weak_5x5_mild_strong_300_800,weak_null,True,63,1739603722,-5.551115123125783e-17,1,6
300,800,0.10717741213437426,0.12618761493427771,0.06907790925134805,0.11616787006323648,-0.019010202799903453,-0.04708996081188843,0.03445735195574425,-0.5517023717991868,-1.3666157768701737,0.5811522847061003,0.17174576941961472,0.673,0.634,0.193,True,999,0.00012504099868237972,0.003104541916400194,weak_5x5_mild_strong_300_800,weak_null,True,64,1739603722,-5.551115123125783e-17,0,6
300,800,0.15612343308919918,0.11486103683426202,0.12932228922778677,0.10300043637391809,0.04126239625493716,0.026321852853868677,0.036075542417535265,1.1437775703375348,0.7296315201368779,0.2527158940582347,0.46561544998486926,0.317,0.282,0.467,True,999,0.00011691695544868708,0.003033542074263096,weak_5x5_mild_strong_300_800,weak_null,True,65,1739603722,-5.551115123125783e-17,3,4
300,800,0.10212657158898852,0.06894177707145582,0.06980666403273972,0.06018431384768519,0.0331847945175327,0.009622350185054529,0.03087347923282995,1.0748641015569431,0.3116704182411163,0.28243557621488724,0.7552910117050433,0.392,0.334,0.767,True,999,0.00012095796409994364,0.0030677909962832928,weak_5x5_mild_strong_300_800,weak_null,True,66,1739603722,-5.551115123125783e-17,2,7
300,800,0.1455057128858599,0.12041923581435487,0.11121826592147954,0.10844629268603967,0.02508647707150502,0.002771973235439873,0.037269315056935,0.6731134455565203,0.07437682262754838,0.5008751205922988,0.9407105505768067,0.548,0.531,0.942,True,999,0.00012149999383836985,0.0030410420149564743,weak_5x5_mild_strong_300_800,weak_null,True,67,1739603722,-5.551115123125783e-17,0,4
300,800,0.07205800965795861,0.12742846274547814,0.0359675104012922,0.1165679749826154,-0.05537045308751953,-0.0806004645813232,0.030040185531484218,-1.8432127534461271,-2.683088108655263,0.06529795355122038,0.007294576936735432,0.166,0.077,0.005,True,999,0.00011799996718764305,0.0029957920778542757,weak_5x5_mild_strong_300_800,weak_null,True,68,1739603722,-5.551115123125783e-17,0,5
300,800,0.12020148492204918,0.0920067490336029,0.08512065889175346,0.08329426008219798,0.028194735888446287,0.001826398809555485,0.03318554599451489,0.8496089198926088,0.05503597288582696,0.39554255110070813,0.9561098049917803,0.455,0.421,0.949,True,999,0.00012087495997548103,0.003048792015761137,weak_5x5_mild_strong_300_800,weak_null,True,69,1739603722,-5.551115123125783e-17,0,5
300,800,0.17721646112506506,0.11642550669429785,0.14094494252964296,0.10690124706337656,0.06079095443076721,0.0340436954662664,0.04023717764454268,1.5108155688203992,0.8460756310248739,0.1308354469370924,0.3975105541869508,0.168,0.154,0.381,True,999,0.00011737504974007607,0.0030456669628620148,weak_5x5_mild_strong_300_800,weak_null,True,70,1739603722,-5.551115123125783e-17,0,5
300,800,0.1929680095935331,0.08288962371697428,0.16149290199138022,0.07302084902482875,0.11007838587655883,0.08847205296655147,0.03627593820198696,3.0344738505075917,2.4388632617558472,0.0024095564302752484,0.01473354209219534,0.006,0.003,0.011,True,999,0.00012049998622387648,0.0031155410688370466,weak_5x5_mild_strong_300_800,weak_null,True,71,1739603722,-5.551115123125783e-17,2,5
300,800,0.102240421589182,0.1480659788949606,0.06645356945864478,0.14113561091164684,-0.045825557305778586,-0.07468204145300206,0.03440531596136453,-1.331932465239919,-2.1706541377752875,0.18288238167446658,0.02995732642844958,0.257,0.207,0.027,True,999,0.00012133305426687002,0.0030219160253182054,weak_5x5_mild_strong_300_800,weak_null,True,72,1739603722,-5.551115123125783e-17,1,8
300,800,0.08211914374619556,0.11056904780916577,0.04517857269831893,0.10145058986927324,-0.02844990406297021,-0.056272017170954314,0.03133288138199164,-0.9079887583949301,-1.7959413462464475,0.36388416102684185,0.07250384581632155,0.508,0.445,0.075,True,999,0.00011504103895276785,0.002947457949630916,weak_5x5_mild_strong_300_800,weak_null,True,73,1739603722,-5.551115123125783e-17,1,5
300,800,0.1518175149994978,0.10272924130671213,0.1212855480385997,0.09267589068161897,0.04908827369278568,0.028609657356980733,0.036504396418942285,1.3447222391907174,0.7837318285896945,0.17871495004419746,0.43319748225931387,0.231,0.203,0.446,True,999,0.00012104201596230268,0.003195249941200018,weak_5x5_mild_strong_300_800,weak_null,True,74,1739603722,-5.551115123125783e-17,2,5
300,800,0.18182937539604416,0.10943057280627955,0.15458503773021448,0.0970132123068197,0.07239880258976461,0.057571825423394785,0.037488094148528016,1.93124788640682,1.5357362578981724,0.053452404661671477,0.12460307864669398,0.08,0.064,0.146,True,999,0.0001235000090673566,0.0030397919472306967,weak_5x5_mild_strong_300_800,weak_null,True,75,1739603722,-5.551115123125783e-17,4,4
300,800,0.16018462475785467,0.1051241606298281,0.12704060719045174,0.0930232851975461,0.055060464128026565,0.034017321992905636,0.03436284795302771,1.6023254010637147,0.9899447810439231,0.1090836715050416,0.32220110971949323,0.172,0.138,0.319,True,999,0.00011675001587718725,0.0029722090112045407,weak_5x5_mild_strong_300_800,weak_null,True,76,1739603722,-5.551115123125783e-17,2,3
300,800,0.1173214977224788,0.1233910685790156,0.08127904697653321,0.11271013066834712,-0.00606957085653681,-0.03143108369181391,0.03509846030901946,-0.17292983233731982,-0.8955117522274012,0.8627065820915494,0.37051358631977915,0.882,0.874,0.359,True,999,0.00013279099948704243,0.003079083049669862,weak_5x5_mild_strong_300_800,weak_null,True,77,1739603722,-5.551115123125783e-17,1,5
300,800,0.12778017391943752,0.11697398126772496,0.09313025274764186,0.11083596139707197,0.010806192651712565,-0.017705708649430107,0.03444097744117385,0.3137597552267453,-0.5140884482640469,0.7537035125740008,0.6071901534306892,0.805,0.792,0.626,True,999,0.00011300004553049803,0.0030357500072568655,weak_5x5_mild_strong_300_800,weak_null,True,78,1739603722,-5.551115123125783e-17,1,9
300,800,0.1429550303975362,0.15317022931854873,0.10266949977784634,0.1430817914091449,-0.010215198921012525,-0.04041229163129856,0.038262328370314264,-0.266977974318415,-1.0561900791864078,0.789486119709428,0.29088138235723016,0.827,0.82,0.284,True,999,0.00011770892888307571,0.003072208957746625,weak_5x5_mild_strong_300_800,weak_null,True,79,1739603722,-5.551115123125783e-17,0,5
300,800,0.13013726240105605,0.09570843120823158,0.10131760230035525,0.08611672315464602,0.03442883119282447,0.015200879145709223,0.032555141664177716,1.057554334979549,0.4669271386533581,0.2902586707027013,0.6405520080108785,0.355,0.311,0.612,True,999,0.00011687492951750755,0.0031369999051094055,weak_5x5_mild_strong_300_800,weak_null,True,80,1739603722,-5.551115123125783e-17,2,5
300,800,0.14810806193177517,0.1075235885607182,0.1181463509394689,0.09535055591868513,0.04058447337105697,0.02279579502078377,0.035138872753010295,1.1549736855909858,0.6487343854486878,0.248101202537647,0.5165100747866842,0.326,0.295,0.511,True,999,0.00012333295308053493,0.0030998330330476165,weak_5x5_mild_strong_300_800,weak_null,True,81,1739603722,-5.551115123125783e-17,2,3
300,800,0.10891494889502806,0.08465711232699108,0.08077573981665864,0.07715514579001592,0.024257836568036983,0.0036205940266427206,0.03051995724754534,0.7948188253110346,0.11863037674909974,0.4267188986968329,0.9055681981183524,0.489,0.448,0.92,True,999,0.0001206250162795186,0.0030186669901013374,weak_5x5_mild_strong_300_800,weak_null,True,82,1739603722,-5.551115123125783e-17,2,7
300,800,0.0892007806697157,0.10478008176293296,0.0554220247584567,0.09578098484263364,-0.015579301093217257,-0.04035896008417694,0.031460730272910596,-0.4951983300474079,-1.2828360859419785,0.6204601293033658,0.19954950864625332,0.672,0.639,0.185,True,999,0.00011499994434416294,0.002997749950736761,weak_5x5_mild_strong_300_800,weak_null,True,83,1739603722,-5.551115123125783e-17,1,8
300,800,0.0939416577465797,0.09858209687595165,0.06263854214893172,0.08771772809120648,-0.004640439129371954,-0.025079185942274762,0.031620601984581644,-0.1467536617941257,-0.7931280357819719,0.8833264611027415,0.4277032300436171,0.91,0.892,0.406,True,999,0.00012004200834780931,0.003053374937735498,weak_5x5_mild_strong_300_800,weak_null,True,84,1739603722,-5.551115123125783e-17,2,4
300,800,0.15700776017261564,0.09541444136663746,0.11772127643524755,0.08535930804532654,0.06159331880597818,0.032361968389921,0.03761204866862601,1.6375954245043844,0.8604149344546513,0.10150611817291696,0.38956035630106456,0.138,0.122,0.382,True,999,0.00013091601431369781,0.002977708005346358,weak_5x5_mild_strong_300_800,weak_null,True,85,1739603722,-5.551115123125783e-17,0,6
300,800,0.1202253287156736,0.13612676592347778,0.09077434647008431,0.12447947939398318,-0.01590143720780418,-0.03370513292389887,0.03486629402437913,-0.4560690389602524,-0.9666967444355183,0.6483403333042227,0.33369565506838383,0.708,0.694,0.349,True,999,0.0001169589813798666,0.0030262090731412172,weak_5x5_mild_strong_300_800,weak_null,True,86,1739603722,-5.551115123125783e-17,2,5
300,800,0.15133554397119986,0.09162284555811356,0.12026083550631483,0.07956882725233072,0.059712698413086296,0.04069200825398411,0.03504683262426216,1.703797288995197,1.1610752015808103,0.08841896464320892,0.24561131851138607,0.159,0.108,0.236,True,999,0.00012116704601794481,0.0031620420049875975,weak_5x5_mild_strong_300_800,weak_null,True,87,1739603722,-5.551115123125783e-17,1,4
300,800,0.08084227795924015,0.09143004392800652,0.04783281463784306,0.08355083537662722,-0.010587765968766372,-0.03571802073878416,0.029500598762243306,-0.35890003637204987,-1.2107557892858194,0.719669872416312,0.22598901378509428,0.756,0.733,0.224,True,999,0.0001241669524461031,0.0030979160219430923,weak_5x5_mild_strong_300_800,weak_null,True,88,1739603722,-5.551115123125783e-17,1,7
300,800,0.1084849037402893,0.10901962571107338,0.0723527428806392,0.09829110850881762,-0.00053472197078408,-0.025938365628178417,0.032955476803652274,-0.016225587448481998,-0.787072988890994,0.9870544223170914,0.43123914037155076,0.987,0.987,0.412,True,999,0.00011954200454056263,0.003099708934314549,weak_5x5_mild_strong_300_800,weak_null,True,89,1739603722,-5.551115123125783e-17,0,4
300,800,0.10979994263045345,0.1254572754694489,0.07630558949097122,0.11523332802903496,-0.015657332838995452,-0.03892773853806375,0.0338159142944165,-0.46301669393516015,-1.151166228987376,0.6433524011458861,0.24966385565250837,0.715,0.69,0.264,True,999,0.00011829205323010683,0.003166832961142063,weak_5x5_mild_strong_300_800,weak_null,True,90,1739603722,-5.551115123125783e-17,0,5
300,800,0.13283079159179423,0.08658548018564105,0.09707661560338465,0.0754643038329732,0.04624531140615318,0.021612311770411452,0.03452005559764726,1.3396650325587849,0.6260798656385842,0.1803542706728576,0.5312625578433798,0.245,0.223,0.54,True,999,0.00011933292262256145,0.003067250014282763,weak_5x5_mild_strong_300_800,weak_null,True,91,1739603722,-5.551115123125783e-17,2,5
300,800,0.12003909003222046,0.11659316117338747,0.08764235185498137,0.10610209188172348,0.0034459288588329917,-0.01845974002674211,0.03439484521106674,0.10018736347515947,-0.5367007734287632,0.920195578022771,0.5914743217139162,0.935,0.932,0.552,True,999,0.00012645800597965717,0.0030798749066889286,weak_5x5_mild_strong_300_800,weak_null,True,92,1739603722,-5.551115123125783e-17,2,4
300,800,0.14767201677400066,0.10464380279138202,0.12102911149116835,0.09319619224379494,0.043028213982618635,0.02783291924737341,0.03519577317617653,1.2225392454723445,0.7908028929511649,0.2215037721761257,0.4290590215004063,0.312,0.273,0.435,True,999,0.00012362503912299871,0.003119083005003631,weak_5x5_mild_strong_300_800,weak_null,True,93,1739603722,-5.551115123125783e-17,3,3
300,800,0.15870632721193645,0.10044611913642382,0.12455932887752397,0.09149055553342578,0.05826020807551263,0.03306877334409819,0.03642312505694721,1.599538973781721,0.9079059880884871,0.1097008959517498,0.3639278936264414,0.16,0.141,0.389,True,999,0.00012383295688778162,0.0030867080204188824,weak_5x5_mild_strong_300_800,weak_null,True,94,1739603722,-5.551115123125783e-17,2,6
300,800,0.1336192282988392,0.12556016304309264,0.10078645241924278,0.11294936644276277,0.008059065255746567,-0.012162914023519988,0.03577594237597735,0.2252649328158027,-0.33997466497729717,0.8217731781554161,0.7338756071652022,0.85,0.845,0.758,True,999,0.00014745898079127073,0.003185083973221481,weak_5x5_mild_strong_300_800,weak_null,True,95,1739603722,-5.551115123125783e-17,2,3
300,800,0.16131995584571468,0.09709002748997969,0.1337555822111085,0.08347506066991173,0.06422992835573499,0.050280521541196777,0.037080697936249164,1.732166111494504,1.3559755975370624,0.08324399091213498,0.1751069323895429,0.123,0.098,0.177,True,999,0.00011675001587718725,0.0029619999695569277,weak_5x5_mild_strong_300_800,weak_null,True,96,1739603722,-5.551115123125783e-17,3,3
300,800,0.09546975031268168,0.11756455580441438,0.06124276051605193,0.10975197275104165,-0.022094805491732705,-0.04850921223498972,0.031920956646672626,-0.6921724100031263,-1.5196666181383451,0.48882906285981187,0.1285947854905602,0.573,0.523,0.119,True,999,0.00011216604616492987,0.003074500011280179,weak_5x5_mild_strong_300_800,weak_null,True,97,1739603722,-5.551115123125783e-17,0,7
300,800,0.16069801184626376,0.10935999689408576,0.13289197764180471,0.09776984325225158,0.05133801495217799,0.03512213438955314,0.03380432257589925,1.5186819625481673,1.0389835297156176,0.1288425689861834,0.298812396285999,0.187,0.145,0.294,True,999,0.00012187508400529623,0.002977832918986678,weak_5x5_mild_strong_300_800,weak_null,True,98,1739603722,-5.551115123125783e-17,3,5
300,800,0.13508547961744832,0.11160321437715315,0.1013326191498436,0.10062454540621957,0.023482265240295175,0.000708073743624027,0.03424435501225274,0.6857266031698698,0.020677093885128686,0.4928855276079328,0.9835032415452587,0.535,0.518,0.985,True,999,0.00011616700794547796,0.0029302920447662473,weak_5x5_mild_strong_300_800,weak_null,True,99,1739603722,-5.551115123125783e-17,0,3
300,800,0.15432827002274063,0.07795040622145072,0.12058396645107905,0.06955406378881435,0.07637786380128991,0.0510299026622647,0.03537552839372809,2.1590593065128982,1.4425198712031695,0.03084556616621708,0.14915576993164523,0.055,0.037,0.16,True,999,0.0001199580729007721,0.0031161659862846136,weak_5x5_mild_strong_300_800,weak_null,True,100,1739603722,-5.551115123125783e-17,2,6
300,800,0.14506542548318369,0.1343528636014617,0.11620458079983109,0.12270633062507841,0.010712561881721983,-0.006501749825247316,0.03569400558693004,0.30012215512300383,-0.18215242919186522,0.7640839803785924,0.8554631043586192,0.805,0.787,0.858,True,999,0.00012233294546604156,0.0029899580404162407,weak_5x5_mild_strong_300_800,weak_null,True,101,1739603722,-5.551115123125783e-17,3,4
300,800,0.09294217684890826,0.09234087012798176,0.06653776669878653,0.07860871973969097,0.0006013067209265088,-0.012070953040904442,0.029388965411148354,0.020460288836789412,-0.41073079205181784,0.9836761903570054,0.6812699456487592,0.986,0.985,0.674,True,999,0.00011416699271649122,0.003057833993807435,weak_5x5_mild_strong_300_800,weak_null,True,102,1739603722,-5.551115123125783e-17,3,1
300,800,0.1344352399477594,0.10811294018777007,0.10062465580716662,0.09872999129987647,0.026322299759989343,0.0018946645072901447,0.03482491533628873,0.7558467696419816,0.05440543039356195,0.4497410718078527,0.9566121524363438,0.505,0.468,0.959,True,999,0.00011987495236098766,0.0031113330041989684,weak_5x5_mild_strong_300_800,weak_null,True,103,1739603722,-5.551115123125783e-17,0,6
300,800,0.08907916347717448,0.08706926647006091,0.05194996782461203,0.07845558886612025,0.0020098970071135702,-0.02650562104150822,0.031183090129961025,0.0644547092266023,-0.8499998214109433,0.9486081688837931,0.39532518553550955,0.952,0.945,0.383,True,999,0.00011570798233151436,0.0030331250745803118,weak_5x5_mild_strong_300_800,weak_null,True,104,1739603722,-5.551115123125783e-17,0,7
300,800,0.09367744333799177,0.07621727923996346,0.06276102057171329,0.06213478440264453,0.017460164098028308,0.0006262361690687612,0.03034073335973037,0.5754694156866442,0.020640113132529978,0.5649738693635524,0.9835327416211405,0.655,0.626,0.983,True,999,0.00011437502689659595,0.003089291974902153,weak_5x5_mild_strong_300_800,weak_null,True,105,1739603722,-5.551115123125783e-17,1,2
300,800,0.1933634880367059,0.09120485423267499,0.1666556043215337,0.07878617725361892,0.1021586338040309,0.08786942706791478,0.038385327348999555,2.6613980095885124,2.2891410113298134,0.0077816911919419505,0.02207116064044146,0.021,0.018,0.033,True,999,0.00011920800898224115,0.0030921249417588115,weak_5x5_mild_strong_300_800,weak_null,True,106,1739603722,-5.551115123125783e-17,3,4
300,800,0.14322560353552627,0.11997766685765598,0.11013685479491642,0.10661894759090274,0.023247936677870285,0.0035179072040136816,0.03584247598966904,0.6486141382802654,0.09814911238352106,0.516587814703803,0.921813889711542,0.576,0.554,0.916,True,999,0.00011612498201429844,0.0031095000449568033,weak_5x5_mild_strong_300_800,weak_null,True,107,1739603722,-5.551115123125783e-17,1,2
300,800,0.18921309897648597,0.1107986102931775,0.15838753076940293,0.10119014251245062,0.07841448868330847,0.05719738825695231,0.040740316141641336,1.9247393272719293,1.4039505255210805,0.05426197782419709,0.16033358260289865,0.075,0.058,0.159,True,999,0.00011758296750485897,0.0031103750225156546,weak_5x5_mild_strong_300_800,weak_null,True,108,1739603722,-5.551115123125783e-17,2,5
300,800,0.12247000457306711,0.13596415527392192,0.08976450354083454,0.12495341718295094,-0.013494150700854801,-0.035188913642116404,0.03541676781828218,-0.38101022572390425,-0.9935664886944269,0.7031956608055245,0.3204339657620343,0.778,0.758,0.311,True,999,0.00011491694021970034,0.002940415986813605,weak_5x5_mild_strong_300_800,weak_null,True,109,1739603722,-5.551115123125783e-17,1,4
300,800,0.153988481110655,0.11563630376176132,0.12452956456201036,0.1054688638342327,0.03835217734889368,0.019060700727777657,0.0367933027858925,1.0423684324311024,0.5180481034468595,0.2972408962435681,0.6044247075472349,0.356,0.335,0.58,True,999,0.00011699995957314968,0.0030422089621424675,weak_5x5_mild_strong_300_800,weak_null,True,110,1739603722,-5.551115123125783e-17,3,5
300,800,0.1245713902233534,0.10716330309613548,0.09833397535930999,0.09286062449666588,0.01740808712721792,0.005473350862644111,0.03353990595326121,0.5190261162770275,0.16318921318000645,0.6037425292614447,0.8703694589961215,0.675,0.634,0.869,True,999,0.00013170891907066107,0.003024042001925409,weak_5x5_mild_strong_300_800,weak_null,True,111,1739603722,-5.551115123125783e-17,3,1
300,800,0.11933040135261119,0.08998464052572586,0.0887299067730396,0.0782688954334958,0.029345760826885336,0.010461011339543802,0.03301971382306947,0.8887345597278526,0.31681108429943866,0.3741457529011083,0.7513869530823061,0.427,0.391,0.737,True,999,0.00011779193300753832,0.002942875027656555,weak_5x5_mild_strong_300_800,weak_null,True,112,1739603722,-5.551115123125783e-17,3,5
300,800,0.15392279335855696,0.08597168418143358,0.12361858898918854,0.07721177907677657,0.06795110917712338,0.04640680991241197,0.0361213692210599,1.8811886327250777,1.2847467001709154,0.05994626348018253,0.19888081325919305,0.087,0.068,0.192,True,999,0.00012041698209941387,0.0030507909832522273,weak_5x5_mild_strong_300_800,weak_null,True,113,1739603722,-5.551115123125783e-17,2,7
300,800,0.17365283071794435,0.11630668449613418,0.1434207886753711,0.10728653016855105,0.05734614622181017,0.03613425850682006,0.037655735171434876,1.5229060317301193,0.9595950880340537,0.12778221653171815,0.3372590421506845,0.185,0.154,0.325,True,999,0.0001347920624539256,0.003017416107468307,weak_5x5_mild_strong_300_800,weak_null,True,114,1739603722,-5.551115123125783e-17,2,6
300,800,0.08204070985716716,0.08871863823207515,0.053152304231957714,0.07815286994872395,-0.006677928374907993,-0.025000565716766232,0.029448310542331223,-0.2267677925125326,-0.8489643465566058,0.8206043091519829,0.3959011316622515,0.842,0.82,0.357,True,999,0.00011983397416770458,0.0030898749828338623,weak_5x5_mild_strong_300_800,weak_null,True,115,1739603722,-5.551115123125783e-17,2,6
300,800,0.15410589711740275,0.07270052318438858,0.11755064820232519,0.06440424999402694,0.08140537393301417,0.05314639820829825,0.03491392168131167,2.331602123533087,1.5222122193378769,0.019721632016741198,0.12795591435196266,0.034,0.021,0.114,True,999,0.00011445803102105856,0.0030650419648736715,weak_5x5_mild_strong_300_800,weak_null,True,116,1739603722,-5.551115123125783e-17,0,7
300,800,0.1296697617333722,0.10018952855649088,0.09677491709442165,0.09190950102379247,0.02948023317688131,0.0048654160706291805,0.03518773721497763,0.8377984920363982,0.13827021728917027,0.402143885819331,0.890026862549687,0.444,0.45,0.894,True,999,0.00011945806909352541,0.003028790932148695,weak_5x5_mild_strong_300_800,weak_null,True,117,1739603722,-5.551115123125783e-17,2,6
300,800,0.12420734383570609,0.1190645460041414,0.08803559162805641,0.10699999526366355,0.005142797831564683,-0.01896440363560714,0.03522135728724999,0.14601361865819856,-0.5384347764040368,0.8839106375169027,0.5902769228434772,0.887,0.882,0.582,True,999,0.00011904200073331594,0.00308358296751976,weak_5x5_mild_strong_300_800,weak_null,True,118,1739603722,-5.551115123125783e-17,0,3
300,800,0.1544585778681492,0.12039426592062824,0.12330475108387873,0.1128344779851318,0.034064311947520964,0.01047027309874693,0.03738295299407168,0.9112258187019896,0.2800814879554149,0.3621764029099185,0.7794149870168372,0.412,0.393,0.788,True,999,0.00011591706424951553,0.0029570829356089234,weak_5x5_mild_strong_300_800,weak_null,True,119,1739603722,-5.551115123125783e-17,4,7
300,800,0.1179031213874635,0.1282731930490809,0.0853019646303892,0.11630536449195006,-0.010370071661617408,-0.031003399861560865,0.03389927230764251,-0.30590838551066774,-0.91457420030138,0.7596744011261962,0.3604152080431179,0.777,0.757,0.303,True,999,0.0001213329378515482,0.0030810830648988485,weak_5x5_mild_strong_300_800,weak_null,True,120,1739603722,-5.551115123125783e-17,2,4
300,800,0.15282007120769836,0.09988863843410067,0.11787884929987058,0.08993032332875828,0.052931432773597686,0.027948525971112304,0.03688991854731973,1.4348481877427042,0.7576196172746206,0.15133036284371246,0.4486787327725541,0.208,0.193,0.457,True,999,0.00012491701636463404,0.0031669579911977053,weak_5x5_mild_strong_300_800,weak_null,True,121,1739603722,-5.551115123125783e-17,1,6
300,800,0.14564358266004807,0.12461050730429696,0.1113581848972558,0.11605864049602133,0.021033075355751107,-0.004700455598765529,0.03560972353975786,0.5906553959136446,-0.13199921626792532,0.5547513397585052,0.8949849116523686,0.617,0.583,0.882,True,999,0.00012404099106788635,0.0029492920730262995,weak_5x5_mild_strong_300_800,weak_null,True,122,1739603722,-5.551115123125783e-17,2,5
300,800,0.14428062094765037,0.13193706551113826,0.11583604375624645,0.11962356076321612,0.01234355543651211,-0.003787517006969665,0.0362651212023311,0.34036989336516194,-0.10443966217121606,0.733577988253961,0.9168204489048647,0.751,0.735,0.908,True,999,0.00012066704221069813,0.003042332944460213,weak_5x5_mild_strong_300_800,weak_null,True,123,1739603722,-5.551115123125783e-17,2,2
300,800,0.10038239457812526,0.12926276194173292,0.06727134870294549,0.12009321732216449,-0.028880367363607662,-0.052821868619219,0.03356811949093993,-0.8603510652839074,-1.5735724675752445,0.3895955517216827,0.11558632254123523,0.449,0.404,0.096,True,999,0.00011870800517499447,0.0030493750236928463,weak_5x5_mild_strong_300_800,weak_null,True,124,1739603722,-5.551115123125783e-17,1,7
300,800,0.14716917616501968,0.09789098135783197,0.11404721409365948,0.08764679767540429,0.0492781948071877,0.02640041641825519,0.03555879756306699,1.3858228675980402,0.7424440146332698,0.16580099790175973,0.4578183603309848,0.239,0.203,0.484,True,999,0.00011608295608311892,0.0030452910577878356,weak_5x5_mild_strong_300_800,weak_null,True,125,1739603722,-5.551115123125783e-17,1,5
300,800,0.10068695900140656,0.11323840944182928,0.06554002619992616,0.10136862923371837,-0.012551450440422718,-0.035828603033792206,0.03267036133266847,-0.3841846226497652,-1.096669934836799,0.7008416147718839,0.2727857037615419,0.758,0.737,0.275,True,999,0.00012212502770125866,0.0031165420077741146,weak_5x5_mild_strong_300_800,weak_null,True,126,1739603722,-5.551115123125783e-17,0,4
300,800,0.10590561519805908,0.09145568295804479,0.07712508309072064,0.08092832754351775,0.014449932240014285,-0.0038032444527971165,0.031414698358044016,0.4599736109296192,-0.12106576384882783,0.6455351621779573,0.9036389461610568,0.682,0.653,0.883,True,999,0.00012087495997548103,0.0030040000565350056,weak_5x5_mild_strong_300_800,weak_null,True,127,1739603722,-5.551115123125783e-17,2,5
300,800,0.1686910517671838,0.101184032585804,0.13961144070873388,0.0911210419748727,0.0675070191813798,0.048490398733861184,0.03633331949339411,1.857992061354413,1.33459863865941,0.06317014166576476,0.18200774382981366,0.111,0.077,0.174,True,999,0.00012374995276331902,0.002955000032670796,weak_5x5_mild_strong_300_800,weak_null,True,128,1739603722,-5.551115123125783e-17,3,5
300,800,0.13366818435233097,0.12025134117816566,0.09959556532379565,0.10851790383020443,0.013416843174165305,-0.008922338506408778,0.03479797497183263,0.38556390666484547,-0.2564039578059069,0.6998196684018392,0.7976389320992098,0.732,0.717,0.782,True,999,0.00013937498442828655,0.003098416025750339,weak_5x5_mild_strong_300_800,weak_null,True,129,1739603722,-5.551115123125783e-17,2,4
300,800,0.13738391068616618,0.12413594024281666,0.10805732569480142,0.11551867092458679,0.013247970443349522,-0.0074613452297853655,0.03627638967940884,0.3651953945921283,-0.20568047966527842,0.7149655558305752,0.8370405075167803,0.735,0.727,0.846,True,999,0.00011512497439980507,0.002913333009928465,weak_5x5_mild_strong_300_800,weak_null,True,130,1739603722,-5.551115123125783e-17,3,5
300,800,0.12183820339036389,0.12168244228623226,0.08777571347883395,0.11145111101780003,0.00015576110413162425,-0.02367539753896608,0.03509953378171021,0.004437697238382944,-0.6745217097813117,0.9964592415094325,0.4999796882040114,1.0,1.0,0.493,True,999,0.00011991593055427074,0.003065750002861023,weak_5x5_mild_strong_300_800,weak_null,True,131,1739603722,-5.551115123125783e-17,2,5
300,800,0.11288229549082263,0.10621174162535935,0.07645115745452813,0.09680415626968397,0.00667055386546328,-0.020352998815155843,0.03321969604236659,0.20080117099674902,-0.6126786587450631,0.8408540472564319,0.540088836383767,0.873,0.865,0.539,True,999,0.00012987502850592136,0.003085542004555464,weak_5x5_mild_strong_300_800,weak_null,True,132,1739603722,-5.551115123125783e-17,0,6
300,800,0.1417352612488767,0.07677739700092012,0.11089121601332863,0.06927198109440269,0.06495786424795658,0.04161923491892594,0.03336410769401681,1.9469384538524754,1.2474253860051387,0.051542113767897225,0.21224156309290798,0.109,0.076,0.207,True,999,0.00011966703459620476,0.0030848749447613955,weak_5x5_mild_strong_300_800,weak_null,True,133,1739603722,-5.551115123125783e-17,1,8
300,800,0.12507908107986543,0.11325736036883366,0.09370745722111451,0.10202114495746173,0.011821720711031769,-0.00831368773634722,0.034004190589479476,0.3476548186001898,-0.24449009349216455,0.7280994319175832,0.806851273467249,0.812,0.793,0.776,True,999,0.0001193339703604579,0.00312533404212445,weak_5x5_mild_strong_300_800,weak_null,True,134,1739603722,-5.551115123125783e-17,1,4
300,800,0.12722635188825815,0.09632971094182341,0.09714226266100923,0.0869342080881097,0.03089664094643474,0.010208054572899528,0.032724555828797436,0.9441424081681762,0.31193867462416386,0.345096880677195,0.7550871298297543,0.394,0.351,0.717,True,999,0.00011741602793335915,0.00292749993968755,weak_5x5_mild_strong_300_800,weak_null,True,135,1739603722,-5.551115123125783e-17,3,6
300,800,0.11128112912789101,0.088534402769603,0.07503849923551797,0.07774528217032639,0.022746726358288005,-0.002706782934808416,0.03273234029563037,0.6949312561474438,-0.08269445173676628,0.4870983836490286,0.9340944966361473,0.541,0.523,0.939,True,999,0.00011337501928210258,0.003049209015443921,weak_5x5_mild_strong_300_800,weak_null,True,136,1739603722,-5.551115123125783e-17,1,5
300,800,0.13124292542462768,0.11673299762413025,0.09887014734800914,0.10661703943884504,0.014509927800497424,-0.0077468920908359,0.03556045154565191,0.4080355330097488,-0.21785134198564857,0.6832475880479375,0.8275449400022681,0.703,0.688,0.822,True,999,0.00012158299796283245,0.0031253329943865538,weak_5x5_mild_strong_300_800,weak_null,True,137,1739603722,-5.551115123125783e-17,2,5
300,800,0.14704836385841735,0.12815542167660215,0.10965422550111725,0.11685198664167729,0.018892942181815198,-0.007197761140560033,0.037593371222868315,0.5025604665729603,-0.19146357207202486,0.6152733299945761,0.8481624178312469,0.671,0.653,0.853,True,999,0.00011987495236098766,0.003127457923255861,weak_5x5_mild_strong_300_800,weak_null,True,138,1739603722,-5.551115123125783e-17,1,4
300,800,0.0918598749429087,0.12134835309837771,0.057393953049142965,0.10873013361714357,-0.02948847815546901,-0.0513361805680006,0.03272388221002776,-0.9011301888390458,-1.568768040372342,0.3675191034484766,0.11670199787611182,0.447,0.396,0.113,True,999,0.00012229103595018387,0.0031290421029552817,weak_5x5_mild_strong_300_800,weak_null,True,139,1739603722,-5.551115123125783e-17,1,3
300,800,0.10265226056605925,0.08384543176518705,0.07491351281504421,0.0712185003446848,0.0188068288008722,0.0036950124703594156,0.030277512897391456,0.6211484035894009,0.1220381767446215,0.5345019841214772,0.902868783552905,0.602,0.571,0.889,True,999,0.0001194999786093831,0.0029662500601261854,weak_5x5_mild_strong_300_800,weak_null,True,140,1739603722,-5.551115123125783e-17,3,3
300,800,0.13727646399640792,0.11476882145248879,0.10628913480434221,0.10476369947770081,0.022507642543919126,0.0015254353266414,0.034829915410641066,0.6462158256359906,0.043796699149471846,0.5181395919025027,0.9650664582585279,0.602,0.56,0.954,True,999,0.00012141698971390724,0.0029704999178647995,weak_5x5_mild_strong_300_800,weak_null,True,141,1739603722,-5.551115123125783e-17,2,4
300,800,0.12933156582918515,0.11887760509006029,0.09624712548907155,0.10958929160858588,0.010453960739124857,-0.013342166119514332,0.034458014678536576,0.30338256097024896,-0.38720066271911435,0.7615983341372559,0.69860765955775,0.797,0.772,0.672,True,999,0.00012179207988083363,0.0031094589503481984,weak_5x5_mild_strong_300_800,weak_null,True,142,1739603722,-5.551115123125783e-17,1,6
300,800,0.16269867297407847,0.13098946748597873,0.13631273136121536,0.12212430780328987,0.031709205488099745,0.01418842355792549,0.03748999441936895,0.8458044867490672,0.37845894024980536,0.3976618220839434,0.7050896903206597,0.444,0.424,0.713,True,999,0.00011233403347432613,0.0030132089741528034,weak_5x5_mild_strong_300_800,weak_null,True,143,1739603722,-5.551115123125783e-17,3,6
300,800,0.16431205370005142,0.09579051335768834,0.13713867635902943,0.08578348944905656,0.06852154034236307,0.05135518690997287,0.03525986991882276,1.943329357145026,1.4564769248498548,0.051976376621134635,0.14526082399398535,0.102,0.063,0.136,True,999,0.00012158299796283245,0.0030554160475730896,weak_5x5_mild_strong_300_800,weak_null,True,144,1739603722,-5.551115123125783e-17,3,6
300,800,0.1613829692714015,0.1230877573539445,0.13139520138633998,0.11121368649560281,0.038295211917456995,0.020181514890737162,0.03765832400927471,1.0169122743759236,0.5359111277965196,0.30919516368929145,0.5920199734196215,0.368,0.351,0.573,True,999,0.00011666689533740282,0.0030639589531347156,weak_5x5_mild_strong_300_800,weak_null,True,145,1739603722,-5.551115123125783e-17,3,4
300,800,0.10653577184663554,0.13348047790385914,0.06933049262528357,0.12209706101702977,-0.0269447060572236,-0.052766568391746205,0.03540017840535651,-0.761146052674879,-1.4905735159730702,0.44656983623628654,0.1360735018659708,0.516,0.478,0.145,True,999,0.00011512497439980507,0.003126958035863936,weak_5x5_mild_strong_300_800,weak_null,True,146,1739603722,-5.551115123125783e-17,2,4
300,800,0.10370779459084234,0.0906739647608718,0.07416702055309088,0.07638629850691814,0.013033829829970534,-0.002219277953827259,0.031132902755526506,0.41865128774915966,-0.07128400365537092,0.6754710009902182,0.9431717260738125,0.732,0.714,0.947,True,999,0.0001467089168727398,0.0030278339982032776,weak_5x5_mild_strong_300_800,weak_null,True,147,1739603722,-5.551115123125783e-17,2,2
300,800,0.10969811795531559,0.13377589923475897,0.08173034048718364,0.12329393799592481,-0.024077781279443378,-0.04156359750874117,0.03249420750497088,-0.7409868751456707,-1.2791078995351055,0.45870139833977974,0.20085906221621885,0.55,0.502,0.192,True,999,0.00013058306649327278,0.0030823330162093043,weak_5x5_mild_strong_300_800,weak_null,True,148,1739603722,-5.551115123125783e-17,3,4
300,800,0.19506463875961466,0.12683654440796532,0.1633651795152673,0.1173455618517778,0.06822809435164934,0.0460196176634895,0.039652401573490335,1.7206547811536166,1.1605757996321708,0.08531348642684665,0.24581445172922878,0.139,0.122,0.284,True,999,0.00012333295308053493,0.0031444579362869263,weak_5x5_mild_strong_300_800,weak_null,True,149,1739603722,-5.551115123125783e-17,1,6
300,800,0.15768019082077644,0.10432113641894891,0.13181411689146216,0.0953349345791139,0.05335905440182753,0.03647918231234826,0.03615476240767238,1.4758513359917484,1.008973089105601,0.13998380591221718,0.312987540452072,0.193,0.169,0.325,True,999,0.00011987506877630949,0.003046999918296933,weak_5x5_mild_strong_300_800,weak_null,True,150,1739603722,-5.551115123125783e-17,4,6
300,800,0.12905767595715845,0.11835621589897255,0.09936389521368483,0.1093526322133016,0.010701460058185897,-0.009988736999616776,0.03435467894063481,0.31149934705191434,-0.2907533211670353,0.7554210391908902,0.7712399879581364,0.765,0.753,0.77,True,999,0.00011620798613876104,0.0029828749829903245,weak_5x5_mild_strong_300_800,weak_null,True,151,1739603722,-5.551115123125783e-17,2,6
300,800,0.13600424984300152,0.09020321756600774,0.1026726084549523,0.0789021264333769,0.04580103227699378,0.02377048202157539,0.03444853929413905,1.329549328229026,0.6900287358663018,0.183666802884071,0.4901761165956584,0.218,0.203,0.465,True,999,0.00012012501247227192,0.0030543749453499913,weak_5x5_mild_strong_300_800,weak_null,True,152,1739603722,-5.551115123125783e-17,1,5
300,800,0.1647177766240162,0.09563442507338465,0.12940015374090308,0.0874489361765427,0.06908335155063156,0.04195121756436038,0.03744573167416448,1.8448925541571222,1.120320412734903,0.0650531700196087,0.26257724644833413,0.1,0.087,0.276,True,999,0.00011866702698171139,0.0030377500224858522,weak_5x5_mild_strong_300_800,weak_null,True,153,1739603722,-5.551115123125783e-17,2,7
300,800,0.11927205266620866,0.09405108800857825,0.08637965938527259,0.0797503169918059,0.025220964657630407,0.006629342393466686,0.03266656922947936,0.7720726495780953,0.2029396581837604,0.4400714001386742,0.8391821964342161,0.528,0.49,0.824,True,999,0.00013737508561462164,0.003025542013347149,weak_5x5_mild_strong_300_800,weak_null,True,154,1739603722,-5.551115123125783e-17,1,2
300,800,0.18666589371979714,0.12006225882844918,0.1568509219893599,0.10743109201132484,0.06660363489134796,0.04941982997803507,0.037963413756851645,1.754416378830719,1.301775185302343,0.07935918684783219,0.19299324897889425,0.118,0.096,0.179,True,999,0.00014358304906636477,0.003150500007905066,weak_5x5_mild_strong_300_800,weak_null,True,155,1739603722,-5.551115123125783e-17,2,3
300,800,0.09484418720365873,0.0958006579052042,0.05943083259330706,0.08504900403551119,-0.0009564707015454754,-0.02561817144220413,0.03150134012230531,-0.03036285751120228,-0.813240685721321,0.975777666601233,0.4160800768450885,0.982,0.978,0.383,True,999,0.00011445803102105856,0.0029670409858226776,weak_5x5_mild_strong_300_800,weak_null,True,156,1739603722,-5.551115123125783e-17,0,5
300,800,0.1851543836892917,0.15912646751827497,0.15482922262447119,0.14899053971117837,0.02602791617101674,0.005838682913292814,0.038127054009446014,0.6826626616514431,0.15313753094708746,0.49482002869446606,0.8782898195047291,0.564,0.536,0.879,True,999,0.00011695805005729198,0.0030295829055830836,weak_5x5_mild_strong_300_800,weak_null,True,157,1739603722,-5.551115123125783e-17,3,5
300,800,0.18538186607262963,0.09389455682640724,0.15112523578335413,0.08159419848379912,0.09148730924622239,0.06953103729955501,0.03796598082929924,2.4097180488385934,1.8314036877429039,0.01596485295018339,0.06704031129141799,0.031,0.026,0.067,True,999,0.00011804199311882257,0.0030264590168371797,weak_5x5_mild_strong_300_800,weak_null,True,158,1739603722,-5.551115123125783e-17,1,3
300,800,0.08310056995394588,0.09094280017677964,0.04827618280290835,0.08132968745712787,-0.007842230222833757,-0.03305350465421952,0.030101350656356936,-0.26052751959080617,-1.0980738051114374,0.7944568904528427,0.2721722626100531,0.826,0.796,0.272,True,999,0.00011454196646809578,0.0030316670890897512,weak_5x5_mild_strong_300_800,weak_null,True,159,1739603722,-5.551115123125783e-17,1,6
300,800,0.10866885547437266,0.1282464128798937,0.07691981806732429,0.11624237791625092,-0.01957755740552103,-0.03932255984892663,0.034349020850888326,-0.5699596937714374,-1.1447942000917235,0.5687050360508366,0.25229441847813905,0.634,0.596,0.254,True,999,0.00011379201896488667,0.003245375002734363,weak_5x5_mild_strong_300_800,weak_null,True,160,1739603722,-5.551115123125783e-17,2,4
300,800,0.1853133704622013,0.1208063463524976,0.15264909925662096,0.10941797095318861,0.06450702410970371,0.04323112830343234,0.03896228929395991,1.6556271532972744,1.1095633518160393,0.0977973478226222,0.2671872309153561,0.146,0.118,0.275,True,999,0.00012941693421453238,0.0031212500762194395,weak_5x5_mild_strong_300_800,weak_null,True,161,1739603722,-5.551115123125783e-17,2,5
300,800,0.09583861383378833,0.07144928340706974,0.06258543269683514,0.058256740826777786,0.024389330426718592,0.004328691870057355,0.030183160375094477,0.8080442910426092,0.14341413610316164,0.419065085641534,0.885963119381353,0.509,0.468,0.893,True,999,0.00011424999684095383,0.0030768750002607703,weak_5x5_mild_strong_300_800,weak_null,True,162,1739603722,-5.551115123125783e-17,1,3
300,800,0.146454966862964,0.13676906609018197,0.11201615717709501,0.128727589779146,0.00968590077278203,-0.01671143260205099,0.03711264190620744,0.2609865607859615,-0.45028949014960445,0.7941028711363547,0.6525017161657753,0.808,0.798,0.64,True,999,0.00012029102072119713,0.0031071669654920697,weak_5x5_mild_strong_300_800,weak_null,True,163,1739603722,-5.551115123125783e-17,1,7
300,800,0.13482385169485722,0.13848055072922538,0.09808890507190426,0.12517630044931138,-0.0036566990343681605,-0.02708739537740712,0.03647120507601396,-0.10026263258224676,-0.7427063438389565,0.9201358228411832,0.45765948815998037,0.909,0.905,0.446,True,999,0.00011458294466137886,0.0030109169892966747,weak_5x5_mild_strong_300_800,weak_null,True,164,1739603722,-5.551115123125783e-17,0,2
300,800,0.11677213055984903,0.09346476796925252,0.0877037063081616,0.08171119096772372,0.023307362590596514,0.005992515340437876,0.03333401110439275,0.6992066606567211,0.1797718048893367,0.4844228886505545,0.8573317194064063,0.549,0.527,0.854,True,999,0.00011279096361249685,0.0031143329106271267,weak_5x5_mild_strong_300_800,weak_null,True,165,1739603722,-5.551115123125783e-17,1,5
300,800,0.14977299738321515,0.13962985861287525,0.11801770534196976,0.13037185000172258,0.010143138770339899,-0.01235414465975282,0.037186536239144086,0.2727637418314538,-0.33222090329425025,0.7850348328381751,0.7397224607576691,0.796,0.784,0.762,True,999,0.00011824991088360548,0.003077541012316942,weak_5x5_mild_strong_300_800,weak_null,True,166,1739603722,-5.551115123125783e-17,1,6
300,800,0.15602329305379925,0.09059610093072945,0.12750998898138732,0.0816526489056173,0.0654271921230698,0.045857340075770026,0.03558463521386535,1.8386360216944548,1.288683719817984,0.06596873935262698,0.19750806459060644,0.112,0.096,0.2,True,999,0.00012570898979902267,0.0029038749635219574,weak_5x5_mild_strong_300_800,weak_null,True,167,1739603722,-5.551115123125783e-17,3,6
300,800,0.15416674849659073,0.09301579329602233,0.12483809098483789,0.08048480574228734,0.0611509552005684,0.044353285242550555,0.03542379618169835,1.7262677011494874,1.2520760060567877,0.08429926323483727,0.21054216978827045,0.147,0.108,0.213,True,999,0.0001282920129597187,0.00299220799934119,weak_5x5_mild_strong_300_800,weak_null,True,168,1739603722,-5.551115123125783e-17,2,3
300,800,0.11888738286902334,0.10359583747692636,0.08715360300254815,0.0948569179732317,0.015291545392096983,-0.00770331497068355,0.03345685852859655,0.4570526362786529,-0.23024621286841093,0.6476332126554414,0.8179004536600865,0.698,0.67,0.829,True,999,0.00011708296369761229,0.0029879999347031116,weak_5x5_mild_strong_300_800,weak_null,True,169,1739603722,-5.551115123125783e-17,1,7
300,800,0.09107887529754333,0.08154336422386682,0.05664014354107394,0.06912458282624812,0.009535511073676506,-0.012484439285174176,0.030515933363903257,0.31247646794758993,-0.4091121558137164,0.7546784442193055,0.6824573559467185,0.816,0.802,0.69,True,999,0.00012204202357679605,0.0030215829610824585,weak_5x5_mild_strong_300_800,weak_null,True,170,1739603722,-5.551115123125783e-17,1,4
300,800,0.10545513395749495,0.10654545816388555,0.07226295070734068,0.09692706338535118,-0.0010903242063906027,-0.024664112678010497,0.03304512857265207,-0.03299500572356519,-0.7463766595365089,0.9736785703297698,0.4554399146765662,0.971,0.966,0.461,True,999,0.00011891697067767382,0.0030364160193130374,weak_5x5_mild_strong_300_800,weak_null,True,171,1739603722,-5.551115123125783e-17,1,5
300,800,0.13874723452199167,0.09886869385823477,0.10878680224476511,0.08755722727795501,0.0398785406637569,0.021229574966810105,0.034549521973566776,1.1542429065810884,0.6144679797032351,0.24840059628806332,0.5389061261063295,0.313,0.286,0.522,True,999,0.00011541694402694702,0.0030005000298842788,weak_5x5_mild_strong_300_800,weak_null,True,172,1739603722,-5.551115123125783e-17,2,5
300,800,0.10694014711782796,0.11869335803193748,0.0781129687649127,0.10902988943769287,-0.011753210914109524,-0.03091692067278018,0.03322702827039644,-0.35372440828784635,-0.9304750464345785,0.7235454285611346,0.3521251782622006,0.763,0.738,0.342,True,999,0.00012141698971390724,0.0031087499810382724,weak_5x5_mild_strong_300_800,weak_null,True,173,1739603722,-5.551115123125783e-17,2,5
300,800,0.1000303204701507,0.1169033151955044,0.06852019713858226,0.10350704094196317,-0.016872994725353696,-0.03498684380338091,0.03208694085764232,-0.5258523958457998,-1.090376423187376,0.598990766515203,0.27554736308915107,0.674,0.642,0.272,True,999,0.00011770892888307571,0.003014375106431544,weak_5x5_mild_strong_300_800,weak_null,True,174,1739603722,-5.551115123125783e-17,1,2
300,800,0.12419968475554766,0.13129030787598234,0.09614485619079005,0.11866317592125597,-0.00709062312043468,-0.02251831973046592,0.03438826924322762,-0.206193079107379,-0.6548256200739341,0.8366400937682353,0.5125800333746304,0.854,0.849,0.511,True,999,0.00011716701555997133,0.0030618750024586916,weak_5x5_mild_strong_300_800,weak_null,True,175,1739603722,-5.551115123125783e-17,4,3
300,800,0.156100768186216,0.09827694684016164,0.13069357400820536,0.09100196186506082,0.05782382134605435,0.03969161214314454,0.036728822540151765,1.574344543249151,1.080666609983314,0.11540781719278362,0.2798454409392035,0.142,0.14,0.291,True,999,0.00012520793825387955,0.003066082950681448,weak_5x5_mild_strong_300_800,weak_null,True,176,1739603722,-5.551115123125783e-17,5,7
300,800,0.1014427986148988,0.09732843505938577,0.07206651046629986,0.08624710031813265,0.004114363555513034,-0.014180589851832792,0.03190018446380793,0.12897616815291302,-0.4445300267125808,0.8973765063624041,0.6566594247981181,0.909,0.902,0.668,True,999,0.00011741707567125559,0.0029519160743802786,weak_5x5_mild_strong_300_800,weak_null,True,177,1739603722,-5.551115123125783e-17,3,4
300,800,0.13264071015277534,0.14154892179621004,0.1032533931044668,0.1326472464288031,-0.008908211643434694,-0.029393853324336305,0.034692888993321166,-0.2567734167410976,-0.8472587373739617,0.7973536925465454,0.39685092045580317,0.837,0.823,0.378,True,999,0.00011975003872066736,0.003118583932518959,weak_5x5_mild_strong_300_800,weak_null,True,178,1739603722,-5.551115123125783e-17,2,6
300,800,0.11083451605624162,0.1030776424962545,0.07642929182014768,0.09604587993845826,0.00775687355998711,-0.019616588118310574,0.032689220744501375,0.2372914796781103,-0.6000934764286255,0.8124306716030683,0.5484439399555867,0.851,0.843,0.539,True,999,0.00012199999764561653,0.0030887910397723317,weak_5x5_mild_strong_300_800,weak_null,True,179,1739603722,-5.551115123125783e-17,1,8
300,800,0.109047899429907,0.1433115567886687,0.07423939085646225,0.13442809046870252,-0.03426365735876169,-0.06018869961224027,0.03453404018961603,-0.992170541605623,-1.7428803372487613,0.32111434005843176,0.08135451934686133,0.383,0.333,0.066,True,999,0.00011845806147903204,0.003025125013664365,weak_5x5_mild_strong_300_800,weak_null,True,180,1739603722,-5.551115123125783e-17,1,6
300,800,0.13111411343507373,0.10255011865949099,0.0990983091874682,0.09358510072775061,0.028563994775582746,0.005513208459717589,0.034622931694646676,0.8250021987594786,0.1592357489637433,0.40937034238708714,0.8734831395750577,0.475,0.456,0.887,True,999,0.0001204590080305934,0.003126709023490548,weak_5x5_mild_strong_300_800,weak_null,True,181,1739603722,-5.551115123125783e-17,1,5
300,800,0.12746154321972125,0.09684088866439844,0.09620050174106609,0.08800028950287242,0.030620654555322813,0.008200212238193672,0.033861461825311016,0.9042921629695934,0.24216946924790222,0.3658405012974867,0.8086488510394562,0.44,0.399,0.805,True,999,0.00011916598305106163,0.002893083030357957,weak_5x5_mild_strong_300_800,weak_null,True,182,1739603722,-5.551115123125783e-17,1,6
300,800,0.08528489942027928,0.09942650581532614,0.04708070981740775,0.08734972672851882,-0.014141606395046857,-0.040269016911111066,0.030617473621799524,-0.46188025079175987,-1.315229904613674,0.6441671972675609,0.18843264764296241,0.695,0.654,0.176,True,999,0.00011933303903788328,0.003040708019398153,weak_5x5_mild_strong_300_800,weak_null,True,183,1739603722,-5.551115123125783e-17,0,3
300,800,0.10311472781479492,0.10100457567331,0.0684911438699487,0.09266506411768205,0.002110152141484911,-0.02417392024773335,0.0325085254792074,0.06491073065847217,-0.7436178630493437,0.9482450767842906,0.45710769330077516,0.959,0.958,0.433,True,999,0.00011866702698171139,0.0030225840164348483,weak_5x5_mild_strong_300_800,weak_null,True,184,1739603722,-5.551115123125783e-17,1,6
300,800,0.16097723341478498,0.09424533925445788,0.12781208585653303,0.08102594947513353,0.0667318941603271,0.0467861363813995,0.03553750854182751,1.8777876361755614,1.3165283189825308,0.06041022230773475,0.1879967798967167,0.111,0.088,0.204,True,999,0.00011541706044226885,0.002990833017975092,weak_5x5_mild_strong_300_800,weak_null,True,185,1739603722,-5.551115123125783e-17,2,2
300,800,0.0851437103224556,0.08895022842897987,0.046775103377513005,0.07703197910768722,-0.0038065181065242704,-0.030256875730174215,0.030824722955965587,-0.12348912630819234,-0.9815781888258147,0.9017197843358913,0.3263076971366854,0.924,0.91,0.299,True,999,0.00012024992611259222,0.0031382919987663627,weak_5x5_mild_strong_300_800,weak_null,True,186,1739603722,-5.551115123125783e-17,0,4
300,800,0.16801811477950357,0.10015273874479153,0.13824459950035362,0.09067596684849377,0.06786537603471204,0.04756863265185984,0.03718046214329427,1.8252967317393065,1.2793986386863443,0.06795626311803225,0.20075671299899833,0.112,0.089,0.197,True,999,0.0001212910283356905,0.0029957080259919167,weak_5x5_mild_strong_300_800,weak_null,True,187,1739603722,-5.551115123125783e-17,2,4
300,800,0.1371539623885819,0.11347243611910734,0.1028425465187297,0.09963288942469717,0.023681526269474562,0.0032096570940325364,0.036342012876773584,0.6516294611906205,0.08831808807386805,0.5146402374286847,0.9296238629272134,0.578,0.558,0.938,True,999,0.00011641695164144039,0.002992292051203549,weak_5x5_mild_strong_300_800,weak_null,True,188,1739603722,-5.551115123125783e-17,1,2
300,800,0.12424545438619217,0.09700677001166158,0.09140067372112526,0.08688686522657463,0.027238684374530586,0.004513808494550631,0.03444050201828866,0.7908910375367423,0.13106105399258408,0.4290075788465374,0.8957270097626803,0.504,0.468,0.897,True,999,0.00012025004252791405,0.0031022090697661042,weak_5x5_mild_strong_300_800,weak_null,True,189,1739603722,-5.551115123125783e-17,1,5
300,800,0.14298225847043478,0.09599536779492834,0.11383966917833277,0.08315885950156598,0.04698689067550643,0.030680809676766785,0.034829967375049946,1.3490363102999907,0.8808739137305261,0.17732530351469122,0.3783860681206406,0.249,0.205,0.374,True,999,0.00011958403047174215,0.0029788340907543898,weak_5x5_mild_strong_300_800,weak_null,True,190,1739603722,-5.551115123125783e-17,2,2
300,800,0.12113725711697232,0.10347697845752912,0.08656588730048043,0.09701335334432315,0.017660278659443196,-0.010447466043842724,0.03319556607205478,0.5320071548444011,-0.314724744297636,0.5947210400717783,0.7529706550623096,0.667,0.64,0.755,True,999,0.00011466699652373791,0.003043167060241103,weak_5x5_mild_strong_300_800,weak_null,True,191,1739603722,-5.551115123125783e-17,1,8
300,800,0.1602955753364883,0.12141431296371152,0.1351854866938993,0.11174673226554432,0.03888126237277678,0.02343875442835497,0.03722173470926916,1.0445849092330015,0.629706127654446,0.29621485720705487,0.528886872698669,0.362,0.334,0.54,True,999,0.0001203340943902731,0.0031095839804038405,weak_5x5_mild_strong_300_800,weak_null,True,192,1739603722,-5.551115123125783e-17,3,5
300,800,0.1466323608341873,0.08968534779330972,0.1125142948468465,0.07748107853842612,0.05694701304087757,0.03503321630842038,0.035258490824428175,1.6151290571241046,0.9936107725900815,0.10628274962679753,0.3204123975504326,0.134,0.113,0.274,True,999,0.0001455419696867466,0.0029969169991090894,weak_5x5_mild_strong_300_800,weak_null,True,193,1739603722,-5.551115123125783e-17,2,5
300,800,0.08919206886151865,0.1260635528383836,0.054543352527673505,0.11580255386712679,-0.03687148397686496,-0.061259201339453284,0.031099721314051067,-1.185588886939838,-1.9697668902189152,0.23578469306928918,0.04886509284290105,0.38,0.293,0.063,True,999,0.00011470902245491743,0.003090042038820684,weak_5x5_mild_strong_300_800,weak_null,True,194,1739603722,-5.551115123125783e-17,1,5
300,800,0.09762006875422347,0.10296913316496842,0.06680276141855757,0.09233349479762865,-0.0053490644107449525,-0.02553073337907108,0.030989078991455202,-0.17261127419178482,-0.8238622834228412,0.8629569894010547,0.4100178131524014,0.89,0.88,0.418,True,999,0.00011995900422334671,0.0031629169825464487,weak_5x5_mild_strong_300_800,weak_null,True,195,1739603722,-5.551115123125783e-17,3,5
300,800,0.07959302162077164,0.08463661788841709,0.04906208673810397,0.07316231196159606,-0.005043596267645445,-0.02410022522349209,0.029299045509833824,-0.17214199916350964,-0.8225600801706383,0.8633258950055067,0.4107582077010281,0.896,0.882,0.402,True,999,0.00012454204261302948,0.0029466249980032444,weak_5x5_mild_strong_300_800,weak_null,True,196,1739603722,-5.551115123125783e-17,1,3
300,800,0.12740460365475803,0.09598496772249732,0.09403304386592026,0.08569120620177273,0.031419635932260714,0.008341837664147533,0.034232198980413464,0.9178386685073312,0.24368395582534613,0.3587033346316224,0.8074756002455772,0.45,0.42,0.803,True,999,0.00016558298375457525,0.0030617909505963326,weak_5x5_mild_strong_300_800,weak_null,True,197,1739603722,-5.551115123125783e-17,0,5
300,800,0.1914102983204622,0.09883314898962764,0.16691268064602127,0.08838509259231841,0.09257714933083455,0.07852758805370286,0.038031428599725595,2.4342274991874095,2.064807737836844,0.014923612079907044,0.03894119543443883,0.033,0.023,0.043,True,999,0.00011912500485777855,0.00291012495290488,weak_5x5_mild_strong_300_800,weak_null,True,198,1739603722,-5.551115123125783e-17,4,4
300,800,0.09392840380121936,0.1109806142917662,0.06795602331908412,0.10084598348555573,-0.017052210490546837,-0.03288996016647161,0.029317421964158877,-0.5816408588515559,-1.1218571744364232,0.5608086152765197,0.261923171907813,0.659,0.608,0.252,True,999,0.000114459078758955,0.002983249956741929,weak_5x5_mild_strong_300_800,weak_null,True,199,1739603722,-5.551115123125783e-17,3,5
300,800,0.10828855169892382,0.1157506450604271,0.07691786671591672,0.10541756848982686,-0.007462093361503275,-0.028499701773910147,0.03304442450302328,-0.22582004297943084,-0.8624662769146629,0.8213413876561044,0.3884309827708615,0.881,0.864,0.352,True,999,0.00012133305426687002,0.002992750029079616,weak_5x5_mild_strong_300_800,weak_null,True,200,1739603722,-5.551115123125783e-17,1,4
300,800,0.06692259494485964,0.09837701105922608,0.029900803942609855,0.08963134687860475,-0.031454416114366446,-0.05973054293599489,0.029103300603107167,-1.0807851845851555,-2.052363192428348,0.27979268023216364,0.04013437886643086,0.389,0.314,0.038,True,999,0.00011687492951750755,0.0030376670183613896,weak_5x5_mild_strong_300_800,weak_null,True,201,1739603722,-5.551115123125783e-17,0,7
300,800,0.14263003638102556,0.10221687203233082,0.10503601951688779,0.09078209657036496,0.04041316434869474,0.014253922946522835,0.035657624721535816,1.133366696864886,0.39974403953816984,0.2570602934531283,0.6893450516190018,0.322,0.289,0.674,True,999,0.00012166693340986967,0.003190999967046082,weak_5x5_mild_strong_300_800,weak_null,True,202,1739603722,-5.551115123125783e-17,1,4
300,800,0.15917165713410597,0.09036094424069674,0.12284754272081955,0.08196149317484469,0.06881071289340923,0.040886049545974856,0.035771278046592705,1.9236302601148914,1.1429854279380254,0.05440094527900294,0.25304464130286963,0.092,0.078,0.25,True,999,0.00012583297211676836,0.0029570829356089234,weak_5x5_mild_strong_300_800,weak_null,True,203,1739603722,-5.551115123125783e-17,1,6
300,800,0.1283118411551426,0.09176507709794601,0.102475452859494,0.07935536965493384,0.03654676405719659,0.02312008320456016,0.03385471087006951,1.0795178312837723,0.6829207106004355,0.28035694918732235,0.4946569462782052,0.338,0.319,0.494,True,999,0.000120542012155056,0.003019416006281972,weak_5x5_mild_strong_300_800,weak_null,True,204,1739603722,-5.551115123125783e-17,4,4
300,800,0.12783899405076604,0.125639152371059,0.09855057844885096,0.11112934335466207,0.0021998416797070486,-0.012578764905811113,0.035904613675260114,0.061269053041582734,-0.35033839994993304,0.9511449365784657,0.7260847500634603,0.958,0.956,0.734,True,999,0.00011733302380889654,0.003143209032714367,weak_5x5_mild_strong_300_800,weak_null,True,205,1739603722,-5.551115123125783e-17,3,2
300,800,0.1763192392254742,0.11492257980920684,0.14354840429570004,0.10377361981710465,0.061396659416267374,0.03977478447859539,0.03716425595932329,1.6520352104846854,1.0702429916027205,0.09852737320183018,0.2845099475818068,0.143,0.125,0.265,True,999,0.00012191594578325748,0.0029656250262632966,weak_5x5_mild_strong_300_800,weak_null,True,206,1739603722,-5.551115123125783e-17,2,5
300,800,0.1364339300905857,0.11230148985637617,0.10297249687999965,0.10295116020682826,0.024132440234209518,2.133667317139043e-05,0.034138318801265,0.706901835872342,0.0006250065592157924,0.47962748302267,0.9995013169484682,0.556,0.529,1.0,True,999,0.00012212502770125866,0.003114291001111269,weak_5x5_mild_strong_300_800,weak_null,True,207,1739603722,-5.551115123125783e-17,1,6
300,800,0.17644589736079774,0.0967154766053438,0.14158092466328753,0.0861844002719181,0.07973042075545395,0.05539652439136944,0.0369756406331822,2.1562958583036234,1.4981897120034267,0.03106057047436594,0.13408396782674997,0.048,0.035,0.122,True,999,0.00011862500105053186,0.0030184590723365545,weak_5x5_mild_strong_300_800,weak_null,True,208,1739603722,-5.551115123125783e-17,1,5
300,800,0.14588223758311014,0.10659985047838283,0.11300457849199574,0.0939068275840782,0.03928238710472731,0.019097750907917543,0.03600163811140663,1.0911277698855937,0.5304689427969856,0.2752166650211687,0.5957868365410172,0.317,0.296,0.58,True,999,0.00012662506196647882,0.0030169159872457385,weak_5x5_mild_strong_300_800,weak_null,True,209,1739603722,-5.551115123125783e-17,2,3
300,800,0.11677811331583432,0.09862708553320343,0.07705596801901038,0.08970678004828869,0.01815102778263089,-0.012650812029278313,0.03473042152784415,0.5226261871909275,-0.3642573707070004,0.6012344133027432,0.7156658296022959,0.633,0.621,0.709,True,999,0.00011737504974007607,0.0032348339445888996,weak_5x5_mild_strong_300_800,weak_null,True,210,1739603722,-5.551115123125783e-17,0,6
300,800,0.13848243880106414,0.12197037823133822,0.10945543144976,0.11147399421531645,0.016512060569725928,-0.002018562765556453,0.036007814768324174,0.45856880446550935,-0.05605901881422054,0.6465438427441428,0.9552947908194377,0.677,0.664,0.946,True,999,0.00012337497901171446,0.0030198750318959355,weak_5x5_mild_strong_300_800,weak_null,True,211,1739603722,-5.551115123125783e-17,4,6
300,800,0.13718854554255855,0.1057805084456479,0.10446594381852492,0.09741877985624114,0.031408037096910646,0.007047163962283776,0.03498766271332512,0.8976889183554646,0.20141854058744685,0.36935141902684454,0.8403713189889592,0.442,0.401,0.852,True,999,0.0001165829598903656,0.0030662909848615527,weak_5x5_mild_strong_300_800,weak_null,True,212,1739603722,-5.551115123125783e-17,2,6
300,800,0.15430634585376501,0.11135346857134726,0.1235504796911755,0.10210366261100035,0.042952877282417756,0.02144681708017515,0.03748122682126991,1.145983761076966,0.5722015766037966,0.2518018712723199,0.5671854195160952,0.284,0.272,0.556,True,999,0.0001232079230248928,0.003119415952824056,weak_5x5_mild_strong_300_800,weak_null,True,213,1739603722,-5.551115123125783e-17,3,5
300,800,0.12300514314699562,0.13459549933599346,0.0854924620683164,0.12460823498986429,-0.011590356188997841,-0.03911577292154789,0.03571604792240206,-0.3245139611801243,-1.0951876032458068,0.7455489541910855,0.2734344555938184,0.782,0.763,0.266,True,999,0.00011958298273384571,0.003026333055458963,weak_5x5_mild_strong_300_800,weak_null,True,214,1739603722,-5.551115123125783e-17,1,6
300,800,0.13636028477167939,0.10344018913724412,0.10419563341918092,0.0909551134025719,0.032920095634435265,0.013240520016609025,0.03503940028524269,0.9395165261518474,0.3778751893246714,0.3474656113558583,0.7055233143490139,0.436,0.404,0.705,True,999,0.00011333299335092306,0.003123624948784709,weak_5x5_mild_strong_300_800,weak_null,True,215,1739603722,-5.551115123125783e-17,3,4
300,800,0.10619204315542885,0.09979895495377145,0.0733312035971494,0.08932143543228221,0.006393088201657404,-0.015990231835132818,0.032400609585212924,0.19731382475517062,-0.49351638872962694,0.8435819614205234,0.6216477627556494,0.873,0.861,0.636,True,999,0.00012674997560679913,0.0030222090426832438,weak_5x5_mild_strong_300_800,weak_null,True,216,1739603722,-5.551115123125783e-17,2,6
300,800,0.09821752841942,0.06641893483184369,0.06825754567802278,0.052951449028057596,0.03179859358757631,0.015306096649965184,0.029137202000168932,1.091339984786183,0.5253111348809828,0.27512330974362,0.5993669180498631,0.396,0.339,0.59,True,999,0.00011283298954367638,0.002983667072840035,weak_5x5_mild_strong_300_800,weak_null,True,217,1739603722,-5.551115123125783e-17,2,2
300,800,0.13967999180434498,0.09137582961627166,0.10526112571790236,0.08064871118148176,0.04830416218807332,0.0246124145364206,0.034813862732714564,1.3874979217023777,0.7069716660108598,0.16528998441893528,0.4795840858382956,0.242,0.213,0.474,True,999,0.00011625001206994057,0.003087416058406234,weak_5x5_mild_strong_300_800,weak_null,True,218,1739603722,-5.551115123125783e-17,1,5
300,800,0.13178422630910736,0.11281115325772961,0.10180675561485941,0.09894066421816206,0.018973073051377742,0.0028660913966973567,0.034071996929011236,0.5568523937974051,0.08411867970840799,0.5776282831156869,0.9329620730206181,0.646,0.624,0.932,True,999,0.00011487503070384264,0.0029458339558914304,weak_5x5_mild_strong_300_800,weak_null,True,219,1739603722,-5.551115123125783e-17,2,2
300,800,0.16040247336491154,0.11449234384528184,0.12091576715192787,0.10346047151347193,0.045910129519629694,0.017455295638455937,0.03710985327581964,1.2371412298076698,0.4703682202330239,0.2160346554454049,0.6380919651491066,0.267,0.256,0.616,True,999,0.00011849997099488974,0.003141959081403911,weak_5x5_mild_strong_300_800,weak_null,True,220,1739603722,-5.551115123125783e-17,0,4
300,800,0.15107236546280178,0.08928713607704031,0.11948888315060913,0.07595682059820774,0.061785229385761475,0.043532062552401385,0.03688510293745138,1.6750727113473143,1.1802071591401468,0.09391996632307703,0.23791783235487918,0.123,0.104,0.217,True,999,0.00011983304284512997,0.003032499924302101,weak_5x5_mild_strong_300_800,weak_null,True,221,1739603722,-5.551115123125783e-17,2,3
300,800,0.17455635578979423,0.10038327515522211,0.14163510767303933,0.08789666692081255,0.07417308063457212,0.05373844075222678,0.037629393047124836,1.9711474097305295,1.4280974631966006,0.04870701725053247,0.15326380758825597,0.083,0.064,0.149,True,999,0.00012220791541039944,0.0029985420405864716,weak_5x5_mild_strong_300_800,weak_null,True,222,1739603722,-5.551115123125783e-17,1,4
300,800,0.09868365320655959,0.14675721579535095,0.07032087146956201,0.13723732024902802,-0.04807356258879136,-0.06691644877946601,0.03265235454563548,-1.472284717526356,-2.049360596214967,0.1409440084245624,0.04042686732112827,0.243,0.173,0.034,True,999,0.00012450001668184996,0.003179415944032371,weak_5x5_mild_strong_300_800,weak_null,True,223,1739603722,-5.551115123125783e-17,2,5
300,800,0.13298452673208438,0.11247295428231435,0.10286972288230345,0.10226069223733703,0.020511572449770032,0.000609030644966424,0.03486797916097419,0.5882638725655631,0.017466760610207042,0.5563551909129965,0.9860642499898596,0.635,0.622,0.984,True,999,0.00012137508019804955,0.002919166930951178,weak_5x5_mild_strong_300_800,weak_null,True,224,1739603722,-5.551115123125783e-17,2,4
300,800,0.06200338817484441,0.14681483397383438,0.028526797727863595,0.1359318599661492,-0.08481144579898997,-0.10740506223828561,0.02920391994919585,-2.904111706460328,-3.6777618355731416,0.003682967288377385,0.00023528949697998753,0.041,0.009,0.001,True,999,0.000118291936814785,0.003025333979167044,weak_5x5_mild_strong_300_800,weak_null,True,225,1739603722,-5.551115123125783e-17,1,4
300,800,0.16830043234166037,0.12912512156222983,0.13872865745599938,0.11700076591660036,0.03917531077943054,0.021727891539399025,0.0376344830434525,1.0409419131438316,0.577339976061639,0.29790250779031957,0.5637098135955111,0.377,0.353,0.594,True,999,0.00012191594578325748,0.0030793750192970037,weak_5x5_mild_strong_300_800,weak_null,True,226,1739603722,-5.551115123125783e-17,2,3
300,800,0.1013231685746272,0.08748153851011936,0.0679789512877278,0.07611470761565897,0.013841630064507837,-0.008135756327931176,0.03175549259034992,0.4358814471268548,-0.2561999724861307,0.6629227466211026,0.797796429873463,0.735,0.715,0.764,True,999,0.00011829100549221039,0.003082499955780804,weak_5x5_mild_strong_300_800,weak_null,True,227,1739603722,-5.551115123125783e-17,1,5
300,800,0.14951922055300626,0.11018518244109987,0.12451678072551431,0.10056859121408479,0.03933403811190639,0.02394818951142952,0.03583948864123518,1.097505561690703,0.6682067858489447,0.2724204508375613,0.504001604454379,0.341,0.32,0.518,True,999,0.00011795794125646353,0.003004875034093857,weak_5x5_mild_strong_300_800,weak_null,True,228,1739603722,-5.551115123125783e-17,5,5
300,800,0.20880251997676647,0.10615122141387467,0.1779141714479806,0.09528951905173244,0.10265129856289179,0.08262465239624817,0.039440193994589104,2.6027077497888262,2.094935243157872,0.009249075897774586,0.036176749404571336,0.02,0.012,0.034,True,999,0.00012033304665237665,0.0030798749066889286,weak_5x5_mild_strong_300_800,weak_null,True,229,1739603722,-5.551115123125783e-17,2,4
300,800,0.16714740108742077,0.09262311998823086,0.13568594692384295,0.08031883143388541,0.0745242810991899,0.05536711548995754,0.036474983462521864,2.043161477393507,1.5179476516239518,0.04103645577926129,0.12902759589940418,0.086,0.062,0.118,True,999,0.00011912500485777855,0.0030602080514654517,weak_5x5_mild_strong_300_800,weak_null,True,230,1739603722,-5.551115123125783e-17,1,4
300,800,0.15848140126891241,0.13700696558290237,0.12733981938544048,0.12713798993860337,0.02147443568601004,0.00020182944683710957,0.03605658362464011,0.5955759954843582,0.00559757543693587,0.5514585167102952,0.9955338043040589,0.574,0.546,0.997,True,999,0.00011683395132422447,0.0031631250167265534,weak_5x5_mild_strong_300_800,weak_null,True,231,1739603722,-5.551115123125783e-17,2,6
300,800,0.1022839822017505,0.12667030135555296,0.06719156406018101,0.11612352631442491,-0.02438631915380246,-0.0489319622542439,0.033522143847792014,-0.7274689609509776,-1.4596907189593984,0.4669387229121226,0.1443750937848888,0.552,0.505,0.117,True,999,0.0001140419626608491,0.002963750041089952,weak_5x5_mild_strong_300_800,weak_null,True,232,1739603722,-5.551115123125783e-17,0,5
300,800,0.1174174392561782,0.12487825725893908,0.08299954100834839,0.11551764730353398,-0.007460818002760883,-0.03251810629518559,0.03522475748224169,-0.21180608572031193,-0.9231605444431905,0.8322583205213963,0.3559235469114508,0.853,0.85,0.351,True,999,0.00011891697067767382,0.0030982920434325933,weak_5x5_mild_strong_300_800,weak_null,True,233,1739603722,-5.551115123125783e-17,1,6
300,800,0.16541562611764538,0.1179895182502661,0.1358592950914499,0.10779161880645916,0.047426107867379275,0.02806767628499074,0.03784468713665656,1.2531774327034164,0.7416543353533035,0.2101411409273768,0.4582967937399207,0.248,0.237,0.467,True,999,0.00012583297211676836,0.0030976670095697045,weak_5x5_mild_strong_300_800,weak_null,True,234,1739603722,-5.551115123125783e-17,3,4
300,800,0.12255508153889583,0.11661861087993303,0.08749202954550128,0.10872277465108482,0.0059364706589628,-0.021230745105583537,0.03563868394561562,0.1665737900990343,-0.5957219166112168,0.867705418004533,0.5513610144016536,0.908,0.902,0.537,True,999,0.0001194169744849205,0.003093209001235664,weak_5x5_mild_strong_300_800,weak_null,True,235,1739603722,-5.551115123125783e-17,0,6
300,800,0.13633772915554565,0.12299676866773984,0.09841774202681108,0.11199196330454697,0.013340960487805809,-0.013574221277735887,0.03521476929975318,0.37884560237341425,-0.38546955006832967,0.7048025212562821,0.6998895622934488,0.744,0.725,0.689,True,999,0.000125208985991776,0.003209083923138678,weak_5x5_mild_strong_300_800,weak_null,True,236,1739603722,-5.551115123125783e-17,0,4
300,800,0.13428296631147818,0.10352540452904896,0.10429373190055458,0.09364110229080325,0.03075756178242922,0.01065262960975133,0.03394849912992922,0.906006526671842,0.31378794004945865,0.3649323979157395,0.7536821045615616,0.442,0.398,0.748,True,999,0.00011595804244279861,0.0029700419399887323,weak_5x5_mild_strong_300_800,weak_null,True,237,1739603722,-5.551115123125783e-17,1,6
300,800,0.16052663488820262,0.13733847676853606,0.13218914106170132,0.12774112233790902,0.02318815811966657,0.004448018723792302,0.035863116109622825,0.6465739911943876,0.1240276698264601,0.517907695486653,0.9012933668534497,0.564,0.533,0.898,True,999,0.00011154194362461567,0.0030537500279024243,weak_5x5_mild_strong_300_800,weak_null,True,238,1739603722,-5.551115123125783e-17,2,5
300,800,0.14163420164140894,0.11579539541926398,0.11255875070889942,0.1078098956244844,0.02583880622214496,0.004748855084415027,0.03600885608942093,0.7175680937483645,0.13188019837737075,0.4730236365484579,0.8950790512184054,0.511,0.493,0.918,True,999,0.00012620899360626936,0.0029990830225870013,weak_5x5_mild_strong_300_800,weak_null,True,239,1739603722,-5.551115123125783e-17,3,7
300,800,0.11238095782298463,0.09583481333063543,0.08056361533385825,0.08207568153136435,0.016546144492349202,-0.0015120661975061012,0.03264409333069955,0.5068648813348624,-0.046319748635325265,0.6122496282766032,0.9630553990669839,0.634,0.609,0.965,True,999,0.00013499998021870852,0.002906374982558191,weak_5x5_mild_strong_300_800,weak_null,True,240,1739603722,-5.551115123125783e-17,1,2
300,800,0.1164017243700719,0.13422333231682448,0.07874010360700368,0.12661544251216128,-0.017821607946752582,-0.047875338905157605,0.034199571555791446,-0.5211061757799894,-1.3998812478412546,0.6022928089948772,0.16154888234321296,0.676,0.648,0.161,True,999,0.0001159169478341937,0.0030519999563694,weak_5x5_mild_strong_300_800,weak_null,True,241,1739603722,-5.551115123125783e-17,0,7
300,800,0.10580344711338818,0.0774557914095575,0.0752886420019081,0.06658551631244336,0.028347655703830688,0.008703125689464741,0.031125926118996682,0.9107409558017819,0.27961017629458024,0.3624318791600267,0.7797765988561415,0.432,0.397,0.762,True,999,0.0001194999786093831,0.0030268749687820673,weak_5x5_mild_strong_300_800,weak_null,True,242,1739603722,-5.551115123125783e-17,2,4
300,800,0.10878160650502311,0.1215835986051288,0.07090156318190566,0.11027336293420831,-0.012801992100105686,-0.03937179975230265,0.03377018198038945,-0.3790915935111004,-1.1658746694100164,0.704619848642363,0.24366512179367072,0.738,0.716,0.236,True,999,0.000124832964502275,0.0030516249826177955,weak_5x5_mild_strong_300_800,weak_null,True,243,1739603722,-5.551115123125783e-17,0,4
300,800,0.1136129915465598,0.1130067897714721,0.08241581864785985,0.1045137958151372,0.0006062017750876891,-0.02209797716727735,0.033744195906889,0.017964623509192312,-0.6548674986434028,0.9856670752041627,0.5125530675349832,0.989,0.987,0.515,True,999,0.00011470797471702099,0.003038582974113524,weak_5x5_mild_strong_300_800,weak_null,True,244,1739603722,-5.551115123125783e-17,2,5
300,800,0.11511376485698621,0.10810381701367855,0.08105595577444547,0.09742313843412376,0.007009947843307662,-0.016367182659678292,0.032740007032695764,0.21410953993709247,-0.49991384068223405,0.8304616365083304,0.6171357461754094,0.841,0.828,0.603,True,999,0.00011812499724328518,0.0030667500104755163,weak_5x5_mild_strong_300_800,weak_null,True,245,1739603722,-5.551115123125783e-17,1,3
300,800,0.1633135712443985,0.11691874157857318,0.13163374645574777,0.10439369638197604,0.04639482966582531,0.027240050073771727,0.037610184352523245,1.2335709187427237,0.7242732398875946,0.21736283511688825,0.4688980023386672,0.299,0.266,0.469,True,999,0.00011737493332475424,0.00300120806787163,weak_5x5_mild_strong_300_800,weak_null,True,246,1739603722,-5.551115123125783e-17,1,2
300,800,0.07409096963938377,0.10960772367660443,0.043612617105679874,0.09856203319691303,-0.035516754037220655,-0.05494941609123316,0.029172675095341275,-1.2174664792017136,-1.8835919541711243,0.22342678274627648,0.05962019101370955,0.359,0.26,0.051,True,999,0.00011500006075948477,0.0030329589499160647,weak_5x5_mild_strong_300_800,weak_null,True,247,1739603722,-5.551115123125783e-17,1,6
300,800,0.15935655769899237,0.12081602362627242,0.13205256661166231,0.11165355306115998,0.038540534072719956,0.020399013550502332,0.0376060410567449,1.0248495451718773,0.5424398042782977,0.30543418456141613,0.5875155651348716,0.334,0.33,0.615,True,999,0.00012204202357679605,0.003028916078619659,weak_5x5_mild_strong_300_800,weak_null,True,248,1739603722,-5.551115123125783e-17,4,5
300,800,0.11053555437463491,0.12175495154122673,0.07891979022758733,0.111127543961004,-0.011219397166591816,-0.032207753733416666,0.03242904534486294,-0.3459675438262345,-0.9931761293281077,0.7293671065358256,0.3206241290541858,0.775,0.749,0.333,True,999,0.0001194169744849205,0.0031257079681381583,weak_5x5_mild_strong_300_800,weak_null,True,249,1739603722,-5.551115123125783e-17,2,3
300,800,0.14636634083222533,0.10264954446022656,0.11487329640874577,0.0901999280263226,0.04371679637199877,0.024673368382423178,0.034426192847264725,1.2698701992971673,0.7167033686207784,0.20413086996762653,0.4735571469079892,0.273,0.226,0.476,True,999,0.00015233305748552084,0.0029905419796705246,weak_5x5_mild_strong_300_800,weak_null,True,250,1739603722,-5.551115123125783e-17,2,4
300,800,0.08519921961417909,0.12329498703496222,0.05184535689824088,0.1128138986592262,-0.03809576742078313,-0.06096854176098532,0.03138897366777744,-1.2136671884844263,-1.942355376326719,0.22487483874562741,0.05209409346773931,0.334,0.261,0.047,True,999,0.00012091710232198238,0.0030443330761045218,weak_5x5_mild_strong_300_800,weak_null,True,251,1739603722,-5.551115123125783e-17,1,4
300,800,0.09394353220042295,0.11274210802621293,0.060069076418983514,0.1024105066655352,-0.018798575825789976,-0.04234143024655168,0.03247516072645994,-0.5788601320292581,-1.3038097210109558,0.5626835530198586,0.19229846734633083,0.623,0.586,0.158,True,999,0.00011658389121294022,0.0031088339164853096,weak_5x5_mild_strong_300_800,weak_null,True,252,1739603722,-5.551115123125783e-17,0,4
300,800,0.1293317896810393,0.08319905355984908,0.09640135084742951,0.07245868367249386,0.04613273612119023,0.02394266717493565,0.03287167932641823,1.4034189024262715,0.7283676302991149,0.16049195956705764,0.46638857274275425,0.253,0.2,0.453,True,999,0.00011504103895276785,0.0029764999635517597,weak_5x5_mild_strong_300_800,weak_null,True,253,1739603722,-5.551115123125783e-17,1,5
300,800,0.17658581988907174,0.10828086669035764,0.14179888567019816,0.1003782853949815,0.0683049531987141,0.04142060027521666,0.03575723275281542,1.9102415914256108,1.1583838313650074,0.056102114312150585,0.24670743439220832,0.091,0.057,0.254,True,999,0.0001217089593410492,0.003063624957576394,weak_5x5_mild_strong_300_800,weak_null,True,254,1739603722,-5.551115123125783e-17,3,6
300,800,0.11390929691667884,0.11937302227774188,0.08087302556674558,0.10787453883239095,-0.005463725361063043,-0.02700151326564537,0.03387351775575049,-0.16129784336129369,-0.7971275218695436,0.871858821769116,0.4253769738658071,0.889,0.878,0.41,True,999,0.00011158303823322058,0.0030119159491732717,weak_5x5_mild_strong_300_800,weak_null,True,255,1739603722,-5.551115123125783e-17,1,4
300,800,0.13656587244138607,0.10188945086129209,0.10521069807651884,0.09237440811159559,0.034676421580093986,0.012836289964923253,0.03333516958706994,1.040235343321736,0.38506748649936967,0.2982305749451869,0.7001874161446185,0.396,0.351,0.726,True,999,0.00011870800517499447,0.0030122919706627727,weak_5x5_mild_strong_300_800,weak_null,True,256,1739603722,-5.551115123125783e-17,2,6
300,800,0.13069989065328824,0.13035722157227553,0.10303836364556673,0.11845885476401463,0.0003426690810127142,-0.015420491118447899,0.035056621757052514,0.009774731957558853,-0.4398738482365513,0.9922010164780889,0.6600284777648063,0.993,0.993,0.653,True,999,0.00013679196126759052,0.003116082982160151,weak_5x5_mild_strong_300_800,weak_null,True,257,1739603722,-5.551115123125783e-17,3,4
300,800,0.11899237023904985,0.11479369963191166,0.08551648742110274,0.10573872054908406,0.0041986706071381885,-0.020222233127981326,0.03440937883771986,0.12202111020195369,-0.5876953845447955,0.9028822996723781,0.5567367740918638,0.904,0.899,0.536,True,999,0.00011266604997217655,0.002978833974339068,weak_5x5_mild_strong_300_800,weak_null,True,258,1739603722,-5.551115123125783e-17,1,5
300,800,0.09585618619705438,0.12476605073889768,0.06269499696804814,0.11512428289495347,-0.0289098645418433,-0.05242928592690532,0.03249112698084451,-0.889777216988731,-1.6136493497998874,0.3735855223415766,0.10660350608470406,0.46,0.42,0.103,True,999,0.00011804199311882257,0.003016792004927993,weak_5x5_mild_strong_300_800,weak_null,True,259,1739603722,-5.551115123125783e-17,1,5
300,800,0.12067586849809131,0.10285248312980999,0.08957545562776659,0.09355716155346272,0.01782338536828132,-0.003981705925696133,0.03404375376733213,0.5235434814296057,-0.11695848680226671,0.6005961007603818,0.9068929503667977,0.648,0.627,0.913,True,999,0.00012804102152585983,0.0031200830126181245,weak_5x5_mild_strong_300_800,weak_null,True,260,1739603722,-5.551115123125783e-17,2,5
300,800,0.11706689497574396,0.1297803929969658,0.08818800520390369,0.12048232345370025,-0.012713498021221847,-0.03229431824979656,0.034291753417498884,-0.3707450554200656,-0.9417517342031556,0.7108274286717188,0.3463197614339615,0.756,0.735,0.361,True,999,0.00012112490367144346,0.0030871249036863446,weak_5x5_mild_strong_300_800,weak_null,True,261,1739603722,-5.551115123125783e-17,2,6
300,800,0.17913769570091098,0.1310645352202245,0.151620309842599,0.12217217647179268,0.048073160480686494,0.029448133370806318,0.037681289107314095,1.2757833295930232,0.781505465137877,0.20203212209307408,0.43450526365369413,0.249,0.22,0.429,True,999,0.00012766593135893345,0.0030234999721869826,weak_5x5_mild_strong_300_800,weak_null,True,262,1739603722,-5.551115123125783e-17,3,6
300,800,0.18528727215118346,0.13352539405592045,0.15378807929016602,0.12432361269043213,0.051761878095263,0.029464466599733896,0.03883124633760263,1.3329955378006721,0.7587824079496949,0.182533268147121,0.4479827308762382,0.21,0.203,0.458,True,999,0.00011787493713200092,0.0029937499202787876,weak_5x5_mild_strong_300_800,weak_null,True,263,1739603722,-5.551115123125783e-17,2,6
300,800,0.12610600085528612,0.100433549386936,0.08956014106775001,0.0899075251764998,0.02567245146835012,-0.0003473841087497931,0.03443662687214436,0.7454984358272458,-0.01008763460020501,0.4559704563849778,0.9919513686029944,0.527,0.504,0.991,True,999,0.00011899997480213642,0.0030245420057326555,weak_5x5_mild_strong_300_800,weak_null,True,264,1739603722,-5.551115123125783e-17,0,5
300,800,0.09937696870039758,0.11071909715584238,0.061377296825412486,0.10080916269942009,-0.0113421284554448,-0.0394318658740076,0.033092104034173474,-0.3427442523368124,-1.1915792913405323,0.7317908683760916,0.23342624897748976,0.783,0.763,0.248,True,999,0.00012325006537139416,0.0030759579967707396,weak_5x5_mild_strong_300_800,weak_null,True,265,1739603722,-5.551115123125783e-17,0,6
300,800,0.0947337258528661,0.11735188000664765,0.06503832962442857,0.11173736573147153,-0.022618154153781544,-0.04669903610704296,0.030890310460261708,-0.7322087028836524,-1.5117697236199068,0.4640411932327929,0.13059245411924433,0.524,0.473,0.114,True,999,0.00011433300096541643,0.0029724170453846455,weak_5x5_mild_strong_300_800,weak_null,True,266,1739603722,-5.551115123125783e-17,2,9
300,800,0.1489729373108366,0.06247564156531238,0.11939810710526899,0.04985835878471789,0.08649729574552423,0.0695397483205511,0.03462707079101264,2.4979674505986327,2.0082480767792794,0.012490766217467059,0.04461693646233534,0.028,0.015,0.041,True,999,0.00011725001968443394,0.003100666915997863,weak_5x5_mild_strong_300_800,weak_null,True,267,1739603722,-5.551115123125783e-17,2,4
300,800,0.0956422635203582,0.07259378317374604,0.06332424332771325,0.05968124725922053,0.023048480346612166,0.003642996068492721,0.03056563167263144,0.7540652388103546,0.11918602263844823,0.4508100490242336,0.9051279800313546,0.534,0.517,0.912,True,999,0.00012149999383836985,0.0030527079943567514,weak_5x5_mild_strong_300_800,weak_null,True,268,1739603722,-5.551115123125783e-17,3,2
300,800,0.1393073871540489,0.13999129096864127,0.11505443343042998,0.13094009221703118,-0.0006839038145923793,-0.015885658786601198,0.03593393567711537,-0.019032254655810644,-0.44207956872138626,0.984815374571231,0.65843162852705,0.985,0.985,0.646,True,999,0.00011399993672966957,0.002974333008751273,weak_5x5_mild_strong_300_800,weak_null,True,269,1739603722,-5.551115123125783e-17,5,5
300,800,0.13811241326134616,0.10100639753314017,0.10786527471799445,0.08907493564112201,0.03710601572820599,0.018790339076872442,0.035269763055359726,1.0520630850273665,0.5327605702192828,0.2927706072516315,0.5941993315501484,0.365,0.335,0.575,True,999,0.00011979194823652506,0.0031094159930944443,weak_5x5_mild_strong_300_800,weak_null,True,270,1739603722,-5.551115123125783e-17,2,2
300,800,0.12814664572123147,0.08589774552289009,0.09752335855483807,0.07473394020814794,0.04224890019834138,0.022789418346690127,0.032391534022305234,1.3043192140652626,0.7035609468510209,0.19212476680193047,0.4817062391550003,0.274,0.228,0.473,True,999,0.0001287501072511077,0.0030572499381378293,weak_5x5_mild_strong_300_800,weak_null,True,271,1739603722,-5.551115123125783e-17,3,5
300,800,0.15262379972647677,0.1220100825688345,0.120331783608151,0.11251904568848659,0.030613717157642273,0.007812737919664414,0.037050929340106266,0.8262604394244992,0.21086483008153356,0.40865636962345775,0.8329927485794857,0.431,0.425,0.838,True,999,0.0001498749479651451,0.002945917076431215,weak_5x5_mild_strong_300_800,weak_null,True,272,1739603722,-5.551115123125783e-17,2,5
300,800,0.08652655062347259,0.11846786694183115,0.0517522335011904,0.1099934785893879,-0.03194131631835856,-0.0582412450881975,0.03196013567154343,-0.9994111616615686,-1.8223090692338382,0.3175955550403108,0.06840810287298167,0.381,0.329,0.074,True,999,0.00011633406393229961,0.0030864999862387776,weak_5x5_mild_strong_300_800,weak_null,True,273,1739603722,-5.551115123125783e-17,1,6
300,800,0.10407255508338187,0.09198626412169858,0.06876144182922417,0.08144426836202001,0.012086290961683288,-0.012682826532795843,0.03212836895286583,0.37618750517384103,-0.3947547586807871,0.7067775037789683,0.6930238862067144,0.78,0.765,0.691,True,999,0.0001200829865410924,0.003064375021494925,weak_5x5_mild_strong_300_800,weak_null,True,274,1739603722,-5.551115123125783e-17,0,5
300,800,0.19572695058653244,0.09064451967022469,0.16996236634764728,0.08023184136220607,0.10508243091630776,0.0897305249854412,0.03800247957826868,2.765146697859106,2.3611755333131645,0.005689720191748404,0.018217105573311073,0.007,0.006,0.019,True,999,0.00011966691818088293,0.003049542079679668,weak_5x5_mild_strong_300_800,weak_null,True,275,1739603722,-5.551115123125783e-17,4,3
300,800,0.0925327082018903,0.11985243942881357,0.05728342026196742,0.10728858677697417,-0.02731973122692327,-0.05000516651500675,0.03251526880598197,-0.8402123749903352,-1.53789798919968,0.40078932111421117,0.1240735590442631,0.509,0.461,0.113,True,999,0.00011687504593282938,0.003011792083270848,weak_5x5_mild_strong_300_800,weak_null,True,276,1739603722,-5.551115123125783e-17,0,3
300,800,0.09235709571185302,0.1083691039418816,0.056692799527127136,0.09696897769140378,-0.016012008230028574,-0.040276178164276644,0.03173380111519356,-0.5045726533643119,-1.269188585952067,0.613859021142728,0.20437381100618712,0.692,0.653,0.204,True,999,0.0001275420654565096,0.00301558303181082,weak_5x5_mild_strong_300_800,weak_null,True,277,1739603722,-5.551115123125783e-17,1,4
300,800,0.14859783161655038,0.09242729980533798,0.1126573435467435,0.08139101578393593,0.0561705318112124,0.03126632776280758,0.03500343176077053,1.6047149946641666,0.8932360682945595,0.10855654050344278,0.3717307665483557,0.145,0.116,0.345,True,999,0.00011924991849809885,0.003142000059597194,weak_5x5_mild_strong_300_800,weak_null,True,278,1739603722,-5.551115123125783e-17,1,4
300,800,0.10828055244561885,0.13289151773064772,0.07125842262979631,0.12194160534892262,-0.024610965285028874,-0.05068318271912631,0.03379959744909891,-0.7281437396434138,-1.4995203062833373,0.46652560115096164,0.13373870480152444,0.557,0.52,0.158,True,999,0.00011829205323010683,0.003020958974957466,weak_5x5_mild_strong_300_800,weak_null,True,279,1739603722,-5.551115123125783e-17,0,4
300,800,0.15460591507797095,0.10404692042988656,0.11726697554126986,0.09007017388654504,0.05055899464808439,0.027196801654724823,0.0375648069926696,1.3459138671456632,0.7239968425774691,0.17833029611542017,0.46906767350139333,0.232,0.206,0.45,True,999,0.00011283392086625099,0.003065708908252418,weak_5x5_mild_strong_300_800,weak_null,True,280,1739603722,-5.551115123125783e-17,1,2
300,800,0.14921313832841454,0.08021947759700776,0.12125770913996803,0.06869500934669759,0.06899366073140678,0.05256269979327044,0.0346443758295478,1.9914822847685096,1.5172072965575067,0.04642789091240668,0.12921435468597625,0.083,0.054,0.13,True,999,0.0001206250162795186,0.003059874987229705,weak_5x5_mild_strong_300_800,weak_null,True,281,1739603722,-5.551115123125783e-17,2,4
300,800,0.09276264853246641,0.11211668449382628,0.060977602237414885,0.10137649159992179,-0.019354035961359872,-0.04039888936250691,0.03173896082246741,-0.6097879533491064,-1.2728485216790493,0.5420022825771984,0.20307179935148423,0.62,0.577,0.174,True,999,0.00011875003110617399,0.0030636669835075736,weak_5x5_mild_strong_300_800,weak_null,True,282,1739603722,-5.551115123125783e-17,1,3
300,800,0.18816297405133153,0.07699145783752265,0.15667052084012312,0.06788898080867511,0.11117151621380889,0.088781540031448,0.03753910436056552,2.961485579037776,2.3650415092138477,0.003061588304740945,0.0180280501935729,0.016,0.007,0.022,True,999,0.0001193750649690628,0.003191166091710329,weak_5x5_mild_strong_300_800,weak_null,True,283,1739603722,-5.551115123125783e-17,1,6
300,800,0.08891356989536936,0.10720131543894407,0.05244345266720529,0.09561972507856353,-0.018287745543574707,-0.04317627241135824,0.03151478083652578,-0.5802910589300093,-1.3700324503388817,0.5617183558989225,0.1706767721910729,0.647,0.612,0.165,True,999,0.00015275005716830492,0.002935957978479564,weak_5x5_mild_strong_300_800,weak_null,True,284,1739603722,-5.551115123125783e-17,0,4
300,800,0.16555254498930916,0.10581875874138397,0.13638603061400545,0.09392855943406175,0.05973378624792519,0.042457471179943695,0.03702144570830419,1.6134914535367928,1.146834500048175,0.10663777854699835,0.25145002756658297,0.158,0.129,0.275,True,999,0.00011708401143550873,0.0029934169724583626,weak_5x5_mild_strong_300_800,weak_null,True,285,1739603722,-5.551115123125783e-17,3,4
300,800,0.15119778974757114,0.13908260692868746,0.1231041622524458,0.12706480647261742,0.012115182818883685,-0.003960644220171616,0.03564948872793772,0.3398416990308555,-0.11109960791857716,0.7339757435309222,0.9115373596537558,0.769,0.755,0.917,True,999,0.0001225409796461463,0.0031507500680163503,weak_5x5_mild_strong_300_800,weak_null,True,286,1739603722,-5.551115123125783e-17,3,3
300,800,0.13185511176906783,0.07542647367326422,0.09871640649106439,0.06435646256818472,0.05642863809580362,0.034359943922879665,0.03306920306885147,1.7063803436181035,1.0390315076943588,0.08793728792408666,0.29879008299600474,0.154,0.119,0.301,True,999,0.00011725001968443394,0.0029722501058131456,weak_5x5_mild_strong_300_800,weak_null,True,287,1739603722,-5.551115123125783e-17,1,3
300,800,0.14860497536169648,0.08954874258754913,0.11485610130569057,0.07883133105906381,0.059056232774147344,0.03602477024662676,0.034593017118904855,1.707172073807737,1.0413885011186104,0.08779007399214986,0.29769527711078614,0.143,0.106,0.284,True,999,0.0001158339437097311,0.0031445000786334276,weak_5x5_mild_strong_300_800,weak_null,True,288,1739603722,-5.551115123125783e-17,2,5
300,800,0.1121052157965623,0.07321714466552126,0.07941974081171566,0.0616943231303253,0.038888071131041035,0.017725417681390354,0.03218072832511478,1.2084273151981972,0.5508084684198064,0.22688293828924788,0.5817649783511623,0.295,0.257,0.562,True,999,0.00012520805466920137,0.002953500021249056,weak_5x5_mild_strong_300_800,weak_null,True,289,1739603722,-5.551115123125783e-17,2,4
300,800,0.09067150690792747,0.11054752393813644,0.05657718703582759,0.10098474959312398,-0.01987601703020897,-0.04440756255729639,0.03173847343726093,-0.6262436367489101,-1.3991713446797966,0.5311551493606466,0.1617616073553826,0.615,0.585,0.145,True,999,0.0001157920341938734,0.003040666924789548,weak_5x5_mild_strong_300_800,weak_null,True,290,1739603722,-5.551115123125783e-17,0,6
300,800,0.11095338060197668,0.1376599783912863,0.08496043468232983,0.12647461792477088,-0.026706597789309616,-0.04151418324244105,0.03357400828400502,-0.7954545541121134,-1.2364976767524896,0.42634913670900676,0.21627362877354417,0.495,0.446,0.208,True,999,0.0001301249722018838,0.003126624971628189,weak_5x5_mild_strong_300_800,weak_null,True,291,1739603722,-5.551115123125783e-17,3,5
300,800,0.11001537929465144,0.13892651152670688,0.07985811328842374,0.13044446902972595,-0.028911132232055436,-0.050586355741302214,0.03299752573464525,-0.8761606086634743,-1.5330348144312482,0.38094272761584036,0.12526727717878164,0.495,0.433,0.138,True,999,0.00012374995276331902,0.002964167040772736,weak_5x5_mild_strong_300_800,weak_null,True,292,1739603722,-5.551115123125783e-17,1,6
300,800,0.13007097287326763,0.1283891958246446,0.09908630650585337,0.11927477578353773,0.0016817770486230454,-0.020188469277684362,0.034628377265652606,0.04856644120864353,-0.5830036193382072,0.9612648144266753,0.5598908637439739,0.972,0.968,0.56,True,999,0.00011875003110617399,0.0030177909648045897,weak_5x5_mild_strong_300_800,weak_null,True,293,1739603722,-5.551115123125783e-17,2,5
300,800,0.16252642582804966,0.08719907267490828,0.13013157559936417,0.07676709470808873,0.07532735315314137,0.053364480891275434,0.037140033874969614,2.028198288852611,1.4368452401234946,0.04254001448924951,0.15076197245106387,0.078,0.063,0.156,True,999,0.00013270799536257982,0.0030849589966237545,weak_5x5_mild_strong_300_800,weak_null,True,294,1739603722,-5.551115123125783e-17,1,6
300,800,0.08889373153084346,0.14511203707036746,0.05692760031791977,0.13247219052237824,-0.056218305539524005,-0.07554459020445847,0.03239629241462871,-1.7353314638603008,-2.3318899964721247,0.08268211180451007,0.01970647887301065,0.157,0.094,0.019,True,999,0.00012395798694342375,0.002957666991278529,weak_5x5_mild_strong_300_800,weak_null,True,295,1739603722,-5.551115123125783e-17,3,3
300,800,0.10935867996265325,0.08757130963057846,0.0810601747691635,0.07799665777935161,0.021787370332074785,0.0030635169898118875,0.032646194146191514,0.6673785689844796,0.09383994275391748,0.5045303514959522,0.9252363019328885,0.557,0.55,0.932,True,999,0.00011475000064820051,0.0030282080406323075,weak_5x5_mild_strong_300_800,weak_null,True,296,1739603722,-5.551115123125783e-17,3,5
300,800,0.1629895022188168,0.1267066820974282,0.12460805638784223,0.11913763056338667,0.036282820121388615,0.00547042582445556,0.037152084042841496,0.9766025528890788,0.14724411739991228,0.3287659547615924,0.8829393394206543,0.386,0.365,0.866,True,999,0.00012020801659673452,0.0030960829462856054,weak_5x5_mild_strong_300_800,weak_null,True,297,1739603722,-5.551115123125783e-17,1,7
300,800,0.10676812981316552,0.1671941589157403,0.06576302162864067,0.15458364923580348,-0.060426029102574774,-0.0888206276071628,0.03562527592627216,-1.6961561007310848,-2.4931912889876395,0.08985632160899196,0.01266006209073801,0.16,0.11,0.014,True,999,0.00012145901564508677,0.003107875003479421,weak_5x5_mild_strong_300_800,weak_null,True,298,1739603722,-5.551115123125783e-17,0,3
300,800,0.12940583146463192,0.12161358039739179,0.10012122857625627,0.10954839545928508,0.00779225106724013,-0.009427166883028804,0.03472742783835801,0.22438319081706468,-0.2714617082183113,0.822459149038259,0.7860359467324822,0.858,0.849,0.796,True,999,0.00011962500866502523,0.0030318329809233546,weak_5x5_mild_strong_300_800,weak_null,True,299,1739603722,-5.551115123125783e-17,3,3
300,800,0.0820397001933223,0.11612627141413245,0.04942068222266016,0.10781044631659142,-0.03408657122081016,-0.05838976409393126,0.030625347625474714,-1.1130182630957741,-1.9065829001516903,0.2657005859009831,0.0565746211686946,0.369,0.286,0.044,True,999,0.00011437502689659595,0.0029843749944120646,weak_5x5_mild_strong_300_800,weak_null,True,300,1739603722,-5.551115123125783e-17,2,6
300,800,0.15277060502224904,0.09577473782896206,0.12178406553249488,0.08046936196217302,0.056995867193286975,0.041314703570321853,0.03659097485776428,1.5576482292379525,1.1290954594929365,0.11931665913899335,0.2588575665171584,0.172,0.141,0.258,True,999,0.00012116704601794481,0.003118916996754706,weak_5x5_mild_strong_300_800,weak_null,True,301,1739603722,-5.551115123125783e-17,2,1
300,800,0.16340364118580286,0.12617269474355736,0.1294351693895237,0.1163501805500573,0.037230946442245505,0.013084988839466405,0.03808451148285566,0.9775876069463462,0.3435776994371273,0.32827832922508837,0.7311638981034947,0.398,0.367,0.738,True,999,0.00011562497820705175,0.0029902090318500996,weak_5x5_mild_strong_300_800,weak_null,True,302,1739603722,-5.551115123125783e-17,2,5
300,800,0.12480971865241752,0.12650260697272886,0.09797241893539876,0.1153373147074035,-0.0016928883203113365,-0.01736489577200473,0.03443399289422604,-0.04916328830965181,-0.5042951546556342,0.9607891675546499,0.6140539818706419,0.967,0.962,0.626,True,999,0.00011374999303370714,0.0029909999575465918,weak_5x5_mild_strong_300_800,weak_null,True,303,1739603722,-5.551115123125783e-17,2,4
300,800,0.16407165886810526,0.0941504253271605,0.13396878015055336,0.08322175760633854,0.06992123354094476,0.050747022544214815,0.03632258497100261,1.9250070884758048,1.3971203477045386,0.054228471447320736,0.16237738393012724,0.093,0.072,0.144,True,999,0.00012270896695554256,0.0030615839641541243,weak_5x5_mild_strong_300_800,weak_null,True,304,1739603722,-5.551115123125783e-17,1,4
300,800,0.1446000757165702,0.13387903546356694,0.1070085182980165,0.12574621832584398,0.010721040253003244,-0.018737700027827486,0.03771796985072077,0.2842422403813012,-0.4967844266800966,0.7762247466815115,0.6193410784266531,0.814,0.808,0.608,True,999,0.00014820799697190523,0.002981125027872622,weak_5x5_mild_strong_300_800,weak_null,True,305,1739603722,-5.551115123125783e-17,0,6
300,800,0.1393623629490076,0.13801378878905368,0.1040518451565049,0.12620604490467713,0.0013485741599539303,-0.022154199748172232,0.03572647627434461,0.0377471920151932,-0.6201059286689656,0.9698892490002887,0.5351880491905433,0.967,0.965,0.508,True,999,0.00012250000145286322,0.0030920408898964524,weak_5x5_mild_strong_300_800,weak_null,True,306,1739603722,-5.551115123125783e-17,2,4
300,800,0.10806520589228441,0.09394486620952808,0.07563552282488217,0.08562331389401834,0.014120339682756333,-0.009987791069136165,0.03115556663498578,0.4532204420541677,-0.3205780586869665,0.6503900139910652,0.748530167327926,0.704,0.689,0.748,True,999,0.00013962492812424898,0.003144499962218106,weak_5x5_mild_strong_300_800,weak_null,True,307,1739603722,-5.551115123125783e-17,3,7
300,800,0.15558330677292098,0.08807156719565135,0.1301122982320635,0.07560202381591807,0.06751173957726964,0.05451027441614542,0.03600516953991267,1.8750568443353979,1.5139568876552398,0.06078490372699618,0.13003677431537103,0.084,0.069,0.125,True,999,0.00011487491428852081,0.002963750041089952,weak_5x5_mild_strong_300_800,weak_null,True,308,1739603722,-5.551115123125783e-17,4,4
300,800,0.0969080922623562,0.10933853196790772,0.06245926887635278,0.0974014290779337,-0.012430439705551521,-0.03494216020158092,0.03170206821548362,-0.39210185345195764,-1.102204435498464,0.6949829580970294,0.27037280411013764,0.751,0.718,0.27,True,999,0.00012624997179955244,0.003113041981123388,weak_5x5_mild_strong_300_800,weak_null,True,309,1739603722,-5.551115123125783e-17,1,4
300,800,0.1262111184006598,0.08898763969378565,0.09036826998703873,0.07592323688567149,0.03722347870687415,0.014445033101367244,0.03451643670702009,1.0784276205227026,0.4184972285516759,0.2808429663314085,0.675583612437022,0.33,0.324,0.666,True,999,0.00012220791541039944,0.0031062500784173608,weak_5x5_mild_strong_300_800,weak_null,True,310,1739603722,-5.551115123125783e-17,1,3
300,800,0.10788686687436966,0.11770067752489777,0.07536303968709035,0.10780338045429971,-0.00981381065052811,-0.032440340767209364,0.03255208074905133,-0.3014802871184852,-0.9965673474852994,0.763048279771278,0.31897456185535955,0.792,0.778,0.283,True,999,0.00012375006917864084,0.00300454196985811,weak_5x5_mild_strong_300_800,weak_null,True,311,1739603722,-5.551115123125783e-17,2,5
300,800,0.13658617174246623,0.10972359941184257,0.10211835315834605,0.10203861316261964,0.02686257233062367,7.973999572641333e-05,0.036223792926018177,0.7415726007899438,0.002201315469345539,0.4583463292775436,0.9982436057920723,0.522,0.494,0.998,True,999,0.00011625001206994057,0.003111166995950043,weak_5x5_mild_strong_300_800,weak_null,True,312,1739603722,-5.551115123125783e-17,1,7
300,800,0.18072102478185115,0.11003716912297351,0.15397555055949397,0.09714178118974814,0.07068385565887764,0.056833769369745823,0.03735388147533307,1.8922760598668782,1.5214956819755519,0.05845420893168746,0.12813549409199637,0.101,0.075,0.118,True,999,0.00011624989565461874,0.002970249974168837,weak_5x5_mild_strong_300_800,weak_null,True,313,1739603722,-5.551115123125783e-17,2,2
300,800,0.12688504876954387,0.11724446627906948,0.09430484575227638,0.11000789751665252,0.009640582490474392,-0.01570305176437614,0.034114957879834124,0.2825910711785779,-0.46029814311037026,0.7774903256336745,0.6453022338425892,0.792,0.774,0.627,True,999,0.00011933292262256145,0.0029921249952167273,weak_5x5_mild_strong_300_800,weak_null,True,314,1739603722,-5.551115123125783e-17,1,7
300,800,0.14660125242228794,0.11856542845324486,0.11107193138553839,0.10716732676132779,0.028035823969043083,0.003904604624210606,0.035975450834845886,0.7793043122030185,0.10853525205662187,0.4358004750959392,0.9135711185703237,0.478,0.446,0.901,True,999,0.00011204101610928774,0.0030598329612985253,weak_5x5_mild_strong_300_800,weak_null,True,315,1739603722,-5.551115123125783e-17,1,4
300,800,0.14689996508181902,0.1351544668165091,0.1148816784839255,0.12422953509769741,0.011745498265309906,-0.00934785661377191,0.03606294745712858,0.32569435094768345,-0.2592094455087063,0.7446556186879643,0.7954736436478892,0.778,0.763,0.781,True,999,0.00011816609185189009,0.002998625044710934,weak_5x5_mild_strong_300_800,weak_null,True,316,1739603722,-5.551115123125783e-17,1,3
300,800,0.15374566096575892,0.1289973068334579,0.1205810577723696,0.12075621729400154,0.02474835413230103,-0.00017515952163194015,0.037096798290170575,0.6671291128339376,-0.004721688385661887,0.5046896656321145,0.996232651734588,0.554,0.536,0.999,True,999,0.00012004200834780931,0.0030532910022884607,weak_5x5_mild_strong_300_800,weak_null,True,317,1739603722,-5.551115123125783e-17,1,7
300,800,0.17257045254098347,0.1387619066748107,0.1420233399574613,0.12859760254832509,0.03380854586617277,0.013425737409136218,0.03919385554465081,0.8625981138205978,0.34254699423079765,0.3883584677771206,0.7319392843088186,0.433,0.406,0.735,True,999,0.00011195801198482513,0.0030064169550314546,weak_5x5_mild_strong_300_800,weak_null,True,318,1739603722,-5.551115123125783e-17,2,5
300,800,0.1290287881275144,0.15485510624126414,0.09490500509986077,0.14861970773972644,-0.025826318113749747,-0.053714702639865664,0.0356058021320498,-0.7253401571454204,-1.5085940892626464,0.46824337576830144,0.1314025455989007,0.512,0.483,0.131,True,999,0.00011695793364197016,0.003003833000548184,weak_5x5_mild_strong_300_800,weak_null,True,319,1739603722,-5.551115123125783e-17,2,8
300,800,0.12862700948830375,0.1446660300501209,0.09845956184204852,0.1346123355540385,-0.016039020561817163,-0.036152773711989994,0.03563743133877042,-0.4500610722851988,-1.0144607047663092,0.6526664047700312,0.3103629706637251,0.719,0.693,0.305,True,999,0.00012645800597965717,0.003077249974012375,weak_5x5_mild_strong_300_800,weak_null,True,320,1739603722,-5.551115123125783e-17,1,3
300,800,0.13781784554244347,0.06887963654604734,0.10457152786665347,0.05588761585596558,0.06893820899639613,0.04868391201068789,0.03184156866217152,2.165038089919742,1.528942010590246,0.03038476842110239,0.12627882038996657,0.087,0.05,0.13,True,999,0.00011687504593282938,0.002995541086420417,weak_5x5_mild_strong_300_800,weak_null,True,321,1739603722,-5.551115123125783e-17,1,2
300,800,0.10001011759505041,0.14681343550010106,0.0653192052053555,0.13915164416806647,-0.046803317905050656,-0.07383243896271097,0.0335429789214129,-1.3953238325881883,-2.2011294565009076,0.16291820837951765,0.027726860501255994,0.268,0.209,0.025,True,999,0.00011279096361249685,0.0030580000020563602,weak_5x5_mild_strong_300_800,weak_null,True,322,1739603722,-5.551115123125783e-17,1,7
300,800,0.12576767709566328,0.10262258939617214,0.08650267217711871,0.09298841827092019,0.02314508769949114,-0.006485746093801481,0.034621252141643494,0.6685225480811402,-0.18733424392817463,0.5038000937543935,0.8513985754499739,0.57,0.551,0.854,True,999,0.00011987495236098766,0.0030527920462191105,weak_5x5_mild_strong_300_800,weak_null,True,323,1739603722,-5.551115123125783e-17,0,5
300,800,0.08737160675242428,0.1126660935743275,0.052966835063955386,0.10189179352357769,-0.025294486821903217,-0.0489249584596223,0.03129073141222728,-0.8083699447184878,-1.563560717551786,0.4188776484621708,0.11792076613830185,0.518,0.462,0.116,True,999,0.00011491600889712572,0.0030405420111492276,weak_5x5_mild_strong_300_800,weak_null,True,324,1739603722,-5.551115123125783e-17,1,5
300,800,0.12989126161016817,0.10786306564547321,0.09420865061616723,0.10113200353146112,0.022028195964694963,-0.00692335291529389,0.03484063078451107,0.6322559456784557,-0.19871491300242966,0.5272196454048669,0.8424857577766025,0.592,0.564,0.841,True,999,0.00012495904229581356,0.003082499955780804,weak_5x5_mild_strong_300_800,weak_null,True,325,1739603722,-5.551115123125783e-17,1,9
300,800,0.16092462568648114,0.135835558440755,0.1324042912780783,0.12321108007176917,0.025089067245726127,0.009193211206309115,0.03669024919977337,0.6838074908981838,0.250562790027763,0.4940967357574273,0.8021521533529092,0.54,0.507,0.786,True,999,0.00011358293704688549,0.0029682910535484552,weak_5x5_mild_strong_300_800,weak_null,True,326,1739603722,-5.551115123125783e-17,2,3
300,800,0.0915876863541778,0.07640827141158513,0.054758443693970094,0.06563808339956267,0.015179414942592673,-0.01087963970559258,0.030462253243248704,0.49830243420869924,-0.3571515087448042,0.6182708924096453,0.7209783854285403,0.678,0.665,0.706,True,999,0.00011429190635681152,0.0030292499577626586,weak_5x5_mild_strong_300_800,weak_null,True,327,1739603722,-5.551115123125783e-17,1,4
300,800,0.14172501478634825,0.1082907481178137,0.11178167019176044,0.09983809168073776,0.03343426666853455,0.011943578511022679,0.03514360211352766,0.9513614045745429,0.3398507208350533,0.3414209456491033,0.7339689490866452,0.449,0.414,0.769,True,999,0.00012095901183784008,0.003072459017857909,weak_5x5_mild_strong_300_800,weak_null,True,328,1739603722,-5.551115123125783e-17,2,6
300,800,0.15814468144725802,0.10161392099863836,0.1255290395830002,0.08951378496044526,0.056530760448619655,0.03601525462255495,0.03580554002064577,1.5788271986967257,1.0058570434013356,0.11437569817100408,0.31448434254018554,0.159,0.14,0.31,True,999,0.00011462497059255838,0.00298250000923872,weak_5x5_mild_strong_300_800,weak_null,True,329,1739603722,-5.551115123125783e-17,2,3
300,800,0.11510408142622164,0.14709855314136933,0.08045075048494255,0.1340197728881094,-0.03199447171514769,-0.053569022403166855,0.03528031169454795,-0.906864769000665,-1.5183829118903491,0.3644783138516092,0.1289178969366418,0.435,0.406,0.111,True,999,0.00011508399620652199,0.0030852090567350388,weak_5x5_mild_strong_300_800,weak_null,True,330,1739603722,-5.551115123125783e-17,2,3
300,800,0.08297196347607205,0.11888214608457048,0.050504903989633476,0.10828886015667649,-0.03591018260849843,-0.057783956167043016,0.02995782984391547,-1.198691053243695,-1.928843192851605,0.23064809816923804,0.05375033186304382,0.339,0.233,0.052,True,999,0.0001231249189004302,0.002931916038505733,weak_5x5_mild_strong_300_800,weak_null,True,331,1739603722,-5.551115123125783e-17,2,5
300,800,0.12073220636818383,0.11000685078293909,0.0877683707997221,0.09667107603166869,0.010725355585244734,-0.008902705231946584,0.03433492740879103,0.3123744942736835,-0.2592900554572647,0.7547559318629928,0.7954114517020229,0.768,0.759,0.792,True,999,0.00012400001287460327,0.003027958911843598,weak_5x5_mild_strong_300_800,weak_null,True,332,1739603722,-5.551115123125783e-17,2,2
300,800,0.14758331472445962,0.10797886280979235,0.11786296066560453,0.09838094015583465,0.03960445191466727,0.019482020509769882,0.034366497618368276,1.1524145507774817,0.5668899032456858,0.24915076451888662,0.5707889843860303,0.302,0.27,0.55,True,999,0.00011683302000164986,0.003077541012316942,weak_5x5_mild_strong_300_800,weak_null,True,333,1739603722,-5.551115123125783e-17,4,5
300,800,0.12481908021385557,0.12370066468856411,0.08704806371861196,0.10912761528601322,0.0011184155252914607,-0.022079551567401268,0.035215787768794526,0.03175892394156558,-0.6269787775972013,0.9746643040448915,0.5306731465513819,0.978,0.977,0.54,True,999,0.00012045889161527157,0.0030958339339122176,weak_5x5_mild_strong_300_800,weak_null,True,334,1739603722,-5.551115123125783e-17,0,1
300,800,0.08270449409870384,0.14642774755450072,0.05278251695926883,0.13509080334728196,-0.06372325345579688,-0.08230828638801313,0.030988432978179825,-2.0563561087670013,-2.6560970813196536,0.03974820366564959,0.00790508534484318,0.106,0.049,0.008,True,999,0.00011912500485777855,0.0031024999916553497,weak_5x5_mild_strong_300_800,weak_null,True,335,1739603722,-5.551115123125783e-17,2,4
300,800,0.153203429176884,0.11516287856474028,0.12001554833136652,0.10662432221039353,0.03804055061214373,0.013391226120972988,0.03659122629757057,1.0396085198890803,0.3659682245156698,0.29852181700181735,0.714388786392567,0.373,0.336,0.703,True,999,0.00011829205323010683,0.003126624971628189,weak_5x5_mild_strong_300_800,weak_null,True,336,1739603722,-5.551115123125783e-17,1,5
300,800,0.10696348238900677,0.10863982514389414,0.07851684106327639,0.09499738753271458,-0.0016763427548873722,-0.016480546469438195,0.031976840250839376,-0.052423652297645916,-0.5153900867051925,0.9581911282182258,0.6062804583856991,0.97,0.966,0.606,True,999,0.00011883408296853304,0.003085999982431531,weak_5x5_mild_strong_300_800,weak_null,True,337,1739603722,-5.551115123125783e-17,2,3
300,800,0.11990152856524294,0.10781232799799678,0.08842372295794121,0.09454033338352019,0.012089200567246161,-0.006116610425578983,0.03365832718798096,0.3591741354146409,-0.18172651277105542,0.7194648243666046,0.8557973582259986,0.774,0.761,0.842,True,999,0.00011995900422334671,0.003183000022545457,weak_5x5_mild_strong_300_800,weak_null,True,338,1739603722,-5.551115123125783e-17,2,3
300,800,0.11097315404121133,0.1418392494624311,0.0838116943436944,0.13301107711731674,-0.030866095421219764,-0.04919938277362235,0.032742952474012016,-0.9426790527127354,-1.5025945755096994,0.3458450909630506,0.13294362306512575,0.433,0.371,0.13,True,999,0.00012754194904118776,0.0029646250186488032,weak_5x5_mild_strong_300_800,weak_null,True,339,1739603722,-5.551115123125783e-17,3,6
300,800,0.13445665499922788,0.1194278755560228,0.09645108869523256,0.10900036842133431,0.015028779443205076,-0.012549279726101759,0.034995042263749936,0.4294545304428116,-0.3586016450993429,0.6675924771018071,0.7198931159337715,0.723,0.7,0.72,True,999,0.00011391600128263235,0.0030088750645518303,weak_5x5_mild_strong_300_800,weak_null,True,340,1739603722,-5.551115123125783e-17,0,6
300,800,0.10930478772134511,0.12911599165209742,0.074233164521047,0.1165294653370097,-0.019811203930752308,-0.042296300815962695,0.033930870467482714,-0.5838696048112931,-1.2465433463163553,0.5593080441930587,0.21256498597979556,0.605,0.568,0.2,True,999,0.0001265000319108367,0.0031103750225156546,weak_5x5_mild_strong_300_800,weak_null,True,341,1739603722,-5.551115123125783e-17,2,3
300,800,0.1536668948990707,0.104740113331518,0.12535176465587483,0.09496270279385044,0.0489267815675527,0.03038906186202439,0.035403580708103156,1.3819726871964213,0.8583612520037827,0.16698008758779792,0.3906930166459217,0.25,0.211,0.395,True,999,0.00011670903768390417,0.002942292019724846,weak_5x5_mild_strong_300_800,weak_null,True,342,1739603722,-5.551115123125783e-17,2,5
300,800,0.13300886585310456,0.06505826144949928,0.10657097743256827,0.053990563333627506,0.06795060440360529,0.052580414098940764,0.0324364259587973,2.0948856846904227,1.62102983126845,0.03618115571126841,0.10501124110966882,0.067,0.039,0.101,True,999,0.0001152919139713049,0.002985375002026558,weak_5x5_mild_strong_300_800,weak_null,True,343,1739603722,-5.551115123125783e-17,3,3
300,800,0.11199445615245185,0.1305529389393581,0.07628718084771435,0.11928375493027943,-0.01855848278690625,-0.042996574082565076,0.034125587265897206,-0.5438289645333763,-1.259951184064543,0.5865591750949148,0.2076869727583075,0.643,0.609,0.21,True,999,0.0001313339453190565,0.0030591250397264957,weak_5x5_mild_strong_300_800,weak_null,True,344,1739603722,-5.551115123125783e-17,2,4
300,800,0.15476962816596074,0.13123671829981087,0.1212620734430061,0.11871550604610093,0.023532909866149865,0.002546567396905175,0.03733437227939783,0.6303282586362379,0.06820972850025507,0.5284798379912465,0.9456186827865357,0.578,0.547,0.943,True,999,0.00011962489224970341,0.003074083011597395,weak_5x5_mild_strong_300_800,weak_null,True,345,1739603722,-5.551115123125783e-17,0,3
300,800,0.09228707996383534,0.13678797454138608,0.06016017515526073,0.12724124774393886,-0.04450089457755074,-0.06708107258867813,0.03228303666633325,-1.3784606150126837,-2.0779046680771027,0.16806111980298633,0.037718140498461984,0.275,0.207,0.042,True,999,0.00012004189193248749,0.0031706250738352537,weak_5x5_mild_strong_300_800,weak_null,True,346,1739603722,-5.551115123125783e-17,1,5
300,800,0.16696315798718686,0.10787149290854003,0.13620238854315403,0.09679182107231554,0.05909166507864683,0.03941056747083849,0.0354910714625549,1.6649726999927825,1.1104361138383458,0.09591820250125119,0.26681114339907464,0.159,0.132,0.249,True,999,0.00012366706505417824,0.0029682910535484552,weak_5x5_mild_strong_300_800,weak_null,True,347,1739603722,-5.551115123125783e-17,2,5
300,800,0.204354935992912,0.13554364549085146,0.1755945500310645,0.12511892242326894,0.06881129050206053,0.05047562760779556,0.039923684609463515,1.7235706367079529,1.2643028343088054,0.08478538317943363,0.20612135268073328,0.138,0.121,0.21,True,999,0.00011729192920029163,0.0030328339198604226,weak_5x5_mild_strong_300_800,weak_null,True,348,1739603722,-5.551115123125783e-17,1,4
300,800,0.11321404239525212,0.09153809045830885,0.08163279206826246,0.08099190983858762,0.021675951936943272,0.000640882229674844,0.032245000897640375,0.6722267431702715,0.019875398103082156,0.501439358225956,0.9841427707379905,0.591,0.549,0.982,True,999,0.00012562493793666363,0.003074083011597395,weak_5x5_mild_strong_300_800,weak_null,True,349,1739603722,-5.551115123125783e-17,1,5
300,800,0.12579243308986787,0.12434907646048365,0.08820648567456146,0.11339940797563486,0.0014433566293842182,-0.025192922301073395,0.035968212841744694,0.040128672384552255,-0.7004218533714441,0.9679905429493016,0.48366389259921017,0.978,0.977,0.486,True,999,0.00014454207848757505,0.0029869170393794775,weak_5x5_mild_strong_300_800,weak_null,True,350,1739603722,-5.551115123125783e-17,1,4
300,800,0.18371760830202088,0.10602343910924278,0.15442018353547837,0.09734155250339427,0.0776941691927781,0.057078631032084104,0.03910712071143127,1.9867013418368995,1.4595457296195073,0.04695550304387768,0.14441496386575875,0.065,0.054,0.139,True,999,0.00011466594878584146,0.0031319999834522605,weak_5x5_mild_strong_300_800,weak_null,True,351,1739603722,-5.551115123125783e-17,3,7
300,800,0.13229981662143064,0.112318296429123,0.0982707331231154,0.10171429941186716,0.019981520192307645,-0.0034435662887517537,0.03414287834247905,0.5852324456033787,-0.10085752742373282,0.5583914312765218,0.9196635593278114,0.609,0.588,0.91,True,999,0.0001188330352306366,0.0031948749674484134,weak_5x5_mild_strong_300_800,weak_null,True,352,1739603722,-5.551115123125783e-17,1,5
300,800,0.10682065407592034,0.12078170768815905,0.07089538593743328,0.11106201463383059,-0.013961053612238705,-0.04016662869639731,0.03360096868679098,-0.4154955692609837,-1.1954009145036162,0.6777791580172026,0.2319304285505006,0.736,0.712,0.228,True,999,0.00012199999764561653,0.0030895000090822577,weak_5x5_mild_strong_300_800,weak_null,True,353,1739603722,-5.551115123125783e-17,1,5
300,800,0.1374691006457338,0.09973492652274729,0.10633699707875621,0.08969816567037014,0.03773417412298652,0.016638831408386068,0.034471247278617195,1.0946564775563936,0.48268724580520983,0.27366716260716817,0.6293178205622688,0.382,0.347,0.653,True,999,0.0001366250216960907,0.0031294579384848475,weak_5x5_mild_strong_300_800,weak_null,True,354,1739603722,-5.551115123125783e-17,2,6
300,800,0.17604837619990643,0.10335148704348113,0.15383399158588418,0.09362711361717402,0.0726968891564253,0.06020687796871016,0.03635378867043557,1.999705995307869,1.6561376453638494,0.04553202042652995,0.09769394724968393,0.07,0.053,0.086,True,999,0.00011916703078895807,0.002968583023175597,weak_5x5_mild_strong_300_800,weak_null,True,355,1739603722,-5.551115123125783e-17,6,5
300,800,0.12155540854385083,0.08397271898407388,0.08504465668937655,0.0734404752276987,0.03758268955977695,0.011604181461677854,0.033055997488281426,1.1369401142137752,0.3510461744738338,0.25556332122683956,0.7255537077721091,0.333,0.307,0.726,True,999,0.00012229103595018387,0.00302929210010916,weak_5x5_mild_strong_300_800,weak_null,True,356,1739603722,-5.551115123125783e-17,0,4
300,800,0.12123794503288388,0.11013530425276602,0.09152915101213921,0.1014338396443577,0.011102640780117856,-0.009904688632218495,0.03539581085254369,0.31367103938854884,-0.2798265781643113,0.7537708986496835,0.7796105595328878,0.768,0.761,0.786,True,999,0.0001250840723514557,0.0029725419590249658,weak_5x5_mild_strong_300_800,weak_null,True,357,1739603722,-5.551115123125783e-17,2,6
300,800,0.12278842287418867,0.11024139782737263,0.090975774244896,0.10002983792526265,0.01254702504681604,-0.009054063680366653,0.03286456101694844,0.3817797852326543,-0.27549626102406843,0.7026247141195279,0.782934997994735,0.754,0.731,0.779,True,999,0.0001163750421255827,0.0030079999705776572,weak_5x5_mild_strong_300_800,weak_null,True,358,1739603722,-5.551115123125783e-17,1,5
300,800,0.11328008608223494,0.1228202494099313,0.08171084345963209,0.10990887938481819,-0.00954016332769636,-0.028198035925186105,0.03403795916868409,-0.28028012139087316,-0.8284291013289985,0.7792626006630128,0.40742753133214193,0.801,0.786,0.383,True,999,0.00011983304284512997,0.0031057909363880754,weak_5x5_mild_strong_300_800,weak_null,True,359,1739603722,-5.551115123125783e-17,0,2
300,800,0.16798206422379347,0.11501573671572096,0.13722492197024394,0.10604998921735387,0.05296632750807251,0.031174932752890072,0.038065727948198354,1.3914439671336798,0.818976397753759,0.16409083987892448,0.4127998797449276,0.172,0.173,0.396,True,999,0.0001272499794140458,0.0030081659788265824,weak_5x5_mild_strong_300_800,weak_null,True,360,1739603722,-5.551115123125783e-17,3,5
300,800,0.14145432333648356,0.11716612161408324,0.1098681582444101,0.11004928113879942,0.024288201722400315,-0.0001811228943893184,0.03586361891317402,0.6772378933983811,-0.005050323973936309,0.4982550288752836,0.9959704416036507,0.557,0.526,0.995,True,999,0.00011445803102105856,0.003087042015977204,weak_5x5_mild_strong_300_800,weak_null,True,361,1739603722,-5.551115123125783e-17,0,7
300,800,0.1954934144139011,0.10723031736142824,0.1676444581470946,0.09762552290033,0.08826309705247287,0.07001893524676461,0.0376507823599217,2.3442566533870144,1.8596940317845292,0.019065047086402772,0.06292882690485917,0.038,0.027,0.072,True,999,0.00012425007298588753,0.0031357499537989497,weak_5x5_mild_strong_300_800,weak_null,True,362,1739603722,-5.551115123125783e-17,3,5
300,800,0.13572843387150568,0.13147166416774014,0.11040624460446224,0.12132741168619532,0.004256769703765539,-0.010921167081733074,0.033799942197693326,0.12594014743776816,-0.3231120046849781,0.8997793026073773,0.7466104190618477,0.918,0.905,0.742,True,999,0.00012049998622387648,0.002982083009555936,weak_5x5_mild_strong_300_800,weak_null,True,363,1739603722,-5.551115123125783e-17,4,5
300,800,0.12225413689714493,0.08295222008076064,0.08958015969830058,0.07018767736917653,0.039301916816384286,0.01939248232912405,0.03407306882943852,1.1534598486893006,0.5691439895302091,0.24872168864052213,0.569258427612047,0.335,0.295,0.573,True,999,0.00012149999383836985,0.0030936249531805515,weak_5x5_mild_strong_300_800,weak_null,True,364,1739603722,-5.551115123125783e-17,1,3
300,800,0.15527969819822296,0.12204193819735742,0.12788331663517738,0.11358697888238112,0.033237760000865535,0.014296337752796262,0.03504065908836587,0.9485483682554666,0.40799283246195855,0.3428503615681946,0.6832789370554913,0.396,0.363,0.68,True,999,0.00011887506116181612,0.0029975419165566564,weak_5x5_mild_strong_300_800,weak_null,True,365,1739603722,-5.551115123125783e-17,3,5
300,800,0.10333558392853281,0.12080190378457412,0.07701267225093034,0.11134343029777938,-0.0174663198560413,-0.03433075804684904,0.03202659902709486,-0.5453691739564542,-1.0719451671345073,0.5854996371618244,0.28374466141496835,0.656,0.618,0.261,True,999,0.00011424999684095383,0.0030111249070614576,weak_5x5_mild_strong_300_800,weak_null,True,366,1739603722,-5.551115123125783e-17,3,6
300,800,0.1149256703809225,0.15021254714499532,0.08619828770065396,0.14400095851112837,-0.03528687676407283,-0.05780267081047441,0.03406382301752516,-1.035904770463328,-1.6968932342308167,0.30024657185948633,0.08971684739595817,0.403,0.324,0.085,True,999,0.00012329197488725185,0.003094000043347478,weak_5x5_mild_strong_300_800,weak_null,True,367,1739603722,-5.551115123125783e-17,1,8
300,800,0.09370439440187828,0.09310110110504921,0.06821330494068434,0.08282541480224381,0.0006032932968290661,-0.014612109861559475,0.029467368364313448,0.020473266881873523,-0.49587427288741254,0.9836658375437703,0.6199831185491221,0.985,0.982,0.61,True,999,0.00012162490747869015,0.0029237919952720404,weak_5x5_mild_strong_300_800,weak_null,True,368,1739603722,-5.551115123125783e-17,3,4
300,800,0.11843861435080316,0.14769662053390314,0.0844388686210209,0.13949774822134486,-0.029258006183099983,-0.05505887960032396,0.0348828962130557,-0.8387493402038538,-1.578391864713256,0.40160998427339323,0.11447561300338663,0.484,0.445,0.094,True,999,0.00011862500105053186,0.0031082920031622052,weak_5x5_mild_strong_300_800,weak_null,True,369,1739603722,-5.551115123125783e-17,0,7
300,800,0.12856991179691057,0.09917653904355822,0.09068844303988044,0.08929883257172833,0.029393372753352354,0.0013896104681521138,0.03550472335352347,0.827872180855491,0.03913874935218189,0.4077428911779265,0.9687797671086201,0.499,0.463,0.976,True,999,0.00011995795648545027,0.0029981249244883657,weak_5x5_mild_strong_300_800,weak_null,True,370,1739603722,-5.551115123125783e-17,0,6
300,800,0.11282097306867411,0.08649143456874325,0.07634373676665973,0.07834291236412128,0.02632953849993086,-0.0019991755974615444,0.033203488155525554,0.7929750746850142,-0.060209806514827026,0.42779234497345686,0.9519885354172881,0.486,0.452,0.949,True,999,0.00011679204180836678,0.0030229580588638783,weak_5x5_mild_strong_300_800,weak_null,True,371,1739603722,-5.551115123125783e-17,0,7
300,800,0.1782936331060061,0.09269211748019784,0.15067268437900339,0.0808513986864341,0.08560151562580826,0.06982128569256929,0.03720975898632575,2.3005124988115626,1.8764240240907761,0.021419202004094095,0.060597078275971265,0.042,0.028,0.057,True,999,0.00011391600128263235,0.0030867080204188824,weak_5x5_mild_strong_300_800,weak_null,True,372,1739603722,-5.551115123125783e-17,2,4
300,800,0.13873701999242494,0.11871026023040743,0.10302355024822418,0.10842687791989647,0.02002675976201751,-0.005403327671672287,0.03713470452430896,0.5393003665589335,-0.14550614420898875,0.5896796159565918,0.8843112650011555,0.654,0.632,0.903,True,999,0.00017545802984386683,0.0029456670163199306,weak_5x5_mild_strong_300_800,weak_null,True,373,1739603722,-5.551115123125783e-17,1,5
300,800,0.12106719337470107,0.10230879247615066,0.08379416137825046,0.0899012921157123,0.01875840089855041,-0.00610713073746183,0.034423073235659025,0.5449368442535948,-0.1774138728303731,0.5857969548542062,0.8591833112234089,0.633,0.61,0.853,True,999,0.00012170907575637102,0.003111375030130148,weak_5x5_mild_strong_300_800,weak_null,True,374,1739603722,-5.551115123125783e-17,0,3
300,800,0.139562759733885,0.10324833290563723,0.10741068938347098,0.09132763409797917,0.03631442682824776,0.01608305528549181,0.03406119302360874,1.066152521524341,0.4721812085191556,0.28635470062971824,0.6367974514750839,0.335,0.313,0.614,True,999,0.00011929194442927837,0.003083166084252298,weak_5x5_mild_strong_300_800,weak_null,True,375,1739603722,-5.551115123125783e-17,2,3
300,800,0.10570132305393654,0.10829533603586333,0.07399409362705,0.09936352840679774,-0.0025940129819267965,-0.025369434779747735,0.03129386983606728,-0.08289204868287353,-0.8106838467931688,0.9339373765151233,0.4175472520098993,0.951,0.946,0.406,True,999,0.00011829100549221039,0.0029735000571236014,weak_5x5_mild_strong_300_800,weak_null,True,376,1739603722,-5.551115123125783e-17,0,6
300,800,0.10923270873815738,0.0935943853060856,0.07531812555595252,0.08213735416370582,0.015638323432071777,-0.006819228607753303,0.03264099247617567,0.4791007333335845,-0.20891609263200525,0.6318669680753899,0.8345137412498556,0.681,0.657,0.804,True,999,0.00012287497520446777,0.0031394580146297812,weak_5x5_mild_strong_300_800,weak_null,True,377,1739603722,-5.551115123125783e-17,1,4
300,800,0.13486750022306093,0.1198615577894428,0.10186016516883001,0.11263864202209106,0.015005942433618136,-0.010778476853261054,0.03522928431477103,0.42595081692665565,-0.3059521946842907,0.670143684793215,0.7596410445408348,0.71,0.687,0.752,True,999,0.0001217500539496541,0.003043666947633028,weak_5x5_mild_strong_300_800,weak_null,True,378,1739603722,-5.551115123125783e-17,1,7
300,800,0.10742947717454643,0.09620939083142294,0.07479243230483235,0.08391759777936159,0.011220086343123492,-0.00912516547452924,0.03272234856366307,0.34288756264832937,-0.27886645901273693,0.7316830487649806,0.7803473096394107,0.772,0.757,0.785,True,999,0.00011679099407047033,0.003001041943207383,weak_5x5_mild_strong_300_800,weak_null,True,379,1739603722,-5.551115123125783e-17,2,3
300,800,0.15119107390263253,0.10734788548755458,0.11937309050784961,0.1002934714410344,0.04384318841507795,0.019079619066815212,0.03604971472040289,1.216186834074008,0.5292585313030732,0.2239137579466327,0.5966261182955306,0.296,0.257,0.587,True,999,0.00011245801579207182,0.003059583017602563,weak_5x5_mild_strong_300_800,weak_null,True,380,1739603722,-5.551115123125783e-17,1,7
300,800,0.06552743661370286,0.10886890263603988,0.029078090902487475,0.10020291014404847,-0.043341466022337016,-0.071124819241561,0.028771986713702166,-1.5063772430318962,-2.4720162687858123,0.13197035922349307,0.013435340202824103,0.227,0.146,0.009,True,999,0.0001192920608446002,0.003024208010174334,weak_5x5_mild_strong_300_800,weak_null,True,381,1739603722,-5.551115123125783e-17,0,6
300,800,0.07216819331192825,0.09161970147537535,0.032650806197239035,0.07760922239896217,-0.019451508163447095,-0.04495841620172314,0.02862410187174665,-0.6795499907945289,-1.5706489727839892,0.49678944394430957,0.11626420786800289,0.6,0.557,0.106,True,999,0.0001222920836880803,0.003117582993581891,weak_5x5_mild_strong_300_800,weak_null,True,382,1739603722,-5.551115123125783e-17,0,2
300,800,0.1452090511100167,0.13711904824621024,0.11738336283252693,0.12873439226092387,0.008090002863806456,-0.011351029428396942,0.03689466679423167,0.21927296183282766,-0.30766044023933636,0.8264374227295354,0.7583407246141771,0.834,0.828,0.753,True,999,0.00012374995276331902,0.003042708965949714,weak_5x5_mild_strong_300_800,weak_null,True,383,1739603722,-5.551115123125783e-17,3,6
300,800,0.07992065312416297,0.12485709148720597,0.05514410434608408,0.11406663937435724,-0.04493643836304301,-0.05892253502827316,0.030054784578369725,-1.495150905037048,-1.9605043208554358,0.13487506308676528,0.04993687344839398,0.258,0.17,0.044,True,999,0.00011587503831833601,0.002977666910737753,weak_5x5_mild_strong_300_800,weak_null,True,384,1739603722,-5.551115123125783e-17,3,5
300,800,0.07863425307330985,0.09700195548559848,0.04847880779618663,0.08824088538426622,-0.018367702412288633,-0.03976207758807959,0.029134515338924114,-0.6304447559403581,-1.3647756664397608,0.5284036363344747,0.17232356909872526,0.629,0.577,0.151,True,999,0.0001194169744849205,0.003090083017013967,weak_5x5_mild_strong_300_800,weak_null,True,385,1739603722,-5.551115123125783e-17,2,5
300,800,0.13724962836906585,0.1615168150097196,0.10830203963854501,0.1475258898415177,-0.02426718664065375,-0.0392238502029727,0.035943382803980045,-0.6751503266400017,-1.0912676310096612,0.49958026210832096,0.2751551364034024,0.569,0.531,0.265,True,999,0.00011937494855374098,0.00303612498100847,weak_5x5_mild_strong_300_800,weak_null,True,386,1739603722,-5.551115123125783e-17,3,2
300,800,0.11514767712014073,0.13362398178538298,0.08041380799028275,0.1260612846863296,-0.01847630466524225,-0.04564747669604685,0.03566596132867148,-0.5180374782268758,-1.2798611055340134,0.604432120693154,0.20059398872109768,0.654,0.624,0.229,True,999,0.00011675001587718725,0.002966750063933432,weak_5x5_mild_strong_300_800,weak_null,True,387,1739603722,-5.551115123125783e-17,1,7
300,800,0.1079060587079439,0.11117474055587101,0.07601706425373322,0.10166519654262629,-0.003268681847927113,-0.025648132288893066,0.03278579351940864,-0.0996981160755529,-0.7822940833721106,0.9205839962456248,0.4340417632053738,0.918,0.913,0.434,True,999,0.00011645792983472347,0.003132667043246329,weak_5x5_mild_strong_300_800,weak_null,True,388,1739603722,-5.551115123125783e-17,3,6
300,800,0.12762629407465742,0.07668305336685133,0.09637775033132812,0.06870426612221081,0.05094324070780609,0.027673484209117305,0.03337479346073761,1.5263986807210106,0.8291731974812856,0.1269106060163959,0.40700640905714636,0.174,0.147,0.392,True,999,0.00011449994053691626,0.002969374996609986,weak_5x5_mild_strong_300_800,weak_null,True,389,1739603722,-5.551115123125783e-17,2,6
300,800,0.14934545581434933,0.10602942623412759,0.12370635829444154,0.09912876215298638,0.04331602958022174,0.02457759614145516,0.03497633026776403,1.2384383738549036,0.7026922479659659,0.2155535593041925,0.4822475597407405,0.259,0.231,0.479,True,999,0.00011991709470748901,0.0029002910014241934,weak_5x5_mild_strong_300_800,weak_null,True,390,1739603722,-5.551115123125783e-17,4,8
300,800,0.06532908641606705,0.07625112538443862,0.0307033009791553,0.0650224360852576,-0.010922038968371572,-0.034319135106102294,0.027387846131440893,-0.3987914535503839,-1.2530790096233368,0.6900468748942522,0.2101769542085984,0.776,0.74,0.187,True,999,0.0001204590080305934,0.0029787500388920307,weak_5x5_mild_strong_300_800,weak_null,True,391,1739603722,-5.551115123125783e-17,1,5
300,800,0.14502822120709902,0.14125023059687702,0.11839401367404889,0.1300055044445685,0.003777990610221993,-0.011611490770519595,0.03615195544254314,0.10450307774433977,-0.32118569046628515,0.9167701259678334,0.7480696754964218,0.925,0.917,0.741,True,999,0.00011362496297806501,0.0030070419888943434,weak_5x5_mild_strong_300_800,weak_null,True,392,1739603722,-5.551115123125783e-17,3,4
300,800,0.1146242893810907,0.09783460213949552,0.08554534440560246,0.08572910053015903,0.016789687241595186,-0.00018375612455656665,0.03243393415417827,0.5176580541165177,-0.005665551507968836,0.6046968691332919,0.995479568106532,0.681,0.656,0.992,True,999,0.0001349169760942459,0.002985083032399416,weak_5x5_mild_strong_300_800,weak_null,True,393,1739603722,-5.551115123125783e-17,3,3
300,800,0.11935909887740292,0.11207839023909882,0.09130467203164017,0.10284168819504202,0.007280708638304101,-0.011537016163401859,0.03314609535793145,0.21965509239271278,-0.348065617950417,0.8261397815272299,0.7277909046670598,0.841,0.827,0.711,True,999,0.00012362503912299871,0.003061958006583154,weak_5x5_mild_strong_300_800,weak_null,True,394,1739603722,-5.551115123125783e-17,3,7
300,800,0.0968335940731957,0.10381836438697661,0.06541207765877743,0.0918004575495388,-0.006984770313780919,-0.02638837989076137,0.030831956792570118,-0.22654320518067503,-0.8558775580900022,0.82077895966792,0.3920655094826714,0.867,0.857,0.373,True,999,0.00012408301699906588,0.0030499579152092338,weak_5x5_mild_strong_300_800,weak_null,True,395,1739603722,-5.551115123125783e-17,1,4
300,800,0.13685836093098735,0.13812706520928186,0.10877589805278376,0.12820769561881207,-0.001268704278294508,-0.019431797566028308,0.03555040652781436,-0.03568747595901283,-0.5465984629690527,0.9715315569287611,0.5846546252865406,0.973,0.971,0.574,True,999,0.0001282920129597187,0.003117457963526249,weak_5x5_mild_strong_300_800,weak_null,True,396,1739603722,-5.551115123125783e-17,3,6
300,800,0.1328569858085782,0.10587775936243171,0.10081424582222098,0.0951126163349727,0.026979226446146476,0.005701629487248283,0.035267028193119415,0.7649985787974648,0.1616702563092818,0.444272390908934,0.8715655283887049,0.519,0.501,0.87,True,999,0.00011691695544868708,0.0030236670281738043,weak_5x5_mild_strong_300_800,weak_null,True,397,1739603722,-5.551115123125783e-17,1,5
300,800,0.1142979650911552,0.10748513691470318,0.08088958978771643,0.09730230537945772,0.006812828176452013,-0.01641271559174129,0.03323761514693153,0.20497343585979177,-0.49379943534416004,0.837592879483039,0.6214478319814725,0.85,0.834,0.569,True,999,0.00011445803102105856,0.0030945410253480077,weak_5x5_mild_strong_300_800,weak_null,True,398,1739603722,-5.551115123125783e-17,2,5
300,800,0.14558729663017855,0.13226939050193715,0.10771892709982467,0.12097469308650943,0.013317906128241408,-0.013255765986684764,0.0379329032663119,0.35109113675643705,-0.34945297736957487,0.7255199770849656,0.72674926685362,0.762,0.755,0.738,True,999,0.00011920800898224115,0.003012417000718415,weak_5x5_mild_strong_300_800,weak_null,True,399,1739603722,-5.551115123125783e-17,0,4
300,800,0.15442232204537132,0.12404392571749245,0.12035821900053634,0.1138772009613831,0.030378396327878865,0.006481018039153241,0.03580926814709179,0.8483389329012583,0.18098716825296499,0.3962492411740529,0.8563776479371529,0.489,0.457,0.852,True,999,0.00012149999383836985,0.0030737919732928276,weak_5x5_mild_strong_300_800,weak_null,True,400,1739603722,-5.551115123125783e-17,2,5
300,800,0.12274292375336393,0.11543884057943443,0.08638944984460295,0.10702481880105097,0.007304083173929499,-0.02063536895644802,0.034617415580426684,0.2109944677111991,-0.5960979065148824,0.8328915883103366,0.5511098226437197,0.86,0.849,0.526,True,999,0.00011904200073331594,0.0031166670378297567,weak_5x5_mild_strong_300_800,weak_null,True,401,1739603722,-5.551115123125783e-17,0,6
300,800,0.1281119848707276,0.11770283468630655,0.09861205018444252,0.10595917228914686,0.010409150184421068,-0.00734712210470434,0.03374300196118558,0.30848322850452564,-0.2177376545559195,0.7577146601210926,0.8276335233829688,0.802,0.785,0.817,True,999,0.00011887506116181612,0.003008791944012046,weak_5x5_mild_strong_300_800,weak_null,True,402,1739603722,-5.551115123125783e-17,2,3
300,800,0.1594031171384136,0.10095141162922983,0.13142244894567057,0.08965167627809478,0.05845170550918377,0.041770772667575784,0.0357173574921205,1.6365069986512475,1.1694810478852111,0.10173352216934038,0.24220987263376903,0.146,0.118,0.234,True,999,0.00011112506035715342,0.003093707957305014,weak_5x5_mild_strong_300_800,weak_null,True,403,1739603722,-5.551115123125783e-17,3,4
300,800,0.14576504785890032,0.12703606186646338,0.1174579102502662,0.12000696117519283,0.01872898599243694,-0.0025490509249266324,0.03550558840983199,0.5274940321014543,-0.07179294976057247,0.5978505596685683,0.9427666836195117,0.662,0.629,0.946,True,999,0.0001176249934360385,0.0031424580374732614,weak_5x5_mild_strong_300_800,weak_null,True,404,1739603722,-5.551115123125783e-17,2,7
300,800,0.1816042860390965,0.12639468051009928,0.15060322671268978,0.11367108796628145,0.05520960552899723,0.03693213874640833,0.03851648099148224,1.433402120541765,0.9588658619819322,0.15174295274967387,0.3376263244875878,0.215,0.186,0.349,True,999,0.0001252919901162386,0.0030033340444788337,weak_5x5_mild_strong_300_800,weak_null,True,405,1739603722,-5.551115123125783e-17,2,3
300,800,0.1142081398652961,0.09375594034345536,0.08498830504174748,0.08151211480526399,0.02045219952184074,0.0034761902364834896,0.03197804214463984,0.6395700971727233,0.1087055367792793,0.5224521282025647,0.9134360501690325,0.57,0.533,0.901,True,999,0.00011470797471702099,0.003024374949745834,weak_5x5_mild_strong_300_800,weak_null,True,406,1739603722,-5.551115123125783e-17,3,5
300,800,0.1962906720251365,0.13527286713588427,0.16993124605755838,0.12644887826104423,0.061017804889252236,0.043482367796514154,0.03888507693631046,1.5691830824764161,1.1182276395578068,0.11660528500739643,0.26346978246273245,0.176,0.152,0.3,True,999,0.00011966703459620476,0.003009999985806644,weak_5x5_mild_strong_300_800,weak_null,True,407,1739603722,-5.551115123125783e-17,5,6
300,800,0.17559115027275995,0.10676524878916371,0.14180238814572022,0.09647717515747445,0.06882590148359624,0.04532521298824577,0.03642189109195695,1.88968500591654,1.2444497424312748,0.05880010061863821,0.2133340853136435,0.108,0.091,0.211,True,999,0.00011454196646809578,0.003060708986595273,weak_5x5_mild_strong_300_800,weak_null,True,408,1739603722,-5.551115123125783e-17,2,5
300,800,0.1696729118447513,0.07610978801954671,0.13213119507429383,0.06730448134089784,0.0935631238252046,0.06482671373339599,0.03653675108303539,2.5607948449649505,1.7742878557008888,0.010443300549408507,0.0760155483176466,0.018,0.012,0.054,True,999,0.00012437498662620783,0.003084791940636933,weak_5x5_mild_strong_300_800,weak_null,True,409,1739603722,-5.551115123125783e-17,1,7
300,800,0.10798419113108704,0.13435638906920566,0.0756644051789408,0.12315805676871605,-0.026372197938118624,-0.047493651589775254,0.03356810962827171,-0.7856325015069496,-1.4148443899794458,0.43208281768450363,0.15711412575363726,0.519,0.479,0.163,True,999,0.000110417022369802,0.0029965840512886643,weak_5x5_mild_strong_300_800,weak_null,True,410,1739603722,-5.551115123125783e-17,2,4
300,800,0.13618057960579533,0.10966671553189683,0.10332718803994112,0.0977597012393403,0.026513864073898497,0.005567486800600818,0.03496401276201317,0.7583186819650352,0.15923477772693306,0.44826022590160053,0.8734839047473555,0.488,0.471,0.875,True,999,0.00011437491048127413,0.003070749924518168,weak_5x5_mild_strong_300_800,weak_null,True,411,1739603722,-5.551115123125783e-17,2,4
300,800,0.17246106401861994,0.10083625848215383,0.14282676697115448,0.08833223786911049,0.07162480553646611,0.054494529102044,0.036173390671346076,1.9800412459869863,1.5064810926118295,0.04769889421398301,0.13194371725502285,0.096,0.066,0.145,True,999,0.0001230830093845725,0.003034125082194805,weak_5x5_mild_strong_300_800,weak_null,True,412,1739603722,-5.551115123125783e-17,2,4
300,800,0.1449307524752993,0.14342617510966282,0.11578987828892195,0.13364674977901814,0.0015045773656364725,-0.017856871490096182,0.03703519578895788,0.04062560852142343,-0.48215950016444215,0.9675943683581076,0.6296926446849285,0.975,0.973,0.627,True,999,0.0001224169973284006,0.0031033329432830215,weak_5x5_mild_strong_300_800,weak_null,True,413,1739603722,-5.551115123125783e-17,3,4
300,800,0.12025045586591299,0.12351377942679986,0.08523116580471424,0.11309823478364933,-0.003263323560886877,-0.027867068978935094,0.03468080909895924,-0.09409594659614814,-0.8035299551235493,0.9250329402443886,0.42166849010748986,0.935,0.934,0.404,True,999,0.00012099999003112316,0.0031419999431818724,weak_5x5_mild_strong_300_800,weak_null,True,414,1739603722,-5.551115123125783e-17,0,4
300,800,0.12916216340211362,0.09352254314380859,0.10051382324650149,0.08686807303342903,0.03563962025830503,0.01364575021307246,0.03360546829521473,1.0605303858652062,0.4060574336652097,0.28890337379943,0.6847004008607445,0.352,0.316,0.707,True,999,0.00011745805386453867,0.0027678749756887555,weak_5x5_mild_strong_300_800,weak_null,True,415,1739603722,-5.551115123125783e-17,4,9
300,800,0.07988231028441828,0.1018631166462981,0.04624884137342633,0.0918147850375135,-0.021980806361879823,-0.04556594366408717,0.030019793079922717,-0.7322104553938654,-1.517863349116878,0.46404012373158277,0.12904885110210068,0.528,0.489,0.114,True,999,0.00011941709090024233,0.0029886249685660005,weak_5x5_mild_strong_300_800,weak_null,True,416,1739603722,-5.551115123125783e-17,3,5
300,800,0.12757551885892449,0.12037507359170069,0.09148149828524765,0.11017734833762916,0.007200445267223798,-0.018695850052381502,0.035474122497920306,0.20297740325066332,-0.5270278370797631,0.8391526941599603,0.5981742575584958,0.859,0.849,0.613,True,999,0.00011675001587718725,0.0030757089843973517,weak_5x5_mild_strong_300_800,weak_null,True,417,1739603722,-5.551115123125783e-17,0,4
300,800,0.17479206100017497,0.08835779448652614,0.15030126845533687,0.07677332112405111,0.08643426651364883,0.07352794733128576,0.036672283967732436,2.356937096955877,2.0050004901789658,0.018426367857194724,0.044962994633195,0.04,0.032,0.051,True,999,0.00011274998541921377,0.0029478329233825207,weak_5x5_mild_strong_300_800,weak_null,True,418,1739603722,-5.551115123125783e-17,3,3
300,800,0.13953060447961496,0.105560131963784,0.10496032954984003,0.09745991330635206,0.03397047251583096,0.007500416243487962,0.03468345048482129,0.9794432803246507,0.2162534620588113,0.327361001019178,0.8287901826120669,0.411,0.364,0.821,True,999,0.00011729192920029163,0.003084082971327007,weak_5x5_mild_strong_300_800,weak_null,True,419,1739603722,-5.551115123125783e-17,0,7
300,800,0.12351826885737205,0.13764893109928428,0.09459959844866717,0.12414011591175722,-0.014130662241912229,-0.029540517463090055,0.03462233661510892,-0.40813716298240016,-0.8532213695305245,0.6831729776476649,0.39353655502003837,0.734,0.713,0.384,True,999,0.00012804206926375628,0.0032078749500215054,weak_5x5_mild_strong_300_800,weak_null,True,420,1739603722,-5.551115123125783e-17,2,4
300,800,0.09974615080646887,0.08408793774219292,0.061409968283214766,0.07152838042361509,0.01565821306427595,-0.010118412140400324,0.029950630645725253,0.5228007800400286,-0.33783636345048007,0.6011128967317654,0.7354865052494655,0.663,0.645,0.723,True,999,0.00013266690075397491,0.0029797920724377036,weak_5x5_mild_strong_300_800,weak_null,True,421,1739603722,-5.551115123125783e-17,0,3
300,800,0.12825306615288712,0.10408959025630837,0.09122171245962818,0.0952378826229392,0.024163475896578746,-0.004016170163311017,0.03413238824766495,0.7079339342224846,-0.11766449315440941,0.4789862853217326,0.9063335016476008,0.569,0.542,0.91,True,999,0.00012562505435198545,0.0031237920047715306,weak_5x5_mild_strong_300_800,weak_null,True,422,1739603722,-5.551115123125783e-17,0,6
300,800,0.11770285045531348,0.1128918411134931,0.09193006780918722,0.10252945999877738,0.0048110093418203825,-0.010599392189590162,0.032637932657006714,0.1474054558657089,-0.3247568496748731,0.8828119994071998,0.7453651047733629,0.894,0.876,0.757,True,999,0.000122582889162004,0.003023875062353909,weak_5x5_mild_strong_300_800,weak_null,True,423,1739603722,-5.551115123125783e-17,3,4
300,800,0.11728479862125263,0.12801333709760343,0.08596213502738692,0.11633623115318414,-0.010728538476350802,-0.030374096125797223,0.033685523112578476,-0.3184910752460504,-0.9016958419878379,0.7501124634095031,0.3672184624034356,0.797,0.782,0.38,True,999,0.00011812499724328518,0.0030931660439819098,weak_5x5_mild_strong_300_800,weak_null,True,424,1739603722,-5.551115123125783e-17,1,4
300,800,0.12914834208657733,0.09015443435696602,0.09741341082127519,0.08082875097960596,0.03899390772961131,0.016584659841669236,0.03379723834820543,1.1537601779135251,0.49071050334945043,0.24859850455039012,0.6236312166370838,0.303,0.267,0.614,True,999,0.0001319169532507658,0.003045208053663373,weak_5x5_mild_strong_300_800,weak_null,True,425,1739603722,-5.551115123125783e-17,1,6
300,800,0.1389251526480344,0.13340711978922376,0.1137502886546713,0.12130847793014254,0.00551803285881064,-0.00755818927547125,0.03495219805988313,0.1578737008000661,-0.21624360397940942,0.8745563218691275,0.8287978664434146,0.897,0.888,0.817,True,999,0.00011829205323010683,0.0030161249451339245,weak_5x5_mild_strong_300_800,weak_null,True,426,1739603722,-5.551115123125783e-17,3,4
300,800,0.13103368569181062,0.13270722695973858,0.100566507626354,0.12258391151101478,-0.0016735412679279582,-0.02201740388466078,0.03655274398926971,-0.045784285535970616,-0.6023461300504314,0.9634821840014713,0.5469437604142089,0.966,0.961,0.544,True,999,0.00011970801278948784,0.00316229194868356,weak_5x5_mild_strong_300_800,weak_null,True,427,1739603722,-5.551115123125783e-17,1,5
300,800,0.11895147029281583,0.11014274498827148,0.08700394617886786,0.10122152109886429,0.008808725304544351,-0.014217574919996423,0.032558573028463114,0.2705501035577835,-0.43667684414692376,0.7867370764558086,0.6623457246950577,0.842,0.829,0.634,True,999,0.00014712498523294926,0.002984291990287602,weak_5x5_mild_strong_300_800,weak_null,True,428,1739603722,-5.551115123125783e-17,1,6
300,800,0.0897009568571735,0.08866363072026373,0.059809790197618895,0.0765410891788747,0.0010373261369097664,-0.016731298981255804,0.029396303258299932,0.03528763898626884,-0.5691633684086378,0.9718503798533163,0.5692452775769923,0.977,0.975,0.533,True,999,0.00011966691818088293,0.002974958042614162,weak_5x5_mild_strong_300_800,weak_null,True,429,1739603722,-5.551115123125783e-17,2,3
300,800,0.10390537106812903,0.1117999547994451,0.07412561030662346,0.10406562663149543,-0.007894583731316074,-0.029940016324871976,0.031814547144906634,-0.24814383481111285,-0.9410794435797977,0.8040231207089199,0.3466641490149227,0.84,0.825,0.353,True,999,0.0001200829865410924,0.003079958027228713,weak_5x5_mild_strong_300_800,weak_null,True,430,1739603722,-5.551115123125783e-17,2,6
300,800,0.0910708525786752,0.10386377765039223,0.05993690715069988,0.0934399667974617,-0.012792925071717032,-0.03350305964676181,0.03089364844223171,-0.41409563831991647,-1.0844643263617588,0.6788040669789925,0.2781589758295365,0.758,0.729,0.257,True,999,0.00011479202657938004,0.0030154589330777526,weak_5x5_mild_strong_300_800,weak_null,True,431,1739603722,-5.551115123125783e-17,2,4
300,800,0.14715966915071932,0.11362293365993087,0.11443459058159533,0.10224743180532414,0.03353673549078845,0.01218715877627119,0.035727580233571914,0.9386791736674961,0.34111346742759135,0.34789548932174685,0.7330181630748833,0.413,0.373,0.728,True,999,0.00012270896695554256,0.003091708989813924,weak_5x5_mild_strong_300_800,weak_null,True,432,1739603722,-5.551115123125783e-17,1,4
300,800,0.08794560426642795,0.12153112798661453,0.06130392988904987,0.1127675623305322,-0.03358552372018658,-0.05146363244148233,0.03000135695868346,-1.1194668216654027,-1.7153768248668142,0.26294103763350785,0.08627616155191058,0.363,0.29,0.079,True,999,0.00011916703078895807,0.0029778340831398964,weak_5x5_mild_strong_300_800,weak_null,True,433,1739603722,-5.551115123125783e-17,3,6
300,800,0.1193572613674394,0.07320710437725886,0.08820223488442025,0.06187296567730982,0.046150156990180546,0.02632926920711043,0.03343309900671856,1.3803732935707345,0.7875210491800184,0.16747173862057751,0.43097691137801397,0.242,0.205,0.4,True,999,0.00011499994434416294,0.0029638330452144146,weak_5x5_mild_strong_300_800,weak_null,True,434,1739603722,-5.551115123125783e-17,2,5
300,800,0.11205673452969422,0.11778718690474344,0.07798785083900839,0.10629708093716772,-0.005730452375049211,-0.028309230098159333,0.033647634914818064,-0.1703077315703274,-0.841343832035346,0.86476813117427,0.400155341865267,0.869,0.856,0.377,True,999,0.0001200829865410924,0.0031116249738261104,weak_5x5_mild_strong_300_800,weak_null,True,435,1739603722,-5.551115123125783e-17,2,4
300,800,0.11565937011522165,0.1145682907349933,0.0885879800297289,0.10516209907126495,0.0010910793802283436,-0.01657411904153605,0.03271846144216204,0.033347514893299485,-0.5065678002871529,0.9733974634052469,0.6124581061492236,0.977,0.972,0.624,True,999,0.00011712498962879181,0.0030320408986881375,weak_5x5_mild_strong_300_800,weak_null,True,436,1739603722,-5.551115123125783e-17,4,6
300,800,0.12034318576185443,0.1136076755383566,0.08766660531728121,0.1071895246789154,0.0067355102234978315,-0.019522919361634195,0.03456989932407664,0.1948374266397357,-0.5647375243594421,0.8455202215066128,0.5722523070188118,0.858,0.851,0.558,True,999,0.00011950009502470493,0.003110166057012975,weak_5x5_mild_strong_300_800,weak_null,True,437,1739603722,-5.551115123125783e-17,2,8
300,800,0.08459598887879327,0.11544103848559684,0.05203278340638917,0.10582674552955496,-0.030845049606803565,-0.053793962123165784,0.03130417296452911,-0.9853334774809168,-1.7184278333792735,0.32446029371996277,0.08571860715377473,0.437,0.36,0.079,True,999,0.00011958403047174215,0.0030496249673888087,weak_5x5_mild_strong_300_800,weak_null,True,438,1739603722,-5.551115123125783e-17,2,5
300,800,0.11573605857845459,0.12918385367479157,0.08316357907381189,0.11968193007464833,-0.013447795096336979,-0.036518351000836446,0.033669031620528034,-0.39941140119212243,-1.0846273041773848,0.6895900945241025,0.27808675684710316,0.731,0.703,0.243,True,999,0.00013095897156745195,0.0029163339640945196,weak_5x5_mild_strong_300_800,weak_null,True,439,1739603722,-5.551115123125783e-17,2,5
300,800,0.12486057699125852,0.07426749978708241,0.10051256160716093,0.06597780665055097,0.05059307720417611,0.03453475495660996,0.03193063140006572,1.5844684237616415,1.0815556549420091,0.113087161783289,0.27945001804161596,0.158,0.114,0.266,True,999,0.00011412508320063353,0.002980208955705166,weak_5x5_mild_strong_300_800,weak_null,True,440,1739603722,-5.551115123125783e-17,4,7
300,800,0.17192814002949763,0.13384499023137936,0.14268394600685497,0.12173062330356288,0.038083149798118276,0.020953322703292088,0.03770861745709975,1.009932274537634,0.555664039582735,0.3125277385699632,0.5784405440375439,0.377,0.35,0.588,True,999,0.00011862500105053186,0.002993458998389542,weak_5x5_mild_strong_300_800,weak_null,True,441,1739603722,-5.551115123125783e-17,3,3
300,800,0.12282558690308565,0.14950667010928664,0.08526808248723228,0.13814592562829375,-0.026681083206200995,-0.052877843141061476,0.03583960589670385,-0.7444580524434518,-1.4754024721551033,0.45659940961486567,0.1401043711332433,0.521,0.501,0.145,True,999,0.00013233302161097527,0.003019082942046225,weak_5x5_mild_strong_300_800,weak_null,True,442,1739603722,-5.551115123125783e-17,1,4
300,800,0.09743166831620265,0.08753333414136044,0.06121003943650294,0.07502173413161017,0.009898334174842205,-0.013811694695107235,0.03238100980179358,0.30568330745182437,-0.4265368739162115,0.7598457840486905,0.6697166848994585,0.797,0.786,0.654,True,999,0.00012425007298588753,0.0031149169662967324,weak_5x5_mild_strong_300_800,weak_null,True,443,1739603722,-5.551115123125783e-17,1,3
300,800,0.12485968754052568,0.06772656249114634,0.09202387057672468,0.059561895481408555,0.05713312504937934,0.03246197509531612,0.0325781574302499,1.7537248744562004,0.996433735235563,0.0794776611744775,0.3190394486369469,0.133,0.092,0.316,True,999,0.00012099999003112316,0.002932584029622376,weak_5x5_mild_strong_300_800,weak_null,True,444,1739603722,-5.551115123125783e-17,1,7
300,800,0.09169646516356877,0.09869272651766625,0.05494060522931932,0.08782847184249931,-0.006996261354097477,-0.032887866613179995,0.031848056031054124,-0.21967624483188625,-1.0326491067810224,0.8261233066377741,0.30176813842054584,0.846,0.836,0.268,True,999,0.00011595792602747679,0.0030657079769298434,weak_5x5_mild_strong_300_800,weak_null,True,445,1739603722,-5.551115123125783e-17,0,4
300,800,0.14179265328188762,0.10507892539079944,0.10616604923927753,0.09312741370803224,0.03671372789108818,0.01303863553124529,0.03631259744309814,1.0110465919883207,0.3590664521224856,0.311994130538647,0.7195453776920633,0.385,0.359,0.72,True,999,0.00012329104356467724,0.0030481250723823905,weak_5x5_mild_strong_300_800,weak_null,True,446,1739603722,-5.551115123125783e-17,1,4
300,800,0.0923884381795026,0.09102643680964001,0.05926323845920933,0.0835591354735925,0.0013620013698625866,-0.024295897014383172,0.031682934052569015,0.04298848609168344,-0.7668449195415705,0.9657107121377323,0.4431737254436705,0.969,0.964,0.423,True,999,0.0001141249667853117,0.002991375047713518,weak_5x5_mild_strong_300_800,weak_null,True,447,1739603722,-5.551115123125783e-17,1,7
300,800,0.14905921110135623,0.10850136880081829,0.1213396402907847,0.09724856150126016,0.04055784230053794,0.024091078789524545,0.03537744375217614,1.1464322460563063,0.6809728525974308,0.25161634668001687,0.495888668247227,0.34,0.308,0.518,True,999,0.00011741591151803732,0.0031192919705063105,weak_5x5_mild_strong_300_800,weak_null,True,448,1739603722,-5.551115123125783e-17,3,4
300,800,0.1164353444380648,0.1230468698937427,0.08154649779447709,0.11234892114538297,-0.006611525455677891,-0.030802423350905883,0.03471209477194241,-0.1904674868836193,-0.8873686118131743,0.8489428185074663,0.37488047676337266,0.868,0.867,0.379,True,999,0.00012170802801847458,0.003001249977387488,weak_5x5_mild_strong_300_800,weak_null,True,449,1739603722,-5.551115123125783e-17,1,4
300,800,0.11642426230022485,0.12163418011315041,0.08527635752869855,0.11162575597012392,-0.0052099178129255685,-0.026349398441425365,0.03376656981087018,-0.1542921843144513,-0.7803398032139743,0.8773793595400846,0.4351908900891378,0.891,0.881,0.418,True,999,0.00012441689614206553,0.003047625068575144,weak_5x5_mild_strong_300_800,weak_null,True,450,1739603722,-5.551115123125783e-17,1,5
300,800,0.12246502305144258,0.1432679494496954,0.08758480006525815,0.13393180915841185,-0.02080292639825282,-0.0463470090931537,0.0356463394741991,-0.5835922202701913,-1.3001898589531127,0.5594946955610697,0.19353590547837773,0.632,0.601,0.192,True,999,0.00012337497901171446,0.0031899999594315886,weak_5x5_mild_strong_300_800,weak_null,True,451,1739603722,-5.551115123125783e-17,1,6
300,800,0.1541867688834616,0.09609078221420408,0.12459792819316817,0.0867217159457141,0.05809598666925753,0.03787621224745408,0.0358504417195088,1.6205096473788587,1.056506152526509,0.10512284364577285,0.2907370314411277,0.139,0.121,0.283,True,999,0.00011837505735456944,0.0029569169273599982,weak_5x5_mild_strong_300_800,weak_null,True,452,1739603722,-5.551115123125783e-17,2,6
300,800,0.0920191691087846,0.11627810666530636,0.059495488263848983,0.10257229241369714,-0.024258937556521754,-0.04307680414984816,0.032010375296501525,-0.7578460837093984,-1.3457138115639682,0.44854313053815986,0.17839483038796855,0.502,0.451,0.152,True,999,0.00011862500105053186,0.0030319580109789968,weak_5x5_mild_strong_300_800,weak_null,True,453,1739603722,-5.551115123125783e-17,2,3
300,800,0.13920721676712677,0.09119776582757194,0.10471766717017772,0.08045349277921332,0.04800945093955483,0.0242641743909644,0.035686056355306806,1.345328003227665,0.6799343180254805,0.17851933417138577,0.49654605073047753,0.224,0.192,0.48,True,999,0.00013291696086525917,0.003024333040229976,weak_5x5_mild_strong_300_800,weak_null,True,454,1739603722,-5.551115123125783e-17,1,5
300,800,0.10395569859309994,0.0917706531904568,0.07101176731799796,0.07901193416819297,0.012185045402643147,-0.008000166850195,0.03127307203310734,0.38963378429031237,-0.25581646861317614,0.6968073664337575,0.7980925568262304,0.777,0.761,0.804,True,999,0.00011629203800112009,0.0030653749126940966,weak_5x5_mild_strong_300_800,weak_null,True,455,1739603722,-5.551115123125783e-17,2,3
300,800,0.11659994418381436,0.11248242443450157,0.0829179342862858,0.10093310916482778,0.004117519749312792,-0.018015174878541984,0.03349445326999411,0.12293139153883303,-0.5378554691824396,0.9021614272974147,0.590676833632555,0.908,0.901,0.589,True,999,0.0001152080949395895,0.003178291954100132,weak_5x5_mild_strong_300_800,weak_null,True,456,1739603722,-5.551115123125783e-17,2,4
300,800,0.1223031666862665,0.09161357058168201,0.09419612470298944,0.08040999054975373,0.030689596104584493,0.013786134153235707,0.032398988289082734,0.9472393344740878,0.4255112545560914,0.3435168360393015,0.6704640189858972,0.403,0.359,0.625,True,999,0.00012324994895607233,0.002905041095800698,weak_5x5_mild_strong_300_800,weak_null,True,457,1739603722,-5.551115123125783e-17,3,3
300,800,0.14716100781695063,0.11120251317517404,0.11700490918150308,0.10095628236922494,0.035958494641776584,0.016048626812278144,0.03559988804835409,1.0100732505938057,0.450805541592711,0.3124601968203985,0.6521297069740386,0.391,0.365,0.637,True,999,0.00011908402666449547,0.0030450000194832683,weak_5x5_mild_strong_300_800,weak_null,True,458,1739603722,-5.551115123125783e-17,2,5
300,800,0.12089557645931004,0.1186369900176909,0.08664574800855007,0.10377897246496559,0.002258586441619137,-0.01713322445641552,0.03275501854969671,0.06895390513036513,-0.5230717372490745,0.9450263104972252,0.6009243325589968,0.953,0.946,0.574,True,999,0.00011429109144955873,0.0030780830420553684,weak_5x5_mild_strong_300_800,weak_null,True,459,1739603722,-5.551115123125783e-17,1,2
300,800,0.11372257225418347,0.10578000481299799,0.08744884600321257,0.09382791306711624,0.007942567441185489,-0.006379067063903676,0.03336537733193781,0.23804818276647363,-0.1911882188665537,0.811843723676035,0.8483781333511746,0.833,0.826,0.839,True,999,0.00011433300096541643,0.002937000012025237,weak_5x5_mild_strong_300_800,weak_null,True,460,1739603722,-5.551115123125783e-17,4,4
300,800,0.11582265950531534,0.1019884077178348,0.08633510833323044,0.09306913135696959,0.013834251787480545,-0.006734023023739155,0.03196385182414943,0.43280928292341936,-0.2106762057585139,0.665153328861462,0.8331399429362529,0.706,0.681,0.831,True,999,0.00012370897457003593,0.003054416971281171,weak_5x5_mild_strong_300_800,weak_null,True,461,1739603722,-5.551115123125783e-17,2,6
300,800,0.10739570866846249,0.11943603773441341,0.07951561649122141,0.10783216920270888,-0.012040329065950928,-0.028316552711487475,0.03251747958374911,-0.3702725186600312,-0.8708101942082532,0.7111794479006015,0.38385779815312315,0.743,0.712,0.375,True,999,0.00011237501166760921,0.0030910829082131386,weak_5x5_mild_strong_300_800,weak_null,True,462,1739603722,-5.551115123125783e-17,3,3
300,800,0.13578580666235607,0.11162572500002116,0.10591506472758283,0.10207864959551216,0.02416008166233491,0.0038364151320706696,0.034602080669583146,0.6982262683287932,0.11087238275364923,0.48503570120433714,0.9117175459223751,0.525,0.492,0.911,True,999,0.00012158299796283245,0.00300437503028661,weak_5x5_mild_strong_300_800,weak_null,True,463,1739603722,-5.551115123125783e-17,2,6
300,800,0.1740318940892016,0.1210409125800605,0.14265916342463925,0.11144272552024859,0.05299098150914111,0.03121643790439066,0.039176505143293294,1.352621458073392,0.7968152797247323,0.17617659366245653,0.4255583197066397,0.222,0.197,0.435,True,999,0.0001224579755216837,0.0031373329693451524,weak_5x5_mild_strong_300_800,weak_null,True,464,1739603722,-5.551115123125783e-17,2,6
300,800,0.1485761778279926,0.12347634262776941,0.12348272866660182,0.11186514191393826,0.025099835200223186,0.011617586752663556,0.03487230388698208,0.7197641796644534,0.33314652195952077,0.47167020305932994,0.7390236837112714,0.555,0.513,0.725,True,999,0.00011850008741021156,0.003045082907192409,weak_5x5_mild_strong_300_800,weak_null,True,465,1739603722,-5.551115123125783e-17,3,3
300,800,0.15803012763364477,0.08090755231453894,0.12785348727464907,0.07127846962032436,0.07712257531910582,0.05657501765432471,0.036708995499085434,2.1009176162564094,1.5411758585367508,0.03564819873524263,0.12327399135856264,0.046,0.037,0.125,True,999,0.00011720799375325441,0.0030135829001665115,weak_5x5_mild_strong_300_800,weak_null,True,466,1739603722,-5.551115123125783e-17,4,6
300,800,0.09151193213971509,0.129125046340121,0.06151454227199338,0.12019945053367564,-0.03761311420040592,-0.05868490826168227,0.03134123681406957,-1.2001158225995983,-1.872450299579042,0.23009436130196237,0.061144331737828565,0.359,0.273,0.078,True,999,0.00011862500105053186,0.003055041073821485,weak_5x5_mild_strong_300_800,weak_null,True,467,1739603722,-5.551115123125783e-17,2,6
300,800,0.10232257683746171,0.15805978744083649,0.0736815321481572,0.1491633112802333,-0.055737210603374776,-0.0754817791320761,0.03415468316636772,-1.6319053621981616,-2.2099979310129676,0.10269942425758846,0.027105305884753638,0.204,0.115,0.028,True,999,0.00012091710232198238,0.003060749964788556,weak_5x5_mild_strong_300_800,weak_null,True,468,1739603722,-5.551115123125783e-17,2,6
300,800,0.17178961957184247,0.08358875835539004,0.1425702574805996,0.07429232128862395,0.08820086121645243,0.06827793619197564,0.03772117099341891,2.3382323213624665,1.8100693693705288,0.01937519968632977,0.07028503033388768,0.042,0.027,0.082,True,999,0.00012162502389401197,0.003059541922993958,weak_5x5_mild_strong_300_800,weak_null,True,469,1739603722,-5.551115123125783e-17,2,5
300,800,0.12932868698210487,0.14137641621985692,0.09437669350967326,0.13438205637584133,-0.012047729237752047,-0.04000536286616807,0.03558053114819715,-0.3386045359348859,-1.1243610360829346,0.7349076650842545,0.26085989465844783,0.784,0.769,0.256,True,999,0.00014962500426918268,0.0029850410064682364,weak_5x5_mild_strong_300_800,weak_null,True,470,1739603722,-5.551115123125783e-17,1,8
300,800,0.09031714168564609,0.11633006508077737,0.05332173626078429,0.1069828256985943,-0.026012923395131282,-0.053661089437810006,0.031548130507823964,-0.8245472228118257,-1.7009277118497406,0.4096286953021546,0.08895656218625722,0.486,0.43,0.07,True,999,0.00011937494855374098,0.003099874942563474,weak_5x5_mild_strong_300_800,weak_null,True,471,1739603722,-5.551115123125783e-17,1,6
300,800,0.09286711999735031,0.10463439825949622,0.063454627873341,0.09193961089857794,-0.011767278262145908,-0.028484983025236943,0.02998461143368373,-0.39244391371124904,-0.9499867319687141,0.6947302445672254,0.3421189943864714,0.733,0.708,0.322,True,999,0.00011654198169708252,0.0030522500164806843,weak_5x5_mild_strong_300_800,weak_null,True,472,1739603722,-5.551115123125783e-17,3,3
300,800,0.11176246773044174,0.11039254569843793,0.07863192184862555,0.10399260620789619,0.001369922032003812,-0.025360684359270635,0.033616161758122404,0.0407518871982108,-0.7544193933188382,0.9674936959214532,0.45059743016023257,0.963,0.961,0.453,True,999,0.0001157920341938734,0.0029923749389126897,weak_5x5_mild_strong_300_800,weak_null,True,473,1739603722,-5.551115123125783e-17,1,8
300,800,0.084748237704523,0.10153132736438791,0.05383987886102659,0.09256945690736984,-0.016783089659864914,-0.03872957804634325,0.030098225319611677,-0.5576106059957374,-1.2867728125188655,0.5771103125331924,0.1981734857334586,0.665,0.623,0.207,True,999,0.00012374995276331902,0.0031085830414667726,weak_5x5_mild_strong_300_800,weak_null,True,474,1739603722,-5.551115123125783e-17,3,6
300,800,0.17346389122668815,0.11413318538359246,0.1397435923535113,0.10480779269772711,0.05933070584309569,0.034935799655784194,0.03782893260623376,1.5683949230256284,0.9235206295518681,0.11678899522938793,0.35573595477047104,0.154,0.144,0.339,True,999,0.0001249159686267376,0.0030427080346271396,weak_5x5_mild_strong_300_800,weak_null,True,475,1739603722,-5.551115123125783e-17,2,5
300,800,0.09924558119957916,0.10242818899495171,0.06403400293294226,0.09271987420953565,-0.0031826077953725496,-0.02868587127659339,0.032769288555606194,-0.09712166286344556,-0.8753888943275758,0.9226297777074398,0.3813623404170663,0.935,0.933,0.393,True,999,0.00011824991088360548,0.002954666968435049,weak_5x5_mild_strong_300_800,weak_null,True,476,1739603722,-5.551115123125783e-17,1,5
300,800,0.074280363054124,0.08985643197130272,0.04242429126179559,0.07919335342876366,-0.01557606891717872,-0.03676906216696807,0.028512612178965547,-0.5462869841392354,-1.2895718545947015,0.584868681828163,0.1971993531626962,0.645,0.602,0.15,True,999,0.00012283294927328825,0.003096875036135316,weak_5x5_mild_strong_300_800,weak_null,True,477,1739603722,-5.551115123125783e-17,1,5
300,800,0.13227231979389154,0.1065853525929587,0.092701743903433,0.09380703412386993,0.02568696720093283,-0.0011052902204369275,0.035075171779078214,0.7323404533190255,-0.031512040123384814,0.4639607939617021,0.9748611902843349,0.536,0.514,0.978,True,999,0.00011141702998429537,0.0030753329629078507,weak_5x5_mild_strong_300_800,weak_null,True,478,1739603722,-5.551115123125783e-17,0,2
300,800,0.11081813463402324,0.10837983009064855,0.07873158140370151,0.09827992653322326,0.002438304543374681,-0.01954834512952175,0.03218684804580971,0.07575468526475101,-0.6073395289187591,0.9396142683957176,0.5436256104823958,0.943,0.94,0.508,True,999,0.00011741695925593376,0.0030860420083627105,weak_5x5_mild_strong_300_800,weak_null,True,479,1739603722,-5.551115123125783e-17,2,5
300,800,0.13285175736719357,0.09346431121570958,0.10593196006976768,0.08034668579415438,0.039387446151483985,0.0255852742756133,0.03336615890809058,1.180460905313658,0.7668031056883032,0.237816950620392,0.4431985895889383,0.29,0.248,0.434,True,999,0.00011629203800112009,0.003116625011898577,weak_5x5_mild_strong_300_800,weak_null,True,480,1739603722,-5.551115123125783e-17,4,3
300,800,0.08925586887808112,0.15219944363953736,0.052435816023603365,0.145226503834067,-0.06294357476145623,-0.09279068781046362,0.03322947942314483,-1.8942088727882715,-2.7924207487233015,0.05819729086574086,0.005231528110867292,0.141,0.074,0.003,True,999,0.0001180840190500021,0.0031321669230237603,weak_5x5_mild_strong_300_800,weak_null,True,481,1739603722,-5.551115123125783e-17,0,8
300,800,0.11056685824634904,0.11382542876664048,0.07833778936571889,0.1052119571569392,-0.0032585705202914372,-0.026874167791220316,0.03257643765720929,-0.10002844861615197,-0.8249572305605662,0.9203217399767639,0.4093958727496254,0.933,0.927,0.393,True,999,0.00014641694724559784,0.003002834040671587,weak_5x5_mild_strong_300_800,weak_null,True,482,1739603722,-5.551115123125783e-17,2,7
300,800,0.14113666141402814,0.14820949353122537,0.10690091961510007,0.1393847665815997,-0.007072832117197225,-0.03248384696649964,0.03615525182022683,-0.19562392076164087,-0.8984544521503445,0.8449045359560587,0.3689433176450665,0.87,0.859,0.377,True,999,0.00015895790420472622,0.0029712499817833304,weak_5x5_mild_strong_300_800,weak_null,True,483,1739603722,-5.551115123125783e-17,2,6
300,800,0.1701091899901267,0.10686534518792823,0.13601505220793797,0.09522081710917973,0.06324384480219847,0.040794235098758236,0.037886973226216286,1.6692767834627715,1.07673513149713,0.0950625391104475,0.28159861260623587,0.125,0.112,0.255,True,999,0.00011733395513147116,0.003089875099249184,weak_5x5_mild_strong_300_800,weak_null,True,484,1739603722,-5.551115123125783e-17,2,3
300,800,0.14741867848646484,0.1444020490274211,0.11699101370732023,0.138713429794052,0.0030166294590437404,-0.021722416086731755,0.03624532054635817,0.08322810816876174,-0.5993164292463228,0.9336701631819561,0.5489618940866277,0.94,0.937,0.538,True,999,0.0001154579222202301,0.003079000045545399,weak_5x5_mild_strong_300_800,weak_null,True,485,1739603722,-5.551115123125783e-17,1,9
300,800,0.13557528550525255,0.12501560463210887,0.10418209184661009,0.1158475620645163,0.010559680873143684,-0.011665470217906204,0.0353415563244427,0.29878935653550903,-0.33007799970139423,0.7651007724443928,0.7413410261973465,0.803,0.785,0.717,True,999,0.00011483300477266312,0.0029767919331789017,weak_5x5_mild_strong_300_800,weak_null,True,486,1739603722,-5.551115123125783e-17,1,5
300,800,0.17477765372191778,0.10804930929580497,0.14788859537299004,0.09721285750811148,0.0667283444261128,0.050675737864878556,0.037197162921315974,1.793909513133161,1.3623549186284483,0.07282761279534326,0.17308590363858123,0.119,0.092,0.183,True,999,0.00011966691818088293,0.003096124972216785,weak_5x5_mild_strong_300_800,weak_null,True,487,1739603722,-5.551115123125783e-17,4,4
300,800,0.1079262294168919,0.0961201456196667,0.07829895508683649,0.08349549601308581,0.011806083797225198,-0.005196540926249327,0.03209540557626604,0.3678434213635729,-0.16190918397654,0.7129899899002445,0.8713773704806136,0.776,0.746,0.879,True,999,0.00012941600289195776,0.002971958019770682,weak_5x5_mild_strong_300_800,weak_null,True,488,1739603722,-5.551115123125783e-17,2,3
300,800,0.1726356241939041,0.11183329112686413,0.13447400604781024,0.09990080454616646,0.06080233306703997,0.03457320150164378,0.03832838249834565,1.5863527001084472,0.9020261030617728,0.11265932376089964,0.36704300162829706,0.166,0.15,0.372,True,999,0.0001140419626608491,0.003047125064767897,weak_5x5_mild_strong_300_800,weak_null,True,489,1739603722,-5.551115123125783e-17,0,4
300,800,0.14889391566655086,0.06252844549231301,0.12093787481370555,0.04886855586102001,0.08636547017423785,0.07206931895268553,0.0336822143123884,2.564126852624188,2.139684709689002,0.0103435733229601,0.03238025556235276,0.02,0.013,0.028,True,999,0.0001193750649690628,0.0030955830588936806,weak_5x5_mild_strong_300_800,weak_null,True,490,1739603722,-5.551115123125783e-17,3,1
300,800,0.17551599632264914,0.13301078319795545,0.14962504936761434,0.12409962741622849,0.042505213124693686,0.02552542195138585,0.03881098624190722,1.0951850813519786,0.6576854757641815,0.27343556021474547,0.5107402571505927,0.31,0.299,0.5,True,999,0.00011633406393229961,0.0029957089573144913,weak_5x5_mild_strong_300_800,weak_null,True,491,1739603722,-5.551115123125783e-17,4,6
300,800,0.08930923880856279,0.11971852791748866,0.05629953907492791,0.10659794328455519,-0.030409289108925874,-0.05029840420962728,0.031730574468602245,-0.9583592361057378,-1.585171559355098,0.33788164315761116,0.11292736047390316,0.454,0.371,0.101,True,999,0.00011549994815140963,0.0030477079562842846,weak_5x5_mild_strong_300_800,weak_null,True,492,1739603722,-5.551115123125783e-17,0,3
300,800,0.16824503493185183,0.08548225315900221,0.14171672796004486,0.07416268388925573,0.08276278177284963,0.06755404407078913,0.033376069609427274,2.479704253417328,2.0240263416669073,0.013149139530549253,0.042967441483036994,0.045,0.022,0.049,True,999,0.00013745797332376242,0.003038582974113524,weak_5x5_mild_strong_300_800,weak_null,True,493,1739603722,-5.551115123125783e-17,3,4
300,800,0.1177089757193408,0.10869626887675898,0.08847735021748804,0.0965541603636666,0.009012706842581819,-0.008076810146178559,0.033108572206093215,0.2722167173649108,-0.24394921339109044,0.7854553884419615,0.8072701535356352,0.826,0.804,0.83,True,999,0.00011558306869119406,0.0030268329428508878,weak_5x5_mild_strong_300_800,weak_null,True,494,1739603722,-5.551115123125783e-17,2,4
300,800,0.1422189958377411,0.08945079835865599,0.10920050818350546,0.07950850749602978,0.05276819747908512,0.029692000687475684,0.03525666463519633,1.4966871661026955,0.8421670340828126,0.13447467721862463,0.39969446347793836,0.198,0.153,0.391,True,999,0.00012325006537139416,0.0030957499984651804,weak_5x5_mild_strong_300_800,weak_null,True,495,1739603722,-5.551115123125783e-17,1,6
300,800,0.15321179520448025,0.09578136289944,0.11520612256339291,0.08329667591505086,0.05743043230504025,0.031909446648342055,0.03525100278182555,1.6291857755221022,0.9052067779698366,0.10327369727473242,0.365355851748258,0.17,0.123,0.361,True,999,0.00011733302380889654,0.0030490419594570994,weak_5x5_mild_strong_300_800,weak_null,True,496,1739603722,-5.551115123125783e-17,0,4
300,800,0.11553199384925716,0.06889795358394779,0.08045671584363845,0.0590994126631017,0.04663404026530937,0.021357303180536746,0.03274225645860214,1.424276922522777,0.6522856238555206,0.15436632516621895,0.5142169323939751,0.207,0.165,0.471,True,999,0.00011370796710252762,0.0029982919804751873,weak_5x5_mild_strong_300_800,weak_null,True,497,1739603722,-5.551115123125783e-17,0,5
300,800,0.1133004618980713,0.09285522408529007,0.0824788450652818,0.08396136590499736,0.020445237812781236,-0.001482520839715562,0.032841479809737666,0.6225431354259231,-0.04514171859198583,0.5335847892485865,0.9639943486703437,0.554,0.54,0.962,True,999,0.00011920894030481577,0.0031514590373262763,weak_5x5_mild_strong_300_800,weak_null,True,498,1739603722,-5.551115123125783e-17,3,6
300,800,0.14976855429368896,0.11295790023580965,0.115844736647432,0.100902118910426,0.03681065405787931,0.014942617737006003,0.0365587817872027,1.0068895148679375,0.4087285463717674,0.3139878712047057,0.6827388821906821,0.363,0.337,0.656,True,999,0.00011370796710252762,0.002965915948152542,weak_5x5_mild_strong_300_800,weak_null,True,499,1739603722,-5.551115123125783e-17,0,3
300,800,0.16052996061928027,0.12183442304830328,0.12494476125357323,0.10957649686065452,0.03869553757097699,0.015368264392918718,0.03640376938552878,1.0629541452473665,0.4221613490120589,0.2878027466449474,0.6729072511204506,0.321,0.303,0.646,True,999,0.0001134589547291398,0.0031448749359697104,weak_5x5_mild_strong_300_800,weak_null,True,500,1739603722,-5.551115123125783e-17,1,4
300,800,0.1823228295991508,0.13097227373404496,0.15153928329999644,0.12140001380129206,0.05135055586510584,0.03013926949870438,0.04145946171151129,1.238572662192772,0.7269575690206359,0.215503797388218,0.467251949032497,0.232,0.227,0.459,True,999,0.00012245902325958014,0.002984790946356952,weak_5x5_mild_strong_300_800,weak_null,True,501,1739603722,-5.551115123125783e-17,3,5
300,800,0.13001408605939324,0.12157983605831546,0.1003222630744176,0.10992065551619135,0.008434250001077781,-0.00959839244177374,0.03578634977394534,0.23568343947776516,-0.26821378828532993,0.8136783213225134,0.7885347621971289,0.855,0.844,0.802,True,999,0.000116499955765903,0.0030027079628780484,weak_5x5_mild_strong_300_800,weak_null,True,502,1739603722,-5.551115123125783e-17,2,5
300,800,0.13597527876956694,0.13549837584104862,0.10899422227157629,0.12583801161162,0.00047690292851831906,-0.016843789340043713,0.035214491097457536,0.013542803364628238,-0.47831982843164883,0.9891947365808168,0.6324225856483603,0.983,0.981,0.614,True,999,0.00012179207988083363,0.003136666025966406,weak_5x5_mild_strong_300_800,weak_null,True,503,1739603722,-5.551115123125783e-17,2,5
300,800,0.13443447421257326,0.1137262710113473,0.09978147649650282,0.10257351825271144,0.02070820320122596,-0.0027920417562086186,0.035815156000718905,0.5781966495081102,-0.07795698994449654,0.5631313605839545,0.9378622658767,0.589,0.586,0.921,True,999,0.0001271250657737255,0.002980667049996555,weak_5x5_mild_strong_300_800,weak_null,True,504,1739603722,-5.551115123125783e-17,1,5
300,800,0.13876229394576944,0.12256713549765424,0.10286082240708083,0.11304487026995957,0.0161951584481152,-0.010184047862878742,0.036825845980514506,0.439776956018457,-0.276546202584657,0.6600986592590774,0.7821285781309051,0.697,0.68,0.799,True,999,0.00011329096741974354,0.0030328340362757444,weak_5x5_mild_strong_300_800,weak_null,True,505,1739603722,-5.551115123125783e-17,1,5
300,800,0.12327082899966157,0.12285576732235959,0.08669570925792414,0.11273468066571013,0.0004150616773019866,-0.026038971407785994,0.03394564401157915,0.012227244154225075,-0.7670784327704573,0.9902443137569067,0.44303488404424707,0.989,0.989,0.45,True,999,0.00012020801659673452,0.003127334057353437,weak_5x5_mild_strong_300_800,weak_null,True,506,1739603722,-5.551115123125783e-17,0,5
300,800,0.12956774474992527,0.11623179042972404,0.09777798973175322,0.10582388210679028,0.013335954320201238,-0.008045892375037056,0.03541907605836279,0.3765189780282958,-0.22716268379726248,0.7065311093352766,0.8202972432066962,0.734,0.71,0.825,True,999,0.00011991709470748901,0.0030164580093696713,weak_5x5_mild_strong_300_800,weak_null,True,507,1739603722,-5.551115123125783e-17,1,4
300,800,0.1685269434131994,0.12161084427672658,0.13562085995260986,0.11171116893513044,0.04691609913647282,0.023909691017479417,0.037686362562813366,1.2449091911769379,0.6344388099973347,0.21316513197797282,0.5257944883806651,0.274,0.249,0.551,True,999,0.00011620903387665749,0.0031474169809371233,weak_5x5_mild_strong_300_800,weak_null,True,508,1739603722,-5.551115123125783e-17,2,6
300,800,0.140107849687505,0.11653387704333545,0.10685299355498046,0.10580301372385748,0.02357397264416955,0.0010499798311229824,0.0344810650115415,0.683678785335629,0.030450910688852945,0.49417802255747134,0.9757074428014948,0.576,0.543,0.977,True,999,0.0001194999786093831,0.0031561250798404217,weak_5x5_mild_strong_300_800,weak_null,True,509,1739603722,-5.551115123125783e-17,1,4
300,800,0.12166397116900018,0.1500919713506606,0.09017571416910641,0.14120522515156608,-0.028428000181660418,-0.05102951098245967,0.03496057617887839,-0.8131444984260682,-1.4596301480090996,0.41613521626218986,0.14439174893970563,0.507,0.47,0.148,True,999,0.00012395798694342375,0.003082374925725162,weak_5x5_mild_strong_300_800,weak_null,True,510,1739603722,-5.551115123125783e-17,2,6
300,800,0.10798684000087277,0.11684791455651644,0.07745918848121391,0.10994182201824287,-0.008861074555643667,-0.03248263353702896,0.03181359004332301,-0.27853111024492555,-1.0210301161483148,0.7806046869711387,0.30724017049845054,0.837,0.821,0.308,True,999,0.00011670798994600773,0.0031652500620111823,weak_5x5_mild_strong_300_800,weak_null,True,511,1739603722,-5.551115123125783e-17,2,8
300,800,0.18083943822741677,0.07512626497505864,0.1443794827939655,0.06481958166739332,0.10571317325235813,0.07955990112657219,0.036360978228739176,2.907324786130314,2.1880572251405828,0.0036453449589961746,0.028665434188730445,0.006,0.006,0.035,True,999,0.0001204590080305934,0.003028125036507845,weak_5x5_mild_strong_300_800,weak_null,True,512,1739603722,-5.551115123125783e-17,0,5
300,800,0.12304814509847217,0.12677264961526974,0.08540130770734322,0.11739258340952574,-0.0037245045167975666,-0.03199127570218252,0.035104673699607396,-0.10609711255738637,-0.9113110116314884,0.9155053020617393,0.3621315260618586,0.93,0.926,0.354,True,999,0.00011875003110617399,0.0031105830566957593,weak_5x5_mild_strong_300_800,weak_null,True,513,1739603722,-5.551115123125783e-17,0,6
300,800,0.12563509660309458,0.1290076336910403,0.09070744730502156,0.11853333009418066,-0.003372537087945715,-0.027825882789159095,0.03557239614793793,-0.09480770072165114,-0.7822324555657495,0.9244675701362387,0.43407797387826286,0.944,0.938,0.435,True,999,0.0001307500060647726,0.0031218749936670065,weak_5x5_mild_strong_300_800,weak_null,True,514,1739603722,-5.551115123125783e-17,0,6
300,800,0.11725401165918425,0.10856034789970748,0.08553605160477673,0.09880827849059415,0.008693663759476777,-0.013272226885817417,0.03396674022622951,0.2559463669923624,-0.39074184915655963,0.7979922510339442,0.6959880619850971,0.841,0.828,0.699,True,999,0.00012233294546604156,0.0030366249848157167,weak_5x5_mild_strong_300_800,weak_null,True,515,1739603722,-5.551115123125783e-17,1,4
300,800,0.13985586016574536,0.13656849791409248,0.10261732664821466,0.12523395270272886,0.003287362251652881,-0.0226166260545142,0.03664912580516043,0.08969824462197676,-0.617112292793888,0.9285270109092468,0.5371606610099116,0.92,0.916,0.545,True,999,0.00012041605077683926,0.0032250420190393925,weak_5x5_mild_strong_300_800,weak_null,True,516,1739603722,-5.551115123125783e-17,1,4
300,800,0.12711385578100476,0.09784433889465516,0.09477962627892111,0.08910968978466371,0.0292695168863496,0.005669936494257399,0.03398042553465753,0.8613640478544582,0.1668589020015209,0.3890375706342818,0.8674810711711818,0.44,0.405,0.879,True,999,0.00012070906814187765,0.0028671249747276306,weak_5x5_mild_strong_300_800,weak_null,True,517,1739603722,-5.551115123125783e-17,2,7
300,800,0.10314949767138082,0.11200101398477158,0.06956698726810373,0.10270412618376668,-0.008851516313390762,-0.033137138915662945,0.032703118856002675,-0.2706627570405586,-1.013271518890028,0.7866504234841978,0.3109304876138901,0.83,0.811,0.319,True,999,0.00011629203800112009,0.003097499953582883,weak_5x5_mild_strong_300_800,weak_null,True,518,1739603722,-5.551115123125783e-17,1,4
300,800,0.13881358490331408,0.10211162321000034,0.10646743048198459,0.09130896056228721,0.036701961693313745,0.015158469919697382,0.035682412067381604,1.0285728897476676,0.4248162901956454,0.303680422797167,0.6709706014279255,0.359,0.331,0.66,True,999,0.00012600002810359,0.0030424579745158553,weak_5x5_mild_strong_300_800,weak_null,True,519,1739603722,-5.551115123125783e-17,2,4
300,800,0.16716891613852614,0.09968426417713655,0.13483740584842963,0.09130503619110186,0.06748465196138959,0.04353236965732776,0.036067070601953244,1.8710876939846315,1.2069837924394733,0.061332927005196554,0.2274383857920088,0.084,0.063,0.229,True,999,0.0001130829332396388,0.0029645829927176237,weak_5x5_mild_strong_300_800,weak_null,True,520,1739603722,-5.551115123125783e-17,2,6
300,800,0.12489112733830443,0.09176124698075971,0.08823839820917101,0.079404859138549,0.033129880357544716,0.00883353907062201,0.03507653701553118,0.9445025984998313,0.251836122440214,0.34491287460789366,0.80116773526748,0.417,0.385,0.805,True,999,0.00012504204642027617,0.002993791946209967,weak_5x5_mild_strong_300_800,weak_null,True,521,1739603722,-5.551115123125783e-17,0,4
300,800,0.11326624534975549,0.10316055896856818,0.07933932927454634,0.09276178021229953,0.010105686381187307,-0.013422450937753183,0.03318878213762216,0.30449102769973885,-0.40442734180769335,0.7607538273037203,0.6858984975746998,0.784,0.776,0.691,True,999,0.00012120907194912434,0.002965915948152542,weak_5x5_mild_strong_300_800,weak_null,True,522,1739603722,-5.551115123125783e-17,1,4
300,800,0.1287970144524604,0.07579795004410683,0.09839686841479534,0.06705058127528218,0.05299906440835356,0.03134628713951315,0.03304318660914435,1.6039332112625795,0.9486460101532218,0.1087287752748007,0.34280068183757906,0.145,0.107,0.309,True,999,0.000132082961499691,0.0029783749487251043,weak_5x5_mild_strong_300_800,weak_null,True,523,1739603722,-5.551115123125783e-17,3,7
300,800,0.0982611365122289,0.11932587183182564,0.07157606433719366,0.1103899340792509,-0.02106473531959674,-0.03881386974205725,0.03119091279881625,-0.6753484726614407,-1.2443967251747214,0.4994543943257279,0.2133535875961613,0.562,0.521,0.187,True,999,0.00012137496378272772,0.003091959049925208,weak_5x5_mild_strong_300_800,weak_null,True,524,1739603722,-5.551115123125783e-17,3,6
300,800,0.1630845630718517,0.08266966518087665,0.13701808091821022,0.07149069155639154,0.08041489789097506,0.06552738936181868,0.03624596395646542,2.2185890265619754,1.8078534051549247,0.02651469677729102,0.07062931931342764,0.039,0.037,0.082,True,999,0.00011570798233151436,0.002966500003822148,weak_5x5_mild_strong_300_800,weak_null,True,525,1739603722,-5.551115123125783e-17,4,5
300,800,0.17222226646132976,0.11783005934425439,0.1475613830648399,0.10601687355057265,0.054392207117075375,0.04154450951426725,0.03528016146469203,1.5417221707307223,1.1775600731262101,0.12314112195359614,0.23897203520450383,0.173,0.137,0.233,True,999,0.00011920800898224115,0.0030743329552933574,weak_5x5_mild_strong_300_800,weak_null,True,526,1739603722,-5.551115123125783e-17,6,4
300,800,0.11100905057153543,0.12286989539812637,0.08216529425180852,0.11248599388545699,-0.011860844826590944,-0.030320699633648474,0.033754840668813964,-0.3513820415555733,-0.8982622649930536,0.7253017532861222,0.36904574506521515,0.749,0.73,0.354,True,999,0.00012512505054473877,0.003017209004610777,weak_5x5_mild_strong_300_800,weak_null,True,527,1739603722,-5.551115123125783e-17,2,4
300,800,0.18011620150275265,0.1321456456197031,0.14868070924751464,0.11973941605032223,0.04797055588304955,0.028941293197192408,0.03859213587294586,1.2430137590979569,0.7499272207289528,0.21386276328866471,0.45329853907561757,0.266,0.252,0.443,True,999,0.0001154160127043724,0.0030462919967249036,weak_5x5_mild_strong_300_800,weak_null,True,528,1739603722,-5.551115123125783e-17,2,4
300,800,0.15854881005012733,0.13170917309547342,0.12931982664213137,0.12406114316041794,0.02683963695465391,0.005258683481713433,0.03831843329111522,0.7004366997665621,0.137236390688571,0.4836546236951855,0.8908439474124143,0.525,0.511,0.893,True,999,0.00012145796790719032,0.003098416025750339,weak_5x5_mild_strong_300_800,weak_null,True,529,1739603722,-5.551115123125783e-17,3,7
300,800,0.1231572681921349,0.11305450320008847,0.08818959543805249,0.09687291824525346,0.010102764992046431,-0.008683322807200966,0.03462540620212253,0.2917731833403628,-0.25077894412307805,0.7704600501061285,0.8019850216300242,0.794,0.778,0.801,True,999,0.00011229200754314661,0.003017334034666419,weak_5x5_mild_strong_300_800,weak_null,True,530,1739603722,-5.551115123125783e-17,0,1
300,800,0.1111319527610708,0.11935891958796507,0.08161060550878574,0.10797415567378721,-0.008226966826894277,-0.02636355016500147,0.0322333535427329,-0.25523148920845284,-0.8178965967673942,0.7985443113860675,0.41341623376881087,0.831,0.807,0.404,True,999,0.00011758296750485897,0.0030563329346477985,weak_5x5_mild_strong_300_800,weak_null,True,531,1739603722,-5.551115123125783e-17,2,4
300,800,0.08234456837406245,0.14484267013132834,0.0491343974736651,0.13277070328138052,-0.06249810175726589,-0.08363630580771542,0.031492384796963736,-1.9845464914836013,-2.655762856542354,0.04719495064440876,0.007912923789492777,0.134,0.064,0.009,True,999,0.00011962500866502523,0.0031061660265550017,weak_5x5_mild_strong_300_800,weak_null,True,532,1739603722,-5.551115123125783e-17,1,3
300,800,0.11230359495230546,0.10515318832459353,0.07751521631780633,0.09321583077513651,0.007150406627711936,-0.015700614457330175,0.03316224911066567,0.21561886842627379,-0.47344842036906754,0.829284846868648,0.6358932917396267,0.875,0.861,0.633,True,999,0.00011645792983472347,0.0029903750400990248,weak_5x5_mild_strong_300_800,weak_null,True,533,1739603722,-5.551115123125783e-17,1,4
300,800,0.10318728817122458,0.13214489394240791,0.06450935323834983,0.12212399422924136,-0.028957605771183337,-0.05761464099089153,0.03418851726946122,-0.8469980006137798,-1.6852044368228751,0.396996235881072,0.0919491353512991,0.45,0.409,0.106,True,999,0.00012204202357679605,0.003099665977060795,weak_5x5_mild_strong_300_800,weak_null,True,534,1739603722,-5.551115123125783e-17,1,5
300,800,0.10049567216589594,0.09166958286922794,0.06218839690217237,0.08135177422678908,0.008826089296668005,-0.019163377324616704,0.03293716013094166,0.26796752548124647,-0.5818163207888205,0.788724315756508,0.5606904095314904,0.806,0.787,0.542,True,999,0.00011912500485777855,0.0030768330907449126,weak_5x5_mild_strong_300_800,weak_null,True,535,1739603722,-5.551115123125783e-17,0,5
300,800,0.10978159674590482,0.09162149020587035,0.07955868231880459,0.07636803495677214,0.01816010654003447,0.0031906473620324505,0.03159741434776076,0.5747339431057414,0.100978115706438,0.565471247672358,0.9195678325025788,0.637,0.618,0.921,True,999,0.0001140000531449914,0.002946500084362924,weak_5x5_mild_strong_300_800,weak_null,True,536,1739603722,-5.551115123125783e-17,3,1
300,800,0.143926174879224,0.07451550028244608,0.11399727947167548,0.06375933036076731,0.06941067459677791,0.050237949110908175,0.03430436512603735,2.023377326522639,1.4644768654464058,0.04303425999692992,0.14306369961654475,0.076,0.05,0.138,True,999,0.00011345802340656519,0.003094458021223545,weak_5x5_mild_strong_300_800,weak_null,True,537,1739603722,-5.551115123125783e-17,2,5
300,800,0.12779406395442505,0.11268896246766918,0.09528339888731807,0.1004482100460109,0.015105101486755868,-0.005164811158692828,0.03514368139238767,0.4298098801347466,-0.1469627242811152,0.6673339452046761,0.8831614425069639,0.702,0.686,0.876,True,999,0.00011754198931157589,0.0030897079268470407,weak_5x5_mild_strong_300_800,weak_null,True,538,1739603722,-5.551115123125783e-17,0,3
300,800,0.1287076612239686,0.12906240600924823,0.10003376824084853,0.12164934753519674,-0.00035474478527963704,-0.02161557929434821,0.03505905592967536,-0.010118492237532474,-0.6165476713835849,0.9919267490271043,0.5375331190777841,0.99,0.989,0.504,True,999,0.00012208393309265375,0.0030885840533301234,weak_5x5_mild_strong_300_800,weak_null,True,539,1739603722,-5.551115123125783e-17,1,8
300,800,0.14543368708013804,0.1005958530772465,0.11705433559490075,0.08817201532491481,0.04483783400289154,0.02888232026998594,0.03498366991473087,1.2816789694214241,0.8255943513183052,0.19995528531487883,0.4090342405086257,0.287,0.256,0.417,True,999,0.00011958298273384571,0.0031481250189244747,weak_5x5_mild_strong_300_800,weak_null,True,540,1739603722,-5.551115123125783e-17,2,4
300,800,0.12584805297274915,0.08085757284704109,0.08872798500675572,0.06933553816406857,0.044990480125708054,0.01939244684268715,0.03345718843772921,1.344717898500189,0.5796197393806872,0.1787163523334182,0.5621710785797858,0.246,0.2,0.539,True,999,0.00011691695544868708,0.0029766670195385814,weak_5x5_mild_strong_300_800,weak_null,True,541,1739603722,-5.551115123125783e-17,1,4
300,800,0.1589110643297762,0.11426617736563044,0.123814931556808,0.10508540022811985,0.04464488696414576,0.018729531328688154,0.03727957006796604,1.1975697917854653,0.5024073854537892,0.23108454215796115,0.6153809849838834,0.296,0.28,0.617,True,999,0.00012220803182572126,0.0031826249323785305,weak_5x5_mild_strong_300_800,weak_null,True,542,1739603722,-5.551115123125783e-17,1,5
300,800,0.12998414933736346,0.12514057731317196,0.09373155145362944,0.11634730588627917,0.0048435720241915,-0.022615754432649737,0.035611053038962885,0.13601316475792039,-0.6350768231398637,0.8918108737097044,0.5253783121603515,0.905,0.902,0.527,True,999,0.00012083398178219795,0.0030205000657588243,weak_5x5_mild_strong_300_800,weak_null,True,543,1739603722,-5.551115123125783e-17,0,6
300,800,0.1360354118399083,0.11915310747076518,0.10568976183822087,0.11255786550299263,0.01688230436914312,-0.006868103664771752,0.03522963788671647,0.47920743390634407,-0.19495243427867898,0.6317910662407963,0.8454301850031962,0.676,0.648,0.833,True,999,0.00011641695164144039,0.0029907909920439124,weak_5x5_mild_strong_300_800,weak_null,True,544,1739603722,-5.551115123125783e-17,3,7
300,800,0.18271960395990983,0.11957030255129358,0.1603044660628825,0.1116865405561498,0.06314930140861624,0.04861792550673272,0.0368347117520722,1.7143965136380812,1.3198942843362316,0.08645592839273378,0.18687031617000793,0.109,0.082,0.183,True,999,0.0001231249189004302,0.00301054201554507,weak_5x5_mild_strong_300_800,weak_null,True,545,1739603722,-5.551115123125783e-17,5,5
300,800,0.12091691405903049,0.10603130861271964,0.09099255900565595,0.0939027314990426,0.014885605446310846,-0.0029101724933866535,0.032810166864705434,0.45368880651209353,-0.08869727805368724,0.6500528245739478,0.9293224958094428,0.717,0.683,0.919,True,999,0.0001154579222202301,0.0030577080324292183,weak_5x5_mild_strong_300_800,weak_null,True,546,1739603722,-5.551115123125783e-17,2,3
300,800,0.15402935123897643,0.09850756358629831,0.128304882393536,0.08592142324744145,0.05552178765267812,0.04238345914609454,0.035837270838233175,1.5492749965057167,1.1826642530177696,0.12131562768972289,0.23694223674819215,0.165,0.136,0.226,True,999,0.00011733302380889654,0.0029349999967962503,weak_5x5_mild_strong_300_800,weak_null,True,547,1739603722,-5.551115123125783e-17,4,3
300,800,0.14516382254632676,0.10977752456921314,0.10743911259265815,0.09865266542720974,0.03538629797711362,0.008786447165448408,0.03527796744040463,1.0030707703580712,0.2490633050300142,0.3158267164971279,0.8033118135103594,0.408,0.364,0.807,True,999,0.00011929101310670376,0.003034207969903946,weak_5x5_mild_strong_300_800,weak_null,True,548,1739603722,-5.551115123125783e-17,0,5
300,800,0.1565820784218498,0.11013840554267768,0.1256485443112183,0.09772585114671983,0.046443672879172115,0.02792269316449847,0.03750839695227295,1.2382206826452418,0.7444384573413874,0.21563424459005642,0.4566112603118794,0.245,0.227,0.453,True,999,0.00012058299034833908,0.0030152919935062528,weak_5x5_mild_strong_300_800,weak_null,True,549,1739603722,-5.551115123125783e-17,3,4
300,800,0.16046742724553464,0.13445954256991527,0.12796662283597016,0.12295942285913952,0.026007884675619375,0.005007199976830634,0.03759026646925997,0.691878167367814,0.1332046949155136,0.4890138424781113,0.8940314979321223,0.544,0.52,0.893,True,999,0.00011512497439980507,0.0030259580817073584,weak_5x5_mild_strong_300_800,weak_null,True,550,1739603722,-5.551115123125783e-17,1,4
300,800,0.0955983264736967,0.06857940002929686,0.06872096904197633,0.06235895215826304,0.02701892644439985,0.006362016883713295,0.030385743995993083,0.8891974620717791,0.20937505708440918,0.37389696655688176,0.8341554628044534,0.443,0.406,0.83,True,999,0.00016404199413955212,0.002965749939903617,weak_5x5_mild_strong_300_800,weak_null,True,551,1739603722,-5.551115123125783e-17,3,9
300,800,0.17197812232516818,0.12063334568719802,0.139545169043231,0.1109864593241241,0.05134477663797016,0.0285587097191069,0.03662512210215679,1.4019004904545165,0.7797573927384975,0.16094496401331104,0.4355336897569495,0.24,0.209,0.434,True,999,0.00011745898518711329,0.0031407090136781335,weak_5x5_mild_strong_300_800,weak_null,True,552,1739603722,-5.551115123125783e-17,2,5
300,800,0.12054426984308908,0.13681149059180486,0.08971889498150176,0.12829526089387855,-0.016267220748715783,-0.03857636591237679,0.035164516934064735,-0.46260327645670923,-1.0970253333696989,0.64364875969228,0.2726303179594869,0.696,0.664,0.28,True,999,0.00011866597924381495,0.0030895420350134373,weak_5x5_mild_strong_300_800,weak_null,True,553,1739603722,-5.551115123125783e-17,3,6
300,800,0.12951261196036445,0.12531421347512034,0.09225263427697428,0.11627047515310096,0.004198398485244115,-0.024017840876126684,0.03480782894290084,0.12061649958494153,-0.690012609391003,0.9039947994816395,0.49018625779970026,0.924,0.918,0.5,True,999,0.0001139170490205288,0.0030364999547600746,weak_5x5_mild_strong_300_800,weak_null,True,554,1739603722,-5.551115123125783e-17,1,6
300,800,0.15045697264406133,0.15738052161550742,0.1278484575773291,0.14834208529293846,-0.006923548971446092,-0.020493627715609364,0.03773162400390725,-0.18349459251287814,-0.5431419467523363,0.8544099612941657,0.5870320735048584,0.9,0.89,0.604,True,999,0.00011662498582154512,0.0030944589525461197,weak_5x5_mild_strong_300_800,weak_null,True,555,1739603722,-5.551115123125783e-17,5,6
300,800,0.14676300169482337,0.11537249546489925,0.11209185401332888,0.10854764157949148,0.03139050622992412,0.0035442124338374015,0.03656128205764959,0.8585723602478649,0.09693895384327363,0.39057649267331085,0.9227748737722908,0.466,0.449,0.929,True,999,0.00012020801659673452,0.002992916968651116,weak_5x5_mild_strong_300_800,weak_null,True,556,1739603722,-5.551115123125783e-17,0,8
300,800,0.14457873476610605,0.09443025372300806,0.11146320947381128,0.08493295963256742,0.05014848104309799,0.026530249841243858,0.03588502147085564,1.3974766904856544,0.7393126366885596,0.1622702713735117,0.4597171777131406,0.217,0.186,0.441,True,999,0.00012425007298588753,0.0030149160884320736,weak_5x5_mild_strong_300_800,weak_null,True,557,1739603722,-5.551115123125783e-17,1,6
300,800,0.15464803235711977,0.13006094181767391,0.12839328974348518,0.11989208229852011,0.024587090539445855,0.008501207444965075,0.03689703450563183,0.666370370109093,0.2304035421509954,0.5051743964776051,0.817778208954164,0.571,0.558,0.824,True,999,0.00013495900202542543,0.0030922089936211705,weak_5x5_mild_strong_300_800,weak_null,True,558,1739603722,-5.551115123125783e-17,3,5
300,800,0.17098519666184098,0.1055806153088012,0.14519263662231197,0.09511902054407528,0.06540458135303978,0.05007361607823668,0.03661687834916619,1.7861867068340391,1.3675009540887562,0.07406903270794592,0.17146833841774634,0.122,0.077,0.157,True,999,0.00012375006917864084,0.002899333951063454,weak_5x5_mild_strong_300_800,weak_null,True,559,1739603722,-5.551115123125783e-17,3,4
300,800,0.17124574115741797,0.11773788310506328,0.13730914259122073,0.10687556694216482,0.053507858052354695,0.03043357564905591,0.03699310895542004,1.446427714870799,0.8226822916054732,0.14805727302206603,0.41068868811984505,0.2,0.171,0.421,True,999,0.00012004200834780931,0.0030718749621883035,weak_5x5_mild_strong_300_800,weak_null,True,560,1739603722,-5.551115123125783e-17,1,4
300,800,0.16991880959333994,0.11177352275517566,0.13686046137058838,0.10176041062572949,0.05814528683816428,0.03510005074485889,0.038677647535466125,1.503330490429827,0.907502213330666,0.13275384126299375,0.3641412795707598,0.188,0.157,0.354,True,999,0.00012508302461355925,0.0031012080144137144,weak_5x5_mild_strong_300_800,weak_null,True,561,1739603722,-5.551115123125783e-17,1,6
300,800,0.1354659675957588,0.11504637033103154,0.10167028662294797,0.10533129586389123,0.02041959726472725,-0.003661009240943258,0.03463851928941107,0.5895054893691568,-0.10569185161625606,0.5555222308438514,0.9158268456070293,0.65,0.62,0.922,True,999,0.00011445803102105856,0.003029041108675301,weak_5x5_mild_strong_300_800,weak_null,True,562,1739603722,-5.551115123125783e-17,2,5
300,800,0.12723401681528324,0.1406246364902619,0.09621301007143757,0.12949771233667207,-0.013390619674978677,-0.0332847022652345,0.03440249816101302,-0.3892339333122538,-0.9675082928412079,0.6971031036270227,0.3332899976364898,0.769,0.742,0.34,True,999,0.00011641695164144039,0.003123125061392784,weak_5x5_mild_strong_300_800,weak_null,True,563,1739603722,-5.551115123125783e-17,2,3
300,800,0.10305764692289021,0.1266904880529623,0.07258039881992318,0.11856990092240949,-0.02363284113007208,-0.04598950210248631,0.033467503895442785,-0.7061429261024191,-1.3741539329065,0.48009925916013274,0.16939389885755918,0.549,0.52,0.171,True,999,0.00011987495236098766,0.003016332979314029,weak_5x5_mild_strong_300_800,weak_null,True,564,1739603722,-5.551115123125783e-17,2,7
300,800,0.12303061709620533,0.08301030104038859,0.09863016237630973,0.06912139591224786,0.04002031605581674,0.029508766464061864,0.03246166402313744,1.232848569540113,0.9090343133065865,0.2176322666224395,0.3633320136081809,0.277,0.228,0.32,True,999,0.00011441705282777548,0.002991541987285018,weak_5x5_mild_strong_300_800,weak_null,True,565,1739603722,-5.551115123125783e-17,4,2
300,800,0.14116572874996813,0.13896728111962003,0.1050331753741034,0.13082681787631145,0.0021984476303480993,-0.02579364250220806,0.035009922948557266,0.06279498625513816,-0.7367523356194932,0.9499297583803045,0.4612729738572152,0.959,0.955,0.486,True,999,0.0001115420600399375,0.003148582996800542,weak_5x5_mild_strong_300_800,weak_null,True,566,1739603722,-5.551115123125783e-17,1,7
300,800,0.09103520820866406,0.12212969299591847,0.0550830128798907,0.11082587275609512,-0.031094484787254406,-0.05574285987620442,0.0322205109528093,-0.9650525043751141,-1.7300427034768737,0.3345185144553633,0.08362264588176997,0.431,0.361,0.077,True,999,0.00011533405631780624,0.002983166021294892,weak_5x5_mild_strong_300_800,weak_null,True,567,1739603722,-5.551115123125783e-17,1,3
300,800,0.14560872637379996,0.09054110492437523,0.10681952676191031,0.08091928528205017,0.05506762144942473,0.025900241479860142,0.03643630868406516,1.511339195386378,0.7108360428175646,0.13070205255696996,0.4771858427342921,0.179,0.16,0.469,True,999,0.00011670798994600773,0.0030080419965088367,weak_5x5_mild_strong_300_800,weak_null,True,568,1739603722,-5.551115123125783e-17,1,6
300,800,0.11262182904127205,0.09156809055309068,0.0834765846206551,0.08240858556484909,0.021053738488181373,0.0010679990558060126,0.03246172884231986,0.6485710785906736,0.03290025189335198,0.5166156543115167,0.9737541319240108,0.581,0.559,0.972,True,999,0.00011512497439980507,0.0029299999587237835,weak_5x5_mild_strong_300_800,weak_null,True,569,1739603722,-5.551115123125783e-17,3,5
300,800,0.140666364867867,0.10019751316055098,0.11575508055494765,0.08799713035654122,0.04046885170731601,0.027757950198406434,0.03454449443443155,1.1714993190631118,0.8035419435966398,0.2413981313715663,0.42166156385258935,0.331,0.284,0.428,True,999,0.00011366605758666992,0.0029652080265805125,weak_5x5_mild_strong_300_800,weak_null,True,570,1739603722,-5.551115123125783e-17,3,3
300,800,0.09060346086609405,0.08769926185438531,0.058288355983279416,0.07682349804980504,0.0029041990117087413,-0.018535142066525623,0.030046727664388418,0.09665608328958955,-0.6168772278151806,0.9229995169237737,0.5373157081747433,0.925,0.923,0.514,True,999,0.0001420419430360198,0.002920374972745776,weak_5x5_mild_strong_300_800,weak_null,True,571,1739603722,-5.551115123125783e-17,3,4
300,800,0.10668153459061425,0.1387959906098758,0.07775285871889537,0.1281909675597035,-0.03211445601926155,-0.05043810884080813,0.03439627414557117,-0.9336608925532877,-1.4663829177353642,0.3504788440066072,0.14254399741656273,0.425,0.368,0.118,True,999,0.00011920800898224115,0.003052624990232289,weak_5x5_mild_strong_300_800,weak_null,True,572,1739603722,-5.551115123125783e-17,2,5
300,800,0.16355998942733962,0.10243113089005507,0.1314175632140291,0.0931410820044789,0.06112885853728456,0.038276481209550184,0.03641328871296023,1.6787513761570116,1.0511679269421992,0.09320050856843798,0.2931814708980145,0.132,0.117,0.266,True,999,0.0001145420828834176,0.003090791986323893,weak_5x5_mild_strong_300_800,weak_null,True,573,1739603722,-5.551115123125783e-17,2,6
300,800,0.16246997626764959,0.09734806242170063,0.12799888650107505,0.08545661517678127,0.06512191384594895,0.04254227132429378,0.03735244438387812,1.7434445033015444,1.1389420967227426,0.08125600032049002,0.25472730590547743,0.103,0.09,0.237,True,999,0.00012204202357679605,0.003095416002906859,weak_5x5_mild_strong_300_800,weak_null,True,574,1739603722,-5.551115123125783e-17,2,4
300,800,0.14664747932930244,0.0949679932066273,0.11295327127538712,0.08231099458186009,0.051679486122675145,0.030642276693527037,0.034731566941218595,1.487968746418497,0.8822601279518292,0.13675913605139645,0.37763615290672525,0.214,0.182,0.386,True,999,0.00011641695164144039,0.002960583078674972,weak_5x5_mild_strong_300_800,weak_null,True,575,1739603722,-5.551115123125783e-17,0,3
300,800,0.13198360065212933,0.11431070998543008,0.09923888368507505,0.10482653611751402,0.017672890666699248,-0.005587652432438972,0.035522719611434196,0.49750950546620387,-0.15729799107612233,0.6188298014881748,0.8750100034401993,0.687,0.655,0.865,True,999,0.00011345790699124336,0.003052750020287931,weak_5x5_mild_strong_300_800,weak_null,True,576,1739603722,-5.551115123125783e-17,2,6
300,800,0.18424884694186727,0.0807099676747724,0.15398269931279174,0.0673164356506959,0.10353887926709487,0.08666626366209584,0.03559468997361405,2.908829360330069,2.434808779802285,0.0036278481515578873,0.0148996612480285,0.013,0.005,0.01,True,999,0.00012083293404430151,0.003082042094320059,weak_5x5_mild_strong_300_800,weak_null,True,577,1739603722,-5.551115123125783e-17,2,3
300,800,0.09683427550057733,0.10903270427608908,0.06417554129234304,0.09624009115867693,-0.01219842877551175,-0.03206454986633389,0.030976927139027926,-0.3937907953478998,-1.0351107365305987,0.6937355007270466,0.30061719905451734,0.764,0.735,0.304,True,999,0.00012149999383836985,0.0030764590483158827,weak_5x5_mild_strong_300_800,weak_null,True,578,1739603722,-5.551115123125783e-17,2,3
300,800,0.13942646540818515,0.09607376054719585,0.10502057401612319,0.08684020702469297,0.0433527048609893,0.01818036699143022,0.03446474388191559,1.2578855949002836,0.5275062264707517,0.20843313403834351,0.5978420936971471,0.264,0.236,0.557,True,999,0.00012070790398865938,0.0031927500385791063,weak_5x5_mild_strong_300_800,weak_null,True,579,1739603722,-5.551115123125783e-17,1,5
300,800,0.10055325913379065,0.11112369011375056,0.06397637908509068,0.10159547497045196,-0.01057043097995991,-0.037619095885361276,0.03239424381200849,-0.3263058412878114,-1.1612895211777081,0.7441929691823548,0.24552417949314032,0.782,0.763,0.241,True,999,0.00011829205323010683,0.00303295801859349,weak_5x5_mild_strong_300_800,weak_null,True,580,1739603722,-5.551115123125783e-17,0,5
300,800,0.08461193299791914,0.14362123095455398,0.04478312872979018,0.1343021052175004,-0.05900929795663484,-0.08951897648771023,0.03316613513331262,-1.7792033265089402,-2.6991078739770282,0.07520643321145735,0.006952563589410131,0.158,0.093,0.005,True,999,0.00012487510684877634,0.00313558301422745,weak_5x5_mild_strong_300_800,weak_null,True,581,1739603722,-5.551115123125783e-17,0,6
300,800,0.12578185731323988,0.11791727817836473,0.09066430907012091,0.10643857962736547,0.00786457913487515,-0.015774270557244563,0.03536185616028778,0.22240289364977572,-0.4460815203179139,0.8240002594210337,0.6555383610224025,0.853,0.846,0.653,True,999,0.00011966703459620476,0.0032839589985087514,weak_5x5_mild_strong_300_800,weak_null,True,582,1739603722,-5.551115123125783e-17,0,3
300,800,0.16023676356440864,0.09900585994311106,0.1255792372788278,0.08736347987291992,0.06123090362129757,0.03821575740590788,0.03810186858551207,1.6070315156296593,1.0029890612881678,0.10804745484001299,0.3158661390930222,0.157,0.138,0.333,True,999,0.00014008302241563797,0.0030602499609813094,weak_5x5_mild_strong_300_800,weak_null,True,583,1739603722,-5.551115123125783e-17,1,4
300,800,0.1389743239317014,0.09847896830984004,0.10308224130653798,0.08769937048629117,0.04049535562186135,0.015382870820246808,0.03528029320480526,1.1478180010234662,0.43601879187760334,0.2510437045189643,0.6628230953714382,0.315,0.305,0.663,True,999,0.00012279092334210873,0.0030703330412507057,weak_5x5_mild_strong_300_800,weak_null,True,584,1739603722,-5.551115123125783e-17,1,4
300,800,0.1170374499251583,0.11055175905347653,0.08309937234486142,0.10033971096788719,0.006485690871681771,-0.017240338623025764,0.03426441136114688,0.1892835923349913,-0.503155838321943,0.849870554293209,0.6148547108790972,0.868,0.861,0.615,True,999,0.00019862502813339233,0.0029887090204283595,weak_5x5_mild_strong_300_800,weak_null,True,585,1739603722,-5.551115123125783e-17,1,5
300,800,0.1199153930914807,0.0820538066629406,0.08633165562787326,0.07305498355924556,0.037861586428540095,0.013276672068627704,0.03312947047548148,1.1428370536909356,0.4007511100563327,0.25310625125228525,0.6886033771176217,0.295,0.269,0.668,True,999,0.00012229103595018387,0.0030581660103052855,weak_5x5_mild_strong_300_800,weak_null,True,586,1739603722,-5.551115123125783e-17,0,6
300,800,0.09894792138014574,0.12428206430476901,0.06597869021851466,0.11367601881778455,-0.02533414292462327,-0.047697328599269895,0.03170167939992029,-0.7991419825123515,-1.504567881012317,0.4242080885967453,0.13243520913817522,0.516,0.464,0.132,True,999,0.00011562497820705175,0.003020457923412323,weak_5x5_mild_strong_300_800,weak_null,True,587,1739603722,-5.551115123125783e-17,1,5
300,800,0.12814431574613017,0.10179791499883156,0.09661954886394142,0.09159675669013723,0.026346400747298604,0.005022792173804191,0.03427431040029017,0.7686923657864624,0.146546848503819,0.44207595799867383,0.8834897093291754,0.505,0.48,0.878,True,999,0.00013029191177338362,0.0030322920065373182,weak_5x5_mild_strong_300_800,weak_null,True,588,1739603722,-5.551115123125783e-17,2,5
300,800,0.13309704903790276,0.10508497245977733,0.10038468591733363,0.09460248073213506,0.028012076578125433,0.005782205185198563,0.03500316432603623,0.8002726929830556,0.1651909276355799,0.4235528206936311,0.8687937058650733,0.481,0.448,0.872,True,999,0.00011516700033098459,0.0031050830148160458,weak_5x5_mild_strong_300_800,weak_null,True,589,1739603722,-5.551115123125783e-17,2,4
300,800,0.15785844259087545,0.0986668441982495,0.12935509463414974,0.0922534351171862,0.059191598392625944,0.03710165951696354,0.03650129895913254,1.62162991675715,1.0164476491234784,0.10488261298099627,0.30941626494059526,0.149,0.129,0.296,True,999,0.00011879194062203169,0.003047958016395569,weak_5x5_mild_strong_300_800,weak_null,True,590,1739603722,-5.551115123125783e-17,4,8
300,800,0.12140527858435213,0.1157639057398866,0.08750101953972944,0.10371402316803824,0.005641372844465531,-0.016213003628308797,0.03430603457038696,0.16444258029563044,-0.4725991747907785,0.8693827455580747,0.6364991713283865,0.889,0.881,0.627,True,999,0.00013041601050645113,0.0030384580604732037,weak_5x5_mild_strong_300_800,weak_null,True,591,1739603722,-5.551115123125783e-17,2,4
300,800,0.12519295588345059,0.08008451532519845,0.08762188784862701,0.06850931603361232,0.04510844055825214,0.01911257181501469,0.034497464248647774,1.3075871383798967,0.5540283099435015,0.1910133816419387,0.5795594712706347,0.262,0.224,0.578,True,999,0.00012674997560679913,0.003180125029757619,weak_5x5_mild_strong_300_800,weak_null,True,592,1739603722,-5.551115123125783e-17,0,4
300,800,0.09953305563612225,0.133304602387046,0.07313688864991263,0.12436453356417587,-0.03377154675092375,-0.05122764491426324,0.03181030452076536,-1.0616543054115726,-1.6104103901558844,0.2883926506706981,0.10730829380745723,0.403,0.339,0.11,True,999,0.00012062489986419678,0.0030946250772103667,weak_5x5_mild_strong_300_800,weak_null,True,593,1739603722,-5.551115123125783e-17,3,6
300,800,0.16852696742777806,0.13372958131342072,0.1357108299037577,0.12338986152883535,0.03479738611435734,0.012320968374922359,0.038766235721849146,0.8976209700635208,0.3178273088810143,0.36938765540193996,0.7506159344644342,0.408,0.388,0.736,True,999,0.0001194999786093831,0.0031581249786540866,weak_5x5_mild_strong_300_800,weak_null,True,594,1739603722,-5.551115123125783e-17,2,4
300,800,0.11166132237983406,0.14768416368209236,0.08768879707344013,0.1365534397717738,-0.0360228413022583,-0.04886464269833368,0.0336382240959927,-1.070890104051292,-1.452652273166671,0.2842188459773044,0.14632032456849836,0.369,0.29,0.13,True,999,0.00011495896615087986,0.0030771669698879123,weak_5x5_mild_strong_300_800,weak_null,True,595,1739603722,-5.551115123125783e-17,5,5
300,800,0.12460273596850846,0.11229709397583515,0.09124469436909521,0.10197631890366665,0.01230564199267331,-0.010731624534571438,0.03465763924905794,0.3550629027050018,-0.30964672629464063,0.7225424676226373,0.7568296190078162,0.772,0.762,0.75,True,999,0.00011916703078895807,0.0029952089535072446,weak_5x5_mild_strong_300_800,weak_null,True,596,1739603722,-5.551115123125783e-17,1,4
300,800,0.14011945415422322,0.13900986797660542,0.11033992139920201,0.12758014751233304,0.001109586177617805,-0.01724022611313103,0.037291689251496604,0.029754248195481645,-0.46230745936077805,0.9762630472460476,0.6438608511328276,0.974,0.973,0.695,True,999,0.00012220896314829588,0.003164375084452331,weak_5x5_mild_strong_300_800,weak_null,True,597,1739603722,-5.551115123125783e-17,2,4
300,800,0.11095999241035015,0.118169518841095,0.08018849252209748,0.10664594618765477,-0.00720952643074485,-0.026457453665557296,0.03293077749960674,-0.21892973619681305,-0.8034263286335481,0.826704782178534,0.4217283623545822,0.868,0.853,0.415,True,999,0.00012616696767508984,0.002960165962576866,weak_5x5_mild_strong_300_800,weak_null,True,598,1739603722,-5.551115123125783e-17,3,3
300,800,0.14602974808775304,0.10907876150711199,0.12074879263383309,0.10070308415492946,0.036950986580641054,0.020045708478903634,0.03529704882652781,1.0468576781657228,0.5679145748819121,0.2951652237258242,0.5700929747865534,0.404,0.352,0.589,True,999,0.00011354091111570597,0.0030488750198855996,weak_5x5_mild_strong_300_800,weak_null,True,599,1739603722,-5.551115123125783e-17,3,6
300,800,0.2023327935596877,0.11422157376062725,0.1685702742649937,0.10232893711781799,0.08811121979906045,0.06624133714717573,0.040057448790584614,2.199621355311343,1.653658411784466,0.027833770751113197,0.09819693715501948,0.04,0.041,0.109,True,999,0.00012429198250174522,0.003140999935567379,weak_5x5_mild_strong_300_800,weak_null,True,600,1739603722,-5.551115123125783e-17,1,4
300,800,0.16856532281700543,0.13870224508137058,0.13606640270018033,0.12425538749897669,0.029863077735634846,0.011811015201203645,0.038876751768138824,0.7681474500168742,0.3038066367181242,0.44239958942537727,0.7612752102213413,0.49,0.469,0.748,True,999,0.00011595792602747679,0.0030870840419083834,weak_5x5_mild_strong_300_800,weak_null,True,601,1739603722,-5.551115123125783e-17,2,2
300,800,0.11123257962205524,0.13021683716774057,0.07689373410971712,0.12051099580457958,-0.018984257545685335,-0.043617261694862464,0.03466891918835073,-0.5475872334683086,-1.2581084936019151,0.583975357401936,0.2083525220173389,0.668,0.637,0.23,True,999,0.000120542012155056,0.0031423340551555157,weak_5x5_mild_strong_300_800,weak_null,True,602,1739603722,-5.551115123125783e-17,1,5
300,800,0.1199440891071335,0.10179613771931878,0.08908457107446566,0.09104515335133101,0.01814795138781472,-0.0019605822768653525,0.03247152647957179,0.5588881507998031,-0.060378506630994914,0.5762380566634759,0.9518541766444019,0.635,0.614,0.949,True,999,0.00011916703078895807,0.003079333924688399,weak_5x5_mild_strong_300_800,weak_null,True,603,1739603722,-5.551115123125783e-17,2,4
300,800,0.13175329140550063,0.10291183609599874,0.10026572692697755,0.09266527146934322,0.028841455309501884,0.007600455457634325,0.03449077791095105,0.8362077359914962,0.22036196102208325,0.40303804712606717,0.8255892679682952,0.504,0.452,0.824,True,999,0.00011891697067767382,0.0031181250233203173,weak_5x5_mild_strong_300_800,weak_null,True,604,1739603722,-5.551115123125783e-17,1,5
300,800,0.19182240266710826,0.1217570438329229,0.1589138163387247,0.11058748586174261,0.07006535883418535,0.04832633047698209,0.039164163125301785,1.7890171330871623,1.2339426307251065,0.07361205634520916,0.21722428251171666,0.105,0.093,0.231,True,999,0.00011854199692606926,0.0032448330894112587,weak_5x5_mild_strong_300_800,weak_null,True,605,1739603722,-5.551115123125783e-17,2,5
300,800,0.13674150730098045,0.12182442196032939,0.11059224699681636,0.11142455296595699,0.01491708534065106,-0.0008323059691406343,0.03453526038597338,0.43193782742433545,-0.024100179348254695,0.6657866008282445,0.9807727002658242,0.734,0.703,0.981,True,999,0.00011870800517499447,0.0031445830827578902,weak_5x5_mild_strong_300_800,weak_null,True,606,1739603722,-5.551115123125783e-17,4,6
300,800,0.14175315510618025,0.11277422873113463,0.10143571243600036,0.10300195003077306,0.02897892637504562,-0.0015662375947727014,0.03656428214797499,0.7925473897660135,-0.04283517965522107,0.42804157099774154,0.9658329204058186,0.494,0.47,0.954,True,999,0.00012129207607358694,0.003152207937091589,weak_5x5_mild_strong_300_800,weak_null,True,607,1739603722,-5.551115123125783e-17,0,5
300,800,0.11269430443112316,0.11489043705427998,0.08206263243988587,0.10387188070967568,-0.0021961326231568212,-0.021809248269789805,0.03137046964653809,-0.07000636738631603,-0.6952158675187886,0.944188591632694,0.48692002977058424,0.949,0.941,0.477,True,999,0.00013333302922546864,0.00311300007160753,weak_5x5_mild_strong_300_800,weak_null,True,608,1739603722,-5.551115123125783e-17,3,5
300,800,0.1239076083765126,0.12213938236299804,0.0831418806457691,0.11209932228825892,0.0017682260135145622,-0.028957441642489812,0.03584397094581538,0.04933119760049896,-0.8078748218567692,0.9606553576863792,0.4191626468968469,0.973,0.97,0.435,True,999,0.000122792087495327,0.003032166976481676,weak_5x5_mild_strong_300_800,weak_null,True,609,1739603722,-5.551115123125783e-17,0,5
300,800,0.15205492048986047,0.12249753535105162,0.12064158104806211,0.11393744438453268,0.029557385138808845,0.006704136663529425,0.03828569329800081,0.7720216768375007,0.1751081431736669,0.44010158894571483,0.8609946598067036,0.494,0.469,0.881,True,999,0.00012574996799230576,0.003131791017949581,weak_5x5_mild_strong_300_800,weak_null,True,610,1739603722,-5.551115123125783e-17,2,7
300,800,0.10077362356515951,0.08749486010785879,0.061830190802652396,0.07725342231736931,0.013278763457300724,-0.015423231514716917,0.03134452340981514,0.4236390288563982,-0.4920550653479494,0.6718290872517743,0.6226804167115507,0.75,0.723,0.603,True,999,0.00013104197569191456,0.0031198749784380198,weak_5x5_mild_strong_300_800,weak_null,True,611,1739603722,-5.551115123125783e-17,0,5
300,800,0.11390642110402172,0.1275949324165827,0.08025672655651306,0.11950459776318212,-0.013688511312560991,-0.03924787120666906,0.03467240840208107,-0.39479551445694766,-1.1319626474033273,0.6929938055443484,0.257650138490477,0.742,0.722,0.272,True,999,0.00011679099407047033,0.0029813749715685844,weak_5x5_mild_strong_300_800,weak_null,True,612,1739603722,-5.551115123125783e-17,0,7
300,800,0.10978720061609792,0.0998042064940739,0.07683710192253557,0.0891718058518336,0.009982994122024025,-0.01233470392929803,0.03312877103027775,0.30133910228363603,-0.3723260340090744,0.7631559264813432,0.7096501174149847,0.803,0.787,0.679,True,999,0.00011783302761614323,0.003089957986958325,weak_5x5_mild_strong_300_800,weak_null,True,613,1739603722,-5.551115123125783e-17,1,5
300,800,0.13592404292575466,0.12768561921662652,0.09946033413160649,0.11347481145156735,0.00823842370912814,-0.01401447731996086,0.0352439268399476,0.233754420911753,-0.397642333772978,0.8151756361236262,0.6908938503964349,0.847,0.837,0.687,True,999,0.00012149999383836985,0.00311316701117903,weak_5x5_mild_strong_300_800,weak_null,True,614,1739603722,-5.551115123125783e-17,0,3
300,800,0.1596438420941778,0.16473932824306453,0.1293398761669664,0.1572496052506267,-0.005095486148886719,-0.027909729083660295,0.03815698690658034,-0.13354005549133072,-0.7314447849876515,0.893766288228831,0.46450751867393025,0.897,0.891,0.462,True,999,0.00011991709470748901,0.0031814579851925373,weak_5x5_mild_strong_300_800,weak_null,True,615,1739603722,-5.551115123125783e-17,2,8
300,800,0.2018449599409664,0.1242511569612692,0.1737916678399074,0.11148802717332273,0.0775938029796972,0.06230364066658467,0.0393209193981611,1.9733466095740884,1.5844909432483514,0.04845608600940469,0.11308204102913423,0.067,0.048,0.1,True,999,0.00011483300477266312,0.0031238750088959932,weak_5x5_mild_strong_300_800,weak_null,True,616,1739603722,-5.551115123125783e-17,3,2
300,800,0.13977469212733407,0.09864579286786435,0.10843554064416594,0.08722266008987845,0.04112889925946972,0.021212880554287494,0.03500805124565086,1.174841152135804,0.6059429131155315,0.24005827274984104,0.5445526619793768,0.315,0.297,0.545,True,999,0.0001193750649690628,0.003131499979645014,weak_5x5_mild_strong_300_800,weak_null,True,617,1739603722,-5.551115123125783e-17,2,4
300,800,0.17472614324827473,0.11554636642582489,0.14718540263129398,0.10604335445782453,0.05917977682244985,0.04114204817346945,0.03729737337648725,1.586700924622149,1.1030816502323975,0.11258039683641109,0.26999170875215206,0.172,0.136,0.271,True,999,0.00012129195965826511,0.003027083002962172,weak_5x5_mild_strong_300_800,weak_null,True,618,1739603722,-5.551115123125783e-17,3,5
300,800,0.16948307385204053,0.0789075149076533,0.13558959365866485,0.06827566505029381,0.09057555894438724,0.06731392860837104,0.03500732225162113,2.587331824278358,1.922852828460876,0.009672239796242182,0.05449853531830413,0.029,0.019,0.058,True,999,0.00011191691737622023,0.003036084002815187,weak_5x5_mild_strong_300_800,weak_null,True,619,1739603722,-5.551115123125783e-17,2,5
300,800,0.1414922159609937,0.12221149893727673,0.11616438833317488,0.11438078158346343,0.019280717023716976,0.0017836067497114527,0.03503406859346709,0.550341932804011,0.05091063702615595,0.5820848681249279,0.95939672938193,0.631,0.606,0.959,True,999,0.00011945900041610003,0.003049083985388279,weak_5x5_mild_strong_300_800,weak_null,True,620,1739603722,-5.551115123125783e-17,3,6
300,800,0.13172722191681485,0.15601446524716045,0.10418332908727734,0.14548374061280356,-0.024287243330345598,-0.041300411525526215,0.03636898250785958,-0.6678010121701085,-1.1355943630427636,0.5042606203937796,0.25612636911201925,0.593,0.548,0.272,True,999,0.00011387490667402744,0.0031885000644251704,weak_5x5_mild_strong_300_800,weak_null,True,621,1739603722,-5.551115123125783e-17,4,4
300,800,0.11065586581855102,0.14040664430592692,0.07331821162176766,0.12843892589074812,-0.029750778487375895,-0.055120714268980464,0.034229703710723695,-0.8691509204637196,-1.6103181825588488,0.3847645880859619,0.10732841180078481,0.508,0.456,0.11,True,999,0.00011979101691395044,0.0031375830294564366,weak_5x5_mild_strong_300_800,weak_null,True,622,1739603722,-5.551115123125783e-17,1,4
300,800,0.18522602142457445,0.11968188534028107,0.1509664921068179,0.10463221766593733,0.06554413608429338,0.04633427444088056,0.03823515000513897,1.7142377125624972,1.2118240528585094,0.08648507735724074,0.22557973898507988,0.15,0.12,0.215,True,999,0.00011791696306318045,0.003132082987576723,weak_5x5_mild_strong_300_800,weak_null,True,623,1739603722,-5.551115123125783e-17,1,1
300,800,0.11886431365065264,0.11476904821648137,0.08321406255134889,0.10417003312176121,0.004095265434171269,-0.02095597057041232,0.033726852888805885,0.12142447585231139,-0.6213437891611794,0.9033548313842057,0.5343734479714788,0.911,0.903,0.529,True,999,0.00011545803863555193,0.002964999992400408,weak_5x5_mild_strong_300_800,weak_null,True,624,1739603722,-5.551115123125783e-17,1,5
300,800,0.17795539812669225,0.11141737827980713,0.1489392998993253,0.09998161517376047,0.06653801984688512,0.04895768472556483,0.038203470758818504,1.7416747359669187,1.2814983495776737,0.08156537567112893,0.20001867926379302,0.112,0.11,0.194,True,999,0.00012279197108000517,0.0030650419648736715,weak_5x5_mild_strong_300_800,weak_null,True,625,1739603722,-5.551115123125783e-17,2,4
300,800,0.222467264278138,0.12270432162458927,0.1919338219527731,0.11323732873353265,0.09976294265354874,0.07869649321924044,0.04184392575464575,2.3841678536214417,1.8807148660162007,0.017117792621221668,0.06001071633055633,0.028,0.023,0.058,True,999,0.0001228750916197896,0.003133083926513791,weak_5x5_mild_strong_300_800,weak_null,True,626,1739603722,-5.551115123125783e-17,2,5
300,800,0.10915163419556395,0.10777336595874731,0.07375622738362608,0.09829064851493285,0.0013782682368166377,-0.02453442113130677,0.03439402203599586,0.04007290090627316,-0.7133338783591434,0.9680350063861437,0.47563917835732505,0.97,0.968,0.449,True,999,0.00011979101691395044,0.0030875829979777336,weak_5x5_mild_strong_300_800,weak_null,True,627,1739603722,-5.551115123125783e-17,2,6
300,800,0.1021338784369148,0.13427992293221064,0.065700385259845,0.12457613722324368,-0.032146044495295845,-0.05887575196339867,0.033417488239608335,-0.9619527435695929,-1.7618245734464189,0.33607334243342124,0.07809894153775479,0.465,0.408,0.073,True,999,0.00013883307110518217,0.0031517919851467013,weak_5x5_mild_strong_300_800,weak_null,True,628,1739603722,-5.551115123125783e-17,0,5
300,800,0.13351024490528118,0.11299956433066194,0.09549720088398317,0.1035344302398471,0.020510680574619244,-0.008037229355863929,0.035545793615604185,0.5770213149950687,-0.22610915493347375,0.5639250566652495,0.8211165243607417,0.631,0.614,0.828,True,999,0.000120542012155056,0.0031291249906644225,weak_5x5_mild_strong_300_800,weak_null,True,629,1739603722,-5.551115123125783e-17,0,4
300,800,0.11791695317171036,0.09917427340684576,0.08663364714652744,0.08908010326643989,0.0187426797648646,-0.0024464561199124546,0.033046752367502194,0.5671564805047512,-0.07403015257615063,0.5706078724810901,0.9409863927954467,0.609,0.58,0.939,True,999,0.00012000009883195162,0.003055583918467164,weak_5x5_mild_strong_300_800,weak_null,True,630,1739603722,-5.551115123125783e-17,1,5
300,800,0.16047364081202609,0.08421802746593443,0.13123865126243572,0.07571683463271484,0.07625561334609166,0.05552181662972089,0.03586434489731645,2.126223511524324,1.5481062539601917,0.03348465331277526,0.12159671662166059,0.046,0.03,0.105,True,999,0.00012287497520446777,0.0031473749550059438,weak_5x5_mild_strong_300_800,weak_null,True,631,1739603722,-5.551115123125783e-17,3,6
300,800,0.12609473099564728,0.08192636789189256,0.0955144551213607,0.06984670243190294,0.044168363103754715,0.025667752689457757,0.03296888167805213,1.339698553777705,0.7785448393460419,0.1803433679383193,0.43624788333929565,0.248,0.187,0.409,True,999,0.00012250000145286322,0.0029380409978330135,weak_5x5_mild_strong_300_800,weak_null,True,632,1739603722,-5.551115123125783e-17,2,4
300,800,0.12146734056005215,0.11672807826244297,0.08379067468735002,0.10914684066591462,0.004739262297609181,-0.025356165978564604,0.03589067403211293,0.13204718009388064,-0.7064834156047711,0.8949469741289661,0.4798875626289887,0.911,0.905,0.478,True,999,0.0001218749675899744,0.0031528749968856573,weak_5x5_mild_strong_300_800,weak_null,True,633,1739603722,-5.551115123125783e-17,1,7
300,800,0.13067403340520878,0.10850233460031933,0.10102792247460002,0.09836423366988356,0.02217169880488945,0.0026636888047164575,0.03361081355980369,0.6596596885534879,0.07925094701968335,0.5094722411161767,0.9368330221265305,0.548,0.511,0.928,True,999,0.00013645808212459087,0.0029964580899104476,weak_5x5_mild_strong_300_800,weak_null,True,634,1739603722,-5.551115123125783e-17,2,5
300,800,0.14032905664938566,0.08830258125141155,0.11409013259395806,0.07882818237470701,0.052026475397974115,0.03526195021925105,0.034272192238121196,1.5180375692484798,1.0288793309238309,0.12900492795392063,0.3035363821173611,0.173,0.147,0.296,True,999,0.00012058403808623552,0.0029342499328777194,weak_5x5_mild_strong_300_800,weak_null,True,635,1739603722,-5.551115123125783e-17,4,6
300,800,0.1587199710119097,0.11190036058675673,0.12310051567766322,0.10278412005550308,0.04681961042515298,0.020316395622160144,0.03658339052479823,1.279805117937772,0.5553447980276343,0.2006136834773652,0.5786588426935757,0.273,0.244,0.578,True,999,0.00012366706505417824,0.003051667008548975,weak_5x5_mild_strong_300_800,weak_null,True,636,1739603722,-5.551115123125783e-17,1,6
300,800,0.10812791783043074,0.07597973253254486,0.07207424359148717,0.06485286421388992,0.03214818529788588,0.007221379377597259,0.03299311069662902,0.9743908536993613,0.21887537201319682,0.32986250906575654,0.8267471316114572,0.384,0.363,0.809,True,999,0.0001117499778047204,0.002997166942805052,weak_5x5_mild_strong_300_800,weak_null,True,637,1739603722,-5.551115123125783e-17,1,4
300,800,0.16753556630977107,0.13359991899955315,0.13370634256261837,0.12141629703268109,0.03393564731021792,0.012290045529937288,0.037573613954912,0.9031776222255434,0.32709245229072803,0.36643163248609956,0.7435979603165703,0.454,0.42,0.767,True,999,0.0001235839445143938,0.003072333987802267,weak_5x5_mild_strong_300_800,weak_null,True,638,1739603722,-5.551115123125783e-17,2,4
300,800,0.12090256765413354,0.10477300400974049,0.08869574044513229,0.09546730488511912,0.016129563644393052,-0.0067715644399868324,0.032876332174085345,0.49061323382987126,-0.20597080003116938,0.6237000246214635,0.8368137204443893,0.683,0.664,0.815,True,999,0.00011554104276001453,0.003029167070053518,weak_5x5_mild_strong_300_800,weak_null,True,639,1739603722,-5.551115123125783e-17,2,7
300,800,0.14237609447774968,0.11594321042170747,0.11098031868107228,0.10419178790573369,0.026432884056042216,0.006788530775338586,0.03597485036435449,0.7347600834563336,0.18870212680759252,0.4624856210234132,0.8503262845859687,0.539,0.509,0.855,True,999,0.00011462497059255838,0.0029972500633448362,weak_5x5_mild_strong_300_800,weak_null,True,640,1739603722,-5.551115123125783e-17,1,3
300,800,0.1208207595038201,0.14584346600654252,0.08432594647155156,0.13479726291637917,-0.025022706502722425,-0.05047131644482761,0.03514081277319436,-0.7120696571312632,-1.4362592228751023,0.47642164265168563,0.15092859261074862,0.552,0.52,0.138,True,999,0.00011983292642980814,0.003155624959617853,weak_5x5_mild_strong_300_800,weak_null,True,641,1739603722,-5.551115123125783e-17,0,4
300,800,0.14737158724802168,0.09755996858393945,0.10942413861141631,0.08938502841681384,0.049811618664082236,0.020039110194602472,0.03642968274136244,1.3673360544401854,0.5500764400522755,0.17151999559079045,0.5822669453864349,0.225,0.203,0.609,True,999,0.00011491694021970034,0.0030401250114664435,weak_5x5_mild_strong_300_800,weak_null,True,642,1739603722,-5.551115123125783e-17,0,7
300,800,0.14721494852742945,0.12654322510391902,0.12035642476064368,0.11735674603238522,0.020671723423510424,0.002999678728258459,0.035803545850727085,0.5773652562149967,0.08378161036800054,0.5636927395370719,0.9332300694068743,0.589,0.552,0.935,True,999,0.00012562493793666363,0.0030997920548543334,weak_5x5_mild_strong_300_800,weak_null,True,643,1739603722,-5.551115123125783e-17,4,5
300,800,0.15410316640982225,0.1327623218092316,0.12523255139842604,0.11835348396624568,0.021340844600590658,0.0068790674321803635,0.03761038237946085,0.5674189745075541,0.18290341647621866,0.5704295614844631,0.8548738021596486,0.612,0.594,0.855,True,999,0.00012066599447280169,0.00314791698474437,weak_5x5_mild_strong_300_800,weak_null,True,644,1739603722,-5.551115123125783e-17,4,2
300,800,0.15778927602117598,0.11848585039680232,0.1192882630763279,0.11084053013007633,0.03930342562437367,0.008447732946251563,0.03824204746504228,1.0277542189732811,0.22090169084105088,0.30406545636507265,0.8251689808412171,0.345,0.334,0.843,True,999,0.00011441600508987904,0.0030341671081259847,weak_5x5_mild_strong_300_800,weak_null,True,645,1739603722,-5.551115123125783e-17,0,7
300,800,0.18139364635361677,0.1266431759993164,0.14619047223629877,0.11838561183509455,0.05475047035430036,0.027804860401204223,0.03698913715584571,1.4801770077420602,0.7517034064367187,0.13882601469016811,0.4522294414236788,0.203,0.172,0.478,True,999,0.00012016703840345144,0.003082416020333767,weak_5x5_mild_strong_300_800,weak_null,True,646,1739603722,-5.551115123125783e-17,2,6
300,800,0.15922716494682088,0.13160370028223134,0.12653188401350235,0.11956359022707375,0.027623464664589537,0.006968293786428603,0.036929358595420354,0.7480082437179169,0.188692521383048,0.45445518513071237,0.8503338133681732,0.534,0.501,0.858,True,999,0.00011616700794547796,0.0030700420029461384,weak_5x5_mild_strong_300_800,weak_null,True,647,1739603722,-5.551115123125783e-17,2,4
300,800,0.1496293251902805,0.12822075310293085,0.1158177246257992,0.12011230192251787,0.021408572087349642,-0.004294577296718671,0.0366366508066469,0.5843485039157983,-0.11722079399079559,0.5589858653241526,0.9066850892924345,0.614,0.601,0.907,True,999,0.00011745805386453867,0.0030218339525163174,weak_5x5_mild_strong_300_800,weak_null,True,648,1739603722,-5.551115123125783e-17,2,7
300,800,0.16857817002655606,0.1231423561162498,0.14584146109081075,0.1156333727853962,0.045435813910306266,0.03020808830541455,0.03443415793099973,1.3194983307375197,0.8772710041565844,0.18700256781505176,0.38033945761215815,0.253,0.189,0.361,True,999,0.00011975003872066736,0.003058041911572218,weak_5x5_mild_strong_300_800,weak_null,True,649,1739603722,-5.551115123125783e-17,5,7
300,800,0.11551556111616212,0.09318166664358485,0.08358979512678388,0.08262358783144919,0.022333894472577276,0.0009662072953346978,0.03230364846140176,0.6913737468157222,0.029910160039327362,0.4893306979541747,0.9761387029361911,0.56,0.53,0.98,True,999,0.00011433300096541643,0.003004707978107035,weak_5x5_mild_strong_300_800,weak_null,True,650,1739603722,-5.551115123125783e-17,2,5
300,800,0.14080972880303944,0.10499224880130614,0.11690637931917536,0.09043754087502975,0.03581748000173329,0.026468838444145604,0.03603767693755637,0.9938898132583679,0.7344768224103069,0.3202765142597397,0.462658181093237,0.385,0.365,0.477,True,999,0.00011812499724328518,0.0030023340368643403,weak_5x5_mild_strong_300_800,weak_null,True,651,1739603722,-5.551115123125783e-17,5,2
300,800,0.10735783006701638,0.11333208801574013,0.07240841825887401,0.10251867810035264,-0.005974257948723749,-0.030110259841478637,0.033296120933410556,-0.17942804690888056,-0.904317349810707,0.8576016104783857,0.36582714955658124,0.881,0.876,0.37,True,999,0.00012700003571808338,0.0029972089687362313,weak_5x5_mild_strong_300_800,weak_null,True,652,1739603722,-5.551115123125783e-17,1,4
300,800,0.15392214684051608,0.11830648862202897,0.1226948093832334,0.10819869275286464,0.03561565821848711,0.01449611663036876,0.03600896870437103,0.9890774298727368,0.40256961395867796,0.32262525942388,0.6872648670039176,0.381,0.359,0.67,True,999,0.00011316698510199785,0.0031035420252010226,weak_5x5_mild_strong_300_800,weak_null,True,653,1739603722,-5.551115123125783e-17,2,5
300,800,0.20036790497834867,0.07613834523686475,0.16485707096262558,0.06476889590942392,0.12422955974148392,0.10008817505320167,0.037351429433843945,3.3259653412064636,2.6796343960671094,0.0008811288420823379,0.00737026100540381,0.002,0.001,0.009,True,999,0.00012341700494289398,0.0030592920957133174,weak_5x5_mild_strong_300_800,weak_null,True,654,1739603722,-5.551115123125783e-17,1,4
300,800,0.13872986393260023,0.10804835115713601,0.10917355068295365,0.09312358727214587,0.030681512775464215,0.016049963410807777,0.03476032190571028,0.8826590518548674,0.46173230082116,0.37742051258091525,0.6442733045105082,0.439,0.413,0.651,True,999,0.00011745805386453867,0.0029668330680578947,weak_5x5_mild_strong_300_800,weak_null,True,655,1739603722,-5.551115123125783e-17,2,2
300,800,0.15267225661028916,0.12126432770563073,0.12762592125750416,0.11003813588382627,0.03140792890465843,0.01758778537367789,0.036194447597873096,0.8677554428680953,0.485924956476236,0.3855282270834789,0.6270203733237207,0.445,0.428,0.639,True,999,0.00011241703759878874,0.0030761249363422394,weak_5x5_mild_strong_300_800,weak_null,True,656,1739603722,-5.551115123125783e-17,5,5
300,800,0.10428767795403537,0.08957891224679126,0.07176397372876409,0.07699554078840265,0.01470876570724411,-0.005231567059638564,0.03252477595335729,0.4522326526810659,-0.16084867324346777,0.6511013873724505,0.8722125886046548,0.709,0.69,0.874,True,999,0.00012691703159362078,0.003079499932937324,weak_5x5_mild_strong_300_800,weak_null,True,657,1739603722,-5.551115123125783e-17,2,3
300,800,0.13494229245313827,0.11281576840388585,0.10540550663557724,0.10353963499824204,0.022126524049252416,0.0018658716373352036,0.035153573461384785,0.6294246038331717,0.05307772307656891,0.5290711145745404,0.9576699808374552,0.592,0.571,0.957,True,999,0.00011720799375325441,0.0029645420145243406,weak_5x5_mild_strong_300_800,weak_null,True,658,1739603722,-5.551115123125783e-17,3,5
300,800,0.11970869772466153,0.13054382641992823,0.09309444968482694,0.11960693836738301,-0.010835128695266705,-0.026512488682556068,0.03515859074978604,-0.3081786972742257,-0.7540828035810113,0.7579463612484396,0.45079950256631285,0.789,0.771,0.456,True,999,0.00011916703078895807,0.0030960419680923223,weak_5x5_mild_strong_300_800,weak_null,True,659,1739603722,-5.551115123125783e-17,3,4
300,800,0.15641142155037346,0.09757890459148894,0.13033907600663497,0.08928501452595583,0.05883251695888453,0.04105406148067914,0.03443780585575941,1.7083700746005956,1.1921218689898974,0.08756769631573391,0.23321346319206182,0.133,0.103,0.214,True,999,0.00012079195585101843,0.0030611249385401607,weak_5x5_mild_strong_300_800,weak_null,True,660,1739603722,-5.551115123125783e-17,4,7
300,800,0.11945397628251675,0.12892684402058652,0.08461952545098939,0.12000079741386571,-0.009472867738069768,-0.035381271962876326,0.03459665941376925,-0.2738087404560114,-1.0226788528835475,0.7842316063163133,0.30645971320835474,0.847,0.828,0.316,True,999,0.00011883396655321121,0.003010416985489428,weak_5x5_mild_strong_300_800,weak_null,True,661,1739603722,-5.551115123125783e-17,1,6
300,800,0.14577415679561567,0.14596140259670476,0.11762662472443708,0.1362972260184847,-0.0001872458010890865,-0.01867060129404763,0.036652002290944695,-0.005108746845608153,-0.5094019460612229,0.9959238274977176,0.6104705125490495,0.997,0.997,0.584,True,999,0.0001350418897345662,0.003119041910395026,weak_5x5_mild_strong_300_800,weak_null,True,662,1739603722,-5.551115123125783e-17,2,5
300,800,0.13270466448755758,0.09938128703806587,0.1027813067931902,0.08791983550366922,0.03332337744949171,0.014861471289520978,0.034878043274478805,0.9554256581210022,0.42609819514718916,0.3393624837178465,0.6700362952925627,0.409,0.388,0.668,True,999,0.00012912496458739042,0.003028583014383912,weak_5x5_mild_strong_300_800,weak_null,True,663,1739603722,-5.551115123125783e-17,2,4
300,800,0.11875881530623811,0.09957358111679021,0.0874547232008922,0.09058140111784496,0.019185234189447897,-0.003126677916952758,0.033119856773780806,0.5792668223322694,-0.09440493472870268,0.5624091485028819,0.9247874959681388,0.637,0.616,0.914,True,999,0.00011420808732509613,0.003064792021177709,weak_5x5_mild_strong_300_800,weak_null,True,664,1739603722,-5.551115123125783e-17,2,6
300,800,0.17728521166749278,0.09231004930373365,0.14198188662766142,0.08024855838863232,0.08497516236375913,0.061733328239029106,0.03619537221053304,2.34768030204234,1.7055585968270384,0.018890727744171786,0.08809029361129138,0.044,0.032,0.084,True,999,0.00012608396355062723,0.0031765829771757126,weak_5x5_mild_strong_300_800,weak_null,True,665,1739603722,-5.551115123125783e-17,2,4
300,800,0.15047609837023712,0.14469337839141228,0.12164641676804422,0.13212487534838147,0.005782719978824846,-0.010478458580337247,0.03813874814744697,0.15162322466559366,-0.2747457399447622,0.8794841145587293,0.7835115874982309,0.89,0.882,0.779,True,999,0.00012741703540086746,0.0029891659505665302,weak_5x5_mild_strong_300_800,weak_null,True,666,1739603722,-5.551115123125783e-17,3,3
300,800,0.15934216450363892,0.09468164398855161,0.12227020666728095,0.08194805960926033,0.0646605205150873,0.04032214705802062,0.03734347203061582,1.7315079985619914,1.0797642764701352,0.08336119953371496,0.28024716287664586,0.111,0.089,0.275,True,999,0.0001214159419760108,0.003099250025115907,weak_5x5_mild_strong_300_800,weak_null,True,667,1739603722,-5.551115123125783e-17,1,3
300,800,0.12614433185965335,0.1062139900382168,0.09215883756792209,0.09598374648777508,0.019930341821436548,-0.0038249089198529873,0.03564484726456877,0.5591366873732532,-0.10730608246019822,0.5760684382623278,0.9145461593012493,0.632,0.603,0.906,True,999,0.00012833299115300179,0.003022375050932169,weak_5x5_mild_strong_300_800,weak_null,True,668,1739603722,-5.551115123125783e-17,0,5
300,800,0.1878349503517336,0.12277831888390706,0.15548991223039366,0.11147049413017385,0.06505663146782653,0.04401941810021981,0.04118396300073173,1.5796593316352447,1.0688485248356916,0.1141849038002668,0.28513792987459785,0.142,0.158,0.295,True,999,0.00011345802340656519,0.0030947920167818666,weak_5x5_mild_strong_300_800,weak_null,True,669,1739603722,-5.551115123125783e-17,3,4
300,800,0.15060323584656787,0.12355297905670576,0.11221832821291855,0.11638714871594402,0.027050256789862115,-0.004168820503025472,0.03724251403149613,0.7263273571431191,-0.11193713989071429,0.4676381122337686,0.9108732482691632,0.525,0.502,0.895,True,999,0.00012191699352115393,0.003165417001582682,weak_5x5_mild_strong_300_800,weak_null,True,670,1739603722,-5.551115123125783e-17,1,7
300,800,0.17645255635667234,0.12185761833377384,0.14538904586225954,0.11230031893728665,0.0545949380228985,0.03308872692497289,0.03749480647228509,1.4560666705468464,0.8824882707270665,0.14537419005937335,0.3775128198871237,0.18,0.16,0.348,True,999,0.0001200829865410924,0.0030222079949453473,weak_5x5_mild_strong_300_800,weak_null,True,671,1739603722,-5.551115123125783e-17,2,5
300,800,0.16999553871844109,0.08189567654055707,0.1337024369557298,0.0700476839095927,0.08809986217788401,0.0636547530461371,0.03625515344468779,2.4299955677278384,1.755743583963895,0.01509900747699149,0.07913220125766425,0.029,0.02,0.072,True,999,0.00012608303222805262,0.0031639999942854047,weak_5x5_mild_strong_300_800,weak_null,True,672,1739603722,-5.551115123125783e-17,2,5
300,800,0.08261533368524421,0.1296708547914186,0.048032561606476065,0.11827866616835081,-0.04705552110617439,-0.07024610456187474,0.031306539240935946,-1.503057260466699,-2.24381570959533,0.13282427881527686,0.0248442612111743,0.248,0.165,0.03,True,999,0.00011958403047174215,0.00302191695664078,weak_5x5_mild_strong_300_800,weak_null,True,673,1739603722,-5.551115123125783e-17,1,4
300,800,0.14250369288870102,0.09950209795063658,0.1089322597648561,0.09049439686759797,0.043001594938064436,0.018437862897258128,0.03518255596811122,1.2222419251472303,0.5240626324582514,0.22161615368037613,0.6002349777468026,0.278,0.26,0.58,True,999,0.00011925003491342068,0.003028915962204337,weak_5x5_mild_strong_300_800,weak_null,True,674,1739603722,-5.551115123125783e-17,1,6
300,800,0.10267696282663685,0.0917904724218579,0.06691588956618943,0.08127208223720572,0.010886490404778959,-0.014356192671016288,0.03233106930436426,0.336719157114591,-0.4440370510442225,0.7363286205680062,0.6570157965833158,0.778,0.765,0.672,True,999,0.00011966598685830832,0.003053958062082529,weak_5x5_mild_strong_300_800,weak_null,True,675,1739603722,-5.551115123125783e-17,1,6
300,800,0.1991749638549689,0.10003098438476049,0.16531502446082413,0.0901774110786846,0.09914397947020842,0.07513761338213953,0.03893333814073634,2.5465060075717756,1.9299042150080192,0.010880733866044535,0.053618707076161655,0.03,0.023,0.062,True,999,0.00012291606981307268,0.0030807919101789594,weak_5x5_mild_strong_300_800,weak_null,True,676,1739603722,-5.551115123125783e-17,1,6
300,800,0.11888191580015861,0.10674008711599964,0.08256460260236054,0.09810587027754991,0.012141828684158973,-0.015541267675189374,0.03415864481744224,0.3554540512087019,-0.4549731922401565,0.7222494620459796,0.6491285251096351,0.784,0.772,0.65,True,999,0.00011775002349168062,0.0030682499054819345,weak_5x5_mild_strong_300_800,weak_null,True,677,1739603722,-5.551115123125783e-17,0,7
300,800,0.14701714749464934,0.10021475037352034,0.11877141088820053,0.09296288918909568,0.04680239712112899,0.02580852169910486,0.03488272768856667,1.3417069197965608,0.7398653548404697,0.17969104247667844,0.4593816981966702,0.223,0.182,0.435,True,999,0.00011779204942286015,0.0029331250116229057,weak_5x5_mild_strong_300_800,weak_null,True,678,1739603722,-5.551115123125783e-17,2,6
300,800,0.17669986234997004,0.1475024403789264,0.14763318396308023,0.13802987815142842,0.029197421971043636,0.009603305811651808,0.038881273296347954,0.7509379064956213,0.24699051747757006,0.45269002595840446,0.8049155627295054,0.495,0.479,0.81,True,999,0.00011412508320063353,0.0030535421101376414,weak_5x5_mild_strong_300_800,weak_null,True,679,1739603722,-5.551115123125783e-17,3,6
300,800,0.15461456450500566,0.11934091786193207,0.1251013106078176,0.10791560962945823,0.035273646643073586,0.017185700978359364,0.03527087812867379,1.0000784929252313,0.4872490249792813,0.31727252337375367,0.6260818669790433,0.385,0.349,0.606,True,999,0.00011954200454056263,0.003109042067080736,weak_5x5_mild_strong_300_800,weak_null,True,680,1739603722,-5.551115123125783e-17,2,4
300,800,0.1841950968573125,0.10941802686541835,0.15423590269557508,0.09479517353202027,0.07477706999189415,0.059440729163554806,0.03743179997401638,1.9976883303448223,1.5879741077056437,0.045750460157103094,0.11229219416189322,0.081,0.064,0.107,True,999,0.00012704101391136646,0.0029787500388920307,weak_5x5_mild_strong_300_800,weak_null,True,681,1739603722,-5.551115123125783e-17,2,1
300,800,0.12613441007251058,0.1348218659370874,0.09335180922477093,0.12574889915492804,-0.00868745586457681,-0.03239708993015711,0.034739922980381116,-0.2500712471205802,-0.9325607874390772,0.802532251145008,0.35104678738826345,0.835,0.821,0.357,True,999,0.00011983397416770458,0.0030889170011505485,weak_5x5_mild_strong_300_800,weak_null,True,682,1739603722,-5.551115123125783e-17,1,6
300,800,0.16951962347652305,0.12510169128401438,0.14479950820060594,0.11788756184631666,0.04441793219250867,0.026911946354289284,0.03792263969188496,1.1712774362068903,0.7096538261298344,0.24148727802904824,0.4779188320965271,0.271,0.249,0.46,True,999,0.00011854199692606926,0.0030547920614480972,weak_5x5_mild_strong_300_800,weak_null,True,683,1739603722,-5.551115123125783e-17,4,7
300,800,0.14666012402960038,0.11878002402501042,0.11773945247824713,0.10671434426183168,0.02788010000458996,0.011025108216415447,0.03544204932549152,0.7866390498062237,0.31107423036301945,0.43149319304297973,0.755744191126493,0.497,0.47,0.73,True,999,0.00011454196646809578,0.0029850410064682364,weak_5x5_mild_strong_300_800,weak_null,True,684,1739603722,-5.551115123125783e-17,3,3
300,800,0.06955524479467434,0.11571939045610402,0.03362067110788303,0.10367375881304497,-0.04616414566142968,-0.07005308770516194,0.029620261764907226,-1.5585326702319326,-2.365039453775447,0.11910702966362335,0.01802815025105541,0.216,0.146,0.016,True,999,0.00012199999764561653,0.0031082500936463475,weak_5x5_mild_strong_300_800,weak_null,True,685,1739603722,-5.551115123125783e-17,1,4
300,800,0.09175974456261526,0.1025840995406807,0.06081786146393142,0.09070067270022264,-0.010824354978065442,-0.029882811236291218,0.030532469185363953,-0.3545194760486062,-0.9787223907398831,0.7229496108335807,0.32771716563600994,0.76,0.73,0.3,True,999,0.00012387498281896114,0.0029838751070201397,weak_5x5_mild_strong_300_800,weak_null,True,686,1739603722,-5.551115123125783e-17,2,4
300,800,0.11300998154484854,0.07800022960700892,0.08435092646550402,0.06513814930912076,0.03500975193783962,0.019212777156383254,0.032271062259223035,1.0848651853049514,0.5953562049508384,0.27798136950606167,0.5516053934427456,0.316,0.301,0.538,True,999,0.00011487503070384264,0.002937957993708551,weak_5x5_mild_strong_300_800,weak_null,True,687,1739603722,-5.551115123125783e-17,4,3
300,800,0.09190177693957247,0.09741071955758918,0.05765904727115867,0.0849026214375499,-0.00550894261801671,-0.027243574166391227,0.0303404891505134,-0.1815706592826468,-0.8979279810302674,0.8559196765587188,0.36922394604998365,0.886,0.872,0.369,True,999,0.00011904200073331594,0.003154833917506039,weak_5x5_mild_strong_300_800,weak_null,True,688,1739603722,-5.551115123125783e-17,1,3
300,800,0.11990602335027667,0.0962619583521287,0.0852140047982175,0.0861704676934778,0.023644064998147973,-0.0009564628952603016,0.033850076668286724,0.6984936911619907,-0.028255856098440904,0.4848685019291117,0.977458088258966,0.557,0.533,0.979,True,999,0.00011433300096541643,0.0029767079977318645,weak_5x5_mild_strong_300_800,weak_null,True,689,1739603722,-5.551115123125783e-17,1,5
300,800,0.16388988159926599,0.1068459748025023,0.1300901359554132,0.09658442936535039,0.05704390679676369,0.0335057065900628,0.03569470117747579,1.5981057388080826,0.9386745226825347,0.11001944667043524,0.3478978779769988,0.175,0.146,0.333,True,999,0.00011391693260520697,0.003109290963038802,weak_5x5_mild_strong_300_800,weak_null,True,690,1739603722,-5.551115123125783e-17,0,5
300,800,0.10511908671405967,0.12715016203915375,0.07457597578769537,0.11514609081859817,-0.022031075325094074,-0.0405701150309028,0.032918087229070116,-0.6692696076714424,-1.2324566354230675,0.503323510414551,0.2177785559254266,0.559,0.527,0.204,True,999,0.0001194999786093831,0.0031521660275757313,weak_5x5_mild_strong_300_800,weak_null,True,691,1739603722,-5.551115123125783e-17,1,3
300,800,0.08556716549324639,0.09130496258476123,0.05917837849364105,0.08057112449699844,-0.00573779709151484,-0.021392746003357388,0.028244419831092743,-0.203147989083437,-0.7574149559909629,0.8390193637937213,0.4488012986627614,0.893,0.874,0.441,True,999,0.00012904207687824965,0.002958750003017485,weak_5x5_mild_strong_300_800,weak_null,True,692,1739603722,-5.551115123125783e-17,3,5
300,800,0.10579561820474004,0.10727379139732207,0.07619829009934165,0.09600309881875546,-0.001478173192582033,-0.019804808719413813,0.03307167055547521,-0.044696054591572866,-0.5988451259573584,0.9643495785370246,0.5492761669388715,0.969,0.968,0.536,True,999,0.00011537503451108932,0.0030275830067694187,weak_5x5_mild_strong_300_800,weak_null,True,693,1739603722,-5.551115123125783e-17,3,4
300,800,0.14523688254096534,0.11590990072333446,0.11604427549445973,0.10798562491493158,0.02932698181763088,0.008058650579528148,0.03539918403132256,0.8284649101425965,0.22765074393798296,0.40740725933505917,0.819917767580518,0.48,0.442,0.844,True,999,0.000120542012155056,0.0029918329091742635,weak_5x5_mild_strong_300_800,weak_null,True,694,1739603722,-5.551115123125783e-17,3,6
300,800,0.14664360403064314,0.07408545987150261,0.111518987020645,0.06252770428147869,0.07255814415914053,0.04899128273916631,0.03476317063218265,2.0872130717549817,1.409286950765409,0.03686887839067451,0.15875033581098363,0.069,0.047,0.141,True,999,0.00011687492951750755,0.0029655840480700135,weak_5x5_mild_strong_300_800,weak_null,True,695,1739603722,-5.551115123125783e-17,0,4
300,800,0.12699932386319301,0.1301810922587589,0.09485584077646081,0.12325485216143761,-0.003181768395565887,-0.028399011384976802,0.035315845168435264,-0.09009464109922252,-0.8041436145597156,0.9282120076860354,0.42131403845177584,0.938,0.933,0.42,True,999,0.00011970801278948784,0.0031143330270424485,weak_5x5_mild_strong_300_800,weak_null,True,696,1739603722,-5.551115123125783e-17,1,7
300,800,0.15967087918223521,0.10274174173414885,0.12521805994737178,0.0920577148170878,0.056929137448086364,0.033160345130283986,0.03674704111648327,1.5492169088561039,0.9023949717521492,0.12132958607198276,0.3668470912213193,0.161,0.132,0.341,True,999,0.00011291704140603542,0.0029870830476284027,weak_5x5_mild_strong_300_800,weak_null,True,697,1739603722,-5.551115123125783e-17,1,5
300,800,0.16744623456005736,0.12400452562199349,0.13307989940221887,0.11597151221491231,0.04344170893806387,0.017108387187306562,0.038073349126707914,1.1410004618582432,0.4493533555550875,0.2538697307975839,0.653176773904254,0.336,0.296,0.655,True,999,0.00011462497059255838,0.003013166948221624,weak_5x5_mild_strong_300_800,weak_null,True,698,1739603722,-5.551115123125783e-17,1,8
300,800,0.10662837569894756,0.11202858985414282,0.07065699297498895,0.10458378106625332,-0.00540021415519526,-0.03392678809126437,0.03470870255117247,-0.15558674794119723,-0.9774720919413427,0.876358771337056,0.32833548764897824,0.887,0.878,0.334,True,999,0.00011466699652373791,0.0030638750176876783,weak_5x5_mild_strong_300_800,weak_null,True,699,1739603722,-5.551115123125783e-17,1,8
300,800,0.1725163032966075,0.13113876095049176,0.14187768820681868,0.11739398874431117,0.04137754234611574,0.024483699462507502,0.0379812975936841,1.0894188710655426,0.6446251448391508,0.2759692133288565,0.5191701359695,0.314,0.298,0.518,True,999,0.00011891697067767382,0.0030985409393906593,weak_5x5_mild_strong_300_800,weak_null,True,700,1739603722,-5.551115123125783e-17,3,3
300,800,0.10001885319992332,0.12402409500939121,0.0671818130993529,0.11279138173534875,-0.024005241809467892,-0.045609568635995856,0.032752023267348856,-0.7329392023667495,-1.3925725523486954,0.46359551160298396,0.16374908788682974,0.554,0.517,0.142,True,999,0.00011875003110617399,0.0031572500010952353,weak_5x5_mild_strong_300_800,weak_null,True,701,1739603722,-5.551115123125783e-17,2,4
300,800,0.14297967673608225,0.09044338338052937,0.11146630682520708,0.07818786553247037,0.05253629335555288,0.033278441292736716,0.03451460671534657,1.522146660654057,0.9641842819532924,0.12797233663610255,0.33495354326203486,0.173,0.146,0.308,True,999,0.0001099579967558384,0.003021541051566601,weak_5x5_mild_strong_300_800,weak_null,True,702,1739603722,-5.551115123125783e-17,1,3
300,800,0.1177730979371705,0.12469995378498522,0.08410437548502614,0.11238513498034308,-0.006926855847814717,-0.028280759495316943,0.0335608748633812,-0.20639676039472735,-0.8426705087528731,0.8364810011871127,0.3994127452571745,0.865,0.848,0.404,True,999,0.00011754198931157589,0.0031463330378755927,weak_5x5_mild_strong_300_800,weak_null,True,703,1739603722,-5.551115123125783e-17,2,4
300,800,0.10099980670457798,0.12458150917600502,0.06572335419542696,0.11332888415563502,-0.023581702471427046,-0.04760552996020806,0.033248560674160495,-0.7092548366989564,-1.4318072420261263,0.4781663494878201,0.15219899411509594,0.566,0.518,0.128,True,999,0.00011991697829216719,0.0031413750257343054,weak_5x5_mild_strong_300_800,weak_null,True,704,1739603722,-5.551115123125783e-17,0,4
300,800,0.14727954253070974,0.09219205049956597,0.10821367180028574,0.0788399923144425,0.05508749203114377,0.02937367948584324,0.03595954774928142,1.5319295007608815,0.8168534179195903,0.12553983270862393,0.41401220094717883,0.193,0.14,0.404,True,999,0.00011799996718764305,0.003051707986742258,weak_5x5_mild_strong_300_800,weak_null,True,705,1739603722,-5.551115123125783e-17,0,3
300,800,0.1463509108763359,0.13677930833467078,0.1173187225749075,0.12706141518214054,0.009571602541665114,-0.009742692607233039,0.03511900025783571,0.2725476941653403,-0.2774194178565565,0.7852009240547815,0.781458073242391,0.838,0.824,0.772,True,999,0.00012416706886142492,0.0031334999948740005,weak_5x5_mild_strong_300_800,weak_null,True,706,1739603722,-5.551115123125783e-17,2,6
300,800,0.10826254318446016,0.10088746433475476,0.0727951632912891,0.09110458095329932,0.0073750788497053965,-0.01830941766201022,0.03215525736734951,0.22935841456501793,-0.569406658850183,0.8185903550304886,0.5690801989488432,0.85,0.837,0.574,True,999,0.00012129195965826511,0.003211707924492657,weak_5x5_mild_strong_300_800,weak_null,True,707,1739603722,-5.551115123125783e-17,2,5
300,800,0.15143352733538862,0.10269909338746713,0.11865630894021706,0.09098713744202769,0.048734433947921485,0.02766917149818937,0.03481310159421396,1.3998877352548584,0.7947919096868998,0.16154693934105013,0.4267345578842804,0.245,0.202,0.42,True,999,0.00012562493793666363,0.0031250000465661287,weak_5x5_mild_strong_300_800,weak_null,True,708,1739603722,-5.551115123125783e-17,1,4
300,800,0.1376212801920399,0.10144861174358488,0.10502500500263068,0.09025422387003346,0.036172668448455014,0.014770781132597222,0.035055169217481044,1.0318783008588845,0.42135814666760874,0.3021291323316643,0.6734935763592489,0.367,0.344,0.66,True,999,0.0001194169744849205,0.0031498330645263195,weak_5x5_mild_strong_300_800,weak_null,True,709,1739603722,-5.551115123125783e-17,2,3
300,800,0.132315008108693,0.11793876449245466,0.09631069570298223,0.10608731560546403,0.014376243616238349,-0.009776619902481798,0.03596318561788172,0.3997488923531332,-0.2718507755781412,0.6893414769629215,0.7857367615937731,0.731,0.716,0.782,True,999,0.00012633297592401505,0.0029604160226881504,weak_5x5_mild_strong_300_800,weak_null,True,710,1739603722,-5.551115123125783e-17,0,4
300,800,0.11748674583856211,0.09423581246598356,0.08785859222672343,0.08365657245047942,0.023250933372578553,0.004202019776244015,0.032750111462259916,0.7099497477855035,0.12830551068768958,0.4777352991677708,0.8979072042549555,0.589,0.538,0.9,True,999,0.00011337501928210258,0.003010291955433786,weak_5x5_mild_strong_300_800,weak_null,True,711,1739603722,-5.551115123125783e-17,2,4
300,800,0.08814499350729288,0.13176290722784134,0.05661916047137083,0.12288956824204433,-0.04361791372054846,-0.0662704077706735,0.03213791793790176,-1.3572103147698875,-2.062062884681079,0.17471439423639745,0.03920174936985895,0.292,0.222,0.044,True,999,0.00012025004252791405,0.003176957950927317,weak_5x5_mild_strong_300_800,weak_null,True,712,1739603722,-5.551115123125783e-17,2,6
300,800,0.07610476848204162,0.11896307235164605,0.039938042056974155,0.10635808716926931,-0.04285830386960443,-0.06642004511229516,0.030734874760900876,-1.3944518792744938,-2.161064446463627,0.16318119114384078,0.03069036148892048,0.26,0.191,0.032,True,999,0.00012149999383836985,0.002982459031045437,weak_5x5_mild_strong_300_800,weak_null,True,713,1739603722,-5.551115123125783e-17,1,3
300,800,0.07497205770751636,0.10124931376303681,0.04144086555811555,0.08974552613381093,-0.026277256055520448,-0.04830466057569538,0.029318851374918818,-0.8962580327413392,-1.6475631994580187,0.370114967617716,0.09944233732450904,0.496,0.408,0.088,True,999,0.00011345907114446163,0.00314775004517287,weak_5x5_mild_strong_300_800,weak_null,True,714,1739603722,-5.551115123125783e-17,0,4
300,800,0.11171358948939503,0.08915661403173325,0.07545882192908948,0.07684669832190139,0.022556975457661776,-0.0013878763928119042,0.0322410591297498,0.6996350636895726,-0.04304686106081636,0.48415523915014347,0.9656641787265648,0.555,0.51,0.963,True,999,0.00012387509923428297,0.002965542022138834,weak_5x5_mild_strong_300_800,weak_null,True,715,1739603722,-5.551115123125783e-17,0,3
300,800,0.13052227181681264,0.08820246013010563,0.09624800516940013,0.0776445181222698,0.04231981168670701,0.01860348704713033,0.033438220793129046,1.2656119459383128,0.556353974759118,0.20565204709193285,0.5779688958833724,0.244,0.209,0.553,True,999,0.00011537503451108932,0.0030171250691637397,weak_5x5_mild_strong_300_800,weak_null,True,716,1739603722,-5.551115123125783e-17,1,4
300,800,0.10265869863794219,0.06363700568516417,0.07363052790725533,0.05408380093666665,0.03902169295277802,0.01954672697058868,0.02968348127429572,1.3145928738004422,0.658505206648894,0.18864676637971078,0.5102135524824553,0.279,0.222,0.475,True,999,0.00011999998241662979,0.0031504170037806034,weak_5x5_mild_strong_300_800,weak_null,True,717,1739603722,-5.551115123125783e-17,2,6
300,800,0.110931612420067,0.08858294664491839,0.08439888487401959,0.07781917613272071,0.022348665775148602,0.006579708741298873,0.031430176906330334,0.7110575878001937,0.20934367505814636,0.477048550519368,0.8341799592564904,0.534,0.477,0.816,True,999,0.00014245894271880388,0.0030287090921774507,weak_5x5_mild_strong_300_800,weak_null,True,718,1739603722,-5.551115123125783e-17,3,5
300,800,0.11699173268476626,0.0942494368007975,0.08758216513683692,0.08651546342048277,0.022742295883968755,0.001066701716354146,0.03199862369906797,0.7107273143323091,0.03333586239164455,0.47725323007409204,0.9734067555900632,0.534,0.495,0.968,True,999,0.00012137496378272772,0.0030953329987823963,weak_5x5_mild_strong_300_800,weak_null,True,719,1739603722,-5.551115123125783e-17,2,7
300,800,0.14180763367103077,0.10494929199033548,0.10902720530702936,0.09149153844651892,0.036858341680695295,0.017535666860510446,0.03501111386128672,1.0527611839693891,0.500860010623666,0.29245045910637646,0.6164696478624281,0.383,0.358,0.628,True,999,0.00012570794206112623,0.0031312500359490514,weak_5x5_mild_strong_300_800,weak_null,True,720,1739603722,-5.551115123125783e-17,1,2
300,800,0.09086230326645173,0.12317687673530875,0.04998133796834736,0.11408959751025805,-0.03231457346885702,-0.06410825954191068,0.03251592304271146,-0.9938076623692965,-1.9715958688209756,0.32031651502788205,0.04865575918075768,0.409,0.358,0.042,True,999,0.00011562497820705175,0.0030051249777898192,weak_5x5_mild_strong_300_800,weak_null,True,721,1739603722,-5.551115123125783e-17,0,5
300,800,0.11284278391913172,0.10578887892378552,0.08019613733387132,0.09447028148622394,0.007053904995346194,-0.014274144152352619,0.03348825360489599,0.21063818611057436,-0.4262433126780232,0.8331696125524157,0.6699305596688755,0.855,0.849,0.669,True,999,0.00011979206465184689,0.0030932080699130893,weak_5x5_mild_strong_300_800,weak_null,True,722,1739603722,-5.551115123125783e-17,1,4
300,800,0.08029327656125718,0.09706864408902405,0.051420054736468046,0.08761288575908566,-0.01677536752776687,-0.03619283102261761,0.02844531038559849,-0.5897410610172155,-1.2723654807064997,0.5553642622961945,0.20324329293345345,0.645,0.592,0.177,True,999,0.00011683395132422447,0.00296212499961257,weak_5x5_mild_strong_300_800,weak_null,True,723,1739603722,-5.551115123125783e-17,1,6
300,800,0.13293048460601553,0.13194575095743882,0.09858373572365053,0.12154869060344708,0.0009847336485767078,-0.02296495487979655,0.03619002399967618,0.02721008553587914,-0.634565892523366,0.9782921715911861,0.525711578958161,0.982,0.981,0.519,True,999,0.00011633289977908134,0.0030848330352455378,weak_5x5_mild_strong_300_800,weak_null,True,724,1739603722,-5.551115123125783e-17,2,4
300,800,0.1412091086151428,0.1188434891332189,0.10489902765880288,0.10740711209143683,0.022365619481923893,-0.00250808443263395,0.036319176167568766,0.615807456059405,-0.0690567545106804,0.5380216058343315,0.9449444437108293,0.622,0.611,0.945,True,999,0.00012170791160315275,0.0031352080404758453,weak_5x5_mild_strong_300_800,weak_null,True,725,1739603722,-5.551115123125783e-17,1,4
300,800,0.16919816160549495,0.12876723547855606,0.14310754228523592,0.11868738400329448,0.04043092612693888,0.02442015828194144,0.03729203649856548,1.0841705072474157,0.6548357390694073,0.27828920566290327,0.512573517630414,0.324,0.303,0.483,True,999,0.00012037507258355618,0.0030390829779207706,weak_5x5_mild_strong_300_800,weak_null,True,726,1739603722,-5.551115123125783e-17,3,5
300,800,0.0846646630252853,0.12279976907689372,0.05402294502292193,0.11215391005089259,-0.038135106051608414,-0.05813096502797066,0.03226769264123308,-1.1818355429256102,-1.8015222121487655,0.23727096178080798,0.0716206095256972,0.338,0.271,0.073,True,999,0.00012583297211676836,0.003054250031709671,weak_5x5_mild_strong_300_800,weak_null,True,727,1739603722,-5.551115123125783e-17,3,5
300,800,0.10641760590130012,0.11018031559637836,0.07516904536117863,0.10120700572798569,-0.003762709695078248,-0.026037960366807056,0.03255950213401956,-0.11556410413127317,-0.799703885508786,0.9079980129951443,0.42388238122040345,0.924,0.912,0.422,True,999,0.00012258300557732582,0.002918582991696894,weak_5x5_mild_strong_300_800,weak_null,True,728,1739603722,-5.551115123125783e-17,2,5
300,800,0.08204448262266184,0.09507108858555369,0.04922330724485846,0.08628028918280961,-0.013026605962891846,-0.03705698193795115,0.029335065950936802,-0.44406261041577266,-1.2632315877499418,0.6569973178122503,0.2065059639568162,0.713,0.676,0.19,True,999,0.00011512497439980507,0.0030428330646827817,weak_5x5_mild_strong_300_800,weak_null,True,729,1739603722,-5.551115123125783e-17,1,7
300,800,0.11696890875390764,0.12926306893953637,0.08543407787271917,0.12074080217121264,-0.012294160185628733,-0.035306724298493464,0.03464276918500974,-0.3548838754769216,-1.019165763277695,0.7226765887730647,0.30812427744495885,0.761,0.736,0.316,True,999,0.0001438749022781849,0.0030678330222144723,weak_5x5_mild_strong_300_800,weak_null,True,730,1739603722,-5.551115123125783e-17,2,6
300,800,0.10325777306314265,0.13001199083676457,0.0684860950956363,0.1197917094681884,-0.026754217773621913,-0.0513056143725521,0.03350954084726577,-0.7984059792274039,-1.5310748245223542,0.4246349345935235,0.1257509010513175,0.518,0.467,0.137,True,999,0.0001302079763263464,0.0031079170294106007,weak_5x5_mild_strong_300_800,weak_null,True,731,1739603722,-5.551115123125783e-17,1,5
300,800,0.17374420079269082,0.14154598280366648,0.14014932365608956,0.1308215961500423,0.032198217989024336,0.009327727506047268,0.03995495836125022,0.8058628843485754,0.23345606874899508,0.42032191412733055,0.815407279144067,0.482,0.457,0.836,True,999,0.00012141698971390724,0.0031022499315440655,weak_5x5_mild_strong_300_800,weak_null,True,732,1739603722,-5.551115123125783e-17,0,4
300,800,0.09771694699764599,0.09732088937667804,0.06537693092286645,0.08950644710859024,0.00039605762096794894,-0.024129516185723787,0.03168236875603834,0.012500884135832311,-0.7616070746327939,0.9900259973287079,0.44629455116579764,0.995,0.993,0.467,True,999,0.00011862500105053186,0.003038249909877777,weak_5x5_mild_strong_300_800,weak_null,True,733,1739603722,-5.551115123125783e-17,1,8
300,800,0.13020743914139765,0.1310047342735079,0.1038933796436936,0.1226958738684516,-0.0007972951321102428,-0.018802494224757993,0.03473503200851844,-0.022953631708608004,-0.5413121318024655,0.9816872597292944,0.5882924598653265,0.982,0.98,0.573,True,999,0.00011558306869119406,0.0030355830676853657,weak_5x5_mild_strong_300_800,weak_null,True,734,1739603722,-5.551115123125783e-17,3,6
300,800,0.14067900003181277,0.08639887091718562,0.10603191838384873,0.07697284345272237,0.05428012911462715,0.02905907493112636,0.035773152595399337,1.5173426208348195,0.8123151811580495,0.1291802026927711,0.4166108016948846,0.173,0.157,0.418,True,999,0.00012029206845909357,0.0031127919210121036,weak_5x5_mild_strong_300_800,weak_null,True,735,1739603722,-5.551115123125783e-17,0,6
300,800,0.10492828432352563,0.11291680861948333,0.07614198736303024,0.10200207787983118,-0.0079885242959577,-0.025860090516800938,0.03203990172314286,-0.24933048687185824,-0.807121405685269,0.8031051506895373,0.41959654069393093,0.842,0.822,0.395,True,999,0.00011758401524275541,0.003021292039193213,weak_5x5_mild_strong_300_800,weak_null,True,736,1739603722,-5.551115123125783e-17,2,4
300,800,0.12455825153073308,0.108375931393138,0.09166519100921278,0.09738145445237478,0.016182320137595074,-0.005716263443162006,0.03362359465956063,0.48127870626092467,-0.1700075051772202,0.6303184289199436,0.8650042342969063,0.709,0.683,0.862,True,999,0.0001176249934360385,0.00302395795006305,weak_5x5_mild_strong_300_800,weak_null,True,737,1739603722,-5.551115123125783e-17,1,4
300,800,0.18825663488195277,0.10215744407908778,0.1601499304730396,0.0922434559637395,0.08609919080286499,0.0679064745093001,0.03801809621199541,2.264689697315751,1.7861618880293737,0.023531728157293194,0.07407304997147018,0.041,0.032,0.074,True,999,0.0001218749675899744,0.003006290993653238,weak_5x5_mild_strong_300_800,weak_null,True,738,1739603722,-5.551115123125783e-17,2,6
300,800,0.10744624534615588,0.10903965730249426,0.07669519675778247,0.0986563292595406,-0.0015934119563383864,-0.02196113250175813,0.031923582593715395,-0.04991331883446164,-0.6879281934378344,0.9601914636386075,0.491498001266262,0.969,0.966,0.495,True,999,0.00011929194442927837,0.0029724170453846455,weak_5x5_mild_strong_300_800,weak_null,True,739,1739603722,-5.551115123125783e-17,3,6
300,800,0.14584140096826836,0.10266539613745757,0.11719325226147248,0.08831760016300905,0.0431760048308108,0.028875652098463434,0.03505545137866616,1.2316488058997463,0.8237136012470918,0.21808030106683451,0.41010230933349523,0.309,0.262,0.408,True,999,0.00011208304204046726,0.0031378749990835786,weak_5x5_mild_strong_300_800,weak_null,True,740,1739603722,-5.551115123125783e-17,4,3
300,800,0.1377272769669896,0.09097533167428201,0.10812374823689197,0.08093306101358166,0.0467519452927076,0.027190687223310306,0.03363021368505109,1.390176872812712,0.8085196091215082,0.16447517447594362,0.4187915223499963,0.229,0.197,0.435,True,999,0.0001193750649690628,0.0029321660986170173,weak_5x5_mild_strong_300_800,weak_null,True,741,1739603722,-5.551115123125783e-17,4,6
300,800,0.16760162884816965,0.10145391218693561,0.1355773313441091,0.0931045359051268,0.06614771666123404,0.0424727954389823,0.03776633982550705,1.7514992706960302,1.1246203798202483,0.07985994680272307,0.2607499339259417,0.125,0.101,0.27,True,999,0.00011833291500806808,0.0030927080661058426,weak_5x5_mild_strong_300_800,weak_null,True,742,1739603722,-5.551115123125783e-17,1,6
300,800,0.07062243703230897,0.09073782802772307,0.03530877243093755,0.0800073672278927,-0.020115390995414095,-0.04469859479695515,0.0288448427841506,-0.6973652498625132,-1.5496217168330597,0.48557424300749663,0.12123233739509795,0.582,0.535,0.128,True,999,0.0001206250162795186,0.0029907500138506293,weak_5x5_mild_strong_300_800,weak_null,True,743,1739603722,-5.551115123125783e-17,2,5
300,800,0.13695877698784742,0.10694436137303931,0.09921260624452088,0.09806224602192515,0.03001441561480811,0.0011503602225957366,0.03595462436478645,0.8347859599446654,0.031994777943567844,0.40383823235475,0.9744762153644224,0.467,0.441,0.968,True,999,0.00011395895853638649,0.0030212089186534286,weak_5x5_mild_strong_300_800,weak_null,True,744,1739603722,-5.551115123125783e-17,1,6
300,800,0.12446339172380427,0.10849536495475237,0.093611377991067,0.0992456877230552,0.015968026769051902,-0.005634309731988196,0.03397362824083233,0.47001240656010357,-0.165843627064136,0.6383461537160189,0.8682800120611827,0.72,0.704,0.874,True,999,0.00012366706505417824,0.003121333080343902,weak_5x5_mild_strong_300_800,weak_null,True,745,1739603722,-5.551115123125783e-17,1,5
300,800,0.09689660720141591,0.08454680249993957,0.06572471470946084,0.07692475960527645,0.012349804701476341,-0.011200044895815608,0.030731211823345973,0.4018652037696218,-0.364451781472123,0.6877832322227153,0.7155206742180602,0.735,0.703,0.713,True,999,0.00011483300477266312,0.003020999953150749,weak_5x5_mild_strong_300_800,weak_null,True,746,1739603722,-5.551115123125783e-17,1,7
300,800,0.1306604069008881,0.11253439750870209,0.09682198181747026,0.09886081402191849,0.018126009392186004,-0.0020388322044482265,0.0340268543681637,0.5326971807639412,-0.05991832751827345,0.5942432180234749,0.9522206828714277,0.686,0.651,0.947,True,999,0.0001325838966295123,0.003024499979801476,weak_5x5_mild_strong_300_800,weak_null,True,747,1739603722,-5.551115123125783e-17,0,3
300,800,0.19029346687000248,0.13379508566620452,0.1606484109283315,0.12358739842272826,0.056498381203797965,0.03706101250560323,0.03761402196779359,1.502056367494383,0.9852977843564863,0.13308255204721808,0.3244778207327442,0.201,0.159,0.336,True,999,0.00011479202657938004,0.0032042079837992787,weak_5x5_mild_strong_300_800,weak_null,True,748,1739603722,-5.551115123125783e-17,2,5
300,800,0.15103852618318858,0.09730121602801789,0.11345193692977773,0.08347036726576107,0.05373731015517069,0.02998156966401666,0.035803503786286335,1.5008952887944298,0.8373920564584625,0.13338264691551355,0.40237222933896766,0.168,0.148,0.382,True,999,0.0001180840190500021,0.0031641670502722263,weak_5x5_mild_strong_300_800,weak_null,True,749,1739603722,-5.551115123125783e-17,1,3
300,800,0.10195128106326057,0.11087077092733238,0.07065234922868058,0.1034736445437261,-0.008919489864071817,-0.03282129531504552,0.03097646795736965,-0.28794405728719535,-1.0595557685987553,0.7733895615618843,0.28934674521833303,0.815,0.797,0.287,True,999,0.00011791696306318045,0.003140958957374096,weak_5x5_mild_strong_300_800,weak_null,True,750,1739603722,-5.551115123125783e-17,2,8
300,800,0.09261723018528567,0.14246216023996666,0.05933725959482672,0.13412478822272078,-0.04984493005468099,-0.07478752862789406,0.03209883593875246,-1.5528578715374515,-2.3299140433190653,0.12045709333516132,0.019810694639258022,0.219,0.138,0.02,True,999,0.00011858297511935234,0.0030921250581741333,weak_5x5_mild_strong_300_800,weak_null,True,751,1739603722,-5.551115123125783e-17,1,6
300,800,0.1151600722879852,0.13935132282378992,0.07620053932492965,0.13067392961994528,-0.02419125053580473,-0.05447339029501563,0.036062456952468964,-0.6708153736637879,-1.5105290903171862,0.5023381524635,0.1309084722920478,0.591,0.57,0.138,True,999,0.00011708401143550873,0.003011958091519773,weak_5x5_mild_strong_300_800,weak_null,True,752,1739603722,-5.551115123125783e-17,0,6
300,800,0.09785865984817044,0.09400291981983638,0.06916145744793312,0.08555024317757898,0.0038557400283340537,-0.01638878572964586,0.030500054152347043,0.12641748139445014,-0.5373362830040979,0.8994014650139948,0.5910353472057301,0.918,0.911,0.605,True,999,0.00011599995195865631,0.003095166990533471,weak_5x5_mild_strong_300_800,weak_null,True,753,1739603722,-5.551115123125783e-17,4,6
300,800,0.07701177772836265,0.10348586466071302,0.0411831425726632,0.0902659511384627,-0.02647408693235037,-0.049082808565799496,0.029885102060088188,-0.8858623564048905,-1.6423838361706655,0.37569170310651456,0.10051048259058243,0.51,0.441,0.096,True,999,0.00011441693641245365,0.0029727499932050705,weak_5x5_mild_strong_300_800,weak_null,True,754,1739603722,-5.551115123125783e-17,1,2
300,800,0.15557824290875133,0.11500497650545938,0.12465595718543909,0.10189218566659974,0.04057326640329195,0.02276377151883935,0.03521525222281908,1.1521503849119372,0.6464179604565969,0.24925928168678002,0.5180087119137707,0.315,0.278,0.513,True,999,0.00011383404489606619,0.0030221249908208847,weak_5x5_mild_strong_300_800,weak_null,True,755,1739603722,-5.551115123125783e-17,2,3
300,800,0.10923040165657327,0.12917688366908175,0.07605151621118011,0.11840768442010585,-0.019946482012508482,-0.04235616820892574,0.03310541027630097,-0.6025142671857321,-1.2794334175416358,0.5468318691546941,0.20074447231011983,0.604,0.562,0.193,True,999,0.0001240839483216405,0.0030904170125722885,weak_5x5_mild_strong_300_800,weak_null,True,756,1739603722,-5.551115123125783e-17,1,4
300,800,0.14362695633343314,0.13008899698307325,0.11288199019088552,0.12036893439244523,0.013537959350359896,-0.007486944201559709,0.03542642818896681,0.3821429379825582,-0.2113378227583056,0.702355344376246,0.8326236710757163,0.724,0.703,0.812,True,999,0.00011499994434416294,0.0029869580175727606,weak_5x5_mild_strong_300_800,weak_null,True,757,1739603722,-5.551115123125783e-17,2,5
300,800,0.1608889428639616,0.09244479751525986,0.1253528387040319,0.08301812220867077,0.06844414534870175,0.042334716495361135,0.03720627968625409,1.8395858421176285,1.137837936293366,0.06582906451044268,0.2551881608227041,0.091,0.068,0.248,True,999,0.00011925003491342068,0.0030922500882297754,weak_5x5_mild_strong_300_800,weak_null,True,758,1739603722,-5.551115123125783e-17,1,6
300,800,0.12364786841745223,0.1491844039379414,0.08313600635534613,0.13559033506078322,-0.02553653552048918,-0.05245432870543709,0.036075139907118636,-0.7078707272165036,-1.454029806689298,0.4790255396197356,0.1459380425812863,0.579,0.55,0.161,True,999,0.00011962500866502523,0.0030678330222144723,weak_5x5_mild_strong_300_800,weak_null,True,759,1739603722,-5.551115123125783e-17,0,3
300,800,0.12916600148508972,0.11948512964182323,0.09612581065533732,0.11238437500503551,0.009680871843266492,-0.01625856434969819,0.034446267015605485,0.2810426987307706,-0.471997860967995,0.7786776502121898,0.6369283153840293,0.789,0.769,0.633,True,999,0.00012204097583889961,0.0030531669035553932,weak_5x5_mild_strong_300_800,weak_null,True,760,1739603722,-5.551115123125783e-17,1,7
300,800,0.15006659893925756,0.11888341675328307,0.11950543995305907,0.10683290030243597,0.03118318218597449,0.012672539650623094,0.03636135264254966,0.857591368850351,0.3485167280546606,0.3911181426991389,0.7274521531967462,0.462,0.431,0.751,True,999,0.00011849997099488974,0.003185875015333295,weak_5x5_mild_strong_300_800,weak_null,True,761,1739603722,-5.551115123125783e-17,1,3
300,800,0.16414594821624173,0.11492187432114698,0.13687068646726175,0.10185634830452273,0.049224073895094755,0.03501433816273902,0.03639542010259709,1.3524798932484983,0.9620534139744821,0.176221846696635,0.33602277359484267,0.247,0.198,0.336,True,999,0.00011479097884148359,0.002995832939632237,weak_5x5_mild_strong_300_800,weak_null,True,762,1739603722,-5.551115123125783e-17,3,4
300,800,0.15856016412101015,0.10180117978965525,0.12867689716881614,0.09046744172161425,0.0567589843313549,0.03820945544720189,0.036345866647665835,1.5616351889906033,1.051273747785451,0.1183739547837048,0.29313288061712883,0.174,0.142,0.281,True,999,0.00011737504974007607,0.00306937494315207,weak_5x5_mild_strong_300_800,weak_null,True,763,1739603722,-5.551115123125783e-17,2,4
300,800,0.12359566716902404,0.12367329947636263,0.09706001625903582,0.11053674103254707,-7.763230733859317e-05,-0.01347672477351125,0.03427926134724163,-0.002264701871845907,-0.39314513335030454,0.9981930308862526,0.6942122907814625,1.0,1.0,0.694,True,999,0.0001301249722018838,0.003069499973207712,weak_5x5_mild_strong_300_800,weak_null,True,764,1739603722,-5.551115123125783e-17,3,3
300,800,0.11685846806393774,0.08080307587027996,0.08652786473260221,0.06759499527009893,0.036055392193657776,0.018932869462503277,0.031546024817924484,1.14294566119694,0.600166568427525,0.25306115275883867,0.5483952316514411,0.321,0.285,0.557,True,999,0.00011487503070384264,0.0030135829001665115,weak_5x5_mild_strong_300_800,weak_null,True,765,1739603722,-5.551115123125783e-17,2,3
300,800,0.12379415239160818,0.08328072091709537,0.09769244154153967,0.07316804733795834,0.04051343147451281,0.024524394203581323,0.03292099021720174,1.230626150890926,0.7449470396175063,0.21846271988810462,0.456303736659761,0.297,0.247,0.442,True,999,0.00011866702698171139,0.003167708986438811,weak_5x5_mild_strong_300_800,weak_null,True,766,1739603722,-5.551115123125783e-17,3,6
300,800,0.17642722592996474,0.11761394444646428,0.14302970724509123,0.10572691860011219,0.05881328148350046,0.037302788644979046,0.037928618855824034,1.5506307178509224,0.9834997890847562,0.12099020634929909,0.32536151905751776,0.141,0.127,0.289,True,999,0.0001335830893367529,0.003133125021122396,weak_5x5_mild_strong_300_800,weak_null,True,767,1739603722,-5.551115123125783e-17,2,4
300,800,0.18109621541009346,0.12688543102493388,0.15405939614009867,0.11259096676792524,0.05421078438515958,0.04146842937217343,0.03807158417212571,1.4239172223584609,1.0892225861863332,0.15447043570676572,0.2760557411411855,0.226,0.202,0.276,True,999,0.0001180840190500021,0.003170624957419932,weak_5x5_mild_strong_300_800,weak_null,True,768,1739603722,-5.551115123125783e-17,3,2
300,800,0.09846092348907287,0.11701215076008131,0.0675836477798839,0.10725065758276742,-0.01855122727100844,-0.03966700980288351,0.031722776953349116,-0.5847920343887141,-1.2504267788793215,0.5586875610703317,0.21114368737178357,0.619,0.585,0.216,True,999,0.00011866702698171139,0.003196959034539759,weak_5x5_mild_strong_300_800,weak_null,True,769,1739603722,-5.551115123125783e-17,2,5
300,800,0.06781667318460483,0.10633355069038186,0.031886652713637886,0.0978913140446025,-0.038516877505777036,-0.06600466133096461,0.028972700604170884,-1.3294196503115137,-2.2781673766877857,0.18370955838923775,0.02271660717666673,0.294,0.201,0.018,True,999,0.00011733395513147116,0.003045750083401799,weak_5x5_mild_strong_300_800,weak_null,True,770,1739603722,-5.551115123125783e-17,1,6
300,800,0.0847546483767132,0.1295216602048027,0.05734591487725993,0.12258634874632435,-0.04476701182808951,-0.06524043386906442,0.029007333870349723,-1.5432997747458885,-2.2491013534942934,0.12275805826319104,0.024506048467378753,0.244,0.155,0.026,True,999,0.00012079102452844381,0.003086207900196314,weak_5x5_mild_strong_300_800,weak_null,True,771,1739603722,-5.551115123125783e-17,3,8
300,800,0.1295746405716638,0.13081647858745665,0.09873002479355364,0.11979193343194083,-0.0012418380157928621,-0.021061908638387195,0.034366743791437206,-0.03613487571965656,-0.6128572659140016,0.9711748136746773,0.5399707218042769,0.979,0.976,0.531,True,999,0.00012383295688778162,0.0030204160138964653,weak_5x5_mild_strong_300_800,weak_null,True,772,1739603722,-5.551115123125783e-17,2,3
300,800,0.10969894350711495,0.1301433824175558,0.07963795280073782,0.12127862554115154,-0.020444438910440843,-0.04164067274041372,0.03355648528488947,-0.609254477543481,-1.2409128186963183,0.5423557757964121,0.21463795678851716,0.617,0.577,0.214,True,999,0.00011808308772742748,0.002961666090413928,weak_5x5_mild_strong_300_800,weak_null,True,773,1739603722,-5.551115123125783e-17,1,6
300,800,0.13654741713954022,0.1266027286201581,0.10061270430014702,0.11433945280242597,0.009944688519382128,-0.013726748502278951,0.035560200438585106,0.27965783085383006,-0.38601437373745917,0.7797400339340927,0.6994860235886952,0.805,0.79,0.723,True,999,0.00011579098645597696,0.003150333999656141,weak_5x5_mild_strong_300_800,weak_null,True,774,1739603722,-5.551115123125783e-17,1,3
300,800,0.14434401786187168,0.12133297027176015,0.11316214885852105,0.11186650769133166,0.023011047590111522,0.0012956411671893875,0.034927662452297496,0.6588201435334784,0.037094986501284226,0.5100112705079145,0.9704092694714078,0.546,0.515,0.976,True,999,0.00011399993672966957,0.002955292002297938,weak_5x5_mild_strong_300_800,weak_null,True,775,1739603722,-5.551115123125783e-17,4,6
300,800,0.12557628384666097,0.11064083388881069,0.09243349981181836,0.09782107592747025,0.014935449957850289,-0.005387576115651882,0.033590300093729576,0.4446358001022546,-0.16039083010924338,0.6565829714569066,0.8725732126212401,0.711,0.69,0.864,True,999,0.0001152500044554472,0.0030164580093696713,weak_5x5_mild_strong_300_800,weak_null,True,776,1739603722,-5.551115123125783e-17,1,2
300,800,0.1428868925747553,0.12983284445643362,0.10817175793260958,0.11767824381900027,0.01305404811832167,-0.009506485886390692,0.0364451902085662,0.358183015196705,-0.2608433604540841,0.7202063570872134,0.7942133047888063,0.746,0.736,0.787,True,999,0.00012087495997548103,0.0031225839629769325,weak_5x5_mild_strong_300_800,weak_null,True,777,1739603722,-5.551115123125783e-17,1,3
300,800,0.12447615500039633,0.08409078684304738,0.08999390142173525,0.0714005761557246,0.040385368157348944,0.018593325266010652,0.03294588669897923,1.2258091131783142,0.5643595340412172,0.2202705169657705,0.572509472482297,0.324,0.284,0.58,True,999,0.0001230830093845725,0.0030927499756217003,weak_5x5_mild_strong_300_800,weak_null,True,778,1739603722,-5.551115123125783e-17,1,3
300,800,0.16685864276422868,0.10212836673418774,0.13386088813678043,0.09282312239162138,0.06473027603004095,0.04103776574515905,0.03655204511491915,1.7709070949800432,1.122721467872368,0.07657615232732987,0.2615558074856411,0.135,0.107,0.271,True,999,0.0001240420388057828,0.003192625008523464,weak_5x5_mild_strong_300_800,weak_null,True,779,1739603722,-5.551115123125783e-17,1,4
300,800,0.08027501520693936,0.1246946780742309,0.04272116843588947,0.11644576449600663,-0.04441966286729154,-0.07372459606011716,0.03092612720185496,-1.4363150800410351,-2.3838935790089857,0.1509127048971508,0.01713055545420096,0.234,0.168,0.017,True,999,0.00011825002729892731,0.0029685829067602754,weak_5x5_mild_strong_300_800,weak_null,True,780,1739603722,-5.551115123125783e-17,0,7
300,800,0.10844394984679673,0.09270355904155558,0.06992829750066676,0.08395765270483935,0.015740390805241145,-0.014029355204172589,0.0333144287396237,0.4724796852518065,-0.4211194889104094,0.6365844386019419,0.6736678310766755,0.658,0.658,0.677,True,999,0.00011087500024586916,0.0030322499806061387,weak_5x5_mild_strong_300_800,weak_null,True,781,1739603722,-5.551115123125783e-17,1,6
300,800,0.0947736899837277,0.12620781720936586,0.06398112954849466,0.11229665117087961,-0.03143412722563815,-0.04831552162238495,0.03235999240757378,-0.9713885846982174,-1.493063441234826,0.33135481086690055,0.13542058112115465,0.43,0.375,0.135,True,999,0.00011754198931157589,0.0030931669753044844,weak_5x5_mild_strong_300_800,weak_null,True,782,1739603722,-5.551115123125783e-17,1,2
300,800,0.10426649549483002,0.09353003459290454,0.07398149872403792,0.08114047710711247,0.010736460901925482,-0.007158978383074555,0.030969063682703676,0.3466834196838127,-0.23116547714914829,0.7288291677742775,0.8171862489173085,0.776,0.751,0.826,True,999,0.00012070906814187765,0.003017209004610777,weak_5x5_mild_strong_300_800,weak_null,True,783,1739603722,-5.551115123125783e-17,1,3
300,800,0.15001612609292625,0.08679910848528466,0.11905639211994412,0.07548909498376588,0.06321701760764159,0.04356729713617824,0.03521625438025854,1.795109068813396,1.2371360300203054,0.07263632415687313,0.21603658554264626,0.113,0.095,0.223,True,999,0.00011974992230534554,0.003154417034238577,weak_5x5_mild_strong_300_800,weak_null,True,784,1739603722,-5.551115123125783e-17,2,4
300,800,0.07227281179806144,0.10628421514281755,0.04055031922013086,0.09936622395287031,-0.03401140334475611,-0.058815904732739455,0.02855835760215995,-1.1909439547806393,-2.0594988532635727,0.23367558747503692,0.03944647475699502,0.369,0.285,0.039,True,999,0.0001200410770252347,0.003123332979157567,weak_5x5_mild_strong_300_800,weak_null,True,785,1739603722,-5.551115123125783e-17,2,8
300,800,0.10101916014926593,0.13447522125599465,0.06751921798309013,0.12290605047775216,-0.03345606110672872,-0.05538683249466203,0.03447552672156678,-0.9704292954514799,-1.6065550772285608,0.3318325520856257,0.10815200372434383,0.462,0.413,0.134,True,999,0.00012012501247227192,0.003086125012487173,weak_5x5_mild_strong_300_800,weak_null,True,786,1739603722,-5.551115123125783e-17,1,3
300,800,0.14664772954306016,0.11669398529852593,0.11384876074066597,0.10414655610401269,0.02995374424453423,0.009702204636653278,0.03640344721160927,0.8228271369581123,0.2665188431264605,0.41060630235816153,0.7898396493295696,0.466,0.43,0.771,True,999,0.00011962500866502523,0.003194040968082845,weak_5x5_mild_strong_300_800,weak_null,True,787,1739603722,-5.551115123125783e-17,1,3
300,800,0.13339702163993206,0.10235491849632794,0.10294878751477654,0.09229082681724776,0.031042103143604116,0.010657960697528779,0.03435967735895222,0.9034457110673733,0.31018803192434247,0.3662893888850448,0.7564179711378021,0.401,0.376,0.722,True,999,0.00011487491428852081,0.002941666985861957,weak_5x5_mild_strong_300_800,weak_null,True,788,1739603722,-5.551115123125783e-17,3,5
300,800,0.09900341620938158,0.12833736814585978,0.06497620357492906,0.11733437227826471,-0.029333951936478198,-0.05235816870333565,0.0328256928654807,-0.8936278072389329,-1.5950362089202141,0.371521063181772,0.11070413895386236,0.45,0.397,0.099,True,999,0.00011970801278948784,0.0030595839489251375,weak_5x5_mild_strong_300_800,weak_null,True,789,1739603722,-5.551115123125783e-17,1,4
300,800,0.14026114420283053,0.10062637946632697,0.09821054571222021,0.09426131344054056,0.03963476473650357,0.003949232271679648,0.03551910043536634,1.1158718619190948,0.11118615683598228,0.26447698780954676,0.9114687288100682,0.333,0.314,0.906,True,999,0.00011620798613876104,0.003062582924030721,weak_5x5_mild_strong_300_800,weak_null,True,790,1739603722,-5.551115123125783e-17,0,8
300,800,0.11690969811174223,0.11349339361075145,0.07967063430180588,0.1036076067268823,0.0034163045009907855,-0.02393697242507642,0.033624832683658956,0.1016006394182311,-0.7118837631185997,0.9190736718948457,0.47653675745449164,0.925,0.919,0.474,True,999,0.00012374995276331902,0.003068207995966077,weak_5x5_mild_strong_300_800,weak_null,True,791,1739603722,-5.551115123125783e-17,1,6
300,800,0.1921206013769996,0.11486712952441186,0.16849908554564763,0.10703947821480142,0.07725347185258774,0.06145960733084621,0.03987898623775052,1.937197485212338,1.5411527004331644,0.05272120755742863,0.1232796261478058,0.077,0.065,0.132,True,999,0.0001265000319108367,0.003155709011480212,weak_5x5_mild_strong_300_800,weak_null,True,792,1739603722,-5.551115123125783e-17,5,7
300,800,0.11757025669761134,0.10131342651771197,0.08746331842223753,0.09051787328019145,0.016256830179899373,-0.0030545548579539172,0.03307967138876926,0.49144473017403256,-0.0923393349968693,0.6231119341513183,0.9264284370450201,0.701,0.669,0.923,True,999,0.0001229170011356473,0.002982833073474467,weak_5x5_mild_strong_300_800,weak_null,True,793,1739603722,-5.551115123125783e-17,1,3
300,800,0.13320237055460593,0.1193236742876903,0.09614816416603844,0.10904461160816936,0.013878696266915624,-0.01289644744213092,0.03565387208857309,0.3892619638180529,-0.36171239438153974,0.697082370244687,0.7175669639785534,0.731,0.723,0.704,True,999,0.00012045796029269695,0.0030922499718144536,weak_5x5_mild_strong_300_800,weak_null,True,794,1739603722,-5.551115123125783e-17,1,4
300,800,0.1300679564232442,0.10121100613230427,0.09455358002912817,0.08867318080575615,0.02885695029093993,0.005880399223372024,0.03379121819091112,0.8539778035792043,0.17402152210522215,0.393117288055587,0.8618485481011848,0.497,0.475,0.868,True,999,0.00011454196646809578,0.003057583002373576,weak_5x5_mild_strong_300_800,weak_null,True,795,1739603722,-5.551115123125783e-17,0,3
300,800,0.11481330789967104,0.11231227497192925,0.08514601227022922,0.10116374295120067,0.0025010329277417864,-0.016017730680971454,0.032735131067957716,0.07640210520464005,-0.4893131677926949,0.9390991947922269,0.6246200000529223,0.945,0.94,0.627,True,999,0.00011391600128263235,0.002988707972690463,weak_5x5_mild_strong_300_800,weak_null,True,796,1739603722,-5.551115123125783e-17,2,5
300,800,0.15727621900666122,0.12437373055145429,0.1251773566222596,0.11663006485662208,0.032902488455206935,0.00854729176563751,0.036692201188178855,0.8967161246735763,0.23294573475715039,0.3698704141433965,0.8158035439557556,0.415,0.392,0.805,True,999,0.00012149999383836985,0.003083999967202544,weak_5x5_mild_strong_300_800,weak_null,True,797,1739603722,-5.551115123125783e-17,2,7
300,800,0.08783998470889864,0.12380294694905586,0.0556207726027651,0.11382568429900175,-0.035962962240157215,-0.05820491169623665,0.03073774851566033,-1.1699933787224115,-1.8935971080179244,0.2420036334337995,0.05827850767737885,0.351,0.272,0.064,True,999,0.00011504197027534246,0.0030224999645724893,weak_5x5_mild_strong_300_800,weak_null,True,798,1739603722,-5.551115123125783e-17,2,6
300,800,0.11126540833694254,0.1478430335404513,0.08597067538204328,0.13701416312204628,-0.03657762520350877,-0.051043487740003,0.033545178610900034,-1.0903988805003226,-1.5216341022377844,0.2755374747881967,0.12810078772268182,0.366,0.301,0.12,True,999,0.0001301249722018838,0.0030917080584913492,weak_5x5_mild_strong_300_800,weak_null,True,799,1739603722,-5.551115123125783e-17,5,4
300,800,0.17622732118193452,0.13483101515247864,0.14634070741925598,0.12333656350165256,0.041396306029455876,0.023004143917603415,0.03836837037273212,1.0789174944702804,0.5995600984385865,0.280624509262555,0.5487994462303732,0.316,0.304,0.547,True,999,0.00014037499204277992,0.0031400000443682075,weak_5x5_mild_strong_300_800,weak_null,True,800,1739603722,-5.551115123125783e-17,2,4
300,800,0.10127851433122759,0.09462236848822186,0.0648621458626053,0.08107937586947855,0.006656145843005723,-0.01621723000687325,0.03252221941916078,0.20466456354710497,-0.4986507777300928,0.8378342084947233,0.6180254264443157,0.863,0.853,0.616,True,999,0.00011608295608311892,0.0030171250691637397,weak_5x5_mild_strong_300_800,weak_null,True,801,1739603722,-5.551115123125783e-17,0,4
300,800,0.0935267331553783,0.10737195495700835,0.06433103323780642,0.09788782377279404,-0.013845221801630059,-0.03355679053498761,0.031019716971078037,-0.4463361743287012,-1.0817890623010866,0.6553544295453586,0.2793462678141774,0.713,0.686,0.263,True,999,0.00012383400462567806,0.0031306250020861626,weak_5x5_mild_strong_300_800,weak_null,True,802,1739603722,-5.551115123125783e-17,3,5
300,800,0.15948194470572963,0.09295152002425633,0.12990481535968001,0.08278483870958553,0.0665304246814733,0.047119976650094486,0.03629396906866827,1.8330986218563639,1.2982866812098557,0.0667879060415317,0.19418884138646098,0.11,0.083,0.203,True,999,0.00012079195585101843,0.0030635829316452146,weak_5x5_mild_strong_300_800,weak_null,True,803,1739603722,-5.551115123125783e-17,2,5
300,800,0.16461789725002318,0.09857731734952674,0.13472684531939194,0.08586607236418331,0.06604057990049644,0.04886077295520863,0.036603443983075794,1.804217655885916,1.3348681882994458,0.07119719255032313,0.18191949110480143,0.12,0.102,0.185,True,999,0.00012495799455791712,0.002976332907564938,weak_5x5_mild_strong_300_800,weak_null,True,804,1739603722,-5.551115123125783e-17,3,3
300,800,0.14876761430288465,0.11374986673592574,0.11345899092742684,0.10614406876868543,0.03501774756695891,0.00731492215874141,0.03612232126857716,0.969421297889316,0.20250421074419345,0.33233503022458444,0.8395225669060946,0.379,0.364,0.826,True,999,0.00011479097884148359,0.003128957934677601,weak_5x5_mild_strong_300_800,weak_null,True,805,1739603722,-5.551115123125783e-17,0,7
300,800,0.14588795133322474,0.0870323052231855,0.11718341531599208,0.07764419566768765,0.05885564611003924,0.039539219648304424,0.03411176469682129,1.7253767617458886,1.1591080086216967,0.0844595964013924,0.24641216185246007,0.12,0.09,0.246,True,999,0.00012658396735787392,0.0029277499997988343,weak_5x5_mild_strong_300_800,weak_null,True,806,1739603722,-5.551115123125783e-17,3,6
300,800,0.1652386702724511,0.08664390129225469,0.137203236776827,0.0777552691904475,0.0785947689801964,0.05944796758637949,0.0326412148386361,2.4078383530985166,1.8212547504823047,0.016047284507928757,0.06856814133843211,0.044,0.02,0.058,True,999,0.00014220806770026684,0.0029672919772565365,weak_5x5_mild_strong_300_800,weak_null,True,807,1739603722,-5.551115123125783e-17,3,6
300,800,0.1044417006412992,0.12253821441618173,0.07257802146898484,0.11190172544905863,-0.018096513774882528,-0.03932370398007379,0.03311433398433342,-0.5464858143740439,-1.1875130569945345,0.5847320361934595,0.23502530941802136,0.645,0.612,0.247,True,999,0.00011691695544868708,0.003045750083401799,weak_5x5_mild_strong_300_800,weak_null,True,808,1739603722,-5.551115123125783e-17,1,3
300,800,0.12068294325221429,0.10361573690103792,0.0909907085725763,0.09641433708844716,0.017067206351176367,-0.00542362851587086,0.03249621314324669,0.5252060071105007,-0.16690032441512312,0.5994399894345623,0.8674484778834192,0.644,0.618,0.878,True,999,0.00011158303823322058,0.002979665994644165,weak_5x5_mild_strong_300_800,weak_null,True,809,1739603722,-5.551115123125783e-17,2,7
300,800,0.09245395960408664,0.1273595309802834,0.06663021497143973,0.12099399137991895,-0.034905571376196765,-0.054363776408479225,0.03254464122738634,-1.0725443593713273,-1.6704371090971522,0.2834756007943573,0.09483291271946068,0.355,0.283,0.093,True,999,0.0001218749675899744,0.0030438340036198497,weak_5x5_mild_strong_300_800,weak_null,True,810,1739603722,-5.551115123125783e-17,4,8
300,800,0.15494343987772585,0.10722353495490478,0.12386918599884211,0.09713897174094654,0.04771990492282108,0.026730214257895568,0.036752520632035345,1.2984117579469097,0.7273028842162235,0.19414588090122542,0.46704043167320997,0.226,0.212,0.455,True,999,0.00012262503150850534,0.0029328749515116215,weak_5x5_mild_strong_300_800,weak_null,True,811,1739603722,-5.551115123125783e-17,2,5
300,800,0.1098782964907341,0.12698069856400368,0.07865780213307971,0.11800320900704264,-0.017102402073269574,-0.03934540687396293,0.0330467264764585,-0.5175218212748791,-1.1905992232541223,0.6047919401795717,0.23381095670623242,0.68,0.648,0.207,True,999,0.00011791696306318045,0.0030512079829350114,weak_5x5_mild_strong_300_800,weak_null,True,812,1739603722,-5.551115123125783e-17,2,6
300,800,0.15190366605764205,0.10742783933464534,0.12096129858281301,0.09640564920186989,0.044475826722996714,0.024555649380943123,0.03581947574225134,1.2416660434405704,0.6855390502541102,0.21435980343785,0.4930038275738673,0.288,0.243,0.501,True,999,0.00013158400543034077,0.0031801670556887984,weak_5x5_mild_strong_300_800,weak_null,True,813,1739603722,-5.551115123125783e-17,2,4
300,800,0.13010867308380503,0.1392848146518173,0.10057556321675065,0.1278487763161138,-0.009176141568012275,-0.027273213099363147,0.035432753958931064,-0.2589734226881726,-0.7697175650240066,0.7956557467382201,0.44146744836700447,0.798,0.786,0.455,True,999,0.00011633394751697779,0.0029701250605285168,weak_5x5_mild_strong_300_800,weak_null,True,814,1739603722,-5.551115123125783e-17,3,3
300,800,0.14824655854876911,0.11892958929783903,0.11864682118289238,0.10884347475143841,0.02931696925093008,0.009803346431453974,0.03638537428790497,0.8057349917292309,0.26943096294361196,0.420395668750722,0.7875980618288381,0.5,0.462,0.78,True,999,0.00011149991769343615,0.003042208030819893,weak_5x5_mild_strong_300_800,weak_null,True,815,1739603722,-5.551115123125783e-17,2,6
300,800,0.14564126362186247,0.11543305444593616,0.11369273895002152,0.10213796990751689,0.030208209175926315,0.011554769042504631,0.03556748105435094,0.8493210168514582,0.32486891677394025,0.395702689276449,0.7452802827911806,0.429,0.408,0.718,True,999,0.0001213329378515482,0.0031149580609053373,weak_5x5_mild_strong_300_800,weak_null,True,816,1739603722,-5.551115123125783e-17,3,2
300,800,0.08303439161369464,0.09114819052422302,0.04869883956018839,0.08086629517839583,-0.00811379891052838,-0.03216745561820744,0.02998075224112318,-0.27063360002685544,-1.072936908303617,0.7866728507831533,0.2832994247737596,0.841,0.82,0.275,True,999,0.00011579098645597696,0.003031291998922825,weak_5x5_mild_strong_300_800,weak_null,True,817,1739603722,-5.551115123125783e-17,1,5
300,800,0.1410043377536545,0.13785719755736092,0.10952827505758478,0.12730564040458603,0.003147140196293585,-0.01777736534700125,0.035682730491917926,0.08819785237585467,-0.4982064181166795,0.929719424222645,0.6183385592131831,0.941,0.938,0.619,True,999,0.00012108404189348221,0.0031493339920416474,weak_5x5_mild_strong_300_800,weak_null,True,818,1739603722,-5.551115123125783e-17,2,4
300,800,0.10310342598818689,0.10020512899148881,0.0654870543605739,0.08720527000843958,0.00289829699669808,-0.02171821564786569,0.03226880686577514,0.08981729658471085,-0.6730405539381875,0.9284324030569835,0.5009214912082163,0.945,0.944,0.496,True,999,0.00012466695625334978,0.00302025000564754,weak_5x5_mild_strong_300_800,weak_null,True,819,1739603722,-5.551115123125783e-17,1,2
300,800,0.14201191187807427,0.14255109964253482,0.10696915646531124,0.1331452496534098,-0.000539187764460547,-0.026176093188098548,0.03712453708659761,-0.014523757244509859,-0.7050887429798666,0.988412125721304,0.4807550115253967,0.991,0.991,0.473,True,999,0.00011304195504635572,0.003043042030185461,weak_5x5_mild_strong_300_800,weak_null,True,820,1739603722,-5.551115123125783e-17,0,6
300,800,0.1299755913892684,0.10567909027740235,0.09771392684297098,0.09354056464349014,0.024296501111866042,0.0041733621994808345,0.0341050520780049,0.712401818249543,0.12236785887133501,0.47621598993202596,0.9026076920864902,0.544,0.514,0.891,True,999,0.00011879100929945707,0.00317333301063627,weak_5x5_mild_strong_300_800,weak_null,True,821,1739603722,-5.551115123125783e-17,0,3
300,800,0.09939770574027662,0.10072311675804152,0.06411889753337618,0.09127817695787144,-0.0013254110177648992,-0.027159279424495253,0.0323705089184664,-0.040945016375964115,-0.8390130502088493,0.9673397296398835,0.4014619864080763,0.978,0.974,0.404,True,999,0.00013699999544769526,0.0030133340042084455,weak_5x5_mild_strong_300_800,weak_null,True,822,1739603722,-5.551115123125783e-17,2,6
300,800,0.07585302570142116,0.11614314941885184,0.04072545014696516,0.1030352781814372,-0.04029012371743068,-0.06230982803447205,0.028575958970723892,-1.4099307658828866,-2.180498232738525,0.15856012714759815,0.029220549692453503,0.285,0.18,0.021,True,999,0.00012316706124693155,0.003122915979474783,weak_5x5_mild_strong_300_800,weak_null,True,823,1739603722,-5.551115123125783e-17,0,3
300,800,0.14334146346825283,0.09314544310971817,0.10858575602935616,0.08484468892771702,0.050196020358534654,0.023741067101639146,0.03508160302548593,1.4308359946399392,0.6767383772170228,0.1524772243938128,0.4985719624367798,0.217,0.183,0.503,True,999,0.00011895899660885334,0.0030609170207753778,weak_5x5_mild_strong_300_800,weak_null,True,824,1739603722,-5.551115123125783e-17,0,6
300,800,0.14960578582265827,0.1512439322659066,0.11910448367240178,0.14131691552449865,-0.001638146443248334,-0.02221243185209687,0.037317956806643675,-0.04389700250032704,-0.5952210076019601,0.9649865046577202,0.5516957496700605,0.966,0.964,0.542,True,999,0.00012154201976954937,0.0029802919598296285,weak_5x5_mild_strong_300_800,weak_null,True,825,1739603722,-5.551115123125783e-17,2,4
300,800,0.10395058345302965,0.13513325777638785,0.07402124625417628,0.12285023460918865,-0.031182674323358195,-0.04882898835501237,0.03223684265515256,-0.9672992686327526,-1.5146951231344554,0.3333944492238212,0.12984963002929212,0.446,0.378,0.138,True,999,0.00012537511065602303,0.0031242920085787773,weak_5x5_mild_strong_300_800,weak_null,True,826,1739603722,-5.551115123125783e-17,3,3
300,800,0.17265444266659635,0.09737878311888049,0.13631977256414984,0.08615742985318775,0.07527565954771587,0.05016234271096209,0.03823628539295032,1.9686969791682367,1.3119041819949016,0.048987898412792164,0.18955246631530442,0.067,0.061,0.178,True,999,0.0001177499070763588,0.0030327090062201023,weak_5x5_mild_strong_300_800,weak_null,True,827,1739603722,-5.551115123125783e-17,1,5
300,800,0.1251055174372886,0.12213409609412262,0.0932960784918464,0.11113573246547048,0.0029714213431659697,-0.01783965397362408,0.03493916820962169,0.08504556620634397,-0.5105918339724906,0.932225165309545,0.6096368951197495,0.958,0.955,0.59,True,999,0.00011983397416770458,0.003095166990533471,weak_5x5_mild_strong_300_800,weak_null,True,828,1739603722,-5.551115123125783e-17,1,4
300,800,0.12168223275820433,0.12980593599604273,0.08810943069363475,0.12318566479808624,-0.008123703237838398,-0.03507623410445149,0.03442739282159861,-0.23596626325830444,-1.0188466575501418,0.8134588490323056,0.30827577118455485,0.829,0.814,0.293,True,999,0.00011258304584771395,0.003054332919418812,weak_5x5_mild_strong_300_800,weak_null,True,829,1739603722,-5.551115123125783e-17,2,9
300,800,0.14469140009417614,0.09107991178896774,0.11190060823832937,0.08053303032437498,0.0536114883052084,0.03136757791395439,0.03608186656778167,1.4858291270629367,0.8693446569630414,0.13732432374398265,0.38465864396728944,0.196,0.159,0.366,True,999,0.00011770904529839754,0.002925666980445385,weak_5x5_mild_strong_300_800,weak_null,True,830,1739603722,-5.551115123125783e-17,1,5
300,800,0.1402578269118866,0.099420580425159,0.10852695903429321,0.0898471774099221,0.040837246486727596,0.018679781624371117,0.03405804536061718,1.1990484496197633,0.548468986595789,0.23050910708732142,0.5833699186917732,0.318,0.284,0.581,True,999,0.00012137496378272772,0.003068791003897786,weak_5x5_mild_strong_300_800,weak_null,True,831,1739603722,-5.551115123125783e-17,1,5
300,800,0.14508926849834713,0.11609362099244874,0.11715986825424807,0.1080865609425814,0.028995647505898392,0.009073307311666667,0.03687048311282515,0.7864189741471669,0.24608593502564058,0.4316220710268497,0.8056157105780724,0.477,0.47,0.804,True,999,0.00011499994434416294,0.0030485419556498528,weak_5x5_mild_strong_300_800,weak_null,True,832,1739603722,-5.551115123125783e-17,3,7
300,800,0.1573272855836808,0.09635320028739774,0.12746470305239654,0.08665107606861966,0.060974085296283065,0.040813626983776885,0.03535894574943877,1.7244316538269773,1.154265946529944,0.08462994732718322,0.2483911531662809,0.12,0.099,0.229,True,999,0.00011908297892659903,0.003127667005173862,weak_5x5_mild_strong_300_800,weak_null,True,833,1739603722,-5.551115123125783e-17,2,5
300,800,0.15136857591959374,0.09734948966632267,0.11749196141010998,0.08790394663128609,0.054019086253271065,0.02958801477882389,0.03593813652379936,1.5031131683051493,0.8233040897718717,0.13280986365197375,0.4103350884861061,0.18,0.154,0.425,True,999,0.00011795898899435997,0.003161791944876313,weak_5x5_mild_strong_300_800,weak_null,True,834,1739603722,-5.551115123125783e-17,2,6
300,800,0.16095179407584825,0.12601238604755172,0.1268088062730044,0.11477493676613904,0.03493940802829654,0.012033869506865358,0.03679297788924875,0.949621640669269,0.3270697344229309,0.3423045383971812,0.7436151424376145,0.402,0.374,0.749,True,999,0.00011437502689659595,0.0030319589423015714,weak_5x5_mild_strong_300_800,weak_null,True,835,1739603722,-5.551115123125783e-17,0,5
300,800,0.14491803282709403,0.09703747016562281,0.1102110593670318,0.08715161103754099,0.047880562661471227,0.023059448329490806,0.035319662949960376,1.355634755895227,0.6528784932676339,0.17521540772116206,0.5138346150043765,0.228,0.2,0.516,True,999,0.00012154201976954937,0.0030712499283254147,weak_5x5_mild_strong_300_800,weak_null,True,836,1739603722,-5.551115123125783e-17,1,6
300,800,0.08548173543343296,0.11810455057339803,0.048566422856652025,0.10493476555461712,-0.03262281513996507,-0.05636834269796509,0.032273722604640294,-1.0108166182005476,-1.746570836853524,0.31210420781467996,0.08071180958415768,0.402,0.345,0.075,True,999,0.00011487491428852081,0.0030960000585764647,weak_5x5_mild_strong_300_800,weak_null,True,837,1739603722,-5.551115123125783e-17,0,4
300,800,0.11900389134088729,0.11257625096177776,0.08288432893942854,0.10297932836658674,0.006427640379109534,-0.0200949994271582,0.03375863419396208,0.19039989420718784,-0.5952551075289741,0.8489957805666263,0.5516729590347709,0.861,0.849,0.544,True,999,0.00011641602031886578,0.0029700829181820154,weak_5x5_mild_strong_300_800,weak_null,True,838,1739603722,-5.551115123125783e-17,1,5
300,800,0.16011570987023838,0.11303296175879002,0.13326505159159296,0.1016404046015964,0.04708274811144836,0.03162464698999656,0.03791684916131193,1.2417368307989252,0.8340526095787634,0.21433367621352106,0.4042513384485956,0.244,0.238,0.406,True,999,0.00011887494474649429,0.0031435000710189342,weak_5x5_mild_strong_300_800,weak_null,True,839,1739603722,-5.551115123125783e-17,3,4
300,800,0.11641066144311552,0.12083521927217533,0.08620395670152448,0.10939541077101467,-0.004424557829059816,-0.02319145406949019,0.033327189152840976,-0.132761206136181,-0.6958718889592654,0.8943822357223492,0.48650906336747946,0.909,0.898,0.448,True,999,0.00011233298573642969,0.002993374946527183,weak_5x5_mild_strong_300_800,weak_null,True,840,1739603722,-5.551115123125783e-17,1,4
300,800,0.13955283558418907,0.09490719307236833,0.10986552817485062,0.08091045265695129,0.04464564251182074,0.02895507551789933,0.03493398464620601,1.2780002900891372,0.828851212111699,0.20124932398372342,0.4071886052586391,0.249,0.215,0.404,True,999,0.00012587499804794788,0.002991541987285018,weak_5x5_mild_strong_300_800,weak_null,True,841,1739603722,-5.551115123125783e-17,2,2
300,800,0.13225229434307129,0.09671275405024377,0.10004010955071863,0.08344518488974018,0.03553954029282752,0.01659492466097845,0.03471314148190511,1.0238065117601987,0.47805885473168347,0.30592667408246754,0.6326083159736844,0.369,0.341,0.615,True,999,0.00012337497901171446,0.003063583979383111,weak_5x5_mild_strong_300_800,weak_null,True,842,1739603722,-5.551115123125783e-17,2,3
300,800,0.0977650180552142,0.1154010005679596,0.06830350168684163,0.10234791023401613,-0.017635982512745396,-0.0340444085471745,0.03052584245377167,-0.5777394199505984,-1.1152651593066216,0.5634400608198843,0.2647368108644188,0.634,0.595,0.251,True,999,0.00011745805386453867,0.0030250829877331853,weak_5x5_mild_strong_300_800,weak_null,True,843,1739603722,-5.551115123125783e-17,3,2
300,800,0.18016420587961246,0.09522837407151902,0.14837834689734564,0.08497406491011361,0.08493583180809344,0.06340428198723203,0.036777450341101685,2.3094540545996196,1.723998847097151,0.0209183984379761,0.08470805129225394,0.038,0.027,0.084,True,999,0.00012141698971390724,0.002984166028909385,weak_5x5_mild_strong_300_800,weak_null,True,844,1739603722,-5.551115123125783e-17,0,5
300,800,0.11146001480869594,0.09725297295470359,0.08234258461288846,0.08458597872345308,0.014207041853992353,-0.0022433941105646227,0.03202298989392469,0.44365132366005805,-0.07005573551988138,0.6572946930629857,0.9441492980341105,0.725,0.698,0.95,True,999,0.00011904200073331594,0.0030367079889401793,weak_5x5_mild_strong_300_800,weak_null,True,845,1739603722,-5.551115123125783e-17,2,3
300,800,0.17311345330459982,0.10279110775349759,0.1431587059653907,0.09023693595798932,0.07032234555110223,0.05292177000740139,0.03760634122794017,1.869959779518653,1.4072565498098073,0.06148940335140021,0.15935132847161004,0.091,0.081,0.158,True,999,0.00011995900422334671,0.003071417100727558,weak_5x5_mild_strong_300_800,weak_null,True,846,1739603722,-5.551115123125783e-17,3,3
300,800,0.1477737094153333,0.10517544652711824,0.1155534581705524,0.09518656898575273,0.042598262888215055,0.020366889184799675,0.03515758734533568,1.2116378313959169,0.5793028112181232,0.2256510463298641,0.5623848689788585,0.301,0.273,0.566,True,999,0.0001217500539496541,0.0030828339513391256,weak_5x5_mild_strong_300_800,weak_null,True,847,1739603722,-5.551115123125783e-17,3,6
300,800,0.15982658800573124,0.08049371574847436,0.12401932446982755,0.0708667238562839,0.07933287225725688,0.053152600613543655,0.03528665914487431,2.248239821501511,1.5063086702347825,0.02456090170757173,0.13198795343592137,0.049,0.032,0.131,True,999,0.00011212506797164679,0.003027165890671313,weak_5x5_mild_strong_300_800,weak_null,True,848,1739603722,-5.551115123125783e-17,1,6
300,800,0.19531204257010248,0.10242029855684465,0.16598760458384731,0.09431273959165765,0.09289174401325784,0.07167486499218967,0.03816469848073032,2.4339703367539944,1.8780409081019969,0.014934218906495121,0.06037556906291177,0.026,0.017,0.057,True,999,0.0001189160393550992,0.0030642920173704624,weak_5x5_mild_strong_300_800,weak_null,True,849,1739603722,-5.551115123125783e-17,3,7
300,800,0.12805606607658138,0.10757347391711708,0.10095065012416171,0.09939808182360821,0.020482592159464297,0.001552568300553503,0.03340011498254816,0.6132491510932409,0.04648392082975561,0.539711609801361,0.9629245495517613,0.581,0.55,0.956,True,999,0.00011854199692606926,0.0030769999139010906,weak_5x5_mild_strong_300_800,weak_null,True,850,1739603722,-5.551115123125783e-17,3,7
300,800,0.14253655225292783,0.11352514452031354,0.10924666246785364,0.1016716812759455,0.02901140773261429,0.007574981191908137,0.03494973460130946,0.8300895003513796,0.21673930512835213,0.406488183024715,0.8284115149400804,0.467,0.436,0.827,True,999,0.00011670798994600773,0.003010875079780817,weak_5x5_mild_strong_300_800,weak_null,True,851,1739603722,-5.551115123125783e-17,1,4
300,800,0.1351548197787249,0.08929747517676062,0.10411260612903561,0.07871065083520534,0.04585734460196428,0.02540195529383027,0.03337262191419134,1.374100744013282,0.7611615101487836,0.16941040851116362,0.4465606047160392,0.237,0.19,0.444,True,999,0.00011945900041610003,0.0030727089615538716,weak_5x5_mild_strong_300_800,weak_null,True,852,1739603722,-5.551115123125783e-17,2,5
300,800,0.12382753529418278,0.09211666841144245,0.0848005353735175,0.08446079074377622,0.03171086688274033,0.00033974462974128983,0.03417912872925585,0.9277845299665933,0.0099401196687171,0.35351935026848746,0.9920690625880187,0.401,0.388,0.991,True,999,0.00016770802903920412,0.0030845830915495753,weak_5x5_mild_strong_300_800,weak_null,True,853,1739603722,-5.551115123125783e-17,1,7
300,800,0.1452952071452156,0.08618953664731949,0.10844008422861862,0.07836659776688748,0.05910567049789611,0.030073486461731136,0.034462542673661715,1.7150699255591524,0.8726427050524931,0.08633240742928365,0.3828578559666921,0.131,0.104,0.377,True,999,0.00011737504974007607,0.0030204589711502194,weak_5x5_mild_strong_300_800,weak_null,True,854,1739603722,-5.551115123125783e-17,1,7
300,800,0.1564669863592043,0.12866575821802279,0.12481260560252849,0.11856429251361078,0.027801228141181522,0.006248313088917712,0.03652605123054019,0.761134237197158,0.17106456565700065,0.44657689275500456,0.8641729976441284,0.521,0.488,0.858,True,999,0.00012262491509318352,0.0030392080079764128,weak_5x5_mild_strong_300_800,weak_null,True,855,1739603722,-5.551115123125783e-17,1,5
300,800,0.1295075914440279,0.10175217332585634,0.09846693831491393,0.09222795701725772,0.02775541811817156,0.00623898129765621,0.03416188778722516,0.8124673405358676,0.18262987503838346,0.4165235194225253,0.855088441673417,0.461,0.44,0.829,True,999,0.00011466699652373791,0.002927666064351797,weak_5x5_mild_strong_300_800,weak_null,True,856,1739603722,-5.551115123125783e-17,2,5
300,800,0.11258825233063963,0.09151498778719175,0.0780329228933283,0.08175003000724246,0.021073264543447878,-0.003717107113914153,0.03177672832352919,0.6631665893635786,-0.11697576528549695,0.5072238669184257,0.9068792581168359,0.586,0.557,0.92,True,999,0.00012062489986419678,0.0030794580234214664,weak_5x5_mild_strong_300_800,weak_null,True,857,1739603722,-5.551115123125783e-17,1,4
300,800,0.13831728167337398,0.10510364568325642,0.10863018973373073,0.09390940862255093,0.03321363599011756,0.014720781111179804,0.03502029161976156,0.9484111768896716,0.4203500436550629,0.34292017165361366,0.6742297567362867,0.412,0.382,0.7,True,999,0.00012004200834780931,0.0030250409618020058,weak_5x5_mild_strong_300_800,weak_null,True,858,1739603722,-5.551115123125783e-17,2,5
300,800,0.08962876643300288,0.09975683213066344,0.06081803199896285,0.08773910545102126,-0.01012806569766056,-0.02692107345205841,0.03147610196193753,-0.32177001173486863,-0.8552861305574849,0.7476269342173736,0.392392763819954,0.792,0.766,0.384,True,999,0.00011320796329528093,0.0030390419997274876,weak_5x5_mild_strong_300_800,weak_null,True,859,1739603722,-5.551115123125783e-17,1,4
300,800,0.18716355548533326,0.1222697440891593,0.15290222078203897,0.11472183714619177,0.06489381139617395,0.03818038363584719,0.03807126039144524,1.7045354088344247,1.0028662892502103,0.0882811067474972,0.315925379625172,0.114,0.094,0.301,True,999,0.00014341704081743956,0.003058207919821143,weak_5x5_mild_strong_300_800,weak_null,True,860,1739603722,-5.551115123125783e-17,2,7
300,800,0.10761318303915113,0.09731590004586571,0.07149901235754896,0.08664184538349673,0.010297282993285417,-0.015142833025947766,0.03399297399184135,0.3029238629064014,-0.44546949700788746,0.7619478852810274,0.6559804986033932,0.789,0.786,0.652,True,999,0.00012108392547816038,0.0030001670820638537,weak_5x5_mild_strong_300_800,weak_null,True,861,1739603722,-5.551115123125783e-17,1,5
300,800,0.12996719261223877,0.0851807424698362,0.10265461128642528,0.07440070833860091,0.04478645014240257,0.028253902947824372,0.03456581191130043,1.295686334732405,0.817394453812539,0.19508357122319742,0.4137030441747961,0.263,0.23,0.405,True,999,0.00011100003030151129,0.003056582994759083,weak_5x5_mild_strong_300_800,weak_null,True,862,1739603722,-5.551115123125783e-17,3,4
300,800,0.1598021916154886,0.1217380028871674,0.12939249718419887,0.11078551356655453,0.03806418872832118,0.018606983617644346,0.03824690223867933,0.995222789306754,0.4864964880430757,0.31962792030058873,0.6266151947387275,0.357,0.339,0.628,True,999,0.000165332923643291,0.003008208004757762,weak_5x5_mild_strong_300_800,weak_null,True,863,1739603722,-5.551115123125783e-17,3,4
300,800,0.07337136897501861,0.10739900156892968,0.03839950209004428,0.09633331332190664,-0.03402763259391106,-0.057933811231862364,0.029976350378629283,-1.1351492814872493,-1.9326505895515718,0.2563127759523324,0.05327925584893894,0.38,0.305,0.044,True,999,0.00012266694102436304,0.002997125033289194,weak_5x5_mild_strong_300_800,weak_null,True,864,1739603722,-5.551115123125783e-17,1,4
300,800,0.08097609943425721,0.15062308365696186,0.04950135357984209,0.14128601934862672,-0.06964698422270466,-0.09178466576878463,0.030815097202299923,-2.260157862409938,-2.9785616175805596,0.023811455033449485,0.0028960479360657086,0.085,0.027,0.003,True,999,0.00011266698129475117,0.0031250419560819864,weak_5x5_mild_strong_300_800,weak_null,True,865,1739603722,-5.551115123125783e-17,1,6
300,800,0.13578795136149724,0.13248107705371637,0.10639511660866674,0.12185267494578511,0.0033068743077808715,-0.015457558337118371,0.03545670844439519,0.09326512394592017,-0.435955818103071,0.9256929383417867,0.6628687856039575,0.931,0.925,0.656,True,999,0.00011812499724328518,0.003026625025086105,weak_5x5_mild_strong_300_800,weak_null,True,866,1739603722,-5.551115123125783e-17,3,5
300,800,0.10904929927294815,0.1271313484173831,0.07552896098621886,0.11355475695035011,-0.018082049144434953,-0.03802579596413125,0.03381634353395176,-0.5347133147698389,-1.1244798221887347,0.5928481129977967,0.26080952583293326,0.672,0.644,0.26,True,999,0.00012079195585101843,0.0030183750204741955,weak_5x5_mild_strong_300_800,weak_null,True,867,1739603722,-5.551115123125783e-17,0,3
300,800,0.1505818401377168,0.12159144035180092,0.12014825315520739,0.11336002550314106,0.028990399785915888,0.006788227652066325,0.035391684351266314,0.8191302651262092,0.1918028988022279,0.41271209607596326,0.8478966002088885,0.466,0.429,0.814,True,999,0.00011908391024917364,0.0031212089816108346,weak_5x5_mild_strong_300_800,weak_null,True,868,1739603722,-5.551115123125783e-17,2,7
300,800,0.1186507448524865,0.09251939960579908,0.08759436679190458,0.08235516255922448,0.02613134524668742,0.005239204232680095,0.03256340202453701,0.8024758969286152,0.1608924100968405,0.42227772550381515,0.8721781402906813,0.504,0.463,0.897,True,999,0.00011116708628833294,0.002940082922577858,weak_5x5_mild_strong_300_800,weak_null,True,869,1739603722,-5.551115123125783e-17,2,5
300,800,0.09531635575668918,0.10631525172050493,0.05864968087882971,0.09830551663412734,-0.010998895963815758,-0.03965583575529763,0.03277288310326523,-0.3356096541509317,-1.2100197480442798,0.7371652429076831,0.22627131525282818,0.761,0.75,0.214,True,999,0.00012279197108000517,0.0030617499724030495,weak_5x5_mild_strong_300_800,weak_null,True,870,1739603722,-5.551115123125783e-17,0,7
300,800,0.11316450564277569,0.11764442887503856,0.08288302027960981,0.10667423993669445,-0.004479923232262872,-0.02379121965708464,0.03404396027868278,-0.13159230581842896,-0.6988381922176641,0.8953067716672698,0.48465315749818483,0.91,0.899,0.484,True,999,0.00011874991469085217,0.003131499979645014,weak_5x5_mild_strong_300_800,weak_null,True,871,1739603722,-5.551115123125783e-17,2,4
300,800,0.13768874880408521,0.14470697590683512,0.1096940355508309,0.13260378736055145,-0.007018227102749908,-0.022909751809720547,0.03468583082388413,-0.2023370043630976,-0.6604930966204576,0.8396532728973629,0.5089374471260639,0.868,0.855,0.508,True,999,0.00011879205703735352,0.0031282909912988544,weak_5x5_mild_strong_300_800,weak_null,True,872,1739603722,-5.551115123125783e-17,3,3
300,800,0.09798599191351465,0.10281428011999166,0.06641233719642514,0.09344474500670685,-0.004828288206477016,-0.02703240781028171,0.031263360119475364,-0.15443919617166346,-0.8646673840231908,0.8772634502957868,0.3872213761190373,0.925,0.915,0.393,True,999,0.00011937494855374098,0.0031912500271573663,weak_5x5_mild_strong_300_800,weak_null,True,873,1739603722,-5.551115123125783e-17,1,6
300,800,0.12052175593681036,0.09060728428968956,0.08548365527218493,0.07779603931385282,0.0299144716471208,0.007687615958332117,0.03166532277574654,0.9447076178245443,0.24277712287273137,0.3448081668215158,0.8081780587457015,0.436,0.388,0.806,True,999,0.0001177079975605011,0.0031004160409793258,weak_5x5_mild_strong_300_800,weak_null,True,874,1739603722,-5.551115123125783e-17,0,3
300,800,0.06838963902628337,0.10252929669532629,0.03887949853748296,0.09230281680640928,-0.03413965766904292,-0.05342331826892632,0.027848138683193746,-1.2259224236643897,-1.9183802148029057,0.22022786953971596,0.05506281792661952,0.323,0.247,0.046,True,999,0.00011691695544868708,0.0031146249966695905,weak_5x5_mild_strong_300_800,weak_null,True,875,1739603722,-5.551115123125783e-17,3,5
300,800,0.12070516197672987,0.10360454236868649,0.09558830872310864,0.09344155447297453,0.017100619608043377,0.0021467542501341086,0.032831579910179806,0.5208588698694069,0.06538687008079325,0.602465089385172,0.9478659778655917,0.636,0.61,0.951,True,999,0.00011800008360296488,0.0031448749359697104,weak_5x5_mild_strong_300_800,weak_null,True,876,1739603722,-5.551115123125783e-17,5,5
300,800,0.16330452060488954,0.09555011271214209,0.12924969718039847,0.08663459186584532,0.06775440789274745,0.04261510531455315,0.03583511588148832,1.8907266301808716,1.189199595600226,0.05866084568436612,0.23436113362541844,0.094,0.077,0.21,True,999,0.0001169589813798666,0.0029742500046268106,weak_5x5_mild_strong_300_800,weak_null,True,877,1739603722,-5.551115123125783e-17,1,7
300,800,0.14985246606812674,0.10103190067946705,0.1188689469088331,0.09034046420248387,0.0488205653886597,0.028528482706349223,0.03659652757510617,1.334021794512237,0.7795406995322414,0.1821967139488585,0.4356612724702653,0.226,0.214,0.441,True,999,0.0001222500577569008,0.003112541977316141,weak_5x5_mild_strong_300_800,weak_null,True,878,1739603722,-5.551115123125783e-17,2,5
300,800,0.11718235699679347,0.11721568937083837,0.08338361059225008,0.10479676914997071,-3.333237404490319e-05,-0.021413158557720635,0.034736874694230487,-0.0009595674434821688,-0.61643883470257,0.9992343760692904,0.5376049291753513,1.0,1.0,0.522,True,999,0.00012949993833899498,0.0030203750357031822,weak_5x5_mild_strong_300_800,weak_null,True,879,1739603722,-5.551115123125783e-17,2,4
300,800,0.17943947320636644,0.096003759715025,0.14817379606620307,0.08643769285583858,0.08343571349134143,0.06173610321036449,0.036923479536012306,2.2596926004756592,1.6720012302781992,0.023840335867834732,0.09452407947380718,0.041,0.031,0.083,True,999,0.00012004200834780931,0.0030131670646369457,weak_5x5_mild_strong_300_800,weak_null,True,880,1739603722,-5.551115123125783e-17,2,5
300,800,0.15253552732861486,0.12489524192937568,0.1157818968661104,0.11590895226066777,0.027640285399239184,-0.0001270553945573738,0.036371652380513875,0.7599403268807077,-0.0034932532959498913,0.44729025498146524,0.9972127927968196,0.513,0.499,0.999,True,999,0.00012058299034833908,0.003036250011064112,weak_5x5_mild_strong_300_800,weak_null,True,881,1739603722,-5.551115123125783e-17,0,5
300,800,0.14346139322570806,0.12969186622194995,0.10603752079242668,0.11953031388372892,0.013769527003758109,-0.013492793091302246,0.035597213484845895,0.38681474350850353,-0.3790407105052273,0.6988933615291812,0.7046576328817576,0.735,0.729,0.672,True,999,0.00011512497439980507,0.0030763749964535236,weak_5x5_mild_strong_300_800,weak_null,True,882,1739603722,-5.551115123125783e-17,1,5
300,800,0.11700670340489361,0.08624477301280642,0.08449728829890546,0.07418625015537827,0.03076193039208719,0.010311038143527185,0.033035107746492424,0.9311890437334325,0.31212364199484055,0.3517557843173962,0.7549465597210026,0.434,0.397,0.757,True,999,0.00012245902325958014,0.003120875102467835,weak_5x5_mild_strong_300_800,weak_null,True,883,1739603722,-5.551115123125783e-17,0,4
300,800,0.1302879772862615,0.13476297596684944,0.0956471736156459,0.1254009076899365,-0.004474998680587927,-0.029753734074290605,0.03516316884658316,-0.12726380549239855,-0.8461619089026388,0.8987316063610848,0.39746242814780697,0.919,0.914,0.415,True,999,0.00012037495616823435,0.003054708009585738,weak_5x5_mild_strong_300_800,weak_null,True,884,1739603722,-5.551115123125783e-17,1,6
300,800,0.08444307833077658,0.11340124462157797,0.05214484026004129,0.10118205607693653,-0.02895816629080139,-0.04903721581689524,0.0307922227327803,-0.940437672918414,-1.5925195216483017,0.3469931057795207,0.11126802030154885,0.483,0.412,0.098,True,999,0.00011874991469085217,0.0029897919157519937,weak_5x5_mild_strong_300_800,weak_null,True,885,1739603722,-5.551115123125783e-17,0,3
300,800,0.13328644972160808,0.13378656172744952,0.09503620431979698,0.12298835034050626,-0.0005001120058414354,-0.02795214602070928,0.03672211337507003,-0.01361882418730705,-0.7611802113678315,0.9891340863334948,0.44654943610990017,0.993,0.992,0.422,True,999,0.00011924991849809885,0.0031383750028908253,weak_5x5_mild_strong_300_800,weak_null,True,886,1739603722,-5.551115123125783e-17,0,4
300,800,0.15678763599372014,0.18488937267834438,0.13210913069912067,0.17224618237281675,-0.028101736684624234,-0.04013705167369608,0.037220798307924734,-0.7550009124506353,-1.0783501025863391,0.45024843473774223,0.2808775456828775,0.527,0.494,0.283,True,999,0.00012070802040398121,0.0030852080089971423,weak_5x5_mild_strong_300_800,weak_null,True,887,1739603722,-5.551115123125783e-17,4,3
300,800,0.10099273596396774,0.1041224245888634,0.06675493529053256,0.09590123296840147,-0.0031296886248956546,-0.029146297677868915,0.03288881968773216,-0.09515965165703583,-0.886206861620539,0.9241880178150785,0.3755060668382424,0.948,0.948,0.402,True,999,0.00011779204942286015,0.0030957499984651804,weak_5x5_mild_strong_300_800,weak_null,True,888,1739603722,-5.551115123125783e-17,2,6
300,800,0.13237854364274293,0.09086003438607687,0.09792589392162654,0.07713171327537793,0.04151850925666606,0.020794180646248606,0.0333269708743617,1.2457930669182442,0.6239445140285906,0.2128403755540127,0.5326640251087631,0.333,0.291,0.543,True,999,0.00012570794206112623,0.003077792003750801,weak_5x5_mild_strong_300_800,weak_null,True,889,1739603722,-5.551115123125783e-17,0,3
300,800,0.11193806296962405,0.1203634736399139,0.0786158466132747,0.11178020063198346,-0.008425410670289846,-0.033164354018708764,0.03357027152895334,-0.25097832953252064,-0.9879084233830375,0.8018308635941589,0.32319749973415346,0.831,0.818,0.33,True,999,0.00011699995957314968,0.0029992079362273216,weak_5x5_mild_strong_300_800,weak_null,True,890,1739603722,-5.551115123125783e-17,1,5
300,800,0.0828109515905302,0.11935034607577827,0.054689033662896236,0.10960201545174186,-0.03653939448524807,-0.05491298178884563,0.030127134981367824,-1.212840003134912,-1.822708393041909,0.22519099776396545,0.06834756844492004,0.339,0.242,0.059,True,999,0.00011979101691395044,0.003147082985378802,weak_5x5_mild_strong_300_800,weak_null,True,891,1739603722,-5.551115123125783e-17,3,5
300,800,0.1626661159256566,0.11399925792429255,0.1355524372140735,0.10309191590840783,0.048666858001364055,0.03246052130566568,0.036782559915268846,1.323096002928331,0.8824976124674498,0.18580345379114693,0.37750777031090454,0.233,0.218,0.355,True,999,0.00012420793063938618,0.0030877910321578383,weak_5x5_mild_strong_300_800,weak_null,True,892,1739603722,-5.551115123125783e-17,3,4
300,800,0.09103757595409023,0.16107388608512413,0.054674506637013565,0.15147318371992924,-0.0700363101310339,-0.09679867708291567,0.03238540458144141,-2.1625887042698393,-2.9889599445790638,0.030572827822165905,0.0027992882677181016,0.086,0.041,0.007,True,999,0.00012112502008676529,0.003138124942779541,weak_5x5_mild_strong_300_800,weak_null,True,893,1739603722,-5.551115123125783e-17,2,5
300,800,0.13358586414687057,0.10141426338972276,0.10055371119904066,0.09356550785258833,0.03217160075714781,0.006988203346452337,0.03426629991260735,0.9388699929434502,0.20393807806139053,0.34779749725057685,0.83840188834497,0.435,0.4,0.833,True,999,0.00012137496378272772,0.0032315830467268825,weak_5x5_mild_strong_300_800,weak_null,True,894,1739603722,-5.551115123125783e-17,1,8
300,800,0.1579976564055714,0.10212304502051883,0.1253072386336953,0.08817578342689103,0.055874611385052564,0.037131455206804276,0.036292458481262425,1.539565345618575,1.0231176602702465,0.1236663380986284,0.30625221788773327,0.176,0.145,0.29,True,999,0.00013058306649327278,0.0031067499658092856,weak_5x5_mild_strong_300_800,weak_null,True,895,1739603722,-5.551115123125783e-17,1,2
300,800,0.13265860263730678,0.13206102665287822,0.10568796550091974,0.12361198567026577,0.0005975759844285555,-0.017924020169346022,0.03445352114437169,0.017344409644648912,-0.5202376875860795,0.9861618571498381,0.6028979206446958,0.988,0.986,0.612,True,999,0.00012083398178219795,0.0031001659808680415,weak_5x5_mild_strong_300_800,weak_null,True,896,1739603722,-5.551115123125783e-17,3,6
300,800,0.09825140564309376,0.08290145621156303,0.06188031026135832,0.0722479965901357,0.01534994943153073,-0.010367686328777381,0.031485646505924725,0.48752212944531076,-0.329282942525143,0.6258883644318861,0.7419418357794585,0.683,0.662,0.753,True,999,0.00012120790779590607,0.0031456659780815244,weak_5x5_mild_strong_300_800,weak_null,True,897,1739603722,-5.551115123125783e-17,0,5
300,800,0.1110609210937401,0.16644954327228922,0.07862696106309386,0.15701614565841737,-0.05538862217854912,-0.07838918459532351,0.035323902292193614,-1.5680210447980345,-2.2191541564943997,0.11687622107356499,0.026476238697813983,0.179,0.131,0.03,True,999,0.00012574996799230576,0.0029767920495942235,weak_5x5_mild_strong_300_800,weak_null,True,898,1739603722,-5.551115123125783e-17,3,5
300,800,0.12705475118535103,0.09459127594509642,0.09472022085731169,0.0845128059394824,0.03246347524025461,0.010207414917829283,0.034494434755049166,0.9411221105892373,0.29591483351775055,0.34664228593600377,0.7672951226151351,0.428,0.397,0.755,True,999,0.00012250000145286322,0.003091166028752923,weak_5x5_mild_strong_300_800,weak_null,True,899,1739603722,-5.551115123125783e-17,0,5
300,800,0.18571664847336677,0.09531605046249142,0.15329054293624722,0.085750125422976,0.09040059801087535,0.06754041751327122,0.0376289980470376,2.402418419376231,1.794903426045075,0.01628706696718603,0.07266908799680619,0.037,0.023,0.072,True,999,0.000122333993203938,0.003090541926212609,weak_5x5_mild_strong_300_800,weak_null,True,900,1739603722,-5.551115123125783e-17,2,6
300,800,0.14744885842540012,0.09997900770058976,0.11173302703372201,0.08828998687130252,0.04746985072481036,0.023443040162419493,0.036078312157858144,1.3157447753406348,0.6497820646333482,0.18825972038391403,0.5158330057812259,0.246,0.221,0.514,True,999,0.0001142079709097743,0.003172999946400523,weak_5x5_mild_strong_300_800,weak_null,True,901,1739603722,-5.551115123125783e-17,1,5
300,800,0.10595410939773398,0.12744920926145392,0.0798821513442931,0.11617773413121313,-0.021495099863719946,-0.03629558278692002,0.03254638295768999,-0.660445122017503,-1.1151955912920941,0.5089682242194142,0.2647666149103183,0.581,0.526,0.264,True,999,0.00012795894872397184,0.003054125001654029,weak_5x5_mild_strong_300_800,weak_null,True,902,1739603722,-5.551115123125783e-17,3,5
300,800,0.1079442253752334,0.1065547584008848,0.0757577834501717,0.08957665227632106,0.0013894669743486077,-0.013818868826149355,0.03274010952731151,0.04243928912911933,-0.4220776602662791,0.966148508352901,0.6729683333339137,0.972,0.972,0.674,True,999,0.00011916703078895807,0.003112958976998925,weak_5x5_mild_strong_300_800,weak_null,True,903,1739603722,-5.551115123125783e-17,3,0
300,800,0.10547250220155457,0.12343844820831618,0.07256332843564905,0.11259153759260698,-0.0179659460067616,-0.04002820915695793,0.03253277815641345,-0.5522413708532246,-1.2303962780094402,0.580782993325614,0.21854874645715483,0.671,0.64,0.217,True,999,0.0001300419680774212,0.003045374993234873,weak_5x5_mild_strong_300_800,weak_null,True,904,1739603722,-5.551115123125783e-17,1,4
300,800,0.1340664657764763,0.12001843679583668,0.09605123997403098,0.11001156946883839,0.014048028980639615,-0.01396032949480741,0.03541189082779825,0.39670372443405216,-0.39422716970110466,0.691585953378163,0.6934133280761619,0.747,0.728,0.704,True,999,0.0001259580021724105,0.0030470829224213958,weak_5x5_mild_strong_300_800,weak_null,True,905,1739603722,-5.551115123125783e-17,0,6
300,800,0.14563328627409056,0.10888187151504086,0.11849133616561858,0.09925350274892253,0.036751414759049694,0.01923783341669605,0.037208489912882343,0.9877158370333541,0.5170280616530883,0.3232918361106334,0.6051365699668716,0.337,0.333,0.573,True,999,0.00012195797171443701,0.0030641250777989626,weak_5x5_mild_strong_300_800,weak_null,True,906,1739603722,-5.551115123125783e-17,5,5
300,800,0.16878372195080393,0.09174360544463966,0.13249535308398208,0.08276742306065898,0.07704011650616427,0.0497279300233231,0.03647872453803073,2.111919138670719,1.3632036386436557,0.03469338552190886,0.17281834082871528,0.068,0.053,0.175,True,999,0.0001462079817429185,0.0030585830099880695,weak_5x5_mild_strong_300_800,weak_null,True,907,1739603722,-5.551115123125783e-17,0,6
300,800,0.14525237093398102,0.10446170440560415,0.1135824562248331,0.09575468543323495,0.04079066652837687,0.01782777079159814,0.035479217075766005,1.1497059374582097,0.5024848985119054,0.25026500803917984,0.6153264725402934,0.303,0.28,0.609,True,999,0.00011804199311882257,0.0030102910241112113,weak_5x5_mild_strong_300_800,weak_null,True,908,1739603722,-5.551115123125783e-17,2,6
300,800,0.10751711241534889,0.13519618518035526,0.07580960096601075,0.12469454936729107,-0.027679072765006363,-0.048884948401280326,0.0342584588370516,-0.8079485681670705,-1.426945346076389,0.4191201904420372,0.1535956487836465,0.486,0.451,0.155,True,999,0.0001224169973284006,0.0030863749561831355,weak_5x5_mild_strong_300_800,weak_null,True,909,1739603722,-5.551115123125783e-17,1,5
300,800,0.14112504419269656,0.08935608465566836,0.10609273267033359,0.07763932408323626,0.0517689595370282,0.02845340858709733,0.03456392144331508,1.497774482039876,0.8232112387409801,0.13419185284029997,0.41038787883811234,0.209,0.188,0.406,True,999,0.00011858297511935234,0.003034166991710663,weak_5x5_mild_strong_300_800,weak_null,True,910,1739603722,-5.551115123125783e-17,1,5
300,800,0.12548812801690523,0.07585855197395314,0.08859051372922977,0.06177622835946295,0.049629576042952095,0.02681428536976682,0.03258032648494317,1.5232989167830515,0.8230207693639567,0.12768393804349307,0.4104961826228204,0.201,0.163,0.412,True,999,0.00011608295608311892,0.003096916014328599,weak_5x5_mild_strong_300_800,weak_null,True,911,1739603722,-5.551115123125783e-17,0,2
300,800,0.1622859961984532,0.12565802297458434,0.12915833976074964,0.11941147115243211,0.03662797322386885,0.009746868608317527,0.038732424678825136,0.9456669322303806,0.25164622894486904,0.34431849372447254,0.8013145226555787,0.408,0.38,0.796,True,999,0.00012279092334210873,0.003094709012657404,weak_5x5_mild_strong_300_800,weak_null,True,912,1739603722,-5.551115123125783e-17,2,8
300,800,0.12697737360625605,0.1273614721640247,0.09348537786098632,0.11653948390608093,-0.000384098557768664,-0.023054106045094613,0.03506133768666332,-0.010955045731605611,-0.6575364080835959,0.9912593129809301,0.5108360686780682,0.993,0.993,0.5,True,999,0.0001177079975605011,0.0029802080243825912,weak_5x5_mild_strong_300_800,weak_null,True,913,1739603722,-5.551115123125783e-17,1,4
300,800,0.1879535783286519,0.12043620470228039,0.1521199064937946,0.10835078920092656,0.0675173736263715,0.04376911729286803,0.039098193942699394,1.7268668144958823,1.1194664734901603,0.08419158556399049,0.2629411860929468,0.108,0.09,0.247,True,999,0.00011608400382101536,0.003104417002759874,weak_5x5_mild_strong_300_800,weak_null,True,914,1739603722,-5.551115123125783e-17,1,3
300,800,0.0990348005913696,0.1126879115454823,0.06524701858506887,0.09999727761305621,-0.013653110954112702,-0.03475025902798734,0.032451820868790705,-0.4207194107632665,-1.0708261693077157,0.6739599853354135,0.2842475978529365,0.736,0.708,0.259,True,999,0.00011966598685830832,0.0030692919390276074,weak_5x5_mild_strong_300_800,weak_null,True,915,1739603722,-5.551115123125783e-17,2,3
300,800,0.14621637591745595,0.09244852835595713,0.11757490313357266,0.0825564854400227,0.05376784756149883,0.035018417693549964,0.03472360075879522,1.548452533335842,1.008490390636693,0.12151338150680233,0.3132190985851343,0.174,0.139,0.32,True,999,0.00011304195504635572,0.002971458015963435,weak_5x5_mild_strong_300_800,weak_null,True,916,1739603722,-5.551115123125783e-17,3,6
300,800,0.1981758104873823,0.1079805828944374,0.17197902830673684,0.09902297740887889,0.0901952275929449,0.07295605089785795,0.03914913820278442,2.3038879457767965,1.8635416830879068,0.02122893454044533,0.06238609371573354,0.038,0.027,0.06,True,999,0.00011424999684095383,0.0031015840359032154,weak_5x5_mild_strong_300_800,weak_null,True,917,1739603722,-5.551115123125783e-17,3,6
300,800,0.16843013134307028,0.12969538763259436,0.13417886738534435,0.12039074682434148,0.038734743710475916,0.01378812056100287,0.039234155992862466,0.9872709818843203,0.35143155783728913,0.3235098122821132,0.7252646106022536,0.372,0.358,0.733,True,999,0.00011654198169708252,0.0031519999029114842,weak_5x5_mild_strong_300_800,weak_null,True,918,1739603722,-5.551115123125783e-17,1,7
300,800,0.14598070071933233,0.1173221262388004,0.1222654504563252,0.10655865759161998,0.02865857448053194,0.01570679286470522,0.035840828440755125,0.7996069211375667,0.43823743892160705,0.4239385762251363,0.6612141714926152,0.46,0.432,0.631,True,999,0.00011791603174060583,0.003138541942462325,weak_5x5_mild_strong_300_800,weak_null,True,919,1739603722,-5.551115123125783e-17,4,5
300,800,0.133175507780656,0.11568724177743073,0.10914221985171935,0.10319800916028044,0.017488266003225283,0.0059442106914389115,0.03429451608726474,0.5099435127973578,0.17332831512517805,0.6100910363817164,0.8623933682654352,0.644,0.611,0.861,True,999,0.00011924991849809885,0.0030507500050589442,weak_5x5_mild_strong_300_800,weak_null,True,920,1739603722,-5.551115123125783e-17,4,4
300,800,0.15477367859624902,0.09654379435025479,0.12106940076273531,0.08329769690112698,0.058229884245994235,0.03777170386160833,0.035154173374660945,1.6564145492883702,1.0744585986719317,0.09763789669751818,0.2826171910452694,0.118,0.104,0.254,True,999,0.00011666689533740282,0.003000708995386958,weak_5x5_mild_strong_300_800,weak_null,True,921,1739603722,-5.551115123125783e-17,2,3
300,800,0.12627559908901043,0.11414918632834548,0.09675275433193065,0.10381518169350556,0.01212641276066495,-0.007062427361574919,0.03484292570549128,0.3480308417026477,-0.20269329336089228,0.7278170213546307,0.8393747654938315,0.774,0.769,0.841,True,999,0.00012404099106788635,0.0031063329661265016,weak_5x5_mild_strong_300_800,weak_null,True,922,1739603722,-5.551115123125783e-17,3,4
300,800,0.13892701217281433,0.11596813033812653,0.10337436854285897,0.10266421420686811,0.022958881834687805,0.0007101543359908646,0.03478623654183633,0.6599990144687216,0.020414807883479547,0.5092544617855074,0.9837124713295065,0.591,0.548,0.981,True,999,0.00011370796710252762,0.003034000052139163,weak_5x5_mild_strong_300_800,weak_null,True,923,1739603722,-5.551115123125783e-17,1,2
300,800,0.20160295049462762,0.10550122668270362,0.17283445144840925,0.09663193847541152,0.096101723811924,0.07620251297299774,0.03768153538928689,2.5503664545273907,2.0222772821158084,0.01076097423075803,0.043147714225096195,0.022,0.017,0.041,True,999,0.00011566607281565666,0.002947542001493275,weak_5x5_mild_strong_300_800,weak_null,True,924,1739603722,-5.551115123125783e-17,3,6
300,800,0.10282711524613342,0.09545400764194356,0.07676028898777076,0.08600143009437033,0.007373107604189855,-0.00924114110659957,0.031358994147588984,0.23511939093099807,-0.2946886964265105,0.81411606872848,0.7682316988795641,0.83,0.816,0.751,True,999,0.00015308300498872995,0.003034292021766305,weak_5x5_mild_strong_300_800,weak_null,True,925,1739603722,-5.551115123125783e-17,3,6
300,800,0.17897780638426797,0.14304952529632908,0.1464298653211813,0.13318212836594512,0.035928281087938885,0.013247736955236178,0.03820137200534331,0.9404971392889636,0.3467869414057481,0.3469626163476268,0.7287513883078482,0.401,0.368,0.709,True,999,0.00011820800136774778,0.003068540943786502,weak_5x5_mild_strong_300_800,weak_null,True,926,1739603722,-5.551115123125783e-17,2,4
300,800,0.1228554360545937,0.16672165567859487,0.09511028090105356,0.1565697843081466,-0.04386621962400117,-0.06145950340709305,0.03426587570134768,-1.2801721457909772,-1.793606675713116,0.20048459978893274,0.07287597026489637,0.303,0.243,0.078,True,999,0.00011779193300753832,0.003129792050458491,weak_5x5_mild_strong_300_800,weak_null,True,927,1739603722,-5.551115123125783e-17,3,5
300,800,0.1426805916639755,0.08710451891324272,0.11215284556016059,0.07777417933118613,0.055576072750732786,0.03437866622897445,0.03567411307388382,1.5578823960004409,0.9636866418451273,0.11926112900724804,0.3352030535130732,0.152,0.136,0.338,True,999,0.0001236660173162818,0.00308974995277822,weak_5x5_mild_strong_300_800,weak_null,True,928,1739603722,-5.551115123125783e-17,2,6
300,800,0.14010297964464624,0.0902835899876101,0.1075663885604854,0.08069222158820821,0.04981938965703614,0.02687416697227718,0.03510951953533098,1.418970988962196,0.765438186792431,0.15590747416809977,0.4440106611631873,0.21,0.167,0.441,True,999,0.00011416699271649122,0.0029802090721204877,weak_5x5_mild_strong_300_800,weak_null,True,929,1739603722,-5.551115123125783e-17,1,6
300,800,0.18264250488320832,0.11178396721927725,0.14499859169956153,0.1004376700354328,0.07085853766393108,0.04456092166412873,0.037397191263779134,1.894755602476509,1.1915579795771452,0.05812478759212846,0.23343460974251273,0.114,0.077,0.222,True,999,0.00012049998622387648,0.003158207982778549,weak_5x5_mild_strong_300_800,weak_null,True,930,1739603722,-5.551115123125783e-17,0,4
300,800,0.13940297638489096,0.08487390518848342,0.11054439429983631,0.07346234159956566,0.05452907119640754,0.03708205270027065,0.03386014638439082,1.610420421027621,1.0951533486980167,0.1073061054368123,0.27344945977337987,0.162,0.136,0.267,True,999,0.0001153330085799098,0.0031226249411702156,weak_5x5_mild_strong_300_800,weak_null,True,931,1739603722,-5.551115123125783e-17,3,4
300,800,0.08208517577931551,0.11330704076833664,0.04680600115256084,0.10384708943945498,-0.03122186498902113,-0.05704108828689414,0.03032632810279866,-1.0295300137618648,-1.8809098184765107,0.3032306834556364,0.059984187373551906,0.418,0.337,0.059,True,999,0.00012279092334210873,0.0029516250360757113,weak_5x5_mild_strong_300_800,weak_null,True,932,1739603722,-5.551115123125783e-17,0,5
300,800,0.12825702879413947,0.12058742943040429,0.10039554849834076,0.10943425622338054,0.00766959936373518,-0.009038707725039785,0.035834475147074586,0.2140285111546081,-0.2522349689214766,0.8305248236170323,0.8008594503947044,0.848,0.85,0.818,True,999,0.00012937502469867468,0.003026750055141747,weak_5x5_mild_strong_300_800,weak_null,True,933,1739603722,-5.551115123125783e-17,4,5
300,800,0.1260160510165904,0.11589775253597567,0.0998235601603028,0.10750244209725679,0.01011829848061474,-0.007678881936953985,0.033706701602398415,0.30018655043645,-0.22781469476110328,0.7640348634777947,0.8197903022927926,0.804,0.788,0.805,True,999,0.0001141249667853117,0.0029917090432718396,weak_5x5_mild_strong_300_800,weak_null,True,934,1739603722,-5.551115123125783e-17,3,6
300,800,0.10305480490493846,0.10714541592569271,0.06837742499180877,0.09584107115682627,-0.004090611020754253,-0.027463646165017508,0.03159784197346343,-0.12945855682769852,-0.8691620835398217,0.8969948157967624,0.3847584831129296,0.914,0.91,0.396,True,999,0.00011937494855374098,0.003067165962420404,weak_5x5_mild_strong_300_800,weak_null,True,935,1739603722,-5.551115123125783e-17,1,5
300,800,0.1798749339351985,0.12076098337452124,0.14443919949394513,0.10944794053716578,0.05911395056067725,0.03499125895677935,0.038843415184587386,1.5218525528654592,0.900828590650378,0.12804603006084112,0.36767946361827675,0.16,0.138,0.373,True,999,0.00011875003110617399,0.00306787493173033,weak_5x5_mild_strong_300_800,weak_null,True,936,1739603722,-5.551115123125783e-17,1,4
300,800,0.14268761280222308,0.08133699602964639,0.11364195217129236,0.07164950783851509,0.061350616772576694,0.04199244433277727,0.034080123396885494,1.8001876360043751,1.232168200911352,0.07183101544428065,0.21788625917601234,0.136,0.092,0.218,True,999,0.00012750003952533007,0.0030545410700142384,weak_5x5_mild_strong_300_800,weak_null,True,937,1739603722,-5.551115123125783e-17,3,5
300,800,0.1325889318751181,0.1171889175795563,0.09749483235236767,0.1092141228506307,0.015400014295561815,-0.011719290498263035,0.036143898489834,0.42607507598808947,-0.32423980223271315,0.6700531409921836,0.7457564905404721,0.703,0.693,0.746,True,999,0.00011837505735456944,0.0031810830114409328,weak_5x5_mild_strong_300_800,weak_null,True,938,1739603722,-5.551115123125783e-17,0,6
300,800,0.16703029740542252,0.14598597570736865,0.13572333292006533,0.1343981357862276,0.02104432169805387,0.0013251971338377189,0.038133956500118714,0.5518525647342246,0.03475110519501415,0.5810493700399726,0.9722782094603404,0.652,0.63,0.969,True,999,0.00011274998541921377,0.002992875059135258,weak_5x5_mild_strong_300_800,weak_null,True,939,1739603722,-5.551115123125783e-17,2,3
300,800,0.12264582937090385,0.1072229612019433,0.09489847271311191,0.09839120068073726,0.015422868168960546,-0.003492727967625342,0.033169557811669845,0.4649705689936696,-0.10529920198081497,0.6419525329481819,0.9161383961834871,0.706,0.669,0.909,True,999,0.0001180840190500021,0.003058917005546391,weak_5x5_mild_strong_300_800,weak_null,True,940,1739603722,-5.551115123125783e-17,2,6
300,800,0.112073893657193,0.13740461293928358,0.08162661669848603,0.13099882625368764,-0.025330719282090575,-0.04937220955520161,0.03295131623069768,-0.7687316374479846,-1.4983380090051186,0.442052639365348,0.13404545357370531,0.536,0.467,0.145,True,999,0.00011337501928210258,0.0030640839831903577,weak_5x5_mild_strong_300_800,weak_null,True,941,1739603722,-5.551115123125783e-17,1,8
300,800,0.11074793451309406,0.1295442845316876,0.0810078247697561,0.12045366725544682,-0.018796350018593533,-0.03944584248569072,0.0345628657762754,-0.5438307731847773,-1.1412781203104716,0.5865579303698556,0.25375420417791306,0.624,0.586,0.21,True,999,0.00011737493332475424,0.002977792057208717,weak_5x5_mild_strong_300_800,weak_null,True,942,1739603722,-5.551115123125783e-17,3,5
300,800,0.1509879657419304,0.15043723554766308,0.12394686928752208,0.14264389932867516,0.0005507301942673237,-0.018697030041153084,0.037091947539587486,0.014847702285773496,-0.5040724815324976,0.9881536828462363,0.6142104438231051,0.989,0.989,0.621,True,999,0.00012016703840345144,0.0030710839200764894,weak_5x5_mild_strong_300_800,weak_null,True,943,1739603722,-5.551115123125783e-17,3,6
300,800,0.09968429664447387,0.08890577889767143,0.06196121822404166,0.07669018002695793,0.01077851774680244,-0.014728961802916274,0.03162921838358474,0.3407772400849585,-0.4656758072327346,0.7332712857674946,0.641447571811171,0.809,0.79,0.657,True,999,0.00016441696789115667,0.003084625001065433,weak_5x5_mild_strong_300_800,weak_null,True,944,1739603722,-5.551115123125783e-17,1,3
300,800,0.16007067993546253,0.14467945000675347,0.12947475707983358,0.13592658674537006,0.01539122992870906,-0.006451829665536479,0.038203671841985656,0.40287305346901686,-0.1688798315570795,0.6870416155590948,0.8658911634120736,0.72,0.705,0.875,True,999,0.0001178329112008214,0.0030102920718491077,weak_5x5_mild_strong_300_800,weak_null,True,945,1739603722,-5.551115123125783e-17,1,6
300,800,0.10283990969774304,0.12766625616460509,0.06675203457177759,0.11660760639205137,-0.024826346466862048,-0.04985557182027378,0.03496067040829706,-0.7101221508890208,-1.4260473623080687,0.4776283911858974,0.1538546712370544,0.553,0.507,0.165,True,999,0.0001212080242112279,0.0031084169168025255,weak_5x5_mild_strong_300_800,weak_null,True,946,1739603722,-5.551115123125783e-17,1,5
300,800,0.14138700890046407,0.11623754047208029,0.10530414877564453,0.10868788507588079,0.02514946842838378,-0.003383736300236251,0.036838071409199584,0.6827031781610369,-0.09185432816635535,0.4947944210684574,0.9268137788319857,0.56,0.538,0.936,True,999,0.00011362496297806501,0.0030558330472558737,weak_5x5_mild_strong_300_800,weak_null,True,947,1739603722,-5.551115123125783e-17,1,8
300,800,0.13760011889354096,0.11540807765839656,0.10342801182548556,0.10355538618040327,0.0221920412351444,-0.00012737435491771976,0.03504575209147123,0.633230560360697,-0.003634516234243342,0.5265830916891993,0.997100081995223,0.59,0.565,0.997,True,999,0.00011700007598847151,0.003072833060286939,weak_5x5_mild_strong_300_800,weak_null,True,948,1739603722,-5.551115123125783e-17,0,4
300,800,0.10876723399729404,0.09770510660316784,0.07582644868688249,0.08657722571024351,0.011062127394126209,-0.010750777023361024,0.031784682110906896,0.34803328708863335,-0.3382376764331993,0.7278151848787255,0.7351840855589298,0.75,0.734,0.715,True,999,0.00011895806528627872,0.003108415985479951,weak_5x5_mild_strong_300_800,weak_null,True,949,1739603722,-5.551115123125783e-17,1,5
300,800,0.13126499544568926,0.11817895908550102,0.09868433416011158,0.10913271341479458,0.013086036360188236,-0.010448379254683005,0.03556636177635657,0.36793294862359055,-0.2937713820824026,0.7129232314457172,0.7689326044472067,0.761,0.742,0.783,True,999,0.0001296249683946371,0.0031009999802336097,weak_5x5_mild_strong_300_800,weak_null,True,950,1739603722,-5.551115123125783e-17,2,5
300,800,0.1382400874395755,0.11477002479263665,0.10846425839059748,0.10314265907913978,0.02347006264693885,0.005321599311457703,0.034793577249747985,0.6745515840027299,0.1529477487542977,0.49996070214920874,0.8784394807958945,0.538,0.507,0.871,True,999,0.00011570798233151436,0.003053708001971245,weak_5x5_mild_strong_300_800,weak_null,True,951,1739603722,-5.551115123125783e-17,2,3
300,800,0.12713632510242445,0.10428773655026174,0.09707447681978465,0.09326438490808187,0.022848588552162707,0.0038100919117027843,0.03412063134833717,0.6696414353797181,0.1116653403275454,0.5030863933662955,0.9110887618182172,0.545,0.521,0.914,True,999,0.00011250004172325134,0.0030988750513643026,weak_5x5_mild_strong_300_800,weak_null,True,952,1739603722,-5.551115123125783e-17,2,5
300,800,0.13378445144318785,0.11897522110330006,0.10365773282416058,0.11162482427073428,0.014809230339887791,-0.007967091446573704,0.035979897693426806,0.4115973443302286,-0.2214317426485962,0.6806345784382277,0.8247562787393227,0.736,0.704,0.823,True,999,0.00011741695925593376,0.0031220419332385063,weak_5x5_mild_strong_300_800,weak_null,True,953,1739603722,-5.551115123125783e-17,1,8
300,800,0.15005343454878317,0.10344268565605774,0.12049043823856209,0.09340595745277369,0.04661074889272543,0.0270844807857884,0.03662987293694287,1.272479131253453,0.7394096297416441,0.20320293420264546,0.4596582965892074,0.28,0.243,0.443,True,999,0.00012087495997548103,0.002983834012411535,weak_5x5_mild_strong_300_800,weak_null,True,954,1739603722,-5.551115123125783e-17,2,5
300,800,0.13420738014595124,0.09050931711085985,0.09187185748140791,0.075470563216129,0.04369806303509138,0.01640129426527892,0.03468327036366972,1.2599176080253534,0.47288776673318167,0.20769908605802823,0.6362932530925804,0.27,0.247,0.615,True,999,0.00011712498962879181,0.003062790958210826,weak_5x5_mild_strong_300_800,weak_null,True,955,1739603722,-5.551115123125783e-17,0,2
300,800,0.13865424515726388,0.11643736939042615,0.1030681718134474,0.10871585250117732,0.02221687576683773,-0.005647680687729917,0.035678651778113434,0.6226938143572555,-0.15829299612701192,0.5334857483328882,0.8742259268464814,0.579,0.546,0.882,True,999,0.00011266698129475117,0.003153707948513329,weak_5x5_mild_strong_300_800,weak_null,True,956,1739603722,-5.551115123125783e-17,1,6
300,800,0.17258926687196263,0.11052552908697605,0.13473346768131478,0.10058253863178379,0.06206373778498658,0.03415092904953099,0.03646472065320378,1.7020214792056463,0.936547118359194,0.08875134186332861,0.34899156459552183,0.141,0.11,0.359,True,999,0.00013525004032999277,0.0030237920582294464,weak_5x5_mild_strong_300_800,weak_null,True,957,1739603722,-5.551115123125783e-17,0,6
300,800,0.15557714529861277,0.13064123277807083,0.12216019887847551,0.11854844329394609,0.024935912520541947,0.003611755584529419,0.03832980325825503,0.6505619752997699,0.09422838829081548,0.5153292829454208,0.9249277345005462,0.55,0.528,0.927,True,999,0.00011775002349168062,0.003068084013648331,weak_5x5_mild_strong_300_800,weak_null,True,958,1739603722,-5.551115123125783e-17,2,3
300,800,0.1202857221052529,0.10408892169818379,0.08701918172823753,0.0956642204901641,0.016196800407069112,-0.008645038761926571,0.03441550515741077,0.4706250956650978,-0.2511960444103786,0.6379084831876576,0.8016625426456339,0.681,0.649,0.791,True,999,0.00011870800517499447,0.003129917080514133,weak_5x5_mild_strong_300_800,weak_null,True,959,1739603722,-5.551115123125783e-17,0,8
300,800,0.12316449951649366,0.16916689725735246,0.08814251878095547,0.15933409310031266,-0.04600239774085879,-0.07119157431935719,0.03660700756087591,-1.256655509586757,-1.9447526324288757,0.20887840494224452,0.051804757566861565,0.281,0.229,0.047,True,999,0.00012116704601794481,0.002982957987114787,weak_5x5_mild_strong_300_800,weak_null,True,960,1739603722,-5.551115123125783e-17,1,6
300,800,0.14828610173836732,0.0931460645502159,0.11511579441861386,0.08511906068031294,0.055140037188151414,0.029996733738300918,0.03478221499490862,1.5852940129380129,0.8624158565718659,0.1128995487070745,0.3884587179349862,0.176,0.152,0.388,True,999,0.00011804106179624796,0.0030827500158920884,weak_5x5_mild_strong_300_800,weak_null,True,961,1739603722,-5.551115123125783e-17,1,7
300,800,0.11038281233370983,0.1416017352030493,0.08207783887121423,0.13244761351796797,-0.03121892286933947,-0.05036977464675374,0.033353816620880515,-0.9359925199623321,-1.51016524493394,0.34927703897935525,0.13100126456559535,0.457,0.385,0.122,True,999,0.00011962500866502523,0.0030446669552475214,weak_5x5_mild_strong_300_800,weak_null,True,962,1739603722,-5.551115123125783e-17,2,7
300,800,0.09813395508732448,0.14135819343575906,0.06669178621507399,0.12779320647047143,-0.043224238348434585,-0.06110142025539744,0.03229152515737973,-1.3385629244135084,-1.892181306321286,0.1807130027060655,0.05846682817905824,0.307,0.233,0.066,True,999,0.00012699991930276155,0.0030068750493228436,weak_5x5_mild_strong_300_800,weak_null,True,963,1739603722,-5.551115123125783e-17,2,3
300,800,0.15896971131039228,0.11451172888507888,0.11731870737941108,0.1036253508085565,0.0444579824253134,0.013693356570854576,0.03551636591217764,1.251760457003004,0.38555061080051206,0.210657163008246,0.6998295170527454,0.28,0.239,0.7,True,999,0.00012149999383836985,0.0031494590220972896,weak_5x5_mild_strong_300_800,weak_null,True,964,1739603722,-5.551115123125783e-17,0,4
300,800,0.15390622707663315,0.11343996077169421,0.11970624169612165,0.100118557451367,0.040466266304938936,0.019587684244754655,0.03659672098807397,1.105734754710018,0.5352305812080222,0.2688413424350443,0.592490422084462,0.343,0.311,0.582,True,999,0.00011962500866502523,0.002990459091961384,weak_5x5_mild_strong_300_800,weak_null,True,965,1739603722,-5.551115123125783e-17,1,2
300,800,0.10148268444596487,0.10842647517221282,0.0700998924430678,0.09967463917899977,-0.006943790726247956,-0.029574746735931967,0.032386000613208205,-0.21440716960327674,-0.9131953985040776,0.8302295511320243,0.3611397836105379,0.865,0.855,0.337,True,999,0.00011433300096541643,0.003054125001654029,weak_5x5_mild_strong_300_800,weak_null,True,966,1739603722,-5.551115123125783e-17,1,7
300,800,0.11446382398353827,0.049213360738281864,0.08179937788753477,0.0362122062113599,0.06525046324525641,0.045587171676174876,0.030965101124815837,2.107225905132402,1.472211296595467,0.035098002456505926,0.14096382781170808,0.073,0.047,0.127,True,999,0.00011429202277213335,0.0029497919604182243,weak_5x5_mild_strong_300_800,weak_null,True,967,1739603722,-5.551115123125783e-17,1,4
300,800,0.17432631910060414,0.12417896651428101,0.14253591598179582,0.11345972037474894,0.050147352586323135,0.029076195607046884,0.03598270769078,1.3936514455017681,0.8080602454077462,0.16342288514075332,0.4190559016044143,0.25,0.214,0.412,True,999,0.00011758401524275541,0.0030305000254884362,weak_5x5_mild_strong_300_800,weak_null,True,968,1739603722,-5.551115123125783e-17,1,5
300,800,0.1147444407385928,0.11660893409968115,0.08767211508694572,0.10744758827524947,-0.0018644933610883485,-0.01977547318830375,0.032565067711151745,-0.05725439841323782,-0.6072603122987439,0.9543425455222666,0.5436781722064818,0.959,0.954,0.532,True,999,0.00011604197788983583,0.003084750031121075,weak_5x5_mild_strong_300_800,weak_null,True,969,1739603722,-5.551115123125783e-17,4,5
300,800,0.10065786170708213,0.11095308262374909,0.06291402394197121,0.10080327085245244,-0.010295220916666958,-0.037889246910481233,0.0320933252413004,-0.32079009698310096,-1.1805958599055404,0.748369464574381,0.23776330910109267,0.791,0.763,0.212,True,999,0.00011537503451108932,0.0029892080929130316,weak_5x5_mild_strong_300_800,weak_null,True,970,1739603722,-5.551115123125783e-17,0,5
300,800,0.10069951408209254,0.10518291394572943,0.06721019422275276,0.0934096006483287,-0.004483399863636883,-0.026199406425575944,0.031756885848894904,-0.14117882606530513,-0.8249992316701812,0.8877286728778228,0.4093720269009188,0.907,0.899,0.404,True,999,0.0001230000052601099,0.003067124984227121,weak_5x5_mild_strong_300_800,weak_null,True,971,1739603722,-5.551115123125783e-17,1,4
300,800,0.12336305321833718,0.13333479548976307,0.08933900108064563,0.12064804048452515,-0.009971742271425887,-0.031309039403879524,0.03455981596409815,-0.2885357457280691,-0.9059376773419269,0.7729366722605928,0.36496884044267575,0.825,0.804,0.351,True,999,0.00011645897757261992,0.003131499979645014,weak_5x5_mild_strong_300_800,weak_null,True,972,1739603722,-5.551115123125783e-17,0,3
300,800,0.1269544259195976,0.11094433213533433,0.08981975835467892,0.1025366372012968,0.01601009378426327,-0.012716878846617874,0.03485237684729998,0.45936877861756437,-0.3648783812459853,0.6459693647066116,0.7152021926488252,0.701,0.689,0.717,True,999,0.00011258397717028856,0.003037917078472674,weak_5x5_mild_strong_300_800,weak_null,True,973,1739603722,-5.551115123125783e-17,1,6
300,800,0.07376290741611591,0.13600486825171015,0.039006259080792915,0.1235749344751298,-0.062241960835594246,-0.08456867539433688,0.02994339910931476,-2.0786538164343566,-2.8242844135898166,0.0376491807169341,0.004738631493043298,0.124,0.044,0.005,True,999,0.00011679204180836678,0.0031732909847050905,weak_5x5_mild_strong_300_800,weak_null,True,974,1739603722,-5.551115123125783e-17,1,4
300,800,0.18143057884597158,0.1085168501944817,0.15481427344559506,0.10011232842174422,0.07291372865148987,0.05470194502385084,0.03543840318898419,2.0574778232150894,1.543578155373959,0.039640285990928524,0.12269056039092856,0.084,0.053,0.126,True,999,0.00011908297892659903,0.002980249933898449,weak_5x5_mild_strong_300_800,weak_null,True,975,1739603722,-5.551115123125783e-17,4,6
300,800,0.141942970130843,0.13084165485755028,0.10591883073294639,0.11880563867902083,0.011101315273292722,-0.012886807946074441,0.03666789157415711,0.3027530298774183,-0.351446657902655,0.7620780811140366,0.7252532840129571,0.808,0.791,0.721,True,999,0.0001152080949395895,0.0030300000216811895,weak_5x5_mild_strong_300_800,weak_null,True,976,1739603722,-5.551115123125783e-17,1,3
300,800,0.17281652456260943,0.13394930405329863,0.1445182252694508,0.12133170540778337,0.038867220509310796,0.02318651986166742,0.0382124384740266,1.0171353114700927,0.6067793835619139,0.30908906411333903,0.5439973317761873,0.367,0.355,0.556,True,999,0.00011841696687042713,0.003190999967046082,weak_5x5_mild_strong_300_800,weak_null,True,977,1739603722,-5.551115123125783e-17,2,3
300,800,0.13141216231988762,0.0882808170336169,0.09861138229632616,0.07795495194574187,0.04313134528627072,0.020656430350584287,0.03412315055023798,1.2639907098487397,0.6053494480286267,0.20623336144692894,0.54494683240834,0.303,0.257,0.563,True,999,0.00012629106640815735,0.003019375028088689,weak_5x5_mild_strong_300_800,weak_null,True,978,1739603722,-5.551115123125783e-17,1,5
300,800,0.24918294740583025,0.11776954771043252,0.22670708532729122,0.10761520109042522,0.13141339969539773,0.11909188423686601,0.03693427741760348,3.558033590573616,3.2244270786817903,0.00037364154036276074,0.001262249990250349,0.003,0.002,0.003,True,999,0.00011595897376537323,0.0030069169588387012,weak_5x5_mild_strong_300_800,weak_null,True,979,1739603722,-5.551115123125783e-17,5,5
300,800,0.13585244693430032,0.06962029418887833,0.10283596923642335,0.05799717202097554,0.06623215274542199,0.04483879721544781,0.03416565362604047,1.9385595098037578,1.3123939528928685,0.05255499792016142,0.18938724617083025,0.081,0.064,0.166,True,999,0.00013833295088261366,0.003084499971009791,weak_5x5_mild_strong_300_800,weak_null,True,980,1739603722,-5.551115123125783e-17,1,5
300,800,0.12039192356919104,0.10121250627341793,0.08567568960864946,0.09078637135235113,0.019179417295773105,-0.005110681743701662,0.03322586669011121,0.577243551677806,-0.1538163561350446,0.5637749403129233,0.8777545369849992,0.619,0.605,0.878,True,999,0.00012170802801847458,0.0030973749235272408,weak_5x5_mild_strong_300_800,weak_null,True,981,1739603722,-5.551115123125783e-17,1,4
300,800,0.16383606974510867,0.10071261422499095,0.1321239978117319,0.09287513832055083,0.06312345552011772,0.039248859491181065,0.03589514197219368,1.7585514933752475,1.0934309584730257,0.078653718057675,0.27420462705054993,0.143,0.108,0.288,True,999,0.00012595904991030693,0.0031507080420851707,weak_5x5_mild_strong_300_800,weak_null,True,982,1739603722,-5.551115123125783e-17,1,6
300,800,0.08975779709562204,0.10203644189713135,0.059000817055505195,0.09260768906119665,-0.012278644801509309,-0.03360687200569146,0.029760780765569903,-0.41257804686745353,-1.1292335463379737,0.6799157881316857,0.2587993257713642,0.754,0.721,0.254,True,999,0.00012341700494289398,0.0030414999928325415,weak_5x5_mild_strong_300_800,weak_null,True,983,1739603722,-5.551115123125783e-17,2,6
300,800,0.11540236119249703,0.1193201841291236,0.08761245786655536,0.11024123190628643,-0.003917822936626569,-0.02262877403973107,0.03411784928261344,-0.11483206060773309,-0.6632532388629422,0.9085782364502768,0.5071683795060742,0.929,0.923,0.491,True,999,0.00011812499724328518,0.0030160840833559632,weak_5x5_mild_strong_300_800,weak_null,True,984,1739603722,-5.551115123125783e-17,4,5
300,800,0.0877829602818796,0.13773535318851515,0.053712798096000824,0.12859264980494345,-0.04995239290663556,-0.07487985170894262,0.03209397504549259,-1.556441445343838,-2.3331435761011803,0.11960315628724885,0.019640611046864972,0.189,0.129,0.016,True,999,0.0001231660135090351,0.0031893749255687,weak_5x5_mild_strong_300_800,weak_null,True,985,1739603722,-5.551115123125783e-17,2,5
300,800,0.14494347673429053,0.09245428244202014,0.11210111347116936,0.08293697708302261,0.05248919429227039,0.029164136388146744,0.034726898121418104,1.51148525010062,0.8398140336686023,0.1306648637993325,0.4010126636848076,0.185,0.154,0.389,True,999,0.00011508306488394737,0.0029331669211387634,weak_5x5_mild_strong_300_800,weak_null,True,986,1739603722,-5.551115123125783e-17,1,5
300,800,0.16785543443727113,0.10896943919057323,0.13452411654094476,0.09686203253494341,0.05888599524669791,0.03766208400600135,0.03757911225856806,1.5669873955915994,1.0022079219663944,0.11711763782782142,0.3162431824939572,0.163,0.14,0.326,True,999,0.00012037495616823435,0.0030579579761251807,weak_5x5_mild_strong_300_800,weak_null,True,987,1739603722,-5.551115123125783e-17,1,3
300,800,0.18558100988431514,0.09261058814688039,0.1584183438849891,0.08239671589353748,0.09297042173743475,0.07602162799145162,0.037331557228722535,2.4903976324326544,2.0363904866245797,0.012760024792494896,0.041711159969977735,0.028,0.023,0.05,True,999,0.00011837494093924761,0.003087333985604346,weak_5x5_mild_strong_300_800,weak_null,True,988,1739603722,-5.551115123125783e-17,2,5
300,800,0.16948963828243824,0.09307653886238487,0.1348547164581646,0.0838813726418266,0.07641309942005337,0.050973343816338,0.037146995463830386,2.0570465650298946,1.3722063703905791,0.03968174692984399,0.1699992028512285,0.073,0.05,0.168,True,999,0.00012212502770125866,0.003108042059466243,weak_5x5_mild_strong_300_800,weak_null,True,989,1739603722,-5.551115123125783e-17,0,5
300,800,0.11314506326839657,0.10804722533715744,0.08023256818745494,0.09533770879926351,0.005097837931239135,-0.015105140611808565,0.03335921777968875,0.15281647084491978,-0.4528026020144139,0.8785430084429818,0.6506908898049908,0.896,0.89,0.631,True,999,0.00012579106260091066,0.003175417077727616,weak_5x5_mild_strong_300_800,weak_null,True,990,1739603722,-5.551115123125783e-17,2,3
300,800,0.16708583446579706,0.10628385216038339,0.13270521064276863,0.09778252444317559,0.06080198230541367,0.034922686199593045,0.03829867937426546,1.587573861522472,0.9118509246315973,0.1123827326786893,0.36184719856542547,0.147,0.126,0.344,True,999,0.00011995900422334671,0.003119083005003631,weak_5x5_mild_strong_300_800,weak_null,True,991,1739603722,-5.551115123125783e-17,2,6
300,800,0.1034726629175271,0.13308077071140545,0.0704870768236674,0.12130836150748792,-0.029608107793878347,-0.05082128468382052,0.033286939406293445,-0.8894812296344807,-1.5267635171712999,0.3737445066169637,0.1268198265698217,0.48,0.419,0.126,True,999,0.00011783395893871784,0.0031199170043691993,weak_5x5_mild_strong_300_800,weak_null,True,992,1739603722,-5.551115123125783e-17,1,2
300,800,0.1364447824042907,0.09291750238982016,0.10178690997315698,0.08051972195420376,0.04352728001447054,0.02126718801895322,0.03371402377956052,1.2910734209323125,0.6308113252220778,0.1966782195191411,0.5281638974569461,0.258,0.213,0.524,True,999,0.00011787493713200092,0.0031012080144137144,weak_5x5_mild_strong_300_800,weak_null,True,993,1739603722,-5.551115123125783e-17,1,4
300,800,0.15555598137711435,0.11814815897510245,0.12242245953109432,0.10741186971495154,0.0374078224020119,0.015010589816142783,0.036541997885425975,1.0236939567261933,0.4107763856592375,0.30597985069414246,0.6812365101922037,0.36,0.341,0.687,True,999,0.0001188330352306366,0.002922290936112404,weak_5x5_mild_strong_300_800,weak_null,True,994,1739603722,-5.551115123125783e-17,1,4
300,800,0.11958146898908217,0.08367916779936763,0.08514325822494584,0.07165719973016849,0.03590230118971455,0.013486058494777353,0.032704067231345696,1.0977931562990262,0.41236640077144415,0.27229482053731446,0.680070886181968,0.349,0.324,0.667,True,999,0.00011741707567125559,0.003057833993807435,weak_5x5_mild_strong_300_800,weak_null,True,995,1739603722,-5.551115123125783e-17,1,4
300,800,0.09467658581841554,0.09223706842953816,0.0671935088690816,0.07886103507604503,0.002439517388877377,-0.01166752620696343,0.029527501801564195,0.08261848243281271,-0.39514098704907546,0.9341549046614094,0.6927388416369495,0.966,0.959,0.687,True,999,0.0001426249509677291,0.003011042019352317,weak_5x5_mild_strong_300_800,weak_null,True,996,1739603722,-5.551115123125783e-17,2,2
300,800,0.1135210136033169,0.10724262655837108,0.08033174208520677,0.09951261874181228,0.006278387044945821,-0.019180876656605506,0.0327097349160271,0.1919424618103383,-0.5863965790565692,0.8477872760663341,0.5576090426663485,0.864,0.857,0.564,True,999,0.00012258300557732582,0.002996542025357485,weak_5x5_mild_strong_300_800,weak_null,True,997,1739603722,-5.551115123125783e-17,1,7
300,800,0.11896012706316883,0.1327576786425912,0.08482992250765164,0.12249087387817781,-0.013797551579422362,-0.03766095137052616,0.035308354152576014,-0.39077300289330325,-1.0666300447702548,0.695965031997805,0.28613892776427385,0.766,0.753,0.304,True,999,0.00012008310295641422,0.003052041050978005,weak_5x5_mild_strong_300_800,weak_null,True,998,1739603722,-5.551115123125783e-17,2,4
300,800,0.13695908075784768,0.11743445778804901,0.10550017859054606,0.10691836424723533,0.019524622969798677,-0.0014181856566892748,0.03579905873746718,0.5453948695406415,-0.039615166060358066,0.5854819682442234,0.9683999361628735,0.652,0.625,0.961,True,999,0.00011287489905953407,0.0030144170159474015,weak_5x5_mild_strong_300_800,weak_null,True,999,1739603722,-5.551115123125783e-17,2,5
300,800,0.14103729428397793,0.09989796398345557,0.11017493958979685,0.08982607941959486,0.04113933030052236,0.020348860170201988,0.03503979520612242,1.174074507528348,0.5807357049463142,0.2403651833190279,0.5614185937733951,0.342,0.296,0.572,True,999,0.00012162502389401197,0.0030654160073027015,weak_5x5_mild_strong_300_800,weak_null,True,1000,1739603722,-5.551115123125783e-17,2,5
300,800,0.12826045405730402,0.10358324447087025,0.10273312760881481,0.09607676028014112,0.024677209586433768,0.006656367328673696,0.03391874121769379,0.7275390742850105,0.1962445270581382,0.46689578777276763,0.8444187780230159,0.516,0.474,0.836,True,999,0.00011629203800112009,0.0029335409635677934,weak_5x5_mild_strong_300_800,weak_null,True,1001,1739603722,-5.551115123125783e-17,4,7
300,800,0.10137722677530203,0.10054896296128135,0.06932707343213451,0.09244017650109981,0.0008282638140206799,-0.0231131030689653,0.032259188162910485,0.02567528388618793,-0.716481237910979,0.9795163379583428,0.4736942485239588,0.986,0.986,0.459,True,999,0.0001152919139713049,0.0031101249624043703,weak_5x5_mild_strong_300_800,weak_null,True,1002,1739603722,-5.551115123125783e-17,1,7
300,800,0.07899678821031086,0.12919769594199026,0.046871628319877345,0.12089670830550858,-0.0502009077316794,-0.07402507998563124,0.030524233932239932,-1.6446246560395021,-2.425124907309971,0.100047239017961,0.015303120514720044,0.204,0.118,0.018,True,999,0.00011870893649756908,0.003130124998278916,weak_5x5_mild_strong_300_800,weak_null,True,1003,1739603722,-5.551115123125783e-17,1,6
300,800,0.10068216946202146,0.07648206097757437,0.06796802398582713,0.06846405245534015,0.02420010848444709,-0.0004960284695130213,0.030948982989778384,0.7819354998656898,-0.01602729465058177,0.43425248071876477,0.9872126165073011,0.497,0.466,0.99,True,999,0.00011166604235768318,0.0030772500904276967,weak_5x5_mild_strong_300_800,weak_null,True,1004,1739603722,-5.551115123125783e-17,2,8
300,800,0.1089826185013445,0.14086296843415724,0.08274047635831039,0.1311280835228672,-0.031880349932812746,-0.04838760716455681,0.03323173629485843,-0.9593344641984667,-1.456066175273643,0.337390278572541,0.14537432695974808,0.47,0.389,0.15,True,999,0.0001176249934360385,0.003122790949419141,weak_5x5_mild_strong_300_800,weak_null,True,1005,1739603722,-5.551115123125783e-17,3,5
300,800,0.1571324188467882,0.0915863962813877,0.12981388222152646,0.08113081312956183,0.06554602256540049,0.048683069091964626,0.036946681256216245,1.7740706427961626,1.317657430564856,0.0760514660333592,0.1876183509779178,0.088,0.089,0.194,True,999,0.00012433307711035013,0.003059667069464922,weak_5x5_mild_strong_300_800,weak_null,True,1006,1739603722,-5.551115123125783e-17,4,6
300,800,0.1600947778395535,0.12023565181633061,0.1208518130637799,0.10893948409756149,0.03985912602322289,0.01191232896621841,0.036518196220890406,1.0914867147907292,0.32620255650534863,0.2750587745126233,0.7442711072841577,0.336,0.3,0.739,True,999,0.00011987495236098766,0.0031685830326750875,weak_5x5_mild_strong_300_800,weak_null,True,1007,1739603722,-5.551115123125783e-17,0,3
300,800,0.12705798345561203,0.0908272112692659,0.09041043887657452,0.0826833965041942,0.03623077218634613,0.0077270423723803106,0.035272625362663325,1.0271640348239295,0.21906626719539612,0.3043432301683415,0.8265984274216809,0.387,0.353,0.832,True,999,0.00011766597162932158,0.003183291992172599,weak_5x5_mild_strong_300_800,weak_null,True,1008,1739603722,-5.551115123125783e-17,0,7
300,800,0.19272477966959256,0.10475941555669693,0.16489879677078534,0.09513897675867611,0.08796536411289563,0.06975982001210923,0.03799360626238231,2.315267561215705,1.8360936714022547,0.020598293865307277,0.06634380412658952,0.038,0.03,0.075,True,999,0.00016570789739489555,0.0029767920495942235,weak_5x5_mild_strong_300_800,weak_null,True,1009,1739603722,-5.551115123125783e-17,3,5
300,800,0.1429147036034355,0.1099975739767845,0.1155048497023472,0.09833485674204212,0.032917129626651,0.01716999296030508,0.03650434935258014,0.9017317171912395,0.4703547184053974,0.36719940013091423,0.6381016098993151,0.426,0.411,0.63,True,999,0.00011666701175272465,0.0029559170361608267,weak_5x5_mild_strong_300_800,weak_null,True,1010,1739603722,-5.551115123125783e-17,4,3
300,800,0.1701294003679683,0.11198383782930066,0.13534083809236108,0.10305382121640605,0.05814556253866765,0.03228701687595503,0.03669275117131317,1.58466074858204,0.8799290280854549,0.1130434345147594,0.37889775822336036,0.137,0.113,0.352,True,999,0.00013641593977808952,0.0030714169843122363,weak_5x5_mild_strong_300_800,weak_null,True,1011,1739603722,-5.551115123125783e-17,1,6
300,800,0.1280924674315974,0.1286188121590504,0.09704100824905026,0.1178275856910318,-0.0005263447274529987,-0.020786577441981535,0.035134748887926746,-0.014980745390608584,-0.5916244771888598,0.9880475416124153,0.5541020793426417,0.986,0.985,0.528,True,999,0.0001152500044554472,0.002952583017759025,weak_5x5_mild_strong_300_800,weak_null,True,1012,1739603722,-5.551115123125783e-17,1,4
300,800,0.1553816597184472,0.10349394538291523,0.1254442723189868,0.09359882580571366,0.051887714335531965,0.031845446513273146,0.03613986473238831,1.4357473310914342,0.8811722663901801,0.15107425174510616,0.3782245876819954,0.229,0.192,0.377,True,999,0.00012029195204377174,0.0030422499403357506,weak_5x5_mild_strong_300_800,weak_null,True,1013,1739603722,-5.551115123125783e-17,1,6
300,800,0.15356820235176816,0.11493793909408062,0.1205273433835714,0.10524301145738946,0.038630263257687536,0.015284331926181949,0.03578929621118624,1.0793803552251282,0.4270643333132856,0.2804182046638434,0.669332470338028,0.326,0.299,0.662,True,999,0.0001200829865410924,0.0030463329749181867,weak_5x5_mild_strong_300_800,weak_null,True,1014,1739603722,-5.551115123125783e-17,1,5
300,800,0.10447557977704747,0.141447831903467,0.0768169992858816,0.13140917190759183,-0.036972252126419525,-0.05459217262171023,0.03195784067883033,-1.156907079485845,-1.7082559854512778,0.2473103260187206,0.08758885440066008,0.359,0.275,0.072,True,999,0.0001157920341938734,0.003060457995161414,weak_5x5_mild_strong_300_800,weak_null,True,1015,1739603722,-5.551115123125783e-17,3,5
300,800,0.08673474645036405,0.10923041122771693,0.0557817377198262,0.09731968682086745,-0.022495664777352875,-0.04153794910104125,0.03064839381402199,-0.733991637991184,-1.3553059045475055,0.46295383447325866,0.17532011457329155,0.569,0.51,0.172,True,999,0.00011699995957314968,0.0033086249604821205,weak_5x5_mild_strong_300_800,weak_null,True,1016,1739603722,-5.551115123125783e-17,2,4
300,800,0.16562376400137224,0.1233998170075778,0.12839837166518464,0.1124167034224115,0.04222394699379445,0.01598166824277314,0.03872342815410081,1.0903979582015113,0.41271315595235286,0.2755378808858079,0.6798167848558351,0.341,0.321,0.674,True,999,0.00014787493273615837,0.0033902080031111836,weak_5x5_mild_strong_300_800,weak_null,True,1017,1739603722,-5.551115123125783e-17,0,4
300,800,0.14973348913280615,0.1129112643842084,0.11735361910939446,0.1004962081855183,0.036822224748597754,0.01685741092387616,0.03665233230001879,1.0046352425048508,0.45992737340394346,0.31507252072536085,0.6455683513318353,0.37,0.329,0.601,True,999,0.00014454196207225323,0.0031951250275596976,weak_5x5_mild_strong_300_800,weak_null,True,1018,1739603722,-5.551115123125783e-17,2,4
300,800,0.12359504152444711,0.11173075808145289,0.08920732280699895,0.1041073239864545,0.011864283442994228,-0.014900001179455558,0.035124500615286436,0.33777799641742967,-0.4242053529145684,0.7355304926406869,0.671416057313653,0.777,0.772,0.679,True,999,0.0001277910778298974,0.003322790958918631,weak_5x5_mild_strong_300_800,weak_null,True,1019,1739603722,-5.551115123125783e-17,1,7
300,800,0.1642221901342934,0.10178391177849566,0.13488773298780643,0.09283080270535038,0.06243827835579774,0.04205693028245605,0.03767642339225186,1.6572241400344319,1.116266526803737,0.09747416773504788,0.26430806524074657,0.112,0.102,0.246,True,999,0.00014566699974238873,0.003052457934245467,weak_5x5_mild_strong_300_800,weak_null,True,1020,1739603722,-5.551115123125783e-17,3,6
300,800,0.1284128491082921,0.11267486864708315,0.10095449952331137,0.10383060393593269,0.015737980461208945,-0.0028761044126213164,0.03380788563968577,0.46551211835426753,-0.08507199897899466,0.6415647607297094,0.9322041511646454,0.696,0.673,0.927,True,999,0.00012970808893442154,0.0031672080513089895,weak_5x5_mild_strong_300_800,weak_null,True,1021,1739603722,-5.551115123125783e-17,3,6
300,800,0.1688636990376624,0.13037623452225888,0.13785342024431202,0.12123738849442134,0.038487464515403524,0.01661603174989068,0.0372697688002248,1.0326724783753256,0.4458313610410821,0.3017571972164188,0.6557190663886396,0.358,0.331,0.634,True,999,0.00013379205483943224,0.003001208999194205,weak_5x5_mild_strong_300_800,weak_null,True,1022,1739603722,-5.551115123125783e-17,2,5
300,800,0.1410459563787061,0.11571149770181882,0.1120628905687795,0.105964907609291,0.025334458676887273,0.0060979829594884905,0.03672512331191611,0.6898399894185533,0.16604390699240737,0.4902948176877818,0.8681223969575377,0.524,0.506,0.876,True,999,0.00012075004633516073,0.0030157080618664622,weak_5x5_mild_strong_300_800,weak_null,True,1023,1739603722,-5.551115123125783e-17,3,5
300,800,0.14231174411048164,0.11996837548585071,0.11358362310181747,0.11115887206216257,0.022343368624630933,0.0024247510396548932,0.03579466149267571,0.6242095243505187,0.06774057746435302,0.5324899927314306,0.9459921473347453,0.538,0.508,0.932,True,999,0.00012662506196647882,0.0030321249505504966,weak_5x5_mild_strong_300_800,weak_null,True,1024,1739603722,-5.551115123125783e-17,2,7
300,800,0.1638159261976071,0.1086879268205016,0.13164271656472692,0.09847301108607098,0.0551279993771055,0.03316970547865594,0.03728002140732665,1.4787544989518484,0.8897448077145442,0.13920594074275114,0.37360292835838393,0.195,0.169,0.368,True,999,0.00012654205784201622,0.0030395840294659138,weak_5x5_mild_strong_300_800,weak_null,True,1025,1739603722,-5.551115123125783e-17,2,5
300,800,0.12242797336644629,0.09699502334984295,0.08323831443550489,0.08663255735115172,0.02543295001660334,-0.003394242915646828,0.03396160189268562,0.7488736867291553,-0.09994354584251378,0.45393334137633323,0.9203891448156898,0.52,0.494,0.925,True,999,0.00012041698209941387,0.0031826250487938523,weak_5x5_mild_strong_300_800,weak_null,True,1026,1739603722,-5.551115123125783e-17,1,4
300,800,0.1484299671389624,0.1150704275997837,0.12150333481065445,0.10647673037664163,0.033359539539178695,0.015026604434012825,0.036776105363729085,0.9070982152471202,0.4085969486272195,0.3643548618072183,0.6828354703255488,0.411,0.392,0.687,True,999,0.00013558403588831425,0.0030246670357882977,weak_5x5_mild_strong_300_800,weak_null,True,1027,1739603722,-5.551115123125783e-17,4,7
300,800,0.18511554332793534,0.13742210861173537,0.15528862927016007,0.12850891287263266,0.04769343471619997,0.02677971639752741,0.0394259574957659,1.209696295171067,0.6792407362688245,0.2263954520125231,0.49698534001378847,0.279,0.253,0.462,True,999,0.00012108299415558577,0.0030753749888390303,weak_5x5_mild_strong_300_800,weak_null,True,1028,1739603722,-5.551115123125783e-17,1,6
300,800,0.13179278907680758,0.14665149406407751,0.09829716278085243,0.13493717772729497,-0.014858704987269933,-0.036640014946442534,0.03583400003643435,-0.4146538196171873,-1.0224930208513887,0.6783953433337292,0.30654761418021714,0.731,0.708,0.281,True,999,0.00012912508100271225,0.0031288749305531383,weak_5x5_mild_strong_300_800,weak_null,True,1029,1739603722,-5.551115123125783e-17,2,3
300,800,0.11425199279223941,0.12665249505180393,0.08018175379874037,0.11808395677320505,-0.012400502259564516,-0.03790220297446467,0.033767699273287856,-0.3672297055006649,-1.1224396032349009,0.713447683117381,0.2616755737522971,0.744,0.724,0.265,True,999,0.00013516598846763372,0.002982957987114787,weak_5x5_mild_strong_300_800,weak_null,True,1030,1739603722,-5.551115123125783e-17,2,7
300,800,0.10029303449830396,0.092556533835785,0.06616684528461292,0.08434872832992824,0.007736500662518964,-0.018181883045315317,0.03103130218605938,0.2493127944206782,-0.5859207240578971,0.8031188352205085,0.5579287899169869,0.836,0.827,0.561,True,999,0.00011804199311882257,0.0030929159838706255,weak_5x5_mild_strong_300_800,weak_null,True,1031,1739603722,-5.551115123125783e-17,1,7
300,800,0.09452656351682232,0.10030630014700126,0.06120373029870052,0.08562348118385898,-0.005779736630178944,-0.024419750885158464,0.030697186683146208,-0.1882822908117575,-0.7955045241512549,0.850655366971969,0.4263200803195095,0.869,0.857,0.439,True,999,0.0001228750916197896,0.0030196249717846513,weak_5x5_mild_strong_300_800,weak_null,True,1032,1739603722,-5.551115123125783e-17,1,1
300,800,0.12248407390370808,0.09853466360941232,0.08789092348638405,0.08937626650049424,0.02394941029429576,-0.0014853430141101853,0.0338352015499844,0.7078252588185573,-0.043899339920168735,0.4790537785573128,0.9649846414626161,0.57,0.536,0.971,True,999,0.00013083405792713165,0.0030578329460695386,weak_5x5_mild_strong_300_800,weak_null,True,1033,1739603722,-5.551115123125783e-17,1,7
300,800,0.14901977057999205,0.09763333231175653,0.11435881972613515,0.08739680866261779,0.051386438268235524,0.026962011063517366,0.0355698701999071,1.4446619562972072,0.7580013902774316,0.14855286081414337,0.4484501504398867,0.217,0.179,0.448,True,999,0.00012004096060991287,0.003197500016540289,weak_5x5_mild_strong_300_800,weak_null,True,1034,1739603722,-5.551115123125783e-17,1,5
300,800,0.1319408100701399,0.11263220392590767,0.10220282086493171,0.1042382673905422,0.019308606144232243,-0.002035446525610496,0.034859415184199265,0.5538993136346205,-0.05839015126487559,0.5796477548816894,0.9534378595409769,0.661,0.636,0.955,True,999,0.00011712498962879181,0.0029399580089375377,weak_5x5_mild_strong_300_800,weak_null,True,1035,1739603722,-5.551115123125783e-17,2,5
300,800,0.21505097278433483,0.11204204622784036,0.1911057994284988,0.09897485516790994,0.10300892655649446,0.09213094426058888,0.037715042090853995,2.7312425187899874,2.4428169545363145,0.006309602234890712,0.014573126650305725,0.011,0.009,0.017,True,999,0.00011712498962879181,0.0030889170011505485,weak_5x5_mild_strong_300_800,weak_null,True,1036,1739603722,-5.551115123125783e-17,5,3
300,800,0.10791110746017951,0.0981093982788856,0.07128230146719261,0.08731110280979237,0.009801709181293916,-0.016028801342599763,0.03307367886988552,0.29635980986132865,-0.4846392022386848,0.7669553144957901,0.6279323004001789,0.789,0.779,0.605,True,999,0.0001295000547543168,0.00304833403788507,weak_5x5_mild_strong_300_800,weak_null,True,1037,1739603722,-5.551115123125783e-17,0,4
300,800,0.0936674251955012,0.09608924349377851,0.05534885477345597,0.08420955189797041,-0.0024218182982773118,-0.028860697124514445,0.03230423814049164,-0.07496905785998685,-0.8934028098418176,0.9402393308404005,0.3716414984815457,0.951,0.947,0.374,True,999,0.0001153330085799098,0.0030428749741986394,weak_5x5_mild_strong_300_800,weak_null,True,1038,1739603722,-5.551115123125783e-17,0,4
300,800,0.15124330342938952,0.07642939435792173,0.12418445569102232,0.06219018668861054,0.07481390907146779,0.061994269002411784,0.034239936154544084,2.1849897363648854,1.8105836623817517,0.028889599142416122,0.07020532306464589,0.052,0.037,0.064,True,999,0.00011491705663502216,0.0030365409329533577,weak_5x5_mild_strong_300_800,weak_null,True,1039,1739603722,-5.551115123125783e-17,4,3
300,800,0.14409934380107625,0.1010627927753428,0.11053473225371135,0.0901500202663783,0.04303655102573345,0.02038471198733305,0.03502230081290508,1.2288327730277293,0.5820494803077487,0.21913451112720017,0.560533352570973,0.265,0.232,0.553,True,999,0.00016837497241795063,0.0030035830568522215,weak_5x5_mild_strong_300_800,weak_null,True,1040,1739603722,-5.551115123125783e-17,0,4
300,800,0.12746785371639058,0.11476696983992646,0.10038238703066327,0.10698323595602233,0.01270088387646412,-0.00660084892535906,0.034730697460230726,0.3656961940084155,-0.19005805837667183,0.7145917864498141,0.8492636355440505,0.736,0.719,0.831,True,999,0.00011387502308934927,0.003071499988436699,weak_5x5_mild_strong_300_800,weak_null,True,1041,1739603722,-5.551115123125783e-17,4,7
300,800,0.13146373461528071,0.09647274790448085,0.10125277268974742,0.08425126689309081,0.034990986710799865,0.017001505796656602,0.034667039837142415,1.0093445207661016,0.490422772654535,0.312809435536083,0.6238347654386249,0.326,0.294,0.575,True,999,0.00011750007979571819,0.002983874990604818,weak_5x5_mild_strong_300_800,weak_null,True,1042,1739603722,-5.551115123125783e-17,2,3
300,800,0.15928758742124471,0.09217680200060235,0.12255520830336764,0.07951670244949582,0.06711078542064236,0.04303850585387181,0.03743425883311114,1.7927638348560517,1.1497090418096814,0.07301069452764987,0.25026372901194127,0.113,0.087,0.244,True,999,0.00011612498201429844,0.0030218750471249223,weak_5x5_mild_strong_300_800,weak_null,True,1043,1739603722,-5.551115123125783e-17,0,3
300,800,0.1269132472386696,0.1165058914077648,0.09600646080349406,0.10983688872443054,0.010407355830904796,-0.013830427920936472,0.0343785030340486,0.30272859235893174,-0.4022987245034713,0.7620967060670633,0.6874641932356335,0.797,0.786,0.703,True,999,0.00011791696306318045,0.0030886249151080847,weak_5x5_mild_strong_300_800,weak_null,True,1044,1739603722,-5.551115123125783e-17,3,9
300,800,0.13205676665919275,0.10340389589839466,0.10124845927589377,0.09517650391529742,0.028652870760798088,0.006071955360596348,0.033696851897553025,0.8503129861480854,0.18019354980271252,0.3951510985554677,0.8570006220637528,0.456,0.418,0.856,True,999,0.00011479202657938004,0.0030450409976765513,weak_5x5_mild_strong_300_800,weak_null,True,1045,1739603722,-5.551115123125783e-17,1,7
300,800,0.13877951320495874,0.12345464844981291,0.10297457434847956,0.11402470307263002,0.015324864755145828,-0.011050128724150454,0.03602101712149084,0.42544231062267024,-0.3067689256769413,0.6705142678034872,0.7590192622578977,0.724,0.719,0.761,True,999,0.00011812499724328518,0.0030901249265298247,weak_5x5_mild_strong_300_800,weak_null,True,1046,1739603722,-5.551115123125783e-17,1,6
300,800,0.12542982309455186,0.11341435626039248,0.09351576640125359,0.10347772268778499,0.012015466834159383,-0.009961956286531404,0.033773713824365774,0.3557638611093732,-0.2949618255882902,0.7220174153412833,0.7680230417282577,0.742,0.717,0.763,True,999,0.0001461660722270608,0.0031118750339373946,weak_5x5_mild_strong_300_800,weak_null,True,1047,1739603722,-5.551115123125783e-17,1,4
300,800,0.14606475607794633,0.10003265766796149,0.11099592431304472,0.08821698905836683,0.046032098409984845,0.02277893525467789,0.035085976682057464,1.3119799635939762,0.649231898575785,0.18952689507860843,0.5161884964980844,0.248,0.225,0.494,True,999,0.00012733403127640486,0.0029812920838594437,weak_5x5_mild_strong_300_800,weak_null,True,1048,1739603722,-5.551115123125783e-17,1,4
300,800,0.1617879538608924,0.13997324712795123,0.1341782916495049,0.12987745536003104,0.02181470673294117,0.004300836289473864,0.03872512769315361,0.5633217508227324,0.11106060962671088,0.5732158096359448,0.9115682844119418,0.631,0.609,0.91,True,999,0.0001142079709097743,0.003023665980435908,weak_5x5_mild_strong_300_800,weak_null,True,1049,1739603722,-5.551115123125783e-17,3,5
300,800,0.13405692471903008,0.12683925765192777,0.1045734982913018,0.11771253466554299,0.007217667067102307,-0.013139036374241186,0.03602538193501147,0.20034949470133934,-0.3647160881720435,0.8412072559809547,0.7153233480385581,0.863,0.856,0.71,True,999,0.00012766604777425528,0.0030304579995572567,weak_5x5_mild_strong_300_800,weak_null,True,1050,1739603722,-5.551115123125783e-17,2,5
300,800,0.11771272665347432,0.13571949377784354,0.08739925051969522,0.12445739619460028,-0.018006767124369216,-0.03705814567490506,0.03446101471612977,-0.5225257373498348,-1.075364320527674,0.6013043313874393,0.28221164939319576,0.681,0.642,0.283,True,999,0.00011574989184737206,0.0029984579887241125,weak_5x5_mild_strong_300_800,weak_null,True,1051,1739603722,-5.551115123125783e-17,1,4
300,800,0.09545925449409598,0.12569214631090986,0.06048007978529313,0.11664678472493506,-0.03023289181681388,-0.05616670493964193,0.033225035649647405,-0.9099430963931778,-1.6904934439171322,0.3628525201619188,0.09093359146967898,0.451,0.392,0.081,True,999,0.00011887494474649429,0.0030762089882045984,weak_5x5_mild_strong_300_800,weak_null,True,1052,1739603722,-5.551115123125783e-17,0,5
300,800,0.17566128078833398,0.1036543417527726,0.14480578546817924,0.09212002358168547,0.07200693903556138,0.052685761886493765,0.036853465134358436,1.9538716040145003,1.4296013059942876,0.05071640351150839,0.15283148050461812,0.082,0.061,0.144,True,999,0.00012129195965826511,0.0030529170762747526,weak_5x5_mild_strong_300_800,weak_null,True,1053,1739603722,-5.551115123125783e-17,2,4
300,800,0.07505207565448024,0.09504229635553207,0.04551636751057231,0.0823056838966636,-0.01999022070105183,-0.036789316386091286,0.029085198790951988,-0.6872987475427027,-1.264881036245004,0.4918944879266449,0.20591397629047603,0.6,0.553,0.191,True,999,0.0001230000052601099,0.0029318330343812704,weak_5x5_mild_strong_300_800,weak_null,True,1054,1739603722,-5.551115123125783e-17,3,2
300,800,0.1342278402475745,0.08407066288214138,0.10149280260327487,0.07071573480641291,0.050157177365433125,0.030777067796861957,0.03316781360082948,1.5122244103596496,0.9279197045442955,0.13047678313817476,0.3534492223499056,0.229,0.179,0.36,True,999,0.0001425830414518714,0.0030957499984651804,weak_5x5_mild_strong_300_800,weak_null,True,1055,1739603722,-5.551115123125783e-17,1,3
300,800,0.1378546485650124,0.1152644357068397,0.10530419124035006,0.10385708546397154,0.022590212858172698,0.0014471057763785211,0.03667048252308898,0.6160326045327911,0.039462414367396836,0.5378730011031005,0.9685217191503493,0.588,0.561,0.969,True,999,0.00011408294085413218,0.0030025000451132655,weak_5x5_mild_strong_300_800,weak_null,True,1056,1739603722,-5.551115123125783e-17,2,5
300,800,0.13313439280136796,0.11345157557809682,0.10269129571588564,0.10029618412005448,0.019682817223271143,0.0023951115958311675,0.034215918258329446,0.5752532220432109,0.06999992160806928,0.5651200528846068,0.9441937220336148,0.609,0.575,0.934,True,999,0.00012183294165879488,0.0030659158946946263,weak_5x5_mild_strong_300_800,weak_null,True,1057,1739603722,-5.551115123125783e-17,3,1
300,800,0.10796939640940562,0.10767832150559231,0.07038323871620378,0.09778505798084325,0.00029107490381330425,-0.02740181926463947,0.03283680859343226,0.008864287252066347,-0.83448484911899,0.9929274146812681,0.404007821531596,0.997,0.997,0.407,True,999,0.00012270803563296795,0.003077416098676622,weak_5x5_mild_strong_300_800,weak_null,True,1058,1739603722,-5.551115123125783e-17,1,6
300,800,0.16258234926593196,0.11323190152499785,0.13528152286454542,0.10328851824056073,0.04935044774093411,0.03199300462398469,0.0367431494831338,1.343119695375799,0.8707202587157215,0.17923321907944012,0.3839069141739415,0.239,0.205,0.364,True,999,0.00012070802040398121,0.0031080000335350633,weak_5x5_mild_strong_300_800,weak_null,True,1059,1739603722,-5.551115123125783e-17,4,6
300,800,0.10810297934307256,0.08625329579907876,0.07197597186029725,0.07537342980521089,0.021849683543993803,-0.00339745794491364,0.03305622388621077,0.6609854658295766,-0.10277816233967582,0.5086216344303114,0.9181390373934601,0.553,0.541,0.915,True,999,0.00012099999003112316,0.0031059999018907547,weak_5x5_mild_strong_300_800,weak_null,True,1060,1739603722,-5.551115123125783e-17,1,4
300,800,0.0960123502019381,0.11567704899176046,0.06235208781811252,0.10785407005971592,-0.019664698789822355,-0.0455019822416034,0.03235974740228945,-0.6076901202396616,-1.4061290922927332,0.5433930168810885,0.1596857949781385,0.627,0.587,0.158,True,999,0.00011295906733721495,0.003083999967202544,weak_5x5_mild_strong_300_800,weak_null,True,1061,1739603722,-5.551115123125783e-17,2,6
300,800,0.12849138479593714,0.08871477151022594,0.08912921697861975,0.08253308835662665,0.03977661328571119,0.006596128621993103,0.0344945265587341,1.15312825697095,0.1912224715060757,0.24885774504122993,0.848351298739535,0.291,0.269,0.858,True,999,0.00011754198931157589,0.0031698750099167228,weak_5x5_mild_strong_300_800,weak_null,True,1062,1739603722,-5.551115123125783e-17,0,9
300,800,0.12536484706745832,0.11186684914673356,0.10122289270134388,0.10045958958062329,0.013497997920724758,0.0007633031207205931,0.033925246829789854,0.39787471520685086,0.022499559827825175,0.6907225390129414,0.9820494631185844,0.719,0.704,0.976,True,999,0.00012608407996594906,0.0030214169528335333,weak_5x5_mild_strong_300_800,weak_null,True,1063,1739603722,-5.551115123125783e-17,5,3
300,800,0.1850539144465393,0.10427604841657978,0.1513524758683502,0.09596130223314958,0.08077786602995951,0.05539117363520063,0.03808424878361133,2.121030835843095,1.4544378687872908,0.03391920756274772,0.1458249473756813,0.063,0.045,0.157,True,999,0.00011712498962879181,0.003030083025805652,weak_5x5_mild_strong_300_800,weak_null,True,1064,1739603722,-5.551115123125783e-17,1,6
300,800,0.13247181969256194,0.11255014392270313,0.09817072392979753,0.09894173438954112,0.019921675769858815,-0.000771010459743593,0.03614197019440611,0.5512061368735842,-0.021332828719529143,0.5814923736550057,0.9829801562618191,0.644,0.625,0.98,True,999,0.00012362503912299871,0.003115333034656942,weak_5x5_mild_strong_300_800,weak_null,True,1065,1739603722,-5.551115123125783e-17,1,2
300,800,0.15039917877518627,0.10019202401352373,0.12378788559152554,0.08914654829015944,0.05020715476166254,0.03464133730136609,0.036424679414798405,1.3783828867760652,0.9510402797750421,0.16808510421171463,0.3415839288212207,0.206,0.193,0.334,True,999,0.00012029206845909357,0.0029989160830155015,weak_5x5_mild_strong_300_800,weak_null,True,1066,1739603722,-5.551115123125783e-17,4,4
300,800,0.15882817725117615,0.11948860524232069,0.12439912530379615,0.11034829401836532,0.03933957200885546,0.014050831285430831,0.03754908472844506,1.0476839127600368,0.37419903539717225,0.29478426183871953,0.708256241595512,0.343,0.331,0.702,True,999,0.00012445903848856688,0.003005834063515067,weak_5x5_mild_strong_300_800,weak_null,True,1067,1739603722,-5.551115123125783e-17,1,5
300,800,0.17801981561812608,0.12497395480910162,0.15275882231048854,0.11462867094672902,0.05304586080902446,0.038130151363759524,0.03807347727430318,1.393249700489704,1.001488545137289,0.16354429523125968,0.3165906753226734,0.184,0.159,0.295,True,999,0.0001426249509677291,0.0031135421013459563,weak_5x5_mild_strong_300_800,weak_null,True,1068,1739603722,-5.551115123125783e-17,4,4
300,800,0.07742573015831788,0.0876446593126371,0.04799940909839506,0.07949190677413753,-0.010218929154319212,-0.03149249767574247,0.02906281449202419,-0.3516152627655394,-1.0836010973536325,0.7251268172505134,0.2785417040810677,0.767,0.746,0.251,True,999,0.0001200829865410924,0.0028928329702466726,weak_5x5_mild_strong_300_800,weak_null,True,1069,1739603722,-5.551115123125783e-17,3,6
300,800,0.1484056166310309,0.09550686032161809,0.11917805876964849,0.08548758257842337,0.05289875630941282,0.033690476191225116,0.03505266217072793,1.5091223614275995,0.9611388723381941,0.13126751604058884,0.3364823467197383,0.191,0.162,0.345,True,999,0.00011962500866502523,0.0030944999307394028,weak_5x5_mild_strong_300_800,weak_null,True,1070,1739603722,-5.551115123125783e-17,3,6
300,800,0.13799956460556195,0.13160567015630448,0.11035185350345955,0.12075758522621527,0.006393894449257476,-0.010405731722755718,0.036319503236928105,0.17604575722160318,-0.28650534273210043,0.8602579947055491,0.7744911020005247,0.884,0.875,0.796,True,999,0.00012924999464303255,0.003087041899561882,weak_5x5_mild_strong_300_800,weak_null,True,1071,1739603722,-5.551115123125783e-17,3,5
300,800,0.09903372612824834,0.10286592561202029,0.0696059072044477,0.09488327485729542,-0.0038321994837719475,-0.025277367652847715,0.03217174502546262,-0.11911692949011371,-0.7857008574711043,0.9051827184426304,0.43204276076620873,0.921,0.917,0.438,True,999,0.00011716701555997133,0.0029769589891657233,weak_5x5_mild_strong_300_800,weak_null,True,1072,1739603722,-5.551115123125783e-17,3,7
300,800,0.07386303016307938,0.1378041341085623,0.03738991219438503,0.1278865040616779,-0.06394110394548291,-0.09049659186729286,0.03059564244194567,-2.089876166738753,-2.957826168841118,0.03662892502838028,0.0030981678347960745,0.103,0.053,0.005,True,999,0.00011541706044226885,0.0030930410139262676,weak_5x5_mild_strong_300_800,weak_null,True,1073,1739603722,-5.551115123125783e-17,1,5
300,800,0.14036607974922033,0.114314887664549,0.10953988311575813,0.10479885626534724,0.026051192084671326,0.00474102685041089,0.035361516147961465,0.7367102693127352,0.1340730649266633,0.4612985604692432,0.8933447983924088,0.533,0.518,0.9,True,999,0.0001371670514345169,0.002940000034868717,weak_5x5_mild_strong_300_800,weak_null,True,1074,1739603722,-5.551115123125783e-17,2,5
300,800,0.1096940278508527,0.09553682977685607,0.08006362206913309,0.0856759831240197,0.014157198073996624,-0.005612361054886605,0.03234661493161399,0.4376717039457528,-0.1735069053362168,0.6616242842997722,0.8622530005287038,0.711,0.691,0.873,True,999,0.00012120907194912434,0.0030334589537233114,weak_5x5_mild_strong_300_800,weak_null,True,1075,1739603722,-5.551115123125783e-17,2,5
300,800,0.13912020492025645,0.10173056567596916,0.10753312694481565,0.0912738345855928,0.03738963924428729,0.016259292359222854,0.034432073973216314,1.0858956469880836,0.47221356377981977,0.27752516301047936,0.6367743591552752,0.349,0.314,0.609,True,999,0.00011808297131210566,0.0030610000248998404,weak_5x5_mild_strong_300_800,weak_null,True,1076,1739603722,-5.551115123125783e-17,1,4
300,800,0.10870599565066907,0.0997718444330804,0.07641761928385904,0.08819629049952482,0.00893415121758867,-0.011778671215665781,0.03316913997621136,0.26935130738982593,-0.35510933428220776,0.7876593529271074,0.7225076840459015,0.814,0.805,0.715,True,999,0.00011754198931157589,0.0030027920147404075,weak_5x5_mild_strong_300_800,weak_null,True,1077,1739603722,-5.551115123125783e-17,1,3
300,800,0.15961400908553758,0.12812706799069262,0.12520541018926679,0.11876222675624604,0.031486941094844956,0.006443183433020749,0.035882149173802495,0.8775098989286162,0.1795651481691322,0.380209744547617,0.8574939676167159,0.456,0.442,0.854,True,999,0.00012499990407377481,0.0031657919753342867,weak_5x5_mild_strong_300_800,weak_null,True,1078,1739603722,-5.551115123125783e-17,1,6
300,800,0.13860621066364276,0.08772089560522589,0.10809535977739415,0.0780866983915871,0.05088531505841687,0.030008661385807045,0.03327784110444226,1.5291050551841292,0.9017610635144593,0.1262384023624025,0.3671838074343461,0.184,0.149,0.358,True,999,0.0001217500539496541,0.0031389170326292515,weak_5x5_mild_strong_300_800,weak_null,True,1079,1739603722,-5.551115123125783e-17,3,5
300,800,0.13628855625089287,0.10443919158358245,0.10680158400788287,0.09557237269166308,0.03184936466731042,0.01122921131621979,0.03444066080253178,0.9247605570032829,0.3260451760958754,0.3550904717729686,0.7443901754466599,0.435,0.406,0.729,True,999,0.00013200007379055023,0.0031213340116664767,weak_5x5_mild_strong_300_800,weak_null,True,1080,1739603722,-5.551115123125783e-17,2,7
300,800,0.16328622359747924,0.0809434458745742,0.13278977820112914,0.0672304318480883,0.08234277772290505,0.06555934635304084,0.03757443963398982,2.1914572386175473,1.7447857371034718,0.028418720926052958,0.08102217245170824,0.046,0.042,0.074,True,999,0.00012091710232198238,0.0031700419494882226,weak_5x5_mild_strong_300_800,weak_null,True,1081,1739603722,-5.551115123125783e-17,1,3
300,800,0.1366422653166599,0.10636495961414016,0.10846728420898444,0.09624092884070024,0.03027730570251974,0.012226355368284203,0.033730464168790025,0.897624934866286,0.36247219448574775,0.36938554093810405,0.7169991984171468,0.429,0.41,0.704,True,999,0.00011470797471702099,0.002974207978695631,weak_5x5_mild_strong_300_800,weak_null,True,1082,1739603722,-5.551115123125783e-17,2,5
300,800,0.183044589487793,0.12172084906217545,0.1574334780063964,0.11228422753742962,0.06132374042561756,0.045149250468966784,0.037233795737584466,1.6469913746590243,1.2125879076946302,0.09955981873229654,0.22528741440647515,0.136,0.107,0.21,True,999,0.00011241692118346691,0.003066624980419874,weak_5x5_mild_strong_300_800,weak_null,True,1083,1739603722,-5.551115123125783e-17,4,6
300,800,0.12313711410652561,0.12295684584941502,0.09534568475470451,0.1122127371534134,0.00018026825711059402,-0.016867052398708893,0.032634240548469494,0.005523899256759275,-0.5168513841668038,0.9955925884818442,0.6052599070680951,0.996,0.996,0.593,True,999,0.00013395899441093206,0.0031075000297278166,weak_5x5_mild_strong_300_800,weak_null,True,1084,1739603722,-5.551115123125783e-17,3,4
300,800,0.1249974753248797,0.10735468800801373,0.08874967309299109,0.09292871960713,0.01764278731686597,-0.004179046514138918,0.03467363956934181,0.5088242115911478,-0.12052517607162305,0.6108754468938339,0.9040671373874666,0.657,0.641,0.893,True,999,0.00011850008741021156,0.0031387500930577517,weak_5x5_mild_strong_300_800,weak_null,True,1085,1739603722,-5.551115123125783e-17,1,2
300,800,0.19612601548906605,0.11645640221453041,0.16543609503412426,0.10526245090056818,0.07966961327453564,0.06017364413355608,0.03845922633408499,2.071534476082984,1.564608804421695,0.03830887605808688,0.11767466320010547,0.073,0.05,0.122,True,999,0.00012004200834780931,0.003136291983537376,weak_5x5_mild_strong_300_800,weak_null,True,1086,1739603722,-5.551115123125783e-17,1,5
300,800,0.1489274702938248,0.10214216193746423,0.12102718521560973,0.09409639700510297,0.04678530835636058,0.026930788210506762,0.03563200832409794,1.3130135110773324,0.7558032644568468,0.18917839545190318,0.4497671592237523,0.236,0.216,0.447,True,999,0.00012625008821487427,0.0029695419361814857,weak_5x5_mild_strong_300_800,weak_null,True,1087,1739603722,-5.551115123125783e-17,3,7
300,800,0.13747871898885333,0.09748868930792531,0.10315230806958198,0.08684024240392318,0.03999002968092802,0.016312065665658793,0.03491908330365393,1.1452199169484918,0.46713900029420014,0.2521180699099532,0.6404004327722965,0.303,0.264,0.62,True,999,0.00011787493713200092,0.0030676659662276506,weak_5x5_mild_strong_300_800,weak_null,True,1088,1739603722,-5.551115123125783e-17,1,5
300,800,0.12800477820146428,0.1349638420514941,0.10021936634490203,0.12453375581577575,-0.006959063850029812,-0.02431438947087372,0.03436467649440823,-0.20250631054717422,-0.7075401822807824,0.8395209255086511,0.47923085099954543,0.874,0.864,0.496,True,999,0.00011716596782207489,0.003073166939429939,weak_5x5_mild_strong_300_800,weak_null,True,1089,1739603722,-5.551115123125783e-17,3,4
300,800,0.13132057781890571,0.09561026380514337,0.10596763325139591,0.0873128032085333,0.035710314013762345,0.018654830042862613,0.0345267291731814,1.034280248054898,0.5403011084337734,0.3010051680085789,0.5889893940991371,0.365,0.339,0.602,True,999,0.00011679192539304495,0.0029227080522105098,weak_5x5_mild_strong_300_800,weak_null,True,1090,1739603722,-5.551115123125783e-17,3,7
300,800,0.13845605278664208,0.09560559072705616,0.11003525531680225,0.08625018253172811,0.042850462059585925,0.023785072785074135,0.034849549637311496,1.2295843850363075,0.6825073216902856,0.21885278031771016,0.49491821468320696,0.248,0.21,0.468,True,999,0.00011795805767178535,0.003095500054769218,weak_5x5_mild_strong_300_800,weak_null,True,1091,1739603722,-5.551115123125783e-17,2,6
300,800,0.14969797067696788,0.08841959845396091,0.1139156602599769,0.08082270815805259,0.06127837222300697,0.03309295210192431,0.03582374269367107,1.7105519305171017,0.9237714882250646,0.08716385916661523,0.3556053027637349,0.128,0.108,0.362,True,999,0.00011841696687042713,0.0030285000102594495,weak_5x5_mild_strong_300_800,weak_null,True,1092,1739603722,-5.551115123125783e-17,1,7
300,800,0.09660278031761149,0.09732503269721121,0.0647069845121564,0.0853868693599793,-0.0007222523795997193,-0.020679884847822905,0.03080434948505466,-0.023446441547163147,-0.6713300294770438,0.9812941601771983,0.5020103085212453,0.98,0.978,0.492,True,999,0.00012387498281896114,0.0030001250561326742,weak_5x5_mild_strong_300_800,weak_null,True,1093,1739603722,-5.551115123125783e-17,1,4
300,800,0.19189712257391434,0.1080102362519258,0.15824563340805753,0.09608699159912248,0.08388688632198854,0.062158641808935045,0.03933330098151442,2.132719203033915,1.5803057525771333,0.032947767666711154,0.11403686311134395,0.058,0.044,0.112,True,999,0.0001240420388057828,0.003157000057399273,weak_5x5_mild_strong_300_800,weak_null,True,1094,1739603722,-5.551115123125783e-17,2,4
300,800,0.07498145432118486,0.11502888656571642,0.04316922476698437,0.10673275757073952,-0.040047432244531556,-0.06356353280375515,0.029098464510064977,-1.3762730411661206,-2.1844291055897096,0.16873711604222474,0.028930731438420444,0.291,0.198,0.028,True,999,0.00011583301238715649,0.002961499965749681,weak_5x5_mild_strong_300_800,weak_null,True,1095,1739603722,-5.551115123125783e-17,1,6
300,800,0.14085682147758272,0.11501241760877634,0.11405544107941523,0.10750188137927807,0.025844403868806376,0.006553559700137157,0.0361950432761363,0.7140315780709624,0.1810623529343305,0.47520765315418245,0.8563186341456951,0.53,0.492,0.849,True,999,0.00011754198931157589,0.0030490419594570994,weak_5x5_mild_strong_300_800,weak_null,True,1096,1739603722,-5.551115123125783e-17,3,7
300,800,0.14423451818443556,0.11779113858919615,0.11038391077283904,0.10759334582081692,0.026443379595239402,0.002790564952022123,0.03581543138915481,0.7383236378732175,0.07791515678538297,0.4603178056339403,0.93789554269265,0.535,0.506,0.932,True,999,0.00011895899660885334,0.003101042006164789,weak_5x5_mild_strong_300_800,weak_null,True,1097,1739603722,-5.551115123125783e-17,0,5
300,800,0.149855341526407,0.10250756814626771,0.12253627480322393,0.09377620943126885,0.04734777338013929,0.02876006537195508,0.03560850829123297,1.3296758458089242,0.8076739732182485,0.18362509646288916,0.4192782902010943,0.233,0.192,0.407,True,999,0.00011508294846862555,0.002958292025141418,weak_5x5_mild_strong_300_800,weak_null,True,1098,1739603722,-5.551115123125783e-17,3,6
300,800,0.16290858273205167,0.1260646227331505,0.1331401098299807,0.11767856513176866,0.036843959998901166,0.015461544698212037,0.038102420243705644,0.9669716454557143,0.40578904435253604,0.33355820845530293,0.6848976091335267,0.393,0.371,0.695,True,999,0.00011954200454056263,0.0031543750083073974,weak_5x5_mild_strong_300_800,weak_null,True,1099,1739603722,-5.551115123125783e-17,2,6
300,800,0.12161560505098379,0.09482331815914635,0.09388582006016577,0.08363693979032405,0.026792286891837436,0.01024888026984172,0.032255694728574806,0.8306219139686543,0.31773863052970924,0.40618725112064624,0.7506832056120818,0.52,0.471,0.757,True,999,0.0001438329927623272,0.0030369999585673213,weak_5x5_mild_strong_300_800,weak_null,True,1100,1739603722,-5.551115123125783e-17,3,3
300,800,0.14090581929294443,0.09072042719518336,0.10473808011994379,0.07981966055240264,0.05018539209776107,0.02491841956754115,0.03627510611444133,1.3834664449894463,0.6869289227970302,0.1665218891934912,0.4921275197828632,0.21,0.184,0.473,True,999,0.0001176249934360385,0.0030610410030931234,weak_5x5_mild_strong_300_800,weak_null,True,1101,1739603722,-5.551115123125783e-17,0,5
300,800,0.13231647396919233,0.1475142729828378,0.09629380683037425,0.13628963347150602,-0.015197799013645485,-0.03999582664113177,0.03841268843967082,-0.39564528365449975,-1.0412139390854496,0.6923667257348722,0.2977762678405961,0.735,0.722,0.298,True,999,0.0001301249722018838,0.0031412499956786633,weak_5x5_mild_strong_300_800,weak_null,True,1102,1739603722,-5.551115123125783e-17,1,4
300,800,0.1562004469935574,0.11509899794121231,0.11865465119785767,0.10821029562617923,0.041101449052345085,0.010444355571678443,0.03580013814535614,1.1480807388358252,0.2917406499738115,0.25093523476226165,0.770484926363364,0.328,0.295,0.779,True,999,0.00011129199992865324,0.002960250014439225,weak_5x5_mild_strong_300_800,weak_null,True,1103,1739603722,-5.551115123125783e-17,0,8
300,800,0.1927663624904825,0.0980018046162977,0.16552046234374984,0.0891024429044478,0.09476455787418481,0.07641801943930204,0.038386544908047854,2.4686920404320403,1.9907501345160339,0.013560786659099395,0.046508363982001685,0.021,0.018,0.044,True,999,0.00012041605077683926,0.003105082898400724,weak_5x5_mild_strong_300_800,weak_null,True,1104,1739603722,-5.551115123125783e-17,4,6
300,800,0.11813740058199618,0.08967676011026621,0.0834131445921571,0.08022947331340902,0.02846064047172997,0.003183671278748079,0.03294184395527153,0.863966222120834,0.0966452055043085,0.3876064463337916,0.9230081556974384,0.462,0.42,0.905,True,999,0.00011783302761614323,0.0030953329987823963,weak_5x5_mild_strong_300_800,weak_null,True,1105,1739603722,-5.551115123125783e-17,0,6
300,800,0.12654553043912742,0.13375182432348942,0.09748958044070832,0.12318522030125223,-0.007206293884362003,-0.025695639860543906,0.03413288632756303,-0.21112465600492644,-0.75281180776658,0.832790001125554,0.45156301023986056,0.865,0.845,0.415,True,999,0.00013220799155533314,0.003070708946324885,weak_5x5_mild_strong_300_800,weak_null,True,1106,1739603722,-5.551115123125783e-17,2,5
300,800,0.13855698149782802,0.10095428728660316,0.10073958520945325,0.09334760379033469,0.03760269421122486,0.007391981419118565,0.036308727445424877,1.0356378991179167,0.20358690428435824,0.3003711040459697,0.8386763276864277,0.33,0.333,0.826,True,999,0.00012075004633516073,0.0032046660780906677,weak_5x5_mild_strong_300_800,weak_null,True,1107,1739603722,-5.551115123125783e-17,1,7
300,800,0.11072536237350383,0.13212740065409678,0.08052888994075147,0.12248095898684142,-0.02140203828059295,-0.041952069046089946,0.0324963204408954,-0.6585988195038626,-1.2909790547638385,0.510153421153652,0.19671094051340465,0.626,0.577,0.195,True,999,0.00011424999684095383,0.002990958048030734,weak_5x5_mild_strong_300_800,weak_null,True,1108,1739603722,-5.551115123125783e-17,2,5
300,800,0.11158278904744456,0.08150399072545028,0.07912178474873599,0.07095158552624525,0.030078798321994282,0.008170199222490737,0.03148377352571559,0.9553746248818066,0.2595050817468691,0.3393882815664637,0.7952455616230529,0.411,0.382,0.785,True,999,0.00011866691056638956,0.0030832079937681556,weak_5x5_mild_strong_300_800,weak_null,True,1109,1739603722,-5.551115123125783e-17,0,6
300,800,0.17123845596535747,0.1078509111291086,0.1394158456678838,0.09887491974859586,0.06338754483624887,0.04054092591928793,0.038159430298931714,1.6611239827137414,1.0624090978743697,0.09668854871481672,0.2880500053675539,0.121,0.107,0.271,True,999,0.00011874991469085217,0.0030388340819627047,weak_5x5_mild_strong_300_800,weak_null,True,1110,1739603722,-5.551115123125783e-17,1,5
300,800,0.16464546056667717,0.13175711506288168,0.13059027001628465,0.12108127176514927,0.03288834550379549,0.009508998251135381,0.038199262631476,0.860968072108692,0.2489314608732791,0.3892556279873265,0.8034137988825002,0.479,0.447,0.78,True,999,0.00012095901183784008,0.0030585420317947865,weak_5x5_mild_strong_300_800,weak_null,True,1111,1739603722,-5.551115123125783e-17,1,5
300,800,0.1317534654435315,0.08195197004981059,0.10021840953902483,0.07045166570179617,0.04980149539372092,0.02976674383722866,0.03484771498965842,1.4291179610628777,0.8541949980382468,0.1529703319632804,0.39299695420914926,0.218,0.183,0.369,True,999,0.00011541694402694702,0.0031249590683728456,weak_5x5_mild_strong_300_800,weak_null,True,1112,1739603722,-5.551115123125783e-17,1,4
300,800,0.13477077973568252,0.10103747117688233,0.10490759947373363,0.08961722622888146,0.03373330855880019,0.015290373244852162,0.03509995020752999,0.9610642852582562,0.43562378734007207,0.33651984585323613,0.6631097092090246,0.416,0.398,0.679,True,999,0.00013966590631753206,0.002978875068947673,weak_5x5_mild_strong_300_800,weak_null,True,1113,1739603722,-5.551115123125783e-17,2,4
300,800,0.10649303295612633,0.06916199767701298,0.07862504421160565,0.056961780810752316,0.037331035279113356,0.02166326340085334,0.03037606913631087,1.2289620197923725,0.7131687547733936,0.21908604632902673,0.4757413382462632,0.309,0.264,0.466,True,999,0.00012112502008676529,0.003024540957994759,weak_5x5_mild_strong_300_800,weak_null,True,1114,1739603722,-5.551115123125783e-17,3,3
300,800,0.0897239697927894,0.09409465754474045,0.057017142623010386,0.07892968788831922,-0.004370687751951041,-0.021912545265308836,0.03087352144771558,-0.1415675163376752,-0.7097520541159456,0.8874216266652222,0.477857906055813,0.912,0.901,0.463,True,999,0.00012858305126428604,0.0031417501159012318,weak_5x5_mild_strong_300_800,weak_null,True,1115,1739603722,-5.551115123125783e-17,2,2
300,800,0.14368324866307314,0.11066540604820013,0.11116727545993399,0.09792740376633446,0.033017842614873005,0.013239871693599525,0.03667505259912175,0.9002807160435722,0.3610048454004556,0.36797088076780704,0.7180958248855076,0.436,0.404,0.723,True,999,0.00012495799455791712,0.0030136669520288706,weak_5x5_mild_strong_300_800,weak_null,True,1116,1739603722,-5.551115123125783e-17,2,4
300,800,0.09679236936773217,0.0953297431991667,0.06397567717374386,0.08591771399028403,0.0014626261685654618,-0.021942036816540167,0.03178890733118182,0.046010583293335405,-0.6902419321288582,0.9633018145959912,0.49004205780785914,0.967,0.965,0.459,True,999,0.00012016703840345144,0.0030560409650206566,weak_5x5_mild_strong_300_800,weak_null,True,1117,1739603722,-5.551115123125783e-17,1,6
300,800,0.12398947766449209,0.12351548699012438,0.09037786565642136,0.11516273812742384,0.00047399067436770803,-0.024784872471002473,0.034523734273761625,0.013729414976060268,-0.7179082156775612,0.9890458558997436,0.47281388184184314,0.989,0.989,0.477,True,999,0.0001317920396104455,0.002984625054523349,weak_5x5_mild_strong_300_800,weak_null,True,1118,1739603722,-5.551115123125783e-17,0,6
300,800,0.1464029892393195,0.1250477159540168,0.11603357572624873,0.11315227829180685,0.02135527328530268,0.0028812974344418762,0.036618000680248536,0.5831905862851094,0.07868527448021011,0.5597650076204853,0.9372829584239519,0.612,0.589,0.951,True,999,0.0001248749904334545,0.0030252079013735056,weak_5x5_mild_strong_300_800,weak_null,True,1119,1739603722,-5.551115123125783e-17,1,4
300,800,0.12097800120789914,0.0755051724050797,0.08887059755522841,0.06609442732735715,0.04547282880281944,0.022776170227871262,0.032288326954291464,1.408336482320451,0.7053995166771583,0.15903145772166893,0.48056164470866514,0.243,0.198,0.476,True,999,0.00012083305045962334,0.0030970409279689193,weak_5x5_mild_strong_300_800,weak_null,True,1120,1739603722,-5.551115123125783e-17,1,6
300,800,0.11050065926329711,0.14672632008387532,0.08295877113334882,0.13965996489355348,-0.03622566082057821,-0.05670119376020466,0.03383106376225544,-1.0707810157892335,-1.676009780793973,0.28426790487388987,0.09373627681515592,0.377,0.317,0.081,True,999,0.00012491701636463404,0.0029959590174257755,weak_5x5_mild_strong_300_800,weak_null,True,1121,1739603722,-5.551115123125783e-17,3,7
300,800,0.16666105700275924,0.13677105578463644,0.139841920211893,0.12511306728492855,0.029890001218122797,0.014728852926964464,0.03843753310221039,0.7776253782635166,0.3831893396435857,0.43678989533512824,0.7015793816470905,0.486,0.449,0.723,True,999,0.00012262503150850534,0.003033583052456379,weak_5x5_mild_strong_300_800,weak_null,True,1122,1739603722,-5.551115123125783e-17,3,5
300,800,0.10694697927151708,0.1143943257583061,0.07700982854260019,0.1050359619952701,-0.007447346486789019,-0.02802613345266991,0.03333560940258432,-0.22340514003657808,-0.8407265970214183,0.8232202042465899,0.40050111690030044,0.86,0.851,0.378,True,999,0.0001168340677395463,0.003002541954629123,weak_5x5_mild_strong_300_800,weak_null,True,1123,1739603722,-5.551115123125783e-17,2,6
300,800,0.10581595304503855,0.0844004566486618,0.07008191622270488,0.07428676889031749,0.021415496396376743,-0.004204852667612613,0.03211984574808391,0.666737211764296,-0.1309113593069933,0.5049400051722379,0.89584542859229,0.568,0.538,0.898,True,999,0.00011520797852426767,0.002988334046676755,weak_5x5_mild_strong_300_800,weak_null,True,1124,1739603722,-5.551115123125783e-17,2,5
300,800,0.1250018210293926,0.12621644795680703,0.09116733914800079,0.11610753288084652,-0.0012146269274144195,-0.024940193732845728,0.035812795162814,-0.03391600465399082,-0.6964045565128697,0.9729441306620892,0.48617551031472395,0.977,0.977,0.48,True,999,0.00012162502389401197,0.00314024998806417,weak_5x5_mild_strong_300_800,weak_null,True,1125,1739603722,-5.551115123125783e-17,2,5
300,800,0.10789823894839379,0.07092249626858305,0.07779900374288218,0.06204322731764478,0.03697574267981074,0.0157557764252374,0.030600789050063495,1.2083264460703185,0.5148813777141706,0.22692171986250476,0.6066359146992363,0.306,0.275,0.586,True,999,0.00011983397416770458,0.003060000017285347,weak_5x5_mild_strong_300_800,weak_null,True,1126,1739603722,-5.551115123125783e-17,2,6
300,800,0.159458219660646,0.11103676535937579,0.1285693270132242,0.10028072346568706,0.048421454301270206,0.02828860354753715,0.03703176240391141,1.3075654831960086,0.7639010868288899,0.19102073072542314,0.4449261897227835,0.252,0.231,0.422,True,999,0.0001240420388057828,0.0030825419817119837,weak_5x5_mild_strong_300_800,weak_null,True,1127,1739603722,-5.551115123125783e-17,2,4
300,800,0.1634996053101604,0.12341488960379893,0.1261193052192766,0.11417238585056566,0.04008471570636146,0.011946919368710951,0.03773127271500497,1.0623738035324892,0.31663176217111544,0.2880660214523101,0.7515230321646083,0.371,0.337,0.744,True,999,0.00011645897757261992,0.0031766670290380716,weak_5x5_mild_strong_300_800,weak_null,True,1128,1739603722,-5.551115123125783e-17,1,7
300,800,0.12803187578884012,0.13342427236222237,0.09267346701102497,0.12000291903592597,-0.005392396573382252,-0.027329452024901002,0.03553809978533272,-0.15173564726181002,-0.7690183828056111,0.8793954402440299,0.4418823977284041,0.89,0.878,0.452,True,999,0.00011424999684095383,0.002978542004711926,weak_5x5_mild_strong_300_800,weak_null,True,1129,1739603722,-5.551115123125783e-17,0,2
300,800,0.1357826795435837,0.13239042728067163,0.10527609589155418,0.12431584559743669,0.0033922522629120655,-0.019039749705882514,0.03621826905446736,0.09366135796855943,-0.5256946343087052,0.9253781671640003,0.5991003924947492,0.939,0.933,0.592,True,999,0.0001231249189004302,0.0030239169718697667,weak_5x5_mild_strong_300_800,weak_null,True,1130,1739603722,-5.551115123125783e-17,1,7
300,800,0.13036899893080334,0.10210856570531074,0.10165968011705218,0.09268009745568406,0.0282604332254926,0.008979582661368113,0.03358518198950588,0.8414554143051223,0.26736739625748934,0.40009285263984595,0.78918629996215,0.451,0.423,0.787,True,999,0.0001199580729007721,0.0030773330945521593,weak_5x5_mild_strong_300_800,weak_null,True,1131,1739603722,-5.551115123125783e-17,4,6
300,800,0.11629227856338997,0.12075110346315232,0.0803936118436468,0.1081747400641575,-0.004458824899762348,-0.02778112822051071,0.035254617645733725,-0.12647491867783522,-0.78801388515052,0.8993560015981458,0.43068858408931376,0.918,0.916,0.402,True,999,0.00011808297131210566,0.00307075004093349,weak_5x5_mild_strong_300_800,weak_null,True,1132,1739603722,-5.551115123125783e-17,1,3
300,800,0.16271061562430278,0.09599896657570989,0.13486716178965708,0.08687256061767812,0.06671164904859289,0.04799460117197896,0.03718673139137221,1.7939637755866553,1.290637799457532,0.07281895087168612,0.1968293023505201,0.097,0.091,0.193,True,999,0.00011841603554785252,0.003229917027056217,weak_5x5_mild_strong_300_800,weak_null,True,1133,1739603722,-5.551115123125783e-17,3,7
300,800,0.10862177528327577,0.11453882666383025,0.07766009850786304,0.10385071394119905,-0.005917051380554483,-0.026190615433336006,0.03297388257637897,-0.17944660798886927,-0.7942836386546062,0.8575870373882768,0.4270303267645801,0.882,0.867,0.439,True,999,0.0001278329873457551,0.0031878749141469598,weak_5x5_mild_strong_300_800,weak_null,True,1134,1739603722,-5.551115123125783e-17,3,5
300,800,0.11327582386184443,0.12931910871898805,0.08201320147384195,0.12025108536494145,-0.016043284857143625,-0.0382378838910995,0.033469690146173674,-0.4793377168141405,-1.142463038172791,0.6316983942900523,0.2532616013670088,0.703,0.672,0.259,True,999,0.00011916703078895807,0.0031732500065118074,weak_5x5_mild_strong_300_800,weak_null,True,1135,1739603722,-5.551115123125783e-17,2,7
300,800,0.16017512040990367,0.10283376674072642,0.13095782889416796,0.0902928238689924,0.05734135366917725,0.04066500502517556,0.03673062626315951,1.5611319354685254,1.107114393689557,0.11849262441343271,0.2682444731533191,0.177,0.159,0.265,True,999,0.0001235420349985361,0.003161458997055888,weak_5x5_mild_strong_300_800,weak_null,True,1136,1739603722,-5.551115123125783e-17,3,2
300,800,0.14952004748036585,0.13282915114936483,0.12250655226796425,0.12251134596164093,0.016690896331001015,-4.793693676674593e-06,0.03712124861989444,0.4496318672334702,-0.00012913611085014804,0.6529759061339147,0.9998969642911969,0.689,0.673,1.0,True,999,0.00012729200534522533,0.0029429589631035924,weak_5x5_mild_strong_300_800,weak_null,True,1137,1739603722,-5.551115123125783e-17,4,4
300,800,0.15786060457995998,0.1029719599479269,0.1262630063040433,0.09027712294596313,0.05488864463203308,0.03598588335808017,0.034147127241656465,1.6074161742389212,1.0538480471112834,0.10796310434943349,0.2919524918518217,0.184,0.141,0.289,True,999,0.0001235839445143938,0.003133457968942821,weak_5x5_mild_strong_300_800,weak_null,True,1138,1739603722,-5.551115123125783e-17,2,3
300,800,0.17527771657129687,0.1259281383267551,0.14169100519114863,0.11159730978539528,0.04934957824454178,0.03009369540575335,0.03806463084291774,1.2964680637044377,0.790594700102091,0.19481427587960376,0.42918054056520905,0.26,0.232,0.424,True,999,0.00012900005094707012,0.0029933329205960035,weak_5x5_mild_strong_300_800,weak_null,True,1139,1739603722,-5.551115123125783e-17,2,2
300,800,0.14818131005631985,0.08332529299918273,0.12181792532214786,0.07410071211114655,0.06485601705713712,0.04771721321100131,0.03436451076732186,1.8872963883079765,1.3885608188659824,0.05912047196233552,0.16496633866791754,0.087,0.061,0.145,True,999,0.00012258300557732582,0.002942332997918129,weak_5x5_mild_strong_300_800,weak_null,True,1140,1739603722,-5.551115123125783e-17,3,5
300,800,0.10482423564156695,0.0908383193750501,0.07719306623619104,0.07579508848965588,0.013985916266516851,0.0013979777465351617,0.031782648791513234,0.44004879386426227,0.04398556444132677,0.6599017677799661,0.9649159106380046,0.706,0.676,0.964,True,999,0.00011879100929945707,0.00301508407574147,weak_5x5_mild_strong_300_800,weak_null,True,1141,1739603722,-5.551115123125783e-17,2,2
300,800,0.1456074180854161,0.11621175607143691,0.11394639972706955,0.10546341370127266,0.029395662013979196,0.00848298602579689,0.03672940043050661,0.8003305708623498,0.23095901175536515,0.423519295320546,0.8173466450490858,0.488,0.466,0.811,True,999,0.00011570798233151436,0.0029733750270679593,weak_5x5_mild_strong_300_800,weak_null,True,1142,1739603722,-5.551115123125783e-17,2,4
300,800,0.110573813401035,0.09911118038265437,0.07974163260809064,0.08812060928755727,0.01146263301838063,-0.008378976679466632,0.03269978448791709,0.35054154630946244,-0.2562395077118245,0.7259323161327961,0.7977659039450644,0.742,0.718,0.781,True,999,0.00012116599828004837,0.0030308749992400408,weak_5x5_mild_strong_300_800,weak_null,True,1143,1739603722,-5.551115123125783e-17,2,3
300,800,0.11189109631078642,0.09761773351838077,0.07592194635833494,0.08788566311284285,0.014273362792405653,-0.011963716754507914,0.03323195563145054,0.4295071572284305,-0.3600064012839954,0.6675541864046705,0.7188423465535856,0.732,0.7,0.714,True,999,0.00012204202357679605,0.0029850839637219906,weak_5x5_mild_strong_300_800,weak_null,True,1144,1739603722,-5.551115123125783e-17,1,5
300,800,0.12741514373979157,0.10729597053298123,0.09280156234189008,0.09901846785885482,0.020119173206810337,-0.006216905516964744,0.03410709049298057,0.5898824237426811,-0.18227604369373626,0.5552694784676979,0.8553660980998365,0.6,0.564,0.861,True,999,0.00012008391786366701,0.0030300419311970472,weak_5x5_mild_strong_300_800,weak_null,True,1145,1739603722,-5.551115123125783e-17,1,7
300,800,0.15601463843368912,0.11906028562410947,0.12036970654366996,0.10710825370296106,0.03695435280957965,0.013261452840708898,0.03728874631709772,0.9910323209937272,0.35564222856771743,0.32166979828268294,0.7221085147090996,0.406,0.395,0.727,True,999,0.00011925003491342068,0.0030764590483158827,weak_5x5_mild_strong_300_800,weak_null,True,1146,1739603722,-5.551115123125783e-17,1,3
300,800,0.15741316417195428,0.10397016165967415,0.12513388243775125,0.09710300576290365,0.053443002512280124,0.028030876674847605,0.03659076132692174,1.4605600040619902,0.7660643194713694,0.14413622920021749,0.44363803210394037,0.192,0.167,0.457,True,999,0.00011758401524275541,0.0029038750799372792,weak_5x5_mild_strong_300_800,weak_null,True,1147,1739603722,-5.551115123125783e-17,2,8
300,800,0.12360937615168066,0.10161621438032709,0.08951109202666885,0.09143657854667708,0.021993161771353575,-0.001925486520008235,0.03411680622251885,0.6446430427252876,-0.05643806478981947,0.519158534698015,0.9549928339479495,0.566,0.552,0.96,True,999,0.00012558302842080593,0.0030538750579580665,weak_5x5_mild_strong_300_800,weak_null,True,1148,1739603722,-5.551115123125783e-17,2,5
300,800,0.11281861515139835,0.11607027214513616,0.07636499329800017,0.10727408145271511,-0.003251656993737806,-0.030909088154714937,0.03435189938749244,-0.09465726937130403,-0.899778140534755,0.9245870596194393,0.36823832954327207,0.932,0.927,0.358,True,999,0.00011666608043015003,0.003093042061664164,weak_5x5_mild_strong_300_800,weak_null,True,1149,1739603722,-5.551115123125783e-17,0,6
300,800,0.11334867148739458,0.12822085535939332,0.0838066513930471,0.11814665247328549,-0.014872183871998734,-0.03434000108023838,0.03321629358376672,-0.4477376090891424,-1.0338300085660619,0.6543425757076125,0.30121564014637725,0.717,0.692,0.29,True,999,0.0001170419855043292,0.0029779589967802167,weak_5x5_mild_strong_300_800,weak_null,True,1150,1739603722,-5.551115123125783e-17,2,4
300,800,0.10082427128904126,0.08457832993347741,0.06854736036211762,0.07237863214976414,0.016245941355563842,-0.0038312717876465285,0.030973296248618762,0.5245144470630348,-0.1236959656115833,0.599920774099489,0.9015560061042623,0.659,0.634,0.898,True,999,0.0001242910511791706,0.003087833058089018,weak_5x5_mild_strong_300_800,weak_null,True,1151,1739603722,-5.551115123125783e-17,2,3
300,800,0.12565458337857716,0.10635238600501645,0.09587831392894941,0.09751692644425702,0.019302197373560703,-0.0016386125153076136,0.03406842389409557,0.56657148078124,-0.04809769070624964,0.5710053556639799,0.9616383866268726,0.604,0.575,0.959,True,999,0.00012145808432251215,0.00302791700232774,weak_5x5_mild_strong_300_800,weak_null,True,1152,1739603722,-5.551115123125783e-17,2,7
300,800,0.12287870311111049,0.10275302630966598,0.08912030678914107,0.09529884640278397,0.020125676801444503,-0.006178539613642897,0.03340984536625569,0.6023876070307005,-0.18493170339193757,0.546916157418523,0.853282604146012,0.59,0.573,0.866,True,999,0.00012737500946968794,0.0029432919109240174,weak_5x5_mild_strong_300_800,weak_null,True,1153,1739603722,-5.551115123125783e-17,2,8
300,800,0.14020586879745678,0.11303071630989064,0.10746333438527245,0.1058803153339909,0.027175152487566134,0.0015830190512815534,0.03492683712292694,0.7780593585362934,0.04532385929221217,0.4365340205132501,0.9638491700120775,0.521,0.49,0.968,True,999,0.00012979202438145876,0.0030974579276517034,weak_5x5_mild_strong_300_800,weak_null,True,1154,1739603722,-5.551115123125783e-17,1,7
300,800,0.16232109161202235,0.08178159080288588,0.12776271810554363,0.0719602842773952,0.08053950080913647,0.05580243382814842,0.03619259854349166,2.2253030743939077,1.5418189374021365,0.02606089920697038,0.12311759885026624,0.058,0.033,0.126,True,999,0.00011395895853638649,0.0029944170964881778,weak_5x5_mild_strong_300_800,weak_null,True,1155,1739603722,-5.551115123125783e-17,0,6
300,800,0.18305232411881722,0.11091775694033762,0.15278120217186597,0.10068917480617756,0.0721345671784796,0.05209202736568841,0.038135093880698086,1.8915534180706504,1.3659866035377604,0.05855050732863287,0.17194316820569522,0.103,0.072,0.162,True,999,0.0001214159419760108,0.0030709580751135945,weak_5x5_mild_strong_300_800,weak_null,True,1156,1739603722,-5.551115123125783e-17,2,5
300,800,0.1331079881724755,0.12229917646815641,0.09822148314663082,0.11105565163052233,0.010808811704319077,-0.012834168483891517,0.03540697833987619,0.3052734859372604,-0.3624756781190043,0.7601578678826079,0.7169965956094169,0.777,0.766,0.707,True,999,0.00012166600208729506,0.0030877500539645553,weak_5x5_mild_strong_300_800,weak_null,True,1157,1739603722,-5.551115123125783e-17,1,5
300,800,0.13122478781141989,0.11831745126413484,0.10502892305117939,0.10605132652034399,0.012907336547285042,-0.0010224034691646011,0.03463942318233146,0.37261984644907975,-0.02951560318377642,0.7094313996392966,0.9764533748220148,0.745,0.726,0.978,True,999,0.0001153330085799098,0.0030460419366136193,weak_5x5_mild_strong_300_800,weak_null,True,1158,1739603722,-5.551115123125783e-17,3,4
300,800,0.11511121074462927,0.11693869691173264,0.08131297293903117,0.10710349156119037,-0.001827486167103376,-0.025790518622159198,0.032930594452592464,-0.05549508587627415,-0.7831780461566747,0.955744044821723,0.4335225649921167,0.97,0.968,0.421,True,999,0.00012112502008676529,0.003084625001065433,weak_5x5_mild_strong_300_800,weak_null,True,1159,1739603722,-5.551115123125783e-17,2,6
300,800,0.11102413331282268,0.12152427734316074,0.08288065366707542,0.11239372347688459,-0.010500144030338054,-0.029513069809809167,0.033514496219086934,-0.3133015624551769,-0.8806061000254898,0.7540515631827474,0.3785310558009114,0.795,0.774,0.376,True,999,0.00015199999324977398,0.00297895900439471,weak_5x5_mild_strong_300_800,weak_null,True,1160,1739603722,-5.551115123125783e-17,3,6
300,800,0.10243430068378223,0.10743772305891508,0.06469858553020913,0.09560292050684893,-0.005003422375132849,-0.030904334976639802,0.03310535044539019,-0.15113636641262498,-0.9335148113782655,0.8798681457342356,0.3505542267189218,0.885,0.875,0.342,True,999,0.00012108299415558577,0.003081000060774386,weak_5x5_mild_strong_300_800,weak_null,True,1161,1739603722,-5.551115123125783e-17,0,3
300,800,0.1370250785690892,0.11024750486201707,0.10304191323012901,0.10049791978883604,0.026777573707072122,0.0025439934412929688,0.03557841205739894,0.7526354370136487,0.07150385006471686,0.4516690167544971,0.9429967604949858,0.498,0.483,0.936,True,999,0.00013866694644093513,0.003045374993234873,weak_5x5_mild_strong_300_800,weak_null,True,1162,1739603722,-5.551115123125783e-17,1,5
300,800,0.12858964125017203,0.13685209336238707,0.0979944742973089,0.12299817870228935,-0.008262452112215046,-0.025003704404980454,0.03538067542233419,-0.23353008425043636,-0.7067051181616721,0.8153498114073958,0.4797497482683136,0.851,0.839,0.484,True,999,0.00011462508700788021,0.003006832906976342,weak_5x5_mild_strong_300_800,weak_null,True,1163,1739603722,-5.551115123125783e-17,3,2
300,800,0.16324215957174926,0.09601164355100916,0.12668212387757194,0.08703412082326167,0.0672305160207401,0.039648003054310266,0.036672216811140204,1.8332820283805957,1.0811455238306205,0.06676064058971405,0.279632385926498,0.103,0.085,0.266,True,999,0.00011995795648545027,0.0031179579673334956,weak_5x5_mild_strong_300_800,weak_null,True,1164,1739603722,-5.551115123125783e-17,0,6
300,800,0.14254758753308905,0.12215099809894481,0.11604222944578169,0.1106820601624463,0.02039658943414424,0.005360169283335381,0.03585773263382874,0.5688198314832037,0.14948433405068434,0.5694784148715683,0.8811714700936861,0.632,0.604,0.898,True,999,0.0001127501018345356,0.003013291978277266,weak_5x5_mild_strong_300_800,weak_null,True,1165,1739603722,-5.551115123125783e-17,3,4
300,800,0.11867566873207913,0.11517209867141226,0.08222467928447941,0.10505170775672923,0.003503570060666872,-0.022827028472249822,0.03452893942824601,0.10146764188768613,-0.661098453941404,0.9191792429902967,0.5085491767248416,0.92,0.92,0.5,True,999,0.00011424999684095383,0.003042415948584676,weak_5x5_mild_strong_300_800,weak_null,True,1166,1739603722,-5.551115123125783e-17,1,5
300,800,0.08466023539048595,0.10684645355071704,0.05465474482173249,0.09476464795358197,-0.022186218160231086,-0.04010990313184948,0.03008475344043979,-0.737457204166695,-1.3332302427293263,0.46084435921533795,0.18245625757116601,0.561,0.496,0.17,True,999,0.00011891708709299564,0.0031123750377446413,weak_5x5_mild_strong_300_800,weak_null,True,1167,1739603722,-5.551115123125783e-17,2,3
300,800,0.06907655854455486,0.10859325259494496,0.032697638825311515,0.09972870984347537,-0.0395166940503901,-0.06703107101816386,0.028407570152310765,-1.391062095016095,-2.359620011805597,0.16420659789415737,0.018293662639724203,0.289,0.205,0.017,True,999,0.00011912500485777855,0.00297333300113678,weak_5x5_mild_strong_300_800,weak_null,True,1168,1739603722,-5.551115123125783e-17,1,6
300,800,0.0971343243877143,0.12258771159182502,0.06500586066965752,0.11101637490321536,-0.025453387204110722,-0.04601051423355784,0.032191758091956214,-0.7906802459002941,-1.4292637917484392,0.4291306063359639,0.1529284287870744,0.509,0.457,0.147,True,999,0.00011437502689659595,0.003066082950681448,weak_5x5_mild_strong_300_800,weak_null,True,1169,1739603722,-5.551115123125783e-17,1,3
300,800,0.137058512651559,0.11244015622389053,0.09776170889847435,0.10344423706573025,0.024618356427668464,-0.005682528167255896,0.03574794656899138,0.6886649105888228,-0.1589609673464449,0.49103416268896216,0.873699626285902,0.569,0.546,0.884,True,999,0.00012149999383836985,0.003078124951571226,weak_5x5_mild_strong_300_800,weak_null,True,1170,1739603722,-5.551115123125783e-17,0,6
300,800,0.14742925013183106,0.1234381740036713,0.12658594046439475,0.11606382233168233,0.02399107612815976,0.010522118132712421,0.03514118626979522,0.6827053572969655,0.2994241017343362,0.49479304381051525,0.7646164747101222,0.561,0.52,0.741,True,999,0.00011729204561561346,0.0028821249725297093,weak_5x5_mild_strong_300_800,weak_null,True,1171,1739603722,-5.551115123125783e-17,5,8
300,800,0.139452091702149,0.1172080016316589,0.1057884357027774,0.1065230343924668,0.022244090070490108,-0.0007345986896893919,0.035590809563526574,0.6249953384956387,-0.020640123073856907,0.5319741175494299,0.9835327336907986,0.573,0.55,0.985,True,999,0.00012250000145286322,0.0031573750311508775,weak_5x5_mild_strong_300_800,weak_null,True,1172,1739603722,-5.551115123125783e-17,1,5
300,800,0.1430365431051588,0.0984094447362539,0.11882200579032087,0.08625484064424427,0.04462709836890488,0.032567165146076604,0.03405330821058772,1.3105069878359015,0.9563583351338226,0.1900243818394609,0.3388912270682538,0.271,0.226,0.347,True,999,0.00011991697829216719,0.0030322499806061387,weak_5x5_mild_strong_300_800,weak_null,True,1173,1739603722,-5.551115123125783e-17,4,3
300,800,0.1501685782048765,0.09724565369223354,0.1212904956836951,0.08611191421857711,0.052922924512642966,0.035178581465117986,0.03617236566480714,1.463076122890486,0.9725264250367781,0.14344655054796207,0.3307887252951879,0.187,0.172,0.325,True,999,0.0001164580462500453,0.002960833953693509,weak_5x5_mild_strong_300_800,weak_null,True,1174,1739603722,-5.551115123125783e-17,3,5
300,800,0.13129892810928467,0.11841093433591449,0.10122532837016252,0.10944691694538733,0.012887993773370188,-0.008221588575224814,0.03412089447325504,0.3777155895919486,-0.24095466142217162,0.7056418854724904,0.8095902562359267,0.752,0.732,0.829,True,999,0.0001249168999493122,0.0031329169869422913,weak_5x5_mild_strong_300_800,weak_null,True,1175,1739603722,-5.551115123125783e-17,1,6
300,800,0.1729983363925105,0.12318558423461096,0.1415514519486578,0.11446219856236439,0.04981275215789954,0.02708925338629342,0.03663222124607547,1.3598070349948037,0.7394925140990619,0.17389099560203025,0.4596079837118464,0.269,0.236,0.485,True,999,0.00011775002349168062,0.0030286250403150916,weak_5x5_mild_strong_300_800,weak_null,True,1176,1739603722,-5.551115123125783e-17,2,6
300,800,0.1767167769774627,0.13851207559111478,0.14410356965828441,0.13018695475767572,0.038204701386347906,0.013916614900608693,0.037677115451699515,1.0140028218276087,0.3693651898179204,0.3105814058132246,0.7118555408528293,0.373,0.344,0.721,True,999,0.00011670892126858234,0.003009667037986219,weak_5x5_mild_strong_300_800,weak_null,True,1177,1739603722,-5.551115123125783e-17,1,6
300,800,0.17539137064958343,0.11607349078364082,0.13816120073698812,0.10555027498850222,0.05931787986594261,0.0326109257484859,0.038821433988775945,1.5279672534273876,0.8400237291057916,0.12652066859935734,0.4008950820376057,0.166,0.151,0.421,True,999,0.00011954200454056263,0.003041250049136579,weak_5x5_mild_strong_300_800,weak_null,True,1178,1739603722,-5.551115123125783e-17,1,5
300,800,0.1515870048505854,0.11528017053600736,0.12183114383827842,0.1021319242065033,0.03630683431457804,0.019699219631775122,0.03589633560825596,1.011435671618461,0.5487807960889581,0.31180795530220917,0.5831558907851451,0.363,0.319,0.558,True,999,0.00011995900422334671,0.003087792079895735,weak_5x5_mild_strong_300_800,weak_null,True,1179,1739603722,-5.551115123125783e-17,1,3
300,800,0.10777448288227476,0.10205581363221117,0.07600467245634945,0.09374653624695384,0.0057186692500635905,-0.017741863790604384,0.03244391751408513,0.17626321628949093,-0.5468471488654837,0.8600871586968256,0.5844837478810672,0.877,0.867,0.553,True,999,0.0001235420349985361,0.0030662500066682696,weak_5x5_mild_strong_300_800,weak_null,True,1180,1739603722,-5.551115123125783e-17,1,6
300,800,0.1716379067479884,0.13335752705853238,0.14450087948205237,0.12459455138355224,0.03828037968945602,0.019906328098500126,0.038915483169774,0.9836799281780145,0.5115271988698202,0.32527291182945606,0.6089819480495996,0.363,0.34,0.608,True,999,0.00013624993152916431,0.0029776670271530747,weak_5x5_mild_strong_300_800,weak_null,True,1181,1739603722,-5.551115123125783e-17,4,6
300,800,0.13601985291203222,0.08172120265418592,0.10064976406226833,0.07165783365195466,0.054298650257846304,0.02899193041031367,0.033213781849209964,1.6348228727568965,0.8728885660156549,0.10208618445654156,0.3827238190975145,0.154,0.123,0.406,True,999,0.00011462497059255838,0.0030722090741619468,weak_5x5_mild_strong_300_800,weak_null,True,1182,1739603722,-5.551115123125783e-17,1,5
300,800,0.09598594117065806,0.11399181055232,0.05874110650546527,0.10001157441831765,-0.018005869381661932,-0.04127046791285238,0.03293668832654617,-0.5466812328897571,-1.2530242112893113,0.5845977497219348,0.21019689563448218,0.678,0.655,0.206,True,999,0.00012141605839133263,0.003111166995950043,weak_5x5_mild_strong_300_800,weak_null,True,1183,1739603722,-5.551115123125783e-17,0,2
300,800,0.12740849987288883,0.1254240712963906,0.08991253000618826,0.11239398818258906,0.0019844285764982206,-0.022481458176400793,0.036693615439300865,0.05408103161109573,-0.612680377969022,0.9568706047097663,0.5400876993833819,0.962,0.959,0.506,True,999,0.00011550006456673145,0.0030397920636460185,weak_5x5_mild_strong_300_800,weak_null,True,1184,1739603722,-5.551115123125783e-17,1,3
300,800,0.18467338194768712,0.11208778842180278,0.15712270597811084,0.09844323026135271,0.07258559352588434,0.058679475716758134,0.038479848136098484,1.886327442591718,1.5249404184033173,0.05925084341905031,0.1272739593712944,0.096,0.075,0.132,True,999,0.00012391596101224422,0.003120457986369729,weak_5x5_mild_strong_300_800,weak_null,True,1185,1739603722,-5.551115123125783e-17,3,3
300,800,0.10174272191672684,0.1079429721860532,0.06594317653338067,0.09786097304152008,-0.006200250269326357,-0.03191779650813942,0.032650790515849154,-0.18989586994277116,-0.9775504973653263,0.8493907288938626,0.32829669085591573,0.871,0.861,0.336,True,999,0.00011904106941074133,0.0030340420780703425,weak_5x5_mild_strong_300_800,weak_null,True,1186,1739603722,-5.551115123125783e-17,1,5
300,800,0.12253300332027783,0.12356592469848432,0.08946377561176178,0.11240100988214863,-0.001032921378206486,-0.022937234270386853,0.03445727471866914,-0.02997687387177035,-0.6656717473352393,0.9760854968573133,0.5056209358345234,0.984,0.981,0.473,True,999,0.00011787493713200092,0.0029707499779760838,weak_5x5_mild_strong_300_800,weak_null,True,1187,1739603722,-5.551115123125783e-17,1,5
300,800,0.12672985587541663,0.1359426878158535,0.09784416513809902,0.12582706348041484,-0.009212831940436872,-0.02798289834231582,0.034617788969258836,-0.2661299931263091,-0.8083386945123818,0.7901390964849508,0.4188956330698993,0.818,0.796,0.438,True,999,0.00011608307249844074,0.0031091670971363783,weak_5x5_mild_strong_300_800,weak_null,True,1188,1739603722,-5.551115123125783e-17,3,5
300,800,0.08829425606295316,0.11203893880813137,0.05173175845698097,0.09554935614949045,-0.023744682745178214,-0.04381759769250948,0.031766209977739594,-0.7474823959741334,-1.3793775752038089,0.4547724252054963,0.16777836960852532,0.543,0.502,0.173,True,999,0.0001178329112008214,0.003050041967071593,weak_5x5_mild_strong_300_800,weak_null,True,1189,1739603722,-5.551115123125783e-17,0,0
300,800,0.15641631521123478,0.11340794386784475,0.12745247527811898,0.0987712789451507,0.04300837134339003,0.028681196332968284,0.03713954250604692,1.1580210320681137,0.7722549713233146,0.24685545359190797,0.43996342908940256,0.305,0.283,0.428,True,999,0.00011870893649756908,0.00313354202080518,weak_5x5_mild_strong_300_800,weak_null,True,1190,1739603722,-5.551115123125783e-17,3,1
300,800,0.11456950063859583,0.16536625909425207,0.08174595871003021,0.15697275564394886,-0.05079675845565623,-0.07522679693391865,0.03646009064055311,-1.3932153640659635,-2.0632641228337176,0.1635546750862784,0.03908754077271318,0.231,0.179,0.036,True,999,0.00012979097664356232,0.0030681249918416142,weak_5x5_mild_strong_300_800,weak_null,True,1191,1739603722,-5.551115123125783e-17,2,6
300,800,0.1647750138908899,0.14791513426902425,0.13090364149888956,0.1360954365679845,0.016859879621865637,-0.005191795069094951,0.03726391645740699,0.45244518624703983,-0.13932499754901562,0.6509483008404358,0.8891933373346826,0.711,0.695,0.894,True,999,0.00011641602031886578,0.003040042007341981,weak_5x5_mild_strong_300_800,weak_null,True,1192,1739603722,-5.551115123125783e-17,2,4
300,800,0.14037549157302154,0.08673863741392807,0.11480745016348237,0.07639255823517033,0.05363685415909347,0.038414891928312045,0.03432967397273279,1.5624049969625666,1.1189996141187954,0.11819261067232774,0.26314030365747654,0.139,0.124,0.261,True,999,0.00012075004633516073,0.003190250019542873,weak_5x5_mild_strong_300_800,weak_null,True,1193,1739603722,-5.551115123125783e-17,4,6
300,800,0.10435244130503307,0.1348825140255836,0.07578699120011834,0.12651932352372341,-0.030530072720550527,-0.05073233232360508,0.03269438470695405,-0.933801721433125,-1.5517139343140591,0.3504061813850745,0.12073068706214077,0.41,0.359,0.115,True,999,0.00011991697829216719,0.002975124982185662,weak_5x5_mild_strong_300_800,weak_null,True,1194,1739603722,-5.551115123125783e-17,4,6
300,800,0.15536604453465142,0.1059126114857944,0.12341959883087839,0.09556761252048318,0.04945343304885702,0.027851986310395205,0.03622555044900138,1.3651533913467502,0.7688492228601317,0.1722048439981806,0.4419828239897856,0.243,0.21,0.452,True,999,0.00011937494855374098,0.0031062919879332185,weak_5x5_mild_strong_300_800,weak_null,True,1195,1739603722,-5.551115123125783e-17,0,4
300,800,0.1301979447611823,0.08955842099980699,0.0987384650705394,0.07852396207306356,0.04063952376137531,0.020214502997475847,0.03333830869072155,1.2190037634598352,0.6063445864937288,0.22284276407159254,0.5442859570839139,0.302,0.235,0.514,True,999,0.00011933303903788328,0.0031886670039966702,weak_5x5_mild_strong_300_800,weak_null,True,1196,1739603722,-5.551115123125783e-17,1,4
300,800,0.12471225453289825,0.07174264669008734,0.08582727844969895,0.06202462522077212,0.052969607842810906,0.02380265322892683,0.03395319078561212,1.5600774659816985,0.70104319146975,0.11874157595397918,0.4832760610938861,0.168,0.142,0.473,True,999,0.00012579199392348528,0.003157750004902482,weak_5x5_mild_strong_300_800,weak_null,True,1197,1739603722,-5.551115123125783e-17,0,7
300,800,0.15691976780596262,0.09067000402372571,0.12466561435815038,0.07934469910577491,0.0662497637822369,0.04532091525237547,0.0368108118676802,1.7997365562155403,1.2311848870730049,0.07190224594672957,0.21825372247565,0.11,0.085,0.2,True,999,0.00012216600589454174,0.0031667499570176005,weak_5x5_mild_strong_300_800,weak_null,True,1198,1739603722,-5.551115123125783e-17,2,3
300,800,0.10568763282425386,0.10984388633956793,0.0769375040197815,0.09972638747922247,-0.004156253515314068,-0.022788883459440967,0.03182556657391706,-0.13059480043068156,-0.7160558605142888,0.8960958561546998,0.47395685722446745,0.914,0.909,0.482,True,999,0.00012012501247227192,0.003104874980635941,weak_5x5_mild_strong_300_800,weak_null,True,1199,1739603722,-5.551115123125783e-17,4,5
300,800,0.13608166798202603,0.1327558379405927,0.10097166953966052,0.12062034520209863,0.003325830041433331,-0.01964867566243811,0.036095160754562726,0.09214060754703575,-0.5443576161370705,0.9265863255038128,0.5861954059294711,0.929,0.925,0.58,True,999,0.00011841603554785252,0.0031185420230031013,weak_5x5_mild_strong_300_800,weak_null,True,1200,1739603722,-5.551115123125783e-17,2,3
300,800,0.09382216650423625,0.13002879071086293,0.05678592208016653,0.12198561009984132,-0.03620662420662668,-0.0651996880196748,0.032864286528984286,-1.1017012091436902,-1.9839069977123243,0.2705915911238951,0.047266208687010314,0.338,0.297,0.052,True,999,0.00013116595800966024,0.003100167028605938,weak_5x5_mild_strong_300_800,weak_null,True,1201,1739603722,-5.551115123125783e-17,0,7
300,800,0.08509927823485874,0.11248504554179656,0.05249307539094161,0.0991854385976012,-0.027385767306937814,-0.04669236320665959,0.030018519209499737,-0.9122957436978185,-1.555451915558953,0.36161305431757373,0.11983847799206912,0.485,0.42,0.121,True,999,0.00011766701936721802,0.0030257919570431113,weak_5x5_mild_strong_300_800,weak_null,True,1202,1739603722,-5.551115123125783e-17,1,3
300,800,0.1462968138367966,0.10252002942296656,0.11307558104510917,0.08853731491552708,0.04377678441383004,0.024538266129582098,0.035615395460259644,1.2291533997615451,0.6889791847731236,0.21901429703319308,0.49083636662066876,0.297,0.262,0.474,True,999,0.00011983292642980814,0.003121166955679655,weak_5x5_mild_strong_300_800,weak_null,True,1203,1739603722,-5.551115123125783e-17,1,2
300,800,0.13198914696502406,0.09588234105857568,0.10340380985348929,0.08845319028040421,0.03610680590644838,0.014950619573085078,0.032901027021958316,1.0974370460335634,0.4544119417034294,0.27245038646447106,0.6495323588934401,0.349,0.303,0.654,True,999,0.0001318750437349081,0.0029689170187339187,weak_5x5_mild_strong_300_800,weak_null,True,1204,1739603722,-5.551115123125783e-17,3,8
300,800,0.12193368790041093,0.1018961308872458,0.08592765452499407,0.0906421827739905,0.02003755701316512,-0.00471452824899643,0.034379898429549756,0.5828276966619164,-0.13713037165183306,0.5600092979844173,0.8909277461277055,0.617,0.591,0.882,True,999,0.0001217919634655118,0.0030996249988675117,weak_5x5_mild_strong_300_800,weak_null,True,1205,1739603722,-5.551115123125783e-17,1,3
300,800,0.11832970808539289,0.11918990037805427,0.08484776929634563,0.10847092697082417,-0.000860192292661377,-0.023623157674478534,0.034248395245632925,-0.025116280237132034,-0.6897595494635844,0.9799622145272695,0.4903454104127867,0.989,0.986,0.506,True,999,0.00011854106560349464,0.0031439579324796796,weak_5x5_mild_strong_300_800,weak_null,True,1206,1739603722,-5.551115123125783e-17,0,4
300,800,0.17100359392059095,0.09905834791832657,0.14168426047660887,0.08907476347320653,0.07194524600226437,0.05260949700340234,0.03639619629600997,1.9767243097914482,1.4454668992201747,0.04807280139160421,0.14832678408563985,0.083,0.063,0.141,True,999,0.00012366590090095997,0.002967167063616216,weak_5x5_mild_strong_300_800,weak_null,True,1207,1739603722,-5.551115123125783e-17,2,5
300,800,0.15164499868194625,0.1103779219464357,0.12425923330351907,0.1035088566700324,0.041267076735510555,0.020750376633486667,0.0360025736286243,1.1462257437812902,0.5763581472683613,0.2517017585424046,0.564373127373904,0.278,0.254,0.536,True,999,0.00011929101310670376,0.00303912500385195,weak_5x5_mild_strong_300_800,weak_null,True,1208,1739603722,-5.551115123125783e-17,4,8
300,800,0.09195643529866837,0.11106668495346617,0.054376098222064684,0.10207340251122332,-0.019110249654797795,-0.04769730428915864,0.03216054771005622,-0.5942140608762781,-1.483099875013766,0.5523689494494506,0.13804787722954612,0.614,0.578,0.119,True,999,0.00011625001206994057,0.0031202910467982292,weak_5x5_mild_strong_300_800,weak_null,True,1209,1739603722,-5.551115123125783e-17,0,6
300,800,0.12636286818693754,0.10030919489209011,0.0970844503385706,0.08882467685594975,0.026053673294847424,0.008259773482620858,0.03442322856793318,0.7568631525491952,0.23994766982186025,0.4491318529049091,0.8103708249521819,0.523,0.484,0.809,True,999,0.00015125004574656487,0.0029972499469295144,weak_5x5_mild_strong_300_800,weak_null,True,1210,1739603722,-5.551115123125783e-17,2,4
300,800,0.0983369181093382,0.121198736908804,0.07350270124732106,0.1098533123793004,-0.022861818799465805,-0.03635061113197935,0.0321587741701251,-0.7109045474968385,-1.1303481575410417,0.47714338783104515,0.25832954980986933,0.557,0.518,0.239,True,999,0.00012579199392348528,0.0030852080089971423,weak_5x5_mild_strong_300_800,weak_null,True,1211,1739603722,-5.551115123125783e-17,4,4
300,800,0.1148922811685662,0.1231392496739917,0.07884574945126133,0.11363140434082197,-0.0082469685054255,-0.03478565488956065,0.03416818176506801,-0.2413639848362322,-1.0180715827590192,0.809273023617066,0.3086439389386968,0.829,0.818,0.332,True,999,0.0001229170011356473,0.0031452090479433537,weak_5x5_mild_strong_300_800,weak_null,True,1212,1739603722,-5.551115123125783e-17,1,6
300,800,0.11338613079261006,0.0801666087247489,0.07989990435225991,0.07054192606130982,0.03321952206786116,0.009357978290950086,0.03186757305294529,1.0424239716237482,0.29365205424970997,0.29721515736401805,0.7690237948776327,0.378,0.336,0.757,True,999,0.00012037507258355618,0.002968624932691455,weak_5x5_mild_strong_300_800,weak_null,True,1213,1739603722,-5.551115123125783e-17,0,5
300,800,0.16593688172957077,0.08496093306126346,0.1327345057849243,0.076153848226852,0.08097594866830732,0.05658065755807229,0.03533256084118439,2.2918222381979176,1.6013743756756136,0.021915902890610406,0.10929402468604169,0.052,0.03,0.108,True,999,0.00014091702178120613,0.003113957936875522,weak_5x5_mild_strong_300_800,weak_null,True,1214,1739603722,-5.551115123125783e-17,1,6
300,800,0.12128661810937824,0.12042474318334107,0.09133101983434244,0.10903735135462966,0.0008618749260371761,-0.017706331520287222,0.03511433529536273,0.024544816776041808,-0.504247948063125,0.980418035852356,0.6140871502602846,0.979,0.979,0.605,True,999,0.00012379197869449854,0.0030516249826177955,weak_5x5_mild_strong_300_800,weak_null,True,1215,1739603722,-5.551115123125783e-17,2,4
300,800,0.10251062447370851,0.09947924626262161,0.06987347267721589,0.08719072089797919,0.003031378211086899,-0.017317248220763304,0.03310817685868018,0.0915598048187949,-0.5230504927734531,0.9270477883592518,0.6009391160202515,0.937,0.933,0.621,True,999,0.00011687504593282938,0.003125959075987339,weak_5x5_mild_strong_300_800,weak_null,True,1216,1739603722,-5.551115123125783e-17,2,3
300,800,0.12402442725788032,0.1159644246048786,0.09306699103069604,0.10587312801180815,0.008060002653001719,-0.012806136981112104,0.034611057586852706,0.23287363100003558,-0.3700013196353936,0.8158595349768158,0.7113815071432504,0.844,0.84,0.731,True,999,0.00013154197949916124,0.0030166669748723507,weak_5x5_mild_strong_300_800,weak_null,True,1217,1739603722,-5.551115123125783e-17,2,5
300,800,0.10752997713724644,0.09746879468664871,0.0728743462394732,0.0850816937934269,0.010061182450597728,-0.012207347553953696,0.032965446352430816,0.305203889643552,-0.3703073643671003,0.7602108701468144,0.7111534872676473,0.788,0.77,0.695,True,999,0.00012620806228369474,0.002967833075672388,weak_5x5_mild_strong_300_800,weak_null,True,1218,1739603722,-5.551115123125783e-17,0,4
300,800,0.15985754780782768,0.09337929248496624,0.13327784248212993,0.08230861985344973,0.06647825532286145,0.0509692226286802,0.035085637259718784,1.8947427071300194,1.4527090459091385,0.05812649681358218,0.14630455433160533,0.09,0.065,0.142,True,999,0.00011454196646809578,0.0030236669117584825,weak_5x5_mild_strong_300_800,weak_null,True,1219,1739603722,-5.551115123125783e-17,3,3
300,800,0.10787152642607611,0.10555211819913712,0.07586450119964638,0.09716071000536886,0.0023194082269389904,-0.021296208805722472,0.03234248258276345,0.07171398240699965,-0.6584593112549758,0.9428295284630854,0.5102430343072935,0.959,0.956,0.482,True,999,0.00012025004252791405,0.003083250019699335,weak_5x5_mild_strong_300_800,weak_null,True,1220,1739603722,-5.551115123125783e-17,1,6
300,800,0.1137096694904669,0.14659036640564432,0.08752383404930697,0.13699047293954436,-0.03288069691517742,-0.04946663889023739,0.033746648673732255,-0.9743396220784177,-1.4658237435215686,0.32988793759588086,0.1426963108182695,0.39,0.338,0.134,True,999,0.00011933303903788328,0.0030872499337419868,weak_5x5_mild_strong_300_800,weak_null,True,1221,1739603722,-5.551115123125783e-17,4,5
300,800,0.10447867723535853,0.13495659107568353,0.07364235115215934,0.12436444800590607,-0.030477913840325,-0.050722096853746734,0.033019483995670534,-0.9230281685904365,-1.5361262720034432,0.3559925259243595,0.1245074139689758,0.46,0.404,0.128,True,999,0.00011862500105053186,0.003107749973423779,weak_5x5_mild_strong_300_800,weak_null,True,1222,1739603722,-5.551115123125783e-17,2,5
300,800,0.11508501041229025,0.15892560351888785,0.08034805797524314,0.147112838486521,-0.0438405931065976,-0.06676478051127788,0.03586902133865299,-1.222241128150166,-1.8613493766926716,0.22161645498520355,0.06269485452063987,0.304,0.252,0.067,True,999,0.0001189579488709569,0.0030102499295026064,weak_5x5_mild_strong_300_800,weak_null,True,1223,1739603722,-5.551115123125783e-17,0,4
300,800,0.09895348883021104,0.10660991047999901,0.06565107665068126,0.09507711996320722,-0.00765642164978797,-0.029426043312525962,0.03197735137083461,-0.23943263971421713,-0.9202151538843333,0.8107701230747257,0.35746033683123724,0.853,0.832,0.338,True,999,0.0001189579488709569,0.0031019579619169235,weak_5x5_mild_strong_300_800,weak_null,True,1224,1739603722,-5.551115123125783e-17,0,4
300,800,0.17364457128104904,0.1340563701277921,0.14077618638896183,0.1225309426204717,0.03958820115325695,0.018245243768490127,0.03807554636289463,1.039727723824245,0.47918534364802906,0.29846641645229866,0.6318067799066289,0.359,0.33,0.601,True,999,0.00012091698590666056,0.0031339999986812472,weak_5x5_mild_strong_300_800,weak_null,True,1225,1739603722,-5.551115123125783e-17,1,3
300,800,0.13792490576493832,0.11619652880020959,0.10389536870945904,0.10619939417540536,0.021728376964728735,-0.0023040254659463244,0.035626440728914015,0.6098946883316982,-0.06467178361930508,0.541931571347749,0.9484353291869114,0.605,0.585,0.958,True,999,0.00011737493332475424,0.003019208903424442,weak_5x5_mild_strong_300_800,weak_null,True,1226,1739603722,-5.551115123125783e-17,0,5
300,800,0.16386765087266442,0.12505473598863215,0.1352272597614501,0.11222179380575881,0.03881291488403227,0.023005465955691307,0.03778191485490361,1.0272881888884688,0.6089015351403104,0.3042847823036334,0.542589706636147,0.352,0.327,0.521,True,999,0.0001202079001814127,0.0030835000798106194,weak_5x5_mild_strong_300_800,weak_null,True,1227,1739603722,-5.551115123125783e-17,4,3
300,800,0.1608812355822271,0.09657633363612245,0.12474956970351059,0.0876365723811432,0.06430490194610466,0.03711299732236739,0.03600474589126883,1.7860118257826294,1.0307807041450976,0.07409734339569073,0.3026436689071633,0.134,0.107,0.288,True,999,0.00011866702698171139,0.0030125409830361605,weak_5x5_mild_strong_300_800,weak_null,True,1228,1739603722,-5.551115123125783e-17,0,6
300,800,0.17342395389007592,0.10208861342929415,0.13402643630672628,0.09173271811016548,0.07133534046078177,0.0422937181965608,0.03787179255790181,1.8836008449221904,1.1167603997592233,0.05961898749144306,0.26409678491664035,0.114,0.093,0.275,True,999,0.00011795794125646353,0.0030572080286219716,weak_5x5_mild_strong_300_800,weak_null,True,1229,1739603722,-5.551115123125783e-17,0,5
300,800,0.14124593892923432,0.10449950009474163,0.11319732315809006,0.09364729186523846,0.03674643883449269,0.0195500312928516,0.03593761743911132,1.0225062609326214,0.543999093038791,0.306541350896673,0.586442096966421,0.338,0.316,0.547,True,999,0.0001206250162795186,0.0029932500328868628,weak_5x5_mild_strong_300_800,weak_null,True,1230,1739603722,-5.551115123125783e-17,3,4
300,800,0.13635209495023082,0.11151053566017205,0.1064580718437469,0.10021636218982621,0.024841559290058768,0.0062417096539206796,0.03393071963792303,0.7321259187881867,0.18395453207377793,0.4640917152952334,0.8540491242796866,0.564,0.517,0.874,True,999,0.00012516602873802185,0.0030597499571740627,weak_5x5_mild_strong_300_800,weak_null,True,1231,1739603722,-5.551115123125783e-17,2,4
300,800,0.09423601719427555,0.0823759409978348,0.06267608831461757,0.07368966324116855,0.01186007619644075,-0.011013574926550973,0.030523308516526022,0.3885580159182099,-0.3608250698179711,0.6976031293095104,0.7182302205476616,0.738,0.701,0.732,True,999,0.00011404207907617092,0.003002583049237728,weak_5x5_mild_strong_300_800,weak_null,True,1232,1739603722,-5.551115123125783e-17,1,7
300,800,0.10851907857301979,0.08654519372482461,0.07082643947046563,0.07710815654485259,0.02197388484819518,-0.006281717074386961,0.031966826938881074,0.6873964966935291,-0.19650736954272255,0.4918329046850214,0.8442130650581142,0.583,0.554,0.817,True,999,0.00012329209130257368,0.0029619589913636446,weak_5x5_mild_strong_300_800,weak_null,True,1233,1739603722,-5.551115123125783e-17,1,4
300,800,0.14638890293010332,0.05422224277069254,0.11341931615254452,0.044545241103151056,0.09216666015941077,0.06887407504939347,0.0337109901574537,2.734024118808987,2.0430748170760866,0.006256546132342405,0.041045032390249016,0.017,0.008,0.031,True,999,0.00012091605458408594,0.0030494999373331666,weak_5x5_mild_strong_300_800,weak_null,True,1234,1739603722,-5.551115123125783e-17,2,5
300,800,0.15487445384331433,0.13562596365423424,0.12817010985816069,0.1243590632503242,0.019248490189080092,0.003811046607836488,0.036964647019640716,0.5207270119163492,0.10309977005357401,0.6025569544885271,0.9178837875226971,0.645,0.626,0.913,True,999,0.00012374995276331902,0.0030542920576408505,weak_5x5_mild_strong_300_800,weak_null,True,1235,1739603722,-5.551115123125783e-17,3,5
300,800,0.14310470974104117,0.09412128040191076,0.10836809083440357,0.08421696171245685,0.04898342933913041,0.024151129121946724,0.036067985874632225,1.3580860741542553,0.6696001602610416,0.17443637348890728,0.5031127118766121,0.23,0.198,0.491,True,999,0.00011483300477266312,0.003092958009801805,weak_5x5_mild_strong_300_800,weak_null,True,1236,1739603722,-5.551115123125783e-17,1,6
300,800,0.1386886426483782,0.10254442022073901,0.10282152243092924,0.09108665127530458,0.036144222427639205,0.01173487115562466,0.036194370762045375,0.998614471439886,0.3242181286359104,0.3179814870704637,0.7457728980843046,0.399,0.364,0.744,True,999,0.00012279197108000517,0.003193999989889562,weak_5x5_mild_strong_300_800,weak_null,True,1237,1739603722,-5.551115123125783e-17,1,4
300,800,0.1523231346629117,0.09202344845227983,0.11680127936654117,0.08086519910904144,0.060299686210631864,0.035936080257499725,0.03527699287847273,1.7093204746323167,1.0186832075312517,0.08739160272568977,0.3083533872862899,0.142,0.117,0.317,True,999,0.00011849997099488974,0.003170875017531216,weak_5x5_mild_strong_300_800,weak_null,True,1238,1739603722,-5.551115123125783e-17,1,5
300,800,0.10330958926862055,0.11046736940137775,0.06617088103240576,0.09757673893352603,-0.007157780132757197,-0.03140585790112027,0.03297897693632953,-0.21704069676194868,-0.9522993379010398,0.8281766293523591,0.34094519351968267,0.85,0.841,0.325,True,999,0.00012483308091759682,0.0031049581011757255,weak_5x5_mild_strong_300_800,weak_null,True,1239,1739603722,-5.551115123125783e-17,1,2
300,800,0.15347059162700583,0.11270527383405077,0.11942085369173583,0.10082759770773464,0.04076531779295506,0.01859325598400119,0.036206650559358726,1.1259069028250117,0.5135315113867993,0.26020492724799493,0.6075795741100996,0.351,0.321,0.617,True,999,0.00011908297892659903,0.00321424996946007,weak_5x5_mild_strong_300_800,weak_null,True,1240,1739603722,-5.551115123125783e-17,2,4
300,800,0.1709345933599431,0.11843757962462242,0.1409178581114361,0.10846068180734392,0.052497013735320674,0.03245717630409217,0.03708834631815716,1.4154584646342123,0.8751313964139261,0.1569341182763831,0.38150241571261934,0.203,0.163,0.383,True,999,0.00011675001587718725,0.002854958991520107,weak_5x5_mild_strong_300_800,weak_null,True,1241,1739603722,-5.551115123125783e-17,3,5
300,800,0.12456359212129753,0.08777180424079589,0.09700022810977771,0.07338431256494005,0.036791787880501636,0.023615915544837662,0.034446334679957245,1.0680900659630734,0.6855857310873394,0.2854798865019694,0.49297438197635646,0.405,0.346,0.503,True,999,0.00011612509842962027,0.003057833993807435,weak_5x5_mild_strong_300_800,weak_null,True,1242,1739603722,-5.551115123125783e-17,3,3
300,800,0.109533241184123,0.09292591873869976,0.07025217085896429,0.08347572862948027,0.016607322445423234,-0.013223557770515981,0.03286463288573944,0.5053250557571101,-0.40236438412351544,0.6133305473402185,0.6874158774934469,0.651,0.619,0.663,True,999,0.0001317090354859829,0.003029917017556727,weak_5x5_mild_strong_300_800,weak_null,True,1243,1739603722,-5.551115123125783e-17,0,6
300,800,0.1271937420495075,0.14466969562427306,0.09058125028337827,0.13570133416646968,-0.017475953574765557,-0.04512008388309141,0.0357583603831023,-0.488723570866629,-1.2618051666712609,0.6250374139468092,0.20701890259035838,0.717,0.673,0.209,True,999,0.00012008310295641422,0.002984625054523349,weak_5x5_mild_strong_300_800,weak_null,True,1244,1739603722,-5.551115123125783e-17,1,6
300,800,0.12609429415523676,0.10151158493044038,0.09667952572146987,0.08958886859846871,0.024582709224796384,0.007090657123001165,0.03477615425253028,0.7068840633235853,0.20389422796758086,0.47963852843191224,0.8384361557498289,0.509,0.488,0.828,True,999,0.00011837505735456944,0.003088583005592227,weak_5x5_mild_strong_300_800,weak_null,True,1245,1739603722,-5.551115123125783e-17,3,4
300,800,0.12253578993019043,0.09277424124591072,0.08638813394043154,0.08185636538257768,0.029761548684279715,0.004531768557853866,0.03332409723053846,0.8930939217463932,0.13599073746852827,0.3718068777421889,0.891828603368506,0.459,0.433,0.901,True,999,0.00011991697829216719,0.0029916659696027637,weak_5x5_mild_strong_300_800,weak_null,True,1246,1739603722,-5.551115123125783e-17,0,4
300,800,0.12059334165070257,0.09885652034478565,0.08695429033474511,0.08721029037599237,0.02173682130591692,-0.00025600004124726183,0.034878183870732674,0.6232211340613104,-0.007339832893709788,0.5331392154734407,0.9941437132380493,0.594,0.576,0.994,True,999,0.0001152500044554472,0.0030306250555440784,weak_5x5_mild_strong_300_800,weak_null,True,1247,1739603722,-5.551115123125783e-17,0,5
300,800,0.15231470712851514,0.10436792097641512,0.1217597158032504,0.09280080554447068,0.04794678615210002,0.028958910258779724,0.0359770952310499,1.3327030946823,0.8049263030492478,0.18262925729871715,0.42086220883127246,0.234,0.204,0.431,True,999,0.0001254169037565589,0.0030906250467523932,weak_5x5_mild_strong_300_800,weak_null,True,1248,1739603722,-5.551115123125783e-17,1,4
300,800,0.13286286263865565,0.08616028297126155,0.09773817661147177,0.0728518865694241,0.046702579667394106,0.024886290042047676,0.03417493787876339,1.3665739447156537,0.7282029342769409,0.17175888870325373,0.4664893699254268,0.219,0.183,0.47,True,999,0.0001152500044554472,0.0029949999880045652,weak_5x5_mild_strong_300_800,weak_null,True,1249,1739603722,-5.551115123125783e-17,2,3
300,800,0.10948904225047085,0.10466753163678755,0.07035609035551715,0.09416008021872813,0.0048215106136833,-0.023803989863210973,0.03330149831444412,0.1447835940640553,-0.7148023683032387,0.8848817357709508,0.4747311715607254,0.897,0.895,0.461,True,999,0.00011629192158579826,0.0031140840146690607,weak_5x5_mild_strong_300_800,weak_null,True,1250,1739603722,-5.551115123125783e-17,0,4
300,800,0.13197133365093205,0.11571419532828248,0.09752027039115774,0.10451854717422293,0.016257138322649578,-0.006998276783065194,0.03533269705453021,0.4601159740950247,-0.19806800404352104,0.6454329787678637,0.8429918579481281,0.701,0.686,0.851,True,999,0.00011916703078895807,0.003145375056192279,weak_5x5_mild_strong_300_800,weak_null,True,1251,1739603722,-5.551115123125783e-17,1,5
300,800,0.17827181205554832,0.11052091602080827,0.1489643863484389,0.0994132747626395,0.06775089603474005,0.04955111158579939,0.03783544565391542,1.7906726051138457,1.3096478904741424,0.0733458483258293,0.1903149794358192,0.111,0.092,0.197,True,999,0.00011745898518711329,0.003051209030672908,weak_5x5_mild_strong_300_800,weak_null,True,1252,1739603722,-5.551115123125783e-17,3,5
300,800,0.17356971954197498,0.11506366124479639,0.14568751489639453,0.1035850076996212,0.05850605829717859,0.04210250719677333,0.03690867972116688,1.5851571700524891,1.1407210313358302,0.11293062893960976,0.2539860316873771,0.164,0.139,0.251,True,999,0.00011966598685830832,0.0031650830060243607,weak_5x5_mild_strong_300_800,weak_null,True,1253,1739603722,-5.551115123125783e-17,2,4
300,800,0.1540931731498314,0.11130522743713678,0.12249873647130016,0.10050990854318798,0.04278794571269462,0.021988827928112187,0.037152407366849084,1.1516870304042288,0.5918547272318271,0.24944970370017727,0.5539478722233524,0.303,0.278,0.556,True,999,0.00011804199311882257,0.0029367089737206697,weak_5x5_mild_strong_300_800,weak_null,True,1254,1739603722,-5.551115123125783e-17,2,5
300,800,0.1501754254486103,0.12058565168079849,0.12073454511175896,0.1091994254788915,0.0295897737678118,0.011535119632867463,0.03548908713515968,0.8337710591179641,0.32503286401637005,0.404410006748808,0.7451561990351638,0.453,0.422,0.752,True,999,0.0001194169744849205,0.003032500040717423,weak_5x5_mild_strong_300_800,weak_null,True,1255,1739603722,-5.551115123125783e-17,2,4
300,800,0.12649209459627597,0.09165536632409077,0.09636254679958256,0.0809754692014053,0.0348367282721852,0.015387077598177257,0.033159072111524586,1.0505941829439052,0.4640382440867339,0.2934450138746314,0.6426203456940152,0.373,0.338,0.648,True,999,0.00013187492731958628,0.003119791974313557,weak_5x5_mild_strong_300_800,weak_null,True,1256,1739603722,-5.551115123125783e-17,1,5
300,800,0.11779785062572767,0.14784477063388457,0.08669012370677365,0.13712115637184752,-0.030046920008156897,-0.05043103266507387,0.0340949564896525,-0.8812716924063492,-1.4791346831716654,0.3781707837596652,0.13910432219988364,0.473,0.431,0.157,True,999,0.00012220896314829588,0.003091749968007207,weak_5x5_mild_strong_300_800,weak_null,True,1257,1739603722,-5.551115123125783e-17,2,4
300,800,0.1625387781475045,0.11461113083585928,0.1349498804189011,0.10632669624811797,0.04792764731164523,0.028623184170783134,0.03589309392627073,1.3352888277086143,0.7974565867623178,0.18178183379998347,0.4251859064535437,0.263,0.214,0.439,True,999,0.00012270896695554256,0.0031680420506745577,weak_5x5_mild_strong_300_800,weak_null,True,1258,1739603722,-5.551115123125783e-17,3,6
300,800,0.1369278016150416,0.14196095136594944,0.10964440221266614,0.12943181349999122,-0.0050331497509078504,-0.019787411287325085,0.035922592840968486,-0.14011098177656361,-0.5508347177199922,0.8885723039815157,0.5817469824186157,0.908,0.902,0.604,True,999,0.00011537503451108932,0.0029545410070568323,weak_5x5_mild_strong_300_800,weak_null,True,1259,1739603722,-5.551115123125783e-17,3,3
300,800,0.0751228237406747,0.13760707644183623,0.04260087769677057,0.12697545678429378,-0.062484252701161536,-0.08437457908752322,0.03120838912506875,-2.0021620613211923,-2.703586485973019,0.04526730455264222,0.00685955944348636,0.112,0.052,0.004,True,999,0.00011324998922646046,0.003061082912608981,weak_5x5_mild_strong_300_800,weak_null,True,1260,1739603722,-5.551115123125783e-17,1,5
300,800,0.12030460263542442,0.10163396044903023,0.09330559574999597,0.08772524570986207,0.018670642186394193,0.005580350040133908,0.033079898576375034,0.5644105027494967,0.1686930819104529,0.5724747927544596,0.8660380606298961,0.631,0.608,0.869,True,999,0.00012308394070714712,0.003064083051867783,weak_5x5_mild_strong_300_800,weak_null,True,1261,1739603722,-5.551115123125783e-17,4,2
300,800,0.11756479165485145,0.1428384814853002,0.08504055126252297,0.13204334635793202,-0.025273689830448753,-0.047002795095409056,0.034266877486157754,-0.73755450407345,-1.3716684607284695,0.4607852108333531,0.17016667099615812,0.538,0.502,0.16,True,999,0.00011595909018069506,0.0029700419399887323,weak_5x5_mild_strong_300_800,weak_null,True,1262,1739603722,-5.551115123125783e-17,1,4
300,800,0.12375591014127685,0.0879139846053697,0.08728467776722937,0.07530160627533178,0.03584192553590715,0.01198307149189759,0.03379087589784253,1.0606983270947283,0.3546244710591442,0.28882702049316067,0.7228709409164404,0.348,0.329,0.727,True,999,0.00011745805386453867,0.003043500008061528,weak_5x5_mild_strong_300_800,weak_null,True,1263,1739603722,-5.551115123125783e-17,1,3
300,800,0.10421567746148974,0.10659328643252153,0.07674955280140239,0.09657806780842293,-0.002377608971031786,-0.019828515007020542,0.031072042044635293,-0.07651923769980509,-0.6381465041318072,0.93900600937322,0.5233783168144762,0.951,0.943,0.515,True,999,0.00012133398558944464,0.003011625027284026,weak_5x5_mild_strong_300_800,weak_null,True,1264,1739603722,-5.551115123125783e-17,3,5
300,800,0.1557792215735493,0.11776422084872668,0.1251037496908225,0.11064298752728519,0.03801500072482261,0.01446076216353731,0.03655422668164948,1.039961836859387,0.39559754031937244,0.2983576313803312,0.692401951929632,0.344,0.311,0.676,True,999,0.00011916703078895807,0.0029857500921934843,weak_5x5_mild_strong_300_800,weak_null,True,1265,1739603722,-5.551115123125783e-17,3,7
300,800,0.12500750161426188,0.11974228450881419,0.08925373821955418,0.11114823011666886,0.005265217105447695,-0.021894491897114676,0.035182724679048455,0.14965347776442017,-0.6223080246582775,0.8810380140786622,0.5337393455745707,0.891,0.889,0.556,True,999,0.00013866601511836052,0.003162457956932485,weak_5x5_mild_strong_300_800,weak_null,True,1266,1739603722,-5.551115123125783e-17,2,7
300,800,0.12591901721324783,0.09291166045197047,0.10037006926722825,0.08541003131398384,0.03300735676127736,0.01496003795324441,0.033724851549631334,0.9787250423534685,0.44359092081483,0.3277158551121566,0.6573383710832785,0.392,0.363,0.664,True,999,0.00012262503150850534,0.0029527500737458467,weak_5x5_mild_strong_300_800,weak_null,True,1267,1739603722,-5.551115123125783e-17,3,8
300,800,0.12103026445270504,0.12149574686069281,0.08722865617886555,0.11041586113890389,-0.00046548240798777174,-0.023187204960038343,0.03460234938273321,-0.013452335355588612,-0.6701049314185846,0.9892669130334408,0.5027909014618531,0.993,0.993,0.505,True,999,0.00011483405251055956,0.0030763749964535236,weak_5x5_mild_strong_300_800,weak_null,True,1268,1739603722,-5.551115123125783e-17,0,5
300,800,0.15585728277191424,0.10972132411222135,0.12780107729571455,0.10077119722978978,0.04613595865969289,0.027029880065924772,0.037796553356074056,1.2206393060513985,0.715141399568407,0.2222226172233629,0.47452167473692963,0.253,0.234,0.458,True,999,0.00011920800898224115,0.0030228329123929143,weak_5x5_mild_strong_300_800,weak_null,True,1269,1739603722,-5.551115123125783e-17,3,6
300,800,0.13836257744030434,0.11893617700919723,0.10851927731118849,0.10878073635666397,0.019426400431107105,-0.00026145904547547616,0.03525891543047582,0.5509642084542401,-0.007415402382158518,0.5816582102782613,0.9940834191508657,0.625,0.589,0.994,True,999,0.00012025004252791405,0.0030246670357882977,weak_5x5_mild_strong_300_800,weak_null,True,1270,1739603722,-5.551115123125783e-17,1,5
300,800,0.1202024370250252,0.0900746848000955,0.08796909422494537,0.08071566813339359,0.030127752224929694,0.007253426091551773,0.03208385746831135,0.9390314819434146,0.22607711989482102,0.3477145809698987,0.8211414396055042,0.419,0.367,0.81,True,999,0.00011712498962879181,0.0030748751014471054,weak_5x5_mild_strong_300_800,weak_null,True,1271,1739603722,-5.551115123125783e-17,1,6
300,800,0.11205132533025985,0.11609697485246512,0.08111608391607206,0.1084470075002173,-0.0040456495222052635,-0.02733092358414524,0.03260808096095077,-0.12406892411270874,-0.8381641230857745,0.901260702980195,0.401938533512717,0.914,0.908,0.416,True,999,0.00011716701555997133,0.002967042033560574,weak_5x5_mild_strong_300_800,weak_null,True,1272,1739603722,-5.551115123125783e-17,2,7
300,800,0.1013489793801643,0.11617757075039947,0.06410222888075623,0.10620489279176581,-0.014828591370235178,-0.042102663911009586,0.03300216492439604,-0.4493217764412027,-1.2757546060224136,0.6531995509319826,0.20204227879198566,0.682,0.654,0.18,True,999,0.00012075004633516073,0.0030852080089971423,weak_5x5_mild_strong_300_800,weak_null,True,1273,1739603722,-5.551115123125783e-17,1,6
300,800,0.15354092111389295,0.08459668678559462,0.11700986992337903,0.07156918839399395,0.06894423432829833,0.045440681529385074,0.03592509256104874,1.9191108334972005,1.2648730536230677,0.05497030871585429,0.2059168382845169,0.089,0.067,0.177,True,999,0.0001360420137643814,0.003134208032861352,weak_5x5_mild_strong_300_800,weak_null,True,1274,1739603722,-5.551115123125783e-17,1,2
300,800,0.10388547502737944,0.10153555740750697,0.07615334117855355,0.09153685349241414,0.002349917619872466,-0.015383512313860592,0.032137403245803456,0.07312095510328206,-0.478679381660041,0.9417098665317367,0.6321667360064415,0.953,0.95,0.617,True,999,0.00011850008741021156,0.0029993329662829638,weak_5x5_mild_strong_300_800,weak_null,True,1275,1739603722,-5.551115123125783e-17,3,5
300,800,0.1777673483688449,0.07681707460749665,0.15219637777852313,0.06554223971846795,0.10095027376134824,0.08665413806005517,0.03724059398364577,2.710758958508573,2.3268731454205427,0.006712940667461485,0.01997201788632179,0.011,0.002,0.02,True,999,0.00011654198169708252,0.003118625027127564,weak_5x5_mild_strong_300_800,weak_null,True,1276,1739603722,-5.551115123125783e-17,4,3
300,800,0.1541181576315782,0.1260121954919476,0.12362359090531072,0.11354088596561951,0.028105962139630625,0.010082704939691212,0.03569778561514656,0.7873306888734654,0.28244622925331037,0.43108830917190566,0.7776013714893141,0.531,0.496,0.784,True,999,0.0001378749730065465,0.003029000014066696,weak_5x5_mild_strong_300_800,weak_null,True,1277,1739603722,-5.551115123125783e-17,2,4
300,800,0.13743481164859572,0.07679771191406848,0.10449433426913401,0.06667241374873356,0.060637099734527244,0.037821920520400454,0.034437431181928026,1.760790443810693,1.0982793786386869,0.07827387786988099,0.2720825136445366,0.121,0.096,0.254,True,999,0.00011708308011293411,0.0029592920327559114,weak_5x5_mild_strong_300_800,weak_null,True,1278,1739603722,-5.551115123125783e-17,1,5
300,800,0.12913687145075814,0.062482957530771766,0.09664589516620481,0.052971126136185376,0.06665391391998637,0.043674769030019434,0.03277738514150763,2.0335335973942352,1.332466541838687,0.041998642786406526,0.18270692885531725,0.066,0.039,0.165,True,999,0.0001154160127043724,0.0031270410399883986,weak_5x5_mild_strong_300_800,weak_null,True,1279,1739603722,-5.551115123125783e-17,2,6
300,800,0.14234879418150492,0.13757481704558722,0.11329434670352612,0.12901023149532875,0.004773977135917706,-0.015715884791802637,0.036112594932009294,0.13219701173249596,-0.4351912351187057,0.8948284646703644,0.6634236240847524,0.904,0.896,0.677,True,999,0.00012729200534522533,0.0029395000310614705,weak_5x5_mild_strong_300_800,weak_null,True,1280,1739603722,-5.551115123125783e-17,3,5
300,800,0.16867043061415687,0.12508411885784199,0.14278882606458865,0.11360515041189956,0.04358631175631489,0.02918367565268909,0.03638057608393936,1.1980654637175079,0.8021773922808377,0.23089153266043372,0.4224503519737469,0.305,0.278,0.436,True,999,0.00014100002590566874,0.0030197500018402934,weak_5x5_mild_strong_300_800,weak_null,True,1281,1739603722,-5.551115123125783e-17,4,4
300,800,0.08449284765788745,0.1247848466404472,0.057861462941104946,0.11515744549188867,-0.04029199898255975,-0.05729598255078372,0.03001433612390752,-1.3424251269867566,-1.9089538517277205,0.1794581920848548,0.05626804512135124,0.305,0.211,0.042,True,999,0.00011754105798900127,0.003037333022803068,weak_5x5_mild_strong_300_800,weak_null,True,1282,1739603722,-5.551115123125783e-17,2,5
300,800,0.1624938221636294,0.1022205222550513,0.1407374933071992,0.09079690125463458,0.060273299908578104,0.049940592052564625,0.036513983861039864,1.6506908733365915,1.3677114018186016,0.09880171236787019,0.17140242957426421,0.139,0.117,0.172,True,999,0.00011424999684095383,0.0030135000124573708,weak_5x5_mild_strong_300_800,weak_null,True,1283,1739603722,-5.551115123125783e-17,5,4
300,800,0.07733396286189986,0.10030695427541136,0.04570010453898021,0.09007451395160615,-0.0229729914135115,-0.04437440941262594,0.028809524817993083,-0.7974095913988711,-1.540268702554641,0.42521319065485996,0.12349486936295376,0.496,0.441,0.105,True,999,0.00012070802040398121,0.0030603340128436685,weak_5x5_mild_strong_300_800,weak_null,True,1284,1739603722,-5.551115123125783e-17,2,5
300,800,0.08871183612969302,0.09466117147572811,0.048221845291152476,0.08403886734646449,-0.0059493353460350895,-0.03581702205531201,0.03170048096793445,-0.18767334640925284,-1.1298573700361678,0.8511327254680671,0.2585363294685664,0.87,0.86,0.208,True,999,0.00011562497820705175,0.003043167060241103,weak_5x5_mild_strong_300_800,weak_null,True,1285,1739603722,-5.551115123125783e-17,0,5
300,800,0.1450628630083982,0.11799998045833243,0.10630205188687114,0.10543327115317425,0.02706288255006578,0.0008687807336968945,0.038126599321075594,0.7098163233012492,0.022786735485654776,0.47781804530570593,0.981820388827863,0.523,0.511,0.988,True,999,0.00013041601050645113,0.003123625065200031,weak_5x5_mild_strong_300_800,weak_null,True,1286,1739603722,-5.551115123125783e-17,1,4
300,800,0.137442216339402,0.10735908435851826,0.10179724002904322,0.09230494406648404,0.03008313198088375,0.009492295962559183,0.035009334454865516,0.859288885359055,0.27113614441304995,0.39018115469986914,0.7862863231747252,0.459,0.418,0.767,True,999,0.00011562497820705175,0.0030882919672876596,weak_5x5_mild_strong_300_800,weak_null,True,1287,1739603722,-5.551115123125783e-17,1,0
300,800,0.16773576900140352,0.1261499984277369,0.13266001489853352,0.11474130800991134,0.041585770573666636,0.017918706888622182,0.03678600074922728,1.1304781636133736,0.48710668525168727,0.25827479458199887,0.626182729071598,0.306,0.293,0.63,True,999,0.000116499955765903,0.0030234591104090214,weak_5x5_mild_strong_300_800,weak_null,True,1288,1739603722,-5.551115123125783e-17,2,3
300,800,0.1415500977853874,0.10186311949102467,0.10702771538461775,0.09243012356375857,0.03968697829436274,0.01459759182085918,0.037176771013863144,1.067520852727192,0.3926535689561572,0.28573670241054294,0.694575368399549,0.361,0.337,0.677,True,999,0.00012208300177007914,0.003144624992273748,weak_5x5_mild_strong_300_800,weak_null,True,1289,1739603722,-5.551115123125783e-17,1,6
300,800,0.12357925894363408,0.14179936093632073,0.09547789229787895,0.131485156700478,-0.018220101992686644,-0.03600726440259905,0.033941552867152024,-0.536808143811231,-1.0608608434485087,0.5914001457361349,0.28875314651685013,0.67,0.639,0.293,True,999,0.00013224990107119083,0.0031168750720098615,weak_5x5_mild_strong_300_800,weak_null,True,1290,1739603722,-5.551115123125783e-17,3,4
300,800,0.17412370068702465,0.12730287616933328,0.13939465705936982,0.11642066494937353,0.04682082451769137,0.02297399210999629,0.038848984658914225,1.2052007260619086,0.5913666035728611,0.22812582216980104,0.5542748119476255,0.299,0.276,0.565,True,999,0.0001336249988526106,0.003052916959859431,weak_5x5_mild_strong_300_800,weak_null,True,1291,1739603722,-5.551115123125783e-17,1,4
300,800,0.08258678678417464,0.13899423334014988,0.04670102884767857,0.1286619878033548,-0.05640744655597524,-0.08196095895567623,0.03188183625261141,-1.769265926499292,-2.5707728471556557,0.07684950683464796,0.010147185930907887,0.179,0.097,0.011,True,999,0.0001200829865410924,0.003189041977748275,weak_5x5_mild_strong_300_800,weak_null,True,1292,1739603722,-5.551115123125783e-17,1,4
300,800,0.13851030696088007,0.13579997406422495,0.10276977876293358,0.12389286939935573,0.002710332896655121,-0.021123090636422148,0.036627719252207876,0.07399676944099502,-0.576696858763568,0.9410129558278022,0.5641442548094073,0.945,0.945,0.574,True,999,0.00013749999925494194,0.003014334011822939,weak_5x5_mild_strong_300_800,weak_null,True,1293,1739603722,-5.551115123125783e-17,1,4
300,800,0.1223105629147403,0.11334435154639366,0.09063193579942208,0.1009084162943168,0.008966211368346633,-0.010276480494894713,0.03382948884284738,0.2650412901595577,-0.3037728575395689,0.7909776539087299,0.7613009466934917,0.81,0.799,0.759,True,999,0.00011912500485777855,0.003040375071577728,weak_5x5_mild_strong_300_800,weak_null,True,1294,1739603722,-5.551115123125783e-17,1,2
300,800,0.13957171779991162,0.12363068845597325,0.11038061421805878,0.1113768364263592,0.015941029343938373,-0.0009962222083004235,0.034527892554028106,0.4616855581033327,-0.02885267922858506,0.6443068291124194,0.9769820863976709,0.703,0.677,0.964,True,999,0.00012212502770125866,0.003118709078989923,weak_5x5_mild_strong_300_800,weak_null,True,1295,1739603722,-5.551115123125783e-17,3,3
300,800,0.12518297571914871,0.10404683674155074,0.09271955263704967,0.09607575267972379,0.021136138977597974,-0.003356200042674118,0.03440931087461219,0.6142563870174046,-0.09753755473058262,0.5390459175093959,0.9222995120326943,0.586,0.552,0.91,True,999,0.00011495791841298342,0.0029863329837098718,weak_5x5_mild_strong_300_800,weak_null,True,1296,1739603722,-5.551115123125783e-17,2,6
300,800,0.1465044815118708,0.08034619206099985,0.11132157719100633,0.06954989476344053,0.06615828945087093,0.04177168242756579,0.034897923020308794,1.8957658142683798,1.1969675789374865,0.057991018186508834,0.23131919178488702,0.094,0.072,0.223,True,999,0.00012087495997548103,0.003123625065200031,weak_5x5_mild_strong_300_800,weak_null,True,1297,1739603722,-5.551115123125783e-17,0,5
300,800,0.09129298163076327,0.12145159311445208,0.056344124538270535,0.1115714549907807,-0.030158611483688813,-0.05522733045251016,0.03220479736648801,-0.9364633206812711,-1.7148789922205556,0.34903468916669855,0.08636741499871332,0.446,0.371,0.086,True,999,0.00011912500485777855,0.00309879204723984,weak_5x5_mild_strong_300_800,weak_null,True,1298,1739603722,-5.551115123125783e-17,1,3
300,800,0.08309506217894147,0.12008951914433258,0.0503638761842069,0.10832510783808402,-0.03699445696539111,-0.05796123165387712,0.031582286037936745,-1.1713672949752036,-1.8352449719521222,0.2414511723631818,0.06646940044081723,0.334,0.246,0.056,True,999,0.0001217500539496541,0.0031309579499065876,weak_5x5_mild_strong_300_800,weak_null,True,1299,1739603722,-5.551115123125783e-17,2,5
300,800,0.14099877641473868,0.13159417580578525,0.10670685827074067,0.11807067905255053,0.009404600608953428,-0.011363820781809864,0.03724843049601061,0.2524831377784007,-0.3050818686985202,0.8006676461125742,0.7603038000304154,0.829,0.82,0.764,True,999,0.0001216670498251915,0.003200792009010911,weak_5x5_mild_strong_300_800,weak_null,True,1300,1739603722,-5.551115123125783e-17,2,2
300,800,0.17586683650783197,0.1165913603144152,0.1518195687230559,0.1072618226108375,0.059275476193416776,0.04455774611221841,0.03646833600568009,1.6253956907763596,1.2218201045772519,0.10407827351311023,0.22177566402622262,0.133,0.107,0.186,True,999,0.00012108299415558577,0.003094834042713046,weak_5x5_mild_strong_300_800,weak_null,True,1301,1739603722,-5.551115123125783e-17,4,6
300,800,0.11177002614269949,0.07882218154768916,0.0784453441664823,0.07015121609811104,0.03294784459501032,0.008294128068371265,0.03148821996304095,1.0463546251163958,0.2634041580663001,0.2953973338797602,0.7922390860643336,0.36,0.329,0.768,True,999,0.00012433307711035013,0.0031275409273803234,weak_5x5_mild_strong_300_800,weak_null,True,1302,1739603722,-5.551115123125783e-17,1,7
300,800,0.08858073885688822,0.12664745314098236,0.05256650178489508,0.1159509246271,-0.03806671428409414,-0.06338442284220491,0.031271596908232745,-1.2172935842004433,-2.026900737695233,0.2234925344812626,0.042672565080474824,0.354,0.285,0.045,True,999,0.00012149999383836985,0.0031406249618157744,weak_5x5_mild_strong_300_800,weak_null,True,1303,1739603722,-5.551115123125783e-17,0,5
300,800,0.13848156891374508,0.09291479172529349,0.10404390418545972,0.08124008494360169,0.04556677718845159,0.022803819241858037,0.034788880565102806,1.3098086643857185,0.6554916074170221,0.19026057130153773,0.5121512881338441,0.246,0.232,0.518,True,999,0.00012995896395295858,0.0031327499309554696,weak_5x5_mild_strong_300_800,weak_null,True,1304,1739603722,-5.551115123125783e-17,1,5
300,800,0.08278067407113054,0.10677357355242229,0.049817339667868055,0.09576139395511518,-0.02399289948129174,-0.04594405428724713,0.0302751396121711,-0.7924950896558773,-1.5175505340618434,0.4280720537848298,0.12912774497827523,0.549,0.469,0.115,True,999,0.00012004200834780931,0.0031784999882802367,weak_5x5_mild_strong_300_800,weak_null,True,1305,1739603722,-5.551115123125783e-17,1,4
300,800,0.13240223835763487,0.10284580827756179,0.09674730661595277,0.09068360642942253,0.02955643008007308,0.006063700186530241,0.03454105488909919,0.8556898500920073,0.17555052114068131,0.39216935592854407,0.8606470769414464,0.455,0.433,0.855,True,999,0.00011520797852426767,0.0029082080582156777,weak_5x5_mild_strong_300_800,weak_null,True,1306,1739603722,-5.551115123125783e-17,1,3
300,800,0.13802352731994771,0.10936415561194829,0.10256303977922698,0.09952187964307768,0.028659371707999426,0.0030411601361493013,0.0352343925449307,0.8133919627379174,0.08631226243708419,0.4159933659423374,0.931218190839768,0.473,0.452,0.929,True,999,0.00011733395513147116,0.003005417063832283,weak_5x5_mild_strong_300_800,weak_null,True,1307,1739603722,-5.551115123125783e-17,2,5
300,800,0.1571193571182603,0.12658600989751018,0.12307227241603869,0.11670175330277743,0.03053334722075013,0.006370519113261253,0.03841151945952027,0.7949007914911437,0.16584918282065836,0.4266712138193256,0.8682756397544171,0.463,0.452,0.862,True,999,0.00012674997560679913,0.0030903329607099295,weak_5x5_mild_strong_300_800,weak_null,True,1308,1739603722,-5.551115123125783e-17,2,6
300,800,0.10177293135816701,0.12722812773308156,0.07679826326403827,0.11913045952309176,-0.025455196374914557,-0.04233219625905349,0.030897249145093193,-0.8238661071533324,-1.370095960978982,0.4100156402602787,0.17065694849217128,0.484,0.43,0.165,True,999,0.00012345798313617706,0.0030117909191176295,weak_5x5_mild_strong_300_800,weak_null,True,1309,1739603722,-5.551115123125783e-17,5,7
300,800,0.19089302667996244,0.12021596680177005,0.16859322705516888,0.11292826131267475,0.0706770598781924,0.05566496574249413,0.038107455168525116,1.854678029945389,1.4607368950858377,0.06364221792628855,0.14408765970998896,0.105,0.084,0.146,True,999,0.00011779204942286015,0.0030227499082684517,weak_5x5_mild_strong_300_800,weak_null,True,1310,1739603722,-5.551115123125783e-17,5,7
300,800,0.10788818375046383,0.11677279504300414,0.07656427837889623,0.10343592749336494,-0.008884611292540312,-0.02687164911446871,0.032600395461332296,-0.2725307827347816,-0.8242737161376303,0.7852139254878421,0.40978404960912207,0.83,0.804,0.415,True,999,0.00013062497600913048,0.0030576669378206134,weak_5x5_mild_strong_300_800,weak_null,True,1311,1739603722,-5.551115123125783e-17,2,2
300,800,0.15852051766783704,0.10053237804183657,0.12638636475162457,0.08984816596461087,0.05798813962600047,0.0365381987870137,0.036210263539400475,1.6014282680628225,1.009056417036468,0.10928209589635789,0.31294757813012397,0.152,0.117,0.302,True,999,0.00011845899280160666,0.003056459012441337,weak_5x5_mild_strong_300_800,weak_null,True,1312,1739603722,-5.551115123125783e-17,2,5
300,800,0.11988253492630396,0.08638932250013293,0.08685364772406956,0.07689220114036743,0.03349321242617104,0.009961446583702127,0.03297256046219026,1.0157904620291107,0.3021132251808272,0.30972917895206553,0.7625657509941444,0.395,0.349,0.753,True,999,0.00012087495997548103,0.003016083035618067,weak_5x5_mild_strong_300_800,weak_null,True,1313,1739603722,-5.551115123125783e-17,1,6
300,800,0.17030588566639682,0.0969101020821998,0.1414298846488009,0.08372296169613946,0.07339578358419702,0.057706922952661444,0.03414183564210531,2.149731618228573,1.690211491777395,0.03157644992834109,0.09098750062171125,0.055,0.031,0.098,True,999,0.00011833396274596453,0.003058917005546391,weak_5x5_mild_strong_300_800,weak_null,True,1314,1739603722,-5.551115123125783e-17,3,3
300,800,0.14116639082373794,0.10365121162722507,0.11332073534526899,0.09360905556002308,0.03751517919651287,0.019711679785245906,0.033540467759148346,1.1185049494809267,0.5876984163367679,0.26335139381933914,0.5567347387400639,0.357,0.309,0.583,True,999,0.00011962500866502523,0.0030754590407013893,weak_5x5_mild_strong_300_800,weak_null,True,1315,1739603722,-5.551115123125783e-17,3,5
300,800,0.09329291524071892,0.1087526636297948,0.05986644441719591,0.0974767360053761,-0.015459748389075878,-0.03761029158818019,0.03210440189606117,-0.4815460645903703,-1.1714995255150518,0.6301284487839789,0.24139804843543167,0.688,0.663,0.239,True,999,0.0001253749942407012,0.0030360830714926124,weak_5x5_mild_strong_300_800,weak_null,True,1316,1739603722,-5.551115123125783e-17,1,5
300,800,0.15228339098877175,0.11646515206224411,0.11855809651979143,0.10767556956943736,0.035818238926527635,0.010882526950354077,0.03650409484960355,0.9812115345990188,0.29811797813888996,0.32648843721223475,0.7656131205264851,0.376,0.355,0.774,True,999,0.00011570809874683619,0.003049249993637204,weak_5x5_mild_strong_300_800,weak_null,True,1317,1739603722,-5.551115123125783e-17,2,7
300,800,0.13222818457303687,0.09124105166676244,0.10076034504407971,0.07752905744524696,0.040987132906274426,0.02323128759883275,0.033524286489285245,1.222610149193612,0.6929688900689279,0.2214769779312642,0.4883290750674989,0.253,0.236,0.488,True,999,0.00011962500866502523,0.0031340409768745303,weak_5x5_mild_strong_300_800,weak_null,True,1318,1739603722,-5.551115123125783e-17,2,3
300,800,0.10526355565209189,0.08319924281960211,0.07829980131253933,0.07241609321761189,0.022064312832489774,0.005883708094927442,0.030885788516170732,0.7143839899356191,0.1904988791802073,0.4749897691506908,0.8489182213900708,0.525,0.47,0.814,True,999,0.00011945795267820358,0.0030133749824017286,weak_5x5_mild_strong_300_800,weak_null,True,1319,1739603722,-5.551115123125783e-17,3,5
300,800,0.1318647384125773,0.1102426612786862,0.09520897872647538,0.09995674138042432,0.021622077133891082,-0.004747762653948939,0.0343111289484309,0.6301767909295183,-0.1383738396100214,0.5285789223870205,0.8899449710731391,0.621,0.596,0.918,True,999,0.00011554104276001453,0.0030574999982491136,weak_5x5_mild_strong_300_800,weak_null,True,1320,1739603722,-5.551115123125783e-17,0,5
300,800,0.0767316399859006,0.10607914690676734,0.039819402727630404,0.09684270251193539,-0.02934750692086674,-0.05702329978430498,0.029850397538748925,-0.9831529674862997,-1.9103028597955118,0.3255321586671217,0.05609422978397015,0.439,0.378,0.053,True,999,0.00012079102452844381,0.003027083002962172,weak_5x5_mild_strong_300_800,weak_null,True,1321,1739603722,-5.551115123125783e-17,0,4
300,800,0.12839942127864712,0.10417925031640063,0.09895855520545638,0.09718091866352552,0.02422017096224649,0.0017776365419308604,0.03448953220681987,0.7022470127170138,0.051541335245461964,0.482525131542336,0.9588941648415258,0.55,0.526,0.96,True,999,0.00011458294466137886,0.0029659579740837216,weak_5x5_mild_strong_300_800,weak_null,True,1322,1739603722,-5.551115123125783e-17,3,8
300,800,0.10860621156627492,0.09479396300074155,0.07202547836698159,0.08724286842652873,0.01381224856553337,-0.015217390059547142,0.03360285732923524,0.41104387136496284,-0.452860002661371,0.6810403657757825,0.6506495537084147,0.735,0.723,0.643,True,999,0.00011437502689659595,0.0030992079991847277,weak_5x5_mild_strong_300_800,weak_null,True,1323,1739603722,-5.551115123125783e-17,0,8
300,800,0.15418361828248495,0.1554965162062325,0.12453657891728653,0.14589412937732504,-0.001312897923747558,-0.02135755046003851,0.036219713718530416,-0.03624815850148105,-0.5896664624688004,0.9710844862680672,0.5554142838722107,0.973,0.972,0.543,True,999,0.0001194999786093831,0.003040167037397623,weak_5x5_mild_strong_300_800,weak_null,True,1324,1739603722,-5.551115123125783e-17,2,5
300,800,0.13239178580656175,0.1064103643937288,0.10027998297158547,0.09868542041954242,0.02598142141283294,0.001594562552043044,0.03480988526844762,0.7463805528937788,0.0458077508657688,0.4554375634433291,0.9634634810000697,0.537,0.508,0.951,True,999,0.00011445803102105856,0.0030993749387562275,weak_5x5_mild_strong_300_800,weak_null,True,1325,1739603722,-5.551115123125783e-17,1,7
300,800,0.18566173267327046,0.1000373848623396,0.1539225388458476,0.08953262109844218,0.08562434781093087,0.06438991774740543,0.03767274539646883,2.2728459768413023,1.7091910098338858,0.02303546328679373,0.08741557361311089,0.037,0.03,0.094,True,999,0.00011991697829216719,0.003029791987501085,weak_5x5_mild_strong_300_800,weak_null,True,1326,1739603722,-5.551115123125783e-17,3,5
300,800,0.09723460750706459,0.08550885749016973,0.06659980168910806,0.07559494094363117,0.011725750016894854,-0.00899513925452311,0.030446813444769617,0.38512240494938205,-0.2954377892727675,0.7001467291317864,0.767659469225745,0.76,0.741,0.766,True,999,0.0001176249934360385,0.002962749917060137,weak_5x5_mild_strong_300_800,weak_null,True,1327,1739603722,-5.551115123125783e-17,1,6
300,800,0.13234446809720524,0.1036437920323463,0.10018172563252392,0.09398742265847204,0.028700676064858932,0.00619430297405188,0.034052358473493284,0.8428395961824448,0.1819052556630869,0.3993181595361921,0.8556570798912744,0.479,0.45,0.872,True,999,0.0001169170718640089,0.003067667013965547,weak_5x5_mild_strong_300_800,weak_null,True,1328,1739603722,-5.551115123125783e-17,2,5
300,800,0.10102312512836287,0.11622644622681677,0.06619211603810982,0.10808293919632206,-0.015203321098453904,-0.04189082315821224,0.0335993345192603,-0.4524887565775695,-1.2467753828338168,0.6509169192354283,0.2124798692483838,0.694,0.674,0.158,True,999,0.00011424999684095383,0.0029477919451892376,weak_5x5_mild_strong_300_800,weak_null,True,1329,1739603722,-5.551115123125783e-17,1,7
300,800,0.14230178416413142,0.09739274028802386,0.10946528057121441,0.08661053255730167,0.04490904387610756,0.02285474801391274,0.03494072768896673,1.2852921746758164,0.6541005160899842,0.19869020368054147,0.5130470490166505,0.265,0.234,0.517,True,999,0.00011579191777855158,0.0029769170796498656,weak_5x5_mild_strong_300_800,weak_null,True,1330,1739603722,-5.551115123125783e-17,1,5
300,800,0.12642551206937347,0.13134306187428196,0.09517454065007769,0.12040149558794155,-0.004917549804908494,-0.025226954937863866,0.03485238212473887,-0.1410965192367131,-0.7238229756455384,0.8877936933906427,0.4691744220564361,0.925,0.913,0.463,True,999,0.00012195797171443701,0.003147832932882011,weak_5x5_mild_strong_300_800,weak_null,True,1331,1739603722,-5.551115123125783e-17,2,4
300,800,0.1252667305601487,0.10435570899406532,0.08831872029162469,0.09498057533295423,0.020911021566083376,-0.006661855041329545,0.034183802860053805,0.6117230915381678,-0.19488337996222166,0.5407209813633413,0.8454842455979142,0.618,0.585,0.832,True,999,0.00014387501869350672,0.0030230419943109155,weak_5x5_mild_strong_300_800,weak_null,True,1332,1739603722,-5.551115123125783e-17,1,6
300,800,0.05919096387495848,0.10573255906625767,0.02269010028072671,0.09763635656531733,-0.04654159519129919,-0.07494625628459062,0.028090408821746436,-1.6568500475247128,-2.668037220824295,0.09754979567654863,0.007629580527223823,0.204,0.107,0.007,True,999,0.00012474996037781239,0.003039041068404913,weak_5x5_mild_strong_300_800,weak_null,True,1333,1739603722,-5.551115123125783e-17,1,7
300,800,0.14039998996272618,0.10234165767250691,0.10610859879574264,0.09152336535447603,0.038058332290219266,0.01458523344126661,0.03478340936945462,1.0941518666551575,0.41931580904989635,0.2738883778203972,0.674985344308431,0.35,0.322,0.652,True,999,0.00011987495236098766,0.003134957980364561,weak_5x5_mild_strong_300_800,weak_null,True,1334,1739603722,-5.551115123125783e-17,1,5
300,800,0.1425269450452087,0.09015823965292186,0.11165192839052906,0.0812913100612036,0.05236870539228683,0.03036061832932546,0.03539409894840347,1.479588602287304,0.8577875756516452,0.13898307005185606,0.3910097715129979,0.218,0.188,0.385,True,999,0.00011749996338039637,0.0030241659842431545,weak_5x5_mild_strong_300_800,weak_null,True,1335,1739603722,-5.551115123125783e-17,1,6
300,800,0.1378916006610722,0.09963814699597218,0.11014688808728579,0.08963894812950457,0.03825345366510002,0.020507939957781218,0.03433559645837151,1.1141048244633969,0.5972792691294894,0.2652342191782425,0.5503209429862146,0.32,0.28,0.533,True,999,0.00012616603635251522,0.0031745840096846223,weak_5x5_mild_strong_300_800,weak_null,True,1336,1739603722,-5.551115123125783e-17,3,6
300,800,0.07822485047473893,0.13326811359903756,0.042123807694565585,0.12002341031950436,-0.055043263124298636,-0.07789960262493878,0.03137284870735166,-1.7544872522653718,-2.483026114446675,0.07934705233446201,0.0130271537010453,0.165,0.102,0.017,True,999,0.00012108299415558577,0.0030207911040633917,weak_5x5_mild_strong_300_800,weak_null,True,1337,1739603722,-5.551115123125783e-17,1,2
300,800,0.134493513855102,0.10766476042173329,0.10514332847770902,0.09665718392488998,0.026828753433368713,0.008486144552819042,0.034180879007654284,0.7849053099939538,0.2482716887098983,0.4325090885095153,0.8039242025039224,0.482,0.46,0.79,True,999,0.00012124993372708559,0.002960124984383583,weak_5x5_mild_strong_300_800,weak_null,True,1338,1739603722,-5.551115123125783e-17,2,4
300,800,0.15383591340381053,0.10299488243935911,0.12277336783330384,0.09226018703299133,0.05084103096445142,0.03051318080031251,0.03548085152918172,1.4329146222050646,0.8599900928312423,0.15188223801207087,0.38979450371985636,0.229,0.206,0.417,True,999,0.00011858402285724878,0.003055708948522806,weak_5x5_mild_strong_300_800,weak_null,True,1339,1739603722,-5.551115123125783e-17,2,5
300,800,0.11583901923346474,0.09944056773329579,0.08562175529067417,0.0906989180484743,0.016398451500168942,-0.005077162757800124,0.03269930589094738,0.5014923422184555,-0.1552682119532607,0.6160246658824893,0.8766098748491874,0.668,0.642,0.89,True,999,0.00011508294846862555,0.0029210830107331276,weak_5x5_mild_strong_300_800,weak_null,True,1340,1739603722,-5.551115123125783e-17,3,5
300,800,0.1146136185753055,0.0820745051812592,0.08528556569132206,0.06988548951750317,0.032539113394046304,0.015400076173818888,0.031216418070533526,1.0423717839927742,0.4933325834829096,0.2972393429658825,0.6217776090681886,0.362,0.329,0.651,True,999,0.00012316706124693155,0.0029736660653725266,weak_5x5_mild_strong_300_800,weak_null,True,1341,1739603722,-5.551115123125783e-17,3,3
300,800,0.19326885057097798,0.0876610838002248,0.16116637283801083,0.0754121071697682,0.10560776677075318,0.08575426566824262,0.0379450802729659,2.7831741562026364,2.259957418757618,0.005382990273186109,0.02382389372071285,0.011,0.008,0.024,True,999,0.00012199999764561653,0.0030533750541508198,weak_5x5_mild_strong_300_800,weak_null,True,1342,1739603722,-5.551115123125783e-17,3,3
300,800,0.10870855914216782,0.084599930553242,0.07343006164558119,0.07638723069896969,0.024108628588925818,-0.0029571690533884976,0.03175603438313472,0.7591825949694035,-0.09312148417873667,0.4477433362340092,0.9258070496887055,0.52,0.491,0.931,True,999,0.0001164580462500453,0.003004416008479893,weak_5x5_mild_strong_300_800,weak_null,True,1343,1739603722,-5.551115123125783e-17,2,7
300,800,0.15866415794936373,0.10072679146029834,0.12527508320556535,0.08961108651095628,0.05793736648906539,0.03566399669460907,0.0373194928212448,1.5524692890811072,0.955639908222619,0.12054997552828482,0.3392541917236179,0.175,0.149,0.331,True,999,0.0001241669524461031,0.0030997920548543334,weak_5x5_mild_strong_300_800,weak_null,True,1344,1739603722,-5.551115123125783e-17,1,5
300,800,0.11098472940213677,0.08843372287476947,0.08873175368665898,0.07425562462248081,0.0225510065273673,0.014476129064178167,0.03201294845961506,0.704433912290704,0.4521960569311533,0.4811625930961557,0.6511277485359377,0.521,0.496,0.631,True,999,0.00011612498201429844,0.0030204170616343617,weak_5x5_mild_strong_300_800,weak_null,True,1345,1739603722,-5.551115123125783e-17,6,3
300,800,0.1415448932004444,0.12063621232735122,0.11058700863856075,0.11211212925923064,0.020908680873093166,-0.0015251206206698953,0.03576559749857455,0.5846031475897051,-0.04264211217862862,0.5588145907679326,0.9659868253393907,0.623,0.591,0.959,True,999,0.00011724990326911211,0.0030284160748124123,weak_5x5_mild_strong_300_800,weak_null,True,1346,1739603722,-5.551115123125783e-17,2,7
300,800,0.12643766110265775,0.1016203307058281,0.1015423520854597,0.09008866266879068,0.02481733039682965,0.011453689416669022,0.03331658776002684,0.7448941222787954,0.3437833879978288,0.45633572867540106,0.7310091940945924,0.522,0.506,0.713,True,999,0.00011933303903788328,0.00313874997664243,weak_5x5_mild_strong_300_800,weak_null,True,1347,1739603722,-5.551115123125783e-17,4,3
300,800,0.1217366481569282,0.10068607833696741,0.09218795073064712,0.08712241111834373,0.021050569819960785,0.0050655396123033825,0.03312516757659566,0.6354856853564692,0.15292117694469876,0.5251116998111459,0.8784604355393081,0.582,0.552,0.888,True,999,0.00011737504974007607,0.0030069169588387012,weak_5x5_mild_strong_300_800,weak_null,True,1348,1739603722,-5.551115123125783e-17,2,3
300,800,0.12358583679558122,0.12100982517014164,0.08527264527663192,0.11225378622231119,0.002576011625439578,-0.02698114094567927,0.03551806120317561,0.07252680856378672,-0.759645657214728,0.9421826714943541,0.4474664199545413,0.947,0.946,0.457,True,999,0.00012220896314829588,0.003113709040917456,weak_5x5_mild_strong_300_800,weak_null,True,1349,1739603722,-5.551115123125783e-17,0,6
300,800,0.12328053105235692,0.11387873908456392,0.09268700860610579,0.10318767826589692,0.009401791967793005,-0.010500669659791129,0.03459708549995363,0.27175098225558936,-0.30351312857856777,0.7858134976782946,0.7614988439007799,0.816,0.806,0.793,True,999,0.00012800004333257675,0.0030887919710949063,weak_5x5_mild_strong_300_800,weak_null,True,1350,1739603722,-5.551115123125783e-17,3,5
300,800,0.11332996805110551,0.11347522216505906,0.08573443013739279,0.1026301444834985,-0.00014525411395355237,-0.016895714346105706,0.03306633851188948,-0.004392809137344437,-0.5109641740354955,0.9964950566831114,0.6093761432816968,0.997,0.997,0.597,True,999,0.00011662498582154512,0.002958624972961843,weak_5x5_mild_strong_300_800,weak_null,True,1351,1739603722,-5.551115123125783e-17,3,4
300,800,0.1146077198655081,0.12054883380996995,0.07956499006417062,0.11056504093568265,-0.00594111394446184,-0.03100005087151203,0.03405359238294371,-0.17446364770130807,-0.9103312955328291,0.8615010975361421,0.36264781878011676,0.876,0.867,0.333,True,999,0.00012129195965826511,0.0031637920765206218,weak_5x5_mild_strong_300_800,weak_null,True,1352,1739603722,-5.551115123125783e-17,2,5
300,800,0.12509832985860136,0.13380530497412257,0.09532736122855567,0.12280179207283481,-0.00870697511552121,-0.02747443084427914,0.034851484767944224,-0.24983082280413288,-0.7883288481743433,0.802718182255731,0.43050437769422023,0.826,0.806,0.421,True,999,0.00011749996338039637,0.0030061249854043126,weak_5x5_mild_strong_300_800,weak_null,True,1353,1739603722,-5.551115123125783e-17,3,4
300,800,0.11354456828138737,0.11922279774893935,0.08034412283569736,0.1109288508686177,-0.005678229467551976,-0.03058472803292034,0.03315003223626915,-0.17128880681266656,-0.9226153330692047,0.8639966812673003,0.35620770227218224,0.871,0.854,0.314,True,999,0.00011837505735456944,0.0030362079851329327,weak_5x5_mild_strong_300_800,weak_null,True,1354,1739603722,-5.551115123125783e-17,0,6
300,800,0.12726506381037228,0.08944498931284905,0.09499052433818633,0.0794478515940682,0.037820074497523226,0.015542672744118136,0.033685243174144924,1.1227490418282622,0.46140895180023217,0.2615440931527988,0.6445052302477612,0.349,0.307,0.651,True,999,0.00012745801359415054,0.003012417000718415,weak_5x5_mild_strong_300_800,weak_null,True,1355,1739603722,-5.551115123125783e-17,2,4
300,800,0.14620414005456372,0.08645190868098335,0.11670965222680252,0.07761812783371624,0.05975223137358038,0.039091524393086274,0.03503642111804194,1.7054319324530287,1.115739654497878,0.08811389705128242,0.26453359123278564,0.136,0.102,0.259,True,999,0.00011408398859202862,0.0029952090699225664,weak_5x5_mild_strong_300_800,weak_null,True,1356,1739603722,-5.551115123125783e-17,2,7
300,800,0.16699396505088537,0.08474382048090717,0.13239917959333525,0.07413673987463199,0.0822501445699782,0.05826243971870326,0.036927049998403995,2.2273684080784437,1.5777713010170429,0.025922662011544473,0.11461815920693726,0.04,0.041,0.108,True,999,0.00012229196727275848,0.003181332955136895,weak_5x5_mild_strong_300_800,weak_null,True,1357,1739603722,-5.551115123125783e-17,1,4
300,800,0.11882314755258339,0.10781215039513692,0.08046902644883858,0.09785707509126951,0.011010997157446467,-0.01738804864243093,0.034250212252021794,0.3214869758010474,-0.5076771061879919,0.7478413806690304,0.6116798063452227,0.793,0.782,0.612,True,999,0.00011791707947850227,0.003044874989427626,weak_5x5_mild_strong_300_800,weak_null,True,1358,1739603722,-5.551115123125783e-17,1,6
300,800,0.11852055511774373,0.12655711358460675,0.08215870307378736,0.11746374775248114,-0.00803655846686302,-0.035305044678693775,0.034708829171658344,-0.23154219426754127,-1.0171776323565036,0.8168936095859396,0.309068934626722,0.823,0.815,0.281,True,999,0.00011937494855374098,0.0030615420546382666,weak_5x5_mild_strong_300_800,weak_null,True,1359,1739603722,-5.551115123125783e-17,0,5
300,800,0.05122497245008317,0.12418630673641362,0.015973352241815064,0.11255707324971809,-0.07296133428633045,-0.09658372100790302,0.02714031976977327,-2.6883004660685312,-3.5586802892230582,0.007181674247674172,0.0003727229020362518,0.054,0.008,0.001,True,999,0.00012137508019804955,0.003137958003208041,weak_5x5_mild_strong_300_800,weak_null,True,1360,1739603722,-5.551115123125783e-17,1,2
300,800,0.17270517122031892,0.08403405622444754,0.14257712933044786,0.0739819664532888,0.08867111499587138,0.06859516287715905,0.03603976872872194,2.460368590689785,1.9033186198692795,0.013879438957958875,0.05699898267395175,0.045,0.032,0.07,True,999,0.00011833303142338991,0.00293870794121176,weak_5x5_mild_strong_300_800,weak_null,True,1361,1739603722,-5.551115123125783e-17,1,5
300,800,0.12440711466138277,0.11856791037275227,0.0954713205378539,0.10838244654223672,0.005839204288630495,-0.012911126004382822,0.03422335462018308,0.17062045358893158,-0.3772606790793249,0.8645222141162838,0.7059798904826176,0.894,0.889,0.688,True,999,0.00011787505354732275,0.003013166948221624,weak_5x5_mild_strong_300_800,weak_null,True,1362,1739603722,-5.551115123125783e-17,3,5
300,800,0.10745114371275544,0.08445814269891583,0.07491420384832281,0.071666978915232,0.02299300101383961,0.00324722493309082,0.03160005860212053,0.727625264982789,0.10276009212441506,0.4668430103765102,0.9181533794023846,0.535,0.514,0.904,True,999,0.00012137508019804955,0.0030990830855444074,weak_5x5_mild_strong_300_800,weak_null,True,1363,1739603722,-5.551115123125783e-17,2,3
300,800,0.11136847034487651,0.13727324384745998,0.07507525310228402,0.12777832965724656,-0.025904773502583467,-0.052703076554962536,0.03423960974082042,-0.7565732699254404,-1.5392429105910628,0.4493055605204972,0.12374500541453198,0.559,0.508,0.15,True,999,0.00011533393990248442,0.0030514999525621533,weak_5x5_mild_strong_300_800,weak_null,True,1364,1739603722,-5.551115123125783e-17,0,6
300,800,0.1185041105360376,0.1386449842544087,0.08506024856563954,0.12616314104110415,-0.02014087371837109,-0.041102892475464614,0.03356153634586827,-0.6001177511902137,-1.2247023512832944,0.5484277630852292,0.22068738790994813,0.632,0.591,0.228,True,999,0.00012316694483160973,0.0032201659632846713,weak_5x5_mild_strong_300_800,weak_null,True,1365,1739603722,-5.551115123125783e-17,2,2
300,800,0.11900809112856514,0.08834007268448346,0.08947612165258079,0.07908156432603164,0.03066801844408168,0.010394557326549148,0.03307993286827346,0.9270882914485895,0.31422546617434144,0.35388069476833295,0.753349802309212,0.398,0.362,0.752,True,999,0.00012016692198812962,0.003025083104148507,weak_5x5_mild_strong_300_800,weak_null,True,1366,1739603722,-5.551115123125783e-17,2,5
300,800,0.14338366926906088,0.1482715706741703,0.11366959340728044,0.13954075988056047,-0.004887901405109418,-0.025871166473280027,0.03612805202923622,-0.13529379887833254,-0.7160963578203463,0.8923795877792114,0.4739318525795311,0.901,0.894,0.464,True,999,0.00011604093015193939,0.002896082936786115,weak_5x5_mild_strong_300_800,weak_null,True,1367,1739603722,-5.551115123125783e-17,2,6
300,800,0.08967505491370864,0.1037618761473757,0.06329027494439288,0.09022637954660695,-0.014086821233667057,-0.026936104602214073,0.030368425520128754,-0.46386406250564594,-0.8869773174233325,0.6427451418475701,0.3750911126323663,0.71,0.672,0.335,True,999,0.0001365420175716281,0.00311783398501575,weak_5x5_mild_strong_300_800,weak_null,True,1368,1739603722,-5.551115123125783e-17,3,2
300,800,0.1289836610763786,0.14258033902304768,0.10010919003184426,0.13079056086274932,-0.013596677946669078,-0.030681370830905053,0.03533378980139664,-0.38480666871832814,-0.8683294660255297,0.7003806579678397,0.38521399572278814,0.731,0.708,0.35,True,999,0.00011937494855374098,0.003037417074665427,weak_5x5_mild_strong_300_800,weak_null,True,1369,1739603722,-5.551115123125783e-17,3,2
300,800,0.06932926237169479,0.11571075553360932,0.03781616326295989,0.10804430763869277,-0.04638149316191453,-0.07022814437573288,0.02932416585195585,-1.5816815863091636,-2.394889755101042,0.11372227838149866,0.016625363246176045,0.224,0.139,0.016,True,999,0.00011908297892659903,0.0031203749822452664,weak_5x5_mild_strong_300_800,weak_null,True,1370,1739603722,-5.551115123125783e-17,1,7
300,800,0.14114745966359055,0.11495319520990871,0.11026434535449425,0.10473939970711399,0.026194264453681837,0.005524945647380264,0.034944654555184196,0.7495928858680275,0.15810560206441113,0.4534999367926854,0.8743735863281155,0.514,0.5,0.879,True,999,0.00012691598385572433,0.0030337920179590583,weak_5x5_mild_strong_300_800,weak_null,True,1371,1739603722,-5.551115123125783e-17,2,5
300,800,0.11313491328845227,0.13621866444740416,0.08357702267710465,0.1285685383894588,-0.023083751158951893,-0.04499151571235416,0.03441457880093229,-0.670755010325059,-1.3073388453365393,0.5023766122891296,0.19109765692220004,0.572,0.53,0.193,True,999,0.00012404192239046097,0.0030478329863399267,weak_5x5_mild_strong_300_800,weak_null,True,1372,1739603722,-5.551115123125783e-17,3,7
300,800,0.11230257556118861,0.09218794431586869,0.07263423158190108,0.08063791077790938,0.020114631245319925,-0.008003679196008306,0.03380793900856139,0.5949676861469188,-0.23673963662740535,0.5518650711676436,0.8128587832955979,0.627,0.605,0.809,True,999,0.00012137496378272772,0.003182374988682568,weak_5x5_mild_strong_300_800,weak_null,True,1373,1739603722,-5.551115123125783e-17,0,4
300,800,0.09070840958193416,0.11331114482323518,0.05733029287188174,0.10384538434658452,-0.02260273524130102,-0.046515091474702785,0.03146759933181864,-0.7182859741844411,-1.4781900260077605,0.4725809765154808,0.13935692279962356,0.545,0.497,0.126,True,999,0.00011737493332475424,0.0029552499763667583,weak_5x5_mild_strong_300_800,weak_null,True,1374,1739603722,-5.551115123125783e-17,1,5
300,800,0.13038150617768807,0.1299792953113461,0.10319577467959107,0.11626409806746096,0.0004022108663419566,-0.013068323387869896,0.03528845728451333,0.011397802491027868,-0.3703285548162813,0.9909060662644276,0.7111377001933687,0.989,0.988,0.694,True,999,0.00012024992611259222,0.003062915988266468,weak_5x5_mild_strong_300_800,weak_null,True,1375,1739603722,-5.551115123125783e-17,2,3
300,800,0.1758673127127668,0.10684234660067105,0.14837627569141887,0.09539612939300923,0.06902496611209574,0.052980146298409636,0.03743692112183411,1.843767170047505,1.4151843877863755,0.06521707914177445,0.15701444077906712,0.113,0.091,0.175,True,999,0.00011537503451108932,0.0031897079898044467,weak_5x5_mild_strong_300_800,weak_null,True,1376,1739603722,-5.551115123125783e-17,3,4
300,800,0.09201381857417545,0.11822930185318614,0.0651082234364253,0.11109781538442576,-0.026215483279010687,-0.04598959194800045,0.030412418047954595,-0.8619993069171238,-1.5121978093120916,0.38868789922780866,0.13048354817715693,0.472,0.418,0.125,True,999,0.00011970894411206245,0.0030668750405311584,weak_5x5_mild_strong_300_800,weak_null,True,1377,1739603722,-5.551115123125783e-17,3,7
300,800,0.14633800184569035,0.11246427495599554,0.11865194673964652,0.10523801112441333,0.03387372688969481,0.013413935615233186,0.03490350497181039,0.9704964277098453,0.3843148596700209,0.3317991046793395,0.7007450956890776,0.384,0.349,0.671,True,999,0.00012112502008676529,0.0031820000149309635,weak_5x5_mild_strong_300_800,weak_null,True,1378,1739603722,-5.551115123125783e-17,3,7
300,800,0.15166270600402965,0.1159308315963068,0.11744577193019268,0.10692041567938304,0.03573187440772285,0.010525356250809637,0.03648371484407619,0.9793924374322476,0.2884946419462168,0.32738611235355897,0.7729681313600401,0.385,0.353,0.745,True,999,0.0001229170011356473,0.0029510409804061055,weak_5x5_mild_strong_300_800,weak_null,True,1379,1739603722,-5.551115123125783e-17,1,6
300,800,0.1505097100678069,0.14036828571251225,0.11782988428439012,0.13092387565660601,0.010141424355294637,-0.013093991372215896,0.03678907850740914,0.2756639950427735,-0.3559206129498142,0.7828061522456222,0.7219000184158393,0.809,0.791,0.733,True,999,0.00011670798994600773,0.003036041045561433,weak_5x5_mild_strong_300_800,weak_null,True,1380,1739603722,-5.551115123125783e-17,1,6
300,800,0.09857301517068395,0.11529765920406354,0.06326673999063814,0.10259830894528932,-0.016724644033379588,-0.039331568954651175,0.03201925371698076,-0.5223308507190476,-1.2283724443518957,0.6014399926407267,0.21930718716305664,0.649,0.62,0.223,True,999,0.00011670798994600773,0.003116833046078682,weak_5x5_mild_strong_300_800,weak_null,True,1381,1739603722,-5.551115123125783e-17,2,3
300,800,0.17068972034507246,0.08902167679518808,0.143676335608518,0.0764472251502184,0.08166804354988438,0.0672291104582996,0.037225188143755764,2.1938920290879325,1.8060113006998129,0.028243172568662177,0.07091657440052591,0.04,0.025,0.052,True,999,0.00011595804244279861,0.002995916991494596,weak_5x5_mild_strong_300_800,weak_null,True,1382,1739603722,-5.551115123125783e-17,4,3
300,800,0.10990595069941533,0.10919608809934278,0.07671270173705125,0.09926214291886026,0.0007098626000725528,-0.022549441181809016,0.033985716689559874,0.02088708637680772,-0.6634975918791206,0.9833357279566406,0.5070119212652744,0.989,0.989,0.52,True,999,0.00011562497820705175,0.0031002089381217957,weak_5x5_mild_strong_300_800,weak_null,True,1383,1739603722,-5.551115123125783e-17,1,6
300,800,0.10839418327477279,0.11511095221873885,0.07730235535314023,0.10687207165511836,-0.006716768943966056,-0.029569716301978133,0.03388319166612148,-0.19823306523635137,-0.8726957186723284,0.8428627184630519,0.38282895191653277,0.853,0.842,0.363,True,999,0.0001189160393550992,0.0029570830520242453,weak_5x5_mild_strong_300_800,weak_null,True,1384,1739603722,-5.551115123125783e-17,2,6
300,800,0.10625951691021907,0.11479552614706967,0.07578260517323088,0.10508342673216475,-0.008536009236850606,-0.029300821558933876,0.031779782486244676,-0.26859873067240997,-0.9219956609714439,0.7882384891870149,0.35653083895282645,0.827,0.808,0.343,True,999,0.00013275002129375935,0.0030920830322429538,weak_5x5_mild_strong_300_800,weak_null,True,1385,1739603722,-5.551115123125783e-17,3,5
300,800,0.11847705353109528,0.08262246907036158,0.08298705756703839,0.07481850015528835,0.035854584460733696,0.008168557411750044,0.03356298032667709,1.0682777307542966,0.2433799779472318,0.28539525068265614,0.8077110528560244,0.353,0.345,0.784,True,999,0.00011316605377942324,0.0031423330074176192,weak_5x5_mild_strong_300_800,weak_null,True,1386,1739603722,-5.551115123125783e-17,0,7
300,800,0.12035232671585683,0.0812615414634219,0.08955174010725386,0.07133044046418036,0.03909078525243492,0.018221299643073507,0.032497002052171736,1.2029043537516881,0.5607070958059591,0.22901333536321578,0.5749972291219256,0.295,0.251,0.554,True,999,0.00011987495236098766,0.003078458015806973,weak_5x5_mild_strong_300_800,weak_null,True,1387,1739603722,-5.551115123125783e-17,1,6
300,800,0.14037418197243134,0.14446876561541555,0.11238575906867254,0.13691384454398303,-0.004094583642984206,-0.02452808547531049,0.03658732703961839,-0.11191262041499804,-0.6703983991164587,0.9108926898241894,0.5026038549012879,0.923,0.915,0.498,True,999,0.000118291936814785,0.0030527919298037887,weak_5x5_mild_strong_300_800,weak_null,True,1388,1739603722,-5.551115123125783e-17,3,7
300,800,0.13331946751029877,0.12915161593508434,0.11219923601470327,0.11553385652700854,0.004167851575214432,-0.003334620512305264,0.03517166993191599,0.11850024702501769,-0.09480984322781086,0.9056712993781912,0.9244658683293842,0.919,0.915,0.917,True,999,0.00012679200153797865,0.0029845000244677067,weak_5x5_mild_strong_300_800,weak_null,True,1389,1739603722,-5.551115123125783e-17,5,3
300,800,0.1541036280454109,0.11428800955832558,0.12118168166983878,0.1078153698629194,0.039815618487085314,0.013366311806919384,0.036758639412086624,1.0831635534908706,0.3636236819615364,0.2787358338749014,0.7161390400334022,0.351,0.324,0.684,True,999,0.0001246670726686716,0.0030699160415679216,weak_5x5_mild_strong_300_800,weak_null,True,1390,1739603722,-5.551115123125783e-17,1,8
300,800,0.15997749337446243,0.11477588252596871,0.12702469337062894,0.1025335237101217,0.04520161084849372,0.02449116966050724,0.03732351621664453,1.2110758961219183,0.6561860227302306,0.22586631838485205,0.5117044409901297,0.292,0.285,0.528,True,999,0.0001217919634655118,0.0032078339718282223,weak_5x5_mild_strong_300_800,weak_null,True,1391,1739603722,-5.551115123125783e-17,2,4
300,800,0.16083574688916347,0.10340495002348049,0.1303547541983221,0.09342472102878219,0.057430796865682976,0.03693003316953991,0.037356767533464195,1.5373599124773434,0.9885767856241304,0.12420519739891535,0.32287024881029447,0.176,0.164,0.341,True,999,0.00012533296830952168,0.002925415989011526,weak_5x5_mild_strong_300_800,weak_null,True,1392,1739603722,-5.551115123125783e-17,1,5
300,800,0.16668790503248032,0.1499209535304784,0.139302182287679,0.1384722971003498,0.016766951502001914,0.0008298851873291824,0.03673381014694887,0.4564446605165075,0.02259186248334528,0.6480702567039591,0.9819758349701568,0.692,0.668,0.983,True,999,0.0001169170718640089,0.0030021669808775187,weak_5x5_mild_strong_300_800,weak_null,True,1393,1739603722,-5.551115123125783e-17,3,4
300,800,0.08107836019584413,0.09218460589648014,0.04314198732947716,0.08007787003896283,-0.011106245700636008,-0.03693588270948567,0.029628297513790272,-0.37485264536265334,-1.2466420891141023,0.7077700588270548,0.21252876167080403,0.768,0.731,0.222,True,999,0.00013408309314399958,0.0030689999694004655,weak_5x5_mild_strong_300_800,weak_null,True,1394,1739603722,-5.551115123125783e-17,0,3
300,800,0.10122841316856368,0.08864702876149289,0.06893256921972579,0.07590177326147796,0.012581384407070795,-0.006969204041752164,0.031479502122478194,0.3996691039813795,-0.22138863615558096,0.6894002511511012,0.8247898399530575,0.722,0.703,0.833,True,999,0.00011483300477266312,0.0029500829987227917,weak_5x5_mild_strong_300_800,weak_null,True,1395,1739603722,-5.551115123125783e-17,2,3
300,800,0.12073545256962448,0.12656063307446563,0.08346861957721785,0.11826460826375751,-0.005825180504841154,-0.03479598868653966,0.03458697047149621,-0.1684212414510776,-1.006043264622315,0.8662518985261383,0.31439475859521915,0.885,0.879,0.307,True,999,0.0001223330618813634,0.0030727089615538716,weak_5x5_mild_strong_300_800,weak_null,True,1396,1739603722,-5.551115123125783e-17,1,6
300,800,0.13029152411760692,0.08814615408407372,0.0956311133513168,0.07821231791723449,0.04214537003353319,0.017418795434082313,0.03416307271861711,1.2336527917339863,0.509872035737288,0.2173323121716928,0.610141114404162,0.265,0.25,0.606,True,999,0.00011895806528627872,0.003013750072568655,weak_5x5_mild_strong_300_800,weak_null,True,1397,1739603722,-5.551115123125783e-17,1,6
300,800,0.14111583276363904,0.12132785435078514,0.10645552689760507,0.1090267728368417,0.0197879784128539,-0.0025712459392366327,0.03560010038943068,0.5558405228185469,-0.07222580585755906,0.5783198807115,0.9424222086957422,0.6,0.58,0.934,True,999,0.00013233395293354988,0.0030888341134414077,weak_5x5_mild_strong_300_800,weak_null,True,1398,1739603722,-5.551115123125783e-17,1,3
300,800,0.12536804926958922,0.11359986035364905,0.09212408279836382,0.10348393412965606,0.01176818891594017,-0.011359851331292248,0.033779634871527374,0.34838117583856704,-0.33629289879824575,0.727553937635894,0.7366500043611152,0.77,0.749,0.742,True,999,0.00011591706424951553,0.0031379159772768617,weak_5x5_mild_strong_300_800,weak_null,True,1399,1739603722,-5.551115123125783e-17,1,5
300,800,0.12229640551442422,0.09605348008016529,0.0913661812962232,0.08550092062620251,0.026242925434258935,0.005865260670020689,0.03264309225335362,0.8039350325814443,0.17967846380785557,0.4214344964554444,0.8574050016555215,0.504,0.461,0.856,True,999,0.00011925003491342068,0.0031439580488950014,weak_5x5_mild_strong_300_800,weak_null,True,1400,1739603722,-5.551115123125783e-17,2,5
300,800,0.11372409491571922,0.11763955137978499,0.08537110571865014,0.10761535223832652,-0.00391545646406577,-0.02224424651967638,0.03289749121117141,-0.11901991063489212,-0.6761684767050755,0.9052595814987098,0.4989336843878558,0.915,0.909,0.499,True,999,0.0001175830839201808,0.0030291250441223383,weak_5x5_mild_strong_300_800,weak_null,True,1401,1739603722,-5.551115123125783e-17,2,4
300,800,0.1609860293441241,0.11384417309347811,0.1280981511441155,0.10310529905427757,0.047141856250645986,0.024992852089837925,0.03744079715840198,1.259103967557139,0.6675299135352238,0.20799278156334666,0.5044337088517452,0.287,0.257,0.528,True,999,0.0001190409529954195,0.003233458031900227,weak_5x5_mild_strong_300_800,weak_null,True,1402,1739603722,-5.551115123125783e-17,2,5
300,800,0.14826004657653835,0.11282421510953339,0.12160087593127855,0.1033339632151069,0.03543583146700496,0.018266912716171646,0.03601145534601947,0.984015534127028,0.5072528322072044,0.3251078750806573,0.6119774293860077,0.384,0.339,0.61,True,999,0.00012266705743968487,0.002983124926686287,weak_5x5_mild_strong_300_800,weak_null,True,1403,1739603722,-5.551115123125783e-17,3,6
300,800,0.11013637699167866,0.12264776808657735,0.0783677656349937,0.11578466229832429,-0.012511391094898683,-0.03741689666333059,0.03377317789951553,-0.37045347441462284,-1.1078879451218988,0.7110446364927077,0.2679102123977448,0.759,0.731,0.272,True,999,0.00011191703379154205,0.0030530000803992152,weak_5x5_mild_strong_300_800,weak_null,True,1404,1739603722,-5.551115123125783e-17,1,8
300,800,0.14292859504232924,0.09854391921373329,0.10503610960250853,0.08946649795757367,0.044384675828595954,0.015569611644934866,0.03467676472647695,1.2799543492218197,0.4489926256888352,0.20056119152203122,0.6534369763174872,0.303,0.273,0.649,True,999,0.00016220903489738703,0.0030260420171543956,weak_5x5_mild_strong_300_800,weak_null,True,1405,1739603722,-5.551115123125783e-17,1,5
300,800,0.11425149298482351,0.11677914251496646,0.08450502681131411,0.1043678176131948,-0.0025276495301429502,-0.019862790801880692,0.03315552273384903,-0.07623615379052463,-0.5990794040958503,0.939231219805736,0.5491199352978954,0.939,0.932,0.571,True,999,0.00011445896234363317,0.00297112506814301,weak_5x5_mild_strong_300_800,weak_null,True,1406,1739603722,-5.551115123125783e-17,2,3
300,800,0.12684239703568245,0.0818152244713749,0.08932567333403085,0.07469093617578437,0.04502717256430755,0.01463473715824648,0.03274605569004126,1.3750411038970174,0.4469160285065172,0.16911870184638622,0.654935690528969,0.25,0.207,0.661,True,999,0.00012191699352115393,0.0030609170207753778,weak_5x5_mild_strong_300_800,weak_null,True,1407,1739603722,-5.551115123125783e-17,0,7
300,800,0.11090228441262706,0.11056257096482175,0.07592383362572264,0.09990654280272793,0.0003397134478053121,-0.02398270917700529,0.03379588182553422,0.010051918442579126,-0.7096340702341236,0.991979864528948,0.477931086230467,0.993,0.992,0.472,True,999,0.00011341704521328211,0.0030611249385401607,weak_5x5_mild_strong_300_800,weak_null,True,1408,1739603722,-5.551115123125783e-17,1,5
300,800,0.12883337336618927,0.1511440478287175,0.10009718620068497,0.1358807025667943,-0.022310674462528213,-0.035783516366109325,0.03514376087228889,-0.6348402649222536,-1.01820395649018,0.525532599516165,0.3085810396027039,0.59,0.552,0.295,True,999,0.00012137496378272772,0.0030237080063670874,weak_5x5_mild_strong_300_800,weak_null,True,1409,1739603722,-5.551115123125783e-17,3,1
300,800,0.1277217159792421,0.10556913465044565,0.08939225836945752,0.0924420478175989,0.02215258132879644,-0.0030497894481413823,0.03584976622439277,0.6179281948489654,-0.08507139011875216,0.5366226724361107,0.9322046352100944,0.608,0.605,0.946,True,999,0.00011745805386453867,0.0030233749421313405,weak_5x5_mild_strong_300_800,weak_null,True,1410,1739603722,-5.551115123125783e-17,1,4
300,800,0.1371333888966525,0.11578316086895257,0.10658358860302997,0.1019119814107512,0.021350228027699925,0.0046716071922787705,0.03689380530516679,0.5786941154782408,0.12662307814652385,0.5627955872729162,0.8992387302450404,0.591,0.588,0.904,True,999,0.0001217919634655118,0.0030307499691843987,weak_5x5_mild_strong_300_800,weak_null,True,1411,1739603722,-5.551115123125783e-17,2,2
300,800,0.17673085609028705,0.1134580120370684,0.15473019555230394,0.10409834418084074,0.06327284405321865,0.0506318513714632,0.03713545557220989,1.7038391768261631,1.3634369254743508,0.08841113665364436,0.17274485031865494,0.145,0.114,0.195,True,999,0.0001199580729007721,0.0030811249744147062,weak_5x5_mild_strong_300_800,weak_null,True,1412,1739603722,-5.551115123125783e-17,5,6
300,800,0.1366459290347164,0.11931992733842356,0.09619264881644085,0.10627449405444622,0.017326001696292836,-0.010081845238005371,0.036212570904948206,0.4784526826822272,-0.27840733165475845,0.6323280445532324,0.7806996920640424,0.66,0.654,0.776,True,999,0.00011520797852426767,0.0030383330304175615,weak_5x5_mild_strong_300_800,weak_null,True,1413,1739603722,-5.551115123125783e-17,0,3
300,800,0.12726342512753863,0.10417894786060472,0.09437137823897501,0.0912801180602969,0.02308447726693391,0.0030912601786781124,0.03350532503545753,0.6889793560427904,0.09226175765812564,0.4908362588396308,0.9264900717010188,0.586,0.542,0.927,True,999,0.00011658400762826204,0.0030685000820085406,weak_5x5_mild_strong_300_800,weak_null,True,1414,1739603722,-5.551115123125783e-17,0,2
300,800,0.10372274055295228,0.12428543678364878,0.0666936050475897,0.11663655187169297,-0.02056269623069651,-0.049942946824103274,0.03379719512693216,-0.6084142827080522,-1.4777246051494064,0.5429127410126181,0.13948150575629936,0.611,0.577,0.139,True,999,0.00012116599828004837,0.0031417080899700522,weak_5x5_mild_strong_300_800,weak_null,True,1415,1739603722,-5.551115123125783e-17,2,7
300,800,0.11002005199368448,0.09461796106533765,0.07897990652389808,0.08201467204264645,0.015402090928346823,-0.0030347655187483724,0.03148488675696896,0.48918997381934926,-0.09638800806792319,0.6247072071075521,0.923212415952702,0.677,0.646,0.926,True,999,0.00011958403047174215,0.002983874990604818,weak_5x5_mild_strong_300_800,weak_null,True,1416,1739603722,-5.551115123125783e-17,2,3
300,800,0.09708315154065539,0.12842576764887415,0.06300722365926958,0.11938433446567842,-0.03134261610821876,-0.05637711080640884,0.03364400614541314,-0.9315958382825305,-1.6756955328904855,0.35154543470413646,0.09379784527765647,0.388,0.346,0.086,True,999,0.00011541694402694702,0.0030785000417381525,weak_5x5_mild_strong_300_800,weak_null,True,1417,1739603722,-5.551115123125783e-17,2,5
300,800,0.1042198201675697,0.10070611531391882,0.07517167750904719,0.08320631075696383,0.0035137048536508786,-0.008034633247916645,0.03278218309829441,0.10718336979313894,-0.24509146397680487,0.91464350840385,0.8063856121596658,0.941,0.938,0.8,True,999,0.00011920894030481577,0.0030445000156760216,weak_5x5_mild_strong_300_800,weak_null,True,1418,1739603722,-5.551115123125783e-17,3,0
300,800,0.1418127989180632,0.08152342500275667,0.10713927423483938,0.07217390883999997,0.06028937391530653,0.03496536539483941,0.03447065022744051,1.7490059954631467,1.0143517793872388,0.08028998305885375,0.3104149248183298,0.125,0.097,0.286,True,999,0.00011779204942286015,0.003006083075888455,weak_5x5_mild_strong_300_800,weak_null,True,1419,1739603722,-5.551115123125783e-17,1,5
300,800,0.13072499323649178,0.10005457198388396,0.10443063599024072,0.09073172172207933,0.030670421252607827,0.013698914268161388,0.03343216027541839,0.9173927439908457,0.40975259017987437,0.35893687362211746,0.6819874475183956,0.453,0.413,0.669,True,999,0.00011450005695223808,0.003093249979428947,weak_5x5_mild_strong_300_800,weak_null,True,1420,1739603722,-5.551115123125783e-17,3,6
300,800,0.1656595394948729,0.12480346396304998,0.13377064301448627,0.11631547195577241,0.04085607553182291,0.01745517105871386,0.03712515560152456,1.100495738532208,0.47017098718899525,0.2711161853464379,0.6382328605658873,0.324,0.307,0.644,True,999,0.00012091698590666056,0.0030601249309256673,weak_5x5_mild_strong_300_800,weak_null,True,1421,1739603722,-5.551115123125783e-17,3,7
300,800,0.1156601379898392,0.11204186984955034,0.08202686505200063,0.1024843613541293,0.0036182681402888717,-0.020457496302128675,0.033854257623404736,0.1068777871468499,-0.6042813441575995,0.9148859355267583,0.5456566074363312,0.943,0.936,0.534,True,999,0.00012208300177007914,0.0031283749267458916,weak_5x5_mild_strong_300_800,weak_null,True,1422,1739603722,-5.551115123125783e-17,0,5
300,800,0.08404477780305353,0.10595608832315084,0.050014706565548295,0.09808503972044491,-0.021911310520097316,-0.048070333154896616,0.031333436054377106,-0.6992948517383055,-1.5341545393066287,0.48436778374847034,0.1249916385508694,0.535,0.493,0.117,True,999,0.00012020894791930914,0.0030550829833373427,weak_5x5_mild_strong_300_800,weak_null,True,1423,1739603722,-5.551115123125783e-17,2,6
300,800,0.11324248936177472,0.11324998244227885,0.08365372132470839,0.10248062162469296,-7.4930805041284465e-06,-0.018826900299984572,0.03153347524053103,-0.00023762304810911992,-0.5970448913853215,0.999810404240407,0.5504774094152385,1.0,1.0,0.527,True,999,0.00012179103214293718,0.0030897079268470407,weak_5x5_mild_strong_300_800,weak_null,True,1424,1739603722,-5.551115123125783e-17,2,4
300,800,0.1498238396310938,0.10106072226616752,0.11883251375166992,0.08885064451283142,0.04876311736492628,0.0299818692388385,0.03623503908009067,1.345744853680016,0.8274275397514896,0.17838481563008268,0.40799477650887483,0.234,0.189,0.374,True,999,0.0001283750170841813,0.0030369579326361418,weak_5x5_mild_strong_300_800,weak_null,True,1425,1739603722,-5.551115123125783e-17,1,3
300,800,0.08862593628845283,0.090647992505895,0.05815878423720733,0.07855071668217306,-0.0020220562174421697,-0.020391932444965732,0.029729228451085943,-0.06801576504984301,-0.6859220204290523,0.94577308465115,0.4927622833508284,0.951,0.946,0.468,True,999,0.00012495799455791712,0.0029520830139517784,weak_5x5_mild_strong_300_800,weak_null,True,1426,1739603722,-5.551115123125783e-17,3,3
300,800,0.16427410273533982,0.14627261706696043,0.13420863130284033,0.13505514803512142,0.01800148566837939,-0.0008465167322810885,0.03909179957652281,0.46049263178946775,-0.02165458590935469,0.645162659044312,0.9827234904628477,0.67,0.659,0.984,True,999,0.00012208300177007914,0.0030990829691290855,weak_5x5_mild_strong_300_800,weak_null,True,1427,1739603722,-5.551115123125783e-17,1,4
300,800,0.13698248989369666,0.1251842274225783,0.10309980001426311,0.11193814012511893,0.01179826247111837,-0.008838340110855825,0.03562816145727115,0.33114991031092145,-0.2480717429513068,0.7405312533583831,0.8040788982359114,0.799,0.791,0.789,True,999,0.00013054197188466787,0.0031004169723019004,weak_5x5_mild_strong_300_800,weak_null,True,1428,1739603722,-5.551115123125783e-17,0,3
300,800,0.14065339055423598,0.09052805321315333,0.10332773353133007,0.08035809501529911,0.050125337341082654,0.022969638516030955,0.034442701557323485,1.4553253686461944,0.666894217859254,0.14557920670783472,0.5048397045725386,0.215,0.181,0.507,True,999,0.00011566700413823128,0.0030719590140506625,weak_5x5_mild_strong_300_800,weak_null,True,1429,1739603722,-5.551115123125783e-17,0,5
300,800,0.13905324164263488,0.12982998836268922,0.09928435602137142,0.12236573161777642,0.009223253279945665,-0.023081375596404996,0.03736138714426208,0.24686592187630169,-0.6177869014146015,0.8050119905907405,0.5367158189335113,0.813,0.799,0.516,True,999,0.00011962500866502523,0.0031796250259503722,weak_5x5_mild_strong_300_800,weak_null,True,1430,1739603722,-5.551115123125783e-17,1,8
300,800,0.12270762640639643,0.11777309907122085,0.10137154371705037,0.10398753069586064,0.004934527335175576,-0.0026159869788102696,0.03290700147327149,0.14995372152590736,-0.07949636435076253,0.8808011271892215,0.9366378232907289,0.901,0.893,0.932,True,999,0.00011804199311882257,0.0031595410546287894,weak_5x5_mild_strong_300_800,weak_null,True,1431,1739603722,-5.551115123125783e-17,5,2
300,800,0.08615944860393498,0.11595587075587133,0.0584820128082697,0.10700563404719787,-0.02979642215193634,-0.04852362123892817,0.031528268941869345,-0.9450700324484633,-1.5390512345728282,0.344623123470551,0.12379178880969052,0.426,0.351,0.127,True,999,0.00011683395132422447,0.0029539999086409807,weak_5x5_mild_strong_300_800,weak_null,True,1432,1739603722,-5.551115123125783e-17,3,6
300,800,0.10772970064614262,0.11096635238970642,0.07654587487257913,0.10095721117340872,-0.003236651743563801,-0.02441133630082959,0.03213836461451388,-0.10070990799893126,-0.7595699592568964,0.9197807459206979,0.4475116815015019,0.92,0.914,0.428,True,999,0.00011854106560349464,0.003149624913930893,weak_5x5_mild_strong_300_800,weak_null,True,1433,1739603722,-5.551115123125783e-17,2,5
300,800,0.13833105598596607,0.09346220713654563,0.1069158413107516,0.0826652670955923,0.04486884884942044,0.024250574215159304,0.034200162157170394,1.3119484241981365,0.7090777553542955,0.18953753721284927,0.4782762262540031,0.265,0.215,0.486,True,999,0.00011854106560349464,0.0029937499202787876,weak_5x5_mild_strong_300_800,weak_null,True,1434,1739603722,-5.551115123125783e-17,1,5
300,800,0.10539615176605999,0.09653650724787016,0.07842323096912196,0.08637296568980446,0.008859644518189824,-0.0079497347206825,0.03140654291679197,0.2820955028913063,-0.2531235208454623,0.7778702814340761,0.8001727635885064,0.796,0.782,0.799,True,999,0.00012066704221069813,0.002989750006236136,weak_5x5_mild_strong_300_800,weak_null,True,1435,1739603722,-5.551115123125783e-17,2,5
300,800,0.11969131710497927,0.09647467633881252,0.08102755714520526,0.08531113259419953,0.023216640766166752,-0.00428357544899427,0.03421303811455053,0.6785904452107953,-0.12520301280033064,0.4973973985809004,0.9003628321455214,0.543,0.543,0.903,True,999,0.00011987506877630949,0.0030539159197360277,weak_5x5_mild_strong_300_800,weak_null,True,1436,1739603722,-5.551115123125783e-17,0,5
300,800,0.11724006865995928,0.10617907648480002,0.0816918827340487,0.09597980129558437,0.011060992175159268,-0.014287918561535662,0.03459899989411232,0.319691095378786,-0.4129575596191445,0.7492025106859566,0.6796377083073857,0.799,0.783,0.699,True,999,0.00011895806528627872,0.0030352910980582237,weak_5x5_mild_strong_300_800,weak_null,True,1437,1739603722,-5.551115123125783e-17,0,5
300,800,0.11952265002113749,0.11707605490826467,0.08638038422253658,0.10560334699573559,0.002446595112872818,-0.019222962773199015,0.0344766133107968,0.07096390503375327,-0.5575652863554058,0.9434264826473214,0.5771412663708972,0.954,0.954,0.604,True,999,0.0001230830093845725,0.00318266695830971,weak_5x5_mild_strong_300_800,weak_null,True,1438,1739603722,-5.551115123125783e-17,1,4
300,800,0.09317346593390441,0.09941535126612228,0.06152249673937149,0.09073040396754095,-0.006241885332217867,-0.02920790722816946,0.03141192960896672,-0.19871066215671399,-0.9298348618428042,0.8424890831541523,0.35245659316894784,0.872,0.853,0.308,True,999,0.00012266705743968487,0.002928874921053648,weak_5x5_mild_strong_300_800,weak_null,True,1439,1739603722,-5.551115123125783e-17,1,7
300,800,0.12860844719400388,0.11415140470132262,0.09535767511914628,0.10293031406030195,0.01445704249268126,-0.007572638941155674,0.03485406803295147,0.4147878083847599,-0.217267004069551,0.6782972452392312,0.8280002698406581,0.712,0.697,0.819,True,999,0.00011475000064820051,0.002993792062625289,weak_5x5_mild_strong_300_800,weak_null,True,1440,1739603722,-5.551115123125783e-17,1,3
300,800,0.12179373851921382,0.1223400899891694,0.08889936105146035,0.11420000107665373,-0.0005463514699555749,-0.02530064002519339,0.03518624957324341,-0.01552741416269143,-0.7190490697943748,0.9876114137883057,0.4721106860744977,0.987,0.986,0.492,True,999,0.00012166693340986967,0.003044291981495917,weak_5x5_mild_strong_300_800,weak_null,True,1441,1739603722,-5.551115123125783e-17,0,7
300,800,0.1271680941986113,0.08784276643562977,0.09419995907893508,0.07710723299453548,0.03932532776298153,0.0170927260843996,0.032734910238360726,1.2013268854758539,0.5221558867868629,0.22962442533144956,0.6015617974000242,0.322,0.268,0.592,True,999,0.00011445803102105856,0.0029707079520449042,weak_5x5_mild_strong_300_800,weak_null,True,1442,1739603722,-5.551115123125783e-17,1,5
300,800,0.12065354901283776,0.09849304725000863,0.08885986807496238,0.0851668618805661,0.022160501762829132,0.0036930061943962755,0.03440063021637426,0.6441888309441789,0.10735286450183845,0.5194529926631726,0.9145090470089716,0.586,0.561,0.897,True,999,0.00012233294546604156,0.003076624940149486,weak_5x5_mild_strong_300_800,weak_null,True,1443,1739603722,-5.551115123125783e-17,1,2
300,800,0.15442992929653132,0.11147424487115876,0.1209077057956165,0.10064130672441252,0.042955684425372564,0.020266399071203978,0.03597082544335962,1.194181225921864,0.5634121213903155,0.23240708531824938,0.5731542850953473,0.302,0.274,0.582,True,999,0.00011958298273384571,0.0031220410019159317,weak_5x5_mild_strong_300_800,weak_null,True,1444,1739603722,-5.551115123125783e-17,1,5
300,800,0.16069871226052335,0.10583065085792692,0.13085262653089558,0.09825675207594031,0.054868061402596424,0.032595874454955265,0.03857803606224493,1.4222616546386098,0.844933485011068,0.15495030619512845,0.3981479774467872,0.163,0.16,0.381,True,999,0.0001313330139964819,0.0030771249439567327,weak_5x5_mild_strong_300_800,weak_null,True,1445,1739603722,-5.551115123125783e-17,2,7
300,800,0.08727176964319217,0.0948847237911376,0.05892856897838783,0.08527047319574876,-0.007612954147945439,-0.026341904217360934,0.02917562261199707,-0.2609354476916965,-0.9028737644326773,0.7941422882089328,0.36659289615985646,0.835,0.821,0.349,True,999,0.00012520805466920137,0.003235124982893467,weak_5x5_mild_strong_300_800,weak_null,True,1446,1739603722,-5.551115123125783e-17,2,5
300,800,0.11242962010226831,0.12909891930901102,0.07997284220999745,0.12013264043474692,-0.016669299206742705,-0.040159798224749466,0.03406070699176108,-0.48939968306514686,-1.1790653151874884,0.6245587604093831,0.23837216861256338,0.682,0.654,0.255,True,999,0.000131125096231699,0.003052125102840364,weak_5x5_mild_strong_300_800,weak_null,True,1447,1739603722,-5.551115123125783e-17,0,6
300,800,0.1548022819890955,0.11311463232953117,0.12076455304014644,0.10422361365664301,0.04168764965956434,0.016540939383503428,0.03711383096091665,1.123237579636126,0.4456812717857702,0.2613366061861644,0.6558274947241276,0.333,0.322,0.684,True,999,0.00012070895172655582,0.003093583043664694,weak_5x5_mild_strong_300_800,weak_null,True,1448,1739603722,-5.551115123125783e-17,1,6
300,800,0.1068755304913327,0.10964845937041062,0.07754778698176779,0.09793062804351393,-0.0027729288790779294,-0.02038284106174615,0.03182909846766798,-0.08711930317142574,-0.6403838639178251,0.9305766820087363,0.5219230706958693,0.957,0.95,0.527,True,999,0.00011858402285724878,0.003079292015172541,weak_5x5_mild_strong_300_800,weak_null,True,1449,1739603722,-5.551115123125783e-17,2,3
300,800,0.13107996838011726,0.11395760270123056,0.10155843388702124,0.10231738647291877,0.017122365678886697,-0.0007589525858975321,0.03478375748878498,0.49225175527420545,-0.021819166205440412,0.6225413811600209,0.982592205404956,0.685,0.655,0.989,True,999,0.00014112493954598904,0.0029602079885080457,weak_5x5_mild_strong_300_800,weak_null,True,1450,1739603722,-5.551115123125783e-17,2,4
300,800,0.13209253982754676,0.11381484706814271,0.09756541551189457,0.10223749504302759,0.01827769275940405,-0.004672079531133022,0.03439403090214669,0.5314204901253158,-0.13583983640723588,0.5951274256147259,0.8919478980279871,0.635,0.618,0.894,True,999,0.00012070802040398121,0.0031464160420000553,weak_5x5_mild_strong_300_800,weak_null,True,1451,1739603722,-5.551115123125783e-17,1,3
300,800,0.11035661565873767,0.11962812701909503,0.07619076678611236,0.11093547997865016,-0.009271511360357365,-0.0347447131925378,0.03448752595158514,-0.2688366620839388,-1.0074573989828586,0.7880553792922804,0.3137150199379617,0.829,0.811,0.337,True,999,0.00012645800597965717,0.0031008339719846845,weak_5x5_mild_strong_300_800,weak_null,True,1452,1739603722,-5.551115123125783e-17,1,7
300,800,0.13592029424678587,0.08937430867594431,0.10697728713631705,0.08016173988272612,0.04654598557084155,0.02681554725359092,0.03379682087450673,1.3772297028668647,0.7934340141980085,0.168441241257413,0.42752499987141024,0.238,0.201,0.425,True,999,0.00012058299034833908,0.0030851250048726797,weak_5x5_mild_strong_300_800,weak_null,True,1453,1739603722,-5.551115123125783e-17,2,6
300,800,0.15108161832075417,0.12568957467278946,0.12612075319952964,0.11681814778660282,0.025392043647964713,0.009302605412926823,0.03644320264519037,0.6967566460933932,0.25526311459222273,0.4859551019539765,0.7985198867295096,0.529,0.501,0.784,True,999,0.00012029206845909357,0.0030625000363215804,weak_5x5_mild_strong_300_800,weak_null,True,1454,1739603722,-5.551115123125783e-17,4,6
300,800,0.07289250600872532,0.12604138665955616,0.04138761362992227,0.11599764387000278,-0.05314888065083084,-0.0746100302400805,0.030158466562273542,-1.7623203932164426,-2.4739331519399346,0.07801518020781124,0.013363469891715659,0.195,0.1,0.018,True,999,0.00011604197788983583,0.003002209006808698,weak_5x5_mild_strong_300_800,weak_null,True,1455,1739603722,-5.551115123125783e-17,1,6
300,800,0.21370867100678148,0.12788269790649187,0.179616374218881,0.11855445531176656,0.08582597310028961,0.06106191890711443,0.041748329714485645,2.055794176371806,1.4626194466871676,0.0398023596100125,0.14357153901253722,0.057,0.055,0.143,True,999,0.00011262495536357164,0.0031146659748628736,weak_5x5_mild_strong_300_800,weak_null,True,1456,1739603722,-5.551115123125783e-17,1,6
300,800,0.14025341325273566,0.14001452675369452,0.10598174807421401,0.1266856912041021,0.00023888649904113546,-0.020703943129888103,0.03650615978652532,0.00654373126173929,-0.5671356080989399,0.9947788951178914,0.570622052152103,0.996,0.995,0.594,True,999,0.00012008403427898884,0.0030609999084845185,weak_5x5_mild_strong_300_800,weak_null,True,1457,1739603722,-5.551115123125783e-17,2,2
300,800,0.11166220233828139,0.10268293259164579,0.07923538017865894,0.09066301333558613,0.008979269746635599,-0.011427633156927186,0.03299627128682775,0.272129831537061,-0.3463310462442811,0.785522192540541,0.7290939391002371,0.833,0.817,0.723,True,999,0.00012499990407377481,0.00302341696806252,weak_5x5_mild_strong_300_800,weak_null,True,1458,1739603722,-5.551115123125783e-17,2,4
300,800,0.09531585571735801,0.09685340500471934,0.06725432031697665,0.08509063807662187,-0.0015375492873613283,-0.017836317759645226,0.030776289729891566,-0.04995889045936486,-0.5795473696207651,0.9601551480494689,0.5622198936280011,0.959,0.957,0.555,True,999,0.00014775001909583807,0.0030713750747963786,weak_5x5_mild_strong_300_800,weak_null,True,1459,1739603722,-5.551115123125783e-17,3,4
300,800,0.13081467444260853,0.11275511901433488,0.09948610890330656,0.10074249150079595,0.018059555428273644,-0.0012563825974893916,0.03463680887826292,0.5213977849907331,-0.036273047032281944,0.6020896941783525,0.9710646411443851,0.641,0.628,0.974,True,999,0.00011479109525680542,0.0030197500018402934,weak_5x5_mild_strong_300_800,weak_null,True,1460,1739603722,-5.551115123125783e-17,2,4
300,800,0.11927977196928263,0.09395711720502398,0.08840550119009549,0.08079389173332174,0.025322654764258656,0.007611609456773749,0.03276393831203163,0.7728818960374989,0.23231668257593444,0.4395922799002967,0.8162920560379372,0.498,0.457,0.822,True,999,0.00011466699652373791,0.003129500080831349,weak_5x5_mild_strong_300_800,weak_null,True,1461,1739603722,-5.551115123125783e-17,2,3
300,800,0.09467593049591116,0.1694886320333283,0.06149856178308255,0.15799351486344904,-0.07481270153741715,-0.09649495308036649,0.03316346286037668,-2.2558772542056365,-2.909676636804341,0.0240783193928456,0.003618028757426318,0.091,0.031,0.005,True,999,0.000122333993203938,0.003036834066733718,weak_5x5_mild_strong_300_800,weak_null,True,1462,1739603722,-5.551115123125783e-17,1,3
300,800,0.15550034789804834,0.1132825862076362,0.12079540443289716,0.10412664399041205,0.04221776169041214,0.01666876044248511,0.038106393281744415,1.107891827449263,0.43742687268360797,0.2679085355202042,0.6618017989607936,0.309,0.3,0.649,True,999,0.00012020801659673452,0.0030393749475479126,weak_5x5_mild_strong_300_800,weak_null,True,1463,1739603722,-5.551115123125783e-17,1,7
300,800,0.09987905899399963,0.09908053254862925,0.06645029994496099,0.0901953598092291,0.0007985264453703733,-0.023745059864268114,0.03132952326675388,0.025487985839150955,-0.7579132201307955,0.9796657312871312,0.44850293546003595,0.978,0.977,0.432,True,999,0.00012170802801847458,0.003171207965351641,weak_5x5_mild_strong_300_800,weak_null,True,1464,1739603722,-5.551115123125783e-17,3,6
300,800,0.14588077380281028,0.09793602147757324,0.11298977062944005,0.09037403322196269,0.04794475232523704,0.022615737407477354,0.035435732485402986,1.3530058210307034,0.6382184259008457,0.17605377074920747,0.5233315043639198,0.228,0.199,0.503,True,999,0.00012250000145286322,0.003142958041280508,weak_5x5_mild_strong_300_800,weak_null,True,1465,1739603722,-5.551115123125783e-17,2,7
300,800,0.12395396691615623,0.10704551568507875,0.09411862373616486,0.09567781523242047,0.01690845123107748,-0.0015591914962556075,0.03451932489737853,0.4898256637794659,-0.045168655554269424,0.6242572687264036,0.963972877984452,0.66,0.626,0.96,True,999,0.00012512505054473877,0.002931874943897128,weak_5x5_mild_strong_300_800,weak_null,True,1466,1739603722,-5.551115123125783e-17,2,4
300,800,0.0938527264056428,0.11180332657105119,0.05892423709076411,0.10097638810992748,-0.017950600165408392,-0.042052151019163375,0.032068076582907085,-0.5597654140247506,-1.311339983564153,0.5756394573249584,0.18974292559752215,0.629,0.582,0.167,True,999,0.00013741699513047934,0.0030344590777531266,weak_5x5_mild_strong_300_800,weak_null,True,1467,1739603722,-5.551115123125783e-17,0,4
300,800,0.09985090869980873,0.14608028846589538,0.06790291185308206,0.13668268117135085,-0.04622937976608665,-0.06877976931826879,0.03405156429991316,-1.3576286645428663,-2.0198710612083155,0.17458154264140047,0.043396763730958327,0.259,0.198,0.043,True,999,0.000114083057269454,0.0030047500040382147,weak_5x5_mild_strong_300_800,weak_null,True,1468,1739603722,-5.551115123125783e-17,1,5
300,800,0.08477754054729392,0.09028256393828304,0.0515112784238454,0.08182735017595633,-0.005505023390989128,-0.03031607175211093,0.030104054691899473,-0.18286650909089808,-1.007042807435123,0.8549027616181071,0.3139142033513367,0.889,0.87,0.312,True,999,0.00011887494474649429,0.003007582970894873,weak_5x5_mild_strong_300_800,weak_null,True,1469,1739603722,-5.551115123125783e-17,0,6
300,800,0.09944119027092058,0.11324705617001973,0.06693917956459927,0.10271697323867102,-0.013805865899099157,-0.035777793674071745,0.03296859758444756,-0.41875805798945676,-1.0852082373970733,0.675392960243492,0.2778294366596281,0.759,0.72,0.257,True,999,0.00012133398558944464,0.002978708944283426,weak_5x5_mild_strong_300_800,weak_null,True,1470,1739603722,-5.551115123125783e-17,2,5
300,800,0.1247200032468927,0.10603081206915566,0.10211028166742153,0.09719345021335357,0.01868919117773704,0.00491683145406796,0.03381729595240483,0.5526518502260086,0.1453939859942679,0.5805018300107048,0.8843998126924925,0.627,0.608,0.876,True,999,0.00012691703159362078,0.0029250410152599216,weak_5x5_mild_strong_300_800,weak_null,True,1471,1739603722,-5.551115123125783e-17,5,6
300,800,0.13348512210384045,0.10781613829477027,0.09764935560809818,0.09596378031596942,0.02566898380907018,0.0016855752921287603,0.03391765873500869,0.7568029388353831,0.049696097991249764,0.4491679318929922,0.9603645659712149,0.524,0.497,0.97,True,999,0.00011700007598847151,0.003163707908242941,weak_5x5_mild_strong_300_800,weak_null,True,1472,1739603722,-5.551115123125783e-17,1,4
300,800,0.14482769246857963,0.0969748978592972,0.11730607128617976,0.0863719063862618,0.047852794609282434,0.03093416489991796,0.0336602440613332,1.4216413440760745,0.9190119015046955,0.15513039604466103,0.3580893471136113,0.232,0.173,0.37,True,999,0.0001168340677395463,0.003001958946697414,weak_5x5_mild_strong_300_800,weak_null,True,1473,1739603722,-5.551115123125783e-17,2,5
300,800,0.14899912205308907,0.0861772782493434,0.11433101050789674,0.07784857655445876,0.06282184380374567,0.036482433953437976,0.03488489682767719,1.800832151348193,1.0457945205815635,0.071729339638486,0.29565591154076787,0.11,0.085,0.287,True,999,0.00012112502008676529,0.0030728750862181187,weak_5x5_mild_strong_300_800,weak_null,True,1474,1739603722,-5.551115123125783e-17,1,6
300,800,0.1275615509244532,0.10398410648955048,0.10130490374160672,0.09011635462161394,0.023577444434902728,0.011188549119992786,0.03323008649695818,0.709521007026598,0.3366993679362515,0.4780012200781738,0.7363435398925722,0.575,0.544,0.736,True,999,0.00012170791160315275,0.003092332975938916,weak_5x5_mild_strong_300_800,weak_null,True,1475,1739603722,-5.551115123125783e-17,3,2
300,800,0.11637388108379998,0.08824830014974294,0.08194808221907124,0.07559426699049254,0.028125580934057037,0.006353815228578696,0.032428931763779874,0.8672990260342377,0.19593045108181215,0.38577819020554815,0.8446646026568632,0.46,0.436,0.845,True,999,0.00012112502008676529,0.003039709059521556,weak_5x5_mild_strong_300_800,weak_null,True,1476,1739603722,-5.551115123125783e-17,1,3
300,800,0.11116176251189591,0.10961010783093061,0.07819141843935995,0.10141479790473795,0.0015516546809652976,-0.023223379465378002,0.0335994232486899,0.04618099154502003,-0.6911838722196972,0.9631659928582643,0.48944999771015296,0.965,0.96,0.45,True,999,0.00011641706805676222,0.003099583089351654,weak_5x5_mild_strong_300_800,weak_null,True,1477,1739603722,-5.551115123125783e-17,1,5
300,800,0.11936718334327645,0.08894805964451213,0.0788460859894542,0.07750371230434894,0.030419123698764317,0.0013423736851052581,0.03421386524513324,0.8890876105584501,0.03923478611631594,0.37395599686431735,0.9687031996684387,0.404,0.401,0.969,True,999,0.0001462919171899557,0.0029583750292658806,weak_5x5_mild_strong_300_800,weak_null,True,1478,1739603722,-5.551115123125783e-17,1,4
300,800,0.11936859565259761,0.10758056836262592,0.0901642983242823,0.10002609882883462,0.011788027289971692,-0.00986180050455232,0.03430185783866996,0.34365565111410795,-0.2875004774066403,0.7311052672219739,0.7737291364437413,0.755,0.74,0.751,True,999,0.000114083057269454,0.0030015830416232347,weak_5x5_mild_strong_300_800,weak_null,True,1479,1739603722,-5.551115123125783e-17,3,7
300,800,0.10677774787940375,0.10117442477112348,0.07091999239054303,0.0922840857861047,0.005603323108280267,-0.021364093395561667,0.0336222554419098,0.16665518224859424,-0.6354152365677272,0.8676413716392131,0.5251576333731447,0.885,0.88,0.526,True,999,0.000124208047054708,0.003035416011698544,weak_5x5_mild_strong_300_800,weak_null,True,1480,1739603722,-5.551115123125783e-17,1,6
300,800,0.12025040569805978,0.15954781962898806,0.08705228128326326,0.15088439374113705,-0.03929741393092828,-0.06383211245787379,0.035180570912445655,-1.1170203584452414,-1.8144137744874465,0.26398562061442377,0.06961404666218815,0.356,0.292,0.077,True,999,0.00011954200454056263,0.0030632090056315064,weak_5x5_mild_strong_300_800,weak_null,True,1481,1739603722,-5.551115123125783e-17,1,7
300,800,0.1221726795726652,0.11217903619514608,0.08726691481444959,0.10348099773165131,0.009993643377519124,-0.016214082917201722,0.03458620047857287,0.2889488651322214,-0.4688020855961557,0.7726205088358815,0.639211109061008,0.8,0.779,0.594,True,999,0.00011945806909352541,0.0031312910141423345,weak_5x5_mild_strong_300_800,weak_null,True,1482,1739603722,-5.551115123125783e-17,0,7
300,800,0.17349503636819696,0.11820819839020302,0.14446021521769126,0.10955491207727164,0.05528683797799394,0.03490530314041962,0.0384311134087228,1.4385957906034894,0.9082563590909931,0.15026507969467331,0.36374279375264307,0.209,0.182,0.386,True,999,0.00012054096441715956,0.007667416939511895,weak_5x5_mild_strong_300_800,weak_null,True,1483,1739603722,-5.551115123125783e-17,3,7
300,800,0.11532359098705336,0.14231552560763405,0.08425678929762626,0.133969575354854,-0.026991934620580693,-0.04971278605722773,0.03489092507829942,-0.7736090275625411,-1.4248056176689579,0.43916203191934566,0.1542133980066514,0.516,0.468,0.143,True,999,0.0003927090438082814,0.0038442090153694153,weak_5x5_mild_strong_300_800,weak_null,True,1484,1739603722,-5.551115123125783e-17,2,6
300,800,0.12261076345136845,0.11980208247107033,0.08945507201480041,0.10955896419943656,0.0028086809802981283,-0.020103892184636152,0.033430220197939724,0.08401622734364235,-0.6013688233461034,0.933043529830128,0.5475943590636807,0.935,0.931,0.528,True,999,0.00017520796973258257,0.006649916060268879,weak_5x5_mild_strong_300_800,weak_null,True,1485,1739603722,-5.551115123125783e-17,0,4
300,800,0.19445361100380465,0.13018408042726626,0.15938020280668752,0.1184296979634496,0.06426953057653839,0.04095050484323792,0.03812067461645259,1.6859494545461207,1.0742334771159585,0.09180553531954934,0.28271805165361397,0.137,0.127,0.303,True,999,0.00039183301851153374,0.005090875085443258,weak_5x5_mild_strong_300_800,weak_null,True,1486,1739603722,-5.551115123125783e-17,3,4
300,800,0.10942082449670987,0.11456768669666145,0.0806482599185756,0.101757266958316,-0.005146862199951585,-0.02110900703974039,0.032885517584246605,-0.15650847479490865,-0.6418937146317684,0.8756322396414533,0.5209421955512943,0.882,0.874,0.455,True,999,0.00016549997963011265,0.00404358294326812,weak_5x5_mild_strong_300_800,weak_null,True,1487,1739603722,-5.551115123125783e-17,1,3
300,800,0.11603202445698346,0.11902989002652276,0.08262678891134101,0.10588640332673549,-0.002997865569539293,-0.02325961441539448,0.033226722703696095,-0.09022453391726819,-0.7000273431362857,0.9281087885869208,0.48391022860585453,0.937,0.931,0.486,True,999,0.0001556250499561429,0.00683208298869431,weak_5x5_mild_strong_300_800,weak_null,True,1488,1739603722,-5.551115123125783e-17,0,3
300,800,0.11123629351602593,0.12263557189608881,0.0773006638414131,0.11548513181378439,-0.011399278380062883,-0.038184467972371294,0.03487858032975406,-0.3268274761269007,-1.0947827466416993,0.7437983766980467,0.273611826902158,0.792,0.771,0.249,True,999,0.0003869999200105667,0.004045167006552219,weak_5x5_mild_strong_300_800,weak_null,True,1489,1739603722,-5.551115123125783e-17,0,7
300,800,0.12672044011440553,0.10138274390328983,0.08877078292033502,0.09326242298908483,0.0253376962111157,-0.004491640068749803,0.03493694801741568,0.7252406878381346,-0.12856417986226987,0.46830438557859766,0.8977025113529653,0.503,0.487,0.881,True,999,0.0001669169869273901,0.006161250057630241,weak_5x5_mild_strong_300_800,weak_null,True,1490,1739603722,-5.551115123125783e-17,0,7
300,800,0.10425840150909171,0.10473998979424387,0.07682968619866415,0.0923775905328057,-0.0004815882851521569,-0.015547904334141549,0.03208741436684421,-0.015008634838766568,-0.48454837016120356,0.9880252915538218,0.6279967449768327,0.99,0.99,0.614,True,999,0.0004044170491397381,0.007435458013787866,weak_5x5_mild_strong_300_800,weak_null,True,1491,1739603722,-5.551115123125783e-17,3,4
300,800,0.11273511204916309,0.08191132831444131,0.07905275050143246,0.07186245504965427,0.030823783734721777,0.007190295451778184,0.03182441208319356,0.9685578371139741,0.22593647395533104,0.33276584865484815,0.8212508290910691,0.418,0.387,0.831,True,999,0.00039670791011303663,0.006816542008891702,weak_5x5_mild_strong_300_800,weak_null,True,1492,1739603722,-5.551115123125783e-17,2,6
300,800,0.13335220472846965,0.10416739121579643,0.10636528663508216,0.09371010627751275,0.029184813512673213,0.012655180357569407,0.03454937945488256,0.8447275746525392,0.36629255162442464,0.39826295998280214,0.7141467869278013,0.444,0.414,0.701,True,999,0.00026779097970575094,0.0033938330598175526,weak_5x5_mild_strong_300_800,weak_null,True,1493,1739603722,-5.551115123125783e-17,3,4
300,800,0.09734694309454328,0.0943378340856329,0.058333551358145996,0.08326103946939156,0.0030091090089103822,-0.024927488111245566,0.032271893668655016,0.09324240590917242,-0.7724209916896537,0.925710986067803,0.4398651249498512,0.943,0.942,0.417,True,999,0.00016612501349300146,0.005133874947205186,weak_5x5_mild_strong_300_800,weak_null,True,1494,1739603722,-5.551115123125783e-17,1,6
300,800,0.08670914474271152,0.14459597932305002,0.05250970832992152,0.13498319529344371,-0.0578868345803385,-0.08247348696352219,0.03271219009847342,-1.769579915196198,-2.521185121364619,0.0767971471505453,0.011696030197581786,0.143,0.09,0.017,True,999,0.00016475003212690353,0.0036204169737175107,weak_5x5_mild_strong_300_800,weak_null,True,1495,1739603722,-5.551115123125783e-17,0,5
300,800,0.18333514803546147,0.07829064809040742,0.1540991425915763,0.06777495453576421,0.10504449994505405,0.0863241880558121,0.03603704355988074,2.914903376313528,2.3954292452534856,0.0035579868026572085,0.01660091792778915,0.009,0.005,0.014,True,999,0.00034333299845457077,0.006833874969743192,weak_5x5_mild_strong_300_800,weak_null,True,1496,1739603722,-5.551115123125783e-17,3,6
300,800,0.12176671539414252,0.10079295595690196,0.08653469098459254,0.09077780353163689,0.020973759437240558,-0.004243112547044348,0.033525284770568424,0.6256101799216707,-0.12656454899883032,0.5315706600073298,0.8992850570406115,0.597,0.581,0.921,True,999,0.0004015000304207206,0.006598750012926757,weak_5x5_mild_strong_300_800,weak_null,True,1497,1739603722,-5.551115123125783e-17,1,6
300,800,0.12589075605833167,0.09413155506596843,0.0965846475664307,0.08039767512900653,0.031759200992363235,0.016186972437424174,0.03428808956090632,0.926245859686904,0.4720873237533713,0.35431822481109965,0.6368644601038582,0.425,0.403,0.647,True,999,0.0003951670369133353,0.005203707958571613,weak_5x5_mild_strong_300_800,weak_null,True,1498,1739603722,-5.551115123125783e-17,3,3
300,800,0.17587192708809685,0.1205491840694643,0.14953996990806218,0.1122816042040995,0.05532274301863255,0.03725836570396268,0.03782525325983207,1.462587511010314,0.9850129871708914,0.1435802826646193,0.3246176917059441,0.198,0.185,0.343,True,999,0.00016741699073463678,0.003205167013220489,weak_5x5_mild_strong_300_800,weak_null,True,1499,1739603722,-5.551115123125783e-17,3,6
300,800,0.09975305425024439,0.09459039474782549,0.06636776451273363,0.08319378983520664,0.005162659502418898,-0.016826025322473015,0.03278118633444375,0.15748848896888165,-0.5132829895418893,0.8748598791634468,0.6077533811802482,0.881,0.877,0.562,True,999,0.0001359580783173442,0.0033734580501914024,weak_5x5_mild_strong_300_800,weak_null,True,1500,1739603722,-5.551115123125783e-17,1,4
300,800,0.1183228926005071,0.13549203104933538,0.08564852245484644,0.12742101184255716,-0.01716913844882828,-0.04177248938771072,0.03500529469004139,-0.49047261566727235,-1.1933191752159287,0.6237995030295517,0.2327443955184546,0.703,0.671,0.224,True,999,0.00014416698832064867,0.0031365000177174807,weak_5x5_mild_strong_300_800,weak_null,True,1501,1739603722,-5.551115123125783e-17,1,7
300,800,0.14171335357994486,0.06891322363536723,0.1120812071114301,0.05744371791621461,0.07280012994457763,0.054637489195215494,0.032758435976359156,2.2223322870821867,1.6678906537127058,0.02626085770684695,0.09533743536418664,0.05,0.031,0.068,True,999,0.00012674997560679913,0.003816666081547737,weak_5x5_mild_strong_300_800,weak_null,True,1502,1739603722,-5.551115123125783e-17,2,4
300,800,0.1513802823901924,0.13098893967782005,0.1136351115954426,0.12029383026157348,0.020391342712372362,-0.006658718666130881,0.037018505963142816,0.5508418608972183,-0.17987540266375368,0.5817420852612666,0.8572503860492265,0.634,0.617,0.863,True,999,0.0007834170246496797,0.003511332906782627,weak_5x5_mild_strong_300_800,weak_null,True,1503,1739603722,-5.551115123125783e-17,0,5
300,800,0.19508050992897996,0.09495074191686437,0.16515084735158325,0.08479869704154908,0.1001297680121156,0.08035215031003418,0.03800241876288756,2.634826184008593,2.1143956865320517,0.008418037817482814,0.034481485771842624,0.013,0.01,0.037,True,999,0.00016279204282909632,0.0031995000317692757,weak_5x5_mild_strong_300_800,weak_null,True,1504,1739603722,-5.551115123125783e-17,3,5
300,800,0.10072504490504941,0.12098407238982312,0.07065338175590341,0.11231472383434493,-0.020259027484773706,-0.04166134207844152,0.03261975989483124,-0.6210661129968601,-1.277181138449856,0.5345561243945642,0.20153830438405762,0.586,0.534,0.178,True,999,0.00013837497681379318,0.003578374977223575,weak_5x5_mild_strong_300_800,weak_null,True,1505,1739603722,-5.551115123125783e-17,1,6
300,800,0.0829691512518479,0.09108499457800245,0.048209441535220776,0.08160634918169762,-0.00811584332615456,-0.03339690764647685,0.030713856492411134,-0.26424045212817365,-1.087356374629433,0.7915946421376362,0.27687934316057217,0.818,0.801,0.253,True,999,0.00017499993555247784,0.003174290992319584,weak_5x5_mild_strong_300_800,weak_null,True,1506,1739603722,-5.551115123125783e-17,1,6
300,800,0.12310894764390912,0.10159113685713944,0.09026877525363375,0.09027063682634662,0.021517810786769676,-1.8615727128690196e-06,0.03444900413837853,0.6246279486145544,-5.403850588514114e-05,0.5322152719704478,0.9999568835104864,0.602,0.587,1.0,True,999,0.00014691695105284452,0.0034299580147489905,weak_5x5_mild_strong_300_800,weak_null,True,1507,1739603722,-5.551115123125783e-17,2,4
300,800,0.10611552726200357,0.06912004324732551,0.07350513137373582,0.056654329734726616,0.03699548401467806,0.016850801639009205,0.03127308662137917,1.1829815349722115,0.5388275817804795,0.2368164655367151,0.5900058300609821,0.287,0.241,0.571,True,999,0.0001746669877320528,0.0031197089701890945,weak_5x5_mild_strong_300_800,weak_null,True,1508,1739603722,-5.551115123125783e-17,2,4
300,800,0.11081087209647766,0.09860338263163282,0.07585619883650452,0.08727885763261156,0.012207489464844845,-0.011422658796107044,0.03328663596775112,0.3667384555372838,-0.34316050462935294,0.7138141188199706,0.7314777153341552,0.728,0.715,0.726,True,999,0.00013162498362362385,0.003254291950725019,weak_5x5_mild_strong_300_800,weak_null,True,1509,1739603722,-5.551115123125783e-17,2,4
300,800,0.13879353900447555,0.10526707498220395,0.10221389050491325,0.09653753797454101,0.03352646402227161,0.005676352530372242,0.03592672274764568,0.9331901564683807,0.1579980609487744,0.35072179619027577,0.8744583266633856,0.414,0.406,0.883,True,999,0.0002464170102030039,0.0033613330451771617,weak_5x5_mild_strong_300_800,weak_null,True,1510,1739603722,-5.551115123125783e-17,1,6
300,800,0.12018234237377734,0.12710849994440004,0.09431701579950413,0.11558362001920841,-0.006926157570622704,-0.021266604219704277,0.033530459884968826,-0.20656315464756245,-0.6342473169966201,0.8363510379460569,0.52591943221906,0.861,0.842,0.499,True,999,0.00013800000306218863,0.003157709026709199,weak_5x5_mild_strong_300_800,weak_null,True,1511,1739603722,-5.551115123125783e-17,4,4
300,800,0.0879673162180643,0.11479296722581939,0.05137259567783303,0.10421713590886839,-0.02682565100775508,-0.05284454023103535,0.03133588355273295,-0.8560681227517355,-1.6863906244132865,0.3919600996981756,0.0917205860755361,0.486,0.431,0.091,True,999,0.0001252500806003809,0.0033767909044399858,weak_5x5_mild_strong_300_800,weak_null,True,1512,1739603722,-5.551115123125783e-17,0,4
300,800,0.19027615712378576,0.08445300897093427,0.16404545021629247,0.07338236095529282,0.10582314815285149,0.09066308926099964,0.036438937138846904,2.9041228000043753,2.488082704375736,0.003682836787658187,0.012843386193849504,0.009,0.004,0.011,True,999,0.0001433329889550805,0.0031983338994905353,weak_5x5_mild_strong_300_800,weak_null,True,1513,1739603722,-5.551115123125783e-17,4,6
300,800,0.16514103385618628,0.1379374685819083,0.14438929747348084,0.12982756550366048,0.027203565274277974,0.014561731969820357,0.03625612879319149,0.7503163238813988,0.4016350463912433,0.45306421343141734,0.6879526335119446,0.51,0.471,0.697,True,999,0.00013683305587619543,0.0033144999761134386,weak_5x5_mild_strong_300_800,weak_null,True,1514,1739603722,-5.551115123125783e-17,5,7
300,800,0.1467859902935177,0.12864478977417937,0.1151922739744009,0.11773679145909455,0.01814120051933832,-0.0025445174846936425,0.03678803135670541,0.493127787769804,-0.06916699238459928,0.6219222976323098,0.9448566964240062,0.682,0.669,0.947,True,999,0.0002079589758068323,0.0033199579920619726,weak_5x5_mild_strong_300_800,weak_null,True,1515,1739603722,-5.551115123125783e-17,2,4
300,800,0.11152770972793125,0.09576040538117558,0.08129076772547705,0.08581607206804165,0.01576730434675566,-0.004525304342564596,0.032197276951108904,0.4897092499685015,-0.14054928773747558,0.6243396554040814,0.888226012942901,0.678,0.645,0.899,True,999,0.00013762502931058407,0.003089125035330653,weak_5x5_mild_strong_300_800,weak_null,True,1516,1739603722,-5.551115123125783e-17,1,5
300,800,0.13205594386115993,0.1174940565162722,0.09714392019617435,0.10778626561494775,0.014561887344887725,-0.010642345418773402,0.03599792401685984,0.4045201978332856,-0.2956377543824193,0.685830228333717,0.7675067379120242,0.725,0.713,0.739,True,999,0.00012929097283631563,0.0033390000462532043,weak_5x5_mild_strong_300_800,weak_null,True,1517,1739603722,-5.551115123125783e-17,1,5
300,800,0.13917410678982556,0.11328240734235118,0.10760058314275511,0.10117552900032933,0.02589169944747438,0.006425054142425779,0.035526819739801985,0.7287930537296862,0.18085081044356913,0.4661282612490587,0.8564846796517378,0.524,0.499,0.838,True,999,0.00013212498743087053,0.003207540954463184,weak_5x5_mild_strong_300_800,weak_null,True,1518,1739603722,-5.551115123125783e-17,2,3
300,800,0.14210533596628694,0.11143028506877894,0.11027528324348168,0.09894047582844223,0.030675050897507994,0.01133480741503945,0.03621192854272381,0.8470979627974451,0.3130130835662712,0.3969405205442068,0.7542707220301835,0.458,0.443,0.742,True,999,0.0001294170506298542,0.003378374967724085,weak_5x5_mild_strong_300_800,weak_null,True,1519,1739603722,-5.551115123125783e-17,1,2
300,800,0.0955046672480917,0.13491589785730407,0.06120011814641657,0.12537306289266326,-0.03941123060921237,-0.06417294474624669,0.03266603310437087,-1.2064896427212326,-1.9645160017198429,0.22762875025173857,0.049470282437857956,0.341,0.27,0.049,True,999,0.00021979096345603466,0.003552707959897816,weak_5x5_mild_strong_300_800,weak_null,True,1520,1739603722,-5.551115123125783e-17,1,5
300,800,0.14378372867169076,0.0936009288931533,0.11092175583871722,0.08411932981306336,0.05018279977853746,0.026802426025653858,0.03484964343841368,1.439980293262413,0.7690875251857061,0.14987297457659093,0.44184135329249663,0.207,0.174,0.447,True,999,0.00014287501107901335,0.0034689579624682665,weak_5x5_mild_strong_300_800,weak_null,True,1521,1739603722,-5.551115123125783e-17,1,6
300,800,0.13773188797641178,0.10052206670708436,0.10776754695211821,0.0912725921966171,0.037209821269327426,0.016494954755501112,0.034030674876758725,1.093420021909113,0.4847084230693983,0.2742094266413243,0.6278831907216513,0.316,0.292,0.604,True,999,0.00013891595881432295,0.0030425830045714974,weak_5x5_mild_strong_300_800,weak_null,True,1522,1739603722,-5.551115123125783e-17,4,5
300,800,0.13875454146370525,0.07872685753725256,0.10184232948500949,0.06769134328243354,0.06002768392645269,0.03415098620257595,0.034441964828639794,1.7428646775847527,0.9915516252481077,0.08135725534027852,0.3214162970457296,0.121,0.099,0.291,True,999,0.0001397080486640334,0.0031105829402804375,weak_5x5_mild_strong_300_800,weak_null,True,1523,1739603722,-5.551115123125783e-17,0,4
300,800,0.15190436812005803,0.08173459826432039,0.11702180755332847,0.0726559627381107,0.07016976985573764,0.04436584481521777,0.03449975880405941,2.0339205921486365,1.2859755068779632,0.04195960239226468,0.19845160986206567,0.075,0.046,0.177,True,999,0.00012995803263038397,0.0032953330082818866,weak_5x5_mild_strong_300_800,weak_null,True,1524,1739603722,-5.551115123125783e-17,1,6
300,800,0.16000407312283604,0.08932647306597585,0.13137214493514193,0.0788052109563182,0.07067760005686019,0.05256693397882373,0.036554487367989635,1.9334862870694172,1.4380432544338186,0.05317632075226349,0.15042178171358972,0.08,0.057,0.138,True,999,0.00013145804405212402,0.0030008750036358833,weak_5x5_mild_strong_300_800,weak_null,True,1525,1739603722,-5.551115123125783e-17,4,4
300,800,0.14951099629265818,0.10926209539592846,0.12336462152063632,0.09877305805957803,0.04024890089672972,0.024591563461058286,0.0355389805039572,1.132528292201519,0.6919602957749467,0.2574123967250638,0.4889622633808387,0.358,0.314,0.516,True,999,0.00012512505054473877,0.003237582975998521,weak_5x5_mild_strong_300_800,weak_null,True,1526,1739603722,-5.551115123125783e-17,3,4
300,800,0.144974874793807,0.08469417784170374,0.10972380749115018,0.07710344356769383,0.06028069695210325,0.03262036392345635,0.03482066806640131,1.7311757728815231,0.9368103983889946,0.08342041902855112,0.34885609552984986,0.12,0.098,0.356,True,999,0.00013100006617605686,0.003076499910093844,weak_5x5_mild_strong_300_800,weak_null,True,1527,1739603722,-5.551115123125783e-17,2,7
300,800,0.09020643408312656,0.09501967880507972,0.05120211663131613,0.08443691431216394,-0.004813244721953158,-0.033234797680847805,0.0315076268830602,-0.15276443192048073,-1.0548175463737068,0.8785840476620321,0.29150877814833476,0.912,0.901,0.298,True,999,0.00011962500866502523,0.0031487910309806466,weak_5x5_mild_strong_300_800,weak_null,True,1528,1739603722,-5.551115123125783e-17,0,5
300,800,0.11704935966747043,0.09830657367772816,0.08931718313777992,0.090287995748497,0.018742785989742272,-0.0009708126107170756,0.03220394556770923,0.5820027844207881,-0.030145766104216296,0.5605648053557397,0.9759508012275897,0.589,0.56,0.973,True,999,0.00011837505735456944,0.0031477910233661532,weak_5x5_mild_strong_300_800,weak_null,True,1529,1739603722,-5.551115123125783e-17,3,6
300,800,0.11933229481763807,0.1235636935210973,0.08274516140841115,0.11359169395313984,-0.004231398703459233,-0.03084653254472869,0.03351663090994666,-0.12624773399296196,-0.9203351204244824,0.8995358273486534,0.35739766147329943,0.923,0.916,0.358,True,999,0.00013574992772191763,0.0031337080290541053,weak_5x5_mild_strong_300_800,weak_null,True,1530,1739603722,-5.551115123125783e-17,0,5
300,800,0.16785633800344368,0.0999972726956444,0.13534097143906365,0.09059396426050625,0.06785906530779928,0.044747007178557396,0.038258363931762684,1.7737053635861737,1.1696006462369328,0.07611189879416727,0.24216171716011814,0.094,0.079,0.214,True,999,0.00012666697148233652,0.0032019999343901873,weak_5x5_mild_strong_300_800,weak_null,True,1531,1739603722,-5.551115123125783e-17,2,5
300,800,0.1274374187431886,0.1579085428197327,0.09346136540273164,0.14617094588970758,-0.03047112407654412,-0.05270958048697594,0.035345549740678855,-0.8620922379225353,-1.4912649788641703,0.38863676242083645,0.13589193970933763,0.49,0.439,0.138,True,999,0.0002297920873388648,0.0033697920152917504,weak_5x5_mild_strong_300_800,weak_null,True,1532,1739603722,-5.551115123125783e-17,2,4
300,800,0.12792174869274486,0.10949325198154036,0.10070905906417238,0.09795465737323639,0.0184284967112045,0.0027544016909359925,0.033437366640312466,0.5511348100297736,0.08237495854758056,0.5815412643430303,0.934348548544782,0.65,0.622,0.933,True,999,0.00012866698671132326,0.0031567499972879887,weak_5x5_mild_strong_300_800,weak_null,True,1533,1739603722,-5.551115123125783e-17,4,3
300,800,0.10898744101982716,0.07688497330889327,0.07571205963802186,0.06565233172568696,0.03210246771093389,0.010059727912334893,0.03190331366872586,1.0062424249805517,0.3153192178339841,0.31429896869480045,0.7525192949884816,0.395,0.352,0.737,True,999,0.0001265000319108367,0.0033232090063393116,weak_5x5_mild_strong_300_800,weak_null,True,1534,1739603722,-5.551115123125783e-17,1,5
300,800,0.16618575455743212,0.12063394335318711,0.13940183750514734,0.11048844113884115,0.04555181120424501,0.028913396366306188,0.036909231167633394,1.23415768259596,0.7833649049742616,0.21714415269627108,0.4334128589010924,0.265,0.247,0.419,True,999,0.0001550420420244336,0.0030759170185774565,weak_5x5_mild_strong_300_800,weak_null,True,1535,1739603722,-5.551115123125783e-17,3,5
300,800,0.15741315732093808,0.1308081115807147,0.12665842689193596,0.12065062776167679,0.026605045740223376,0.006007799130259173,0.036290539816279,0.7331124275062185,0.16554725172658438,0.4634898610100028,0.8685132613609833,0.525,0.509,0.863,True,999,0.00012645800597965717,0.0032807920360937715,weak_5x5_mild_strong_300_800,weak_null,True,1536,1739603722,-5.551115123125783e-17,3,5
300,800,0.17800209951128387,0.10920593413932655,0.1413065339284003,0.09835608183664135,0.06879616537195732,0.04295045209175896,0.03902155049522998,1.7630300308125124,1.1006854301447928,0.07789542482907105,0.27103358957447177,0.111,0.111,0.286,True,999,0.00014704209752380848,0.0031124999513849616,weak_5x5_mild_strong_300_800,weak_null,True,1537,1739603722,-5.551115123125783e-17,2,4
300,800,0.08933226485629209,0.1116451129050145,0.058010577189463675,0.10095318581113588,-0.02231284804872241,-0.04294260862167221,0.030660315738847563,-0.7277435835551865,-1.4005925114222681,0.4667705654173786,0.16133596158104557,0.56,0.514,0.167,True,999,0.0001236249227076769,0.0031320000998675823,weak_5x5_mild_strong_300_800,weak_null,True,1538,1739603722,-5.551115123125783e-17,2,5
300,800,0.11216233901035633,0.10248741819771917,0.07976048834012772,0.09013527948025057,0.009674920812637156,-0.010374791140122852,0.033159397357061464,0.29177010391525804,-0.31287634779386264,0.770462404742307,0.7543746077912501,0.811,0.796,0.764,True,999,0.0001277080737054348,0.003188416943885386,weak_5x5_mild_strong_300_800,weak_null,True,1539,1739603722,-5.551115123125783e-17,2,4
300,800,0.14471380017271374,0.1397319441180801,0.112365470991449,0.12818430229975775,0.004981856054633638,-0.015818831308308745,0.03550335354999804,0.14032071780537228,-0.4455587916795431,0.8884065958266861,0.6559159828754038,0.905,0.899,0.646,True,999,0.00013429101090878248,0.0031187079148367047,weak_5x5_mild_strong_300_800,weak_null,True,1540,1739603722,-5.551115123125783e-17,2,3
300,800,0.10678776180690208,0.09888623491994464,0.07467961378387145,0.08718623379724022,0.007901526886957444,-0.012506620013368774,0.03241865613445437,0.2437339430168342,-0.3857846531792787,0.807436883259378,0.699656162126606,0.847,0.836,0.682,True,999,0.0001229170011356473,0.0033329579746350646,weak_5x5_mild_strong_300_800,weak_null,True,1541,1739603722,-5.551115123125783e-17,3,3
300,800,0.11442532921618032,0.1207787681268287,0.0796959536780264,0.11195441365362058,-0.006353438910648379,-0.03225845997559418,0.03398692723411251,-0.18693772658186836,-0.949143173591066,0.8517094590268552,0.3425477988217146,0.884,0.872,0.35,True,999,0.00013433396816253662,0.003076625056564808,weak_5x5_mild_strong_300_800,weak_null,True,1542,1739603722,-5.551115123125783e-17,0,6
300,800,0.11256609356937997,0.09387322722291669,0.07788039041054162,0.08481883696316572,0.018692866346463277,-0.0069384465526241,0.0340922173248808,0.5483030384421802,-0.20351995549319585,0.5834838414260501,0.8387286498293296,0.639,0.611,0.85,True,999,0.00012295797932893038,0.0031213329639285803,weak_5x5_mild_strong_300_800,weak_null,True,1543,1739603722,-5.551115123125783e-17,0,6
300,800,0.13245164148606847,0.08448758839440029,0.09991848444508378,0.07281057014347425,0.04796405309166818,0.027107914301609526,0.03341114490691022,1.4355704728259124,0.8113434716810008,0.15112460176727116,0.4171684520008908,0.196,0.149,0.422,True,999,0.00013558310456573963,0.003297208924777806,weak_5x5_mild_strong_300_800,weak_null,True,1544,1739603722,-5.551115123125783e-17,3,3
300,800,0.16152889606646803,0.12777786296891758,0.13361002084616302,0.1184591999017357,0.033751033097550454,0.015150820944427323,0.037517240835006176,0.8996139467180222,0.4038362258849953,0.36832573255149226,0.6863331555815311,0.406,0.383,0.678,True,999,0.00013049994595348835,0.0031090410193428397,weak_5x5_mild_strong_300_800,weak_null,True,1545,1739603722,-5.551115123125783e-17,3,6
300,800,0.12881713197339373,0.13279637614299855,0.09812587147683871,0.12432504401090227,-0.003979244169604823,-0.026199172534063564,0.03631351030232036,-0.10958026741222418,-0.721471769486011,0.9127422607246483,0.4706193036566251,0.923,0.915,0.485,True,999,0.0001217919634655118,0.003333040978759527,weak_5x5_mild_strong_300_800,weak_null,True,1546,1739603722,-5.551115123125783e-17,3,6
300,800,0.13722108256267274,0.10822174832464726,0.10267583063478014,0.09901977318588706,0.028999334238025476,0.0036560574488930797,0.035090792556417956,0.8264086424209767,0.10418851164489878,0.4085723225372314,0.9170197507322541,0.46,0.42,0.918,True,999,0.0001335840206593275,0.0030080419965088367,weak_5x5_mild_strong_300_800,weak_null,True,1547,1739603722,-5.551115123125783e-17,0,5
300,800,0.14619197143397555,0.1261165126155645,0.11339668843902473,0.11806228271927921,0.02007545881841105,-0.004665594280254481,0.037590929374068105,0.5340506114823539,-0.12411489574591407,0.5933065184011956,0.9012243042538672,0.603,0.602,0.912,True,999,0.00011870800517499447,0.0030718750786036253,weak_5x5_mild_strong_300_800,weak_null,True,1548,1739603722,-5.551115123125783e-17,2,7
300,800,0.1591822800781264,0.08325722162524923,0.1286562107707141,0.0703019699892593,0.07592505845287717,0.05835424078145479,0.036351026508243525,2.0886633953970795,1.6052982924215764,0.03673803410985167,0.10842817479390914,0.065,0.045,0.11,True,999,0.00011929101310670376,0.003144333022646606,weak_5x5_mild_strong_300_800,weak_null,True,1549,1739603722,-5.551115123125783e-17,2,4
300,800,0.1530333174381473,0.10696108605740529,0.12822336934181067,0.09801763191268265,0.04607223138074201,0.03020573742912802,0.035718964003872734,1.2898535180288755,0.8456498745555174,0.19710152210350662,0.39774809376679254,0.251,0.226,0.376,True,999,0.00012137508019804955,0.003100666915997863,weak_5x5_mild_strong_300_800,weak_null,True,1550,1739603722,-5.551115123125783e-17,3,6
300,800,0.10775281102967738,0.12736367498925683,0.08395171287827452,0.11610686361711942,-0.01961086395957945,-0.032155150738844895,0.03281477740525018,-0.5976229464363767,-0.9798984872498405,0.5500915497116321,0.3271362297681524,0.618,0.579,0.325,True,999,0.00013516703620553017,0.003064459073357284,weak_5x5_mild_strong_300_800,weak_null,True,1551,1739603722,-5.551115123125783e-17,5,5
300,800,0.1362924396936015,0.10014656030563607,0.10148086271129841,0.09278663564390399,0.03614587938796543,0.008694227067394422,0.0356013237585638,1.0152959376762118,0.24421078065399324,0.3099647802709308,0.8070675780486853,0.363,0.348,0.805,True,999,0.00014283391647040844,0.0032292910618707538,weak_5x5_mild_strong_300_800,weak_null,True,1552,1739603722,-5.551115123125783e-17,1,8
300,800,0.12355693963732617,0.1376230587694222,0.08751237402191236,0.12746879463963978,-0.014066119132096044,-0.03995642061772742,0.03595003508453634,-0.39126857870985743,-1.111443160591362,0.6955987218541775,0.2663776430774506,0.736,0.721,0.266,True,999,0.0001467919209972024,0.003163042012602091,weak_5x5_mild_strong_300_800,weak_null,True,1553,1739603722,-5.551115123125783e-17,1,5
300,800,0.1339209459874613,0.10867516556698859,0.10861796184735795,0.0999848130945793,0.025245780420472708,0.008633148752778652,0.03369269991275325,0.749295262351972,0.25623202578404414,0.45367926268078695,0.7977716808655151,0.515,0.482,0.784,True,999,0.00013095897156745195,0.00347612495534122,weak_5x5_mild_strong_300_800,weak_null,True,1554,1739603722,-5.551115123125783e-17,3,6
300,800,0.15048138862456117,0.08935874796155813,0.11909034721838907,0.0769524099081309,0.06112264066300305,0.04213793731025817,0.03566677943341988,1.7137134788719093,1.1814337593591304,0.0865813601922067,0.23743045349582725,0.136,0.099,0.216,True,999,0.0001610829494893551,0.003098833025433123,weak_5x5_mild_strong_300_800,weak_null,True,1555,1739603722,-5.551115123125783e-17,2,4
300,800,0.10904133972006025,0.09962396471184021,0.07309248615865727,0.08986189522454424,0.009417375008220041,-0.016769409065886975,0.032296612991251444,0.2915901742009614,-0.5192311983436002,0.7705999889697606,0.6035995254063744,0.795,0.776,0.593,True,999,0.00012420793063938618,0.003212957992218435,weak_5x5_mild_strong_300_800,weak_null,True,1556,1739603722,-5.551115123125783e-17,0,7
300,800,0.14199666608227401,0.0954275366930128,0.10984669259738666,0.08733743395043803,0.04656912938926122,0.022509258646948638,0.03655778389560265,1.273849900810393,0.6157172631477851,0.20271661639516614,0.5380811416362331,0.258,0.235,0.542,True,999,0.0001528329448774457,0.0030425830045714974,weak_5x5_mild_strong_300_800,weak_null,True,1557,1739603722,-5.551115123125783e-17,1,7
300,800,0.12040532385424463,0.09603580951272372,0.08488399421617032,0.08923313003367639,0.024369514341520904,-0.004349135817506067,0.03366308357553188,0.7239240067488637,-0.12919600213532575,0.4691123906597724,0.89720255953328,0.512,0.499,0.901,True,999,0.0001307500060647726,0.003131791017949581,weak_5x5_mild_strong_300_800,weak_null,True,1558,1739603722,-5.551115123125783e-17,1,8
300,800,0.13639640987780277,0.08472982223852621,0.10486755215492849,0.07601030549932375,0.05166658763927656,0.02885724665560474,0.03376794350362447,1.5300483914198373,0.8545751876334239,0.12600475125715763,0.39278636870518147,0.171,0.147,0.365,True,999,0.00013295793905854225,0.00324899994302541,weak_5x5_mild_strong_300_800,weak_null,True,1559,1739603722,-5.551115123125783e-17,1,6
300,800,0.14798371471152194,0.11653540158567499,0.11979497095165925,0.1090569870009972,0.03144831312584695,0.010737983950662056,0.034982271563852085,0.8989785888673723,0.30695502237647254,0.36866406538990837,0.7588776074824005,0.445,0.402,0.752,True,999,0.0001705000177025795,0.0031221670797094703,weak_5x5_mild_strong_300_800,weak_null,True,1560,1739603722,-5.551115123125783e-17,2,6
300,800,0.09849937761545857,0.10623959011529766,0.06523473590266349,0.10005522625021968,-0.007740212499839083,-0.03482049034755619,0.031933792359448716,-0.24238312859039035,-1.0903963411427813,0.8084833061104728,0.2755385928943115,0.829,0.81,0.258,True,999,0.00012808304745703936,0.003241917002014816,weak_5x5_mild_strong_300_800,weak_null,True,1561,1739603722,-5.551115123125783e-17,1,8
300,800,0.11562129720357639,0.0954316060135163,0.08754852212609876,0.08815627868688125,0.02018969119006009,-0.0006077565607824909,0.03245393548970263,0.6221030172586037,-0.01872674458773504,0.5338741311068729,0.9850590928979676,0.566,0.547,0.986,True,999,0.00013295805547386408,0.002952874987386167,weak_5x5_mild_strong_300_800,weak_null,True,1562,1739603722,-5.551115123125783e-17,5,7
300,800,0.13356768368178962,0.10678927389585652,0.10186901000884063,0.09458177861023387,0.0267784097859331,0.007287231398606764,0.03452099214561495,0.7757137938845319,0.21109565356256507,0.43791799350573424,0.8328126317701731,0.503,0.465,0.833,True,999,0.00012020801659673452,0.0030278749763965607,weak_5x5_mild_strong_300_800,weak_null,True,1563,1739603722,-5.551115123125783e-17,1,3
300,800,0.13235120282281598,0.13085830613199595,0.100126217160323,0.12107780028981097,0.0014928966908200336,-0.020951583129487972,0.035263740178130984,0.04233517724662293,-0.5941395615908382,0.9662315030256725,0.5524187723704728,0.973,0.973,0.582,True,999,0.00012816698290407658,0.0031523749930784106,weak_5x5_mild_strong_300_800,weak_null,True,1564,1739603722,-5.551115123125783e-17,2,6
300,800,0.11579073552728048,0.09228231163435568,0.08444203452114607,0.0834060451085179,0.02350842389292479,0.0010359894126281688,0.033286488973526276,0.7062452249506318,0.031123421080911286,0.4800356503474489,0.9751711113937855,0.504,0.485,0.983,True,999,0.00012270896695554256,0.003009792068041861,weak_5x5_mild_strong_300_800,weak_null,True,1565,1739603722,-5.551115123125783e-17,2,6
300,800,0.08085953041715543,0.09739198653757408,0.04530660810542031,0.08561621736129155,-0.016532456120418648,-0.04030960925587124,0.03043456854500156,-0.543213093228945,-1.3244679055090962,0.5869830926972073,0.18534769524022376,0.672,0.627,0.162,True,999,0.00012462504673749208,0.00309412507340312,weak_5x5_mild_strong_300_800,weak_null,True,1566,1739603722,-5.551115123125783e-17,0,5
300,800,0.12094821589926597,0.10212331905023658,0.08668886543762255,0.0932260536729359,0.018824896849029382,-0.0065371882353133515,0.03513403390080541,0.5358023192605231,-0.18606426616909177,0.5920951791342239,0.8523943640074374,0.607,0.599,0.837,True,999,0.00011908309534192085,0.0030418330570682883,weak_5x5_mild_strong_300_800,weak_null,True,1567,1739603722,-5.551115123125783e-17,2,6
300,800,0.12378456704101981,0.13401055513371718,0.08921056531158911,0.12252962402021694,-0.010225988092697369,-0.033319058708627836,0.037272123481850196,-0.27436022253137665,-0.893940446533793,0.783807808361201,0.371353755633156,0.816,0.801,0.33,True,999,0.00012987502850592136,0.0031095000449568033,weak_5x5_mild_strong_300_800,weak_null,True,1568,1739603722,-5.551115123125783e-17,1,4
300,800,0.1153206338143582,0.07483476673069539,0.08116725146714998,0.06757150108677479,0.04048586708366281,0.013595750380375193,0.03266852830750556,1.239292652015831,0.41617272294606505,0.21523713892602236,0.6772836181202242,0.284,0.238,0.698,True,999,0.00011824991088360548,0.0030283330706879497,weak_5x5_mild_strong_300_800,weak_null,True,1569,1739603722,-5.551115123125783e-17,2,7
300,800,0.1100623001044867,0.10677081631626817,0.08000319178773907,0.09503109269917331,0.00329148378821853,-0.015027900911434244,0.032258186390455,0.10203561193361012,-0.46586316817491347,0.9187284083511262,0.6413134464401851,0.926,0.913,0.646,True,999,0.00012154190335422754,0.003067083074711263,weak_5x5_mild_strong_300_800,weak_null,True,1570,1739603722,-5.551115123125783e-17,2,3
300,800,0.11577642825122858,0.09640999031930747,0.08242900933993269,0.0848298616097054,0.01936643793192111,-0.002400852269772713,0.03287602496704223,0.5890748030315619,-0.07302745000892094,0.5558110952150858,0.9417842738757937,0.631,0.605,0.949,True,999,0.00011945806909352541,0.0031535830348730087,weak_5x5_mild_strong_300_800,weak_null,True,1571,1739603722,-5.551115123125783e-17,1,3
300,800,0.17960820697348956,0.12498681220169067,0.15323623610657933,0.1120958960523808,0.05462139477179889,0.04114034005419853,0.038110074113229954,1.4332534386973814,1.0795135147721115,0.1517854229701996,0.28035887236564405,0.207,0.174,0.284,True,999,0.0001193750649690628,0.0031377080595120788,weak_5x5_mild_strong_300_800,weak_null,True,1572,1739603722,-5.551115123125783e-17,3,4
300,800,0.12065590481619926,0.07271606532992175,0.09062354419899066,0.059988556915755,0.0479398394862775,0.03063498728323566,0.03332193027186788,1.4386873477960196,0.9193641254660244,0.15023912564387884,0.3579051470311424,0.178,0.153,0.317,True,999,0.0001249159686267376,0.0031848750077188015,weak_5x5_mild_strong_300_800,weak_null,True,1573,1739603722,-5.551115123125783e-17,2,5
300,800,0.09061155292574097,0.12541169152274068,0.049645714600103474,0.11498087477781382,-0.03480013859699971,-0.06533516017771035,0.032729064573581226,-1.0632793527832824,-1.9962428205311018,0.28765528566655785,0.04590749857938708,0.376,0.321,0.04,True,999,0.00011995900422334671,0.003223333042114973,weak_5x5_mild_strong_300_800,weak_null,True,1574,1739603722,-5.551115123125783e-17,0,4
300,800,0.11893395347657831,0.09826956767630607,0.08791602591247738,0.08718889219267112,0.020664385800272245,0.0007271337198062611,0.03260555170608113,0.6337689356263282,0.022300917535790273,0.5262316290164156,0.9822079169775226,0.587,0.564,0.987,True,999,0.00012450001668184996,0.003117999993264675,weak_5x5_mild_strong_300_800,weak_null,True,1575,1739603722,-5.551115123125783e-17,3,3
300,800,0.10653715854852286,0.09052364441650684,0.07525111369068327,0.0822480250911326,0.016013514132016016,-0.006996911400449335,0.03267828734922008,0.4900352934927664,-0.21411499708280546,0.6241089245020599,0.8304573810073025,0.683,0.674,0.838,True,999,0.00011812499724328518,0.003374916035681963,weak_5x5_mild_strong_300_800,weak_null,True,1576,1739603722,-5.551115123125783e-17,2,7
300,800,0.08221458465367326,0.11093557032899226,0.04578376071526691,0.10161160214414622,-0.028720985675319,-0.05582784142887931,0.031046695245829654,-0.9250899475098544,-1.7981895009060065,0.3549191215957561,0.07214698278016844,0.452,0.399,0.069,True,999,0.00014154205564409494,0.0031392090022563934,weak_5x5_mild_strong_300_800,weak_null,True,1577,1739603722,-5.551115123125783e-17,1,6
300,800,0.17116581035621325,0.09784922455241218,0.13949220799457862,0.08589713047393843,0.07331658580380107,0.05359507752064019,0.03578787821460208,2.048642989231103,1.4975762798581465,0.04049703772224756,0.1342433733773368,0.087,0.061,0.145,True,999,0.0001367910299450159,0.003056374960578978,weak_5x5_mild_strong_300_800,weak_null,True,1578,1739603722,-5.551115123125783e-17,1,3
300,800,0.11265613460917412,0.11102816451914488,0.07497782586608537,0.09872941491090614,0.0016279700900292404,-0.023751589044820776,0.03355670080231217,0.04851400915780933,-0.7078046553129624,0.9613065998950269,0.47906657502123196,0.981,0.98,0.472,True,999,0.00012845906894654036,0.0032714169938117266,weak_5x5_mild_strong_300_800,weak_null,True,1579,1739603722,-5.551115123125783e-17,0,4
300,800,0.13418596980836495,0.13640021240254074,0.10546279981537054,0.12754787747201135,-0.002214242594175797,-0.022085077656640806,0.03469666399646804,-0.06381716105044556,-0.6365187632704101,0.9491158135698792,0.5244383553032987,0.958,0.954,0.525,True,999,0.0001445410307496786,0.003332874970510602,weak_5x5_mild_strong_300_800,weak_null,True,1580,1739603722,-5.551115123125783e-17,3,6
300,800,0.11508105867453056,0.12026148976548956,0.08358879760237414,0.11147084908196803,-0.0051804310909590034,-0.027882051479593883,0.033557040908176405,-0.15437687444296544,-0.8308852844292426,0.8773125865858399,0.40603843752131163,0.878,0.864,0.343,True,999,0.00013895798474550247,0.0031347080366685987,weak_5x5_mild_strong_300_800,weak_null,True,1581,1739603722,-5.551115123125783e-17,1,6
300,800,0.12628943040961493,0.0911433002531366,0.09161676879148217,0.07818061842510815,0.03514613015647833,0.013436150366374022,0.03431525096242286,1.0242131172219993,0.3915504036699998,0.3057346244326177,0.6953904396066439,0.397,0.376,0.691,True,999,0.00012874999083578587,0.0031237079529091716,weak_5x5_mild_strong_300_800,weak_null,True,1582,1739603722,-5.551115123125783e-17,1,2
300,800,0.12300421455668853,0.0938305090864675,0.08507299319018102,0.08064930171991591,0.029173705470221023,0.004423691470265112,0.03470121006014605,0.8407114743161852,0.12747945857212836,0.400509590891987,0.8985609302141515,0.459,0.435,0.912,True,999,0.0001354169799014926,0.003965500043705106,weak_5x5_mild_strong_300_800,weak_null,True,1583,1739603722,-5.551115123125783e-17,0,3
300,800,0.13898297873985455,0.09488894739036002,0.10803823034757443,0.0837308985103391,0.04409403134949452,0.024307331837235324,0.035433867034317605,1.2444035901243737,0.6859915067608551,0.2133510622668452,0.49271846422542986,0.296,0.275,0.499,True,999,0.00018395797815173864,0.0031568330014124513,weak_5x5_mild_strong_300_800,weak_null,True,1584,1739603722,-5.551115123125783e-17,1,4
300,800,0.17900818328844104,0.10650342458663459,0.14378628295298768,0.0987101267747903,0.07250475870180645,0.04507615617819738,0.03735615427470705,1.9409053236215397,1.2066594394786874,0.05226976217308921,0.2275633255582341,0.089,0.071,0.257,True,999,0.00013412500265985727,0.0031188749708235264,weak_5x5_mild_strong_300_800,weak_null,True,1585,1739603722,-5.551115123125783e-17,1,7
300,800,0.1817031565473628,0.11023056724011765,0.15333358158761712,0.09952990517001581,0.07147258930724515,0.05380367641760131,0.03674074397151854,1.945322320164523,1.4644144511420338,0.051736197402514957,0.14308074198644405,0.083,0.056,0.135,True,999,0.00012174993753433228,0.0031049579847604036,weak_5x5_mild_strong_300_800,weak_null,True,1586,1739603722,-5.551115123125783e-17,2,5
300,800,0.150292195850805,0.09929382832123196,0.11462567231427556,0.08777835151772706,0.05099836752957304,0.0268473207965485,0.035482738874011745,1.437272576692924,0.7566304532430558,0.15064055781598631,0.4492712912974337,0.222,0.189,0.463,True,999,0.00012729200534522533,0.003175749909132719,weak_5x5_mild_strong_300_800,weak_null,True,1587,1739603722,-5.551115123125783e-17,1,4
300,800,0.09794577885764344,0.12058884697251115,0.06419123563802032,0.11040717017800716,-0.022643068114867715,-0.04621593453998685,0.03212087421004977,-0.7049331212717523,-1.438813098229036,0.4808518569894461,0.1502034842825549,0.602,0.548,0.145,True,999,0.00012699991930276155,0.0030424169963225722,weak_5x5_mild_strong_300_800,weak_null,True,1588,1739603722,-5.551115123125783e-17,0,5
300,800,0.09462513956372787,0.1004527530246398,0.0686208702927047,0.09045167939336807,-0.005827613460911929,-0.021830809100663373,0.02958944438609998,-0.19694906686553143,-0.7377904368802097,0.843867395770753,0.4606418054659843,0.876,0.856,0.461,True,999,0.00012316694483160973,0.0031157920602709055,weak_5x5_mild_strong_300_800,weak_null,True,1589,1739603722,-5.551115123125783e-17,3,6
300,800,0.1446673956324449,0.11629733428933547,0.11612234437649249,0.1056517861119346,0.02837006134310943,0.010470558264557894,0.03463229814270695,0.8191792882530305,0.30233506946066874,0.4126841299627195,0.7623966468738769,0.488,0.46,0.778,True,999,0.00011870893649756908,0.003117874963209033,weak_5x5_mild_strong_300_800,weak_null,True,1590,1739603722,-5.551115123125783e-17,3,5
300,800,0.10593754280171686,0.10649461210309863,0.07281806110631805,0.09749056209426499,-0.000557069301381774,-0.024672500987946933,0.03255019237052564,-0.017114163106642745,-0.7579832618835152,0.9863455400422845,0.4484610031181918,0.989,0.988,0.435,True,999,0.00012020801659673452,0.0031707920134067535,weak_5x5_mild_strong_300_800,weak_null,True,1591,1739603722,-5.551115123125783e-17,1,6
300,800,0.09214506489192509,0.12104270571360837,0.0601957972156697,0.10985919376662423,-0.02889764082168328,-0.04966339655095453,0.032163441591948914,-0.8984623346065328,-1.5440946022202477,0.36893911701529625,0.12256541631857802,0.469,0.427,0.137,True,999,0.00012033304665237665,0.003124666982330382,weak_5x5_mild_strong_300_800,weak_null,True,1592,1739603722,-5.551115123125783e-17,1,5
300,800,0.17710397763833008,0.08467480784692794,0.14948963474239463,0.0757875196952682,0.09242916979140214,0.07370211504712643,0.037668173220096406,2.4537736208054315,1.9566150611149227,0.014136594484952344,0.05039274292070822,0.024,0.015,0.047,True,999,0.0001231660135090351,0.0030049169436097145,weak_5x5_mild_strong_300_800,weak_null,True,1593,1739603722,-5.551115123125783e-17,3,6
300,800,0.11310998525515692,0.0888737981254874,0.07840523365223362,0.07815905732877582,0.024236187129669517,0.00024617632345780294,0.03261127375652768,0.7431843144372198,0.0075488104296609,0.45737009852941934,0.9939769779089896,0.515,0.49,0.992,True,999,0.0001386249205097556,0.003103958908468485,weak_5x5_mild_strong_300_800,weak_null,True,1594,1739603722,-5.551115123125783e-17,1,5
300,800,0.15606369089765448,0.09712403459108332,0.1238066360101584,0.08942318953455697,0.058939656306571164,0.03438344647560143,0.036083314769498005,1.6334324239078533,0.9528904618448882,0.10237808235647813,0.34064557326992884,0.133,0.098,0.32,True,999,0.0001286671031266451,0.0030524999601766467,weak_5x5_mild_strong_300_800,weak_null,True,1595,1739603722,-5.551115123125783e-17,2,7
300,800,0.15028859597710076,0.11211009757184048,0.12021710968627985,0.1037786174813391,0.038178498405260275,0.016438492204940758,0.03775761090854406,1.0111470902577941,0.43536897090120014,0.3119460349363554,0.6632946292527234,0.35,0.349,0.645,True,999,0.00012274994514882565,0.0030589159578084946,weak_5x5_mild_strong_300_800,weak_null,True,1596,1739603722,-5.551115123125783e-17,2,6
300,800,0.11029442899296404,0.10995121592211882,0.07822112910753276,0.10075872893060023,0.00034321307084522745,-0.022537599823067467,0.03320784422974192,0.010335301155678024,-0.6786830143849606,0.9917537695851564,0.4973387307861141,0.991,0.991,0.494,True,999,0.00013433408457785845,0.003089917008765042,weak_5x5_mild_strong_300_800,weak_null,True,1597,1739603722,-5.551115123125783e-17,1,6
300,800,0.14538116732686956,0.08776331137282323,0.118040281711842,0.07538598012939701,0.05761785595404634,0.04265430158244499,0.03486388934154676,1.6526514121700135,1.2234521847112025,0.09840182826125823,0.22115895348969772,0.134,0.118,0.224,True,999,0.00011454196646809578,0.00306758307851851,weak_5x5_mild_strong_300_800,weak_null,True,1598,1739603722,-5.551115123125783e-17,4,4
300,800,0.09248940160988361,0.103120909513924,0.057591459266063794,0.09281339961199819,-0.010631507904040383,-0.0352219403459344,0.03163485768142667,-0.33606940834389504,-1.1133901944693674,0.7368185267250784,0.2655408844439232,0.772,0.749,0.261,True,999,0.00012112502008676529,0.003144084010273218,weak_5x5_mild_strong_300_800,weak_null,True,1599,1739603722,-5.551115123125783e-17,0,4
300,800,0.10403089516321784,0.09801528950872851,0.07002253277033788,0.09222300555842367,0.006015605654489331,-0.02220047278808579,0.03202351030089463,0.18784966413632911,-0.6932554420014843,0.8509945023620917,0.4881492604902733,0.87,0.861,0.49,True,999,0.00012004200834780931,0.002991084009408951,weak_5x5_mild_strong_300_800,weak_null,True,1600,1739603722,-5.551115123125783e-17,1,8
300,800,0.1017950345173817,0.10776040830089445,0.0733443014460704,0.09777839469523997,-0.005965373783512751,-0.024434093249169564,0.032198496500996945,-0.18526870605054643,-0.7588582047119196,0.8530182820502297,0.44793738314735176,0.865,0.855,0.415,True,999,0.00012066704221069813,0.003160291933454573,weak_5x5_mild_strong_300_800,weak_null,True,1601,1739603722,-5.551115123125783e-17,3,4
300,800,0.09200730150792191,0.15205729654978084,0.05844640267480372,0.1402810380241135,-0.06004999504185893,-0.08183463534930979,0.03198207632732057,-1.877614024407835,-2.558765557050555,0.060433985789741455,0.01050445560235689,0.158,0.086,0.011,True,999,0.00013599998783320189,0.0030906670726835728,weak_5x5_mild_strong_300_800,weak_null,True,1602,1739603722,-5.551115123125783e-17,1,4
300,800,0.18968632720883583,0.1330316377256237,0.15499355964044526,0.1219815784796765,0.05665468948321212,0.033011981160768755,0.03958615761461883,1.4311742512309409,0.83392739154299,0.15238028116144464,0.40432190071212104,0.187,0.169,0.404,True,999,0.0001282920129597187,0.003148959018290043,weak_5x5_mild_strong_300_800,weak_null,True,1603,1739603722,-5.551115123125783e-17,1,3
300,800,0.13475009184380582,0.13980462046735098,0.10600782426269006,0.1295896846290816,-0.0050545286235451625,-0.023581860366391538,0.03452934883481558,-0.14638354889706853,-0.6829512041829817,0.8836186134928337,0.49463767676655646,0.894,0.888,0.47,True,999,0.00013800000306218863,0.0030692080035805702,weak_5x5_mild_strong_300_800,weak_null,True,1604,1739603722,-5.551115123125783e-17,2,4
300,800,0.1371667434434729,0.10164909921884263,0.10344815015173481,0.09010433944820306,0.035517644224630274,0.013343810703531744,0.03464796803002786,1.0251003520278217,0.3851253468014994,0.3053158394570302,0.7001445496485474,0.361,0.345,0.695,True,999,0.00013133406173437834,0.003373667015694082,weak_5x5_mild_strong_300_800,weak_null,True,1605,1739603722,-5.551115123125783e-17,0,4
300,800,0.1302820917443952,0.12972073434513898,0.10156626170930849,0.11948507611481318,0.0005613573992562237,-0.01791881440550469,0.03491559141613235,0.016077556658451876,-0.5132038060574139,0.9871725183938119,0.6078087638653822,0.99,0.988,0.615,True,999,0.00012745801359415054,0.0031126249814406037,weak_5x5_mild_strong_300_800,weak_null,True,1606,1739603722,-5.551115123125783e-17,2,5
300,800,0.1171772482438419,0.10003283276963976,0.07799981282022372,0.08767386394640653,0.017144415474202146,-0.009674051126182803,0.03367281846686613,0.5091470288141208,-0.28729555667287004,0.6106491694773069,0.7738860245850192,0.659,0.654,0.813,True,999,0.00012016703840345144,0.0033382499823346734,weak_5x5_mild_strong_300_800,weak_null,True,1607,1739603722,-5.551115123125783e-17,1,4
300,800,0.1353679091186062,0.11479102309739686,0.09968303679812607,0.10534854032545127,0.02057688602120933,-0.0056655035273252,0.03527092961869694,0.58339505773337,-0.1606281316816199,0.55962738411488,0.8723862967203431,0.605,0.587,0.882,True,999,0.00013579102233052254,0.003166582901030779,weak_5x5_mild_strong_300_800,weak_null,True,1608,1739603722,-5.551115123125783e-17,1,6
300,800,0.13667276482490964,0.08600276485831965,0.10713335165621629,0.07485318364024351,0.050669999966589996,0.03228016801597278,0.03324074941381949,1.5243338631085277,0.9711022941785011,0.12742533212412388,0.3314973414925979,0.199,0.142,0.321,True,999,0.00012858398258686066,0.0031141669023782015,weak_5x5_mild_strong_300_800,weak_null,True,1609,1739603722,-5.551115123125783e-17,3,3
300,800,0.13578056387127369,0.09154968233070537,0.1077190288157226,0.07838659226399614,0.04423088154056831,0.02933243655172646,0.03421128032325467,1.2928741959564416,0.8573907867396626,0.19605457345839739,0.3912289493574084,0.274,0.226,0.365,True,999,0.00013945798855274916,0.0032350419787690043,weak_5x5_mild_strong_300_800,weak_null,True,1610,1739603722,-5.551115123125783e-17,2,3
300,800,0.09581608609946679,0.11520609553501032,0.05746690798372356,0.10530521605653576,-0.01939000943554353,-0.0478383080728122,0.032917735601243336,-0.5890444491817095,-1.4532684949023436,0.5558314565220781,0.1461492210772493,0.629,0.585,0.141,True,999,0.00012645800597965717,0.0031385000329464674,weak_5x5_mild_strong_300_800,weak_null,True,1611,1739603722,-5.551115123125783e-17,0,6
300,800,0.11920906277327248,0.15011795307627795,0.08708065363396145,0.1386751341203194,-0.030908890303005476,-0.05159448048635795,0.03464488475111763,-0.8921631728622902,-1.48923804645341,0.37230547830113436,0.13642469535721233,0.454,0.394,0.14,True,999,0.00012262491509318352,0.0031419580336660147,weak_5x5_mild_strong_300_800,weak_null,True,1612,1739603722,-5.551115123125783e-17,1,4
300,800,0.17712776584718548,0.10625326081313269,0.14220961782888253,0.0958648169420826,0.07087450503405279,0.04634480088679993,0.038839794329422736,1.824790945928425,1.193229822324055,0.06803258269211021,0.23277937809902305,0.095,0.089,0.237,True,999,0.00016854202840477228,0.0030478750122711062,weak_5x5_mild_strong_300_800,weak_null,True,1613,1739603722,-5.551115123125783e-17,0,6
300,800,0.12182132666934375,0.1210581096746639,0.0947204942582971,0.10973181767752749,0.0007632169946798495,-0.015011323419230393,0.03352221488322224,0.022767499025305667,-0.44780225505754134,0.9818357333217244,0.6542959157931194,0.986,0.984,0.653,True,999,0.00013166700955480337,0.0031732090283185244,weak_5x5_mild_strong_300_800,weak_null,True,1614,1739603722,-5.551115123125783e-17,4,4
300,800,0.1342914329029905,0.11831873799054832,0.1011728913611023,0.10584731282392568,0.015972694912442187,-0.004674421462823375,0.035111183138098634,0.4549175927686256,-0.13313198374540755,0.649168525719017,0.8940890009115819,0.694,0.679,0.898,True,999,0.00013449997641146183,0.0030525829643011093,weak_5x5_mild_strong_300_800,weak_null,True,1615,1739603722,-5.551115123125783e-17,1,4
300,800,0.08909646514398673,0.11805924353563957,0.052111758010312315,0.10814498369359171,-0.028962778391652844,-0.0560332256832794,0.031522626946956615,-0.9187932985530918,-1.7775557150603905,0.35820369834978294,0.07547685257251659,0.461,0.398,0.07,True,999,0.00013062497600913048,0.0031625410774722695,weak_5x5_mild_strong_300_800,weak_null,True,1616,1739603722,-5.551115123125783e-17,1,6
300,800,0.10067936119745302,0.12049775332946933,0.06398684277695565,0.11280629887136229,-0.019818392132016305,-0.04881945609440663,0.03248513471777852,-0.6100757255339335,-1.5028244924497307,0.5418116459076082,0.1328843082687741,0.612,0.574,0.141,True,999,0.00012229196727275848,0.003160917083732784,weak_5x5_mild_strong_300_800,weak_null,True,1617,1739603722,-5.551115123125783e-17,0,7
300,800,0.1381376025568236,0.12995441564093657,0.1071119312403539,0.11998920417426007,0.008183186915887042,-0.01287727293390617,0.035950055573542375,0.2276265442523961,-0.3581989715582878,0.8199365822830166,0.7201944168276284,0.845,0.831,0.714,True,999,0.00012112490367144346,0.0031189160654321313,weak_5x5_mild_strong_300_800,weak_null,True,1618,1739603722,-5.551115123125783e-17,3,6
300,800,0.1494346760713472,0.13022284644181986,0.11372129147986243,0.12450416225817662,0.019211829629527333,-0.01078287077831419,0.036590471592436814,0.5250500688681581,-0.2946906751686412,0.5995483851935952,0.7682301871581707,0.638,0.611,0.768,True,999,0.00012304203119128942,0.0032199169509112835,weak_5x5_mild_strong_300_800,weak_null,True,1619,1739603722,-5.551115123125783e-17,1,9
300,800,0.06824464683215492,0.11410773796394008,0.037764180223177846,0.10326411563124793,-0.04586309113178516,-0.06549993540807009,0.02902347636023243,-1.580206676917109,-2.256791522666017,0.11405954320473821,0.02402110470749821,0.213,0.131,0.026,True,999,0.00011999998241662979,0.0030759999062865973,weak_5x5_mild_strong_300_800,weak_null,True,1620,1739603722,-5.551115123125783e-17,2,4
300,800,0.1351482826482574,0.09751291794549455,0.10231400980956096,0.08988142450300529,0.03763536470276285,0.012432585306555666,0.0349806299217725,1.0758915659016766,0.3554134197799974,0.281975754353614,0.7222798967625808,0.328,0.312,0.712,True,999,0.00012908398639410734,0.003093583043664694,weak_5x5_mild_strong_300_800,weak_null,True,1621,1739603722,-5.551115123125783e-17,1,7
300,800,0.11256029069678553,0.0841288417086406,0.0807476882691276,0.07444512119070623,0.028431448988144925,0.006302567078421362,0.03237777430979708,0.878116226152764,0.19465720583870674,0.37988064819544487,0.8456613157639778,0.475,0.435,0.842,True,999,0.0001235830131918192,0.0031502499477937818,weak_5x5_mild_strong_300_800,weak_null,True,1622,1739603722,-5.551115123125783e-17,1,5
300,800,0.127930009348304,0.095737109971057,0.09454283329336022,0.0846514970793919,0.03219289937724701,0.009891336213968316,0.03463310939447667,0.9295411223567807,0.28560346982722257,0.3526087241759944,0.7751818455746524,0.392,0.363,0.77,True,999,0.0001194169744849205,0.002989540924318135,weak_5x5_mild_strong_300_800,weak_null,True,1623,1739603722,-5.551115123125783e-17,1,3
300,800,0.18460790561886387,0.15723808245615828,0.15490042183034802,0.14652511202115193,0.027369823162705587,0.008375309809196096,0.03749812394578198,0.7298984664480611,0.22335276882933772,0.46545224977479993,0.8232609607951962,0.562,0.522,0.823,True,999,0.00011887506116181612,0.003121583955362439,weak_5x5_mild_strong_300_800,weak_null,True,1624,1739603722,-5.551115123125783e-17,2,4
300,800,0.24002933683090266,0.10273690209847058,0.21206275467784508,0.08968784906602423,0.13729243473243208,0.12237490561182085,0.04144674815763232,3.312501965420175,2.9525815908741153,0.0009246547633897717,0.0031512877855493526,0.004,0.004,0.005,True,999,0.00012150011025369167,0.0031411669915542006,weak_5x5_mild_strong_300_800,weak_null,True,1625,1739603722,-5.551115123125783e-17,3,1
300,800,0.13130610081195582,0.09476812151162589,0.1018501359889683,0.08509538920247905,0.036537979300329926,0.01675474678648925,0.033569420403233484,1.0884304483496683,0.49910741934869374,0.2764051254447495,0.6177037110319508,0.369,0.335,0.608,True,999,0.0001276250695809722,0.003269999986514449,weak_5x5_mild_strong_300_800,weak_null,True,1626,1739603722,-5.551115123125783e-17,2,5
300,800,0.1002883223230886,0.12278232579465981,0.0691570720248933,0.11116812216835115,-0.02249400347157121,-0.04201105014345785,0.0321188392109331,-0.7003367501498734,-1.3079878095083053,0.48371702611731526,0.1908774440937513,0.583,0.547,0.199,True,999,0.00012566708028316498,0.0030871249036863446,weak_5x5_mild_strong_300_800,weak_null,True,1627,1739603722,-5.551115123125783e-17,2,3
300,800,0.1109466683738558,0.072736458533955,0.07793334928328477,0.062482611156156054,0.03821020983990081,0.015450738127128716,0.032749480287970194,1.166742479694754,0.47178575022469005,0.2433143822392213,0.6370797230873304,0.284,0.257,0.617,True,999,0.00012670899741351604,0.0030784999253228307,weak_5x5_mild_strong_300_800,weak_null,True,1628,1739603722,-5.551115123125783e-17,1,5
300,800,0.08419996553530606,0.1085722063028342,0.05648106196713343,0.09596211822446321,-0.02437224076752814,-0.03948105625732978,0.029523715285507623,-0.8255140158288886,-1.3372658513852402,0.40907982877084603,0.181135873523522,0.504,0.447,0.179,True,999,0.0001236669486388564,0.0031513749854639173,weak_5x5_mild_strong_300_800,weak_null,True,1629,1739603722,-5.551115123125783e-17,3,3
300,800,0.12796041681487902,0.10240473906500974,0.09734525840417518,0.0896341626092294,0.025555677749869277,0.007711095794945777,0.03481519419762496,0.734038064093655,0.2214865081945117,0.46292553957256666,0.8247136406552091,0.523,0.506,0.816,True,999,0.00015008298214524984,0.0031484999926760793,weak_5x5_mild_strong_300_800,weak_null,True,1630,1739603722,-5.551115123125783e-17,3,3
300,800,0.14726360537936634,0.12052526255722618,0.10797357436172206,0.11012959228878572,0.02673834282214016,-0.002156017927063658,0.03596698987782682,0.7434134163844497,-0.059944352707503465,0.4572314240747337,0.9521999550329632,0.537,0.51,0.951,True,999,0.00014295789878815413,0.003383792005479336,weak_5x5_mild_strong_300_800,weak_null,True,1631,1739603722,-5.551115123125783e-17,0,4
300,800,0.13837656408541243,0.10156523289022684,0.1063271536014554,0.09184557519228065,0.03681133119518559,0.014481578409174745,0.03544727845713967,1.0384811697094105,0.408538512390587,0.29904609744655053,0.6828783621416012,0.37,0.339,0.672,True,999,0.00015400000847876072,0.011794291087426245,weak_5x5_mild_strong_300_800,weak_null,True,1632,1739603722,-5.551115123125783e-17,0,5
300,800,0.10190788889604963,0.10410882349472766,0.0692147971282111,0.09279456821752774,-0.0022009345986780393,-0.023579771089316637,0.03211844261371415,-0.06852557034438118,-0.7341505119942642,0.9453672657223463,0.46285701095423215,0.959,0.955,0.436,True,999,0.00042154197581112385,0.006129625020548701,weak_5x5_mild_strong_300_800,weak_null,True,1633,1739603722,-5.551115123125783e-17,2,4
300,800,0.13097020283514693,0.06885108373093007,0.10392961430238756,0.06063611505788913,0.06211911910421686,0.043293499244498435,0.032638185067962566,1.9032651164538126,1.3264677295734515,0.05700596019827465,0.18468481735127462,0.086,0.066,0.164,True,999,0.00018245808314532042,0.005466833943501115,weak_5x5_mild_strong_300_800,weak_null,True,1634,1739603722,-5.551115123125783e-17,4,7
300,800,0.09785879999850733,0.10721434205062219,0.06558539639991068,0.09531327171333714,-0.009355542052114862,-0.029727875313426466,0.03196125940473468,-0.2927150627465246,-0.9301221499745606,0.7697399555385341,0.3523078435784134,0.821,0.795,0.342,True,999,0.0004032920114696026,0.0036513330414891243,weak_5x5_mild_strong_300_800,weak_null,True,1635,1739603722,-5.551115123125783e-17,2,4
300,800,0.09261518079884867,0.09751303515083704,0.05917519868546606,0.08716264305223831,-0.004897854351988362,-0.02798744436677225,0.031266604948275996,-0.1566481029869034,-0.8951225888794635,0.875522189798094,0.3707215599723228,0.887,0.881,0.357,True,999,0.00015704194083809853,0.003036417067050934,weak_5x5_mild_strong_300_800,weak_null,True,1636,1739603722,-5.551115123125783e-17,1,6
300,800,0.1475142910391134,0.12680372784045657,0.11811354256354889,0.11740779940259927,0.02071056319865683,0.0007057431609496234,0.03476850544869938,0.5956702173815057,0.020298346214246716,0.551395558082247,0.9838053750460697,0.624,0.594,0.983,True,999,0.00012579106260091066,0.003154542064294219,weak_5x5_mild_strong_300_800,weak_null,True,1637,1739603722,-5.551115123125783e-17,3,5
300,800,0.1426757853895375,0.10852203726473897,0.11207597785681855,0.09980273631293812,0.034153748124798544,0.012273241543880431,0.035448846894980575,0.9634657010418748,0.34622399933743053,0.335313868711539,0.7291743799159685,0.394,0.366,0.713,True,999,0.00012750003952533007,0.0030719590140506625,weak_5x5_mild_strong_300_800,weak_null,True,1638,1739603722,-5.551115123125783e-17,1,6
300,800,0.10477948452052699,0.09259440289063764,0.0713697793411825,0.08317409882215543,0.01218508162988935,-0.011804319480972936,0.032580217825637164,0.3740024604838887,-0.3623155481693616,0.7084024856098845,0.7171162406096727,0.742,0.733,0.685,True,999,0.00014424999244511127,0.0030971659580245614,weak_5x5_mild_strong_300_800,weak_null,True,1639,1739603722,-5.551115123125783e-17,1,6
300,800,0.12899717086300178,0.15471104005005865,0.09320439896833932,0.146388412583633,-0.02571386918705687,-0.05318401361529368,0.03513677075468145,-0.7318222088929696,-1.5136283862457027,0.46427709173815657,0.130120117405848,0.545,0.5,0.148,True,999,0.00012683297973126173,0.003261375008150935,weak_5x5_mild_strong_300_800,weak_null,True,1640,1739603722,-5.551115123125783e-17,1,7
300,800,0.1105842857617676,0.08545306321837826,0.08378162972024938,0.07503462708984898,0.025131222543389342,0.008747002630400402,0.03137253478774812,0.8010580819629471,0.2788108353239076,0.4230980218507566,0.7803899986839974,0.519,0.481,0.792,True,999,0.00012425007298588753,0.0031302919378504157,weak_5x5_mild_strong_300_800,weak_null,True,1641,1739603722,-5.551115123125783e-17,3,4
300,800,0.10768141598263758,0.09725752568240181,0.07932818404788122,0.08606283986523522,0.010423890300235772,-0.006734655817353996,0.03217226908790707,0.3240023347981355,-0.20933107947569116,0.7459362665902249,0.834189791269862,0.77,0.755,0.82,True,999,0.00014287501107901335,0.003350583021529019,weak_5x5_mild_strong_300_800,weak_null,True,1642,1739603722,-5.551115123125783e-17,2,5
300,800,0.12511313157691173,0.1401898180030302,0.08845422257940072,0.12743271552761826,-0.01507668642611848,-0.038978492948217536,0.03514175991725685,-0.42902479732424736,-1.1091787389133179,0.6679051787883871,0.267353082608071,0.704,0.688,0.266,True,999,0.00013087503612041473,0.0033209159737452865,weak_5x5_mild_strong_300_800,weak_null,True,1643,1739603722,-5.551115123125783e-17,0,3
300,800,0.11397916278211628,0.10379057435816413,0.0858439508842821,0.09164574963955374,0.01018858842395215,-0.005801798755271648,0.033237955853329004,0.3065347480727126,-0.17455341660821655,0.7591975271836375,0.861430554659784,0.79,0.772,0.865,True,999,0.00014654197730123997,0.0031768749468028545,weak_5x5_mild_strong_300_800,weak_null,True,1644,1739603722,-5.551115123125783e-17,2,3
300,800,0.12329721641748392,0.11789513168352295,0.09183351435308396,0.10579957560804587,0.005402084733960977,-0.013966061254961915,0.03440202647545749,0.1570280965225941,-0.4059662376263022,0.8752227049612755,0.684767407875036,0.894,0.891,0.659,True,999,0.00014337501488626003,0.003174250014126301,weak_5x5_mild_strong_300_800,weak_null,True,1645,1739603722,-5.551115123125783e-17,2,3
300,800,0.12220994694649379,0.10341043133196004,0.08145255501995052,0.09037967675146774,0.018799515614533746,-0.008927121731517218,0.03451337254800198,0.5447023639427574,-0.25865689361713856,0.5859582387382631,0.7958999817902032,0.633,0.622,0.789,True,999,0.00013475003652274609,0.003197167068719864,weak_5x5_mild_strong_300_800,weak_null,True,1646,1739603722,-5.551115123125783e-17,0,3
300,800,0.14550557626792426,0.09222166066053455,0.11608324111324464,0.08201243471916086,0.05328391560738971,0.034070806394083775,0.03508971723690112,1.5185051292278628,0.9709626944002319,0.12888710744530998,0.33156685605049785,0.171,0.148,0.345,True,999,0.00023404101375490427,0.0034024580381810665,weak_5x5_mild_strong_300_800,weak_null,True,1647,1739603722,-5.551115123125783e-17,3,5
300,800,0.12165240160544566,0.12125039645313096,0.08972681271353622,0.10992533646816582,0.00040200515231469947,-0.020198523754629605,0.03497157592389065,0.011495196933349284,-0.5775697325904918,0.9908283618332976,0.5635546466244871,0.993,0.991,0.555,True,999,0.00014641601592302322,0.0033493329538032413,weak_5x5_mild_strong_300_800,weak_null,True,1648,1739603722,-5.551115123125783e-17,1,4
300,800,0.12086392625045084,0.093510745083219,0.09311308734231716,0.08285376150041657,0.027353181167231844,0.01025932584190059,0.0325189030393542,0.8411471055505523,0.3154880664173945,0.4002655285476012,0.752391110406139,0.489,0.455,0.757,True,999,0.00014775001909583807,0.003140666987746954,weak_5x5_mild_strong_300_800,weak_null,True,1649,1739603722,-5.551115123125783e-17,3,5
300,800,0.1340358712950127,0.13632310176474666,0.10248288376379833,0.12501722251408864,-0.0022872304697339474,-0.022534338750290317,0.035889325495696726,-0.06373010465209761,-0.6278841532698148,0.9491851334180387,0.5300798327291698,0.954,0.953,0.534,True,999,0.00014424999244511127,0.0035688329953700304,weak_5x5_mild_strong_300_800,weak_null,True,1650,1739603722,-5.551115123125783e-17,1,5
300,800,0.15868414670149367,0.09904565377637853,0.13112191784915694,0.08343275278969031,0.05963849292511514,0.04768916505946663,0.035692739184916514,1.6708858520535719,1.3361026961926117,0.09474422654445949,0.18151570886733615,0.148,0.104,0.176,True,999,0.0001682080328464508,0.003094583982601762,weak_5x5_mild_strong_300_800,weak_null,True,1651,1739603722,-5.551115123125783e-17,2,1
300,800,0.13580871568164787,0.10885983330923721,0.10513145500090104,0.10064493126333218,0.026948882372410665,0.004486523737568859,0.035670311614880594,0.7554989332128064,0.12577753135459616,0.44994967216489345,0.8999080278881694,0.484,0.468,0.896,True,999,0.00013666704762727022,0.003195208963006735,weak_5x5_mild_strong_300_800,weak_null,True,1652,1739603722,-5.551115123125783e-17,3,6
300,800,0.12492135930974158,0.14769085387797953,0.09099787372593937,0.13611176203897912,-0.022769494568237958,-0.04511388831303975,0.03480020538258112,-0.654291959427199,-1.2963684500442931,0.5129237251245686,0.1948485763066522,0.587,0.556,0.194,True,999,0.0002887080190703273,0.003191790892742574,weak_5x5_mild_strong_300_800,weak_null,True,1653,1739603722,-5.551115123125783e-17,1,5
300,800,0.09790620246296955,0.12160910613965809,0.06516195130734559,0.11595908408526157,-0.023702903676688536,-0.050797132777915976,0.03217912946923017,-0.7365924457140259,-1.5785738649794248,0.46137023028043445,0.11443383321372656,0.547,0.501,0.119,True,999,0.00013033300638198853,0.0030592080438509583,weak_5x5_mild_strong_300_800,weak_null,True,1654,1739603722,-5.551115123125783e-17,1,9
300,800,0.1403693394493022,0.11703568335716785,0.10521892229758123,0.10907150688916545,0.023333656092134336,-0.0038525845915842183,0.03543185081054899,0.6585503031410173,-0.10873224241611457,0.5101845847160413,0.9134148677105437,0.607,0.592,0.921,True,999,0.00012220803182572126,0.003231207956559956,weak_5x5_mild_strong_300_800,weak_null,True,1655,1739603722,-5.551115123125783e-17,2,6
300,800,0.13700638754892724,0.08841236848000739,0.0986467841030958,0.07845485559789722,0.04859401906891986,0.020191928505198575,0.03519563506972387,1.3806831151832688,0.5737054741361425,0.16737641512935952,0.5661671233491132,0.222,0.189,0.561,True,999,0.00012949993833899498,0.003129207994788885,weak_5x5_mild_strong_300_800,weak_null,True,1656,1739603722,-5.551115123125783e-17,0,6
300,800,0.13485895885317634,0.08417299970084968,0.09912979067206606,0.07369002735765662,0.050685959152326654,0.025439763314409447,0.0340466124920455,1.4887225319161694,0.7472039493019483,0.13656044916567225,0.454940460542373,0.206,0.168,0.45,True,999,0.00012262503150850534,0.003280833945609629,weak_5x5_mild_strong_300_800,weak_null,True,1657,1739603722,-5.551115123125783e-17,1,6
300,800,0.1348034776010143,0.10497156237196364,0.10206230924399051,0.09433717012041143,0.029831915229050654,0.007725139123579083,0.03437130253227284,0.8679308909239054,0.2247554952660169,0.3854321668154286,0.8221694898909296,0.468,0.447,0.813,True,999,0.0001342919422313571,0.003091166028752923,weak_5x5_mild_strong_300_800,weak_null,True,1658,1739603722,-5.551115123125783e-17,2,5
300,800,0.13540137755771564,0.10019334411843522,0.1012446681117467,0.0896553368316404,0.03520803343928042,0.011589331280106308,0.035035289591128484,1.0049305671557993,0.3307902236675366,0.3149302844526237,0.7408029459548929,0.362,0.314,0.763,True,999,0.0001230830093845725,0.003056541900150478,weak_5x5_mild_strong_300_800,weak_null,True,1659,1739603722,-5.551115123125783e-17,1,4
300,800,0.09821277549149632,0.12763577316801333,0.06720348857595582,0.1188999139018847,-0.029422997676517015,-0.051696425325928885,0.03134132276368598,-0.9387924657286113,-1.6494653309855702,0.347837307947483,0.09905234008616849,0.433,0.361,0.105,True,999,0.00013291591312736273,0.0031361670698970556,weak_5x5_mild_strong_300_800,weak_null,True,1660,1739603722,-5.551115123125783e-17,2,6
300,800,0.11645081837833593,0.10132537217637011,0.07872303012936754,0.09251550259216401,0.01512544620196582,-0.013792472462796468,0.03406104125394874,0.4440688142560031,-0.40493396428969974,0.6569928326262726,0.685526051769537,0.657,0.643,0.647,True,999,0.00019950000569224358,0.003071707906201482,weak_5x5_mild_strong_300_800,weak_null,True,1661,1739603722,-5.551115123125783e-17,1,7
300,800,0.11989896165517777,0.11191179301645027,0.08822084231928784,0.10271755856388154,0.007987168638727504,-0.0144967162445937,0.03371944587964706,0.23687128985558248,-0.4299215442725845,0.8127566435797213,0.6672527129837138,0.842,0.828,0.685,True,999,0.0001294589601457119,0.0031240000389516354,weak_5x5_mild_strong_300_800,weak_null,True,1662,1739603722,-5.551115123125783e-17,1,5
300,800,0.15544186685065164,0.13433021915870674,0.11716129171969669,0.12667446186617326,0.0211116476919449,-0.009513170146476568,0.03661374569378213,0.5766044225169279,-0.25982510027899514,0.5642067109679836,0.7949986884906587,0.63,0.605,0.811,True,999,0.00016900000628083944,0.0030620420584455132,weak_5x5_mild_strong_300_800,weak_null,True,1663,1739603722,-5.551115123125783e-17,1,7
300,800,0.09552232002493566,0.08904662016012582,0.0723720550465714,0.07628619887515242,0.006475699864809836,-0.003914143828581018,0.029428943423290888,0.2200452721549217,-0.13300320613900313,0.8258358965845722,0.8941908448971938,0.859,0.851,0.893,True,999,0.00011645897757261992,0.002946958993561566,weak_5x5_mild_strong_300_800,weak_null,True,1664,1739603722,-5.551115123125783e-17,4,3
300,800,0.11840898655341392,0.13037992375534696,0.08911781809405284,0.11834118566196139,-0.01197093720193304,-0.029223367567908554,0.0339479246317187,-0.3526264810529297,-0.8608292814637678,0.7243684823086272,0.38933207531888925,0.772,0.752,0.409,True,999,0.00012133398558944464,0.003301333053968847,weak_5x5_mild_strong_300_800,weak_null,True,1665,1739603722,-5.551115123125783e-17,5,4
300,800,0.08460762369104724,0.09023708336693409,0.05446912572773499,0.07658928742455373,-0.00562945967588685,-0.02212016169681874,0.02970744382858018,-0.18949660254750705,-0.7445999670809085,0.8497036176344381,0.4565135878489808,0.866,0.854,0.446,True,999,0.00012741703540086746,0.0030557920690625906,weak_5x5_mild_strong_300_800,weak_null,True,1666,1739603722,-5.551115123125783e-17,2,3
300,800,0.13689811053926504,0.0719398087718418,0.10594398764629887,0.060940929183175285,0.06495830176742323,0.04500305846312358,0.03421573259909364,1.8984922090823197,1.315273853417819,0.05763127311592299,0.18841788218828326,0.107,0.076,0.186,True,999,0.00012095901183784008,0.00315695907920599,weak_5x5_mild_strong_300_800,weak_null,True,1667,1739603722,-5.551115123125783e-17,2,6
300,800,0.10893992170181377,0.12912978736913627,0.0708930297647612,0.122666712121827,-0.020189865667322504,-0.05177368235706581,0.03414502292848037,-0.5912974699010125,-1.5162878193261182,0.5543211245337207,0.12944659029156788,0.636,0.611,0.119,True,999,0.00011916703078895807,0.0032190419733524323,weak_5x5_mild_strong_300_800,weak_null,True,1668,1739603722,-5.551115123125783e-17,0,10
300,800,0.1284116688484176,0.14867853149124233,0.10186642668946888,0.1377526785677219,-0.020266862642824734,-0.035886251878253006,0.03601424311623672,-0.5627457608206012,-0.9964460939087176,0.5736080188614555,0.3190334464704192,0.627,0.594,0.295,True,999,0.0001260410062968731,0.0031687499722465873,weak_5x5_mild_strong_300_800,weak_null,True,1669,1739603722,-5.551115123125783e-17,3,4
300,800,0.08360438868342479,0.14181661985033545,0.049694044375542035,0.1298381465572902,-0.058212231166910655,-0.08014410218174817,0.031157896181728224,-1.8682978731101805,-2.572192349390608,0.061720562935181675,0.010105672820435825,0.148,0.078,0.008,True,999,0.00012733298353850842,0.0032159999245777726,weak_5x5_mild_strong_300_800,weak_null,True,1670,1739603722,-5.551115123125783e-17,0,3
300,800,0.1357697013996031,0.1166990512286159,0.09851568895487617,0.10795064819302524,0.01907065017098719,-0.009434959238149077,0.03554338671544573,0.5365456680778214,-0.26544907815576907,0.5915814825638026,0.7906635328153467,0.656,0.64,0.786,True,999,0.00028249993920326233,0.0031079999171197414,weak_5x5_mild_strong_300_800,weak_null,True,1671,1739603722,-5.551115123125783e-17,0,6
300,800,0.1256398305026194,0.09579689884071252,0.10079254479109068,0.08604565661681818,0.02984293166190688,0.014746888174272499,0.033361419755032415,0.8945342218957937,0.44203419046780823,0.37103612807079955,0.6584644648233835,0.422,0.395,0.656,True,999,0.00012708292342722416,0.003137832973152399,weak_5x5_mild_strong_300_800,weak_null,True,1672,1739603722,-5.551115123125783e-17,4,5
300,800,0.10507765330965602,0.11209153993025867,0.07223798266829817,0.10053733434517653,-0.0070138866206026496,-0.02829935167687836,0.03234510121303122,-0.2168454064931752,-0.8749192494558371,0.8283288244921064,0.38161784443556124,0.862,0.845,0.398,True,999,0.00012274994514882565,0.00315745803527534,weak_5x5_mild_strong_300_800,weak_null,True,1673,1739603722,-5.551115123125783e-17,1,3
300,800,0.11296535531515106,0.13093371298594803,0.07938639554441806,0.1213732656897264,-0.017968357670796964,-0.04198687014530833,0.034318093551292374,-0.5235826297851065,-1.223461614572327,0.6005688656237613,0.22115539382403937,0.663,0.629,0.195,True,999,0.00012516696006059647,0.0030607921071350574,weak_5x5_mild_strong_300_800,weak_null,True,1674,1739603722,-5.551115123125783e-17,0,5
300,800,0.16194145366285895,0.12881059150859642,0.12841411621695897,0.11704618471287631,0.03313086215426253,0.011367931504082662,0.03840857601092225,0.8625902232053879,0.2959737820233159,0.38836280766451914,0.7672501037599398,0.462,0.429,0.773,True,999,0.0001217500539496541,0.003291917033493519,weak_5x5_mild_strong_300_800,weak_null,True,1675,1739603722,-5.551115123125783e-17,0,4
300,800,0.13265386978497617,0.12392857893624148,0.09965111418330252,0.11390600071683821,0.00872529084873469,-0.014254886533535682,0.03378619929561834,0.2582501444566526,-0.4219144748662028,0.7962138603667772,0.6730874442687214,0.813,0.795,0.647,True,999,0.00015225005336105824,0.0030193330021575093,weak_5x5_mild_strong_300_800,weak_null,True,1676,1739603722,-5.551115123125783e-17,1,5
300,800,0.15636330565838952,0.12591607773321223,0.12639808692841825,0.1148041507433959,0.03044722792517729,0.011593936185022358,0.037506869051344836,0.8117773809244572,0.3091150095506745,0.4169193832720849,0.7572340419784821,0.47,0.458,0.735,True,999,0.00012570794206112623,0.003081665956415236,weak_5x5_mild_strong_300_800,weak_null,True,1677,1739603722,-5.551115123125783e-17,2,3
300,800,0.1864080142637181,0.10891414826516527,0.15866312345605138,0.09919409975981353,0.07749386599855285,0.059469023696237855,0.03416863411952215,2.267982551701619,1.7404565686826912,0.023330270169257015,0.0817788799240149,0.07,0.047,0.081,True,999,0.00012229196727275848,0.0031025829957798123,weak_5x5_mild_strong_300_800,weak_null,True,1678,1739603722,-5.551115123125783e-17,3,4
300,800,0.13573968354859745,0.08647815955307836,0.11133061109143227,0.07570734461012307,0.049261523995519085,0.0356232664813092,0.03359916678391325,1.4661531433899941,1.0602425563233033,0.14260657051206382,0.28903426511808294,0.187,0.163,0.293,True,999,0.00013779103755950928,0.0030144170159474015,weak_5x5_mild_strong_300_800,weak_null,True,1679,1739603722,-5.551115123125783e-17,4,5
300,800,0.14715336026628356,0.10112974906626865,0.11783372071801068,0.09129305641977226,0.04602361120001491,0.026540664298238426,0.03739128423188027,1.230864682651756,0.7098088456563235,0.21837347858437728,0.47782268296412456,0.273,0.238,0.461,True,999,0.00012362503912299871,0.003159667016007006,weak_5x5_mild_strong_300_800,weak_null,True,1680,1739603722,-5.551115123125783e-17,3,6
300,800,0.14743094594872197,0.09594942435166992,0.11950210646062942,0.08148421399613426,0.05148152159705205,0.03801789246449516,0.034813728728722064,1.4787706883744027,1.0920373614886474,0.1392016123454145,0.27481667959333633,0.217,0.168,0.277,True,999,0.00012866698671132326,0.003016500035300851,weak_5x5_mild_strong_300_800,weak_null,True,1681,1739603722,-5.551115123125783e-17,3,2
300,800,0.12882784067239472,0.12904244611609972,0.096385673010559,0.11769499420790908,-0.000214605443704996,-0.021309321197350073,0.035874630189421886,-0.005982094939288749,-0.5939941703882263,0.9952270072739915,0.5525160120627322,0.994,0.994,0.57,True,999,0.00011404207907617092,0.003046208992600441,weak_5x5_mild_strong_300_800,weak_null,True,1682,1739603722,-5.551115123125783e-17,2,4
300,800,0.147350450589121,0.12274977923714087,0.12062213510341735,0.11088441935089577,0.02460067135198013,0.00973771575252158,0.034864710325103306,0.7056037787948332,0.27930006191705614,0.48043457365360764,0.7800145587749328,0.539,0.507,0.775,True,999,0.0001231660135090351,0.00314024998806417,weak_5x5_mild_strong_300_800,weak_null,True,1683,1739603722,-5.551115123125783e-17,3,4
300,800,0.11579534689637883,0.11820480965956637,0.08271614016894091,0.1078046399051118,-0.002409462763187542,-0.02508849973617089,0.03393264103008269,-0.0710072275556581,-0.7393618349343599,0.9433920032554631,0.45968731063400436,0.942,0.939,0.448,True,999,0.00012016703840345144,0.0030857919482514262,weak_5x5_mild_strong_300_800,weak_null,True,1684,1739603722,-5.551115123125783e-17,1,6
300,800,0.13992830126149425,0.11392023477437108,0.10616661291510354,0.10493763057365868,0.02600806648712317,0.001228982341444862,0.03647015332816987,0.7131329076983701,0.03369830475858145,0.4757635179709174,0.9731177308129664,0.537,0.503,0.976,True,999,0.0001250840723514557,0.0031471250113099813,weak_5x5_mild_strong_300_800,weak_null,True,1685,1739603722,-5.551115123125783e-17,0,5
300,800,0.16109591771032472,0.09622256901028825,0.13116751921376135,0.08396830829195778,0.06487334870003647,0.04719921092180357,0.037236666853932884,1.7421900019814647,1.2675466122397703,0.08147520287548073,0.20495990771780104,0.086,0.065,0.191,True,999,0.00011866702698171139,0.003091209102421999,weak_5x5_mild_strong_300_800,weak_null,True,1686,1739603722,-5.551115123125783e-17,4,5
300,800,0.11967739649899523,0.13449030503135728,0.09461238799769944,0.1256427431077327,-0.014812908532362057,-0.03103035511003327,0.03399721190845698,-0.4357095097165091,-0.9127323497464305,0.6630475051766848,0.36138332562820075,0.709,0.691,0.319,True,999,0.00012033397797495127,0.0031500000040978193,weak_5x5_mild_strong_300_800,weak_null,True,1687,1739603722,-5.551115123125783e-17,5,6
300,800,0.19394007711351202,0.11623081767660987,0.16375950048313825,0.10783324365843328,0.07770925943690216,0.05592625682470498,0.039066684218162714,1.989143972468846,1.4315588318781347,0.04668531396632393,0.1522701186030769,0.062,0.05,0.149,True,999,0.00011870905291289091,0.003180583007633686,weak_5x5_mild_strong_300_800,weak_null,True,1688,1739603722,-5.551115123125783e-17,4,6
300,800,0.13303536682341865,0.08635727012009553,0.09688393113316351,0.07371765896948546,0.046678096703323124,0.02316627216367806,0.034295316141853834,1.361063315767409,0.6754937632840787,0.17349368130914844,0.49936211244312034,0.24,0.217,0.479,True,999,0.00012104201596230268,0.003076832974329591,weak_5x5_mild_strong_300_800,weak_null,True,1689,1739603722,-5.551115123125783e-17,1,3
300,800,0.08641204553378234,0.09367262327483616,0.04926950351915593,0.08568624239552491,-0.00726057774105382,-0.03641673887636898,0.030330731471342912,-0.23938023874939385,-1.2006548180605618,0.810810751824133,0.2298851272808652,0.833,0.818,0.228,True,999,0.00012212491128593683,0.0031569580314680934,weak_5x5_mild_strong_300_800,weak_null,True,1690,1739603722,-5.551115123125783e-17,1,8
300,800,0.13150279543033028,0.09933189301118339,0.10249713227932489,0.08754294283824038,0.032170902419146885,0.014954189441084509,0.03405280437860912,0.9447357715817265,0.43914707507844053,0.3447937896746478,0.6605549709094565,0.436,0.392,0.669,True,999,0.00018020800780504942,0.0029874159954488277,weak_5x5_mild_strong_300_800,weak_null,True,1691,1739603722,-5.551115123125783e-17,1,4
300,800,0.10647660210100973,0.15100436453641747,0.07408971060300473,0.14004017575075522,-0.044527762435407736,-0.06595046514775049,0.03414255659685462,-1.3041718861647829,-1.9316205850216317,0.19217498317542003,0.05340635319325816,0.286,0.215,0.054,True,999,0.00017195905093103647,0.0030305000254884362,weak_5x5_mild_strong_300_800,weak_null,True,1692,1739603722,-5.551115123125783e-17,2,6
300,800,0.1173884217345651,0.10586351375182357,0.08096683146180794,0.09786741358635709,0.011524907982741528,-0.016900582124549146,0.03490969449445338,0.330134885155545,-0.4841228881918286,0.7412980449812541,0.6282986585251988,0.775,0.767,0.635,True,999,0.00012516591232270002,0.0031631250167265534,weak_5x5_mild_strong_300_800,weak_null,True,1693,1739603722,-5.551115123125783e-17,1,7
300,800,0.10645937050537624,0.10316558347601068,0.07064626513607664,0.09232821889935394,0.003293787029365558,-0.021681953763277306,0.034674262955291156,0.09499227232638088,-0.6253039550179891,0.9243209649549395,0.5317715847020431,0.931,0.931,0.544,True,999,0.00012800004333257675,0.003109124954789877,weak_5x5_mild_strong_300_800,weak_null,True,1694,1739603722,-5.551115123125783e-17,0,4
300,800,0.1156497764123745,0.10922890488614262,0.0784343567136716,0.09985856805070625,0.006420871526231886,-0.02142421133703465,0.034425733719578556,0.186513716121037,-0.6223312918048367,0.8520419236704265,0.5337240492876278,0.879,0.867,0.536,True,999,0.0001331249950453639,0.003073416999541223,weak_5x5_mild_strong_300_800,weak_null,True,1695,1739603722,-5.551115123125783e-17,0,5
300,800,0.12419631716423152,0.13344158204984208,0.09150348118049578,0.11957879275587402,-0.00924526488561056,-0.028075311575378237,0.035835951596171714,-0.2579885415013847,-0.7834398229954488,0.7964157505220057,0.4333688785274774,0.823,0.82,0.431,True,999,0.00013308401685208082,0.0037692920304834843,weak_5x5_mild_strong_300_800,weak_null,True,1696,1739603722,-5.551115123125783e-17,2,2
300,800,0.1379232721516187,0.12230593325215855,0.10553778961696025,0.11602237633695722,0.015617338899460154,-0.010484586719996969,0.03621979605043408,0.43118240858435164,-0.2894711694510305,0.6663357438444302,0.7722208393884182,0.682,0.665,0.743,True,999,0.00015674997121095657,0.003113791928626597,weak_5x5_mild_strong_300_800,weak_null,True,1697,1739603722,-5.551115123125783e-17,2,8
300,800,0.12456652746356478,0.09895005560188119,0.1003935397712894,0.08860829368609302,0.025616471861683587,0.011785246085196377,0.0336751205874876,0.7606942874972716,0.3499689349167565,0.44683968763097104,0.7263620115207277,0.478,0.457,0.73,True,999,0.00013624993152916431,0.003131458070129156,weak_5x5_mild_strong_300_800,weak_null,True,1698,1739603722,-5.551115123125783e-17,5,4
300,800,0.15156294527042768,0.11834849086318122,0.11367850148047864,0.10736039209746195,0.03321445440724646,0.00631810938301669,0.03856307337445983,0.8613020566261264,0.16383832589445915,0.38907170327834906,0.8698584196275144,0.445,0.436,0.871,True,999,0.00012737500946968794,0.003105832962319255,weak_5x5_mild_strong_300_800,weak_null,True,1699,1739603722,-5.551115123125783e-17,0,4
300,800,0.12376550576735723,0.16258449939429087,0.09403618143426229,0.1554614452540477,-0.03881899362693364,-0.061425263819785414,0.03553972456821799,-1.0922705254066092,-1.7283550890182198,0.27471421162492027,0.0839245820766815,0.345,0.3,0.07,True,999,0.00013429089449346066,0.0031422500032931566,weak_5x5_mild_strong_300_800,weak_null,True,1700,1739603722,-5.551115123125783e-17,2,7
300,800,0.09860380513575417,0.12870832123080045,0.06737390193296733,0.12077828470359009,-0.030104516095046274,-0.05340438277062276,0.032475673408901715,-0.9269866621701678,-1.6444426601477153,0.3539334593979523,0.10008479930466843,0.439,0.38,0.101,True,999,0.00017158302944153547,0.00325187505222857,weak_5x5_mild_strong_300_800,weak_null,True,1701,1739603722,-5.551115123125783e-17,2,8
300,800,0.12451703620410748,0.12401052377699201,0.08726905874550539,0.1128446925604294,0.0005065124271154686,-0.025575633814924004,0.03525673353732388,0.014366402564754297,-0.7254113256932563,0.9885376634926617,0.46819972701847223,0.985,0.985,0.484,True,999,0.00014658307190984488,0.0031202499521896243,weak_5x5_mild_strong_300_800,weak_null,True,1702,1739603722,-5.551115123125783e-17,1,5
300,800,0.07883343560991107,0.12207266243630277,0.04506972026774747,0.114668021883233,-0.0432392268263917,-0.06959830161548552,0.030387972466367038,-1.422905949853951,-2.29032396592158,0.1547634212131779,0.022002543529155247,0.231,0.164,0.019,True,999,0.00012574996799230576,0.003192708012647927,weak_5x5_mild_strong_300_800,weak_null,True,1703,1739603722,-5.551115123125783e-17,2,8
300,800,0.1131155803693491,0.12373650091468108,0.0850039807343137,0.11234754856053542,-0.01062092054533198,-0.027343567826221715,0.03378026286700774,-0.3144120158906502,-0.8094539682498276,0.7532081311928314,0.4182540702215539,0.78,0.755,0.403,True,999,0.00011741602793335915,0.0030069169588387012,weak_5x5_mild_strong_300_800,weak_null,True,1704,1739603722,-5.551115123125783e-17,3,4
300,800,0.15901024731819402,0.11320162321003263,0.12314085946940168,0.1017268106856477,0.04580862410816139,0.02141404878375397,0.038017998701576655,1.2049193979866606,0.5632608110659413,0.22823441933328015,0.5732572993646801,0.276,0.254,0.564,True,999,0.00012037495616823435,0.003109416924417019,weak_5x5_mild_strong_300_800,weak_null,True,1705,1739603722,-5.551115123125783e-17,1,4
300,800,0.13362268612315198,0.13995233012448005,0.10021089986099696,0.1310206315053506,-0.006329644001328072,-0.030809731644353633,0.03553195423417556,-0.17813948424035894,-0.8670992718638603,0.8586134339795577,0.38588761953276995,0.873,0.862,0.394,True,999,0.00011970801278948784,0.003136000013910234,weak_5x5_mild_strong_300_800,weak_null,True,1706,1739603722,-5.551115123125783e-17,1,6
300,800,0.0999615186417373,0.1187558760270408,0.07027677165569912,0.10840090507485911,-0.018794357385303495,-0.03812413341915999,0.03160119087950119,-0.5947357318579684,-1.206414453320177,0.5520201331138344,0.2276577258968383,0.615,0.582,0.215,True,999,0.000128875020891428,0.0030458749970421195,weak_5x5_mild_strong_300_800,weak_null,True,1707,1739603722,-5.551115123125783e-17,2,4
300,800,0.14928869741220097,0.10213570923612353,0.12282902259909179,0.08633262994504776,0.04715298817607744,0.03649639265404403,0.03527391597674215,1.33676647092905,1.0346566760012674,0.18129887687966673,0.3008292755460876,0.243,0.204,0.316,True,999,0.00011799996718764305,0.003135542036034167,weak_5x5_mild_strong_300_800,weak_null,True,1708,1739603722,-5.551115123125783e-17,3,1
300,800,0.09289823458970581,0.1051986401972772,0.05642470204122674,0.09488025279034673,-0.012300405607571396,-0.03845555074911999,0.032209220897193226,-0.38189081464690994,-1.1939298647385501,0.7025423537220479,0.23250540411311826,0.75,0.726,0.211,True,999,0.00012079102452844381,0.003011499997228384,weak_5x5_mild_strong_300_800,weak_null,True,1709,1739603722,-5.551115123125783e-17,0,5
300,800,0.12525187760582202,0.13476742440443557,0.09128853151440808,0.12453257000549911,-0.00951554679861355,-0.03324403849109103,0.03675440881476581,-0.2588953844032651,-0.9044911770621511,0.7957159595212744,0.36573501066685965,0.816,0.814,0.366,True,999,0.00011991697829216719,0.0031360830180346966,weak_5x5_mild_strong_300_800,weak_null,True,1710,1739603722,-5.551115123125783e-17,2,4
300,800,0.09217501800852146,0.12182643754326289,0.05832085178002444,0.10986574736733701,-0.02965141953474143,-0.05154489558731257,0.031123400738426767,-0.9527050011000905,-1.6561459983282685,0.34073955873373807,0.09769225607684388,0.49,0.405,0.112,True,999,0.00012245902325958014,0.003059249953366816,weak_5x5_mild_strong_300_800,weak_null,True,1711,1739603722,-5.551115123125783e-17,0,4
300,800,0.12624593726664202,0.11917180453973886,0.09678425776178301,0.11081071495948436,0.0070741327269031595,-0.014026457197701347,0.03444908426447161,0.2053503852988896,-0.4071648781726039,0.8372983809559855,0.6838868953643471,0.842,0.834,0.662,True,999,0.0001290410291403532,0.0030456670792773366,weak_5x5_mild_strong_300_800,weak_null,True,1712,1739603722,-5.551115123125783e-17,2,5
300,800,0.13094735134796576,0.13384076975471354,0.09997458521303315,0.12292762545621372,-0.002893418406747783,-0.022953040243180567,0.03585821640208567,-0.08069052778039149,-0.640105463858083,0.9356880699888966,0.5221040370587726,0.938,0.935,0.5,True,999,0.00012720900122076273,0.003225084044970572,weak_5x5_mild_strong_300_800,weak_null,True,1713,1739603722,-5.551115123125783e-17,2,4
300,800,0.08957568458912235,0.11646612814365709,0.05697210567723232,0.10546542254201086,-0.026890443554534738,-0.048493316864778535,0.03142062348621026,-0.8558214500847283,-1.5433594717196195,0.39209654859071974,0.12274358132646618,0.508,0.439,0.109,True,999,0.00014820799697190523,0.0030884159496054053,weak_5x5_mild_strong_300_800,weak_null,True,1714,1739603722,-5.551115123125783e-17,2,4
300,800,0.11968694558876303,0.14204432649438908,0.08792980355434565,0.13042947703706886,-0.022357380905626056,-0.04249967348272321,0.034445687987621064,-0.6490618191066688,-1.2338169438797841,0.5162984193328725,0.21727112414659966,0.576,0.541,0.212,True,999,0.00013150006998330355,0.0031134160235524178,weak_5x5_mild_strong_300_800,weak_null,True,1715,1739603722,-5.551115123125783e-17,1,3
300,800,0.11127396325507011,0.11139730369455636,0.08529456579719863,0.10129310406239256,-0.0001233404394862525,-0.01599853826519393,0.03282756370536863,-0.003757221845435986,-0.48735076439978164,0.9970021777512512,0.6260097785968388,0.998,0.998,0.629,True,999,0.00012095808051526546,0.0031629999866709113,weak_5x5_mild_strong_300_800,weak_null,True,1716,1739603722,-5.551115123125783e-17,4,5
300,800,0.1723471667772838,0.11434046497604533,0.14212571638171312,0.1025411442824975,0.05800670180123846,0.03958457209921562,0.03732194960497211,1.5542248573614355,1.0606244453516458,0.12013079019131481,0.28886060863582375,0.167,0.124,0.263,True,999,0.00012491701636463404,0.0030258330516517162,weak_5x5_mild_strong_300_800,weak_null,True,1717,1739603722,-5.551115123125783e-17,1,4
300,800,0.13828895997677426,0.140399511161298,0.10190862513451293,0.12735795488407575,-0.0021105511845237457,-0.02544932974956282,0.03618231825654023,-0.05833101045542452,-0.7033637139865315,0.9534849667887574,0.4818291137282338,0.968,0.964,0.486,True,999,0.00011725001968443394,0.0032863749656826258,weak_5x5_mild_strong_300_800,weak_null,True,1718,1739603722,-5.551115123125783e-17,0,2
300,800,0.10406889547439335,0.11321722944559254,0.06800992369369396,0.10276977063847426,-0.009148333971199185,-0.03475984694478029,0.033037902779838806,-0.27690419794993476,-1.0521202624880988,0.7818536690950171,0.2927443768270669,0.811,0.801,0.275,True,999,0.00014737492892891169,0.002992665977217257,weak_5x5_mild_strong_300_800,weak_null,True,1719,1739603722,-5.551115123125783e-17,1,4
300,800,0.1252491272200258,0.09326214372410024,0.0919027509308421,0.08442546796169381,0.03198698349592555,0.007477282969148291,0.033943517141769255,0.9423591362771275,0.22028603983254014,0.3460088010904555,0.8256483917438462,0.421,0.391,0.803,True,999,0.00012141698971390724,0.0033107500057667494,weak_5x5_mild_strong_300_800,weak_null,True,1720,1739603722,-5.551115123125783e-17,1,6
300,800,0.18428858642638857,0.09762046422922227,0.1591377724060976,0.08269961484688793,0.0866681221971663,0.07643815755920969,0.035879542858081745,2.4155302797467106,2.1304105757855902,0.015712316017180917,0.03313773143437715,0.046,0.022,0.029,True,999,0.00012145901564508677,0.0031636670464649796,weak_5x5_mild_strong_300_800,weak_null,True,1721,1739603722,-5.551115123125783e-17,3,2
300,800,0.10228493498554692,0.14390915671879073,0.07039534447358164,0.13369595273218238,-0.041624221733243816,-0.06330060825860073,0.033969619537003906,-1.2253367067565055,-1.8634476665140711,0.22044838356938434,0.06239930899302456,0.323,0.253,0.06,True,999,0.00012574996799230576,0.00309112505055964,weak_5x5_mild_strong_300_800,weak_null,True,1722,1739603722,-5.551115123125783e-17,1,5
300,800,0.11910879292160437,0.09610206365695001,0.0851506434068483,0.08730266086860183,0.023006729264654358,-0.0021520174617535304,0.03355654125024951,0.685610864751542,-0.06413108686335571,0.49295852841311727,0.9488658490487335,0.546,0.524,0.957,True,999,0.00012508290819823742,0.003217041026800871,weak_5x5_mild_strong_300_800,weak_null,True,1723,1739603722,-5.551115123125783e-17,1,6
300,800,0.14461741738905076,0.13698977670135387,0.11939974685060406,0.12757653265623503,0.0076276406876968905,-0.00817678580563097,0.035455973331931186,0.21512991947191976,-0.23061800416763809,0.8296660276175787,0.8176115793047836,0.849,0.835,0.81,True,999,0.0001701659057289362,0.0033990000374615192,weak_5x5_mild_strong_300_800,weak_null,True,1724,1739603722,-5.551115123125783e-17,3,6
300,800,0.1377081015939423,0.11514048196172888,0.10470978485579963,0.10694715094695084,0.02256761963221343,-0.002237366091151216,0.03691489332214224,0.6113418623555104,-0.060608764913027725,0.54097328250533,0.951670792968187,0.582,0.581,0.955,True,999,0.00014887505676597357,0.003141457913443446,weak_5x5_mild_strong_300_800,weak_null,True,1725,1739603722,-5.551115123125783e-17,2,6
300,800,0.09171227229773515,0.12502511997688237,0.05984353236993911,0.11399847937252616,-0.03331284767914722,-0.05415494700258705,0.031757432239468544,-1.048977997589666,-1.7052684421784765,0.29418824507869634,0.08814437040107936,0.391,0.312,0.084,True,999,0.00012624997179955244,0.003266541985794902,weak_5x5_mild_strong_300_800,weak_null,True,1726,1739603722,-5.551115123125783e-17,1,4
300,800,0.11888275931686398,0.09107477389218921,0.08610860944247634,0.07684673278924947,0.027807985424674775,0.009261876653226864,0.0328040569467727,0.8476995839202308,0.2823393663855366,0.39660529814640566,0.7776833028804596,0.482,0.448,0.78,True,999,0.00014266697689890862,0.0030970419757068157,weak_5x5_mild_strong_300_800,weak_null,True,1727,1739603722,-5.551115123125783e-17,1,3
300,800,0.18068323310112067,0.07400966179261226,0.15056570299083205,0.06144563839427519,0.10667357130850841,0.08912006459655686,0.037856731305695626,2.817823082693332,2.3541405061336755,0.004835044317186782,0.01856559197564792,0.008,0.004,0.017,True,999,0.00012850004713982344,0.003218541038222611,weak_5x5_mild_strong_300_800,weak_null,True,1728,1739603722,-5.551115123125783e-17,2,4
300,800,0.12017745374670497,0.12323708670977462,0.09144621069333425,0.11432776758573482,-0.0030596329630696584,-0.022881556892400567,0.033397225582996674,-0.0916133873296167,-0.6851334652196414,0.9270052146325407,0.49325970443177847,0.943,0.939,0.522,True,999,0.00015070801600813866,0.003777958918362856,weak_5x5_mild_strong_300_800,weak_null,True,1729,1739603722,-5.551115123125783e-17,2,6
300,800,0.2256491618331684,0.07935510834181159,0.1962769799086459,0.06966456244140318,0.14629405349135682,0.12661241746724272,0.036460651207176606,4.012381804704616,3.472576963801497,6.010917710127392e-05,0.0005154871859990655,0.001,0.001,0.001,True,999,0.00013137503992766142,0.0032133329659700394,weak_5x5_mild_strong_300_800,weak_null,True,1730,1739603722,-5.551115123125783e-17,3,5
300,800,0.15669037314470202,0.11654802633332062,0.13071155915230293,0.1083318779574256,0.0401423468113814,0.02237968119487732,0.03487060559030543,1.151180087980508,0.6417921574926482,0.24965815521360502,0.5210081423974915,0.297,0.249,0.498,True,999,0.00012266705743968487,0.0032187909819185734,weak_5x5_mild_strong_300_800,weak_null,True,1731,1739603722,-5.551115123125783e-17,4,6
300,800,0.08981637356206784,0.08931330793293063,0.05570254390210039,0.08011445911057535,0.0005030656291372115,-0.024411915208474966,0.030324885439146146,0.016589201306192184,-0.8050126110933902,0.9867643394836813,0.4208124024288252,0.984,0.984,0.431,True,999,0.00014520797412842512,0.0030336249619722366,weak_5x5_mild_strong_300_800,weak_null,True,1732,1739603722,-5.551115123125783e-17,1,7
300,800,0.1289411729042209,0.09762081076634088,0.09716471947763239,0.08954713658152968,0.03132036213788003,0.007617582896102704,0.03417506788526568,0.9164681762456299,0.22289883729497922,0.35942139145293195,0.8236142413303604,0.435,0.407,0.835,True,999,0.00014312495477497578,0.0033547920174896717,weak_5x5_mild_strong_300_800,weak_null,True,1733,1739603722,-5.551115123125783e-17,1,7
300,800,0.21154692408606102,0.11422332063472163,0.18372469667644964,0.10398386161801909,0.09732360345133939,0.07974083505843055,0.041029436550718265,2.372043382341687,1.9435030495692878,0.017690013521238945,0.05195540727969619,0.024,0.022,0.047,True,999,0.0001355829881504178,0.003038749913685024,weak_5x5_mild_strong_300_800,weak_null,True,1734,1739603722,-5.551115123125783e-17,3,5
300,800,0.09813452746953555,0.0928198599058796,0.06275874567108986,0.079819859605891,0.00531466756365595,-0.017061113934801142,0.03137926556325182,0.16936876846091467,-0.5437066046179669,0.8655065877410094,0.5866433867870525,0.9,0.89,0.556,True,999,0.000122333993203938,0.0030981670133769512,weak_5x5_mild_strong_300_800,weak_null,True,1735,1739603722,-5.551115123125783e-17,0,4
300,800,0.07744726195055096,0.11458091211735072,0.04370915097206307,0.10369142530186082,-0.03713365016679976,-0.05998227432979775,0.030382624929371455,-1.2222001967612075,-1.9742294969323653,0.2216319294958896,0.048355653422312975,0.337,0.269,0.039,True,999,0.00014191691298037767,0.0031835410045459867,weak_5x5_mild_strong_300_800,weak_null,True,1736,1739603722,-5.551115123125783e-17,0,4
300,800,0.1028010360431133,0.07731747679628548,0.06115015116176892,0.06599555232060084,0.025483559246827825,-0.004845401158831919,0.03183229257843189,0.8005568302703501,-0.15221653127537982,0.42338825097890487,0.8790161558221713,0.475,0.454,0.871,True,999,0.0001343749463558197,0.003145958064123988,weak_5x5_mild_strong_300_800,weak_null,True,1737,1739603722,-5.551115123125783e-17,0,4
300,800,0.11095337170550179,0.1275184085603071,0.08330590805957172,0.11548411665137337,-0.016565036854805315,-0.03217820859180165,0.0332315647812978,-0.49847297182129247,-0.968302540177435,0.6181507149633958,0.3328932965297574,0.672,0.628,0.32,True,999,0.00013987498823553324,0.003298999974504113,weak_5x5_mild_strong_300_800,weak_null,True,1738,1739603722,-5.551115123125783e-17,3,4
300,800,0.09996955982196609,0.11057883785707329,0.06531858439490179,0.10094610724809172,-0.010609278035107195,-0.03562752285318993,0.0336116640888862,-0.3156427485128647,-1.0599749765132955,0.7522736865727355,0.28915598364544814,0.768,0.762,0.269,True,999,0.00015804101713001728,0.0031581659568473697,weak_5x5_mild_strong_300_800,weak_null,True,1739,1739603722,-5.551115123125783e-17,2,5
300,800,0.16379747189161176,0.10090650189115102,0.13466085250104243,0.0888133067477952,0.06289097000046073,0.04584754575324723,0.03705575664357769,1.6971983760952474,1.237258388601634,0.08965916204721616,0.21599117083065178,0.114,0.082,0.199,True,999,0.00012566696386784315,0.0031507499516010284,weak_5x5_mild_strong_300_800,weak_null,True,1740,1739603722,-5.551115123125783e-17,3,3
300,800,0.12472188188435229,0.13134411790225942,0.08984878894699477,0.12227919393188813,-0.006622236017907124,-0.03243040498489336,0.035639480225162834,-0.18581180129646147,-0.9099572939898336,0.8525923496051727,0.3628450323496406,0.868,0.861,0.35,True,999,0.00012091698590666056,0.0032782499911263585,weak_5x5_mild_strong_300_800,weak_null,True,1741,1739603722,-5.551115123125783e-17,0,6
300,800,0.15229487714260292,0.12894326016709662,0.11912804793809073,0.12144934705344212,0.023351616975506306,-0.002321299115351394,0.03582491063645272,0.6518262449410123,-0.06479567078080624,0.5145132688731917,0.9483366884250561,0.567,0.536,0.941,True,999,0.00014258292503654957,0.002994791022501886,weak_5x5_mild_strong_300_800,weak_null,True,1742,1739603722,-5.551115123125783e-17,1,7
300,800,0.1240396296423466,0.11914009446313084,0.0961228647192911,0.10820629516285862,0.004899535179215764,-0.012083430443567522,0.0349620450213154,0.14013868971991347,-0.34561566510770714,0.8885504122217821,0.7296315716350373,0.902,0.896,0.72,True,999,0.00012437498662620783,0.003140874905511737,weak_5x5_mild_strong_300_800,weak_null,True,1743,1739603722,-5.551115123125783e-17,3,4
300,800,0.13212530937247302,0.11077351171106525,0.09924330669480241,0.09811784838581161,0.021351797661407768,0.001125458308990801,0.034218311879020115,0.6239874642822153,0.03289052694855004,0.5326358177068407,0.9737618871102184,0.591,0.57,0.972,True,999,0.00012512493412941694,0.0030815419740974903,weak_5x5_mild_strong_300_800,weak_null,True,1744,1739603722,-5.551115123125783e-17,2,3
300,800,0.13947453909382013,0.11717241208065116,0.10677848926366096,0.10677074916560514,0.02230212701316897,7.740098055819544e-06,0.03537145198182542,0.6305120588385307,0.00021882330586249518,0.5283596156143342,0.9998254042641018,0.591,0.56,1.0,True,999,0.00012091605458408594,0.003128333017230034,weak_5x5_mild_strong_300_800,weak_null,True,1745,1739603722,-5.551115123125783e-17,0,4
300,800,0.12835769751814885,0.14755371871196504,0.10238601979727946,0.13707003437372123,-0.019196021193816193,-0.03468401457644177,0.03439370877288746,-0.5581259445026296,-1.008440665863379,0.5767583854116305,0.31324295875539476,0.613,0.572,0.298,True,999,0.00012116692960262299,0.0031268340535461903,weak_5x5_mild_strong_300_800,weak_null,True,1746,1739603722,-5.551115123125783e-17,3,4
300,800,0.08185974836026089,0.09061222563951593,0.04828235268377057,0.08048893475125851,-0.008752477279255044,-0.03220658206748794,0.029782576607229983,-0.29387911578913906,-1.0813900520504163,0.7688502770034219,0.27952364487801284,0.799,0.778,0.249,True,999,0.00013995799235999584,0.003015125053934753,weak_5x5_mild_strong_300_800,weak_null,True,1747,1739603722,-5.551115123125783e-17,1,5
300,800,0.11405971012892457,0.10008288694584949,0.07969426111259281,0.0883873377537725,0.013976823183075082,-0.008693076641179687,0.03298400577478665,0.4237454746554503,-0.2635543026682579,0.6717514469215642,0.7921233749331514,0.736,0.714,0.773,True,999,0.00012833299115300179,0.0032049170695245266,weak_5x5_mild_strong_300_800,weak_null,True,1748,1739603722,-5.551115123125783e-17,1,3
300,800,0.14503666795672254,0.10955668504760424,0.10800217005134982,0.10014865288707142,0.0354799829091183,0.0078535171642784,0.03640998205545579,0.9744575774599115,0.21569681501948457,0.32982939300145375,0.8292240840306774,0.397,0.36,0.814,True,999,0.00012387498281896114,0.003014042042195797,weak_5x5_mild_strong_300_800,weak_null,True,1749,1739603722,-5.551115123125783e-17,1,6
300,800,0.11846184864281373,0.09965524207024773,0.09361814036799387,0.0864128628604135,0.018806606572565998,0.0072052775075803766,0.0323406528639612,0.5815159839745578,0.2227931989465054,0.5608927487214785,0.8236964614409731,0.587,0.552,0.801,True,999,0.00012850004713982344,0.0030701670330017805,weak_5x5_mild_strong_300_800,weak_null,True,1750,1739603722,-5.551115123125783e-17,4,2
300,800,0.08184791317946893,0.07555260013239079,0.05169547990260526,0.06591338647211842,0.006295313047078144,-0.014217906569513161,0.028214967627170906,0.22311962679750805,-0.5039136233430008,0.8234424033845762,0.6143220767513529,0.858,0.835,0.587,True,999,0.00013504200614988804,0.0030880830017849803,weak_5x5_mild_strong_300_800,weak_null,True,1751,1739603722,-5.551115123125783e-17,1,5
300,800,0.09072936302889134,0.09929505509387776,0.0597467950783539,0.08683676577010147,-0.008565692064986419,-0.027089970691747567,0.030535192794800218,-0.28051868290299625,-0.8871720861169957,0.7790795937510624,0.37498625845982414,0.803,0.783,0.355,True,999,0.00012412492651492357,0.0030702080111950636,weak_5x5_mild_strong_300_800,weak_null,True,1752,1739603722,-5.551115123125783e-17,2,4
300,800,0.13264027343635432,0.10342672221490606,0.10036481098893546,0.09332786436038987,0.029213551221448253,0.007036946628545593,0.0344276403468206,0.8485493320818349,0.2043981683802926,0.3961321109303012,0.8380423613936392,0.452,0.427,0.819,True,999,0.0001242910511791706,0.003150083008222282,weak_5x5_mild_strong_300_800,weak_null,True,1753,1739603722,-5.551115123125783e-17,2,5
300,800,0.1486405644105917,0.11678104521160343,0.11879966393621544,0.10420036446231506,0.03185951919898827,0.014599299473900373,0.03755298909054302,0.8483883698890821,0.3887653107639551,0.39622171748400226,0.6974497641322643,0.421,0.4,0.648,True,999,0.00013858301099389791,0.0031620829831808805,weak_5x5_mild_strong_300_800,weak_null,True,1754,1739603722,-5.551115123125783e-17,2,3
300,800,0.12393211185551434,0.16362531544357084,0.0960027413931357,0.15732998667152742,-0.0396932035880565,-0.06132724527839173,0.034156195866004956,-1.1621084427485213,-1.7954940157557073,0.2451914184274765,0.07257502535117631,0.381,0.305,0.083,True,999,0.0001212080242112279,0.003133291029371321,weak_5x5_mild_strong_300_800,weak_null,True,1755,1739603722,-5.551115123125783e-17,2,8
300,800,0.1023938067354101,0.09637334739457248,0.07333040478584962,0.0853553728071006,0.006020459340837614,-0.01202496802125097,0.03314250478308518,0.18165372171599575,-0.3628261683887003,0.8558544863237524,0.7167347424878855,0.861,0.855,0.752,True,999,0.00012808397877961397,0.0030308340210467577,weak_5x5_mild_strong_300_800,weak_null,True,1756,1739603722,-5.551115123125783e-17,4,4
300,800,0.14908192995965308,0.14385829020802732,0.11281293105258783,0.13616179047147625,0.005223639751625764,-0.023348859418888424,0.03681698709350591,0.14188123917796505,-0.6341871310541566,0.8871738133588964,0.5259587050012888,0.912,0.908,0.545,True,999,0.0001237909309566021,0.003005292033776641,weak_5x5_mild_strong_300_800,weak_null,True,1757,1739603722,-5.551115123125783e-17,0,6
300,800,0.13521403594201298,0.10048275187368083,0.10202419903646387,0.09080187661413675,0.03473128406833215,0.011222322422327125,0.03451635233555707,1.0062269538416337,0.3251306022498337,0.31430640914088925,0.7450822288285921,0.401,0.348,0.738,True,999,0.0001241669524461031,0.003159084008075297,weak_5x5_mild_strong_300_800,weak_null,True,1758,1739603722,-5.551115123125783e-17,1,5
300,800,0.09187116520323813,0.13576645125886727,0.05841956206535315,0.12403301587028182,-0.043895286055629146,-0.06561345380492867,0.03263152936194649,-1.3451801651324982,-2.0107379300905306,0.17856705996965827,0.04435314537783936,0.276,0.223,0.045,True,999,0.0001140419626608491,0.0031356249237433076,weak_5x5_mild_strong_300_800,weak_null,True,1759,1739603722,-5.551115123125783e-17,1,4
300,800,0.07701125665718422,0.10488681147981893,0.04682221516839036,0.09464180591174909,-0.027875554822634707,-0.04781959074335873,0.029096255619428194,-0.9580461206843949,-1.6434963786690326,0.33803950249099324,0.10028027399141387,0.452,0.373,0.096,True,999,0.0001307500060647726,0.0030175840947777033,weak_5x5_mild_strong_300_800,weak_null,True,1760,1739603722,-5.551115123125783e-17,2,4
300,800,0.17299605206203594,0.09953757611105446,0.13412342019745438,0.09046823771609525,0.07345847595098148,0.043655182481359134,0.03832524409013238,1.91671254012691,1.1390712184035132,0.05527446125155027,0.25467345087659354,0.077,0.069,0.264,True,999,0.000142666045576334,0.003200083039700985,weak_5x5_mild_strong_300_800,weak_null,True,1761,1739603722,-5.551115123125783e-17,1,5
300,800,0.12400434759733137,0.10182710792493721,0.0881133800853604,0.0863625829778698,0.022177239672394156,0.0017507971074905981,0.03502864879491967,0.6331171893678811,0.04998186249606416,0.5266571179297532,0.9601368418859283,0.595,0.575,0.966,True,999,0.0001242910511791706,0.0031648329459130764,weak_5x5_mild_strong_300_800,weak_null,True,1762,1739603722,-5.551115123125783e-17,1,2
300,800,0.11129545579078837,0.10694423444339157,0.07957641946461536,0.094851993206305,0.004351221347396794,-0.015275573741689641,0.03290693540462189,0.13222809398366675,-0.4642052975721384,0.894803880431965,0.6425006660942051,0.906,0.895,0.628,True,999,0.00012816698290407658,0.0031259169336408377,weak_5x5_mild_strong_300_800,weak_null,True,1763,1739603722,-5.551115123125783e-17,1,4
300,800,0.1516703442027859,0.10712630215733249,0.11677617828166831,0.09691541072777454,0.044544042045453425,0.019860767553893766,0.037004877086875894,1.2037343602271107,0.5367067564436678,0.2286922672070053,0.5914701882830212,0.266,0.257,0.585,True,999,0.00012762495316565037,0.0033677909523248672,weak_5x5_mild_strong_300_800,weak_null,True,1764,1739603722,-5.551115123125783e-17,1,4
300,800,0.09807057905333605,0.14980093239227704,0.06306455935759914,0.14155860558793165,-0.05173035333894099,-0.07849404623033251,0.033251327421919254,-1.555737991525727,-2.360628952773455,0.11977040856190566,0.018243974236601724,0.207,0.149,0.017,True,999,0.00016816705465316772,0.003088666941039264,weak_5x5_mild_strong_300_800,weak_null,True,1765,1739603722,-5.551115123125783e-17,2,6
300,800,0.11768999661630264,0.09992905197937396,0.08017170166129972,0.0909931655490368,0.017760944636928677,-0.010821463887737082,0.03394365145931729,0.5232479086174868,-0.31880671119626014,0.6008017459549846,0.7498730888360028,0.665,0.653,0.739,True,999,0.00012616696767508984,0.0031970000127330422,weak_5x5_mild_strong_300_800,weak_null,True,1766,1739603722,-5.551115123125783e-17,1,5
300,800,0.06925134733305893,0.0882133095429451,0.02999718497892445,0.07751499046491972,-0.018961962209886163,-0.04751780548599527,0.029318930441702883,-0.6467480881538197,-1.6207209734501955,0.5177949947701506,0.10507749347416517,0.617,0.577,0.095,True,999,0.00011916691437363625,0.00318004097789526,weak_5x5_mild_strong_300_800,weak_null,True,1767,1739603722,-5.551115123125783e-17,1,5
300,800,0.12537383591093465,0.14146366846597863,0.0959036670618616,0.1316869011160975,-0.01608983255504398,-0.03578323405423589,0.034570316696491445,-0.4654233484843066,-1.035085514789847,0.641628317010934,0.30062897667231314,0.697,0.67,0.292,True,999,0.00013112497981637716,0.002988707972690463,weak_5x5_mild_strong_300_800,weak_null,True,1768,1739603722,-5.551115123125783e-17,3,4
300,800,0.1012148056411275,0.1412141547510774,0.06792159174358403,0.13149123858556777,-0.0399993491099499,-0.06356964684198374,0.03335794602774845,-1.1990950844718338,-1.9056822859867935,0.23049097523377016,0.05669143890855223,0.341,0.255,0.044,True,999,0.00011716596782207489,0.0030393750639632344,weak_5x5_mild_strong_300_800,weak_null,True,1769,1739603722,-5.551115123125783e-17,1,4
300,800,0.13944012665980376,0.12083232073813832,0.11524032161207742,0.11124400614761498,0.018607805921665443,0.003996315464462441,0.03418119804075417,0.5443871774031852,0.11691560546525148,0.5861750676881803,0.9069269315932031,0.647,0.617,0.909,True,999,0.00013649999164044857,0.003043375094421208,weak_5x5_mild_strong_300_800,weak_null,True,1770,1739603722,-5.551115123125783e-17,4,5
300,800,0.10413854157927727,0.10659679983817366,0.07513085561021171,0.09782705301068972,-0.0024582582588963953,-0.022696197400478013,0.031319721357746265,-0.07848914844475133,-0.7246615364559938,0.9374389618800509,0.46865969729589907,0.954,0.948,0.46,True,999,0.00012320803944021463,0.00308812502771616,weak_5x5_mild_strong_300_800,weak_null,True,1771,1739603722,-5.551115123125783e-17,2,6
300,800,0.09521880887200318,0.12606620887029457,0.0655765214714279,0.11575125058942604,-0.03084739999829139,-0.05017472911799814,0.03293536224094552,-0.9366042423526661,-1.523430310282742,0.3489621689699224,0.12765108365228167,0.422,0.371,0.117,True,999,0.00011991593055427074,0.002989000058732927,weak_5x5_mild_strong_300_800,weak_null,True,1772,1739603722,-5.551115123125783e-17,2,4
300,800,0.08257938137213294,0.0967422868801659,0.04659307098637555,0.08724510543595443,-0.014162905508032952,-0.04065203444957888,0.030370171077610458,-0.46634263178300467,-1.3385513814095182,0.6409702679542149,0.1807167627120908,0.705,0.672,0.157,True,999,0.00012195901945233345,0.0031275840010493994,weak_5x5_mild_strong_300_800,weak_null,True,1773,1739603722,-5.551115123125783e-17,1,5
300,800,0.08913111059606382,0.12430133426416029,0.05670478974326443,0.11288420799252208,-0.03517022366809647,-0.05617941824925765,0.03040213660077347,-1.1568339465720872,-1.8478773050387642,0.24734020969768988,0.06462009435702955,0.365,0.272,0.067,True,999,0.00015004200395196676,0.00307908293325454,weak_5x5_mild_strong_300_800,weak_null,True,1774,1739603722,-5.551115123125783e-17,2,4
300,800,0.0886302157667418,0.10243604837675035,0.058398862565638865,0.09218921183816065,-0.013805832610008562,-0.03379034927252178,0.030321288313660787,-0.4553181404164993,-1.114410077928584,0.6488803774311044,0.2651033018189014,0.737,0.683,0.247,True,999,0.00011725001968443394,0.003028000006452203,weak_5x5_mild_strong_300_800,weak_null,True,1775,1739603722,-5.551115123125783e-17,1,5
300,800,0.15142264860447474,0.07585608190276599,0.12272852213556007,0.06475986983912208,0.07556656670170875,0.057968652296437995,0.03468741297395854,2.178501082177564,1.671172547227946,0.029368751752961265,0.09468760107346269,0.049,0.029,0.082,True,999,0.0001241250429302454,0.003047166974283755,weak_5x5_mild_strong_300_800,weak_null,True,1776,1739603722,-5.551115123125783e-17,1,5
300,800,0.10611459691106784,0.10671831104343144,0.07196979902602152,0.09645916538329402,-0.0006037141323635975,-0.024489366357272502,0.03231252881262713,-0.01868359285230803,-0.7578907395110009,0.985093516978701,0.44851639454765646,0.987,0.986,0.435,True,999,0.00015683402307331562,0.003068957943469286,weak_5x5_mild_strong_300_800,weak_null,True,1777,1739603722,-5.551115123125783e-17,0,5
300,800,0.13366293155700726,0.1101568393362034,0.10716380262158509,0.10115682005590543,0.023506092220803854,0.006006982565679664,0.03365090779070965,0.6985277296826274,0.17850878208219015,0.4848472224564283,0.858323424859339,0.564,0.522,0.855,True,999,0.00012450001668184996,0.0031126670073717833,weak_5x5_mild_strong_300_800,weak_null,True,1778,1739603722,-5.551115123125783e-17,3,6
300,800,0.15463781289787004,0.10124497917538033,0.12568128278303448,0.0877551051164005,0.05339283372248971,0.037926177666633976,0.034664525489567166,1.5402730303796923,1.0940919320545281,0.12349381487363209,0.2739146605291293,0.173,0.13,0.256,True,999,0.00012125005014240742,0.0031432919204235077,weak_5x5_mild_strong_300_800,weak_null,True,1779,1739603722,-5.551115123125783e-17,3,2
300,800,0.11410048663735328,0.1374027717740256,0.08342413132163529,0.12627281390820144,-0.02330228513667232,-0.042848682586566156,0.033374906341537454,-0.6981977686532399,-1.2838592608494577,0.4850535217374664,0.19919120393377088,0.557,0.522,0.206,True,999,0.00012054096441715956,0.0030923750018700957,weak_5x5_mild_strong_300_800,weak_null,True,1780,1739603722,-5.551115123125783e-17,3,5
300,800,0.13980330207708258,0.11110276465648689,0.11175895556266369,0.10022592490145144,0.028700537420595695,0.011533030661212251,0.03459360762260719,0.8296485794051636,0.3333861789446709,0.4067375019577062,0.7388427946200926,0.474,0.438,0.733,True,999,0.0001230830093845725,0.003080875030718744,weak_5x5_mild_strong_300_800,weak_null,True,1781,1739603722,-5.551115123125783e-17,3,4
300,800,0.18362519368186692,0.1300252120876887,0.15863325453170773,0.11927184389566037,0.053599981594178225,0.03936141063604737,0.03709004033659119,1.4451313912780825,1.0612393591067453,0.1484209830767433,0.28858113654850936,0.215,0.173,0.278,True,999,0.00012400001287460327,0.0031043339986354113,weak_5x5_mild_strong_300_800,weak_null,True,1782,1739603722,-5.551115123125783e-17,3,4
300,800,0.1219028787523001,0.1321685670728336,0.09276517058879108,0.1240774866917036,-0.010265688320533484,-0.03131231610291252,0.03467728674020376,-0.29603493483911375,-0.9029632663448839,0.7672034023075054,0.3665453910293882,0.788,0.77,0.387,True,999,0.00012483401224017143,0.0030141249299049377,weak_5x5_mild_strong_300_800,weak_null,True,1783,1739603722,-5.551115123125783e-17,3,7
300,800,0.13034835440469972,0.1325790801844876,0.09419656417344413,0.12164502748845507,-0.00223072577978789,-0.02744846331501094,0.03522655262681708,-0.06332512305191326,-0.7791981124521145,0.9495076106051579,0.43586302184014447,0.949,0.943,0.424,True,999,0.00015779200475662947,0.003060834016650915,weak_5x5_mild_strong_300_800,weak_null,True,1784,1739603722,-5.551115123125783e-17,0,4
300,800,0.1163341082420335,0.12299666067025516,0.08072162338891076,0.11232240227661805,-0.006662552428221669,-0.03160077888770729,0.03467878350695252,-0.19212186110524718,-0.9112424281368423,0.8476467511954763,0.3621676533296314,0.878,0.868,0.341,True,999,0.00011329201515763998,0.0030306250555440784,weak_5x5_mild_strong_300_800,weak_null,True,1785,1739603722,-5.551115123125783e-17,1,5
300,800,0.10198167777660228,0.12122082343806562,0.07326856639315338,0.11022633844544316,-0.01923914566146334,-0.03695777205228978,0.03183279218517142,-0.6043813420308589,-1.1609968688045442,0.5455901375253165,0.24564317281276027,0.627,0.589,0.241,True,999,0.00012004096060991287,0.0030355419730767608,weak_5x5_mild_strong_300_800,weak_null,True,1786,1739603722,-5.551115123125783e-17,2,4
300,800,0.14133776527906394,0.12716955754958315,0.11232075749910564,0.11530218522915447,0.014168207729480797,-0.0029814277300488357,0.035942847523953506,0.39418712499165887,-0.08294912438592722,0.6934428905439267,0.9338919929859449,0.727,0.713,0.949,True,999,0.00012383295688778162,0.0031290410552173853,weak_5x5_mild_strong_300_800,weak_null,True,1787,1739603722,-5.551115123125783e-17,3,4
300,800,0.1069342371250086,0.12935224108579974,0.06870001445656726,0.12089649916373446,-0.022418003960791133,-0.0521964847071672,0.034300214975125164,-0.6535820249829011,-1.5217538649545077,0.513381127957099,0.12807076529226444,0.588,0.558,0.122,True,999,0.00012183305807411671,0.0031410830561071634,weak_5x5_mild_strong_300_800,weak_null,True,1788,1739603722,-5.551115123125783e-17,0,6
300,800,0.10221041682391163,0.11378420790525795,0.07064055951906312,0.10408998010353798,-0.011573791081346319,-0.033449420584474865,0.03198807102659765,-0.36181584915585774,-1.0456842038603118,0.7174896475423953,0.29570685817785214,0.753,0.732,0.29,True,999,0.00012316694483160973,0.003210167051292956,weak_5x5_mild_strong_300_800,weak_null,True,1789,1739603722,-5.551115123125783e-17,2,5
300,800,0.1386918316549085,0.11484303489367709,0.10358335665392815,0.10436357141969665,0.023848796761231417,-0.0007802147657685055,0.03494507748328112,0.6824651275316664,-0.022326886129864384,0.49494488621346466,0.9821872021949386,0.548,0.532,0.978,True,999,0.00012687500566244125,0.00298604101408273,weak_5x5_mild_strong_300_800,weak_null,True,1790,1739603722,-5.551115123125783e-17,2,4
300,800,0.14129449107207082,0.1345166725922043,0.1064449060897914,0.11992486044414363,0.006777818479866526,-0.01347995435435223,0.037867080965646734,0.17898972688218054,-0.3559808152780864,0.8579457681930542,0.721854932531172,0.892,0.889,0.706,True,999,0.0001236249227076769,0.003083750023506582,weak_5x5_mild_strong_300_800,weak_null,True,1791,1739603722,-5.551115123125783e-17,1,1
300,800,0.09073090915658022,0.14727192929729904,0.054933597170418125,0.13914214063106556,-0.05654102014071882,-0.08420854346064743,0.033868721127102513,-1.6694170390588923,-2.486321911731762,0.09503475913264173,0.012907115276140442,0.18,0.105,0.015,True,999,0.00012645800597965717,0.003068333026021719,weak_5x5_mild_strong_300_800,weak_null,True,1792,1739603722,-5.551115123125783e-17,1,7
300,800,0.11237933974609016,0.10231404013426482,0.07644903456531438,0.0913688413845648,0.01006529961182534,-0.014919806819250425,0.032842331834267796,0.3064733546514859,-0.4542858556615353,0.7592442643155077,0.6496230951239793,0.836,0.829,0.646,True,999,0.00011720799375325441,0.0030245829839259386,weak_5x5_mild_strong_300_800,weak_null,True,1793,1739603722,-5.551115123125783e-17,1,4
300,800,0.12901350020140134,0.09489542367838832,0.10047359388511268,0.08425244745876626,0.03411807652301302,0.016221146426346422,0.03332040568157266,1.0239394096537517,0.48682319721327044,0.30586389437804307,0.6263836298502334,0.406,0.377,0.667,True,999,0.00012004096060991287,0.0031198329525068402,weak_5x5_mild_strong_300_800,weak_null,True,1794,1739603722,-5.551115123125783e-17,4,3
300,800,0.12171487909830592,0.1132865364171175,0.08578214028375442,0.10400024303839928,0.008428342681188417,-0.01821810275464486,0.035403323403830386,0.23806642628009692,-0.5145873608203063,0.8118295741290813,0.6068413991030215,0.84,0.833,0.621,True,999,0.00012058299034833908,0.003081666072830558,weak_5x5_mild_strong_300_800,weak_null,True,1795,1739603722,-5.551115123125783e-17,1,4
300,800,0.14358126960746342,0.10458786655158736,0.10874187102166388,0.09530670413914777,0.038993403055876064,0.013435166882516114,0.036632852924509254,1.06443806427611,0.36675185823507894,0.2871302979509106,0.7138041205341837,0.363,0.325,0.717,True,999,0.000124832964502275,0.003085874952375889,weak_5x5_mild_strong_300_800,weak_null,True,1796,1739603722,-5.551115123125783e-17,1,7
300,800,0.12987619691662422,0.13344789866179518,0.09912870219608294,0.12449156899236868,-0.003571701745170963,-0.025362866796285743,0.03433809424972504,-0.10401572432050633,-0.7386218527980433,0.9171568700556042,0.4601366508005541,0.932,0.921,0.442,True,999,0.00012137496378272772,0.0031347499461844563,weak_5x5_mild_strong_300_800,weak_null,True,1797,1739603722,-5.551115123125783e-17,2,6
300,800,0.13918811506014728,0.13544222806920125,0.1099437184189469,0.12819853116747026,0.0037458869909460235,-0.018254812748523364,0.03567158268298138,0.10501039508777264,-0.5117466446823113,0.9163675602403791,0.608828336377182,0.931,0.928,0.597,True,999,0.00011258292943239212,0.003013917012140155,weak_5x5_mild_strong_300_800,weak_null,True,1798,1739603722,-5.551115123125783e-17,3,6
300,800,0.10381289206741828,0.14047760785941932,0.07170458718809414,0.13221304731155215,-0.036664715792001035,-0.06050846012345801,0.032799184375013536,-1.1178544982335679,-1.8448160000452156,0.2636291412153222,0.06506430913510036,0.373,0.313,0.058,True,999,0.00011625001206994057,0.0030880830017849803,weak_5x5_mild_strong_300_800,weak_null,True,1799,1739603722,-5.551115123125783e-17,1,6
300,800,0.13225478955439818,0.0988204341721643,0.10608712809073495,0.08700874302940065,0.03343435538223388,0.019078385061334302,0.03407366109837223,0.9812375396264978,0.5599159129467809,0.32647561604192477,0.5755367941191544,0.402,0.346,0.557,True,999,0.00012133305426687002,0.0030434580985456705,weak_5x5_mild_strong_300_800,weak_null,True,1800,1739603722,-5.551115123125783e-17,3,4
300,800,0.1378150300933738,0.10800528880823113,0.10531975916609326,0.09960562982706733,0.029809741285142688,0.005714129339025931,0.03551492867786791,0.8393580501182152,0.16089372981303057,0.40126841691092163,0.8721771008507262,0.458,0.436,0.86,True,999,0.00012124993372708559,0.003071750048547983,weak_5x5_mild_strong_300_800,weak_null,True,1801,1739603722,-5.551115123125783e-17,2,6
300,800,0.11393719580824468,0.12012064593473681,0.08276749137172601,0.10794128913573786,-0.006183450126492129,-0.02517379776401185,0.034905638274581416,-0.17714760228277993,-0.7211957439650553,0.8593924519383497,0.47078908998935054,0.873,0.865,0.481,True,999,0.00012058403808623552,0.0031817080453038216,weak_5x5_mild_strong_300_800,weak_null,True,1802,1739603722,-5.551115123125783e-17,3,3
300,800,0.07900707266581652,0.09923728692586048,0.044995538100408794,0.08706137832700733,-0.020230214260043955,-0.04206584022659854,0.02812097414363822,-0.719399482987705,-1.495888442972558,0.4718948153187539,0.13468272846965154,0.571,0.492,0.123,True,999,0.00012445903848856688,0.003071499988436699,weak_5x5_mild_strong_300_800,weak_null,True,1803,1739603722,-5.551115123125783e-17,2,3
300,800,0.09455084730826502,0.1257919514873317,0.05674025165444618,0.11396118107035136,-0.03124110417906667,-0.057220929415905175,0.032593956086561654,-0.9584937801381908,-1.7555687092398433,0.3378138263892143,0.07916207901352758,0.421,0.376,0.065,True,999,0.00011829100549221039,0.0030302080558612943,weak_5x5_mild_strong_300_800,weak_null,True,1804,1739603722,-5.551115123125783e-17,0,4
300,800,0.12365138221447158,0.07703858159714744,0.09176300142985383,0.06715166935720163,0.046612800617324146,0.024611332072652203,0.03239230941225651,1.4390082542150247,0.7597893610926005,0.15014818411995096,0.4473805032668666,0.195,0.168,0.426,True,999,0.0001319999573752284,0.003125583054497838,weak_5x5_mild_strong_300_800,weak_null,True,1805,1739603722,-5.551115123125783e-17,3,6
300,800,0.12168765509630575,0.12147677355922532,0.09191909730066072,0.10989054608745619,0.00021088153708043178,-0.017971448786795463,0.033864232814869506,0.006227264566520327,-0.5306911538508071,0.9950313938591433,0.5956328171245877,0.996,0.996,0.594,True,999,0.00012087507639080286,0.0031049998942762613,weak_5x5_mild_strong_300_800,weak_null,True,1806,1739603722,-5.551115123125783e-17,2,5
300,800,0.15769541648449892,0.11272972460127129,0.12986866800122243,0.10457323405461239,0.04496569188322763,0.025295433946610046,0.03570305788951085,1.2594353128626004,0.708494886485383,0.2078731412698196,0.4786379865592538,0.249,0.226,0.457,True,999,0.00011837494093924761,0.0030833750497549772,weak_5x5_mild_strong_300_800,weak_null,True,1807,1739603722,-5.551115123125783e-17,3,5
300,800,0.07648436535365832,0.12319254537189206,0.04563772519560416,0.11366172787069218,-0.046708180018233736,-0.06802400267508801,0.030790807656067693,-1.516952089726342,-2.2092308663973315,0.12927878070490922,0.027158586996360683,0.234,0.159,0.033,True,999,0.0001297079725190997,0.002955583040602505,weak_5x5_mild_strong_300_800,weak_null,True,1808,1739603722,-5.551115123125783e-17,3,6
300,800,0.12401119864118826,0.08723749836960276,0.09229986245657074,0.07531729478802163,0.0367737002715855,0.01698256766854911,0.0330250479523065,1.1135093679407417,0.5142329450384048,0.2654897272250364,0.6070891367942753,0.333,0.285,0.592,True,999,0.00011908297892659903,0.003047207952477038,weak_5x5_mild_strong_300_800,weak_null,True,1809,1739603722,-5.551115123125783e-17,1,4
300,800,0.11740170073990097,0.09115509213728606,0.08549986489009598,0.0792189186549308,0.026246608602614907,0.006280946235165175,0.033701108292550824,0.7788055032129719,0.18637209734000032,0.4360942954693019,0.8521529721628638,0.495,0.465,0.849,True,999,0.0001225409796461463,0.003105415962636471,weak_5x5_mild_strong_300_800,weak_null,True,1810,1739603722,-5.551115123125783e-17,3,4
300,800,0.1415344358038262,0.13630645189303509,0.1188192862717301,0.12756304213087333,0.005227983910791101,-0.00874375585914322,0.035763174341866544,0.14618344168266142,-0.24449048553576658,0.8837765767584937,0.8068509698724362,0.902,0.896,0.798,True,999,0.00011891697067767382,0.003002332989126444,weak_5x5_mild_strong_300_800,weak_null,True,1811,1739603722,-5.551115123125783e-17,5,6
300,800,0.13212274143250324,0.11039975269139707,0.10315487345968677,0.0972073317154809,0.021722988741106175,0.005947541744205864,0.035240401239230605,0.6164228549396745,0.16877054559710555,0.5376154729779592,0.8659771271544963,0.603,0.566,0.852,True,999,0.0001222500577569008,0.0030424590222537518,weak_5x5_mild_strong_300_800,weak_null,True,1812,1739603722,-5.551115123125783e-17,1,3
300,800,0.11195930728698822,0.1007842941985046,0.0726167349112643,0.08833895871089226,0.01117501308848362,-0.015722223799627955,0.033261388794183076,0.3359755408180059,-0.4726869312918629,0.7368893110505497,0.6364365516947471,0.772,0.762,0.626,True,999,0.00011825002729892731,0.0031280419789254665,weak_5x5_mild_strong_300_800,weak_null,True,1813,1739603722,-5.551115123125783e-17,0,4
300,800,0.10588528822921295,0.09580552563452205,0.07556034816167312,0.08656719034456728,0.0100797625946909,-0.011006842182894161,0.031585506211387546,0.3191262007083754,-0.3484776248077308,0.7496308162959897,0.7274815148353085,0.806,0.79,0.76,True,999,0.0001225409796461463,0.0029723329935222864,weak_5x5_mild_strong_300_800,weak_null,True,1814,1739603722,-5.551115123125783e-17,1,5
300,800,0.11825684769385769,0.10034696825045025,0.08516518946851193,0.09497113544853164,0.01790987944340744,-0.009805945980019715,0.032624571816806086,0.5489690269032563,-0.30056933881254255,0.583026705750012,0.7637429149591756,0.649,0.638,0.766,True,999,0.00012275006156414747,0.003226791974157095,weak_5x5_mild_strong_300_800,weak_null,True,1815,1739603722,-5.551115123125783e-17,2,10
300,800,0.08385697356408772,0.09386302787131667,0.05281263264214431,0.08429705700859813,-0.010006054307228951,-0.03148442436645382,0.029786349932679042,-0.33592750806473143,-1.0570084766214272,0.7369255328115913,0.29050771883695137,0.789,0.767,0.281,True,999,0.00011883291881531477,0.0029620829736813903,weak_5x5_mild_strong_300_800,weak_null,True,1816,1739603722,-5.551115123125783e-17,2,5
300,800,0.11095625890934191,0.12288701304884153,0.08108969993526216,0.11297069192494291,-0.011930754139499622,-0.03188099198968075,0.03288226566607976,-0.36283248425326686,-0.9695497358190895,0.7167300241776215,0.3322709777082582,0.749,0.729,0.315,True,999,0.00012745801359415054,0.00300808297470212,weak_5x5_mild_strong_300_800,weak_null,True,1817,1739603722,-5.551115123125783e-17,1,6
300,800,0.13712089353162504,0.10280179374643666,0.10047203042927322,0.08861304288808469,0.03431909978518838,0.011858987541188526,0.03495797752085563,0.9817244079613557,0.33923551595951323,0.32623563740107386,0.7344323160010988,0.384,0.36,0.714,True,999,0.00012049998622387648,0.003076125052757561,weak_5x5_mild_strong_300_800,weak_null,True,1818,1739603722,-5.551115123125783e-17,0,1
300,800,0.19370142251759326,0.09689562263462281,0.1621197336837099,0.08976606515602725,0.09680579988297044,0.07235366852768266,0.03881995605435504,2.4937122480876748,1.8638266469538063,0.0126414979949508,0.06234605240425328,0.031,0.021,0.07,True,999,0.0001237079268321395,0.0030554579570889473,weak_5x5_mild_strong_300_800,weak_null,True,1819,1739603722,-5.551115123125783e-17,2,7
300,800,0.1308220222776364,0.09182549319907019,0.0999905722989638,0.07976482440813015,0.03899652907856621,0.020225747890833645,0.03480216696793868,1.1205201421650428,0.581163463455207,0.26249217415115345,0.5611302895547416,0.326,0.299,0.544,True,999,0.0001267079496756196,0.003120583016425371,weak_5x5_mild_strong_300_800,weak_null,True,1820,1739603722,-5.551115123125783e-17,1,4
300,800,0.18497436737480655,0.13006789135051366,0.1570155406754452,0.1181428314829418,0.05490647602429288,0.03887270919250341,0.03781433249081874,1.4520017254733795,1.0279887712401545,0.1465011254680967,0.30395510966900585,0.189,0.165,0.315,True,999,0.0006046249764040112,0.0031030409736558795,weak_5x5_mild_strong_300_800,weak_null,True,1821,1739603722,-5.551115123125783e-17,3,4
300,800,0.17774251918079198,0.11731532044320969,0.15047598297815057,0.1088692717403319,0.06042719873758229,0.04160671123781867,0.03746851761558636,1.6127459153186634,1.110444551468214,0.1067997206912867,0.2668075092636727,0.166,0.135,0.268,True,999,0.00012704101391136646,0.0031164579559117556,weak_5x5_mild_strong_300_800,weak_null,True,1822,1739603722,-5.551115123125783e-17,3,6
300,800,0.11554434482595055,0.11438952745715708,0.08842952303172069,0.10134028267094664,0.0011548173687934704,-0.012910759639225944,0.03386664183558661,0.03409896305632535,-0.3812234972071985,0.9727982353668054,0.703037415002693,0.975,0.973,0.687,True,999,0.0001383339986205101,0.0033575420966371894,weak_5x5_mild_strong_300_800,weak_null,True,1823,1739603722,-5.551115123125783e-17,4,2
300,800,0.1363956953680574,0.07429998986202135,0.09838390283692888,0.06498587706590797,0.06209570550603605,0.03339802577102091,0.034092097071146354,1.8214105567178611,0.979641284645031,0.06854447164462288,0.32726321848673023,0.112,0.088,0.33,True,999,0.0002454160712659359,0.0031336250249296427,weak_5x5_mild_strong_300_800,weak_null,True,1824,1739603722,-5.551115123125783e-17,0,7
300,800,0.1070371693161487,0.13032441617673635,0.07447692328861422,0.11993596735237588,-0.02328724686058764,-0.04545904406376167,0.03293549934555716,-0.7070561346667111,-1.3802445679298279,0.47953159414949786,0.16751135590905186,0.585,0.53,0.155,True,999,0.00012879108544439077,0.003177792066708207,weak_5x5_mild_strong_300_800,weak_null,True,1825,1739603722,-5.551115123125783e-17,2,4
300,800,0.10439475049185687,0.10807274157170799,0.06599685667328004,0.09873395506451743,-0.0036779910798511173,-0.032737098391237396,0.032964958286850504,-0.11157275091466573,-0.9930878148356705,0.9111621787101666,0.3206671616259472,0.926,0.92,0.318,True,999,0.0001477920450270176,0.0031813749810680747,weak_5x5_mild_strong_300_800,weak_null,True,1826,1739603722,-5.551115123125783e-17,0,6
300,800,0.1508105942757969,0.12008765232496021,0.12008560216804653,0.10909924968939322,0.03072294195083669,0.010986352478653316,0.034481663019312006,0.8909936256157314,0.3186143450360916,0.3729325899535568,0.7500189741927747,0.449,0.414,0.74,True,999,0.0001355829881504178,0.008298957953229547,weak_5x5_mild_strong_300_800,weak_null,True,1827,1739603722,-5.551115123125783e-17,2,4
300,800,0.14170257695028732,0.09043041524460388,0.1069818117849195,0.07770164037100358,0.05127216170568344,0.029280171413915923,0.035733022969159076,1.4348677342506422,0.8194148991868792,0.151324791720923,0.41254973719138477,0.201,0.172,0.392,True,999,0.0003951669204980135,0.011206750059500337,weak_5x5_mild_strong_300_800,weak_null,True,1828,1739603722,-5.551115123125783e-17,1,3
300,800,0.08809132049304724,0.09972113431040358,0.05377633169700857,0.0850310372636045,-0.011629813817356338,-0.03125470556659593,0.030445402907590496,-0.3819891578592593,-1.0265820971876074,0.7024694067258708,0.30461728762745155,0.778,0.746,0.255,True,999,0.002305750036612153,0.005524917040020227,weak_5x5_mild_strong_300_800,weak_null,True,1829,1739603722,-5.551115123125783e-17,2,1
300,800,0.1231435873739517,0.13226460728808542,0.0945580439615128,0.12016008524477684,-0.009121019914133721,-0.025602041283264043,0.035966155851011615,-0.25360007758174624,-0.7118370222639164,0.7998045366890932,0.47656570410947763,0.814,0.807,0.49,True,999,0.000581249943934381,0.005895582959055901,weak_5x5_mild_strong_300_800,weak_null,True,1830,1739603722,-5.551115123125783e-17,2,3
300,800,0.09430053783618797,0.15732689222973717,0.05991840022966244,0.148225899521492,-0.0630263543935492,-0.08830749929182957,0.03267584845408576,-1.928836047887486,-2.7025311803583074,0.05375121914301899,0.006881372988295404,0.126,0.064,0.006,True,999,0.00016629102174192667,0.00334862491581589,weak_5x5_mild_strong_300_800,weak_null,True,1831,1739603722,-5.551115123125783e-17,1,7
300,800,0.19507501462653176,0.10816883394224391,0.16419598321942885,0.09653003051607811,0.08690618068428785,0.06766595270335074,0.03741350455210945,2.3228559239417175,1.8085970163288432,0.020186893608639032,0.07051363237040899,0.045,0.026,0.055,True,999,0.00017704104539006948,0.003183125052601099,weak_5x5_mild_strong_300_800,weak_null,True,1832,1739603722,-5.551115123125783e-17,2,5
300,800,0.1154893415570899,0.08082807072074649,0.08814584274819026,0.06956848815957528,0.034661270836343405,0.01857735458861498,0.03228518092186438,1.0735969211456353,0.5754142940556949,0.2830033781343675,0.5650111391952767,0.37,0.314,0.539,True,999,0.0001378749730065465,0.003145375056192279,weak_5x5_mild_strong_300_800,weak_null,True,1833,1739603722,-5.551115123125783e-17,2,5
300,800,0.06584087673872507,0.11370026721142434,0.028061928421436733,0.10350906297088613,-0.04785939047269927,-0.0754471345494494,0.02963257001224624,-1.6150941498803661,-2.5460881225715286,0.10629030765446948,0.010893768377811058,0.228,0.146,0.01,True,999,0.00014916702639311552,0.003631916013546288,weak_5x5_mild_strong_300_800,weak_null,True,1834,1739603722,-5.551115123125783e-17,0,5
300,800,0.10684880009013908,0.12111596515386241,0.06979690172892106,0.11477356934074123,-0.01426716506372333,-0.044976667611820176,0.03327526464849185,-0.42876188106801333,-1.3516546926654924,0.6680965221389065,0.17648580527117375,0.707,0.672,0.153,True,999,0.00014400004874914885,0.0030997919384390116,weak_5x5_mild_strong_300_800,weak_null,True,1835,1739603722,-5.551115123125783e-17,1,8
300,800,0.0906265615898727,0.10018607305187116,0.05616976816685337,0.09070492124078555,-0.00955951146199846,-0.03453515307393218,0.031110413132979964,-0.30727690503937666,-1.1100833963957126,0.7586326130184722,0.2669630912805857,0.8,0.786,0.264,True,999,0.00012541597243398428,0.0031859580194577575,weak_5x5_mild_strong_300_800,weak_null,True,1836,1739603722,-5.551115123125783e-17,1,5
300,800,0.1187190060966079,0.10999359292082661,0.08411136678074627,0.10393523051391185,0.008725413175781294,-0.01982386373316558,0.03436814367607509,0.25388083971073977,-0.5768092661625391,0.7995876176203436,0.5640683092802343,0.818,0.805,0.58,True,999,0.00015054189134389162,0.003048584097996354,weak_5x5_mild_strong_300_800,weak_null,True,1837,1739603722,-5.551115123125783e-17,1,9
300,800,0.13232564229318267,0.08030455209739285,0.10138060588980125,0.0685006693263972,0.05202109019578982,0.032879936563404044,0.0344617712851122,1.5095303652677716,0.9540988561318807,0.1311633014434494,0.34003360506329117,0.192,0.15,0.33,True,999,0.00012662506196647882,0.0031084580114111304,weak_5x5_mild_strong_300_800,weak_null,True,1838,1739603722,-5.551115123125783e-17,3,5
300,800,0.13589437706876184,0.09307777890364938,0.10320532948122718,0.08080258002132723,0.04281659816511246,0.02240274945989995,0.03430195090223849,1.2482263264600009,0.6531042366583873,0.21194818547301675,0.5136890811552197,0.298,0.25,0.519,True,999,0.00014612509403377771,0.003182208980433643,weak_5x5_mild_strong_300_800,weak_null,True,1839,1739603722,-5.551115123125783e-17,2,3
300,800,0.1298099217517279,0.12319171367025888,0.09516849765481084,0.10966473233372653,0.0066182080814690125,-0.014496234678915698,0.03577403726860581,0.18500031270658251,-0.4052166259589925,0.8532287903028125,0.6853182849658181,0.883,0.872,0.686,True,999,0.00014537503011524677,0.0030359169468283653,weak_5x5_mild_strong_300_800,weak_null,True,1840,1739603722,-5.551115123125783e-17,0,2
300,800,0.13381913051700722,0.08101792722610518,0.09550438460252053,0.07016040121078504,0.05280120329090204,0.025343983391735492,0.03511215781765695,1.5037869095117178,0.721800793997078,0.13263624283089753,0.4704169612320581,0.211,0.178,0.471,True,999,0.00013120798394083977,0.0032268749782815576,weak_5x5_mild_strong_300_800,weak_null,True,1841,1739603722,-5.551115123125783e-17,0,4
300,800,0.1266723051351426,0.09440751878694792,0.09924352188681951,0.08298017975164385,0.032264786348194685,0.016263342135175662,0.03335009853454605,0.9674570021066915,0.48765499503184706,0.33331562619849586,0.6257942345704577,0.391,0.359,0.615,True,999,0.00012758304364979267,0.0030587909277528524,weak_5x5_mild_strong_300_800,weak_null,True,1842,1739603722,-5.551115123125783e-17,3,4
300,800,0.09541447482223431,0.1253513241886649,0.06451356595613333,0.1176796835554228,-0.029936849366430596,-0.053166117599289464,0.032499017948362366,-0.9211616613768824,-1.6359299743692262,0.35696603122779114,0.1018542438277082,0.445,0.4,0.107,True,999,0.00012250000145286322,0.003012040979228914,weak_5x5_mild_strong_300_800,weak_null,True,1843,1739603722,-5.551115123125783e-17,3,7
300,800,0.11168658359613559,0.10812691135346214,0.07590690602762606,0.09668295616478417,0.0035596722426734506,-0.02077605013715811,0.03289964394278391,0.10819789566306891,-0.6314977199537459,0.9138387141754117,0.5277151395800195,0.934,0.93,0.525,True,999,0.0001241250429302454,0.003197791986167431,weak_5x5_mild_strong_300_800,weak_null,True,1844,1739603722,-5.551115123125783e-17,1,4
300,800,0.14528755888144507,0.07749193497309598,0.11708353137788663,0.0674079484529102,0.06779562390834909,0.049675582924976425,0.035477388561099464,1.9109530508873527,1.4002040437509855,0.056010614576648625,0.16145222528693104,0.082,0.068,0.143,True,999,0.00012708303984254599,0.002955750096589327,weak_5x5_mild_strong_300_800,weak_null,True,1845,1739603722,-5.551115123125783e-17,3,6
300,800,0.06978960269780865,0.09227545291980765,0.03394151247425725,0.0811527201896638,-0.022485850221999004,-0.047211207715406545,0.027855174721842263,-0.8072413993643711,-1.6948810476635248,0.41952741843494157,0.09009798848561505,0.537,0.452,0.082,True,999,0.00013241695705801249,0.003147791954688728,weak_5x5_mild_strong_300_800,weak_null,True,1846,1739603722,-5.551115123125783e-17,1,4
300,800,0.1865946779277774,0.10175778911556632,0.1594554297431614,0.09337939686713526,0.08483688881221108,0.06607603287602615,0.03661535557758325,2.31697569159072,1.8045989676658882,0.020505055975021117,0.0711374597467045,0.042,0.027,0.059,True,999,0.0001431250711902976,0.0031197499483823776,weak_5x5_mild_strong_300_800,weak_null,True,1847,1739603722,-5.551115123125783e-17,2,6
300,800,0.14386073594354598,0.1485277177768629,0.11738456507964656,0.13640463567600136,-0.00466698183331693,-0.0190200705963548,0.03665753463009283,-0.12731303074281816,-0.5188584226485564,0.8986926471905522,0.6038594734478229,0.916,0.907,0.606,True,999,0.00012370897457003593,0.0030876670498400927,weak_5x5_mild_strong_300_800,weak_null,True,1848,1739603722,-5.551115123125783e-17,3,3
300,800,0.09465843031014154,0.0950650718099999,0.06404335160914343,0.08409124945166013,-0.0004066414998583623,-0.020047897842516704,0.03036043930694841,-0.013393794989168576,-0.6603296362028748,0.9893136172802403,0.5090423157039494,0.992,0.992,0.51,True,999,0.00012383307330310345,0.0031521249329671264,weak_5x5_mild_strong_300_800,weak_null,True,1849,1739603722,-5.551115123125783e-17,3,4
300,800,0.14922992821963343,0.08844213523375533,0.11498240521092384,0.07971755872711128,0.06078779298587811,0.03526484648381256,0.035402224243048036,1.7170614074570487,0.9961195161554729,0.08596795260833191,0.319192078461096,0.113,0.1,0.302,True,999,0.00011462497059255838,0.003067915909923613,weak_5x5_mild_strong_300_800,weak_null,True,1850,1739603722,-5.551115123125783e-17,2,7
300,800,0.12760613301413615,0.14286916626572282,0.09803377605237529,0.13622645812745304,-0.015263033251586677,-0.038192682075077755,0.03489076373946801,-0.43745196767708805,-1.0946358858827343,0.6617836029863087,0.2736761873527963,0.693,0.681,0.284,True,999,0.00012083398178219795,0.003059874987229705,weak_5x5_mild_strong_300_800,weak_null,True,1851,1739603722,-5.551115123125783e-17,3,7
300,800,0.14397416655129958,0.12033859581008455,0.11013294430460974,0.11146349196656047,0.02363557074121503,-0.0013305476619507317,0.03580278548910156,0.6601601081683922,-0.03716324424968982,0.5091510889397173,0.9703548451946128,0.55,0.537,0.97,True,999,0.00012212502770125866,0.0030452499631792307,weak_5x5_mild_strong_300_800,weak_null,True,1852,1739603722,-5.551115123125783e-17,2,6
300,800,0.1488426526998312,0.10975798351112703,0.11643844069737952,0.09879979873721823,0.03908466918870418,0.017638641960161294,0.03560138983893994,1.0978411057973447,0.4954481282881988,0.27227387855725993,0.6202838288519474,0.333,0.306,0.617,True,999,0.00012262503150850534,0.0031012080144137144,weak_5x5_mild_strong_300_800,weak_null,True,1853,1739603722,-5.551115123125783e-17,2,4
300,800,0.12999078529263808,0.08926217817931104,0.09960637742932477,0.07710142044061286,0.04072860711332704,0.02250495698871191,0.03526486130063076,1.1549345612369828,0.638169445694357,0.24811722504224554,0.5233633843738288,0.315,0.294,0.498,True,999,0.00011587503831833601,0.0030511249788105488,weak_5x5_mild_strong_300_800,weak_null,True,1854,1739603722,-5.551115123125783e-17,3,3
300,800,0.15849836908805237,0.07795781895800225,0.12786405505232779,0.06802986022620416,0.08054055013005013,0.05983419482612362,0.03660301901545264,2.200379976745865,1.6346792268928285,0.027779947251994543,0.10211630941897001,0.052,0.041,0.113,True,999,0.00012908305507153273,0.0030159170273691416,weak_5x5_mild_strong_300_800,weak_null,True,1855,1739603722,-5.551115123125783e-17,2,6
300,800,0.11883484020845858,0.07738435671756583,0.09038558291473464,0.06501336746947572,0.04145048349089275,0.025372215445258917,0.032289931349632074,1.2836968602401522,0.78576244621059,0.19924804344893188,0.43200667131594317,0.246,0.217,0.408,True,999,0.0001170419855043292,0.003181625041179359,weak_5x5_mild_strong_300_800,weak_null,True,1856,1739603722,-5.551115123125783e-17,3,3
300,800,0.1671767544568863,0.10249384986143856,0.13829744127832555,0.09243316583854266,0.06468290459544773,0.04586427543978289,0.03529911430178804,1.8324228773120035,1.299303859231949,0.06688844223747481,0.1938396704725398,0.111,0.074,0.194,True,999,0.00012099999003112316,0.003070125007070601,weak_5x5_mild_strong_300_800,weak_null,True,1857,1739603722,-5.551115123125783e-17,3,5
300,800,0.12236456549951713,0.11009291048857156,0.09069672281162866,0.09932196051676101,0.01227165501094557,-0.00862523770513235,0.034271393045127996,0.358072839198175,-0.2516745582467214,0.7202888044377749,0.8012926237022908,0.767,0.755,0.822,True,999,0.00012174993753433228,0.003048666985705495,weak_5x5_mild_strong_300_800,weak_null,True,1858,1739603722,-5.551115123125783e-17,1,4
300,800,0.09648990237041588,0.1100013993034093,0.06262606971756668,0.10242242926398148,-0.013511496932993416,-0.039796359546414806,0.03178860737871427,-0.425042115624126,-1.2519063535026873,0.6708059734099523,0.21060398937410507,0.725,0.696,0.193,True,999,0.00012275006156414747,0.0031448749359697104,weak_5x5_mild_strong_300_800,weak_null,True,1859,1739603722,-5.551115123125783e-17,0,7
300,800,0.13418142973111302,0.1093376998814648,0.09652596398950664,0.09843562688246266,0.02484372984964822,-0.001909662892956021,0.035901934426559375,0.6919886141641838,-0.05319108631492846,0.4889444792645754,0.957579657653031,0.544,0.517,0.935,True,999,0.00012145901564508677,0.003062208998017013,weak_5x5_mild_strong_300_800,weak_null,True,1860,1739603722,-5.551115123125783e-17,0,4
300,800,0.1086014213311205,0.1294162230080519,0.07797283748055861,0.11925537270775521,-0.020814801676931394,-0.041282535227196604,0.033661683437994444,-0.6183529625092196,-1.226395444637816,0.5363426969379168,0.22004989944749564,0.608,0.583,0.229,True,999,0.0001295830588787794,0.0030288329580798745,weak_5x5_mild_strong_300_800,weak_null,True,1861,1739603722,-5.551115123125783e-17,2,5
300,800,0.10091678275729077,0.10528516970516283,0.06980381923568757,0.09560734762095535,-0.0043683869478720605,-0.025803528385267782,0.0319427301711562,-0.13675684340271727,-0.8078059779801782,0.8912229970270308,0.41920228325666553,0.906,0.9,0.395,True,999,0.00012166693340986967,0.0031287920428439975,weak_5x5_mild_strong_300_800,weak_null,True,1862,1739603722,-5.551115123125783e-17,2,4
300,800,0.08454325793544837,0.1095360382840479,0.05356636138083104,0.09631060370259092,-0.02499278034859953,-0.042744242321759884,0.030123723378120616,-0.829671021569406,-1.418956142480241,0.4067248098231311,0.1559118027621031,0.52,0.443,0.136,True,999,0.00012420793063938618,0.0030862080166116357,weak_5x5_mild_strong_300_800,weak_null,True,1863,1739603722,-5.551115123125783e-17,2,1
300,800,0.13288068950306942,0.10003406744289023,0.10298288418243828,0.08935947356644647,0.03284662206017919,0.013623410615991816,0.03446401512467088,0.953070091843887,0.3952937742950203,0.34055455847113414,0.6926260934766244,0.396,0.383,0.682,True,999,0.000122333993203938,0.0030885000014677644,weak_5x5_mild_strong_300_800,weak_null,True,1864,1739603722,-5.551115123125783e-17,2,5
300,800,0.09052619969234921,0.12008665619096509,0.05443963402342433,0.1120680735268138,-0.029560456498615884,-0.05762843950338947,0.03195017980058226,-0.9252046994138409,-1.8036968762954895,0.35485943948617393,0.07127883951673164,0.438,0.377,0.062,True,999,0.00012387498281896114,0.0031279579270631075,weak_5x5_mild_strong_300_800,weak_null,True,1865,1739603722,-5.551115123125783e-17,0,8
300,800,0.17595800130659556,0.10171167463863467,0.14808900084341303,0.09078092917917502,0.07424632666796088,0.057308071664238014,0.03675848946737468,2.0198416132920496,1.5590431623993226,0.04339981916600876,0.11898616468138241,0.076,0.057,0.126,True,999,0.0001252919901162386,0.0031395000405609608,weak_5x5_mild_strong_300_800,weak_null,True,1866,1739603722,-5.551115123125783e-17,3,4
300,800,0.12909806861320483,0.14160482603775404,0.09642874800590562,0.13265917012085993,-0.012506757424549209,-0.03623042211495431,0.034962307454029035,-0.3577211670309231,-1.0362709086805177,0.7205519909384842,0.3000757740345311,0.764,0.736,0.294,True,999,0.00012295797932893038,0.0031632919562980533,weak_5x5_mild_strong_300_800,weak_null,True,1867,1739603722,-5.551115123125783e-17,2,6
300,800,0.11964277011912672,0.08014944417784703,0.08360986529351067,0.07001136713796541,0.03949332594127969,0.013598498155545258,0.0329478237896995,1.198662655031757,0.41272826522146705,0.23065914475865534,0.6798057136478964,0.289,0.252,0.659,True,999,0.00012037507258355618,0.0029617500258609653,weak_5x5_mild_strong_300_800,weak_null,True,1868,1739603722,-5.551115123125783e-17,1,5
300,800,0.13446962071990054,0.09142812808933742,0.1092594786346126,0.07757011055508656,0.043041492630563116,0.03168936807952605,0.03499114096223108,1.2300682814836321,0.9056397478930761,0.21867153650083115,0.3651265631951316,0.267,0.248,0.351,True,999,0.0001241669524461031,0.003172165947034955,weak_5x5_mild_strong_300_800,weak_null,True,1869,1739603722,-5.551115123125783e-17,4,2
300,800,0.1282891244382307,0.12279243971633652,0.0981948738105416,0.11035235420149547,0.005496684721894185,-0.012157480390953879,0.034810572286631876,0.15790273933545898,-0.3492467831568128,0.8745334394691104,0.726904046811456,0.893,0.885,0.717,True,999,0.00011783302761614323,0.0030940419528633356,weak_5x5_mild_strong_300_800,weak_null,True,1870,1739603722,-5.551115123125783e-17,2,4
300,800,0.11444398039370207,0.11202476226651692,0.08665764409880694,0.10315796927636711,0.002419218127185152,-0.01650032517756017,0.0329254264662744,0.07347568085908206,-0.5011423373501782,0.9414275956192129,0.6162709525492948,0.956,0.95,0.591,True,999,0.00012745801359415054,0.0029785410733893514,weak_5x5_mild_strong_300_800,weak_null,True,1871,1739603722,-5.551115123125783e-17,3,6
300,800,0.1926606361069526,0.11564794824874824,0.16201118449350815,0.10683779389142956,0.07701268785820437,0.0551733906020786,0.036738010991397195,2.0962672115329855,1.5018066877653868,0.036058493642453754,0.1331470406499483,0.063,0.044,0.133,True,999,0.0001230830093845725,0.0031690000323578715,weak_5x5_mild_strong_300_800,weak_null,True,1872,1739603722,-5.551115123125783e-17,3,6
300,800,0.13801223581956745,0.06389132284942417,0.10434073496270457,0.05342421799895192,0.07412091297014328,0.050916516963752656,0.03338530075291643,2.2201661000064026,1.5251178157891765,0.026407494571150672,0.1272297142957111,0.063,0.046,0.146,True,999,0.00012374995276331902,0.003121625049971044,weak_5x5_mild_strong_300_800,weak_null,True,1873,1739603722,-5.551115123125783e-17,2,4
300,800,0.0944230486779869,0.15717346502335378,0.06535646646591431,0.14779555259707422,-0.06275041634536688,-0.08243908613115991,0.03305871788819974,-1.8981503323141746,-2.493716979888879,0.05767628142782783,0.012641329490262585,0.128,0.074,0.022,True,999,0.00012158299796283245,0.0031404580222442746,weak_5x5_mild_strong_300_800,weak_null,True,1874,1739603722,-5.551115123125783e-17,3,6
300,800,0.1537727934365234,0.10496240097836745,0.12147914672760862,0.09585790322591947,0.04881039245815594,0.02562124350168915,0.03561653809263534,1.3704417967631946,0.7193636685028357,0.17054903236751762,0.4719168762039203,0.243,0.213,0.485,True,999,0.00013158307410776615,0.0030695830937474966,weak_5x5_mild_strong_300_800,weak_null,True,1875,1739603722,-5.551115123125783e-17,1,7
300,800,0.1112396803758805,0.08401040512769492,0.08621656469563277,0.07378035877678712,0.02722927524818558,0.012436205918845644,0.03178395506134306,0.8566987713024719,0.3912730777162174,0.39161138256941297,0.6955953966908952,0.476,0.426,0.71,True,999,0.00012000009883195162,0.0029987080488353968,weak_5x5_mild_strong_300_800,weak_null,True,1876,1739603722,-5.551115123125783e-17,3,5
300,800,0.1631626007573177,0.10450391476977439,0.13410617000897673,0.09394557257070346,0.05865868598754331,0.04016059743827327,0.03613107834083102,1.6234966870959477,1.111525016204362,0.10448327098794785,0.2663424282550052,0.149,0.127,0.27,True,999,0.00011491600889712572,0.003210499999113381,weak_5x5_mild_strong_300_800,weak_null,True,1877,1739603722,-5.551115123125783e-17,3,5
300,800,0.08894581789789524,0.10153162635180657,0.052528928871765856,0.08706055674753088,-0.012585808453911329,-0.034531627875765025,0.03161547993291055,-0.39809006476001546,-1.0922379780108564,0.690563797656142,0.27472851358119055,0.753,0.728,0.259,True,999,0.00012929097283631563,0.003173624980263412,weak_5x5_mild_strong_300_800,weak_null,True,1878,1739603722,-5.551115123125783e-17,1,2
300,800,0.12653436157927644,0.10019651852401812,0.09146454390719327,0.09192671285256893,0.026337843055258325,-0.0004621689453756517,0.032712984416046836,0.8051189313787804,-0.014127996990361479,0.42075105217565256,0.9887278643145108,0.501,0.476,0.994,True,999,0.0001213329378515482,0.003148582996800542,weak_5x5_mild_strong_300_800,weak_null,True,1879,1739603722,-5.551115123125783e-17,2,6
300,800,0.08284589620665639,0.11268478365335355,0.05277756852319726,0.10148719215129631,-0.02983888744669716,-0.04870962362809905,0.02988424808996588,-0.9984821219817155,-1.629943088461178,0.31804562943967274,0.10311352577257062,0.432,0.358,0.094,True,999,0.00012108299415558577,0.003146458067931235,weak_5x5_mild_strong_300_800,weak_null,True,1880,1739603722,-5.551115123125783e-17,2,5
300,800,0.12267010547483648,0.12364928840779238,0.09414232133730138,0.11501046288185535,-0.000979182932955902,-0.020868141544553964,0.0339157625026919,-0.028871028120868114,-0.6152933033098594,0.9769674521962733,0.5383610392845828,0.975,0.973,0.558,True,999,0.00012162502389401197,0.003033875022083521,weak_5x5_mild_strong_300_800,weak_null,True,1881,1739603722,-5.551115123125783e-17,2,7
300,800,0.10724441988111266,0.10778209310301068,0.07593406406533632,0.1013246964987502,-0.0005376732218980163,-0.025390632433413884,0.032242580976197435,-0.016675874127289773,-0.7874875913984091,0.9866951941427983,0.43099648947642955,0.988,0.988,0.436,True,999,0.00011979194823652506,0.0030494160018861294,weak_5x5_mild_strong_300_800,weak_null,True,1882,1739603722,-5.551115123125783e-17,1,7
300,800,0.12622093357299757,0.09704694120202995,0.0954931788218687,0.08946179464157922,0.029173992370967627,0.0060313841802894785,0.0336332641597238,0.8674148376565781,0.17932794603718918,0.38571475496514496,0.8576802047493772,0.444,0.406,0.852,True,999,0.00012258300557732582,0.003057750058360398,weak_5x5_mild_strong_300_800,weak_null,True,1883,1739603722,-5.551115123125783e-17,2,7
300,800,0.12330590152693,0.1307304751619235,0.08930285180724695,0.12148638237005116,-0.007424573634993492,-0.03218353056280421,0.034085786983835874,-0.2178202204489034,-0.9441920932635719,0.8275691891752481,0.34507149493348044,0.868,0.853,0.375,True,999,0.000130290980450809,0.0030791250756010413,weak_5x5_mild_strong_300_800,weak_null,True,1884,1739603722,-5.551115123125783e-17,1,7
300,800,0.0813910292231872,0.12818993093315045,0.04955139067624259,0.12195603549122325,-0.04679890170996326,-0.07240464481498066,0.031058628227964676,-1.506792295090042,-2.3312248140369802,0.13186390513726484,0.019741508356900913,0.237,0.155,0.021,True,999,0.00011887506116181612,0.0030812910990789533,weak_5x5_mild_strong_300_800,weak_null,True,1885,1739603722,-5.551115123125783e-17,3,8
300,800,0.14339769109313616,0.12066738869710902,0.11202785301060203,0.10926732040047682,0.022730302396027136,0.0027605326101252103,0.03547745148112813,0.6406971596626181,0.07781090509259515,0.5217194599246113,0.9379784717423579,0.594,0.571,0.942,True,999,0.00012375006917864084,0.0031027079094201326,weak_5x5_mild_strong_300_800,weak_null,True,1886,1739603722,-5.551115123125783e-17,2,4
300,800,0.07505075719786003,0.09292208758103637,0.04279299587454943,0.08468548082294092,-0.017871330383176343,-0.041892484948391484,0.029382574693018398,-0.6082288761244179,-1.4257594981404258,0.5430356854146763,0.1539377755900834,0.624,0.574,0.126,True,999,0.00012274994514882565,0.0032204589806497097,weak_5x5_mild_strong_300_800,weak_null,True,1887,1739603722,-5.551115123125783e-17,1,7
300,800,0.12307388694242272,0.08895077999689693,0.08712042307433876,0.07665624250694236,0.03412310694552578,0.010464180567396397,0.033633703556847035,1.014550981215957,0.3111218647006876,0.3103199158423319,0.7557079798154263,0.377,0.351,0.721,True,999,0.0001336249988526106,0.0032256669364869595,weak_5x5_mild_strong_300_800,weak_null,True,1888,1739603722,-5.551115123125783e-17,1,3
300,800,0.15248857231947932,0.1448056895228989,0.11805720494493244,0.1366956246532709,0.007682882796580415,-0.01863841970833846,0.03940334862418087,0.19498045381517695,-0.4730161359154262,0.8454082495391675,0.6362016672024933,0.863,0.862,0.658,True,999,0.00013387505896389484,0.0031351250363513827,weak_5x5_mild_strong_300_800,weak_null,True,1889,1739603722,-5.551115123125783e-17,1,7
300,800,0.12152780815513808,0.09262300612216479,0.08540723400057004,0.08187244632631518,0.028904802032973298,0.003534787674254858,0.03350786918596157,0.8626272793581047,0.10549126996519939,0.3883424268066288,0.9159859968968105,0.473,0.445,0.915,True,999,0.00013333302922546864,0.0032024160027503967,weak_5x5_mild_strong_300_800,weak_null,True,1890,1739603722,-5.551115123125783e-17,1,5
300,800,0.1744579334825822,0.08467025465001693,0.14997742239438594,0.07400050529281543,0.08978767883256528,0.0759769171015705,0.03550095620214402,2.5291622659770137,2.1401372027546124,0.011433515356047306,0.03234368031660049,0.019,0.017,0.037,True,999,0.00012754194904118776,0.00307104189414531,weak_5x5_mild_strong_300_800,weak_null,True,1891,1739603722,-5.551115123125783e-17,5,5
300,800,0.13665197792930805,0.1312116604788542,0.10757459602285735,0.1200061277706368,0.005440317450453869,-0.012431531747779445,0.03588069388454784,0.15162241477154828,-0.346468543439544,0.8794847533752886,0.7289906206718968,0.894,0.883,0.737,True,999,0.00012491701636463404,0.0031540419440716505,weak_5x5_mild_strong_300_800,weak_null,True,1892,1739603722,-5.551115123125783e-17,4,3
300,800,0.14904771572962616,0.11881731093283421,0.11841496180977629,0.1061036696236215,0.030230404796791954,0.012311292186154787,0.0362872408227996,0.8330863441619932,0.3392733067326379,0.4047960346192283,0.7344038495327596,0.478,0.445,0.739,True,999,0.0001218749675899744,0.00302791700232774,weak_5x5_mild_strong_300_800,weak_null,True,1893,1739603722,-5.551115123125783e-17,2,3
300,800,0.11739444513444075,0.11447991753703463,0.08278568557517474,0.10759785323574533,0.0029145275974061247,-0.024812167660570594,0.03446418760731438,0.08456684459283673,-0.7199405929215832,0.9326057587947097,0.47156157342869254,0.951,0.947,0.467,True,999,0.00012262491509318352,0.003008000086992979,weak_5x5_mild_strong_300_800,weak_null,True,1894,1739603722,-5.551115123125783e-17,2,8
300,800,0.11055437332236573,0.1434493059655017,0.07110064257551585,0.13098152144681308,-0.03289493264313598,-0.05988087887129723,0.03506753953492954,-0.938045071863981,-1.7075871208942959,0.3482212478589657,0.08771297978898926,0.448,0.406,0.105,True,999,0.00012345798313617706,0.0031998329795897007,weak_5x5_mild_strong_300_800,weak_null,True,1895,1739603722,-5.551115123125783e-17,0,4
300,800,0.0982696069416924,0.10293381876352303,0.06734580389638722,0.09414882973834438,-0.004664211821830633,-0.02680302584195715,0.031578794014553366,-0.14770075828991727,-0.8487666067806371,0.8825789331725342,0.396011174998232,0.899,0.889,0.391,True,999,0.00011516606900840998,0.002994458074681461,weak_5x5_mild_strong_300_800,weak_null,True,1896,1739603722,-5.551115123125783e-17,1,6
300,800,0.18221354415931423,0.12977309384795305,0.14835065636054878,0.12023803751554851,0.052440450311361186,0.02811261884500027,0.03877850038480545,1.3523073298602564,0.7249537389541658,0.176277020543103,0.46848041123449347,0.206,0.187,0.46,True,999,0.00013337505515664816,0.0030352079775184393,weak_5x5_mild_strong_300_800,weak_null,True,1897,1739603722,-5.551115123125783e-17,1,5
300,800,0.1386089415928824,0.09104880476246918,0.10894244733668756,0.07784238505132635,0.04756013683041321,0.03110006228536122,0.03381091535871226,1.4066503768333534,0.9198231386346505,0.15953108710463582,0.35766518965182037,0.21,0.165,0.316,True,999,0.00012750003952533007,0.003089332953095436,weak_5x5_mild_strong_300_800,weak_null,True,1898,1739603722,-5.551115123125783e-17,2,3
300,800,0.18277991197129984,0.10445121490783454,0.14657686269362102,0.09134996131393791,0.07832869706346529,0.05522690137968311,0.0380831593996966,2.0567804325627805,1.4501659591857048,0.03970735112644089,0.14701224522089965,0.069,0.053,0.144,True,999,0.000124832964502275,0.0030647090170532465,weak_5x5_mild_strong_300_800,weak_null,True,1899,1739603722,-5.551115123125783e-17,1,3
300,800,0.12743983295266803,0.10393274980083961,0.09179025851915412,0.09462483908032482,0.023507083151828423,-0.0028345805611706965,0.034443648487645,0.6824794754324721,-0.08229617609143426,0.4949358166142749,0.9344111951446878,0.576,0.545,0.924,True,999,0.00012841704301536083,0.003164874971844256,weak_5x5_mild_strong_300_800,weak_null,True,1900,1739603722,-5.551115123125783e-17,1,7
300,800,0.17321295741569886,0.1110572332373233,0.14810790059510737,0.1013643741654846,0.06215572417837556,0.04674352642962276,0.03752694194909286,1.6562960089498593,1.2455991349636921,0.0976618883403668,0.21291160003604448,0.13,0.118,0.213,True,999,0.0001580830430611968,0.0030822500120848417,weak_5x5_mild_strong_300_800,weak_null,True,1901,1739603722,-5.551115123125783e-17,4,7
300,800,0.13845966779096097,0.15191040865427974,0.112611731512402,0.13973546215686383,-0.013450740863318766,-0.02712373064446183,0.03554972862909328,-0.3783640939613506,-0.7629799632918784,0.7051601378785868,0.4454753454600824,0.73,0.707,0.41,True,999,0.00012000009883195162,0.003090041922405362,weak_5x5_mild_strong_300_800,weak_null,True,1902,1739603722,-5.551115123125783e-17,4,3
300,800,0.10606666566004364,0.10148546204633474,0.07194679050144259,0.0903918677174147,0.004581203613708895,-0.018445077215972105,0.032007648863301985,0.14312840137912858,-0.5762709187028137,0.886188774804142,0.5644320762929784,0.906,0.9,0.53,True,999,0.00011645792983472347,0.0030335410265251994,weak_5x5_mild_strong_300_800,weak_null,True,1903,1739603722,-5.551115123125783e-17,0,3
300,800,0.11009467714497201,0.11301296109391706,0.07548730086995192,0.10097986214691446,-0.002918283948945055,-0.025492561276962533,0.03315535499486296,-0.08801847995285254,-0.7688821694387622,0.9298619882682275,0.4419632633604572,0.936,0.928,0.447,True,999,0.00012562505435198545,0.0031061250483617187,weak_5x5_mild_strong_300_800,weak_null,True,1904,1739603722,-5.551115123125783e-17,1,4
300,800,0.14461104768398103,0.11231052006192566,0.1170171712212209,0.10117932215842984,0.032300527622055375,0.015837849062791065,0.0356594444103123,0.9058056892415978,0.44414177855813536,0.3650387092053494,0.656940082603731,0.447,0.431,0.658,True,999,0.00012458302080631256,0.0032164999283850193,weak_5x5_mild_strong_300_800,weak_null,True,1905,1739603722,-5.551115123125783e-17,4,3
300,800,0.1278286326369673,0.10507148506262759,0.09683170706068722,0.09267485545319687,0.02275714757433972,0.004156851607490353,0.0348862286266134,0.652324669940939,0.11915451371889613,0.5141917486105908,0.9051529426271684,0.56,0.539,0.906,True,999,0.00012433400843292475,0.003046334022656083,weak_5x5_mild_strong_300_800,weak_null,True,1906,1739603722,-5.551115123125783e-17,2,3
300,800,0.11117487316598718,0.14249534693851884,0.07507141373878312,0.13351513275085836,-0.031320473772531665,-0.058443719012075235,0.034997490262823484,-0.8949348521085875,-1.6699402892371913,0.3708219147082872,0.09493117802556468,0.459,0.42,0.106,True,999,0.00011529098264873028,0.003092500031925738,weak_5x5_mild_strong_300_800,weak_null,True,1907,1739603722,-5.551115123125783e-17,1,6
300,800,0.18536244439723415,0.07689471368272177,0.15468824170119433,0.06722429955738107,0.10846773071451238,0.08746394214381326,0.03735544329685774,2.903666002636795,2.3413975159858573,0.0036882138772543946,0.019211699617140632,0.012,0.007,0.02,True,999,0.00011979101691395044,0.003160916967317462,weak_5x5_mild_strong_300_800,weak_null,True,1908,1739603722,-5.551115123125783e-17,3,5
300,800,0.12530257976589998,0.09664606118574959,0.08898629288904658,0.08673084198937886,0.028656518580150392,0.0022554508996677214,0.03408270172347845,0.8407936322844342,0.06617582485000054,0.4004635550597263,0.9472378435504812,0.477,0.436,0.945,True,999,0.00011841696687042713,0.0030190000543370843,weak_5x5_mild_strong_300_800,weak_null,True,1909,1739603722,-5.551115123125783e-17,0,4
300,800,0.11696629204613107,0.10841536659329998,0.0858133644973691,0.0977640464023466,0.008550925452831093,-0.0119506819049775,0.03215068502082321,0.2659640205890751,-0.37170846895602183,0.7902669187158713,0.7101099188015875,0.8,0.782,0.712,True,999,0.00012029206845909357,0.0030756249325349927,weak_5x5_mild_strong_300_800,weak_null,True,1910,1739603722,-5.551115123125783e-17,2,5
300,800,0.13244291425411636,0.10468474665401295,0.09831719308823494,0.09345945173845394,0.02775816760010341,0.0048577413497810085,0.033505855203319716,0.8284572183477105,0.1449818642235316,0.40741161374426094,0.8847251907432337,0.509,0.477,0.885,True,999,0.00012079195585101843,0.0030728329438716173,weak_5x5_mild_strong_300_800,weak_null,True,1911,1739603722,-5.551115123125783e-17,1,4
300,800,0.21933245734227658,0.10995629991819844,0.19594884331286266,0.09675492035523803,0.10937615742407814,0.09919392295762464,0.036634802642474415,2.985580637392798,2.7076417996754576,0.002830405025669482,0.0067763115888188966,0.015,0.004,0.007,True,999,0.00011683302000164986,0.003041250049136579,weak_5x5_mild_strong_300_800,weak_null,True,1912,1739603722,-5.551115123125783e-17,5,3
300,800,0.11667994281109029,0.08666794360570362,0.08093454784847154,0.07408779697578893,0.030011999205386664,0.006846750872682605,0.03333009961542874,0.9004473299411891,0.20542245452855462,0.3678822428169175,0.8372420781689858,0.425,0.403,0.842,True,999,0.00012149999383836985,0.0031927500385791063,weak_5x5_mild_strong_300_800,weak_null,True,1913,1739603722,-5.551115123125783e-17,2,3
300,800,0.1272121388838039,0.1030231502639824,0.0953534313050568,0.09451177684138656,0.024188988619821494,0.0008416544636702383,0.03428618406684867,0.7055025013183033,0.024547918836031524,0.48049757588046593,0.9804155615121206,0.541,0.513,0.977,True,999,0.00012758304364979267,0.0030130830127745867,weak_5x5_mild_strong_300_800,weak_null,True,1914,1739603722,-5.551115123125783e-17,1,6
300,800,0.0976112679779979,0.1101152273483954,0.058064935556672026,0.10236439816787879,-0.0125039593703975,-0.044299462611206764,0.03295286558232862,-0.37944983385915004,-1.3443280828045163,0.7043538504188993,0.1788423182879737,0.735,0.714,0.165,True,999,0.00012316694483160973,0.0030794170452281833,weak_5x5_mild_strong_300_800,weak_null,True,1915,1739603722,-5.551115123125783e-17,0,6
300,800,0.11509138479207204,0.13283435481236305,0.08192647840871814,0.12288646673084713,-0.017742970020291016,-0.04095998832212899,0.03445815686550332,-0.5149134960858519,-1.1886877316742026,0.6066134694908837,0.2345625700769135,0.687,0.651,0.251,True,999,0.00012250000145286322,0.00318237510509789,weak_5x5_mild_strong_300_800,weak_null,True,1916,1739603722,-5.551115123125783e-17,1,6
300,800,0.11642398187030634,0.10902147127236717,0.08304203136424348,0.098859106816235,0.007402510597939171,-0.015817075451991514,0.03364658872063518,0.2200077594611923,-0.4700944747569916,0.8258651115820193,0.6382875215121573,0.865,0.857,0.63,True,999,0.0001176249934360385,0.0029922500252723694,weak_5x5_mild_strong_300_800,weak_null,True,1917,1739603722,-5.551115123125783e-17,1,5
300,800,0.13940400560500665,0.10271316981166867,0.11241990499388521,0.09184626264141116,0.036690835793337984,0.020573642352474053,0.036664936652844454,1.0007063735235315,0.5611258120332238,0.31696878517093674,0.5747117729691622,0.37,0.359,0.568,True,999,0.00011491694021970034,0.0029642910230904818,weak_5x5_mild_strong_300_800,weak_null,True,1918,1739603722,-5.551115123125783e-17,5,4
300,800,0.13730952047565248,0.1125236326164224,0.09826580982655742,0.101569029454879,0.024785887859230082,-0.0033032196283215853,0.035666721885180386,0.6949303594264065,-0.09261349105632502,0.4870989456418362,0.9262106255024956,0.551,0.527,0.924,True,999,0.00012049998622387648,0.003111041965894401,weak_5x5_mild_strong_300_800,weak_null,True,1919,1739603722,-5.551115123125783e-17,0,4
300,800,0.13465988569122977,0.10247112539731812,0.10465162745509815,0.09167061437403845,0.032188760293911656,0.0129810130810597,0.03474977029899263,0.9263013832020865,0.3735568025160733,0.3542893772958,0.7087340774459987,0.411,0.378,0.675,True,999,0.00013266701716929674,0.002892708987928927,weak_5x5_mild_strong_300_800,weak_null,True,1920,1739603722,-5.551115123125783e-17,1,4
300,800,0.15293426778483765,0.10981769286789633,0.11517506207763972,0.10312953128294566,0.04311657491694132,0.01204553079469406,0.03780805691164326,1.140407057091137,0.31859692823792146,0.2541167541458874,0.7500321830687248,0.3,0.283,0.727,True,999,0.00012162502389401197,0.0031702499836683273,weak_5x5_mild_strong_300_800,weak_null,True,1921,1739603722,-5.551115123125783e-17,0,9
300,800,0.17293893695902263,0.1404067852735077,0.14100211442405453,0.12962466476488999,0.03253215168551493,0.01137744965916454,0.03808535160544724,0.8541906616102226,0.2987355815178363,0.3929993565339258,0.7651418059172425,0.446,0.43,0.759,True,999,0.00011437491048127413,0.0030789999291300774,weak_5x5_mild_strong_300_800,weak_null,True,1922,1739603722,-5.551115123125783e-17,2,5
300,800,0.16183101965331947,0.10620932023854024,0.12604137182802333,0.0953064442392133,0.055621699414779235,0.030734927588810024,0.03700432867348315,1.5031133223783375,0.830576548489969,0.13280982392773016,0.40621288750330875,0.181,0.16,0.369,True,999,0.00011975003872066736,0.003010333050042391,weak_5x5_mild_strong_300_800,weak_null,True,1923,1739603722,-5.551115123125783e-17,1,4
300,800,0.1388694426935102,0.11227346146818257,0.10455676991409746,0.10253275728945255,0.026595981225327636,0.002024012624644911,0.03554881768828416,0.7481537489808806,0.0569361446108506,0.4543674249113139,0.9545960617646,0.515,0.491,0.954,True,999,0.00012250000145286322,0.0030554579570889473,weak_5x5_mild_strong_300_800,weak_null,True,1924,1739603722,-5.551115123125783e-17,1,5
300,800,0.14081214395169894,0.1258315582334546,0.10781302307890428,0.1147874129541151,0.014980585718244344,-0.006974389875210818,0.036260113825145865,0.41314226950538485,-0.1923432978959426,0.6795023818662693,0.8474733047044903,0.725,0.708,0.847,True,999,0.00012733309995383024,0.003047000034712255,weak_5x5_mild_strong_300_800,weak_null,True,1925,1739603722,-5.551115123125783e-17,1,3
300,800,0.11001965166028249,0.10933508000255249,0.07533061816178588,0.10048634189388395,0.0006845716577300043,-0.025155723732098068,0.03378608441246879,0.02026194125879122,-0.7445587190569595,0.9838344160253002,0.4565385313337257,0.988,0.986,0.455,True,999,0.00012241594959050417,0.0032220000866800547,weak_5x5_mild_strong_300_800,weak_null,True,1926,1739603722,-5.551115123125783e-17,1,7
300,800,0.10540767548704266,0.1150797418921331,0.06871057797445701,0.10408113620815129,-0.00967206640509044,-0.03537055823369428,0.033069520654363485,-0.2924767645162169,-1.069581824405041,0.769922122824507,0.2848075799687174,0.817,0.795,0.29,True,999,0.00013533292803913355,0.0029683340108022094,weak_5x5_mild_strong_300_800,weak_null,True,1927,1739603722,-5.551115123125783e-17,0,4
300,800,0.15146129521850882,0.11295624231647083,0.11644075316775115,0.10220676340173895,0.038505052902037984,0.0142339897660122,0.036136037834456264,1.0655582407355912,0.3939001235060661,0.28662338483142813,0.6936547791826415,0.362,0.337,0.689,True,999,0.00011941709090024233,0.0031267080921679735,weak_5x5_mild_strong_300_800,weak_null,True,1928,1739603722,-5.551115123125783e-17,0,5
300,800,0.18108778047650287,0.08220906791533777,0.15040780360840245,0.07158672669316957,0.0988787125611651,0.07882107691523288,0.03663994032394298,2.698659214151371,2.151233768896887,0.0069619427238527135,0.03145775290554319,0.015,0.009,0.023,True,999,0.00012212491128593683,0.003184083034284413,weak_5x5_mild_strong_300_800,weak_null,True,1929,1739603722,-5.551115123125783e-17,3,5
300,800,0.16979802061999405,0.09624998868494178,0.13719362543196212,0.08411518104554716,0.07354803193505227,0.05307844438641496,0.0383648785507776,1.9170667212645602,1.3835165492877373,0.05522945577408816,0.1665065364976298,0.081,0.068,0.161,True,999,0.00013737508561462164,0.00303816597443074,weak_5x5_mild_strong_300_800,weak_null,True,1930,1739603722,-5.551115123125783e-17,2,3
300,800,0.17160617317768412,0.07095225255780807,0.13562521713890874,0.06066522981166145,0.10065392061987605,0.07495998732724729,0.03528750190433552,2.8523957545294363,2.124264492580516,0.0043391041864058255,0.03364803306569397,0.016,0.01,0.034,True,999,0.00012337497901171446,0.0030751670710742474,weak_5x5_mild_strong_300_800,weak_null,True,1931,1739603722,-5.551115123125783e-17,1,5
300,800,0.11945948072919688,0.12481892190957439,0.09046202007664306,0.11674608365376571,-0.005359441180377511,-0.02628406357712265,0.03348705632109046,-0.16004515682084858,-0.7849021820579882,0.8728455026595678,0.43251092259329305,0.884,0.872,0.407,True,999,0.00011912500485777855,0.0030165830394253135,weak_5x5_mild_strong_300_800,weak_null,True,1932,1739603722,-5.551115123125783e-17,3,7
300,800,0.06914895295027579,0.13914847034624395,0.03601412494168699,0.12925388779439118,-0.06999951739596816,-0.09323976285270419,0.030163523491543425,-2.32066778987518,-3.091142945513135,0.020304780415287424,0.0019938762119179653,0.077,0.032,0.001,True,999,0.0001165829598903656,0.003050500061362982,weak_5x5_mild_strong_300_800,weak_null,True,1933,1739603722,-5.551115123125783e-17,1,6
300,800,0.10505023585371043,0.080200715999871,0.07512182317105953,0.06970039229616987,0.02484951985383943,0.005421430874889666,0.030880658307919844,0.8046952757955412,0.17556072868755043,0.42099554641396997,0.8606390570403116,0.511,0.474,0.854,True,999,0.00012183305807411671,0.0031635829946026206,weak_5x5_mild_strong_300_800,weak_null,True,1934,1739603722,-5.551115123125783e-17,2,5
300,800,0.1066934545509125,0.11208484522164874,0.07994294489964204,0.10097573958626072,-0.00539139067073624,-0.021032794686618672,0.032651062553380385,-0.16512144625988798,-0.6441687663987258,0.8688483930337229,0.5194660021628468,0.885,0.879,0.47,True,999,0.00011795898899435997,0.002978542004711926,weak_5x5_mild_strong_300_800,weak_null,True,1935,1739603722,-5.551115123125783e-17,4,3
300,800,0.12842677671337654,0.11118757349178787,0.09928186158282415,0.09967650386226978,0.017239203221588673,-0.0003946422794456339,0.03438784849703999,0.5013167143350818,-0.011476213159413088,0.616148243921786,0.9908435076943621,0.669,0.65,0.99,True,999,0.0001235000090673566,0.0031449999660253525,weak_5x5_mild_strong_300_800,weak_null,True,1936,1739603722,-5.551115123125783e-17,3,4
300,800,0.14178404412282064,0.09566855505776906,0.10874329164050778,0.08432154639700684,0.046115489065051585,0.024421745243500936,0.035374752670793215,1.3036271799329453,0.6903721835393775,0.19236072882919164,0.48996016483056704,0.233,0.189,0.473,True,999,0.00011941604316234589,0.0030026669846847653,weak_5x5_mild_strong_300_800,weak_null,True,1937,1739603722,-5.551115123125783e-17,1,4
300,800,0.15247143793638385,0.08107348925031965,0.12064003468015017,0.07197469757187491,0.0713979486860642,0.04866533710827525,0.035573049433448876,2.007079792797567,1.3680395097788796,0.044741167476655734,0.1712997092782812,0.075,0.057,0.174,True,999,0.00011795805767178535,0.0030477080726996064,weak_5x5_mild_strong_300_800,weak_null,True,1938,1739603722,-5.551115123125783e-17,1,6
300,800,0.11047614635169378,0.12447686726445717,0.0713448537847512,0.11316577495392721,-0.014000720912763387,-0.04182092116917602,0.034351018419834546,-0.40757804445993545,-1.217457970475434,0.6835834859692838,0.22343001827958753,0.704,0.682,0.203,True,999,0.00012479093857109547,0.0031670830212533474,weak_5x5_mild_strong_300_800,weak_null,True,1939,1739603722,-5.551115123125783e-17,1,4
300,800,0.1429996258177303,0.128353862523221,0.11620829268235866,0.12044844313055592,0.014645763294509284,-0.004240150448197255,0.03608559834615422,0.40586172782888436,-0.11750256729909937,0.6848442003296791,0.9064618097280044,0.727,0.715,0.901,True,999,0.00011516595259308815,0.0030081250006332994,weak_5x5_mild_strong_300_800,weak_null,True,1940,1739603722,-5.551115123125783e-17,3,6
300,800,0.10805618943364637,0.14987234721683584,0.0768632160545053,0.1385907958974144,-0.04181615778318948,-0.06172757984290911,0.033717188416306214,-1.2402029868826923,-1.830745170112007,0.21490032391350244,0.06713858762124299,0.313,0.253,0.068,True,999,0.00012370804324746132,0.0031527909450232983,weak_5x5_mild_strong_300_800,weak_null,True,1941,1739603722,-5.551115123125783e-17,3,4
300,800,0.16169694574685223,0.09401730443438477,0.13765812981603176,0.08561375219255751,0.06767964131246745,0.05204437762347425,0.034881027406701695,1.9402995365745492,1.4920540331754952,0.052343297675125355,0.13568498089843714,0.08,0.058,0.105,True,999,0.00012741691898554564,0.003067959100008011,weak_5x5_mild_strong_300_800,weak_null,True,1942,1739603722,-5.551115123125783e-17,4,6
300,800,0.13959222675375038,0.11848961327284074,0.11059658205181222,0.10708402690829644,0.021102613480909638,0.003512555143515783,0.03480857630306906,0.6062475321361831,0.10091062366161993,0.5443503937229169,0.9196214096970187,0.614,0.594,0.937,True,999,0.00011687504593282938,0.003047417034395039,weak_5x5_mild_strong_300_800,weak_null,True,1943,1739603722,-5.551115123125783e-17,3,4
300,800,0.15620972991483284,0.146167202672708,0.12879549074636998,0.133375196254633,0.010042527242124843,-0.004579705508263032,0.03781481164495539,0.2655712617694487,-0.12110877481718142,0.7905694207962702,0.9036048790393948,0.832,0.82,0.905,True,999,0.00012025004252791405,0.0031230829190462828,weak_5x5_mild_strong_300_800,weak_null,True,1944,1739603722,-5.551115123125783e-17,3,2
300,800,0.15874317265490734,0.11551268691798755,0.12685182311105336,0.10082502557384032,0.04323048573691979,0.026026797537213042,0.03699893202994034,1.168425231894173,0.7034472648062272,0.24263528209398466,0.4817770601222555,0.297,0.284,0.495,True,999,0.00014579202979803085,0.0030250829877331853,weak_5x5_mild_strong_300_800,weak_null,True,1945,1739603722,-5.551115123125783e-17,3,1
300,800,0.19367154207427917,0.10505904178783482,0.16189462898734064,0.0929612938401192,0.08861250028644435,0.06893333514722144,0.03773107355141241,2.3485284659526275,1.8269645853912104,0.018847758457754347,0.0677050943320388,0.045,0.032,0.066,True,999,0.00011745805386453867,0.0030477920081466436,weak_5x5_mild_strong_300_800,weak_null,True,1946,1739603722,-5.551115123125783e-17,1,3
300,800,0.09340155845310927,0.12509188925759784,0.05595611562404201,0.11344850154114283,-0.031690330804488576,-0.05749238591710082,0.032761977147529535,-0.9672899368003567,-1.7548509254557036,0.3333991129307816,0.07928481018037127,0.42,0.366,0.075,True,999,0.00011933303903788328,0.0030967919155955315,weak_5x5_mild_strong_300_800,weak_null,True,1947,1739603722,-5.551115123125783e-17,1,3
300,800,0.13089450067156183,0.12293409070598027,0.09940022198941278,0.11156010835935604,0.00796040996558156,-0.012159886369943251,0.034448198721897846,0.23108348944008297,-0.352990484875876,0.8172499415392187,0.7240955739380656,0.875,0.862,0.722,True,999,0.00011416699271649122,0.002988416003063321,weak_5x5_mild_strong_300_800,weak_null,True,1948,1739603722,-5.551115123125783e-17,1,4
300,800,0.13229344031999513,0.11764980520792545,0.10022509621853715,0.11024301187660512,0.014643635112069675,-0.010017915658067977,0.03419231124316458,0.42827274845297564,-0.2929873791456747,0.6684525570332247,0.7695317985915119,0.712,0.685,0.748,True,999,0.00012858398258686066,0.0031781670404598117,weak_5x5_mild_strong_300_800,weak_null,True,1949,1739603722,-5.551115123125783e-17,1,8
300,800,0.1656852915710143,0.12426163442787547,0.1395497966793755,0.11022667899675298,0.04142365714313884,0.029323117682622524,0.036300113841160546,1.1411440009361273,0.8077968518482486,0.2538100032679589,0.4192075377260369,0.351,0.301,0.414,True,999,0.00011954200454056263,0.003067833953537047,weak_5x5_mild_strong_300_800,weak_null,True,1950,1739603722,-5.551115123125783e-17,3,0
300,800,0.15798682707381317,0.10662987923267975,0.1271324958370883,0.09649392233052367,0.05135694784113343,0.030638573506564626,0.033753146128201,1.5215455070786517,0.9077249685168125,0.12812300050936434,0.36402354875687437,0.212,0.159,0.35,True,999,0.00012683297973126173,0.00303312495816499,weak_5x5_mild_strong_300_800,weak_null,True,1951,1739603722,-5.551115123125783e-17,2,5
300,800,0.1120185117382615,0.06646723000211774,0.07536819840231601,0.05496329991967741,0.045551281736143756,0.0204048984826386,0.03227986753647584,1.4111359560156618,0.6321246039681335,0.1582045297639354,0.5273054591143493,0.215,0.175,0.494,True,999,0.00012108299415558577,0.0031456659780815244,weak_5x5_mild_strong_300_800,weak_null,True,1952,1739603722,-5.551115123125783e-17,1,4
300,800,0.1032995234765891,0.1164915615545083,0.07616775370541973,0.10813316010734297,-0.013192038077919188,-0.031965406401923246,0.031156725932021845,-0.4234089970397323,-1.0259552454794445,0.6719968817462503,0.30491268012078365,0.709,0.674,0.308,True,999,0.00012858305126428604,0.0029397080652415752,weak_5x5_mild_strong_300_800,weak_null,True,1953,1739603722,-5.551115123125783e-17,4,8
300,800,0.11059900319316873,0.1252975332217578,0.08082005210275156,0.11560345932343807,-0.014698530028589063,-0.03478340722068651,0.034124075271327964,-0.4307378269364912,-1.0193216063473092,0.6666590109882089,0.30805030968368663,0.711,0.685,0.297,True,999,0.00011566700413823128,0.0030847910093143582,weak_5x5_mild_strong_300_800,weak_null,True,1954,1739603722,-5.551115123125783e-17,2,5
300,800,0.11882505960583156,0.12235428402638959,0.08450164308578678,0.11422828551360453,-0.0035292244205580303,-0.02972664242781775,0.035034831350501304,-0.10073473410647749,-0.848488241042793,0.9197610377761835,0.39616611845370187,0.931,0.927,0.37,True,999,0.0001212080242112279,0.003088749945163727,weak_5x5_mild_strong_300_800,weak_null,True,1955,1739603722,-5.551115123125783e-17,0,7
300,800,0.0898868288595609,0.11169697961864827,0.05546211710128546,0.10270358954221592,-0.021810150759087377,-0.047241472440930465,0.03071463413416438,-0.7100898765005179,-1.5380770037688003,0.47764840369157624,0.12402978797527431,0.55,0.501,0.116,True,999,0.0001241250429302454,0.0030591669492423534,weak_5x5_mild_strong_300_800,weak_null,True,1956,1739603722,-5.551115123125783e-17,1,6
300,800,0.10829544461175078,0.08522649998964793,0.08381522325237256,0.07559916174835735,0.02306894462210285,0.008216061504015215,0.03154379064803978,0.7313307674243147,0.26046525592591663,0.46457714182263643,0.7945049123688764,0.534,0.491,0.812,True,999,0.00012362503912299871,0.003086457960307598,weak_5x5_mild_strong_300_800,weak_null,True,1957,1739603722,-5.551115123125783e-17,4,5
300,800,0.1396181077051879,0.08321039992815116,0.10557570547405248,0.0711748652836377,0.05640770777703674,0.03440084019041478,0.03519181916617135,1.6028642199679033,0.9775237826717152,0.10896463465223412,0.3283099095619979,0.184,0.142,0.309,True,999,0.00013200007379055023,0.0031126250978559256,weak_5x5_mild_strong_300_800,weak_null,True,1958,1739603722,-5.551115123125783e-17,1,4
300,800,0.14849533956592498,0.12301949146194974,0.11084842423963437,0.1133148299031177,0.02547584810397524,-0.0024664056634833287,0.036714929980563686,0.6938825191131172,-0.06717718554247565,0.4877558871282035,0.9464406473883492,0.53,0.508,0.941,True,999,0.0001222500577569008,0.0031563329976052046,weak_5x5_mild_strong_300_800,weak_null,True,1959,1739603722,-5.551115123125783e-17,1,5
300,800,0.11801545054061702,0.13421651584882965,0.08677162743191502,0.12443238636853948,-0.016201065308212637,-0.03766075893662446,0.03399845933215282,-0.47652351390202735,-1.1077195754281768,0.6337014595161524,0.2679829425597443,0.709,0.689,0.283,True,999,0.00012329209130257368,0.003155625076033175,weak_5x5_mild_strong_300_800,weak_null,True,1960,1739603722,-5.551115123125783e-17,1,5
300,800,0.14899047930227138,0.14176992039537833,0.12258888878744756,0.12963071617986088,0.007220558906893049,-0.0070418273924133246,0.03618960646059035,0.19952023835230348,-0.1945814857114214,0.8418558136836937,0.8457205982732705,0.864,0.856,0.841,True,999,0.00011604197788983583,0.0029941670363768935,weak_5x5_mild_strong_300_800,weak_null,True,1961,1739603722,-5.551115123125783e-17,3,3
300,800,0.13954820240917842,0.11951338064668893,0.10760916771397433,0.10719788435903865,0.020034821762489496,0.00041128335493567647,0.03638212062090844,0.5506776796011084,0.011304545966991162,0.5818546481150183,0.9909804694115778,0.638,0.611,0.991,True,999,0.00012049998622387648,0.0031396669801324606,weak_5x5_mild_strong_300_800,weak_null,True,1962,1739603722,-5.551115123125783e-17,1,3
300,800,0.12693126755436768,0.09959901669666338,0.09298224091406837,0.0870403455890596,0.0273322508577043,0.0059418953250087725,0.03371400420031131,0.8107091253625672,0.1762441295820301,0.4175327316582338,0.8601021529666595,0.489,0.468,0.875,True,999,0.0001199580729007721,0.0030659580370411277,weak_5x5_mild_strong_300_800,weak_null,True,1963,1739603722,-5.551115123125783e-17,2,3
300,800,0.17592696018930976,0.12266005886281456,0.14388149205825584,0.11360913148746477,0.0532669013264952,0.03027236057079108,0.03717258974303348,1.4329618058552929,0.8143731921842875,0.15186875271314063,0.4154311913122233,0.21,0.19,0.426,True,999,0.00011966691818088293,0.0029791250126436353,weak_5x5_mild_strong_300_800,weak_null,True,1964,1739603722,-5.551115123125783e-17,1,5
300,800,0.11416950789227509,0.09592429448216128,0.08111148493605924,0.08766509200370365,0.018245213410113814,-0.006553607067644407,0.03270882162135355,0.5578071145859517,-0.2003620657298753,0.576976103946568,0.8411974250634016,0.648,0.625,0.846,True,999,0.00011912500485777855,0.003122707945294678,weak_5x5_mild_strong_300_800,weak_null,True,1965,1739603722,-5.551115123125783e-17,1,7
300,800,0.15875377426852122,0.08721200957703112,0.1216752272038093,0.07336708785749124,0.0715417646914901,0.04830813934631806,0.03830014818276358,1.8679239659883722,1.261304241325584,0.06177266980962548,0.20719925370672065,0.086,0.065,0.212,True,999,0.00011958298273384571,0.0031311659840866923,weak_5x5_mild_strong_300_800,weak_null,True,1966,1739603722,-5.551115123125783e-17,1,3
300,800,0.1755742917490586,0.11001154601296453,0.14469116737444665,0.0956004813740492,0.06556274573609405,0.049090686000397454,0.03736061569293024,1.754862561017711,1.3139688704243409,0.07928281942599293,0.18885668025575642,0.136,0.107,0.194,True,999,0.00011854199692606926,0.0031132909934967756,weak_5x5_mild_strong_300_800,weak_null,True,1967,1739603722,-5.551115123125783e-17,2,2
300,800,0.11924196981938229,0.10432023057082951,0.091392081270385,0.09506939308994333,0.014921739248552779,-0.0036773118195583265,0.03391297445827659,0.4400008989748486,-0.10843377433856631,0.6599364562210139,0.9136516110250533,0.717,0.7,0.91,True,999,0.00011883291881531477,0.0030159580055624247,weak_5x5_mild_strong_300_800,weak_null,True,1968,1739603722,-5.551115123125783e-17,3,5
300,800,0.10862767843760124,0.10428897096194784,0.07545197154593097,0.09537564287865052,0.004338707475653403,-0.01992367133271955,0.03293821234065377,0.13172261538609312,-0.6048801655252216,0.8952036968905297,0.5452586229484734,0.912,0.903,0.544,True,999,0.00013037503231316805,0.003015125053934753,weak_5x5_mild_strong_300_800,weak_null,True,1969,1739603722,-5.551115123125783e-17,1,6
300,800,0.15142542553513083,0.11955942564787936,0.11938734928179429,0.10882079178429649,0.03186599988725147,0.010566557497497797,0.036334339125113004,0.8770215904443636,0.2908146329870788,0.3804749111714739,0.7711930933063849,0.446,0.418,0.79,True,999,0.00011633301619440317,0.0031867079669609666,weak_5x5_mild_strong_300_800,weak_null,True,1970,1739603722,-5.551115123125783e-17,3,5
300,800,0.16713530157774859,0.12842468290188913,0.1285531736723442,0.11704717886254912,0.038710618675859454,0.011505994809795084,0.03805177237227253,1.0173144708514816,0.3023773688444337,0.30900385475936,0.7623644048231619,0.369,0.344,0.777,True,999,0.0001319999573752284,0.003169459057971835,weak_5x5_mild_strong_300_800,weak_null,True,1971,1739603722,-5.551115123125783e-17,1,4
300,800,0.09310448271409788,0.12489960394655791,0.05820943062644801,0.11596772831268254,-0.03179512123246003,-0.05775829768623453,0.03260473169875897,-0.9751689272042144,-1.7714698044404693,0.32947647264178037,0.07648260964270125,0.407,0.336,0.069,True,999,0.00012037507258355618,0.003141125082038343,weak_5x5_mild_strong_300_800,weak_null,True,1972,1739603722,-5.551115123125783e-17,0,6
300,800,0.14207650731698762,0.11676224061463847,0.10606076028182088,0.10504408124222664,0.025314266702349153,0.0010166790395942371,0.03600266917919629,0.7031219428857429,0.028238990685215997,0.4819797585394414,0.9774715395442147,0.559,0.527,0.983,True,999,0.00012191594578325748,0.0031412920216098428,weak_5x5_mild_strong_300_800,weak_null,True,1973,1739603722,-5.551115123125783e-17,0,5
300,800,0.11936826947593782,0.09202161100855472,0.08785372882431375,0.07965758397199352,0.0273466584673831,0.00819614485232023,0.03260731292627666,0.8386664221370338,0.25135910066711914,0.4016565258561491,0.8015364857053703,0.494,0.454,0.781,True,999,0.00012025004252791405,0.0030693330336362123,weak_5x5_mild_strong_300_800,weak_null,True,1974,1739603722,-5.551115123125783e-17,2,3
300,800,0.08363179286646827,0.11885178709546163,0.049137505833812156,0.10887067611577095,-0.035219994228993357,-0.05973317028195879,0.03113954550708721,-1.1310375169405558,-1.9182415577762306,0.2580393010736003,0.05508038899612182,0.362,0.297,0.052,True,999,0.00012229091953486204,0.003115916973911226,weak_5x5_mild_strong_300_800,weak_null,True,1975,1739603722,-5.551115123125783e-17,1,4
300,800,0.10081691008941429,0.10865944437374592,0.06982840388803879,0.09724648381831003,-0.007842534284331626,-0.027418079930271233,0.0316659479742746,-0.2476645982840273,-0.8658537540876928,0.8043939250930715,0.3865703665997081,0.835,0.824,0.367,True,999,0.00014687504153698683,0.0031461670296266675,weak_5x5_mild_strong_300_800,weak_null,True,1976,1739603722,-5.551115123125783e-17,2,4
300,800,0.148291704914564,0.09961508304008637,0.11933977558226161,0.08736960087634316,0.04867662187447763,0.03197017470591845,0.035198518550554295,1.3829167782889853,0.9082818261229064,0.16669038506313116,0.3637293418975106,0.246,0.197,0.354,True,999,0.00012208404950797558,0.0029642089502885938,weak_5x5_mild_strong_300_800,weak_null,True,1977,1739603722,-5.551115123125783e-17,1,5
300,800,0.12299503657900301,0.09482686823118658,0.09551766368093695,0.08546116019988403,0.028168168347816436,0.010056503481052914,0.03224265298656519,0.8736306022818128,0.3119006207474069,0.3823194550380572,0.7551160507344348,0.449,0.402,0.746,True,999,0.00012224994134157896,0.0030679580522701144,weak_5x5_mild_strong_300_800,weak_null,True,1978,1739603722,-5.551115123125783e-17,3,5
300,800,0.17065987562089047,0.11743782655851481,0.13978130684006373,0.10751182921967484,0.053222049062375654,0.0322694776203889,0.03854537448681344,1.3807635746432605,0.8371815827455106,0.16735166666044676,0.40249050816905596,0.233,0.23,0.451,True,999,0.00012174993753433228,0.003074833075515926,weak_5x5_mild_strong_300_800,weak_null,True,1979,1739603722,-5.551115123125783e-17,3,6
300,800,0.11116949777628715,0.10853352101802022,0.07941310470459939,0.09584852614057127,0.0026359767582669336,-0.016435421435971875,0.03262702009140304,0.08079122000361573,-0.5037365162349742,0.9356079906665992,0.61444654410671,0.949,0.944,0.607,True,999,0.0001221658894792199,0.0030206249793991446,weak_5x5_mild_strong_300_800,weak_null,True,1980,1739603722,-5.551115123125783e-17,1,3
300,800,0.13306717513727806,0.09590168351624817,0.10055683418534045,0.08651919925415541,0.03716549162102989,0.014037634931185039,0.03459003159479132,1.0744567121652004,0.4058289132438628,0.2826180361504792,0.684868312736577,0.343,0.32,0.666,True,999,0.0001242910511791706,0.0030328750144690275,weak_5x5_mild_strong_300_800,weak_null,True,1981,1739603722,-5.551115123125783e-17,1,6
300,800,0.19204833178785097,0.09186494940294354,0.1555164482207374,0.0817365144665132,0.10018338238490743,0.0737799337542242,0.03916742304314982,2.5578241967703055,1.8837066118172392,0.010532932650922273,0.05960467159536741,0.025,0.019,0.066,True,999,0.00013391696847975254,0.0030935410177335143,weak_5x5_mild_strong_300_800,weak_null,True,1982,1739603722,-5.551115123125783e-17,0,5
300,800,0.1372163584906202,0.1016402217089119,0.10933204476685887,0.0939105078390412,0.03557613678170829,0.01542153692781767,0.033929497556345355,1.0485311998100895,0.45451710277193885,0.29439393537913117,0.6494566850322114,0.357,0.329,0.633,True,999,0.0001231249189004302,0.0032040829537436366,weak_5x5_mild_strong_300_800,weak_null,True,1983,1739603722,-5.551115123125783e-17,3,7
300,800,0.12316702871790475,0.09497157455806904,0.09286550514173086,0.08374752654515305,0.02819545415983571,0.009117978596577814,0.03429137939659055,0.8222315537017758,0.265897107582799,0.410945123569733,0.7903184527515661,0.471,0.456,0.787,True,999,0.00011775002349168062,0.002998500014655292,weak_5x5_mild_strong_300_800,weak_null,True,1984,1739603722,-5.551115123125783e-17,2,5
300,800,0.08713759007584776,0.10763333589847668,0.0540307435211389,0.0979613939181263,-0.02049574582262892,-0.0439306503969874,0.03120099878273086,-0.6568939015494886,-1.407988593663295,0.5112491397826742,0.15913444755352246,0.553,0.519,0.124,True,999,0.00011374999303370714,0.003072666935622692,weak_5x5_mild_strong_300_800,weak_null,True,1985,1739603722,-5.551115123125783e-17,1,5
300,800,0.14697855592086873,0.11927326514050379,0.11821361330299851,0.10994339495607619,0.027705290780364933,0.00827021834692232,0.03525820189175779,0.7857828616847736,0.23456154605705024,0.4319947087476318,0.8145490586848729,0.513,0.477,0.809,True,999,0.00012054096441715956,0.003177125006914139,weak_5x5_mild_strong_300_800,weak_null,True,1986,1739603722,-5.551115123125783e-17,3,6
300,800,0.12213441077323073,0.0878908498469983,0.08800652715518709,0.0759953353440892,0.03424356092623243,0.012011191811097888,0.03456774659247702,0.9906217298435316,0.3474681746744777,0.3218703229967004,0.7282396237631719,0.413,0.385,0.744,True,999,0.00012137496378272772,0.00311016698833555,weak_5x5_mild_strong_300_800,weak_null,True,1987,1739603722,-5.551115123125783e-17,2,4
300,800,0.08530403559231381,0.09975585206865689,0.056795199250188944,0.08852805298073463,-0.014451816476343082,-0.031732853730545685,0.03022473339811048,-0.4781453747164085,-1.0498968944596045,0.6325467386761803,0.29376551956249675,0.688,0.658,0.279,True,999,0.00012037495616823435,0.003123749978840351,weak_5x5_mild_strong_300_800,weak_null,True,1988,1739603722,-5.551115123125783e-17,2,5
300,800,0.09758131994206254,0.1286816784128224,0.06640356188387386,0.1180628109900681,-0.03110035847075987,-0.05165924910619424,0.032109774204639986,-0.9685635991257063,-1.6088325248556024,0.33276297253995546,0.10765296687274048,0.468,0.394,0.126,True,999,0.00012033304665237665,0.003158999956212938,weak_5x5_mild_strong_300_800,weak_null,True,1989,1739603722,-5.551115123125783e-17,2,5
300,800,0.13908593891215648,0.0876140428252063,0.10642442339087665,0.07711824390952415,0.051471896086950186,0.0293061794813525,0.0350252649252619,1.4695647897819664,0.8367154265324479,0.14167966234030213,0.40275254577931097,0.211,0.193,0.405,True,999,0.00011887494474649429,0.003140042070299387,weak_5x5_mild_strong_300_800,weak_null,True,1990,1739603722,-5.551115123125783e-17,2,6
300,800,0.09711179458806296,0.0984195017821149,0.06601177999579022,0.08893849378966934,-0.0013077071940519325,-0.022926713793879117,0.03165009022967574,-0.041317645054477624,-0.7243806771957504,0.9670426663622135,0.4688320592964187,0.981,0.976,0.48,True,999,0.00012620899360626936,0.003132459009066224,weak_5x5_mild_strong_300_800,weak_null,True,1991,1739603722,-5.551115123125783e-17,2,6
300,800,0.12413566051851133,0.09125464993266386,0.0866854082454438,0.08077261827622806,0.03288101058584747,0.005912789969215737,0.034896298850764076,0.9422492260988737,0.16943888503769713,0.34606505657465725,0.865451439819428,0.431,0.418,0.832,True,999,0.0001384579809382558,0.0029539999086409807,weak_5x5_mild_strong_300_800,weak_null,True,1992,1739603722,-5.551115123125783e-17,0,4
300,800,0.1088587785184485,0.12180397877637894,0.07634992175411526,0.10728011035007512,-0.012945200257930445,-0.030930188595959862,0.033475458608380526,-0.3867071818006292,-0.9239660898392156,0.698972998730382,0.3555039713628967,0.747,0.723,0.34,True,999,0.00011791603174060583,0.0031294169602915645,weak_5x5_mild_strong_300_800,weak_null,True,1993,1739603722,-5.551115123125783e-17,2,1
300,800,0.12683076249427883,0.09763254253779291,0.08843240802832497,0.08886386965889415,0.029198219956485916,-0.0004314616305691743,0.033520818551584994,0.8710473436545991,-0.012871452703495307,0.38372830335593,0.9897303501830581,0.457,0.417,0.987,True,999,0.00012191594578325748,0.00311150006018579,weak_5x5_mild_strong_300_800,weak_null,True,1994,1739603722,-5.551115123125783e-17,0,7
300,800,0.10894149038353951,0.08954467982738529,0.07776289056135965,0.07999764713321156,0.01939681055615422,-0.0022347565718519036,0.032668577351193814,0.5937451866248898,-0.06840691432099472,0.5526825554292398,0.9454617178935173,0.602,0.585,0.941,True,999,0.00012329197488725185,0.003023209050297737,weak_5x5_mild_strong_300_800,weak_null,True,1995,1739603722,-5.551115123125783e-17,3,6
300,800,0.15656426300970727,0.08765423155513508,0.1266694828464665,0.0782887894505393,0.0689100314545722,0.04838069339592721,0.035395296219055426,1.9468697486835487,1.366867876920916,0.05155035224322399,0.17166672238308223,0.09,0.061,0.187,True,999,0.00012829096522182226,0.003118166932836175,weak_5x5_mild_strong_300_800,weak_null,True,1996,1739603722,-5.551115123125783e-17,2,6
300,800,0.11103452693518268,0.14606203875585255,0.07852406670457412,0.13583909521753412,-0.03502751182066988,-0.05731502851296,0.034005548178012754,-1.0300528501204371,-1.6854610963165901,0.30298519695056125,0.09189964460718014,0.417,0.345,0.089,True,999,0.00011466699652373791,0.003012874978594482,weak_5x5_mild_strong_300_800,weak_null,True,1997,1739603722,-5.551115123125783e-17,0,5
300,800,0.12550656268525362,0.1138206365035293,0.08470493489869568,0.10341178480121016,0.011685926181724315,-0.018706849902514477,0.03527422378273536,0.3312879754265176,-0.5303263373769934,0.7404269732030535,0.5958856890898422,0.785,0.776,0.606,True,999,0.00012091698590666056,0.003185249981470406,weak_5x5_mild_strong_300_800,weak_null,True,1998,1739603722,-5.551115123125783e-17,0,6
300,800,0.1353402330974438,0.05789985353549798,0.10378671850327237,0.044391496591686064,0.07744037956194583,0.059395221911586304,0.03349047081133369,2.312310865923653,1.7734961758580607,0.02076055831973253,0.07614652500298255,0.05,0.032,0.069,True,999,0.00011629203800112009,0.003143999958410859,weak_5x5_mild_strong_300_800,weak_null,True,1999,1739603722,-5.551115123125783e-17,1,2
1000,1000,0.16557729019926226,0.13049871561145082,0.12270002213790576,0.10528736115446691,0.03507857458781144,0.017412660983438855,0.02500950636249215,1.4026096348874886,0.6962416903019478,0.1607332771216875,0.48627748297823514,0.273,0.144,0.482,True,999,0.00014408293645828962,0.012992292060516775,weak_10x10_bal_strong_1000,weak_null,False,0,2587230331,-1.5543122344752192e-15,2,53
1000,1000,0.16074317772462265,0.14099554604209275,0.11761735577101717,0.11319801870968149,0.01974763168252991,0.004419337061335682,0.025115810343013353,0.7862629719221165,0.1759583704837555,0.43171344063005934,0.8603266476357219,0.555,0.458,0.862,True,999,0.00013733399100601673,0.009845208958722651,weak_10x10_bal_strong_1000,weak_null,False,1,2587230331,-1.5543122344752192e-15,1,51
1000,1000,0.12111078763681826,0.11128297979401114,0.0776263356083291,0.09281268733229808,0.009827807842807124,-0.015186351723968983,0.023569273352676483,0.41697542795442594,-0.6443283802911323,0.6766963808599049,0.5193625159638293,0.77,0.691,0.525,True,999,0.0001352920662611723,0.009658667026087642,weak_10x10_bal_strong_1000,weak_null,False,2,2587230331,-1.5543122344752192e-15,0,61
1000,1000,0.15096513729238614,0.12029660065506681,0.10739348134393367,0.0978100556023378,0.030668536637319332,0.009583425741595875,0.024801251863157233,1.236572121703182,0.38640895203488695,0.21624597507991072,0.6991938212477533,0.303,0.201,0.708,True,999,0.00013995799235999584,0.009754500002600253,weak_10x10_bal_strong_1000,weak_null,False,3,2587230331,-1.5543122344752192e-15,1,57
1000,1000,0.1366187047738716,0.13479287757793557,0.0936477737095629,0.1098378922922052,0.0018258271959360473,-0.0161901185826423,0.024793225921978787,0.07364217958896109,-0.653005729613024,0.9412951077790134,0.5137525847372209,0.964,0.955,0.513,True,999,0.0001230830093845725,0.009626958053559065,weak_10x10_bal_strong_1000,weak_null,False,4,2587230331,-1.5543122344752192e-15,1,53
1000,1000,0.1278990443976875,0.15962967508294112,0.0835845371002506,0.13227578612418256,-0.031730630685253614,-0.04869124902393196,0.024519852120586084,-1.2940792028110801,-1.9857888532309844,0.1956380643890312,0.047056773989456256,0.285,0.184,0.046,True,999,0.00014645804185420275,0.009789624949917197,weak_10x10_bal_strong_1000,weak_null,False,5,2587230331,-1.5543122344752192e-15,0,49
1000,1000,0.1261399097826783,0.12302676258490258,0.08292167510353465,0.0989459665794925,0.003113147197775723,-0.016024291475957853,0.023712099055712296,0.131289397470097,-0.675785447686782,0.8955463787853205,0.49917687534568334,0.939,0.92,0.522,True,999,0.0001865000231191516,0.00966912496369332,weak_10x10_bal_strong_1000,weak_null,False,6,2587230331,-1.5543122344752192e-15,0,55
1000,1000,0.1491368911106341,0.17257969196230427,0.10665529937659812,0.15188602293892473,-0.023442800851670165,-0.0452307235623266,0.025156603483407296,-0.9318746414686897,-1.7979662314970193,0.3514013142444832,0.0721823592109003,0.47,0.379,0.079,True,999,0.00014445791020989418,0.00960933300666511,weak_10x10_bal_strong_1000,weak_null,False,7,2587230331,-1.5543122344752192e-15,2,58
1000,1000,0.13406659669665943,0.11528251123108557,0.09264488766939394,0.09136595591803598,0.018784085465573863,0.001278931751357959,0.022813876813167624,0.8233622728571998,0.05605937832625581,0.4103020106132198,0.9552945044207122,0.541,0.415,0.953,True,999,0.00014033308252692223,0.009541583014652133,weak_10x10_bal_strong_1000,weak_null,False,8,2587230331,-1.5543122344752192e-15,3,54
1000,1000,0.1336905350749853,0.15215424971164548,0.089940214404578,0.1255123978045276,-0.01846371463666019,-0.03557218339994961,0.0254030522068991,-0.726830559032025,-1.4003113921203814,0.46732976035007245,0.16142009088575215,0.583,0.494,0.176,True,999,0.00013762502931058407,0.009888250031508505,weak_10x10_bal_strong_1000,weak_null,False,9,2587230331,-1.5543122344752192e-15,0,52
1000,1000,0.16094091319003967,0.13540208566926193,0.11765381038958367,0.10713905014335978,0.02553882752077774,0.010514760246223886,0.025243313796601986,1.011706613741637,0.41653644727259553,0.31167835232064744,0.6770175029173495,0.413,0.298,0.691,True,999,0.0001538330689072609,0.009847457986325026,weak_10x10_bal_strong_1000,weak_null,False,10,2587230331,-1.5543122344752192e-15,2,50
1000,1000,0.11873539233465547,0.1633404271571809,0.07565520435127837,0.1331734769370314,-0.044605034822525425,-0.05751827258575304,0.025098196395858467,-1.7772207261030852,-2.291729321045727,0.07553193065071377,0.021921267367120502,0.17,0.072,0.024,True,999,0.00014712498523294926,0.009438084089197218,weak_10x10_bal_strong_1000,weak_null,False,11,2587230331,-1.5543122344752192e-15,0,49
1000,1000,0.16002717117860765,0.12933583756275824,0.11636217383556868,0.10214015836868384,0.030691333615849414,0.01422201546688484,0.02483169567970337,1.2359741361092598,0.5727363789541549,0.2164681777055799,0.5668232017792019,0.356,0.244,0.587,True,999,0.00013345899060368538,0.009706999990157783,weak_10x10_bal_strong_1000,weak_null,False,12,2587230331,-1.5543122344752192e-15,1,50
1000,1000,0.12571240001546835,0.1616203573081464,0.08261557679861653,0.13741154085118978,-0.03590795729267804,-0.054795964052573254,0.025254155117209232,-1.421863337974386,-2.169780133140665,0.15506592806338265,0.030023506093171722,0.253,0.151,0.035,True,999,0.0001282090088352561,0.00952579197473824,weak_10x10_bal_strong_1000,weak_null,False,13,2587230331,-1.5543122344752192e-15,0,52
1000,1000,0.13044717495159608,0.13224235844119592,0.08671264469239759,0.1077827036239114,-0.0017951834895998386,-0.021070058931513813,0.024186402940958616,-0.07422283892243331,-0.871153059962984,0.9408330731396893,0.383670585878073,0.967,0.949,0.412,True,999,0.00013104197569191456,0.009655083995312452,weak_10x10_bal_strong_1000,weak_null,False,14,2587230331,-1.5543122344752192e-15,0,54
1000,1000,0.1296573555717453,0.15232708576583565,0.08587899943950106,0.12759834236965162,-0.022669730194090354,-0.04171934293015056,0.025050726156096045,-0.9049530162451487,-1.6653945546404147,0.3654902785158314,0.09583406509745095,0.47,0.365,0.107,True,999,0.0001265419414266944,0.009529249975457788,weak_10x10_bal_strong_1000,weak_null,False,15,2587230331,-1.5543122344752192e-15,0,54
1000,1000,0.14297071840609066,0.12340174058149389,0.10065275840406684,0.09447589625779074,0.019568977824596767,0.0061768621462761075,0.023684716529488798,0.8262280783572941,0.260795274395012,0.4086747232085898,0.7942503888623169,0.529,0.42,0.81,True,999,0.0001306250924244523,0.009585874970071018,weak_10x10_bal_strong_1000,weak_null,False,16,2587230331,-1.5543122344752192e-15,2,49
1000,1000,0.1633651823779405,0.16335913869756613,0.1175645367661673,0.13863502864137445,6.043680374379079e-06,-0.021070491875207153,0.0262648724218339,0.00023010507255900425,-0.8022308860594854,0.9998164027168629,0.42241941326014665,1.0,1.0,0.457,True,999,0.000124832964502275,0.00952487497124821,weak_10x10_bal_strong_1000,weak_null,False,17,2587230331,-1.5543122344752192e-15,0,53
1000,1000,0.15068424400125124,0.15655813774660543,0.10622177781260689,0.13587165858427852,-0.005873893745354186,-0.029649880771671633,0.025931450855175626,-0.226516201432741,-1.1433945959006706,0.8207999597524475,0.25287479521080636,0.868,0.837,0.271,True,999,0.00014691706746816635,0.009567666915245354,weak_10x10_bal_strong_1000,weak_null,False,18,2587230331,-1.5543122344752192e-15,0,58
1000,1000,0.16906048653218164,0.127429531878807,0.12483274657688526,0.10333214867603147,0.04163095465337463,0.02150059790085379,0.0251866156187244,1.652899908569894,0.8536517262315177,0.0983512357625675,0.39329798900213897,0.181,0.096,0.381,True,999,0.00012524996418505907,0.009776665945537388,weak_10x10_bal_strong_1000,weak_null,False,19,2587230331,-1.5543122344752192e-15,0,55
1000,1000,0.13939902755732536,0.13247066648577688,0.09534688699432081,0.11389941137309734,0.006928361071548483,-0.018552524378776525,0.02462050854693633,0.28140609111872383,-0.7535394463281759,0.7783989467739447,0.451125816551889,0.839,0.797,0.452,True,999,0.00013295793905854225,0.009580416022799909,weak_10x10_bal_strong_1000,weak_null,False,20,2587230331,-1.5543122344752192e-15,0,59
1000,1000,0.16134592929512692,0.17522263195418375,0.11907807388433866,0.15209443029209524,-0.013876702659056828,-0.033016356407756575,0.025135909771803716,-0.5520668551501192,-1.313513483597589,0.5809025494942008,0.1890099804326817,0.679,0.614,0.187,True,999,0.00014683289919048548,0.009645708021707833,weak_10x10_bal_strong_1000,weak_null,False,21,2587230331,-1.5543122344752192e-15,3,55
1000,1000,0.11907858225691115,0.14507041950977573,0.07553207080218272,0.1233323296942217,-0.02599183725286458,-0.04780025889203898,0.02464382972590317,-1.05469959588077,-1.9396440984899377,0.2915627366795337,0.05242295764614457,0.427,0.308,0.066,True,999,0.00012574996799230576,0.009514124947600067,weak_10x10_bal_strong_1000,weak_null,False,22,2587230331,-1.5543122344752192e-15,0,57
1000,1000,0.13791311376838822,0.1637927935172594,0.093633792912442,0.1469084920497039,-0.025879679748871176,-0.053274699137261905,0.025831252300260357,-1.0018747619375128,-2.0624125581679578,0.3164040833161008,0.03916847470546069,0.413,0.317,0.039,True,999,0.0001319169532507658,0.009688041056506336,weak_10x10_bal_strong_1000,weak_null,False,23,2587230331,-1.5543122344752192e-15,0,61
1000,1000,0.14887720260320902,0.1134665008228814,0.10530638699810879,0.09038663114586143,0.035410701780327625,0.014919755852247363,0.02442547187367817,1.4497448386447578,0.6108277428337205,0.14712968696776826,0.5413136248794204,0.28,0.171,0.527,True,999,0.00012770900502800941,0.00968345906585455,weak_10x10_bal_strong_1000,weak_null,False,24,2587230331,-1.5543122344752192e-15,1,56
1000,1000,0.131976880086369,0.14989871244934938,0.08871607773744472,0.12988942604897602,-0.017921832362980394,-0.0411733483115313,0.025281140892053695,-0.7089012493345797,-1.6286190756712566,0.47838575976854725,0.10339368349599752,0.557,0.472,0.119,True,999,0.0001372080296278,0.009547124966047704,weak_10x10_bal_strong_1000,weak_null,False,25,2587230331,-1.5543122344752192e-15,0,56
1000,1000,0.13568939085655618,0.15193040223662324,0.09176316044249688,0.12725524042673442,-0.01624101138006706,-0.035492079984237535,0.02483220319216904,-0.654030222545406,-1.4292763195264984,0.5130923345605074,0.15292482944660798,0.615,0.532,0.158,True,999,0.00012420897837728262,0.009446875075809658,weak_10x10_bal_strong_1000,weak_null,False,26,2587230331,-1.5543122344752192e-15,0,55
1000,1000,0.16268308560017708,0.11925925532134851,0.11682570660605052,0.09478109198619222,0.04342383027882857,0.022044614619858294,0.0243224124408157,1.7853422387476077,0.9063498398236595,0.07420582152865583,0.36475071331763365,0.18,0.079,0.382,True,999,0.0001344579504802823,0.009700125083327293,weak_10x10_bal_strong_1000,weak_null,False,27,2587230331,-1.5543122344752192e-15,0,54
1000,1000,0.1427987003813218,0.12921310697670702,0.09912021336867838,0.11123054892453865,0.013585593404614793,-0.012110335555860274,0.024903179381395676,0.545536503454018,-0.48629676437649955,0.5853845817154282,0.6267567729863734,0.696,0.617,0.662,True,999,0.00012683309614658356,0.009633708046749234,weak_10x10_bal_strong_1000,weak_null,False,28,2587230331,-1.5543122344752192e-15,1,62
1000,1000,0.14333613774262455,0.15204213818133971,0.1002233546341813,0.12475572699952409,-0.008706000438715167,-0.02453237236534278,0.025335984996367238,-0.34362194483314795,-0.9682817687514544,0.7311306190042473,0.33290366730824417,0.777,0.727,0.331,True,999,0.00011962500866502523,0.009585000108927488,weak_10x10_bal_strong_1000,weak_null,False,29,2587230331,-1.5543122344752192e-15,1,50
1000,1000,0.14337637793706914,0.13047623616071036,0.10135943317436613,0.11061420629954455,0.012900141776358787,-0.009254773125178417,0.024436813136544232,0.5278978770381136,-0.3787225884760845,0.5975702182769246,0.7048938775600084,0.666,0.593,0.699,True,999,0.00013108295388519764,0.009498875006102026,weak_10x10_bal_strong_1000,weak_null,False,30,2587230331,-1.5543122344752192e-15,2,58
1000,1000,0.16123499889204007,0.13597972578271267,0.11728761023186962,0.1100700230970233,0.025255273109327403,0.007217587134846326,0.024733798345853143,1.021083488924041,0.2918107050895571,0.3072148850025076,0.770431359833821,0.419,0.306,0.786,True,999,0.0001437920145690441,0.009606541018001735,weak_10x10_bal_strong_1000,weak_null,False,31,2587230331,-1.5543122344752192e-15,1,52
1000,1000,0.15673224334273206,0.11927053225578765,0.11240130980786489,0.0919844580855056,0.037461711086944405,0.020416851722359297,0.024175727953754004,1.5495587623506226,0.8445185915979407,0.12124745720286009,0.39837967879653,0.217,0.126,0.395,True,999,0.00012737500946968794,0.009563124971464276,weak_10x10_bal_strong_1000,weak_null,False,32,2587230331,-1.5543122344752192e-15,1,53
1000,1000,0.11244325737755778,0.12263049546798366,0.06804995292532112,0.1022583073986425,-0.010187238090425876,-0.03420835447332138,0.02286369047943047,-0.44556403086329915,-1.4961869127863343,0.6559121976256259,0.13460495401067657,0.745,0.668,0.158,True,999,0.0001354580745100975,0.009549500071443617,weak_10x10_bal_strong_1000,weak_null,False,33,2587230331,-1.5543122344752192e-15,0,58
1000,1000,0.13453971164094103,0.14262259941323008,0.09161440076422878,0.11792617808134764,-0.008082887772289049,-0.026311777317118867,0.024711590982207675,-0.32708892673517953,-1.0647544844871917,0.7436006267786075,0.2869870471213881,0.807,0.754,0.276,True,999,0.00013233302161097527,0.009590334026142955,weak_10x10_bal_strong_1000,weak_null,False,34,2587230331,-1.5543122344752192e-15,1,52
1000,1000,0.12088670682776437,0.11546173850192748,0.07773533584349934,0.09746766254210115,0.0054249683258368875,-0.01973232669860181,0.023986785076333107,0.22616487822661602,-0.8226332389191656,0.8210731860108904,0.41071659074285716,0.852,0.814,0.406,True,999,0.00012958399020135403,0.009469541953876615,weak_10x10_bal_strong_1000,weak_null,False,35,2587230331,-1.5543122344752192e-15,0,60
1000,1000,0.1489914269199195,0.15108772806731008,0.10551285605606608,0.12634567473003244,-0.002096301147390567,-0.020832818673966358,0.025417426013961786,-0.08247495817393426,-0.8196273950998381,0.9342690309623735,0.412428551507551,0.955,0.942,0.436,True,999,0.0001223749713972211,0.009392958017997444,weak_10x10_bal_strong_1000,weak_null,False,36,2587230331,-1.5543122344752192e-15,1,53
1000,1000,0.1388140795721391,0.12352443192697438,0.09517330948892777,0.10472937913777969,0.015289647645164717,-0.009556069648851917,0.024385710247577234,0.6269920986485834,-0.3918716966548608,0.5306644145126691,0.6951530166203679,0.635,0.544,0.699,True,999,0.00013270892668515444,0.00953254196792841,weak_10x10_bal_strong_1000,weak_null,False,37,2587230331,-1.5543122344752192e-15,0,59
1000,1000,0.17793746892087325,0.14197843394529353,0.13494491898018168,0.11475326537254205,0.03595903497557973,0.020191653607639637,0.025494827908229444,1.4104443107055669,0.7919901903366838,0.15840852926201532,0.42836639611684046,0.268,0.192,0.461,True,999,0.00012908305507153273,0.009555040975101292,weak_10x10_bal_strong_1000,weak_null,False,38,2587230331,-1.5543122344752192e-15,2,51
1000,1000,0.14827334623119492,0.11951333144809329,0.10593233991812667,0.09230491831181098,0.02876001478310164,0.013627421606315693,0.024342665757546983,1.1814652951139972,0.5598163217638056,0.23741793234686115,0.57560472951882,0.341,0.217,0.576,True,999,0.00014404207468032837,0.009761999943293631,weak_10x10_bal_strong_1000,weak_null,False,39,2587230331,-1.5543122344752192e-15,2,52
1000,1000,0.12892997654683125,0.14679403076890252,0.0852471758057618,0.12455818357409498,-0.01786405422207127,-0.039311007768333184,0.024369042188207176,-0.7330634533808701,-1.6131535849758107,0.4635197291328935,0.10671114456265339,0.575,0.466,0.116,True,999,0.00012820796109735966,0.009513750090263784,weak_10x10_bal_strong_1000,weak_null,False,40,2587230331,-1.5543122344752192e-15,1,56
1000,1000,0.1518888096237112,0.12229046304481583,0.1083807175500624,0.10031703651361568,0.029598346578895374,0.008063681036446724,0.02405285259566367,1.2305545240913114,0.33524842861675674,0.21848952256209586,0.7374376928320143,0.332,0.21,0.731,True,999,0.00011862500105053186,0.009626458981074393,weak_10x10_bal_strong_1000,weak_null,False,41,2587230331,-1.5543122344752192e-15,1,57
1000,1000,0.1278416154915063,0.1478819043801446,0.08386139284584715,0.11903075715690647,-0.02004028888863829,-0.035169364311059326,0.02484572006057634,-0.806589176718488,-1.415509964102989,0.4199032114444521,0.15691902902955568,0.544,0.452,0.18,True,999,0.00013341696467250586,0.009524417109787464,weak_10x10_bal_strong_1000,weak_null,False,42,2587230331,-1.5543122344752192e-15,0,49
1000,1000,0.1456417530241252,0.14732006919564788,0.10163725059646822,0.11734433745266415,-0.001678316171522698,-0.01570708685619593,0.024988213028871775,-0.06716431341383015,-0.6285798363431476,0.9464508947174531,0.5296241644359225,0.955,0.94,0.544,True,999,0.0001271669752895832,0.009534416953101754,weak_10x10_bal_strong_1000,weak_null,False,43,2587230331,-1.5543122344752192e-15,0,50
1000,1000,0.16709485110425382,0.16038585583792286,0.12411596649326384,0.14190452019556687,0.006708995266330953,-0.017788553702303034,0.025232504904713727,0.26588700930273607,-0.7049856432993271,0.7903262301700796,0.48081917064347135,0.838,0.801,0.506,True,999,0.00012808304745703936,0.009834916912950575,weak_10x10_bal_strong_1000,weak_null,False,44,2587230331,-1.5543122344752192e-15,2,59
1000,1000,0.16521695394319424,0.1255983587439905,0.12088086044013835,0.0925084471612081,0.03961859519920374,0.028372413278930253,0.02415012144233508,1.6405132907428153,1.1748352217059046,0.10089848732478585,0.24006064581626962,0.206,0.107,0.254,True,999,0.00012974999845027924,0.009585208958014846,weak_10x10_bal_strong_1000,weak_null,False,45,2587230331,-1.5543122344752192e-15,1,46
1000,1000,0.1394444574440068,0.14667433172995226,0.09527091074915006,0.1167389516303956,-0.007229874285945459,-0.021468040881245543,0.024980029305390734,-0.2894261731064198,-0.8594081543616404,0.7722552684023183,0.3901153724412716,0.833,0.784,0.408,True,999,0.0001285409089177847,0.009598792064934969,weak_10x10_bal_strong_1000,weak_null,False,46,2587230331,-1.5543122344752192e-15,0,46
1000,1000,0.1670412144527753,0.12757679964795432,0.12296046818073592,0.10292906524921364,0.03946441480482099,0.02003140293152228,0.02477379025043632,1.5929905923105947,0.8085723956256343,0.11116230153371612,0.4187611482314344,0.229,0.116,0.433,True,999,0.00011854199692606926,0.009425333002582192,weak_10x10_bal_strong_1000,weak_null,False,47,2587230331,-1.5543122344752192e-15,2,54
1000,1000,0.13951266317501254,0.1393728909611226,0.0955158339238551,0.11955251256324573,0.00013977221388994376,-0.02403667863939063,0.025055719073710375,0.005578455500668478,-0.959329028581384,0.9955490595678284,0.3373930160120572,1.0,1.0,0.366,True,999,0.00013229204341769218,0.00942616700194776,weak_10x10_bal_strong_1000,weak_null,False,48,2587230331,-1.5543122344752192e-15,0,58
1000,1000,0.148266293346222,0.12751481435285222,0.10596391279568707,0.10624571932982008,0.020751478993369765,-0.00028180653413301116,0.02471002649294749,0.8397999491944075,-0.011404541966534993,0.40102056195542,0.9909006892904515,0.534,0.423,0.994,True,999,0.00012683309614658356,0.009493208024650812,weak_10x10_bal_strong_1000,weak_null,False,49,2587230331,-1.5543122344752192e-15,2,57
1000,1000,0.15176752668663784,0.13254368033520492,0.10826836531714434,0.11005778711864878,0.019223846351432927,-0.0017894218015044316,0.02511740502316477,0.7653595717273958,-0.0712423038866523,0.4440574598092981,0.9432049132987627,0.541,0.434,0.951,True,999,0.00012883299496024847,0.009529542061500251,weak_10x10_bal_strong_1000,weak_null,False,50,2587230331,-1.5543122344752192e-15,1,55
1000,1000,0.13961766100524153,0.11767909949294747,0.0965064692204578,0.09423162467044222,0.021938561512294064,0.0022748445500155867,0.024015956581878956,0.9134993826915737,0.09472221280296834,0.36097995810911065,0.9245354740391055,0.477,0.37,0.924,True,999,0.00015795801300555468,0.00959587492980063,weak_10x10_bal_strong_1000,weak_null,False,51,2587230331,-1.5543122344752192e-15,1,56
1000,1000,0.14103192613825577,0.14075916926134002,0.0990013833265948,0.12328848251212321,0.00027275687691574735,-0.024287099185528405,0.025271890470290343,0.010792895657584484,-0.9610321481125577,0.9913886823726288,0.33653600383828797,0.991,0.991,0.326,True,999,0.00013587507419288158,0.009585374966263771,weak_10x10_bal_strong_1000,weak_null,False,52,2587230331,-1.5543122344752192e-15,2,60
1000,1000,0.11099326145838884,0.1584398381725899,0.06750609646178418,0.13825762959515941,-0.04744657671420105,-0.07075153313337523,0.024958745467207766,-1.901000063346096,-2.8347391589185706,0.0573020043181959,0.004586311529291727,0.147,0.06,0.007,True,999,0.00013387505896389484,0.009619457996450365,weak_10x10_bal_strong_1000,weak_null,False,53,2587230331,-1.5543122344752192e-15,0,58
1000,1000,0.16651791088696877,0.11816429548022445,0.12178471357037779,0.08604595135005866,0.04835361540674432,0.03573876222031913,0.02401489383159165,2.0134844545152655,1.4881915560794488,0.04406368876217703,0.1367003834606272,0.12,0.045,0.143,True,999,0.00012020894791930914,0.009462041081860662,weak_10x10_bal_strong_1000,weak_null,False,54,2587230331,-1.5543122344752192e-15,1,47
1000,1000,0.10444053514386686,0.1377177054220361,0.06145272420008041,0.1107298830866057,-0.03327717027816923,-0.049277158886525285,0.02368392936184879,-1.405052758338897,-2.080615852785953,0.1600055905099157,0.03746908169422596,0.288,0.169,0.033,True,999,0.00012824998702853918,0.009444916970096529,weak_10x10_bal_strong_1000,weak_null,False,55,2587230331,-1.5543122344752192e-15,0,50
1000,1000,0.1424622934183386,0.15630090532265672,0.09936781384703863,0.1320365525514262,-0.013838611904318121,-0.03266873870438758,0.02515799537240656,-0.5500681473014497,-1.2985429968008837,0.5822726330561387,0.1941008113953191,0.671,0.591,0.188,True,999,0.00012908305507153273,0.009565124986693263,weak_10x10_bal_strong_1000,weak_null,False,56,2587230331,-1.5543122344752192e-15,1,54
1000,1000,0.1325039477471095,0.14710202640510484,0.08903239344635949,0.12163908892785003,-0.01459807865799534,-0.03260669548149053,0.024887662500285627,-0.5865588484988417,-1.31015500074048,0.5575000273085249,0.19014340516751316,0.654,0.566,0.191,True,999,0.00011849997099488974,0.009376792004331946,weak_10x10_bal_strong_1000,weak_null,False,57,2587230331,-1.5543122344752192e-15,0,52
1000,1000,0.11844890840291589,0.1324786201511572,0.07562242590347523,0.11100330419230886,-0.014029711748241303,-0.03538087828883363,0.023765486711444888,-0.5903397611244768,-1.4887504185552844,0.5549628875133583,0.13655310292881126,0.644,0.562,0.128,True,999,0.00012462504673749208,0.009510166011750698,weak_10x10_bal_strong_1000,weak_null,False,58,2587230331,-1.5543122344752192e-15,1,56
1000,1000,0.11998621391515396,0.12499277362060812,0.07716651770124372,0.10485450596189594,-0.005006559705454161,-0.02768798826065222,0.023995865700813104,-0.20864259568199336,-1.1538649451481973,0.8347272557415615,0.2485555428938001,0.881,0.856,0.248,True,999,0.00012041698209941387,0.009610208915546536,weak_10x10_bal_strong_1000,weak_null,False,59,2587230331,-1.5543122344752192e-15,1,59
1000,1000,0.11614277598349432,0.13932143239301276,0.07379149546613917,0.11857669186531439,-0.02317865640951844,-0.04478519639917522,0.0236385187327315,-0.9805460600804776,-1.8945855662758848,0.32681664515751874,0.058147328498016695,0.437,0.314,0.06,True,999,0.00012570898979902267,0.009603500016964972,weak_10x10_bal_strong_1000,weak_null,False,60,2587230331,-1.5543122344752192e-15,1,57
1000,1000,0.15667121584059718,0.14775932169983197,0.11230899596785093,0.12707201656417055,0.008911894140765209,-0.01476302059631962,0.025429627692874716,0.3504531898145834,-0.5805441107758004,0.7259986144260236,0.5615477492256136,0.791,0.75,0.591,True,999,0.00013624993152916431,0.009694666019640863,weak_10x10_bal_strong_1000,weak_null,False,61,2587230331,-1.5543122344752192e-15,1,59
1000,1000,0.16527906798360048,0.15217369347055854,0.12168440319874207,0.13140917199677915,0.013105374513041945,-0.009724768798037076,0.025800015277889412,0.5079599516467433,-0.3769287999752152,0.611481429301312,0.7062265180021856,0.671,0.611,0.721,True,999,0.00013233302161097527,0.009697041939944029,weak_10x10_bal_strong_1000,weak_null,False,62,2587230331,-1.5543122344752192e-15,1,55
1000,1000,0.1455483446164325,0.12311567696022296,0.10176219515278717,0.10054623890096082,0.02243266765620955,0.0012159562518263556,0.024306119803555924,0.9229226152718834,0.05002675300104726,0.35604753416889323,0.9601010691966143,0.477,0.36,0.964,True,999,0.00013345794286578894,0.00959008396603167,weak_10x10_bal_strong_1000,weak_null,False,63,2587230331,-1.5543122344752192e-15,1,56
1000,1000,0.13167010143155755,0.15187973697978963,0.0891904742547922,0.125305064846998,-0.020209635548232074,-0.036114590592205786,0.02532084568383729,-0.7981422026963426,-1.4262790051778689,0.42478797319022277,0.15378782234246877,0.504,0.403,0.142,True,999,0.00013566704001277685,0.009495000005699694,weak_10x10_bal_strong_1000,weak_null,False,64,2587230331,-1.5543122344752192e-15,1,51
1000,1000,0.16057892784361538,0.10580812251337074,0.11696253070294915,0.08046742830447329,0.05477080533024464,0.036495102398475865,0.024301802472184802,2.2537754305646196,1.501744672653281,0.024210299225677252,0.1331630619910077,0.077,0.025,0.124,True,999,0.00012104201596230268,0.009461625013500452,weak_10x10_bal_strong_1000,weak_null,False,65,2587230331,-1.5543122344752192e-15,1,54
1000,1000,0.17319381740077677,0.12473080622645127,0.13043995368161632,0.1048297115224841,0.0484630111743255,0.025610242159132213,0.025050124777354722,1.9346415079790737,1.0223598639430265,0.053034302712753646,0.3066106094050558,0.135,0.05,0.321,True,999,0.00012712494935840368,0.00967275002039969,weak_10x10_bal_strong_1000,weak_null,False,66,2587230331,-1.5543122344752192e-15,2,58
1000,1000,0.14318737450740704,0.1210641405792553,0.09881346302518068,0.09749652343634807,0.022123233928151742,0.0013169395888326108,0.024304738847804715,0.9102436387688233,0.05418447805916504,0.3626940347677039,0.9567881872307683,0.502,0.385,0.952,True,999,0.00013099994976073503,0.00962170900311321,weak_10x10_bal_strong_1000,weak_null,False,67,2587230331,-1.5543122344752192e-15,0,55
1000,1000,0.13774978172381402,0.11136196694683664,0.09398503451711804,0.08585586033075288,0.02638781477697738,0.008129174186365162,0.02327695745845072,1.1336453582509454,0.3492369739849251,0.2569433385911021,0.7269114103570671,0.401,0.262,0.72,True,999,0.00012729200534522533,0.009603249956853688,weak_10x10_bal_strong_1000,weak_null,False,68,2587230331,-1.5543122344752192e-15,1,54
1000,1000,0.1458472114784506,0.16892031903025329,0.10228451052171295,0.14851234366454946,-0.023073107551802696,-0.046227833142836516,0.02558661295282097,-0.90176482500232,-1.8067195227471409,0.36718180885813956,0.07080602213890373,0.44,0.366,0.067,True,999,0.00013299996498972178,0.0096662089927122,weak_10x10_bal_strong_1000,weak_null,False,69,2587230331,-1.5543122344752192e-15,2,58
1000,1000,0.1314814372198918,0.13037329506080464,0.08789649971504332,0.10209864812566138,0.0011081421590871665,-0.014202148410618065,0.024145401248938752,0.04589454313317208,-0.5881926858118494,0.9633943035450048,0.5564029662312094,0.975,0.965,0.548,True,999,0.00012833299115300179,0.009511167067103088,weak_10x10_bal_strong_1000,weak_null,False,70,2587230331,-1.5543122344752192e-15,0,50
1000,1000,0.14539265998866746,0.10850483907533648,0.10132964528747834,0.0847347595215524,0.03688782091333098,0.016594885765925937,0.02368521204551147,1.5574199142676246,0.7006433269011326,0.11937082108629438,0.48352563221229905,0.241,0.13,0.484,True,999,0.00013812503311783075,0.009558708989061415,weak_10x10_bal_strong_1000,weak_null,False,71,2587230331,-1.5543122344752192e-15,0,55
1000,1000,0.14365938358369945,0.1280094600402646,0.09998404084399226,0.10626987032787838,0.015649923543434863,-0.006285829483886118,0.02440032344153711,0.6413818071277578,-0.25761254759376007,0.521274650076794,0.7967059449157309,0.64,0.546,0.819,True,999,0.0001223749713972211,0.00949312502052635,weak_10x10_bal_strong_1000,weak_null,False,72,2587230331,-1.5543122344752192e-15,0,55
1000,1000,0.15146914128830913,0.17088037837777614,0.10741591614078061,0.1550137679321324,-0.019411237089467015,-0.047597851791351786,0.026489006210615073,-0.7328035236628943,-1.7968908086962379,0.4636782718674691,0.07235295607933703,0.521,0.453,0.093,True,999,0.00012675009202212095,0.009608625085093081,weak_10x10_bal_strong_1000,weak_null,False,73,2587230331,-1.5543122344752192e-15,0,61
1000,1000,0.14258178751080042,0.1297034105681496,0.09923196602949247,0.10742632329049684,0.012878376942650815,-0.00819435726100437,0.02437102934339947,0.5284297499784814,-0.33623353144185886,0.5972010934914733,0.7366947689182908,0.659,0.592,0.725,True,999,0.0001312500098720193,0.009618249954655766,weak_10x10_bal_strong_1000,weak_null,False,74,2587230331,-1.5543122344752192e-15,1,57
1000,1000,0.14077584449721936,0.16462203617624294,0.09854990870962865,0.1446581310681836,-0.023846191679023576,-0.04610822235855494,0.024734491367532366,-0.9640865997481228,-1.8641265621123189,0.3350025104028803,0.062303933195767366,0.438,0.345,0.063,True,999,0.00014825002290308475,0.009771917015314102,weak_10x10_bal_strong_1000,weak_null,False,75,2587230331,-1.5543122344752192e-15,3,58
1000,1000,0.1517195296927718,0.12142626093339015,0.10786974251413994,0.0997628292581112,0.030293268759381653,0.008106913256028747,0.02454415909143871,1.2342353488878868,0.3302990836160499,0.21711521892503816,0.741173985288964,0.349,0.216,0.748,True,999,0.00012824998702853918,0.009590042056515813,weak_10x10_bal_strong_1000,weak_null,False,76,2587230331,-1.5543122344752192e-15,0,55
1000,1000,0.12517893187860185,0.13079932520671844,0.0808639211963964,0.10493576593552234,-0.005620393328116591,-0.024071844739125936,0.023425643292933014,-0.23992482331582912,-1.0275852166837982,0.8103885365938166,0.3041449811223136,0.868,0.831,0.327,True,999,0.00012216705363243818,0.009350958978757262,weak_10x10_bal_strong_1000,weak_null,False,77,2587230331,-1.5543122344752192e-15,0,54
1000,1000,0.14076971577169184,0.12525949367019917,0.0972779355502098,0.10286978052243967,0.015510222101492666,-0.005591844972229865,0.02460396616699177,0.6303951971085416,-0.22727412866189767,0.5284360524100433,0.8202105890898862,0.643,0.548,0.829,True,999,0.00012695800978690386,0.00940391595941037,weak_10x10_bal_strong_1000,weak_null,False,78,2587230331,-1.5543122344752192e-15,0,56
1000,1000,0.14178189015218257,0.14536548026850493,0.099139708709572,0.11852327231378013,-0.003583590116322366,-0.01938356360420812,0.024760412301753125,-0.14473063181054682,-0.7828449449056911,0.8849235530989151,0.4337181708382326,0.909,0.887,0.442,True,999,0.0001259170239791274,0.009619124932214618,weak_10x10_bal_strong_1000,weak_null,False,79,2587230331,-1.5543122344752192e-15,1,52
1000,1000,0.14897726069815542,0.15668444139673676,0.10537401813280667,0.13713465800412905,-0.00770718069858134,-0.03176063987132238,0.02626184251270888,-0.29347448469587034,-1.209383532627327,0.7691594995956647,0.22651553217063047,0.824,0.783,0.231,True,999,0.00013349996879696846,0.009702958050183952,weak_10x10_bal_strong_1000,weak_null,False,80,2587230331,-1.5543122344752192e-15,1,59
1000,1000,0.15875975872925174,0.14408231068540334,0.11542628706411051,0.12199853908225577,0.014677448043848407,-0.006572252018145264,0.024908725083121832,0.5892492688754213,-0.2638534086434888,0.5556940709064294,0.7918928781918196,0.631,0.555,0.781,True,999,0.00013812503311783075,0.009705125004984438,weak_10x10_bal_strong_1000,weak_null,False,81,2587230331,-1.5543122344752192e-15,2,56
1000,1000,0.17993578378400876,0.13353066420907644,0.1372375400292185,0.10488205525984995,0.04640511957493232,0.03235548476936856,0.02547380951315082,1.8216796176863825,1.2701470799907286,0.06850361238764284,0.2040322440206246,0.151,0.07,0.217,True,999,0.00013037503231316805,0.009624041966162622,weak_10x10_bal_strong_1000,weak_null,False,82,2587230331,-1.5543122344752192e-15,2,50
1000,1000,0.13484334476128357,0.1321519781764705,0.09042257609644366,0.10399793608644359,0.0026913665848130597,-0.013575359989999924,0.024564611531559585,0.10956275784598932,-0.5526389038376963,0.9127561477234263,0.5805106968380216,0.937,0.919,0.577,True,999,0.00012204202357679605,0.00943887501489371,weak_10x10_bal_strong_1000,weak_null,False,83,2587230331,-1.5543122344752192e-15,0,51
1000,1000,0.14822599241013057,0.13455681316748325,0.10538784607615526,0.11056817559767751,0.013669179242647322,-0.005180329521522253,0.02451841581560687,0.5575066246305518,-0.21128320689564226,0.5771813341678754,0.832666286103073,0.667,0.575,0.843,True,999,0.00012891599908471107,0.009606166975572705,weak_10x10_bal_strong_1000,weak_null,False,84,2587230331,-1.5543122344752192e-15,2,55
1000,1000,0.1409456849035755,0.0905852265015385,0.09727769004530273,0.07044103183721973,0.05036045840203701,0.02683665820808301,0.02251509892714904,2.236741600158444,1.191940497126707,0.025303233410963438,0.23328457752420018,0.129,0.028,0.243,True,999,0.0001241250429302454,0.009570208960212767,weak_10x10_bal_strong_1000,weak_null,False,85,2587230331,-1.5543122344752192e-15,0,59
1000,1000,0.1593785059744537,0.1506611170472132,0.11534987829281818,0.12719325680507154,0.0087173889272405,-0.011843378512253366,0.02601810004491746,0.33505094192853674,-0.45519766976862425,0.7375866586947881,0.6489670367800865,0.78,0.738,0.657,True,999,0.00013116595800966024,0.009675457957200706,weak_10x10_bal_strong_1000,weak_null,False,86,2587230331,-1.5543122344752192e-15,1,55
1000,1000,0.12852452010327653,0.1519993105217492,0.08421158094506609,0.13421407310431732,-0.02347479041847267,-0.05000249215925123,0.02475668166968253,-0.9482203928493499,-2.0197574467536645,0.3430172675723332,0.043408553057344236,0.512,0.38,0.048,True,999,0.00013104104436933994,0.009541083010844886,weak_10x10_bal_strong_1000,weak_null,False,87,2587230331,-1.5543122344752192e-15,0,58
1000,1000,0.14382452205602014,0.12101115664267181,0.10132056522343191,0.09874894009755053,0.02281336541334833,0.0025716251258813827,0.02352718416832261,0.9696598305233919,0.10930441601013441,0.3322160793813307,0.9129610441146607,0.452,0.321,0.909,True,999,0.00013458391185849905,0.009618124924600124,weak_10x10_bal_strong_1000,weak_null,False,88,2587230331,-1.5543122344752192e-15,2,56
1000,1000,0.16791383527148174,0.10162739057716441,0.12479674384303507,0.0765608714885957,0.06628644469431733,0.04823587235443938,0.023919602938413977,2.771218438072975,2.016583321998811,0.005584694810084383,0.04373901493090536,0.046,0.011,0.055,True,999,0.00013095897156745195,0.009572625043801963,weak_10x10_bal_strong_1000,weak_null,False,89,2587230331,-1.5543122344752192e-15,1,54
1000,1000,0.10431213550154173,0.14526555352220705,0.06057712821166206,0.12023668685844768,-0.04095341802066532,-0.059659558646785626,0.0241626967135777,-1.6949026222579056,-2.4690769972401814,0.09009389500375811,0.013546206750808617,0.176,0.08,0.011,True,999,0.00013054197188466787,0.009374959045089781,weak_10x10_bal_strong_1000,weak_null,False,90,2587230331,-1.5543122344752192e-15,0,54
1000,1000,0.1327531569130742,0.12283201748606065,0.08982408222345839,0.10094462352628852,0.009921139427013559,-0.011120541302830134,0.023563509911580172,0.4210382690966537,-0.4719390848205088,0.6737271372951475,0.6369702691266494,0.752,0.678,0.639,True,999,0.0001324999611824751,0.00954287510830909,weak_10x10_bal_strong_1000,weak_null,False,91,2587230331,-1.5543122344752192e-15,1,55
1000,1000,0.13493492627234627,0.1256415028165218,0.09024669723930856,0.10975627357368012,0.009293423455824457,-0.01950957633437156,0.0242620174771771,0.38304413326577785,-0.8041201170811089,0.7016870413609652,0.4213276074512524,0.756,0.679,0.441,True,999,0.00012937490828335285,0.0096554170595482,weak_10x10_bal_strong_1000,weak_null,False,92,2587230331,-1.5543122344752192e-15,0,63
1000,1000,0.14218017259212035,0.12949317834149043,0.09851205131599272,0.10375165429309163,0.012686994250629913,-0.005239602977098912,0.023641388696413978,0.5366433593875274,-0.22162839266263898,0.5915139875033095,0.8246031779542224,0.655,0.569,0.813,True,999,0.00014595896936953068,0.009534500073641539,weak_10x10_bal_strong_1000,weak_null,False,93,2587230331,-1.5543122344752192e-15,2,51
1000,1000,0.1452215207820342,0.1252767698264186,0.10131089592141507,0.09956532582225464,0.019944750955615598,0.0017455700991604317,0.024157687415612757,0.8256067980549164,0.07225733445132233,0.40902717758581364,0.9423971180750754,0.531,0.407,0.947,True,999,0.00012474996037781239,0.009530500043183565,weak_10x10_bal_strong_1000,weak_null,False,94,2587230331,-1.5543122344752192e-15,1,54
1000,1000,0.1591996642296447,0.12700472302672017,0.11569865556612058,0.10345072171639913,0.03219494120292454,0.012247933849721448,0.02507912448377776,1.2837346544433637,0.4883716677447784,0.19923481458225623,0.6252866063174316,0.338,0.211,0.642,True,999,0.00013004103675484657,0.009671667008660734,weak_10x10_bal_strong_1000,weak_null,False,95,2587230331,-1.5543122344752192e-15,1,54
1000,1000,0.16834848338664754,0.13076350518349583,0.12388240441987364,0.10573027701963156,0.03758497820315171,0.01815212740024208,0.025785299735591054,1.4576126160470315,0.7039719369710089,0.14494735021874852,0.4814502502210799,0.263,0.162,0.505,True,999,0.00012733298353850842,0.009519540937617421,weak_10x10_bal_strong_1000,weak_null,False,96,2587230331,-1.5543122344752192e-15,0,51
1000,1000,0.1508292672781537,0.14061425025838048,0.10636028830094801,0.12325640145394345,0.010215017019773232,-0.01689611315299544,0.025033448056635363,0.4080547352750969,-0.6749415068499506,0.6832334907028139,0.4997129283857905,0.719,0.669,0.5,True,999,0.00012137508019804955,0.009512415970675647,weak_10x10_bal_strong_1000,weak_null,False,97,2587230331,-1.5543122344752192e-15,0,62
1000,1000,0.14971471018583715,0.14798710242105595,0.10648565774818053,0.11834072467661372,0.0017276077647812027,-0.011855066928433189,0.025275429176777216,0.06835127319493785,-0.4690352375628697,0.9455060094208476,0.639044448904403,0.951,0.944,0.652,True,999,0.00012058299034833908,0.009558500023558736,weak_10x10_bal_strong_1000,weak_null,False,98,2587230331,-1.5543122344752192e-15,1,49
1000,1000,0.1501532586084724,0.14805852397311536,0.10525791347981794,0.1203442873476206,0.0020947346353570317,-0.01508637386780265,0.02565194035762733,0.08165989029107441,-0.5881182342339604,0.9349171747008727,0.5564529347996952,0.952,0.942,0.559,True,999,0.00013366597704589367,0.009600874967873096,weak_10x10_bal_strong_1000,weak_null,False,99,2587230331,-1.5543122344752192e-15,0,49
1000,1000,0.1390249533704595,0.1556250232269698,0.09460277755806601,0.12231791313763551,-0.016600069856510302,-0.027715135579569505,0.02589496358181394,-0.6410539950775813,-1.0702905795563225,0.5214876025207063,0.2844885334128263,0.587,0.512,0.266,True,999,0.00012674997560679913,0.009334999951533973,weak_10x10_bal_strong_1000,weak_null,False,100,2587230331,-1.5543122344752192e-15,0,43
1000,1000,0.12997708538997,0.12768673958467802,0.08664123514290623,0.10897773408265721,0.002290345805291971,-0.02233649893975098,0.02403941675931685,0.09527459955551176,-0.9291614336314596,0.9240967174793061,0.3528054308236489,0.948,0.937,0.353,True,999,0.0001224169973284006,0.00944037502631545,weak_10x10_bal_strong_1000,weak_null,False,101,2587230331,-1.5543122344752192e-15,1,58
1000,1000,0.14533380890266256,0.1318692288965635,0.10129607993258105,0.1049231529049166,0.01346458000609907,-0.0036270729723355544,0.024536776202415893,0.5487509807736416,-0.1478219038399361,0.5831763546132611,0.8824833224803535,0.661,0.584,0.887,True,999,0.00012966699432581663,0.009473084006458521,weak_10x10_bal_strong_1000,weak_null,False,102,2587230331,-1.5543122344752192e-15,0,49
1000,1000,0.14165923103499134,0.12482046393205126,0.09713867881646365,0.1029972381289781,0.016838767102940078,-0.005858559312514444,0.024184526106655117,0.6962620242662672,-0.24224412281960245,0.4862647509856113,0.808591007894491,0.617,0.508,0.816,True,999,0.00012049998622387648,0.009568415931425989,weak_10x10_bal_strong_1000,weak_null,False,103,2587230331,-1.5543122344752192e-15,0,57
1000,1000,0.16250349035370704,0.10762972414100658,0.11859528483955728,0.08660286488253632,0.05487376621270046,0.03199241995702096,0.023901333584415596,2.295845376949169,1.3385202898419442,0.021684723864792733,0.18072689073572634,0.081,0.021,0.185,True,999,0.00012545904610306025,0.009624333935789764,weak_10x10_bal_strong_1000,weak_null,False,104,2587230331,-1.5543122344752192e-15,1,58
1000,1000,0.1398097288536464,0.10157177594617145,0.09582004742742356,0.08233838162846041,0.03823795290747495,0.01348166579896315,0.023458469231880517,1.63002762582261,0.5747035608206397,0.1030956584033735,0.5654917988354408,0.236,0.114,0.577,True,999,0.0001247919863089919,0.009557209094054997,weak_10x10_bal_strong_1000,weak_null,False,105,2587230331,-1.5543122344752192e-15,0,60
1000,1000,0.12273860296669614,0.12012987180981394,0.07842091685688501,0.09267953788980776,0.0026087311568822047,-0.014258621032922747,0.023969341598965528,0.10883616248327792,-0.5948691153676963,0.9133324406601747,0.5519309633335695,0.939,0.919,0.574,True,999,0.00013395899441093206,0.009393249987624586,weak_10x10_bal_strong_1000,weak_null,False,106,2587230331,-1.5543122344752192e-15,0,51
1000,1000,0.14179794032779025,0.15167538352350118,0.0994480124227266,0.1267027521369073,-0.009877443195710933,-0.027254739714180687,0.025248325333872036,-0.3912118156391067,-1.0794672261932927,0.6956406752824642,0.28037949633932935,0.756,0.704,0.289,True,999,0.0001260410062968731,0.009414167026989162,weak_10x10_bal_strong_1000,weak_null,False,107,2587230331,-1.5543122344752192e-15,2,53
1000,1000,0.1263338272373109,0.1646034766465394,0.08403925565107784,0.14172794707099,-0.0382696494092285,-0.057688691419912175,0.02443917165094214,-1.5659143425899704,-2.3605010940576725,0.11736867165297378,0.018250264487176572,0.214,0.128,0.019,True,999,0.0001243329606950283,0.009547458030283451,weak_10x10_bal_strong_1000,weak_null,False,108,2587230331,-1.5543122344752192e-15,2,54
1000,1000,0.16529587602833162,0.12072271807152946,0.12347006269192207,0.10057585013930748,0.04457315795680217,0.02289421255261459,0.024111508951104994,1.848625817952362,0.9495138856320058,0.06451186201376943,0.34235931316553014,0.176,0.068,0.359,True,999,0.00011870905291289091,0.009600208955816925,weak_10x10_bal_strong_1000,weak_null,False,109,2587230331,-1.5543122344752192e-15,3,58
1000,1000,0.14524333831988612,0.127876799071587,0.10319152342844973,0.10285302058969137,0.017366539248299118,0.00033850283875835885,0.024323046548683187,0.7139952313761171,0.01391695888427615,0.4752301281714859,0.9888962318069306,0.588,0.481,0.987,True,999,0.0001294589601457119,0.009539125021547079,weak_10x10_bal_strong_1000,weak_null,False,110,2587230331,-1.5543122344752192e-15,2,54
1000,1000,0.13683211603840428,0.16288005279355366,0.09198961238143966,0.14127565409523868,-0.02604793675514938,-0.04928604171379902,0.02499798133537306,-1.042001608277489,-1.9716008685892354,0.29741093330594537,0.04865518797160993,0.416,0.302,0.06,True,999,0.00014108407776802778,0.009606999927200377,weak_10x10_bal_strong_1000,weak_null,False,111,2587230331,-1.5543122344752192e-15,0,55
1000,1000,0.12071418380810073,0.16622776770573322,0.07718901930456923,0.1393961883479733,-0.04551358389763249,-0.062207169043404065,0.025881424061609513,-1.7585424893657144,-2.403545063645757,0.07865524861949211,0.016236965660197927,0.161,0.088,0.016,True,999,0.00013712502550333738,0.009663500008173287,weak_10x10_bal_strong_1000,weak_null,False,112,2587230331,-1.5543122344752192e-15,0,49
1000,1000,0.11886552205697587,0.1197821931725791,0.07466066868028065,0.09930379298850767,-0.0009166711156032292,-0.024643124308227016,0.023587316207082643,-0.03886288323586289,-1.044761688522552,0.9689997090864823,0.29613312570582095,0.975,0.971,0.304,True,999,0.00015483400784432888,0.009459667024202645,weak_10x10_bal_strong_1000,weak_null,False,113,2587230331,-1.5543122344752192e-15,0,58
1000,1000,0.15176916008712693,0.13522320660232745,0.10728803838219392,0.11337718261211194,0.01654595348479948,-0.00608914422991802,0.025285584784243708,0.6543630936750103,-0.24081484695233818,0.5128779058292678,0.8096986220035661,0.629,0.54,0.813,True,999,0.00013762502931058407,0.009571333066560328,weak_10x10_bal_strong_1000,weak_null,False,114,2587230331,-1.5543122344752192e-15,0,56
1000,1000,0.12624961671046764,0.126117589565293,0.08191735414175128,0.10439085433915807,0.0001320271451746291,-0.022473500197406793,0.024087849618937843,0.005481068142788034,-0.9329807580556361,0.9956267622490521,0.3508299033689585,0.997,0.994,0.342,True,999,0.00012891704682260752,0.00945625000167638,weak_10x10_bal_strong_1000,weak_null,False,115,2587230331,-1.5543122344752192e-15,0,57
1000,1000,0.15489770359294575,0.14122494260709428,0.11136372593546184,0.11559649083960721,0.013672760985851462,-0.00423276490414537,0.025575934477937344,0.5345947768847329,-0.16549795698752257,0.5929300961518345,0.8685520577487537,0.651,0.575,0.862,True,999,0.00012612505815923214,0.009677333058789372,weak_10x10_bal_strong_1000,weak_null,False,116,2587230331,-1.5543122344752192e-15,1,55
1000,1000,0.1646142335137215,0.12987255260415975,0.12034807080772225,0.10784097518580893,0.034741680909561756,0.012507095621913322,0.024823555812900123,1.39954489886205,0.5038398090983294,0.16164964416759853,0.6143739505855412,0.265,0.162,0.591,True,999,0.00012124993372708559,0.00966374995186925,weak_10x10_bal_strong_1000,weak_null,False,117,2587230331,-1.5543122344752192e-15,0,56
1000,1000,0.16721238718821096,0.15262022841064438,0.12363641179717888,0.12938771885092137,0.014592158777566588,-0.005751307053742494,0.02592585791923666,0.5628418863909376,-0.2218367111190213,0.5735425551762706,0.8244410000458461,0.642,0.554,0.848,True,999,0.00013591698370873928,0.00966608407907188,weak_10x10_bal_strong_1000,weak_null,False,118,2587230331,-1.5543122344752192e-15,1,53
1000,1000,0.12353007429643714,0.11465228300014635,0.07981052495188123,0.0944945383872664,0.008877791296290793,-0.014684013435385168,0.02284254453464304,0.38865159189365794,-0.6428361522121745,0.6975338964583166,0.5203304221459686,0.779,0.716,0.528,True,999,0.00012395891826599836,0.009468458010815084,weak_10x10_bal_strong_1000,weak_null,False,119,2587230331,-1.5543122344752192e-15,0,60
1000,1000,0.12703639321958615,0.12627571403505045,0.08407341902238841,0.10081657970442848,0.0007606791845357064,-0.01674316068204007,0.02360880785564735,0.032220143820338984,-0.7091912808310233,0.9742964920724603,0.47820578352388055,0.978,0.97,0.498,True,999,0.00012845895253121853,0.009520624997094274,weak_10x10_bal_strong_1000,weak_null,False,120,2587230331,-1.5543122344752192e-15,1,54
1000,1000,0.16478082725062793,0.13164134161573027,0.12080398026409966,0.10354331090854885,0.03313948563489766,0.017260669355550817,0.024538079776226737,1.3505329649716207,0.7034238014122643,0.17684508697928836,0.4817916779136526,0.3,0.18,0.475,True,999,0.00012737500946968794,0.009503458975814283,weak_10x10_bal_strong_1000,weak_null,False,121,2587230331,-1.5543122344752192e-15,1,49
1000,1000,0.1316640575638388,0.1278855518668739,0.0882261285714776,0.09782667692002178,0.0037785056969649178,-0.00960054834854418,0.02413851534021992,0.15653430394159829,-0.3977273752436471,0.8756118818696538,0.6908311560639173,0.906,0.877,0.704,True,999,0.00012487510684877634,0.00945854198653251,weak_10x10_bal_strong_1000,weak_null,False,122,2587230331,-1.5543122344752192e-15,1,50
1000,1000,0.14577065323819705,0.11935960215783825,0.10041633510627435,0.09722150320106948,0.026411051080358794,0.0031948319052048646,0.024519634206300107,1.0771388699417344,0.1302968828296786,0.28141823016858303,0.8963315461887007,0.42,0.293,0.889,True,999,0.0001731659285724163,0.009507250040769577,weak_10x10_bal_strong_1000,weak_null,False,123,2587230331,-1.5543122344752192e-15,0,57
1000,1000,0.14765183139894633,0.13590749455188628,0.10423184624232817,0.1133353117818956,0.011744336847060055,-0.009103465539567424,0.02558654965714902,0.45900432080253634,-0.3557910566899694,0.6462310632674436,0.7219970471521167,0.71,0.651,0.729,True,999,0.00012937502469867468,0.009695208980701864,weak_10x10_bal_strong_1000,weak_null,False,124,2587230331,-1.5543122344752192e-15,1,57
1000,1000,0.1330708916098846,0.1336993173339337,0.08872209241781093,0.11204269287060242,-0.0006284257240490865,-0.023320600452791496,0.024864057958736457,-0.025274463448082384,-0.937924151057465,0.9798360426393457,0.3482833907806937,0.987,0.985,0.327,True,999,0.00012937502469867468,0.009399959002621472,weak_10x10_bal_strong_1000,weak_null,False,125,2587230331,-1.5543122344752192e-15,0,57
1000,1000,0.12356104970865056,0.16394016017405022,0.0805738499761901,0.14147323768520437,-0.04037911046539966,-0.06089938770901426,0.025214701352923967,-1.601411410756891,-2.4152333536146444,0.10928582705959784,0.015725131543111733,0.185,0.089,0.016,True,999,0.00012099999003112316,0.00944183289539069,weak_10x10_bal_strong_1000,weak_null,False,126,2587230331,-1.5543122344752192e-15,1,53
1000,1000,0.1446084110163719,0.11945801785651744,0.10014747510376765,0.09319191990289255,0.025150393159854456,0.0069555552008750965,0.023806506248555466,1.0564504046611431,0.292170347393883,0.2907624880296621,0.7701563823143007,0.415,0.28,0.758,True,999,0.00012991600669920444,0.009543624939396977,weak_10x10_bal_strong_1000,weak_null,False,127,2587230331,-1.5543122344752192e-15,0,52
1000,1000,0.16553392515343246,0.14642503045251887,0.12198375765046876,0.12471039775948611,0.019108894700913592,-0.002726640109017353,0.02520339338800825,0.7581873760699853,-0.10818543626409789,0.4483388174759334,0.9138485973245986,0.545,0.445,0.915,True,999,0.0001254169037565589,0.009702124982140958,weak_10x10_bal_strong_1000,weak_null,False,128,2587230331,-1.5543122344752192e-15,1,55
1000,1000,0.13958939938825798,0.11809706533219488,0.096910175389894,0.09584423052905322,0.0214923340560631,0.0010659448608407729,0.023698900995377085,0.9068915921567664,0.04497866213495324,0.36446412778613424,0.9641243168877237,0.519,0.38,0.958,True,999,0.00012974999845027924,0.009550624992698431,weak_10x10_bal_strong_1000,weak_null,False,129,2587230331,-1.5543122344752192e-15,1,56
1000,1000,0.13789922373141872,0.10230708733546467,0.09376948496401383,0.07646490601206324,0.035592136395954044,0.01730457895195059,0.02283197121748168,1.558872690269613,0.7579099845177208,0.11902651525304825,0.4485048725988996,0.261,0.122,0.454,True,999,0.00013699999544769526,0.009445166098885238,weak_10x10_bal_strong_1000,weak_null,False,130,2587230331,-1.5543122344752192e-15,1,53
1000,1000,0.13708626978293337,0.12202216979396818,0.0926083894310068,0.10099960008255948,0.015064099988965185,-0.008391210651552683,0.024236670209455927,0.6215416498545222,-0.34621961593877926,0.5342432994418795,0.7291776739015304,0.646,0.537,0.737,True,999,0.00012983393389731646,0.00942916702479124,weak_10x10_bal_strong_1000,weak_null,False,131,2587230331,-1.5543122344752192e-15,0,58
1000,1000,0.14453669537434344,0.14919687594419406,0.1007856363803512,0.12420324973629704,-0.004660180569850625,-0.023417613355945832,0.02526296880880144,-0.18446686156011288,-0.9269541332682683,0.853647221670951,0.35395034904057676,0.877,0.855,0.375,True,999,0.00012195901945233345,0.009612834081053734,weak_10x10_bal_strong_1000,weak_null,False,132,2587230331,-1.5543122344752192e-15,0,52
1000,1000,0.11783696713256431,0.11352880689496625,0.0739668251862895,0.08477347182997619,0.004308160237598058,-0.01080664664368669,0.022943075375821784,0.1877760573518469,-0.471019968625266,0.8510522053533514,0.6376264750839,0.891,0.845,0.612,True,999,0.00012183305807411671,0.009469540906138718,weak_10x10_bal_strong_1000,weak_null,False,133,2587230331,-1.5543122344752192e-15,0,50
1000,1000,0.1806527573869241,0.12631638749921636,0.13534687934816247,0.10570483458354829,0.054336369887707736,0.029642044764614184,0.025537483590172206,2.127710418132914,1.160726923619897,0.03336110060155797,0.2457529691748015,0.102,0.035,0.283,True,999,0.00012937490828335285,0.00970429100561887,weak_10x10_bal_strong_1000,weak_null,False,134,2587230331,-1.5543122344752192e-15,1,57
1000,1000,0.1328352447013672,0.1315781681871812,0.08840776727993216,0.10379134002675983,0.0012570765141859952,-0.015383572746827667,0.024454351313453433,0.051405023918766606,-0.6290730246589888,0.9590027815597666,0.5293012496777262,0.953,0.947,0.541,True,999,0.00012195797171443701,0.009537666919641197,weak_10x10_bal_strong_1000,weak_null,False,135,2587230331,-1.5543122344752192e-15,0,53
1000,1000,0.12884436596456128,0.1275730967594908,0.08593024126503224,0.10426227950256362,0.00127126920507048,-0.01833203823753138,0.023685629780753847,0.05367259460010098,-0.7739730126334822,0.9571960176598714,0.4389467506878916,0.967,0.958,0.448,True,999,0.00013570894952863455,0.009545167093165219,weak_10x10_bal_strong_1000,weak_null,False,136,2587230331,-1.5543122344752192e-15,1,53
1000,1000,0.15503499989000202,0.11361650178850258,0.11287510341708185,0.09075113807733715,0.041418498101499446,0.0221239653397447,0.02405049046849355,1.7221477522779922,0.9198966386455768,0.08504275666737106,0.35762677560886014,0.193,0.09,0.344,True,999,0.00012874999083578587,0.009713792009279132,weak_10x10_bal_strong_1000,weak_null,False,137,2587230331,-1.5543122344752192e-15,2,57
1000,1000,0.15616767162480505,0.09926715444866702,0.11307755174811973,0.08109962884356037,0.05690051717613803,0.031977922904559364,0.02340918905295656,2.4306915138075467,1.3660414648375263,0.015070039352530649,0.1719259490984376,0.077,0.018,0.217,True,999,0.00015016598626971245,0.009804291999898851,weak_10x10_bal_strong_1000,weak_null,False,138,2587230331,-1.5543122344752192e-15,2,61
1000,1000,0.14600932499267882,0.10877725766080382,0.10275220846597222,0.08413693373171327,0.03723206733187501,0.018615274734258946,0.022642897064855963,1.6443155319406055,0.8221242485420168,0.10011104267569439,0.4110061860210389,0.236,0.093,0.423,True,999,0.00013270799536257982,0.009564583073370159,weak_10x10_bal_strong_1000,weak_null,False,139,2587230331,-1.5543122344752192e-15,2,55
1000,1000,0.14032975081218169,0.1451878594481949,0.09682179719084161,0.12345432684298885,-0.004858108636013214,-0.02663252965214724,0.025869972614553646,-0.18778947733714232,-1.0294765305304037,0.8510416848873892,0.3032558028021787,0.891,0.862,0.303,True,999,0.00012833299115300179,0.009480500011704862,weak_10x10_bal_strong_1000,weak_null,False,140,2587230331,-1.5543122344752192e-15,0,56
1000,1000,0.13875595251077444,0.11198398714434749,0.09547841145740676,0.09015370582403648,0.026771965366426953,0.005324705633370286,0.024067901222308282,1.1123514725751118,0.2212368076546231,0.26598706075961054,0.8249080508849018,0.416,0.283,0.824,True,999,0.0001258330885320902,0.009626541985198855,weak_10x10_bal_strong_1000,weak_null,False,141,2587230331,-1.5543122344752192e-15,0,58
1000,1000,0.14422153364785828,0.14028277478996354,0.10083002366127403,0.11099692503705683,0.003938758857894742,-0.0101669013757828,0.024801571094193127,0.15881086093037616,-0.4099297313533178,0.8738178916280885,0.6818574947892356,0.905,0.881,0.713,True,999,0.00015208299737423658,0.009645416983403265,weak_10x10_bal_strong_1000,weak_null,False,142,2587230331,-1.5543122344752192e-15,0,49
1000,1000,0.12104979245154279,0.12885822706877414,0.07742402676512938,0.10088109847754367,-0.007808434617231352,-0.02345707171241429,0.023652008475633594,-0.330138331604085,-0.9917581306712228,0.7412954409574923,0.3213155265488661,0.804,0.747,0.354,True,999,0.00012700003571808338,0.009510042029432952,weak_10x10_bal_strong_1000,weak_null,False,143,2587230331,-1.5543122344752192e-15,0,50
1000,1000,0.14634775851601622,0.11072041419708523,0.10094938599604575,0.08675777053554157,0.035627344318931,0.014191615460504181,0.023130197114176694,1.5402957503157073,0.6135535892950095,0.12348827919911108,0.5395103601586065,0.263,0.131,0.549,True,999,0.00013095804024487734,0.009628874948248267,weak_10x10_bal_strong_1000,weak_null,False,144,2587230331,-1.5543122344752192e-15,0,55
1000,1000,0.16778403503125583,0.12539391026398272,0.12596477730357947,0.0915174754710506,0.04239012476727311,0.034447301832528865,0.024132281930877842,1.7565734102017891,1.4274365735986494,0.07899054849909196,0.15345409509845404,0.172,0.079,0.158,True,999,0.00012183305807411671,0.009596333955414593,weak_10x10_bal_strong_1000,weak_null,False,145,2587230331,-1.5543122344752192e-15,3,46
1000,1000,0.13189578669091073,0.1037872359580434,0.0875327074982124,0.07934036551034751,0.028108550732867332,0.008192341987864893,0.023154193219264423,1.2139723663306419,0.3538167756606962,0.22475827665098946,0.7234762005448858,0.376,0.218,0.739,True,999,0.0001296249683946371,0.0095394590171054,weak_10x10_bal_strong_1000,weak_null,False,146,2587230331,-1.5543122344752192e-15,0,55
1000,1000,0.1349757887424441,0.14936007080005398,0.0916558265025742,0.12754363584542716,-0.014384282057609887,-0.03588780934285296,0.02594028500637329,-0.5545151895623275,-1.383477835113826,0.579226313235468,0.16651839899794985,0.651,0.581,0.178,True,999,0.00014708295930176973,0.009459958062507212,weak_10x10_bal_strong_1000,weak_null,False,147,2587230331,-1.5543122344752192e-15,1,56
1000,1000,0.151989373533171,0.15091859085865011,0.10707727047474691,0.12478317708541908,0.001070782674520876,-0.017705906610672173,0.02546916339621348,0.04204231830716787,-0.6951899571740359,0.9664649627922423,0.4869362652251281,0.981,0.977,0.548,True,999,0.00013883400242775679,0.009619958931580186,weak_10x10_bal_strong_1000,weak_null,False,148,2587230331,-1.5543122344752192e-15,0,52
1000,1000,0.11909408186453341,0.10176919211451374,0.07628733709589142,0.07587113284256475,0.017324889750019667,0.00041620425332666855,0.022729805150807768,0.7622102184806445,0.01831094681917577,0.44593454830788126,0.9853907946324868,0.611,0.466,0.986,True,999,0.0001242499565705657,0.00944766600150615,weak_10x10_bal_strong_1000,weak_null,False,149,2587230331,-1.5543122344752192e-15,1,54
1000,1000,0.14051394596703481,0.15739617129798267,0.09635509442296097,0.12734225671727017,-0.016882225330947853,-0.0309871622943092,0.025127128306366694,-0.671872452956363,-1.2332154282213657,0.5016648987169855,0.21749540075118257,0.572,0.506,0.203,True,999,0.00013162498362362385,0.009716125088743865,weak_10x10_bal_strong_1000,weak_null,False,150,2587230331,-1.5543122344752192e-15,0,49
1000,1000,0.140159800190367,0.16427290514509263,0.09616294443321749,0.14429893158478535,-0.024113104954725628,-0.04813598715156786,0.025402581194681098,-0.9492383773887724,-1.8949250386274439,0.34249938686048387,0.058102333454632595,0.441,0.332,0.078,True,999,0.00013399997260421515,0.009483290952630341,weak_10x10_bal_strong_1000,weak_null,False,151,2587230331,-1.5543122344752192e-15,0,56
1000,1000,0.12550969655159783,0.14075587363823627,0.08231577218612074,0.12422792024449336,-0.015246177086638446,-0.04191214805837262,0.024763348156885055,-0.6156751094419148,-1.6925073214188775,0.5381089681793064,0.0905492853438568,0.64,0.552,0.108,True,999,0.00012100010644644499,0.009453792008571327,weak_10x10_bal_strong_1000,weak_null,False,152,2587230331,-1.5543122344752192e-15,0,62
1000,1000,0.13874371088509418,0.1362995831371775,0.09466512357130341,0.10722971882506727,0.002444127747916691,-0.012564595253763855,0.024848686089442188,0.09836044204184954,-0.5056442505063619,0.9216460849917881,0.6131064114114553,0.948,0.933,0.623,True,999,0.00011870800517499447,0.00955870805773884,weak_10x10_bal_strong_1000,weak_null,False,153,2587230331,-1.5543122344752192e-15,0,50
1000,1000,0.11323538740925487,0.15931839841731887,0.06971779612786122,0.13633565815018756,-0.046083011008064,-0.06661786202232634,0.025155669383515107,-1.831913526350561,-2.6482245813733756,0.0669643049887615,0.00809157516192467,0.13,0.065,0.01,True,999,0.00012445892207324505,0.009383959113620222,weak_10x10_bal_strong_1000,weak_null,False,154,2587230331,-1.5543122344752192e-15,0,56
1000,1000,0.14512217971346386,0.11098877160439713,0.10034707195291048,0.08401155790005532,0.03413340810906673,0.01633551405285516,0.023569629833122815,1.4481944922655703,0.6930746969092648,0.14756266451260433,0.4882626759201817,0.273,0.146,0.492,True,999,0.00012983300257474184,0.009578750003129244,weak_10x10_bal_strong_1000,weak_null,False,155,2587230331,-1.5543122344752192e-15,0,53
1000,1000,0.1540609837496354,0.14227506757297637,0.11014220550032405,0.12156247150051058,0.011785916176659028,-0.01142026600018653,0.025646167721130618,0.45955857049738746,-0.4453010728295691,0.6458331021872554,0.6561021926753624,0.716,0.654,0.672,True,999,0.000130290980450809,0.009730041958391666,weak_10x10_bal_strong_1000,weak_null,False,156,2587230331,-1.5543122344752192e-15,0,57
1000,1000,0.13569288960691006,0.1214422582086232,0.09169976726934692,0.09909804655751486,0.014250631398286862,-0.0073982792881679416,0.024661764366845657,0.5778431415655269,-0.29998986196275185,0.563370025632293,0.7641848886816125,0.656,0.579,0.764,True,999,0.00012333295308053493,0.009382958058267832,weak_10x10_bal_strong_1000,weak_null,False,157,2587230331,-1.5543122344752192e-15,0,55
1000,1000,0.14195404554258007,0.13722655090848934,0.09955299381499572,0.1164240452891363,0.004727494634090723,-0.016871051474140586,0.02394143535552956,0.19746078561655042,-0.7046800337409184,0.8434669657966256,0.48100937942415745,0.877,0.837,0.499,True,999,0.00012037495616823435,0.00966004200745374,weak_10x10_bal_strong_1000,weak_null,False,158,2587230331,-1.5543122344752192e-15,2,57
1000,1000,0.15119124490441704,0.10947215327791637,0.10717920473553022,0.08862374088710112,0.04171909162650067,0.0185554638484291,0.023679839254203767,1.761797923484404,0.783597542586149,0.07810344572262189,0.43327629820695457,0.201,0.086,0.459,True,999,0.00012637500185519457,0.009701874922029674,weak_10x10_bal_strong_1000,weak_null,False,159,2587230331,-1.5543122344752192e-15,1,58
1000,1000,0.14137685754192164,0.12180630433290324,0.09726252264817958,0.0947759549624152,0.019570553209018404,0.002486567685764385,0.024677369533546902,0.793056698462687,0.10076307697155873,0.42774478972494756,0.9197385379225903,0.545,0.437,0.915,True,999,0.00013200007379055023,0.009655791916884482,weak_10x10_bal_strong_1000,weak_null,False,160,2587230331,-1.5543122344752192e-15,0,52
1000,1000,0.1324061065854263,0.10780554718499347,0.08931056991877995,0.0822368260866142,0.02460055940043282,0.007073743832165746,0.02279940981668382,1.0789998336900362,0.31025995361465125,0.2805878017921205,0.7563632818925479,0.414,0.282,0.729,True,999,0.00014362495858222246,0.009493833989836276,weak_10x10_bal_strong_1000,weak_null,False,161,2587230331,-1.5543122344752192e-15,1,54
1000,1000,0.12501696936372397,0.1273214175054065,0.08069357350950668,0.10819550210987927,-0.0023044481416825136,-0.027501928600372594,0.024387998032239393,-0.09449107461121567,-1.1276829104224455,0.92471907215222,0.2594538575131963,0.937,0.92,0.26,True,999,0.00012070802040398121,0.009490457945503294,weak_10x10_bal_strong_1000,weak_null,False,162,2587230331,-1.5543122344752192e-15,0,59
1000,1000,0.13994055154534335,0.10617793673913706,0.09551854499113688,0.0901616028263561,0.03376261480620629,0.005356942164780776,0.02345464394126139,1.4394852844818133,0.22839579991904493,0.1500130763214471,0.8193385543537512,0.288,0.156,0.813,True,999,0.0001332079991698265,0.00962429097853601,weak_10x10_bal_strong_1000,weak_null,False,163,2587230331,-1.5543122344752192e-15,0,63
1000,1000,0.17324356582353628,0.13733360821167773,0.12959309130019392,0.11417555933826407,0.035909957611858556,0.015417531961929853,0.025393567721294384,1.414135973565676,0.6071431998506107,0.1573219825798049,0.5437558831607572,0.25,0.152,0.556,True,999,0.0001329589867964387,0.009727584081701934,weak_10x10_bal_strong_1000,weak_null,False,164,2587230331,-1.5543122344752192e-15,1,55
1000,1000,0.1424075307499928,0.13930184706572357,0.0990052511151589,0.11542279716053372,0.0031056836842692226,-0.01641754604537482,0.02458963734832007,0.12630050782271493,-0.6676611701431393,0.8994940542946892,0.5043499014785331,0.924,0.9,0.516,True,999,0.00012550002429634333,0.00960770808160305,weak_10x10_bal_strong_1000,weak_null,False,165,2587230331,-1.5543122344752192e-15,1,56
1000,1000,0.15515336047770845,0.1545508236044021,0.11105094271533744,0.13251196878064775,0.0006025368733063585,-0.021461026065310307,0.026394892528681605,0.022827782786068215,-0.8130749553910861,0.9817876463375584,0.4161750845295258,0.979,0.977,0.437,True,999,0.0001230000052601099,0.00957937492057681,weak_10x10_bal_strong_1000,weak_null,False,166,2587230331,-1.5543122344752192e-15,0,57
1000,1000,0.12454322600781742,0.1466616990989006,0.08090846983213851,0.12118544923066565,-0.02211847309108317,-0.040276979398527146,0.024921609013946897,-0.8875218722316441,-1.6161468296845085,0.3747979957872458,0.10606257136726766,0.487,0.37,0.119,True,999,0.00012416706886142492,0.009520708001218736,weak_10x10_bal_strong_1000,weak_null,False,167,2587230331,-1.5543122344752192e-15,0,52
1000,1000,0.14471405929416337,0.14739768812948928,0.10024227652729678,0.12064451487560746,-0.002683628835325913,-0.020402238348310675,0.02488095795007293,-0.10785874244516566,-0.8199940850047084,0.9141077448914903,0.41221947915724044,0.953,0.943,0.456,True,999,0.00012929202057421207,0.009704416966997087,weak_10x10_bal_strong_1000,weak_null,False,168,2587230331,-1.5543122344752192e-15,0,50
1000,1000,0.13530063668495318,0.13664111160827486,0.09033063507877159,0.11288066492988946,-0.0013404749233216773,-0.02255002985111787,0.024115310162388815,-0.0555860536022603,-0.9350918441135284,0.9556715749398081,0.3497409693513337,0.977,0.966,0.368,True,999,0.00012658396735787392,0.009591667097993195,weak_10x10_bal_strong_1000,weak_null,False,169,2587230331,-1.5543122344752192e-15,1,53
1000,1000,0.15666095669239866,0.11044388170616781,0.11399567985608883,0.0883269471653989,0.046217074986230844,0.02566873269068992,0.023909494011849854,1.9330009645258517,1.0735790844410245,0.05323607898239149,0.2830113759738335,0.152,0.06,0.301,True,999,0.000130290980450809,0.009609916945919394,weak_10x10_bal_strong_1000,weak_null,False,170,2587230331,-1.5543122344752192e-15,1,57
1000,1000,0.15261743346943346,0.09279261665496363,0.10975122581294272,0.07310356177259791,0.05982481681446983,0.03664766404034481,0.02289391325331935,2.6131319775921633,1.6007601511738638,0.008971664976320978,0.10943005271778722,0.049,0.009,0.115,True,999,0.00012712494935840368,0.009531000046990812,weak_10x10_bal_strong_1000,weak_null,False,171,2587230331,-1.5543122344752192e-15,2,59
1000,1000,0.14261037121332576,0.13344505415150326,0.09990837476743764,0.11133550757796229,0.009165317061822498,-0.011427132810524654,0.024591489106683687,0.37270280876693507,-0.4646783592872743,0.7093696457525047,0.6421618080096838,0.752,0.693,0.626,True,999,0.00013145804405212402,0.009736874955706298,weak_10x10_bal_strong_1000,weak_null,False,172,2587230331,-1.5543122344752192e-15,2,57
1000,1000,0.12599514251447141,0.10830308965870672,0.08170633551753781,0.08824315714116437,0.017692052855764695,-0.006536821623626565,0.022634160795656975,0.7816526981269583,-0.2888033571309101,0.43441870761863344,0.7727318629142593,0.59,0.453,0.795,True,999,0.00012058299034833908,0.009480290929786861,weak_10x10_bal_strong_1000,weak_null,False,173,2587230331,-1.5543122344752192e-15,0,59
1000,1000,0.14254899755086958,0.11927437973891886,0.09894401305473366,0.09502748301520114,0.023274617811950726,0.0039165300395325175,0.024236344505457766,0.9603188222840094,0.16159739100302675,0.33689477984260785,0.8716229119869532,0.472,0.376,0.871,True,999,0.00012620899360626936,0.009503500070422888,weak_10x10_bal_strong_1000,weak_null,False,174,2587230331,-1.5543122344752192e-15,0,54
1000,1000,0.1380969076610139,0.1258046079344225,0.09487655709290266,0.10513682704822713,0.012292299726591405,-0.010260269955324475,0.024675197370238395,0.4981641906304494,-0.4158130855601479,0.6183683198226763,0.6775467827637147,0.705,0.655,0.711,True,999,0.00012304203119128942,0.009536916972137988,weak_10x10_bal_strong_1000,weak_null,False,175,2587230331,-1.5543122344752192e-15,1,58
1000,1000,0.14057717729845542,0.12313154200409482,0.09682570006634705,0.0994291409200514,0.017445635294360606,-0.002603440853704342,0.023928179192411306,0.7290832768376039,-0.1088022967719169,0.46595072351258937,0.9133593020752526,0.595,0.475,0.912,True,999,0.00013233302161097527,0.009770917007699609,weak_10x10_bal_strong_1000,weak_null,False,176,2587230331,-1.5543122344752192e-15,0,54
1000,1000,0.10782867046194022,0.11948027716969045,0.06439900301757007,0.09664340334910548,-0.011651606707750228,-0.03224440033153542,0.023307957817973665,-0.4998982235485781,-1.3834073574077999,0.6171467431945594,0.16653999586741886,0.718,0.621,0.15,True,999,0.00012600002810359,0.00955570803489536,weak_10x10_bal_strong_1000,weak_null,False,177,2587230331,-1.5543122344752192e-15,0,57
1000,1000,0.13433798900888494,0.0976753646934696,0.09031760760353791,0.07407806956234708,0.03666262431541534,0.016239538041190826,0.022790533623934642,1.6086777484188528,0.712556288025483,0.10768682380718117,0.4761203687945901,0.233,0.106,0.495,True,999,0.0001658749533817172,0.009523499989882112,weak_10x10_bal_strong_1000,weak_null,False,178,2587230331,-1.5543122344752192e-15,0,55
1000,1000,0.12105561274940291,0.1505095115844865,0.07715459789096712,0.1308021582336778,-0.029453898835083592,-0.053647560342710676,0.024492128481987598,-1.2025863271436397,-2.1904000863855115,0.2291364413326581,0.028495233769923006,0.344,0.241,0.031,True,999,0.00013800000306218863,0.009638083050958812,weak_10x10_bal_strong_1000,weak_null,False,179,2587230331,-1.5543122344752192e-15,0,59
1000,1000,0.1274242220107773,0.14502066251088686,0.08389501423425827,0.11868804807329525,-0.017596440500109556,-0.03479303383903698,0.02508680004889154,-0.701422280474829,-1.3869060131714293,0.48303952141040063,0.16547042402440226,0.571,0.489,0.176,True,999,0.00012333295308053493,0.00942820799537003,weak_10x10_bal_strong_1000,weak_null,False,180,2587230331,-1.5543122344752192e-15,0,53
1000,1000,0.14398753195018932,0.13358270469915334,0.10101579886941181,0.10488097078268765,0.010404827251035975,-0.0038651719132758444,0.024021921613596873,0.4331388395317484,-0.1609018618680398,0.6649139078599928,0.8721706958550692,0.742,0.678,0.882,True,999,0.00012687500566244125,0.009575707954354584,weak_10x10_bal_strong_1000,weak_null,False,181,2587230331,-1.5543122344752192e-15,1,51
1000,1000,0.14674128140227927,0.13576986713744366,0.10261141185173983,0.10876694834206546,0.01097141426483561,-0.0061555364903256304,0.024254691541942618,0.45234194159357605,-0.2537874571474603,0.6510226654482125,0.7996597640211217,0.739,0.661,0.808,True,999,0.00012199999764561653,0.009507416980341077,weak_10x10_bal_strong_1000,weak_null,False,182,2587230331,-1.5543122344752192e-15,1,51
1000,1000,0.142926148390234,0.13401159346733382,0.09903799374296796,0.11173841010349861,0.008914554922900164,-0.012700416360530653,0.024120047051985432,0.3695911083293831,-0.5265502315628867,0.7116871772472271,0.5985059606978704,0.776,0.722,0.615,True,999,0.00013058295007795095,0.009533624979667366,weak_10x10_bal_strong_1000,weak_null,False,183,2587230331,-1.5543122344752192e-15,1,55
1000,1000,0.14451158105319983,0.1384155259163613,0.10095380869961446,0.1137781051248794,0.00609605513683853,-0.012824296425264947,0.02454433995463646,0.24836908012622994,-0.5224950619559203,0.803848854666888,0.6013256837185776,0.835,0.796,0.602,True,999,0.00015691702719777822,0.009435415966436267,weak_10x10_bal_strong_1000,weak_null,False,184,2587230331,-1.5543122344752192e-15,1,52
1000,1000,0.13995293099209327,0.12876126023475287,0.09726492481240712,0.10621238707000202,0.0111916707573404,-0.008947462257594907,0.024796918854743614,0.4513331201710752,-0.3608295978225243,0.6517494776003965,0.7182268354193507,0.703,0.634,0.701,True,999,0.00012229196727275848,0.009632667060941458,weak_10x10_bal_strong_1000,weak_null,False,185,2587230331,-1.5543122344752192e-15,1,57
1000,1000,0.15582710142901934,0.16864155163900407,0.11184439955650305,0.13751592857283867,-0.012814450209984729,-0.025671529016335626,0.025621491675805717,-0.5001445806563,-1.0019529440815953,0.6169732774599421,0.3163663201476551,0.695,0.64,0.35,True,999,0.00012362503912299871,0.00956187502015382,weak_10x10_bal_strong_1000,weak_null,False,186,2587230331,-1.5543122344752192e-15,1,45
1000,1000,0.1288569624118754,0.1372432125642431,0.08560151229949042,0.10736527513722649,-0.008386250152367714,-0.021763762837736067,0.024345572901301245,-0.34446715164051356,-0.8939515585017438,0.7304949953590286,0.3713478099725658,0.791,0.737,0.389,True,999,0.00012141698971390724,0.009469416923820972,weak_10x10_bal_strong_1000,weak_null,False,187,2587230331,-1.5543122344752192e-15,1,50
1000,1000,0.15005051766439603,0.1514112921602051,0.10468639645023359,0.12917635548740236,-0.0013607744958090695,-0.024489959037168774,0.026017619628260432,-0.05230203666791221,-0.9412836142230203,0.958288030513753,0.3465595375197006,0.966,0.961,0.391,True,999,0.00011675001587718725,0.009661750053055584,weak_10x10_bal_strong_1000,weak_null,False,188,2587230331,-1.5543122344752192e-15,0,55
1000,1000,0.1477549926515933,0.16634573445765743,0.1046710620680642,0.14253777146245739,-0.018590741806064126,-0.03786670939439318,0.02568353591281292,-0.7238388775273593,-1.4743573284822655,0.46916465826786924,0.1403854071912983,0.541,0.462,0.141,True,999,0.00012737500946968794,0.009746292023919523,weak_10x10_bal_strong_1000,weak_null,False,189,2587230331,-1.5543122344752192e-15,1,53
1000,1000,0.13268796721239084,0.13424726134343012,0.09076897949489648,0.10598215967854685,-0.0015592941310392794,-0.015213180183650366,0.023735500197743335,-0.0656945974615496,-0.6409462643259048,0.9476209737244214,0.5215575960737353,0.961,0.95,0.54,True,999,0.00012937490828335285,0.009511083015240729,weak_10x10_bal_strong_1000,weak_null,False,190,2587230331,-1.5543122344752192e-15,2,50
1000,1000,0.12748307750237142,0.1467234135097224,0.08392780488657081,0.1231534537485004,-0.019240336007350978,-0.039225648861929585,0.024652828737943864,-0.7804514529295226,-1.5911216225485834,0.43512519222539925,0.11158220723895557,0.5,0.421,0.116,True,999,0.00012920901644974947,0.009470209013670683,weak_10x10_bal_strong_1000,weak_null,False,191,2587230331,-1.5543122344752192e-15,0,54
1000,1000,0.137181963838092,0.1490697255199156,0.09472288687857144,0.12073726783330585,-0.011887761681823594,-0.026014380954734406,0.02506765226769233,-0.47422716554692157,-1.0377669466981652,0.635337923505493,0.2993785686077658,0.698,0.628,0.294,True,999,0.00012579199392348528,0.009711624938063323,weak_10x10_bal_strong_1000,weak_null,False,192,2587230331,-1.5543122344752192e-15,1,50
1000,1000,0.16176103768229888,0.13050437025563016,0.11747801657838863,0.11309555840472285,0.031256667426668716,0.004382458173665782,0.025632096948082533,1.2194346599881654,0.17097540566198668,0.22267926147102834,0.8642431042610282,0.342,0.253,0.856,True,999,0.0001261249417439103,0.009670375031419098,weak_10x10_bal_strong_1000,weak_null,False,193,2587230331,-1.5543122344752192e-15,1,62
1000,1000,0.15230036115312062,0.14524502610809908,0.10786510322441245,0.12281424527986928,0.007055335045021538,-0.014949142055456832,0.025380417856884715,0.27798340771240304,-0.5890029919819352,0.781025095699337,0.5558592665240714,0.833,0.783,0.567,True,999,0.00013145897537469864,0.009586291969753802,weak_10x10_bal_strong_1000,weak_null,False,194,2587230331,-1.5543122344752192e-15,0,55
1000,1000,0.1424420943101472,0.12614144069566247,0.1000743044714909,0.09959958444312633,0.01630065361448474,0.0004747200283645725,0.02441170664636529,0.667739206054722,0.01944640885790976,0.5043000790127592,0.9844849884821211,0.616,0.507,0.981,True,999,0.00012804195284843445,0.009548333007842302,weak_10x10_bal_strong_1000,weak_null,False,195,2587230331,-1.5543122344752192e-15,2,53
1000,1000,0.12733875696317032,0.13280943932629663,0.08408507371314045,0.10776176309786933,-0.005470682363126311,-0.02367668938472889,0.024468232745350926,-0.2235830605365549,-0.9676501621976588,0.8230817457439437,0.3332191160651077,0.857,0.815,0.313,True,999,0.00013066700194031,0.009488000068813562,weak_10x10_bal_strong_1000,weak_null,False,196,2587230331,-1.5543122344752192e-15,1,52
1000,1000,0.14421360616491175,0.10814009588430173,0.10113145449122385,0.08474717259127829,0.03607351028061001,0.016384281899945563,0.02287223345647006,1.5771748023324585,0.7163393960247816,0.11475530918965234,0.47378180637551714,0.257,0.112,0.502,True,999,0.0001319580478593707,0.009526583016850054,weak_10x10_bal_strong_1000,weak_null,False,197,2587230331,-1.5543122344752192e-15,1,56
1000,1000,0.12828599003534835,0.13020068992457057,0.08419977195580941,0.0994325514340062,-0.0019146998892222156,-0.01523277947819679,0.023914050793378,-0.08006589539202667,-0.6369803096017038,0.9361848471715012,0.5241376694335371,0.948,0.931,0.531,True,999,0.00012170802801847458,0.009432457969523966,weak_10x10_bal_strong_1000,weak_null,False,198,2587230331,-1.5543122344752192e-15,0,48
1000,1000,0.12288710328388142,0.11747881868918475,0.07860360720906101,0.08602150293609157,0.005408284594696666,-0.0074178957270305546,0.02313641876697708,0.23375634099500234,-0.3206155542800866,0.8151741454078334,0.7485017488120438,0.865,0.811,0.758,True,999,0.0001228339970111847,0.00953999999910593,weak_10x10_bal_strong_1000,weak_null,False,199,2587230331,-1.5543122344752192e-15,0,48
1000,1000,0.13884619745844695,0.13948905631729885,0.09405839858345644,0.11997359995700663,-0.0006428588588519024,-0.02591520137355019,0.024500807360284888,-0.026238272453582828,-1.0577284655344865,0.9790672893781348,0.29017925379290255,0.983,0.972,0.292,True,999,0.00013091601431369781,0.00965312507469207,weak_10x10_bal_strong_1000,weak_null,False,200,2587230331,-1.5543122344752192e-15,0,58
1000,1000,0.13478530128778488,0.13538964998618763,0.09115479014189987,0.1182042949315587,-0.0006043486984027568,-0.02704950478965884,0.024366143407964277,-0.024802804788763594,-1.110126635010179,0.9802122538499648,0.2669444612276912,0.981,0.975,0.287,True,999,0.00012441608123481274,0.009530208073556423,weak_10x10_bal_strong_1000,weak_null,False,201,2587230331,-1.5543122344752192e-15,0,60
1000,1000,0.16627903349709827,0.15120458073201282,0.12397199635097422,0.1276525742063086,0.015074452765085455,-0.003680577855334377,0.024570272370259178,0.6135240398609567,-0.14979800792886175,0.5395298922397449,0.880923981066859,0.653,0.558,0.894,True,999,0.00014529097825288773,0.00962899997830391,weak_10x10_bal_strong_1000,weak_null,False,202,2587230331,-1.5543122344752192e-15,3,53
1000,1000,0.1496695034437301,0.13845342061928145,0.10672457710415983,0.10960335684205802,0.011216082824448637,-0.002878779737898185,0.024818348507789998,0.4519270418387479,-0.11599400890815083,0.6513215426458459,0.9076572899442484,0.731,0.677,0.91,True,999,0.00013287493493407965,0.009498125058598816,weak_10x10_bal_strong_1000,weak_null,False,203,2587230331,-1.5543122344752192e-15,2,48
1000,1000,0.13384067710383274,0.13595451027748862,0.09051759358089839,0.1083399557650182,-0.002113833173655877,-0.01782236218411981,0.02404905116903002,-0.08789673899392908,-0.7410837982278137,0.929958748480163,0.45864263256297044,0.94,0.929,0.449,True,999,0.00011754198931157589,0.009549375041387975,weak_10x10_bal_strong_1000,weak_null,False,204,2587230331,-1.5543122344752192e-15,1,50
1000,1000,0.09968562354191013,0.14506966292573442,0.055993899195527774,0.12631508534605018,-0.04538403938382429,-0.07032118615052241,0.02392852811575755,-1.8966498551132251,-2.9388011586142695,0.05787416598259564,0.0032948438233412368,0.135,0.065,0.006,True,999,0.00013179192319512367,0.009404291049577296,weak_10x10_bal_strong_1000,weak_null,False,205,2587230331,-1.5543122344752192e-15,0,59
1000,1000,0.12685948064270924,0.12786732283600888,0.08293767340455815,0.10582716187929009,-0.001007842193299635,-0.022889488474731934,0.0242567065663539,-0.041549012045089304,-0.9436354606557177,0.9668582206018325,0.345355964839123,0.978,0.969,0.341,True,999,0.00012550002429634333,0.009456917061470449,weak_10x10_bal_strong_1000,weak_null,False,206,2587230331,-1.5543122344752192e-15,0,55
1000,1000,0.1727802539735439,0.12132695542192895,0.1306157225167226,0.09576997624799333,0.05145329855161496,0.03484574626872927,0.023994218612944266,2.144404007549436,1.4522559300985483,0.03200052943731387,0.1464304563173342,0.092,0.03,0.149,True,999,0.0001230830093845725,0.009706916054710746,weak_10x10_bal_strong_1000,weak_null,False,207,2587230331,-1.5543122344752192e-15,3,52
1000,1000,0.14243708715058423,0.1302400766686731,0.09948093169350614,0.10585641540524193,0.01219701048191113,-0.0063754837117357965,0.024537421363907984,0.4970779244086208,-0.25982696458534454,0.619134101308257,0.7949972503617251,0.709,0.633,0.796,True,999,0.0001247500767931342,0.009502791916020215,weak_10x10_bal_strong_1000,weak_null,False,208,2587230331,-1.5543122344752192e-15,1,52
1000,1000,0.1680401174178372,0.11833903103603227,0.12473915490863874,0.09590544337970641,0.049701086381804926,0.028833711528932326,0.02450624619588315,2.028098713468173,1.176586217997604,0.04255017420502706,0.23936070130501108,0.113,0.04,0.244,True,999,0.00018712494056671858,0.009634834015741944,weak_10x10_bal_strong_1000,weak_null,False,209,2587230331,-1.5543122344752192e-15,2,56
1000,1000,0.13257441526037494,0.15748006129235848,0.08921345951785042,0.12898335682194784,-0.02490564603198353,-0.03976989730409741,0.025749818399151525,-0.9672163758950699,-1.544472923560807,0.3334358774423214,0.12247380576972214,0.448,0.351,0.133,True,999,0.0001267079496756196,0.009585333056747913,weak_10x10_bal_strong_1000,weak_null,False,210,2587230331,-1.5543122344752192e-15,1,51
1000,1000,0.1695230775963319,0.1558689491806673,0.1264071374089326,0.12742738909787477,0.013654128415664601,-0.0010202516889421531,0.02573002348912706,0.5306691002996765,-0.03965218645732247,0.595648102118952,0.9683704213501597,0.679,0.618,0.964,True,999,0.00012458395212888718,0.00950737507082522,weak_10x10_bal_strong_1000,weak_null,False,211,2587230331,-1.5543122344752192e-15,2,49
1000,1000,0.137216202886687,0.13684457887296986,0.09309459157520905,0.11761375489925285,0.00037162401371715337,-0.024519163324043802,0.025235280905909478,0.014726367227801622,-0.9716223653489041,0.9882504836319828,0.33123845183790857,0.989,0.987,0.33,True,999,0.00012237508781254292,0.009553125011734664,weak_10x10_bal_strong_1000,weak_null,False,212,2587230331,-1.5543122344752192e-15,0,59
1000,1000,0.12163044065389572,0.1492904195093545,0.07771558013018875,0.12473673705005695,-0.02765997885545879,-0.04702115691986819,0.024395842339468843,-1.133798885505546,-1.9274250204427232,0.2568789186114214,0.053926683968228216,0.4,0.273,0.055,True,999,0.00011675001587718725,0.009592083981260657,weak_10x10_bal_strong_1000,weak_null,False,213,2587230331,-1.5543122344752192e-15,0,53
1000,1000,0.1272143799444465,0.1451392239497562,0.08327617778195417,0.12620618576988818,-0.017924844005309692,-0.042930007987934005,0.02484460377388642,-0.7214783607919751,-1.7279409395555234,0.4706152496851368,0.08399881351901853,0.563,0.476,0.093,True,999,0.00012704194523394108,0.009683666983619332,weak_10x10_bal_strong_1000,weak_null,False,214,2587230331,-1.5543122344752192e-15,0,60
1000,1000,0.14965302037737827,0.12337969233639628,0.10486040927798967,0.10229807678672387,0.02627332804098198,0.0025623324912658063,0.02455520123823584,1.069969974429319,0.10434988768391361,0.2846328240349699,0.9168916893239897,0.42,0.292,0.919,True,999,0.00013833306729793549,0.009637667099013925,weak_10x10_bal_strong_1000,weak_null,False,215,2587230331,-1.5543122344752192e-15,0,58
1000,1000,0.14864035349362847,0.12003277425934689,0.10516496429954714,0.08971313300071415,0.028607579234281588,0.015451831298832985,0.02431741123223282,1.1764237139010147,0.6354225435950815,0.23942560015420455,0.5251528689970154,0.358,0.255,0.533,True,999,0.00016295898240059614,0.009515749989077449,weak_10x10_bal_strong_1000,weak_null,False,216,2587230331,-1.5543122344752192e-15,1,50
1000,1000,0.14562042525046337,0.1171394240471747,0.10225521634447432,0.09216248053917298,0.02848100120328867,0.010092735805301345,0.023826966956490444,1.1953263399112772,0.4235845806027818,0.23195955251654865,0.6718688025294752,0.321,0.215,0.643,True,999,0.00013254210352897644,0.009623582940548658,weak_10x10_bal_strong_1000,weak_null,False,217,2587230331,-1.5543122344752192e-15,1,53
1000,1000,0.14717232717941187,0.13253422944726423,0.1039452967283978,0.10403525938420444,0.014638097732147637,-8.996265580663021e-05,0.023870096978586365,0.6132399774194187,-0.003768843330939746,0.5397176746648886,0.996992905213046,0.662,0.547,0.998,True,999,0.00013091706205159426,0.009654875029809773,weak_10x10_bal_strong_1000,weak_null,False,218,2587230331,-1.5543122344752192e-15,1,49
1000,1000,0.1617904923873823,0.1513077247689274,0.11757931195688798,0.12612379883569247,0.010482767618454902,-0.008544486878804491,0.026156594779418316,0.40076958437661064,-0.3266666380261333,0.6885897741783256,0.7439200360692602,0.749,0.707,0.752,True,999,0.0001386249205097556,0.00963595905341208,weak_10x10_bal_strong_1000,weak_null,False,219,2587230331,-1.5543122344752192e-15,0,53
1000,1000,0.10955401673379761,0.1441538406332164,0.0662486289379558,0.12082143165969228,-0.03459982389941879,-0.05457280272173648,0.024934828384825025,-1.3876102680728992,-2.1886175384687507,0.1652557530597999,0.028624649995298512,0.278,0.174,0.034,True,999,0.00012720900122076273,0.009487500065006316,weak_10x10_bal_strong_1000,weak_null,False,220,2587230331,-1.5543122344752192e-15,0,55
1000,1000,0.15430276408514665,0.13381106074984328,0.11047951655700672,0.11380412874387957,0.02049170333530337,-0.003324612186872855,0.025772489001058215,0.7950998964229641,-0.1289984908611794,0.4265553949088581,0.8973588429703901,0.517,0.423,0.89,True,999,0.00012012501247227192,0.009452541009522974,weak_10x10_bal_strong_1000,weak_null,False,221,2587230331,-1.5543122344752192e-15,1,59
1000,1000,0.1396228502033212,0.1388280741064466,0.09468463548182626,0.12027770933559623,0.0007947760968746165,-0.025593073853769965,0.024706240721301335,0.03216904205864767,-1.035895106118027,0.9743372442540142,0.3002510810050302,0.981,0.973,0.313,True,999,0.00013191706966608763,0.009609750006347895,weak_10x10_bal_strong_1000,weak_null,False,222,2587230331,-1.5543122344752192e-15,0,60
1000,1000,0.15072091879502203,0.08519495057641213,0.1061748450038067,0.06437282849594794,0.0655259682186099,0.04180201650785875,0.022649327179561567,2.893064668063942,1.8456184670059559,0.003815027398291304,0.0649476231923001,0.038,0.006,0.062,True,999,0.00012316706124693155,0.009617500007152557,weak_10x10_bal_strong_1000,weak_null,False,223,2587230331,-1.5543122344752192e-15,0,59
1000,1000,0.18081348036452027,0.1025743781789995,0.13715061432458242,0.0869568197750823,0.07823910218552077,0.050193794549500126,0.024306785927728176,3.218817264370146,2.065011585601744,0.0012872048637989997,0.038921904096913984,0.017,0.003,0.044,True,999,0.00013395899441093206,0.00977333402261138,weak_10x10_bal_strong_1000,weak_null,False,224,2587230331,-1.5543122344752192e-15,2,63
1000,1000,0.1542124006519563,0.11472343593788581,0.11031668406758399,0.09457080756556024,0.039488964714070485,0.015745876502023748,0.024279196726032296,1.6264526853860115,0.6485336677197778,0.10385339082560573,0.5166398423899439,0.227,0.119,0.531,True,999,0.00013266701716929674,0.009649583022110164,weak_10x10_bal_strong_1000,weak_null,False,225,2587230331,-1.5543122344752192e-15,1,59
1000,1000,0.1436123590859384,0.1311869664705198,0.10020664390685852,0.11082211576712098,0.012425392615418585,-0.01061547186026246,0.02432403200886053,0.5108278352409822,-0.43641908777276545,0.6094716163506408,0.6625326924997137,0.695,0.616,0.674,True,999,0.00012620899360626936,0.00957795896101743,weak_10x10_bal_strong_1000,weak_null,False,226,2587230331,-1.5543122344752192e-15,1,59
1000,1000,0.13986629188006106,0.12869537432339984,0.09617533220625774,0.10803858960485968,0.01117091755666122,-0.011863257398601945,0.02446877492656813,0.4565376726127742,-0.4848325032292831,0.6480033869934717,0.6277951644551136,0.723,0.638,0.618,True,999,0.00013087503612041473,0.0096508749993518,weak_10x10_bal_strong_1000,weak_null,False,227,2587230331,-1.5543122344752192e-15,0,57
1000,1000,0.13612195836352692,0.13406482200332137,0.09243468024715185,0.10654722404592576,0.002057136360205547,-0.014112543798773913,0.023562246896743168,0.08730645974556397,-0.5989472846379768,0.9304279194954328,0.5492080383037254,0.953,0.94,0.563,True,999,0.00011983304284512997,0.009353583096526563,weak_10x10_bal_strong_1000,weak_null,False,228,2587230331,-1.5543122344752192e-15,1,52
1000,1000,0.1430153291286529,0.12927383916731228,0.09940177554972252,0.11125343449685943,0.013741489961340614,-0.011851658947136912,0.024650398075627758,0.5574550933896294,-0.480789758882427,0.5772165327019736,0.6306659295737627,0.665,0.574,0.635,True,999,0.00011716701555997133,0.009490666096098721,weak_10x10_bal_strong_1000,weak_null,False,229,2587230331,-1.5543122344752192e-15,0,59
1000,1000,0.1305248489021711,0.1355994783026787,0.08746683127765209,0.1098091961711134,-0.005074629400507624,-0.02234236489346131,0.02433699917712574,-0.2085150007021922,-0.9180410752719596,0.8348268711759239,0.35859736196468106,0.868,0.827,0.355,True,999,0.00012641598004847765,0.009540917002595961,weak_10x10_bal_strong_1000,weak_null,False,230,2587230331,-1.5543122344752192e-15,1,53
1000,1000,0.13639000407294155,0.09791843253380839,0.09401413677505843,0.07567254437390147,0.038471571539133165,0.01834159240115696,0.022344637772793833,1.7217361914890832,0.8208498427076377,0.08511731809505665,0.41173180385665786,0.242,0.1,0.444,True,999,0.0001205001026391983,0.009428707999177277,weak_10x10_bal_strong_1000,weak_null,False,231,2587230331,-1.5543122344752192e-15,2,56
1000,1000,0.11857000215467295,0.10434816289442439,0.07383871339879988,0.07462186479114052,0.014221839260248559,-0.0007831513923406419,0.022655299138808888,0.6277489064748795,-0.03456813293624056,0.5301684416969893,0.9724241125382479,0.636,0.518,0.976,True,999,0.00013045803643763065,0.009649749961681664,weak_10x10_bal_strong_1000,weak_null,False,232,2587230331,-1.5543122344752192e-15,0,51
1000,1000,0.12421913357184877,0.11622934938133533,0.08065350882634448,0.09497633169019082,0.007989784190513438,-0.01432282286384634,0.02362810342289672,0.33814750373789926,-0.6061774238708836,0.7352520339322837,0.5443969425849517,0.792,0.728,0.539,True,999,0.00012433400843292475,0.009463082998991013,weak_10x10_bal_strong_1000,weak_null,False,233,2587230331,-1.5543122344752192e-15,0,57
1000,1000,0.16469955867119257,0.16395154574493687,0.12106541718367225,0.1407548449328715,0.0007480129262557034,-0.01968942774919924,0.025700369458558033,0.0291051429226291,-0.766114579829233,0.9767807340778693,0.4436081285068493,0.977,0.974,0.46,True,999,0.00012683391105383635,0.0096209169132635,weak_10x10_bal_strong_1000,weak_null,False,234,2587230331,-1.5543122344752192e-15,1,53
1000,1000,0.1308882289536233,0.14622777913377982,0.08649889380103559,0.12262989731311791,-0.015339550180156536,-0.036131003512082316,0.02421924117661345,-0.6333621300641199,-1.4918305345987093,0.5264971891583127,0.1357435769788309,0.635,0.528,0.15,True,999,0.00012587499804794788,0.009514041943475604,weak_10x10_bal_strong_1000,weak_null,False,235,2587230331,-1.5543122344752192e-15,0,53
1000,1000,0.16477804432796983,0.1544329143764689,0.11900103847801802,0.13153611491532047,0.010345129951500942,-0.01253507643730245,0.025585121070149527,0.40434164540932077,-0.48993617825507485,0.6859615052176999,0.6241790613866458,0.751,0.697,0.647,True,999,0.0001300830626860261,0.009510750067420304,weak_10x10_bal_strong_1000,weak_null,False,236,2587230331,-1.5543122344752192e-15,0,53
1000,1000,0.13298981746628913,0.15337826453824366,0.0901999246352716,0.12738604792207298,-0.02038844707195453,-0.037186123286801376,0.024681716543929973,-0.8260546642153502,-1.5066263005093394,0.4087730834313483,0.13190647205345202,0.515,0.402,0.124,True,999,0.0001342919422313571,0.00955729209817946,weak_10x10_bal_strong_1000,weak_null,False,237,2587230331,-1.5543122344752192e-15,1,52
1000,1000,0.14018506408082798,0.12438520712086731,0.0977007224182671,0.09353260917839634,0.015799856959960668,0.004168113239870763,0.023706746923527696,0.6664709000744485,0.17581970454723717,0.5051101577500685,0.8604355887909224,0.632,0.529,0.88,True,999,0.00012824998702853918,0.009426917065866292,weak_10x10_bal_strong_1000,weak_null,False,238,2587230331,-1.5543122344752192e-15,3,47
1000,1000,0.1358794052049377,0.10303369601143697,0.09322042193980451,0.08371084511384197,0.032845709193500716,0.00950957682596254,0.02285672728038002,1.4370259044782467,0.4160515505702106,0.15071063309434984,0.6773722816035683,0.281,0.156,0.656,True,999,0.00016179191879928112,0.009518292034044862,weak_10x10_bal_strong_1000,weak_null,False,239,2587230331,-1.5543122344752192e-15,2,61
1000,1000,0.14610879438289892,0.13406990870439572,0.10190044345881688,0.10863300551613975,0.012038885678503197,-0.006732562057322866,0.02446009803382765,0.4921846863350158,-0.27524673237253244,0.6225887891269044,0.7831266857279997,0.682,0.61,0.776,True,999,0.0001332910032942891,0.009708457975648344,weak_10x10_bal_strong_1000,weak_null,False,240,2587230331,-1.5543122344752192e-15,0,52
1000,1000,0.11854418662712618,0.13954106892546847,0.07463473924144637,0.11564258843054631,-0.02099688229834229,-0.04100784918909994,0.024310530281346374,-0.8636949525717805,-1.6868348289615684,0.38775548711639785,0.09163511632074015,0.485,0.389,0.095,True,999,0.00013229099567979574,0.00951200001873076,weak_10x10_bal_strong_1000,weak_null,False,241,2587230331,-1.5543122344752192e-15,0,54
1000,1000,0.13368662962732447,0.13032481581420197,0.09025508317836284,0.09577595395728622,0.003361813813122505,-0.005520870778923381,0.023391184378406177,0.14372140199219666,-0.23602356723843504,0.88572047030917,0.8134143827175924,0.909,0.881,0.815,True,999,0.00012550002429634333,0.009473665966652334,weak_10x10_bal_strong_1000,weak_null,False,242,2587230331,-1.5543122344752192e-15,1,45
1000,1000,0.15835978076589896,0.13549073144467627,0.11596712915752505,0.11287163349498996,0.02286904932122269,0.003095495662535086,0.024111005122958096,0.9484900859420068,0.1283851770902577,0.34288001752357866,0.8978441610470135,0.461,0.343,0.908,True,999,0.00012908398639410734,0.009641708922572434,weak_10x10_bal_strong_1000,weak_null,False,243,2587230331,-1.5543122344752192e-15,3,56
1000,1000,0.16175230175055155,0.13322157899670206,0.11785091363162792,0.11143589300354506,0.02853072275384949,0.006415020628082857,0.025214165415780147,1.131535479496525,0.254421295422614,0.25782977902764803,0.7991701007514784,0.369,0.259,0.797,True,999,0.00013804202899336815,0.009600999997928739,weak_10x10_bal_strong_1000,weak_null,False,244,2587230331,-1.5543122344752192e-15,1,56
1000,1000,0.11956213374207803,0.10738326088981132,0.07726715417584273,0.083062783491755,0.012178872852266709,-0.005795629315912265,0.02256637964962982,0.539691037789772,-0.25682583586274715,0.5894101216670746,0.7973132247275743,0.678,0.57,0.797,True,999,0.00013349996879696846,0.009331375011242926,weak_10x10_bal_strong_1000,weak_null,False,245,2587230331,-1.5543122344752192e-15,1,54
1000,1000,0.131730753085896,0.1294570328189959,0.08840849452781185,0.10846615231656642,0.002273720266900092,-0.020057657788754568,0.024627873678563325,0.09232304406690178,-0.8144291322321188,0.9264413800389476,0.4153991551746872,0.941,0.935,0.449,True,999,0.00011887506116181612,0.009461832931265235,weak_10x10_bal_strong_1000,weak_null,False,246,2587230331,-1.5543122344752192e-15,1,58
1000,1000,0.14311858339363637,0.1364868918618637,0.0991949574413411,0.11260219022767615,0.0066316915317726766,-0.013407232786335044,0.025349770360552297,0.2616075584689514,-0.5288897136203856,0.7936240161033452,0.5968819580698137,0.836,0.791,0.609,True,999,0.0001278329873457551,0.00950883305631578,weak_10x10_bal_strong_1000,weak_null,False,247,2587230331,-1.5543122344752192e-15,0,56
1000,1000,0.12116665803142412,0.14148473434399478,0.07754932155467031,0.11766667156518906,-0.020318076312570654,-0.04011735001051875,0.024524116371657384,-0.8284937163343562,-1.635832639290626,0.40739095208142906,0.10187461894197429,0.509,0.414,0.102,True,999,0.0001248749904334545,0.009513124939985573,weak_10x10_bal_strong_1000,weak_null,False,248,2587230331,-1.5543122344752192e-15,0,56
1000,1000,0.1400199352001792,0.1265537791996395,0.09564211977976811,0.1040473842612073,0.013466156000539686,-0.00840526448143919,0.02393960189828426,0.5625054275236214,-0.3511029346750161,0.5737717067610479,0.7255111263791643,0.656,0.57,0.713,True,999,0.00012683402746915817,0.009344084071926773,weak_10x10_bal_strong_1000,weak_null,False,249,2587230331,-1.5543122344752192e-15,0,56
1000,1000,0.1735888932062113,0.12479635225333696,0.13211684728139517,0.10452693761266119,0.04879254095287433,0.02758990966873398,0.024026487525822243,2.0307812742264137,1.1483122382779416,0.042277187426903104,0.2508396886937887,0.121,0.042,0.253,True,999,0.00013041694182902575,0.009733250015415251,weak_10x10_bal_strong_1000,weak_null,False,250,2587230331,-1.5543122344752192e-15,4,58
1000,1000,0.13638138002429567,0.15207389753042,0.09201897281127458,0.12739320948537625,-0.015692517506124326,-0.03537423667410167,0.02553176986555133,-0.6146270935685274,-1.3854988064039484,0.5388010174760822,0.16589999722779558,0.627,0.56,0.183,True,999,0.00012654101010411978,0.009472208097577095,weak_10x10_bal_strong_1000,weak_null,False,251,2587230331,-1.5543122344752192e-15,0,54
1000,1000,0.14368286642118955,0.12349561857231917,0.09919824507915109,0.09965355702991019,0.020187247848870382,-0.00045531195075909636,0.023933561875210733,0.843470267991301,-0.019023994553467916,0.3989654872925692,0.9848219639863398,0.512,0.39,0.983,True,999,0.00011662498582154512,0.00958079204428941,weak_10x10_bal_strong_1000,weak_null,False,252,2587230331,-1.5543122344752192e-15,0,56
1000,1000,0.17049976309008041,0.14771405597849352,0.12642056163394955,0.12209204908447191,0.022785707111586895,0.004328512549477637,0.02548657949552048,0.8940276632881125,0.16983497335287442,0.37130709030966347,0.8651399217009959,0.491,0.402,0.858,True,999,0.00012091698590666056,0.009544083033688366,weak_10x10_bal_strong_1000,weak_null,False,253,2587230331,-1.5543122344752192e-15,1,53
1000,1000,0.13272301319914392,0.13671732389106317,0.08876418059207936,0.11143054297406252,-0.003994310691919245,-0.022666362381983163,0.0242530548162751,-0.1646930962791066,-0.9345776255275199,0.8691855511504445,0.3500060142113969,0.899,0.865,0.34,True,999,0.0001235830131918192,0.009485957911238074,weak_10x10_bal_strong_1000,weak_null,False,254,2587230331,-1.5543122344752192e-15,0,53
1000,1000,0.1438511734014689,0.16388465103041638,0.10032669731617716,0.13257320300260744,-0.02003347762894747,-0.03224650568643028,0.025601046428331706,-0.7825257332753861,-1.2595776417460929,0.43390566820031196,0.2078217652858555,0.538,0.448,0.214,True,999,0.00012558302842080593,0.009579458041116595,weak_10x10_bal_strong_1000,weak_null,False,255,2587230331,-1.5543122344752192e-15,1,47
1000,1000,0.12930410112446422,0.12124579335260799,0.08621656583864024,0.0962016347321537,0.008058307771856232,-0.009985068893513471,0.02424660100636416,0.33234793486068903,-0.4118131399486727,0.7396265481164971,0.6804763895535949,0.801,0.723,0.659,True,999,0.00013145804405212402,0.009528708062134683,weak_10x10_bal_strong_1000,weak_null,False,256,2587230331,-1.5543122344752192e-15,0,54
1000,1000,0.13236519095591026,0.11040750913867531,0.08936823309704778,0.0858292282051707,0.021957681817234953,0.0035390048918770844,0.02409018384468141,0.9114783830129521,0.1469065124074767,0.3620433704398601,0.8832058115397126,0.475,0.356,0.879,True,999,0.0001259580021724105,0.009504957939498127,weak_10x10_bal_strong_1000,weak_null,False,257,2587230331,-1.5543122344752192e-15,1,55
1000,1000,0.1572787336044077,0.1453964066508251,0.11422333621840153,0.11747772690068814,0.0118823269535826,-0.003254390682286612,0.025157953477531324,0.47230896440740927,-0.12935832341025363,0.6367062726894819,0.8970741236388574,0.699,0.614,0.905,True,999,0.00011633406393229961,0.00940745894331485,weak_10x10_bal_strong_1000,weak_null,False,258,2587230331,-1.5543122344752192e-15,2,49
1000,1000,0.15387196291272875,0.13287547663653887,0.10894258853431893,0.11176767017065004,0.020996486276189885,-0.002825081636331106,0.02471891758119015,0.8494096154180777,-0.11428824207419383,0.39565340458046794,0.9090093028915074,0.541,0.413,0.917,True,999,0.00012266694102436304,0.009596875053830445,weak_10x10_bal_strong_1000,weak_null,False,259,2587230331,-1.5543122344752192e-15,0,58
1000,1000,0.1723292501070519,0.11619047650690006,0.12921480140448693,0.09353067708536855,0.05613877360015185,0.03568412431911838,0.023722859917273416,2.366442064570609,1.504208364571405,0.017959984995414253,0.13252772468933108,0.086,0.021,0.149,True,999,0.00012274994514882565,0.009725749958306551,weak_10x10_bal_strong_1000,weak_null,False,260,2587230331,-1.5543122344752192e-15,2,56
1000,1000,0.13478567483630455,0.11030877053192234,0.09210420570752831,0.08153242147045603,0.024476904304382208,0.01057178423707228,0.02277575522460395,1.0746912259550698,0.46416832868189173,0.2825129932931638,0.6425271503570955,0.392,0.265,0.652,True,999,0.0001314160181209445,0.009601500001735985,weak_10x10_bal_strong_1000,weak_null,False,261,2587230331,-1.5543122344752192e-15,2,51
1000,1000,0.12158626000860195,0.0786583722188201,0.0783182556247084,0.06288925375383769,0.04292788778978185,0.015429001870870707,0.021100750519872865,2.0344246878494676,0.7312063073936419,0.04190879480756424,0.4646531481381535,0.166,0.045,0.453,True,999,0.00012783403508365154,0.009520292049273849,weak_10x10_bal_strong_1000,weak_null,False,262,2587230331,-1.5543122344752192e-15,1,64
1000,1000,0.14638129917358889,0.12032152051110745,0.10152025965498979,0.09851540315287366,0.026059778662481436,0.0030048565021161266,0.024360014646371962,1.0697768059988677,0.12335199899248223,0.28471978476319226,0.9018283659544514,0.409,0.281,0.901,True,999,0.00014004192780703306,0.009409625083208084,weak_10x10_bal_strong_1000,weak_null,False,263,2587230331,-1.5543122344752192e-15,0,56
1000,1000,0.16071882632489976,0.12548369422844374,0.11665470167599779,0.09278084025277167,0.03523513209645601,0.023873861423226117,0.025047046102557095,1.4067579846415021,0.9531607569799936,0.15949916516509455,0.3405086262416761,0.288,0.163,0.36,True,999,0.0001295410329475999,0.00954745791386813,weak_10x10_bal_strong_1000,weak_null,False,264,2587230331,-1.5543122344752192e-15,0,45
1000,1000,0.12916903166121907,0.14063881256684596,0.08576214212052946,0.11946003434184149,-0.011469780905626892,-0.03369789222131203,0.024250219974054032,-0.4729763654885903,-1.3895911978269195,0.6362300410969306,0.16465305015051857,0.707,0.632,0.162,True,999,0.00011745805386453867,0.009565541986376047,weak_10x10_bal_strong_1000,weak_null,False,265,2587230331,-1.5543122344752192e-15,1,56
1000,1000,0.13486222102694123,0.11895870533106101,0.09168699160636606,0.09903265964936736,0.01590351569588022,-0.007345668043001297,0.024625592067880016,0.6458125210570554,-0.2982940683315589,0.5184007780972477,0.7654787311269927,0.625,0.521,0.755,True,999,0.00012933299876749516,0.00966283306479454,weak_10x10_bal_strong_1000,weak_null,False,266,2587230331,-1.5543122344752192e-15,0,59
1000,1000,0.1329805456302391,0.11785295038709898,0.09038810880474557,0.08950604229596593,0.015127595243140113,0.0008820665087796442,0.02334519680460962,0.6479960468850319,0.037783639870856686,0.5169875070940377,0.9698601885497673,0.637,0.533,0.972,True,999,0.00012558302842080593,0.009500915999524295,weak_10x10_bal_strong_1000,weak_null,False,267,2587230331,-1.5543122344752192e-15,1,50
1000,1000,0.13900609013439835,0.15865524159903466,0.09499489732661459,0.13082170974109886,-0.019649151464636305,-0.035826812414484266,0.026313696423154207,-0.7467271472869327,-1.3615271620660327,0.4552282793724223,0.17334715580022586,0.552,0.479,0.176,True,999,0.00013620802201330662,0.009505457943305373,weak_10x10_bal_strong_1000,weak_null,False,268,2587230331,-1.5543122344752192e-15,0,48
1000,1000,0.1252351360925319,0.16462036962941518,0.08053004988596513,0.1442940452111543,-0.03938523353688328,-0.06376399532518917,0.024921926248328483,-1.5803446789962654,-2.5585500370167344,0.11402795316758985,0.010510969237320377,0.206,0.115,0.016,True,999,0.00012920901644974947,0.009509167051874101,weak_10x10_bal_strong_1000,weak_null,False,269,2587230331,-1.5543122344752192e-15,0,56
1000,1000,0.1446418098466249,0.1263250884001358,0.10157156410059542,0.10348523669080123,0.018316721446489104,-0.001913672590205806,0.024702807731225424,0.7414833830138252,-0.0774678170606024,0.45840040347169964,0.9382513925782081,0.562,0.46,0.937,True,999,0.00012083305045962334,0.00955066701862961,weak_10x10_bal_strong_1000,weak_null,False,270,2587230331,-1.5543122344752192e-15,1,56
1000,1000,0.15998884012644998,0.14626820175156952,0.1167866271512139,0.12450588778727933,0.013720638374880467,-0.007719260636065428,0.025814295293023343,0.5315131875239938,-0.2990304615501807,0.5950632052378495,0.7649168033713128,0.684,0.607,0.788,True,999,0.00012087495997548103,0.009557457990013063,weak_10x10_bal_strong_1000,weak_null,False,271,2587230331,-1.5543122344752192e-15,1,56
1000,1000,0.14555507729738704,0.12759837966427212,0.10240420234595149,0.10094743444210508,0.017956697633114915,0.001456767903846412,0.024109953505649786,0.7447835861196102,0.060421846251385,0.4564025591302554,0.9518196596500105,0.557,0.459,0.947,True,999,0.00012224994134157896,0.009390832972712815,weak_10x10_bal_strong_1000,weak_null,False,272,2587230331,-1.5543122344752192e-15,2,52
1000,1000,0.17977578496472146,0.171009150209674,0.13669907168196005,0.15268200715217972,0.008766634755047464,-0.015982935470219672,0.026221119506282194,0.33433487662291106,-0.6095443585614412,0.7381268753802255,0.542163679771705,0.774,0.728,0.531,True,999,0.00012204202357679605,0.009667374892160296,weak_10x10_bal_strong_1000,weak_null,False,273,2587230331,-1.5543122344752192e-15,2,59
1000,1000,0.14956441922366492,0.16001316307948343,0.10646173986151553,0.13484780283909004,-0.01044874385581851,-0.02838606297757451,0.025909794025186072,-0.40327390660310247,-1.0955726992650476,0.6867467352218316,0.2732658145399546,0.738,0.69,0.274,True,999,0.00012637500185519457,0.009673958062194288,weak_10x10_bal_strong_1000,weak_null,False,274,2587230331,-1.5543122344752192e-15,1,53
1000,1000,0.1409260454896888,0.10327737287768007,0.09691761794556442,0.08448554309143219,0.037648672612008716,0.012432074854132225,0.023649570356514635,1.5919389673663908,0.5256786768943402,0.11139841878129537,0.5991114815542211,0.229,0.106,0.595,True,999,0.00014508399181067944,0.009613916976377368,weak_10x10_bal_strong_1000,weak_null,False,275,2587230331,-1.5543122344752192e-15,1,61
1000,1000,0.11190763359056488,0.1311145832271181,0.06806653568264665,0.1084411940762493,-0.019206949636553228,-0.04037465839360266,0.02401037003305701,-0.7999439246504519,-1.6815508606496115,0.42374328700568686,0.0926559661070334,0.523,0.419,0.098,True,999,0.00012750003952533007,0.009344541002064943,weak_10x10_bal_strong_1000,weak_null,False,276,2587230331,-1.5543122344752192e-15,0,57
1000,1000,0.12645997410643384,0.1344716484343802,0.08241507434104278,0.10961593260765312,-0.008011674327946361,-0.02720085826661034,0.02478403908071344,-0.3232594292582811,-1.097515145857627,0.7464987766714313,0.2724162635355414,0.797,0.748,0.264,True,999,0.00012087495997548103,0.009535500081256032,weak_10x10_bal_strong_1000,weak_null,False,277,2587230331,-1.5543122344752192e-15,0,53
1000,1000,0.11660370434824685,0.12449207532516915,0.07343314520358035,0.09962572443657791,-0.007888370976922299,-0.02619257923299756,0.023620303659126735,-0.33396568861951453,-1.1089010374715023,0.7384054501357151,0.2674728762363062,0.816,0.748,0.273,True,999,0.00012445799075067043,0.009470125078223646,weak_10x10_bal_strong_1000,weak_null,False,278,2587230331,-1.5543122344752192e-15,0,53
1000,1000,0.13598568165557445,0.12308447335638828,0.089959035787615,0.09791439551008807,0.012901208299186173,-0.007955359722473077,0.022802248179170502,0.5657866802349439,-0.3488848845062643,0.5715388022035146,0.7271757334576539,0.673,0.553,0.729,True,999,0.00012779200915247202,0.009456834057345986,weak_10x10_bal_strong_1000,weak_null,False,279,2587230331,-1.5543122344752192e-15,0,53
1000,1000,0.1535342309482428,0.1290340151025735,0.10896620713492666,0.10813206321586222,0.024500215845669304,0.0008341439190644451,0.025175158427182494,0.9731901356861202,0.033133611511409235,0.3304588125156892,0.9735680393471315,0.464,0.351,0.981,True,999,0.00013066700194031,0.009678291971795261,weak_10x10_bal_strong_1000,weak_null,False,280,2587230331,-1.5543122344752192e-15,0,56
1000,1000,0.15169274769661945,0.15446809199800082,0.10711984801446306,0.1256988675924049,-0.0027753443013813772,-0.018579019577941835,0.025354267946650633,-0.1094626083159308,-0.7327768096888072,0.9128355777529857,0.463694567623956,0.938,0.923,0.467,True,999,0.00014783302322030067,0.009594667004421353,weak_10x10_bal_strong_1000,weak_null,False,281,2587230331,-1.5543122344752192e-15,0,49
1000,1000,0.11210262224681777,0.14292265610415322,0.06862927581687472,0.11764300758898116,-0.03082003385733545,-0.04901373177210644,0.02414225117973575,-1.2766014912149046,-2.0302055267011316,0.20174297514505168,0.04233565230539388,0.348,0.209,0.048,True,999,0.00015229207929223776,0.009449417004361749,weak_10x10_bal_strong_1000,weak_null,False,282,2587230331,-1.5543122344752192e-15,0,53
1000,1000,0.14765524748548264,0.1333597588877059,0.1032063686316178,0.10709388993291213,0.01429548859777674,-0.0038875213012943277,0.024917562300142,0.5737113617127496,-0.1560153137962526,0.566163138567757,0.8760209503696511,0.646,0.561,0.872,True,999,0.00012137496378272772,0.009538249927572906,weak_10x10_bal_strong_1000,weak_null,False,283,2587230331,-1.5543122344752192e-15,0,52
1000,1000,0.10289089052028144,0.1547977401518359,0.059505084625016025,0.12770681383403826,-0.05190684963155445,-0.06820172920902223,0.02412100935872541,-2.1519352220962484,-2.827482390754568,0.03140245666167775,0.004691559562180243,0.092,0.036,0.004,True,999,0.0001223749713972211,0.009373124921694398,weak_10x10_bal_strong_1000,weak_null,False,284,2587230331,-1.5543122344752192e-15,0,50
1000,1000,0.15466243252793843,0.10764664955807896,0.11119666878357748,0.07860859589203528,0.047015782969859476,0.0325880728915422,0.02379520730029889,1.9758509508454216,1.3695225462958192,0.04817166082495199,0.17083599205142064,0.146,0.057,0.203,True,999,0.0001289169304072857,0.009522375068627298,weak_10x10_bal_strong_1000,weak_null,False,285,2587230331,-1.5543122344752192e-15,1,49
1000,1000,0.14687729440175934,0.13349939464828875,0.10255317354994986,0.1039235247732222,0.01337789975347059,-0.001370351223272337,0.024053861375476385,0.5561643323973651,-0.05697011394060207,0.578098519697132,0.9545690020826486,0.685,0.602,0.959,True,999,0.000122792087495327,0.009649000014178455,weak_10x10_bal_strong_1000,weak_null,False,286,2587230331,-1.5543122344752192e-15,1,48
1000,1000,0.16926147010934445,0.1458235265777288,0.12787812575470525,0.12091135079953119,0.023437943531615657,0.00696677495517406,0.025022925033043278,0.9366588238851126,0.2784156906506451,0.34893408314705077,0.7806932760922558,0.481,0.372,0.774,True,999,0.00013754202518612146,0.009650374995544553,weak_10x10_bal_strong_1000,weak_null,False,287,2587230331,-1.5543122344752192e-15,4,53
1000,1000,0.14310247035188084,0.11392684166939349,0.10133897565583538,0.09354885545127445,0.029175628682487353,0.007790120204560935,0.02357151298273156,1.2377495116185948,0.33048876456373255,0.21580895437821046,0.741030680749634,0.334,0.221,0.76,True,999,0.00015545811038464308,0.009668917045928538,weak_10x10_bal_strong_1000,weak_null,False,288,2587230331,-1.5543122344752192e-15,3,59
1000,1000,0.1449412042533691,0.13503531714306027,0.10130761909977082,0.10857439086419163,0.00990588711030882,-0.00726677176442081,0.024500934293459897,0.4043065048728785,-0.2965916188086162,0.6859873426684004,0.7667783103331481,0.764,0.712,0.783,True,999,0.00012662506196647882,0.009644208941608667,weak_10x10_bal_strong_1000,weak_null,False,289,2587230331,-1.5543122344752192e-15,2,52
1000,1000,0.13670527391967235,0.1606127091608074,0.09312104900300255,0.14088858915818037,-0.023907435241135033,-0.04776754015517781,0.025442463412047478,-0.9396666845481015,-1.8774730803998718,0.3473885591518091,0.06045328350017958,0.453,0.37,0.054,True,999,0.0001270839711651206,0.009677709080278873,weak_10x10_bal_strong_1000,weak_null,False,290,2587230331,-1.5543122344752192e-15,0,57
1000,1000,0.142468275411181,0.15406639775175401,0.1000957108503826,0.12866843911456272,-0.011598122340573003,-0.028572728264180114,0.0249603361466708,-0.46466210520646195,-1.1447252992220271,0.6421734497092112,0.25232296799478093,0.72,0.655,0.262,True,999,0.0001267079496756196,0.009576000040397048,weak_10x10_bal_strong_1000,weak_null,False,291,2587230331,-1.5543122344752192e-15,2,52
1000,1000,0.15327032191105827,0.11898457334563306,0.11058048375116414,0.09015171378473497,0.03428574856542521,0.020428769966429172,0.02446040928651483,1.4016833554918129,0.8351769476601388,0.1610098231285534,0.4036180870570172,0.288,0.158,0.426,True,999,0.0001295000547543168,0.009578708908520639,weak_10x10_bal_strong_1000,weak_null,False,292,2587230331,-1.5543122344752192e-15,1,51
1000,1000,0.1473343502426845,0.12154789924524873,0.10420088746241163,0.0955399876003753,0.02578645099743576,0.008660899862036331,0.02377791354794814,1.0844707188222131,0.3642413723378897,0.2781561429520196,0.715677775126104,0.401,0.281,0.706,True,999,0.00012199999764561653,0.009546499932184815,weak_10x10_bal_strong_1000,weak_null,False,293,2587230331,-1.5543122344752192e-15,1,53
1000,1000,0.1289140118139187,0.10887165881252236,0.08404677174212338,0.08430841201300154,0.02004235300139634,-0.00026164027087816066,0.022575537349189687,0.8877907396572214,-0.01158954787348846,0.3746533250757964,0.9907530856894415,0.51,0.383,0.991,True,999,0.00012500002048909664,0.009335916955024004,weak_10x10_bal_strong_1000,weak_null,False,294,2587230331,-1.5543122344752192e-15,0,54
1000,1000,0.17904226220139163,0.1264729795871588,0.13583512313061874,0.1043881610793278,0.052569282614232826,0.03144696205129094,0.025595186290787157,2.0538738033391395,1.2286279808250544,0.039987907406815584,0.21921131962620977,0.106,0.041,0.235,True,999,0.0001204170985147357,0.009548541973344982,weak_10x10_bal_strong_1000,weak_null,False,295,2587230331,-1.5543122344752192e-15,1,57
1000,1000,0.12605961233295782,0.12371019653319892,0.08154838387827112,0.0944065334260813,0.0023494157997588916,-0.012858149547810171,0.023777856317679487,0.0988068801648884,-0.5407615125611549,0.921291605647003,0.5886719739671566,0.945,0.927,0.614,True,999,0.00012816593516618013,0.009473833022639155,weak_10x10_bal_strong_1000,weak_null,False,296,2587230331,-1.5543122344752192e-15,0,49
1000,1000,0.138925355832777,0.1709134378992686,0.09523721989944534,0.14583446265760358,-0.03198808206649162,-0.050597242758158245,0.025838109272288048,-1.2380194591405167,-1.9582409155775544,0.21570884561507964,0.05020175015066202,0.298,0.212,0.057,True,999,0.00012750003952533007,0.009485707967542112,weak_10x10_bal_strong_1000,weak_null,False,297,2587230331,-1.5543122344752192e-15,1,54
1000,1000,0.1475499325500791,0.1340796309102637,0.10431537197837315,0.11446341986834341,0.013470301639815385,-0.010148047889970258,0.024588838665369782,0.5478217911440678,-0.4127095235393316,0.5838142743569995,0.6798194464905645,0.687,0.596,0.698,True,999,0.0001289580250158906,0.009540167055092752,weak_10x10_bal_strong_1000,weak_null,False,298,2587230331,-1.5543122344752192e-15,2,58
1000,1000,0.12210604047489815,0.10600435024315796,0.07740512588361526,0.0840100876747556,0.016101690231740184,-0.00660496179114034,0.023248268118255623,0.69259740767943,-0.2841055410038831,0.4885622376193943,0.7763295007539684,0.601,0.47,0.754,True,999,0.00013091694563627243,0.00936283404007554,weak_10x10_bal_strong_1000,weak_null,False,299,2587230331,-1.5543122344752192e-15,0,57
1000,1000,0.14616001336902817,0.13224531250868177,0.1027909158433431,0.10850718206097554,0.013914700860346407,-0.0057162662176324375,0.025010041504313688,0.5563645649267085,-0.22855884571988838,0.5779616577249419,0.8192118142134506,0.639,0.565,0.813,True,999,0.0001277910778298974,0.009777667000889778,weak_10x10_bal_strong_1000,weak_null,False,300,2587230331,-1.5543122344752192e-15,1,55
1000,1000,0.15116730687123603,0.14429305164605788,0.10857198582380079,0.12399730347135574,0.00687425522517815,-0.015425317647554948,0.02518934333163499,0.272903312113931,-0.6123747429406975,0.7849275404324205,0.5402898484362876,0.805,0.76,0.513,True,999,0.00015616603195667267,0.009599541896022856,weak_10x10_bal_strong_1000,weak_null,False,301,2587230331,-1.5543122344752192e-15,2,57
1000,1000,0.13203435258906993,0.11299059146726598,0.08978989401930448,0.08854840014566889,0.019043761121803948,0.0012414938736355907,0.0225033795116506,0.8462622741595094,0.055169219049647014,0.39740644855021845,0.9560036512145017,0.514,0.389,0.955,True,999,0.00014300004113465548,0.009547125082463026,weak_10x10_bal_strong_1000,weak_null,False,302,2587230331,-1.5543122344752192e-15,2,55
1000,1000,0.1380669851933658,0.13183489412336602,0.09539375727717925,0.10663175268393843,0.006232091069999779,-0.011237995406759183,0.02444846691604316,0.25490723370921314,-0.45966053598987733,0.7987947490984922,0.6457599001960089,0.847,0.798,0.641,True,999,0.0001307500060647726,0.00963808293454349,weak_10x10_bal_strong_1000,weak_null,False,303,2587230331,-1.5543122344752192e-15,1,54
1000,1000,0.13602563483101804,0.11787174961482116,0.0936878273455477,0.0908358947956458,0.018153885216196874,0.0028519325499019033,0.023314919579534747,0.7786381228666944,0.12232221261467521,0.43619291541806515,0.9026438409711923,0.576,0.475,0.9,True,999,0.00012824998702853918,0.009608957916498184,weak_10x10_bal_strong_1000,weak_null,False,304,2587230331,-1.5543122344752192e-15,2,52
1000,1000,0.14713665426476386,0.16235421381188864,0.10295656366088224,0.13599358523458704,-0.015217559547124782,-0.033037021573704806,0.025395617796876765,-0.5992198996236384,-1.3008945810236523,0.5490262544142588,0.19329454124664192,0.644,0.56,0.202,True,999,0.00014466699212789536,0.009505875059403479,weak_10x10_bal_strong_1000,weak_null,False,305,2587230331,-1.5543122344752192e-15,0,51
1000,1000,0.14153737716573644,0.12113890566308844,0.09707315136756733,0.09780573381164004,0.020398471502648008,-0.0007325824440727047,0.024537588818597567,0.8313152385693074,-0.029855518791539318,0.4057955682368384,0.9761822808826279,0.52,0.407,0.978,True,999,0.00012883299496024847,0.009406083961948752,weak_10x10_bal_strong_1000,weak_null,False,306,2587230331,-1.5543122344752192e-15,0,55
1000,1000,0.12266587491672531,0.13889854156890946,0.07914501400546214,0.11941937163146576,-0.016232666652184147,-0.04027435762600362,0.024226322001402574,-0.670042553353512,-1.6624214614035078,0.5028306639090636,0.09642829872409162,0.607,0.49,0.103,True,999,0.00012354191858321428,0.009410750004462898,weak_10x10_bal_strong_1000,weak_null,False,307,2587230331,-1.5543122344752192e-15,0,58
1000,1000,0.14494814888529106,0.11778301716587602,0.10287426151717227,0.09365069181063745,0.027165131719415037,0.009223569706534818,0.023844819659775824,1.139246683640904,0.3868165009481784,0.25460027922770834,0.6988920603726554,0.402,0.272,0.7,True,999,0.0001253749942407012,0.009574083029292524,weak_10x10_bal_strong_1000,weak_null,False,308,2587230331,-1.5543122344752192e-15,2,55
1000,1000,0.15004250304190903,0.1512044111783145,0.10693047746963202,0.12324972308272208,-0.0011619081364054873,-0.01631924561309006,0.024977312819381654,-0.04651854043737968,-0.6533627428658703,0.962896956950102,0.5135224518931776,0.97,0.962,0.522,True,999,0.00012700003571808338,0.009677708032540977,weak_10x10_bal_strong_1000,weak_null,False,309,2587230331,-1.5543122344752192e-15,2,51
1000,1000,0.1555194117354577,0.12259274024671435,0.11248670915983894,0.10102754867796193,0.03292667148874334,0.011459160481877007,0.02472616116433569,1.3316531939553897,0.46344276435459675,0.18297417652804038,0.6430470316861614,0.284,0.168,0.642,True,999,0.00012541702017188072,0.009706415934488177,weak_10x10_bal_strong_1000,weak_null,False,310,2587230331,-1.5543122344752192e-15,1,58
1000,1000,0.15221969706252425,0.13207776661591264,0.10871540312382422,0.1110980348363455,0.02014193044661161,-0.002382631712521288,0.02444541361598698,0.8239553956018586,-0.09746743294877523,0.4099649027082386,0.9223551958042252,0.525,0.405,0.924,True,999,0.00013066700194031,0.009730166988447309,weak_10x10_bal_strong_1000,weak_null,False,311,2587230331,-1.5543122344752192e-15,1,56
1000,1000,0.1325431041779459,0.14060388773986943,0.08896995081931891,0.12043872287392787,-0.008060783561923524,-0.03146877205460896,0.02490430541955338,-0.3236702821510804,-1.263587621676915,0.7461876720963362,0.20637807878544012,0.797,0.742,0.196,True,999,0.00019066606182605028,0.009526625042781234,weak_10x10_bal_strong_1000,weak_null,False,312,2587230331,-1.5543122344752192e-15,0,58
1000,1000,0.15852891502543276,0.13234651485605953,0.11451857374458996,0.10700998726542821,0.026182400169373232,0.00750858647916175,0.0251900483320753,1.0393945983832964,0.2980774939443377,0.2986212551728259,0.7656440184554278,0.411,0.31,0.766,True,999,0.00012087507639080286,0.009345666039735079,weak_10x10_bal_strong_1000,weak_null,False,313,2587230331,-1.5543122344752192e-15,0,53
1000,1000,0.14050200695707593,0.11614859514846809,0.09709100877353194,0.08648881926183094,0.02435341180860784,0.010602189511700999,0.02413192445544314,1.009178188568162,0.4393428933227741,0.31288918510908226,0.6604130985931489,0.411,0.282,0.634,True,999,0.00013287505134940147,0.009429708938114345,weak_10x10_bal_strong_1000,weak_null,False,314,2587230331,-1.5543122344752192e-15,1,49
1000,1000,0.1319768527192653,0.1295203155204656,0.08864919870711674,0.10711929916828922,0.00245653719879968,-0.01847010046117248,0.023889466211254984,0.10282930464316267,-0.773148311387163,0.9180984467998595,0.43943461229914904,0.947,0.927,0.439,True,999,0.00013291696086525917,0.009503582958132029,weak_10x10_bal_strong_1000,weak_null,False,315,2587230331,-1.5543122344752192e-15,1,55
1000,1000,0.14229093819530547,0.13925450243786974,0.09908150173623653,0.11432062463268267,0.0030364357574357292,-0.015239122896446133,0.025045658516127906,0.12123601204098691,-0.6084536721856624,0.9035041009948053,0.5428866233605607,0.904,0.882,0.537,True,999,0.00012612505815923214,0.009662042022682726,weak_10x10_bal_strong_1000,weak_null,False,316,2587230331,-1.5543122344752192e-15,2,53
1000,1000,0.141325715132254,0.12203051040600327,0.0970038933937758,0.10109891979004715,0.019295204726250736,-0.004095026396271351,0.023869239773988745,0.8083711466704308,-0.17156082200547765,0.41887695674351155,0.8637828102027112,0.536,0.431,0.876,True,999,0.00013591698370873928,0.009635708993300796,weak_10x10_bal_strong_1000,weak_null,False,317,2587230331,-1.5543122344752192e-15,0,58
1000,1000,0.13112183971659608,0.14973929164400535,0.0878940880643313,0.12655075848215347,-0.018617451927409268,-0.03865667041782217,0.024909942435084056,-0.747390403487556,-1.551857075485519,0.4548279364146701,0.12069642560998807,0.559,0.465,0.15,True,999,0.00013395794667303562,0.009804415982216597,weak_10x10_bal_strong_1000,weak_null,False,318,2587230331,-1.5543122344752192e-15,0,55
1000,1000,0.1493382945188877,0.15127953707688124,0.10627418059220872,0.12335098081643991,-0.00194124255799355,-0.017076800224231192,0.02513778767720376,-0.07722408124856463,-0.6793278884966203,0.9384452847808471,0.49693012961093186,0.955,0.943,0.506,True,999,0.00015483400784432888,0.0097402089741081,weak_10x10_bal_strong_1000,weak_null,False,319,2587230331,-1.5543122344752192e-15,1,50
1000,1000,0.14557959361336437,0.12517415872995918,0.100555423096921,0.10197314387187362,0.020405434883405182,-0.0014177207749526133,0.023902156105456724,0.8537068703499405,-0.059313509990379314,0.3932674264776578,0.9527024006442691,0.522,0.404,0.963,True,999,0.00012908398639410734,0.009653084096498787,weak_10x10_bal_strong_1000,weak_null,False,320,2587230331,-1.5543122344752192e-15,1,56
1000,1000,0.1440813331633941,0.1287906321145787,0.10192721151179285,0.10364191239500542,0.015290701048815414,-0.001714700883212572,0.023862641539509864,0.6407798995554741,-0.07185712781937853,0.5216656941243796,0.9427156088504969,0.652,0.559,0.952,True,999,0.000134957954287529,0.009575125062838197,weak_10x10_bal_strong_1000,weak_null,False,321,2587230331,-1.5543122344752192e-15,3,54
1000,1000,0.14952270278935842,0.1497159040826424,0.10645739109349961,0.11848011633708211,-0.0001932012932839844,-0.0120227252435825,0.025719041435316004,-0.007511994324123246,-0.4674639711522662,0.9940063520783137,0.6401679633230144,0.996,0.993,0.663,True,999,0.00013241695705801249,0.009438041015528142,weak_10x10_bal_strong_1000,weak_null,False,322,2587230331,-1.5543122344752192e-15,1,48
1000,1000,0.1444001091312268,0.12151703533829217,0.09959427278818112,0.10126862213360255,0.02288307379293464,-0.001674349345421433,0.02510057348463929,0.9116554172333278,-0.06670562114630882,0.36195013997077496,0.9468160592542632,0.458,0.372,0.945,True,999,0.00013170798774808645,0.009576833108440042,weak_10x10_bal_strong_1000,weak_null,False,323,2587230331,-1.5543122344752192e-15,0,58
1000,1000,0.12436271204615057,0.12001173175322821,0.08146818948898726,0.09490719473524223,0.004350980292922357,-0.013439005246254965,0.02331791896420555,0.1865938508321168,-0.5763381057668427,0.8519790883968432,0.5643866711249748,0.876,0.843,0.56,True,999,0.00012279197108000517,0.009559166966937482,weak_10x10_bal_strong_1000,weak_null,False,324,2587230331,-1.5543122344752192e-15,1,54
1000,1000,0.12991791486800963,0.11315065168495958,0.08646898892993704,0.08979081457192706,0.016767263183050052,-0.003321825641990017,0.023444122152704857,0.7152011525036153,-0.1416911932275853,0.4744847570046694,0.8873239315414176,0.609,0.485,0.905,True,999,0.00012766604777425528,0.009614374954253435,weak_10x10_bal_strong_1000,weak_null,False,325,2587230331,-1.5543122344752192e-15,0,57
1000,1000,0.13188971710698771,0.10623390715085212,0.08858592464230242,0.08319551618450305,0.02565580995613559,0.005390408457799367,0.022327266443244665,1.149079759555519,0.24142715685781088,0.2505230936133688,0.8092240670145383,0.364,0.231,0.814,True,999,0.00012995896395295858,0.009510459029115736,weak_10x10_bal_strong_1000,weak_null,False,326,2587230331,-1.5543122344752192e-15,1,56
1000,1000,0.17497353682478067,0.10533428163842462,0.13105742887501037,0.08396762222736243,0.06963925518635605,0.04708980664764795,0.023901160399064692,2.913634904064373,1.9701891398331723,0.003572474434960707,0.048816697740378126,0.026,0.004,0.051,True,999,0.00012274994514882565,0.00982208305504173,weak_10x10_bal_strong_1000,weak_null,False,327,2587230331,-1.5543122344752192e-15,2,59
1000,1000,0.12481438109784371,0.13629958958292887,0.08196703288740537,0.11628270763549153,-0.011485208485085163,-0.03431567474808617,0.02461265399711535,-0.4666383595377911,-1.3942289503646388,0.640758637579605,0.16324847827375866,0.714,0.642,0.153,True,999,0.00012504099868237972,0.009596124989911914,weak_10x10_bal_strong_1000,weak_null,False,328,2587230331,-1.5543122344752192e-15,1,59
1000,1000,0.1267510287286191,0.11232520093504106,0.08350916690778831,0.08819230151630109,0.014425827793578039,-0.004683134608512773,0.022588911528354457,0.6386242991597977,-0.20732006509628964,0.5230673698050412,0.8357599048727431,0.658,0.534,0.849,True,999,0.0001342919422313571,0.009499875013716519,weak_10x10_bal_strong_1000,weak_null,False,329,2587230331,-1.5543122344752192e-15,1,55
1000,1000,0.1247474864754694,0.1410870685053477,0.08030591502301831,0.11820709569985866,-0.016339582029878286,-0.03790118067684034,0.02453047335448626,-0.6660932218370755,-1.5450651982591594,0.5053515167281682,0.12233049385357951,0.609,0.514,0.15,True,999,0.0001312500098720193,0.009537999983876944,weak_10x10_bal_strong_1000,weak_null,False,330,2587230331,-1.5543122344752192e-15,0,54
1000,1000,0.14414895614240608,0.1571813628294504,0.10075105666510353,0.1381709337739494,-0.013032406687044307,-0.03741987710884587,0.025750312173768285,-0.5061067453900755,-1.4531814937360374,0.6127817154875339,0.14617336900888875,0.676,0.628,0.157,True,999,0.00011862500105053186,0.009389334009028971,weak_10x10_bal_strong_1000,weak_null,False,331,2587230331,-1.5543122344752192e-15,1,60
1000,1000,0.1333322290725687,0.13974880807624857,0.0888288848659613,0.11872898039428037,-0.0064165790036798676,-0.02990009552831907,0.0252253306389143,-0.25437046180006134,-1.1853202622523076,0.7992093686758805,0.2358908451262789,0.847,0.805,0.254,True,999,0.00011791603174060583,0.009511874988675117,weak_10x10_bal_strong_1000,weak_null,False,332,2587230331,-1.5543122344752192e-15,0,57
1000,1000,0.1311842141571704,0.1152339088884175,0.0863756892604215,0.09033069428113549,0.015950305268752907,-0.0039550050207139975,0.02354266627152208,0.6775063234042814,-0.16799308009977149,0.4980847593961417,0.8665887229944251,0.615,0.513,0.871,True,999,0.00013166689313948154,0.009544375003315508,weak_10x10_bal_strong_1000,weak_null,False,333,2587230331,-1.5543122344752192e-15,0,55
1000,1000,0.1531352188659718,0.11878877098177154,0.11009960486808268,0.0915209680677549,0.03434644788420027,0.018578636800327786,0.02461533149024742,1.3953274567034903,0.7547587489402136,0.16291711600692194,0.4503937491895966,0.286,0.163,0.456,True,999,0.00013275002129375935,0.009772208984941244,weak_10x10_bal_strong_1000,weak_null,False,334,2587230331,-1.5543122344752192e-15,1,53
1000,1000,0.12515390036164975,0.13621978531684376,0.08188557766288795,0.11393437313972754,-0.011065884955194005,-0.03204879547683959,0.024128705315884017,-0.458619093329856,-1.3282434783494887,0.6465077230554388,0.18409768529866521,0.715,0.636,0.191,True,999,0.00013320893049240112,0.009436749969609082,weak_10x10_bal_strong_1000,weak_null,False,335,2587230331,-1.5543122344752192e-15,1,56
1000,1000,0.1466843500265922,0.16408118225909507,0.10364318636084136,0.13891523098754988,-0.01739683223250288,-0.03527204462670852,0.025425229582129043,-0.6842350105947839,-1.3872851968857198,0.49382677773651706,0.1653548151910894,0.596,0.511,0.193,True,999,0.0001283750170841813,0.009760042070411146,weak_10x10_bal_strong_1000,weak_null,False,336,2587230331,-1.5543122344752192e-15,1,52
1000,1000,0.1642586996794333,0.0957351567248646,0.12227767972262882,0.0746120059380928,0.0685235429545687,0.04766567378453601,0.022860187825488664,2.997505684453138,2.085095457150606,0.002721987823409593,0.03706063655430288,0.035,0.005,0.047,True,999,0.00012400001287460327,0.009743834030814469,weak_10x10_bal_strong_1000,weak_null,False,337,2587230331,-1.5543122344752192e-15,3,60
1000,1000,0.14646211761785022,0.15859058387138847,0.1017244235972612,0.1367788084555741,-0.01212846625353825,-0.035054384858312915,0.024954558487264945,-0.48602207327081215,-1.404728714242819,0.6269515159140092,0.16010196381708552,0.704,0.644,0.177,True,999,0.0001271669752895832,0.009517166996374726,weak_10x10_bal_strong_1000,weak_null,False,338,2587230331,-1.5543122344752192e-15,1,56
1000,1000,0.15684059065877554,0.1597443697810269,0.11252407826168564,0.1328436037775873,-0.002903779122251371,-0.02031952551590166,0.025659521616071157,-0.11316575443996844,-0.7918902705954995,0.9098991452161824,0.4284246605160408,0.906,0.887,0.434,True,999,0.00012795801740139723,0.009523625019937754,weak_10x10_bal_strong_1000,weak_null,False,339,2587230331,-1.5543122344752192e-15,1,49
1000,1000,0.1819913581879078,0.1393770313070507,0.13788852975312693,0.12142616857988742,0.04261432688085709,0.016462361173239515,0.02551609355318904,1.6700960431904,0.6451756080500035,0.09490036289410424,0.5188133912275357,0.186,0.114,0.563,True,999,0.00013145804405212402,0.009837749996222556,weak_10x10_bal_strong_1000,weak_null,False,340,2587230331,-1.5543122344752192e-15,1,61
1000,1000,0.12832046655657825,0.1084261063054518,0.08462775235648223,0.09093736499028182,0.019894360251126453,-0.006309612633799588,0.02300889365514019,0.8646378461000904,-0.27422494659537966,0.38723759330499596,0.783911758058093,0.493,0.354,0.762,True,999,0.00012787501327693462,0.009542457992210984,weak_10x10_bal_strong_1000,weak_null,False,341,2587230331,-1.5543122344752192e-15,1,62
1000,1000,0.17905545531101197,0.1404184401640688,0.13651746995310532,0.1210410155555337,0.03863701514694318,0.015476454397571615,0.025145574336241042,1.5365334126116024,0.6154742854795798,0.12440760953959148,0.5382415461933334,0.232,0.147,0.565,True,999,0.00013704202137887478,0.009560832986608148,weak_10x10_bal_strong_1000,weak_null,False,342,2587230331,-1.5543122344752192e-15,3,59
1000,1000,0.1286896190062814,0.16307711534746194,0.08473846764036352,0.13630388846456754,-0.034387496341180546,-0.05156542082420401,0.02479070544667066,-1.3871124569308582,-2.0800303942592784,0.16540747411232326,0.037522745131111424,0.281,0.176,0.045,True,999,0.00012641598004847765,0.009584874962456524,weak_10x10_bal_strong_1000,weak_null,False,343,2587230331,-1.5543122344752192e-15,0,50
1000,1000,0.17655714198028472,0.1746879432544145,0.13273471755246646,0.15330746116046612,0.0018691987258702136,-0.020572743607999655,0.026011130888765326,0.07186149398362199,-0.7909207675736003,0.9427121341383393,0.42899022870870207,0.948,0.935,0.46,True,999,0.00012916699051856995,0.009765833034180105,weak_10x10_bal_strong_1000,weak_null,False,344,2587230331,-1.5543122344752192e-15,1,55
1000,1000,0.14412866147343095,0.12046441491291326,0.10182399704399359,0.10177515231691814,0.023664246560517688,4.8844727075447736e-05,0.024343994438727062,0.9720773893569408,0.0020064384749342644,0.33101204971178355,0.998399094792802,0.426,0.32,0.999,True,999,0.00013529194984585047,0.00947425002232194,weak_10x10_bal_strong_1000,weak_null,False,345,2587230331,-1.5543122344752192e-15,2,58
1000,1000,0.15088589471992675,0.15892756934527652,0.10562916094750108,0.12804909248632157,-0.00804167462534977,-0.022419931538820492,0.025231041040863218,-0.31872147535750844,-0.8885852748806535,0.7499377283154787,0.3742260077056535,0.789,0.742,0.387,True,999,0.00013112497981637716,0.009753791964612901,weak_10x10_bal_strong_1000,weak_null,False,346,2587230331,-1.5543122344752192e-15,0,47
1000,1000,0.1617605009515879,0.1647833333306038,0.11926071637026325,0.1455396652958143,-0.003022832379015905,-0.02627894892555105,0.02585886176725919,-0.11689734862356621,-1.0162453847378443,0.9069413992411677,0.3095125491379793,0.926,0.911,0.324,True,999,0.00012966606300324202,0.009605541941709816,weak_10x10_bal_strong_1000,weak_null,False,347,2587230331,-1.5543122344752192e-15,2,57
1000,1000,0.1608120635339163,0.13401056808908274,0.11687566764658186,0.10775526967495352,0.026801495444833567,0.009120397971628336,0.024652056068436075,1.087191079333524,0.3699650019580267,0.2769523724156524,0.7114085674911759,0.394,0.272,0.717,True,999,0.0001275839749723673,0.0095648750429973,weak_10x10_bal_strong_1000,weak_null,False,348,2587230331,-1.5543122344752192e-15,1,54
1000,1000,0.14094049916603968,0.12658571866346224,0.09657447934387164,0.10652039240892464,0.014354780502577436,-0.009945913065052991,0.02384147838226621,0.6020927172559408,-0.41716847024264103,0.5471124220050654,0.6765551856478482,0.65,0.545,0.695,True,999,0.00013229192700237036,0.009631457971408963,weak_10x10_bal_strong_1000,weak_null,False,349,2587230331,-1.5543122344752192e-15,0,58
1000,1000,0.1547908624870451,0.14218642809316773,0.11336183208686634,0.11614031712542783,0.012604434393877373,-0.0027784850385614845,0.02511277553494589,0.5019132344147929,-0.11064030077818601,0.615728555430565,0.9119015882574895,0.697,0.629,0.902,True,999,0.00012112502008676529,0.009599333978258073,weak_10x10_bal_strong_1000,weak_null,False,350,2587230331,-1.5543122344752192e-15,3,49
1000,1000,0.1550199314512053,0.15045233429242866,0.11283263095083385,0.12942118923137969,0.004567597158776637,-0.01658855828054584,0.024507006480062196,0.18637923658659128,-0.6768904351513331,0.8521473739469843,0.49847547320912144,0.894,0.868,0.503,True,999,0.00012900005094707012,0.009709957987070084,weak_10x10_bal_strong_1000,weak_null,False,351,2587230331,-1.5543122344752192e-15,3,55
1000,1000,0.14950386639934843,0.14346762666976598,0.10541284523878858,0.12337687301487676,0.006036239729582449,-0.017964027776088187,0.024678432492389806,0.24459575102445708,-0.7279241816362458,0.8067694543386033,0.4666599995330051,0.858,0.832,0.493,True,999,0.00012687500566244125,0.009523915941827,weak_10x10_bal_strong_1000,weak_null,False,352,2587230331,-1.5543122344752192e-15,0,58
1000,1000,0.13456553422928152,0.13520625320675983,0.08975533417014958,0.11951863890755021,-0.0006407189774783051,-0.02976330473740063,0.024021849168995014,-0.026672342040398818,-1.2390097251886882,0.9787210731358984,0.21534189652686464,0.988,0.986,0.244,True,999,0.00013145804405212402,0.009538541897200048,weak_10x10_bal_strong_1000,weak_null,False,353,2587230331,-1.5543122344752192e-15,0,63
1000,1000,0.16055890536627482,0.12583739081596246,0.11686055999552991,0.09996041653880638,0.03472151455031236,0.016900143456723526,0.023763534412070318,1.4611258556166673,0.7111797076843653,0.14398090579902847,0.4769728816377513,0.273,0.148,0.5,True,999,0.00013104197569191456,0.009742374997586012,weak_10x10_bal_strong_1000,weak_null,False,354,2587230331,-1.5543122344752192e-15,2,52
1000,1000,0.12328510921033242,0.1225350439271562,0.07940150737840668,0.09750060178987496,0.0007500652831762267,-0.018099094411468286,0.023557565467856437,0.03183967732997144,-0.768292225958745,0.9745999047314486,0.4423135921936855,0.982,0.978,0.428,True,999,0.00013866694644093513,0.009429082972928882,weak_10x10_bal_strong_1000,weak_null,False,355,2587230331,-1.5543122344752192e-15,0,54
1000,1000,0.13899546539585694,0.12284979049267097,0.0953749475420409,0.10790349334291705,0.01614567490318597,-0.012528545800876145,0.025030959311177773,0.6450282109633725,-0.5005219993818385,0.5189089040614034,0.6167075696645851,0.618,0.535,0.625,True,999,0.00012524996418505907,0.00956970895640552,weak_10x10_bal_strong_1000,weak_null,False,356,2587230331,-1.5543122344752192e-15,0,64
1000,1000,0.1546126245627577,0.1470625698004005,0.11102048894781547,0.1287986051681287,0.007550054762357206,-0.017778116220313223,0.02518165664023333,0.29982359263426317,-0.7059947037761092,0.7643117184217448,0.4801914310694131,0.817,0.768,0.482,True,999,0.00013112497981637716,0.0097020830726251,weak_10x10_bal_strong_1000,weak_null,False,357,2587230331,-1.5543122344752192e-15,1,60
1000,1000,0.173461844951885,0.14825765156406223,0.13032621524416754,0.12424916859879431,0.02520419338782276,0.00607704664537323,0.025681971505012655,0.9813963613698177,0.23662695226443578,0.32639731979806097,0.8129462090417936,0.412,0.321,0.823,True,999,0.00013583397958427668,0.009588541928678751,weak_10x10_bal_strong_1000,weak_null,False,358,2587230331,-1.5543122344752192e-15,1,54
1000,1000,0.15950094610469234,0.14748431894124747,0.11437635186757689,0.12681724781805315,0.01201662716344487,-0.01244089595047626,0.025741207852120404,0.466824526357842,-0.48330661179333334,0.6406254268003653,0.6288780461159333,0.712,0.652,0.646,True,999,0.00016958394553512335,0.009692583000287414,weak_10x10_bal_strong_1000,weak_null,False,359,2587230331,-1.5543122344752192e-15,0,57
1000,1000,0.14673383853220034,0.09846695182029769,0.10286092015621762,0.0737167128463625,0.04826688671190266,0.02914420730985512,0.02246802585025883,2.148247782585964,1.2971414357492106,0.031694076655063706,0.19458252676751897,0.128,0.038,0.224,True,999,0.0001231660135090351,0.009553625015541911,weak_10x10_bal_strong_1000,weak_null,False,360,2587230331,-1.5543122344752192e-15,1,56
1000,1000,0.15146174889264952,0.13439905078444436,0.10614884478945896,0.10605334363640395,0.017062698108205154,9.550115305501095e-05,0.02492278591182691,0.6846224241772341,0.003831881130499606,0.49358221298155236,0.99694260868925,0.621,0.528,0.997,True,999,0.00012325006537139416,0.009538791957311332,weak_10x10_bal_strong_1000,weak_null,False,361,2587230331,-1.5543122344752192e-15,0,50
1000,1000,0.139680013417796,0.15401913112410837,0.09713294481298362,0.13136501951248647,-0.014339117706312354,-0.034232074699502846,0.02512614675370921,-0.5706851053154643,-1.362408451843074,0.5682131171075075,0.17306901790641682,0.672,0.588,0.198,True,999,0.00012816593516618013,0.009530166978947818,weak_10x10_bal_strong_1000,weak_null,False,362,2587230331,-1.5543122344752192e-15,1,54
1000,1000,0.16817531904062344,0.13029661826389893,0.12367014208030014,0.10878660226035208,0.037878700776724505,0.014883539819948055,0.024926742128647966,1.5196009402765487,0.5970912581810122,0.12861130144989555,0.5504464540264316,0.234,0.136,0.556,True,999,0.00016204197891056538,0.009677499998360872,weak_10x10_bal_strong_1000,weak_null,False,363,2587230331,-1.5543122344752192e-15,0,58
1000,1000,0.12208626496757002,0.12143406150483027,0.07782119691592015,0.09547428665621283,0.0006522034627397533,-0.01765308974029267,0.023619001607214748,0.027613506852911546,-0.7474104974403445,0.9779704088630341,0.454815810754963,0.981,0.973,0.44,True,999,0.0001314579276368022,0.009508333052508533,weak_10x10_bal_strong_1000,weak_null,False,364,2587230331,-1.5543122344752192e-15,0,51
1000,1000,0.12626732952674669,0.12194765594041768,0.08379194032841042,0.09381738134470652,0.004319673586329009,-0.0100254410162961,0.023236053895547105,0.18590392352105967,-0.43146056819128603,0.852520105314786,0.6661335181028168,0.884,0.842,0.676,True,999,0.0001273748930543661,0.009553166921250522,weak_10x10_bal_strong_1000,weak_null,False,365,2587230331,-1.5543122344752192e-15,1,49
1000,1000,0.1428690653438478,0.11562916386702993,0.09807684015459017,0.09063478903919986,0.027239901476817874,0.0074420511153903135,0.024114825708354392,1.1295914723273668,0.30860895307288383,0.258648405971016,0.7576190095324001,0.385,0.251,0.742,True,999,0.00012779096141457558,0.009644584031775594,weak_10x10_bal_strong_1000,weak_null,False,366,2587230331,-1.5543122344752192e-15,0,53
1000,1000,0.1626427793704801,0.1313734620236865,0.11908516570747452,0.10537943857758592,0.03126931734679361,0.0137057271298886,0.02515785125714043,1.242924804157056,0.5447892584227984,0.21389554439390035,0.5858984672264017,0.321,0.224,0.577,True,999,0.00012266694102436304,0.009550292044878006,weak_10x10_bal_strong_1000,weak_null,False,367,2587230331,-1.5543122344752192e-15,1,52
1000,1000,0.1383898978971101,0.1286117583603541,0.09421705393424418,0.10725420344533632,0.009778139536755992,-0.013037149511092139,0.024209885238373516,0.4038903712462585,-0.5385052172997417,0.6862933372192203,0.5902283041703491,0.736,0.675,0.585,True,999,0.0001213329378515482,0.009527833084575832,weak_10x10_bal_strong_1000,weak_null,False,368,2587230331,-1.5543122344752192e-15,1,57
1000,1000,0.13612806340183248,0.16306268560779869,0.09362998552751378,0.137411316154612,-0.026934622205966208,-0.043781330627098214,0.025224596927993125,-1.0677919763338368,-1.735660266527853,0.28561435821247205,0.08262392297034436,0.407,0.293,0.084,True,999,0.00014700007159262896,0.009615458082407713,weak_10x10_bal_strong_1000,weak_null,False,369,2587230331,-1.5543122344752192e-15,1,53
1000,1000,0.16155735935910798,0.13612141994282795,0.11692552709428128,0.11292436431932629,0.02543593941628003,0.004001162774954992,0.025629579742367087,0.9924446546516343,0.15611503642179714,0.32098066498092614,0.8759423463322151,0.412,0.325,0.872,True,999,0.00013325002510100603,0.00969941692892462,weak_10x10_bal_strong_1000,weak_null,False,370,2587230331,-1.5543122344752192e-15,1,56
1000,1000,0.13933982921582677,0.1211571098459171,0.09558389704261572,0.09946317182175335,0.018182719369909672,-0.0038792747791376314,0.02458488093232849,0.7395894826563859,-0.15779107451508884,0.4595491252872198,0.8746214320526403,0.576,0.47,0.874,True,999,0.00013308296911418438,0.009605542058125138,weak_10x10_bal_strong_1000,weak_null,False,371,2587230331,-1.5543122344752192e-15,0,57
1000,1000,0.14218378834787027,0.10349006814578354,0.09957725020740327,0.07518325592627662,0.03869372020208672,0.024393994281126652,0.023201343819546177,1.667736166621903,1.0514043699734201,0.09536811252412428,0.2930729096338007,0.23,0.106,0.316,True,999,0.00012883392628282309,0.009550417074933648,weak_10x10_bal_strong_1000,weak_null,False,372,2587230331,-1.5543122344752192e-15,1,50
1000,1000,0.13883822273655788,0.13320820151568658,0.09667348643188234,0.1057103928029619,0.005630021220871306,-0.009036906371079567,0.023542083143439984,0.23914711313217477,-0.3838617982962016,0.8109915104404833,0.7010808817780251,0.858,0.817,0.719,True,999,0.00012795801740139723,0.009698875015601516,weak_10x10_bal_strong_1000,weak_null,False,373,2587230331,-1.5543122344752192e-15,2,50
1000,1000,0.11927460389927758,0.1201628507299407,0.07496516560058808,0.09069910849200369,-0.0008882468306631308,-0.01573394289141561,0.023328698544712197,-0.038075284352476896,-0.674445805935537,0.969627657246529,0.500027929326911,0.988,0.979,0.498,True,999,0.00012333400081843138,0.00949716696050018,weak_10x10_bal_strong_1000,weak_null,False,374,2587230331,-1.5543122344752192e-15,0,50
1000,1000,0.1587337202433825,0.13683938291263742,0.11429667204129146,0.1104531900659822,0.021894337330745084,0.0038434819753092597,0.025019796546504817,0.8750805503174106,0.15361763506610854,0.3815300790166277,0.8779112312211865,0.471,0.379,0.897,True,999,0.00013745797332376242,0.009528500027954578,weak_10x10_bal_strong_1000,weak_null,False,375,2587230331,-1.5543122344752192e-15,1,52
1000,1000,0.13887456036703139,0.11477642029252283,0.09370131526748082,0.08679737793607956,0.024098140074508556,0.006903937331401266,0.023149546653372308,1.0409767601646776,0.2982320748987772,0.29788633422521793,0.7655260427821233,0.429,0.306,0.769,True,999,0.00012670806609094143,0.009775916929356754,weak_10x10_bal_strong_1000,weak_null,False,376,2587230331,-1.5543122344752192e-15,0,52
1000,1000,0.14661545707133117,0.1286696939161438,0.10236867333333066,0.10136934615172777,0.017945763155187366,0.0009993271816028937,0.024580448180470213,0.7300828293865581,0.04065536861922983,0.4653395562707243,0.9675706428367538,0.582,0.479,0.966,True,999,0.00013391708489507437,0.009669208084233105,weak_10x10_bal_strong_1000,weak_null,False,377,2587230331,-1.5543122344752192e-15,1,51
1000,1000,0.16759517665694945,0.13584030906561884,0.12360910477809739,0.10639327436098256,0.031754867591330616,0.01721583041711483,0.0251435317124957,1.2629438041732717,0.6847021577545129,0.20660937607096375,0.4935318871641533,0.342,0.248,0.515,True,999,0.00012949993833899498,0.00962429097853601,weak_10x10_bal_strong_1000,weak_null,False,378,2587230331,-1.5543122344752192e-15,1,51
1000,1000,0.16486707964971892,0.1137617754106125,0.12214501706239389,0.09103285069159028,0.05110530423910642,0.031112166370803607,0.023915879996256544,2.1368774323631716,1.3008999198722133,0.032607961994368426,0.19329271355856237,0.129,0.047,0.207,True,999,0.00012433400843292475,0.009622666984796524,weak_10x10_bal_strong_1000,weak_null,False,379,2587230331,-1.5543122344752192e-15,2,56
1000,1000,0.12931491597586575,0.1242143670658411,0.08498494140758339,0.09725251789768663,0.005100548910024649,-0.012267576490103238,0.022906958765879618,0.2226637312335857,-0.5355392924693279,0.8237972309873871,0.5922769947246207,0.89,0.846,0.62,True,999,0.00012924999464303255,0.009506082977168262,weak_10x10_bal_strong_1000,weak_null,False,380,2587230331,-1.5543122344752192e-15,0,51
1000,1000,0.13573407847864116,0.11347401635035104,0.09315501134915394,0.08524708086588362,0.022260062128290126,0.00790793048327032,0.023478489255566254,0.948104534579998,0.3368159849295038,0.34307624001413306,0.7362556222247543,0.496,0.358,0.755,True,999,0.00013620802201330662,0.009586874977685511,weak_10x10_bal_strong_1000,weak_null,False,381,2587230331,-1.5543122344752192e-15,1,50
1000,1000,0.11334238930052187,0.12809912061428252,0.06997308527434143,0.10857703399005914,-0.014756731313760652,-0.038603948715717706,0.023444562659911794,-0.6294308632591132,-1.6466056234747843,0.5290670177691792,0.09963913383580682,0.602,0.496,0.096,True,999,0.0001317920396104455,0.009583208011463284,weak_10x10_bal_strong_1000,weak_null,False,382,2587230331,-1.5543122344752192e-15,0,59
1000,1000,0.17596925143829445,0.14189766369481804,0.1321806043251854,0.11273139886395711,0.034071587743476406,0.019449205461228303,0.02558409179377131,1.3317489640875764,0.7602069918293288,0.18294269359378035,0.44713086631564036,0.269,0.183,0.449,True,999,0.00015229103155434132,0.009674499975517392,weak_10x10_bal_strong_1000,weak_null,False,383,2587230331,-1.5543122344752192e-15,2,48
1000,1000,0.16833592272639386,0.13774365225791518,0.1250974798263087,0.11155736616433387,0.030592270468478677,0.013540113661974829,0.024474487825896295,1.249965706579943,0.5532337901530312,0.21131207492583137,0.5801033318109805,0.354,0.228,0.586,True,999,0.00015008298214524984,0.009680000017397106,weak_10x10_bal_strong_1000,weak_null,False,384,2587230331,-1.5543122344752192e-15,2,53
1000,1000,0.12972030479077512,0.14364402108803342,0.0853052780539656,0.11731920847284982,-0.013923716297258304,-0.03201393041888423,0.024017883080425025,-0.5797228777671236,-1.332920570546707,0.5621015129320719,0.18255787122285194,0.648,0.551,0.179,True,999,0.00012833403889089823,0.009526125038973987,weak_10x10_bal_strong_1000,weak_null,False,385,2587230331,-1.5543122344752192e-15,0,51
1000,1000,0.15122314687167293,0.13838108465500965,0.1084514606304765,0.11222496710217911,0.012842062216663286,-0.0037735064717026034,0.024010404568974957,0.534854053782049,-0.15716130317014898,0.5927507818508715,0.8751177248476998,0.672,0.587,0.869,True,999,0.00013162498362362385,0.009511416894383729,weak_10x10_bal_strong_1000,weak_null,False,386,2587230331,-1.5543122344752192e-15,2,52
1000,1000,0.1513355541200303,0.12622886492965846,0.1078266108634125,0.10584070472293661,0.025106689190371845,0.0019859061404758904,0.024169664100490696,1.038768643452605,0.08216523540497082,0.2989123478556093,0.934515318067129,0.415,0.313,0.942,True,999,0.00013299996498972178,0.009659582981839776,weak_10x10_bal_strong_1000,weak_null,False,387,2587230331,-1.5543122344752192e-15,1,57
1000,1000,0.12282813746426369,0.11051682150819608,0.07936148930730269,0.0852692533408117,0.012311315956067603,-0.005907764033509011,0.02369686941587556,0.5195334345649776,-0.24930567535436324,0.6033888036546785,0.8031243416019478,0.689,0.608,0.79,True,999,0.00013049994595348835,0.009678915957920253,weak_10x10_bal_strong_1000,weak_null,False,388,2587230331,-1.5543122344752192e-15,0,55
1000,1000,0.1345476374189687,0.13799362037926344,0.09227776626266859,0.11218258624853661,-0.0034459829602947467,-0.019904819985868016,0.024109562202291147,-0.1429301341675658,-0.8255985661977906,0.8863453592781295,0.40903184875964305,0.921,0.891,0.401,True,999,0.0001278329873457551,0.009527542046271265,weak_10x10_bal_strong_1000,weak_null,False,389,2587230331,-1.5543122344752192e-15,2,50
1000,1000,0.15456178945213184,0.18741580768769728,0.11231764265721722,0.1558050876415109,-0.03285401823556544,-0.04348744498429369,0.02524176553395308,-1.30157370297149,-1.7228368960878775,0.19306215421416462,0.08491802450284264,0.274,0.181,0.07,True,999,0.00013287493493407965,0.00945087498985231,weak_10x10_bal_strong_1000,weak_null,False,390,2587230331,-1.5543122344752192e-15,3,47
1000,1000,0.15207107684980947,0.13222821844053645,0.10823797669081614,0.10719222696570796,0.019842858409273023,0.0010457497251081804,0.025247516232699038,0.7859330884823342,0.041419905050057534,0.43190668836535584,0.9669611444777216,0.527,0.453,0.962,True,999,0.00012579094618558884,0.009523749933578074,weak_10x10_bal_strong_1000,weak_null,False,391,2587230331,-1.5543122344752192e-15,1,53
1000,1000,0.13001089718820946,0.15073038251305793,0.08562787726850729,0.12663169355630544,-0.020719485324848463,-0.041003816287798145,0.024540468927683946,-0.8442986719571175,-1.6708652311668748,0.39850252803360187,0.09474830044371593,0.503,0.389,0.108,True,999,0.00012566696386784315,0.009565541986376047,weak_10x10_bal_strong_1000,weak_null,False,392,2587230331,-1.5543122344752192e-15,0,54
1000,1000,0.1392824221347273,0.1322097274862275,0.09654509598658478,0.10872576033784753,0.0070726946484998,-0.012180664351262749,0.024161113135631445,0.2927304966785404,-0.504143343184772,0.7697281574940311,0.6141606507604525,0.828,0.801,0.627,True,999,0.00012725009582936764,0.009477708023041487,weak_10x10_bal_strong_1000,weak_null,False,393,2587230331,-1.5543122344752192e-15,2,54
1000,1000,0.13972286063686967,0.1106117454089906,0.0953131178480362,0.08849225102341052,0.02911111522787907,0.006820866824625682,0.023966589648642574,1.2146540519388362,0.28459897401431095,0.22449806406428274,0.7759513973775944,0.348,0.227,0.777,True,999,0.0001271250657737255,0.009552749921567738,weak_10x10_bal_strong_1000,weak_null,False,394,2587230331,-1.5543122344752192e-15,0,56
1000,1000,0.15704131816807676,0.13891678434273202,0.11238367280702732,0.11119154247694496,0.018124533825344735,0.0011921303300823638,0.025407209855289183,0.7133618342421663,0.04692094633264858,0.4756218835945385,0.9625762337191439,0.582,0.48,0.975,True,999,0.00013770803343504667,0.009626667015254498,weak_10x10_bal_strong_1000,weak_null,False,395,2587230331,-1.5543122344752192e-15,0,48
1000,1000,0.14626467018190148,0.13784896041314781,0.10211659680589946,0.11320681293415191,0.008415709768753665,-0.01109021612825245,0.02452651958106232,0.3431269463626504,-0.4521724369247868,0.7315029600805798,0.651144763061619,0.798,0.747,0.666,True,999,0.00012412492651492357,0.009571417002007365,weak_10x10_bal_strong_1000,weak_null,False,396,2587230331,-1.5543122344752192e-15,0,53
1000,1000,0.151610506848058,0.12112626204237686,0.10785306294974362,0.09244017549735872,0.030484244805681127,0.015412887452384894,0.02468029056538109,1.2351655554834193,0.6245018636046558,0.21676889561176904,0.5322980468267289,0.333,0.213,0.542,True,999,0.00011758296750485897,0.009467208059504628,weak_10x10_bal_strong_1000,weak_null,False,397,2587230331,-1.5543122344752192e-15,0,50
1000,1000,0.14653905973379722,0.15241239704270537,0.10259192396506478,0.12701361612789697,-0.005873337308908155,-0.024421692162832187,0.02491354995565853,-0.2357487118199373,-0.9802574184047733,0.8136276684465908,0.3269590680723,0.836,0.802,0.344,True,999,0.00013033405411988497,0.009509416995570064,weak_10x10_bal_strong_1000,weak_null,False,398,2587230331,-1.5543122344752192e-15,0,51
1000,1000,0.15397652933168926,0.1795266621625069,0.10900184985575834,0.15211518621902087,-0.02555013283081764,-0.04311333636326253,0.026238569948550363,-0.973762399434015,-1.6431282820596125,0.33017452656287305,0.10035639439761242,0.424,0.336,0.122,True,999,0.0001349169760942459,0.009776459075510502,weak_10x10_bal_strong_1000,weak_null,False,399,2587230331,-1.5543122344752192e-15,0,50
1000,1000,0.14648036558964783,0.14188294079860653,0.10181804155308782,0.1200001796773904,0.004597424791041305,-0.018182138124302583,0.025345701227251508,0.1813887392509065,-0.7173657560814803,0.8560624570478554,0.47314844337725903,0.889,0.87,0.525,True,999,0.00012937502469867468,0.00958754203747958,weak_10x10_bal_strong_1000,weak_null,False,400,2587230331,-1.5543122344752192e-15,0,56
1000,1000,0.13948512538250002,0.12669827032832237,0.09519171126567016,0.10450744416652924,0.012786855054177648,-0.009315732900859075,0.02474065827072736,0.5168356845746014,-0.376535369387534,0.6052708673693235,0.706518925907963,0.698,0.607,0.73,True,999,0.00013783294707536697,0.00958375004120171,weak_10x10_bal_strong_1000,weak_null,False,401,2587230331,-1.5543122344752192e-15,1,56
1000,1000,0.12203195593117222,0.11427801388354497,0.07813708163894262,0.0936738866066662,0.007753942047627249,-0.015536804967723583,0.02326603145698694,0.33327308363535674,-0.6677892186489665,0.7389281552711197,0.5042681495562823,0.805,0.744,0.519,True,999,0.00013154197949916124,0.009685709024779499,weak_10x10_bal_strong_1000,weak_null,False,402,2587230331,-1.5543122344752192e-15,0,58
1000,1000,0.15534427576847776,0.10628339649865587,0.11208862635430705,0.08313593211499892,0.04906087926982189,0.02895269423930813,0.023805395466808488,2.0609142720702436,1.2162240396164157,0.03931121945471734,0.22389958849215297,0.119,0.043,0.239,True,999,0.00013708393089473248,0.009542124927975237,weak_10x10_bal_strong_1000,weak_null,False,403,2587230331,-1.5543122344752192e-15,1,57
1000,1000,0.12810454941503968,0.1363406135391027,0.08333915667344627,0.11584129322596937,-0.008236064124063025,-0.0325021365525231,0.02432319422490553,-0.3386094789980247,-1.3362610293693584,0.734903940830482,0.18146396948756027,0.805,0.746,0.189,True,999,0.00013587495777755976,0.009466832969337702,weak_10x10_bal_strong_1000,weak_null,False,404,2587230331,-1.5543122344752192e-15,0,58
1000,1000,0.1753065824599922,0.1483321503998108,0.1313134001779872,0.12408037385745274,0.026974432060181408,0.007233026320534464,0.025716672455454167,1.0489083339575096,0.28125825116228964,0.29422030947193767,0.7785123290478682,0.392,0.295,0.778,True,999,0.00012195901945233345,0.009688792051747441,weak_10x10_bal_strong_1000,weak_null,False,405,2587230331,-1.5543122344752192e-15,1,54
1000,1000,0.11633961486104205,0.1303962001369513,0.07210363559488542,0.10668202337774346,-0.01405658527590925,-0.034578387782858044,0.023740688096725967,-0.5920883682325858,-1.4565031831418014,0.5537914155315924,0.1452535703146728,0.637,0.545,0.149,True,999,0.00011833303142338991,0.009430250036530197,weak_10x10_bal_strong_1000,weak_null,False,406,2587230331,-1.5543122344752192e-15,0,55
1000,1000,0.14816542002532307,0.11979094861535011,0.10577032649416651,0.10420974681898088,0.028374471409972957,0.001560579675185636,0.02470999874769672,1.1482991844594006,0.0631557974211189,0.25084507568139724,0.9496424430203967,0.363,0.258,0.941,True,999,0.00012404099106788635,0.009538084035739303,weak_10x10_bal_strong_1000,weak_null,False,407,2587230331,-1.5543122344752192e-15,2,63
1000,1000,0.13197539042722983,0.1415865683024865,0.08779198030151747,0.11726485928602415,-0.009611177875256671,-0.02947287898450668,0.024383897061877175,-0.3941608616074416,-1.208702567506563,0.693462279387224,0.2267771349371701,0.778,0.719,0.236,True,999,0.00013258308172225952,0.009420041926205158,weak_10x10_bal_strong_1000,weak_null,False,408,2587230331,-1.5543122344752192e-15,0,53
1000,1000,0.12633224695113565,0.15313101691334663,0.0831186596506086,0.1247685380309349,-0.026798769962210978,-0.0416498783803263,0.02507728763565105,-1.0686470702721689,-1.6608605757312795,0.2852287300833798,0.0967414517797031,0.388,0.295,0.106,True,999,0.00012874999083578587,0.00945833302102983,weak_10x10_bal_strong_1000,weak_null,False,409,2587230331,-1.5543122344752192e-15,1,49
1000,1000,0.145243940535992,0.14753522471488745,0.10231416191118115,0.13016605614723176,-0.0022912841788954585,-0.02785189423605061,0.026041849088887545,-0.08798469613562059,-1.069505246765885,0.9298888396804222,0.28484206592156347,0.945,0.933,0.318,True,999,0.0001278329873457551,0.009533541975542903,weak_10x10_bal_strong_1000,weak_null,False,410,2587230331,-1.5543122344752192e-15,1,60
1000,1000,0.14567402890138315,0.16306949950228689,0.10183300344078816,0.14027874262842488,-0.01739547060090374,-0.03844573918763672,0.025708119094285657,-0.6766527935048491,-1.4954707128372666,0.49862627443565355,0.1347916377854877,0.558,0.48,0.131,True,999,0.00012999994214624166,0.009590334026142955,weak_10x10_bal_strong_1000,weak_null,False,411,2587230331,-1.5543122344752192e-15,0,54
1000,1000,0.1458588479260814,0.14373398333951337,0.10120306530825474,0.11409576532105348,0.0021248645865680205,-0.012892700012798741,0.024858239254270744,0.08547928776584449,-0.5186489630629701,0.931880361164923,0.6040055581727258,0.954,0.937,0.618,True,999,0.000125208985991776,0.009577042073942721,weak_10x10_bal_strong_1000,weak_null,False,412,2587230331,-1.5543122344752192e-15,1,48
1000,1000,0.1440632099032797,0.11850149672511467,0.1008780667375504,0.09971208539911913,0.025561713178165024,0.0011659813384312656,0.023613776032749847,1.082491556738473,0.04937716597354743,0.27903416511146795,0.9606187248741699,0.412,0.281,0.958,True,999,0.00011612498201429844,0.009408917045220733,weak_10x10_bal_strong_1000,weak_null,False,413,2587230331,-1.5543122344752192e-15,1,59
1000,1000,0.13371656607522064,0.12164771541985764,0.09014951129347537,0.09940837033866501,0.012068850655363006,-0.009258859045189638,0.023786565820437127,0.5073809622822306,-0.3892474060813999,0.6118875409421505,0.6970931381677025,0.7,0.629,0.698,True,999,0.00011991697829216719,0.00940429198089987,weak_10x10_bal_strong_1000,weak_null,False,414,2587230331,-1.5543122344752192e-15,0,56
1000,1000,0.12026970160536843,0.16641606912846352,0.07717150627740921,0.139845217677248,-0.04614636752309509,-0.0626737113998388,0.02557714434347811,-1.8042032723978392,-2.450379548169532,0.07119944653999899,0.014270570007018767,0.139,0.071,0.021,True,999,0.00011820800136774778,0.009521749918349087,weak_10x10_bal_strong_1000,weak_null,False,415,2587230331,-1.5543122344752192e-15,0,50
1000,1000,0.1271484050279339,0.12556187982932487,0.08312338019140952,0.10771450303354868,0.0015865251986090234,-0.024591122842139157,0.023568945162917538,0.0673142216438774,-1.043369682951695,0.9463315553342048,0.2967771090865817,0.964,0.949,0.292,True,999,0.00012429198250174522,0.009667292004451156,weak_10x10_bal_strong_1000,weak_null,False,416,2587230331,-1.5543122344752192e-15,0,60
1000,1000,0.11964316708844658,0.1499766848410662,0.07651166019331868,0.12554086671752884,-0.03033351775261961,-0.04902920652421017,0.024583144192336523,-1.233915300471438,-1.994423745823953,0.21723446747640718,0.04610576562774568,0.301,0.211,0.049,True,999,0.00012125005014240742,0.009450625046156347,weak_10x10_bal_strong_1000,weak_null,False,417,2587230331,-1.5543122344752192e-15,1,53
1000,1000,0.14398847965431028,0.15466647289739,0.10033614023086557,0.13021214383752522,-0.01067799324307972,-0.02987600360665965,0.025577975239861,-0.4174682766303964,-1.1680363017984534,0.6763359234587947,0.24279212217787471,0.727,0.672,0.257,True,999,0.00013308296911418438,0.009604417020455003,weak_10x10_bal_strong_1000,weak_null,False,418,2587230331,-1.5543122344752192e-15,0,52
1000,1000,0.14983147826164256,0.15793119963441116,0.10710553994522343,0.12815605005516773,-0.008099721372768598,-0.021050510109944298,0.025111305631255555,-0.32255277729115894,-0.8382881566995519,0.7470339618046795,0.40186888580946734,0.768,0.736,0.401,True,999,0.0001247919863089919,0.009552625007927418,weak_10x10_bal_strong_1000,weak_null,False,419,2587230331,-1.5543122344752192e-15,1,49
1000,1000,0.12546443152307551,0.14826467277847144,0.0795905201689493,0.12552083683215187,-0.022800241255395925,-0.045930316663202575,0.024788678116611458,-0.9197844737076546,-1.8528747861074377,0.35768539853029657,0.06390030781914925,0.465,0.368,0.079,True,999,0.00013470801059156656,0.009793374920263886,weak_10x10_bal_strong_1000,weak_null,False,420,2587230331,-1.5543122344752192e-15,0,55
1000,1000,0.1248628560332814,0.1301691718656498,0.08193857321475662,0.10396264826113111,-0.005306315832368402,-0.02202407504637449,0.024246501008756607,-0.21884872503673952,-0.9083403431456156,0.8267678896597208,0.36369843399695956,0.871,0.829,0.363,True,999,0.00015029101632535458,0.009621375007554889,weak_10x10_bal_strong_1000,weak_null,False,421,2587230331,-1.5543122344752192e-15,1,52
1000,1000,0.13262681760102657,0.08982891767590145,0.08941878472114695,0.0625845274925041,0.042797899925125116,0.026834257228642855,0.0222504733337541,1.9234602016398656,1.2060083768166463,0.05442228004335915,0.22781426052250153,0.161,0.059,0.22,True,999,0.00014291703701019287,0.00961008295416832,weak_10x10_bal_strong_1000,weak_null,False,422,2587230331,-1.5543122344752192e-15,1,53
1000,1000,0.15289509295668946,0.14028590583435552,0.11098040470096748,0.1186856561849936,0.012609187122333942,-0.007705251484026121,0.024996693936302966,0.5044341925562198,-0.308250823235296,0.6139562953730444,0.7578914825905505,0.671,0.602,0.734,True,999,0.00012854195665568113,0.009729209006763995,weak_10x10_bal_strong_1000,weak_null,False,423,2587230331,-1.5543122344752192e-15,2,57
1000,1000,0.13142978119178794,0.10770417926821274,0.08795309241986615,0.08696317066016945,0.0237256019235752,0.0009899217596966992,0.023179646948661432,1.0235532049354745,0.042706507216835096,0.30604635748226017,0.9659354922951279,0.441,0.309,0.979,True,999,0.00012491701636463404,0.009507374954409897,weak_10x10_bal_strong_1000,weak_null,False,424,2587230331,-1.5543122344752192e-15,1,58
1000,1000,0.15382836394551935,0.17020153261621118,0.1097647371138919,0.14695241782970925,-0.01637316867069183,-0.03718768071581735,0.02640327952357523,-0.6201187491149494,-1.4084493057997902,0.5351796092080872,0.15899806800917293,0.602,0.524,0.156,True,999,0.00011866702698171139,0.009630165994167328,weak_10x10_bal_strong_1000,weak_null,False,425,2587230331,-1.5543122344752192e-15,1,56
1000,1000,0.12471305703829305,0.13904656252386305,0.08113054450359414,0.11078701566509608,-0.014333505485569997,-0.02965647116150194,0.02407479845398414,-0.5953738517465322,-1.2318471208881123,0.5515936001246422,0.21800619749437244,0.625,0.533,0.199,True,999,0.00012600002810359,0.009425333002582192,weak_10x10_bal_strong_1000,weak_null,False,426,2587230331,-1.5543122344752192e-15,0,50
1000,1000,0.13024573359451308,0.1281138549175389,0.0877542062635257,0.10522945738711087,0.002131878676974175,-0.017475251123585167,0.024153509063192687,0.08826372480274203,-0.7235077552443733,0.9296670698083385,0.4693679912320333,0.941,0.923,0.468,True,999,0.0001230000052601099,0.009616457973606884,weak_10x10_bal_strong_1000,weak_null,False,427,2587230331,-1.5543122344752192e-15,1,57
1000,1000,0.14981510390534813,0.14049387454196283,0.10583380410935206,0.11586567349263532,0.009321229363385308,-0.010031869383283265,0.02499226257463795,0.3729646059674667,-0.401399007125652,0.7091747867333327,0.688126380275079,0.784,0.725,0.707,True,999,0.00013308296911418438,0.009660374955274165,weak_10x10_bal_strong_1000,weak_null,False,428,2587230331,-1.5543122344752192e-15,1,54
1000,1000,0.13443541062666098,0.13491403487912756,0.09143815007837475,0.11396387233253336,-0.00047862425246658624,-0.02252572225415861,0.023880648104860284,-0.020042347693619535,-0.9432626013853487,0.9840095907666258,0.3455466000415519,0.989,0.985,0.336,True,999,0.00012874999083578587,0.009486624971032143,weak_10x10_bal_strong_1000,weak_null,False,429,2587230331,-1.5543122344752192e-15,1,56
1000,1000,0.1216016591728808,0.1504061345284552,0.07805472475911301,0.12152224305759773,-0.0288044753555744,-0.04346751829848472,0.02492895645231089,-1.1554625405470695,-1.7436557515609654,0.2479010639552749,0.08121913544719299,0.363,0.245,0.074,True,999,0.00013666704762727022,0.009606041945517063,weak_10x10_bal_strong_1000,weak_null,False,430,2587230331,-1.5543122344752192e-15,0,50
1000,1000,0.12848521985674521,0.1245307809496275,0.08560207821847143,0.10180583260518006,0.003954438907117719,-0.016203754386708624,0.02352784966799278,0.16807481188972942,-0.6887052839661827,0.866524424644053,0.49100875032928293,0.902,0.868,0.474,True,999,0.00012624997179955244,0.009599040960893035,weak_10x10_bal_strong_1000,weak_null,False,431,2587230331,-1.5543122344752192e-15,1,58
1000,1000,0.14948073008162588,0.13275864420087025,0.10538467062724521,0.1056475382324038,0.016722085880755633,-0.00026286760515858987,0.024629379534160417,0.6789487269690436,-0.010672928434676893,0.4971703499380896,0.991484396854439,0.621,0.515,0.99,True,999,0.00013233302161097527,0.009637166978791356,weak_10x10_bal_strong_1000,weak_null,False,432,2587230331,-1.5543122344752192e-15,0,52
1000,1000,0.1551939983425843,0.15868977314704602,0.11068827992312436,0.1336688788109086,-0.0034957748044617265,-0.022980598887784254,0.02506274573019157,-0.13948091889431646,-0.9169226362976232,0.8890701330612696,0.3591831812647879,0.901,0.877,0.366,True,999,0.00012633297592401505,0.009566457942128181,weak_10x10_bal_strong_1000,weak_null,False,433,2587230331,-1.5543122344752192e-15,0,52
1000,1000,0.15927623356396925,0.1431169926022654,0.11579452553587544,0.1143906616480308,0.016159240961703847,0.0014038638878446363,0.02412204351300082,0.6698951916322785,0.05819838137212586,0.5029246051748298,0.9535906100168021,0.614,0.506,0.95,True,999,0.0001312090316787362,0.00951441703364253,weak_10x10_bal_strong_1000,weak_null,False,434,2587230331,-1.5543122344752192e-15,2,48
1000,1000,0.12055903698529535,0.1624159703439988,0.07771008398185586,0.13933802631322578,-0.04185693335870344,-0.06162794233136992,0.024581403996186673,-1.702788553704936,-2.5070961097637183,0.08860764568452119,0.012172760816374925,0.206,0.094,0.016,True,999,0.0001224169973284006,0.009479374974034727,weak_10x10_bal_strong_1000,weak_null,False,435,2587230331,-1.5543122344752192e-15,1,52
1000,1000,0.12074168713389488,0.12034689681601252,0.07750617035799223,0.09908419262785628,0.0003947903178823653,-0.02157802226986405,0.022832032875301844,0.017291071716589147,-0.9450766993772903,0.9862044082780289,0.34461972003246655,0.997,0.993,0.346,True,999,0.00012091698590666056,0.009577207965776324,weak_10x10_bal_strong_1000,weak_null,False,436,2587230331,-1.5543122344752192e-15,1,55
1000,1000,0.15063296783372593,0.16074958597459799,0.10710246127609935,0.13294444041082443,-0.010116618140872058,-0.02584197913472508,0.025626548478464583,-0.39477099888709616,-1.0084065420062922,0.6930118997210499,0.3132593336005589,0.741,0.692,0.328,True,999,0.00012287497520446777,0.009730042074806988,weak_10x10_bal_strong_1000,weak_null,False,437,2587230331,-1.5543122344752192e-15,1,50
1000,1000,0.15958905597009831,0.1524951817107838,0.1153033593877808,0.12363594318196647,0.007093874259314514,-0.008332583794185666,0.02565782443232831,0.27647995947685977,-0.32475800183926695,0.7821794500117343,0.7453642327009276,0.824,0.781,0.754,True,999,0.0001342500327154994,0.009652625070884824,weak_10x10_bal_strong_1000,weak_null,False,438,2587230331,-1.5543122344752192e-15,1,49
1000,1000,0.1287935432072418,0.14613879771496086,0.08480015291934251,0.12692294801968274,-0.017345254507719066,-0.04212279510034023,0.024717760354405413,-0.7017324490172769,-1.7041509625621376,0.4828460327165579,0.08835288775036093,0.618,0.523,0.103,True,999,0.0001212080242112279,0.009440207970328629,weak_10x10_bal_strong_1000,weak_null,False,439,2587230331,-1.5543122344752192e-15,0,59
1000,1000,0.15623517138831877,0.14806516761384225,0.11336915801302894,0.12390285657227196,0.00817000377447652,-0.010533698559243021,0.025115430864154322,0.32529817301032465,-0.4194114214571213,0.7449554134698876,0.6749154783644135,0.81,0.762,0.697,True,999,0.00011858402285724878,0.009531459072604775,weak_10x10_bal_strong_1000,weak_null,False,440,2587230331,-1.5543122344752192e-15,2,53
1000,1000,0.12667422734324196,0.11566098824146553,0.08187373378768825,0.09257093516708892,0.011013239101776429,-0.010697201379400667,0.023277499318963408,0.4731281032754368,-0.4595511413326951,0.6361217878476351,0.6458384357889142,0.713,0.636,0.648,True,999,0.00013983307871967554,0.009540416998788714,weak_10x10_bal_strong_1000,weak_null,False,441,2587230331,-1.5543122344752192e-15,0,56
1000,1000,0.13476921190573865,0.1424942387372623,0.09148795259670806,0.11637736576028601,-0.0077250268315236514,-0.024889413163577956,0.0245630985497982,-0.3144972453643116,-1.013284749605926,0.7531434082916292,0.31092416973554404,0.799,0.753,0.282,True,999,0.00012737500946968794,0.009697415982373059,weak_10x10_bal_strong_1000,weak_null,False,442,2587230331,-1.5543122344752192e-15,1,53
1000,1000,0.15517602760865756,0.1504965660642178,0.11070442478148834,0.12276900415201908,0.004679461544439767,-0.012064579370530737,0.025554435245201807,0.1831173923250133,-0.47211293283407724,0.8547059094077483,0.6368461817705635,0.893,0.86,0.645,True,999,0.00012974999845027924,0.009478208958171308,weak_10x10_bal_strong_1000,weak_null,False,443,2587230331,-1.5543122344752192e-15,0,51
1000,1000,0.1305508195545264,0.12823791133216245,0.08650508941718726,0.09704633774293825,0.002312908222363963,-0.010541248325750985,0.02454999834238698,0.09421215391166012,-0.42937877953135806,0.9249406302928647,0.6676475941896394,0.943,0.929,0.68,True,999,0.00012695894110947847,0.009504084009677172,weak_10x10_bal_strong_1000,weak_null,False,444,2587230331,-1.5543122344752192e-15,0,48
1000,1000,0.14769439566183395,0.12616777127997703,0.10389019251488207,0.09982703856348962,0.02152662438185693,0.004063153951392451,0.024935714001795263,0.8632848604337982,0.16294516175072915,0.38798086604155635,0.8705616120422851,0.495,0.39,0.87,True,999,0.00012858305126428604,0.00954679201822728,weak_10x10_bal_strong_1000,weak_null,False,445,2587230331,-1.5543122344752192e-15,0,52
1000,1000,0.1462529467995779,0.1426119769373526,0.1027234892208071,0.11645963182763808,0.003640969862225285,-0.013736142606830981,0.024415551789794158,0.14912502873464575,-0.5625980819558118,0.8814549766325581,0.5737085984042394,0.897,0.87,0.565,True,999,0.00013341696467250586,0.009587749955244362,weak_10x10_bal_strong_1000,weak_null,False,446,2587230331,-1.5543122344752192e-15,1,52
1000,1000,0.1806188009423524,0.11730383744221323,0.13527893567516003,0.09972536591305925,0.06331496350013915,0.03555356976210078,0.024541842083267148,2.579878204957886,1.4486919784371657,0.009883516645777104,0.14742362161295505,0.062,0.021,0.167,True,999,0.00013525004032999277,0.009691207902505994,weak_10x10_bal_strong_1000,weak_null,False,447,2587230331,-1.5543122344752192e-15,1,61
1000,1000,0.1635037619645039,0.13453083388243797,0.12008361735115614,0.1154886367548329,0.02897292808206592,0.004594980596323239,0.025791015818752216,1.1233728940990446,0.17816206343382202,0.26127915689047876,0.8585957020199806,0.344,0.266,0.881,True,999,0.0001331249950453639,0.009715249994769692,weak_10x10_bal_strong_1000,weak_null,False,448,2587230331,-1.5543122344752192e-15,1,60
1000,1000,0.12726624333889802,0.15254992738191275,0.08405626241210484,0.1327343421231717,-0.02528368404301473,-0.04867807971106686,0.024481755800570233,-1.03275615723713,-1.9883410367949605,0.3017180258663209,0.04677398514936494,0.419,0.293,0.054,True,999,0.00013758300337940454,0.009694874985143542,weak_10x10_bal_strong_1000,weak_null,False,449,2587230331,-1.5543122344752192e-15,0,57
1000,1000,0.14398672302795568,0.14972461668812131,0.1000109046030957,0.1259685787580338,-0.005737893660165638,-0.025957674154938104,0.02542656334007771,-0.22566532422891336,-1.0208880298826406,0.8214617296601336,0.30730749096575904,0.838,0.805,0.293,True,999,0.0001391249243170023,0.009502750006504357,weak_10x10_bal_strong_1000,weak_null,False,450,2587230331,-1.5543122344752192e-15,0,54
1000,1000,0.12317087107213043,0.13446604951734187,0.07834579474274506,0.11464444451098643,-0.01129517844521144,-0.036298649768241376,0.02352899919426262,-0.4800535012966335,-1.5427196655730493,0.631189350618401,0.12289880829363611,0.722,0.634,0.136,True,999,0.00012145901564508677,0.009443374932743609,weak_10x10_bal_strong_1000,weak_null,False,451,2587230331,-1.5543122344752192e-15,0,58
1000,1000,0.1734677531646227,0.1452949194738823,0.1284361666625955,0.1205654937550662,0.028172833690740418,0.007870672907529297,0.025914370975153932,1.0871509757173672,0.3037184624344348,0.276970092606841,0.7613423910659313,0.39,0.291,0.781,True,999,0.00012404099106788635,0.009590041940100491,weak_10x10_bal_strong_1000,weak_null,False,452,2587230331,-1.5543122344752192e-15,0,52
1000,1000,0.15451231341423188,0.15931645697372077,0.11059220798551905,0.1303869469975325,-0.004804143559488883,-0.01979473901201345,0.025457324155544993,-0.18871361067390371,-0.7775655795977228,0.8503172834891526,0.43682515940632305,0.899,0.875,0.446,True,999,0.0001193339703604579,0.009564958978444338,weak_10x10_bal_strong_1000,weak_null,False,453,2587230331,-1.5543122344752192e-15,1,49
1000,1000,0.10941234755678186,0.12267994743533905,0.06597989510828484,0.09997800167161586,-0.01326759987855719,-0.03399810656333102,0.023190296209060678,-0.5721186033567527,-1.4660488273559709,0.5672416266279271,0.14263498524222246,0.696,0.576,0.156,True,999,0.0001235411036759615,0.009508582996204495,weak_10x10_bal_strong_1000,weak_null,False,454,2587230331,-1.5543122344752192e-15,0,55
1000,1000,0.16278343741209333,0.11507734262968017,0.12127407867956208,0.09088878076397577,0.047706094782413166,0.030385297915586307,0.023918993535241847,1.9944858763444122,1.2703418256632377,0.046098981939167616,0.20396289565169312,0.132,0.041,0.196,True,999,0.0001265830360352993,0.009606166975572705,weak_10x10_bal_strong_1000,weak_null,False,455,2587230331,-1.5543122344752192e-15,3,53
1000,1000,0.14816819479027732,0.1242778090620138,0.10571229626975764,0.10114529069210221,0.02389038572826352,0.004567005577655436,0.023625345825797398,1.0112184559930002,0.19330957571290036,0.31191188430061,0.8467165274362609,0.459,0.331,0.84,True,999,0.0001284580212086439,0.009514666977338493,weak_10x10_bal_strong_1000,weak_null,False,456,2587230331,-1.5543122344752192e-15,2,55
1000,1000,0.1554041374374,0.13654371960611544,0.11076708419932402,0.11405595724704654,0.01886041783128456,-0.003288873047722518,0.025119551613273366,0.750826213845257,-0.13092881188152466,0.4527572511208705,0.8958316222815406,0.557,0.454,0.899,True,999,0.00012679200153797865,0.009696332970634103,weak_10x10_bal_strong_1000,weak_null,False,457,2587230331,-1.5543122344752192e-15,0,56
1000,1000,0.1579673019054595,0.1257132024833384,0.11355192640985479,0.10121365553595751,0.032254099422121096,0.012338270873897272,0.024289636854822577,1.327895497775514,0.5079644025821479,0.18421263228399665,0.6114783078122918,0.326,0.184,0.619,True,999,0.00012858398258686066,0.009653541957959533,weak_10x10_bal_strong_1000,weak_null,False,458,2587230331,-1.5543122344752192e-15,1,54
1000,1000,0.13476402757970218,0.12782781323818493,0.09001180488849059,0.09615922868670168,0.006936214341517255,-0.0061474237982110935,0.023698120548633194,0.2926904826601241,-0.2594055417008861,0.7697587452190418,0.7953223543667796,0.834,0.786,0.811,True,999,0.0001284159952774644,0.009519207989796996,weak_10x10_bal_strong_1000,weak_null,False,459,2587230331,-1.5543122344752192e-15,0,47
1000,1000,0.1362804062329004,0.12484049897619154,0.0934656414856363,0.09521403527139682,0.011439907256708848,-0.001748393785760527,0.023170013881259853,0.493737609106983,-0.07545933268407085,0.6214915007337128,0.9398492530627288,0.694,0.618,0.939,True,999,0.00013066700194031,0.009497915976680815,weak_10x10_bal_strong_1000,weak_null,False,460,2587230331,-1.5543122344752192e-15,2,49
1000,1000,0.14867373758514324,0.12472840566275856,0.10491448247375956,0.09596911945959619,0.023945331922384683,0.008945363014163377,0.024738970572834876,0.9679194957561547,0.36158994521728455,0.3330845768773475,0.7176584795210021,0.445,0.349,0.724,True,999,0.00012791692279279232,0.009645125013776124,weak_10x10_bal_strong_1000,weak_null,False,461,2587230331,-1.5543122344752192e-15,0,50
1000,1000,0.13442764136038088,0.12715730200594821,0.09057525603429895,0.09943438585492004,0.0072703393544326644,-0.008859129820621092,0.02372873291883684,0.3063939140492905,-0.37335031124179213,0.7593047415775995,0.7088877360097492,0.812,0.764,0.723,True,999,0.00012625008821487427,0.009688707999885082,weak_10x10_bal_strong_1000,weak_null,False,462,2587230331,-1.5543122344752192e-15,1,51
1000,1000,0.14540096539804104,0.1327136536997705,0.10126122673000282,0.10853181832726477,0.012687311698270531,-0.007270591597261955,0.024436075431133346,0.5192041469190248,-0.2975351593488163,0.6036183875101884,0.7660579694010496,0.67,0.583,0.746,True,999,0.00012270803563296795,0.009524208027869463,weak_10x10_bal_strong_1000,weak_null,False,463,2587230331,-1.5543122344752192e-15,0,53
1000,1000,0.1275818856344637,0.1375593998549579,0.08399703193890673,0.10810320420603148,-0.009977514220494199,-0.024106172267124748,0.024366067659227594,-0.40948397419046184,-0.9893337162262856,0.6821845251829441,0.32249989307996807,0.761,0.706,0.357,True,999,0.0001294170506298542,0.009615415940061212,weak_10x10_bal_strong_1000,weak_null,False,464,2587230331,-1.5543122344752192e-15,0,50
1000,1000,0.12974151260304012,0.1428798959650922,0.08575626261426805,0.12636287464982843,-0.013138383362052086,-0.040606612035560374,0.025086513328350907,-0.5237229737782677,-1.6186630443246894,0.6004712342375995,0.10551978238336329,0.702,0.616,0.124,True,999,0.0001228339970111847,0.009527374990284443,weak_10x10_bal_strong_1000,weak_null,False,465,2587230331,-1.5543122344752192e-15,0,62
1000,1000,0.12659863575749863,0.15853132399631065,0.08409810938383089,0.13148223525263347,-0.03193268823881201,-0.047384125868802585,0.0254586377735887,-1.2542968136315455,-1.8612200028219823,0.20973414167076432,0.06271311473721858,0.322,0.217,0.069,True,999,0.0001230830093845725,0.009523667045868933,weak_10x10_bal_strong_1000,weak_null,False,466,2587230331,-1.5543122344752192e-15,1,52
1000,1000,0.1460166654817341,0.1280582306899285,0.10115868957882412,0.0999335894058504,0.01795843479180559,0.0012251001729737254,0.023897083286471877,0.7514906558480233,0.05126567783555635,0.452357422208293,0.9591138172444618,0.545,0.439,0.969,True,999,0.00012500002048909664,0.00955833401530981,weak_10x10_bal_strong_1000,weak_null,False,467,2587230331,-1.5543122344752192e-15,0,51
1000,1000,0.1366371329721887,0.140565594889134,0.09473186717468707,0.11209369853128237,-0.003928461916945292,-0.017361831356595303,0.025167404587657122,-0.15609324764747223,-0.6898538661833284,0.8759595207217508,0.49028609017784985,0.897,0.869,0.494,True,999,0.0001302079763263464,0.009642082965001464,weak_10x10_bal_strong_1000,weak_null,False,468,2587230331,-1.5543122344752192e-15,2,51
1000,1000,0.1387718690853319,0.12722908802311428,0.09433200736930303,0.10300927488731304,0.011542781062217622,-0.008677267518010012,0.024337274063068123,0.47428405631236337,-0.35654229374758895,0.635297359444051,0.7214344844859105,0.699,0.638,0.703,True,999,0.00012924999464303255,0.0095544169889763,weak_10x10_bal_strong_1000,weak_null,False,469,2587230331,-1.5543122344752192e-15,0,55
1000,1000,0.1252412864296084,0.12645582717499182,0.08202541101672978,0.10105307202258018,-0.0012145407453834078,-0.019027661005850405,0.0236302214693649,-0.05139777242282658,-0.8052256738481514,0.9590085597780497,0.4206894635913363,0.961,0.954,0.406,True,999,0.00012633297592401505,0.009570709080435336,weak_10x10_bal_strong_1000,weak_null,False,470,2587230331,-1.5543122344752192e-15,0,54
1000,1000,0.17199392830079363,0.14889214342194834,0.12662840320399482,0.12929039280811594,0.02310178487884529,-0.0026619896041211177,0.025491717492501037,0.9062467009388911,-0.10442566707810888,0.36480528946061863,0.9168315546475376,0.482,0.381,0.913,True,999,0.00013099994976073503,0.009646542021073401,weak_10x10_bal_strong_1000,weak_null,False,471,2587230331,-1.5543122344752192e-15,0,59
1000,1000,0.13975136766074314,0.10181421505188415,0.09597703094641474,0.07459207546622793,0.03793715260885899,0.021384955480186818,0.022780030273953554,1.6653688407181764,0.9387588700721856,0.09583919195605888,0.3478545604215194,0.217,0.096,0.344,True,999,0.0001354999840259552,0.00949174992274493,weak_10x10_bal_strong_1000,weak_null,False,472,2587230331,-1.5543122344752192e-15,1,53
1000,1000,0.14364273949182005,0.11861492510279936,0.10016123898321894,0.0924298868508231,0.025027814389020686,0.007731352132395841,0.02381916334865231,1.0507427999328434,0.32458537771576607,0.29337673305100165,0.7454948954184226,0.413,0.285,0.749,True,999,0.00014420808292925358,0.009771042037755251,weak_10x10_bal_strong_1000,weak_null,False,473,2587230331,-1.5543122344752192e-15,1,52
1000,1000,0.14828606443691994,0.11167770463342186,0.10385790532791361,0.08881825503743812,0.03660835980349808,0.015039650290475493,0.024394947260663803,1.50065336941835,0.6165067761686259,0.13344523978532916,0.5375601010460533,0.237,0.135,0.54,True,999,0.0001402499619871378,0.00949533295352012,weak_10x10_bal_strong_1000,weak_null,False,474,2587230331,-1.5543122344752192e-15,0,57
1000,1000,0.1489008755732244,0.13499685573415376,0.10567427154319375,0.10990722133362851,0.013904019839070636,-0.004232949790434759,0.025358975815933313,0.5482879095745891,-0.16692116515901056,0.5834942278479199,0.8674320793982898,0.651,0.577,0.857,True,999,0.0001478750491514802,0.009629457956179976,weak_10x10_bal_strong_1000,weak_null,False,475,2587230331,-1.5543122344752192e-15,0,53
1000,1000,0.13487796569981825,0.12417896811861562,0.09156061640396729,0.09347934980871742,0.01069899758120263,-0.001918733404750128,0.024016124865946342,0.44549225326410885,-0.07989354716716998,0.6559640568810653,0.936321922039936,0.746,0.672,0.928,True,999,0.00015370803885161877,0.009518374921754003,weak_10x10_bal_strong_1000,weak_null,False,476,2587230331,-1.5543122344752192e-15,0,51
1000,1000,0.1556025239157437,0.14074052818308502,0.1131658760909886,0.11295889081691257,0.014861995732658673,0.0002069852740760325,0.024576107244705304,0.604733515551392,0.008422215610270239,0.5453560751099988,0.9932801236412063,0.632,0.541,0.989,True,999,0.00015112501569092274,0.009616959025152028,weak_10x10_bal_strong_1000,weak_null,False,477,2587230331,-1.5543122344752192e-15,2,51
1000,1000,0.15056289360323705,0.1267210877858297,0.1065129613039062,0.09964361270044719,0.023841805817407358,0.006869348603459002,0.02464507021772628,0.9674066905380061,0.2787311435013943,0.3333407667339824,0.7804511602503843,0.439,0.323,0.778,True,999,0.00013958406634628773,0.009587541921064258,weak_10x10_bal_strong_1000,weak_null,False,478,2587230331,-1.5543122344752192e-15,1,50
1000,1000,0.13924711984810223,0.08969548866062382,0.09627918599016994,0.06977969717030419,0.04955163118747841,0.026499488819865746,0.022580645287278444,2.1944293689159964,1.1735487840462697,0.028204556486423265,0.24057580575694748,0.107,0.031,0.223,True,999,0.00012491701636463404,0.009568957961164415,weak_10x10_bal_strong_1000,weak_null,False,479,2587230331,-1.5543122344752192e-15,1,60
1000,1000,0.1440240488572604,0.13479101586088177,0.1015648910897653,0.11713267373471581,0.00923303299637862,-0.015567782644950512,0.024285788604505074,0.3801825481864678,-0.641024382550322,0.7038099129171067,0.5215068415408634,0.776,0.719,0.53,True,999,0.00012795801740139723,0.009674040949903429,weak_10x10_bal_strong_1000,weak_null,False,480,2587230331,-1.5543122344752192e-15,2,62
1000,1000,0.164325363345303,0.10814312599511833,0.12068611911627158,0.08870023019079554,0.05618223735018468,0.03198588892547605,0.024700798484186805,2.274510979317206,1.2949333984467377,0.022935281730018606,0.1953432058726411,0.088,0.03,0.212,True,999,0.00013516598846763372,0.009696332970634103,weak_10x10_bal_strong_1000,weak_null,False,481,2587230331,-1.5543122344752192e-15,1,60
1000,1000,0.12298088369647742,0.15473117210819176,0.07899689091482287,0.13514447793295403,-0.031750288411714345,-0.05614758701813116,0.024635727280984114,-1.2887903835589962,-2.2791122168928415,0.19747097010464432,0.022660395474459614,0.321,0.205,0.022,True,999,0.00012754101771861315,0.009532958036288619,weak_10x10_bal_strong_1000,weak_null,False,482,2587230331,-1.5543122344752192e-15,0,57
1000,1000,0.15827173189549804,0.11019092732690217,0.11393699755853959,0.08904451915537948,0.04808080456859587,0.024892478403160112,0.02354707083748709,2.0419017252902183,1.0571369396626236,0.04116128061282433,0.29044909458081947,0.128,0.047,0.324,True,999,0.00013649999164044857,0.009661666001193225,weak_10x10_bal_strong_1000,weak_null,False,483,2587230331,-1.5543122344752192e-15,1,58
1000,1000,0.14060880578524282,0.13310985998260366,0.09631336208985886,0.11197065682523544,0.0074989458026391564,-0.01565729473537658,0.024350989557465317,0.3079524051760843,-0.6429839205682918,0.7581185485915003,0.5202345334716905,0.837,0.775,0.534,True,999,0.00013233302161097527,0.009675499983131886,weak_10x10_bal_strong_1000,weak_null,False,484,2587230331,-1.5543122344752192e-15,0,59
1000,1000,0.12084191081844864,0.13882154945831404,0.07760904677252256,0.11157361277412292,-0.017979638639865403,-0.03396456600160036,0.024577436344867247,-0.731550613643244,-1.3819409610105051,0.4644429011569543,0.16698982960995312,0.562,0.46,0.163,True,999,0.00012012489605695009,0.009462042013183236,weak_10x10_bal_strong_1000,weak_null,False,485,2587230331,-1.5543122344752192e-15,0,49
1000,1000,0.16902059072920883,0.11307771393451427,0.12469213709800897,0.08934159109014672,0.05594287679469456,0.03535054600786225,0.0242873803684986,2.303372201773313,1.455510864963966,0.0212579104118107,0.14552788454242319,0.083,0.025,0.152,True,999,0.000134709058329463,0.00978674995712936,weak_10x10_bal_strong_1000,weak_null,False,486,2587230331,-1.5543122344752192e-15,0,55
1000,1000,0.15574601715458236,0.11149441536674087,0.11126965324592675,0.09105655484125919,0.04425160178784149,0.020213098404667562,0.02407988081025056,1.837700200285212,0.839418540479779,0.06610659434988234,0.40123448328860845,0.174,0.069,0.441,True,999,0.00012733403127640486,0.0096554170595482,weak_10x10_bal_strong_1000,weak_null,False,487,2587230331,-1.5543122344752192e-15,0,59
1000,1000,0.14419587478799833,0.11606415899322392,0.10033238529058508,0.09091729766043954,0.028131715794774415,0.009415087630145536,0.023938753906763387,1.1751537237210328,0.39329898568719995,0.23993322037165643,0.6940986673050419,0.343,0.226,0.712,True,999,0.00012941693421453238,0.009577375021763146,weak_10x10_bal_strong_1000,weak_null,False,488,2587230331,-1.5543122344752192e-15,1,54
1000,1000,0.15378661146303374,0.14410996046823965,0.11061967515161086,0.13181594121562057,0.00967665099479409,-0.021196266064009706,0.02577416190431323,0.37543998639873255,-0.8223842987679291,0.7073332712914308,0.4108582126414245,0.79,0.727,0.443,True,999,0.00012666697148233652,0.009684916003607213,weak_10x10_bal_strong_1000,weak_null,False,489,2587230331,-1.5543122344752192e-15,1,66
1000,1000,0.12899247783075607,0.13285871178433317,0.0865246591279174,0.11398926750507599,-0.003866233953577103,-0.027464608377158584,0.02372656132198197,-0.16294961166560404,-1.157546936719963,0.870558108348817,0.24704897443660223,0.908,0.875,0.257,True,999,0.00012500002048909664,0.009576541953720152,weak_10x10_bal_strong_1000,weak_null,False,490,2587230331,-1.5543122344752192e-15,1,58
1000,1000,0.16384843906417856,0.14012163369929487,0.1202743948774696,0.11527518086677446,0.023726805364883696,0.004999214010695141,0.025154174398123244,0.9432551825932302,0.19874291763947272,0.3455503937963301,0.842463850208303,0.483,0.373,0.835,True,999,0.000126624945551157,0.009587125037796795,weak_10x10_bal_strong_1000,weak_null,False,491,2587230331,-1.5543122344752192e-15,1,52
1000,1000,0.1355645480727654,0.11709891805578643,0.09081492714631167,0.09444974499615455,0.018465630016978984,-0.003634817849842875,0.02419480315478134,0.7632064579673935,-0.15023134623538228,0.44534027798629694,0.8805820958117672,0.562,0.447,0.883,True,999,0.00013016699813306332,0.009436542051844299,weak_10x10_bal_strong_1000,weak_null,False,492,2587230331,-1.5543122344752192e-15,0,56
1000,1000,0.16038191860378648,0.12599268215371406,0.11557836298607072,0.10820190836102483,0.034389236450072413,0.007376454625045881,0.02455108226326758,1.4007218126397758,0.3004533383068924,0.16129727730912402,0.7638313837341575,0.278,0.163,0.8,True,999,0.00012862507719546556,0.00959408306516707,weak_10x10_bal_strong_1000,weak_null,False,493,2587230331,-1.5543122344752192e-15,1,60
1000,1000,0.13201691805066718,0.1503496407115995,0.08833514270054366,0.12757241416034049,-0.018332722660932332,-0.03923727145979683,0.024991596262241445,-0.7335554907563199,-1.5700186193820065,0.46321969629396886,0.11641077963325322,0.582,0.482,0.139,True,999,0.00012924999464303255,0.009454709012061357,weak_10x10_bal_strong_1000,weak_null,False,494,2587230331,-1.5543122344752192e-15,0,54
1000,1000,0.1393394425324721,0.1388365987269372,0.0963159706470833,0.11747149134896517,0.0005028438055348916,-0.02115552070188187,0.024562870104913124,0.020471703973808483,-0.8612804860149584,0.9836670843026855,0.3890835805795262,0.991,0.986,0.38,True,999,0.000128875020891428,0.009611041052266955,weak_10x10_bal_strong_1000,weak_null,False,495,2587230331,-1.5543122344752192e-15,1,57
1000,1000,0.14601999689857914,0.12298875191543379,0.10231855469282891,0.10631335915530826,0.02303124498314535,-0.003994804462479351,0.02449935513865277,0.9400755592464074,-0.1630575351829047,0.3471788044981807,0.8704731342604294,0.476,0.34,0.87,True,999,0.00012679200153797865,0.009637916111387312,weak_10x10_bal_strong_1000,weak_null,False,496,2587230331,-1.5543122344752192e-15,0,62
1000,1000,0.1553476018054587,0.1343239683883986,0.11284937249683935,0.11821212468106523,0.021023633417060095,-0.005362752184225883,0.024842394656472574,0.8462804696479806,-0.2158709841938946,0.39739630036689,0.8290883151010204,0.502,0.39,0.844,True,999,0.00011687492951750755,0.009457833017222583,weak_10x10_bal_strong_1000,weak_null,False,497,2587230331,-1.5543122344752192e-15,2,62
1000,1000,0.1684201198534927,0.14133940754710883,0.12666371068553417,0.11919544096105028,0.02708071230638387,0.007468269724483889,0.025135334985986538,1.0773961167210193,0.2971223470324785,0.2813033382467228,0.766373103890063,0.359,0.26,0.762,True,999,0.00013037503231316805,0.00969779200386256,weak_10x10_bal_strong_1000,weak_null,False,498,2587230331,-1.5543122344752192e-15,3,57
1000,1000,0.15932590193029617,0.14905146642147737,0.11719959366973853,0.12233250095437143,0.010274435508818791,-0.005132907284632893,0.02581056493859374,0.39807092689613105,-0.198868459363236,0.6905779042647302,0.8423656424753321,0.727,0.684,0.831,True,999,0.00012645905371755362,0.00958912493661046,weak_10x10_bal_strong_1000,weak_null,False,499,2587230331,-1.5543122344752192e-15,3,53
1000,1000,0.15073274082974786,0.11613080165375445,0.10872250738020739,0.0936583917928715,0.03460193917599341,0.015064115587335891,0.024098009424359343,1.4358837100053679,0.6251186694328541,0.1510354345746145,0.5318931756337828,0.253,0.139,0.535,True,999,0.00012937502469867468,0.009639166994020343,weak_10x10_bal_strong_1000,weak_null,False,500,2587230331,-1.5543122344752192e-15,2,57
1000,1000,0.13820041564320773,0.11275576421908395,0.0944408664936418,0.08498445395224508,0.025444651424123776,0.00945641254139673,0.023730793653295508,1.0722208366002233,0.3984869903448641,0.28362085363189027,0.6902712461953135,0.422,0.297,0.71,True,999,0.0001272499794140458,0.00964770803693682,weak_10x10_bal_strong_1000,weak_null,False,501,2587230331,-1.5543122344752192e-15,0,53
1000,1000,0.11440004329803433,0.14604769031564602,0.07020026889949804,0.12305256494278183,-0.03164764701761169,-0.052852296043283786,0.02459897202303868,-1.2865434778319773,-2.148557102052227,0.1982534553291755,0.031669525307362584,0.292,0.204,0.032,True,999,0.00012604205403476954,0.009307749918662012,weak_10x10_bal_strong_1000,weak_null,False,502,2587230331,-1.5543122344752192e-15,0,54
1000,1000,0.1258347820949961,0.12590713774615248,0.08263921977550126,0.1004199520621114,-7.235565115637499e-05,-0.017780732286610146,0.02407458430156051,-0.0030054787343383087,-0.7385686109420216,0.997601978530233,0.4601689903862559,0.999,0.999,0.471,True,999,0.0001338329166173935,0.009567375062033534,weak_10x10_bal_strong_1000,weak_null,False,503,2587230331,-1.5543122344752192e-15,0,54
1000,1000,0.14127774916776392,0.1270960430224608,0.09770420287077286,0.1024106681009016,0.014181706145303119,-0.004706465230128742,0.024900843525346546,0.5695271379408321,-0.18900826493440015,0.5689984593484758,0.8500863390663496,0.673,0.581,0.838,True,999,0.00013058295007795095,0.009564750012941658,weak_10x10_bal_strong_1000,weak_null,False,504,2587230331,-1.5543122344752192e-15,0,54
1000,1000,0.1414708754704499,0.12496544009156185,0.09862534304784276,0.10267760020315109,0.016505435378888045,-0.004052257155308325,0.024144854746987892,0.6836005249088162,-0.16783108441825895,0.49422745313093286,0.8667161675090103,0.592,0.48,0.862,True,999,0.00012700003571808338,0.009604791994206607,weak_10x10_bal_strong_1000,weak_null,False,505,2587230331,-1.5543122344752192e-15,1,58
1000,1000,0.12788678749324278,0.15328012931397927,0.08456120720393301,0.1292301701660108,-0.025393341820736492,-0.044668962962077785,0.025103685120153686,-1.0115384135514935,-1.7793787146500155,0.3117588053453738,0.07517769372967997,0.437,0.344,0.097,True,999,0.00014104193542152643,0.0096947499550879,weak_10x10_bal_strong_1000,weak_null,False,506,2587230331,-1.5543122344752192e-15,1,55
1000,1000,0.1671811696901382,0.12622334026935822,0.12387929005353726,0.10323343983350242,0.04095782942077997,0.020645850220034845,0.025400212005534946,1.612499510313334,0.812821964459821,0.10685328640477912,0.416320140502796,0.188,0.102,0.43,True,999,0.0001252919901162386,0.009564916952513158,weak_10x10_bal_strong_1000,weak_null,False,507,2587230331,-1.5543122344752192e-15,2,56
1000,1000,0.14528115672510777,0.12470847621080172,0.1004773825779921,0.1029539381451059,0.020572680514306052,-0.0024765555671137918,0.024461928482074336,0.8410081212273056,-0.10124122343537256,0.400343384784986,0.9193589732430201,0.552,0.427,0.929,True,999,0.00012500002048909664,0.009588125045411289,weak_10x10_bal_strong_1000,weak_null,False,508,2587230331,-1.5543122344752192e-15,0,55
1000,1000,0.135590409621829,0.146193491103904,0.09332751299689335,0.12402014771600989,-0.010603081482075005,-0.03069263471911654,0.024647716686063054,-0.430185141168491,-1.245252658087861,0.6670609698304582,0.21303889181179636,0.711,0.639,0.213,True,999,0.00012512505054473877,0.009553875075653195,weak_10x10_bal_strong_1000,weak_null,False,509,2587230331,-1.5543122344752192e-15,2,55
1000,1000,0.12448060843332209,0.13592777749601237,0.08114789591036242,0.11399109191631851,-0.011447169062690277,-0.03284319600595609,0.024332605088075814,-0.47044568476147086,-1.349760779294893,0.6380366311555807,0.1770927292912623,0.72,0.635,0.181,True,999,0.00012462504673749208,0.00947212497703731,weak_10x10_bal_strong_1000,weak_null,False,510,2587230331,-1.5543122344752192e-15,0,56
1000,1000,0.1396981826430066,0.139641503492399,0.09530615438779932,0.11738428069639895,5.667915060758588e-05,-0.02207812630859962,0.025030830255543594,0.00226437357566408,-0.8820373149112769,0.9981932928280358,0.37775662865820914,0.996,0.995,0.421,True,999,0.00012216693721711636,0.009599499986506999,weak_10x10_bal_strong_1000,weak_null,False,511,2587230331,-1.5543122344752192e-15,0,56
1000,1000,0.14686946709332238,0.14924463206541327,0.10359811640728367,0.12241346301186695,-0.002375164972090893,-0.018815346604583283,0.025166705587718413,-0.094377270152117,-0.7476285101759742,0.9248094709930765,0.4546842630681034,0.94,0.914,0.433,True,999,0.00012762495316565037,0.009665500023402274,weak_10x10_bal_strong_1000,weak_null,False,512,2587230331,-1.5543122344752192e-15,1,49
1000,1000,0.13897133184806565,0.17441833751531455,0.0944376982392896,0.14478874110545803,-0.0354470056672489,-0.05035104286616843,0.025451364294425183,-1.3927349927961679,-1.9783239233740104,0.16369994275272504,0.047892175948868264,0.266,0.186,0.049,True,999,0.00013275002129375935,0.009478042018599808,weak_10x10_bal_strong_1000,weak_null,False,513,2587230331,-1.5543122344752192e-15,0,47
1000,1000,0.12219274141014136,0.1226461533956612,0.07927210451543942,0.10292705731637852,-0.00045341198551984707,-0.0236549528009391,0.02410464999058607,-0.018810145996599182,-0.981343965175906,0.9849925599208085,0.32642314882415857,0.989,0.986,0.351,True,999,0.00011900009121745825,0.009416167042218149,weak_10x10_bal_strong_1000,weak_null,False,514,2587230331,-1.5543122344752192e-15,1,59
1000,1000,0.1540304643903747,0.16385564982025114,0.11038248232443948,0.14322200121455353,-0.009825185429876426,-0.03283951889011405,0.02450448330537172,-0.40095460522208237,-1.3401432905510469,0.6884535459084611,0.18019876419429814,0.759,0.702,0.175,True,999,0.00012783403508365154,0.009497249964624643,weak_10x10_bal_strong_1000,weak_null,False,515,2587230331,-1.5543122344752192e-15,2,55
1000,1000,0.15378458451664745,0.11027780264789067,0.10991651698941496,0.08596759487738836,0.04350678186875678,0.023948922112026594,0.023405150224658906,1.8588550575898228,1.023233001375688,0.06304768588528285,0.30619769292432863,0.159,0.062,0.313,True,999,0.00012029195204377174,0.00951979192905128,weak_10x10_bal_strong_1000,weak_null,False,516,2587230331,-1.5543122344752192e-15,1,55
1000,1000,0.13265566630376346,0.13013804182631827,0.0882946107681164,0.10645005520234463,0.0025176244774451906,-0.01815544443422823,0.024562724085837335,0.1024977713647336,-0.7391462107696968,0.9183615817275886,0.45981821896371944,0.942,0.926,0.451,True,999,0.0001267079496756196,0.009527124930173159,weak_10x10_bal_strong_1000,weak_null,False,517,2587230331,-1.5543122344752192e-15,0,55
1000,1000,0.13855399917846256,0.1382035719814696,0.09446061308062781,0.10913424611430855,0.000350427196992964,-0.014673633033680744,0.0247809107880926,0.014141013620909635,-0.5921345328732439,0.9887174795833674,0.5537605041388323,0.989,0.986,0.54,True,999,0.00013337493874132633,0.009581958991475403,weak_10x10_bal_strong_1000,weak_null,False,518,2587230331,-1.5543122344752192e-15,0,49
1000,1000,0.11969350967988124,0.17272833377125696,0.07657426858440886,0.148831884528704,-0.05303482409137572,-0.07225761594429514,0.02571825562626732,-2.062147015803383,-2.809584638800109,0.039193741323772936,0.004960547391832522,0.104,0.039,0.01,True,999,0.00013016699813306332,0.009629499982111156,weak_10x10_bal_strong_1000,weak_null,False,519,2587230331,-1.5543122344752192e-15,0,54
1000,1000,0.12398322920267146,0.13511963767972435,0.0801202855432166,0.10780961618900164,-0.011136408477052884,-0.02768933064578505,0.024127838097697384,-0.46155848824746865,-1.1476092691631394,0.6443979692396749,0.2511299015571391,0.71,0.621,0.232,True,999,0.00012420897837728262,0.009325041901320219,weak_10x10_bal_strong_1000,weak_null,False,520,2587230331,-1.5543122344752192e-15,0,51
1000,1000,0.13519584240730165,0.12903077021031883,0.0915009256882513,0.11249710478784891,0.006165072196982813,-0.02099617909959761,0.023872303675146082,0.2582520849632702,-0.8795204428241729,0.7962123628460227,0.3791191538908024,0.835,0.795,0.37,True,999,0.00012741703540086746,0.009646624908782542,weak_10x10_bal_strong_1000,weak_null,False,521,2587230331,-1.5543122344752192e-15,0,62
1000,1000,0.15255925071108445,0.12664460838144187,0.10717817136946906,0.10832780882918769,0.02591464232964258,-0.0011496374597186332,0.024073355057688352,1.07648652493771,-0.04775559771222962,0.2817097241698556,0.961911024044896,0.405,0.266,0.969,True,999,0.0001264170277863741,0.009689541067928076,weak_10x10_bal_strong_1000,weak_null,False,522,2587230331,-1.5543122344752192e-15,0,61
1000,1000,0.14634361457510847,0.1301948186127263,0.10321430205249271,0.109708189669675,0.016148795962382168,-0.006493887617182281,0.024558017860077722,0.657577336020842,-0.26443044606376587,0.510809761784454,0.791448253617388,0.597,0.496,0.779,True,999,0.00012612505815923214,0.009793958975933492,weak_10x10_bal_strong_1000,weak_null,False,523,2587230331,-1.5543122344752192e-15,1,58
1000,1000,0.11763962298348662,0.0939596320688258,0.07509506649648756,0.06890357434048155,0.02367999091466083,0.0061914921560060066,0.02190256617930328,1.0811514377268323,0.2826834127709029,0.27962975569332726,0.777419532543266,0.443,0.27,0.772,True,999,0.0001503749517723918,0.009528624941594899,weak_10x10_bal_strong_1000,weak_null,False,524,2587230331,-1.5543122344752192e-15,1,54
1000,1000,0.14696828844041976,0.11224596217314553,0.10339381003768722,0.08750516622831128,0.03472232626727423,0.015888643809375935,0.023101762852336474,1.503016306124122,0.6877675920636067,0.13283483916834277,0.491599147430697,0.233,0.127,0.461,True,999,0.0001353750703856349,0.009685541968792677,weak_10x10_bal_strong_1000,weak_null,False,525,2587230331,-1.5543122344752192e-15,1,54
1000,1000,0.14975589019311464,0.1203127784892708,0.10520764958164364,0.09339429949847045,0.02944311170384384,0.01181335008317319,0.02435369332553944,1.2089793244200535,0.48507427293521294,0.2266707887185755,0.627623660831407,0.365,0.236,0.636,True,999,0.00013745902106165886,0.009621084085665643,weak_10x10_bal_strong_1000,weak_null,False,526,2587230331,-1.5543122344752192e-15,0,53
1000,1000,0.12430090947257222,0.11439985339278236,0.08145614388831746,0.09204267576819802,0.00990105607978986,-0.010586531879880567,0.02314857451684946,0.4277177444590831,-0.45732975359561806,0.6688566293974539,0.6474340468454289,0.743,0.66,0.641,True,999,0.00012287497520446777,0.009432957973331213,weak_10x10_bal_strong_1000,weak_null,False,527,2587230331,-1.5543122344752192e-15,1,55
1000,1000,0.16797708144777612,0.12634925457850843,0.1231941566943533,0.10317868996958168,0.04162782686926769,0.020015466724771613,0.02514745025072547,1.6553498050191704,0.795924299490132,0.0978535615866655,0.42607603654991255,0.181,0.098,0.433,True,999,0.00012820796109735966,0.009580207988619804,weak_10x10_bal_strong_1000,weak_null,False,528,2587230331,-1.5543122344752192e-15,0,55
1000,1000,0.14445157782708407,0.13868589797953274,0.09953876021700125,0.11473033364308094,0.0057656798475513305,-0.015191573426079685,0.02562272013410097,0.22502216069861591,-0.5928946398575927,0.8219620345767139,0.5532516654459536,0.883,0.856,0.572,True,999,0.00012687500566244125,0.009765291935764253,weak_10x10_bal_strong_1000,weak_null,False,529,2587230331,-1.5543122344752192e-15,0,54
1000,1000,0.17173105691554857,0.13726246072509707,0.1277363360009076,0.10906608053687705,0.034468596190451506,0.01867025546403056,0.02504783888339939,1.3761105838674081,0.7453838852502516,0.16878739928550401,0.45603968289147434,0.27,0.169,0.449,True,999,0.0001272499794140458,0.009653625078499317,weak_10x10_bal_strong_1000,weak_null,False,530,2587230331,-1.5543122344752192e-15,1,49
1000,1000,0.15353034632049845,0.1320694249084433,0.11074485988365268,0.10447490065723741,0.021460921412055134,0.006269959226415267,0.02438850449595433,0.8799605328656033,0.2570866625895554,0.37888069037426253,0.7971118733170528,0.519,0.393,0.817,True,999,0.0001265000319108367,0.009587417007423937,weak_10x10_bal_strong_1000,weak_null,False,531,2587230331,-1.5543122344752192e-15,2,51
1000,1000,0.12144241028804492,0.1577945168462353,0.07760511090737054,0.131343724175224,-0.03635210655819038,-0.05373861326785345,0.025134497577704487,-1.4463032907582944,-2.1380420715281057,0.14809215317753,0.03251332879664507,0.246,0.149,0.03,True,999,0.00011737504974007607,0.009497291990555823,weak_10x10_bal_strong_1000,weak_null,False,532,2587230331,-1.5543122344752192e-15,0,50
1000,1000,0.13484271931050928,0.1330294384444981,0.09120919043516551,0.10667771215298671,0.0018132808660111799,-0.015468521717821204,0.024086391815993584,0.075282378525751,-0.6422100012318974,0.9399900415916405,0.5207368401555814,0.947,0.932,0.516,True,999,0.00012483308091759682,0.00960775010753423,weak_10x10_bal_strong_1000,weak_null,False,533,2587230331,-1.5543122344752192e-15,0,52
1000,1000,0.13641086893575372,0.16309274058536927,0.0935472796322756,0.13550726354912968,-0.02668187164961555,-0.04195998391685407,0.025192172284720725,-1.059133422400352,-1.6655961003530915,0.2895390205791162,0.09579388838542299,0.403,0.313,0.096,True,999,0.00012170802801847458,0.009602125035598874,weak_10x10_bal_strong_1000,weak_null,False,534,2587230331,-1.5543122344752192e-15,1,52
1000,1000,0.13514443073931215,0.13049081024528353,0.09173014296311521,0.1080381919026081,0.004653620494028621,-0.016308048939492892,0.02443067999791681,0.1904826429074194,-0.66752333299292,0.8489309431395049,0.5044379107227772,0.884,0.856,0.53,True,999,0.0001241669524461031,0.009640290983952582,weak_10x10_bal_strong_1000,weak_null,False,535,2587230331,-1.5543122344752192e-15,1,57
1000,1000,0.13149221805833067,0.13456021712157634,0.08955726803469588,0.12050564769089078,-0.0030679990632456744,-0.030948379656194902,0.023469191495167404,-0.1307245315151744,-1.3186811170111061,0.8959932255274218,0.18727574223110277,0.931,0.907,0.181,True,999,0.0001240839483216405,0.009614667040295899,weak_10x10_bal_strong_1000,weak_null,False,536,2587230331,-1.5543122344752192e-15,2,66
1000,1000,0.14600045175219822,0.1345566142697162,0.10410316337129188,0.10609117504861842,0.011443837482482011,-0.00198801167732654,0.024767037719011,0.46205919384932354,-0.0802684479218343,0.6440388719895123,0.9360237521289339,0.709,0.631,0.933,True,999,0.00013208307791501284,0.009467333904467523,weak_10x10_bal_strong_1000,weak_null,False,537,2587230331,-1.5543122344752192e-15,2,51
1000,1000,0.13447748448246655,0.13714308257009356,0.09044115131064245,0.1096193440805564,-0.002665598087627008,-0.01917819276991395,0.02434493995366268,-0.10949290048365762,-0.7877691547572949,0.9128115525081374,0.4308317464379742,0.938,0.907,0.419,True,999,0.00012454099487513304,0.00954079208895564,weak_10x10_bal_strong_1000,weak_null,False,538,2587230331,-1.5543122344752192e-15,0,51
1000,1000,0.13362786550089512,0.13168724079494482,0.09097903343126745,0.10814822589924233,0.0019406247059503001,-0.01716919246797488,0.024164174338181178,0.08030999440704953,-0.7105226202927319,0.935990709503962,0.477380108721675,0.951,0.936,0.48,True,999,0.00012095901183784008,0.009565917076542974,weak_10x10_bal_strong_1000,weak_null,False,539,2587230331,-1.5543122344752192e-15,1,54
1000,1000,0.11972283965591801,0.12260475588562092,0.07590107880059804,0.09530108661311942,-0.0028819162297029077,-0.01940000781252138,0.02309079646204491,-0.12480800454155,-0.84016191664977,0.9006755502391423,0.4008176080335565,0.933,0.908,0.405,True,999,0.00012445903848856688,0.00945249991491437,weak_10x10_bal_strong_1000,weak_null,False,540,2587230331,-1.5543122344752192e-15,0,51
1000,1000,0.15920137902695464,0.13643844278959472,0.114576975368891,0.10105338721234602,0.02276293623735992,0.013523588156544974,0.02422852601640306,0.9395097424395148,0.5581680101954741,0.3474690926032533,0.5767296630165515,0.458,0.345,0.579,True,999,0.00011804199311882257,0.009535041986964643,weak_10x10_bal_strong_1000,weak_null,False,541,2587230331,-1.5543122344752192e-15,1,44
1000,1000,0.13394722952814986,0.13897558295935453,0.08959822145561702,0.11927547028369645,-0.0050283534312046685,-0.029677248828079428,0.025033870919691892,-0.20086200201860574,-1.1854838160380146,0.8408064801314543,0.2358262097713234,0.86,0.823,0.256,True,999,0.00011800008360296488,0.009551708004437387,weak_10x10_bal_strong_1000,weak_null,False,542,2587230331,-1.5543122344752192e-15,0,57
1000,1000,0.12539715203182977,0.15916350503206855,0.08203763604660708,0.13725025685243963,-0.03376635300023878,-0.05521262080583256,0.02443481088752524,-1.3818954096132414,-2.259588627879268,0.16700381762661853,0.023846794051841473,0.275,0.169,0.023,True,999,0.00013066700194031,0.009516749996691942,weak_10x10_bal_strong_1000,weak_null,False,543,2587230331,-1.5543122344752192e-15,1,55
1000,1000,0.11404616043424864,0.12355656248476665,0.07101748562445209,0.10168625794170794,-0.009510402050518008,-0.030668772317255844,0.02330667644167595,-0.4080548367467759,-1.3158792672135493,0.6832334162076636,0.18821456851000717,0.795,0.706,0.211,True,999,0.00012741691898554564,0.009463041904382408,weak_10x10_bal_strong_1000,weak_null,False,544,2587230331,-1.5543122344752192e-15,0,56
1000,1000,0.1446496605580161,0.1491685547677154,0.10084980864030513,0.1269652244087638,-0.004518894209699309,-0.02611541576845866,0.02555261350113295,-0.17684665443317377,-1.0220252330471307,0.8596288416218566,0.30676895785205816,0.888,0.868,0.325,True,999,0.00011891697067767382,0.00955641595646739,weak_10x10_bal_strong_1000,weak_null,False,545,2587230331,-1.5543122344752192e-15,0,56
1000,1000,0.14120129778859658,0.1533790653015501,0.09639412573596928,0.12564860101156228,-0.012177767512953519,-0.029254475275592995,0.02494624336208914,-0.4881603749388615,-1.172700628746815,0.6254362491995151,0.24091587920753788,0.702,0.635,0.261,True,999,0.00012166693340986967,0.009619958931580186,weak_10x10_bal_strong_1000,weak_null,False,546,2587230331,-1.5543122344752192e-15,0,49
1000,1000,0.1477868783484002,0.14518634951141218,0.10357207570632454,0.12465621169701535,0.0026005288369880253,-0.02108413599069081,0.024977700197238436,0.10411402236606006,-0.8441183865687482,0.9170788630964593,0.39860325421024967,0.931,0.918,0.428,True,999,0.0001266660401597619,0.00963441701605916,weak_10x10_bal_strong_1000,weak_null,False,547,2587230331,-1.5543122344752192e-15,0,58
1000,1000,0.15381105440586396,0.14895743070120737,0.11025356956724863,0.1250785829998904,0.0048536237046565844,-0.014825013432641754,0.02534201161194901,0.19152479996371136,-0.5849974997900961,0.8481144525967212,0.5585493979030143,0.872,0.839,0.569,True,999,0.00012745801359415054,0.009684832999482751,weak_10x10_bal_strong_1000,weak_null,False,548,2587230331,-1.5543122344752192e-15,1,55
1000,1000,0.14093642413661778,0.14412633579941636,0.09652691145038261,0.11959338097983618,-0.0031899116627985835,-0.02306646952945357,0.024453518628309363,-0.13044796175490608,-0.9432781384168561,0.8962120227435256,0.3455386549409992,0.915,0.899,0.385,True,999,0.00013158295769244432,0.00953379098791629,weak_10x10_bal_strong_1000,weak_null,False,549,2587230331,-1.5543122344752192e-15,0,53
1000,1000,0.1592029673599451,0.13774865453207286,0.11504580277596688,0.12277468631066313,0.021454312827872246,-0.0077288835346962514,0.02539841834780015,0.8447105852845551,-0.30430570238109644,0.3982724479199802,0.7608950011698201,0.506,0.412,0.784,True,999,0.00013166700955480337,0.009665916091762483,weak_10x10_bal_strong_1000,weak_null,False,550,2587230331,-1.5543122344752192e-15,0,64
1000,1000,0.15043713246125678,0.13095745598739317,0.10779931971364931,0.10806567285618485,0.019479676473863616,-0.0002663531425355359,0.02510661696050421,0.7758781879895463,-0.010608882230311718,0.4378209125173893,0.9915354954390719,0.541,0.452,0.991,True,999,0.00012474996037781239,0.009596209041774273,weak_10x10_bal_strong_1000,weak_null,False,551,2587230331,-1.5543122344752192e-15,1,57
1000,1000,0.12611074156903346,0.11384549638373331,0.08314275489601641,0.08583707809930274,0.012265245185300144,-0.0026943232032863307,0.023363755698404175,0.5249689024157149,-0.11532063757499238,0.5996048091135744,0.9081909810703237,0.725,0.623,0.917,True,999,0.0001315409317612648,0.009466708055697381,weak_10x10_bal_strong_1000,weak_null,False,552,2587230331,-1.5543122344752192e-15,1,51
1000,1000,0.14806677193895634,0.14211081353828847,0.10469828849181795,0.11720432441831008,0.005955958400667871,-0.012506035926492132,0.024901122060361377,0.239184338208952,-0.5022278070914624,0.8109626465552944,0.6155072848329322,0.857,0.817,0.659,True,999,0.00011999998241662979,0.009567584027536213,weak_10x10_bal_strong_1000,weak_null,False,553,2587230331,-1.5543122344752192e-15,1,54
1000,1000,0.12478325480112185,0.13456873973438666,0.08188068927529457,0.10883952294290111,-0.00978548493326481,-0.02695883366760654,0.02432549387882273,-0.4022728164127368,-1.1082543195999133,0.6874832580990706,0.26775199756573476,0.785,0.719,0.279,True,999,0.00013308401685208082,0.009548625093884766,weak_10x10_bal_strong_1000,weak_null,False,554,2587230331,-1.5543122344752192e-15,1,53
1000,1000,0.13249380608372485,0.12930552624608893,0.08866954240147606,0.10591583515702041,0.003188279837635921,-0.017246292755544346,0.024182188947656995,0.13184413720929233,-0.7131816227585689,0.8951075748077589,0.4757333765531514,0.914,0.901,0.493,True,999,0.0001240420388057828,0.009478625026531518,weak_10x10_bal_strong_1000,weak_null,False,555,2587230331,-1.5543122344752192e-15,1,55
1000,1000,0.13499540064020366,0.16626281719056313,0.09059643487762514,0.14081428931490336,-0.03126741655035947,-0.05021785443727822,0.025879531900798357,-1.2081909622714198,-1.940446783572969,0.2269738173210607,0.05232541564888438,0.302,0.216,0.055,True,999,0.00012562493793666363,0.009511834010481834,weak_10x10_bal_strong_1000,weak_null,False,556,2587230331,-1.5543122344752192e-15,0,52
1000,1000,0.12167541820420658,0.11530926451100831,0.07741163277387386,0.09714488077850092,0.006366153693198262,-0.019733248004627058,0.023323950993776897,0.2729449095008314,-0.8460508260325242,0.7848955639018975,0.397524391130602,0.845,0.807,0.424,True,999,0.00012395798694342375,0.009366166079416871,weak_10x10_bal_strong_1000,weak_null,False,557,2587230331,-1.5543122344752192e-15,0,61
1000,1000,0.11765029638931424,0.0961596131292981,0.07444480674303122,0.07130761851351508,0.02149068326001613,0.0031371882295161413,0.021993937409680666,0.9771185058732127,0.14263877227073052,0.328510487045661,0.8865754747121551,0.482,0.33,0.876,True,999,0.0001282920129597187,0.009480083012022078,weak_10x10_bal_strong_1000,weak_null,False,558,2587230331,-1.5543122344752192e-15,1,55
1000,1000,0.15758444404837846,0.1363094574957271,0.11440424785041614,0.11260459151753821,0.021274986552651365,0.0017996563328779303,0.02530730672961753,0.8406657721405384,0.07111212394528592,0.40053520071196036,0.9433085190877482,0.508,0.417,0.941,True,999,0.00012683297973126173,0.009563041036017239,weak_10x10_bal_strong_1000,weak_null,False,559,2587230331,-1.5543122344752192e-15,1,53
1000,1000,0.1359760426082972,0.14582124100113225,0.09163446262391517,0.1234943641626387,-0.009845198392835042,-0.031859901538723534,0.024707967751867316,-0.39846249160216696,-1.2894586013176137,0.69028930149739,0.19723869980282127,0.735,0.666,0.203,True,999,0.0001349169760942459,0.00969608302693814,weak_10x10_bal_strong_1000,weak_null,False,560,2587230331,-1.5543122344752192e-15,0,54
1000,1000,0.13648642751399365,0.13912766074491922,0.09260224614536128,0.11457870477511278,-0.002641233230925577,-0.021976458629751505,0.02503719235557139,-0.10549238881962089,-0.8777525178401724,0.915985109133658,0.3800780372095889,0.929,0.92,0.378,True,999,0.0001270839711651206,0.00957104202825576,weak_10x10_bal_strong_1000,weak_null,False,561,2587230331,-1.5543122344752192e-15,0,52
1000,1000,0.12421079537477331,0.13347913010396395,0.07986150417718818,0.11565780616211896,-0.009268334729190641,-0.03579630198493078,0.023724866620157832,-0.3906590868382713,-1.5088094090491726,0.6960492442943929,0.13134749556559738,0.757,0.677,0.141,True,999,0.00011987495236098766,0.009434000006876886,weak_10x10_bal_strong_1000,weak_null,False,562,2587230331,-1.5543122344752192e-15,0,60
1000,1000,0.14966313737593673,0.10046212958194056,0.10721771936960067,0.07842422837427421,0.049201007793996165,0.028793490995326465,0.02346732547256064,2.096574995370684,1.2269609090730635,0.0360312146840605,0.21983728373234035,0.113,0.04,0.232,True,999,0.00012508302461355925,0.009499458014033735,weak_10x10_bal_strong_1000,weak_null,False,563,2587230331,-1.5543122344752192e-15,2,57
1000,1000,0.15611673612649435,0.15163555910508075,0.11304577967848672,0.1291288820606269,0.004481177021413596,-0.01608310238214017,0.026098280001658376,0.17170392152773464,-0.616251430405306,0.8636703026720023,0.5377285892274888,0.884,0.867,0.535,True,999,0.00012629094999283552,0.009614915936253965,weak_10x10_bal_strong_1000,weak_null,False,564,2587230331,-1.5543122344752192e-15,1,55
1000,1000,0.18606624427376905,0.12862204373207592,0.14323863644449375,0.10078321121653744,0.057444200541693136,0.04245542522795631,0.02506497132326861,2.2918119394920615,1.6938150329557164,0.02191649741954434,0.09030043657336898,0.078,0.028,0.109,True,999,0.00012799992691725492,0.009704584022983909,weak_10x10_bal_strong_1000,weak_null,False,565,2587230331,-1.5543122344752192e-15,3,51
1000,1000,0.15428694277315014,0.12507592453465177,0.10941073633057385,0.10245302174598692,0.029211018238498365,0.006957714584586938,0.025308815380504446,1.154183544323446,0.2749126926717603,0.24842492757848533,0.7833833153971026,0.366,0.24,0.781,True,999,0.00012204202357679605,0.0095982919447124,weak_10x10_bal_strong_1000,weak_null,False,566,2587230331,-1.5543122344752192e-15,0,56
1000,1000,0.172549991882184,0.11875397431208568,0.12796816429772662,0.09519248426056492,0.05379601757009833,0.03277568003716169,0.024272425563971932,2.2163428796316462,1.3503256998678912,0.026668028453903838,0.17691153218449318,0.08,0.03,0.18,True,999,0.00013883400242775679,0.009689333965070546,weak_10x10_bal_strong_1000,weak_null,False,567,2587230331,-1.5543122344752192e-15,1,54
1000,1000,0.15257334440360726,0.13116435315154684,0.10783901889317349,0.10273109422519155,0.021408991252060416,0.0051079246679819335,0.023541019288861147,0.9094334866880833,0.2169797579834973,0.3631213523638208,0.8282241199456795,0.487,0.365,0.822,True,999,0.00011662498582154512,0.009521667030639946,weak_10x10_bal_strong_1000,weak_null,False,568,2587230331,-1.5543122344752192e-15,1,50
1000,1000,0.15400191123241314,0.13719900108667404,0.1116014216554504,0.10594028754746887,0.01680291014573909,0.005661134107981525,0.02422215962761653,0.6936999179289326,0.2337171497097669,0.4878704174918419,0.8152045729022386,0.598,0.515,0.839,True,999,0.00012687500566244125,0.009577124961651862,weak_10x10_bal_strong_1000,weak_null,False,569,2587230331,-1.5543122344752192e-15,2,47
1000,1000,0.14969013444437174,0.13733439024322158,0.10467234868565356,0.11428115782405257,0.012355744201150154,-0.00960880913839901,0.02532482886387724,0.48789053097113344,-0.3794224707320647,0.6256273819314571,0.7043741666297364,0.701,0.618,0.7,True,999,0.00012562505435198545,0.009698790963739157,weak_10x10_bal_strong_1000,weak_null,False,570,2587230331,-1.5543122344752192e-15,0,55
1000,1000,0.13006831190422963,0.12039619757486841,0.08674809817557616,0.10050773925308931,0.009672114329361214,-0.013759641077513152,0.024176898850731255,0.40005603651142674,-0.5691234910840096,0.68911524409408,0.5692723375163793,0.754,0.687,0.569,True,999,0.00013358297292143106,0.009434625040739775,weak_10x10_bal_strong_1000,weak_null,False,571,2587230331,-1.5543122344752192e-15,1,59
1000,1000,0.138798423976068,0.1389754421396291,0.09649973080786367,0.11313550861086696,-0.00017701816356108235,-0.016635777803003293,0.024601915104479358,-0.007195300154858759,-0.6761984883028215,0.994259030633379,0.4989146322275919,0.995,0.993,0.488,True,999,0.00012658291961997747,0.009429999976418912,weak_10x10_bal_strong_1000,weak_null,False,572,2587230331,-1.5543122344752192e-15,2,51
1000,1000,0.15955859817501095,0.1302267917437845,0.11400901535807861,0.10559276587173372,0.02933180643122646,0.008416249486344896,0.024898185977229672,1.1780700191592874,0.3380266134264509,0.23876869317966098,0.7353431323863722,0.342,0.24,0.74,True,999,0.00012250000145286322,0.009504582965746522,weak_10x10_bal_strong_1000,weak_null,False,573,2587230331,-1.5543122344752192e-15,0,54
1000,1000,0.1228894821479325,0.13817613734322332,0.07858474440627106,0.10959198558123262,-0.015286655195290821,-0.031007241174961564,0.02419470169288505,-0.6318182959778411,-1.2815715427514398,0.5275056168608583,0.19999298815680489,0.645,0.547,0.212,True,999,0.0001336249988526106,0.009638834046199918,weak_10x10_bal_strong_1000,weak_null,False,574,2587230331,-1.5543122344752192e-15,0,49
1000,1000,0.15360441720750417,0.10283867761633403,0.10828286649666552,0.07851626957847202,0.050765739591170145,0.0297665969181935,0.023647384820546517,2.1467802878169127,1.2587690835195517,0.03181077737319406,0.20811375032908286,0.106,0.027,0.212,True,999,0.0001271660439670086,0.0096251250943169,weak_10x10_bal_strong_1000,weak_null,False,575,2587230331,-1.5543122344752192e-15,0,54
1000,1000,0.12503578004062366,0.1490705809096794,0.08250578788147322,0.12330738715286316,-0.02403480086905574,-0.04080159927138993,0.023710343403766387,-1.0136842161989865,-1.7208354420083432,0.31073345793538365,0.08528068905704007,0.422,0.292,0.09,True,999,0.00013270799536257982,0.00954020896460861,weak_10x10_bal_strong_1000,weak_null,False,576,2587230331,-1.5543122344752192e-15,1,52
1000,1000,0.15271228486228505,0.12417810730968915,0.10925798185917301,0.10203295484438968,0.028534177552595907,0.007225027014783336,0.023870554794171408,1.1953713601815086,0.3026752866484489,0.23194197022825003,0.7621373332705603,0.356,0.238,0.782,True,999,0.0001325419871136546,0.009540125029161572,weak_10x10_bal_strong_1000,weak_null,False,577,2587230331,-1.5543122344752192e-15,1,56
1000,1000,0.12312636126724019,0.11737918602855957,0.07928094504359251,0.09713272456770028,0.005747175238680624,-0.01785177952410777,0.02340978803353597,0.2455030874456206,-0.7625775807339217,0.8060669178760094,0.44571535920443195,0.876,0.831,0.448,True,999,0.00012199999764561653,0.0094156248960644,weak_10x10_bal_strong_1000,weak_null,False,578,2587230331,-1.5543122344752192e-15,0,58
1000,1000,0.17104644211818343,0.1410827832426066,0.12520511728280326,0.12037138885671084,0.029963658875576837,0.004833728426092421,0.025563165638431275,1.1721419521895962,0.18908958673042695,0.24114006911797703,0.8500226028482913,0.362,0.276,0.862,True,999,0.00013225001748651266,0.009603000013157725,weak_10x10_bal_strong_1000,weak_null,False,579,2587230331,-1.5543122344752192e-15,0,57
1000,1000,0.16319174044700047,0.12092977446287734,0.12097322907720809,0.10262269115582967,0.04226196598412313,0.018350537921378418,0.023923283843858556,1.7665620765090897,0.7670576514975079,0.07730159684370735,0.4430472390857534,0.188,0.084,0.46,True,999,0.00013295910321176052,0.009490499971434474,weak_10x10_bal_strong_1000,weak_null,False,580,2587230331,-1.5543122344752192e-15,2,61
1000,1000,0.14272262822928905,0.1276165884362942,0.09932722632265722,0.10387260745415006,0.015106039792994852,-0.004545381131492832,0.024419163510842397,0.6186141382888727,-0.18613991955435447,0.5361705856379384,0.8523350376406588,0.626,0.535,0.854,True,999,0.00011820904910564423,0.009477874962612987,weak_10x10_bal_strong_1000,weak_null,False,581,2587230331,-1.5543122344752192e-15,1,56
1000,1000,0.14314611995336435,0.12925198778118296,0.09985122159378079,0.10102928729156702,0.013894132172181384,-0.0011780656977862236,0.024519891186395776,0.5666473829985911,-0.04804530692370457,0.5709537757970214,0.9616801345733014,0.663,0.578,0.971,True,999,0.00013716693501919508,0.00948562496341765,weak_10x10_bal_strong_1000,weak_null,False,582,2587230331,-1.5543122344752192e-15,1,50
1000,1000,0.1112264420119069,0.10629058027169391,0.06835765132973393,0.08174309202723862,0.004935861740212988,-0.013385440697504691,0.022485010612492622,0.21951787460890207,-0.5953050647024276,0.826246657482054,0.5516395710678148,0.893,0.843,0.557,True,999,0.0001309579238295555,0.009344166028313339,weak_10x10_bal_strong_1000,weak_null,False,583,2587230331,-1.5543122344752192e-15,0,55
1000,1000,0.12753362709063065,0.13599098084474615,0.08355516834717491,0.10846206249220813,-0.008457353754115493,-0.02490689414503322,0.024026541976062393,-0.3520004569339001,-1.0366408187182292,0.7248379197957404,0.2999032825097028,0.802,0.731,0.303,True,999,0.00012920808512717485,0.009503791923634708,weak_10x10_bal_strong_1000,weak_null,False,584,2587230331,-1.5543122344752192e-15,0,49
1000,1000,0.14433639443804447,0.13059355180941956,0.10000361965194315,0.10426028178403612,0.013742842628624907,-0.00425666213209297,0.024896182690435902,0.552006016324115,-0.17097649808491347,0.5809442312992912,0.8642422452810304,0.677,0.584,0.879,True,999,0.000125208985991776,0.009500958025455475,weak_10x10_bal_strong_1000,weak_null,False,585,2587230331,-1.5543122344752192e-15,0,53
1000,1000,0.11398116917691103,0.0975885931119077,0.0697219598951051,0.07980900400582414,0.016392576065003328,-0.010087044110719035,0.022537596565408966,0.7273435753199564,-0.44756520871443667,0.46701551047950907,0.6544670167795537,0.594,0.476,0.661,True,999,0.00012550002429634333,0.009481124929152429,weak_10x10_bal_strong_1000,weak_null,False,586,2587230331,-1.5543122344752192e-15,0,62
1000,1000,0.1426476876826266,0.10872650105584325,0.09772923297396119,0.09119678605884474,0.03392118662678334,0.006532446915116452,0.023875657931230625,1.4207435340415324,0.2736028022319614,0.15539133153420778,0.7843898802772762,0.307,0.164,0.807,True,999,0.00011620891746133566,0.009387874975800514,weak_10x10_bal_strong_1000,weak_null,False,587,2587230331,-1.5543122344752192e-15,0,62
1000,1000,0.14283182190681076,0.12266264373302388,0.09800390209966281,0.09466801624762411,0.020169178173786884,0.0033358858520387002,0.024379140345863894,0.8273129358808067,0.13683361286382104,0.40805971363239535,0.8911623142997306,0.503,0.396,0.9,True,999,0.00012749992311000824,0.009547958034090698,weak_10x10_bal_strong_1000,weak_null,False,588,2587230331,-1.5543122344752192e-15,0,52
1000,1000,0.14218577216948036,0.14957320898182092,0.09685446807407061,0.1223895398495074,-0.007387436812340553,-0.02553507177543679,0.024833059100702184,-0.2974839621000082,-1.0282692789433565,0.7660970504815133,0.30382317786029767,0.812,0.759,0.33,True,999,0.00013766693882644176,0.009617250063456595,weak_10x10_bal_strong_1000,weak_null,False,589,2587230331,-1.5543122344752192e-15,0,52
1000,1000,0.1292415534437641,0.12602640794603592,0.08600835139623086,0.10160860809747874,0.003215145497728167,-0.015600256701247872,0.023327654082363338,0.13782549614189232,-0.6687452002746519,0.8903783336481083,0.5036580288678218,0.915,0.886,0.525,True,999,0.00012570805847644806,0.009534041048027575,weak_10x10_bal_strong_1000,weak_null,False,590,2587230331,-1.5543122344752192e-15,2,54
1000,1000,0.1523436448555362,0.12111865654958842,0.1086719527643254,0.0986996496193342,0.031224988305947776,0.009972303144991201,0.02479145263002228,1.2595062004609818,0.402247633239321,0.20784755205785,0.687501789711486,0.326,0.226,0.667,True,999,0.00012787501327693462,0.009510791976936162,weak_10x10_bal_strong_1000,weak_null,False,591,2587230331,-1.5543122344752192e-15,0,57
1000,1000,0.13474252012739552,0.10678543894631987,0.08953963966678202,0.08471273088287035,0.02795708118107565,0.0048269087839116764,0.02289948682981623,1.220860597831135,0.21078676652381614,0.22213880527939334,0.8330536653324077,0.374,0.256,0.83,True,999,0.00012770900502800941,0.009477665997110307,weak_10x10_bal_strong_1000,weak_null,False,592,2587230331,-1.5543122344752192e-15,0,57
1000,1000,0.1441980101409004,0.12747713776063108,0.10136347962452419,0.10313551317403835,0.016720872380269314,-0.0017720335495141626,0.023965589231522148,0.6977033703922542,-0.0739407461421141,0.48536271994886826,0.9410575338345126,0.58,0.484,0.956,True,999,0.00013466598466038704,0.009570791968144476,weak_10x10_bal_strong_1000,weak_null,False,593,2587230331,-1.5543122344752192e-15,2,55
1000,1000,0.170910642358038,0.1423704292520679,0.12783007641519362,0.11750590296958308,0.028540213105970103,0.01032417344561054,0.025133850795887116,1.1355288665372518,0.4107676746175314,0.2561537941213712,0.6812428982686634,0.401,0.304,0.716,True,999,0.0001269590575248003,0.009554167045280337,weak_10x10_bal_strong_1000,weak_null,False,594,2587230331,-1.5543122344752192e-15,3,53
1000,1000,0.14218240017590844,0.14172421949027936,0.09913686685331413,0.11222528424491429,0.00045818068562908376,-0.01308841739160016,0.024138257595901262,0.018981514461378687,-0.542227099019053,0.9848558520768302,0.5876620692192304,0.987,0.98,0.59,True,999,0.00012408290058374405,0.009410041035152972,weak_10x10_bal_strong_1000,weak_null,False,595,2587230331,-1.5543122344752192e-15,1,49
1000,1000,0.1425732700622251,0.12647884884650662,0.09854807745023209,0.10475725389329682,0.01609442121571847,-0.0062091764430647345,0.024951639927378717,0.6450245860617171,-0.2488484308500935,0.518911253100333,0.8034780267899695,0.649,0.558,0.808,True,999,0.0001248749904334545,0.009481583023443818,weak_10x10_bal_strong_1000,weak_null,False,596,2587230331,-1.5543122344752192e-15,0,59
1000,1000,0.14282535937193064,0.14643568869321522,0.09936739314298393,0.12501593090075858,-0.0036103293212845777,-0.025648537757774648,0.024302578678911294,-0.1485574584073855,-1.055383385304347,0.8819028436904954,0.29125001850437626,0.914,0.894,0.292,True,999,0.00012370804324746132,0.00955137494020164,weak_10x10_bal_strong_1000,weak_null,False,597,2587230331,-1.5543122344752192e-15,1,56
1000,1000,0.14143752347454264,0.11616149998135128,0.09826232041450567,0.0861460216531782,0.025276023493191357,0.01211629876132747,0.02385628853043264,1.0595119798684365,0.5078869978400509,0.2893666762743209,0.6115325935988405,0.434,0.304,0.628,True,999,0.00012616696767508984,0.009535791003145278,weak_10x10_bal_strong_1000,weak_null,False,598,2587230331,-1.5543122344752192e-15,1,50
1000,1000,0.16193417820822686,0.1144893125506774,0.11756101866467361,0.09846302726271006,0.04744486565754946,0.019097991401963554,0.0242280258191656,1.9582637896983814,0.7882603206925788,0.05019906741059377,0.4305444521584739,0.154,0.073,0.46,True,999,0.0001383339986205101,0.009455040912143886,weak_10x10_bal_strong_1000,weak_null,False,599,2587230331,-1.5543122344752192e-15,1,63
1000,1000,0.1347222221960087,0.12699215267059105,0.0911420887150598,0.1053489696234351,0.00773006952541766,-0.014206880908375297,0.024430152841649573,0.3164151110933332,-0.5815305782350569,0.751687448727582,0.5608829156404225,0.818,0.752,0.566,True,999,0.00012512505054473877,0.009461208013817668,weak_10x10_bal_strong_1000,weak_null,False,600,2587230331,-1.5543122344752192e-15,0,55
1000,1000,0.14145918624590204,0.1221427142513355,0.09727093033734491,0.09831002636440189,0.019316471994566542,-0.001039096027056985,0.024492028021882484,0.7886840557796265,-0.042425887563439055,0.4302966890916031,0.9661591916331631,0.528,0.431,0.967,True,999,0.00012708292342722416,0.009526749956421554,weak_10x10_bal_strong_1000,weak_null,False,601,2587230331,-1.5543122344752192e-15,0,55
1000,1000,0.13008288078320795,0.11320421800955854,0.08644651220720334,0.0877664587778213,0.01687866277364941,-0.001319946570617958,0.023796303043528026,0.7092976897619383,-0.05546855611157419,0.47813976177028084,0.9557651799569025,0.603,0.486,0.953,True,999,0.00012974999845027924,0.009506125003099442,weak_10x10_bal_strong_1000,weak_null,False,602,2587230331,-1.5543122344752192e-15,0,53
1000,1000,0.14106042028315136,0.12089727974794051,0.0982669878244451,0.10152526233758863,0.020163140535210844,-0.003258274513143533,0.023382016745066937,0.862335390272304,-0.13934959283745074,0.3885029832426323,0.8891739027128903,0.519,0.395,0.892,True,999,0.00012533401604741812,0.009545375010930002,weak_10x10_bal_strong_1000,weak_null,False,603,2587230331,-1.5543122344752192e-15,2,59
1000,1000,0.12165881614675733,0.12250899142543387,0.07841664968236728,0.0993945575415296,-0.0008501752786765349,-0.020977907859162315,0.02399897150900633,-0.03542548806133135,-0.874116953357344,0.9717404609302516,0.3820545658193433,0.987,0.979,0.391,True,999,0.0001295830588787794,0.009405124932527542,weak_10x10_bal_strong_1000,weak_null,False,604,2587230331,-1.5543122344752192e-15,1,56
1000,1000,0.15395324854143722,0.144076240859076,0.11151065076728628,0.11601110996207353,0.009877007682361216,-0.004500459194787254,0.024933482285740775,0.39613430523540566,-0.180498622022044,0.692005952033591,0.8567611360969226,0.768,0.705,0.871,True,999,0.00013049994595348835,0.009499542065896094,weak_10x10_bal_strong_1000,weak_null,False,605,2587230331,-1.5543122344752192e-15,2,49
1000,1000,0.15774371727519831,0.12622324746989122,0.11373032100482305,0.1042971798610779,0.031520469805307094,0.00943314114374516,0.02427450115853652,1.2985012379635414,0.3886028834181766,0.19411515120989464,0.6975699334562764,0.306,0.213,0.732,True,999,0.00011999998241662979,0.009537250036373734,weak_10x10_bal_strong_1000,weak_null,False,606,2587230331,-1.5543122344752192e-15,1,57
1000,1000,0.13591589220409483,0.14278678556065494,0.09340138688048683,0.11859744654316273,-0.006870893356560104,-0.025196059662675907,0.02505829126758929,-0.27419640402404466,-1.0054979165823972,0.783933691436483,0.3146571521786108,0.815,0.773,0.315,True,999,0.00012395798694342375,0.009508415940217674,weak_10x10_bal_strong_1000,weak_null,False,607,2587230331,-1.5543122344752192e-15,1,54
1000,1000,0.13847303749685524,0.16151296246570235,0.09609362245601005,0.13843498636816776,-0.023039924968847103,-0.0423413639121577,0.02531043584500558,-0.9102934896079039,-1.6728816592272464,0.36266775105269444,0.09435059506316498,0.451,0.365,0.087,True,999,0.00012116704601794481,0.009628084022551775,weak_10x10_bal_strong_1000,weak_null,False,608,2587230331,-1.5543122344752192e-15,2,56
1000,1000,0.1484381416003382,0.13525422889601002,0.10537311444977604,0.11180197086662247,0.013183912704328171,-0.006428856416846429,0.0241834701469127,0.545162155151305,-0.2658368041390101,0.5856419974320606,0.7903648971210467,0.67,0.595,0.776,True,999,0.00012637500185519457,0.009674457949586213,weak_10x10_bal_strong_1000,weak_null,False,609,2587230331,-1.5543122344752192e-15,1,55
1000,1000,0.14290606599054012,0.1395004605637854,0.100264913191495,0.11364878284177848,0.003405605426754721,-0.013383869650283486,0.024756324688954962,0.13756506547493022,-0.5406242573743065,0.8905841666812632,0.5887665946531154,0.921,0.889,0.574,True,999,0.0001242499565705657,0.009316707961261272,weak_10x10_bal_strong_1000,weak_null,False,610,2587230331,-1.5543122344752192e-15,1,52
1000,1000,0.15907221806356864,0.11132204645896604,0.11442887699377025,0.08522072314758589,0.0477501716046026,0.02920815384618436,0.0235209589277102,2.0301116017998657,1.2417926469729956,0.042345196492515044,0.21431307639019537,0.153,0.045,0.235,True,999,0.00011962500866502523,0.009571709088049829,weak_10x10_bal_strong_1000,weak_null,False,611,2587230331,-1.5543122344752192e-15,0,51
1000,1000,0.14546978328557048,0.12430685276462594,0.10136609413348197,0.1041437598624384,0.021162930520944534,-0.0027776657289564355,0.02490864226988984,0.849622002341203,-0.11151413629293411,0.3955352752775073,0.9112086563745042,0.541,0.423,0.917,True,999,0.00012754194904118776,0.00957083294633776,weak_10x10_bal_strong_1000,weak_null,False,612,2587230331,-1.5543122344752192e-15,0,58
1000,1000,0.13350642547539726,0.16438691614547407,0.08991373985054452,0.13721822038814935,-0.03088049067007681,-0.04730448053760483,0.025077652579316385,-1.2313947875466824,-1.8863201166053616,0.21817524553750156,0.05925183003714356,0.312,0.211,0.056,True,999,0.00011625001206994057,0.009578083059750497,weak_10x10_bal_strong_1000,weak_null,False,613,2587230331,-1.5543122344752192e-15,0,51
1000,1000,0.13564032579457352,0.10648180005166491,0.0908123806320873,0.0863839828654136,0.029158525742908614,0.004428397766673697,0.02313971059525117,1.2601076242022082,0.19137654070671534,0.20763054026990357,0.8482305981814087,0.347,0.196,0.839,True,999,0.0001231660135090351,0.009346207953058183,weak_10x10_bal_strong_1000,weak_null,False,614,2587230331,-1.5543122344752192e-15,0,60
1000,1000,0.14734583454531025,0.12663519514319221,0.10329148204482408,0.10329758046702864,0.020710639402118036,-6.098422204559029e-06,0.02500870924046275,0.8281370782866847,-0.00024385193757589489,0.4075928731441415,0.9998054343058146,0.536,0.427,1.0,True,999,0.0001289580250158906,0.009487041039392352,weak_10x10_bal_strong_1000,weak_null,False,615,2587230331,-1.5543122344752192e-15,0,55
1000,1000,0.14670134576199523,0.1365102178809755,0.10216673650711527,0.10942806313721576,0.010191127881019724,-0.007261326630100484,0.023922636705263685,0.42600353826287785,-0.3035337082430708,0.6701052677726658,0.7614831629156085,0.732,0.667,0.766,True,999,0.0001236249227076769,0.00956187502015382,weak_10x10_bal_strong_1000,weak_null,False,616,2587230331,-1.5543122344752192e-15,0,51
1000,1000,0.13135922423342716,0.13237983710494006,0.0880093320524793,0.11382075394806179,-0.0010206128715128937,-0.025811421895582498,0.02363261120007556,-0.04318663150983631,-1.0921950891105918,0.9655527616566384,0.2747473605713263,0.966,0.959,0.281,True,999,0.00012645800597965717,0.009520750027149916,weak_10x10_bal_strong_1000,weak_null,False,617,2587230331,-1.5543122344752192e-15,1,60
1000,1000,0.17335705513260669,0.12799495408328665,0.13038003382962415,0.09957963031217787,0.045362101049320036,0.030800403517446284,0.024806494983334215,1.8286380675623752,1.241626579576799,0.06745384596928569,0.21437437032978424,0.145,0.074,0.214,True,999,0.00013037491589784622,0.009512374992482364,weak_10x10_bal_strong_1000,weak_null,False,618,2587230331,-1.5543122344752192e-15,2,50
1000,1000,0.13940084360324967,0.15041412434861645,0.09634956042509657,0.12062643802198636,-0.011013280745366782,-0.02427687759688979,0.024760167405506284,-0.4447983151728448,-0.9804811574695163,0.6564655120553328,0.3268486661925728,0.734,0.657,0.323,True,999,0.00011879194062203169,0.009474084014073014,weak_10x10_bal_strong_1000,weak_null,False,619,2587230331,-1.5543122344752192e-15,1,49
1000,1000,0.13566846261821475,0.1398133471642275,0.09123375459103045,0.11552238806416426,-0.00414488454601275,-0.024288633473133814,0.024673787100958584,-0.16798736768915867,-0.984390169768069,0.8665932169774575,0.3249237095548436,0.886,0.863,0.351,True,999,0.0001182089326903224,0.009513417026028037,weak_10x10_bal_strong_1000,weak_null,False,620,2587230331,-1.5543122344752192e-15,0,56
1000,1000,0.1388109920624876,0.10158801977334031,0.09677800593181018,0.07955859006938226,0.03722297228914728,0.017219415862427923,0.022346398726275665,1.6657257728682353,0.7705678249704164,0.09576804621607216,0.44096313851151225,0.246,0.094,0.442,True,999,0.000131291919387877,0.00939833396114409,weak_10x10_bal_strong_1000,weak_null,False,621,2587230331,-1.5543122344752192e-15,2,55
1000,1000,0.1540019866667608,0.13999966041392914,0.1107873486535027,0.11945262957107161,0.014002326252831654,-0.008665280917568907,0.024827371103141642,0.5639874715152506,-0.3490212830657857,0.5727626585575001,0.7270733315129173,0.661,0.608,0.756,True,999,0.00012387498281896114,0.009438291075639427,weak_10x10_bal_strong_1000,weak_null,False,622,2587230331,-1.5543122344752192e-15,2,58
1000,1000,0.12994044635547297,0.12018640433171934,0.08559159631613511,0.09682472219355986,0.009754042023753628,-0.011233125877424754,0.023912632276295837,0.40790331700214516,-0.46975697813744877,0.6833446574421743,0.6385286546074229,0.745,0.677,0.633,True,999,0.00012637500185519457,0.009421624941751361,weak_10x10_bal_strong_1000,weak_null,False,623,2587230331,-1.5543122344752192e-15,0,54
1000,1000,0.1298664418549107,0.11129810319950639,0.08749053793007988,0.09232234771656067,0.018568338655404304,-0.00483180978648079,0.02331733386860668,0.7963319803214641,-0.2072196509990408,0.4258391021689165,0.8358383210977978,0.557,0.424,0.84,True,999,0.00016024999786168337,0.009530000039376318,weak_10x10_bal_strong_1000,weak_null,False,624,2587230331,-1.5543122344752192e-15,2,59
1000,1000,0.12620146006255206,0.1373724208019993,0.08240930506281074,0.11628445042560998,-0.011170960739447233,-0.03387514536279923,0.024042499739080223,-0.4646339133068279,-1.408969355534042,0.6421936418700285,0.15884422969866419,0.72,0.648,0.176,True,999,0.00011729192920029163,0.009362207958474755,weak_10x10_bal_strong_1000,weak_null,False,625,2587230331,-1.5543122344752192e-15,0,56
1000,1000,0.12888673447366195,0.11321811989464453,0.08536642458102506,0.09462174605135942,0.015668614579017415,-0.009255321470334366,0.023474583492035985,0.6674714626708145,-0.39426989081507396,0.5044710321048349,0.6933817903033017,0.607,0.513,0.684,True,999,0.00011858297511935234,0.009649917017668486,weak_10x10_bal_strong_1000,weak_null,False,626,2587230331,-1.5543122344752192e-15,0,61
1000,1000,0.13667646969327718,0.14284269701794833,0.09230492860024242,0.11402590841004212,-0.006166227324671147,-0.0217209798097997,0.025611274129781834,-0.24076222422299587,-0.8481022732305872,0.8097394091596912,0.39638101574560214,0.837,0.802,0.377,True,999,0.0001401250483468175,0.009651708067394793,weak_10x10_bal_strong_1000,weak_null,False,627,2587230331,-1.5543122344752192e-15,0,50
1000,1000,0.1555010700272832,0.11863510612987271,0.11200802191297043,0.09477046825924162,0.03686596389741048,0.01723755365372881,0.02451108442506348,1.5040527484664727,0.7032554478129406,0.13256778541287692,0.48189656997752983,0.252,0.151,0.472,True,999,0.00013499998021870852,0.009594167000614107,weak_10x10_bal_strong_1000,weak_null,False,628,2587230331,-1.5543122344752192e-15,1,55
1000,1000,0.15885072034563397,0.13291468436842202,0.11487911315543897,0.10955513624855939,0.025936035977211946,0.0053239769068795795,0.02477305162972555,1.046945542473698,0.21491001538507518,0.29512469541242425,0.8298374761869596,0.37,0.275,0.823,True,999,0.00012945802882313728,0.00960933300666511,weak_10x10_bal_strong_1000,weak_null,False,629,2587230331,-1.5543122344752192e-15,1,54
1000,1000,0.14284263188709545,0.15503327153634794,0.09867577853447074,0.1290444372697266,-0.012190639649252488,-0.03036865873525585,0.025208013673663446,-0.4836017548653146,-1.2047224001224692,0.6286685291122107,0.22831048559580092,0.699,0.645,0.261,True,999,0.00017929100431501865,0.009579167002812028,weak_10x10_bal_strong_1000,weak_null,False,630,2587230331,-1.5543122344752192e-15,0,51
1000,1000,0.16769932457571546,0.11557314963822479,0.12380469562003782,0.09145384971446902,0.052126174937490666,0.032350845905568804,0.02522819716567993,2.0661870761182395,1.282328883554883,0.038810818689909814,0.19972729984992765,0.117,0.045,0.23,True,999,0.00013416598085314035,0.009679707931354642,weak_10x10_bal_strong_1000,weak_null,False,631,2587230331,-1.5543122344752192e-15,1,55
1000,1000,0.12612431228097254,0.11506674773521525,0.08241792728085784,0.09434572733454161,0.011057564545757292,-0.011927800053683768,0.023561290253481557,0.4693106543315624,-0.5062456226021512,0.6388476007796196,0.6126842311564258,0.711,0.631,0.607,True,999,0.00012437498662620783,0.009525459026917815,weak_10x10_bal_strong_1000,weak_null,False,632,2587230331,-1.5543122344752192e-15,0,60
1000,1000,0.13607278845026638,0.10148452863577395,0.09304845947281137,0.07597893645737486,0.03458825981449243,0.017069523015436516,0.02302681664318663,1.5020860395276,0.7412888754854089,0.13307488980501414,0.45851830535948246,0.282,0.139,0.467,True,999,0.00012166600208729506,0.009573874995112419,weak_10x10_bal_strong_1000,weak_null,False,633,2587230331,-1.5543122344752192e-15,1,54
1000,1000,0.13571297572614993,0.15553399308962756,0.09215837260626358,0.13025028218532952,-0.019821017363477633,-0.03809190957906594,0.025239680786207704,-0.7853117292318881,-1.5092072638209186,0.43227082048737087,0.13124582451377922,0.51,0.413,0.127,True,999,0.00012295902706682682,0.009460542001761496,weak_10x10_bal_strong_1000,weak_null,False,634,2587230331,-1.5543122344752192e-15,0,53
1000,1000,0.15195042081280796,0.1502733776515457,0.10701390160465962,0.12701895261022855,0.0016770431612622705,-0.02000505100556893,0.02539144570932824,0.06604756501305331,-0.7878657731654692,0.9473399566942365,0.43077522331826645,0.954,0.947,0.412,True,999,0.00013141706585884094,0.00950245896819979,weak_10x10_bal_strong_1000,weak_null,False,635,2587230331,-1.5543122344752192e-15,0,54
1000,1000,0.13408465235349354,0.10668864851033344,0.09073424002917818,0.08616760714312477,0.0273960038431601,0.004566632886053412,0.02340884258696546,1.1703271420354107,0.1950815325058493,0.24186934322040643,0.8453291197478936,0.381,0.251,0.844,True,999,0.00013516691979020834,0.009654290974140167,weak_10x10_bal_strong_1000,weak_null,False,636,2587230331,-1.5543122344752192e-15,1,59
1000,1000,0.1462139464144725,0.14240267141763863,0.10341423124327775,0.12004044368131872,0.003811274996833869,-0.016626212438040966,0.024287337091380333,0.1569243669033813,-0.6845630039837373,0.8753044557597293,0.49361971929140835,0.896,0.864,0.488,True,999,0.00014908297453075647,0.009540374972857535,weak_10x10_bal_strong_1000,weak_null,False,637,2587230331,-1.5543122344752192e-15,2,55
1000,1000,0.14460617151868238,0.1392553558994416,0.10182434616899627,0.11764607343241096,0.0053508156192407785,-0.015821727263414687,0.024003761029434755,0.22291571777769778,-0.659135343166148,0.8236011031449622,0.50980886179095,0.849,0.813,0.525,True,999,0.00011799996718764305,0.009474040940403938,weak_10x10_bal_strong_1000,weak_null,False,638,2587230331,-1.5543122344752192e-15,2,57
1000,1000,0.14156320650735532,0.15504966411882048,0.09703252724284539,0.13602081936875265,-0.013486457611465164,-0.038988292125907265,0.02548478775589927,-0.5291963872974885,-1.5298652866701696,0.596669222569574,0.1260500773594548,0.667,0.6,0.135,True,999,0.00012437498662620783,0.009431750047951937,weak_10x10_bal_strong_1000,weak_null,False,639,2587230331,-1.5543122344752192e-15,0,58
1000,1000,0.16808921525927634,0.13076225274150932,0.1238512401700973,0.10413211342586237,0.037326962517767015,0.019719126744234927,0.026017489886950847,1.4346873076517834,0.7579181093148081,0.15137622263444278,0.44850000834885706,0.306,0.185,0.499,True,999,0.00012979190796613693,0.009525624918751419,weak_10x10_bal_strong_1000,weak_null,False,640,2587230331,-1.5543122344752192e-15,0,52
1000,1000,0.14541072867222438,0.15947716207892726,0.10162477317589946,0.1292431965631522,-0.014066433406702883,-0.027618423387252733,0.025133774503919952,-0.55966259283933,-1.098856973629061,0.5757096020199481,0.27183045657058835,0.658,0.578,0.292,True,999,0.00013041705824434757,0.009475040948018432,weak_10x10_bal_strong_1000,weak_null,False,641,2587230331,-1.5543122344752192e-15,1,48
1000,1000,0.1418447919656174,0.14534232595070562,0.09820048216761279,0.11716632913351077,-0.0034975339850882303,-0.01896584696589798,0.024895101927413246,-0.14049084817109828,-0.7618304605137501,0.8882721828797793,0.44616119792010944,0.9,0.876,0.452,True,999,0.00012804206926375628,0.009390332968905568,weak_10x10_bal_strong_1000,weak_null,False,642,2587230331,-1.5543122344752192e-15,0,50
1000,1000,0.1631841905315703,0.13297888487189868,0.11912754543709525,0.1077466726453622,0.03020530565967161,0.011380872791733054,0.02474100101797009,1.2208602892717495,0.46000049809895743,0.22213892212726638,0.6455158629749768,0.334,0.225,0.665,True,999,0.00011712510604411364,0.00942825002130121,weak_10x10_bal_strong_1000,weak_null,False,643,2587230331,-1.5543122344752192e-15,1,53
1000,1000,0.15014571562822754,0.11541820909633294,0.10762011343376798,0.09130061631014996,0.0347275065318946,0.01631949712361802,0.023853730367350067,1.4558522292776512,0.6841486372276359,0.1454334738300694,0.49388131197857,0.288,0.158,0.505,True,999,0.000122333993203938,0.009471500059589744,weak_10x10_bal_strong_1000,weak_null,False,644,2587230331,-1.5543122344752192e-15,2,55
1000,1000,0.12228054828741719,0.139906444982964,0.07939893586808466,0.11213040405823449,-0.017625896695546817,-0.032731468190149826,0.024022139212953156,-0.7337355153633706,-1.3625542629650755,0.4631099485679565,0.17302303162956234,0.568,0.471,0.168,True,999,0.00012816698290407658,0.009493458084762096,weak_10x10_bal_strong_1000,weak_null,False,645,2587230331,-1.5543122344752192e-15,1,49
1000,1000,0.13225541015959363,0.1437904172721537,0.0889388514856364,0.12354634851385526,-0.011535007112560058,-0.03460749702821886,0.02422653783618477,-0.4761310588643568,-1.4284953657938313,0.6339810110844322,0.1531493275378967,0.714,0.66,0.181,True,999,0.0001295000547543168,0.0095467499922961,weak_10x10_bal_strong_1000,weak_null,False,646,2587230331,-1.5543122344752192e-15,1,58
1000,1000,0.13856978784789797,0.12046090543202692,0.09538756681968152,0.09742182667821453,0.018108882415871053,-0.002034259858533005,0.02457173873020992,0.7369800979369419,-0.08278860038634418,0.46113445238418627,0.9340196335835832,0.578,0.466,0.942,True,999,0.0001344160409644246,0.009496874990873039,weak_10x10_bal_strong_1000,weak_null,False,647,2587230331,-1.5543122344752192e-15,0,56
1000,1000,0.15034058466325861,0.117841761129298,0.10612700728279378,0.09413702190050799,0.03249882353396061,0.011989985382285795,0.023041659160382266,1.4104376472089715,0.5203611987673755,0.15841049561614184,0.6028118486081069,0.286,0.152,0.63,True,999,0.00012337497901171446,0.009599375072866678,weak_10x10_bal_strong_1000,weak_null,False,648,2587230331,-1.5543122344752192e-15,1,55
1000,1000,0.12564945473249933,0.13044989843969812,0.08277255023585894,0.10254189690624571,-0.004800443707198787,-0.019769346670386767,0.023788407006285685,-0.20179761116119926,-0.831049622833637,0.8400749491496112,0.4059455970242093,0.867,0.829,0.381,True,999,0.00012600002810359,0.00947479100432247,weak_10x10_bal_strong_1000,weak_null,False,649,2587230331,-1.5543122344752192e-15,1,50
1000,1000,0.13995625290814306,0.11591613350701668,0.09663545453577171,0.09756301377751697,0.02404011940112638,-0.0009275592417452572,0.02342891575389656,1.0260875771482583,-0.03959036139309993,0.3048503053990509,0.9684197119098997,0.429,0.301,0.966,True,999,0.00012220896314829588,0.00939816702157259,weak_10x10_bal_strong_1000,weak_null,False,650,2587230331,-1.5543122344752192e-15,1,59
1000,1000,0.15271117418827096,0.14131459976135696,0.10789168080145828,0.12006776000339414,0.011396574426913997,-0.012176079201935863,0.025448471904591066,0.4478294205499224,-0.4784601310281118,0.6542763087932153,0.6323227443754728,0.729,0.676,0.654,True,999,0.00012524996418505907,0.009519167011603713,weak_10x10_bal_strong_1000,weak_null,False,651,2587230331,-1.5543122344752192e-15,0,56
1000,1000,0.15318106888313743,0.15372039855272124,0.10927489694222459,0.1295856283776402,-0.0005393296695838101,-0.02031073143541562,0.025326213089887094,-0.021295314371305184,-0.801964800790759,0.98301008158292,0.4225733197158915,0.981,0.978,0.438,True,999,0.00012983300257474184,0.00948695803526789,weak_10x10_bal_strong_1000,weak_null,False,652,2587230331,-1.5543122344752192e-15,1,52
1000,1000,0.13098363899539933,0.1374295323132636,0.08705847483770413,0.1155012705377203,-0.006445893317864271,-0.028442795700016177,0.024505323988685438,-0.2630405262481108,-1.1606782147891104,0.7925193431958945,0.245772784462867,0.849,0.802,0.245,True,999,0.0001265000319108367,0.009354542009532452,weak_10x10_bal_strong_1000,weak_null,False,653,2587230331,-1.5543122344752192e-15,0,55
1000,1000,0.14214519353974264,0.12291112091669998,0.09907552636650507,0.09844574031166076,0.019234072623042664,0.0006297860548443168,0.024001878551161922,0.8013569680408015,0.02623903181169247,0.42292501963759976,0.9790666837065514,0.532,0.412,0.981,True,999,0.00012550002429634333,0.0095646659610793,weak_10x10_bal_strong_1000,weak_null,False,654,2587230331,-1.5543122344752192e-15,1,55
1000,1000,0.1513538874392082,0.14954454657820349,0.1064122722555112,0.12472129755326478,0.0018093408610047046,-0.01830902529775358,0.025495769583599455,0.07096631678725991,-0.7181201272516653,0.9434245631857735,0.47268322092379644,0.957,0.942,0.468,True,999,0.0001307500060647726,0.009562417049892247,weak_10x10_bal_strong_1000,weak_null,False,655,2587230331,-1.5543122344752192e-15,0,54
1000,1000,0.14317581013137248,0.13467978128618607,0.09951099130785224,0.10846925314922373,0.00849602884518641,-0.008958261841371495,0.024341372490837968,0.3490365569313848,-0.36802615977153147,0.7270618648804759,0.7128537283358036,0.796,0.744,0.733,True,999,0.00012733298353850842,0.009461916983127594,weak_10x10_bal_strong_1000,weak_null,False,656,2587230331,-1.5543122344752192e-15,0,52
1000,1000,0.12360869677119979,0.12944359735853583,0.07937301776246386,0.11122803574534146,-0.005834900587336045,-0.0318550179828776,0.02378971645990166,-0.2452698668002605,-1.3390247015583505,0.8062474820709002,0.18056263154847552,0.855,0.815,0.195,True,999,0.00012929108925163746,0.009514125064015388,weak_10x10_bal_strong_1000,weak_null,False,657,2587230331,-1.5543122344752192e-15,0,61
1000,1000,0.1334536285500434,0.12261396554148318,0.08986825874853821,0.09429506906940333,0.010839663008560207,-0.0044268103208651155,0.023732197734914813,0.4567492286065396,-0.1865318319993766,0.6478513024254386,0.8520277185557995,0.708,0.633,0.849,True,999,0.00012450001668184996,0.009442125097848475,weak_10x10_bal_strong_1000,weak_null,False,658,2587230331,-1.5543122344752192e-15,1,52
1000,1000,0.14432333936742703,0.11941852616287996,0.10151426256470586,0.09600764748074653,0.02490481320454707,0.005506615083959332,0.023431028354214577,1.0628988548028198,0.2350138030953664,0.28782782242333493,0.8141980199053696,0.439,0.312,0.822,True,999,0.0001337910071015358,0.009477499988861382,weak_10x10_bal_strong_1000,weak_null,False,659,2587230331,-1.5543122344752192e-15,2,55
1000,1000,0.16090025538059782,0.12443568395850768,0.11698363578852877,0.10307977809168278,0.03646457142209014,0.01390385769684599,0.024017211127806692,1.5182683463140365,0.5789122485061704,0.12894676395378413,0.5626483850686474,0.249,0.129,0.568,True,999,0.0001216670498251915,0.009567374945618212,weak_10x10_bal_strong_1000,weak_null,False,660,2587230331,-1.5543122344752192e-15,1,56
1000,1000,0.15541318218074673,0.14104841379534083,0.11010440349582495,0.12155920532245545,0.014364768385405902,-0.0114548018266305,0.02494677848551137,0.5758165686101993,-0.4591695810857197,0.5647391732363779,0.6461123928633299,0.64,0.56,0.642,True,999,0.00012400001287460327,0.009585542022250593,weak_10x10_bal_strong_1000,weak_null,False,661,2587230331,-1.5543122344752192e-15,0,58
1000,1000,0.13328841022759175,0.1606777181141048,0.09099178075894088,0.13738208579513866,-0.02738930788651306,-0.04639030503619779,0.0246254585173372,-1.1122354480112526,-1.8838351782785023,0.2660369303897322,0.059587273543548876,0.391,0.278,0.07,True,999,0.00012250000145286322,0.009411000064574182,weak_10x10_bal_strong_1000,weak_null,False,662,2587230331,-1.5543122344752192e-15,2,54
1000,1000,0.14692132599491448,0.15657108304996986,0.10316568938560522,0.13429458871195266,-0.009649757055055386,-0.031128899326347437,0.02582005871684271,-0.373731026752497,-1.2056091609908584,0.708604439317321,0.22796822523617932,0.76,0.712,0.238,True,999,0.00012987502850592136,0.009593000053428113,weak_10x10_bal_strong_1000,weak_null,False,663,2587230331,-1.5543122344752192e-15,0,57
1000,1000,0.15787297843620296,0.10971769416421429,0.11387749640971379,0.08913736247222914,0.048155284271988674,0.024740133937484643,0.023809619459244997,2.0225138144024615,1.0390814510846094,0.043123297911595686,0.29876685682664295,0.14,0.039,0.311,True,999,0.00013112497981637716,0.009508249931968749,weak_10x10_bal_strong_1000,weak_null,False,664,2587230331,-1.5543122344752192e-15,1,56
1000,1000,0.14924893483529988,0.15250252356402727,0.10649401566615779,0.13368612485135145,-0.0032535887287273857,-0.027192109185193658,0.025277463724931795,-0.12871499942133394,-1.0757451570733894,0.8975831663213062,0.28204124576277945,0.924,0.905,0.278,True,999,0.00012504193000495434,0.009667625068686903,weak_10x10_bal_strong_1000,weak_null,False,665,2587230331,-1.5543122344752192e-15,2,60
1000,1000,0.16039849049422328,0.13478871580595353,0.11744341124131097,0.11230732594776782,0.02560977468826975,0.005136085293543147,0.025720671547380617,0.9956884150980824,0.19968706042849038,0.31940156067280334,0.8417253342432023,0.426,0.329,0.832,True,999,0.00012566603254526854,0.009542332962155342,weak_10x10_bal_strong_1000,weak_null,False,666,2587230331,-1.5543122344752192e-15,2,55
1000,1000,0.1410674796113649,0.10523945678345492,0.09870989096225458,0.08638753009807942,0.03582802282790998,0.012322360864175153,0.022670756800704676,1.580362894051968,0.5435354881400402,0.11402378407632235,0.5867611635752397,0.244,0.106,0.578,True,999,0.00012316706124693155,0.009578500059433281,weak_10x10_bal_strong_1000,weak_null,False,667,2587230331,-1.5543122344752192e-15,2,59
1000,1000,0.14799047135202636,0.13110730731033937,0.10360113316255593,0.10373470078468472,0.016883164041686993,-0.00013356762212879403,0.02407023656026533,0.7014124684406877,-0.0055490780821524964,0.4830456430201121,0.9955724989937053,0.598,0.506,0.996,True,999,0.00012166693340986967,0.009504458983428776,weak_10x10_bal_strong_1000,weak_null,False,668,2587230331,-1.5543122344752192e-15,0,52
1000,1000,0.18008266813698093,0.12960695478188244,0.13556812103843185,0.10790171925924597,0.050475713355098484,0.02766640177918589,0.02517360772598503,2.0051044691141264,1.0990241081189056,0.04495187981425323,0.27175755047085426,0.114,0.047,0.296,True,999,0.00011945806909352541,0.009526124922558665,weak_10x10_bal_strong_1000,weak_null,False,669,2587230331,-1.5543122344752192e-15,1,57
1000,1000,0.10663989324958312,0.1379906385322861,0.06379169160527454,0.11420475665892127,-0.031350745282702985,-0.05041306505364673,0.022732970999608706,-1.3790870222481089,-2.2176188521295557,0.16786792466881129,0.026580831382685077,0.331,0.193,0.033,True,999,0.00014158303383737803,0.009330417029559612,weak_10x10_bal_strong_1000,weak_null,False,670,2587230331,-1.5543122344752192e-15,1,56
1000,1000,0.16107219035010845,0.13779479279003615,0.11619755926722064,0.1084667796649228,0.0232773975600723,0.007730779602297844,0.025245926944066903,0.9220258622962849,0.30621888510671896,0.3565150857686087,0.759437994392444,0.461,0.364,0.76,True,999,0.00011862500105053186,0.009471792029216886,weak_10x10_bal_strong_1000,weak_null,False,671,2587230331,-1.5543122344752192e-15,1,49
1000,1000,0.12945420868437774,0.14136532581138772,0.08709701745237908,0.11159467343077267,-0.011911117127009985,-0.024497655978393595,0.023982980255732277,-0.4966487484041128,-1.0214600402941292,0.6194367701135193,0.30703653193374103,0.705,0.613,0.304,True,999,0.00012454204261302948,0.009558207937516272,weak_10x10_bal_strong_1000,weak_null,False,672,2587230331,-1.5543122344752192e-15,2,47
1000,1000,0.1323764497114035,0.15527261879117937,0.0893816823013367,0.1328717944360278,-0.022896169079775874,-0.04349011213469112,0.024641408942937523,-0.9291745099802075,-1.7649198645824926,0.35279865516047926,0.07757723463284512,0.443,0.343,0.092,True,999,0.00012408301699906588,0.009545541950501502,weak_10x10_bal_strong_1000,weak_null,False,673,2587230331,-1.5543122344752192e-15,1,55
1000,1000,0.14700102598933507,0.10060286307224531,0.1026508665199799,0.08026538746798906,0.04639816291708976,0.022385479051990842,0.022861990151308527,2.029489235626939,0.9791570595488858,0.04240848428442842,0.3275023819227846,0.145,0.053,0.317,True,999,0.00012770900502800941,0.009536584024317563,weak_10x10_bal_strong_1000,weak_null,False,674,2587230331,-1.5543122344752192e-15,0,59
1000,1000,0.1505611421513553,0.1142854566051264,0.10744154777376025,0.09269808294624227,0.0362756855462289,0.014743464827517982,0.024235223224837656,1.4968166461553976,0.6083486292136987,0.13444097369636265,0.5429562747180514,0.261,0.14,0.543,True,999,0.00012091698590666056,0.009337874944321811,weak_10x10_bal_strong_1000,weak_null,False,675,2587230331,-1.5543122344752192e-15,1,57
1000,1000,0.14196177608384586,0.130078745468849,0.09935834755606265,0.10215515854139312,0.011883030614996848,-0.002796810985330467,0.024237503712222566,0.49027452480613487,-0.1153918744495161,0.6239396513574849,0.9081345191915076,0.705,0.63,0.899,True,999,0.00012166693340986967,0.00941387505736202,weak_10x10_bal_strong_1000,weak_null,False,676,2587230331,-1.5543122344752192e-15,1,52
1000,1000,0.12124179868966678,0.12674796178412867,0.07735191810070319,0.10728068427590642,-0.005506163094461891,-0.029928766175203236,0.024414918380140156,-0.2255245341692714,-1.2258392884716016,0.8215712414214347,0.22025915910993965,0.869,0.833,0.259,True,999,0.00011779193300753832,0.009550207993015647,weak_10x10_bal_strong_1000,weak_null,False,677,2587230331,-1.5543122344752192e-15,0,61
1000,1000,0.1433202197030905,0.14999017511863355,0.09970656196173877,0.12333770002794608,-0.00666995541554305,-0.023631138066207313,0.025029801752578955,-0.26648055312127306,-0.9441200653446035,0.789869134472403,0.345108296746235,0.836,0.797,0.354,True,999,0.00012474996037781239,0.009440875030122697,weak_10x10_bal_strong_1000,weak_null,False,678,2587230331,-1.5543122344752192e-15,0,51
1000,1000,0.16537470246906105,0.1332737551192973,0.12065752482249081,0.10807045632247991,0.032100947349763764,0.0125870685000109,0.02490302441846436,1.2890381027760829,0.5054433665767204,0.197384840378648,0.6132474662374607,0.292,0.186,0.619,True,999,0.00012404110748320818,0.009546999935992062,weak_10x10_bal_strong_1000,weak_null,False,679,2587230331,-1.5543122344752192e-15,1,53
1000,1000,0.14196642085760391,0.12730092964853446,0.09862945019676772,0.10174285390269233,0.014665491209069459,-0.003113403705924611,0.023881875344178686,0.6140845724096051,-0.13036680164581452,0.5391594423861534,0.8962762308494734,0.638,0.55,0.912,True,999,0.00012908305507153273,0.009467999916523695,weak_10x10_bal_strong_1000,weak_null,False,680,2587230331,-1.5543122344752192e-15,2,53
1000,1000,0.150960051124728,0.14996403973409267,0.10579280934280177,0.12572543113537904,0.0009960113906353207,-0.019932621792577265,0.0247640043947172,0.04022012654979966,-0.8049030146687184,0.9679176319451402,0.42087564861696924,0.98,0.977,0.44,True,999,0.0001286671031266451,0.009542666957713664,weak_10x10_bal_strong_1000,weak_null,False,681,2587230331,-1.5543122344752192e-15,1,53
1000,1000,0.1373062364788069,0.15515916654895479,0.09319433997370652,0.12036989368164086,-0.017852930070147877,-0.02717555370793434,0.02469795861982029,-0.7228504324977195,-1.1003157842416078,0.46977177914763135,0.2711945572198371,0.572,0.474,0.272,True,999,0.00013016699813306332,0.009639874915592372,weak_10x10_bal_strong_1000,weak_null,False,682,2587230331,-1.5543122344752192e-15,0,45
1000,1000,0.16640455112334296,0.14947173135557723,0.12201215994127779,0.12327281188788675,0.016932819767765728,-0.0012606519466089594,0.025168582893904463,0.672776049376489,-0.05008831653029915,0.5010897771138481,0.9600520101107124,0.592,0.516,0.967,True,999,0.00012745801359415054,0.00963658292312175,weak_10x10_bal_strong_1000,weak_null,False,683,2587230331,-1.5543122344752192e-15,1,53
1000,1000,0.1604397237442079,0.12084484999234157,0.117059349869578,0.10256095524027842,0.03959487375186632,0.014498394629299582,0.02355203056214905,1.6811660314121726,0.6155900057551831,0.09273066947990756,0.5381651491040083,0.202,0.097,0.546,True,999,0.00012895790860056877,0.009604083024896681,weak_10x10_bal_strong_1000,weak_null,False,684,2587230331,-1.5543122344752192e-15,2,60
1000,1000,0.13233933485889438,0.11735963813406541,0.08896597335888146,0.09300446797232098,0.014979696724828961,-0.004038494613439525,0.024140778437843492,0.620514237492298,-0.1672893284629427,0.5349192834488382,0.867142400471531,0.606,0.515,0.845,True,999,0.0001278748968616128,0.009525875095278025,weak_10x10_bal_strong_1000,weak_null,False,685,2587230331,-1.5543122344752192e-15,0,55
1000,1000,0.14671217461980124,0.13014562444835587,0.10215503160452499,0.10612604621235278,0.01656655017144537,-0.003971014607827783,0.024890845593604653,0.6655679940299782,-0.1595371516365068,0.5056872696468824,0.8732456903580756,0.619,0.52,0.89,True,999,0.00012670899741351604,0.009478708961978555,weak_10x10_bal_strong_1000,weak_null,False,686,2587230331,-1.5543122344752192e-15,0,55
1000,1000,0.1388321252197997,0.1394881448728963,0.0954763214635932,0.10827420392752174,-0.0006560196530965845,-0.012797882463928545,0.024601633446297202,-0.02666569496406029,-0.5202045828324768,0.9787263748497618,0.602920991508587,0.983,0.978,0.602,True,999,0.00011675001587718725,0.009344958001747727,weak_10x10_bal_strong_1000,weak_null,False,687,2587230331,-1.5543122344752192e-15,1,46
1000,1000,0.13908096100306544,0.14479059592784688,0.0942718158162279,0.12584138333414785,-0.005709634924781437,-0.03156956751791995,0.025631972860743996,-0.22275440738804328,-1.2316479769011275,0.8237266540518398,0.21808061087344222,0.833,0.806,0.241,True,999,0.00012241594959050417,0.00951754197012633,weak_10x10_bal_strong_1000,weak_null,False,688,2587230331,-1.5543122344752192e-15,0,61
1000,1000,0.13420053605430615,0.15141423901614992,0.08967155022037332,0.12534387834023164,-0.01721370296184377,-0.03567232811985832,0.024588988522339036,-0.7000573832553202,-1.4507440225713268,0.483891468871531,0.14685115213860667,0.589,0.483,0.162,True,999,0.00012858305126428604,0.00950220797676593,weak_10x10_bal_strong_1000,weak_null,False,689,2587230331,-1.5543122344752192e-15,0,51
1000,1000,0.14235426018641917,0.13903945062036271,0.09896927815361778,0.11480624900605108,0.0033148095660564536,-0.015836970852433296,0.024375848357043112,0.13598745436479048,-0.6496992687377542,0.8918311987963274,0.5158864963669296,0.927,0.912,0.535,True,999,0.00012599991168826818,0.009539874969050288,weak_10x10_bal_strong_1000,weak_null,False,690,2587230331,-1.5543122344752192e-15,1,54
1000,1000,0.14621621560509146,0.149060771872357,0.10173206955050773,0.11856328138765093,-0.002844556267265541,-0.0168312118371432,0.02485808876345143,-0.11443181711732643,-0.6770919517308162,0.9088954932335972,0.4983476150181464,0.937,0.921,0.489,True,999,0.0001354580745100975,0.009482541005127132,weak_10x10_bal_strong_1000,weak_null,False,691,2587230331,-1.5543122344752192e-15,0,47
1000,1000,0.14767624067652996,0.12171509949067016,0.10452509991364423,0.09950940432418065,0.025961141185859793,0.005015695589463576,0.02502630206745618,1.037354264960274,0.20041696835370296,0.2995707845286266,0.8411544898717365,0.456,0.313,0.846,True,999,0.00012720806989818811,0.009598957956768572,weak_10x10_bal_strong_1000,weak_null,False,692,2587230331,-1.5543122344752192e-15,0,56
1000,1000,0.1415259567392546,0.1209206517611634,0.09713532544992631,0.09756065835733807,0.02060530497809121,-0.00042533290741175733,0.02421331437720221,0.8509906845917764,-0.017566075456907502,0.39477452748890474,0.985985020362795,0.519,0.403,0.985,True,999,0.00014008395373821259,0.009461792069487274,weak_10x10_bal_strong_1000,weak_null,False,693,2587230331,-1.5543122344752192e-15,0,54
1000,1000,0.11733573136274256,0.10139455927657764,0.07353108025108668,0.08267529961665332,0.015941172086164912,-0.009144219365566641,0.02266750606134847,0.7032609605582956,-0.403406503601158,0.4818931350860073,0.6866492031345084,0.612,0.482,0.678,True,999,0.00012824998702853918,0.009418083005584776,weak_10x10_bal_strong_1000,weak_null,False,694,2587230331,-1.5543122344752192e-15,0,61
1000,1000,0.13171787739204,0.12000285990304876,0.08788868938745509,0.09864147814226953,0.01171501748899123,-0.010752788754814446,0.02350283675600163,0.4984512129583554,-0.45751025148352104,0.6181660478133786,0.6473043355478162,0.739,0.646,0.691,True,999,0.0001248749904334545,0.009546624962240458,weak_10x10_bal_strong_1000,weak_null,False,695,2587230331,-1.5543122344752192e-15,1,59
1000,1000,0.1665212649252239,0.18586171527356998,0.12134448771030293,0.1623775496872213,-0.019340450348346083,-0.04103306197691836,0.026484968334058622,-0.7302425324584976,-1.549296244547571,0.46524194859185375,0.12131052212828561,0.553,0.495,0.155,True,999,0.00012633297592401505,0.00949454098008573,weak_10x10_bal_strong_1000,weak_null,False,696,2587230331,-1.5543122344752192e-15,1,53
1000,1000,0.15768733969041326,0.13844218188856727,0.11270479413315115,0.11385941988010018,0.01924515780184599,-0.0011546257469490229,0.025744854440401886,0.7475341469262379,-0.044848796858491725,0.4547411987031168,0.96422782992857,0.518,0.43,0.957,True,999,0.00012624997179955244,0.009469458018429577,weak_10x10_bal_strong_1000,weak_null,False,697,2587230331,-1.5543122344752192e-15,0,54
1000,1000,0.15639815799113466,0.14233577668148512,0.11285296841288073,0.12210337776218694,0.014062381309649541,-0.00925040934930621,0.025194811121899342,0.558145930986024,-0.36715533625357283,0.5767447385851867,0.7135031527651613,0.65,0.572,0.717,True,999,0.00012045807670801878,0.009534291923046112,weak_10x10_bal_strong_1000,weak_null,False,698,2587230331,-1.5543122344752192e-15,1,58
1000,1000,0.13641265770584665,0.15085489573241995,0.09248404225400009,0.12937545406202844,-0.014442238026573295,-0.03689141180802835,0.025015312232185713,-0.5773359090034194,-1.4747532017834408,0.5637125604846231,0.1402789070562092,0.654,0.573,0.14,True,999,0.00013058306649327278,0.009559125057421625,weak_10x10_bal_strong_1000,weak_null,False,699,2587230331,-1.5543122344752192e-15,0,56
1000,1000,0.1362284925756323,0.12871767121590583,0.0921830365855385,0.10692129117137483,0.007510821359726472,-0.01473825458583633,0.024204153007830135,0.31031126589295205,-0.6089142876046292,0.7563242647877679,0.5425812534049547,0.811,0.753,0.561,True,999,0.00012112502008676529,0.009561375016346574,weak_10x10_bal_strong_1000,weak_null,False,700,2587230331,-1.5543122344752192e-15,0,57
1000,1000,0.13082899183444496,0.15272115198151393,0.08859188023006936,0.12984284930985268,-0.021892160147068962,-0.04125096907978332,0.024030963595959774,-0.9109980155248373,-1.7165757384243499,0.3622964192837733,0.08605671855114322,0.478,0.37,0.079,True,999,0.00012816698290407658,0.00961387506686151,weak_10x10_bal_strong_1000,weak_null,False,701,2587230331,-1.5543122344752192e-15,2,54
1000,1000,0.1304614831537383,0.13787298647300383,0.08711747363486211,0.11492685431153404,-0.007411503319265544,-0.027809380676671935,0.024062939219334365,-0.30800490545687226,-1.1556934264425742,0.7580785996674632,0.2478065779208456,0.796,0.744,0.24,True,999,0.00012645905371755362,0.009651583968661726,weak_10x10_bal_strong_1000,weak_null,False,702,2587230331,-1.5543122344752192e-15,1,56
1000,1000,0.12341900513007475,0.12804497595402475,0.08060194528752618,0.10979588982502264,-0.004625970823949999,-0.029193944537496463,0.023456375687638066,-0.19721592481092332,-1.244605941099511,0.8436585691448634,0.21327663545264341,0.873,0.838,0.206,True,999,0.00012770795729011297,0.00941608299035579,weak_10x10_bal_strong_1000,weak_null,False,703,2587230331,-1.5543122344752192e-15,1,60
1000,1000,0.15170918411442136,0.12172616774994849,0.10786407186742508,0.09861906922662911,0.02998301636447287,0.009245002640795974,0.023872714085358453,1.2559533975595163,0.3872623199750084,0.20913286686106947,0.6985620176898526,0.323,0.211,0.7,True,999,0.0001235830131918192,0.009466832969337702,weak_10x10_bal_strong_1000,weak_null,False,704,2587230331,-1.5543122344752192e-15,1,54
1000,1000,0.12817262439125177,0.14008413257879793,0.08378817840548436,0.11988133452780403,-0.01191150818754616,-0.03609315612231967,0.024611524185616747,-0.48398092282750127,-1.466514460872477,0.6283994081662205,0.14250818453654585,0.697,0.627,0.135,True,999,0.00012733403127640486,0.009536916972137988,weak_10x10_bal_strong_1000,weak_null,False,705,2587230331,-1.5543122344752192e-15,0,57
1000,1000,0.14968138024230315,0.1676271212234023,0.10722925198751909,0.13874836363766008,-0.017945740981099134,-0.031519111650140985,0.02548373478386605,-0.7042037257608222,-1.2368325097346398,0.4813059111232427,0.2161492700625326,0.558,0.483,0.211,True,999,0.00012800004333257675,0.009384542005136609,weak_10x10_bal_strong_1000,weak_null,False,706,2587230331,-1.5543122344752192e-15,2,49
1000,1000,0.18185289436196772,0.10696985320136487,0.13835187283166306,0.0894147316953422,0.07488304116060285,0.04893714113632086,0.024130154388728738,3.103297225300014,2.0280492344955543,0.0019137733132860112,0.04255522332724243,0.017,0.005,0.05,True,999,0.00012929108925163746,0.009529792005196214,weak_10x10_bal_strong_1000,weak_null,False,707,2587230331,-1.5543122344752192e-15,2,62
1000,1000,0.1502533468852909,0.12549694891798113,0.10688865889233057,0.09871284505203448,0.024756397967309773,0.008175813840296087,0.02446640586958766,1.0118526643949197,0.3341648905799778,0.3116085049019425,0.7382551358975644,0.456,0.335,0.747,True,999,0.00012204190716147423,0.009565458982251585,weak_10x10_bal_strong_1000,weak_null,False,708,2587230331,-1.5543122344752192e-15,0,52
1000,1000,0.14817608415218642,0.15815096861388056,0.10364526499324711,0.1415918141548218,-0.009974884461694145,-0.037946549161574694,0.02622313739967649,-0.38038486050174924,-1.447063659211229,0.703659751111516,0.14787909500101848,0.755,0.7,0.174,True,999,0.00012574996799230576,0.0095394590171054,weak_10x10_bal_strong_1000,weak_null,False,709,2587230331,-1.5543122344752192e-15,0,60
1000,1000,0.15023476659737156,0.12963830944678867,0.10600954011624708,0.10143561794444622,0.020596457150582892,0.004573922171800859,0.024256145625612173,0.8491232477114996,0.18856755901775402,0.3958127156308491,0.8504317607696554,0.494,0.381,0.849,True,999,0.00012712494935840368,0.009416916989721358,weak_10x10_bal_strong_1000,weak_null,False,710,2587230331,-1.5543122344752192e-15,1,50
1000,1000,0.13526941006319193,0.1150622517663632,0.0927130940835923,0.08924274869241344,0.02020715829682873,0.003470345391178853,0.023057707471172483,0.8763732613961035,0.15050695718633758,0.38082714942843354,0.880364662220439,0.553,0.405,0.89,True,999,0.0001247500767931342,0.009675459004938602,weak_10x10_bal_strong_1000,weak_null,False,711,2587230331,-1.5543122344752192e-15,1,52
1000,1000,0.1424448130042828,0.12188630052805105,0.09859061734505303,0.09615441012965675,0.02055851247623175,0.00243620721539628,0.02458095842944822,0.8363592711504063,0.09910952912550719,0.4029528181672817,0.9210513061935012,0.527,0.413,0.927,True,999,0.00016062508802860975,0.009616167051717639,weak_10x10_bal_strong_1000,weak_null,False,712,2587230331,-1.5543122344752192e-15,1,53
1000,1000,0.12308706130994018,0.13132389349675477,0.0812678725724254,0.1083710234092905,-0.008236832186814591,-0.027103150836865098,0.02378582812248412,-0.34629158776391433,-1.139466353548784,0.7291235899822439,0.25450869418120325,0.782,0.718,0.26,True,999,0.000139000010676682,0.009415165986865759,weak_10x10_bal_strong_1000,weak_null,False,713,2587230331,-1.5543122344752192e-15,2,55
1000,1000,0.11954883373994107,0.13925344015151253,0.07652665178693496,0.11872933308654865,-0.019704606411571457,-0.04220268129961369,0.02450850469975921,-0.8039905597245617,-1.721960675145894,0.42140242704837527,0.08507664240800619,0.544,0.421,0.09,True,999,0.00013070798013359308,0.00939708307851106,weak_10x10_bal_strong_1000,weak_null,False,714,2587230331,-1.5543122344752192e-15,0,56
1000,1000,0.16064296884304552,0.1334641952799973,0.11605985823143783,0.11219532988326364,0.02717877356304821,0.00386452834817419,0.025750581010842925,1.0554625370046566,0.15007538457275715,0.29121383453802896,0.8807051402841901,0.421,0.311,0.871,True,999,0.00012854195665568113,0.009627583902329206,weak_10x10_bal_strong_1000,weak_null,False,715,2587230331,-1.5543122344752192e-15,0,57
1000,1000,0.15102334690337482,0.1511280182981385,0.1061128446958719,0.12360832069509797,-0.00010467139476366683,-0.017495475999226073,0.0253080806610079,-0.00413588830246356,-0.6912999936096027,0.9967000479861896,0.48937703583468983,0.995,0.993,0.496,True,999,0.00012491608504205942,0.009525833069346845,weak_10x10_bal_strong_1000,weak_null,False,716,2587230331,-1.5543122344752192e-15,0,51
1000,1000,0.1550786307990828,0.1239373179039771,0.11142010196908814,0.10283004154530317,0.03114131289510569,0.008590060423784962,0.02455871192926914,1.2680352693087045,0.3497765049130001,0.20478535572128231,0.7265064329556431,0.329,0.227,0.738,True,999,0.00012970902025699615,0.009656124981120229,weak_10x10_bal_strong_1000,weak_null,False,717,2587230331,-1.5543122344752192e-15,1,58
1000,1000,0.13869818194490202,0.1229186770645539,0.09466030823205074,0.09921592142103464,0.015779504880348127,-0.004555613188983898,0.02439433285679435,0.6468512573383697,-0.18674883284275026,0.5177282147492226,0.851857566483748,0.631,0.533,0.871,True,999,0.00012362503912299871,0.009451457997784019,weak_10x10_bal_strong_1000,weak_null,False,718,2587230331,-1.5543122344752192e-15,0,57
1000,1000,0.11519408815706678,0.1412088950007493,0.07144591159385527,0.1215580595769552,-0.026014806843682514,-0.05011214798309993,0.024044850912965415,-1.0819283903172328,-2.0841114034971437,0.2792843486037845,0.03715003501580895,0.394,0.272,0.04,True,999,0.0001419170293956995,0.009544790955260396,weak_10x10_bal_strong_1000,weak_null,False,719,2587230331,-1.5543122344752192e-15,0,57
1000,1000,0.13035627135815941,0.12424785176506403,0.08561816104611353,0.09958938796614802,0.006108419593095382,-0.013971226920034496,0.023817783009034924,0.2564646588130492,-0.586588051236117,0.7975920662307074,0.5574804095169389,0.853,0.803,0.595,True,999,0.0001263340236619115,0.00959370902273804,weak_10x10_bal_strong_1000,weak_null,False,720,2587230331,-1.5543122344752192e-15,0,54
1000,1000,0.14223589373493795,0.13626959724891397,0.09812943907172667,0.10962506170494635,0.005966296486023981,-0.011495622633219682,0.02447587612916012,0.2437623255870233,-0.46967154812178524,0.8074149000862726,0.6385896983325734,0.852,0.812,0.659,True,999,0.00013541709631681442,0.009587000007741153,weak_10x10_bal_strong_1000,weak_null,False,721,2587230331,-1.5543122344752192e-15,0,52
1000,1000,0.13879390527535707,0.14201011473995662,0.09425137891003033,0.11633398440380915,-0.003216209464599551,-0.02208260549377883,0.024423177054909852,-0.13168677675998702,-0.9041659667835683,0.8952320450423662,0.36590740345887285,0.916,0.897,0.363,True,999,0.00012458302080631256,0.00957474997267127,weak_10x10_bal_strong_1000,weak_null,False,722,2587230331,-1.5543122344752192e-15,0,52
1000,1000,0.11033774468648838,0.13569577751558126,0.06782515264603717,0.11237654805927377,-0.02535803282909288,-0.044551395413236605,0.023566302466159563,-1.0760293374620895,-1.8904703220715657,0.281914135976557,0.05869508613212318,0.4,0.281,0.057,True,999,0.00012133398558944464,0.009396250010468066,weak_10x10_bal_strong_1000,weak_null,False,723,2587230331,-1.5543122344752192e-15,2,56
1000,1000,0.11411503449583948,0.17946951921637955,0.071120112560493,0.15156474287391575,-0.06535448472054006,-0.08044463031342275,0.025402344434910656,-2.572773740943487,-3.1668191303975477,0.010088713820260034,0.0015411614086804236,0.037,0.009,0.004,True,999,0.00012062489986419678,0.009295084048062563,weak_10x10_bal_strong_1000,weak_null,False,724,2587230331,-1.5543122344752192e-15,0,51
1000,1000,0.13610631308103116,0.12639968294093595,0.09162992770188794,0.1033846635490363,0.009706630140095207,-0.011754735847148368,0.023479249794652095,0.4134131296778529,-0.5006435874209986,0.6793039566796857,0.6166219807576481,0.742,0.679,0.613,True,999,0.0001230830093845725,0.00947666703723371,weak_10x10_bal_strong_1000,weak_null,False,725,2587230331,-1.5543122344752192e-15,0,54
1000,1000,0.14061831886191367,0.14492289001736314,0.09729518413632832,0.11645059907800714,-0.004304571155449466,-0.019155414941678828,0.0254700531307393,-0.169005189480911,-0.7520759710768149,0.8657925595039416,0.45200537329622414,0.901,0.874,0.44,True,999,0.00012245902325958014,0.009560625068843365,weak_10x10_bal_strong_1000,weak_null,False,726,2587230331,-1.5543122344752192e-15,1,51
1000,1000,0.16261324937586208,0.1379343668183718,0.11861258280578113,0.1191982359015924,0.02467888255749029,-0.0005856530958112671,0.024783886839057877,0.995763203639144,-0.023630397427747852,0.31936521270185714,0.9811474252758126,0.439,0.345,0.987,True,999,0.0001271669752895832,0.009633584064431489,weak_10x10_bal_strong_1000,weak_null,False,727,2587230331,-1.5543122344752192e-15,1,61
1000,1000,0.18159822637600742,0.11554847642360094,0.13868003400648377,0.0940068322973957,0.06604974995240648,0.04467320170908806,0.023800219692795027,2.7751739607849726,1.8770079556287396,0.005517218777285762,0.06051700349370805,0.024,0.006,0.061,True,999,0.0001282090088352561,0.009699667105451226,weak_10x10_bal_strong_1000,weak_null,False,728,2587230331,-1.5543122344752192e-15,3,59
1000,1000,0.14724881137187262,0.1381650714791205,0.10376082581069568,0.11811689646134482,0.00908373989275213,-0.014356070650649144,0.025335101669264753,0.35854365264979604,-0.5666474458267201,0.7199365061636092,0.5709537331026588,0.759,0.701,0.575,True,999,0.00012287497520446777,0.009762291912920773,weak_10x10_bal_strong_1000,weak_null,False,729,2587230331,-1.5543122344752192e-15,1,58
1000,1000,0.11833441346426321,0.16588008830186995,0.07407820994330905,0.1446499677946349,-0.047545674837606744,-0.07057175785132586,0.026078345589980748,-1.8231860097702557,-2.7061439771102425,0.06827522325211982,0.006806952693367979,0.14,0.086,0.016,True,999,0.00016487494576722383,0.009637041948735714,weak_10x10_bal_strong_1000,weak_null,False,730,2587230331,-1.5543122344752192e-15,0,57
1000,1000,0.12042301882780082,0.15599622818861347,0.07804982715606457,0.13707142607086098,-0.03557320936081265,-0.059021598914796414,0.02494410856853531,-1.4261166825454317,-2.366153865656547,0.15383466406985716,0.017973972669914174,0.272,0.16,0.025,True,999,0.00013637496158480644,0.009454458951950073,weak_10x10_bal_strong_1000,weak_null,False,731,2587230331,-1.5543122344752192e-15,1,58
1000,1000,0.1478089973868566,0.12440549528625311,0.10515010781819001,0.0944163810663099,0.02340350210060349,0.010733726751880113,0.024673978978949653,0.9485094447300106,0.435022124361761,0.34287016695456185,0.6635463684181463,0.459,0.34,0.667,True,999,0.00014654104597866535,0.009480874985456467,weak_10x10_bal_strong_1000,weak_null,False,732,2587230331,-1.5543122344752192e-15,1,48
1000,1000,0.12388142779949218,0.12287589571918534,0.08002945821226604,0.09216531175718501,0.001005532080306848,-0.012135853544918973,0.023616438003624743,0.042577635126538345,-0.5138731566147408,0.9660382239029353,0.6073406761648906,0.971,0.958,0.591,True,999,0.00012266694102436304,0.009368417086079717,weak_10x10_bal_strong_1000,weak_null,False,733,2587230331,-1.5543122344752192e-15,0,48
1000,1000,0.13792580617223482,0.14859840818510073,0.09428936316589898,0.1255440252760991,-0.010672602012865906,-0.031254662110200115,0.024975552881852194,-0.42732195212466595,-1.2514102193473549,0.669144845829294,0.21078485073661546,0.751,0.684,0.217,True,999,0.0001190409529954195,0.009456792031414807,weak_10x10_bal_strong_1000,weak_null,False,734,2587230331,-1.5543122344752192e-15,0,55
1000,1000,0.1613681559058988,0.12521191266769505,0.11748021922994667,0.10445607074785812,0.03615624323820377,0.013024148482088549,0.02501146824139641,1.4455865960864174,0.5207270663356067,0.14829318841223238,0.6025569165734664,0.263,0.145,0.594,True,999,0.00012258300557732582,0.009552833042107522,weak_10x10_bal_strong_1000,weak_null,False,735,2587230331,-1.5543122344752192e-15,1,58
1000,1000,0.14429114975410684,0.13247915566173263,0.10024312187351825,0.10836649286761713,0.011811994092374212,-0.008123370994098877,0.02447794921476221,0.48255652418996814,-0.33186485202771066,0.629410654909506,0.7399913117069035,0.682,0.606,0.716,True,999,0.00016295805107802153,0.009435832966119051,weak_10x10_bal_strong_1000,weak_null,False,736,2587230331,-1.5543122344752192e-15,0,55
1000,1000,0.1332724990724663,0.12145793121130943,0.09031100803758818,0.10241115143367097,0.011814567861156866,-0.012100143396082785,0.024257008391390507,0.4870579121104723,-0.49883082038993176,0.6262172913836321,0.6178985731474556,0.716,0.634,0.626,True,999,0.00011749996338039637,0.009532207972370088,weak_10x10_bal_strong_1000,weak_null,False,737,2587230331,-1.5543122344752192e-15,1,60
1000,1000,0.16160322418335182,0.09750814649389783,0.11845646463279991,0.07803834044005953,0.064095077689454,0.04041812419274038,0.02364921581161819,2.71024114287823,1.7090682631803842,0.006723430670465555,0.08743830551016975,0.053,0.009,0.112,True,999,0.00012408301699906588,0.009502582950517535,weak_10x10_bal_strong_1000,weak_null,False,738,2587230331,-1.5543122344752192e-15,1,59
1000,1000,0.1569631054985008,0.1331813227591045,0.11286871194397463,0.11431913805444083,0.023781782739396296,-0.0014504261104661964,0.02516175692825792,0.9451558890423966,-0.05764407130240158,0.3445792956939637,0.9540321441916121,0.43,0.316,0.951,True,999,0.00012729200534522533,0.009734415914863348,weak_10x10_bal_strong_1000,weak_null,False,739,2587230331,-1.5543122344752192e-15,0,59
1000,1000,0.17099048102197845,0.15905281278331984,0.1268333007142246,0.14070562530588404,0.011937668238658605,-0.013872324591659435,0.0263353491610748,0.453294473737344,-0.5267568129365663,0.6503367116294478,0.5983624770500833,0.732,0.675,0.636,True,999,0.0001237909309566021,0.009617292089387774,weak_10x10_bal_strong_1000,weak_null,False,740,2587230331,-1.5543122344752192e-15,1,61
1000,1000,0.1489105673361828,0.10805236130323376,0.10536374737239385,0.07978548231812965,0.04085820603294904,0.025578265054264193,0.023469548174105178,1.7409029662543487,1.0898490616229946,0.08170058869265465,0.27577963812007833,0.186,0.086,0.272,True,999,0.00012637500185519457,0.009687250014394522,weak_10x10_bal_strong_1000,weak_null,False,741,2587230331,-1.5543122344752192e-15,1,51
1000,1000,0.14212548617989507,0.11228667198174586,0.09756270075604334,0.09569218516469391,0.02983881419814921,0.001870515591349431,0.0238426368684555,1.2514896889457234,0.07845254707645938,0.2107558732358934,0.9374680757716574,0.356,0.226,0.949,True,999,0.00012800004333257675,0.009607834042981267,weak_10x10_bal_strong_1000,weak_null,False,742,2587230331,-1.5543122344752192e-15,0,61
1000,1000,0.14735011300482137,0.15980444753659595,0.10426374098187807,0.13995641345627519,-0.01245433453177458,-0.035692672474397114,0.025968935828711983,-0.479585864200285,-1.3744372395473476,0.6315218997908825,0.16930598175810851,0.694,0.638,0.176,True,999,0.00012041698209941387,0.009542500018142164,weak_10x10_bal_strong_1000,weak_null,False,743,2587230331,-1.5543122344752192e-15,1,56
1000,1000,0.12077001030026713,0.12413554041775471,0.07789269172417335,0.09892707918896804,-0.0033655301174875807,-0.02103438746479469,0.02361596122929191,-0.1425108249802327,-0.8906852132999278,0.886676529542699,0.3730980696961891,0.913,0.885,0.38,True,999,0.0001287920167669654,0.009440334048122168,weak_10x10_bal_strong_1000,weak_null,False,744,2587230331,-1.5543122344752192e-15,1,54
1000,1000,0.13157069851940584,0.1411826732152739,0.0897227962504985,0.1137022666048324,-0.009611974695868053,-0.0239794703543339,0.024154317895118817,-0.39794022491566494,-0.9927612304539449,0.6906742481761756,0.32082632758922525,0.786,0.702,0.352,True,999,0.0001300830626860261,0.009568208013661206,weak_10x10_bal_strong_1000,weak_null,False,745,2587230331,-1.5543122344752192e-15,2,51
1000,1000,0.12784205970246587,0.1350005396665902,0.08443004640184881,0.10980940996319077,-0.007158479964124331,-0.02537936356134196,0.024996603975159466,-0.28637810045068984,-1.0153124635075574,0.7745885459381099,0.30995690512252017,0.818,0.773,0.319,True,999,0.00012754194904118776,0.009548792033456266,weak_10x10_bal_strong_1000,weak_null,False,746,2587230331,-1.5543122344752192e-15,0,55
1000,1000,0.14671165668653874,0.1641837193606055,0.10290649111402672,0.13998953449436158,-0.017472062674066757,-0.03708304338033486,0.025275665494840175,-0.6912602430837494,-1.4671440950943533,0.4894020113914338,0.14233686102465004,0.564,0.484,0.152,True,999,0.00012762495316565037,0.009433040977455676,weak_10x10_bal_strong_1000,weak_null,False,747,2587230331,-1.5543122344752192e-15,1,54
1000,1000,0.11548563415015423,0.13862559824986875,0.0715561896518011,0.11546717626379177,-0.023139964099714527,-0.043910986611990666,0.024113651080089768,-0.9596209227237597,-1.8210011609667531,0.337246034950865,0.06860668038859705,0.44,0.328,0.075,True,999,0.00012966711074113846,0.009495125035755336,weak_10x10_bal_strong_1000,weak_null,False,748,2587230331,-1.5543122344752192e-15,0,54
1000,1000,0.11985281547160431,0.14756746859443803,0.07680581403064934,0.12076282221391921,-0.02771465312283372,-0.04395700818326986,0.0239657074500827,-1.1564295850877577,-1.8341627625567205,0.24750548612181533,0.06662983715962682,0.373,0.234,0.068,True,999,0.00012454204261302948,0.009419957990758121,weak_10x10_bal_strong_1000,weak_null,False,749,2587230331,-1.5543122344752192e-15,0,51
1000,1000,0.12041251767780548,0.09990927891302159,0.0779659997087947,0.07753617468080165,0.020503238764783882,0.0004298250279930471,0.022463007789813375,0.9127557162706316,0.019134794058521677,0.36137103346131627,0.9847335748612721,0.491,0.35,0.984,True,999,0.00011741602793335915,0.009378500049933791,weak_10x10_bal_strong_1000,weak_null,False,750,2587230331,-1.5543122344752192e-15,1,58
1000,1000,0.1495762339039839,0.10338251451575642,0.10542116735496165,0.07841862624309215,0.04619371938822747,0.027002541111869505,0.023389316335400447,1.9749922881803887,1.1544818465258144,0.04826902317512175,0.24830267689279184,0.127,0.044,0.253,True,999,0.0001217919634655118,0.009472999954596162,weak_10x10_bal_strong_1000,weak_null,False,751,2587230331,-1.5543122344752192e-15,0,55
1000,1000,0.1626168462371096,0.1249787464698826,0.11808866762430625,0.105501578294934,0.037638099767226985,0.012587089329372247,0.025396655203432896,1.4820101098249898,0.4956199636742257,0.13833760494877728,0.6201625650187397,0.232,0.145,0.616,True,999,0.00012908410280942917,0.009552374947816133,weak_10x10_bal_strong_1000,weak_null,False,752,2587230331,-1.5543122344752192e-15,0,58
1000,1000,0.1430084770555462,0.135067849367368,0.10020680576280938,0.10728917729784371,0.007940627688178215,-0.007082371535034326,0.02475877944238551,0.3207196746776761,-0.28605495482987103,0.7484228360719554,0.7748360313783802,0.814,0.773,0.803,True,999,0.00012700003571808338,0.009492416982538998,weak_10x10_bal_strong_1000,weak_null,False,753,2587230331,-1.5543122344752192e-15,2,51
1000,1000,0.12970997845374566,0.1342685366489592,0.085315242001343,0.1095806083970956,-0.004558558195213558,-0.024265366395752608,0.023995241159972897,-0.1899775945081065,-1.0112574503410416,0.8493266877788008,0.3118932253816161,0.893,0.855,0.326,True,999,0.00012112490367144346,0.009477916057221591,weak_10x10_bal_strong_1000,weak_null,False,754,2587230331,-1.5543122344752192e-15,0,53
1000,1000,0.14569929523259484,0.08738793030869918,0.10199978590935643,0.06585209078127718,0.05831136492389566,0.03614769512807925,0.02273305337582085,2.5650476405389666,1.5900941475167771,0.010316163959028544,0.11181358498491417,0.063,0.01,0.106,True,999,0.0001305839978158474,0.009602708974853158,weak_10x10_bal_strong_1000,weak_null,False,755,2587230331,-1.5543122344752192e-15,0,59
1000,1000,0.1312287076777694,0.1434249737162726,0.08740540104236061,0.11732323484704921,-0.012196266038503212,-0.0299178338046886,0.024223334919241623,-0.5034924414480684,-1.2350831916592786,0.6146180932123522,0.21679954426899517,0.702,0.63,0.242,True,999,0.00013329193461686373,0.009588084067218006,weak_10x10_bal_strong_1000,weak_null,False,756,2587230331,-1.5543122344752192e-15,1,52
1000,1000,0.1425359275874385,0.1430781092945056,0.10020438280844246,0.1190406941547053,-0.000542181707067102,-0.018836311346262846,0.025303606477295855,-0.021427052604283302,-0.744412120191803,0.9829049936593887,0.4566271887268015,0.978,0.975,0.466,True,999,0.00012929202057421207,0.009574165917001665,weak_10x10_bal_strong_1000,weak_null,False,757,2587230331,-1.5543122344752192e-15,2,53
1000,1000,0.1488167106770666,0.16118117554829925,0.10526841834553124,0.13782852600184015,-0.012364464871232661,-0.0325601076563089,0.025849504335074068,-0.47832502747280364,-1.2596027851926548,0.6324188858190357,0.20781269029672012,0.705,0.649,0.215,True,999,0.00013270904310047626,0.009474875056184828,weak_10x10_bal_strong_1000,weak_null,False,758,2587230331,-1.5543122344752192e-15,1,56
1000,1000,0.1290940577914892,0.15021508189796828,0.08632455582892362,0.12337531717594175,-0.02112102410647909,-0.037050761347018124,0.025385057238680377,-0.8320258610367054,-1.4595500415323932,0.4053943474005107,0.14441377802708844,0.477,0.396,0.146,True,999,0.00012708303984254599,0.009587791981175542,weak_10x10_bal_strong_1000,weak_null,False,759,2587230331,-1.5543122344752192e-15,1,52
1000,1000,0.1291722300505893,0.12045251815818847,0.08559042494289315,0.09240123456720539,0.008719711892400839,-0.006810809624312242,0.023507083471606197,0.3709397596232314,-0.28973435315950197,0.7106824004870673,0.7720194730024188,0.778,0.703,0.763,True,999,0.00013212498743087053,0.00948529108427465,weak_10x10_bal_strong_1000,weak_null,False,760,2587230331,-1.5543122344752192e-15,0,51
1000,1000,0.1570930550842009,0.13448691994497652,0.11250682929266986,0.11343248645732729,0.02260613513922438,-0.000925657164657423,0.02514334846544073,0.8990900782485785,-0.03681519054352403,0.36860468247059663,0.9706323619572169,0.471,0.374,0.965,True,999,0.00013108400162309408,0.009549041977152228,weak_10x10_bal_strong_1000,weak_null,False,761,2587230331,-1.5543122344752192e-15,0,58
1000,1000,0.13473441297594002,0.13965357960894398,0.09091863167168412,0.11517088151521193,-0.004919166633003957,-0.024252249843527807,0.025267351024306172,-0.19468469917055878,-0.9598255796659539,0.8456397910071164,0.33714300606312353,0.884,0.84,0.34,True,999,0.00014358293265104294,0.00937624997459352,weak_10x10_bal_strong_1000,weak_null,False,762,2587230331,-1.5543122344752192e-15,0,53
1000,1000,0.1367930929077863,0.12944020755783303,0.0928171820460193,0.10573926917697918,0.007352885349953264,-0.01292208713095988,0.023695954075363637,0.3103012998154803,-0.5453288392550861,0.7563318427984802,0.5855273727969317,0.824,0.766,0.592,True,999,0.0001273748930543661,0.009492333047091961,weak_10x10_bal_strong_1000,weak_null,False,763,2587230331,-1.5543122344752192e-15,0,54
1000,1000,0.15433218932443138,0.11311078628265286,0.11192696446278205,0.08904612434940873,0.041221403041778515,0.022880840113373324,0.023870989372115965,1.7268409951172703,0.9585208118814192,0.0841962237426649,0.33780020212441153,0.198,0.096,0.342,True,999,0.00012637500185519457,0.009567458066157997,weak_10x10_bal_strong_1000,weak_null,False,764,2587230331,-1.5543122344752192e-15,2,57
1000,1000,0.1584463803291043,0.11148008179943053,0.11579756423134313,0.08850639538263749,0.04696629852967377,0.027291168848705638,0.023199712741363513,2.024434485601886,1.1763580503325517,0.04292546648403804,0.2394518275669517,0.138,0.044,0.23,True,999,0.00013200007379055023,0.00957333401311189,weak_10x10_bal_strong_1000,weak_null,False,765,2587230331,-1.5543122344752192e-15,3,55
1000,1000,0.16198769500813626,0.1107808685316024,0.11906542160795652,0.08094993267081918,0.05120682647653385,0.03811548893713734,0.023693943688926033,2.1611778583092804,1.6086595561106016,0.030681603098233517,0.10769080387998753,0.106,0.04,0.125,True,999,0.0001295419642701745,0.009557625045999885,weak_10x10_bal_strong_1000,weak_null,False,766,2587230331,-1.5543122344752192e-15,2,50
1000,1000,0.12660228656278072,0.12690194021435447,0.08317460487751305,0.10531773050388438,-0.00029965365157375023,-0.02214312562637133,0.02483018457524462,-0.012068120181132328,-0.8917825624400612,0.9903712669508125,0.37250948996866307,0.995,0.992,0.393,True,999,0.0001229170011356473,0.009445457952097058,weak_10x10_bal_strong_1000,weak_null,False,767,2587230331,-1.5543122344752192e-15,0,58
1000,1000,0.144839676937627,0.14319952850419826,0.10140285275474525,0.11804506956229943,0.0016401484334287453,-0.016642216807554178,0.0250304836414921,0.06552603844657369,-0.6648779562519916,0.9477551751993476,0.5061285560830688,0.962,0.955,0.524,True,999,0.00012262503150850534,0.009545457898639143,weak_10x10_bal_strong_1000,weak_null,False,768,2587230331,-1.5543122344752192e-15,1,52
1000,1000,0.14758272441752274,0.1408579432311392,0.1046947067416113,0.11788908461369374,0.006724781186383533,-0.013194377872082441,0.02463848929709942,0.2729380484855949,-0.5355189481376099,0.7849008380414408,0.5922910586813104,0.83,0.805,0.619,True,999,0.00012554205022752285,0.009515915997326374,weak_10x10_bal_strong_1000,weak_null,False,769,2587230331,-1.5543122344752192e-15,2,54
1000,1000,0.14545195468975924,0.12637258076103308,0.10238052398653963,0.10559524723328195,0.019079373928726162,-0.0032147232467423237,0.023977095516486465,0.7957333245641588,-0.13407475665815757,0.42618705307218907,0.8933434606635455,0.576,0.453,0.897,True,999,0.00012616696767508984,0.009506084024906158,weak_10x10_bal_strong_1000,weak_null,False,770,2587230331,-1.5543122344752192e-15,1,57
1000,1000,0.15160546537744457,0.15545681258114996,0.10868678930864917,0.13066578609573298,-0.003851347203705391,-0.021978996787083815,0.024565974552289278,-0.15677567342210277,-0.8946926465425169,0.8754216455426005,0.37095141066210857,0.895,0.867,0.354,True,999,0.00013375002890825272,0.009553875075653195,weak_10x10_bal_strong_1000,weak_null,False,771,2587230331,-1.5543122344752192e-15,2,53
1000,1000,0.13514720321006957,0.1313215537424095,0.09219712851972872,0.10554006672805372,0.003825649467660064,-0.013342938208324995,0.023907166262736756,0.1600210340956622,-0.5581145862996801,0.8728645049154261,0.5767661408920297,0.904,0.874,0.551,True,999,0.00012745801359415054,0.009408707963302732,weak_10x10_bal_strong_1000,weak_null,False,772,2587230331,-1.5543122344752192e-15,1,51
1000,1000,0.13878590271403501,0.11088536771596069,0.09388534927347791,0.08761351129544437,0.027900534998074322,0.006271837978033545,0.023452760901336835,1.1896482088163853,0.2674242919380994,0.2341846893469477,0.7891424980354582,0.356,0.234,0.774,True,999,0.00012708292342722416,0.009494208032265306,weak_10x10_bal_strong_1000,weak_null,False,773,2587230331,-1.5543122344752192e-15,0,57
1000,1000,0.1637245279581232,0.1421891102492101,0.12122136216157742,0.12454828999455003,0.021535417708913096,-0.003326927832972615,0.02535329206903391,0.8494130722856341,-0.13122271553192374,0.39565148170504794,0.8955991269350349,0.521,0.43,0.9,True,999,0.00012737500946968794,0.009518250008113682,weak_10x10_bal_strong_1000,weak_null,False,774,2587230331,-1.5543122344752192e-15,2,60
1000,1000,0.14241294319943743,0.11468101323880409,0.0993162483564447,0.09823489209429681,0.02773192996063334,0.0010813562621478923,0.024087334598919537,1.1513075407636544,0.04489314738029992,0.24960573598640845,0.9641924789377934,0.391,0.276,0.954,True,999,0.00012033293023705482,0.00951045798137784,weak_10x10_bal_strong_1000,weak_null,False,775,2587230331,-1.5543122344752192e-15,1,63
1000,1000,0.1464086763394108,0.17673577298871113,0.10256674963147816,0.1466103374444856,-0.030327096649300334,-0.044043587813007434,0.02564788410015277,-1.1824404902515795,-1.7172405973538023,0.23703096514686384,0.08593522068053881,0.349,0.254,0.098,True,999,0.0001270420616492629,0.00949666602537036,weak_10x10_bal_strong_1000,weak_null,False,776,2587230331,-1.5543122344752192e-15,1,45
1000,1000,0.1531970297802805,0.15767371488478765,0.11014485442137811,0.1331709582420899,-0.004476685104507161,-0.023026103820711796,0.02627749799861409,-0.17036192352648136,-0.8762669802858029,0.864725514987276,0.3808849112330772,0.892,0.868,0.397,True,999,0.00012449990026652813,0.00951950007583946,weak_10x10_bal_strong_1000,weak_null,False,777,2587230331,-1.5543122344752192e-15,1,53
1000,1000,0.15338762442587273,0.10735586252069268,0.10947591006697621,0.09045147673720066,0.046031761905180046,0.019024433329775547,0.02439719422648549,1.8867645794780845,0.7797795579756751,0.05919199722679831,0.43552064071942087,0.147,0.073,0.431,True,999,0.00012591690756380558,0.009432958904653788,weak_10x10_bal_strong_1000,weak_null,False,778,2587230331,-1.5543122344752192e-15,1,62
1000,1000,0.17039864867697796,0.11938325248762227,0.1263222343450252,0.09299004633487584,0.05101539618935569,0.033332188010149366,0.02465406361216016,2.06924898839773,1.3519957007699486,0.0385227278277157,0.17637669061576622,0.1,0.041,0.175,True,999,0.0001265000319108367,0.009527708985842764,weak_10x10_bal_strong_1000,weak_null,False,779,2587230331,-1.5543122344752192e-15,1,53
1000,1000,0.12965378052547205,0.12732709448321017,0.08528191689902087,0.10785168267352674,0.002326686042261883,-0.022569765774505868,0.024327160563358683,0.09564149651588658,-0.927759970824553,0.9238053067919332,0.35353209237703465,0.924,0.906,0.385,True,999,0.00013041705824434757,0.009522708016447723,weak_10x10_bal_strong_1000,weak_null,False,780,2587230331,-1.5543122344752192e-15,0,59
1000,1000,0.1363352850058046,0.14638432807644752,0.09302131354934318,0.1249910344830596,-0.010049043070642916,-0.03196972093371642,0.024527170893313008,-0.4097106476060249,-1.3034410316940597,0.6820182184369428,0.19242423590980484,0.731,0.675,0.201,True,999,0.0001243329606950283,0.009586791973561049,weak_10x10_bal_strong_1000,weak_null,False,781,2587230331,-1.5543122344752192e-15,1,56
1000,1000,0.1333990296349219,0.14384737865577857,0.08900091753821471,0.12578971545701734,-0.010448349020856673,-0.03678879791880263,0.024552874746640866,-0.4255448345121434,-1.498349920260795,0.6704395452403693,0.13404236046964357,0.736,0.667,0.138,True,999,0.00012591597624123096,0.00957104202825576,weak_10x10_bal_strong_1000,weak_null,False,782,2587230331,-1.5543122344752192e-15,0,58
1000,1000,0.10848890657836918,0.10337262000397901,0.06500377195334295,0.07687011776476993,0.005116286574390172,-0.011866345811426982,0.022218802574078537,0.23026833049765985,-0.5340677460841566,0.8178832680151977,0.5932946640029303,0.858,0.82,0.616,True,999,0.00012462504673749208,0.009475791943259537,weak_10x10_bal_strong_1000,weak_null,False,783,2587230331,-1.5543122344752192e-15,0,53
1000,1000,0.13692205496998477,0.1261929619481887,0.09183261376301743,0.10325503979890982,0.010729093021796088,-0.011422426035892386,0.024478985314264765,0.43829811097373667,-0.46662171202154107,0.6611701951205226,0.6407705501941365,0.714,0.638,0.627,True,999,0.00012737500946968794,0.009453792008571327,weak_10x10_bal_strong_1000,weak_null,False,784,2587230331,-1.5543122344752192e-15,0,54
1000,1000,0.16556455022146732,0.12854619019569025,0.12176111878807205,0.10498315602842467,0.037018360025777075,0.01677796275964738,0.025188242283686876,1.469668252705031,0.6661029606862882,0.14165162504481987,0.5053452922583199,0.281,0.156,0.53,True,999,0.0001248749904334545,0.009634125046432018,weak_10x10_bal_strong_1000,weak_null,False,785,2587230331,-1.5543122344752192e-15,0,54
1000,1000,0.14701132774257575,0.11612133518647705,0.10392357356204229,0.088898343583935,0.0308899925560987,0.01502522997810729,0.024342006799836162,1.268999421867987,0.6172551877772222,0.20444127025275804,0.5370664195001296,0.33,0.207,0.532,True,999,0.0001247500767931342,0.009661791962571442,weak_10x10_bal_strong_1000,weak_null,False,786,2587230331,-1.5543122344752192e-15,1,52
1000,1000,0.15933040574226887,0.1463226993965443,0.11535248807649623,0.13156816671528304,0.013007706345724568,-0.016215678638786812,0.024872946618423125,0.5229660379719506,-0.6519403948214174,0.600997887477853,0.5144396246988205,0.661,0.593,0.533,True,999,0.00012258300557732582,0.009655000059865415,weak_10x10_bal_strong_1000,weak_null,False,787,2587230331,-1.5543122344752192e-15,1,63
1000,1000,0.13434515147953574,0.12685305079238673,0.09136991416926321,0.10040240240891762,0.007492100687149006,-0.009032488239654413,0.024179237948841366,0.30985677476688284,-0.37356380952805157,0.7566698747901439,0.7087288634510063,0.812,0.759,0.714,True,999,0.0001217919634655118,0.009389083017595112,weak_10x10_bal_strong_1000,weak_null,False,788,2587230331,-1.5543122344752192e-15,1,51
1000,1000,0.14745150798451911,0.11273485152739804,0.10366760174429146,0.08605558058917495,0.034716656457121076,0.01761202115511651,0.024094087411383965,1.4408786630664485,0.730968592186446,0.14961896500880628,0.4647983373157831,0.263,0.154,0.479,True,999,0.00013633293565362692,0.009475957951508462,weak_10x10_bal_strong_1000,weak_null,False,789,2587230331,-1.5543122344752192e-15,0,52
1000,1000,0.12242999948651612,0.11992492506448116,0.0788967798334852,0.09924213782102242,0.0025050744220349586,-0.020345357987537227,0.023168760112580525,0.10812293838178744,-0.8781375390256553,0.9138981726211475,0.37986908338982817,0.932,0.914,0.392,True,999,0.00012675009202212095,0.009390832972712815,weak_10x10_bal_strong_1000,weak_null,False,790,2587230331,-1.5543122344752192e-15,0,57
1000,1000,0.135691423411203,0.13545645237765802,0.09171317793061462,0.11506647201565556,0.00023497103354497284,-0.023353294085040943,0.02500524559429222,0.009396869655165799,-0.9339358014692583,0.9925024931221869,0.3503370098025115,0.994,0.992,0.342,True,999,0.0001313330139964819,0.009359541931189597,weak_10x10_bal_strong_1000,weak_null,False,791,2587230331,-1.5543122344752192e-15,0,57
1000,1000,0.12823255068018158,0.13955870820327998,0.08388048445340246,0.11514647946114565,-0.011326157523098401,-0.031265995007743186,0.024841336335611502,-0.45593994502065877,-1.2586277398821561,0.6484331641478918,0.20816482260845826,0.707,0.637,0.216,True,999,0.00016645900905132294,0.009411917068064213,weak_10x10_bal_strong_1000,weak_null,False,792,2587230331,-1.5543122344752192e-15,0,53
1000,1000,0.13623681493573292,0.15855539789245843,0.09280367907012987,0.12976388221125035,-0.022318582956725508,-0.03696020314112047,0.024666182054529393,-0.9048251937566154,-1.4984160523672758,0.3655580024055679,0.1340251883483196,0.472,0.37,0.141,True,999,0.00012204202357679605,0.009586749947629869,weak_10x10_bal_strong_1000,weak_null,False,793,2587230331,-1.5543122344752192e-15,1,50
1000,1000,0.1455901442010723,0.10512337033713648,0.10348712569657437,0.07248807278602953,0.04046677386393582,0.030999052910544833,0.02325443201498509,1.7401746831683158,1.3330384887736295,0.08182834962724662,0.18251917341992097,0.187,0.085,0.184,True,999,0.00012641691137105227,0.009584875078871846,weak_10x10_bal_strong_1000,weak_null,False,794,2587230331,-1.5543122344752192e-15,2,47
1000,1000,0.14569089307738503,0.15179152905511772,0.10122241373483121,0.1266635485398524,-0.0061006359777326935,-0.025441134805021193,0.0256089508283054,-0.23822280024801729,-0.9934469778004837,0.8117082940484516,0.32049217757830106,0.839,0.8,0.325,True,999,0.00012833299115300179,0.009639333002269268,weak_10x10_bal_strong_1000,weak_null,False,795,2587230331,-1.5543122344752192e-15,0,52
1000,1000,0.13624962091836723,0.1049695794523775,0.09248183423324008,0.08426260695193832,0.03128004146598973,0.008219227281301755,0.023490358025858037,1.3316119503822315,0.34989791438061874,0.1829877359451043,0.7264153123038039,0.292,0.163,0.703,True,999,0.00013587507419288158,0.009484375012107193,weak_10x10_bal_strong_1000,weak_null,False,796,2587230331,-1.5543122344752192e-15,1,58
1000,1000,0.13044558168694742,0.13318307083361147,0.08571262191799178,0.10984678244176393,-0.0027374891466640516,-0.024134160523772152,0.02391843335276094,-0.11445102220075208,-1.0090192851609283,0.9088802698105177,0.31296538538113605,0.924,0.914,0.316,True,999,0.0001337080029770732,0.009488250012509525,weak_10x10_bal_strong_1000,weak_null,False,797,2587230331,-1.5543122344752192e-15,0,56
1000,1000,0.12910484046724502,0.14572346315120444,0.08478430294007921,0.11624058906272694,-0.016618622683959416,-0.031456286122647725,0.02469290607517106,-0.6730120235086299,-1.2738997194938226,0.5009396417003679,0.2026989578428875,0.577,0.479,0.207,True,999,0.00013483292423188686,0.009509042021818459,weak_10x10_bal_strong_1000,weak_null,False,798,2587230331,-1.5543122344752192e-15,0,50
1000,1000,0.13833024228069934,0.1770473514415164,0.09386956989510509,0.15801610827497825,-0.038717109160817054,-0.06414653837987316,0.026904532141649753,-1.439055284699813,-2.3842279821908017,0.1501348597000473,0.017114995770940278,0.238,0.156,0.019,True,999,0.00012029102072119713,0.009504583082161844,weak_10x10_bal_strong_1000,weak_null,False,799,2587230331,-1.5543122344752192e-15,0,60
1000,1000,0.16463373902226808,0.16892552644662928,0.12069458306677916,0.14257390655893687,-0.004291787424361204,-0.02187932349215771,0.026082642901118013,-0.16454572646766713,-0.838846108314425,0.869301552754943,0.40155567280875015,0.879,0.863,0.412,True,999,0.00012995803263038397,0.009545834036543965,weak_10x10_bal_strong_1000,weak_null,False,800,2587230331,-1.5543122344752192e-15,1,51
1000,1000,0.14929743527324968,0.12664413487123027,0.10582166650101499,0.10287833769427834,0.022653300402019405,0.0029433288067366448,0.02448302552877024,0.9252655630897942,0.12021916177303783,0.3548277870484765,0.9043095389601756,0.475,0.349,0.883,True,999,0.00011933292262256145,0.009461708017624915,weak_10x10_bal_strong_1000,weak_null,False,801,2587230331,-1.5543122344752192e-15,1,54
1000,1000,0.14072223006517603,0.14037182420435956,0.09793103957781568,0.12215884090835516,0.00035040586081647174,-0.024227801330539478,0.024066102766967433,0.014560141465756167,-1.006718934309297,0.9883830983822596,0.3140698605205243,0.991,0.99,0.328,True,999,0.00012883299496024847,0.009474082966335118,weak_10x10_bal_strong_1000,weak_null,False,802,2587230331,-1.5543122344752192e-15,2,60
1000,1000,0.14443197339137814,0.12356065361209789,0.10028398483245837,0.0993283136373293,0.02087131977928025,0.0009556711951290708,0.025027052260962326,0.8339503814372792,0.03818552761084632,0.40430894500552617,0.9695397597743113,0.496,0.388,0.96,True,999,0.00012804195284843445,0.009479583939537406,weak_10x10_bal_strong_1000,weak_null,False,803,2587230331,-1.5543122344752192e-15,0,54
1000,1000,0.15642766761174443,0.11713801688515879,0.11320332566538127,0.09792027652616753,0.039289650726585634,0.015283049139213745,0.024160872606043545,1.6261685315437577,0.632553690771536,0.10391380847947629,0.527025136402591,0.192,0.103,0.536,True,999,0.00012795801740139723,0.009638332994654775,weak_10x10_bal_strong_1000,weak_null,False,804,2587230331,-1.5543122344752192e-15,1,60
1000,1000,0.1379297424828443,0.1321751519037775,0.09400000808591358,0.11136386071541438,0.005754590579066798,-0.017363852629500798,0.025055472777223874,0.22967399698391971,-0.6930163634862649,0.8183451021901974,0.4882992824932464,0.852,0.822,0.506,True,999,0.000128875020891428,0.009582124999724329,weak_10x10_bal_strong_1000,weak_null,False,805,2587230331,-1.5543122344752192e-15,0,57
1000,1000,0.1358744877872735,0.11504763396948225,0.09258982370874946,0.09037752629171791,0.020826853817791258,0.00221229741703155,0.023229732244120106,0.89656021855624,0.09523559694027577,0.3699536337233318,0.9241276962013036,0.513,0.371,0.91,True,999,0.00012912508100271225,0.00949312502052635,weak_10x10_bal_strong_1000,weak_null,False,806,2587230331,-1.5543122344752192e-15,1,54
1000,1000,0.1474998171759987,0.1723929200579215,0.10410215835099734,0.1489797810261848,-0.024893102881922813,-0.04487762267518747,0.025773914465906593,-0.9658254633711574,-1.7412032128278774,0.3341315246183135,0.08164796429881137,0.468,0.374,0.107,True,999,0.00012616696767508984,0.009603625047020614,weak_10x10_bal_strong_1000,weak_null,False,807,2587230331,-1.5543122344752192e-15,0,54
1000,1000,0.1380995167841652,0.14755821009567283,0.09498448525619096,0.12260388459282012,-0.009458693311507615,-0.027619399336629158,0.025041921022389765,-0.3777143655652727,-1.1029265411361568,0.7056427948639064,0.2700590672012826,0.744,0.684,0.275,True,999,0.0001223749713972211,0.00945220806170255,weak_10x10_bal_strong_1000,weak_null,False,808,2587230331,-1.5543122344752192e-15,1,54
1000,1000,0.12812079102266738,0.1432123443719775,0.0841413305693095,0.11616288121410889,-0.015091553349310116,-0.03202155064479939,0.024375200188135465,-0.6191355653626948,-1.3136938526718545,0.5358270554384998,0.1889492505113749,0.608,0.525,0.185,True,999,0.00012258300557732582,0.009454582934267819,weak_10x10_bal_strong_1000,weak_null,False,809,2587230331,-1.5543122344752192e-15,0,51
1000,1000,0.11698443578427309,0.14887631929086542,0.07351664838643046,0.12144955085659603,-0.03189188350659233,-0.04793290247016557,0.024436503051464643,-1.3050919536001628,-1.9615287166586888,0.1918615383291562,0.04981737849542752,0.33,0.203,0.048,True,999,0.00012741703540086746,0.00942483393009752,weak_10x10_bal_strong_1000,weak_null,False,810,2587230331,-1.5543122344752192e-15,0,49
1000,1000,0.146277513812211,0.11445955655436935,0.10191265253070014,0.09391933150732257,0.031817957257841645,0.007993321023377575,0.02407586488346173,1.3215706854916824,0.3320055608414871,0.1863111502798671,0.7398850600119183,0.322,0.204,0.761,True,999,0.00013574992772191763,0.009512666030786932,weak_10x10_bal_strong_1000,weak_null,False,811,2587230331,-1.5543122344752192e-15,0,57
1000,1000,0.1347706950478349,0.11025380622950931,0.09069003711692858,0.08688079797070714,0.02451688881832559,0.0038092391462214437,0.022932605085318813,1.0690843332936917,0.1661058188570157,0.2850316704090555,0.8680736749878031,0.463,0.317,0.873,True,999,0.000128875020891428,0.009566124994307756,weak_10x10_bal_strong_1000,weak_null,False,812,2587230331,-1.5543122344752192e-15,0,55
1000,1000,0.12453674822887395,0.1413235386817746,0.08066455242624215,0.11449641312003678,-0.016786790452900657,-0.033831860693794624,0.02459017750266445,-0.682662435075214,-1.3758282423999908,0.49482017189930005,0.1688748154271965,0.597,0.509,0.168,True,999,0.00012587499804794788,0.009319541975855827,weak_10x10_bal_strong_1000,weak_null,False,813,2587230331,-1.5543122344752192e-15,0,52
1000,1000,0.14624610669251625,0.10068869911722356,0.10277331242787113,0.07518057984032112,0.0455574075752927,0.027592732587550017,0.023206002664878735,1.9631734182398346,1.1890342764335886,0.049626026938225314,0.2344261791272253,0.168,0.069,0.256,True,999,0.00012345798313617706,0.00957533298060298,weak_10x10_bal_strong_1000,weak_null,False,814,2587230331,-1.5543122344752192e-15,1,54
1000,1000,0.14025089905858312,0.08751090620050478,0.09635893024733377,0.06877954968257427,0.052739992858078344,0.027579380564759504,0.022305038154353873,2.3644879014826374,1.2364641734260426,0.01805501706206729,0.21628607491733365,0.096,0.025,0.234,True,999,0.00012437498662620783,0.009659209055826068,weak_10x10_bal_strong_1000,weak_null,False,815,2587230331,-1.5543122344752192e-15,1,62
1000,1000,0.13221524774155036,0.14455724153175764,0.08920388186334094,0.11893385623238828,-0.012341993790207284,-0.02972997436904734,0.02506041339716947,-0.4924896327369161,-1.1863321605223516,0.6223732490778449,0.23549115079467065,0.682,0.604,0.23,True,999,0.00014770799316465855,0.009666832978837192,weak_10x10_bal_strong_1000,weak_null,False,816,2587230331,-1.5543122344752192e-15,1,53
1000,1000,0.12252716608335179,0.15257398207868567,0.07814911915920675,0.12872827907062856,-0.030046815995333875,-0.05057915991142181,0.024318646978569454,-1.2355463699034042,-2.0798509043695628,0.21662723011203366,0.03753921036269812,0.343,0.233,0.034,True,999,0.00013579102233052254,0.00940858293324709,weak_10x10_bal_strong_1000,weak_null,False,817,2587230331,-1.5543122344752192e-15,0,55
1000,1000,0.13909424203410703,0.11086987164996231,0.09708505100115872,0.09266948754446958,0.028224370384144715,0.004415563456689142,0.023316444269818222,1.2104920483385846,0.18937550707098302,0.22609014015007312,0.8497985196490302,0.368,0.221,0.853,True,999,0.00012758409138768911,0.009437041939236224,weak_10x10_bal_strong_1000,weak_null,False,818,2587230331,-1.5543122344752192e-15,2,60
1000,1000,0.16898515018731963,0.1361013395488504,0.12395424511396413,0.11275154027845247,0.032883810638469235,0.011202704835511668,0.025774049791898786,1.2758495814191049,0.43465054680824217,0.20200869676434285,0.663816099352712,0.312,0.222,0.663,True,999,0.00012391596101224422,0.009521834086626768,weak_10x10_bal_strong_1000,weak_null,False,819,2587230331,-1.5543122344752192e-15,0,55
1000,1000,0.13463816822860286,0.1646921522958641,0.09064872594763074,0.13616932011188965,-0.03005398406726123,-0.04552059416425891,0.02549051752603304,-1.1790260451388481,-1.7857854050146094,0.2383878049323025,0.07413401074862912,0.329,0.232,0.082,True,999,0.00013329193461686373,0.009544833097606897,weak_10x10_bal_strong_1000,weak_null,False,820,2587230331,-1.5543122344752192e-15,0,49
1000,1000,0.11821735620676321,0.14030844724095093,0.07383913977128032,0.11198744063108279,-0.022091091034187715,-0.038148300859802475,0.024151194364979197,-0.9146997328720617,-1.5795616681848246,0.3603492846400044,0.11420728343476651,0.475,0.363,0.124,True,999,0.00012966699432581663,0.009493750054389238,weak_10x10_bal_strong_1000,weak_null,False,821,2587230331,-1.5543122344752192e-15,0,49
1000,1000,0.1318845956430823,0.1630430241562819,0.08847454192982696,0.14464197691631853,-0.03115842851319961,-0.05616743498649157,0.025658746737863884,-1.214339454359242,-2.189017084907225,0.22461812528251168,0.02859559826452817,0.308,0.21,0.032,True,999,0.00013262499123811722,0.009395624976605177,weak_10x10_bal_strong_1000,weak_null,False,822,2587230331,-1.5543122344752192e-15,1,59
1000,1000,0.1426413652628038,0.1453095859879453,0.09865283023555094,0.12469902049133452,-0.0026682207251415013,-0.026046190255783586,0.024770866308261506,-0.10771608436849882,-1.0514848343070156,0.9142209102703008,0.2930359711179371,0.932,0.917,0.309,True,999,0.00012904196046292782,0.0096508749993518,weak_10x10_bal_strong_1000,weak_null,False,823,2587230331,-1.5543122344752192e-15,0,57
1000,1000,0.14654922140334525,0.12197165771006413,0.1022675915205582,0.09090759749312838,0.024577563693281124,0.01135999402742982,0.023820792833346878,1.0317693397205,0.4768940356815871,0.3021801856089137,0.6334375793082561,0.448,0.316,0.651,True,999,0.00012508302461355925,0.00954916700720787,weak_10x10_bal_strong_1000,weak_null,False,824,2587230331,-1.5543122344752192e-15,1,47
1000,1000,0.12138084975570074,0.106553358771042,0.0773882007465545,0.08516131714077346,0.014827490984658742,-0.00777311639421896,0.022532853489800938,0.6580387606642949,-0.3449681327638912,0.5105132248785407,0.7301183281984893,0.651,0.526,0.727,True,999,0.00012858305126428604,0.009419124922715127,weak_10x10_bal_strong_1000,weak_null,False,825,2587230331,-1.5543122344752192e-15,0,58
1000,1000,0.16729865093665053,0.12637585055055822,0.12322974120070285,0.10762393244760915,0.040922800386092306,0.015605808753093697,0.02416100913919314,1.6937537728798246,0.6459088137911633,0.09031208165817727,0.5183384112704845,0.197,0.1,0.53,True,999,0.00013279193080961704,0.0095467499922961,weak_10x10_bal_strong_1000,weak_null,False,826,2587230331,-1.5543122344752192e-15,1,60
1000,1000,0.11567828460426988,0.13565792523066866,0.07244278952384775,0.10848011059897544,-0.019979640626398787,-0.03603732107512769,0.024444675520728192,-0.8173412082912199,-1.4742401078128184,0.41373346347420836,0.14041695450732578,0.519,0.407,0.134,True,999,0.00013591593597084284,0.009453624952584505,weak_10x10_bal_strong_1000,weak_null,False,827,2587230331,-1.5543122344752192e-15,0,52
1000,1000,0.1362595636292494,0.11973708943010508,0.09420143271790948,0.09068312549391067,0.01652247419914432,0.003518307223998818,0.02282617484667264,0.7238389397316298,0.1541347706145202,0.4691646200745382,0.8775034728724875,0.603,0.473,0.888,True,999,0.00013204093556851149,0.009446040960028768,weak_10x10_bal_strong_1000,weak_null,False,828,2587230331,-1.5543122344752192e-15,3,49
1000,1000,0.12944910297510503,0.10998232392498808,0.08586079462338603,0.09357469409405894,0.019466779050116956,-0.007713899470672914,0.023158154806871944,0.8406014733237895,-0.3330964636432905,0.4005712330722816,0.7390614687163615,0.543,0.418,0.741,True,999,0.0001270420616492629,0.009550792048685253,weak_10x10_bal_strong_1000,weak_null,False,829,2587230331,-1.5543122344752192e-15,0,63
1000,1000,0.1255204345524943,0.11522067192186158,0.08284993271490748,0.09232774439738023,0.010299762630632703,-0.009477811682472748,0.022566841869501468,0.4564113441390565,-0.4199883943566679,0.6480942097255438,0.6744939319337638,0.742,0.666,0.694,True,999,0.00012937502469867468,0.009519790997728705,weak_10x10_bal_strong_1000,weak_null,False,830,2587230331,-1.5543122344752192e-15,1,56
1000,1000,0.15064568311420112,0.11065334381039782,0.10607112671914365,0.09308632082570512,0.039992339303803304,0.012984805893438534,0.02452598078842688,1.6306112138306235,0.5294306476650955,0.10297238148007366,0.59650674248713,0.193,0.097,0.599,True,999,0.00012408406473696232,0.009508291026577353,weak_10x10_bal_strong_1000,weak_null,False,831,2587230331,-1.5543122344752192e-15,0,62
1000,1000,0.13562710909473052,0.1177008903681907,0.09130047580356404,0.09466008247642321,0.017926218726539822,-0.0033596066728591722,0.023832920947127575,0.7521620520752976,-0.1409649568473932,0.4519536113195205,0.8878976262382716,0.548,0.448,0.877,True,999,0.0001258340198546648,0.00950829207431525,weak_10x10_bal_strong_1000,weak_null,False,832,2587230331,-1.5543122344752192e-15,0,56
1000,1000,0.12436007173340213,0.12042322844772035,0.0817819139679159,0.10002524104925214,0.003936843285681779,-0.018243327081336247,0.02305673955600142,0.1707458800113419,-0.7912362039318653,0.8644235854861396,0.4288061684853177,0.904,0.877,0.42,True,999,0.0001294170506298542,0.009648583945818245,weak_10x10_bal_strong_1000,weak_null,False,833,2587230331,-1.5543122344752192e-15,1,57
1000,1000,0.13858249585595317,0.16134981161127981,0.09545669413046198,0.13457649841382135,-0.022767315755326645,-0.03911980428335937,0.024977524644149693,-0.9115120925587504,-1.566200207614333,0.3620256170243866,0.1173017541397842,0.477,0.359,0.133,True,999,0.00014845794066786766,0.009615750052034855,weak_10x10_bal_strong_1000,weak_null,False,834,2587230331,-1.5543122344752192e-15,1,52
1000,1000,0.13094398679656338,0.11627561892406246,0.08660400511780608,0.09663738177573578,0.01466836787250092,-0.010033376657929693,0.023404721533788093,0.6267268701028984,-0.4286902812940998,0.5308382873356989,0.668148634258172,0.647,0.545,0.68,True,999,0.00013325002510100603,0.009458041982725263,weak_10x10_bal_strong_1000,weak_null,False,835,2587230331,-1.5543122344752192e-15,0,58
1000,1000,0.1409916141439007,0.14943859837184525,0.0985361482321423,0.12440307678997442,-0.008446984227944543,-0.025866928557832125,0.024666337889650797,-0.34244987098342744,-1.0486732434118262,0.732012363000023,0.29432853294984573,0.792,0.757,0.319,True,999,0.00013108400162309408,0.00963220908306539,weak_10x10_bal_strong_1000,weak_null,False,836,2587230331,-1.5543122344752192e-15,2,55
1000,1000,0.16072683396067333,0.13758342346571828,0.11535681815939824,0.11223072389157096,0.023143410494955052,0.003126094267827284,0.024840294227672567,0.9316882595204065,0.12584771497371214,0.35149765566683877,0.8998524709072695,0.47,0.364,0.918,True,999,0.00012874999083578587,0.009561041952110827,weak_10x10_bal_strong_1000,weak_null,False,837,2587230331,-1.5543122344752192e-15,0,53
1000,1000,0.11658678831381541,0.15975268330342918,0.07319735848341224,0.13495917505838406,-0.04316589498961376,-0.06176181657497182,0.024982180160661442,-1.7278674123720223,-2.4722348561166,0.08401199795983788,0.01342712741954232,0.159,0.088,0.016,True,999,0.0001230000052601099,0.009424917050637305,weak_10x10_bal_strong_1000,weak_null,False,838,2587230331,-1.5543122344752192e-15,0,53
1000,1000,0.1439057744952752,0.1210599151909148,0.10024348594470212,0.09578915074376937,0.022845859304360394,0.004454335200932746,0.024430114570407026,0.9351515416974061,0.18232968937151134,0.349710207543794,0.8553240004303676,0.446,0.33,0.859,True,999,0.0001305839978158474,0.009497792110778391,weak_10x10_bal_strong_1000,weak_null,False,839,2587230331,-1.5543122344752192e-15,0,52
1000,1000,0.1307639626906405,0.14287959686746143,0.0878029835785128,0.11669524820229071,-0.012115634176820933,-0.02889226462377792,0.0243960885864682,-0.4966219947053776,-1.1842990535705635,0.6194556398243589,0.23629470335162206,0.706,0.632,0.243,True,999,0.00012895907275378704,0.009415999986231327,weak_10x10_bal_strong_1000,weak_null,False,840,2587230331,-1.5543122344752192e-15,1,51
1000,1000,0.14290357282340116,0.1750722339946187,0.10049724470354704,0.14740442926301967,-0.03216866117121753,-0.046907184559472626,0.02569614687032812,-1.2518865701364492,-1.8254559641250079,0.21061119907717574,0.06793225063252567,0.287,0.216,0.075,True,999,0.00012683297973126173,0.009491832926869392,weak_10x10_bal_strong_1000,weak_null,False,841,2587230331,-1.5543122344752192e-15,2,50
1000,1000,0.14993438708316909,0.10413483879438984,0.10743015594744065,0.0861111071654932,0.045799548288779246,0.02131904878194746,0.024143410633762998,1.896979220687716,0.8830172797597265,0.057830680625364866,0.37722693537646956,0.156,0.067,0.393,True,999,0.00012145796790719032,0.00948279199656099,weak_10x10_bal_strong_1000,weak_null,False,842,2587230331,-1.5543122344752192e-15,2,61
1000,1000,0.15545003664957724,0.13073353498556495,0.1115440507405765,0.1076649705859154,0.02471650166401229,0.0038790801546610965,0.02386911845981037,1.0355012358595774,0.16251459647294886,0.30043488957931686,0.8709006347460531,0.423,0.297,0.877,True,999,0.00012262503150850534,0.009482875000685453,weak_10x10_bal_strong_1000,weak_null,False,843,2587230331,-1.5543122344752192e-15,1,55
1000,1000,0.17987891356172536,0.15268544003499296,0.13631146627130875,0.127247198291343,0.027193473526732403,0.009064267979965734,0.026623666087354673,1.021402290635262,0.34045904685797385,0.3070638805320327,0.7335108585140242,0.421,0.321,0.763,True,999,0.00012658291961997747,0.00963033305015415,weak_10x10_bal_strong_1000,weak_null,False,844,2587230331,-1.5543122344752192e-15,2,53
1000,1000,0.1157513523979774,0.12237948040212876,0.07239425048555859,0.09578786345059598,-0.006628128004151357,-0.02339361296503739,0.023939011699960214,-0.2768755906561662,-0.9772171574266063,0.7818756359857424,0.32846165561675145,0.818,0.77,0.341,True,999,0.00012462504673749208,0.009496666956692934,weak_10x10_bal_strong_1000,weak_null,False,845,2587230331,-1.5543122344752192e-15,0,52
1000,1000,0.1448971551112388,0.11811597574570287,0.10070880400508031,0.09689079747073492,0.026781179365535923,0.003818006534345386,0.024463998943595515,1.0947179742479112,0.15606633008561793,0.27364021156510854,0.8759807378146935,0.408,0.274,0.869,True,999,0.00012579106260091066,0.009615832939743996,weak_10x10_bal_strong_1000,weak_null,False,846,2587230331,-1.5543122344752192e-15,0,57
1000,1000,0.13202666310774758,0.14590116123329777,0.08798208380767392,0.1202872065016436,-0.013874498125550194,-0.03230512269396968,0.02472733711439191,-0.5610995660941953,-1.3064537659078264,0.5747296639405851,0.19139829197638603,0.68,0.588,0.203,True,999,0.00012754101771861315,0.009447333053685725,weak_10x10_bal_strong_1000,weak_null,False,847,2587230331,-1.5543122344752192e-15,0,53
1000,1000,0.1548062614986061,0.16580737941402002,0.10984831933683381,0.13577247243563306,-0.011001117915413916,-0.025924153098799252,0.02573000931098835,-0.4275598108981538,-1.0075454223690463,0.6689716309499874,0.31367274131324807,0.726,0.679,0.327,True,999,0.00014566699974238873,0.009623290970921516,weak_10x10_bal_strong_1000,weak_null,False,848,2587230331,-1.5543122344752192e-15,0,49
1000,1000,0.1300624387807945,0.12820115412315392,0.08695666969697413,0.10526376182008335,0.0018612846576405717,-0.018307092123109214,0.023566597216726326,0.0789797797502785,-0.7768237372052935,0.9370487062367775,0.43726277009707604,0.945,0.934,0.452,True,999,0.00012816698290407658,0.009493958903476596,weak_10x10_bal_strong_1000,weak_null,False,849,2587230331,-1.5543122344752192e-15,2,55
1000,1000,0.12798392660173397,0.1217121495632309,0.08495001734900143,0.09717269876745149,0.006271777038503068,-0.012222681418450065,0.02407652792928069,0.26049341736171355,-0.5076596365701651,0.7944831922835829,0.6116920598047515,0.838,0.799,0.631,True,999,0.00012437498662620783,0.009548040921799839,weak_10x10_bal_strong_1000,weak_null,False,850,2587230331,-1.5543122344752192e-15,1,55
1000,1000,0.13350825842158542,0.14955562593025473,0.08902692456194927,0.1263573567811136,-0.016047367508669308,-0.03733043221916432,0.025095607226293865,-0.6394492615367249,-1.4875285496200885,0.5225307110597741,0.13687526863881103,0.627,0.539,0.147,True,999,0.00012979109305888414,0.009450375102460384,weak_10x10_bal_strong_1000,weak_null,False,851,2587230331,-1.5543122344752192e-15,0,55
1000,1000,0.16004055166465792,0.1429909136011298,0.1155895523329491,0.11998746516417214,0.017049638063528105,-0.004397912831223039,0.024998721013657414,0.6820204143329361,-0.17592551350208482,0.4952260424792774,0.8603524610713721,0.597,0.501,0.871,True,999,0.00013116700574755669,0.009443917078897357,weak_10x10_bal_strong_1000,weak_null,False,852,2587230331,-1.5543122344752192e-15,1,56
1000,1000,0.15411365917981756,0.1371957676237875,0.11127031997921222,0.11557287523089599,0.016917891556030074,-0.004302555251683771,0.025028798641963574,0.6759370195126082,-0.17190418578341418,0.49908063255640656,0.8635128557966316,0.594,0.494,0.857,True,999,0.00012874999083578587,0.009571459027938545,weak_10x10_bal_strong_1000,weak_null,False,853,2587230331,-1.5543122344752192e-15,2,57
1000,1000,0.1491069794243356,0.12834083998473544,0.10582901790849064,0.10551492079412128,0.02076613943960015,0.0003140971143693605,0.02427726825398919,0.8553738098679164,0.012937910109295297,0.3923442378107298,0.9896773292600213,0.515,0.395,0.99,True,999,0.00012445799075067043,0.009468832984566689,weak_10x10_bal_strong_1000,weak_null,False,854,2587230331,-1.5543122344752192e-15,2,56
1000,1000,0.14086231173239705,0.11854744884206792,0.09642996796401349,0.0895728853553237,0.022314862890329135,0.00685708260868978,0.02391387250069137,0.9331346434871222,0.28674078648247103,0.3507504541005373,0.7743108052175095,0.458,0.334,0.762,True,999,0.00012033304665237665,0.009447333053685725,weak_10x10_bal_strong_1000,weak_null,False,855,2587230331,-1.5543122344752192e-15,0,49
1000,1000,0.13894517566446662,0.14667973135053414,0.09593754718980563,0.12577980641890463,-0.007734555686067512,-0.029842259229099,0.023895292519020908,-0.3236853317409998,-1.2488760790580087,0.7461762770841864,0.2117104020490107,0.78,0.73,0.235,True,999,0.00012854207307100296,0.009526166948489845,weak_10x10_bal_strong_1000,weak_null,False,856,2587230331,-1.5543122344752192e-15,1,58
1000,1000,0.13317656971019565,0.12587777974718994,0.08916462592287644,0.09571642640116806,0.007298789963005703,-0.006551800478291625,0.023145046716394516,0.31534997757579347,-0.2830757076696992,0.7524959426426265,0.777118802778966,0.829,0.768,0.795,True,999,0.0001223330618813634,0.009465041919611394,weak_10x10_bal_strong_1000,weak_null,False,857,2587230331,-1.5543122344752192e-15,0,49
1000,1000,0.13447241058561277,0.14495704515656838,0.09149222304085924,0.11933626424934118,-0.010484634570955609,-0.02784404120848194,0.024257130398970247,-0.4322289734403496,-1.147870368444899,0.6655750034041192,0.25102208232726475,0.742,0.666,0.257,True,999,0.00012054096441715956,0.009523292072117329,weak_10x10_bal_strong_1000,weak_null,False,858,2587230331,-1.5543122344752192e-15,1,52
1000,1000,0.13986800943603184,0.09715669237298485,0.09612770492640266,0.0766684119566321,0.04271131706304698,0.01945929296977056,0.022882038751573755,1.8665870435216108,0.8504177962915218,0.06195927831300901,0.3950928453830159,0.162,0.063,0.389,True,999,0.00012545892968773842,0.009625874925404787,weak_10x10_bal_strong_1000,weak_null,False,859,2587230331,-1.5543122344752192e-15,1,59
1000,1000,0.1360420063683363,0.1446014569729811,0.09240452019639633,0.12644992049513348,-0.008559450604644803,-0.03404540029873715,0.024922132150843178,-0.3434477657384228,-1.3660709321608067,0.7312616304377109,0.17191670083458177,0.789,0.739,0.159,True,999,0.00012608303222805262,0.009460833971388638,weak_10x10_bal_strong_1000,weak_null,False,860,2587230331,-1.5543122344752192e-15,0,60
1000,1000,0.13922406858524639,0.13155843962627578,0.09611571913501393,0.10674789138647611,0.007665628958970605,-0.01063217225146218,0.02414452188955112,0.31748936649219855,-0.4403554686275814,0.7508723067598455,0.6596796722800501,0.796,0.748,0.666,True,999,0.00012400001287460327,0.00948724988847971,weak_10x10_bal_strong_1000,weak_null,False,861,2587230331,-1.5543122344752192e-15,1,54
1000,1000,0.13404778373687876,0.12661929999806232,0.09017809160650359,0.1030004778313014,0.007428483738816438,-0.01282238622479781,0.024325627470026524,0.30537686018457877,-0.5271143052978698,0.7600791435107088,0.5981142131988924,0.809,0.753,0.607,True,999,0.00012454099487513304,0.009471000055782497,weak_10x10_bal_strong_1000,weak_null,False,862,2587230331,-1.5543122344752192e-15,0,55
1000,1000,0.12372742761719824,0.07200146822853376,0.07976123224489129,0.05169049093956346,0.05172595938866448,0.02807074130532783,0.02096728899216141,2.4669836624087242,1.3387873518518314,0.013625657427402748,0.18063990949236364,0.09,0.021,0.172,True,999,0.00013212498743087053,0.009461874957196414,weak_10x10_bal_strong_1000,weak_null,False,863,2587230331,-1.5543122344752192e-15,0,60
1000,1000,0.15116534229639367,0.1259964388235254,0.10865508507140476,0.10339318835144695,0.025168903472868265,0.005261896719957804,0.02409989382797246,1.0443574420919242,0.2183369253623177,0.2963200457537113,0.8271666061098413,0.414,0.316,0.831,True,999,0.00012358289677649736,0.009475250029936433,weak_10x10_bal_strong_1000,weak_null,False,864,2587230331,-1.5543122344752192e-15,2,55
1000,1000,0.1391628787841941,0.13864426551552056,0.09555107957612563,0.11257792541613298,0.000518613268673529,-0.017026845840007354,0.024808512395445122,0.020904650001051538,-0.6863307871347218,0.9833217172711528,0.4925045389204089,0.989,0.989,0.518,True,999,0.00012429198250174522,0.009425334050320089,weak_10x10_bal_strong_1000,weak_null,False,865,2587230331,-1.5543122344752192e-15,0,52
1000,1000,0.1318210210458277,0.148269389719082,0.08773363487807728,0.1255283579532147,-0.016448368673254277,-0.037794723075137426,0.024690507911857538,-0.6661818676218888,-1.5307389872278259,0.5052948613162371,0.12583391407245334,0.631,0.527,0.139,True,999,0.0001301249722018838,0.009567334083840251,weak_10x10_bal_strong_1000,weak_null,False,866,2587230331,-1.5543122344752192e-15,0,56
1000,1000,0.13991532821155594,0.156005075153684,0.09675269002809728,0.12439645313384062,-0.016089746942128058,-0.027643763105743346,0.025777164118530295,-0.624186076798173,-1.0724128914503523,0.5325053895871127,0.2835346202013195,0.617,0.533,0.294,True,999,0.000134957954287529,0.00945775001309812,weak_10x10_bal_strong_1000,weak_null,False,867,2587230331,-1.5543122344752192e-15,0,47
1000,1000,0.12267176148124204,0.15219891043879852,0.0788461272695713,0.12135344348757826,-0.02952714895755648,-0.04250731621800696,0.024548530461341717,-1.202807190599655,-1.7315625587016785,0.22905094157292072,0.08335147740098758,0.337,0.237,0.09,True,999,0.0001230000052601099,0.009397624991834164,weak_10x10_bal_strong_1000,weak_null,False,868,2587230331,-1.5543122344752192e-15,0,47
1000,1000,0.14515776696880245,0.13138709568930562,0.10142124869025793,0.10817905150940987,0.013770671279496827,-0.006757802819151948,0.024131716284184625,0.570646161977373,-0.2800382177367491,0.5682395203476381,0.7794481839167168,0.662,0.562,0.766,True,999,0.00012854195665568113,0.009493584046140313,weak_10x10_bal_strong_1000,weak_null,False,869,2587230331,-1.5543122344752192e-15,1,55
1000,1000,0.14483655324146572,0.10266257193856121,0.10140233405627441,0.07548523001707963,0.042173981302904506,0.025917104039194783,0.02307619927152116,1.8275965121757436,1.123109734590464,0.06761012964335202,0.2613908922783703,0.179,0.068,0.251,True,999,0.00012787501327693462,0.009566292050294578,weak_10x10_bal_strong_1000,weak_null,False,870,2587230331,-1.5543122344752192e-15,1,53
1000,1000,0.1410924449588351,0.12695533709978135,0.09847839355461474,0.09983171892713472,0.014137107859053755,-0.0013533253725199756,0.02380019982493975,0.5939911413785596,-0.056861933196958,0.5525180379965384,0.9546551781338308,0.644,0.556,0.963,True,999,0.00012366706505417824,0.009583708946593106,weak_10x10_bal_strong_1000,weak_null,False,871,2587230331,-1.5543122344752192e-15,1,52
1000,1000,0.15825605276089316,0.1346114616671984,0.11502922728413978,0.1114425680220279,0.023644591093694767,0.00358665926211188,0.024740708817588705,0.9556957833352501,0.14496994765008697,0.33922595348043905,0.884734599396239,0.422,0.312,0.887,True,999,0.00012983300257474184,0.009572624927386642,weak_10x10_bal_strong_1000,weak_null,False,872,2587230331,-1.5543122344752192e-15,1,55
1000,1000,0.13240578312181706,0.11684691686316773,0.08871917023861897,0.09584483798312249,0.015558866258649329,-0.007125667744503517,0.02388002760125932,0.651543060102193,-0.298394451777256,0.5146959901706807,0.765402123142433,0.597,0.501,0.75,True,999,0.00012629199773073196,0.00940787501167506,weak_10x10_bal_strong_1000,weak_null,False,873,2587230331,-1.5543122344752192e-15,1,58
1000,1000,0.1463977425913674,0.11423279654891677,0.10187998576111568,0.09504552254611554,0.032164946042450626,0.006834463215000142,0.023996865875917858,1.3403811234670389,0.2848064930787021,0.18012146947406682,0.7757923974042625,0.294,0.195,0.803,True,999,0.00011858297511935234,0.009441375033929944,weak_10x10_bal_strong_1000,weak_null,False,874,2587230331,-1.5543122344752192e-15,0,61
1000,1000,0.12888685332973804,0.13472398778257566,0.08764039629704712,0.10633960516099705,-0.005837134452837622,-0.018699208863949934,0.023288914210333102,-0.25064004273104895,-0.8029231717317782,0.8020924200309573,0.42201914203177293,0.836,0.789,0.431,True,999,0.0001181670231744647,0.009429541998542845,weak_10x10_bal_strong_1000,weak_null,False,875,2587230331,-1.5543122344752192e-15,3,50
1000,1000,0.12612120619567957,0.12551219337523695,0.08103504943983353,0.10371235271242085,0.0006090128204426226,-0.022677303272587324,0.023695992756082043,0.025701089070695612,-0.9570100525442956,0.9794957551922644,0.33856218113001,0.986,0.98,0.316,True,999,0.00012749992311000824,0.009494040976278484,weak_10x10_bal_strong_1000,weak_null,False,876,2587230331,-1.5543122344752192e-15,0,56
1000,1000,0.15456230471610066,0.149720069455045,0.1099373985616694,0.1243111001023749,0.00484223526105565,-0.014373701540705497,0.025357765329957472,0.19095670292898678,-0.5668362867813322,0.8485595149365271,0.5708254145807017,0.881,0.854,0.599,True,999,0.00012491701636463404,0.009541291976347566,weak_10x10_bal_strong_1000,weak_null,False,877,2587230331,-1.5543122344752192e-15,0,52
1000,1000,0.1427819091489151,0.11683768140969908,0.0986458485976982,0.09313305033083452,0.025944227739216008,0.005512798266863683,0.024501423630210854,1.058886541891637,0.22499910005499715,0.28965145408922977,0.8219799743672456,0.421,0.301,0.818,True,999,0.0001254579983651638,0.009512374992482364,weak_10x10_bal_strong_1000,weak_null,False,878,2587230331,-1.5543122344752192e-15,0,55
1000,1000,0.14700519803933876,0.1636257676684264,0.10416140200732116,0.1388178363758925,-0.016620569629087645,-0.034656434368571354,0.025360023937736818,-0.6553846191113217,-1.3665773523581368,0.5122201517948821,0.17175781997986228,0.582,0.503,0.183,True,999,0.0001282920129597187,0.009429457946680486,weak_10x10_bal_strong_1000,weak_null,False,879,2587230331,-1.5543122344752192e-15,2,55
1000,1000,0.1583770327936853,0.12300998640041294,0.11379596217921062,0.10305197904779106,0.03536704639327237,0.010743983131419554,0.024885612245348986,1.4211844998863679,0.4317347319203512,0.1552631295899801,0.6659342211658192,0.277,0.158,0.659,True,999,0.00013137503992766142,0.009517000056803226,weak_10x10_bal_strong_1000,weak_null,False,880,2587230331,-1.5543122344752192e-15,0,60
1000,1000,0.14360307794302862,0.10500693020968277,0.10019817932470687,0.0801294499855203,0.038596147733345854,0.020068729339186575,0.02241653226718644,1.7217715600839525,0.8952646689498623,0.08511090838062899,0.3706456222466544,0.248,0.088,0.398,True,999,0.00012166600208729506,0.009533834061585367,weak_10x10_bal_strong_1000,weak_null,False,881,2587230331,-1.5543122344752192e-15,1,54
1000,1000,0.1351387792992802,0.12023435349835288,0.09180278886424276,0.10516373198356632,0.014904425800927323,-0.013360943119323565,0.023246935766994194,0.6411350704589851,-0.5747399680216487,0.5214349303680267,0.56546717234578,0.649,0.528,0.576,True,999,0.00012104201596230268,0.009494124911725521,weak_10x10_bal_strong_1000,weak_null,False,882,2587230331,-1.5543122344752192e-15,1,63
1000,1000,0.16390484217728885,0.14225475844182667,0.12129640664988983,0.11920062487854466,0.021650083735462178,0.002095781771345173,0.02429095390791496,0.8912817428881507,0.08627828200119733,0.3727780406667923,0.9312452025410844,0.48,0.396,0.928,True,999,0.00013095804024487734,0.009612042107619345,weak_10x10_bal_strong_1000,weak_null,False,883,2587230331,-1.5543122344752192e-15,3,55
1000,1000,0.11968341958870488,0.15573842124512627,0.07538845254430271,0.1404009396641186,-0.03605500165642139,-0.06501248711981589,0.024917607621065315,-1.4469688344374014,-2.609098277350447,0.14790565247837073,0.009078116626691944,0.253,0.147,0.011,True,999,0.00012674997560679913,0.009452667087316513,weak_10x10_bal_strong_1000,weak_null,False,884,2587230331,-1.5543122344752192e-15,0,62
1000,1000,0.15427886141527614,0.14184170640738947,0.11097633641747962,0.11788684832379204,0.012437155007886669,-0.006910511906312422,0.0242412594547155,0.5130572951921171,-0.2850723131453537,0.6079112427483226,0.7755887412503624,0.677,0.618,0.758,True,999,0.00013062497600913048,0.009762124973349273,weak_10x10_bal_strong_1000,weak_null,False,885,2587230331,-1.5543122344752192e-15,2,54
1000,1000,0.1293482569235822,0.14866154317334557,0.08545541610146756,0.1279312103881125,-0.01931328624976336,-0.04247579428664494,0.025454351460540335,-0.758742028045895,-1.668704635924096,0.44800689045230746,0.09517592994568952,0.518,0.438,0.094,True,999,0.00014108396135270596,0.009454542072489858,weak_10x10_bal_strong_1000,weak_null,False,886,2587230331,-1.5543122344752192e-15,0,58
1000,1000,0.15104189298050574,0.13369905337472304,0.10789587335557371,0.11129436305338913,0.0173428396057827,-0.003398489697815421,0.02447067327852479,0.7087193477836427,-0.1388801059592382,0.4784986559037808,0.8895448917518233,0.555,0.479,0.891,True,999,0.00012700003571808338,0.009506082977168262,weak_10x10_bal_strong_1000,weak_null,False,887,2587230331,-1.5543122344752192e-15,2,57
1000,1000,0.1560554225339228,0.13635169199663022,0.11176669383985427,0.11667456497843887,0.019703730537292574,-0.004907871138584596,0.02500740916442429,0.7879157096099036,-0.19625668162244359,0.4307460114865579,0.8444092650517878,0.527,0.428,0.845,True,999,0.00012766604777425528,0.009492208948358893,weak_10x10_bal_strong_1000,weak_null,False,888,2587230331,-1.5543122344752192e-15,0,55
1000,1000,0.14174535541394384,0.1291368370893256,0.09825762747277622,0.1039752986264375,0.012608518324618234,-0.005717671153661286,0.024494758626989348,0.514743521935572,-0.23342427009512626,0.6067322563536378,0.8154319688266872,0.682,0.593,0.829,True,999,0.00012912496458739042,0.009516083053313196,weak_10x10_bal_strong_1000,weak_null,False,889,2587230331,-1.5543122344752192e-15,1,54
1000,1000,0.13934939419658088,0.14418835069403013,0.09534011148980426,0.11653173750323731,-0.004838956497449254,-0.02119162601343305,0.02476226615155532,-0.19541654498957556,-0.8558031758374427,0.8450668652639047,0.3921066582780566,0.877,0.843,0.409,True,999,0.00012704194523394108,0.009465166949667037,weak_10x10_bal_strong_1000,weak_null,False,890,2587230331,-1.5543122344752192e-15,0,49
1000,1000,0.12455344609059038,0.12735441013286108,0.08070639767720422,0.10568516698606345,-0.002800964042270704,-0.024978769308859228,0.023606426849900265,-0.11865260507574604,-1.0581342728268408,0.9055505868631776,0.28999423125303636,0.926,0.899,0.27,True,999,0.00013054104056209326,0.009516625083051622,weak_10x10_bal_strong_1000,weak_null,False,891,2587230331,-1.5543122344752192e-15,0,57
1000,1000,0.12637304780261083,0.12901129476227435,0.08280338405256771,0.10387706718881873,-0.002638246959663526,-0.02107368313625102,0.0247368563770783,-0.10665247513456003,-0.8519143586805292,0.9150646868191182,0.3942616268034109,0.931,0.919,0.414,True,999,0.00013099994976073503,0.009470875025726855,weak_10x10_bal_strong_1000,weak_null,False,892,2587230331,-1.5543122344752192e-15,0,54
1000,1000,0.17007778686019082,0.10932507531673741,0.12661799272427743,0.09268774305070338,0.06075271154345341,0.03393024967357405,0.023649579609559046,2.5688706753543076,1.4347083641122995,0.010203052665521512,0.15137021976777468,0.049,0.014,0.177,True,999,0.00013045803643763065,0.009581332909874618,weak_10x10_bal_strong_1000,weak_null,False,893,2587230331,-1.5543122344752192e-15,2,62
1000,1000,0.15435054037899087,0.1003093447837814,0.10928730881505544,0.07299058513899581,0.05404119559520948,0.03629672367605963,0.0228107870959628,2.369107009234856,1.5912087348570123,0.017831093561283463,0.11156260774940575,0.086,0.015,0.116,True,999,0.00011766597162932158,0.009513042052276433,weak_10x10_bal_strong_1000,weak_null,False,894,2587230331,-1.5543122344752192e-15,0,51
1000,1000,0.12130184900107688,0.11953286505430671,0.07699485280818408,0.09737733234283041,0.001768983946770164,-0.020382479534646336,0.02343796863265254,0.07547513927063239,-0.8696350717975849,0.9398366770943706,0.38449986506241407,0.951,0.938,0.368,True,999,0.00012662506196647882,0.009526625042781234,weak_10x10_bal_strong_1000,weak_null,False,895,2587230331,-1.5543122344752192e-15,0,56
1000,1000,0.14431699637220285,0.10356858294142707,0.101889969592321,0.0829568213954417,0.04074841343077579,0.0189331481968793,0.023827196545890206,1.7101639864470002,0.7946024267023958,0.0872355532099379,0.42684480629303867,0.217,0.083,0.448,True,999,0.00012570805847644806,0.009554166928865016,weak_10x10_bal_strong_1000,weak_null,False,896,2587230331,-1.5543122344752192e-15,2,60
1000,1000,0.1282296582791913,0.12743153755348546,0.08456878260767553,0.10683472804487337,0.000798120725705842,-0.022265945437197843,0.024284951967551514,0.03286482620069646,-0.9168618273138288,0.973782382260107,0.3592150492052354,0.981,0.976,0.364,True,999,0.00013375002890825272,0.009362958022393286,weak_10x10_bal_strong_1000,weak_null,False,897,2587230331,-1.5543122344752192e-15,1,58
1000,1000,0.13205074278741114,0.1396348688141651,0.08769966367572124,0.10891760240679105,-0.007584126026753957,-0.021217938731069808,0.023849867418273427,-0.3179944732499061,-0.8896459824683522,0.7504891292008312,0.3736560074342773,0.794,0.731,0.383,True,999,0.00012987502850592136,0.009642999968491495,weak_10x10_bal_strong_1000,weak_null,False,898,2587230331,-1.5543122344752192e-15,0,48
1000,1000,0.15170182517425168,0.1351328086028215,0.10719722367230133,0.10636592737796491,0.016569016571430173,0.0008312962943364255,0.02481867453208518,0.6676027984496117,0.03349479011305536,0.5043871709110277,0.973280020390004,0.6,0.521,0.977,True,999,0.00012850004713982344,0.009517625090666115,weak_10x10_bal_strong_1000,weak_null,False,899,2587230331,-1.5543122344752192e-15,0,48
1000,1000,0.1337374649547458,0.13677110218162225,0.09145157612329058,0.11763331974117364,-0.00303363722687644,-0.026181743617883058,0.02465816591263727,-0.12302769141972987,-1.0617879574110967,0.9020851699519222,0.2883319580469804,0.931,0.91,0.329,True,999,0.00013329205103218555,0.009540083003230393,weak_10x10_bal_strong_1000,weak_null,False,900,2587230331,-1.5543122344752192e-15,2,61
1000,1000,0.15718411115717057,0.11860962385402962,0.11255442693891382,0.09239789036871571,0.03857448730314095,0.020156536570198114,0.024539525841498388,1.5719328707610263,0.8213906291584382,0.11596612033097604,0.41142379951077646,0.217,0.128,0.427,True,999,0.00012458302080631256,0.009519250015728176,weak_10x10_bal_strong_1000,weak_null,False,901,2587230331,-1.5543122344752192e-15,0,53
1000,1000,0.14911162384884769,0.1271915015850068,0.1063333602523926,0.1044471084522911,0.02192012226384088,0.0018862518001014905,0.024239864815311957,0.904300516147857,0.07781610229566849,0.36583607317883926,0.9379743375095005,0.508,0.377,0.944,True,999,0.00012466602493077517,0.009579874924384058,weak_10x10_bal_strong_1000,weak_null,False,902,2587230331,-1.5543122344752192e-15,1,54
1000,1000,0.15468301877141188,0.15783767244457259,0.11119760855535787,0.13330998348214962,-0.003154653673160701,-0.022112374926791745,0.025618384843886705,-0.12314022497454571,-0.8631447712859386,0.9019960587313716,0.3880578746896436,0.916,0.902,0.389,True,999,0.00012420897837728262,0.009595958981662989,weak_10x10_bal_strong_1000,weak_null,False,903,2587230331,-1.5543122344752192e-15,1,54
1000,1000,0.14004771196423382,0.12458973713729948,0.09644827700185488,0.09420598017925386,0.01545797482693434,0.00224229682260102,0.024298513208781607,0.6361695752375396,0.09228123561859095,0.524665901264833,0.9264745965554285,0.61,0.511,0.924,True,999,0.00013625004794448614,0.009461541078053415,weak_10x10_bal_strong_1000,weak_null,False,904,2587230331,-1.5543122344752192e-15,0,48
1000,1000,0.1535405518911972,0.16325201075535822,0.10971935824909451,0.13828572387387794,-0.009711458864161027,-0.02856636562478343,0.025274939671775284,-0.3842327218294367,-1.1302248787040114,0.7008059677495746,0.25838147913169673,0.731,0.664,0.272,True,999,0.00012395798694342375,0.009543582913465798,weak_10x10_bal_strong_1000,weak_null,False,905,2587230331,-1.5543122344752192e-15,1,50
1000,1000,0.1180858204879005,0.16013801169858422,0.07531388225334013,0.1359737233379974,-0.04205219121068371,-0.06065984108465727,0.02482621372841905,-1.6938624500177306,-2.4433786701521374,0.09029142377211329,0.014550461218123142,0.186,0.102,0.016,True,999,0.00012808304745703936,0.00940637500025332,weak_10x10_bal_strong_1000,weak_null,False,906,2587230331,-1.5543122344752192e-15,1,53
1000,1000,0.14036943019530534,0.15151701073463353,0.09548010816297392,0.12887010402369015,-0.011147580539328183,-0.033389995860716226,0.0251055195637043,-0.4440290714176069,-1.329986251668299,0.6570215656919626,0.1835228011344786,0.747,0.675,0.192,True,999,0.00014716701116412878,0.009369999985210598,weak_10x10_bal_strong_1000,weak_null,False,907,2587230331,-1.5543122344752192e-15,0,54
1000,1000,0.15393921224370155,0.1951110012043764,0.11046271457007606,0.1691718095843271,-0.04117178896067486,-0.058709095014251034,0.026618779048318372,-1.5467196630596725,-2.205551761321673,0.12193085952341223,0.027415399803043004,0.182,0.126,0.037,True,999,0.0001295000547543168,0.009533791919238865,weak_10x10_bal_strong_1000,weak_null,False,908,2587230331,-1.5543122344752192e-15,1,51
1000,1000,0.13478815896066498,0.1089516356594154,0.0919265846041526,0.08742800765901393,0.02583652330124958,0.004498576945138666,0.023288120842718092,1.1094292869632005,0.1931704569690652,0.26724503394934407,0.8468254748840143,0.394,0.26,0.868,True,999,0.00012741598766297102,0.009496583021245897,weak_10x10_bal_strong_1000,weak_null,False,909,2587230331,-1.5543122344752192e-15,1,58
1000,1000,0.1635285668759252,0.14778569004898334,0.11967701519733964,0.12589641854299316,0.015742876826941865,-0.006219403345653518,0.02600801264119425,0.6053087194369717,-0.23913412498894926,0.5449738889102016,0.8110015813539189,0.645,0.58,0.81,True,999,0.0001265000319108367,0.009589666966348886,weak_10x10_bal_strong_1000,weak_null,False,910,2587230331,-1.5543122344752192e-15,1,56
1000,1000,0.12239149345358413,0.12376314039924208,0.07923575062795862,0.09620319728946924,-0.001371646945657945,-0.01696744666151062,0.023698206597973125,-0.05787977837003329,-0.7159801983902792,0.9538443906375413,0.474003575967313,0.957,0.948,0.48,True,999,0.00013041601050645113,0.0094079578993842,weak_10x10_bal_strong_1000,weak_null,False,911,2587230331,-1.5543122344752192e-15,1,51
1000,1000,0.14180210168607754,0.11775561349024155,0.09827465243233746,0.09433017403989652,0.02404648819583599,0.003944478392440942,0.02399653072413556,1.002081862260622,0.16437702757064007,0.3163040571605832,0.8694343469236041,0.427,0.331,0.874,True,999,0.00012345798313617706,0.00945849996060133,weak_10x10_bal_strong_1000,weak_null,False,912,2587230331,-1.5543122344752192e-15,1,57
1000,1000,0.16357253677869021,0.14018562553559266,0.12008839866484777,0.11703966852223857,0.023386911243097552,0.0030487301426092017,0.024744253934421305,0.9451451357183344,0.12320962073413601,0.34458478481875277,0.9019411073740822,0.477,0.366,0.895,True,999,0.00012845906894654036,0.009581874939613044,weak_10x10_bal_strong_1000,weak_null,False,913,2587230331,-1.5543122344752192e-15,2,54
1000,1000,0.12334319722362164,0.13211313294958005,0.07985964605904883,0.10612690390723856,-0.008769935725958411,-0.02626725784818973,0.024064295705437933,-0.3644376645511642,-1.0915448417737812,0.7155312141682277,0.2750332117864758,0.767,0.713,0.274,True,999,0.00012212502770125866,0.009402584051713347,weak_10x10_bal_strong_1000,weak_null,False,914,2587230331,-1.5543122344752192e-15,0,53
1000,1000,0.1484454701704303,0.10760488814322111,0.10536002905610076,0.0862388497688471,0.040840582027209194,0.019121179287253653,0.023660342056616396,1.7261196786370425,0.8081531214341253,0.08432588424327503,0.41900244041305623,0.215,0.096,0.423,True,999,0.00012441608123481274,0.009417875087819993,weak_10x10_bal_strong_1000,weak_null,False,915,2587230331,-1.5543122344752192e-15,1,56
1000,1000,0.13834856890080038,0.11383563912265793,0.09433029719230035,0.0977638147924722,0.024512929778142456,-0.0034335176001718537,0.02448923175570255,1.0009676915419934,-0.14020519853066957,0.3168424284037248,0.8884978646445781,0.459,0.35,0.896,True,999,0.0001252500806003809,0.009394209017045796,weak_10x10_bal_strong_1000,weak_null,False,916,2587230331,-1.5543122344752192e-15,0,62
1000,1000,0.14496286730165098,0.12319992054987372,0.10157798672526042,0.10183902067649342,0.021762946751777257,-0.0002610339512330029,0.024106646550022696,0.9027778586547852,-0.010828297942285013,0.3666438045453013,0.991360437086798,0.486,0.39,0.99,True,999,0.0001276669790968299,0.009524040971882641,weak_10x10_bal_strong_1000,weak_null,False,917,2587230331,-1.5543122344752192e-15,1,58
1000,1000,0.14924266681716958,0.15118110249997618,0.1050478369911616,0.1329413976205842,-0.0019384356828066052,-0.02789356062942261,0.02494592706168088,-0.07770549789605581,-1.1181609150244631,0.9380623206440822,0.263498273858194,0.95,0.936,0.275,True,999,0.0001265419414266944,0.009519665967673063,weak_10x10_bal_strong_1000,weak_null,False,918,2587230331,-1.5543122344752192e-15,0,59
1000,1000,0.14263847727713852,0.13826428266065816,0.09877026033154834,0.1148929530058922,0.004374194616480365,-0.016122692674343853,0.02427588850293599,0.18018679793950027,-0.6641442875466301,0.8570059225199733,0.5065979670706685,0.898,0.868,0.512,True,999,0.0001222090795636177,0.00949683296494186,weak_10x10_bal_strong_1000,weak_null,False,919,2587230331,-1.5543122344752192e-15,1,52
1000,1000,0.14416297787433452,0.13659112808833418,0.10141302540523611,0.11176423111851364,0.00757184978600034,-0.010351205713277523,0.02481189494997697,0.30517015331823205,-0.41718722951820053,0.7602365630354745,0.6765414653230586,0.795,0.74,0.659,True,999,0.00012695800978690386,0.009526958921924233,weak_10x10_bal_strong_1000,weak_null,False,920,2587230331,-1.5543122344752192e-15,1,53
1000,1000,0.15089574426190921,0.14677359147591895,0.1067098424168762,0.1136692682642888,0.004122152785990263,-0.006959425847412604,0.02503629435974989,0.16464708102399236,-0.277973479118422,0.8692217715869052,0.7810327173389192,0.918,0.892,0.813,True,999,0.0001289999345317483,0.009627708001062274,weak_10x10_bal_strong_1000,weak_null,False,921,2587230331,-1.5543122344752192e-15,0,45
1000,1000,0.15750130117395678,0.1461623271777479,0.11421617142332252,0.12206786587239549,0.011338973996208868,-0.007851694449072966,0.024686955602856088,0.45931034100037177,-0.3180503329525406,0.6460113228293882,0.7504467574129804,0.71,0.646,0.745,True,999,0.00012558302842080593,0.009662416065111756,weak_10x10_bal_strong_1000,weak_null,False,922,2587230331,-1.5543122344752192e-15,2,54
1000,1000,0.13576500517838008,0.1205852380360456,0.09136793030620538,0.09738542102161318,0.015179767142334488,-0.006017490715407803,0.023881707345292092,0.6356231957313112,-0.2519707083084266,0.5250220471134432,0.8010637048427314,0.626,0.54,0.793,True,999,0.00012216600589454174,0.00945704197511077,weak_10x10_bal_strong_1000,weak_null,False,923,2587230331,-1.5543122344752192e-15,0,55
1000,1000,0.15431451608583835,0.16018480389322698,0.11018415072794596,0.1316517599753979,-0.00587028780738863,-0.021467609247451946,0.02567211715163427,-0.22866395368622458,-0.8362227828991242,0.8191301133039851,0.4030295837076169,0.864,0.809,0.428,True,999,0.00011750007979571819,0.009340125019662082,weak_10x10_bal_strong_1000,weak_null,False,924,2587230331,-1.5543122344752192e-15,0,48
1000,1000,0.1337510920211349,0.14690184557093544,0.08973703412857503,0.12397015901626673,-0.013150753549800553,-0.0342331248876917,0.02509207024112337,-0.5240999815251511,-1.364300536333868,0.6002090014108525,0.17247299717980435,0.676,0.608,0.195,True,999,0.00012283294927328825,0.009423375013284385,weak_10x10_bal_strong_1000,weak_null,False,925,2587230331,-1.5543122344752192e-15,0,55
1000,1000,0.14893230020185522,0.12549882966130044,0.10515417175110997,0.10622374121771827,0.02343347054055478,-0.0010695694666083,0.024318368393690337,0.9636119562459974,-0.04398195838195343,0.3352405102263035,0.9649187850753568,0.44,0.332,0.961,True,999,0.00011920894030481577,0.009522584034129977,weak_10x10_bal_strong_1000,weak_null,False,926,2587230331,-1.5543122344752192e-15,0,58
1000,1000,0.15854120220631307,0.13287939446697883,0.11393263998570546,0.10877027429353348,0.02566180773933424,0.0051623656921719885,0.025571361784694126,1.003537001877399,0.20188074986534155,0.31560183318907165,0.8400099516067573,0.442,0.339,0.861,True,999,0.00012999994214624166,0.0096221670974046,weak_10x10_bal_strong_1000,weak_null,False,927,2587230331,-1.5543122344752192e-15,0,53
1000,1000,0.14827199994455187,0.14264366753977376,0.10633329849679285,0.11571632611912719,0.005628332404778114,-0.009383027622334339,0.024637144055973757,0.22844906016667196,-0.3808488354419976,0.8192971531285865,0.703315419703195,0.858,0.83,0.721,True,999,0.0001247089821845293,0.00955279206391424,weak_10x10_bal_strong_1000,weak_null,False,928,2587230331,-1.5543122344752192e-15,2,51
1000,1000,0.11743467646280115,0.1389710366612058,0.07393604675280585,0.11137982744605779,-0.021536360198404658,-0.03744378069325194,0.023910972747790263,-0.9006894209435685,-1.565966432574865,0.3677534750345053,0.11735647579113621,0.486,0.375,0.113,True,999,0.0001307500060647726,0.009490457945503294,weak_10x10_bal_strong_1000,weak_null,False,929,2587230331,-1.5543122344752192e-15,0,50
1000,1000,0.14955993946995783,0.15026085064103456,0.1071096347745879,0.12725019343605481,-0.0007009111710767346,-0.020140558661466912,0.02473070140750181,-0.0283417424976115,-0.8143949631512463,0.9773895882607521,0.41541872318924145,0.984,0.979,0.423,True,999,0.0001272499794140458,0.009488667012192309,weak_10x10_bal_strong_1000,weak_null,False,930,2587230331,-1.5543122344752192e-15,2,56
1000,1000,0.14457756160180857,0.17100115622475232,0.09963596988609424,0.14251118409833907,-0.026423594622943747,-0.04287521421224483,0.025579084461395167,-1.0330156524102003,-1.6761825184538397,0.30159657374730964,0.09370244730426525,0.409,0.314,0.1,True,999,0.00011829205323010683,0.009475165978074074,weak_10x10_bal_strong_1000,weak_null,False,931,2587230331,-1.5543122344752192e-15,0,49
1000,1000,0.13221633459737925,0.12700677063447474,0.08918028142261392,0.10214081249796436,0.0052095639629045065,-0.012960531075350445,0.023724007483557796,0.21959038608949422,-0.5463044590730675,0.8261901794617447,0.5848566716239285,0.875,0.834,0.592,True,999,0.00012337497901171446,0.009406917029991746,weak_10x10_bal_strong_1000,weak_null,False,932,2587230331,-1.5543122344752192e-15,1,53
1000,1000,0.12641411518868795,0.1303621759564464,0.08247004653640033,0.10010287404452356,-0.003948060767758443,-0.017632827508123228,0.024058177670538708,-0.16410473070008044,-0.7329244862014687,0.8696486977435178,0.46360448765973883,0.904,0.874,0.468,True,999,0.00012504099868237972,0.00944862503092736,weak_10x10_bal_strong_1000,weak_null,False,933,2587230331,-1.5543122344752192e-15,0,49
1000,1000,0.14126911904841677,0.13430998378543313,0.0973880421956892,0.11143214225887732,0.00695913526298364,-0.014044100063188125,0.024441405867268888,0.28472729027028193,-0.5746027924684771,0.7758530810548435,0.5655599630592788,0.831,0.791,0.6,True,999,0.00012495799455791712,0.009592500049620867,weak_10x10_bal_strong_1000,weak_null,False,934,2587230331,-1.5543122344752192e-15,1,56
1000,1000,0.139953580655384,0.15740978089112012,0.09641563029299505,0.13085331534273337,-0.01745620023573613,-0.03443768504973832,0.02553142556734713,-0.6837142794745219,-1.348835181917208,0.4941556047469752,0.17738991151517702,0.58,0.496,0.179,True,999,0.00012383400462567806,0.009518374921754003,weak_10x10_bal_strong_1000,weak_null,False,935,2587230331,-1.5543122344752192e-15,0,52
1000,1000,0.13292315002521837,0.1222903142366652,0.08850643114647028,0.10179115623117241,0.010632835788553174,-0.013284725084702131,0.024160144347193446,0.4400981896363684,-0.5498611636500983,0.6598659930726618,0.5824146033583175,0.746,0.677,0.607,True,999,0.00012924999464303255,0.009672499960288405,weak_10x10_bal_strong_1000,weak_null,False,936,2587230331,-1.5543122344752192e-15,0,59
1000,1000,0.14060378334533397,0.12869613270896446,0.09681225445092423,0.10770324202388792,0.011907650636369504,-0.010890987572963695,0.02402417282603159,0.49565288772260546,-0.45333454982319626,0.6201393317730066,0.6503078578375965,0.705,0.622,0.663,True,999,0.0001580830430611968,0.009692208026535809,weak_10x10_bal_strong_1000,weak_null,False,937,2587230331,-1.5543122344752192e-15,1,58
1000,1000,0.1318957370541307,0.12470364456739158,0.08811623018755199,0.1012649985010512,0.007192092486739132,-0.013148768313499204,0.023334724526839712,0.30821415862298923,-0.563485045575551,0.7579193795320915,0.573104640385439,0.813,0.753,0.594,True,999,0.00014008395373821259,0.009484417038038373,weak_10x10_bal_strong_1000,weak_null,False,938,2587230331,-1.5543122344752192e-15,1,54
1000,1000,0.16766455671241376,0.14924036402331864,0.12500853711208038,0.12800904167249882,0.01842419268909512,-0.003000504560418449,0.025516113256296876,0.7220610954353869,-0.11759253967404237,0.4702569159418305,0.9063905164096369,0.55,0.471,0.902,True,999,0.0001236249227076769,0.009619333082810044,weak_10x10_bal_strong_1000,weak_null,False,939,2587230331,-1.5543122344752192e-15,2,57
1000,1000,0.14897244603043047,0.16837319407018236,0.10406434486685612,0.14529898930675245,-0.01940074803975189,-0.04123464443989633,0.025814396316861873,-0.751547617136388,-1.597350716001908,0.4523231549603802,0.11018755168916004,0.557,0.462,0.114,True,999,0.00012908305507153273,0.009612708003260195,weak_10x10_bal_strong_1000,weak_null,False,940,2587230331,-1.5543122344752192e-15,0,54
1000,1000,0.13503799799357674,0.11441968222950621,0.09125004938960046,0.091181425638581,0.020618315764070527,6.862375101945872e-05,0.024105639296641793,0.8553316305095011,0.002846792411310114,0.3923675814718214,0.9977285913552072,0.51,0.395,0.998,True,999,0.00012579199392348528,0.009538625017739832,weak_10x10_bal_strong_1000,weak_null,False,941,2587230331,-1.5543122344752192e-15,0,56
1000,1000,0.1505378562659403,0.14702153646388794,0.10640380966833618,0.12314884558520589,0.003516319802052359,-0.01674503591686971,0.025156535534636117,0.13977758571767587,-0.6656336240661893,0.8888357234215489,0.5056453090969739,0.908,0.877,0.503,True,999,0.0001752499956637621,0.009469958953559399,weak_10x10_bal_strong_1000,weak_null,False,942,2587230331,-1.5543122344752192e-15,0,54
1000,1000,0.12382981750286559,0.12346450864379543,0.08035631878919958,0.09838651307683222,0.000365308859070157,-0.01803019428763264,0.02315402554403835,0.01577733679076017,-0.7787066768730855,0.9874120288083361,0.4361525220690441,0.986,0.985,0.454,True,999,0.00012624997179955244,0.00945474999025464,weak_10x10_bal_strong_1000,weak_null,False,943,2587230331,-1.5543122344752192e-15,1,54
1000,1000,0.14183204448361764,0.1475967446209666,0.09919111183489804,0.12497104157972672,-0.005764700137348977,-0.025779929744828678,0.02583464248490072,-0.2231383747895178,-0.9978821948047464,0.823427812426519,0.3183364868396914,0.858,0.825,0.326,True,999,0.00011925003491342068,0.0095272499602288,weak_10x10_bal_strong_1000,weak_null,False,944,2587230331,-1.5543122344752192e-15,1,54
1000,1000,0.1697421851619807,0.11599818759822433,0.12862542502216456,0.0979751745305748,0.05374399756375636,0.03065025049158976,0.023340484056433266,2.3026085249051667,1.3131797274419303,0.021300879079743318,0.189122393439644,0.079,0.023,0.195,True,999,0.00012987491209059954,0.009513458935543895,weak_10x10_bal_strong_1000,weak_null,False,945,2587230331,-1.5543122344752192e-15,5,61
1000,1000,0.12321937305299446,0.12921904411944474,0.07951551134874535,0.10596506508869652,-0.005999671066450274,-0.02644955373995117,0.02447194678383032,-0.24516525470766867,-1.0808111824363535,0.8063284782493378,0.27978111318632715,0.862,0.824,0.288,True,999,0.0001258340198546648,0.009485709015280008,weak_10x10_bal_strong_1000,weak_null,False,946,2587230331,-1.5543122344752192e-15,0,55
1000,1000,0.12521131160675347,0.15365573343368566,0.08052292604361355,0.12747117186336254,-0.028444421826932187,-0.04694824581974899,0.02405451714490401,-1.1824981418493443,-1.9517434308464203,0.23700810237815384,0.05096867347589816,0.344,0.221,0.058,True,999,0.0001279579009860754,0.009415833046659827,weak_10x10_bal_strong_1000,weak_null,False,947,2587230331,-1.5543122344752192e-15,0,51
1000,1000,0.14957404411952746,0.12331108490868481,0.10610445736710972,0.09673014705163041,0.02626295921084265,0.009374310315479306,0.024396178789164776,1.0765193778013702,0.3842532224613297,0.2816950392918065,0.700790774624524,0.372,0.263,0.711,True,999,0.00014241598546504974,0.00962691695895046,weak_10x10_bal_strong_1000,weak_null,False,948,2587230331,-1.5543122344752192e-15,1,53
1000,1000,0.15849860718646136,0.11598057373755566,0.11486697071404706,0.09356267549253516,0.0425180334489057,0.021304295221511893,0.023862531373899334,1.7817905729570511,0.8927927589783864,0.07478339013885855,0.37196816477951267,0.164,0.082,0.384,True,999,0.00012854207307100296,0.0096768339863047,weak_10x10_bal_strong_1000,weak_null,False,949,2587230331,-1.5543122344752192e-15,1,57
1000,1000,0.1456297555448942,0.13347077311258593,0.09957250815386942,0.11179244870709226,0.012158982432308285,-0.012219940553222841,0.025222360876059242,0.4820715432649861,-0.4844883717773565,0.6297551241456676,0.6280393148690231,0.713,0.646,0.641,True,999,0.00012512493412941694,0.009498125058598816,weak_10x10_bal_strong_1000,weak_null,False,950,2587230331,-1.5543122344752192e-15,0,57
1000,1000,0.14099328258659183,0.14670256280607263,0.0980279935456565,0.1268198200264692,-0.005709280219480806,-0.028791826480812688,0.025167850270487794,-0.22684814786011323,-1.1439922826692284,0.8205418229125777,0.25262683752032056,0.866,0.825,0.255,True,999,0.00012337509542703629,0.009588708053342998,weak_10x10_bal_strong_1000,weak_null,False,951,2587230331,-1.5543122344752192e-15,1,59
1000,1000,0.12647056455990713,0.15897100332248226,0.08233517634289456,0.12979918366954735,-0.032500438762575135,-0.04746400732665279,0.025219639503566697,-1.2886956119249344,-1.882025606271659,0.19750392861591337,0.059832539019587176,0.322,0.21,0.074,True,999,0.00012633297592401505,0.009474582970142365,weak_10x10_bal_strong_1000,weak_null,False,952,2587230331,-1.5543122344752192e-15,1,46
1000,1000,0.1395732156422267,0.14053886485184797,0.09611920442057453,0.11345283116963856,-0.0009656492096212776,-0.017333626749064024,0.024221493236631322,-0.0398674516136305,-0.715629981179259,0.9681988003123956,0.47421985594178595,0.973,0.969,0.5,True,999,0.00012766604777425528,0.009489999967627227,weak_10x10_bal_strong_1000,weak_null,False,953,2587230331,-1.5543122344752192e-15,1,50
1000,1000,0.13348810793661547,0.14558966180158706,0.0907951973595118,0.1231503783833432,-0.012101553864971581,-0.03235518102383139,0.02375847838086043,-0.5093572774728057,-1.3618372567957202,0.6105018165334779,0.17324925083540121,0.684,0.591,0.154,True,999,0.00012924999464303255,0.00946304202079773,weak_10x10_bal_strong_1000,weak_null,False,954,2587230331,-1.5543122344752192e-15,2,57
1000,1000,0.14707757632644602,0.14405550439254744,0.10363809792079337,0.11902096501523829,0.0030220719338985846,-0.015382867094444919,0.02506834266526466,0.12055331994827266,-0.6136371797629772,0.9040448443680833,0.5394551090451485,0.935,0.92,0.562,True,999,0.00012191699352115393,0.009380375035107136,weak_10x10_bal_strong_1000,weak_null,False,955,2587230331,-1.5543122344752192e-15,1,52
1000,1000,0.16797468895569567,0.1775748374299735,0.12520822517353736,0.15798300759774975,-0.009600148474277814,-0.03277478242421239,0.026525782278188508,-0.3619176382282146,-1.2355821246094703,0.7174135787852172,0.21661393254562733,0.782,0.738,0.245,True,999,0.0001206669257953763,0.009556000004522502,weak_10x10_bal_strong_1000,weak_null,False,956,2587230331,-1.5543122344752192e-15,3,58
1000,1000,0.1527623901533186,0.126573385668307,0.10820137598466317,0.10847791908292947,0.026189004485011602,-0.00027654309826630197,0.025163288615047668,1.040762393407933,-0.010989942630190593,0.2979858376709714,0.9912314709604099,0.398,0.299,0.988,True,999,0.00012566708028316498,0.009531374904327095,weak_10x10_bal_strong_1000,weak_null,False,957,2587230331,-1.5543122344752192e-15,0,60
1000,1000,0.1453198120212731,0.1199160620484701,0.10089708514078666,0.09537334622149274,0.02540374997280298,0.005523738919293919,0.02467401845693739,1.0295748954366377,0.22386863854115563,0.30320960504980377,0.8228595192223817,0.43,0.3,0.815,True,999,0.0001323750475421548,0.009643333032727242,weak_10x10_bal_strong_1000,weak_null,False,958,2587230331,-1.5543122344752192e-15,0,55
1000,1000,0.12303223373085048,0.11378915581622095,0.0801221082469965,0.09303195850094426,0.009243077914629527,-0.012909850253947752,0.022812089349650903,0.4051833119253926,-0.5659214312232788,0.6853427707785472,0.5714471920799359,0.772,0.7,0.592,True,999,0.00013212498743087053,0.00946137506980449,weak_10x10_bal_strong_1000,weak_null,False,959,2587230331,-1.5543122344752192e-15,1,58
1000,1000,0.1333497089166542,0.19550659518196678,0.08993304313344197,0.17140384245624318,-0.06215688626531257,-0.08147079932280121,0.026024018039708195,-2.3884430978518307,-3.130600324611316,0.01691992824638879,0.0017444940158818376,0.036,0.016,0.001,True,999,0.0001264170277863741,0.009465457987971604,weak_10x10_bal_strong_1000,weak_null,False,960,2587230331,-1.5543122344752192e-15,1,52
1000,1000,0.1292345530807424,0.14661867123042127,0.08627192483345425,0.11790314520510492,-0.017384118149678884,-0.03163122037165067,0.025091122909518593,-0.6928393843658559,-1.2606538370449343,0.48841035307704195,0.2074335926935913,0.574,0.48,0.218,True,999,0.0001300839940086007,0.009522125008516014,weak_10x10_bal_strong_1000,weak_null,False,961,2587230331,-1.5543122344752192e-15,1,50
1000,1000,0.14140676529095098,0.1339929428978648,0.09740174979378935,0.10978743774774102,0.007413822393086189,-0.012385687953951674,0.024760992715426672,0.2994153941359228,-0.5002096683399573,0.7646231178091786,0.6169274512860856,0.817,0.762,0.621,True,999,0.00012570794206112623,0.00942170899361372,weak_10x10_bal_strong_1000,weak_null,False,962,2587230331,-1.5543122344752192e-15,0,54
1000,1000,0.12314234022922621,0.12002514699630212,0.07926207539549068,0.09652797688846704,0.003117193232924087,-0.017265901492976354,0.023779346590260646,0.13108826271117147,-0.7260881381849232,0.8957054860375204,0.46778474027897843,0.909,0.882,0.455,True,999,0.0001271250657737255,0.009517083992250264,weak_10x10_bal_strong_1000,weak_null,False,963,2587230331,-1.5543122344752192e-15,0,56
1000,1000,0.15266794116579874,0.1396181622629422,0.10874245083277856,0.11966373205893888,0.013049778902856524,-0.010921281226160318,0.024999157140361748,0.5220087553186878,-0.4368659777144103,0.6016642346279133,0.6622085469512231,0.684,0.623,0.693,True,999,0.00013229099567979574,0.009603790938854218,weak_10x10_bal_strong_1000,weak_null,False,964,2587230331,-1.5543122344752192e-15,1,59
1000,1000,0.1384096660163121,0.12677079785236767,0.0954815284057986,0.1061221038792155,0.011638868163944438,-0.010640575473416902,0.024367874268057668,0.4776316569886897,-0.4366640830614007,0.6329123949936087,0.6623549806622657,0.708,0.63,0.67,True,999,0.0001248749904334545,0.009482208057306707,weak_10x10_bal_strong_1000,weak_null,False,965,2587230331,-1.5543122344752192e-15,1,58
1000,1000,0.14836442148519335,0.15402952024494665,0.1049193377652955,0.12468899742782469,-0.005665098759753295,-0.019769659662529193,0.02512342428610588,-0.22549070919788153,-0.7869014763828391,0.8215975522643355,0.43133954320139045,0.876,0.843,0.429,True,999,0.00013270799536257982,0.009444667026400566,weak_10x10_bal_strong_1000,weak_null,False,966,2587230331,-1.5543122344752192e-15,1,49
1000,1000,0.1407335215970047,0.12813710212419638,0.09633324185779202,0.10275665919982657,0.012596419472808318,-0.006423417342034554,0.02477268563118112,0.5084801728946714,-0.2592943469136615,0.6111166403316703,0.795408140806888,0.701,0.62,0.816,True,999,0.00013658404350280762,0.009563875035382807,weak_10x10_bal_strong_1000,weak_null,False,967,2587230331,-1.5543122344752192e-15,0,53
1000,1000,0.11429942842056073,0.11172781430609513,0.07078220395533208,0.08883995909269515,0.0025716141144656035,-0.018057755137363074,0.02287206541581972,0.11243471316267388,-0.7895113453493896,0.9104787326932451,0.4298132014159881,0.936,0.908,0.454,True,999,0.00012758304364979267,0.009563082945533097,weak_10x10_bal_strong_1000,weak_null,False,968,2587230331,-1.5543122344752192e-15,0,57
1000,1000,0.16257692831021897,0.11923170615606904,0.11911870678386549,0.09358979852572702,0.04334522215414993,0.025528908258138472,0.024855643063546942,1.7438785246204165,1.0270870157279872,0.08118027409195246,0.304379492105042,0.18,0.074,0.322,True,999,0.00011758296750485897,0.009455292019993067,weak_10x10_bal_strong_1000,weak_null,False,969,2587230331,-1.5543122344752192e-15,1,53
1000,1000,0.14794868781969361,0.1513195557414695,0.10552308033447844,0.12030543755372491,-0.0033708679217758775,-0.014782357219246478,0.025241675310948185,-0.13354374780004463,-0.5856329675881243,0.8937633683449236,0.5581221890151405,0.907,0.888,0.563,True,999,0.00012862496078014374,0.00952487497124821,weak_10x10_bal_strong_1000,weak_null,False,970,2587230331,-1.5543122344752192e-15,2,48
1000,1000,0.1321225370449901,0.1394259809403856,0.08881309955495453,0.11307132457164926,-0.0073034438953955005,-0.024258225016694723,0.024700263933370967,-0.2956828281307666,-0.9821038788140627,0.7674723122889526,0.32604867477354904,0.828,0.773,0.323,True,999,0.0001247080508619547,0.009452000027522445,weak_10x10_bal_strong_1000,weak_null,False,971,2587230331,-1.5543122344752192e-15,1,52
1000,1000,0.10496361285227485,0.1370227041908702,0.06210997846665123,0.11486992391138529,-0.03205909133859536,-0.05275994544473406,0.023502144324281216,-1.364092182238603,-2.244899219269332,0.17253855495441217,0.024774603083941943,0.32,0.176,0.026,True,999,0.00013149995356798172,0.009358166949823499,weak_10x10_bal_strong_1000,weak_null,False,972,2587230331,-1.5543122344752192e-15,0,56
1000,1000,0.16123902181623873,0.11481458341012302,0.11733157156595553,0.09569178703054604,0.04642443840611571,0.02163978453540949,0.024803141258100035,1.8717160831777606,0.8724614479362577,0.06124589326315476,0.3829566909514567,0.146,0.075,0.387,True,999,0.00012704101391136646,0.00954750005621463,weak_10x10_bal_strong_1000,weak_null,False,973,2587230331,-1.5543122344752192e-15,1,61
1000,1000,0.1487857500441172,0.14696373091359682,0.1056463029826773,0.12279531699493873,0.0018220191305203803,-0.017149014012261432,0.025373776825953313,0.07180717096308446,-0.6758557911930846,0.9427553659519172,0.4991322084621661,0.956,0.941,0.52,True,999,0.0001258340198546648,0.009484125068411231,weak_10x10_bal_strong_1000,weak_null,False,974,2587230331,-1.5543122344752192e-15,1,53
1000,1000,0.13604898666575105,0.11119803269636197,0.09250167692289324,0.09077661265462211,0.024850953969389078,0.001725064268271126,0.0229533936681452,1.08267014144742,0.07515508570156125,0.27895486170783024,0.940091319656618,0.433,0.275,0.93,True,999,0.00012279197108000517,0.009587417007423937,weak_10x10_bal_strong_1000,weak_null,False,975,2587230331,-1.5543122344752192e-15,0,59
1000,1000,0.1132076614334716,0.15418040676866157,0.06959574593975049,0.13043857180713303,-0.040972745335189964,-0.060842825867382544,0.024375330976709218,-1.680910317662545,-2.4960820398918173,0.09278033558118577,0.01255735552994235,0.193,0.1,0.023,True,999,0.00012641598004847765,0.009547166991978884,weak_10x10_bal_strong_1000,weak_null,False,976,2587230331,-1.5543122344752192e-15,0,56
1000,1000,0.1304799652989166,0.13875515756592016,0.08603502406276675,0.11237564966336322,-0.008275192267003573,-0.026340625600596468,0.02421153413971508,-0.34178719197431884,-1.0879370736523861,0.7325110490853137,0.27662288807571656,0.779,0.729,0.261,True,999,0.0001287920167669654,0.00953745807055384,weak_10x10_bal_strong_1000,weak_null,False,977,2587230331,-1.5543122344752192e-15,0,53
1000,1000,0.15565053235964177,0.14676834259460136,0.1120695937356686,0.12050193667141684,0.008882189765040405,-0.008432342935748238,0.025026429437481228,0.3549123852137634,-0.33693751467076666,0.722655229670929,0.7361640045057931,0.797,0.745,0.763,True,999,0.00012741610407829285,0.00956245802808553,weak_10x10_bal_strong_1000,weak_null,False,978,2587230331,-1.5543122344752192e-15,1,52
1000,1000,0.13847178968804075,0.14005830349073878,0.09329500494277454,0.11938380276092175,-0.0015865138026980308,-0.026088797818147214,0.024737680588959695,-0.0641334904860112,-1.0546177813368047,0.94886393517521,0.2916001681272654,0.967,0.953,0.296,True,999,0.00012733298353850842,0.009467958007007837,weak_10x10_bal_strong_1000,weak_null,False,979,2587230331,-1.5543122344752192e-15,0,58
1000,1000,0.1457329344585574,0.14015180564199436,0.10259419471003639,0.11837030953182648,0.00558112881656303,-0.015776114821790088,0.024515888725234677,0.2276535384506892,-0.6435057280037101,0.8199155949174286,0.5198959992074861,0.838,0.788,0.51,True,999,0.00012450001668184996,0.009459291934035718,weak_10x10_bal_strong_1000,weak_null,False,980,2587230331,-1.5543122344752192e-15,1,55
1000,1000,0.16703143964018174,0.1348029210632128,0.12324321249070636,0.11209110066147332,0.032228518576968956,0.011152111829233036,0.025112821458216358,1.2833491700879551,0.4440804012320293,0.1993697733544546,0.6569844556315121,0.319,0.192,0.639,True,999,0.00011870905291289091,0.009555708966217935,weak_10x10_bal_strong_1000,weak_null,False,981,2587230331,-1.5543122344752192e-15,2,56
1000,1000,0.1325605078345844,0.13669598368992242,0.08894363842455277,0.1063860072525813,-0.004135475855338022,-0.01744236882802852,0.024511445673452623,-0.1687161137058918,-0.711600982675602,0.8660199435760098,0.4767118983592097,0.896,0.866,0.477,True,999,0.00012341595720499754,0.00953837507404387,weak_10x10_bal_strong_1000,weak_null,False,982,2587230331,-1.5543122344752192e-15,0,49
1000,1000,0.16043981612150526,0.12592239913871317,0.11736247550970802,0.10362997002800967,0.03451741698279209,0.013732505481698354,0.02429098337991314,1.4209971018026162,0.5653334517965266,0.15531760199595337,0.5718469796755209,0.258,0.155,0.6,True,999,0.0001259580021724105,0.009556291974149644,weak_10x10_bal_strong_1000,weak_null,False,983,2587230331,-1.5543122344752192e-15,1,56
1000,1000,0.12325677879707975,0.14448142205245673,0.07928155200352194,0.11755556926266308,-0.021224643255376985,-0.038274017259141146,0.02454586986430142,-0.8646930572318114,-1.5592854305320596,0.38720728111110403,0.11892883851940819,0.516,0.417,0.113,True,999,0.00013108400162309408,0.009558458928950131,weak_10x10_bal_strong_1000,weak_null,False,984,2587230331,-1.5543122344752192e-15,0,51
1000,1000,0.1454472680222909,0.14858546281377227,0.10162711970724558,0.12210292962174663,-0.0031381947914813635,-0.020475809914501042,0.024953112565436437,-0.12576366107642234,-0.820571376048009,0.8999190075849032,0.41189045758723264,0.935,0.922,0.432,True,999,0.00012941600289195776,0.009668958024121821,weak_10x10_bal_strong_1000,weak_null,False,985,2587230331,-1.5543122344752192e-15,1,51
1000,1000,0.15264809432549953,0.10981006742976585,0.10771106769971084,0.08606747058229303,0.04283802689573368,0.021643597117417812,0.023830071578453783,1.7976457500222596,0.9082472558322949,0.07223316345723366,0.36374760222974223,0.179,0.071,0.384,True,999,0.00013054197188466787,0.009481374989263713,weak_10x10_bal_strong_1000,weak_null,False,986,2587230331,-1.5543122344752192e-15,0,55
1000,1000,0.15218238490962932,0.11936903206533489,0.1075897852874732,0.09774455757894884,0.03281335284429443,0.009845227708524362,0.023934027954484103,1.3709916653685015,0.4113485505760777,0.17037755422145862,0.6808169740298525,0.304,0.173,0.697,True,999,0.00012645800597965717,0.009683416923508048,weak_10x10_bal_strong_1000,weak_null,False,987,2587230331,-1.5543122344752192e-15,0,57
1000,1000,0.13174539054188772,0.12030003281311386,0.08733775735299787,0.10019867425717166,0.011445357728773864,-0.012860916904173791,0.02319072250563636,0.49353174425644314,-0.5545716353187369,0.6216369156193713,0.5791876948078274,0.685,0.612,0.573,True,999,0.00011970906052738428,0.00954354100394994,weak_10x10_bal_strong_1000,weak_null,False,988,2587230331,-1.5543122344752192e-15,0,58
1000,1000,0.14349721008509464,0.08988417936895382,0.10013391328038779,0.07245780503450305,0.05361303071614082,0.027676108245884734,0.022148876442898053,2.420575637520955,1.2495490828727327,0.015495955174935261,0.21146431296030566,0.084,0.01,0.238,True,999,0.0001254160888493061,0.009527833084575832,weak_10x10_bal_strong_1000,weak_null,False,989,2587230331,-1.5543122344752192e-15,1,62
1000,1000,0.1305319652423944,0.13455032496148578,0.08764138454671411,0.1106301921481645,-0.004018359719091369,-0.02298880760145039,0.023506689622880654,-0.17094536846991962,-0.9779687386978482,0.8642667227838553,0.3280897857364411,0.903,0.871,0.322,True,999,0.00012900005094707012,0.009483124944381416,weak_10x10_bal_strong_1000,weak_null,False,990,2587230331,-1.5543122344752192e-15,1,54
1000,1000,0.14851940896923965,0.11110174903051895,0.10508749993141464,0.08346567287696871,0.037417659938720704,0.02162182705444593,0.023944566498066856,1.5626785284144353,0.9029951348750269,0.11812822720480166,0.3665284770250822,0.228,0.108,0.35,True,999,0.00013354199472814798,0.00954520795494318,weak_10x10_bal_strong_1000,weak_null,False,991,2587230331,-1.5543122344752192e-15,1,52
1000,1000,0.129859840503884,0.14908092684548535,0.08730799176692017,0.12105026598953827,-0.019221086341601357,-0.03374227422261811,0.024805433852007213,-0.7748740238238574,-1.3602775272518663,0.43841410288749316,0.17374211708461473,0.55,0.454,0.176,True,999,0.00012533296830952168,0.009360000025480986,weak_10x10_bal_strong_1000,weak_null,False,992,2587230331,-1.5543122344752192e-15,1,49
1000,1000,0.14278897784975397,0.1322108484505038,0.09873614445041312,0.11230613089969665,0.01057812939925018,-0.013569986449283533,0.02404795075998441,0.43987654103367924,-0.5642886824212846,0.6600265273461758,0.5725576824417697,0.762,0.675,0.595,True,999,0.00012395891826599836,0.009425417054444551,weak_10x10_bal_strong_1000,weak_null,False,993,2587230331,-1.5543122344752192e-15,0,58
1000,1000,0.12589725092544413,0.13239302652125606,0.08193129616574879,0.10789735806963563,-0.006495775595811937,-0.02596606190388684,0.023949222821591516,-0.27123116454349594,-1.0842131328151923,0.7862132451919353,0.2782703101033188,0.863,0.824,0.327,True,999,0.0001265000319108367,0.009564375039190054,weak_10x10_bal_strong_1000,weak_null,False,994,2587230331,-1.5543122344752192e-15,0,53
1000,1000,0.1380517304044786,0.1268569467645272,0.09548041791549622,0.1080600455405829,0.011194783639951411,-0.012579627625086687,0.022950836176474164,0.48777236497494864,-0.5481119523645713,0.6257110878150919,0.5836150340837012,0.697,0.609,0.564,True,999,0.00012450001668184996,0.009519332903437316,weak_10x10_bal_strong_1000,weak_null,False,995,2587230331,-1.5543122344752192e-15,3,59
1000,1000,0.15352183212643844,0.13413412835761873,0.10887299615205848,0.10879508839309437,0.01938770376881971,7.790775896410196e-05,0.024409364064430283,0.79427320259735,0.003191716046286941,0.42703640088016726,0.997453383367954,0.535,0.441,0.997,True,999,0.00012770900502800941,0.009519374929368496,weak_10x10_bal_strong_1000,weak_null,False,996,2587230331,-1.5543122344752192e-15,0,54
1000,1000,0.16556787775286042,0.13302739674256647,0.12150256993800213,0.10919466122140875,0.03254048101029394,0.012307908716593374,0.02475822775373616,1.3143299808841686,0.4971239799155672,0.1887351822086729,0.6191016253096937,0.303,0.199,0.63,True,999,0.00013158295769244432,0.00963500002399087,weak_10x10_bal_strong_1000,weak_null,False,997,2587230331,-1.5543122344752192e-15,1,55
1000,1000,0.1199283871738035,0.11838239015627061,0.0764637886413766,0.09835697510038699,0.0015459970175328852,-0.021893186459010394,0.02351382763540719,0.06574842010004864,-0.9310771006096672,0.9475781221169832,0.3518136830310141,0.953,0.933,0.357,True,999,0.00012945802882313728,0.009469458949752152,weak_10x10_bal_strong_1000,weak_null,False,998,2587230331,-1.5543122344752192e-15,0,59
1000,1000,0.13223249363014,0.09992772803874173,0.08837344473749909,0.07193530776135049,0.03230476559139828,0.0164381369761486,0.02263460939852163,1.4272287638198984,0.7262390389304553,0.15351396611426096,0.46769224346739413,0.309,0.177,0.489,True,999,0.00012195797171443701,0.009434457984752953,weak_10x10_bal_strong_1000,weak_null,False,999,2587230331,-1.5543122344752192e-15,0,53
1000,1000,0.1238292760434403,0.12932030063548705,0.07991667215992493,0.10613120250877728,-0.005491024592046756,-0.02621453034885235,0.024798739515293374,-0.22142353600917672,-1.0570912417821017,0.8247626681181885,0.2904699479487307,0.854,0.813,0.303,True,999,0.00011833303142338991,0.009360624942928553,weak_10x10_bal_strong_1000,weak_null,False,1000,2587230331,-1.5543122344752192e-15,0,55
1000,1000,0.16864012322139832,0.12249920278224369,0.12390450182829227,0.10328407601559775,0.04614092043915463,0.02062042581269452,0.025192956230410728,1.831500837661019,0.8184996482391118,0.06702582279062622,0.4130719428097859,0.173,0.076,0.418,True,999,0.00011820800136774778,0.009541832958348095,weak_10x10_bal_strong_1000,weak_null,False,1001,2587230331,-1.5543122344752192e-15,0,59
1000,1000,0.14545373820363983,0.13852781516017837,0.10052455858840403,0.1150790897730758,0.006925923043461457,-0.01455453118467176,0.025227726663357337,0.27453615364880235,-0.5769259901571656,0.7836726238922541,0.563989452551598,0.837,0.802,0.589,True,999,0.00012804195284843445,0.009553708950988948,weak_10x10_bal_strong_1000,weak_null,False,1002,2587230331,-1.5543122344752192e-15,0,56
1000,1000,0.16095253822272682,0.1273960828091968,0.11500457796046248,0.10294692848003706,0.03355645541353003,0.012057649480425425,0.02461860230995342,1.3630528244880495,0.4897779869310639,0.17286586306251683,0.6242910093194813,0.291,0.177,0.632,True,999,0.00014875002671033144,0.009736542007885873,weak_10x10_bal_strong_1000,weak_null,False,1003,2587230331,-1.5543122344752192e-15,0,53
1000,1000,0.16824654417333873,0.10728943118851941,0.12538757329502914,0.08201631792894659,0.06095711298481932,0.04337125536608255,0.024352360211367746,2.5031295716611637,1.7809877559973317,0.012310046757502404,0.07491445099558208,0.055,0.014,0.078,True,999,0.0001296249683946371,0.009609042084775865,weak_10x10_bal_strong_1000,weak_null,False,1004,2587230331,-1.5543122344752192e-15,1,55
1000,1000,0.14893670703037865,0.1696772706811569,0.10446509924486236,0.14180447779085625,-0.020740563650778254,-0.037339378545993895,0.026532415307094735,-0.7817065808265202,-1.4073117020752117,0.43438703328870365,0.15933498085417797,0.479,0.411,0.15,True,999,0.0001275420654565096,0.009577541030012071,weak_10x10_bal_strong_1000,weak_null,False,1005,2587230331,-1.5543122344752192e-15,0,50
1000,1000,0.13979754046275117,0.11382477982239303,0.09747263084955193,0.09055617347939915,0.02597276064035814,0.006916457370152784,0.023471421381908875,1.1065695689131647,0.2946756933725283,0.2684800702894623,0.7682416329876889,0.384,0.267,0.768,True,999,0.00012304203119128942,0.009407000034116209,weak_10x10_bal_strong_1000,weak_null,False,1006,2587230331,-1.5543122344752192e-15,2,57
1000,1000,0.16361992985519658,0.12273227073181592,0.11861731297540246,0.10016317253757734,0.04088765912338066,0.018454140437825117,0.024725854519936256,1.6536398808952497,0.7463499561944641,0.09820070449781754,0.4554560412475206,0.185,0.1,0.465,True,999,0.00012583297211676836,0.009489750023931265,weak_10x10_bal_strong_1000,weak_null,False,1007,2587230331,-1.5543122344752192e-15,0,56
1000,1000,0.12641289268638722,0.12234169992162991,0.0824760435675671,0.09417426782522398,0.004071192764757314,-0.011698224257656875,0.023430244295410907,0.17375801606792063,-0.4992788000912185,0.8620556407140452,0.6175829879417889,0.901,0.867,0.644,True,999,0.000124208047054708,0.00940058403648436,weak_10x10_bal_strong_1000,weak_null,False,1008,2587230331,-1.5543122344752192e-15,0,51
1000,1000,0.13705499119885145,0.11360978264818677,0.09292150243891228,0.08900134368821,0.023445208550664676,0.003920158750702285,0.023531665709342404,0.996325922705786,0.16659078873221994,0.31909181247025487,0.8676920419416468,0.446,0.306,0.883,True,999,0.00012629199773073196,0.009423290961422026,weak_10x10_bal_strong_1000,weak_null,False,1009,2587230331,-1.5543122344752192e-15,0,53
1000,1000,0.15589010243977652,0.11950012211057515,0.11203474184367224,0.09711093107284796,0.03638998032920138,0.014923810770824275,0.023557308002726634,1.5447427322760916,0.6335108735300707,0.12240850425538091,0.5264000824108244,0.282,0.154,0.548,True,999,0.00012437498662620783,0.009579000063240528,weak_10x10_bal_strong_1000,weak_null,False,1010,2587230331,-1.5543122344752192e-15,1,56
1000,1000,0.122305604690232,0.12832924936237855,0.07984981853724094,0.11003841778313017,-0.006023644672146555,-0.030188599245889236,0.023486870283893044,-0.256468597107103,-1.2853393781713072,0.7975890255885473,0.1986737152612772,0.839,0.779,0.187,True,999,0.00012158299796283245,0.009381458046846092,weak_10x10_bal_strong_1000,weak_null,False,1011,2587230331,-1.5543122344752192e-15,1,61
1000,1000,0.12532572947125153,0.11748822409442278,0.08220565156807425,0.09339327574031131,0.007837505376828757,-0.011187624172237065,0.023191271783143477,0.33795065014612224,-0.482406669062831,0.735400377401091,0.6295170844749904,0.842,0.771,0.654,True,999,0.00012862496078014374,0.009588542045094073,weak_10x10_bal_strong_1000,weak_null,False,1012,2587230331,-1.5543122344752192e-15,0,55
1000,1000,0.15852707201712501,0.14187818502421856,0.11510917009809418,0.11482684882503236,0.016648886992906453,0.0002823212730618252,0.025274277001799766,0.6587285164169442,0.011170300659509321,0.5100701176987438,0.99108757490686,0.585,0.508,0.992,True,999,0.00013691699132323265,0.009606834035366774,weak_10x10_bal_strong_1000,weak_null,False,1013,2587230331,-1.5543122344752192e-15,0,52
1000,1000,0.14922707954571868,0.14270530886695598,0.10517205798714713,0.11932963210756498,0.006521770678762695,-0.014157574120417848,0.025010899356698823,0.2607571437456498,-0.5660561788885028,0.7942797956327782,0.571355591201089,0.844,0.805,0.57,True,999,0.00012995791621506214,0.00950370798818767,weak_10x10_bal_strong_1000,weak_null,False,1014,2587230331,-1.5543122344752192e-15,0,53
1000,1000,0.12301337948499924,0.09224239043004256,0.07902445425406768,0.0659225920338713,0.030770989054956677,0.01310186222019638,0.02203836569709115,1.3962464130912462,0.5945024417997429,0.16264030450891087,0.5521761096023278,0.358,0.164,0.568,True,999,0.00011999998241662979,0.009363667108118534,weak_10x10_bal_strong_1000,weak_null,False,1015,2587230331,-1.5543122344752192e-15,0,54
1000,1000,0.1448892228420866,0.14222930426693803,0.10072416948514729,0.11649135081461282,0.0026599185751485788,-0.01576718132946553,0.02495257390402286,0.10659896591748982,-0.631885968562287,0.9151071389897734,0.5274613927015639,0.93,0.909,0.521,True,999,0.00012408406473696232,0.009545375010930002,weak_10x10_bal_strong_1000,weak_null,False,1016,2587230331,-1.5543122344752192e-15,0,50
1000,1000,0.15492158195540107,0.12361362542765886,0.1102780849064402,0.09582727159386195,0.03130795652774221,0.014450813312578248,0.025074197735847292,1.2486124923144732,0.5763220608218568,0.2118068409844569,0.5643975141748551,0.356,0.224,0.562,True,999,0.00017016706988215446,0.009485249989666045,weak_10x10_bal_strong_1000,weak_null,False,1017,2587230331,-1.5543122344752192e-15,0,51
1000,1000,0.1592729454104953,0.12240224599036797,0.1145742987923768,0.10214380082385333,0.03687069942012733,0.012430497968523468,0.02460308299365206,1.4986211049095144,0.5052414761081249,0.13397195442049314,0.6133892422563233,0.242,0.135,0.619,True,999,0.00012666697148233652,0.009407042060047388,weak_10x10_bal_strong_1000,weak_null,False,1018,2587230331,-1.5543122344752192e-15,1,58
1000,1000,0.16640414520956526,0.11031843050462331,0.12244908438879065,0.08937078026536938,0.05608571470494195,0.033078304123421276,0.02435003910078347,2.3033110736621927,1.3584497333458891,0.02126134703425743,0.17432102245530467,0.074,0.024,0.198,True,999,0.00012004200834780931,0.009500375017523766,weak_10x10_bal_strong_1000,weak_null,False,1019,2587230331,-1.5543122344752192e-15,1,58
1000,1000,0.14456205421589408,0.11181185030373464,0.10007190339774752,0.08979553647361627,0.03275020391215944,0.010276366924131253,0.02396341225012805,1.3666753119428738,0.42883571074383786,0.17172709948936682,0.6680427887161445,0.302,0.19,0.678,True,999,0.0001265830360352993,0.009679750073701143,weak_10x10_bal_strong_1000,weak_null,False,1020,2587230331,-1.5543122344752192e-15,0,57
1000,1000,0.135896194892958,0.13231233909349338,0.0928007760858236,0.10797863523680462,0.0035838557994646303,-0.015177859150981021,0.02399980305210647,0.1493285503920031,-0.6324159876657345,0.8812943878821341,0.5271150896508237,0.913,0.885,0.516,True,999,0.00013633305206894875,0.009762207977473736,weak_10x10_bal_strong_1000,weak_null,False,1021,2587230331,-1.5543122344752192e-15,1,55
1000,1000,0.11968573712284014,0.15111048235118973,0.07694273955985409,0.12617711754342054,-0.03142474522834959,-0.049234377983566446,0.024504085845541288,-1.2824287927503966,-2.009231370388993,0.19969226922650207,0.04451260229515113,0.312,0.182,0.049,True,999,0.00014187500346451998,0.009473375044763088,weak_10x10_bal_strong_1000,weak_null,False,1022,2587230331,-1.5543122344752192e-15,1,53
1000,1000,0.12452057428450392,0.13240005813678235,0.08103617635606497,0.10629222750719691,-0.007879483852278435,-0.025256051151131942,0.023629418128221676,-0.3334607652851008,-1.068839317755671,0.7387865010439834,0.2851420792911681,0.798,0.743,0.28,True,999,0.00021724996622651815,0.009487041970714927,weak_10x10_bal_strong_1000,weak_null,False,1023,2587230331,-1.5543122344752192e-15,0,52
1000,1000,0.12382545377996568,0.1246323707055666,0.08034736257468467,0.10235008044747929,-0.0008069169256009201,-0.02200271787279462,0.024021815721697728,-0.03359100473292165,-0.9159473258684873,0.9732032954050984,0.3596945228918377,0.971,0.965,0.395,True,999,0.00011866702698171139,0.009456041036173701,weak_10x10_bal_strong_1000,weak_null,False,1024,2587230331,-1.5543122344752192e-15,0,56
1000,1000,0.1574134808865857,0.13306295318196587,0.1128189756827851,0.10504901388304688,0.024350527704619818,0.007769961799738212,0.024383027038437862,0.9986671329295246,0.3186627233562715,0.3179559673536191,0.7499822845253912,0.447,0.326,0.733,True,999,0.0001386249205097556,0.00948670890647918,weak_10x10_bal_strong_1000,weak_null,False,1025,2587230331,-1.5543122344752192e-15,0,50
1000,1000,0.1677094928737719,0.1089224305193488,0.12372454183423542,0.08379363972971987,0.0587870623544231,0.03993090210451555,0.024316953858988275,2.4175339845329207,1.6421013230551447,0.01562607474806025,0.10056900754789463,0.065,0.016,0.109,True,999,0.0001243329606950283,0.00957629201002419,weak_10x10_bal_strong_1000,weak_null,False,1026,2587230331,-1.5543122344752192e-15,1,52
1000,1000,0.14766517045793703,0.13585826414791902,0.1047563172505761,0.10716347116056113,0.011806906310018017,-0.002407153909985027,0.023684999653923466,0.4984972126888835,-0.10163200106216921,0.6181336333113785,0.9190487777824722,0.689,0.614,0.923,True,999,0.00013970897998660803,0.009520999970845878,weak_10x10_bal_strong_1000,weak_null,False,1027,2587230331,-1.5543122344752192e-15,2,49
1000,1000,0.15435313934643347,0.14239223563395287,0.11140487276679778,0.11681785491907704,0.011960903712480597,-0.005412982152279255,0.024926104619014466,0.4798545097719128,-0.217161174399872,0.6313308496618306,0.8280827409942271,0.711,0.636,0.827,True,999,0.00012795801740139723,0.009434083011001348,weak_10x10_bal_strong_1000,weak_null,False,1028,2587230331,-1.5543122344752192e-15,2,53
1000,1000,0.1272514178315607,0.15476943974305735,0.08298990689627317,0.13157191203595175,-0.02751802191149666,-0.048582005139678586,0.02520342483994681,-1.0918366089628133,-1.9275953743666339,0.27490492471295924,0.05390547468342251,0.365,0.267,0.07,True,999,0.0001294170506298542,0.00949629198294133,weak_10x10_bal_strong_1000,weak_null,False,1029,2587230331,-1.5543122344752192e-15,0,57
1000,1000,0.12981276796204932,0.11110737312624985,0.08539320416184637,0.09116296742274699,0.01870539483579947,-0.005769763260900618,0.022778112370990044,0.8212003932170631,-0.25330295886365567,0.4115321325942215,0.8000341098106067,0.545,0.401,0.81,True,999,0.0001165829598903656,0.009351665969006717,weak_10x10_bal_strong_1000,weak_null,False,1030,2587230331,-1.5543122344752192e-15,0,59
1000,1000,0.12351510642735608,0.12933457135259652,0.07992065097187151,0.11005442893213058,-0.005819464925240436,-0.030133777960259067,0.023287479124896808,-0.24989673180292002,-1.293990551688475,0.8026672107034888,0.19566868441418117,0.86,0.814,0.199,True,999,0.00012366706505417824,0.009577083983458579,weak_10x10_bal_strong_1000,weak_null,False,1031,2587230331,-1.5543122344752192e-15,0,59
1000,1000,0.1580649184202545,0.1218824861498296,0.11443441858455117,0.10072765312014553,0.03618243227042489,0.013706765464405635,0.024949316842896727,1.4502373952065273,0.5493844000104581,0.14699233031620995,0.5827416775049453,0.269,0.159,0.577,True,999,0.0001252500806003809,0.00956579193007201,weak_10x10_bal_strong_1000,weak_null,False,1032,2587230331,-1.5543122344752192e-15,1,56
1000,1000,0.11491441673795944,0.13499412971157032,0.07106634561432656,0.11442761319437977,-0.020079712973610886,-0.04336126758005321,0.024484603633858435,-0.8200954883273559,-1.7709605688732186,0.4121616740125911,0.07656725902109025,0.537,0.437,0.073,True,999,0.0001432499848306179,0.009559666970744729,weak_10x10_bal_strong_1000,weak_null,False,1033,2587230331,-1.5543122344752192e-15,0,58
1000,1000,0.1306656888081581,0.16035979826924907,0.08602314683002987,0.13808225965021848,-0.029694109461090967,-0.0520591128201886,0.025205360524628635,-1.1780870752503734,-2.0653984603521405,0.23876189413912874,0.038885314141060466,0.348,0.242,0.046,True,999,0.00013349996879696846,0.009575666976161301,weak_10x10_bal_strong_1000,weak_null,False,1034,2587230331,-1.5543122344752192e-15,0,55
1000,1000,0.1356564815127559,0.1175344959974039,0.09225662775452292,0.10019196422985033,0.01812198551535199,-0.007935336475327404,0.023975257380440387,0.7558619800318123,-0.33098024139675136,0.4497319512637272,0.7406594102947701,0.578,0.457,0.736,True,999,0.00012749992311000824,0.00962433300446719,weak_10x10_bal_strong_1000,weak_null,False,1035,2587230331,-1.5543122344752192e-15,1,62
1000,1000,0.13862684358258237,0.14259837391230656,0.09446011693398759,0.12067255119291076,-0.003971530329724193,-0.026212434258923167,0.02446191038106771,-0.1623556896356696,-1.0715612088584168,0.871025762363981,0.283917164494893,0.891,0.867,0.301,True,999,0.0001194999786093831,0.009564833017066121,weak_10x10_bal_strong_1000,weak_null,False,1036,2587230331,-1.5543122344752192e-15,1,56
1000,1000,0.12900751797721677,0.16225076857078535,0.08681196496763732,0.14258577151008467,-0.033243250593568585,-0.055773806542447346,0.024871011349022643,-1.3366264092382776,-2.2425226606090183,0.18134461412377134,0.02492761242695745,0.292,0.202,0.026,True,999,0.00011887506116181612,0.009448166005313396,weak_10x10_bal_strong_1000,weak_null,False,1037,2587230331,-1.5543122344752192e-15,2,56
1000,1000,0.14727344103751117,0.1707329025435972,0.1037918712136161,0.1485989231680378,-0.02345946150608602,-0.044807051954421695,0.0260590802195293,-0.9002413480620447,-1.7194410384769534,0.3679918263242049,0.0855340950835081,0.45,0.37,0.074,True,999,0.00012324994895607233,0.00955983402673155,weak_10x10_bal_strong_1000,weak_null,False,1038,2587230331,-1.5543122344752192e-15,1,55
1000,1000,0.16197772918259323,0.12054769913688357,0.1180014007572936,0.09961697314713547,0.041430030045709665,0.018384427610158127,0.024041714816203673,1.7232560307131914,0.7646886984021357,0.0848422352670896,0.44445693753575577,0.19,0.093,0.463,True,999,0.0001252919901162386,0.009550165967084467,weak_10x10_bal_strong_1000,weak_null,False,1039,2587230331,-1.5543122344752192e-15,1,58
1000,1000,0.1312306960762144,0.17936099295999441,0.08690198755539313,0.15100876194094326,-0.04813029688378001,-0.06410677438555012,0.025212411942682575,-1.9089921659696234,-2.542667259732598,0.05626310227499084,0.01100099349132865,0.133,0.061,0.011,True,999,0.00011754198931157589,0.009605790954083204,weak_10x10_bal_strong_1000,weak_null,False,1040,2587230331,-1.5543122344752192e-15,0,49
1000,1000,0.14369889338802233,0.1641369004006139,0.101203261685896,0.13449546953700064,-0.020438007012591575,-0.03329220785110465,0.02503334669774025,-0.816431269033497,-1.3299143839249399,0.41425351865348914,0.18354648164231724,0.531,0.442,0.208,True,999,0.00015045807231217623,0.00962224998511374,weak_10x10_bal_strong_1000,weak_null,False,1041,2587230331,-1.5543122344752192e-15,2,48
1000,1000,0.12859166059358174,0.14859882375848565,0.08452309341873843,0.12280687770839904,-0.02000716316490392,-0.038283784289660616,0.023815773801677636,-0.8400803321156237,-1.607496972740135,0.40086334681772795,0.1079453929450778,0.538,0.407,0.118,True,999,0.00014187500346451998,0.009510208037681878,weak_10x10_bal_strong_1000,weak_null,False,1042,2587230331,-1.5543122344752192e-15,0,51
1000,1000,0.14871334312129525,0.1199522020918552,0.10535079830606264,0.09638172066865991,0.02876114102944005,0.008969077637402734,0.023812850435440607,1.2077991716033674,0.37664863606811544,0.2271245202131531,0.7064347387053223,0.376,0.244,0.705,True,999,0.00013383396435528994,0.009473958984017372,weak_10x10_bal_strong_1000,weak_null,False,1043,2587230331,-1.5543122344752192e-15,2,55
1000,1000,0.1344719360888207,0.12762358012035213,0.09001216174601723,0.10322194752495761,0.006848355968468556,-0.013209785778940386,0.023710757061611572,0.28882907241946526,-0.5571220583389733,0.77271218322809,0.577444037449732,0.844,0.802,0.605,True,999,0.0001294589601457119,0.009574959054589272,weak_10x10_bal_strong_1000,weak_null,False,1044,2587230331,-1.5543122344752192e-15,0,55
1000,1000,0.13390783736597145,0.1357808959674488,0.09061144156203227,0.10700054951257698,-0.001873058601477351,-0.016389107950544712,0.024039491914442976,-0.07791589806238848,-0.6817576681268418,0.9378949530317565,0.49539219578389615,0.946,0.927,0.513,True,999,0.00012574996799230576,0.009540083003230393,weak_10x10_bal_strong_1000,weak_null,False,1045,2587230331,-1.5543122344752192e-15,1,50
1000,1000,0.1584547257490998,0.11670592263286472,0.11600822734362737,0.09743901469732918,0.04174880311623508,0.018569212646298183,0.023661006603268895,1.764455917546097,0.784802310301234,0.0776552509024716,0.4325694853564468,0.173,0.072,0.446,True,999,0.00012908410280942917,0.009524499997496605,weak_10x10_bal_strong_1000,weak_null,False,1046,2587230331,-1.5543122344752192e-15,2,57
1000,1000,0.14361306581438393,0.14307824118486234,0.10010517169257582,0.11444154170874299,0.0005348246295215908,-0.014336370016167166,0.024921357629624035,0.02146049334350246,-0.5752644069087758,0.9828783179437894,0.5651124895750144,0.988,0.985,0.59,True,999,0.00012874999083578587,0.009528917027637362,weak_10x10_bal_strong_1000,weak_null,False,1047,2587230331,-1.5543122344752192e-15,1,48
1000,1000,0.1552169175916953,0.1476059682027947,0.10951907039770958,0.12279722662879067,0.007610949388900612,-0.013278156231081084,0.026249236572661462,0.28994936168267094,-0.5058492346748957,0.7718549776751037,0.6129624922861867,0.799,0.768,0.618,True,999,0.00012625008821487427,0.009476166917011142,weak_10x10_bal_strong_1000,weak_null,False,1048,2587230331,-1.5543122344752192e-15,0,54
1000,1000,0.1535418455648836,0.1380984877917939,0.11091574135207338,0.11282502867345556,0.015443357773089694,-0.0019092873213821804,0.02455228128634792,0.6289988939511229,-0.07776415149022518,0.5293497803194112,0.938015663029093,0.609,0.54,0.941,True,999,0.0001266660401597619,0.009557291981764138,weak_10x10_bal_strong_1000,weak_null,False,1049,2587230331,-1.5543122344752192e-15,2,53
1000,1000,0.15110847918833592,0.09786290792263752,0.1087018147627532,0.07528230365755917,0.0532455712656984,0.03341951110519403,0.02266084345621261,2.3496729664358895,1.4747690733476149,0.018789911817900438,0.14027463849194716,0.081,0.019,0.136,True,999,0.00011616596020758152,0.00942166696768254,weak_10x10_bal_strong_1000,weak_null,False,1050,2587230331,-1.5543122344752192e-15,2,55
1000,1000,0.14626909491129592,0.1482713445208499,0.10239965739765466,0.11753802326836649,-0.0020022496095539744,-0.015138365870711823,0.024913951826633054,-0.08036660034854713,-0.6076260392592108,0.9359456900152113,0.5434355265723394,0.954,0.936,0.543,True,999,0.0001282090088352561,0.009568792069330812,weak_10x10_bal_strong_1000,weak_null,False,1051,2587230331,-1.5543122344752192e-15,1,49
1000,1000,0.14942993521543224,0.12364469885035079,0.10652551770090213,0.10576105681406034,0.025785236365081454,0.000764460886841789,0.024458448326370428,1.0542466153619614,0.03125549407881154,0.2917700229947341,0.9750657836308894,0.417,0.294,0.966,True,999,0.00012799992691725492,0.009610667009837925,weak_10x10_bal_strong_1000,weak_null,False,1052,2587230331,-1.5543122344752192e-15,2,60
1000,1000,0.14510036252966563,0.12228677063756965,0.1019850278926242,0.09367225220017872,0.022813591892095975,0.008312775692445484,0.024720439414521265,0.9228635263940668,0.3362713563886894,0.35607833019167945,0.7366662478044849,0.48,0.369,0.759,True,999,0.00012404099106788635,0.00954508304130286,weak_10x10_bal_strong_1000,weak_null,False,1053,2587230331,-1.5543122344752192e-15,1,51
1000,1000,0.12185132667840293,0.1506834440604613,0.07712619452240688,0.12685231164999777,-0.028832117382058375,-0.049726117127590896,0.025304963315315374,-1.1393858597142583,-1.96507366985571,0.2545422511083,0.049405711569303096,0.337,0.249,0.056,True,999,0.00012170791160315275,0.00937762507237494,weak_10x10_bal_strong_1000,weak_null,False,1054,2587230331,-1.5543122344752192e-15,0,55
1000,1000,0.14732798961825155,0.10201254789170044,0.10287692972633522,0.0794851211628611,0.04531544172655111,0.023391808563474115,0.023238718448643406,1.9499974504487558,1.0065877176131306,0.05117642292354663,0.31413293923065977,0.14,0.061,0.335,True,999,0.0001259170239791274,0.009545334032736719,weak_10x10_bal_strong_1000,weak_null,False,1055,2587230331,-1.5543122344752192e-15,0,57
1000,1000,0.15205578809027287,0.12001508212655854,0.10889454117932473,0.09777993268073715,0.03204070596371433,0.011114608498587586,0.02379102198528313,1.3467561832162727,0.4671765889444751,0.17805877090369215,0.6403735417470975,0.306,0.174,0.654,True,999,0.00011837494093924761,0.00954900006763637,weak_10x10_bal_strong_1000,weak_null,False,1056,2587230331,-1.5543122344752192e-15,1,58
1000,1000,0.1243281642473204,0.10289911000883767,0.07989772530390837,0.0820392175374991,0.021429054238482736,-0.002141492233590725,0.02251971475854696,0.9515686352265948,-0.09509411005208045,0.3413157945621572,0.9242400763739231,0.462,0.315,0.925,True,999,0.0001271669752895832,0.009489667019806802,weak_10x10_bal_strong_1000,weak_null,False,1057,2587230331,-1.5543122344752192e-15,0,57
1000,1000,0.13333850202606,0.12853895488997047,0.09033197505505086,0.10447419586313345,0.004799547136089544,-0.014142220808082584,0.024250618569203686,0.19791442112674926,-0.5831694877277092,0.8431120209273952,0.5597792093511936,0.887,0.841,0.573,True,999,0.00012416706886142492,0.009585874970071018,weak_10x10_bal_strong_1000,weak_null,False,1058,2587230331,-1.5543122344752192e-15,1,55
1000,1000,0.12157704620831744,0.15142672484003838,0.07767076528625694,0.12469415624923386,-0.029849678631720944,-0.04702339096297692,0.023848005379338018,-1.2516635314743259,-1.9717955533387344,0.210692493985699,0.04863295017668373,0.343,0.219,0.057,True,999,0.0001267079496756196,0.009382457938045263,weak_10x10_bal_strong_1000,weak_null,False,1059,2587230331,-1.5543122344752192e-15,0,51
1000,1000,0.1443860488452673,0.12742663657178166,0.1006844517933132,0.10559360864800738,0.01695941227348563,-0.004909156854694174,0.02384461024630503,0.7112472000297705,-0.2058811951205996,0.47693106432021637,0.8368837148985574,0.583,0.475,0.839,True,999,0.00012858398258686066,0.00956724991556257,weak_10x10_bal_strong_1000,weak_null,False,1060,2587230331,-1.5543122344752192e-15,0,57
1000,1000,0.13399775654618873,0.14757500021194114,0.09032606548953481,0.11697238836802626,-0.013577243665752414,-0.026646322878491446,0.024436830723741566,-0.5556057501581604,-1.0904164774773044,0.5784803996908292,0.27552972673726495,0.652,0.555,0.283,True,999,0.00012604205403476954,0.009559499914757907,weak_10x10_bal_strong_1000,weak_null,False,1061,2587230331,-1.5543122344752192e-15,0,48
1000,1000,0.1391089433134729,0.11647395328918586,0.09545423465851854,0.09703532450271268,0.02263499002428704,-0.001581089844194139,0.023548098441958053,0.96122368776733,-0.06714299450086168,0.33643970848437865,0.9464678664378401,0.513,0.367,0.955,True,999,0.00011999998241662979,0.009445167030207813,weak_10x10_bal_strong_1000,weak_null,False,1062,2587230331,-1.5543122344752192e-15,0,58
1000,1000,0.15679586387162203,0.139215966922153,0.11382665931341762,0.12013045030357716,0.017579896949469043,-0.006303790990159541,0.025108760366706416,0.7001499354296894,-0.251059426992589,0.48383367350474815,0.8017681639952524,0.557,0.479,0.794,True,999,0.00013212498743087053,0.009693583007901907,weak_10x10_bal_strong_1000,weak_null,False,1063,2587230331,-1.5543122344752192e-15,2,61
1000,1000,0.1642130869483691,0.14825928815789746,0.12061882883426733,0.1145494366667208,0.01595379879047165,0.006069392167546539,0.025949769031519687,0.6147954061207055,0.23389002654221694,0.5386898434955011,0.8150703561594067,0.602,0.54,0.816,True,999,0.00012770795729011297,0.009540374972857535,weak_10x10_bal_strong_1000,weak_null,False,1064,2587230331,-1.5543122344752192e-15,1,46
1000,1000,0.13133297691439427,0.16653718885722923,0.08770213241768943,0.14572446562681307,-0.03520421194283496,-0.058022333209123644,0.02581531454297863,-1.3636948674100107,-2.2475935016218824,0.1726636201123536,0.02460212232730699,0.251,0.162,0.032,True,999,0.00012741691898554564,0.009545750101096928,weak_10x10_bal_strong_1000,weak_null,False,1065,2587230331,-1.5543122344752192e-15,1,59
1000,1000,0.14626397376433964,0.13554405931179137,0.10291440146875175,0.11025862588064683,0.010719914452548274,-0.007344224411895084,0.0239662319704982,0.44729244320693407,-0.30644051267364975,0.6546639224624221,0.7592692663757316,0.752,0.678,0.769,True,999,0.00013145804405212402,0.00954283308237791,weak_10x10_bal_strong_1000,weak_null,False,1066,2587230331,-1.5543122344752192e-15,2,53
1000,1000,0.12913493397830855,0.16052202141409544,0.08620161736871523,0.13378038787550395,-0.03138708743578689,-0.047578770506788715,0.025214888188369505,-1.2447839229469333,-1.8869316473405844,0.21321118735176925,0.05916951981598733,0.335,0.225,0.072,True,999,0.00013154197949916124,0.009542458923533559,weak_10x10_bal_strong_1000,weak_null,False,1067,2587230331,-1.5543122344752192e-15,1,50
1000,1000,0.1256912698985695,0.11757440809278757,0.08340497209701425,0.09558926490905151,0.008116861805781916,-0.012184292812037256,0.023430597465903365,0.3464214609804006,-0.5200163090065485,0.7290259989172013,0.6030522080087879,0.798,0.734,0.606,True,999,0.00012808304745703936,0.00954208301845938,weak_10x10_bal_strong_1000,weak_null,False,1068,2587230331,-1.5543122344752192e-15,2,56
1000,1000,0.15627248615814926,0.09939777870327016,0.11165377357883699,0.07609143144230757,0.0568747074548791,0.03556234213652942,0.023199114382142744,2.4515895959656877,1.5329180912139961,0.014222677387795058,0.1252960377591785,0.061,0.014,0.121,True,999,0.00012929202057421207,0.009584874962456524,weak_10x10_bal_strong_1000,weak_null,False,1069,2587230331,-1.5543122344752192e-15,0,55
1000,1000,0.14761991393224472,0.1378432288195458,0.10281245941132511,0.11632090798309491,0.009776685112698913,-0.013508448571769804,0.024545764618326575,0.39830436186124585,-0.5503372488826038,0.6904058456053295,0.5820880801688851,0.771,0.7,0.604,True,999,0.0001189579488709569,0.009503624984063208,weak_10x10_bal_strong_1000,weak_null,False,1070,2587230331,-1.5543122344752192e-15,0,57
1000,1000,0.1499648857890583,0.1353617504622993,0.10474166241965577,0.11248575507642045,0.014603135326758998,-0.007744092656764678,0.024716737124750088,0.5908197046015494,-0.3133137119870946,0.5546412308314337,0.7540423335574332,0.656,0.573,0.763,True,999,0.00012237508781254292,0.009568999987095594,weak_10x10_bal_strong_1000,weak_null,False,1071,2587230331,-1.5543122344752192e-15,0,57
1000,1000,0.13778385477160837,0.16146657779129314,0.09438684599490443,0.13577959331723832,-0.02368272301968477,-0.04139274732233389,0.02535557345862127,-0.934024350044124,-1.6324910730133673,0.3502913325450111,0.10257607752684447,0.46,0.349,0.101,True,999,0.00011720904149115086,0.009625667007640004,weak_10x10_bal_strong_1000,weak_null,False,1072,2587230331,-1.5543122344752192e-15,1,51
1000,1000,0.15573904612737355,0.13663011335144404,0.11175104425456084,0.11323889404252441,0.01910893277592951,-0.0014878497879635688,0.024840902116536747,0.7692527705428448,-0.05989515924114115,0.44174326885929094,0.9522391353410495,0.564,0.479,0.942,True,999,0.00012791703920811415,0.00957158301025629,weak_10x10_bal_strong_1000,weak_null,False,1073,2587230331,-1.5543122344752192e-15,2,56
1000,1000,0.13128404424061912,0.1134055848193235,0.08755660621500283,0.09045928201328479,0.017878459421295623,-0.0029026757982819618,0.02390458601745244,0.7479091839633943,-0.12142757026466613,0.45451493761556616,0.9033523805351285,0.586,0.478,0.92,True,999,0.00012004096060991287,0.009357584058307111,weak_10x10_bal_strong_1000,weak_null,False,1074,2587230331,-1.5543122344752192e-15,1,57
1000,1000,0.15613210269811217,0.16516616554095032,0.11262586388420459,0.1409833086462413,-0.009034062842838142,-0.02835744476203672,0.02551612100695587,-0.3540531431237293,-1.11135406335102,0.7232990568376552,0.266415976937173,0.771,0.731,0.281,True,999,0.00013437506277114153,0.009503458975814283,weak_10x10_bal_strong_1000,weak_null,False,1075,2587230331,-1.5543122344752192e-15,1,52
1000,1000,0.1557792418969366,0.17006825270307835,0.11231017055024495,0.14836691417866632,-0.014289010806141755,-0.03605674362842137,0.026894391705806077,-0.5313007619747347,-1.3406789052097166,0.5952103774673404,0.18002472636534705,0.659,0.614,0.202,True,999,0.00012504204642027617,0.009618874988518655,weak_10x10_bal_strong_1000,weak_null,False,1076,2587230331,-1.5543122344752192e-15,1,58
1000,1000,0.13426246632536465,0.11302446123540222,0.09137661745626247,0.08756928559387234,0.02123800508996243,0.0038073318623901287,0.02372150421420069,0.8953060016003735,0.16050128305568834,0.3706235329431181,0.8724862109972907,0.501,0.378,0.875,True,999,0.00012454192619770765,0.009437749977223575,weak_10x10_bal_strong_1000,weak_null,False,1077,2587230331,-1.5543122344752192e-15,1,54
1000,1000,0.12559736788740672,0.11776947429099505,0.0827183892292851,0.08775987645321948,0.007827893596411672,-0.005041487223934382,0.022986520372719463,0.34054278200809646,-0.21932363586085213,0.7334478104690902,0.8263979513323823,0.811,0.736,0.831,True,999,0.00012687500566244125,0.00970083405263722,weak_10x10_bal_strong_1000,weak_null,False,1078,2587230331,-1.5543122344752192e-15,1,49
1000,1000,0.12900167740020896,0.16166880280204454,0.0854154788953565,0.13986873613941952,-0.032667125401835584,-0.054453257244063025,0.025682236009743183,-1.2719735691799776,-2.1202693263703694,0.2033825103860495,0.03398333888943567,0.293,0.184,0.032,True,999,0.00012820796109735966,0.009433416998945177,weak_10x10_bal_strong_1000,weak_null,False,1079,2587230331,-1.5543122344752192e-15,0,56
1000,1000,0.15013580538133642,0.16174184594667207,0.10622598117834059,0.1350481976695619,-0.011606040565335651,-0.028822216491221297,0.025910367801579497,-0.44793036726511254,-1.1123816038406176,0.6542034514553979,0.26597411080421907,0.703,0.641,0.248,True,999,0.00013512501027435064,0.009544583037495613,weak_10x10_bal_strong_1000,weak_null,False,1080,2587230331,-1.5543122344752192e-15,1,52
1000,1000,0.12303279800278011,0.13638516788663502,0.08077860990579211,0.11275826893324847,-0.013352369883854909,-0.031979659027456364,0.02372133381088399,-0.5628844478268115,-1.3481391595603798,0.5735135710080652,0.177613628461598,0.7,0.609,0.19,True,999,0.00011954095680266619,0.009524749941192567,weak_10x10_bal_strong_1000,weak_null,False,1081,2587230331,-1.5543122344752192e-15,2,55
1000,1000,0.12311486208805933,0.14933178271268244,0.07924952212260905,0.12342393059054757,-0.026216920624623108,-0.04417440846793852,0.02472847729130073,-1.0601914673430377,-1.7863780267408016,0.28905750215477366,0.07403807093740125,0.429,0.311,0.073,True,999,0.0001312500098720193,0.00959274999331683,weak_10x10_bal_strong_1000,weak_null,False,1082,2587230331,-1.5543122344752192e-15,0,54
1000,1000,0.13325685376434748,0.15116741211520368,0.0892919762177371,0.12849669358479332,-0.0179105583508562,-0.03920471736705622,0.025409098419291107,-0.7048875979502734,-1.5429401201142656,0.4808801887680748,0.1228453052724876,0.563,0.472,0.116,True,999,0.00012633309233933687,0.009425583062693477,weak_10x10_bal_strong_1000,weak_null,False,1083,2587230331,-1.5543122344752192e-15,0,56
1000,1000,0.15720770343802792,0.0772198942133116,0.11388107586981278,0.06329526337742664,0.07998780922471632,0.05058581249238614,0.02211693742917021,3.6165861336307685,2.2871978841730636,0.00029851401513217193,0.022184275470016487,0.011,0.002,0.025,True,999,0.00012704194523394108,0.009626000071875751,weak_10x10_bal_strong_1000,weak_null,False,1084,2587230331,-1.5543122344752192e-15,2,67
1000,1000,0.15646901637832755,0.12021527254155051,0.11308731160988827,0.090476100032447,0.03625374383677704,0.02261121157744128,0.0249596763102241,1.4524925478270971,0.9059096478818986,0.14636469978191374,0.36498367732169623,0.267,0.146,0.356,True,999,0.00012558302842080593,0.00940274994354695,weak_10x10_bal_strong_1000,weak_null,False,1085,2587230331,-1.5543122344752192e-15,0,49
1000,1000,0.10373757640012515,0.12130738169205268,0.060362821075159445,0.09499986985849773,-0.01756980529192753,-0.03463704878333829,0.02300855195868409,-0.7636206452051921,-1.505398898876175,0.4450933426130057,0.13222155202113897,0.581,0.467,0.153,True,999,0.0001222500577569008,0.009517375030554831,weak_10x10_bal_strong_1000,weak_null,False,1086,2587230331,-1.5543122344752192e-15,0,54
1000,1000,0.14376739018395313,0.12743643857094455,0.09985680719319134,0.10589684051399217,0.01633095161300857,-0.0060400333208008306,0.02441150981155283,0.6689857259578387,-0.24742563517895827,0.503504583435082,0.8045788368128188,0.626,0.509,0.807,True,999,0.00012637500185519457,0.009582291939295828,weak_10x10_bal_strong_1000,weak_null,False,1087,2587230331,-1.5543122344752192e-15,0,56
1000,1000,0.1314834660116131,0.15362895022800926,0.08708637623840332,0.13432422686605605,-0.022145484216396172,-0.04723785062765273,0.024903698204075383,-0.88924480351967,-1.8968207147612504,0.3738715287195482,0.05785160439654877,0.504,0.418,0.07,True,999,0.00012979190796613693,0.010181999998167157,weak_10x10_bal_strong_1000,weak_null,False,1088,2587230331,-1.5543122344752192e-15,0,61
1000,1000,0.16246671367869325,0.1477201350039581,0.11963784798899724,0.12712958705560595,0.014746578674735167,-0.007491739066608716,0.02573277513060813,0.5730660062852951,-0.2911360717444573,0.5666000028411178,0.7709472529540927,0.661,0.594,0.78,True,999,0.00016404199413955212,0.009584042010828853,weak_10x10_bal_strong_1000,weak_null,False,1089,2587230331,-1.5543122344752192e-15,2,56
1000,1000,0.15508106705913427,0.14049160507817438,0.11244346535750083,0.11616425282829823,0.014589461980959895,-0.0037207874707974042,0.024442781531791125,0.5968822313444293,-0.15222438845423625,0.5505860112480399,0.8790099589124791,0.665,0.585,0.885,True,999,0.00013887498062103987,0.009712375001981854,weak_10x10_bal_strong_1000,weak_null,False,1090,2587230331,-1.5543122344752192e-15,3,54
1000,1000,0.1636179402700817,0.11593428369724468,0.12016857601565789,0.09758762111238184,0.04768365657283702,0.02258095490327605,0.024553085673428215,1.9420637066583089,0.9196789032391787,0.05212938847776767,0.3577405803825372,0.128,0.062,0.351,True,999,0.0001335840206593275,0.009572834009304643,weak_10x10_bal_strong_1000,weak_null,False,1091,2587230331,-1.5543122344752192e-15,2,61
1000,1000,0.16718495490892815,0.15071138519713034,0.12362064451508559,0.12309694018426853,0.01647356971179781,0.0005237043308170541,0.02516605534777794,0.6545948295886728,0.020809949099285244,0.5127286538952258,0.9833972612249232,0.595,0.514,0.984,True,999,0.00013033393770456314,0.009677666006609797,weak_10x10_bal_strong_1000,weak_null,False,1092,2587230331,-1.5543122344752192e-15,1,50
1000,1000,0.14251644061077418,0.15392230386087113,0.09929974355827653,0.12817670006086246,-0.01140586325009696,-0.028876956502585927,0.02635012167969403,-0.4328580865296938,-1.0958946168677137,0.6651178711642836,0.27312489513315674,0.736,0.677,0.289,True,999,0.0001353750703856349,0.009510374977253377,weak_10x10_bal_strong_1000,weak_null,False,1093,2587230331,-1.5543122344752192e-15,0,51
1000,1000,0.14581257179803053,0.15747090170628675,0.10123983154198868,0.1340011894054669,-0.011658329908256215,-0.032761357863478224,0.025450233997654385,-0.45808340737970044,-1.2872713809428105,0.6468925192306364,0.19799971504370584,0.722,0.664,0.209,True,999,0.00013733399100601673,0.009659499977715313,weak_10x10_bal_strong_1000,weak_null,False,1094,2587230331,-1.5543122344752192e-15,0,54
1000,1000,0.13367790212837294,0.1247227964062001,0.09056484992743208,0.10396344464209051,0.00895510572217284,-0.01339859471465843,0.024088987421688482,0.37175102321279496,-0.5562124501171446,0.7100782321015104,0.578065629114064,0.788,0.738,0.618,True,999,0.0001265830360352993,0.009467041003517807,weak_10x10_bal_strong_1000,weak_null,False,1095,2587230331,-1.5543122344752192e-15,1,57
1000,1000,0.1443435670326556,0.14509529193020687,0.10107829027720072,0.12202688538843631,-0.0007517248975512647,-0.02094859511123559,0.024492516930946878,-0.030692023186945007,-0.8553059356985293,0.9755151527418628,0.39238180237021836,0.979,0.977,0.38,True,999,0.00012799992691725492,0.009591875015757978,weak_10x10_bal_strong_1000,weak_null,False,1096,2587230331,-1.5543122344752192e-15,2,55
1000,1000,0.13668648071528589,0.1401667895078943,0.09229714821685775,0.11233716223989632,-0.003480308792608411,-0.020040014023038566,0.02515514064467343,-0.138353779919945,-0.7966568068973217,0.8899608239138352,0.4256503757564256,0.91,0.899,0.418,True,999,0.00012520805466920137,0.009443999966606498,weak_10x10_bal_strong_1000,weak_null,False,1097,2587230331,-1.5543122344752192e-15,0,50
1000,1000,0.11457043789878751,0.150683944995319,0.07096870645909803,0.12915766668731976,-0.036113507096531494,-0.05818896022822173,0.02379272341144614,-1.5178383101430963,-2.4456620296030653,0.12905516470590322,0.014458646470091006,0.252,0.144,0.016,True,999,0.000140791991725564,0.009464125032536685,weak_10x10_bal_strong_1000,weak_null,False,1098,2587230331,-1.5543122344752192e-15,0,54
1000,1000,0.13883343735997977,0.1328229043402429,0.09609965799654674,0.11422515620768081,0.006010533019736863,-0.018125498211134072,0.02327506234185219,0.25823918026328924,-0.7787518651901353,0.7962223216285569,0.4361258974160831,0.836,0.791,0.445,True,999,0.0001284999307245016,0.009503250010311604,weak_10x10_bal_strong_1000,weak_null,False,1099,2587230331,-1.5543122344752192e-15,2,59
1000,1000,0.1363731459903188,0.1442204989663537,0.09279145793789212,0.11956019403908158,-0.007847352976034894,-0.02676873610118946,0.024815533983231088,-0.3162274477485628,-1.078708849032958,0.7518298756023389,0.2807175396379583,0.785,0.727,0.259,True,999,0.00012504099868237972,0.009507166920229793,weak_10x10_bal_strong_1000,weak_null,False,1100,2587230331,-1.5543122344752192e-15,0,53
1000,1000,0.1367715390487665,0.07156069352116279,0.09369719808364607,0.05499132739998913,0.0652108455276037,0.03870587068365694,0.02109813789444101,3.090834170004435,1.8345633570749984,0.0019959507075454404,0.0665704121910227,0.045,0.003,0.086,True,999,0.00012962508480995893,0.009506791946478188,weak_10x10_bal_strong_1000,weak_null,False,1101,2587230331,-1.5543122344752192e-15,1,64
1000,1000,0.13911207225053124,0.07964733272186247,0.09578555893358498,0.057598182177855506,0.059464739528668764,0.038187376755729474,0.021908564754000073,2.714223418848634,1.7430341596775394,0.0066431346821203925,0.081327648080744,0.046,0.009,0.068,True,999,0.00013100006617605686,0.009621249977499247,weak_10x10_bal_strong_1000,weak_null,False,1102,2587230331,-1.5543122344752192e-15,0,58
1000,1000,0.14661081385857777,0.10988470895943236,0.10294363392404193,0.08331637688536375,0.036726104899145406,0.01962725703867818,0.02347422597390826,1.5645288982037868,0.8361194554612361,0.1176934119011682,0.4030877043290818,0.245,0.133,0.401,True,999,0.00012762495316565037,0.009436625055968761,weak_10x10_bal_strong_1000,weak_null,False,1103,2587230331,-1.5543122344752192e-15,0,52
1000,1000,0.16647744055302383,0.1458735888268472,0.1235786217534951,0.11602745126367608,0.020603851726176625,0.007551170489819015,0.02417329685345137,0.8523393334010577,0.31237652586642883,0.39402578099189556,0.7547543880744212,0.492,0.401,0.749,True,999,0.00012924999464303255,0.00959066697396338,weak_10x10_bal_strong_1000,weak_null,False,1104,2587230331,-1.5543122344752192e-15,4,48
1000,1000,0.13453577150832707,0.14562663020379196,0.09064682225061915,0.12192378384810354,-0.011090858695464889,-0.03127696159748439,0.02560663645369619,-0.43312438615357385,-1.2214396706901236,0.6649244074406742,0.2219195946305077,0.704,0.654,0.199,True,999,0.00012929108925163746,0.009680791990831494,weak_10x10_bal_strong_1000,weak_null,False,1105,2587230331,-1.5543122344752192e-15,1,55
1000,1000,0.13332085474573319,0.1267084806034975,0.08941502535071777,0.09417978959868378,0.0066123741422357,-0.0047647642479660135,0.024004575649938048,0.27546307165204004,-0.19849400037106302,0.7829604932872807,0.842658578378026,0.851,0.809,0.853,True,999,0.0001271669752895832,0.009479874977841973,weak_10x10_bal_strong_1000,weak_null,False,1106,2587230331,-1.5543122344752192e-15,0,45
1000,1000,0.1484364790182573,0.15587380243047622,0.10273357857522569,0.13224193353568126,-0.007437323412218921,-0.029508354960455563,0.0259819648102612,-0.28624946059820916,-1.1357245372298275,0.7746870637649482,0.2560718680107468,0.815,0.772,0.263,True,999,0.00012250000145286322,0.009573958930559456,weak_10x10_bal_strong_1000,weak_null,False,1107,2587230331,-1.5543122344752192e-15,0,55
1000,1000,0.18294097497548112,0.14733688017875668,0.13839753895308604,0.12206602117930743,0.03560409479672444,0.016331517773778614,0.026215973142519354,1.358106929815953,0.6229605776979811,0.17442975662816995,0.5333104281903602,0.263,0.184,0.555,True,999,0.00012820796109735966,0.009654583060182631,weak_10x10_bal_strong_1000,weak_null,False,1108,2587230331,-1.5543122344752192e-15,1,53
1000,1000,0.16327246779936644,0.10299689627181974,0.12079680052147523,0.08317577983837054,0.0602755715275467,0.03762102068310469,0.023522062030426696,2.5625122257384545,1.5993929713492145,0.010391792890341813,0.10973331305730169,0.05,0.012,0.106,True,999,0.00012579199392348528,0.009537250036373734,weak_10x10_bal_strong_1000,weak_null,False,1109,2587230331,-1.5543122344752192e-15,2,58
1000,1000,0.13056220488747083,0.13676849448295747,0.08707667738417513,0.10576994870461931,-0.006206289595486636,-0.018693271320444182,0.024220195777172396,-0.256244402505453,-0.7718051287621153,0.7977621245997666,0.4402298536429555,0.854,0.819,0.482,True,999,0.00012524996418505907,0.009435915970243514,weak_10x10_bal_strong_1000,weak_null,False,1110,2587230331,-1.5543122344752192e-15,1,47
1000,1000,0.1361983892154046,0.1569242743867062,0.09264385803226105,0.1320057096228311,-0.020725885171301583,-0.03936185159057004,0.025734120154081757,-0.8053854201039858,-1.5295588640642432,0.4205973026150466,0.12612595820969857,0.491,0.406,0.118,True,999,0.00013695808593183756,0.009524458087980747,weak_10x10_bal_strong_1000,weak_null,False,1111,2587230331,-1.5543122344752192e-15,0,53
1000,1000,0.12592281856767285,0.12829450319632107,0.0823982759966384,0.10132932268084005,-0.0023716846286482296,-0.018931046684201647,0.023862192025725804,-0.09939089527447097,-0.7933490210703235,0.9208279114885758,0.42757450340237124,0.952,0.935,0.448,True,999,0.00013058295007795095,0.009510625037364662,weak_10x10_bal_strong_1000,weak_null,False,1112,2587230331,-1.5543122344752192e-15,0,52
1000,1000,0.1245476128309333,0.13875449423606034,0.08161299552739365,0.11500602559976869,-0.014206881405127048,-0.03339303007237504,0.024363194848989564,-0.5831288340131738,-1.3706342817251647,0.5598065744212785,0.17048899066148804,0.657,0.564,0.197,True,999,0.00012670911382883787,0.009599042008630931,weak_10x10_bal_strong_1000,weak_null,False,1113,2587230331,-1.5543122344752192e-15,1,53
1000,1000,0.1424023253854605,0.11112910366472334,0.09814293960289433,0.09568478064949204,0.031273221720737154,0.0024581589534022896,0.02374513437560469,1.3170370496141173,0.10352263813372041,0.18782620593395039,0.9175481833860375,0.345,0.213,0.927,True,999,0.00012987502850592136,0.009425624972209334,weak_10x10_bal_strong_1000,weak_null,False,1114,2587230331,-1.5543122344752192e-15,1,64
1000,1000,0.1510004390614772,0.17609900466913175,0.1080026503937006,0.14968369027178596,-0.025098565607654555,-0.04168103987808536,0.026002479418494467,-0.965237399238282,-1.6029640561291778,0.3344259186710734,0.10894258995166207,0.429,0.355,0.111,True,999,0.00012779096141457558,0.009597458061762154,weak_10x10_bal_strong_1000,weak_null,False,1115,2587230331,-1.5543122344752192e-15,1,52
1000,1000,0.1488177042117691,0.11817759121712074,0.10388395477593804,0.09184439335859906,0.03064011299464836,0.012039561417338973,0.024065554768081435,1.273193711506991,0.500281898064002,0.20294931151140227,0.6168765983746141,0.318,0.211,0.633,True,999,0.00011849997099488974,0.009616791037842631,weak_10x10_bal_strong_1000,weak_null,False,1116,2587230331,-1.5543122344752192e-15,0,52
1000,1000,0.13701454223675125,0.17135329692021972,0.09361508575693733,0.14722074677263208,-0.034338754683468475,-0.05360566101569475,0.025140219524945096,-1.365889213870875,-2.1322670218732633,0.1719737387083351,0.032984901486451945,0.276,0.177,0.047,True,999,0.00011991697829216719,0.00941324990708381,weak_10x10_bal_strong_1000,weak_null,False,1117,2587230331,-1.5543122344752192e-15,1,52
1000,1000,0.16221650298604962,0.10475650296706063,0.11781873549762167,0.08011073663664092,0.05746000001898899,0.03770799886098075,0.023186326309384674,2.4781847392414225,1.6263032943566582,0.01320527524190382,0.1038851513196664,0.052,0.007,0.092,True,999,0.00012874999083578587,0.009553374955430627,weak_10x10_bal_strong_1000,weak_null,False,1118,2587230331,-1.5543122344752192e-15,1,56
1000,1000,0.1387776860064407,0.12661760591252114,0.09574527491122353,0.10328757391505405,0.012160080093919556,-0.0075422990038305215,0.02432726433538346,0.4998539879485337,-0.3100348193635738,0.6171778927658536,0.7565344780194978,0.704,0.619,0.755,True,999,0.00012504099868237972,0.009527374990284443,weak_10x10_bal_strong_1000,weak_null,False,1119,2587230331,-1.5543122344752192e-15,1,55
1000,1000,0.16479428180741973,0.09576974362455226,0.12124136363718208,0.07412022496032478,0.06902453818286747,0.0471211386768573,0.023187250701805336,2.9768314954861506,2.0322003364197245,0.002912440347280145,0.04213337886716144,0.03,0.004,0.044,True,999,0.0001300830626860261,0.00954820797778666,weak_10x10_bal_strong_1000,weak_null,False,1120,2587230331,-1.5543122344752192e-15,1,57
1000,1000,0.11913138243225507,0.11483963556926613,0.07535132825842084,0.09088747348243942,0.004291746862988943,-0.015536145224018583,0.022889691020768474,0.18749693296842312,-0.6787398401281255,0.8512710281858226,0.49730271801983983,0.906,0.868,0.499,True,999,0.00013175001367926598,0.009332291083410382,weak_10x10_bal_strong_1000,weak_null,False,1121,2587230331,-1.5543122344752192e-15,0,55
1000,1000,0.15823474806817872,0.11487396710585773,0.11385991389488481,0.09340598414928536,0.04336078096232099,0.020453929745599453,0.023083893851442574,1.8783997726454307,0.8860693034386499,0.06032649660992621,0.3755801831222354,0.174,0.059,0.398,True,999,0.00012958294246345758,0.009596999967470765,weak_10x10_bal_strong_1000,weak_null,False,1122,2587230331,-1.5543122344752192e-15,1,57
1000,1000,0.1159192885119924,0.10796917602325884,0.07201409594699726,0.08873045299969817,0.007950112488733563,-0.016716357052700914,0.023281745148375076,0.3414740792868971,-0.718002750488299,0.7327467152029664,0.47275559089803076,0.799,0.736,0.478,True,999,0.0001206250162795186,0.00939054205082357,weak_10x10_bal_strong_1000,weak_null,False,1123,2587230331,-1.5543122344752192e-15,0,59
1000,1000,0.14477973815810374,0.1058525906393194,0.10127514574332963,0.08172865370568161,0.038927147518784344,0.019546492037648022,0.023673030527141467,1.6443668872117498,0.82568609098179,0.10010044062734251,0.408982184377513,0.218,0.113,0.42,True,999,0.00011999998241662979,0.009517666068859398,weak_10x10_bal_strong_1000,weak_null,False,1124,2587230331,-1.5543122344752192e-15,1,55
1000,1000,0.15074069608511786,0.14611335377786017,0.10766614081285297,0.12555713376775657,0.004627342307257698,-0.017890992954903595,0.024939564992558772,0.185542222113271,-0.717373898070866,0.8528037666778981,0.47314342084892347,0.879,0.846,0.46,True,999,0.00012104201596230268,0.009622792014852166,weak_10x10_bal_strong_1000,weak_null,False,1125,2587230331,-1.5543122344752192e-15,1,58
1000,1000,0.18237736599651333,0.11438867786040124,0.13887268859571122,0.08932482051386614,0.06798868813611209,0.04954786808184508,0.023777090749808834,2.859419970740479,2.083849054672235,0.004244164917187079,0.037173899632060484,0.033,0.008,0.046,True,999,0.0001415410079061985,0.009661582997068763,weak_10x10_bal_strong_1000,weak_null,False,1126,2587230331,-1.5543122344752192e-15,3,54
1000,1000,0.12527429023483938,0.14368920295004306,0.08047425515405848,0.11742103449023489,-0.01841491271520368,-0.036946779336176405,0.024468132295400426,-0.7526080247107931,-1.5099958954824575,0.45168549400767366,0.1310444715139961,0.589,0.494,0.153,True,999,0.00013904203660786152,0.009609750006347895,weak_10x10_bal_strong_1000,weak_null,False,1127,2587230331,-1.5543122344752192e-15,0,53
1000,1000,0.17028534278297602,0.14791889156585436,0.12835280403805882,0.12154386688894192,0.022366451217121663,0.0068089371491169,0.02536995896936629,0.8816116432875867,0.2683858163640924,0.3779868565500176,0.7884023560638411,0.456,0.366,0.794,True,999,0.0001265000319108367,0.009721499984152615,weak_10x10_bal_strong_1000,weak_null,False,1128,2587230331,-1.5543122344752192e-15,3,52
1000,1000,0.12648102212877355,0.12742535228882046,0.08301700995116335,0.10231081339475168,-0.0009443301600469134,-0.01929380344358833,0.02346005098826721,-0.04025269000988914,-0.8224109765676769,0.9678916710865044,0.41084303427033964,0.982,0.972,0.428,True,999,0.00012758304364979267,0.0094786660047248,weak_10x10_bal_strong_1000,weak_null,False,1129,2587230331,-1.5543122344752192e-15,0,54
1000,1000,0.1447980362795307,0.13409796767770243,0.09962633461282167,0.11029061649924188,0.010700068601828261,-0.010664281886420213,0.02435225257054258,0.43938722181172984,-0.4379176774521523,0.6603809838445576,0.6614459606097213,0.725,0.665,0.665,True,999,0.000134709058329463,0.00942991697229445,weak_10x10_bal_strong_1000,weak_null,False,1130,2587230331,-1.5543122344752192e-15,0,54
1000,1000,0.13567705303419464,0.1582261499857286,0.09136666265658278,0.13612721121808136,-0.022549096951533953,-0.04476054856149858,0.025254489934688817,-0.8928747723612181,-1.7723798293790451,0.3719242384008662,0.07633152776187685,0.489,0.388,0.08,True,999,0.00012695800978690386,0.009464374976232648,weak_10x10_bal_strong_1000,weak_null,False,1131,2587230331,-1.5543122344752192e-15,0,56
1000,1000,0.12105319731719488,0.12623352703077795,0.07825711076748121,0.10557043478070227,-0.005180329713583065,-0.027313324013221063,0.023372212183098658,-0.22164481791454727,-1.1686238255603538,0.8245903904666927,0.24255522462655998,0.887,0.84,0.251,True,999,0.00012420897837728262,0.0094577920390293,weak_10x10_bal_strong_1000,weak_null,False,1132,2587230331,-1.5543122344752192e-15,1,58
1000,1000,0.14892880517957607,0.13844148933291944,0.10587125202710013,0.11679598802510327,0.01048731584665663,-0.010924735998003143,0.025542876845372636,0.41057692561973574,-0.4277018624071813,0.6813827861414695,0.6688681937865388,0.737,0.677,0.673,True,999,0.00013162498362362385,0.00961716694291681,weak_10x10_bal_strong_1000,weak_null,False,1133,2587230331,-1.5543122344752192e-15,1,57
1000,1000,0.13547345827683044,0.13906501547092487,0.09189505799940889,0.11281072670897174,-0.00359155719409443,-0.02091566870956285,0.025037229388895476,-0.14344866751459964,-0.8353827168608112,0.8859358492571867,0.4035022577514865,0.897,0.871,0.383,True,999,0.00012220803182572126,0.009495207923464477,weak_10x10_bal_strong_1000,weak_null,False,1134,2587230331,-1.5543122344752192e-15,0,52
1000,1000,0.1257582076200996,0.13976328104624602,0.08314750429826745,0.11630862839888323,-0.01400507342614643,-0.03316112410061578,0.024418341084425848,-0.5735472929026675,-1.3580416452519015,0.5662741873136974,0.17445047003959657,0.674,0.602,0.194,True,999,0.00012566603254526854,0.009486292023211718,weak_10x10_bal_strong_1000,weak_null,False,1135,2587230331,-1.5543122344752192e-15,2,56
1000,1000,0.1492972492278022,0.06757397570708068,0.10435227610241782,0.05123198481408053,0.0817232735207215,0.053120291288337285,0.02160769968934241,3.7821366779282832,2.4583964073944373,0.00015548794303116704,0.013955903322326638,0.008,0.001,0.02,True,999,0.0001318750437349081,0.009494667057879269,weak_10x10_bal_strong_1000,weak_null,False,1136,2587230331,-1.5543122344752192e-15,0,63
1000,1000,0.1411861362861342,0.1466884401172478,0.09833449032475983,0.12174183303761765,-0.0055023038311136085,-0.023407342712857826,0.024894798790001133,-0.22102222546677422,-0.9402503274000859,0.8250751274764161,0.3470891721999244,0.876,0.837,0.348,True,999,0.00012929202057421207,0.009530124953016639,weak_10x10_bal_strong_1000,weak_null,False,1137,2587230331,-1.5543122344752192e-15,1,53
1000,1000,0.1677198097462993,0.09423370644734907,0.12504180943369647,0.07350303778031275,0.07348610329895022,0.05153877165338372,0.023341119963121548,3.1483537814405067,2.2080676392055665,0.001641928436395583,0.027239558443513803,0.015,0.002,0.028,True,999,0.0001277499832212925,0.009616416995413601,weak_10x10_bal_strong_1000,weak_null,False,1138,2587230331,-1.5543122344752192e-15,3,58
1000,1000,0.13541732001789608,0.09581072271041902,0.09145126941621129,0.07378485167043891,0.039606597307477065,0.017666417745772378,0.023107039141893333,1.7140489988468424,0.7645470125916286,0.08651972729963,0.44454133188258416,0.202,0.082,0.447,True,999,0.00011854094918817282,0.009569125017151237,weak_10x10_bal_strong_1000,weak_null,False,1139,2587230331,-1.5543122344752192e-15,0,58
1000,1000,0.13667195887936723,0.11251942257964287,0.09370455473572292,0.0918358218090134,0.02415253629972436,0.0018687329267095265,0.02329437018198599,1.0368400652618635,0.08022251351335764,0.2998103999175066,0.9360602846720261,0.463,0.336,0.931,True,999,0.00013812503311783075,0.009550165967084467,weak_10x10_bal_strong_1000,weak_null,False,1140,2587230331,-1.5543122344752192e-15,1,58
1000,1000,0.11814181414605684,0.1365939712510953,0.0749409796717373,0.11899582623465221,-0.018452157105038447,-0.04405484656291492,0.024559450250933944,-0.7513261460051106,-1.7938042632383273,0.4524563976502304,0.07284441625595668,0.555,0.447,0.074,True,999,0.00012687500566244125,0.009542917017824948,weak_10x10_bal_strong_1000,weak_null,False,1141,2587230331,-1.5543122344752192e-15,0,61
1000,1000,0.1393308536901765,0.09426968888888526,0.09530020554711882,0.07490150896535397,0.04506116480129124,0.020398696581764852,0.022856870759768232,1.9714494287033437,0.8924535994520228,0.048672492040981855,0.37214985281984514,0.15,0.05,0.391,True,999,0.00012779200915247202,0.009485541959293187,weak_10x10_bal_strong_1000,weak_null,False,1142,2587230331,-1.5543122344752192e-15,0,60
1000,1000,0.16432389109267653,0.11315368597701414,0.12057866991790434,0.08962704483354855,0.05117020511566239,0.030951625084355783,0.024061736329593367,2.1266214713162035,1.2863421267852806,0.03345154702129224,0.19832368641228237,0.123,0.041,0.22,True,999,0.00012579094618558884,0.009835625067353249,weak_10x10_bal_strong_1000,weak_null,False,1143,2587230331,-1.5543122344752192e-15,1,56
1000,1000,0.15537443219867342,0.12147915418405408,0.11111712526871997,0.10028248550474927,0.033895278014619334,0.0108346397639707,0.024808611458715175,1.3662706625489935,0.43672898751310524,0.17185402564160424,0.6623079042097276,0.305,0.188,0.669,True,999,0.0001521250233054161,0.009619834017939866,weak_10x10_bal_strong_1000,weak_null,False,1144,2587230331,-1.5543122344752192e-15,0,57
1000,1000,0.16051890689481096,0.1244904615747855,0.11869512363728063,0.10196588795071193,0.03602844532002547,0.0167292356865687,0.024493963604603746,1.470911196800087,0.6829942248883054,0.14131513421419314,0.4946104917950661,0.237,0.13,0.491,True,999,0.00014066603034734726,0.009692374966107309,weak_10x10_bal_strong_1000,weak_null,False,1145,2587230331,-1.5543122344752192e-15,3,56
1000,1000,0.13286347425094425,0.15677660149279438,0.08848438566019468,0.13014914071641215,-0.02391312724185013,-0.04166475505621747,0.02472827015449775,-0.9670359912943867,-1.6849037476501039,0.333526041724298,0.09200714341846851,0.439,0.34,0.097,True,999,0.00013250007759779692,0.009426584001630545,weak_10x10_bal_strong_1000,weak_null,False,1146,2587230331,-1.5543122344752192e-15,0,50
1000,1000,0.13237133717422989,0.14115051223199626,0.08849052354162268,0.11637626786910005,-0.008779175057766375,-0.02788574432747737,0.02449111331121356,-0.3584636984937194,-1.1386066436885716,0.7199963297273482,0.25486725616560435,0.791,0.736,0.284,True,999,0.0001318750437349081,0.009625709033571184,weak_10x10_bal_strong_1000,weak_null,False,1147,2587230331,-1.5543122344752192e-15,1,54
1000,1000,0.16370631736487162,0.13107262208281723,0.12078519927808884,0.10149759199089203,0.0326336952820544,0.019287607287196806,0.024495592190175948,1.332227244342444,0.7873909370083396,0.18278552652564983,0.4310530504919837,0.299,0.19,0.442,True,999,0.00012916699051856995,0.009525457979179919,weak_10x10_bal_strong_1000,weak_null,False,1148,2587230331,-1.5543122344752192e-15,2,49
1000,1000,0.15316756485476413,0.13282876568879332,0.10910711867973077,0.1078115372844195,0.02033879916597081,0.0012955813953112738,0.025186405731349174,0.8075308316285633,0.05143970954532355,0.4193607187714893,0.9589751429997901,0.519,0.41,0.957,True,999,0.00012174993753433228,0.009462165995500982,weak_10x10_bal_strong_1000,weak_null,False,1149,2587230331,-1.5543122344752192e-15,0,54
1000,1000,0.11162944457285917,0.11333327949655558,0.06782640828032527,0.09683531286356128,-0.0017038349236964123,-0.029008904583236017,0.023444840960366326,-0.07267419414688109,-1.237325714099566,0.9420653843214253,0.21596618517535904,0.962,0.943,0.2,True,999,0.00011987506877630949,0.009524708962999284,weak_10x10_bal_strong_1000,weak_null,False,1150,2587230331,-1.5543122344752192e-15,0,63
1000,1000,0.14079336703777212,0.11489011286702522,0.0959741279489208,0.0872002683329356,0.025903254170746903,0.008773859615985202,0.02419947139314938,1.0704057848999067,0.36256410206005535,0.28443669651731396,0.7169305304795859,0.396,0.296,0.72,True,999,0.00012691598385572433,0.009541249950416386,weak_10x10_bal_strong_1000,weak_null,False,1151,2587230331,-1.5543122344752192e-15,0,51
1000,1000,0.13093274768337393,0.10714490728853943,0.08784372295258436,0.08805346321457819,0.023787840394834503,-0.00020974026199382934,0.0230292688152118,1.0329394556861327,-0.009107551945170187,0.3016322328983222,0.9927333253751294,0.424,0.291,0.988,True,999,0.00012695800978690386,0.009499457897618413,weak_10x10_bal_strong_1000,weak_null,False,1152,2587230331,-1.5543122344752192e-15,0,58
1000,1000,0.12022554539796237,0.10121220506598627,0.0758585492731072,0.08371235025521173,0.019013340331976103,-0.00785380098210453,0.022691447952951197,0.8379077602891918,-0.3461128174098332,0.402082510019964,0.7292579311655003,0.525,0.377,0.739,True,999,0.0001251670764759183,0.009445499978028238,weak_10x10_bal_strong_1000,weak_null,False,1153,2587230331,-1.5543122344752192e-15,0,62
1000,1000,0.1314965211001966,0.16187131947586297,0.08823942040316979,0.13951537022478533,-0.030374798375666368,-0.05127594982161554,0.025049375122922792,-1.2125970498908876,-2.0469951673442224,0.2252839173589969,0.040658559042233866,0.342,0.221,0.051,True,999,0.00013225001748651266,0.009491708013229072,weak_10x10_bal_strong_1000,weak_null,False,1154,2587230331,-1.5543122344752192e-15,1,55
1000,1000,0.1416578864281317,0.12931165676887107,0.09887238435976542,0.10525695250180434,0.012346229659260632,-0.0063845681420389155,0.02341854667939706,0.5271987979562573,-0.2726287087514217,0.5980555433304982,0.7851386412303263,0.698,0.618,0.785,True,999,0.0001283750170841813,0.00949387508444488,weak_10x10_bal_strong_1000,weak_null,False,1155,2587230331,-1.5543122344752192e-15,2,57
1000,1000,0.1119343186119437,0.1163562525342926,0.06877227033692179,0.09487404173034975,-0.0044219339223489085,-0.026101771393427953,0.023805006890596295,-0.1857564647080908,-1.0964824128548751,0.8526357463788509,0.27286771571992685,0.892,0.863,0.29,True,999,0.0001272079534828663,0.009416458080522716,weak_10x10_bal_strong_1000,weak_null,False,1156,2587230331,-1.5543122344752192e-15,0,56
1000,1000,0.11406657932046693,0.1529823689405332,0.07014484205819826,0.13352283655967767,-0.038915789620066255,-0.0633779945014794,0.0240055235708148,-1.6211181358018332,-2.6401421453907585,0.10499230520827567,0.008287126064270999,0.189,0.101,0.013,True,999,0.0001284999307245016,0.009476916049607098,weak_10x10_bal_strong_1000,weak_null,False,1157,2587230331,-1.5543122344752192e-15,0,57
1000,1000,0.13099088537402404,0.11360769824452555,0.08808442869667488,0.09514995407312199,0.01738318712949849,-0.007065525376447113,0.02371321761136613,0.7330589806238039,-0.2979572613149087,0.46352245701162365,0.7657357833592169,0.593,0.471,0.76,True,999,0.00013033300638198853,0.009477542014792562,weak_10x10_bal_strong_1000,weak_null,False,1158,2587230331,-1.5543122344752192e-15,1,59
1000,1000,0.13581876549776828,0.12634291138158077,0.09342631276467728,0.11357039710031813,0.00947585411618751,-0.020144084335640855,0.023954504030144905,0.39557713673649325,-0.8409309710729586,0.6924170063926445,0.40038660668613923,0.764,0.686,0.428,True,999,0.00012733298353850842,0.009528624941594899,weak_10x10_bal_strong_1000,weak_null,False,1159,2587230331,-1.5543122344752192e-15,2,67
1000,1000,0.14645922672193645,0.10690293838575582,0.10221581437826899,0.08345037608586381,0.039556288336180634,0.01876543829240518,0.02311067263958556,1.7116026414750856,0.8119814851369768,0.08696992120671888,0.41680225551863037,0.2,0.089,0.42,True,999,0.00011854199692606926,0.00946974998805672,weak_10x10_bal_strong_1000,weak_null,False,1160,2587230331,-1.5543122344752192e-15,1,56
1000,1000,0.1528573780847058,0.1515696015464797,0.10932637998166683,0.12828985586367025,0.001287776538226093,-0.018963475882003422,0.024705742191214065,0.05212458416586474,-0.7675736164990532,0.9584294242578886,0.4427405418867387,0.97,0.962,0.5,True,999,0.00012924999464303255,0.00958079204428941,weak_10x10_bal_strong_1000,weak_null,False,1161,2587230331,-1.5543122344752192e-15,1,55
1000,1000,0.1434638606053893,0.13589690634370288,0.09861841858537446,0.10927246589619699,0.007566954261686409,-0.010654047310822534,0.025195557662822686,0.30032890571228876,-0.42285419729141843,0.7639262867414481,0.6724016423123049,0.809,0.764,0.677,True,999,0.0001307919155806303,0.009546249988488853,weak_10x10_bal_strong_1000,weak_null,False,1162,2587230331,-1.5543122344752192e-15,0,51
1000,1000,0.1412742182184501,0.13414944961089859,0.09684362696452808,0.11075760731694118,0.007124768607551513,-0.013913980352413091,0.0253452485271276,0.2811086504015027,-0.5489778621630259,0.7786270665272679,0.5830206423346427,0.83,0.786,0.581,True,999,0.00012987502850592136,0.009633834008127451,weak_10x10_bal_strong_1000,weak_null,False,1163,2587230331,-1.5543122344752192e-15,0,56
1000,1000,0.14361191752940083,0.14508375001256446,0.1006320156793663,0.12244876706449759,-0.0014718324831636265,-0.021816751385131283,0.024426652608250884,-0.060255185463540265,-0.8931535456381763,0.9519523938741458,0.3717749514458112,0.964,0.948,0.377,True,999,0.00012758292723447084,0.00957925000693649,weak_10x10_bal_strong_1000,weak_null,False,1164,2587230331,-1.5543122344752192e-15,2,56
1000,1000,0.13527168079533913,0.16093734727984188,0.09117518950779413,0.13569024749085656,-0.025665666484502747,-0.044515057983062434,0.025313053865149263,-1.013930070280416,-1.7585810949642184,0.3106161216107546,0.07864868635222015,0.441,0.336,0.098,True,999,0.00015370803885161877,0.009364125085994601,weak_10x10_bal_strong_1000,weak_null,False,1165,2587230331,-1.5543122344752192e-15,0,51
1000,1000,0.13385875020061144,0.08782083740829116,0.09072437903614627,0.06722794829227041,0.04603791279232028,0.023496430743875862,0.02278342560395588,2.020675625895639,1.0312949050030555,0.04331335458983099,0.30240254688191537,0.167,0.056,0.33,True,999,0.00011991697829216719,0.009555583004839718,weak_10x10_bal_strong_1000,weak_null,False,1166,2587230331,-1.5543122344752192e-15,1,60
1000,1000,0.13749439046329526,0.117556579593184,0.09420842725558032,0.09738619057861797,0.01993781087011126,-0.0031777633230376523,0.023193508480347465,0.8596289296638819,-0.13701089361837016,0.38999362265126747,0.8910221844551378,0.501,0.377,0.9,True,999,0.00012841704301536083,0.00950670801103115,weak_10x10_bal_strong_1000,weak_null,False,1167,2587230331,-1.5543122344752192e-15,2,57
1000,1000,0.12967318996661836,0.12220520945289137,0.08580182722380414,0.0964817119985355,0.0074679805137269906,-0.010679884774731363,0.023622762545444494,0.3161349355038556,-0.45210143200592406,0.7519000907723729,0.6511959121105158,0.816,0.758,0.647,True,999,0.00012199999764561653,0.00945999997202307,weak_10x10_bal_strong_1000,weak_null,False,1168,2587230331,-1.5543122344752192e-15,0,54
1000,1000,0.11586958284031468,0.14406657047301408,0.07232756579787747,0.11505392001720338,-0.0281969876326994,-0.04272635421932591,0.024569459514797092,-1.1476437898732614,-1.7390026098699376,0.25111564460354685,0.08203430385387024,0.385,0.265,0.085,True,999,0.00013420800678431988,0.0095589590491727,weak_10x10_bal_strong_1000,weak_null,False,1169,2587230331,-1.5543122344752192e-15,0,48
1000,1000,0.14905912180459024,0.1610184434603823,0.10495480186546047,0.1371907026360759,-0.011959321655792055,-0.032235900770615444,0.025844497299518765,-0.46274150807393505,-1.2473022940638,0.6435496619717471,0.21228667661109601,0.719,0.657,0.228,True,999,0.00015837501268833876,0.009574999916367233,weak_10x10_bal_strong_1000,weak_null,False,1170,2587230331,-1.5543122344752192e-15,0,55
1000,1000,0.15730397538342578,0.13189140150900147,0.11448322490923601,0.11184846651701719,0.025412573874424305,0.002634758392218828,0.024420941553251346,1.040605818535319,0.1078893042053099,0.2980585296652173,0.9140835016032895,0.393,0.285,0.917,True,999,0.00013708393089473248,0.00964133394882083,weak_10x10_bal_strong_1000,weak_null,False,1171,2587230331,-1.5543122344752192e-15,2,59
1000,1000,0.15784039585440413,0.14406966109625563,0.11427795848385358,0.11608003430251301,0.013770734758148495,-0.0018020758186594321,0.025314166418496712,0.5439932143326043,-0.07118843215562809,0.5864461423624081,0.9432477878613098,0.682,0.6,0.951,True,999,0.00013195897918194532,0.009693166939541698,weak_10x10_bal_strong_1000,weak_null,False,1172,2587230331,-1.5543122344752192e-15,1,50
1000,1000,0.1374939090657188,0.14427314305230654,0.09391656760362821,0.11612133347955478,-0.0067792339865877516,-0.02220476587592657,0.024816813572405772,-0.2731710083088868,-0.8947468542301666,0.7847217647334236,0.3709224259167808,0.822,0.784,0.373,True,999,0.00013454200234264135,0.009525291039608419,weak_10x10_bal_strong_1000,weak_null,False,1173,2587230331,-1.5543122344752192e-15,1,50
1000,1000,0.1316511488638512,0.16555161031216803,0.08917470278174733,0.14139579388040602,-0.03390046144831682,-0.05222109109865869,0.025722708210595722,-1.3179196051507716,-2.030155249249678,0.18753056199610696,0.042340761026699564,0.278,0.2,0.042,True,999,0.00013220799155533314,0.009675332927145064,weak_10x10_bal_strong_1000,weak_null,False,1174,2587230331,-1.5543122344752192e-15,1,53
1000,1000,0.1288146540632935,0.14337649981188783,0.08411528380247546,0.1188966557990625,-0.014561845748594315,-0.03478137199658704,0.024523783520520738,-0.5937846310056283,-1.4182710415578033,0.5526561697381009,0.15611164786178205,0.644,0.572,0.178,True,999,0.00012520805466920137,0.009528999915346503,weak_10x10_bal_strong_1000,weak_null,False,1175,2587230331,-1.5543122344752192e-15,0,53
1000,1000,0.11591184896005968,0.1424370954186443,0.07307427373734754,0.11552551738782313,-0.026525246458584617,-0.04245124365047559,0.024590695834558834,-1.0786700236968096,-1.7263132339189937,0.28073485330555936,0.08429107579269757,0.407,0.296,0.09,True,999,0.00012137496378272772,0.009366124984808266,weak_10x10_bal_strong_1000,weak_null,False,1176,2587230331,-1.5543122344752192e-15,1,52
1000,1000,0.13049071808368007,0.14135733685495788,0.08673151091988984,0.11995345727757467,-0.010866618771277814,-0.03322194635768483,0.025196600172712264,-0.4312732153064953,-1.3185090897169514,0.6662697234797981,0.1873332842403198,0.71,0.652,0.199,True,999,0.000128875020891428,0.009630333981476724,weak_10x10_bal_strong_1000,weak_null,False,1177,2587230331,-1.5543122344752192e-15,0,55
1000,1000,0.1400176830423967,0.13402525279257393,0.09753428328940572,0.11481650291148071,0.005992430249822767,-0.01728221962207499,0.02418113472949293,0.24781426996120234,-0.7146984546178653,0.8042781134263254,0.47479539287656447,0.838,0.803,0.466,True,999,0.00012600002810359,0.00967029097955674,weak_10x10_bal_strong_1000,weak_null,False,1178,2587230331,-1.5543122344752192e-15,2,59
1000,1000,0.1498894951290377,0.1462468925264867,0.10771631665465975,0.12262066796517956,0.003642602602551004,-0.014904351310519814,0.024435736149161683,0.14906866649384617,-0.6099407531469494,0.8814994501170368,0.5419010551301701,0.906,0.887,0.557,True,999,0.00012554205022752285,0.009513291995972395,weak_10x10_bal_strong_1000,weak_null,False,1179,2587230331,-1.5543122344752192e-15,3,55
1000,1000,0.14892122747652303,0.12392426586813343,0.10448095371748423,0.10199918356306625,0.0249969616083896,0.0024817701544179727,0.024625902790897197,1.0150678259653312,0.10077884963207695,0.3100734971420094,0.9197260168961279,0.438,0.334,0.92,True,999,0.0001290410291403532,0.009579000063240528,weak_10x10_bal_strong_1000,weak_null,False,1180,2587230331,-1.5543122344752192e-15,0,56
1000,1000,0.13462463086156795,0.12819557320991581,0.09140521526160228,0.10283559051873681,0.006429057651652137,-0.011430375257134529,0.02418751395317754,0.26580067980932554,-0.4725733814257049,0.7903927196319104,0.6365175769666194,0.825,0.773,0.636,True,999,0.0001240839483216405,0.009438500041142106,weak_10x10_bal_strong_1000,weak_null,False,1181,2587230331,-1.5543122344752192e-15,0,54
1000,1000,0.14792902586695833,0.11675327886284648,0.1031437425817785,0.09031435724801895,0.031175747004111853,0.012829385333759546,0.024172092867554208,1.2897413217354685,0.5307519462239123,0.19714048734139633,0.5955906837444391,0.315,0.215,0.597,True,999,0.00016775005497038364,0.009501874912530184,weak_10x10_bal_strong_1000,weak_null,False,1182,2587230331,-1.5543122344752192e-15,0,53
1000,1000,0.14889833870480063,0.1358224362196322,0.10417534058524325,0.10783074914922963,0.013075902485168434,-0.0036554085639863843,0.024398356335199753,0.5359337451065791,-0.14982191889347438,0.5920043414560747,0.8809051157667995,0.712,0.619,0.889,True,999,0.00012679200153797865,0.009595290990546346,weak_10x10_bal_strong_1000,weak_null,False,1183,2587230331,-1.5543122344752192e-15,1,50
1000,1000,0.15657526833885438,0.1788524116411726,0.1134945359572157,0.1594510532968343,-0.022277143302318225,-0.045956517339618586,0.026713765528931652,-0.8339199982193278,-1.7203309391125174,0.4043260671925937,0.08537230258904632,0.482,0.4,0.076,True,999,0.00011887494474649429,0.009625959093682468,weak_10x10_bal_strong_1000,weak_null,False,1184,2587230331,-1.5543122344752192e-15,1,59
1000,1000,0.14866667010975743,0.16093799765873162,0.10537214375790427,0.13675946484170254,-0.012271327548974198,-0.03138732108379827,0.025807780228116372,-0.4754894624995744,-1.216196077553514,0.6344381422310701,0.2239102375762606,0.71,0.646,0.228,True,999,0.00012808293104171753,0.00955800001975149,weak_10x10_bal_strong_1000,weak_null,False,1185,2587230331,-1.5543122344752192e-15,1,52
1000,1000,0.12378771046372261,0.1283906188547076,0.0802025533403139,0.10324684771336479,-0.004602908390984983,-0.02304429437305089,0.024302833439005703,-0.18939801412609694,-0.9482143072282725,0.8497808808000928,0.34302036502286504,0.881,0.841,0.332,True,999,0.00012483401224017143,0.009410333936102688,weak_10x10_bal_strong_1000,weak_null,False,1186,2587230331,-1.5543122344752192e-15,0,54
1000,1000,0.12700492856275014,0.14067046552802565,0.08345870158973412,0.12141674534825597,-0.013665536965275504,-0.03795804375852185,0.02408404057827284,-0.5674104775260893,-1.5760662599433293,0.5704353330299328,0.11501053376423766,0.661,0.578,0.13,True,999,0.00012600002810359,0.009556374978274107,weak_10x10_bal_strong_1000,weak_null,False,1187,2587230331,-1.5543122344752192e-15,0,58
1000,1000,0.12415858989134287,0.0895522147801639,0.0807194158146558,0.07159550725748431,0.03460637511117898,0.00912390855717149,0.02247894762245682,1.539501567974057,0.4058868195438367,0.12368189539494108,0.6848257629631609,0.269,0.121,0.678,True,999,0.00012545904610306025,0.009456709027290344,weak_10x10_bal_strong_1000,weak_null,False,1188,2587230331,-1.5543122344752192e-15,0,61
1000,1000,0.12048231250227026,0.11498095030515754,0.07640435514758792,0.08258802804141396,0.005501362197112725,-0.006183672893826042,0.023354129933982476,0.2355627125764904,-0.264778559993717,0.8137720102966401,0.7911800542311863,0.86,0.809,0.794,True,999,0.00012870796490460634,0.009411082952283323,weak_10x10_bal_strong_1000,weak_null,False,1189,2587230331,-1.5543122344752192e-15,0,47
1000,1000,0.13273208009905701,0.13884266221093777,0.08935953921218243,0.11017825001192705,-0.006110582111880758,-0.020818710799744622,0.023887817997251645,-0.25580327648945567,-0.8715199857157263,0.7981027437943242,0.38347029824535506,0.86,0.812,0.396,True,999,0.0001248749904334545,0.009578875033184886,weak_10x10_bal_strong_1000,weak_null,False,1190,2587230331,-1.5543122344752192e-15,1,50
1000,1000,0.15242737289299768,0.13062964371508856,0.1104627485601668,0.10610265837908628,0.02179772917790912,0.004360090181080523,0.023982735452201278,0.9088925331871763,0.18180120402738828,0.3634068555762032,0.8557387395920282,0.47,0.355,0.831,True,999,0.00013270892668515444,0.009627541992813349,weak_10x10_bal_strong_1000,weak_null,False,1191,2587230331,-1.5543122344752192e-15,3,54
1000,1000,0.11142988160443235,0.10120646075076906,0.06770462062331717,0.07826513598365636,0.01022342085366329,-0.010560515360339195,0.022298994829392307,0.4584700311328741,-0.4735870581224307,0.6466147885490572,0.6357944061459468,0.738,0.649,0.633,True,999,0.00012587499804794788,0.009396041976287961,weak_10x10_bal_strong_1000,weak_null,False,1192,2587230331,-1.5543122344752192e-15,0,57
1000,1000,0.1445118763622939,0.14291753912938276,0.10160690412749318,0.11863365333238107,0.001594337232911136,-0.017026749204887892,0.025035430926232335,0.06368323507627648,-0.6801060966379101,0.9492224541182868,0.49643728444435453,0.962,0.948,0.497,True,999,0.0001241250429302454,0.009558625053614378,weak_10x10_bal_strong_1000,weak_null,False,1193,2587230331,-1.5543122344752192e-15,1,55
1000,1000,0.14091260281271856,0.14143885971353387,0.09705110854110899,0.11449574085099812,-0.000526256900815314,-0.01744463230988913,0.024555006559021486,-0.021431755660515906,-0.7104307737796139,0.9829012420249426,0.4774370453534873,0.987,0.981,0.464,True,999,0.00013108400162309408,0.00966912496369332,weak_10x10_bal_strong_1000,weak_null,False,1194,2587230331,-1.5543122344752192e-15,1,50
1000,1000,0.11605147255978565,0.1359130009133771,0.07215890881525411,0.10996445497403329,-0.01986152835359145,-0.03780554615877918,0.024114132823790487,-0.8236468007672452,-1.5677754798414745,0.41014027546075804,0.11693353924328881,0.543,0.418,0.136,True,999,0.0001384170027449727,0.009495042031630874,weak_10x10_bal_strong_1000,weak_null,False,1195,2587230331,-1.5543122344752192e-15,0,53
1000,1000,0.11576649320633292,0.14095145648029983,0.07279207249348474,0.11941215871155464,-0.02518496327396691,-0.0466200862180699,0.024412553832999024,-1.0316398458863325,-1.9096767399669767,0.3022408668575336,0.05617484762235624,0.436,0.319,0.066,True,999,0.00013162498362362385,0.009427750017493963,weak_10x10_bal_strong_1000,weak_null,False,1196,2587230331,-1.5543122344752192e-15,0,56
1000,1000,0.15106605647051063,0.1288403421626767,0.10761145909054903,0.10733563032692928,0.022225714307833933,0.0002758287636197565,0.02492344815427731,0.8917592048361735,0.011067038634155417,0.3725220121749644,0.9911699609899309,0.47,0.363,0.987,True,999,0.00012320803944021463,0.009606875013560057,weak_10x10_bal_strong_1000,weak_null,False,1197,2587230331,-1.5543122344752192e-15,1,57
1000,1000,0.13612888438211979,0.15995597256492688,0.09177061246782614,0.13304401003870225,-0.0238270881828071,-0.041273397570876114,0.025411890971297244,-0.9376353853288533,-1.6241765564591182,0.34843182010759755,0.10433813274926236,0.433,0.344,0.103,True,999,0.0001248749904334545,0.00957833300344646,weak_10x10_bal_strong_1000,weak_null,False,1198,2587230331,-1.5543122344752192e-15,0,51
1000,1000,0.1505778140015268,0.12995042494016595,0.10710323220109785,0.11233285309344865,0.020627389061360857,-0.005229620892350795,0.02435353626226908,0.8469976942658163,-0.21473763957857092,0.39699640663569313,0.8299718749228715,0.494,0.386,0.811,True,999,0.0001247500767931342,0.009717167005874217,weak_10x10_bal_strong_1000,weak_null,False,1199,2587230331,-1.5543122344752192e-15,1,58
1000,1000,0.1580113309431046,0.13648444513182667,0.11439494271962758,0.11580948220529308,0.02152688581127793,-0.0014145394856655003,0.024452108327694188,0.8803693130582452,-0.057849387329247534,0.37865927486133244,0.9538685986179154,0.494,0.38,0.956,True,999,0.0001444999361410737,0.009762333007529378,weak_10x10_bal_strong_1000,weak_null,False,1200,2587230331,-1.5543122344752192e-15,1,58
1000,1000,0.13572075674542639,0.10953245623300611,0.09342087311142677,0.08659032163438951,0.02618830051242027,0.006830551477037261,0.023282521026243775,1.124805191108864,0.2933767983861347,0.2606715942285275,0.7692341578257694,0.381,0.244,0.755,True,999,0.00012770795729011297,0.00942300003953278,weak_10x10_bal_strong_1000,weak_null,False,1201,2587230331,-1.5543122344752192e-15,2,57
1000,1000,0.15789187353508183,0.1503163548671239,0.11529549022179708,0.12424577147066884,0.0075755186679579145,-0.008950281248871761,0.025280044171779564,0.29966398066719213,-0.354045316853642,0.7644334758949236,0.7233049219360199,0.832,0.784,0.733,True,999,0.00011999998241662979,0.009597333963029087,weak_10x10_bal_strong_1000,weak_null,False,1202,2587230331,-1.5543122344752192e-15,2,51
1000,1000,0.14696890475676438,0.1549929790461474,0.1028286422315432,0.1302619855376861,-0.00802407428938301,-0.027433343306142888,0.024911185193203993,-0.3221072874353667,-1.1012460103113426,0.7473714176899053,0.2707896017923642,0.806,0.765,0.303,True,999,0.00012383400462567806,0.009633291978389025,weak_10x10_bal_strong_1000,weak_null,False,1203,2587230331,-1.5543122344752192e-15,1,54
1000,1000,0.12925522549385615,0.12316757920379262,0.08489808385093056,0.09939875614895755,0.006087646290063531,-0.014500672298026984,0.02356537907964425,0.25833008115375633,-0.6153379603620571,0.7961521725291011,0.5383315533244392,0.837,0.784,0.542,True,999,0.00012524996418505907,0.00946600001771003,weak_10x10_bal_strong_1000,weak_null,False,1204,2587230331,-1.5543122344752192e-15,0,54
1000,1000,0.1424989613883767,0.14570650733713786,0.0981170040527104,0.1203580807717799,-0.003207545948761159,-0.022241076719069497,0.025547860189843605,-0.12555047369627845,-0.8705651492453095,0.9000877688855267,0.38399163237071077,0.927,0.912,0.4,True,999,0.00013637507800012827,0.00940649991389364,weak_10x10_bal_strong_1000,weak_null,False,1205,2587230331,-1.5543122344752192e-15,0,52
1000,1000,0.1376573359375719,0.15567933166293213,0.09421281917320812,0.12706632813785745,-0.01802199572536023,-0.032853508964649336,0.024794568891670556,-0.7268525540451928,-1.3250284410343625,0.4673162848250779,0.18516171835038142,0.594,0.492,0.191,True,999,0.00012916699051856995,0.009541208040900528,weak_10x10_bal_strong_1000,weak_null,False,1206,2587230331,-1.5543122344752192e-15,1,48
1000,1000,0.14430852643939085,0.12277627726056162,0.10018736474103207,0.09436014554603389,0.021532249178829233,0.005827219194998179,0.023826638995151517,0.903704848309106,0.24456740189768097,0.3661519275997419,0.806791407140967,0.511,0.369,0.807,True,999,0.00012491701636463404,0.009460625005885959,weak_10x10_bal_strong_1000,weak_null,False,1207,2587230331,-1.5543122344752192e-15,0,51
1000,1000,0.16116233976039762,0.13162171061569844,0.11913534695577255,0.10463592646226516,0.029540629144699182,0.014499420493507387,0.024952842468657106,1.1838582791441388,0.5810728982768153,0.23646916775808746,0.5611913234440153,0.358,0.262,0.557,True,999,0.00011937494855374098,0.009513249970041215,weak_10x10_bal_strong_1000,weak_null,False,1208,2587230331,-1.5543122344752192e-15,2,52
1000,1000,0.14592705774267722,0.13724537882704102,0.10101660427653769,0.11139544712102634,0.008681678915636204,-0.010378842844488645,0.024737644667614363,0.35095010185031666,-0.41955663055004805,0.7256257832014927,0.6748093764651143,0.774,0.713,0.675,True,999,0.0001657500397413969,0.00960329093504697,weak_10x10_bal_strong_1000,weak_null,False,1209,2587230331,-1.5543122344752192e-15,0,52
1000,1000,0.13470699331586644,0.1306769308058029,0.09166886861294188,0.10832164984418569,0.004030062510063548,-0.016652781231243807,0.02339783988513644,0.17224079358811492,-0.711723018577563,0.8632482284385943,0.4766363107382928,0.908,0.87,0.488,True,999,0.00012862496078014374,0.009537667036056519,weak_10x10_bal_strong_1000,weak_null,False,1210,2587230331,-1.5543122344752192e-15,1,57
1000,1000,0.15622066825978376,0.15796589036816933,0.11225739385872657,0.1308098429775555,-0.001745222108385569,-0.018552449118828918,0.025588033743986827,-0.06820461962207999,-0.7250439523587362,0.9456227496106664,0.4684250668605131,0.954,0.948,0.478,True,999,0.00013441697228699923,0.009636250091716647,weak_10x10_bal_strong_1000,weak_null,False,1211,2587230331,-1.5543122344752192e-15,1,52
1000,1000,0.12596180678286117,0.12008385907697605,0.08351648786629084,0.09987918566105236,0.005877947705885123,-0.016362697794761516,0.023572517708920333,0.24935595673179978,-0.6941429845047705,0.803085450693862,0.4875925442081558,0.856,0.81,0.484,True,999,0.00012862507719546556,0.009608000051230192,weak_10x10_bal_strong_1000,weak_null,False,1212,2587230331,-1.5543122344752192e-15,1,58
1000,1000,0.13781751848595558,0.1294877015167708,0.09460186899696055,0.10794963530497625,0.008329816969184778,-0.013347766308015707,0.024185825458728622,0.3444090417091206,-0.5518838433194151,0.7305386900423448,0.5810279385127155,0.797,0.733,0.569,True,999,0.00013279193080961704,0.009475083905272186,weak_10x10_bal_strong_1000,weak_null,False,1213,2587230331,-1.5543122344752192e-15,2,55
1000,1000,0.14188519947373157,0.15739506853408214,0.09986881183340302,0.13402707120349078,-0.015509869060350567,-0.03415825937008776,0.02508027101158483,-0.6184091492945352,-1.3619573470442052,0.5363056682606153,0.17321134632745427,0.633,0.545,0.184,True,999,0.00012133305426687002,0.009508958086371422,weak_10x10_bal_strong_1000,weak_null,False,1214,2587230331,-1.5543122344752192e-15,2,56
1000,1000,0.16201531747126818,0.12336215403617157,0.1177078131622693,0.10176635643222198,0.038653163435096616,0.01594145673004732,0.024860523266459895,1.5548008793219892,0.6412357680159708,0.11999349966315374,0.5213695141103895,0.252,0.132,0.547,True,999,0.00012558302842080593,0.009538208018057048,weak_10x10_bal_strong_1000,weak_null,False,1215,2587230331,-1.5543122344752192e-15,1,57
1000,1000,0.13451503770005457,0.12238980828723917,0.09164234658419446,0.10210309490202008,0.012125229412815408,-0.010460748317825619,0.023935443339331654,0.5065805233233661,-0.4370400902763355,0.6124491770619371,0.6620822738960078,0.696,0.613,0.666,True,999,0.00013687508180737495,0.00966316694393754,weak_10x10_bal_strong_1000,weak_null,False,1216,2587230331,-1.5543122344752192e-15,1,60
1000,1000,0.1777029551411271,0.10405109311810956,0.13375894795808563,0.08446123448891285,0.07365186202301754,0.04929771346917278,0.024057963463257576,3.0614337799416,2.049122468095128,0.0022027971115407244,0.040450140977051574,0.018,0.004,0.039,True,999,0.0001296249683946371,0.009687582962214947,weak_10x10_bal_strong_1000,weak_null,False,1217,2587230331,-1.5543122344752192e-15,1,59
1000,1000,0.14374952197643154,0.12581059637054337,0.0993083669486623,0.1011397334374351,0.017938925605888167,-0.001831366488772801,0.024128397005787144,0.7434777205292815,-0.07590087681057103,0.4571925052881105,0.9394979592797347,0.552,0.449,0.943,True,999,0.00012649991549551487,0.009482917026616633,weak_10x10_bal_strong_1000,weak_null,False,1218,2587230331,-1.5543122344752192e-15,0,54
1000,1000,0.17157506495232822,0.15045761214920633,0.1266942412876233,0.12320613205366726,0.021117452803121883,0.0034881092339560382,0.025841175312453637,0.8172017157805028,0.13498260786439592,0.4138131621713761,0.8926256253848629,0.534,0.446,0.904,True,999,0.0001236669486388564,0.009480083943344653,weak_10x10_bal_strong_1000,weak_null,False,1219,2587230331,-1.5543122344752192e-15,1,50
1000,1000,0.1493569614963799,0.116612007432352,0.10563037198289749,0.09521941939169665,0.03274495406402789,0.01041095259120084,0.023970481384488332,1.3660532526984481,0.43432388462327365,0.17192224945583656,0.6640532618708944,0.298,0.159,0.664,True,999,0.00012916699051856995,0.009406624943949282,weak_10x10_bal_strong_1000,weak_null,False,1220,2587230331,-1.5543122344752192e-15,1,55
1000,1000,0.15814385318288693,0.14047905055418553,0.11278844780599684,0.11718570597975031,0.017664802628701404,-0.004397258173753471,0.025324786689200917,0.6975301646364543,-0.17363455920552986,0.48547106860200484,0.8621526702327972,0.567,0.485,0.873,True,999,0.00012804195284843445,0.009564041974954307,weak_10x10_bal_strong_1000,weak_null,False,1221,2587230331,-1.5543122344752192e-15,0,54
1000,1000,0.14863269090572695,0.13840299436454284,0.10539507854764452,0.1129920055977891,0.010229696541184108,-0.007596927050144586,0.024299088968842662,0.42099094967309536,-0.31264246408108937,0.6737616905880461,0.7545523125403482,0.75,0.677,0.758,True,999,0.00012224994134157896,0.009523749933578074,weak_10x10_bal_strong_1000,weak_null,False,1222,2587230331,-1.5543122344752192e-15,2,52
1000,1000,0.1114837805194715,0.13070511356920234,0.06802301806601463,0.1028274056498617,-0.019221333049730838,-0.034804387583847074,0.023789221013987807,-0.8079849709424659,-1.4630318312391342,0.41909923394926574,0.14345866914696048,0.565,0.45,0.157,True,999,0.0001287920167669654,0.009517124970443547,weak_10x10_bal_strong_1000,weak_null,False,1223,2587230331,-1.5543122344752192e-15,0,51
1000,1000,0.11091746427872717,0.09737811230264015,0.06745263086668274,0.07423087571390852,0.013539351976087022,-0.006778244847225778,0.02201133665522176,0.6151081230623526,-0.30794335452671256,0.5384833179214478,0.7581254355476397,0.646,0.527,0.739,True,999,0.00012679200153797865,0.009496915969066322,weak_10x10_bal_strong_1000,weak_null,False,1224,2587230331,-1.5543122344752192e-15,0,57
1000,1000,0.13253653061530057,0.16757263330965522,0.08939816659631106,0.14549815073405625,-0.03503610269435464,-0.056099984137745196,0.02524067834733401,-1.388080867408829,-2.222602077715975,0.16511242185622488,0.026242643995181034,0.286,0.173,0.024,True,999,0.00014058302622288465,0.009482916910201311,weak_10x10_bal_strong_1000,weak_null,False,1225,2587230331,-1.5543122344752192e-15,0,55
1000,1000,0.16984450408581653,0.1339383282338824,0.1272423379614338,0.11322782217450822,0.03590617585193412,0.014014515786925585,0.025694401827710277,1.3974318644464763,0.5454307082491233,0.16228374263477274,0.5854573250776492,0.297,0.188,0.6,True,999,0.00012554193381220102,0.009488833020441234,weak_10x10_bal_strong_1000,weak_null,False,1226,2587230331,-1.5543122344752192e-15,2,58
1000,1000,0.1476317609332516,0.14294104205836033,0.10337692806206178,0.12150015667316438,0.004690718874891253,-0.018123228611102604,0.025498949261841812,0.18395733983873336,-0.7107441340033298,0.8540469215936718,0.47724280529989094,0.895,0.87,0.5,True,999,0.00012820796109735966,0.009650208055973053,weak_10x10_bal_strong_1000,weak_null,False,1227,2587230331,-1.5543122344752192e-15,0,56
1000,1000,0.14466111350171662,0.11690368064494794,0.10039749968655087,0.09320218378400114,0.027757432856768682,0.007195315902549737,0.023753756815481357,1.168549171922058,0.3029127543252542,0.24258531696810848,0.7619563511848573,0.362,0.232,0.747,True,999,0.00012445799075067043,0.009544749977067113,weak_10x10_bal_strong_1000,weak_null,False,1228,2587230331,-1.5543122344752192e-15,1,55
1000,1000,0.15490726464632898,0.10689899994878654,0.10915377647324931,0.08226693452780864,0.048008264697542435,0.026886841945440665,0.023793248660219136,2.017726346793884,1.1300197938247007,0.04361976931585903,0.25846788402755605,0.136,0.048,0.259,True,999,0.00014345895033329725,0.009563959087245166,weak_10x10_bal_strong_1000,weak_null,False,1229,2587230331,-1.5543122344752192e-15,0,56
1000,1000,0.12464542981680093,0.11866300688020837,0.0817891789715759,0.09474947533487921,0.0059824229365925685,-0.012960296363303314,0.023294284529059777,0.25681934678566565,-0.5563723731087451,0.7973182342973585,0.5779563210228646,0.843,0.804,0.604,True,999,0.00013733305968344212,0.00950670801103115,weak_10x10_bal_strong_1000,weak_null,False,1230,2587230331,-1.5543122344752192e-15,1,53
1000,1000,0.15854294433504545,0.12641740744648094,0.1151652673420358,0.10645127334561266,0.03212553688856451,0.008713993996423142,0.025231345375715277,1.2732391559066354,0.34536382688535533,0.20293318994027554,0.7298208680215394,0.291,0.201,0.723,True,999,0.00013162510003894567,0.009485708083957434,weak_10x10_bal_strong_1000,weak_null,False,1231,2587230331,-1.5543122344752192e-15,2,58
1000,1000,0.14530039135734274,0.12404820784021453,0.1029505908622923,0.10071661337610749,0.02125218351712821,0.0022339774861848127,0.02404607453936766,0.8838109306504328,0.092904040637793,0.3767982847994469,0.9259797956689864,0.512,0.396,0.943,True,999,0.0001280840951949358,0.009486624971032143,weak_10x10_bal_strong_1000,weak_null,False,1232,2587230331,-1.5543122344752192e-15,2,55
1000,1000,0.13729903182307712,0.1658009976256788,0.09409425959847795,0.1460569078340086,-0.02850196580260167,-0.05196264823553065,0.02565162012590225,-1.1111175692883906,-2.0257062899142304,0.2665177463128586,0.04279489175381867,0.365,0.245,0.045,True,999,0.00012170802801847458,0.00948787503875792,weak_10x10_bal_strong_1000,weak_null,False,1233,2587230331,-1.5543122344752192e-15,1,58
1000,1000,0.14150248124211862,0.12908719197116836,0.09829737246764125,0.10625509520764354,0.012415289270950258,-0.007957722740002282,0.023721948264814108,0.5233671843625677,-0.3354582284375723,0.6007187558610116,0.7372794498741226,0.666,0.59,0.73,True,999,0.00013054092414677143,0.009652624954469502,weak_10x10_bal_strong_1000,weak_null,False,1234,2587230331,-1.5543122344752192e-15,2,56
1000,1000,0.1457221045280508,0.12544018221057662,0.10181254979806909,0.10167188645368697,0.020281922317474166,0.00014066334438211925,0.023986467974242143,0.8455568506065128,0.005864279164951277,0.39780000540978,0.9953210090123003,0.49,0.392,0.996,True,999,0.00012699991930276155,0.009574374998919666,weak_10x10_bal_strong_1000,weak_null,False,1235,2587230331,-1.5543122344752192e-15,1,56
1000,1000,0.13137046704511635,0.1367058049936719,0.08802754394719159,0.11375702790940068,-0.005335337948555563,-0.025729483962209088,0.02445073871214623,-0.21820763827904974,-1.052298839111459,0.8272673339910718,0.29266246413495167,0.873,0.832,0.302,True,999,0.00013016699813306332,0.009581209043972194,weak_10x10_bal_strong_1000,weak_null,False,1236,2587230331,-1.5543122344752192e-15,1,54
1000,1000,0.14643100337490278,0.1608354860582366,0.10259428321114683,0.136220823573467,-0.01440448268333383,-0.033626540362320156,0.02623776462365459,-0.5489980907271157,-1.2816084313830696,0.5830067600933617,0.19998004100769973,0.678,0.607,0.21,True,999,0.0001605410361662507,0.009632249944843352,weak_10x10_bal_strong_1000,weak_null,False,1237,2587230331,-1.5543122344752192e-15,1,53
1000,1000,0.15537154799584263,0.14643391611309697,0.11150932403461411,0.12020002767985716,0.008937631882745656,-0.008690703645243048,0.025360183334359677,0.35242773149184425,-0.3426908839995766,0.7245175076713003,0.7318310214346562,0.757,0.708,0.712,True,999,0.000128250103443861,0.009606666979379952,weak_10x10_bal_strong_1000,weak_null,False,1238,2587230331,-1.5543122344752192e-15,1,51
1000,1000,0.12491030702023176,0.1242018647345875,0.0809275047254232,0.09871862634145145,0.0007084422856442618,-0.01779112161602825,0.023561652348675292,0.030067597771176374,-0.7550880283244872,0.9760131422739012,0.45019616583047684,0.979,0.974,0.412,True,999,0.00012333295308053493,0.009553625015541911,weak_10x10_bal_strong_1000,weak_null,False,1239,2587230331,-1.5543122344752192e-15,0,52
1000,1000,0.15514576773345645,0.11616202823101607,0.11215612681053244,0.09331392279955253,0.038983739502440384,0.018842204010979913,0.023708488818532995,1.6442945731727399,0.7947450449161866,0.10011536976961687,0.42676182404547736,0.207,0.11,0.46,True,999,0.00013187492731958628,0.009676208021119237,weak_10x10_bal_strong_1000,weak_null,False,1240,2587230331,-1.5543122344752192e-15,2,56
1000,1000,0.12078152498905848,0.11340492103700717,0.0778731260747918,0.09280029270007617,0.007376603952051308,-0.014927166625284372,0.02292552398960223,0.32176381030143236,-0.6511156138483256,0.7476316326179108,0.514971858104045,0.824,0.757,0.5,True,999,0.00012920796871185303,0.009661625022999942,weak_10x10_bal_strong_1000,weak_null,False,1241,2587230331,-1.5543122344752192e-15,1,58
1000,1000,0.12093927532513682,0.13470735267913503,0.07778778944202713,0.10915142084758145,-0.01376807735399821,-0.031363631405554315,0.024582556647657964,-0.5600750788998965,-1.2758490443077002,0.5754282280893934,0.20200888666829764,0.659,0.556,0.196,True,999,0.0001308749197050929,0.009537875070236623,weak_10x10_bal_strong_1000,weak_null,False,1242,2587230331,-1.5543122344752192e-15,1,54
1000,1000,0.13538525167877413,0.15829969725085524,0.09059493072390978,0.13188962194749365,-0.02291444557208111,-0.04129469122358387,0.02508902732721302,-0.9133253861630087,-1.6459263519870793,0.36107143468180514,0.09977892277548055,0.474,0.399,0.115,True,999,0.00013170798774808645,0.009659959003329277,weak_10x10_bal_strong_1000,weak_null,False,1243,2587230331,-1.5543122344752192e-15,0,52
1000,1000,0.1360692894295661,0.12679291362179368,0.09127646506021847,0.10531900199748634,0.009276375807772408,-0.014042536937267869,0.024545148595041547,0.37793113257608724,-0.5721104878584704,0.7054817542288704,0.5672471243108812,0.77,0.716,0.578,True,999,0.00012033397797495127,0.009515459067188203,weak_10x10_bal_strong_1000,weak_null,False,1244,2587230331,-1.5543122344752192e-15,0,58
1000,1000,0.1276897294339494,0.16376584987635595,0.08459066383557001,0.14473817482587492,-0.036076120442406545,-0.06014751099030491,0.02543635359303385,-1.4182897839683501,-2.36462788466572,0.15610617808459265,0.018048194985341104,0.263,0.152,0.024,True,999,0.0001218749675899744,0.009595499956049025,weak_10x10_bal_strong_1000,weak_null,False,1245,2587230331,-1.5543122344752192e-15,0,60
1000,1000,0.13418488725202637,0.15067868354671154,0.08975565036689659,0.12762092145237602,-0.01649379629468517,-0.037865271085479435,0.02500898035829809,-0.6595149445672005,-1.5140669688644692,0.5095651526232083,0.13000885521801603,0.594,0.511,0.153,True,999,0.00013204209972172976,0.009750582976266742,weak_10x10_bal_strong_1000,weak_null,False,1246,2587230331,-1.5543122344752192e-15,0,53
1000,1000,0.16063476809213784,0.1410125331458808,0.11752882622886318,0.11547465152273162,0.019622234946257033,0.002054174706131562,0.02525422568643544,0.7769881836763871,0.08133984116705273,0.4371657418323692,0.9351716902741145,0.565,0.471,0.948,True,999,0.00014774990268051624,0.00968079105950892,weak_10x10_bal_strong_1000,weak_null,False,1247,2587230331,-1.5543122344752192e-15,1,52
1000,1000,0.1358405425713909,0.13049078527630908,0.0920087014596902,0.10767590315373354,0.005349757295081803,-0.015667201694043342,0.02408972048893987,0.2220763540007862,-0.6503687621131389,0.8242544450431095,0.5154540502228848,0.876,0.837,0.519,True,999,0.0001395411090925336,0.009771083015948534,weak_10x10_bal_strong_1000,weak_null,False,1248,2587230331,-1.5543122344752192e-15,1,56
1000,1000,0.1256360348562895,0.09851152319885437,0.08321997059010755,0.08215674596448252,0.027124511657435124,0.0010632246256250255,0.02263993496862738,1.1980825781974247,0.04696235334148961,0.23088487050646178,0.9625432320859747,0.391,0.229,0.958,True,999,0.00012854195665568113,0.009623499936424196,weak_10x10_bal_strong_1000,weak_null,False,1249,2587230331,-1.5543122344752192e-15,1,62
1000,1000,0.1459283290961122,0.13472118332237704,0.10324393895325557,0.11123101675809721,0.011207145773735161,-0.007987077804841647,0.02481097119507259,0.45170121256522505,-0.3219171769635469,0.6514842445845211,0.7475154399743928,0.746,0.666,0.77,True,999,0.00012670806609094143,0.009542042040266097,weak_10x10_bal_strong_1000,weak_null,False,1250,2587230331,-1.5543122344752192e-15,1,55
1000,1000,0.10821380472160724,0.12063750607067686,0.06546700836042874,0.09886402056145016,-0.012423701349069616,-0.033397012201021425,0.022792719517891157,-0.5450732344298637,-1.4652491193429737,0.5857031503267771,0.1428529627536113,0.671,0.567,0.148,True,999,0.00012608303222805262,0.0094955840613693,weak_10x10_bal_strong_1000,weak_null,False,1251,2587230331,-1.5543122344752192e-15,1,57
1000,1000,0.13212750167958642,0.1037204706291317,0.08793356397109164,0.08520206219043303,0.028407031050454723,0.0027315017806586184,0.023105297259047114,1.22945966597905,0.11821972035391456,0.21889951142761777,0.9058935649432255,0.346,0.201,0.907,True,999,0.00015004200395196676,0.009501041029579937,weak_10x10_bal_strong_1000,weak_null,False,1252,2587230331,-1.5543122344752192e-15,1,60
1000,1000,0.1523698160697533,0.13027405214787358,0.10873632426546465,0.10721185939269162,0.02209576392187973,0.0015244648727730237,0.024945365436147657,0.8857662950834688,0.06111214833373267,0.3757434757498995,0.9512698942642458,0.536,0.39,0.954,True,999,0.00013949989806860685,0.00963362492620945,weak_10x10_bal_strong_1000,weak_null,False,1253,2587230331,-1.5543122344752192e-15,0,54
1000,1000,0.11669453407647623,0.11545163139702652,0.07391135787793246,0.09106004221035846,0.0012429026794497089,-0.017148684332426,0.022736195098893606,0.054666256778830656,-0.7542460054479606,0.9564043523361446,0.4507015175517394,0.962,0.949,0.446,True,999,0.0001324999611824751,0.009527250076644123,weak_10x10_bal_strong_1000,weak_null,False,1254,2587230331,-1.5543122344752192e-15,1,55
1000,1000,0.15473086509210887,0.13321417686431603,0.11131039416750355,0.10676505438323147,0.021516688227792846,0.004545339784272073,0.024818007336312096,0.8669788809479085,0.1831468466697416,0.38595358123789947,0.8546827990388028,0.518,0.409,0.859,True,999,0.00011712498962879181,0.009411708102561533,weak_10x10_bal_strong_1000,weak_null,False,1255,2587230331,-1.5543122344752192e-15,1,51
1000,1000,0.12356927896148573,0.10004695665754004,0.0802750928187379,0.07728432226952009,0.023522322303945686,0.002990770549217814,0.022638532079149842,1.0390392019105257,0.13210973833291614,0.2987865047228946,0.894897493352747,0.453,0.295,0.907,True,999,0.0001260419376194477,0.00960766605567187,weak_10x10_bal_strong_1000,weak_null,False,1256,2587230331,-1.5543122344752192e-15,0,56
1000,1000,0.12323668893220896,0.14973435408567082,0.08035786703021586,0.12429246250655979,-0.026497665153461858,-0.04393459547634393,0.02552721188664856,-1.038016422283895,-1.7210886825961178,0.2992624095858605,0.08523473264332593,0.419,0.305,0.084,True,999,0.00012162502389401197,0.009520917083136737,weak_10x10_bal_strong_1000,weak_null,False,1257,2587230331,-1.5543122344752192e-15,1,52
1000,1000,0.13244414963407314,0.13418635323096428,0.08794593916127269,0.11039671470564372,-0.0017422035968911453,-0.022450775544371027,0.02426227235971107,-0.0718071073913166,-0.9253368856600529,0.9427554165442473,0.354790697682389,0.941,0.928,0.355,True,999,0.00013183406554162502,0.009554042015224695,weak_10x10_bal_strong_1000,weak_null,False,1258,2587230331,-1.5543122344752192e-15,0,55
1000,1000,0.14040031854325719,0.11240807665795038,0.09646428472888147,0.08377962097245018,0.0279922418853068,0.012684663756431291,0.02331341753763295,1.2006923412288741,0.5440928485047494,0.22987056610661138,0.5863775814599929,0.365,0.237,0.591,True,999,0.0001585830468684435,0.009605666971765459,weak_10x10_bal_strong_1000,weak_null,False,1259,2587230331,-1.5543122344752192e-15,1,50
1000,1000,0.1415802564122921,0.11977526132202748,0.09736595650929303,0.0962617189408661,0.021804995090264623,0.0011042375684269246,0.023772833937417446,0.9172232114886595,0.04644955546039889,0.35902568602798024,0.9629519395637505,0.498,0.355,0.961,True,999,0.0001319999573752284,0.009454042068682611,weak_10x10_bal_strong_1000,weak_null,False,1260,2587230331,-1.5543122344752192e-15,0,54
1000,1000,0.15288149594405986,0.12600824403189315,0.10930175520115881,0.10591405928062159,0.026873251912166718,0.003387695920537226,0.024697593717375455,1.0880919096689419,0.13716704385471715,0.27655453493725024,0.8908987598418454,0.403,0.288,0.884,True,999,0.00011616700794547796,0.009581999969668686,weak_10x10_bal_strong_1000,weak_null,False,1261,2587230331,-1.5543122344752192e-15,1,57
1000,1000,0.1490094545842764,0.11900947836456255,0.10447381915673759,0.09466477704665976,0.029999976219713842,0.009809042110077826,0.02426625037351619,1.2362839646810597,0.4042257027391122,0.21635302947209267,0.6860467546834195,0.346,0.205,0.67,True,999,0.00012108404189348221,0.009567750035785139,weak_10x10_bal_strong_1000,weak_null,False,1262,2587230331,-1.5543122344752192e-15,0,55
1000,1000,0.12292034146566388,0.11142350149856278,0.0793728880148592,0.08675021701566266,0.011496839967101102,-0.0073773290008034564,0.02375128998607969,0.4840511809606655,-0.31060750827122274,0.6283495466765834,0.7560990185726545,0.741,0.64,0.767,True,999,0.00012812495697289705,0.009531584102660418,weak_10x10_bal_strong_1000,weak_null,False,1263,2587230331,-1.5543122344752192e-15,0,55
1000,1000,0.14461599830796334,0.12708976199449057,0.10015249245407176,0.10201001782172625,0.017526236313472776,-0.001857525367654489,0.024303131335172895,0.721151364067551,-0.07643152407139285,0.47081639170672784,0.9390757903679221,0.589,0.5,0.943,True,999,0.00013025000225752592,0.009593083057552576,weak_10x10_bal_strong_1000,weak_null,False,1264,2587230331,-1.5543122344752192e-15,0,54
1000,1000,0.14080031247498148,0.14179719113626799,0.0973932578658605,0.1223143841766614,-0.0009968786612865044,-0.0249211263108009,0.02470267712622687,-0.04035508605778265,-1.0088431380719503,0.96781003719096,0.3130498689387796,0.983,0.977,0.323,True,999,0.00014433299656957388,0.009656084002926946,weak_10x10_bal_strong_1000,weak_null,False,1265,2587230331,-1.5543122344752192e-15,0,57
1000,1000,0.13362029886474547,0.1682653278736232,0.08917470563210372,0.14589841544091087,-0.034645029008877726,-0.05672370980880714,0.026746226504367657,-1.2953239965727574,-2.120811689063658,0.1952084845051797,0.033937652628293985,0.291,0.215,0.039,True,999,0.00012866698671132326,0.009607250103726983,weak_10x10_bal_strong_1000,weak_null,False,1266,2587230331,-1.5543122344752192e-15,0,56
1000,1000,0.12264067937075884,0.13511793977531428,0.07911016877051225,0.11117229225851588,-0.012477260404555435,-0.032062123488003635,0.02474650146992464,-0.5042030050073754,-1.2956224752403869,0.6141187289729056,0.19510558203353223,0.689,0.607,0.191,True,999,0.00012874999083578587,0.009520999970845878,weak_10x10_bal_strong_1000,weak_null,False,1267,2587230331,-1.5543122344752192e-15,0,54
1000,1000,0.1482112404796121,0.10243958186485236,0.10526478135125217,0.08258936999180833,0.045771658614759736,0.022675411359443842,0.02306810933941519,1.984196361361625,0.9829765858053929,0.04723395403364421,0.32561896249825895,0.14,0.045,0.315,True,999,0.00012641598004847765,0.009641083073802292,weak_10x10_bal_strong_1000,weak_null,False,1268,2587230331,-1.5543122344752192e-15,2,58
1000,1000,0.16218223681180177,0.12537238941325135,0.11802744151782463,0.10344614143235731,0.03680984739855042,0.01458130008546732,0.025008958626329982,1.47186645987715,0.5830430728177464,0.14105694236103186,0.5598643046348792,0.259,0.141,0.571,True,999,0.00012387498281896114,0.009620915981940925,weak_10x10_bal_strong_1000,weak_null,False,1269,2587230331,-1.5543122344752192e-15,1,57
1000,1000,0.1691667775131238,0.1590061229345806,0.12485409835926475,0.13190216588748171,0.010160654578543205,-0.007048067528216961,0.026702418010269298,0.3805144004050715,-0.2639486628329462,0.7035636090741846,0.7918194773235001,0.755,0.713,0.797,True,999,0.00012149999383836985,0.009658875060267746,weak_10x10_bal_strong_1000,weak_null,False,1270,2587230331,-1.5543122344752192e-15,0,50
1000,1000,0.18035029660030455,0.14986386266527718,0.13504235938717102,0.12926963227607757,0.03048643393502737,0.005772727111093445,0.025615982416862398,1.190133309701168,0.22535645977385568,0.2339940000242262,0.8217019805102395,0.348,0.25,0.832,True,999,0.00012845895253121853,0.009638334042392671,weak_10x10_bal_strong_1000,weak_null,False,1271,2587230331,-1.5543122344752192e-15,1,57
1000,1000,0.1658247106058357,0.1736557174740846,0.12208775957242324,0.15029522320458,-0.007831006868248891,-0.02820746363215676,0.026715641182139455,-0.29312442156485663,-1.0558407877934313,0.7694270505069069,0.29104096004284363,0.795,0.764,0.3,True,999,0.0001199580729007721,0.009637457900680602,weak_10x10_bal_strong_1000,weak_null,False,1272,2587230331,-1.5543122344752192e-15,1,54
1000,1000,0.13356159378724053,0.11350330465723835,0.09057915953462725,0.09254541259258531,0.020058289130002183,-0.001966253057958056,0.023339284466267842,0.859421768434775,-0.08424650124985075,0.3901078640918584,0.9328604469222317,0.513,0.382,0.929,True,999,0.0001343749463558197,0.009656792040914297,weak_10x10_bal_strong_1000,weak_null,False,1273,2587230331,-1.5543122344752192e-15,1,58
1000,1000,0.14636915645630344,0.12619073698052913,0.10180184931004987,0.10171634090318094,0.020178419475774312,8.550840686893935e-05,0.024772083505257537,0.8145628716087493,0.0034518052085038124,0.41532257028964303,0.9972458633864746,0.507,0.406,0.999,True,999,0.00012637500185519457,0.009549790993332863,weak_10x10_bal_strong_1000,weak_null,False,1274,2587230331,-1.5543122344752192e-15,0,55
1000,1000,0.13124679054829658,0.13945746024575478,0.08688262896703236,0.11803045337205731,-0.008210669697458206,-0.03114782440502495,0.02476361732427391,-0.33156180657863354,-1.2578059173323228,0.7402201634923173,0.20846195516736266,0.796,0.75,0.253,True,999,0.00013033405411988497,0.009623624966479838,weak_10x10_bal_strong_1000,weak_null,False,1275,2587230331,-1.5543122344752192e-15,0,57
1000,1000,0.13697003888565984,0.12931922489372916,0.09455688135813034,0.10349750546822634,0.007650813991930683,-0.008940624110095996,0.024071546072387585,0.31783641852182126,-0.3714187731527459,0.7506090240239434,0.7103256450639973,0.799,0.753,0.711,True,999,0.00012791703920811415,0.009728416916914284,weak_10x10_bal_strong_1000,weak_null,False,1276,2587230331,-1.5543122344752192e-15,2,54
1000,1000,0.16058489593680747,0.13333493118544337,0.1159970277285538,0.11051991699241626,0.027249964751364097,0.005477110736137547,0.02599545180282557,1.0482589399889626,0.21069496224498063,0.29451932167908423,0.8331253059141852,0.413,0.289,0.817,True,999,0.0001261659199371934,0.00966454204171896,weak_10x10_bal_strong_1000,weak_null,False,1277,2587230331,-1.5543122344752192e-15,0,55
1000,1000,0.1679546378452894,0.15813598720749367,0.12252073670697428,0.12414412048474333,0.009818650637795745,-0.0016233837777690496,0.025910532200759177,0.3789443829914099,-0.06265343240311692,0.7047291648858472,0.9500424800530874,0.767,0.715,0.958,True,999,0.0001935840118676424,0.009533624979667366,weak_10x10_bal_strong_1000,weak_null,False,1278,2587230331,-1.5543122344752192e-15,0,44
1000,1000,0.17283021052348646,0.13617143500472917,0.12744596985612588,0.11364116172740069,0.03665877551875729,0.013804808128725199,0.025731037581182135,1.424690916683707,0.5365041376652864,0.15424656593679054,0.5916101770547882,0.256,0.162,0.622,True,999,0.0001177910016849637,0.009654042078182101,weak_10x10_bal_strong_1000,weak_null,False,1279,2587230331,-1.5543122344752192e-15,0,55
1000,1000,0.16767743239234933,0.12776460486779695,0.12389702087193655,0.10574296394668181,0.039912827524552386,0.018154056925254736,0.02497469618767401,1.598130652906638,0.7268980086418217,0.11001390302883315,0.46728843717008595,0.252,0.13,0.505,True,999,0.00012370804324746132,0.009613041998818517,weak_10x10_bal_strong_1000,weak_null,False,1280,2587230331,-1.5543122344752192e-15,1,57
1000,1000,0.15689668545377078,0.12244385505620464,0.11333445503350958,0.10143486269100777,0.034452830397566137,0.011899592342501819,0.024829687898771248,1.3875659870566117,0.4792485669177782,0.1652692446197428,0.6317618071621633,0.289,0.185,0.643,True,999,0.000134333036839962,0.009640124975703657,weak_10x10_bal_strong_1000,weak_null,False,1281,2587230331,-1.5543122344752192e-15,1,58
1000,1000,0.14343476113826137,0.13608989206930355,0.10070164848957575,0.11355309385544388,0.0073448690689578155,-0.01285144536586813,0.024206660231797354,0.3034234792666587,-0.5309053476524922,0.7615671546861639,0.595484371834264,0.809,0.756,0.612,True,999,0.00014224997721612453,0.009532166994176805,weak_10x10_bal_strong_1000,weak_null,False,1282,2587230331,-1.5543122344752192e-15,2,55
1000,1000,0.15672603457567158,0.13858998291322877,0.11321745877648937,0.115003668050349,0.01813605166244281,-0.0017862092738596402,0.025043739063383776,0.7241750769141084,-0.07132358588064194,0.46895825745116704,0.9431402242106399,0.536,0.446,0.949,True,999,0.00012754101771861315,0.009635042049922049,weak_10x10_bal_strong_1000,weak_null,False,1283,2587230331,-1.5543122344752192e-15,1,55
1000,1000,0.1253699046001029,0.1449496621916858,0.08192765267267532,0.11948581471028774,-0.019579757591582925,-0.03755816203761242,0.024759190886535234,-0.790807651239967,-1.5169381830662987,0.4290562443919399,0.12928229210638675,0.49,0.39,0.117,True,999,0.00012904196046292782,0.009425458032637835,weak_10x10_bal_strong_1000,weak_null,False,1284,2587230331,-1.5543122344752192e-15,0,52
1000,1000,0.12955980400937683,0.12002252721311768,0.08644654456111311,0.10071762461581102,0.009537276796259153,-0.014271080054697904,0.024950915061830146,0.38224156399174547,-0.5719661992088527,0.7022821946635149,0.5673448740488264,0.761,0.701,0.584,True,999,0.000124208047054708,0.009493332938291132,weak_10x10_bal_strong_1000,weak_null,False,1285,2587230331,-1.5543122344752192e-15,0,59
1000,1000,0.14544148628885445,0.1370181177802674,0.10101809005027462,0.1042247404139971,0.008423368508587048,-0.003206650363722474,0.02441685161676615,0.34498176262835756,-0.13132939553601522,0.7301080813715377,0.8955147388952224,0.809,0.756,0.901,True,999,0.00012545904610306025,0.009590584086254239,weak_10x10_bal_strong_1000,weak_null,False,1286,2587230331,-1.5543122344752192e-15,1,46
1000,1000,0.12499540060185055,0.14760183985397612,0.08186005941115582,0.12575056047103317,-0.022606439252125576,-0.04389050105987735,0.024733617478849192,-0.9139964775252686,-1.7745281739482732,0.3607186966079414,0.07597582609376001,0.465,0.368,0.088,True,999,0.00012637500185519457,0.009595625102519989,weak_10x10_bal_strong_1000,weak_null,False,1287,2587230331,-1.5543122344752192e-15,0,56
1000,1000,0.15088154759915584,0.12334901361282014,0.1064681662151088,0.09990475530975118,0.027532533986335705,0.006563410905357614,0.024888000021996953,1.1062573915943994,0.2637178921390479,0.2686151283291107,0.7919973075295653,0.405,0.294,0.798,True,999,0.00017329200636595488,0.009557916084304452,weak_10x10_bal_strong_1000,weak_null,False,1288,2587230331,-1.5543122344752192e-15,0,55
1000,1000,0.16536258769596834,0.13908429561459557,0.1220643357469271,0.11270089231970815,0.02627829208137278,0.009363443427218954,0.024991357796412882,1.0514951726690343,0.3746672551166039,0.29303122534422077,0.7079079478496335,0.395,0.29,0.715,True,999,0.00012645800597965717,0.009727625059895217,weak_10x10_bal_strong_1000,weak_null,False,1289,2587230331,-1.5543122344752192e-15,1,53
1000,1000,0.16501925676434137,0.14247748369894403,0.12062926122825957,0.12463899130233358,0.02254177306539734,-0.004009730074074014,0.02558022444312926,0.8812187365874331,-0.156751168582925,0.37819943996594707,0.8754409588020426,0.487,0.376,0.873,True,999,0.00012866593897342682,0.009657750022597611,weak_10x10_bal_strong_1000,weak_null,False,1290,2587230331,-1.5543122344752192e-15,0,62
1000,1000,0.14440825951045033,0.1354802751259062,0.10192221471834273,0.11079938237742226,0.008927984384544119,-0.008877167659079532,0.024269901429613907,0.3678624081122256,-0.3657685913898148,0.7129758317271611,0.7145377586521404,0.761,0.695,0.697,True,999,0.0001324580516666174,0.009670833009295166,weak_10x10_bal_strong_1000,weak_null,False,1291,2587230331,-1.5543122344752192e-15,2,51
1000,1000,0.14276255042689634,0.11307785916468815,0.09840377965201696,0.09019533941204827,0.029684691262208185,0.008208440239968695,0.023614224201266312,1.257068240277669,0.34760575532811777,0.20872892636817675,0.728136283404597,0.342,0.21,0.726,True,999,0.0001243329606950283,0.009471624973230064,weak_10x10_bal_strong_1000,weak_null,False,1292,2587230331,-1.5543122344752192e-15,0,56
1000,1000,0.15055285146755626,0.1392606730416891,0.1063326808121019,0.11641097886911211,0.011292178425867161,-0.010078298057010215,0.024670043540794325,0.45772835411475626,-0.4085237239384992,0.6471476146237153,0.6828892169312184,0.74,0.665,0.703,True,999,0.00011908297892659903,0.009576415992341936,weak_10x10_bal_strong_1000,weak_null,False,1293,2587230331,-1.5543122344752192e-15,0,56
1000,1000,0.12713372011523694,0.13546707040576922,0.0824641528288339,0.11215614885202285,-0.008333350290532282,-0.02969199602318895,0.023645567938012507,-0.3524275801866288,-1.2557108419229903,0.7245176211261675,0.20922082689973942,0.795,0.736,0.213,True,999,0.00012620899360626936,0.009629542008042336,weak_10x10_bal_strong_1000,weak_null,False,1294,2587230331,-1.5543122344752192e-15,0,53
1000,1000,0.15873493940403982,0.12612162686594086,0.11635387144588094,0.09205995493903174,0.03261331253809896,0.0242939165068492,0.023782485037502646,1.3713164325204437,1.0215045428827172,0.17027633533057485,0.3070154578722857,0.278,0.161,0.296,True,999,0.00012383400462567806,0.009665791993029416,weak_10x10_bal_strong_1000,weak_null,False,1295,2587230331,-1.5543122344752192e-15,3,45
1000,1000,0.13990054042754663,0.13388479995568991,0.09626022882503094,0.11168475218823914,0.006015740471856712,-0.015424523363208209,0.025279887214154508,0.23796547907414822,-0.6101500071001834,0.8119078688764153,0.54176244300517,0.853,0.815,0.545,True,999,0.00012095808051526546,0.009540250059217215,weak_10x10_bal_strong_1000,weak_null,False,1296,2587230331,-1.5543122344752192e-15,0,55
1000,1000,0.14739437512767362,0.14906716854989877,0.10386781018451074,0.11974272009308606,-0.0016727934222251495,-0.01587490990857532,0.02511433647833732,-0.0666071119843456,-0.6321054877268375,0.9468944837771255,0.5273179495379047,0.958,0.945,0.547,True,999,0.0001247080508619547,0.00973462499678135,weak_10x10_bal_strong_1000,weak_null,False,1297,2587230331,-1.5543122344752192e-15,1,49
1000,1000,0.13882741528996512,0.11867495022557717,0.09472308840850019,0.09288344325000253,0.020152465064387948,0.0018396451584976603,0.024159191571926725,0.8341531215723856,0.07614680122969637,0.40419470374630806,0.9393023062014433,0.55,0.431,0.95,True,999,0.0001324580516666174,0.009706999990157783,weak_10x10_bal_strong_1000,weak_null,False,1298,2587230331,-1.5543122344752192e-15,0,53
1000,1000,0.13131861663581335,0.12582193445715195,0.08709674036981596,0.10076937448286571,0.005496682178661394,-0.013672634113049753,0.024243391408576547,0.2267290943756673,-0.5639736570937351,0.8206344021546397,0.5727720602026767,0.873,0.842,0.605,True,999,0.00012999994214624166,0.00958804099354893,weak_10x10_bal_strong_1000,weak_null,False,1299,2587230331,-1.5543122344752192e-15,0,54
1000,1000,0.18039950406392702,0.13881405454289342,0.1376947508374542,0.11518477814331618,0.0415854495210336,0.022509972694138014,0.0253469301575028,1.6406503376395714,0.8880749090427807,0.10087001941491383,0.3745004583016638,0.196,0.102,0.403,True,999,0.00013054197188466787,0.009671875042840838,weak_10x10_bal_strong_1000,weak_null,False,1300,2587230331,-1.5543122344752192e-15,3,54
1000,1000,0.15251300213680796,0.15723953501234023,0.10868138814885242,0.13448506354802703,-0.004726532875532263,-0.025803675399174608,0.02588039561017477,-0.1826298541462035,-0.9970355858482318,0.8550884580672746,0.3187472371184944,0.898,0.873,0.333,True,999,0.00012929097283631563,0.009638207964599133,weak_10x10_bal_strong_1000,weak_null,False,1301,2587230331,-1.5543122344752192e-15,0,55
1000,1000,0.13867836125075117,0.12889461465945573,0.09536357777324156,0.1049316455363396,0.009783746591295439,-0.009568067763098043,0.024809195561117162,0.3943596868021494,-0.3856661833120393,0.6933155024377102,0.6997439106680999,0.764,0.705,0.706,True,999,0.00011775002349168062,0.009528333088383079,weak_10x10_bal_strong_1000,weak_null,False,1302,2587230331,-1.5543122344752192e-15,0,53
1000,1000,0.1232888531873324,0.1291068773526871,0.07892714020999847,0.10457082112611715,-0.005818024165354707,-0.025643680916118683,0.023654545321809217,-0.2459579791622778,-1.0840910517301512,0.8057147611583944,0.27832442996369033,0.865,0.814,0.309,True,999,0.0001323750475421548,0.009653958957642317,weak_10x10_bal_strong_1000,weak_null,False,1303,2587230331,-1.5543122344752192e-15,0,53
1000,1000,0.16063988576253863,0.1573839111692631,0.1175554123396978,0.13257197146128874,0.0032559745932755346,-0.015016559121590944,0.025332860987351474,0.12852770932194435,-0.5927699650303458,0.897731371205328,0.5533351108474194,0.917,0.895,0.56,True,999,0.00012574996799230576,0.00977020908612758,weak_10x10_bal_strong_1000,weak_null,False,1304,2587230331,-1.5543122344752192e-15,2,54
1000,1000,0.14695130493207564,0.09555720504788756,0.10346405038262674,0.0716714804939329,0.05139409988418808,0.031792569888693833,0.0227816642256013,2.255941417415548,1.3955332487503862,0.024074300223806976,0.1628550956981527,0.119,0.023,0.18,True,999,0.00012108299415558577,0.009580082958564162,weak_10x10_bal_strong_1000,weak_null,False,1305,2587230331,-1.5543122344752192e-15,1,54
1000,1000,0.1602571476615129,0.16167849108414295,0.11518979482707437,0.14073093182406637,-0.0014213434226300614,-0.02554113699699201,0.025557009546939843,-0.05561462189148225,-0.9993789355550898,0.9556488159486567,0.31761116002352474,0.969,0.962,0.327,True,999,0.00012616696767508984,0.009682625066488981,weak_10x10_bal_strong_1000,weak_null,False,1306,2587230331,-1.5543122344752192e-15,0,58
1000,1000,0.14456282453316183,0.13007876768493254,0.09997679021716976,0.11169230499262994,0.014484056848229288,-0.011715514775460178,0.024426223689931366,0.5929715961047103,-0.47962857149668137,0.553200161375262,0.6314915264011596,0.639,0.549,0.641,True,999,0.00016616692300885916,0.009541666018776596,weak_10x10_bal_strong_1000,weak_null,False,1307,2587230331,-1.5543122344752192e-15,1,59
1000,1000,0.15595511203394619,0.13928987253682368,0.11209619861574538,0.11801502785533557,0.016665239497122508,-0.005918829239590195,0.02611724823243275,0.6380932381853074,-0.22662530090900287,0.5234129879456779,0.8207151168290788,0.616,0.544,0.828,True,999,0.00013158400543034077,0.009662666940130293,weak_10x10_bal_strong_1000,weak_null,False,1308,2587230331,-1.5543122344752192e-15,0,57
1000,1000,0.14090065737434543,0.1397346493953202,0.09606406880629947,0.12340259312725266,0.0011660079790252187,-0.027338524320953184,0.02420127964367996,0.048179600260505884,-1.129631355178878,0.9615731079381084,0.2586315931101858,0.969,0.96,0.255,True,999,0.0001242499565705657,0.009552499977871776,weak_10x10_bal_strong_1000,weak_null,False,1309,2587230331,-1.5543122344752192e-15,0,61
1000,1000,0.14734065153356157,0.14587786379907264,0.10286511509093543,0.1246307187182083,0.001462787734488935,-0.021765603627272867,0.025307309473287,0.057800997614265284,-0.8600520592774763,0.9539071435281703,0.38976034617240374,0.97,0.963,0.406,True,999,0.00012687500566244125,0.009774499922059476,weak_10x10_bal_strong_1000,weak_null,False,1310,2587230331,-1.5543122344752192e-15,0,57
1000,1000,0.14650453311249834,0.0986861648875651,0.10174138153161039,0.07721931097756851,0.04781836822493324,0.024522070554041875,0.022737120116731922,2.1030969612437587,1.0785038047099216,0.03545729455100086,0.28080898475779725,0.114,0.038,0.278,True,999,0.00014816690236330032,0.009790917043574154,weak_10x10_bal_strong_1000,weak_null,False,1311,2587230331,-1.5543122344752192e-15,0,58
1000,1000,0.11516160665459685,0.16278200899054074,0.07223577246622881,0.13924757908296215,-0.04762040233594389,-0.06701180661673334,0.024981759187053525,-1.9062069239952706,-2.6824294524246852,0.05662336426679938,0.007308956574580436,0.127,0.063,0.012,True,999,0.00014233309775590897,0.009596167015843093,weak_10x10_bal_strong_1000,weak_null,False,1312,2587230331,-1.5543122344752192e-15,1,54
1000,1000,0.13583740287847812,0.1522520112379684,0.0920807905208676,0.12666734129913948,-0.016414608359490268,-0.034586550778271885,0.02394171864368226,-0.6856069359006419,-1.444614369294603,0.49296100659667785,0.14856623436053898,0.566,0.463,0.146,True,999,0.00012304203119128942,0.009488874929957092,weak_10x10_bal_strong_1000,weak_null,False,1313,2587230331,-1.5543122344752192e-15,1,52
1000,1000,0.15913364267102859,0.09972366775896657,0.11453101824872647,0.07303854395161125,0.059409974912062014,0.04149247429711522,0.023641043102130225,2.513001421105178,1.7551033648501093,0.011970885270347422,0.0792416288834173,0.064,0.016,0.075,True,999,0.00012866698671132326,0.009552041999995708,weak_10x10_bal_strong_1000,weak_null,False,1314,2587230331,-1.5543122344752192e-15,0,52
1000,1000,0.16181719116037918,0.12336469068164335,0.11819891692948659,0.09276045687579426,0.03845250047873583,0.025438460053692324,0.024404239700952596,1.5756483688871026,1.0423787163793248,0.11510686246294372,0.29723613017594297,0.233,0.102,0.312,True,999,0.00012804206926375628,0.009504750021733344,weak_10x10_bal_strong_1000,weak_null,False,1315,2587230331,-1.5543122344752192e-15,2,49
1000,1000,0.14187822294047114,0.12524841493248207,0.09780060208231589,0.10138394942333662,0.016629808007989078,-0.003583347341020726,0.024576111215428173,0.6766655579565153,-0.14580611674524016,0.4986181738292701,0.8840744470483972,0.607,0.498,0.882,True,999,0.0001243329606950283,0.009690416976809502,weak_10x10_bal_strong_1000,weak_null,False,1316,2587230331,-1.5543122344752192e-15,0,56
1000,1000,0.14702847717840184,0.13586956727434324,0.10361003421985515,0.11105426916481065,0.0111589099040586,-0.007444234944955497,0.025407435580415923,0.4391985908510932,-0.2929943449583523,0.6605176460236293,0.769526474185782,0.729,0.674,0.783,True,999,0.00017254205886274576,0.00964333291631192,weak_10x10_bal_strong_1000,weak_null,False,1317,2587230331,-1.5543122344752192e-15,1,55
1000,1000,0.1452934535006407,0.12387175832642194,0.1008618603495961,0.10196008347912766,0.02142169517421877,-0.0010982231295315614,0.023812083464242552,0.8996144838139295,-0.04612041324232337,0.36832544662565825,0.9632142759045852,0.5,0.368,0.959,True,999,0.00012983300257474184,0.009643582976423204,weak_10x10_bal_strong_1000,weak_null,False,1318,2587230331,-1.5543122344752192e-15,0,56
1000,1000,0.14021880237107043,0.15878353302766268,0.09624763104648082,0.13242574427954423,-0.018564730656592254,-0.036178113233063414,0.02560053373057866,-0.7251696723188836,-1.4131780850275917,0.4683479458620321,0.15760336847224077,0.563,0.487,0.135,True,999,0.00011954200454056263,0.009510000003501773,weak_10x10_bal_strong_1000,weak_null,False,1319,2587230331,-1.5543122344752192e-15,0,51
1000,1000,0.13526676529554305,0.1593213394299271,0.091268653100542,0.1369630290587338,-0.024054574134384055,-0.04569437595819181,0.024824091754706703,-0.9690011772464245,-1.8407270005972347,0.33254460180432344,0.06566157509047878,0.45,0.352,0.081,True,999,0.00012575008440762758,0.009590375004336238,weak_10x10_bal_strong_1000,weak_null,False,1320,2587230331,-1.5543122344752192e-15,0,55
1000,1000,0.15823959752735917,0.1068345966590783,0.11507334160796745,0.08574364230958054,0.05140500086828087,0.029329699298386913,0.02395191595534567,2.1461749015868654,1.224524140493279,0.031859027204005366,0.22075456531188342,0.115,0.03,0.227,True,999,0.00012795894872397184,0.00969150010496378,weak_10x10_bal_strong_1000,weak_null,False,1321,2587230331,-1.5543122344752192e-15,1,58
1000,1000,0.16106229631571223,0.11278099686745824,0.11819061609003256,0.08635822535995885,0.04828129944825399,0.03183239073007371,0.02384047800108508,2.0251816866279486,1.3352245172527533,0.04284871144137244,0.1818028748582703,0.132,0.044,0.201,True,999,0.00012779200915247202,0.009547707973979414,weak_10x10_bal_strong_1000,weak_null,False,1322,2587230331,-1.5543122344752192e-15,2,53
1000,1000,0.13737089067462804,0.13858226916073524,0.09399942902564362,0.10933261810180284,-0.0012113784861071952,-0.015333189076159215,0.023979841775838433,-0.050516533738256514,-0.6394199436131643,0.9597107742080303,0.5225497782562486,0.972,0.967,0.523,True,999,0.00012575008440762758,0.009544999920763075,weak_10x10_bal_strong_1000,weak_null,False,1323,2587230331,-1.5543122344752192e-15,1,48
1000,1000,0.15393306449820665,0.1490728850354256,0.10917596053877787,0.12561896768193037,0.004860179462781056,-0.0164430071431525,0.02447622155368717,0.19856739129936926,-0.6717951587047747,0.8426011635978825,0.5017141112291648,0.86,0.829,0.518,True,999,0.00012362503912299871,0.009556417004205287,weak_10x10_bal_strong_1000,weak_null,False,1324,2587230331,-1.5543122344752192e-15,1,54
1000,1000,0.144344612699435,0.11680052318840517,0.10089831973755281,0.09728243876151055,0.027544089511029823,0.0036158809760422628,0.02385133536020297,1.154823790578551,0.1516007771235955,0.24816259261601448,0.8795018204366133,0.377,0.259,0.881,True,999,0.00012674997560679913,0.009654125082306564,weak_10x10_bal_strong_1000,weak_null,False,1325,2587230331,-1.5543122344752192e-15,1,58
1000,1000,0.14291556716233256,0.18286367590896102,0.09879135509845582,0.15853953521775566,-0.03994810874662846,-0.05974818011929983,0.02597362467789203,-1.538025949094086,-2.3003404746260037,0.12404227018722824,0.021428938319226303,0.2,0.132,0.028,True,999,0.00012354098726063967,0.009626207989640534,weak_10x10_bal_strong_1000,weak_null,False,1326,2587230331,-1.5543122344752192e-15,0,54
1000,1000,0.16072629306968222,0.13632674462075467,0.11891121614007716,0.10196303695568076,0.024399548448927555,0.016948179184396395,0.023543217404873536,1.0363727280484933,0.7198752359517377,0.3000282883858214,0.47160181654770816,0.403,0.294,0.457,True,999,0.0001265419414266944,0.009499624953605235,weak_10x10_bal_strong_1000,weak_null,False,1327,2587230331,-1.5543122344752192e-15,3,43
1000,1000,0.15356025002052798,0.15680776269314178,0.11006390262355126,0.12646509756234536,-0.003247512672613806,-0.016401194938794106,0.025113134076170458,-0.12931530818749265,-0.6530923177110338,0.8971081589555601,0.5136967646102213,0.921,0.907,0.528,True,999,0.0001266660401597619,0.009690042003057897,weak_10x10_bal_strong_1000,weak_null,False,1328,2587230331,-1.5543122344752192e-15,1,49
1000,1000,0.14735338645237883,0.10934983426910738,0.10401906645893177,0.0848474246243427,0.03800355218327145,0.01917164183458908,0.02418037614683324,1.5716691896146764,0.7928595369307304,0.11602729113434693,0.4278596642803584,0.237,0.132,0.402,True,999,0.00013154197949916124,0.009652625070884824,weak_10x10_bal_strong_1000,weak_null,False,1329,2587230331,-1.5543122344752192e-15,0,54
1000,1000,0.14565494216608998,0.13429544779696434,0.10308657177802161,0.10959900687453228,0.011359494369125644,-0.006512435096510671,0.024463611913474438,0.46434248586443977,-0.26620905856193927,0.6424023893025632,0.7900782069483231,0.726,0.649,0.798,True,999,0.00012587499804794788,0.00966962508391589,weak_10x10_bal_strong_1000,weak_null,False,1330,2587230331,-1.5543122344752192e-15,2,54
1000,1000,0.16056713961469127,0.10717303666984623,0.11783570758962014,0.0842082578350869,0.053394102944845034,0.033627449754533245,0.02434767929010667,2.19298530708596,1.3811357277158354,0.028308437710815204,0.16723723212254749,0.121,0.038,0.193,True,999,0.00012812507338821888,0.009804416913539171,weak_10x10_bal_strong_1000,weak_null,False,1331,2587230331,-1.5543122344752192e-15,1,57
1000,1000,0.10619482009386472,0.1569792564610104,0.06308797071505978,0.13271498434971818,-0.05078443636714569,-0.0696270136346584,0.023796366371128752,-2.134125671756364,-2.9259514897675416,0.03283249496024367,0.003434044803656919,0.088,0.025,0.001,True,999,0.00012658291961997747,0.009538167039863765,weak_10x10_bal_strong_1000,weak_null,False,1332,2587230331,-1.5543122344752192e-15,1,52
1000,1000,0.16765653090391996,0.1280946730279533,0.12581884946030186,0.10403504317844181,0.039561857875966666,0.021783806281860052,0.02405919344630167,1.6443551178997664,0.9054254595225683,0.1001028702660311,0.3652400329849491,0.203,0.105,0.388,True,999,0.000126624945551157,0.009691709070466459,weak_10x10_bal_strong_1000,weak_null,False,1333,2587230331,-1.5543122344752192e-15,4,53
1000,1000,0.14593542702883466,0.12080598753066751,0.10108713595036534,0.09602190057057669,0.02512943949816715,0.005065235379788646,0.024873037790361312,1.0103084195009424,0.20364361693494085,0.3123475485970264,0.8386320058995073,0.433,0.323,0.845,True,999,0.0001527499407529831,0.009521916974335909,weak_10x10_bal_strong_1000,weak_null,False,1334,2587230331,-1.5543122344752192e-15,0,56
1000,1000,0.12814055992429996,0.13901774253701893,0.08424490891411551,0.12003383460023542,-0.010877182612718972,-0.03578892568611991,0.02412975696298146,-0.4507787885889669,-1.483186330514033,0.6521489904510496,0.1380249119899718,0.725,0.637,0.144,True,999,0.00013475003652274609,0.009695624932646751,weak_10x10_bal_strong_1000,weak_null,False,1335,2587230331,-1.5543122344752192e-15,0,58
1000,1000,0.13054447901949162,0.16612244936177623,0.08658496902489787,0.13853294782177272,-0.035577970342284604,-0.05194797879687485,0.02588569522951246,-1.3744259146542803,-2.0068218503031976,0.16930949549740282,0.044768635417186696,0.254,0.162,0.048,True,999,0.00012612505815923214,0.009615041082724929,weak_10x10_bal_strong_1000,weak_null,False,1336,2587230331,-1.5543122344752192e-15,0,50
1000,1000,0.14683583462353544,0.1378607329625695,0.10201503764665176,0.12004858713601152,0.008975101660965934,-0.018033549489359757,0.024362079811191106,0.36840457508242297,-0.7402302935185263,0.7125715865694062,0.45916026906567,0.785,0.728,0.488,True,999,0.00012858398258686066,0.009548875037580729,weak_10x10_bal_strong_1000,weak_null,False,1337,2587230331,-1.5543122344752192e-15,0,60
1000,1000,0.13460529465644866,0.1504635150811049,0.09058129277173066,0.12398288007625524,-0.015858220424656233,-0.03340158730452458,0.025717115765857838,-0.616640706097753,-1.298807673793213,0.5374717388877956,0.19400994047679554,0.615,0.543,0.23,True,999,0.00012854195665568113,0.009582750033587217,weak_10x10_bal_strong_1000,weak_null,False,1338,2587230331,-1.5543122344752192e-15,0,53
1000,1000,0.13999463126661915,0.16756899801133507,0.09594928417527626,0.1427137132337748,-0.027574366744715917,-0.046764429058498536,0.026183622887137683,-1.053115027800886,-1.7860182779164173,0.29228827616232433,0.07409629873236147,0.389,0.289,0.087,True,999,0.00012654101010411978,0.009461875073611736,weak_10x10_bal_strong_1000,weak_null,False,1339,2587230331,-1.5543122344752192e-15,0,53
1000,1000,0.15527541542609313,0.1354963095704541,0.11115835217196945,0.10977520455401191,0.019779105855639023,0.0013831476179575475,0.025395881806221786,0.7788312296678472,0.054463460985973225,0.436079138666539,0.9565659192703294,0.537,0.431,0.957,True,999,0.0001282920129597187,0.00973183405585587,weak_10x10_bal_strong_1000,weak_null,False,1340,2587230331,-1.5543122344752192e-15,0,54
1000,1000,0.1269126120848716,0.11422566634064879,0.08310439104889156,0.09140330553987042,0.0126869457442228,-0.00829891449097886,0.024019448452821862,0.5281947155923269,-0.3455081205248859,0.597364196762626,0.7297124064395386,0.692,0.606,0.733,True,999,0.0001254999078810215,0.009537250036373734,weak_10x10_bal_strong_1000,weak_null,False,1341,2587230331,-1.5543122344752192e-15,0,55
1000,1000,0.16978603421416238,0.11241051800193358,0.12782736658573413,0.0891268065300892,0.057375516212228805,0.03870056005564493,0.023493275486914617,2.44221016538056,1.647303717917092,0.014597645785826487,0.0994956340939573,0.074,0.016,0.121,True,999,0.0001287920167669654,0.009540667058899999,weak_10x10_bal_strong_1000,weak_null,False,1342,2587230331,-1.5543122344752192e-15,3,55
1000,1000,0.17336285529276063,0.1681117078743406,0.12816954929030544,0.14947145598023326,0.005251147418420032,-0.02130190668992782,0.02621150669996806,0.2003374883606531,-0.8126929494653496,0.8412166453189605,0.41639412458309855,0.866,0.844,0.443,True,999,0.00012608303222805262,0.009629125008359551,weak_10x10_bal_strong_1000,weak_null,False,1343,2587230331,-1.5543122344752192e-15,1,58
1000,1000,0.16510305466141117,0.1272948527319817,0.1216308297452997,0.10344862431065849,0.037808201929429464,0.01818220543464122,0.024529358887963294,1.5413448880631846,0.7412425867992554,0.12323286948052893,0.45854636602457555,0.235,0.129,0.463,True,999,0.00012508302461355925,0.009517750004306436,weak_10x10_bal_strong_1000,weak_null,False,1344,2587230331,-1.5543122344752192e-15,2,54
1000,1000,0.13628730763226127,0.12285420763643873,0.09175092717714506,0.10128905200724603,0.01343309999582254,-0.009538124830100969,0.024139138447901855,0.5564863064526699,-0.39513112080145557,0.5778784529970555,0.6927461225916778,0.674,0.573,0.703,True,999,0.00012850004713982344,0.00953083299100399,weak_10x10_bal_strong_1000,weak_null,False,1345,2587230331,-1.5543122344752192e-15,0,57
1000,1000,0.12909766836972647,0.13749847739147103,0.08581844632590219,0.11380043497422321,-0.00840080902174456,-0.02798198864832102,0.023715569890058557,-0.35423180048758324,-1.1798994828309366,0.7231651733396269,0.2380401955969309,0.798,0.732,0.248,True,999,0.00012433400843292475,0.009468625066801906,weak_10x10_bal_strong_1000,weak_null,False,1346,2587230331,-1.5543122344752192e-15,1,55
1000,1000,0.13436231515423103,0.13355841677723823,0.08987322572784251,0.11242353182279885,0.0008038983769927954,-0.02255030609495634,0.02453824701393742,0.03276103531504068,-0.9189860254543875,0.9738651508353074,0.35810288168075843,0.977,0.973,0.37,True,999,0.0001265419414266944,0.009528832975775003,weak_10x10_bal_strong_1000,weak_null,False,1347,2587230331,-1.5543122344752192e-15,0,57
1000,1000,0.13685018229693036,0.13284043661697087,0.09340371003781911,0.11293843095154443,0.004009745679959487,-0.019534720913725323,0.0240575462631967,0.16667309442499573,-0.8119997234967222,0.8676272769100777,0.4167917901526098,0.89,0.868,0.427,True,999,0.000136125017888844,0.009704584022983909,weak_10x10_bal_strong_1000,weak_null,False,1348,2587230331,-1.5543122344752192e-15,1,60
1000,1000,0.15140053610660953,0.1355706917000099,0.10877391478061327,0.11437993601771268,0.015829844406599625,-0.005606021237099412,0.02480553896943662,0.6381576480198184,-0.22599876761422916,0.5233710633385038,0.8212023788360605,0.627,0.525,0.825,True,999,0.00015312503091990948,0.009576540905982256,weak_10x10_bal_strong_1000,weak_null,False,1349,2587230331,-1.5543122344752192e-15,1,55
1000,1000,0.15956463518468977,0.12337207300851183,0.11600828645396177,0.09802738469807082,0.036192562176177945,0.017980901755890955,0.024028289179889514,1.506247985664719,0.7483221806294922,0.13200352522543576,0.4542658487736424,0.237,0.122,0.443,True,999,0.00014195800758898258,0.00967725005466491,weak_10x10_bal_strong_1000,weak_null,False,1350,2587230331,-1.5543122344752192e-15,1,54
1000,1000,0.14721100804406229,0.12239165626845672,0.1033774227576032,0.09740618162265946,0.02481935177560557,0.005971241134943739,0.02488520455838976,0.9973537375338959,0.23995145874461393,0.3185928384029295,0.8103678876178052,0.437,0.322,0.825,True,999,0.00012520793825387955,0.009604500024579465,weak_10x10_bal_strong_1000,weak_null,False,1351,2587230331,-1.5543122344752192e-15,0,54
1000,1000,0.14656206838597363,0.15527659495375534,0.10339226384212452,0.1336986967133953,-0.00871452656778171,-0.030306432871270772,0.025439047321877205,-0.342564973346598,-1.1913352134538344,0.7319257565038135,0.23352201527651573,0.791,0.757,0.25,True,999,0.0001295000547543168,0.009492042008787394,weak_10x10_bal_strong_1000,weak_null,False,1352,2587230331,-1.5543122344752192e-15,2,57
1000,1000,0.13586717132326864,0.1371876286632805,0.09147256365940848,0.1126253027354096,-0.0013204573400118491,-0.021152739076001126,0.02432715948866114,-0.05427914182201636,-0.869511259046104,0.9567127674656661,0.38456755247665586,0.97,0.96,0.406,True,999,0.00012212491128593683,0.009491583914496005,weak_10x10_bal_strong_1000,weak_null,False,1353,2587230331,-1.5543122344752192e-15,0,54
1000,1000,0.12507454086580383,0.14443511486977634,0.0806939531316857,0.11901410252983169,-0.01936057400397251,-0.038320149398145986,0.0249424810045952,-0.7762088302445003,-1.5363407269343492,0.43762569315303956,0.12445483576969542,0.532,0.444,0.141,True,999,0.0001272499794140458,0.009453332982957363,weak_10x10_bal_strong_1000,weak_null,False,1354,2587230331,-1.5543122344752192e-15,0,52
1000,1000,0.1274954672086146,0.14086596570885168,0.08492190728702553,0.11920164898288022,-0.013370498500237082,-0.03427974169585468,0.0243822632333924,-0.5483698692058125,-1.4059294400901767,0.5834379611310585,0.159745078202159,0.666,0.553,0.171,True,999,0.00012879096902906895,0.009442165959626436,weak_10x10_bal_strong_1000,weak_null,False,1355,2587230331,-1.5543122344752192e-15,1,57
1000,1000,0.13073848922872022,0.1332992237643622,0.08819986698927096,0.10670898692626452,-0.002560734535641984,-0.018509119936993557,0.024226342656735036,-0.10570041759605378,-0.7640080138901171,0.9158200490148826,0.44486246693077636,0.931,0.911,0.453,True,999,0.0001254999078810215,0.009568750043399632,weak_10x10_bal_strong_1000,weak_null,False,1356,2587230331,-1.5543122344752192e-15,1,52
1000,1000,0.1419781476495925,0.13904320234858236,0.09924072777812398,0.11281072993904218,0.002934945301010128,-0.013570002160918193,0.0245606689365827,0.11949777543064295,-0.5525094693453526,0.9048810023583201,0.5805993484692882,0.923,0.904,0.597,True,999,0.00012624997179955244,0.009529500035569072,weak_10x10_bal_strong_1000,weak_null,False,1357,2587230331,-1.5543122344752192e-15,1,52
1000,1000,0.15925096929915794,0.1211918097829856,0.11444543197694657,0.1005973327129368,0.038059159516172336,0.013848099264009761,0.025027428294899914,1.5206979745469105,0.553316908986279,0.1283356472375234,0.5800464245381531,0.232,0.136,0.59,True,999,0.0001264170277863741,0.009570542024448514,weak_10x10_bal_strong_1000,weak_null,False,1358,2587230331,-1.5543122344752192e-15,0,57
1000,1000,0.13882269677900183,0.1373159469566152,0.09541208873588403,0.10951496943255279,0.0015067498223866327,-0.014102880696668763,0.024332176914629085,0.06192416846520374,-0.5795979844363935,0.9506232207771524,0.5621857525690179,0.964,0.951,0.555,True,999,0.00012779200915247202,0.009688291931524873,weak_10x10_bal_strong_1000,weak_null,False,1359,2587230331,-1.5543122344752192e-15,1,51
1000,1000,0.11019757638610228,0.09781136449438815,0.06710324604046036,0.07105481411991832,0.012386211891714127,-0.003951568079457957,0.022113773863523117,0.5601129851538051,-0.17869261501204486,0.5754023739144556,0.8581790682204808,0.695,0.606,0.864,True,999,0.0001634169602766633,0.009523416985757649,weak_10x10_bal_strong_1000,weak_null,False,1360,2587230331,-1.5543122344752192e-15,0,54
1000,1000,0.15755552673395856,0.12460160481529048,0.11380190358522668,0.09910861043169916,0.03295392191866808,0.01469329315352752,0.02488895719578827,1.324037871873739,0.5903539082792079,0.18549046727901497,0.5549534048285906,0.332,0.203,0.579,True,999,0.00012570794206112623,0.009537082980386913,weak_10x10_bal_strong_1000,weak_null,False,1361,2587230331,-1.5543122344752192e-15,0,52
1000,1000,0.15536784404739068,0.15008319371094203,0.11166674163587231,0.1197976873480684,0.005284650336448649,-0.00813094571219608,0.025173621156288267,0.20992809511350594,-0.3229946800945244,0.8337237940546042,0.7466992709927747,0.864,0.839,0.758,True,999,0.00013241602573543787,0.009614708018489182,weak_10x10_bal_strong_1000,weak_null,False,1362,2587230331,-1.5543122344752192e-15,2,48
1000,1000,0.1526408009204996,0.1769901842830376,0.10884086961323192,0.15106952573484023,-0.024349383362538002,-0.04222865612160831,0.026716368953322793,-0.9114031702840965,-1.5806285725200022,0.36208298382168214,0.11396298880077502,0.434,0.37,0.139,True,999,0.00012149999383836985,0.009737709071487188,weak_10x10_bal_strong_1000,weak_null,False,1363,2587230331,-1.5543122344752192e-15,1,54
1000,1000,0.11393832682720317,0.1260343392751977,0.0701020100941605,0.10254297809160562,-0.01209601244799452,-0.032440967997445114,0.02372636381495359,-0.5098131573103074,-1.367296238499012,0.6101823669846873,0.17153247024957496,0.676,0.582,0.152,True,999,0.00012441701255738735,0.009564541978761554,weak_10x10_bal_strong_1000,weak_null,False,1364,2587230331,-1.5543122344752192e-15,0,55
1000,1000,0.13539564096575152,0.12905910424869615,0.09215460909035755,0.10562941730989905,0.006336536717055363,-0.013474808219541501,0.024844181585148253,0.2550511352260973,-0.5423727955521258,0.7986836046593034,0.5875617166228388,0.847,0.813,0.599,True,999,0.00012983300257474184,0.009651583037339151,weak_10x10_bal_strong_1000,weak_null,False,1365,2587230331,-1.5543122344752192e-15,0,56
1000,1000,0.1577224807966533,0.11752010078082564,0.11391626465501759,0.0879765105382262,0.040202380015827655,0.02593975411679139,0.024056870985852016,1.671139195096108,1.0782679980304466,0.09469418709443325,0.28091417419476017,0.191,0.085,0.287,True,999,0.00012879096902906895,0.009595833020284772,weak_10x10_bal_strong_1000,weak_null,False,1366,2587230331,-1.5543122344752192e-15,2,50
1000,1000,0.16641046308656904,0.10757595427307298,0.12269348189056473,0.08564598697557813,0.058834508813496056,0.0370474949149866,0.023843677258789872,2.4675098633037806,1.5537659947703408,0.013605647300686512,0.12024024465073993,0.058,0.013,0.115,True,999,0.00011683302000164986,0.009654292021878064,weak_10x10_bal_strong_1000,weak_null,False,1367,2587230331,-1.5543122344752192e-15,1,57
1000,1000,0.134587414859066,0.12562793098623704,0.092291294903589,0.10437573345200235,0.008959483872828966,-0.012084438548413345,0.02450869171613626,0.3655635305465994,-0.49306746718173783,0.7146907925640102,0.6219649170295913,0.772,0.719,0.643,True,999,0.00012641598004847765,0.009511083946563303,weak_10x10_bal_strong_1000,weak_null,False,1368,2587230331,-1.5543122344752192e-15,2,57
1000,1000,0.1593674334456896,0.17574525286833254,0.11573545212968384,0.14621058424097555,-0.016377819422642936,-0.030475132111291714,0.026361348394009457,-0.621281551226141,-1.1560536151563894,0.5344143900615955,0.24765922729591983,0.623,0.57,0.282,True,999,0.00013029202818870544,0.009693290921859443,weak_10x10_bal_strong_1000,weak_null,False,1369,2587230331,-1.5543122344752192e-15,1,48
1000,1000,0.147642046642523,0.12176081960424395,0.10339390199624177,0.10138086655996403,0.025881227038279053,0.0020130354362777325,0.02388311477991634,1.0836621302026717,0.08428697239986986,0.2785146322934511,0.9328282700615812,0.424,0.294,0.932,True,999,0.00015904195606708527,0.009546459070406854,weak_10x10_bal_strong_1000,weak_null,False,1370,2587230331,-1.5543122344752192e-15,1,58
1000,1000,0.13913995649619126,0.10612144461901385,0.09648542421700768,0.08317023925496869,0.033018511877177414,0.013315184962038984,0.02314250910410226,1.4267472782942332,0.5753561509749486,0.1536527527030863,0.5650504532252623,0.263,0.148,0.554,True,999,0.0001334159169346094,0.009600292076356709,weak_10x10_bal_strong_1000,weak_null,False,1371,2587230331,-1.5543122344752192e-15,1,57
1000,1000,0.14254378061523276,0.11926728324646885,0.09914561638561281,0.09344876813935343,0.023276497368763915,0.005696848246259378,0.024348216492819232,0.9559836703287328,0.23397394416710116,0.33908048464492624,0.8150052068162349,0.442,0.319,0.81,True,999,0.000124208047054708,0.009464917005971074,weak_10x10_bal_strong_1000,weak_null,False,1372,2587230331,-1.5543122344752192e-15,1,53
1000,1000,0.144068886444225,0.1499151434251902,0.10000815556213638,0.1300851740854796,-0.005846256980965192,-0.030077018523343213,0.025199514394952348,-0.23199879526790568,-1.1935554809487863,0.8165389495153834,0.23265189735727876,0.866,0.829,0.235,True,999,0.00011958298273384571,0.009547333000227809,weak_10x10_bal_strong_1000,weak_null,False,1373,2587230331,-1.5543122344752192e-15,0,57
1000,1000,0.13351923507305408,0.1700491969847927,0.08995746863047316,0.14495200147928244,-0.03652996191173863,-0.054994532848809285,0.025713166992356273,-1.4206714374233969,-2.1387693264372083,0.15541229981601004,0.0324543548179856,0.265,0.179,0.046,True,999,0.00012587499804794788,0.009562417049892247,weak_10x10_bal_strong_1000,weak_null,False,1374,2587230331,-1.5543122344752192e-15,0,52
1000,1000,0.13409313831010516,0.14383707068778961,0.09009512742477455,0.11934023224546308,-0.00974393237768445,-0.02924510482068854,0.024737936183268985,-0.3938862282405986,-1.1821966312803365,0.6936650384445521,0.23712768900838566,0.747,0.691,0.264,True,999,0.00013137503992766142,0.009662125026807189,weak_10x10_bal_strong_1000,weak_null,False,1375,2587230331,-1.5543122344752192e-15,0,55
1000,1000,0.1387769923025588,0.14966867317671895,0.0952937892961927,0.1289740315341419,-0.010891680874160148,-0.03368024223794919,0.024516570660488887,-0.444257927627426,-1.3737746075648563,0.6568561153960101,0.16951166655317096,0.718,0.651,0.159,True,999,0.00013512501027435064,0.00958970794454217,weak_10x10_bal_strong_1000,weak_null,False,1376,2587230331,-1.5543122344752192e-15,1,59
1000,1000,0.11987231008370625,0.09184170833957495,0.07634844865924606,0.06904970450079873,0.0280306017441313,0.0072987441584473345,0.022214139814483367,1.2618360187800595,0.32856298823187546,0.20700779844884787,0.7424860272745448,0.34,0.204,0.743,True,999,0.00014558294788002968,0.009704374941065907,weak_10x10_bal_strong_1000,weak_null,False,1377,2587230331,-1.5543122344752192e-15,0,55
1000,1000,0.12761624667670146,0.11723248796968128,0.08476143193774988,0.09589227072979156,0.010383758707020185,-0.011130838792041686,0.023478782630054453,0.4422613757549875,-0.474080746324277,0.6583000771924458,0.6354423278777912,0.741,0.673,0.646,True,999,0.00013191706966608763,0.00954466697294265,weak_10x10_bal_strong_1000,weak_null,False,1378,2587230331,-1.5543122344752192e-15,1,58
1000,1000,0.15108956440759735,0.11521618309619075,0.10825265927996952,0.0919518692753627,0.035873381311406605,0.016300790004606824,0.023522760230008974,1.525049822411633,0.6929794737188717,0.12724667126015923,0.4883224330723597,0.244,0.125,0.501,True,999,0.00012345891445875168,0.00956412497907877,weak_10x10_bal_strong_1000,weak_null,False,1379,2587230331,-1.5543122344752192e-15,2,56
1000,1000,0.13868070573806612,0.11958493642795409,0.09531588485151588,0.09814792202314493,0.019095769310112032,-0.0028320371716290538,0.02425155281282905,0.787403984292931,-0.11677756032722608,0.4310454151227233,0.9070363263326592,0.534,0.43,0.911,True,999,0.00012441701255738735,0.009608707972802222,weak_10x10_bal_strong_1000,weak_null,False,1380,2587230331,-1.5543122344752192e-15,1,58
1000,1000,0.14364356958852653,0.14766044751035878,0.09875597340169406,0.1201128612268576,-0.0040168779218322515,-0.02135688782516354,0.02473318671830646,-0.16240842587660279,-0.8634911492968301,0.8709842360381352,0.3878674835869864,0.882,0.854,0.372,True,999,0.00013175001367926598,0.009678791975602508,weak_10x10_bal_strong_1000,weak_null,False,1381,2587230331,-1.5543122344752192e-15,0,50
1000,1000,0.14920521224179462,0.13677523483549425,0.10464160949959478,0.115816326766776,0.012429977406300363,-0.011174717267181222,0.024913605665334067,0.4989232619827488,-0.4485387389240986,0.6178334456718784,0.6537644347330865,0.701,0.614,0.653,True,999,0.00017604196909815073,0.009619915974326432,weak_10x10_bal_strong_1000,weak_null,False,1382,2587230331,-1.5543122344752192e-15,0,58
1000,1000,0.11694366300655146,0.1303345896798217,0.07314376200201878,0.10636425125107962,-0.013390926673270243,-0.03322048924906085,0.023647418820625644,-0.5662743479466127,-1.4048251735654729,0.5712072956348548,0.16007327145639694,0.671,0.589,0.174,True,999,0.00013258308172225952,0.009454624960198998,weak_10x10_bal_strong_1000,weak_null,False,1383,2587230331,-1.5543122344752192e-15,0,56
1000,1000,0.12550378002654616,0.14864277521384572,0.08224555790911836,0.12042911492403618,-0.02313899518729956,-0.038183557014917824,0.02437234174095694,-0.949395648281725,-1.566675759791747,0.3424194228229209,0.11719049953735901,0.476,0.343,0.115,True,999,0.00011641706805676222,0.009575166972354054,weak_10x10_bal_strong_1000,weak_null,False,1384,2587230331,-1.5543122344752192e-15,0,50
1000,1000,0.17048126944717845,0.14325291812885144,0.12675634504876143,0.12037043085615551,0.027228351318327015,0.006385914192605924,0.02596847841126971,1.0485154689121312,0.2459102182064925,0.29440117909891794,0.8057517336933296,0.376,0.285,0.801,True,999,0.00012216693721711636,0.009663250064477324,weak_10x10_bal_strong_1000,weak_null,False,1385,2587230331,-1.5543122344752192e-15,1,55
1000,1000,0.14109153861654722,0.13369204902943044,0.09661920215376085,0.11465231633803796,0.007399489587116781,-0.01803311418427711,0.02492049080981334,0.29692391067205487,-0.7236259639467423,0.766524600874894,0.4692953969707304,0.829,0.79,0.503,True,999,0.0001284580212086439,0.009560000034980476,weak_10x10_bal_strong_1000,weak_null,False,1386,2587230331,-1.5543122344752192e-15,0,58
1000,1000,0.1449173017243166,0.10615481038506175,0.1003293727367236,0.08634683854700143,0.038762491339254856,0.013982534189722173,0.02318198137845197,1.6720956982255721,0.6031638953311889,0.0945054527705461,0.5463996636102166,0.22,0.1,0.551,True,999,0.00012333400081843138,0.00964858301449567,weak_10x10_bal_strong_1000,weak_null,False,1387,2587230331,-1.5543122344752192e-15,0,60
1000,1000,0.12319116798520513,0.15586267205353177,0.07968812935951064,0.1345260181011554,-0.03267150406832664,-0.05483788874164475,0.02488639798888813,-1.3128257485440276,-2.203528560707342,0.18924167155343685,0.027557516232007872,0.304,0.201,0.034,True,999,0.00014054100029170513,0.009583125007338822,weak_10x10_bal_strong_1000,weak_null,False,1388,2587230331,-1.5543122344752192e-15,0,58
1000,1000,0.1330140779982778,0.15319950933567872,0.08893687439967835,0.12721035947845394,-0.020185431337400916,-0.03827348507877559,0.02553074639747952,-0.7906322448682381,-1.4991134408257676,0.4291586247660212,0.13384420529939003,0.524,0.449,0.144,True,999,0.00012891704682260752,0.009572959039360285,weak_10x10_bal_strong_1000,weak_null,False,1389,2587230331,-1.5543122344752192e-15,0,53
1000,1000,0.12903477560966925,0.14283272314079698,0.08557198964763302,0.12005166120212607,-0.01379794753112773,-0.03447967155449305,0.024878035069981062,-0.5546236868110594,-1.3859483459004265,0.5791520838701057,0.165762676748631,0.663,0.595,0.183,True,999,0.0001264170277863741,0.009573665913194418,weak_10x10_bal_strong_1000,weak_null,False,1390,2587230331,-1.5543122344752192e-15,0,56
1000,1000,0.1360990309110668,0.16478334389056792,0.0921117917769152,0.13934348859993406,-0.028684312979501136,-0.047231696823018865,0.024841406875739658,-1.1546976031987342,-1.9013293836085332,0.24821428138159385,0.057258882645150194,0.36,0.248,0.053,True,999,0.00011854094918817282,0.009565875050611794,weak_10x10_bal_strong_1000,weak_null,False,1391,2587230331,-1.5543122344752192e-15,0,49
1000,1000,0.16072971982711426,0.09604047738677102,0.11945903312107475,0.08116405484304323,0.06468924244034324,0.03829497827803152,0.022218387018850993,2.91151839174726,1.723571483633825,0.0035967673211635036,0.0847852301740328,0.045,0.005,0.094,True,999,0.00012908398639410734,0.009518458973616362,weak_10x10_bal_strong_1000,weak_null,False,1392,2587230331,-1.5543122344752192e-15,4,64
1000,1000,0.1607041285698636,0.1115018711203622,0.11666833501976726,0.08965302424536503,0.04920225744950141,0.027015310774402224,0.024383989428434137,2.017809989374697,1.1079118473903087,0.04361105412840171,0.26789988850467583,0.12,0.051,0.265,True,999,0.00012779200915247202,0.009660208015702665,weak_10x10_bal_strong_1000,weak_null,False,1393,2587230331,-1.5543122344752192e-15,1,58
1000,1000,0.14922051665806269,0.15581155769143096,0.10691083116671507,0.13704193260878128,-0.006591041033368272,-0.03013110144206621,0.0253330002897878,-0.26017609276328957,-1.1894012196499526,0.7947279446061384,0.23428182112572327,0.834,0.789,0.227,True,999,0.00012599991168826818,0.009664708049967885,weak_10x10_bal_strong_1000,weak_null,False,1394,2587230331,-1.5543122344752192e-15,2,59
1000,1000,0.1346754419029912,0.10897188185281581,0.09016745100461776,0.08571292650799478,0.025703560050175378,0.00445452449662298,0.02328690510177983,1.1037774207363795,0.19128881563065753,0.26968970176536744,0.8482993231336172,0.418,0.287,0.862,True,999,0.0001261249417439103,0.009577665943652391,weak_10x10_bal_strong_1000,weak_null,False,1395,2587230331,-1.5543122344752192e-15,0,55
1000,1000,0.13896464036068368,0.13723424390471173,0.0938846483782072,0.10723728296545687,0.0017303964559719498,-0.013352634587249668,0.024598298308777005,0.07034618550643891,-0.5428275736653404,0.94391812281331,0.5872485263839629,0.957,0.946,0.582,True,999,0.00012800004333257675,0.009469292010180652,weak_10x10_bal_strong_1000,weak_null,False,1396,2587230331,-1.5543122344752192e-15,0,48
1000,1000,0.12659179726431846,0.1251433005467506,0.08325264068298566,0.09933056687611952,0.0014484967175678598,-0.016077926193133862,0.02432847077443367,0.05953916014688673,-0.6608687550567235,0.9525226754976891,0.5086964851085234,0.964,0.956,0.514,True,999,0.0001288340426981449,0.009535041986964643,weak_10x10_bal_strong_1000,weak_null,False,1397,2587230331,-1.5543122344752192e-15,0,53
1000,1000,0.1652120487054325,0.12047511553807533,0.12193917904187401,0.09748035890333995,0.04473693316735716,0.024458820138534065,0.02430311878364911,1.8407898000916538,1.0064066409036239,0.06565236812857715,0.31422000041261466,0.167,0.073,0.342,True,999,0.00012800004333257675,0.009716124972328544,weak_10x10_bal_strong_1000,weak_null,False,1398,2587230331,-1.5543122344752192e-15,2,56
1000,1000,0.13419516503870543,0.13621047484134263,0.09061437080026735,0.11208669076813749,-0.0020153098026371996,-0.021472319967870135,0.02487327774855764,-0.08102308923696493,-0.8632686124013261,0.9354235903137361,0.3879897972982157,0.953,0.934,0.364,True,999,0.00012379209510982037,0.009619834017939866,weak_10x10_bal_strong_1000,weak_null,False,1399,2587230331,-1.5543122344752192e-15,0,55
1000,1000,0.18032094145935096,0.14135335164497376,0.13777563758912947,0.11311703363583092,0.0389675898143772,0.024658603953298552,0.025705105672501425,1.5159474662679016,0.9592881767328274,0.1295326366141211,0.33741358993140014,0.237,0.132,0.345,True,999,0.00013616704382002354,0.009745875024236739,weak_10x10_bal_strong_1000,weak_null,False,1400,2587230331,-1.5543122344752192e-15,2,50
1000,1000,0.15695792904484573,0.13312941728091743,0.11582015151589076,0.10589758384276138,0.023828511763928306,0.009922567673129379,0.02417056292794385,0.9858484403100064,0.41052282078452507,0.3242074912078331,0.6814224665114051,0.47,0.365,0.704,True,999,0.00015158404130488634,0.009619250078685582,weak_10x10_bal_strong_1000,weak_null,False,1401,2587230331,-1.5543122344752192e-15,4,50
1000,1000,0.11037502306022562,0.13906604148736978,0.06694089716347662,0.10945175665381157,-0.028691018427144166,-0.04251085949033495,0.02367020365780826,-1.2121154022128429,-1.7959650920160795,0.22546820867243356,0.07250006897111919,0.378,0.231,0.073,True,999,0.0001289999345317483,0.009434583014808595,weak_10x10_bal_strong_1000,weak_null,False,1402,2587230331,-1.5543122344752192e-15,0,49
1000,1000,0.1450902027429528,0.1265319945864679,0.1015546681333035,0.1087388877617741,0.0185582081564849,-0.007184219628470601,0.024622458871097753,0.7537105962341085,-0.2917750686915983,0.45102301780883625,0.7704586085016529,0.559,0.457,0.792,True,999,0.00012979202438145876,0.009597541065886617,weak_10x10_bal_strong_1000,weak_null,False,1403,2587230331,-1.5543122344752192e-15,1,60
1000,1000,0.13101619063071146,0.10335943249332818,0.08729178736757603,0.08370797121386886,0.027656758137383275,0.0035838161537071755,0.022873836274276887,1.209100117958136,0.1566775293280126,0.22662438391796558,0.8754989973373565,0.38,0.25,0.867,True,999,0.00012387498281896114,0.00954687490593642,weak_10x10_bal_strong_1000,weak_null,False,1404,2587230331,-1.5543122344752192e-15,1,59
1000,1000,0.14861066107287968,0.11494473605743971,0.1044858927457426,0.08815467781937514,0.03366592501543997,0.016331214926367466,0.023525117169698764,1.4310630111888645,0.6942033405641306,0.1524121570151875,0.48755469796179074,0.307,0.158,0.498,True,999,0.00012929097283631563,0.00956866703927517,weak_10x10_bal_strong_1000,weak_null,False,1405,2587230331,-1.5543122344752192e-15,0,53
1000,1000,0.12570695800954068,0.14245899326947653,0.08317493854565328,0.11505129058173225,-0.01675203525993585,-0.03187635203607897,0.024368962312069576,-0.6874332622542085,-1.3080717852434405,0.4918097429724556,0.19084896228591797,0.57,0.474,0.195,True,999,0.00013204093556851149,0.009517333004623652,weak_10x10_bal_strong_1000,weak_null,False,1406,2587230331,-1.5543122344752192e-15,1,50
1000,1000,0.11743250927087523,0.14149343788094548,0.07463955688626811,0.11844837083810944,-0.024060928610070254,-0.04380881395184133,0.023648628405178854,-1.0174344235880128,-1.8524885757115437,0.30894681314560146,0.0639556965547812,0.434,0.32,0.074,True,999,0.00013195909559726715,0.009514124947600067,weak_10x10_bal_strong_1000,weak_null,False,1407,2587230331,-1.5543122344752192e-15,1,54
1000,1000,0.1411597480184157,0.14433419751312504,0.09765517106689003,0.11688813776953566,-0.0031744494947093527,-0.019232966702645626,0.024765684737844032,-0.12817935495474223,-0.7765974131640321,0.898007037645849,0.4373963282213551,0.917,0.897,0.427,True,999,0.0001260410062968731,0.00958754203747958,weak_10x10_bal_strong_1000,weak_null,False,1408,2587230331,-1.5543122344752192e-15,1,52
1000,1000,0.12545246502459717,0.1517366934859098,0.0824548921045789,0.12588234978602486,-0.02628422846131262,-0.04342745768144596,0.024577621534601624,-1.069437432109057,-1.766951192584139,0.2848726079135585,0.07723640255618329,0.397,0.29,0.079,True,999,0.00013029202818870544,0.00944879197049886,weak_10x10_bal_strong_1000,weak_null,False,1409,2587230331,-1.5543122344752192e-15,1,51
1000,1000,0.14464707936459442,0.136038420971064,0.10021371763969,0.11239743658614998,0.008608658393530422,-0.012183718946459976,0.024423000976771074,0.3524815972336156,-0.49886248450991,0.7244771173094187,0.6178762646237597,0.783,0.727,0.635,True,999,0.00012545904610306025,0.009596541989594698,weak_10x10_bal_strong_1000,weak_null,False,1410,2587230331,-1.5543122344752192e-15,0,55
1000,1000,0.12891623245221728,0.1564464442484199,0.08538160234911629,0.13728373196465782,-0.02753021179620263,-0.051902129615541526,0.025379856566522953,-1.0847268472161533,-2.045012724146066,0.278042653460676,0.04085360367094582,0.413,0.294,0.047,True,999,0.00012795894872397184,0.009608666994608939,weak_10x10_bal_strong_1000,weak_null,False,1411,2587230331,-1.5543122344752192e-15,0,57
1000,1000,0.12511870847500406,0.14028226969797875,0.08226941856946723,0.11719747692575311,-0.015163561222974686,-0.034928058356285874,0.023788965203233214,-0.6374199589359932,-1.468246224999258,0.5238513311049777,0.14203735215614277,0.629,0.546,0.117,True,999,0.0001247919863089919,0.009571166941896081,weak_10x10_bal_strong_1000,weak_null,False,1412,2587230331,-1.5543122344752192e-15,1,56
1000,1000,0.14036260201005968,0.10995477279839089,0.09594641606190635,0.0906647444456894,0.03040782921166879,0.005281671616216954,0.02356326409396721,1.290476102563989,0.22414855578388207,0.19688540390837195,0.822641711489093,0.328,0.201,0.835,True,999,0.00012883299496024847,0.009496332961134613,weak_10x10_bal_strong_1000,weak_null,False,1413,2587230331,-1.5543122344752192e-15,0,59
1000,1000,0.14154068040742374,0.15139506751334408,0.09654582480425233,0.12236880925740934,-0.009854387105920348,-0.025822984453157005,0.02501317215785352,-0.39396790793791076,-1.0323754336392406,0.6936047328518311,0.30189627571917554,0.747,0.692,0.292,True,999,0.0001390830148011446,0.00971812498755753,weak_10x10_bal_strong_1000,weak_null,False,1414,2587230331,-1.5543122344752192e-15,0,47
1000,1000,0.1220951438660638,0.15412056283625286,0.07927286705762526,0.13680681737179157,-0.03202541897018907,-0.057533950314166304,0.02513052651978246,-1.2743632309087924,-2.2894048904576767,0.20253471695851089,0.02205583826071138,0.307,0.214,0.019,True,999,0.0001467089168727398,0.009661459014751017,weak_10x10_bal_strong_1000,weak_null,False,1415,2587230331,-1.5543122344752192e-15,1,60
1000,1000,0.1459670673459348,0.137678532529376,0.10265777774202434,0.11566152212571978,0.008288534816558779,-0.013003744383695448,0.024588522020426197,0.337089590406179,-0.5288542504869942,0.7360493643393664,0.5969065606056763,0.786,0.732,0.604,True,999,0.00012645800597965717,0.009617792093195021,weak_10x10_bal_strong_1000,weak_null,False,1416,2587230331,-1.5543122344752192e-15,0,56
1000,1000,0.1427799143656121,0.14212623298994764,0.09934833097167939,0.11195383397807745,0.000653681375664461,-0.012605503006398067,0.024812180126913146,0.026345180968415965,-0.5080368972787359,0.9789820182019244,0.611427467493047,0.985,0.979,0.621,True,999,0.00013404095079749823,0.009579500067047775,weak_10x10_bal_strong_1000,weak_null,False,1417,2587230331,-1.5543122344752192e-15,1,47
1000,1000,0.13176728106985225,0.12486062272703213,0.08780784867894909,0.10425844356961989,0.006906658342820116,-0.0164505948906708,0.023921661226131936,0.28871984589746247,-0.6876861408228718,0.7727957743412122,0.49165044939766067,0.822,0.757,0.499,True,999,0.00012704101391136646,0.009647542028687894,weak_10x10_bal_strong_1000,weak_null,False,1418,2587230331,-1.5543122344752192e-15,0,58
1000,1000,0.1270156784138714,0.16125232070844486,0.08308129885381277,0.1379314791975048,-0.03423664229457346,-0.054850180343692045,0.024628318099708203,-1.3901331855454269,-2.2271183976766125,0.16448843776288524,0.02593936194265274,0.29,0.169,0.019,True,999,0.00012758304364979267,0.009677583002485335,weak_10x10_bal_strong_1000,weak_null,False,1419,2587230331,-1.5543122344752192e-15,0,54
1000,1000,0.13287571894822214,0.10306378827478446,0.09054142785316799,0.08202873674281363,0.02981193067343768,0.008512691110354353,0.022761080324607275,1.309776612018176,0.37400206795769625,0.19027141735546793,0.708402777644712,0.326,0.176,0.702,True,999,0.00012341700494289398,0.009572125039994717,weak_10x10_bal_strong_1000,weak_null,False,1420,2587230331,-1.5543122344752192e-15,2,60
1000,1000,0.1455037354679316,0.16434135790799398,0.10113204386607322,0.14364999925714983,-0.018837622440062374,-0.04251795539107661,0.025324725895008393,-0.7438430930372023,-1.6789107833722723,0.4569714062699032,0.09316943263166341,0.54,0.446,0.1,True,999,0.00012341700494289398,0.009516958030872047,weak_10x10_bal_strong_1000,weak_null,False,1421,2587230331,-1.5543122344752192e-15,0,57
1000,1000,0.1482379668797953,0.12196590420080355,0.10578217938473244,0.09850742161199832,0.026272062678991737,0.0072747577727341195,0.02374264530820398,1.1065347747882899,0.30640047384359553,0.26849512104722995,0.7592997476221368,0.39,0.265,0.746,True,999,0.00012008310295641422,0.009471583063714206,weak_10x10_bal_strong_1000,weak_null,False,1422,2587230331,-1.5543122344752192e-15,2,54
1000,1000,0.12513672556154676,0.13468086074545627,0.08268151646097976,0.1050614368962215,-0.009544135183909508,-0.02237992043524173,0.02441652899955472,-0.3908882865407922,-0.9165889400434382,0.6958798125266925,0.35935808211088893,0.779,0.71,0.362,True,999,0.00012712494935840368,0.009686167002655566,weak_10x10_bal_strong_1000,weak_null,False,1423,2587230331,-1.5543122344752192e-15,1,49
1000,1000,0.17825304449541957,0.12533619053427292,0.1355406518437121,0.1002640572691007,0.05291685396114665,0.03527659457461141,0.025285911226051207,2.092740636794937,1.3951086935030896,0.03637231359062567,0.16298306501106075,0.105,0.053,0.166,True,999,0.0001255829120054841,0.00983045797329396,weak_10x10_bal_strong_1000,weak_null,False,1424,2587230331,-1.5543122344752192e-15,2,54
1000,1000,0.1307013691482939,0.1138827722660739,0.0873549263028508,0.09249196343853328,0.016818596882219983,-0.005137037135682476,0.023467564794386383,0.7166741427829408,-0.2188994546597052,0.47357518418274624,0.8267283712855344,0.601,0.503,0.824,True,999,0.00012995803263038397,0.009761457913555205,weak_10x10_bal_strong_1000,weak_null,False,1425,2587230331,-1.5543122344752192e-15,1,58
1000,1000,0.14385999044776687,0.12835573282263885,0.09993236080708812,0.10735679778417762,0.015504257625128026,-0.007424436977089499,0.02433126177566054,0.6372155200203184,-0.3051398256919186,0.5239844697362561,0.7602596601551446,0.635,0.535,0.768,True,999,0.00013599998783320189,0.009499583044089377,weak_10x10_bal_strong_1000,weak_null,False,1426,2587230331,-1.5543122344752192e-15,1,58
1000,1000,0.1514957568730786,0.13462693342992338,0.10732332257612143,0.11087553625679902,0.016868823443155212,-0.003552213680677596,0.02505415325217975,0.6732944942646425,-0.14178143020533127,0.5007599547778361,0.887252652427513,0.593,0.492,0.89,True,999,0.00012254202738404274,0.009586208034306765,weak_10x10_bal_strong_1000,weak_null,False,1427,2587230331,-1.5543122344752192e-15,0,54
1000,1000,0.12307073944254654,0.1506192683518659,0.07939531594774962,0.1288554768426593,-0.02754852890931936,-0.04946016089490968,0.02458746606671353,-1.1204297683450395,-2.0116005757042514,0.2625306654113827,0.044262058675851076,0.397,0.286,0.055,True,999,0.00012762495316565037,0.009596124989911914,weak_10x10_bal_strong_1000,weak_null,False,1428,2587230331,-1.5543122344752192e-15,0,56
1000,1000,0.14096625330878165,0.14348581987852982,0.09764826726814135,0.11876482324203153,-0.002519566569748166,-0.021116555973890172,0.02436164877159267,-0.10342348308896691,-0.8667950257337879,0.9176268752715475,0.3860543280662708,0.925,0.91,0.399,True,999,0.00012500002048909664,0.009587959037162364,weak_10x10_bal_strong_1000,weak_null,False,1429,2587230331,-1.5543122344752192e-15,1,52
1000,1000,0.1548469403598105,0.16321957676227405,0.11031753335146277,0.14010562633268364,-0.008372636402463551,-0.02978809298122087,0.025255158868567065,-0.3315218267299936,-1.1794854721066736,0.7402503569178283,0.23820491828094015,0.798,0.744,0.238,True,999,0.0001384579809382558,0.00968029210343957,weak_10x10_bal_strong_1000,weak_null,False,1430,2587230331,-1.5543122344752192e-15,0,54
1000,1000,0.14571472796584217,0.11875662592617392,0.10159856844575188,0.09886491729332647,0.026958102039668252,0.0027336511524254092,0.02439597407780055,1.105022572728471,0.11205337174517382,0.26914980828117563,0.9107810884605976,0.397,0.283,0.916,True,999,0.00011874991469085217,0.009562459075823426,weak_10x10_bal_strong_1000,weak_null,False,1431,2587230331,-1.5543122344752192e-15,0,58
1000,1000,0.12013395535583404,0.12849639256243828,0.0767599779755983,0.09974942469767711,-0.008362437206604234,-0.02298944672207881,0.023761085650266172,-0.35193834699680726,-0.9675250979881587,0.7248844998957261,0.33328160084577574,0.8,0.73,0.337,True,999,0.00011945806909352541,0.00938954099547118,weak_10x10_bal_strong_1000,weak_null,False,1432,2587230331,-1.5543122344752192e-15,0,52
1000,1000,0.1253202205920334,0.12287748034336105,0.08240821255640185,0.10319669809030074,0.0024427402486723593,-0.020788485533898893,0.024115117933826126,0.10129497418903113,-0.8620519953891254,0.919316305691159,0.3886589060307083,0.939,0.926,0.395,True,999,0.00012433307711035013,0.009517874917946756,weak_10x10_bal_strong_1000,weak_null,False,1433,2587230331,-1.5543122344752192e-15,1,59
1000,1000,0.17023098649651303,0.13741951995864532,0.12652573735113037,0.1127234972915403,0.032811466537867706,0.013802240059590076,0.025082241898853087,1.308155254629294,0.5502793615996981,0.19082065531532044,0.5821277776109248,0.293,0.19,0.594,True,999,0.00012625008821487427,0.00968233309686184,weak_10x10_bal_strong_1000,weak_null,False,1434,2587230331,-1.5543122344752192e-15,2,54
1000,1000,0.16952241353284592,0.1395730907450501,0.12587244451970037,0.11475778763849576,0.02994932278779583,0.01111465688120461,0.02524896270640975,1.1861605221585136,0.4402025148693741,0.2355589132431476,0.6597904384600491,0.334,0.232,0.65,True,999,0.00012508302461355925,0.009674333035945892,weak_10x10_bal_strong_1000,weak_null,False,1435,2587230331,-1.5543122344752192e-15,1,53
1000,1000,0.13105619520736544,0.11422016031509807,0.08742086335223576,0.09345902364140102,0.01683603489226737,-0.006038160289165262,0.023598832537542094,0.7134266013152915,-0.25586690695649805,0.4755818171040731,0.798053608615694,0.599,0.472,0.798,True,999,0.0001300000585615635,0.009585666004568338,weak_10x10_bal_strong_1000,weak_null,False,1436,2587230331,-1.5543122344752192e-15,0,57
1000,1000,0.14596425071535446,0.13255241423605224,0.10398308354660912,0.1085461912922483,0.01341183647930222,-0.004563107745639172,0.024264607717702405,0.5527324667819593,-0.18805611031206274,0.5804466181182351,0.8508326660783647,0.686,0.622,0.883,True,999,0.0001294170506298542,0.00951591704506427,weak_10x10_bal_strong_1000,weak_null,False,1437,2587230331,-1.5543122344752192e-15,2,53
1000,1000,0.15621492117778546,0.12479550734766853,0.1137166520379651,0.1017052460326795,0.03141941383011693,0.012011406005285608,0.02340656624517871,1.3423333222398097,0.5131639506396937,0.17948794364767107,0.6078366404799449,0.293,0.165,0.615,True,999,0.0001247080508619547,0.009599082986824214,weak_10x10_bal_strong_1000,weak_null,False,1438,2587230331,-1.5543122344752192e-15,2,55
1000,1000,0.1212664353651487,0.11811709966899547,0.07847685800334148,0.0948335257431836,0.0031493356961532215,-0.016356667739842123,0.023292161702422758,0.13521010786326632,-0.7022391458900429,0.892445755565098,0.4825300367173688,0.93,0.9,0.461,True,999,0.0001271250657737255,0.009618957992643118,weak_10x10_bal_strong_1000,weak_null,False,1439,2587230331,-1.5543122344752192e-15,1,57
1000,1000,0.14964822126333432,0.1252683838956683,0.10639995190422269,0.0960931815064896,0.024379837367666024,0.01030677039773309,0.02371402788420589,1.0280766087781983,0.43462757352147857,0.3039137927535571,0.6638327772643394,0.444,0.316,0.686,True,999,0.00012737500946968794,0.009698375011794269,weak_10x10_bal_strong_1000,weak_null,False,1440,2587230331,-1.5543122344752192e-15,2,51
1000,1000,0.13417290314204378,0.11874039060516794,0.09109398364398658,0.09396302815434865,0.015432512536875831,-0.002869044510362073,0.023279304006660798,0.6629284334471597,-0.12324442816422548,0.5073763903471192,0.9019135451244413,0.641,0.515,0.92,True,999,0.0001414589351043105,0.009610459092073143,weak_10x10_bal_strong_1000,weak_null,False,1441,2587230331,-1.5543122344752192e-15,1,55
1000,1000,0.12363038812301719,0.14374719801956498,0.08012301278085943,0.1237764963641439,-0.020116809896547794,-0.04365348358328447,0.025443889935757795,-0.7906342130601838,-1.7156764823894188,0.4291574759021416,0.08622127145016444,0.549,0.453,0.093,True,999,0.00013512501027435064,0.009529832983389497,weak_10x10_bal_strong_1000,weak_null,False,1442,2587230331,-1.5543122344752192e-15,0,59
1000,1000,0.1296020875199062,0.12950404672648758,0.08566332730015347,0.10705119967326482,9.804079341863003e-05,-0.02138787237311135,0.02441260532144573,0.0040159905969767255,-0.8760995433094048,0.9967957117195684,0.3809759210258038,0.996,0.996,0.38,True,999,0.00012816698290407658,0.009551500086672604,weak_10x10_bal_strong_1000,weak_null,False,1443,2587230331,-1.5543122344752192e-15,0,56
1000,1000,0.1179959703724549,0.13530382422647347,0.07565494028813191,0.11224132891413774,-0.017307853854018562,-0.03658638862600583,0.02355463097431772,-0.7347962221479846,-1.5532567105762345,0.4624636082418967,0.12036181779597695,0.608,0.493,0.119,True,999,0.00011870893649756908,0.009585584048181772,weak_10x10_bal_strong_1000,weak_null,False,1444,2587230331,-1.5543122344752192e-15,1,54
1000,1000,0.134603033751016,0.17137136603013814,0.0920395042171549,0.14730809941738698,-0.03676833227912213,-0.055268595200232085,0.025207069400711227,-1.4586516066038482,-2.192583132994931,0.14466102194202063,0.028337427463514,0.242,0.148,0.024,True,999,0.00012758292723447084,0.009526500012725592,weak_10x10_bal_strong_1000,weak_null,False,1445,2587230331,-1.5543122344752192e-15,1,54
1000,1000,0.13309460185045552,0.13195540964775487,0.08878792449741013,0.11072340025043559,0.0011391922027006451,-0.021935475753025457,0.023552809193009453,0.048367572350510146,-0.9313316120072834,0.9614233025602487,0.3516820545403684,0.969,0.957,0.338,True,999,0.00012337497901171446,0.009611707995645702,weak_10x10_bal_strong_1000,weak_null,False,1446,2587230331,-1.5543122344752192e-15,1,55
1000,1000,0.16332332506433822,0.155887633668936,0.121966651756793,0.13197317773779105,0.007435691395402233,-0.010006525980998049,0.024938216115526657,0.29816452632202245,-0.4012526772020368,0.7655775949636702,0.6882341009198897,0.812,0.767,0.707,True,999,0.00012966606300324202,0.009635791997425258,weak_10x10_bal_strong_1000,weak_null,False,1447,2587230331,-1.5543122344752192e-15,4,54
1000,1000,0.13047353094592662,0.12217539039994563,0.08589439618162942,0.09968597437409699,0.008298140545980992,-0.013791578192467568,0.02397248293333841,0.3461527355783747,-0.5753087083560998,0.7292279329987945,0.5650825330045057,0.808,0.742,0.579,True,999,0.0001259580021724105,0.009593291906639934,weak_10x10_bal_strong_1000,weak_null,False,1448,2587230331,-1.5543122344752192e-15,0,57
1000,1000,0.1748224686068558,0.12219731902560849,0.13049666958113448,0.10222754438092352,0.05262514958124731,0.028269125200210965,0.02458868245575608,2.1402183576098053,1.149680356036861,0.032337124273041695,0.25027554804231955,0.088,0.036,0.27,True,999,0.00011754094157367945,0.009666917030699551,weak_10x10_bal_strong_1000,weak_null,False,1449,2587230331,-1.5543122344752192e-15,1,60
1000,1000,0.1403962125360554,0.1079443114186473,0.0959471995702188,0.08287876109568515,0.03245190111740809,0.01306843847453365,0.023218915879178216,1.3976492824331062,0.5628358594577146,0.16221841138175574,0.5735466595498986,0.323,0.189,0.593,True,999,0.0001205001026391983,0.009629165986552835,weak_10x10_bal_strong_1000,weak_null,False,1450,2587230331,-1.5543122344752192e-15,0,54
1000,1000,0.1173207080631209,0.14838563377007918,0.07345419617104199,0.12364292787242448,-0.03106492570695829,-0.050188731701382494,0.02483799213478822,-1.2507019705287932,-2.0206436747794885,0.21104323127505276,0.0433166643742291,0.344,0.224,0.045,True,999,0.0001294589601457119,0.009715499938465655,weak_10x10_bal_strong_1000,weak_null,False,1451,2587230331,-1.5543122344752192e-15,0,51
1000,1000,0.13311358147319252,0.14092552500724842,0.089121492853792,0.12106192837609342,-0.0078119435340558985,-0.031940435522301414,0.02486519807702943,-0.3141717797644493,-1.2845437797581076,0.7533905748222678,0.19895175548318822,0.801,0.751,0.212,True,999,0.00014091702178120613,0.009626165963709354,weak_10x10_bal_strong_1000,weak_null,False,1452,2587230331,-1.5543122344752192e-15,0,56
1000,1000,0.15174587605106593,0.11994270331548118,0.10862764822240933,0.0962215820035226,0.03180317273558475,0.012406066218886735,0.02414874233356268,1.3169701467800128,0.5137355000738235,0.18784863147956277,0.6074369284728607,0.314,0.204,0.631,True,999,0.00013633293565362692,0.009559625061228871,weak_10x10_bal_strong_1000,weak_null,False,1453,2587230331,-1.5543122344752192e-15,2,56
1000,1000,0.18062172243831442,0.1397684774827861,0.13794422971932363,0.11758266874414858,0.040853244955528334,0.020361560975175053,0.025552804011912393,1.5987773763099764,0.7968425291284178,0.10987007767359086,0.42554249183943416,0.194,0.124,0.417,True,999,0.0001360420137643814,0.009814584045670927,weak_10x10_bal_strong_1000,weak_null,False,1454,2587230331,-1.5543122344752192e-15,2,55
1000,1000,0.16712382096069955,0.15570738520278704,0.12255295282238876,0.1329450959404994,0.011416435757912513,-0.010392143118110653,0.025713167212261204,0.4439918141421582,-0.40415647875362504,0.657048502219068,0.6860976550864659,0.716,0.667,0.692,True,999,0.00012187508400529623,0.009592332993634045,weak_10x10_bal_strong_1000,weak_null,False,1455,2587230331,-1.5543122344752192e-15,1,55
1000,1000,0.16854584642330073,0.14707943885726893,0.12574917927940987,0.12149520120181023,0.021466407566031798,0.0042539780775996405,0.025173645318459743,0.8527333762937607,0.16898538228312185,0.3938071775555251,0.8658081392904958,0.507,0.412,0.872,True,999,0.00012645800597965717,0.009678457980044186,weak_10x10_bal_strong_1000,weak_null,False,1456,2587230331,-1.5543122344752192e-15,3,53
1000,1000,0.1522575405146518,0.14938042913791472,0.10828260087055241,0.1300630346181606,0.0028771113767370737,-0.021780433747608186,0.02562226726781638,0.11228949205252245,-0.8500587992447551,0.9105938732372517,0.395292396459602,0.922,0.913,0.428,True,999,0.0001307080965489149,0.009692708030343056,weak_10x10_bal_strong_1000,weak_null,False,1457,2587230331,-1.5543122344752192e-15,0,57
1000,1000,0.13674295278169835,0.11375463763505766,0.09457993281421295,0.09118568140991101,0.02298831514664068,0.00339425140430194,0.023324148480578993,0.9856014750455758,0.14552520136493668,0.3243287139258062,0.8842962197272876,0.462,0.309,0.894,True,999,0.0001242499565705657,0.009610375040210783,weak_10x10_bal_strong_1000,weak_null,False,1458,2587230331,-1.5543122344752192e-15,2,58
1000,1000,0.1406337550213812,0.13792848707292948,0.09722137679818843,0.10682795254217581,0.0027052679484517173,-0.009606575743987378,0.024540613627475154,0.11023636122215609,-0.3914562157986163,0.9122219259028078,0.695460046433231,0.936,0.917,0.705,True,999,0.00012841704301536083,0.009628625004552305,weak_10x10_bal_strong_1000,weak_null,False,1459,2587230331,-1.5543122344752192e-15,1,48
1000,1000,0.13571988429352766,0.1499930823915019,0.09174135604371259,0.12944101862717616,-0.014273198097974227,-0.03769966258346358,0.025417937374516433,-0.5615403755099452,-1.4831912608794364,0.5744292139843235,0.1380236024220539,0.655,0.592,0.146,True,999,0.00012066704221069813,0.009638249990530312,weak_10x10_bal_strong_1000,weak_null,False,1460,2587230331,-1.5543122344752192e-15,0,56
1000,1000,0.12856750923288107,0.16541226008028087,0.08424638317819699,0.13862320393525351,-0.0368447508473998,-0.05437682075705652,0.024869313384378023,-1.4815347041524798,-2.186502695776636,0.13846414418305725,0.028778847677707588,0.262,0.173,0.047,True,999,0.0001235830131918192,0.009591542067937553,weak_10x10_bal_strong_1000,weak_null,False,1461,2587230331,-1.5543122344752192e-15,0,51
1000,1000,0.14900652330724862,0.10407886625622947,0.10482137901135502,0.08581097710032282,0.04492765705101914,0.019010401911032204,0.023864175617322538,1.8826402290807414,0.7966083645995684,0.05974914064315078,0.425678517957338,0.141,0.052,0.433,True,999,0.00012387498281896114,0.009687165962532163,weak_10x10_bal_strong_1000,weak_null,False,1462,2587230331,-1.5543122344752192e-15,0,62
1000,1000,0.13746877392605672,0.1122575767426679,0.09497245731745352,0.09329256717774115,0.025211197183388823,0.00167989013971237,0.02367683846615726,1.064804205993326,0.07095077926529501,0.28696454141984884,0.9434369291633781,0.432,0.304,0.944,True,999,0.0001242499565705657,0.009505040943622589,weak_10x10_bal_strong_1000,weak_null,False,1463,2587230331,-1.5543122344752192e-15,1,60
1000,1000,0.12938594586393837,0.12432130674243524,0.08658950434846702,0.10790300931705588,0.005064639121503123,-0.02131350496858886,0.024071791182169042,0.21039726886857957,-0.8854141682807818,0.8333576240782454,0.3759332936064542,0.889,0.849,0.38,True,999,0.00013054104056209326,0.009509915951639414,weak_10x10_bal_strong_1000,weak_null,False,1464,2587230331,-1.5543122344752192e-15,1,61
1000,1000,0.16592257375961772,0.11876211192846597,0.12137177223894469,0.08993845893178332,0.047160461831151745,0.03143331330716137,0.024490044478003885,1.9256993131845737,1.283513932994025,0.054141929706188294,0.19931208139101786,0.116,0.06,0.188,True,999,0.00012862496078014374,0.00966974999755621,weak_10x10_bal_strong_1000,weak_null,False,1465,2587230331,-1.5543122344752192e-15,1,50
1000,1000,0.1364428304735279,0.12439941846401836,0.09250672605048749,0.10110104271007003,0.012043412009509535,-0.008594316659582546,0.024839240155575718,0.48485428435322425,-0.3459975669848887,0.6277797128048699,0.7293445432125973,0.716,0.639,0.753,True,999,0.00012325006537139416,0.009568415931425989,weak_10x10_bal_strong_1000,weak_null,False,1466,2587230331,-1.5543122344752192e-15,0,55
1000,1000,0.13786569520164083,0.12612526428130744,0.09359177512851602,0.10165530278470669,0.011740430920333389,-0.008063527656190672,0.024763875762225177,0.474095050106908,-0.3256165445834929,0.6354321282319151,0.7447144930750338,0.703,0.622,0.73,True,999,0.00012587499804794788,0.009492667042650282,weak_10x10_bal_strong_1000,weak_null,False,1467,2587230331,-1.5543122344752192e-15,0,53
1000,1000,0.1402261563289886,0.12939649736053,0.09544776653910958,0.10414895694486859,0.010829658968458611,-0.008701190405759007,0.02410577788349544,0.44925573531785423,-0.36095870657285334,0.6532471853745612,0.7181303162700288,0.724,0.642,0.714,True,999,0.0001358340959995985,0.00946750002913177,weak_10x10_bal_strong_1000,weak_null,False,1468,2587230331,-1.5543122344752192e-15,0,52
1000,1000,0.14245772005861834,0.1391084549375342,0.0983200297168878,0.11153743657700943,0.003349265121084133,-0.013217406860121628,0.025259525745369833,0.1325941411112228,-0.5232642525976335,0.8945143662224472,0.6007903737772,0.91,0.888,0.634,True,999,0.00013145897537469864,0.009615208953619003,weak_10x10_bal_strong_1000,weak_null,False,1469,2587230331,-1.5543122344752192e-15,0,51
1000,1000,0.1408490816610155,0.11058937664102819,0.09821964782167925,0.0885232416341637,0.030259705019987315,0.00969640618751555,0.023908455226818764,1.2656486892571872,0.4055638934228936,0.20563888613015346,0.6850630630858847,0.364,0.225,0.697,True,999,0.00012541597243398428,0.009577375021763146,weak_10x10_bal_strong_1000,weak_null,False,1470,2587230331,-1.5543122344752192e-15,1,57
1000,1000,0.12984299359604679,0.1630151605374872,0.08591523730365225,0.1390136780649982,-0.03317216694144043,-0.053098440761345955,0.025495614494542254,-1.3010930545934267,-2.0826499699668948,0.19322660483579834,0.03728314084296396,0.285,0.19,0.042,True,999,0.00012824998702853918,0.00960949994623661,weak_10x10_bal_strong_1000,weak_null,False,1471,2587230331,-1.5543122344752192e-15,0,55
1000,1000,0.13068941817146973,0.11663674962617987,0.0880323492538082,0.08976734058313696,0.01405266854528986,-0.00173499132932875,0.02353545256464304,0.5970851211249268,-0.07371820552689103,0.5504505511971076,0.9412346122880734,0.651,0.551,0.942,True,999,0.00012429209891706705,0.009470958029851317,weak_10x10_bal_strong_1000,weak_null,False,1472,2587230331,-1.5543122344752192e-15,1,53
1000,1000,0.1392189483665085,0.12639689471169868,0.09556967556272866,0.1020404720048873,0.012822053654809817,-0.006470796442158644,0.024689292852463008,0.5193366100613404,-0.26208917690864997,0.6035260276732155,0.7932526907891005,0.693,0.592,0.792,True,999,0.00011954095680266619,0.009596250019967556,weak_10x10_bal_strong_1000,weak_null,False,1473,2587230331,-1.5543122344752192e-15,0,55
1000,1000,0.1305776390694504,0.1033505526450747,0.0866384130526967,0.08006350711536925,0.027227086424375713,0.006574905937327458,0.022684143476443663,1.2002695386162439,0.28984589804570604,0.23003467609113915,0.7719341327218702,0.377,0.228,0.756,True,999,0.00012874999083578587,0.009480125037953258,weak_10x10_bal_strong_1000,weak_null,False,1474,2587230331,-1.5543122344752192e-15,0,57
1000,1000,0.15467041822819017,0.1391790094993779,0.10981880076406014,0.11520475803990848,0.015491408728812273,-0.005385957275848341,0.02524317160893886,0.6136870979923382,-0.21336293867055595,0.5394221157523973,0.8310438855705098,0.628,0.546,0.847,True,999,0.00012916699051856995,0.009634666028432548,weak_10x10_bal_strong_1000,weak_null,False,1475,2587230331,-1.5543122344752192e-15,0,54
1000,1000,0.1438887136557101,0.13588581439795078,0.10150798287759244,0.1142934366581585,0.008002899257759322,-0.012785453780566058,0.024182596582556705,0.3309363091113194,-0.5287047541366344,0.7406925950781307,0.5970102787164551,0.805,0.752,0.619,True,999,0.00012737500946968794,0.009679832961410284,weak_10x10_bal_strong_1000,weak_null,False,1476,2587230331,-1.5543122344752192e-15,2,55
1000,1000,0.10964976350147326,0.13691221748682825,0.06657036461410826,0.11729781743963485,-0.027262453985354984,-0.0507274528255266,0.023664695781607195,-1.1520306128990705,-2.143592011225146,0.24930849392966337,0.03206559144811583,0.383,0.253,0.03,True,999,0.00013262499123811722,0.009642750024795532,weak_10x10_bal_strong_1000,weak_null,False,1477,2587230331,-1.5543122344752192e-15,0,57
1000,1000,0.11538786960887659,0.16314059150794158,0.07143802954760758,0.14484409804708775,-0.04775272189906499,-0.07340606849948017,0.024781676441781583,-1.926936703061562,-2.962110681734126,0.053987518720132334,0.003055379299839963,0.131,0.061,0.005,True,999,0.00013058306649327278,0.009583749924786389,weak_10x10_bal_strong_1000,weak_null,False,1478,2587230331,-1.5543122344752192e-15,0,58
1000,1000,0.1347454190882722,0.16003626071730948,0.09138585847904324,0.14152142822689484,-0.025290841629037275,-0.050135569747851605,0.025380141392243122,-0.9964815104129743,-1.9753857542800937,0.3190162463475684,0.04822438820011265,0.42,0.33,0.047,True,999,0.00012508302461355925,0.009684041026048362,weak_10x10_bal_strong_1000,weak_null,False,1479,2587230331,-1.5543122344752192e-15,1,59
1000,1000,0.13098981792472353,0.13505960646878268,0.08736960169835584,0.11005297143776716,-0.00406978854405915,-0.02268336973941132,0.024248728218096444,-0.16783513376268247,-0.935445749376789,0.8667129817847247,0.3495586291746695,0.89,0.861,0.358,True,999,0.00012783310376107693,0.009527542046271265,weak_10x10_bal_strong_1000,weak_null,False,1480,2587230331,-1.5543122344752192e-15,0,52
1000,1000,0.14010971684708862,0.1323086224702683,0.09610771960660713,0.10884957469806977,0.007801094376820306,-0.01274185509146264,0.02482607066647678,0.3142299271448665,-0.5132449376561335,0.7533464144254293,0.6077799952321201,0.809,0.768,0.62,True,999,0.00012199999764561653,0.009599665994755924,weak_10x10_bal_strong_1000,weak_null,False,1481,2587230331,-1.5543122344752192e-15,0,56
1000,1000,0.14613293633621494,0.1344309886649554,0.10381524983313284,0.10807096768701285,0.011701947671259538,-0.0042557178538800144,0.024668795176043968,0.47436235080598416,-0.1725142157738117,0.6352415359582775,0.863033286334053,0.731,0.66,0.887,True,999,0.00012574996799230576,0.00959737494122237,weak_10x10_bal_strong_1000,weak_null,False,1482,2587230331,-1.5543122344752192e-15,2,50
1000,1000,0.14199885716318006,0.16651839032296523,0.09847224192299109,0.1433937958089473,-0.024519533159785167,-0.0449215538859562,0.025467969266307268,-0.9627596493224597,-1.7638451427450466,0.3356681545799287,0.07775805481896972,0.443,0.338,0.083,True,999,0.000126624945551157,0.00962133298162371,weak_10x10_bal_strong_1000,weak_null,False,1483,2587230331,-1.5543122344752192e-15,1,54
1000,1000,0.14336033711923113,0.11713369662067935,0.09854966009652344,0.09051850415630724,0.02622664049855178,0.008031155940216195,0.024391306367586855,1.0752454215984046,0.3292630504977235,0.28226486449172017,0.7419568698247221,0.414,0.303,0.751,True,999,0.00012258300557732582,0.009550875052809715,weak_10x10_bal_strong_1000,weak_null,False,1484,2587230331,-1.5543122344752192e-15,0,53
1000,1000,0.13225530176819822,0.15416772301301052,0.08784896255747299,0.13122115266060064,-0.021912421244812297,-0.04337219010312765,0.02525037891647898,-0.8678056403546383,-1.717684722537845,0.38550074176277127,0.08585413745216275,0.476,0.406,0.105,True,999,0.00012266600970178843,0.009640374919399619,weak_10x10_bal_strong_1000,weak_null,False,1485,2587230331,-1.5543122344752192e-15,0,55
1000,1000,0.13982209519476418,0.12133961179528951,0.0954619999888564,0.10269772844418412,0.01848248339947467,-0.007235728455327717,0.02391871722208024,0.7727205112159116,-0.30251323213304065,0.4396878050447903,0.7622608479235775,0.553,0.464,0.763,True,999,0.00012362503912299871,0.009589374996721745,weak_10x10_bal_strong_1000,weak_null,False,1486,2587230331,-1.5543122344752192e-15,0,60
1000,1000,0.13107900911373838,0.14850063763358567,0.08804905541410335,0.1258558887051322,-0.0174216285198473,-0.03780683329102885,0.024431997510440197,-0.7130660729808419,-1.5474311208026836,0.4758048722489302,0.12175932173774308,0.556,0.471,0.133,True,999,0.00012483401224017143,0.009626958053559065,weak_10x10_bal_strong_1000,weak_null,False,1487,2587230331,-1.5543122344752192e-15,1,57
1000,1000,0.14290679860103683,0.12765976250563182,0.09995622996984821,0.10984724420512748,0.015247036095405009,-0.009891014235279272,0.02439965605691182,0.624887336929731,-0.40537515005164965,0.5320450039451596,0.6852017742961467,0.647,0.546,0.708,True,999,0.00013512501027435064,0.009652249980717897,weak_10x10_bal_strong_1000,weak_null,False,1488,2587230331,-1.5543122344752192e-15,1,62
1000,1000,0.17584921919234597,0.12894235105008223,0.13168463105739647,0.10455291237985875,0.04690686814226375,0.02713171867753772,0.025109840303162725,1.8680671631494035,1.0805213553715962,0.061752709867647027,0.279910082341973,0.129,0.067,0.272,True,999,0.00012904196046292782,0.00960183294955641,weak_10x10_bal_strong_1000,weak_null,False,1489,2587230331,-1.5543122344752192e-15,1,53
1000,1000,0.15931550886570944,0.127967365239057,0.11644100562625681,0.10588265952259235,0.03134814362665245,0.010558346103664462,0.024440541093558314,1.2826288708851352,0.43200132367148286,0.199622130400254,0.6657404511220675,0.325,0.202,0.664,True,999,0.00012474996037781239,0.009645999991334975,weak_10x10_bal_strong_1000,weak_null,False,1490,2587230331,-1.5543122344752192e-15,2,57
1000,1000,0.15591036983660223,0.1298650135195628,0.11101055303743124,0.1011564258440103,0.026045356317039414,0.009854127193420936,0.02514544064126948,1.0357884233809356,0.3918852460770974,0.30030085954279717,0.6951430047824341,0.413,0.318,0.708,True,999,0.00013499998021870852,0.00969829095993191,weak_10x10_bal_strong_1000,weak_null,False,1491,2587230331,-1.5543122344752192e-15,0,52
1000,1000,0.15859664762127812,0.14039451797013047,0.11599665314588492,0.1156788434959708,0.018202129651147647,0.00031780964991412475,0.024797407660314734,0.7340335691733602,0.0128162449183243,0.46292827900920597,0.9897743959893306,0.55,0.469,0.99,True,999,0.0001289999345317483,0.00961158296559006,weak_10x10_bal_strong_1000,weak_null,False,1492,2587230331,-1.5543122344752192e-15,2,53
1000,1000,0.14961245046080274,0.15241577909596193,0.1054545725933167,0.12482721315564049,-0.002803328635159197,-0.019372640562323795,0.025307587387390685,-0.11077028371957472,-0.7654874510865491,0.9117985104580417,0.44398133612944624,0.926,0.909,0.445,True,999,0.00012874999083578587,0.009668958955444396,weak_10x10_bal_strong_1000,weak_null,False,1493,2587230331,-1.5543122344752192e-15,0,51
1000,1000,0.14260527763208897,0.12540598841227102,0.09925522159119282,0.10020487439203407,0.017199289219817948,-0.0009496528008412497,0.02376511637315868,0.7237199662629696,-0.03995994742587616,0.4692376727537988,0.968125058094782,0.584,0.479,0.972,True,999,0.00012962508480995893,0.009671457926742733,weak_10x10_bal_strong_1000,weak_null,False,1494,2587230331,-1.5543122344752192e-15,1,53
1000,1000,0.17056325585978804,0.1458058494808736,0.1256706052372465,0.1196563199623597,0.024757406378914437,0.006014285274886788,0.025375902572696514,0.9756266327075375,0.23700773825313806,0.32924952162619736,0.8126507870183374,0.432,0.34,0.808,True,999,0.00012304203119128942,0.009621499921195209,weak_10x10_bal_strong_1000,weak_null,False,1495,2587230331,-1.5543122344752192e-15,1,52
1000,1000,0.12826050481540685,0.1259672137186797,0.08509782286728296,0.10187585995038262,0.002293291096727157,-0.01677803708309966,0.02422879016691404,0.09465149026957162,-0.6924834862786975,0.9245916500654184,0.4886337529081124,0.963,0.946,0.514,True,999,0.0001307500060647726,0.009540957980789244,weak_10x10_bal_strong_1000,weak_null,False,1496,2587230331,-1.5543122344752192e-15,0,53
1000,1000,0.15726952245686698,0.1446784890173093,0.11371689647876337,0.12161369959312651,0.012591033439557697,-0.007896803114363138,0.02483596635973305,0.5069677280595669,-0.3179583592594308,0.6121774624695447,0.7505165234877411,0.689,0.629,0.748,True,999,0.00012649991549551487,0.009663291042670608,weak_10x10_bal_strong_1000,weak_null,False,1497,2587230331,-1.5543122344752192e-15,1,55
1000,1000,0.14937328334381927,0.12857674365951421,0.10526394424050523,0.10166070011189277,0.02079653968430506,0.0036032441286124595,0.02474715074999195,0.8403609730430007,0.14560238328097758,0.40070602408977496,0.88423528645188,0.51,0.402,0.877,True,999,0.00012783391866832972,0.009599374956451356,weak_10x10_bal_strong_1000,weak_null,False,1498,2587230331,-1.5543122344752192e-15,0,51
1000,1000,0.12276242221719924,0.1625517057591892,0.07872685393340362,0.13872291237794343,-0.03978928354198996,-0.05999605844453981,0.02473894938398318,-1.6083659384400077,-2.4251659807098864,0.10775505701424855,0.015301389160058633,0.209,0.13,0.022,True,999,0.0001259580021724105,0.009599833050742745,weak_10x10_bal_strong_1000,weak_null,False,1499,2587230331,-1.5543122344752192e-15,0,54
1000,1000,0.1374234799494105,0.14405307153776337,0.0939274755473889,0.11953862906875656,-0.006629591588352857,-0.02561115352136767,0.024821433330568018,-0.2670914084638457,-1.0318160591405936,0.7893987824354713,0.30215829472071787,0.847,0.807,0.313,True,999,0.0001312500098720193,0.009656333946622908,weak_10x10_bal_strong_1000,weak_null,False,1500,2587230331,-1.5543122344752192e-15,1,53
1000,1000,0.12212802046323823,0.11099125683358624,0.07869975265930407,0.0808519037490214,0.011136763629651991,-0.0021521510897173357,0.02306665829610705,0.48280784700970486,-0.09330138167783729,0.6292321786046742,0.92566413445265,0.717,0.629,0.923,True,999,0.00013162498362362385,0.009624999947845936,weak_10x10_bal_strong_1000,weak_null,False,1501,2587230331,-1.5543122344752192e-15,0,49
1000,1000,0.14512085965351806,0.13375204703177812,0.10110744542907923,0.11200232064868487,0.011368812621739943,-0.010894875219605638,0.02516676975031927,0.4517390485362436,-0.4329071759186505,0.6514569839589722,0.6650822065906232,0.715,0.647,0.663,True,999,0.00012254109606146812,0.009533417061902583,weak_10x10_bal_strong_1000,weak_null,False,1502,2587230331,-1.5543122344752192e-15,0,55
1000,1000,0.11266531850813566,0.12403689294442133,0.06972080004743475,0.0986908566591751,-0.01137157443628567,-0.028970056611740347,0.023651406105735046,-0.48079908591685233,-1.2248767148231252,0.6306592999760885,0.22062167493611196,0.706,0.604,0.225,True,999,0.00012308394070714712,0.009481374989263713,weak_10x10_bal_strong_1000,weak_null,False,1503,2587230331,-1.5543122344752192e-15,0,53
1000,1000,0.16350350019305848,0.1262821120863769,0.12030636454073829,0.10269377107505306,0.037221388106681574,0.017612593465685222,0.02475099286844069,1.503834141301925,0.7115913918807902,0.13262407795485476,0.4767178390643997,0.244,0.131,0.476,True,999,0.00013045803643763065,0.009723291033878922,weak_10x10_bal_strong_1000,weak_null,False,1504,2587230331,-1.5543122344752192e-15,1,56
1000,1000,0.11345427693253107,0.13092922083875203,0.06963391670751662,0.10390757434186071,-0.017474943906220952,-0.03427365763434409,0.023302967279097513,-0.7499020917347196,-1.4707851246517931,0.45331367460591576,0.14134923654863846,0.562,0.428,0.139,True,999,0.0001627500168979168,0.009543500025756657,weak_10x10_bal_strong_1000,weak_null,False,1505,2587230331,-1.5543122344752192e-15,0,51
1000,1000,0.12030294921148288,0.1343909739709881,0.07803441091573404,0.1086550145118963,-0.014088024759505213,-0.030620603596162255,0.023777334122585224,-0.5924980776597454,-1.2878064226332615,0.5535171076294184,0.19781335600785932,0.631,0.547,0.215,True,999,0.00012999994214624166,0.0094532499788329,weak_10x10_bal_strong_1000,weak_null,False,1506,2587230331,-1.5543122344752192e-15,2,54
1000,1000,0.14732483363046311,0.15482862313678414,0.10310017758138201,0.12537816062058482,-0.007503789506321024,-0.02227798303920281,0.025149157453387062,-0.2983714074807075,-0.885834170806483,0.7654197092766255,0.37570689339376606,0.791,0.741,0.353,True,999,0.0001360001042485237,0.009574334020726383,weak_10x10_bal_strong_1000,weak_null,False,1507,2587230331,-1.5543122344752192e-15,0,48
1000,1000,0.14720956043702227,0.1450551249814077,0.10276294785080609,0.12247311765304403,0.002154435455614556,-0.019710169802237942,0.025408070724766595,0.08479335085896599,-0.7757444481223595,0.9324256797493601,0.43789989007016417,0.951,0.938,0.472,True,999,0.00012720900122076273,0.009723542025312781,weak_10x10_bal_strong_1000,weak_null,False,1508,2587230331,-1.5543122344752192e-15,0,55
1000,1000,0.15307875781043956,0.10763312482426818,0.10852138275458856,0.08708972251764635,0.04544563298617138,0.021431660236942207,0.024443579325648973,1.8592053308037695,0.8767807673098711,0.062998039504676,0.38060572741147314,0.147,0.06,0.384,True,999,0.00012270791921764612,0.009660916985012591,weak_10x10_bal_strong_1000,weak_null,False,1509,2587230331,-1.5543122344752192e-15,0,59
1000,1000,0.1318590943731892,0.15878695685901456,0.08829289351433545,0.1316788090148293,-0.02692786248582535,-0.043385915500493866,0.02522318519681214,-1.0675837439130667,-1.7200807575237262,0.28570831968463994,0.08541776298741878,0.388,0.28,0.095,True,999,0.00013179099187254906,0.009492541896179318,weak_10x10_bal_strong_1000,weak_null,False,1510,2587230331,-1.5543122344752192e-15,0,50
1000,1000,0.12792171168819522,0.14176174482366088,0.08395201766506943,0.12115201957317367,-0.013840033135465668,-0.03720000190810424,0.024215483006157664,-0.5715365302416779,-1.536207305823501,0.5676360052122601,0.12448754476398656,0.649,0.561,0.128,True,999,0.00012699991930276155,0.009605749975889921,weak_10x10_bal_strong_1000,weak_null,False,1511,2587230331,-1.5543122344752192e-15,0,56
1000,1000,0.17161092182995574,0.14870938303522319,0.12788483053009259,0.1283759256675694,0.022901538794732557,-0.0004910951374768047,0.02568517089953199,0.8916249334805806,-0.01911979248250799,0.3725940012281347,0.9847455421978156,0.477,0.389,0.984,True,999,0.00012500002048909664,0.009719167021103203,weak_10x10_bal_strong_1000,weak_null,False,1512,2587230331,-1.5543122344752192e-15,1,59
1000,1000,0.1321269317887399,0.12268939800031453,0.08858288300052664,0.10433757195323778,0.009437533788425378,-0.01575468895271115,0.024589980169755443,0.383795908873205,-0.6406954720560816,0.7011297205390361,0.5217205565899193,0.769,0.708,0.524,True,999,0.00012787501327693462,0.009680666029453278,weak_10x10_bal_strong_1000,weak_null,False,1513,2587230331,-1.5543122344752192e-15,0,60
1000,1000,0.163094613951015,0.12426011262865966,0.11887570347971632,0.098461221921184,0.03883450132235533,0.020414481558532316,0.024621404187846273,1.5772659035232843,0.8291355522529216,0.11473435439456059,0.40702770819015754,0.216,0.11,0.398,True,999,0.00012554205022752285,0.00955420802347362,weak_10x10_bal_strong_1000,weak_null,False,1514,2587230331,-1.5543122344752192e-15,0,50
1000,1000,0.12357544809156007,0.13159988949811985,0.08063218619054169,0.11419892206566828,-0.008024441406559779,-0.033566735875126597,0.024341416612928133,-0.3296620543562721,-1.3789968106169606,0.7416553285387246,0.16789573725645623,0.784,0.727,0.172,True,999,0.00011945900041610003,0.009669292019680142,weak_10x10_bal_strong_1000,weak_null,False,1515,2587230331,-1.5543122344752192e-15,1,62
1000,1000,0.11551874513268734,0.11920731929681921,0.07239023949523471,0.09491353546752634,-0.0036885741641318748,-0.022523295972291635,0.023978559600612223,-0.15382801242313562,-0.9393097978961409,0.8777453459936803,0.34757170957482464,0.908,0.885,0.393,True,999,0.0001289580250158906,0.009644916048273444,weak_10x10_bal_strong_1000,weak_null,False,1516,2587230331,-1.5543122344752192e-15,0,55
1000,1000,0.13822703830476568,0.14043160684403155,0.09470683615836606,0.125881947418236,-0.002204568539265872,-0.031175111259869936,0.02542341494592725,-0.08671409973659093,-1.2262361813381837,0.9308987686666511,0.2201098093744258,0.95,0.935,0.232,True,999,0.00014529202599078417,0.009698875015601516,weak_10x10_bal_strong_1000,weak_null,False,1517,2587230331,-1.5543122344752192e-15,0,63
1000,1000,0.1660830118305765,0.1148574467555219,0.1221134771267316,0.09113022773112789,0.0512255650750546,0.030983249395603707,0.024281963518394015,2.1096137895211946,1.2759779237841844,0.03489163560870895,0.20196332308820508,0.07,0.022,0.171,True,999,0.00013341603334993124,0.009694666950963438,weak_10x10_bal_strong_1000,weak_null,False,1518,2587230331,-1.5543122344752192e-15,1,55
1000,1000,0.15082680038363838,0.12719389792776647,0.10735696553547314,0.10613635313472969,0.023632902455871907,0.0012206124007434482,0.024686186581166995,0.9573330566131816,0.04944515819525763,0.338399175478042,0.960564541114432,0.457,0.34,0.961,True,999,0.00012691691517829895,0.00953529099933803,weak_10x10_bal_strong_1000,weak_null,False,1519,2587230331,-1.5543122344752192e-15,0,56
1000,1000,0.14750478839119685,0.1770046464362739,0.104102850158597,0.15331543355250687,-0.029499858045077043,-0.04921258339390988,0.026309817678682516,-1.1212490487525975,-1.8705026387843156,0.2621818668498881,0.06141405090458076,0.336,0.267,0.074,True,999,0.00013879092875868082,0.009613750036805868,weak_10x10_bal_strong_1000,weak_null,False,1520,2587230331,-1.5543122344752192e-15,1,54
1000,1000,0.13999564825916,0.16787348654656697,0.09700814462485141,0.1465283165236997,-0.027877838287406975,-0.049520171898848275,0.02574968193240954,-1.082647869615774,-1.92313722665911,0.27896475103499396,0.05446281823561541,0.365,0.293,0.062,True,999,0.00012645788956433535,0.0095904580084607,weak_10x10_bal_strong_1000,weak_null,False,1521,2587230331,-1.5543122344752192e-15,1,59
1000,1000,0.12991982580767525,0.1424303906997325,0.08664446595275876,0.11286527599713736,-0.012510564892057263,-0.026220810044378595,0.02454067035101454,-0.509789044598778,-1.0684634799837323,0.610199261672077,0.28531149547853407,0.673,0.603,0.281,True,999,0.0001264170277863741,0.009776916936971247,weak_10x10_bal_strong_1000,weak_null,False,1522,2587230331,-1.5543122344752192e-15,1,50
1000,1000,0.1565573383379304,0.12341499973498338,0.11271917561316513,0.10382166068586685,0.03314233860294702,0.008897514927298289,0.02432174275915416,1.3626629855902486,0.36582555022499214,0.17298874836120948,0.7144952531420892,0.304,0.179,0.708,True,999,0.00012345798313617706,0.009587415959686041,weak_10x10_bal_strong_1000,weak_null,False,1523,2587230331,-1.5543122344752192e-15,1,60
1000,1000,0.15196391929338793,0.1427980060612979,0.10812176701028875,0.12080523245128916,0.00916591323209004,-0.012683465441000408,0.025896738118693984,0.3539408395790771,-0.48977077278487985,0.723383219984317,0.624296114792075,0.757,0.719,0.617,True,999,0.0001228339970111847,0.009639166994020343,weak_10x10_bal_strong_1000,weak_null,False,1524,2587230331,-1.5543122344752192e-15,1,55
1000,1000,0.14275911714944067,0.15325863908671178,0.09859450134445069,0.12786155120159037,-0.010499521937271106,-0.029267049857139682,0.025192046514295793,-0.4167792374991415,-1.161757534884331,0.6768398903532633,0.24533396777066008,0.736,0.683,0.255,True,999,0.00012066704221069813,0.009472458041273057,weak_10x10_bal_strong_1000,weak_null,False,1525,2587230331,-1.5543122344752192e-15,1,52
1000,1000,0.12075347716924867,0.13961288460014842,0.0776771862683745,0.11463824145863555,-0.018859407430899755,-0.03696105519026105,0.02397058300389478,-0.7867729970453972,-1.5419339272747583,0.43141476343974805,0.12308965041423352,0.559,0.426,0.134,True,999,0.00011929101310670376,0.009528083959594369,weak_10x10_bal_strong_1000,weak_null,False,1526,2587230331,-1.5543122344752192e-15,0,54
1000,1000,0.11741837737624206,0.11331186020748607,0.07484744671091903,0.08664019926743549,0.004106517168755985,-0.011792752556516461,0.02272431881496132,0.18071024272253747,-0.5189485613426751,0.856595018626926,0.6037966123333909,0.901,0.853,0.602,True,999,0.00012279103975743055,0.009652292006649077,weak_10x10_bal_strong_1000,weak_null,False,1527,2587230331,-1.5543122344752192e-15,1,52
1000,1000,0.11964578340688403,0.13445845379432209,0.07715288786630481,0.10882458267366246,-0.014812670387438054,-0.03167169480735765,0.023739881833639603,-0.6239572080113888,-1.3341134142663933,0.5326556883092222,0.18216669023995746,0.634,0.541,0.18,True,999,0.000122792087495327,0.009544249973259866,weak_10x10_bal_strong_1000,weak_null,False,1528,2587230331,-1.5543122344752192e-15,1,55
1000,1000,0.18169910496702446,0.15577195171068503,0.13688060707045224,0.1350273017494601,0.02592715325633943,0.001853305320992149,0.02652764047098643,0.9773637155817247,0.06986317999217191,0.32838911964059514,0.9443025596012291,0.426,0.34,0.953,True,999,0.00014629203360527754,0.00968508399091661,weak_10x10_bal_strong_1000,weak_null,False,1529,2587230331,-1.5543122344752192e-15,1,57
1000,1000,0.13034036951062022,0.14855007734164227,0.08705902250994768,0.12958518222211524,-0.01820970783102205,-0.042526159712167555,0.025192987250330263,-0.722808599475766,-1.6880157676263685,0.4697974833223537,0.09140820221298983,0.538,0.461,0.094,True,999,0.00012533296830952168,0.009625582955777645,weak_10x10_bal_strong_1000,weak_null,False,1530,2587230331,-1.5543122344752192e-15,1,59
1000,1000,0.14487097505120294,0.16547652784682843,0.10045935882271806,0.14430760268976428,-0.02060555279562548,-0.04384824386704622,0.026161803702164563,-0.7876197310478493,-1.676040550041216,0.4309191698690795,0.0937302501477141,0.52,0.451,0.107,True,999,0.00012666708789765835,0.009492625016719103,weak_10x10_bal_strong_1000,weak_null,False,1531,2587230331,-1.5543122344752192e-15,0,55
1000,1000,0.14742522413190207,0.10745174596391072,0.1040766765004264,0.08478422417596221,0.03997347816799135,0.019292452324464193,0.0236670559098617,1.6889924255992912,0.8151606350169361,0.09122088149998707,0.4149803673879219,0.202,0.092,0.431,True,999,0.0001273748930543661,0.009535875055007637,weak_10x10_bal_strong_1000,weak_null,False,1532,2587230331,-1.5543122344752192e-15,1,56
1000,1000,0.10739214463000701,0.12086189004740089,0.0632847171073081,0.09473542189175532,-0.013469745417393875,-0.031450704784447225,0.022398402697922697,-0.6013708030458397,-1.4041494480034538,0.5475930407795288,0.1602743515658298,0.668,0.536,0.146,True,999,0.0001263340236619115,0.009392583975568414,weak_10x10_bal_strong_1000,weak_null,False,1533,2587230331,-1.5543122344752192e-15,0,52
1000,1000,0.1275679915761776,0.13269397810197547,0.08440447864450107,0.11017838318616668,-0.0051259865257978765,-0.025773904541665615,0.0238190433605612,-0.2152053904182113,-1.082071355743078,0.8296071884438988,0.2792208225823327,0.858,0.828,0.294,True,999,0.00012387498281896114,0.009544958011247218,weak_10x10_bal_strong_1000,weak_null,False,1534,2587230331,-1.5543122344752192e-15,0,55
1000,1000,0.1190760010877705,0.1309582697830024,0.07595112491708278,0.10852594785683323,-0.011882268695231901,-0.03257482293975045,0.024290438663610203,-0.4891747267221185,-1.3410553588952339,0.6247180006507236,0.17990247963949535,0.695,0.625,0.17,True,999,0.0001272499794140458,0.00958241696935147,weak_10x10_bal_strong_1000,weak_null,False,1535,2587230331,-1.5543122344752192e-15,0,55
1000,1000,0.1521913916797768,0.11786245110442783,0.10697554196394776,0.09573050809001415,0.034328940575348965,0.011245033873933608,0.024271705205789917,1.4143604779428491,0.4632980574949942,0.15725608808945088,0.6431507379602814,0.274,0.151,0.644,True,999,0.0001384170027449727,0.009983333060517907,weak_10x10_bal_strong_1000,weak_null,False,1536,2587230331,-1.5543122344752192e-15,0,55
1000,1000,0.13001796387589648,0.11018152998822794,0.08601479386470601,0.08366368910674282,0.019836433887668536,0.002351104757963185,0.023644122231349738,0.8389583547900717,0.09943717660391112,0.4014926795763173,0.9207911663585737,0.54,0.403,0.904,True,999,0.00015787500888109207,0.009541291976347566,weak_10x10_bal_strong_1000,weak_null,False,1537,2587230331,-1.5543122344752192e-15,0,53
1000,1000,0.1409479677602783,0.13170675107466034,0.09647565862042029,0.10887252202138598,0.009241216685617948,-0.012396863400965685,0.024839165253750926,0.3720421596785522,-0.4990853466419792,0.7098614598611637,0.6177192601186322,0.759,0.689,0.622,True,999,0.00013329205103218555,0.009559749974869192,weak_10x10_bal_strong_1000,weak_null,False,1538,2587230331,-1.5543122344752192e-15,0,56
1000,1000,0.14962654942366527,0.11402441804583524,0.1047864409451904,0.09271710569311153,0.035602131377830026,0.012069335252078872,0.023787054727774738,1.4967019576517608,0.5073909061127363,0.13447082666340743,0.6118805651861192,0.292,0.158,0.642,True,999,0.00013179099187254906,0.009661791962571442,weak_10x10_bal_strong_1000,weak_null,False,1539,2587230331,-1.5543122344752192e-15,0,57
1000,1000,0.14847591810639083,0.12377645324017639,0.10371979395949893,0.0984650413049053,0.024699464866214438,0.005254752654593631,0.023939452497892123,1.0317472744370086,0.2195017891514567,0.30219052490237264,0.8262591863067303,0.462,0.333,0.837,True,999,0.00012508395593613386,0.009735209052450955,weak_10x10_bal_strong_1000,weak_null,False,1540,2587230331,-1.5543122344752192e-15,1,55
1000,1000,0.11391558607461905,0.07852002989613921,0.06931538532489867,0.05916809913981069,0.03539555617847984,0.010147286185087978,0.021065028869400735,1.6802994383689531,0.4817124271701343,0.0928990702917969,0.6300102467984238,0.231,0.083,0.644,True,999,0.00013683398719877005,0.00950833410024643,weak_10x10_bal_strong_1000,weak_null,False,1541,2587230331,-1.5543122344752192e-15,0,61
1000,1000,0.14042095717590453,0.15225156175272214,0.09686285257930649,0.13525316084508177,-0.011830604576817616,-0.038390308265775275,0.02500483082098673,-0.4731327582863751,-1.5353156572270836,0.636118466977938,0.12470630999122499,0.681,0.628,0.137,True,999,0.00013341696467250586,0.009622458019293845,weak_10x10_bal_strong_1000,weak_null,False,1542,2587230331,-1.5543122344752192e-15,1,60
1000,1000,0.1623147539765486,0.14213648960084435,0.11782859169170479,0.12361057259101926,0.020178264375704247,-0.005781980899314476,0.025644748032953444,0.7868380827830799,-0.2254645236476741,0.4313766570258989,0.8216179209012036,0.498,0.41,0.8,True,999,0.00012008391786366701,0.009800124913454056,weak_10x10_bal_strong_1000,weak_null,False,1543,2587230331,-1.5543122344752192e-15,0,59
1000,1000,0.15220247605993853,0.13220483509482767,0.10872424962872174,0.11031066914250687,0.019997640965110863,-0.0015864195137851311,0.024733796011283664,0.8085148335495228,-0.06413975085188701,0.41879427034718975,0.9488589503889576,0.545,0.442,0.95,True,999,0.000130208907648921,0.00977549992967397,weak_10x10_bal_strong_1000,weak_null,False,1544,2587230331,-1.5543122344752192e-15,1,56
1000,1000,0.1386719075657945,0.15500566531866444,0.09462596170442339,0.12124577404745196,-0.016333757752869937,-0.02661981234302857,0.025458300300963233,-0.6415886983724494,-1.0456241001297872,0.5211402729469451,0.2957346178480793,0.582,0.501,0.301,True,999,0.00012508395593613386,0.009539874969050288,weak_10x10_bal_strong_1000,weak_null,False,1545,2587230331,-1.5543122344752192e-15,0,44
1000,1000,0.13029210437282313,0.12961348739785183,0.08666941565297748,0.10624622043496856,0.0006786169749712911,-0.019576804781991086,0.023860019136068295,0.028441593910771487,-0.8204857116982595,0.977309950463809,0.41193927132826413,0.974,0.967,0.407,True,999,0.00013225001748651266,0.009611499961465597,weak_10x10_bal_strong_1000,weak_null,False,1546,2587230331,-1.5543122344752192e-15,1,53
1000,1000,0.14160579608100932,0.14912055052572815,0.09782088450947413,0.12370015355008945,-0.00751475444471883,-0.025879269040615327,0.025423198461048884,-0.29558650758409705,-1.0179391503498347,0.7675458788343144,0.3087068746393171,0.82,0.769,0.336,True,999,0.0001259580021724105,0.009664125042036176,weak_10x10_bal_strong_1000,weak_null,False,1547,2587230331,-1.5543122344752192e-15,1,55
1000,1000,0.13994011625692337,0.14045921802152073,0.09622371713385292,0.11886385085102802,-0.0005191017645973517,-0.022640133717175104,0.025185238431060672,-0.020611350018316654,-0.8989445853033212,0.9835556863847821,0.3686821779934457,0.991,0.989,0.388,True,999,0.00012587499804794788,0.00956562499050051,weak_10x10_bal_strong_1000,weak_null,False,1548,2587230331,-1.5543122344752192e-15,1,58
1000,1000,0.12737524800162392,0.1377055980219315,0.08366664539471458,0.11170115500590327,-0.010330350020307577,-0.028034509611188696,0.024345885022881413,-0.42431606041836745,-1.1515091599603193,0.6713353280045105,0.24952282904371192,0.76,0.685,0.246,True,999,0.00013808393850922585,0.009540291968733072,weak_10x10_bal_strong_1000,weak_null,False,1549,2587230331,-1.5543122344752192e-15,1,53
1000,1000,0.14351034044645194,0.13106984635596075,0.09810919954543351,0.10487286851264344,0.012440494090491194,-0.006763668967209924,0.023978603524172897,0.5188164555934167,-0.2820710122001663,0.6038887415251843,0.7778890600027818,0.7,0.62,0.788,True,999,0.00012933299876749516,0.00969924998935312,weak_10x10_bal_strong_1000,weak_null,False,1550,2587230331,-1.5543122344752192e-15,0,52
1000,1000,0.1339886040342555,0.11480588192025631,0.09080360799589471,0.09029215433747595,0.019182722113999184,0.000511453658418759,0.02430897014286307,0.7891211351720339,0.021039709021524217,0.43004121018565156,0.9832139794598933,0.56,0.437,0.981,True,999,0.0001247919863089919,0.009617708972655237,weak_10x10_bal_strong_1000,weak_null,False,1551,2587230331,-1.5543122344752192e-15,0,53
1000,1000,0.1547964019009873,0.11855993362703088,0.11172253537688448,0.09179461256229615,0.036236468273956435,0.019927922814588328,0.024009122402837695,1.509279167558143,0.830014628616038,0.13122745615877932,0.40653051284828023,0.251,0.127,0.421,True,999,0.00013537495397031307,0.009677125024609268,weak_10x10_bal_strong_1000,weak_null,False,1552,2587230331,-1.5543122344752192e-15,1,52
1000,1000,0.12365333588898197,0.15306868015257746,0.07885788795192639,0.13312358824543935,-0.02941534426359549,-0.054265700293512964,0.02485630894696287,-1.1834156200086046,-2.1831761268055674,0.23664446980431042,0.02902284212633279,0.335,0.245,0.036,True,999,0.00013404199853539467,0.009685958037152886,weak_10x10_bal_strong_1000,weak_null,False,1553,2587230331,-1.5543122344752192e-15,0,57
1000,1000,0.13056014781383896,0.14216195429144607,0.08719108172726919,0.12219056948640628,-0.011601806477607113,-0.03499948775913708,0.02446935821730905,-0.47413611646750375,-1.4303394248558292,0.635402845289876,0.15261962469102786,0.695,0.625,0.152,True,999,0.00015083304606378078,0.009694166947156191,weak_10x10_bal_strong_1000,weak_null,False,1554,2587230331,-1.5543122344752192e-15,1,59
1000,1000,0.1563405620398055,0.12732289636874505,0.11246590758946695,0.10457416582062251,0.029017665671060455,0.00789174176884444,0.024876855026163464,1.1664523365410147,0.3172322932518819,0.24343160878215875,0.7510673479412161,0.381,0.272,0.756,True,999,0.00014254089910537004,0.009632583009079099,weak_10x10_bal_strong_1000,weak_null,False,1555,2587230331,-1.5543122344752192e-15,1,56
1000,1000,0.15513051955748702,0.13469063168422934,0.11104379343987603,0.106443206540348,0.02043988787325768,0.004600586899528025,0.025447944392271594,0.8032038878340666,0.1807842247928363,0.42185689874543275,0.8565369458710278,0.559,0.451,0.871,True,999,0.00013366690836846828,0.00977945898193866,weak_10x10_bal_strong_1000,weak_null,False,1556,2587230331,-1.5543122344752192e-15,0,50
1000,1000,0.14153618308516913,0.13193939283396627,0.09813494147965685,0.10385230136409973,0.009596790251202858,-0.005717359884442885,0.023502961293723333,0.40832259949156974,-0.2432612560175451,0.6830368496798661,0.8078030162143701,0.764,0.699,0.813,True,999,0.00012624997179955244,0.009635374997742474,weak_10x10_bal_strong_1000,weak_null,False,1557,2587230331,-1.5543122344752192e-15,1,49
1000,1000,0.13081958303949026,0.14106485478293773,0.0873146008511867,0.11980940750294167,-0.01024527174344747,-0.03249480665175497,0.0246441884583509,-0.4157276982669628,-1.3185586008105623,0.6776092706948142,0.1873167217643198,0.736,0.67,0.193,True,999,0.00013220799155533314,0.009706582990474999,weak_10x10_bal_strong_1000,weak_null,False,1558,2587230331,-1.5543122344752192e-15,0,56
1000,1000,0.14407228920380444,0.15657015177611888,0.10029508178331525,0.13986221129516707,-0.012497862572314444,-0.03956712951185182,0.025639308092083053,-0.48744929182287705,-1.5432214227368102,0.6259399695110749,0.12277706120160778,0.706,0.636,0.127,True,999,0.00013629102613776922,0.009585166932083666,weak_10x10_bal_strong_1000,weak_null,False,1559,2587230331,-1.5543122344752192e-15,1,60
1000,1000,0.1305068838155452,0.14097834980365087,0.08786799273912038,0.11558830521170194,-0.010471465988105666,-0.027720312472581554,0.024243861501902657,-0.43192236464821687,-1.1433951010818169,0.665797839519915,0.2528745855586356,0.746,0.676,0.254,True,999,0.0001240839483216405,0.009639583062380552,weak_10x10_bal_strong_1000,weak_null,False,1560,2587230331,-1.5543122344752192e-15,1,54
1000,1000,0.11575898843371979,0.16486810549397868,0.07192790557519402,0.1412938100422707,-0.04910911706025889,-0.06936590446707669,0.024634085124376696,-1.9935433693724995,-2.8158506442131093,0.04620197945975502,0.0048648277018782295,0.118,0.054,0.005,True,999,0.00012858305126428604,0.009504375047981739,weak_10x10_bal_strong_1000,weak_null,False,1561,2587230331,-1.5543122344752192e-15,0,52
1000,1000,0.16281830675845477,0.10855469494967684,0.11924168765517607,0.08296745634993385,0.05426361180877792,0.03627423130524221,0.024054611903312664,2.2558506463080805,1.5079948681378115,0.02407998627621803,0.1315558404557659,0.084,0.026,0.138,True,999,0.00012741703540086746,0.009595667012035847,weak_10x10_bal_strong_1000,weak_null,False,1562,2587230331,-1.5543122344752192e-15,1,52
1000,1000,0.12446515888051346,0.11676406193654781,0.07984368282041032,0.0964941389806313,0.007701096943965646,-0.016650456160220983,0.023016077960884597,0.334596405045791,-0.7234271707159721,0.7379295571155864,0.46941748331605315,0.79,0.729,0.449,True,999,0.00014462508261203766,0.009601042023859918,weak_10x10_bal_strong_1000,weak_null,False,1563,2587230331,-1.5543122344752192e-15,0,58
1000,1000,0.15283149391474904,0.11566928487914918,0.10949737587861819,0.09121695229231364,0.03716220903559986,0.01828042358630455,0.02445141460443415,1.5198388165591312,0.747622331142734,0.12855149071767355,0.45468799116760994,0.235,0.135,0.471,True,999,0.0001265000319108367,0.009647500002756715,weak_10x10_bal_strong_1000,weak_null,False,1564,2587230331,-1.5543122344752192e-15,1,55
1000,1000,0.15695736778066927,0.15626395146501249,0.11304350851878553,0.13166598656619044,0.0006934163156567807,-0.01862247804740491,0.02559224190266509,0.027094785923564232,-0.7276610669058121,0.9783841334657537,0.46682108865562466,0.986,0.979,0.497,True,999,0.0001330419909209013,0.009613458067178726,weak_10x10_bal_strong_1000,weak_null,False,1565,2587230331,-1.5543122344752192e-15,0,52
1000,1000,0.158499347551734,0.1544209932328212,0.11385138159448616,0.12652328788908562,0.004078354318912791,-0.012671906294599466,0.025716439692930113,0.1585893835853958,-0.4927550798597984,0.8739923936075535,0.6221856539786572,0.896,0.878,0.642,True,999,0.00013158295769244432,0.009621582925319672,weak_10x10_bal_strong_1000,weak_null,False,1566,2587230331,-1.5543122344752192e-15,0,52
1000,1000,0.16547108136841393,0.15039096144689967,0.12115040632897944,0.12777303437439969,0.015080119921514257,-0.006622628045420242,0.02581867035744779,0.5840780997912298,-0.25650538752511104,0.5591677683376106,0.7975606209264587,0.663,0.588,0.816,True,999,0.00012616696767508984,0.009711583028547466,weak_10x10_bal_strong_1000,weak_null,False,1567,2587230331,-1.5543122344752192e-15,0,54
1000,1000,0.11676926874282545,0.1349730831586613,0.07397264391556746,0.11705242571224517,-0.01820381441583585,-0.04307978179667771,0.02384537328005459,-0.7634107548680058,-1.806630631893345,0.4452184679242295,0.07081989008978427,0.552,0.455,0.072,True,999,0.00012912508100271225,0.009502124972641468,weak_10x10_bal_strong_1000,weak_null,False,1568,2587230331,-1.5543122344752192e-15,1,59
1000,1000,0.1468229843548774,0.14111735414376214,0.10371246345948748,0.11422554480043345,0.0057056302111152535,-0.010513081340945973,0.02462774129442088,0.23167492880915536,-0.426879640128735,0.8167905055444704,0.6694669956122594,0.843,0.802,0.664,True,999,0.00013008294627070427,0.00972170801833272,weak_10x10_bal_strong_1000,weak_null,False,1569,2587230331,-1.5543122344752192e-15,2,51
1000,1000,0.14283895313091755,0.1536588455972826,0.09862610174332076,0.1274089352923511,-0.010819892466365055,-0.02878283354903033,0.024914090408513966,-0.43428807911315687,-1.1552833387485135,0.6640792593506231,0.2479744165493768,0.729,0.672,0.259,True,999,0.00013537495397031307,0.009662500000558794,weak_10x10_bal_strong_1000,weak_null,False,1570,2587230331,-1.5543122344752192e-15,0,50
1000,1000,0.1229303750496733,0.12923167804808916,0.07945916588232649,0.10551053948626077,-0.006301302998415859,-0.02605137360393428,0.023870669172742283,-0.26397680571147386,-1.0913549769137652,0.791797791368319,0.27511671538703186,0.835,0.795,0.284,True,999,0.000120542012155056,0.009490291005931795,weak_10x10_bal_strong_1000,weak_null,False,1571,2587230331,-1.5543122344752192e-15,0,55
1000,1000,0.15613548785889186,0.13058561961648862,0.11369078977622848,0.1077652815968122,0.02554986824240324,0.005925508179416283,0.024856758466074505,1.0278841578347684,0.2383861993712355,0.3040043224645541,0.81158157024458,0.417,0.307,0.809,True,999,0.00012199999764561653,0.009654958033934236,weak_10x10_bal_strong_1000,weak_null,False,1572,2587230331,-1.5543122344752192e-15,2,56
1000,1000,0.15175177216965885,0.11147617297172652,0.10871460378029951,0.08174837774959087,0.04027559919793233,0.02696622603070864,0.023765470927064332,1.694710755849829,1.1346809037980923,0.09013030426355012,0.256509041291465,0.209,0.101,0.256,True,999,0.0001272079534828663,0.009625375038012862,weak_10x10_bal_strong_1000,weak_null,False,1573,2587230331,-1.5543122344752192e-15,1,49
1000,1000,0.13179269952362294,0.1387683503764806,0.08786353104005684,0.11305264048235131,-0.006975650852857673,-0.025189109442294466,0.024803905713253117,-0.2812319532859082,-1.0155299626395342,0.7785324980612076,0.3098532713374844,0.829,0.771,0.317,True,999,0.00013512501027435064,0.009610833949409425,weak_10x10_bal_strong_1000,weak_null,False,1574,2587230331,-1.5543122344752192e-15,0,54
1000,1000,0.12419816615916446,0.15134349840296957,0.08023211534191432,0.12709294937269533,-0.02714533224380511,-0.04686083403078101,0.024876644613548257,-1.0911974932914097,-1.8837280814495285,0.27518599067202754,0.059601765958460236,0.395,0.289,0.069,True,999,0.0001355829881504178,0.009524625027552247,weak_10x10_bal_strong_1000,weak_null,False,1575,2587230331,-1.5543122344752192e-15,0,54
1000,1000,0.15129592606113906,0.14296628073702344,0.10863647720589142,0.11911177132105877,0.00832964532411562,-0.010475294115167344,0.025512918312761767,0.3264873591489165,-0.4105878436465466,0.7440556517413746,0.6813747789909367,0.786,0.748,0.673,True,999,0.00012979202438145876,0.00950237491633743,weak_10x10_bal_strong_1000,weak_null,False,1576,2587230331,-1.5543122344752192e-15,1,55
1000,1000,0.11319413303270842,0.1501970299064812,0.07044333664225633,0.12282240562171864,-0.037002896873772784,-0.05237906897946232,0.024066918461623316,-1.5375004046644756,-2.1763928382848454,0.12417081603118618,0.02952589885298446,0.225,0.124,0.023,True,999,0.00012816698290407658,0.00949012499768287,weak_10x10_bal_strong_1000,weak_null,False,1577,2587230331,-1.5543122344752192e-15,1,49
1000,1000,0.13173718423795444,0.12079176051760526,0.0879679410618337,0.09341049261070111,0.010945423720349179,-0.005442551548867414,0.023834521790892432,0.45922564825830103,-0.22834741962169777,0.6460721340918589,0.8193761626436613,0.703,0.626,0.802,True,999,0.0001230419147759676,0.009673000080510974,weak_10x10_bal_strong_1000,weak_null,False,1578,2587230331,-1.5543122344752192e-15,0,53
1000,1000,0.1473201228089671,0.11798470494350266,0.1040119498011336,0.09572873462434472,0.029335417865464453,0.008283215176788872,0.024453237305954258,1.1996537512978458,0.33873695630361156,0.23027384172035847,0.7348078977134932,0.381,0.243,0.747,True,999,0.00013241695705801249,0.009609500062651932,weak_10x10_bal_strong_1000,weak_null,False,1579,2587230331,-1.5543122344752192e-15,0,56
1000,1000,0.12381336331760862,0.15037772713988828,0.08092482170013682,0.12281189413988614,-0.02656436382227967,-0.04188707243974932,0.02438934312156153,-1.0891791422949517,-1.7174333983074284,0.27607489491262516,0.08590001372031557,0.386,0.275,0.104,True,999,0.00015733297914266586,0.009600375080481172,weak_10x10_bal_strong_1000,weak_null,False,1580,2587230331,-1.5543122344752192e-15,1,50
1000,1000,0.1481095480480743,0.11825316573870626,0.10394578187333536,0.08975037294896993,0.029856382309368046,0.014195408924365438,0.024335558975701437,1.2268624007847546,0.5833196163087631,0.21987431243031574,0.5596781595297401,0.361,0.234,0.584,True,999,0.00012858409900218248,0.009617291972972453,weak_10x10_bal_strong_1000,weak_null,False,1581,2587230331,-1.5543122344752192e-15,0,51
1000,1000,0.14784251465160647,0.14808322161650112,0.10513609253075629,0.11944129944276938,-0.0002407069648946436,-0.014305206912013091,0.0245580898809177,-0.009801534486673551,-0.5825048683093478,0.9921796321783316,0.5602266632982326,0.993,0.991,0.576,True,999,0.0001377500593662262,0.009593874914571643,weak_10x10_bal_strong_1000,weak_null,False,1582,2587230331,-1.5543122344752192e-15,1,49
1000,1000,0.14763660263391198,0.14161132150505484,0.10297615533499993,0.11679301625633798,0.006025281128857141,-0.013816860921338048,0.024632717167811565,0.24460481106528462,-0.5609150150675632,0.8067624385184216,0.5748554735903723,0.829,0.796,0.582,True,999,0.00012437498662620783,0.009590332978405058,weak_10x10_bal_strong_1000,weak_null,False,1583,2587230331,-1.5543122344752192e-15,0,53
1000,1000,0.1396364218555961,0.12141633287909992,0.09588452305297324,0.09929132045249389,0.018220088976496185,-0.0034067973995206557,0.024424012541909575,0.7459908131488234,-0.13948557362042271,0.4556729646459178,0.8890664550803821,0.57,0.459,0.907,True,999,0.00012250000145286322,0.009642707998864353,weak_10x10_bal_strong_1000,weak_null,False,1584,2587230331,-1.5543122344752192e-15,0,57
1000,1000,0.13784955372138485,0.15084212965830923,0.0934487761719538,0.13365257727639346,-0.012992575936924378,-0.04020380110443966,0.025108989621094667,-0.517447182582329,-1.6011716007347216,0.6048440301582252,0.10933891705200112,0.695,0.618,0.113,True,999,0.00012720806989818811,0.00960545800626278,weak_10x10_bal_strong_1000,weak_null,False,1585,2587230331,-1.5543122344752192e-15,0,61
1000,1000,0.13453934723882455,0.11825226918401521,0.08925412164626323,0.09079987138153456,0.016287078054809334,-0.001545749735271329,0.023599205313746246,0.6901536656966288,-0.0655000757322514,0.49009755775263686,0.9477758460414099,0.597,0.492,0.961,True,999,0.00013050006236881018,0.009708249941468239,weak_10x10_bal_strong_1000,weak_null,False,1586,2587230331,-1.5543122344752192e-15,0,52
1000,1000,0.16589714439568937,0.1391685458759016,0.12302526393432345,0.11349389041140512,0.02672859851978776,0.00953137352291833,0.02529568722551342,1.056646466312609,0.37679836242222803,0.2906729654833782,0.7063234578013239,0.431,0.327,0.742,True,999,0.00012750003952533007,0.009855792042799294,weak_10x10_bal_strong_1000,weak_null,False,1587,2587230331,-1.5543122344752192e-15,1,53
1000,1000,0.14671501883629867,0.12603772673755143,0.10423946327546219,0.1030091866120415,0.020677292098747246,0.0012302766634206819,0.02368221664864982,0.873114725936185,0.051949388086136895,0.38260054811130795,0.958569021372953,0.494,0.381,0.953,True,999,0.00011983292642980814,0.009620249969884753,weak_10x10_bal_strong_1000,weak_null,False,1588,2587230331,-1.5543122344752192e-15,2,56
1000,1000,0.173781382807074,0.1007500581411066,0.12945137642509508,0.07959851424766384,0.0730313246659674,0.049852862177431234,0.024338764849004622,3.000617538278823,2.048290555692273,0.0026943274587003787,0.04053153783758363,0.02,0.002,0.037,True,999,0.00012874999083578587,0.009726583026349545,weak_10x10_bal_strong_1000,weak_null,False,1589,2587230331,-1.5543122344752192e-15,1,58
1000,1000,0.1576211102091709,0.13661740750707363,0.11456779397394712,0.110697182433114,0.021003702702097282,0.0038706115408331243,0.02464919329564301,0.8521050750090834,0.157027919510749,0.39415577547987524,0.8752228444657117,0.509,0.406,0.884,True,999,0.0001284580212086439,0.009733667015098035,weak_10x10_bal_strong_1000,weak_null,False,1590,2587230331,-1.5543122344752192e-15,2,52
1000,1000,0.1431077647829424,0.1296805803657669,0.0991563775942268,0.09972380739577602,0.013427184417175497,-0.0005674298015492241,0.024798127107846894,0.541459617445332,-0.022881961975655483,0.5881908246432916,0.9817444288873629,0.681,0.61,0.977,True,999,0.00012645800597965717,0.009528624941594899,weak_10x10_bal_strong_1000,weak_null,False,1591,2587230331,-1.5543122344752192e-15,0,47
1000,1000,0.1403461924724967,0.13756713411696186,0.0965887238940013,0.11273693272750052,0.0027790583555348247,-0.01614820883349921,0.024740645005861865,0.11232764363566007,-0.6526995892658891,0.9105636240506575,0.5139499673407739,0.945,0.927,0.537,True,999,0.00012929097283631563,0.009739332948811352,weak_10x10_bal_strong_1000,weak_null,False,1592,2587230331,-1.5543122344752192e-15,0,54
1000,1000,0.15448080061090996,0.13035894192947906,0.11029126634502973,0.1086998757595552,0.024121858681430908,0.001591390585474528,0.02496626696214541,0.9661780320624297,0.0637416313735426,0.33395510339836354,0.9491759550862954,0.464,0.339,0.952,True,999,0.00017862499225884676,0.009646791964769363,weak_10x10_bal_strong_1000,weak_null,False,1593,2587230331,-1.5543122344752192e-15,0,57
1000,1000,0.13325313906402636,0.11848206765441921,0.09015279997902326,0.09887532014130329,0.01477107140960715,-0.008722520162280034,0.024291244692690003,0.6080821133901068,-0.35908082408411596,0.5431330146416785,0.7195346264540922,0.682,0.553,0.759,True,999,0.00012808304745703936,0.009686374920420349,weak_10x10_bal_strong_1000,weak_null,False,1594,2587230331,-1.5543122344752192e-15,1,58
1000,1000,0.17039654251576808,0.11584527754267815,0.1282183296675612,0.09000134578093366,0.05455126497308993,0.03821698388662753,0.023812870346808648,2.2908311420929053,1.6048877489373847,0.021973181733887327,0.10851851013056892,0.083,0.023,0.119,True,999,0.00012416602112352848,0.009745625080540776,weak_10x10_bal_strong_1000,weak_null,False,1595,2587230331,-1.5543122344752192e-15,3,52
1000,1000,0.15058897436571161,0.13874442316942248,0.10780731004024346,0.11227048410569296,0.011844551196289133,-0.004463174065449493,0.024813500297324164,0.4773430211120365,-0.17986878158946373,0.6331178809137662,0.857255584129082,0.727,0.656,0.875,True,999,0.00013220903929322958,0.009638916933909059,weak_10x10_bal_strong_1000,weak_null,False,1596,2587230331,-1.5543122344752192e-15,2,52
1000,1000,0.17230214231483165,0.10505531077655672,0.12917216412097332,0.07492333155551023,0.06724683153827493,0.05424883256546309,0.02419668161365075,2.7791757817045912,2.2419947260395485,0.005449702564379535,0.024961713164906984,0.033,0.007,0.026,True,999,0.00012758304364979267,0.009749791934154928,weak_10x10_bal_strong_1000,weak_null,False,1597,2587230331,-1.5543122344752192e-15,2,51
1000,1000,0.1289935426208766,0.15235801016827544,0.08586897386567216,0.12506972053176924,-0.02336446754739885,-0.039200746666097075,0.02485253871503932,-0.9401239774856491,-1.5773336927697874,0.3471539710503665,0.11471876368965571,0.426,0.33,0.124,True,999,0.00012904207687824965,0.009612124995328486,weak_10x10_bal_strong_1000,weak_null,False,1598,2587230331,-1.5543122344752192e-15,0,51
1000,1000,0.13848544015572806,0.12587168911328717,0.09377342651305298,0.10668929260441473,0.01261375104244089,-0.01291586609136175,0.0251471286460714,0.5015980639368729,-0.5136119623494083,0.6159502815603526,0.6075233144072464,0.702,0.629,0.63,True,999,0.00012083305045962334,0.009514040895737708,weak_10x10_bal_strong_1000,weak_null,False,1599,2587230331,-1.5543122344752192e-15,0,59
1000,1000,0.15050783743677654,0.12166909033934004,0.1068400881317757,0.0919236633141054,0.0288387470974365,0.014916424817670304,0.024520940275402928,1.176086511101892,0.6083137371625607,0.2395603075693853,0.5429794117459907,0.373,0.254,0.554,True,999,0.00012900005094707012,0.00972187495790422,weak_10x10_bal_strong_1000,weak_null,False,1600,2587230331,-1.5543122344752192e-15,0,49
1000,1000,0.1641000643992485,0.1401435385679063,0.12049543387001904,0.11680756762984856,0.023956525831342224,0.0036878662401704787,0.02482251012769381,0.9651129441826501,0.14856943239016046,0.33448824423908396,0.8818933946869345,0.441,0.348,0.892,True,999,0.00012616696767508984,0.009572500013746321,weak_10x10_bal_strong_1000,weak_null,False,1601,2587230331,-1.5543122344752192e-15,1,55
1000,1000,0.13551309994876837,0.14188233252022941,0.09149538617293729,0.11786108791034167,-0.006369232571461048,-0.02636570173740438,0.023919671322174457,-0.26627592351390394,-1.1022602017512824,0.790026714196416,0.2703485661621535,0.853,0.809,0.296,True,999,0.00012466602493077517,0.009577499935403466,weak_10x10_bal_strong_1000,weak_null,False,1602,2587230331,-1.5543122344752192e-15,0,55
1000,1000,0.16583480154655872,0.15662753133534002,0.12171739061250264,0.13722403713154563,0.009207270211218699,-0.015506646519042988,0.025346395837979593,0.36325757200644376,-0.6117890140343935,0.7164124842965027,0.54067735918644,0.76,0.701,0.526,True,999,0.00013608310837298632,0.009717667009681463,weak_10x10_bal_strong_1000,weak_null,False,1603,2587230331,-1.5543122344752192e-15,1,57
1000,1000,0.14757116738385134,0.12077058618870629,0.10557396232979954,0.10187480082032607,0.026800581195145057,0.0036991615094734698,0.02424976112750168,1.1051894925575365,0.1525442452824101,0.2690774888675793,0.878757696053036,0.425,0.286,0.882,True,999,0.0001360829919576645,0.009671875042840838,weak_10x10_bal_strong_1000,weak_null,False,1604,2587230331,-1.5543122344752192e-15,2,60
1000,1000,0.13197096291450627,0.1349480920211884,0.08940217764757108,0.11248920923458172,-0.0029771291066821304,-0.023087031587010642,0.024799557841372905,-0.1200476688223614,-0.9309452908267071,0.904445386712335,0.35188186482433415,0.939,0.918,0.345,True,999,0.0001396669540554285,0.009587250067852437,weak_10x10_bal_strong_1000,weak_null,False,1605,2587230331,-1.5543122344752192e-15,1,55
1000,1000,0.13631320926407442,0.12206095350514501,0.09288745866751924,0.09254388479104136,0.01425225575892941,0.0003435738764778762,0.024443885460138395,0.5830601596530602,0.01405561636418873,0.5598528023884718,0.9887856099648008,0.674,0.558,0.987,True,999,0.0001371670514345169,0.009594292030669749,weak_10x10_bal_strong_1000,weak_null,False,1606,2587230331,-1.5543122344752192e-15,0,50
1000,1000,0.15152459611971913,0.13252068706938946,0.1076965449178715,0.10481608176917234,0.01900390905032967,0.002880463148699164,0.024066124970387615,0.7896538837770187,0.11968952842401742,0.4297299304512907,0.9047290958315842,0.529,0.402,0.893,True,999,0.0001332079991698265,0.009639750001952052,weak_10x10_bal_strong_1000,weak_null,False,1607,2587230331,-1.5543122344752192e-15,1,51
1000,1000,0.1324033827016926,0.10717272019976376,0.08793757008697867,0.08263338968953349,0.025230662501928847,0.0053041803974451796,0.023462472369455405,1.0753624811840101,0.22607082126393555,0.28221247256876625,0.8211463383856157,0.428,0.308,0.834,True,999,0.0001302079763263464,0.009566249907948077,weak_10x10_bal_strong_1000,weak_null,False,1608,2587230331,-1.5543122344752192e-15,0,55
1000,1000,0.14061954262828325,0.1457888043379868,0.09622292030780955,0.11736049819478467,-0.005169261709703554,-0.021137577886975123,0.025577778197843716,-0.20209971600032636,-0.826403987221888,0.8398387698834844,0.408574962380711,0.874,0.843,0.408,True,999,0.0001330000814050436,0.009626458049751818,weak_10x10_bal_strong_1000,weak_null,False,1609,2587230331,-1.5543122344752192e-15,0,51
1000,1000,0.14040423763847043,0.14537729225968055,0.09641993101968183,0.12505487403734605,-0.004973054621210116,-0.028634943017664227,0.024957519713673087,-0.19926077103269224,-1.147347306390244,0.8420587639827172,0.2512381098322527,0.874,0.847,0.256,True,999,0.000167959020473063,0.00953012506943196,weak_10x10_bal_strong_1000,weak_null,False,1610,2587230331,-1.5543122344752192e-15,0,59
1000,1000,0.1423690286629018,0.17433189485384148,0.09872207693024393,0.1500496763044339,-0.03196286619093969,-0.05132759937418996,0.026870446227805652,-1.1895175063324546,-1.9101878301178319,0.2342360862842645,0.05610903352870962,0.335,0.25,0.062,True,999,0.00012529094237834215,0.00959966704249382,weak_10x10_bal_strong_1000,weak_null,False,1611,2587230331,-1.5543122344752192e-15,0,53
1000,1000,0.1321720399577626,0.13133601637573022,0.08899914077574067,0.10823102081837987,0.0008360235820323858,-0.019231880042639204,0.025036568716193114,0.03339209903358936,-0.7681515890075,0.9733619102085923,0.4423971307229232,0.978,0.975,0.414,True,999,0.0001204590080305934,0.009597082971595228,weak_10x10_bal_strong_1000,weak_null,False,1612,2587230331,-1.5543122344752192e-15,1,56
1000,1000,0.14680357996743876,0.12375883855259784,0.1032749430532931,0.09785682338861079,0.02304474141484092,0.005418119664682308,0.02360322611227358,0.9763386286782954,0.2295499623191301,0.328896683335843,0.8184414928105312,0.464,0.33,0.818,True,999,0.00012866698671132326,0.00957466708496213,weak_10x10_bal_strong_1000,weak_null,False,1613,2587230331,-1.5543122344752192e-15,1,54
1000,1000,0.14778855332786245,0.13339050870283042,0.10432698090471604,0.10769572387982862,0.014398044625032025,-0.003368742975112582,0.024298646844791463,0.5925451205986937,-0.13863911832747547,0.5534856157881838,0.8897353298393129,0.674,0.573,0.903,True,999,0.00012170802801847458,0.009709583013318479,weak_10x10_bal_strong_1000,weak_null,False,1614,2587230331,-1.5543122344752192e-15,1,51
1000,1000,0.11819635797108008,0.12421699560716454,0.07540819054565873,0.10659580552834313,-0.006020637636084458,-0.03118761498268441,0.024012170464604677,-0.2507327542489016,-1.2988253197959239,0.802020735173993,0.19400388322751094,0.846,0.815,0.2,True,999,0.00013387494254857302,0.00950391695369035,weak_10x10_bal_strong_1000,weak_null,False,1615,2587230331,-1.5543122344752192e-15,1,61
1000,1000,0.1663485062245571,0.11739536472501044,0.12313981375973526,0.09134407969611402,0.04895314149954666,0.03179573406362124,0.024329380985308444,2.0120997541658596,1.3068862739591045,0.04420942259637376,0.19125133845962783,0.121,0.041,0.218,True,999,0.0001449999399483204,0.009618291980586946,weak_10x10_bal_strong_1000,weak_null,False,1616,2587230331,-1.5543122344752192e-15,2,53
1000,1000,0.159607079884458,0.137857271831187,0.11691939313641342,0.11380201150018365,0.02174980805327098,0.0031173816362297657,0.024081092503435188,0.9031902539375384,0.12945349700330533,0.36642492953084826,0.8969988192647952,0.477,0.356,0.897,True,999,0.00012824998702853918,0.00965008302591741,weak_10x10_bal_strong_1000,weak_null,False,1617,2587230331,-1.5543122344752192e-15,3,52
1000,1000,0.17272908421057354,0.1396071493843184,0.1289726299432914,0.11704834949671294,0.03312193482625514,0.01192428044657845,0.02494415760289827,1.327843391368193,0.4780390116358535,0.18422984895121475,0.6326224388989952,0.308,0.211,0.637,True,999,0.00012974999845027924,0.009775415994226933,weak_10x10_bal_strong_1000,weak_null,False,1618,2587230331,-1.5543122344752192e-15,2,56
1000,1000,0.14755365917496155,0.0979405847606547,0.1041210968296582,0.07681145841212356,0.049613074414306846,0.027309638417534643,0.023121558329965545,2.1457495946546254,1.1811331238059912,0.031892962063547525,0.23754984309742955,0.117,0.032,0.233,True,999,0.00013749999925494194,0.009655500063672662,weak_10x10_bal_strong_1000,weak_null,False,1619,2587230331,-1.5543122344752192e-15,1,58
1000,1000,0.11123222934237198,0.13620514307570875,0.06778250427078092,0.11336115554576054,-0.024972913733336766,-0.04557865127497962,0.02333461159653488,-1.0702091024752762,-1.9532637638480306,0.2845251980619915,0.05078834889770712,0.422,0.295,0.056,True,999,0.00013058295007795095,0.009551916038617492,weak_10x10_bal_strong_1000,weak_null,False,1620,2587230331,-1.5543122344752192e-15,0,55
1000,1000,0.15465804798436666,0.17007146243328042,0.11245658107236522,0.1492043412312114,-0.015413414448913754,-0.03674776015884618,0.0246663997697041,-0.6248749145728555,-1.4897901802427085,0.5320531576161959,0.1362794139058756,0.632,0.554,0.156,True,999,0.00014270900283008814,0.00970825005788356,weak_10x10_bal_strong_1000,weak_null,False,1621,2587230331,-1.5543122344752192e-15,3,58
1000,1000,0.13103045324706963,0.10412460422170511,0.0880817841807584,0.07981451117342431,0.026905849025364525,0.008267273007334097,0.02283523551749436,1.1782601937585282,0.36204019008257815,0.23869289193351273,0.717321997355296,0.389,0.25,0.712,True,999,0.00012695800978690386,0.009654082939960063,weak_10x10_bal_strong_1000,weak_null,False,1622,2587230331,-1.5543122344752192e-15,1,56
1000,1000,0.14064763323660312,0.1368895684582282,0.09778065638784028,0.11067404449727292,0.0037580647783749255,-0.012893388109432635,0.024359296605729823,0.15427640786191457,-0.5293005097035453,0.8773917983984013,0.5965970020741852,0.9,0.871,0.597,True,999,0.00012920808512717485,0.009611707995645702,weak_10x10_bal_strong_1000,weak_null,False,1623,2587230331,-1.5543122344752192e-15,2,52
1000,1000,0.14842240405339302,0.12453900180265459,0.1047957389732801,0.10110047062272542,0.023883402250738428,0.00369526835055467,0.024502703494387566,0.974725187210832,0.15081063815676848,0.32969659565810316,0.880125094216478,0.481,0.349,0.892,True,999,0.000122333993203938,0.009606749983504415,weak_10x10_bal_strong_1000,weak_null,False,1624,2587230331,-1.5543122344752192e-15,1,56
1000,1000,0.13227632810826728,0.11158184962023054,0.08853643679958623,0.08948279633978018,0.02069447848803674,-0.0009463595401939529,0.023386233035589867,0.8849000374084729,-0.040466523135801936,0.3762105478536283,0.9677211958370138,0.485,0.382,0.968,True,999,0.0001217919634655118,0.0094318330520764,weak_10x10_bal_strong_1000,weak_null,False,1625,2587230331,-1.5543122344752192e-15,1,57
1000,1000,0.1482135432899594,0.1735153834418518,0.10484688091673888,0.1510709434069213,-0.025301840151892407,-0.046224062490182405,0.0251759420281693,-1.0050007313959588,-1.8360410283143493,0.3148964976777143,0.06635158891742379,0.394,0.325,0.069,True,999,0.00012099999003112316,0.00953004090115428,weak_10x10_bal_strong_1000,weak_null,False,1626,2587230331,-1.5543122344752192e-15,1,55
1000,1000,0.15092364159710359,0.12498858746930541,0.10939638709032806,0.09740937513879544,0.025935054127798174,0.011987011951532622,0.023010460297032066,1.1270984497056467,0.5209375126267566,0.2597008587512316,0.6024103021779137,0.399,0.245,0.614,True,999,0.0001258330885320902,0.00954900006763637,weak_10x10_bal_strong_1000,weak_null,False,1627,2587230331,-1.5543122344752192e-15,3,50
1000,1000,0.14462605919716554,0.14121816011023303,0.10171473787477225,0.1231777918789021,0.0034078990869325088,-0.021463054004129845,0.024560705224455286,0.138754121910931,-0.8738777574985475,0.8896444486029742,0.382184828843264,0.919,0.898,0.376,True,999,0.000128875020891428,0.009553125011734664,weak_10x10_bal_strong_1000,weak_null,False,1628,2587230331,-1.5543122344752192e-15,2,59
1000,1000,0.15442876793011662,0.16396495922222376,0.11050010208282401,0.13645292405090004,-0.009536191292107143,-0.025952821968076023,0.025398738551792387,-0.37545924860249313,-1.0218153911523506,0.7073189482108728,0.3068682833634595,0.749,0.7,0.313,True,999,0.00011904200073331594,0.009483041008934379,weak_10x10_bal_strong_1000,weak_null,False,1629,2587230331,-1.5543122344752192e-15,1,50
1000,1000,0.1396768897530012,0.10472024386664125,0.09657908857707298,0.08274211135483256,0.03495664588635994,0.01383697722224042,0.02263138687006409,1.5446090903337089,0.6114065082128675,0.1224408460700479,0.5409304951135251,0.245,0.122,0.538,True,999,0.00012995896395295858,0.009505499969236553,weak_10x10_bal_strong_1000,weak_null,False,1630,2587230331,-1.5543122344752192e-15,1,57
1000,1000,0.180676740809548,0.11413304188316564,0.1372617034112409,0.09214475327320315,0.06654369892638234,0.04511695013803774,0.0244301770151588,2.7238320412124857,1.8467713152484693,0.006452931386005464,0.06478029085399094,0.033,0.004,0.068,True,999,0.00013037491589784622,0.009648000006563962,weak_10x10_bal_strong_1000,weak_null,False,1631,2587230331,-1.5543122344752192e-15,2,59
1000,1000,0.16525107652947302,0.12538605728471808,0.1218947714105525,0.10180788307548028,0.03986501924475494,0.020086888335072217,0.024234149663228195,1.6449935235501298,0.8288670580239568,0.09997114666935542,0.4071796376730047,0.215,0.104,0.42,True,999,0.00013220892287790775,0.00953779206611216,weak_10x10_bal_strong_1000,weak_null,False,1632,2587230331,-1.5543122344752192e-15,2,56
1000,1000,0.14155465512067344,0.12782596703927118,0.09749138749475605,0.10896434667967014,0.013728688081402263,-0.011472959184914089,0.02447413642562827,0.5609467824583247,-0.46877891768634977,0.5748338166228835,0.6392276707892056,0.681,0.585,0.647,True,999,0.00012833299115300179,0.009685750002972782,weak_10x10_bal_strong_1000,weak_null,False,1633,2587230331,-1.5543122344752192e-15,0,61
1000,1000,0.1630035029692687,0.12584255693003088,0.11927823232645096,0.0974259671839377,0.03716094603923781,0.02185226514251326,0.02527902951388474,1.470030565011478,0.8644424079061541,0.14155347606012686,0.38734490504078245,0.255,0.152,0.397,True,999,0.00012962508480995893,0.009731250000186265,weak_10x10_bal_strong_1000,weak_null,False,1634,2587230331,-1.5543122344752192e-15,0,52
1000,1000,0.14699545105418332,0.17252952639474572,0.10385578699924736,0.15026744771216727,-0.0255340753405624,-0.04641166071291991,0.024797457630648608,-1.0297053722557172,-1.8716298019018314,0.303148332936108,0.06125783741120907,0.415,0.3,0.083,True,999,0.0001259170239791274,0.00968787504825741,weak_10x10_bal_strong_1000,weak_null,False,1635,2587230331,-1.5543122344752192e-15,1,55
1000,1000,0.15094794027886982,0.1366469922852953,0.10897401993133826,0.11767009752264812,0.014300947993574509,-0.008696077591309859,0.025240252279922024,0.5665929102044098,-0.34453211857265653,0.5709907929292877,0.730446145716922,0.678,0.599,0.742,True,999,0.00013025000225752592,0.009668166050687432,weak_10x10_bal_strong_1000,weak_null,False,1636,2587230331,-1.5543122344752192e-15,3,60
1000,1000,0.16435678779059115,0.11423782087647572,0.12064882894992479,0.09032096123553401,0.05011896691411544,0.030327867714390777,0.02421283262533348,2.069934058920343,1.2525534778883838,0.038458519946736915,0.21036825460758624,0.096,0.031,0.222,True,999,0.00012754101771861315,0.00964274990838021,weak_10x10_bal_strong_1000,weak_null,False,1637,2587230331,-1.5543122344752192e-15,1,56
1000,1000,0.15098267504314844,0.1480085769469518,0.10726327762586152,0.13235993421943704,0.0029740980961966423,-0.025096656593575517,0.02516078438818148,0.11820371139119316,-0.9974512799912516,0.9059062493113367,0.31854551095089656,0.92,0.908,0.332,True,999,0.00014000001829117537,0.009789709001779556,weak_10x10_bal_strong_1000,weak_null,False,1638,2587230331,-1.5543122344752192e-15,0,63
1000,1000,0.15541227365417942,0.14728970846430367,0.1115804490705159,0.12256617391869895,0.008122565189875752,-0.010985724848183054,0.025249961498592693,0.32168624060391,-0.43507887522107086,0.7476904026464486,0.6635051763804932,0.79,0.752,0.68,True,999,0.00016650010365992785,0.009688833029940724,weak_10x10_bal_strong_1000,weak_null,False,1639,2587230331,-1.5543122344752192e-15,1,55
1000,1000,0.15353301862510005,0.14895131798172379,0.10966751121486595,0.1245252258219125,0.004581700643376263,-0.014857714607046546,0.024683490005643047,0.18561802412579467,-0.6019292492127261,0.8527443179931745,0.5472212335621046,0.884,0.859,0.561,True,999,0.000134333036839962,0.009524915949441493,weak_10x10_bal_strong_1000,weak_null,False,1640,2587230331,-1.5543122344752192e-15,1,53
1000,1000,0.14257826011497388,0.14458695572435043,0.09763984592200359,0.11803514562893724,-0.002008695609376554,-0.020395299706933656,0.024567133344484102,-0.08176353265195076,-0.8301863884950532,0.934834755668962,0.4064334098096133,0.94,0.928,0.436,True,999,0.00012095889542251825,0.00968233309686184,weak_10x10_bal_strong_1000,weak_null,False,1641,2587230331,-1.5543122344752192e-15,0,54
1000,1000,0.14944507216088176,0.12186409066919923,0.10691710756100292,0.09791980572521197,0.027580981491682532,0.00899730183579095,0.024625318411260817,1.1200253751468299,0.3653679390263887,0.2627029489173507,0.7148367703483798,0.418,0.281,0.733,True,999,0.0001282920129597187,0.009547125082463026,weak_10x10_bal_strong_1000,weak_null,False,1642,2587230331,-1.5543122344752192e-15,1,55
1000,1000,0.13694714305684963,0.18224883881987541,0.09500314851038638,0.15483557276820648,-0.045301695763025784,-0.059832424257820094,0.025531042636339586,-1.7743770361554156,-2.343516679285854,0.07600080569600924,0.019102908087394257,0.156,0.073,0.02,True,999,0.00012920901644974947,0.00970149994827807,weak_10x10_bal_strong_1000,weak_null,False,1643,2587230331,-1.5543122344752192e-15,2,49
1000,1000,0.15246525393803267,0.15048176036510108,0.1088325522937339,0.12232483887282797,0.001983493572931594,-0.01349228657909407,0.025899235641741885,0.07658502360335263,-0.5209530800726994,0.9389536733917675,0.602399457238239,0.955,0.945,0.59,True,999,0.00012583297211676836,0.009575000032782555,weak_10x10_bal_strong_1000,weak_null,False,1644,2587230331,-1.5543122344752192e-15,0,49
1000,1000,0.12634754589588137,0.1353611051317265,0.08376698167603536,0.11655290365166593,-0.009013559235845126,-0.03278592197563057,0.02440373066437677,-0.36935169297711623,-1.3434799140563236,0.7118655996889256,0.1791166256685479,0.772,0.707,0.166,True,999,0.00013329205103218555,0.00958804099354893,weak_10x10_bal_strong_1000,weak_null,False,1645,2587230331,-1.5543122344752192e-15,1,59
1000,1000,0.13514512599172246,0.1242615312050277,0.0914618017277462,0.10258076502390168,0.010883594786694761,-0.01111896329615547,0.024010228430615854,0.45328993092031156,-0.4630927743268569,0.650339982378571,0.6432978690539914,0.714,0.638,0.637,True,999,0.00012500002048909664,0.00960804196074605,weak_10x10_bal_strong_1000,weak_null,False,1646,2587230331,-1.5543122344752192e-15,1,58
1000,1000,0.14608348905190605,0.13589262754273135,0.10195618178113364,0.11752833456910139,0.010190861509174698,-0.015572152787967752,0.025284795390335582,0.40304306805147705,-0.6158702314007959,0.6869165415969435,0.5379801701582898,0.734,0.683,0.55,True,999,0.00012920796871185303,0.009606042061932385,weak_10x10_bal_strong_1000,weak_null,False,1647,2587230331,-1.5543122344752192e-15,0,59
1000,1000,0.1191064065610572,0.13300225706645719,0.07683256835571228,0.10539269440266708,-0.013895850505399987,-0.028560126046954792,0.02385537662679853,-0.5825039244943103,-1.1972196663988555,0.5602272988434073,0.23122094641006818,0.663,0.576,0.239,True,999,0.00012412492651492357,0.009571166941896081,weak_10x10_bal_strong_1000,weak_null,False,1648,2587230331,-1.5543122344752192e-15,2,50
1000,1000,0.1342380487822048,0.1273703293482814,0.0912681841932681,0.11343358952228755,0.006867719433923392,-0.02216540532901945,0.02408285642393175,0.28517046786438355,-0.9203810768473926,0.7755135446108467,0.3573736538179608,0.827,0.78,0.362,True,999,0.00013983296230435371,0.009668832994066179,weak_10x10_bal_strong_1000,weak_null,False,1649,2587230331,-1.5543122344752192e-15,1,63
1000,1000,0.1594624677742571,0.13519011579702012,0.11586289132310412,0.11394660763176034,0.024272351977236983,0.0019162836913437786,0.02482526385264714,0.9777278550313897,0.0771908690565415,0.3282089412059116,0.938471705412008,0.423,0.336,0.934,True,999,0.00012641598004847765,0.00979066698346287,weak_10x10_bal_strong_1000,weak_null,False,1650,2587230331,-1.5543122344752192e-15,1,57
1000,1000,0.14443491099350814,0.1385919153588544,0.09926386394045039,0.11556148260422106,0.005842995634653736,-0.016297618663770663,0.024014464922055556,0.2433115063616248,-0.6786584134465755,0.8077640914015144,0.4973543218241816,0.851,0.814,0.514,True,999,0.00012554205022752285,0.009534750017337501,weak_10x10_bal_strong_1000,weak_null,False,1651,2587230331,-1.5543122344752192e-15,0,55
1000,1000,0.12519871358057122,0.13346940608292535,0.08205958191729223,0.10960460459443766,-0.008270692502354127,-0.027545022677145425,0.024469212753063428,-0.33800402921907147,-1.125701221168095,0.7353601514199863,0.2602920066939224,0.783,0.714,0.251,True,999,0.00012587499804794788,0.009504666086286306,weak_10x10_bal_strong_1000,weak_null,False,1652,2587230331,-1.5543122344752192e-15,0,52
1000,1000,0.14870140429888545,0.11909960114625712,0.10423141863384444,0.0967557528093721,0.029601803152628337,0.007475665824472344,0.02476616151982865,1.195251962195599,0.30184999877704366,0.23198860218141137,0.7627664139593178,0.355,0.246,0.761,True,999,0.00012737500946968794,0.009591083973646164,weak_10x10_bal_strong_1000,weak_null,False,1653,2587230331,-1.5543122344752192e-15,0,57
1000,1000,0.1669833054772556,0.1415507730221549,0.12462235369230257,0.11798681210512996,0.025432532455100687,0.006635541587172611,0.02451211053111334,1.037549680710645,0.27070462083426416,0.2994797549319672,0.7866182225598404,0.405,0.305,0.798,True,999,0.00012933393009006977,0.009702291921712458,weak_10x10_bal_strong_1000,weak_null,False,1654,2587230331,-1.5543122344752192e-15,3,57
1000,1000,0.13227480606252007,0.13389476361099828,0.08932734817153687,0.11221138011171661,-0.0016199575484782125,-0.02288403194017974,0.024428355539471827,-0.06631463775204403,-0.9367815161852897,0.9471273296367471,0.3488709550527319,0.951,0.943,0.358,True,999,0.00013112497981637716,0.009738082997500896,weak_10x10_bal_strong_1000,weak_null,False,1655,2587230331,-1.5543122344752192e-15,1,57
1000,1000,0.13382919860735765,0.13478450291007066,0.0899239993300398,0.10864209759733967,-0.0009553043027130115,-0.018718098267299865,0.023974941681660797,-0.039845948966113834,-0.780735924860161,0.9682159433211367,0.43495782673620076,0.969,0.962,0.462,True,999,0.00013308296911418438,0.009739374974742532,weak_10x10_bal_strong_1000,weak_null,False,1656,2587230331,-1.5543122344752192e-15,0,53
1000,1000,0.12517571520420834,0.1471814194689553,0.08084413350388786,0.1227893525243644,-0.02200570426474696,-0.04194521902047654,0.024980289139358083,-0.8809227203889939,-1.679132646803079,0.378359649093584,0.09312619489243044,0.47,0.381,0.098,True,999,0.00019916694145649672,0.00962845899630338,weak_10x10_bal_strong_1000,weak_null,False,1657,2587230331,-1.5543122344752192e-15,0,54
1000,1000,0.1435186976685232,0.13610080228024657,0.09826182151482499,0.10852441640815869,0.007417895388276641,-0.010262594893333699,0.024538492094783978,0.30229630083314796,-0.4182243494707308,0.7624261980224253,0.6757830945434122,0.799,0.765,0.68,True,999,0.00013683305587619543,0.009457999956794083,weak_10x10_bal_strong_1000,weak_null,False,1658,2587230331,-1.5543122344752192e-15,0,50
1000,1000,0.12141869689453033,0.12972747936546014,0.07787265407478117,0.1043035022356662,-0.00830878247092981,-0.026430848160885034,0.023581616636411402,-0.35234151241779416,-1.1208242661393388,0.7245821592559458,0.26236267284305703,0.784,0.731,0.289,True,999,0.00012908398639410734,0.00958079204428941,weak_10x10_bal_strong_1000,weak_null,False,1659,2587230331,-1.5543122344752192e-15,0,54
1000,1000,0.14274987421842944,0.13996935781270958,0.09864740207831346,0.11730167224163779,0.0027805164057198573,-0.018654270163324327,0.024706748753258456,0.11254076501478763,-0.7550273145860239,0.9103946492189883,0.4502325932804274,0.919,0.901,0.453,True,999,0.00012691691517829895,0.009641084005124867,weak_10x10_bal_strong_1000,weak_null,False,1660,2587230331,-1.5543122344752192e-15,0,55
1000,1000,0.11386569913342859,0.12756611376955573,0.07051502008653188,0.09560993989941835,-0.013700414636127145,-0.025094919812886474,0.023694248705176217,-0.5782168832023008,-1.0591143920678214,0.5631177016151786,0.28954768626501215,0.641,0.53,0.279,True,999,0.00012937502469867468,0.00945983303245157,weak_10x10_bal_strong_1000,weak_null,False,1661,2587230331,-1.5543122344752192e-15,0,48
1000,1000,0.13582901672757952,0.16193654380612177,0.09317894082005296,0.1411675127320109,-0.026107527078542248,-0.047988571911957933,0.025196557978066636,-1.0361545057570403,-1.904568550741396,0.3001300671760013,0.056836177903334846,0.424,0.318,0.071,True,999,0.00013487506657838821,0.009574041934683919,weak_10x10_bal_strong_1000,weak_null,False,1662,2587230331,-1.5543122344752192e-15,2,57
1000,1000,0.14061089429045914,0.11304824908415939,0.09782228463382125,0.09192102329001273,0.027562645206299752,0.005901261343808528,0.023810400617005147,1.1575884694109173,0.2478438493636225,0.2470320169740624,0.8042552262382607,0.388,0.245,0.82,True,999,0.00013025000225752592,0.009537915932014585,weak_10x10_bal_strong_1000,weak_null,False,1663,2587230331,-1.5543122344752192e-15,2,58
1000,1000,0.1281429741590805,0.14781418894069343,0.08407402485590865,0.12361291068418723,-0.019671214781612933,-0.03953888582827858,0.02494220439747424,-0.7886718618826221,-1.5852201833564665,0.4303038178548878,0.11291631630114632,0.517,0.413,0.127,True,999,0.00013587495777755976,0.009657375048846006,weak_10x10_bal_strong_1000,weak_null,False,1664,2587230331,-1.5543122344752192e-15,0,53
1000,1000,0.1146888296135602,0.13652821877608767,0.07048521726846957,0.11505044506657214,-0.02183938916252748,-0.04456522779810257,0.02347674262682959,-0.9302563609301182,-1.8982713448147925,0.3522383665981115,0.057660346708944175,0.501,0.36,0.058,True,999,0.00012491701636463404,0.009487499948590994,weak_10x10_bal_strong_1000,weak_null,False,1665,2587230331,-1.5543122344752192e-15,0,56
1000,1000,0.15672264737223385,0.09877404743289753,0.11277225560024817,0.07836853057534654,0.05794859993933632,0.03440372502490163,0.02321014510639508,2.4966927037164353,1.482271001202073,0.012535753649333108,0.13826820108926474,0.058,0.013,0.134,True,999,0.00013041705824434757,0.009710583952255547,weak_10x10_bal_strong_1000,weak_null,False,1666,2587230331,-1.5543122344752192e-15,1,59
1000,1000,0.14063683413285943,0.12181706279069104,0.09658252235749387,0.09162111156092578,0.01881977134216839,0.004961410796568089,0.023418568425839472,0.803626037251838,0.21185798834286515,0.4216129812180519,0.8322178270176032,0.554,0.425,0.841,True,999,0.0001335000852122903,0.009590207948349416,weak_10x10_bal_strong_1000,weak_null,False,1667,2587230331,-1.5543122344752192e-15,0,49
1000,1000,0.14375267069480335,0.12332608895602581,0.1001071034393135,0.10352412691298696,0.02042658173877754,-0.003417023473673453,0.024317750681949003,0.8399864776120158,-0.14051560600174667,0.4009159683995177,0.8882526230121389,0.515,0.397,0.892,True,999,0.0001639999682083726,0.009750041994266212,weak_10x10_bal_strong_1000,weak_null,False,1668,2587230331,-1.5543122344752192e-15,0,59
1000,1000,0.15213109097691424,0.14368689159710146,0.10875128573479742,0.12171755503652548,0.008444199379812778,-0.012966269301728062,0.024851156323930913,0.33979100488299085,-0.5217571823505829,0.7340139223752172,0.6018394053070458,0.767,0.724,0.612,True,999,0.00012395798694342375,0.009739042026922107,weak_10x10_bal_strong_1000,weak_null,False,1669,2587230331,-1.5543122344752192e-15,2,57
1000,1000,0.13824820452384579,0.15339417698801272,0.09475527567565223,0.127067075226023,-0.015145972464166935,-0.03231179955037078,0.025329289310812825,-0.5979627883874842,-1.275669409981321,0.5498647627349997,0.20207240643282143,0.617,0.549,0.232,True,999,0.00012787501327693462,0.00953570893034339,weak_10x10_bal_strong_1000,weak_null,False,1670,2587230331,-1.5543122344752192e-15,1,52
1000,1000,0.15977085097888022,0.1535213245513637,0.11635568327255896,0.13168252712932826,0.006249526427516527,-0.015326843856769301,0.025113324719092934,0.24885300920611253,-0.6103072384166142,0.803474485166275,0.5416583028919647,0.853,0.815,0.564,True,999,0.00013008294627070427,0.009647332946769893,weak_10x10_bal_strong_1000,weak_null,False,1671,2587230331,-1.5543122344752192e-15,1,55
1000,1000,0.15253838919040374,0.15002937892174295,0.10757790937759637,0.12481233557588212,0.002509010268660794,-0.017234426198285746,0.026049454290250854,0.096317191166642,-0.6616041167793607,0.923268657987434,0.5082249684933706,0.924,0.911,0.516,True,999,0.00012979097664356232,0.009553542011417449,weak_10x10_bal_strong_1000,weak_null,False,1672,2587230331,-1.5543122344752192e-15,0,55
1000,1000,0.17528209540551787,0.1383310364803062,0.13232886670357402,0.11848546934834303,0.036951058925211666,0.01384339735523099,0.025188386322593417,1.4669879384876432,0.5495944511067695,0.14237933649294007,0.5825975655952287,0.263,0.151,0.603,True,999,0.00012883299496024847,0.009804541012272239,weak_10x10_bal_strong_1000,weak_null,False,1673,2587230331,-1.5543122344752192e-15,2,58
1000,1000,0.16442065652048443,0.09768605183120416,0.11893929933603431,0.07838792989451804,0.06673460468928027,0.04055136944151627,0.023902032554696744,2.7920054303568818,1.6965657355172474,0.005238247700604255,0.08977879242171485,0.03,0.003,0.095,True,999,0.00012566603254526854,0.009679583017714322,weak_10x10_bal_strong_1000,weak_null,False,1674,2587230331,-1.5543122344752192e-15,0,61
1000,1000,0.1268040212735051,0.10633047974911347,0.08381340804317006,0.08389377409088183,0.020473541524391625,-8.036604771177736e-05,0.022937381642744392,0.8925840727277546,-0.0035037149820977467,0.3720799516676243,0.9972044456300446,0.519,0.398,0.994,True,999,0.00011920800898224115,0.00960845802910626,weak_10x10_bal_strong_1000,weak_null,False,1675,2587230331,-1.5543122344752192e-15,1,57
1000,1000,0.1718212094887157,0.135734055617041,0.1288008494029782,0.10526630567619577,0.036087153871674715,0.02353454372678243,0.02463621283072828,1.4648011900053037,0.9552825301715304,0.14297516712232064,0.3394348396112372,0.218,0.127,0.309,True,999,0.00012462493032217026,0.009706957964226604,weak_10x10_bal_strong_1000,weak_null,False,1676,2587230331,-1.5543122344752192e-15,2,49
1000,1000,0.15153925063798157,0.12259863645242142,0.10814557063395114,0.10005207958630535,0.028940614185560154,0.008093491047645784,0.02441293919610974,1.1854621007769481,0.3315246469354047,0.2358347907748527,0.7402482270401667,0.341,0.237,0.74,True,999,0.00012683402746915817,0.009554666932672262,weak_10x10_bal_strong_1000,weak_null,False,1677,2587230331,-1.5543122344752192e-15,1,56
1000,1000,0.12228958942113222,0.11664454052552986,0.07797964323935958,0.08942848868173314,0.005645048895602356,-0.011448845442373567,0.023405689034520404,0.24118276916678802,-0.48914797703618046,0.8094134649848701,0.6247369371637763,0.859,0.82,0.675,True,999,0.00012858305126428604,0.009486792027018964,weak_10x10_bal_strong_1000,weak_null,False,1678,2587230331,-1.5543122344752192e-15,0,51
1000,1000,0.15766136796179264,0.12645144896413252,0.11400695914107928,0.10009962582921617,0.031209918997660124,0.013907333311863113,0.02388938559118999,1.306434561848666,0.5821553366777213,0.1914048188766696,0.5604620544327594,0.306,0.204,0.576,True,999,0.00012795801740139723,0.009616874973289669,weak_10x10_bal_strong_1000,weak_null,False,1679,2587230331,-1.5543122344752192e-15,1,51
1000,1000,0.15642099118524078,0.10488372184229944,0.11290571080462541,0.07923591818240538,0.05153726934294134,0.03366979262222003,0.02412559450419182,2.136207227307362,1.395604681010862,0.032662526624305833,0.1628335720579719,0.097,0.037,0.171,True,999,0.0001258340198546648,0.00956658401992172,weak_10x10_bal_strong_1000,weak_null,False,1680,2587230331,-1.5543122344752192e-15,1,53
1000,1000,0.11448049689680717,0.11214026171808761,0.07108170617721044,0.0918813848148261,0.002340235178719563,-0.02079967863761567,0.02276417709709916,0.10280341647042358,-0.9137021974875681,0.9181189936830266,0.36087334903054846,0.934,0.917,0.362,True,999,0.0001181670231744647,0.009544166969135404,weak_10x10_bal_strong_1000,weak_null,False,1681,2587230331,-1.5543122344752192e-15,0,60
1000,1000,0.11828219682594598,0.15744823556124599,0.07542858106035055,0.13512621999791463,-0.0391660387353,-0.05969763893756408,0.024766762762084536,-1.581395158969235,-2.4103932964931234,0.11378771367256006,0.01593533188492073,0.214,0.118,0.021,True,999,0.00013116700574755669,0.009532249998301268,weak_10x10_bal_strong_1000,weak_null,False,1682,2587230331,-1.5543122344752192e-15,1,55
1000,1000,0.14717651979548707,0.11980240054195118,0.10433077992911421,0.10196354588515533,0.02737411925353589,0.002367234043958888,0.024264923792254835,1.1281353894988735,0.09755786023587222,0.25926274532152915,0.9222833874833357,0.375,0.245,0.924,True,999,0.00012645800597965717,0.009572083014063537,weak_10x10_bal_strong_1000,weak_null,False,1683,2587230331,-1.5543122344752192e-15,2,61
1000,1000,0.13878170027055914,0.11941694300239786,0.09626168651084299,0.10130240562608606,0.01936475726816128,-0.005040719115243064,0.023639871600636197,0.8191566179082012,-0.2132295471142664,0.41269706252391647,0.8311479229068857,0.557,0.437,0.838,True,999,0.00013533397577703,0.00982695899438113,weak_10x10_bal_strong_1000,weak_null,False,1684,2587230331,-1.5543122344752192e-15,2,61
1000,1000,0.1572111580736939,0.13788558665234318,0.11262786055021934,0.11410053719203006,0.019325571421350718,-0.0014726766418107218,0.025558575776083642,0.7561286509334594,-0.05761966764943039,0.44957206551213613,0.9540515831800807,0.57,0.46,0.96,True,999,0.00012791703920811415,0.009678125032223761,weak_10x10_bal_strong_1000,weak_null,False,1685,2587230331,-1.5543122344752192e-15,0,54
1000,1000,0.13190183873487316,0.14002495209635968,0.08786408791002032,0.11825673987812024,-0.008123113361486523,-0.030392651968099926,0.023664364337793134,-0.343263535226827,-1.284321502756843,0.7314002107249176,0.19902948611420346,0.798,0.738,0.202,True,999,0.00012750003952533007,0.009601166937500238,weak_10x10_bal_strong_1000,weak_null,False,1686,2587230331,-1.5543122344752192e-15,0,56
1000,1000,0.13894386852384155,0.1207055835278239,0.09622231221010225,0.0968753038395107,0.01823828499601765,-0.0006529916294084614,0.024389151029181117,0.7478031922552744,-0.026773856483449154,0.45457887633231864,0.9786401052448453,0.556,0.445,0.983,True,999,0.0001372500555589795,0.00958658300805837,weak_10x10_bal_strong_1000,weak_null,False,1687,2587230331,-1.5543122344752192e-15,1,54
1000,1000,0.15432630485668897,0.10210331641727799,0.11176479891400959,0.07588895049059374,0.05222298843941098,0.035875848423415846,0.023481259022800193,2.2240284640914143,1.5278502906756646,0.026146529215447443,0.1265497125889453,0.097,0.03,0.138,True,999,0.00012337509542703629,0.009569540969096124,weak_10x10_bal_strong_1000,weak_null,False,1688,2587230331,-1.5543122344752192e-15,2,54
1000,1000,0.15246082695913987,0.1425624153042493,0.1103142468268743,0.11967559260733651,0.009898411654890582,-0.009361345780462216,0.025089972669172417,0.3945166375989152,-0.3731110393740814,0.6931996461789136,0.7090658027640329,0.76,0.72,0.731,True,999,0.00012737500946968794,0.009621624951250851,weak_10x10_bal_strong_1000,weak_null,False,1689,2587230331,-1.5543122344752192e-15,3,55
1000,1000,0.1389773020271785,0.11441946449228518,0.09456067949031421,0.08259708759857176,0.024557837534893323,0.011963591891742453,0.023922596570246066,1.0265540140169125,0.5000958761567827,0.30463051724606405,0.6170075697292521,0.435,0.31,0.63,True,999,0.00014162494335323572,0.00970604200847447,weak_10x10_bal_strong_1000,weak_null,False,1690,2587230331,-1.5543122344752192e-15,0,49
1000,1000,0.13458822732631148,0.11041922659852665,0.09044170718198075,0.09164035528601744,0.02416900072778483,-0.0011986481040366925,0.023381505387514948,1.0336802668270615,-0.051264796007392074,0.301285661193866,0.9591145199175761,0.434,0.31,0.96,True,999,0.00016774993855506182,0.0095089579699561,weak_10x10_bal_strong_1000,weak_null,False,1691,2587230331,-1.5543122344752192e-15,1,61
1000,1000,0.14852272461234417,0.10188889964459363,0.10501093586253774,0.08319689699266064,0.04663382496775054,0.021814038869877095,0.023306880497388258,2.0008608605075344,0.9359484583242083,0.045407386503588,0.34929972565529477,0.146,0.057,0.391,True,999,0.00012041593436151743,0.009585708030499518,weak_10x10_bal_strong_1000,weak_null,False,1692,2587230331,-1.5543122344752192e-15,1,62
1000,1000,0.14556380228520416,0.09886307249767773,0.10234011930424458,0.08149067758216688,0.04670072978752643,0.0208494417220777,0.022642912686406173,2.0624877388483474,0.9207932747360195,0.03916132370244476,0.35715836686172564,0.124,0.033,0.353,True,999,0.00012370897457003593,0.009665291989222169,weak_10x10_bal_strong_1000,weak_null,False,1693,2587230331,-1.5543122344752192e-15,2,62
1000,1000,0.14622468494233853,0.12005918050998077,0.10175269487490368,0.09069225736550379,0.026165504432357767,0.01106043750939989,0.02390389943470834,1.0946123875657536,0.4627043190007815,0.27368648624614667,0.6435763220536175,0.418,0.292,0.666,True,999,0.00012945791240781546,0.009593209018930793,weak_10x10_bal_strong_1000,weak_null,False,1694,2587230331,-1.5543122344752192e-15,0,50
1000,1000,0.12424824747169216,0.12047327370391858,0.08076522263718289,0.0915084532310857,0.0037749737677735817,-0.010743230593902808,0.023204823456336187,0.16268056401621997,-0.46297402840051854,0.8707699507838107,0.6433829833335849,0.896,0.861,0.647,True,999,0.00012466695625334978,0.009552084025926888,weak_10x10_bal_strong_1000,weak_null,False,1695,2587230331,-1.5543122344752192e-15,0,50
1000,1000,0.16511030305683239,0.15473950206480458,0.12051200179985244,0.13100465546153828,0.010370800992027807,-0.010492653661685836,0.025552980773255244,0.40585484269147554,-0.41062347108513697,0.6848492595544446,0.6813486505024414,0.741,0.707,0.703,True,999,0.00012637500185519457,0.009724625037051737,weak_10x10_bal_strong_1000,weak_null,False,1696,2587230331,-1.5543122344752192e-15,0,53
1000,1000,0.12673688203717903,0.12423669800886994,0.08231849696221616,0.09868404950771037,0.0025001840283090937,-0.01636555254549421,0.024168644767980633,0.10344742339965271,-0.677139852176395,0.9176078755774564,0.49831722572091675,0.945,0.93,0.5,True,999,0.00012908305507153273,0.00953079096507281,weak_10x10_bal_strong_1000,weak_null,False,1697,2587230331,-1.5543122344752192e-15,0,52
1000,1000,0.12357082444375767,0.1377890797464027,0.0804677930377693,0.11124506364654962,-0.014218255302645033,-0.030777270608780327,0.024849997259885223,-0.5721632543435824,-1.2385220926548497,0.567211379161255,0.21552253547580857,0.66,0.592,0.203,True,999,0.00011866702698171139,0.009566999971866608,weak_10x10_bal_strong_1000,weak_null,False,1698,2587230331,-1.5543122344752192e-15,0,53
1000,1000,0.13284621935440732,0.14599895604612934,0.08943134991932311,0.12199726266919697,-0.013152736691722011,-0.03256591274987386,0.024809590944329475,-0.5301472612440724,-1.3126340060563224,0.5960098333346009,0.18930630500126422,0.673,0.599,0.199,True,999,0.00013016595039516687,0.009596999967470765,weak_10x10_bal_strong_1000,weak_null,False,1699,2587230331,-1.5543122344752192e-15,1,54
1000,1000,0.14591356542466993,0.13688150565112822,0.1016330312017999,0.11201437808040282,0.009032059773541712,-0.010381346878602926,0.02409233733638927,0.37489346290613373,-0.4308982866067898,0.7077397009592336,0.6665423293502366,0.768,0.703,0.666,True,999,0.0001267909538000822,0.009640624979510903,weak_10x10_bal_strong_1000,weak_null,False,1700,2587230331,-1.5543122344752192e-15,0,53
1000,1000,0.14942288411122373,0.14562544488042206,0.10562935540474427,0.11779711178132857,0.003797439230801669,-0.012167756376584293,0.025580719330134834,0.14844927469761082,-0.4756612282693052,0.8819882152330927,0.6343157471188228,0.917,0.882,0.625,True,999,0.0001356659922748804,0.009651208994910121,weak_10x10_bal_strong_1000,weak_null,False,1701,2587230331,-1.5543122344752192e-15,0,51
1000,1000,0.11057138776950337,0.13136088020843517,0.06724790768839739,0.11142723727078874,-0.0207894924389318,-0.04417932958239135,0.02393207579602724,-0.8686873890973923,-1.8460299874917319,0.3850181409788904,0.0648878513953116,0.489,0.365,0.059,True,999,0.00013066595420241356,0.009524791967123747,weak_10x10_bal_strong_1000,weak_null,False,1702,2587230331,-1.5543122344752192e-15,0,58
1000,1000,0.1578352529040492,0.1461418247326619,0.11470884579284757,0.12432664622519951,0.011693428171387299,-0.009617800432351942,0.02543409146944028,0.45975411331036753,-0.3781460188545747,0.6456927231718568,0.7053221238494312,0.717,0.662,0.717,True,999,0.00012866698671132326,0.009670250001363456,weak_10x10_bal_strong_1000,weak_null,False,1703,2587230331,-1.5543122344752192e-15,1,58
1000,1000,0.1464588191566194,0.11777515414383699,0.103256114477972,0.09097455599055593,0.02868366501278241,0.012281558487416078,0.023411434188198667,1.2251989682563484,0.5245965876625797,0.2205002631342481,0.5998636593833424,0.363,0.24,0.594,True,999,0.00012129195965826511,0.009613709058612585,weak_10x10_bal_strong_1000,weak_null,False,1704,2587230331,-1.5543122344752192e-15,2,51
1000,1000,0.15350661981938485,0.14216419603549124,0.10951726289567887,0.11916023585854418,0.011342423783893607,-0.009642972962865315,0.024923935566044587,0.4550815722435942,-0.38689607976689405,0.6490505548638571,0.6988331434881597,0.735,0.668,0.733,True,999,0.0001259580021724105,0.009666459052823484,weak_10x10_bal_strong_1000,weak_null,False,1705,2587230331,-1.5543122344752192e-15,1,55
1000,1000,0.1359316287125223,0.1047869057621561,0.09296092622707874,0.07942558447223291,0.031144722950366188,0.013535341754845831,0.022652598892506752,1.37488519962575,0.5975182723657895,0.16916703844394054,0.5501614112153084,0.346,0.172,0.568,True,999,0.00012612505815923214,0.009623582940548658,weak_10x10_bal_strong_1000,weak_null,False,1706,2587230331,-1.5543122344752192e-15,1,54
1000,1000,0.13963205330608597,0.1458135440600078,0.09554940807083767,0.12197481894918383,-0.0061814907539218256,-0.026425410878346156,0.025021962968752663,-0.24704259860192618,-1.0560886414605486,0.8048752566366919,0.29092771925376115,0.854,0.826,0.329,True,999,0.00012679200153797865,0.009684834047220647,weak_10x10_bal_strong_1000,weak_null,False,1707,2587230331,-1.5543122344752192e-15,0,55
1000,1000,0.14717293151421096,0.12262174034602213,0.10278205615804836,0.09982328046282873,0.024551191168188824,0.0029587756952196287,0.024415004182351242,1.005578003788999,0.12118677814351655,0.31461860929520336,0.9035430964421804,0.441,0.337,0.91,True,999,0.00013345805928111076,0.009652041946537793,weak_10x10_bal_strong_1000,weak_null,False,1708,2587230331,-1.5543122344752192e-15,0,56
1000,1000,0.13840595741603057,0.1376912294972199,0.09513967979728477,0.1167531264459285,0.0007147279188106648,-0.02161344664864373,0.02386430435517023,0.029949664912642556,-0.9056809839068765,0.976107196722487,0.36510473046351466,0.983,0.977,0.375,True,999,0.00014129094779491425,0.00976341706700623,weak_10x10_bal_strong_1000,weak_null,False,1709,2587230331,-1.5543122344752192e-15,2,58
1000,1000,0.11834990900778619,0.17035929342273703,0.0744737148220338,0.1463098007416761,-0.05200938441495084,-0.0718360859196423,0.025235278954385754,-2.0609791755803792,-2.8466531338722363,0.03930502682607382,0.0044181473910315855,0.093,0.038,0.006,True,999,0.00012325006537139416,0.00952262501232326,weak_10x10_bal_strong_1000,weak_null,False,1710,2587230331,-1.5543122344752192e-15,0,54
1000,1000,0.1622265449618263,0.12286184829871322,0.11828008892689468,0.10393230432276823,0.0393646966631131,0.014347784604126446,0.025026347386707993,1.5729301625542247,0.5733071783278629,0.11573499001972339,0.5664367259040897,0.226,0.117,0.556,True,999,0.00012975011486560106,0.009704500087536871,weak_10x10_bal_strong_1000,weak_null,False,1711,2587230331,-1.5543122344752192e-15,1,59
1000,1000,0.1371723201303623,0.14740896314207497,0.09503525805030222,0.1251138465721624,-0.010236643011712676,-0.030078588521860183,0.024666251386006317,-0.4150060279333786,-1.2194227672115756,0.6781374903690405,0.22268377300246311,0.727,0.672,0.23,True,999,0.00013166596181690693,0.009561666985973716,weak_10x10_bal_strong_1000,weak_null,False,1712,2587230331,-1.5543122344752192e-15,3,55
1000,1000,0.12700864816171764,0.14332873616067032,0.08359556308778338,0.11901445598789451,-0.01632008799895268,-0.03541889290011113,0.0238226071250701,-0.685067252012815,-1.4867765192180622,0.4933014839965324,0.13707384507539355,0.587,0.474,0.144,True,999,0.00013800000306218863,0.009625333012081683,weak_10x10_bal_strong_1000,weak_null,False,1713,2587230331,-1.5543122344752192e-15,1,54
1000,1000,0.1498683751064278,0.13761769584568706,0.10570132291150003,0.11276645898647075,0.012250679260740749,-0.007065136074970724,0.025024714068943327,0.4895432262278806,-0.28232634568795495,0.6244571594203352,0.7776932859732345,0.71,0.657,0.785,True,999,0.00012937502469867468,0.009661291958764195,weak_10x10_bal_strong_1000,weak_null,False,1714,2587230331,-1.5543122344752192e-15,1,53
1000,1000,0.1433334174170997,0.14678976162252844,0.10140691823335146,0.12448022994885832,-0.0034563442054287297,-0.02307331171550686,0.024556571997034638,-0.14075027271095106,-0.939598235384528,0.8880672284945367,0.34742368177294025,0.923,0.905,0.34,True,999,0.00012679200153797865,0.009604416089132428,weak_10x10_bal_strong_1000,weak_null,False,1715,2587230331,-1.5543122344752192e-15,2,56
1000,1000,0.14936424713415164,0.12135928667982987,0.10547949548708857,0.09644158980006523,0.02800496045432177,0.00903790568702334,0.023339574627346423,1.1998916390493692,0.38723523591701803,0.23018142755066862,0.6985820665665692,0.353,0.227,0.701,True,999,0.00013108307030051947,0.009656083071604371,weak_10x10_bal_strong_1000,weak_null,False,1716,2587230331,-1.5543122344752192e-15,1,55
1000,1000,0.1484022771381608,0.15681312751393395,0.10528245396335478,0.13685066867139994,-0.00841085037577316,-0.03156821470804516,0.025254884405044205,-0.3330385616056609,-1.2499845258345346,0.7391051751030293,0.2113052000727187,0.808,0.761,0.234,True,999,0.00012541597243398428,0.009630374959670007,weak_10x10_bal_strong_1000,weak_null,False,1717,2587230331,-1.5543122344752192e-15,1,57
1000,1000,0.12669421961993788,0.14133634881519475,0.0833651331481633,0.11540267071575272,-0.01464212919525687,-0.032037537567589425,0.023589070307084768,-0.6207166710957336,-1.3581517690405642,0.534786058529362,0.17441553115435215,0.646,0.543,0.175,True,999,0.00012912496458739042,0.00975737499538809,weak_10x10_bal_strong_1000,weak_null,False,1718,2587230331,-1.5543122344752192e-15,1,52
1000,1000,0.14308784697445587,0.13660521178935892,0.0989965826097432,0.11289007565295606,0.006482635185096952,-0.013893493043212857,0.025046580946816978,0.2588231582930201,-0.554706172180299,0.7957716888303747,0.5790956537539593,0.821,0.781,0.572,True,999,0.00012574996799230576,0.00976508401799947,weak_10x10_bal_strong_1000,weak_null,False,1719,2587230331,-1.5543122344752192e-15,0,54
1000,1000,0.13259597905119813,0.12041808437161539,0.09028206149878315,0.10271480444976078,0.012177894679582746,-0.012432742950977627,0.02329431023602711,0.5227840857355951,-0.5337244513790788,0.6011245154831628,0.5935321896008705,0.715,0.609,0.607,True,999,0.0001283750170841813,0.009584916988387704,weak_10x10_bal_strong_1000,weak_null,False,1720,2587230331,-1.5543122344752192e-15,2,60
1000,1000,0.16565487156275616,0.1170924232451167,0.12206545109438593,0.09175997852059936,0.04856244831763945,0.030305472573786574,0.023948352039547836,2.027799167034307,1.2654512729619438,0.04258074941809805,0.205709605177251,0.136,0.053,0.224,True,999,0.0001372919650748372,0.009748540935106575,weak_10x10_bal_strong_1000,weak_null,False,1721,2587230331,-1.5543122344752192e-15,1,51
1000,1000,0.13328029737741742,0.13318834387451506,0.08920306881282158,0.10560534154649304,9.195350290236437e-05,-0.016402272733671452,0.024132223033759764,0.0038104033256167926,-0.6796834552177601,0.9969597453730576,0.4967049141429045,0.998,0.998,0.501,True,999,0.00014116603415459394,0.009515292011201382,weak_10x10_bal_strong_1000,weak_null,False,1722,2587230331,-1.5543122344752192e-15,0,50
1000,1000,0.13642879169396327,0.151549024797357,0.09223341924325723,0.12586355025143803,-0.015120233103393721,-0.0336301310081808,0.024366783269454344,-0.6205264328980226,-1.380162930670409,0.5349112569758265,0.16753648467443383,0.633,0.531,0.183,True,999,0.00012695800978690386,0.009667249978519976,weak_10x10_bal_strong_1000,weak_null,False,1723,2587230331,-1.5543122344752192e-15,1,51
1000,1000,0.13427883019033793,0.12087199661942499,0.0904236491114716,0.09401683054676369,0.013406833570912935,-0.003593181435292081,0.023355182740555723,0.5740410477556352,-0.1538494249951899,0.5659400246436267,0.8777284622085711,0.669,0.559,0.889,True,999,0.00012945791240781546,0.009675999986939132,weak_10x10_bal_strong_1000,weak_null,False,1724,2587230331,-1.5543122344752192e-15,1,52
1000,1000,0.16293331963793722,0.11177927448817182,0.11766153013786607,0.08818691689128855,0.051154045149765404,0.02947461324657752,0.024917791990612455,2.052912439795517,1.1828741991939657,0.04008107032323491,0.2368590083743859,0.101,0.036,0.249,True,999,0.00012858293484896421,0.00955570803489536,weak_10x10_bal_strong_1000,weak_null,False,1725,2587230331,-1.5543122344752192e-15,0,57
1000,1000,0.1338240747639574,0.13608345636963115,0.09011160763338921,0.11500857530126041,-0.002259381605673738,-0.024896967667871195,0.024581571712435545,-0.09191363481980862,-1.012830585412734,0.9267666583007312,0.31114108884583336,0.941,0.925,0.308,True,999,0.00012633309233933687,0.00955608393996954,weak_10x10_bal_strong_1000,weak_null,False,1726,2587230331,-1.5543122344752192e-15,1,58
1000,1000,0.1296663512990195,0.12796698806537943,0.08617361661708856,0.10308915395432905,0.001699363233640061,-0.016915537337240494,0.023575213508799008,0.07208262326047675,-0.7175136433410066,0.9425361548777816,0.4730572211115278,0.953,0.948,0.476,True,999,0.00012912508100271225,0.009569167043082416,weak_10x10_bal_strong_1000,weak_null,False,1727,2587230331,-1.5543122344752192e-15,0,53
1000,1000,0.13561031834422765,0.15358989563225867,0.09130566484827796,0.12772757802258639,-0.017979577288031012,-0.03642191317430843,0.024613309954531256,-0.7304818946027619,-1.4797649418786616,0.4650956760190975,0.138935987682548,0.593,0.487,0.172,True,999,0.00012500002048909664,0.009557917015627027,weak_10x10_bal_strong_1000,weak_null,False,1728,2587230331,-1.5543122344752192e-15,1,50
1000,1000,0.1313919388223117,0.10475698626514701,0.08702406940756191,0.08061972659220373,0.026634952557164693,0.006404342815358177,0.023928618377358032,1.1131003109802393,0.2676436522310104,0.26566535015095816,0.7889736267190521,0.371,0.252,0.79,True,999,0.00012808397877961397,0.009726583026349545,weak_10x10_bal_strong_1000,weak_null,False,1729,2587230331,-1.5543122344752192e-15,0,57
1000,1000,0.13365611379506248,0.1424397197287567,0.08955321472740252,0.11768705862277784,-0.008783605933694205,-0.02813384389537532,0.024468841442632745,-0.3589710593485756,-1.1497824268196426,0.7196167396013737,0.2502334949033249,0.8,0.735,0.279,True,999,0.00013124989345669746,0.00962079199962318,weak_10x10_bal_strong_1000,weak_null,False,1730,2587230331,-1.5543122344752192e-15,0,54
1000,1000,0.14427797410938892,0.13024940972600707,0.0996220782144519,0.1031929370853959,0.014028564383381847,-0.0035708588709439937,0.02489432239984342,0.5635246526521278,-0.14344069356820308,0.5730776778697512,0.8859421464250438,0.677,0.595,0.887,True,999,0.00012916699051856995,0.009634542046114802,weak_10x10_bal_strong_1000,weak_null,False,1731,2587230331,-1.5543122344752192e-15,0,50
1000,1000,0.14036609414791767,0.11956768205096524,0.09597415648613605,0.0933746777950546,0.020798412096952434,0.0025994786910814582,0.023797254350926927,0.8739836869517813,0.10923439539487066,0.3821271376500859,0.9130165799474411,0.483,0.34,0.915,True,999,0.00012958399020135403,0.0095213339664042,weak_10x10_bal_strong_1000,weak_null,False,1732,2587230331,-1.5543122344752192e-15,0,54
1000,1000,0.1336186115852116,0.16605457449745065,0.08982902555271721,0.14786555904652232,-0.03243596291223905,-0.05803653349380511,0.025677481838984724,-1.2632065369818815,-2.2602112566073904,0.2065149642030455,0.023808142565205817,0.301,0.211,0.025,True,999,0.0001273748930543661,0.0095847089542076,weak_10x10_bal_strong_1000,weak_null,False,1733,2587230331,-1.5543122344752192e-15,1,58
1000,1000,0.14682524519111562,0.13106350990030025,0.10388427915222564,0.10365039045825597,0.01576173529081537,0.00023388869396967493,0.02442231884997793,0.6453824220229446,0.009576842207589403,0.5186793917567668,0.9923589022631989,0.615,0.519,0.991,True,999,0.00012554205022752285,0.009637749986723065,weak_10x10_bal_strong_1000,weak_null,False,1734,2587230331,-1.5543122344752192e-15,1,51
1000,1000,0.1302443076593769,0.11035386372373895,0.0862340936032524,0.09066899305895504,0.019890443935637936,-0.0044348994557026344,0.02290210322335741,0.8684985715788783,-0.19364594650763634,0.3851214539362361,0.8464531189707805,0.515,0.392,0.842,True,999,0.000130290980450809,0.009651707950979471,weak_10x10_bal_strong_1000,weak_null,False,1735,2587230331,-1.5543122344752192e-15,0,61
1000,1000,0.14798133967898375,0.11886710565306646,0.1038876755592355,0.09225057892683708,0.029114234025917285,0.011637096632398425,0.024017215516350447,1.2122235404889834,0.484531465542961,0.22542682270068437,0.6280087389709555,0.366,0.225,0.619,True,999,0.00013833306729793549,0.009715999942272902,weak_10x10_bal_strong_1000,weak_null,False,1736,2587230331,-1.5543122344752192e-15,0,51
1000,1000,0.14717840790517478,0.15411389486185256,0.10399835094312948,0.12839777829492505,-0.006935486956677783,-0.024399427351795566,0.02489037885987751,-0.2786412772469914,-0.980275450572858,0.7805201320795294,0.32695016937598287,0.823,0.784,0.345,True,999,0.00015175004955381155,0.009638207964599133,weak_10x10_bal_strong_1000,weak_null,False,1737,2587230331,-1.5543122344752192e-15,1,52
1000,1000,0.1463822009133695,0.1282502430720867,0.10215624293732617,0.10247825698428414,0.018131957841282798,-0.00032201404695797464,0.024104800107933273,0.7522135740638348,-0.013358917954768465,0.451922631869792,0.9893414426380492,0.57,0.461,0.988,True,999,0.00012199999764561653,0.0097430000314489,weak_10x10_bal_strong_1000,weak_null,False,1738,2587230331,-1.5543122344752192e-15,0,54
1000,1000,0.1563537671102595,0.09837434335846551,0.11085992096559494,0.07980549164528838,0.05797942375179399,0.031054429320306554,0.02337848818646231,2.480033066696242,1.328333512099774,0.013137019925016043,0.1840679534716848,0.071,0.017,0.189,True,999,0.00012954208068549633,0.009659167029894888,weak_10x10_bal_strong_1000,weak_null,False,1739,2587230331,-1.5543122344752192e-15,0,61
1000,1000,0.1621162167952237,0.13511433800646266,0.1195076688336485,0.10823705171520714,0.027001878788761036,0.01127061711844135,0.025426365504662665,1.0619637629219738,0.44326496904854745,0.2882521362343371,0.6575740909010406,0.385,0.288,0.655,True,999,0.0001247080508619547,0.009771417011506855,weak_10x10_bal_strong_1000,weak_null,False,1740,2587230331,-1.5543122344752192e-15,2,53
1000,1000,0.14564306352499212,0.12902561255097122,0.1015472638969186,0.10816144027410246,0.016617450974020898,-0.006614176377183867,0.025028413337809922,0.6639434449852739,-0.26426670711850375,0.5067265087034727,0.7915744124795656,0.625,0.53,0.802,True,999,0.00013408297672867775,0.009727249969728291,weak_10x10_bal_strong_1000,weak_null,False,1741,2587230331,-1.5543122344752192e-15,0,57
1000,1000,0.12163007076508281,0.16414894225136745,0.07764320104388389,0.1399466438026593,-0.04251887148628464,-0.06230344275877542,0.025262966918644866,-1.683051385975745,-2.4661965856747217,0.09236514427241387,0.01365563654634772,0.155,0.094,0.017,True,999,0.00012691703159362078,0.00956404092721641,weak_10x10_bal_strong_1000,weak_null,False,1742,2587230331,-1.5543122344752192e-15,0,54
1000,1000,0.12435583280033935,0.11755456048802071,0.0804124182122905,0.09716318919925016,0.00680127231231864,-0.01675077098695965,0.023324143413212622,0.2915979460350028,-0.7181730402785426,0.7705940460457062,0.472650598791829,0.845,0.783,0.504,True,999,0.00012558407615870237,0.00951887492556125,weak_10x10_bal_strong_1000,weak_null,False,1743,2587230331,-1.5543122344752192e-15,0,59
1000,1000,0.15863429553914132,0.09806723053807109,0.11445892357915,0.07561333777073287,0.06056706500107023,0.03884558580841713,0.02324654247354603,2.605422508314688,1.6710263839288104,0.009176102780842466,0.09471646655356111,0.048,0.008,0.086,True,999,0.00012708408758044243,0.009541291976347566,weak_10x10_bal_strong_1000,weak_null,False,1744,2587230331,-1.5543122344752192e-15,0,57
1000,1000,0.15730676215414752,0.10639919151390476,0.11254488276654229,0.0840513307705919,0.05090757064024276,0.028493551995950384,0.023550447574309012,2.161639199408567,1.209894287828048,0.03064599749759871,0.22631945938962106,0.116,0.038,0.231,True,999,0.00012500002048909664,0.009605541941709816,weak_10x10_bal_strong_1000,weak_null,False,1745,2587230331,-1.5543122344752192e-15,1,56
1000,1000,0.15313123784657856,0.13690324156242595,0.10858185934966968,0.11790894554656006,0.016227996284152613,-0.009327086196890377,0.025990599095551688,0.6243794621467593,-0.3588638400600283,0.5323784096648714,0.7196969516665382,0.591,0.523,0.72,True,999,0.00013070902787148952,0.009639917057938874,weak_10x10_bal_strong_1000,weak_null,False,1746,2587230331,-1.5543122344752192e-15,0,58
1000,1000,0.14129724419742162,0.11099815527621093,0.09900147958933303,0.08618481233838793,0.030299088921210693,0.012816667250945102,0.02299264074266377,1.3177733371438938,0.5574247601391544,0.1875795359982959,0.5772372523721182,0.368,0.219,0.604,True,999,0.00013058306649327278,0.009675166918896139,weak_10x10_bal_strong_1000,weak_null,False,1747,2587230331,-1.5543122344752192e-15,2,55
1000,1000,0.11976883416043638,0.16869366520179818,0.07544648788325503,0.14334133884233324,-0.048924831041361805,-0.06789485095907821,0.025415808287693086,-1.924976396090158,-2.6713630426601247,0.05423231127174547,0.007554389330008177,0.109,0.058,0.01,True,999,0.0001253749942407012,0.00954537489451468,weak_10x10_bal_strong_1000,weak_null,False,1748,2587230331,-1.5543122344752192e-15,0,52
1000,1000,0.12856532685763922,0.1419699785965438,0.08506866321249618,0.12067923927088486,-0.013404651738904594,-0.03561057605838869,0.02444044201646054,-0.5484619193824978,-1.4570348619065525,0.5833747700936666,0.1451067572440159,0.69,0.604,0.148,True,999,0.00012779096141457558,0.009514458011835814,weak_10x10_bal_strong_1000,weak_null,False,1749,2587230331,-1.5543122344752192e-15,0,58
1000,1000,0.15320044176831527,0.13263856698339926,0.10885986786297508,0.10985347510722931,0.020561874784916,-0.0009936072442542354,0.024791091568930237,0.8294057858543608,-0.040079205124613666,0.40687482861812185,0.9680299803853878,0.523,0.422,0.971,True,999,0.0001301249722018838,0.009612082969397306,weak_10x10_bal_strong_1000,weak_null,False,1750,2587230331,-1.5543122344752192e-15,1,55
1000,1000,0.14531578721806637,0.1338010661220873,0.10220726984607609,0.10704038415593686,0.011514721095979064,-0.004833114309860775,0.025397224303933884,0.4533850218504193,-0.1903008869009419,0.6502715199705816,0.849073358704514,0.727,0.679,0.842,True,999,0.00012554205022752285,0.009584583924151957,weak_10x10_bal_strong_1000,weak_null,False,1751,2587230331,-1.5543122344752192e-15,1,51
1000,1000,0.15217825804339347,0.14539585551487977,0.10873285631123508,0.1209733621342366,0.006782402528513698,-0.012240505823001513,0.02573164674223704,0.26358214056237483,-0.4756985025334355,0.7921019217564184,0.6342891879216042,0.824,0.796,0.639,True,999,0.00012912508100271225,0.009712125058285892,weak_10x10_bal_strong_1000,weak_null,False,1752,2587230331,-1.5543122344752192e-15,1,55
1000,1000,0.1562456468242992,0.11522962816496296,0.11346405618451172,0.09681169286909608,0.04101601865933624,0.01665236331541564,0.023983109709030205,1.710204354520913,0.6943371196415632,0.08722809076633067,0.48747081748969223,0.203,0.091,0.47,True,999,0.00012654205784201622,0.009569874964654446,weak_10x10_bal_strong_1000,weak_null,False,1753,2587230331,-1.5543122344752192e-15,2,61
1000,1000,0.14192250136728912,0.10922009949068162,0.0994743238038609,0.08632343070070192,0.0327024018766075,0.013150893103158978,0.02335881594520186,1.4000025495010122,0.5629948510237013,0.16151255500825423,0.5734383901077655,0.312,0.168,0.554,True,999,0.00012979190796613693,0.009648083942010999,weak_10x10_bal_strong_1000,weak_null,False,1754,2587230331,-1.5543122344752192e-15,2,57
1000,1000,0.1502547088841646,0.14598140089455724,0.10625306536394419,0.12139221544873635,0.0042733079896073445,-0.015139150084792163,0.0245516432740054,0.17405384812395855,-0.6166247169622685,0.8618231433419229,0.5374822875617054,0.89,0.861,0.522,True,999,0.00012924999464303255,0.009655082947574556,weak_10x10_bal_strong_1000,weak_null,False,1755,2587230331,-1.5543122344752192e-15,1,54
1000,1000,0.1465892214062845,0.16405298203363494,0.10314973423874108,0.13662377727405328,-0.017463760627350444,-0.033474043035312206,0.025469803367473037,-0.6856653102258753,-1.3142638972258898,0.4929241867740908,0.18875741219059006,0.602,0.51,0.215,True,999,0.00013870792463421822,0.009645875077694654,weak_10x10_bal_strong_1000,weak_null,False,1756,2587230331,-1.5543122344752192e-15,0,49
1000,1000,0.1529710381260796,0.13264618581785992,0.10810519343522174,0.10701381235617191,0.020324852308219676,0.0010913810790498246,0.02511294366024619,0.809337709796002,0.043458906841633296,0.41832092104343976,0.9653357211469568,0.498,0.414,0.964,True,999,0.0001259170239791274,0.009652625070884824,weak_10x10_bal_strong_1000,weak_null,False,1757,2587230331,-1.5543122344752192e-15,0,53
1000,1000,0.12954206494916098,0.10742802322793776,0.08566646329609284,0.08814241482451735,0.02211404172122322,-0.0024759515284245026,0.023335747729532667,0.9476465882958055,-0.10610122962938318,0.3433094003841859,0.9155020355510078,0.494,0.355,0.917,True,999,0.00012891599908471107,0.009745875024236739,weak_10x10_bal_strong_1000,weak_null,False,1758,2587230331,-1.5543122344752192e-15,0,60
1000,1000,0.121136228631753,0.15950356420688083,0.07834085435297311,0.12744085599285881,-0.03836733557512784,-0.049100001639885704,0.024230957236578993,-1.5834015635671463,-2.0263335517659393,0.11332996684418022,0.04273061523272868,0.205,0.117,0.043,True,999,0.00016329099889844656,0.009653625078499317,weak_10x10_bal_strong_1000,weak_null,False,1759,2587230331,-1.5543122344752192e-15,1,43
1000,1000,0.118155848908025,0.12690927170690725,0.07433279727911213,0.10472047780001503,-0.008753422798882249,-0.030387680520902904,0.023666401234832105,-0.3698670833822846,-1.2840009015049763,0.7114815285589877,0.19914163998765888,0.78,0.708,0.2,True,999,0.00014074996579438448,0.00951041595544666,weak_10x10_bal_strong_1000,weak_null,False,1760,2587230331,-1.5543122344752192e-15,0,56
1000,1000,0.145847218577134,0.14499669542869353,0.1021925809914137,0.11520789976566448,0.000850523148440474,-0.013015318774250773,0.026268411397752413,0.03237817222983065,-0.4954741486713732,0.9741704693973082,0.6202654656645328,0.98,0.974,0.624,True,999,0.00013262499123811722,0.009532582946121693,weak_10x10_bal_strong_1000,weak_null,False,1761,2587230331,-1.5543122344752192e-15,0,50
1000,1000,0.16199161480000335,0.12318567293927396,0.11802769884479858,0.09987359949843722,0.03880594186072939,0.018154099346361363,0.024079072912292127,1.611604483365277,0.7539368069729079,0.10704803446178598,0.4508871679091795,0.225,0.096,0.452,True,999,0.0001302079763263464,0.00957104202825576,weak_10x10_bal_strong_1000,weak_null,False,1762,2587230331,-1.5543122344752192e-15,1,53
1000,1000,0.1516717271689081,0.10227646825570391,0.10921240178686276,0.08334306532850633,0.049395258913204176,0.02586933645835643,0.023314123433598597,2.118683940826159,1.109599360749521,0.03411718641928621,0.2671717068672209,0.123,0.039,0.297,True,999,0.00012675009202212095,0.00963662494905293,weak_10x10_bal_strong_1000,weak_null,False,1763,2587230331,-1.5543122344752192e-15,2,61
1000,1000,0.14570696980430675,0.12449209152804741,0.10185513714441186,0.10488264884509135,0.02121487827625934,-0.003027511700679497,0.02407429232874879,0.8812254161641618,-0.1257570382272103,0.3781958253446368,0.8999242502317095,0.474,0.38,0.911,True,999,0.00013575004413723946,0.009619791060686111,weak_10x10_bal_strong_1000,weak_null,False,1764,2587230331,-1.5543122344752192e-15,1,59
1000,1000,0.14663450722317917,0.16888147113846563,0.10410126639953887,0.14166297781889625,-0.022246963915286466,-0.03756171141935738,0.025658359742831188,-0.8670454439903218,-1.46391709352551,0.3859171107600533,0.14321660230281316,0.471,0.382,0.135,True,999,0.00012804206926375628,0.009684083983302116,weak_10x10_bal_strong_1000,weak_null,False,1765,2587230331,-1.5543122344752192e-15,2,51
1000,1000,0.18526354160140768,0.1493165974176488,0.14106980813858172,0.12460423457218894,0.03594694418375888,0.016465573566392777,0.025437741154887783,1.413134285976166,0.6472891388482805,0.15761624383479012,0.5174448295583889,0.254,0.151,0.55,True,999,0.00013141706585884094,0.009766708011738956,weak_10x10_bal_strong_1000,weak_null,False,1766,2587230331,-1.5543122344752192e-15,2,54
1000,1000,0.1336543833320487,0.10336608833561717,0.08977328173796195,0.08435988682703055,0.030288294996431542,0.005413394910931402,0.023471894053111876,1.2904069406540268,0.23063306687913837,0.19690940355878572,0.8175998764029478,0.349,0.219,0.819,True,999,0.0001277918927371502,0.009582582977600396,weak_10x10_bal_strong_1000,weak_null,False,1767,2587230331,-1.5543122344752192e-15,0,59
1000,1000,0.14174736105439933,0.10089630220258838,0.09716761192794365,0.07405660913457268,0.04085105885181095,0.02311100279337097,0.022653676841050092,1.8032860245355797,1.020187714141493,0.07134330632077283,0.3076394432266988,0.218,0.083,0.338,True,999,0.00012733298353850842,0.009592875023372471,weak_10x10_bal_strong_1000,weak_null,False,1768,2587230331,-1.5543122344752192e-15,1,53
1000,1000,0.13232923347746173,0.0844736889802965,0.08876410432549164,0.060779189277013757,0.047855544497165226,0.027984915048477887,0.02207532566483468,2.1678296041357,1.2677011190397522,0.030171653512526538,0.20490470503112368,0.115,0.026,0.202,True,999,0.00013179099187254906,0.009606832987628877,weak_10x10_bal_strong_1000,weak_null,False,1769,2587230331,-1.5543122344752192e-15,0,57
1000,1000,0.1315322283803404,0.1353769795117541,0.08793490889775057,0.10942110554435658,-0.003844751131413693,-0.021486196646606004,0.024598676173514127,-0.15629910749235404,-0.8734696328796998,0.8757972598117443,0.38240715119176805,0.897,0.876,0.39,True,999,0.0001330419909209013,0.009709624922834337,weak_10x10_bal_strong_1000,weak_null,False,1770,2587230331,-1.5543122344752192e-15,0,52
1000,1000,0.16107408073931184,0.09395889740172092,0.11579570028334274,0.06884481118356689,0.06711518333759092,0.04695088909977585,0.023503344500151575,2.855558847684766,1.997625874031377,0.004296116054178884,0.04575723596784523,0.04,0.008,0.059,True,999,0.00012591597624123096,0.009560542064718902,weak_10x10_bal_strong_1000,weak_null,False,1771,2587230331,-1.5543122344752192e-15,0,54
1000,1000,0.14096105911238999,0.1303189058458566,0.09818338067498189,0.10718164253069062,0.010642153266533394,-0.008998261855708733,0.023967692591832575,0.4440207677797028,-0.3754329634040389,0.6570275690759204,0.7073384935088027,0.711,0.634,0.694,True,999,0.00011687492951750755,0.009599000099115074,weak_10x10_bal_strong_1000,weak_null,False,1772,2587230331,-1.5543122344752192e-15,2,55
1000,1000,0.15343577984185286,0.10685619617102105,0.11035788674507785,0.08474998897366959,0.046579583670831815,0.02560789777140826,0.024136939551456453,1.9298048773553458,1.060942200928827,0.053631018948701245,0.2887161691725376,0.151,0.053,0.281,True,999,0.00012316706124693155,0.009674874949268997,weak_10x10_bal_strong_1000,weak_null,False,1773,2587230331,-1.5543122344752192e-15,1,57
1000,1000,0.15390141713190886,0.12629983424977476,0.10992582525477701,0.10688622154953009,0.0276015828821341,0.0030396037052469183,0.024162974016213982,1.1423090081383493,0.12579592657788174,0.2533255981839574,0.8998934662794794,0.367,0.26,0.908,True,999,0.000131291919387877,0.009730499936267734,weak_10x10_bal_strong_1000,weak_null,False,1774,2587230331,-1.5543122344752192e-15,1,58
1000,1000,0.1368620180299449,0.13104994054567976,0.09358585016252619,0.10496785082614224,0.005812077484265155,-0.011382000663616054,0.024668681357749647,0.23560551940241,-0.46139477414914226,0.8137387901578061,0.6445154001201852,0.861,0.816,0.625,True,999,0.00012454204261302948,0.009547375026158988,weak_10x10_bal_strong_1000,weak_null,False,1775,2587230331,-1.5543122344752192e-15,0,52
1000,1000,0.1530477470831899,0.1284032443889508,0.11044694730662741,0.10346759821152318,0.024644502694239123,0.006979349095104226,0.023875502725817895,1.032208744555132,0.2923226025962197,0.3019743394436968,0.7700399788006197,0.42,0.3,0.769,True,999,0.0001276250695809722,0.009767374955117702,weak_10x10_bal_strong_1000,weak_null,False,1776,2587230331,-1.5543122344752192e-15,2,54
1000,1000,0.1418096867399279,0.12319545054604297,0.0982805063640626,0.10240553015830756,0.018614236193884914,-0.004125023794244953,0.02468759423243131,0.7539914994808194,-0.16708893363234398,0.45085432603318343,0.8673000732899345,0.536,0.439,0.855,True,999,0.00013241602573543787,0.009496625047177076,weak_10x10_bal_strong_1000,weak_null,False,1777,2587230331,-1.5543122344752192e-15,1,59
1000,1000,0.14085782418480486,0.1422419490397967,0.09833700360650255,0.12111147866130523,-0.0013841248549918417,-0.02277447505480268,0.02533163420100918,-0.05464017220557764,-0.8990527367514004,0.9564251337544531,0.3686245711199071,0.973,0.964,0.394,True,999,0.000122792087495327,0.009525040979497135,weak_10x10_bal_strong_1000,weak_null,False,1778,2587230331,-1.5543122344752192e-15,1,57
1000,1000,0.12774849211267103,0.12229093809818908,0.08348788898911153,0.09876839599968434,0.005457554014481947,-0.015280507010572819,0.024362774250001072,0.22401200940741411,-0.6272071831298993,0.8227479585315118,0.5305234352856123,0.866,0.823,0.529,True,999,0.0001332079991698265,0.009618166950531304,weak_10x10_bal_strong_1000,weak_null,False,1779,2587230331,-1.5543122344752192e-15,0,56
1000,1000,0.12918765592252512,0.1416394286473962,0.08494702377720387,0.11360316760340083,-0.01245177272487108,-0.028656143826196967,0.024755004996545708,-0.5030002105274707,-1.1575899027366636,0.6149641241425495,0.24703143177328069,0.676,0.587,0.237,True,999,0.00012920808512717485,0.009628500090911984,weak_10x10_bal_strong_1000,weak_null,False,1780,2587230331,-1.5543122344752192e-15,0,51
1000,1000,0.17502465891927832,0.14282163615753707,0.13088693210875135,0.12175767538394666,0.03220302276174125,0.00912925672480469,0.025633052153106718,1.2563085569908714,0.3561517633669008,0.20900412067383078,0.7217269137499662,0.316,0.214,0.741,True,999,0.00012570794206112623,0.009694417007267475,weak_10x10_bal_strong_1000,weak_null,False,1781,2587230331,-1.5543122344752192e-15,0,56
1000,1000,0.15022385619994916,0.1372259890275963,0.10704309013590319,0.11250932434893457,0.01299786717235285,-0.005466234213031385,0.024735873019967998,0.5254662797573525,-0.22098408285888171,0.5992590885401138,0.8251048266560861,0.706,0.621,0.828,True,999,0.0001241250429302454,0.009687791927717626,weak_10x10_bal_strong_1000,weak_null,False,1782,2587230331,-1.5543122344752192e-15,1,54
1000,1000,0.17459596913877373,0.13826498573055312,0.13231481979801174,0.11137415768223491,0.03633098340822061,0.02094066211577683,0.02532608103156155,1.4345284358422714,0.826841787708111,0.1514215203418994,0.4083267414395141,0.259,0.16,0.41,True,999,0.00013204198330640793,0.009756832965649664,weak_10x10_bal_strong_1000,weak_null,False,1783,2587230331,-1.5543122344752192e-15,2,51
1000,1000,0.14166373266189325,0.1346749300517136,0.09865217339984156,0.11234026509771411,0.006988802610179645,-0.01368809169787255,0.02481836644565607,0.28159801030751913,-0.551530727368576,0.7782517660368796,0.5812699087313332,0.82,0.776,0.57,True,999,0.00012316706124693155,0.009709957987070084,weak_10x10_bal_strong_1000,weak_null,False,1784,2587230331,-1.5543122344752192e-15,1,58
1000,1000,0.1666039388256766,0.1644085317155325,0.12361388750105107,0.1321871653844937,0.0021954071101440986,-0.008573277883442643,0.025725329138711065,0.08534029237513176,-0.3332621261020801,0.931990859671163,0.7389364258308545,0.951,0.935,0.721,True,999,0.00012154190335422754,0.009702499955892563,weak_10x10_bal_strong_1000,weak_null,False,1785,2587230331,-1.5543122344752192e-15,2,45
1000,1000,0.11762686727010552,0.15594023950036384,0.07412802760563864,0.13580142750856794,-0.038313372230258325,-0.061673399902929305,0.024377627478074083,-1.5716612399922198,-2.5299180553316796,0.116029135743311,0.011408916873164058,0.231,0.135,0.02,True,999,0.00012562493793666363,0.009483208996243775,weak_10x10_bal_strong_1000,weak_null,False,1786,2587230331,-1.5543122344752192e-15,0,58
1000,1000,0.1425385477642922,0.13322430962761322,0.09895290816439228,0.10842724637336687,0.009314238136678976,-0.009474338208974586,0.025020818204183542,0.3722595344672467,-0.37865820900255187,0.7096996238542077,0.704941690689938,0.751,0.684,0.684,True,999,0.00013070798013359308,0.009709417005069554,weak_10x10_bal_strong_1000,weak_null,False,1787,2587230331,-1.5543122344752192e-15,0,52
1000,1000,0.17144214422840554,0.10665887106034927,0.1293027897986576,0.08369493296316932,0.06478327316805627,0.04560785683548829,0.023394398745631487,2.769178805253692,1.9495203673060757,0.0056197784415807734,0.05123331292199925,0.045,0.011,0.073,True,999,0.00012387498281896114,0.009690915932878852,weak_10x10_bal_strong_1000,weak_null,False,1788,2587230331,-1.5543122344752192e-15,3,57
1000,1000,0.11927259687920033,0.1385711818370069,0.07637558472697492,0.11553711233352715,-0.019298584957806564,-0.03916152760655223,0.02426467813412238,-0.7953365320213247,-1.6139314682060852,0.4264177683336543,0.10654229209376363,0.527,0.414,0.102,True,999,0.00013008294627070427,0.009673499967902899,weak_10x10_bal_strong_1000,weak_null,False,1789,2587230331,-1.5543122344752192e-15,1,56
1000,1000,0.13511890215022682,0.15372527337490605,0.09078294715345692,0.12841593948485297,-0.01860637122467923,-0.037632992331396053,0.025388401877254527,-0.7328689420718789,-1.4822907134265688,0.4636383674162532,0.1382629582177173,0.559,0.473,0.137,True,999,0.00011970801278948784,0.009550999966450036,weak_10x10_bal_strong_1000,weak_null,False,1790,2587230331,-1.5543122344752192e-15,0,53
1000,1000,0.15398629851547607,0.11688533674764612,0.11033692958835672,0.09976377889336163,0.037100961767829954,0.010573150694995093,0.02468315648698333,1.5030882208033303,0.4283548864818342,0.13281629591540947,0.6683927643442873,0.246,0.147,0.645,True,999,0.0001295419642701745,0.009730707970447838,weak_10x10_bal_strong_1000,weak_null,False,1791,2587230331,-1.5543122344752192e-15,1,62
1000,1000,0.1513287582406173,0.08391965093780801,0.10892421831385946,0.06787474826325024,0.0674091073028093,0.041049470050609216,0.02316940593825549,2.909401625680385,1.7717100800945258,0.0036212133082180083,0.07644269552798814,0.036,0.005,0.077,True,999,0.00013129098806530237,0.00953629205469042,weak_10x10_bal_strong_1000,weak_null,False,1792,2587230331,-1.5543122344752192e-15,2,65
1000,1000,0.12709299859649015,0.1218408219507745,0.08332049658929463,0.09366910896113723,0.005252176645715645,-0.010348612371842592,0.023781206167194043,0.22085408993934777,-0.43515927237191226,0.8252060456077945,0.6634468226621684,0.867,0.823,0.653,True,999,0.00013354199472814798,0.009630874963477254,weak_10x10_bal_strong_1000,weak_null,False,1793,2587230331,-1.5543122344752192e-15,1,53
1000,1000,0.12205169237020241,0.13074878805907175,0.07775616854678447,0.10325748218303943,-0.008697095688869338,-0.025501313636254963,0.023579263164485335,-0.3688451003833211,-1.0815144416668874,0.7122431859100467,0.27946834017920674,0.763,0.701,0.276,True,999,0.00012758304364979267,0.009576165932230651,weak_10x10_bal_strong_1000,weak_null,False,1794,2587230331,-1.5543122344752192e-15,0,50
1000,1000,0.12940304419736215,0.15034387619973988,0.08625010166724678,0.1255025344536307,-0.02094083200237773,-0.039252432786383906,0.024574216664609305,-0.8521464707575312,-1.5973014856222667,0.39413280229497205,0.1101985198237866,0.494,0.4,0.128,True,999,0.0001284159952774644,0.00947512499988079,weak_10x10_bal_strong_1000,weak_null,False,1795,2587230331,-1.5543122344752192e-15,0,51
1000,1000,0.15463655240362018,0.14404566602838165,0.1113796239437761,0.11332902460253536,0.010590886375238528,-0.0019494006587592594,0.024232666544355262,0.4370499777997218,-0.08044515675528706,0.662075103376091,0.9358832133569983,0.745,0.675,0.943,True,999,0.0001230419147759676,0.009542250074446201,weak_10x10_bal_strong_1000,weak_null,False,1796,2587230331,-1.5543122344752192e-15,2,48
1000,1000,0.1786154459761664,0.15227653562789045,0.1349244587568137,0.1279152727812516,0.026338910348275957,0.007009185975562104,0.02600955955597029,1.0126626824109395,0.26948499302646595,0.311221308393168,0.7875564890404632,0.411,0.326,0.788,True,999,0.0001241669524461031,0.009624665952287614,weak_10x10_bal_strong_1000,weak_null,False,1797,2587230331,-1.5543122344752192e-15,2,53
1000,1000,0.14897725977769083,0.1285330593275985,0.10711576800167677,0.10578198452856213,0.02044420045009232,0.0013337834731146359,0.023827219727287904,0.8580187149018812,0.055977301942078145,0.3908821294342618,0.9553598892293657,0.525,0.402,0.965,True,999,0.00012958399020135403,0.009601791971363127,weak_10x10_bal_strong_1000,weak_null,False,1798,2587230331,-1.5543122344752192e-15,3,54
1000,1000,0.12327929068323895,0.14511517545704578,0.07939857556857532,0.11943818598621192,-0.021835884773806824,-0.040039610417636595,0.024731355876419957,-0.8829230747767528,-1.6189816125614145,0.3772778354087777,0.1054512194207884,0.486,0.374,0.102,True,999,0.00012787501327693462,0.009572000009939075,weak_10x10_bal_strong_1000,weak_null,False,1799,2587230331,-1.5543122344752192e-15,0,53
1000,1000,0.1528954540181373,0.13256324167508904,0.11003945422453398,0.1041466219103313,0.020332212343048273,0.005892832314202678,0.02436570284640005,0.8344603261076168,0.2418494697793347,0.4040216350583835,0.8088968051489644,0.505,0.397,0.824,True,999,0.00012683402746915817,0.00958770897705108,weak_10x10_bal_strong_1000,weak_null,False,1800,2587230331,-1.5543122344752192e-15,2,49
1000,1000,0.11836483086646243,0.11727906250742909,0.07448390849231146,0.09663459180956124,0.0010857683590333456,-0.022150683317249786,0.02345948152996866,0.04628270908912947,-0.9442102669214181,0.9630849206877837,0.3450622097134898,0.971,0.96,0.354,True,999,0.00013045896776020527,0.009575958945788443,weak_10x10_bal_strong_1000,weak_null,False,1801,2587230331,-1.5543122344752192e-15,0,58
1000,1000,0.16807533505696126,0.1380615416256799,0.12389769290030017,0.11262991736452932,0.030013793431281355,0.011267775535770852,0.025177181501955925,1.1921029932977085,0.44753919476234855,0.2332208634702303,0.6544857948584538,0.351,0.225,0.675,True,999,0.0001223749713972211,0.009608458960428834,weak_10x10_bal_strong_1000,weak_null,False,1802,2587230331,-1.5543122344752192e-15,1,53
1000,1000,0.11862226278725219,0.10229568746466805,0.07482582104012181,0.08369735797498379,0.016326575322584136,-0.008871536934861979,0.022503798884552353,0.7255030764513031,-0.39422396993388575,0.46814345821209025,0.6934156902440888,0.582,0.458,0.675,True,999,0.00012733403127640486,0.009602874983102083,weak_10x10_bal_strong_1000,weak_null,False,1803,2587230331,-1.5543122344752192e-15,1,60
1000,1000,0.12583233856983655,0.1423746422660248,0.08176534148879,0.11330700822975359,-0.016542303696188254,-0.03154166674096359,0.02423378310139925,-0.6826133429919619,-1.3015576894860625,0.49485120049397213,0.19306763146456352,0.599,0.507,0.196,True,999,0.0001236660173162818,0.009639457915909588,weak_10x10_bal_strong_1000,weak_null,False,1804,2587230331,-1.5543122344752192e-15,0,47
1000,1000,0.15811884891217298,0.11631759285419685,0.11419150133451694,0.09392544679309367,0.04180125605797613,0.020266054541423273,0.024201301673299255,1.7272317258907817,0.8373952283641979,0.08412605519801228,0.4023704469988444,0.179,0.076,0.416,True,999,0.00012904196046292782,0.009750416968017817,weak_10x10_bal_strong_1000,weak_null,False,1805,2587230331,-1.5543122344752192e-15,1,57
1000,1000,0.1479939676272779,0.09762274018047395,0.10545890570756455,0.08001550160679471,0.050371227446803946,0.02544340410076984,0.02361913765969258,2.132644644887495,1.0772367927805626,0.03295388803249662,0.28137449197807807,0.098,0.028,0.272,True,999,0.000153791974298656,0.009611333021894097,weak_10x10_bal_strong_1000,weak_null,False,1806,2587230331,-1.5543122344752192e-15,1,59
1000,1000,0.1346450305812006,0.12742001950658388,0.08984253876769799,0.10578889165833516,0.007225011074616705,-0.015946352890637172,0.023761569960501182,0.3040628664952202,-0.6710984550745076,0.7610799964762466,0.5021578110886475,0.806,0.752,0.512,True,999,0.0001235000090673566,0.009526124922558665,weak_10x10_bal_strong_1000,weak_null,False,1807,2587230331,-1.5543122344752192e-15,0,56
1000,1000,0.15531450146411352,0.1521141329031407,0.11383374350134545,0.12804294796876547,0.0032003685609728327,-0.014209204467420022,0.024335980692202476,0.13150768820252504,-0.5838763864557475,0.8953737050888084,0.5593034812198647,0.913,0.893,0.548,True,999,0.00012416590470820665,0.009683875017799437,weak_10x10_bal_strong_1000,weak_null,False,1808,2587230331,-1.5543122344752192e-15,3,53
1000,1000,0.15090651790200793,0.11018257181724811,0.10714541869265304,0.08808267184366514,0.04072394608475982,0.0190627468489879,0.024852791666284256,1.6386065047174019,0.767026380977907,0.10129523677292997,0.443065830645635,0.194,0.088,0.438,True,999,0.00012833299115300179,0.009718375047668815,weak_10x10_bal_strong_1000,weak_null,False,1809,2587230331,-1.5543122344752192e-15,0,57
1000,1000,0.14413297967952632,0.12669098456425643,0.09961939508502837,0.10027674366040173,0.017441995115269893,-0.0006573485753733621,0.024780924573021983,0.7038476334437621,-0.02652639426089015,0.4815276659928265,0.9788374814274946,0.6,0.494,0.97,True,999,0.00015004200395196676,0.009626290993764997,weak_10x10_bal_strong_1000,weak_null,False,1810,2587230331,-1.5543122344752192e-15,0,53
1000,1000,0.126727563272802,0.09912786178487831,0.08416142041778585,0.07693537742056833,0.027599701487923678,0.007226042997217519,0.022498821784611024,1.2267176366898291,0.3211742848756668,0.21992873654056255,0.7480783183603011,0.388,0.222,0.763,True,999,0.00013179192319512367,0.009642917080782354,weak_10x10_bal_strong_1000,weak_null,False,1811,2587230331,-1.5543122344752192e-15,1,56
1000,1000,0.13867828873904786,0.13658307431854178,0.09535263747784484,0.11213353472965082,0.0020952144205060863,-0.016780897251805982,0.02460678895706709,0.08514781933399478,-0.6819620910751337,0.9321438739846428,0.49526292189514554,0.945,0.935,0.485,True,999,0.00013041601050645113,0.009492750046774745,weak_10x10_bal_strong_1000,weak_null,False,1812,2587230331,-1.5543122344752192e-15,1,55
1000,1000,0.13151720523484212,0.12462741637738856,0.08745032842080036,0.10551577027166559,0.00688978885745356,-0.018065441850865227,0.024142209958543513,0.2853835199546586,-0.7482927984590814,0.7753503319766288,0.45428356736840425,0.815,0.767,0.461,True,999,0.00012966699432581663,0.009580665966495872,weak_10x10_bal_strong_1000,weak_null,False,1813,2587230331,-1.5543122344752192e-15,0,60
1000,1000,0.1375522149515951,0.12195880605904819,0.0938395806238077,0.0991841812069083,0.0155934088925469,-0.0053446005831006005,0.02443177406855081,0.6382430047361614,-0.21875613977538796,0.5233155069809583,0.8268400147054688,0.631,0.549,0.849,True,999,0.00012445799075067043,0.00967720802873373,weak_10x10_bal_strong_1000,weak_null,False,1814,2587230331,-1.5543122344752192e-15,0,56
1000,1000,0.12040441964659498,0.11561668664126518,0.07788976110123258,0.08628976429855584,0.004787733005329808,-0.008400003197323258,0.02300677477865219,0.20810100726383907,-0.36510998513001297,0.8351501006938112,0.7150293076227313,0.87,0.825,0.71,True,999,0.0001299170544371009,0.009520666906610131,weak_10x10_bal_strong_1000,weak_null,False,1815,2587230331,-1.5543122344752192e-15,1,51
1000,1000,0.151440775030788,0.12139782113692382,0.11002143540008547,0.09325573700164114,0.030042953893864188,0.01676569839844433,0.02369580885620293,1.2678593955656317,0.7075385567205703,0.20484816669493633,0.47923186080245217,0.326,0.21,0.474,True,999,0.00014849996659904718,0.009617957985028625,weak_10x10_bal_strong_1000,weak_null,False,1816,2587230331,-1.5543122344752192e-15,3,51
1000,1000,0.15718423982800367,0.12116591270490507,0.11283953648944589,0.10186100959572286,0.036018327123098604,0.010978526893723028,0.024452783406991457,1.4729745290591485,0.4489683939450462,0.14075790397251736,0.6534544567200289,0.254,0.141,0.67,True,999,0.00012937502469867468,0.009798291022889316,weak_10x10_bal_strong_1000,weak_null,False,1817,2587230331,-1.5543122344752192e-15,1,59
1000,1000,0.15786477502054286,0.12642077192731027,0.1140120065733754,0.09682339151481756,0.031444003093232586,0.017188615058557843,0.02458542476656572,1.278969283296419,0.6991384213110295,0.2009078728420126,0.48446552933540776,0.335,0.206,0.511,True,999,0.00013116607442498207,0.009648042032495141,weak_10x10_bal_strong_1000,weak_null,False,1818,2587230331,-1.5543122344752192e-15,1,50
1000,1000,0.17481564638366054,0.10846910315867347,0.1308353663816888,0.0791667518570307,0.06634654322498706,0.051668614524658096,0.024550146188149834,2.7024907597907513,2.104615350502399,0.006882209733750473,0.035324804312915604,0.032,0.006,0.037,True,999,0.00013737508561462164,0.009629833977669477,weak_10x10_bal_strong_1000,weak_null,False,1819,2587230331,-1.5543122344752192e-15,1,51
1000,1000,0.12418815105035952,0.16436130844765173,0.08099223245108078,0.14080483465681937,-0.040173157397292214,-0.059812602205738585,0.02471219152441426,-1.625641228848659,-2.4203681873640015,0.10402599917749879,0.015504799337285819,0.183,0.112,0.022,True,999,0.00012858305126428604,0.009606832987628877,weak_10x10_bal_strong_1000,weak_null,False,1820,2587230331,-1.5543122344752192e-15,1,54
1000,1000,0.13809822295945873,0.14403646953532956,0.0939605346643475,0.12580600289851418,-0.005938246575870831,-0.031845468234166674,0.025663923444223476,-0.2313849863516263,-1.2408651507778155,0.8170157278782395,0.21465556850720002,0.852,0.824,0.215,True,999,0.0001254160888493061,0.009628708008676767,weak_10x10_bal_strong_1000,weak_null,False,1821,2587230331,-1.5543122344752192e-15,0,62
1000,1000,0.1691504554517116,0.11347693230720157,0.1261764203545681,0.08327196542694537,0.05567352314451002,0.04290445492762274,0.023728303369565103,2.346291779795734,1.80815519168782,0.018961257352648902,0.07058235026657564,0.084,0.022,0.077,True,999,0.00012862507719546556,0.009760874905623496,weak_10x10_bal_strong_1000,weak_null,False,1822,2587230331,-1.5543122344752192e-15,2,49
1000,1000,0.16318911574013706,0.1521733438345545,0.12002184242646763,0.1282746183845802,0.011015771905582561,-0.00825277595811258,0.025841928994697224,0.4262751402127528,-0.3193560341337542,0.6699073703455701,0.7494565462631864,0.724,0.673,0.75,True,999,0.00012870808131992817,0.009849875001236796,weak_10x10_bal_strong_1000,weak_null,False,1823,2587230331,-1.5543122344752192e-15,1,56
1000,1000,0.12580927752077598,0.1458555942185248,0.08258999002191558,0.12715325035219394,-0.02004631669774881,-0.044563260330278354,0.02495149811241772,-0.8034113465825234,-1.7859953790951077,0.4217370189423202,0.07410000632910872,0.519,0.425,0.066,True,999,0.0001401250483468175,0.009559707948938012,weak_10x10_bal_strong_1000,weak_null,False,1824,2587230331,-1.5543122344752192e-15,0,60
1000,1000,0.1657371962132772,0.16275393491213064,0.1234222350822165,0.13678027943797133,0.002983261301146567,-0.013358044355754828,0.025749554987249925,0.11585681005453298,-0.5187679694802165,0.9077660256974127,0.6039225568263942,0.922,0.904,0.595,True,999,0.0001264170277863741,0.009649625048041344,weak_10x10_bal_strong_1000,weak_null,False,1825,2587230331,-1.5543122344752192e-15,3,53
1000,1000,0.1367512184070967,0.14141684131999366,0.09270438585008378,0.11231071063866693,-0.004665622912896961,-0.01960632478858315,0.024682992515340736,-0.18902176913910368,-0.7943252738255954,0.8500757550348232,0.42700609427858915,0.867,0.838,0.433,True,999,0.00012645800597965717,0.009581958060152829,weak_10x10_bal_strong_1000,weak_null,False,1826,2587230331,-1.5543122344752192e-15,0,50
1000,1000,0.14900753800864974,0.12633865600380778,0.10534252466231919,0.10748002085222197,0.02266888200484196,-0.0021374961899027767,0.02473443074781409,0.9164909528732667,-0.08641784448957567,0.35940945047321726,0.9311342621434484,0.482,0.385,0.936,True,999,0.0001449580304324627,0.00955887499731034,weak_10x10_bal_strong_1000,weak_null,False,1827,2587230331,-1.5543122344752192e-15,0,59
1000,1000,0.1301303595756922,0.13016655890381446,0.08587688621628331,0.10683197735045269,-3.619932812226612e-05,-0.02095509113416938,0.024192922077925977,-0.0014962776305262845,-0.8661661897092271,0.9988061436254053,0.38639903164372025,1.0,1.0,0.366,True,999,0.0001314160181209445,0.00963870796840638,weak_10x10_bal_strong_1000,weak_null,False,1828,2587230331,-1.5543122344752192e-15,0,55
1000,1000,0.1433886642516775,0.15761418769154617,0.10040941672014014,0.13293084975953207,-0.01422552343986866,-0.03252143303939192,0.026417971798864463,-0.5384790152770215,-1.231034436973311,0.5902463887275093,0.21830998477169739,0.621,0.561,0.215,True,999,0.0001252919901162386,0.009544375003315508,weak_10x10_bal_strong_1000,weak_null,False,1829,2587230331,-1.5543122344752192e-15,1,54
1000,1000,0.1432586838939276,0.12153425769225401,0.1000228730249546,0.09298147259050893,0.021724426201673586,0.007041400434445677,0.024363821216739523,0.891667444462591,0.28901051160266183,0.3725712082017928,0.7725733335574441,0.501,0.382,0.765,True,999,0.00012154201976954937,0.009554375079460442,weak_10x10_bal_strong_1000,weak_null,False,1830,2587230331,-1.5543122344752192e-15,0,51
1000,1000,0.13927973892684742,0.12070713897374219,0.09542028230498545,0.09549274922562745,0.01857259995310523,-7.246692064200033e-05,0.024465395870639103,0.7591375202472889,-0.002962017088346721,0.4477702966106122,0.9976366557521923,0.542,0.447,0.998,True,999,0.00012862496078014374,0.009650166030041873,weak_10x10_bal_strong_1000,weak_null,False,1831,2587230331,-1.5543122344752192e-15,1,55
1000,1000,0.1372957762492537,0.13322285062646033,0.09361782819087239,0.11078542295189209,0.0040729256227933774,-0.0171675947610197,0.024651087199958052,0.16522296115200583,-0.6964234324338,0.8687684932435544,0.486163692601738,0.908,0.875,0.5,True,999,0.00012983300257474184,0.009578999946825206,weak_10x10_bal_strong_1000,weak_null,False,1832,2587230331,-1.5543122344752192e-15,0,57
1000,1000,0.13897791869281617,0.14306923423849383,0.0954992376186965,0.11429885425445718,-0.004091315545677654,-0.018799616635760685,0.024911816339424818,-0.16423192471930842,-0.7546465652931489,0.8695485700148189,0.45046107595302853,0.899,0.872,0.444,True,999,0.00013112497981637716,0.00959308398887515,weak_10x10_bal_strong_1000,weak_null,False,1833,2587230331,-1.5543122344752192e-15,1,48
1000,1000,0.12806384254722447,0.12679126971152754,0.08408058489749237,0.1058370902679826,0.001272572835696928,-0.02175650537049023,0.023737169161431548,0.05361097724174373,-0.9165585509598371,0.9572451105170361,0.359374012656657,0.967,0.955,0.354,True,999,0.00011899997480213642,0.009477999992668629,weak_10x10_bal_strong_1000,weak_null,False,1834,2587230331,-1.5543122344752192e-15,0,58
1000,1000,0.13187386623553188,0.1255909725051756,0.08825964033167111,0.09587606237272439,0.006282893730356287,-0.0076164220410532835,0.02453330798511869,0.256096476437965,-0.3104523061330833,0.7978763426798802,0.7562170230561114,0.85,0.807,0.772,True,999,0.00012037507258355618,0.009635583031922579,weak_10x10_bal_strong_1000,weak_null,False,1835,2587230331,-1.5543122344752192e-15,0,51
1000,1000,0.13856169824880338,0.12301262723742712,0.09438617200112276,0.10043754656146575,0.015549071011376259,-0.0060513745603429925,0.02404034181628445,0.6467907623860667,-0.25171749247940856,0.5177673717750846,0.8012594352273554,0.653,0.538,0.822,True,999,0.00011908297892659903,0.00957370805554092,weak_10x10_bal_strong_1000,weak_null,False,1836,2587230331,-1.5543122344752192e-15,0,56
1000,1000,0.127865372720378,0.13640988421559053,0.08424120814515845,0.10848311170229863,-0.008544511495212515,-0.024241903557140176,0.023937560334624214,-0.3569499721679407,-1.01271404513499,0.7211292582014366,0.31119676721415557,0.783,0.719,0.319,True,999,0.00012016703840345144,0.009499000036157668,weak_10x10_bal_strong_1000,weak_null,False,1837,2587230331,-1.5543122344752192e-15,0,51
1000,1000,0.1325879129536709,0.16234507112914198,0.0898737692323266,0.13951523638002072,-0.029757158175471088,-0.04964146714769413,0.024862619640374777,-1.1968633477040367,-1.9966305990974746,0.2313598222096347,0.04586532628942466,0.338,0.226,0.049,True,999,0.0001283750170841813,0.009637292008846998,weak_10x10_bal_strong_1000,weak_null,False,1838,2587230331,-1.5543122344752192e-15,1,55
1000,1000,0.1502356173082502,0.15393778450888695,0.10538701246377968,0.12656746863058288,-0.0037021672006367634,-0.021180456166803197,0.02557231388840837,-0.1447724760767508,-0.8282573199761969,0.8848905141571123,0.4075247881292461,0.901,0.87,0.402,True,999,0.00011775002349168062,0.009522874956019223,weak_10x10_bal_strong_1000,weak_null,False,1839,2587230331,-1.5543122344752192e-15,0,52
1000,1000,0.14855752873359185,0.13497741559606735,0.1055036004363501,0.10792404503558828,0.013580113137524497,-0.0024204445992381807,0.02457539033208895,0.552589926508409,-0.09849058617301884,0.5805442414020664,0.9215427467619369,0.667,0.566,0.936,True,999,0.00014529109466820955,0.00965699995867908,weak_10x10_bal_strong_1000,weak_null,False,1840,2587230331,-1.5543122344752192e-15,1,52
1000,1000,0.14343319438079716,0.1282581816283347,0.10049134483051603,0.1085313776029011,0.015175012752462469,-0.008040032772385075,0.024021674558807625,0.6317216859845644,-0.33469909654725427,0.527568754947062,0.73785208303388,0.623,0.526,0.736,True,999,0.00012616603635251522,0.009615209070034325,weak_10x10_bal_strong_1000,weak_null,False,1841,2587230331,-1.5543122344752192e-15,2,60
1000,1000,0.15083071865291675,0.17029151275413945,0.10790823734123478,0.14408753526265627,-0.0194607941012227,-0.036179297921421494,0.025545075086341216,-0.7618217615507523,-1.4162924868741658,0.44616639045999706,0.15668988664994907,0.547,0.478,0.159,True,999,0.00012500002048909664,0.009582791943103075,weak_10x10_bal_strong_1000,weak_null,False,1842,2587230331,-1.5543122344752192e-15,2,50
1000,1000,0.14142087221423827,0.09412067371101962,0.09705748025771754,0.07252135533326509,0.04730019850321865,0.02453612492445245,0.022485069432623905,2.10362697099748,1.0912185527367169,0.03541099934948308,0.2751767261678719,0.147,0.04,0.291,True,999,0.00012829096522182226,0.009615959017537534,weak_10x10_bal_strong_1000,weak_null,False,1843,2587230331,-1.5543122344752192e-15,0,57
1000,1000,0.13664441773109504,0.15378724584695858,0.09258332572562722,0.12355950047901842,-0.01714282811586354,-0.030976174753391206,0.025291463481752954,-0.6778108403347867,-1.2247679844916686,0.49789163688600324,0.22066265085487613,0.576,0.473,0.204,True,999,0.00012508302461355925,0.009558790945447981,weak_10x10_bal_strong_1000,weak_null,False,1844,2587230331,-1.5543122344752192e-15,0,49
1000,1000,0.14029498508724592,0.1261232745708487,0.09686592274601935,0.10250065875032988,0.014171710516397207,-0.0056347360043105255,0.023842680027010763,0.5943841254566365,-0.2363298084748475,0.5522552235468772,0.8131767581275979,0.648,0.56,0.835,True,999,0.0001254169037565589,0.009551875060424209,weak_10x10_bal_strong_1000,weak_null,False,1845,2587230331,-1.5543122344752192e-15,1,55
1000,1000,0.1557087118849636,0.12776916515452386,0.11138381839282374,0.1004257210314563,0.027939546730439746,0.010958097361367436,0.024773113612749427,1.1278173251528916,0.4423383161544892,0.2593970749946042,0.6582444080966425,0.383,0.284,0.665,True,999,0.00012983393389731646,0.00971800007391721,weak_10x10_bal_strong_1000,weak_null,False,1846,2587230331,-1.5543122344752192e-15,0,51
1000,1000,0.11711697177984082,0.1509636766381921,0.07324853515365248,0.12641895133754133,-0.033846704858351284,-0.05317041618388885,0.025241636465157424,-1.340907706402949,-2.1064567765756084,0.17995041983947024,0.035164693898841005,0.283,0.166,0.04,True,999,0.0001229170011356473,0.009506291011348367,weak_10x10_bal_strong_1000,weak_null,False,1847,2587230331,-1.5543122344752192e-15,0,53
1000,1000,0.1342919304830681,0.13067931109080755,0.09097179979835346,0.11214784699001257,0.003612619392260541,-0.02117604719165911,0.024546289982636565,0.1471757807316714,-0.8626984854590457,0.8829932765855187,0.3883032653299785,0.901,0.874,0.411,True,999,0.0001189579488709569,0.009573624935001135,weak_10x10_bal_strong_1000,weak_null,False,1848,2587230331,-1.5543122344752192e-15,1,60
1000,1000,0.14813636016812914,0.11901209636379206,0.10454509582632454,0.09850214143358471,0.02912426380433708,0.00604295439273983,0.024571906406410254,1.1852667563774872,0.24592940786895395,0.235911993008168,0.8057368786104121,0.366,0.258,0.815,True,999,0.00012391607742756605,0.009783249930478632,weak_10x10_bal_strong_1000,weak_null,False,1849,2587230331,-1.5543122344752192e-15,1,59
1000,1000,0.16786398350999532,0.1375380488831025,0.1259929761949934,0.11491109825510648,0.030325934626892814,0.011081877939886908,0.024434081561584824,1.241132577480266,0.45354182484639805,0.21455677666052297,0.6501586333087064,0.339,0.218,0.658,True,999,0.00012370897457003593,0.009578249999321997,weak_10x10_bal_strong_1000,weak_null,False,1850,2587230331,-1.5543122344752192e-15,4,54
1000,1000,0.11619304521338414,0.1390004610218395,0.07314410186654641,0.11764830467677712,-0.022807415808455356,-0.04450420281023071,0.02413628178224348,-0.94494321926728,-1.8438715296641692,0.34468786512963046,0.0652018651344493,0.477,0.351,0.068,True,999,0.00012049998622387648,0.00965225009713322,weak_10x10_bal_strong_1000,weak_null,False,1851,2587230331,-1.5543122344752192e-15,0,57
1000,1000,0.16868590159352292,0.09882448918007214,0.12603097011970021,0.076737463581253,0.06986141241345079,0.04929350653844722,0.023624530158016157,2.957155632140509,2.086539127285932,0.003104913573596045,0.0369298147787033,0.038,0.006,0.055,True,999,0.0001229170011356473,0.009636875009164214,weak_10x10_bal_strong_1000,weak_null,False,1852,2587230331,-1.5543122344752192e-15,3,57
1000,1000,0.14570526828305175,0.12956761038505704,0.10302324154054077,0.10321888243538524,0.016137657897994706,-0.00019564089484447322,0.024374784894311066,0.6620636025289045,-0.008026363953272657,0.5079304609721038,0.9935959568831371,0.621,0.524,0.993,True,999,0.00012750003952533007,0.009684166987426579,weak_10x10_bal_strong_1000,weak_null,False,1853,2587230331,-1.5543122344752192e-15,1,52
1000,1000,0.14608916364003166,0.16078454884723814,0.10351133524363831,0.13348156954589285,-0.01469538520720648,-0.02997023430225454,0.025435175701275813,-0.5777583524406072,-1.1782986936768536,0.563427276859964,0.23867754840877997,0.638,0.566,0.245,True,999,0.00012195797171443701,0.009561542072333395,weak_10x10_bal_strong_1000,weak_null,False,1854,2587230331,-1.5543122344752192e-15,1,49
1000,1000,0.14178682424029576,0.11384495310967158,0.09770016444372231,0.0935682960006261,0.027941871130624185,0.004131868443096209,0.023345664633346364,1.1968762324595683,0.1769865415266161,0.23135479932261982,0.8595189609992924,0.38,0.25,0.852,True,999,0.0001270839711651206,0.009657375048846006,weak_10x10_bal_strong_1000,weak_null,False,1855,2587230331,-1.5543122344752192e-15,0,58
1000,1000,0.11832619201436367,0.1383592040413999,0.07433114993636991,0.11662628321857937,-0.020033012027036223,-0.04229513328220946,0.02423441672612481,-0.8266347918924967,-1.7452507217396784,0.4084440912286621,0.08094123564226373,0.535,0.423,0.087,True,999,0.00012704089749604464,0.009491208009421825,weak_10x10_bal_strong_1000,weak_null,False,1856,2587230331,-1.5543122344752192e-15,0,56
1000,1000,0.15160661635223294,0.11523108234417156,0.10667054992109115,0.09218664676262733,0.03637553400806137,0.014483903158463818,0.024542611511470108,1.4821378723719394,0.5901532993624047,0.13830361345093933,0.5550878782155586,0.273,0.156,0.57,True,999,0.0001290410291403532,0.009619250078685582,weak_10x10_bal_strong_1000,weak_null,False,1857,2587230331,-1.5543122344752192e-15,0,56
1000,1000,0.16727895923536096,0.12208047301239577,0.12421674121060278,0.09308992317642151,0.045198486222965184,0.03112681803418127,0.023822051942833045,1.897338076981371,1.3066388281277295,0.05778333259582403,0.19133540311097308,0.157,0.058,0.207,True,999,0.00011875003110617399,0.009674584027379751,weak_10x10_bal_strong_1000,weak_null,False,1858,2587230331,-1.5543122344752192e-15,3,49
1000,1000,0.12151037171809609,0.14534560113186246,0.0790461209608111,0.12517404449477,-0.023835229413766368,-0.04612792353395889,0.02429095777985313,-0.9812387650492422,-1.898975081674931,0.32647501188398564,0.05756775235602092,0.462,0.342,0.061,True,999,0.00012524996418505907,0.00962429097853601,weak_10x10_bal_strong_1000,weak_null,False,1859,2587230331,-1.5543122344752192e-15,1,56
1000,1000,0.13118932581621046,0.09549475036473265,0.08855509796239858,0.07445339071358603,0.035694575451477806,0.014101707248812545,0.022416418034155967,1.592340729776268,0.6290794197059374,0.11130816595593408,0.5292970631822707,0.234,0.108,0.506,True,999,0.00012920796871185303,0.009747707983478904,weak_10x10_bal_strong_1000,weak_null,False,1860,2587230331,-1.5543122344752192e-15,2,58
1000,1000,0.1397301949813441,0.1313286040750855,0.09578038270319666,0.10662735184007488,0.008401590906258583,-0.010846969136878215,0.02469820741615201,0.3401700684060234,-0.43918042123917744,0.7337284574814791,0.6605308104136688,0.808,0.768,0.69,True,999,0.00013033300638198853,0.00965687504503876,weak_10x10_bal_strong_1000,weak_null,False,1861,2587230331,-1.5543122344752192e-15,0,52
1000,1000,0.13989579271563501,0.12966485198896172,0.09673850146737095,0.1037742049861663,0.010230940726673299,-0.007035703518795344,0.023916234712662077,0.42778225124445224,-0.29418107002731503,0.6688096601050688,0.7686195449090636,0.737,0.667,0.769,True,999,0.00014104193542152643,0.009775209007784724,weak_10x10_bal_strong_1000,weak_null,False,1862,2587230331,-1.5543122344752192e-15,1,53
1000,1000,0.1646851975902237,0.13449151385034097,0.1220926355267693,0.11121108708880456,0.030193683739882737,0.010881548437964739,0.02484016124457748,1.2155188302762694,0.43806271347534603,0.22416827133985961,0.661340822681697,0.347,0.217,0.667,True,999,0.0001408330863341689,0.009728958015330136,weak_10x10_bal_strong_1000,weak_null,False,1863,2587230331,-1.5543122344752192e-15,2,55
1000,1000,0.16693232186359497,0.1315384907089696,0.12368748385461004,0.11258240726795066,0.035393831154625355,0.01110507658665938,0.025168932495381803,1.4062507879950688,0.4412215968514766,0.1596496677342215,0.6590525796161549,0.281,0.171,0.684,True,999,0.00012883299496024847,0.009603040991351008,weak_10x10_bal_strong_1000,weak_null,False,1864,2587230331,-1.5543122344752192e-15,1,60
1000,1000,0.12214319155677078,0.12243092949927237,0.0786522415824038,0.09478837871165524,-0.0002877379425015869,-0.016136137129251438,0.023551215102822633,-0.012217541271027721,-0.685150938446378,0.9902520549593665,0.493248679397421,0.994,0.991,0.482,True,999,0.000124832964502275,0.009509625029750168,weak_10x10_bal_strong_1000,weak_null,False,1865,2587230331,-1.5543122344752192e-15,0,52
1000,1000,0.1693674700986043,0.10710825447056277,0.12489364507882783,0.08325776469564516,0.06225921562804154,0.041635880383182666,0.02382982311639282,2.612659578879236,1.7472173494456553,0.008984073949909254,0.08059964336484002,0.051,0.011,0.091,True,999,0.0001243329606950283,0.009645750047639012,weak_10x10_bal_strong_1000,weak_null,False,1866,2587230331,-1.5543122344752192e-15,1,56
1000,1000,0.171386321357879,0.1324884965855866,0.1251096288124245,0.10990531349898447,0.03889782477229242,0.01520431531344002,0.024681389878992432,1.575998149334382,0.6160234649662568,0.11502622971676756,0.5378790330892633,0.185,0.108,0.546,True,999,0.00012916710693389177,0.009624541038647294,weak_10x10_bal_strong_1000,weak_null,False,1867,2587230331,-1.5543122344752192e-15,0,53
1000,1000,0.15188553312488162,0.13204521649447365,0.10652348579515092,0.10460628141299821,0.019840316630407973,0.001917204382152704,0.024507228394586505,0.809569989350186,0.07823015933438653,0.41818736215393204,0.9376449718453362,0.54,0.437,0.946,True,999,0.00013683398719877005,0.009774832986295223,weak_10x10_bal_strong_1000,weak_null,False,1868,2587230331,-1.5543122344752192e-15,0,50
1000,1000,0.13010254616642003,0.1341607561056608,0.0859395596557988,0.10824278381187469,-0.0040582099392407756,-0.022303224156075885,0.023259148275658694,-0.17447801145357494,-0.9589011554398487,0.8614898100302408,0.3376085426518104,0.908,0.878,0.34,True,999,0.00013349996879696846,0.00960112502798438,weak_10x10_bal_strong_1000,weak_null,False,1869,2587230331,-1.5543122344752192e-15,0,53
1000,1000,0.14761872129972486,0.13954368251082505,0.10364488093728141,0.11397170212035235,0.008075038788899813,-0.010326821183070933,0.024876574241464895,0.3246041320046446,-0.4151223188061775,0.7454806995603598,0.6780523616809155,0.794,0.745,0.685,True,999,0.0001284999307245016,0.009578417055308819,weak_10x10_bal_strong_1000,weak_null,False,1870,2587230331,-1.5543122344752192e-15,0,53
1000,1000,0.1451449863924097,0.11724893580844853,0.1006599358238418,0.09555305879945308,0.027896050583961163,0.005106877024388723,0.023827483623653504,1.1707510127619518,0.2143271654300555,0.24169887373614296,0.8302919352550573,0.388,0.264,0.828,True,999,0.0001228750916197896,0.009593917056918144,weak_10x10_bal_strong_1000,weak_null,False,1871,2587230331,-1.5543122344752192e-15,0,57
1000,1000,0.12997194915531063,0.08873610677344446,0.08676607886673082,0.06383733130053315,0.04123584238186617,0.02292874756619767,0.022170818775387433,1.859915179481033,1.0341858728127642,0.06289752738194508,0.30104927720996755,0.208,0.067,0.325,True,999,0.00013262510765343904,0.009591000038199127,weak_10x10_bal_strong_1000,weak_null,False,1872,2587230331,-1.5543122344752192e-15,0,55
1000,1000,0.1517355701991363,0.11595386396248286,0.10783274785853791,0.09525468327046838,0.03578170623665344,0.012578064588069537,0.02388203713455004,1.4982685955582995,0.5266746935031311,0.13406347989279724,0.5984195122487493,0.227,0.126,0.6,True,999,0.00012562505435198545,0.0096132499165833,weak_10x10_bal_strong_1000,weak_null,False,1873,2587230331,-1.5543122344752192e-15,1,59
1000,1000,0.12769054435265925,0.14705458523729587,0.08289492140056609,0.12136589353940508,-0.019364040884636613,-0.03847097213883899,0.02502833747342901,-0.7736846646403973,-1.537096588204517,0.4391172909090717,0.12426965834502078,0.527,0.44,0.131,True,999,0.00013045803643763065,0.009503542096354067,weak_10x10_bal_strong_1000,weak_null,False,1874,2587230331,-1.5543122344752192e-15,0,52
1000,1000,0.16275427558838418,0.15778412541982278,0.11941788319609259,0.12532505380613657,0.004970150168561394,-0.005907170610043977,0.025848176948624492,0.1922824258917757,-0.2285333554387605,0.8475209836495035,0.8192316282228822,0.882,0.862,0.845,True,999,0.00012620794586837292,0.009681332972832024,weak_10x10_bal_strong_1000,weak_null,False,1875,2587230331,-1.5543122344752192e-15,2,46
1000,1000,0.16163026440972228,0.14106975495234098,0.11758678756268637,0.10666233018037019,0.020560509457381304,0.010924457382316177,0.02510852240740439,0.8188657669205617,0.4350896163883624,0.4128630031492393,0.6634973801272379,0.532,0.411,0.678,True,999,0.00012670899741351604,0.009516749996691942,weak_10x10_bal_strong_1000,weak_null,False,1876,2587230331,-1.5543122344752192e-15,1,43
1000,1000,0.14416585469480037,0.16183143262149147,0.10052423132765398,0.14138843582918525,-0.0176655779266911,-0.040864204501531276,0.026008678542707945,-0.679218588429361,-1.5711757302251859,0.49699937105536807,0.11614183581296798,0.583,0.508,0.102,True,999,0.00012070906814187765,0.00980187498498708,weak_10x10_bal_strong_1000,weak_null,False,1877,2587230331,-1.5543122344752192e-15,1,57
1000,1000,0.14793641911655664,0.15722318294808757,0.10519215302747398,0.13021492381801636,-0.009286763831530931,-0.02502277079054238,0.02548999913688209,-0.3643297036481139,-0.9816701309470167,0.7156118215366613,0.3262623850000541,0.763,0.71,0.312,True,999,0.00012633297592401505,0.00966300000436604,weak_10x10_bal_strong_1000,weak_null,False,1878,2587230331,-1.5543122344752192e-15,2,51
1000,1000,0.14220773222085414,0.12785451945405857,0.09801267610600917,0.10437399089005339,0.014353212766795576,-0.006361314784044225,0.023918809913027538,0.6000805566408219,-0.2659544854938411,0.548452549888339,0.7902742622536452,0.684,0.582,0.822,True,999,0.00012824998702853918,0.009620624943636358,weak_10x10_bal_strong_1000,weak_null,False,1879,2587230331,-1.5543122344752192e-15,1,57
1000,1000,0.17260911803054402,0.1274182860600045,0.12669271687491346,0.0990184574562818,0.045190831970539524,0.027674259418631664,0.0248473325187993,1.8187397756418517,1.1137718464424113,0.06895114031486829,0.26537707784906517,0.157,0.08,0.296,True,999,0.00013875006698071957,0.009684292017482221,weak_10x10_bal_strong_1000,weak_null,False,1880,2587230331,-1.5543122344752192e-15,0,49
1000,1000,0.10440026546820924,0.13786712306642346,0.061403193812566315,0.10842066051134225,-0.03346685759821422,-0.047017466698775934,0.02357796362782569,-1.4194125551503558,-1.9941275438769426,0.15577877419082564,0.046138117841809496,0.274,0.156,0.052,True,999,0.00015891599468886852,0.009460082976147532,weak_10x10_bal_strong_1000,weak_null,False,1881,2587230331,-1.5543122344752192e-15,0,47
1000,1000,0.12908301690554191,0.12929022398610107,0.08548980521300109,0.10818788568411719,-0.00020720708055915749,-0.0226980804711161,0.02423692036730746,-0.008549233046895414,-0.9365084394852796,0.9931787820383828,0.3490114693787145,0.993,0.991,0.36,True,999,0.00011754198931157589,0.009581874939613044,weak_10x10_bal_strong_1000,weak_null,False,1882,2587230331,-1.5543122344752192e-15,0,58
1000,1000,0.16318601546201972,0.1247306244514052,0.12016701301081412,0.1021593081201786,0.038455391010614515,0.018007704890635523,0.024574871175485506,1.5648257415475457,0.732769045340876,0.11762377423283932,0.46369930400354187,0.219,0.13,0.471,True,999,0.00013937498442828655,0.009588791988790035,weak_10x10_bal_strong_1000,weak_null,False,1883,2587230331,-1.5543122344752192e-15,2,56
1000,1000,0.11685049881618337,0.16220635632438518,0.07302745570495972,0.13168012293101583,-0.04535585750820181,-0.05865266722605611,0.024166902022858122,-1.8767758260989449,-2.426983283607466,0.06054882500770975,0.01522495734661643,0.146,0.054,0.009,True,999,0.0001222500577569008,0.009513208991847932,weak_10x10_bal_strong_1000,weak_null,False,1884,2587230331,-1.5543122344752192e-15,0,46
1000,1000,0.14252294122219622,0.125235499087474,0.09839969437052787,0.10104728209728364,0.01728744213472222,-0.0026475877267557735,0.024282851733563347,0.7119197664427448,-0.10903116964208626,0.47651446121888064,0.9131777679025903,0.592,0.498,0.918,True,999,0.00012854207307100296,0.009583291015587747,weak_10x10_bal_strong_1000,weak_null,False,1885,2587230331,-1.5543122344752192e-15,0,54
1000,1000,0.1430251958706128,0.095481098468915,0.1000589521445363,0.07834310836403802,0.047544097401697794,0.02171584378049829,0.02290233602312315,2.075949691494147,0.9481933964541027,0.03789860415601334,0.3430310082943995,0.124,0.045,0.352,True,999,0.00014516606461256742,0.0095272499602288,weak_10x10_bal_strong_1000,weak_null,False,1886,2587230331,-1.5543122344752192e-15,1,62
1000,1000,0.1300986971432052,0.13252242859417618,0.08623285647627199,0.1061415281230893,-0.0024237314509709673,-0.01990867164681731,0.024418051874860548,-0.09925982070118808,-0.8153259624824599,0.9209319792569811,0.41488575144652784,0.928,0.911,0.424,True,999,0.00013258401304483414,0.009525208966806531,weak_10x10_bal_strong_1000,weak_null,False,1887,2587230331,-1.5543122344752192e-15,1,51
1000,1000,0.15083853418598725,0.14216757842927774,0.10782348251541407,0.12183728909087677,0.008670955756709509,-0.014013806575462695,0.02510920914568825,0.3453297037911082,-0.5581142159496945,0.7298465182084579,0.5767663937710694,0.796,0.744,0.606,True,999,0.00013141694944351912,0.009631916997022927,weak_10x10_bal_strong_1000,weak_null,False,1888,2587230331,-1.5543122344752192e-15,1,56
1000,1000,0.13673289125988175,0.13831880243900463,0.09176395823442363,0.11055417172065063,-0.0015859111791228786,-0.018790213486227003,0.024598744466622732,-0.06447122458931805,-0.7638688028050723,0.9485950188815171,0.44494543029204314,0.955,0.942,0.424,True,999,0.00013866706285625696,0.009612666093744338,weak_10x10_bal_strong_1000,weak_null,False,1889,2587230331,-1.5543122344752192e-15,0,51
1000,1000,0.14009534482262076,0.14415334332506236,0.09657683133355022,0.12173181446399894,-0.0040579985024415954,-0.025154983130448727,0.025024526354122213,-0.16216085151889933,-1.0052131566640032,0.8711791876658799,0.31479422128207957,0.893,0.863,0.318,True,999,0.00013008294627070427,0.009556374978274107,weak_10x10_bal_strong_1000,weak_null,False,1890,2587230331,-1.5543122344752192e-15,1,57
1000,1000,0.14943808181098817,0.10439312937195888,0.10715389292954569,0.0817111582868506,0.045044952439029284,0.025442734642695086,0.02272104444432341,1.9825212062504127,1.119787195744501,0.047420936341391745,0.2628044569347864,0.139,0.049,0.287,True,999,0.0001262921141460538,0.009723124909214675,weak_10x10_bal_strong_1000,weak_null,False,1891,2587230331,-1.5543122344752192e-15,3,57
1000,1000,0.1560244388163854,0.11764817586500315,0.11325224022903058,0.09832492647637991,0.038376262951382245,0.014927313752650662,0.024255321229557675,1.5821791263113312,0.61542428613397,0.1136086841419869,0.5382745568240702,0.234,0.113,0.534,True,999,0.00012600002810359,0.009701458970084786,weak_10x10_bal_strong_1000,weak_null,False,1892,2587230331,-1.5543122344752192e-15,1,58
1000,1000,0.1526425606495181,0.11521933089357972,0.10810960376647927,0.09039898961179915,0.03742322975593837,0.017710614154680115,0.024875954024346093,1.5043937498562772,0.7119571831233785,0.13248001263419631,0.47649129032162385,0.231,0.131,0.472,True,999,0.00012824998702853918,0.00967741699423641,weak_10x10_bal_strong_1000,weak_null,False,1893,2587230331,-1.5543122344752192e-15,0,54
1000,1000,0.14809016447237155,0.13783247014796973,0.10285304134913531,0.10904765797806704,0.010257694324401823,-0.006194616628931726,0.02508346863818061,0.4089424183060612,-0.24696012813405868,0.6825819187654405,0.8049390815799657,0.751,0.7,0.799,True,999,0.00012912508100271225,0.009525000001303852,weak_10x10_bal_strong_1000,weak_null,False,1894,2587230331,-1.5543122344752192e-15,0,49
1000,1000,0.15321109402969624,0.10453370646600324,0.11024186207669118,0.08171270817911136,0.048677387563693,0.028529153897579818,0.02296679313484014,2.1194681938354916,1.2421914426660505,0.034050918975574766,0.21416593620553215,0.112,0.036,0.213,True,999,0.00012679200153797865,0.009721166105009615,weak_10x10_bal_strong_1000,weak_null,False,1895,2587230331,-1.5543122344752192e-15,2,56
1000,1000,0.14252150026290566,0.14490239692883877,0.10047651690911152,0.11825982156949522,-0.0023808966659331077,-0.017783304660383692,0.02476018921265509,-0.09615825814110565,-0.7182216786653041,0.9233948823131649,0.47262061317001447,0.943,0.929,0.495,True,999,0.00012587499804794788,0.009594334056600928,weak_10x10_bal_strong_1000,weak_null,False,1896,2587230331,-1.5543122344752192e-15,2,51
1000,1000,0.1695296799403021,0.12823626786744802,0.1265991548571037,0.10418194488499921,0.041293412072854085,0.0224172099721045,0.0253346530722795,1.6299181976182746,0.8848437714204507,0.10311878703854738,0.37624089795130733,0.177,0.101,0.39,True,999,0.00012712494935840368,0.009861042024567723,weak_10x10_bal_strong_1000,weak_null,False,1897,2587230331,-1.5543122344752192e-15,2,56
1000,1000,0.11615410604269094,0.16682225105363502,0.07326511041355843,0.14421443525850464,-0.05066814501094408,-0.0709493248449462,0.0252916008560057,-2.0033585576261577,-2.8052524333626234,0.045138816333859945,0.005027718729962849,0.129,0.052,0.008,True,999,0.0001276250695809722,0.009636250091716647,weak_10x10_bal_strong_1000,weak_null,False,1898,2587230331,-1.5543122344752192e-15,1,56
1000,1000,0.15629939272761018,0.11763419589443824,0.11141131074691657,0.09592576653415108,0.03866519683317193,0.01548554421276549,0.02371445190661578,1.630448681058711,0.6530003001437863,0.10300670306138862,0.5137560850193079,0.234,0.113,0.514,True,999,0.00012783403508365154,0.009597666910849512,weak_10x10_bal_strong_1000,weak_null,False,1899,2587230331,-1.5543122344752192e-15,0,56
1000,1000,0.1308083222680554,0.13554695629748714,0.08750709817786628,0.11199435644607547,-0.004738634029431754,-0.02448725826820919,0.024018467582186186,-0.19729127236020103,-1.0195179265462668,0.8435996087729309,0.3079571469944271,0.876,0.842,0.294,True,999,0.00012149999383836985,0.009589041932485998,weak_10x10_bal_strong_1000,weak_null,False,1900,2587230331,-1.5543122344752192e-15,1,54
1000,1000,0.13286717332065257,0.11634997467264085,0.08854912770311785,0.09174607717375238,0.01651719864801171,-0.003196949470634536,0.02383805746884404,0.6928919719905628,-0.134111157119782,0.48837734811075695,0.8933146772401954,0.582,0.477,0.886,True,999,0.00012583297211676836,0.009630750049836934,weak_10x10_bal_strong_1000,weak_null,False,1901,2587230331,-1.5543122344752192e-15,0,54
1000,1000,0.1353972191919457,0.1502220879856172,0.09129401116615554,0.12459337478685484,-0.014824868793671508,-0.033299363620699296,0.025353768621883627,-0.5847205208331713,-1.3133891106017896,0.5587356535450858,0.18905186496384296,0.649,0.572,0.194,True,999,0.0001236249227076769,0.009734165971167386,weak_10x10_bal_strong_1000,weak_null,False,1902,2587230331,-1.5543122344752192e-15,0,53
1000,1000,0.14568054068600755,0.13392909627853156,0.10116528605249187,0.11318840442601186,0.011751444407475997,-0.012023118373519992,0.024818051556922124,0.47350390825497113,-0.4844505357700639,0.6358537133389068,0.6280661608075597,0.739,0.654,0.655,True,999,0.00012816698290407658,0.009726333082653582,weak_10x10_bal_strong_1000,weak_null,False,1903,2587230331,-1.5543122344752192e-15,0,59
1000,1000,0.13627649594119218,0.13028169201239415,0.09277498559094965,0.10592322961588252,0.0059948039287980315,-0.013148244024932865,0.024429803397513668,0.245388955091147,-0.5382050690703071,0.8061552801886611,0.5904354808523274,0.854,0.797,0.588,True,999,0.00012391700875014067,0.009637542068958282,weak_10x10_bal_strong_1000,weak_null,False,1904,2587230331,-1.5543122344752192e-15,0,54
1000,1000,0.12376204178354211,0.11139808715613209,0.08080074715689989,0.08753911137921477,0.012363954627410023,-0.006738364222314885,0.022993146906457596,0.537723465070265,-0.2930596777260804,0.5907679769301024,0.7694765367995255,0.696,0.582,0.769,True,999,0.0001188330352306366,0.009442499955184758,weak_10x10_bal_strong_1000,weak_null,False,1905,2587230331,-1.5543122344752192e-15,1,54
1000,1000,0.14329680843898407,0.11879178169580784,0.09940943978790528,0.10035582215192562,0.024505026743176228,-0.0009463823640203373,0.023776460574990017,1.0306423307156396,-0.03980333241928439,0.302708577601015,0.9682499194520924,0.435,0.288,0.977,True,999,0.0001267909538000822,0.009607124957256019,weak_10x10_bal_strong_1000,weak_null,False,1906,2587230331,-1.5543122344752192e-15,1,61
1000,1000,0.14199638186184949,0.13162333468403742,0.09837865296003656,0.10937809511813157,0.010373047177812067,-0.010999442158095007,0.02455782036128558,0.4223928274255463,-0.4478997727109034,0.6727383123576767,0.6542255324379147,0.752,0.685,0.668,True,999,0.00012879096902906895,0.009599584038369358,weak_10x10_bal_strong_1000,weak_null,False,1907,2587230331,-1.5543122344752192e-15,0,56
1000,1000,0.11068827298635453,0.14996802246438035,0.0669013062756676,0.1275384052961499,-0.039279749478025816,-0.06063709902048231,0.024824706051353125,-1.5822845755663957,-2.4426109576099955,0.11358462031698506,0.014581446499828267,0.199,0.107,0.021,True,999,0.00013033300638198853,0.009602125035598874,weak_10x10_bal_strong_1000,weak_null,False,1908,2587230331,-1.5543122344752192e-15,0,57
1000,1000,0.14815769117382827,0.1373560255648527,0.10544752359646736,0.11071100195908912,0.010801665608975553,-0.005263478362621754,0.024529182370850406,0.4403597904597041,-0.21458026130037997,0.659676542600431,0.830094584663766,0.75,0.685,0.836,True,999,0.0001295000547543168,0.009672624990344048,weak_10x10_bal_strong_1000,weak_null,False,1909,2587230331,-1.5543122344752192e-15,2,53
1000,1000,0.1609887554491154,0.1314788284899333,0.11797719007017804,0.1089952352734258,0.029509926959182087,0.008981954796752234,0.024473111046166403,1.205810201388543,0.36701319990779085,0.22789068115207178,0.7136091719424087,0.329,0.218,0.704,True,999,0.00018024991732090712,0.00955437496304512,weak_10x10_bal_strong_1000,weak_null,False,1910,2587230331,-1.5543122344752192e-15,2,55
1000,1000,0.12046541484170614,0.15084736070765747,0.07747264629051642,0.12513432666787594,-0.030381945865951332,-0.04766168037735952,0.02513894695320557,-1.2085608009955726,-1.8959298679486645,0.226831623716092,0.05796931882525029,0.351,0.227,0.067,True,999,0.00012804206926375628,0.009715290972962976,weak_10x10_bal_strong_1000,weak_null,False,1911,2587230331,-1.5543122344752192e-15,1,53
1000,1000,0.14353499471741404,0.16052538636607028,0.10058452114890315,0.13295106725752248,-0.016990391648656233,-0.03236654610861933,0.02570491640915984,-0.6609782882858074,-1.2591578044224119,0.5086262374721654,0.20797333905513327,0.615,0.522,0.223,True,999,0.0001283750170841813,0.009636125061661005,weak_10x10_bal_strong_1000,weak_null,False,1912,2587230331,-1.5543122344752192e-15,1,49
1000,1000,0.13544519943034672,0.12898540534979186,0.09196356536085659,0.09654404739183065,0.006459794080554859,-0.0045804820309740535,0.024231290525666093,0.26658894101049063,-0.18903169957548685,0.7897856713721637,0.8500679719908549,0.834,0.773,0.838,True,999,0.00012929202057421207,0.009519207989796996,weak_10x10_bal_strong_1000,weak_null,False,1913,2587230331,-1.5543122344752192e-15,0,46
1000,1000,0.141976254769431,0.13087688713290113,0.09999285055437213,0.10603728565138226,0.011099367636529855,-0.006044435097010137,0.02452835674531928,0.4525116685057973,-0.2464264181971175,0.6509004171281859,0.80535215789284,0.707,0.64,0.799,True,999,0.000130290980450809,0.009729582932777703,weak_10x10_bal_strong_1000,weak_null,False,1914,2587230331,-1.5543122344752192e-15,2,55
1000,1000,0.1593746722059084,0.13808121585752575,0.11593189963832629,0.1170503153904292,0.021293456348382644,-0.0011184157521029192,0.025525331315449516,0.8342088134031201,-0.043815915189550726,0.4041633255528818,0.9650511407809452,0.517,0.417,0.967,True,999,0.00012983405031263828,0.009679291979409754,weak_10x10_bal_strong_1000,weak_null,False,1915,2587230331,-1.5543122344752192e-15,1,58
1000,1000,0.1656936357804879,0.15045972211516767,0.12311835095442802,0.12416979586669186,0.015233913665320231,-0.0010514449122638325,0.025534811528111618,0.5965939340711017,-0.04117692081283947,0.5507785221185445,0.9671548525878881,0.658,0.579,0.966,True,999,0.0001223749713972211,0.009612709050998092,weak_10x10_bal_strong_1000,weak_null,False,1916,2587230331,-1.5543122344752192e-15,2,50
1000,1000,0.12251841715799205,0.15338029902907424,0.07952220340621352,0.12775223934534097,-0.030861881871082186,-0.04823003593912745,0.024709895722787083,-1.2489685192245403,-1.9518510511013794,0.2116765883241909,0.050955891177362475,0.356,0.246,0.07,True,999,0.0001265000319108367,0.009578458964824677,weak_10x10_bal_strong_1000,weak_null,False,1917,2587230331,-1.5543122344752192e-15,0,53
1000,1000,0.12812515471498598,0.12573745248851786,0.08403868003733805,0.10511559336651999,0.0023877022264681136,-0.021076913329181934,0.023943785544571015,0.09972116656421934,-0.8802665430638593,0.920565695814642,0.3787149326623014,0.943,0.923,0.39,True,999,0.0001235420349985361,0.009550375049002469,weak_10x10_bal_strong_1000,weak_null,False,1918,2587230331,-1.5543122344752192e-15,0,58
1000,1000,0.16599547516014423,0.15180220405297717,0.1233778735568194,0.12565037908967724,0.01419327110716706,-0.002272505532857849,0.02575601063183169,0.5510663631123713,-0.0882320466993935,0.5815881828046237,0.9296922470505273,0.642,0.577,0.913,True,999,0.00012966699432581663,0.009796250029467046,weak_10x10_bal_strong_1000,weak_null,False,1919,2587230331,-1.5543122344752192e-15,2,52
1000,1000,0.12842521623679604,0.10788228548067547,0.08581580725467575,0.08524981452683278,0.02054293075612057,0.0005659927278429677,0.022674656332839237,0.9059864217817788,0.024961468854690076,0.36494303936745354,0.9800856974244584,0.543,0.395,0.981,True,999,0.0001248749904334545,0.009709915961138904,weak_10x10_bal_strong_1000,weak_null,False,1920,2587230331,-1.5543122344752192e-15,1,56
1000,1000,0.13427284705036246,0.13160878528468378,0.09128389058378161,0.1072165679426007,0.0026640617656786825,-0.015932677358819092,0.024194500917259613,0.11011021780483278,-0.6585247372246149,0.9123219647979932,0.5102010068965066,0.932,0.913,0.495,True,999,0.0001323750475421548,0.009594209026545286,weak_10x10_bal_strong_1000,weak_null,False,1921,2587230331,-1.5543122344752192e-15,1,54
1000,1000,0.14187203904183265,0.1263149533360548,0.09742881842157658,0.10317411000789889,0.015557085705777851,-0.00574529158632231,0.024181208419736026,0.6433543533366427,-0.23759323713670005,0.5199941952133116,0.8121965963203949,0.621,0.524,0.828,True,999,0.00012762495316565037,0.009601540979929268,weak_10x10_bal_strong_1000,weak_null,False,1922,2587230331,-1.5543122344752192e-15,0,54
1000,1000,0.14900916977673084,0.15195882386486614,0.10663379127936423,0.12932026519138162,-0.0029496540881353006,-0.02268647391201739,0.024313959236920646,-0.1213152518433223,-0.9330637470827077,0.9034413400184339,0.35078705567699087,0.945,0.917,0.386,True,999,0.00011799996718764305,0.009635832975618541,weak_10x10_bal_strong_1000,weak_null,False,1923,2587230331,-1.5543122344752192e-15,2,55
1000,1000,0.1463892759347325,0.13804536015262558,0.10157217029245658,0.11080966646670731,0.008343915782106914,-0.009237496174250737,0.02512602326089905,0.33208262586828297,-0.36764656620477093,0.7398268689611253,0.7131367880745578,0.79,0.739,0.712,True,999,0.00012908305507153273,0.009700499940663576,weak_10x10_bal_strong_1000,weak_null,False,1924,2587230331,-1.5543122344752192e-15,0,51
1000,1000,0.14553718000320437,0.1519346335426478,0.1022729893415999,0.12901835561802955,-0.006397453539443432,-0.02674536627642965,0.02642690830995823,-0.24208104347313047,-1.0120505192183762,0.8087173665276086,0.31151389906436033,0.839,0.812,0.332,True,999,0.00012999994214624166,0.009778500068932772,weak_10x10_bal_strong_1000,weak_null,False,1925,2587230331,-1.5543122344752192e-15,0,55
1000,1000,0.16159003349216272,0.138283965840436,0.11655399649089304,0.11776680207526624,0.023306067651726714,-0.0012128055843732,0.02527756998883358,0.922005859820474,-0.04797951642143447,0.356525519125635,0.9617325673306816,0.471,0.359,0.977,True,999,0.00014587503392249346,0.009743208065629005,weak_10x10_bal_strong_1000,weak_null,False,1926,2587230331,-1.5543122344752192e-15,0,56
1000,1000,0.15078646689204955,0.11919515141531611,0.10879659607007852,0.09645358687771477,0.03159131547673344,0.012343009192363752,0.023986321386855653,1.3170554570341608,0.5145853335863181,0.18782003619160847,0.6068428160171946,0.298,0.176,0.59,True,999,0.00014100002590566874,0.009555083001032472,weak_10x10_bal_strong_1000,weak_null,False,1927,2587230331,-1.5543122344752192e-15,2,57
1000,1000,0.15305959095367472,0.140885650846714,0.10991610670544105,0.11776175567604241,0.012173940106960712,-0.00784564897060136,0.025170751871073094,0.48365420982721347,-0.31169704468056797,0.6286312953637223,0.7552707741516046,0.686,0.621,0.746,True,999,0.00012045796029269695,0.009523040964268148,weak_10x10_bal_strong_1000,weak_null,False,1928,2587230331,-1.5543122344752192e-15,1,56
1000,1000,0.16530446985309188,0.15209613294090152,0.1219890466572906,0.13056207813122,0.013208336912190366,-0.008573031473929404,0.02576039750653696,0.5127380860034717,-0.3327988813741679,0.6081345443374461,0.7392861026890244,0.672,0.614,0.736,True,999,0.00013129203580319881,0.009633542038500309,weak_10x10_bal_strong_1000,weak_null,False,1929,2587230331,-1.5543122344752192e-15,1,56
1000,1000,0.17227787759467095,0.13049709889305228,0.12711536751021413,0.10457108139746651,0.04178077870161867,0.022544286112747614,0.02419526439272415,1.7268163729668822,0.9317644042578428,0.08420064704457408,0.3514582941882345,0.174,0.088,0.366,True,999,0.0001307500060647726,0.009709083009511232,weak_10x10_bal_strong_1000,weak_null,False,1930,2587230331,-1.5543122344752192e-15,1,53
1000,1000,0.15679699912774847,0.13857163001317585,0.11311610309530806,0.11248113693363848,0.01822536911457262,0.0006349661616695812,0.024630592130900256,0.7399484761760162,0.025779573560190044,0.4593312584776872,0.9794331543718314,0.597,0.481,0.986,True,999,0.0001473750453442335,0.009633165900595486,weak_10x10_bal_strong_1000,weak_null,False,1931,2587230331,-1.5543122344752192e-15,1,51
1000,1000,0.13581288265789881,0.12936894466080373,0.09150450354673012,0.10171571413809488,0.006443937997095084,-0.010211210591364761,0.02390009048740095,0.26961981589534306,-0.4272456874900809,0.787452753868113,0.6692003874266474,0.836,0.799,0.7,True,999,0.0001272079534828663,0.00957458303309977,weak_10x10_bal_strong_1000,weak_null,False,1932,2587230331,-1.5543122344752192e-15,0,51
1000,1000,0.17479528024189062,0.11891471346268856,0.13006501344534627,0.09059648768345596,0.05588056677920206,0.039468525761890305,0.024638951111473895,2.267976689688691,1.601875241495591,0.02333062747476984,0.10918320040527545,0.077,0.021,0.113,True,999,0.0001319580478593707,0.009736749925650656,weak_10x10_bal_strong_1000,weak_null,False,1933,2587230331,-1.5543122344752192e-15,1,50
1000,1000,0.1612203050357892,0.13045773386378856,0.11591352786308562,0.10747759450885042,0.030762571172000652,0.008435933354235203,0.025337846880566034,1.2140957089607858,0.3329380508927738,0.22471117842106725,0.7391810459383089,0.316,0.225,0.747,True,999,0.00012808397877961397,0.009659791947342455,weak_10x10_bal_strong_1000,weak_null,False,1934,2587230331,-1.5543122344752192e-15,0,55
1000,1000,0.12118243569448905,0.11448619044532582,0.07653190682913191,0.08939114378722479,0.006696245249163235,-0.012859236958092879,0.023518725927994866,0.28471972800161527,-0.5467658833842798,0.7758588751895152,0.5845395845780403,0.822,0.785,0.603,True,999,0.00012850004713982344,0.009529875009320676,weak_10x10_bal_strong_1000,weak_null,False,1935,2587230331,-1.5543122344752192e-15,0,54
1000,1000,0.17295425298274925,0.1367551702903651,0.1295508811876971,0.11337315779439905,0.036199082692384144,0.016177723393298038,0.02503562942395413,1.4459026405682778,0.6461880034787209,0.14820451120689465,0.5181576077703651,0.219,0.139,0.52,True,999,0.00012404099106788635,0.009686916950158775,weak_10x10_bal_strong_1000,weak_null,False,1936,2587230331,-1.5543122344752192e-15,2,54
1000,1000,0.14082823891736096,0.13921224092359508,0.09637713383153823,0.12183197639308219,0.001615997993765883,-0.025454842561543956,0.025337477176034153,0.06377896199130668,-1.0046320864817913,0.9491462300459133,0.31507404097864755,0.956,0.942,0.322,True,999,0.00012604205403476954,0.009667208069004118,weak_10x10_bal_strong_1000,weak_null,False,1937,2587230331,-1.5543122344752192e-15,0,62
1000,1000,0.16142068537449816,0.17106865862172727,0.11641273487339276,0.14886210742326966,-0.009647973247229102,-0.0324493725498769,0.025775287716121163,-0.3743109816459885,-1.2589334756322206,0.708172962790429,0.20805436127819,0.743,0.706,0.22,True,999,0.0001283339224755764,0.00966454204171896,weak_10x10_bal_strong_1000,weak_null,False,1938,2587230331,-1.5543122344752192e-15,0,56
1000,1000,0.14674439436310482,0.12696602297269355,0.10374439997349327,0.09639113616640316,0.019778371390411276,0.007353263807090116,0.023780841083584678,0.8316935183618797,0.3092095767868316,0.40558196014412273,0.7571621094150948,0.544,0.414,0.77,True,999,0.00012229196727275848,0.00955045793671161,weak_10x10_bal_strong_1000,weak_null,False,1939,2587230331,-1.5543122344752192e-15,1,47
1000,1000,0.1648958714424107,0.1456869003278295,0.12230132654030967,0.11435586787615648,0.019208971114581197,0.007945458664153193,0.024912028793557348,0.7710721304058924,0.3189406503178102,0.44066417873688035,0.7497715182673594,0.553,0.478,0.759,True,999,0.00011870800517499447,0.009545875014737248,weak_10x10_bal_strong_1000,weak_null,False,1940,2587230331,-1.5543122344752192e-15,2,47
1000,1000,0.11726122231804359,0.14254313874762303,0.07335686669466668,0.12099713519432953,-0.025281916429579443,-0.04764026849966285,0.023948408186110222,-1.055682541950435,-1.9892874770396478,0.2911132758033509,0.04666948113150022,0.417,0.308,0.057,True,999,0.00012883392628282309,0.009447666932828724,weak_10x10_bal_strong_1000,weak_null,False,1941,2587230331,-1.5543122344752192e-15,0,56
1000,1000,0.1268541886449861,0.1148943336742092,0.08258294219876916,0.09553817035703105,0.011959854970776895,-0.012955228158261889,0.023581515055613848,0.5071707624625126,-0.5493806537751589,0.6120350077098243,0.5827442478739815,0.699,0.618,0.596,True,999,0.00012720806989818811,0.009572874987497926,weak_10x10_bal_strong_1000,weak_null,False,1942,2587230331,-1.5543122344752192e-15,0,59
1000,1000,0.13870874843381253,0.1348364410415855,0.09656915294317514,0.11087490172366188,0.003872307392227048,-0.014305748780486738,0.024420797950986835,0.15856596496145897,-0.5858018566468934,0.8740108454976314,0.5580086759155087,0.906,0.865,0.533,True,999,0.00012612505815923214,0.009589582914486527,weak_10x10_bal_strong_1000,weak_null,False,1943,2587230331,-1.5543122344752192e-15,3,56
1000,1000,0.18016845792289526,0.11564833128533969,0.1385767824499453,0.0952365483842641,0.06452012663755557,0.043340234065681216,0.024366482404004398,2.6479048377927668,1.778682427241064,0.008099232042642873,0.07529184178354478,0.039,0.007,0.082,True,999,0.0001302079763263464,0.009660665993578732,weak_10x10_bal_strong_1000,weak_null,False,1944,2587230331,-1.5543122344752192e-15,4,58
1000,1000,0.15972520308269722,0.14107443823452726,0.11651261902989063,0.10898146391684804,0.018650764848169965,0.007531155113042587,0.025141547911697457,0.741830412100141,0.2995501764447292,0.4581900919712957,0.7645202932088827,0.55,0.469,0.762,True,999,0.00013316702097654343,0.009874791954644024,weak_10x10_bal_strong_1000,weak_null,False,1945,2587230331,-1.5543122344752192e-15,1,45
1000,1000,0.1235504909301004,0.11927518061164744,0.07950191267218543,0.09961236614651625,0.004275310318452963,-0.020110453474330825,0.023595749611172365,0.1811898493968017,-0.8522913577964362,0.8562185617447642,0.3940524014645339,0.887,0.858,0.381,True,999,0.00016279099509119987,0.009632583009079099,weak_10x10_bal_strong_1000,weak_null,False,1946,2587230331,-1.5543122344752192e-15,0,58
1000,1000,0.16430084842672343,0.14501396371143432,0.12112752172151886,0.12031480872428801,0.01928688471528911,0.0008127129972308467,0.026172542538826716,0.7369129188223575,0.031052122506829236,0.46117530725184386,0.9752279719421753,0.557,0.469,0.981,True,999,0.00012949993833899498,0.009615249931812286,weak_10x10_bal_strong_1000,weak_null,False,1947,2587230331,-1.5543122344752192e-15,1,54
1000,1000,0.14803784702502787,0.11855750787311203,0.10547441741300645,0.09645141931190437,0.029480339151915835,0.009022998101102075,0.02429790433281813,1.213287316803615,0.3713488199439119,0.22501999033531916,0.7103777402350493,0.342,0.213,0.708,True,999,0.00012924999464303255,0.009687834070064127,weak_10x10_bal_strong_1000,weak_null,False,1948,2587230331,-1.5543122344752192e-15,1,57
1000,1000,0.16235582600745557,0.11426538653904184,0.1197356258662694,0.0967641714456704,0.04809043946841374,0.022971454420599002,0.024445831457744698,1.9672245368924925,0.9396879979437722,0.04915733044348441,0.3473776232876893,0.131,0.058,0.383,True,999,0.00012566696386784315,0.009815374971367419,weak_10x10_bal_strong_1000,weak_null,False,1949,2587230331,-1.5543122344752192e-15,2,62
1000,1000,0.14026567450902583,0.13398126826758638,0.09634518789380309,0.107818219651449,0.006284406241439444,-0.011473031757645913,0.024394461733183357,0.25761610607258767,-0.4703129703427459,0.7967031983282238,0.6381314321484851,0.845,0.795,0.64,True,999,0.00013029191177338362,0.009593166992999613,weak_10x10_bal_strong_1000,weak_null,False,1950,2587230331,-1.5543122344752192e-15,1,52
1000,1000,0.12894161791905034,0.14600580557793752,0.08703742136685833,0.12085750666369677,-0.017064187658887175,-0.03382008529683844,0.02431628075922419,-0.7017597727158176,-1.3908412076550423,0.4828289897218909,0.1642735842057662,0.623,0.517,0.152,True,999,0.0001272499794140458,0.009659208939410746,weak_10x10_bal_strong_1000,weak_null,False,1951,2587230331,-1.5543122344752192e-15,2,52
1000,1000,0.1256005509786844,0.13437093112064702,0.08312307306641742,0.10693372991522665,-0.00877038014196263,-0.02381065684880923,0.024087640219565616,-0.3641029200875697,-0.9885010167774176,0.7157811563619165,0.32290733672927685,0.79,0.724,0.34,True,999,0.0001278329873457551,0.009577875025570393,weak_10x10_bal_strong_1000,weak_null,False,1952,2587230331,-1.5543122344752192e-15,1,50
1000,1000,0.12288244628262435,0.13224457087841002,0.07987602649427572,0.10910519855076473,-0.00936212459578567,-0.029229172056489006,0.024106981759129564,-0.38835739327840724,-1.212477461863081,0.697751569880293,0.22532966490192274,0.782,0.721,0.255,True,999,0.0001261249417439103,0.009573957999236882,weak_10x10_bal_strong_1000,weak_null,False,1953,2587230331,-1.5543122344752192e-15,1,54
1000,1000,0.15202806986281425,0.15189293155279882,0.10880103286808662,0.1305186368229556,0.00013513831001543686,-0.02171760395486899,0.02623549130056016,0.005150973102323854,-0.8277948259503451,0.9958901362627293,0.4077867054005696,0.997,0.995,0.406,True,999,0.00013095897156745195,0.009771959041245282,weak_10x10_bal_strong_1000,weak_null,False,1954,2587230331,-1.5543122344752192e-15,1,57
1000,1000,0.13995948058636332,0.118985507631723,0.09693014874846995,0.09676380718030941,0.02097397295464032,0.00016634156816053292,0.022993280047261755,0.9121783804454678,0.007234355769104041,0.3616748228632096,0.9942278695727974,0.506,0.372,0.993,True,999,0.0001242499565705657,0.009782625013031065,weak_10x10_bal_strong_1000,weak_null,False,1955,2587230331,-1.5543122344752192e-15,1,58
1000,1000,0.13557049555421896,0.1456950102828748,0.09237622027467296,0.11796633068286155,-0.010124514728655831,-0.025590110408188593,0.025161616070464635,-0.4023793503685263,-1.017029682693034,0.6874048647354318,0.30913930911580645,0.768,0.709,0.316,True,999,0.00012258300557732582,0.009639916010200977,weak_10x10_bal_strong_1000,weak_null,False,1956,2587230331,-1.5543122344752192e-15,0,50
1000,1000,0.1609602486303876,0.14913608698341252,0.11569889780867015,0.13023717527630652,0.011824161646975084,-0.014538277467636362,0.02549356654691691,0.4638096291946664,-0.5702724034662213,0.6427841438363084,0.568492955161026,0.729,0.654,0.59,True,999,0.0001277499832212925,0.009694666019640863,weak_10x10_bal_strong_1000,weak_null,False,1957,2587230331,-1.5543122344752192e-15,0,60
1000,1000,0.11719574951035971,0.16801518369812096,0.07367993604066214,0.14613852502463942,-0.05081943418776125,-0.07245858898397728,0.025770194765975078,-1.9720236749960152,-2.811720657992304,0.04860690392257607,0.004927727821654502,0.136,0.065,0.008,True,999,0.00012550002429634333,0.009604416904039681,weak_10x10_bal_strong_1000,weak_null,False,1958,2587230331,-1.5543122344752192e-15,0,55
1000,1000,0.13067596959333194,0.1463787840997275,0.08791872252686517,0.11227868502555793,-0.015702814506395546,-0.024359962498692767,0.024311797703265966,-0.6458927759293621,-1.0019811285045503,0.5183487983950678,0.31635270736674415,0.606,0.512,0.314,True,999,0.00012762495316565037,0.009656750014983118,weak_10x10_bal_strong_1000,weak_null,False,1959,2587230331,-1.5543122344752192e-15,2,43
1000,1000,0.1329377037529791,0.13688351361263884,0.08897980348820056,0.1147849955244169,-0.003945809859659755,-0.02580519203621634,0.024667851118579602,-0.15995758368623386,-1.046106201637487,0.8729144872185184,0.29551200227860785,0.904,0.878,0.297,True,999,0.0001272499794140458,0.009613792062737048,weak_10x10_bal_strong_1000,weak_null,False,1960,2587230331,-1.5543122344752192e-15,0,56
1000,1000,0.13870493684931473,0.1235067413495049,0.09402388903390602,0.0998433620417245,0.01519819549980983,-0.0058194730078184875,0.023740281551177512,0.6401859837696829,-0.24513074940890256,0.5220516939717131,0.8063551945202037,0.633,0.537,0.812,True,999,0.00013149995356798172,0.009668749989941716,weak_10x10_bal_strong_1000,weak_null,False,1961,2587230331,-1.5543122344752192e-15,0,55
1000,1000,0.14264412654039837,0.12255889778209172,0.0996834140687497,0.09762302525166433,0.02008522875830665,0.002060388817085368,0.02375757837610119,0.8454240764922102,0.0867255401399835,0.39787410654711175,0.9308896748041943,0.528,0.417,0.925,True,999,0.00012637500185519457,0.009837124962359667,weak_10x10_bal_strong_1000,weak_null,False,1962,2587230331,-1.5543122344752192e-15,1,53
1000,1000,0.12856018169767713,0.13366142574585627,0.08488200206784313,0.10751917116874665,-0.005101244048179132,-0.02263716910090352,0.024401968227346714,-0.20905051595232746,-0.927678000807106,0.8344088036839128,0.3535746232794985,0.876,0.846,0.354,True,999,0.00014349992852658033,0.009583125007338822,weak_10x10_bal_strong_1000,weak_null,False,1963,2587230331,-1.5543122344752192e-15,0,53
1000,1000,0.15401020222826167,0.11100942874161934,0.11030268389049525,0.08257303812968075,0.04300077348664233,0.027729645760814492,0.02401186101697253,1.7908138588778142,1.1548311786918175,0.07332317053642964,0.24815956653683602,0.197,0.084,0.283,True,999,0.00013616704382002354,0.009698334033600986,weak_10x10_bal_strong_1000,weak_null,False,1964,2587230331,-1.5543122344752192e-15,0,52
1000,1000,0.14731580763779117,0.11775476168942822,0.10401839237556487,0.09252834359335793,0.029561045948362952,0.01149004878220694,0.024701834522229852,1.1967145971186943,0.4651496135587312,0.2314178155222989,0.6418243186660026,0.353,0.24,0.628,True,999,0.0001354999840259552,0.009729666984640062,weak_10x10_bal_strong_1000,weak_null,False,1965,2587230331,-1.5543122344752192e-15,1,54
1000,1000,0.14750352868241423,0.10850182601989966,0.10355837945689927,0.0886722019548074,0.03900170266251457,0.014886177502091869,0.023242455012487208,1.6780371368498108,0.6404735426655291,0.0933398494221175,0.5218647843419277,0.198,0.1,0.525,True,999,0.0001295000547543168,0.009649457992054522,weak_10x10_bal_strong_1000,weak_null,False,1966,2587230331,-1.5543122344752192e-15,1,60
1000,1000,0.16458662216365427,0.11540173614128868,0.1192158220183046,0.09259327298701692,0.04918488602236559,0.02662254903128769,0.02377581137798979,2.068694322999971,1.1197325133531821,0.0385747802784603,0.26282776546332565,0.13,0.039,0.292,True,999,0.00013283290900290012,0.009725250070914626,weak_10x10_bal_strong_1000,weak_null,False,1967,2587230331,-1.5543122344752192e-15,0,55
1000,1000,0.1579142566062095,0.1407660408511432,0.11441351870780636,0.10957329114614822,0.01714821575506631,0.004840227561658139,0.024602619270064543,0.6970077277882178,0.196736270578618,0.4857979576340469,0.8440339249318862,0.571,0.479,0.842,True,999,0.00013950001448392868,0.009660292067565024,weak_10x10_bal_strong_1000,weak_null,False,1968,2587230331,-1.5543122344752192e-15,1,47
1000,1000,0.1448029466936811,0.14513808016077567,0.10075461176620593,0.12220338493443705,-0.0003351334670945727,-0.021448773168231128,0.025065981109239924,-0.013370051849717322,-0.8556925449977537,0.9893325598684767,0.39216786489704014,0.993,0.988,0.37,True,999,0.0001283750170841813,0.009635834023356438,weak_10x10_bal_strong_1000,weak_null,False,1969,2587230331,-1.5543122344752192e-15,0,55
1000,1000,0.15029912197122242,0.10732565073176736,0.10748877341757179,0.08378460701590029,0.04297347123945505,0.0237041664016715,0.02317063905721773,1.8546519642093633,1.0230260090425765,0.06364594245073255,0.3062955485719878,0.179,0.064,0.299,True,999,0.00012966606300324202,0.00973908300511539,weak_10x10_bal_strong_1000,weak_null,False,1970,2587230331,-1.5543122344752192e-15,2,56
1000,1000,0.1584962579003557,0.1540077121246165,0.11400339347846966,0.12550043902035668,0.0044885457757392055,-0.011497045541887019,0.026011608594291705,0.17255933094134843,-0.4419967146672377,0.8629978214623464,0.6584915832982147,0.893,0.874,0.684,True,999,0.00012912496458739042,0.009609083062969148,weak_10x10_bal_strong_1000,weak_null,False,1971,2587230331,-1.5543122344752192e-15,0,49
1000,1000,0.14007442996739528,0.12012908166114566,0.0951969395823653,0.09238342015646595,0.01994534830624961,0.002813519425899358,0.023473187683387884,0.8497076994943066,0.11986098623880141,0.3954876166786011,0.90459327007694,0.535,0.41,0.897,True,999,0.00012995803263038397,0.009671916952356696,weak_10x10_bal_strong_1000,weak_null,False,1972,2587230331,-1.5543122344752192e-15,0,50
1000,1000,0.1501353347675547,0.10544489596617901,0.10675621490145204,0.07970900369451783,0.04469043880137569,0.027047211206934207,0.02363934017255339,1.8905112611080326,1.144161004897148,0.05868961593323437,0.2525568717095471,0.172,0.062,0.265,True,999,0.00012112502008676529,0.009668834041804075,weak_10x10_bal_strong_1000,weak_null,False,1973,2587230331,-1.5543122344752192e-15,1,55
1000,1000,0.1701944855719657,0.12850507242015463,0.12647518665244206,0.10204017670639587,0.04168941315181107,0.024435009946046193,0.024605534341753464,1.6943104170295438,0.9930696731337427,0.09020631212958202,0.3206760019118101,0.173,0.088,0.306,True,999,0.000128875020891428,0.00966824998613447,weak_10x10_bal_strong_1000,weak_null,False,1974,2587230331,-1.5543122344752192e-15,1,52
1000,1000,0.14661896346751657,0.12037346048907305,0.10212634554773103,0.09561458834696168,0.026245502978443525,0.0065117572007693525,0.02428831375057675,1.0805815194898123,0.26810248202655584,0.27988330679419726,0.7886204353702542,0.392,0.274,0.785,True,999,0.00012629199773073196,0.009643582976423204,weak_10x10_bal_strong_1000,weak_null,False,1975,2587230331,-1.5543122344752192e-15,0,54
1000,1000,0.14222055461771932,0.1444706028920708,0.09775173252455716,0.12046979344262354,-0.0022500482743514905,-0.022718060918066385,0.02441334848539537,-0.09216467276897805,-0.930558990367784,0.9265672055915639,0.35208173625848105,0.94,0.928,0.349,True,999,0.0001296249683946371,0.009607042069546878,weak_10x10_bal_strong_1000,weak_null,False,1976,2587230331,-1.5543122344752192e-15,0,55
1000,1000,0.1379148529990748,0.15402443731830995,0.09444952491821823,0.13421781993781678,-0.01610958431923515,-0.039768295019598554,0.025884663408387,-0.6223602009062793,-1.5363651592515226,0.5337050441753984,0.12444884676525446,0.613,0.549,0.146,True,999,0.0001324999611824751,0.009647583938203752,weak_10x10_bal_strong_1000,weak_null,False,1977,2587230331,-1.5543122344752192e-15,1,58
1000,1000,0.14791746300099362,0.11980291788352182,0.1029892512024162,0.0945833460425547,0.0281145451174718,0.008405905159861504,0.023960660484469067,1.1733626932235537,0.35082109549150714,0.24065039112217124,0.7257225699405138,0.36,0.248,0.73,True,999,0.00012783391866832972,0.009653666988015175,weak_10x10_bal_strong_1000,weak_null,False,1978,2587230331,-1.5543122344752192e-15,0,54
1000,1000,0.14442417234758587,0.1331377690795441,0.10115508461785794,0.1099077496874088,0.011286403268041756,-0.008752665069550858,0.025069794357663773,0.4501992759502445,-0.3491319052992228,0.652566758313115,0.7269902848621663,0.709,0.633,0.717,True,999,0.00012691703159362078,0.009626624989323318,weak_10x10_bal_strong_1000,weak_null,False,1979,2587230331,-1.5543122344752192e-15,1,55
1000,1000,0.16320634581698412,0.13435153456977544,0.12010773648717077,0.11347129559339919,0.028854811247208678,0.006636440893771578,0.02531181413914853,1.1399740488209562,0.2621874851517388,0.2542971129510363,0.7931769014017128,0.376,0.254,0.797,True,999,0.00013229204341769218,0.009693332947790623,weak_10x10_bal_strong_1000,weak_null,False,1980,2587230331,-1.5543122344752192e-15,1,56
1000,1000,0.15020311944371123,0.08328747288970012,0.1068748925795262,0.06359332441485321,0.06691564655401111,0.04328156816467299,0.022162021027113826,3.0193837679399396,1.952961244451521,0.002532894621437605,0.050824187651900145,0.035,0.005,0.053,True,999,0.00012824998702853918,0.009725917014293373,weak_10x10_bal_strong_1000,weak_null,False,1981,2587230331,-1.5543122344752192e-15,2,60
1000,1000,0.1289561401064101,0.14061464002256063,0.08660260564192868,0.11511393466446407,-0.011658499916150533,-0.028511329022535392,0.02399612503358286,-0.485849273573726,-1.1881638799028365,0.627074036003263,0.23476885110835455,0.695,0.621,0.243,True,999,0.0001278329873457551,0.009631500113755465,weak_10x10_bal_strong_1000,weak_null,False,1982,2587230331,-1.5543122344752192e-15,2,51
1000,1000,0.12446254789496036,0.1664293413498984,0.08148975794529179,0.13892093023400776,-0.041966793454938034,-0.05743117228871597,0.025171143732696105,-1.667258107164403,-2.281627442066355,0.09546309291195186,0.02251134513678589,0.19,0.105,0.019,True,999,0.00013116607442498207,0.009667833102867007,weak_10x10_bal_strong_1000,weak_null,False,1983,2587230331,-1.5543122344752192e-15,0,52
1000,1000,0.12985664647542006,0.15976199934806978,0.08547682320931926,0.1305109632805852,-0.029905352872649726,-0.04503414007126594,0.024882298220484798,-1.201872616735604,-1.8098866781602503,0.22941288528441373,0.07031336244357424,0.328,0.229,0.072,True,999,0.00012245809193700552,0.009460458997637033,weak_10x10_bal_strong_1000,weak_null,False,1984,2587230331,-1.5543122344752192e-15,0,47
1000,1000,0.12278004049722924,0.14422641341528386,0.07957242634938666,0.12025792735028062,-0.021446372918054624,-0.040685501000893964,0.023908455484526456,-0.8970204257625386,-1.7017201728997344,0.3697080177969001,0.08880783696143303,0.489,0.368,0.105,True,999,0.00012866698671132326,0.009507625014521182,weak_10x10_bal_strong_1000,weak_null,False,1985,2587230331,-1.5543122344752192e-15,1,54
1000,1000,0.1415697571409935,0.15653873754731984,0.0966885038401415,0.1237199490377634,-0.014968980406326327,-0.027031445197621906,0.024857165351817402,-0.6021998162084031,-1.0874709491219414,0.5470411380134809,0.2768287306083842,0.621,0.532,0.3,True,999,0.00012816698290407658,0.009598375065252185,weak_10x10_bal_strong_1000,weak_null,False,1986,2587230331,-1.5543122344752192e-15,0,45
1000,1000,0.13616435578249497,0.12219229788733887,0.0924462611974377,0.09620843831902448,0.013972057895156098,-0.003762177121586774,0.024685396139729462,0.5660050102525608,-0.15240497257128502,0.5713903745953113,0.8788675353493463,0.643,0.551,0.858,True,999,0.0001200829865410924,0.00958991702646017,weak_10x10_bal_strong_1000,weak_null,False,1987,2587230331,-1.5543122344752192e-15,0,54
1000,1000,0.15060674228387105,0.16715008363854844,0.1058122947611082,0.14018389675948129,-0.016543341354677388,-0.03437160199837308,0.02584573186625803,-0.6400802051295346,-1.3298753610937863,0.5221204574020527,0.18355934066025814,0.603,0.532,0.202,True,999,0.00015991705004125834,0.0096160409739241,weak_10x10_bal_strong_1000,weak_null,False,1988,2587230331,-1.5543122344752192e-15,0,51
1000,1000,0.1587947825631324,0.1483055556123235,0.11574093434137467,0.12454521551899234,0.010489226950808894,-0.008804281177617668,0.0253467161910809,0.4138298181008506,-0.3473539180083514,0.6789987448573587,0.7283254486314208,0.751,0.691,0.739,True,999,0.0001290410291403532,0.00978466693777591,weak_10x10_bal_strong_1000,weak_null,False,1989,2587230331,-1.5543122344752192e-15,2,54
1000,1000,0.17563713600962716,0.11607929484671098,0.13279194819142504,0.0918984179685367,0.05955784116291618,0.04089353022288833,0.02417466719592078,2.4636467869541523,1.6915860678234562,0.013753156817384928,0.09072492474763276,0.066,0.021,0.101,True,999,0.00013062497600913048,0.009749999968335032,weak_10x10_bal_strong_1000,weak_null,False,1990,2587230331,-1.5543122344752192e-15,3,53
1000,1000,0.1365461106384509,0.12599695291866242,0.09262248439517862,0.10457329343239508,0.010549157719788482,-0.011950809037216459,0.024314751639981598,0.433858337357727,-0.49150446667797026,0.6643913155586645,0.6230696937011567,0.72,0.646,0.603,True,999,0.0001408749958500266,0.009554542019031942,weak_10x10_bal_strong_1000,weak_null,False,1991,2587230331,-1.5543122344752192e-15,0,56
1000,1000,0.12073006159600563,0.1538955521065603,0.07827784415985661,0.12570679564748843,-0.033165490510554674,-0.04742895148763182,0.024947225875994083,-1.3294259921087563,-1.9011713656415474,0.18370746729323117,0.05727957037778439,0.302,0.199,0.062,True,999,0.000124832964502275,0.009491333970800042,weak_10x10_bal_strong_1000,weak_null,False,1992,2587230331,-1.5543122344752192e-15,1,51
1000,1000,0.14520178677004658,0.13349525807242374,0.1005333110074389,0.1202855217876504,0.011706528697622842,-0.0197522107802115,0.024745858093997878,0.4730702266680446,-0.7982027014453141,0.6361630774422906,0.42475287001100603,0.708,0.633,0.423,True,999,0.00012725009582936764,0.009760500048287213,weak_10x10_bal_strong_1000,weak_null,False,1993,2587230331,-1.5543122344752192e-15,0,65
1000,1000,0.16104510493770174,0.12997740410971637,0.11922444169385926,0.10854189826693528,0.03106770082798538,0.010682543426923985,0.024206724846417078,1.2834326421727316,0.4413047818199638,0.199340543961808,0.6589923647835787,0.331,0.213,0.688,True,999,0.0001272079534828663,0.009731375030241907,weak_10x10_bal_strong_1000,weak_null,False,1994,2587230331,-1.5543122344752192e-15,3,54
1000,1000,0.1277556699387632,0.102672052815448,0.08413628151629382,0.07574300362745134,0.025083617123315194,0.008393277888842476,0.023030487594659137,1.0891483308904057,0.3644420403321774,0.27608847975613837,0.7155279471246688,0.443,0.282,0.721,True,999,0.0001271250657737255,0.009651832981035113,weak_10x10_bal_strong_1000,weak_null,False,1995,2587230331,-1.5543122344752192e-15,0,53
1000,1000,0.1498217823517689,0.12065412223943672,0.10568654647977382,0.09894948333521825,0.029167660112332183,0.006737063144555577,0.02384121957170566,1.2234130902828415,0.28258047472332354,0.22117371163121557,0.7774984494564051,0.389,0.234,0.797,True,999,0.00013045803643763065,0.0097097079269588,weak_10x10_bal_strong_1000,weak_null,False,1996,2587230331,-1.5543122344752192e-15,0,56
1000,1000,0.11211902649031247,0.13011656952492723,0.06827651481717112,0.10201986972310806,-0.01799754303461476,-0.03374335490593694,0.023431997683193238,-0.7680754871157922,-1.4400545511379763,0.4424423391073734,0.14985196607066653,0.541,0.432,0.143,True,999,0.0001254579983651638,0.00952716707251966,weak_10x10_bal_strong_1000,weak_null,False,1997,2587230331,-1.5543122344752192e-15,0,49
1000,1000,0.14189288083463714,0.14033100722778102,0.09820167084944842,0.1202740684479977,0.0015618736068561123,-0.022072397598549287,0.024953025416703606,0.06259255464111342,-0.8845579736304833,0.9500909583290664,0.3763950817459294,0.959,0.949,0.39,True,999,0.00012491701636463404,0.00962004205211997,weak_10x10_bal_strong_1000,weak_null,False,1998,2587230331,-1.5543122344752192e-15,0,59
1000,1000,0.14433286661747236,0.14003027960647163,0.10085486956995737,0.1236571623509235,0.004302587011000725,-0.022802292780966127,0.02434499259639002,0.17673396259889315,-0.9366317402104015,0.8597173624794536,0.34894801931668407,0.894,0.862,0.334,True,999,0.0001300830626860261,0.009625000064261258,weak_10x10_bal_strong_1000,weak_null,False,1999,2587230331,-1.5543122344752192e-15,1,62
500,500,0.0023404106265494384,0.0010320809782751739,0.0013342454269604787,-2.1574654454070696e-05,0.0013083296482742646,0.0013558200814145493,0.0037219073270954688,0.3515212855380978,0.36428098882102333,0.7251973065566988,0.7156481947605349,0.933,0.739,0.727,True,999,0.00013866694644093513,0.0008565409807488322,near_2x2_bal_strong_500,near_boundary,False,0,2065082011,9.992007221626409e-16,0,0
500,500,7.555412819060248e-05,0.007945302923237252,-0.0009304863563670551,0.006909340510361517,-0.00786974879504665,-0.007839826866728572,0.006220218423795051,-1.2651884964266569,-1.260378065943442,0.2058037651750022,0.20753301033694493,0.57,0.206,0.206,True,999,0.00012337497901171446,0.0009068750077858567,near_2x2_bal_strong_500,near_boundary,False,1,2065082011,9.992007221626409e-16,0,0
500,500,0.0017952547679054298,0.0008687126851277815,0.0007891747253552239,-0.0001779777827550788,0.0009265420827776483,0.0009671525081103027,0.0033030320060207933,0.2805125960295692,0.29280748910315413,0.7790842630021432,0.7696693035505254,0.942,0.752,0.739,True,999,0.00011854199692606926,0.0008734589209780097,near_2x2_bal_strong_500,near_boundary,False,2,2065082011,9.992007221626409e-16,0,0
500,500,0.004101798469973272,0.006359455259472679,0.003095627169727777,0.005316217538165802,-0.002257656789499407,-0.0022205903684380246,0.006881269831195386,-0.3280872346067,-0.3227006675964446,0.742845705594248,0.7469219465052546,0.887,0.722,0.724,True,999,0.00011783302761614323,0.0009152909042313695,near_2x2_bal_strong_500,near_boundary,False,3,2065082011,9.992007221626409e-16,0,0
500,500,0.00012279856989938498,0.0053445328482041865,-0.0008832442482002989,0.004305937550384442,-0.0052217342783048015,-0.005189181798584741,0.0050700464914742805,-1.029918421277911,-1.0234978727139479,0.30304830248342274,0.3060725051968274,0.677,0.305,0.306,True,999,0.0001169170718640089,0.0008612499805167317,near_2x2_bal_strong_500,near_boundary,False,4,2065082011,9.992007221626409e-16,0,0
500,500,0.000785557480340926,0.0026427597117514856,-0.00022049851230576678,0.001600712203241983,-0.0018572022314105596,-0.0018212107155477497,0.003883830289058812,-0.47818830720860994,-0.4689212916121247,0.632516184058779,0.639125896723629,0.896,0.629,0.63,True,999,0.0001556669594720006,0.0008772080764174461,near_2x2_bal_strong_500,near_boundary,False,5,2065082011,9.992007221626409e-16,0,0
500,500,0.0029464136120118667,2.636444920028902e-05,0.0019403030436251356,-0.0010495448161123022,0.0029200491628115777,0.002989847859737438,0.0034434430964508547,0.8480027347689476,0.8682727653664625,0.396436447701077,0.38524502778913017,0.85,0.38,0.372,True,999,0.0001205001026391983,0.0008231669198721647,near_2x2_bal_strong_500,near_boundary,False,6,2065082011,9.992007221626409e-16,0,0
500,500,0.003524161177888896,0.008012419036539264,0.002518032727152786,0.006979494039455858,-0.0044882578586503685,-0.004461461312303072,0.00723122102212352,-0.6206777313151945,-0.6169720575063987,0.5348116841460637,0.5372531564882739,0.788,0.533,0.534,True,999,0.00011037499643862247,0.0008319159969687462,near_2x2_bal_strong_500,near_boundary,False,7,2065082011,9.992007221626409e-16,0,0
500,500,6.493461841838855e-05,0.00025847593769678934,-0.0009411985572000958,-0.0008176962712127533,-0.0001935413192784008,-0.00012350228598734247,0.0011631558478598027,-0.166393282236869,-0.10617862276545803,0.8678474602613648,0.9154406316172632,0.992,0.882,0.925,True,999,0.0001194169744849205,0.0008441249374300241,near_2x2_bal_strong_500,near_boundary,False,8,2065082011,9.992007221626409e-16,0,0
500,500,0.002431729596797383,0.004706104463942762,0.001425606187581252,0.0036632513417771406,-0.002274374867145379,-0.0022376451541958886,0.005651586057438248,-0.4024312545240279,-0.39593224476354677,0.687366672108376,0.6921550128649385,0.873,0.676,0.685,True,999,0.00011658307630568743,0.0008866660064086318,near_2x2_bal_strong_500,near_boundary,False,9,2065082011,9.992007221626409e-16,0,0
500,500,0.0039105229089263505,4.7653041931883244e-05,0.0029043957979979496,-0.0010493429337543603,0.003862869866994467,0.00395373873175231,0.003970611730795592,0.9728651726469522,0.9957505290904126,0.3306203163185417,0.31937137246745606,0.791,0.329,0.317,True,999,0.00011604197788983583,0.00087079091463238,near_2x2_bal_strong_500,near_boundary,False,10,2065082011,9.992007221626409e-16,0,0
500,500,0.004143164977907787,0.0020699060874791453,0.003136984334105364,0.0010063360114145325,0.002073258890428642,0.0021306483226908313,0.00510741137007219,0.4059314474994674,0.4171679483614252,0.6847929708509376,0.6765555673474803,0.902,0.692,0.687,True,999,0.00011520902626216412,0.0008934170473366976,near_2x2_bal_strong_500,near_boundary,False,11,2065082011,9.992007221626409e-16,0,0
500,500,0.006697643183268487,0.0005064546022150451,0.005691457211753459,-0.000540048522395864,0.006191188581053442,0.006231505734149323,0.005362330315229155,1.1545705350284574,1.162089123165667,0.24826633854687452,0.24519926511203893,0.685,0.24,0.238,True,999,0.0001271669752895832,0.0008327920222654939,near_2x2_bal_strong_500,near_boundary,False,12,2065082011,9.992007221626409e-16,0,0
500,500,0.0004948929074251041,0.003273058083945124,-0.0005111595453399786,0.0022384784312521333,-0.00277816517652002,-0.002749637976592112,0.00408466992302983,-0.680144351654074,-0.6731603846590744,0.49641306397346097,0.5008452610917571,0.846,0.497,0.497,True,999,0.00011195894330739975,0.0008319580228999257,near_2x2_bal_strong_500,near_boundary,False,13,2065082011,9.992007221626409e-16,0,0
500,500,0.00100591869323996,0.001401733632895752,-1.5396284425150952e-07,0.0003548521918617098,-0.00039581493965579195,-0.0003550061547059613,0.003191962502681124,-0.12400363078304423,-0.11121877353125859,0.9013124003047159,0.9114428648645099,0.988,0.909,0.92,True,999,0.00011354195885360241,0.0008583340095356107,near_2x2_bal_strong_500,near_boundary,False,14,2065082011,9.992007221626409e-16,0,0
500,500,0.005965070966171382,0.0029454726526081942,0.004958879428443197,0.0018910117653092584,0.0030195983135631876,0.0030678676631339385,0.006124878151216373,0.4930054507228865,0.500886317636323,0.622008735962732,0.6164511323807673,0.868,0.627,0.62,True,999,0.0001152500044554472,0.0008542500436306,near_2x2_bal_strong_500,near_boundary,False,15,2065082011,9.992007221626409e-16,0,0
500,500,0.000845190035343113,0.0029907363956239164,-0.00016091649547433917,0.0019485919009980535,-0.0021455463602808034,-0.0021095083964723926,0.004124599203018933,-0.5201829934676818,-0.5114456684490393,0.6029360374560229,0.6090390235907042,0.873,0.6,0.603,True,999,0.00011433300096541643,0.0008595830295234919,near_2x2_bal_strong_500,near_boundary,False,16,2065082011,9.992007221626409e-16,0,0
500,500,0.0011567770247873366,0.0007247172324687523,0.00015071555327494934,-0.0003381752256075288,0.00043205979231858427,0.0004888907788824781,0.0027881876198324646,0.15496080294070946,0.1753435727943783,0.876852218687597,0.8608096759402766,0.959,0.875,0.875,True,999,0.00011745793744921684,0.0008598329732194543,near_2x2_bal_strong_500,near_boundary,False,17,2065082011,9.992007221626409e-16,0,0
500,500,0.00500036682502325,0.002162334764923335,0.003994211780081969,0.0011280695363780069,0.0028380320600999154,0.002866142243703962,0.005421552251392969,0.523472232398154,0.5286571282177643,0.6006456694627771,0.5970433225181562,0.86,0.594,0.588,True,999,0.0001214159419760108,0.0008800829527899623,near_2x2_bal_strong_500,near_boundary,False,18,2065082011,9.992007221626409e-16,0,0
500,500,0.002068143062885719,0.0019801432108765282,0.0010620555919444996,0.0009330258694433269,8.79998520091907e-05,0.00012902972250117273,0.004140087909885547,0.021255551554610216,0.031165937851966957,0.9830418005409417,0.9751372043673323,0.995,0.983,0.972,True,999,0.00011379201896488667,0.0008848750730976462,near_2x2_bal_strong_500,near_boundary,False,19,2065082011,9.992007221626409e-16,0,0
500,500,0.0017500924895331726,0.007453032975761609,0.0007438660844059086,0.006417111093185213,-0.005702940486228436,-0.005673245008779304,0.006537318763245876,-0.872366897311405,-0.8678244421360377,0.3830082532525628,0.38549044727282844,0.704,0.381,0.381,True,999,0.00018891692161560059,0.0008539160480722785,near_2x2_bal_strong_500,near_boundary,False,20,2065082011,9.992007221626409e-16,0,0
500,500,0.00014414442647880943,0.00010986283155955956,-0.0008619099680231557,-0.0009525947620829811,3.428159491924987e-05,9.068479405982544e-05,0.0010149038371038055,0.033778170567448064,0.08935309015936856,0.9730540433741776,0.9288013029152924,0.999,0.967,0.93,True,999,0.00011516700033098459,0.000835792045108974,near_2x2_bal_strong_500,near_boundary,False,21,2065082011,9.992007221626409e-16,0,0
500,500,0.0001119104248267222,0.003639281164418584,-0.0008941946624645425,0.002596738227168771,-0.003527370739591862,-0.0034909328896333136,0.0041551106147651356,-0.8489234262638863,-0.8401540207445563,0.3959239025275424,0.4008220345824024,0.815,0.404,0.413,True,999,0.00011499994434416294,0.0008570000063627958,near_2x2_bal_strong_500,near_boundary,False,22,2065082011,9.992007221626409e-16,0,0
500,500,0.0035006122600904632,0.0028129741669396524,0.0024944449342001462,0.0017708796481201716,0.0006876380931508108,0.0007235652860799746,0.005169309906201245,0.13302318987025744,0.13997328448270552,0.894175040615491,0.8886810984508875,0.968,0.903,0.895,True,999,0.0001151250908151269,0.0008403330575674772,near_2x2_bal_strong_500,near_boundary,False,23,2065082011,9.992007221626409e-16,0,0
500,500,0.004265791780173833,6.53058124771011e-05,0.0032596453905853195,-0.0010320987502154821,0.004200485967696732,0.004291744140800802,0.0041544295500483865,1.0110860990885762,1.0330525741496366,0.3119752229855146,0.3015792958265462,0.771,0.319,0.279,True,999,0.00011379201896488667,0.0008434579940512776,near_2x2_bal_strong_500,near_boundary,False,24,2065082011,9.992007221626409e-16,0,0
500,500,0.004994555419660651,0.007825432708745417,0.003988410512988594,0.006789582606558042,-0.0028308772890847655,-0.0028011720935694484,0.007592675332242609,-0.3728431896808926,-0.3689308407109356,0.7092651560700489,0.712179274828795,0.874,0.706,0.709,True,999,0.00011854106560349464,0.0008481250843033195,near_2x2_bal_strong_500,near_boundary,False,25,2065082011,9.992007221626409e-16,0,0
500,500,0.005946214995169341,0.006502301927594878,0.004939944606746849,0.005466862354126079,-0.0005560869324255369,-0.0005269177473792297,0.007381400463946676,-0.07533623668593224,-0.0713845224836234,0.9399471906839048,0.9430917274514433,0.979,0.941,0.945,True,999,0.00011758401524275541,0.0009000840364024043,near_2x2_bal_strong_500,near_boundary,False,26,2065082011,9.992007221626409e-16,0,0
500,500,0.009887110203893767,8.621217734994246e-05,0.008880845784517533,-0.0009894573933308948,0.009800898026543825,0.009870303177848427,0.006283933391021157,1.5596756707427721,1.5707205286344508,0.11883654431608623,0.11624757864408146,0.564,0.119,0.116,True,999,0.00011645792983472347,0.0008730830159038305,near_2x2_bal_strong_500,near_boundary,False,27,2065082011,9.992007221626409e-16,0,0
500,500,5.006129911222512e-05,0.004306765472865237,-0.0009560078685240114,0.003274762038785184,-0.004256704173753012,-0.004230769907309195,0.004441410251887135,-0.9584127410757333,-0.9525735447455141,0.33785467299025285,0.3408061865896672,0.76,0.332,0.333,True,999,0.00011575000826269388,0.0008959589758887887,near_2x2_bal_strong_500,near_boundary,False,28,2065082011,9.992007221626409e-16,0,0
500,500,0.003324974419919413,0.0020740743111127835,0.0023188328740388897,0.0010363877057670834,0.0012509001088066296,0.0012824451682718063,0.004733399853961096,0.26427095690211483,0.27093531242635366,0.7915711380040572,0.7864407850237838,0.942,0.817,0.814,True,999,0.00011145800817757845,0.0008298750035464764,near_2x2_bal_strong_500,near_boundary,False,29,2065082011,9.992007221626409e-16,0,0
500,500,0.005483384537722458,0.011731979515226088,0.0044772191919264515,0.010704635713267407,-0.00624859497750363,-0.006227416521340956,0.008825644861121515,-0.708004352750445,-0.7056047030369189,0.478942554423616,0.48043399872607095,0.72,0.482,0.483,True,999,0.00012624997179955244,0.0008243749616667628,near_2x2_bal_strong_500,near_boundary,False,30,2065082011,9.992007221626409e-16,0,0
500,500,0.0007080551576883476,0.0013766556937640506,-0.00029809500057353944,0.00032284944458638165,-0.000668600536075703,-0.0006209444451599211,0.002991061744617032,-0.22353284323834946,-0.2076000090193475,0.8231208245049031,0.8355412973214433,0.964,0.816,0.827,True,999,0.00012195901945233345,0.0008258339948952198,near_2x2_bal_strong_500,near_boundary,False,31,2065082011,9.992007221626409e-16,0,0
500,500,0.004663827581830815,0.010251631713207088,0.0036576789092350737,0.00922268390422687,-0.005587804131376273,-0.005565004994991796,0.008212706910049293,-0.6803851875608616,-0.6776091069537991,0.4962605975520159,0.49801957033151045,0.73,0.473,0.476,True,999,0.0001129169249907136,0.0008396670455113053,near_2x2_bal_strong_500,near_boundary,False,32,2065082011,9.992007221626409e-16,0,0
500,500,0.005952592938821777,0.002515316570160242,0.004946409914111882,0.0014679630247940167,0.003437276368661535,0.0034784468893178655,0.005926980292356657,0.5799372022704704,0.5868834917172944,0.561956966838159,0.55728195764511,0.83,0.548,0.547,True,999,0.00011741602793335915,0.0008495419751852751,near_2x2_bal_strong_500,near_boundary,False,33,2065082011,9.992007221626409e-16,0,0
500,500,0.0005917578059051465,2.9409941427804842e-05,-0.00041431590813090224,-0.0010676132016271822,0.0005623478644773416,0.00065329729349628,0.0015751219960996217,0.3570186092695355,0.41475980597947343,0.7210778743996025,0.6783177463773242,0.968,0.709,0.672,True,999,0.0001176249934360385,0.0008668330265209079,near_2x2_bal_strong_500,near_boundary,False,34,2065082011,9.992007221626409e-16,0,0
500,500,0.005008447655750037,0.0013630918433455985,0.00400230560859427,0.00030930485783642325,0.0036453558124044383,0.0036930007507578466,0.005097596713918279,0.7151126338518112,0.7244591830253306,0.4745394478996,0.46878387710819347,0.809,0.467,0.461,True,999,0.00012075004633516073,0.0008617909625172615,near_2x2_bal_strong_500,near_boundary,False,35,2065082011,9.992007221626409e-16,0,0
500,500,0.0009168368790648529,0.0001718025233233833,-8.925047177399392e-05,-0.0009250746367968077,0.0007450343557414696,0.0008358241650228138,0.0020780300981966104,0.35852914565002564,0.4022194701357657,0.7199473605117317,0.6875225143958043,0.96,0.696,0.661,True,999,0.00011612498201429844,0.0008924159919843078,near_2x2_bal_strong_500,near_boundary,False,36,2065082011,9.992007221626409e-16,0,0
500,500,0.0020152256301705362,0.0012658208639289015,0.0010090641267765932,0.00020261857505943226,0.0007494047662416348,0.0008064455517171609,0.003702483181635425,0.20240598794850298,0.21781207696423502,0.8395993475777332,0.8275755344150253,0.967,0.841,0.83,True,999,0.00012179103214293718,0.0008543749572709203,near_2x2_bal_strong_500,near_boundary,False,37,2065082011,9.992007221626409e-16,0,0
500,500,0.003871837973137504,0.010174034236701046,0.002865720134991534,0.009140301008500273,-0.006302196263563542,-0.006274580873508739,0.008071535050221035,-0.7807927766343478,-0.7773714460097542,0.43492438316457427,0.4369396538760384,0.719,0.444,0.446,True,999,0.00011708296369761229,0.0008215829730033875,near_2x2_bal_strong_500,near_boundary,False,38,2065082011,9.992007221626409e-16,0,0
500,500,0.001344905773053684,0.002511870706924435,0.00033884034996845003,0.0014740919374673922,-0.001166964933870751,-0.0011352515874989422,0.004071610248269766,-0.2866101769850525,-0.2788212815756047,0.774410821116816,0.7803819815365806,0.929,0.782,0.788,True,999,0.00011583301238715649,0.0008389169815927744,near_2x2_bal_strong_500,near_boundary,False,39,2065082011,9.992007221626409e-16,0,0
500,500,0.007218200725598756,0.00011427597979318804,0.00621196998497453,-0.0009389180754340032,0.007103924745805568,0.007150888060408533,0.005397565628914382,1.3161349456781661,1.3248357782074431,0.18812875366976778,0.18522562527687203,0.677,0.182,0.178,True,999,0.00011512497439980507,0.0008563330629840493,near_2x2_bal_strong_500,near_boundary,False,40,2065082011,9.992007221626409e-16,0,0
500,500,0.0005027255546140585,0.0011239742870998715,-0.00050333132793412,7.029521887602641e-05,-0.0006212487324858129,-0.0005736265468101465,0.0026362534088317756,-0.23565592382149328,-0.21759158087322958,0.8136996743537854,0.8277473448194764,0.958,0.823,0.842,True,999,0.00011337490286678076,0.0008189169457182288,near_2x2_bal_strong_500,near_boundary,False,41,2065082011,9.992007221626409e-16,0,0
500,500,0.0023086034118398047,0.00016334717013744005,0.00130251585443375,-0.0008992840089661058,0.0021452562417023646,0.002201799863399856,0.0031451701165411384,0.6820795576112059,0.7000574791869312,0.4951886460397217,0.4838914089638938,0.884,0.513,0.498,True,999,0.00011733302380889654,0.0008575000101700425,near_2x2_bal_strong_500,near_boundary,False,42,2065082011,9.992007221626409e-16,0,0
500,500,0.00233109792237407,0.0036176478917299693,0.001325006763067904,0.0025794443424445035,-0.001286549969355899,-0.0012544375793765994,0.005081434217547359,-0.2531863868104691,-0.24686683437615672,0.8001241856322875,0.805011284371965,0.944,0.816,0.822,True,999,0.00012745801359415054,0.0008367919363081455,near_2x2_bal_strong_500,near_boundary,False,43,2065082011,9.992007221626409e-16,0,0
500,500,5.760224686857107e-05,0.005966272348257695,-0.0009484772283485654,0.004930951454269916,-0.005908670101389124,-0.005879428682618482,0.005317862557720072,-1.1110986862214711,-1.1055999696876653,0.26652587332708166,0.26889970295142274,0.674,0.252,0.254,True,999,0.0001264170277863741,0.0008609580108895898,near_2x2_bal_strong_500,near_boundary,False,44,2065082011,9.992007221626409e-16,0,0
500,500,0.0002892277717995162,0.00010477007416997974,-0.0007168126777514772,-0.0009483176389437631,0.00018445769762953645,0.00023150496119228592,0.0012598983172510388,0.14640681323553403,0.1837489248318107,0.883600249083375,0.8542104258423737,0.984,0.881,0.857,True,999,0.00011574989184737206,0.0008655840065330267,near_2x2_bal_strong_500,near_boundary,False,45,2065082011,9.992007221626409e-16,0,0
500,500,0.0026156640205698967,0.008725026469149466,0.0016095644737674775,0.007698280606092567,-0.0061093624485795694,-0.006088716132325089,0.007142009554024847,-0.8554122481027299,-0.8525214207944907,0.39232296536318656,0.3939247551212951,0.69,0.396,0.4,True,999,0.00011825002729892731,0.0008285000221803784,near_2x2_bal_strong_500,near_boundary,False,46,2065082011,9.992007221626409e-16,0,0
500,500,0.009230461107791466,0.0031519373271288176,0.008224215333257234,0.0021139117492054993,0.006078523780662648,0.006110303584051735,0.007130243481678644,0.8524987675780752,0.8569558108011778,0.393937322742539,0.39146930660036694,0.744,0.4,0.397,True,999,0.000114459078758955,0.0008415000047534704,near_2x2_bal_strong_500,near_boundary,False,47,2065082011,9.992007221626409e-16,0,0
500,500,0.012225973307814941,0.0005447916440597389,0.011219616439348101,-0.0005085934081989762,0.011681181663755202,0.011728209847547078,0.007117995085021621,1.6410775118875656,1.647684454324325,0.10078132619434793,0.09941743973045589,0.549,0.09,0.089,True,999,0.00012341700494289398,0.0008465409046038985,near_2x2_bal_strong_500,near_boundary,False,48,2065082011,9.992007221626409e-16,0,0
500,500,0.0039290279913426485,0.0032313603995254847,0.0029228568338339755,0.0021671260457338803,0.0006976675918171638,0.0007557307881000952,0.005588876361435307,0.1248314592591904,0.13522052363062337,0.9006569812986681,0.8924375206108599,0.971,0.895,0.885,True,999,0.00011362496297806501,0.0008607079507783055,near_2x2_bal_strong_500,near_boundary,False,49,2065082011,9.992007221626409e-16,0,0
500,500,0.0025911876974961112,0.002271067940873117,0.0015850974654085803,0.001229163664305588,0.0003201197566229941,0.0003559338011029922,0.004528274395777787,0.07069354209662676,0.07860252493419322,0.9436416606399279,0.9373487791479836,0.992,0.948,0.945,True,999,0.00011824991088360548,0.0008783329976722598,near_2x2_bal_strong_500,near_boundary,False,50,2065082011,9.992007221626409e-16,0,0
500,500,0.0006498992726368114,0.0014869429620933405,-0.0003561698143812464,0.0004331061514619705,-0.0008370436894565292,-0.0007892759658432169,0.0030385797007152623,-0.2754720204507041,-0.25975160883797993,0.7829536190083264,0.7950553804620816,0.952,0.785,0.79,True,999,0.00012087495997548103,0.0008503750432282686,near_2x2_bal_strong_500,near_boundary,False,51,2065082011,9.992007221626409e-16,0,0
500,500,0.001149076068251098,0.0036180343677770233,0.0001430151007184577,0.002575671443310057,-0.002468958299525925,-0.0024326563425915992,0.004617478960854638,-0.534698332240793,-0.5268364757511195,0.5928584749253887,0.5983071504280308,0.866,0.588,0.588,True,999,0.00011091690976172686,0.0008395001059398055,near_2x2_bal_strong_500,near_boundary,False,52,2065082011,9.992007221626409e-16,0,0
500,500,6.863614933327877e-05,0.001488511737068099,-0.0009374038846203803,0.0004345450291225461,-0.0014198755877348201,-0.0013719489137429264,0.002629168924060208,-0.540047303442989,-0.5218184732018797,0.5891644106907072,0.6017967262656596,0.918,0.602,0.641,True,999,0.00011316698510199785,0.0009518329752609134,near_2x2_bal_strong_500,near_boundary,False,53,2065082011,9.992007221626409e-16,0,0
500,500,0.00025991045202455876,0.001369519005542219,-0.0007461489802835786,0.0003062854311792762,-0.0011096085535176603,-0.0010524344114628548,0.0026833132577814963,-0.4135218093898809,-0.39221451629281034,0.6792243469667192,0.6948997192395978,0.949,0.677,0.695,True,999,0.00012154201976954937,0.0008703329367563128,near_2x2_bal_strong_500,near_boundary,False,54,2065082011,9.992007221626409e-16,0,0
500,500,0.006786413360043042,0.00774660690047263,0.005780218665506709,0.0067160840454221216,-0.000960193540429588,-0.0009358653799154126,0.007958482068167246,-0.12065033661007048,-0.11759345210548833,0.9039679971721845,0.9063897934108488,0.952,0.904,0.906,True,999,0.00011687504593282938,0.000857834005728364,near_2x2_bal_strong_500,near_boundary,False,55,2065082011,9.992007221626409e-16,0,0
500,500,0.011202869401978566,0.01281083144425993,0.010196548705721398,0.011778095820346834,-0.0016079620422813634,-0.0015815471146254367,0.010357919127002365,-0.15523987227217478,-0.1526896566031738,0.8766322157634917,0.8786430179498116,0.941,0.878,0.88,True,999,0.0001154579222202301,0.0008591250516474247,near_2x2_bal_strong_500,near_boundary,False,56,2065082011,9.992007221626409e-16,0,0
500,500,0.005866760603806531,0.0029314256631394753,0.004860595366949383,0.0018769835161833726,0.002935334940667056,0.0029836118507660103,0.006087569750981012,0.4821850197599833,0.4901154274717265,0.6296745175458328,0.6240522218100042,0.885,0.64,0.633,True,999,0.00011550006456673145,0.0008618750143796206,near_2x2_bal_strong_500,near_boundary,False,57,2065082011,9.992007221626409e-16,0,0
500,500,0.0037728404110656255,0.007210204934113562,0.002766699038375009,0.006179923238079255,-0.0034373645230479366,-0.0034132241997042456,0.006979433211127309,-0.49249909255779495,-0.48904031265211373,0.6223665632720099,0.6248131569384698,0.793,0.617,0.619,True,999,0.00011858297511935234,0.0008658330189064145,near_2x2_bal_strong_500,near_boundary,False,58,2065082011,9.992007221626409e-16,0,0
500,500,0.001344905773053684,0.0011239742870998715,0.00033884034996845003,7.029521887602641e-05,0.0002209314859538125,0.0002685451310924236,0.003211285699144077,0.06879845228741208,0.08362542490816079,0.9451500500662553,0.9333542515834256,0.972,0.971,0.969,True,999,0.00011512497439980507,0.0008633329998701811,near_2x2_bal_strong_500,near_boundary,False,59,2065082011,9.992007221626409e-16,0,0
500,500,0.0024414942724202415,0.0017267477192857705,0.0014353768768842201,0.0006727061152105307,0.000714746553134471,0.0007626707616736894,0.0041851566993558005,0.17078131226113666,0.18223230728519277,0.8643957238425561,0.8554004199182645,0.954,0.847,0.837,True,999,0.00013070902787148952,0.0008602919988334179,near_2x2_bal_strong_500,near_boundary,False,60,2065082011,9.992007221626409e-16,0,0
500,500,0.002525339562215012,0.0030451561853765963,0.0015192097056910825,0.002007233407482545,-0.0005198166231615842,-0.00048802370179146237,0.004881258663627543,-0.10649233301954923,-0.09997907003534699,0.9151917381833498,0.9203609418689052,0.968,0.917,0.929,True,999,0.00013212498743087053,0.0008575830142945051,near_2x2_bal_strong_500,near_boundary,False,61,2065082011,9.992007221626409e-16,0,0
500,500,5.6950933170485385e-05,0.0004733321429470916,-0.0009491076602330395,-0.0005800170995371445,-0.0004163812097766062,-0.00036909056069589496,0.0014959235719918856,-0.2783439057800105,-0.24673089428254363,0.7807483752665019,0.8051164953982566,0.963,0.786,0.809,True,999,0.00015183398500084877,0.000870542018674314,near_2x2_bal_strong_500,near_boundary,False,62,2065082011,9.992007221626409e-16,0,0
500,500,0.0003451314310016773,0.008097377364242375,-0.000660946764696746,0.0070614903886792035,-0.007752245933240698,-0.0077224371533759495,0.006373096021710727,-1.2164018723131942,-1.211724588342703,0.22383187108646574,0.22561782362697536,0.607,0.199,0.201,True,999,0.00011679204180836678,0.0008358749328181148,near_2x2_bal_strong_500,near_boundary,False,63,2065082011,9.992007221626409e-16,0,0
500,500,0.0013536736405558303,0.0015770518401092004,0.00034760501489472517,0.0005300633900162666,-0.00022337819955337013,-0.0001824583751215414,0.0035199273267047023,-0.06346102598728738,-0.051835835852996406,0.9493993934151765,0.9586595010407439,0.988,0.942,0.954,True,999,0.00011712498962879181,0.0008561670547351241,near_2x2_bal_strong_500,near_boundary,False,64,2065082011,9.992007221626409e-16,0,0
500,500,0.002540103123095272,0.0011694614888267396,0.0015339333311317205,0.0001226632561781571,0.0013706416342685324,0.0014112700749535634,0.0039039373603123265,0.3510921174613511,0.36149915961783197,0.7255192413664491,0.7177263330971835,0.928,0.738,0.733,True,999,0.00011504197027534246,0.0008417919743806124,near_2x2_bal_strong_500,near_boundary,False,65,2065082011,9.992007221626409e-16,0,0
500,500,0.00022053329129201327,0.0011527930224309868,-0.000785536697662792,9.907151277843695e-05,-0.0009322597311389735,-0.000884608210441229,0.002440126832942376,-0.38205380087346835,-0.36252550420690327,0.7024214586589667,0.7169593682481729,0.936,0.694,0.704,True,999,0.00011483300477266312,0.0008614580146968365,near_2x2_bal_strong_500,near_boundary,False,66,2065082011,9.992007221626409e-16,0,0
500,500,0.0020647708726669878,0.004706104463942762,0.0010586764735194265,0.0036632513417771406,-0.002641333591275774,-0.002604574868257714,0.005520925722803867,-0.47842222915006755,-0.4717641567789378,0.6323497152167403,0.6370951376497646,0.897,0.657,0.665,True,999,0.00011675001587718725,0.0008565000025555491,near_2x2_bal_strong_500,near_boundary,False,67,2065082011,9.992007221626409e-16,0,0
500,500,0.005000366825023472,0.001555169216206076,0.003994211780081969,0.0005082082760168305,0.0034451976088173963,0.0034860035040651383,0.005175191382549141,0.6657140488436193,0.6735989543922991,0.5055938920317999,0.5005663181142558,0.824,0.537,0.531,True,999,0.00011504208669066429,0.0008637499995529652,near_2x2_bal_strong_500,near_boundary,False,68,2065082011,9.992007221626409e-16,0,0
500,500,0.0001410815989850711,0.004985186378379025,-0.0008649676326513145,0.003942405799904236,-0.004844104779393954,-0.004807373432555551,0.004927030740760647,-0.9831691812513654,-0.975714113732803,0.3255241800398536,0.3292061561248799,0.76,0.343,0.346,True,999,0.00011383299715816975,0.0008686250075697899,near_2x2_bal_strong_500,near_boundary,False,69,2065082011,9.992007221626409e-16,0,0
500,500,0.004581814907040127,0.003654941859529859,0.003575676833918351,0.002612539883699583,0.0009268730475102682,0.0009631369502187681,0.005929199609500041,0.15632346835232008,0.1624396231618826,0.8757780586692424,0.870959670392544,0.944,0.872,0.868,True,999,0.00011416699271649122,0.0008808330167084932,near_2x2_bal_strong_500,near_boundary,False,70,2065082011,9.992007221626409e-16,0,0
500,500,0.0013125564778802001,0.0029918419707145594,0.00030641791778407423,0.0019443733765456273,-0.0016792854928343592,-0.001637955458761553,0.004366213833714356,-0.3846090816412865,-0.3751432067100886,0.7005270646077306,0.7075539652253938,0.904,0.706,0.711,True,999,0.00011475000064820051,0.0008539999835193157,near_2x2_bal_strong_500,near_boundary,False,71,2065082011,9.992007221626409e-16,0,0
500,500,5.245140228926637e-06,0.0030451561853765963,-0.0010008222595274674,0.002007233407482545,-0.0030399110451476696,-0.0030080556670100123,0.0037109296259171523,-0.8191777671872069,-0.8105935628640693,0.41268499766484734,0.4175991147473762,0.796,0.413,0.417,True,999,0.00011358305346220732,0.0008502919226884842,near_2x2_bal_strong_500,near_boundary,False,72,2065082011,9.992007221626409e-16,0,0
500,500,0.00019085783318772975,0.012761778509352784,-0.0008151929367841149,0.01173221207150732,-0.012570920676165054,-0.012547405008291435,0.007938886133156641,-1.5834615165549217,-1.5804994300003097,0.11331631135409828,0.11399253732986697,0.391,0.103,0.103,True,999,0.00011658400762826204,0.0008494580397382379,near_2x2_bal_strong_500,near_boundary,False,73,2065082011,9.992007221626409e-16,0,0
500,500,0.0023061904404142464,0.002479819243499548,0.0013000647304011181,0.0014378160112471505,-0.0001736288030853017,-0.0001377512808460324,0.004512692343680169,-0.03847565707165067,-0.030525298503663145,0.9693084399516547,0.9756481174911331,0.992,0.974,0.98,True,999,0.00011458294466137886,0.000844749971292913,near_2x2_bal_strong_500,near_boundary,False,74,2065082011,9.992007221626409e-16,0,0
500,500,0.002476529822572293,0.0014945305876780668,0.0014704138711181258,0.0004312386087121922,0.0009819992348942264,0.0010391752624059336,0.004079733974873909,0.24070178127841696,0.2547164272979468,0.8097862582950924,0.7989421275048205,0.94,0.817,0.798,True,999,0.00011687504593282938,0.0008555001113563776,near_2x2_bal_strong_500,near_boundary,False,75,2065082011,9.992007221626409e-16,0,0
500,500,0.0002935712590577122,0.0038988392209704514,-0.0007125993882368675,0.0028563376308454735,-0.0036052679619127392,-0.003568937019082341,0.004393952079607785,-0.8205068914257604,-0.812238493825566,0.4119272022576663,0.41665479547905016,0.819,0.398,0.406,True,999,0.00011479097884148359,0.0008800419745966792,near_2x2_bal_strong_500,near_boundary,False,76,2065082011,9.992007221626409e-16,0,0
500,500,0.010667437465305296,0.0012822679803749515,0.009661128314860434,0.00023542940223819642,0.009385169484930345,0.009425698912622238,0.0069148787765438485,1.3572428076058307,1.3631039989587976,0.17470407307480929,0.17284973665642,0.613,0.137,0.133,True,999,0.00011483405251055956,0.0008590000215917826,near_2x2_bal_strong_500,near_boundary,False,77,2065082011,9.992007221626409e-16,0,0
500,500,0.00013049167339085344,0.0038733731264680715,-0.0008755547713690248,0.0028352121931618512,-0.003742881453077218,-0.003710766964530876,0.004279275995882818,-0.874652968557841,-0.8671483138972769,0.3817627576493311,0.3858607515709479,0.801,0.398,0.401,True,999,0.00011483300477266312,0.0008493750356137753,near_2x2_bal_strong_500,near_boundary,False,78,2065082011,9.992007221626409e-16,0,0
500,500,0.00340558109643041,0.0016121943903092406,0.002399448680819205,0.0005746684457221818,0.0017933867061211695,0.0018247802350970233,0.004539241730246801,0.3950850852844231,0.4020011146218047,0.692780095610608,0.6876832059692057,0.896,0.688,0.685,True,999,0.00012379197869449854,0.0008721669437363744,near_2x2_bal_strong_500,near_boundary,False,79,2065082011,9.992007221626409e-16,0,0
500,500,0.0023016113824159135,9.096736780200843e-05,0.0012955258739566489,-0.000985026803277833,0.002210644014613905,0.002280552677234482,0.00309214061993316,0.7149235065065348,0.7375320069640877,0.4746563110737779,0.46079888639541156,0.896,0.464,0.453,True,999,0.00011383299715816975,0.0008518750546500087,near_2x2_bal_strong_500,near_boundary,False,80,2065082011,9.992007221626409e-16,0,0
500,500,0.0007855574803407039,0.0008506897819124948,-0.00022049851230576678,-0.00019607243973496224,-6.513230157179084e-05,-2.4426072570804536e-05,0.0026076248020595826,-0.024977635402281546,-0.00936717297347075,0.980072802406244,0.992526186603217,0.997,0.983,0.993,True,999,0.0001129999291151762,0.0008708330569788814,near_2x2_bal_strong_500,near_boundary,False,81,2065082011,9.992007221626409e-16,0,0
500,500,0.002719014710330203,0.0029589851768769826,0.0017128503661183458,0.0019168741124531152,-0.00023997046654677945,-0.00020402374633476938,0.00493207720904534,-0.04865505067655428,-0.04136669757736021,0.9611941977833468,0.9670035615443157,0.992,0.971,0.977,True,999,0.00011383311357349157,0.0008680419996380806,near_2x2_bal_strong_500,near_boundary,False,82,2065082011,9.992007221626409e-16,0,0
500,500,0.0018045857698236745,0.007886589973202962,0.0007984977150954364,0.006856135357878657,-0.006082004203379288,-0.00605763764278322,0.006658088847334027,-0.9134759752890035,-0.909816282371895,0.3609922634218483,0.3629194061658534,0.684,0.363,0.365,True,999,0.0001206250162795186,0.000846582930535078,near_2x2_bal_strong_500,near_boundary,False,83,2065082011,9.992007221626409e-16,0,0
500,500,0.01038870177449358,0.00048013273034641646,0.009382438515729064,-0.0005826110643170068,0.009908569044147164,0.00996504958004607,0.006570967727183267,1.5079314730396043,1.5165269399850974,0.13157206651798914,0.12938616357987576,0.585,0.137,0.136,True,999,0.00011650007218122482,0.0008412920869886875,near_2x2_bal_strong_500,near_boundary,False,84,2065082011,9.992007221626409e-16,0,0
500,500,7.405449920605545e-05,0.0034414582936583282,-0.0009319931780282786,0.002403423958469375,-0.0033674037944522728,-0.0033354171364976537,0.0039958154008105234,-0.8427325731236779,-0.8347275341651387,0.39937802553843305,0.4038711351118476,0.781,0.429,0.431,True,999,0.00011566595640033484,0.0008725420339033008,near_2x2_bal_strong_500,near_boundary,False,85,2065082011,9.992007221626409e-16,0,0
500,500,0.0005044692400519857,6.267852076313751e-05,-0.0005015830509478292,-0.0010132752259721656,0.00044179071928884817,0.0005116921750243364,0.001508129872970264,0.2929394392398983,0.3392891979631422,0.7695684423506557,0.7343918793333362,0.97,0.736,0.712,True,999,0.0001157090300694108,0.0008496250957250595,near_2x2_bal_strong_500,near_boundary,False,86,2065082011,9.992007221626409e-16,0,0
500,500,0.0013702477974023575,0.00999655135986438,0.0003641791354880297,0.008965606795953818,-0.008626303562462023,-0.008601427660465788,0.007323888710270239,-1.1778310544732085,-1.1744345116009294,0.23886396563127443,0.24022102859907424,0.562,0.234,0.234,True,999,0.00011420901864767075,0.0008902499685063958,near_2x2_bal_strong_500,near_boundary,False,87,2065082011,9.992007221626409e-16,0,0
500,500,0.002986490650061846,0.00039124651153976675,0.0019803693969606684,-0.000685064191912943,0.0025952441385220792,0.0026654335888736114,0.003685860831257225,0.7041080109464841,0.7231509031133029,0.4813655116248309,0.46958717872216826,0.878,0.499,0.483,True,999,0.00012604205403476954,0.0008281669579446316,near_2x2_bal_strong_500,near_boundary,False,88,2065082011,9.992007221626409e-16,0,0
500,500,0.0012962277266055366,0.0003542220027657472,0.00029015022005296487,-0.0006921804721855551,0.0009420057238397894,0.00098233069223852,0.002581246315421528,0.3649422057135047,0.3805644917998077,0.7151545482294459,0.7035264334700306,0.953,0.727,0.719,True,999,0.0001093749888241291,0.0008196670096367598,near_2x2_bal_strong_500,near_boundary,False,89,2065082011,9.992007221626409e-16,0,0
500,500,0.00436902996262889,0.0013175001129727693,0.0033628685266648972,0.0002635329117879337,0.0030515298496561205,0.0030993356148769635,0.004819675520279592,0.6331401018214395,0.643058978106719,0.5266421566832324,0.5201858312156882,0.874,0.514,0.509,True,999,0.00011799996718764305,0.0008420830126851797,near_2x2_bal_strong_500,near_boundary,False,90,2065082011,9.992007221626409e-16,0,0
500,500,0.007724551360462462,0.0007326224194089126,0.0067183436582922695,-0.00033028439617055483,0.006991928941053549,0.007048628054462824,0.005817763653250781,1.2018241643671246,1.2115700249397852,0.22943166110856006,0.2256770145638599,0.672,0.203,0.199,True,999,0.0001152919139713049,0.0008689169771969318,near_2x2_bal_strong_500,near_boundary,False,91,2065082011,9.992007221626409e-16,0,0
500,500,0.00012544917162038427,0.0033926179871573425,-0.0008806021593841251,0.002345002823346931,-0.0032671688155369583,-0.0032256049827310562,0.004041367779127973,-0.8084314504635192,-0.7981468549806329,0.41884225300834266,0.4247852737359076,0.828,0.439,0.442,True,999,0.00011791696306318045,0.0009044999023899436,near_2x2_bal_strong_500,near_boundary,False,92,2065082011,9.992007221626409e-16,0,0
500,500,4.080086643365455e-05,0.0060156389311309955,-0.0009652499198864462,0.004983126219144651,-0.005974838064697341,-0.005948376139031097,0.005302637569467407,-1.1267671958386267,-1.121776863137291,0.2598409235139265,0.26195732599486055,0.65,0.271,0.274,True,999,0.00014025007840245962,0.0008419589139521122,near_2x2_bal_strong_500,near_boundary,False,93,2065082011,9.992007221626409e-16,0,0
500,500,0.007613845894050897,2.9284723843947535e-05,0.006607634597969536,-0.0010679837752149979,0.007584561170206949,0.007675618373184534,0.005508749897857061,1.3768207507763952,1.3933503091455286,0.16856767361302705,0.16351388422800772,0.643,0.16,0.152,True,999,0.0001228750916197896,0.0008463329868391156,near_2x2_bal_strong_500,near_boundary,False,94,2065082011,9.992007221626409e-16,0,0
500,500,0.003849782953092906,0.0018173815765712975,0.00284364078447652,0.000763211392836638,0.0020324013765216087,0.002080429391639882,0.004852084485400716,0.41887180296155957,0.42877023223722105,0.6753098253484926,0.6680904440517406,0.925,0.685,0.684,True,999,0.0001315409317612648,0.0009249580325558782,near_2x2_bal_strong_500,near_boundary,False,95,2065082011,9.992007221626409e-16,0,0
500,500,0.004172495523462438,0.0005741087950147938,0.0031663580429608373,-0.0004887183391986127,0.0035983867284476445,0.00365507638215945,0.004369739337444789,0.8234785763106424,0.8364518109441194,0.4102358952725482,0.40290077568838223,0.815,0.409,0.396,True,999,0.0001235000090673566,0.0008127919863909483,near_2x2_bal_strong_500,near_boundary,False,96,2065082011,9.992007221626409e-16,0,0
500,500,0.0015393478832084195,0.0060076885713827854,0.0005332732628176018,0.004972330876682918,-0.004468340688174366,-0.004439057613865316,0.005865532232394337,-0.7617962890897573,-0.7568038905914037,0.4461815955472481,0.44916736160489645,0.782,0.442,0.446,True,999,0.00011450005695223808,0.000835792045108974,near_2x2_bal_strong_500,near_boundary,False,97,2065082011,9.992007221626409e-16,0,0
500,500,0.011464922785088039,0.0009391018289716668,0.010458625094940999,-0.00010758945128941377,0.010525820956116372,0.010566214546230412,0.007028384735661188,1.4976159319665028,1.5033631401278729,0.134233065012146,0.1327454262410833,0.552,0.138,0.137,True,999,0.00011470902245491743,0.0008589590433984995,near_2x2_bal_strong_500,near_boundary,False,98,2065082011,9.992007221626409e-16,0,0
500,500,2.968930786440005e-06,0.0001899424133158245,-0.0010030957321305323,-0.0008725947047878435,-0.0001869734825293845,-0.00013050102734268876,0.0008966987688572515,-0.20851314736125107,-0.14553496879336483,0.8348283181282674,0.8842885085384888,0.992,0.845,0.901,True,999,0.00011433300096541643,0.0008447089930996299,near_2x2_bal_strong_500,near_boundary,False,99,2065082011,9.992007221626409e-16,0,0
500,500,0.0041806378757495155,0.006755513775943411,0.0031744717321657845,0.005712063783960275,-0.002574875900193896,-0.0025375920517944905,0.007057709898504545,-0.36483164329827233,-0.359548931351256,0.7152370828310093,0.7191844796447939,0.878,0.712,0.716,True,999,0.00011420808732509613,0.0008599169086664915,near_2x2_bal_strong_500,near_boundary,False,100,2065082011,9.992007221626409e-16,0,0
500,500,0.000974979400144127,0.010143417362239615,-3.108333987711376e-05,0.009114550455620929,-0.009168437962095488,-0.009145633795498043,0.007227230516007951,-1.2685963097188973,-1.2654409977986623,0.20458508118238916,0.20571328646027054,0.565,0.222,0.224,True,999,0.00011437491048127413,0.0008971670176833868,near_2x2_bal_strong_500,near_boundary,False,101,2065082011,9.992007221626409e-16,0,0
500,500,0.014095516099022376,0.003524520230042072,0.013089158564412173,0.0024864066647296568,0.010570995868980304,0.010602751899682517,0.008465226551991533,1.2487552227994851,1.252506573162901,0.21175461599573375,0.21038533466144915,0.595,0.213,0.211,True,999,0.00011445791460573673,0.0008943330030888319,near_2x2_bal_strong_500,near_boundary,False,102,2065082011,9.992007221626409e-16,0,0
500,500,0.005695872206746944,0.0019801432108765282,0.004689688373673562,0.0009330258694433269,0.0037157289958704154,0.003756662504230235,0.005616296929306761,0.6615976759492773,0.6688860207207622,0.5082290973817,0.5035681882548342,0.812,0.498,0.495,True,999,0.00012745789717882872,0.0008287919918075204,near_2x2_bal_strong_500,near_boundary,False,103,2065082011,9.992007221626409e-16,0,0
500,500,0.008340158674232767,0.0024313936193338104,0.007333904814458947,0.0013894423537124112,0.005908765054898957,0.005944462460746536,0.006633791366424948,0.8907070977246125,0.8960882446247473,0.37308632603045433,0.3702056349198616,0.746,0.379,0.377,True,999,0.000120165990665555,0.0008552080253139138,near_2x2_bal_strong_500,near_boundary,False,104,2065082011,9.992007221626409e-16,0,0
500,500,0.0005698203717849903,0.0011018125154461655,-0.00043626326856838205,5.499976791156769e-05,-0.0005319921436611752,-0.0004912630364799497,0.0026590252968032046,-0.20007035822515837,-0.18475305107874207,0.8414255553691732,0.8534227336223836,0.951,0.839,0.852,True,999,0.00011329201515763998,0.0008237500442191958,near_2x2_bal_strong_500,near_boundary,False,105,2065082011,9.992007221626409e-16,0,0
500,500,0.0028885732224399607,0.0010801833751782897,0.0018824771335061996,3.3399982669379824e-05,0.001808389847261671,0.0018490771508368198,0.004026887592241743,0.44907879990137783,0.4591827083525443,0.6533748131236343,0.6461029667977538,0.895,0.646,0.639,True,999,0.0001154160127043724,0.0008599170250818133,near_2x2_bal_strong_500,near_boundary,False,106,2065082011,9.992007221626409e-16,0,0
500,500,0.001601963886679325,0.00028023584689063075,0.0005958777612136146,-0.0007729903780955283,0.0013217280397886944,0.0013688681393091429,0.002751454239233526,0.4803743492956978,0.4975071436007124,0.6309612302491745,0.6188314666180943,0.904,0.621,0.615,True,999,0.0001151250908151269,0.0008470830507576466,near_2x2_bal_strong_500,near_boundary,False,107,2065082011,9.992007221626409e-16,0,0
500,500,0.0009790445829589434,0.0042984994922641295,-2.7016850026484462e-05,0.003250535805278787,-0.003319454909305186,-0.0032775526553052714,0.004939834194465307,-0.6719769892326289,-0.6634944668745176,0.5015983455332025,0.5070139220328865,0.837,0.506,0.517,True,999,0.00011383299715816975,0.0008557080291211605,near_2x2_bal_strong_500,near_boundary,False,108,2065082011,9.992007221626409e-16,0,0
500,500,0.008421019022609277,0.00015832568729928775,0.007414682116348104,-0.0009178291955720397,0.00826269333530999,0.008332511311920143,0.00583318213531388,1.4164984297829368,1.4284675360084185,0.15662962357319163,0.15315733229405232,0.629,0.15,0.147,True,999,0.00011504197027534246,0.0008447079453617334,near_2x2_bal_strong_500,near_boundary,False,109,2065082011,9.992007221626409e-16,0,0
500,500,0.0058263110869389845,0.004706104463942762,0.004820092376235152,0.0036632513417771406,0.0011202066229962226,0.0011568410344580116,0.006739537437545924,0.16621417024194537,0.1716499159145933,0.8679884083224657,0.8637127625742159,0.945,0.86,0.857,True,999,0.00012924999464303255,0.0008846670389175415,near_2x2_bal_strong_500,near_boundary,False,110,2065082011,9.992007221626409e-16,0,0
500,500,0.004607602046787118,0.013235457382143934,0.003601446304685396,0.012201010800112044,-0.008627855335356815,-0.008599564495426648,0.009232292790776867,-0.9345300816256727,-0.9314657464089181,0.35003052630784615,0.3516126953130675,0.651,0.342,0.342,True,999,0.0001134589547291398,0.0008640420855954289,near_2x2_bal_strong_500,near_boundary,False,111,2065082011,9.992007221626409e-16,0,0
500,500,0.00556338973736159,0.00037374825708580417,0.0045572059043479385,-0.0006795888815815943,0.005189641480275786,0.005236794785929533,0.004868359200627978,1.0659939553364028,1.0756796222542555,0.2864263743866369,0.2820705640560812,0.726,0.275,0.27,True,999,0.00011341692879796028,0.0008857500506564975,near_2x2_bal_strong_500,near_boundary,False,112,2065082011,9.992007221626409e-16,0,0
500,500,0.004746565352539034,0.0019720541878934794,0.0037403913257776367,0.0009302358927811838,0.0027745111646455545,0.002810155432996453,0.005259058296418946,0.5275680565349131,0.5343457468250492,0.5977991688583774,0.5931023472053207,0.879,0.602,0.6,True,999,0.00011475000064820051,0.000849124975502491,near_2x2_bal_strong_500,near_boundary,False,113,2065082011,9.992007221626409e-16,0,0
500,500,0.0013347093744666694,0.001326870631942756,0.00032862566365565726,0.0002894560084314435,7.838742523913478e-06,3.9169655224213784e-05,0.0033266721705052537,0.0023563315295726697,0.01177442597785784,0.9981199211922142,0.9906055843695536,1.0,0.999,0.991,True,999,0.0001135410275310278,0.0008445830317214131,near_2x2_bal_strong_500,near_boundary,False,114,2065082011,9.992007221626409e-16,0,0
500,500,0.004238058536411571,0.0016046860714478695,0.0032319333863028987,0.0005506830559625087,0.0026333724649637014,0.00268125033034039,0.004906024880598955,0.5367629657520621,0.5465219593450263,0.5914313561193171,0.5847071972375939,0.867,0.607,0.606,True,999,0.0001141249667853117,0.0008641669992357492,near_2x2_bal_strong_500,near_boundary,False,115,2065082011,9.992007221626409e-16,0,0
500,500,0.002046186863748245,0.009290936869072397,0.001040048219408618,0.00826014144763576,-0.007244750005324152,-0.007220093228227142,0.007252210009205349,-0.9989713475103826,-0.9955714491255161,0.3178085714747526,0.3194584127197829,0.696,0.312,0.316,True,999,0.00011354195885360241,0.0008497079834342003,near_2x2_bal_strong_500,near_boundary,False,116,2065082011,9.992007221626409e-16,0,0
500,500,0.004303758069390762,0.005379372844783681,0.0032976166993989864,0.004340743952354842,-0.001075614775392919,-0.0010431272529558555,0.006521417086351462,-0.16493574343589382,-0.15995407733374312,0.8689945584696406,0.872917249320657,0.936,0.855,0.856,True,999,0.00011670903768390417,0.0008472909685224295,near_2x2_bal_strong_500,near_boundary,False,117,2065082011,9.992007221626409e-16,0,0
500,500,0.0039704493847494415,0.0009312532677706598,0.0029642975269439376,-0.00011542711462197985,0.0030391961169787818,0.0030797246415659174,0.004454166993136519,0.6823264870091122,0.6914255002813103,0.49503252827547006,0.4892981835458108,0.832,0.509,0.506,True,999,0.00011558295227587223,0.0008876250358298421,near_2x2_bal_strong_500,near_boundary,False,118,2065082011,9.992007221626409e-16,0,0
500,500,0.01125637268072266,0.00010708580214052743,0.010250044653616897,-0.0009903288451766912,0.011149286878582132,0.011240373498793588,0.006706861693453767,1.6623701797018409,1.6759512887770975,0.09643857422707508,0.09374773430387008,0.558,0.098,0.094,True,999,0.00012070790398865938,0.0008629580261185765,near_2x2_bal_strong_500,near_boundary,False,119,2065082011,9.992007221626409e-16,0,0
500,500,0.001708837341131586,0.0006402607628065993,0.0007027231172287429,-0.0004063704579380101,0.0010685765783249868,0.001109093575166753,0.0030902348968753807,0.34579137637901025,0.35890267639142487,0.7294995064894427,0.71966789737402,0.94,0.736,0.728,True,999,0.00011320889461785555,0.0008617499843239784,near_2x2_bal_strong_500,near_boundary,False,120,2065082011,9.992007221626409e-16,0,0
500,500,6.82911134308739e-08,0.0019887403886634236,-0.0010060339574238242,0.000951139881749441,-0.0019886720975499927,-0.001957173839173265,0.00295963796247527,-0.6719308654517941,-0.6612882602493713,0.5016277097341431,0.508427468760628,0.883,0.524,0.529,True,999,0.00011629099026322365,0.0008639999432489276,near_2x2_bal_strong_500,near_boundary,False,121,2065082011,9.992007221626409e-16,0,0
500,500,0.01788927725045708,0.002630809698803027,0.016882831670386622,0.0015834636434703953,0.015258467551654054,0.015299368026916227,0.009071559327541471,1.6820115484808638,1.686520197301359,0.09256660055253478,0.09169564823656698,0.442,0.091,0.09,True,999,0.00011470902245491743,0.0008664589840918779,near_2x2_bal_strong_500,near_boundary,False,122,2065082011,9.992007221626409e-16,0,0
500,500,4.344464781147472e-06,0.002675709315399899,-0.0010017087689675463,0.0016336265148311213,-0.0026713648506187515,-0.0026353352837986677,0.0034811964293170942,-0.7673697548698201,-0.7570199893361493,0.4428617057326545,0.44903788680602197,0.833,0.431,0.437,True,999,0.00012187508400529623,0.0008622499881312251,near_2x2_bal_strong_500,near_boundary,False,123,2065082011,9.992007221626409e-16,0,0
500,500,0.012759346912431191,0.004008485536043049,0.011753021733227342,0.0029604890287942,0.008750861376388142,0.008792532704433142,0.008327960747127095,1.0507808144277018,1.0557845997852848,0.29335926932394385,0.29106663565970126,0.652,0.304,0.3,True,999,0.00011812499724328518,0.0008543339790776372,near_2x2_bal_strong_500,near_boundary,False,124,2065082011,9.992007221626409e-16,0,0
500,500,0.0027934900161656895,0.0010019731776090834,0.0017873660577265582,-3.9545550436059784e-05,0.001791516838556606,0.001826911608162618,0.003931058298366818,0.45573397863392223,0.4647378567042925,0.6485812849190538,0.6421191947811271,0.894,0.646,0.64,True,999,0.0001093749888241291,0.0008556249085813761,near_2x2_bal_strong_500,near_boundary,False,125,2065082011,9.992007221626409e-16,0,0
500,500,0.00040045168860813884,0.0032390256361597425,-0.000605596043726564,0.002201048805886785,-0.0028385739475516036,-0.002806644849613349,0.004035782285193996,-0.7033516049578369,-0.6954401033747628,0.48183665811638954,0.48677953551969877,0.825,0.475,0.48,True,999,0.00011191691737622023,0.000845917034894228,near_2x2_bal_strong_500,near_boundary,False,126,2065082011,9.992007221626409e-16,0,0
500,500,0.0031453536453193154,0.0034624736748730123,0.002139035172660897,0.002420121704091116,-0.0003171200295536969,-0.0002810865314302191,0.0053364354964502425,-0.059425440402051666,-0.05267308704793599,0.9526132503510478,0.9579923826732043,0.984,0.953,0.956,True,999,0.00011200003791600466,0.0008768329862505198,near_2x2_bal_strong_500,near_boundary,False,127,2065082011,9.992007221626409e-16,0,0
500,500,0.0005047032492996317,0.0037014929826965637,-0.0005013446181578729,0.0026590414082932057,-0.003196789733396932,-0.0031603860264510786,0.0043770087687219385,-0.7303594537532481,-0.7220424251911868,0.4651704955918592,0.47026839426497136,0.834,0.466,0.47,True,999,0.000112667097710073,0.000884625012986362,near_2x2_bal_strong_500,near_boundary,False,128,2065082011,9.992007221626409e-16,0,0
500,500,0.0009445547997414261,0.001013847321788497,-6.151014781607955e-05,-0.00012147808979534602,-6.929252204707081e-05,5.996794197926647e-05,0.0027034601085471435,-0.02563105030771438,0.02218192226682924,0.9795516196365915,0.9823028379846775,0.999,0.981,0.986,True,999,0.00011616700794547796,0.0009354579960927367,near_2x2_bal_strong_500,near_boundary,False,129,2065082011,9.992007221626409e-16,0,0
500,500,0.00039806208564652223,0.0013549973951571537,-0.0006080517517830231,0.0003012218880940054,-0.0009569353095106314,-0.0009092736398770285,0.0027578661124266772,-0.3469839616937072,-0.3297018792101363,0.7286033678347883,0.7416252336684632,0.951,0.731,0.748,True,999,0.00011625001206994057,0.0008084590081125498,near_2x2_bal_strong_500,near_boundary,False,130,2065082011,9.992007221626409e-16,0,0
500,500,0.003127951125320605,0.0024664089923915333,0.002121836636433727,0.0014120885355168866,0.0006615421329290716,0.0007097481009168405,0.004884550503011765,0.13543562146018787,0.14530469087774134,0.8922674617278507,0.8844703112488331,0.961,0.903,0.893,True,999,0.0001106249401345849,0.0008510419866070151,near_2x2_bal_strong_500,near_boundary,False,131,2065082011,9.992007221626409e-16,0,0
500,500,0.002996212341014881,2.4387342984488747e-06,0.0019900668235663943,-0.0010733099459514506,0.0029937736067164322,0.003063376769517845,0.0034585739078765824,0.865609261637691,0.8857340774303789,0.3867044748824747,0.3757608405727748,0.864,0.4,0.387,True,999,0.0001206669257953763,0.0008438329678028822,near_2x2_bal_strong_500,near_boundary,False,132,2065082011,9.992007221626409e-16,0,0
500,500,0.001134988695000838,0.000557206902796592,0.00012892523790242194,-0.0005055873605499528,0.0005777817922042461,0.0006345125984523747,0.0026329694406087515,0.21944113110202335,0.240987452670804,0.8263064327384684,0.8095648413060453,0.972,0.847,0.816,True,999,0.00011304195504635572,0.0008439589291810989,near_2x2_bal_strong_500,near_boundary,False,133,2065082011,9.992007221626409e-16,0,0
500,500,0.004586895868642027,0.002716390642443889,0.0035807566485459574,0.0016742640172253687,0.001870505226198138,0.0019064926313205888,0.005528055691191299,0.3383658433793823,0.3448758004298865,0.7350875107154801,0.7301877442034482,0.907,0.721,0.718,True,999,0.00011508306488394737,0.0008492909837514162,near_2x2_bal_strong_500,near_boundary,False,134,2065082011,9.992007221626409e-16,0,0
500,500,0.0012180545295775724,0.004888488766351007,0.00021197085811763827,0.003849986590893195,-0.0036704342367734344,-0.003638015732775557,0.005266831620270756,-0.6968960660612016,-0.6907408466930512,0.4858678398838705,0.48972841514247534,0.796,0.467,0.47,True,999,0.00011745793744921684,0.0008696670411154628,near_2x2_bal_strong_500,near_boundary,False,135,2065082011,9.992007221626409e-16,0,0
500,500,0.003796688265162329,0.005461417131511048,0.0027904980460107254,0.004422708412363363,-0.0016647288663487192,-0.0016322103663526377,0.00639846002984713,-0.26017648912131947,-0.2550942506069908,0.7947276388827557,0.7986503046589808,0.917,0.784,0.788,True,999,0.00012795801740139723,0.0008557920809835196,near_2x2_bal_strong_500,near_boundary,False,136,2065082011,9.992007221626409e-16,0,0
500,500,0.000229393703962244,0.00325074700184802,-0.0007766868872636223,0.0022161868845955723,-0.003021353297885776,-0.0029928737718591947,0.003939307591866152,-0.7669757254102828,-0.759746148800072,0.44309594832903554,0.44740633774936833,0.785,0.425,0.425,True,999,0.00012183305807411671,0.0009141250047832727,near_2x2_bal_strong_500,near_boundary,False,137,2065082011,9.992007221626409e-16,0,0
500,500,0.004629007729066825,0.0022576922278563782,0.003622870832771241,0.0011940027923742491,0.002371315501210447,0.002428868040396992,0.005381477987037172,0.44064390989286556,0.4513384698864541,0.6594708089457667,0.6517456224886009,0.885,0.657,0.649,True,999,0.00013137503992766142,0.0008586249314248562,near_2x2_bal_strong_500,near_boundary,False,138,2065082011,9.992007221626409e-16,0,0
500,500,0.007297179902211903,0.0069506452607338565,0.006290965978053009,0.0059178643411996745,0.0003465346414780468,0.00037310163685333464,0.007853174885420245,0.044126693539119216,0.04750965594132047,0.9648034151365313,0.9621070346990269,0.971,0.944,0.943,True,999,0.0001159169478341937,0.0008347920374944806,near_2x2_bal_strong_500,near_boundary,False,139,2065082011,9.992007221626409e-16,0,0
500,500,0.002396675115896474,0.005258104819393983,0.0013905668552638417,0.004215224570742748,-0.002861429703497509,-0.0028246577154789065,0.005890729214996499,-0.4857513559124292,-0.4795090068455278,0.6271434670834666,0.6315765622377033,0.828,0.598,0.6,True,999,0.00011495791841298342,0.0008555409731343389,near_2x2_bal_strong_500,near_boundary,False,140,2065082011,9.992007221626409e-16,0,0
500,500,0.00270251719760084,0.002271067940873117,0.0016963899928441606,0.001229163664305588,0.00043144925672772283,0.0004672263285385725,0.004576738045197046,0.09427003522312086,0.10208719046721333,0.9248946523161375,0.9186874684177482,0.982,0.929,0.923,True,999,0.00011562509462237358,0.0008510419866070151,near_2x2_bal_strong_500,near_boundary,False,141,2065082011,9.992007221626409e-16,0,0
500,500,6.825718561931371e-05,0.0006455192994660464,-0.0009377823034242283,-0.0004079432398498284,-0.0005772621138467326,-0.0005298390635743999,0.0017444080631935919,-0.33092148908662145,-0.3037357340600639,0.7407037896719337,0.7613292315046217,0.959,0.72,0.737,True,999,0.00011620810255408287,0.0008594999089837074,near_2x2_bal_strong_500,near_boundary,False,142,2065082011,9.992007221626409e-16,0,0
500,500,0.008744974752826984,0.0014144775623942119,0.007738704419637088,0.00036757990423552656,0.007330497190432772,0.0073711245154015614,0.006395293076451187,1.1462331910049912,1.1525858826616704,0.25169867792831535,0.24908040044690705,0.667,0.237,0.237,True,999,0.00011920800898224115,0.0008524170843884349,near_2x2_bal_strong_500,near_boundary,False,143,2065082011,9.992007221626409e-16,0,0
500,500,0.00041562168197850635,0.0012727004834743871,-0.0005904375012164564,0.0002258742963476834,-0.0008570788014958808,-0.0008163117975641399,0.0026900574795449294,-0.31860984682039983,-0.3034551505948614,0.7500223856263925,0.7615430216249041,0.952,0.732,0.742,True,999,0.00011633301619440317,0.0008638750296086073,near_2x2_bal_strong_500,near_boundary,False,144,2065082011,9.992007221626409e-16,0,0
500,500,0.004624797740614861,0.00024066657325805263,0.003618660314657518,-0.0008056663311322154,0.004384131167356808,0.0044243266457897334,0.0044060517291971794,0.995024896849233,1.0041476854371576,0.3197241556410926,0.3153074336440065,0.753,0.299,0.296,True,999,0.00011645897757261992,0.0008783339289948344,near_2x2_bal_strong_500,near_boundary,False,145,2065082011,9.992007221626409e-16,0,0
500,500,0.009319604426694661,0.0011492376553086103,0.008313348080207561,0.00010246616051290403,0.00817036677138605,0.008210881919694657,0.006475925129634188,1.261652444682846,1.2679087165664116,0.20707387591481674,0.2048305509407259,0.648,0.199,0.196,True,999,0.00011520902626216412,0.0009060000302270055,near_2x2_bal_strong_500,near_boundary,False,146,2065082011,9.992007221626409e-16,0,0
500,500,0.0009217697238671496,0.0067830833635996735,-8.430057044961359e-05,0.005750441424453356,-0.005861313639732524,-0.00583474199490297,0.005962303909276002,-0.983061871538222,-0.9786052646235335,0.3255769884122892,0.327775057014805,0.707,0.318,0.319,True,999,0.00012229196727275848,0.0008733749855309725,near_2x2_bal_strong_500,near_boundary,False,147,2065082011,9.992007221626409e-16,0,0
500,500,0.0017224141746862154,0.004251319911180551,0.0007163230406490584,0.0032164109056225243,-0.0025289057364943357,-0.002500087864973466,0.005129777634606653,-0.492985450175025,-0.4873676878520623,0.6220228680238814,0.6259977876790949,0.877,0.643,0.648,True,999,0.00012091698590666056,0.0008482920238748193,near_2x2_bal_strong_500,near_boundary,False,148,2065082011,9.992007221626409e-16,0,0
500,500,0.004206099398208485,0.006728010819641361,0.0031999043118844384,0.005695413905186797,-0.0025219114214328764,-0.0024955095933023586,0.006953041433652377,-0.3627062265481333,-0.3589090640570924,0.7168243479207845,0.7196631186631058,0.882,0.728,0.729,True,999,0.00011629203800112009,0.0008183750323951244,near_2x2_bal_strong_500,near_boundary,False,149,2065082011,9.992007221626409e-16,0,0
500,500,0.00423969818742298,0.00914645017251614,0.0032335697038661237,0.008115569440633408,-0.004906751985093161,-0.004881999736767284,0.007778865785757448,-0.6307798746286478,-0.6275978878187973,0.5281844641917424,0.5302673927268053,0.758,0.524,0.528,True,999,0.00011433404870331287,0.0008327920222654939,near_2x2_bal_strong_500,near_boundary,False,150,2065082011,9.992007221626409e-16,0,0
500,500,0.0019154304523116839,0.0024257478705473345,0.0009093217635722795,0.0013782165036104743,-0.0005103174182356507,-0.00046889474003819487,0.004319739748079479,-0.11813614893409577,-0.10854698833342023,0.9059597812811141,0.9135618093747228,0.98,0.903,0.905,True,999,0.0001164580462500453,0.0008483330020681024,near_2x2_bal_strong_500,near_boundary,False,151,2065082011,9.992007221626409e-16,0,0
500,500,0.008405323220870509,0.003162701492844755,0.0073990698539319055,0.002107943493768971,0.005242621728025754,0.005291126360162934,0.0069459247167944025,0.7547766412368004,0.7617598197356837,0.4503830116951242,0.4462033654419575,0.806,0.447,0.443,True,999,0.00011487491428852081,0.0008845831034705043,near_2x2_bal_strong_500,near_boundary,False,152,2065082011,9.992007221626409e-16,0,0
500,500,0.0028727395023084856,0.001949669120136388,0.00186663381435892,0.0007216014068376353,0.0009230703821720976,0.0011450324075212848,0.004198889317864068,0.219836797851498,0.2726988784033371,0.8259982600449709,0.7850846969437626,0.938,0.817,0.78,True,999,0.0001151250908151269,0.0008462090045213699,near_2x2_bal_strong_500,near_boundary,False,153,2065082011,9.992007221626409e-16,0,0
500,500,0.0006208366132804954,0.0020749880945471477,-0.00038526635245261787,0.001020742976550082,-0.0014541514812666523,-0.0014060093290026998,0.003454414194959605,-0.42095458135519176,-0.4070181656427397,0.673788247701036,0.6839946462540427,0.913,0.644,0.65,True,999,0.00014016707427799702,0.0009032910456880927,near_2x2_bal_strong_500,near_boundary,False,154,2065082011,9.992007221626409e-16,0,0
500,500,0.0015586819675010855,0.005543450016902651,0.000552500294645597,0.0045002543956798036,-0.003984768049401566,-0.0039477541010342065,0.0057295982851308614,-0.6954707557321457,-0.6890106259769033,0.4867603320861734,0.49081658069396383,0.786,0.469,0.472,True,999,0.00011562497820705175,0.0008529580663889647,near_2x2_bal_strong_500,near_boundary,False,155,2065082011,9.992007221626409e-16,0,0
500,500,0.0038585681385707726,0.0003572438980001813,0.002852443135964222,-0.000705434596767418,0.0035013242405705913,0.00355787773273164,0.004109635662560981,0.8519792332122913,0.8657404268568409,0.39422561822858626,0.3866325249911706,0.821,0.398,0.385,True,999,0.0001139170490205288,0.0008500419789925218,near_2x2_bal_strong_500,near_boundary,False,156,2065082011,9.992007221626409e-16,0,0
500,500,0.004287209840033723,0.0010419456546693628,0.003281037632461903,-4.785950210361989e-06,0.0032452641853643605,0.003285823582672265,0.0046471765264400715,0.6983303016144228,0.7070580521264039,0.4849706533468796,0.4795304026113735,0.847,0.462,0.457,True,999,0.00011337490286678076,0.0008517920505255461,near_2x2_bal_strong_500,near_boundary,False,157,2065082011,9.992007221626409e-16,0,0
500,500,0.0035861048555931863,0.004679816080687127,0.002579960981449858,0.0036501114625480113,-0.0010937112250939407,-0.0010701504810981533,0.005953189504265366,-0.18371853009387892,-0.17976086269913086,0.8542342714278554,0.857340310075787,0.946,0.858,0.862,True,999,0.00011529203038662672,0.0008415419142693281,near_2x2_bal_strong_500,near_boundary,False,158,2065082011,9.992007221626409e-16,0,0
500,500,0.001271843756271318,0.001158197615202805,0.0002657400760881501,0.00011141428080918558,0.00011364614106851301,0.0001543257952789645,0.003182866219256623,0.03570559779765287,0.04848642218930841,0.9715171070027872,0.9613285852383184,0.991,0.966,0.952,True,999,0.00011266604997217655,0.0008460419485345483,near_2x2_bal_strong_500,near_boundary,False,159,2065082011,9.992007221626409e-16,0,0
500,500,0.0011710104609625738,0.0002482774105018182,0.00016491327551193535,-0.0008872922961984386,0.0009227330504607556,0.001052205571710374,0.002367127941332731,0.3898112283450307,0.4445072669447539,0.6966761402792758,0.6566758761004292,0.934,0.708,0.666,True,999,0.00011487491428852081,0.0008527920581400394,near_2x2_bal_strong_500,near_boundary,False,160,2065082011,9.992007221626409e-16,0,0
500,500,0.00026097698446836404,0.002417068339326145,-0.0007450929919627924,0.001353310879608216,-0.002156091354857781,-0.0020984038715710085,0.003519041280981416,-0.6126928281604228,-0.5962998737502136,0.5400794655457253,0.5509749153848706,0.883,0.542,0.559,True,999,0.00011424999684095383,0.000896165962330997,near_2x2_bal_strong_500,near_boundary,False,161,2065082011,9.992007221626409e-16,0,0
500,500,0.000392979913062641,0.0015040645983002698,-0.0006130621173383588,0.0004407574782874235,-0.0011110846852376288,-0.0010538195956257823,0.002894497789532326,-0.3838609548280742,-0.36407683551765696,0.7010815069682632,0.7158006340941476,0.911,0.668,0.675,True,999,0.00011470797471702099,0.0008799999486654997,near_2x2_bal_strong_500,near_boundary,False,162,2065082011,9.992007221626409e-16,0,0
500,500,0.00234881996480385,0.003024915989279453,0.0013427116957700491,0.001986883287798946,-0.0006760960244756031,-0.0006441715920288971,0.004797382545951956,-0.14093018807643237,-0.13427563590325953,0.887925093508873,0.8931846184866793,0.965,0.879,0.885,True,999,0.00013629207387566566,0.0008474580245092511,near_2x2_bal_strong_500,near_boundary,False,163,2065082011,9.992007221626409e-16,0,0
500,500,0.0026576918680584205,2.636444920028902e-05,0.0016515553746216938,-0.0010495448161123022,0.0026313274188581315,0.002701100190733996,0.0032730614327475963,0.8039346260144111,0.8252519074982766,0.421434731271358,0.4092285893293821,0.863,0.403,0.386,True,999,0.00011799996718764305,0.0008316669845953584,near_2x2_bal_strong_500,near_boundary,False,164,2065082011,9.992007221626409e-16,0,0
500,500,0.0005018471712484596,0.0052572522587077675,-0.0005042036430609187,0.0042220586985592945,-0.004755405087459308,-0.004726262341620213,0.005142178675216253,-0.9247841018008423,-0.9191167091099671,0.35507822194856653,0.3580345303864648,0.723,0.356,0.359,True,999,0.00011670903768390417,0.0008542090654373169,near_2x2_bal_strong_500,near_boundary,False,165,2065082011,9.992007221626409e-16,0,0
500,500,0.00134315598394541,0.000995895150158299,0.00033709120134517434,-6.73677499776204e-05,0.0003472608337871108,0.00040445895132279475,0.0031240535321521764,0.11115713294063852,0.1294660757762883,0.9114917438646325,0.896988866608911,0.99,0.923,0.911,True,999,0.00011579098645597696,0.0008537499234080315,near_2x2_bal_strong_500,near_boundary,False,166,2065082011,9.992007221626409e-16,0,0
500,500,0.016436888440828135,0.0002351031576622864,0.01543047094241956,-0.0008274674584640707,0.016201785283165848,0.01625793840088363,0.008101477743465335,1.9998555567512648,2.006786775906076,0.04551586341065124,0.044772371539689056,0.369,0.04,0.04,True,999,0.0001192920608446002,0.0008468329906463623,near_2x2_bal_strong_500,near_boundary,False,167,2065082011,9.992007221626409e-16,0,0
500,500,0.0038190441491544602,0.005052397304673217,0.002812909407225561,0.004013735406203978,-0.0012333531555187571,-0.0012008259989784165,0.006237761281692344,-0.19772368640310337,-0.19250913023921057,0.8432612564935036,0.8473434167721186,0.941,0.843,0.846,True,999,0.00011729192920029163,0.0008575409883633256,near_2x2_bal_strong_500,near_boundary,False,168,2065082011,9.992007221626409e-16,0,0
500,500,0.0006807549680254432,0.006294058411622949,-0.0003253642285585556,0.004293783506511772,-0.005613303443597506,-0.004619147735070328,0.00419027107236053,-1.3396038935579724,-1.1023505771592472,0.18037415731731998,0.2703092890384151,0.694,0.189,0.307,True,999,0.0001313749235123396,0.0008489580359309912,near_2x2_bal_strong_500,near_boundary,False,169,2065082011,9.992007221626409e-16,0,0
500,500,0.0011804462468694155,0.0001956185674509836,0.00017436955278071764,-0.0008805636533679717,0.0009848276794184319,0.0010549332061486894,0.0023531020168762926,0.4185231546933846,0.4483159670013361,0.675564660899781,0.6539251788203824,0.939,0.679,0.659,True,999,0.0001267909538000822,0.0008588749915361404,near_2x2_bal_strong_500,near_boundary,False,170,2065082011,9.992007221626409e-16,0,0
500,500,6.277021569189856e-09,0.00021144512030080165,-0.0010060330673127282,-0.0008646893203660966,-0.00021143884327923246,-0.00014134374694663165,0.000943090585494815,-0.2241978093422447,-0.14987292750088507,0.8226033879825648,0.88086487116358,1.0,0.831,0.863,True,999,0.00011558400001376867,0.0008896669605746865,near_2x2_bal_strong_500,near_boundary,False,171,2065082011,9.992007221626409e-16,0,0
500,500,0.0022709395874405125,0.0008152100157729492,0.001264841248769244,-0.00023832728356865118,0.0014557295716675633,0.0015031685323378952,0.003548816196054594,0.4102014562732143,0.423569001406454,0.6816581727150169,0.671880166370266,0.934,0.71,0.71,True,999,0.00012070802040398121,0.0008359169587492943,near_2x2_bal_strong_500,near_boundary,False,172,2065082011,9.992007221626409e-16,0,0
500,500,0.00761960751352353,0.00732007859452638,0.006613213239802462,0.006280717053158469,0.0002995289189971495,0.0003324961866439935,0.00811714339332143,0.036900779557940785,0.04096221669775633,0.970564118174774,0.96732601727269,0.994,0.981,0.973,True,999,0.00011374999303370714,0.0008551669307053089,near_2x2_bal_strong_500,near_boundary,False,173,2065082011,9.992007221626409e-16,0,0
500,500,0.0026457058689983715,0.0022324999117975253,0.0016395979442904718,0.0011783390507957847,0.0004132059572008462,0.00046125889349468707,0.0045590973166846505,0.0906332829721931,0.10117329406561383,0.927783984770979,0.9194128961661728,0.986,0.943,0.935,True,999,0.0001247500767931342,0.0008412499446421862,near_2x2_bal_strong_500,near_boundary,False,174,2065082011,9.992007221626409e-16,0,0
500,500,0.0005978893439183564,0.0040059829013738835,-0.00040823872245709936,0.0020056280613971467,-0.003408093557455527,-0.002413866783854246,0.0035509454255140196,-0.9597707509014127,-0.6797814369407902,0.3371706061065165,0.4966428622194521,0.807,0.371,0.534,True,999,0.00011595909018069506,0.000844834023155272,near_2x2_bal_strong_500,near_boundary,False,175,2065082011,9.992007221626409e-16,0,0
500,500,0.017145089407028746,0.005332912705845239,0.016138657710712323,0.004289951253895197,0.011812176701183508,0.011848706456817126,0.009638975922646087,1.2254597164654846,1.2292495128013998,0.22040205904309962,0.21897827014569127,0.596,0.21,0.208,True,999,0.00011687504593282938,0.0008593749953433871,near_2x2_bal_strong_500,near_boundary,False,176,2065082011,9.992007221626409e-16,0,0
500,500,0.0017618162349930522,0.002190470590232585,0.00075562911246152,0.0011561794144370197,-0.00042865435523953277,-0.0004005503019754997,0.00408138959601369,-0.1050265712585246,-0.09814066816035372,0.9163547245009306,0.9218205948555643,0.98,0.916,0.922,True,999,0.00011791696306318045,0.0008655419806018472,near_2x2_bal_strong_500,near_boundary,False,177,2065082011,9.992007221626409e-16,0,0
500,500,0.0014818148843158685,0.010732133655281362,0.00047570619335601805,0.009691758666917849,-0.009250318770965493,-0.009216052473561831,0.007789718155313051,-1.1875036537305559,-1.1831047400958834,0.23502901624949368,0.2367676394978695,0.618,0.233,0.234,True,999,0.0001258330885320902,0.0008521669078618288,near_2x2_bal_strong_500,near_boundary,False,178,2065082011,9.992007221626409e-16,0,0
500,500,0.00019071106628998358,0.0011458443230191184,-0.0008153334376856947,0.00010433717625346617,-0.0009551332567291348,-0.0009196706139391608,0.002391376152739746,-0.39940736869641363,-0.3845779815465312,0.6895930653208614,0.7005501099440714,0.947,0.694,0.711,True,999,0.0001266660401597619,0.0009157499298453331,near_2x2_bal_strong_500,near_boundary,False,179,2065082011,9.992007221626409e-16,0,0
500,500,0.0002962566193228655,0.0010186120065361903,-0.0007097965447542265,-3.502336744531931e-05,-0.0007223553872133248,-0.0006747731773089072,0.0023748700062605323,-0.3041662850215304,-0.2841305736861801,0.761001209325131,0.7763103176598773,0.953,0.743,0.778,True,999,0.00011616700794547796,0.0008693329291418195,near_2x2_bal_strong_500,near_boundary,False,180,2065082011,9.992007221626409e-16,0,0
500,500,1.1521844589523766e-09,0.0015281080086985699,-0.0010060329941552482,0.00048118097467408916,-0.001528106856514111,-0.0014872139688293373,0.002599214985260193,-0.5879109135565177,-0.5721781296518882,0.5565920906927655,0.5672013025031083,0.891,0.558,0.579,True,999,0.0001152919139713049,0.0008555420208722353,near_2x2_bal_strong_500,near_boundary,False,181,2065082011,9.992007221626409e-16,0,0
500,500,0.0005089135154701108,9.980508559415124e-05,-0.0004971367146140437,-0.0009626973657930193,0.0004091084298759595,0.0004655606511789756,0.001563964272469599,0.2615842555213562,0.2976798507320284,0.7936419837421717,0.7659475234118911,0.976,0.802,0.774,True,999,0.0001147089060395956,0.0008514169603586197,near_2x2_bal_strong_500,near_boundary,False,182,2065082011,9.992007221626409e-16,0,0
500,500,0.006205239105774085,0.0014869429620933405,0.005199045436313554,0.0004331061514619705,0.004718296143680745,0.004765939284851584,0.005595006661323896,0.8433048304118188,0.8518201270065802,0.39905798199097775,0.3943139335894116,0.785,0.388,0.383,True,999,0.00011512497439980507,0.0008572080405429006,near_2x2_bal_strong_500,near_boundary,False,183,2065082011,9.992007221626409e-16,0,0
500,500,0.004077531176726712,0.0016473801072070526,0.003071366477115589,0.0005839932287017291,0.0024301510695196593,0.00248737324841386,0.00487320135520462,0.498676515166819,0.5104187303398257,0.6180072918292745,0.6097581374500753,0.862,0.593,0.579,True,999,0.000114459078758955,0.0008677080040797591,near_2x2_bal_strong_500,near_boundary,False,184,2065082011,9.992007221626409e-16,0,0
500,500,0.005351174512409407,0.0028775749950537555,0.004345006317180378,0.0018396857253719645,0.0024735995173556513,0.002505320591808413,0.005851161417776638,0.4227535938148132,0.4281749233916027,0.6724750489156741,0.6685237719011414,0.876,0.661,0.658,True,999,0.000116499955765903,0.0008949169423431158,near_2x2_bal_strong_500,near_boundary,False,185,2065082011,9.992007221626409e-16,0,0
500,500,0.00037999349616779643,0.011937908998179037,-0.0006260555111907706,0.01090601090587029,-0.01155791550201124,-0.01153206641706106,0.007744460779785073,-1.4924106184616768,-1.4890728670435724,0.13559153305654534,0.13646818178467637,0.418,0.125,0.126,True,999,0.00011854211334139109,0.000852791010402143,near_2x2_bal_strong_500,near_boundary,False,186,2065082011,9.992007221626409e-16,0,0
500,500,0.015788762984748184,5.15552661974894e-05,0.014782350579139347,-0.0010457708241915498,0.015737207718550694,0.015828121403330897,0.007895965029288295,1.9930695817644941,2.0045835239416667,0.046253828294419465,0.04500758948519039,0.415,0.048,0.048,True,999,0.00011604209430515766,0.0008501668926328421,near_2x2_bal_strong_500,near_boundary,False,187,2065082011,9.992007221626409e-16,0,0
500,500,0.0031337896257976894,0.0008132912803927028,0.0021276283131328455,-0.0003220909314052278,0.0023204983454049866,0.0024497192445380733,0.003919763186619368,0.5919996272546044,0.62496613389822,0.5538508379973428,0.5319932853981534,0.876,0.556,0.532,True,999,0.00011520797852426767,0.0008947920287027955,near_2x2_bal_strong_500,near_boundary,False,188,2065082011,9.992007221626409e-16,0,0
500,500,0.006648955107714016,0.0013766556937640506,0.005642758116493951,0.00032284944458638165,0.005272299413949966,0.0053199086719075694,0.005704130166148897,0.9242950739866306,0.9326415276212514,0.35533270679424556,0.3510050844094956,0.754,0.344,0.331,True,999,0.0001170419855043292,0.000871166936121881,near_2x2_bal_strong_500,near_boundary,False,189,2065082011,9.992007221626409e-16,0,0
500,500,0.00436902996262889,0.0001250207491156341,0.0033628685266648972,-0.0009510168082158543,0.004244009213513256,0.0043138853348807515,0.0042327400954615575,1.0026623694811267,1.0191708532981272,0.3160237920559298,0.30812186138409503,0.804,0.342,0.335,True,999,0.00012108404189348221,0.0008490419713780284,near_2x2_bal_strong_500,near_boundary,False,190,2065082011,9.992007221626409e-16,0,0
500,500,0.0015818191704425333,2.4678774089847977e-06,0.000575735432505553,-0.001133443804945955,0.0015793512930335485,0.001709179237451508,0.0025153410254682086,0.6278875417060261,0.6795019920344039,0.5300776128409372,0.49681984587271066,0.921,0.509,0.473,True,999,0.00011208304204046726,0.0008482499979436398,near_2x2_bal_strong_500,near_boundary,False,191,2065082011,9.992007221626409e-16,0,0
500,500,0.0007825369319734987,0.003004819650904378,-0.00022365753613939887,0.001957335846952901,-0.002222282718930879,-0.0021809933830923,0.004124519067665359,-0.538798022865919,-0.5287873197606112,0.5900262280109676,0.5969529950299106,0.873,0.625,0.63,True,999,0.00010729208588600159,0.0008568329503759742,near_2x2_bal_strong_500,near_boundary,False,192,2065082011,9.992007221626409e-16,0,0
500,500,0.0001283011308926829,0.0024625114648594293,-0.0008777532573844837,0.00141522074278555,-0.0023342103339667464,-0.002292974000170034,0.003423874997277512,-0.681745196837732,-0.6697014353600199,0.49540008301606375,0.5030481365034294,0.858,0.49,0.504,True,999,0.00011370901484042406,0.0008480839896947145,near_2x2_bal_strong_500,near_boundary,False,193,2065082011,9.992007221626409e-16,0,0
500,500,2.08273970623285e-05,0.00041909332291856227,-0.000985262123663233,-0.0006274285588574458,-0.00039826592585623377,-0.0003578335648057873,0.0013587889794424873,-0.2931035884759992,-0.26334741466081574,0.7694429739633567,0.7922828173905129,0.976,0.785,0.807,True,999,0.00011687492951750755,0.0008826669072732329,near_2x2_bal_strong_500,near_boundary,False,194,2065082011,9.992007221626409e-16,0,0
500,500,0.0003921077378385984,0.000722809920027323,-0.0006139347567000186,-0.00032395138870811024,-0.0003307021821887246,-0.0002899833679919084,0.0021582822199626363,-0.15322471692068595,-0.13435841027172457,0.8782210665383169,0.8931191671726106,0.965,0.858,0.872,True,999,0.00011579098645597696,0.0008735000155866146,near_2x2_bal_strong_500,near_boundary,False,195,2065082011,9.992007221626409e-16,0,0
500,500,0.003914423123213662,0.001488511737068099,0.0029082965579050324,0.0004345450291225461,0.002425911386145563,0.0024737515287824863,0.004715244411048762,0.5144826385799146,0.524628484365729,0.6069145955608553,0.5998414813536412,0.89,0.596,0.591,True,999,0.00011437491048127413,0.0009098750306293368,near_2x2_bal_strong_500,near_boundary,False,196,2065082011,9.992007221626409e-16,0,0
500,500,0.00022851471992302308,0.009092874109179472,-0.0007775495202508864,0.00805897700425362,-0.008864359389256449,-0.008836526524504507,0.006682932207338302,-1.3264176732965802,-1.322252904915213,0.18470138797441482,0.18608394938939266,0.535,0.191,0.192,True,999,0.0001140000531449914,0.0008414170006290078,near_2x2_bal_strong_500,near_boundary,False,197,2065082011,9.992007221626409e-16,0,0
500,500,0.0004411873889940132,0.0010731858401396566,-0.0005649617849030619,1.9468204953909662e-05,-0.0006319984511456433,-0.0005844299898569716,0.002543245027556846,-0.24850081069568397,-0.22979696550056797,0.8037469429027183,0.8182495428123838,0.964,0.802,0.823,True,999,0.0001103340182453394,0.000836416962556541,near_2x2_bal_strong_500,near_boundary,False,198,2065082011,9.992007221626409e-16,0,0
500,500,0.004906223123397391,0.005618954787939612,0.003900024017582382,0.004586607948368737,-0.000712731664542221,-0.0006865839307863553,0.006745343546651219,-0.10566276715380382,-0.10178635469608001,0.9158499224326873,0.918926256768007,0.963,0.903,0.908,True,999,0.00011087500024586916,0.0008485829457640648,near_2x2_bal_strong_500,near_boundary,False,199,2065082011,9.992007221626409e-16,0,0
500,500,0.00021332748415936464,0.0009681948140502494,-0.000792722149014935,-0.00010863665637828035,-0.0007548673298908848,-0.0006840854926366546,0.002275776077202479,-0.3316966627133251,-0.3005943772278219,0.7401183209199027,0.7637238196029238,0.962,0.74,0.768,True,999,0.00011454196646809578,0.0008460830431431532,near_2x2_bal_strong_500,near_boundary,False,200,2065082011,9.992007221626409e-16,0,0
500,500,0.010771808189265597,0.0008791789293686736,0.009765421981740019,-0.0002174534721461896,0.009892629259896923,0.009982875453886209,0.006764232747157587,1.4624909623421705,1.4758326372020736,0.14360671915726103,0.13998882682959282,0.532,0.135,0.13,True,999,0.0001170838950201869,0.0008522089337930083,near_2x2_bal_strong_500,near_boundary,False,201,2065082011,9.992007221626409e-16,0,0
500,500,0.005417540259069931,0.009241517885659689,0.004411339990724628,0.00821458944815845,-0.0038239776265897585,-0.0038032494574338216,0.008044384407160337,-0.47535988250213673,-0.4727831571609799,0.6345304836486265,0.6363678916343766,0.817,0.614,0.617,True,999,0.00011633301619440317,0.0008962089195847511,near_2x2_bal_strong_500,near_boundary,False,202,2065082011,9.992007221626409e-16,0,0
500,500,0.0018011104627256858,0.002630809698803027,0.0007950384736545857,0.0015834636434703953,-0.0008296992360773414,-0.0007884251698158096,0.004384578006751657,-0.18923126348755043,-0.17981779970654907,0.8499115655775044,0.8572956092458117,0.97,0.854,0.862,True,999,0.00011466699652373791,0.0008755410090088844,near_2x2_bal_strong_500,near_boundary,False,203,2065082011,9.992007221626409e-16,0,0
500,500,0.0022208399142868984,0.003670025989812753,0.0012146858980486286,0.0026319140652617534,-0.0014491860755258545,-0.0014172281672131248,0.005064476960257851,-0.28614723433396194,-0.279837025290953,0.7747653555384296,0.7796025439884845,0.93,0.781,0.785,True,999,0.00011708401143550873,0.0008642500033602118,near_2x2_bal_strong_500,near_boundary,False,204,2065082011,9.992007221626409e-16,0,0
500,500,0.0013785592176834838,0.006812710642304154,0.0003724028404690216,0.005776988376624104,-0.00543415142462067,-0.005404585536155082,0.0061557365438417565,-0.8827784272309436,-0.8779754457753506,0.3773559983773529,0.37995704397637253,0.72,0.378,0.381,True,999,0.00015383295249193907,0.0008506659651175141,near_2x2_bal_strong_500,near_boundary,False,205,2065082011,9.992007221626409e-16,0,0
500,500,0.006677948328248751,0.004216706124115954,0.005671726747721095,0.00317402997623617,0.0024612422041327964,0.002497696771484925,0.006802040328180031,0.3618388138535679,0.36719817157467727,0.7174724853766841,0.7134712030813415,0.894,0.731,0.731,True,999,0.00011437502689659595,0.0008260420290753245,near_2x2_bal_strong_500,near_boundary,False,206,2065082011,9.992007221626409e-16,0,0
500,500,0.00074498056977923,0.0014538457200493626,-0.00026111384039495533,0.0004121725453387626,-0.0007088651502701326,-0.0006732863857337179,0.0030545298400614274,-0.2320701343208607,-0.220422264959827,0.8164835410406556,0.8255423068631205,0.961,0.818,0.83,True,999,0.00011491705663502216,0.0008524169679731131,near_2x2_bal_strong_500,near_boundary,False,207,2065082011,9.992007221626409e-16,0,0
500,500,0.0006583170395008109,0.0010801833751782897,-0.0003477562773355203,3.3399982669379824e-05,-0.0004218663356774788,-0.0003811562600049001,0.002706730505171506,-0.15585827065954916,-0.1408179570432517,0.8761447384443486,0.8880137567546218,0.978,0.872,0.881,True,999,0.00011487503070384264,0.0008396669290959835,near_2x2_bal_strong_500,near_boundary,False,208,2065082011,9.992007221626409e-16,0,0
500,500,0.0009420092832699289,0.0003670300779594071,-6.406969106365068e-05,-0.0007297484203263593,0.0005749792053105218,0.0006656787292627087,0.0022653082210983225,0.25381941404501074,0.2938579055436253,0.7996350742607298,0.7688664851443177,0.961,0.799,0.769,True,999,0.0001145839923992753,0.0008543749572709203,near_2x2_bal_strong_500,near_boundary,False,209,2065082011,9.992007221626409e-16,0,0
500,500,0.0038930630086601026,0.000814540675086517,0.0028869103946362884,-0.00024839887709049435,0.0030785223335735856,0.0031353092717267828,0.0043672639822441755,0.7049086902211135,0.7179115538868029,0.48086706172298055,0.47281182340711336,0.855,0.484,0.478,True,999,0.00011725001968443394,0.0008810000726953149,near_2x2_bal_strong_500,near_boundary,False,210,2065082011,9.992007221626409e-16,0,0
500,500,0.0015942522344685184,0.004003628343729082,0.0005881642410372478,0.0029611796062170015,-0.0024093761092605637,-0.0023730153651797536,0.005003866257547226,-0.48150289900865206,-0.47423636904775074,0.6301591198333433,0.6353313611822092,0.872,0.637,0.641,True,999,0.0001165829598903656,0.000847332994453609,near_2x2_bal_strong_500,near_boundary,False,211,2065082011,9.992007221626409e-16,0,0
500,500,0.0008393661853105527,0.0036943168711403573,-0.00016671434781301286,0.002659623131847866,-0.0028549506858298046,-0.0028263374796608787,0.004481650257589737,-0.6370311206223435,-0.6306465960556464,0.5241045727269177,0.528271624628921,0.822,0.502,0.504,True,999,0.00012737500946968794,0.0008747089887037873,near_2x2_bal_strong_500,near_boundary,False,212,2065082011,9.992007221626409e-16,0,0
500,500,0.007750239529366709,0.004622447850774758,0.006744015119011237,0.003587503551386817,0.0031277916785919513,0.0031565115676244204,0.007213498043812935,0.433602623802564,0.43758403321836087,0.6645770291161439,0.6616878476871175,0.847,0.658,0.653,True,999,0.00011462497059255838,0.0008637499995529652,near_2x2_bal_strong_500,near_boundary,False,213,2065082011,9.992007221626409e-16,0,0
500,500,8.010402954172768e-06,0.0006811161443958658,-0.0009980331472547732,-0.00039538524097793015,-0.000673105741441693,-0.0006026479062768431,0.00173789467108136,-0.38731101063959783,-0.34676894768418903,0.6985259751289944,0.728764907415559,0.959,0.699,0.732,True,999,0.0001159169478341937,0.00085575005505234,near_2x2_bal_strong_500,near_boundary,False,214,2065082011,9.992007221626409e-16,0,0
500,500,0.001847788697769026,0.0003017851734650745,0.0008416956699761613,-0.0007608593983263745,0.0015460035243039516,0.0016025550683025358,0.0029410632476742403,0.5256614340159171,0.5448896991827082,0.5991234640075479,0.5858293812531399,0.919,0.612,0.599,True,999,0.00011708296369761229,0.0008471249602735043,near_2x2_bal_strong_500,near_boundary,False,215,2065082011,9.992007221626409e-16,0,0
500,500,0.007728995548163309,0.007523359840015564,0.006722769247517135,0.006493008918170062,0.00020563570814774446,0.0002297603293470729,0.008120711215083483,0.025322376661516398,0.028293128922047366,0.9797978256576751,0.9774283607336391,0.991,0.978,0.976,True,999,0.00012199999764561653,0.0008506670128554106,near_2x2_bal_strong_500,near_boundary,False,216,2065082011,9.992007221626409e-16,0,0
500,500,0.0022747972323379217,0.005520670785752635,0.0012686381041930872,0.004481903785716668,-0.003245873553414713,-0.0032132656815235805,0.005931592749081375,-0.5472178705993261,-0.5417205491764785,0.5842290601787975,0.5880110313999118,0.81,0.6,0.603,True,999,0.00011454103514552116,0.0008541250135749578,near_2x2_bal_strong_500,near_boundary,False,217,2065082011,9.992007221626409e-16,0,0
500,500,7.318810501921735e-05,0.00584087096400443,-0.0009329770857107178,0.004797766010227633,-0.0057676828589852125,-0.005730743095938351,0.0053397114860520385,-1.0801487822050098,-1.0732308498142145,0.28007593174348777,0.2831675523529559,0.743,0.264,0.269,True,999,0.000118291936814785,0.0008462909609079361,near_2x2_bal_strong_500,near_boundary,False,218,2065082011,9.992007221626409e-16,0,0
500,500,0.004014585010109761,0.003106973756944187,0.0030084223133144405,0.002059206919113876,0.0009076112531655744,0.0009492153942005643,0.005510854923532013,0.16469518173849312,0.1722446711756647,0.8691839096089633,0.8632451801263874,0.957,0.88,0.875,True,999,0.00011679204180836678,0.0008932499913498759,near_2x2_bal_strong_500,near_boundary,False,219,2065082011,9.992007221626409e-16,0,0
500,500,0.0021426664311976484,1.4776517254067034e-05,0.0011364617282652034,-0.001038191178793113,0.0021278899139435814,0.0021746529070583165,0.0029344054615254305,0.7251519743414778,0.7410880791940178,0.46835880199205693,0.45864003705253764,0.876,0.505,0.497,True,999,0.00011608295608311892,0.0008769170381128788,near_2x2_bal_strong_500,near_boundary,False,220,2065082011,9.992007221626409e-16,0,0
500,500,0.0002760625245943338,0.008334426275660112,-0.0007299927167991882,0.007305959004753504,-0.008058363751065778,-0.008035951721552692,0.006332496064336383,-1.272541454300968,-1.2690022449141187,0.20318080498664837,0.20444026338570687,0.567,0.187,0.19,True,999,0.00011795805767178535,0.0008917920058593154,near_2x2_bal_strong_500,near_boundary,False,221,2065082011,9.992007221626409e-16,0,0
500,500,0.0035941599977484806,0.002399682176248419,0.0025880349375029255,0.0013523257146346168,0.0011944778215000618,0.0012357092228683086,0.005022159070611792,0.2378414950035727,0.2460513905462131,0.8120040336110314,0.805642451137871,0.965,0.841,0.839,True,999,0.0001235000090673566,0.0008423749823123217,near_2x2_bal_strong_500,near_boundary,False,222,2065082011,9.992007221626409e-16,0,0
500,500,1.8504274975628121e-06,0.008619810182191434,-0.0010042144020872001,0.00861979617485531,-0.008617959754693871,-0.00962401057694251,0.0017526288493471247,-4.91716187252319,-5.49118575819836,8.780794175717258e-07,3.992441672001817e-08,0.494,0.001,0.001,True,999,0.00011695909779518843,0.000826708972454071,near_2x2_bal_strong_500,near_boundary,False,223,2065082011,9.992007221626409e-16,0,1
500,500,0.000989194446036623,0.0002621872690388716,-1.6869227295046585e-05,-0.0008734764635960346,0.0007270071769977515,0.000856607236300988,0.0022199372132973632,0.3274899725285014,0.3858700287422248,0.7432973259738443,0.6995929284390396,0.96,0.782,0.717,True,999,0.0001157090300694108,0.000862209009937942,near_2x2_bal_strong_500,near_boundary,False,224,2065082011,9.992007221626409e-16,0,0
500,500,0.0008102992448709712,2.309859634264111e-05,-0.00019575600896359902,-0.0010527868872145518,0.00078720064852833,0.0008570308782509528,0.0018254961736297037,0.4312255812418982,0.46947832081558716,0.6663043551564567,0.6387277772772992,0.949,0.695,0.651,True,999,0.00011595792602747679,0.0008345410460606217,near_2x2_bal_strong_500,near_boundary,False,225,2065082011,9.992007221626409e-16,0,0
500,500,0.0011341882198312447,0.0019995911267894906,0.00012812507713988452,0.0009653743494197897,-0.0008654029069582458,-0.0008372492722799052,0.003643590377182375,-0.23751377552694894,-0.22978688206091882,0.8122582335966626,0.8182573785962904,0.961,0.825,0.829,True,999,0.00011595792602747679,0.000842666020616889,near_2x2_bal_strong_500,near_boundary,False,226,2065082011,9.992007221626409e-16,0,0
500,500,0.002555681956335043,0.0034909110735519833,0.0015495858332315038,0.0024562658741160703,-0.0009352291172169402,-0.0009066800408845666,0.005093753182643838,-0.18360314755799048,-0.17799842441795885,0.8543247937073009,0.8587242131144182,0.956,0.869,0.873,True,999,0.00011566607281565666,0.0008765419479459524,near_2x2_bal_strong_500,near_boundary,False,227,2065082011,9.992007221626409e-16,0,0
500,500,0.0011589808273085866,0.001763061505096808,0.00015291999847022453,0.000709105453012171,-0.0006040806777882213,-0.0005561854545419465,0.003546880955842112,-0.1703132090726734,-0.15680973268241394,0.8647638236856824,0.8753948021788786,0.962,0.872,0.875,True,999,0.0001180840190500021,0.0008621669840067625,near_2x2_bal_strong_500,near_boundary,False,228,2065082011,9.992007221626409e-16,0,0
500,500,0.0060627446901502235,0.00168452364545435,0.0050565490374197,0.0006375198219643607,0.004378221044695874,0.004419029215455339,0.005621141493974428,0.7788846890598822,0.7861444548571334,0.43604764390835316,0.43178286288317247,0.818,0.437,0.435,True,999,0.0001248749904334545,0.000852084020152688,near_2x2_bal_strong_500,near_boundary,False,229,2065082011,9.992007221626409e-16,0,0
500,500,0.005964611495106631,0.0003616862427087697,0.004958342543091021,-0.000691626405568968,0.005602925252397861,0.005649968948659989,0.0050220343042907435,1.1156684548352873,1.1250359130029735,0.26456407818994765,0.2605738163278223,0.704,0.261,0.26,True,999,0.00011404103133827448,0.0008783331140875816,near_2x2_bal_strong_500,near_boundary,False,230,2065082011,9.992007221626409e-16,0,0
500,500,0.002850229861243503,0.0006984522499882129,0.001844059339305204,-0.00039827447270113225,0.00215177761125529,0.0022423338120063363,0.003729757689740266,0.5769215563719734,0.6012009354319445,0.563992447843805,0.547706161513459,0.844,0.558,0.544,True,999,0.00011408398859202862,0.0008402920793741941,near_2x2_bal_strong_500,near_boundary,False,231,2065082011,9.992007221626409e-16,0,0
500,500,0.00036890564664004977,0.0027901751421980925,-0.0006371494343397899,0.0017481047756007229,-0.0024212694955580427,-0.0023852542099405127,0.0037595115771616454,-0.6440383134518904,-0.6344585356327939,0.5195505896680409,0.5257816188163245,0.868,0.524,0.524,True,999,0.0001153749180957675,0.0008517920505255461,near_2x2_bal_strong_500,near_boundary,False,232,2065082011,9.992007221626409e-16,0,0
500,500,0.0034724693477422575,0.000532127761589396,0.002466338958072356,-0.0005442896447505063,0.0029403415861528615,0.0030106286028228624,0.004018825026070051,0.7316421011312796,0.7491315454872917,0.46438704419053045,0.4537779233901248,0.857,0.457,0.444,True,999,0.00011437502689659595,0.0008446659194305539,near_2x2_bal_strong_500,near_boundary,False,233,2065082011,9.992007221626409e-16,0,0
500,500,0.0013452052813268667,0.0020993740279071083,0.00033911771237171706,0.0010575343297318796,-0.0007541687465802416,-0.0007184166173601625,0.003837822307769885,-0.1965095531008262,-0.18719381976223548,0.8442113561467074,0.8515086703076397,0.957,0.85,0.859,True,999,0.00011462497059255838,0.0008535829838365316,near_2x2_bal_strong_500,near_boundary,False,234,2065082011,9.992007221626409e-16,0,0
500,500,5.695093317026334e-05,0.004985446904851365,-0.0009491076602330395,0.003957723715330985,-0.004928495971681102,-0.004906831375564025,0.0047612512844452115,-1.035126204697969,-1.0305760150896501,0.3006099761459722,0.302739688449034,0.667,0.289,0.289,True,999,0.00011691602412611246,0.0008522080024704337,near_2x2_bal_strong_500,near_boundary,False,235,2065082011,9.992007221626409e-16,0,0
500,500,0.0003765010186430606,0.007631086573086088,-0.0006296760645341237,0.006602789286603183,-0.007254585554443027,-0.007232465351137307,0.006078523966585191,-1.1934781526441076,-1.189839077857643,0.23268216343404524,0.23410964710172688,0.528,0.24,0.241,True,999,0.00011529203038662672,0.0008827080018818378,near_2x2_bal_strong_500,near_boundary,False,236,2065082011,9.992007221626409e-16,0,0
500,500,0.00029187917176365374,1.4287906777710191e-05,-0.000714170833703065,-0.0010614566113815727,0.00027759126498594355,0.00034728577767850766,0.0011061689267386906,0.25094834819159473,0.31395365507364925,0.8018540436574335,0.7535562381902663,0.976,0.82,0.757,True,999,0.00011500006075948477,0.000858625047840178,near_2x2_bal_strong_500,near_boundary,False,237,2065082011,9.992007221626409e-16,0,0
500,500,0.000538541491729494,3.987284844464423e-06,-0.0004676488590007466,-0.0010931245458323247,0.0005345542068850295,0.0006254756868315781,0.001472664346605505,0.362984415367411,0.42472386071768564,0.7166165262478621,0.6710379875971091,0.97,0.739,0.696,True,999,0.0001139170490205288,0.0008873339975252748,near_2x2_bal_strong_500,near_boundary,False,238,2065082011,9.992007221626409e-16,0,0
500,500,0.001212034255156258,0.0005033743454715411,0.0002059488751342542,-0.0005730935170902285,0.0007086599096847168,0.0007790423922244827,0.0026494959772558565,0.267469705848994,0.2940341857138257,0.7891075359862749,0.7687317809645965,0.959,0.801,0.78,True,999,0.00013079203199595213,0.0008493330096825957,near_2x2_bal_strong_500,near_boundary,False,239,2065082011,9.992007221626409e-16,0,0
500,500,0.00874849244250775,0.00041254167138260467,0.007742265009028415,-0.000650161008422856,0.008335950771125145,0.008392426017451271,0.006036810294681162,1.380853524330503,1.3902086710999624,0.1673240023540129,0.16446552114429736,0.653,0.169,0.164,True,999,0.00011170899961143732,0.0008300839690491557,near_2x2_bal_strong_500,near_boundary,False,240,2065082011,9.992007221626409e-16,0,0
500,500,0.007636380774256324,0.003614011645244053,0.006630165187118564,0.0025659529608788034,0.004022369129012271,0.004064212226239761,0.006872608698321739,0.5852754471521878,0.5913638335370707,0.5583625213882799,0.5542766675557594,0.845,0.557,0.552,True,999,0.00011116696987301111,0.0008534160442650318,near_2x2_bal_strong_500,near_boundary,False,241,2065082011,9.992007221626409e-16,0,0
500,500,3.0000411791242243e-05,0.0010186120065361903,-0.0009760708287558373,-3.502336744531931e-05,-0.000988611594744948,-0.000941047461310518,0.0021390053798454943,-0.46218284631727197,-0.4399462807234698,0.6439502034022113,0.6599760150287666,0.92,0.635,0.66,True,999,0.00011224998161196709,0.0008505829609930515,near_2x2_bal_strong_500,near_boundary,False,242,2065082011,9.992007221626409e-16,0,0
500,500,0.0001336914818321766,0.0029907363956239164,-0.0008723918239184059,0.0019485919009980535,-0.0028570449137917397,-0.0028209837249164593,0.003764117695098525,-0.7590211425939372,-0.749440892507114,0.4478399094111897,0.4535915117374083,0.826,0.446,0.451,True,999,0.0001129580195993185,0.0008565830066800117,near_2x2_bal_strong_500,near_boundary,False,243,2065082011,9.992007221626409e-16,0,0
500,500,0.013250886478466173,0.006156883601694307,0.012244476731609666,0.00512441700473687,0.0070940028767718655,0.007120059726872796,0.008999842785664519,0.7882363109799665,0.7911315671218222,0.43055849340788865,0.428867220004166,0.713,0.405,0.401,True,999,0.00011870800517499447,0.0008582499576732516,near_2x2_bal_strong_500,near_boundary,False,244,2065082011,9.992007221626409e-16,0,0
500,500,0.008038156268835417,0.0033290256244002947,0.007031905380813441,0.0022866654149424903,0.004709130644435122,0.004745239965870951,0.006869198786445504,0.6855429273246992,0.6907996279325024,0.49300138193767773,0.4896914694289235,0.762,0.458,0.458,True,999,0.00012574996799230576,0.000864375033415854,near_2x2_bal_strong_500,near_boundary,False,245,2065082011,9.992007221626409e-16,0,0
500,500,0.003932216888804074,0.009166741329852734,0.0029260786508871206,0.008130535415205031,-0.00523452444104866,-0.005204456764317911,0.007790953989565027,-0.6718720772911285,-0.6680127711302886,0.5016651378932742,0.5041254403583316,0.759,0.485,0.487,True,999,0.00011629192158579826,0.0008657500147819519,near_2x2_bal_strong_500,near_boundary,False,246,2065082011,9.992007221626409e-16,0,0
500,500,0.0013631861876723939,0.0011011775773416832,0.00035712009275812306,4.741755881809695e-05,0.00026200861033071066,0.0003097025339400261,0.0032059123081753915,0.08172669279273889,0.09660355748042584,0.9348640515786546,0.9230412312505704,0.993,0.941,0.936,True,999,0.00012341700494289398,0.0008704169886186719,near_2x2_bal_strong_500,near_boundary,False,247,2065082011,9.992007221626409e-16,0,0
500,500,0.0003925603285720447,0.0037221143941537083,-0.0006134915852840095,0.0026839528590016926,-0.0033295540655816636,-0.003297444444285702,0.004313824527922744,-0.7718334494205678,-0.7643900262845267,0.4402130776703804,0.4446348505599208,0.815,0.46,0.465,True,999,0.00011608295608311892,0.0008188750362023711,near_2x2_bal_strong_500,near_boundary,False,248,2065082011,9.992007221626409e-16,0,0
500,500,0.0011930980474338382,0.0001478702584991609,0.00018694248171868821,-0.0009282485305277532,0.0010452277889346773,0.0011151910122464415,0.0023198754964376175,0.45055339846458176,0.4807115786855458,0.6523114601422455,0.6307215007371754,0.94,0.647,0.62,True,999,0.00011483300477266312,0.0008439589291810989,near_2x2_bal_strong_500,near_boundary,False,249,2065082011,9.992007221626409e-16,0,0
500,500,0.0024077670039950316,0.0002604761671514688,0.0014016505405152202,-0.0008363500581083372,0.002147290836843563,0.0022380005986235574,0.0032538080570586082,0.6599316244808492,0.6878096554492753,0.5092977087910422,0.4915726549825967,0.864,0.502,0.483,True,999,0.00011595792602747679,0.0008435420459136367,near_2x2_bal_strong_500,near_boundary,False,250,2065082011,9.992007221626409e-16,0,0
500,500,0.0013926508681076921,0.0016715554530002397,0.00038653789721365683,0.0006339665907830749,-0.00027890458489254755,-0.0002474286935694181,0.0035858343185480516,-0.07777955145609723,-0.06900170827457668,0.9380034127378675,0.9449882597358423,0.981,0.929,0.939,True,999,0.00011462497059255838,0.0008502500131726265,near_2x2_bal_strong_500,near_boundary,False,251,2065082011,9.992007221626409e-16,0,0
500,500,2.8975908564099484e-05,0.002271067940873117,-0.000977153349197124,0.001229163664305588,-0.0022420920323090177,-0.002206317013502712,0.003206750996148983,-0.6991787123482823,-0.6880225549636684,0.48444035244969263,0.4914385779300843,0.883,0.483,0.49,True,999,0.00011445803102105856,0.0008452499751001596,near_2x2_bal_strong_500,near_boundary,False,252,2065082011,9.992007221626409e-16,0,0
500,500,0.0011598803684726988,0.0007267557535516889,0.00015376934175037604,-0.0003362532322341849,0.00043312461492100995,0.000490022573984561,0.0027917844442005373,0.15514257048775865,0.1755230691260926,0.8767089220615372,0.8606686456076026,0.981,0.885,0.869,True,999,0.00011541589628905058,0.0008947079768404365,near_2x2_bal_strong_500,near_boundary,False,253,2065082011,9.992007221626409e-16,0,0
500,500,0.0014702575412783858,1.3221030922105914e-05,0.00046406428316458914,-0.0010489672667119976,0.00145703651035628,0.0015130315498765867,0.0024345620697926985,0.5984799190107918,0.6214799649800756,0.5495197539967102,0.5342838727152923,0.896,0.543,0.525,True,999,0.00011591601651161909,0.000880334060639143,near_2x2_bal_strong_500,near_boundary,False,254,2065082011,9.992007221626409e-16,0,0
500,500,0.00083254550661227,0.006257124115475687,-0.00017360445116310075,0.005218001198841193,-0.005424578608863417,-0.005391605650004294,0.005765794095278739,-0.9408207298462631,-0.9351020103924895,0.3467967357835544,0.349735730607334,0.721,0.368,0.368,True,999,0.00011779204942286015,0.0008912079501897097,near_2x2_bal_strong_500,near_boundary,False,255,2065082011,9.992007221626409e-16,0,0
500,500,0.002822058963586671,0.0007326224194089126,0.0018159272270850124,-0.00033028439617055483,0.0020894365441777585,0.0021462116232555672,0.0038007018220151093,0.5497501887874887,0.5646882401623547,0.5824907277868382,0.5722858343784578,0.888,0.547,0.543,True,999,0.00011833407916128635,0.0008313329890370369,near_2x2_bal_strong_500,near_boundary,False,256,2065082011,9.992007221626409e-16,0,0
500,500,0.0018990651388547386,0.0027901751421980925,0.0008929505178798536,0.0017481047756007229,-0.0008911100033433539,-0.0008551542577208693,0.0044991198250935085,-0.19806318524197858,-0.19007145641049825,0.8429956281136743,0.8492531368139381,0.951,0.827,0.848,True,999,0.00011508306488394737,0.00084304204210639,near_2x2_bal_strong_500,near_boundary,False,257,2065082011,9.992007221626409e-16,0,0
500,500,0.01016144764691429,0.006788596613453879,0.009155144651288083,0.005749557789329174,0.003372851033460411,0.003405586861958909,0.00854569090725617,0.39468441698453127,0.3985150994716198,0.6930758045214251,0.6902505302973075,0.836,0.691,0.689,True,999,0.00011808308772742748,0.0008542499272152781,near_2x2_bal_strong_500,near_boundary,False,258,2065082011,9.992007221626409e-16,0,0
500,500,0.0003923590481450523,4.37969405370775e-05,-0.0006136886767080796,-0.0010321413667782053,0.0003485621076079748,0.00041845269007012575,0.0013221163794365097,0.26363950483431203,0.31650216015663585,0.7920577146752483,0.7516213858143522,0.974,0.794,0.75,True,999,0.00011399993672966957,0.0008620000444352627,near_2x2_bal_strong_500,near_boundary,False,259,2065082011,9.992007221626409e-16,0,0
500,500,0.0012039607527596363,0.003654941859529859,0.0001978825003448037,0.002612539883699583,-0.0024509811067702225,-0.002414657383354779,0.004660594039343039,-0.5258945718249501,-0.5181007749164849,0.5989614606395153,0.6043879596127117,0.867,0.557,0.565,True,999,0.00011829205323010683,0.0008445829153060913,near_2x2_bal_strong_500,near_boundary,False,260,2065082011,9.992007221626409e-16,0,0
500,500,0.00012840823626558695,0.0006803204020833231,-0.0008776529529086474,-0.0003826013453362975,-0.0005519121658177362,-0.0004950516075723499,0.001861170200320341,-0.2965404054517648,-0.2659894336837881,0.7668174146678,0.7902473466875843,0.964,0.767,0.802,True,999,0.00011475000064820051,0.0008913329802453518,near_2x2_bal_strong_500,near_boundary,False,261,2065082011,9.992007221626409e-16,0,0
500,500,0.00628356747170189,0.0018173815765712975,0.00527739730034682,0.000763211392836638,0.004466185895130592,0.004514185907510182,0.005760091902020606,0.7753671245356138,0.7837003270601693,0.43812275555795865,0.43321597058156336,0.793,0.428,0.427,True,999,0.00011458294466137886,0.0008797920309007168,near_2x2_bal_strong_500,near_boundary,False,262,2065082011,9.992007221626409e-16,0,0
500,500,0.0027510054493272706,0.008019496047284469,0.0017448821436687467,0.006986565114402765,-0.005268490597957198,-0.0052416829707340185,0.007018202597900241,-0.7506894428401747,-0.746869714519536,0.45283957803016706,0.4551422087289344,0.741,0.479,0.479,True,999,0.00011437502689659595,0.0008598330896347761,near_2x2_bal_strong_500,near_boundary,False,263,2065082011,9.992007221626409e-16,0,0
500,500,0.0014849977791975277,0.0008537887092295304,0.000478910077731598,-0.00037453498948991637,0.0006312090699679973,0.0008534450672215144,0.002972937480662424,0.212318312804665,0.28707131339719644,0.8318587095511064,0.7740577167264028,0.971,0.846,0.791,True,999,0.00011712498962879181,0.0008643340552225709,near_2x2_bal_strong_500,near_boundary,False,264,2065082011,9.992007221626409e-16,0,0
500,500,0.00046624923925642214,0.0017684170278693956,-0.00053982993676982,0.0007143165742320434,-0.0013021677886129734,-0.0012541465110018635,0.003135872057134178,-0.4152490168246861,-0.39993548466004936,0.6779596193024355,0.6892040355390445,0.929,0.714,0.725,True,999,0.00011574989184737206,0.0008617499843239784,near_2x2_bal_strong_500,near_boundary,False,265,2065082011,9.992007221626409e-16,0,0
500,500,0.00676166214629037,0.00033257711654000044,0.00575545755668827,-0.000896063364095312,0.00642908502975037,0.006651520920783582,0.005297364195295463,1.2136384799557443,1.2556283984949974,0.2248858061352681,0.20925073017116946,0.721,0.224,0.201,True,999,0.00011987495236098766,0.0008827920537441969,near_2x2_bal_strong_500,near_boundary,False,266,2065082011,9.992007221626409e-16,0,0
500,500,0.005872924037327865,0.002162334764923335,0.0048667545705711746,0.0011280695363211635,0.0037105892724045297,0.003738685034250011,0.005730996513383061,0.6474596981065225,0.6523621198371712,0.5173344699037639,0.5141675949333788,0.817,0.51,0.508,True,999,0.00011533393990248442,0.0008425419218838215,near_2x2_bal_strong_500,near_boundary,False,267,2065082011,9.992007221626409e-16,0,0
500,500,0.013296910438830634,0.003751621557296636,0.012290520900251067,0.0027168777349970696,0.009545288881533998,0.009573643165253998,0.008333538368969662,1.1454064838864062,1.14880891421847,0.25204081367874576,0.25063478281736984,0.62,0.251,0.251,True,999,0.00011374999303370714,0.000848333933390677,near_2x2_bal_strong_500,near_boundary,False,268,2065082011,9.992007221626409e-16,0,0
500,500,0.0015671544997476472,0.0009009432970442655,0.0005609943482340896,-0.00015262223200807057,0.0006662112027033817,0.0007136165802421601,0.003189937773850489,0.20884771112610637,0.22370862093048685,0.8345671244039167,0.8229840374170073,0.964,0.833,0.825,True,999,0.00011537503451108932,0.000857834005728364,near_2x2_bal_strong_500,near_boundary,False,269,2065082011,9.992007221626409e-16,0,0
500,500,0.0023039407136915546,0.0032768721892721953,0.001297854521908448,0.0022292275676534246,-0.0009729314755806406,-0.0009313730457449765,0.004943125052220778,-0.19682517947700628,-0.18841786034252608,0.8439643461577142,0.8505490999053356,0.951,0.841,0.854,True,999,0.00013266690075397491,0.0008522500284016132,near_2x2_bal_strong_500,near_boundary,False,270,2065082011,9.992007221626409e-16,0,0
500,500,0.003393997276878613,0.001140833238951311,0.002387671822532411,7.770447717803108e-05,0.002253164037927302,0.00230996734535438,0.0043115655287821976,0.5225860590280089,0.5357606952588357,0.6012623440594432,0.5921239497534332,0.892,0.609,0.594,True,999,0.0001240839483216405,0.0008704999927431345,near_2x2_bal_strong_500,near_boundary,False,271,2065082011,9.992007221626409e-16,0,0
500,500,0.0016308990722432304,6.267852076313751e-05,0.0006247350116268535,-0.0010132752259721656,0.0015682205514800929,0.001638010237599019,0.002601520123926007,0.6028093102402988,0.6296358127443829,0.5466355524250303,0.528932886885124,0.913,0.558,0.528,True,999,0.0001140000531449914,0.000908082933165133,near_2x2_bal_strong_500,near_boundary,False,272,2065082011,9.992007221626409e-16,0,0
500,500,0.0018478563400994297,0.012229067156730722,0.0008417542940719613,0.011203187738004772,-0.010381210816631292,-0.01036143344393281,0.008087374896814261,-1.2836317036224705,-1.2811862410402584,0.19927085131609845,0.2001282577010426,0.499,0.204,0.205,True,999,0.00012741691898554564,0.0008430840680375695,near_2x2_bal_strong_500,near_boundary,False,273,2065082011,9.992007221626409e-16,0,0
500,500,0.0031284548736950635,0.007877668073521804,0.0021223119303499516,0.006841769262649677,-0.004749213199826741,-0.004719457332299726,0.007107419743514739,-0.6682049704690967,-0.6640183783441324,0.504002763102402,0.5066785484559253,0.763,0.502,0.505,True,999,0.00011779204942286015,0.0008331669960170984,near_2x2_bal_strong_500,near_boundary,False,274,2065082011,9.992007221626409e-16,0,0
500,500,0.0002781479168675327,0.0002294513301178691,-0.0007279022374859778,-0.0008116322848366053,4.8696586749663595e-05,8.37300473506275e-05,0.0014358618780084581,0.033914534187094524,0.05831344130868713,0.9729453032503468,0.9534989611187037,0.998,0.981,0.966,True,999,0.00011687492951750755,0.0008302499772980809,near_2x2_bal_strong_500,near_boundary,False,275,2065082011,9.992007221626409e-16,0,0
500,500,0.0028832508213271213,0.001433243455355726,0.0018771423070802484,0.0003958092184461748,0.0014500073659713952,0.0014813330886340736,0.004208938351117745,0.34450667722094924,0.3519493432923968,0.7304652753329164,0.7248762530164126,0.896,0.71,0.707,True,999,0.0001153330085799098,0.0008468750165775418,near_2x2_bal_strong_500,near_boundary,False,276,2065082011,9.992007221626409e-16,0,0
500,500,0.0026580323282819895,0.006161613875118821,0.0016518850385409678,0.005125936313334023,-0.0035035815468368314,-0.003474051274793055,0.006292211323388321,-0.5568124410910872,-0.5521192941946994,0.5776555827658971,0.5808666236581015,0.831,0.594,0.598,True,999,0.00012066599447280169,0.0008580419234931469,near_2x2_bal_strong_500,near_boundary,False,277,2065082011,9.992007221626409e-16,0,0
500,500,0.0015721420932961472,0.002874470323662448,0.0005659234618633491,0.0018268308919289211,-0.0013023282303663009,-0.001260907430065572,0.004415115865509205,-0.2949703405385264,-0.2855887520225132,0.7680165369981435,0.7751931194038976,0.924,0.762,0.768,True,999,0.0001175830839201808,0.000898041995242238,near_2x2_bal_strong_500,near_boundary,False,278,2065082011,9.992007221626409e-16,0,0
500,500,0.005878163192026609,0.0005609408539103966,0.004871980808161425,-0.0005357705472590624,0.005317222338116212,0.005407751355420487,0.005042745275784012,1.05443008665345,1.0723824146718826,0.2916860536176453,0.2835483032167785,0.705,0.296,0.29,True,999,0.0001170419855043292,0.00088283303193748,near_2x2_bal_strong_500,near_boundary,False,279,2065082011,9.992007221626409e-16,0,0
500,500,0.0006414944685682045,2.4387342984488747e-06,-0.0003645552186526402,-0.0010733099459514506,0.0006390557342697556,0.0007087547272988104,0.001604387116489958,0.39831766766356697,0.4417604205457646,0.6903960387367076,0.6586625822826864,0.921,0.705,0.63,True,999,0.00011612498201429844,0.0009257920319214463,near_2x2_bal_strong_500,near_boundary,False,280,2065082011,9.992007221626409e-16,0,0
500,500,0.0008428651572223167,4.6945110180385274e-05,-0.00016320482819764948,-0.0010290107629771228,0.0007959200470419314,0.0008658059347794733,0.0018869612633120628,0.4217998866838971,0.4588360935718306,0.6731710884265341,0.646351873428586,0.954,0.656,0.65,True,999,0.00012120907194912434,0.0008462920086458325,near_2x2_bal_strong_500,near_boundary,False,281,2065082011,9.992007221626409e-16,0,0
500,500,0.010519940167779351,1.1655657101983241e-05,0.009513574063817032,-0.0010641118316812026,0.010508284510677368,0.010577685895498234,0.006455404677249634,1.6278273843483488,1.638578280425469,0.10356149222603832,0.1013011187865526,0.505,0.093,0.09,True,999,0.00011529203038662672,0.0008816249901428819,near_2x2_bal_strong_500,near_boundary,False,282,2065082011,9.992007221626409e-16,0,0
500,500,0.010301944450959444,4.468058990347856e-06,0.009295609732362209,-0.0011313996201067766,0.010297476391969096,0.010427009352468986,0.006385276747891609,1.612690694317874,1.6329768879496005,0.10681172327351374,0.10247385763452034,0.591,0.104,0.103,True,999,0.0001163750421255827,0.0008269159588962793,near_2x2_bal_strong_500,near_boundary,False,283,2065082011,9.992007221626409e-16,0,0
500,500,0.0012962277266053146,0.0016905834543735065,0.00029015022005296487,0.0004624779789992317,-0.00039435572776819194,-0.00017232775894626684,0.003256820413975392,-0.12108611395211294,-0.05291288343894817,0.9036228277051809,0.9578013192774708,0.964,0.885,0.96,True,999,0.00011608295608311892,0.0008406250271946192,near_2x2_bal_strong_500,near_boundary,False,284,2065082011,9.992007221626409e-16,0,0
500,500,3.643984088030905e-05,0.0019513219735181608,-0.0009696109078163317,0.0009095265209850822,-0.0019148821326378518,-0.001879137428801414,0.0029672906516626974,-0.6453301538104679,-0.6332839109469962,0.518713255830223,0.5265482579563721,0.889,0.522,0.523,True,999,0.00011829100549221039,0.0008420000085607171,near_2x2_bal_strong_500,near_boundary,False,285,2065082011,9.992007221626409e-16,0,0
500,500,0.008666349033659149,0.0007153513541836576,0.007660062728177763,-0.0003612227839937532,0.007950997679475491,0.008021285512171517,0.006126647545316154,1.2977729860687122,1.3092454646430283,0.19436535498328844,0.19045121618305905,0.624,0.169,0.166,True,999,0.0001164580462500453,0.000892958021722734,near_2x2_bal_strong_500,near_boundary,False,286,2065082011,9.992007221626409e-16,0,0
500,500,0.0007614574523915341,0.0015281080086985699,-0.00024461559280553047,0.00048118097467408916,-0.0007666505563070358,-0.0007257965674796196,0.003130427296868351,-0.2449028466733553,-0.23185223570140073,0.8065316574754613,0.8166527840413459,0.943,0.814,0.826,True,999,0.00012262503150850534,0.0008740409975871444,near_2x2_bal_strong_500,near_boundary,False,287,2065082011,9.992007221626409e-16,0,0
500,500,0.005010387869092026,0.004841518790397514,0.0040042424478770045,0.003806533869806117,0.0001688690786945113,0.0001977085780708876,0.006504584776364893,0.025961546278574953,0.030395265012039343,0.9792880097293022,0.9757518210856639,0.998,0.978,0.973,True,999,0.00012504099868237972,0.0008593330858275294,near_2x2_bal_strong_500,near_boundary,False,288,2065082011,9.992007221626409e-16,0,0
500,500,0.005001660493360038,0.002108263660636378,0.003995514030577851,0.001061121867849124,0.0028933968327236603,0.0029343921627287273,0.005422667879188957,0.533574413404129,0.5411344061822961,0.5936360145414005,0.5884149448237754,0.875,0.6,0.598,True,999,0.0001457909820601344,0.000867250026203692,near_2x2_bal_strong_500,near_boundary,False,289,2065082011,9.992007221626409e-16,0,0
500,500,0.0005894758475064599,0.0008036110788572359,-0.00041659666953819396,-0.00024990785598788534,-0.00021413523135077606,-0.00016668881355030862,0.002415588133276961,-0.08864724428840545,-0.06900547790164062,0.9293622603408962,0.9449852591607313,0.991,0.931,0.944,True,999,0.0001163750421255827,0.0008514169603586197,near_2x2_bal_strong_500,near_boundary,False,290,2065082011,9.992007221626409e-16,0,0
500,500,0.0020851147886923327,0.008464839781711475,0.0010790246084297905,0.00743131310116496,-0.006379724993019142,-0.00635228849273517,0.006986013957959722,-0.913213891556889,-0.909286544653622,0.361130059266624,0.36319889120705107,0.672,0.351,0.352,True,999,0.00011524988804012537,0.0008475830545648932,near_2x2_bal_strong_500,near_boundary,False,291,2065082011,9.992007221626409e-16,0,0
500,500,0.009205611340363351,0.00041646863175059945,0.008199363611424815,-0.0006804551402410652,0.008789142708612752,0.00887981875166588,0.006166998733872152,1.4251896405197086,1.4398930719563152,0.15410239008220133,0.1498976534724509,0.567,0.148,0.145,True,999,0.00011450005695223808,0.0008647080976516008,near_2x2_bal_strong_500,near_boundary,False,292,2065082011,9.992007221626409e-16,0,0
500,500,0.0013543691933369795,0.00225435213259495,0.0003482963138026207,0.0012165958360981222,-0.0008999829392579706,-0.0008682995222955014,0.003924457457466046,-0.2293267156064609,-0.22125339150857998,0.8186149906530843,0.8248951388021666,0.949,0.798,0.808,True,999,0.00011874991469085217,0.0008342079818248749,near_2x2_bal_strong_500,near_boundary,False,293,2065082011,9.992007221626409e-16,0,0
500,500,0.003524781596124682,0.005582123760188906,0.002518670778215437,0.00453909304883382,-0.002057342164064224,-0.0020204222706183828,0.0063945562972431156,-0.3217333726424781,-0.3159597283535446,0.747654693279225,0.7520330755513832,0.928,0.762,0.768,True,999,0.00011237501166760921,0.0008440410019829869,near_2x2_bal_strong_500,near_boundary,False,294,2065082011,9.992007221626409e-16,0,0
500,500,0.006301743621234146,0.01903273858296417,0.005295569772613362,0.01800540624799396,-0.012730994961730024,-0.012709836475380598,0.010949877421685537,-1.1626609569635087,-1.1607286534741998,0.2449670883072106,0.24575226547164553,0.477,0.226,0.227,True,999,0.00013466691598296165,0.000840167049318552,near_2x2_bal_strong_500,near_boundary,False,295,2065082011,9.992007221626409e-16,0,0
500,500,0.0035417945137014017,0.0006644036828600264,0.0025356616690714873,-0.00041206229431622887,0.0028773908308413754,0.002947723963387716,0.004126546005418808,0.6972879563351302,0.7143320247773534,0.48562260366733223,0.4750218939541958,0.856,0.497,0.491,True,999,0.00011729204561561346,0.0008635829435661435,near_2x2_bal_strong_500,near_boundary,False,296,2065082011,9.992007221626409e-16,0,0
500,500,0.00041513404729309755,0.0011984981235665382,-0.0005910623908107482,0.00012165345324888222,-0.0007833640762734406,-0.0007127158440596304,0.00266272134070338,-0.2941967919431286,-0.26766445033687253,0.7686075318929936,0.788957616115576,0.969,0.779,0.798,True,999,0.00011487503070384264,0.0008879159577190876,near_2x2_bal_strong_500,near_boundary,False,297,2065082011,9.992007221626409e-16,0,0
500,500,0.0011261981125243459,0.0002876277030106067,0.00012013260300136608,-0.00077507516471087,0.0008385704095137392,0.0008952077677122361,0.002389805325898071,0.3508948617806811,0.3745944316095386,0.725667226406765,0.7079621149280765,0.958,0.706,0.691,True,999,0.00011625001206994057,0.0008546659955754876,near_2x2_bal_strong_500,near_boundary,False,298,2065082011,9.992007221626409e-16,0,0
500,500,0.002843040491988358,0.017749328621346483,0.0018368819992815588,0.016718371865010795,-0.014906288129358125,-0.014881489865729236,0.010074557908875981,-1.4795972452771597,-1.4771357711506334,0.13898076210203206,0.13963924652674653,0.398,0.135,0.135,True,999,0.00011433300096541643,0.0008565000025555491,near_2x2_bal_strong_500,near_boundary,False,299,2065082011,9.992007221626409e-16,0,0
500,500,0.0007729407089542839,0.0038247264933136127,-0.0002331215346771387,0.0027821417498330447,-0.003051785784359329,-0.0030152632845101834,0.004564761197459389,-0.6685532172105438,-0.6605522510549708,0.5037805238325275,0.5088994991904743,0.839,0.517,0.524,True,999,0.00011741707567125559,0.0008547089528292418,near_2x2_bal_strong_500,near_boundary,False,300,2065082011,9.992007221626409e-16,0,0
500,500,8.000169521116263e-05,0.0006493792569234325,-0.0009260448128429744,-0.0003971751983158356,-0.0005693775617122698,-0.0005288696145271388,0.0017573578050090904,-0.32399637688428773,-0.30094589332899285,0.7459407772401483,0.7634557537091,0.956,0.745,0.761,True,999,0.00011370796710252762,0.0008513749344274402,near_2x2_bal_strong_500,near_boundary,False,301,2065082011,9.992007221626409e-16,0,0
500,500,0.002624304592546145,5.203164744560507e-06,0.0016182065999714723,-0.0010919879000539368,0.0026191014278015845,0.002710194500025409,0.0032388602152575033,0.8086491091723002,0.8367741488991481,0.41871700845727056,0.4027195308977648,0.869,0.418,0.403,True,999,0.0001189579488709569,0.0008438749937340617,near_2x2_bal_strong_500,near_boundary,False,302,2065082011,9.992007221626409e-16,0,0
500,500,0.0004174186409067193,0.0019801432108765282,-0.0005886396151595363,0.0009330258694433269,-0.001562724569969809,-0.0015216654846028632,0.0032486938671547993,-0.48103164960213396,-0.4683930055667373,0.6304940047783091,0.6395035689775745,0.904,0.641,0.648,True,999,0.00011595804244279861,0.0008767920080572367,near_2x2_bal_strong_500,near_boundary,False,303,2065082011,9.992007221626409e-16,0,0
500,500,0.00022636340673454214,0.0018958544842161973,-0.0007797436365422072,0.0008616351424279856,-0.0016694910774816552,-0.0016413787789701928,0.003028744561335332,-0.5512155428338927,-0.5419337107275007,0.5814859265221333,0.5878641727351055,0.876,0.605,0.609,True,999,0.00011470797471702099,0.0008746659150347114,near_2x2_bal_strong_500,near_boundary,False,304,2065082011,9.992007221626409e-16,0,0
500,500,0.00030362013241669317,0.0001446511132762729,-0.000702462875551646,-0.0009522878374639276,0.00015896901914042028,0.00024982496191228165,0.0013292798713438227,0.11959033049955994,0.18794007740425914,0.9048076798917388,0.8509236252592338,0.994,0.918,0.855,True,999,0.0001141249667853117,0.0008766669780015945,near_2x2_bal_strong_500,near_boundary,False,305,2065082011,9.992007221626409e-16,0,0
500,500,0.0004746770300722014,0.00288220390201116,-0.0005313866760161545,0.001840035510412008,-0.0024075268719389586,-0.0023714221864281626,0.0038727145666719205,-0.621663907962085,-0.61234107125692,0.5341628886748668,0.5403121214274169,0.832,0.531,0.54,True,999,0.0001318750437349081,0.000861333915963769,near_2x2_bal_strong_500,near_boundary,False,306,2065082011,9.992007221626409e-16,0,0
500,500,0.005603925985771752,0.0009030120031656153,0.00459773502649341,-0.00015055670846209068,0.004700913982606136,0.004748291734955501,0.005119786426736298,0.9181855629870133,0.9274394162536165,0.3585217256061257,0.35369843349061636,0.769,0.344,0.338,True,999,0.0001153330085799098,0.0008494580397382379,near_2x2_bal_strong_500,near_boundary,False,307,2065082011,9.992007221626409e-16,0,0
500,500,0.0056593072798680755,0.00010867385315033173,0.004653108349089052,-0.0009675723153748095,0.005550633426717744,0.005620680664463862,0.004792108927447126,1.158286155585095,1.1729033604121633,0.2467472792076375,0.2408345618374611,0.717,0.235,0.229,True,999,0.00011504197027534246,0.0008641659514978528,near_2x2_bal_strong_500,near_boundary,False,308,2065082011,9.992007221626409e-16,0,0
500,500,0.0004582040579060864,4.124710560771128e-06,-0.0005478703970425158,-0.0010717935685420343,0.0004540793473453153,0.0005239231714995185,0.0013596741041127338,0.33396190011401916,0.3853299624628865,0.7384083089711528,0.6999929653539985,0.969,0.742,0.693,True,999,0.00011445896234363317,0.000850916956551373,near_2x2_bal_strong_500,near_boundary,False,309,2065082011,9.992007221626409e-16,0,0
500,500,0.0013631733861078077,0.0012001838984723734,0.0003570972946818074,0.0001585103904631069,0.0001629894876354343,0.0001985869042187005,0.003262251595777697,0.049962267731400646,0.06087418409902221,0.9601524567371885,0.9514594094107092,0.994,0.959,0.951,True,999,0.00011404103133827448,0.0008485829457640648,near_2x2_bal_strong_500,near_boundary,False,310,2065082011,9.992007221626409e-16,0,0
500,500,0.0005163612202837564,0.0012385676624825925,-0.0004896855808169676,0.0001752755412383067,-0.0007222064421988361,-0.0006649611220552742,0.002756561404594911,-0.2619954124711281,-0.24122848159553087,0.7933249790115926,0.8093780374692693,0.953,0.791,0.81,True,999,0.00011475000064820051,0.0008852919563651085,near_2x2_bal_strong_500,near_boundary,False,311,2065082011,9.992007221626409e-16,0,0
500,500,0.002928572669402385,0.005661876335072258,0.0019223657309908049,0.004618328980171782,-0.002733303665669873,-0.002695963249180977,0.006234352373772908,-0.4384262392944804,-0.4324367773182883,0.6610773288770123,0.6654239931822992,0.852,0.642,0.645,True,999,0.00011395802721381187,0.0008626250782981515,near_2x2_bal_strong_500,near_boundary,False,312,2065082011,9.992007221626409e-16,0,0
500,500,0.0018209501529804495,0.00028798826065346006,0.0008148657786364311,-0.0007746234410888064,0.0015329618923269894,0.0015894892197252375,0.00291264934224815,0.5263118598216706,0.5457193891037972,0.5986715441343529,0.5852588419004571,0.918,0.605,0.594,True,999,0.00011925003491342068,0.0008502500131726265,near_2x2_bal_strong_500,near_boundary,False,313,2065082011,9.992007221626409e-16,0,0
500,500,0.006017145883885244,0.013025214386372885,0.005010947233301977,0.01199568372817339,-0.007008068502487641,-0.006984736494871413,0.009363539675572276,-0.7484422286125814,-0.7459504350788714,0.45419345920518506,0.45569735674754075,0.725,0.472,0.474,True,999,0.00011799996718764305,0.0008934580255299807,near_2x2_bal_strong_500,near_boundary,False,314,2065082011,9.992007221626409e-16,0,0
500,500,0.0013190507711882127,0.003024915989279453,0.0003129728312956104,0.001986883287798946,-0.0017058652180912404,-0.0016739104565033358,0.004348750215977083,-0.39226562423014777,-0.3849175908870267,0.6948619602974568,0.7002984725416063,0.894,0.673,0.679,True,999,0.00012387498281896114,0.0008537090616300702,near_2x2_bal_strong_500,near_boundary,False,315,2065082011,9.992007221626409e-16,0,0
500,500,0.0006506262521080997,0.00067063949393803,-0.00035542298701329855,-0.00040583968751661814,-2.001324182993036e-05,5.041670050331959e-05,0.0023539419331767243,-0.008502011688504913,0.021417988180906632,0.9932164578618974,0.9829122243634899,1.0,1.0,1.0,True,999,0.00014679203741252422,0.000862916000187397,near_2x2_bal_strong_500,near_boundary,False,316,2065082011,9.992007221626409e-16,0,0
500,500,0.0062004072631968166,0.0035413579902876524,0.005194222970544615,0.0024987649323406913,0.002659049272909164,0.002695458038203924,0.006400881087294525,0.4154192581685767,0.4211073446676416,0.6778350110888649,0.6736766986005822,0.876,0.677,0.671,True,999,0.00011687492951750755,0.0008231659885495901,near_2x2_bal_strong_500,near_boundary,False,317,2065082011,9.992007221626409e-16,0,0
500,500,0.005812563336527576,0.008012419036539264,0.004806373866870217,0.006979494039455858,-0.002199855700011688,-0.002173120172585641,0.007833206273206194,-0.2808371978580962,-0.2774240964416944,0.7788352715087856,0.7814544811927331,0.887,0.78,0.781,True,999,0.00011608400382101536,0.0008391669252887368,near_2x2_bal_strong_500,near_boundary,False,318,2065082011,9.992007221626409e-16,0,0
500,500,0.003344716532879044,3.8753619074516354e-05,0.0023385374376516666,-0.0010369079624297228,0.0033059629138045277,0.0033754454000813894,0.003671938500098407,0.9003317767211866,0.919254339360784,0.3679437152711892,0.3579625546995219,0.804,0.361,0.354,True,999,0.0001177079975605011,0.000836124992929399,near_2x2_bal_strong_500,near_boundary,False,319,2065082011,9.992007221626409e-16,0,0
500,500,0.0006650654358830721,0.0008833421837623479,-0.0003410051748460319,-0.00019331596936922324,-0.00021827674787927576,-0.00014768920547680864,0.002566428760095476,-0.08505077221436509,-0.057546582930014516,0.9322210265115798,0.9541097997515384,0.98,0.943,0.957,True,999,0.00011666701175272465,0.0008917920058593154,near_2x2_bal_strong_500,near_boundary,False,320,2065082011,9.992007221626409e-16,0,0
500,500,0.008795734056433746,0.0036180343677770233,0.007789478236475134,0.002575671443310057,0.005177699688656723,0.005213806793165077,0.007183280234850458,0.7207987882105107,0.7258253364347017,0.4710333210971954,0.4679458526374456,0.775,0.453,0.453,True,999,0.00011595804244279861,0.0008673749398440123,near_2x2_bal_strong_500,near_boundary,False,321,2065082011,9.992007221626409e-16,0,0
500,500,0.0030830119568489023,3.76839874554058e-05,0.0020767186106240842,-0.0010247024489444811,0.0030453279693934965,0.0031014210595685654,0.0035282995714247286,0.8631149106661008,0.8790129626992559,0.3880742906267245,0.3793942474417421,0.888,0.426,0.418,True,999,0.00011504208669066429,0.0008928331080824137,near_2x2_bal_strong_500,near_boundary,False,322,2065082011,9.992007221626409e-16,0,0
500,500,0.0011770052923096852,0.003848793120444838,0.00017088754583483023,0.0027936636112286806,-0.0026717878281351526,-0.0026227760653938503,0.004812558589767001,-0.55516993264585,-0.5449857942448098,0.5787784327510468,0.5857632879118462,0.872,0.617,0.619,True,999,0.00012120895553380251,0.000839458080008626,near_2x2_bal_strong_500,near_boundary,False,323,2065082011,9.992007221626409e-16,0,0
500,500,0.003658155697609633,0.006246784934124006,0.002652011838620183,0.005207467706185298,-0.0025886292365143726,-0.002555455867565115,0.006663239422075087,-0.38849410512525356,-0.3835155403689947,0.6976504156111836,0.701337549951619,0.893,0.716,0.721,True,999,0.00010933296289294958,0.000830582925118506,near_2x2_bal_strong_500,near_boundary,False,324,2065082011,9.992007221626409e-16,0,0
500,500,0.0058083564972278845,0.012189384521134827,0.004802188629923876,0.011161924450703964,-0.006381028023906943,-0.006359735820780088,0.009032461100911895,-0.7064550793651057,-0.7040977812944054,0.4799051785093328,0.48137188174779266,0.722,0.474,0.476,True,999,0.00011504092253744602,0.0008430830202996731,near_2x2_bal_strong_500,near_boundary,False,325,2065082011,9.992007221626409e-16,0,0
500,500,0.006744152655685731,0.002495474109541096,0.005737971241103423,0.001457711333870293,0.004248678546144635,0.0042802599072331304,0.00615818777582824,0.6899235133461342,0.6950518664003325,0.49024228826847394,0.4870227980097688,0.788,0.481,0.477,True,999,0.00011466699652373791,0.000849833944812417,near_2x2_bal_strong_500,near_boundary,False,326,2065082011,9.992007221626409e-16,0,0
500,500,2.3851386599882396e-05,0.0034226415428774692,-0.000982245754187261,0.002380331830408977,-0.003398790156277587,-0.003362577584596238,0.003981498859626748,-0.8536458947011256,-0.8445506838375606,0.39330122109531795,0.39836175366875615,0.791,0.374,0.379,True,999,0.00011758296750485897,0.0008548330515623093,near_2x2_bal_strong_500,near_boundary,False,327,2065082011,9.992007221626409e-16,0,0
500,500,0.0013754728304337105,0.0010144147371371481,0.00036932889429408533,-4.8629570926550514e-05,0.00036105809329656235,0.00041795846522063584,0.003159210788937035,0.1142874336087102,0.1322983786597109,0.9090099437545542,0.894748289746428,0.987,0.9,0.89,True,999,0.00011483300477266312,0.0008910000324249268,near_2x2_bal_strong_500,near_boundary,False,328,2065082011,9.992007221626409e-16,0,0
500,500,0.00010669012966357805,0.0005033743454715411,-0.000899431369418835,-0.0005730935170902285,-0.0003966842158079631,-0.00032633785232860646,0.0016139181555896783,-0.24578954913796502,-0.20220223138227986,0.8058451475219228,0.839758628770428,0.975,0.794,0.83,True,999,0.0001153330085799098,0.000863624969497323,near_2x2_bal_strong_500,near_boundary,False,329,2065082011,9.992007221626409e-16,0,0
500,500,0.006267474489636493,0.0019841287278238307,0.005261300205688713,0.0009421790098542715,0.0042833457618126625,0.004319121195834441,0.0058067612599785766,0.7376479882743562,0.7438089844682845,0.46072838600803157,0.456992043953387,0.785,0.443,0.435,True,999,0.00011475000064820051,0.000841583008877933,near_2x2_bal_strong_500,near_boundary,False,330,2065082011,9.992007221626409e-16,0,0
500,500,0.006111907976973585,0.0004733321429470916,0.005105579595635845,-0.0005800170995371445,0.0056385758340264935,0.00568559669517299,0.005130903197090871,1.0989441073890194,1.1081083537878125,0.2717924460926401,0.2678150236162177,0.694,0.281,0.279,True,999,0.00011741591151803732,0.0009023339953273535,near_2x2_bal_strong_500,near_boundary,False,331,2065082011,9.992007221626409e-16,0,0
500,500,8.080939339905058e-08,0.0022699940887109804,-0.001006034138299583,0.001222793155193358,-0.0022699132793175814,-0.002228827293492941,0.0032058426259003723,-0.7080551181703962,-0.6952391472638078,0.47891102973490873,0.486905442902556,0.882,0.458,0.473,True,999,0.00011449994053691626,0.0008449159795418382,near_2x2_bal_strong_500,near_boundary,False,332,2065082011,9.992007221626409e-16,0,0
500,500,0.0005558875556543885,0.000876016307139349,-0.0004501804318124414,-0.00022061828241248804,-0.00032012875148496045,-0.00022956214939995334,0.0023172142917184083,-0.13815241543653617,-0.0990681570627263,0.890119961365142,0.9210841546641698,0.979,0.89,0.921,True,999,0.00011370808351784945,0.0008644160116091371,near_2x2_bal_strong_500,near_boundary,False,333,2065082011,9.992007221626409e-16,0,0
500,500,0.008754677356641816,0.002479819243499548,0.007748434985046515,0.0014378160112471505,0.006274858113142268,0.0063106189737993645,0.006772829339150998,0.9264751552013633,0.9317552027068242,0.3541991027870456,0.35146305059518324,0.727,0.354,0.352,True,999,0.00011370808351784945,0.0008531250059604645,near_2x2_bal_strong_500,near_boundary,False,334,2065082011,9.992007221626409e-16,0,0
500,500,0.00013010382912226337,0.00015320858216483213,-0.0008759345196835966,-0.0009093066697687391,-2.310475304256876e-05,3.3372150085142493e-05,0.001075422022989249,-0.021484359208440478,0.03103167814285696,0.9828592801279676,0.975244276327202,0.996,0.969,0.963,True,999,0.00011320901103317738,0.0008568339981138706,near_2x2_bal_strong_500,near_boundary,False,335,2065082011,9.992007221626409e-16,0,0
500,500,0.004272363464223328,0.009437487778158449,0.00326620960714763,0.008397368397140781,-0.005165124313935121,-0.005131158789993151,0.008018640861083672,-0.6441396245843445,-0.6399038040094622,0.5194848975040909,0.5222351406837582,0.777,0.547,0.547,True,999,0.00011516595259308815,0.0008511670166626573,near_2x2_bal_strong_500,near_boundary,False,336,2065082011,9.992007221626409e-16,0,0
500,500,0.004810581606948028,0.0013047791491652139,0.003804399957118676,7.655525752170433e-05,0.003505802457782814,0.0037278446995969716,0.004841368020448167,0.7241346749463349,0.7699982079139449,0.46898305852609756,0.4413009557326816,0.808,0.474,0.467,True,999,0.00012162490747869015,0.0008805000688880682,near_2x2_bal_strong_500,near_boundary,False,337,2065082011,9.992007221626409e-16,0,0
500,500,0.0038779926922842822,0.00028378603725232043,0.0028718178287476803,-0.0007924562700623028,0.003594206655031962,0.003664274098809983,0.004081932084420456,0.8805160352250838,0.8976812996951734,0.3785798223284361,0.36935548189801826,0.804,0.391,0.383,True,999,0.00011579098645597696,0.0008816249901428819,near_2x2_bal_strong_500,near_boundary,False,338,2065082011,9.992007221626409e-16,0,0
500,500,4.7592819386599317e-05,6.3482669150349835e-06,-0.0009584888142626369,-0.0010560158520434015,4.124455247156433e-05,9.752703778076466e-05,0.00046469355639225575,0.08875645445091798,0.20987387588916862,0.9292754653631345,0.8337661121581165,0.995,0.932,0.837,True,999,0.00011508294846862555,0.0008869579760357738,near_2x2_bal_strong_500,near_boundary,False,339,2065082011,9.992007221626409e-16,0,0
500,500,0.0046973998692263486,0.0008036110788572359,0.0036912475947588064,-0.00024990785598788534,0.0038937887903691126,0.003941155450746692,0.004709293234294408,0.8268308208147751,0.8368889458923646,0.40833295827211036,0.4026549944323137,0.8,0.408,0.401,True,999,0.00012095808051526546,0.0008423749823123217,near_2x2_bal_strong_500,near_boundary,False,340,2065082011,9.992007221626409e-16,0,0
500,500,0.0004159690333641608,0.011330528045904342,-0.0005901662540850339,0.010304858859569777,-0.010914559012540181,-0.01089502511365481,0.007419942305917639,-1.4709762640385324,-1.4683436426406824,0.1412975360939603,0.14201090176465686,0.494,0.145,0.145,True,999,0.00011620798613876104,0.0008444170234724879,near_2x2_bal_strong_500,near_boundary,False,341,2065082011,9.992007221626409e-16,0,0
500,500,0.0005362636630240614,0.00032319079179482513,-0.00046983486663521035,-0.0007395042951259256,0.00021307287122923624,0.0002696694284907153,0.0018733436866390717,0.11373933824791435,0.1439508566495472,0.909444427440285,0.8855392760578169,0.992,0.922,0.898,True,999,0.00011562497820705175,0.0008453750051558018,near_2x2_bal_strong_500,near_boundary,False,342,2065082011,9.992007221626409e-16,0,0
500,500,0.0008002647553252418,0.0021114409018872515,-0.0002057859202295731,0.0010641629471024316,-0.0013111761465620098,-0.0012699488673320047,0.0035644070612027468,-0.36785252751675795,-0.35628614956886623,0.7129831995471632,0.7216262807301002,0.913,0.683,0.692,True,999,0.00011475000064820051,0.0008590000215917826,near_2x2_bal_strong_500,near_boundary,False,343,2065082011,9.992007221626409e-16,0,0
500,500,0.00030609684070448395,0.0014144775623942119,-0.0006999572346444438,0.00036757990423552656,-0.001108380721689728,-0.0010675371388799704,0.002729795033264748,-0.4060307488962422,-0.3910686062034592,0.6847200074500204,0.6957465251195083,0.952,0.683,0.706,True,999,0.00011837505735456944,0.0008478750241920352,near_2x2_bal_strong_500,near_boundary,False,344,2065082011,9.992007221626409e-16,0,0
500,500,0.005345983327177839,0.0012433190257666316,0.004339823639213591,0.0001801534135665861,0.004102664301411207,0.004159670225647005,0.0051799239366678,0.7920317656344613,0.8030369319134992,0.42834215442049084,0.4219533885431329,0.828,0.445,0.445,True,999,0.00011654198169708252,0.0008544999873265624,near_2x2_bal_strong_500,near_boundary,False,345,2065082011,9.992007221626409e-16,0,0
500,500,0.0030927786253938105,0.002588506739669205,0.0020866210679741926,0.0015465169536241774,0.0005042718857246054,0.0005401041143500152,0.004901072253646637,0.10289011457633632,0.11020121442775126,0.9180501834853807,0.9122497991674603,0.987,0.933,0.929,True,999,0.00011916691437363625,0.0008752919966354966,near_2x2_bal_strong_500,near_boundary,False,346,2065082011,9.992007221626409e-16,0,0
500,500,0.006375430476365351,0.0024313936193338104,0.005369156933227259,0.0013894423537124112,0.003944036857031541,0.003979714579514848,0.0060208721618119215,0.6550607206123809,0.6609863940903195,0.5124286604315289,0.508621039127553,0.82,0.528,0.524,True,999,0.00011745898518711329,0.0008528339676558971,near_2x2_bal_strong_500,near_boundary,False,347,2065082011,9.992007221626409e-16,0,0
500,500,0.0036362774274353304,0.004020994424191848,0.002630140958387983,0.002993472142122755,-0.0003847169967565178,-0.0003633311837347719,0.005688049671363292,-0.06763601216307771,-0.06387623258003124,0.9460753874647311,0.9490687772756048,0.978,0.938,0.943,True,999,0.0001355410786345601,0.0008567080367356539,near_2x2_bal_strong_500,near_boundary,False,348,2065082011,9.992007221626409e-16,0,0
500,500,0.0023167992903013745,0.00020728989750712357,0.0013107053627550158,-0.0008688320661462967,0.002109509392794251,0.0021795374289013125,0.0031807468632804184,0.663211969851206,0.6852281940642951,0.5071948063894245,0.49319993521217376,0.906,0.548,0.544,True,999,0.0001193750649690628,0.0008518330287188292,near_2x2_bal_strong_500,near_boundary,False,349,2065082011,9.992007221626409e-16,0,0
500,500,0.000911265230955971,0.0013161291534284358,-9.489618935276667e-05,0.00026924662037686176,-0.00040486392247246483,-0.0003641428097296284,0.003068543355393709,-0.13194010172964263,-0.11866959907526128,0.8950316692865572,0.9055371227383127,0.96,0.878,0.893,True,999,0.00011629099026322365,0.000862457905896008,near_2x2_bal_strong_500,near_boundary,False,350,2065082011,9.992007221626409e-16,0,0
500,500,0.0054546554493695165,0.004217564933594431,0.004448478952951973,0.0031792253659546077,0.0012370905157750856,0.0012692535869973653,0.006417736772971626,0.19276118038762619,0.1977727712895365,0.8471460068158725,0.843222850726077,0.945,0.857,0.852,True,999,0.00011537503451108932,0.0008567919721826911,near_2x2_bal_strong_500,near_boundary,False,351,2065082011,9.992007221626409e-16,0,0
500,500,0.0013357258145432205,0.0010320809782751739,0.0003295964677363372,-2.1574654454070696e-05,0.0003036448362680466,0.0003511711221904079,0.0031391233691706513,0.09672918218192515,0.11186916883842844,0.9229414644612235,0.9109271428214493,0.982,0.913,0.903,True,999,0.000114459078758955,0.0008548339828848839,near_2x2_bal_strong_500,near_boundary,False,352,2065082011,9.992007221626409e-16,0,0
500,500,0.0050006908055098,2.7996527315110598e-05,0.0039945297688745995,-0.001069035249713579,0.004972694278194689,0.005063565018588179,0.004473522284417092,1.111583660936796,1.1318966793183127,0.2663172008758009,0.25767787493764926,0.768,0.276,0.266,True,999,0.00011741695925593376,0.0008496249793097377,near_2x2_bal_strong_500,near_boundary,False,353,2065082011,9.992007221626409e-16,0,0
500,500,0.006831823310941676,0.0014514988746404112,0.005825625548027347,0.000397585582135207,0.005380324436301265,0.00542803996589214,0.005796690545675358,0.9281717548843926,0.9364032671955808,0.35331848334085403,0.3490655964104996,0.765,0.324,0.319,True,999,0.00012270896695554256,0.0008782919030636549,near_2x2_bal_strong_500,near_boundary,False,354,2065082011,9.992007221626409e-16,0,0
500,500,0.0014347477499518924,0.0006975395871381407,0.00042864576454348935,-0.00034908855246840176,0.0007372081628137517,0.0007777343170118911,0.0029513217885539598,0.24978915063509793,0.26352067742262447,0.8027504103843015,0.7921492883221779,0.95,0.789,0.77,True,999,0.00011566607281565666,0.000869833049364388,near_2x2_bal_strong_500,near_boundary,False,355,2065082011,9.992007221626409e-16,0,0
500,500,0.010117700448983413,0.0016149844562602933,0.009111400306210271,0.0005610985145949599,0.00850271599272312,0.008550301791615311,0.006876488271251535,1.2364910194452507,1.2434110921648003,0.21627610185418178,0.21371638490009315,0.62,0.21,0.204,True,999,0.0001154579222202301,0.0009062499739229679,near_2x2_bal_strong_500,near_boundary,False,356,2065082011,9.992007221626409e-16,0,0
500,500,0.00026488206360930633,4.37969405370775e-05,-0.0007411724585040247,-0.0010321413667782053,0.00022108512307222883,0.00029096890827418065,0.00111285739622542,0.19866437858264988,0.2614610903976435,0.8425252903329393,0.7937369515070363,0.99,0.834,0.784,True,999,0.00011337501928210258,0.0008317918982356787,near_2x2_bal_strong_500,near_boundary,False,357,2065082011,9.992007221626409e-16,0,0
500,500,0.011825808347973643,0.00101685869815199,0.010819451888494314,-4.618972636194485e-05,0.010808949649821653,0.010865641614856258,0.007159619621051021,1.5097100435392845,1.5176283364144978,0.131117427377773,0.12910811924806362,0.604,0.125,0.124,True,999,0.00013345899060368538,0.000813000020571053,near_2x2_bal_strong_500,near_boundary,False,358,2065082011,9.992007221626409e-16,0,0
500,500,0.0015789975699873615,0.0001304767290054576,0.0005729192949956996,-0.0009664366455695017,0.001448520840981904,0.0015393559405652013,0.002608771471430161,0.5552501845582537,0.5900692940809059,0.5787235471995735,0.555144193875476,0.923,0.563,0.55,True,999,0.0001212080242112279,0.000811500009149313,near_2x2_bal_strong_500,near_boundary,False,359,2065082011,9.992007221626409e-16,0,0
500,500,0.00044117292810097464,0.0018086808713492775,-0.0005649274146435346,0.0007616461710426847,-0.0013675079432483028,-0.0013265735856862193,0.0031362587218291575,-0.43603161108173255,-0.42297964018495354,0.6628137946308666,0.6723101156876162,0.912,0.665,0.674,True,999,0.00011491694021970034,0.0008228330407291651,near_2x2_bal_strong_500,near_boundary,False,360,2065082011,9.992007221626409e-16,0,0
500,500,0.0017801184075639798,0.00023577929158269395,0.0007740383025520714,-0.0008998140217215678,0.0015443391159812858,0.0016738523242736392,0.0028262869631162273,0.5464197854412198,0.5922442929956664,0.5847774127836756,0.5536870132250933,0.923,0.588,0.549,True,999,0.00011741707567125559,0.0008328750263899565,near_2x2_bal_strong_500,near_boundary,False,361,2065082011,9.992007221626409e-16,0,0
500,500,0.0015818191704425333,0.00013293537138359124,0.000575735432505553,-0.0009431307294676117,0.001448883799058942,0.0015188661619731647,0.0026211360802194314,0.552769392628271,0.5794686408826248,0.580421329520795,0.5622730002767624,0.91,0.527,0.523,True,999,0.0001164580462500453,0.0008792500011622906,near_2x2_bal_strong_500,near_boundary,False,362,2065082011,9.992007221626409e-16,0,0
500,500,0.008228402127423484,0.0009110089484010708,0.00722218488232329,-0.00015198110875758175,0.007317393179022413,0.007374165991080872,0.006053684434711805,1.2087503499628272,1.2181285745251984,0.22675877157726643,0.22317511675253277,0.709,0.223,0.216,True,999,0.00011687504593282938,0.0008694169810041785,near_2x2_bal_strong_500,near_boundary,False,363,2065082011,9.992007221626409e-16,0,0
500,500,2.337049697909155e-05,0.009472465513099548,-0.0009827129116501965,0.008435958551103795,-0.009449095016120457,-0.009418671462753991,0.006836596472119919,-1.3821343785104876,-1.377684276257044,0.1669304443733567,0.16830078808354298,0.535,0.145,0.147,True,999,0.00011504197027534246,0.0008601249428465962,near_2x2_bal_strong_500,near_boundary,False,364,2065082011,9.992007221626409e-16,0,0
500,500,0.001360710656578501,0.0007687732448767304,0.000354639465172113,-0.0003079150889391258,0.0005919374117017706,0.0006625545541112388,0.002971028677895426,0.19923651902312792,0.22300510225319314,0.8420777339700963,0.8235315354720529,0.976,0.857,0.84,True,999,0.00011916598305106163,0.0008476669900119305,near_2x2_bal_strong_500,near_boundary,False,365,2065082011,9.992007221626409e-16,0,0
500,500,0.009906826301915195,0.004985186378379025,0.008900563350778157,0.003942405799904236,0.00492163992353617,0.004958157550873921,0.007933535416947458,0.6203589780443486,0.6249619230642627,0.5350214736127821,0.531996049122985,0.802,0.528,0.526,True,999,0.00011737504974007607,0.0008476249640807509,near_2x2_bal_strong_500,near_boundary,False,366,2065082011,9.992007221626409e-16,0,0
500,500,3.632445723433797e-06,3.987284844464423e-06,-0.0010024451405001855,-0.0010931245458323247,-3.5483912103062565e-07,9.067940533213914e-05,0.00017422877008633377,-0.002036627595171543,0.5204617198824609,0.9983750074090791,0.6027418018908148,1.0,1.0,0.609,True,999,0.00011329096741974354,0.0008675419958308339,near_2x2_bal_strong_500,near_boundary,False,367,2065082011,9.992007221626409e-16,0,0
500,500,0.0024850320634632883,0.001005258231210615,0.001478913685389216,-4.835708392647575e-05,0.0014797738322526732,0.0015272707693156917,0.003783024020439927,0.3911616273799368,0.4037169103510175,0.6956777700617625,0.6864209029978607,0.919,0.69,0.679,True,999,0.00011658400762826204,0.0008511670166626573,near_2x2_bal_strong_500,near_boundary,False,368,2065082011,9.992007221626409e-16,0,0
500,500,0.005005538864651937,0.00012815408527772076,0.003999396470874217,-0.0009478948277319432,0.0048773847793742164,0.00494729129860616,0.004522701591937994,1.0784228586003701,1.0938796641867827,0.2808450904556309,0.2740077587606551,0.756,0.302,0.293,True,999,0.00011300004553049803,0.0008577089756727219,near_2x2_bal_strong_500,near_boundary,False,369,2065082011,9.992007221626409e-16,0,0
500,500,5.5918541650101794e-05,0.003534267634094257,-0.0009501384198529195,0.0024795760513427467,-0.003478349092444155,-0.003429714471195666,0.004130566444336414,-0.8420997796109684,-0.8303254571532885,0.39973210462624753,0.40635479862763024,0.83,0.409,0.418,True,999,0.00011491694021970034,0.0008807920385152102,near_2x2_bal_strong_500,near_boundary,False,370,2065082011,9.992007221626409e-16,0,0
500,500,0.0011542729061161383,0.001134438292310469,0.00014813127955903838,8.062773383699096e-05,1.983461380566931e-05,6.750354572204742e-05,0.0030980687532450074,0.006402251010373465,0.021788911447282195,0.9948917776611282,0.9826163394718362,1.0,0.993,0.984,True,999,0.00013466598466038704,0.0008674579439684749,near_2x2_bal_strong_500,near_boundary,False,371,2065082011,9.992007221626409e-16,0,0
500,500,0.0015627974220033813,0.002495474109541096,0.0005567202115344116,0.001457711333870293,-0.0009326766875377146,-0.0009009911223358813,0.004167779525138161,-0.22378263579256788,-0.21618013066706393,0.8229264419707811,0.828847340795764,0.951,0.844,0.846,True,999,0.00012458302080631256,0.0008575830142945051,near_2x2_bal_strong_500,near_boundary,False,372,2065082011,9.992007221626409e-16,0,0
500,500,0.0026566102058439567,0.000814540675086517,0.0016504858077723839,-0.00024839887709049435,0.0018420695307574397,0.0018988846848628782,0.003762864777425608,0.4895391250327378,0.5046380343654056,0.624460062179717,0.6138130907483961,0.913,0.65,0.637,True,999,0.00011383299715816975,0.0008715420262888074,near_2x2_bal_strong_500,near_boundary,False,373,2065082011,9.992007221626409e-16,0,0
500,500,0.006183959564949104,0.0010144147371371481,0.005177722399309914,-4.8629570926550514e-05,0.005169544827811956,0.005226351970236465,0.005393028091065312,0.9585607084777469,0.9690941493323609,0.33778009449193713,0.332498216566542,0.792,0.323,0.319,True,999,0.00012083398178219795,0.0008264170028269291,near_2x2_bal_strong_500,near_boundary,False,374,2065082011,9.992007221626409e-16,0,0
500,500,0.0034376068750400224,0.005282464521539021,0.0024313516719871586,0.00424375166338109,-0.0018448576464989985,-0.0018123999913939315,0.006209959469646315,-0.29708046493966433,-0.2918537552866115,0.7664050781876932,0.7703984427288633,0.909,0.767,0.774,True,999,0.00010920909699052572,0.0008304589428007603,near_2x2_bal_strong_500,near_boundary,False,375,2065082011,9.992007221626409e-16,0,0
500,500,0.00751919746762697,0.0003766634701652394,0.006512977588954527,-0.0006697807117745924,0.007142533997461731,0.00718275830072912,0.005606943323205127,1.273873050919089,1.2810470673035448,0.20270841055108435,0.20017713444815144,0.629,0.181,0.18,True,999,0.00011758401524275541,0.0008387499256059527,near_2x2_bal_strong_500,near_boundary,False,376,2065082011,9.992007221626409e-16,0,0
500,500,0.003463071618399427,0.00030837342451051075,0.0024569515020971266,-0.0007678324260496083,0.0031546981938889163,0.003224783928146735,0.0038880301187411287,0.8113872829026202,0.8294133094809615,0.41714329989200083,0.4068705727582319,0.857,0.432,0.427,True,999,0.00011454103514552116,0.0008471669862046838,near_2x2_bal_strong_500,near_boundary,False,377,2065082011,9.992007221626409e-16,0,0
500,500,0.00250959791059735,0.004063595895750949,0.0015033806544124673,0.003021083979035666,-0.001553997985153599,-0.0015177033246231986,0.0053829934717709825,-0.28868658178817,-0.28194411391769353,0.7728212319047574,0.7779863630546314,0.929,0.774,0.781,True,999,0.00011745793744921684,0.000849416945129633,near_2x2_bal_strong_500,near_boundary,False,378,2065082011,9.992007221626409e-16,0,0
500,500,0.005075728810557623,3.9125415301821675e-05,0.0040695513060313715,-0.001036534422155455,0.005036603395255801,0.005106085728186827,0.004511202585059835,1.1164657982631911,1.1318679735414943,0.2642228022953872,0.25768994500037956,0.751,0.259,0.255,True,999,0.00012766604777425528,0.0008815419860184193,near_2x2_bal_strong_500,near_boundary,False,379,2065082011,9.992007221626409e-16,0,0
500,500,0.0013686387773433895,8.093930059194232e-05,0.0003625496626114,-0.0009652690922052898,0.0012876994767514471,0.0013278187548166898,0.002407865621979946,0.5347887627103518,0.5514505222782521,0.5927959344108356,0.5813248752734933,0.936,0.638,0.625,True,999,0.00011804199311882257,0.0008718339959159493,near_2x2_bal_strong_500,near_boundary,False,380,2065082011,9.992007221626409e-16,0,0
500,500,0.0020723726520657237,0.0004429615719478974,0.0010662639406291419,-0.0006333639393574231,0.0016294110801178263,0.001699627879986565,0.003190536332364863,0.5107013086135546,0.5327091444612326,0.6095602242669438,0.5942349350737125,0.908,0.6,0.58,True,999,0.00011495896615087986,0.0008959999540820718,near_2x2_bal_strong_500,near_boundary,False,381,2065082011,9.992007221626409e-16,0,0
500,500,0.0012808432254041158,0.0004847377902159611,0.0002747280520907225,-0.0005780153472016991,0.0007961054351881547,0.0008527433992924216,0.0026815999817960613,0.29687702886056305,0.3179979881717025,0.7665603942738018,0.7504864629718102,0.953,0.773,0.759,True,999,0.0001261659199371934,0.0008434579940512776,near_2x2_bal_strong_500,near_boundary,False,382,2065082011,9.992007221626409e-16,0,0
500,500,0.0035297381562662267,0.0030265458284018387,0.0025236280785634335,0.001979036477905538,0.0005031923278643879,0.0005445916006578955,0.005297028213059515,0.09499521384911572,0.10281077969629018,0.9243186285249334,0.9181131496442365,0.977,0.923,0.917,True,999,0.00011091702617704868,0.0008449999149888754,near_2x2_bal_strong_500,near_boundary,False,383,2065082011,9.992007221626409e-16,0,0
500,500,0.002026489958817934,0.00016237802419566405,0.0010204073440149841,-0.0009136972832379797,0.00186411193462227,0.0019341046272529638,0.002961154950477667,0.6295219148601353,0.6531588719938385,0.5290074261602155,0.5136538616844508,0.912,0.551,0.536,True,999,0.00011149991769343615,0.0008312079589813948,near_2x2_bal_strong_500,near_boundary,False,384,2065082011,9.992007221626409e-16,0,0
500,500,0.003950928084220928,0.0012312590303155124,0.002944751674363033,0.00018964738561066952,0.002719669053905416,0.0027551042887523636,0.004591992905225587,0.5922633396951664,0.5999800839450592,0.553674260816184,0.5485195086184482,0.862,0.545,0.537,True,999,0.00010808301158249378,0.0008343328954651952,near_2x2_bal_strong_500,near_boundary,False,385,2065082011,9.992007221626409e-16,0,0
500,500,0.0015692233454693838,0.004538881589313426,0.0005631544037782987,0.003496209501093972,-0.002969658243844042,-0.0029330550973156733,0.005259488995816662,-0.5646286637743847,-0.5576692145660143,0.5723263646193486,0.5770702833627723,0.833,0.546,0.551,True,999,0.00010991597082465887,0.0008532919455319643,near_2x2_bal_strong_500,near_boundary,False,386,2065082011,9.992007221626409e-16,0,0
500,500,0.0,0.0006343751051353097,-0.0010060349255240908,-0.0004623153242278022,-0.0006343751051353097,-0.0005437196012962886,0.0015210208109242662,-0.417071943118138,-0.357470191986322,0.6766257862070666,0.7207398373784474,0.935,0.706,0.711,True,999,0.00011179200373589993,0.0008958340622484684,near_2x2_bal_strong_500,near_boundary,False,387,2065082011,9.992007221626409e-16,0,0
500,500,0.007704418904398658,0.0007129908871992829,0.006698216983920702,-0.00034048438351419463,0.006991428017199375,0.007038701367434896,0.005800970515785168,1.2052169543311455,1.2133661683474701,0.22811955891986702,0.22498985511348601,0.649,0.224,0.22,True,999,0.00011558400001376867,0.0008656249847263098,near_2x2_bal_strong_500,near_boundary,False,388,2065082011,9.992007221626409e-16,0,0
500,500,0.0002962566193228655,0.0036527887318638097,-0.0007097965447542265,0.002614693140117197,-0.003356532112540944,-0.0033244896848714234,0.004229518950451931,-0.7935966600131423,-0.7860207564541579,0.427430277493528,0.43185532704242613,0.782,0.404,0.408,True,999,0.00011491705663502216,0.0008668749360367656,near_2x2_bal_strong_500,near_boundary,False,389,2065082011,9.992007221626409e-16,0,0
500,500,0.0028356586143739593,7.909579121451182e-05,0.0018295500408953558,-0.0009833279294753083,0.0027565628231594475,0.002812877970370664,0.0034111852746189102,0.808095310351445,0.8246042779616866,0.4190357170904262,0.4095962918681578,0.872,0.432,0.421,True,999,0.0001157090300694108,0.0008901250548660755,near_2x2_bal_strong_500,near_boundary,False,390,2065082011,9.992007221626409e-16,0,0
500,500,0.005843374603550333,0.0027675135895790515,0.004837092622381078,0.001725467144325421,0.0030758610139712816,0.0031116254780556574,0.005980992579470412,0.5142726684746421,0.5202523555598821,0.6070613677462615,0.6028876985893952,0.883,0.631,0.627,True,999,0.00011108303442597389,0.0008215830894187093,near_2x2_bal_strong_500,near_boundary,False,391,2065082011,9.992007221626409e-16,0,0
500,500,0.0037500207167705524,3.76839874554058e-05,0.0027438848925953607,-0.0010247024489444811,0.0037123367293151466,0.003768587341539842,0.0038858352312787546,0.9553510399599437,0.9698268498892763,0.339400204421868,0.3321328069662014,0.808,0.37,0.348,True,999,0.00011195801198482513,0.0008645839989185333,near_2x2_bal_strong_500,near_boundary,False,392,2065082011,9.992007221626409e-16,0,0
500,500,0.0008630273265082256,0.003187938697592152,-0.00014307292991588838,0.002140070754080625,-0.0023249113710839264,-0.0022831436839965136,0.004268440004330472,-0.5446747216138046,-0.5348894869507805,0.5859772534712415,0.5927262784212275,0.875,0.581,0.589,True,999,0.00011254195123910904,0.0008781659416854382,near_2x2_bal_strong_500,near_boundary,False,393,2065082011,9.992007221626409e-16,0,0
500,500,0.0035662687711051078,0.005415174965569425,0.0025600717452789468,0.004371917413692472,-0.001848906194464317,-0.0018118456684135253,0.0063338108027715745,-0.29191054991021603,-0.2860593290252198,0.7703550169730012,0.7748326811889661,0.921,0.796,0.8,True,999,0.00011508399620652199,0.0008393749594688416,near_2x2_bal_strong_500,near_boundary,False,394,2065082011,9.992007221626409e-16,0,0
500,500,0.0035390529129764037,0.003508238597115021,0.0025329266928793004,0.0024604864606772026,3.0814315861382724e-05,7.244023220209783e-05,0.005523902150277793,0.0055783601923204045,0.013113960065070101,0.9955491356117045,0.9895368736349685,0.999,0.992,0.989,True,999,0.00011633301619440317,0.0008432500762864947,near_2x2_bal_strong_500,near_boundary,False,395,2065082011,9.992007221626409e-16,0,0
500,500,0.0003948281475839588,9.394310629962099e-07,-0.0006112150453532195,-0.0010962465417776457,0.0003938887165209626,0.0004850314964244262,0.0012579454134966665,0.31312067462934184,0.38557435896697717,0.754188982249189,0.6998119260993462,0.994,0.747,0.687,True,999,0.00011575000826269388,0.0008668750524520874,near_2x2_bal_strong_500,near_boundary,False,396,2065082011,9.992007221626409e-16,0,0
500,500,0.0013138539437175245,0.005543125634507429,0.0003077779237514733,0.004500137565656814,-0.004229271690789904,-0.004192359641905341,0.005646958952711227,-0.7489467740436362,-0.742410149783805,0.4538892867577363,0.45783887186265815,0.792,0.451,0.457,True,999,0.00011529098264873028,0.000880582956597209,near_2x2_bal_strong_500,near_boundary,False,397,2065082011,9.992007221626409e-16,0,0
500,500,0.0027393700637239338,0.005414405396867716,0.001733195834901835,0.004375742541469663,-0.0026750353331437826,-0.0026425467065678276,0.0060411469649763235,-0.44280255862874324,-0.43742466817775627,0.6579085524872457,0.6618033974219277,0.847,0.643,0.649,True,999,0.00011575000826269388,0.0009064590558409691,near_2x2_bal_strong_500,near_boundary,False,398,2065082011,9.992007221626409e-16,0,0
500,500,0.013984452020279425,0.0012309518054203772,0.012978023799576022,0.00017723340707220814,0.012753500214859048,0.012800790392503814,0.007784467977197572,1.638326505063271,1.6444014452882534,0.10135360144502771,0.10009330678284022,0.556,0.103,0.099,True,999,0.00011712498962879181,0.000845166970975697,near_2x2_bal_strong_500,near_boundary,False,399,2065082011,9.992007221626409e-16,0,0
500,500,0.0025664476509200673,0.007680647368893789,0.001560291483826859,0.006647807120231164,-0.005114199717973722,-0.005087515636404305,0.006837005292453835,-0.7480175163266856,-0.7441146260365656,0.4544495921533207,0.45680713156591246,0.75,0.451,0.451,True,999,0.00011462508700788021,0.0008466249564662576,near_2x2_bal_strong_500,near_boundary,False,400,2065082011,9.992007221626409e-16,0,0
500,500,0.0092447965449175,0.003391907711838116,0.008238534345082371,0.002349630417739945,0.005852888833079384,0.005888903927342426,0.007228026643093954,0.8097492057076946,0.8147319065251374,0.41808433134162826,0.41522578560530377,0.74,0.429,0.428,True,999,0.00011437491048127413,0.0008704999927431345,near_2x2_bal_strong_500,near_boundary,False,401,2065082011,9.992007221626409e-16,0,0
500,500,0.00314554844357684,0.00101685869815199,0.0021393895348751357,-4.618972636194485e-05,0.00212868974542485,0.0021855792612370806,0.004127911869558398,0.5156819749769939,0.5294636441622705,0.6060765458728183,0.5964838581452319,0.898,0.621,0.609,True,999,0.00011700007598847151,0.0008460419485345483,near_2x2_bal_strong_500,near_boundary,False,402,2065082011,9.992007221626409e-16,0,0
500,500,0.001591506515572827,0.0013941243591724661,0.0005853840136182953,0.0003472525906431656,0.00019738215640036083,0.00023813142297512968,0.0035343755457586364,0.05584640167546025,0.06737581218863259,0.9554641694066117,0.9462825245016483,0.984,0.96,0.951,True,999,0.00011620903387665749,0.0008814169559627771,near_2x2_bal_strong_500,near_boundary,False,403,2065082011,9.992007221626409e-16,0,0
500,500,0.0011697526684882886,0.006058283441500889,0.0001636861466636219,0.005028240974326081,-0.0048885307730126,-0.0048645548276624595,0.0057063463309131625,-0.856683154075282,-0.8524815259300964,0.3916200158412474,0.3939468882798237,0.727,0.388,0.393,True,999,0.00012025004252791405,0.0008871669415384531,near_2x2_bal_strong_500,near_boundary,False,404,2065082011,9.992007221626409e-16,0,0
500,500,0.0016044079816783796,0.0009573085973967332,0.0005983044836739282,-0.0001057613693831172,0.0006470993842816464,0.0007040658530570454,0.0032596946797827085,0.19851533589789522,0.2159913495652846,0.8426418872018788,0.8289944904720217,0.966,0.851,0.837,True,999,0.00011612509842962027,0.000861792010255158,near_2x2_bal_strong_500,near_boundary,False,405,2065082011,9.992007221626409e-16,0,0
500,500,0.00011968513778226608,0.0019801432108765282,-0.0008864896374802811,0.0009330258694433269,-0.0018604580730942621,-0.001819515506923608,0.003060016473130504,-0.6079895613081286,-0.594609709751719,0.5431943972407263,0.5521043881347149,0.902,0.542,0.549,True,999,0.00011604104656726122,0.0008519589900970459,near_2x2_bal_strong_500,near_boundary,False,406,2065082011,9.992007221626409e-16,0,0
500,500,0.004317722788774958,6.592855218917615e-05,0.003311477758472847,-0.0010100407034201453,0.004251794236585782,0.0043215184618929925,0.004180119534991261,1.0171465674592655,1.033826527140695,0.30908371023532966,0.3012172679798971,0.784,0.314,0.305,True,999,0.00015716697089374065,0.000861041946336627,near_2x2_bal_strong_500,near_boundary,False,407,2065082011,9.992007221626409e-16,0,0
500,500,0.0024463147182092193,0.0012679344848806617,0.0014401959403471665,0.00022111446534722745,0.0011783802333285576,0.001219081474999939,0.003913572999490942,0.3011008695843505,0.3115008906588713,0.7633375779473867,0.7554198658978695,0.925,0.766,0.766,True,999,0.00011504208669066429,0.0008536670356988907,near_2x2_bal_strong_500,near_boundary,False,408,2065082011,9.992007221626409e-16,0,0
500,500,8.746837054651735e-08,0.007446560806633196,-0.0010060336792321323,0.006410851119426297,-0.007446473338262649,-0.00741688479865843,0.0059804476269129615,-1.2451364517853714,-1.2401889058071964,0.21308159702445417,0.21490553087972464,0.548,0.208,0.211,True,999,0.0001142079709097743,0.0008597499690949917,near_2x2_bal_strong_500,near_boundary,False,409,2065082011,9.992007221626409e-16,0,0
500,500,0.0020451162636474507,0.0005854391183629515,0.0010390358608560746,-0.0006428962338702604,0.0014596771452844992,0.001681932094726335,0.0031948284721929647,0.45688748488038894,0.5264545841397985,0.6477519199135913,0.5985723990849969,0.931,0.655,0.584,True,999,0.00011825002729892731,0.0008513330249115825,near_2x2_bal_strong_500,near_boundary,False,410,2065082011,9.992007221626409e-16,0,0
500,500,5.4028284367735324e-05,0.012591433197954027,-0.0009520474142732382,0.011562002751929867,-0.012537404913586292,-0.012514050166203106,0.007848568381252445,-1.5974129681451052,-1.5944372984116322,0.11017368364466157,0.11083812400020433,0.35,0.103,0.103,True,999,0.00011454196646809578,0.0008512500207871199,near_2x2_bal_strong_500,near_boundary,False,411,2065082011,9.992007221626409e-16,0,0
500,500,0.0007673259585763148,0.007785140451501582,-0.0002387498339544436,0.0067520188354137645,-0.007017814492925267,-0.006990768669368208,0.00632855707018152,-1.108912255210804,-1.1046386390835998,0.2674680364621208,0.26931620137976076,0.586,0.264,0.272,True,999,0.00011491694021970034,0.0009004579624161124,near_2x2_bal_strong_500,near_boundary,False,412,2065082011,9.992007221626409e-16,0,0
500,500,8.001173517957483e-06,0.009192562446109775,-0.0009980330158327888,0.008156331601924194,-0.009184561272591818,-0.009154364617756983,0.00672319274981133,-1.3661011389045123,-1.361609723001602,0.17190722089142496,0.17332108512913724,0.537,0.166,0.168,True,999,0.00011420901864767075,0.0008624169277027249,near_2x2_bal_strong_500,near_boundary,False,413,2065082011,9.992007221626409e-16,0,0
500,500,0.005360755595991584,0.002495474109541096,0.004354592747972674,0.001457711333870293,0.0028652814864504883,0.0028968814141023813,0.0056972235209816514,0.5029259385555563,0.5084724872446709,0.6150163436625811,0.6111220289526922,0.861,0.602,0.601,True,999,0.00012550002429634333,0.0008546249009668827,near_2x2_bal_strong_500,near_boundary,False,414,2065082011,9.992007221626409e-16,0,0
500,500,0.0028288327898066123,0.00410359114659814,0.0018227091761673364,0.0030653604189296857,-0.0012747583567915277,-0.0012426512427623493,0.005496865085582273,-0.23190642974576386,-0.22606544337820828,0.8166106904436844,0.821150521058786,0.927,0.804,0.809,True,999,0.00011312495917081833,0.0009064159821718931,near_2x2_bal_strong_500,near_boundary,False,415,2065082011,9.992007221626409e-16,0,0
500,500,0.003549850671523691,0.0011059491449051384,0.0025437365902689635,-0.0001223175515292496,0.0024439015266185526,0.002666054141798213,0.004223688120760584,0.5786178943009801,0.6312147264599929,0.5628470278141788,0.5279001342867061,0.879,0.545,0.51,True,999,0.00011683302000164986,0.0008342079818248749,near_2x2_bal_strong_500,near_boundary,False,416,2065082011,9.992007221626409e-16,0,0
500,500,0.0032209725377596587,0.0005639301963155652,0.0022148636544443434,-0.0004988771459011332,0.0026570423414440936,0.0027137408003454766,0.0039076368574812404,0.679961428953445,0.694471082989703,0.4965288838669847,0.4873868292857102,0.865,0.485,0.476,True,999,0.0001154160127043724,0.0008610829245299101,near_2x2_bal_strong_500,near_boundary,False,417,2065082011,9.992007221626409e-16,0,0
500,500,0.0009411153415761486,0.003334549173469148,-6.501022340898999e-05,0.0022964808607639497,-0.0023934338318929993,-0.0023614910841729397,0.004347815625636582,-0.5504911058740138,-0.5431442562211188,0.5819825755949193,0.5870304835208369,0.853,0.57,0.574,True,999,0.00011691695544868708,0.0008547080215066671,near_2x2_bal_strong_500,near_boundary,False,418,2065082011,9.992007221626409e-16,0,0
500,500,8.00322266514275e-06,0.0027675135895790515,-0.0009980330453345232,0.001725467144325421,-0.0027595103669139087,-0.0027235001896599442,0.0035471579276284628,-0.777949677802715,-0.7677978385024445,0.43659868013067726,0.442607298876455,0.839,0.425,0.428,True,999,0.00011441705282777548,0.0008539169793948531,near_2x2_bal_strong_500,near_boundary,False,419,2065082011,9.992007221626409e-16,0,0
500,500,0.0004402794996439807,4.113419319884404e-06,-0.0005658536028931849,-0.0010716743964280795,0.0004361660803240963,0.0005058207935348946,0.0013329827040923078,0.32721060744828107,0.3794653838958341,0.7435085985217036,0.7043423051283795,0.973,0.734,0.698,True,999,0.0001153330085799098,0.000852875062264502,near_2x2_bal_strong_500,near_boundary,False,420,2065082011,9.992007221626409e-16,0,0
500,500,0.0007398484103702252,0.006655915349662478,-0.00026625912335020985,0.005620337420339183,-0.005916066939292253,-0.005886596543689393,0.005878113416013515,-1.006456752463357,-1.0014431718266557,0.3141959053251041,0.31661260116103385,0.714,0.306,0.309,True,999,0.00011920894030481577,0.0008670830866321921,near_2x2_bal_strong_500,near_boundary,False,421,2065082011,9.992007221626409e-16,0,0
500,500,0.0018034258413207604,0.022462581236794288,0.0007973431497134698,0.02143596500073386,-0.020659155395473527,-0.02063862185102039,0.010952106388402752,-1.886317997910395,-1.8844431490251723,0.05925211537229258,0.05950505792757229,0.253,0.072,0.072,True,999,0.00011679099407047033,0.0008683330379426479,near_2x2_bal_strong_500,near_boundary,False,422,2065082011,9.992007221626409e-16,0,0
500,500,0.000806225642692171,0.006894892066913683,-0.00019982725154932268,0.005866651091764652,-0.006088666424221512,-0.006066478343313975,0.005912504974677875,-1.0297947232684121,-1.026041985469025,0.3031063783125608,0.3048717941461323,0.67,0.315,0.315,True,999,0.0001140000531449914,0.0008547499310225248,near_2x2_bal_strong_500,near_boundary,False,423,2065082011,9.992007221626409e-16,0,0
500,500,0.0042170865702131355,0.008785056552410575,0.0032109515171327985,0.007745379494451754,-0.0045679699821974395,-0.0045344279773189555,0.007777127222129612,-0.5873595547208487,-0.5830466504927886,0.5569622512672012,0.5598618962625147,0.814,0.561,0.566,True,999,0.00012816698290407658,0.0008562080329284072,near_2x2_bal_strong_500,near_boundary,False,424,2065082011,9.992007221626409e-16,0,0
500,500,2.860803834969783e-05,0.0037929645313807825,-0.0009774513345064406,0.002758184339569425,-0.0037643564930310847,-0.0037356356740758656,0.004161200148077473,-0.9046324038920033,-0.8977303520960837,0.36566016262490497,0.36932932377156014,0.777,0.362,0.364,True,999,0.00011458306107670069,0.0008748330874368548,near_2x2_bal_strong_500,near_boundary,False,425,2065082011,9.992007221626409e-16,0,0
500,500,0.0013748341732200409,1.3462127328445206e-05,0.0003687277013000312,-0.0010624198500579496,0.0013613720458915957,0.0014311475513579808,0.002355016399733927,0.5780732762818149,0.6077017346969107,0.5632146484398011,0.5433853123229951,0.913,0.571,0.563,True,999,0.00012116599828004837,0.0008635830599814653,near_2x2_bal_strong_500,near_boundary,False,426,2065082011,9.992007221626409e-16,0,0
500,500,7.87316117900616e-06,0.005214876141044766,-0.0009981605002735705,0.004185037307479433,-0.00520700297986576,-0.005183197807753004,0.0048757584236861,-1.0679370320257249,-1.0630546793650366,0.2855489165498688,0.28775715535874025,0.651,0.278,0.283,True,999,0.00011654198169708252,0.0008261670591309667,near_2x2_bal_strong_500,near_boundary,False,427,2065082011,9.992007221626409e-16,0,0
500,500,0.0011269957688981869,0.01300391368773568,0.00012092994518297928,0.011972130470013553,-0.011876917918837493,-0.011851200524830574,0.008307825148888871,-1.4296061491407255,-1.426510586397646,0.15283008968971246,0.15372101331278548,0.443,0.143,0.144,True,999,0.0001176249934360385,0.00083370809443295,near_2x2_bal_strong_500,near_boundary,False,428,2065082011,9.992007221626409e-16,0,0
500,500,0.0023102067749056765,0.002452062848303682,0.0013039320851930825,0.001410089448341978,-0.00014185607339800566,-0.00010615736314889546,0.0045002261955692435,-0.031521987392027516,-0.02358933940996434,0.9748532574531699,0.9811801757050562,0.986,0.974,0.975,True,999,0.00011579191777855158,0.0008727910462766886,near_2x2_bal_strong_500,near_boundary,False,429,2065082011,9.992007221626409e-16,0,0
500,500,0.002316157726298451,0.0017759807996177157,0.0013100739063816036,0.000722007070919517,0.0005401769266807355,0.0005880668354620866,0.004153852064516144,0.13004240841775316,0.14157144412666675,0.8965328744798082,0.8874185239911038,0.963,0.885,0.878,True,999,0.00011566700413823128,0.0008709169924259186,near_2x2_bal_strong_500,near_boundary,False,430,2065082011,9.992007221626409e-16,0,0
500,500,0.0007963705418685407,0.003513555940786617,-0.000209685894390077,0.0024586946155977785,-0.002717185398918076,-0.0026683805099878555,0.0044604415169040715,-0.6091740892959931,-0.5982323722607488,0.5424090528442156,0.5496848939077741,0.859,0.559,0.566,True,999,0.00011870905291289091,0.000853167031891644,near_2x2_bal_strong_500,near_boundary,False,431,2065082011,9.992007221626409e-16,0,0
500,500,0.003166882177473296,0.0033700862132246545,0.002160692029690381,0.0023278318370500983,-0.0002032040357513587,-0.00016713980735971745,0.005303090416398751,-0.038318040952685,-0.031517434973929705,0.9694341067488174,0.9748568879533996,0.985,0.97,0.976,True,999,0.00011420890223234892,0.0008641660679131746,near_2x2_bal_strong_500,near_boundary,False,432,2065082011,9.992007221626409e-16,0,0
500,500,0.0004949942478656988,0.013425173866090712,-0.0005111015499323912,0.012399106603652399,-0.012930179618225013,-0.01291020815358479,0.008142918384178195,-1.5879048528041904,-1.585452235241545,0.11230785599394308,0.11286362111052975,0.319,0.099,0.099,True,999,0.00011483405251055956,0.000857834005728364,near_2x2_bal_strong_500,near_boundary,False,433,2065082011,9.992007221626409e-16,0,0
500,500,0.0006915913133446194,0.002630809698803027,-0.0003144873666087733,0.0015834636434703953,-0.0019392183854584077,-0.0018979510100791686,0.0038467321205281763,-0.5041209849549241,-0.4933930803111317,0.6141763612483307,0.6217348707395899,0.891,0.618,0.629,True,999,0.00011475000064820051,0.0008517920505255461,near_2x2_bal_strong_500,near_boundary,False,434,2065082011,9.992007221626409e-16,0,0
500,500,0.0009731264506931403,0.0021676695039020144,-3.2932498072568706e-05,0.0011134456183583552,-0.001194543053208874,-0.001146378116430924,0.0037143727809218208,-0.32160020645865717,-0.30863302744384735,0.7477555874078472,0.7576006943012188,0.937,0.753,0.763,True,999,0.00011495908256620169,0.0008624999318271875,near_2x2_bal_strong_500,near_boundary,False,435,2065082011,9.992007221626409e-16,0,0
500,500,0.00043894503171670873,0.0008438348172419285,-0.0005671314438586705,-0.0002915239310823381,-0.0004048897855252198,-0.00027560751277633244,0.002174605545691432,-0.18618999033062894,-0.12673908301319123,0.8522957732710451,0.8991469114750392,0.958,0.836,0.882,True,999,0.0001231660135090351,0.000835500075481832,near_2x2_bal_strong_500,near_boundary,False,436,2065082011,9.992007221626409e-16,0,0
500,500,0.002053779113079246,0.005101396717941242,0.0010477005181428467,0.004062860106188282,-0.0030476176048619963,-0.003015159588045435,0.005671184627224796,-0.5373864201549287,-0.5316630979656377,0.5910007216400042,0.5949593545960867,0.842,0.602,0.605,True,999,0.0001127920113503933,0.0008330830605700612,near_2x2_bal_strong_500,near_boundary,False,437,2065082011,9.992007221626409e-16,0,0
500,500,0.0019511443479172108,1.6485687048206632e-05,0.0009450257930438966,-0.0010458363030920736,0.0019346586608690042,0.00199086209613597,0.002803041603028924,0.6901997668455728,0.7102506412978941,0.490068569966603,0.47754872218595235,0.893,0.479,0.462,True,999,0.00011108396574854851,0.000874500023201108,near_2x2_bal_strong_500,near_boundary,False,438,2065082011,9.992007221626409e-16,0,0
500,500,0.0029236335425467663,0.005767331312022672,0.0019175191501972222,0.0047285067180098395,-0.002843697769475906,-0.0028109875678126173,0.0062484703255347085,-0.4551030286332613,-0.4498681151329736,0.6490351192622505,0.6528055394985183,0.858,0.667,0.672,True,999,0.00011312507558614016,0.0008661668980494142,near_2x2_bal_strong_500,near_boundary,False,439,2065082011,9.992007221626409e-16,0,0
500,500,0.005165482158963952,0.008191059672984169,0.004159302071798265,0.007157983166734994,-0.003025577514020217,-0.002998681094936728,0.007727403023857724,-0.3915387232526884,-0.3880580688853093,0.6953990715423555,0.6979730613184857,0.846,0.707,0.707,True,999,0.00011316605377942324,0.0008767499821260571,near_2x2_bal_strong_500,near_boundary,False,440,2065082011,9.992007221626409e-16,0,0
500,500,0.0025606133205310355,0.00016147967477098124,0.0015545158106533563,-0.0009145926791802594,0.0023991336457600543,0.0024691084898336157,0.0033002252881582125,0.7269605667129959,0.7481636174030938,0.4672501126149591,0.4543614732051803,0.841,0.487,0.439,True,999,0.00012179103214293718,0.0008619170403108001,near_2x2_bal_strong_500,near_boundary,False,441,2065082011,9.992007221626409e-16,0,0
500,500,0.0006320568541604565,0.003597548581663945,-0.0003740032021823936,0.002562809471470473,-0.0029654917275034887,-0.0029368126736528666,0.004333813186255074,-0.6842684721410486,-0.6776509617366824,0.49380565171915203,0.4979930258070253,0.825,0.513,0.517,True,999,0.00011641602031886578,0.0008540829876437783,near_2x2_bal_strong_500,near_boundary,False,442,2065082011,9.992007221626409e-16,0,0
500,500,0.0028305662473657733,0.00019195031927904393,0.0018244010677790357,-0.0008491245672814784,0.0026386159280867294,0.002673525635060514,0.003476682471376106,0.758946481253532,0.7689875785528109,0.4478845722969551,0.4419006845124117,0.868,0.469,0.463,True,999,0.0001164580462500453,0.000863207969814539,near_2x2_bal_strong_500,near_boundary,False,443,2065082011,9.992007221626409e-16,0,0
500,500,0.009248607177156365,0.0008490263585858027,0.008242368009575785,-0.00028637270409603843,0.008399580818570562,0.008528740713671823,0.006296473370441356,1.3340135540002749,1.3545266074990157,0.18219941453690158,0.17556843052435478,0.602,0.171,0.166,True,999,0.0001170419855043292,0.0008519170805811882,near_2x2_bal_strong_500,near_boundary,False,444,2065082011,9.992007221626409e-16,0,0
500,500,0.0047232030107720036,0.004931759771186983,0.003717044940060532,0.003893215817811324,-0.00020855676041497961,-0.000176170877750792,0.006472233346519321,-0.03222330673957215,-0.02721948797558949,0.9742939697377708,0.9782846723073737,0.993,0.975,0.98,True,999,0.00011699995957314968,0.0008729170076549053,near_2x2_bal_strong_500,near_boundary,False,445,2065082011,9.992007221626409e-16,0,0
500,500,0.022376993013694335,0.0001304767290054576,0.02137038123532875,-0.0009664366455695017,0.022246516284688878,0.022336817880898252,0.009376336826256347,2.3726234132707833,2.3822542102315434,0.017662261539124084,0.017207014491144583,0.263,0.021,0.02,True,999,0.00011462508700788021,0.000876916921697557,near_2x2_bal_strong_500,near_boundary,False,446,2065082011,9.992007221626409e-16,0,0
500,500,0.002812549773037687,0.0026173390268691143,0.0018064395206351946,0.001575318625413047,0.0001952107461685726,0.00023112089522214774,0.004800303727063718,0.040666332229769224,0.04814713992348174,0.967561902369489,0.961598977517486,0.996,0.975,0.973,True,999,0.00010924995876848698,0.0008531659841537476,near_2x2_bal_strong_500,near_boundary,False,447,2065082011,9.992007221626409e-16,0,0
500,500,0.0023039407136919987,0.00014162790210719978,0.001297854521908448,-0.0009114959558189639,0.002162312811584799,0.002209350477727412,0.003127238022191261,0.6914449096105779,0.706486190705534,0.4892859898245734,0.47988583744222,0.877,0.508,0.497,True,999,0.00011404207907617092,0.0008413749746978283,near_2x2_bal_strong_500,near_boundary,False,448,2065082011,9.992007221626409e-16,0,0
500,500,0.0003076451985957185,0.0029755978724941845,-0.0006984079354879213,0.0019279919254131528,-0.002667952673898466,-0.002626399860901074,0.0038673162213551625,-0.6898718701010639,-0.6791272579155025,0.4902747671032337,0.497057232754447,0.827,0.488,0.488,True,999,0.0001555420458316803,0.0008629170479252934,near_2x2_bal_strong_500,near_boundary,False,449,2065082011,9.992007221626409e-16,0,0
500,500,0.009845239018832053,0.0019545996455819226,0.008838978027540634,0.0009075131563065497,0.00789063937325013,0.007931464871234084,0.006910563803383903,1.141822808927155,1.1477305031682474,0.2535276794290824,0.251079834754413,0.643,0.227,0.224,True,999,0.00011658307630568743,0.0008625829359516501,near_2x2_bal_strong_500,near_boundary,False,450,2065082011,9.992007221626409e-16,0,0
500,500,0.0025820265316662816,6.926758193920302e-05,0.001575932922719403,-0.0010067173435288623,0.0025127589497270786,0.0025826502662482653,0.003253709608270798,0.7722751112575466,0.7937556134952157,0.43995150314030995,0.42733771728500014,0.871,0.427,0.405,True,999,0.00011562497820705175,0.0008687080116942525,near_2x2_bal_strong_500,near_boundary,False,451,2065082011,9.992007221626409e-16,0,0
500,500,0.0017830372572390507,0.014995570764249677,0.0007769611823391642,0.013965485112379383,-0.013212533507010626,-0.013188523930040219,0.009039392196827251,-1.4616617156680194,-1.4590056104291258,0.1438339332553934,0.14456356351303767,0.472,0.163,0.164,True,999,0.00011537503451108932,0.0008467079605907202,near_2x2_bal_strong_500,near_boundary,False,452,2065082011,9.992007221626409e-16,0,0
500,500,0.00011790742021089429,4.303890807944022e-05,-0.0008881914476432939,-0.001032666079225919,7.486851213145407e-05,0.00014447463158262508,0.0008000373294107974,0.09358127349706594,0.18058486307010968,0.925441785907942,0.8566934380556774,0.996,0.929,0.869,True,999,0.00011487503070384264,0.0008514999644830823,near_2x2_bal_strong_500,near_boundary,False,453,2065082011,9.992007221626409e-16,0,0
500,500,0.0006650654358832941,0.0009110089484010708,-0.0003410051748460319,-0.0001519811092123291,-0.0002459435125177767,-0.00018902406563370278,0.0025814589293688328,-0.09527306815526596,-0.0732237354169021,0.9240979338269157,0.9416280789529264,0.981,0.936,0.955,True,999,0.00011725001968443394,0.0008554999949410558,near_2x2_bal_strong_500,near_boundary,False,454,2065082011,9.992007221626409e-16,0,0
500,500,5.719328403952506e-05,0.000605363843502571,-0.0009488999675681953,-0.00047001808081859053,-0.0005481705594630459,-0.00047888188674960475,0.001571206218833402,-0.3488851768102437,-0.30478614519815717,0.7271755140036741,0.7605290343244229,0.959,0.72,0.753,True,999,0.0001290410291403532,0.0008802500087767839,near_2x2_bal_strong_500,near_boundary,False,455,2065082011,9.992007221626409e-16,0,0
500,500,0.0004004516886083609,0.0001396358077722648,-0.000605596043726564,-0.0009229207672660777,0.0002608158808360961,0.0003173247235395138,0.0014764465685901495,0.17665107995418194,0.21492462395203735,0.8597824689678026,0.8298260863432566,1.0,0.857,0.856,True,999,0.00011499994434416294,0.0008720000041648746,near_2x2_bal_strong_500,near_boundary,False,456,2065082011,9.992007221626409e-16,0,0
500,500,0.002628363063378325,0.0005312120657061659,0.0016222520278574848,-0.0005222432849620873,0.002097150997672159,0.002144495312819572,0.0035705433018048106,0.5873478684916403,0.6006075634863717,0.5569700982383308,0.5481013991157251,0.903,0.572,0.559,True,999,0.00011733407154679298,0.0009064580081030726,near_2x2_bal_strong_500,near_boundary,False,457,2065082011,9.992007221626409e-16,0,0
500,500,0.005218897729033056,0.0019545996455819226,0.004212718455164577,0.0009075131563065497,0.0032642980834511337,0.003305205298858027,0.005434723298745291,0.6006374021295176,0.608164411906876,0.5480815206053573,0.543078435336702,0.798,0.507,0.505,True,999,0.00012974999845027924,0.0008825409458950162,near_2x2_bal_strong_500,near_boundary,False,458,2065082011,9.992007221626409e-16,0,0
500,500,0.0008278078227024199,1.4287906777710191e-05,-0.00017828723935053858,-0.0010614566113815727,0.0008135199159247097,0.0008831693720310341,0.001834338267729448,0.44349503591378936,0.48146483534044404,0.6574077090062039,0.6301861662770885,0.957,0.637,0.609,True,999,0.00011045800056308508,0.0008549579652026296,near_2x2_bal_strong_500,near_boundary,False,459,2065082011,9.992007221626409e-16,0,0
500,500,0.0009727520829999614,0.000802049896819701,-3.330369764853458e-05,-0.0002515709223871454,0.00017070218618026045,0.00021826722473861082,0.0027123690229396502,0.06293472043684321,0.08047106529112844,0.9498184867237972,0.9358626081383308,0.985,0.95,0.931,True,999,0.00011245801579207182,0.000845208065584302,near_2x2_bal_strong_500,near_boundary,False,460,2065082011,9.992007221626409e-16,0,0
500,500,0.0010470569415379494,0.00043654109292651233,4.095515163271557e-05,-0.0006397692519612974,0.000610515848611437,0.000680724403594013,0.0024621655320310296,0.24795889661724946,0.2764738579670094,0.8041662095334571,0.7821841357578712,0.953,0.802,0.769,True,999,0.00011066696606576443,0.0008562920847907662,near_2x2_bal_strong_500,near_boundary,False,461,2065082011,9.992007221626409e-16,0,0
500,500,0.006871923205725494,0.0038988392209704514,0.005865672843697212,0.0028563376308454735,0.0029730839847550428,0.003009335212851738,0.006739847199185884,0.44112038402208376,0.44649902644903283,0.6591258471982051,0.655236815688225,0.875,0.663,0.661,True,999,0.00011837494093924761,0.0008517500245943666,near_2x2_bal_strong_500,near_boundary,False,462,2065082011,9.992007221626409e-16,0,0
500,500,0.0007031284406574523,0.0004344333174711168,-0.00030294575287825865,-0.0006635242236114891,0.0002686951231863355,0.00036057847073323046,0.0021682861179095642,0.12392051075131327,0.1662965361235918,0.901378212889497,0.8679235918666217,0.982,0.902,0.872,True,999,0.00011554197408258915,0.0009055830305442214,near_2x2_bal_strong_500,near_boundary,False,463,2065082011,9.992007221626409e-16,0,0
500,500,0.003446319594347824,0.0021284336903308887,0.002440195761380437,0.0010812677639364665,0.0013178859040169355,0.0013589279974439705,0.004830504520218447,0.27282572627782936,0.2813221666093207,0.7849871827894622,0.7784633100651189,0.945,0.798,0.793,True,999,0.00011741695925593376,0.0008762079523876309,near_2x2_bal_strong_500,near_boundary,False,464,2065082011,9.992007221626409e-16,0,0
500,500,0.0004994369806076149,2.1426470912966344e-05,-0.0005066322605671303,-0.001054265978694957,0.00047801050969464853,0.0005476337181278268,0.0014426300760394142,0.33134655767539173,0.379607861518662,0.7403827276525801,0.7042365242703315,0.964,0.736,0.688,True,999,0.00011424999684095383,0.0008870000019669533,near_2x2_bal_strong_500,near_boundary,False,465,2065082011,9.992007221626409e-16,0,0
500,500,0.0003666042301109229,0.001151473393431801,-0.0006394575032686589,0.00010469894513676081,-0.0007848691633208782,-0.0007441564484054197,0.0025467651729593342,-0.3081827769809112,-0.2921967271684935,0.7579432570794014,0.7701362138413351,0.943,0.777,0.777,True,999,0.00011775002349168062,0.0008531659841537476,near_2x2_bal_strong_500,near_boundary,False,466,2065082011,9.992007221626409e-16,0,0
500,500,0.004239698187423202,9.293920540859313e-05,0.0032335697038661237,-0.0009830630708620447,0.004146758982014609,0.0042166327747281684,0.004155838564098798,0.9978152226213439,1.01462862661571,0.3183689671797395,0.31028288820026007,0.766,0.294,0.289,True,999,0.00011595897376537323,0.0008892500773072243,near_2x2_bal_strong_500,near_boundary,False,467,2065082011,9.992007221626409e-16,0,0
500,500,0.0004952079521837183,0.008828580735578406,-0.0005108955883201816,0.007797758013822431,-0.008333372783394688,-0.008308653602142613,0.006628364318065603,-1.2572291418385204,-1.2534998384891702,0.2086706736947591,0.21002385781937938,0.546,0.219,0.221,True,999,0.00012416706886142492,0.0008524999720975757,near_2x2_bal_strong_500,near_boundary,False,468,2065082011,9.992007221626409e-16,0,0
500,500,0.005866760603806309,0.00914645017251614,0.004860595366949383,0.008115569440633408,-0.0032796895687098315,-0.003254974073684025,0.008182444585985944,-0.4008202602834548,-0.3977997088130376,0.688552461209726,0.6907778319281239,0.846,0.677,0.68,True,999,0.00011366698890924454,0.0008334999438375235,near_2x2_bal_strong_500,near_boundary,False,469,2065082011,9.992007221626409e-16,0,0
500,500,0.005521316916620056,0.004013573008094129,0.004515103836752132,0.0029711138367360945,0.001507743908525927,0.0015439900000160378,0.0063781690133046225,0.23639133823215244,0.24207417470363865,0.8131290168489897,0.8087226887600111,0.924,0.813,0.81,True,999,0.00011675001587718725,0.000834333011880517,near_2x2_bal_strong_500,near_boundary,False,470,2065082011,9.992007221626409e-16,0,0
500,500,0.006525150785245848,0.001261525379161299,0.0055189488877545045,0.00020776284463863703,0.005263625406084549,0.0053111860431158675,0.005613748748002799,0.9376310986410261,0.9461032692290381,0.34843402382346367,0.34409591647897775,0.765,0.375,0.37,True,999,0.0001152080949395895,0.0008692080155014992,near_2x2_bal_strong_500,near_boundary,False,471,2065082011,9.992007221626409e-16,0,0
500,500,0.0013782118668363985,0.015319015058870955,0.00037212528934560396,0.01429229621516015,-0.013940803192034557,-0.013920170925814546,0.008932592581120615,-1.5606670813016807,-1.558357307735648,0.1186023221527669,0.11914857097953804,0.387,0.1,0.1,True,999,0.00011887494474649429,0.0008665419882163405,near_2x2_bal_strong_500,near_boundary,False,472,2065082011,9.992007221626409e-16,0,0
500,500,0.005606962831174345,0.002765360687291829,0.004600759320851466,0.0017274554158461797,0.0028416021438825156,0.0028733039050052867,0.005890688449488177,0.4823888019624282,0.48777047532618,0.6295297744957182,0.6257124264349724,0.848,0.621,0.616,True,999,0.0001230000052601099,0.0008437919896095991,near_2x2_bal_strong_500,near_boundary,False,473,2065082011,9.992007221626409e-16,0,0
500,500,0.00029625661932264347,0.0032125484109576385,-0.0007097965447542265,0.0021649798727594316,-0.002916291791634995,-0.002874776417513658,0.004013211819494396,-0.7266727805068619,-0.716328104972998,0.467426431688558,0.4737887766329656,0.844,0.477,0.479,True,999,0.00012337497901171446,0.0008602919988334179,near_2x2_bal_strong_500,near_boundary,False,474,2065082011,9.992007221626409e-16,0,0
500,500,7.625137615985267e-06,0.0004097505196378748,-0.0009984126651829683,-0.0006529462199580394,-0.0004021253820218895,-0.000345466445224929,0.0013321730551718895,-0.3018567148319957,-0.2593255012055124,0.762761293972603,0.7953841051160284,0.982,0.783,0.796,True,999,0.000120542012155056,0.0008384999819099903,near_2x2_bal_strong_500,near_boundary,False,475,2065082011,9.992007221626409e-16,0,0
500,500,0.0021750029351137457,0.0003450574544005547,0.001168719165946186,-0.0007304045314810992,0.001829945480713191,0.0018991236974272852,0.0031585520796378855,0.5793621363757873,0.6012640126057417,0.5623448469889964,0.5476641548877439,0.885,0.555,0.539,True,999,0.00011566700413823128,0.0008491660701110959,near_2x2_bal_strong_500,near_boundary,False,476,2065082011,9.992007221626409e-16,0,0
500,500,0.0016438336120161434,0.0016101644935779258,0.0006376932835792104,0.0005786133585274911,3.366911843821763e-05,5.907992505171933e-05,0.0036727160726376475,0.009167362184367646,0.016086167262390552,0.9926856057008767,0.9871656490142287,0.994,0.986,0.971,True,999,0.00011495803482830524,0.0008754589362069964,near_2x2_bal_strong_500,near_boundary,False,477,2065082011,9.992007221626409e-16,0,0
500,500,0.0011589808273085866,0.0031821633930919635,0.00015291999847022453,0.0021275648533105596,-0.002023182565783377,-0.001974644854840335,0.004431565521114075,-0.4565390167749925,-0.44558629347398626,0.6480024206481665,0.6558961132449734,0.866,0.653,0.653,True,999,0.00012445799075067043,0.0008432500762864947,near_2x2_bal_strong_500,near_boundary,False,478,2065082011,9.992007221626409e-16,0,0
500,500,0.00181338944585141,0.0009155711430652302,0.0008073134887354172,-0.00014742676711421154,0.0008978183027861797,0.0009547402558496287,0.003356597465672199,0.26747869292285864,0.2844369232872642,0.7891006173081334,0.7760755662894359,0.965,0.8,0.783,True,999,0.00012020894791930914,0.0008223750628530979,near_2x2_bal_strong_500,near_boundary,False,479,2065082011,9.992007221626409e-16,0,0
500,500,0.004267850296841735,0.00011796901357913336,0.0032617172510640557,-0.000944516234085313,0.004149881283262602,0.004206233485149369,0.004181544814067547,0.9924277911124084,1.005904198610706,0.32098888767308065,0.31446165637617907,0.786,0.322,0.31,True,999,0.00011691590771079063,0.0008565840544179082,near_2x2_bal_strong_500,near_boundary,False,480,2065082011,9.992007221626409e-16,0,0
500,500,0.001868443522406782,0.0034226415428774692,0.0008622834246239108,0.002380331830408977,-0.0015541980204706873,-0.0015180484057850663,0.004818294194891628,-0.32256187721340335,-0.3150593019817068,0.7470270691734611,0.7527166283410287,0.916,0.744,0.745,True,999,0.00011562497820705175,0.0008699590107426047,near_2x2_bal_strong_500,near_boundary,False,481,2065082011,9.992007221626409e-16,0,0
500,500,0.001353152445475403,0.0,0.00034708700786723057,-0.001136137360305156,0.001353152445475403,0.0014832243681723867,0.002324925292084313,0.5820197535303561,0.6379664642224545,0.5605533754332594,0.5234955106353689,0.909,0.546,0.508,True,999,0.0001212910283356905,0.0008904580026865005,near_2x2_bal_strong_500,near_boundary,False,482,2065082011,9.992007221626409e-16,0,0
500,500,0.010244286245084,0.0031326343976709192,0.009237964733358695,0.0020781024346376853,0.007111651847413081,0.007159862298721009,0.007435703935112981,0.9564194472335488,0.9629030904405178,0.3388603634320244,0.33559615853775104,0.728,0.365,0.363,True,999,0.00011741695925593376,0.000830666976980865,near_2x2_bal_strong_500,near_boundary,False,483,2065082011,9.992007221626409e-16,0,0
500,500,0.0015476724119469765,0.00026889549626474274,0.0005416004078142578,-0.0008066732647762365,0.0012787769156822337,0.0013482736725904942,0.0026836090296013066,0.476513866802802,0.5024106185806068,0.6337083306620386,0.6153787111872306,0.908,0.642,0.62,True,999,0.00011462508700788021,0.0008490419713780284,near_2x2_bal_strong_500,near_boundary,False,484,2065082011,9.992007221626409e-16,0,0
500,500,0.002602440921296134,0.009081749775243786,0.0015963252051278687,0.008048532506165884,-0.006479308853947652,-0.006452207301038015,0.007367913881509014,-0.8793953021368149,-0.8757169810617476,0.3791869784375428,0.38118391152111797,0.691,0.357,0.362,True,999,0.00011495896615087986,0.0008417920907959342,near_2x2_bal_strong_500,near_boundary,False,485,2065082011,9.992007221626409e-16,0,0
500,500,0.0012665654236270196,0.003273058083945124,0.0002604293494528065,0.0022384784312521333,-0.0020064926603181044,-0.001978049081799327,0.0044459272224716346,-0.4513102801540306,-0.44491260941056643,0.6517659366777507,0.6563829098307921,0.885,0.656,0.658,True,999,0.00011433300096541643,0.000859708059579134,near_2x2_bal_strong_500,near_boundary,False,486,2065082011,9.992007221626409e-16,0,0
500,500,0.004246269571072547,0.0037221143941537083,0.0032401277233020664,0.0026839528590016926,0.0005241551769188391,0.0005561748643003739,0.005826839916745347,0.0899553075780418,0.09545051387151068,0.9283227301660499,0.923956994928959,0.972,0.919,0.911,True,999,0.00011608295608311892,0.0008446660358458757,near_2x2_bal_strong_500,near_boundary,False,487,2065082011,9.992007221626409e-16,0,0
500,500,3.201878514624834e-05,0.00034518666242217,-0.0009740194325331686,-0.0007080922706563797,-0.00031316787727592166,-0.0002659271618767889,0.0012572463750868679,-0.2490903004228457,-0.21151555267631214,0.8032909321849999,0.8324849974567111,1.0,0.769,0.835,True,999,0.00011587503831833601,0.0008966249879449606,near_2x2_bal_strong_500,near_boundary,False,488,2065082011,9.992007221626409e-16,0,0
500,500,0.002906650603571981,0.0007371854099214037,0.0019005506626399438,-0.00030940933942247284,0.002169465193650577,0.0022099600020624166,0.0038404391010245305,0.5649002982684505,0.5754446155578553,0.5721415808039134,0.5649906375278301,0.881,0.531,0.518,True,999,0.00011566700413823128,0.000848416006192565,near_2x2_bal_strong_500,near_boundary,False,489,2065082011,9.992007221626409e-16,0,0
500,500,0.010284260391677291,0.012204988277038142,0.00927797966869548,0.011177300786442856,-0.0019207278853608512,-0.0018993211177473768,0.009958967357245913,-0.19286416115857377,-0.19071466444414792,0.8470653532865251,0.8487491490046158,0.922,0.851,0.856,True,999,0.00011070794425904751,0.0008241670439019799,near_2x2_bal_strong_500,near_boundary,False,490,2065082011,9.992007221626409e-16,0,0
500,500,-1.1102230246251565e-16,0.00182173061057056,-0.0010060375240072972,0.0007676939424925422,-0.001821730610570671,-0.0017737314664998394,0.002868694241177079,-0.6350382638977867,-0.6183062109024363,0.5254034595831832,0.5363735085468765,0.885,0.519,0.519,True,999,0.00015175004955381155,0.0008360829669982195,near_2x2_bal_strong_500,near_boundary,False,491,2065082011,9.992007221626409e-16,0,0
500,500,0.005952592938821777,2.1724986827287296e-05,0.004946409914111882,-0.0010406362699768579,0.00593086795199449,0.00598704618408874,0.004873692753590117,1.2169146172839114,1.2284414481562242,0.2236367035016582,0.2192812966017771,0.697,0.225,0.22,True,999,0.00011320796329528093,0.000846165930852294,near_2x2_bal_strong_500,near_boundary,False,492,2065082011,9.992007221626409e-16,0,0
500,500,0.014939248960324836,0.000848876326307646,0.013932796480844445,-0.00022784738200698484,0.01409037263401719,0.01416064386285143,0.007912953038466237,1.7806718383796092,1.7895523698945366,0.07496607634136826,0.07352590134584232,0.463,0.064,0.064,True,999,0.00011512497439980507,0.00085575005505234,near_2x2_bal_strong_500,near_boundary,False,493,2065082011,9.992007221626409e-16,0,0
500,500,0.002119118020860844,0.0012822679803749515,0.001113018957028089,0.00023542940223819642,0.0008368500404858925,0.0008775895547898926,0.003751804453201031,0.223052680629955,0.23391132606635062,0.8234945059276136,0.8150538201793641,0.95,0.821,0.814,True,999,0.00011545908637344837,0.0008464999264106154,near_2x2_bal_strong_500,near_boundary,False,494,2065082011,9.992007221626409e-16,0,0
500,500,0.00037575333517492204,0.001369519005542219,-0.0006304218957779995,0.0003062854311792762,-0.000993765670367297,-0.0009367073269572757,0.002768175038084363,-0.35899668796052886,-0.3383844280329532,0.7195975669794804,0.7350735073744741,0.954,0.731,0.746,True,999,0.0001141249667853117,0.0008575830142945051,near_2x2_bal_strong_500,near_boundary,False,495,2065082011,9.992007221626409e-16,0,0
500,500,0.009523038306186393,0.0009883984649614042,0.008516755852951974,-0.0001469437337675572,0.008534639841224989,0.008663699586719531,0.00641609744775155,1.3301917420558909,1.3503067335356056,0.18345510429219436,0.17691761335458767,0.58,0.174,0.164,True,999,0.00011529203038662672,0.0008738329634070396,near_2x2_bal_strong_500,near_boundary,False,496,2065082011,9.992007221626409e-16,0,0
500,500,0.00013035798192762016,0.005129340050611775,-0.0008756801231584177,0.004090776558740572,-0.004998982068684155,-0.00496645668189899,0.004962397379689448,-1.0073723819749794,-1.0008180123232686,0.3137558581248061,0.31691479970713965,0.684,0.306,0.314,True,999,0.00011512497439980507,0.0008627920178696513,near_2x2_bal_strong_500,near_boundary,False,497,2065082011,9.992007221626409e-16,0,0
500,500,3.1135467221776736e-05,0.0020649886008233254,-0.0009749045134981316,0.0010109043817010388,-0.0020338531336015486,-0.0019858088951991704,0.0030879593345609453,-0.6586398696505916,-0.6430812974036519,0.5101270541507825,0.52017134944472,0.873,0.478,0.493,True,999,0.00012391700875014067,0.0008923340355977416,near_2x2_bal_strong_500,near_boundary,False,498,2065082011,9.992007221626409e-16,0,0
500,500,0.0007922653360126208,3.2086822295884776e-05,-0.0002138808023914862,-0.0010436725209501674,0.0007601785137167361,0.0008297917185586812,0.0018145367263825102,0.41893806979164333,0.45730224497189836,0.6752613935086247,0.6474538163233866,0.96,0.672,0.641,True,999,0.00011245906352996826,0.0008689590031281114,near_2x2_bal_strong_500,near_boundary,False,499,2065082011,9.992007221626409e-16,0,0
500,500,0.0040002908608256504,0.004690255562982304,0.0029941318563828645,0.003655252078488047,-0.0006899647021566535,-0.0006611202221051826,0.006127055561155956,-0.11260950635585258,-0.10790178341070125,0.9103401480120521,0.9140736024263773,0.964,0.905,0.91,True,999,0.00011245906352996826,0.0008172090165317059,near_2x2_bal_strong_500,near_boundary,False,500,2065082011,9.992007221626409e-16,0,0
500,500,0.0011778744395624097,0.0023594937947898353,0.0001717886905225896,0.0013121859013551784,-0.0011816193552274257,-0.0011403972108325888,0.003925731687852792,-0.3009934068809784,-0.2904929071849884,0.7634195220876796,0.7714391762068306,0.934,0.759,0.765,True,999,0.00010979198850691319,0.000841874978505075,near_2x2_bal_strong_500,near_boundary,False,501,2065082011,9.992007221626409e-16,0,0
500,500,0.010154713402970694,0.00012815408527760974,0.009148374302355933,-0.0009478948277319432,0.010026559317693085,0.010096269130087876,0.006385905914057328,1.570107585772845,1.5810237836205676,0.1163900840927552,0.1138725997619213,0.519,0.117,0.115,True,999,0.00012137496378272772,0.0008757499745115638,near_2x2_bal_strong_500,near_boundary,False,502,2065082011,9.992007221626409e-16,0,0
500,500,5.652841820413812e-06,0.0005835652684187953,-0.0010003916030996152,-0.00046988798493430295,-0.0005779124265983815,-0.0005305036181653122,0.0015866435411072616,-0.36423582967796103,-0.3343558930666259,0.715681913687693,0.7381110182319413,0.971,0.748,0.752,True,999,0.00011337501928210258,0.00085958291310817,near_2x2_bal_strong_500,near_boundary,False,503,2065082011,9.992007221626409e-16,0,0
500,500,0.0010207581331854731,0.005517260538102919,1.4681334448596317e-05,0.004474300595688874,-0.004496502404917446,-0.004459619261240277,0.005530316129484077,-0.8130642624469507,-0.806394997469397,0.41618121487833426,0.42001513046739847,0.791,0.448,0.454,True,999,0.00011783302761614323,0.0008457499789074063,near_2x2_bal_strong_500,near_boundary,False,504,2065082011,9.992007221626409e-16,0,0
500,500,0.0006844291877030617,0.011630721811768385,-0.00032166526449373123,0.010593677937009716,-0.010946292624065324,-0.010915343201503447,0.007845624702466657,-1.3952098193817275,-1.3912650190967806,0.16295257680152386,0.16414507726512184,0.512,0.165,0.166,True,999,0.00011437502689659595,0.0008885000133886933,near_2x2_bal_strong_500,near_boundary,False,505,2065082011,9.992007221626409e-16,0,0
500,500,0.001222563262353149,0.009152719197034032,0.0002164703121252387,0.00811291652081536,-0.007930155934680883,-0.007896446208690122,0.007115376745366854,-1.1145096343415082,-1.1097720459892526,0.26506061361146893,0.267097268017343,0.606,0.234,0.237,True,999,0.00011475000064820051,0.000872708042152226,near_2x2_bal_strong_500,near_boundary,False,506,2065082011,9.992007221626409e-16,0,0
500,500,0.0017115969849839097,0.004317213815739851,0.0007054692500219062,0.003274602266117199,-0.0026056168307559413,-0.002569133016095293,0.0052049100589182246,-0.5006074651167913,-0.4935979655773831,0.6166474076205102,0.6215901378538711,0.881,0.63,0.634,True,999,0.00011341704521328211,0.0008822500240057707,near_2x2_bal_strong_500,near_boundary,False,507,2065082011,9.992007221626409e-16,0,0
500,500,0.0006203350745480618,0.00030671788409825096,-0.00038573418174792096,-0.0007465660682441921,0.00031361719044981085,0.0003608318864962712,0.0019407734168169382,0.16159392319180377,0.18592169666465827,0.871625643008392,0.8525061673639983,0.968,0.855,0.838,True,999,0.00012112502008676529,0.0008723749779164791,near_2x2_bal_strong_500,near_boundary,False,508,2065082011,9.992007221626409e-16,0,0
500,500,0.005453010018659166,0.008210515727942735,0.004446802129109528,0.007165492093051284,-0.0027575057092835698,-0.002718689963941756,0.00791804316865781,-0.348255958012287,-0.3433537688583482,0.7276479663839323,0.7313323348652009,0.871,0.706,0.707,True,999,0.00011725001968443394,0.0008230420062318444,near_2x2_bal_strong_500,near_boundary,False,509,2065082011,9.992007221626409e-16,0,0
500,500,0.003023820756141826,8.187276176074842e-05,0.0020176835987513186,-0.000994256574102792,0.002941947994381078,0.0030119401728541106,0.0035205252390522685,0.8356559872790617,0.8555371623084657,0.40334846218955733,0.39225384030448174,0.837,0.394,0.388,True,999,0.00011508306488394737,0.0008415000047534704,near_2x2_bal_strong_500,near_boundary,False,510,2065082011,9.992007221626409e-16,0,0
500,500,0.003213554022528431,0.001782413622974044,0.0022074247656291845,0.0007406909537621686,0.001431140399554387,0.001466733811867016,0.004547965060972181,0.31467708752548423,0.3225033157034598,0.753006842609408,0.7470714262680087,0.916,0.749,0.742,True,999,0.00011583406012505293,0.0008439170196652412,near_2x2_bal_strong_500,near_boundary,False,511,2065082011,9.992007221626409e-16,0,0
500,500,0.012904005105734528,0.000802049896819701,0.011897680574975311,-0.0002515709223871454,0.012101955208914827,0.012149251497362457,0.007376594496328457,1.6405883792227318,1.6470000490618657,0.10088288886344972,0.0995580357494886,0.517,0.09,0.09,True,999,0.00011937494855374098,0.0008495419751852751,near_2x2_bal_strong_500,near_boundary,False,512,2065082011,9.992007221626409e-16,0,0
500,500,0.00031070234565888644,4.9311315634681385e-06,-0.0006954246850341406,-0.0010709251734226655,0.0003057712140954183,0.0003755004883885249,0.0011234270295744529,0.2721771917943282,0.3342455526735565,0.7854857783589456,0.7381942725695103,0.978,0.771,0.728,True,999,0.0001177079975605011,0.000889291986823082,near_2x2_bal_strong_500,near_boundary,False,513,2065082011,9.992007221626409e-16,0,0
500,500,0.004629735742391228,0.00012815408527760974,0.003623574995231138,-0.0009478948277319432,0.004501581657113618,0.004571469822963081,0.004354940805610362,1.0336722949975214,1.0497203124032755,0.3012893892216153,0.29384672200057294,0.804,0.312,0.304,True,999,0.000116499955765903,0.0008766669780015945,near_2x2_bal_strong_500,near_boundary,False,514,2065082011,9.992007221626409e-16,0,0
500,500,0.00010812607633803317,0.00042186344806594,-0.0008979970949667404,-0.0006314795688240338,-0.00031373737172790683,-0.00026651752614270663,0.001489148549841517,-0.21068238743629467,-0.17897309584800714,0.8331351189264838,0.8579588269893588,0.978,0.831,0.863,True,999,0.00011562497820705175,0.0008564169984310865,near_2x2_bal_strong_500,near_boundary,False,515,2065082011,9.992007221626409e-16,0,0
500,500,0.0009176450547917492,0.0014066699875074917,-8.855019956399701e-05,0.00017850172963562727,-0.0004890249327157425,-0.0002670519291996243,0.0028749227378693423,-0.1701002000068245,-0.09289012385687323,0.8649313362253012,0.9259908518438802,0.973,0.864,0.924,True,999,0.00011441693641245365,0.0008700420148670673,near_2x2_bal_strong_500,near_boundary,False,516,2065082011,9.992007221626409e-16,0,0
500,500,0.011942067498547981,0.003893279067016142,0.010935681610249048,0.0028585449082640935,0.00804878843153184,0.008077136701984955,0.008058911805400946,0.9987438286813957,1.0022614587458067,0.31791880305264797,0.3162173317251028,0.608,0.308,0.308,True,999,0.00011862500105053186,0.000828250078484416,near_2x2_bal_strong_500,near_boundary,False,517,2065082011,9.992007221626409e-16,0,0
500,500,0.0030401083628457393,0.002830013574412815,0.0020339771617159386,0.001775533632553561,0.00021009478843292406,0.00025844352916237767,0.005033413282725054,0.041740023445716395,0.05134558094988342,0.9667059476527196,0.9590501476360896,0.993,0.978,0.969,True,999,0.00011608307249844074,0.0008509580511599779,near_2x2_bal_strong_500,near_boundary,False,518,2065082011,9.992007221626409e-16,0,0
500,500,0.0001976661559539572,0.0015227344730983638,-0.000808379319892083,0.0004758141585341491,-0.0013250683171444066,-0.001284193478426232,0.002742548366278421,-0.4831522147200984,-0.4682482519602216,0.6289876618579078,0.6396070698014305,0.906,0.615,0.643,True,999,0.00012070802040398121,0.0008469159947708249,near_2x2_bal_strong_500,near_boundary,False,519,2065082011,9.992007221626409e-16,0,0
500,500,0.0014006654712654942,0.0011527930224309868,0.00039458479449194783,9.907151277843695e-05,0.00024787244883450743,0.0002955132817135109,0.0032659982817078684,0.07589484973791505,0.09048176276411876,0.9395027543570581,0.927904385708145,0.985,0.937,0.923,True,999,0.00011566607281565666,0.0008445000275969505,near_2x2_bal_strong_500,near_boundary,False,520,2065082011,9.992007221626409e-16,0,0
500,500,5.3334339170429956e-05,4.943370342908038e-05,-0.0009527382610485802,-0.0010478796923791833,3.9006357413495785e-06,9.514143133060315e-05,0.0006454811835424125,0.006042989076680467,0.14739613447516042,0.9951784216601397,0.8828193564419782,1.0,0.993,0.874,True,999,0.0001170419855043292,0.0008691669208928943,near_2x2_bal_strong_500,near_boundary,False,521,2065082011,9.992007221626409e-16,0,0
500,500,0.0025215654779415786,0.00034578737350277056,0.0015154010632727477,-0.000716865423157742,0.002175778104438808,0.0022322664864304897,0.0033944087333540006,0.6409888364530959,0.6576304333935639,0.5215299360358802,0.5107756339038997,0.887,0.529,0.515,True,999,0.00011787505354732275,0.0008626669878140092,near_2x2_bal_strong_500,near_boundary,False,522,2065082011,9.992007221626409e-16,0,0
500,500,0.0005284285685089873,0.001036551895051474,-0.00047768611852916365,-2.652974515626738e-05,-0.0005081233265424867,-0.00045115637337289627,0.002588460205080047,-0.19630331791281033,-0.17429527117607144,0.8443727645966732,0.8616334154203962,0.972,0.842,0.871,True,999,0.00011662498582154512,0.0008603340247645974,near_2x2_bal_strong_500,near_boundary,False,523,2065082011,9.992007221626409e-16,0,0
500,500,0.00014569545102338655,3.0314400938757924e-05,-0.0008604002524066345,-0.0011057601201400757,0.00011538105008462862,0.0002453598677334412,0.0008409342817514036,0.1372057871684407,0.2917705616929223,0.8908681366758002,0.7704620547093542,0.994,0.891,0.778,True,999,0.00012662506196647882,0.0009125829674303532,near_2x2_bal_strong_500,near_boundary,False,524,2065082011,9.992007221626409e-16,0,0
500,500,0.0022409790036295174,0.0032768721892721953,0.0012348815686209491,0.0022292275676534246,-0.0010358931856426778,-0.0009943459990324754,0.004917774336104406,-0.2106426840364652,-0.2021943121164324,0.833166102467154,0.839764819575153,0.964,0.848,0.86,True,999,0.0001194169744849205,0.0008390829898416996,near_2x2_bal_strong_500,near_boundary,False,525,2065082011,9.992007221626409e-16,0,0
500,500,0.0018442924370996039,0.00360997372592059,0.0008382065199157296,0.0025622738078823204,-0.001765681288820986,-0.0017240672879665908,0.004929276353406416,-0.35820294141163295,-0.3497607284231813,0.7201914461685563,0.7265182738652389,0.92,0.721,0.727,True,999,0.00011504092253744602,0.0008353330194950104,near_2x2_bal_strong_500,near_boundary,False,526,2065082011,9.992007221626409e-16,0,0
500,500,0.006286805354298153,0.0068009373424641195,0.0052806330541557145,0.005765417890899016,-0.0005141319881659667,-0.00048478483674330164,0.007573781297501432,-0.06788313102407345,-0.06400829621304628,0.9458786672667069,0.9489636209335416,0.98,0.944,0.948,True,999,0.00011416699271649122,0.0008520829724147916,near_2x2_bal_strong_500,near_boundary,False,527,2065082011,9.992007221626409e-16,0,0
500,500,0.0011551092785541117,0.010034047236319288,0.00014903241157071534,0.00899384417272131,-0.008878937957765176,-0.008844811761150595,0.007438299363022373,-1.193678490799197,-1.189090587711533,0.23260375741034867,0.23440402178879916,0.613,0.235,0.24,True,999,0.00011333299335092306,0.0008715828880667686,near_2x2_bal_strong_500,near_boundary,False,528,2065082011,9.992007221626409e-16,0,0
500,500,0.006698665954229188,0.0036735245261292904,0.005692473871931725,0.0024455926951247875,0.003025141428099898,0.0032468811768069372,0.006120109632169482,0.49429530023427587,0.5305266362779141,0.6210976437796494,0.5957468461628299,0.837,0.631,0.602,True,999,0.0001252919901162386,0.000818834058009088,near_2x2_bal_strong_500,near_boundary,False,529,2065082011,9.992007221626409e-16,0,0
500,500,0.0011326629267285337,2.70622386266961e-06,0.000126572237718392,-0.0010731106402204205,0.0011299567028658641,0.0011996828779388125,0.0021299081454922843,0.530518982829045,0.5632556880341573,0.5957521510993208,0.5732607873528996,0.908,0.594,0.571,True,999,0.00011179107241332531,0.0008306249510496855,near_2x2_bal_strong_500,near_boundary,False,530,2065082011,9.992007221626409e-16,0,0
500,500,0.0006426839551074703,0.004538881589313426,-0.000363366332521764,0.003496209501093972,-0.0038961976342059557,-0.003859575833615736,0.004895333598742147,-0.7959003315334998,-0.7884193703586313,0.42608996854832126,0.43045144417721215,0.807,0.448,0.452,True,999,0.00014358293265104294,0.0008512090425938368,near_2x2_bal_strong_500,near_boundary,False,531,2065082011,9.992007221626409e-16,0,0
500,500,0.00165138357811212,0.004620280673547639,0.0006452806611605411,0.0035818707592056853,-0.0029688970954355187,-0.0029365900980451443,0.005301955216163327,-0.5599626881767426,-0.5538692762045168,0.575504888044311,0.5796683130637468,0.831,0.567,0.569,True,999,0.0001200829865410924,0.0008562910370528698,near_2x2_bal_strong_500,near_boundary,False,532,2065082011,9.992007221626409e-16,0,0
500,500,0.0061129667234769425,0.0019801432108765282,0.005106722577465916,0.0009330258694433269,0.004132823512600414,0.0041736967080225895,0.00575999375406232,0.7175048600852527,0.724600908651859,0.47306263867428155,0.46869690132426767,0.818,0.479,0.475,True,999,0.00011441705282777548,0.0008728749817237258,near_2x2_bal_strong_500,near_boundary,False,533,2065082011,9.992007221626409e-16,0,0
500,500,0.004270605172713937,0.00040126932071715693,0.003264466556345269,-0.0006520338320115115,0.00386933585199678,0.003916500388356781,0.004324837675358499,0.894677706412655,0.9055832108270121,0.37095939936764954,0.3651564985144429,0.79,0.376,0.373,True,999,0.0001154160127043724,0.000851707998663187,near_2x2_bal_strong_500,near_boundary,False,534,2065082011,9.992007221626409e-16,0,0
500,500,0.0019276327551625005,0.0017267477192857705,0.0009215090706788942,0.0006727061152105307,0.00020088503587673,0.0002488029554683635,0.003932983167994606,0.051077013883880806,0.06326062046058183,0.9592641523428304,0.9495589732447532,0.994,0.959,0.947,True,999,0.00011387502308934927,0.0008583749877288938,near_2x2_bal_strong_500,near_boundary,False,535,2065082011,9.992007221626409e-16,0,0
500,500,0.0003586180465982025,0.006241057328326083,-0.0006474578581219248,0.005202151980853387,-0.00588243928172788,-0.0058496098389753115,0.005595478375558136,-1.05128442769491,-1.0454172898830705,0.29312797697047643,0.2958301491130695,0.702,0.282,0.284,True,999,0.00011312495917081833,0.0008630829397588968,near_2x2_bal_strong_500,near_boundary,False,536,2065082011,9.992007221626409e-16,0,0
500,500,0.007238376427311621,0.003890220406451983,0.00623209227399002,0.0028419939969808183,0.0033481560208596384,0.0033900982770092014,0.006859071739171382,0.488135442838234,0.4942503017789906,0.6254539077588128,0.6211294189128345,0.87,0.629,0.628,True,999,0.00011424999684095383,0.0008531250059604645,near_2x2_bal_strong_500,near_boundary,False,537,2065082011,9.992007221626409e-16,0,0
500,500,0.005824781906279997,0.00936786595846728,0.004818619478896835,0.008341023533006364,-0.003543084052187284,-0.003522404054109529,0.008185784036561302,-0.43283380508969166,-0.4303074743209603,0.6651355124708023,0.6669719907950195,0.821,0.673,0.673,True,999,0.00011599995195865631,0.0008614580146968365,near_2x2_bal_strong_500,near_boundary,False,538,2065082011,9.992007221626409e-16,0,0
500,500,0.0002876527706545673,0.0006546198087081234,-0.0007183865354818408,-0.0004808052703424437,-0.00036696703805355613,-0.00023758126513939715,0.001868265871557624,-0.1964212073025804,-0.12716673186419616,0.8442804985341058,0.8988084356957398,0.996,0.855,0.928,True,999,0.0001152910990640521,0.0009019169956445694,near_2x2_bal_strong_500,near_boundary,False,539,2065082011,9.992007221626409e-16,0,0
500,500,0.0011498622563473893,0.008019496047284469,0.00014368093849270736,0.006986565114402765,-0.00686963379093708,-0.006842884175910058,0.006547975383145812,-1.0491233379739333,-1.0450381645482858,0.2941213561498889,0.296005331036444,0.657,0.284,0.285,True,999,0.00011449994053691626,0.0008721250342205167,near_2x2_bal_strong_500,near_boundary,False,540,2065082011,9.992007221626409e-16,0,0
500,500,0.002707283664717952,0.003718535948925905,0.0017011451515713816,0.0026759055858462943,-0.001011252284207953,-0.0009747604342749128,0.005291931076534017,-0.191093245468019,-0.18419749240448124,0.8484525394635621,0.8538585265961302,0.961,0.867,0.869,True,999,0.00011362496297806501,0.0008850420126691461,near_2x2_bal_strong_500,near_boundary,False,541,2065082011,9.992007221626409e-16,0,0
500,500,0.005041161447271958,0.002859535264665758,0.004035011265557387,0.0018216633547183392,0.0021816261826062,0.0022133479108390475,0.005737684192847912,0.3802276509616234,0.3857563149951701,0.7037764353871436,0.699677151354971,0.903,0.706,0.703,True,999,0.00011825002729892731,0.0008439170196652412,near_2x2_bal_strong_500,near_boundary,False,542,2065082011,9.992007221626409e-16,0,0
500,500,0.00010422987641389714,0.0014114907748626893,-0.0009018491813321816,0.00033455897923317934,-0.0013072608984487921,-0.001236408160565361,0.002624280829018909,-0.49814062732665443,-0.47114171124269266,0.6183849267732002,0.637539540216216,0.931,0.62,0.636,True,999,0.00010741606820374727,0.000834333011880517,near_2x2_bal_strong_500,near_boundary,False,543,2065082011,9.992007221626409e-16,0,0
500,500,2.694614469389567e-05,0.004063595895750949,-0.0009793372587409976,0.003021083979035666,-0.004036649751057053,-0.0040004212377766635,0.004367832046444223,-0.9241769619651975,-0.9158825694850922,0.35539418827768054,0.3597284899382893,0.805,0.35,0.355,True,999,0.00010737509001046419,0.0008500830736011267,near_2x2_bal_strong_500,near_boundary,False,544,2065082011,9.992007221626409e-16,0,0
500,500,0.0005374252999365003,0.007166061959742731,-0.00046865090700976,0.00613328024871862,-0.006628636659806231,-0.00660193115572838,0.0059975416544986076,-1.105225614370557,-1.1007728726279766,0.26906184054542104,0.2709955210596733,0.637,0.265,0.266,True,999,0.00010962504893541336,0.0008460419485345483,near_2x2_bal_strong_500,near_boundary,False,545,2065082011,9.992007221626409e-16,0,0
500,500,0.0001352073854764546,0.0005854391183629515,-0.0008708404124035951,-0.0006428962338702604,-0.00045023173288649687,-0.0002279441785333347,0.0016074546453422043,-0.28008985148731763,-0.14180442303229565,0.7794085705638524,0.8872344903035166,0.974,0.801,0.892,True,999,0.00011908391024917364,0.0008698750752955675,near_2x2_bal_strong_500,near_boundary,False,546,2065082011,9.992007221626409e-16,0,0
500,500,0.008098631794050126,0.0012621657624130034,0.007092409161032265,0.00021524432958131,0.006836466031637123,0.006877164831450955,0.006136760236137536,1.1140187604819933,1.1206507288574512,0.26527113841727457,0.262436562646157,0.675,0.272,0.269,True,999,0.00011437491048127413,0.0008809170685708523,near_2x2_bal_strong_500,near_boundary,False,547,2065082011,9.992007221626409e-16,0,0
500,500,0.0001400254276366919,0.0032379075932237877,-0.000866024775916685,0.0021830434727689862,-0.003097882165587096,-0.0030490682486856713,0.003979206885669649,-0.7785174922026611,-0.7662502444058152,0.4362639985781326,0.44352741738416446,0.827,0.418,0.444,True,999,0.00011391600128263235,0.0008687090594321489,near_2x2_bal_strong_500,near_boundary,False,548,2065082011,9.992007221626409e-16,0,0
500,500,0.008584779608111104,0.003430814727245657,0.0075785387182918384,0.0023831546409951443,0.005153964880865447,0.005195384077296694,0.0070761174858525065,0.7283605580560135,0.7342139369059348,0.4663929008452379,0.4628183606908036,0.804,0.478,0.475,True,999,0.00011387502308934927,0.0008557080291211605,near_2x2_bal_strong_500,near_boundary,False,549,2065082011,9.992007221626409e-16,0,0
500,500,0.0005232675911321927,0.007951561001080187,-0.0004828150409821319,0.006923199154385884,-0.007428293409947995,-0.007406014195368016,0.006257210069576709,-1.187157427567476,-1.1835968607442042,0.23516552981013705,0.23657268367187057,0.603,0.221,0.223,True,999,0.00014395895414054394,0.0008542080176994205,near_2x2_bal_strong_500,near_boundary,False,550,2065082011,9.992007221626409e-16,0,0
500,500,7.435424813451164e-05,0.0005797320737790934,-0.0009316835564732173,-0.00046680304328106104,-0.0005053778256445818,-0.0004648805131921563,0.0016612110203487248,-0.30422253371428504,-0.27984434698402594,0.7609583585245252,0.7795969264429106,0.96,0.768,0.768,True,999,0.00011104205623269081,0.0008442079415544868,near_2x2_bal_strong_500,near_boundary,False,551,2065082011,9.992007221626409e-16,0,0
500,500,0.005018163880117443,0.004051099085357807,0.004012004932292257,0.002995671715808612,0.0009670647947596367,0.0010163332164836447,0.006283231782427939,0.15391200392514373,0.16175325878093227,0.87767911912284,0.8715001622944809,0.965,0.898,0.892,True,999,0.00011104193981736898,0.0008585420437157154,near_2x2_bal_strong_500,near_boundary,False,552,2065082011,9.992007221626409e-16,0,0
500,500,0.0006386697768963057,0.001927813851334781,-0.00036738756926979477,0.0008860442232503374,-0.0012891440744384752,-0.0012534317925201321,0.003332111191850102,-0.38688507081983015,-0.3761674567120865,0.6988412939516887,0.7067924074316464,0.927,0.712,0.716,True,999,0.00011433300096541643,0.0008452920010313392,near_2x2_bal_strong_500,near_boundary,False,553,2065082011,9.992007221626409e-16,0,0
500,500,0.004578332523652806,0.00120190803750031,0.0035721257429486286,0.00014811383752544316,0.003376424486152496,0.0034240119054231855,0.004849626151504626,0.6962236635714569,0.7060362589724293,0.4862887704606491,0.48016558903795337,0.841,0.505,0.496,True,999,0.00011391693260520697,0.0008460000390186906,near_2x2_bal_strong_500,near_boundary,False,554,2065082011,9.992007221626409e-16,0,0
500,500,0.003404547319159734,0.006728010819641361,0.0023983652465062733,0.005695413905186797,-0.003323463500481627,-0.0032970486586805237,0.006720469535229509,-0.49452846755120783,-0.49059796215085844,0.6209330067246428,0.6237108280310757,0.875,0.625,0.628,True,999,0.00011541694402694702,0.0008771670982241631,near_2x2_bal_strong_500,near_boundary,False,555,2065082011,9.992007221626409e-16,0,0
500,500,0.005915780109022939,0.0050993650499202015,0.004909601755116455,0.00406431018245712,0.0008164150591027375,0.0008452915726593346,0.006868705160837762,0.11886011118333707,0.12306418063753899,0.9053861843313853,0.9020562753350443,0.959,0.911,0.908,True,999,0.00011783302761614323,0.000872249947860837,near_2x2_bal_strong_500,near_boundary,False,556,2065082011,9.992007221626409e-16,0,0
500,500,0.0007395107291791048,0.004317213815739851,-0.0002666412856342504,0.003274602266117199,-0.003577703086560746,-0.0035412435517514496,0.0048180787981818764,-0.7425580270523613,-0.7349907919911467,0.4577493081720241,0.4623451020036441,0.796,0.456,0.461,True,999,0.00012274994514882565,0.0008479170501232147,near_2x2_bal_strong_500,near_boundary,False,557,2065082011,9.992007221626409e-16,0,0
500,500,0.0054252229300681964,0.0021492353375534567,0.0044190704455786545,0.0011115840145237144,0.0032759875925147397,0.00330748643105494,0.0055756314780039395,0.5875545407616384,0.5932039167407476,0.5568313316238895,0.5530446917196397,0.851,0.559,0.555,True,999,0.00011516700033098459,0.0008912499761208892,near_2x2_bal_strong_500,near_boundary,False,558,2065082011,9.992007221626409e-16,0,0
500,500,-2.220446049250313e-16,0.006202223829699316,-0.0010060458504881353,0.005166869764337889,-0.006202223829699538,-0.0061729156148260245,0.005409992571646546,-1.1464385112476918,-1.1410210888602534,0.25161375563637545,0.2538611471680444,0.67,0.239,0.243,True,999,0.00012099999003112316,0.0008405839325860143,near_2x2_bal_strong_500,near_boundary,False,559,2065082011,9.992007221626409e-16,0,0
500,500,0.006553611064505693,0.017838163034994137,0.0055473788204949415,0.01681259417338765,-0.011284551970488443,-0.01126521535289271,0.010635359513283366,-1.0610409508389678,-1.059222806603074,0.288671291177823,0.28949832076718807,0.539,0.281,0.282,True,999,0.00011687504593282938,0.0008138329721987247,near_2x2_bal_strong_500,near_boundary,False,560,2065082011,9.992007221626409e-16,0,0
500,500,0.008107964118262534,0.003235063338642763,0.007101739742495283,0.002192803621483108,0.004872900779619771,0.004908936121012175,0.006855769565636455,0.7107737115384501,0.7160299181608294,0.4772244735476997,0.47397287544470956,0.77,0.481,0.476,True,999,0.00011849997099488974,0.0008427079301327467,near_2x2_bal_strong_500,near_boundary,False,561,2065082011,9.992007221626409e-16,0,0
500,500,0.0013926508681076921,0.00010986283155955956,0.00038653789721365683,-0.0009525947620829811,0.0012827880365481326,0.001339132659296638,0.0024527657616316145,0.5229965521431625,0.5459684248062188,0.60097665259737,0.585087641957662,0.937,0.622,0.609,True,999,0.00011570798233151436,0.0008427919819951057,near_2x2_bal_strong_500,near_boundary,False,562,2065082011,9.992007221626409e-16,0,0
500,500,0.00019134932476483346,0.005959116841241785,-0.0008146957412122902,0.0049104304157765455,-0.0057677675164769515,-0.005725126156988836,0.005491879956230229,-1.050235540915956,-1.042471103268381,0.2936098328431709,0.29719331601648513,0.713,0.298,0.298,True,999,0.00011854199692606926,0.0008567499462515116,near_2x2_bal_strong_500,near_boundary,False,563,2065082011,9.992007221626409e-16,0,0
500,500,0.016939000004223992,0.00231182859016299,0.01593258378443352,0.0012741293699320977,0.014627171414061002,0.01465845441450142,0.00876790265461391,1.6682634365658457,1.6718313366296036,0.09526344282765971,0.09455758563254528,0.422,0.092,0.092,True,999,0.00012329197488725185,0.0008784170495346189,near_2x2_bal_strong_500,near_boundary,False,564,2065082011,9.992007221626409e-16,0,0
500,500,0.0005121202208359099,0.004484255261593517,-0.0004939242171531077,0.00344164120835444,-0.003972135040757607,-0.003935565425507548,0.004813271360554937,-0.8252464370302296,-0.817648773713395,0.40923169445672936,0.41355776884345574,0.814,0.434,0.434,True,999,0.00011587503831833601,0.0008753330912441015,near_2x2_bal_strong_500,near_boundary,False,565,2065082011,9.992007221626409e-16,0,0
500,500,5.897648388120125e-05,4.494697218110355e-05,-0.0009470759666783124,-0.0010524303473573582,1.4029511700097697e-05,0.00010535438067904579,0.00064846469169059,0.021634966220785035,0.16246741268885437,0.9827391410428958,0.870937788219334,1.0,0.988,0.887,True,999,0.00011491705663502216,0.0008843749528750777,near_2x2_bal_strong_500,near_boundary,False,566,2065082011,9.992007221626409e-16,0,0
500,500,0.010862657725394409,0.0011168449251396373,0.009856360555204446,6.317633236108122e-05,0.009745812800254772,0.009793184222843365,0.00692034380724027,1.4082844829267602,1.4151297241327003,0.15904684854583484,0.1570304645439093,0.597,0.148,0.146,True,999,0.00011770892888307571,0.0008249580860137939,near_2x2_bal_strong_500,near_boundary,False,567,2065082011,9.992007221626409e-16,0,0
500,500,0.005001660493359816,0.0051175303779109615,0.003995514030577851,0.004085290045708234,-0.00011586988455114522,-8.97760151303828e-05,0.006587303746104846,-0.017589880323897394,-0.013628643613628484,0.9859660297610873,0.9891262522918938,0.997,0.985,0.992,True,999,0.00011350004933774471,0.0008562500588595867,near_2x2_bal_strong_500,near_boundary,False,568,2065082011,9.992007221626409e-16,0,0
500,500,0.0017146483268036805,0.0019320579679669159,0.0007085497522894002,0.0008848714845157701,-0.00021740964116323536,-0.00017632173222636993,0.003936941561457463,-0.05522297899762319,-0.04478647434154326,0.9559608222732701,0.9642775061871897,0.972,0.959,0.959,True,999,0.00012183398939669132,0.0008299170294776559,near_2x2_bal_strong_500,near_boundary,False,569,2065082011,9.992007221626409e-16,0,0
500,500,0.0004964103367930406,0.00028126878665035715,-0.0005096755306794876,-0.000771959709766179,0.00021514155014268344,0.00026228417908669144,0.0017782934179150856,0.12098203141015987,0.1474920710184036,0.9037052675010999,0.8827436376986211,0.984,0.907,0.892,True,999,0.00010966602712869644,0.0008654999546706676,near_2x2_bal_strong_500,near_boundary,False,570,2065082011,9.992007221626409e-16,0,0
500,500,0.002320832716576793,1.455441184927686e-05,0.0013147475316941382,-0.0010612550383939379,0.002306278304727516,0.002376002570088076,0.0030527322122353285,0.7554800566797079,0.7783200113541158,0.44996099414495383,0.43638038110141497,0.773,0.427,0.417,True,999,0.00012066704221069813,0.0008538749534636736,near_2x2_bal_strong_500,near_boundary,False,571,2065082011,9.992007221626409e-16,0,0
500,500,0.0040472440734861115,0.00401357300809424,0.003041059637212129,0.0029711138367360945,3.367106539187148e-05,6.994580047603449e-05,0.005903271080495219,0.005703797933847695,0.011848651285410192,0.9954490523668894,0.9905463652736948,0.997,0.994,0.984,True,999,0.0001165410503745079,0.0008418330689892173,near_2x2_bal_strong_500,near_boundary,False,572,2065082011,9.992007221626409e-16,0,0
500,500,0.00036393403505552424,0.005312737758260411,-0.0006421259561193438,0.004264386067916348,-0.0049488037232048865,-0.004906512024035692,0.005228478498766501,-0.9465093381128764,-0.9384206180044984,0.3438888616471407,0.3480282942962635,0.768,0.343,0.349,True,999,0.00011487503070384264,0.0008660829626023769,near_2x2_bal_strong_500,near_boundary,False,573,2065082011,9.992007221626409e-16,0,0
500,500,0.0017943682141557948,0.0034308708115676767,0.0007882834760266633,0.002398957097739185,-0.0016365025974118819,-0.0016106736217125217,0.004741268249356166,-0.34516136007156073,-0.33971366668216696,0.7299730659001629,0.7340721686911703,0.855,0.715,0.723,True,999,0.00011954200454056263,0.0009072920074686408,near_2x2_bal_strong_500,near_boundary,False,574,2065082011,9.992007221626409e-16,0,0
500,500,0.011661635402958614,0.0076576972073479355,0.010655318415899728,0.006624295582582818,0.004003938195610679,0.004031022833316911,0.009073752825437586,0.44126595386045103,0.4442508971609013,0.6590204707772775,0.6568611977814263,0.826,0.668,0.667,True,999,0.00011570891365408897,0.0008817919297143817,near_2x2_bal_strong_500,near_boundary,False,575,2065082011,9.992007221626409e-16,0,0
500,500,0.0017937124539957328,0.005748845624408694,0.0007876219409581608,0.004713545941541497,-0.003955133170412961,-0.003925924000583336,0.005838904305842899,-0.6773759190495933,-0.6723734103082878,0.4981674731132695,0.5013460059171699,0.774,0.501,0.501,True,999,0.00012012501247227192,0.0008358750492334366,near_2x2_bal_strong_500,near_boundary,False,576,2065082011,9.992007221626409e-16,0,0
500,500,0.00010424767817218683,0.00020216798054090157,-0.0009018127527156139,-0.0008510391469087608,-9.792030236871474e-05,-5.0773605806853084e-05,0.001121295707866841,-0.0873278134230968,-0.045281191616656655,0.9304109465525535,0.9638831789751168,0.993,0.927,0.962,True,999,0.00011712498962879181,0.0008619161089882255,near_2x2_bal_strong_500,near_boundary,False,577,2065082011,9.992007221626409e-16,0,0
500,500,0.012147206897864304,0.002031940671063992,0.011140845595491555,0.0009847603774062463,0.010115266226800312,0.010156085218085309,0.00756100425619015,1.3378204645922533,1.3432190849212367,0.18095496911641729,0.17920104363476774,0.536,0.154,0.151,True,999,0.00011766701936721802,0.0008486250881105661,near_2x2_bal_strong_500,near_boundary,False,578,2065082011,9.992007221626409e-16,0,0
500,500,0.0012719980835020905,0.0016965623722612344,0.00026591054432856254,0.0006590496820706448,-0.00042456428875914387,-0.0003931391377420823,0.00353493012931051,-0.1201054259145867,-0.1112155328000116,0.9043996342501026,0.9114454346515137,0.995,0.926,0.927,True,999,0.00011712498962879181,0.0008641669992357492,near_2x2_bal_strong_500,near_boundary,False,579,2065082011,9.992007221626409e-16,0,0
500,500,0.0021832159163509557,0.00021144512030080165,0.0011770973956117814,-0.0008646893203660966,0.001971770796050154,0.002041786715977878,0.003098635796706275,0.6363351246848911,0.6589308489071917,0.5245580158116074,0.5099401751127658,0.89,0.531,0.517,True,999,0.00011812499724328518,0.0008536250097677112,near_2x2_bal_strong_500,near_boundary,False,580,2065082011,9.992007221626409e-16,0,0
500,500,0.0031135174781585784,0.008064485791286824,0.002107398325279064,0.00703604345753206,-0.004950968313128246,-0.004928645132252996,0.0070733318079886105,-0.6999485458234307,-0.6967925817768921,0.48395943856287427,0.48593260922754633,0.741,0.474,0.474,True,999,0.00011687492951750755,0.0008858339861035347,near_2x2_bal_strong_500,near_boundary,False,581,2065082011,9.992007221626409e-16,0,0
500,500,0.0066868307674083916,0.00507913383146541,0.0056805790492830965,0.004040618554029152,0.0016076969359429816,0.0016399604952539448,0.007099682080024145,0.2264463278526852,0.23099069462112698,0.8208542991423002,0.817322031182206,0.928,0.829,0.826,True,999,0.0001227090833708644,0.0008721669437363744,near_2x2_bal_strong_500,near_boundary,False,582,2065082011,9.992007221626409e-16,0,0
500,500,0.002068143062885719,0.011576543996308142,0.0010620555919444996,0.01053955764061243,-0.009508400933422423,-0.00947750204866793,0.008171789791002589,-1.1635640632718536,-1.1597828983686014,0.24460072203446603,0.24613720859408184,0.575,0.24,0.241,True,999,0.00011591706424951553,0.0008885000133886933,near_2x2_bal_strong_500,near_boundary,False,583,2065082011,9.992007221626409e-16,0,0
500,500,0.00496873911883533,0.0004381759129086227,0.003962585100680371,-0.0006245811339624652,0.004530563205926708,0.004587166234642837,0.004652532848377731,0.9737842490475801,0.9859503165554894,0.33016367537408775,0.32415749392541904,0.775,0.285,0.272,True,999,0.00012199999764561653,0.0008394999895244837,near_2x2_bal_strong_500,near_boundary,False,584,2065082011,9.992007221626409e-16,0,0
500,500,0.004212080034992849,0.0007273790494282117,0.003205875008518433,-0.0003261197304595953,0.003484700985564637,0.003531994738978028,0.004461465152891103,0.7810665030761237,0.791667001296477,0.43476338188462915,0.4285548681817193,0.81,0.424,0.411,True,999,0.00010850001126527786,0.0008359160274267197,near_2x2_bal_strong_500,near_boundary,False,585,2065082011,9.992007221626409e-16,0,0
500,500,0.00028832303907500023,0.0058959515434518495,-0.0007177243865612581,0.0048571903373897385,-0.005607628504376849,-0.005574914723950997,0.00540615499274604,-1.0372674316406292,-1.0312162214053053,0.2996112396062599,0.302439435363417,0.704,0.299,0.299,True,999,0.00011420808732509613,0.0008582079317420721,near_2x2_bal_strong_500,near_boundary,False,586,2065082011,9.992007221626409e-16,0,0
500,500,0.00033729953564309856,0.00985131515475518,-0.0006687747089699769,0.008824319637056988,-0.009514015619112082,-0.009493094346026965,0.006902287450902351,-1.3783858882707491,-1.375354824549637,0.16808417800026187,0.16902146722071554,0.52,0.168,0.168,True,999,0.00011416594497859478,0.0008523340802639723,near_2x2_bal_strong_500,near_boundary,False,587,2065082011,9.992007221626409e-16,0,0
500,500,0.00021808252179966736,0.0036943168711403573,-0.0007879710811380392,0.002659623131847866,-0.00347623434934069,-0.003447594212985905,0.004195574489772736,-0.8285478801090216,-0.8217216072292052,0.4073602908936924,0.41123535877847994,0.744,0.415,0.415,True,999,0.00011350004933774471,0.0008557499386370182,near_2x2_bal_strong_500,near_boundary,False,588,2065082011,9.992007221626409e-16,0,0
500,500,0.0027245015002578254,2.2488621420624355e-06,0.0017183735074013384,-0.0010735037763538458,0.002722252638115763,0.002791877283755184,0.0032984142500584444,0.825321633893477,0.8464301546434669,0.40918901271239627,0.39731282237343013,0.864,0.436,0.41,True,999,0.00011608400382101536,0.0008854999905452132,near_2x2_bal_strong_500,near_boundary,False,589,2065082011,9.992007221626409e-16,0,0
500,500,7.396913806023697e-05,0.0063045651405783665,-0.0009320691619905119,0.005274488391307841,-0.0062305960025181295,-0.006206557553298353,0.005423555528412922,-1.148802841581926,-1.1443706108997023,0.25063728740484914,0.25246997100684776,0.665,0.264,0.264,True,999,0.00011462497059255838,0.0008499589748680592,near_2x2_bal_strong_500,near_boundary,False,590,2065082011,9.992007221626409e-16,0,0
500,500,0.0012333062955665053,0.0019209241733735005,0.0002272046851885534,0.0008435688393433338,-0.0006876178778069952,-0.0006163641541547804,0.003734396824995963,-0.1841309078897202,-0.16505052436559062,0.8539107600130155,0.8689042146480025,0.965,0.854,0.871,True,999,0.00012683402746915817,0.0008642500033602118,near_2x2_bal_strong_500,near_boundary,False,591,2065082011,9.992007221626409e-16,0,0
500,500,0.00185329798898215,0.006152014543738149,0.0008472061838915579,0.005108782594618333,-0.004298716554755999,-0.004261576410726775,0.006105980247859414,-0.7040174354090007,-0.6979348503822568,0.4814219156576023,0.48521793835983384,0.818,0.497,0.502,True,999,0.00012133398558944464,0.0008727499516680837,near_2x2_bal_strong_500,near_boundary,False,592,2065082011,9.992007221626409e-16,0,0
500,500,0.000802734214594647,0.00857907032167382,-0.00020334179032488464,0.007545863302453881,-0.007776336107079174,-0.007749205092778766,0.0066631977477068175,-1.1670576803390609,-1.162985909497539,0.24318707668283446,0.24483521936029695,0.625,0.247,0.249,True,999,0.00010983389802277088,0.0008462920086458325,near_2x2_bal_strong_500,near_boundary,False,593,2065082011,9.992007221626409e-16,0,0
500,500,0.0071986861290118664,1.7333575124123257e-06,0.006192491283741219,-0.001074172242027771,0.007196952771499454,0.0072666635257689904,0.005347397907902319,1.3458794156432394,1.358915803709016,0.17834140830172018,0.17417327035981933,0.656,0.184,0.179,True,999,0.00011541694402694702,0.0008046668954193592,near_2x2_bal_strong_500,near_boundary,False,594,2065082011,9.992007221626409e-16,0,0
500,500,0.004262788015423902,0.003082978788356505,0.00325661255800469,0.0020450197752381882,0.0011798092270673965,0.0012115927827665018,0.005559441078476934,0.21221723738290205,0.21793427894345632,0.8319375595130738,0.8274803182689443,0.934,0.858,0.854,True,999,0.00011341599747538567,0.0008276669541373849,near_2x2_bal_strong_500,near_boundary,False,595,2065082011,9.992007221626409e-16,0,0
500,500,0.0013631861876723939,0.0041177027310191905,0.00035712009275812306,0.003079458627468057,-0.0027545165433467966,-0.002722338534709934,0.004944249987042847,-0.5571151439683314,-0.550606976152952,0.577448761280279,0.5819031256019869,0.865,0.588,0.594,True,999,0.0001291659427806735,0.0008330830605700612,near_2x2_bal_strong_500,near_boundary,False,596,2065082011,9.992007221626409e-16,0,0
500,500,0.0008006752750852053,0.0011629620514415628,-0.00020537961052013998,2.760734074058746e-05,-0.00036228677635635753,-0.00023298695126072744,0.0026873079984345094,-0.13481401334250023,-0.08669901306305564,0.8927589259440875,0.9309107609266394,0.977,0.894,0.949,True,999,0.00011558295227587223,0.0008445000275969505,near_2x2_bal_strong_500,near_boundary,False,597,2065082011,9.992007221626409e-16,0,0
500,500,0.0011341882198312447,0.004925769443323624,0.00012812507713988452,0.0038828630617331328,-0.0037915812234923796,-0.0037547379845932483,0.0052831226590464115,-0.7176780605311082,-0.7107042987472427,0.47295581394309427,0.47726749525642675,0.797,0.479,0.485,True,999,0.00012229196727275848,0.0008620410226285458,near_2x2_bal_strong_500,near_boundary,False,598,2065082011,9.992007221626409e-16,0,0
500,500,0.00272232636957348,5.9962963492088406e-05,0.0017161771669975678,-0.0010156730080552734,0.0026623634060813917,0.0027318501750528412,0.0033303811117868175,0.799417038686296,0.8202815483742483,0.42404863385615876,0.41205562265329454,0.856,0.401,0.392,True,999,0.00011804106179624796,0.0008695420110598207,near_2x2_bal_strong_500,near_boundary,False,599,2065082011,9.992007221626409e-16,0,0
500,500,0.002797463418808155,0.0034624736748730123,0.0017913274070906482,0.002420121704091116,-0.0006650102560648574,-0.0006287942970004679,0.005206854466921918,-0.12771823378001662,-0.12076279469592811,0.8983719597990767,0.9038789199025319,0.963,0.89,0.894,True,999,0.0001139170490205288,0.0008730000117793679,near_2x2_bal_strong_500,near_boundary,False,600,2065082011,9.992007221626409e-16,0,0
500,500,0.0006493460542447149,0.002162248055112559,-0.00035670153482669775,0.0011149070129476968,-0.001512902000867844,-0.0014716085477743945,0.0035133181435508852,-0.4306191295670038,-0.41886572398110533,0.6667453294767992,0.6753142683053797,0.907,0.637,0.644,True,999,0.00011945795267820358,0.0008235420100390911,near_2x2_bal_strong_500,near_boundary,False,601,2065082011,9.992007221626409e-16,0,0
500,500,3.2562537453095786e-05,0.011529775382246588,-0.0009735490564821703,0.010495809250613775,-0.011497212844793492,-0.011469358307095945,0.007574735103100437,-1.5178369524879536,-1.5141596572006046,0.12905550704694574,0.1299853509569578,0.503,0.133,0.133,True,999,0.0001152500044554472,0.0008333339355885983,near_2x2_bal_strong_500,near_boundary,False,602,2065082011,9.992007221626409e-16,0,0
500,500,0.002986490650061846,0.0008124224414371994,0.0019803693969606684,-0.0002505133741692589,0.0021740682086246466,0.0022308827711299273,0.00393203854810519,0.5529112143807207,0.5673603510842912,0.580324207954865,0.5704693818095947,0.897,0.612,0.6,True,999,0.00011625001206994057,0.0008554999949410558,near_2x2_bal_strong_500,near_boundary,False,603,2065082011,9.992007221626409e-16,0,0
500,500,0.00023325734470580617,0.0011567433523624882,-0.0007729020506417328,9.358819391991346e-05,-0.000923486007656682,-0.0008664902445616463,0.0024664221536311653,-0.3744233347470906,-0.3513146536110879,0.708089384829278,0.7253523027304678,0.947,0.706,0.724,True,999,0.0001140000531449914,0.0008725409861654043,near_2x2_bal_strong_500,near_boundary,False,604,2065082011,9.992007221626409e-16,0,0
500,500,7.795391932274853e-05,0.0024094779002655775,-0.0009280888061766746,0.001355234169977848,-0.002331523980942829,-0.0022833229761545226,0.003378938099062643,-0.6900167782267516,-0.675751644218621,0.49018363619841576,0.49919834070602676,0.863,0.482,0.486,True,999,0.00011479109525680542,0.0008232500404119492,near_2x2_bal_strong_500,near_boundary,False,605,2065082011,9.992007221626409e-16,0,0
500,500,0.008731291951872833,0.0018549213079253057,0.007725065685349364,0.0008008386400035761,0.006876370643947527,0.006924227045345788,0.006558027607334863,1.048542497176531,1.0558398744161044,0.294388733273221,0.29104137740666813,0.721,0.276,0.272,True,999,0.00011750007979571819,0.0008813330205157399,near_2x2_bal_strong_500,near_boundary,False,606,2065082011,9.992007221626409e-16,0,0
500,500,0.004279335264879447,0.007517064711048405,0.003273190670256554,0.006486718570897665,-0.0032377294461689576,-0.003213527900641111,0.007230658015972764,-0.44777798078912123,-0.44443090705469973,0.6543134362213752,0.6567310720637043,0.862,0.667,0.668,True,999,0.00011566595640033484,0.0008637920254841447,near_2x2_bal_strong_500,near_boundary,False,607,2065082011,9.992007221626409e-16,0,0
500,500,0.0008010348258969957,0.0029918419707145594,-0.0002050237483786077,0.0019443733765456273,-0.0021908071448175637,-0.002149397124924235,0.004125576534372844,-0.5310305424137775,-0.5209931525972717,0.5953976144286424,0.6023715414314479,0.865,0.555,0.555,True,999,0.00011733302380889654,0.0008599159773439169,near_2x2_bal_strong_500,near_boundary,False,608,2065082011,9.992007221626409e-16,0,0
500,500,0.0005378461054226236,0.0033700862132246545,-0.000468212560633674,0.0023278318370500983,-0.002832240107802031,-0.0027960443976837723,0.004201260390896605,-0.6741405778939574,-0.6655251371094042,0.500221943684682,0.5057146711993399,0.844,0.498,0.499,True,999,0.00012495799455791712,0.000861500040628016,near_2x2_bal_strong_500,near_boundary,False,609,2065082011,9.992007221626409e-16,0,0
500,500,0.002294407268495058,0.0013957994016501885,0.001288308978587338,0.00034196589291468626,0.0008986078668448694,0.0009463430856726518,0.003919357422947741,0.22927428398939645,0.24145363220303317,0.8186557395624828,0.809203549562432,0.922,0.848,0.841,True,999,0.00011141702998429537,0.000821333029307425,near_2x2_bal_strong_500,near_boundary,False,610,2065082011,9.992007221626409e-16,0,0
500,500,0.007938143438333434,0.0012621657624130034,0.006931892257398431,0.00021524432958131,0.00667597767592043,0.006716647927817121,0.006083825063541021,1.097332287860814,1.1040172683577745,0.2724961613994933,0.2695856469547919,0.699,0.275,0.272,True,999,0.0001152500044554472,0.0008594589307904243,near_2x2_bal_strong_500,near_boundary,False,611,2065082011,9.992007221626409e-16,0,0
500,500,0.001471673371375548,0.0003382525811996273,0.0004655682623138091,-0.0007150121030008449,0.0011334207901759208,0.001180580365314654,0.002702121277209025,0.41945592884217686,0.43690872621900056,0.6748829568622672,0.662177543219278,0.937,0.68,0.664,True,999,0.00011399993672966957,0.0008397500496357679,near_2x2_bal_strong_500,near_boundary,False,612,2065082011,9.992007221626409e-16,0,0
500,500,0.0,0.0005844746192522066,-0.0010060851105890833,-0.0004919410572767902,-0.0005844746192522066,-0.0005141440533122932,0.0015956765381087833,-0.36628640284761815,-0.322210699369976,0.7141513746232888,0.7472930794535249,0.957,0.697,0.73,True,999,0.00011320796329528093,0.0008641249733045697,near_2x2_bal_strong_500,near_boundary,False,613,2065082011,9.992007221626409e-16,0,0
500,500,0.007944579225405146,0.00213057533380534,0.006938247339803638,0.0010764022337923507,0.005814003891599806,0.0058618451060112875,0.00642026102268121,0.9055712643240444,0.9130228639151623,0.36516282416053036,0.3612305167111107,0.756,0.36,0.355,True,999,0.00011675001587718725,0.0008795410394668579,near_2x2_bal_strong_500,near_boundary,False,614,2065082011,9.992007221626409e-16,0,0
500,500,3.522971465619307e-05,0.00026144159626662056,-0.0009708233008609568,-0.0008353830551754982,-0.0002262118816104275,-0.00013544024568545865,0.00106071317143257,-0.21326395080482685,-0.12768790784650744,0.8311210898283085,0.8983959598955008,0.986,0.822,0.898,True,999,0.00012245902325958014,0.0008527500322088599,near_2x2_bal_strong_500,near_boundary,False,615,2065082011,9.992007221626409e-16,0,0
500,500,0.0035038676703259553,0.010417317766683698,0.002497750213251493,0.009383606620957607,-0.006913450096357743,-0.006885856407706115,0.00806528666956961,-0.8571859103833525,-0.853764619884685,0.39134214794038635,0.3932354214956294,0.707,0.387,0.388,True,999,0.00012416706886142492,0.0008602499729022384,near_2x2_bal_strong_500,near_boundary,False,616,2065082011,9.992007221626409e-16,0,0
500,500,2.7135228246377707e-05,0.002740127797629943,-0.0009789130899662268,0.0016857685474178652,-0.0027129925693835655,-0.002664681637384092,0.0035874675384909467,-0.7562417054022389,-0.7427751216684122,0.44950429207317466,0.45761783995808325,0.815,0.434,0.442,True,999,0.0001140419626608491,0.0008830829756334424,near_2x2_bal_strong_500,near_boundary,False,617,2065082011,9.992007221626409e-16,0,0
500,500,0.004710008701835688,0.0018021377553337214,0.0037037718987562585,0.0007549872017875714,0.002907870946501967,0.002948784696968687,0.005177227933366496,0.5616656218207341,0.5695682583268529,0.5743438612941885,0.5689705623147292,0.88,0.552,0.544,True,999,0.0001188330352306366,0.0008422499522566795,near_2x2_bal_strong_500,near_boundary,False,618,2065082011,9.992007221626409e-16,0,0
500,500,1.1102230246251565e-16,0.0008200489236296349,-0.001006033367730197,-0.00025661461259574025,-0.0008200489236295239,-0.0007494187551344567,0.0019055420915280053,-0.4303494146235036,-0.39328375818427447,0.6669414865882368,0.6941099128583788,0.962,0.678,0.703,True,999,0.00011004193220287561,0.0008454999187961221,near_2x2_bal_strong_500,near_boundary,False,619,2065082011,9.992007221626409e-16,0,0
500,500,0.002342840757615483,0.002176037189217994,0.0013367461709776762,0.0011288139830583077,0.0001668035683974889,0.00020793218791936852,0.004378350704255448,0.03809735210004251,0.04749098506825255,0.9696100624972709,0.9621219151037285,0.991,0.973,0.963,True,999,0.00011320901103317738,0.0008658749284222722,near_2x2_bal_strong_500,near_boundary,False,620,2065082011,9.992007221626409e-16,0,0
500,500,0.0018943498762070687,0.008127822166523802,0.0008882479129397325,0.007099334242866462,-0.006233472290316733,-0.006211086329926729,0.006744523600473278,-0.9242272189364592,-0.9209080874875852,0.3553680269268049,0.35709841582269797,0.649,0.306,0.309,True,999,0.00011604197788983583,0.0008472499903291464,near_2x2_bal_strong_500,near_boundary,False,621,2065082011,9.992007221626409e-16,0,0
500,500,0.0017324191307459547,0.002118040756975026,0.0007263246961883851,0.0010761807358221631,-0.00038562162622907126,-0.000349856039633778,0.0040448466637340984,-0.0953365252845148,-0.08649426510294457,0.9240475317847707,0.9310735147733524,0.975,0.917,0.931,True,999,0.00011833396274596453,0.0008606250630691648,near_2x2_bal_strong_500,near_boundary,False,622,2065082011,9.992007221626409e-16,0,0
500,500,0.0006173629370747058,0.00022636418598465102,-0.0003886966907771239,-0.000849814671397553,0.0003909987510900548,0.0004611179806204291,0.0018498129386478985,0.21137204898991097,0.24927816807113398,0.8325969656822116,0.8031456177413834,0.975,0.823,0.79,True,999,0.00011758401524275541,0.0008822079980745912,near_2x2_bal_strong_500,near_boundary,False,623,2065082011,9.992007221626409e-16,0,0
500,500,0.0025274034186228977,2.70622386266961e-06,0.001521292927009199,-0.0010731106402204205,0.002524697194760228,0.0025944035672296195,0.0031773855464073495,0.7945832061881467,0.8165214857740811,0.4268559904468088,0.4142019400557617,0.876,0.441,0.431,True,999,0.0001189160393550992,0.0008741249330341816,near_2x2_bal_strong_500,near_boundary,False,624,2065082011,9.992007221626409e-16,0,0
500,500,0.0007639893355548821,0.0006762457508328601,-0.0002421669822183503,-0.00037726872588450533,8.774358472202204e-05,0.00013510174366615502,0.002441470613073926,0.03593882484276505,0.05533621537064318,0.9713311381035507,0.955870610660769,0.995,0.966,0.945,True,999,0.00011616700794547796,0.0008620830485597253,near_2x2_bal_strong_500,near_boundary,False,625,2065082011,9.992007221626409e-16,0,0
500,500,0.015727427031491548,0.0060076885713827854,0.01472102222015792,0.004972330876682918,0.009719738460108762,0.009748691343475002,0.009495179480467027,1.023649787779545,1.0266990069571078,0.3060007199815047,0.3045622170454164,0.605,0.294,0.294,True,999,0.00011979090049862862,0.0008681670296937227,near_2x2_bal_strong_500,near_boundary,False,626,2065082011,9.992007221626409e-16,0,0
500,500,8.00322266514275e-06,0.009638770059328394,-0.0009980330453345232,0.008605286406037749,-0.009630766836663252,-0.009603319451372272,0.006847570660055491,-1.406450157987155,-1.4024418188763093,0.15959049504068223,0.16078335291124468,0.514,0.161,0.161,True,999,0.000116499955765903,0.000891250092536211,near_2x2_bal_strong_500,near_boundary,False,627,2065082011,9.992007221626409e-16,0,0
500,500,0.003446319594347824,0.006109584650493827,0.002440195761380437,0.005066399985253156,-0.0026632650561460025,-0.002626204223872719,0.006587967809784734,-0.4042620020380801,-0.39863646874111425,0.6860200643747023,0.6901610860915732,0.881,0.694,0.697,True,999,0.00011833396274596453,0.0008496250957250595,near_2x2_bal_strong_500,near_boundary,False,628,2065082011,9.992007221626409e-16,0,0
500,500,0.00017971465875443737,2.7996527315110598e-05,-0.0008263610448011605,-0.001069035249713579,0.00015171813143932678,0.00024267420491241865,0.0009102061707513794,0.16668545689388456,0.2666145459243481,0.8676175491580215,0.7897659548951432,0.991,0.872,0.791,True,999,0.00010966695845127106,0.0008280840702354908,near_2x2_bal_strong_500,near_boundary,False,629,2065082011,9.992007221626409e-16,0,0
500,500,0.0017567563396668762,0.004143903205564681,0.0007506708977302878,0.003109088124944037,-0.0023871468658978046,-0.0023584172272137494,0.005092499816735216,-0.46875737885214025,-0.46311581975190375,0.63924306812366,0.6432813511790785,0.873,0.659,0.661,True,999,0.00011033308692276478,0.0008428330766037107,near_2x2_bal_strong_500,near_boundary,False,630,2065082011,9.992007221626409e-16,0,0
500,500,0.004906223123397391,0.005044424703097794,0.003900024017582382,0.004012242989205106,-0.00013820157970040325,-0.00011221897162272398,0.0065309047872733296,-0.021161168965395803,-0.017182760318509512,0.9831170900173545,0.9862908154330499,0.992,0.978,0.984,True,999,0.00011270900722593069,0.0008598340209573507,near_2x2_bal_strong_500,near_boundary,False,631,2065082011,9.992007221626409e-16,0,0
500,500,0.00020040144223520961,0.004740827732727215,-0.0008056515149519328,0.0036981213677904634,-0.004540426290492006,-0.004503772882742396,0.0048210846669828914,-0.9417852214019452,-0.9341824908378815,0.34630261298114806,0.350209765951643,0.718,0.345,0.345,True,999,0.00011562497820705175,0.000864375033415854,near_2x2_bal_strong_500,near_boundary,False,632,2065082011,9.992007221626409e-16,0,0
500,500,0.0018018044502975394,0.004650122878352536,0.0007957292536957539,0.0036179776819551535,-0.0028483184280549967,-0.0028222484282593996,0.0053274386451834695,-0.5346506300227705,-0.529757096463418,0.5928914663656941,0.5962803552603151,0.839,0.579,0.583,True,999,0.00012016703840345144,0.0008611249504610896,near_2x2_bal_strong_500,near_boundary,False,633,2065082011,9.992007221626409e-16,0,0
500,500,0.0020352041076587835,0.0028659406997548764,0.0010291188057749423,0.0018314804924273176,-0.000830736592096093,-0.0008023616866523753,0.004571445924553741,-0.18172293970144435,-0.17551595269732975,0.8558001624357497,0.8606742369036946,0.959,0.851,0.854,True,999,0.00011541706044226885,0.0009302089456468821,near_2x2_bal_strong_500,near_boundary,False,634,2065082011,9.992007221626409e-16,0,0
500,500,8.289990709231532e-05,0.0068009373424641195,-0.000923150445430565,0.005765417890842173,-0.006718037435371804,-0.006688568336272738,0.005718820539669115,-1.1747242965173554,-1.1695712935695182,0.24010503566909702,0.24217353519095175,0.619,0.228,0.23,True,999,0.00012250000145286322,0.0008565000025555491,near_2x2_bal_strong_500,near_boundary,False,635,2065082011,9.992007221626409e-16,0,0
500,500,0.008282929409118567,0.0005177274539915344,0.007276699566432399,-0.0005450924436729565,0.007765201955127032,0.007821792010105355,0.005922386521924452,1.3111609528321981,1.320716231733504,0.18980339135611513,0.18659599979859376,0.646,0.199,0.196,True,999,0.00012420897837728262,0.0008916669758036733,near_2x2_bal_strong_500,near_boundary,False,636,2065082011,9.992007221626409e-16,0,0
500,500,0.001752723356117869,3.9919857848347284e-05,0.000746639234819213,-0.0010359961680705965,0.0017128034982695217,0.0017826354028898095,0.0026762252150120294,0.6400072343170949,0.6661006677951791,0.522167896189623,0.5053467577288154,0.932,0.535,0.507,True,999,0.00011399993672966957,0.0008906669681891799,near_2x2_bal_strong_500,near_boundary,False,637,2065082011,9.992007221626409e-16,0,0
500,500,0.0025615228710555993,0.001555169216206076,0.001555418654618279,0.0005082082760168305,0.0010063536548495233,0.0010472103786014486,0.004135383913841024,0.24335192954668208,0.2532317193323847,0.8077327792267281,0.8000891566447879,0.946,0.779,0.768,True,999,0.00011479202657938004,0.0008213750552386045,near_2x2_bal_strong_500,near_boundary,False,638,2065082011,9.992007221626409e-16,0,0
500,500,0.0007745316418544812,0.01464198227836322,-0.00023154751374931948,0.013615514545250562,-0.013867450636508738,-0.013847062058999882,0.008591283708067407,-1.6141302170578877,-1.6117570469704292,0.1064991843415821,0.10701481842494895,0.316,0.095,0.096,True,999,0.00010966602712869644,0.0008409579750150442,near_2x2_bal_strong_500,near_boundary,False,639,2065082011,9.992007221626409e-16,0,0
500,500,0.0017709127934931734,0.005282464521539021,0.0007648227214076542,0.00424375166338109,-0.0035115517280458475,-0.003478928941973436,0.0056518034084720925,-0.6213152642184984,-0.6155431621628058,0.5343922123880971,0.5381960740065889,0.853,0.561,0.566,True,999,0.00011304102372378111,0.0008811249863356352,near_2x2_bal_strong_500,near_boundary,False,640,2065082011,9.992007221626409e-16,0,0
500,500,0.010436676577487036,0.0005682158763920531,0.009430362366117606,-0.0004783895128355198,0.009868460701094983,0.009908751878953126,0.00661433892294968,1.4919798964117974,1.4980713861778183,0.13570441565194963,0.13411470439611586,0.593,0.129,0.127,True,999,0.00011637492571026087,0.0008529999759048223,near_2x2_bal_strong_500,near_boundary,False,641,2065082011,9.992007221626409e-16,0,0
500,500,0.0023039407136917767,0.012591433197954027,0.0012978545217947612,0.011562002751929867,-0.01028749248426225,-0.010264148230135106,0.00840110429466416,-1.2245405036569064,-1.2217617910843257,0.22074839652852585,0.22179772159048383,0.562,0.232,0.234,True,999,0.00011520902626216412,0.0008854999905452132,near_2x2_bal_strong_500,near_boundary,False,642,2065082011,9.992007221626409e-16,0,0
500,500,0.00039673179929544666,0.007649500463230374,-0.0006093136030358437,0.006605506697241026,-0.007252768663934928,-0.00721482030027687,0.006295751450383613,-1.1520100056511922,-1.1459823910038978,0.24931696177512608,0.25180243817598935,0.654,0.26,0.266,True,999,0.0001260410062968731,0.0008506670128554106,near_2x2_bal_strong_500,near_boundary,False,643,2065082011,9.992007221626409e-16,0,0
500,500,2.34428311474133e-06,0.014589493142501797,-0.0010037287156592356,0.01356447238052283,-0.014587148859387056,-0.014568201096182065,0.00834534459322681,-1.7479384699376193,-1.745668010881876,0.08047468249365188,0.08086865677241403,0.245,0.066,0.066,True,999,0.00011324998922646046,0.000857457984238863,near_2x2_bal_strong_500,near_boundary,False,644,2065082011,9.992007221626409e-16,0,0
500,500,0.0010207581331854731,0.0013780132428704017,1.4681334448596317e-05,0.0003240807367319576,-0.0003572551096849286,-0.00030939940228336127,0.0031931705695014225,-0.11188099786999788,-0.09689410432329974,0.9109177634997904,0.9228104908461614,0.978,0.913,0.92,True,999,0.00012058403808623552,0.0008553749648854136,near_2x2_bal_strong_500,near_boundary,False,645,2065082011,9.992007221626409e-16,0,0
500,500,0.0007814095434359736,0.0002052300495269388,-0.00022468245128948183,-0.0008708857106682899,0.0005761794939090348,0.0006462032593788081,0.001996468119981867,0.28859939617481495,0.32367321717347397,0.7728879576318686,0.7461854497978161,0.963,0.753,0.726,True,999,0.0001140000531449914,0.0008475419599562883,near_2x2_bal_strong_500,near_boundary,False,646,2065082011,9.992007221626409e-16,0,0
500,500,0.0013473485783712658,0.0004847377902159611,0.00034127826370422554,-0.0005780153472016991,0.0008626107881553047,0.0009192936109059247,0.0027307990771359984,0.3158821882494525,0.3366390514054441,0.7520919319700407,0.7363890139400335,0.958,0.728,0.721,True,999,0.00011354207526892424,0.0008632080862298608,near_2x2_bal_strong_500,near_boundary,False,647,2065082011,9.992007221626409e-16,0,0
500,500,0.0002760625245943338,0.0024089897715472985,-0.0007299927167991882,0.0013545878272793743,-0.0021329272469529648,-0.0020845805440785625,0.0034924315363154173,-0.6107284351243845,-0.5968851564883747,0.5413793779857807,0.5505840581491863,0.877,0.578,0.584,True,999,0.00011508306488394737,0.000892499927431345,near_2x2_bal_strong_500,near_boundary,False,648,2065082011,9.992007221626409e-16,0,0
500,500,0.0023620757914182278,0.0011694614888267396,0.0013559408372998405,0.0001226632561781571,0.0011926143025914882,0.0012332775811216834,0.0038118816484737877,0.31286761042777667,0.32353511857207495,0.754381246204661,0.7462900156200367,0.924,0.759,0.75,True,999,0.00011441705282777548,0.0008601250592619181,near_2x2_bal_strong_500,near_boundary,False,649,2065082011,9.992007221626409e-16,0,0
500,500,0.00735094831937777,0.001185350783970529,0.006344729910836122,0.00013853151216380866,0.006165597535407241,0.0062061983986723135,0.005861358859029508,1.0519058265659762,1.0588326952736524,0.29284275843614815,0.28967598064399835,0.7,0.289,0.288,True,999,0.00012324994895607233,0.000851667020469904,near_2x2_bal_strong_500,near_boundary,False,650,2065082011,9.992007221626409e-16,0,0
500,500,0.000135848158425933,5.9962963492088406e-05,-0.0008702701562697257,-0.0010156730080552734,7.58851949338446e-05,0.00014540285178554768,0.0008815466467039777,0.08608188258394767,0.1649406214965432,0.9314013257617033,0.8689907189238408,0.998,0.936,0.87,True,999,0.0001206250162795186,0.0008754580048844218,near_2x2_bal_strong_500,near_boundary,False,651,2065082011,9.992007221626409e-16,0,0
500,500,0.012275786542487954,0.006082790113843994,0.011269438749366145,0.005050222053171183,0.00619299642864396,0.006219216696194962,0.008762296726136348,0.7067777572712609,0.709770153941964,0.4797045991661647,0.47784668007776643,0.717,0.459,0.458,True,999,0.00011483300477266312,0.0008676249999552965,near_2x2_bal_strong_500,near_boundary,False,652,2065082011,9.992007221626409e-16,0,0
500,500,0.0004319537633825643,0.001370430907372655,-0.0005741154162137718,0.0003288554456446491,-0.0009384771439900907,-0.0009029708618584209,0.002775093851564316,-0.3381785244708292,-0.3253839005658917,0.7352286584590471,0.7448905386502649,0.944,0.742,0.752,True,999,0.00011450005695223808,0.0008751669665798545,near_2x2_bal_strong_500,near_boundary,False,653,2065082011,9.992007221626409e-16,0,0
500,500,0.0035791655659924704,0.0004988813626035093,0.002573038286755036,-0.0005545148623298246,0.003080284203388961,0.0031275531490848607,0.0040479818764526275,0.7609431804295305,0.7726203438009542,0.4466910057663742,0.4397471010411168,0.838,0.439,0.433,True,999,0.0001142079709097743,0.0008485419675707817,near_2x2_bal_strong_500,near_boundary,False,654,2065082011,9.992007221626409e-16,0,0
500,500,0.0001145771371536819,0.00015439407755291068,-0.0008914766261796103,-0.0009211616506945575,-3.9816940399228784e-05,2.9685024514947145e-05,0.0010253446079964222,-0.03883273983079035,0.028951266026505235,0.9690237419025634,0.9769034583605464,0.997,0.975,0.983,True,999,0.00011283298954367638,0.0008465830469503999,near_2x2_bal_strong_500,near_boundary,False,655,2065082011,9.992007221626409e-16,0,0
500,500,0.0025944109079417688,5.782879285931575e-06,0.001588321258623182,-0.0010913004216206446,0.002588628028655837,0.0026796216802438266,0.003220810057663816,0.8037195557360728,0.8319713464219199,0.4215589575215498,0.4054251182142834,0.885,0.416,0.415,True,999,0.00011416699271649122,0.0008535420056432486,near_2x2_bal_strong_500,near_boundary,False,656,2065082011,9.992007221626409e-16,0,0
500,500,0.0035297381562662267,0.00030837342451051075,0.0025236280785634335,-0.0007678324259927649,0.003221364731755716,0.0032914605045561984,0.003921785692537322,0.8214025406552883,0.839275973396365,0.41141701686995336,0.4013144627115194,0.853,0.417,0.411,True,999,0.00011462508700788021,0.0009144160430878401,near_2x2_bal_strong_500,near_boundary,False,657,2065082011,9.992007221626409e-16,0,0
500,500,0.0009401373752215836,8.340259660793992e-05,-6.608411604247522e-05,-0.0010139999544378497,0.0008567347786136437,0.0009479158383953745,0.0020251689589437286,0.4230436057347494,0.46806753293798303,0.6722634465125168,0.6397362962398236,0.953,0.674,0.642,True,999,0.00012125005014240742,0.0008617090061306953,near_2x2_bal_strong_500,near_boundary,False,658,2065082011,9.992007221626409e-16,0,0
500,500,0.0023351902609175523,0.0016640066910511564,0.001329099891847818,0.0006100528549666251,0.0006711835698663959,0.000719047036881193,0.004097904395602082,0.16378702504302392,0.17546701129798992,0.8698988062539016,0.8607126897864665,0.974,0.892,0.887,True,999,0.00011583301238715649,0.0008808330167084932,near_2x2_bal_strong_500,near_boundary,False,659,2065082011,9.992007221626409e-16,0,0
500,500,1.8443804261636387e-08,2.9259524853275654e-05,-0.0010060196018457646,-0.0010237352370552344,-2.9241081049014017e-05,1.7715635209469838e-05,0.0003446868628604489,-0.08483375550304237,0.051396316826389316,0.9323935572496987,0.9590097196429793,1.0,0.913,0.93,True,999,0.00011912500485777855,0.0008155830437317491,near_2x2_bal_strong_500,near_boundary,False,660,2065082011,9.992007221626409e-16,0,0
500,500,0.00532659711691863,0.010416707103047151,0.004320405990426934,0.009385639672728985,-0.0050901099861285215,-0.0050652336823020505,0.008461527234396344,-0.601559251081422,-0.5986193203647368,0.5474675602187224,0.5494267692901387,0.788,0.528,0.529,True,999,0.00011020794045180082,0.0008223330369219184,near_2x2_bal_strong_500,near_boundary,False,661,2065082011,9.992007221626409e-16,0,0
500,500,0.0029842706560472276,0.0033527073352750403,0.0019781140949248766,0.002310471151645288,-0.00036843667922781265,-0.0003323570567204115,0.0052264190318970305,-0.07049505157914622,-0.06359173550609394,0.9437996390212289,0.9492953125347263,0.987,0.95,0.953,True,999,0.00011929194442927837,0.0008412920869886875,near_2x2_bal_strong_500,near_boundary,False,662,2065082011,9.992007221626409e-16,0,0
500,500,0.00027954249611106263,0.0015388937150197513,-0.0007265153238336097,0.0004919531824896239,-0.0012593512189086886,-0.0012184685063232337,0.002814904079156108,-0.44738690324617914,-0.43286324224892364,0.6545957303342582,0.6651141253796928,0.901,0.657,0.657,True,999,0.00011916703078895807,0.0008503340650349855,near_2x2_bal_strong_500,near_boundary,False,663,2065082011,9.992007221626409e-16,0,0
500,500,0.0002836170725761811,6.184110346696414e-06,-0.0007224269180596821,-0.001056107928206984,0.00027743296222948466,0.000333681010147302,0.001076602233174975,0.2576930956304219,0.3099389912681617,0.7966437750819887,0.7566073510500857,0.96,0.798,0.726,True,999,0.0001189579488709569,0.0008506659651175141,near_2x2_bal_strong_500,near_boundary,False,664,2065082011,9.992007221626409e-16,0,0
500,500,0.00493104570271552,0.002630068228613669,0.00392487627459559,0.0015984861280458063,0.0023009774741018507,0.002326390146549784,0.0055862967629422946,0.4118967487308943,0.41644585765337633,0.6804151039499468,0.6770837781216881,0.878,0.67,0.667,True,999,0.00011625001206994057,0.000890791998244822,near_2x2_bal_strong_500,near_boundary,False,665,2065082011,9.992007221626409e-16,0,0
500,500,0.006035792781510785,0.0007965279237963641,0.005029556720330675,-0.00028008674024704305,0.005239264857714421,0.005309643460577718,0.005245204961568091,0.9988675173044346,1.012285220402591,0.31785887351113173,0.31140169941167695,0.774,0.314,0.31,True,999,0.0001189160393550992,0.000865416950546205,near_2x2_bal_strong_500,near_boundary,False,666,2065082011,9.992007221626409e-16,0,0
500,500,0.0004205526218590272,7.777005514691959e-05,-0.0005855126495930563,-0.000997926424417983,0.0003427825667121076,0.0004124137748249268,0.001408435049030409,0.24337832756156205,0.29281703484220983,0.8077123312453436,0.7696620067642154,0.973,0.815,0.771,True,999,0.00011500006075948477,0.000869666924700141,near_2x2_bal_strong_500,near_boundary,False,667,2065082011,9.992007221626409e-16,0,0
500,500,0.0029236335425467663,0.0008036110788572359,0.0019175191501972222,-0.00024990785598788534,0.0021200224636895304,0.0021674270061851075,0.0038907756859772034,0.5448842685355344,0.5570680967285676,0.5858331165079798,0.5774809039784984,0.894,0.596,0.589,True,999,0.00013091601431369781,0.0008547089528292418,near_2x2_bal_strong_500,near_boundary,False,668,2065082011,9.992007221626409e-16,0,0
500,500,0.00032518923616597917,0.022559825057091587,-0.0006808807748939216,0.021528994638742915,-0.022234635820925608,-0.022209875413636837,0.010839300585126508,-2.051298019305376,-2.0490137015032897,0.040237933258638066,0.04046077515201144,0.159,0.04,0.04,True,999,0.0001154579222202301,0.0008469159947708249,near_2x2_bal_strong_500,near_boundary,False,669,2065082011,9.992007221626409e-16,0,0
500,500,0.0008020638974813865,0.00047078039169967667,-0.00020400523163743856,-0.0005920453938585979,0.00033128350578170984,0.00038804016222115933,0.0022843705695717205,0.14502178858127196,0.16986743192629647,0.8846936688448912,0.8651143943990458,0.999,0.877,0.844,True,999,0.00011783395893871784,0.0008670000825077295,near_2x2_bal_strong_500,near_boundary,False,670,2065082011,9.992007221626409e-16,0,0
500,500,0.0032537381060713244,0.005592644905380473,0.0022476227754850697,0.004560319226442289,-0.0023389067993091484,-0.002312696450957219,0.006230768410631172,-0.3753801530030257,-0.3711735533311123,0.7073777631513254,0.7105082697707267,0.889,0.728,0.732,True,999,0.0001145420828834176,0.0008452920010313392,near_2x2_bal_strong_500,near_boundary,False,671,2065082011,9.992007221626409e-16,0,0
500,500,0.00693390359766799,0.0021492353375534567,0.005927685656274662,0.0011115840145237144,0.004784668260114533,0.004816101641750947,0.006086077180677122,0.7861662148001551,0.7913310164783548,0.4317701163497575,0.42875085340791674,0.769,0.427,0.421,True,999,0.00011445803102105856,0.000853791949339211,near_2x2_bal_strong_500,near_boundary,False,672,2065082011,9.992007221626409e-16,0,0
500,500,0.0011750162338201031,6.802691199236932e-08,0.0001689451603397174,-0.001062190049168521,0.0011749482069081107,0.0012311352095082384,0.0021667175614866374,0.5422710499018387,0.5682029035032728,0.5876317959739625,0.5698972001556253,0.927,0.573,0.555,True,999,0.000116499955765903,0.0008458750089630485,near_2x2_bal_strong_500,near_boundary,False,673,2065082011,9.992007221626409e-16,0,0
500,500,0.004455298170725652,0.0010186120065361903,0.0034491227474404695,-3.502336744531931e-05,0.003436686164189462,0.003484146114885789,0.004710792881797041,0.7295345497929127,0.7396092764657233,0.4656747416145628,0.4595371112677705,0.832,0.498,0.493,True,999,0.00012191594578325748,0.0008768340339884162,near_2x2_bal_strong_500,near_boundary,False,674,2065082011,9.992007221626409e-16,0,0
500,500,0.0010243387429313966,0.0005329197590038248,1.8186189208790893e-05,-0.0005649091682471408,0.0004914189839275718,0.0005830953574559317,0.0025372807527617313,0.19367938821617645,0.22981113021144983,0.8464269320543655,0.8182385355263584,0.977,0.872,0.845,True,999,0.00011670903768390417,0.0008826670236885548,near_2x2_bal_strong_500,near_boundary,False,675,2065082011,9.992007221626409e-16,0,0
500,500,6.176148220338185e-05,8.831496435823816e-07,-0.0009442869689451072,-0.001074905658526859,6.0878332559799464e-05,0.00013061868958175182,0.0005005551239303512,0.12162163495956994,0.26094766257936963,0.9031986784658357,0.7941328683613471,0.999,0.902,0.8,True,999,0.00011508306488394737,0.0008962911088019609,near_2x2_bal_strong_500,near_boundary,False,676,2065082011,9.992007221626409e-16,0,0
500,500,0.0001250384375770519,0.005669304375889583,-0.0008810191328052497,0.004630576111168239,-0.0055442659383125314,-0.005511595243973488,0.005233247046797803,-1.0594313413323453,-1.0531884305645391,0.2894033824567015,0.29225463985859224,0.704,0.286,0.288,True,999,0.00011929101310670376,0.0008260420290753245,near_2x2_bal_strong_500,near_boundary,False,677,2065082011,9.992007221626409e-16,0,0
500,500,0.0018094738470141314,0.0024401341420903777,0.0008033631913235695,0.0013928698671463735,-0.0006306602950762463,-0.000589506675822804,0.004280970624283,-0.14731712745211203,-0.13770397593455522,0.8828817142196588,0.8904743769979107,0.974,0.884,0.895,True,999,0.00011433300096541643,0.0008400409715250134,near_2x2_bal_strong_500,near_boundary,False,678,2065082011,9.992007221626409e-16,0,0
500,500,0.0029422252026388707,0.002406266384139877,0.001936105834488444,0.0013684739007260305,0.0005359588184989938,0.0005676319337624136,0.004736866218980561,0.11314628569230303,0.11983279820906063,0.9099145798973451,0.9046155999285181,0.977,0.916,0.91,True,999,0.0001271669752895832,0.000835792045108974,near_2x2_bal_strong_500,near_boundary,False,679,2065082011,9.992007221626409e-16,0,0
500,500,0.0011269957688981869,0.0012433190257666316,0.00012092994518297928,0.0001801534135665861,-0.00011632325686844469,-5.9223468383606814e-05,0.003172262841953332,-0.03666885837140098,-0.018669155531620373,0.9707490393555481,0.9851050342851435,1.0,0.989,1.0,True,999,0.0001135410275310278,0.0008738330798223615,near_2x2_bal_strong_500,near_boundary,False,680,2065082011,9.992007221626409e-16,0,0
500,500,0.0032067234214706586,0.0002114370118829756,0.002200612278159042,-0.0008418751280316883,0.002995286409587683,0.0030424874061907303,0.003696629437049104,0.8102749979664503,0.8230436558497588,0.41778214162217975,0.41048316812136176,0.829,0.403,0.394,True,999,0.00011916598305106163,0.0008557080291211605,near_2x2_bal_strong_500,near_boundary,False,681,2065082011,9.992007221626409e-16,0,0
500,500,0.005005538864651937,0.0002727689400684463,0.003999396470874217,-0.0008034429752399319,0.004732769924583491,0.004802839446114149,0.0045910012962637635,1.0308796750798352,1.0461420366016414,0.302597248952416,0.29549545957921475,0.782,0.316,0.312,True,999,0.00011437502689659595,0.0008815421024337411,near_2x2_bal_strong_500,near_boundary,False,682,2065082011,9.992007221626409e-16,0,0
500,500,0.0038624921021697123,0.00014926208861681944,0.0028563705951683005,-0.0009132411352368308,0.003713230013552893,0.0037696117304051313,0.004001252254244632,0.9280169750891868,0.9421079929180246,0.35339876430252115,0.3461373527096959,0.829,0.402,0.391,True,999,0.0001176249934360385,0.0008754159789532423,near_2x2_bal_strong_500,near_boundary,False,683,2065082011,9.992007221626409e-16,0,0
500,500,0.0013658156245301978,7.909579121451182e-05,0.0003597335605718399,-0.0009833279294753083,0.001286719833315686,0.0013430614900471483,0.002404295080278536,0.535175504816414,0.5586092576837763,0.5925285028250717,0.5764284205056212,0.928,0.599,0.585,True,999,0.00011374999303370714,0.0008748749969527125,near_2x2_bal_strong_500,near_boundary,False,684,2065082011,9.992007221626409e-16,0,0
500,500,0.008501859791185673,0.013401168875337044,0.007495593688418012,0.012374901264337268,-0.004899309084151371,-0.004879307575919256,0.009889147130782327,-0.495422812438608,-0.49340024082878176,0.6203016950608922,0.6217298122355723,0.792,0.633,0.634,True,999,0.00012329104356467724,0.0008565000025555491,near_2x2_bal_strong_500,near_boundary,False,685,2065082011,9.992007221626409e-16,0,0
500,500,0.0018754897874588838,0.0012679344848806617,0.0008693938574424465,0.00022111446534722745,0.0006075553025782221,0.000648279392095219,0.0036110965080935658,0.16824676416609355,0.17952424994519744,0.8663891527752774,0.8575260779258478,0.976,0.893,0.885,True,999,0.0001128750154748559,0.000829207943752408,near_2x2_bal_strong_500,near_boundary,False,686,2065082011,9.992007221626409e-16,0,0
500,500,0.003695797089816155,0.0011747259556302847,0.0026896469195776262,0.00012097204174210674,0.0025210711341858705,0.0025686748778355195,0.004460750896716433,0.5651674331426207,0.5758391215538007,0.5719598855802361,0.5647239277209756,0.861,0.591,0.585,True,999,0.00010904204100370407,0.000855583930388093,near_2x2_bal_strong_500,near_boundary,False,687,2065082011,9.992007221626409e-16,0,0
500,500,0.0009837088016210194,0.003821551340631668,-2.240988618495976e-05,0.0027791317063758925,-0.0028378425390106488,-0.0028015415925608522,0.004656427466313625,-0.6094463104044218,-0.6016504311144701,0.5422286497390227,0.5474068519208364,0.864,0.543,0.545,True,999,0.00010862504132091999,0.0008377499179914594,near_2x2_bal_strong_500,near_boundary,False,688,2065082011,9.992007221626409e-16,0,0
500,500,0.007990760063078861,0.001050366253163626,0.006984483939220354,3.623254940521292e-06,0.006940393809915235,0.006980860684279833,0.00602113941353463,1.152671169565391,1.1593919696640624,0.2490453792571976,0.2462964485693805,0.662,0.221,0.221,True,999,0.0001140419626608491,0.0008452499751001596,near_2x2_bal_strong_500,near_boundary,False,689,2065082011,9.992007221626409e-16,0,0
500,500,0.003953100672564158,0.00021144512030080165,0.0029469653460409972,-0.0008646893203660966,0.0037416555522633566,0.003811654666407094,0.004078915126396551,0.9173163540592861,0.9344775628549143,0.358976890041907,0.35005760455166646,0.815,0.349,0.339,True,999,0.00012004096060991287,0.0008880420355126262,near_2x2_bal_strong_500,near_boundary,False,690,2065082011,9.992007221626409e-16,0,0
500,500,0.0005122186571488996,0.003491114277087204,-0.0004938273519314862,0.0024530326918466017,-0.0029788956199383043,-0.002946860043778088,0.0042375615890952205,-0.7029739998597497,-0.6954140917648076,0.4820719527800209,0.4867958318866805,0.802,0.471,0.473,True,999,0.00011537503451108932,0.0008767499821260571,near_2x2_bal_strong_500,near_boundary,False,691,2065082011,9.992007221626409e-16,0,0
500,500,0.004497002454391552,0.0016443491101347796,0.0034908247650378144,0.00060267066530173,0.0028526533442567725,0.0028881540997360844,0.0050140563050682764,0.5689312545958591,0.5760115012702787,0.5694027938932473,0.564607407670902,0.859,0.561,0.555,True,999,0.000114083057269454,0.0008509579347446561,near_2x2_bal_strong_500,near_boundary,False,692,2065082011,9.992007221626409e-16,0,0
500,500,0.005302642735012686,0.00602278120844868,0.00429645677326107,0.004983895268338756,-0.0007201384734359939,-0.0006874384950776857,0.007058373063440961,-0.10202612797076016,-0.09739333539031714,0.9187359361730679,0.9224140371572072,0.958,0.906,0.925,True,999,0.00011487503070384264,0.0008737079333513975,near_2x2_bal_strong_500,near_boundary,False,693,2065082011,9.992007221626409e-16,0,0
500,500,0.001917106877088015,0.00279378646591788,0.0009109990667752754,0.0017393554437035164,-0.0008766795888298651,-0.0008283563769282409,0.004547925685029797,-0.19276471287021948,-0.18213938272010566,0.847143240183644,0.8554733426814053,0.958,0.854,0.862,True,999,0.0001154579222202301,0.0008523330325260758,near_2x2_bal_strong_500,near_boundary,False,694,2065082011,9.992007221626409e-16,0,0
500,500,0.002870890820630634,0.010592401851344191,0.0018647905797593012,0.009558779949855989,-0.007721511030713557,-0.007693989370096688,0.007971424286009068,-0.9686488579294239,-0.9651963180031307,0.3327204173843026,0.3344464908228735,0.657,0.341,0.343,True,999,0.00011491694021970034,0.0008625839836895466,near_2x2_bal_strong_500,near_boundary,False,695,2065082011,9.992007221626409e-16,0,0
500,500,0.0015274907065940813,0.0008427069974044632,0.0005214136986069207,-0.00020394628285202998,0.0006847837091896181,0.0007253599814589506,0.0031188068097632803,0.2195659272789627,0.2325761182732591,0.8262092299334716,0.816090573673217,0.952,0.809,0.795,True,999,0.0001140419626608491,0.0008534579537808895,near_2x2_bal_strong_500,near_boundary,False,696,2065082011,9.992007221626409e-16,0,0
500,500,0.00039118636328283607,0.0028071387390428693,-0.0006148555506229059,0.0017597335142056636,-0.002415952375760033,-0.0023745890648285695,0.003803428413281108,-0.6352038511685464,-0.6243285811655596,0.5252954718499591,0.5324118174472618,0.871,0.553,0.554,True,999,0.00011370796710252762,0.0008591669611632824,near_2x2_bal_strong_500,near_boundary,False,697,2065082011,9.992007221626409e-16,0,0
500,500,0.00066283115105914,0.0006267111840772555,-0.00034322620751936483,-0.0004362181275041621,3.611996698188458e-05,9.299191998479728e-05,0.0023146763324326997,0.015604759281364787,0.040174912873051145,0.987549708788386,0.9679536781055599,1.0,1.0,0.999,True,999,0.00011687504593282938,0.0008549580816179514,near_2x2_bal_strong_500,near_boundary,False,698,2065082011,9.992007221626409e-16,0,0
500,500,0.006606717062124234,6.460518614082034e-06,0.005600519605934551,-0.001069418187029214,0.006600256543510152,0.006669937792963765,0.00512665018447843,1.2874403959710863,1.3010323608889542,0.197940831969052,0.1932473780949101,0.697,0.198,0.191,True,999,0.0001378749730065465,0.0008472499903291464,near_2x2_bal_strong_500,near_boundary,False,699,2065082011,9.992007221626409e-16,0,0
500,500,0.008194868947043688,2.2472533030337694e-05,0.007188652028503384,-0.0010534082406650214,0.00817239641401335,0.008242060269168405,0.005709856074671106,1.4312788811378383,1.443479513560796,0.1523503040741344,0.14888543942645976,0.63,0.163,0.16,True,999,0.00012000009883195162,0.0008704999927431345,near_2x2_bal_strong_500,near_boundary,False,700,2065082011,9.992007221626409e-16,0,0
500,500,4.157093218215557e-06,0.007360809011697944,-0.0010018950865173792,0.006324974029297437,-0.0073566519184797285,-0.007326869115814816,0.005940595592322516,-1.2383694200607243,-1.2333559829058027,0.21557911405324237,0.21744297968913007,0.581,0.23,0.23,True,999,0.0001140000531449914,0.0009134999709203839,near_2x2_bal_strong_500,near_boundary,False,701,2065082011,9.992007221626409e-16,0,0
500,500,5.4437310614829926e-06,0.0011830570525909745,-0.0010006069555288377,-4.512042437454511e-05,-0.0011776133215294915,-0.0009554865311542926,0.0019857551466485757,-0.5930304768525909,-0.4811703662291389,0.553160756178357,0.6303954204058777,0.913,0.541,0.624,True,999,0.00011970906052738428,0.0008434170158579946,near_2x2_bal_strong_500,near_boundary,False,702,2065082011,9.992007221626409e-16,0,0
500,500,0.004182156472550602,0.0015375141615076027,0.0031760167339029977,0.0004740060462609108,0.0026446423110429995,0.002702010687642087,0.004860220129403701,0.5441404382166266,0.5559440962962301,0.5863448350352704,0.5782490720162613,0.891,0.595,0.587,True,999,0.00011599995195865631,0.0008291250560432673,near_2x2_bal_strong_500,near_boundary,False,703,2065082011,9.992007221626409e-16,0,0
500,500,0.0006460110132152641,0.0009496641673858441,-0.00036003792456540396,-0.00012698854985160324,-0.00030365315417058003,-0.00023304937471380072,0.002612252166734561,-0.11624189962876397,-0.0892139655128025,0.9074608307078289,0.9289118667608075,0.965,0.898,0.962,True,999,0.0001157920341938734,0.0008573749801144004,near_2x2_bal_strong_500,near_boundary,False,704,2065082011,9.992007221626409e-16,0,0
500,500,0.00802597968553731,0.00451777763385669,0.0070196898471976965,0.003469749662826871,0.00350820205168062,0.0035499401843708256,0.007312536276920632,0.4797517467028488,0.4854594972164342,0.631403927793396,0.6273504367195265,0.839,0.609,0.605,True,999,0.00011508294846862555,0.0008365419926121831,near_2x2_bal_strong_500,near_boundary,False,705,2065082011,9.992007221626409e-16,0,0
500,500,0.00016149100868534383,0.001261525379161299,-0.0008445784355899377,0.00020776284463863703,-0.0011000343704759552,-0.0010523412802285748,0.002494564423649271,-0.44097252411975274,-0.42185371933153615,0.6592328882988492,0.6731317925402791,0.943,0.655,0.682,True,999,0.00011908402666449547,0.000848833005875349,near_2x2_bal_strong_500,near_boundary,False,706,2065082011,9.992007221626409e-16,0,0
500,500,0.0011804462468694155,0.0027997968734147505,0.00017436955278071764,0.0016646812713929648,-0.001619350626545335,-0.0014903117186122472,0.0037076143191885173,-0.43676350535288716,-0.4019597483209717,0.6622828682973063,0.6877136497300103,0.877,0.676,0.676,True,999,0.00011529098264873028,0.0008999999845400453,near_2x2_bal_strong_500,near_boundary,False,707,2065082011,9.992007221626409e-16,0,0
500,500,0.004497528851503008,0.005168676058990018,0.0034913287192921416,0.004130074530223737,-0.0006711472074870106,-0.0006387458109315958,0.006496414992850218,-0.10331039630714133,-0.09832281521956071,0.9177166247116952,0.9216759620309432,0.971,0.91,0.914,True,999,0.00011516700033098459,0.0008669169619679451,near_2x2_bal_strong_500,near_boundary,False,708,2065082011,9.992007221626409e-16,0,0
500,500,0.0021064376315338418,0.006880316415678933,0.0011003116791243883,0.005844725374259951,-0.004773878784145091,-0.004744413695135563,0.006417679191532323,-0.7438637304344987,-0.7392724929902205,0.45695891968911195,0.4597415487977906,0.769,0.446,0.451,True,999,0.00011483300477266312,0.0008559999987483025,near_2x2_bal_strong_500,near_boundary,False,709,2065082011,9.992007221626409e-16,0,0
500,500,0.0002892277717995162,0.0063045651405783665,-0.0007168126777514772,0.005274488391307841,-0.00601533736877885,-0.005991301069059318,0.005502333619230049,-1.0932338504077452,-1.0888654675754996,0.2742911381659513,0.276213216370536,0.667,0.303,0.308,True,999,0.0001801669131964445,0.0008545420132577419,near_2x2_bal_strong_500,near_boundary,False,710,2065082011,9.992007221626409e-16,0,0
500,500,0.001569727104972718,0.0005900627941157754,0.0005636554983539099,-0.00045648878213455646,0.0009796643108569425,0.0010201442804884664,0.002962501733618246,0.33068818145818646,0.34435229823224944,0.740880030359232,0.7305813580894633,0.941,0.735,0.728,True,999,0.00011825002729892731,0.0008412089664489031,near_2x2_bal_strong_500,near_boundary,False,711,2065082011,9.992007221626409e-16,0,0
500,500,2.190229966025914e-05,0.0012451061404141761,-0.00098419605279787,0.00020357759510147844,-0.001223203840753917,-0.0011877736478993484,0.002343574510253683,-0.521939385926121,-0.5068213716707375,0.6017125343556126,0.612280159404412,0.907,0.59,0.601,True,999,0.00011766701936721802,0.0008523330325260758,near_2x2_bal_strong_500,near_boundary,False,712,2065082011,9.992007221626409e-16,0,0
500,500,0.009299406183434167,0.0024157007508721073,0.008293165800068891,0.0013517609107935868,0.0068837054325620595,0.006941404889275304,0.006940593769225152,0.9918035346031434,1.0001168660891449,0.32129337310984807,0.3172539548231492,0.723,0.337,0.333,True,999,0.00011545896995812654,0.0008483750279992819,near_2x2_bal_strong_500,near_boundary,False,713,2065082011,9.992007221626409e-16,0,0
500,500,0.001643280668565228,0.0018944424953257766,0.000637186507901788,0.0008473025976343251,-0.00025116182676054866,-0.00021011608973253715,0.003877702458252265,-0.06477078359275426,-0.054185717443426394,0.9483565039030475,0.9567871997958325,0.993,0.961,0.971,True,999,0.00011462497059255838,0.0008488749153912067,near_2x2_bal_strong_500,near_boundary,False,714,2065082011,9.992007221626409e-16,0,0
500,500,0.00029095636890863474,4.303890807944022e-05,-0.0007150894035135025,-0.001032666079225919,0.0002479174608291945,0.00031757667571241655,0.001154106492839632,0.21481333167028957,0.27517103290098655,0.8299128583630897,0.7831848406118249,0.986,0.824,0.771,True,999,0.00011745805386453867,0.0008569580968469381,near_2x2_bal_strong_500,near_boundary,False,715,2065082011,9.992007221626409e-16,0,0
500,500,0.001147033052896207,0.0002549728454103728,0.00014096486950165854,-0.0008211895803071911,0.0008920602074858341,0.0009621544498088497,0.002379265018971953,0.37493099775462624,0.40439145792366715,0.7077117849913228,0.6859248806692675,0.945,0.701,0.7,True,999,0.00011549994815140963,0.0008800000650808215,near_2x2_bal_strong_500,near_boundary,False,716,2065082011,9.992007221626409e-16,0,0
500,500,0.0028799117795998974,0.000388529963134987,0.0018738130718247703,-0.0006648370215600607,0.0024913818164649104,0.002538650093384831,0.003623051530066487,0.6876473590810868,0.7006938963791784,0.4916748770414002,0.483494065959856,0.874,0.511,0.499,True,999,0.00011641706805676222,0.0008678749436512589,near_2x2_bal_strong_500,near_boundary,False,717,2065082011,9.992007221626409e-16,0,0
500,500,0.016678495397392412,0.002848550601015909,0.015672040397532783,0.0018010966032591114,0.013829944796376503,0.013870943794273671,0.00886921752639175,1.5593196079838305,1.5639422252299595,0.11892075309814606,0.11783113701529051,0.49,0.117,0.116,True,999,0.00011499994434416294,0.0008780829375609756,near_2x2_bal_strong_500,near_boundary,False,718,2065082011,9.992007221626409e-16,0,0
500,500,0.00020596552669005508,1.3366979395079692e-05,-0.0008000778856853685,-0.0010837033219672776,0.00019259854729497539,0.00028362543628190906,0.0009361641950811767,0.20573158886756482,0.3029654816667234,0.8370005819964836,0.7619161676742688,0.992,0.861,0.782,True,999,0.00011491705663502216,0.000848500058054924,near_2x2_bal_strong_500,near_boundary,False,719,2065082011,9.992007221626409e-16,0,0
500,500,0.0003793782923782185,0.001331435155262961,-0.0006266764198699093,0.0002544924364826784,-0.0009520568628847426,-0.0008811688563525877,0.0027555014914246575,-0.34551128563988087,-0.3197852946532078,0.7297100273697691,0.7491310959046249,0.95,0.741,0.756,True,999,0.00011479202657938004,0.0008547919569537044,near_2x2_bal_strong_500,near_boundary,False,720,2065082011,9.992007221626409e-16,0,0
500,500,0.00027464011550903944,0.0027901751421980925,-0.0007314509879279285,0.0017481047756007229,-0.002515535026689053,-0.0024795557635286514,0.0037090540255746945,-0.6782147171068199,-0.668514329106991,0.49763556254641483,0.5038053383366776,0.863,0.491,0.495,True,999,0.00012520910240709782,0.0008710419060662389,near_2x2_bal_strong_500,near_boundary,False,721,2065082011,9.992007221626409e-16,0,0
500,500,0.0002843720978197295,0.00035220286394033185,-0.0007216826392664188,-0.0007010904382127592,-6.783076612060235e-05,-2.0592201053659664e-05,0.0016186508739639005,-0.041905742128623545,-0.012721829879986163,0.9665738388641576,0.9898497221495481,0.994,0.965,0.991,True,999,0.00012075004633516073,0.0008540000999346375,near_2x2_bal_strong_500,near_boundary,False,722,2065082011,9.992007221626409e-16,0,0
500,500,0.004377431848024083,0.0021729545429220454,0.0033712595293309278,0.0011352796495316397,0.002204477305102037,0.002235979879799288,0.005200381822477764,0.4239068169136273,0.4299645595511172,0.6716337724282659,0.6672214217338734,0.884,0.696,0.691,True,999,0.00011783302761614323,0.00082633295096457,near_2x2_bal_strong_500,near_boundary,False,723,2065082011,9.992007221626409e-16,0,0
500,500,0.00033619031063791827,0.0015687061487798526,-0.0006699721804466208,0.000514754277872953,-0.0012325158381419343,-0.0011847264583195738,0.002892029571788768,-0.42617677570274737,-0.40965226285248557,0.6699790390685458,0.6820610529426578,0.933,0.683,0.691,True,999,0.0001145839923992753,0.0008744590450078249,near_2x2_bal_strong_500,near_boundary,False,724,2065082011,9.992007221626409e-16,0,0
500,500,0.004304206891447393,1.2470344965043179e-05,0.003298033300325187,-0.0010499607155622925,0.00429173654648235,0.00434799401588748,0.004147259808471274,1.034836674016893,1.0484016475182438,0.30074519256904064,0.2944535948150624,0.798,0.281,0.276,True,999,0.00011495803482830524,0.000857125036418438,near_2x2_bal_strong_500,near_boundary,False,725,2065082011,9.992007221626409e-16,0,0
500,500,0.0036387937118997904,0.015450608047562708,0.002632657612480216,0.014420123110596705,-0.011811814335662918,-0.01178746549811649,0.00956472516604534,-1.2349350483790917,-1.2323893570890934,0.2168546781705062,0.21780367465282413,0.484,0.196,0.197,True,999,0.00011454196646809578,0.0008932920172810555,near_2x2_bal_strong_500,near_boundary,False,726,2065082011,9.992007221626409e-16,0,0
500,500,0.00032323837721204285,0.0009489714163880003,-0.0006828441080983794,-9.773357206199762e-05,-0.0006257330391759575,-0.0005851105360363817,0.0023226919824865548,-0.2693999221136846,-0.25191051609434345,0.7876219460906226,0.8011102309974233,0.955,0.794,0.805,True,999,0.00011475000064820051,0.0008502500131726265,near_2x2_bal_strong_500,near_boundary,False,727,2065082011,9.992007221626409e-16,0,0
500,500,0.0005233932598293078,0.001369519005542219,-0.0004826589620847699,0.0003062854311792762,-0.0008461257457129112,-0.0007889443932640461,0.0028728392962291947,-0.29452595793419817,-0.27462183293704995,0.7683560310127867,0.7836067907788944,0.952,0.771,0.797,True,999,0.000114083057269454,0.000863624969497323,near_2x2_bal_strong_500,near_boundary,False,728,2065082011,9.992007221626409e-16,0,0
500,500,0.00838534921730194,0.0002604761671514688,0.007379086927414846,-0.0008363500581083372,0.008124873050150472,0.008215436985523183,0.005850786076598751,1.388680588177259,1.4041595228344221,0.16492989956677384,0.16027135213043786,0.588,0.155,0.15,True,999,0.00011362507939338684,0.000855417107231915,near_2x2_bal_strong_500,near_boundary,False,729,2065082011,9.992007221626409e-16,0,0
500,500,0.0023882210037213802,0.0015281080086985699,0.0013819950325455466,0.00048118097467408916,0.0008601129950228104,0.0009008140578714574,0.004035436689081895,0.21314000473601663,0.22322591760853577,0.8312177621997157,0.8233596814794409,0.961,0.836,0.827,True,999,0.00011341692879796028,0.0008525419980287552,near_2x2_bal_strong_500,near_boundary,False,730,2065082011,9.992007221626409e-16,0,0
500,500,0.0001235585700127828,0.011966402007549781,-0.0008825345982472754,0.010929316080535045,-0.011842843437536998,-0.01181185067878232,0.007827314353032114,-1.5130149248380915,-1.5090553599916035,0.1302758678186242,0.1312846360531559,0.451,0.132,0.132,True,999,0.00011308304965496063,0.000851707998663187,near_2x2_bal_strong_500,near_boundary,False,731,2065082011,9.992007221626409e-16,0,0
500,500,4.153721655064668e-05,0.000256790891967007,-0.0009645430071714145,-0.000796465919648881,-0.0002152536754163603,-0.00016807708752253347,0.0011130585950735704,-0.19338934748725659,-0.15100470744886885,0.8466540574402888,0.8799720024757907,0.99,0.83,0.87,True,999,0.00011608307249844074,0.000868041068315506,near_2x2_bal_strong_500,near_boundary,False,732,2065082011,9.992007221626409e-16,0,0
500,500,0.0013639240043833434,0.007038431127062483,0.00035778429463562134,0.006005754919954143,-0.00567450712267914,-0.005647970625318521,0.0062155264554093256,-0.9129567967232541,-0.9086874081926134,0.36126526414469395,0.3635151526966022,0.741,0.375,0.379,True,999,0.00013079203199595213,0.0008465839782729745,near_2x2_bal_strong_500,near_boundary,False,733,2065082011,9.992007221626409e-16,0,0
500,500,0.0003145128734464153,0.0022210890624839164,-0.0006915635046311763,0.0011669434923362587,-0.001906576189037501,-0.001858506996967435,0.003381332374819326,-0.5638535280458415,-0.5496374774652966,0.5728538192064057,0.5825680481128713,0.875,0.544,0.554,True,999,0.00011945806909352541,0.0008689580718055367,near_2x2_bal_strong_500,near_boundary,False,734,2065082011,9.992007221626409e-16,0,0
500,500,0.0004663414859306103,0.004761117343050736,-0.000539816771720325,0.003722571291177701,-0.0042947758571201256,-0.004262388062898026,0.004907000852101334,-0.8752343817672186,-0.8686340580260417,0.38144638931982267,0.38504731976769446,0.77,0.391,0.394,True,999,0.0001133340410888195,0.0008902079425752163,near_2x2_bal_strong_500,near_boundary,False,735,2065082011,9.992007221626409e-16,0,0
500,500,0.002040746765507029,0.004043877701712439,0.0010346677069037469,0.0029960261065298255,-0.0020031309362054106,-0.0019613583996260786,0.005226182369767155,-0.38328760737345974,-0.3752946722587226,0.7015065268430731,0.7074413280047307,0.926,0.699,0.699,True,999,0.00011566700413823128,0.0008328749099746346,near_2x2_bal_strong_500,near_boundary,False,736,2065082011,9.992007221626409e-16,0,0
500,500,0.0008208321175700029,0.007976536102299925,-0.0001852786966765052,0.006948156541767503,-0.007155703984729922,-0.007133435238444008,0.006361179669308689,-1.1249020396727105,-1.1214013137942456,0.2606305475721338,0.262117077174259,0.587,0.267,0.269,True,999,0.00011308304965496063,0.0008576249238103628,near_2x2_bal_strong_500,near_boundary,False,737,2065082011,9.992007221626409e-16,0,0
500,500,0.007824771902636196,7.854230402437601e-05,0.006818545201838333,-0.000983879225941564,0.00774622959861182,0.007802424427779897,0.005600992591193495,1.383010149092378,1.3930431616795456,0.16666175396782723,0.16360673912773438,0.638,0.161,0.155,True,999,0.00011175009422004223,0.0008565830066800117,near_2x2_bal_strong_500,near_boundary,False,738,2065082011,9.992007221626409e-16,0,0
500,500,0.008735351097398758,0.008624826290784648,0.007729099403661621,0.007596323242466951,0.00011052480661410957,0.00013277616119466984,0.008667306024407573,0.012751921566270547,0.015319196163232894,0.9898257144050974,0.9877775279563984,0.994,0.991,0.988,True,999,0.00011416699271649122,0.0008466659346595407,near_2x2_bal_strong_500,near_boundary,False,739,2065082011,9.992007221626409e-16,0,0
500,500,0.005453010018659166,0.006363842081627602,0.004446802129109528,0.005324608384682961,-0.0009108320629684363,-0.0008778062555734323,0.007221760712423944,-0.12612326816665193,-0.1215501718387456,0.8996343492081259,0.903255277878328,0.967,0.9,0.903,True,999,0.00011808297131210566,0.0008539999835193157,near_2x2_bal_strong_500,near_boundary,False,740,2065082011,9.992007221626409e-16,0,0
500,500,1.0923098720305724e-05,0.00023611450182758897,-0.0009951723059771211,-0.0008264587105202281,-0.00022519140310728325,-0.00016871359545689302,0.0010165394497704172,-0.22152746079666868,-0.16596856668474258,0.8246817570693271,0.8681816872089285,0.986,0.81,0.857,True,999,0.00014179095160216093,0.0008565420284867287,near_2x2_bal_strong_500,near_boundary,False,741,2065082011,9.992007221626409e-16,0,0
500,500,0.0013663041202341963,0.004506039824760111,0.0003601582175747353,0.0034634026917501615,-0.0031397357045259144,-0.003103244474175426,0.005165984605846704,-0.6077710144494928,-0.6007072631736589,0.543339356085277,0.5480349805565271,0.814,0.525,0.531,True,999,0.00012737500946968794,0.0008756669703871012,near_2x2_bal_strong_500,near_boundary,False,742,2065082011,9.992007221626409e-16,0,0
500,500,0.012704121699563142,0.0016046997077429626,0.011697789667152847,0.0005576763826127262,0.01109942199182018,0.01114011328454012,0.007568945072423094,1.4664424018956252,1.4718184869815374,0.14252780188028105,0.14106989998956787,0.576,0.139,0.138,True,999,0.00011725001968443394,0.0008849169826135039,near_2x2_bal_strong_500,near_boundary,False,743,2065082011,9.992007221626409e-16,0,0
500,500,0.004676211799216956,0.0009605004791394256,0.003670056883208872,-8.642380254286763e-05,0.0037157113200775305,0.0037564806857517397,0.004771341238151039,0.7787561473002967,0.7873007815319091,0.43612337447412886,0.43110581229978906,0.825,0.436,0.428,True,999,0.0001111660385504365,0.0008331249700859189,near_2x2_bal_strong_500,near_boundary,False,744,2065082011,9.992007221626409e-16,0,0
500,500,0.00556338973736159,0.0001696665831514288,0.0045572059043479385,-0.0009064325569738685,0.005393723154210162,0.005463638461321807,0.004778578520752795,1.1287296276049177,1.1433606118626864,0.259011906953616,0.25288889899886813,0.742,0.267,0.259,True,999,0.00010954192839562893,0.0008505000732839108,near_2x2_bal_strong_500,near_boundary,False,745,2065082011,9.992007221626409e-16,0,0
500,500,0.004233213705297945,0.004888488766351007,0.0032270867274064585,0.003849986590893195,-0.0006552750610530622,-0.0006228998634867366,0.006303560836052117,-0.10395315887257417,-0.09881714156293527,0.9172065209021646,0.9212834581086997,0.968,0.92,0.922,True,999,0.000114459078758955,0.0008290000259876251,near_2x2_bal_strong_500,near_boundary,False,746,2065082011,9.992007221626409e-16,0,0
500,500,0.003142346532048701,0.0010502199671804657,0.0021361759334013186,-3.462992395952824e-06,0.0020921265648682352,0.0021396389257972714,0.004138868382053934,0.5054827483617652,0.5169623018394861,0.6132198123698123,0.6051824750362287,0.866,0.61,0.601,True,999,0.00011383299715816975,0.0008354169549420476,near_2x2_bal_strong_500,near_boundary,False,747,2065082011,9.992007221626409e-16,0,0
500,500,0.007608248301337328,0.004143903205564792,0.006602030179635676,0.003109088124944037,0.0034643450957725364,0.003492942054691639,0.007008793342788501,0.4942855248167755,0.4983656792057655,0.6211045465163578,0.6182263226204188,0.84,0.621,0.618,True,999,0.00011566700413823128,0.000837916973978281,near_2x2_bal_strong_500,near_boundary,False,748,2065082011,9.992007221626409e-16,0,0
500,500,0.004219031371071491,0.001520647091993843,0.003212845691223265,0.0003854049219569333,0.002698384279077648,0.0028274407692663317,0.004687172780812166,0.5756955003075623,0.6032294736052827,0.5648210173195292,0.5463560429899406,0.878,0.555,0.541,True,999,0.00011545803863555193,0.0008758750045672059,near_2x2_bal_strong_500,near_boundary,False,749,2065082011,9.992007221626409e-16,0,0
500,500,0.0021034051812465204,0.002284144410677924,0.0010973114043508758,0.0012369266754319597,-0.00018073922943140364,-0.00013961527108108385,0.004328978258660961,-0.04175101343366641,-0.03225132184523135,0.9666971865482749,0.9742716285295017,0.993,0.973,0.975,True,999,0.00011562509462237358,0.00086041702888906,near_2x2_bal_strong_500,near_boundary,False,750,2065082011,9.992007221626409e-16,0,0
500,500,0.00029488668334320955,0.0053445328482041865,-0.000711182351892603,0.004305937550384442,-0.005049646164860977,-0.005017119902277045,0.005137452801446557,-0.982908526855788,-0.9765773226888567,0.3256524608035227,0.32877845048417753,0.726,0.32,0.323,True,999,0.00011904200073331594,0.0008564590243622661,near_2x2_bal_strong_500,near_boundary,False,751,2065082011,9.992007221626409e-16,0,0
500,500,0.0019275112449355092,0.002464134697176712,0.000921392692362133,0.0013865920517304176,-0.0005366234522412028,-0.0004651993593682846,0.0044208326271055354,-0.12138515467674418,-0.10522890111604744,0.903385974782032,0.9161941782532158,0.98,0.907,0.923,True,999,0.000118291936814785,0.0008759170304983854,near_2x2_bal_strong_500,near_boundary,False,752,2065082011,9.992007221626409e-16,0,0
500,500,0.00471023302353335,1.456772970215292e-05,0.003704053226783799,-0.0010826591927184381,0.004695665293831197,0.004786712419502237,0.004338003764330472,1.0824484138168853,1.103436668004141,0.27905332571697916,0.26983758033818483,0.786,0.306,0.289,True,999,0.0001171668991446495,0.0008207500213757157,near_2x2_bal_strong_500,near_boundary,False,753,2065082011,9.992007221626409e-16,0,0
500,500,0.0008010348258967737,0.0013068469999466537,-0.0002050237483786077,0.00021026795278089594,-0.00050581217404988,-0.00041529170115950365,0.002792477468618412,-0.18113384252304543,-0.14871801324326195,0.85626252144317,0.8817761467931514,0.968,0.864,0.881,True,999,0.00011575000826269388,0.0008487500017508864,near_2x2_bal_strong_500,near_boundary,False,754,2065082011,9.992007221626409e-16,0,0
500,500,0.008054023357374929,2.309859634264111e-05,0.007047780896755285,-0.0010527868872145518,0.008030924761032288,0.008100567783969836,0.005661818302843548,1.4184356211146687,1.430736090542056,0.15606362200043425,0.1525058655583539,0.65,0.169,0.164,True,999,0.00011387490667402744,0.0008538750698789954,near_2x2_bal_strong_500,near_boundary,False,755,2065082011,9.992007221626409e-16,0,0
500,500,0.0058938253210497615,0.0001377028275893477,0.004887644618406739,-0.0009597393682270194,0.005756122493460414,0.0058473839866337585,0.004900177010917007,1.1746764414094557,1.1933005631442473,0.24012418803070035,0.23275168202930963,0.752,0.225,0.222,True,999,0.0001142079709097743,0.0008487909799441695,near_2x2_bal_strong_500,near_boundary,False,756,2065082011,9.992007221626409e-16,0,0
500,500,0.000137548377905361,0.009901119157959992,-0.00086849722970328,0.008872235972575027,-0.009763570780054631,-0.009740733202278307,0.0068988397896774,-1.4152482269067435,-1.4119378764025186,0.15699572894383856,0.1579682539618189,0.446,0.14,0.14,True,999,0.00011741602793335915,0.0008895829087123275,near_2x2_bal_strong_500,near_boundary,False,757,2065082011,9.992007221626409e-16,0,0
500,500,0.0008772797815818079,0.0025148343324554734,-0.00012880961782002487,0.0014727932889400108,-0.0016375545508736655,-0.0016016029067600357,0.0038512971369907027,-0.4251955880384772,-0.4158606437755888,0.6706941001674193,0.6775119797826072,0.904,0.675,0.68,True,999,0.00011550006456673145,0.0008471249602735043,near_2x2_bal_strong_500,near_boundary,False,758,2065082011,9.992007221626409e-16,0,0
500,500,0.00844839521369245,0.0006386593567591081,0.007442146777350445,-0.0004027219700617479,0.007809735856933342,0.007844868747412193,0.006018677153226494,1.2975834486730522,1.303420759694132,0.19443051269167455,0.19243115291719104,0.64,0.203,0.2,True,999,0.00012570805847644806,0.0008535410743206739,near_2x2_bal_strong_500,near_boundary,False,759,2065082011,9.992007221626409e-16,0,0
500,500,0.003548667224338886,0.0008093629307774353,0.0025425177689726297,-0.00024470579268154324,0.002739304293561451,0.002787223561654173,0.004199971143336826,0.6522197891543385,0.6636292170902293,0.5142593956409013,0.5069276526897962,0.865,0.529,0.525,True,999,0.00011391600128263235,0.0008565830066800117,near_2x2_bal_strong_500,near_boundary,False,760,2065082011,9.992007221626409e-16,0,0
500,500,0.00012803824667950714,0.012192350909423277,-0.0008779994475958119,0.011155019394550436,-0.01206431266274377,-0.012033018842146248,0.007906970838837122,-1.5257818586463976,-1.5218241077914414,0.1270642001340337,0.1280531591800659,0.408,0.122,0.122,True,999,0.00011791603174060583,0.0008660419844090939,near_2x2_bal_strong_500,near_boundary,False,761,2065082011,9.992007221626409e-16,0,0
500,500,0.00122863767739545,0.0034818076112513308,0.00022246705117368037,0.0024499707232337187,-0.002253169933855881,-0.0022275036720600383,0.0045249767471396045,-0.4979406657239041,-0.4922685345218892,0.6185258636017019,0.6225295209216967,0.854,0.606,0.611,True,999,0.00011379097122699022,0.0008507500169798732,near_2x2_bal_strong_500,near_boundary,False,762,2065082011,9.992007221626409e-16,0,0
500,500,0.00019071106629020562,2.670781988683979e-05,-0.0008153334376856947,-0.0010707188408218826,0.00016400324640336583,0.00025538540313618796,0.0009336609385510972,0.17565610772779514,0.2735312066632113,0.8605641199969561,0.784444907189421,0.994,0.842,0.77,True,999,0.00011374999303370714,0.000849416945129633,near_2x2_bal_strong_500,near_boundary,False,763,2065082011,9.992007221626409e-16,0,0
500,500,0.0006470388792496617,0.00279378646591788,-0.00035900855908721496,0.0017393554437035164,-0.0021467475866682184,-0.0020983640027907313,0.003951595017801216,-0.5432610318105756,-0.5310169674113829,0.5869500904374549,0.5954070213485179,0.883,0.579,0.602,True,999,0.00011324998922646046,0.0008420000085607171,near_2x2_bal_strong_500,near_boundary,False,764,2065082011,9.992007221626409e-16,0,0
500,500,0.00033406051205975285,0.00016147967477098124,-0.0006720156119968124,-0.0009145926791802594,0.0001725808372887716,0.00024257706718344707,0.0014179378786296699,0.12171255164969426,0.17107735877532204,0.9031266723685267,0.8641629384867102,0.985,0.902,0.868,True,999,0.00011900009121745825,0.0008693330455571413,near_2x2_bal_strong_500,near_boundary,False,765,2065082011,9.992007221626409e-16,0,0
500,500,0.004329426626433319,0.002716390642443889,0.0033232802991847166,0.0016742640172253687,0.0016130359839894304,0.001649016281959348,0.005434689824661668,0.2968036881644572,0.3034241760176269,0.7666163895426336,0.7615666237702292,0.922,0.754,0.751,True,999,0.00011812499724328518,0.0008932499913498759,near_2x2_bal_strong_500,near_boundary,False,766,2065082011,9.992007221626409e-16,0,0
500,500,0.0015534876903934292,0.00967598300905853,0.0005474081900160854,0.008644874935811231,-0.008122495318665102,-0.008097466745795145,0.007251367699480074,-1.1201328708303522,-1.1166813050144648,0.2626571449495724,0.26413061404952665,0.597,0.245,0.246,True,999,0.00011566700413823128,0.0008590000215917826,near_2x2_bal_strong_500,near_boundary,False,767,2065082011,9.992007221626409e-16,0,0
500,500,0.0016347964338524479,0.00042666827006071495,0.0006286743347345691,-0.0006360644096048418,0.001208128163791733,0.001264738744339411,0.002889343098749186,0.41813246904278656,0.43772535871109386,0.6758502667850641,0.6615853845066277,0.925,0.66,0.645,True,999,0.00011437502689659595,0.0008493330096825957,near_2x2_bal_strong_500,near_boundary,False,768,2065082011,9.992007221626409e-16,0,0
500,500,0.0002998464394156075,0.003502289935639946,-0.0007062195163598517,0.0024673757717152967,-0.0032024434962243387,-0.0031735952880751483,0.004119937366275377,-0.7773039275884679,-0.770301828870819,0.4369794783710771,0.4411208717718089,0.776,0.432,0.434,True,999,0.00014849996659904718,0.0008402089588344097,near_2x2_bal_strong_500,near_boundary,False,769,2065082011,9.992007221626409e-16,0,0
500,500,0.0007121719955620609,0.006115942561149501,-0.00029390964374442774,0.0050831823054124925,-0.00540377056558744,-0.00537709194915692,0.005591013890089886,-0.9665099518292494,-0.9617382562200133,0.3337890695679654,0.33618110022356495,0.699,0.315,0.322,True,999,0.0001141249667853117,0.000816499930806458,near_2x2_bal_strong_500,near_boundary,False,770,2065082011,9.992007221626409e-16,0,0
500,500,0.001986887028249229,0.012698357667058735,0.0009807687910665663,0.011670746749587124,-0.010711470638809506,-0.010689977958520558,0.008312690533391062,-1.2885684359092688,-1.2859829095742497,0.1975481626492731,0.19844902626747307,0.516,0.209,0.209,True,999,0.0001117499778047204,0.0008477920200675726,near_2x2_bal_strong_500,near_boundary,False,771,2065082011,9.992007221626409e-16,0,0
500,500,0.0026043535693595077,0.0006634045745644856,0.0015982611434424143,-0.0003994854290283456,0.001940948994795022,0.00199774657247076,0.0036420254418131153,0.5329312015538135,0.5485262539726298,0.5940812055836073,0.5833306072761916,0.911,0.598,0.58,True,999,0.00010958302300423384,0.0008430000161752105,near_2x2_bal_strong_500,near_boundary,False,772,2065082011,9.992007221626409e-16,0,0
500,500,0.0018938012466479526,1.512399121988972e-05,0.0008876882990875856,-0.001082108640957813,0.0018786772554280629,0.0019697969400453985,0.0027611187933099662,0.6804043563717689,0.7134053575739314,0.4962484633915881,0.47559495879638003,0.894,0.482,0.47,True,999,0.00011233403347432613,0.000863624969497323,near_2x2_bal_strong_500,near_boundary,False,773,2065082011,9.992007221626409e-16,0,0
500,500,0.0037459965888420044,0.00999655135986438,0.002739851332364651,0.008965606795953818,-0.006250554771022376,-0.0062257554635891665,0.007943315136402484,-0.7868949756729964,-0.7837729407282212,0.43134334896103765,0.43317335413446423,0.71,0.448,0.448,True,999,0.00011358305346220732,0.0008685000939294696,near_2x2_bal_strong_500,near_boundary,False,774,2065082011,9.992007221626409e-16,0,0
500,500,6.797507153855076e-05,0.006755513775943411,-0.0009380753389223173,0.005712063783960275,-0.006687538704404861,-0.006650139122882592,0.0057818287839565274,-1.1566476549706046,-1.1501791857509618,0.2474163438696082,0.25007007718817287,0.604,0.233,0.238,True,999,0.00012116599828004837,0.000891083967871964,near_2x2_bal_strong_500,near_boundary,False,775,2065082011,9.992007221626409e-16,0,0
500,500,0.00040045168860813884,0.0009628992432588745,-0.0006055960436128771,-8.382509980719988e-05,-0.0005624475546507357,-0.0005217709438056772,0.0024012519255053465,-0.23423096455502807,-0.2172912130808057,0.8148056773197634,0.8279814044611253,0.969,0.816,0.836,True,999,0.00012312503531575203,0.0008282499620690942,near_2x2_bal_strong_500,near_boundary,False,776,2065082011,9.992007221626409e-16,0,0
500,500,0.000840971433090032,0.0008036110788572359,-0.00016509921482565915,-0.00024990785598788534,3.7360354232796045e-05,8.48086411622262e-05,0.002615194507621492,0.014285879740079112,0.03242919060707239,0.9886019048185157,0.9741297839872134,0.998,0.989,0.976,True,999,0.00011012493632733822,0.0008951670024544001,near_2x2_bal_strong_500,near_boundary,False,777,2065082011,9.992007221626409e-16,0,0
500,500,0.006425465107711137,0.00030671788409825096,0.005419196611285315,-0.0007465660682441921,0.006118747223612886,0.006165762679529507,0.005180025272582065,1.1812195697189911,1.1902958682778948,0.23751550900525342,0.23393012415396497,0.677,0.248,0.245,True,999,0.0001135410275310278,0.0008174579124897718,near_2x2_bal_strong_500,near_boundary,False,778,2065082011,9.992007221626409e-16,0,0
500,500,0.00019938954863651936,0.0029550341752708764,-0.0008066482288882071,0.0019129272587861124,-0.002755644626634357,-0.0027195754876743194,0.0037761479175067634,-0.7297501810929581,-0.7201983468565882,0.4655429015361806,0.47140288161941846,0.828,0.464,0.464,True,999,0.00011224998161196709,0.0008527919417247176,near_2x2_bal_strong_500,near_boundary,False,779,2065082011,9.992007221626409e-16,0,0
500,500,0.0060435657264240605,0.004506039824760111,0.005037348218081661,0.0034634026917501615,0.0015375259016639498,0.0015739455263314994,0.006727913897455551,0.22852936662067436,0.23394257868352838,0.8192347288063955,0.8150295572205156,0.933,0.86,0.851,True,999,0.00011483300477266312,0.0008535409579053521,near_2x2_bal_strong_500,near_boundary,False,780,2065082011,9.992007221626409e-16,0,0
500,500,0.0011293905982295849,0.0068009373424641195,0.00012332383050761564,0.005765417890842173,-0.005671546744234535,-0.005642094060334557,0.006073379151247857,-0.933837095131668,-0.9289876228417772,0.3503879313341812,0.35289550073842557,0.718,0.322,0.33,True,999,0.00011300004553049803,0.0008537910180166364,near_2x2_bal_strong_500,near_boundary,False,781,2065082011,9.992007221626409e-16,0,0
500,500,0.0015561701345596646,0.0005134253972109981,0.000550095203550427,-0.0005399974662623208,0.0010427447373486665,0.0010900926698127478,0.0028983709165914745,0.35976925223047335,0.37610530231745226,0.7190196988061994,0.7068386125641376,0.943,0.739,0.731,True,999,0.00011787505354732275,0.000851667020469904,near_2x2_bal_strong_500,near_boundary,False,782,2065082011,9.992007221626409e-16,0,0
500,500,0.0010597238072080906,0.012685783286083274,5.3625925943379116e-05,0.011656277837204243,-0.011626059478875184,-0.011602651911260864,0.00813046399863396,-1.4299380061000868,-1.4270590108031085,0.15273481267565445,0.15356288596938342,0.445,0.15,0.151,True,999,0.00011520902626216412,0.0008775419555604458,near_2x2_bal_strong_500,near_boundary,False,783,2065082011,9.992007221626409e-16,0,0
500,500,0.006572654480546003,0.001179535660647879,0.0055664311574332714,0.00013798735739101176,0.005393118819898124,0.00542844380004226,0.005588373964954373,0.9650604726382438,0.9713816280164745,0.3345145235896527,0.33135827380272864,0.715,0.331,0.327,True,999,0.00011454103514552116,0.0008708749664947391,near_2x2_bal_strong_500,near_boundary,False,784,2065082011,9.992007221626409e-16,0,0
500,500,0.001342096370730017,0.0010377516933688935,0.00033602797782350535,-8.974239506187587e-06,0.0003043446773611236,0.00034500221732969294,0.003140819282779115,0.09689977358131474,0.10984465716359905,0.9228059886181559,0.9125325740108643,0.993,0.93,0.93,True,999,0.00011441705282777548,0.0008715828880667686,near_2x2_bal_strong_500,near_boundary,False,785,2065082011,9.992007221626409e-16,0,0
500,500,0.004990033582577436,0.0002430373159842958,0.0039838857298946095,-0.0008925421597325567,0.00474699626659314,0.004876427889627166,0.004557070821108691,1.0416770888450317,1.0700794613590794,0.29756141470049335,0.2845835430957353,0.784,0.289,0.277,True,999,0.0001247500767931342,0.0008542080176994205,near_2x2_bal_strong_500,near_boundary,False,786,2065082011,9.992007221626409e-16,0,0
500,500,0.005839698292693152,0.0033297299067305275,0.004833503154884511,0.002297900153791943,0.0025099683859626243,0.002535603001092568,0.006169699159176086,0.4068218435301812,0.4109767649402175,0.6841388422479042,0.6810895721756965,0.893,0.709,0.707,True,999,0.0001165829598903656,0.0008310419507324696,near_2x2_bal_strong_500,near_boundary,False,787,2065082011,9.992007221626409e-16,0,0
500,500,0.000823783914559284,0.004033522120762689,-0.00018227746295451652,0.0029910419677889877,-0.0032097382062034052,-0.003173319430743504,0.004702441150521077,-0.6825685007983001,-0.6748238476927816,0.4948795438595104,0.49978768721180966,0.839,0.489,0.494,True,999,0.00011604209430515766,0.0008503749268129468,near_2x2_bal_strong_500,near_boundary,False,788,2065082011,9.992007221626409e-16,0,0
500,500,0.00018469693158140732,0.0019801432108765282,-0.0008213555308316245,0.0009330258694433269,-0.001795446279295121,-0.0017543814002749514,0.003102218319036625,-0.578762064641758,-0.5655248018842735,0.5627497313038818,0.5717168595237474,0.907,0.593,0.595,True,999,0.00011654198169708252,0.0008480830583721399,near_2x2_bal_strong_500,near_boundary,False,789,2065082011,9.992007221626409e-16,0,0
500,500,0.00873388830474675,0.0016046997077429626,0.007727663532762108,0.0005576763826127262,0.007129188597003788,0.007169987150149382,0.0064607074647230495,1.1034687200946336,1.1097835940257568,0.2698236681245849,0.2670922905526414,0.686,0.294,0.294,True,999,0.00011445803102105856,0.0008594579994678497,near_2x2_bal_strong_500,near_boundary,False,790,2065082011,9.992007221626409e-16,0,0
500,500,0.0007630402227981614,0.00983349922020127,-0.0002430431880497963,0.008810775953008942,-0.009070458997403108,-0.009053819141058739,0.006931636352675149,-1.3085595573550992,-1.3061589905195428,0.19068358788183437,0.19149849557914822,0.529,0.204,0.205,True,999,0.00011620798613876104,0.0008512919303029776,near_2x2_bal_strong_500,near_boundary,False,791,2065082011,9.992007221626409e-16,0,0
500,500,0.0004033570800879849,0.0035906954001808655,-0.0006026944969335091,0.0015903273661024286,-0.0031873383200928807,-0.0021930218630359377,0.00330663854047254,-0.9639209974360818,-0.6632178982352697,0.3350855357699859,0.5071910100651706,0.815,0.34,0.526,True,999,0.00011629099026322365,0.0009077090071514249,near_2x2_bal_strong_500,near_boundary,False,792,2065082011,9.992007221626409e-16,0,0
500,500,0.0021161830819492744,0.000641265493746157,0.0011100834162220963,-0.00042158298236927294,0.0014749175882031174,0.0015316663985913692,0.0033497367318014773,0.44030850968097174,0.45724978445325287,0.6597136782555973,0.647491518537832,0.907,0.638,0.63,True,999,0.0001157920341938734,0.0008747089887037873,near_2x2_bal_strong_500,near_boundary,False,793,2065082011,9.992007221626409e-16,0,0
500,500,0.00270251719760084,0.002284144410677924,0.0016963899928441606,0.0012369266754319597,0.0004183727869229159,0.0004594633174122009,0.0045960795977186535,0.09102818565861713,0.09996852918741089,0.9274701951072146,0.9203693103237094,0.988,0.932,0.923,True,999,0.00011487491428852081,0.0008717500604689121,near_2x2_bal_strong_500,near_boundary,False,794,2065082011,9.992007221626409e-16,0,0
500,500,0.007294471979886641,0.01059407358415293,0.006288265978696472,0.009562630518360038,-0.003299601604266289,-0.0032743645396635657,0.008954734454864789,-0.3684756506066724,-0.36565735769916885,0.7125185979256252,0.714620769306588,0.856,0.721,0.722,True,999,0.00011837505735456944,0.0008287089876830578,near_2x2_bal_strong_500,near_boundary,False,795,2065082011,9.992007221626409e-16,0,0
500,500,0.0012551209791048512,0.001401733632895752,0.00024902871979293195,0.0003548521918617098,-0.00014661265379090072,-0.00010582347206877785,0.0033442506645831854,-0.04384021070656615,-0.03164340316636142,0.9650317743724159,0.9747564299845795,0.991,0.957,0.967,True,999,0.00011975003872066736,0.0008415410993620753,near_2x2_bal_strong_500,near_boundary,False,796,2065082011,9.992007221626409e-16,0,0
500,500,0.012647251077859467,4.946366634484001e-05,0.011640918938724099,-0.0010475240919163298,0.012597787411514627,0.012688443030640428,0.007081857825851578,1.7788817173832165,1.7916828242897789,0.07525915608646036,0.07318378737071435,0.519,0.084,0.083,True,999,0.00012541597243398428,0.0008436249336227775,near_2x2_bal_strong_500,near_boundary,False,797,2065082011,9.992007221626409e-16,0,0
500,500,0.00043196122845234886,0.0013957994016501885,-0.0005741220808772596,0.00034196589291468626,-0.0009638381731978396,-0.0009160879737919458,0.0028163567453304704,-0.34222872325953974,-0.32527412420703555,0.7321787708097058,0.7449736128647483,0.944,0.744,0.748,True,999,0.00011379201896488667,0.000846541952341795,near_2x2_bal_strong_500,near_boundary,False,798,2065082011,9.992007221626409e-16,0,0
500,500,0.0025785670643891923,0.0011567433523624882,0.0015724699662200692,9.358819391991346e-05,0.001421823712026704,0.0014788817723001557,0.003929163464214946,0.36186423012838104,0.3763859115990327,0.7174534912445796,0.7066300182028664,0.957,0.738,0.738,True,999,0.00011904106941074133,0.0008595830295234919,near_2x2_bal_strong_500,near_boundary,False,799,2065082011,9.992007221626409e-16,0,0
500,500,0.0007378440846441681,0.005101396717941242,-0.00026825300955124476,0.004062860106188282,-0.004363552633297074,-0.004331113115739527,0.00518777144994778,-0.8411227586637413,-0.8348696848977654,0.40027916652899753,0.4037910850445734,0.79,0.384,0.393,True,999,0.00011487491428852081,0.0008535420056432486,near_2x2_bal_strong_500,near_boundary,False,800,2065082011,9.992007221626409e-16,0,0
500,500,0.0028647588451249373,0.0013952185572748688,0.0018586344595519222,0.000353404587372097,0.0014695402878500685,0.0015052298721798252,0.004184034783639545,0.3512256383709523,0.3597555828325305,0.7254190772044757,0.7190299219459753,0.921,0.746,0.742,True,999,0.00011475000064820051,0.0008605420589447021,near_2x2_bal_strong_500,near_boundary,False,801,2065082011,9.992007221626409e-16,0,0
500,500,0.0026316031351931723,0.004126207512816837,0.0016254632610070985,0.003091407774917343,-0.001494604377623665,-0.0014659445139102445,0.005415841869677638,-0.2759689838788862,-0.2706771263241296,0.782571888769358,0.7866393708323914,0.914,0.769,0.771,True,999,0.0001141249667853117,0.0008745410013943911,near_2x2_bal_strong_500,near_boundary,False,802,2065082011,9.992007221626409e-16,0,0
500,500,0.0029172234245885553,0.01320655740728871,0.0019111206556203797,0.0121743058045638,-0.010289333982700155,-0.010263185148943421,0.008779893036859901,-1.17192019760415,-1.168941934241834,0.2412290971714196,0.24242702674385663,0.517,0.221,0.223,True,999,0.00012145796790719032,0.0008484580321237445,near_2x2_bal_strong_500,near_boundary,False,803,2065082011,9.992007221626409e-16,0,0
500,500,0.0002202583094950139,0.00428042104958043,-0.000785876674285646,0.0032378486036179766,-0.004060162740085416,-0.0040237252779036226,0.0045776028622961035,-0.8869626444721458,-0.8790027005281409,0.3750990125830531,0.3793998115998525,0.798,0.389,0.396,True,999,0.00010850001126527786,0.0008230000967159867,near_2x2_bal_strong_500,near_boundary,False,804,2065082011,9.992007221626409e-16,0,0
500,500,0.0029236335425467663,7.33131856806013e-05,0.0019175191501972222,-0.001024038809390504,0.002850320356866165,0.002941557959587726,0.0034587832067552457,0.8240818190915492,0.8504603450839756,0.40989306980631723,0.3950691983697969,0.832,0.418,0.398,True,999,0.00010933296289294958,0.0008541659917682409,near_2x2_bal_strong_500,near_boundary,False,805,2065082011,9.992007221626409e-16,0,0
500,500,0.009217900199135598,0.009113439335051932,0.008211656679350199,0.008080194608282909,0.0001044608640836664,0.0001314620710672898,0.008977785113598638,0.011635482779092104,0.01464304050540978,0.9907164374085647,0.9883169615692071,0.993,0.99,0.987,True,999,0.00011470902245491743,0.0008455839706584811,near_2x2_bal_strong_500,near_boundary,False,806,2065082011,9.992007221626409e-16,0,0
500,500,0.0030057897712669757,0.0028820147607034885,0.0019996551862959677,0.0018345210809229684,0.00012377501056348716,0.00016513410537299933,0.005025705898883672,0.024628383167224436,0.03285789274093407,0.9803513796689551,0.9737879113744389,0.995,0.979,0.974,True,999,0.00011516595259308815,0.0008450419409200549,near_2x2_bal_strong_500,near_boundary,False,807,2065082011,9.992007221626409e-16,0,0
500,500,0.00024077534597388706,0.0031402289039792475,-0.000765314376792503,0.0021056441203484155,-0.0028994535580053604,-0.0028709584971409186,0.003877053131177465,-0.7478498384995806,-0.7405001685568868,0.45455073670479895,0.4589965589397066,0.845,0.452,0.46,True,999,0.00011566700413823128,0.0008458750089630485,near_2x2_bal_strong_500,near_boundary,False,808,2065082011,9.992007221626409e-16,0,0
500,500,0.0004641080271091669,1.677533607741255e-05,-0.0005419591940949431,-0.0010803369360417037,0.0004473326910317543,0.0005383777419467606,0.0013862671825835562,0.3226886538553629,0.3883650631788005,0.7469310457717934,0.6977458947129294,0.963,0.74,0.698,True,999,0.0001157090300694108,0.0009029170032590628,near_2x2_bal_strong_500,near_boundary,False,809,2065082011,9.992007221626409e-16,0,0
500,500,0.017080141090017986,0.002626354560877342,0.016073720856240925,0.00159911699287818,0.014453786529140644,0.014474603863362745,0.00886341824769099,1.6307237371886405,1.6330724173073434,0.1029486255718395,0.1024537669248832,0.419,0.081,0.081,True,999,0.00011491694021970034,0.0008725409861654043,near_2x2_bal_strong_500,near_boundary,False,810,2065082011,9.992007221626409e-16,0,0
500,500,0.0015608391256243248,0.0025751592231518794,0.0005547345360810141,0.0015208541236404471,-0.0010143200975275546,-0.0009661195875594331,0.004262076151614263,-0.2379873238875332,-0.22667816181405273,0.8118909258592351,0.820674009469352,0.958,0.823,0.83,True,999,0.00011379201896488667,0.0008682080078870058,near_2x2_bal_strong_500,near_boundary,False,811,2065082011,9.992007221626409e-16,0,0
500,500,0.015810436459615995,0.007360362671494591,0.014803995329373265,0.006327601735875987,0.008450073788121404,0.008476393593497278,0.009854826935536454,0.8574553204633641,0.8601260731359418,0.391193297208031,0.3897195501576668,0.65,0.377,0.374,True,999,0.00011458294466137886,0.0008462079567834735,near_2x2_bal_strong_500,near_boundary,False,812,2065082011,9.992007221626409e-16,0,0
500,500,0.0008053521131567987,9.624327809870659e-05,-0.00020070491035539817,-0.0009568907472612409,0.0007091088350580921,0.0007561858369058427,0.001901051355832169,0.37300877374124686,0.39777244027940994,0.7091419139672923,0.6907979340462682,0.94,0.693,0.693,True,999,0.00012041593436151743,0.0008830419974401593,near_2x2_bal_strong_500,near_boundary,False,813,2065082011,9.992007221626409e-16,0,0
500,500,0.002830446298577094,0.01507413755769721,0.0018243391347709803,0.014043984397460463,-0.012243691259120115,-0.012219645262689482,0.00928950101386253,-1.3180138783395479,-1.3154253650927386,0.1874990020965842,0.18836698544011077,0.485,0.192,0.192,True,999,0.00011741591151803732,0.0008462920086458325,near_2x2_bal_strong_500,near_boundary,False,814,2065082011,9.992007221626409e-16,0,0
500,500,0.0004063264749623041,0.008512795163130249,-0.0005997300007720696,0.007476741663623443,-0.008106468688167945,-0.008076471664395513,0.006563951397500039,-1.2349982803430557,-1.2304283160097034,0.21683114414545235,0.21853675524401106,0.582,0.214,0.215,True,999,0.00011487503070384264,0.0008477499941363931,near_2x2_bal_strong_500,near_boundary,False,815,2065082011,9.992007221626409e-16,0,0
500,500,0.0014085757956542322,0.0015388937150197513,0.0004024782099349977,0.0004919531824896239,-0.00013031791936551906,-8.947497255462622e-05,0.003525866297960787,-0.03696053915626054,-0.02537673439471451,0.970516469418444,0.9797544683945275,0.988,0.968,0.977,True,999,0.00011395802721381187,0.000843833084218204,near_2x2_bal_strong_500,near_boundary,False,816,2065082011,9.992007221626409e-16,0,0
500,500,0.0018310178725955417,0.002271067940873117,0.0008248468045053414,0.001229163664305588,-0.0004400500682775754,-0.0004043168598002467,0.004180906443434456,-0.10525231172503612,-0.09670555064325136,0.9161756024440839,0.9229602317186876,0.982,0.928,0.935,True,999,0.00011454196646809578,0.0008837500354275107,near_2x2_bal_strong_500,near_boundary,False,817,2065082011,9.992007221626409e-16,0,0
500,500,0.00021808252179966736,0.0027675135895790515,-0.0007879710811380392,0.001725467144325421,-0.002549431067779384,-0.00251343822546346,0.003663664126693413,-0.6958692117010017,-0.686044937130175,0.48651074016203955,0.49268477165183266,0.845,0.475,0.479,True,999,0.00011674989946186543,0.0008782499935477972,near_2x2_bal_strong_500,near_boundary,False,818,2065082011,9.992007221626409e-16,0,0
500,500,0.0008811926855841756,0.010580555248409673,-0.00012489025147033317,0.009554833580381228,-0.009699362562825498,-0.009679723831851561,0.007279224142557847,-1.3324720290062724,-1.3297741135980738,0.18270512687966267,0.18359270740386768,0.446,0.162,0.163,True,999,0.00011387502308934927,0.0008879160741344094,near_2x2_bal_strong_500,near_boundary,False,819,2065082011,9.992007221626409e-16,0,0
500,500,0.00036677201244839086,0.004493354137254546,-0.0006393261197104039,0.0034547433385228032,-0.004126582124806155,-0.004094069458233207,0.004723316654865525,-0.8736619681332038,-0.8667785281801665,0.3823023683531922,0.3860633689876667,0.726,0.367,0.371,True,999,0.00012400001287460327,0.0008426669519394636,near_2x2_bal_strong_500,near_boundary,False,820,2065082011,9.992007221626409e-16,0,0
500,500,0.0026210629409538777,0.006727380099840918,0.001614964366069671,0.00569173677888557,-0.004106317158887041,-0.004076772412815899,0.006512499922874244,-0.6305285539373562,-0.6259919326059117,0.5283488269712467,0.531320232837729,0.793,0.508,0.511,True,999,0.00011387502308934927,0.0008373750606551766,near_2x2_bal_strong_500,near_boundary,False,821,2065082011,9.992007221626409e-16,0,0
500,500,0.0005281157407759363,0.0002460179700108367,-0.0004780065565341829,-0.0008003264323122039,0.00028209777076509956,0.000322319875778021,0.0017701947865373148,0.15935973425665328,0.18208158685661494,0.8733854608561524,0.8555186987389163,0.979,0.871,0.857,True,999,0.00011479097884148359,0.000839291955344379,near_2x2_bal_strong_500,near_boundary,False,822,2065082011,9.992007221626409e-16,0,0
500,500,0.0017977202085205368,0.003430814727245657,0.0007916463349602054,0.0023831546409951443,-0.00163309451872512,-0.0015915083060349389,0.00481655842564748,-0.3390583845156174,-0.33042437470713243,0.7345657477892548,0.7410793264774203,0.914,0.69,0.702,True,999,0.00011500006075948477,0.0008453340269625187,near_2x2_bal_strong_500,near_boundary,False,823,2065082011,9.992007221626409e-16,0,0
500,500,3.681698484792051e-05,0.004080630935772378,-0.0009692262334510815,0.0030486791815746983,-0.0040438139509244575,-0.00401790541502578,0.004310455231403846,-0.938140807370699,-0.9321301809965006,0.348172053020126,0.35126925224503835,0.749,0.359,0.364,True,999,0.00011729099787771702,0.0008451670873910189,near_2x2_bal_strong_500,near_boundary,False,824,2065082011,9.992007221626409e-16,0,0
500,500,0.002875869925231034,0.0018328649574604894,0.0018696416993293496,0.0007910860469451109,0.0010430049677705444,0.0010785556523842388,0.004423796457185939,0.2357714641405585,0.24380770291369339,0.8136100122927293,0.807379754267813,0.949,0.819,0.812,True,999,0.00011595804244279861,0.0008494999492540956,near_2x2_bal_strong_500,near_boundary,False,825,2065082011,9.992007221626409e-16,0,0
500,500,0.00543396009948971,0.00010391535811465902,0.004427801329427439,-0.0009934852259902982,0.005330044741375051,0.005421286555417737,0.004695741834039892,1.1350804472973866,1.1545112033456142,0.2563416131556945,0.24829064810914658,0.755,0.248,0.237,True,999,0.00012833403889089823,0.0008611249504610896,near_2x2_bal_strong_500,near_boundary,False,826,2065082011,9.992007221626409e-16,0,0
500,500,0.0018076085955801569,0.007044145549001568,0.0008015065640734065,0.006000609805965951,-0.005236536953421411,-0.005199103241892544,0.0064779007496684185,-0.8083694325958068,-0.8025907532094666,0.418877943186982,0.42221131465736417,0.744,0.407,0.409,True,999,0.00011970801278948784,0.0008794169407337904,near_2x2_bal_strong_500,near_boundary,False,827,2065082011,9.992007221626409e-16,0,0
500,500,0.001147033052896207,0.002360719651922638,0.00014096486950165854,0.0013187180231284401,-0.0012136865990264312,-0.0011777531536267816,0.0038951759802473454,-0.3115871029142466,-0.3023619881615705,0.7553543370050322,0.7623761284629567,0.918,0.735,0.741,True,999,0.00011825002729892731,0.000859334017150104,near_2x2_bal_strong_500,near_boundary,False,828,2065082011,9.992007221626409e-16,0,0
500,500,0.003827848000364509,0.004704763016938673,0.0028217027075925216,0.0036615342110621896,-0.0008769150165741646,-0.000839831503469668,0.006118162432319417,-0.14332980306992651,-0.13726858558596405,0.8860297193780405,0.8908185004215589,0.959,0.891,0.896,True,999,0.00011570798233151436,0.000885708024725318,near_2x2_bal_strong_500,near_boundary,False,829,2065082011,9.992007221626409e-16,0,0
500,500,0.00022644172290187115,0.005582123760188906,-0.0007796862666964444,0.0045390930487769765,-0.005355682037287035,-0.005318779315473421,0.005267471006962766,-1.0167463722548578,-1.0097405962828905,0.3092740995547676,0.31261958721357064,0.716,0.292,0.295,True,999,0.00012099999003112316,0.0008324580267071724,near_2x2_bal_strong_500,near_boundary,False,830,2065082011,9.992007221626409e-16,0,0
500,500,0.006796429457875841,0.005044424703097794,0.005790235736981231,0.004012242989205106,0.001752004754778047,0.0017779927477761248,0.007080320733797214,0.24744708900191834,0.2511175432052183,0.8045622352119803,0.8017232328772734,0.927,0.818,0.814,True,999,0.00011612498201429844,0.0008194999536499381,near_2x2_bal_strong_500,near_boundary,False,831,2065082011,9.992007221626409e-16,0,0
500,500,0.014467687589857503,0.008302048318996669,0.013461251928674756,0.00727360418676426,0.006165639270860834,0.006187647741910496,0.009792472990288953,0.6296304597393534,0.6318779483024045,0.5289363899833879,0.527466633857478,0.716,0.51,0.508,True,999,0.0001164580462500453,0.0008407909190282226,near_2x2_bal_strong_500,near_boundary,False,832,2065082011,9.992007221626409e-16,0,0
500,500,0.0008022662410903658,0.0023287346564479505,-0.00020378534873088938,0.0012742858171463922,-0.0015264684153575847,-0.0014780711658772816,0.00372795695231537,-0.40946513999028916,-0.3964828952649995,0.6821983442362767,0.6917488238006879,0.91,0.661,0.671,True,999,0.00011704105418175459,0.0008382080122828484,near_2x2_bal_strong_500,near_boundary,False,833,2065082011,9.992007221626409e-16,0,0
500,500,0.001099843429074765,0.006509893557981594,9.375620714990873e-05,0.0054707164702563205,-0.005410050128906829,-0.005376960263106412,0.0059707586538292464,-0.9060909078006668,-0.9005489209747221,0.3648877373777456,0.36782820330458155,0.744,0.366,0.369,True,999,0.00013745902106165886,0.0008677500300109386,near_2x2_bal_strong_500,near_boundary,False,834,2065082011,9.992007221626409e-16,0,0
500,500,0.005044661148450813,0.0029907363956239164,0.004038464187260615,0.0019485919009980535,0.0020539247528268967,0.002089872286262562,0.005806893239631739,0.35370458316832293,0.3598950764238774,0.7235602874976756,0.7189255991215158,0.9,0.697,0.685,True,999,0.00011495896615087986,0.000884292065165937,near_2x2_bal_strong_500,near_boundary,False,835,2065082011,9.992007221626409e-16,0,0
500,500,0.0035014829695276806,0.0016180182486097427,0.0024953264084501825,0.0005641281213684124,0.0018834647209179378,0.00193119828708177,0.004605861086501935,0.40892781730601296,0.4192914746693932,0.6825926341948629,0.6750031263858101,0.925,0.711,0.703,True,999,0.00011454091873019934,0.0008772499859333038,near_2x2_bal_strong_500,near_boundary,False,836,2065082011,9.992007221626409e-16,0,0
500,500,0.0003277118115834199,0.0007812113383682817,-0.0006783804582823905,-0.0002817838891644442,-0.00045349952678486183,-0.0003965965691179463,0.002172280240922704,-0.20876658464297962,-0.18257154930870556,0.8346304581240879,0.855134209458701,0.974,0.822,0.841,True,999,0.00011920800898224115,0.0008309169206768274,near_2x2_bal_strong_500,near_boundary,False,837,2065082011,9.992007221626409e-16,0,0
500,500,0.005321672860898019,0.0012309518054203772,0.004315510988021742,0.00017723340707220814,0.004090721055477642,0.004138277580949534,0.005158631972152827,0.7929856360290964,0.8022044610448391,0.42778619160113796,0.42243469629126185,0.647,0.416,0.408,True,999,0.000116499955765903,0.0008409579750150442,near_2x2_bal_strong_500,near_boundary,False,838,2065082011,9.992007221626409e-16,0,0
500,500,0.0004927072448892567,0.0016046997077429626,-0.0005133505565027008,0.0005576763826127262,-0.001111992462853706,-0.001071026939115427,0.0030134136015916558,-0.3690142177185244,-0.35541982638882397,0.7121171273117335,0.7222750979032699,0.927,0.696,0.709,True,999,0.00011570798233151436,0.0008535829838365316,near_2x2_bal_strong_500,near_boundary,False,839,2065082011,9.992007221626409e-16,0,0
500,500,4.260647055054356e-06,9.652518912628416e-05,-0.0010018119377264156,-0.0009795797458593825,-9.22645420712298e-05,-2.223219186703318e-05,0.0006451940306521283,-0.14300278317512274,-0.034458148728626715,0.8862879831303929,0.9725118149901433,0.993,0.892,0.975,True,999,0.0001366250216960907,0.0008364170789718628,near_2x2_bal_strong_500,near_boundary,False,840,2065082011,9.992007221626409e-16,0,0
500,500,0.0015312396618971658,0.0022324999117975253,0.0005251613550285583,0.0011783390507957847,-0.0007012602499003595,-0.0006531776957672264,0.00404316701375595,-0.17344330509090575,-0.1615510053245238,0.8623029883383466,0.8716594424419131,0.952,0.872,0.881,True,999,0.00011854199692606926,0.0008555829990655184,near_2x2_bal_strong_500,near_boundary,False,841,2065082011,9.992007221626409e-16,0,0
500,500,0.003324974419919413,0.0004203514235910366,0.0023188328740388897,-0.0006260889871612108,0.0029046229963283765,0.0029449218612001005,0.003875862787708121,0.7494132675542782,0.7598106595877443,0.4536081567000354,0.44736777026698626,0.843,0.444,0.438,True,999,0.00011625001206994057,0.0008935830555856228,near_2x2_bal_strong_500,near_boundary,False,842,2065082011,9.992007221626409e-16,0,0
500,500,3.407248516817951e-05,0.0007247172324687523,-0.0009719906430518677,-0.0003381752256075288,-0.0006906447473005728,-0.0006338154174443389,0.0018134357463710092,-0.3808487555639451,-0.34951082149599755,0.7033154789781498,0.7267058480866829,0.95,0.7,0.718,True,999,0.00011616596020758152,0.0008775830501690507,near_2x2_bal_strong_500,near_boundary,False,843,2065082011,9.992007221626409e-16,0,0
500,500,5.6500435330342214e-08,0.00142727850857427,-0.0010059838888878403,0.0003856365366061709,-0.0014272220081389397,-0.0013916204254940112,0.0024964656817437515,-0.5716970269513347,-0.5574362330196267,0.5675272489537724,0.5772294155743838,0.917,0.561,0.582,True,999,0.00011454196646809578,0.0008516249945387244,near_2x2_bal_strong_500,near_boundary,False,844,2065082011,9.992007221626409e-16,0,0
500,500,0.000964657026909288,0.00837086181727531,-4.1401367923299404e-05,0.007337833683749295,-0.007406204790366022,-0.007379235051672595,0.006631863904794471,-1.1167606719148362,-1.1126939813010661,0.26409666851977465,0.2658398813414624,0.634,0.266,0.269,True,999,0.00016166595742106438,0.0008484589634463191,near_2x2_bal_strong_500,near_boundary,False,845,2065082011,9.992007221626409e-16,0,0
500,500,0.00022851471992302308,0.0009247404734396003,-0.0007775495202508864,-0.00013827323246573542,-0.0006962257535165772,-0.000639276287785151,0.002232139924075523,-0.31190954742899035,-0.28639615325635004,0.7551092664353843,0.7745747206281823,0.955,0.77,0.777,True,999,0.0001116669736802578,0.0008461249526590109,near_2x2_bal_strong_500,near_boundary,False,846,2065082011,9.992007221626409e-16,0,0
500,500,3.357636656908802e-05,0.00010105952126460149,-0.0009724624728733033,-0.0009749756121948394,-6.748315469551347e-05,2.513139321536073e-06,0.0007434264573016601,-0.09077314108573732,0.003380481413935362,0.9276728522308486,0.9973027712089074,1.0,0.935,1.0,True,999,0.00010808301158249378,0.0008557909168303013,near_2x2_bal_strong_500,near_boundary,False,847,2065082011,9.992007221626409e-16,0,0
500,500,0.005843485051525543,0.007746145772551116,0.0048373246387996005,0.006722334745973058,-0.001902660721025573,-0.001885010107173457,0.007633573076502887,-0.24924903475178692,-0.24693679988153372,0.8031681517348486,0.804957135846973,0.906,0.814,0.821,True,999,0.00011529203038662672,0.0008475419599562883,near_2x2_bal_strong_500,near_boundary,False,848,2065082011,9.992007221626409e-16,0,0
500,500,0.00011151508047080316,0.00012815408527760974,-0.0008946119971255939,-0.0009478948277319432,-1.663900480680658e-05,5.328283060634931e-05,0.000989440601298133,-0.01681657775613455,0.05385146974607968,0.986582944630297,0.9570535020520982,0.999,0.982,0.955,True,999,0.00011433393228799105,0.0008553750813007355,near_2x2_bal_strong_500,near_boundary,False,849,2065082011,9.992007221626409e-16,0,0
500,500,0.0010274922289863486,0.002515316570160242,2.1407605572676403e-05,0.0014679630247940167,-0.0014878243411738934,-0.0014465554192213403,0.003945849890785181,-0.3770605528224574,-0.3666017358134958,0.7061286055287044,0.7139161132481071,0.916,0.688,0.698,True,999,0.00011558306869119406,0.0008877079235389829,near_2x2_bal_strong_500,near_boundary,False,850,2065082011,9.992007221626409e-16,0,0
500,500,0.004241339114893994,0.00120190803750031,0.003235207294551401,0.00014811383752544316,0.003039431077393684,0.003087093457025958,0.004710799112215802,0.6452049864559046,0.6553226710560988,0.5187943552013505,0.5122600272375365,0.858,0.519,0.515,True,999,0.0001176249934360385,0.0008620419539511204,near_2x2_bal_strong_500,near_boundary,False,851,2065082011,9.992007221626409e-16,0,0
500,500,0.000744980569779452,0.0016473883197912764,-0.00026111384039495533,0.0005933241838249614,-0.0009024077500118244,-0.0008544380242199168,0.00321987522416464,-0.2802617142550745,-0.26536370658325464,0.7792767217774942,0.7907292921439808,0.956,0.768,0.783,True,999,0.00012450001668184996,0.0008520830888301134,near_2x2_bal_strong_500,near_boundary,False,852,2065082011,9.992007221626409e-16,0,0
500,500,0.0011860451320883092,0.008040761144325725,0.0001799617434130596,0.007007812342436637,-0.006854716012237416,-0.006827850599023577,0.006567023916430422,-1.0438085957152068,-1.0397176386004288,0.296573953894667,0.2984711033382449,0.676,0.278,0.28,True,999,0.00011295906733721495,0.0008790839929133654,near_2x2_bal_strong_500,near_boundary,False,853,2065082011,9.992007221626409e-16,0,0
500,500,0.0030686570517783895,0.005835572551723955,0.002062518332138552,0.004796680035354939,-0.002766915499945566,-0.0027341617032163867,0.0063220926718183515,-0.4376581685174427,-0.43247732122060006,0.6616340976518602,0.6653945316774077,0.872,0.64,0.647,True,999,0.00011154194362461567,0.0008281670743599534,near_2x2_bal_strong_500,near_boundary,False,854,2065082011,9.992007221626409e-16,0,0
500,500,0.0018701222463033407,0.0031228036171131457,0.0008639419170890505,0.0020682847835473694,-0.001252681370809805,-0.001204342866458319,0.004708642880683556,-0.2660387297471055,-0.2557728196799422,0.7902093814428974,0.7981262626973774,0.927,0.807,0.814,True,999,0.00010912504512816668,0.0008417089702561498,near_2x2_bal_strong_500,near_boundary,False,855,2065082011,9.992007221626409e-16,0,0
500,500,0.0005739805389769481,0.0019338651318818179,-0.00043216204664986435,0.0008798147803759093,-0.0013598845929048697,-0.0013119768270257737,0.003326812766301362,-0.4087649917301308,-0.39436449213953967,0.68271213349281,0.6933119551787725,0.935,0.672,0.679,True,999,0.00011250004172325134,0.0008643330074846745,near_2x2_bal_strong_500,near_boundary,False,856,2065082011,9.992007221626409e-16,0,0
500,500,0.0038483171899079682,0.00031519726269324533,0.00284212951879681,-0.0007825253574509361,0.003533119927214723,0.003624654876247746,0.00408433742096506,0.8650411469628055,0.8874523582802571,0.38701620508559587,0.37483540509071134,0.837,0.39,0.379,True,999,0.00011124997399747372,0.0008530409540981054,near_2x2_bal_strong_500,near_boundary,False,857,2065082011,9.992007221626409e-16,0,0
500,500,0.0036245116260087418,0.0034308708115676767,0.00261832889998459,0.002398957097739185,0.00019364081444106507,0.00021937180224540498,0.005455724960587003,0.03549314084561743,0.040209468737918544,0.9716865157431881,0.9679261287752494,0.991,0.972,0.971,True,999,0.00011620903387665749,0.0008499169489368796,near_2x2_bal_strong_500,near_boundary,False,858,2065082011,9.992007221626409e-16,0,0
500,500,0.010402118441374064,0.0025582623512087066,0.009395856805213043,0.0015039797694385015,0.007843856090165358,0.007891877035774542,0.007281685075544981,1.0772034232170227,1.0837981804896846,0.28138939630070536,0.27845429214478545,0.654,0.264,0.259,True,999,0.00012316706124693155,0.0008843329269438982,near_2x2_bal_strong_500,near_boundary,False,859,2065082011,9.992007221626409e-16,0,0
500,500,0.000819535596923604,0.007518055808231505,-0.00018657400227084509,0.006482280460261336,-0.006698520211307901,-0.006668854462532181,0.006277555863095072,-1.0670586383289113,-1.0623329537754498,0.28594535774998164,0.2880845592574952,0.669,0.278,0.283,True,999,0.00011850008741021156,0.0008735000155866146,near_2x2_bal_strong_500,near_boundary,False,860,2065082011,9.992007221626409e-16,0,0
500,500,0.004286860724347363,0.0030968893144439624,0.0032807242570243034,0.0020492965495577664,0.0011899714099034009,0.001231427707466537,0.005604311863600777,0.21233140461581004,0.21972861921987033,0.8318484966201741,0.8260825144021148,0.934,0.837,0.832,True,999,0.00011562509462237358,0.0008798750350251794,near_2x2_bal_strong_500,near_boundary,False,861,2065082011,9.992007221626409e-16,0,0
500,500,2.9886038110382707e-05,0.0015374862708025239,-0.0009762549893252981,0.00040225179697017666,-0.0015076002326921412,-0.0013785067862954747,0.002308304354952705,-0.6531202133104456,-0.5971945525024663,0.5136787820268405,0.5503774957780467,0.902,0.524,0.566,True,999,0.00012204202357679605,0.0008416669443249702,near_2x2_bal_strong_500,near_boundary,False,862,2065082011,9.992007221626409e-16,0,0
500,500,0.008054023357374929,2.248862141951413e-06,0.007047780896755285,-0.0010735037763538458,0.008051774495232977,0.00812128467310913,0.005654310405043501,1.424006451441187,1.4362997591828617,0.1544446045337964,0.15091706255326726,0.606,0.136,0.131,True,999,0.00011254206765443087,0.0008366249967366457,near_2x2_bal_strong_500,near_boundary,False,863,2065082011,9.992007221626409e-16,0,0
500,500,5.074300720608882e-05,0.001251724658642539,-0.0009553336022349868,0.00018854536264711896,-0.0012009816514364502,-0.0011438789648821057,0.0024088881474021357,-0.4985626471414409,-0.47485765003896985,0.6180875250786136,0.6348884387473119,0.93,0.601,0.625,True,999,0.00011808390263468027,0.0008058330276980996,near_2x2_bal_strong_500,near_boundary,False,864,2065082011,9.992007221626409e-16,0,0
500,500,0.004939301179872513,0.0008209167778754911,0.003933084118671104,-0.00024203402935540907,0.004118384401997022,0.004175118148026513,0.00482200420238344,0.8540814626336015,0.865847057114305,0.393059854281404,0.3865740396258204,0.835,0.413,0.408,True,999,0.00011641695164144039,0.0008281669579446316,near_2x2_bal_strong_500,near_boundary,False,865,2065082011,9.992007221626409e-16,0,0
500,500,0.0017977202085205368,0.0008472532453809856,0.0007916463349602054,-0.00028810293591163827,0.0009504669631395513,0.0010797492708718437,0.0031879891103069897,0.2981399654304419,0.3386928980970918,0.7655963397691177,0.7348410912900987,0.959,0.767,0.736,True,999,0.00011600006837397814,0.0008446250576525927,near_2x2_bal_strong_500,near_boundary,False,866,2065082011,9.992007221626409e-16,0,0
500,500,0.003273988545112405,0.0010100043608749498,0.0022678600860217557,-5.315718314591322e-05,0.0022639841842374553,0.002321017269167669,0.00418493896792143,0.5409837996662418,0.5546119756963789,0.5885187490569554,0.5791600959191692,0.885,0.588,0.579,True,999,0.00011900009121745825,0.0008510410552844405,near_2x2_bal_strong_500,near_boundary,False,867,2065082011,9.992007221626409e-16,0,0
500,500,0.004718950729542315,0.0016588131241176418,0.0037127921310116108,0.0006118410396993568,0.003060137605424673,0.003100951091312254,0.0051137926700034735,0.5984086182012918,0.6063896781545013,0.5495673166832067,0.5442560209745774,0.83,0.504,0.501,True,999,0.00011591601651161909,0.000876624952070415,near_2x2_bal_strong_500,near_boundary,False,868,2065082011,9.992007221626409e-16,0,0
500,500,0.0013342241522215081,1.0233074261845054e-05,0.0003281536452277578,-0.001052104380903529,0.001323991077959663,0.001380258026131287,0.0023175894043435392,0.5712793972384792,0.595557618422167,0.5678102652386405,0.5514707965884875,0.926,0.576,0.576,True,999,0.00011504208669066429,0.0008928750175982714,near_2x2_bal_strong_500,near_boundary,False,869,2065082011,9.992007221626409e-16,0,0
500,500,0.0031220890652863265,0.00010477007416997974,0.002115936306324784,-0.0009483176389437631,0.0030173189911163467,0.003064253945268547,0.003589051153962717,0.8407010270067861,0.8537782867444688,0.40051544509354753,0.3932278475079062,0.852,0.406,0.403,True,999,0.0001153330085799098,0.0008820410585030913,near_2x2_bal_strong_500,near_boundary,False,870,2065082011,9.992007221626409e-16,0,0
500,500,0.0014524198065655192,0.0007247172324687523,0.00044632151667656217,-0.0003381752256075288,0.0007277025740967669,0.0007844967422840909,0.0029923842691755532,0.24318486819784674,0.2621644386936413,0.8078621884934589,0.7931946685762158,0.949,0.816,0.798,True,999,0.00011729204561561346,0.0008209169609472156,near_2x2_bal_strong_500,near_boundary,False,871,2065082011,9.992007221626409e-16,0,0
500,500,3.49193707585016e-05,6.993202276872612e-06,-0.0009711876569440392,-0.0010687552523620525,2.7926168481628988e-05,9.75675954180133e-05,0.0004091375424635117,0.06825618669330386,0.2384713825833148,0.945581700701285,0.8115155085629339,0.999,0.956,0.814,True,999,0.00011487503070384264,0.000853499979712069,near_2x2_bal_strong_500,near_boundary,False,872,2065082011,9.992007221626409e-16,0,0
500,500,0.0022366829030795454,0.0030187286288181348,0.0012305777780738936,0.0019765545221446246,-0.0007820457257385893,-0.000745976744070731,0.004764077500545302,-0.16415470269933172,-0.15658367102242685,0.8696093593019046,0.8755729724212359,0.965,0.878,0.885,True,999,0.00012425007298588753,0.0008407080313190818,near_2x2_bal_strong_500,near_boundary,False,873,2065082011,9.992007221626409e-16,0,0
500,500,0.0006414944685679824,0.0018026611636218215,-0.0003645552186526402,0.0007556337947391967,-0.001161166695053839,-0.0011201890133918369,0.0032570647683370685,-0.3565070938539199,-0.34392592504808006,0.7214608405077187,0.730901994485524,0.926,0.729,0.738,True,999,0.00011379201896488667,0.0008482079720124602,near_2x2_bal_strong_500,near_boundary,False,874,2065082011,9.992007221626409e-16,0,0
500,500,0.0005610770341301086,6.009290974590131e-05,-0.00044506755483553206,-0.0010373773956189325,0.0005009841243842073,0.0005923098407834004,0.001578202806239277,0.3174396360237185,0.37530654390028895,0.7509100359694729,0.7074324999395781,0.984,0.749,0.713,True,999,0.00011466606520116329,0.0008448750013485551,near_2x2_bal_strong_500,near_boundary,False,875,2065082011,9.992007221626409e-16,0,0
500,500,0.004667178694786611,0.0016761337155535294,0.0036609606559068197,0.000634419352849136,0.0029910449792330818,0.0030265413030576838,0.005095721433050388,0.5869718387338513,0.5939377461703088,0.5572226202904332,0.5525537516396529,0.87,0.542,0.536,True,999,0.00011412508320063353,0.0008660421008244157,near_2x2_bal_strong_500,near_boundary,False,876,2065082011,9.992007221626409e-16,0,0
500,500,0.00032718490749106266,0.0005312120657061659,-0.0006788839277760417,-0.0005222432849620873,-0.0002040271582151032,-0.0001566406428139544,0.001889905278420184,-0.10795628783345919,-0.08288280084856632,0.9140303667429841,0.9339447299157749,0.978,0.899,0.929,True,999,0.0001145839923992753,0.0008682500338181853,near_2x2_bal_strong_500,near_boundary,False,877,2065082011,9.992007221626409e-16,0,0
500,500,0.0001665801446621984,0.0038011287478131317,-0.000839494728779755,0.002746277290953003,-0.0036345486031509333,-0.003585772019732758,0.004347436590659722,-0.8360210729604665,-0.8248014536742486,0.40314304814103574,0.40948432124859757,0.824,0.41,0.418,True,999,0.0001194169744849205,0.0008583749877288938,near_2x2_bal_strong_500,near_boundary,False,878,2065082011,9.992007221626409e-16,0,0
500,500,0.0011367394575982903,0.0027989117382407613,0.00013066326965827102,0.001751516159259836,-0.001662172280642471,-0.001620852889601565,0.004171769864199785,-0.39843335916165246,-0.38852883604893473,0.6903107720128561,0.6976247187583031,0.913,0.689,0.696,True,999,0.00012750003952533007,0.0008512500207871199,near_2x2_bal_strong_500,near_boundary,False,879,2065082011,9.992007221626409e-16,0,0
500,500,0.0018478563400994297,0.00048013273034630544,0.0008417542940719613,-0.0005826110643170068,0.0013677236097531242,0.0014243653583889682,0.003071157493197963,0.4453446665572753,0.4637877938671885,0.6560706933635548,0.6427997893343355,0.914,0.639,0.622,True,999,0.0001140419626608491,0.0008452500915154815,near_2x2_bal_strong_500,near_boundary,False,880,2065082011,9.992007221626409e-16,0,0
500,500,0.0015954868728270677,0.001927813851334781,0.0005894064562426138,0.0008860442232503374,-0.0003323269785077132,-0.0002966377670077236,0.003862824141973392,-0.08603212734865483,-0.0767929773930068,0.9314408779662451,0.9387882374710143,0.979,0.932,0.944,True,999,0.00011324998922646046,0.0008496670052409172,near_2x2_bal_strong_500,near_boundary,False,881,2065082011,9.992007221626409e-16,0,0
500,500,0.00361244055622989,0.0005844746192522066,0.0026063099821271862,-0.0004919410572767902,0.0030279659369776835,0.0030982510394039764,0.004116075381685737,0.7356439462820482,0.7527197031399092,0.46194741065282463,0.4516183673818025,0.851,0.468,0.452,True,999,0.00011333299335092306,0.0008452079491689801,near_2x2_bal_strong_500,near_boundary,False,882,2065082011,9.992007221626409e-16,0,0
500,500,0.005235586275203152,0.0029907363956239164,0.004229298705183737,0.0019485919009980535,0.002244849879579236,0.0022807068041856837,0.005873096195125362,0.38222596821118804,0.3883312529562615,0.7022937616809308,0.6977709119407439,0.864,0.694,0.69,True,999,0.00011300004553049803,0.0008621669840067625,near_2x2_bal_strong_500,near_boundary,False,883,2065082011,9.992007221626409e-16,0,0
500,500,0.00065946104982606,0.002672746397324177,-0.0003465976574830165,0.0016383435743136943,-0.002013285347498117,-0.0019849412317967108,0.0038080687107972513,-0.5286893437058332,-0.5212461703142816,0.597020970686188,0.6021952946273734,0.882,0.6,0.603,True,999,0.00014533300418406725,0.0008855419000610709,near_2x2_bal_strong_500,near_boundary,False,884,2065082011,9.992007221626409e-16,0,0
500,500,0.0005062606268440017,0.0004983596200015539,-0.0004998124729809206,-0.0005481299994301025,7.901006842447877e-06,4.831752644918197e-05,0.0020325078701047723,0.003887319187620461,0.023772368687896537,0.9968983758488568,0.9810341804117907,0.995,0.992,0.965,True,999,0.0001090840669348836,0.0008435839554294944,near_2x2_bal_strong_500,near_boundary,False,885,2065082011,9.992007221626409e-16,0,0
500,500,0.0006680086353840764,0.0015245277145947145,-0.0003380695279133761,0.00049323841207638,-0.0008565190792106381,-0.000831307939989756,0.0030365319901465137,-0.28207148220075584,-0.27376887274276507,0.7778886996222514,0.7842622459777926,0.936,0.783,0.787,True,999,0.00012554193381220102,0.0008557089604437351,near_2x2_bal_strong_500,near_boundary,False,886,2065082011,9.992007221626409e-16,0,0
500,500,0.0018801143955022859,0.0008626673327737366,0.0008739717783896594,-0.00019094519589657466,0.0010174470627285492,0.001064916974286234,0.003354035738625354,0.3033500958297923,0.31750316850311455,0.7616230726189617,0.7508618356396775,0.94,0.754,0.739,True,999,0.00011583301238715649,0.0008736250456422567,near_2x2_bal_strong_500,near_boundary,False,887,2065082011,9.992007221626409e-16,0,0
500,500,0.0001409527621815121,0.00019561856745087258,-0.0008651045525311929,-0.0008805636533679717,-5.466580526936049e-05,1.5459100836778816e-05,0.00117676946661693,-0.046454132963288104,0.013136898326587163,0.9629482911831824,0.9895185731266979,0.999,0.97,0.987,True,999,0.00011808297131210566,0.0008461669785901904,near_2x2_bal_strong_500,near_boundary,False,888,2065082011,9.992007221626409e-16,0,0
500,500,0.0015892316880955493,0.0002277082312556744,0.0005831559029161326,-0.0008349318255795879,0.0013615234568398749,0.0014180877284957205,0.0027018588409866897,0.5039210177030052,0.524856334825342,0.6143168803836521,0.5996830659242427,0.91,0.612,0.594,True,999,0.0001140419626608491,0.0008518749382346869,near_2x2_bal_strong_500,near_boundary,False,889,2065082011,9.992007221626409e-16,0,0
500,500,0.004033093678585509,0.0034558966571206495,0.003026939507208226,0.0024212820084130726,0.0005771970214648592,0.0006056574987951535,0.00562625076572509,0.10258999207449514,0.10764850768557925,0.9182883860956432,0.9142745169619804,0.953,0.889,0.876,True,999,0.00011683302000164986,0.0008474161149933934,near_2x2_bal_strong_500,near_boundary,False,890,2065082011,9.992007221626409e-16,0,0
500,500,0.016167967351908508,0.0017819041968953342,0.015161536147957122,0.0007184588969835204,0.014386063155013173,0.014443077250973602,0.008472857392920287,1.6978998332998991,1.7046288614560992,0.08952666874475329,0.08826366506114815,0.508,0.091,0.09,True,999,0.0001135410275310278,0.0008582919836044312,near_2x2_bal_strong_500,near_boundary,False,891,2065082011,9.992007221626409e-16,0,0
500,500,0.0024077670039948096,0.0027989117382407613,0.0014016505405152202,0.001751516159259836,-0.00039114473424595175,-0.00034986561874461586,0.0047400822982339025,-0.08251855339973477,-0.07381003044503501,0.9342343651684701,0.9411615456573322,0.984,0.95,0.954,True,999,0.00011641706805676222,0.0008470409084111452,near_2x2_bal_strong_500,near_boundary,False,892,2065082011,9.992007221626409e-16,0,0
500,500,0.002291821639715863,0.003449696746410158,0.001285717143673537,0.0024116545958747793,-0.001157875106694295,-0.0011259374522012422,0.004985623093719333,-0.23224280795572666,-0.2258368575072689,0.8163494306003645,0.8213283093783413,0.954,0.815,0.822,True,999,0.00011545803863555193,0.0009024169994518161,near_2x2_bal_strong_500,near_boundary,False,893,2065082011,9.992007221626409e-16,0,0
500,500,0.0036362774274353304,0.004985186378379025,0.002630140958387983,0.003942405799904236,-0.0013489089509436947,-0.001312264841516253,0.006180731615208303,-0.21824422008950695,-0.21231545441761218,0.8272388327251656,0.8318609393845997,0.934,0.814,0.815,True,999,0.0001472090370953083,0.0008865420240908861,near_2x2_bal_strong_500,near_boundary,False,894,2065082011,9.992007221626409e-16,0,0
500,500,0.002194422744141722,0.004886599635339439,0.0011882933188758216,0.0038515755278183406,-0.0026921768911977173,-0.002663282208942519,0.005598733137135036,-0.48085465501850094,-0.47569372279554023,0.6306198024227727,0.6342925936231858,0.844,0.632,0.637,True,999,0.0001116250641644001,0.0008816249901428819,near_2x2_bal_strong_500,near_boundary,False,895,2065082011,9.992007221626409e-16,0,0
500,500,6.698959674000804e-05,0.004706104463942762,-0.0009391204915800699,0.0036632513417771406,-0.004639114867202754,-0.0046023718333572106,0.004744127887091934,-0.9778646313108665,-0.9701196811914746,0.32814128003322485,0.33198683986501154,0.715,0.329,0.332,True,999,0.00011416699271649122,0.0008425411069765687,near_2x2_bal_strong_500,near_boundary,False,896,2065082011,9.992007221626409e-16,0,0
500,500,0.0002598411539387335,0.0012822679803749515,-0.0007462505726039126,0.00023542940223819642,-0.001022426826436218,-0.000981679974842109,0.0025802111158998997,-0.39625704274187906,-0.38046498164152304,0.6919154139005055,0.7036002861757862,0.938,0.681,0.698,True,999,0.00011099991388618946,0.0008192500099539757,near_2x2_bal_strong_500,near_boundary,False,897,2065082011,9.992007221626409e-16,0,0
500,500,0.0036387937118997904,0.004723794625473121,0.002632657612480216,0.003681106367025677,-0.0010850009135733307,-0.0010484487545454613,0.006070843260297778,-0.17872326249452714,-0.1727023264464967,0.8581550024407074,0.8628854150323433,0.946,0.857,0.86,True,999,0.0001129999291151762,0.0008451250614598393,near_2x2_bal_strong_500,near_boundary,False,898,2065082011,9.992007221626409e-16,0,0
500,500,0.0024304198701240454,0.01903273858296417,0.0014242796426628956,0.01800540624799396,-0.016602318712840125,-0.016581126605331065,0.010225093155431806,-1.623683858960306,-1.6216113000909715,0.10444329762851999,0.1048866015764773,0.321,0.097,0.097,True,999,0.00011445803102105856,0.0008341249777004123,near_2x2_bal_strong_500,near_boundary,False,899,2065082011,9.992007221626409e-16,0,0
500,500,0.0004429910434593509,4.034121552287662e-05,-0.0005630861235204065,-0.0010355772683396935,0.0004026498279364743,0.000472491144819287,0.0013914816223897085,0.2893676937284805,0.3395597449629541,0.7723000146474228,0.7341880974966577,0.976,0.776,0.733,True,999,0.00011695805005729198,0.0008434160845354199,near_2x2_bal_strong_500,near_boundary,False,900,2065082011,9.992007221626409e-16,0,0
500,500,0.0033124568825343426,0.0013175001129727693,0.0023063245067760363,0.0002635329117879337,0.0019949567695615733,0.0020427915949881026,0.004363108805769591,0.45723287187418443,0.46819634483714945,0.6475036734271261,0.6396441858188846,0.912,0.659,0.653,True,999,0.00011700007598847151,0.0008755829185247421,near_2x2_bal_strong_500,near_boundary,False,901,2065082011,9.992007221626409e-16,0,0
500,500,0.0010083302594051657,0.004769331287064971,2.249548572308413e-06,0.003726594502552416,-0.003761001027659805,-0.0037243449539801077,0.005158958760491891,-0.7290232781975573,-0.7219179541619369,0.4659874233088158,0.4703449220549024,0.804,0.443,0.444,True,999,0.00011591706424951553,0.0008714160649105906,near_2x2_bal_strong_500,near_boundary,False,902,2065082011,9.992007221626409e-16,0,0
500,500,0.0022338968038299045,0.00404838277956604,0.0012277453918727588,0.0030133733978345845,-0.0018144859757361353,-0.0017856280059618257,0.005228383303960621,-0.3470453236207109,-0.3415258411924717,0.7285572689560393,0.7327077545592577,0.917,0.761,0.776,True,999,0.00011562497820705175,0.0008468340383842587,near_2x2_bal_strong_500,near_boundary,False,903,2065082011,9.992007221626409e-16,0,0
500,500,0.004109783263575695,0.005971766006958923,0.0031035980933324936,0.004932930532334012,-0.0018619827433832281,-0.0018293324390015187,0.0066952023316428355,-0.2781070162111656,-0.2732303444147962,0.7809302099641946,0.7846761556300592,0.921,0.781,0.786,True,999,0.00011587503831833601,0.0008847919525578618,near_2x2_bal_strong_500,near_boundary,False,904,2065082011,9.992007221626409e-16,0,0
500,500,0.0007671409613626556,0.0003691864434102743,-0.0002389261507005358,-0.000707069671420868,0.00039795451795238135,0.00046814352072033216,0.0021553749681577283,0.1846335435047418,0.21719818019435858,0.853516474334564,0.8280539028302125,0.984,0.863,0.842,True,999,0.00011808308772742748,0.0008580000139772892,near_2x2_bal_strong_500,near_boundary,False,905,2065082011,9.992007221626409e-16,0,0
500,500,0.003772780346817717,0.0011823744353463006,0.002766648397937388,0.0001449346548270114,0.002590405911471416,0.0026217137431103765,0.004485652694413476,0.5774869540607905,0.584466502806941,0.5636105490560765,0.5589064955347841,0.854,0.574,0.57,True,999,0.00011729099787771702,0.0008515419904142618,near_2x2_bal_strong_500,near_boundary,False,906,2065082011,9.992007221626409e-16,0,0
500,500,0.0040002908608256504,0.00407958088927457,0.0029941318563828645,0.003031496983624038,-7.929002844891953e-05,-3.736512724117347e-05,0.005937998241080575,-0.013352989547954231,-0.006292546027156435,0.9893461724004466,0.9949793078101471,1.0,1.0,1.0,True,999,0.00011591601651161909,0.0008567919721826911,near_2x2_bal_strong_500,near_boundary,False,907,2065082011,9.992007221626409e-16,0,0
500,500,1.9349904805232576e-05,0.003657092188157962,-0.0009867167582910952,0.002618992522542385,-0.0036377422833527295,-0.00360570928083348,0.004099069228065697,-0.8874556834623986,-0.879640981944326,0.3748336155736599,0.37905383038869866,0.769,0.364,0.365,True,999,0.0001190409529954195,0.000850624986924231,near_2x2_bal_strong_500,near_boundary,False,908,2065082011,9.992007221626409e-16,0,0
500,500,0.0011656484394104716,0.00578909415086204,0.00015956745420453444,0.004758663628820159,-0.004623445711451568,-0.0045990961746156245,0.005578729925777677,-0.8287631365856196,-0.8243984268470406,0.40723845147925575,0.40971320843421355,0.735,0.427,0.431,True,999,0.00011729099787771702,0.0008618750143796206,near_2x2_bal_strong_500,near_boundary,False,909,2065082011,9.992007221626409e-16,0,0
500,500,0.004629007729066825,0.0009386073322407151,0.003622870832771241,-0.00012443029851283427,0.00369040039682611,0.0037473011312840754,0.004749981034924311,0.7769295013374543,0.7889086511571276,0.4372003647193706,0.43016539900665096,0.852,0.444,0.44,True,999,0.00011983304284512997,0.0008753750007599592,near_2x2_bal_strong_500,near_boundary,False,910,2065082011,9.992007221626409e-16,0,0
500,500,5.743200471386434e-05,0.0036269999217703464,-0.0009486477208042743,0.002579103960840712,-0.003569567917056482,-0.003527751681644986,0.004151068603771039,-0.8599154236607189,-0.8498418162591193,0.3898356657638937,0.3954130375360758,0.803,0.413,0.415,True,999,0.00011666701175272465,0.0008726669475436211,near_2x2_bal_strong_500,near_boundary,False,911,2065082011,9.992007221626409e-16,0,0
500,500,0.00013010382912226337,0.007762874039446033,-0.0008759345196835966,0.0067299650388292775,-0.007632770210323769,-0.007605899558512874,0.006119218766602706,-1.247343901476718,-1.2429527115494108,0.21227142661055065,0.21388525975017625,0.593,0.221,0.223,True,999,0.00012133398558944464,0.0008905420545488596,near_2x2_bal_strong_500,near_boundary,False,912,2065082011,9.992007221626409e-16,0,0
500,500,4.2427662993449466e-05,0.006597941668514684,-0.0009636541877853233,0.005562416306844398,-0.006555514005521235,-0.006526070494629721,0.005609939810362966,-1.1685533583464756,-1.163304904372491,0.24258362938122935,0.24470581655427648,0.623,0.26,0.26,True,999,0.00011900009121745825,0.0008344169473275542,near_2x2_bal_strong_500,near_boundary,False,913,2065082011,9.992007221626409e-16,0,0
500,500,0.006086518000479657,3.28177565872001e-05,0.005080305058925205,-0.0010431353151432177,0.006053700243892457,0.006123440374068423,0.004933288185368574,1.2271126308507305,1.241249273097337,0.2197802611446883,0.2145136776442521,0.681,0.21,0.205,True,999,0.00011583301238715649,0.0008335000602528453,near_2x2_bal_strong_500,near_boundary,False,914,2065082011,9.992007221626409e-16,0,0
500,500,0.004607973443600422,0.001151473393431801,0.003601833900404472,0.00010469894513676081,0.0034565000501686205,0.003497134955267711,0.004833951698315865,0.7150464600986508,0.723452606381256,0.47458033534978006,0.4694018613446702,0.806,0.46,0.451,True,999,0.00011725001968443394,0.0008242500480264425,near_2x2_bal_strong_500,near_boundary,False,915,2065082011,9.992007221626409e-16,0,0
500,500,0.010469545298172789,0.0011492376553086103,0.009463271981360322,0.00010246616051290403,0.009320307642864178,0.009360805820847418,0.006815035460347469,1.3676095593476159,1.3735520343675733,0.17143432262912162,0.16958079658245462,0.597,0.171,0.169,True,999,0.00011624989565461874,0.0008354580495506525,near_2x2_bal_strong_500,near_boundary,False,916,2065082011,9.992007221626409e-16,0,0
500,500,0.0006622166797417561,0.010421156683414423,-0.000343847446856671,0.009384489431568,-0.009758940003672667,-0.00972833687842467,0.007389656284376064,-1.3206216403198583,-1.3164802940825915,0.18662755353895577,0.18801288822588724,0.418,0.171,0.173,True,999,0.0001163750421255827,0.0008460829267278314,near_2x2_bal_strong_500,near_boundary,False,917,2065082011,9.992007221626409e-16,0,0
500,500,0.0011445052105620857,0.005389625473670279,0.00013840024507771886,0.004346601768816072,-0.004245120263108193,-0.004208201523738353,0.00551237805323729,-0.7701068798456474,-0.7634094547029436,0.44123649529091147,0.44521924307508254,0.792,0.472,0.478,True,999,0.00011570798233151436,0.0008807920385152102,near_2x2_bal_strong_500,near_boundary,False,918,2065082011,9.992007221626409e-16,0,0
500,500,0.004617784571784189,0.0051175303779109615,0.0036116462641757607,0.004085290045708234,-0.0004997458061267723,-0.00047364378153247344,0.006470828540864755,-0.07723057456564701,-0.07319677511794744,0.9384401192900376,0.9416495325891387,0.976,0.94,0.942,True,999,0.00011470797471702099,0.0008864579722285271,near_2x2_bal_strong_500,near_boundary,False,919,2065082011,9.992007221626409e-16,0,0
500,500,6.728184164339623e-05,5.364791801887314e-05,-0.0009387747878690789,-0.001008743957356728,1.3633923624523092e-05,6.99691694876492e-05,0.0006988972786883742,0.019507764646200913,0.10011366708847524,0.9844360429307324,0.9202540850783363,1.0,0.989,0.932,True,999,0.00011491705663502216,0.0008467090083286166,near_2x2_bal_strong_500,near_boundary,False,920,2065082011,9.992007221626409e-16,0,0
500,500,0.005268279004890575,0.0006812517569054766,0.0042620890508260345,-0.0003653514952475234,0.004587027247985098,0.004627440546073558,0.004886125187593048,0.9387862717133353,0.9470573037759353,0.34784048873704454,0.3436095796695,0.757,0.329,0.327,True,999,0.00013879104517400265,0.000849124975502491,near_2x2_bal_strong_500,near_boundary,False,921,2065082011,9.992007221626409e-16,0,0
500,500,0.005494829549719915,1.4673206782944703e-07,0.004488638040015758,-0.0010970616968961622,0.005494682817652086,0.00558569973691192,0.004675078974034543,1.1753133686446013,1.194781899500517,0.2398693679936692,0.23217225405944852,0.762,0.252,0.24,True,999,0.00010854098945856094,0.0008207500213757157,near_2x2_bal_strong_500,near_boundary,False,922,2065082011,9.992007221626409e-16,0,0
500,500,8.010402954172768e-06,0.008063265937494873,-0.0009980331472547732,0.007013456743777624,-0.0080552555345407,-0.008011489891032397,0.006427903907052986,-1.2531698748175297,-1.246361178834959,0.21014389086450946,0.21263182676947023,0.584,0.211,0.212,True,999,0.00011658307630568743,0.0008665829664096236,near_2x2_bal_strong_500,near_boundary,False,923,2065082011,9.992007221626409e-16,0,0
500,500,0.0018424599720208157,0.006156883601694307,0.0008363736472460914,0.00512441700473687,-0.004314423629673492,-0.004288043357490778,0.006003369449278519,-0.7186670196004673,-0.7142727752672481,0.4723461086746923,0.4750585233909358,0.778,0.466,0.469,True,999,0.00011316698510199785,0.000860749976709485,near_2x2_bal_strong_500,near_boundary,False,924,2065082011,9.992007221626409e-16,0,0
500,500,0.0005907512677404414,0.002588506739669205,-0.00041533590058406844,0.0015465169536241774,-0.001997755471928764,-0.001961852854208246,0.0037479861431631693,-0.5330210399984905,-0.523441864316102,0.5940190158536682,0.6006667974195903,0.878,0.554,0.557,True,999,0.00011141598224639893,0.0008382500382140279,near_2x2_bal_strong_500,near_boundary,False,925,2065082011,9.992007221626409e-16,0,0
500,500,0.01675719730518488,0.004824170962783647,0.01575073005261629,0.0037857303771886563,0.011933026342401232,0.011964999675427634,0.00940258792941136,1.2691214835731173,1.2725219657878477,0.20439773904380565,0.20318772463804446,0.531,0.199,0.199,True,999,0.00011300004553049803,0.0008762500947341323,near_2x2_bal_strong_500,near_boundary,False,926,2065082011,9.992007221626409e-16,0,0
500,500,0.0001263203587422712,0.003491114277087204,-0.0008797216469815794,0.0024530326918466017,-0.0033647939183449327,-0.003332754338828181,0.004051459295856587,-0.8305140623740427,-0.8226059045531019,0.40624820047201815,0.41073213982962486,0.799,0.384,0.384,True,999,0.00012158299796283245,0.0008586249314248562,near_2x2_bal_strong_500,near_boundary,False,927,2065082011,9.992007221626409e-16,0,0
500,500,0.006735212524277889,0.002318041790592751,0.005729024027345986,0.001280336468397536,0.0044171707336851385,0.00444868755894845,0.006087149398036543,0.725655055404083,0.7308326554928006,0.4680502609635506,0.46488137462998713,0.782,0.448,0.445,True,999,0.0001294170506298542,0.0008588751079514623,near_2x2_bal_strong_500,near_boundary,False,928,2065082011,9.992007221626409e-16,0,0
500,500,0.003517352238333382,6.6335007046780525e-06,0.0025112403084222024,-0.001055664135463985,0.003510718737628704,0.0035669044438861874,0.003747917512865851,0.9367118474665223,0.9517030275190738,0.3489068003683816,0.3412476135338848,0.808,0.328,0.321,True,999,0.0001141249667853117,0.0008790829451754689,near_2x2_bal_strong_500,near_boundary,False,929,2065082011,9.992007221626409e-16,0,0
500,500,0.0015621175627285044,0.0009344098887170138,0.0005559680537317035,-0.0001192072041362735,0.0006277076740114906,0.000675175257867977,0.003210774126720743,0.19550041492722092,0.21028425894211164,0.8450012128823974,0.8334458201732818,0.957,0.846,0.84,True,999,0.00010966602712869644,0.0008481669938191772,near_2x2_bal_strong_500,near_boundary,False,930,2065082011,9.992007221626409e-16,0,0
500,500,0.007965593146421424,0.0039021714755139714,0.006959314825053298,0.0028595016369479254,0.004063421670907452,0.004099813188105372,0.007051643908502851,0.5762375020110971,0.5813982159765371,0.5644546600225602,0.5609720995618863,0.806,0.568,0.564,True,999,0.00011079199612140656,0.0008462920086458325,near_2x2_bal_strong_500,near_boundary,False,931,2065082011,9.992007221626409e-16,0,0
500,500,5.695093317026334e-05,0.0051773475354477405,-0.0009491076602330395,0.0041475365445649,-0.005120396602277477,-0.00509664420479794,0.004877488169835478,-1.0498019521491104,-1.0449321510030138,0.2938091775471825,0.29605432898979755,0.681,0.288,0.288,True,999,0.00012049998622387648,0.0008541250135749578,near_2x2_bal_strong_500,near_boundary,False,932,2065082011,9.992007221626409e-16,0,0
500,500,0.0005232675911321927,0.0029918419707145594,-0.0004828150409821319,0.0019443733765456273,-0.0024685743795823667,-0.002427188417527759,0.003988828765449743,-0.6188719859234251,-0.6084965187153357,0.5360006948164979,0.5428582141806169,0.857,0.52,0.527,True,999,0.0001140419626608491,0.0008558329427614808,near_2x2_bal_strong_500,near_boundary,False,933,2065082011,9.992007221626409e-16,0,0
500,500,0.0015806393561399457,0.006156883601694307,0.0005745665067706796,0.00512441700473687,-0.004576244245554362,-0.00454985049796619,0.00591583197354257,-0.7735588613775275,-0.7690973168802847,0.4391917077752343,0.44183554090389343,0.779,0.458,0.46,True,999,0.0001165829598903656,0.0008735420415177941,near_2x2_bal_strong_500,near_boundary,False,934,2065082011,9.992007221626409e-16,0,0
500,500,0.015692336570461318,0.0030187286288181348,0.014685939258015424,0.0019765545221446246,0.012673607941643183,0.012709384735870799,0.00869128507620508,1.458197243620609,1.4623136422790266,0.14478618334851578,0.1436552818097376,0.519,0.137,0.136,True,999,0.00011570798233151436,0.0008585420437157154,near_2x2_bal_strong_500,near_boundary,False,935,2065082011,9.992007221626409e-16,0,0
500,500,8.63767256830128e-05,0.005282464521539021,-0.0009196874487997775,0.00424375166338109,-0.005196087795856008,-0.005163439112180868,0.005021651726403779,-1.03473679158892,-1.028235208951583,0.300791848993324,0.3038392000448914,0.718,0.307,0.312,True,999,0.00011166709009557962,0.000849291100166738,near_2x2_bal_strong_500,near_boundary,False,936,2065082011,9.992007221626409e-16,0,0
500,500,0.009286380114284065,0.0003747402170104497,0.008280134174526665,-0.0007607978038493002,0.008911639897273615,0.009040931978375966,0.006178513094608137,1.442359959558979,1.4632860430879078,0.14920085331022417,0.14338912515136737,0.609,0.135,0.128,True,999,0.00011504197027534246,0.0008687080116942525,near_2x2_bal_strong_500,near_boundary,False,937,2065082011,9.992007221626409e-16,0,0
500,500,0.004326702270650795,0.004620280673547639,0.003320555586185492,0.0035818707592056853,-0.00029357840289684356,-0.00026131517302019347,0.006224673944074102,-0.04716365958032719,-0.04198053992353541,0.9623827907276228,0.9665142113306893,0.989,0.969,0.974,True,999,0.0001177079975605011,0.0008362500229850411,near_2x2_bal_strong_500,near_boundary,False,938,2065082011,9.992007221626409e-16,0,0
500,500,0.001207503492530848,0.0005797320737792044,0.00020140625912290488,-0.00046680304328106104,0.0006277714187516437,0.0006682093024039659,0.0026992649441343586,0.23257124874526422,0.24755232118137163,0.8160943553231312,0.8044808047249216,0.961,0.8,0.792,True,999,0.00011000002268701792,0.0008327499963343143,near_2x2_bal_strong_500,near_boundary,False,939,2065082011,9.992007221626409e-16,0,0
500,500,3.078107420062537e-07,0.001036551895051585,-0.0010057378088959013,-2.652974515626738e-05,-0.0010362440843095788,-0.0009792080637396339,0.002142151562626044,-0.48373985407421716,-0.45711427745067285,0.628570505121179,0.6475889086084015,0.927,0.622,0.629,True,999,0.00011554197408258915,0.0008442499674856663,near_2x2_bal_strong_500,near_boundary,False,940,2065082011,9.992007221626409e-16,0,0
500,500,0.0017224141746862154,0.009622567327195741,0.0007163230406490584,0.008591712128549034,-0.007900153152509526,-0.007875389087899975,0.007284169852895339,-1.084564653495737,-1.0811649435617756,0.27811451720395,0.27962374897273645,0.633,0.289,0.289,True,999,0.00011570798233151436,0.0008498328970745206,near_2x2_bal_strong_500,near_boundary,False,941,2065082011,9.992007221626409e-16,0,0
500,500,0.0001263203587422712,0.000470542917633876,-0.0008797216469815794,-0.0005828011797746058,-0.0003442225588916048,-0.0002969204672069736,0.0015820955360355536,-0.2175738133704394,-0.1876754345385506,0.827761189604582,0.8511310884662617,0.973,0.83,0.882,True,999,0.00011504197027534246,0.0008525829762220383,near_2x2_bal_strong_500,near_boundary,False,942,2065082011,9.992007221626409e-16,0,0
500,500,0.0010316651541568689,0.00021144512030080165,2.5581834222521138e-05,-0.0008646893203660966,0.0008202200338560672,0.0008902711545886177,0.0022386230574841692,0.36639488328055314,0.3976869404664896,0.7140704372465758,0.6908609651542286,0.954,0.7,0.683,True,999,0.00011629099026322365,0.0008589999051764607,near_2x2_bal_strong_500,near_boundary,False,943,2065082011,9.992007221626409e-16,0,0
500,500,0.0013801667370900716,0.00043014544498531926,0.0003740884718581583,-0.0006163121925624182,0.0009500212921047524,0.0009904006644205765,0.002706296455787834,0.3510411027117834,0.3659616308118984,0.7255575126394678,0.7143937066394213,0.947,0.743,0.736,True,999,0.00012183398939669132,0.000902708969078958,near_2x2_bal_strong_500,near_boundary,False,944,2065082011,9.992007221626409e-16,0,0
500,500,0.0025957457884674406,0.0021729545429220454,0.0015896518062845644,0.0011352796495316397,0.00042279124554539527,0.00045437215675292464,0.004468835153858555,0.09460882556393736,0.10167574795427466,0.9246255394974527,0.9190140526930126,0.969,0.929,0.927,True,999,0.00011741695925593376,0.0008444159757345915,near_2x2_bal_strong_500,near_boundary,False,945,2065082011,9.992007221626409e-16,0,0
500,500,0.0004051273744954953,6.0378919783943275e-06,-0.0006009232749306648,-0.001056252285593473,0.00039908948251710097,0.0004553290106628083,0.001282244896756717,0.31124279264167826,0.35510300084992175,0.7556160535985175,0.7225124286157141,0.971,0.742,0.703,True,999,0.00011491600889712572,0.0008845829870551825,near_2x2_bal_strong_500,near_boundary,False,946,2065082011,9.992007221626409e-16,0,0
500,500,0.004158082057962864,0.007380584781079558,0.0031519212159309973,0.006340446517441478,-0.0032225027231166936,-0.003188525301510481,0.007232903964604357,-0.4455337356733404,-0.44083611743141604,0.6559340856727918,0.6593316441955699,0.844,0.663,0.667,True,999,0.00011645897757261992,0.0008512920467182994,near_2x2_bal_strong_500,near_boundary,False,947,2065082011,9.992007221626409e-16,0,0
500,500,0.004211219417621814,0.004538881589313426,0.0032050728888179947,0.003496209501093972,-0.0003276621716916117,-0.0002911366122759773,0.006178149820105772,-0.05303564679271601,-0.04712359213571045,0.9577035056351411,0.9624147244166918,0.982,0.959,0.964,True,999,0.00011491705663502216,0.0008436250500380993,near_2x2_bal_strong_500,near_boundary,False,948,2065082011,9.992007221626409e-16,0,0
500,500,0.0006493986379823014,3.4477813862232587e-06,-0.0003566641232737311,-0.0010495338183318381,0.0006459508565960781,0.000692869695058107,0.0016154750195420337,0.3998519622910646,0.42889533213241926,0.6892655557429768,0.6679993973619998,0.955,0.666,0.66,True,999,0.00011462497059255838,0.0008595000253990293,near_2x2_bal_strong_500,near_boundary,False,949,2065082011,9.992007221626409e-16,0,0
500,500,0.0006851582043075899,8.708679309676892e-05,-0.00032100234255949545,-0.0009885202272528204,0.000598071411210821,0.000667517884693325,0.0017541332320246202,0.3409498208528477,0.3805400140118638,0.7331413578235296,0.7035445997064709,0.956,0.742,0.71,True,999,0.00011408398859202862,0.0008498750394210219,near_2x2_bal_strong_500,near_boundary,False,950,2065082011,9.992007221626409e-16,0,0
500,500,0.01047067895420084,0.008483108724722244,0.009464317359004326,0.007443492426943976,0.001987570229478597,0.00202082493206035,0.009132354129360523,0.2176405121094196,0.22128192834347027,0.8277092169214877,0.8248729203157522,0.919,0.835,0.827,True,999,0.00011445803102105856,0.0008527500322088599,near_2x2_bal_strong_500,near_boundary,False,951,2065082011,9.992007221626409e-16,0,0
500,500,0.0009981574139621419,0.0059368384602048185,-7.909999965249881e-06,0.00490154358871564,-0.004938681046242677,-0.00490945358868089,0.005647182149559262,-0.8745390028951199,-0.8693634203146876,0.38182478942576825,0.3846483842425392,0.741,0.371,0.372,True,999,0.00011579191777855158,0.000879958039149642,near_2x2_bal_strong_500,near_boundary,False,952,2065082011,9.992007221626409e-16,0,0
500,500,0.000526778527593641,0.002273525660398845,-0.0004792780993057022,0.0012263205364035912,-0.0017467471328052042,-0.0017055986357092934,0.0035213561836470696,-0.49604386540531603,-0.4843584536065887,0.6198634627173332,0.6281314983013887,0.9,0.639,0.651,True,999,0.00011508294846862555,0.0008746669627726078,near_2x2_bal_strong_500,near_boundary,False,953,2065082011,9.992007221626409e-16,0,0
500,500,0.001976924868513752,0.000557206902796592,0.0009707724279337526,-0.0005055873605499528,0.00141971796571716,0.0014763597884837054,0.003208271544265067,0.442518018231646,0.4601729523558461,0.6581143946790398,0.6453920835967777,0.924,0.683,0.668,True,999,0.00011758401524275541,0.0008878749795258045,near_2x2_bal_strong_500,near_boundary,False,954,2065082011,9.992007221626409e-16,0,0
500,500,0.00010298266318087279,0.00736036267149448,-0.0009030871142954311,0.006327601735875987,-0.0072573800083136075,-0.007230688850171418,0.005937693767299588,-1.222255692653244,-1.2177604864017555,0.22161094891954658,0.22331500398082627,0.58,0.21,0.21,True,999,0.00012495799455791712,0.0008496249793097377,near_2x2_bal_strong_500,near_boundary,False,955,2065082011,9.992007221626409e-16,0,0
500,500,0.00320355531488814,0.0013630918433455985,0.0021973686599494613,0.00030930485783642325,0.0018404634715425416,0.001888063802113038,0.0043387803572468055,0.4241891315075504,0.4351600326943303,0.671427886486883,0.6634462708160351,0.926,0.68,0.668,True,999,0.00011779193300753832,0.0008195000700652599,near_2x2_bal_strong_500,near_boundary,False,956,2065082011,9.992007221626409e-16,0,0
500,500,0.00819195144081064,0.009245704459772408,0.007185659082495022,0.008214944826363535,-0.0010537530189617672,-0.0010292857438685132,0.0087574347810551,-0.12032667616792808,-0.11753279009227224,0.904224373104041,0.9064378613684851,0.964,0.918,0.923,True,999,0.0001206669257953763,0.0008501249831169844,near_2x2_bal_strong_500,near_boundary,False,957,2065082011,9.992007221626409e-16,0,0
500,500,0.008714910977790868,0.0010419456546693628,0.0077086808048534294,-4.785950210361989e-06,0.007672965323121506,0.007713466755063791,0.0062512826299146364,1.2274225590766934,1.233901458582608,0.21966381178286198,0.21723962596237767,0.664,0.222,0.218,True,999,0.00011891697067767382,0.0008438751101493835,near_2x2_bal_strong_500,near_boundary,False,958,2065082011,9.992007221626409e-16,0,0
500,500,0.00181338944585141,0.0007780351554036447,0.0008073134887354172,-0.00029854121737571404,0.0010353542904477653,0.0011058547061111312,0.003267503140657667,0.3168640536453698,0.33844028865678466,0.7513467586296585,0.7350314175120853,0.919,0.765,0.743,True,999,0.00011616700794547796,0.0008535829838365316,near_2x2_bal_strong_500,near_boundary,False,959,2065082011,9.992007221626409e-16,0,0
500,500,0.003344323973138552,0.0016048775046804686,0.002338185427333883,0.0005631352681803037,0.0017394464684580835,0.0017750501591535794,0.0045139545738345456,0.3853486870561142,0.3932361591414283,0.6999790943134168,0.6941450653184108,0.83,0.7,0.695,True,999,0.00011795898899435997,0.00084920902736485,near_2x2_bal_strong_500,near_boundary,False,960,2065082011,9.992007221626409e-16,0,0
500,500,0.0006163774309434489,0.0010419456546693628,-0.0003896989232998749,-4.785950210361989e-06,-0.00042556822372591396,-0.0003849129730895129,0.0026431959534980584,-0.16100517374154893,-0.14562407776847244,0.8720893257504037,0.88421815929652,0.973,0.862,0.871,True,999,0.0001218749675899744,0.000886084046214819,near_2x2_bal_strong_500,near_boundary,False,961,2065082011,9.992007221626409e-16,0,0
500,500,0.00038181099150691455,0.005618954787939612,-0.0006242391779096579,0.004586607948368737,-0.005237143796432697,-0.005210847126278395,0.005244615105881985,-0.9985754322674875,-0.9935613998507311,0.3180004062892221,0.3204364443142971,0.712,0.322,0.323,True,999,0.00011725001968443394,0.0008816670160740614,near_2x2_bal_strong_500,near_boundary,False,962,2065082011,9.992007221626409e-16,0,0
500,500,1.1102230246251565e-16,0.0002265825042370717,-0.001006033367730197,-0.000909028873962825,-0.0002265825042369607,-9.700449376737197e-05,0.0009201918906877495,-0.24623397198992203,-0.10541767945256615,0.8055011191175057,0.9160443880526348,0.99,0.796,0.918,True,999,0.00011975003872066736,0.0008852090686559677,near_2x2_bal_strong_500,near_boundary,False,963,2065082011,9.992007221626409e-16,0,0
500,500,0.0002849540900260461,0.0016048775046804686,-0.0007210954629499611,0.0005631352681803037,-0.0013199234146544225,-0.0012842307311302648,0.0028610150113566857,-0.46134795148401486,-0.44887241976451075,0.6445489872940324,0.6535236928671677,0.913,0.625,0.633,True,999,0.00011208292562514544,0.0008300410117954016,near_2x2_bal_strong_500,near_boundary,False,964,2065082011,9.992007221626409e-16,0,0
500,500,0.003318131716652961,0.008918810433226454,0.0023119856881521628,0.007891933272730967,-0.005600678716573493,-0.005579947584578804,0.007399459285985108,-0.7569037817643538,-0.7541020727213762,0.4491075095296577,0.450787932910227,0.708,0.442,0.442,True,999,0.00014575000386685133,0.0008308750111609697,near_2x2_bal_strong_500,near_boundary,False,965,2065082011,9.992007221626409e-16,0,0
500,500,0.0035689153564743004,0.0005177274539915344,0.0025627935851844086,-0.0005450924436729565,0.003051187902482766,0.003107886028857365,0.00405525967547541,0.7524025948165862,0.7663839747803618,0.45180898662237623,0.4434478651902499,0.854,0.467,0.455,True,999,0.00011074997019022703,0.000821333029307425,near_2x2_bal_strong_500,near_boundary,False,966,2065082011,9.992007221626409e-16,0,0
500,500,0.000690791727848139,0.003751621557296636,-0.00031527743982451284,0.0027168777349970696,-0.003060829829448497,-0.0030321551748215825,0.004445784611467986,-0.6884791093012083,-0.6820292568830438,0.4911511213673946,0.49522045121729996,0.847,0.511,0.514,True,999,0.00010820908937603235,0.000838541891425848,near_2x2_bal_strong_500,near_boundary,False,967,2065082011,9.992007221626409e-16,0,0
500,500,0.0011609072786076258,0.006061298378361668,0.00015483818492612045,0.00502589273060039,-0.004900391099754042,-0.004871054545674269,0.005758702266020743,-0.8509540645413862,-0.8458597650404599,0.3947948702996975,0.3976309802218675,0.728,0.389,0.393,True,999,0.00011324998922646046,0.0008564579766243696,near_2x2_bal_strong_500,near_boundary,False,968,2065082011,9.992007221626409e-16,0,0
500,500,0.009108355875386165,0.0005447916440597389,0.00810209004077933,-0.0005085934081989762,0.008563564231326426,0.008610683448978307,0.0061993648814575465,1.3813615418799203,1.388962194293979,0.16716782446977563,0.16484424645397067,0.629,0.154,0.149,True,999,0.00012312503531575203,0.0008558749686926603,near_2x2_bal_strong_500,near_boundary,False,969,2065082011,9.992007221626409e-16,0,0
500,500,0.0004542093386322721,0.0008316151924010473,-0.0005518627611991178,-0.00023135451340294821,-0.0003774058537687752,-0.0003205082477961696,0.0023358023348797638,-0.16157439699973686,-0.1372154839517565,0.8716410205894635,0.8908604722508885,0.97,0.87,0.883,True,999,0.00011983304284512997,0.000865875044837594,near_2x2_bal_strong_500,near_boundary,False,970,2065082011,9.992007221626409e-16,0,0
500,500,0.014935397628074387,2.3797827019389484e-05,0.013929009444723306,-0.0010386514876472575,0.014911599801054998,0.014967660932370563,0.0076769697309884465,1.9423809554522053,1.9496834632489042,0.052090999085738145,0.05121385851801444,0.388,0.034,0.034,True,999,0.00011483300477266312,0.0008854169864207506,near_2x2_bal_strong_500,near_boundary,False,971,2065082011,9.992007221626409e-16,0,0
500,500,0.00027911256606139023,0.0016761337155535294,-0.0007269326961818479,0.000634419352849136,-0.0013970211494921392,-0.0013613520490309838,0.0029143246168564624,-0.4793636032896832,-0.46712436945318975,0.6316799815876903,0.640410899844411,0.928,0.634,0.641,True,999,0.00011374999303370714,0.0008222080068662763,near_2x2_bal_strong_500,near_boundary,False,972,2065082011,9.992007221626409e-16,0,0
500,500,0.002050494579578288,0.0004570371394177486,0.0010444169920447166,-0.0006058613824961867,0.0015934574401605395,0.0016502783745409033,0.0031837863839730396,0.500491316936932,0.518338285146356,0.6167291686394538,0.6042222654657556,0.923,0.642,0.622,True,999,0.00011258397717028856,0.000830666976980865,near_2x2_bal_strong_500,near_boundary,False,973,2065082011,9.992007221626409e-16,0,0
500,500,0.0003801098297175898,2.9744689607758e-05,-0.0006259606405478735,-0.001032744559239518,0.0003503651401098318,0.00040678391869164443,0.001280934515932801,0.27352306909669705,0.3175680830143113,0.7844511616273541,0.7508125878049232,0.988,0.805,0.765,True,999,0.00011424999684095383,0.0008522500284016132,near_2x2_bal_strong_500,near_boundary,False,974,2065082011,9.992007221626409e-16,0,0
500,500,0.0032568383479303353,0.0019801432108765282,0.0022506790730858484,0.0009330258694433269,0.001276695137053807,0.0013176532036425215,0.004677015734010473,0.27297217064503215,0.28172947849218655,0.7848746080514707,0.7781509491071814,0.929,0.781,0.771,True,999,0.00011445803102105856,0.00085958291310817,near_2x2_bal_strong_500,near_boundary,False,975,2065082011,9.992007221626409e-16,0,0
500,500,0.014171011474426898,0.0038221580273429256,0.013164594031877641,0.002774385057790596,0.010348853447083972,0.010390208974087045,0.008596299757780692,1.2038730312675527,1.2086838833979292,0.2286386568921167,0.2267843157483017,0.612,0.229,0.227,True,999,0.00011854199692606926,0.0008449170272797346,near_2x2_bal_strong_500,near_boundary,False,976,2065082011,9.992007221626409e-16,0,0
500,500,0.02506988328500792,0.0032706350387098904,0.02406327091023286,0.002232628075688581,0.02179924824629803,0.021830642834544278,0.010612076628014552,2.054192502601305,2.0571508857101652,0.039957063769892325,0.039671714220545225,0.324,0.04,0.04,True,999,0.00011575000826269388,0.0008665409404784441,near_2x2_bal_strong_500,near_boundary,False,977,2065082011,9.992007221626409e-16,0,0
500,500,0.011107381198513067,0.005748845624408694,0.01010107685328876,0.004713545941541497,0.005358535574104373,0.0053875309117472625,0.008417710048664784,0.6365787777347288,0.6400233413363806,0.5243992523856726,0.5221574247237666,0.793,0.539,0.535,True,999,0.00011537503451108932,0.0008735420415177941,near_2x2_bal_strong_500,near_boundary,False,978,2065082011,9.992007221626409e-16,0,0
500,500,0.0016079732864233698,4.878756972859222e-07,0.0006018886128913437,-0.0010968257071795051,0.0016074854107260839,0.0016987143200708488,0.002534393880122356,0.6342681866989347,0.6702645288856356,0.5259058145838869,0.5026891747751472,0.886,0.51,0.51,True,999,0.00011458294466137886,0.0008619580185040832,near_2x2_bal_strong_500,near_boundary,False,979,2065082011,9.992007221626409e-16,0,0
500,500,0.0007808332977287114,0.00401357300809424,-0.00022522605308950006,0.0029711138367360945,-0.0032327397103655287,-0.0031963398898255946,0.004673591562758797,-0.6917035147284584,-0.6839151104464104,0.48912353930551544,0.4940287717804812,0.862,0.506,0.511,True,999,0.00012004096060991287,0.0008753329748287797,near_2x2_bal_strong_500,near_boundary,False,980,2065082011,9.992007221626409e-16,0,0
500,500,0.0007969179064738485,0.0004988813626035093,-0.0002091982975684914,-0.0005545148623298246,0.0002980365438703392,0.0003453165647613332,0.002303812963645113,0.12936664068370513,0.14988914908047496,0.8970675427105704,0.8808520727795693,0.989,0.897,0.874,True,999,0.00011970801278948784,0.0008223330369219184,near_2x2_bal_strong_500,near_boundary,False,981,2065082011,9.992007221626409e-16,0,0
500,500,0.004246269571072547,0.007060096984260189,0.0032401277233020664,0.006031890422377728,-0.0028138274131876417,-0.0027917626990756617,0.007034751786427302,-0.39998958010381824,-0.3968530495222345,0.6891641914686031,0.6914758281857427,0.871,0.689,0.693,True,999,0.00011679204180836678,0.00083754095248878,near_2x2_bal_strong_500,near_boundary,False,982,2065082011,9.992007221626409e-16,0,0
500,500,0.0006601600063539381,0.0037929645313806715,-0.00034589299156095876,0.0027581843391146776,-0.0031328045250267333,-0.0031040773306756364,0.004454212668693951,-0.7033351925572345,-0.6968857487412705,0.4818468837724521,0.48587429713824926,0.82,0.495,0.496,True,999,0.00011570809874683619,0.0008373750606551766,near_2x2_bal_strong_500,near_boundary,False,983,2065082011,9.992007221626409e-16,0,0
500,500,0.005495587924465806,0.001405782041623116,0.004489416038722993,0.0003641652598105338,0.00408980588284269,0.004125250778912459,0.005290883845941112,0.7729910544114806,0.7796902935370874,0.43952767482001776,0.4355731935286692,0.796,0.426,0.422,True,999,0.00011549994815140963,0.0008682500338181853,near_2x2_bal_strong_500,near_boundary,False,984,2065082011,9.992007221626409e-16,0,0
500,500,1.6725280476359572e-05,0.00043371662090474494,-0.000989374995469916,-0.0006196492239212148,-0.00041699134042838537,-0.00036972577154870123,0.0013796766378217017,-0.3022384586338657,-0.2679800189502677,0.7624702885278809,0.7887146989744288,0.969,0.764,0.783,True,999,0.0001217500539496541,0.0008664169581606984,near_2x2_bal_strong_500,near_boundary,False,985,2065082011,9.992007221626409e-16,0,0
500,500,0.0013452052813268667,0.001311665162779252,0.00033911771237171706,0.0002483876521353068,3.354011854761474e-05,9.073006023641028e-05,0.003355032751178093,0.009996957119371605,0.027042973039399138,0.9920237151168572,0.9784254590231826,0.998,0.997,0.99,True,999,0.00011799996718764305,0.0008468750165775418,near_2x2_bal_strong_500,near_boundary,False,986,2065082011,9.992007221626409e-16,0,0
500,500,0.00044032907066049454,0.0013438426781387514,-0.0005658189943460457,0.0002805119624440522,-0.0009035136074782568,-0.0008463309567900978,0.002792103528940199,-0.3235960264772862,-0.30311589381191045,0.7462438966538201,0.7618015420956932,0.965,0.732,0.749,True,999,0.00010924995876848698,0.000852875062264502,near_2x2_bal_strong_500,near_boundary,False,987,2065082011,9.992007221626409e-16,0,0
500,500,0.01483903854951163,4.844437439421867e-06,0.01383267061692095,-0.0010922530503592043,0.014834194112072208,0.014924923667280154,0.007648090871810956,1.9395943851487853,1.9514574182545181,0.05242900378931791,0.051002656883230434,0.397,0.047,0.045,True,999,0.00011708401143550873,0.0008681250037625432,near_2x2_bal_strong_500,near_boundary,False,988,2065082011,9.992007221626409e-16,0,0
500,500,0.0026543956591127404,0.0005585634711702259,0.0016482892869476018,-0.0004948458414730794,0.0020958321879425146,0.002143135128420681,0.0036018227756233613,0.5818809859626679,0.5950140420359168,0.5606468487383971,0.5518340847204362,0.88,0.554,0.542,True,999,0.00012262503150850534,0.0008081250125542283,near_2x2_bal_strong_500,near_boundary,False,989,2065082011,9.992007221626409e-16,0,0
500,500,8.524671173892884e-05,0.0019167296284500757,-0.0009208885740008554,0.0008627025644898367,-0.0018314829167111468,-0.0017835911384906922,0.0030051999303356484,-0.6094379605907251,-0.5935016570732731,0.5422341827824682,0.5528454743338551,0.906,0.538,0.549,True,999,0.00011374999303370714,0.0008306659292429686,near_2x2_bal_strong_500,near_boundary,False,990,2065082011,9.992007221626409e-16,0,0
500,500,0.0011597158504943472,0.005669304375889583,0.00015365523609034426,0.004630576111168239,-0.004509588525395236,-0.004476920875077894,0.005614286925815211,-0.8032344240654267,-0.7974157598701338,0.421839252164793,0.4252096093536619,0.779,0.414,0.419,True,999,0.00011508294846862555,0.0008457499789074063,near_2x2_bal_strong_500,near_boundary,False,991,2065082011,9.992007221626409e-16,0,0
500,500,0.0014497405433699928,0.0011527930224309868,0.0004434864931113225,9.907151277843695e-05,0.000296947520939006,0.00034441498033288553,0.0032952387304032347,0.0901141147071517,0.10451897677554302,0.9281965329407731,0.9167575094670057,0.983,0.93,0.917,True,999,0.00011470902245491743,0.0008438749937340617,near_2x2_bal_strong_500,near_boundary,False,992,2065082011,9.992007221626409e-16,0,0
500,500,0.006303357354940697,0.0021431111815657933,0.005297183671586936,0.001101223782541183,0.004160246173374904,0.004195959889045753,0.005883315961053329,0.7071260834731826,0.7131964213417024,0.47948812796067786,0.475724220448803,0.795,0.467,0.464,True,999,0.00011483300477266312,0.0008511249907314777,near_2x2_bal_strong_500,near_boundary,False,993,2065082011,9.992007221626409e-16,0,0
500,500,0.000868066597873085,5.569866337629126e-05,-0.0001380819097676067,-0.0010064580650350763,0.0008123679344967938,0.0008683761552674696,0.0019203445510228981,0.42303238450832936,0.45219809893225515,0.6722716334121858,0.6511262776015923,0.951,0.666,0.648,True,999,0.00011570798233151436,0.0008734579896554351,near_2x2_bal_strong_500,near_boundary,False,994,2065082011,9.992007221626409e-16,0,0
500,500,0.004927260662659583,0.0008664567281172486,0.003921108864517464,-0.0001965746721452888,0.004060803934542334,0.004117683536662753,0.004838692096219758,0.8392358624585451,0.8509910229418617,0.40133696647273,0.39477433953494356,0.816,0.403,0.399,True,999,0.00012025004252791405,0.0008938750252127647,near_2x2_bal_strong_500,near_boundary,False,995,2065082011,9.992007221626409e-16,0,0
500,500,0.0049571162113934975,0.0028120127617528023,0.003950949937063797,0.001764449767563292,0.002145103449640695,0.002186500169500505,0.005713586151440685,0.3754390662508529,0.3826843792228769,0.7073339555019345,0.7019537979809833,0.896,0.746,0.738,True,999,0.0001276669790968299,0.0008854590123519301,near_2x2_bal_strong_500,near_boundary,False,996,2065082011,9.992007221626409e-16,0,0
500,500,0.004385470227237787,0.00819105967298428,0.003379310934633395,0.007157983166734994,-0.0038055894457464934,-0.0037786722321015986,0.007524119287725973,-0.5057853683891637,-0.5022079113319896,0.6130073311244011,0.6155212784860136,0.81,0.602,0.603,True,999,0.00012179207988083363,0.0008527499157935381,near_2x2_bal_strong_500,near_boundary,False,997,2065082011,9.992007221626409e-16,0,0
500,500,0.00020009339952464789,0.0037221143941537083,-0.0008059470256966961,0.0026839528590016926,-0.0035220209946290604,-0.0034898998846983886,0.004223703603002068,-0.8338703009666031,-0.8262653378939478,0.40435407456404016,0.40865359149838565,0.791,0.427,0.43,True,999,0.0001128750154748559,0.0008384590037167072,near_2x2_bal_strong_500,near_boundary,False,998,2065082011,9.992007221626409e-16,0,0
500,500,0.00827612568379088,0.008012419036539264,0.00726987732514317,0.006979494039455858,0.00026370664725161586,0.0002903832856873123,0.00843031167080908,0.031280770812392424,0.03444514236558984,0.975045625572055,0.9725221864095746,0.989,0.977,0.975,True,999,0.00011350004933774471,0.0008541250135749578,near_2x2_bal_strong_500,near_boundary,False,999,2065082011,9.992007221626409e-16,0,0
500,500,3.3013199248754788e-06,0.004690255562982304,-0.0010027925429199058,0.003655252078488047,-0.0046869542430574285,-0.004658044621407953,0.00464970510501745,-1.0080110753690128,-1.0017935581294186,0.31344914530933565,0.3164433091261216,0.741,0.305,0.306,True,999,0.00011366605758666992,0.0008445419371128082,near_2x2_bal_strong_500,near_boundary,False,1000,2065082011,9.992007221626409e-16,0,0
500,500,7.405449920605545e-05,0.004408144883983889,-0.0009319931780282786,0.003369619093888332,-0.004334090384777833,-0.0043016122719166106,0.004551977428020677,-0.9521335404913055,-0.94499859455302,0.34102926077974394,0.34465959355051956,0.759,0.325,0.329,True,999,0.00011304207146167755,0.0008446669671684504,near_2x2_bal_strong_500,near_boundary,False,1001,2065082011,9.992007221626409e-16,0,0
500,500,0.0017830372572392728,0.004003628343728971,0.0007769611822254774,0.0029611796062170015,-0.0022205910864896983,-0.002184218423991524,0.005078549564317735,-0.4372490724697728,-0.43008705464607544,0.6619307247447858,0.6671323164587291,0.847,0.668,0.679,True,999,0.00011483300477266312,0.0008483330020681024,near_2x2_bal_strong_500,near_boundary,False,1002,2065082011,9.992007221626409e-16,0,0
500,500,0.0018424599720208157,0.0027989117382407613,0.0008363736472460914,0.001751516159259836,-0.0009564517662199457,-0.0009151425120137446,0.004496400984258847,-0.21271496238176363,-0.20352778037757452,0.8315492955486158,0.8387225344510669,0.946,0.856,0.867,True,999,0.00011491694021970034,0.0008715000003576279,near_2x2_bal_strong_500,near_boundary,False,1003,2065082011,9.992007221626409e-16,0,0
500,500,6.863614933327877e-05,0.00020670757940716156,-0.0009374038846203803,-0.0008902736150844248,-0.00013807143007388278,-4.713026953595545e-05,0.0010286732140528637,-0.13422283013465078,-0.04581656146198963,0.8932263734220864,0.9634564585344543,0.985,0.905,0.97,True,999,0.00011491705663502216,0.0008677500300109386,near_2x2_bal_strong_500,near_boundary,False,1004,2065082011,9.992007221626409e-16,0,0
500,500,0.0070496481573585346,0.0013680951970592714,0.00604341912264772,0.00032652246017050857,0.005681552960299263,0.005716896662477211,0.005828262120110358,0.9748279749970619,0.9808921672810696,0.32964559796029114,0.32664592047545626,0.718,0.344,0.343,True,999,0.00011379097122699022,0.0008945830632001162,near_2x2_bal_strong_500,near_boundary,False,1005,2065082011,9.992007221626409e-16,0,0
500,500,0.0042332137052977226,0.003408652929032141,0.0032270867274064585,0.0023768754583386453,0.0008245607762655816,0.0008502112690678132,0.005664390524089774,0.14556919632550977,0.15009757280187455,0.8842614866750149,0.8806876349157811,0.944,0.867,0.865,True,999,0.00012283306568861008,0.0008443329716101289,near_2x2_bal_strong_500,near_boundary,False,1006,2065082011,9.992007221626409e-16,0,0
500,500,0.0015561701345596646,0.001036551895051585,0.000550095203550427,-2.652974515626738e-05,0.0005196182395080795,0.0005766249487066943,0.003286741633778839,0.1580952497658488,0.17543969467528117,0.8743817436780507,0.8607341523913946,0.971,0.857,0.841,True,999,0.00011387490667402744,0.0008546670433133841,near_2x2_bal_strong_500,near_boundary,False,1007,2065082011,9.992007221626409e-16,0,0
500,500,0.010214116416469299,0.0050848000060237375,0.009207838508586974,0.00403605484835623,0.005129316410445561,0.005171783660230744,0.008064127356247178,0.6360658982489834,0.641332091094051,0.524733471389746,0.5213069436025801,0.786,0.534,0.534,True,999,0.00011679099407047033,0.0008561250288039446,near_2x2_bal_strong_500,near_boundary,False,1008,2065082011,9.992007221626409e-16,0,0
500,500,0.0001458607927726785,0.00010105952126460149,-0.0008602862342286244,-0.0009749756121948394,4.4801271508077e-05,0.00011468937796621503,0.0010009156329831381,0.04476028751249581,0.11458446065468451,0.9642983793215705,0.9087744971750098,0.998,0.957,0.903,True,999,0.00011416606139391661,0.0008463750127702951,near_2x2_bal_strong_500,near_boundary,False,1009,2065082011,9.992007221626409e-16,0,0
500,500,0.00028557295793274484,0.000652524622568873,-0.0007204724631151294,-0.0003940346547040008,-0.00036695166463612816,-0.00032643780841112857,0.001980938026874667,-0.18524136528141122,-0.16478951081884713,0.8530397256859071,0.8691096603238125,0.989,0.856,0.864,True,999,0.00011800008360296488,0.0008492919150739908,near_2x2_bal_strong_500,near_boundary,False,1010,2065082011,9.992007221626409e-16,0,0
500,500,0.004241339114893994,0.0004988813626035093,0.003235207294551401,-0.0005545148623298246,0.0037424577522904845,0.0037897221568812256,0.004360614709121785,0.8582408678441128,0.8690797994497579,0.3907594737210516,0.3848034848375732,0.819,0.411,0.401,True,999,0.00011579098645597696,0.000914249918423593,near_2x2_bal_strong_500,near_boundary,False,1011,2065082011,9.992007221626409e-16,0,0
500,500,0.009837637225826423,0.0044329261944878184,0.008831387444899974,0.0033945356968558826,0.005404711031338605,0.0054368517480440914,0.007715624119943219,0.7004891564596305,0.7046548229314341,0.4836218746952362,0.4810250722460796,0.773,0.484,0.479,True,999,0.00012087507639080286,0.000876916921697557,near_2x2_bal_strong_500,near_boundary,False,1012,2065082011,9.992007221626409e-16,0,0
500,500,0.0005160946217868112,0.0020118559229130306,-0.0004899560772742007,0.0009741228766984023,-0.0014957613011262194,-0.001464078953972603,0.0033049634973869656,-0.4525802788166427,-0.44299398620594793,0.6508510022011451,0.6577700845558645,0.91,0.651,0.658,True,999,0.00011479097884148359,0.0008570420322939754,near_2x2_bal_strong_500,near_boundary,False,1013,2065082011,9.992007221626409e-16,0,0
500,500,0.0022152097813574745,0.00028170231555313396,0.0012090900804082594,-0.0008151448217006418,0.0019335074658043405,0.0020242349021089012,0.0031465216366929694,0.6144904402553161,0.6433246409315638,0.5388912883234158,0.5200134706279527,0.867,0.524,0.506,True,999,0.0001154579222202301,0.0008583329617977142,near_2x2_bal_strong_500,near_boundary,False,1014,2065082011,9.992007221626409e-16,0,0
500,500,0.003171889143574247,0.00046418417175464466,0.0021657233372707196,-0.0005823328932876848,0.0027077049718196022,0.0027480562305584044,0.0038217653295297103,0.7084958751647895,0.7190541526254748,0.47863737280419905,0.4721075544262989,0.867,0.505,0.501,True,999,0.0001169170718640089,0.0008790000574663281,near_2x2_bal_strong_500,near_boundary,False,1015,2065082011,9.992007221626409e-16,0,0
500,500,0.00040366129289204356,0.004679816080687127,-0.000602433356164056,0.0036501114625480113,-0.004276154787795083,-0.004252544818712067,0.004771023051631051,-0.8962762790117333,-0.891327661319571,0.3701052248821496,0.37275341317912924,0.734,0.391,0.392,True,999,0.00012079207226634026,0.0008526660967618227,near_2x2_bal_strong_500,near_boundary,False,1016,2065082011,9.992007221626409e-16,0,0
500,500,0.002578312122194615,0.0019167296284500757,0.001572219554361709,0.0008627025644898367,0.0006615824937445391,0.0007095169898718723,0.004356271766037018,0.15186896715270662,0.16287252677932287,0.8792902849643865,0.8706188024111107,0.975,0.874,0.865,True,999,0.0001163750421255827,0.0008338328916579485,near_2x2_bal_strong_500,near_boundary,False,1017,2065082011,9.992007221626409e-16,0,0
500,500,0.0034680322937522545,0.0019801432108765282,0.002461848146936063,0.0009330258694433269,0.0014878890828757263,0.0015288222774927362,0.004765496967027803,0.3122211792747629,0.32081067054927725,0.7548724373415863,0.748353872554135,0.924,0.751,0.748,True,999,0.00011820800136774778,0.000836416962556541,near_2x2_bal_strong_500,near_boundary,False,1018,2065082011,9.992007221626409e-16,0,0
500,500,0.0018387974534109786,0.002543652722992451,0.0008327103134888603,0.0014659598749773295,-0.0007048552695814725,-0.0006332495614884692,0.0044279679607650314,-0.1591825586424733,-0.14301132417838477,0.8735250448334927,0.8862812377248181,0.963,0.872,0.888,True,999,0.00011574989184737206,0.0008771670982241631,near_2x2_bal_strong_500,near_boundary,False,1019,2065082011,9.992007221626409e-16,0,0
500,500,0.004718950729542315,0.00520418408998885,0.0037127921310116108,0.004169037486576599,-0.0004852333604465353,-0.00045624535556498813,0.006554244848128906,-0.07403345033487096,-0.06961066700082713,0.9409837687653111,0.9445035464996049,0.978,0.949,0.951,True,999,0.00011479097884148359,0.0008686670335009694,near_2x2_bal_strong_500,near_boundary,False,1020,2065082011,9.992007221626409e-16,0,0
500,500,0.0009657562931894015,0.007414476413367566,-4.029955448459077e-05,0.0063752458227668285,-0.006448720120178164,-0.006415545377251419,0.006325393880178509,-1.0194970056151151,-1.0142523135761414,0.3079670740216408,0.31046237205585314,0.675,0.309,0.31,True,999,0.0001140000531449914,0.0008496670052409172,near_2x2_bal_strong_500,near_boundary,False,1021,2065082011,9.992007221626409e-16,0,0
500,500,0.0018224026604324317,5.285109462294102e-07,0.0008162321947793316,-0.0010965980454784585,0.0018218741494862023,0.0019128302402577901,0.002697797990421462,0.6753189660437033,0.7090339035944494,0.49947313667067106,0.47830343785566354,0.881,0.477,0.461,True,999,0.00011370808351784945,0.0008792500011622906,near_2x2_bal_strong_500,near_boundary,False,1022,2065082011,9.992007221626409e-16,0,0
500,500,0.004618988108429534,0.0008074656981522099,0.003612782532854908,-0.0002460593387354493,0.0038115224102773237,0.003858841871590357,0.004678207741840136,0.8147398791610933,0.8248547487702015,0.41522122102517955,0.4094540595673287,0.781,0.423,0.416,True,999,0.0001192920608446002,0.0008173339301720262,near_2x2_bal_strong_500,near_boundary,False,1023,2065082011,9.992007221626409e-16,0,0
500,500,0.00020001653679890818,0.005507965825493899,-0.000806020762126991,0.004468646961214517,-0.005307949288694991,-0.0052746677233415085,0.005170942341911193,-1.026495547179735,-1.0200592802185409,0.30465806144070107,0.30770034712757366,0.696,0.308,0.314,True,999,0.00011554197408258915,0.0008350000716745853,near_2x2_bal_strong_500,near_boundary,False,1024,2065082011,9.992007221626409e-16,0,0
500,500,0.0013446228573644747,7.854230402437601e-05,0.0003385082952149787,-0.000983879225941564,0.0012660805533400987,0.0013223875211565428,0.0023861945431776733,0.5305856376882293,0.5541826105240906,0.5957059504561139,0.5794538779900702,0.935,0.606,0.593,True,999,0.00012516696006059647,0.0008517920505255461,near_2x2_bal_strong_500,near_boundary,False,1025,2065082011,9.992007221626409e-16,0,0
500,500,0.0002912028663769606,0.008477029945830605,-0.0007148390138240757,0.0074437034901677634,-0.008185827079453645,-0.008158542503991839,0.006463023516564951,-1.2665630967415002,-1.2623414541322981,0.20531155480011842,0.20682594615126326,0.511,0.191,0.193,True,999,0.00014050002209842205,0.0008322499925270677,near_2x2_bal_strong_500,near_boundary,False,1026,2065082011,9.992007221626409e-16,0,0
500,500,0.0017943682141555728,0.0022324999117975253,0.0007882834760266633,0.0011783390507957847,-0.0004381316976419525,-0.00039005557476912145,0.004170847250578093,-0.10504621035479686,-0.09351950607039336,0.9163391409705324,0.9254908539995681,0.988,0.918,0.93,True,999,0.00011408294085413218,0.000835041981190443,near_2x2_bal_strong_500,near_boundary,False,1027,2065082011,9.992007221626409e-16,0,0
500,500,0.009228880334282152,0.0021431111815657933,0.008222640268854775,0.001101223782541183,0.007085769152716359,0.007121416486313592,0.006792355913052577,1.0431975655309733,1.048445720081993,0.2968568007682386,0.2944332982839837,0.657,0.302,0.296,True,999,0.00012112502008676529,0.0008681670296937227,near_2x2_bal_strong_500,near_boundary,False,1028,2065082011,9.992007221626409e-16,0,0
500,500,0.0031089042939207445,0.0011239742870998715,0.0021027224792078414,7.029521887602641e-05,0.001984930006820873,0.002032427260331815,0.004163281436818152,0.47677055633737897,0.48817916616396867,0.6335255143180276,0.6254229401556213,0.895,0.617,0.613,True,999,0.00011516700033098459,0.0008783750236034393,near_2x2_bal_strong_500,near_boundary,False,1029,2065082011,9.992007221626409e-16,0,0
500,500,0.002271207176362644,0.005247307592215922,0.0012651157175014305,0.004217307238917556,-0.0029761004158532778,-0.0029521915214161254,0.005738985295755149,-0.5185760657122708,-0.5144100166278034,0.6040564031566942,0.606965357578055,0.847,0.573,0.575,True,999,0.00011433300096541643,0.000907834037207067,near_2x2_bal_strong_500,near_boundary,False,1030,2065082011,9.992007221626409e-16,0,0
500,500,0.0032371236305069884,0.0019035551350815028,0.0022310120751285467,0.0008659337649703502,0.0013335684954254856,0.0013650783101581965,0.004611811846363443,0.2891636822688345,0.2959960977667819,0.7724561225566046,0.7672330614764609,0.932,0.767,0.765,True,999,0.00011520890984684229,0.0008544999873265624,near_2x2_bal_strong_500,near_boundary,False,1031,2065082011,9.992007221626409e-16,0,0
500,500,0.0002043475840640685,0.0007812113383683927,-0.000801708765834519,-0.0002817838891644442,-0.0005768637543043242,-0.0005199248766700748,0.00205564484367716,-0.28062423140780685,-0.252925440048305,0.7789986285792858,0.800325830164794,0.96,0.769,0.794,True,999,0.00011374999303370714,0.0008602919988334179,near_2x2_bal_strong_500,near_boundary,False,1032,2065082011,9.992007221626409e-16,0,0
500,500,0.004245093524251842,0.0031519373271288176,0.003238965757418555,0.0021139117492054993,0.0010931561971230241,0.0011250540082130556,0.005582662052762317,0.19581271207024387,0.20152643982029608,0.8447567598939612,0.8402869575150478,0.955,0.858,0.856,True,999,0.00011262495536357164,0.0008542080176994205,near_2x2_bal_strong_500,near_boundary,False,1033,2065082011,9.992007221626409e-16,0,0
500,500,9.311861961858181e-05,0.00018810468322338902,-0.0009129728059633635,-0.0009475263389617794,-9.498606360480721e-05,3.4553532998415903e-05,0.001038976028661335,-0.09142276720974175,0.03325729568846384,0.9271566718834625,0.9734694080096965,0.997,0.935,0.975,True,999,0.00011291599366813898,0.0008463750127702951,near_2x2_bal_strong_500,near_boundary,False,1034,2065082011,9.992007221626409e-16,0,0
500,500,0.007229087764684783,0.007114768768062052,0.006222882596318868,0.006082029666742983,0.00011431899662273093,0.00014085292957588536,0.00789122802563909,0.014486844918344953,0.017849304204395747,0.9884415743982335,0.985759071945981,0.997,0.992,0.991,True,999,0.00011358398478478193,0.0008532090578228235,near_2x2_bal_strong_500,near_boundary,False,1035,2065082011,9.992007221626409e-16,0,0
500,500,0.0032852156653312425,0.005379372844783681,0.0022790679083755094,0.004340743952354842,-0.0020941571794524383,-0.0020616760439793325,0.006203682324770381,-0.33756679820479846,-0.3323310150404328,0.7356896660783487,0.739639322854343,0.903,0.757,0.76,True,999,0.00011599995195865631,0.0008712080307304859,near_2x2_bal_strong_500,near_boundary,False,1036,2065082011,9.992007221626409e-16,0,0
500,500,2.988603811060475e-05,0.0022940728801563726,-0.0009762549893252981,0.0012521437448640427,-0.002264186842045768,-0.0022283987341893408,0.003224145983017735,-0.7022594057377437,-0.6911593786158544,0.4825174042205519,0.48946538838128595,0.835,0.49,0.497,True,999,0.00011495803482830524,0.0008517499081790447,near_2x2_bal_strong_500,near_boundary,False,1037,2065082011,9.992007221626409e-16,0,0
500,500,7.089614824318247e-05,0.0019545996455819226,-0.0009351429917501264,0.0009075131563065497,-0.00188370349733874,-0.001842656148056676,0.0030080053892508254,-0.6262300938921841,-0.6125840580743137,0.5311640309593151,0.5401514019222388,0.904,0.535,0.55,True,999,0.0001252919901162386,0.0008580840658396482,near_2x2_bal_strong_500,near_boundary,False,1038,2065082011,9.992007221626409e-16,0,0
500,500,0.0004808098402515615,9.024909650240387e-05,-0.0005252574052292402,-0.0009722979191337799,0.0003905607437491576,0.0004470405139045397,0.0015145186940966134,0.2578777966039706,0.29517002044744806,0.7965012211873671,0.7678640024570782,0.979,0.796,0.774,True,999,0.00011833303142338991,0.000881291925907135,near_2x2_bal_strong_500,near_boundary,False,1039,2065082011,9.992007221626409e-16,0,0
500,500,0.004872194400204033,0.0038378439068130765,0.0038659923063733004,0.002790052422142253,0.0010343504933909564,0.0010759398842310475,0.006123541574946767,0.16891377003510394,0.17570549184038173,0.8658644679124352,0.8605253205675514,0.962,0.872,0.869,True,999,0.00011483393609523773,0.0008347500115633011,near_2x2_bal_strong_500,near_boundary,False,1040,2065082011,9.992007221626409e-16,0,0
500,500,0.002567438435761682,0.007518055808231505,0.001561344460469627,0.006482280460261336,-0.004950617372469823,-0.004920935999791709,0.00680999818470127,-0.7269630972283422,-0.7226045978759057,0.4672485623980368,0.46992284262922257,0.764,0.444,0.448,True,999,0.0001080839429050684,0.0008470830507576466,near_2x2_bal_strong_500,near_boundary,False,1041,2065082011,9.992007221626409e-16,0,0
500,500,7.089614824318247e-05,0.0024850404244647906,-0.0009351429917501264,0.001437722971218136,-0.002414144276221608,-0.0023728659629682625,0.003406155537348678,-0.7087592594496601,-0.6966405194800003,0.4784738837148551,0.48602779133295704,0.89,0.497,0.498,True,999,0.00011270795948803425,0.0008505419827997684,near_2x2_bal_strong_500,near_boundary,False,1042,2065082011,9.992007221626409e-16,0,0
500,500,0.004859988311783692,0.004182807578008152,0.0038538247086421507,0.0031343962464802644,0.0006771807337755398,0.0007194284621618863,0.006259049350406406,0.10819226624752044,0.11494212968862005,0.9138431795860847,0.9084909917077859,0.971,0.916,0.912,True,999,0.00011324998922646046,0.0008436250500380993,near_2x2_bal_strong_500,near_boundary,False,1043,2065082011,9.992007221626409e-16,0,0
500,500,0.005598163431452585,2.70622386266961e-06,0.0045919166678913825,-0.0010731106402204205,0.005595457207589916,0.005665027308111803,0.004721968597852081,1.184983993780722,1.1997172769612865,0.23602377553246057,0.23024916081323077,0.692,0.232,0.224,True,999,0.00011612509842962027,0.0008626250782981515,near_2x2_bal_strong_500,near_boundary,False,1044,2065082011,9.992007221626409e-16,0,0
500,500,0.0031733288849423724,0.006298378434248242,0.002167216479392664,0.005262756346581909,-0.0031250495493058694,-0.0030955398671892453,0.0065088883149194724,-0.4801203213370135,-0.4755865698438464,0.6311418392048602,0.6343689452349339,0.866,0.642,0.647,True,999,0.00011483300477266312,0.0008852910250425339,near_2x2_bal_strong_500,near_boundary,False,1045,2065082011,9.992007221626409e-16,0,0
500,500,0.0012401422182306554,0.0013941243591724661,0.0002340425322131523,0.0003472525906431656,-0.00015398214094181073,-0.0001132100584300133,0.003329871412818442,-0.04624266881569413,-0.033998327381113795,0.9631168340344337,0.9728784844879904,0.989,0.957,0.967,True,999,0.00011491600889712572,0.0008715000003576279,near_2x2_bal_strong_500,near_boundary,False,1046,2065082011,9.992007221626409e-16,0,0
500,500,0.0006506262521080997,0.0008269145162201896,-0.00035542298701329855,-0.0002266413222571373,-0.00017628826411208998,-0.00012878166475616126,0.0024867488478345834,-0.07089106093910474,-0.051787161726566014,0.9434844578141527,0.9586982852829592,0.989,0.954,0.964,True,999,0.00011366698890924454,0.0008822919335216284,near_2x2_bal_strong_500,near_boundary,False,1047,2065082011,9.992007221626409e-16,0,0
500,500,0.006630348873886804,2.4065099589853922e-05,0.005624108573499598,-0.0010732499294476838,0.0066062837742969505,0.0066973585029472815,0.005141039493350903,1.2850093415623636,1.3027245777063616,0.19878901967042317,0.19266880804365893,0.721,0.207,0.202,True,999,0.0001181670231744647,0.000846958952024579,near_2x2_bal_strong_500,near_boundary,False,1048,2065082011,9.992007221626409e-16,0,0
500,500,0.001801341732365902,0.0031514197724268334,0.0007952686751764304,0.0021092482274696067,-0.0013500780400609314,-0.0013139795522931763,0.004649256008152483,-0.29038582467680113,-0.282621466744165,0.7715210870007566,0.7774670228639775,0.925,0.759,0.768,True,999,0.00011387502308934927,0.0008212920511141419,near_2x2_bal_strong_500,near_boundary,False,1049,2065082011,9.992007221626409e-16,0,0
500,500,0.008169175137711981,2.406754424755242e-06,0.00716295856943816,-0.0010734777682728236,0.008166768383287226,0.008236436337710984,0.005693926264094583,1.4342947211638788,1.4465302070469817,0.15148817609825094,0.14802854582171593,0.616,0.133,0.13,True,999,0.00011091690976172686,0.0008385829860344529,near_2x2_bal_strong_500,near_boundary,False,1050,2065082011,9.992007221626409e-16,0,0
500,500,0.0020526959795412747,0.011223868062738729,0.0010466052913784551,0.010192593157597685,-0.009171172083197454,-0.00914598786621923,0.00793386200156509,-1.1559530631347361,-1.1527787935327116,0.2477003562358966,0.2490011907572297,0.581,0.269,0.269,True,999,0.00011470809113234282,0.0008370421128347516,near_2x2_bal_strong_500,near_boundary,False,1051,2065082011,9.992007221626409e-16,0,0
500,500,0.006563144113649777,0.006716793362012308,0.005556884011866714,0.005690472800893076,-0.0001536492483625307,-0.00013358878902636206,0.007530542723884698,-0.02040347608349659,-0.017739596457325334,0.9837215109149197,0.9858465922061128,0.96,0.953,0.953,True,999,0.00011408294085413218,0.0008561250288039446,near_2x2_bal_strong_500,near_boundary,False,1052,2065082011,9.992007221626409e-16,0,0
500,500,0.0001145771371536819,8.021636005439703e-08,-0.0008914766261796103,-0.0010757180474740835,0.0001144969207936275,0.00018424142129447318,0.0006771891260325498,0.16907672671064727,0.2720678968575426,0.8657362907587068,0.7855698133588362,0.99,0.862,0.781,True,999,0.00011670798994600773,0.0008558749686926603,near_2x2_bal_strong_500,near_boundary,False,1053,2065082011,9.992007221626409e-16,0,0
500,500,0.000208738594610125,0.001185350783970529,-0.0007973627122623839,0.00013853151216380866,-0.000976612189360404,-0.0009358942244261925,0.0024512503708404546,-0.3984138874502466,-0.38180278749139146,0.6903251227408285,0.7026076510104149,0.926,0.686,0.693,True,999,0.00014395895414054394,0.0008630839874967933,near_2x2_bal_strong_500,near_boundary,False,1054,2065082011,9.992007221626409e-16,0,0
500,500,0.0038792619946587115,0.0006201891012606042,0.002873139912253464,-0.0004264103353648352,0.0032590728933981072,0.003299550247618299,0.004253935218789611,0.7661312939141147,0.7756465667469975,0.4435981843190452,0.4379576972610111,0.835,0.451,0.448,True,999,0.00012504099868237972,0.0008613340323790908,near_2x2_bal_strong_500,near_boundary,False,1055,2065082011,9.992007221626409e-16,0,0
500,500,0.0012039607527596363,0.004656462458970112,0.0001978825003448037,0.003618017848651789,-0.0034525017062104757,-0.003420135348306985,0.005148368272448863,-0.6706011542892726,-0.6643144327125164,0.5024746469829307,0.506489085551068,0.818,0.476,0.481,True,999,0.0001176660880446434,0.0008694169810041785,near_2x2_bal_strong_500,near_boundary,False,1056,2065082011,9.992007221626409e-16,0,0
500,500,0.006786413360043264,0.0032125484109576385,0.005780218665506709,0.0021649798727594316,0.0035738649490856256,0.0036152387927472773,0.006471523139367159,0.5522447918551534,0.55863800760524,0.5807806498013157,0.5764087953243298,0.836,0.589,0.581,True,999,0.00011875003110617399,0.0008311660494655371,near_2x2_bal_strong_500,near_boundary,False,1057,2065082011,9.992007221626409e-16,0,0
500,500,0.0026380717994374248,0.001555169216206076,0.0016319699709583801,0.0005082082760168305,0.0010829025832313488,0.0011237616949415496,0.00417192380399023,0.25956911825561346,0.2693629480640872,0.7951961600501463,0.7876503959088926,0.938,0.787,0.781,True,999,0.00011737493332475424,0.0008467499865218997,near_2x2_bal_strong_500,near_boundary,False,1058,2065082011,9.992007221626409e-16,0,0
500,500,0.00586363561077996,8.076887300362268e-05,0.004857470038587053,-0.0009816614407611723,0.005782866737776338,0.005839131479348225,0.004862927448909023,1.1891739694931494,1.2007441074734129,0.23437121548456696,0.22985047886621623,0.727,0.248,0.246,True,999,0.00011725001968443394,0.0008559999987483025,near_2x2_bal_strong_500,near_boundary,False,1059,2065082011,9.992007221626409e-16,0,0
500,500,0.0023404106265494384,0.001420679222702781,0.0013342454269604787,0.0003668101639107135,0.0009197314038466575,0.0009674352630497651,0.003956833614636221,0.23244126324761188,0.24449733227883227,0.8161953029619489,0.8068456678248342,0.951,0.824,0.813,True,999,0.00011749996338039637,0.0008164169266819954,near_2x2_bal_strong_500,near_boundary,False,1060,2065082011,9.992007221626409e-16,0,0
500,500,0.005282425096057031,0.002176037189217994,0.0042762434931091775,0.0011288139830583077,0.0031063879068390365,0.00314742951005087,0.005553590110584632,0.5593477093166359,0.566737812366123,0.5759244409186075,0.5708923268024767,0.835,0.575,0.575,True,999,0.00011595897376537323,0.0008410000009462237,near_2x2_bal_strong_500,near_boundary,False,1061,2065082011,9.992007221626409e-16,0,0
500,500,0.002593169613747559,0.00410359114659814,0.0015870803109692133,0.0030653604189296857,-0.001510421532850581,-0.0014782801079604724,0.0054108365074834915,-0.27914750903332286,-0.2732073138628247,0.7801316246720869,0.7846938581334499,0.935,0.789,0.792,True,999,0.00011470902245491743,0.0008749170228838921,near_2x2_bal_strong_500,near_boundary,False,1062,2065082011,9.992007221626409e-16,0,0
500,500,0.001955221460148926,0.0001377028275893477,0.0009491236488088362,-0.0009597393682270194,0.0018175186325595782,0.0019088630170358556,0.002895493114092425,0.6277060800848316,0.6592531709867931,0.5301965016176413,0.5097332082289379,0.902,0.521,0.497,True,999,0.00011308304965496063,0.0008853330509737134,near_2x2_bal_strong_500,near_boundary,False,1063,2065082011,9.992007221626409e-16,0,0
500,500,0.00041831849114104536,0.0002549728454103728,-0.0005877393022615252,-0.0008211895803071911,0.00016334564573067256,0.00023345027804566598,0.0016584688288110022,0.09849183951668186,0.1407625358946495,0.9215417515770088,0.8880575403391692,0.995,0.92,0.885,True,999,0.00011370901484042406,0.0008881669491529465,near_2x2_bal_strong_500,near_boundary,False,1064,2065082011,9.992007221626409e-16,0,0
500,500,0.0007510845966047786,0.001428245395864225,-0.0002549835757008623,0.00029299578537234083,-0.0006771607992594464,-0.0005479793610732031,0.0028048026604032042,-0.2414290348548447,-0.1953718059417515,0.8092226116292246,0.8451018868941909,0.947,0.781,0.816,True,999,0.00011883291881531477,0.0008244169875979424,near_2x2_bal_strong_500,near_boundary,False,1065,2065082011,9.992007221626409e-16,0,0
500,500,0.0001671581772193509,0.008881560550317302,-0.0008389187437956025,0.007850890262716348,-0.008714402373097951,-0.00868980900651195,0.006553986571636668,-1.3296338461861972,-1.32588141759679,0.18363894082771726,0.18487897902654982,0.457,0.164,0.167,True,999,0.00011799996718764305,0.0008373329183086753,near_2x2_bal_strong_500,near_boundary,False,1066,2065082011,9.992007221626409e-16,0,0
500,500,0.008892268052220098,2.3797827019389484e-05,0.007885970614324833,-0.0010386514876472575,0.008868470225200709,0.00892462210197209,0.005944722843903578,1.4918223200759455,1.5012679878128303,0.13574573100614493,0.13328626131820784,0.579,0.153,0.152,True,999,0.00011595804244279861,0.0008562499424442649,near_2x2_bal_strong_500,near_boundary,False,1067,2065082011,9.992007221626409e-16,0,0
500,500,7.279168965379501e-05,0.003654941859529859,-0.0009332449728844949,0.002612539883699583,-0.003582150169876064,-0.0035457848565840777,0.004147599541273914,-0.8636682819132111,-0.8549004843160457,0.38777014238218854,0.39260624247253717,0.801,0.383,0.391,True,999,0.00011887506116181612,0.0008750829147174954,near_2x2_bal_strong_500,near_boundary,False,1068,2065082011,9.992007221626409e-16,0,0
500,500,3.286297782012504e-06,0.003082978788356505,-0.0010027700144519258,0.0020450197752381882,-0.0030796924905744927,-0.003047789789690114,0.003734030609813397,-0.8247635899075814,-0.8162198193234477,0.40950582161922366,0.4143744232942935,0.789,0.403,0.404,True,999,0.00011741695925593376,0.0008726670639589429,near_2x2_bal_strong_500,near_boundary,False,1069,2065082011,9.992007221626409e-16,0,0
500,500,8.056871380390795e-06,0.0014945305876780668,-0.0009980338137438594,0.0004312386087121922,-0.001486473716297676,-0.0014292724224560516,0.002606416716807901,-0.5703131455196359,-0.5483668107402613,0.568465326531537,0.5834400607756023,0.92,0.571,0.584,True,999,0.00012116704601794481,0.0008747080573812127,near_2x2_bal_strong_500,near_boundary,False,1070,2065082011,9.992007221626409e-16,0,0
500,500,0.0001299081484891218,0.001782413622973933,-0.000876134091242875,0.0007406909537621686,-0.0016525054744848111,-0.0016168250450050436,0.002896710668683391,-0.5704765382163299,-0.5581589706161164,0.5683545306066828,0.5767358351715567,0.894,0.54,0.55,True,999,0.00010920804925262928,0.000828874995931983,near_2x2_bal_strong_500,near_boundary,False,1071,2065082011,9.992007221626409e-16,0,0
500,500,0.0006982465666687254,0.001419696273809612,-0.00030784045929976855,0.00038227657208267374,-0.0007214497071408865,-0.0006901170313824423,0.002990867613739842,-0.24121753294147683,-0.23074141704303183,0.8093865227323959,0.8175156954582444,0.939,0.793,0.801,True,999,0.00011624989565461874,0.0008392080198973417,near_2x2_bal_strong_500,near_boundary,False,1072,2065082011,9.992007221626409e-16,0,0
500,500,0.00829390134277408,0.0027989117382407613,0.007287581178104574,0.001751516159259836,0.005494989604533318,0.005536065018844738,0.006767681272063508,0.811945684737878,0.8180150329622065,0.4168227986214843,0.41334860339730484,0.739,0.42,0.416,True,999,0.00015324994456022978,0.0008650829549878836,near_2x2_bal_strong_500,near_boundary,False,1073,2065082011,9.992007221626409e-16,0,0
500,500,0.0031014746459294695,0.004323992377341657,0.002095327299514338,0.0032919751659221674,-0.0012225177314121871,-0.0011966478664078295,0.005654811859265394,-0.2161906995029543,-0.2116158585271277,0.8288391028563548,0.8324067362019818,0.938,0.825,0.829,True,999,0.00011575000826269388,0.0008482919074594975,near_2x2_bal_strong_500,near_boundary,False,1074,2065082011,9.992007221626409e-16,0,0
500,500,0.0029327365225735313,1.2438459108699007e-05,0.0019266236615749222,-0.0010499203052063422,0.0029202980634648323,0.0029765439667812643,0.003427257533747902,0.852080135416996,0.8684914796952079,0.39416961646777626,0.38512533464507626,0.812,0.388,0.371,True,999,0.00011462497059255838,0.0008562919683754444,near_2x2_bal_strong_500,near_boundary,False,1075,2065082011,9.992007221626409e-16,0,0
500,500,0.004616295039400198,0.004698596455515902,0.003610159528022905,0.003659945197370007,-8.23014161157043e-05,-4.978566934710216e-05,0.0063450494380393385,-0.012970965304430468,-0.007846380053184622,0.989650957243105,0.9937395587354922,0.997,0.991,0.992,True,999,0.00011362496297806501,0.0008497920352965593,near_2x2_bal_strong_500,near_boundary,False,1076,2065082011,9.992007221626409e-16,0,0
500,500,0.008125736295821584,0.003250852166117868,0.007119515999193027,0.0022128640777339115,0.004874884129703716,0.004906651921459115,0.006854550857747097,0.7111894317910067,0.7158239866166515,0.4769668565928946,0.4741000393375969,0.766,0.477,0.474,True,999,0.0001135410275310278,0.0008472920162603259,near_2x2_bal_strong_500,near_boundary,False,1077,2065082011,9.992007221626409e-16,0,0
500,500,0.00011083598625882818,0.0016781369651667766,-0.0008952429416808627,0.0006310203475550225,-0.0015673009789079484,-0.0015262632892358852,0.0028098596276982897,-0.557786219446062,-0.5431813298396444,0.5769903739072649,0.5870049599757432,0.893,0.571,0.583,True,999,0.00011491705663502216,0.0008813750464469194,near_2x2_bal_strong_500,near_boundary,False,1078,2065082011,9.992007221626409e-16,0,0
500,500,0.008694950829710724,0.001178925788543339,0.007688533096882111,0.00011560079417449742,0.007516025041167385,0.007572932302707613,0.006298918169662567,1.1932247472854562,1.2022591973302768,0.2327813651410242,0.2292631202245906,0.7,0.251,0.249,True,999,0.00011450005695223808,0.0008562499424442649,near_2x2_bal_strong_500,near_boundary,False,1079,2065082011,9.992007221626409e-16,0,0
500,500,0.005419648582136061,0.001993196615207471,0.0044134972830534025,0.0009295797867139299,0.0034264519669285898,0.0034839174963394726,0.005546367399591137,0.6177830857691069,0.6281440166759052,0.5367183344781787,0.5299096004364734,0.845,0.504,0.496,True,999,0.00012395798694342375,0.0008467079605907202,near_2x2_bal_strong_500,near_boundary,False,1080,2065082011,9.992007221626409e-16,0,0
500,500,0.002732176218575688,0.0063872564271379995,0.0017260461146975103,0.0053517365287518714,-0.0036550802085623113,-0.003625690414054361,0.006410862124795462,-0.5701386392986773,-0.5655542645397382,0.5685836698943654,0.5716968258466874,0.81,0.551,0.556,True,999,0.00011312495917081833,0.0008905419381335378,near_2x2_bal_strong_500,near_boundary,False,1081,2065082011,9.992007221626409e-16,0,0
500,500,7.609824518306496e-07,0.00013293537138359124,-0.0010052940688183298,-0.0009431307294676117,-0.0001321743889317606,-6.216333935071816e-05,0.0007458263709884347,-0.17721871212007623,-0.08334827215660641,0.8593365981475769,0.9335746181609355,0.992,0.86,0.942,True,999,0.00011387490667402744,0.0008551250211894512,near_2x2_bal_strong_500,near_boundary,False,1082,2065082011,9.992007221626409e-16,0,0
500,500,0.002043849942815923,0.0009389134238149688,0.0010377664521570296,-0.00010261708538905623,0.0011049365190009541,0.0011403835375460858,0.0034908575328088274,0.31652294847790474,0.32667719230251885,0.7516056094972117,0.7439120525246492,0.928,0.731,0.729,True,999,0.00010991597082465887,0.0008270000107586384,near_2x2_bal_strong_500,near_boundary,False,1083,2065082011,9.992007221626409e-16,0,0
500,500,3.317233993826996e-05,0.0006590663950049591,-0.0009728636125601042,-0.0003944190520144275,-0.0006258940550666892,-0.0005784445605456767,0.0017212643124720007,-0.3636246046185719,-0.3360579524912948,0.7161383509550536,0.73682716532041,0.949,0.704,0.745,True,999,0.00011470797471702099,0.0008540410781279206,near_2x2_bal_strong_500,near_boundary,False,1084,2065082011,9.992007221626409e-16,0,0
500,500,0.00030237441589742176,0.0038378439068130765,-0.0007036749756252902,0.002790052422142253,-0.0035354694909156548,-0.003493727397767543,0.004394328667398492,-0.8045528130713776,-0.7950537299787096,0.4210777812576493,0.4265822481975474,0.801,0.436,0.446,True,999,0.00011266698129475117,0.0008469999302178621,near_2x2_bal_strong_500,near_boundary,False,1085,2065082011,9.992007221626409e-16,0,0
500,500,0.007433719783253467,0.003960269869350275,0.00642748064836951,0.0029307333223016485,0.0034734499139031927,0.0034967473260678616,0.006872487371500363,0.5054137936007423,0.5088037470346739,0.6132682327266981,0.6108897926943421,0.801,0.621,0.618,True,999,0.00011449994053691626,0.0008534160442650318,near_2x2_bal_strong_500,near_boundary,False,1086,2065082011,9.992007221626409e-16,0,0
500,500,0.012338337235004992,0.000592153674636442,0.011332013945605013,-0.00048427878681422953,0.01174618356036855,0.011816292732419242,0.007163457224847586,1.6397366790472416,1.6495237371464382,0.10105992904047233,0.09904038431724217,0.535,0.098,0.096,True,999,0.00013654096983373165,0.000858166953548789,near_2x2_bal_strong_500,near_boundary,False,1087,2065082011,9.992007221626409e-16,0,0
500,500,0.005055223755578764,4.034121552287662e-05,0.004049043813722619,-0.0010355772683396935,0.005014882540055887,0.005084621082062313,0.004503541574830963,1.113541966190046,1.1290272328069182,0.2654757350600888,0.2588863457678282,0.768,0.254,0.249,True,999,0.00011374999303370714,0.0008756250608712435,near_2x2_bal_strong_500,near_boundary,False,1088,2065082011,9.992007221626409e-16,0,0
500,500,0.002836522673399511,0.008511194693160196,0.0018303760094227073,0.007482599603946483,-0.005674672019760685,-0.005652223594523775,0.007154244076139074,-0.7931896031737194,-0.7900518257931881,0.4276673640151055,0.42949750229189776,0.681,0.426,0.427,True,999,0.00011337501928210258,0.0008730420377105474,near_2x2_bal_strong_500,near_boundary,False,1089,2065082011,9.992007221626409e-16,0,0
500,500,0.0016031937900216064,0.0003420573162298268,0.0005970543945750251,-0.0007334084901060578,0.0012611364737917796,0.0013304628846810829,0.002773343279995107,0.4547350783758744,0.47973249264816226,0.6492998413973677,0.6314176203732317,0.92,0.657,0.636,True,999,0.00012333295308053493,0.0008557920809835196,near_2x2_bal_strong_500,near_boundary,False,1090,2065082011,9.992007221626409e-16,0,0
500,500,0.0022735211336191163,0.00016509000268311036,0.0012674289926621896,-0.0009109942019733808,0.002108431130936006,0.0021784231946355703,0.003124759895040244,0.6747498053474765,0.6971489867407922,0.4998347356269086,0.4857095600819613,0.89,0.489,0.47,True,999,0.00011412508320063353,0.0008389170980080962,near_2x2_bal_strong_500,near_boundary,False,1091,2065082011,9.992007221626409e-16,0,0
500,500,0.002624304592546145,0.006005631432681624,0.0016182065999714723,0.004975628266748799,-0.003381326840135479,-0.003357421666777327,0.006172760423265317,-0.5477819659728179,-0.5439092782741259,0.5838416229300563,0.5865039038626727,0.834,0.591,0.593,True,999,0.0001194999786093831,0.0008418750949203968,near_2x2_bal_strong_500,near_boundary,False,1092,2065082011,9.992007221626409e-16,0,0
500,500,2.402883736707384e-05,0.00025144365895474197,-0.000982053046072906,-0.0008841202297844575,-0.00022741482158766813,-9.793281628844852e-05,0.0010160480290349583,-0.22382290510780928,-0.09638601078874691,0.8228951063787284,0.9232140021654605,0.991,0.85,0.942,True,999,0.00011520797852426767,0.0008580420399084687,near_2x2_bal_strong_500,near_boundary,False,1093,2065082011,9.992007221626409e-16,0,0
500,500,6.667289243700303e-06,0.0014538457200493626,-0.000999381906922281,0.0004121725453387626,-0.0014471784308056623,-0.0014115544522610435,0.0025257724762116247,-0.5729646848382273,-0.5588604933957538,0.5666686056487262,0.576256933429653,0.901,0.569,0.579,True,999,0.000114083057269454,0.0008532499196007848,near_2x2_bal_strong_500,near_boundary,False,1094,2065082011,9.992007221626409e-16,0,0
500,500,0.00180134173236568,0.0017819041968953342,0.0007952686751764304,0.0007184588969835204,1.9437535470345768e-05,7.680977819291002e-05,0.003918175204200238,0.00496086429455961,0.01960345675981279,0.9960418192063927,0.9843597062685218,1.0,1.0,0.996,True,999,0.00011512497439980507,0.0008523339638486505,near_2x2_bal_strong_500,near_boundary,False,1095,2065082011,9.992007221626409e-16,0,0
500,500,4.372540646635503e-05,0.0038988392209704514,-0.0009624059259181195,0.0028563376308454735,-0.0038551138145040964,-0.003818743556763593,0.004278741067914918,-0.9009925474136579,-0.8924923233610191,0.3675922821773395,0.372129105608042,0.732,0.335,0.341,True,999,0.00011429202277213335,0.0008509999606758356,near_2x2_bal_strong_500,near_boundary,False,1096,2065082011,9.992007221626409e-16,0,0
500,500,7.644122763783567e-05,0.0004432632023486649,-0.0009296097358628685,-0.0006198115664517445,-0.0003668219747108292,-0.00030979816941112404,0.0014815881590597743,-0.24758700484189675,-0.20909870770546926,0.8044539663711293,0.8343711835094869,0.963,0.799,0.825,True,999,0.00011441600508987904,0.0008597500855103135,near_2x2_bal_strong_500,near_boundary,False,1097,2065082011,9.992007221626409e-16,0,0
500,500,0.0015334833368512157,0.006428641097215249,0.0005273474629916564,0.005396118493422364,-0.004895157760364033,-0.0048687710304307075,0.0060158994668451145,-0.8137033850619139,-0.8093172196881825,0.4158148944854393,0.4183327038971467,0.719,0.426,0.426,True,999,0.00011520902626216412,0.0009107920341193676,near_2x2_bal_strong_500,near_boundary,False,1098,2065082011,9.992007221626409e-16,0,0
500,500,0.0031622581074051137,0.000392083820767386,0.002156148567564742,-0.0006709726118856452,0.0027701742866377277,0.002827121179450387,0.003778121552445181,0.7332147068812238,0.7482875127775306,0.46342748677566803,0.45428675488188375,0.837,0.45,0.43,True,999,0.00011825002729892731,0.0008286249358206987,near_2x2_bal_strong_500,near_boundary,False,1099,2065082011,9.992007221626409e-16,0,0
500,500,0.003400238907027453,2.540580446019902e-07,0.0023939525248124482,-0.001075558919183095,0.003399984848982851,0.0034695114439955432,0.003680403440875475,0.9238076487000785,0.9426986741350927,0.3555864721914229,0.3458350517427943,0.82,0.392,0.384,True,999,0.0001154160127043724,0.0008532499196007848,near_2x2_bal_strong_500,near_boundary,False,1100,2065082011,9.992007221626409e-16,0,0
500,500,0.0008113868558039528,7.614461922655913e-07,-0.00019467292037234074,-0.0010614987883172944,0.0008106254096116872,0.0008668258679449536,0.0018016427763261525,0.4499368133702323,0.4811308209014414,0.6527560021909524,0.6304235241623896,0.946,0.645,0.618,True,999,0.00011816690675914288,0.000843666959553957,near_2x2_bal_strong_500,near_boundary,False,1101,2065082011,9.992007221626409e-16,0,0
500,500,0.005789366724336054,1.4265148417624829e-05,0.004783182100652539,-0.0010479151383435692,0.005775101575918429,0.005831097238996108,0.0048042733786868175,1.2020759687694904,1.2137313552689541,0.22933409606467903,0.22485032678008,0.702,0.205,0.201,True,999,0.00011516595259308815,0.0008541250135749578,near_2x2_bal_strong_500,near_boundary,False,1102,2065082011,9.992007221626409e-16,0,0
500,500,0.0007145052760555437,0.009065944109157398,-0.0002915754671448667,0.008032740491984214,-0.008351438833101854,-0.00832431595912908,0.006832125637659037,-1.2223778185618077,-1.2184079158680883,0.22156478345157526,0.22306899846675332,0.573,0.223,0.223,True,999,0.00011708401143550873,0.0008410840528085828,near_2x2_bal_strong_500,near_boundary,False,1103,2065082011,9.992007221626409e-16,0,0
500,500,0.0011060023101605587,7.614461922655913e-07,9.989068382765254e-05,-0.0010614987883172944,0.0011052408639682931,0.001161389472144947,0.0021026903186757654,0.5256317842678578,0.5523350071238108,0.5991440685198732,0.5807188503016192,0.933,0.578,0.56,True,999,0.00011508306488394737,0.0008602079469710588,near_2x2_bal_strong_500,near_boundary,False,1104,2065082011,9.992007221626409e-16,0,0
500,500,0.00453250141550654,0.012280701979734243,0.0035263552770743445,0.011251278928114061,-0.007748200564227703,-0.007724923651039717,0.00881599346814655,-0.8788800255153391,-0.8762397203390604,0.37946632998472696,0.38089972737346023,0.665,0.383,0.385,True,999,0.00011395791079849005,0.0008790000574663281,near_2x2_bal_strong_500,near_boundary,False,1105,2065082011,9.992007221626409e-16,0,0
500,500,8.767525854058711e-05,0.0023019226908954638,-0.0009184296532680492,0.001254683787834665,-0.0022142474323548766,-0.002173113441102714,0.003283368922345874,-0.6743827710877094,-0.6618547877190987,0.5000679933617307,0.5080642897813172,0.861,0.522,0.532,True,999,0.0001140419626608491,0.0008879998931661248,near_2x2_bal_strong_500,near_boundary,False,1106,2065082011,9.992007221626409e-16,0,0
500,500,0.0029236335425469884,0.006889900641055824,0.0019175191501972222,0.005859697341946912,-0.0039662670985088355,-0.00394217819174969,0.0066118563490377095,-0.5998719405157806,-0.5962286510237681,0.5485915839203254,0.5510224878947592,0.787,0.537,0.539,True,999,0.00012116599828004837,0.0008432079339399934,near_2x2_bal_strong_500,near_boundary,False,1107,2065082011,9.992007221626409e-16,0,0
500,500,0.0013082172663206881,0.0006402607628064882,0.00030208031853362627,-0.0004063704579380101,0.0006679565035141999,0.0007084507764716363,0.0028204524864161853,0.23682600814273613,0.2511833756759473,0.8127917738537642,0.801672336916551,0.964,0.801,0.791,True,999,0.00010879198089241982,0.0008319170447066426,near_2x2_bal_strong_500,near_boundary,False,1108,2065082011,9.992007221626409e-16,0,0
500,500,0.0009698015404848714,0.000641265493746157,-3.625300070098092e-05,-0.00042158298236927294,0.0003285360467387144,0.000385329981668292,0.002578788285887854,0.1273993869665816,0.1494228835212916,0.8986243014171912,0.8812199559875563,0.992,0.915,0.88,True,999,0.00011137500405311584,0.0008484170539304614,near_2x2_bal_strong_500,near_boundary,False,1109,2065082011,9.992007221626409e-16,0,0
500,500,0.0006493460542447149,0.0002902616724124174,-0.00035670153482669775,-0.000772355463425356,0.0003590843818322975,0.00041565392859865824,0.0019541531513717196,0.18375447266261496,0.2127028417946104,0.8542060734167286,0.8315587500553724,0.993,0.861,0.858,True,999,0.00011424999684095383,0.0008494590874761343,near_2x2_bal_strong_500,near_boundary,False,1110,2065082011,9.992007221626409e-16,0,0
500,500,0.0046480218675399865,0.0018549213079253057,0.0036418634210235723,0.0008008386400035761,0.0027931005596146807,0.0028410247810199962,0.0051857941884061185,0.5386061340149627,0.5478475770156239,0.5901586541415255,0.5837965671106404,0.859,0.574,0.57,True,999,0.00011274998541921377,0.0008467920124530792,near_2x2_bal_strong_500,near_boundary,False,1111,2065082011,9.992007221626409e-16,0,0
500,500,0.002244970953294345,0.0030550087602412845,0.001238821743072549,0.002012796072904166,-0.0008100378069469394,-0.0007739743298316171,0.004785511029499092,-0.16926882039424065,-0.1617328483960532,0.8655851997864603,0.8715162357964177,0.964,0.886,0.89,True,999,0.00011424999684095383,0.0008917499799281359,near_2x2_bal_strong_500,near_boundary,False,1112,2065082011,9.992007221626409e-16,0,0
500,500,0.008910178515543765,0.001282188991302835,0.007903921590184382,0.0002283965175990943,0.00762798952424093,0.0076755250725852875,0.006402060882306046,1.1914896881601194,1.1989147266310494,0.2334614024091458,0.2305611048470333,0.673,0.227,0.221,True,999,0.00011341704521328211,0.0008533749496564269,near_2x2_bal_strong_500,near_boundary,False,1113,2065082011,9.992007221626409e-16,0,0
500,500,0.0005944440237209969,0.0013957994016501885,-0.0004116976866157529,0.00034196589291468626,-0.0008013553779291915,-0.0007536635795304392,0.002929353330950836,-0.27356050547479716,-0.2572798479334714,0.7844223885826598,0.7969627479872856,0.96,0.8,0.824,True,999,0.00011341599747538567,0.0008535420056432486,near_2x2_bal_strong_500,near_boundary,False,1114,2065082011,9.992007221626409e-16,0,0
500,500,0.0009300466021370246,0.008960125946010311,-7.603633400776744e-05,0.007915671422892956,-0.008030079343873286,-0.007991707756900723,0.00701531065977124,-1.1446505697774954,-1.139180878008519,0.25235393516439664,0.25462771945432416,0.624,0.265,0.266,True,999,0.0001153330085799098,0.0008901660330593586,near_2x2_bal_strong_500,near_boundary,False,1115,2065082011,9.992007221626409e-16,0,0
500,500,0.00039220822329910643,0.0029755978724941845,-0.0006138363626178034,0.0019279919254131528,-0.002583389649195078,-0.002541828288030956,0.0039107777690376554,-0.6605820636621819,-0.6499546735063999,0.5088803747805144,0.5157215004522141,0.854,0.507,0.509,True,999,0.00011037499643862247,0.000829207943752408,near_2x2_bal_strong_500,near_boundary,False,1116,2065082011,9.992007221626409e-16,0,0
500,500,0.005970328359243715,0.004043877701712439,0.0049641139159462,0.0029960261065298255,0.0019264506575312756,0.0019680878094163745,0.0065498474144223716,0.29412145591198763,0.3004784210824153,0.7686650961808894,0.7638122538801595,0.92,0.76,0.753,True,999,0.00011070899199694395,0.0008397920755669475,near_2x2_bal_strong_500,near_boundary,False,1117,2065082011,9.992007221626409e-16,0,0
500,500,5.3420217171362694e-05,0.0050993650499202015,-0.0009526655208560442,0.00406431018245712,-0.005045944832748839,-0.0050169757033131646,0.004885926348034368,-1.0327508998941104,-1.0268218032659289,0.3017204868090304,0.30450438071457775,0.68,0.287,0.292,True,999,0.0001229580957442522,0.000845458940602839,near_2x2_bal_strong_500,near_boundary,False,1118,2065082011,9.992007221626409e-16,0,0
500,500,0.00028201087988266593,0.0037615542654804157,-0.0007240857170813797,0.0027233549111258526,-0.0034795433855977498,-0.0034474406282072323,0.0042846395242913705,-0.8120971124573719,-0.8046045901089891,0.4167359099480812,0.42104789251332797,0.791,0.415,0.418,True,999,0.00011766690295189619,0.000861208071000874,near_2x2_bal_strong_500,near_boundary,False,1119,2065082011,9.992007221626409e-16,0,0
500,500,0.010624648513923418,0.0004381759129086227,0.009618336339656253,-0.0006245811339624652,0.010186472601014795,0.010242917473618718,0.00662578797213977,1.5373979131006086,1.5459168806319064,0.12419589712132627,0.1221246431701597,0.585,0.122,0.121,True,999,0.00011587503831833601,0.0008461250690743327,near_2x2_bal_strong_500,near_boundary,False,1120,2065082011,9.992007221626409e-16,0,0
500,500,0.0007156732410493749,0.0018740398868154484,-0.0002904070549334392,0.0008197882170009052,-0.0011583666457660735,-0.0011101952719343444,0.003366468156019753,-0.3440895894692303,-0.3297804168885862,0.730778911833569,0.7415658854249835,0.935,0.736,0.767,True,999,0.00012070790398865938,0.0008789580315351486,near_2x2_bal_strong_500,near_boundary,False,1121,2065082011,9.992007221626409e-16,0,0
500,500,0.003625069989595109,0.008638187017516341,0.0026189094622282028,0.007609674395183674,-0.005013117027921232,-0.0049907649329554715,0.007416128886104846,-0.6759749061689054,-0.6729609220123408,0.499056577399716,0.5009721523276573,0.744,0.497,0.498,True,999,0.00011629099026322365,0.0008675419958308339,near_2x2_bal_strong_500,near_boundary,False,1122,2065082011,9.992007221626409e-16,0,0
500,500,0.0002143883330505414,0.0027025666095398804,-0.0007916765284221583,0.0016647225614292438,-0.002488178276489339,-0.002456399089851402,0.003600866406925166,-0.6909943317264113,-0.6821689038858173,0.489569103163076,0.4951321550325436,0.822,0.469,0.479,True,999,0.00011354195885360241,0.0008995420066639781,near_2x2_bal_strong_500,near_boundary,False,1123,2065082011,9.992007221626409e-16,0,0
500,500,0.0028919490048257,0.0004847377902159611,0.0018858500350233953,-0.0005780153472016991,0.002407211214609739,0.0024638653822250944,0.0036890912333042303,0.6525214646029932,0.6678786797089509,0.5140648305637601,0.5042110377419096,0.879,0.5,0.494,True,999,0.00012029195204377174,0.0008366249967366457,near_2x2_bal_strong_500,near_boundary,False,1124,2065082011,9.992007221626409e-16,0,0
500,500,8.410200010611213e-05,0.00072078509069462,-0.0009219831857194549,-0.0003421002282664176,-0.0006366830905885079,-0.0005798829574530373,0.0018630276476896987,-0.34174645308031,-0.3112583745990769,0.7325417100283146,0.7556042088589301,0.965,0.736,0.754,True,999,0.00011500006075948477,0.0008420420344918966,near_2x2_bal_strong_500,near_boundary,False,1125,2065082011,9.992007221626409e-16,0,0
500,500,0.009837637225826423,0.0019545996455819226,0.008831387444899974,0.0009075131563065497,0.0078830375802445,0.007923874288593424,0.006908459038846699,1.1410703220381977,1.1469814388472135,0.2538406603073051,0.2513892922184907,0.642,0.242,0.24,True,999,0.00011745793744921684,0.0008355829631909728,near_2x2_bal_strong_500,near_boundary,False,1126,2065082011,9.992007221626409e-16,0,0
500,500,0.0046154017839975525,0.0028820147607034885,0.0036092679488319845,0.0018345210809229684,0.001733387023294064,0.0017747468679090161,0.005625301769502596,0.3081411619002503,0.31549362872064085,0.7579749213636247,0.7523868877950199,0.931,0.782,0.778,True,999,0.00011508399620652199,0.0008358749328181148,near_2x2_bal_strong_500,near_boundary,False,1127,2065082011,9.992007221626409e-16,0,0
500,500,0.0012595542759405998,0.004820888283350255,0.00025344718409314737,0.0037819403420655817,-0.0035613340074096556,-0.0035284931579724343,0.005243115685240724,-0.6792400208591137,-0.6729764075023328,0.4969857932349865,0.5009623003846888,0.794,0.502,0.502,True,999,0.00011404103133827448,0.0008519169641658664,near_2x2_bal_strong_500,near_boundary,False,1128,2065082011,9.992007221626409e-16,0,0
500,500,0.005567524529158208,0.012800085466792538,0.0045612596962314456,0.011758191632026183,-0.00723256093763433,-0.007196931935794737,0.00942512329563813,-0.767370432276626,-0.7635902162813528,0.44286130308889293,0.4451114814552368,0.716,0.449,0.452,True,999,0.00011499994434416294,0.0008583749877288938,near_2x2_bal_strong_500,near_boundary,False,1129,2065082011,9.992007221626409e-16,0,0
500,500,0.01161427713974894,0.0008152100157729492,0.010607984015052807,-0.00023832728356865118,0.010799067123975992,0.010846311298621458,0.00703174137046602,1.535759999554747,1.5424787015314576,0.12459725353219006,0.12295730966800744,0.551,0.117,0.116,True,999,0.0001283750170841813,0.0008521249983459711,near_2x2_bal_strong_500,near_boundary,False,1130,2065082011,9.992007221626409e-16,0,0
500,500,0.003452120611011744,7.478213718131732e-05,0.0024459953225459685,-0.0009782752707394593,0.003377338473830427,0.003424270593285428,0.0037507743659974395,0.9004376548073946,0.9129503028302837,0.3678873895871264,0.3612686796612673,0.815,0.365,0.362,True,999,0.00011449994053691626,0.0008772499859333038,near_2x2_bal_strong_500,near_boundary,False,1131,2065082011,9.992007221626409e-16,0,0
500,500,0.0006650823158470542,0.006241057328326083,-0.00034097414396683234,0.005202151980853387,-0.005575975012479029,-0.005543126124820219,0.00570384583216652,-0.9775816486893157,-0.971822571634049,0.3282812772952943,0.3311388246966469,0.684,0.307,0.308,True,999,0.0001141249667853117,0.0008706669323146343,near_2x2_bal_strong_500,near_boundary,False,1132,2065082011,9.992007221626409e-16,0,0
500,500,0.0008202637303377225,0.0012895737244674743,-0.00018588061931268385,0.00024799211865911275,-0.00046930999412975183,-0.0004338727379717966,0.002980641292056462,-0.15745269160045636,-0.14556355342995692,0.8748880893894639,0.8842659416043206,0.967,0.867,0.878,True,999,0.00011441705282777548,0.0008497500093653798,near_2x2_bal_strong_500,near_boundary,False,1133,2065082011,9.992007221626409e-16,0,0
500,500,2.5406534404859293e-05,0.01344689801849619,-0.0009806455881289367,0.012416757807727663,-0.01342149148409133,-0.0133974033958566,0.008117857530465986,-1.653329272375257,-1.6503619761219872,0.09826386861493823,0.09886892325196418,0.397,0.099,0.101,True,999,0.00011458294466137886,0.0008570840582251549,near_2x2_bal_strong_500,near_boundary,False,1134,2065082011,9.992007221626409e-16,0,0
500,500,0.0058380027246428545,9.879502771426019e-10,0.004831840501992701,-0.0010757806535650616,0.005838001736692577,0.005907621155557763,0.004818262356779989,1.2116404845571909,1.2260895563822691,0.2256500302765876,0.2201649754925994,0.731,0.231,0.221,True,999,0.00011337501928210258,0.0008750829147174954,near_2x2_bal_strong_500,near_boundary,False,1135,2065082011,9.992007221626409e-16,0,0
500,500,0.012965213010874832,0.00033825258119973833,0.011958878457562605,-0.0007150121030008449,0.012626960429675094,0.01267389056056345,0.007252652147981178,1.7410128284161386,1.7474835828285669,0.08168132989545683,0.08055349021867844,0.468,0.076,0.075,True,999,0.00012224994134157896,0.0008353330194950104,near_2x2_bal_strong_500,near_boundary,False,1136,2065082011,9.992007221626409e-16,0,0
500,500,0.004245093524251842,0.0016338454392970103,0.003238965757418555,0.0005921788355180979,0.0026112480849548314,0.002646786921900457,0.004908267510808757,0.5320101398720553,0.5392507470450268,0.5947189726525948,0.5897138487400679,0.871,0.59,0.584,True,999,0.00011766701936721802,0.0008393330499529839,near_2x2_bal_strong_500,near_boundary,False,1137,2065082011,9.992007221626409e-16,0,0
500,500,0.00018715524229895308,0.0019641509249972433,-0.0008189509839553466,0.0009170529142750183,-0.0017769956826982902,-0.001736003898230365,0.003091616359515764,-0.5747788457739365,-0.5615198318145376,0.5654408752994562,0.5744432146478008,0.893,0.552,0.562,True,999,0.00013966590631753206,0.0008328750263899565,near_2x2_bal_strong_500,near_boundary,False,1138,2065082011,9.992007221626409e-16,0,0
500,500,0.006735212524278111,0.0009196715959202684,0.005729024027345986,-0.00013392277261914387,0.005815540928357843,0.00586294679996513,0.005546430675295368,1.0485195378464085,1.0570666331555485,0.29439930543601467,0.29048117804972196,0.726,0.309,0.305,True,999,0.00012229196727275848,0.0008606669725850224,near_2x2_bal_strong_500,near_boundary,False,1139,2065082011,9.992007221626409e-16,0,0
500,500,2.596404176102851e-07,0.0003241976815619996,-0.0010057870161404026,-0.0007520495528865467,-0.0003239380411443893,-0.0002537374632538558,0.0011754592870808866,-0.27558422882416533,-0.21586240037626708,0.7828674243339815,0.8290950062673113,0.977,0.78,0.829,True,999,0.00011620798613876104,0.0009369590552523732,near_2x2_bal_strong_500,near_boundary,False,1140,2065082011,9.992007221626409e-16,0,0
500,500,0.00039205751442461523,0.00048742666089374165,-0.0006139839351249066,-0.0005659485305784528,-9.536914646912642e-05,-4.803540454645372e-05,0.0019076752336361963,-0.04999233873123386,-0.025180074521853505,0.9601284934962526,0.9799113301454015,0.994,0.964,0.974,True,999,0.00012325006537139416,0.0008500829571858048,near_2x2_bal_strong_500,near_boundary,False,1141,2065082011,9.992007221626409e-16,0,0
500,500,0.00198120512216704,0.002470096825311796,0.0009750771147878368,0.0014156093600945496,-0.0004888917031447559,-0.00044053224530671287,0.004393462640687498,-0.11127708213953384,-0.100269942260799,0.9113966283273219,0.9201300198048735,0.97,0.906,0.916,True,999,0.00011483300477266312,0.0008670419920235872,near_2x2_bal_strong_500,near_boundary,False,1142,2065082011,9.992007221626409e-16,0,0
500,500,0.0018106864486422403,0.0038011287478131317,0.0008046053917496465,0.002746277290953003,-0.0019904422991708914,-0.0019416718992033566,0.005046136266709093,-0.3944487810015059,-0.38478388148436676,0.6932497349553612,0.7003975421195046,0.908,0.701,0.719,True,999,0.00011379201896488667,0.0008592500817030668,near_2x2_bal_strong_500,near_boundary,False,1143,2065082011,9.992007221626409e-16,0,0
500,500,0.0019416103767758708,0.004484255261593517,0.0009353431169074611,0.00344164120835444,-0.0025426448848176464,-0.002506298091446979,0.005373302364438963,-0.4731996661206183,-0.46643533556456884,0.6360707359542106,0.6409039236063596,0.888,0.63,0.634,True,999,0.0001145839923992753,0.0008486250881105661,near_2x2_bal_strong_500,near_boundary,False,1144,2065082011,9.992007221626409e-16,0,0
500,500,0.0015789975699873615,0.0010539910926139484,0.0005729192949956996,-9.120045689314793e-06,0.0005250064773734131,0.0005820393406850144,0.0033127699916635726,0.15847960428721788,0.17569566922837643,0.8740788909788721,0.8605330378352448,0.973,0.872,0.861,True,999,0.0001152080949395895,0.0008688750676810741,near_2x2_bal_strong_500,near_boundary,False,1145,2065082011,9.992007221626409e-16,0,0
500,500,0.00010780021283773866,0.0008117894625594424,-0.0008982643641957111,-0.00022957231021791813,-0.0007039892497217037,-0.000668692053977793,0.001974135842072864,-0.3566062855038929,-0.33872646437322124,0.7213865713212733,0.7348158023183979,0.943,0.709,0.722,True,999,0.00012279197108000517,0.0008494580397382379,near_2x2_bal_strong_500,near_boundary,False,1146,2065082011,9.992007221626409e-16,0,0
500,500,0.0017825591244445826,0.001185350783970529,0.0007763792302171169,0.00013853151216380866,0.0005972083404740536,0.0006378477180533082,0.0035055904761257042,0.17035884383565364,0.18195157774339984,0.864727936824725,0.8556207268300062,0.969,0.87,0.854,True,999,0.00012266600970178843,0.0008502500131726265,near_2x2_bal_strong_500,near_boundary,False,1147,2065082011,9.992007221626409e-16,0,0
500,500,0.0014064692160309367,0.00101685869815199,0.00040036116149622103,-4.618972636194485e-05,0.00038961051787894663,0.0004465508878581659,0.003180472566470866,0.12250082644519347,0.14040394266115938,0.9025023915140483,0.8883408429181843,0.979,0.902,0.888,True,999,0.00011475000064820051,0.0008609170326963067,near_2x2_bal_strong_500,near_boundary,False,1148,2065082011,9.992007221626409e-16,0,0
500,500,0.001575289927435608,0.00015296348692134254,0.0005691888914043375,-0.0009439556762629309,0.0014223264405142655,0.0015131445676672683,0.0026220341243751995,0.542451536878144,0.5770880529740753,0.5875074846144952,0.5638799744970666,0.911,0.593,0.564,True,999,0.00012149999383836985,0.0008750840788707137,near_2x2_bal_strong_500,near_boundary,False,1149,2065082011,9.992007221626409e-16,0,0
500,500,0.0002633464865458013,4.303890807944022e-05,-0.0007427432678923651,-0.001032666079225919,0.00022030757846636106,0.0002899228113335539,0.0011052111826103492,0.1993352781194508,0.2623234508438452,0.8420004849117138,0.7930720837414782,0.99,0.817,0.777,True,999,0.0001153749180957675,0.0008480839896947145,near_2x2_bal_strong_500,near_boundary,False,1150,2065082011,9.992007221626409e-16,0,0
500,500,0.0032245389930648516,0.0005689869394910341,0.002218430673963212,-0.000507514019119526,0.0026555520535738175,0.002725944693082738,0.003915483930818713,0.6782180952581643,0.6961961129828346,0.4976334209564639,0.48630602160437186,0.874,0.469,0.456,True,999,0.00011408398859202862,0.0008597919950261712,near_2x2_bal_strong_500,near_boundary,False,1151,2065082011,9.992007221626409e-16,0,0
500,500,0.002131656025283646,0.004141307406337891,0.0011255364479438867,0.003103040867955542,-0.002009651381054245,-0.0019775044200116554,0.005256067770989423,-0.38234883350370885,-0.3762326716802211,0.7022026373005308,0.7067439282520911,0.919,0.7,0.705,True,999,0.0001142079709097743,0.000851999968290329,near_2x2_bal_strong_500,near_boundary,False,1152,2065082011,9.992007221626409e-16,0,0
500,500,0.00134315598394541,0.0017682448984486787,0.00033709120134517434,0.000730657814301594,-0.0004250889145032688,-0.0003935666129564197,0.003620125448708014,-0.11742380769013923,-0.1087162913365004,0.9065242187679431,0.9134275198291333,0.976,0.905,0.913,True,999,0.00011345802340656519,0.0008487919112667441,near_2x2_bal_strong_500,near_boundary,False,1153,2065082011,9.992007221626409e-16,0,0
500,500,0.0017329383478820182,0.001782413622974044,0.000726815564860317,0.0007406909537621686,-4.947527509202576e-05,-1.3875388901851693e-05,0.0038457118562836116,-0.012865049941582801,-0.0036080157381474963,0.9897354584249753,0.9971212261932726,0.999,0.99,0.997,True,999,0.00011791603174060583,0.0008497920352965593,near_2x2_bal_strong_500,near_boundary,False,1154,2065082011,9.992007221626409e-16,0,0
500,500,0.0004004516886083609,0.002318041790592751,-0.000605596043726564,0.001280336468397536,-0.00191759010198439,-0.0018859325121241,0.0034489488660242843,-0.5559926158588888,-0.5468137062577202,0.5782159026976239,0.584506725660966,0.889,0.587,0.595,True,999,0.00013941701035946608,0.0008845420088618994,near_2x2_bal_strong_500,near_boundary,False,1155,2065082011,9.992007221626409e-16,0,0
500,500,0.004607602046787118,7.06632748158631e-05,0.003601446304685396,-0.0010650461926218213,0.004536938771971255,0.0046664924973072175,0.004314781965381,1.051487377200678,1.0815129326923385,0.2930348038104521,0.27946901103775823,0.771,0.271,0.251,True,999,0.00013462500646710396,0.0008646250935271382,near_2x2_bal_strong_500,near_boundary,False,1156,2065082011,9.992007221626409e-16,0,0
500,500,0.0007709761196585951,0.0012679344848806617,-0.0002350852104768819,0.00022111446534722745,-0.0004969583652220666,-0.00045619967582410936,0.0029384611343722853,-0.16912198000816062,-0.15525121992861166,0.865700696409599,0.876623270096332,0.967,0.859,0.872,True,999,0.00011024996638298035,0.0009012080263346434,near_2x2_bal_strong_500,near_boundary,False,1157,2065082011,9.992007221626409e-16,0,0
500,500,0.0013086684579737273,1.2485022818919944e-06,0.0003025943552188437,-0.001095935384000768,0.0013074199556918353,0.0013985297392196117,0.0022876043849941272,0.5715236271918546,0.6113512233118061,0.5676447490486166,0.5409670866299879,0.929,0.57,0.55,True,999,0.00011629192158579826,0.0008506668964400887,near_2x2_bal_strong_500,near_boundary,False,1158,2065082011,9.992007221626409e-16,0,0
500,500,0.00010224215015230964,8.913636359630939e-06,-0.0009038971053314526,-0.0010668811660252686,9.33285137926787e-05,0.000162984060693816,0.0006665159607893452,0.14002442444461657,0.2445313695125865,0.8886406925824534,0.8068193098718824,0.995,0.88,0.803,True,999,0.00011437491048127413,0.000848500058054924,near_2x2_bal_strong_500,near_boundary,False,1159,2065082011,9.992007221626409e-16,0,0
500,500,0.0024077670039948096,0.00484651114881135,0.0014016505405152202,0.0038115219008432177,-0.0024387441448165403,-0.0024098713603279975,0.005656826457490933,-0.43111524865449685,-0.4260111881524624,0.6663845736442607,0.6700996935173936,0.865,0.682,0.686,True,999,0.00012425007298588753,0.0008443340193480253,near_2x2_bal_strong_500,near_boundary,False,1160,2065082011,9.992007221626409e-16,0,0
500,500,0.006291689811659507,2.9409941427804842e-05,0.005285510620126388,-0.0010676132016271822,0.006262279870231702,0.00635312382175357,0.005012292373015644,1.249384394243547,1.2675086265830129,0.21152451352170587,0.20497348101130397,0.715,0.236,0.218,True,999,0.00011387490667402744,0.0008442919934168458,near_2x2_bal_strong_500,near_boundary,False,1161,2065082011,9.992007221626409e-16,0,0
500,500,0.0013138539437175245,0.0004847377902159611,0.0003077779237514733,-0.0005780153472016991,0.0008291161535015634,0.0008857932709531724,0.002706264948234887,0.30636917277531883,0.3273121028046109,0.7593235771396663,0.7434318394408574,0.946,0.763,0.741,True,999,0.00011483405251055956,0.0008467499865218997,near_2x2_bal_strong_500,near_boundary,False,1162,2065082011,9.992007221626409e-16,0,0
500,500,0.0015852908641253993,0.00024429501060413417,0.0005789932129687259,-0.0008182991328737899,0.0013409958535212652,0.0013972923458425157,0.0027128190259555793,0.49431821315426855,0.5150702396560808,0.6210814643605957,0.6065039380659243,0.937,0.628,0.613,True,999,0.00011487503070384264,0.0008624159963801503,near_2x2_bal_strong_500,near_boundary,False,1163,2065082011,9.992007221626409e-16,0,0
500,500,0.00807966083170042,0.001180225678969804,0.007073413557066033,0.0001034161408313139,0.006899435152730615,0.006969997416234719,0.006115934738646087,1.128108040318621,1.1396454857819003,0.2592742939409768,0.2544340271185671,0.702,0.272,0.263,True,999,0.00012125005014240742,0.000849124975502491,near_2x2_bal_strong_500,near_boundary,False,1164,2065082011,9.992007221626409e-16,0,0
500,500,0.0007954997464323377,0.003677886910135153,-0.0002105608223246236,0.0026396244957425097,-0.0028823871637028153,-0.0028501853180671333,0.0044708729569928616,-0.6447034374337328,-0.637500851731691,0.5191193883026177,0.5237986553374199,0.823,0.534,0.534,True,999,0.0001319580478593707,0.0009163330541923642,near_2x2_bal_strong_500,near_boundary,False,1165,2065082011,9.992007221626409e-16,0,0
500,500,5.7866191620625784e-06,0.007166061959742731,-0.0010002939262108157,0.00613328024871862,-0.0071602753405806685,-0.007133574174929436,0.005817661310912133,-1.2307824326504204,-1.2261927592018904,0.21840424761664556,0.2201261454689516,0.517,0.206,0.207,True,999,0.0001248749904334545,0.0008549999911338091,near_2x2_bal_strong_500,near_boundary,False,1166,2065082011,9.992007221626409e-16,0,0
500,500,0.0011067658932208957,0.0036269999217703464,0.00010069402861745402,0.002579103960840712,-0.0025202340285494507,-0.002478409932223258,0.004628616211360134,-0.5444897380698738,-0.5354537553017318,0.5861045081742071,0.5923361272651346,0.869,0.583,0.59,True,999,0.00011187500786036253,0.0008452089969068766,near_2x2_bal_strong_500,near_boundary,False,1167,2065082011,9.992007221626409e-16,0,0
500,500,0.0008053521131567987,0.006471500210908698,-0.00020070491035539817,0.00542790102238655,-0.0056661480977519,-0.005628605932741948,0.00589732249392507,-0.960800109471492,-0.9544341416871925,0.3366526835481065,0.3398639310641117,0.709,0.332,0.337,True,999,0.00012004096060991287,0.0008619169238954782,near_2x2_bal_strong_500,near_boundary,False,1168,2065082011,9.992007221626409e-16,0,0
500,500,0.00039760909591213256,0.0003017851734650745,-0.0006084358419684577,-0.0007608593983263745,9.582392244705806e-05,0.00015242355635791682,0.001691933158304478,0.0566357612750407,0.09008840308482617,0.9548353468737792,0.9282169647436023,0.991,0.951,0.921,True,999,0.00011091702617704868,0.0008601249428465962,near_2x2_bal_strong_500,near_boundary,False,1169,2065082011,9.992007221626409e-16,0,0
500,500,0.0014859214505188456,0.008292105299596897,0.00047983342500401704,0.007252437237298182,-0.006806183849078051,-0.0067726038122941645,0.006844239504410744,-0.9944397539992328,-0.9895334328860914,0.32000882217906723,0.32240222069095625,0.696,0.3,0.303,True,999,0.00011141691356897354,0.0008452920010313392,near_2x2_bal_strong_500,near_boundary,False,1170,2065082011,9.992007221626409e-16,0,0
500,500,0.0002780683557572772,0.0017999251885065237,-0.0007280605656205807,0.0007364516234531493,-0.0015218568327492465,-0.00146451218907373,0.003059299497533003,-0.4974527122880453,-0.47870834164968223,0.6188698415755276,0.632146130672931,0.896,0.595,0.606,True,999,0.00011754105798900127,0.0008543339790776372,near_2x2_bal_strong_500,near_boundary,False,1171,2065082011,9.992007221626409e-16,0,0
500,500,0.00010716625720252893,0.0001250207491156341,-0.0008989235308831667,-0.0009510168082158543,-1.7854491913105175e-05,5.209327733268765e-05,0.0009737854833512282,-0.018335138712131896,0.05349563966943885,0.9853714955345536,0.9573370047163827,1.0,0.983,0.947,True,999,0.00012341595720499754,0.0008862920803949237,near_2x2_bal_strong_500,near_boundary,False,1172,2065082011,9.992007221626409e-16,0,0
500,500,0.0015892316880955493,0.008454450323011953,0.0005831559029161326,0.007423544446993446,-0.0068652186349164035,-0.006840388544077314,0.00680473144243368,-1.0088889904024032,-1.005240045392722,0.31302787582697045,0.3147812767226357,0.645,0.304,0.305,True,999,0.00012250000145286322,0.0008768750121816993,near_2x2_bal_strong_500,near_boundary,False,1173,2065082011,9.992007221626409e-16,0,0
500,500,0.004259782275202073,0.007044145549001568,0.0032536422237399165,0.006000609805965951,-0.002784363273799495,-0.002746967582226034,0.007191094062991031,-0.38719605798639484,-0.3819957795244682,0.6986110682611653,0.7024644951423225,0.884,0.706,0.71,True,999,0.00012070802040398121,0.000883457949385047,near_2x2_bal_strong_500,near_boundary,False,1174,2065082011,9.992007221626409e-16,0,0
500,500,9.621016486938139e-06,0.0012360124612593726,-0.0009964215998934378,0.00018228676998433002,-0.0012263914447724344,-0.0011787083698777678,0.0023446750607303557,-0.5230539042755115,-0.5027171524188113,0.6009367420363221,0.6151631485416218,0.913,0.597,0.614,True,999,0.0001159169478341937,0.0008219999726861715,near_2x2_bal_strong_500,near_boundary,False,1175,2065082011,9.992007221626409e-16,0,0
500,500,0.006831823310941676,0.002022578536663988,0.005825625548027347,0.0009849439879019428,0.004809244774277688,0.004840681560125404,0.006004298864633457,0.8009669209847496,0.8062026340224342,0.4231507961897336,0.4201260201983017,0.782,0.413,0.411,True,999,0.00012099999003112316,0.0008269170066341758,near_2x2_bal_strong_500,near_boundary,False,1176,2065082011,9.992007221626409e-16,0,0
500,500,8.010402954172768e-06,0.004447362068327743,-0.0009980331472547732,0.00339227933986308,-0.00443935166537357,-0.004390312487117853,0.00466108790937624,-0.9524282209832118,-0.9419072483671259,0.3408798527675785,0.3462401287934074,0.758,0.338,0.344,True,999,0.00010895798914134502,0.0008254169952124357,near_2x2_bal_strong_500,near_boundary,False,1177,2065082011,9.992007221626409e-16,0,0
500,500,0.00021415319742734695,0.0013523065333884698,-0.0007920146759943236,0.000298534836986164,-0.001138153335961123,-0.0010905495129804876,0.0026188641055007616,-0.43459808913738684,-0.4164208103390535,0.6638541822797837,0.67710210313356,0.932,0.688,0.7,True,999,0.00011441693641245365,0.0008498749230057001,near_2x2_bal_strong_500,near_boundary,False,1178,2065082011,9.992007221626409e-16,0,0
500,500,0.004221895208232462,0.00024045253815058176,0.0032157679067950085,-0.0008350549210831559,0.003981442670081881,0.004050822827878164,0.004210855069562202,0.9455188089614841,0.961995309969033,0.34439407288069623,0.33605195984790603,0.757,0.325,0.324,True,999,0.00011770892888307571,0.0008385420078411698,near_2x2_bal_strong_500,near_boundary,False,1179,2065082011,9.992007221626409e-16,0,0
500,500,0.0009217697238671496,0.0014144775623942119,-8.430057044961359e-05,0.00036757990423552656,-0.0004927078385270622,-0.00045188047468514014,0.0031482851515051446,-0.156500385072015,-0.1435322573843425,0.875638615739422,0.8858698372780197,0.984,0.889,0.899,True,999,0.00011462497059255838,0.0008818330243229866,near_2x2_bal_strong_500,near_boundary,False,1180,2065082011,9.992007221626409e-16,0,0
500,500,0.009044511549898271,0.00037303254568998856,0.008038233432046127,-0.0006889133678953385,0.008671479004208282,0.008727146799941465,0.006105154978883332,1.4203536247976372,1.429471787387404,0.1555047567269272,0.15286867816373148,0.583,0.109,0.108,True,999,0.00011729204561561346,0.0008747499668970704,near_2x2_bal_strong_500,near_boundary,False,1181,2065082011,9.992007221626409e-16,0,0
500,500,0.006635862556639283,0.0005937861331437588,0.005629659286228161,-0.0004827711013319913,0.006042076423495524,0.006112430387560153,0.005381236236574665,1.122804530012885,1.1358784708271639,0.26152052102708134,0.25600742975805524,0.735,0.265,0.262,True,999,0.00012170802801847458,0.0008732919814065099,near_2x2_bal_strong_500,near_boundary,False,1182,2065082011,9.992007221626409e-16,0,0
500,500,0.0002624570929318226,0.002495474109541096,-0.0007436247946657204,0.001457711333870293,-0.0022330170166092733,-0.0022013361285360133,0.0034897728291575325,-0.6398746067228528,-0.630796397445572,0.522254123901847,0.5281736592447877,0.875,0.516,0.523,True,999,0.00012379197869449854,0.0008339160121977329,near_2x2_bal_strong_500,near_boundary,False,1183,2065082011,9.992007221626409e-16,0,0
500,500,0.0009790707267178789,0.005571669668798629,-2.7002785714103084e-05,0.0045393608089057125,-0.00459259894208075,-0.0045663635946198156,0.005446171589980879,-0.8432710696316629,-0.838453860510085,0.39907685893231903,0.4017758506394655,0.739,0.401,0.402,True,999,0.00011737504974007607,0.0008350000716745853,near_2x2_bal_strong_500,near_boundary,False,1184,2065082011,9.992007221626409e-16,0,0
500,500,0.0017288254183770446,0.003323436440514582,0.0007226863513665194,0.0022757361705600943,-0.0015946110221375376,-0.0015530498191935749,0.004729969093562916,-0.3371292688376478,-0.3283424877568742,0.7360194542752692,0.7426527226244012,0.925,0.733,0.74,True,999,0.00011749996338039637,0.0008472909685224295,near_2x2_bal_strong_500,near_boundary,False,1185,2065082011,9.992007221626409e-16,0,0
500,500,0.0006590382196026701,4.6945110180385274e-05,-0.0003470152277600391,-0.0010290107629771228,0.0006120931094222848,0.0006819955352170837,0.0016812432635969269,0.36407170971364694,0.40564952733728254,0.715804461629183,0.6850001325416245,0.959,0.747,0.704,True,999,0.00011625001206994057,0.0008440829114988446,near_2x2_bal_strong_500,near_boundary,False,1186,2065082011,9.992007221626409e-16,0,0
500,500,0.0022958116413712704,1.4740989040862296e-05,0.0012897238663640564,-0.001121073387139404,0.002281070652330408,0.0024107972535034605,0.0030364914624816646,0.7512191884992603,0.7939417196757614,0.4525207539579219,0.4272293606277605,0.881,0.449,0.409,True,999,0.00011504197027534246,0.000862124958075583,near_2x2_bal_strong_500,near_boundary,False,1187,2065082011,9.992007221626409e-16,0,0
500,500,0.00027826087325621973,0.0005585634711702259,-0.0007278036659954523,-0.0004948458414730794,-0.00028030259791400614,-0.0002329578245223729,0.0018701288269711868,-0.14988411165661625,-0.12456779509658994,0.880856047166316,0.9008657255506548,0.976,0.888,0.908,True,999,0.0001223749713972211,0.0008449170272797346,near_2x2_bal_strong_500,near_boundary,False,1188,2065082011,9.992007221626409e-16,0,0
500,500,0.004817941260656489,1.5660449685261923e-05,0.003811776103191278,-0.0010813894973011884,0.004802280810971227,0.004893165600492466,0.004386926264828779,1.0946800837462125,1.1153972747894922,0.27365681693501165,0.26468021685177057,0.783,0.253,0.245,True,999,0.0001166659640148282,0.0008983749430626631,near_2x2_bal_strong_500,near_boundary,False,1189,2065082011,9.992007221626409e-16,0,0
500,500,0.0007546097630629633,0.010610676972929833,-0.0002514953548597987,0.009577038517079473,-0.00985606720986687,-0.009828533871939271,0.007429970191360243,-1.3265284995796827,-1.322822786472029,0.1846647015352576,0.1858943176410205,0.532,0.193,0.193,True,999,0.00011604197788983583,0.0008768750121816993,near_2x2_bal_strong_500,near_boundary,False,1190,2065082011,9.992007221626409e-16,0,0
500,500,0.0029618089269300985,0.00010235005686387577,0.001955608220328031,-0.0009950435415078118,0.0028594588700662227,0.002950651761835843,0.003498838030116196,0.8172595717359515,0.8433233366157998,0.41378010521318276,0.3990476346937126,0.851,0.425,0.409,True,999,0.000158625072799623,0.0008567919721826911,near_2x2_bal_strong_500,near_boundary,False,1191,2065082011,9.992007221626409e-16,0,0
500,500,0.0014768257065993495,0.005704221035178092,0.00047070866753529117,0.004655613297359196,-0.0042273953285787425,-0.0041849046298239045,0.005821531599861215,-0.7261654868762584,-0.7188666003159155,0.4677373270049906,0.47222311726337785,0.789,0.461,0.472,True,999,0.00011712498962879181,0.0008329999400302768,near_2x2_bal_strong_500,near_boundary,False,1192,2065082011,9.992007221626409e-16,0,0
500,500,2.9786939170328708e-05,0.011305357824364426,-0.0009762937352206791,0.010264639544033116,-0.011275570885194097,-0.011240933279253795,0.0076272841873412595,-1.4783205408692879,-1.4737792644346444,0.13932200221724264,0.1405410330311653,0.481,0.13,0.132,True,999,0.00011537503451108932,0.0008482090197503567,near_2x2_bal_strong_500,near_boundary,False,1193,2065082011,9.992007221626409e-16,0,0
500,500,0.011594788114848376,0.002685701470533264,0.010588499749701441,0.001651287085792319,0.008909086644315112,0.008937212663909122,0.0076003662634683365,1.1721917517498106,1.1758923654595999,0.2411200792161795,0.23963789005333025,0.586,0.252,0.251,True,999,0.00011462497059255838,0.0008577919797971845,near_2x2_bal_strong_500,near_boundary,False,1194,2065082011,9.992007221626409e-16,0,0
500,500,0.003234651335771832,5.546721817628608e-05,0.0022285329958435796,-0.001006933111256103,0.003179184117595546,0.0032354661070996826,0.0036225684339421444,0.8776049854042096,0.8931414729904191,0.38015812286127815,0.37178141574618273,0.838,0.368,0.36,True,999,0.00011399993672966957,0.0008453750051558018,near_2x2_bal_strong_500,near_boundary,False,1195,2065082011,9.992007221626409e-16,0,0
500,500,0.0046225575820033615,0.0034414582936583282,0.00361641031435056,0.002403423958469375,0.0011810992883450333,0.0012129863558811849,0.0058373571999893546,0.20233459215879188,0.2077971784703182,0.8396551585608449,0.835387335784808,0.949,0.843,0.833,True,999,0.00011720799375325441,0.0008481249678879976,near_2x2_bal_strong_500,near_boundary,False,1196,2065082011,9.992007221626409e-16,0,0
500,500,0.004901889894130318,0.001370430907372655,0.0038956902631639423,0.0003288554456446491,0.003531458986757663,0.003566834817519293,0.005047522367542306,0.699642067852226,0.7066506213930903,0.4841508638889339,0.47978362245431094,0.826,0.491,0.484,True,999,0.00011587503831833601,0.0008984999731183052,near_2x2_bal_strong_500,near_boundary,False,1197,2065082011,9.992007221626409e-16,0,0
500,500,0.005044080482140001,0.0058959515434518495,0.004037930646575205,0.0048571903373897385,-0.0008518710613118485,-0.0008192596908145333,0.006938802249904559,-0.1227691798427554,-0.11806932397097814,0.9022898805182669,0.9060127293303156,0.963,0.908,0.909,True,999,0.0001153330085799098,0.0008887919830158353,near_2x2_bal_strong_500,near_boundary,False,1198,2065082011,9.992007221626409e-16,0,0
500,500,0.006733303829591475,0.0013523065333884698,0.005727122595487799,0.000298534836986164,0.005380997296203005,0.005428587758501635,0.005723099492068043,0.9402243144053015,0.9485398193802872,0.3471025123961521,0.3428547114140751,0.751,0.334,0.333,True,999,0.00011462508700788021,0.0008784170495346189,near_2x2_bal_strong_500,near_boundary,False,1199,2065082011,9.992007221626409e-16,0,0
500,500,0.00012879542344712558,0.00028798826065346006,-0.0008772415395696953,-0.0007746234410888064,-0.00015919283720633448,-0.00010261809848088888,0.0013146540377658037,-0.1210910495333629,-0.07805711277111642,0.9036189184460629,0.9377826221083487,1.0,0.915,0.916,True,999,0.0001229170011356473,0.0008359159110113978,near_2x2_bal_strong_500,near_boundary,False,1200,2065082011,9.992007221626409e-16,0,0
500,500,0.000744980569779452,7.385899588885358e-05,-0.00026111384039495533,-0.0010021470750984918,0.0006711215738905985,0.0007410332347035364,0.0018114949235897362,0.3704794118664573,0.40907276363495026,0.7110253139216861,0.682486263346644,0.963,0.695,0.67,True,999,0.00011220795568078756,0.0008577919797971845,near_2x2_bal_strong_500,near_boundary,False,1201,2065082011,9.992007221626409e-16,0,0
500,500,0.00012879542344712558,0.00014614614334396148,-0.0008772415395696953,-0.000916347524196226,-1.7350719896835898e-05,3.91059846265307e-05,0.0010589873938929987,-0.016384255371588528,0.03692771495869385,0.986927840458124,0.9705426414721002,0.998,0.966,0.964,True,999,0.0001235420349985361,0.000825208961032331,near_2x2_bal_strong_500,near_boundary,False,1202,2065082011,9.992007221626409e-16,0,0
500,500,0.00017804185722414267,0.00011397157092873922,-0.0008280127925672787,-0.0009391455056118048,6.407028629540346e-05,0.0001111327130445261,0.0010868339530289318,0.05895131093102489,0.10225362644846238,0.9529908888689171,0.9185553630309989,0.995,0.947,0.899,True,999,0.00011112506035715342,0.0008469159947708249,near_2x2_bal_strong_500,near_boundary,False,1203,2065082011,9.992007221626409e-16,0,0
500,500,0.0001158317592052649,0.0005508866868021989,-0.0008902419733658462,-0.0005025091086565681,-0.000435054927596934,-0.00038773286470927815,0.0016775353229784161,-0.2593417388222302,-0.23113245926820158,0.7953715777910817,0.8172118989022913,0.977,0.801,0.821,True,999,0.00011437491048127413,0.0008571249200031161,near_2x2_bal_strong_500,near_boundary,False,1204,2065082011,9.992007221626409e-16,0,0
500,500,0.0019893110931294977,0.00012067532239706802,0.0009832121135104899,-0.000976263666103705,0.0018686357707324297,0.001959475779614195,0.002899139491097049,0.6445484173737802,0.6758818558512061,0.5192198716364491,0.49911565840400984,0.903,0.519,0.503,True,999,0.00011670810636132956,0.0008762080688029528,near_2x2_bal_strong_500,near_boundary,False,1205,2065082011,9.992007221626409e-16,0,0
500,500,0.000989194446036623,0.0026017452839668387,-1.6869227295046585e-05,0.0015638782297742182,-0.0016125508379302156,-0.0015807474570692648,0.003947021259261236,-0.4085488098516188,-0.400491244722896,0.6828708037981277,0.6887947308141085,0.862,0.68,0.683,True,999,0.0001152500044554472,0.0008730419212952256,near_2x2_bal_strong_500,near_boundary,False,1206,2065082011,9.992007221626409e-16,0,0
500,500,0.008187832146168028,0.0005682158763921641,0.007181616537025093,-0.0004783895128355198,0.007619616269775864,0.007660006049860613,0.005907183178943347,1.289889959217217,1.2967273602019573,0.19708886746562282,0.19472501190193314,0.622,0.191,0.189,True,999,0.00011450005695223808,0.0008701250189915299,near_2x2_bal_strong_500,near_boundary,False,1207,2065082011,9.992007221626409e-16,0,0
500,500,0.00026190840740170085,0.0030187286288181348,-0.0007441822998544012,0.0019765545221446246,-0.002756820221416434,-0.0027207368219990258,0.0038491710409383107,-0.7162114107416763,-0.706837080779812,0.473860818293517,0.4796677281436371,0.834,0.47,0.474,True,999,0.0001218749675899744,0.0008457499789074063,near_2x2_bal_strong_500,near_boundary,False,1208,2065082011,9.992007221626409e-16,0,0
500,500,0.004238058536411349,0.0006455192994660464,0.0032319333863028987,-0.0004079432398498284,0.0035925392369453024,0.003639876626152727,0.004432862218690458,0.8104333181838886,0.8211120595640817,0.4176911751145319,0.4115824414453878,0.794,0.425,0.418,True,999,0.00011079199612140656,0.0008316249586641788,near_2x2_bal_strong_500,near_boundary,False,1209,2065082011,9.992007221626409e-16,0,0
500,500,0.00388189631032565,0.0050993650499202015,0.002875777538292823,0.00406431018245712,-0.0012174687395945516,-0.0011885326441642974,0.006255058944216866,-0.1946374527325863,-0.19001142191684042,0.8456767807052219,0.8493001801896803,0.944,0.852,0.856,True,999,0.000110417022369802,0.0008570000063627958,near_2x2_bal_strong_500,near_boundary,False,1210,2065082011,9.992007221626409e-16,0,0
500,500,0.0009024062370457386,2.2901754770987548e-05,-0.00010368598458398992,-0.0010528465093102568,0.0008795044822747511,0.0009491605247262669,0.0019227167220553325,0.45742800912168924,0.4936559368514982,0.6473634360939142,0.6215491890550214,0.935,0.642,0.616,True,999,0.00011187500786036253,0.0008627499919384718,near_2x2_bal_strong_500,near_boundary,False,1211,2065082011,9.992007221626409e-16,0,0
500,500,0.0038785570479804576,0.0022330192616198397,0.002872439568250229,0.0011909078634460002,0.001645537786360618,0.0016815317048042289,0.005042569122349592,0.32632924734086294,0.3334672592491339,0.7441752621522144,0.7387815998313103,0.913,0.737,0.732,True,999,0.00011058407835662365,0.0008385840337723494,near_2x2_bal_strong_500,near_boundary,False,1212,2065082011,9.992007221626409e-16,0,0
500,500,1.185153872507172e-05,0.0018469178770215144,-0.0009941969634041925,0.0008093543929135194,-0.0018350663382964427,-0.001803551356317712,0.002855029241970263,-0.6427487015965058,-0.6317102920715013,0.5203871741992457,0.5275762015308325,0.897,0.562,0.569,True,999,0.00011570891365408897,0.0008462500991299748,near_2x2_bal_strong_500,near_boundary,False,1213,2065082011,9.992007221626409e-16,0,0
500,500,0.00047722728216204047,0.002588506739669205,-0.0005288378981163078,0.0015465169536241774,-0.0021112794575071647,-0.002075354851740485,0.0036870227317341918,-0.5726244753891506,-0.5628809483266575,0.5668989840737969,0.5735159541275243,0.859,0.575,0.576,True,999,0.00011604197788983583,0.0008784589590504766,near_2x2_bal_strong_500,near_boundary,False,1214,2065082011,9.992007221626409e-16,0,0
500,500,0.013068026655081777,0.004393156331859105,0.012061667245234275,0.0033548039733659607,0.008674870323222672,0.008706863271868315,0.008481934740825203,1.0227466478218503,1.0265185406297088,0.3064276494779189,0.3046472288452797,0.655,0.31,0.31,True,999,0.00011570798233151436,0.0008572080405429006,near_2x2_bal_strong_500,near_boundary,False,1215,2065082011,9.992007221626409e-16,0,0
500,500,0.0037232578425848706,1.8668448349967726e-05,0.002717118131499774,-0.0010572604250285167,0.003704589394234903,0.0037743785565282906,0.003862149557346188,0.9592040233626918,0.9772740543796529,0.3374559740222528,0.3284334943940358,0.79,0.325,0.318,True,999,0.00011424999684095383,0.0008824580581858754,near_2x2_bal_strong_500,near_boundary,False,1216,2065082011,9.992007221626409e-16,0,0
500,500,0.0021231337107684434,0.006208157178103746,0.001116956620592191,0.005169284319464396,-0.0040850234673353025,-0.0040523276988722046,0.006178781849150074,-0.6611373515148815,-0.6558457310528976,0.5085242335039661,0.5119233887919588,0.786,0.532,0.536,True,999,0.00011900009121745825,0.0008195419795811176,near_2x2_bal_strong_500,near_boundary,False,1217,2065082011,9.992007221626409e-16,0,0
500,500,5.652841820413812e-06,0.0011111039015606616,-0.0010003916030996152,-2.42420164795476e-05,-0.0011054510597402478,-0.0009761495866200676,0.0019685439283782156,-0.5615577299567673,-0.4958739160188659,0.5744173869405715,0.61998337034798,0.928,0.58,0.622,True,999,0.0001152500044554472,0.0008347081020474434,near_2x2_bal_strong_500,near_boundary,False,1218,2065082011,9.992007221626409e-16,0,0
500,500,0.004144667549349168,0.001288876484768553,0.003138528679016872,6.068224419664148e-05,0.002855791064580615,0.0030778464348202306,0.004555865162520382,0.6268383638906343,0.6755789131207548,0.530765193115504,0.4993080334148008,0.862,0.528,0.494,True,999,0.00012629094999283552,0.0008384999819099903,near_2x2_bal_strong_500,near_boundary,False,1219,2065082011,9.992007221626409e-16,0,0
500,500,3.8084576469810116e-05,0.0025042592148855625,-0.0009679631548920042,0.0014567747656712982,-0.0024661746384157524,-0.0024247379205633024,0.003399054985943216,-0.725547144313526,-0.7133564860206147,0.4681164336523267,0.4756251922175263,0.896,0.462,0.462,True,999,0.00011420901864767075,0.0008490839973092079,near_2x2_bal_strong_500,near_boundary,False,1220,2065082011,9.992007221626409e-16,0,0
500,500,0.0020322813205878587,0.000890952901285047,0.0010261914474654077,-0.00017212202044447622,0.0011413284193028117,0.001198313467909884,0.003467575991169876,0.3291430158154242,0.3455766999660192,0.7420475920209442,0.729660859045018,0.95,0.739,0.729,True,999,0.00011604104656726122,0.0008596250554546714,near_2x2_bal_strong_500,near_boundary,False,1221,2065082011,9.992007221626409e-16,0,0
500,500,0.00013109363860663859,0.002273525660398845,-0.0008749580611606689,0.0012263205364035912,-0.0021424320217922066,-0.00210127859756426,0.0032891171472534237,-0.6513699348110005,-0.6388579377049346,0.5148077135983518,0.5229153533487545,0.87,0.527,0.528,True,999,0.00011491694021970034,0.0008758329786360264,near_2x2_bal_strong_500,near_boundary,False,1222,2065082011,9.992007221626409e-16,0,0
500,500,0.001416641916262007,0.0002681075393804466,0.00041055648432575254,-0.0008674854326216064,0.0011485343768815603,0.001278041916947359,0.0025795934688843387,0.44523851945488746,0.4954431511644762,0.6561473926370287,0.6202873413504728,0.954,0.687,0.638,True,999,0.00012204202357679605,0.0008456669747829437,near_2x2_bal_strong_500,near_boundary,False,1223,2065082011,9.992007221626409e-16,0,0
500,500,0.0011222740114774643,0.001231526501388247,0.00011618743667440867,0.00018464590868916275,-0.00010925248991078274,-6.845847201475408e-05,0.0031413502819565924,-0.03477883079079444,-0.021792689725806277,0.9722561009997424,0.9826133255573826,0.993,0.973,0.98,True,999,0.00012854102533310652,0.0008712500566616654,near_2x2_bal_strong_500,near_boundary,False,1224,2065082011,9.992007221626409e-16,0,0
500,500,0.0009170912053246827,0.002553883361089082,-8.898614828467544e-05,0.001489716415960629,-0.0016367921557643994,-0.0015787025642453045,0.0039602614894256516,-0.4133040608896207,-0.39863594069750696,0.6793838549936458,0.6901614752288218,0.915,0.697,0.704,True,999,0.0001169589813798666,0.0008457920048385859,near_2x2_bal_strong_500,near_boundary,False,1225,2065082011,9.992007221626409e-16,0,0
500,500,0.0013157774995025129,0.0003109781673722445,0.00030965674812932775,-0.0007652345128974503,0.0010047993321302684,0.001074891261026778,0.0025646942712540363,0.39178132980308816,0.41911087534858404,0.6952197911793911,0.675135102996336,0.948,0.704,0.682,True,999,0.0001154579222202301,0.0008265000069513917,near_2x2_bal_strong_500,near_boundary,False,1226,2065082011,9.992007221626409e-16,0,0
500,500,0.0005970514502231516,0.01160941780125363,-0.0004090467032256129,0.010575376074939413,-0.011012366351030478,-0.010984422778165026,0.007749547774212477,-1.4210334166434087,-1.417427583931668,0.15530704495571096,0.15635795271401717,0.492,0.145,0.146,True,999,0.00011687504593282938,0.0008466249564662576,near_2x2_bal_strong_500,near_boundary,False,1227,2065082011,9.992007221626409e-16,0,0
500,500,0.003626837167187258,0.00044802668367049936,0.0026206838464304383,-0.0006487548895677264,0.0031788104835167585,0.0032694387359981647,0.004014542376361441,0.7918238706942872,0.8143988603157809,0.4284633816444907,0.41541649132609404,0.835,0.425,0.415,True,999,0.00011516700033098459,0.0008435420459136367,near_2x2_bal_strong_500,near_boundary,False,1228,2065082011,9.992007221626409e-16,0,0
500,500,0.007157941067798879,0.0003252839599922064,0.00615174428219234,-0.0007375110426153242,0.006832657107806672,0.006889255324807664,0.0054591999029618395,1.2515858054766735,1.2619532985172353,0.2107208295097326,0.20696559163894757,0.668,0.177,0.174,True,999,0.00011416699271649122,0.0008489170577377081,near_2x2_bal_strong_500,near_boundary,False,1229,2065082011,9.992007221626409e-16,0,0
500,500,0.005473985568922979,0.002210507296213804,0.00446778417887117,0.0011632423258731706,0.003263478272709175,0.0033045418529979997,0.005636588642681647,0.5789810964733718,0.5862662795676075,0.5626019284138888,0.5576965875778951,0.853,0.565,0.553,True,999,0.00011524988804012537,0.0008450410095974803,near_2x2_bal_strong_500,near_boundary,False,1230,2065082011,9.992007221626409e-16,0,0
500,500,0.0028885732224399607,0.0013957994016501885,0.0018824771335061996,0.00034196589291468626,0.0014927738207897723,0.0015405112405915133,0.004210168723023669,0.35456389493998436,0.36590249511072925,0.7229163286041322,0.7144378344554517,0.911,0.699,0.694,True,999,0.000114459078758955,0.0008725839434191585,near_2x2_bal_strong_500,near_boundary,False,1231,2065082011,9.992007221626409e-16,0,0
500,500,0.0022972885861813896,0.0034645176210023054,0.0012911954138985493,0.0024168176280454645,-0.0011672290348209158,-0.0011256222141469152,0.0050356298385070076,-0.23179405005014875,-0.22353156412319738,0.8166979785886508,0.8231218199093707,0.951,0.823,0.831,True,999,0.00011441705282777548,0.0008733751019462943,near_2x2_bal_strong_500,near_boundary,False,1232,2065082011,9.992007221626409e-16,0,0
500,500,0.0005076314248970704,0.01272126327811024,-0.0004984145451771838,0.011687015240852361,-0.01221363185321317,-0.012185429786029545,0.008124499302546186,-1.503308868447495,-1.4998376308815335,0.13275941426637788,0.13365646697546593,0.383,0.134,0.134,True,999,0.00011437502689659595,0.0008722089696675539,near_2x2_bal_strong_500,near_boundary,False,1233,2065082011,9.992007221626409e-16,0,0
500,500,0.018362865858204902,0.0014812183079752073,0.017356288403675535,0.0004273894944901713,0.016881647550229695,0.016928898909185364,0.008876041631914145,1.901934246176932,1.9072577181608594,0.05717975137031885,0.056487222574035635,0.442,0.053,0.049,True,999,0.00011479191016405821,0.0008305839728564024,near_2x2_bal_strong_500,near_boundary,False,1234,2065082011,9.992007221626409e-16,0,0
500,500,0.002594911326656124,0.0036176478917299693,0.001588820053427753,0.0025794443424445035,-0.0010227365650738451,-0.0009906242890167505,0.0051837476386362375,-0.19729675060781143,-0.19110195134371322,0.843595322011852,0.8484457188620506,0.937,0.833,0.839,True,999,0.00014500005636364222,0.0008212079992517829,near_2x2_bal_strong_500,near_boundary,False,1235,2065082011,9.992007221626409e-16,0,0
500,500,0.0021832159163509557,0.0007686534542844514,0.0011770973956117814,-0.00030816813369938245,0.0014145624620665043,0.0014852655293111638,0.0034787095155929294,0.4066342578263247,0.4269587680873111,0.6842766322249945,0.6694093597539179,0.934,0.638,0.634,True,999,0.00012058299034833908,0.0008385829860344529,near_2x2_bal_strong_500,near_boundary,False,1236,2065082011,9.992007221626409e-16,0,0
500,500,0.0010218695420630697,6.6335007046780525e-06,1.5772090705468145e-05,-0.001055664135463985,0.0010152360413583916,0.0010714362261694532,0.0020272461583103747,0.500795642007554,0.5285180695877854,0.6165149530063452,0.5971398088987387,0.922,0.608,0.588,True,999,0.00011012505274266005,0.0008441249374300241,near_2x2_bal_strong_500,near_boundary,False,1237,2065082011,9.992007221626409e-16,0,0
500,500,3.46694120872959e-05,0.00021144512030080165,-0.0009713778291029485,-0.0008646893203660966,-0.00017677570821350574,-0.00010668850873685187,0.0010139364258245642,-0.17434594882982563,-0.10522208889979419,0.861593590220753,0.9161995836072662,0.99,0.873,0.93,True,999,0.00011391600128263235,0.0008540831040591002,near_2x2_bal_strong_500,near_boundary,False,1238,2065082011,9.992007221626409e-16,0,0
500,500,0.009268740305603318,1.4136105731532567e-06,0.008262497528960466,-0.0010743590012509685,0.009267326695030165,0.009336856530211435,0.006061060697160252,1.528994207131455,1.5404657693967607,0.12626588000367842,0.12344686048217446,0.595,0.122,0.118,True,999,0.0001133340410888195,0.0008918340317904949,near_2x2_bal_strong_500,near_boundary,False,1239,2065082011,9.992007221626409e-16,0,0
500,500,0.006697643183268487,0.008448415342775406,0.005691457211753459,0.007408835935706293,-0.0017507721595069192,-0.0017173787239528338,0.008271823557414092,-0.21165492075053877,-0.20761791061337806,0.8323762592804832,0.8355273184407589,0.934,0.848,0.853,True,999,0.00011595897376537323,0.0008508340688422322,near_2x2_bal_strong_500,near_boundary,False,1240,2065082011,9.992007221626409e-16,0,0
500,500,0.00039806208564652223,0.0016702063674451928,-0.0006080517517830231,0.0006232202330522796,-0.0012721442817986706,-0.0012312719848353026,0.0030019026160461202,-0.4237793308146162,-0.410163866826913,0.6717267533660851,0.6816857448887731,0.93,0.654,0.667,True,999,0.0001282920129597187,0.0009076669812202454,near_2x2_bal_strong_500,near_boundary,False,1241,2065082011,9.992007221626409e-16,0,0
500,500,0.001265428352725806,0.00026983055076118534,0.0002593089079141464,-0.0008270356853472549,0.0009955978019646206,0.0010863445932614013,0.0024636497515597147,0.40411499294261144,0.44094928370952335,0.6861281602896812,0.6592497135023675,0.954,0.669,0.65,True,999,0.00012141605839133263,0.0008636669954285026,near_2x2_bal_strong_500,near_boundary,False,1242,2065082011,9.992007221626409e-16,0,0
500,500,0.002050585583620479,9.63710859486211e-06,0.0010445035002248915,-0.0010660825801096507,0.002040948475025617,0.002110586080334542,0.0028676903135145667,0.7117046305199822,0.7359881471119741,0.476647699667629,0.4617379111611989,0.877,0.475,0.442,True,999,0.00011654198169708252,0.0008726669475436211,near_2x2_bal_strong_500,near_boundary,False,1243,2065082011,9.992007221626409e-16,0,0
500,500,0.0033064331551342363,1.5821431609275294e-08,0.0023002998416927767,-0.0010757720307026375,0.003306417333702627,0.003376071872395414,0.003630442002209317,0.9107478735896335,0.9299341155542203,0.3624282333557367,0.3524051979382782,0.819,0.367,0.358,True,999,0.00011587503831833601,0.0008522910065948963,near_2x2_bal_strong_500,near_boundary,False,1244,2065082011,9.992007221626409e-16,0,0
500,500,0.00541919119489398,0.0018328649574604894,0.004413038027735183,0.0007910860469451109,0.0035863262374334903,0.0036219519807900724,0.005446419847398653,0.658474068822735,0.665015199391947,0.5102335543910985,0.5060407715110155,0.841,0.521,0.518,True,999,0.00011699995957314968,0.0008689580718055367,near_2x2_bal_strong_500,near_boundary,False,1245,2065082011,9.992007221626409e-16,0,0
500,500,0.001955221460148926,0.010003716835974452,0.0009491236488088362,0.008972550733119533,-0.008048495375825526,-0.008023427084310697,0.007478616990326242,-1.076201039073994,-1.0728490434380018,0.28183735515772945,0.2833388520944591,0.657,0.295,0.297,True,999,0.00011462497059255838,0.0008259579772129655,near_2x2_bal_strong_500,near_boundary,False,1246,2065082011,9.992007221626409e-16,0,0
500,500,0.0020416277103860736,0.008276225467305776,0.0010355284737784132,0.0072477997283044715,-0.006234597756919702,-0.006212271254526058,0.006845397155533477,-0.9107722481638577,-0.9075107131664916,0.3624153876797952,0.36413678679147077,0.709,0.388,0.389,True,999,0.00011216697748750448,0.0008363330271095037,near_2x2_bal_strong_500,near_boundary,False,1247,2065082011,9.992007221626409e-16,0,0
500,500,0.00010838575381155735,0.0009196715959202684,-0.0008976697079106088,-0.00013392277261914387,-0.000811285842108711,-0.000763746935291465,0.0021064457405544925,-0.38514442906806196,-0.3625761255499604,0.7001304125328489,0.71692154740386,0.952,0.714,0.719,True,999,0.00011316698510199785,0.0008772909641265869,near_2x2_bal_strong_500,near_boundary,False,1248,2065082011,9.992007221626409e-16,0,0
500,500,5.5906691033613676e-05,0.001369519005542219,-0.0009501980957793421,0.0003062854311792762,-0.0013136123145086054,-0.0012564835269586183,0.0025267329933242417,-0.5198856855786649,-0.49727594101882244,0.6031432529017706,0.6189944753511791,0.942,0.639,0.65,True,999,0.00011691695544868708,0.0008637920254841447,near_2x2_bal_strong_500,near_boundary,False,1249,2065082011,9.992007221626409e-16,0,0
500,500,0.00027337166472873875,0.0027025666095398804,-0.0007326815748456283,0.0016647225614292438,-0.0024291949448111416,-0.002397404136274872,0.00363346873111648,-0.6685608504093847,-0.6598114126437538,0.5037756531630553,0.5093748585868484,0.83,0.499,0.503,True,999,0.00011779204942286015,0.0008792909793555737,near_2x2_bal_strong_500,near_boundary,False,1250,2065082011,9.992007221626409e-16,0,0
500,500,0.0024717115546910584,0.005646576337859643,0.0014655854994884976,0.004611366955941776,-0.003174864783168585,-0.0031457814564532782,0.006023800688306864,-0.5270534248139206,-0.522225355589824,0.5981564889055169,0.6015134339241417,0.855,0.574,0.579,True,999,0.00011745793744921684,0.0008207500213757157,near_2x2_bal_strong_500,near_boundary,False,1251,2065082011,9.992007221626409e-16,0,0
500,500,0.0013654754866692098,2.636444920028902e-05,0.00035940556074365304,-0.0010495448161123022,0.0013391110374689208,0.0014089503768559553,0.0023583152168760915,0.5678252965872624,0.5974393782364265,0.5701536010938378,0.550214069574386,0.922,0.576,0.55,True,999,0.000116499955765903,0.0008443329716101289,near_2x2_bal_strong_500,near_boundary,False,1252,2065082011,9.992007221626409e-16,0,0
500,500,0.004303758069390984,7.614461922655913e-07,0.0032976166993989864,-0.0010614987883172944,0.004302996623198718,0.004359115487716281,0.004140329859871688,1.0392883583754053,1.0528425597112625,0.29867064744869565,0.2924131555012591,0.753,0.29,0.288,True,999,0.00012116692960262299,0.0008406250271946192,near_2x2_bal_strong_500,near_boundary,False,1253,2065082011,9.992007221626409e-16,0,0
500,500,0.0001665801446621984,0.004126207512816837,-0.000839494728779755,0.003091407774917343,-0.003959627368154639,-0.003930902503697098,0.004415826438043842,-0.8966899908114836,-0.890185010405083,0.36988436306683037,0.37336655202754754,0.779,0.399,0.401,True,999,0.00011945806909352541,0.0008619999280199409,near_2x2_bal_strong_500,near_boundary,False,1254,2065082011,9.992007221626409e-16,0,0
500,500,0.00026259751427015754,0.001050366253163737,-0.0007435232305397221,3.623254940521292e-06,-0.0007877687388935795,-0.0007471464854802434,0.0023686496793970005,-0.33258136302119856,-0.31543140042154666,0.7394503134146423,0.752434128703098,0.941,0.743,0.753,True,999,0.00011579098645597696,0.0008669589878991246,near_2x2_bal_strong_500,near_boundary,False,1255,2065082011,9.992007221626409e-16,0,0
500,500,0.0015739744041527448,0.00042186344806594,0.0005679038351331656,-0.0006314795688240338,0.0011521109560868048,0.0011993834039571993,0.0028409504551533157,0.40553715183485295,0.42217681120823103,0.6850827153586159,0.6728959659064943,0.933,0.679,0.666,True,999,0.00011670798994600773,0.0008224159246310592,near_2x2_bal_strong_500,near_boundary,False,1256,2065082011,9.992007221626409e-16,0,0
500,500,1.3149930391476161e-05,0.001076700364657679,-0.0009930113135396823,1.3550685991958744e-05,-0.0010635504342662028,-0.001006561999531641,0.0021969682263170325,-0.4840991424118701,-0.45815956165148,0.628315509891481,0.6468378100148178,0.933,0.643,0.661,True,999,0.00012387498281896114,0.0008477920200675726,near_2x2_bal_strong_500,near_boundary,False,1257,2065082011,9.992007221626409e-16,0,0
500,500,3.4350227928747756e-05,0.0014812183079752073,-0.0009717464603227199,0.0004273894944901713,-0.0014468680800464595,-0.0013991359548128912,0.0025972344806794124,-0.557080267803919,-0.53870221007034,0.5774725886128269,0.5900923485248366,0.923,0.562,0.573,True,999,0.0001237079268321395,0.0009003339800983667,near_2x2_bal_strong_500,near_boundary,False,1258,2065082011,9.992007221626409e-16,0,0
500,500,0.001566376556780269,0.0005175524609872806,0.0005603085905931948,-0.0005453713318388509,0.0010488240957929884,0.0011056799224320457,0.0029112306416018453,0.36026829369173385,0.3797981192667263,0.7186465075419977,0.7040952785335886,0.923,0.7,0.684,True,999,0.00012816698290407658,0.0008455000352114439,near_2x2_bal_strong_500,near_boundary,False,1259,2065082011,9.992007221626409e-16,0,0
500,500,0.001783525678903497,0.0008472532453809856,0.0007774384808953982,-0.00028810293591163827,0.0009362724335225114,0.0010655414168070365,0.003179122522474021,0.2945065586191677,0.3351684023734395,0.7683708524781425,0.7374980561093286,0.934,0.763,0.731,True,999,0.00011979101691395044,0.0008766669780015945,near_2x2_bal_strong_500,near_boundary,False,1260,2065082011,9.992007221626409e-16,0,0
500,500,0.0013289986709792423,0.0005312073737596679,0.00032293008257511246,-0.0005153368922776735,0.0007977912972195744,0.000838266974852786,0.0027493454169650808,0.2901749966725651,0.30489692916727923,0.7716823634458021,0.7604446546501601,0.961,0.788,0.78,True,999,0.00012220803182572126,0.0008859579684212804,near_2x2_bal_strong_500,near_boundary,False,1261,2065082011,9.992007221626409e-16,0,0
500,500,0.0005907512677404414,0.002176037189217994,-0.00041533590058406844,0.0011288139830583077,-0.0015852859214775528,-0.0015441498836423762,0.0034903135266220746,-0.4541958507125268,-0.44241007917039604,0.6496878692302257,0.6581924867283266,0.917,0.669,0.682,True,999,0.00011495896615087986,0.0008577080443501472,near_2x2_bal_strong_500,near_boundary,False,1262,2065082011,9.992007221626409e-16,0,0
500,500,0.010951288871455467,0.0005724202115204857,0.009945011210163557,-0.0004741032400659151,0.010378868659934981,0.010419114450229472,0.006764374337889683,1.5343427405841839,1.540292409878661,0.12494535617581819,0.12348909307887941,0.542,0.127,0.126,True,999,0.00011916598305106163,0.0008703750791028142,near_2x2_bal_strong_500,near_boundary,False,1263,2065082011,9.992007221626409e-16,0,0
500,500,0.000565918125540521,0.00020926143958194254,-0.00044015578492917484,-0.0008875985066083558,0.00035665668595857847,0.000447442721679181,0.0017478224236822757,0.20405773557200488,0.25600010368130993,0.8383083814985168,0.7979507572559773,0.975,0.862,0.812,True,999,0.00011383299715816975,0.0008932919008657336,near_2x2_bal_strong_500,near_boundary,False,1264,2065082011,9.992007221626409e-16,0,0
500,500,0.0018161403596848036,0.000641265493746157,0.0008100605276695205,-0.00042158298236927294,0.0011748748659386465,0.0012316435100387935,0.0031663736835149327,0.3710474452385038,0.3889760442524803,0.7106021938287588,0.6972938675752219,0.928,0.707,0.7,True,999,0.00013220903929322958,0.0008738749893382192,near_2x2_bal_strong_500,near_boundary,False,1265,2065082011,9.992007221626409e-16,0,0
500,500,0.006579965714246461,2.1426470912966344e-05,0.005573736096380344,-0.001054265978694957,0.006558539243333494,0.006628002075075301,0.005120519873400511,1.280834642865667,1.2944002247712552,0.20025175308129917,0.1955272130556791,0.66,0.194,0.189,True,999,0.00012070802040398121,0.0008457499789074063,near_2x2_bal_strong_500,near_boundary,False,1266,2065082011,9.992007221626409e-16,0,0
500,500,9.015892702157746e-05,0.007166061959742731,-0.0009159007996117907,0.00613328024871862,-0.007075903032721154,-0.007049181048330411,0.0058465913672832185,-1.2102612596318953,-1.2056907359349127,0.22617865810645565,0.22793675837691896,0.609,0.226,0.227,True,999,0.00014662498142570257,0.0008415840566158295,near_2x2_bal_strong_500,near_boundary,False,1267,2065082011,9.992007221626409e-16,0,0
500,500,0.0038405575697098016,0.0004527004753123176,0.0028343687980623145,-0.0006236480247707732,0.003387857094397484,0.0034580168228330876,0.004152998152325675,0.8157617629808689,0.8326555168093686,0.4146364064876189,0.4050390389067866,0.847,0.45,0.439,True,999,0.0001194999786093831,0.0009314999915659428,near_2x2_bal_strong_500,near_boundary,False,1268,2065082011,9.992007221626409e-16,0,0
500,500,0.0012291159861408385,0.00024352946410582943,0.0002229503535886579,-0.0008534390389058899,0.000985586522035009,0.0010763893924945478,0.0024140775824602135,0.4082662998057365,0.4458801988449714,0.6830781778942345,0.6556837862683098,0.914,0.708,0.672,True,999,0.0001384160714223981,0.0009612089488655329,near_2x2_bal_strong_500,near_boundary,False,1269,2065082011,9.992007221626409e-16,0,0
500,500,0.0039119981063026055,0.006521332274463443,0.0029058647157285122,0.005485875723280742,-0.0026093341681608373,-0.00258001100755223,0.006819135634833321,-0.38264881473128476,-0.37834868606705646,0.7019801709477129,0.7051715824083168,0.884,0.698,0.702,True,999,0.0001300419680774212,0.0009451250080019236,near_2x2_bal_strong_500,near_boundary,False,1270,2065082011,9.992007221626409e-16,0,0
500,500,0.000599888957927841,0.0019163805094484232,-0.00040632861470157877,0.0008528840140513694,-0.0013164915515205822,-0.0012592126287529481,0.003349935588912156,-0.39299010878835855,-0.3758915941311754,0.6943267869245584,0.7069974899422921,0.932,0.686,0.699,True,999,0.00012504204642027617,0.0009647919796407223,near_2x2_bal_strong_500,near_boundary,False,1271,2065082011,9.992007221626409e-16,0,0
500,500,0.000494373057768005,0.006369755186455661,-0.0005116791003274557,0.0053417371950388315,-0.005875382128687656,-0.005853416295366287,0.005580658240638845,-1.0528116711936606,-1.0488756062396356,0.2924273147877232,0.29423537401476063,0.659,0.298,0.298,True,999,0.00013649999164044857,0.00096670794300735,near_2x2_bal_strong_500,near_boundary,False,1272,2065082011,9.992007221626409e-16,0,0
500,500,0.004018307437334334,0.0008851156973334606,0.003012124683948514,-0.0003431822620711955,0.0031331917400008735,0.0033553069460197094,0.0043600123573235275,0.7186199219683497,0.7695636321726907,0.4723751351151496,0.44155878498662815,0.848,0.475,0.447,True,999,0.00013470801059156656,0.0010191670153290033,near_2x2_bal_strong_500,near_boundary,False,1273,2065082011,9.992007221626409e-16,0,0
500,500,0.004416767054295501,0.0012053788029576795,0.0034106077471278695,0.00014214248292887532,0.003211388251337821,0.003268465264198994,0.004792883897435951,0.6700325566108158,0.6819412558579867,0.5028370364150352,0.4952760969372725,0.834,0.528,0.515,True,999,0.00013104197569191456,0.0010327919153496623,near_2x2_bal_strong_500,near_boundary,False,1274,2065082011,9.992007221626409e-16,0,0
500,500,0.005726793023885346,5.7010405931645636e-06,0.004720612593700935,-0.0010914982003953355,0.005721091983292181,0.00581211079409627,0.004775156581354574,1.1980951589380704,1.2171560649530664,0.23087997328839094,0.2235448427467861,0.744,0.226,0.221,True,999,0.00013625004794448614,0.0009038749849423766,near_2x2_bal_strong_500,near_boundary,False,1275,2065082011,9.992007221626409e-16,0,0
500,500,0.0013805452533023344,0.012921130701364913,0.0003744162354450964,0.011889420662356542,-0.011540585448062579,-0.011515004426911446,0.008342425515833307,-1.3833609213722557,-1.3802945444411603,0.1665542266669211,0.16749597403594296,0.453,0.182,0.182,True,999,0.00013079203199595213,0.0009292920585721731,near_2x2_bal_strong_500,near_boundary,False,1276,2065082011,9.992007221626409e-16,0,0
500,500,0.006747479572015269,0.001005258231210615,0.005741298481950707,-4.835708392647575e-05,0.005742221340804654,0.005789655565877183,0.0055858621219259065,1.027991958173296,1.0364837941758958,0.3039536105380025,0.299976496026058,0.708,0.301,0.298,True,999,0.00013033300638198853,0.0009365000296384096,near_2x2_bal_strong_500,near_boundary,False,1277,2065082011,9.992007221626409e-16,0,0
500,500,0.009967126245985392,0.0068009373424641195,0.008960850687174116,0.005765417890842173,0.003166188903521272,0.003195432796331943,0.008475598685126895,0.37356522189722674,0.37701558498036664,0.7087278124931587,0.7061620229516377,0.871,0.731,0.73,True,999,0.00014462508261203766,0.001062333001755178,near_2x2_bal_strong_500,near_boundary,False,1278,2065082011,9.992007221626409e-16,0,0
500,500,3.864074781434468e-05,2.1259841528897816e-06,-0.0009674059797362133,-0.0010601704771033837,3.6514763661454896e-05,9.27644973671704e-05,0.0004038516761902259,0.09041627363273684,0.22969942391294082,0.9279564251709316,0.8183253425898863,1.0,0.941,0.856,True,999,0.00014720798935741186,0.0010714170057326555,near_2x2_bal_strong_500,near_boundary,False,1279,2065082011,9.992007221626409e-16,0,0
500,500,0.004138379417258364,0.0005125602372983984,0.0031321819216714175,-0.0006229108335844558,0.003625819179959966,0.0037550927552558733,0.0042817488617425846,0.846807997628411,0.8769997672697756,0.39710214973728486,0.3804867644825183,0.83,0.384,0.364,True,999,0.00015225005336105824,0.0009542920161038637,near_2x2_bal_strong_500,near_boundary,False,1280,2065082011,9.992007221626409e-16,0,0
500,500,3.0142051981041362e-06,0.0012360124612593726,-0.0010030672590346512,0.00018228676998433002,-0.0012329982560612684,-0.0011853540290189812,0.0023390327529081555,-0.5271402268857769,-0.5067710264190239,0.5980962135329051,0.6123154879665579,0.927,0.599,0.618,True,999,0.00013250007759779692,0.0009767920710146427,near_2x2_bal_strong_500,near_boundary,False,1281,2065082011,9.992007221626409e-16,0,0
500,500,0.0058704685419924685,6.264419618812189e-05,0.004864292689717331,-0.0010343543518729348,0.005807824345804347,0.005898647041590266,0.004856536911866845,1.195877731643108,1.2145788549814265,0.23174427627616345,0.22452675762846552,0.715,0.23,0.22,True,999,0.00015345809515565634,0.0009601250058040023,near_2x2_bal_strong_500,near_boundary,False,1282,2065082011,9.992007221626409e-16,0,0
500,500,0.0002975705703848197,8.359951732622717e-05,-0.0007084758961468651,-0.0009788418476261995,0.00021397105305859254,0.0002703659514793344,0.0012383917865317537,0.1727813890447715,0.21832020723952203,0.8628232664073123,0.8271796310799702,0.993,0.854,0.819,True,999,0.00014641694724559784,0.0010097089689224958,near_2x2_bal_strong_500,near_boundary,False,1283,2065082011,9.992007221626409e-16,0,0
500,500,1.0486232831730113e-05,6.267852076313751e-05,-0.0009955595675137374,-0.0010132752259721656,-5.21922879314074e-05,1.7715658458428152e-05,0.000547285542251868,-0.09536573488979146,0.03237004651271269,0.9240243315979484,0.9741769493848699,0.999,0.948,0.991,True,999,0.0001477920450270176,0.0009871249785646796,near_2x2_bal_strong_500,near_boundary,False,1284,2065082011,9.992007221626409e-16,0,0
500,500,0.0007018398418511262,0.0019580409392111475,-0.0003042493820544223,0.0009039575998031069,-0.0012562010973600213,-0.0012082069818575292,0.0034196869064006302,-0.36734389192437145,-0.3533092399763637,0.7133625180571059,0.7238566191581015,0.948,0.727,0.733,True,999,0.00011783407535403967,0.0009907089406624436,near_2x2_bal_strong_500,near_boundary,False,1285,2065082011,9.992007221626409e-16,0,0
500,500,0.000494373057768005,0.0005639301963155652,-0.0005116791003274557,-0.0004988771459011332,-6.955713854756018e-05,-1.2801954426322482e-05,0.002098605484641017,-0.03314445666735617,-0.006100219655392904,0.973559390914781,0.9951327591066541,0.983,0.954,0.978,True,999,0.00013824994675815105,0.0009970830287784338,near_2x2_bal_strong_500,near_boundary,False,1286,2065082011,9.992007221626409e-16,0,0
500,500,0.0006414944685679824,0.0005177274539915344,-0.0003645552186526402,-0.0005450924436729565,0.000123767014576448,0.00018053722502031633,0.0021875915772617905,0.056576838136928306,0.08252784792959153,0.9548822854736243,0.9342269744152967,0.988,0.964,0.949,True,999,0.0001348330406472087,0.001104332972317934,near_2x2_bal_strong_500,near_boundary,False,1287,2065082011,9.992007221626409e-16,0,0
500,500,0.00011237224555937786,0.001667845059833195,-0.0008936790296729669,0.0006044258011002057,-0.0015554728142738172,-0.0014981048307731726,0.0028371905918047986,-0.5482440336460961,-0.5280240372643402,0.5835243504775213,0.5974826525219499,0.909,0.592,0.601,True,999,0.00016320799477398396,0.0009208329720422626,near_2x2_bal_strong_500,near_boundary,False,1288,2065082011,9.992007221626409e-16,0,0
500,500,0.005338255285556648,0.002902970397634319,0.0043320898590764045,0.0018650566163103122,0.0024352848879223288,0.0024670332427660924,0.005857086028985807,0.41578438081163277,0.42120488423033725,0.6775677891587453,0.6736054781163023,0.906,0.688,0.686,True,999,0.00020354101434350014,0.0008877080399543047,near_2x2_bal_strong_500,near_boundary,False,1289,2065082011,9.992007221626409e-16,0,0
500,500,0.0031960541366942152,0.0002549728454103728,0.002189941296478537,-0.0008211895803071911,0.0029410812912838424,0.003011130876785728,0.003717717575941634,0.7910986327515525,0.809940727147102,0.42888643697715156,0.4179742429096942,0.861,0.431,0.422,True,999,0.00012329197488725185,0.000911500072106719,near_2x2_bal_strong_500,near_boundary,False,1290,2065082011,9.992007221626409e-16,0,0
500,500,0.001360710656578501,0.004251319911180551,0.000354639465172113,0.0032164109056225243,-0.00289060925460205,-0.0028617714404504113,0.004987134444649067,-0.5796132602167006,-0.5738308185216344,0.5621754488397318,0.5660822916963393,0.848,0.559,0.563,True,999,0.00012674997560679913,0.0008931659394875169,near_2x2_bal_strong_500,near_boundary,False,1291,2065082011,9.992007221626409e-16,0,0
500,500,2.8608038349919873e-05,0.0020794332424863837,-0.0009774513345064406,0.001025329546877174,-0.002050825204136464,-0.0020027808813836145,0.003097607143073394,-0.6620675603497187,-0.6465574196076036,0.5079279245948001,0.5179184236742336,0.88,0.501,0.507,True,999,0.00011916703078895807,0.000879207975231111,near_2x2_bal_strong_500,near_boundary,False,1292,2065082011,9.992007221626409e-16,0,0
500,500,5.128534164011711e-08,0.0014538457200493626,-0.0010059950906793347,0.0004121725453387626,-0.0014537944347077225,-0.0014181676360180973,0.0025205282618355525,-0.5767816440387816,-0.5626469885266547,0.5640869710901637,0.5736752887141203,0.896,0.547,0.565,True,999,0.00011870800517499447,0.0008714160649105906,near_2x2_bal_strong_500,near_boundary,False,1293,2065082011,9.992007221626409e-16,0,0
500,500,0.0032275983474254755,0.006520292351489154,0.0022214852874071767,0.005481312264407734,-0.0032926940040636787,-0.0032598269770005572,0.006649909601788894,-0.4951486864088965,-0.49020620913758445,0.6204951689612092,0.6239879875199856,0.838,0.611,0.612,True,999,0.0001202079001814127,0.0008673750562593341,near_2x2_bal_strong_500,near_boundary,False,1294,2065082011,9.992007221626409e-16,0,0
500,500,0.008671922287025624,0.0036468713022831944,0.007665665385104603,0.002608494882025525,0.00502505098474243,0.005057170503079078,0.007143664716412441,0.7034276081291253,0.7079238323518068,0.4817893062969215,0.4789925589045757,0.769,0.468,0.465,True,999,0.00011870905291289091,0.0008999590063467622,near_2x2_bal_strong_500,near_boundary,False,1295,2065082011,9.992007221626409e-16,0,0
500,500,0.0011367394575982903,0.0029755978724941845,0.00013066326965827102,0.0019279919254131528,-0.0018388584148958942,-0.0017973286557548818,0.004274089429285264,-0.4302339586758244,-0.42051732550094084,0.6670254618481766,0.6741075753767422,0.894,0.667,0.673,True,999,0.00011716701555997133,0.0008930829353630543,near_2x2_bal_strong_500,near_boundary,False,1296,2065082011,9.992007221626409e-16,0,0
500,500,0.00013049167339085344,0.0005844746192522066,-0.0008755547713690248,-0.0004919410572767902,-0.0004539829458613531,-0.00038361371409223466,0.0017515936725893027,-0.25918279619624934,-0.2190083922403965,0.7954942043313868,0.8266435103978258,0.971,0.804,0.834,True,999,0.0001379579771310091,0.0009107498917728662,near_2x2_bal_strong_500,near_boundary,False,1297,2065082011,9.992007221626409e-16,0,0
500,500,0.0006982465666687254,0.004582980561904759,-0.00030784045929976855,0.0035402612298298664,-0.003884733995236034,-0.003848101689129635,0.0049404715476743894,-0.7863083427865668,-0.7788936039801784,0.43168686602064377,0.43604239195115424,0.762,0.443,0.444,True,999,0.00011875003110617399,0.0008989579509943724,near_2x2_bal_strong_500,near_boundary,False,1298,2065082011,9.992007221626409e-16,0,0
500,500,0.003287188335573843,0.0018469178770215144,0.00228105201500739,0.0008093543929135194,0.0014402704585523285,0.0014716976220938705,0.004605182045419864,0.3127499508916842,0.3195742551714245,0.7544706424914799,0.7492910931021917,0.914,0.741,0.736,True,999,0.00012758292723447084,0.0008760830387473106,near_2x2_bal_strong_500,near_boundary,False,1299,2065082011,9.992007221626409e-16,0,0
500,500,0.007212705427703914,0.004212194912936895,0.006206513767665456,0.0031572097573757674,0.0030005105147670186,0.0030493040102896884,0.007004892027823439,0.4283450055830964,0.4353106369345665,0.6683999570706083,0.6633369650422565,0.877,0.663,0.655,True,999,0.000124832964502275,0.0008671670220792294,near_2x2_bal_strong_500,near_boundary,False,1300,2065082011,9.992007221626409e-16,0,0
500,500,0.007528890853111592,0.00162709730666033,0.006522638001285941,0.0005637423731741364,0.005901793546451262,0.005958895628111804,0.006105600791381237,0.9666196248504041,0.9759720348116235,0.33373422032929745,0.32907832277820537,0.731,0.345,0.341,True,999,0.00012445799075067043,0.0008712499402463436,near_2x2_bal_strong_500,near_boundary,False,1301,2065082011,9.992007221626409e-16,0,0
500,500,3.553129453659487e-06,0.0030968893144439624,-0.001002539394391988,0.0020492965495577664,-0.003093336184990303,-0.0030518359439497544,0.003788117514426422,-0.8165892882704513,-0.805633915085089,0.4141631786012997,0.4204539641986357,0.805,0.426,0.428,True,999,0.00012250000145286322,0.0008811249863356352,near_2x2_bal_strong_500,near_boundary,False,1302,2065082011,9.992007221626409e-16,0,0
500,500,0.0006460110132152641,0.005258104819393983,-0.00036003792456540396,0.004215224570742748,-0.004612093806178719,-0.004575262495308152,0.0052650232482738275,-0.8759873582117276,-0.868991888460926,0.3810369063195155,0.38485156750705085,0.777,0.42,0.424,True,999,0.00012325006537139416,0.0008824999677017331,near_2x2_bal_strong_500,near_boundary,False,1303,2065082011,9.992007221626409e-16,0,0
500,500,0.002120096728911669,0.0018740398868154484,0.0011139978646497184,0.0008197882170009052,0.0002460568420962206,0.0002942096476488132,0.004115130539564265,0.05979320454856691,0.07149460869349868,0.9523203378794707,0.9430041152191658,0.976,0.95,0.94,True,999,0.00012212502770125866,0.0008667920483276248,near_2x2_bal_strong_500,near_boundary,False,1304,2065082011,9.992007221626409e-16,0,0
500,500,0.0012791941422288788,0.005809291167832242,0.00027308069752507436,0.0047813851418823106,-0.0045300970256033635,-0.004508304444357236,0.005615335402794196,-0.806736677447474,-0.8028557728027963,0.4198182082169726,0.4220581015075108,0.787,0.42,0.42,True,999,0.00012174993753433228,0.000911833019927144,near_2x2_bal_strong_500,near_boundary,False,1305,2065082011,9.992007221626409e-16,0,0
500,500,0.002444279050324516,0.0024176842607203097,0.0014381580019176,0.0013757476384625988,2.6594789604206248e-05,6.241036345500106e-05,0.004540733245049907,0.005856937232152677,0.013744556239465924,0.9953268669265257,0.9890337760592568,1.0,0.996,0.99,True,999,0.00012137508019804955,0.0008598749991506338,near_2x2_bal_strong_500,near_boundary,False,1306,2065082011,9.992007221626409e-16,0,0
500,500,0.0028912049734119982,0.009265565288647193,0.0018851081791240176,0.0082256387594839,-0.006374360315235195,-0.006340530580359882,0.007608246822542312,-0.8378224923445883,-0.8333760363259588,0.40213040440381664,0.40463268539421426,0.719,0.399,0.402,True,999,0.00012195808812975883,0.0008620000444352627,near_2x2_bal_strong_500,near_boundary,False,1307,2065082011,9.992007221626409e-16,0,0
500,500,2.8678754375843774e-05,0.0006011430953757335,-0.0009773662739007705,-0.0004523409826617808,-0.0005724643409998897,-0.0005250252912389897,0.0016392500121736279,-0.3492233257578618,-0.32028384159827566,0.7269216558451976,0.7487531710671141,0.967,0.705,0.721,True,999,0.00011808297131210566,0.0008772499859333038,near_2x2_bal_strong_500,near_boundary,False,1308,2065082011,9.992007221626409e-16,0,0
500,500,0.0012979467528976274,0.0006828111498416445,0.0002918686072348464,-0.00045258829678118673,0.0006151356030559829,0.0007444569040160331,0.0027605200601730252,0.22283323056794854,0.26967994717972515,0.8236653039262006,0.7874064889778942,0.966,0.822,0.787,True,999,0.00012274994514882565,0.0008689590031281114,near_2x2_bal_strong_500,near_boundary,False,1309,2065082011,9.992007221626409e-16,0,0
500,500,0.0015233449373833752,0.0001761933322074194,0.0005172618687083741,-0.0008999269521723363,0.0013471516051759558,0.0014171888208807104,0.0026119330268884098,0.5157680504468427,0.5425823733960761,0.606016419595621,0.587417377879442,0.924,0.647,0.615,True,999,0.00012125005014240742,0.000880667008459568,near_2x2_bal_strong_500,near_boundary,False,1310,2065082011,9.992007221626409e-16,0,0
500,500,0.0009360245207985507,0.0004105633532802133,-7.008660696783409e-05,-0.0006659063450342728,0.0005254611675183374,0.0005958197380664387,0.00234559271607959,0.22402063406668066,0.25401670715548963,0.8227412475685781,0.7994826508952197,0.973,0.835,0.801,True,999,0.00012375006917864084,0.0008726250380277634,near_2x2_bal_strong_500,near_boundary,False,1311,2065082011,9.992007221626409e-16,0,0
500,500,0.005140487747099409,0.00036731882057083887,0.004134306961532275,-0.0007304397383194328,0.00477316892652857,0.0048647466998517075,0.004694734833295558,1.0167068207296286,1.036213305456659,0.3092929200494623,0.3001026407541305,0.802,0.299,0.299,True,999,0.00011762510985136032,0.0008820410585030913,near_2x2_bal_strong_500,near_boundary,False,1312,2065082011,9.992007221626409e-16,0,0
500,500,0.0072156661006708145,0.00883973309091246,0.006209475341165671,0.0078033619399207055,-0.001624066990241646,-0.0015938865987550344,0.008474787649870075,-0.19163512495402102,-0.18807392758442387,0.8480280266730602,0.8508186991431503,0.907,0.824,0.826,True,999,0.00011645897757261992,0.0009491670643910766,near_2x2_bal_strong_500,near_boundary,False,1313,2065082011,9.992007221626409e-16,0,0
500,500,0.0012710597744337582,0.004154908973692917,0.00026487283770393333,0.003112299620596559,-0.0028838491992591586,-0.002847426782892626,0.004950055666616515,-0.5825892461589913,-0.5752312649928061,0.5601698464427938,0.5651349005868009,0.87,0.58,0.586,True,999,0.0001246670726686716,0.0008638749131932855,near_2x2_bal_strong_500,near_boundary,False,1314,2065082011,9.992007221626409e-16,0,0
500,500,0.0009323469360282832,0.00020402409849573644,-7.371984241899554e-05,-0.0008928458436798792,0.0007283228375325468,0.0008191260012608836,0.0021211885614210797,0.3433560084090829,0.38616368962131037,0.7313306502492112,0.6993754434644947,0.958,0.744,0.71,True,999,0.0001252919901162386,0.0008775410242378712,near_2x2_bal_strong_500,near_boundary,False,1315,2065082011,9.992007221626409e-16,0,0
500,500,0.0008014975807890679,0.0035632230887609473,-0.000204565739352347,0.002520917721483329,-0.0027617255079718794,-0.002725483460835676,0.004434456121855509,-0.622787875690219,-0.6146150476950152,0.5334239267454396,0.5388089744699305,0.844,0.549,0.554,True,999,0.0001343749463558197,0.000871917000040412,near_2x2_bal_strong_500,near_boundary,False,1316,2065082011,9.992007221626409e-16,0,0
500,500,0.0025944109079415467,0.009113439335051932,0.001588321258623182,0.008080194608282909,-0.006519028427110385,-0.006491873349659727,0.007376833967044531,-0.8837163010898266,-0.880035172088961,0.3768493784119844,0.37884025614487005,0.715,0.374,0.377,True,999,0.00012466602493077517,0.0008699580794200301,near_2x2_bal_strong_500,near_boundary,False,1317,2065082011,9.992007221626409e-16,0,0
500,500,0.006722623663038219,0.004393156331859105,0.005716437660112206,0.0033548039733659607,0.0023294673311791136,0.002361633686746245,0.006861694709264622,0.33948862924983825,0.3441764442765984,0.7342416615728437,0.7307135961147615,0.881,0.737,0.734,True,999,0.00011787505354732275,0.0008593749953433871,near_2x2_bal_strong_500,near_boundary,False,1318,2065082011,9.992007221626409e-16,0,0
500,500,9.92818140699292e-05,0.0002604761671514688,-0.0009067835443374861,-0.0008363500581083372,-0.00016119435308153962,-7.043348622914891e-05,0.0011737877783621292,-0.13732836212221064,-0.060005298681359454,0.8907712530782897,0.9521514145594879,0.982,0.897,0.955,True,999,0.00011662498582154512,0.00086041702888906,near_2x2_bal_strong_500,near_boundary,False,1319,2065082011,9.992007221626409e-16,0,0
500,500,0.0009758326672943962,0.00023611450182758897,-3.0225410569073574e-05,-0.0008264587105202281,0.0007397181654668072,0.0007962332999511545,0.0022111399843509775,0.3345415354532301,0.3601008102546109,0.7379709537579339,0.7187717468854498,0.95,0.742,0.705,True,999,0.00011795805767178535,0.0008626669878140092,near_2x2_bal_strong_500,near_boundary,False,1320,2065082011,9.992007221626409e-16,0,0
500,500,0.007211932693072631,4.281662181282453e-05,0.006205719012143618,-0.0010102490487042814,0.007169116071259807,0.007215968060847899,0.005367816043953883,1.3355740980235051,1.3443024130783523,0.18168852100299182,0.17885061558026594,0.626,0.176,0.174,True,999,0.00012291606981307268,0.0009263330139219761,near_2x2_bal_strong_500,near_boundary,False,1321,2065082011,9.992007221626409e-16,0,0
500,500,0.0009099364704175938,0.0027368964693706976,-9.613778917128002e-05,0.0015088744966078593,-0.0018269599989531038,-0.0016050122857791393,0.0034647097148976986,-0.5273053586848755,-0.4632458179332724,0.5979815535994195,0.6431881779096156,0.88,0.591,0.625,True,999,0.00013379205483943224,0.0008782090153545141,near_2x2_bal_strong_500,near_boundary,False,1322,2065082011,9.992007221626409e-16,0,0
500,500,2.728045488586961e-05,0.0016640066910511564,-0.0009787759597088552,0.0006100528549666251,-0.0016367262361652868,-0.0015888288146754803,0.0027537757973793305,-0.5943571142294519,-0.5769637514381206,0.5522732857771308,0.5639639428146688,0.928,0.553,0.561,True,999,0.00011641695164144039,0.0008605830371379852,near_2x2_bal_strong_500,near_boundary,False,1323,2065082011,9.992007221626409e-16,0,0
500,500,0.001883223924427302,0.008801733053045047,0.0008770537513100862,0.007761768607537078,-0.006918509128617745,-0.006884714856226992,0.007156711482580293,-0.9667162279012725,-0.9619941886695655,0.3336859124089001,0.33605252310446776,0.712,0.34,0.345,True,999,0.00011837494093924761,0.0008747910615056753,near_2x2_bal_strong_500,near_boundary,False,1324,2065082011,9.992007221626409e-16,0,0
500,500,0.0004964103367930406,0.005571669668798629,-0.0005096755306794876,0.0045393608089057125,-0.005075259332005588,-0.0050490363395852,0.005266221892927699,-0.963738223568102,-0.958758753854605,0.3351771855508118,0.33768029225596163,0.679,0.329,0.333,True,999,0.00012524996418505907,0.0008681670296937227,near_2x2_bal_strong_500,near_boundary,False,1325,2065082011,9.992007221626409e-16,0,0
500,500,0.002893065773031167,0.00428042104958043,0.0018869635358669257,0.0032378486036179766,-0.0013873552765492625,-0.0013508850677510509,0.005622485589555558,-0.24675123741116234,-0.2402647452330482,0.8051007505807267,0.8101250238247937,0.943,0.813,0.82,True,999,0.00012233294546604156,0.000844834023155272,near_2x2_bal_strong_500,near_boundary,False,1326,2065082011,9.992007221626409e-16,0,0
500,500,0.0013528052054030404,7.614461922655913e-07,0.0003467418915192866,-0.0010614987883172944,0.0013520437592107748,0.001408240679836581,0.0023252848898163343,0.5814529501877801,0.6056207073825749,0.5609352195492645,0.5447666485176009,0.917,0.556,0.542,True,999,0.00011625001206994057,0.0008785419631749392,near_2x2_bal_strong_500,near_boundary,False,1327,2065082011,9.992007221626409e-16,0,0
500,500,0.0035410276396153906,0.0003508519370064578,0.0025349157470486716,-0.0007118122339591082,0.003190175702608933,0.00324672798100778,0.0039496831055904486,0.8077042176101429,0.8220223988127822,0.4192608750847362,0.41106414901992117,0.847,0.406,0.404,True,999,0.00011550006456673145,0.0008620829321444035,near_2x2_bal_strong_500,near_boundary,False,1328,2065082011,9.992007221626409e-16,0,0
500,500,3.517555334686673e-05,0.0014059218120608397,-0.0009708649525350665,0.0003589219083153239,-0.001370746258713973,-0.0013297868608503904,0.0025150388989780676,-0.5450199037760197,-0.5287341127768326,0.5857398285076232,0.5969899095274637,0.889,0.595,0.595,True,999,0.00011495896615087986,0.0008692090632393956,near_2x2_bal_strong_500,near_boundary,False,1329,2065082011,9.992007221626409e-16,0,0
500,500,0.007055370080624623,0.0016149844562602933,0.006049161710166118,0.0005610985145949599,0.00544038562436433,0.005488063195571158,0.005938865121586974,0.9160648563290757,0.9240929172852888,0.3596328790949196,0.35543794059221734,0.778,0.391,0.384,True,999,0.00016816600691527128,0.0008638330036774278,near_2x2_bal_strong_500,near_boundary,False,1330,2065082011,9.992007221626409e-16,0,0
500,500,0.007162254661896905,0.0028120127617528023,0.006156043233261244,0.001764449767563292,0.004350241900144103,0.004391593465697952,0.0064311029513941615,0.6764379194397812,0.6828678531333298,0.4987626488226655,0.4946903489315466,0.808,0.511,0.502,True,999,0.00011654198169708252,0.0008520829724147916,near_2x2_bal_strong_500,near_boundary,False,1331,2065082011,9.992007221626409e-16,0,0
500,500,0.008284460285874928,0.004206302774190096,0.007278222254683442,0.0031714332990873118,0.004078157511684832,0.00410678895559613,0.00721653166351931,0.5651132291569582,0.5690807089999462,0.5719967509009938,0.5693013692491572,0.811,0.585,0.581,True,999,0.00011475000064820051,0.0008601660374552011,near_2x2_bal_strong_500,near_boundary,False,1332,2065082011,9.992007221626409e-16,0,0
500,500,0.0011660633934729159,0.0022406436388916484,0.00015999580017478365,0.0011769806461359167,-0.0010745802454187325,-0.001016984845961133,0.003886393665036888,-0.276498043696902,-0.26167828933806175,0.7821655620097543,0.7935694800377942,0.94,0.773,0.782,True,999,0.00011612498201429844,0.0008479999378323555,near_2x2_bal_strong_500,near_boundary,False,1333,2065082011,9.992007221626409e-16,0,0
500,500,0.0002849540900260461,0.0003508519370064578,-0.0007210954629499611,-0.0007118122339591082,-6.589784698041168e-05,-9.283228990852876e-06,0.0016204173089543214,-0.04066720752503965,-0.005728912508866915,0.9675612045621573,0.995429014162625,0.997,0.957,0.997,True,999,0.00012037495616823435,0.0008482499979436398,near_2x2_bal_strong_500,near_boundary,False,1334,2065082011,9.992007221626409e-16,0,0
500,500,0.0016164119693481416,0.0023594937947899464,0.0006103209208276894,0.0013121859013551784,-0.0007430818254418048,-0.000701864980527489,0.004142506002697643,-0.17937978242105193,-0.16943004550154597,0.857639505199339,0.8654583922340859,0.958,0.855,0.865,True,999,0.0001181670231744647,0.0008424579864367843,near_2x2_bal_strong_500,near_boundary,False,1335,2065082011,9.992007221626409e-16,0,0
500,500,0.000716904440355659,0.0019641509249972433,-0.0002892500163511613,0.0009170529142750183,-0.0012472464846415843,-0.0012063029306261797,0.0034170216556238383,-0.3650098273708122,-0.35302759309143084,0.7151040704510851,0.7240677543787689,0.929,0.735,0.745,True,999,0.00011620798613876104,0.0008513329084962606,near_2x2_bal_strong_500,near_boundary,False,1336,2065082011,9.992007221626409e-16,0,0
500,500,0.0020851147886923327,0.0014144775623942119,0.0010790246084297905,0.00036757990423552656,0.0006706372262981208,0.000711444704194264,0.0038145044405841887,0.1758124120037499,0.18651038824988408,0.860441318159852,0.8520445331428927,0.963,0.857,0.849,True,999,0.0001163750421255827,0.0008499579271301627,near_2x2_bal_strong_500,near_boundary,False,1337,2065082011,9.992007221626409e-16,0,0
500,500,0.0025969149401864344,0.0006386593567592191,0.0015908171630485413,-0.0004027219700617479,0.0019582555834272153,0.001993539133110289,0.003614615600935149,0.5417603971278685,0.551521753127645,0.5879835766752197,0.5812760588809249,0.883,0.585,0.58,True,999,0.00011537503451108932,0.0008908329764381051,near_2x2_bal_strong_500,near_boundary,False,1338,2065082011,9.992007221626409e-16,0,0
500,500,0.0021038383928116966,0.0030541949016744674,0.0010977265239944245,0.0020196861873387206,-0.0009503565088627708,-0.0009219596633442961,0.004697003479019538,-0.2023325111654271,-0.1962867746346119,0.8396567853115181,0.8443857123546367,0.947,0.84,0.845,True,999,0.00012254202738404274,0.0008498340612277389,near_2x2_bal_strong_500,near_boundary,False,1339,2065082011,9.992007221626409e-16,0,0
500,500,0.002049400397021728,0.012003125188031538,0.0010433231452680047,0.010971427943786694,-0.00995372479100981,-0.009928104798518689,0.008190754292543763,-1.215239089771124,-1.212111173638364,0.22427491553845758,0.2254698271149378,0.54,0.207,0.208,True,999,0.00011891697067767382,0.0008607909549027681,near_2x2_bal_strong_500,near_boundary,False,1340,2065082011,9.992007221626409e-16,0,0
500,500,0.0001747828774126825,0.0016588131241176418,-0.0008313725771245117,0.0006118410396993568,-0.0014840302467049593,-0.0014432136168238685,0.002840078455147875,-0.5225314265579646,-0.5081597708006712,0.6013003713176148,0.6113413009269829,0.892,0.615,0.625,True,999,0.00012304203119128942,0.0008714579744264483,near_2x2_bal_strong_500,near_boundary,False,1341,2065082011,9.992007221626409e-16,0,0
500,500,0.00909204970437183,0.0020808232761781453,0.008085775397944417,0.0010390037227807625,0.007011226428193684,0.0070467716751636544,0.006731508198309353,1.0415535748667117,1.046834003252567,0.2976187021593746,0.2951761446599699,0.658,0.294,0.294,True,999,0.00012004200834780931,0.0008765829261392355,near_2x2_bal_strong_500,near_boundary,False,1342,2065082011,9.992007221626409e-16,0,0
500,500,0.000635114796391556,0.002495474109541096,-0.0003709407490077865,0.001457711333870293,-0.00186035931314954,-0.0018286520828780795,0.003697000904345814,-0.5032076976131363,-0.49463122411696037,0.6148182533931266,0.620860457391567,0.87,0.611,0.614,True,999,0.00011837494093924761,0.0008791660657152534,near_2x2_bal_strong_500,near_boundary,False,1343,2065082011,9.992007221626409e-16,0,0
500,500,0.004363537162270337,0.0008209167778753801,0.0033573498279224623,-0.00024203402935540907,0.0035426203843949566,0.0035993838572778714,0.004579771624233191,0.7735364719170056,0.7859308613189921,0.4392049526542293,0.4319079932215577,0.847,0.445,0.439,True,999,0.00012416602112352848,0.0008697080193087459,near_2x2_bal_strong_500,near_boundary,False,1344,2065082011,9.992007221626409e-16,0,0
500,500,0.0026044492323624713,0.00451777763385669,0.0015983528175524953,0.003469749662826871,-0.0019133284014942187,-0.0018713968452743757,0.005659783635985508,-0.3380568100393578,-0.3306481246696137,0.7353203769902246,0.740910290643278,0.895,0.735,0.738,True,999,0.00012616696767508984,0.0009397909743711352,near_2x2_bal_strong_500,near_boundary,False,1345,2065082011,9.992007221626409e-16,0,0
500,500,0.0003276269732310766,0.004363517738168454,-0.0006784529181231846,0.0033251936541489613,-0.004035890764937378,-0.004003646572272146,0.00464078918652919,-0.8696561301798302,-0.862708132464522,0.38448835334296505,0.38829795991654636,0.78,0.393,0.395,True,999,0.0001313749235123396,0.0009164169896394014,near_2x2_bal_strong_500,near_boundary,False,1346,2065082011,9.992007221626409e-16,0,0
500,500,0.000729694934171965,0.001590300051244553,-0.00027643639413099663,0.0005527972307106666,-0.0008606051170725881,-0.0008292336248416632,0.0031375856289992026,-0.2742889657316208,-0.2642903566288211,0.783862563537333,0.7915561904826605,0.948,0.784,0.791,True,999,0.0001248749904334545,0.0008427089778706431,near_2x2_bal_strong_500,near_boundary,False,1347,2065082011,9.992007221626409e-16,0,0
500,500,0.0008144887075428597,0.00608144597135285,-0.0001915699625101297,0.005038292475461503,-0.00526695726380999,-0.005229862437971633,0.005724523279902812,-0.9200691492164584,-0.9135891640675488,0.3575366248921631,0.3609327623217913,0.739,0.357,0.357,True,999,0.0001170419855043292,0.0008505000732839108,near_2x2_bal_strong_500,near_boundary,False,1348,2065082011,9.992007221626409e-16,0,0
500,500,0.0002066027586223873,0.009305791047757361,-0.0007994401747168922,0.008272377220379212,-0.009099188289134974,-0.009071817395096105,0.006773852684104969,-1.343281100648449,-1.33924043201934,0.17918096941769035,0.18049241384989123,0.509,0.149,0.15,True,999,0.00012058299034833908,0.0008484580321237445,near_2x2_bal_strong_500,near_boundary,False,1349,2065082011,9.992007221626409e-16,0,0
500,500,0.006735920284353103,0.0032390256361597425,0.005729735583088313,0.002201048805886785,0.0034968946481933605,0.0035286867772015285,0.006438050935846212,0.5431604507387656,0.5480986112666909,0.5870193342491534,0.5836241941029893,0.854,0.579,0.576,True,999,0.00011858402285724878,0.0008729170076549053,near_2x2_bal_strong_500,near_boundary,False,1350,2065082011,9.992007221626409e-16,0,0
500,500,0.007702957437685898,0.00014517279989967324,0.006696668366942049,-0.0009522990819732513,0.0075577846377862246,0.0076489674489153,0.005582274040853395,1.3538899349038087,1.3702242836766856,0.17577149513038515,0.17061690014375186,0.678,0.165,0.162,True,999,0.00011579191777855158,0.0009081249590963125,near_2x2_bal_strong_500,near_boundary,False,1351,2065082011,9.992007221626409e-16,0,0
500,500,0.0028340484131846866,0.008128315580428147,0.0018278883778179988,0.007092178006558925,-0.0052942671672434605,-0.005264289628740926,0.007115831541168719,-0.7440124371429286,-0.739799642288371,0.4568689509130951,0.4594215761069407,0.735,0.457,0.458,True,999,0.00011725001968443394,0.0008859999943524599,near_2x2_bal_strong_500,near_boundary,False,1352,2065082011,9.992007221626409e-16,0,0
500,500,0.002530764091715265,0.0017711554069708146,0.0015246611006318744,0.0007077269105764117,0.0007596086847444505,0.0008169341900554628,0.004266807946332491,0.17802739056895392,0.19146261100353806,0.8587014647717974,0.8481631707258602,0.968,0.859,0.845,True,999,0.0001181670231744647,0.0009571249829605222,near_2x2_bal_strong_500,near_boundary,False,1353,2065082011,9.992007221626409e-16,0,0
500,500,0.00406120208689198,0.002630809698803027,0.0030550389658969834,0.0015834636434703953,0.0014303923880889524,0.0014715753224265882,0.005311082758193136,0.26932218028091526,0.2770763306514974,0.7876817651578412,0.7817214959797012,0.942,0.808,0.803,True,999,0.0001363340998068452,0.0009361669654026628,near_2x2_bal_strong_500,near_boundary,False,1354,2065082011,9.992007221626409e-16,0,0
500,500,0.0003276269732310766,0.0034624736748730123,-0.0006784529181231846,0.002420121704091116,-0.0031348467016419357,-0.0030985746222143007,0.0041547005575984656,-0.7545301179187667,-0.745799746397455,0.45053096761194933,0.45578839318313524,0.844,0.441,0.447,True,999,0.00012174993753433228,0.0008532499196007848,near_2x2_bal_strong_500,near_boundary,False,1355,2065082011,9.992007221626409e-16,0,0
500,500,0.0015697698838545993,0.000802049896819701,0.0005637027469447276,-0.0002515709223871454,0.0007677199870348983,0.000815273669331873,0.0031207303649008525,0.24600651042125174,0.26124450817710254,0.8056771927640808,0.7939039569241315,0.957,0.795,0.785,True,999,0.00011700007598847151,0.0008441660320386291,near_2x2_bal_strong_500,near_boundary,False,1356,2065082011,9.992007221626409e-16,0,0
500,500,0.004278729769006895,0.0038011287478131317,0.0032725922274039476,0.002746277290953003,0.00047760102119376313,0.0005263149364509445,0.005939241737576243,0.08041447752026815,0.08861652037516315,0.9359076127977389,0.9293866783790162,0.967,0.949,0.942,True,999,0.00011733302380889654,0.0008525000885128975,near_2x2_bal_strong_500,near_boundary,False,1357,2065082011,9.992007221626409e-16,0,0
500,500,0.003056402869978214,4.120832140530606e-05,0.0020502673755231626,-0.0010345692240889548,0.003015194548572908,0.0030848365996121174,0.0035145240346575644,0.8579240087247524,0.8777395087334171,0.39093442598643513,0.380085098580744,0.832,0.397,0.384,True,999,0.00011616700794547796,0.0008638750296086073,near_2x2_bal_strong_500,near_boundary,False,1358,2065082011,9.992007221626409e-16,0,0
500,500,0.004184802873618221,0.0012312590303155124,0.0031786077043420846,0.00018964738561066952,0.0029535438433027084,0.002988960318731415,0.004692290522788359,0.6294460730763932,0.6369938741464046,0.5290570629841027,0.5241288338093641,0.867,0.533,0.53,True,999,0.00011787493713200092,0.0008518750546500087,near_2x2_bal_strong_500,near_boundary,False,1359,2065082011,9.992007221626409e-16,0,0
500,500,0.001856974868169603,0.0006986112383781107,0.0008508838780585393,-0.0003483032281792475,0.0011583636297914923,0.0011991871062377868,0.0032240976016162507,0.35928305309702807,0.37194503839977744,0.7193833508152014,0.7099337710969627,0.931,0.734,0.727,True,999,0.00011587503831833601,0.0008826670236885548,near_2x2_bal_strong_500,near_boundary,False,1360,2065082011,9.992007221626409e-16,0,0
500,500,0.00039718988057579896,0.00019101038387114855,-0.0006088649486173381,-0.0008845283653613478,0.0002061794967046504,0.00027566341674400974,0.0015227046526576616,0.13540347193711783,0.1810353808684297,0.8922928792055692,0.8563398049067755,0.98,0.885,0.848,True,999,0.00011983292642980814,0.0008671659743413329,near_2x2_bal_strong_500,near_boundary,False,1361,2065082011,9.992007221626409e-16,0,0
500,500,0.003868792467098592,0.0022785813472774863,0.00286258974165321,0.0012243583742872488,0.0015902111198211055,0.001638231367365961,0.005085622485557529,0.31268760595916967,0.322129959905265,0.754518012747614,0.7473542422602839,0.916,0.757,0.751,True,999,0.00011466606520116329,0.0008482499979436398,near_2x2_bal_strong_500,near_boundary,False,1362,2065082011,9.992007221626409e-16,0,0
500,500,0.0006098534035704484,0.00020047406579259963,-0.0003962104540846667,-0.0008621796966394868,0.00040937933777784874,0.0004659692425548201,0.001809669947261184,0.22621768041040707,0.2574885233962324,0.8210321200346746,0.7968016737159114,0.976,0.812,0.778,True,999,0.00012491701636463404,0.0008941249689087272,near_2x2_bal_strong_500,near_boundary,False,1363,2065082011,9.992007221626409e-16,0,0
500,500,0.00011630731956191465,0.005807066046775611,-0.0008897483818373075,0.004763998275336689,-0.005690758727213696,-0.005653746657173997,0.00533940390550194,-1.0658041286874187,-1.0588722556366537,0.28651219416917295,0.2896579611882757,0.674,0.273,0.277,True,999,0.00011604104656726122,0.0008569170022383332,near_2x2_bal_strong_500,near_boundary,False,1364,2065082011,9.992007221626409e-16,0,0
500,500,0.0011255536775179875,0.002513209805869443,0.00011936490585640058,0.0014788387519502066,-0.0013876561283514555,-0.001359473846093806,0.003951788025287431,-0.3511463973957776,-0.34401487058378477,0.7254785213039259,0.7308351027748117,0.931,0.734,0.738,True,999,0.00011508306488394737,0.0008503749268129468,near_2x2_bal_strong_500,near_boundary,False,1365,2065082011,9.992007221626409e-16,0,0
500,500,0.00016715817721957293,0.00593375307751276,-0.0008389187437956025,0.00489495494878156,-0.005766594900293187,-0.005733873692577163,0.0053790833171381254,-1.0720404500745366,-1.0659574047326337,0.2837018641097736,0.2864428974019625,0.623,0.265,0.266,True,999,0.00011441705282777548,0.0008542499272152781,near_2x2_bal_strong_500,near_boundary,False,1366,2065082011,9.992007221626409e-16,0,0
500,500,0.0035277137905130873,0.004900855102200785,0.0025216022444283226,0.0038619981584986363,-0.0013731413116876978,-0.0013403959140703137,0.006078058819582972,-0.22591773993097222,-0.22053026366768214,0.8212654000214419,0.8254582054795717,0.951,0.805,0.807,True,999,0.00011383392848074436,0.0008510000770911574,near_2x2_bal_strong_500,near_boundary,False,1367,2065082011,9.992007221626409e-16,0,0
500,500,0.004980336764209836,0.0001772442236522842,0.003974173286451332,-0.0008847789514447868,0.004803092540557552,0.004858952237896119,0.004528249231987402,1.060695269736627,1.0730310963390977,0.28882841037811324,0.2832571642048416,0.712,0.28,0.279,True,999,0.00011491600889712572,0.0008975419914349914,near_2x2_bal_strong_500,near_boundary,False,1368,2065082011,9.992007221626409e-16,0,0
500,500,0.0009904325492426924,0.0045805823463256345,-1.574281822058765e-05,0.0035455267338591057,-0.003590149797082942,-0.0035612695520796933,0.00500090271175496,-0.7179003479999825,-0.7121253416325593,0.47281873329504487,0.47638716300916617,0.833,0.47,0.472,True,999,0.00011479097884148359,0.00085891701746732,near_2x2_bal_strong_500,near_boundary,False,1369,2065082011,9.992007221626409e-16,0,0
500,500,0.0007150199819452308,0.00010105952126460149,-0.0002910756284677518,-0.0009749756121948394,0.0006139604606806293,0.0006838999837270876,0.0018101727080625765,0.33917231098780054,0.3778092447648623,0.7344799269124078,0.7055723055476764,0.971,0.729,0.702,True,999,0.00011383299715816975,0.0008432080503553152,near_2x2_bal_strong_500,near_boundary,False,1370,2065082011,9.992007221626409e-16,0,0
500,500,0.0008772797815818079,0.007230634362498267,-0.00012880961782002487,0.006197798605654725,-0.006353354580916459,-0.00632660822347475,0.006136057015068495,-1.035413224700217,-1.0310543412387323,0.30047597225132106,0.30251533751352955,0.671,0.294,0.3,True,999,0.00011429097503423691,0.0009177919710054994,near_2x2_bal_strong_500,near_boundary,False,1371,2065082011,9.992007221626409e-16,0,0
500,500,0.00770794889389903,0.002479819243499548,0.006701747287536364,0.001437816011190307,0.005228129650399482,0.005263931276346057,0.006461781850582986,0.8090848269549362,0.8146253460833163,0.41846635520854114,0.4152867975932225,0.755,0.424,0.42,True,999,0.00011979206465184689,0.0008580420399084687,near_2x2_bal_strong_500,near_boundary,False,1372,2065082011,9.992007221626409e-16,0,0
500,500,0.0006125080362792135,0.0006466950384274028,-0.0003935764874540837,-0.0004163843689184432,-3.418700214818937e-05,2.2807881464359525e-05,0.0022902525998567632,-0.014927175347526073,0.0099586750674515,0.9880902795438922,0.9920542582546116,0.999,0.992,0.995,True,999,0.00011029199231415987,0.0008512500207871199,near_2x2_bal_strong_500,near_boundary,False,1373,2065082011,9.992007221626409e-16,0,0
500,500,3.9520425174743856e-05,9.750192159208027e-08,-0.0009665326206231839,-0.0010970591788748152,3.9422923253151776e-05,0.00013052655825163129,0.00039807449887526564,0.09903403349005967,0.32789480014526384,0.921111248100957,0.7429912054693092,0.998,0.906,0.714,True,999,0.0001236249227076769,0.0008606669725850224,near_2x2_bal_strong_500,near_boundary,False,1374,2065082011,9.992007221626409e-16,0,0
500,500,0.0017992995171409731,0.00041254167138260467,0.0007932271202548691,-0.000650161008422856,0.0013867578457583685,0.001443388128677725,0.002990098040822777,0.46378340336184365,0.4827226763041361,0.6428029352482469,0.6292926599539788,0.934,0.669,0.65,True,999,0.00011479202657938004,0.0008643330074846745,near_2x2_bal_strong_500,near_boundary,False,1375,2065082011,9.992007221626409e-16,0,0
500,500,0.000806303779605333,0.0009889551611809155,-0.00019981673955271617,-6.48586406555296e-05,-0.00018265138157558258,-0.00013495809889718657,0.0027457223464935664,-0.06652216011893487,-0.049152128972375975,0.946962115559665,0.9607980606660628,0.988,0.944,0.959,True,999,0.00011641602031886578,0.0008536670356988907,near_2x2_bal_strong_500,near_boundary,False,1376,2065082011,9.992007221626409e-16,0,0
500,500,0.000587687296265127,1.3154202268217396e-05,-0.00041852146728160733,-0.001083990783797617,0.0005745330939969095,0.0006654693165160097,0.001549932788289329,0.37068258594040426,0.42935366071614794,0.7108739621674158,0.6676658712756941,0.961,0.724,0.677,True,999,0.00011575000826269388,0.0008698749588802457,near_2x2_bal_strong_500,near_boundary,False,1377,2065082011,9.992007221626409e-16,0,0
500,500,0.004415887008017094,0.0012716648799428465,0.0034097196938773777,0.00023010466520645423,0.0031442221280742477,0.0031796150286709235,0.004806815444848519,0.6541175054773367,0.6614805717324821,0.5130361041754272,0.5083041700023962,0.83,0.507,0.501,True,999,0.00011441693641245365,0.000843334011733532,near_2x2_bal_strong_500,near_boundary,False,1378,2065082011,9.992007221626409e-16,0,0
500,500,0.012614195033497477,0.0018613127718858924,0.011607846379263265,0.0008195019925949509,0.010752882261611585,0.010788344386668314,0.007620272209441351,1.4110889960451805,1.4157426519884408,0.158218374221606,0.15685086563147432,0.534,0.153,0.151,True,999,0.00011387502308934927,0.0008798750350251794,near_2x2_bal_strong_500,near_boundary,False,1379,2065082011,9.992007221626409e-16,0,0
500,500,0.00496873911883533,0.003890220406451983,0.003962585100680371,0.0028419939969808183,0.0010785187123833473,0.001120591103699553,0.006172612635978364,0.17472645312245505,0.18154243102312195,0.8612945809264395,0.855941831284887,0.945,0.853,0.847,True,999,0.00013825006317347288,0.0008475419599562883,near_2x2_bal_strong_500,near_boundary,False,1380,2065082011,9.992007221626409e-16,0,0
500,500,0.006737500746191505,0.01343179367348074,0.005731318681455377,0.012396820354155125,-0.006694292927289236,-0.006665501672699747,0.009724760704847438,-0.6883761082113183,-0.6854154950442367,0.4912159652082173,0.49308176896909406,0.722,0.48,0.481,True,999,0.00011212506797164679,0.0008915829239413142,near_2x2_bal_strong_500,near_boundary,False,1381,2065082011,9.992007221626409e-16,0,0
500,500,0.0007512272449488044,0.0028998465526434147,-0.0002549656701944514,0.0018616789571126446,-0.0021486193076946103,-0.002116644627307096,0.004003834953656993,-0.5366403292253893,-0.5286543156265248,0.591516080993335,0.5970452739754407,0.896,0.594,0.605,True,999,0.00011912500485777855,0.0008463329868391156,near_2x2_bal_strong_500,near_boundary,False,1382,2065082011,9.992007221626409e-16,0,0
500,500,0.008032476621063989,0.001377453763134473,0.007026128195207093,0.0003358701025888422,0.006655022857929516,0.006690258092618251,0.006151337072695678,1.0818823256279644,1.0876103867425368,0.27930481932726703,0.27676714343452047,0.649,0.266,0.266,True,999,0.00011420808732509613,0.0008710419060662389,near_2x2_bal_strong_500,near_boundary,False,1383,2065082011,9.992007221626409e-16,0,0
500,500,0.00021659358562409192,0.00018687327521454966,-0.0007894792867659817,-0.0008757415497484544,2.972031040954226e-05,8.626226298247275e-05,0.0012826237077787255,0.02317149623018626,0.06725453650928029,0.9815134752140853,0.9463790695069938,0.998,0.975,0.928,True,999,0.00011991697829216719,0.0009406669996678829,near_2x2_bal_strong_500,near_boundary,False,1384,2065082011,9.992007221626409e-16,0,0
500,500,0.0024172040600960454,0.006053133448893466,0.001411067651815756,0.00501755731988851,-0.003635929388797421,-0.0036064896680727543,0.00617210218768158,-0.589090925301608,-0.5843211208120739,0.5558002805738522,0.5590042848489379,0.794,0.546,0.55,True,999,0.00011875003110617399,0.0008620410226285458,near_2x2_bal_strong_500,near_boundary,False,1385,2065082011,9.992007221626409e-16,0,0
500,500,0.005010387869092026,0.010376195362043927,0.0040042424478770045,0.009339294734274972,-0.005365807492951902,-0.005335052286397968,0.008459469645230196,-0.6342959686577242,-0.6306603735384397,0.5258876869299174,0.5282626142032365,0.761,0.526,0.528,True,999,0.00011529203038662672,0.0008638750296086073,near_2x2_bal_strong_500,near_boundary,False,1386,2065082011,9.992007221626409e-16,0,0
500,500,0.005345983327177839,0.00199893441479132,0.004339823639213591,0.0009570864114607502,0.003347048912386519,0.003382737227752841,0.005491069088245894,0.6095441267623394,0.6160434650137404,0.5421638333649146,0.5378658333816336,0.852,0.563,0.56,True,999,0.00011829205323010683,0.0008623750181868672,near_2x2_bal_strong_500,near_boundary,False,1387,2065082011,9.992007221626409e-16,0,0
500,500,0.009582780982701933,0.00042689959072000905,0.008576489296615364,-0.0007086222174166323,0.009155881391981924,0.009285111514031996,0.006285207576391102,1.4567349257284405,1.4772959208076637,0.14518956498664584,0.13959633098429147,0.581,0.128,0.124,True,999,0.00014045799616724253,0.0009238329948857427,near_2x2_bal_strong_500,near_boundary,False,1388,2065082011,9.992007221626409e-16,0,0
500,500,0.00444680517470375,0.0006764246996801004,0.0034406503815489486,-0.000377190936774241,0.003770380475023649,0.0038178413183231896,0.0045406797459037,0.8303559568201295,0.8408083220948126,0.4063375593293257,0.4004553242072768,0.813,0.405,0.399,True,999,0.0001163750421255827,0.0008484580321237445,near_2x2_bal_strong_500,near_boundary,False,1389,2065082011,9.992007221626409e-16,0,0
500,500,0.002358522528094098,0.00010767386778820498,0.00135238860877962,-0.0009684770435001155,0.002250848660305893,0.0023208656522797355,0.003140191679167901,0.7167870277595063,0.7390840717388076,0.47350551718783307,0.4598559482780028,0.869,0.493,0.479,True,999,0.00011520797852426767,0.0008577080443501472,near_2x2_bal_strong_500,near_boundary,False,1390,2065082011,9.992007221626409e-16,0,0
500,500,0.003591659102080813,0.00882106179355202,0.0025855336722884203,0.007781346030839131,-0.005229402691471208,-0.005195812358550711,0.007628444851494496,-0.685513599858654,-0.681110299635029,0.4930198817138248,0.49580170039858296,0.774,0.496,0.497,True,999,0.0001175830839201808,0.0008777499897405505,near_2x2_bal_strong_500,near_boundary,False,1391,2065082011,9.992007221626409e-16,0,0
500,500,0.0034423961308757134,0.0002611384342698919,0.0024362320645536784,-0.0008014983717146151,0.0031812576966058215,0.0032377304362682935,0.0038489756626970935,0.8265206058425992,0.8411927536064279,0.4085088340246683,0.4002399594054261,0.822,0.413,0.408,True,999,0.00011595909018069506,0.000939292018301785,near_2x2_bal_strong_500,near_boundary,False,1392,2065082011,9.992007221626409e-16,0,0
500,500,0.00012821064275048144,0.007797266479274867,-0.0008778379988712004,0.006770358362103934,-0.0076690558365243855,-0.007648196360975135,0.006027959359699601,-1.2722474354748416,-1.2687869815625759,0.20328521845116798,0.20451704951749994,0.557,0.2,0.201,True,999,0.00012279197108000517,0.000838291016407311,near_2x2_bal_strong_500,near_boundary,False,1393,2065082011,9.992007221626409e-16,0,0
500,500,0.0013782118668363985,0.0006975395871381407,0.00037212528934560396,-0.00034908855246840176,0.0006806722796982578,0.0007212138418140057,0.0029129457085029695,0.233671461061343,0.24758918084493042,0.8152400451985696,0.8044522825790521,0.967,0.814,0.814,True,999,0.00011958403047174215,0.0008476250804960728,near_2x2_bal_strong_500,near_boundary,False,1394,2065082011,9.992007221626409e-16,0,0
500,500,0.0005123828018472887,0.011533395886628495,-0.0004936658275482841,0.010496455031727692,-0.011021013084781206,-0.010990120859275976,0.007767673345019768,-1.4188306581979675,-1.414853633916297,0.15594839221099255,0.1571114148618729,0.481,0.154,0.155,True,999,0.00012020801659673452,0.0008631249656900764,near_2x2_bal_strong_500,near_boundary,False,1395,2065082011,9.992007221626409e-16,0,0
500,500,1.4174159634894323e-06,0.00023944632757122442,-0.0010046512982739841,-0.0008137701048269719,-0.00023802891160773498,-0.00019088119344701227,0.001002251628055511,-0.23749416308710794,-0.1904523655574846,0.8122734468751365,0.8489546667225434,0.992,0.831,0.873,True,999,0.00011429202277213335,0.00090637500397861,near_2x2_bal_strong_500,near_boundary,False,1396,2065082011,9.992007221626409e-16,0,0
500,500,0.0003019903107208677,0.0038733731264680715,-0.0007040593162628284,0.0028352121931618512,-0.003571382815747204,-0.0035392715094246796,0.004358655713766451,-0.8193771314552991,-0.8120098814517939,0.4125712782067351,0.4167859614764713,0.812,0.413,0.419,True,999,0.00013070902787148952,0.0008297919994220138,near_2x2_bal_strong_500,near_boundary,False,1397,2065082011,9.992007221626409e-16,0,0
500,500,0.0002624570929318226,0.00028798826065346006,-0.0007436247946657204,-0.0007746234410888064,-2.5531167721637438e-05,3.099864642308603e-05,0.0015042564044532771,-0.016972616932893668,0.020607288977674325,0.9864584611471743,0.9835589259383478,0.997,0.986,0.981,True,999,0.00011312495917081833,0.0008463339181616902,near_2x2_bal_strong_500,near_boundary,False,1398,2065082011,9.992007221626409e-16,0,0
500,500,0.008100964231582353,0.004285010624947128,0.007094741163598428,0.00228464697408981,0.003815953606635225,0.004810094189508618,0.0065555435754736675,0.58209568172377,0.7337445223466563,0.5605022336865855,0.4631044580552691,0.806,0.555,0.462,True,999,0.00012212502770125866,0.0008537500398233533,near_2x2_bal_strong_500,near_boundary,False,1399,2065082011,9.992007221626409e-16,0,0
500,500,0.0031844829100424743,0.0004097505196378748,0.0021783775061976485,-0.0006529462199580394,0.0027747323904045995,0.002831323726155688,0.003800241089838363,0.7301464104011933,0.7450379223903696,0.46530069532105234,0.4562487949822016,0.869,0.497,0.497,True,999,0.00011466699652373791,0.0008551670471206307,near_2x2_bal_strong_500,near_boundary,False,1400,2065082011,9.992007221626409e-16,0,0
500,500,0.0018197803246767785,0.00021278466707985721,0.0008137013090276923,-0.000884068667005522,0.0016069956575969213,0.0016977699760332143,0.0028410063278854264,0.5656431109722362,0.597594577445687,0.5716364150941543,0.5501104832942361,0.906,0.575,0.55,True,999,0.00011733395513147116,0.0008467499865218997,near_2x2_bal_strong_500,near_boundary,False,1401,2065082011,9.992007221626409e-16,0,0
500,500,0.0009563474536838923,0.011748563500116938,-4.971144545606876e-05,0.010721207935176835,-0.010792216046433045,-0.010770919380632904,0.007745074060042038,-1.3934296770784484,-1.3906799724745875,0.16348989667118174,0.16432249338954696,0.496,0.156,0.158,True,999,0.00011537503451108932,0.0008787920232862234,near_2x2_bal_strong_500,near_boundary,False,1402,2065082011,9.992007221626409e-16,0,0
500,500,0.006730695474211679,0.002495474109541096,0.00572445733882887,0.001457711333870293,0.004235221364670583,0.004266746004958577,0.006155197623288418,0.6880723615837233,0.6931939908501371,0.49140721420719835,0.4881878187742359,0.762,0.474,0.474,True,999,0.00011458306107670069,0.0008527500322088599,near_2x2_bal_strong_500,near_boundary,False,1403,2065082011,9.992007221626409e-16,0,0
500,500,0.006656729837554942,0.0064994511107440145,0.0056505224031297985,0.005466870858043649,0.0001572787268109277,0.00018365154508614978,0.007541050724324888,0.020856341186460865,0.02435357509183061,0.9833602537266931,0.9805705790401729,0.992,0.983,0.98,True,999,0.00011433300096541643,0.0008906249422580004,near_2x2_bal_strong_500,near_boundary,False,1404,2065082011,9.992007221626409e-16,0,0
500,500,0.0011816861009223967,0.008125655067950599,0.00017561695324275206,0.007095014213291506,-0.006943968967028202,-0.006919397260048754,0.006560284246470665,-1.0584859902623815,-1.0547404655173724,0.28983393453364126,0.2915440393841451,0.635,0.272,0.276,True,999,0.00011745805386453867,0.000850624986924231,near_2x2_bal_strong_500,near_boundary,False,1405,2065082011,9.992007221626409e-16,0,0
500,500,0.005022061005281242,0.0001755202637086506,0.004015895277348136,-0.0008870615317277952,0.004846540741572591,0.004902956809075931,0.0045516386011272905,1.0647903241641952,1.0771849961597635,0.28697082470381063,0.281397626868905,0.758,0.277,0.275,True,999,0.00011554092634469271,0.0008524999720975757,near_2x2_bal_strong_500,near_boundary,False,1406,2065082011,9.992007221626409e-16,0,0
500,500,1.1033111477321e-05,0.00021174678393814927,-0.0009952038272444952,-0.0008414843321702392,-0.00020071367246082827,-0.00015371949507425597,0.0009618024510870443,-0.2086849250945228,-0.15982439522847938,0.8346942090802815,0.8730194064870437,0.981,0.838,0.887,True,999,0.0001152500044554472,0.000862833927385509,near_2x2_bal_strong_500,near_boundary,False,1407,2065082011,9.992007221626409e-16,0,0
500,500,0.0021238767901561317,0.0034414582936583282,0.0011177142569067655,0.002403423958469375,-0.0013175815035021965,-0.0012857097015626096,0.004914243316491425,-0.2681148283969988,-0.26162923135042393,0.7886109321601192,0.7936073054183925,0.933,0.803,0.806,True,999,0.00011462497059255838,0.000847000046633184,near_2x2_bal_strong_500,near_boundary,False,1408,2065082011,9.992007221626409e-16,0,0
500,500,2.7280454886091654e-05,9.301426875241159e-05,-0.0009787759597088552,-0.0009694630048215913,-6.573381386631993e-05,-9.312954887263913e-06,0.0007014957381502645,-0.09370522198702134,-0.01327585383743133,0.9253433219872672,0.9894077123379923,0.995,0.923,0.99,True,999,0.00011600006837397814,0.000841583008877933,near_2x2_bal_strong_500,near_boundary,False,1409,2065082011,9.992007221626409e-16,0,0
500,500,0.0005018471712482375,0.011321862792304127,-0.0005042036430609187,0.010294605023233316,-0.01082001562105589,-0.010798808666294235,0.007478962302366113,-1.44672685642937,-1.4438913086749783,0.14797343952691167,0.14876955182112628,0.369,0.108,0.108,True,999,0.00011466699652373791,0.0008667500223964453,near_2x2_bal_strong_500,near_boundary,False,1410,2065082011,9.992007221626409e-16,0,0
500,500,0.002332352769875534,0.000172593831850254,0.0013262493166621425,-0.0009244007415247779,0.00215975893802528,0.0022506500581869204,0.003156675049388719,0.6841879205917983,0.7129812296082716,0.493856508927915,0.4758573723011672,0.873,0.511,0.506,True,999,0.00011395802721381187,0.0008662499021738768,near_2x2_bal_strong_500,near_boundary,False,1411,2065082011,9.992007221626409e-16,0,0
500,500,0.0011704809014901896,9.705542207827378e-05,0.00016436651316098505,-0.00099995214509363,0.0010734254794119158,0.001164318658254615,0.002247555470236166,0.47759687964414227,0.518037785350976,0.6329371522122482,0.6044319064141219,0.951,0.654,0.63,True,999,0.00011283298954367638,0.0008425000123679638,near_2x2_bal_strong_500,near_boundary,False,1412,2065082011,9.992007221626409e-16,0,0
500,500,0.003548667224338886,0.00043371662090474494,0.0025425177689726297,-0.0006196492239212148,0.003114950603434141,0.0031621669928938445,0.003997548512417331,0.7792152099613971,0.7910265461623308,0.4358529518479276,0.4289285007413237,0.874,0.448,0.441,True,999,0.0001182089326903224,0.0009044589241966605,near_2x2_bal_strong_500,near_boundary,False,1413,2065082011,9.992007221626409e-16,0,0
500,500,0.008562188608350119,0.0022210890624839164,0.007555941977670955,0.0011669434923362587,0.006341099545866202,0.006388998485334696,0.006643645620610419,0.954460834905818,0.961670572180169,0.33985042507543883,0.33621510909316144,0.689,0.321,0.318,True,999,0.00011637492571026087,0.0008685829816386104,near_2x2_bal_strong_500,near_boundary,False,1414,2065082011,9.992007221626409e-16,0,0
500,500,0.0026959131886908905,0.004033522120762689,0.0016897800990136602,0.0029910419677889877,-0.0013376089320717988,-0.0013012618687753275,0.0054385525088299,-0.24594943781458206,-0.2392662140638765,0.805721373123081,0.810899161888023,0.941,0.802,0.806,True,999,0.00012408301699906588,0.0008533330401405692,near_2x2_bal_strong_500,near_boundary,False,1415,2065082011,9.992007221626409e-16,0,0
500,500,0.0006470388792496617,0.0008497227353049253,-0.00035900855908721496,-0.0001874996333413037,-0.0002026838560552635,-0.00017150892574591126,0.002490047829943315,-0.08139757542724693,-0.0688777635848929,0.9351257772431687,0.9450869185640126,0.988,0.924,0.933,True,999,0.00010941596701741219,0.0008418330689892173,near_2x2_bal_strong_500,near_boundary,False,1416,2065082011,9.992007221626409e-16,0,0
500,500,0.00019572920209243172,0.0012405257981812357,-0.0008103412411060162,0.00017736472705109918,-0.001044796596088804,-0.0009877059681571154,0.0025159133169536073,-0.4152752756020607,-0.392583465217744,0.6779403986061192,0.69462715389604,0.937,0.689,0.706,True,999,0.00010995904449373484,0.0008629169315099716,near_2x2_bal_strong_500,near_boundary,False,1417,2065082011,9.992007221626409e-16,0,0
500,500,0.0009913214277035287,0.0033700862132246545,-1.4748160992894555e-05,0.0023278318370500983,-0.002378764785521126,-0.002342579998042993,0.004411537671307337,-0.5392144333239233,-0.531012126061882,0.589738902362267,0.5954103762215566,0.869,0.579,0.589,True,999,0.00011487503070384264,0.0008637909777462482,near_2x2_bal_strong_500,near_boundary,False,1418,2065082011,9.992007221626409e-16,0,0
500,500,0.0025820265316665036,0.0029755978724941845,0.001575932922719403,0.0019279919254131528,-0.00039357134082768086,-0.0003520590026937498,0.004901790105210576,-0.08029134915616168,-0.0718225373052006,0.9360055383748759,0.9427431369602185,0.976,0.929,0.938,True,999,0.00012866698671132326,0.0008541670395061374,near_2x2_bal_strong_500,near_boundary,False,1419,2065082011,9.992007221626409e-16,0,0
500,500,1.3816232634633607e-05,0.0018389212663095234,-0.0009922438958938073,0.0008013659268613083,-0.0018251050336748897,-0.0017936098227551156,0.002850001051829897,-0.6403874947705884,-0.6293365476491647,0.5219207107721883,0.5291287492135115,0.863,0.505,0.515,True,999,0.00011933303903788328,0.0008602080633863807,near_2x2_bal_strong_500,near_boundary,False,1420,2065082011,9.992007221626409e-16,0,0
500,500,0.0025911876974963333,0.001924889211092129,0.0015850974654085803,0.0008831227899577243,0.0006662984864042043,0.000701974675450856,0.004344447989180181,0.15336781291055074,0.16157971673250993,0.8781082261376403,0.8716368311030747,0.965,0.869,0.862,True,999,0.00011729204561561346,0.0009305840358138084,near_2x2_bal_strong_500,near_boundary,False,1421,2065082011,9.992007221626409e-16,0,0
500,500,0.0008144887075430818,0.006980317002118153,-0.0001915699625101297,0.005936854503431732,-0.006165828294575071,-0.006128424465941862,0.006136843860956642,-1.0047230195643124,-0.9986280578086163,0.31503024053117146,0.31797490299830433,0.651,0.322,0.325,True,999,0.00012587499804794788,0.0008615419501438737,near_2x2_bal_strong_500,near_boundary,False,1422,2065082011,9.992007221626409e-16,0,0
500,500,0.003091299903569933,0.00017687692987661263,0.00208517712894718,-0.0009206101989605031,0.0029144229736933203,0.003005787327907683,0.0036159531843347357,0.805990239674388,0.8312572576795373,0.4202484769099225,0.40582831498628746,0.86,0.43,0.417,True,999,0.00011191703379154205,0.0008663330227136612,near_2x2_bal_strong_500,near_boundary,False,1423,2065082011,9.992007221626409e-16,0,0
500,500,0.009859851096016836,0.002775052213611795,0.00885353178563264,0.001732997819516413,0.007084798882405041,0.007120533966116227,0.007185580013883794,0.9859745307568734,0.9909476969650486,0.32414561118464735,0.3217111203345763,0.645,0.306,0.303,True,999,0.0001117080682888627,0.0008514579385519028,near_2x2_bal_strong_500,near_boundary,False,1424,2065082011,9.992007221626409e-16,0,0
500,500,0.0012916994551941396,0.0021676695039020144,0.00028555579734756975,0.0011134456183583552,-0.0008759700487078748,-0.0008278898210107855,0.003881618488763462,-0.2256713407676822,-0.21328469642427947,0.8214570498493052,0.8311049094257317,0.95,0.813,0.822,True,999,0.00011350004933774471,0.0008572499500587583,near_2x2_bal_strong_500,near_boundary,False,1425,2065082011,9.992007221626409e-16,0,0
500,500,0.00586363561077996,3.713081535083873e-05,0.004857470038587053,-0.0010254038040216074,0.005826504795429122,0.00588287384260866,0.004844313067622719,1.2027514972909048,1.2143876253430501,0.22907249919791184,0.22459973860989157,0.692,0.204,0.2,True,999,0.00012045807670801878,0.000853499979712069,near_2x2_bal_strong_500,near_boundary,False,1426,2065082011,9.992007221626409e-16,0,0
500,500,0.007528906012633563,0.0003781592603213646,0.0065226372050233294,-0.0006845658707845814,0.007150746752312198,0.007207203075807911,0.005610709766539252,1.2744816698517019,1.2845439125705111,0.20249276479795186,0.19895170904510728,0.69,0.202,0.195,True,999,0.00011675001587718725,0.0008737919852137566,near_2x2_bal_strong_500,near_boundary,False,1427,2065082011,9.992007221626409e-16,0,0
500,500,0.0025979559968806187,0.0007445829015281236,0.0015918051158791968,-0.00031834565044164265,0.0018533730953524952,0.0019101507663208395,0.003689288528197713,0.5023659931140986,0.5177558631484928,0.6154100957561484,0.6046286165472675,0.908,0.631,0.623,True,999,0.00011637492571026087,0.0008599580032750964,near_2x2_bal_strong_500,near_boundary,False,1428,2065082011,9.992007221626409e-16,0,0
500,500,4.454279590837551e-05,0.006980317002118153,-0.0009615428544407223,0.005936854503431732,-0.006935774206209777,-0.0068983973578724544,0.005880797971359177,-1.1793933816445614,-1.1730376373188158,0.23824156930407936,0.24078071288840197,0.611,0.225,0.228,True,999,0.00011558400001376867,0.0009081250755116343,near_2x2_bal_strong_500,near_boundary,False,1429,2065082011,9.992007221626409e-16,0,0
500,500,0.005156647563162253,0.00018810468322338902,0.00415042838875479,-0.0009475263389617794,0.004968542879938864,0.005097954727716569,0.004606781043035632,1.0785281161669558,1.1066197156089013,0.28079814134227987,0.2684583795499067,0.771,0.27,0.257,True,999,0.00013804202899336815,0.0008582079317420721,near_2x2_bal_strong_500,near_boundary,False,1430,2065082011,9.992007221626409e-16,0,0
500,500,0.0035691838754449146,0.0010555323059338595,0.002563055114137569,1.4040547597460318e-05,0.002513651569511055,0.0025490145665401087,0.00433298254713504,0.5801204002478793,0.5882817525368322,0.5618334275345707,0.5563431915044685,0.875,0.58,0.57,True,999,0.00011666608043015003,0.0008725839434191585,near_2x2_bal_strong_500,near_boundary,False,1431,2065082011,9.992007221626409e-16,0,0
500,500,0.002612119217793585,2.8361831877821153e-05,0.0016060127229025056,-0.0010340438758191794,0.0025837573859157636,0.002640056598721685,0.0032459415907127847,0.7959962660167245,0.8133407595119259,0.42603420573093853,0.4160227140704553,0.884,0.405,0.405,True,999,0.0001154160127043724,0.0008622920140624046,near_2x2_bal_strong_500,near_boundary,False,1432,2065082011,9.992007221626409e-16,0,0
500,500,4.370871603232018e-05,0.0011144751310692147,-0.0009623900627389048,6.0810019647306035e-05,-0.0010707664150368945,-0.0010232000823862109,0.00225192327174601,-0.475489741800432,-0.45436720479063264,0.6344379432015791,0.6495645526537839,0.924,0.612,0.623,True,999,0.00011466699652373791,0.0008585000177845359,near_2x2_bal_strong_500,near_boundary,False,1433,2065082011,9.992007221626409e-16,0,0
500,500,0.005871391208570054,0.0012967082865967816,0.004865126966478783,0.00024985098369256775,0.004574682921973272,0.0046152759827862155,0.005389193360342337,0.8488622723462041,0.8563945797062735,0.39595793424783077,0.3917795618061801,0.776,0.409,0.401,True,999,0.00011795898899435997,0.0008587499614804983,near_2x2_bal_strong_500,near_boundary,False,1434,2065082011,9.992007221626409e-16,0,0
500,500,0.0036405076035713746,0.00041913645926605625,0.0026343611585843973,-0.0006273018104252515,0.0032213711443053183,0.003261662969009649,0.004033664081041794,0.7986215707564124,0.8086104602362533,0.42450987603820356,0.418739246107969,0.818,0.425,0.42,True,999,0.00011654093395918608,0.0009295829804614186,near_2x2_bal_strong_500,near_boundary,False,1435,2065082011,9.992007221626409e-16,0,0
500,500,0.0003842993815686979,0.00797763030717158,-0.0006217472967477988,0.006933794537474114,-0.007593330925602881,-0.007555541834221913,0.006441791058430157,-1.1787608223749733,-1.1728945825298427,0.23849342874825308,0.24083808231918524,0.64,0.228,0.231,True,999,0.00011858297511935234,0.0008653750410303473,near_2x2_bal_strong_500,near_boundary,False,1436,2065082011,9.992007221626409e-16,0,0
500,500,0.008599264066107226,0.0012309518054204882,0.007593020515628268,0.00017723340707220814,0.007368312260686738,0.00741578710855606,0.006288247517460565,1.1717592604659977,1.1793090345067776,0.24129372326889964,0.23827514205949352,0.702,0.243,0.239,True,999,0.00011587503831833601,0.0008588329656049609,near_2x2_bal_strong_500,near_boundary,False,1437,2065082011,9.992007221626409e-16,0,0
500,500,0.0027211818672322474,0.0008074656981522099,0.0017149851054796272,-0.0002460593387354493,0.0019137161690800375,0.0019610444442150765,0.0037879626795598296,0.5052098795499262,0.5177042674673222,0.6134114320036806,0.6046646203443623,0.9,0.583,0.575,True,999,0.00011533393990248442,0.000900584040209651,near_2x2_bal_strong_500,near_boundary,False,1438,2065082011,9.992007221626409e-16,0,0
500,500,0.004602498016927026,0.0033570455454906,0.003596363154088067,0.00231480482662505,0.0012454524714364257,0.0012815583274630171,0.005810534198519201,0.2143438845526158,0.22055774627221345,0.8302788982492186,0.8254368043851851,0.942,0.84,0.836,True,999,0.00011729099787771702,0.0008821249939501286,near_2x2_bal_strong_500,near_boundary,False,1439,2065082011,9.992007221626409e-16,0,0
500,500,0.0006216040923689992,0.0007388817866447739,-0.00038453159834261896,-0.00030771547028507484,-0.00011727769427577472,-7.681612805754412e-05,0.0023766401278199857,-0.04934600442993855,-0.03232131241005556,0.9606435579165943,0.9742158132371259,0.99,0.963,0.976,True,999,0.00011945806909352541,0.0008377499179914594,near_2x2_bal_strong_500,near_boundary,False,1440,2065082011,9.992007221626409e-16,0,0
500,500,0.0005062799167052656,0.0015281080086985699,-0.0004997688366756847,0.00048118097467408916,-0.0010218280919933043,-0.0009809498113497739,0.0029631104293963593,-0.3448498178994529,-0.3310540847948119,0.7302072784249167,0.7406036328777597,0.929,0.719,0.723,True,999,0.00011424999684095383,0.0008783750236034393,near_2x2_bal_strong_500,near_boundary,False,1441,2065082011,9.992007221626409e-16,0,0
500,500,0.0027433061587199825,0.007788318128723937,0.0017371849619962632,0.006752502418095219,-0.005045011970003954,-0.0050153174560989555,0.006965896262853416,-0.7242444876630109,-0.7199816458427344,0.4689156507953155,0.47153629633406957,0.766,0.456,0.459,True,999,0.0001372910337522626,0.000895208097063005,near_2x2_bal_strong_500,near_boundary,False,1442,2065082011,9.992007221626409e-16,0,0
500,500,0.00010020049583081558,0.0019167296284500757,-0.0009058659661036472,0.0008627025644898367,-0.00181652913261926,-0.001768568530593484,0.0030151330319245144,-0.602470641721502,-0.5865640128868984,0.5468608997733959,0.5574965579555705,0.867,0.524,0.53,True,999,0.0001128750154748559,0.0008311669807881117,near_2x2_bal_strong_500,near_boundary,False,1443,2065082011,9.992007221626409e-16,0,0
500,500,0.0011549384066052992,0.0001718025233233833,0.00014887915335748403,-0.0009250746367968077,0.000983135883281916,0.0010739537901542917,0.002295296593526139,0.42832629388935656,0.46789325317842045,0.6684135781915028,0.6398609285200787,0.965,0.663,0.657,True,999,0.00011399993672966957,0.0008637920254841447,near_2x2_bal_strong_500,near_boundary,False,1444,2065082011,9.992007221626409e-16,0,0
500,500,0.010097779041918997,0.0012679344848806617,0.009091477436982132,0.00022111446534722745,0.008829844557038335,0.008870362971634904,0.006746820355574785,1.3087416133352925,1.3147471703919718,0.19062189061117052,0.18859488776362454,0.634,0.182,0.181,True,999,0.00012504099868237972,0.0008504589786753058,near_2x2_bal_strong_500,near_boundary,False,1445,2065082011,9.992007221626409e-16,0,0
500,500,0.0023351902609175523,0.0190453730863252,0.001329099891847818,0.018018030725670542,-0.01671018282540765,-0.016688930833822724,0.01020964753254814,-1.6367051626548264,-1.6346236028833283,0.10169208973935222,0.10212797661279807,0.31,0.105,0.105,True,999,0.00011999998241662979,0.0009334590286016464,near_2x2_bal_strong_500,near_boundary,False,1446,2065082011,9.992007221626409e-16,0,0
500,500,3.099438858022996e-05,0.0018634929372259856,-0.0009750416825795583,0.0008163911645624466,-0.0018324985486457557,-0.001791432847142005,0.002907485804072062,-0.6302691301464862,-0.6161450021984713,0.5285185164681725,0.5377988229918901,0.903,0.56,0.561,True,999,0.00012283306568861008,0.000835416023619473,near_2x2_bal_strong_500,near_boundary,False,1447,2065082011,9.992007221626409e-16,0,0
500,500,0.011668745675813774,0.0015227344730983638,0.010662445373100127,0.0004758141585341491,0.01014601120271541,0.010186631214565978,0.007270154895297077,1.3955701561845222,1.4011573840270601,0.16284397465194167,0.16116701483078644,0.567,0.173,0.172,True,999,0.00011504092253744602,0.000848500058054924,near_2x2_bal_strong_500,near_boundary,False,1448,2065082011,9.992007221626409e-16,0,0
500,500,0.002758717213442674,0.0053445328482041865,0.0017525917947978087,0.0043059375504412856,-0.0025858156347615124,-0.002553345755643477,0.006018345132375007,-0.42965559101145756,-0.42426044028416415,0.6674461922047366,0.6713758864344607,0.848,0.679,0.685,True,999,0.00011770904529839754,0.0008904170244932175,near_2x2_bal_strong_500,near_boundary,False,1449,2065082011,9.992007221626409e-16,0,0
500,500,0.0012822959231039155,0.011045914418766678,0.0002762145770702773,0.0100145522455648,-0.009763618495662763,-0.009738337668494523,0.0076718736090414215,-1.2726511140845944,-1.269355852919389,0.20314187204609158,0.20431417414809594,0.469,0.186,0.186,True,999,0.00012429198250174522,0.0008491670014336705,near_2x2_bal_strong_500,near_boundary,False,1450,2065082011,9.992007221626409e-16,0,0
500,500,0.008647894093935515,0.0008317130705581266,0.0076416584227558815,-0.0002149244893416835,0.007816181023377389,0.007856582912097565,0.006154079676933344,1.2700812198896148,1.276646277679102,0.20405570049343325,0.20172715585109469,0.663,0.211,0.209,True,999,0.00011045800056308508,0.00083604094106704,near_2x2_bal_strong_500,near_boundary,False,1451,2065082011,9.992007221626409e-16,0,0
500,500,1.3138664506473496e-05,0.0009810292136059884,-0.0009929141024827004,-8.208189015590506e-05,-0.0009678905490995149,-0.0009108322123267953,0.0020929913934204123,-0.46244363552674095,-0.43518201517221405,0.6437632135529752,0.6634303158933567,0.934,0.615,0.645,True,999,0.00011779204942286015,0.0008910410106182098,near_2x2_bal_strong_500,near_boundary,False,1452,2065082011,9.992007221626409e-16,0,0
500,500,0.002962419499976776,0.0015281080086985699,0.001956283782135415,0.00048118097467408916,0.0014343114912782062,0.001475102807461326,0.004309201811001602,0.33284853069919795,0.3423146262714632,0.7392486226824249,0.7321141295702407,0.919,0.754,0.744,True,999,0.00011749996338039637,0.000884292065165937,near_2x2_bal_strong_500,near_boundary,False,1453,2065082011,9.992007221626409e-16,0,0
500,500,0.00013340005467588067,0.00016147967477098124,-0.0008726494490360892,-0.0009145926791802594,-2.8079620095100566e-05,4.194323014417023e-05,0.0010992560121396379,-0.02554420424814891,0.03815601614270926,0.9796208900863461,0.9695632893714548,0.999,0.97,0.959,True,999,0.0001134589547291398,0.0008442080579698086,near_2x2_bal_strong_500,near_boundary,False,1454,2065082011,9.992007221626409e-16,0,0
500,500,6.825718561931371e-05,0.00033794105258627694,-0.0009377823034242283,-0.0007247885410777144,-0.0002696838669669632,-0.0002129937623465139,0.0013048546803680237,-0.2066773189570053,-0.16323178783896514,0.8362618718028287,0.870335938769724,0.966,0.803,0.876,True,999,0.0001230830093845725,0.0008360000792890787,near_2x2_bal_strong_500,near_boundary,False,1455,2065082011,9.992007221626409e-16,0,0
500,500,0.0005148676240283034,0.00230198424329614,-0.000491179862763147,0.0012546072512691353,-0.0017871166192678367,-0.0017457871140322823,0.003532713946449308,-0.5058764016441376,-0.4941773210330131,0.6129434195112697,0.6211809549160056,0.897,0.625,0.634,True,999,0.00010900001507252455,0.0008511670166626573,near_2x2_bal_strong_500,near_boundary,False,1456,2065082011,9.992007221626409e-16,0,0
500,500,0.000680935837251706,0.005703201990487239,-0.00032512847866428274,0.004667942769714273,-0.005022266153235533,-0.0049930712483785555,0.0054245289344526364,-0.9258437394144541,-0.9204617227988632,0.35452719265643906,0.3573315267922651,0.724,0.359,0.361,True,999,0.00011095800437033176,0.0008713749703019857,near_2x2_bal_strong_500,near_boundary,False,1457,2065082011,9.992007221626409e-16,0,0
500,500,0.010257564814251552,0.0010630791157096309,0.00925126888290606,1.6318903931278328e-05,0.009194485698541921,0.009234949978974782,0.0067255323468285765,1.367101550389179,1.373118067498333,0.17159347740025632,0.16971564512833326,0.618,0.149,0.148,True,999,0.00011475000064820051,0.0008475829381495714,near_2x2_bal_strong_500,near_boundary,False,1458,2065082011,9.992007221626409e-16,0,0
500,500,0.0023409713021662615,0.001927813851334781,0.0013348523598892825,0.0008860442232503374,0.0004131574508314806,0.00044880813663894514,0.004229827146890322,0.09767714766671377,0.10610555019225767,0.9221886622875101,0.9154986075908728,0.984,0.928,0.92,True,999,0.00011866702698171139,0.0008533340878784657,near_2x2_bal_strong_500,near_boundary,False,1459,2065082011,9.992007221626409e-16,0,0
500,500,0.004265791780173833,0.00015439407755291068,0.0032596453905853195,-0.0009211616506945575,0.0041113977026209225,0.004180807041279877,0.004193164341463669,0.9805000156959732,0.9970529892993704,0.3268393618895137,0.3187387899734516,0.799,0.328,0.321,True,999,0.0001413340214639902,0.0008761670906096697,near_2x2_bal_strong_500,near_boundary,False,1460,2065082011,9.992007221626409e-16,0,0
500,500,8.392288807890225e-06,0.014640501744495271,-0.0009977086740491359,0.013605622234393877,-0.014632109455687381,-0.014603330908443013,0.00866316352928758,-1.6890030306158448,-1.68568108625371,0.09121884917767856,0.09185724176026869,0.267,0.078,0.078,True,999,0.00011083309073001146,0.0008759170304983854,near_2x2_bal_strong_500,near_boundary,False,1461,2065082011,9.992007221626409e-16,0,0
500,500,0.00600047103762269,0.0013039056249456449,0.00499418389352968,0.0001686305201928917,0.004696565412677045,0.004825553373336788,0.005320477704772402,0.8827337831834696,0.9069774635101521,0.3773801246273657,0.3644187149947534,0.769,0.379,0.368,True,999,0.00010850001126527786,0.0008583340095356107,near_2x2_bal_strong_500,near_boundary,False,1462,2065082011,9.992007221626409e-16,0,0
500,500,0.004328452371936131,1.414037468322471e-05,0.0033222963762113977,-0.0010388223203108282,0.0043143119972529065,0.004361118696522226,0.004158564965894261,1.037452109714764,1.04870760281231,0.2995252036616066,0.2943127140013325,0.752,0.295,0.289,True,999,0.00011395802721381187,0.0009228750132024288,near_2x2_bal_strong_500,near_boundary,False,1463,2065082011,9.992007221626409e-16,0,0
500,500,0.0027934900161656895,0.0015720201267151457,0.0017873660577265582,0.0005086041635706806,0.0012214698894505438,0.0012787618941558776,0.004275143424188952,0.2857143651694614,0.2991155540935974,0.7750969013354247,0.764851878827874,0.934,0.783,0.77,True,999,0.00011587492190301418,0.0008873749757185578,near_2x2_bal_strong_500,near_boundary,False,1464,2065082011,9.992007221626409e-16,0,0
500,500,2.0989532614201778e-05,0.0012433190257666316,-0.0009850814158198773,0.0001801534135665861,-0.0012223294931524298,-0.0011652348293864634,0.002375743953030639,-0.51450388481181,-0.49047155435248874,0.6068997450161324,0.6238002538683615,0.918,0.569,0.586,True,999,0.00011541694402694702,0.0008644999470561743,near_2x2_bal_strong_500,near_boundary,False,1465,2065082011,9.992007221626409e-16,0,0
500,500,0.0012970471445223897,0.004824170962783647,0.00029092128397678607,0.0037857303771886563,-0.0035271238182612574,-0.0034948090932118703,0.005266305367819263,-0.6697529998572439,-0.6636168716245644,0.5030152594558718,0.506935556142522,0.815,0.504,0.507,True,999,0.00011616700794547796,0.0008547919569537044,near_2x2_bal_strong_500,near_boundary,False,1466,2065082011,9.992007221626409e-16,0,0
500,500,0.00037700044247379605,7.860519247487874e-05,-0.0006290598691975902,-0.001018773559934516,0.0002983952499989173,0.00038971369073692586,0.0013539485361836173,0.22038891584461975,0.28783493635246593,0.8255682770851906,0.7734730931804668,0.993,0.849,0.781,True,999,0.000116499955765903,0.0008622079622000456,near_2x2_bal_strong_500,near_boundary,False,1467,2065082011,9.992007221626409e-16,0,0
500,500,0.0007910579677045115,0.01078197603719211,-0.0002149960278643448,0.009754704801451908,-0.009990918069487598,-0.009969700829316253,0.007363532681693409,-1.35681044701902,-1.3539290528447139,0.17484144718727934,0.17575901354489898,0.498,0.176,0.177,True,999,0.00012495892588049173,0.0009401669958606362,near_2x2_bal_strong_500,near_boundary,False,1468,2065082011,9.992007221626409e-16,0,0
500,500,0.0033478520254639488,0.0012309518054203772,0.0023416360708665707,0.00017723340707220814,0.0021169002200435716,0.0021644026637943625,0.004334169352142573,0.48842120555282265,0.4993811934746855,0.6252515246294462,0.6175108654808836,0.877,0.614,0.608,True,999,0.00012179103214293718,0.0008489169413223863,near_2x2_bal_strong_500,near_boundary,False,1469,2065082011,9.992007221626409e-16,0,0
500,500,0.0006961955505655482,0.010869872964677119,-0.0003098813336919193,0.009835995472229797,-0.01017367741411157,-0.010145876805921716,0.007505586690702984,-1.3554806350732709,-1.3517766463865117,0.17526447425292646,0.176446777141528,0.49,0.154,0.155,True,999,0.00013699999544769526,0.0008434579940512776,near_2x2_bal_strong_500,near_boundary,False,1470,2065082011,9.992007221626409e-16,0,0
500,500,0.004673690285786791,0.004065814598516959,0.003667526047138381,0.0030274689903819763,0.0006078756872698321,0.0006400570567564046,0.006110076515617148,0.09948740997205559,0.10475434393013582,0.9207512836929765,0.916570738912055,0.977,0.929,0.925,True,999,0.00011329201515763998,0.0009178750915452838,near_2x2_bal_strong_500,near_boundary,False,1471,2065082011,9.992007221626409e-16,0,0
500,500,0.00036127413386788376,0.00011119187570840516,-0.0006447841172985136,-0.0009512702935978723,0.0002500822581594786,0.0003064861762993587,0.0013797655009969018,0.1812498268573829,0.22212917780442962,0.856171486034281,0.8242133245857504,0.973,0.865,0.802,True,999,0.0001175830839201808,0.000842333072796464,near_2x2_bal_strong_500,near_boundary,False,1472,2065082011,9.992007221626409e-16,0,0
500,500,0.0034980235691634,0.001377453763134473,0.002491907568867191,0.0003358701025888422,0.002120569806028927,0.002156037466278349,0.004466511273145572,0.47477095127434893,0.48271174848282516,0.6349502400208614,0.6293004201891941,0.871,0.608,0.604,True,999,0.00011416594497859478,0.0008420420344918966,near_2x2_bal_strong_500,near_boundary,False,1473,2065082011,9.992007221626409e-16,0,0
500,500,0.007421706563867314,0.0029242676226582387,0.006415458576668698,0.0018767234910512798,0.004497438941209075,0.004538735085617418,0.006552223197300318,0.6863989222867338,0.6927015379279955,0.49246158389908123,0.48849687375937445,0.79,0.477,0.477,True,999,0.00011483300477266312,0.0008504999568685889,near_2x2_bal_strong_500,near_boundary,False,1474,2065082011,9.992007221626409e-16,0,0
500,500,0.01002113851636155,0.0001672662210814302,0.009014856407020488,-0.0009093109104867381,0.00985387229528012,0.009924167317507226,0.006353724543220811,1.5508812552778726,1.561944848253761,0.12093014329565768,0.11830098195489062,0.569,0.115,0.114,True,999,0.00011558306869119406,0.0008652500109747052,near_2x2_bal_strong_500,near_boundary,False,1475,2065082011,9.992007221626409e-16,0,0
500,500,4.344464780925428e-06,0.010093839300064467,-0.0010017087689675463,0.009062815983810424,-0.010089494835283541,-0.01006452475277797,0.006977185407384004,-1.4460694744625475,-1.442490655634092,0.1481577165287456,0.14916400580724548,0.495,0.167,0.171,True,999,0.0001189579488709569,0.0008573749801144004,near_2x2_bal_strong_500,near_boundary,False,1476,2065082011,9.992007221626409e-16,0,0
500,500,0.0022858368156548625,0.0004063608068479163,0.001279707108153616,-0.0006469522265319938,0.0018794760088069462,0.0019266593346856098,0.0032924799933697017,0.5708390066429497,0.585169640685884,0.5681087791052586,0.558433656252393,0.891,0.587,0.579,True,999,0.00011700007598847151,0.0008807920385152102,near_2x2_bal_strong_500,near_boundary,False,1477,2065082011,9.992007221626409e-16,0,0
500,500,0.003706107837123218,4.831393829451969e-07,0.002699960901736631,-0.0010618148668584126,0.003705624697740273,0.0037617757685950437,0.003843768224889382,0.9640603909844006,0.9786687303975781,0.33501564938627937,0.3277436872592434,0.756,0.324,0.324,True,999,0.0001165829598903656,0.0008675840217620134,near_2x2_bal_strong_500,near_boundary,False,1478,2065082011,9.992007221626409e-16,0,0
500,500,0.0012687663424659767,0.002626365661159702,0.0002626618104955014,0.001571991831866626,-0.0013575993186937252,-0.0013093300213711245,0.004153634037222926,-0.3268461560473443,-0.3152251762282188,0.7437842474543721,0.7525906914041086,0.939,0.734,0.746,True,999,0.00011554104276001453,0.0009017499396577477,near_2x2_bal_strong_500,near_boundary,False,1479,2065082011,9.992007221626409e-16,0,0
500,500,0.00010486240439400163,0.002410850543955567,-0.0009012298521611228,0.0013689212092629077,-0.0023059881395615656,-0.0022701510614240306,0.0033546859742636884,-0.6873931441728167,-0.6767104518396242,0.4918350167483323,0.4985896837232122,0.879,0.503,0.507,True,999,0.00012512493412941694,0.0008415409829467535,near_2x2_bal_strong_500,near_boundary,False,1480,2065082011,9.992007221626409e-16,0,0
500,500,0.002031472147228097,0.0028071387390428693,0.0010252337414726753,0.0017597335142056636,-0.000775666591814772,-0.0007344997727329883,0.004583200256008059,-0.16924126123399486,-0.1602591490018665,0.865606876097098,0.872676937266065,0.964,0.873,0.883,True,999,0.00010912492871284485,0.0008696670411154628,near_2x2_bal_strong_500,near_boundary,False,1481,2065082011,9.992007221626409e-16,0,0
500,500,0.00639758160303916,0.00459004832495058,0.005391366728247249,0.003541933201518077,0.00180753327808858,0.0018494335267291717,0.0068886129384361505,0.2623943737647314,0.26847691157242304,0.7930174098542578,0.7883322446114126,0.925,0.798,0.795,True,999,0.00011374999303370714,0.0008516249945387244,near_2x2_bal_strong_500,near_boundary,False,1482,2065082011,9.992007221626409e-16,0,0
500,500,0.002209387960964704,0.009975499354912709,0.0012032615334192087,0.008941462915572629,-0.007766111393948005,-0.00773820138215342,0.0075720155091049636,-1.025633318448655,-1.0219473762102873,0.30506445624992073,0.3068058077319441,0.62,0.266,0.269,True,999,0.00011441600508987904,0.0008543330477550626,near_2x2_bal_strong_500,near_boundary,False,1483,2065082011,9.992007221626409e-16,0,0
500,500,4.157093218215557e-06,0.000532127761589396,-0.0010018950865173792,-0.0005442896447505063,-0.0005279706683711805,-0.0004576054417668729,0.0015247833735391428,-0.3462594605460045,-0.3001117730610706,0.7291477321221846,0.7640918992845064,0.961,0.712,0.747,True,999,0.00011654198169708252,0.0008732080459594727,near_2x2_bal_strong_500,near_boundary,False,1484,2065082011,9.992007221626409e-16,0,0
500,500,0.00465396801539486,5.074130586585346e-05,0.003647818108163392,-0.0010467670559393127,0.004603226709529007,0.004694585164102705,0.004328602531869404,1.0634440736098263,1.084549835550561,0.2875806146766894,0.27812108327340623,0.796,0.312,0.287,True,999,0.00013054197188466787,0.0008867090800777078,near_2x2_bal_strong_500,near_boundary,False,1485,2065082011,9.992007221626409e-16,0,0
500,500,0.0007830943935500656,0.007184610390482793,-0.00022298874557691306,0.0061453888266100876,-0.006401515996932727,-0.006368377572187001,0.006166420778089205,-1.0381250691939274,-1.0327510563040714,0.2992118315970723,0.30172041359391655,0.672,0.308,0.308,True,999,0.00011633301619440317,0.00086041702888906,near_2x2_bal_strong_500,near_boundary,False,1486,2065082011,9.992007221626409e-16,0,0
500,500,5.7992973071296916e-05,0.0005034265835581198,-0.0009480672521249289,-0.00055936440583082,-0.00044543361048682284,-0.0003887028462941089,0.0015458892820293816,-0.28814069394547803,-0.251442875510357,0.7732390436500844,0.8014717223343781,0.953,0.757,0.788,True,999,0.00012020801659673452,0.00085808290168643,near_2x2_bal_strong_500,near_boundary,False,1487,2065082011,9.992007221626409e-16,0,0
500,500,0.0018024989741697306,0.0005878561782579617,0.0007964205670987212,-0.0004749976729954142,0.001214642795911769,0.0012714182400941354,0.00311950706317372,0.38937010601797367,0.4075702392546025,0.6970023825995921,0.6835892172623329,0.942,0.692,0.676,True,999,0.00011291599366813898,0.0008920000400394201,near_2x2_bal_strong_500,near_boundary,False,1488,2065082011,9.992007221626409e-16,0,0
500,500,0.0006411377050608014,4.161940934244157e-05,-0.0003649513255936654,-0.0010343064782034617,0.0005995182957183598,0.0006693551526097963,0.0016532068595370207,0.36263961297998387,0.40488287884145885,0.7168741148706599,0.685563604005351,0.96,0.701,0.662,True,999,0.00011862500105053186,0.0008655419806018472,near_2x2_bal_strong_500,near_boundary,False,1489,2065082011,9.992007221626409e-16,0,0
500,500,0.0020416277103860736,0.010383230202838156,0.0010355284737784132,0.0093521900537894,-0.008341602492452083,-0.008316661580010987,0.007640704566659105,-1.0917321065980496,-1.0884678902913587,0.2749508686459915,0.27638860432806156,0.62,0.27,0.27,True,999,0.00013033393770456314,0.0008463340345770121,near_2x2_bal_strong_500,near_boundary,False,1490,2065082011,9.992007221626409e-16,0,0
500,500,0.009837637225826423,0.00012815408527772076,0.008831387444899974,-0.0009478948277319432,0.009709483140548703,0.009779282272631917,0.006284521621779394,1.5449836479040655,1.5560901626531471,0.12235021870032504,0.11968665392275957,0.59,0.115,0.112,True,999,0.00011437502689659595,0.0008832499152049422,near_2x2_bal_strong_500,near_boundary,False,1491,2065082011,9.992007221626409e-16,0,0
500,500,0.004270605172713937,0.0005508866868021989,0.003264466556345269,-0.0005025091086565681,0.0037197184859117383,0.003766975665001837,0.004399935062367467,0.8454030419054127,0.8561434683935871,0.39788584669812643,0.39191842741793426,0.82,0.39,0.386,True,999,0.0001330419909209013,0.0008881670655682683,near_2x2_bal_strong_500,near_boundary,False,1492,2065082011,9.992007221626409e-16,0,0
500,500,2.223356022612588e-05,0.00015832568729928775,-0.0009838296047064432,-0.0009178291955720397,-0.00013609212707316187,-6.600040913440353e-05,0.0008661191666989144,-0.1571286403831207,-0.0762024576663675,0.8751434661757269,0.9392580274418509,0.977,0.89,0.96,True,999,0.00011783302761614323,0.0008586669573560357,near_2x2_bal_strong_500,near_boundary,False,1493,2065082011,9.992007221626409e-16,0,0
500,500,0.0010620945768600176,0.0007183654107496551,5.5783482196147816e-05,-0.0003351186406632678,0.00034372916611036253,0.0003909021228594156,0.0027083795833581638,0.12691321712157022,0.14433062679298805,0.899009085484677,0.8852393948120693,0.983,0.902,0.893,True,999,0.00011504197027534246,0.0008718339959159493,near_2x2_bal_strong_500,near_boundary,False,1494,2065082011,9.992007221626409e-16,0,0
500,500,0.00035388262677105153,0.001268984247965066,-0.0006523293109808037,0.00021496706779089436,-0.0009151016211940144,-0.0008672963787716981,0.0026494197069103645,-0.34539700101391835,-0.32735333571708825,0.7297959314579379,0.7434006564719717,0.957,0.729,0.748,True,999,0.00011933303903788328,0.0008509999606758356,near_2x2_bal_strong_500,near_boundary,False,1495,2065082011,9.992007221626409e-16,0,0
500,500,0.0029236335425469884,0.004043473771758954,0.0019175191501972222,0.003008608173729499,-0.0011198402292119658,-0.0010910890235322768,0.0054842522919894155,-0.20419196083441726,-0.19894945845689452,0.8382034933404571,0.8423022804808654,0.942,0.854,0.855,True,999,0.00011379108764231205,0.000918333069421351,near_2x2_bal_strong_500,near_boundary,False,1496,2065082011,9.992007221626409e-16,0,0
500,500,0.0009228369497485955,0.007097485307018148,-8.324288307903771e-05,0.006067124007216762,-0.006174648357269552,-0.0061503668902958,0.00606345514250929,-1.0183382596468333,-1.0143337001336408,0.30851723213511395,0.3104235486381518,0.665,0.289,0.29,True,999,0.00011937494855374098,0.0008404579712077975,near_2x2_bal_strong_500,near_boundary,False,1497,2065082011,9.992007221626409e-16,0,0
500,500,0.0006185298699963315,0.0006504327482799721,-0.00038753035704530703,-0.0004124329232126911,-3.190287828364058e-05,2.4902566167384066e-05,0.0022996916065589615,-0.013872676750504383,0.010828654631933837,0.988931560427242,0.9913601525063191,0.999,0.988,0.989,True,999,0.00010874995496124029,0.0008368330309167504,near_2x2_bal_strong_500,near_boundary,False,1498,2065082011,9.992007221626409e-16,0,0
500,500,0.0002979518567660655,0.00020887159132459976,-0.0007080943738628775,-0.0008673521423361308,8.908026544146574e-05,0.00015925776847325324,0.0014385799724442297,0.0619223589565989,0.11070484194400759,0.9506246617907043,0.9118504062687272,1.0,0.929,0.923,True,999,0.00011008302681148052,0.000850916956551373,near_2x2_bal_strong_500,near_boundary,False,1499,2065082011,9.992007221626409e-16,0,0
500,500,0.0006493986379823014,0.005712012654238707,-0.0003566641232737311,0.004673242599636751,-0.005062614016256406,-0.005029906722910482,0.005449685139842125,-0.928973672119903,-0.9229719871589125,0.3529027307264503,0.3560218037486067,0.708,0.358,0.372,True,999,0.00011112494394183159,0.0008652079850435257,near_2x2_bal_strong_500,near_boundary,False,1500,2065082011,9.992007221626409e-16,0,0
500,500,0.0034300424506206184,0.0059192374874651454,0.002423913791119503,0.004883958127152255,-0.002489195036844527,-0.0024600443360327517,0.006441202775429221,-0.38644879281550876,-0.3819231317195758,0.6991643198973989,0.7025183819293391,0.891,0.7,0.7,True,999,0.00011787493713200092,0.0008551670471206307,near_2x2_bal_strong_500,near_boundary,False,1501,2065082011,9.992007221626409e-16,0,0
500,500,0.0006590382196026701,0.0004218771333742155,-0.0003470152277600391,-0.0006545089945007021,0.00023716108622845455,0.000307493766740663,0.0021088517546656634,0.11245981881076035,0.14581099219532997,0.9104588275272117,0.8840705981344903,0.988,0.925,0.903,True,999,0.00011458294466137886,0.0008661659667268395,near_2x2_bal_strong_500,near_boundary,False,1502,2065082011,9.992007221626409e-16,0,0
500,500,3.000034737787871e-05,6.53058124771011e-05,-0.0009760372191749411,-0.0010320987502154821,-3.530546509922239e-05,5.606153104054101e-05,0.0006242783175549873,-0.05655404665902501,0.08980214347361669,0.9549004413724597,0.9284444448291392,1.0,0.948,0.918,True,999,0.00011424999684095383,0.0008489999454468489,near_2x2_bal_strong_500,near_boundary,False,1503,2065082011,9.992007221626409e-16,0,0
500,500,0.005181821723876712,0.00014614614334396148,0.00417563808974819,-0.000916347524196226,0.00503567558053275,0.005091985613944416,0.004607839820446389,1.0928495296620173,1.1050700137946907,0.27445987090877066,0.26912925268504195,0.761,0.281,0.277,True,999,0.00011258409358561039,0.000871166936121881,near_2x2_bal_strong_500,near_boundary,False,1504,2065082011,9.992007221626409e-16,0,0
500,500,2.6804622952347756e-06,0.00882106179355202,-0.0010034328903998357,0.007781346030839131,-0.008818381331256786,-0.008784778921238967,0.00662496010927347,-1.331084442140718,-1.326012349710941,0.1831612275368093,0.18483560676703514,0.549,0.177,0.178,True,999,0.0001622909912839532,0.0008487500017508864,near_2x2_bal_strong_500,near_boundary,False,1505,2065082011,9.992007221626409e-16,0,0
500,500,0.007175338458504821,7.909579121451182e-05,0.006169138296968413,-0.0009833279294753083,0.007096242667290309,0.007152466226443721,0.005368561047448033,1.3218146547227094,1.3322873975408502,0.18622987718648276,0.18276576674724943,0.691,0.2,0.196,True,999,0.00011245906352996826,0.0008392499294131994,near_2x2_bal_strong_500,near_boundary,False,1506,2065082011,9.992007221626409e-16,0,0
500,500,0.0008070534234949633,0.001231526501388247,-0.0001990079017559765,0.00018464590868916275,-0.0004244730778932837,-0.00038365381044513924,0.0029341836305929094,-0.14466479652724074,-0.13075316978972254,0.8849755350127914,0.8959705699420153,0.967,0.886,0.886,True,999,0.00011283298954367638,0.0008572919759899378,near_2x2_bal_strong_500,near_boundary,False,1507,2065082011,9.992007221626409e-16,0,0
500,500,0.0015561701345596646,0.0008200489236296349,0.000550095203550427,-0.00025661461259574025,0.0007361212109300297,0.0008067098161461672,0.003137862194889421,0.23459322468938787,0.257088987993176,0.8145244687362396,0.797110078226987,0.966,0.814,0.801,True,999,0.00011445791460573673,0.0008481660624966025,near_2x2_bal_strong_500,near_boundary,False,1508,2065082011,9.992007221626409e-16,0,0
500,500,0.003414234818844064,0.0007326224194089126,0.0024081002205775803,-0.00033028439617055483,0.0026816123994351515,0.002738384616748135,0.004098821708394731,0.6542398255437616,0.668090688389713,0.5129573071783126,0.5040757053251659,0.837,0.495,0.49,True,999,0.00011737504974007607,0.0008704999927431345,near_2x2_bal_strong_500,near_boundary,False,1509,2065082011,9.992007221626409e-16,0,0
500,500,0.0001428103695199079,0.0009697199445376503,-0.0008632452414758518,-7.711514209063353e-05,-0.0008269095750177424,-0.0007861300993852183,0.002182786642589119,-0.3788320667185782,-0.36014976637970797,0.704812573305529,0.7187351381082288,0.93,0.689,0.69,True,999,0.00011566595640033484,0.0008813749300315976,near_2x2_bal_strong_500,near_boundary,False,1510,2065082011,9.992007221626409e-16,0,0
500,500,0.006166867917107854,0.00168452364545435,0.005160610415657629,0.0006375198219643607,0.0044823442716535045,0.004523090593693269,0.005657267350369823,0.7923161473640604,0.7995186215474841,0.4281763587198495,0.42398975340873346,0.801,0.461,0.457,True,999,0.00012091605458408594,0.0008707499364390969,near_2x2_bal_strong_500,near_boundary,False,1511,2065082011,9.992007221626409e-16,0,0
500,500,0.0015810968806020398,0.000410338962469059,0.0005749651156747859,-0.0007251507526007117,0.0011707579181329808,0.0013001158682754976,0.002795295994913865,0.4188314655275199,0.465108478902092,0.6753393070629929,0.6418537743567574,0.926,0.668,0.633,True,999,0.00011266604997217655,0.0008633749093860388,near_2x2_bal_strong_500,near_boundary,False,1512,2065082011,9.992007221626409e-16,0,0
500,500,0.00019454269446073091,0.005312737758260411,-0.000811557671056562,0.004264386067916348,-0.00511819506379968,-0.00507594373897291,0.005163308300020702,-0.9912627266086665,-0.9830797318363806,0.32155730840524466,0.3255681987629625,0.705,0.31,0.316,True,999,0.0001178329112008214,0.0009242920204997063,near_2x2_bal_strong_500,near_boundary,False,1513,2065082011,9.992007221626409e-16,0,0
500,500,0.002625385526202839,0.00017286434612145962,0.0016192877282037443,-0.0009628668328787171,0.0024525211800813795,0.0025821545610824614,0.0033354318199486726,0.7352934529835841,0.7741589996350748,0.46216079460327886,0.4388367709285129,0.854,0.464,0.439,True,999,0.00011662498582154512,0.0008320410270243883,near_2x2_bal_strong_500,near_boundary,False,1514,2065082011,9.992007221626409e-16,0,0
500,500,0.007944107808143586,0.0016640066910511564,0.006937751676275639,0.0006100528549666251,0.006280101117092429,0.0063276988213090135,0.006242068910816214,1.0060928847181283,1.0137181937136932,0.3143708910863826,0.3107172400842957,0.734,0.313,0.31,True,999,0.00011954200454056263,0.0008328749099746346,near_2x2_bal_strong_500,near_boundary,False,1515,2065082011,9.992007221626409e-16,0,0
500,500,0.007190582997754658,0.00015044337076491887,0.00618437987697007,-0.000912147600672597,0.007040139626989739,0.007096527477642667,0.005401884519745477,1.303274737039631,1.3137132887055938,0.19248098269477942,0.18894270729487583,0.68,0.209,0.208,True,999,0.00011570798233151436,0.0008480000542476773,near_2x2_bal_strong_500,near_boundary,False,1516,2065082011,9.992007221626409e-16,0,0
500,500,0.0011462325993792932,0.002273525660398845,0.00014015921061627523,0.0012263205364035912,-0.001127293061019552,-0.001086161325787316,0.003856642692391012,-0.2922990670729368,-0.2816339008874908,0.7700579720516371,0.7782242428243996,0.918,0.767,0.769,True,999,0.00011441693641245365,0.0008481249678879976,near_2x2_bal_strong_500,near_boundary,False,1517,2065082011,9.992007221626409e-16,0,0
500,500,0.0018763842510777229,0.009283133975245272,0.0008702670049842709,0.008238587015483745,-0.0074067497241675495,-0.007368320010499474,0.0074071835435982405,-0.9999414326068555,-0.9947532644668492,0.31733885188201216,0.3198562816556211,0.594,0.31,0.312,True,999,0.000116499955765903,0.0008434590417891741,near_2x2_bal_strong_500,near_boundary,False,1518,2065082011,9.992007221626409e-16,0,0
500,500,0.003524781596124682,0.00025381134685487083,0.002518670778215437,-0.0008223478288300612,0.003270970249269811,0.0033410186070454984,0.0038887639101043534,0.8411336673771065,0.8591466811251711,0.4002730559460759,0.390259595589177,0.851,0.417,0.407,True,999,0.0001247089821845293,0.0008600839646533132,near_2x2_bal_strong_500,near_boundary,False,1519,2065082011,9.992007221626409e-16,0,0
500,500,0.005406087879810895,0.0004127785404266504,0.004399935045114489,-0.0006405469247567908,0.004993309339384244,0.00504048196987128,0.004822158484426882,1.035492581902916,1.0452750539306146,0.30043892898816704,0.2958958637479293,0.757,0.316,0.31,True,999,0.00012162490747869015,0.0008449580054730177,near_2x2_bal_strong_500,near_boundary,False,1520,2065082011,9.992007221626409e-16,0,0
500,500,0.006163174384406056,0.0040335221207628,0.005156989297461223,0.0029910419677889877,0.0021296522636432558,0.0021659473296722354,0.00658216782873643,0.3235487637288158,0.3290629145334371,0.7462796835402794,0.7421081345528682,0.911,0.77,0.766,True,999,0.00011354195885360241,0.0008840409573167562,near_2x2_bal_strong_500,near_boundary,False,1521,2065082011,9.992007221626409e-16,0,0
500,500,0.009014717689863172,0.0029242676226581277,0.00800833794249911,0.0018767234910512798,0.006090450067205044,0.006131614451447831,0.007019122143470428,0.8676939854751943,0.873558591248023,0.38556187932591535,0.38235868513541393,0.791,0.397,0.393,True,999,0.00011958298273384571,0.0008536250097677112,near_2x2_bal_strong_500,near_boundary,False,1522,2065082011,9.992007221626409e-16,0,0
500,500,0.0010011595013970087,0.0023238947606596394,-4.944508475546172e-06,0.001281933274384528,-0.0013227352592626307,-0.0012868777828600741,0.0037968937714830996,-0.3483729961573191,-0.3389290984449661,0.7275600798085538,0.7346631430760628,0.933,0.736,0.745,True,999,0.00012054096441715956,0.0008620420703664422,near_2x2_bal_strong_500,near_boundary,False,1523,2065082011,9.992007221626409e-16,0,0
500,500,0.008055613771801862,0.003702861273595537,0.00704934327563933,0.002654871746671006,0.004352752498206325,0.0043944715289683245,0.007023404976769409,0.6197496104244985,0.6256896111648785,0.5354226481969686,0.531518548722046,0.8,0.53,0.529,True,999,0.00011462497059255838,0.0008601250592619181,near_2x2_bal_strong_500,near_boundary,False,1524,2065082011,9.992007221626409e-16,0,0
500,500,0.0002820574365938189,0.001608479087899073,-0.000723985410786554,0.0005450040615926355,-0.001326421651305254,-0.0012689894723791895,0.0029044860396127254,-0.45668033284199044,-0.4369067212140542,0.647900828988613,0.6621789973539487,0.939,0.681,0.687,True,999,0.00011475000064820051,0.0008611669763922691,near_2x2_bal_strong_500,near_boundary,False,1525,2065082011,9.992007221626409e-16,0,0
500,500,7.594333655969177e-05,0.0028071387390428693,-0.0009300966533487554,0.0017597335142056636,-0.0027311954024831775,-0.002689830167554419,0.0036339622010043973,-0.7515750718948858,-0.7401921150448323,0.4523066390212177,0.4591834313243912,0.818,0.454,0.455,True,999,0.0001240420388057828,0.0008347909897565842,near_2x2_bal_strong_500,near_boundary,False,1526,2065082011,9.992007221626409e-16,0,0
500,500,0.0015534876903936512,7.982407656098589e-05,0.0005474081900160854,-0.0009962088400072844,0.0014736636138326653,0.0015436170300233698,0.0025560862684856737,0.576531250921246,0.6038986434279737,0.5642561529904877,0.5459110307787712,0.9,0.568,0.504,True,999,0.00011758296750485897,0.0008734579896554351,near_2x2_bal_strong_500,near_boundary,False,1527,2065082011,9.992007221626409e-16,0,0
500,500,0.0038401870966262575,0.0006812517569054766,0.002833918498197363,-0.0003653514952475234,0.003158935339720781,0.0031992699934448865,0.004265655229825123,0.7405510219470518,0.75000669793373,0.45896571419583576,0.4532506707667404,0.822,0.465,0.464,True,999,0.00011620798613876104,0.0008608330972492695,near_2x2_bal_strong_500,near_boundary,False,1528,2065082011,9.992007221626409e-16,0,0
500,500,0.007686243086075573,0.00043014544498531926,0.006680035759359271,-0.0006163121925624182,0.007256097641090253,0.007296347951921689,0.005685087436791634,1.2763387936888468,1.2834187746528953,0.20183578231657573,0.19934539972980592,0.626,0.186,0.181,True,999,0.00011516700033098459,0.0008663340704515576,near_2x2_bal_strong_500,near_boundary,False,1529,2065082011,9.992007221626409e-16,0,0
500,500,0.0014271825470901778,0.003205515485866006,0.00042105237849909827,0.002162991134269987,-0.0017783329387758284,-0.0017419387557708887,0.004512152628993603,-0.3941207412508274,-0.38605492743702097,0.6934918984750762,0.6994559897626131,0.905,0.706,0.707,True,999,0.0001152500044554472,0.0009014579700306058,near_2x2_bal_strong_500,near_boundary,False,1530,2065082011,9.992007221626409e-16,0,0
500,500,0.0029582136124023384,0.0019366062460565714,0.0019520969198651983,0.0008948269681070542,0.001021607366345767,0.001057269951758144,0.0045152426119311586,0.22625746923238482,0.23415573483568633,0.8210011752973971,0.8148640782455084,0.956,0.845,0.842,True,999,0.00011629099026322365,0.0008590839570388198,near_2x2_bal_strong_500,near_boundary,False,1531,2065082011,9.992007221626409e-16,0,0
500,500,0.0038896261837596535,0.020550305986675343,0.0028835055591684977,0.019520631118837173,-0.01666067980291569,-0.016637125559668675,0.01097011882059505,-1.5187328483295288,-1.5165857208797517,0.1288297547584436,0.12937131277629269,0.354,0.122,0.124,True,999,0.00011554197408258915,0.0008592500817030668,near_2x2_bal_strong_500,near_boundary,False,1532,2065082011,9.992007221626409e-16,0,0
500,500,0.0042065052444606454,0.00041254167138260467,0.003200333023812618,-0.000650161008422856,0.0037939635730780408,0.003850494032235474,0.004302561384489616,0.8817918523498516,0.8949306443636555,0.37788937849314574,0.3708241641525556,0.824,0.365,0.358,True,999,0.00011508306488394737,0.0008459999226033688,near_2x2_bal_strong_500,near_boundary,False,1533,2065082011,9.992007221626409e-16,0,0
500,500,0.0002095806944384382,0.0006508376636063518,-0.0007965123777466943,-0.0005774799415405596,-0.00044125696916791357,-0.00021903243620613466,0.0017590516031632324,-0.25084936017477755,-0.12451734549018195,0.8019305774464658,0.900905667541254,0.979,0.828,0.909,True,999,0.00011399993672966957,0.0008437080541625619,near_2x2_bal_strong_500,near_boundary,False,1534,2065082011,9.992007221626409e-16,0,0
500,500,0.006208416372251335,0.002254736922118694,0.005202237840705948,0.0012128502442010358,0.003953679450132641,0.003989387596504912,0.005896798484212982,0.6704789829120844,0.676534497013146,0.5025524999060199,0.4987013513626567,0.822,0.498,0.496,True,999,0.00011845794506371021,0.0009391660569235682,near_2x2_bal_strong_500,near_boundary,False,1535,2065082011,9.992007221626409e-16,0,0
500,500,0.0015895866358961452,0.0012962400629002446,0.0005834647893721012,0.00024205417346934155,0.0002933465729959006,0.0003414106159027597,0.0034752222486190186,0.08441088137959248,0.09824137608419985,0.9327297560746339,0.9217406279880512,0.978,0.932,0.924,True,999,0.00011741707567125559,0.0008363749366253614,near_2x2_bal_strong_500,near_boundary,False,1536,2065082011,9.992007221626409e-16,0,0
500,500,0.002850229861243725,0.0006590663950049591,0.001844059339305204,-0.0003944190520144275,0.002191163466238766,0.0022384783913196316,0.003768751301915237,0.5814030406106238,0.5939575769252967,0.5609688486673612,0.5525404876111162,0.898,0.578,0.567,True,999,0.00011341692879796028,0.0008683330379426479,near_2x2_bal_strong_500,near_boundary,False,1537,2065082011,9.992007221626409e-16,0,0
500,500,0.005019121406431126,6.218934571200485e-06,0.0040129770266617015,-0.0010696077769978274,0.005012902471859926,0.005082584803659529,0.004472133062805706,1.1209197940803117,1.1365012472305198,0.2623220044838991,0.2557468438715783,0.771,0.25,0.243,True,999,0.00012025004252791405,0.0008497500093653798,near_2x2_bal_strong_500,near_boundary,False,1538,2065082011,9.992007221626409e-16,0,0
500,500,0.005047062862629681,0.00043654109292651233,0.004040891647093758,-0.0006397692519612974,0.004610521769703169,0.004680660899055056,0.004686561825695423,0.9837748740291138,0.9987408836456582,0.3252262159657958,0.31792023006993453,0.792,0.324,0.321,True,999,0.00011837494093924761,0.0008523330325260758,near_2x2_bal_strong_500,near_boundary,False,1539,2065082011,9.992007221626409e-16,0,0
500,500,0.007164461973273029,0.0004181580754176739,0.006158263922202423,-0.0006445565433637057,0.006746303897855355,0.006802820465566128,0.005498648199945838,1.2269022589809995,1.2371805247757326,0.2198593294249499,0.2160200700370558,0.687,0.203,0.2,True,999,0.0001165410503745079,0.0008544169832020998,near_2x2_bal_strong_500,near_boundary,False,1540,2065082011,9.992007221626409e-16,0,0
500,500,0.0071644619732728065,0.00020645615111508642,0.0061582639223161095,-0.0008561265005369023,0.00695800582215772,0.007014390422853012,0.005414483425716512,1.2850728823196924,1.2954865443926962,0.19876681672702723,0.19515244014766153,0.664,0.2,0.189,True,999,0.00011679099407047033,0.0008761669741943479,near_2x2_bal_strong_500,near_boundary,False,1541,2065082011,9.992007221626409e-16,0,0
500,500,0.003339482146912154,0.0009196715959202684,0.0023333428520118105,-0.00013392277261914387,0.0024198105509918855,0.0024672656246309543,0.004161049449532369,0.5815385229954023,0.5929431155662505,0.5608775627854092,0.5532192221096417,0.876,0.539,0.533,True,999,0.00011887506116181612,0.0009149169782176614,near_2x2_bal_strong_500,near_boundary,False,1542,2065082011,9.992007221626409e-16,0,0
500,500,0.0018072440892843433,0.0009030120031656153,0.0008011701177679242,-0.00015055670846209068,0.0009042320861187281,0.0009517268262300149,0.0033382710406936523,0.2708683851898495,0.2850957320805975,0.7864922612846968,0.775570799739135,0.951,0.758,0.751,True,999,0.00013225001748651266,0.0008619999280199409,near_2x2_bal_strong_500,near_boundary,False,1543,2065082011,9.992007221626409e-16,0,0
500,500,0.002225216118919904,0.0035704611582337287,0.0012191144034545687,0.0025279932146418105,-0.0013452450393138249,-0.0013088788111872418,0.005036070259142904,-0.26712197608275107,-0.25990082422122557,0.7893752477126439,0.7949402754796766,0.945,0.798,0.802,True,999,0.00011508294846862555,0.00084304204210639,near_2x2_bal_strong_500,near_boundary,False,1544,2065082011,9.992007221626409e-16,0,0
500,500,0.0013743155636488646,0.0016920371176754045,0.0003682424248836469,0.0006380441926125968,-0.0003177215540265399,-0.0002698017677289499,0.00361890173830096,-0.08779502097664225,-0.07455349363965302,0.9300395951702384,0.9405699777871359,1.0,0.921,0.921,True,999,0.00011383404489606619,0.000890791998244822,near_2x2_bal_strong_500,near_boundary,False,1545,2065082011,9.992007221626409e-16,0,0
500,500,0.0018094738470141314,5.879110557271972e-07,0.0008033631913235695,-0.0010965697727840507,0.0018088859359584042,0.0018999329641076201,0.002688313581059962,0.6728701401140812,0.7067378513776301,0.5010299102716671,0.47972940253225393,0.877,0.485,0.465,True,999,0.00012758304364979267,0.0009066660422831774,near_2x2_bal_strong_500,near_boundary,False,1546,2065082011,9.992007221626409e-16,0,0
500,500,0.002788839168995083,0.004214508295510289,0.0017826935164748647,0.003182448417504702,-0.0014256691265152055,-0.0013997549010298371,0.005494892609648435,-0.2594535012407495,-0.25473744447198465,0.7952853544913859,0.7989258935397578,0.91,0.786,0.794,True,999,0.00012466695625334978,0.0008786249672994018,near_2x2_bal_strong_500,near_boundary,False,1547,2065082011,9.992007221626409e-16,0,0
500,500,0.0023365069923587667,0.0030826794105936473,0.0013303963455086887,0.0020481456017193977,-0.0007461724182348806,-0.0007177492562107091,0.004808566514375902,-0.1551756466306727,-0.1492647037458865,0.8766828468858806,0.8813447655490095,0.954,0.863,0.868,True,999,0.00011029199231415987,0.0008294170256704092,near_2x2_bal_strong_500,near_boundary,False,1548,2065082011,9.992007221626409e-16,0,0
500,500,0.0057893221334872624,1.8718169666531725e-05,0.004783092334378125,-0.0010569926346306602,0.005770603963820731,0.005840084969008785,0.004804634807609308,1.2010494438997894,1.2155106897530672,0.22973202230490553,0.22417137420224276,0.688,0.244,0.238,True,999,0.00012033304665237665,0.0008487500017508864,near_2x2_bal_strong_500,near_boundary,False,1549,2065082011,9.992007221626409e-16,0,0
500,500,0.0005705615426709887,0.0017768673225904696,-0.0004355674141720556,0.0007351508147621644,-0.001206305779919481,-0.00117071822893422,0.0031822853415931006,-0.3790690181527172,-0.36788600118056686,0.7046366123565819,0.7129582388188029,0.932,0.716,0.723,True,999,0.00011495803482830524,0.0008679169695824385,near_2x2_bal_strong_500,near_boundary,False,1550,2065082011,9.992007221626409e-16,0,0
500,500,0.0022608604809176702,0.0001396358077722648,0.0012547054882361408,-0.0009229207672660777,0.0021212246731454054,0.0021776262555022186,0.0030992739958671796,0.684426312734536,0.7026246335128936,0.493706005252166,0.48228970684444716,0.866,0.469,0.461,True,999,0.00011958403047174215,0.0008514169603586197,near_2x2_bal_strong_500,near_boundary,False,1551,2065082011,9.992007221626409e-16,0,0
500,500,0.0008232223142257133,0.0004847377902159611,-0.00018284636990983927,-0.0005780153472016991,0.00033848452400975226,0.00039516897729185985,0.0023162841646994477,0.14613255539553918,0.17060470529233854,0.8838167467825019,0.8645345978836027,0.969,0.892,0.882,True,999,0.00011804199311882257,0.0008856249041855335,near_2x2_bal_strong_500,near_boundary,False,1552,2065082011,9.992007221626409e-16,0,0
500,500,0.009330433622992573,0.0032342738925831283,0.008324099848834976,0.002202522490932779,0.006096159730409445,0.006121577357902197,0.007165142837200337,0.8508078441589617,0.8543552441299417,0.39487610352971636,0.3929081861969148,0.718,0.404,0.404,True,999,0.00011595792602747679,0.000848167110234499,near_2x2_bal_strong_500,near_boundary,False,1553,2065082011,9.992007221626409e-16,0,0
500,500,0.0017146483268036805,0.005518118302678898,0.0007085497522894002,0.004485700789416569,-0.0038034699758752177,-0.003777151037127169,0.005683794076729857,-0.669178004081303,-0.6645474811607416,0.5033819357055163,0.5063399701124098,0.813,0.498,0.499,True,999,0.00011470797471702099,0.000853082980029285,near_2x2_bal_strong_500,near_boundary,False,1554,2065082011,9.992007221626409e-16,0,0
500,500,0.0015534876903934292,1.5128061024882733e-05,0.0005474081900160854,-0.0010470458511804281,0.0015383596293685464,0.0015944540411965136,0.002502846112085846,0.6146441133316397,0.6370563629530193,0.5387897750418503,0.5240881310620005,0.912,0.514,0.494,True,999,0.00011733395513147116,0.0009226670954376459,near_2x2_bal_strong_500,near_boundary,False,1555,2065082011,9.992007221626409e-16,0,0
500,500,0.005879180234263148,0.005222375795530754,0.0048730114389741175,0.004173909227006334,0.0006568044387323946,0.0006991022119677837,0.006981967232573945,0.09407154414419382,0.10012968962474711,0.9250523246011627,0.9202413648600287,0.975,0.93,0.924,True,999,0.00012358406092971563,0.0008191249798983335,near_2x2_bal_strong_500,near_boundary,False,1556,2065082011,9.992007221626409e-16,0,0
500,500,0.0093170746829363,0.0009773573456731688,0.008310831135531771,-7.632611780650222e-05,0.00833971733726313,0.008387157253338273,0.006417435123179631,1.299540576131461,1.3069329245018855,0.19375847784011513,0.19123549293885134,0.632,0.186,0.184,True,999,0.00011845794506371021,0.0008389579597860575,near_2x2_bal_strong_500,near_boundary,False,1557,2065082011,9.992007221626409e-16,0,0
500,500,0.006698665954229188,0.008543642164354437,0.005692473871931725,0.007513044645861555,-0.0018449762101252487,-0.0018205707739298305,0.008193849579564014,-0.2251659848292477,-0.22218747808971873,0.8218501501746514,0.8241679415454907,0.921,0.837,0.839,True,999,0.00011816597543656826,0.0008479169337078929,near_2x2_bal_strong_500,near_boundary,False,1558,2065082011,9.992007221626409e-16,0,0
500,500,0.000993234999866477,0.0025582623512087066,-1.2850508539941075e-05,0.0015039797694385015,-0.0015650273513422297,-0.0015168302779784426,0.003977063530117587,-0.3935132892624317,-0.3813945305353459,0.6939404106622233,0.7029105188821543,0.919,0.707,0.72,True,999,0.00011729204561561346,0.0008613340323790908,near_2x2_bal_strong_500,near_boundary,False,1559,2065082011,9.992007221626409e-16,0,0
500,500,0.0069598336848382125,0.000842685748776717,0.005953493717811398,-0.0002108950853312308,0.0061171479360614955,0.006164388803142629,0.00559521804753886,1.093281420686047,1.101724499522253,0.274270257770975,0.27058146252112614,0.674,0.261,0.259,True,999,0.00011550006456673145,0.000860749976709485,near_2x2_bal_strong_500,near_boundary,False,1560,2065082011,9.992007221626409e-16,0,0
500,500,0.005707623559902841,0.006870950895480621,0.0047014471437591965,0.0058316120203301125,-0.0011633273355777796,-0.001130164876570916,0.0074744536417595585,-0.15564045097267085,-0.1512036773171911,0.8763164381940011,0.8798150495687717,0.942,0.861,0.866,True,999,0.00011916703078895807,0.0008632499957457185,near_2x2_bal_strong_500,near_boundary,False,1561,2065082011,9.992007221626409e-16,0,0
500,500,0.0003888773357287878,0.0005611953934862579,-0.0006171722494627829,-0.0004800710002541564,-0.0001723180577574701,-0.00013710124920862654,0.001980805660188256,-0.08699392435151512,-0.06921489167978065,0.9306763414646492,0.9448185696889347,0.989,0.94,0.952,True,999,0.00011737493332475424,0.0008561670547351241,near_2x2_bal_strong_500,near_boundary,False,1562,2065082011,9.992007221626409e-16,0,0
500,500,0.006656729837554942,0.002596400853023373,0.0056505224031297985,0.0015420673332471324,0.004060328984531569,0.004108455069882666,0.006203924324586936,0.6544775165035416,0.6622348782689594,0.5128042077830932,0.5078207046548031,0.848,0.53,0.522,True,999,0.00011650007218122482,0.0009530829265713692,near_2x2_bal_strong_500,near_boundary,False,1563,2065082011,9.992007221626409e-16,0,0
500,500,0.0038366828026491495,0.0012433190257666316,0.002830557639640574,0.0001801534135665861,0.002593363776882518,0.002650404226073988,0.004566046293059834,0.5679670354688044,0.5804593418385775,0.5700573517533056,0.5616048973567906,0.88,0.56,0.551,True,999,0.00012333306949585676,0.0008511249907314777,near_2x2_bal_strong_500,near_boundary,False,1564,2065082011,9.992007221626409e-16,0,0
500,500,0.0087883425303521,0.00014297921579953243,0.007782102898715948,-0.0009326585139604049,0.008645363314552568,0.008714761412676353,0.005949058968348144,1.4532320759552158,1.4648974668166976,0.14615932910177684,0.14294889405483155,0.589,0.146,0.143,True,999,0.00011916598305106163,0.0008558749686926603,near_2x2_bal_strong_500,near_boundary,False,1565,2065082011,9.992007221626409e-16,0,0
500,500,0.0024202548075563657,0.00032319079179482513,0.0014141407081069701,-0.0007395042951259256,0.0020970640157615406,0.0021536450032328958,0.00331989799824421,0.6316651947953257,0.648708184520094,0.5276056757452678,0.5165270131970748,0.877,0.517,0.504,True,999,0.00012229103595018387,0.0008647500071674585,near_2x2_bal_strong_500,near_boundary,False,1566,2065082011,9.992007221626409e-16,0,0
500,500,0.003658155697609411,1.3462127328445206e-05,0.002652011838620183,-0.0010624198500579496,0.0036446935702809657,0.0037144316886781326,0.003825044530907499,0.9528499709822347,0.9710819465406005,0.3406660913029256,0.33150747313589257,0.804,0.33,0.32,True,999,0.00011575000826269388,0.0008458340307697654,near_2x2_bal_strong_500,near_boundary,False,1567,2065082011,9.992007221626409e-16,0,0
500,500,0.003896570040445857,0.0007196243459703933,0.002890446272203917,-0.0003217002989970297,0.0031769456944754637,0.0032121465712009467,0.004311070005316879,0.7369274195402324,0.7450926492122325,0.461166488493028,0.45621571258145965,0.84,0.48,0.473,True,999,0.00011987495236098766,0.0008489589672535658,near_2x2_bal_strong_500,near_boundary,False,1568,2065082011,9.992007221626409e-16,0,0
500,500,2.186945993787326e-05,0.0028236479909206635,-0.0009842175102789952,0.001776223366277918,-0.0028017785309827903,-0.0027604408765569133,0.0036152443360692134,-0.7749900893362884,-0.763555826370034,0.4383455158475347,0.44513198197035686,0.854,0.435,0.439,True,999,0.00011904200073331594,0.000881750020198524,near_2x2_bal_strong_500,near_boundary,False,1569,2065082011,9.992007221626409e-16,0,0
500,500,0.0018216015140309905,0.00014400131720232467,0.0008155229062936087,-0.0009315769012800956,0.0016776001968286658,0.0017470998075737043,0.0027976496622836382,0.5996462743155948,0.6244884165187427,0.5487420007146466,0.5323068752283309,0.909,0.547,0.529,True,999,0.00012162502389401197,0.0008605420589447021,near_2x2_bal_strong_500,near_boundary,False,1570,2065082011,9.992007221626409e-16,0,0
500,500,0.005254822879087295,0.0013083381334131894,0.0042486234107173,0.00025450764505308143,0.003946484745674106,0.003994115765664219,0.00516785390944598,0.7636602765532102,0.7728770657319932,0.44506971878905444,0.43959513882912393,0.832,0.449,0.442,True,999,0.0001178329112008214,0.0009023749735206366,near_2x2_bal_strong_500,near_boundary,False,1571,2065082011,9.992007221626409e-16,0,0
500,500,0.00519265522835477,0.0001696665831514288,0.004186407041231632,-0.0009064325569738685,0.005022988645203341,0.005092839598205501,0.004622385687287358,1.08666584422363,1.1017772948311089,0.27718451410139044,0.2705585036714955,0.749,0.256,0.25,True,999,0.0001343749463558197,0.000845208065584302,near_2x2_bal_strong_500,near_boundary,False,1572,2065082011,9.992007221626409e-16,0,0
500,500,0.006632003685225207,0.0049733464795777005,0.005625763548778195,0.0039305785468570775,0.0016586572056475068,0.0016951850019211179,0.007070337884920593,0.23459376802699086,0.2397601118238717,0.8145240469821338,0.8105162312418259,0.923,0.817,0.814,True,999,0.0001230830093845725,0.0008497500093653798,near_2x2_bal_strong_500,near_boundary,False,1573,2065082011,9.992007221626409e-16,0,0
500,500,0.0012840057090167667,0.00520418408998885,0.0002779237240133625,0.004169037486576599,-0.003920178380972084,-0.0038911137625632364,0.005413330111350595,-0.7241713142068149,-0.7188022312558408,0.4689605671888525,0.4722627827031026,0.751,0.47,0.48,True,999,0.00011558306869119406,0.0008674999698996544,near_2x2_bal_strong_500,near_boundary,False,1574,2065082011,9.992007221626409e-16,0,0
500,500,0.00028086211380118353,0.0027490145163681645,-0.0007251900437381664,0.0016946434362239415,-0.002468152402566981,-0.002419833479962108,0.003732124602514044,-0.6613263664627856,-0.648379606171791,0.508403036062643,0.516739457397011,0.877,0.502,0.503,True,999,0.00011570891365408897,0.0008628749055787921,near_2x2_bal_strong_500,near_boundary,False,1575,2065082011,9.992007221626409e-16,0,0
500,500,0.0067432795829726055,3.14833963510619e-07,0.005737099322971062,-0.0010973247347720871,0.006742964749009095,0.006834424057743149,0.00517611952361063,1.3027065387982972,1.3203760126805881,0.19267496883798785,0.18670950825091515,0.658,0.178,0.171,True,999,0.00011916703078895807,0.0008490419713780284,near_2x2_bal_strong_500,near_boundary,False,1576,2065082011,9.992007221626409e-16,0,0
500,500,0.00424130162578451,0.00261752448289998,0.003235175723091288,0.0015629959169984886,0.0016237771428845305,0.0016721798060927995,0.005387280228890608,0.3014094448209002,0.31039406436021766,0.7631022930754289,0.7562613073561972,0.926,0.753,0.749,True,999,0.00011812499724328518,0.000858957995660603,near_2x2_bal_strong_500,near_boundary,False,1577,2065082011,9.992007221626409e-16,0,0
500,500,0.004342554611736604,0.0010320809782751739,0.0033363566453772364,-2.1574654454070696e-05,0.0033104736334614304,0.003357931299831307,0.004670895411486399,0.7087449711077887,0.7189052641970262,0.4784827520565117,0.47219929272639827,0.838,0.488,0.482,True,999,0.00011700007598847151,0.0008559999987483025,near_2x2_bal_strong_500,near_boundary,False,1578,2065082011,9.992007221626409e-16,0,0
500,500,0.002055402699611797,0.0003508519370064578,0.0010493216209965794,-0.0007118122339591082,0.0017045507626053391,0.0017611338549556876,0.0031130194315054953,0.5475554522256859,0.5657317256461779,0.5839971848381558,0.5715761649488822,0.915,0.598,0.586,True,999,0.00011575000826269388,0.0009203329682350159,near_2x2_bal_strong_500,near_boundary,False,1579,2065082011,9.992007221626409e-16,0,0
500,500,0.0005132710055290035,0.013820874959836138,-0.0004927918004682397,0.012796146076311743,-0.013307603954307134,-0.013288937876779983,0.008230725367795746,-1.6168203116551094,-1.6145524583745,0.10591707365889079,0.10640764794474139,0.363,0.09,0.09,True,999,0.00012654101010411978,0.0008957920363172889,near_2x2_bal_strong_500,near_boundary,False,1580,2065082011,9.992007221626409e-16,0,0
500,500,0.005214220547488768,0.0002233903690675998,0.0042079850983895994,-0.0008298695538258016,0.004990830178421168,0.005037854652215401,0.004657740367042519,1.0715131770193855,1.0816091613569778,0.2839387490231494,0.27942623197561134,0.694,0.265,0.26,True,999,0.00012379197869449854,0.0008443329716101289,near_2x2_bal_strong_500,near_boundary,False,1581,2065082011,9.992007221626409e-16,0,0
500,500,7.125505032312685e-05,0.0007129908871992829,-0.0009347815124556291,-0.00034048438351419463,-0.0006417358368761561,-0.0005942971289414345,0.0018320196865493185,-0.35028872319865234,-0.32439451022538773,0.7261220274131077,0.7456393754349058,0.95,0.71,0.752,True,999,0.00011904200073331594,0.0008572499500587583,near_2x2_bal_strong_500,near_boundary,False,1582,2065082011,9.992007221626409e-16,0,0
500,500,7.162391568438231e-05,0.005041385988783065,-0.0009344111121549759,0.004006067022743309,-0.0049697620730986825,-0.004940478134898285,0.0048587480147324075,-1.0228482847905807,-1.0168212304729656,0.3063795842668299,0.3092384805300532,0.722,0.301,0.302,True,999,0.00011691695544868708,0.0008782920194789767,near_2x2_bal_strong_500,near_boundary,False,1583,2065082011,9.992007221626409e-16,0,0
500,500,0.0006567973044897535,3.048827724566605e-05,-0.00034925704164834315,-0.0010667892423441572,0.0006263090272440874,0.000717532200695814,0.0016583351363726071,0.37767337464371475,0.4326822636498691,0.7056732493385628,0.6652456167606485,0.966,0.695,0.666,True,999,0.00012191699352115393,0.0009242920204997063,near_2x2_bal_strong_500,near_boundary,False,1584,2065082011,9.992007221626409e-16,0,0
500,500,0.003208583418794264,0.0052572522587077675,0.0022024673435794284,0.0042220586985592945,-0.0020486688399135033,-0.002019591354979866,0.006101523175509313,-0.33576351035370683,-0.33099789952224257,0.7370492087832824,0.7406460721519732,0.89,0.733,0.733,True,999,0.00012045796029269695,0.0008446669671684504,near_2x2_bal_strong_500,near_boundary,False,1585,2065082011,9.992007221626409e-16,0,0
500,500,0.001342096370730017,0.002470096825311796,0.00033602797782350535,0.0014156093600945496,-0.001128000454581779,-0.0010795813822710443,0.004093165370694956,-0.2755814516212088,-0.26375220263523047,0.7828695576551232,0.7919708674274213,0.92,0.765,0.774,True,999,0.00011566700413823128,0.0009076250717043877,near_2x2_bal_strong_500,near_boundary,False,1586,2065082011,9.992007221626409e-16,0,0
500,500,0.009064603641335545,0.004013573008094129,0.008058334310305781,0.0029711138367360945,0.005051030633241416,0.005087220473569687,0.007393219107389205,0.6831977464583902,0.6880927508945635,0.49448189645459983,0.49139437516589857,0.76,0.505,0.499,True,999,0.00013291602954268456,0.0008657079888507724,near_2x2_bal_strong_500,near_boundary,False,1587,2065082011,9.992007221626409e-16,0,0
500,500,0.003136142965815547,0.005282464521539021,0.002129982033466149,0.00424375166338109,-0.002146321555723474,-0.002113769629914941,0.006113292876799741,-0.3510909094293313,-0.34576613169259485,0.7255201476243338,0.7295184799818489,0.904,0.731,0.736,True,999,0.00011895899660885334,0.0008986670291051269,near_2x2_bal_strong_500,near_boundary,False,1588,2065082011,9.992007221626409e-16,0,0
500,500,2.0989532614201778e-05,0.005314158058811802,-0.0009850814158198773,0.004271015716597049,-0.0052931685261976,-0.005256097132416926,0.005047421175634656,-1.0486877044755523,-1.0413430838285516,0.2943218750569231,0.2977163477414949,0.745,0.294,0.3,True,999,0.00012391596101224422,0.0008545420132577419,near_2x2_bal_strong_500,near_boundary,False,1589,2065082011,9.992007221626409e-16,0,0
500,500,0.00010422987641389714,0.006202223829699316,-0.0009018491813321816,0.005166869764337889,-0.006097993953285419,-0.006068718945670071,0.0054483828703363844,-1.1192300721900124,-1.1138569168314316,0.26304199927841365,0.26534057477678963,0.678,0.273,0.277,True,999,0.0001189579488709569,0.0008355829631909728,near_2x2_bal_strong_500,near_boundary,False,1590,2065082011,9.992007221626409e-16,0,0
500,500,0.001612271843830948,0.004306765472865237,0.0006061882057224466,0.003274762038785184,-0.002694493629034289,-0.0026685738330627373,0.005095506015827546,-0.5287980468798807,-0.5237112515957538,0.5969455527827381,0.6004793885900559,0.853,0.598,0.6,True,999,0.00012254202738404274,0.0008442499674856663,near_2x2_bal_strong_500,near_boundary,False,1591,2065082011,9.992007221626409e-16,0,0
500,500,0.0018214831369132156,0.0025076967567254638,0.00081533099319131,0.0014533200869379925,-0.0006862136198122482,-0.0006379890937466826,0.004342590930453222,-0.15801940150522772,-0.14691438912025218,0.874441510599909,0.8831995942879927,0.96,0.887,0.894,True,999,0.00011599995195865631,0.0008579579880461097,near_2x2_bal_strong_500,near_boundary,False,1592,2065082011,9.992007221626409e-16,0,0
500,500,0.004676211799216956,0.004485578868153761,0.003670056883208872,0.0034373876604263387,0.0001906329310631949,0.00023266922278253332,0.0063297346077706,0.03011704958832987,0.03675813240209164,0.9759737032934819,0.9706778569736529,0.993,0.982,0.98,True,999,0.00011712498962879181,0.0008671659743413329,near_2x2_bal_strong_500,near_boundary,False,1593,2065082011,9.992007221626409e-16,0,0
500,500,0.0018018044502975394,0.007138181153297063,0.0007957292536957539,0.006102551362829445,-0.0053363767029995235,-0.005306822109133691,0.006428904541272956,-0.8300600310271357,-0.8254628879717216,0.40650484362146155,0.4091088440498637,0.743,0.407,0.409,True,999,0.00012229103595018387,0.0008577499538660049,near_2x2_bal_strong_500,near_boundary,False,1594,2065082011,9.992007221626409e-16,0,0
500,500,0.0055374473592835205,0.0013549973951571537,0.004531271015480343,0.0003012218880940054,0.004182449964126367,0.004230049127386337,0.005295064327788089,0.7898770827348013,0.7988664283429695,0.4295995564245305,0.42436786718243535,0.803,0.435,0.432,True,999,0.00011587503831833601,0.0008859999943524599,near_2x2_bal_strong_500,near_boundary,False,1595,2065082011,9.992007221626409e-16,0,0
500,500,0.00028382682794125813,0.0031943538051481535,-0.0007222341471901927,0.002146806623017028,-0.0029105269772068953,-0.0028690407702072207,0.003995768070257337,-0.7284023812271594,-0.7180198449362072,0.466367306040672,0.4727450507428864,0.824,0.474,0.477,True,999,0.00011566700413823128,0.000875124940648675,near_2x2_bal_strong_500,near_boundary,False,1596,2065082011,9.992007221626409e-16,0,0
500,500,0.004385081746185127,0.00021654630944067943,0.0033788894253916624,-0.0008461526865346514,0.004168535436744447,0.004225042111926314,0.004286452736410126,0.9724907034051579,0.9856733228475433,0.3308064876021677,0.32429344444137587,0.772,0.343,0.336,True,999,0.00013145804405212402,0.0008419579826295376,near_2x2_bal_strong_500,near_boundary,False,1597,2065082011,9.992007221626409e-16,0,0
500,500,0.0036049673170963636,0.0029589851768769826,0.002598803814692019,0.0019168741124531152,0.000645982140219381,0.0006819297022389037,0.005277039256913673,0.12241374542989279,0.12922581565893765,0.9025713531017292,0.8971789695302732,0.964,0.896,0.894,True,999,0.00011862500105053186,0.0008261250331997871,near_2x2_bal_strong_500,near_boundary,False,1598,2065082011,9.992007221626409e-16,0,0
500,500,0.004976447782222282,0.006502301927594878,0.003970258396805093,0.005466862354126079,-0.001525854145372596,-0.0014966039573209855,0.007115172538100765,-0.21445075817934955,-0.21033979841063283,0.8301955629167028,0.8334024753627536,0.928,0.831,0.833,True,999,0.00011608400382101536,0.0008431670721620321,near_2x2_bal_strong_500,near_boundary,False,1599,2065082011,9.992007221626409e-16,0,0
500,500,0.00200356221913367,9.927173904689113e-06,0.0009974747596857014,-0.001065918357312512,0.001993635045228981,0.0020633931169982134,0.002835275868589305,0.7031538155830023,0.7277574432377394,0.4819598975601578,0.46676207971790185,0.89,0.464,0.449,True,999,0.00011545803863555193,0.0008597919950261712,near_2x2_bal_strong_500,near_boundary,False,1600,2065082011,9.992007221626409e-16,0,0
500,500,0.0007671409613626556,0.003187938697592152,-0.0002389261507005358,0.002140070754080625,-0.0024207977362294963,-0.002378996904781161,0.004223308048225301,-0.573199422961049,-0.563301771411359,0.5665096750457996,0.5732294120990801,0.852,0.57,0.579,True,999,0.0001163750421255827,0.0008640420855954289,near_2x2_bal_strong_500,near_boundary,False,1601,2065082011,9.992007221626409e-16,0,0
500,500,0.001152738445190371,0.0031514197724268334,0.00014667854878780417,0.0021092482274696067,-0.0019986813272364623,-0.0019625696786818025,0.004362205548607862,-0.45818137292368394,-0.44990307238230204,0.6468221411522279,0.6527803321391392,0.904,0.64,0.646,True,999,0.00012045807670801878,0.0008985840249806643,near_2x2_bal_strong_500,near_boundary,False,1602,2065082011,9.992007221626409e-16,0,0
500,500,0.0039040261430287604,0.004809479258050087,0.0028978981209206722,0.003766699378076055,-0.0009054531150213263,-0.0008688012571553827,0.006192239937553535,-0.14622384212376915,-0.1403048437910876,0.8837446845542692,0.8884191373908285,0.949,0.874,0.876,True,999,0.0001229170011356473,0.0008600419387221336,near_2x2_bal_strong_500,near_boundary,False,1603,2065082011,9.992007221626409e-16,0,0
500,500,0.00019813840881310885,0.002681866555862389,-0.0008079003277430274,0.0016440425758617039,-0.00248372814704928,-0.0024519429036047313,0.0035782619860789734,-0.6941157904904908,-0.6852329184234908,0.48760959672366233,0.4931969544765563,0.839,0.504,0.506,True,999,0.00011549994815140963,0.0009887079941108823,near_2x2_bal_strong_500,near_boundary,False,1604,2065082011,9.992007221626409e-16,0,0
500,500,6.898859972848115e-06,0.00319492982125702,-0.0009991451395876538,0.0021461788448675634,-0.0031880309612841717,-0.003145323984455217,0.003841573157733081,-0.8298764153083146,-0.8187593611548656,0.4066086606605366,0.4129237212226795,0.792,0.373,0.38,True,999,0.00012558302842080593,0.0008420830126851797,near_2x2_bal_strong_500,near_boundary,False,1605,2065082011,9.992007221626409e-16,0,0
500,500,0.0013536736405558303,0.0064994511107440145,0.00034760501489472517,0.005466870858043649,-0.005145777470188184,-0.0051192658431489235,0.005985211982158522,-0.8597485745746967,-0.8553190527602162,0.3899276523571581,0.3923745426396409,0.715,0.392,0.392,True,999,0.00011475000064820051,0.0008782499935477972,near_2x2_bal_strong_500,near_boundary,False,1606,2065082011,9.992007221626409e-16,0,0
500,500,0.0019834070735884612,0.001756627016638701,0.0009772526008191562,0.0007026797523224104,0.00022678005694976022,0.0002745728484967458,0.0039799991295294285,0.056979926268620404,0.06898816797711452,0.9545611856745465,0.9449990376465305,0.984,0.963,0.956,True,999,0.0001232079230248928,0.0008487079758197069,near_2x2_bal_strong_500,near_boundary,False,1607,2065082011,9.992007221626409e-16,0,0
500,500,1.4323579533792596e-05,0.0033570455454906,-0.0009917350186583462,0.00231480482662505,-0.0033427219659568075,-0.003306539845283396,0.0039362587521484076,-0.849212965009567,-0.8400209573312956,0.3957628002591769,0.4008966361080878,0.799,0.381,0.384,True,999,0.0001164580462500453,0.0008289580000564456,near_2x2_bal_strong_500,near_boundary,False,1608,2065082011,9.992007221626409e-16,0,0
500,500,0.0021595360138308983,0.00759372370534761,0.0011534210223089758,0.006560767077928631,-0.005434187691516712,-0.005407346055619655,0.006681309732642934,-0.8133416813423352,-0.8093242600625049,0.41602218569456406,0.41832865530194596,0.686,0.398,0.398,True,999,0.0001157920341938734,0.0008421249222010374,near_2x2_bal_strong_500,near_boundary,False,1609,2065082011,9.992007221626409e-16,0,0
500,500,0.0003895965409634883,0.00015320858216483213,-0.0006164494389508945,-0.0009093066697687391,0.00023638795879865615,0.00029285723081784454,0.001481205665497719,0.15959158427821998,0.1977154406302097,0.8732028087825446,0.8432677083171516,0.977,0.889,0.849,True,999,0.00011658400762826204,0.0008813749300315976,near_2x2_bal_strong_500,near_boundary,False,1610,2065082011,9.992007221626409e-16,0,0
500,500,0.031045484852925354,0.002630809698803027,0.030038739739438824,0.0015834636434703953,0.028414675154122326,0.02845527609596843,0.011503736080102835,2.470038860094252,2.473568230167017,0.013509837540736334,0.013377125775085227,0.209,0.011,0.011,True,999,0.00011749996338039637,0.0008775420719757676,near_2x2_bal_strong_500,near_boundary,False,1611,2065082011,9.992007221626409e-16,0,0
500,500,0.009846833407899602,0.003082978788356505,0.00884049273582832,0.0020450197752381882,0.006763854619543097,0.006795472960590132,0.00727294439976619,0.9300022450000499,0.9343496371027658,0.3523699221180485,0.350123567572436,0.717,0.357,0.354,True,999,0.00011487503070384264,0.0009131249971687794,near_2x2_bal_strong_500,near_boundary,False,1612,2065082011,9.992007221626409e-16,0,0
500,500,0.001826056797784914,0.0009110089484010708,0.0008199218139566256,-0.0001519811092123291,0.0009150478493838432,0.0009719029231689547,0.0033613141629585926,0.27222919519621097,0.28914373249583314,0.7854457947139561,0.772471388455019,0.964,0.802,0.789,True,999,0.0001330830855295062,0.0009095000568777323,near_2x2_bal_strong_500,near_boundary,False,1613,2065082011,9.992007221626409e-16,0,0
500,500,0.0002543481368104672,6.32146668899658e-08,-0.0007517336186424473,-0.0010757711584687968,0.00025428492214357723,0.00032403753982634953,0.0010086164725207703,0.25211260084624565,0.3212693314600577,0.8009540304243501,0.7480062954652408,0.974,0.779,0.728,True,999,0.00012137496378272772,0.0008202079916372895,near_2x2_bal_strong_500,near_boundary,False,1614,2065082011,9.992007221626409e-16,0,0
500,500,0.00493078834841798,0.0034909110735519833,0.003924635773785212,0.0024562658741160703,0.0014398772748659971,0.0014683698996691419,0.0059478523732261444,0.24208355966390616,0.24687396517756724,0.8087154168717233,0.8050057655756474,0.938,0.805,0.8,True,999,0.00011641695164144039,0.0008445840794593096,near_2x2_bal_strong_500,near_boundary,False,1615,2065082011,9.992007221626409e-16,0,0
500,500,0.0008006752750852053,0.0006315922380365491,-0.00020537961052013998,-0.0004651471127488094,0.00016908303704865624,0.0002597675022286694,0.002346257223584069,0.07206500436059193,0.11071569630880314,0.9425501762606617,0.9118417986513745,0.987,0.943,0.914,True,999,0.00011529203038662672,0.0008407080313190818,near_2x2_bal_strong_500,near_boundary,False,1616,2065082011,9.992007221626409e-16,0,0
500,500,0.009536110026360012,0.0053445328482041865,0.008529814770326993,0.0043059375504412856,0.004191577178155825,0.004223877219885708,0.007935965513356015,0.5281748227233994,0.5322449061525074,0.597378002446666,0.5945563846737857,0.814,0.613,0.609,True,999,0.00011512497439980507,0.0008514159126207232,near_2x2_bal_strong_500,near_boundary,False,1617,2065082011,9.992007221626409e-16,0,0
500,500,0.003396940266155335,0.0014557810531289905,0.0023908100311587077,0.000408830655374004,0.0019411592130263444,0.0019819793757847037,0.004467864656340265,0.4344713554094976,0.44360774737706365,0.6639461913065294,0.657326203477139,0.884,0.646,0.644,True,999,0.00011720799375325441,0.0008565830066800117,near_2x2_bal_strong_500,near_boundary,False,1618,2065082011,9.992007221626409e-16,0,0
500,500,9.621016486938139e-06,0.001369519005542219,-0.0009964215998934378,0.0003062854311792762,-0.001359897989055281,-0.001302707031072714,0.002489828211725994,-0.5461814524595555,-0.5232116115230512,0.5849412142692882,0.60082700190195,0.937,0.627,0.631,True,999,0.00013875006698071957,0.0008624580223113298,near_2x2_bal_strong_500,near_boundary,False,1619,2065082011,9.992007221626409e-16,0,0
500,500,0.0006414944685682045,0.0037615542654804157,-0.0003645552186526402,0.0027233549111258526,-0.0031200597969122112,-0.0030879101297784928,0.004449129891464616,-0.7012741531547225,-0.6940480959439866,0.48313194074089105,0.4876520472536696,0.826,0.466,0.476,True,999,0.00011500006075948477,0.0008867919677868485,near_2x2_bal_strong_500,near_boundary,False,1620,2065082011,9.992007221626409e-16,0,0
500,500,0.00036002954011604693,0.006580904013541056,-0.000646072348558846,0.00555077431903328,-0.006220874473425009,-0.006196846667592126,0.005651808758463466,-1.1006873620961393,-1.096436014101234,0.2710327484503753,0.2728880106243653,0.656,0.276,0.277,True,999,0.00012016692198812962,0.0009448749478906393,near_2x2_bal_strong_500,near_boundary,False,1621,2065082011,9.992007221626409e-16,0,0
500,500,0.0004726420563812006,0.006521332274463332,-0.0005334204704467993,0.005485875723280742,-0.006048690218082131,-0.006019296193727541,0.00572751785450803,-1.0560753142517596,-1.050943243937661,0.29093380751052134,0.29328465762866684,0.69,0.273,0.274,True,999,0.00012462493032217026,0.0008399169892072678,near_2x2_bal_strong_500,near_boundary,False,1622,2065082011,9.992007221626409e-16,0,0
500,500,0.0003271849074912847,0.0023269819109713596,-0.0006788839277760417,0.0012797130630417541,-0.001999797003480075,-0.001958596990817796,0.003443550150055911,-0.5807370058042005,-0.5687726054420886,0.5614177169018346,0.5695104678316458,0.843,0.549,0.556,True,999,0.00011808297131210566,0.000827791984193027,near_2x2_bal_strong_500,near_boundary,False,1623,2065082011,9.992007221626409e-16,0,0
500,500,0.001175016233819881,0.006521332274463332,0.0001689451603397174,0.005485875723280742,-0.005346316040643451,-0.005316930562941025,0.005967334684087696,-0.8959303145673673,-0.8910059254961821,0.37028998237116406,0.3729259913510171,0.722,0.362,0.364,True,999,0.00011695805005729198,0.000861832988448441,near_2x2_bal_strong_500,near_boundary,False,1624,2065082011,9.992007221626409e-16,0,0
500,500,0.006758509866450435,1.0131879542241151e-05,0.005752323645822344,-0.001065715903536102,0.006748377986908194,0.006818039549358446,0.005185690832873376,1.3013459931179387,1.314779413021927,0.19314005079243113,0.18858404826351727,0.684,0.198,0.191,True,999,0.00011675001587718725,0.0008457500953227282,near_2x2_bal_strong_500,near_boundary,False,1625,2065082011,9.992007221626409e-16,0,0
500,500,0.0006206811084191743,0.0038378439068130765,-0.0003854076367701964,0.002790052422142253,-0.003217162798393902,-0.0031754600589124493,0.004536770236075342,-0.7091306438249333,-0.6999384790664357,0.4782434081723598,0.48396572558039197,0.856,0.491,0.498,True,999,0.00012120907194912434,0.0008489169413223863,near_2x2_bal_strong_500,near_boundary,False,1626,2065082011,9.992007221626409e-16,0,0
500,500,0.0006549799941210077,0.0024625114648594293,-0.00035108051338283985,0.00141522074278555,-0.0018075314707384216,-0.00176630125616839,0.003718596443462726,-0.48607895430977804,-0.4749913799529225,0.6269111878280803,0.6347931173608229,0.895,0.601,0.601,True,999,0.00011770904529839754,0.0008740830235183239,near_2x2_bal_strong_500,near_boundary,False,1627,2065082011,9.992007221626409e-16,0,0
500,500,0.0002833181549153352,0.0036916606478977765,-0.0007227501205306908,0.002653528163222063,-0.0034083424929824413,-0.003376278283752754,0.00424559470849961,-0.8027950680640799,-0.7952427199406248,0.4220931932582891,0.4264723260683111,0.818,0.438,0.443,True,999,0.00012191699352115393,0.000853499979712069,near_2x2_bal_strong_500,near_boundary,False,1628,2065082011,9.992007221626409e-16,0,0
500,500,0.005440144698880767,0.0007401164896351786,0.004433981165334444,-0.000313403099852394,0.004700028209245588,0.004747384265186838,0.004983341749940625,0.9431478804963732,0.9526507519263357,0.34560526794044055,0.34076705358722215,0.778,0.352,0.346,True,999,0.00013325002510100603,0.0008890830213204026,near_2x2_bal_strong_500,near_boundary,False,1629,2065082011,9.992007221626409e-16,0,0
500,500,0.0007947311322816786,0.0009110089484010708,-0.00021133462934130876,-0.0001519811092123291,-0.00011627781611939225,-5.935352012897965e-05,0.002679910340313286,-0.04338869639414846,-0.022147576818574134,0.9653916881876493,0.982330234957007,0.997,0.97,0.995,True,999,0.00012012501247227192,0.0008830419974401593,near_2x2_bal_strong_500,near_boundary,False,1630,2065082011,9.992007221626409e-16,0,0
500,500,0.0003923590481450523,0.002515757586768752,-0.0006136886767080796,0.001473584531368033,-0.0021233985386236998,-0.0020872732080761125,0.003590386823221103,-0.591412191268767,-0.5813505092477814,0.5542442738260434,0.5610042454011053,0.866,0.585,0.589,True,999,0.00011683290358632803,0.0008972500218078494,near_2x2_bal_strong_500,near_boundary,False,1631,2065082011,9.992007221626409e-16,0,0
500,500,4.8469336601075774e-05,1.456772970215292e-05,-0.0009577383764849401,-0.0010826591927184381,3.3901606898922854e-05,0.00012492081623349804,0.0005029868887951092,0.06740057773699269,0.24835799702998682,0.9462628092689325,0.8038574291225408,1.0,0.958,0.835,True,999,0.00012304098345339298,0.0008493340574204922,near_2x2_bal_strong_500,near_boundary,False,1632,2065082011,9.992007221626409e-16,0,0
500,500,0.004018307437334334,0.0011005791411532462,0.003012124683948514,3.964484960761183e-06,0.002917728296181088,0.0030081601989877527,0.004462489683904142,0.653834182901332,0.674099081917871,0.5132186411104265,0.5002483231620533,0.84,0.535,0.523,True,999,0.00011787505354732275,0.0008356249891221523,near_2x2_bal_strong_500,near_boundary,False,1633,2065082011,9.992007221626409e-16,0,0
500,500,0.0034042509793870135,0.0004789402211938798,0.0023980651062629477,-0.0005744193558427924,0.0029253107581931337,0.00297248446210574,0.003949825469018795,0.7406177263117987,0.7525609638757422,0.45892525692286135,0.4517137825841284,0.856,0.475,0.471,True,999,0.00011762510985136032,0.0008468329906463623,near_2x2_bal_strong_500,near_boundary,False,1634,2065082011,9.992007221626409e-16,0,0
500,500,0.005119781115346056,0.005669304375889583,0.004113608816567194,0.004630576111168239,-0.0005495232605435274,-0.0005169672946010451,0.006874421234747358,-0.07993738553085959,-0.07520157362309848,0.9362870556012695,0.9400543323317209,0.972,0.915,0.918,True,999,0.00011687504593282938,0.0009267090354114771,near_2x2_bal_strong_500,near_boundary,False,1635,2065082011,9.992007221626409e-16,0,0
500,500,0.006244942074173698,0.0014984381063904428,0.005238767933519739,0.0004445852155754437,0.0047465039677832555,0.004794182717944295,0.00561371618103749,0.8455190491846415,0.8540123090188478,0.39782110150900507,0.39309816926117847,0.798,0.399,0.392,True,999,0.0001282090088352561,0.0008453750051558018,near_2x2_bal_strong_500,near_boundary,False,1636,2065082011,9.992007221626409e-16,0,0
500,500,0.0008127134330879748,0.001151473393431801,-0.00019339368503779042,0.00010469894513676081,-0.00033875996034382627,-0.00029809263017455123,0.0028755749020818954,-0.11780599423738415,-0.10366366390203724,0.9062213799100618,0.9174362632547094,0.98,0.923,0.935,True,999,0.00011012505274266005,0.0010028339456766844,near_2x2_bal_strong_500,near_boundary,False,1637,2065082011,9.992007221626409e-16,0,0
500,500,0.000517389956766312,0.00034518666242217,-0.0004886650077651211,-0.0007080922706563797,0.00017220329434414205,0.00021942726289125858,0.001876451630352973,0.09177070783953513,0.11693734031928275,0.9268802175847465,0.9069097078319981,0.993,0.925,0.909,True,999,0.00013954099267721176,0.0008293329738080502,near_2x2_bal_strong_500,near_boundary,False,1638,2065082011,9.992007221626409e-16,0,0
500,500,0.0009636817476605941,0.0026427597117514856,-4.2380252125440165e-05,0.001600712203241983,-0.0016790779640908915,-0.001643092455367423,0.003974336358978964,-0.42248008533486553,-0.41342561548805234,0.6726746336291043,0.6792948104322943,0.914,0.689,0.696,True,999,0.00011687504593282938,0.0008377500344067812,near_2x2_bal_strong_500,near_boundary,False,1639,2065082011,9.992007221626409e-16,0,0
500,500,0.0018216015140312125,0.0051306276922308824,0.0008155229061799218,0.004095545604286599,-0.00330902617819967,-0.003280022698106677,0.005575415404440016,-0.5935030734327897,-0.5883010430926117,0.5528445267350072,0.5563302455816117,0.835,0.56,0.562,True,999,0.00011608400382101536,0.0008439579978585243,near_2x2_bal_strong_500,near_boundary,False,1640,2065082011,9.992007221626409e-16,0,0
500,500,0.003396940266155335,0.003821551340631668,0.0023908100311587077,0.0027791317063758925,-0.00042461107447633317,-0.00038832167521718475,0.005594141559988517,-0.07590281188329542,-0.06941577560257196,0.9394964197561441,0.9446586720936855,0.999,0.919,0.919,True,999,0.00012204202357679605,0.0008862079121172428,near_2x2_bal_strong_500,near_boundary,False,1641,2065082011,9.992007221626409e-16,0,0
500,500,0.0033042347012671724,8.222282973441297e-05,0.0022980782548529533,-0.0010152714271214336,0.0032220118715327595,0.003313349681974387,0.0036766713492361203,0.8763393747994846,0.9011819026638814,0.3808455655785883,0.3674916115134844,0.852,0.356,0.347,True,999,0.0001231660135090351,0.0008304170332849026,near_2x2_bal_strong_500,near_boundary,False,1642,2065082011,9.992007221626409e-16,0,0
500,500,0.0036020909683772695,0.004154908973692917,0.0025958362328992735,0.003112299620596559,-0.0005528180053156473,-0.0005164633876972857,0.005811430135205785,-0.09512598318384013,-0.08887027387089073,0.9242147600582252,0.9291850080648539,0.973,0.919,0.928,True,999,0.00011745805386453867,0.0008477499941363931,near_2x2_bal_strong_500,near_boundary,False,1643,2065082011,9.992007221626409e-16,0,0
500,500,0.004245093524251842,0.001410014139158866,0.003238965757418555,0.0003682878853226157,0.0028350793850929756,0.002870677872095939,0.004801899937483816,0.5904078431460507,0.597821260223962,0.5549172535973568,0.5499592032290176,0.854,0.547,0.544,True,999,0.00012145796790719032,0.0008936659432947636,near_2x2_bal_strong_500,near_boundary,False,1644,2065082011,9.992007221626409e-16,0,0
500,500,0.01417330469695588,2.3310012184696305e-05,0.013166946693786485,-0.0010737524640092033,0.014149994684771183,0.014240699157795689,0.007481871021735718,1.8912374516566486,1.9033606856392977,0.058592654022147805,0.05699349726265333,0.446,0.059,0.058,True,999,0.00011891708709299564,0.0008786249672994018,near_2x2_bal_strong_500,near_boundary,False,1645,2065082011,9.992007221626409e-16,0,0
500,500,8.186128818665761e-05,0.003491114277087204,-0.00092420834045015,0.0024530326918466017,-0.0034092529889005463,-0.0033772410322967517,0.004029456233847941,-0.8460826451624889,-0.8381381596671781,0.3975066415503665,0.40195311348097795,0.772,0.389,0.392,True,999,0.0001301249722018838,0.0009013339877128601,near_2x2_bal_strong_500,near_boundary,False,1646,2065082011,9.992007221626409e-16,0,0
500,500,0.0031733288849423724,0.000738790750845375,0.002167216479392664,-0.00039660666936924827,0.0024345381340969974,0.0025638231487619123,0.003908621171114388,0.6228636717440911,0.6559405571737564,0.5333741126040901,0.5118623716008035,0.868,0.532,0.504,True,999,0.0001169589813798666,0.0008899589302018285,near_2x2_bal_strong_500,near_boundary,False,1647,2065082011,9.992007221626409e-16,0,0
500,500,0.000977187063151197,0.00428042104958043,-2.8870579171780264e-05,0.0032378486036179766,-0.0033032339864292326,-0.003266719182789757,0.004896786216660387,-0.6745718192047276,-0.6671149276795797,0.4999478422270788,0.5046987257189306,0.825,0.498,0.501,True,999,0.0001324999611824751,0.0008522500284016132,near_2x2_bal_strong_500,near_boundary,False,1648,2065082011,9.992007221626409e-16,0,0
500,500,0.011086645230776071,0.0005689869394910341,0.010080339463797827,-0.000507514019119526,0.010517658291285037,0.010587853482917353,0.0068060256211271925,1.5453450922424143,1.5556587753726125,0.12226281389646354,0.11978925436325664,0.59,0.129,0.127,True,999,0.00013037503231316805,0.0008536670356988907,near_2x2_bal_strong_500,near_boundary,False,1649,2065082011,9.992007221626409e-16,0,0
500,500,0.014834183815433999,0.004861513123416983,0.013827713884040804,0.003826510852405818,0.009972670692017016,0.010001203031634986,0.008992305425581243,1.1090226832872956,1.1121956559864659,0.2674203966576054,0.26605403526352966,0.589,0.26,0.26,True,999,0.00011749996338039637,0.0008549999911338091,near_2x2_bal_strong_500,near_boundary,False,1650,2065082011,9.992007221626409e-16,0,0
500,500,0.002556592644569755,0.0005411362943886777,0.0015504823624610253,-0.0005943036540827507,0.0020154563501810774,0.002144786016543776,0.003486165260640296,0.5781298933060055,0.615227866779284,0.5631764261959148,0.5384042468898453,0.873,0.575,0.544,True,999,0.00011841696687042713,0.0008846669225022197,near_2x2_bal_strong_500,near_boundary,False,1651,2065082011,9.992007221626409e-16,0,0
500,500,0.006224476160235026,4.37969405370775e-05,0.005218294362748566,-0.0010321413667782053,0.006180679219697949,0.006250435729526771,0.004992365961524591,1.2380260716725313,1.2519987071656873,0.21570639380857348,0.21057033505341882,0.699,0.213,0.207,True,999,0.0001207499299198389,0.000856042024679482,near_2x2_bal_strong_500,near_boundary,False,1652,2065082011,9.992007221626409e-16,0,0
500,500,0.010901097459401599,0.004718128387385168,0.009894699143160324,0.0036754461418695428,0.006182969072016431,0.006219253001290781,0.008088318640120568,0.7644319353773956,0.768917902225236,0.4446098836987974,0.44194204909889445,0.762,0.473,0.472,True,999,0.00011370796710252762,0.0008434170158579946,near_2x2_bal_strong_500,near_boundary,False,1653,2065082011,9.992007221626409e-16,0,0
500,500,0.008244234869978717,0.006521332274463332,0.007238008770059423,0.005485875723280742,0.0017229025955153854,0.001752133046778681,0.007976070422966303,0.2160089497899189,0.2196737182427061,0.8289807713273273,0.8261252745050232,0.918,0.814,0.811,True,999,0.00011495803482830524,0.0008932499913498759,near_2x2_bal_strong_500,near_boundary,False,1654,2065082011,9.992007221626409e-16,0,0
500,500,0.004272070566979869,1.6372732969005543e-05,0.0032658548111044183,-0.0011196639630668415,0.004255697834010863,0.00438551877417126,0.004131858197525708,1.0299718989773934,1.0613914041864874,0.30302319716116444,0.2885120617100664,0.794,0.291,0.277,True,999,0.0001345409546047449,0.0008466669823974371,near_2x2_bal_strong_500,near_boundary,False,1655,2065082011,9.992007221626409e-16,0,0
500,500,0.006207423829516112,0.0010202331174303247,0.005201162798357473,-2.121444404679096e-05,0.005187190712085787,0.005222377242404264,0.005392957014119077,0.9618453658179397,0.968369899617552,0.33612728590945096,0.3328596666756337,0.758,0.345,0.339,True,999,0.00011962500866502523,0.0008454590570181608,near_2x2_bal_strong_500,near_boundary,False,1656,2065082011,9.992007221626409e-16,0,0
500,500,0.0018758150507770521,0.0005984749843839787,0.00086970901679706,-0.0004428469260631118,0.0012773400663930734,0.0013125559428601719,0.0031652232805241833,0.40355448990048404,0.4146803642373069,0.6865403575645437,0.6783759086101009,0.937,0.698,0.68,True,999,0.00011383299715816975,0.0008511249907314777,near_2x2_bal_strong_500,near_boundary,False,1657,2065082011,9.992007221626409e-16,0,0
500,500,0.007224395674174322,0.0002436485312919956,0.006218203227035701,-0.0008326818183945761,0.0069807471428823265,0.007050885045430277,0.005451281492182395,1.2805699270700506,1.2934362416510412,0.20034476859181338,0.1958602223034397,0.673,0.185,0.179,True,999,0.00011604197788983583,0.0008421250386163592,near_2x2_bal_strong_500,near_boundary,False,1658,2065082011,9.992007221626409e-16,0,0
500,500,0.00046171467484201756,0.0038011287478131317,-0.0005443618442200204,0.002746277290953003,-0.003339414072971114,-0.0032906391351730235,0.004481081544838937,-0.7452250175668568,-0.734340382393398,0.456135701399047,0.4627413119314653,0.803,0.464,0.474,True,999,0.00011816690675914288,0.0008586660260334611,near_2x2_bal_strong_500,near_boundary,False,1659,2065082011,9.992007221626409e-16,0,0
500,500,0.004592703025521505,0.0008467441187958169,0.0035865669264012467,-0.00021625234876410104,0.003745958906725688,0.003802819275165348,0.004689969306084482,0.798717147650819,0.8108409729316992,0.42445444146993694,0.4174570014575615,0.836,0.446,0.441,True,999,0.00011475000064820051,0.0008911249460652471,near_2x2_bal_strong_500,near_boundary,False,1660,2065082011,9.992007221626409e-16,0,0
500,500,0.0058574613291613176,0.0021581088612728228,0.0048512361157690975,0.0011204487283009712,0.003699352467888495,0.0037307873874681263,0.005731550512868208,0.6454365986276981,0.6509211388946041,0.5186442924599024,0.5150973949822175,0.808,0.519,0.519,True,999,0.00011558295227587223,0.0009120840113610029,near_2x2_bal_strong_500,near_boundary,False,1661,2065082011,9.992007221626409e-16,0,0
500,500,0.0013183254408400957,0.012068595612586552,0.000312165855746116,0.011037097920933547,-0.010750270171746457,-0.010724932065187431,0.008039253017035243,-1.3372225191776583,-1.3340707205583917,0.18115001332788183,0.18218068047208646,0.56,0.181,0.182,True,999,0.00013445899821817875,0.0008887919830158353,near_2x2_bal_strong_500,near_boundary,False,1662,2065082011,9.992007221626409e-16,0,0
500,500,0.00021261274620987258,0.0010242141204015454,-0.0007934828827842466,-3.8846697748340375e-05,-0.0008116013741916728,-0.0007546361850359062,0.0023196380587935717,-0.3498827634401641,-0.3253249713571209,0.7264266832284634,0.744935133472767,0.947,0.738,0.76,True,999,0.00011812499724328518,0.0009290829766541719,near_2x2_bal_strong_500,near_boundary,False,1663,2065082011,9.992007221626409e-16,0,0
500,500,0.0008232223142254913,0.008045262408826914,-0.00018284636990983927,0.007014684779448999,-0.007222040094601423,-0.007197531149358838,0.006419156756097333,-1.1250761383481498,-1.1212580441382982,0.2605567717797592,0.2621780389526226,0.608,0.248,0.249,True,999,0.00012179207988083363,0.0008449169108644128,near_2x2_bal_strong_500,near_boundary,False,1664,2065082011,9.992007221626409e-16,0,0
500,500,0.0025264779998761533,7.41835299622462e-06,0.0015202970201357857,-0.0010548886631056575,0.0025190596468799287,0.0025751856832414433,0.0031791750452014743,0.7923626761861072,0.8100169530231845,0.4281492357836233,0.4179304322669558,0.862,0.435,0.422,True,999,0.000114083057269454,0.0008628749055787921,near_2x2_bal_strong_500,near_boundary,False,1665,2065082011,9.992007221626409e-16,0,0
500,500,0.004233213705297945,0.015053763640650752,0.0032270867272927717,0.014018437829804498,-0.010820549935352808,-0.010791351102511726,0.009702721182419018,-1.1152077578977797,-1.1121984131694174,0.2647614023757463,0.26605285004518553,0.579,0.274,0.274,True,999,0.00011395802721381187,0.0008682080078870058,near_2x2_bal_strong_500,near_boundary,False,1666,2065082011,9.992007221626409e-16,0,0
500,500,0.005209784145544294,0.005995146081002933,0.00420360684353227,0.004965150711825572,-0.0007853619354586394,-0.0007615438682933018,0.006951173425063522,-0.11298264155328026,-0.10955616005024972,0.9100443171207065,0.9127613805031051,0.962,0.922,0.922,True,999,0.00011850008741021156,0.0009594580624252558,near_2x2_bal_strong_500,near_boundary,False,1667,2065082011,9.992007221626409e-16,0,0
500,500,0.007643403192966081,0.002254736922118694,0.006637137538746174,0.0012128502442010358,0.0053886662708473865,0.005424287294545138,0.006360157419756489,0.8472536000616321,0.8528542513265053,0.39685378330453525,0.39374013435286415,0.762,0.36,0.358,True,999,0.00012179103214293718,0.0008558330591768026,near_2x2_bal_strong_500,near_boundary,False,1668,2065082011,9.992007221626409e-16,0,0
500,500,0.00032154372438941703,0.005960153282334457,-0.000684544034584178,0.004927685946199745,-0.00563860955794504,-0.005612229980783923,0.005382197396718637,-1.0476407947026858,-1.0427395294356037,0.29480413464576416,0.29706894469506795,0.706,0.294,0.296,True,999,0.00011095800437033176,0.0008425000123679638,near_2x2_bal_strong_500,near_boundary,False,1669,2065082011,9.992007221626409e-16,0,0
500,500,0.0035261439079035117,1.8918993958672026e-06,0.002520029791583056,-0.001073868692344604,0.0035242520085076445,0.00359389848392766,0.003749990479183702,0.9398029216529648,0.9583753622515809,0.347318659918342,0.3378735143306536,0.824,0.346,0.337,True,999,0.00011012493632733822,0.0008927920134738088,near_2x2_bal_strong_500,near_boundary,False,1670,2065082011,9.992007221626409e-16,0,0
500,500,0.0038224771353397857,0.003821551340631668,0.0028162857918232476,0.0027791317063758925,9.257947081175999e-07,3.71540854473551e-05,0.005742435008648704,0.00016121988437365974,0.006470092459278544,0.999871365143921,0.9948376491376046,1.0,1.0,0.995,True,999,0.00012108392547816038,0.0008955000666901469,near_2x2_bal_strong_500,near_boundary,False,1671,2065082011,9.992007221626409e-16,0,0
500,500,0.00039118636328283607,0.0022208901672073345,-0.0006148555506229059,0.001173475643582833,-0.0018297038039244984,-0.001788331194205739,0.0034045203869940894,-0.5374336458416616,-0.5252813879562894,0.5909681076339224,0.5993875938992154,0.908,0.611,0.622,True,999,0.00010945799294859171,0.0008398329373449087,near_2x2_bal_strong_500,near_boundary,False,1672,2065082011,9.992007221626409e-16,0,0
500,500,0.0004156315146709444,0.003449696746410158,-0.0005904460236365594,0.0024116545958747793,-0.0030340652317392136,-0.0030021006195113387,0.004167939726630523,-0.7279532408670495,-0.7202840771256352,0.4666422102276815,0.4713501064445883,0.82,0.451,0.455,True,999,0.00011458294466137886,0.0008667079964652658,near_2x2_bal_strong_500,near_boundary,False,1673,2065082011,9.992007221626409e-16,0,0
500,500,0.0025090506567019277,0.002615140380319736,0.0015029453650186042,0.0015678127555247556,-0.00010608972361780822,-6.486739050615142e-05,0.004687132939236104,-0.022634246775833592,-0.013839460358195714,0.9819420258428202,0.9889580607298023,0.989,0.975,0.982,True,999,0.00011404103133827448,0.0008542080176994205,near_2x2_bal_strong_500,near_boundary,False,1674,2065082011,9.992007221626409e-16,0,0
500,500,0.004230041943691476,0.00018986448875230044,0.003223903872935807,-0.0009076697284342572,0.004040177454939176,0.004131573601370064,0.004201354631804965,0.961636855016796,0.9833908259239421,0.3362320516179568,0.3254151237259463,0.813,0.325,0.318,True,999,0.00011345802340656519,0.0008584159659221768,near_2x2_bal_strong_500,near_boundary,False,1675,2065082011,9.992007221626409e-16,0,0
500,500,0.002519276916889801,0.00016237802419566405,0.0015131372732071213,-0.0009136972832379797,0.002356898892694137,0.002426834556445101,0.003275862155425312,0.7194743798333407,0.7408231608359662,0.47184868245049383,0.4588006701274664,0.859,0.483,0.478,True,999,0.00011549994815140963,0.0008557499386370182,near_2x2_bal_strong_500,near_boundary,False,1676,2065082011,9.992007221626409e-16,0,0
500,500,7.904935957325776e-05,0.001251724658642539,-0.0009270237489431565,0.00018854536264711896,-0.0011726752990692813,-0.0011155691115902755,0.002432273709513222,-0.4821313055692125,-0.4586527853452552,0.6297126721954334,0.6464835244244125,0.939,0.605,0.613,True,999,0.00011916609946638346,0.0008650420932099223,near_2x2_bal_strong_500,near_boundary,False,1677,2065082011,9.992007221626409e-16,0,0
500,500,0.0023631501957006584,0.0025148343324554734,0.001357052671096426,0.0014727932889400108,-0.00015168413675481496,-0.00011574061784358491,0.0045559226839687935,-0.033293834701926636,-0.025404429765862484,0.9734402702310511,0.9797323778073296,0.992,0.971,0.978,True,999,0.00011316605377942324,0.0008518749382346869,near_2x2_bal_strong_500,near_boundary,False,1678,2065082011,9.992007221626409e-16,0,0
500,500,3.021830027716277e-05,0.0007772774294600993,-0.0009758445758052403,-0.0002763028851973104,-0.0007470591291829365,-0.0006995416906079299,0.0018653530277397323,-0.400492088132055,-0.3750183907308805,0.6887941097315231,0.7076467893278005,0.963,0.69,0.706,True,999,0.00011570798233151436,0.0008877919754013419,near_2x2_bal_strong_500,near_boundary,False,1679,2065082011,9.992007221626409e-16,0,0
500,500,0.0017830372572392728,0.0008074656981522099,0.0007769611822254774,-0.0002460593387354493,0.0009755715590870628,0.0010230205209609267,0.003258110319937686,0.2994286452233212,0.3139919832366182,0.7646130084515652,0.7535271275389086,0.952,0.774,0.766,True,999,0.00012329197488725185,0.0008474159985780716,near_2x2_bal_strong_500,near_boundary,False,1680,2065082011,9.992007221626409e-16,0,0
500,500,0.002386316765805585,0.002108263660636378,0.0013802065333834435,0.001061121867849124,0.000278053105169207,0.00031908466553431936,0.00436121823967248,0.06375583378053751,0.07316411332772058,0.9491646462074714,0.9416755232391578,0.985,0.947,0.943,True,999,0.00011391693260520697,0.0008726670639589429,near_2x2_bal_strong_500,near_boundary,False,1681,2065082011,9.992007221626409e-16,0,0
500,500,0.00013340005467588067,0.01088595007221943,-0.0008726494490360892,0.009856935825212076,-0.01075255001754355,-0.010729585274248166,0.007265528131889421,-1.479940593767589,-1.476779812764679,0.13888910114097294,0.13973466959211805,0.413,0.137,0.137,True,999,0.00012562493793666363,0.0008565830066800117,near_2x2_bal_strong_500,near_boundary,False,1682,2065082011,9.992007221626409e-16,0,0
500,500,0.0009698015404848714,0.0008711418305077934,-3.625300070098092e-05,-0.0001920180147578776,9.865970997707807e-05,0.0001557650140568967,0.0027738010366056445,0.03556841629052454,0.05615579920883923,0.9716264925276045,0.9552176926864253,0.993,0.968,0.962,True,999,0.0001181670231744647,0.0008343340596184134,near_2x2_bal_strong_500,near_boundary,False,1683,2065082011,9.992007221626409e-16,0,0
500,500,0.008299857621194118,0.001271393837735224,0.00729361127730499,0.0002401736183230696,0.007028463783458894,0.00705343765898192,0.006192398713645024,1.1350147347540123,1.1390477236938226,0.2563691446874379,0.254683249634999,0.659,0.267,0.263,True,999,0.00011625001206994057,0.0008420419180765748,near_2x2_bal_strong_500,near_boundary,False,1684,2065082011,9.992007221626409e-16,0,0
500,500,0.0006506262521080997,9.707553705234906e-05,-0.00035542298701329855,-0.0009561367833441636,0.0005535507150557506,0.0006007137963308651,0.0017318806779512072,0.319624049221794,0.34685634176686,0.7492533413328484,0.7286992469686685,0.968,0.773,0.751,True,999,0.0001180840190500021,0.0009001250145956874,near_2x2_bal_strong_500,near_boundary,False,1685,2065082011,9.992007221626409e-16,0,0
500,500,0.006348780423156786,2.2488621420624355e-06,0.005342560517931361,-0.0010735037763538458,0.006346531561014723,0.006416064294285206,0.00502544225106436,1.2628802091339453,1.2767163512676563,0.20663223337570258,0.20170240655586535,0.74,0.215,0.207,True,999,0.00012291606981307268,0.0008699579630047083,near_2x2_bal_strong_500,near_boundary,False,1686,2065082011,9.992007221626409e-16,0,0
500,500,0.007701888322364403,0.001548524614432445,0.00669568491582595,0.0005068474544600576,0.006153363707931958,0.0061888374613658925,0.006112145053846629,1.006743729692637,1.012547543758144,0.3140579417782743,0.3112763264352034,0.713,0.315,0.311,True,999,0.00011641695164144039,0.0008572919759899378,near_2x2_bal_strong_500,near_boundary,False,1687,2065082011,9.992007221626409e-16,0,0
500,500,0.003216668511955567,0.0008467441187958169,0.002210530992897475,-0.00021625234876410104,0.0023699243931597502,0.002426783341661576,0.004066183715002205,0.5828375103702035,0.5968208796636381,0.560002690903511,0.5506269761366787,0.878,0.559,0.548,True,999,0.00013579195365309715,0.0009154170984402299,near_2x2_bal_strong_500,near_boundary,False,1688,2065082011,9.992007221626409e-16,0,0
500,500,0.001392455061995479,2.2472533030337694e-05,0.0003863633127707544,-0.0010534082406650214,0.0013699825289651413,0.0014397715534357758,0.002377623047964322,0.5761983717890419,0.6055508061584793,0.5644811056334045,0.5448130775403515,0.922,0.569,0.553,True,999,0.00012312503531575203,0.0008365419926121831,near_2x2_bal_strong_500,near_boundary,False,1689,2065082011,9.992007221626409e-16,0,0
500,500,1.3686041273053284e-05,9.190796299718418e-05,-0.0009923966200631185,-0.0010050520899085313,-7.82219217241309e-05,1.2655469845412881e-05,0.0006396845772968739,-0.12228201913929927,0.019783922099374848,0.9026756717727006,0.9842157436805535,0.995,0.91,0.983,True,999,0.00011366698890924454,0.0008413749746978283,near_2x2_bal_strong_500,near_boundary,False,1690,2065082011,9.992007221626409e-16,0,0
500,500,0.0018404542336439844,0.0002159692233062449,0.0008343595734459086,-0.000846639278023531,0.0016244850103377395,0.0016809988514694396,0.002872463043003276,0.5655373057956822,0.5852116550512301,0.5717083572173378,0.5584054090000129,0.906,0.535,0.527,True,999,0.00011362496297806501,0.0008712909184396267,near_2x2_bal_strong_500,near_boundary,False,1691,2065082011,9.992007221626409e-16,0,0
500,500,0.0007558882514446807,0.002022578536663988,-0.00025019179719265594,0.0009849439879019428,-0.0012666902852193074,-0.0012351357850945988,0.00345487574008298,-0.3666384496910687,-0.35750512551427766,0.7138887237866738,0.720713689789414,0.924,0.698,0.707,True,999,0.00011504092253744602,0.000844458001665771,near_2x2_bal_strong_500,near_boundary,False,1692,2065082011,9.992007221626409e-16,0,0
500,500,0.001750510049688736,0.00018815551219181215,0.000744409658409495,-0.0008743766252052865,0.0015623545374969239,0.0016187862836147815,0.0027883338416188103,0.5603183213491663,0.5805568398778856,0.575262332741727,0.5615391679712856,0.931,0.581,0.569,True,999,0.0001152500044554472,0.0008706670487299562,near_2x2_bal_strong_500,near_boundary,False,1693,2065082011,9.992007221626409e-16,0,0
500,500,0.0039105229089263505,0.0007273790494282117,0.0029043957979979496,-0.0003261197304595953,0.0031831438594981387,0.003230515528457545,0.004326156619918937,0.735790249673805,0.7467403083797919,0.46185835590594015,0.4552203333777757,0.839,0.459,0.453,True,999,0.00011637492571026087,0.0008789170533418655,near_2x2_bal_strong_500,near_boundary,False,1694,2065082011,9.992007221626409e-16,0,0
500,500,0.0015654282681041298,0.0009975072309284516,0.0005593606273350815,-7.924033846506973e-05,0.0005679210371756782,0.0006386009658001512,0.003273963833762648,0.17346588600613438,0.19505437391048708,0.8622852403799466,0.8453503807919007,0.962,0.881,0.849,True,999,0.00011591706424951553,0.0008431250462308526,near_2x2_bal_strong_500,near_boundary,False,1695,2065082011,9.992007221626409e-16,0,0
500,500,0.000517389956766312,0.0012716648799428465,-0.0004886650077651211,0.00023010466520645423,-0.0007542749231765344,-0.0007187696729715753,0.002755526538275214,-0.27373168528751063,-0.26084657976891773,0.7842908260734567,0.7942108220628052,0.933,0.766,0.77,True,999,0.00011516595259308815,0.0009510000236332417,near_2x2_bal_strong_500,near_boundary,False,1696,2065082011,9.992007221626409e-16,0,0
500,500,0.003546708067230897,0.0015388937150197513,0.0025405888421801137,0.0004919531824896239,0.002007814352211146,0.0020486356596904898,0.004576240794611514,0.4387475315056259,0.44766780238110315,0.6608444821437421,0.6543929620371874,0.899,0.676,0.671,True,999,0.0001140419626608491,0.0008493330096825957,near_2x2_bal_strong_500,near_boundary,False,1697,2065082011,9.992007221626409e-16,0,0
500,500,0.004991005180284613,0.003180247155229299,0.003984861050867039,0.0021456267063229006,0.0018107580250553146,0.0018392343445441384,0.005841348560384865,0.30998972349220855,0.3148646798818932,0.7565687711666034,0.7528643999422417,0.921,0.749,0.747,True,999,0.00011149991769343615,0.0008385410765185952,near_2x2_bal_strong_500,near_boundary,False,1698,2065082011,9.992007221626409e-16,0,0
500,500,0.0014859214505188456,0.00048013273034630544,0.00047983342500401704,-0.0005826110643170068,0.0010057887201725402,0.0010624444893210239,0.0028266985308342597,0.3558174701692352,0.37586055878674074,0.7219772649081007,0.7070205636536486,0.947,0.717,0.704,True,999,0.00011250004172325134,0.0008673749398440123,near_2x2_bal_strong_500,near_boundary,False,1699,2065082011,9.992007221626409e-16,0,0
500,500,0.004837078087511215,0.0014059218120608397,0.003830870556839727,0.0003589219083153239,0.0034311562754503755,0.0034719486485244033,0.005043120083315394,0.6803637864586999,0.6884525038400259,0.4962741449750824,0.4911678702670894,0.829,0.489,0.482,True,999,0.0001153330085799098,0.0008487500017508864,near_2x2_bal_strong_500,near_boundary,False,1700,2065082011,9.992007221626409e-16,0,0
500,500,5.650043555238682e-08,0.004909049944207211,-0.0010059838888878403,0.002908720065789794,-0.004908993443771659,-0.003914703954677634,0.0034803308231303866,-1.4104962123561173,-1.1248080006246504,0.15839321405801776,0.2606704034279217,0.674,0.147,0.285,True,999,0.0001157920341938734,0.0008814589818939567,near_2x2_bal_strong_500,near_boundary,False,1701,2065082011,9.992007221626409e-16,0,0
500,500,0.00113925594262132,0.011549157341181782,0.00013312179726199247,0.0105084975119496,-0.010409901398560462,-0.010375375714687607,0.008005849649036126,-1.3002868970707906,-1.2959743399548806,0.19350265721305937,0.19498432546980438,0.55,0.197,0.197,True,999,0.0001365839270874858,0.0008405419066548347,near_2x2_bal_strong_500,near_boundary,False,1702,2065082011,9.992007221626409e-16,0,0
500,500,0.007367734361494627,0.000388529963134987,0.006361506767689207,-0.0006648370215600607,0.00697920439835964,0.0070263437892492675,0.005557597724028524,1.2557951735485884,1.2642771460177036,0.20919024195795355,0.2061305694940141,0.664,0.202,0.202,True,999,0.00012104201596230268,0.0008478749077767134,near_2x2_bal_strong_500,near_boundary,False,1703,2065082011,9.992007221626409e-16,0,0
500,500,0.0002880276543721916,0.00026873948943439974,-0.0007180114159837103,-0.0007845447926513316,1.928816493779184e-05,6.653337666762127e-05,0.001508488966828525,0.012786414327141971,0.04410597500590427,0.9897981954073405,0.9648199300553953,0.999,0.984,0.963,True,999,0.00011791603174060583,0.0008832919411361217,near_2x2_bal_strong_500,near_boundary,False,1704,2065082011,9.992007221626409e-16,0,0
500,500,0.004990033582577436,0.004620280673547639,0.0039838857298946095,0.0035818707592056853,0.00036975290902979685,0.0004020149706889242,0.006432552287978276,0.057481524047744446,0.06249696118914501,0.9541616234453885,0.9501670818310349,0.981,0.957,0.95,True,999,0.00017704209312796593,0.0008810829604044557,near_2x2_bal_strong_500,near_boundary,False,1705,2065082011,9.992007221626409e-16,0,0
500,500,0.008087937403778,0.016417282717059667,0.0070816210380826305,0.015388850056609726,-0.008329345313281666,-0.008307229018527096,0.010655542258053935,-0.7816913594412311,-0.7796157921712639,0.434395980871108,0.43561705764859193,0.676,0.452,0.456,True,999,0.00011374999303370714,0.0008505829609930515,near_2x2_bal_strong_500,near_boundary,False,1706,2065082011,9.992007221626409e-16,0,0
500,500,0.002671304505782901,0.00011796901357913336,0.0016650900568038196,-0.000944516234085313,0.0025533354922037677,0.0026096062908891327,0.0033374610088919726,0.7650532801434788,0.7819136415186209,0.4442398185309777,0.43426532743837754,0.861,0.446,0.442,True,999,0.00012054096441715956,0.0008635000558570027,near_2x2_bal_strong_500,near_boundary,False,1707,2065082011,9.992007221626409e-16,0,0
500,500,0.0004885646439087843,0.0008826041905575233,-0.0005174907973355403,-0.0001590373631188413,-0.00039403954664873897,-0.00035845343421669895,0.002393389157214109,-0.1646366389941361,-0.14976813659251997,0.8692299909618924,0.8809475490827214,0.983,0.876,0.893,True,999,0.00011666608043015003,0.000853459001518786,near_2x2_bal_strong_500,near_boundary,False,1708,2065082011,9.992007221626409e-16,0,0
500,500,0.00017589209058144206,0.0007326224194089126,-0.0008301909630290538,-0.00033028439617055483,-0.0005567303288274705,-0.000499906566858499,0.0019726735201547672,-0.2822212206629062,-0.25341576381036357,0.7777738876746905,0.7999469473835426,0.966,0.786,0.807,True,999,0.00011920800898224115,0.0008765830425545573,near_2x2_bal_strong_500,near_boundary,False,1709,2065082011,9.992007221626409e-16,0,0
500,500,0.0008889344437827962,0.001140833238951311,-0.00011716366844893855,7.770447717803108e-05,-0.00025189879516851477,-0.00019486814562696964,0.002937379836248615,-0.08575628935010994,-0.06634080591900554,0.9316601544613659,0.9471064963374449,0.986,0.942,0.949,True,999,0.0001680420245975256,0.0008762079523876309,near_2x2_bal_strong_500,near_boundary,False,1710,2065082011,9.992007221626409e-16,0,0
500,500,0.005625008112325913,0.0022576922278563782,0.0046188164154159495,0.0011940027923742491,0.003367315884469535,0.0034248136230417003,0.005736709337066723,0.5869769037647113,0.5969996773085362,0.5572192185084005,0.5505075960513914,0.889,0.567,0.561,True,999,0.0001105000264942646,0.0008549580816179514,near_2x2_bal_strong_500,near_boundary,False,1711,2065082011,9.992007221626409e-16,0,0
500,500,0.005409824392583307,0.0034226415428774692,0.004403662888762483,0.002380331830408977,0.0019871828497058375,0.002023331058353506,0.006105665594123126,0.3254653926049531,0.33138582963027297,0.7448288707597714,0.7403530671133174,0.906,0.74,0.739,True,999,0.0001117499778047204,0.0008884590351954103,near_2x2_bal_strong_500,near_boundary,False,1712,2065082011,9.992007221626409e-16,0,0
500,500,0.005625008112325913,0.005379372844783681,0.0046188164154159495,0.004340743952354842,0.0002456352675422324,0.00027807246306110756,0.006911512121312607,0.03554001833908125,0.040233230902342265,0.9716491364979465,0.9679071846408269,0.966,0.966,0.966,True,999,0.00012679107021540403,0.0009148749522864819,near_2x2_bal_strong_500,near_boundary,False,1713,2065082011,9.992007221626409e-16,0,0
500,500,0.005406087879810895,0.0009717429961952906,0.004399935045114489,-6.554059410746049e-05,0.004434344883615604,0.00446547563922195,0.005065437381963494,0.8754120422858209,0.8815577614525789,0.3813497497952405,0.3780160051318776,0.764,0.376,0.371,True,999,0.0001175830839201808,0.000821333029307425,near_2x2_bal_strong_500,near_boundary,False,1714,2065082011,9.992007221626409e-16,0,0
500,500,0.0028832508213271213,0.0024337533224864094,0.0018771423070802484,0.0013794769867558898,0.0004494974988407119,0.0004976653203243586,0.004767009324134568,0.09429339618972035,0.10439780719638257,0.9248760956207386,0.9168536627786602,0.974,0.924,0.917,True,999,0.0001111660385504365,0.0008481669938191772,near_2x2_bal_strong_500,near_boundary,False,1715,2065082011,9.992007221626409e-16,0,0
500,500,7.555412819060248e-05,0.0005680598815501758,-0.0009304863563670551,-0.0004784566064301998,-0.0004925057533595734,-0.0004520297499368553,0.0016472541217712885,-0.2989858983202805,-0.27441409553177426,0.7649508052160028,0.7837664119611041,0.958,0.755,0.796,True,999,0.0001217500539496541,0.0008546250173822045,near_2x2_bal_strong_500,near_boundary,False,1716,2065082011,9.992007221626409e-16,0,0
500,500,0.012759346912431191,0.0004725370971650489,0.011753021733227342,-0.000624216846915715,0.012286809815266142,0.012377238580143057,0.007220416187052993,1.7016761218415297,1.7142001595886978,0.08881609898655826,0.08649197160866796,0.473,0.108,0.102,True,999,0.00011616700794547796,0.0008493340574204922,near_2x2_bal_strong_500,near_boundary,False,1717,2065082011,9.992007221626409e-16,0,0
500,500,0.004604195015959545,0.0022406436388916484,0.003598059770126838,0.0011769806461359167,0.002363551377067896,0.0024210791239909213,0.005364464647336306,0.4405940820658598,0.4513179381642666,0.6595068878996588,0.6517604181085468,0.895,0.657,0.65,True,999,0.00011641602031886578,0.000929167028516531,near_2x2_bal_strong_500,near_boundary,False,1718,2065082011,9.992007221626409e-16,0,0
500,500,0.0007954997464323377,0.003277517130779173,-0.0002105608223246236,0.0022352122000768304,-0.002482017384346835,-0.002445773022401454,0.004267856461288275,-0.5815606515495662,-0.5730682473944272,0.5608626535998382,0.5665984854741527,0.852,0.57,0.57,True,999,0.00011674989946186543,0.0008555840468034148,near_2x2_bal_strong_500,near_boundary,False,1719,2065082011,9.992007221626409e-16,0,0
500,500,0.002368011213733645,0.003508238597115132,0.0013618589468364917,0.0024604864606772026,-0.0011402273833814869,-0.0010986275138407109,0.00508526219900544,-0.224221945449438,-0.21604146862979398,0.8225846081688228,0.8289554234545692,0.946,0.819,0.825,True,999,0.00011037499643862247,0.0008529170881956816,near_2x2_bal_strong_500,near_boundary,False,1720,2065082011,9.992007221626409e-16,0,0
500,500,0.0026543956591127404,1.512399121988972e-05,0.0016482892869476018,-0.001082108640957813,0.0026392716678928507,0.0027303979279054147,0.003263421890167873,0.8087436306793556,0.8366671609734655,0.418662626026694,0.4027796828503617,0.886,0.411,0.406,True,999,0.00012629199773073196,0.0009300000965595245,near_2x2_bal_strong_500,near_boundary,False,1721,2065082011,9.992007221626409e-16,0,0
500,500,0.0026110276476212224,0.0050846919259054935,0.001604884045605104,0.004046171330145398,-0.002473664278284271,-0.0024412872845402944,0.005856366320032576,-0.42238892567610276,-0.41686041328895473,0.6727411598156268,0.676780510422021,0.862,0.657,0.667,True,999,0.00011362507939338684,0.0008416669443249702,near_2x2_bal_strong_500,near_boundary,False,1722,2065082011,9.992007221626409e-16,0,0
500,500,0.003208583418794264,0.011223868062738729,0.0022024673435794284,0.010192593157597685,-0.008015284643944465,-0.007990125814018256,0.008218594156144277,-0.9752622518721383,-0.9722010434162616,0.32943018984228833,0.33095054159527526,0.616,0.333,0.334,True,999,0.00010974996257573366,0.0008383749518543482,near_2x2_bal_strong_500,near_boundary,False,1723,2065082011,9.992007221626409e-16,0,0
500,500,0.000816767311619726,0.010538640730816728,-0.0001893416518896629,0.009511539880634245,-0.009721873419197002,-0.009700881532523908,0.0072879056904810065,-1.3339735490670643,-1.3310931760813776,0.18221252541174326,0.18315835404887704,0.546,0.172,0.173,True,999,0.000116499955765903,0.0008399579674005508,near_2x2_bal_strong_500,near_boundary,False,1724,2065082011,9.992007221626409e-16,0,0
500,500,0.01699514699936011,0.0010100043608749498,0.0159887277087023,-5.315718314591322e-05,0.01598514263848516,0.016041884891848213,0.008443027371120128,1.893295134060951,1.9000157392264798,0.058318631904881964,0.057431054178548255,0.433,0.053,0.052,True,999,0.00011462508700788021,0.0008387500420212746,near_2x2_bal_strong_500,near_boundary,False,1725,2065082011,9.992007221626409e-16,0,0
500,500,0.0050640588859900415,1.456772970215292e-05,0.004057869061682595,-0.0010826591927184381,0.005049491156287889,0.005140528254401033,0.004495643924922395,1.1231964187143788,1.1434464873660497,0.26135408325621123,0.2528532606803835,0.76,0.252,0.236,True,999,0.00011812499724328518,0.0008544579613953829,near_2x2_bal_strong_500,near_boundary,False,1726,2065082011,9.992007221626409e-16,0,0
500,500,0.0036704718414082294,0.0027490145163681645,0.0026643179811003392,0.0016946434362239415,0.0009214573250400648,0.0009696745448763977,0.005237429059050929,0.17593695583287605,0.18514323228888024,0.8603434716143078,0.8531166932570022,0.95,0.865,0.853,True,999,0.00015924999024719,0.0008809169521555305,near_2x2_bal_strong_500,near_boundary,False,1727,2065082011,9.992007221626409e-16,0,0
500,500,0.00921712422830423,0.0020739140943668577,0.008210867012223844,0.0010103378139092456,0.007143210133937372,0.007200529198314598,0.0067925031145899505,1.0516314845103452,1.060070062073027,0.2929686568951767,0.28911272652338815,0.661,0.285,0.284,True,999,0.00011420808732509613,0.0008847919525578618,near_2x2_bal_strong_500,near_boundary,False,1728,2065082011,9.992007221626409e-16,0,0
500,500,0.00324896196291935,0.006812710642304154,0.0022428458806871276,0.005776988376624104,-0.003563748679384804,-0.003534142495936976,0.006733574285115251,-0.5292506666574641,-0.5248538660588172,0.5966315732861973,0.5996847822586401,0.846,0.607,0.61,True,999,0.00011879205703735352,0.0008574590319767594,near_2x2_bal_strong_500,near_boundary,False,1729,2065082011,9.992007221626409e-16,0,0
500,500,1.6382342353349344e-05,0.0009682340802146805,-0.0009897305045001303,-0.00012838081045174476,-0.0009518517378613311,-0.0008613496940483856,0.0018778964136085135,-0.5068712688109773,-0.4586779589153376,0.6122451461830836,0.646465444244182,0.95,0.636,0.673,True,999,0.00010891701094806194,0.0008424590341746807,near_2x2_bal_strong_500,near_boundary,False,1730,2065082011,9.992007221626409e-16,0,0
500,500,0.003975258141641014,0.005646576337859643,0.0029691170232695185,0.004611366955941776,-0.0016713181962186296,-0.0016422499326722573,0.00650060263435618,-0.2571020396456147,-0.25263041367777833,0.7971000030533195,0.8005538254723313,0.927,0.809,0.811,True,999,0.00011258304584771395,0.0008458750089630485,near_2x2_bal_strong_500,near_boundary,False,1731,2065082011,9.992007221626409e-16,0,0
500,500,2.3015503064716114e-05,0.0022210890624839164,-0.0009831734994918406,0.0011669434923362587,-0.0021980735594192002,-0.0021501169918280993,0.0032043507550254826,-0.6859653413322163,-0.6709992620052609,0.49273496429290076,0.5022209996635051,0.877,0.482,0.489,True,999,0.00011420901864767075,0.0008716670563444495,near_2x2_bal_strong_500,near_boundary,False,1732,2065082011,9.992007221626409e-16,0,0
500,500,0.00157134131570702,0.005807066046775611,0.0005652611703794719,0.004763998275336689,-0.004235724731068591,-0.0041987371049572175,0.005858285201315463,-0.7230314990669061,-0.716717769905501,0.46966053230098304,0.4735482590235821,0.786,0.466,0.47,True,999,0.00012083293404430151,0.0008843339746817946,near_2x2_bal_strong_500,near_boundary,False,1733,2065082011,9.992007221626409e-16,0,0
500,500,0.0011979753808567528,0.0044329261944878184,0.00019189541865216597,0.0033945356968558826,-0.0032349508136310656,-0.0032026402782037167,0.005035318934349904,-0.6424520185926854,-0.6360352382757658,0.5205797337143667,0.5247534544811178,0.831,0.492,0.492,True,999,0.0001217919634655118,0.0008293749997392297,near_2x2_bal_strong_500,near_boundary,False,1734,2065082011,9.992007221626409e-16,0,0
500,500,0.0013737801492600399,0.002002687489687738,0.0003677001968753757,0.0009555428138696698,-0.0006289073404276979,-0.0005878426169942941,0.003805127011352277,-0.16527893511869793,-0.15448698959075874,0.868724438130856,0.8772257688741609,0.966,0.884,0.884,True,999,0.00011712498962879181,0.0008939170511439443,near_2x2_bal_strong_500,near_boundary,False,1735,2065082011,9.992007221626409e-16,0,0
500,500,0.00021469873082002877,0.005576907435809908,-0.0007914188246331832,0.0045445943805759725,-0.005362208704989879,-0.005336013205209156,0.005160665477112334,-1.0390537283944083,-1.0339777357928919,0.29877974911251437,0.30114657173033177,0.694,0.308,0.308,True,999,0.00012262503150850534,0.0008643330074846745,near_2x2_bal_strong_500,near_boundary,False,1736,2065082011,9.992007221626409e-16,0,0
500,500,0.0018442924370996039,0.0020321336851292227,0.0008382065199157296,0.0009902488402531162,-0.00018784124802961877,-0.00015204232033738663,0.004049456922695468,-0.04638677521838773,-0.037546348372112494,0.9630019770140208,0.9700493855226623,0.993,0.959,0.964,True,999,0.00011741695925593376,0.0008979170816019177,near_2x2_bal_strong_500,near_boundary,False,1737,2065082011,9.992007221626409e-16,0,0
500,500,0.0018426549467476239,0.003700691725783023,0.0008365415525872777,0.0026528842095956406,-0.001858036779035399,-0.001816342657008363,0.004974611307038107,-0.3735039110305238,-0.3651225281538261,0.7087734350247863,0.7150199450665782,0.905,0.671,0.675,True,999,0.00012124993372708559,0.0009501250460743904,near_2x2_bal_strong_500,near_boundary,False,1738,2065082011,9.992007221626409e-16,0,0
500,500,0.0025000518007463057,0.005461417131511048,0.0014939146765868827,0.004422708412363363,-0.0029613653307647425,-0.0029287937357764804,0.0059812599920553095,-0.4951072741693584,-0.4896616665496385,0.6205243993613092,0.6243733317968512,0.792,0.594,0.598,True,999,0.00011791603174060583,0.0008431250462308526,near_2x2_bal_strong_500,near_boundary,False,1739,2065082011,9.992007221626409e-16,0,0
500,500,0.0008219117306030865,0.00011397157092873922,-0.00018415030956475675,-0.0009391455056118048,0.0007079401596743473,0.000754995196047048,0.0019375224878011798,0.36538422863817266,0.3896704171438357,0.7148246123604469,0.6967802743995894,0.956,0.722,0.71,True,999,0.00011541706044226885,0.0008520419942215085,near_2x2_bal_strong_500,near_boundary,False,1740,2065082011,9.992007221626409e-16,0,0
500,500,0.005840366203974101,0.0016640066910511564,0.00483420545589297,0.0006100528549666251,0.004176359512922945,0.004224152600926345,0.005540676549951668,0.7537634574534721,0.7623893152476466,0.45099127015361873,0.44582768137559126,0.794,0.419,0.414,True,999,0.0001212080242112279,0.0008748749969527125,near_2x2_bal_strong_500,near_boundary,False,1741,2065082011,9.992007221626409e-16,0,0
500,500,0.013877852899030874,0.001586111001702084,0.012871482801870116,0.000551997393529291,0.01229174189732879,0.012319485408340825,0.007849984105817026,1.565830163684066,1.5693643760643783,0.11738838261753011,0.11656305984195409,0.499,0.125,0.125,True,999,0.0001264170277863741,0.0008558330591768026,near_2x2_bal_strong_500,near_boundary,False,1742,2065082011,9.992007221626409e-16,0,0
500,500,0.006942923173414606,0.001895849906571101,0.005936693533669768,0.0008540002793608892,0.005047073266843505,0.005082693254308879,0.005997197751541126,0.8415719267463768,0.847511365287689,0.4000276086405252,0.39671015491946204,0.755,0.398,0.394,True,999,0.00012495904229581356,0.0008791249711066484,near_2x2_bal_strong_500,near_boundary,False,1743,2065082011,9.992007221626409e-16,0,0
500,500,5.870993938894564e-06,0.0019513219735181608,-0.0010001745050658428,0.0009095265209850822,-0.0019454509795792663,-0.001909701026050925,0.002946615780498372,-0.6602323222643656,-0.6480997755764174,0.5091047531625416,0.5169204191502023,0.88,0.528,0.536,True,999,0.00011687492951750755,0.0008409579750150442,near_2x2_bal_strong_500,near_boundary,False,1744,2065082011,9.992007221626409e-16,0,0
500,500,0.0020758856160961736,0.003900418512543913,0.0010697997508373192,0.002862231944533278,-0.0018245328964477392,-0.0017924321936959586,0.005119355591002203,-0.35639893811137957,-0.3501284803982641,0.7215418245008549,0.7262422777585216,0.909,0.747,0.75,True,999,0.00011250004172325134,0.0008917080704122782,near_2x2_bal_strong_500,near_boundary,False,1745,2065082011,9.992007221626409e-16,0,0
500,500,0.0018875041673507287,0.025151885032204446,0.0008813893708747855,0.024118465757396734,-0.023264380864853718,-0.02323707638652195,0.011919414791327377,-1.9518056273854143,-1.9495148707660848,0.050961285926299546,0.05123396866782596,0.198,0.051,0.051,True,999,0.00011862500105053186,0.0009158749599009752,near_2x2_bal_strong_500,near_boundary,False,1746,2065082011,9.992007221626409e-16,0,0
500,500,9.624285222620266e-05,0.000299271234831866,-0.0009098307076556011,-0.0008362686164957722,-0.00020302838260566336,-7.356209115982892e-05,0.0012216320229251443,-0.16619438488483693,-0.06021624333626072,0.8680039782112136,0.9519834088786848,0.987,0.849,0.958,True,999,0.00011045800056308508,0.0008268329547718167,near_2x2_bal_strong_500,near_boundary,False,1747,2065082011,9.992007221626409e-16,0,0
500,500,0.005105669134026103,0.003657092188157962,0.004099504858857017,0.002618992522542385,0.0014485769458681408,0.0014805123363146322,0.006086086205294305,0.23801452970022333,0.24326180838955747,0.8118698249300005,0.80780258833457,0.93,0.837,0.832,True,999,0.00010783399920910597,0.0008456249488517642,near_2x2_bal_strong_500,near_boundary,False,1748,2065082011,9.992007221626409e-16,0,0
500,500,0.0007156732410493749,0.0014913621434025082,-0.0002904070549334392,0.00042807518985910065,-0.0007756889023531333,-0.0007184822447925399,0.0030994182920885314,-0.25026918900657263,-0.23181196504728419,0.8023791820287944,0.8166840634060004,0.967,0.796,0.813,True,999,0.00011512497439980507,0.0008640829473733902,near_2x2_bal_strong_500,near_boundary,False,1749,2065082011,9.992007221626409e-16,0,0
500,500,0.0032632084538087858,0.006502301927594878,0.002257078301738602,0.005466862354126079,-0.003239093473786092,-0.0032097840523874765,0.006620247223534688,-0.4892707725885609,-0.4848435328784755,0.6246500103505508,0.6277873399403507,0.854,0.64,0.641,True,999,0.00011350004933774471,0.0008489589672535658,near_2x2_bal_strong_500,near_boundary,False,1750,2065082011,9.992007221626409e-16,0,0
500,500,0.0033355719546921403,0.004158008699352622,0.002329407490435642,0.00310287583107538,-0.0008224367446604819,-0.000773468340639738,0.005780720606653715,-0.14227235679126962,-0.13380137067158407,0.8868648804750604,0.8935596433041364,0.955,0.879,0.89,True,999,0.0001157090300694108,0.0008596249390393496,near_2x2_bal_strong_500,near_boundary,False,1751,2065082011,9.992007221626409e-16,0,0
500,500,3.411837199385204e-05,0.001772953381807274,-0.0009719241450625304,0.0007093654358243384,-0.001738835009813422,-0.0016812895808868689,0.0028716066549021955,-0.6055268770341546,-0.5854874232223606,0.54482897193185,0.5582200207718462,0.882,0.543,0.575,True,999,0.00011879194062203169,0.0008872920880094171,near_2x2_bal_strong_500,near_boundary,False,1752,2065082011,9.992007221626409e-16,0,0
500,500,0.001292520657417917,0.0014913621434025082,0.00028642543702517287,0.00042807518985910065,-0.00019884148598459106,-0.00014164975283392778,0.0034510590620925713,-0.057617526216436954,-0.04104529951105432,0.9540532889625368,0.9672597824826681,0.988,0.959,0.966,True,999,0.00011345802340656519,0.0008910419419407845,near_2x2_bal_strong_500,near_boundary,False,1753,2065082011,9.992007221626409e-16,0,0
500,500,0.0013615986847896888,0.0019366062460565714,0.0003555321679868939,0.0008948269681070542,-0.0005750075612668826,-0.0005392948001201603,0.003745613271526611,-0.15351493055569107,-0.14398037411383857,0.8779922169846622,0.8855159673341648,0.966,0.886,0.89,True,999,0.00011545803863555193,0.0009203749941661954,near_2x2_bal_strong_500,near_boundary,False,1754,2065082011,9.992007221626409e-16,0,0
500,500,0.008198183274683135,0.0036527887318638097,0.007191969185214475,0.002614693140117197,0.004545394542819325,0.004577276045097278,0.007016283679201262,0.6478350577946951,0.6523789878487863,0.5170916379112022,0.5141567159368967,0.789,0.514,0.508,True,999,0.00011141598224639893,0.0008460839744657278,near_2x2_bal_strong_500,near_boundary,False,1755,2065082011,9.992007221626409e-16,0,0
500,500,0.0060933698882562615,0.0044237729209381516,0.00508717932655145,0.0033810467391219845,0.00166959696731811,0.0017061325874294653,0.006709883249654519,0.24882653023867066,0.2542715758157657,0.8034949682378515,0.799285757512606,0.927,0.805,0.801,True,999,0.00011500006075948477,0.0008549580816179514,near_2x2_bal_strong_500,near_boundary,False,1756,2065082011,9.992007221626409e-16,0,0
500,500,0.0017830372572390507,0.0032390256361597425,0.0007769611823391642,0.002201048805886785,-0.0014559883789206918,-0.0014240876235476208,0.004669687872662564,-0.3117956528624505,-0.30496419940282515,0.7551958279913316,0.7603934190197635,0.922,0.757,0.76,True,999,0.00011512497439980507,0.0008570420322939754,near_2x2_bal_strong_500,near_boundary,False,1757,2065082011,9.992007221626409e-16,0,0
500,500,0.0054643415510644555,0.00028798826065346006,0.004458180746723883,-0.0007746234410888064,0.0051763532904109955,0.00523280418781269,0.004790569166259112,1.0805299142467317,1.0923136700892084,0.279906273178532,0.27469525379919535,0.757,0.28,0.276,True,999,0.00011541694402694702,0.000849916017614305,near_2x2_bal_strong_500,near_boundary,False,1758,2065082011,9.992007221626409e-16,0,0
500,500,1.3816232634633607e-05,0.00510913739735086,-0.0009922438958938073,0.004070242144649683,-0.005095321164716227,-0.00506248604054349,0.004899034837125501,-1.0400663261471919,-1.0333639602191305,0.2983090869940911,0.3014336056178326,0.673,0.303,0.305,True,999,0.00011916598305106163,0.0008567500626668334,near_2x2_bal_strong_500,near_boundary,False,1759,2065082011,9.992007221626409e-16,0,0
500,500,0.009125854563806768,0.0010480596736436865,0.008119595978655525,1.1120219483018445e-06,0.008077794890163081,0.008118483956707223,0.006381339148640203,1.2658463532508495,1.2722226115246025,0.20556809605269366,0.2032940358472044,0.67,0.223,0.219,True,999,0.00011550006456673145,0.0008755410090088844,near_2x2_bal_strong_500,near_boundary,False,1760,2065082011,9.992007221626409e-16,0,0
500,500,0.0005070747121754815,3.229005633420545e-05,-0.0004990572676888405,-0.0010300657761206367,0.00047478465584127605,0.0005310085084317961,0.001469114702428379,0.3231773904763725,0.3614479574359058,0.7465609027386244,0.717764602826537,0.976,0.781,0.759,True,999,0.00011512497439980507,0.0008615420665591955,near_2x2_bal_strong_500,near_boundary,False,1761,2065082011,9.992007221626409e-16,0,0
500,500,0.004220836796414051,0.0017711554069707036,0.0032147058004738938,0.0007077269105764117,0.002449681389443348,0.002506978889897482,0.00499197108411854,0.4907242746731378,0.5022022058327194,0.6236214751351746,0.6155252914663083,0.899,0.639,0.639,True,999,0.0001152500044554472,0.000863624969497323,near_2x2_bal_strong_500,near_boundary,False,1762,2065082011,9.992007221626409e-16,0,0
500,500,0.006174674278766057,0.001369519005542219,0.005168400206855495,0.0003062854311792762,0.004805155273223838,0.004862114775676218,0.005540257187443796,0.8673162834595545,0.8775973048138467,0.3857687371326092,0.3801622924323782,0.778,0.386,0.377,True,999,0.00012587499804794788,0.0009194579906761646,near_2x2_bal_strong_500,near_boundary,False,1763,2065082011,9.992007221626409e-16,0,0
500,500,0.0024873163435937817,0.0007190892516388825,0.001481161814922416,-0.0003347055811673272,0.0017682270919548992,0.0018158673960897431,0.0036078310195894712,0.49010806835296367,0.5033127622192148,0.624057429019344,0.6147443950723142,0.904,0.643,0.62,True,999,0.00011366698890924454,0.0008510840125381947,near_2x2_bal_strong_500,near_boundary,False,1764,2065082011,9.992007221626409e-16,0,0
500,500,0.012147380691140852,0.0015720201267151457,0.011141012276368656,0.0005086041635706806,0.010575360564425706,0.010632408112797975,0.007425087472282982,1.424274206048392,1.4319572870336628,0.1543671112145987,0.1521560456660137,0.581,0.152,0.15,True,999,0.00011150003410875797,0.0008597919950261712,near_2x2_bal_strong_500,near_boundary,False,1765,2065082011,9.992007221626409e-16,0,0
500,500,0.00030362013241669317,0.013949589740077761,-0.000702462875551646,0.012921749543636452,-0.013645969607661068,-0.013624212419188098,0.008314111275516796,-1.641302257746466,-1.6386853588679244,0.10073468767571873,0.10127880481072447,0.398,0.094,0.095,True,999,0.00011891697067767382,0.0008582909358665347,near_2x2_bal_strong_500,near_boundary,False,1766,2065082011,9.992007221626409e-16,0,0
500,500,2.7280454886091654e-05,0.007178483509314548,-0.0009787759597088552,0.006142616301815451,-0.007151203054428457,-0.007121392261524306,0.005865337035279195,-1.219231394788561,-1.214148857719533,0.22275637923538938,0.2246908858078539,0.624,0.235,0.236,True,999,0.00011429202277213335,0.0008431659080088139,near_2x2_bal_strong_500,near_boundary,False,1767,2065082011,9.992007221626409e-16,0,0
500,500,0.0028305662473657733,0.0036916606478977765,0.0018244010677790357,0.002653528163222063,-0.0008610944005320031,-0.0008291270954430274,0.005309198302851973,-0.1621891576491773,-0.15616804047376426,0.8711568976985868,0.8759005676205259,0.958,0.87,0.874,True,999,0.00011366605758666992,0.0008620830485597253,near_2x2_bal_strong_500,near_boundary,False,1768,2065082011,9.992007221626409e-16,0,0
500,500,0.000494892907424882,0.00168452364545435,-0.0005111595453399786,0.0006375198219643607,-0.001189630738029468,-0.0011486793673043394,0.0030765879751695337,-0.38667210157184406,-0.37336145644950786,0.6989989723630973,0.7088794421044515,0.931,0.692,0.692,True,999,0.00012612505815923214,0.000851999968290329,near_2x2_bal_strong_500,near_boundary,False,1769,2065082011,9.992007221626409e-16,0,0
500,500,0.001847788697769026,9.293920540859313e-05,0.0008416956699761613,-0.0009830630709188881,0.001754849492360433,0.0018247587408950494,0.0027858992675075084,0.629904143637779,0.654998104984473,0.5287573016792566,0.512468974148216,0.911,0.537,0.523,True,999,0.00012504204642027617,0.0008438749937340617,near_2x2_bal_strong_500,near_boundary,False,1770,2065082011,9.992007221626409e-16,0,0
500,500,0.004588923409234447,0.0007173977717777613,0.003582771893604786,-0.00032926067171956674,0.0038715256374566853,0.003912032565324353,0.004619486032603908,0.8380857978856983,0.8468545066948111,0.40198251862915224,0.3970762224926445,0.778,0.37,0.367,True,999,0.00011370901484042406,0.0009377920068800449,near_2x2_bal_strong_500,near_boundary,False,1771,2065082011,9.992007221626409e-16,0,0
500,500,0.002099506923080252,0.0018103229407782084,0.0010934123453694156,0.0007685692032453062,0.0002891839823020437,0.00032484314212410936,0.004047225135100829,0.07145240816825457,0.08026317570199033,0.9430377004725611,0.9360279452227556,0.984,0.936,0.929,True,999,0.00012633297592401505,0.0008365410612896085,near_2x2_bal_strong_500,near_boundary,False,1772,2065082011,9.992007221626409e-16,0,0
500,500,0.008365711181306246,0.003239992862917651,0.007359470395158496,0.0021923919737218966,0.005125718318388595,0.0051670784214365995,0.006944943949556832,0.7380503508189832,0.7440057772915963,0.4604838527118652,0.45687297996477605,0.793,0.472,0.471,True,999,0.00011683395132422447,0.0008477499941363931,near_2x2_bal_strong_500,near_boundary,False,1773,2065082011,9.992007221626409e-16,0,0
500,500,0.0004435692139725944,0.001756627016638701,-0.0005625049481068345,0.0007026797523224104,-0.0013130578026661066,-0.001265184700429245,0.0031132944265451533,-0.4217583121822554,-0.40638132058496956,0.6732014369201027,0.6844624424308003,0.949,0.698,0.711,True,999,0.0001235000090673566,0.0008096660021692514,near_2x2_bal_strong_500,near_boundary,False,1774,2065082011,9.992007221626409e-16,0,0
500,500,0.0017588307940136216,0.00550377259444812,0.0007527176346115994,0.004448202058085826,-0.003744941800434498,-0.003695484423474227,0.0058773779808754525,-0.6371789959094443,-0.628764125005922,0.5240082574945022,0.5295034898241293,0.824,0.502,0.509,True,999,0.00011145789176225662,0.0008321250788867474,near_2x2_bal_strong_500,near_boundary,False,1775,2065082011,9.992007221626409e-16,0,0
500,500,0.0015637894805493602,0.0016383132190896377,0.0005577164207011265,0.0005912473125135875,-7.45237385402775e-05,-3.353089181246105e-05,0.0036758996526683667,-0.02027360526182484,-0.009121819141096709,0.9838251114086463,0.9927219422726233,0.999,0.997,0.998,True,999,0.00011783395893871784,0.0008465420687571168,near_2x2_bal_strong_500,near_boundary,False,1776,2065082011,9.992007221626409e-16,0,0
500,500,0.0004297224545862788,0.0009810292136058774,-0.0005764663383160951,-8.208189015590506e-05,-0.0005513067590195986,-0.00049438444816019,0.0024588844069183785,-0.22421011637164728,-0.20106046740919484,0.8225938121207848,0.8406512931585022,0.97,0.82,0.841,True,999,0.00011795794125646353,0.0008661659667268395,near_2x2_bal_strong_500,near_boundary,False,1777,2065082011,9.992007221626409e-16,0,0
500,500,0.002918086734426506,0.004043473771759065,0.0019119320538152351,0.003008608173729499,-0.0011253870373325592,-0.0010966761199142638,0.005482672807812977,-0.20526248360632574,-0.2000258192229649,0.8373670536972414,0.8414603883369234,0.937,0.838,0.844,True,999,0.00011679204180836678,0.0008687080116942525,near_2x2_bal_strong_500,near_boundary,False,1778,2065082011,9.992007221626409e-16,0,0
500,500,0.003546708067230897,0.004723794625473121,0.0025405888421801137,0.003681106367025677,-0.001177086558242224,-0.0011405175248455635,0.006040803868333422,-0.19485594697299233,-0.18880227693275817,0.8455057222808093,0.8502477872049048,0.935,0.826,0.832,True,999,0.00011674989946186543,0.0008819580543786287,near_2x2_bal_strong_500,near_boundary,False,1779,2065082011,9.992007221626409e-16,0,0
500,500,0.00586354470787942,0.0011144751310692147,0.004857374233324663,6.0810019647306035e-05,0.004749069576810205,0.004796564213677357,0.0053115034409682085,0.8941102325530115,0.903052076871669,0.3712629149782214,0.3664982566618036,0.774,0.357,0.354,True,999,0.0001309579238295555,0.0008628750219941139,near_2x2_bal_strong_500,near_boundary,False,1780,2065082011,9.992007221626409e-16,0,0
500,500,0.002115610858642869,0.00023010718400895414,0.001109363584816947,-0.0008230872333001571,0.0018855036746339149,0.001932450818117104,0.003065408110435923,0.6150905871929017,0.630405723641899,0.5384948979681496,0.5284291669955465,0.889,0.53,0.523,True,999,0.00011966703459620476,0.0008442919934168458,near_2x2_bal_strong_500,near_boundary,False,1781,2065082011,9.992007221626409e-16,0,0
500,500,0.0006723743816383632,0.0003470494410963143,-0.0003336856998998883,-0.0007156061929265434,0.00032532494054204886,0.0003819204930266551,0.002038946119169898,0.15955543772510092,0.1873126952379417,0.8732312846903397,0.8514154697897757,0.991,0.868,0.849,True,999,0.00011537503451108932,0.0008758329786360264,near_2x2_bal_strong_500,near_boundary,False,1782,2065082011,9.992007221626409e-16,0,0
500,500,0.00635160685796643,0.0015739720829898163,0.005345421443507803,0.0005322655839563595,0.0047776347749766135,0.004813155859551443,0.005669828081469561,0.8426419119463495,0.8489068434512256,0.3994287433410054,0.3959331305702778,0.73,0.385,0.383,True,999,0.00011495791841298342,0.0008789590792730451,near_2x2_bal_strong_500,near_boundary,False,1783,2065082011,9.992007221626409e-16,0,0
500,500,0.002053779113079468,0.004254298276198498,0.0010477005181428467,0.003211753445583554,-0.00220051916311903,-0.002164052927440707,0.005304821792893127,-0.4148149078385756,-0.4079407399396319,0.678277405397248,0.6833171820087645,0.9,0.711,0.713,True,999,0.00011904200073331594,0.0008257080335170031,near_2x2_bal_strong_500,near_boundary,False,1784,2065082011,9.992007221626409e-16,0,0
500,500,0.004991005180284613,0.010230149068035654,0.003984861050867039,0.009196607870904927,-0.005239143887751041,-0.005211746820037888,0.008364668417022983,-0.6263420887179258,-0.6230667565293364,0.5310905854189293,0.5332406542639259,0.743,0.508,0.512,True,999,0.0001166659640148282,0.0008617499843239784,near_2x2_bal_strong_500,near_boundary,False,1785,2065082011,9.992007221626409e-16,0,0
500,500,0.010201583869358544,5.116472790250848e-05,0.009195241846782665,-0.00102481403482102,0.010150419141456035,0.010220055881603685,0.006369933029940083,1.5934891456074716,1.604421244865084,0.11105050142630636,0.10862123121367569,0.542,0.111,0.106,True,999,0.00011699995957314968,0.000849124975502491,near_2x2_bal_strong_500,near_boundary,False,1786,2065082011,9.992007221626409e-16,0,0
500,500,0.0020495320165764275,0.00038085547766808503,0.0010434542286930082,-0.0006954295436401026,0.0016686765389083424,0.0017388837723331108,0.003132445216969245,0.5327073335133529,0.5551202501206212,0.5942361888625189,0.5788124126409865,0.915,0.63,0.597,True,999,0.00011554092634469271,0.0008533750660717487,near_2x2_bal_strong_500,near_boundary,False,1787,2065082011,9.992007221626409e-16,0,0
500,500,0.0040472440734861115,0.0034226415428774692,0.003041059637212129,0.002380331830408977,0.0006246025306086422,0.0006607278068031519,0.005646596854592191,0.11061574727097324,0.11701345497435395,0.911921059605875,0.9068493912023194,0.95,0.889,0.884,True,999,0.00011475000064820051,0.0009255829500034451,near_2x2_bal_strong_500,near_boundary,False,1788,2065082011,9.992007221626409e-16,0,0
500,500,0.0005428547836566766,0.0005107507092116381,-0.00046324375045969646,-0.0005656182552513656,3.210407444503849e-05,0.0001023745047916691,0.0020934623064494465,0.015335396460750056,0.04890200529346921,0.9877646035073631,0.9609973907829743,1.0,0.99,0.973,True,999,0.00011958298273384571,0.0008328749099746346,near_2x2_bal_strong_500,near_boundary,False,1789,2065082011,9.992007221626409e-16,0,0
500,500,0.0010179903850336958,0.001005258231210615,1.1912717695850006e-05,-4.835708392647575e-05,1.2732153823080683e-05,6.026980162232576e-05,0.0029089562207628623,0.0043768805223688536,0.020718703565267216,0.9965077657568969,0.9834700489345674,1.0,0.998,0.986,True,999,0.00011904106941074133,0.0008502500131726265,near_2x2_bal_strong_500,near_boundary,False,1790,2065082011,9.992007221626409e-16,0,0
500,500,0.002533938918673706,0.0007714095777795471,0.0015277689320782883,-0.00032539301597012127,0.001762529340894159,0.0018531619480484096,0.0035921281457941623,0.49066438316177935,0.5158952779059904,0.6236638414238065,0.6059275523178773,0.9,0.631,0.607,True,999,0.00011675001587718725,0.0008713339921087027,near_2x2_bal_strong_500,near_boundary,False,1791,2065082011,9.992007221626409e-16,0,0
500,500,0.0,0.000299271234831866,-0.001006058372240659,-0.0008362686164957722,-0.000299271234831866,-0.00016978975574488686,0.0010523475576764063,-0.2843844057496174,-0.1613438017757026,0.7761158082842885,0.8718226263199824,0.973,0.776,0.861,True,999,0.00011324998922646046,0.0008504169527441263,near_2x2_bal_strong_500,near_boundary,False,1792,2065082011,9.992007221626409e-16,0,0
500,500,0.0067432795829726055,0.0035666204246582733,0.005737099322971062,0.002528466331710888,0.003176659158314332,0.003208632991260174,0.006562282690589806,0.48407837761539957,0.4889507420735311,0.6283302459398079,0.6248765704678749,0.844,0.618,0.611,True,999,0.00011583301238715649,0.000869082985445857,near_2x2_bal_strong_500,near_boundary,False,1793,2065082011,9.992007221626409e-16,0,0
500,500,0.001360710656578501,0.003654941859529859,0.000354639465172113,0.002612539883699583,-0.002294231202951358,-0.00225790041852747,0.004727240930443883,-0.48532140348004893,-0.4776359935425282,0.6274483751877147,0.6329093079261492,0.865,0.644,0.651,True,999,0.00013004208449274302,0.0008735411101952195,near_2x2_bal_strong_500,near_boundary,False,1794,2065082011,9.992007221626409e-16,0,0
500,500,0.011709555837888685,5.0423828976686735e-06,0.01070321899061355,-0.0010921459681867418,0.011704513454991017,0.011795364958800292,0.006807181239569163,1.7194361429594922,1.73278256354268,0.0855349858206554,0.083134323138848,0.505,0.065,0.064,True,999,0.0001194169744849205,0.0008150000358000398,near_2x2_bal_strong_500,near_boundary,False,1795,2065082011,9.992007221626409e-16,0,0
500,500,0.0006434263170586041,0.004392235197758165,-0.00036263343395148695,0.003357345483834706,-0.003748808880699561,-0.003719978917786193,0.004765432835000018,-0.7866670270045989,-0.7806172170688414,0.43147681098057233,0.43502766245650737,0.77,0.427,0.433,True,999,0.00012262503150850534,0.0009318749653175473,near_2x2_bal_strong_500,near_boundary,False,1796,2065082011,9.992007221626409e-16,0,0
500,500,9.200138760934173e-06,0.003905982401350261,-0.0009968388074526047,0.002871237227253687,-0.0038967822625893267,-0.0038680760347062915,0.004218396015905663,-0.923759231683399,-0.9169542214911844,0.3556116855022218,0.35916662922972564,0.759,0.347,0.35,True,999,0.00011812499724328518,0.0008163750171661377,near_2x2_bal_strong_500,near_boundary,False,1797,2065082011,9.992007221626409e-16,0,0
500,500,7.162391568438231e-05,0.0038988392209704514,-0.0009344111121549759,0.0028563376308454735,-0.003827215305286069,-0.0037907487430004494,0.004291760648021899,-0.8917587953209969,-0.8832619183335937,0.37252223172179344,0.3770947741243824,0.8,0.36,0.363,True,999,0.00011558295227587223,0.0008541250135749578,near_2x2_bal_strong_500,near_boundary,False,1798,2065082011,9.992007221626409e-16,0,0
500,500,0.0030353909929434764,0.0001350923928828407,0.002029255741376801,-0.0009618703923877092,0.0029002986000606357,0.00299112613376451,0.003552375612020877,0.8164391710849271,0.8420072820123086,0.4142490007510973,0.39978387739217036,0.83,0.396,0.38,True,999,0.00011425011325627565,0.0008537500398233533,near_2x2_bal_strong_500,near_boundary,False,1799,2065082011,9.992007221626409e-16,0,0
500,500,0.002278153080772838,0.0030968893144439624,0.001272059575626372,0.0020492965495577664,-0.0008187362336711246,-0.0007772369739313945,0.004840234986325417,-0.16915216636882505,-0.16057835541605656,0.8656769532336367,0.872425503521147,0.957,0.862,0.866,True,999,0.00011366698890924454,0.0008575828978791833,near_2x2_bal_strong_500,near_boundary,False,1800,2065082011,9.992007221626409e-16,0,0
500,500,0.0021043883987984513,0.00014240548526378571,0.0010982538005919196,-0.0009940182006289433,0.0019619829135346656,0.002092272001220863,0.003000422681155448,0.6539021738027643,0.6973257515888193,0.5131748333603694,0.48559895578062406,0.904,0.487,0.457,True,999,0.0001181670231744647,0.0008492500055581331,near_2x2_bal_strong_500,near_boundary,False,1801,2065082011,9.992007221626409e-16,0,0
500,500,0.00451143231989426,0.00371070487768671,0.0035052339709977787,0.002675864670663941,0.0008007274422075494,0.0008293693003338376,0.005894945229352336,0.13583288920489656,0.1406916040889083,0.8919533901896638,0.8881135780866604,0.966,0.909,0.903,True,999,0.00011675001587718725,0.0008489170577377081,near_2x2_bal_strong_500,near_boundary,False,1802,2065082011,9.992007221626409e-16,0,0
500,500,0.0004131653851424666,0.006521332274463443,-0.0005929585586272879,0.005485875723280742,-0.006108166889320976,-0.00607883428190803,0.005706694525856997,-1.0703511221154227,-1.0652110874981777,0.28446129135944787,0.28678041731656,0.684,0.286,0.291,True,999,0.00011562497820705175,0.0008998749544844031,near_2x2_bal_strong_500,near_boundary,False,1803,2065082011,9.992007221626409e-16,0,0
500,500,3.0125414688275676e-05,0.005960153282334457,-0.000975912419960423,0.004927685946199745,-0.0059300278676461815,-0.005903598366160168,0.005272823934561809,-1.1246398402906257,-1.1196274405188873,0.2607416840558554,0.2628725570709354,0.632,0.252,0.254,True,999,0.00012408301699906588,0.0009054160909727216,near_2x2_bal_strong_500,near_boundary,False,1804,2065082011,9.992007221626409e-16,0,0
500,500,0.0028912049734119982,6.184110346696414e-06,0.0018851081792377045,-0.001056107928206984,0.002885020863065302,0.0029412161074446885,0.0033994516846557604,0.8486724126974755,0.8652030916399172,0.3960636010486047,0.3869273288061509,0.839,0.381,0.375,True,999,0.0001240420388057828,0.0008735000155866146,near_2x2_bal_strong_500,near_boundary,False,1805,2065082011,9.992007221626409e-16,0,0
500,500,0.0011067658932208957,0.005044748237574059,0.00010069402861745402,0.004001903652863348,-0.003937982344353164,-0.003901209624245894,0.00533268594280527,-0.7384613282292001,-0.7315656061668718,0.46023415874090334,0.4644337473334137,0.81,0.445,0.448,True,999,0.00011208397336304188,0.0008294580038636923,near_2x2_bal_strong_500,near_boundary,False,1806,2065082011,9.992007221626409e-16,0,0
500,500,0.0004641080271093889,0.008881560550317302,-0.0005419591945496904,0.007850890262716348,-0.008417452523207913,-0.008392849457266038,0.006643940199775805,-1.2669368281628954,-1.263233744570616,0.20517787888428363,0.20650518906706006,0.598,0.244,0.246,True,999,0.0001151250908151269,0.0008566658943891525,near_2x2_bal_strong_500,near_boundary,False,1807,2065082011,9.992007221626409e-16,0,0
500,500,8.010402954172768e-06,0.003147215598590547,-0.0009980331472547732,0.002083114765355276,-0.0031392051956363742,-0.0030811479126100494,0.0038946621675067547,-0.8060275989601426,-0.7911207134513819,0.4202269357622006,0.42887355298907526,0.827,0.416,0.42,True,999,0.00011483300477266312,0.0008543329313397408,near_2x2_bal_strong_500,near_boundary,False,1808,2065082011,9.992007221626409e-16,0,0
500,500,0.0014547876372617008,0.0004181580754176739,0.0004486784666823951,-0.0006445565433637057,0.0010366295618440269,0.0010932350100461008,0.0027551616574142722,0.3762499957323401,0.3967952323611041,0.706731050184102,0.6915184667703291,0.928,0.694,0.684,True,999,0.00011462497059255838,0.0008579579880461097,near_2x2_bal_strong_500,near_boundary,False,1809,2065082011,9.992007221626409e-16,0,0
500,500,0.002318290694244274,0.0029755978724941845,0.001312191359602366,0.0019279919254131528,-0.0006573071782499107,-0.0006158005658107868,0.0047934888888807,-0.13712500299617775,-0.1284660463570155,0.8909319896097949,0.8977801666240507,0.964,0.893,0.899,True,999,0.0001152500044554472,0.0008745830273255706,near_2x2_bal_strong_500,near_boundary,False,1810,2065082011,9.992007221626409e-16,0,0
500,500,2.0745980804370845e-05,0.0007445829015281236,-0.0009853941548954026,-0.00031834565044164265,-0.0007238369207237527,-0.00066704850445376,0.001823513531512112,-0.39694628431055595,-0.36580397837828127,0.6914070721248193,0.7145113510206671,0.961,0.683,0.713,True,999,0.00011445791460573673,0.000859249965287745,near_2x2_bal_strong_500,near_boundary,False,1811,2065082011,9.992007221626409e-16,0,0
500,500,0.006773067532402366,0.003258171536645482,0.005766871537048246,0.002223604924239453,0.0035148959957568837,0.003543266612808793,0.006445379346747806,0.5453357834601964,0.5497374820299206,0.5855225976607314,0.5824994444234077,0.834,0.595,0.592,True,999,0.00011345802340656519,0.0008474999340251088,near_2x2_bal_strong_500,near_boundary,False,1812,2065082011,9.992007221626409e-16,0,0
500,500,0.008640821897501927,3.0314400938757924e-05,0.007634457357141855,-0.0011057601201400757,0.008610507496563169,0.00874021747728193,0.0058622081954707176,1.4688163929789892,1.4909428641641953,0.1418825964817567,0.1359764962891175,0.657,0.16,0.153,True,999,0.00011349993292242289,0.0009631670545786619,near_2x2_bal_strong_500,near_boundary,False,1813,2065082011,9.992007221626409e-16,0,0
500,500,0.008171517573637543,0.005449798280235618,0.0071653005691700855,0.004419922192028025,0.002721719293401925,0.0027453783771420603,0.00757057467352437,0.35951290500049565,0.36263804209515704,0.7192114254610141,0.7168752884921188,0.873,0.726,0.723,True,999,0.0001264170277863741,0.0008512920467182994,near_2x2_bal_strong_500,near_boundary,False,1814,2065082011,9.992007221626409e-16,0,0
500,500,0.00014386944085298392,0.0026173390268691143,-0.0008622156009323589,0.001575318625413047,-0.0024734695860161304,-0.002437534226345406,0.0035211703362627695,-0.7024566691770364,-0.692251153328898,0.4823944151700814,0.4887796197063915,0.858,0.476,0.482,True,999,0.0001099579967558384,0.0008314170408993959,near_2x2_bal_strong_500,near_boundary,False,1815,2065082011,9.992007221626409e-16,0,0
500,500,8.78657070598754e-05,0.0006493792569235435,-0.0009182190342471586,-0.0003971751983158356,-0.0005615135498636681,-0.000521043835931323,0.0017662821967155537,-0.3179070427748277,-0.29499467123668976,0.750555450175807,0.7679979504117318,0.959,0.744,0.769,True,999,0.00011133297812193632,0.0008396670455113053,near_2x2_bal_strong_500,near_boundary,False,1816,2065082011,9.992007221626409e-16,0,0
500,500,0.0018072440892843433,0.0018634929372259856,0.0008011701177679242,0.0008163911645624466,-5.624884794164231e-05,-1.5221046794522408e-05,0.003942758554587604,-0.01426636887926953,-0.0038605069480635405,0.9886174706468246,0.9969197687603146,0.997,0.987,0.997,True,999,0.00011495791841298342,0.0008521249983459711,near_2x2_bal_strong_500,near_boundary,False,1817,2065082011,9.992007221626409e-16,0,0
500,500,0.0017424476077961826,0.001763061505096808,0.0007363588700854962,0.000709105453012171,-2.061389730062535e-05,2.725341707332518e-05,0.0038610905286813432,-0.005338879559414397,0.007058476580872319,0.9957402106641469,0.9943681972780708,1.0,1.0,1.0,True,999,0.00011733395513147116,0.0009177919710054994,near_2x2_bal_strong_500,near_boundary,False,1818,2065082011,9.992007221626409e-16,0,0
500,500,0.004230041943691476,9.79806978688158e-05,0.003223903872935807,-0.0009994918873417191,0.00413206124582266,0.004223395760277526,0.0041540690020992746,0.9947021206760185,1.0166888797810574,0.31988116274742784,0.3093014574546368,0.82,0.313,0.305,True,999,0.00014470797032117844,0.000864375033415854,near_2x2_bal_strong_500,near_boundary,False,1819,2065082011,9.992007221626409e-16,0,0
500,500,7.609824518306496e-07,0.0012621657624130034,-0.0010052940688183298,0.00021524432958131,-0.0012614047799611727,-0.0012205383983996398,0.002350849604855606,-0.5365740017378317,-0.5191903369227262,0.5915619064347866,0.6036280168865018,0.926,0.573,0.584,True,999,0.0001242910511791706,0.0008987499168142676,near_2x2_bal_strong_500,near_boundary,False,1820,2065082011,9.992007221626409e-16,0,0
500,500,0.000642730317315765,0.00035564173239666097,-0.0003633351523149031,-0.0007071289840610007,0.00028708858491910405,0.00034379383174609757,0.0020188915421403,0.14220109348457174,0.17028841053127067,0.88692116809219,0.8647833252035413,1.0,0.891,0.841,True,999,0.00012020801659673452,0.0008996670367196202,near_2x2_bal_strong_500,near_boundary,False,1821,2065082011,9.992007221626409e-16,0,0
500,500,0.0013446429679966343,1.830634265542752e-05,0.00033853849669185365,-0.0010345178808108813,0.0013263366253412068,0.001373056377502735,0.0023331912924285706,0.5684645873852248,0.588488557264222,0.5697195450183214,0.5562044121765013,0.905,0.58,0.573,True,999,0.00011141702998429537,0.000833250000141561,near_2x2_bal_strong_500,near_boundary,False,1822,2065082011,9.992007221626409e-16,0,0
500,500,0.004329426626433319,0.0015192507055454274,0.0033232802991847166,0.00047221872603131487,0.002810175920887892,0.0028510615731534017,0.004893990659105504,0.5742094982669051,0.5825637545606805,0.5658260426213082,0.5601870112273899,0.864,0.557,0.548,True,999,0.00011612498201429844,0.0008498750394210219,near_2x2_bal_strong_500,near_boundary,False,1823,2065082011,9.992007221626409e-16,0,0
500,500,0.00321085969382795,7.17265759281327e-05,0.002204737582303551,-0.0010043555142544847,0.003139133117899817,0.0032090930965580355,0.003619011782915985,0.867400634813764,0.8867318729679124,0.3857225341588789,0.37522327401626565,0.85,0.398,0.389,True,999,0.00011670798994600773,0.0008566670585423708,near_2x2_bal_strong_500,near_boundary,False,1824,2065082011,9.992007221626409e-16,0,0
500,500,0.001344905773053684,0.0051620468676019104,0.00033884034996845003,0.004126937302089573,-0.0038171410945482265,-0.0037880969521211227,0.005416579026635928,-0.704714373366936,-0.6993522910850604,0.4809880046908518,0.4843318954436807,0.821,0.494,0.501,True,999,0.00011479202657938004,0.0008455000352114439,near_2x2_bal_strong_500,near_boundary,False,1825,2065082011,9.992007221626409e-16,0,0
500,500,0.004871600806764631,0.0009332114909479383,0.0038653974967814975,-0.00011347160960895053,0.003938389315816693,0.003978869106390448,0.0048390075106169725,0.8138836956081824,0.8222490040903332,0.41571158188940394,0.41093519386220223,0.796,0.395,0.39,True,999,0.0001193750649690628,0.000844834023155272,near_2x2_bal_strong_500,near_boundary,False,1826,2065082011,9.992007221626409e-16,0,0
500,500,0.007704239158415116,0.002588506739669205,0.0066980106475398316,0.0015465169536241774,0.005115732418745911,0.005151493693915654,0.006501140295287968,0.7868977112297972,0.7923984808710344,0.4313417474609923,0.4281283649240879,0.777,0.423,0.42,True,999,0.00011599995195865631,0.0009174169972538948,near_2x2_bal_strong_500,near_boundary,False,1827,2065082011,9.992007221626409e-16,0,0
500,500,9.083221470695957e-05,0.00151579590110279,-0.0009152475840323859,0.00046191866923095404,-0.0014249636863958304,-0.00137716625326334,0.0026709144899729584,-0.533511533875522,-0.5156160028460076,0.5936795290862369,0.6061226311762873,0.924,0.608,0.618,True,999,0.0001116669736802578,0.0008514169603586197,near_2x2_bal_strong_500,near_boundary,False,1828,2065082011,9.992007221626409e-16,0,0
500,500,0.010577336222273193,0.0063854127774398695,0.009571044707286092,0.005357383913008107,0.004191923444833323,0.004213660794277985,0.008431647569095707,0.4971654010063073,0.4997434676613149,0.619072417900548,0.6172557213182828,0.819,0.595,0.594,True,999,0.00011420901864767075,0.0008681670296937227,near_2x2_bal_strong_500,near_boundary,False,1829,2065082011,9.992007221626409e-16,0,0
500,500,0.002283347760965615,0.0003252839599922064,0.001277258685149718,-0.0007375110426153242,0.0019580638009734086,0.0020147697277650423,0.0032383844106013003,0.6046421773040332,0.6221527380039918,0.5454167757699772,0.5338414397947766,0.884,0.54,0.529,True,999,0.00012608303222805262,0.0009035000111907721,near_2x2_bal_strong_500,near_boundary,False,1830,2065082011,9.992007221626409e-16,0,0
500,500,0.0012554538297787632,0.012910821752836754,0.0002493316012532887,0.01187912077728015,-0.011655367923057991,-0.011629789176026861,0.008309067144144942,-1.4027288167085097,-1.3996504029001493,0.16069772078440747,0.1616180326642731,0.439,0.161,0.162,True,999,0.00011487503070384264,0.0008484590798616409,near_2x2_bal_strong_500,near_boundary,False,1831,2065082011,9.992007221626409e-16,0,0
500,500,0.005847360352064568,0.0008209167778754911,0.0048411991364787355,-0.00024203402935540907,0.005026443574189077,0.0050832331658341445,0.0051810584251115715,0.9701576708393971,0.9811186728172593,0.3319679062706905,0.32653422321083514,0.778,0.332,0.329,True,999,0.00011708401143550873,0.0008701670449227095,near_2x2_bal_strong_500,near_boundary,False,1832,2065082011,9.992007221626409e-16,0,0
500,500,0.00012904829596593892,0.00614520811287389,-0.0008769884240109604,0.005096538066794665,-0.006016159816907951,-0.005973526490805625,0.00556384987679168,-1.0812944184570792,-1.0736318597888157,0.27956616945903046,0.2829877123626223,0.696,0.259,0.272,True,999,0.00011675001587718725,0.0008614170365035534,near_2x2_bal_strong_500,near_boundary,False,1833,2065082011,9.992007221626409e-16,0,0
500,500,1.4953778815218755e-07,1.5397021492280505e-05,-0.0010059693649964174,-0.0010816551701964272,-1.5247483704128317e-05,7.568580520000978e-05,0.0002475056671822738,-0.0616045841604888,0.30579423114490345,0.9508777262468154,0.7597613210912693,0.997,0.943,0.753,True,999,0.00011566595640033484,0.0008539999835193157,near_2x2_bal_strong_500,near_boundary,False,1834,2065082011,9.992007221626409e-16,0,0
500,500,8.78657070598754e-05,0.008012419036539264,-0.0009182190342471586,0.006979494039455858,-0.007924553329479389,-0.007897713073703017,0.006212485882326456,-1.275584923584856,-1.2712645506641338,0.20210228635769678,0.20363454912082524,0.589,0.2,0.201,True,999,0.00011429202277213335,0.0008805419784039259,near_2x2_bal_strong_500,near_boundary,False,1835,2065082011,9.992007221626409e-16,0,0
500,500,0.0014969552630682559,5.546721817628608e-05,0.0004908128311171822,-0.001006933111256103,0.0014414880448919698,0.0014977459423732853,0.002490879761838705,0.5787063940123306,0.6012919472546867,0.5627873008846827,0.5476455521481709,0.916,0.561,0.541,True,999,0.00012524996418505907,0.0008625410264357924,near_2x2_bal_strong_500,near_boundary,False,1836,2065082011,9.992007221626409e-16,0,0
500,500,0.0005122186571488996,0.007694297340027245,-0.0004938273519314862,0.0066614457290938844,-0.007182078682878346,-0.007155273081025371,0.006214957692817171,-1.1556118380626963,-1.1512987593294404,0.24783996366518246,0.2496093473987281,0.604,0.225,0.229,True,999,0.00011487503070384264,0.0009407090255990624,near_2x2_bal_strong_500,near_boundary,False,1837,2065082011,9.992007221626409e-16,0,0
500,500,0.014861359267878571,0.010045082967194197,0.01385499679605573,0.009014099232757644,0.0048162763006843745,0.0048408975632980855,0.010342805729226443,0.4656643880561984,0.4680449087058454,0.6414557467924102,0.6397524748803258,0.806,0.635,0.635,True,999,0.00012025004252791405,0.0008927918970584869,near_2x2_bal_strong_500,near_boundary,False,1838,2065082011,9.992007221626409e-16,0,0
500,500,0.003525028333762892,0.00015278819865116589,0.0025189105460867722,-0.00098286381526691,0.003372240135111726,0.0035017743613536823,0.003824679773465926,0.8817052236652484,0.9155732162591937,0.37793623544564736,0.3598907846044218,0.835,0.363,0.347,True,999,0.00011675001587718725,0.0008478329982608557,near_2x2_bal_strong_500,near_boundary,False,1839,2065082011,9.992007221626409e-16,0,0
500,500,0.00012464411220713956,0.0019720541878934794,-0.000881420755945328,0.0009302358927811838,-0.0018474100756863399,-0.0018116566487265118,0.0030420269309023073,-0.6072957661615351,-0.595542606912145,0.5436546475860566,0.5514808276448895,0.893,0.552,0.555,True,999,0.00011408294085413218,0.0008483330020681024,near_2x2_bal_strong_500,near_boundary,False,1840,2065082011,9.992007221626409e-16,0,0
500,500,0.001577375925062574,0.0029314256631394753,0.0005713061860888047,0.0018769835161833726,-0.0013540497380769012,-0.0013056773300945679,0.004475440314214309,-0.3025511777637488,-0.2917427646052269,0.7622319259931941,0.7704833094280742,0.926,0.772,0.773,True,999,0.0001134589547291398,0.0008577090920880437,near_2x2_bal_strong_500,near_boundary,False,1841,2065082011,9.992007221626409e-16,0,0
500,500,0.011566003106843303,0.0038641044828884308,0.010559712162660162,0.002816281876590665,0.007701898623954873,0.007743430286069497,0.007997686755295604,0.9630157893912414,0.9682087487287805,0.33553959959570046,0.3329401264742058,0.685,0.313,0.312,True,999,0.00011316698510199785,0.0008465410210192204,near_2x2_bal_strong_500,near_boundary,False,1842,2065082011,9.992007221626409e-16,0,0
500,500,0.0008035090525034816,0.0026056732043602815,-0.0002025749016638656,0.0013776687366657825,-0.0018021641518568,-0.001580243638329648,0.003348541583748015,-0.5381937499607342,-0.4719199683824398,0.5904432944988187,0.6369839144725675,0.869,0.565,0.617,True,999,0.00011479097884148359,0.0008585419273003936,near_2x2_bal_strong_500,near_boundary,False,1843,2065082011,9.992007221626409e-16,0,0
500,500,0.0020528157820033366,0.0013892110614457942,0.0010467369862681153,0.00034761366478619493,0.0006636047205575424,0.0006991233214819204,0.003775404981784985,0.1757704733026534,0.1851783649316953,0.8604742673402361,0.853089137896792,0.971,0.867,0.859,True,999,0.00011787505354732275,0.0008821669034659863,near_2x2_bal_strong_500,near_boundary,False,1844,2065082011,9.992007221626409e-16,0,0
500,500,3.0502202037707704e-05,0.0027025666095398804,-0.0009755364370676034,0.0016647225614292438,-0.0026720644075021727,-0.002640258998496847,0.0034972692046005985,-0.7640431008248142,-0.754948745445055,0.44484155813436155,0.45027973621737905,0.868,0.453,0.453,True,999,0.00011450005695223808,0.0008591249352321029,near_2x2_bal_strong_500,near_boundary,False,1845,2065082011,9.992007221626409e-16,0,0
500,500,0.0007536706103893343,0.00023944632757122442,-0.0002523987793665583,-0.0008137701048269719,0.0005142242828181098,0.0005613713254604136,0.0020028552655629427,0.2567456029697567,0.28028551793662876,0.7973751651356078,0.779258460693218,0.978,0.804,0.787,True,999,0.00011379097122699022,0.0009109170641750097,near_2x2_bal_strong_500,near_boundary,False,1846,2065082011,9.992007221626409e-16,0,0
500,500,0.00022212130795618013,0.0036527887318638097,-0.0007839672559271094,0.002614693140117197,-0.0034306674239076296,-0.0033986603960443063,0.004194344875671321,-0.8179268814557215,-0.8102958857193014,0.4133989397433996,0.41777013941699925,0.806,0.409,0.411,True,999,0.00011362496297806501,0.0008899579988792539,near_2x2_bal_strong_500,near_boundary,False,1847,2065082011,9.992007221626409e-16,0,0
500,500,0.0002820574365938189,0.0014984381063904428,-0.0007239854103318066,0.0004445852155754437,-0.001216380669796624,-0.0011685706259072504,0.002795874128521905,-0.4350627438437967,-0.41796253056822646,0.6635168850741922,0.6759745127572586,0.95,0.668,0.668,True,999,0.0001235830131918192,0.0008558749686926603,near_2x2_bal_strong_500,near_boundary,False,1848,2065082011,9.992007221626409e-16,0,0
500,500,0.002602440921296134,0.001541609812920286,0.0015963252051278687,0.0005103046456440552,0.0010608311083758482,0.0010860205594838135,0.004124149657550988,0.25722420291745507,0.2633319956019047,0.7970057012177096,0.7922947007502851,0.935,0.796,0.791,True,999,0.00011066696606576443,0.0008399999933317304,near_2x2_bal_strong_500,near_boundary,False,1849,2065082011,9.992007221626409e-16,0,0
500,500,0.009922612726459223,0.001515795901102901,0.008916291862817616,0.00046191866923095404,0.008406816825356322,0.008454373193586662,0.006788888887830897,1.238319990834666,1.2453250205259876,0.21559743420627508,0.213012302113593,0.624,0.2,0.197,True,999,0.00011337490286678076,0.0008522500284016132,near_2x2_bal_strong_500,near_boundary,False,1850,2065082011,9.992007221626409e-16,0,0
500,500,0.0015770173476520322,0.002479819243499548,0.0005709071723458692,0.001437816011190307,-0.0009028018958475159,-0.0008669088388444379,0.00417838604869306,-0.21606474014767008,-0.20747456763014865,0.828937283818549,0.8356392526373795,0.96,0.848,0.853,True,999,0.00012616696767508984,0.0008429159643128514,near_2x2_bal_strong_500,near_boundary,False,1851,2065082011,9.992007221626409e-16,0,0
500,500,0.0005506510584051272,0.005130439822010557,-0.00045543740839093516,0.004091700456456238,-0.00457978876360543,-0.004547137864847173,0.005126616658368309,-0.8933355210262742,-0.8869666229919418,0.3716775211510678,0.37509687052867946,0.738,0.371,0.376,True,999,0.00011749996338039637,0.0008702500490471721,near_2x2_bal_strong_500,near_boundary,False,1852,2065082011,9.992007221626409e-16,0,0
500,500,0.0037743036255558637,0.003524520230041961,0.0027681713071388003,0.0024864066647296568,0.00024978339551390283,0.00028176464240914356,0.005577813994460951,0.04478159288960698,0.0505152453432384,0.9642813971185221,0.9597118008877185,0.975,0.958,0.958,True,999,0.00011787505354732275,0.0008779580239206553,near_2x2_bal_strong_500,near_boundary,False,1853,2065082011,9.992007221626409e-16,0,0
500,500,0.0020352041076587835,0.0017047098926339932,0.0010291188057749423,0.0006576810669400857,0.00033049421502479026,0.00037143773883485665,0.003962983635447431,0.08339530147655445,0.0937267909744776,0.9335372243781194,0.9253261878326162,0.988,0.945,0.94,True,999,0.00011687504593282938,0.0008770000422373414,near_2x2_bal_strong_500,near_boundary,False,1854,2065082011,9.992007221626409e-16,0,0
500,500,0.0023066093846485503,0.0037615542654804157,0.0013005134759396242,0.0027233549111258526,-0.0014549448808318655,-0.0014228414351862284,0.0051415574744245,-0.2829774612204873,-0.2767335466468725,0.7771941144964211,0.7819847109287119,0.91,0.775,0.775,True,999,0.00012487510684877634,0.0009584169602021575,near_2x2_bal_strong_500,near_boundary,False,1855,2065082011,9.992007221626409e-16,0,0
500,500,0.006415930595677244,2.5934577678021764e-05,0.005409684472056142,-0.0011099417944393508,0.006389996017999222,0.006519626266495493,0.005059124097263688,1.2630637033504195,1.28868676497217,0.20656628694765256,0.19750700550557654,0.724,0.217,0.202,True,999,0.0001141249667853117,0.0008262920891866088,near_2x2_bal_strong_500,near_boundary,False,1856,2065082011,9.992007221626409e-16,0,0
500,500,0.006628115199246332,0.005356124861016109,0.005621922358102438,0.0043175184047754556,0.0012719903382302222,0.0013044039533269824,0.007184208302921044,0.1770536549884057,0.181565441636293,0.8594662446713215,0.8559237715786275,0.932,0.857,0.857,True,999,0.00011520797852426767,0.000855333055369556,near_2x2_bal_strong_500,near_boundary,False,1857,2065082011,9.992007221626409e-16,0,0
500,500,0.0075820133467219275,0.004215795628939145,0.0065757814440985385,0.002215454194868016,0.0033662177177827823,0.004360327249230522,0.006384392851293498,0.5272572970037043,0.6829666267086159,0.5980149243924853,0.49462793111343906,0.828,0.589,0.487,True,999,0.00011562497820705175,0.0008585829054936767,near_2x2_bal_strong_500,near_boundary,False,1858,2065082011,9.992007221626409e-16,0,0
500,500,0.008653324887564762,0.001401733632895752,0.007647022584649221,0.0003548521918617098,0.00725159125466901,0.0072921703927875114,0.006360837298517525,1.1400372174837872,1.1464167452431215,0.2542707960709285,0.25162275730374284,0.654,0.24,0.238,True,999,0.00011450005695223808,0.0008499999530613422,near_2x2_bal_strong_500,near_boundary,False,1859,2065082011,9.992007221626409e-16,0,0
500,500,0.00028027579853773243,0.0003470494410963143,-0.0007257703209120336,-0.0007156061929265434,-6.677364255858187e-05,-1.0164127985490268e-05,0.0016095037116905307,-0.041487100696677895,-0.006315069615350218,0.9669075761542318,0.9949613369439404,1.0,0.972,1.0,True,999,0.000116499955765903,0.0008848749566823244,near_2x2_bal_strong_500,near_boundary,False,1860,2065082011,9.992007221626409e-16,0,0
500,500,0.014221680270500636,0.0005639301963155652,0.013215325012083667,-0.0004988771459011332,0.013657750074185071,0.0137142021579848,0.007648468549405043,1.7856842825414347,1.7930651174674175,0.07415039165760738,0.07296251249288978,0.476,0.067,0.067,True,999,0.00011608295608311892,0.0008546659955754876,near_2x2_bal_strong_500,near_boundary,False,1861,2065082011,9.992007221626409e-16,0,0
500,500,0.007732098981040103,0.005461417131511048,0.006725886893377719,0.004422708412363363,0.002270681849529055,0.0023031784810143563,0.007516021021446164,0.3021122270746591,0.3064358753710883,0.7625665118411161,0.7592727966985496,0.907,0.772,0.77,True,999,0.00011529098264873028,0.000843666959553957,near_2x2_bal_strong_500,near_boundary,False,1862,2065082011,9.992007221626409e-16,0,0
500,500,0.004591848619496797,0.00011119187570840516,0.0035856476798699077,-0.0009512702935978723,0.0044806567437883915,0.00453691797346778,0.0043303100620578185,1.0347196112001102,1.0477120364244261,0.30079987466986646,0.2947713003248451,0.762,0.307,0.3,True,999,0.00011504197027534246,0.0009412909857928753,near_2x2_bal_strong_500,near_boundary,False,1863,2065082011,9.992007221626409e-16,0,0
500,500,0.001360485964020497,0.0011168449251396373,0.00035437566594964665,6.317633236108122e-05,0.00024364103888085964,0.0002911993335885654,0.003215843577651246,0.07576271450951841,0.09055146077759432,0.9396078803433431,0.9278490020907604,0.981,0.935,0.917,True,999,0.00011545803863555193,0.0008575000101700425,near_2x2_bal_strong_500,near_boundary,False,1864,2065082011,9.992007221626409e-16,0,0
500,500,0.0032421350029692153,0.006050976839864219,0.002236010276135403,0.005015221900094957,-0.002808841836895004,-0.0027792116239595543,0.006428516875966903,-0.43693466021624633,-0.43232547686849426,0.6621587346400577,0.6655048730732924,0.848,0.645,0.649,True,999,0.00011450005695223808,0.0008540831040591002,near_2x2_bal_strong_500,near_boundary,False,1865,2065082011,9.992007221626409e-16,0,0
500,500,0.0006034986408908205,0.011196929958842916,-0.0004025967863867663,0.010165677538168438,-0.010593431317952096,-0.010568274324555205,0.0075514817119223315,-1.402828176254087,-1.3994967779462328,0.16066808270688715,0.1616640638813629,0.513,0.159,0.161,True,999,0.00011699995957314968,0.0008619580185040832,near_2x2_bal_strong_500,near_boundary,False,1866,2065082011,9.992007221626409e-16,0,0
500,500,0.0007225482698627328,0.005520670785752635,-0.0002835414491073607,0.004481903785716668,-0.004798122515889902,-0.004765445234824028,0.005384188912441952,-0.8911504766859594,-0.8850813580875457,0.3728484483862933,0.37611275303946345,0.764,0.369,0.375,True,999,0.00011545803863555193,0.0008517910027876496,near_2x2_bal_strong_500,near_boundary,False,1867,2065082011,9.992007221626409e-16,0,0
500,500,0.0015895008101515229,0.0012059866151271637,0.0005834189417441848,0.0001591399716005526,0.00038351419502435924,0.00042427897014363225,0.0034081309061884915,0.11252918552159288,0.124490221127723,0.9104038300001295,0.9009271425603924,0.977,0.905,0.896,True,999,0.00011758296750485897,0.0008450000314041972,near_2x2_bal_strong_500,near_boundary,False,1868,2065082011,9.992007221626409e-16,0,0
500,500,5.2947134971281784e-05,8.765136359206727e-05,-0.0009531153979196461,-0.0009748056091325452,-3.470422862078548e-05,2.1690211212899158e-05,0.0007565555096901655,-0.04587135798534864,0.028669689051345374,0.9634127831541973,0.9771280310590518,0.995,0.965,0.971,True,999,0.00011537503451108932,0.0008777080802246928,near_2x2_bal_strong_500,near_boundary,False,1869,2065082011,9.992007221626409e-16,0,0
500,500,0.004529059571806604,0.003491114277087204,0.0035229058170216376,0.0024530326918466017,0.0010379452947194001,0.001069873125175036,0.005826244121154062,0.17814998361479642,0.18362998578973302,0.8586051885706266,0.8543037378547153,0.939,0.855,0.853,True,999,0.00011766701936721802,0.0008659580489620566,near_2x2_bal_strong_500,near_boundary,False,1870,2065082011,9.992007221626409e-16,0,0
500,500,0.00751919746762697,0.004861513123416983,0.006512977588954527,0.003826510852405818,0.0026576843442099873,0.0026864667365487094,0.00723351694217506,0.3674124724467491,0.37139150402555227,0.7133113695223035,0.7103459526182823,0.869,0.721,0.718,True,999,0.00011837505735456944,0.0008967090398073196,near_2x2_bal_strong_500,near_boundary,False,1871,2065082011,9.992007221626409e-16,0,0
500,500,0.010409944855044206,2.921644588221861e-05,0.009403578902777099,-0.001032933941672809,0.010380728409161988,0.010436512844449908,0.006425320441816402,1.6155969967822204,1.6242789661552761,0.10618147365754244,0.10431628425219808,0.506,0.105,0.101,True,999,0.00015391595661640167,0.0008514579385519028,near_2x2_bal_strong_500,near_boundary,False,1872,2065082011,9.992007221626409e-16,0,0
500,500,1.2841108050221095e-06,0.003562275560530237,-0.0010047749098021086,0.0025144583803466958,-0.003560991449725215,-0.0035192332901488044,0.004084463299009225,-0.8718382781377936,-0.8616146192334425,0.38329660914554553,0.38889962349863305,0.804,0.378,0.382,True,999,0.00011491705663502216,0.0008829999715089798,near_2x2_bal_strong_500,near_boundary,False,1873,2065082011,9.992007221626409e-16,0,0
500,500,0.0008355801326380696,0.003511646458180695,-0.00017052207647338946,0.0024692419334826354,-0.0026760663255426254,-0.002639764009956025,0.004419511707949755,-0.6055117629237083,-0.5972976619131146,0.5448390112640491,0.5503086652165203,0.87,0.551,0.559,True,999,0.0001254999078810215,0.000873040989972651,near_2x2_bal_strong_500,near_boundary,False,1874,2065082011,9.992007221626409e-16,0,0
500,500,9.501057234118093e-05,0.0001186043462406694,-0.0009110541992072285,-0.0009788605228209235,-2.3593773899488468e-05,6.780632361369499e-05,0.0009356808987701138,-0.02521561990898907,0.07246735901397751,0.9798829780320537,0.9422299808837988,1.0,0.979,0.951,True,999,0.00011929089669138193,0.0008573329541832209,near_2x2_bal_strong_500,near_boundary,False,1875,2065082011,9.992007221626409e-16,0,0
500,500,0.00019664662752760798,0.003893279067016142,-0.0008094092183910107,0.0028585449082640935,-0.003696632439488534,-0.003667954126655104,0.004299263687549278,-0.8598291959141814,-0.8531586786075824,0.38988320286414846,0.393571314721306,0.772,0.4,0.403,True,999,0.00011095800437033176,0.00083687505684793,near_2x2_bal_strong_500,near_boundary,False,1876,2065082011,9.992007221626409e-16,0,0
500,500,0.00015699355935150372,0.0004429615719478974,-0.0008490797695799301,-0.0006333639393574231,-0.0002859680125963937,-0.00021571583022250707,0.0015922830878217957,-0.17959621299978193,-0.13547580318622932,0.8574695779299623,0.8922356941298832,0.979,0.844,0.879,True,999,0.0001105000264942646,0.0008743329672142863,near_2x2_bal_strong_500,near_boundary,False,1877,2065082011,9.992007221626409e-16,0,0
500,500,0.0003875892906244349,0.00010986283155955956,-0.0006184706628573622,-0.0009525947620829811,0.00027772645906487536,0.0003341240992256189,0.0014153842607984243,0.19621983001860477,0.2360659988102016,0.8444381076402792,0.8133814573708197,0.98,0.847,0.817,True,999,0.00011374999303370714,0.0008772090077400208,near_2x2_bal_strong_500,near_boundary,False,1878,2065082011,9.992007221626409e-16,0,0
500,500,0.003463071618399205,6.184110346696414e-06,0.0024569515020971266,-0.001056107928206984,0.0034568875080525086,0.0035130594303041107,0.00371892657437034,0.929539058898414,0.9446433964346056,0.3526097930114016,0.34484096388791274,0.779,0.334,0.33,True,999,0.00011554197408258915,0.0008906670846045017,near_2x2_bal_strong_500,near_boundary,False,1879,2065082011,9.992007221626409e-16,0,0
500,500,0.0006506262521080997,0.0041177027310190795,-0.00035542298701329855,0.0030794586279796476,-0.00346707647891098,-0.003434881614992946,0.004647706988872914,-0.7459757009664154,-0.7390486584495116,0.45568209372057855,0.459877451144568,0.807,0.453,0.458,True,999,0.00011458306107670069,0.0008748749969527125,near_2x2_bal_strong_500,near_boundary,False,1880,2065082011,9.992007221626409e-16,0,0
500,500,0.00020001653679890818,0.0031985439343886757,-0.000806020762126991,0.0021604729948592194,-0.0029985273975897675,-0.0029664937569862104,0.003908974681270303,-0.7670879558153938,-0.7588930599116048,0.4430292223964629,0.44791653083465877,0.835,0.437,0.442,True,999,0.00011520890984684229,0.0008609999204054475,near_2x2_bal_strong_500,near_boundary,False,1881,2065082011,9.992007221626409e-16,0,0
500,500,0.001575289927435608,0.003277517130779173,0.0005691888914043375,0.0022352122000768304,-0.0017022272033435648,-0.001666023308672493,0.004618036585482344,-0.3686040965320267,-0.3607644239783519,0.7124228416824356,0.7182755598047235,0.923,0.716,0.72,True,999,0.00011808297131210566,0.0008662920445203781,near_2x2_bal_strong_500,near_boundary,False,1882,2065082011,9.992007221626409e-16,0,0
500,500,0.0006660652502689102,0.004003628343728971,-0.0003400465905656347,0.0029611796062170015,-0.003337563093460061,-0.003301226196782636,0.004618926831779503,-0.7225841012454879,-0.7147171446989116,0.46993543886287903,0.4747838415765534,0.825,0.48,0.482,True,999,0.00011779204942286015,0.0008522920543327928,near_2x2_bal_strong_500,near_boundary,False,1883,2065082011,9.992007221626409e-16,0,0
500,500,0.00016268347580483677,0.001151473393431801,-0.0008434000870920499,0.00010469894513676081,-0.0009887899176269643,-0.0009480990322288108,0.0023813323913383566,-0.41522549360328675,-0.3981380489667635,0.6779768378256632,0.6905284287464548,0.924,0.668,0.68,True,999,0.0001141249667853117,0.0008538330439478159,near_2x2_bal_strong_500,near_boundary,False,1884,2065082011,9.992007221626409e-16,0,0
500,500,0.002311785155552748,0.003957113660684353,0.0013057016237212338,0.002922323962621931,-0.0016453285051316047,-0.0016166223389006973,0.005218123933262402,-0.3153103540994159,-0.30980911139264095,0.7525260242480958,0.7567061224088514,0.915,0.746,0.751,True,999,0.0001180840190500021,0.0008570840582251549,near_2x2_bal_strong_500,near_boundary,False,1885,2065082011,9.992007221626409e-16,0,0
500,500,0.010422044408487152,0.0018207624112352438,0.009415715722184359,0.0007737129753309091,0.008601281997251908,0.00864200274685345,0.007029250489779059,1.2236414123751422,1.2294344552693672,0.22108753004837978,0.21890895852464642,0.693,0.251,0.25,True,999,0.00011604093015193939,0.0008740420453250408,near_2x2_bal_strong_500,near_boundary,False,1886,2065082011,9.992007221626409e-16,0,0
500,500,0.004127051211436861,1.5821431609275294e-08,0.003120907574896137,-0.0010757720307026375,0.0041270353900052514,0.004196679605598774,0.004054919756339592,1.0177847252224688,1.0349599641367873,0.3087802726293539,0.3006876087471485,0.75,0.294,0.256,True,999,0.0001241669524461031,0.0008641250897198915,near_2x2_bal_strong_500,near_boundary,False,1887,2065082011,9.992007221626409e-16,0,0
500,500,0.000468138903966131,0.0010377516933688935,-0.0005379775891469762,-8.974239506187587e-06,-0.0005696127894027625,-0.0005290033496407887,0.0025248704268898575,-0.2256008004752993,-0.20951702867874153,0.8215119182113301,0.8340446434074953,0.974,0.821,0.836,True,999,0.00015775009524077177,0.0008948330068960786,near_2x2_bal_strong_500,near_boundary,False,1888,2065082011,9.992007221626409e-16,0,0
500,500,1.1102230246251565e-16,0.0062769502729338456,-0.001006033367730197,0.005244385806150831,-0.0062769502729337345,-0.006250419173881028,0.00541082543365696,-1.1600725896439419,-1.155169252920551,0.24601925299778926,0.24802112316385216,0.631,0.21,0.21,True,999,0.00011012493632733822,0.0008510840125381947,near_2x2_bal_strong_500,near_boundary,False,1889,2065082011,9.992007221626409e-16,0,0
500,500,0.009332136944983804,0.0013549973951571537,0.008325888727142683,0.0003012218880940054,0.00797713954982665,0.008024666839048678,0.006556746561382937,1.2166307596528676,1.2238793682085112,0.22374473399949035,0.2209977377700244,0.653,0.229,0.226,True,999,0.00010970793664455414,0.0008482499979436398,near_2x2_bal_strong_500,near_boundary,False,1890,2065082011,9.992007221626409e-16,0,0
500,500,0.006785353116582349,0.0016400515620295097,0.0057791645398879155,0.000585862654304492,0.005145301554552839,0.005193301885583423,0.005857114450774355,0.8784703795351977,0.8866655977495589,0.3796885053299871,0.3752589653308597,0.766,0.391,0.388,True,999,0.00011304195504635572,0.0008489589672535658,near_2x2_bal_strong_500,near_boundary,False,1891,2065082011,9.992007221626409e-16,0,0
500,500,0.009299406183434167,0.004317213815739851,0.008293165800068891,0.003274602266117199,0.004982192367694316,0.005018563533951692,0.007556956815619481,0.6592855416874446,0.6640984799038177,0.5097124250424476,0.5066272829988419,0.783,0.499,0.494,True,999,0.00011320796329528093,0.0008450420573353767,near_2x2_bal_strong_500,near_boundary,False,1892,2065082011,9.992007221626409e-16,0,0
500,500,0.0031424062363931693,0.006014970089503191,0.002136279555031706,0.004975695694724891,-0.0028725638531100217,-0.002839416139693185,0.006413576670411446,-0.4478879727691382,-0.4427196064861309,0.654234048881065,0.6579685590421991,0.869,0.636,0.642,True,999,0.00011679204180836678,0.0008559999987483025,near_2x2_bal_strong_500,near_boundary,False,1893,2065082011,9.992007221626409e-16,0,0
500,500,0.0013897715431037128,0.005867364652177243,0.00038369580408925685,0.0048185452920961325,-0.00447759310907353,-0.004434849488006876,0.0058661982906009925,-0.7632870365544361,-0.7560006103292708,0.4452922315102512,0.44964882977603593,0.771,0.436,0.438,True,999,0.00012104189954698086,0.0008715839358046651,near_2x2_bal_strong_500,near_boundary,False,1894,2065082011,9.992007221626409e-16,0,0
500,500,0.001094564697678213,0.002511870706924324,8.848915240378119e-05,0.0014740919374673922,-0.001417306009246111,-0.001385602785063611,0.003947070103541943,-0.3590779925530781,-0.3510459020781583,0.7195367446340399,0.7255539121248629,0.9,0.75,0.75,True,999,0.00011379108764231205,0.0008923748973757029,near_2x2_bal_strong_500,near_boundary,False,1895,2065082011,9.992007221626409e-16,0,0
500,500,0.0002912028663769606,0.0033919077118380048,-0.0007148390138240757,0.002349630417739945,-0.003100704845461044,-0.003064469431564021,0.004095286029717258,-0.7571399953412092,-0.7482919164441352,0.4489659947786665,0.4542840992638413,0.802,0.448,0.458,True,999,0.0001135410275310278,0.0008944999426603317,near_2x2_bal_strong_500,near_boundary,False,1896,2065082011,9.992007221626409e-16,0,0
500,500,0.0054470417798787585,0.003670025989812753,0.0044408723384208315,0.0026319140652617534,0.0017770157900660055,0.001808958273159078,0.006201276031306737,0.286556473392711,0.2917074266693936,0.7744519464183781,0.7705103304171719,0.931,0.783,0.773,True,999,0.00011787493713200092,0.0009212919976562262,near_2x2_bal_strong_500,near_boundary,False,1897,2065082011,9.992007221626409e-16,0,0
500,500,0.0009228369497485955,0.007648329563907763,-8.324288307903771e-05,0.006612432860066519,-0.0067254926141591675,-0.006695675743145557,0.006363151345789299,-1.0569436822541776,-1.0522578168090093,0.29053729084102775,0.29268127961031054,0.668,0.278,0.279,True,999,0.00014054193161427975,0.000842666020616889,near_2x2_bal_strong_500,near_boundary,False,1898,2065082011,9.992007221626409e-16,0,0
500,500,0.0032078040269801766,8.708679309676892e-05,0.002201700014779817,-0.0009885202272528204,0.0031207172338834077,0.0031902202420326375,0.0036232287455367335,0.8613083669441672,0.8804909836185484,0.3890682287060523,0.3785933874701207,0.819,0.375,0.37,True,999,0.00011337501928210258,0.0008351670112460852,near_2x2_bal_strong_500,near_boundary,False,1899,2065082011,9.992007221626409e-16,0,0
500,500,0.0018209501529804495,0.006428641097215249,0.0008148657786364311,0.005396118493422364,-0.004607690944234799,-0.004581252714785933,0.006110220649046086,-0.7540956716438941,-0.7497687854367661,0.4507917762527074,0.4533939715470363,0.752,0.416,0.417,True,999,0.00011120806448161602,0.0008518339600414038,near_2x2_bal_strong_500,near_boundary,False,1900,2065082011,9.992007221626409e-16,0,0
500,500,0.012306979176671007,0.0009196715959202684,0.011300662086796365,-0.00013392277261914387,0.011387307580750738,0.011434584859415509,0.00725380353033184,1.5698395377176424,1.5763571223843735,0.11645244673626133,0.11494352405994268,0.511,0.109,0.108,True,999,0.00011366698890924454,0.0008712910348549485,near_2x2_bal_strong_500,near_boundary,False,1901,2065082011,9.992007221626409e-16,0,0
500,500,0.004027227862690053,0.004233494165292617,0.0030210621595756493,0.0031909712408264568,-0.00020626630260256462,-0.0001699090812508075,0.005990585283731882,-0.034431744618126765,-0.028362684646559493,0.9725328699281853,0.9773728855580032,0.985,0.968,0.969,True,999,0.00014062505215406418,0.0009497080463916063,near_2x2_bal_strong_500,near_boundary,False,1902,2065082011,9.992007221626409e-16,0,0
500,500,0.00013728730800965927,0.00048742666089374165,-0.0008687585428788225,-0.0005659485305784528,-0.0003501393528840824,-0.00030281001230036964,0.0016188503660519553,-0.21628889255404166,-0.18705250259717413,0.828762566622621,0.8516194682130279,0.986,0.853,0.865,True,999,0.00010954192839562893,0.0008657500147819519,near_2x2_bal_strong_500,near_boundary,False,1903,2065082011,9.992007221626409e-16,0,0
500,500,0.00038650078319735215,0.005614798049792813,-0.0006195737791472311,0.004576122722767195,-0.005228297266595461,-0.005195696501914426,0.005306242596066934,-0.9853106359047271,-0.979166784753783,0.32447150994352025,0.32749757743435315,0.698,0.323,0.326,True,999,0.00011462497059255838,0.0008866250282153487,near_2x2_bal_strong_500,near_boundary,False,1904,2065082011,9.992007221626409e-16,0,0
500,500,7.3789398258306e-08,0.000505491728745866,-0.0010059658216619027,-0.0005708653188776225,-0.0005054179393476077,-0.00043510050278428025,0.001479425993694805,-0.34163110659246115,-0.2941008909121806,0.7326285245208228,0.7686808101261061,0.97,0.713,0.754,True,999,0.00011487503070384264,0.0009485419141128659,near_2x2_bal_strong_500,near_boundary,False,1905,2065082011,9.992007221626409e-16,0,0
500,500,0.00012426091941242223,0.0052891631242512616,-0.0008817788701094287,0.004246249288939907,-0.005164902204838839,-0.005128028159049336,0.005078823368909832,-1.016948578376626,-1.0096882263007436,0.3091778921011291,0.312644685024254,0.752,0.308,0.308,True,999,0.00011470902245491743,0.0008388339774683118,near_2x2_bal_strong_500,near_boundary,False,1906,2065082011,9.992007221626409e-16,0,0
500,500,0.007594746939363017,4.124710560771128e-06,0.006588531391685137,-0.0010717935685420343,0.007590622228802246,0.007660324960227172,0.005492604460473639,1.3819713914276088,1.3946616792367033,0.16698048546553457,0.16311788585613984,0.607,0.149,0.145,True,999,0.0001181670231744647,0.0008394169854000211,near_2x2_bal_strong_500,near_boundary,False,1907,2065082011,9.992007221626409e-16,0,0
500,500,0.0017977202085205368,0.0009155711430652302,0.0007916463349602054,-0.00014742676711421154,0.0008821490654553066,0.000939073102074417,0.0033473047373590082,0.26354011202198274,0.2805460439838342,0.7921343109661478,0.7790586051173345,0.962,0.794,0.787,True,999,0.00011720799375325441,0.0008527080062776804,near_2x2_bal_strong_500,near_boundary,False,1908,2065082011,9.992007221626409e-16,0,0
500,500,0.005181821723876712,0.004690255562982193,0.00417563808974819,0.003655252078488047,0.0004915661608945188,0.0005203860112601433,0.00649864606999587,0.07564131906860888,0.08007606594591388,0.9397044627474674,0.9361767582157983,0.972,0.927,0.924,True,999,0.00011633301619440317,0.0008496249793097377,near_2x2_bal_strong_500,near_boundary,False,1909,2065082011,9.992007221626409e-16,0,0
500,500,0.003931525306633432,0.00040548890052061193,0.0029253946474909753,-0.0008229083969979456,0.00352603640611282,0.003748303044488921,0.004136269815179823,0.852467697627585,0.9062037081654851,0.3939545602201855,0.3648280406773782,0.816,0.407,0.36,True,999,0.00011875003110617399,0.0009397920221090317,near_2x2_bal_strong_500,near_boundary,False,1910,2065082011,9.992007221626409e-16,0,0
500,500,0.0026011242134393875,0.004254298276198498,0.0015950312043173653,0.003211753445583554,-0.0016531740627591107,-0.0016167222412661886,0.00550638371024497,-0.30022863457250126,-0.29360871423801727,0.7640027647241607,0.7690569161422576,0.905,0.73,0.737,True,999,0.00011995900422334671,0.0008432089816778898,near_2x2_bal_strong_500,near_boundary,False,1911,2065082011,9.992007221626409e-16,0,0
500,500,8.000149337550333e-06,0.01034562516167331,-0.000998033001735621,0.00930537582701163,-0.01033762501233576,-0.010303408828747251,0.007249441840385908,-1.4259890954288226,-1.4212692584618034,0.15387148972031814,0.15523849694357336,0.498,0.137,0.138,True,999,0.00011220807209610939,0.0008620000444352627,near_2x2_bal_strong_500,near_boundary,False,1912,2065082011,9.992007221626409e-16,0,0
500,500,0.006389131828174466,4.740108117518016e-06,0.005382932896168313,-0.0010925254911455795,0.006384391720056948,0.006475458387313893,0.005040661274306279,1.266578207228495,1.2846446200067425,0.20530614886716858,0.19891649880066564,0.695,0.18,0.176,True,999,0.0001136659411713481,0.0009254580363631248,near_2x2_bal_strong_500,near_boundary,False,1913,2065082011,9.992007221626409e-16,0,0
500,500,0.0003894468080575253,0.0007772774294600993,-0.0006165960339217236,-0.0002763028851973104,-0.00038783062140257396,-0.0003402931487244132,0.002217173407389493,-0.17492119475634835,-0.15348061977934122,0.8611415560213119,0.8780192724044737,0.973,0.83,0.849,True,999,0.00011925003491342068,0.0008634999394416809,near_2x2_bal_strong_500,near_boundary,False,1914,2065082011,9.992007221626409e-16,0,0
500,500,0.010068493140815815,0.0013387752779907558,0.009062174754603802,0.00029163728078174245,0.00872971786282506,0.00877053747382206,0.006761866861274502,1.2910218497232655,1.297058586594081,0.19669610108249203,0.19461102938641928,0.626,0.191,0.184,True,999,0.00011812499724328518,0.000853167031891644,near_2x2_bal_strong_500,near_boundary,False,1915,2065082011,9.992007221626409e-16,0,0
500,500,0.001191600029309292,0.0038140795148381423,0.00018552654483983133,0.0027661348922549678,-0.0026224794855288502,-0.0025806083474151364,0.004766692832385735,-0.5501675013987205,-0.5413833947683889,0.5822044917183044,0.5882433501576669,0.862,0.592,0.595,True,999,0.00011599995195865631,0.0008544170996174216,near_2x2_bal_strong_500,near_boundary,False,1916,2065082011,9.992007221626409e-16,0,0
500,500,0.004994555419660651,0.00036187606659615623,0.003988410512988594,-0.0006846225098797731,0.004632679353064495,0.004673033022868367,0.004625506262572821,1.0015507687341632,1.0102749315637312,0.31656060850578993,0.31236358801479847,0.777,0.31,0.307,True,999,0.00011637492571026087,0.0008537500398233533,near_2x2_bal_strong_500,near_boundary,False,1917,2065082011,9.992007221626409e-16,0,0
500,500,0.0067411369414254185,0.0011359233545833458,0.005734921592818409,8.22267067235316e-05,0.005605213586842073,0.005652694886094878,0.005637096477845878,0.9943440934301716,1.0027670997490112,0.320055375911674,0.31597324632975043,0.733,0.331,0.329,True,999,0.0001176249934360385,0.0008527920581400394,near_2x2_bal_strong_500,near_boundary,False,1918,2065082011,9.992007221626409e-16,0,0
500,500,0.0031733288849423724,0.0020284071417323024,0.002167216479392664,0.000981100055355455,0.00114492174321007,0.001186116424037209,0.004664742528196018,0.24544157288201762,0.2542726456750256,0.8061145427062101,0.7992849310423902,0.948,0.82,0.816,True,999,0.00012699991930276155,0.0008927501039579511,near_2x2_bal_strong_500,near_boundary,False,1919,2065082011,9.992007221626409e-16,0,0
500,500,0.0025401736413782627,0.004158008699352622,0.0015340280454552158,0.00310287583107538,-0.0016178350579743594,-0.0015688477856201644,0.005500111596207375,-0.2941458604385308,-0.2852392643636485,0.7686464485338868,0.7754608406505739,0.932,0.766,0.77,True,999,0.00011541694402694702,0.000889624934643507,near_2x2_bal_strong_500,near_boundary,False,1920,2065082011,9.992007221626409e-16,0,0
500,500,0.0026043535693595077,0.0011168449251396373,0.0015982611434424143,6.317633236108122e-05,0.0014875086442198704,0.001535084811081333,0.003911178773388817,0.38032233513351466,0.39248648553880044,0.7037061579385923,0.6946987949475447,0.927,0.726,0.714,True,999,0.0001271669752895832,0.000864999950863421,near_2x2_bal_strong_500,near_boundary,False,1921,2065082011,9.992007221626409e-16,0,0
500,500,0.0017632498846003042,0.00507913383146541,0.0007571693005274938,0.004040618554029152,-0.003315883946865106,-0.003283449253501658,0.005558205438043023,-0.5965745569909321,-0.5907390955771726,0.5507914623761867,0.5546952483874754,0.834,0.558,0.558,True,999,0.0001265830360352993,0.0008513330249115825,near_2x2_bal_strong_500,near_boundary,False,1922,2065082011,9.992007221626409e-16,0,0
500,500,8.213559131720061e-07,0.004392235197758165,-0.0010052329188283693,0.003357345483834706,-0.004391413841844993,-0.004362578402663075,0.004487824873552974,-0.9785172027821012,-0.9720919433313934,0.32781858730031666,0.33100480987644654,0.7,0.323,0.328,True,999,0.00011133309453725815,0.000837666098959744,near_2x2_bal_strong_500,near_boundary,False,1923,2065082011,9.992007221626409e-16,0,0
500,500,0.0058083564972278845,0.00025847593769678934,0.004802188630037563,-0.0008176962712127533,0.005549880559531095,0.005619884901250316,0.004918588420858015,1.1283482342202065,1.142580842385256,0.2591728804830452,0.2532126633525841,0.735,0.221,0.208,True,999,0.00011616700794547796,0.0008647500071674585,near_2x2_bal_strong_500,near_boundary,False,1924,2065082011,9.992007221626409e-16,0,0
500,500,0.0003586180465982025,0.002254736922118694,-0.0006474578581219248,0.0012128502442010358,-0.0018961188755204916,-0.0018603081023229606,0.003394788607283724,-0.5585381285456933,-0.5479893794657957,0.5764769758094319,0.5836991953525705,0.887,0.601,0.604,True,999,0.00011758401524275541,0.0008537089452147484,near_2x2_bal_strong_500,near_boundary,False,1925,2065082011,9.992007221626409e-16,0,0
500,500,0.004653968015395082,0.007110358765549385,0.003647818108163392,0.006071212694763517,-0.0024563907501543025,-0.002423394586600125,0.007282559450368451,-0.337297727110216,-0.3327668799844149,0.735892472921714,0.7393102606930814,0.873,0.732,0.734,True,999,0.0001194999786093831,0.0008478749077767134,near_2x2_bal_strong_500,near_boundary,False,1926,2065082011,9.992007221626409e-16,0,0
500,500,0.000671047672864189,0.0008316151924010473,-0.000335039117260294,-0.00023135451340294821,-0.00016056751953685833,-0.00010368460385734579,0.0025143840015163315,-0.06385958526622268,-0.04123658271561442,0.9490820328472165,0.9671072896747768,0.99,0.952,0.971,True,999,0.00011595909018069506,0.0009005420142784715,near_2x2_bal_strong_500,near_boundary,False,1927,2065082011,9.992007221626409e-16,0,0
500,500,0.001584849387129994,1.9078369283886953e-05,0.0005787591067587528,-0.0010780873448936745,0.001565771017846107,0.0016568464516524273,0.0025306599299553287,0.6187204370338871,0.6547092448259826,0.5361005441662116,0.5126549719151574,0.917,0.57,0.544,True,999,0.00011754198931157589,0.0008587910560891032,near_2x2_bal_strong_500,near_boundary,False,1928,2065082011,9.992007221626409e-16,0,0
500,500,1.9832468438618633e-06,0.0003060852032757966,-0.0010041118467825072,-0.0007907247379534965,-0.0003041019564319347,-0.00021338710882901069,0.0010745984365083284,-0.2829912515227988,-0.1985738128582852,0.7771835432872647,0.8425961399596668,0.984,0.776,0.828,True,999,0.00011587492190301418,0.0008802920347079635,near_2x2_bal_strong_500,near_boundary,False,1929,2065082011,9.992007221626409e-16,0,0
500,500,0.0005473393953390193,0.0020808232761781453,-0.0004588110323879846,0.0010390037227807625,-0.001533483880839126,-0.001497814755168747,0.0033848239621849705,-0.45304686387567167,-0.4425089079675146,0.6505149962360448,0.6581209856539096,0.919,0.668,0.676,True,999,0.0001152500044554472,0.0009369170293211937,near_2x2_bal_strong_500,near_boundary,False,1930,2065082011,9.992007221626409e-16,0,0
500,500,1.6297022749967027e-05,0.0025599159915752345,-0.0009897731416685929,0.0005594553440033678,-0.0025436189688252675,-0.0015492284856719607,0.002661465080483022,-0.9557213384004395,-0.5820961157945365,0.33921303892810006,0.5605019413229347,0.841,0.351,0.572,True,999,0.0001246670726686716,0.0008321669884026051,near_2x2_bal_strong_500,near_boundary,False,1931,2065082011,9.992007221626409e-16,0,0
500,500,0.0049543408361472085,0.0014514988746404112,0.003948129818866164,0.000397585582135207,0.0035028419615067974,0.003550544236730957,0.005118125412328113,0.6843994000360843,0.6937196630974893,0.4937229947674362,0.487858032308802,0.839,0.488,0.479,True,999,0.00011133297812193632,0.0008384169777855277,near_2x2_bal_strong_500,near_boundary,False,1932,2065082011,9.992007221626409e-16,0,0
500,500,0.00011237224555937786,0.0001081686875719634,-0.0008936790296729669,-0.0009543640437641443,4.203557987414452e-06,6.0685014091177436e-05,0.0009464767822569374,0.0044412689948830925,0.064116748798074,0.9964563916881498,0.9488772656736308,1.0,0.997,0.942,True,999,0.00011754105798900127,0.0008635419653728604,near_2x2_bal_strong_500,near_boundary,False,1933,2065082011,9.992007221626409e-16,0,0
500,500,0.0026294086738435363,4.784077680197729e-05,0.0016233052919005786,-0.0010278431008146072,0.002581567897041559,0.0026511483927151858,0.003267490839696176,0.7900765522212155,0.81137133133071,0.4294830626032964,0.4171524576174467,0.861,0.408,0.395,True,999,0.0001228339970111847,0.0008720840560272336,near_2x2_bal_strong_500,near_boundary,False,1934,2065082011,9.992007221626409e-16,0,0
500,500,0.0016301518458013975,0.0044384457365040375,0.0006240320074084593,0.0033995614965078857,-0.00280829389070264,-0.0027755294890994264,0.005199757266792254,-0.5400817281678775,-0.5337805875718615,0.589140670988156,0.593493345993245,0.84,0.581,0.588,True,999,0.00011691695544868708,0.0008510000770911574,near_2x2_bal_strong_500,near_boundary,False,1935,2065082011,9.992007221626409e-16,0,0
500,500,0.0028828490589833944,0.008019496047284469,0.0018767347024777337,0.006986565114402765,-0.005136646988301075,-0.0051098304119250315,0.007055330838978071,-0.7280518951603255,-0.7242509994988646,0.46658181944253796,0.46891165372100174,0.764,0.456,0.461,True,999,0.00011837494093924761,0.0008492089109495282,near_2x2_bal_strong_500,near_boundary,False,1936,2065082011,9.992007221626409e-16,0,0
500,500,0.0019042382729866913,5.9962963492088406e-05,0.0008981271448647021,-0.0010156730080552734,0.001844275309494603,0.0019138001529199755,0.0027991337442956027,0.6588735937513096,0.683711579277031,0.509976943935438,0.4941573101507105,0.875,0.497,0.488,True,999,0.00011562497820705175,0.0009137080051004887,near_2x2_bal_strong_500,near_boundary,False,1937,2065082011,9.992007221626409e-16,0,0
500,500,0.004456776305242993,0.00012354994399604857,0.00345060782734663,-0.0009389540138329266,0.004333226361246945,0.004389561841179557,0.004273412847000376,1.0139966617755065,1.0271794461096144,0.31058434518578837,0.3043359746100731,0.737,0.3,0.3,True,999,0.00012179091572761536,0.0009217920014634728,near_2x2_bal_strong_500,near_boundary,False,1938,2065082011,9.992007221626409e-16,0,0
500,500,0.0005126164882602868,0.00017283442472071364,-0.0004934277219490468,-0.0009027393453777677,0.0003397820635395732,0.00040931162342872085,0.0016467779576879284,0.2063314376739814,0.2485530131842384,0.836532023114868,0.8037065580007494,0.95,0.811,0.781,True,999,0.00012158299796283245,0.0008313329890370369,near_2x2_bal_strong_500,near_boundary,False,1939,2065082011,9.992007221626409e-16,0,0
500,500,0.00028027579853773243,0.00011969575503090191,-0.0007257703209120336,-0.0009334392090352139,0.00016058004350683053,0.0002076688881231803,0.0012703759632022589,0.126403559385722,0.16347041674159649,0.8994124847713753,0.8701480638369385,0.985,0.894,0.867,True,999,0.00011583301238715649,0.0008336669998243451,near_2x2_bal_strong_500,near_boundary,False,1940,2065082011,9.992007221626409e-16,0,0
500,500,0.01808765073580587,0.0014945305876780668,0.01708095685319222,0.0004312386087121922,0.016593120148127805,0.016649718244480027,0.008813115241960892,1.8827758054410604,1.8891978361076684,0.05973075722746875,0.058865324584559474,0.397,0.072,0.072,True,999,0.00012316706124693155,0.0008642079774290323,near_2x2_bal_strong_500,near_boundary,False,1941,2065082011,9.992007221626409e-16,0,0
500,500,0.0021878598973624763,0.009622567327195741,0.0011817483871823242,0.008591712128549034,-0.007434707429833265,-0.00740996374136671,0.007410420599693907,-1.0032773888894189,-0.9999383492041981,0.3157270426048605,0.31734034415805623,0.615,0.283,0.283,True,999,0.00011620798613876104,0.0008548750774934888,near_2x2_bal_strong_500,near_boundary,False,1942,2065082011,9.992007221626409e-16,0,0
500,500,0.0020351173469234096,0.001793541728009107,0.0010290365443665905,0.0007518066842067128,0.00024157561891430257,0.0002772298601598777,0.0040058430299447076,0.06030581256141657,0.06920637131497993,0.9519120726194362,0.9448253516937146,0.99,0.944,0.932,True,999,0.00011616700794547796,0.0008421669481322169,near_2x2_bal_strong_500,near_boundary,False,1943,2065082011,9.992007221626409e-16,0,0
500,500,0.00020004215114366453,0.006840524811331461,-0.0008059961888307043,0.005804969756468381,-0.006640482660187796,-0.006610965945299085,0.005777051645552454,-1.1494587667915463,-1.1443494624786041,0.2503668597471699,0.2524787380005189,0.594,0.228,0.228,True,999,0.00012337497901171446,0.0008546669268980622,near_2x2_bal_strong_500,near_boundary,False,1944,2065082011,9.992007221626409e-16,0,0
500,500,0.0035038676703259553,0.0018613127718858924,0.002497750213251493,0.0008195019925949509,0.0016425548984400629,0.0016782482206565419,0.004711983046809764,0.3485910034315914,0.356166014178,0.7273963827977535,0.7217162420231074,0.934,0.749,0.742,True,999,0.00011545896995812654,0.0008741669589653611,near_2x2_bal_strong_500,near_boundary,False,1945,2065082011,9.992007221626409e-16,0,0
500,500,0.008244234869978717,0.0030458215521188547,0.007238008770059423,0.0020141116132776915,0.005198413317859862,0.005223897156781732,0.006798217095344115,0.7646730377910543,0.7684216440159604,0.4444662652401965,0.442236725676434,0.732,0.418,0.414,True,999,0.00011529203038662672,0.0009104169439524412,near_2x2_bal_strong_500,near_boundary,False,1946,2065082011,9.992007221626409e-16,0,0
500,500,0.0004306790278092443,0.0051306276922308824,-0.0005754016223136205,0.004095545604286599,-0.004699948664421638,-0.0046709472266002194,0.0050531392402537205,-0.9301047212357544,-0.9243654299867836,0.35231686654928784,0.3552960871981379,0.688,0.348,0.349,True,999,0.00013404095079749823,0.0008399999933317304,near_2x2_bal_strong_500,near_boundary,False,1947,2065082011,9.992007221626409e-16,0,0
500,500,0.00042490080710788636,0.004764718290082071,-0.0005812597349290627,0.0037165987160392433,-0.004339817482974184,-0.004297858450968306,0.004964703966066522,-0.8741341906056429,-0.8656827235508767,0.38204517968499807,0.3866641767857961,0.723,0.394,0.397,True,999,0.00011070794425904751,0.0008427079301327467,near_2x2_bal_strong_500,near_boundary,False,1948,2065082011,9.992007221626409e-16,0,0
500,500,0.0020582953457463082,0.0062769502729338456,0.0010522148698441924,0.005244385806150831,-0.004218654927187537,-0.004192170936306638,0.006123165649613397,-0.688966323727318,-0.6846411115092604,0.4908444601909755,0.49357041776371713,0.776,0.504,0.506,True,999,0.00011595804244279861,0.0008578329579904675,near_2x2_bal_strong_500,near_boundary,False,1949,2065082011,9.992007221626409e-16,0,0
500,500,0.0035120500151024636,0.006686532796929379,0.002505878779629711,0.005647385029106999,-0.003174482781826915,-0.0031415062494772883,0.0067982178796520375,-0.4669580819597678,-0.46210732063769694,0.6405298688582922,0.6440043606782875,0.862,0.654,0.654,True,999,0.00011570809874683619,0.0008606249466538429,near_2x2_bal_strong_500,near_boundary,False,1950,2065082011,9.992007221626409e-16,0,0
500,500,0.0012885028215564587,0.005379372844783681,0.00028237461157232246,0.004340743952354842,-0.004090870023227222,-0.004058369340782519,0.005525936320248958,-0.7403035044462687,-0.7344220247184606,0.4591158550182687,0.46269156749695795,0.795,0.482,0.486,True,999,0.0001241250429302454,0.0008603750029578805,near_2x2_bal_strong_500,near_boundary,False,1951,2065082011,9.992007221626409e-16,0,0
500,500,2.503552075650006e-07,0.0020649886008233254,-0.0010058660732283897,0.0010109043817010388,-0.0020647382456157604,-0.0020167704549294285,0.003067891154554331,-0.6730154824921429,-0.657380054678766,0.5009374411452496,0.5109365731119158,0.846,0.484,0.494,True,999,0.00011787493713200092,0.0008717080345377326,near_2x2_bal_strong_500,near_boundary,False,1952,2065082011,9.992007221626409e-16,0,0
500,500,0.00035376460036362634,0.012910821752836754,-0.0006522978807197433,0.01187912077728015,-0.012557057152473128,-0.012531418657999893,0.008089527353778367,-1.552260917519256,-1.5490915735820903,0.12059980530762608,0.12135970824529595,0.466,0.116,0.117,True,999,0.00011862500105053186,0.0008791249711066484,near_2x2_bal_strong_500,near_boundary,False,1953,2065082011,9.992007221626409e-16,0,0
500,500,0.0034300424506208405,0.0013523065333884698,0.002423913791119503,0.000298534836986164,0.0020777359172323706,0.002125378954133339,0.004435851976450352,0.4683961341052259,0.47913658197271614,0.6395013321068979,0.6318414665846837,0.891,0.612,0.607,True,999,0.00011891708709299564,0.0009186669485643506,near_2x2_bal_strong_500,near_boundary,False,1954,2065082011,9.992007221626409e-16,0,0
500,500,0.0020582953457463082,6.218934571089463e-06,0.0010522148698441924,-0.0010696077769978274,0.0020520764111752188,0.00212182264684202,0.0028706788296887172,0.7148401242077422,0.7391362018272521,0.4747078386272975,0.4598242960340345,0.88,0.476,0.458,True,999,0.00014350004494190216,0.0008410420268774033,near_2x2_bal_strong_500,near_boundary,False,1955,2065082011,9.992007221626409e-16,0,0
500,500,0.00502980895063132,6.996854547564046e-05,0.004023662234317271,-0.001027001989996279,0.00495984040515568,0.00505066422431355,0.004504263184024297,1.1011435616700245,1.121307529770291,0.2708341804529265,0.26215698152260336,0.763,0.275,0.265,True,999,0.00011337501928210258,0.0008416669443249702,near_2x2_bal_strong_500,near_boundary,False,1956,2065082011,9.992007221626409e-16,0,0
500,500,0.007081294005261696,0.007762874039446144,0.006075080571690705,0.0067299650388292775,-0.000681580034184448,-0.0006548844671385723,0.008065570947585593,-0.08450487121292724,-0.08119505381508177,0.9326550300290152,0.9352868330140299,0.972,0.939,0.942,True,999,0.0001217500539496541,0.0008687090594321489,near_2x2_bal_strong_500,near_boundary,False,1957,2065082011,9.992007221626409e-16,0,0
500,500,0.003813817270427622,0.00020645615111508642,0.0028076912054757486,-0.0008561265005937457,0.0036073611193125354,0.0036638177060694943,0.004007597120883582,0.9001306794324666,0.9142180702190215,0.3680507110442389,0.36060227087586116,0.808,0.34,0.339,True,999,0.00011812499724328518,0.000848333933390677,near_2x2_bal_strong_500,near_boundary,False,1958,2065082011,9.992007221626409e-16,0,0
500,500,0.001918468696804232,0.0004097505196378748,0.0009123035845277627,-0.0006529462199580394,0.0015087181771663571,0.001565249804485802,0.0030662680629242054,0.4920372733907482,0.5104738960732192,0.6226929940976006,0.6097194980332546,0.919,0.619,0.606,True,999,0.00011820800136774778,0.0008507909951731563,near_2x2_bal_strong_500,near_boundary,False,1959,2065082011,9.992007221626409e-16,0,0
500,500,0.005495587924465806,0.00649295029570679,0.004489416038722993,0.005453997378111808,-0.000997362371240984,-0.0009645813393888147,0.00728499250184649,-0.13690643758221957,-0.1324066344810001,0.8911047502992159,0.8946626673237807,0.952,0.883,0.885,True,999,0.00011712498962879181,0.0008866250282153487,near_2x2_bal_strong_500,near_boundary,False,1960,2065082011,9.992007221626409e-16,0,0
500,500,0.002585819516294774,0.00012347026918368975,0.001579728311355666,-0.0009525616409007398,0.002462349247111084,0.0025322899522564057,0.0032908544636242472,0.7482400921489786,0.7694931453965218,0.4543153523053113,0.4416006121845889,0.871,0.44,0.427,True,999,0.00011658307630568743,0.0008537080138921738,near_2x2_bal_strong_500,near_boundary,False,1961,2065082011,9.992007221626409e-16,0,0
500,500,0.003219273466812167,0.00040485649815957814,0.0022131590885692276,-0.00067148776449244,0.002814416968652589,0.0028846468530616676,0.0038174021452411504,0.7372597545587638,0.7556570524427786,0.4609644014078368,0.4498548399696568,0.892,0.467,0.467,True,999,0.00011870800517499447,0.0008514169603586197,near_2x2_bal_strong_500,near_boundary,False,1962,2065082011,9.992007221626409e-16,0,0
500,500,0.0003903661342526954,0.0002029259632314595,-0.0006156772892609297,-0.0008434742403551354,0.0001874401710212359,0.00022779695109420572,0.0015495620260496112,0.12096332245511207,0.1470073138504444,0.9037200862580799,0.8831262474266337,0.985,0.888,0.864,True,999,0.00011566700413823128,0.0009387920144945383,near_2x2_bal_strong_500,near_boundary,False,1963,2065082011,9.992007221626409e-16,0,0
500,500,0.0023610915822114276,4.161940934244157e-05,0.001354993663710502,-0.0010343064782034617,0.002319472172868986,0.0023893001419139637,0.0030970311650023396,0.74893407566573,0.7714808197327775,0.4538969407473402,0.44042198687748324,0.883,0.463,0.444,True,999,0.00012049998622387648,0.0008502500131726265,near_2x2_bal_strong_500,near_boundary,False,1964,2065082011,9.992007221626409e-16,0,0
500,500,0.002536891775191674,0.00999655135986438,0.0015307345523751792,0.008965606795953818,-0.0074596595846727065,-0.0074348722435786385,0.007634686413865518,-0.9770747847776771,-0.9738281103564395,0.32853213001026726,0.3301418931986727,0.671,0.344,0.345,True,999,0.00011462497059255838,0.0008179170545190573,near_2x2_bal_strong_500,near_boundary,False,1965,2065082011,9.992007221626409e-16,0,0
500,500,0.0017046947473673413,0.003161100017044227,0.0006985994716615096,0.0019331316259467712,-0.0014564052696768859,-0.0012345321542852616,0.004038115692557991,-0.36066457242940186,-0.30571985754653624,0.7183502116874885,0.7598179526259711,0.897,0.722,0.759,True,999,0.0001100829103961587,0.0008461250690743327,near_2x2_bal_strong_500,near_boundary,False,1966,2065082011,9.992007221626409e-16,0,0
500,500,1.9724517517971663e-05,0.0077037081071577584,-0.0009864157873948898,0.006675359388992774,-0.007683983589639787,-0.007661775176387664,0.005989707978813095,-1.2828644763350256,-1.2791567140650322,0.19953956029294917,0.20084187532540554,0.486,0.172,0.173,True,999,0.0001153330085799098,0.0008525829762220383,near_2x2_bal_strong_500,near_boundary,False,1967,2065082011,9.992007221626409e-16,0,0
500,500,0.003951794090723659,0.004065814598516959,0.002945658581609223,0.0030274689903819763,-0.00011402050779329986,-8.181040877275336e-05,0.005871149545777363,-0.019420474117424834,-0.013934308457803274,0.984505677504079,0.9888823901922477,0.996,0.986,0.991,True,999,0.00011825002729892731,0.0008474169299006462,near_2x2_bal_strong_500,near_boundary,False,1968,2065082011,9.992007221626409e-16,0,0
500,500,0.0023569766900503053,0.0010630791157096309,0.0013508779825315287,1.6318903931278328e-05,0.0012938975743406744,0.0013345590786002504,0.0037447023395884337,0.34552748309572767,0.3563858906732028,0.7296978525360869,0.721551594268439,0.92,0.714,0.708,True,999,0.0001153330085799098,0.0008767499821260571,near_2x2_bal_strong_500,near_boundary,False,1969,2065082011,9.992007221626409e-16,0,0
500,500,0.008891346931689581,0.001488511737068099,0.00788508849103664,0.0004345450291225461,0.007402835194621482,0.007450543461914094,0.0064713640657943815,1.1439373707547327,1.1513095826728943,0.2526496113312374,0.24960489624542093,0.687,0.256,0.252,True,999,0.0001152500044554472,0.0008464169222861528,near_2x2_bal_strong_500,near_boundary,False,1970,2065082011,9.992007221626409e-16,0,0
500,500,0.00012803824667950714,0.0010186120065361903,-0.0008779994475958119,-3.502336744531931e-05,-0.0008905737598566832,-0.0008429760801504926,0.0022287738870722927,-0.39958013014345606,-0.3782241370648066,0.6894657938027149,0.7052640961852317,0.945,0.691,0.696,True,999,0.0001152500044554472,0.0008875000057742,near_2x2_bal_strong_500,near_boundary,False,1971,2065082011,9.992007221626409e-16,0,0
500,500,0.0015619060203502233,0.00213057533380534,0.000555760283532436,0.0010764022337923507,-0.0005686693134551168,-0.0005206419502599147,0.003995980558920109,-0.14231033036076546,-0.13029141222864588,0.8868348871274063,0.8963358742030341,0.969,0.885,0.898,True,999,0.00014783407095819712,0.000856666942127049,near_2x2_bal_strong_500,near_boundary,False,1972,2065082011,9.992007221626409e-16,0,0
500,500,0.0004312546988074484,0.0001696665831514288,-0.000574842013406851,-0.0009064325569738685,0.0002615881156560196,0.00033159054356701745,0.0015602145891007698,0.16766162647330837,0.2125288058985077,0.8668494864099939,0.8316945071852093,0.988,0.859,0.822,True,999,0.00011220795568078756,0.0008509579347446561,near_2x2_bal_strong_500,near_boundary,False,1973,2065082011,9.992007221626409e-16,0,0
500,500,0.010028952969579175,0.000693625467374781,0.009022659544939415,-0.0003830297535785121,0.009335327502204394,0.009405689298517927,0.006537965745390808,1.4278642418378673,1.4386262737991298,0.15333093765499856,0.150256438132569,0.608,0.149,0.143,True,999,0.00011800008360296488,0.0008641250897198915,near_2x2_bal_strong_500,near_boundary,False,1974,2065082011,9.992007221626409e-16,0,0
500,500,0.004144667549348946,0.00340931030212277,0.003138528679016872,0.0023746101191477464,0.000735357247226176,0.0007639185598691256,0.0056445555583129,0.13027726268779374,0.13533723815404397,0.8963470684929349,0.8923452441166823,0.97,0.912,0.907,True,999,0.00011708296369761229,0.0008674169657751918,near_2x2_bal_strong_500,near_boundary,False,1975,2065082011,9.992007221626409e-16,0,0
500,500,0.0017632498846005262,0.0014913621434025082,0.0007571693005274938,0.00042807518985910065,0.00027188774119801806,0.0003290941106683931,0.003713074398595337,0.07322442590993429,0.08863116526641374,0.9416275294942076,0.9293750392442222,1.0,0.912,0.911,True,999,0.00012287497520446777,0.0008686250075697899,near_2x2_bal_strong_500,near_boundary,False,1976,2065082011,9.992007221626409e-16,0,0
500,500,0.0015818191704425333,0.0016473801072070526,0.000575735432505553,0.0005839932287017291,-6.556093676451935e-05,-8.25779619617606e-06,0.003717318889588859,-0.017636618948171673,-0.002221438741589744,0.9859287435184292,0.9982275497830946,0.991,0.973,0.995,True,999,0.00011724990326911211,0.000853167031891644,near_2x2_bal_strong_500,near_boundary,False,1977,2065082011,9.992007221626409e-16,0,0
500,500,0.005816737549188322,0.009166741329852734,0.004810562025681975,0.008130535415205031,-0.0033500037806644123,-0.0033199733895230565,0.008256230455719821,-0.40575463568165887,-0.40211733518448695,0.6849228936407954,0.6875976755044955,0.853,0.702,0.704,True,999,0.00012112502008676529,0.0008647500071674585,near_2x2_bal_strong_500,near_boundary,False,1978,2065082011,9.992007221626409e-16,0,0
500,500,0.00048545847519310126,0.0008825616280869752,-0.0005206496781511305,-0.0001642475950802691,-0.000397103152893874,-0.0003564020830708614,0.0023963478979638427,-0.16571181222529888,-0.14872718747294303,0.8683837497740843,0.881768907324063,0.984,0.857,0.879,True,999,0.00011641695164144039,0.0008639580337330699,near_2x2_bal_strong_500,near_boundary,False,1979,2065082011,9.992007221626409e-16,0,0
500,500,0.006423866011313617,0.001730908771345796,0.005417660043008254,0.0006838473849484217,0.004692957239967821,0.004733812658059833,0.005764381488084797,0.8141302323013054,0.8212177954989289,0.41557034821036765,0.41152222186630505,0.759,0.406,0.405,True,999,0.00011620903387665749,0.0008908748859539628,near_2x2_bal_strong_500,near_boundary,False,1980,2065082011,9.992007221626409e-16,0,0
500,500,0.000373391306434101,0.0038988392209704514,-0.0006326666784275403,0.0028563376308454735,-0.0035254479145363504,-0.003489004309273014,0.0044300990523181896,-0.7957943768077935,-0.7875680132811662,0.42615156067375526,0.4309494308149394,0.812,0.433,0.438,True,999,0.0001141249667853117,0.0008371250005438924,near_2x2_bal_strong_500,near_boundary,False,1981,2065082011,9.992007221626409e-16,0,0
500,500,0.0010117595056742257,0.00031622672260867013,5.644873169785569e-06,-0.0007599996977774026,0.0006955327830655555,0.0007656445709471882,0.002321498585635206,0.2996050858567483,0.3298061759265269,0.7644784043437979,0.7415464205337807,0.952,0.757,0.737,True,999,0.00011087500024586916,0.0008472499903291464,near_2x2_bal_strong_500,near_boundary,False,1982,2065082011,9.992007221626409e-16,0,0
500,500,0.004604195015959767,0.0038877051285403086,0.003598059770126838,0.0028396698934045617,0.0007164898874194581,0.0007583898767222763,0.0060551148909166975,0.11832804171796434,0.12524780956013568,0.9058077393978982,0.9003273686541051,0.967,0.914,0.91,True,999,0.00011675001587718725,0.0008495000656694174,near_2x2_bal_strong_500,near_boundary,False,1983,2065082011,9.992007221626409e-16,0,0
500,500,0.007297179902211903,0.004717358663339111,0.006290965978053009,0.003677811886944937,0.0025798212388727926,0.002613154091108072,0.007128720952602115,0.3618911802026856,0.36656703334056334,0.7174333510617523,0.7139420024907974,0.886,0.719,0.717,True,999,0.0001134589547291398,0.0008452499751001596,near_2x2_bal_strong_500,near_boundary,False,1984,2065082011,9.992007221626409e-16,0,0
500,500,0.0037232578425850926,0.005044748237574059,0.002717118131499774,0.004001903652863348,-0.0013214903949889667,-0.001284785521363574,0.006233421662494637,-0.21200080253516843,-0.2061124035766575,0.8321064082211032,0.8367031101352883,0.943,0.851,0.858,True,999,0.0001170838950201869,0.0008527499157935381,near_2x2_bal_strong_500,near_boundary,False,1985,2065082011,9.992007221626409e-16,0,0
500,500,0.0008825983940156101,3.9125415301821675e-05,-0.000123485159917891,-0.001036534422155455,0.0008434729787137885,0.0009130492622375641,0.001918583464086941,0.43963319527263806,0.4758975980604976,0.6602027943284317,0.634147333476307,0.944,0.671,0.646,True,999,0.00011533289216458797,0.0008891670731827617,near_2x2_bal_strong_500,near_boundary,False,1986,2065082011,9.992007221626409e-16,0,0
500,500,0.00014031334953801267,0.007960424462837012,-0.0008657536021701162,0.006924227835980901,-0.007820111113299,-0.007789981438151017,0.006242490403642561,-1.2527229691431931,-1.2478964218520028,0.2103065438221584,0.2120689911886292,0.574,0.219,0.224,True,999,0.0001247089821845293,0.000856042024679482,near_2x2_bal_strong_500,near_boundary,False,1987,2065082011,9.992007221626409e-16,0,0
500,500,0.0031094032108528458,0.009901119157959992,0.0021032851315112566,0.008872235972575027,-0.0067917159471071464,-0.00676895084106377,0.007710011608721278,-0.8808956836620855,-0.8779430154692613,0.37837428392401895,0.37997464392179015,0.662,0.362,0.365,True,999,0.0001153749180957675,0.0009227079572156072,near_2x2_bal_strong_500,near_boundary,False,1988,2065082011,9.992007221626409e-16,0,0
500,500,0.00547883639512825,0.0014769427569679694,0.004472670538234524,0.0004349166900965429,0.004001893638160281,0.0040377538481379815,0.005314105905523899,0.7530699819136834,0.7598180992104095,0.451407861697381,0.4473633226438255,0.811,0.453,0.444,True,999,0.00011595804244279861,0.0008656249847263098,near_2x2_bal_strong_500,near_boundary,False,1989,2065082011,9.992007221626409e-16,0,0
500,500,7.609824518306496e-07,0.0019320579679669159,-0.0010052940688183298,0.0008848714845157701,-0.0019312969855150852,-0.0018901655533341,0.002941933261921078,-0.6564720588712305,-0.642490969390592,0.5115204396739959,0.5205544509454165,0.878,0.53,0.53,True,999,0.00011487491428852081,0.0008823750540614128,near_2x2_bal_strong_500,near_boundary,False,1990,2065082011,9.992007221626409e-16,0,0
500,500,0.0018292945285834916,4.433505293333084e-06,0.0008230921644098999,-0.001057903919246428,0.0018248610232901585,0.0018809960836563278,0.0027057738684250978,0.6744322001869001,0.6951785977411209,0.5000365767992254,0.4869433831522618,0.894,0.487,0.479,True,999,0.00011745805386453867,0.0008336660685017705,near_2x2_bal_strong_500,near_boundary,False,1991,2065082011,9.992007221626409e-16,0,0
500,500,0.0019893110931294977,0.0015034151231747006,0.0009832121135104899,0.00046178977825661605,0.0004858959699547971,0.0005214223352538738,0.0038110871886038325,0.1274953696697771,0.13681721499656732,0.8985483377448844,0.8911752760059017,0.977,0.894,0.889,True,999,0.00011416594497859478,0.0008295830339193344,near_2x2_bal_strong_500,near_boundary,False,1992,2065082011,9.992007221626409e-16,0,0
500,500,0.0019728855828842207,0.001799578412803704,0.0009667717300203549,0.0007619586465352768,0.00017330717008051666,0.0002048130834850781,0.003969804104020943,0.04365635319510525,0.05159274314760937,0.965178331126487,0.9588532017699976,0.99,0.971,0.966,True,999,0.00011791696306318045,0.000833250000141561,near_2x2_bal_strong_500,near_boundary,False,1993,2065082011,9.992007221626409e-16,0,0
500,500,0.0015895008101515229,0.0055595485157801106,0.0005834189417441848,0.0045111230022882864,-0.003970047705628588,-0.003927704060544102,0.005794144046104894,-0.6851827766169271,-0.6778747696451377,0.4932285908928876,0.4978510984257133,0.806,0.485,0.489,True,999,0.00011708401143550873,0.0008689999813213944,near_2x2_bal_strong_500,near_boundary,False,1994,2065082011,9.992007221626409e-16,0,0
500,500,0.004525767548666071,0.00981098900079408,0.003519622938483735,0.008777583768335262,-0.005285221452128008,-0.005257960829851527,0.008115104060170346,-0.6512820307589581,-0.6479227858159043,0.5148644457887311,0.5170348924054783,0.728,0.512,0.512,True,999,0.00011625001206994057,0.000847332994453609,near_2x2_bal_strong_500,near_boundary,False,1995,2065082011,9.992007221626409e-16,0,0
500,500,0.003414234818844064,0.0021149716649222494,0.0024081002205775803,0.0010678218546331664,0.0012992631539218147,0.001340278365944414,0.00481070431407147,0.27007753316316424,0.27860335585873675,0.7871006060025496,0.7805492370433154,0.914,0.747,0.746,True,999,0.00011512497439980507,0.0008780000498518348,near_2x2_bal_strong_500,near_boundary,False,1996,2065082011,9.992007221626409e-16,0,0
500,500,0.0035074566671385865,0.0031985439343886757,0.002501343252959032,0.0021604729948592194,0.0003089127327499108,0.0003408702580998124,0.005334903726587171,0.05790408760525611,0.06389435978029784,0.953825027149407,0.9490543433472759,0.986,0.959,0.954,True,999,0.0001265830360352993,0.000945042003877461,near_2x2_bal_strong_500,near_boundary,False,1997,2065082011,9.992007221626409e-16,0,0
500,500,0.0013631861876723939,0.00392761126506902,0.00035712009275812306,0.002889398819007738,-0.002564425077396626,-0.002532278726249615,0.00484761006924099,-0.5290081175605257,-0.5223767361812796,0.5967998187219321,0.6014080503696588,0.889,0.632,0.632,True,999,0.0001202909043058753,0.0008300840854644775,near_2x2_bal_strong_500,near_boundary,False,1998,2065082011,9.992007221626409e-16,0,0
500,500,0.001015019723024646,0.004493354137254546,8.931183970162238e-06,0.0034547433385228032,-0.0034783344142299,-0.003445812154552641,0.004989892409013273,-0.6970760347351305,-0.6905584072972094,0.48575521117219345,0.4898430931461746,0.782,0.483,0.489,True,999,0.00011654198169708252,0.000826624920591712,near_2x2_bal_strong_500,near_boundary,False,1999,2065082011,9.992007221626409e-16,0,0
1000,1000,0.010520153990632553,0.011666481123254302,0.002420067580715113,0.002653481971663041,-0.0011463271326217495,-0.00023341439094792804,0.006461507638289135,-0.17740861681087042,-0.03612382806216585,0.8591874394390447,0.9711836226788165,0.957,0.859,0.977,True,999,0.00013525004032999277,0.002707500010728836,near_5x5_bal_strong_1000,near_boundary,False,0,1389927733,1.887379141862766e-15,0,5
1000,1000,0.01801018253079989,0.015722825034905408,0.009908348612952977,0.006618273556625809,0.002287357495894482,0.0032900750563271686,0.008348227706322648,0.2739931847045954,0.39410461382544515,0.784089859140384,0.6935038047731346,0.914,0.786,0.695,True,999,0.00012329209130257368,0.002747124992311001,near_5x5_bal_strong_1000,near_boundary,False,1,1389927733,1.887379141862766e-15,0,4
1000,1000,0.017606987059573642,0.00723650863425529,0.009504694108500189,-0.0031818840287201056,0.010370478425318352,0.012686578137220295,0.006903535989037148,1.5021980680316185,1.8376927646015968,0.13304596363818075,0.06610769064342967,0.625,0.126,0.062,True,999,0.00013712502550333738,0.0027187090599909425,near_5x5_bal_strong_1000,near_boundary,False,2,1389927733,1.887379141862766e-15,0,4
1000,1000,0.011280700264904686,0.016800855117180102,0.003178932831815473,0.009462909744229364,-0.005520154852275416,-0.006283976912413891,0.007613853755524066,-0.7250145628644873,-0.8253345958811841,0.46844309641283277,0.40918165575499743,0.832,0.484,0.42,True,999,0.00012970902025699615,0.0026520000537857413,near_5x5_bal_strong_1000,near_boundary,False,3,1389927733,1.887379141862766e-15,0,7
1000,1000,0.008886855148616535,0.017821008877362432,0.0007869009225487389,0.011255987366951103,-0.008934153728745897,-0.010469086444402365,0.007535125205106909,-1.1856675882028875,-1.3893712658293949,0.23575359919931538,0.16471988321924314,0.667,0.218,0.141,True,999,0.00012912496458739042,0.002717167022638023,near_5x5_bal_strong_1000,near_boundary,False,4,1389927733,1.887379141862766e-15,0,7
1000,1000,0.009673280260702022,0.010498671339227217,0.0015722187613391725,0.0010784074912066899,-0.000825391078525195,0.0004938112701324826,0.00634598877244996,-0.13006500769564724,0.07781470907674481,0.8965149947149594,0.937975445776874,0.966,0.876,0.922,True,999,0.00012283294927328825,0.002813874976709485,near_5x5_bal_strong_1000,near_boundary,False,5,1389927733,1.887379141862766e-15,0,5
1000,1000,0.016440146005946676,0.011647037825361195,0.008338944762726896,0.0008840554241373866,0.004793108180585481,0.00745488933858951,0.007701142398320138,0.6223892420988099,0.9680238272461571,0.5336859525695408,0.333032469980735,0.846,0.542,0.334,True,999,0.00012262503150850534,0.0026343329809606075,near_5x5_bal_strong_1000,near_boundary,False,6,1389927733,1.887379141862766e-15,0,4
1000,1000,0.018838229848563648,0.012417706102055559,0.010735349521382886,0.004016858846057403,0.006420523746508089,0.006718490675325484,0.00794583780471541,0.80803609440629,0.8455358441042473,0.41906980403340366,0.3978117285695888,0.771,0.405,0.383,True,999,0.00012645800597965717,0.002680166973732412,near_5x5_bal_strong_1000,near_boundary,False,7,1389927733,1.887379141862766e-15,0,6
1000,1000,0.013349311456481328,0.011003839339816412,0.005248125951993643,0.0035833584042279654,0.002345472116664915,0.0016647675477656776,0.007056834721662077,0.3323688607110374,0.2359085359694494,0.7396107488605256,0.8135036444309103,0.922,0.764,0.823,True,999,0.00012450001668184996,0.0028108329279348254,near_5x5_bal_strong_1000,near_boundary,False,8,1389927733,1.887379141862766e-15,0,7
1000,1000,0.0076273995481423995,0.013000817570893941,-0.0004726295544514869,0.0043494142390727575,-0.005373418022751542,-0.004822043793524244,0.006598650037659966,-0.8143208068444678,-0.7307621658981407,0.41546119303804074,0.46492443664666483,0.806,0.409,0.46,True,999,0.00011925003491342068,0.0026857920456677675,near_5x5_bal_strong_1000,near_boundary,False,9,1389927733,1.887379141862766e-15,0,5
1000,1000,0.0077582614233018266,0.009305451268789011,-0.0003411829923152254,0.0005011763400943892,-0.0015471898454871846,-0.0008423593324096146,0.005408812680107604,-0.28604981111240935,-0.1557383075046438,0.7748399709489465,0.8762393005429279,0.946,0.744,0.862,True,999,0.00012125005014240742,0.0026992919156327844,near_5x5_bal_strong_1000,near_boundary,False,10,1389927733,1.887379141862766e-15,0,6
1000,1000,0.01035072511583146,0.008716514405910758,0.0022503761365442188,2.4175985799956834e-05,0.0016342107099207026,0.002226200150744262,0.0057852764041350134,0.2824775509001876,0.3848044579431141,0.7775773577595646,0.7003822960304629,0.939,0.779,0.698,True,999,0.00011983409058302641,0.0027514590183272958,near_5x5_bal_strong_1000,near_boundary,False,11,1389927733,1.887379141862766e-15,0,5
1000,1000,0.012584550741426614,0.01557775723434307,0.004483933659230388,0.006570541998655699,-0.002993206492916456,-0.002086608339425311,0.007916491937396696,-0.37809758622715894,-0.2635773971509258,0.7053581013696577,0.7921055772389054,0.889,0.701,0.781,True,999,0.00012116599828004837,0.0027162920450791717,near_5x5_bal_strong_1000,near_boundary,False,12,1389927733,1.887379141862766e-15,0,5
1000,1000,0.008593083797281631,0.011755476206999627,0.0004932303124860482,0.005336451219932314,-0.0031623924097179956,-0.004843220907446266,0.006078628250376103,-0.520247707124108,-0.7967621489513859,0.6028909380582095,0.425589181804229,0.875,0.605,0.428,True,999,0.00012274994514882565,0.0027012500213459134,near_5x5_bal_strong_1000,near_boundary,False,13,1389927733,1.887379141862766e-15,0,8
1000,1000,0.016069987952430198,0.018044082455330623,0.007968658838080955,0.011069555237440909,-0.0019740945029004253,-0.0031008963993599536,0.00851926298685229,-0.23172127752682706,-0.36398646269583906,0.8167545040566051,0.7158681182407318,0.926,0.813,0.724,True,999,0.0001236249227076769,0.0027340000960975885,near_5x5_bal_strong_1000,near_boundary,False,14,1389927733,1.887379141862766e-15,0,7
1000,1000,0.01393649458495183,0.012585051764207156,0.005834870293483618,0.004797439886488064,0.001351442820744675,0.0010374304069955542,0.00739036106700058,0.18286560135459873,0.14037614638720233,0.8549034738777896,0.8883628036501182,0.949,0.847,0.888,True,999,0.00011883396655321121,0.002710083033889532,near_5x5_bal_strong_1000,near_boundary,False,15,1389927733,1.887379141862766e-15,0,7
1000,1000,0.015847801697361996,0.013759925965208586,0.007746497480184189,0.004769345070997133,0.0020878757321534103,0.002977152409187056,0.007867028990383084,0.26539570843144195,0.37843414748139675,0.7907046418430212,0.7051081050300434,0.929,0.777,0.69,True,999,0.00012258300557732582,0.0027225830126553774,near_5x5_bal_strong_1000,near_boundary,False,16,1389927733,1.887379141862766e-15,0,5
1000,1000,0.012758773152736103,0.01132852611414703,0.004658147979398564,0.001954448810977283,0.001430247038589072,0.0027036991684212808,0.006885001381082333,0.20773373299806586,0.39269406333746515,0.8354368770636079,0.694545455927593,0.946,0.829,0.713,True,999,0.0001693330705165863,0.002710375003516674,near_5x5_bal_strong_1000,near_boundary,False,17,1389927733,1.887379141862766e-15,0,5
1000,1000,0.01163125553196509,0.014678736324682473,0.0035301498535318387,0.009303846168620566,-0.003047480792717383,-0.005773696315088728,0.00760103250850693,-0.4009298459527309,-0.7595936879137035,0.6884717752278142,0.4474974933127611,0.896,0.712,0.462,True,999,0.00012416706886142492,0.002718999981880188,near_5x5_bal_strong_1000,near_boundary,False,18,1389927733,1.887379141862766e-15,0,9
1000,1000,0.01894767502849004,0.020242939486897704,0.010846176236327665,0.012100104754154017,-0.0012952644584076634,-0.0012539285178263526,0.009184801611420945,-0.14102258417830738,-0.1365221123847837,0.8878521010402307,0.891408545048741,0.944,0.882,0.883,True,999,0.0001246670726686716,0.0027875829255208373,near_5x5_bal_strong_1000,near_boundary,False,19,1389927733,1.887379141862766e-15,0,5
1000,1000,0.012639587351599202,0.02493870316136959,0.004539115878060329,0.017410927279854604,-0.012299115809770389,-0.012871811401794275,0.00956400598687557,-1.2859795180647249,-1.3458598226996008,0.19845020992579576,0.17834772815260957,0.608,0.191,0.173,True,999,0.00014349992852658033,0.002804584102705121,near_5x5_bal_strong_1000,near_boundary,False,20,1389927733,1.887379141862766e-15,0,6
1000,1000,0.012194939154154039,0.015733087329629913,0.00409414032674249,0.009418483658066634,-0.003538148175475875,-0.005324343331324144,0.007681338768083777,-0.4606160829902465,-0.6931530416868178,0.6450740707764988,0.4882135137445164,0.867,0.62,0.483,True,999,0.0001271250657737255,0.0026703750481829047,near_5x5_bal_strong_1000,near_boundary,False,21,1389927733,1.887379141862766e-15,0,7
1000,1000,0.012118316330983037,0.017385754508982054,0.00401753725918752,0.00802456034421084,-0.005267438177999018,-0.00400702308502332,0.008249396430754816,-0.6385240692714593,-0.4857353042320309,0.5231325911364137,0.6271548492625936,0.835,0.531,0.639,True,999,0.0001217919634655118,0.0027610829565674067,near_5x5_bal_strong_1000,near_boundary,False,22,1389927733,1.887379141862766e-15,0,5
1000,1000,0.015873209362901042,0.0073203119638225456,0.007771232185405097,-0.0019160829243674016,0.008552897399078496,0.009687315109772499,0.0064498947550420465,1.326052241766035,1.5019338264705293,0.18482239371665476,0.13311419956995554,0.708,0.182,0.122,True,999,0.00012629094999283552,0.0027264170348644257,near_5x5_bal_strong_1000,near_boundary,False,23,1389927733,1.887379141862766e-15,0,6
1000,1000,0.009305797332905597,0.01764582515103391,0.0012060339806794218,0.008650194129131705,-0.008340027818128315,-0.0074441601484522835,0.00782439858654561,-1.065900174419712,-0.9514034933308276,0.28646877015113625,0.3413995876785366,0.71,0.275,0.323,True,999,0.0001289580250158906,0.0026780409971252084,near_5x5_bal_strong_1000,near_boundary,False,24,1389927733,1.887379141862766e-15,0,5
1000,1000,0.0138438403331691,0.009219118871888476,0.005741499724990717,0.001982545026464777,0.004624721461280623,0.0037589546985259403,0.0062885265593887706,0.735422108439045,0.5977480834383725,0.46208246143977094,0.5500080365860056,0.842,0.433,0.521,True,999,0.0001264589373022318,0.0027322920504957438,near_5x5_bal_strong_1000,near_boundary,False,25,1389927733,1.887379141862766e-15,0,8
1000,1000,0.01080623897515598,0.027160448898138956,0.0027057961979153333,0.01882117719537746,-0.016354209922982976,-0.016115380997462125,0.00932354682262766,-1.7540760221520355,-1.7284603492687043,0.07941748164891342,0.0839057238756725,0.448,0.079,0.079,True,999,0.00014999997802078724,0.00276608404237777,near_5x5_bal_strong_1000,near_boundary,False,26,1389927733,1.887379141862766e-15,0,5
1000,1000,0.015573097524561375,0.012276535514812836,0.007472133243027201,0.005629059091234012,0.003296562009748538,0.0018430741517931892,0.007495820226667674,0.4397866957935371,0.2458802500673822,0.6600916043574246,0.8057749327403678,0.88,0.655,0.796,True,999,0.0001267909538000822,0.0027049999916926026,near_5x5_bal_strong_1000,near_boundary,False,27,1389927733,1.887379141862766e-15,0,7
1000,1000,0.014961648339886446,0.009416313167822876,0.006859250745947065,0.0002441720803858516,0.00554533517206357,0.006615078665561214,0.006847974247509672,0.8097774570458091,0.9659905873575455,0.41806809111735976,0.33404889104000945,0.803,0.421,0.326,True,999,0.0001207499299198389,0.0027584159979596734,near_5x5_bal_strong_1000,near_boundary,False,28,1389927733,1.887379141862766e-15,0,6
1000,1000,0.011665584478779634,0.019836114099376634,0.003564654525007427,0.010595208196548356,-0.008170529620597,-0.007030553671540929,0.008587498237699264,-0.9514446925564696,-0.8186963743033656,0.3413786819292607,0.4129596657551253,0.751,0.346,0.42,True,999,0.00012333295308053493,0.002712832996621728,near_5x5_bal_strong_1000,near_boundary,False,29,1389927733,1.887379141862766e-15,0,4
1000,1000,0.012962917368253501,0.014084232808197261,0.0048607217438529915,0.006092800535327569,-0.0011213154399437597,-0.0012320787914745779,0.0076758472396734395,-0.14608360548762886,-0.16051371959390315,0.8838553884958376,0.872476415076155,0.972,0.89,0.88,True,999,0.00012608303222805262,0.0026771669508889318,near_5x5_bal_strong_1000,near_boundary,False,30,1389927733,1.887379141862766e-15,0,6
1000,1000,0.013365483878955198,0.018425812840506595,0.00526489681806197,0.010415333461992304,-0.005060328961551397,-0.005150436643930334,0.008567603345283958,-0.5906352987661196,-0.6011525553135457,0.5547648082847598,0.5477383816256622,0.796,0.524,0.515,True,999,0.00012120907194912434,0.0027929169591516256,near_5x5_bal_strong_1000,near_boundary,False,31,1389927733,1.887379141862766e-15,0,6
1000,1000,0.013468828197273464,0.014281614805549403,0.005367983105998064,0.008630585210653408,-0.0008127866082759394,-0.0032626021046553433,0.007560247187176076,-0.10750794096449824,-0.4315470147840496,0.914386025857544,0.6660706752202024,0.98,0.931,0.697,True,999,0.00013779103755950928,0.0026797499740496278,near_5x5_bal_strong_1000,near_boundary,False,32,1389927733,1.887379141862766e-15,0,8
1000,1000,0.013588941923330378,0.008099239790722579,0.005488014315687906,-0.0014811960838869709,0.005489702132607799,0.006969210399574877,0.006572331400228583,0.8352746990842351,1.060386334038556,0.4035630594322991,0.2889688767915609,0.809,0.398,0.277,True,999,0.0001460839994251728,0.002675333060324192,near_5x5_bal_strong_1000,near_boundary,False,33,1389927733,1.887379141862766e-15,0,6
1000,1000,0.016096317135242177,0.017205176980048587,0.007994576475084614,0.007526599508651088,-0.001108859844806409,0.0004679769664335254,0.008652759051342513,-0.12815101382423966,0.054084132431830134,0.8980294656331993,0.9568681342284069,0.961,0.901,0.958,True,999,0.0001206250162795186,0.0027441669953987002,near_5x5_bal_strong_1000,near_boundary,False,34,1389927733,1.887379141862766e-15,0,5
1000,1000,0.019899800677339208,0.014528359937271418,0.011797020885751408,0.005021502612862605,0.00537144074006779,0.006775518272888803,0.008461013744969222,0.6348460009607666,0.8007927273392522,0.525528858098617,0.4232516499940365,0.811,0.511,0.424,True,999,0.0001192920608446002,0.002656708937138319,near_5x5_bal_strong_1000,near_boundary,False,35,1389927733,1.887379141862766e-15,0,4
1000,1000,0.009962704244137033,0.023191053440095866,0.0018613391916915134,0.015126165927995316,-0.013228349195958833,-0.013264826736303803,0.008872633329261925,-1.4909157974929232,-1.4950270392169183,0.13598360326372733,0.1349073855361062,0.576,0.143,0.142,True,999,0.00012020801659673452,0.00270641699898988,near_5x5_bal_strong_1000,near_boundary,False,36,1389927733,1.887379141862766e-15,0,5
1000,1000,0.009103852746303653,0.00877177123657602,0.0010034114088739443,0.004309485104613486,0.00033208150972763306,-0.003306073695739542,0.005544253507151109,0.059896523364111415,-0.596306372260087,0.9522380488789891,0.5509705748705833,0.986,0.944,0.535,True,999,0.0001225409796461463,0.0027326670242473483,near_5x5_bal_strong_1000,near_boundary,False,37,1389927733,1.887379141862766e-15,0,10
1000,1000,0.01464699433469363,0.01033636206246058,0.006545937832697746,0.00057560462408901,0.00431063227223305,0.005970333208608736,0.007306660581490344,0.589959287715238,0.8171083276720326,0.5552179444252034,0.41386652431113835,0.83,0.563,0.402,True,999,0.00011716701555997133,0.0026912500616163015,near_5x5_bal_strong_1000,near_boundary,False,38,1389927733,1.887379141862766e-15,0,5
1000,1000,0.01165089636854355,0.012328025681540677,0.0035499670204899303,0.0043128905359139935,-0.0006771293129971268,-0.0007629235154240632,0.007013546773758059,-0.09654591818374678,-0.10877855955543403,0.9230870067900668,0.9133781298865477,0.967,0.926,0.914,True,999,0.00011970801278948784,0.002681874902918935,near_5x5_bal_strong_1000,near_boundary,False,39,1389927733,1.887379141862766e-15,0,6
1000,1000,0.019496754286166817,0.012579118483524387,0.01139468690553258,0.006592593017501258,0.00691763580264243,0.004802093888031322,0.007945966103555826,0.870584610164242,0.6043436160497062,0.3839810025148348,0.5456152140128793,0.755,0.379,0.531,True,999,0.00011983292642980814,0.002770292107015848,near_5x5_bal_strong_1000,near_boundary,False,40,1389927733,1.887379141862766e-15,0,8
1000,1000,0.02340166409831812,0.011729365548516113,0.015298667236493202,-0.0005383845438586832,0.011672298549802007,0.015837051780351885,0.008620918123925207,1.3539507488661162,1.837049320350242,0.17575209115605983,0.06620261476994918,0.616,0.172,0.06,True,999,0.00011979101691395044,0.0026915830094367266,near_5x5_bal_strong_1000,near_boundary,False,41,1389927733,1.887379141862766e-15,0,1
1000,1000,0.009508156096411424,0.01859658040887957,0.0014082293657793343,0.010633928762274536,-0.009088424312468146,-0.009225699396495202,0.008176926829705475,-1.1114718893473945,-1.1282599916364302,0.2663652834129714,0.25921013462818565,0.684,0.269,0.261,True,999,0.00012183305807411671,0.0026968750171363354,near_5x5_bal_strong_1000,near_boundary,False,42,1389927733,1.887379141862766e-15,0,6
1000,1000,0.00954034757665001,0.012433573721233271,0.0014406278885417123,0.001669858109494271,-0.0028932261445832608,-0.00022923022095255874,0.007009751040145766,-0.41274306719502224,-0.03270162087636595,0.6797948676755097,0.9739125313115129,0.906,0.669,0.973,True,999,0.00012079102452844381,0.002751291962340474,near_5x5_bal_strong_1000,near_boundary,False,43,1389927733,1.887379141862766e-15,0,4
1000,1000,0.014930661841578763,0.01510289983091484,0.006829618165056672,0.007768405155388791,-0.00017223798933607704,-0.0009387869903321189,0.007911186599063001,-0.021771448211887312,-0.118665762534701,0.9826302698132361,0.9055401623771441,0.991,0.978,0.894,True,999,0.00013099994976073503,0.002646417007781565,near_5x5_bal_strong_1000,near_boundary,False,44,1389927733,1.887379141862766e-15,0,7
1000,1000,0.014632638106146567,0.011194871312471988,0.006531629462187993,0.0030912075558262586,0.0034377667936745793,0.0034404219063617347,0.006841272628211677,0.5025039901930087,0.5028920923534469,0.6153130463001756,0.615040141071453,0.872,0.631,0.63,True,999,0.00012445799075067043,0.002704665996134281,near_5x5_bal_strong_1000,near_boundary,False,45,1389927733,1.887379141862766e-15,0,7
1000,1000,0.012419477139223645,0.007384417084162265,0.0043188150336845865,0.00014959337266873263,0.00503506005506138,0.004169221661015854,0.0057500175577509145,0.8756599444247287,0.7250798139556673,0.38121492702862314,0.4684030673923275,0.813,0.371,0.458,True,999,0.00012191606219857931,0.0027165000792592764,near_5x5_bal_strong_1000,near_boundary,False,46,1389927733,1.887379141862766e-15,0,8
1000,1000,0.01319165113316445,0.014067874605702801,0.0050906287870020606,0.007079738136269498,-0.0008762234725383511,-0.001989109349267437,0.007159953374159187,-0.1223783768900937,-0.2778103774315463,0.9025993625241382,0.7811579246104867,0.972,0.914,0.808,True,999,0.0001194999786093831,0.0026736250147223473,near_5x5_bal_strong_1000,near_boundary,False,47,1389927733,1.887379141862766e-15,0,7
1000,1000,0.011007433538231748,0.01961434743181778,0.002906621724150682,0.012826280413491986,-0.008606913893586032,-0.009919658689341304,0.008164524118849435,-1.0541843919249687,-1.214970835402371,0.29179850450780476,0.224377214986886,0.692,0.305,0.238,True,999,0.00012283294927328825,0.002721040975302458,near_5x5_bal_strong_1000,near_boundary,False,48,1389927733,1.887379141862766e-15,0,6
1000,1000,0.0184203201884221,0.016036389308757282,0.010317709166656641,0.0074154251020672746,0.0023839308796648195,0.0029022840645893666,0.008581644033298462,0.27779419309571685,0.33819674334287636,0.7811703490497699,0.735214929859817,0.922,0.764,0.729,True,999,0.00012004096060991287,0.002749042003415525,near_5x5_bal_strong_1000,near_boundary,False,49,1389927733,1.887379141862766e-15,0,5
1000,1000,0.019613455797505175,0.016951580279427003,0.011510104708577273,0.010848646941440165,0.0026618755180781717,0.000661457767137108,0.008352712984197675,0.3186839441405588,0.07919076932111833,0.7499661910587196,0.9368808865499796,0.912,0.739,0.942,True,999,0.00012387498281896114,0.0026635420508682728,near_5x5_bal_strong_1000,near_boundary,False,50,1389927733,1.887379141862766e-15,0,7
1000,1000,0.017736688600137773,0.014731215944889686,0.009634489673544522,0.006145932617585004,0.003005472655248087,0.003488557055959518,0.008339871114897167,0.360373993056024,0.41829867726949077,0.7185674724574291,0.6757287566234935,0.888,0.715,0.674,True,999,0.00012229196727275848,0.0026980419643223286,near_5x5_bal_strong_1000,near_boundary,False,51,1389927733,1.887379141862766e-15,0,5
1000,1000,0.016608635170589414,0.01346486949663761,0.008506144296234197,0.004279906092733654,0.003143765673951804,0.004226238203500543,0.0077540800387089544,0.40543374046410247,0.545034121701458,0.6851587139152208,0.5857300500188654,0.898,0.674,0.573,True,999,0.00012745894491672516,0.0027280410286039114,near_5x5_bal_strong_1000,near_boundary,False,52,1389927733,1.887379141862766e-15,0,4
1000,1000,0.007388409575465493,0.014333996497970347,-0.0007117601528534578,0.005702517454778899,-0.006945586922504854,-0.006414277607632357,0.006880939198001933,-1.0093951890349058,-0.9321805385949226,0.3127851448072466,0.35124323131125,0.785,0.294,0.343,True,999,0.0001368329394608736,0.002632457995787263,near_5x5_bal_strong_1000,near_boundary,False,53,1389927733,1.887379141862766e-15,0,5
1000,1000,0.008501979324265774,0.006850527214072422,0.0004022715063456417,-0.0003843926228910277,0.0016514521101933521,0.0007866641292366694,0.005009761058229251,0.32964688155747573,0.15702627732004518,0.7416667944326711,0.8752241386893884,0.939,0.712,0.866,True,999,0.00012191606219857931,0.0027263329830020666,near_5x5_bal_strong_1000,near_boundary,False,54,1389927733,1.887379141862766e-15,0,8
1000,1000,0.006147348179462497,0.012055013902725231,-0.0019524163601545297,0.0007234243823290853,-0.005907665723262734,-0.002675840742483615,0.006393784380163767,-0.9239701203548277,-0.4185065656554213,0.3555018728175159,0.675576787160604,0.785,0.336,0.673,True,999,0.00011962500866502523,0.002726542064920068,near_5x5_bal_strong_1000,near_boundary,False,55,1389927733,1.887379141862766e-15,0,3
1000,1000,0.020600789666789687,0.01901635274546054,0.012497393822059166,0.009587551971037556,0.0015844369213291465,0.0029098418510216106,0.00935982055388627,0.16928069424058306,0.31088649982861283,0.865575860593229,0.7558869078711538,0.941,0.849,0.762,True,999,0.00013054197188466787,0.002688041073270142,near_5x5_bal_strong_1000,near_boundary,False,56,1389927733,1.887379141862766e-15,0,4
1000,1000,0.019762547535341568,0.008395205647153403,0.011659013604912616,0.0021601643776421042,0.011367341888188165,0.009498849227270512,0.007093988957709044,1.6023906938613521,1.3389997198893444,0.10906924142780633,0.18057076409510675,0.615,0.107,0.186,True,999,0.00012091698590666056,0.0027097919955849648,near_5x5_bal_strong_1000,near_boundary,False,57,1389927733,1.887379141862766e-15,0,9
1000,1000,0.014572778351027882,0.016794159288984423,0.006471754097901794,0.01025652983753389,-0.002221380937956541,-0.003784775739632096,0.008136250445696762,-0.27302268443954086,-0.4651744393676884,0.7848357781227875,0.6418065416819885,0.931,0.795,0.651,True,999,0.0001235830131918192,0.0027535409899428487,near_5x5_bal_strong_1000,near_boundary,False,58,1389927733,1.887379141862766e-15,0,7
1000,1000,0.018172632940680833,0.012582747809321893,0.010070404582393166,0.00270387807302086,0.00558988513135894,0.0073665265093723065,0.00805172232295542,0.694247132122553,0.9149007148905739,0.4875272394726997,0.3602437547356663,0.795,0.494,0.369,True,999,0.0001235420349985361,0.002664458006620407,near_5x5_bal_strong_1000,near_boundary,False,59,1389927733,1.887379141862766e-15,0,3
1000,1000,0.009451451274022693,0.008136447099471089,0.0013513243741272163,-0.0026693321369748446,0.001315004174551604,0.004020656511102061,0.005890653805619092,0.22323569130768167,0.6825484307474933,0.8233520750971604,0.49489222979974457,0.945,0.823,0.486,True,999,0.00012112502008676529,0.0026933340122923255,near_5x5_bal_strong_1000,near_boundary,False,60,1389927733,1.887379141862766e-15,0,4
1000,1000,0.01831432850824699,0.014406181412623287,0.010212570302655877,0.008634045697817783,0.003908147095623704,0.001578524604838094,0.007748173653399225,0.5043959093391187,0.20372860437189283,0.6139831920562973,0.838565587901357,0.834,0.573,0.806,True,999,0.00012362503912299871,0.002705042017623782,near_5x5_bal_strong_1000,near_boundary,False,61,1389927733,1.887379141862766e-15,0,9
1000,1000,0.017238280044407972,0.013222256676428623,0.009136881483755133,0.003070698306316899,0.004016023367979349,0.0060661831774382335,0.007982584003144447,0.5030981655059794,0.7599272585228896,0.6148952564355478,0.447298066917597,0.869,0.613,0.439,True,999,0.00011991604696959257,0.0026452079182490706,near_5x5_bal_strong_1000,near_boundary,False,62,1389927733,1.887379141862766e-15,0,3
1000,1000,0.013689063953275848,0.01745957124100206,0.005586022342868091,0.009498757163669325,-0.0037705072877262102,-0.003912734820801234,0.008363850639945943,-0.45080997378386706,-0.46781500402624626,0.6521265122877027,0.6399168899610146,0.886,0.658,0.642,True,999,0.0001637920504435897,0.0027187500381842256,near_5x5_bal_strong_1000,near_boundary,False,63,1389927733,1.887379141862766e-15,0,6
1000,1000,0.013295537670578783,0.007297003648858658,0.005194702721610156,-0.0015530928361044971,0.0059985340217201255,0.006747795557714653,0.006054873037482854,0.9906952605919298,1.114440470665899,0.3218344060159678,0.2650902693939753,0.771,0.333,0.261,True,999,0.00011695805005729198,0.00267699989490211,near_5x5_bal_strong_1000,near_boundary,False,64,1389927733,1.887379141862766e-15,0,6
1000,1000,0.012408593474915408,0.01692430444204507,0.004307108915554636,0.006701946628140831,-0.00451571096712966,-0.0023948377125861953,0.008116034405500726,-0.5563937683740092,-0.295074859584512,0.5779416979994207,0.767936694270707,0.847,0.591,0.784,True,999,0.0001217500539496541,0.002693207934498787,near_5x5_bal_strong_1000,near_boundary,False,65,1389927733,1.887379141862766e-15,0,3
1000,1000,0.02207138973872569,0.013537364419002051,0.01396883029701712,0.004933767938496203,0.008534025319723637,0.009035062358520918,0.00860675596256938,0.9915495869567991,1.049763975859689,0.32141729179377776,0.29382664166759265,0.73,0.311,0.284,True,999,0.00014670798555016518,0.002688958076760173,near_5x5_bal_strong_1000,near_boundary,False,66,1389927733,1.887379141862766e-15,0,5
1000,1000,0.00881495427289436,0.009747553870909975,0.0007135924026897555,0.0026053499547629144,-0.0009325995980156154,-0.0018917575520731589,0.005652746337460347,-0.1649816818836084,-0.3346616740143842,0.8689584002114047,0.7378803156009801,0.966,0.852,0.714,True,999,0.00012304203119128942,0.0027049590134993196,near_5x5_bal_strong_1000,near_boundary,False,67,1389927733,1.887379141862766e-15,0,8
1000,1000,0.007860336563417336,0.012172638762977583,-0.00023942650977915036,0.001520913721492434,-0.004312302199560247,-0.0017603402312715843,0.006639757132580786,-0.6494668575150296,-0.26512117779635763,0.5160366618463965,0.7909161133946044,0.839,0.521,0.776,True,999,0.00012620806228369474,0.0027210419066250324,near_5x5_bal_strong_1000,near_boundary,False,68,1389927733,1.887379141862766e-15,0,3
1000,1000,0.018690914049440455,0.015887734717889734,0.010588920756163134,0.008552636740034814,0.0028031793315507203,0.0020362840161283202,0.008306689170142273,0.337460482044582,0.24513786111650593,0.7357697975127623,0.8063496881501271,0.906,0.753,0.806,True,999,0.00013924995437264442,0.002712207962758839,near_5x5_bal_strong_1000,near_boundary,False,69,1389927733,1.887379141862766e-15,0,7
1000,1000,0.02025057524736562,0.028692674737999635,0.012148340623070908,0.020966163814364336,-0.008442099490634014,-0.008817823191293428,0.01099074455535229,-0.7681098808290351,-0.8022953446770182,0.4424219071695771,0.42238213467550734,0.715,0.4,0.388,True,999,0.00012558395974338055,0.002691917004995048,near_5x5_bal_strong_1000,near_boundary,False,70,1389927733,1.887379141862766e-15,0,7
1000,1000,0.025598140668428027,0.011752607797852255,0.017494778915988718,0.006900452760532971,0.013845532870575772,0.010594326155455747,0.008505799741338884,1.6277755521665231,1.2455414514365362,0.10357248624137712,0.2129327885154838,0.572,0.093,0.196,True,999,0.0001217500539496541,0.0027098340215161443,near_5x5_bal_strong_1000,near_boundary,False,71,1389927733,1.887379141862766e-15,0,10
1000,1000,0.012132615689880888,0.011614797504112762,0.004031544606732496,0.0026269007765336028,0.0005178181857681263,0.0014046438301988928,0.006901557113455146,0.07502918214769211,0.203525640244348,0.9401914933287323,0.8387242070274283,0.982,0.937,0.836,True,999,0.00013045792002230883,0.0028160420479252934,near_5x5_bal_strong_1000,near_boundary,False,72,1389927733,1.887379141862766e-15,0,5
1000,1000,0.010924661771665622,0.00930527065499881,0.0028243359879525087,0.002842248286412996,0.001619391116666813,-1.7912298460487364e-05,0.005876877842958904,0.2755529653567681,-0.003047927647832278,0.7828914396035851,0.9975681093526728,0.935,0.787,0.997,True,999,0.00012858305126428604,0.0026638329727575183,near_5x5_bal_strong_1000,near_boundary,False,73,1389927733,1.887379141862766e-15,0,8
1000,1000,0.024736085635895355,0.016141738447796705,0.016631632967801124,0.010433104771777835,0.00859434718809865,0.00619852819602329,0.00898684260003109,0.9563255495393809,0.6897336997981746,0.3389077856237569,0.4903616691607737,0.691,0.314,0.447,True,999,0.00011999998241662979,0.0026758749736472964,near_5x5_bal_strong_1000,near_boundary,False,74,1389927733,1.887379141862766e-15,0,9
1000,1000,0.010621421734953174,0.011591201119801497,0.0025197693018981226,0.003783687507450395,-0.0009697793848483238,-0.0012639182055522724,0.006853050582590459,-0.14151061241426682,-0.18443147184162623,0.8874665769135439,0.8536749823123211,0.967,0.884,0.842,True,999,0.00012091605458408594,0.0028055839939042926,near_5x5_bal_strong_1000,near_boundary,False,75,1389927733,1.887379141862766e-15,0,7
1000,1000,0.013292489180543265,0.013446002681470393,0.005189311301364796,0.0028855321654646104,-0.00015351350092712712,0.002303779135900186,0.00776722262015929,-0.01976427204863337,0.29660269166495706,0.9842314190877003,0.766769855650479,0.995,0.984,0.767,True,999,0.00012145901564508677,0.0026737500447779894,near_5x5_bal_strong_1000,near_boundary,False,76,1389927733,1.887379141862766e-15,0,3
1000,1000,0.007633864632173637,0.013641116901402017,-0.0004657655701976182,0.005376750174264089,-0.00600725226922838,-0.005842515744461707,0.006590602677171274,-0.9114875472673356,-0.8864918780036896,0.36203854395431356,0.3753525288975219,0.798,0.347,0.355,True,999,0.00012037507258355618,0.0026861249934881926,near_5x5_bal_strong_1000,near_boundary,False,77,1389927733,1.887379141862766e-15,0,5
1000,1000,0.013659653962990737,0.013129527790341988,0.005559142112133486,0.004821484146248167,0.0005301261726487483,0.0007376579658853188,0.00735610525632021,0.07206614834572617,0.10027833210400827,0.9425492658597171,0.9201233592484472,0.982,0.934,0.916,True,999,0.0001265830360352993,0.002831874997355044,near_5x5_bal_strong_1000,near_boundary,False,78,1389927733,1.887379141862766e-15,0,6
1000,1000,0.016688396499181968,0.01790199845010032,0.008586294346514478,0.00899487797846632,-0.0012136019509183527,-0.0004085836319518421,0.008749268434612118,-0.13870896292509916,-0.046699176623211686,0.8896801351830063,0.9627529865910339,0.957,0.877,0.963,True,999,0.00011979194823652506,0.002678042044863105,near_5x5_bal_strong_1000,near_boundary,False,79,1389927733,1.887379141862766e-15,0,5
1000,1000,0.010114354173667017,0.012390400944345847,0.0020124922884861007,0.0029663909675150535,-0.00227604677067883,-0.0009538986790289528,0.006925564575574017,-0.3286442203869253,-0.1377358724504984,0.7424246199174933,0.8904491674692552,0.927,0.733,0.883,True,999,0.0001247500767931342,0.002756041008979082,near_5x5_bal_strong_1000,near_boundary,False,80,1389927733,1.887379141862766e-15,0,5
1000,1000,0.013600792757154645,0.01514980123013382,0.005499578022181595,0.004650962867629005,-0.0015490084729791742,0.00084861515455259,0.007951877222716635,-0.19479783573041382,0.10671884522164111,0.84555121667153,0.9150120316616527,0.953,0.861,0.924,True,999,0.00012462493032217026,0.002815291052684188,near_5x5_bal_strong_1000,near_boundary,False,81,1389927733,1.887379141862766e-15,0,2
1000,1000,0.007095868722382992,0.009706422796273206,-0.0010036638068413595,0.0013991688962846638,-0.0026105540738902144,-0.0024028327031260233,0.0055613337951293616,-0.4694115063146449,-0.43206050772036625,0.6387755253890057,0.6656974367044801,0.915,0.65,0.671,True,999,0.0001218749675899744,0.0026792079443112016,near_5x5_bal_strong_1000,near_boundary,False,82,1389927733,1.887379141862766e-15,0,5
1000,1000,0.00890869414540485,0.01543321917732604,0.0008077610680174985,0.008325959789885928,-0.006524525031921191,-0.00751819872186843,0.00699857465310424,-0.9322648332438973,-1.0742471280968202,0.3511996770534648,0.2827119349464261,0.779,0.344,0.273,True,999,0.00012025004252791405,0.0027086669579148293,near_5x5_bal_strong_1000,near_boundary,False,83,1389927733,1.887379141862766e-15,0,8
1000,1000,0.021131734129944624,0.020870724956984776,0.013028129911162978,0.01411416041122493,0.0002610091729598474,-0.001086030500061952,0.009352476638980315,0.0279080272568641,-0.11612223606477354,0.9777355061132675,0.9075556661955394,0.989,0.976,0.909,True,999,0.00011795898899435997,0.0027057089610025287,near_5x5_bal_strong_1000,near_boundary,False,84,1389927733,1.887379141862766e-15,0,6
1000,1000,0.006744344921289169,0.014598723252060408,-0.0013557078639223619,0.008484462096930656,-0.007854378330771239,-0.009840169960853018,0.006473471321627613,-1.2133178538275238,-1.5200762422438479,0.22500831945460464,0.12849181484040464,0.728,0.202,0.116,True,999,0.00011970906052738428,0.0026850419817492366,near_5x5_bal_strong_1000,near_boundary,False,85,1389927733,1.887379141862766e-15,0,9
1000,1000,0.013022614216010586,0.02244642132137714,0.004921294526184283,0.01396750458252427,-0.009423807105366555,-0.009046210056339987,0.009030240136717523,-1.0435832228922424,-1.0017684933490894,0.29667825835169437,0.3164554174086175,0.674,0.293,0.313,True,999,0.00012012489605695009,0.002692666952498257,near_5x5_bal_strong_1000,near_boundary,False,86,1389927733,1.887379141862766e-15,0,5
1000,1000,0.012066978621078972,0.012717999153395887,0.0039662638339450496,0.004729373217173816,-0.0006510205323169149,-0.0007631093832287661,0.007094209137408383,-0.09176787992956494,-0.1075679287779696,0.9268824644494021,0.9143384384643987,0.981,0.938,0.921,True,999,0.00011854106560349464,0.002749041887000203,near_5x5_bal_strong_1000,near_boundary,False,87,1389927733,1.887379141862766e-15,0,6
1000,1000,0.012830800620619032,0.01868501459298466,0.004730178194677137,0.010846755463376212,-0.0058542139723656295,-0.006116577268699075,0.008265524250998241,-0.7082689245825643,-0.7400108066902551,0.4787782710724767,0.4592934370877677,0.804,0.465,0.447,True,999,0.00013208307791501284,0.0026357920141890645,near_5x5_bal_strong_1000,near_boundary,False,88,1389927733,1.887379141862766e-15,0,6
1000,1000,0.010421422634688593,0.010115560505255361,0.002321345264590491,0.0019232633504771002,0.000305862129433232,0.00039808191411339067,0.006348293563360247,0.04818021195468071,0.06270691645562149,0.9615726204429109,0.9499998897001595,0.989,0.963,0.956,True,999,0.00011929194442927837,0.002704000100493431,near_5x5_bal_strong_1000,near_boundary,False,89,1389927733,1.887379141862766e-15,0,7
1000,1000,0.014256023909952509,0.018514842001356224,0.0061548300488993846,0.011950475944786376,-0.0042588180914037155,-0.005795645895886992,0.008326367891848305,-0.5114856978122707,-0.6960593107543392,0.6090110006540688,0.486391686921828,0.847,0.607,0.484,True,999,0.00012250000145286322,0.0026957499794662,near_5x5_bal_strong_1000,near_boundary,False,90,1389927733,1.887379141862766e-15,0,7
1000,1000,0.013308862979462877,0.014629154485776341,0.005207759509630705,0.006609568177680103,-0.0013202915063134646,-0.001401808668049398,0.007893119766502272,-0.16727118621925252,-0.17759880877502385,0.8671566747674202,0.8590380601311652,0.96,0.866,0.855,True,999,0.0001193339703604579,0.0027150840032845736,near_5x5_bal_strong_1000,near_boundary,False,91,1389927733,1.887379141862766e-15,0,6
1000,1000,0.01915317182053422,0.014673956533650723,0.011051632702674397,0.008319075547774446,0.004479215286883498,0.0027325571548999505,0.008496711430257091,0.5271704616132841,0.32160173701665534,0.5980752191808869,0.7477544277471865,0.84,0.573,0.717,True,999,0.00012220803182572126,0.00267166702542454,near_5x5_bal_strong_1000,near_boundary,False,92,1389927733,1.887379141862766e-15,0,8
1000,1000,0.009643493226232591,0.009614002067264815,0.0015427020512106537,0.003536655569348568,2.9491158967775988e-05,-0.001993953518137914,0.005620098933262034,0.005247444807997116,-0.35478975402672813,0.9958131640186033,0.7227471048013923,1.0,0.997,0.728,True,999,0.00012145808432251215,0.002748625003732741,near_5x5_bal_strong_1000,near_boundary,False,93,1389927733,1.887379141862766e-15,0,8
1000,1000,0.013849529290934193,0.0067437380024237825,0.005747188318082408,-0.002334212710650263,0.00710579128851041,0.008081401028732671,0.006027247630737847,1.1789446400496622,1.3408111834527956,0.2384202206435464,0.17998176429604373,0.742,0.232,0.176,True,999,0.00014162494335323572,0.002673499984666705,near_5x5_bal_strong_1000,near_boundary,False,94,1389927733,1.887379141862766e-15,0,5
1000,1000,0.008045964312592968,0.007933153670065862,-5.35844355908921e-05,-0.0014845911032921322,0.00011281064252710582,0.00143100666770124,0.005521202764288099,0.020432258575392416,0.25918386424008705,0.98369855059547,0.7954933803032194,0.997,0.982,0.79,True,999,0.00012362503912299871,0.0026950420578941703,near_5x5_bal_strong_1000,near_boundary,False,95,1389927733,1.887379141862766e-15,0,5
1000,1000,0.011843900437502608,0.011283143810258411,0.003743128874248214,0.0022478688057958607,0.0005607566272441966,0.0014952600684523532,0.006801718557071804,0.08244337405892416,0.21983562770290146,0.9342941459100771,0.8259991713983208,0.974,0.939,0.828,True,999,0.00013712502550333738,0.002694791997782886,near_5x5_bal_strong_1000,near_boundary,False,96,1389927733,1.887379141862766e-15,0,5
1000,1000,0.013422499222118356,0.01154644520999526,0.005321386160176189,0.0031251459831764805,0.0018760540121230962,0.0021962401769997086,0.007030540184570331,0.26684350887296016,0.3123856943197219,0.7895896532091952,0.7547474210635943,0.93,0.776,0.739,True,999,0.00012787501327693462,0.0026715000858530402,near_5x5_bal_strong_1000,near_boundary,False,97,1389927733,1.887379141862766e-15,0,6
1000,1000,0.014798625440323399,0.014625511731889085,0.006696753567439373,0.004292842991674206,0.00017311370843431373,0.002403910575765167,0.008140287894259008,0.021266288205408965,0.29531026506575286,0.9830332358689837,0.7677568756284121,0.998,0.983,0.761,True,999,0.00012149999383836985,0.002710792003199458,near_5x5_bal_strong_1000,near_boundary,False,98,1389927733,1.887379141862766e-15,0,4
1000,1000,0.010817376569084214,0.013647455905123729,0.0027166312470399134,0.00563080725345344,-0.002830079336039515,-0.002914176006413527,0.007326296464903738,-0.38629058346148976,-0.3977693259307405,0.699281473633952,0.6908002299300171,0.901,0.712,0.703,True,999,0.00013629102613776922,0.0027124170446768403,near_5x5_bal_strong_1000,near_boundary,False,99,1389927733,1.887379141862766e-15,0,6
1000,1000,0.009250565690751555,0.011818402102126035,0.001150103620830123,0.0060342610663610685,-0.00256783641137448,-0.0048841574455309456,0.0060907591435839,-0.4215954613932614,-0.801896336793418,0.6733203196239015,0.42261292530904515,0.902,0.643,0.399,True,999,0.00012737500946968794,0.002624667016789317,near_5x5_bal_strong_1000,near_boundary,False,100,1389927733,1.887379141862766e-15,0,9
1000,1000,0.011526145844207303,0.013785180641592842,0.0034260646857546817,0.004862198763703418,-0.0022590347973855396,-0.0014361340779487364,0.007297304823160597,-0.3095711159297728,-0.19680335586237993,0.7568871240814108,0.8439814248793968,0.909,0.757,0.835,True,999,0.00012558302842080593,0.00272433296777308,near_5x5_bal_strong_1000,near_boundary,False,101,1389927733,1.887379141862766e-15,0,5
1000,1000,0.01432024384743924,0.012918047741149297,0.0062192338543809456,0.006159262373444108,0.0014021961062899435,5.9971480936837906e-05,0.0071048119538671605,0.19735865148784493,0.008440966675296077,0.8435468845299725,0.9932651629877227,0.951,0.84,0.997,True,999,0.00012887490447610617,0.002680166973732412,near_5x5_bal_strong_1000,near_boundary,False,102,1389927733,1.887379141862766e-15,0,8
1000,1000,0.023272179987235075,0.008868986057257944,0.015168162657346329,-0.00021180933748610187,0.014403193929977132,0.015379971994832431,0.007973641708854796,1.8063507812223696,1.9288516535365319,0.07086356441742332,0.053749281209296014,0.545,0.079,0.063,True,999,0.00012708303984254599,0.002656625001691282,near_5x5_bal_strong_1000,near_boundary,False,103,1389927733,1.887379141862766e-15,0,5
1000,1000,0.015924236815999304,0.009732009767154826,0.007822220660500534,-5.33763469547921e-05,0.006192227048844479,0.007875597007455326,0.00687650874164647,0.900489955221354,1.1452900451879076,0.36785956846832535,0.2520890282973378,0.801,0.379,0.256,True,999,0.00011679204180836678,0.0026902920799329877,near_5x5_bal_strong_1000,near_boundary,False,104,1389927733,1.887379141862766e-15,0,5
1000,1000,0.006397288984838934,0.020600221295691834,-0.0017029979694598296,0.01073619138497861,-0.0142029323108529,-0.01243918935443844,0.008045101742828322,-1.7654136348883194,-1.5461817329441678,0.07749427349472263,0.12206068388060086,0.512,0.075,0.114,True,999,0.00017229095101356506,0.0027042500441893935,near_5x5_bal_strong_1000,near_boundary,False,105,1389927733,1.887379141862766e-15,0,4
1000,1000,0.013728752065421235,0.019947053165319972,0.005627655601756487,0.00994249111715817,-0.006218301099898738,-0.004314835515401683,0.009020278982843003,-0.6893690440978866,-0.4783483441708071,0.49059105872652287,0.6324022929104369,0.775,0.485,0.621,True,999,0.00011841708328574896,0.002718915930017829,near_5x5_bal_strong_1000,near_boundary,False,106,1389927733,1.887379141862766e-15,0,4
1000,1000,0.014466845116026139,0.009715734962054301,0.006365060449297744,0.00229768453533552,0.004751110153971838,0.004067375913962223,0.006649438941432967,0.7145129379814961,0.61168708364524,0.4749100587622752,0.5407448092178215,0.801,0.438,0.505,True,999,0.00013537495397031307,0.0026621250435709953,near_5x5_bal_strong_1000,near_boundary,False,107,1389927733,1.887379141862766e-15,0,7
1000,1000,0.00982704707403026,0.013249178637633585,0.0017271641277147864,0.004549500074347179,-0.0034221315636033256,-0.0028223359466323927,0.0070883642662117755,-0.4827815607495875,-0.39816463159006493,0.6292508447161258,0.690508835123665,0.869,0.6,0.673,True,999,0.00011833303142338991,0.002668541972525418,near_5x5_bal_strong_1000,near_boundary,False,108,1389927733,1.887379141862766e-15,0,5
1000,1000,0.014571863097110116,0.008694961930804823,0.0064707456149335485,1.809245190997899e-06,0.005876901166305293,0.006468936369742551,0.006664222632012717,0.8818584688444541,0.9706963177772489,0.3778533484524603,0.33169952605362374,0.805,0.388,0.332,True,999,0.00011825002729892731,0.002715167007409036,near_5x5_bal_strong_1000,near_boundary,False,109,1389927733,1.887379141862766e-15,0,5
1000,1000,0.008659946889152392,0.007114372216344478,0.0005594319297870243,-0.003512069291957687,0.0015455746728079145,0.004071501221744711,0.005391570127699314,0.2866650412033945,0.7551605794436914,0.7743688076811821,0.45015263829679886,0.935,0.766,0.47,True,999,0.00011804199311882257,0.002825458999723196,near_5x5_bal_strong_1000,near_boundary,False,110,1389927733,1.887379141862766e-15,0,5
1000,1000,0.009156268308831095,0.02845697044333817,0.0010560617483861279,0.023184127384297426,-0.019300702134507075,-0.022128065635911298,0.009709865039818619,-1.98774154484722,-2.2789261792174873,0.04684028165214018,0.022671453910836845,0.417,0.057,0.03,True,999,0.00011670892126858234,0.002638291916809976,near_5x5_bal_strong_1000,near_boundary,False,111,1389927733,1.887379141862766e-15,0,9
1000,1000,0.01735163155204611,0.019291779688781818,0.009249911064216576,0.010061906107750929,-0.0019401481367357087,-0.0008119950435343526,0.009004034062279639,-0.21547543282444032,-0.09018124963965006,0.8293966639714998,0.9281431842276031,0.937,0.824,0.927,True,999,0.00011962500866502523,0.0027320421067997813,near_5x5_bal_strong_1000,near_boundary,False,112,1389927733,1.887379141862766e-15,0,4
1000,1000,0.01530773096107696,0.008738636998128158,0.007206389080010922,-0.0005012287902559365,0.006569093962948802,0.0077076178702668585,0.006724321306771822,0.9769155373841676,1.1462298600313454,0.3286109690105562,0.2517000558136252,0.774,0.341,0.261,True,999,0.00012220791541039944,0.0027715000323951244,near_5x5_bal_strong_1000,near_boundary,False,113,1389927733,1.887379141862766e-15,0,6
1000,1000,0.01436603425108851,0.017155800298657042,0.006264976093689256,0.008760222804994555,-0.0027897660475685315,-0.002495246711305299,0.008529112129641947,-0.3270875098327083,-0.29255644355212035,0.7436016984167231,0.7698612107039466,0.906,0.742,0.769,True,999,0.0001176249934360385,0.002658790908753872,near_5x5_bal_strong_1000,near_boundary,False,114,1389927733,1.887379141862766e-15,0,6
1000,1000,0.008420371454649578,0.01655423481364976,0.00032028276586970605,0.011265461365326246,-0.008133863359000182,-0.01094517859945654,0.007204469334474493,-1.1290024263242258,-1.5192206519753202,0.2588968101406447,0.12870696465320106,0.714,0.239,0.111,True,999,0.00012104108463972807,0.002684749895706773,near_5x5_bal_strong_1000,near_boundary,False,115,1389927733,1.887379141862766e-15,0,9
1000,1000,0.018089066396824283,0.0162591376354978,0.009985977957740033,0.007319065048875473,0.0018299287613264825,0.0026669129088645604,0.008515236900672768,0.21490051101008176,0.31319303737208465,0.8298448864706953,0.7541340079052333,0.942,0.825,0.751,True,999,0.00012029195204377174,0.002799042034894228,near_5x5_bal_strong_1000,near_boundary,False,116,1389927733,1.887379141862766e-15,0,5
1000,1000,0.006748517195553472,0.009289656357114984,-0.001350897743122914,-0.002132555920354662,-0.002541139161561512,0.0007816581772317477,0.005926402200733448,-0.42878277165309875,0.13189421688845387,0.6680813177462523,0.8950679629216465,0.919,0.694,0.905,True,999,0.00012429209891706705,0.0026335830334573984,near_5x5_bal_strong_1000,near_boundary,False,117,1389927733,1.887379141862766e-15,0,3
1000,1000,0.01381834458747666,0.015884608174639103,0.00571760548518796,0.006960664059704413,-0.0020662635871624424,-0.0012430585745164535,0.007924461462756783,-0.260744985242647,-0.15686347650986177,0.7942891724636818,0.875352444970799,0.934,0.794,0.876,True,999,0.00012783310376107693,0.0027441250858828425,near_5x5_bal_strong_1000,near_boundary,False,118,1389927733,1.887379141862766e-15,0,5
1000,1000,0.02240459434937425,0.02488024606847683,0.014301088267529849,0.016171257126927685,-0.0024756517191025784,-0.001870168859397836,0.01042011246728333,-0.23758397300178236,-0.1794768401271791,0.812203782322338,0.8575633009598354,0.905,0.8,0.846,True,999,0.00012504204642027617,0.002793374937027693,near_5x5_bal_strong_1000,near_boundary,False,119,1389927733,1.887379141862766e-15,0,4
1000,1000,0.016064713000647046,0.015694087528829836,0.00796284899456623,0.006473371147876605,0.00037062547181720973,0.0014894778466896241,0.008364990104030351,0.04430674360734007,0.1780609215511177,0.964659896333829,0.8586751316208245,0.987,0.966,0.852,True,999,0.00012708303984254599,0.002701624995097518,near_5x5_bal_strong_1000,near_boundary,False,120,1389927733,1.887379141862766e-15,0,4
1000,1000,0.008683098843825565,0.016205419009054145,0.000583287668405319,0.006797455426010401,-0.00752232016522858,-0.0062141677576050824,0.007748681208085938,-0.9707871524484522,-0.8019645654179768,0.33165428160667,0.42257345587246997,0.724,0.34,0.426,True,999,0.00012337497901171446,0.002741499920375645,near_5x5_bal_strong_1000,near_boundary,False,121,1389927733,1.887379141862766e-15,0,5
1000,1000,0.017450862882022022,0.022049888997686173,0.00934720810505496,0.012438240460028283,-0.004599026115664151,-0.003091032354973322,0.009414399504906452,-0.4885097677517617,-0.3283302725109961,0.625188808761099,0.7426619575364672,0.841,0.637,0.743,True,999,0.00016208295710384846,0.002680624951608479,near_5x5_bal_strong_1000,near_boundary,False,122,1389927733,1.887379141862766e-15,0,3
1000,1000,0.00980454910947759,0.014260593983020875,0.001705034544784212,0.006090585571485008,-0.004456044873543286,-0.004385551026700796,0.007093904474108187,-0.6281512374190067,-0.6182139952275192,0.5299048706417775,0.536434285824491,0.832,0.51,0.511,True,999,0.00012075004633516073,0.0026747500523924828,near_5x5_bal_strong_1000,near_boundary,False,123,1389927733,1.887379141862766e-15,0,5
1000,1000,0.0102749048247186,0.013300479885354988,0.0021730034040956525,0.0040821741416721125,-0.0030255750606363874,-0.00190917073757646,0.0071222290754918835,-0.4248073220570249,-0.26805803595198274,0.6709771395779522,0.7886546465259783,0.872,0.674,0.776,True,999,0.00012108392547816038,0.002818083972670138,near_5x5_bal_strong_1000,near_boundary,False,124,1389927733,1.887379141862766e-15,0,4
1000,1000,0.01296913853053061,0.009466167618480292,0.004867566770599296,-2.414845766907092e-06,0.0035029709120503183,0.0048699816163662035,0.006742965445998069,0.5195000538122766,0.7222314359117061,0.6034120753840226,0.47015219906802597,0.901,0.635,0.509,True,999,0.00016654201317578554,0.0027052919613197446,near_5x5_bal_strong_1000,near_boundary,False,125,1389927733,1.887379141862766e-15,0,5
1000,1000,0.017687580673479975,0.021388596215326405,0.009585051773683517,0.012841928526825086,-0.0037010155418464308,-0.0032568767531415688,0.009637184284828773,-0.38403494552581213,-0.3379489959809806,0.7009525469437854,0.7354016239764034,0.851,0.662,0.686,True,999,0.00011791696306318045,0.002698875032365322,near_5x5_bal_strong_1000,near_boundary,False,126,1389927733,1.887379141862766e-15,0,5
1000,1000,0.010989331105152322,0.009673819746962964,0.0028890136277368583,0.0015927469996199761,0.0013155113581893585,0.0012962666281168822,0.006181721839470849,0.21280662448926452,0.20969345787125254,0.8314777965001946,0.8339069318840454,0.946,0.824,0.827,True,999,0.00012058299034833908,0.0027195409638807178,near_5x5_bal_strong_1000,near_boundary,False,127,1389927733,1.887379141862766e-15,0,6
1000,1000,0.010937889811009294,0.011232529112890133,0.0028373884697430185,0.0005817488553816474,-0.0002946393018808391,0.002255639614361371,0.006872891906595155,-0.042869770961784855,0.3281936694212931,0.9658053458660427,0.742765234077144,0.987,0.957,0.733,True,999,0.00011904200073331594,0.002703833975829184,near_5x5_bal_strong_1000,near_boundary,False,128,1389927733,1.887379141862766e-15,0,3
1000,1000,0.022376051437112077,0.00794735061387375,0.014271950189822746,0.0007111993884905132,0.014428700823238327,0.013560750801332233,0.007512963887878496,1.9205071445262452,1.8049801654459312,0.05479387157912937,0.0710777858717357,0.543,0.042,0.059,True,999,0.00012566696386784315,0.002671416033990681,near_5x5_bal_strong_1000,near_boundary,False,129,1389927733,1.887379141862766e-15,0,8
1000,1000,0.00707504659625835,0.012078704099850013,-0.001024600876689874,0.0037370785066173084,-0.005003657503591663,-0.0047616793833071824,0.0061282749021622064,-0.8164871164356954,-0.777001596587507,0.4142215892012624,0.43715782836627526,0.83,0.415,0.441,True,999,0.00011958391405642033,0.0027399169048294425,near_5x5_bal_strong_1000,near_boundary,False,130,1389927733,1.887379141862766e-15,0,6
1000,1000,0.016832247694354985,0.009686466705327301,0.008729582885734999,0.0009030235956402066,0.0071457809890276835,0.007826559290094792,0.006914097657702301,1.0335088312018976,1.131971180849031,0.30136583987307264,0.2576465507330645,0.758,0.293,0.246,True,999,0.0001343749463558197,0.0027497500414028764,near_5x5_bal_strong_1000,near_boundary,False,131,1389927733,1.887379141862766e-15,0,6
1000,1000,0.026887081981879613,0.015589819540919314,0.018782661334626027,0.008032094780560328,0.011297262440960298,0.0107505665540657,0.009444960430253682,1.1961153807244553,1.1382330962054596,0.23165153627378132,0.2550231622613375,0.621,0.222,0.243,True,999,0.00011920800898224115,0.0026198329869657755,near_5x5_bal_strong_1000,near_boundary,False,132,1389927733,1.887379141862766e-15,0,6
1000,1000,0.014018415279268615,0.004975087941023748,0.005917509084838457,-0.004260002371495375,0.009043327338244866,0.010177511456333832,0.00572628063194149,1.5792672276312687,1.7773336848989107,0.11427477555007712,0.07551335457261167,0.704,0.133,0.084,True,999,0.00012241594959050417,0.002686916966922581,near_5x5_bal_strong_1000,near_boundary,False,133,1389927733,1.887379141862766e-15,0,6
1000,1000,0.014018985340381596,0.017509300054249444,0.005917783396853338,0.007738478062321974,-0.003490314713867848,-0.0018206946654686362,0.008713059347061404,-0.40058429247873806,-0.20896158202832507,0.6887262121443023,0.8344782296223123,0.883,0.674,0.841,True,999,0.00014529202599078417,0.0027502079028636217,near_5x5_bal_strong_1000,near_boundary,False,134,1389927733,1.887379141862766e-15,0,3
1000,1000,0.011803756152726441,0.017798935256751136,0.003703562474811406,0.009623380803759574,-0.005995179104024695,-0.005919818328948168,0.00815646831155524,-0.7350214424950742,-0.7257820545396568,0.46232643531172746,0.4679723898385654,0.8,0.458,0.462,True,999,0.00012204202357679605,0.002721583005040884,near_5x5_bal_strong_1000,near_boundary,False,135,1389927733,1.887379141862766e-15,0,5
1000,1000,0.012894203482882505,0.015409255645566167,0.004792881121602477,0.010076497698207731,-0.002515052162683662,-0.0052836165766052545,0.007019314898896876,-0.35830450676588343,-0.7527253945303984,0.7201154457948786,0.45161494660513146,0.918,0.754,0.448,True,999,0.00012445810716599226,0.0027287080883979797,near_5x5_bal_strong_1000,near_boundary,False,136,1389927733,1.887379141862766e-15,0,9
1000,1000,0.010865305896996968,0.01247628851507121,0.0027649046769511187,0.004439837091751997,-0.0016109826180742415,-0.0016749324148008782,0.007018389898185483,-0.2295373499398688,-0.2386490974566561,0.818451294377964,0.8113776906168573,0.941,0.837,0.831,True,999,0.00012862496078014374,0.002718208939768374,near_5x5_bal_strong_1000,near_boundary,False,137,1389927733,1.887379141862766e-15,0,6
1000,1000,0.023697485154862363,0.014962998523062043,0.015594299333997697,0.005217512215779152,0.00873448663180032,0.010376787118218544,0.009123232410878231,0.9573894688230913,1.1374024743517022,0.3383707119378577,0.25537007339258677,0.71,0.33,0.26,True,999,0.0001276669790968299,0.002712707966566086,near_5x5_bal_strong_1000,near_boundary,False,138,1389927733,1.887379141862766e-15,0,5
1000,1000,0.010782747374881385,0.010992146992757523,0.0026825584182006423,0.004187713708802221,-0.00020939961787613814,-0.0015051552906015786,0.0063504283770485885,-0.032974093312026026,-0.2370163398805407,0.9736952469456812,0.8126441139971284,0.992,0.974,0.8,True,999,0.00015570898540318012,0.002688584034331143,near_5x5_bal_strong_1000,near_boundary,False,139,1389927733,1.887379141862766e-15,0,8
1000,1000,0.013342334416540647,0.019438702703455213,0.005240491298764027,0.011814638168345937,-0.006096368286914566,-0.006574146869581909,0.008625883807581922,-0.7067528873454128,-0.762141829896133,0.4797200568978853,0.4459753595840106,0.777,0.458,0.422,True,999,0.00012087495997548103,0.0027460840065032244,near_5x5_bal_strong_1000,near_boundary,False,140,1389927733,1.887379141862766e-15,0,6
1000,1000,0.005318838868389353,0.012567467331368265,-0.002780746911867027,0.004828932725217783,-0.007248628462978912,-0.00760967963708481,0.005547171775397212,-1.3067250765746956,-1.3718125100858103,0.1913060988821269,0.17012181179737162,0.732,0.206,0.19,True,999,0.0001289580250158906,0.002737874980084598,near_5x5_bal_strong_1000,near_boundary,False,141,1389927733,1.887379141862766e-15,0,7
1000,1000,0.023034583652658203,0.013483185636330941,0.014931810875623341,0.0054783114389351795,0.009551398016327262,0.009453499436688162,0.00864002531385118,1.1054826426277968,1.0941518217004373,0.26895051143174553,0.2738883975334361,0.665,0.279,0.282,True,999,0.00011962489224970341,0.0026953750057145953,near_5x5_bal_strong_1000,near_boundary,False,142,1389927733,1.887379141862766e-15,0,6
1000,1000,0.011563228004475734,0.011136340114734466,0.0034616251030001877,0.0031030283732889075,0.00042688788974126757,0.0003585967297112802,0.006574440344785544,0.06493144166709942,0.0545440692903538,0.9482285865779384,0.9565016986085749,0.983,0.946,0.956,True,999,0.00011662498582154512,0.002672625007107854,near_5x5_bal_strong_1000,near_boundary,False,143,1389927733,1.887379141862766e-15,0,6
1000,1000,0.014943885288830172,0.009911474245590801,0.006842497569778061,-0.0005584543402505915,0.005032411043239371,0.0074009519100286525,0.007217623857004048,0.6972393051981884,1.0254000563976053,0.48565304482429017,0.30517446159030714,0.811,0.492,0.315,True,999,0.0001223749713972211,0.002816916909068823,near_5x5_bal_strong_1000,near_boundary,False,144,1389927733,1.887379141862766e-15,0,4
1000,1000,0.011449778598245919,0.01747942248978046,0.00334896724916689,0.012309688484890557,-0.006029643891534542,-0.008960721235723668,0.007503554459395909,-0.8035716838150292,-1.1941968681926607,0.42164438194140297,0.23240096788977982,0.782,0.403,0.208,True,999,0.00012558302842080593,0.002782084047794342,near_5x5_bal_strong_1000,near_boundary,False,145,1389927733,1.887379141862766e-15,0,8
1000,1000,0.013085709468256823,0.017435732849023555,0.004984923270285435,0.006905935925374251,-0.004350023380766732,-0.0019210126550888162,0.008472308369260688,-0.513440161898442,-0.2267401717882051,0.6076434580167006,0.8206257879505512,0.856,0.598,0.83,True,999,0.00013862503692507744,0.002662459039129317,near_5x5_bal_strong_1000,near_boundary,False,146,1389927733,1.887379141862766e-15,0,3
1000,1000,0.01902979929378712,0.016663609621269004,0.01092664431052981,0.007124143795977034,0.0023661896725181153,0.0038025005145527757,0.008788302226868164,0.26924309285632525,0.4326774860936764,0.7877426208864977,0.665249088070041,0.912,0.772,0.649,True,999,0.00012054108083248138,0.0027175419963896275,near_5x5_bal_strong_1000,near_boundary,False,147,1389927733,1.887379141862766e-15,0,4
1000,1000,0.01825216930064877,0.013959220926864302,0.01014860350392155,0.005376192886387798,0.0042929483737844665,0.004772410617533751,0.00814475580874338,0.5270812869768293,0.5859488890275356,0.5981371411145942,0.5579098621907652,0.844,0.628,0.583,True,999,0.00012049998622387648,0.002766708959825337,near_5x5_bal_strong_1000,near_boundary,False,148,1389927733,1.887379141862766e-15,0,5
1000,1000,0.010170159306565285,0.011770135528504089,0.002069940057936037,0.0007799607581659984,-0.0015999762219388036,0.0012899792997700388,0.00685500978833197,-0.23340247079765675,0.18818051900753444,0.8154488947350914,0.8507351432513597,0.952,0.81,0.847,True,999,0.00012041698209941387,0.0026737090665847063,near_5x5_bal_strong_1000,near_boundary,False,149,1389927733,1.887379141862766e-15,0,3
1000,1000,0.01162993784572075,0.019705218332080665,0.0035295465545459592,0.007779675780909656,-0.008075280486359915,-0.004250129226363697,0.00886040030606494,-0.9113900283751727,-0.479676885868744,0.3620899057406938,0.631457166014445,0.73,0.367,0.623,True,999,0.00011954095680266619,0.002731667016632855,near_5x5_bal_strong_1000,near_boundary,False,150,1389927733,1.887379141862766e-15,0,2
1000,1000,0.013880596160855907,0.006684875304055038,0.005778864045623777,-0.003732063585459855,0.007195720856800869,0.009510927631083632,0.006135680812671145,1.1727664910372415,1.5501014347816255,0.24088945917053328,0.12111717174440216,0.742,0.253,0.144,True,999,0.00012195797171443701,0.002769624930806458,near_5x5_bal_strong_1000,near_boundary,False,151,1389927733,1.887379141862766e-15,0,4
1000,1000,0.012298063248090685,0.006399812062660604,0.004197144105319239,-0.0012203413965039545,0.005898251185430081,0.005417485501823194,0.005396422563471265,1.0929928329474654,1.003903129916939,0.2743969465371453,0.3154253077901804,0.805,0.291,0.329,True,999,0.0001254999078810215,0.002639167010784149,near_5x5_bal_strong_1000,near_boundary,False,152,1389927733,1.887379141862766e-15,0,8
1000,1000,0.009450325108470325,0.013866660692914867,0.0013502690192126465,0.005738270655001543,-0.004416335584444542,-0.004388001635788896,0.007187271586146724,-0.6144662173274364,-0.6105239774501708,0.5389072903672982,0.5415147649996321,0.841,0.523,0.528,True,999,0.00012262503150850534,0.002691042027436197,near_5x5_bal_strong_1000,near_boundary,False,153,1389927733,1.887379141862766e-15,0,7
1000,1000,0.013043858663628338,0.010036857099427587,0.004942147759265936,0.001618292901298446,0.003007001564200751,0.00332385485796749,0.006610334230258795,0.4548940279655158,0.5028270496146093,0.6491854795394775,0.6150858740353052,0.892,0.656,0.624,True,999,0.00012000009883195162,0.0027869580080732703,near_5x5_bal_strong_1000,near_boundary,False,154,1389927733,1.887379141862766e-15,0,6
1000,1000,0.013047310884226171,0.014919359661353104,0.004946068313984142,0.00656353750235894,-0.0018720487771269334,-0.0016174691883747983,0.007636211927723378,-0.2451541150043824,-0.21181564939319625,0.8063371033153026,0.8322508590803019,0.943,0.802,0.823,True,999,0.00012891599908471107,0.0026336669689044356,near_5x5_bal_strong_1000,near_boundary,False,155,1389927733,1.887379141862766e-15,0,6
1000,1000,0.009301449164103026,0.01259181296321854,0.0012018242284739244,0.002648072233341736,-0.0032903637991155144,-0.0014462480048678117,0.006906854133073098,-0.47639109437099375,-0.20939315888293214,0.6337957780784635,0.834141332820031,0.903,0.662,0.855,True,999,0.00012275006156414747,0.002716457936912775,near_5x5_bal_strong_1000,near_boundary,False,156,1389927733,1.887379141862766e-15,0,4
1000,1000,0.006838526890894814,0.0109806311145485,-0.0012610270416644198,0.0005572065726369146,-0.0041421042236536865,-0.0018182336143013345,0.0063308041879297314,-0.6542777348177968,-0.2872042098171298,0.5129328877965563,0.7739559630834235,0.854,0.522,0.781,True,999,0.00012158392928540707,0.0027577499859035015,near_5x5_bal_strong_1000,near_boundary,False,157,1389927733,1.887379141862766e-15,0,4
1000,1000,0.018574721990846976,0.010421889718953858,0.010472392815927378,0.002569111883133246,0.008152832271893118,0.007903280932794132,0.007308156609936544,1.1155798523540272,1.081432891305097,0.264602020235701,0.279504597335153,0.7,0.271,0.281,True,999,0.00012412492651492357,0.0026502079563215375,near_5x5_bal_strong_1000,near_boundary,False,158,1389927733,1.887379141862766e-15,0,7
1000,1000,0.012433631314512583,0.009977832367560668,0.0043329384157004824,0.0041277237868939665,0.002455798946951915,0.00020521462880651598,0.006375664427539617,0.3851832189197594,0.032187175335027594,0.7001016753538511,0.9743227834812563,0.931,0.721,0.98,True,999,0.00012408301699906588,0.0026929170126095414,near_5x5_bal_strong_1000,near_boundary,False,159,1389927733,1.887379141862766e-15,0,9
1000,1000,0.024033456482870807,0.01321818450738843,0.015929281067883494,0.002500928857159579,0.010815271975482377,0.013428352210723915,0.008840758832780012,1.223342043375418,1.5189139829189657,0.22120053363637848,0.12878414887604325,0.658,0.228,0.119,True,999,0.00011954200454056263,0.0027375840581953526,near_5x5_bal_strong_1000,near_boundary,False,160,1389927733,1.887379141862766e-15,0,4
1000,1000,0.015169528760612616,0.013992041373487085,0.007068078650263487,0.006457384010275291,0.001177487387125531,0.0006106946399881963,0.007615044239647267,0.15462646703941837,0.08019580986918652,0.8771158032636417,0.9360815226699964,0.958,0.883,0.926,True,999,0.00011970906052738428,0.002699375036172569,near_5x5_bal_strong_1000,near_boundary,False,161,1389927733,1.887379141862766e-15,0,6
1000,1000,0.012652313940066273,0.018437700511723887,0.0045504602803703165,0.013258717973656076,-0.005785386571657614,-0.00870825769328576,0.008097945273007228,-0.7144264843258405,-1.0753663305570706,0.4749635000518774,0.28221074983119243,0.8,0.454,0.279,True,999,0.0001240420388057828,0.0026787909446284175,near_5x5_bal_strong_1000,near_boundary,False,162,1389927733,1.887379141862766e-15,0,8
1000,1000,0.008977692658829417,0.015422296571547534,0.0008771951186190563,0.0075469688131875046,-0.0064446039127181165,-0.006669773694568448,0.007130068555342851,-0.9038628258193832,-0.9354431367382176,0.36606814304178015,0.3495599750453531,0.765,0.341,0.329,True,999,0.00012354191858321428,0.002708250074647367,near_5x5_bal_strong_1000,near_boundary,False,163,1389927733,1.887379141862766e-15,0,6
1000,1000,0.013068706041293954,0.012431460111431702,0.004967512318444278,0.0033060655155168206,0.0006372459298622513,0.0016614468029274576,0.007060984213104321,0.09024888183145927,0.23529960594502053,0.92808944069436,0.8139762009478397,0.988,0.938,0.839,True,999,0.00012083305045962334,0.0026569159235805273,near_5x5_bal_strong_1000,near_boundary,False,164,1389927733,1.887379141862766e-15,0,6
1000,1000,0.015536948835897846,0.018166940463933523,0.00743503212925134,0.009076594538726113,-0.002629991628035677,-0.0016415624094747727,0.00864535796712994,-0.30420852878909466,-0.18987789929764282,0.7609690275440438,0.8494048112085597,0.908,0.752,0.84,True,999,0.00012112490367144346,0.002676374977454543,near_5x5_bal_strong_1000,near_boundary,False,165,1389927733,1.887379141862766e-15,0,4
1000,1000,0.02629923809002599,0.01583200597214318,0.018194703982089777,0.0066325324127092244,0.010467232117882808,0.011562171569380553,0.009373389228324185,1.1166966251922288,1.233510237091444,0.26412406131601507,0.21738545974009882,0.644,0.268,0.22,True,999,0.00011945806909352541,0.002709208056330681,near_5x5_bal_strong_1000,near_boundary,False,166,1389927733,1.887379141862766e-15,0,4
1000,1000,0.009579502135077522,0.01942332752089826,0.0014795159365803556,0.011742141562876895,-0.009843825385820737,-0.01026262562629654,0.00809529105771328,-1.2159940038772832,-1.2677278127656944,0.22398720616797763,0.20489516890612625,0.64,0.223,0.204,True,999,0.00012045796029269695,0.0026751250261440873,near_5x5_bal_strong_1000,near_boundary,False,167,1389927733,1.887379141862766e-15,0,5
1000,1000,0.011119828054201308,0.017993028037415093,0.0030183543894963805,0.01211639604349557,-0.006873199983213785,-0.00909804165399919,0.007915538898788438,-0.8683173781466484,-1.1493900504224352,0.3852206112471951,0.25039518086819224,0.779,0.393,0.262,True,999,0.00012070802040398121,0.002691832953132689,near_5x5_bal_strong_1000,near_boundary,False,168,1389927733,1.887379141862766e-15,0,8
1000,1000,0.011594405730561474,0.008160013734487714,0.0034934931334191788,-0.002259578629320913,0.00343439199607376,0.005753071762740092,0.0062006281106558635,0.5538780805402135,0.9278208046138681,0.5796622871753846,0.3535005302930748,0.876,0.588,0.358,True,999,0.000149125000461936,0.0027065000031143427,near_5x5_bal_strong_1000,near_boundary,False,169,1389927733,1.887379141862766e-15,0,4
1000,1000,0.014002599754484812,0.012781958730244292,0.005901140553760342,0.0011955589790773047,0.0012206410242405208,0.004705581574683038,0.007750462955470862,0.15749265963253203,0.6071355481238038,0.8748565924695045,0.5437609607210372,0.97,0.903,0.569,True,999,0.00011954200454056263,0.0026710829697549343,near_5x5_bal_strong_1000,near_boundary,False,170,1389927733,1.887379141862766e-15,0,2
1000,1000,0.020763648758198583,0.011196151252984565,0.012661071707498195,0.006395059691783445,0.009567497505214018,0.00626601201571475,0.007396806748913601,1.2934632240620907,0.8471239317743519,0.19585089554283264,0.3969260471396244,0.675,0.18,0.378,True,999,0.00011954200454056263,0.002708124928176403,near_5x5_bal_strong_1000,near_boundary,False,171,1389927733,1.887379141862766e-15,0,10
1000,1000,0.008505736891084581,0.015395721797473727,0.0004053967873005604,0.007095905856374429,-0.006889984906389146,-0.006690509069073869,0.007339549167008487,-0.9387477009296229,-0.9115694870126255,0.34786029626393156,0.36199539100816325,0.745,0.326,0.334,True,999,0.00012312503531575203,0.0027002920396625996,near_5x5_bal_strong_1000,near_boundary,False,172,1389927733,1.887379141862766e-15,0,6
1000,1000,0.009073556948127504,0.018616058734491958,0.000973852733750391,0.010440322664862833,-0.009542501786364455,-0.009466469931112442,0.00786693705990401,-1.2129881952406125,-1.2033234610914696,0.22513433383780435,0.2288511736314437,0.681,0.226,0.233,True,999,0.00012408301699906588,0.0026644160971045494,near_5x5_bal_strong_1000,near_boundary,False,173,1389927733,1.887379141862766e-15,0,5
1000,1000,0.013404750964101542,0.024381645857542655,0.005304244462649876,0.01582742107012791,-0.010976894893441114,-0.010523176607478035,0.009540376645047784,-1.1505724880515065,-1.1030147968990724,0.24990815678190925,0.27002073940076676,0.642,0.253,0.265,True,999,0.00014525000005960464,0.0027221250347793102,near_5x5_bal_strong_1000,near_boundary,False,174,1389927733,1.887379141862766e-15,0,5
1000,1000,0.022453642361970116,0.015911761380512424,0.014349841226703575,0.009716528714250217,0.006541880981457693,0.004633312512453358,0.008467602823993134,0.7725776843147547,0.5471811336408893,0.43977235552445604,0.5842542963489759,0.765,0.437,0.585,True,999,0.00012595904991030693,0.0027056249091401696,near_5x5_bal_strong_1000,near_boundary,False,175,1389927733,1.887379141862766e-15,0,7
1000,1000,0.010500027159949799,0.008935084194500176,0.002399362272626604,-0.001145408031959505,0.0015649429654496227,0.003544770304586109,0.00611073124916447,0.25609749498697065,0.5800893804764841,0.7978755562133514,0.5618543447514407,0.936,0.791,0.552,True,999,0.0001341670285910368,0.002662041923031211,near_5x5_bal_strong_1000,near_boundary,False,176,1389927733,1.887379141862766e-15,0,4
1000,1000,0.015249578073808001,0.018099779826488027,0.007148715354560409,0.010057014382937268,-0.002850201752680026,-0.0029082990283768595,0.00865427925301008,-0.32934016448437176,-0.33605329148181945,0.7418985889758815,0.7368306800901212,0.899,0.746,0.739,True,999,0.000126624945551157,0.0027107910718768835,near_5x5_bal_strong_1000,near_boundary,False,177,1389927733,1.887379141862766e-15,0,4
1000,1000,0.011955070940327994,0.01180184664379691,0.003854126983696915,0.00420129749085163,0.00015322429653108482,-0.00034717050715471487,0.006543601844024575,0.023415895432422246,-0.05305495588362254,0.9813185257610313,0.9576881208697142,0.999,0.986,0.961,True,999,0.000156999914906919,0.002686375053599477,near_5x5_bal_strong_1000,near_boundary,False,178,1389927733,1.887379141862766e-15,0,6
1000,1000,0.015025425995637054,0.009538631508407946,0.006924162980340043,0.002122071462281383,0.0054867944872291075,0.00480209151805866,0.0065855687348247306,0.8331542358998906,0.729184025164755,0.40475774884928584,0.465889101675657,0.793,0.398,0.448,True,999,0.00011829205323010683,0.002687667030841112,near_5x5_bal_strong_1000,near_boundary,False,179,1389927733,1.887379141862766e-15,0,7
1000,1000,0.01341705897653167,0.0164290903490803,0.005316553959346493,0.0070948381837752095,-0.003012031372548629,-0.0017782842244287167,0.00832476339357534,-0.36181585351400775,-0.21361378580454463,0.7174896442854135,0.830848248017082,0.87,0.687,0.795,True,999,0.0001313339453190565,0.0027700000209733844,near_5x5_bal_strong_1000,near_boundary,False,180,1389927733,1.887379141862766e-15,0,5
1000,1000,0.013348781911334928,0.013188052842461717,0.005246331399121118,0.006220957267657923,0.00016072906887321103,-0.0009746258685368048,0.007082965762654693,0.022692340222885653,-0.13760138072042796,0.9818956858805469,0.8905554642533654,0.991,0.979,0.9,True,999,0.00013279193080961704,0.002648250083439052,near_5x5_bal_strong_1000,near_boundary,False,181,1389927733,1.887379141862766e-15,0,7
1000,1000,0.011063556650716455,0.014488585022812694,0.0029631078418788093,0.006499554810488917,-0.0034250283720962393,-0.0035364469686101074,0.0070911832076213975,-0.4829981502120998,-0.49871042181074055,0.629097049642818,0.6179834015406984,0.896,0.639,0.628,True,999,0.00011424999684095383,0.0026839589700102806,near_5x5_bal_strong_1000,near_boundary,False,182,1389927733,1.887379141862766e-15,0,6
1000,1000,0.01004691266604163,0.013438814813769184,0.001946627631014053,0.005313861951833587,-0.0033919021477275546,-0.0033672343208195343,0.0067537777996090256,-0.5022229407553075,-0.49857049206067494,0.615510707550372,0.6180819972757405,0.88,0.613,0.617,True,999,0.00011883291881531477,0.0027795000933110714,near_5x5_bal_strong_1000,near_boundary,False,183,1389927733,1.887379141862766e-15,0,7
1000,1000,0.0050736237043982335,0.014439752248047888,-0.003025607951940401,0.005808203950039115,-0.009366128543649654,-0.008833811901979516,0.006536050144506629,-1.4329952091205465,-1.3515520393312914,0.15185920646126952,0.17651866179903497,0.689,0.137,0.163,True,999,0.00012441701255738735,0.0026391249848529696,near_5x5_bal_strong_1000,near_boundary,False,184,1389927733,1.887379141862766e-15,0,5
1000,1000,0.011313852238273636,0.009801280469769413,0.003212941820265769,0.003722864725943964,0.0015125717685042228,-0.0005099229056781951,0.006299362976036534,0.24011503611685997,-0.08094832884182061,0.810241078015193,0.9354830451858354,0.932,0.792,0.918,True,999,0.00011691695544868708,0.0026950000319629908,near_5x5_bal_strong_1000,near_boundary,False,185,1389927733,1.887379141862766e-15,0,8
1000,1000,0.01932308461925958,0.011339716338131411,0.011220499179216858,0.002303111396543045,0.007983368281128167,0.008917387782673813,0.00777562051822509,1.0267178371701837,1.146839375940809,0.3045533476537228,0.25144801201205347,0.74,0.301,0.249,True,999,0.00012054189573973417,0.0027179589960724115,near_5x5_bal_strong_1000,near_boundary,False,186,1389927733,1.887379141862766e-15,0,5
1000,1000,0.013472511198658887,0.022029230854286763,0.00537151212961362,0.012196019200757746,-0.008556719655627876,-0.006824507071144126,0.009046273947031693,-0.9458833223191906,-0.7543997795228626,0.34420810079390673,0.45060920393911474,0.739,0.355,0.465,True,999,0.00011987506877630949,0.0026422919472679496,near_5x5_bal_strong_1000,near_boundary,False,187,1389927733,1.887379141862766e-15,0,4
1000,1000,0.006785980475551012,0.018320307333549612,-0.0013136884326740983,0.008480015337340774,-0.0115343268579986,-0.009793703770014872,0.00776950192891579,-1.4845645143701227,-1.2605317380211467,0.13765922144401926,0.20747760608534427,0.628,0.142,0.228,True,999,0.00013470801059156656,0.0026269579539075494,near_5x5_bal_strong_1000,near_boundary,False,188,1389927733,1.887379141862766e-15,0,4
1000,1000,0.01679156506226165,0.009468754412200076,0.008687661333851793,-0.00028994704149454265,0.007322810650061573,0.008977608375346335,0.007026189681915137,1.0422164760097377,1.2777349860699032,0.2973113259855701,0.20134288485084806,0.751,0.302,0.202,True,999,0.00012099999003112316,0.0027722090017050505,near_5x5_bal_strong_1000,near_boundary,False,189,1389927733,1.887379141862766e-15,0,5
1000,1000,0.01068772595588463,0.015800324432629298,0.002587543340268894,0.009104457933062804,-0.0051125984767446675,-0.00651691459279391,0.007485652195719052,-0.682986377548839,-0.8705874147506946,0.4946154505035695,0.38397947062104576,0.832,0.482,0.371,True,999,0.0001127920113503933,0.002677583019249141,near_5x5_bal_strong_1000,near_boundary,False,190,1389927733,1.887379141862766e-15,0,8
1000,1000,0.011451980906630244,0.018238714158643365,0.0033518350212489167,0.01290319283810959,-0.006786733252013122,-0.009551357816860673,0.008080262904447957,-0.8399149052782944,-1.1820602782123486,0.40095609978321367,0.23718178404385204,0.768,0.401,0.233,True,999,0.00011920800898224115,0.002685124985873699,near_5x5_bal_strong_1000,near_boundary,False,191,1389927733,1.887379141862766e-15,0,9
1000,1000,0.013900837417853529,0.018746708259613998,0.005799461771175629,0.011156911341174691,-0.004845870841760469,-0.005357449569999062,0.008619412430585383,-0.5622043127400697,-0.6215562386814821,0.5739768233773794,0.5342337038572207,0.823,0.55,0.511,True,999,0.0001267909538000822,0.0027078749844804406,near_5x5_bal_strong_1000,near_boundary,False,192,1389927733,1.887379141862766e-15,0,6
1000,1000,0.015910071458497654,0.011135504222598569,0.007808297184055846,0.0046686105720255,0.004774567235899085,0.0031396866120303457,0.007255653027717379,0.658047899707955,0.4327228162697973,0.5105073525344817,0.6652161520501919,0.842,0.498,0.656,True,999,0.00011941604316234589,0.0026967920130118728,near_5x5_bal_strong_1000,near_boundary,False,193,1389927733,1.887379141862766e-15,0,8
1000,1000,0.007951293970644535,0.01487214339177606,-0.00014941124618417234,0.006516013604823456,-0.006920849421131525,-0.006665424851007629,0.006994940131716811,-0.9894079564384919,-0.952892337246022,0.32246358329481783,0.3406446229625478,0.786,0.339,0.36,True,999,0.00011870905291289091,0.0026894169859588146,near_5x5_bal_strong_1000,near_boundary,False,194,1389927733,1.887379141862766e-15,0,6
1000,1000,0.010454222100247934,0.014226091631087179,0.002354164569396744,0.005869413478308161,-0.0037718695308392447,-0.003515248908911417,0.0072864071333226315,-0.5176583550470994,-0.482439265963505,0.6046966591341906,0.6294939329674248,0.856,0.597,0.615,True,999,0.00011841708328574896,0.002787125064060092,near_5x5_bal_strong_1000,near_boundary,False,195,1389927733,1.887379141862766e-15,0,6
1000,1000,0.014243778200745627,0.012413295043563144,0.0061421652742410515,0.005040453366007114,0.0018304831571824831,0.0011017119082339377,0.007253488942975447,0.252358991869036,0.1518871700081486,0.8007635942693533,0.8792759277343922,0.942,0.809,0.901,True,999,0.0001234580995514989,0.00265166605822742,near_5x5_bal_strong_1000,near_boundary,False,196,1389927733,1.887379141862766e-15,0,7
1000,1000,0.019055730122155,0.012193751647737505,0.010953293302009115,0.0019277938615687162,0.006861978474417496,0.009025499440440399,0.008103359571900028,0.8468066131747057,1.1137972294525926,0.39710292153944293,0.26536618582582394,0.771,0.405,0.27,True,999,0.0001194999786093831,0.002754957997240126,near_5x5_bal_strong_1000,near_boundary,False,197,1389927733,1.887379141862766e-15,0,3
1000,1000,0.012410945474895518,0.015115019950762087,0.004310427603968492,0.005336966053562264,-0.002704074475866569,-0.0010265384495937724,0.0077841359318958836,-0.3473827409393623,-0.1318757095938523,0.7283037977199214,0.8950826017398684,0.889,0.732,0.883,True,999,0.0001224579755216837,0.002736249938607216,near_5x5_bal_strong_1000,near_boundary,False,198,1389927733,1.887379141862766e-15,0,5
1000,1000,0.019816816355305855,0.006451604208949857,0.01171306480569001,-0.0027834724835997804,0.013365212146355998,0.01449653728928979,0.006669252693497662,2.0040044605577343,2.1736374306859774,0.04506958260628435,0.02973237503601475,0.544,0.036,0.021,True,999,0.00012191606219857931,0.0026666249614208937,near_5x5_bal_strong_1000,near_boundary,False,199,1389927733,1.887379141862766e-15,0,6
1000,1000,0.019299320333567183,0.01773580280763204,0.011197299307468711,0.008780508160668887,0.001563517525935143,0.0024167911467998238,0.008964882374080834,0.1744046893973274,0.2695842562069997,0.8615474291943264,0.7874801137743228,0.935,0.836,0.769,True,999,0.0001425000373274088,0.0027686250396072865,near_5x5_bal_strong_1000,near_boundary,False,200,1389927733,1.887379141862766e-15,0,5
1000,1000,0.011426263461300268,0.014164193177963136,0.0033250907329147594,0.006242467117658634,-0.002737929716662868,-0.002917376384743875,0.007088425378518056,-0.386253585311111,-0.4115690338767165,0.6993088717295526,0.680655332446651,0.917,0.673,0.656,True,999,0.00013687496539205313,0.0027528329519554973,near_5x5_bal_strong_1000,near_boundary,False,201,1389927733,1.887379141862766e-15,0,6
1000,1000,0.01726659177551726,0.0173713118819232,0.00916464936221928,0.01042069056290984,-0.0001047201064059422,-0.0012560412006905608,0.008398231489951438,-0.012469304582904244,-0.14956020231085865,0.9900511922026907,0.8811116088900227,0.995,0.986,0.867,True,999,0.00012891599908471107,0.002662957995198667,near_5x5_bal_strong_1000,near_boundary,False,202,1389927733,1.887379141862766e-15,0,7
1000,1000,0.018808521008159662,0.022599220977374268,0.010706107831538247,0.016805638257835653,-0.003790699969214606,-0.006099530426297406,0.00954017986271925,-0.39734051388567193,-0.6393517223016851,0.6911163753771007,0.5225941480326788,0.865,0.71,0.544,True,999,0.0001271669752895832,0.002744416007772088,near_5x5_bal_strong_1000,near_boundary,False,203,1389927733,1.887379141862766e-15,0,8
1000,1000,0.008769481700607207,0.005326011482589432,0.0006692990787087183,-0.0045241891535283685,0.0034434702180177745,0.005193488232237087,0.005047881636257732,0.6821614423928144,1.0288450891822616,0.4951368725821532,0.30355247497159865,0.893,0.519,0.303,True,999,0.00011895899660885334,0.0028128339909017086,near_5x5_bal_strong_1000,near_boundary,False,204,1389927733,1.887379141862766e-15,0,5
1000,1000,0.013327656974507107,0.019823655028626486,0.005226158656569169,0.010696928954246232,-0.0064959980541193785,-0.005470770297677063,0.008705909100543899,-0.7461596461779669,-0.6283973602866217,0.45557098178632327,0.5297436659037902,0.783,0.47,0.54,True,999,0.00012358406092971563,0.0026826249668374658,near_5x5_bal_strong_1000,near_boundary,False,205,1389927733,1.887379141862766e-15,0,4
1000,1000,0.010807208293979409,0.013467236502688773,0.0027071295487530733,0.005303386918171782,-0.002660028208709364,-0.0025962573694187085,0.007276873709609546,-0.36554546840584,-0.356781974378667,0.714704272625651,0.7212550317184,0.903,0.713,0.719,True,999,0.000120165990665555,0.0027117080753669143,near_5x5_bal_strong_1000,near_boundary,False,206,1389927733,1.887379141862766e-15,0,7
1000,1000,0.016223504846782477,0.01366364023815203,0.008121231428049214,0.004059491509678992,0.0025598646086304466,0.004061739918370222,0.0078064516883023455,0.3279165376077714,0.5203055217079708,0.7429747692936506,0.602850647956271,0.898,0.736,0.587,True,999,0.00013504200614988804,0.002770249964669347,near_5x5_bal_strong_1000,near_boundary,False,207,1389927733,1.887379141862766e-15,0,4
1000,1000,0.013383841724018408,0.021677590997101093,0.005282920569015914,0.013938562222790551,-0.008293749273082685,-0.008655641653774637,0.008885573468548477,-0.9333949353341545,-0.9741230191177069,0.3506160943976402,0.3299954612990369,0.714,0.311,0.29,True,999,0.00011841591913253069,0.002662167069502175,near_5x5_bal_strong_1000,near_boundary,False,208,1389927733,1.887379141862766e-15,0,5
1000,1000,0.008558257746836828,0.013222923437872236,0.0004583238030591019,0.006821671461807455,-0.004664665691035408,-0.006363347658748353,0.006733751903678708,-0.6927290695825993,-0.9449928880320049,0.4884795925833072,0.34466250691831635,0.839,0.488,0.353,True,999,0.00011687504593282938,0.00275691703427583,near_5x5_bal_strong_1000,near_boundary,False,209,1389927733,1.887379141862766e-15,0,8
1000,1000,0.011229812240313386,0.019449290849816614,0.0031287581045944535,0.010285613589303466,-0.008219478609503228,-0.007156855484709013,0.008503544437152179,-0.9665944207443826,-0.8416320438616806,0.3337468247928028,0.39999394708912905,0.734,0.349,0.409,True,999,0.00012129091192036867,0.0026900829980149865,near_5x5_bal_strong_1000,near_boundary,False,210,1389927733,1.887379141862766e-15,0,4
1000,1000,0.016930347942128554,0.0168842304178195,0.00882797555277648,0.009924590256559895,4.6117524309052804e-05,-0.0010966147037834162,0.008524990216018467,0.005409686479451662,-0.1286353035013314,0.9956837157317381,0.8976462302146389,0.999,0.996,0.881,True,999,0.00012437498662620783,0.0026829580310732126,near_5x5_bal_strong_1000,near_boundary,False,211,1389927733,1.887379141862766e-15,0,7
1000,1000,0.013437051324743932,0.012890864224962884,0.005335672049113782,0.005627081029842884,0.0005461870997810481,-0.00029140898072910204,0.00732633643345194,0.07455119004461304,-0.03977553902637246,0.9405718106892859,0.968272077823686,0.988,0.936,0.964,True,999,0.00011754198931157589,0.0027111669769510627,near_5x5_bal_strong_1000,near_boundary,False,212,1389927733,1.887379141862766e-15,0,6
1000,1000,0.016360509603586815,0.0071605198424225525,0.008258678406946274,-0.004078882242254167,0.009199989761164262,0.01233756064920044,0.006663334510410526,1.3806885646804266,1.8515595502409088,0.16737473883554643,0.06408909604680006,0.676,0.152,0.051,True,999,0.00013050006236881018,0.0027138340519741178,near_5x5_bal_strong_1000,near_boundary,False,213,1389927733,1.887379141862766e-15,0,4
1000,1000,0.011580794689639351,0.011231449733298926,0.0034800184603227535,0.00042023756446951666,0.00034934495634042495,0.003059780895853237,0.006813440257828811,0.05127291692900939,0.4490801680307497,0.9591080488697498,0.6533738262202764,0.987,0.965,0.667,True,999,0.00012312503531575203,0.0027687500696629286,near_5x5_bal_strong_1000,near_boundary,False,214,1389927733,1.887379141862766e-15,0,2
1000,1000,0.006965705894045104,0.015873129637088146,-0.0011336672068864573,0.007560145888248826,-0.008907423743043041,-0.008693813095135283,0.00724612576394991,-1.2292670639748249,-1.199787773266059,0.21897169174613584,0.23022177388355203,0.698,0.212,0.227,True,999,0.00012533296830952168,0.0027544168988242745,near_5x5_bal_strong_1000,near_boundary,False,215,1389927733,1.887379141862766e-15,0,6
1000,1000,0.016363667368014534,0.014039586186063047,0.00826114416463497,0.005434130666458259,0.0023240811819514873,0.0028270134981767114,0.008002316621547073,0.29042604683919354,0.3532743868900016,0.771490319499142,0.7238827454664458,0.928,0.777,0.738,True,999,0.00016354199033230543,0.002678541000932455,near_5x5_bal_strong_1000,near_boundary,False,216,1389927733,1.887379141862766e-15,0,5
1000,1000,0.01304418785510797,0.011176047988450233,0.004943828716250209,2.475515475452994e-05,0.0018681398666577365,0.004919073561495679,0.007140588879417823,0.261622661408571,0.688889060071014,0.7936123711043606,0.4908930844053838,0.925,0.794,0.475,True,999,0.00011945900041610003,0.0026966669829562306,near_5x5_bal_strong_1000,near_boundary,False,217,1389927733,1.887379141862766e-15,0,2
1000,1000,0.015384913411018664,0.008989626820176955,0.007282900889777011,-0.00042922509618392723,0.006395286590841709,0.007712125985960938,0.006797176191688543,0.9408740351120725,1.1346073381753996,0.3467694150230628,0.2565398771373414,0.763,0.34,0.251,True,999,0.00011937494855374098,0.0027342919493094087,near_5x5_bal_strong_1000,near_boundary,False,218,1389927733,1.887379141862766e-15,0,5
1000,1000,0.014271136379518934,0.01580927874310528,0.006170244333361552,0.007789682342092874,-0.0015381423635863478,-0.001619438008731322,0.008110346935306928,-0.18965185778802177,-0.19967555292627392,0.8495819479427753,0.8417343346657371,0.957,0.856,0.846,True,999,0.00012720900122076273,0.0027232079301029444,near_5x5_bal_strong_1000,near_boundary,False,219,1389927733,1.887379141862766e-15,0,6
1000,1000,0.01236878560436172,0.013215004142796472,0.004267971664603465,0.007795222292941162,-0.0008462185384347509,-0.003527250628337697,0.007107700570152034,-0.1190565823760708,-0.4962576284023525,0.9052305282572675,0.6197126567878607,0.967,0.912,0.617,True,999,0.00012675009202212095,0.0026970839826390147,near_5x5_bal_strong_1000,near_boundary,False,220,1389927733,1.887379141862766e-15,0,9
1000,1000,0.0113130349363042,0.009211779981744994,0.0032126787466495443,-0.000594347275466589,0.0021012549545592063,0.0038070260221161334,0.006273106806109104,0.33496240690703466,0.6068804724333144,0.7376534446033112,0.5439302382599381,0.922,0.73,0.535,True,999,0.00012491701636463404,0.0028675829526036978,near_5x5_bal_strong_1000,near_boundary,False,221,1389927733,1.887379141862766e-15,0,5
1000,1000,0.008601892559812807,0.011503561097334414,0.0005021830897931068,0.003694267563844278,-0.0029016685375216067,-0.003192084474051171,0.006346420502209165,-0.45721340659849863,-0.5029739950165638,0.6475176630284625,0.614982555656043,0.89,0.649,0.614,True,999,0.00013504200614988804,0.0027076660189777613,near_5x5_bal_strong_1000,near_boundary,False,222,1389927733,1.887379141862766e-15,0,7
1000,1000,0.009493485678703006,0.02081238976479094,0.0013931226078511827,0.011770013626687614,-0.011318904086087933,-0.010376891018836432,0.00830495371783835,-1.3629099535829885,-1.2494821008511743,0.1729108913532581,0.21148879618774385,0.638,0.191,0.224,True,999,0.00012149999383836985,0.002701167017221451,near_5x5_bal_strong_1000,near_boundary,False,223,1389927733,1.887379141862766e-15,0,4
1000,1000,0.00875848317574568,0.012240539788296922,0.0006589083841390675,0.005205503116656018,-0.003482056612551243,-0.004546594732516951,0.006468145323114467,-0.5383392670705492,-0.7029209310231957,0.5903428468280966,0.48210502623351814,0.88,0.586,0.474,True,999,0.000122582889162004,0.0027782079996541142,near_5x5_bal_strong_1000,near_boundary,False,224,1389927733,1.887379141862766e-15,0,7
1000,1000,0.009351847959344184,0.017004604831636683,0.0012514524023572449,0.007554115320886012,-0.007652756872292499,-0.0063026629185287675,0.0076911693352897745,-0.9950056407130414,-0.8194674494566055,0.31973352093508356,0.41251976599025375,0.763,0.322,0.412,True,999,0.0001206250162795186,0.002693417016416788,near_5x5_bal_strong_1000,near_boundary,False,225,1389927733,1.887379141862766e-15,0,3
1000,1000,0.010621279373937309,0.01236347942836663,0.0025211476074673556,0.0032804237885670773,-0.0017422000544293215,-0.0007592761810997217,0.006738191569449937,-0.25855602893931134,-0.11268248658025379,0.7959778135670874,0.9102822864907096,0.914,0.774,0.892,True,999,0.00011879100929945707,0.0026906250277534127,near_5x5_bal_strong_1000,near_boundary,False,226,1389927733,1.887379141862766e-15,0,5
1000,1000,0.00727382486198036,0.01572711317205272,-0.000825350204422648,0.008777401980353261,-0.00845328831007236,-0.009602752184775909,0.007031637319010054,-1.2021792260557678,-1.3656495278581615,0.2292940961602058,0.1720489931892326,0.698,0.216,0.161,True,999,0.0001294589601457119,0.002801583963446319,near_5x5_bal_strong_1000,near_boundary,False,227,1389927733,1.887379141862766e-15,0,7
1000,1000,0.00990023390309136,0.009811019523718933,0.0017998825512677286,0.003623566765384112,8.921437937242649e-05,-0.0018236842141163834,0.005539499781756263,0.016105132753365982,-0.32921460167260735,0.9871505187018231,0.7419934870085456,0.997,0.986,0.73,True,999,0.00012812507338821888,0.0026558339595794678,near_5x5_bal_strong_1000,near_boundary,False,228,1389927733,1.887379141862766e-15,0,9
1000,1000,0.014971405310240327,0.012986228328725535,0.006868659926794862,0.007440064730758422,0.0019851769815147913,-0.00057140480396356,0.007601346678799081,0.2611612212151367,-0.07517152264049018,0.7939681815807683,0.9400782418706664,0.926,0.785,0.939,True,999,0.0001230830093845725,0.0027509579667821527,near_5x5_bal_strong_1000,near_boundary,False,229,1389927733,1.887379141862766e-15,0,10
1000,1000,0.012971337564825713,0.011200535191416172,0.004870780141800424,0.003800933281183916,0.0017708023734095413,0.001069846860616508,0.006737450502485132,0.26282974142168086,0.15879105311747985,0.7926818108672581,0.8738334979522326,0.924,0.769,0.856,True,999,0.0001228339970111847,0.0027117080753669143,near_5x5_bal_strong_1000,near_boundary,False,230,1389927733,1.887379141862766e-15,0,7
1000,1000,0.012923286152476177,0.01427282419611492,0.004822894820108559,0.0042793452814180455,-0.0013495380436387427,0.0005435495386905131,0.007855199081600261,-0.17180188937538865,0.06919615060599854,0.8635932801050377,0.944833487136708,0.961,0.866,0.954,True,999,0.00013358297292143106,0.002698333002626896,near_5x5_bal_strong_1000,near_boundary,False,231,1389927733,1.887379141862766e-15,0,4
1000,1000,0.004819755837182527,0.019687039744002266,-0.0032797842909531028,0.011190324686879194,-0.01486728390681974,-0.014470108977832297,0.0076844408557719445,-1.9347255299196702,-1.8830399308706365,0.05302398578052465,0.059694956731860364,0.539,0.065,0.07,True,999,0.00012137496378272772,0.0027500420110300183,near_5x5_bal_strong_1000,near_boundary,False,232,1389927733,1.887379141862766e-15,0,5
1000,1000,0.00645115999737822,0.011456648384837675,-0.0016481023887990887,0.005038530700744559,-0.005005488387459456,-0.006686633089543648,0.005732450029899183,-0.8731848269678659,-1.166452922339952,0.3825623437036585,0.2434313720618294,0.829,0.362,0.235,True,999,0.00013883400242775679,0.002790750004351139,near_5x5_bal_strong_1000,near_boundary,False,233,1389927733,1.887379141862766e-15,0,8
1000,1000,0.013584017810886584,0.01884590874438824,0.005482879609644442,0.013368089110201709,-0.005261890933501656,-0.007885209500557266,0.008109492467534164,-0.6488557643486693,-0.9723431561377238,0.5164316093539746,0.3308798608858091,0.818,0.534,0.355,True,999,0.00011983304284512997,0.0028079160256311297,near_5x5_bal_strong_1000,near_boundary,False,234,1389927733,1.887379141862766e-15,0,8
1000,1000,0.009640849137498186,0.013989170856372635,0.0015405169017412845,0.007420148704284202,-0.004348321718874448,-0.005879631802542917,0.0068151902135539216,-0.638033801349607,-0.8627245342103023,0.5234516771376353,0.3882889398050896,0.836,0.529,0.387,True,999,0.00012420793063938618,0.0027088329661637545,near_5x5_bal_strong_1000,near_boundary,False,235,1389927733,1.887379141862766e-15,0,7
1000,1000,0.012026279052005373,0.009168587359155156,0.0039256653842585365,0.00170301892075031,0.002857691692850217,0.0022226464635082266,0.00626764365021615,0.45594354949513843,0.3546223409544949,0.6484305721131196,0.7228725369170437,0.894,0.646,0.728,True,999,0.0001224579755216837,0.00272583297919482,near_5x5_bal_strong_1000,near_boundary,False,236,1389927733,1.887379141862766e-15,0,7
1000,1000,0.011678196900968052,0.020263245036511446,0.0035767960459907044,0.012313100258722898,-0.008585048135543394,-0.008736304212732193,0.008660555066635534,-0.9912815136545892,-1.008746453952874,0.32154813722463504,0.313096246898359,0.722,0.319,0.312,True,999,0.00012204202357679605,0.0026663329917937517,near_5x5_bal_strong_1000,near_boundary,False,237,1389927733,1.887379141862766e-15,0,6
1000,1000,0.014363604963208765,0.009878901472231694,0.006262065279770468,-0.0005914891939369227,0.004484703490977071,0.006853554473707391,0.00717017673754922,0.6254662409493063,0.9558417769280745,0.5316650985260478,0.3391521781497867,0.835,0.506,0.295,True,999,0.0001217500539496541,0.00268287502694875,near_5x5_bal_strong_1000,near_boundary,False,238,1389927733,1.887379141862766e-15,0,4
1000,1000,0.011187269288364332,0.01320214527482838,0.003085992007072491,0.003525187481557168,-0.0020148759864640486,-0.0004391954744846771,0.007234597882370907,-0.27850559481320303,-0.0607076553010497,0.7806242708328638,0.9515920348797478,0.935,0.777,0.948,True,999,0.00012870901264250278,0.002732291934080422,near_5x5_bal_strong_1000,near_boundary,False,239,1389927733,1.887379141862766e-15,0,5
1000,1000,0.009723947115304554,0.011183476360687228,0.0016231310328294057,0.0033752578592611826,-0.0014595292453826736,-0.0017521268264317769,0.00627275980426572,-0.2326773686424494,-0.27932311791059855,0.8160119441377329,0.7799968665207965,0.955,0.823,0.785,True,999,0.00012262503150850534,0.002679042052477598,near_5x5_bal_strong_1000,near_boundary,False,240,1389927733,1.887379141862766e-15,0,7
1000,1000,0.01235670879786932,0.013841578644607333,0.004253863371104671,0.0058744067847555925,-0.0014848698467380128,-0.0016205434136509211,0.007072889971013369,-0.2099382081190877,-0.2291204048546421,0.8337159009072452,0.8187753344853993,0.941,0.821,0.805,True,999,0.00011937494855374098,0.00278550002258271,near_5x5_bal_strong_1000,near_boundary,False,241,1389927733,1.887379141862766e-15,0,6
1000,1000,0.010151131778741496,0.015687122974221812,0.0020506165446931846,0.005126053058063462,-0.0055359911954803165,-0.0030754365133702777,0.007832493517528676,-0.7067980564670858,-0.392651012922976,0.47969198254171075,0.6945772565112973,0.803,0.47,0.678,True,999,0.00014937506057322025,0.0027172499103471637,near_5x5_bal_strong_1000,near_boundary,False,242,1389927733,1.887379141862766e-15,0,3
1000,1000,0.015566478897176994,0.012363847132643047,0.0074645688855525805,0.0053776390528810225,0.0032026317645339475,0.002086929832671558,0.007298450088055801,0.43880984673378526,0.2859415091550602,0.6607993248818188,0.7749229207082845,0.891,0.66,0.779,True,999,0.00013399997260421515,0.002687125001102686,near_5x5_bal_strong_1000,near_boundary,False,243,1389927733,1.887379141862766e-15,0,7
1000,1000,0.029926855317138346,0.019834189829790405,0.02182120770999063,0.009670264197836786,0.01009266548734794,0.012150943512153844,0.010476787507969699,0.9633358965876174,1.159796693682163,0.33537898451117565,0.24613159056222367,0.669,0.346,0.256,True,999,0.00012425007298588753,0.002709207939915359,near_5x5_bal_strong_1000,near_boundary,False,244,1389927733,1.887379141862766e-15,0,3
1000,1000,0.006960384318737356,0.009655132818844281,-0.0011394154610115947,0.0022391174775862055,-0.002694748500106925,-0.0033785329385978002,0.00488074014550466,-0.552118822098916,-0.6922173354608014,0.5808669470849024,0.48880085370972315,0.891,0.578,0.486,True,999,0.00015320803504437208,0.0026738749584183097,near_5x5_bal_strong_1000,near_boundary,False,245,1389927733,1.887379141862766e-15,0,7
1000,1000,0.014846188240552616,0.015196004899067528,0.006744927712134086,0.00759082885127782,-0.00034981665851491206,-0.0008459011391437343,0.007946716610591044,-0.04402027600288292,-0.10644662199434084,0.9648882416190955,0.9152280041699258,0.988,0.961,0.915,True,999,0.00011775002349168062,0.00265729206148535,near_5x5_bal_strong_1000,near_boundary,False,246,1389927733,1.887379141862766e-15,0,6
1000,1000,0.013061083223537162,0.008713583518119628,0.004960288207939811,0.0024780030325359803,0.004347499705417535,0.002482285175403831,0.006187518081616498,0.7026241617514182,0.4011762297356116,0.48229000092144625,0.6882903801706732,0.857,0.472,0.677,True,999,0.00013770803343504667,0.002735291956923902,near_5x5_bal_strong_1000,near_boundary,False,247,1389927733,1.887379141862766e-15,0,9
1000,1000,0.01419419473587058,0.017442547801979513,0.006092340366421922,0.008487842569536497,-0.0032483530661089333,-0.0023955022031145745,0.008692872062714024,-0.3736800729004122,-0.27557085688509125,0.708642352583816,0.782877696065081,0.887,0.713,0.788,True,999,0.00012216693721711636,0.0026830839924514294,near_5x5_bal_strong_1000,near_boundary,False,248,1389927733,1.887379141862766e-15,0,5
1000,1000,0.020974321645487626,0.01354797691258769,0.012870797249433963,0.005966425245162554,0.007426344732899937,0.0069043720042714085,0.008150637360044545,0.9111366884392155,0.8470959630859684,0.3622233575455005,0.396941635065438,0.719,0.354,0.392,True,999,0.0001235420349985361,0.0026583749568089843,near_5x5_bal_strong_1000,near_boundary,False,249,1389927733,1.887379141862766e-15,0,6
1000,1000,0.02164635593067965,0.027335356379562414,0.013542943480388203,0.018988607352412146,-0.005689000448882764,-0.0054456638720239425,0.010553064629702237,-0.539085151897083,-0.51602677166373,0.5898281003989407,0.6058357111969139,0.791,0.574,0.593,True,999,0.00012008391786366701,0.002768209087662399,near_5x5_bal_strong_1000,near_boundary,False,250,1389927733,1.887379141862766e-15,0,5
1000,1000,0.010298193321321536,0.011934118608246447,0.002197828691350878,0.003607785013400644,-0.0016359252869249108,-0.0014099563220497657,0.006537213099569991,-0.25024811980391454,-0.215681560410278,0.8023954745525105,0.8292359755969817,0.933,0.805,0.825,True,999,0.00012229196727275848,0.0026574580697342753,near_5x5_bal_strong_1000,near_boundary,False,251,1389927733,1.887379141862766e-15,0,6
1000,1000,0.015355172380199678,0.009589704449968872,0.007253809913436271,0.0013507568838235784,0.005765467930230805,0.005903053029612693,0.006857953357638364,0.8406980376746435,0.8607601600319857,0.400517120190079,0.38937015153013566,0.818,0.388,0.379,True,999,0.00012004200834780931,0.002751750056631863,near_5x5_bal_strong_1000,near_boundary,False,252,1389927733,1.887379141862766e-15,0,7
1000,1000,0.015278497131461455,0.008993148904843873,0.007176924366149251,-0.001088156006801455,0.006285348226617582,0.008265080372950706,0.006930431174609344,0.9069202288084011,1.1925780899796026,0.36444898299118567,0.23303465087765463,0.795,0.365,0.228,True,999,0.00011737504974007607,0.002671249909326434,near_5x5_bal_strong_1000,near_boundary,False,253,1389927733,1.887379141862766e-15,0,4
1000,1000,0.01026762815154103,0.014571691370339035,0.002166506043749905,0.009585682668500795,-0.004304063218798004,-0.0074191766247508895,0.006861529185929583,-0.6272746354593988,-1.0812715975856857,0.5304792269134389,0.27957631767278124,0.871,0.531,0.276,True,999,0.00012437498662620783,0.002642542007379234,near_5x5_bal_strong_1000,near_boundary,False,254,1389927733,1.887379141862766e-15,0,9
1000,1000,0.015910535806135995,0.017868322626568622,0.007809203786337093,0.010896188403819451,-0.0019577868204326276,-0.003086984617482358,0.008663422552887707,-0.22598306944869667,-0.35632391224567467,0.8212145883632015,0.721598003603271,0.922,0.793,0.723,True,999,0.00012037495616823435,0.0027708749985322356,near_5x5_bal_strong_1000,near_boundary,False,255,1389927733,1.887379141862766e-15,0,7
1000,1000,0.008994532734743599,0.018285030951782855,0.000893224760375233,0.007789282624514726,-0.009290498217039256,-0.006896057864139493,0.00807156850764545,-1.1510152219161898,-0.8543640381181794,0.24972597331591107,0.3929033151358925,0.682,0.258,0.414,True,999,0.00011799996718764305,0.0028270409675315022,near_5x5_bal_strong_1000,near_boundary,False,256,1389927733,1.887379141862766e-15,0,3
1000,1000,0.010478680170158405,0.01124214060616091,0.002378680341735162,0.0018680145569760498,-0.0007634604360025055,0.0005106657847591123,0.006612614910172507,-0.11545514843576285,0.07722599783839375,0.9080843690348286,0.9384437601165234,0.974,0.898,0.932,True,999,0.00012070895172655582,0.0026340839685872197,near_5x5_bal_strong_1000,near_boundary,False,257,1389927733,1.887379141862766e-15,0,5
1000,1000,0.013988823832638442,0.011063465262558969,0.005887722861416478,-0.0010670443635945048,0.0029253585700794726,0.006954767225010983,0.007348900868831466,0.3980674963907396,0.9463683548253994,0.6905804329175875,0.3439607401157625,0.891,0.687,0.331,True,999,0.00012716592755168676,0.002718209056183696,near_5x5_bal_strong_1000,near_boundary,False,258,1389927733,1.887379141862766e-15,0,3
1000,1000,0.019804858422259874,0.016188038148517936,0.011702524366910438,0.006059057435606974,0.0036168202737419386,0.005643466931303465,0.008839900456111193,0.4091471721541345,0.6384084254480521,0.6824316600857283,0.5232078477698812,0.855,0.683,0.521,True,999,0.0001295419642701745,0.0027810409665107727,near_5x5_bal_strong_1000,near_boundary,False,259,1389927733,1.887379141862766e-15,0,3
1000,1000,0.011073225714439916,0.011051601121923493,0.002972261102286211,0.0027270529076872663,2.162459251642268e-05,0.00024520819459894483,0.006324902739521956,0.003418960481605302,0.038768690159728524,0.9972720695323285,0.9690748076920903,1.0,0.999,0.977,True,999,0.00011945900041610003,0.002668708097189665,near_5x5_bal_strong_1000,near_boundary,False,260,1389927733,1.887379141862766e-15,0,6
1000,1000,0.010365578195757008,0.010502889250745384,0.002265391429546071,-0.0011003289262134786,-0.00013731105498837604,0.0033657203557595494,0.006740197865602343,-0.020371962029352847,0.4993503785602545,0.9837466502669252,0.6175325700839462,0.993,0.982,0.641,True,999,0.00012333400081843138,0.002723208977840841,near_5x5_bal_strong_1000,near_boundary,False,261,1389927733,1.887379141862766e-15,0,2
1000,1000,0.006430315041139112,0.01671007461116658,-0.001669047557243175,0.009103544044705814,-0.010279759570027469,-0.010772591601948989,0.007312665522065598,-1.4057472667126392,-1.473141574634207,0.1597991859164145,0.14071286512856424,0.65,0.157,0.142,True,999,0.00012158299796283245,0.0027911659562960267,near_5x5_bal_strong_1000,near_boundary,False,262,1389927733,1.887379141862766e-15,0,6
1000,1000,0.017450463341821543,0.008493050987636086,0.009348525401492225,-0.0006978208501209338,0.008957412354185457,0.010046346251613159,0.006979828465514958,1.2833284368578814,1.439339992558393,0.19937703398833106,0.15005421707742608,0.691,0.186,0.134,True,999,0.00011925003491342068,0.002667458029463887,near_5x5_bal_strong_1000,near_boundary,False,263,1389927733,1.887379141862766e-15,0,6
1000,1000,0.008621193183484754,0.017412493444866783,0.0005213540621298307,0.009463553215027787,-0.008791300261382029,-0.008942199152897956,0.007684667209380279,-1.1440053318966033,-1.1636416918591703,0.2526214257788535,0.2445692481363304,0.704,0.275,0.268,True,999,0.00012058299034833908,0.002697375020943582,near_5x5_bal_strong_1000,near_boundary,False,264,1389927733,1.887379141862766e-15,0,6
1000,1000,0.011717432484118051,0.009369364563286686,0.0036165694389183045,-0.0010508242584137406,0.002348067920831365,0.004667393697332045,0.006353634365016285,0.369562959706975,0.7346021865896405,0.7117081539718368,0.4625818059386635,0.929,0.723,0.471,True,999,0.00011845806147903204,0.00277029094286263,near_5x5_bal_strong_1000,near_boundary,False,265,1389927733,1.887379141862766e-15,0,4
1000,1000,0.005122316445832276,0.017488629233120667,-0.002977823701030502,0.0086536380048301,-0.012366312787288392,-0.011631461705860602,0.007097246636368732,-1.742409897934102,-1.6388695929287553,0.08143674518895683,0.101240421610837,0.608,0.076,0.103,True,999,0.00012404192239046097,0.0026394580490887165,near_5x5_bal_strong_1000,near_boundary,False,266,1389927733,1.887379141862766e-15,0,4
1000,1000,0.009082920745432155,0.013800580921350947,0.000982930470172505,0.0044440028086683014,-0.004717660175918792,-0.0034610723384957964,0.007050939331010613,-0.6690825086481929,-0.4908668442619715,0.5034428470490724,0.6235206287188241,0.837,0.522,0.626,True,999,0.00012129195965826511,0.002685166895389557,near_5x5_bal_strong_1000,near_boundary,False,267,1389927733,1.887379141862766e-15,0,5
1000,1000,0.0046992203478770644,0.009968488747830628,-0.003400159630473354,0.000570016145786667,-0.005269268399953564,-0.003970175776260021,0.0052389257341731365,-1.005791772458713,-0.757822496005784,0.31451574587941045,0.44855725315840844,0.787,0.292,0.433,True,999,0.00011891697067767382,0.0027491250075399876,near_5x5_bal_strong_1000,near_boundary,False,268,1389927733,1.887379141862766e-15,0,5
1000,1000,0.006650773514910835,0.013636602519523644,-0.001449442221883146,0.0041002994571499585,-0.006985829004612809,-0.0055497416790331044,0.0064883295081663165,-1.076676052876219,-0.8553421450079115,0.2816250143562379,0.39236176226971464,0.763,0.257,0.365,True,999,0.00012804102152585983,0.002606875030323863,near_5x5_bal_strong_1000,near_boundary,False,269,1389927733,1.887379141862766e-15,0,4
1000,1000,0.006614551075935227,0.024067130417831595,-0.0014849693277483311,0.016721142071105533,-0.017452579341896368,-0.018206111398853864,0.00855945082656321,-2.038983539426901,-2.1270186332928533,0.04145167040294337,0.03341853502226762,0.422,0.043,0.038,True,999,0.00012012501247227192,0.002721250057220459,near_5x5_bal_strong_1000,near_boundary,False,270,1389927733,1.887379141862766e-15,0,5
1000,1000,0.012671667163074662,0.015169320123275376,0.004571197640643732,0.0038419822066657616,-0.0024976529602007136,0.00072921543397797,0.008084839337849835,-0.3089304382967448,0.09019541434349702,0.7573744421499969,0.9281319282998033,0.914,0.751,0.925,True,999,0.00013079203199595213,0.0026809159899130464,near_5x5_bal_strong_1000,near_boundary,False,271,1389927733,1.887379141862766e-15,0,3
1000,1000,0.01772621043735567,0.008867161975407212,0.009622870618386514,0.0007885078908316245,0.00885904846194846,0.00883436272755489,0.006968197888236529,1.2713543162865681,1.267811688079174,0.20360262707419297,0.20486520720580026,0.665,0.195,0.197,True,999,0.0001235420349985361,0.0026704169576987624,near_5x5_bal_strong_1000,near_boundary,False,272,1389927733,1.887379141862766e-15,0,6
1000,1000,0.015718491725073447,0.015588449933027548,0.007616410523723971,0.005661570865925114,0.0001300417920458985,0.001954839657798857,0.008337621926947442,0.015596988348152313,0.23446009844614768,0.9875559083415273,0.8146278067336971,0.997,0.988,0.803,True,999,0.00012279197108000517,0.002719209063798189,near_5x5_bal_strong_1000,near_boundary,False,273,1389927733,1.887379141862766e-15,0,4
1000,1000,0.026085365718642173,0.015308973242649682,0.0179818564749894,0.008182163734090864,0.010776392475992491,0.009799692740898536,0.009023176622299957,1.1943014003914787,1.0860579539892292,0.23236009004201919,0.2774533528876493,0.628,0.223,0.28,True,999,0.00012037507258355618,0.0027228340040892363,near_5x5_bal_strong_1000,near_boundary,False,274,1389927733,1.887379141862766e-15,0,8
1000,1000,0.011116725832809315,0.009166336291196675,0.003016581126530582,0.0023159326134418734,0.0019503895416126404,0.0007006485130887086,0.005897779782116877,0.33069894327464894,0.11879869018053203,0.7408719005790285,0.9054348464208177,0.93,0.757,0.906,True,999,0.00012450001668184996,0.002689791959710419,near_5x5_bal_strong_1000,near_boundary,False,275,1389927733,1.887379141862766e-15,0,8
1000,1000,0.016022215945301843,0.022346643222658336,0.00791995587223937,0.015041024058461971,-0.0063244272773564925,-0.007121068186222601,0.009302867302428526,-0.6798363420389208,-0.7654702528502838,0.49660809257255767,0.44399157341546036,0.765,0.474,0.419,True,999,0.00012170907575637102,0.002704042010009289,near_5x5_bal_strong_1000,near_boundary,False,276,1389927733,1.887379141862766e-15,0,5
1000,1000,0.009786769620163893,0.011355812696897616,0.001686983881654669,0.004501857654133801,-0.0015690430767337227,-0.0028148737724791317,0.006490422890163294,-0.2417474336089442,-0.43369651255625835,0.8089758727158075,0.6645088394327758,0.948,0.819,0.67,True,999,0.0001349169760942459,0.0027194159338250756,near_5x5_bal_strong_1000,near_boundary,False,277,1389927733,1.887379141862766e-15,0,8
1000,1000,0.01897153976929622,0.015737404660927545,0.010868482677096836,0.008746834320675134,0.0032341351083686742,0.0021216483564217015,0.008373964540208202,0.38621313630356785,0.25336247200886175,0.6993388257229337,0.7999881247244082,0.896,0.708,0.818,True,999,0.00012129195965826511,0.0026675000553950667,near_5x5_bal_strong_1000,near_boundary,False,278,1389927733,1.887379141862766e-15,0,7
1000,1000,0.010924744043453893,0.016734270940497176,0.002824235560865418,0.006440494844980549,-0.005809526897043282,-0.003616259284115131,0.007861098596040722,-0.7390222659170407,-0.46001958122449654,0.45989347699466143,0.6455021655412787,0.791,0.464,0.653,True,999,0.00012058299034833908,0.002729250001721084,near_5x5_bal_strong_1000,near_boundary,False,279,1389927733,1.887379141862766e-15,0,4
1000,1000,0.016308133670566827,0.008329010306212803,0.008206365263731641,-0.0008596187581701997,0.007979123364354024,0.00906598402190184,0.006518709042033012,1.2240342854550152,1.3907637176999086,0.22093929403063173,0.16429708868994986,0.7,0.229,0.171,True,999,0.00013095804024487734,0.002766125020571053,near_5x5_bal_strong_1000,near_boundary,False,280,1389927733,1.887379141862766e-15,0,6
1000,1000,0.008551981714624457,0.011763365473038523,0.0004524496082467522,0.003979099336220315,-0.003211383758414066,-0.003526649727973563,0.006044243444883097,-0.5313127751551341,-0.5834724825584474,0.5952020540773733,0.5595752761073824,0.887,0.554,0.527,True,999,0.00012533296830952168,0.002746624988503754,near_5x5_bal_strong_1000,near_boundary,False,281,1389927733,1.887379141862766e-15,0,7
1000,1000,0.01049683685810332,0.013418962783908583,0.002396592776904072,0.0020129452294668226,-0.0029221259258052634,0.00038364754743724916,0.007452205666990281,-0.392115577103419,0.05148107346750036,0.6949728184341253,0.9589421830356443,0.886,0.662,0.958,True,999,0.00013158307410776615,0.0028130830032750964,near_5x5_bal_strong_1000,near_boundary,False,282,1389927733,1.887379141862766e-15,0,3
1000,1000,0.007288868655271008,0.012806935793014507,-0.0008105176434582972,0.005031295392257107,-0.005518067137743499,-0.005841813035715404,0.006669126425501789,-0.8274047882258156,-0.875948761951362,0.4080076675437505,0.38105788913969596,0.802,0.388,0.355,True,999,0.00014529202599078417,0.002622875035740435,near_5x5_bal_strong_1000,near_boundary,False,283,1389927733,1.887379141862766e-15,0,7
1000,1000,0.016090958306371306,0.005133678765705585,0.007988576279785775,-0.006329906853977718,0.01095727954066572,0.014318483133763493,0.006025166337167975,1.8185854012149978,2.3764461149289446,0.06897470673537826,0.01748031434722071,0.629,0.065,0.011,True,999,0.0001222500577569008,0.002733208006247878,near_5x5_bal_strong_1000,near_boundary,False,284,1389927733,1.887379141862766e-15,0,3
1000,1000,0.013923158173323902,0.012751127993221756,0.005822057075647535,0.0017589914402265094,0.001172030180102146,0.004063065635421026,0.007606052027275075,0.1540917911025695,0.5341885147315577,0.8775373607288731,0.5932111145315941,0.96,0.877,0.589,True,999,0.00014745804946869612,0.00267837499268353,near_5x5_bal_strong_1000,near_boundary,False,285,1389927733,1.887379141862766e-15,0,3
1000,1000,0.014237369104592945,0.018959780602323617,0.006135583263130684,0.01437551045296459,-0.004722411497730672,-0.008239927189833907,0.00841304942499796,-0.5613198329370112,-0.979422177807532,0.5745795236367528,0.3273714234129659,0.839,0.554,0.309,True,999,0.00012512493412941694,0.0026974169304594398,near_5x5_bal_strong_1000,near_boundary,False,286,1389927733,1.887379141862766e-15,0,9
1000,1000,0.015462701308053939,0.017509616908524983,0.007361030562378801,0.007938250428423999,-0.0020469156004710443,-0.0005772198660451977,0.008603271577571289,-0.2379229322258464,-0.06709306579952778,0.8119408688152047,0.9465076141485288,0.929,0.796,0.948,True,999,0.00012574996799230576,0.002795000094920397,near_5x5_bal_strong_1000,near_boundary,False,287,1389927733,1.887379141862766e-15,0,4
1000,1000,0.019856179044038136,0.017682953652783773,0.011753006594290127,0.010115717760356802,0.002173225391254363,0.0016372888339333258,0.009023947535673446,0.24082868197794527,0.18143820400781363,0.8096878987506814,0.8560236340166718,0.92,0.814,0.854,True,999,0.00012116599828004837,0.0027854159707203507,near_5x5_bal_strong_1000,near_boundary,False,288,1389927733,1.887379141862766e-15,0,6
1000,1000,0.010006704168360248,0.012222868746733562,0.0019054389581469877,0.002005315599660662,-0.002216164578373314,-9.987664151367426e-05,0.00686508820322864,-0.3228166212534685,-0.014548486276797206,0.7468341244490736,0.9883923968926882,0.91,0.734,0.985,True,999,0.00012679200153797865,0.002680499921552837,near_5x5_bal_strong_1000,near_boundary,False,289,1389927733,1.887379141862766e-15,0,3
1000,1000,0.014249861286850685,0.015404686326104478,0.006148605012185726,0.005797938325144969,-0.0011548250392537929,0.0003506666870407571,0.008064879882921086,-0.14319184613020142,0.043480707974753646,0.8861386693081756,0.9653183427864762,0.958,0.885,0.966,True,999,0.00012387498281896114,0.0027155419811606407,near_5x5_bal_strong_1000,near_boundary,False,290,1389927733,1.887379141862766e-15,0,4
1000,1000,0.005141372972619518,0.01644940913998988,-0.0029575745043075585,0.008115305135390827,-0.011308036167370361,-0.011072879639698385,0.007153732074829635,-1.580718434669593,-1.547846567899607,0.113942431397962,0.1216592416299312,0.595,0.112,0.117,True,999,0.0001204590080305934,0.0027495420072227716,near_5x5_bal_strong_1000,near_boundary,False,291,1389927733,1.887379141862766e-15,0,6
1000,1000,0.006512039851152673,0.02005651257665597,-0.001587813801052107,0.01267399004359504,-0.013544472725503298,-0.014261803844647147,0.008133022851929347,-1.6653675972753754,-1.753567413285198,0.09583943988006159,0.0795046588331145,0.572,0.084,0.071,True,999,0.00012016703840345144,0.0026382500072941184,near_5x5_bal_strong_1000,near_boundary,False,292,1389927733,1.887379141862766e-15,0,7
1000,1000,0.01490932683982571,0.018133765130004587,0.006806961524716826,0.010908540729417382,-0.003224438290178877,-0.004101579204700556,0.008447814101483686,-0.38168906789894563,-0.485519585945931,0.7026920098308649,0.6273078228023361,0.895,0.719,0.648,True,999,0.00011870800517499447,0.0027275829343125224,near_5x5_bal_strong_1000,near_boundary,False,293,1389927733,1.887379141862766e-15,0,6
1000,1000,0.013128827437300039,0.01391723611637008,0.005027189203019589,0.005929009901763038,-0.0007884086790700406,-0.0009018206987434496,0.007043131241733611,-0.11194008062754487,-0.12804258046474704,0.91087091655499,0.8981152760183493,0.971,0.911,0.899,True,999,0.00012433307711035013,0.0027564169140532613,near_5x5_bal_strong_1000,near_boundary,False,294,1389927733,1.887379141862766e-15,0,6
1000,1000,0.010698930600405943,0.008286566083383629,0.0025981390140259464,-0.0011821532162343829,0.002412364517022314,0.0037802922302603292,0.0061878210163002975,0.38985686733141295,0.6109246244036594,0.6966423901019763,0.5412494819994002,0.916,0.696,0.546,True,999,0.00012041698209941387,0.0026898339856415987,near_5x5_bal_strong_1000,near_boundary,False,295,1389927733,1.887379141862766e-15,0,5
1000,1000,0.011154093062229364,0.009866538597683383,0.0030538959174464253,0.001695192426666381,0.0012875544645459813,0.0013587034907800444,0.006347643671179974,0.20283975144853014,0.21404848179316166,0.8392602865612081,0.8305092501983403,0.96,0.852,0.839,True,999,0.00012791692279279232,0.0027141249738633633,near_5x5_bal_strong_1000,near_boundary,False,296,1389927733,1.887379141862766e-15,0,7
1000,1000,0.007682942422593486,0.00540285841248328,-0.0004166056794474571,-0.006221200330458032,0.002280084010110206,0.005804594651010575,0.004901905248205251,0.4651424078311224,1.1841507244832665,0.6418294785002312,0.2363534038209375,0.928,0.621,0.231,True,999,0.00012458302080631256,0.0027793750632554293,near_5x5_bal_strong_1000,near_boundary,False,297,1389927733,1.887379141862766e-15,0,4
1000,1000,0.0049784444933538285,0.006970717839921647,-0.00312111929679304,-0.0006496995588349819,-0.001992273346567819,-0.0024714197379580582,0.00391821586204739,-0.5084644176614592,-0.6307512972668801,0.6111276867825315,0.5282031523652853,0.931,0.6,0.521,True,999,0.0001199580729007721,0.00270641699898988,near_5x5_bal_strong_1000,near_boundary,False,298,1389927733,1.887379141862766e-15,0,8
1000,1000,0.013593904961123338,0.012814357522033748,0.0054927794278682995,0.0018687242027795037,0.0007795474390895896,0.003624055225088796,0.007641561539830973,0.10201415444032827,0.4742558449864892,0.9187454400803684,0.6353174744515526,0.976,0.92,0.638,True,999,0.00012304203119128942,0.0026579160476103425,near_5x5_bal_strong_1000,near_boundary,False,299,1389927733,1.887379141862766e-15,0,3
1000,1000,0.009054913439496604,0.013653872875484196,0.0009549775954837969,0.004863693022514326,-0.004598959435987593,-0.003908715427030529,0.00719652635637734,-0.6390526773951348,-0.5431391804139988,0.5227886636919581,0.5870339780293322,0.827,0.5,0.569,True,999,0.0001230830093845725,0.0027239579940214753,near_5x5_bal_strong_1000,near_boundary,False,300,1389927733,1.887379141862766e-15,0,6
1000,1000,0.004739585940871427,0.019609563730085988,-0.0033599344842514256,0.012093934758695468,-0.014869977789214561,-0.015453869242946894,0.007686573248001281,-1.9345392685981573,-2.010501785950628,0.05304685880014059,0.0443781073843315,0.537,0.055,0.049,True,999,0.0001164580462500453,0.002673791954293847,near_5x5_bal_strong_1000,near_boundary,False,301,1389927733,1.887379141862766e-15,0,6
1000,1000,0.010646438722816454,0.0153585949028614,0.002545543816040663,0.006365010801857807,-0.004712156180044946,-0.0038194669858171437,0.0076405084109246605,-0.6167333280213846,-0.4998969676358106,0.5374106345365655,0.6171476275665131,0.86,0.553,0.642,True,999,0.00011849997099488974,0.0026874159229919314,near_5x5_bal_strong_1000,near_boundary,False,302,1389927733,1.887379141862766e-15,0,5
1000,1000,0.01587256229580869,0.007280829142630674,0.00777125260469802,-0.002569688186952135,0.008591733153178016,0.010340940791650155,0.006403275694209167,1.3417715499815184,1.6149454256673712,0.1796700794946572,0.10632251381846845,0.711,0.18,0.094,True,999,0.0001253749942407012,0.002717665978707373,near_5x5_bal_strong_1000,near_boundary,False,303,1389927733,1.887379141862766e-15,0,5
1000,1000,0.0121335324611751,0.007417689506380665,0.004033124666648291,-0.0007701227972916058,0.004715842954794436,0.004803247463939897,0.005727193073327094,0.8234126027210856,0.8386739197443452,0.4102733986814002,0.4016523173457357,0.82,0.41,0.401,True,999,0.00011983409058302641,0.0026895839255303144,near_5x5_bal_strong_1000,near_boundary,False,304,1389927733,1.887379141862766e-15,0,7
1000,1000,0.013323841549435889,0.009301640665052513,0.005222676020594008,0.0004489300393970552,0.004022200884383376,0.004773745981196953,0.006501150011992691,0.6186906742597247,0.7342925439946485,0.5361201547378176,0.4627704611164015,0.861,0.53,0.464,True,999,0.0001203340943902731,0.002702791942283511,near_5x5_bal_strong_1000,near_boundary,False,305,1389927733,1.887379141862766e-15,0,6
1000,1000,0.0139491309980313,0.016380627219205357,0.005848155851253978,0.01100081031222544,-0.0024314962211740565,-0.005152654460971462,0.008168143640999433,-0.29768039447412864,-0.6308231940373904,0.7659471083710309,0.5281561360949149,0.921,0.757,0.519,True,999,0.00011850008741021156,0.0027184999780729413,near_5x5_bal_strong_1000,near_boundary,False,306,1389927733,1.887379141862766e-15,0,9
1000,1000,0.024350922030063504,0.00800546650695505,0.016246796025598087,0.0011555551812421072,0.016345455523108454,0.01509124084435598,0.007647278288862253,2.1374213028071063,1.9734133209635325,0.03256374027549612,0.04844849116158565,0.444,0.032,0.047,True,999,0.00011908402666449547,0.002661291975528002,near_5x5_bal_strong_1000,near_boundary,False,307,1389927733,1.887379141862766e-15,0,8
1000,1000,0.010661263647319785,0.010230179870575618,0.0025609241101847147,0.004153034162868607,0.00043108377674416776,-0.0015921100526838927,0.005950606922804132,0.0724436653834675,-0.26755422990259203,0.9422488361076686,0.7890424659954554,0.987,0.943,0.8,True,999,0.00012066704221069813,0.0027156660798937082,near_5x5_bal_strong_1000,near_boundary,False,308,1389927733,1.887379141862766e-15,0,8
1000,1000,0.011626996037523263,0.01805162916029074,0.003526184653310338,0.009247687821641648,-0.006424633122767476,-0.00572150316833131,0.008094089238617359,-0.7937437966603069,-0.7068742386769957,0.4273445979448248,0.47964463438228633,0.764,0.404,0.465,True,999,0.00012912496458739042,0.002759625087492168,near_5x5_bal_strong_1000,near_boundary,False,309,1389927733,1.887379141862766e-15,0,4
1000,1000,0.015967402862659963,0.013845559019431797,0.007865705988479021,0.008493636117407277,0.002121843843228166,-0.0006279301289282557,0.007384191870616899,0.28734950017636807,-0.08503708190830048,0.7738447243249535,0.9322319103655992,0.935,0.782,0.94,True,999,0.00011899997480213642,0.002630790928378701,near_5x5_bal_strong_1000,near_boundary,False,310,1389927733,1.887379141862766e-15,0,9
1000,1000,0.01507754069324041,0.017331012142291602,0.0069763582771429355,0.00800367349586395,-0.002253471449051192,-0.0010273152187210144,0.008571616494505262,-0.26289923849203406,-0.11985081453184043,0.7926282432689764,0.9046013278398843,0.926,0.793,0.905,True,999,0.00012079102452844381,0.0027073329547420144,near_5x5_bal_strong_1000,near_boundary,False,311,1389927733,1.887379141862766e-15,0,5
1000,1000,0.01065660137463742,0.012443918554803923,0.0025558547577020363,0.0020184258847280034,-0.0017873171801665033,0.0005374288729740329,0.006877074965170392,-0.25989496831407877,0.07814788637551476,0.7949447926515648,0.9377104158162936,0.924,0.757,0.924,True,999,0.00013066595420241356,0.0026873330352827907,near_5x5_bal_strong_1000,near_boundary,False,312,1389927733,1.887379141862766e-15,0,4
1000,1000,0.008669138910433638,0.006702934453363452,0.0005694101730568946,-0.0005310338181061525,0.0019662044570701864,0.001100443991163047,0.004734688344582764,0.4152764266564317,0.23242163181070405,0.6779395560710583,0.8162105491371274,0.924,0.666,0.815,True,999,0.00012820796109735966,0.002683374914340675,near_5x5_bal_strong_1000,near_boundary,False,313,1389927733,1.887379141862766e-15,0,8
1000,1000,0.014564639443598315,0.027007141598855422,0.006462364122398867,0.01597410722109771,-0.012442502155257107,-0.009511743098698844,0.01012162011294308,-1.2292994615897692,-0.9397451191174077,0.21895954908719784,0.34734831559863066,0.576,0.224,0.358,True,999,0.0001193750649690628,0.002684792038053274,near_5x5_bal_strong_1000,near_boundary,False,314,1389927733,1.887379141862766e-15,0,2
1000,1000,0.01617582016824537,0.012579986417687483,0.008073024686382269,0.004565280650467685,0.0035958337505578863,0.003507744035914584,0.00730323667102844,0.49236166271625453,0.4802999264462594,0.6224636959979513,0.6310141411707715,0.876,0.601,0.615,True,999,0.00012070895172655582,0.002729083993472159,near_5x5_bal_strong_1000,near_boundary,False,315,1389927733,1.887379141862766e-15,0,6
1000,1000,0.012568615786720638,0.010538356999887533,0.004466957040449415,0.004074355078842018,0.0020302587868331057,0.00039260196160739724,0.006298299356629876,0.32235031583501395,0.062334598496676184,0.7471873191324894,0.9502963764226396,0.924,0.75,0.955,True,999,0.0001240839483216405,0.0027063339948654175,near_5x5_bal_strong_1000,near_boundary,False,316,1389927733,1.887379141862766e-15,0,8
1000,1000,0.009954645644732807,0.017029891159885124,0.0018545544915014034,0.005598711502329934,-0.0070752455151523175,-0.0037441570108285305,0.008002908265932685,-0.884084295364311,-0.46784954749099256,0.3766507101999429,0.6398921852610622,0.76,0.369,0.639,True,999,0.00012029206845909357,0.0026395840104669333,near_5x5_bal_strong_1000,near_boundary,False,317,1389927733,1.887379141862766e-15,0,1
1000,1000,0.015102780321674336,0.011596724798559721,0.007001281627935896,0.000831384042044192,0.003506055523114615,0.006169897585891704,0.0071856519323665,0.4879244856437044,0.8586413096493708,0.6256033301695393,0.39053843971904856,0.881,0.592,0.367,True,999,0.00012091605458408594,0.002778833033517003,near_5x5_bal_strong_1000,near_boundary,False,318,1389927733,1.887379141862766e-15,0,4
1000,1000,0.01750693626753752,0.013515615303513973,0.009404223949786683,0.0028141667022509864,0.003991320964023548,0.006590057247535697,0.008158161297837517,0.4892427127031096,0.807787074433368,0.6246698734469858,0.4192131672216076,0.862,0.608,0.404,True,999,0.00013275002129375935,0.0026653329841792583,near_5x5_bal_strong_1000,near_boundary,False,319,1389927733,1.887379141862766e-15,0,3
1000,1000,0.00919596038877235,0.01644573585323006,0.0010945403469122539,0.006932353211084319,-0.007249775464457708,-0.005837812864172065,0.007505665865007291,-0.9659070354113966,-0.7777874700483212,0.3340907015875927,0.4366943158932809,0.738,0.322,0.425,True,999,0.00012091698590666056,0.0026856670156121254,near_5x5_bal_strong_1000,near_boundary,False,320,1389927733,1.887379141862766e-15,0,4
1000,1000,0.006686725361318091,0.01581388072715928,-0.0014128829468518234,0.011709063013086052,-0.009127155365841189,-0.013121945959937875,0.006841205782454688,-1.3341442511858312,-1.9180750261293265,0.1821565858353209,0.05510149860632829,0.675,0.176,0.058,True,999,0.00014404102694243193,0.0027140829479321837,near_5x5_bal_strong_1000,near_boundary,False,321,1389927733,1.887379141862766e-15,0,11
1000,1000,0.007716923109226448,0.013619277846673883,-0.00038314171297315625,0.004676712285913709,-0.005902354737447435,-0.005059853998886865,0.006729845559901107,-0.8770416326662581,-0.7518529145802891,0.3804640253891204,0.4521395165748021,0.805,0.391,0.453,True,999,0.0001305839978158474,0.0026540419785305858,near_5x5_bal_strong_1000,near_boundary,False,322,1389927733,1.887379141862766e-15,0,5
1000,1000,0.011229132867422331,0.024346886508068488,0.0031289683718114247,0.019451149389851707,-0.013117753640646157,-0.016322181018040283,0.00898293350659719,-1.4602973105625572,-1.8170212443466323,0.1442083808874662,0.06921386048229704,0.546,0.131,0.07,True,999,0.00012558302842080593,0.002691500005312264,near_5x5_bal_strong_1000,near_boundary,False,323,1389927733,1.887379141862766e-15,0,9
1000,1000,0.01607962797125384,0.018526513825136648,0.00797606086689484,0.01159861405801621,-0.0024468858538828075,-0.0036225531911213693,0.008934044750660869,-0.2738833218517074,-0.4054773948667989,0.7841742889352934,0.6851266312557933,0.935,0.816,0.706,True,999,0.00015787489246577024,0.0026584999868646264,near_5x5_bal_strong_1000,near_boundary,False,324,1389927733,1.887379141862766e-15,0,7
1000,1000,0.012489370175002401,0.015506328301018502,0.004387392150192682,0.006980115166243195,-0.0030169581260161005,-0.0025927230160505133,0.00767466214416767,-0.3931063113063324,-0.33782894508533423,0.6942409628365885,0.735492095934904,0.894,0.693,0.729,True,999,0.0001222500577569008,0.002658583107404411,near_5x5_bal_strong_1000,near_boundary,False,325,1389927733,1.887379141862766e-15,0,5
1000,1000,0.012923894557810067,0.01867602381454292,0.004822354754878688,0.014021659548859589,-0.005752129256732852,-0.0091993047939809,0.007976194361016875,-0.7211621227343713,-1.1533451139232385,0.47080977308752425,0.248768759922382,0.782,0.45,0.223,True,999,0.00012137496378272772,0.0027368339942768216,near_5x5_bal_strong_1000,near_boundary,False,326,1389927733,1.887379141862766e-15,0,10
1000,1000,0.013839364728374104,0.009950652778623892,0.005737819478781603,0.0021462903171709513,0.003888711949750212,0.0035915291616106515,0.006652984978531726,0.5845063474964327,0.539837256990663,0.558879695971537,0.5893092708011067,0.854,0.546,0.574,True,999,0.000120165990665555,0.0026877919444814324,near_5x5_bal_strong_1000,near_boundary,False,327,1389927733,1.887379141862766e-15,0,7
1000,1000,0.01817919669771073,0.012028230307131793,0.010077272396756598,0.0030404511952042412,0.006150966390578938,0.007036821201552357,0.007795952177729114,0.7889948848263274,0.9026249829564906,0.4301149961982129,0.366724962627221,0.77,0.439,0.382,True,999,0.00011620798613876104,0.0026534590870141983,near_5x5_bal_strong_1000,near_boundary,False,328,1389927733,1.887379141862766e-15,0,5
1000,1000,0.010215537376224049,0.006205054192144954,0.0021150512682197586,-0.005600779195958694,0.004010483184079094,0.0077158304641784525,0.005576454939932118,0.7191814920552221,1.3836443667690386,0.47202910143392074,0.1664673761566472,0.836,0.441,0.145,True,999,0.00011954107321798801,0.0027777081122621894,near_5x5_bal_strong_1000,near_boundary,False,329,1389927733,1.887379141862766e-15,0,3
1000,1000,0.011389674002027173,0.013911671354847721,0.00328968322946821,0.006924299541481105,-0.0025219973528205486,-0.003634616312012895,0.0068600029892877746,-0.36763793787827337,-0.529827219855228,0.7131432226045819,0.5962317308724885,0.901,0.711,0.604,True,999,0.00012329197488725185,0.002648417023010552,near_5x5_bal_strong_1000,near_boundary,False,330,1389927733,1.887379141862766e-15,0,7
1000,1000,0.010765149659034412,0.014877575593624737,0.0026637523674253316,0.004703894587976265,-0.004112425934590325,-0.0020401422205509334,0.0075396925750586,-0.5454368190281766,-0.27058692383556193,0.5854531232737967,0.786708754036096,0.87,0.572,0.785,True,999,0.00011975003872066736,0.0026491660391911864,near_5x5_bal_strong_1000,near_boundary,False,331,1389927733,1.887379141862766e-15,0,3
1000,1000,0.010166927582540897,0.016734230029940123,0.0020662486138007807,0.007809229966881048,-0.006567302447399226,-0.005742981353080268,0.007599265248678503,-0.8642022922599348,-0.7557285033680013,0.3874767732159823,0.44981199090941315,0.756,0.384,0.445,True,999,0.000122333993203938,0.0027365839341655374,near_5x5_bal_strong_1000,near_boundary,False,332,1389927733,1.887379141862766e-15,0,5
1000,1000,0.016652880960945193,0.015631010007711887,0.008550954209567863,0.005723953396852721,0.001021870953233306,0.0028270008127151414,0.008408231191010904,0.12153221409108858,0.33621825429080016,0.9032695006477767,0.736706288438883,0.968,0.915,0.737,True,999,0.00012258300557732582,0.0026523330016061664,near_5x5_bal_strong_1000,near_boundary,False,333,1389927733,1.887379141862766e-15,0,4
1000,1000,0.01801753035188658,0.015150445195666773,0.009915233031733806,0.008430546767272062,0.0028670851562198063,0.0014846862644617431,0.008115014214808045,0.35330623956123597,0.1829554730480361,0.7238588682940574,0.854832956192086,0.914,0.727,0.857,True,999,0.00011845794506371021,0.002695332979783416,near_5x5_bal_strong_1000,near_boundary,False,334,1389927733,1.887379141862766e-15,0,8
1000,1000,0.012312440205007436,0.02348971262210381,0.004211851145328183,0.013434469992716913,-0.011177272417096373,-0.00922261884738873,0.009299724504396102,-1.201892853042338,-0.9917088235279526,0.22940504381731097,0.3213395855685969,0.647,0.234,0.326,True,999,0.00012004200834780931,0.0027138330042362213,near_5x5_bal_strong_1000,near_boundary,False,335,1389927733,1.887379141862766e-15,0,3
1000,1000,0.013357100354765672,0.01469302785728327,0.005255379233403801,0.005769777856244218,-0.0013359275025175976,-0.0005143986228404174,0.007720021137157228,-0.17304713015455955,-0.06663176352776623,0.8626143818927619,0.9468748582900101,0.949,0.864,0.942,True,999,0.00012379197869449854,0.002647334011271596,near_5x5_bal_strong_1000,near_boundary,False,336,1389927733,1.887379141862766e-15,0,5
1000,1000,0.012343485393688347,0.008907397540430018,0.0042420740307989036,-0.0030815014432619137,0.0034360878532583294,0.007323575474060817,0.006643641320453524,0.5171994825608327,1.102343597556058,0.605016913208089,0.27031232223233204,0.887,0.602,0.273,True,999,0.0001194169744849205,0.002690749941393733,near_5x5_bal_strong_1000,near_boundary,False,337,1389927733,1.887379141862766e-15,0,2
1000,1000,0.01786519065656811,0.012372193750588345,0.009763643776977915,0.004901826682328192,0.005492996905979763,0.004861817094649723,0.007820056194277048,0.7024242242657672,0.6217112734059055,0.48241464262771094,0.53413173744126,0.796,0.461,0.519,True,999,0.00011962500866502523,0.0027496250113472342,near_5x5_bal_strong_1000,near_boundary,False,338,1389927733,1.887379141862766e-15,0,7
1000,1000,0.008282547341491586,0.011204694416064476,0.00018285430428477412,0.003398359213861113,-0.0029221470745728895,-0.003215504909576339,0.006058387059717313,-0.482330865586729,-0.5307526372747758,0.6295709242756995,0.5955902048055164,0.896,0.638,0.602,True,999,0.0001236660173162818,0.0026400829665362835,near_5x5_bal_strong_1000,near_boundary,False,339,1389927733,1.887379141862766e-15,0,7
1000,1000,0.014983220089528126,0.00849869332906289,0.0068817196311101725,-0.0033565672352438014,0.006484526760465237,0.010238286866353974,0.0068530997147233,0.9462180663348272,1.493964379995506,0.34403737328061146,0.13518492960777392,0.769,0.331,0.112,True,999,0.00012320897076278925,0.002705333987250924,near_5x5_bal_strong_1000,near_boundary,False,340,1389927733,1.887379141862766e-15,0,3
1000,1000,0.010993542230671949,0.013821107481706063,0.0028931358835961873,0.007219339020764437,-0.0028275652510341143,-0.00432620313716825,0.007185124535879204,-0.39353044431095874,-0.6021055189183128,0.6939277427598439,0.5471039011047281,0.898,0.678,0.539,True,999,0.00011945900041610003,0.0027443330036476254,near_5x5_bal_strong_1000,near_boundary,False,341,1389927733,1.887379141862766e-15,0,7
1000,1000,0.01455829067126957,0.0122188565754488,0.006457099882027251,0.006845965390994024,0.0023394340958207693,-0.00038886550896677363,0.007286164051540433,0.32107897643701405,-0.053370402617349814,0.7481505418868715,0.9574367868814808,0.912,0.745,0.951,True,999,0.00012075004633516073,0.0026389999547973275,near_5x5_bal_strong_1000,near_boundary,False,342,1389927733,1.887379141862766e-15,0,9
1000,1000,0.01045098969189584,0.017267802614458927,0.002350755301222307,0.010909978416748345,-0.006816812922563087,-0.008559223115526038,0.007963298774333227,-0.8560287784924739,-1.0748338544214309,0.3919818613482011,0.282449120436008,0.778,0.371,0.27,True,999,0.00011874991469085217,0.0026999590918421745,near_5x5_bal_strong_1000,near_boundary,False,343,1389927733,1.887379141862766e-15,0,8
1000,1000,0.009683682690268647,0.012321789314386766,0.0015839324212265637,0.005721654712260715,-0.0026381066241181195,-0.004137722291034152,0.006537646477576944,-0.4035254327633641,-0.6329070109902487,0.6865617288994605,0.5267943691641632,0.919,0.678,0.526,True,999,0.00011899997480213642,0.0027302500093355775,near_5x5_bal_strong_1000,near_boundary,False,344,1389927733,1.887379141862766e-15,0,7
1000,1000,0.012314872363001994,0.018970359972764306,0.0042142401725868694,0.013632549808050953,-0.006655487609762312,-0.009418309635464084,0.00824208201310144,-0.8075007745837628,-1.1427100119233147,0.41937802843328087,0.2531590115454927,0.794,0.414,0.244,True,999,0.00012058403808623552,0.0026939590461552143,near_5x5_bal_strong_1000,near_boundary,False,345,1389927733,1.887379141862766e-15,0,9
1000,1000,0.01868887917463513,0.014413613401815573,0.010585721254528835,0.005601163996914238,0.004275265772819559,0.004984557257614597,0.00819100904120025,0.5219461669881263,0.6085400751656594,0.6017078128381508,0.5428293350504747,0.846,0.57,0.511,True,999,0.00012295902706682682,0.0026996249798685312,near_5x5_bal_strong_1000,near_boundary,False,346,1389927733,1.887379141862766e-15,0,4
1000,1000,0.0063346605578831205,0.013845050383319568,-0.0017649484382218361,0.006857204169648412,-0.007510389825436448,-0.008622152607870248,0.00641795294595288,-1.1702157819920527,-1.3434427893877474,0.24191414328521688,0.1791286393499293,0.728,0.216,0.172,True,999,0.00011950009502470493,0.002756749978289008,near_5x5_bal_strong_1000,near_boundary,False,347,1389927733,1.887379141862766e-15,0,7
1000,1000,0.009104702558420108,0.013338451385206285,0.0010044072894288547,0.004912968289431774,-0.004233748826786177,-0.003908561000002919,0.007084708869025984,-0.5975896688283027,-0.5516897126275668,0.5501137593585081,0.5811609593681439,0.867,0.554,0.591,True,999,0.00012441701255738735,0.0026612499495968223,near_5x5_bal_strong_1000,near_boundary,False,348,1389927733,1.887379141862766e-15,0,6
1000,1000,0.01677623741585288,0.01082425913736923,0.008674039348306906,0.002630723839104121,0.0059519782784836495,0.006043315509202785,0.007327314290196174,0.8123001201746318,0.8247654283491894,0.4166194416233898,0.409504777672288,0.796,0.402,0.397,True,999,0.00012195797171443701,0.0026884160470217466,near_5x5_bal_strong_1000,near_boundary,False,349,1389927733,1.887379141862766e-15,0,7
1000,1000,0.01201704070996401,0.01069060958358159,0.00391581222061177,0.0012697668487930969,0.0013264311263824213,0.0026460453718186727,0.006657964110808589,0.19922473361325022,0.397425598543414,0.8420869525826271,0.6910536416801507,0.955,0.827,0.685,True,999,0.00011945900041610003,0.0027999170124530792,near_5x5_bal_strong_1000,near_boundary,False,350,1389927733,1.887379141862766e-15,0,5
1000,1000,0.009144732362814434,0.010978058452347672,0.001044215694491868,0.005819967153286143,-0.0018333260895332382,-0.004775751458794275,0.006121602020277976,-0.29948469101066927,-0.7801473279338426,0.7645702511282184,0.4353041614503468,0.922,0.751,0.427,True,999,0.00011933292262256145,0.002645916072651744,near_5x5_bal_strong_1000,near_boundary,False,351,1389927733,1.887379141862766e-15,0,10
1000,1000,0.015201865667599845,0.011810634995002456,0.007100908351276303,0.0014335761337065378,0.0033912306725973895,0.005667332217569765,0.007620406849691586,0.445019634710795,0.7437046773689169,0.6563055647885896,0.4570551591113434,0.888,0.648,0.449,True,999,0.00012566603254526854,0.0026815830497071147,near_5x5_bal_strong_1000,near_boundary,False,352,1389927733,1.887379141862766e-15,0,4
1000,1000,0.01020022191204184,0.011530292225611971,0.002099631275086722,0.0025887091338177015,-0.0013300703135701308,-0.0004890778587309796,0.006541328024150523,-0.20333337644275346,-0.07476736481113753,0.8388744697519888,0.9403998082211424,0.936,0.829,0.923,True,999,0.00012433307711035013,0.0027062499430030584,near_5x5_bal_strong_1000,near_boundary,False,353,1389927733,1.887379141862766e-15,0,5
1000,1000,0.013209048789558642,0.011421690022976994,0.0051079632355595095,0.0023853073981854322,0.0017873587665816482,0.0027226558373740772,0.007044339348819559,0.25372979325323974,0.38650265164047226,0.7997043154022355,0.6991244391703453,0.936,0.798,0.683,True,999,0.00012362503912299871,0.0026598339900374413,near_5x5_bal_strong_1000,near_boundary,False,354,1389927733,1.887379141862766e-15,0,5
1000,1000,0.007133909582374809,0.007209921778746242,-0.0009663366502081772,0.000587377863155325,-7.60121963714333e-05,-0.0015537145133635022,0.004932932892161071,-0.015409128409637271,-0.3149676971751454,0.9877057808742158,0.7527861804080781,0.998,0.988,0.773,True,999,0.00012008403427898884,0.0027022919384762645,near_5x5_bal_strong_1000,near_boundary,False,355,1389927733,1.887379141862766e-15,0,9
1000,1000,0.009182813784191834,0.009309681325849362,0.0010821610148923355,-0.0011111530712923923,-0.00012686754165752712,0.002193314086184728,0.0060962806914424475,-0.02081064637256866,0.3597790517197733,0.9833967050017901,0.7190123699445823,0.995,0.977,0.749,True,999,0.00011895899660885334,0.0027225420344620943,near_5x5_bal_strong_1000,near_boundary,False,356,1389927733,1.887379141862766e-15,0,4
1000,1000,0.012912776726112574,0.01342418606631246,0.0048120129724793514,0.0037720177436995073,-0.0005114093401998865,0.0010399952287798442,0.007524382695628296,-0.06796694970034126,0.138216684457595,0.9458119437415777,0.8900691693637216,0.977,0.932,0.89,True,999,0.00011741695925593376,0.00268587504979223,near_5x5_bal_strong_1000,near_boundary,False,357,1389927733,1.887379141862766e-15,0,4
1000,1000,0.0123403907880133,0.016097717530186517,0.004239556824586543,0.009354759307825589,-0.003757326742173217,-0.005115202483239045,0.007832950572910157,-0.4796821717690562,-0.653036481671377,0.6314534068174127,0.5137327596672797,0.886,0.606,0.503,True,999,0.00012037495616823435,0.0026938329683616757,near_5x5_bal_strong_1000,near_boundary,False,358,1389927733,1.887379141862766e-15,0,8
1000,1000,0.008921970159782466,0.012002825392658845,0.0008220358117796422,0.0010595493108098708,-0.0030808552328763783,-0.00023751349903022856,0.006689160968976045,-0.46057424050119483,-0.03550721833901186,0.6451040962759859,0.9716752906040954,0.887,0.642,0.971,True,999,0.00011633301619440317,0.0027339159278199077,near_5x5_bal_strong_1000,near_boundary,False,359,1389927733,1.887379141862766e-15,0,3
1000,1000,0.014594267631165447,0.012360128385485725,0.006493266756478988,0.0034395853419368905,0.0022341392456797227,0.0030536814145420976,0.007146630922144723,0.3126143311468576,0.4272896484803611,0.7545736888079609,0.6691683715324432,0.928,0.765,0.679,True,999,0.0001239590346813202,0.002680000034160912,near_5x5_bal_strong_1000,near_boundary,False,360,1389927733,1.887379141862766e-15,0,5
1000,1000,0.013018523794531056,0.010821103640754115,0.004917347229820734,0.0046322108033791665,0.002197420153776941,0.0002851364264415679,0.006406362550774679,0.34300590020638494,0.044508318750565906,0.7315940214156309,0.9644992211456623,0.916,0.718,0.957,True,999,0.00012025004252791405,0.0027214590227231383,near_5x5_bal_strong_1000,near_boundary,False,361,1389927733,1.887379141862766e-15,0,9
1000,1000,0.015011283703543876,0.0161814501912268,0.006909836936983993,0.008962332756539126,-0.001170166487682922,-0.0020524958195551335,0.008114548518388026,-0.1442059881743585,-0.2529402362810527,0.8853378124931433,0.8003143961377127,0.965,0.891,0.803,True,999,0.00011916703078895807,0.0026545000728219748,near_5x5_bal_strong_1000,near_boundary,False,362,1389927733,1.887379141862766e-15,0,6
1000,1000,0.011037099095095204,0.010761854990190833,0.0029368596153744875,0.004344915249703263,0.0002752441049043708,-0.0014080556343287753,0.006258252402208827,0.0439809849802837,-0.22499182580616395,0.9649195609867077,0.8219856333136244,0.994,0.966,0.835,True,999,0.0001236249227076769,0.0026752500561997294,near_5x5_bal_strong_1000,near_boundary,False,363,1389927733,1.887379141862766e-15,0,8
1000,1000,0.017572461427180608,0.012766338830825452,0.009470559301462345,0.004184902483473252,0.004806122596355156,0.005285656817989093,0.007839125425921639,0.6130942337601524,0.6742661369482633,0.5398140327222402,0.5001421288198217,0.821,0.534,0.486,True,999,0.00011954200454056263,0.002698417054489255,near_5x5_bal_strong_1000,near_boundary,False,364,1389927733,1.887379141862766e-15,0,5
1000,1000,0.011055515299426721,0.01934630869856674,0.0029538789385696873,0.010803922023171708,-0.008290793399140017,-0.00785004308460202,0.00847920605729168,-0.9777794457548726,-0.9257993061569,0.32818341898640946,0.3545502878409803,0.743,0.313,0.333,True,999,0.00011825002729892731,0.002716458053328097,near_5x5_bal_strong_1000,near_boundary,False,365,1389927733,1.887379141862766e-15,0,5
1000,1000,0.01888975353892297,0.01488664942984419,0.010787314835852158,0.006928940648265325,0.004003104109078781,0.0038583741875868327,0.008252331598041052,0.48508764602104,0.46754958180579387,0.6276141749830102,0.6401067272106633,0.863,0.591,0.609,True,999,0.0001214159419760108,0.002680332981981337,near_5x5_bal_strong_1000,near_boundary,False,366,1389927733,1.887379141862766e-15,0,6
1000,1000,0.011896442514525596,0.015605389872505038,0.003795812609268978,0.005064926356567412,-0.003708947357979442,-0.0012691137472984337,0.007843413105103638,-0.47287415673236227,-0.16180631190681935,0.63630296356877,0.8714583823643213,0.866,0.626,0.863,True,999,0.0001241250429302454,0.0027102080639451742,near_5x5_bal_strong_1000,near_boundary,False,367,1389927733,1.887379141862766e-15,0,3
1000,1000,0.010020578675915104,0.015966697396361695,0.0019186991696642508,0.0074412900729612375,-0.0059461187204465915,-0.005522590903296987,0.007396326177768841,-0.803928677228819,-0.7466667600323326,0.4214381670469587,0.4552647391089579,0.783,0.402,0.437,True,999,0.00012437498662620783,0.0027088329661637545,near_5x5_bal_strong_1000,near_boundary,False,368,1389927733,1.887379141862766e-15,0,5
1000,1000,0.007781164648923866,0.011066576053641253,-0.0003196864456640469,-0.0013592165785780708,-0.0032854114047173866,0.0010395301329140239,0.006542459863659815,-0.5021676056380949,0.1588897990323347,0.6155496278649123,0.8737556977881007,0.892,0.621,0.874,True,999,0.0001300000585615635,0.0026612909277901053,near_5x5_bal_strong_1000,near_boundary,False,369,1389927733,1.887379141862766e-15,0,2
1000,1000,0.015867680567783315,0.01179992827339027,0.007765551876673271,0.0013763838842351106,0.0040677522943930455,0.006389167992438161,0.00764387551794843,0.532158364541866,0.8358545318321686,0.5946163169205121,0.40323674408848076,0.868,0.594,0.417,True,999,0.00011858297511935234,0.0027547499630600214,near_5x5_bal_strong_1000,near_boundary,False,370,1389927733,1.887379141862766e-15,0,4
1000,1000,0.008762712151420216,0.019226754635442878,0.0006625010591960745,0.012346190689981995,-0.010464042484022662,-0.01168368963078592,0.007670651353925921,-1.3641660924488574,-1.5231678630271839,0.1725152972726136,0.1277167140342227,0.64,0.177,0.132,True,999,0.00017420900985598564,0.002680458943359554,near_5x5_bal_strong_1000,near_boundary,False,371,1389927733,1.887379141862766e-15,0,7
1000,1000,0.010801285512510805,0.010546054126930104,0.0027006327757135296,0.004695073811092243,0.0002552313855807009,-0.0019944410353787134,0.006157202188298535,0.04145249380729381,-0.32392001665448833,0.9669351647241253,0.7459985892304474,0.993,0.968,0.737,True,999,0.00011929194442927837,0.002678791992366314,near_5x5_bal_strong_1000,near_boundary,False,372,1389927733,1.887379141862766e-15,0,9
1000,1000,0.0091818965892152,0.010843063576592649,0.0010817941358709504,0.0030566935378715243,-0.0016611669873774493,-0.001974899402000574,0.006371678741933616,-0.26071103937568174,-0.30994961955681566,0.7943153522135684,0.7565992685996491,0.952,0.801,0.757,True,999,0.00011945900041610003,0.002751166932284832,near_5x5_bal_strong_1000,near_boundary,False,373,1389927733,1.887379141862766e-15,0,7
1000,1000,0.01030250015367562,0.012738030277817836,0.0022022149107669975,0.002781083785521332,-0.0024355301241422156,-0.0005788688747543347,0.006950235771273177,-0.3504241013245603,-0.08328766013189431,0.7260204414228303,0.9336228119910261,0.897,0.72,0.917,True,999,0.00012512493412941694,0.00264195806812495,near_5x5_bal_strong_1000,near_boundary,False,374,1389927733,1.887379141862766e-15,0,4
1000,1000,0.006232928390870418,0.009485575184793205,-0.001866477764224328,0.0010196167422122926,-0.0032526467939227866,-0.0028860945064366206,0.0053527744253278366,-0.6076562424398398,-0.539177308272216,0.5434154903448996,0.5897645162461507,0.89,0.528,0.579,True,999,0.00012345798313617706,0.0026665839832276106,near_5x5_bal_strong_1000,near_boundary,False,375,1389927733,1.887379141862766e-15,0,6
1000,1000,0.017748441728714592,0.010885197479709285,0.009645093252856896,0.0015783267540996349,0.006863244249005307,0.00806676649875726,0.007559162575718583,0.9079371134378438,1.067150814386397,0.3639114478210185,0.2859037389155512,0.779,0.366,0.286,True,999,0.00012016703840345144,0.0027639580657705665,near_5x5_bal_strong_1000,near_boundary,False,376,1389927733,1.887379141862766e-15,0,5
1000,1000,0.014652437379143457,0.02255541810121553,0.0065503277501193224,0.014456097644597321,-0.007902980722072073,-0.007905769894477999,0.009258733032717665,-0.8535704284965601,-0.8538716762370522,0.3933430492694556,0.39317609468717474,0.743,0.372,0.372,True,999,0.00012391700875014067,0.002697290969081223,near_5x5_bal_strong_1000,near_boundary,False,377,1389927733,1.887379141862766e-15,0,5
1000,1000,0.010849164030618086,0.013501305663477514,0.002749251877730785,0.004599118499754695,-0.0026521416328594283,-0.0018498666220239102,0.007180373110536093,-0.36935986362154616,-0.2576282030956742,0.7118595103191867,0.7966938613426494,0.913,0.716,0.803,True,999,0.00011837494093924761,0.002680750098079443,near_5x5_bal_strong_1000,near_boundary,False,378,1389927733,1.887379141862766e-15,0,5
1000,1000,0.011605665917674868,0.015753304728229445,0.0035055642219958827,0.006657399221637661,-0.004147638810554577,-0.0031518349996417783,0.007573157505969611,-0.5476762905413182,-0.416185058498693,0.5839141948070663,0.6772745922785209,0.851,0.577,0.68,True,999,0.00012500002048909664,0.0027242080541327596,near_5x5_bal_strong_1000,near_boundary,False,379,1389927733,1.887379141862766e-15,0,6
1000,1000,0.02875551979737323,0.016684443676311778,0.020650395194707016,0.006555322301380784,0.012071076121061453,0.014095072893326233,0.010011412957955322,1.205731515796626,1.4079004584588564,0.2279210290431506,0.15916054733137552,0.625,0.245,0.174,True,999,0.00011679099407047033,0.002639791928231716,near_5x5_bal_strong_1000,near_boundary,False,380,1389927733,1.887379141862766e-15,0,3
1000,1000,0.011181068250836423,0.016350209359293655,0.0030810067964921473,0.007389922127970294,-0.005169141108457231,-0.004308915331478147,0.007918627632021233,-0.6527824452250202,-0.5441492556177053,0.5138965424424831,0.586338767885077,0.841,0.499,0.576,True,999,0.00011808308772742748,0.002696958021260798,near_5x5_bal_strong_1000,near_boundary,False,381,1389927733,1.887379141862766e-15,0,5
1000,1000,0.011091000119144656,0.01651423605519553,0.0029899543185365474,0.009576324296688199,-0.005423235936050874,-0.006586369978151652,0.007415258728436002,-0.7313616604170361,-0.8882184990921853,0.4645582768973978,0.37442322978902254,0.815,0.46,0.379,True,999,0.00012162502389401197,0.002701041055843234,near_5x5_bal_strong_1000,near_boundary,False,382,1389927733,1.887379141862766e-15,0,7
1000,1000,0.02121237432832257,0.017774699994095366,0.013108756953442935,0.008537409830864817,0.003437674334227203,0.004571347122578118,0.009325265298885851,0.3686409151960453,0.49021094586169955,0.7123953942600216,0.6239846360394322,0.886,0.714,0.616,True,999,0.00011454196646809578,0.0026087500154972076,near_5x5_bal_strong_1000,near_boundary,False,383,1389927733,1.887379141862766e-15,0,4
1000,1000,0.01115971951429251,0.014657568740992,0.003059813375102749,0.0050030679852284266,-0.00349784922669949,-0.0019432546101256776,0.00755407228204097,-0.4630415352279944,-0.257245964503883,0.6433345954576685,0.7969889030464277,0.862,0.633,0.767,True,999,0.00011816597543656826,0.002680916921235621,near_5x5_bal_strong_1000,near_boundary,False,384,1389927733,1.887379141862766e-15,0,4
1000,1000,0.019061640268672964,0.017981709160777237,0.01095968508388978,0.01117989373005912,0.0010799311078957263,-0.00022020864616933977,0.008842688828015817,0.12212700558615593,-0.024902905717055713,0.9027984345959587,0.9801324095270982,0.964,0.915,0.976,True,999,0.00012787501327693462,0.0027717079501599073,near_5x5_bal_strong_1000,near_boundary,False,385,1389927733,1.887379141862766e-15,0,6
1000,1000,0.01363123042049219,0.02426208437086952,0.005530518472141921,0.014754340715626313,-0.010630853950377328,-0.009223822243484392,0.009662164454267846,-1.1002559520379105,-0.9546331246111387,0.2712206181741522,0.33976325979668986,0.658,0.244,0.307,True,999,0.0001153330085799098,0.0026260409504175186,near_5x5_bal_strong_1000,near_boundary,False,386,1389927733,1.887379141862766e-15,0,4
1000,1000,0.014088876476487266,0.02131079723597762,0.005986954970239822,0.014153552757420584,-0.007221920759490352,-0.008166597787180763,0.008669048115031268,-0.8330696362116459,-0.9420408883209096,0.4048054569628837,0.3461717063872617,0.771,0.414,0.349,True,999,0.00012012501247227192,0.0026925000129267573,near_5x5_bal_strong_1000,near_boundary,False,387,1389927733,1.887379141862766e-15,0,6
1000,1000,0.014303999617496066,0.013600966039488016,0.006202323285378952,0.005018989618122305,0.0007030335780080499,0.0011833336672566475,0.007391435509069266,0.09511461977114326,0.16009524344827214,0.9242237858252825,0.8728060480270673,0.984,0.928,0.87,True,999,0.00011974992230534554,0.0027491659857332706,near_5x5_bal_strong_1000,near_boundary,False,388,1389927733,1.887379141862766e-15,0,5
1000,1000,0.012456503750450043,0.01312110793674015,0.004355695719141295,0.005518896467663126,-0.0006646041862901075,-0.001163200748521831,0.007142031093139231,-0.09305534764872962,-0.16286693985961828,0.9258595908644663,0.87062320139452,0.977,0.927,0.866,True,999,0.0001180421095341444,0.002654207986779511,near_5x5_bal_strong_1000,near_boundary,False,389,1389927733,1.887379141862766e-15,0,6
1000,1000,0.01555962667520161,0.009505078668002098,0.0074583873697520175,0.0030895970594428945,0.006054548007199512,0.004368790310309123,0.006417081198281924,0.9435049705807876,0.6808064562871358,0.3454226740769222,0.4959939642692015,0.786,0.338,0.488,True,999,0.00012116704601794481,0.0026600839337334037,near_5x5_bal_strong_1000,near_boundary,False,390,1389927733,1.887379141862766e-15,0,8
1000,1000,0.017633555278457225,0.01099036652649582,0.009532018076015447,0.002002898676892073,0.006643188751961404,0.007529119399123374,0.007733752287978047,0.8589864925319757,0.9735402840387363,0.39034796826062645,0.3302848489890028,0.801,0.394,0.342,True,999,0.00014770799316465855,0.00276508298702538,near_5x5_bal_strong_1000,near_boundary,False,391,1389927733,1.887379141862766e-15,0,5
1000,1000,0.01644217356735056,0.014399426156645134,0.00834019535295738,0.008268394471542706,0.0020427474107054255,7.180088141467422e-05,0.007828759805464621,0.26092860957102676,0.009171424746555114,0.7941475616274307,0.9926823643814944,0.914,0.779,0.979,True,999,0.00011837505735456944,0.002677291980944574,near_5x5_bal_strong_1000,near_boundary,False,392,1389927733,1.887379141862766e-15,0,7
1000,1000,0.00687751507773382,0.013002972143433711,-0.0012218174726967845,0.004215086928695655,-0.006125457065699891,-0.0054369044013924395,0.006394672732817819,-0.9579000085905416,-0.8502240268669171,0.33811318213381514,0.3952005459382818,0.772,0.331,0.391,True,999,0.00012495799455791712,0.002768250065855682,near_5x5_bal_strong_1000,near_boundary,False,393,1389927733,1.887379141862766e-15,0,6
1000,1000,0.011704997546426066,0.02027929571974124,0.0036046610487119324,0.012521634742938659,-0.008574298173315176,-0.008916973694226726,0.008490286501087987,-1.0098950338385428,-1.0502559240002163,0.3125455822266562,0.2936004638470584,0.714,0.303,0.29,True,999,0.00012220896314829588,0.002737457980401814,near_5x5_bal_strong_1000,near_boundary,False,394,1389927733,1.887379141862766e-15,0,5
1000,1000,0.014601057489293856,0.00981667932896968,0.0065000739116385375,5.6277085377587355e-05,0.004784378160324176,0.00644379682626095,0.007042914430362656,0.679317945380435,0.9149332836533048,0.49693642834899365,0.36022665563755407,0.847,0.48,0.339,True,999,0.00011954095680266619,0.0027287499979138374,near_5x5_bal_strong_1000,near_boundary,False,395,1389927733,1.887379141862766e-15,0,5
1000,1000,0.0174339477936738,0.0250748622558854,0.009331639008905768,0.018224608039588475,-0.007640914462211601,-0.008892969030682707,0.009685621365663633,-0.7888925422275235,-0.9181619531617303,0.43017481491205556,0.35853408418012667,0.723,0.405,0.334,True,999,0.0001216670498251915,0.0027518749702721834,near_5x5_bal_strong_1000,near_boundary,False,396,1389927733,1.887379141862766e-15,0,7
1000,1000,0.01533235211982431,0.01168308678415042,0.0072305366868476995,0.004283709360208832,0.0036492653356738902,0.002946827326638868,0.007163743145617048,0.5094076185445872,0.4113530129066406,0.6104665372934961,0.6808137024431681,0.889,0.615,0.681,True,999,0.0001318750437349081,0.0027679590275511146,near_5x5_bal_strong_1000,near_boundary,False,397,1389927733,1.887379141862766e-15,0,7
1000,1000,0.02183364526970233,0.015397950927521276,0.013729754643918568,0.006625463227749151,0.006435694342181053,0.007104291416169417,0.008931707285760654,0.7205446994933588,0.7954012809505537,0.47118968847914167,0.4263801150576686,0.768,0.446,0.395,True,999,0.00014508306048810482,0.0027089170180261135,near_5x5_bal_strong_1000,near_boundary,False,398,1389927733,1.887379141862766e-15,0,6
1000,1000,0.006515839331269868,0.01032164255326573,-0.0015843087455778004,0.003518819504165549,-0.0038058032219958626,-0.0051031282497433494,0.005178891908458103,-0.734868247738531,-0.9853706815948375,0.46241973779418155,0.3244420253959561,0.871,0.453,0.312,True,999,0.00012391700875014067,0.0026929579908028245,near_5x5_bal_strong_1000,near_boundary,False,399,1389927733,1.887379141862766e-15,0,8
1000,1000,0.013216691135038428,0.0228665213699093,0.005115972607427466,0.015083440439696005,-0.009649830234870871,-0.00996746783226854,0.008954044115898398,-1.0777063536840372,-1.1131805587791055,0.2811648221254317,0.26563089056669453,0.65,0.261,0.245,True,999,0.00012124993372708559,0.002743625082075596,near_5x5_bal_strong_1000,near_boundary,False,400,1389927733,1.887379141862766e-15,0,6
1000,1000,0.020533772460354704,0.009232918255025424,0.01243081818643077,0.004385331020728245,0.01130085420532928,0.008045487165702525,0.007086866748621685,1.5946192592836839,1.1352671711045337,0.1107974031558071,0.2562633928390722,0.595,0.101,0.239,True,999,0.000122792087495327,0.002682249993085861,near_5x5_bal_strong_1000,near_boundary,False,401,1389927733,1.887379141862766e-15,0,10
1000,1000,0.01652443195943154,0.014049773419387679,0.008422409252261787,0.006694885774152226,0.0024746585400438614,0.0017275234781095605,0.00786769646072078,0.3145340637375265,0.21957169887452646,0.753115449111567,0.8262047345454581,0.919,0.747,0.822,True,999,0.00011987506877630949,0.002723083016462624,near_5x5_bal_strong_1000,near_boundary,False,402,1389927733,1.887379141862766e-15,0,7
1000,1000,0.02022722289157608,0.017320822243468648,0.01212462607895759,0.0049777590388089266,0.0029064006481074323,0.007146867040148663,0.009356718940626856,0.3106217752772124,0.7638219214982487,0.7560881712583754,0.4449733713662354,0.907,0.755,0.449,True,999,0.00011912500485777855,0.0027246250538155437,near_5x5_bal_strong_1000,near_boundary,False,403,1389927733,1.887379141862766e-15,0,2
1000,1000,0.011571647586772205,0.018560034077017784,0.003471066310794413,0.009076228743083448,-0.0069883864902455795,-0.005605162432289035,0.008303147531367147,-0.8416551029408137,-0.6750647764735215,0.3999810360037307,0.49963461112333796,0.785,0.42,0.518,True,999,0.00011854199692606926,0.0026811669813469052,near_5x5_bal_strong_1000,near_boundary,False,404,1389927733,1.887379141862766e-15,0,4
1000,1000,0.016757926929465095,0.01698816413050397,0.008654949573610793,0.009047996301490002,-0.00023023720103887424,-0.00039304672787920936,0.008562009296398665,-0.02689055723587174,-0.045905898285409696,0.9785470250296946,0.9633852529833707,0.987,0.977,0.96,True,999,0.00011849997099488974,0.002708125044591725,near_5x5_bal_strong_1000,near_boundary,False,405,1389927733,1.887379141862766e-15,0,6
1000,1000,0.017454391213177267,0.014299671620980559,0.009351946034939829,0.007403890513955957,0.0031547195921967086,0.0019480555209838712,0.008049641879924567,0.3919080673718458,0.24200524073527188,0.6951261419618531,0.8087761023978349,0.871,0.658,0.778,True,999,0.00011783407535403967,0.002726833103224635,near_5x5_bal_strong_1000,near_boundary,False,406,1389927733,1.887379141862766e-15,0,7
1000,1000,0.012795904178215967,0.020252313540917832,0.00469366166726104,0.01233075492370972,-0.007456409362701866,-0.007637093256448679,0.008570060130006048,-0.870053330967306,-0.8911364845281767,0.3842712601039059,0.37285595389548754,0.756,0.369,0.358,True,999,0.00011691602412611246,0.0027196670416742563,near_5x5_bal_strong_1000,near_boundary,False,407,1389927733,1.887379141862766e-15,0,6
1000,1000,0.009187247256704723,0.010411832317994252,0.001087646757468974,0.0025370251984782044,-0.0012245850612895293,-0.0014493784410092303,0.006095961518067998,-0.20088464431081887,-0.23776043151082488,0.8407887750250441,0.8120669097477156,0.952,0.833,0.793,True,999,0.00013870908878743649,0.002723374986089766,near_5x5_bal_strong_1000,near_boundary,False,408,1389927733,1.887379141862766e-15,0,5
1000,1000,0.008186023936525455,0.008437047176796386,8.596305178798502e-05,0.0009731344042620549,-0.00025102324027093115,-0.0008871713524740699,0.005519839361673654,-0.04547654810643242,-0.16072412516821383,0.9637274674547223,0.8723106873229922,0.993,0.965,0.886,True,999,0.00013950001448392868,0.0027578750159591436,near_5x5_bal_strong_1000,near_boundary,False,409,1389927733,1.887379141862766e-15,0,7
1000,1000,0.016833959176027147,0.012575742527719536,0.00873242467878299,0.0010175962300422725,0.004258216648307611,0.007714828448740718,0.007858408652057943,0.5418675506512987,0.9817290994049254,0.5879097522191035,0.3262333255344271,0.851,0.581,0.329,True,999,0.00011770892888307571,0.0027368341106921434,near_5x5_bal_strong_1000,near_boundary,False,410,1389927733,1.887379141862766e-15,0,2
1000,1000,0.012395183111313823,0.014388479942318955,0.0042940337198160705,0.00520180814885407,-0.0019932968310051313,-0.0009077744290379997,0.007506727382412562,-0.26553473031073527,-0.12092811991079035,0.7905975588594806,0.9037479691435174,0.926,0.777,0.897,True,999,0.00013283395674079657,0.0027312920428812504,near_5x5_bal_strong_1000,near_boundary,False,411,1389927733,1.887379141862766e-15,0,4
1000,1000,0.016544107097917093,0.007725481464107675,0.008442449145832143,-0.002694153194227056,0.008818625633809418,0.011136602340059198,0.006871643800300549,1.2833356748531861,1.6206605964605019,0.19937449927045092,0.10509044867614022,0.713,0.195,0.108,True,999,0.00013762502931058407,0.0027030420023947954,near_5x5_bal_strong_1000,near_boundary,False,412,1389927733,1.887379141862766e-15,0,4
1000,1000,0.007758879446000622,0.019471940742095684,-0.0003410485985568812,0.011942625502399551,-0.011713061296095062,-0.012283674100956432,0.00791665339883383,-1.4795470643972446,-1.5516245921244816,0.13899416238525475,0.1207520753552336,0.588,0.128,0.117,True,999,0.0001218749675899744,0.002807999961078167,near_5x5_bal_strong_1000,near_boundary,False,413,1389927733,1.887379141862766e-15,0,6
1000,1000,0.012051580970581899,0.013266035273446386,0.003950824001549336,0.005504663721580982,-0.0012144543028644872,-0.0015538397200316467,0.007400997683274091,-0.16409332293254153,-0.2099500346477951,0.8696576780938001,0.8337066703854088,0.949,0.876,0.841,True,999,0.00011966703459620476,0.002816874999552965,near_5x5_bal_strong_1000,near_boundary,False,414,1389927733,1.887379141862766e-15,0,7
1000,1000,0.00958843759800243,0.01672831860188234,0.0014884151139540336,0.007200378720369827,-0.007139881003879911,-0.005711963606415793,0.0077177992812534875,-0.925118773329939,-0.7401026378452387,0.35490412878018074,0.4592377182500105,0.754,0.39,0.49,True,999,0.00011920800898224115,0.0026244999608024955,near_5x5_bal_strong_1000,near_boundary,False,415,1389927733,1.887379141862766e-15,0,4
1000,1000,0.007530665538498127,0.01186000747221938,-0.0005700636904748535,0.0038248787085990443,-0.0043293419337212535,-0.004394942399073898,0.00627549280885694,-0.6898807895391132,-0.7003342260023117,0.4902691575172462,0.4837186020970865,0.835,0.475,0.469,True,999,0.00011904200073331594,0.0026933340122923255,near_5x5_bal_strong_1000,near_boundary,False,416,1389927733,1.887379141862766e-15,0,6
1000,1000,0.012065268013751185,0.011376377430241502,0.003964302155964106,0.002373680498124031,0.0006888905835096826,0.0015906216578400745,0.006811924958472231,0.10113008990988445,0.2335054580807973,0.919447192192706,0.8153689317544068,0.976,0.913,0.811,True,999,0.00011916703078895807,0.002701791934669018,near_5x5_bal_strong_1000,near_boundary,False,417,1389927733,1.887379141862766e-15,0,5
1000,1000,0.01498764111553852,0.01923516920435009,0.006886299655661787,0.012923894487016696,-0.00424752808881157,-0.006037594831354909,0.008771599902163271,-0.4842364148145922,-0.6883116989713478,0.6282180962048538,0.4912565160720437,0.848,0.621,0.486,True,999,0.00011799996718764305,0.002675791969522834,near_5x5_bal_strong_1000,near_boundary,False,418,1389927733,1.887379141862766e-15,0,8
1000,1000,0.015935565947013952,0.01193266725360903,0.007832168194227052,0.0011897384760573004,0.0040028986934049215,0.006642429718169751,0.007712874352284678,0.5189892263990011,0.8612132669064103,0.6037682542122926,0.38912059446468095,0.856,0.59,0.377,True,999,0.00011775002349168062,0.0026865830877795815,near_5x5_bal_strong_1000,near_boundary,False,419,1389927733,1.887379141862766e-15,0,4
1000,1000,0.011541115748260555,0.007766911904729057,0.0034402758271880884,-0.0014704859115113322,0.0037742038435314984,0.004910761738699421,0.005832838372955896,0.6470612765528856,0.8419163063849485,0.5175922859158374,0.39983480221358325,0.876,0.535,0.414,True,999,0.00012904207687824965,0.0027916249819099903,near_5x5_bal_strong_1000,near_boundary,False,420,1389927733,1.887379141862766e-15,0,6
1000,1000,0.009298767728439739,0.010063765343579834,0.001198262922343929,0.0030316951786630852,-0.000764997615140095,-0.0018334322563191563,0.005961591590379063,-0.12832103701546138,-0.30754073447063807,0.8978949176007651,0.7584318226634053,0.977,0.903,0.766,True,999,0.00012920901644974947,0.002674999996088445,near_5x5_bal_strong_1000,near_boundary,False,421,1389927733,1.887379141862766e-15,0,7
1000,1000,0.016376389909599,0.014047442357514484,0.00827496399665506,0.009309937997045381,0.002328947552084515,-0.0010349740003903207,0.007687381180542671,0.30295720966448925,-0.13463284518919347,0.7619224717252947,0.8929021713190501,0.923,0.765,0.899,True,999,0.0001177910016849637,0.002693332964554429,near_5x5_bal_strong_1000,near_boundary,False,422,1389927733,1.887379141862766e-15,0,10
1000,1000,0.010096690988006696,0.015193773507002739,0.0019966880558968114,0.007483849874631687,-0.005097082518996043,-0.005487161818734876,0.007380376064450451,-0.6906263955230547,-0.7434799759276839,0.4898003553256123,0.4571911402874931,0.837,0.471,0.445,True,999,0.00012095796409994364,0.0027405000291764736,near_5x5_bal_strong_1000,near_boundary,False,423,1389927733,1.887379141862766e-15,0,7
1000,1000,0.01136656626473509,0.02044216898187068,0.0032665062683463475,0.011102174402708442,-0.009075602717135589,-0.007835668134362095,0.00864507285042922,-1.0498006059815903,-0.9063738698249444,0.2938097965960681,0.36473799852811917,0.731,0.317,0.4,True,999,0.00011754105798900127,0.002664916915819049,near_5x5_bal_strong_1000,near_boundary,False,424,1389927733,1.887379141862766e-15,0,3
1000,1000,0.00626699598959668,0.007179513125185721,-0.0018324027184917213,-0.0014429927438186496,-0.0009125171355890416,-0.0003894099746730717,0.004772683908398172,-0.1911958036825666,-0.08159140268808775,0.8483721911489439,0.9349716381612309,0.956,0.842,0.93,True,999,0.00012500002048909664,0.002708542044274509,near_5x5_bal_strong_1000,near_boundary,False,425,1389927733,1.887379141862766e-15,0,7
1000,1000,0.013686995644362154,0.011494804419903693,0.005586359442986577,-0.0009328469566298736,0.002192191224458462,0.006519206399616451,0.007524997682610085,0.2913211826662103,0.8663399876762792,0.7708056882603995,0.38630374354163466,0.928,0.778,0.369,True,999,0.00011849997099488974,0.002716875053010881,near_5x5_bal_strong_1000,near_boundary,False,426,1389927733,1.887379141862766e-15,0,2
1000,1000,0.011849216063719359,0.016107626474240355,0.003749109076352397,0.008181134182677852,-0.004258410410520996,-0.0044320251063254545,0.007607384023885773,-0.5597732935724525,-0.5825951591782036,0.5756340820577464,0.5601658649438157,0.847,0.567,0.551,True,999,0.00012208404950797558,0.002652041963301599,near_5x5_bal_strong_1000,near_boundary,False,427,1389927733,1.887379141862766e-15,0,6
1000,1000,0.0093491879871479,0.018161481363259513,0.0012484452204262197,0.01125544847201354,-0.008812293376111613,-0.01000700325158732,0.00803842141157235,-1.096271634058047,-1.2448965710084499,0.27295991908120254,0.21316977150888028,0.713,0.269,0.217,True,999,0.00013025000225752592,0.00267354107927531,near_5x5_bal_strong_1000,near_boundary,False,428,1389927733,1.887379141862766e-15,0,7
1000,1000,0.018935362751702822,0.017881331967852576,0.010833022203996734,0.008931874004019846,0.001054030783850246,0.0019011481999768876,0.009246079635062136,0.11399758875677937,0.2056166802595478,0.9092397048776445,0.8370903469675083,0.971,0.919,0.854,True,999,0.00012495892588049173,0.0026837089098989964,near_5x5_bal_strong_1000,near_boundary,False,429,1389927733,1.887379141862766e-15,0,5
1000,1000,0.010870693818358923,0.015459611509797744,0.002769464741959382,0.008147649432430626,-0.004588917691438821,-0.005378184690471244,0.007611387763441026,-0.6029015777491042,-0.7065971223150277,0.5465741663286486,0.47981687776320814,0.84,0.562,0.497,True,999,0.00012279197108000517,0.0026927090948447585,near_5x5_bal_strong_1000,near_boundary,False,430,1389927733,1.887379141862766e-15,0,7
1000,1000,0.020223915782341395,0.03305726458409658,0.012120764374458304,0.02645593053432549,-0.012833348801755184,-0.014335166159867185,0.011016045627679027,-1.1649687406441003,-1.3012987277257189,0.24403164632841923,0.19315622256141463,0.553,0.22,0.152,True,999,0.00012029206845909357,0.0027149160159751773,near_5x5_bal_strong_1000,near_boundary,False,431,1389927733,1.887379141862766e-15,0,6
1000,1000,0.01271962406881233,0.007796361685870223,0.004618181727664705,-0.0010553602899108228,0.004923262382942106,0.005673542017575528,0.0062587593721210475,0.78661953435568,0.9064962687090503,0.4315046205382026,0.36467323894878,0.834,0.42,0.36,True,999,0.00012108392547816038,0.0027947500348091125,near_5x5_bal_strong_1000,near_boundary,False,432,1389927733,1.887379141862766e-15,0,6
1000,1000,0.024610342588484713,0.015426380223054426,0.016507153789689255,0.005501072743072655,0.009183962365430287,0.0110060810466166,0.009357517461488489,0.9814528696556025,1.1761753148645342,0.3263694651795501,0.23952482662741437,0.701,0.311,0.218,True,999,0.0001246670726686716,0.002701167017221451,near_5x5_bal_strong_1000,near_boundary,False,433,1389927733,1.887379141862766e-15,0,4
1000,1000,0.009855238482569417,0.016885751021875617,0.0017548137886933546,0.009553249658836194,-0.0070305125393062,-0.007798435870142839,0.0074246677846421996,-0.9469127432002677,-1.0503413885094997,0.34368324387172955,0.29356118264020514,0.765,0.342,0.295,True,999,0.00012566696386784315,0.0027643750654533505,near_5x5_bal_strong_1000,near_boundary,False,434,1389927733,1.887379141862766e-15,0,5
1000,1000,0.012208844184630863,0.007313698920888567,0.00410746433976783,-0.002151547811195087,0.004895145263742295,0.006259012150962917,0.005934688678710558,0.824836066178601,1.0546487760033312,0.4094646676458348,0.291585987197138,0.82,0.393,0.267,True,999,0.00013712502550333738,0.002846707939170301,near_5x5_bal_strong_1000,near_boundary,False,435,1389927733,1.887379141862766e-15,0,5
1000,1000,0.021894712269439953,0.01458293171712488,0.013791545602089172,0.006253945077389744,0.0073117805523150725,0.007537600524699428,0.008593446264445097,0.8508554458025944,0.8771336077221811,0.3948496571653968,0.3804140722819117,0.743,0.385,0.368,True,999,0.0001289999345317483,0.002715375041589141,near_5x5_bal_strong_1000,near_boundary,False,436,1389927733,1.887379141862766e-15,0,6
1000,1000,0.009597500225888123,0.008301364307176096,0.0014976510740325466,0.0006783415634004086,0.001296135918712027,0.000819309510632138,0.005546978264717765,0.2336652239934413,0.14770375356317086,0.8152448876369168,0.8825765692173703,0.957,0.813,0.89,True,999,0.00013108400162309408,0.002964208018966019,near_5x5_bal_strong_1000,near_boundary,False,437,1389927733,1.887379141862766e-15,0,8
1000,1000,0.013580857789172951,0.00706797119170377,0.0054783803154805355,-0.003120457974432611,0.006512886597469181,0.008598838289913147,0.005959826307078682,1.092798055160368,1.4428001500144432,0.27448247573194284,0.14907677690643642,0.759,0.272,0.13,True,999,0.00015170802362263203,0.0027992500690743327,near_5x5_bal_strong_1000,near_boundary,False,438,1389927733,1.887379141862766e-15,0,5
1000,1000,0.01951713697834867,0.018618953205356115,0.011414717513389405,0.008088442203188606,0.0008981837729925557,0.003326275310200799,0.009262463380603044,0.0969702913885181,0.3591134640452676,0.9227499872731024,0.7195102096739234,0.964,0.912,0.706,True,999,0.00013241602573543787,0.002747792052105069,near_5x5_bal_strong_1000,near_boundary,False,439,1389927733,1.887379141862766e-15,0,3
1000,1000,0.012224641099854772,0.012110358544028199,0.004123995274994741,0.0040960296328762524,0.00011428255582657254,2.7965642118488176e-05,0.0069659908330521655,0.016405786135164833,0.004014596457089359,0.9869106637029672,0.9967968240732931,0.994,0.987,0.995,True,999,0.00014308304525911808,0.002874624915421009,near_5x5_bal_strong_1000,near_boundary,False,440,1389927733,1.887379141862766e-15,0,6
1000,1000,0.014559630851160632,0.011984594086848044,0.006458241779682794,0.0044246342992551035,0.002575036764312588,0.0020336074804276905,0.00748491108450483,0.34403037460837677,0.2716942736484391,0.7308234431441327,0.7858571046942913,0.917,0.729,0.784,True,999,0.00012700003571808338,0.0028315000236034393,near_5x5_bal_strong_1000,near_boundary,False,441,1389927733,1.887379141862766e-15,0,8
1000,1000,0.01347746433800312,0.015286248801564983,0.005376913857844556,0.00692947000965205,-0.0018087844635618633,-0.0015525561518074937,0.0077911703379358495,-0.23215824903156626,-0.19927123711414318,0.8164151043123241,0.8420505774138568,0.926,0.809,0.842,True,999,0.00015662494115531445,0.0027897499967366457,near_5x5_bal_strong_1000,near_boundary,False,442,1389927733,1.887379141862766e-15,0,6
1000,1000,0.012085739832827791,0.012910106657997134,0.0039840302820266515,0.004534510408177539,-0.0008243668251693426,-0.0005504801261508874,0.0072263023640846795,-0.11407865096629694,-0.07617728935434796,0.9091754457884825,0.939278050648686,0.975,0.912,0.944,True,999,0.00013070798013359308,0.0027845839504152536,near_5x5_bal_strong_1000,near_boundary,False,443,1389927733,1.887379141862766e-15,0,6
1000,1000,0.009904167731901392,0.01474196551057605,0.0018038330570107064,0.005175109989352222,-0.004837797778674657,-0.003371276932341516,0.007371710128996684,-0.6562653297564074,-0.4573263019500142,0.5116534209088748,0.6474365274077797,0.838,0.519,0.659,True,999,0.00012974999845027924,0.0027767500141635537,near_5x5_bal_strong_1000,near_boundary,False,444,1389927733,1.887379141862766e-15,0,4
1000,1000,0.012268631175923028,0.012340162029439994,0.004168326611761586,0.005326528638590844,-7.153085351696564e-05,-0.001158202026829258,0.0068443799821180625,-0.01045103482037093,-0.16921942233704576,0.9916614324681515,0.8656240532784365,0.997,0.991,0.884,True,999,0.0001272499794140458,0.0028118339832872152,near_5x5_bal_strong_1000,near_boundary,False,445,1389927733,1.887379141862766e-15,0,7
1000,1000,0.01014632324025877,0.011754018255167031,0.0020457998214169493,0.003718924440988758,-0.0016076950149082614,-0.0016731246195718086,0.006622226912542977,-0.24277256520207283,-0.25265286763321104,0.8081815896376209,0.8005364725394328,0.944,0.806,0.794,True,999,0.00012579199392348528,0.0027945830952376127,near_5x5_bal_strong_1000,near_boundary,False,446,1389927733,1.887379141862766e-15,0,6
1000,1000,0.016437307023119185,0.019346011428540144,0.00833551636287666,0.010851732284891114,-0.0029087044054209588,-0.002516215922014453,0.00883897163409827,-0.3290772417687137,-0.2846729264643863,0.7420973055565586,0.775894734337093,0.892,0.724,0.763,True,999,0.0001497080083936453,0.0027193750720471144,near_5x5_bal_strong_1000,near_boundary,False,447,1389927733,1.887379141862766e-15,0,5
1000,1000,0.014576225131634812,0.01614813423708711,0.006475069936868749,0.007186913958037167,-0.001571909105452296,-0.0007118440211684174,0.008178370185728163,-0.1922032226170673,-0.08703983862342594,0.8475830216830125,0.9306398456100304,0.95,0.859,0.933,True,999,0.00012474996037781239,0.002769624930806458,near_5x5_bal_strong_1000,near_boundary,False,448,1389927733,1.887379141862766e-15,0,5
1000,1000,0.013941844009169202,0.011156910559378064,0.005840292575157946,0.002736695388193766,0.002784933449791138,0.00310359718696418,0.0068868524483474605,0.40438407395520704,0.45065539159458917,0.6859303096702751,0.65223793760821,0.924,0.71,0.68,True,999,0.00013920897617936134,0.002733333967626095,near_5x5_bal_strong_1000,near_boundary,False,449,1389927733,1.887379141862766e-15,0,6
1000,1000,0.014616906432736831,0.02767206745020223,0.006515452059147719,0.018151365178141532,-0.0130551610174654,-0.011635913118993813,0.010416786459987877,-1.2532810447455975,-1.117034813345627,0.2101034443069888,0.2639794403144011,0.569,0.183,0.245,True,999,0.00015491689555346966,0.002761583076789975,near_5x5_bal_strong_1000,near_boundary,False,450,1389927733,1.887379141862766e-15,0,4
1000,1000,0.009619825598744303,0.014498271720397748,0.001519309596005769,0.009303387697229937,-0.004878446121653446,-0.007784078101224168,0.006800298779340295,-0.7173870266516009,-1.1446670732869344,0.47313532231642186,0.25234709603946104,0.822,0.468,0.235,True,999,0.0001319169532507658,0.0027695000171661377,near_5x5_bal_strong_1000,near_boundary,False,451,1389927733,1.887379141862766e-15,0,8
1000,1000,0.011418860147225374,0.008888594737200162,0.003318198355827917,-0.0015310659116494207,0.002530265410025212,0.004849264267477338,0.006323899553460252,0.4001115749285937,0.766815510980715,0.6890743391841125,0.4431912128358665,0.915,0.684,0.437,True,999,0.00012895790860056877,0.0027266660472378135,near_5x5_bal_strong_1000,near_boundary,False,452,1389927733,1.887379141862766e-15,0,4
1000,1000,0.014047455602612446,0.014695806127717093,0.005946500404206745,0.0078019712298100785,-0.0006483505251046462,-0.0018554708256033337,0.007569491504842216,-0.0856531148347145,-0.2451248970180343,0.9317421740313919,0.8063597258483958,0.977,0.94,0.811,True,999,0.00013108295388519764,0.002695124945603311,near_5x5_bal_strong_1000,near_boundary,False,453,1389927733,1.887379141862766e-15,0,7
1000,1000,0.016894296973914757,0.020725612652413128,0.008791431800545979,0.013829694671983361,-0.0038313156784983704,-0.005038262871437382,0.009120750806481307,-0.4200658213110915,-0.5523956282038904,0.6744373702251598,0.5806773252202982,0.87,0.669,0.592,True,999,0.00012387498281896114,0.0027704170206561685,near_5x5_bal_strong_1000,near_boundary,False,454,1389927733,1.887379141862766e-15,0,7
1000,1000,0.014596258181422517,0.015428949558514593,0.006494946611837804,0.010253307847335691,-0.0008326913770920763,-0.003758361235497887,0.007695389618727789,-0.10820652603028796,-0.48839128643355467,0.913831868330789,0.6252727126516835,0.972,0.911,0.631,True,999,0.0001283331075683236,0.0027329999720677733,near_5x5_bal_strong_1000,near_boundary,False,455,1389927733,1.887379141862766e-15,0,8
1000,1000,0.016067537178703573,0.010402198579582078,0.007965911582914487,0.0033218715999510096,0.005665338599121494,0.004644039982963477,0.007121055066889934,0.7955757322342667,0.6521561677786218,0.42627867650821216,0.514300433029889,0.79,0.413,0.503,True,999,0.0001247919863089919,0.002690125023946166,near_5x5_bal_strong_1000,near_boundary,False,456,1389927733,1.887379141862766e-15,0,7
1000,1000,0.012154428849456389,0.01320742044104467,0.00405314751219521,0.0024623578626119524,-0.0010529915915882815,0.0015907896495832574,0.007420661552142485,-0.14189996190895715,0.21437302299873337,0.8871590244053097,0.8302561771869261,0.968,0.905,0.848,True,999,0.00011979194823652506,0.0028029580134898424,near_5x5_bal_strong_1000,near_boundary,False,457,1389927733,1.887379141862766e-15,0,4
1000,1000,0.00960262666930456,0.01601926647574542,0.001502761703250144,0.0051238517433489505,-0.00641663980644086,-0.0036210900400988066,0.007806753186810852,-0.8219345037424106,-0.4638407226984543,0.4111141742800759,0.6427618649224032,0.78,0.424,0.631,True,999,0.0001252919901162386,0.002764292061328888,near_5x5_bal_strong_1000,near_boundary,False,458,1389927733,1.887379141862766e-15,0,3
1000,1000,0.019801572790398625,0.01977353211020394,0.011699594190304197,0.01231227457424211,2.8040680194685308e-05,-0.0006126803839379136,0.009195112846919252,0.003049519963648963,-0.06663108915984507,0.9975668388743711,0.946875395164645,0.999,0.999,0.944,True,999,0.00012787501327693462,0.0027825419092550874,near_5x5_bal_strong_1000,near_boundary,False,459,1389927733,1.887379141862766e-15,0,6
1000,1000,0.014646217248846405,0.013171361721020958,0.0065449655562588305,0.004568549730095128,0.0014748555278254472,0.001976415826163702,0.0075366221435928665,0.1956918497074012,0.2622415968994703,0.8448513640653421,0.7931351855278219,0.943,0.851,0.798,True,999,0.00014575000386685133,0.0027550419326871634,near_5x5_bal_strong_1000,near_boundary,False,460,1389927733,1.887379141862766e-15,0,5
1000,1000,0.021397412592283782,0.01655586052862923,0.013294778398858398,0.00997007966526553,0.004841552063654553,0.003324698733592868,0.008993615118240626,0.5383321389676814,0.36967322816047543,0.5903477670375643,0.7116259817132563,0.85,0.592,0.724,True,999,0.0001261249417439103,0.0027073750970885158,near_5x5_bal_strong_1000,near_boundary,False,461,1389927733,1.887379141862766e-15,0,7
1000,1000,0.019194344004461517,0.01196429457682413,0.011092453283254144,0.003235038632510623,0.007230049427637386,0.007857414650743522,0.008095569412609034,0.8930872010530129,0.9705820863576834,0.3718104765211222,0.3317564300061955,0.749,0.364,0.334,True,999,0.00012220791541039944,0.002772832987830043,near_5x5_bal_strong_1000,near_boundary,False,462,1389927733,1.887379141862766e-15,0,6
1000,1000,0.010258345378600042,0.01902318296630251,0.00215832846356534,0.010909172534070422,-0.008764837587702468,-0.008750844070505082,0.008036471828872174,-1.0906325280969114,-1.0888912767747687,0.2754346105153552,0.2762018334779055,0.698,0.283,0.283,True,999,0.00011679204180836678,0.002782749943435192,near_5x5_bal_strong_1000,near_boundary,False,463,1389927733,1.887379141862766e-15,0,5
1000,1000,0.012589089001127762,0.018934645632478986,0.0044878873422931065,0.009063281038891091,-0.0063455566313512235,-0.004575393696597985,0.008645117105993192,-0.7340047050319529,-0.5292460056354947,0.46294587052350145,0.5966348062247022,0.769,0.443,0.575,True,999,0.00011925003491342068,0.002675625029951334,near_5x5_bal_strong_1000,near_boundary,False,464,1389927733,1.887379141862766e-15,0,4
1000,1000,0.023656003397744207,0.012900065942734018,0.015550822994327973,0.005249880324583955,0.01075593745501019,0.010300942669744018,0.008535555406817911,1.2601332827643192,1.2068274621609245,0.20762128554529036,0.22749859763079772,0.652,0.207,0.22,True,999,0.00012500002048909664,0.002752208965830505,near_5x5_bal_strong_1000,near_boundary,False,465,1389927733,1.887379141862766e-15,0,6
1000,1000,0.01161469331195586,0.023434126912180553,0.0035143034222073766,0.015301877802244235,-0.011819433600224694,-0.011787574380036858,0.009178015652402149,-1.2877983703515705,-1.2843271167174042,0.19781615972652877,0.19902752262983503,0.586,0.186,0.187,True,999,0.00012795801740139723,0.0028069160180166364,near_5x5_bal_strong_1000,near_boundary,False,466,1389927733,1.887379141862766e-15,0,5
1000,1000,0.014054576943725916,0.016123821199126975,0.005952450387212593,0.0073838275015987165,-0.0020692442554010593,-0.0014313771143861231,0.008048482330401537,-0.25709744650676586,-0.17784435072676766,0.7971035487056023,0.8588452156666876,0.91,0.783,0.838,True,999,0.00012158299796283245,0.0026624170131981373,near_5x5_bal_strong_1000,near_boundary,False,467,1389927733,1.887379141862766e-15,0,4
1000,1000,0.016718724252175132,0.01188633098280778,0.008616893675934989,0.006489802452904314,0.004832393269367352,0.002127091223030675,0.0071512655159986374,0.6757395958178926,0.29744263001730226,0.49920599161535606,0.7661286014870725,0.838,0.507,0.765,True,999,0.00012333400081843138,0.0027412920026108623,near_5x5_bal_strong_1000,near_boundary,False,468,1389927733,1.887379141862766e-15,0,9
1000,1000,0.013242964166482185,0.023967505753833496,0.005142401263810825,0.017503708078947966,-0.01072454158735131,-0.01236130681513714,0.009162184216050797,-1.1705223704805556,-1.3491659328877008,0.24179081704771077,0.177283674441981,0.646,0.24,0.177,True,999,0.00013258401304483414,0.002743583987466991,near_5x5_bal_strong_1000,near_boundary,False,469,1389927733,1.887379141862766e-15,0,7
1000,1000,0.008719101560799025,0.012945385577419866,0.0006184544754432864,0.003726768086096399,-0.00422628401662084,-0.003108313610653113,0.00684332633255668,-0.617577448632629,-0.45421092895504817,0.5368539138626716,0.6496770176457951,0.862,0.554,0.651,True,999,0.00012104189954698086,0.0026314170099794865,near_5x5_bal_strong_1000,near_boundary,False,470,1389927733,1.887379141862766e-15,0,4
1000,1000,0.017950435885866645,0.011887840605991906,0.009848763103491365,0.0022848044782790566,0.0060625952798747385,0.007563958625212308,0.007718721419288284,0.7854403534664357,0.9799496852303492,0.4321954288674634,0.32711095559303605,0.812,0.428,0.328,True,999,0.0001255829120054841,0.0027044580783694983,near_5x5_bal_strong_1000,near_boundary,False,471,1389927733,1.887379141862766e-15,0,4
1000,1000,0.011773533543926185,0.014748012362034046,0.003672255011224479,0.0068103824777381305,-0.002974478818107862,-0.0031381274665136516,0.00756197549701058,-0.39334679400690215,-0.41498778563276545,0.6940633611654075,0.6781508446971842,0.881,0.685,0.675,True,999,0.0001258340198546648,0.00269220897462219,near_5x5_bal_strong_1000,near_boundary,False,472,1389927733,1.887379141862766e-15,0,6
1000,1000,0.017061989172335368,0.006044121545834613,0.008959331777532498,-0.004420380007445601,0.011017867626500755,0.013379711784978099,0.0065937845219191235,1.6709474793838122,2.029139978793837,0.09473205217545319,0.04244403489526998,0.616,0.092,0.044,True,999,0.00011833291500806808,0.0026450830046087503,near_5x5_bal_strong_1000,near_boundary,False,473,1389927733,1.887379141862766e-15,0,4
1000,1000,0.014804955976197798,0.010925229253905766,0.006702712815013001,-9.062390711278567e-05,0.0038797267222920317,0.006793336722125787,0.007516754397586567,0.5161438723523694,0.9037593039233728,0.6057539280848339,0.36612304530503836,0.862,0.592,0.359,True,999,0.00013587495777755976,0.0027182920603081584,near_5x5_bal_strong_1000,near_boundary,False,474,1389927733,1.887379141862766e-15,0,3
1000,1000,0.015266042204442165,0.00901896948051284,0.007163423502333899,0.001167303884130888,0.0062470727239293256,0.005996119618203011,0.006801210572633359,0.9185236447561603,0.8816253451010817,0.3583447859330917,0.3779794444688539,0.793,0.358,0.374,True,999,0.00011970906052738428,0.002741041942499578,near_5x5_bal_strong_1000,near_boundary,False,475,1389927733,1.887379141862766e-15,0,7
1000,1000,0.016883542515925942,0.01325566913619003,0.008781645572526031,0.004216907393526981,0.003627873379735913,0.00456473817899905,0.00806870224720028,0.44962290943314104,0.5657338738187975,0.652982366273667,0.5715747044188826,0.886,0.68,0.592,True,999,0.0001242910511791706,0.0027039579581469297,near_5x5_bal_strong_1000,near_boundary,False,476,1389927733,1.887379141862766e-15,0,5
1000,1000,0.009331996086406447,0.006220177883359768,0.0012310968588735705,-0.003016024035218834,0.003111818203046679,0.004247120894092404,0.005159749314582146,0.603094843048336,0.8231254340379424,0.5464455968975938,0.4104366665956467,0.898,0.545,0.404,True,999,0.00012220803182572126,0.0027263329830020666,near_5x5_bal_strong_1000,near_boundary,False,477,1389927733,1.887379141862766e-15,0,6
1000,1000,0.011551215153521532,0.018169123097354467,0.003451066547540904,0.011677539228514888,-0.006617907943832935,-0.008226472680973984,0.008035760959456144,-0.8235570939980812,-1.023732876385953,0.4101912636893459,0.3059614624127115,0.78,0.422,0.305,True,999,0.00011999998241662979,0.002693000016734004,near_5x5_bal_strong_1000,near_boundary,False,478,1389927733,1.887379141862766e-15,0,7
1000,1000,0.021309082004503876,0.018780281759542827,0.013205702873165137,0.01206141914752834,0.002528800244961049,0.0011442837256367966,0.008902947789632801,0.28404078117876375,0.12852863486061084,0.7763791282628796,0.8977306388067934,0.91,0.778,0.897,True,999,0.00012620899360626936,0.0026911250315606594,near_5x5_bal_strong_1000,near_boundary,False,479,1389927733,1.887379141862766e-15,0,8
1000,1000,0.014833410603128927,0.008756823938025016,0.006732848981982897,-0.0026644357747045433,0.006076586665103911,0.00939728475668744,0.0070498581945863835,0.8619445239012252,1.332975004221171,0.38871804639835583,0.1825400067010512,0.786,0.388,0.17,True,999,0.00012149999383836985,0.0027774169575423002,near_5x5_bal_strong_1000,near_boundary,False,480,1389927733,1.887379141862766e-15,0,3
1000,1000,0.012226968411318984,0.010803096608979268,0.004125873319935636,-0.0011663072639294114,0.0014238718023397157,0.005292180583865047,0.007029402055174783,0.20255944832341957,0.7528635497480389,0.8394793884106369,0.45153191372238877,0.941,0.826,0.448,True,999,0.000122333993203938,0.002696624957025051,near_5x5_bal_strong_1000,near_boundary,False,481,1389927733,1.887379141862766e-15,0,2
1000,1000,0.017313873851060313,0.017137644197016355,0.00921126860816912,0.009164387325540702,0.00017622965404395785,4.6881282628419285e-05,0.008628627557888138,0.02042383367014744,0.005433225888346664,0.983705271294854,0.9956649342768268,0.994,0.984,0.995,True,999,0.00012325006537139416,0.0026599160628393292,near_5x5_bal_strong_1000,near_boundary,False,482,1389927733,1.887379141862766e-15,0,6
1000,1000,0.011088061496068002,0.015018862986423742,0.0029880410413625214,0.004299721713096005,-0.00393080149035574,-0.001311680671733484,0.007629845161325642,-0.5151875833968805,-0.1719144548807052,0.6064219447826857,0.8635047824236332,0.861,0.59,0.861,True,999,0.00012208404950797558,0.0027349169831722975,near_5x5_bal_strong_1000,near_boundary,False,483,1389927733,1.887379141862766e-15,0,4
1000,1000,0.012098597253028753,0.013554774658975977,0.003997508704287611,0.0042434836219058525,-0.0014561774059472232,-0.0002459749176182413,0.007507698688672924,-0.1939578912702236,-0.032763024705473404,0.8462088536094654,0.973863564383034,0.949,0.85,0.978,True,999,0.00011791696306318045,0.002697707968764007,near_5x5_bal_strong_1000,near_boundary,False,484,1389927733,1.887379141862766e-15,0,5
1000,1000,0.015406993925973111,0.019690158759270437,0.007305734535748343,0.008792522803219072,-0.004283164833297326,-0.001486788267470729,0.009151733102583949,-0.46801679914463357,-0.1624597495146511,0.6397725763309402,0.8709438223857768,0.841,0.626,0.858,True,999,0.00012145796790719032,0.002678290940821171,near_5x5_bal_strong_1000,near_boundary,False,485,1389927733,1.887379141862766e-15,0,3
1000,1000,0.012883321163515982,0.02916494048955176,0.004782857207374036,0.022823202098265938,-0.01628161932603578,-0.018040344890891902,0.009849293007065642,-1.6530749277492043,-1.8316385630877465,0.09831561529119129,0.06700528745877994,0.48,0.089,0.064,True,999,0.00013158295769244432,0.0028689579339697957,near_5x5_bal_strong_1000,near_boundary,False,486,1389927733,1.887379141862766e-15,0,7
1000,1000,0.023240757603341322,0.011966048336111978,0.015137493280462877,0.002362178792566283,0.011274709267229344,0.012775314487896594,0.008357555990629997,1.3490438209292153,1.5285945439336008,0.17732289123231082,0.1263649894464403,0.623,0.182,0.13,True,999,0.00012312503531575203,0.0027062500594183803,near_5x5_bal_strong_1000,near_boundary,False,487,1389927733,1.887379141862766e-15,0,4
1000,1000,0.013345762150034579,0.024163041366063953,0.005243628860171157,0.017689202364181256,-0.010817279216029374,-0.012445573504010099,0.009397643047502825,-1.151063001792112,-1.3243292430985854,0.2497063176099883,0.18539372256025155,0.646,0.252,0.183,True,999,0.00013037503231316805,0.002683666069060564,near_5x5_bal_strong_1000,near_boundary,False,488,1389927733,1.887379141862766e-15,0,7
1000,1000,0.01581491321265016,0.0239163435259786,0.007713623084782739,0.014788199075610464,-0.00810143031332844,-0.007074575990827725,0.009676274386352556,-0.8372468565747494,-0.7311260210650626,0.40245382434116206,0.46470218175002553,0.708,0.415,0.478,True,999,0.00012037495616823435,0.0027262080693617463,near_5x5_bal_strong_1000,near_boundary,False,489,1389927733,1.887379141862766e-15,0,4
1000,1000,0.012582375004875468,0.00832097953331229,0.004480772677652567,-0.0011456329364136764,0.0042613954715631785,0.005626405614066243,0.006345634159733323,0.6715476127830011,0.886657735450462,0.5018717385515928,0.3752631995683461,0.841,0.51,0.404,True,999,0.00013933295849710703,0.002659957972355187,near_5x5_bal_strong_1000,near_boundary,False,490,1389927733,1.887379141862766e-15,0,5
1000,1000,0.011399106077308874,0.019321794314873686,0.0032977383916659164,0.01145423119339739,-0.007922688237564812,-0.008156492801731474,0.008235106068797732,-0.9620626827847852,-0.9904538853040256,0.33601811792482206,0.32195231848820693,0.72,0.314,0.303,True,999,0.00012308394070714712,0.0027338750660419464,near_5x5_bal_strong_1000,near_boundary,False,491,1389927733,1.887379141862766e-15,0,6
1000,1000,0.006756755006049886,0.011734092998508638,-0.0013426792284008116,0.004361875026631878,-0.004977337992458752,-0.00570455425503269,0.005969189733243731,-0.8338381279353313,-0.9556664321227338,0.4043722066085047,0.33924078684959114,0.818,0.42,0.349,True,999,0.00012158299796283245,0.0027289579156786203,near_5x5_bal_strong_1000,near_boundary,False,492,1389927733,1.887379141862766e-15,0,7
1000,1000,0.014157118954039705,0.02158618959336772,0.0060558104487427045,0.015063819338763551,-0.007429070639328017,-0.009008008890020847,0.008687449781717886,-0.8551497650049111,-1.0368991034604371,0.39246824240275047,0.2997828818153666,0.751,0.412,0.313,True,999,0.00012670806609094143,0.002648665918968618,near_5x5_bal_strong_1000,near_boundary,False,493,1389927733,1.887379141862766e-15,0,7
1000,1000,0.011058701068122678,0.01897599132806449,0.002957126614091976,0.008512327791322605,-0.007917290259941812,-0.005555201177230629,0.008260983151838328,-0.9583956430391661,-0.6724624751225188,0.3378632914207049,0.5012893214595671,0.753,0.324,0.494,True,999,0.00012579106260091066,0.002677791053429246,near_5x5_bal_strong_1000,near_boundary,False,494,1389927733,1.887379141862766e-15,0,3
1000,1000,0.009832586691755685,0.01697646639006578,0.0017322144110494264,0.009369993135408095,-0.007143879698310096,-0.007637778724358668,0.007742671872941994,-0.9226633667991958,-0.9864525902292344,0.35618266212473726,0.32391106906239575,0.732,0.343,0.308,True,999,0.00011991697829216719,0.0027377500664442778,near_5x5_bal_strong_1000,near_boundary,False,495,1389927733,1.887379141862766e-15,0,6
1000,1000,0.020058689396712737,0.01478647865726157,0.011955843729083426,0.005794670060367935,0.005272210739451166,0.006161173668715492,0.008739530306004255,0.6032601930368087,0.7049776650448395,0.5463356099767606,0.4808241357201075,0.839,0.57,0.494,True,999,0.0001229580957442522,0.002704208018258214,near_5x5_bal_strong_1000,near_boundary,False,496,1389927733,1.887379141862766e-15,0,5
1000,1000,0.014749639602207765,0.020744816678896105,0.006648690567999438,0.01302445256322926,-0.0059951770766883405,-0.006375761995229823,0.008953408835034303,-0.6695971542402342,-0.712104418853492,0.5031146286527497,0.4764001181582139,0.799,0.502,0.475,True,999,0.00011775002349168062,0.002699625096283853,near_5x5_bal_strong_1000,near_boundary,False,497,1389927733,1.887379141862766e-15,0,7
1000,1000,0.020025684727212445,0.01808924183691707,0.011922543558512189,0.010901967305812832,0.0019364428902953756,0.0010205762526993567,0.008796579996187924,0.22013588134644946,0.11601966368084328,0.825765330871522,0.9076369576701936,0.926,0.825,0.894,True,999,0.00011662498582154512,0.002765582990832627,near_5x5_bal_strong_1000,near_boundary,False,498,1389927733,1.887379141862766e-15,0,6
1000,1000,0.024464831897746953,0.012377897879943645,0.016360836552848923,0.0028848723262626663,0.012086934017803308,0.013475964226586257,0.008599056124333123,1.4056117140113071,1.5671445832819646,0.15983945571356906,0.11708090020729105,0.58,0.134,0.101,True,999,0.00012550002429634333,0.002647541929036379,near_5x5_bal_strong_1000,near_boundary,False,499,1389927733,1.887379141862766e-15,0,3
1000,1000,0.012969718546814057,0.009282652047126971,0.004868963330181941,0.0015908392641676983,0.003687066499687086,0.003278124066014243,0.0063350042005668565,0.5820148468657949,0.5174620193181428,0.5605566804150843,0.604833675512615,0.854,0.551,0.588,True,999,0.00012129207607358694,0.0027162499027326703,near_5x5_bal_strong_1000,near_boundary,False,500,1389927733,1.887379141862766e-15,0,6
1000,1000,0.01305750471994438,0.019723902990801734,0.004956426512308099,0.012580741518092964,-0.006666398270857354,-0.007624315005784865,0.008667075022890297,-0.7691635590151201,-0.8796872053891958,0.44179622046055533,0.37902878245536265,0.779,0.41,0.335,True,999,0.00012974999845027924,0.0027252499712631106,near_5x5_bal_strong_1000,near_boundary,False,501,1389927733,1.887379141862766e-15,0,6
1000,1000,0.015729699024064292,0.01800870163103785,0.007628373447005288,0.010869292742199832,-0.002279002606973557,-0.0032409192951945442,0.00825098545651452,-0.27620974718531144,-0.3927917837542296,0.7823869711738585,0.6944732735703671,0.92,0.781,0.695,True,999,0.00012058403808623552,0.00268437503837049,near_5x5_bal_strong_1000,near_boundary,False,502,1389927733,1.887379141862766e-15,0,6
1000,1000,0.009688968810264376,0.010312376143467472,0.0015883462504007184,0.0038944511966860773,-0.0006234073332030965,-0.002306104946285359,0.006087133567555336,-0.10241394020428307,-0.37884907907672505,0.9184281191696232,0.7047999393434967,0.979,0.912,0.699,True,999,0.00012099999003112316,0.0026870000874623656,near_5x5_bal_strong_1000,near_boundary,False,503,1389927733,1.887379141862766e-15,0,8
1000,1000,0.005673596440981976,0.010644115094318507,-0.002426104664664308,0.0037923563105550784,-0.004970518653336531,-0.0062184609752193865,0.005491089781899211,-0.9051971194718601,-1.132463904654751,0.3653609676389139,0.2574394512746311,0.847,0.371,0.262,True,999,0.00012191699352115393,0.002721874974668026,near_5x5_bal_strong_1000,near_boundary,False,504,1389927733,1.887379141862766e-15,0,8
1000,1000,0.016797857244576164,0.012929291191809189,0.008695504494880879,0.005733866778314223,0.003868566052766975,0.0029616377165666563,0.007505009010380729,0.5154645447348667,0.3946214738010571,0.6062284392526139,0.6931222633095822,0.863,0.605,0.684,True,999,0.0001194999786093831,0.002669291920028627,near_5x5_bal_strong_1000,near_boundary,False,505,1389927733,1.887379141862766e-15,0,6
1000,1000,0.008530535743908274,0.009190728192214559,0.0004298430260405439,0.001111939907730175,-0.0006601924483062849,-0.0006820968816896311,0.0055623203302418095,-0.1186901165538563,-0.12262811941648433,0.9055208670429654,0.9024015864178405,0.972,0.888,0.882,True,999,0.00011983304284512997,0.002713416935876012,near_5x5_bal_strong_1000,near_boundary,False,506,1389927733,1.887379141862766e-15,0,6
1000,1000,0.016246685669432326,0.02486478304750106,0.00814503313199566,0.01895340355940789,-0.008618097378068734,-0.010808370427412228,0.009728762883641611,-0.8858369230644524,-1.1109706914109212,0.37570541008092295,0.2665809650413259,0.708,0.374,0.275,True,999,0.00012075004633516073,0.002761916955932975,near_5x5_bal_strong_1000,near_boundary,False,507,1389927733,1.887379141862766e-15,0,8
1000,1000,0.011172602282470745,0.01680263550912764,0.0030718507568963105,0.010605383908682597,-0.005630033226656894,-0.007533533151786287,0.007314514291110605,-0.7697070512937714,-1.0299430491156272,0.4414736863829418,0.3030367406736546,0.826,0.443,0.299,True,999,0.00012199999764561653,0.0026478749932721257,near_5x5_bal_strong_1000,near_boundary,False,508,1389927733,1.887379141862766e-15,0,7
1000,1000,0.008148856977750363,0.016145923523130046,4.926886549583287e-05,0.007807905857021069,-0.007997066545379683,-0.007758636991525236,0.007336582007503862,-1.0900261916516816,-1.0575274676395217,0.2757016067660345,0.29027092557616896,0.715,0.265,0.278,True,999,0.00011754198931157589,0.002721333992667496,near_5x5_bal_strong_1000,near_boundary,False,509,1389927733,1.887379141862766e-15,0,6
1000,1000,0.011675822130472913,0.015234488336101693,0.0035752690655499464,0.005675042879204284,-0.00355866620562878,-0.0020997738136543376,0.0076389895794549585,-0.46585561724024377,-0.27487585783618207,0.6413188516729418,0.783411615607309,0.882,0.639,0.787,True,999,0.00013979198411107063,0.0027978330617770553,near_5x5_bal_strong_1000,near_boundary,False,510,1389927733,1.887379141862766e-15,0,4
1000,1000,0.009962810254455556,0.016780740598455246,0.0018629499306825892,0.008511680791116305,-0.00681793034399969,-0.006648730860433716,0.0076940276225371815,-0.886132813460242,-0.8641417975883522,0.37554596282966146,0.3875100003646875,0.798,0.377,0.398,True,999,0.00012645800597965717,0.0027342080138623714,near_5x5_bal_strong_1000,near_boundary,False,511,1389927733,1.887379141862766e-15,0,5
1000,1000,0.011561763356996657,0.015592491694139066,0.003461115327581865,0.005079183326870407,-0.0040307283371424085,-0.0016180679992885416,0.007865035003569333,-0.512487018215834,-0.20572928137690744,0.6083102035462012,0.8370023845545067,0.864,0.596,0.828,True,999,0.00012199999764561653,0.0027433750219643116,near_5x5_bal_strong_1000,near_boundary,False,512,1389927733,1.887379141862766e-15,0,3
1000,1000,0.011084762274333526,0.014770745612252612,0.0029845063031643804,0.006433744707180722,-0.0036859833379190854,-0.0034492384040163415,0.007483915419916028,-0.4925207102301062,-0.46088687678608786,0.6223512849220867,0.6448797674819688,0.854,0.614,0.64,True,999,0.00013395806308835745,0.00269724999088794,near_5x5_bal_strong_1000,near_boundary,False,513,1389927733,1.887379141862766e-15,0,6
1000,1000,0.015994227523703275,0.014866108663675104,0.007893105421089786,0.002322381013300401,0.001128118860028171,0.005570724407789385,0.00845905737724397,0.13336224235373628,0.6585514389316476,0.8939069048588847,0.5101838551511624,0.959,0.903,0.523,True,999,0.00012199999764561653,0.002673541894182563,near_5x5_bal_strong_1000,near_boundary,False,514,1389927733,1.887379141862766e-15,0,1
1000,1000,0.016171829853046216,0.01299181545996242,0.008069913369809001,0.004589619566218062,0.0031800143930837965,0.003480293803590939,0.007640882871749258,0.4161841565248052,0.45548320292392885,0.6772752522452372,0.6487616490947414,0.893,0.687,0.66,True,999,0.0001206250162795186,0.0027474999660626054,near_5x5_bal_strong_1000,near_boundary,False,515,1389927733,1.887379141862766e-15,0,6
1000,1000,0.022133885477702897,0.01676657840691187,0.014030144749995088,0.00829619031776474,0.0053673070707910275,0.005733954432230348,0.00899088501519631,0.5969720513296806,0.6377519479493812,0.5505260406059148,0.5236351638153844,0.811,0.557,0.524,True,999,0.0001192920608446002,0.0026767499512061477,near_5x5_bal_strong_1000,near_boundary,False,516,1389927733,1.887379141862766e-15,0,5
1000,1000,0.011197737078754377,0.00889830800546465,0.003097463276162671,0.0003422931090995007,0.002299429073289727,0.00275517016706317,0.006018199011255751,0.38207926806493736,0.45780642380057807,0.7024025690450336,0.6470915202794747,0.914,0.708,0.653,True,999,0.0001176249934360385,0.0026533750351518393,near_5x5_bal_strong_1000,near_boundary,False,517,1389927733,1.887379141862766e-15,0,7
1000,1000,0.017852012706073284,0.01377434514373177,0.00974973105007848,0.006558026005166084,0.004077667562341514,0.0031917050449123963,0.00798309028239482,0.5107881056204551,0.39980821110730663,0.6094994388013563,0.689297782441895,0.863,0.612,0.683,True,999,0.00011683302000164986,0.0027264580130577087,near_5x5_bal_strong_1000,near_boundary,False,518,1389927733,1.887379141862766e-15,0,6
1000,1000,0.01752824095113925,0.019571628129904206,0.0094257311113779,0.010150215871931323,-0.002043387178764955,-0.0007244847605534233,0.008878605820422361,-0.23014730241371945,-0.08159893289630905,0.8179773092585158,0.9349656498918322,0.924,0.823,0.932,True,999,0.00011625001206994057,0.002704499987885356,near_5x5_bal_strong_1000,near_boundary,False,519,1389927733,1.887379141862766e-15,0,3
1000,1000,0.00982534165349458,0.007706099464327543,0.0017248231984012818,-0.0019190534746940102,0.0021192421891670365,0.003643876673095292,0.005637115763103274,0.3759444152341441,0.6464079905801529,0.7069582198875557,0.5180151668940619,0.918,0.689,0.51,True,999,0.00011666701175272465,0.0026728330412879586,near_5x5_bal_strong_1000,near_boundary,False,520,1389927733,1.887379141862766e-15,0,6
1000,1000,0.016776932780525833,0.015482087279399759,0.008675182840988782,0.006135412045409794,0.001294845501126074,0.0025397707955789883,0.008443118681784122,0.153361044648073,0.30080955761743566,0.8781135632925741,0.7635597198476454,0.953,0.868,0.751,True,999,0.00011775002349168062,0.0027252499712631106,near_5x5_bal_strong_1000,near_boundary,False,521,1389927733,1.887379141862766e-15,0,5
1000,1000,0.010924064765048147,0.01481136086937973,0.0028240911296961713,0.0066931818466855475,-0.0038872961043315835,-0.0038690907169893762,0.007214770063170133,-0.5387969499091043,-0.5362736002828783,0.5900269684407289,0.5917694732234167,0.848,0.574,0.576,True,999,0.00011658400762826204,0.0027263329830020666,near_5x5_bal_strong_1000,near_boundary,False,522,1389927733,1.887379141862766e-15,0,5
1000,1000,0.019606404554328494,0.013063864790648527,0.011503892782684488,0.0010560560583030565,0.0065425397636799665,0.010447836724381432,0.008520394066601112,0.7678682127304312,1.2262152011648917,0.44256548400778617,0.22011770233887962,0.783,0.444,0.231,True,999,0.00011925003491342068,0.002678541000932455,near_5x5_bal_strong_1000,near_boundary,False,523,1389927733,1.887379141862766e-15,0,2
1000,1000,0.017977457165638144,0.010512337620073864,0.009874670905446692,0.004660554081965529,0.0074651195455642805,0.005214116823481163,0.00691479661413402,1.0795862788365151,0.7540520877827955,0.28032645426689995,0.450817945419109,0.724,0.261,0.412,True,999,0.00012212502770125866,0.002738333074375987,near_5x5_bal_strong_1000,near_boundary,False,524,1389927733,1.887379141862766e-15,0,9
1000,1000,0.01099716330142586,0.01343112434521948,0.0028969949685233587,0.004847351876151151,-0.00243396104379362,-0.0019503569076277927,0.00706419494976606,-0.3445489629181629,-0.2760904705344211,0.7304334803712387,0.7824785797412559,0.919,0.721,0.78,True,999,0.00012079195585101843,0.0027092499658465385,near_5x5_bal_strong_1000,near_boundary,False,525,1389927733,1.887379141862766e-15,0,5
1000,1000,0.015191327592767978,0.014994594985481835,0.007090430786774959,0.007639395467549548,0.00019673260728614306,-0.0005489646807745885,0.008101454927426205,0.0242836143690852,-0.06776124605916829,0.9806263831171633,0.9459756939873786,0.994,0.983,0.947,True,999,0.00011933303903788328,0.0026948750019073486,near_5x5_bal_strong_1000,near_boundary,False,526,1389927733,1.887379141862766e-15,0,7
1000,1000,0.008025138417810718,0.011724596566005052,-7.487747620871232e-05,0.004463374059525904,-0.0036994581481943345,-0.0045382515357346165,0.006153233927864386,-0.6012217626639642,-0.7375392499192235,0.5476922913160593,0.46079448351688856,0.866,0.532,0.45,True,999,0.00011966703459620476,0.002733832923695445,near_5x5_bal_strong_1000,near_boundary,False,527,1389927733,1.887379141862766e-15,0,6
1000,1000,0.013861627159702294,0.016600701524720374,0.0057607706266935566,0.008061994205888823,-0.0027390743650180793,-0.002301223579195266,0.008137829239880058,-0.3365853822042658,-0.28278101092585517,0.7364294771860826,0.7773447115514961,0.91,0.717,0.757,True,999,0.00012454192619770765,0.0027369169984012842,near_5x5_bal_strong_1000,near_boundary,False,528,1389927733,1.887379141862766e-15,0,5
1000,1000,0.009740216200281981,0.010865063792102114,0.001639912349446604,0.0021685033007656784,-0.0011248475918201328,-0.0005285909513190745,0.006444168061530453,-0.1745528020187897,-0.08202625168554918,0.8614310376173041,0.9346258379666391,0.967,0.834,0.939,True,999,0.00014454196207225323,0.0026736250147223473,near_5x5_bal_strong_1000,near_boundary,False,529,1389927733,1.887379141862766e-15,0,5
1000,1000,0.007563606715585314,0.0070569873304984765,-0.0005360899219795101,-0.001793819332590374,0.0005066193850868372,0.0012577294106108639,0.004838477704206796,0.10470635932585964,0.25994320683080463,0.9166088156917379,0.7949075822815838,0.984,0.919,0.822,True,999,0.00012987502850592136,0.002759916940703988,near_5x5_bal_strong_1000,near_boundary,False,530,1389927733,1.887379141862766e-15,0,6
1000,1000,0.011052862232037164,0.009940505089806762,0.0029525041686611075,0.003088383478882406,0.0011123571422304024,-0.0001358793102212985,0.006351660262322635,0.17512856423206152,-0.02139272325809363,0.8609786140879271,0.9829323782376586,0.955,0.862,0.979,True,999,0.0001336249988526106,0.002683624974451959,near_5x5_bal_strong_1000,near_boundary,False,531,1389927733,1.887379141862766e-15,0,8
1000,1000,0.012040071829032328,0.014282773073871324,0.00393960529800097,0.004331767138751275,-0.002242701244838996,-0.0003921618407503047,0.007663530166685208,-0.29264597333855824,-0.05117247955193094,0.7697927696880358,0.9591880812402562,0.918,0.769,0.952,True,999,0.00011754198931157589,0.0026841670041903853,near_5x5_bal_strong_1000,near_boundary,False,532,1389927733,1.887379141862766e-15,0,4
1000,1000,0.00963744845052128,0.00902030751959293,0.0015378254499864852,-0.0018341930156680064,0.0006171409309283504,0.0033720184656544916,0.005962825351100815,0.103498072572999,0.5655068305886191,0.917567679144787,0.5717290796022436,0.98,0.909,0.582,True,999,0.00012670899741351604,0.0027583750197663903,near_5x5_bal_strong_1000,near_boundary,False,533,1389927733,1.887379141862766e-15,0,4
1000,1000,0.011529492461865853,0.010065723287916661,0.0034289244308638445,0.0006443441374699432,0.001463769173949192,0.0027845802933939012,0.006617445604749908,0.2211985199996989,0.42079383189718544,0.8249378615893413,0.6739056361003326,0.944,0.833,0.694,True,999,0.00011866702698171139,0.0026885420083999634,near_5x5_bal_strong_1000,near_boundary,False,534,1389927733,1.887379141862766e-15,0,5
1000,1000,0.013818124365841067,0.00724430088141792,0.005717477397865878,8.946967966494412e-06,0.006573823484423147,0.005708530429899383,0.006092472545980005,1.079007485845915,0.9369809033716602,0.2805843905665867,0.34876838109871056,0.776,0.288,0.372,True,999,0.00011716701555997133,0.002670416026376188,near_5x5_bal_strong_1000,near_boundary,False,535,1389927733,1.887379141862766e-15,0,8
1000,1000,0.013865304467465922,0.016604775634828095,0.005764006922618137,0.008039529794018563,-0.002739471167362173,-0.002275522871400426,0.007993404716346155,-0.34271643493292375,-0.28467504801140414,0.7318117974328107,0.7758931088060538,0.904,0.745,0.784,True,999,0.00011645897757261992,0.0027684170054271817,near_5x5_bal_strong_1000,near_boundary,False,536,1389927733,1.887379141862766e-15,0,5
1000,1000,0.019451380088026493,0.012370845209353054,0.011348156089979966,0.004014679558110856,0.007080534878673439,0.00733347653186911,0.008179937386375657,0.8655976866603696,0.8965198858469998,0.38671082465888185,0.36997516441417133,0.781,0.409,0.385,True,999,0.00012895895633846521,0.0026707089273259044,near_5x5_bal_strong_1000,near_boundary,False,537,1389927733,1.887379141862766e-15,0,6
1000,1000,0.00915475549308753,0.008059413209788313,0.0010548162738359679,-0.0017928526129367128,0.0010953422832992166,0.0028476688867726807,0.005728550604014587,0.19120757745102174,0.4971011139845784,0.8483629671963018,0.6191177491070641,0.962,0.834,0.609,True,999,0.0001193750649690628,0.0026796660386025906,near_5x5_bal_strong_1000,near_boundary,False,538,1389927733,1.887379141862766e-15,0,5
1000,1000,0.00817515096606658,0.012143828499097065,7.45873951473186e-05,0.005017209953280144,-0.003968677533030485,-0.004942622558132825,0.006500380081399604,-0.6105300741392932,-0.760359009202524,0.5415107276724689,0.44704001826495865,0.87,0.528,0.427,True,999,0.00012391700875014067,0.0027220420306548476,near_5x5_bal_strong_1000,near_boundary,False,539,1389927733,1.887379141862766e-15,0,8
1000,1000,0.011771385543491109,0.022886716056190415,0.0036700636417208443,0.01637678918837082,-0.011115330512699306,-0.012706725546649977,0.008856170690940517,-1.2550944308322574,-1.4347877869662577,0.2094444819392839,0.15134757918967232,0.626,0.189,0.146,True,999,0.0001188330352306366,0.002678166958503425,near_5x5_bal_strong_1000,near_boundary,False,540,1389927733,1.887379141862766e-15,0,7
1000,1000,0.013941648951114605,0.014988024487268437,0.0058387519836742285,0.006643947679378925,-0.0010463755361538318,-0.0008051956957046968,0.007718194592448621,-0.13557257770846978,-0.10432435799072617,0.8921591850822528,0.9169119484982973,0.964,0.891,0.915,True,999,0.00011804199311882257,0.002711166045628488,near_5x5_bal_strong_1000,near_boundary,False,541,1389927733,1.887379141862766e-15,0,6
1000,1000,0.008394370601055634,0.005358154445672003,0.00029484852484529256,-0.0036486875195009816,0.003036216155383631,0.003943536044346274,0.004539776930408436,0.6688029394233843,0.8686629552063654,0.5036211914285309,0.38503150921582396,0.892,0.499,0.391,True,999,0.00011841591913253069,0.002761458046734333,near_5x5_bal_strong_1000,near_boundary,False,542,1389927733,1.887379141862766e-15,0,7
1000,1000,0.01014484821671946,0.010518479951555137,0.002044629033889578,0.002824608970229292,-0.0003736317348356777,-0.0007799799363397142,0.00610911742358021,-0.06115969115170701,-0.1276747330684981,0.9512320314080867,0.898406386510091,0.982,0.935,0.893,True,999,0.00012158299796283245,0.0026288749650120735,near_5x5_bal_strong_1000,near_boundary,False,543,1389927733,1.887379141862766e-15,0,6
1000,1000,0.01093443017065221,0.013450157978937338,0.002833213625535791,0.004528411902981588,-0.0025157278082851287,-0.0016951982774457974,0.007130915535712827,-0.3527916991424088,-0.23772519376452556,0.724244607289035,0.8120942419525428,0.923,0.735,0.825,True,999,0.00012120790779590607,0.002689250046387315,near_5x5_bal_strong_1000,near_boundary,False,544,1389927733,1.887379141862766e-15,0,5
1000,1000,0.02005418133667236,0.009029581010540133,0.011951592004606937,0.00217863814964403,0.011024600326132228,0.009772953854962907,0.007286687230445777,1.5129783916164845,1.3412067165623394,0.13028514772289568,0.17985334628556782,0.646,0.114,0.166,True,999,0.00012108404189348221,0.0027500420110300183,near_5x5_bal_strong_1000,near_boundary,False,545,1389927733,1.887379141862766e-15,0,8
1000,1000,0.011610788502969926,0.015813024361444106,0.0035104346607113257,0.01079794259760547,-0.004202235858474179,-0.007287507936894144,0.00755744269999014,-0.5560393939182181,-0.9642822613664874,0.5781839247661422,0.334904431766448,0.865,0.567,0.324,True,999,0.00011520890984684229,0.0026591250207275152,near_5x5_bal_strong_1000,near_boundary,False,546,1389927733,1.887379141862766e-15,0,9
1000,1000,0.025823287868488976,0.013669669285408304,0.01771810939635543,0.005630302401243625,0.012153618583080672,0.012087806995111805,0.008969429043350288,1.3550047081414913,1.347667386261716,0.1754160569973343,0.17776538622823923,0.608,0.158,0.158,True,999,0.00012024992611259222,0.0027262920048087835,near_5x5_bal_strong_1000,near_boundary,False,547,1389927733,1.887379141862766e-15,0,6
1000,1000,0.016384646941813408,0.01270639452228467,0.00828322492316147,0.006106515836165727,0.003678252419528738,0.002176709086995743,0.00746921896533929,0.49245475820130186,0.2914239222463156,0.6223978972104194,0.7707271208409363,0.861,0.644,0.781,True,999,0.00011887494474649429,0.002751750056631863,near_5x5_bal_strong_1000,near_boundary,False,548,1389927733,1.887379141862766e-15,0,7
1000,1000,0.016021262642861744,0.015130194860906332,0.007919425939689972,0.006231443150056748,0.0008910677819554125,0.0016879827896332245,0.00829761093704449,0.10738847467254234,0.20342997550020872,0.9144807975103948,0.8387989725513525,0.964,0.91,0.844,True,999,0.00012337497901171446,0.002655874937772751,near_5x5_bal_strong_1000,near_boundary,False,549,1389927733,1.887379141862766e-15,0,5
1000,1000,0.011439775969845911,0.018630989036547807,0.003339671712865311,0.011122365262451694,-0.007191213066701896,-0.007782693549586384,0.008101573722107088,-0.8876316273070435,-0.9606397246437981,0.37473893520706414,0.3367333476278985,0.727,0.362,0.32,True,999,0.00011995795648545027,0.0027123329928144813,near_5x5_bal_strong_1000,near_boundary,False,550,1389927733,1.887379141862766e-15,0,6
1000,1000,0.020987574430376243,0.01439466209382334,0.012884164884098936,0.008178209778463952,0.006592912336552903,0.004705955105634985,0.00842411363065331,0.7826238611695469,0.5586291106652638,0.43384802520930943,0.5764148684919375,0.787,0.42,0.58,True,999,0.00011783302761614323,0.002746958052739501,near_5x5_bal_strong_1000,near_boundary,False,551,1389927733,1.887379141862766e-15,0,7
1000,1000,0.019338884683822055,0.007948679511986967,0.011236431868383079,-0.0009026910223610685,0.011390205171835088,0.012139122890744147,0.007099498671920885,1.6043675332857386,1.7098563506681677,0.10863306308178307,0.08729243969622774,0.622,0.113,0.092,True,999,0.0001242499565705657,0.002673374954611063,near_5x5_bal_strong_1000,near_boundary,False,552,1389927733,1.887379141862766e-15,0,6
1000,1000,0.01696651567211327,0.027741902600419754,0.008863412965865791,0.018420574585832128,-0.010775386928306485,-0.009557161619966337,0.010642518427535061,-1.0124846859957186,-0.898016920059014,0.31130636519798927,0.36917652897236986,0.664,0.301,0.367,True,999,0.00012158299796283245,0.002740458003245294,near_5x5_bal_strong_1000,near_boundary,False,553,1389927733,1.887379141862766e-15,0,5
1000,1000,0.006509450182710763,0.018328453078631846,-0.0015899998863915243,0.010471327163031674,-0.011819002895921082,-0.012061327049423198,0.0072321967840063,-1.6342203135371416,-1.667726613315655,0.10221259870544137,0.09537000982436805,0.624,0.1,0.088,True,999,0.00012749992311000824,0.0027137090219184756,near_5x5_bal_strong_1000,near_boundary,False,554,1389927733,1.887379141862766e-15,0,6
1000,1000,0.010821454733319857,0.009681282263204971,0.0027209317838696734,0.0028307298445611195,0.0011401724701148863,-0.00010979806069144615,0.005987553982449131,0.19042374790390007,-0.018337715369796913,0.8489770899891187,0.985369440004773,0.964,0.83,0.986,True,999,0.0001247910549864173,0.002668082946911454,near_5x5_bal_strong_1000,near_boundary,False,555,1389927733,1.887379141862766e-15,0,8
1000,1000,0.012004708495896299,0.012869782698875065,0.0039040140591168893,0.0065439842016985494,-0.0008650742029787661,-0.00263997014258166,0.006860620984937351,-0.1260926969844357,-0.3848004646194236,0.8996585482936278,0.7003852548668232,0.962,0.889,0.694,True,999,0.00012191699352115393,0.0027177920565009117,near_5x5_bal_strong_1000,near_boundary,False,556,1389927733,1.887379141862766e-15,0,8
1000,1000,0.005538671719745425,0.013455570804845052,-0.0025605121777516615,0.009652393884664434,-0.007916899085099627,-0.012212906062416096,0.0056446962502309656,-1.4025376626378592,-2.1636073087044103,0.16075475197957712,0.03049450013989868,0.707,0.135,0.028,True,999,0.0001176249934360385,0.00273183302488178,near_5x5_bal_strong_1000,near_boundary,False,557,1389927733,1.887379141862766e-15,0,11
1000,1000,0.00945282917624124,0.008577835582761428,0.001353225469301833,0.00033925842569715314,0.0008749935934798114,0.00101396704360468,0.0058714069784201696,0.1490262209204322,0.17269575202867474,0.8815329426898345,0.8628905830139026,0.968,0.872,0.853,True,999,0.00011929194442927837,0.002600208972580731,near_5x5_bal_strong_1000,near_boundary,False,558,1389927733,1.887379141862766e-15,0,7
1000,1000,0.01125467721940221,0.007498886625786849,0.003154246943495309,0.0008793711968451134,0.00375579059361536,0.0022748757466501957,0.005246398897766731,0.7158797237499634,0.43360708763844796,0.4740656194922004,0.6645737870509835,0.879,0.454,0.651,True,999,0.0001176249934360385,0.002728541032411158,near_5x5_bal_strong_1000,near_boundary,False,559,1389927733,1.887379141862766e-15,0,9
1000,1000,0.008877185613661354,0.01384871769564211,0.0007774658931793965,0.004290667471479992,-0.004971532081980756,-0.0035132015783005954,0.007119737776469579,-0.698274604777082,-0.4934453611355705,0.48500547776651326,0.6216979376811782,0.836,0.47,0.607,True,999,0.00012104096822440624,0.002686999971047044,near_5x5_bal_strong_1000,near_boundary,False,560,1389927733,1.887379141862766e-15,0,4
1000,1000,0.006998011653252645,0.011224253583670407,-0.001101670934303911,0.0011396875201512557,-0.004226241930417762,-0.002241358454455167,0.006198358314727214,-0.6818324652797612,-0.36160517683040844,0.4953448931389516,0.7176470955612182,0.865,0.497,0.725,True,999,0.0001271669752895832,0.0026881248923018575,near_5x5_bal_strong_1000,near_boundary,False,561,1389927733,1.887379141862766e-15,0,4
1000,1000,0.006241900992980387,0.013977740565339625,-0.0018580802186534129,0.003984969087980517,-0.007735839572359238,-0.0058430493066339295,0.006584703222831365,-1.1748197770761328,-0.8873671460809541,0.24006682607524532,0.37488126563844903,0.721,0.202,0.361,True,999,0.00011999998241662979,0.002768250065855682,near_5x5_bal_strong_1000,near_boundary,False,562,1389927733,1.887379141862766e-15,0,4
1000,1000,0.00672772153108081,0.017000010004915744,-0.0013725830772273184,0.010043925581385338,-0.010272288473834934,-0.011416508658612656,0.007498801413324997,-1.3698573822186555,-1.5224444587005717,0.17073142547310338,0.1278977521647131,0.645,0.164,0.124,True,999,0.00012129207607358694,0.0026867089327424765,near_5x5_bal_strong_1000,near_boundary,False,563,1389927733,1.887379141862766e-15,0,7
1000,1000,0.0105934600399471,0.01632491569707606,0.002492772388677622,0.008055254423879887,-0.005731455657128959,-0.005562482035202265,0.007786934902765442,-0.7360348749150962,-0.714335242898565,0.46170947414969743,0.47501990448057463,0.812,0.473,0.488,True,999,0.00012158299796283245,0.0026662079617381096,near_5x5_bal_strong_1000,near_boundary,False,564,1389927733,1.887379141862766e-15,0,5
1000,1000,0.013480653328499015,0.00554060890119501,0.005378776043471589,-0.0034657301744687175,0.007940044427304005,0.008844506217940307,0.005435937512989613,1.4606577813542974,1.6270433934911215,0.1441093806494553,0.10372788200060928,0.729,0.13,0.097,True,999,0.00012083398178219795,0.002690125023946166,near_5x5_bal_strong_1000,near_boundary,False,565,1389927733,1.887379141862766e-15,0,7
1000,1000,0.012514472759876938,0.011656486259260634,0.0044137746647265885,0.007239121682800942,0.0008579865006163034,-0.0028253470180743534,0.006767996548303966,0.1267711197091718,-0.4174569236124056,0.8991215544144717,0.6763442259427931,0.97,0.893,0.677,True,999,0.00011662498582154512,0.0027409590547904372,near_5x5_bal_strong_1000,near_boundary,False,566,1389927733,1.887379141862766e-15,0,10
1000,1000,0.021093358664032058,0.00873137051779338,0.01299077305816354,-0.0011220670337479532,0.012361988146238678,0.014112840091911494,0.007559152896355772,1.6353668613050978,1.8669869872211766,0.10197216498333275,0.06190340507210964,0.599,0.111,0.066,True,999,0.00011974992230534554,0.002692250069230795,near_5x5_bal_strong_1000,near_boundary,False,567,1389927733,1.887379141862766e-15,0,5
1000,1000,0.01978779412105247,0.01645632990697754,0.011684649274002368,0.0053007837357199605,0.0033314642140749307,0.006383865538282407,0.008907927702585921,0.37398869022116393,0.7166499046045476,0.7084127305475184,0.47359014351638695,0.889,0.72,0.469,True,999,0.00011616596020758152,0.002727958024479449,near_5x5_bal_strong_1000,near_boundary,False,568,1389927733,1.887379141862766e-15,0,2
1000,1000,0.020291469775463478,0.010985008257540618,0.012188234424456823,0.0018244767532564765,0.00930646151792286,0.010363757671200347,0.0076607907790955205,1.2148173453996398,1.3528313159890204,0.22443576376721164,0.17610952579731687,0.666,0.219,0.167,True,999,0.00011554104276001453,0.002674457966350019,near_5x5_bal_strong_1000,near_boundary,False,569,1389927733,1.887379141862766e-15,0,6
1000,1000,0.010164267984663411,0.010814550182048133,0.002063946739099265,0.0004392516753455311,-0.0006502821973847217,0.0016246950637537338,0.006536277030426507,-0.09948816342355815,0.2485658206025761,0.9207506854934285,0.803696650002686,0.973,0.919,0.805,True,999,0.00013170798774808645,0.0026460830122232437,near_5x5_bal_strong_1000,near_boundary,False,570,1389927733,1.887379141862766e-15,0,4
1000,1000,0.02271687405012912,0.009439419532024318,0.014612971284577725,-0.0003690763278996201,0.013277454518104803,0.014982047612477345,0.007907158649601497,1.679168852742566,1.8947447846177219,0.09311914044536895,0.058126221448903476,0.561,0.08,0.055,True,999,0.00011837505735456944,0.00274637492839247,near_5x5_bal_strong_1000,near_boundary,False,571,1389927733,1.887379141862766e-15,0,5
1000,1000,0.012430198250321434,0.019006161462263527,0.004329418984525546,0.012092801551659704,-0.006575963211942093,-0.007763382567134158,0.008172746890183345,-0.8046209310410407,-0.9499110484455486,0.4210384598269761,0.3421574524226495,0.79,0.401,0.32,True,999,0.00012866698671132326,0.0028149160789325833,near_5x5_bal_strong_1000,near_boundary,False,572,1389927733,1.887379141862766e-15,0,7
1000,1000,0.010914072277203646,0.006674477115012234,0.002812973957588838,-0.0005593416035480914,0.004239595162191412,0.0033723155611369293,0.005303130308949279,0.7994514400366323,0.6359103707947719,0.4240286932749223,0.5248348427353593,0.861,0.41,0.525,True,999,0.00012675009202212095,0.002642291015945375,near_5x5_bal_strong_1000,near_boundary,False,573,1389927733,1.887379141862766e-15,0,8
1000,1000,0.013208054368898159,0.011466054736253894,0.005107276072976674,0.0019044386158952875,0.0017419996326442644,0.0032028374570813867,0.007492948263333544,0.23248520761429423,0.4274468933349439,0.8161611751207136,0.6690538582293102,0.943,0.805,0.647,True,999,0.00012145796790719032,0.002800458110868931,near_5x5_bal_strong_1000,near_boundary,False,574,1389927733,1.887379141862766e-15,0,6
1000,1000,0.015095074514899443,0.013107257937291894,0.006993458032411581,0.00473345355692345,0.0019878165776075485,0.002260004475488131,0.00734045676546057,0.2708028452617451,0.3078833576300383,0.7865426714187955,0.7581710897732695,0.931,0.783,0.753,True,999,0.0001284159952774644,0.0027189579559490085,near_5x5_bal_strong_1000,near_boundary,False,575,1389927733,1.887379141862766e-15,0,6
1000,1000,0.010963930894744234,0.018757151379966697,0.0028635317680709704,0.014834817361531805,-0.007793220485222463,-0.011971285593460834,0.007701780759835854,-1.0118725432777131,-1.554352943398505,0.31159899880206443,0.12010025121260624,0.767,0.333,0.123,True,999,0.00012033397797495127,0.0026761250337585807,near_5x5_bal_strong_1000,near_boundary,False,576,1389927733,1.887379141862766e-15,0,10
1000,1000,0.012744915308085192,0.02510175749813731,0.004644589514782638,0.017669806867729676,-0.01235684219005212,-0.013025217352947038,0.009131589108255197,-1.353197350818294,-1.4263910912474038,0.17599259137909595,0.15375548379731485,0.576,0.167,0.15,True,999,0.00016604200936853886,0.0027610829565674067,near_5x5_bal_strong_1000,near_boundary,False,577,1389927733,1.887379141862766e-15,0,6
1000,1000,0.012879751774107051,0.010661551629133514,0.00477745211378533,0.002193685579868543,0.0022182001449735367,0.002583766533916787,0.006748727058433087,0.32868422826519766,0.38285242706447276,0.742394376609016,0.7018291864019852,0.92,0.742,0.695,True,999,0.00012295902706682682,0.0026901670498773456,near_5x5_bal_strong_1000,near_boundary,False,578,1389927733,1.887379141862766e-15,0,6
1000,1000,0.010410250290892709,0.022017575528032962,0.002310189285026354,0.015278923078426487,-0.011607325237140254,-0.012968733793400133,0.008628220281405653,-1.3452745593613038,-1.5030601178957559,0.17853658607953848,0.13282354203220892,0.614,0.162,0.109,True,999,0.00011912500485777855,0.002696417039260268,near_5x5_bal_strong_1000,near_boundary,False,579,1389927733,1.887379141862766e-15,0,6
1000,1000,0.014847141459588764,0.012085724102158246,0.006745262222693782,0.004050525979039321,0.002761417357430518,0.002694736243654461,0.007286635623012844,0.37897014483739755,0.3698189923404258,0.7047100340992127,0.7115173631132505,0.891,0.696,0.702,True,999,0.0001228339970111847,0.002760958974249661,near_5x5_bal_strong_1000,near_boundary,False,580,1389927733,1.887379141862766e-15,0,6
1000,1000,0.010253599251912604,0.015662972964831545,0.002153158210376205,0.008713375262800582,-0.005409373712918941,-0.0065602170524243775,0.0074099372108038805,-0.7300161336093286,-0.8853269421580807,0.4653803229134016,0.3759803229621297,0.813,0.47,0.373,True,999,0.00012104201596230268,0.002666541957296431,near_5x5_bal_strong_1000,near_boundary,False,581,1389927733,1.887379141862766e-15,0,7
1000,1000,0.012724000151122405,0.01417327085780884,0.004622579500392021,0.0034063829012325186,-0.001449270706686434,0.0012161965991595025,0.007705734095238213,-0.1880769163293626,0.15783007616510616,0.8508163562747014,0.8745906983299154,0.949,0.858,0.883,True,999,0.00011975003872066736,0.002710541943088174,near_5x5_bal_strong_1000,near_boundary,False,582,1389927733,1.887379141862766e-15,0,2
1000,1000,0.007926484640858433,0.01573581557431253,-0.000173104538816915,0.007950737731846402,-0.007809330933454095,-0.008123842270663317,0.007035345142003377,-1.1100139049084832,-1.1547183694174783,0.26699303467969215,0.2482057746232389,0.722,0.241,0.225,True,999,0.0001188330352306366,0.0027446249732747674,near_5x5_bal_strong_1000,near_boundary,False,583,1389927733,1.887379141862766e-15,0,5
1000,1000,0.01697211444344826,0.023214154702756562,0.008869553586464463,0.014914321456842572,-0.006242040259308301,-0.006044767870378109,0.00984681506344124,-0.6339146433737173,-0.613880511762714,0.5261365285546495,0.5392942890896559,0.783,0.498,0.509,True,999,0.00012425007298588753,0.0026871669106185436,near_5x5_bal_strong_1000,near_boundary,False,584,1389927733,1.887379141862766e-15,0,6
1000,1000,0.01263714125933002,0.01582685466941347,0.004536488454732535,0.005671950295777606,-0.00318971341008345,-0.0011354618410450712,0.008058639997242942,-0.39581286807385974,-0.140899933665425,0.692243083138548,0.8879489945522135,0.919,0.691,0.91,True,999,0.00011966691818088293,0.0026669580256566405,near_5x5_bal_strong_1000,near_boundary,False,585,1389927733,1.887379141862766e-15,0,3
1000,1000,0.0051273196864050075,0.006505227969978267,-0.002971841928001595,-0.00434674540559854,-0.0013779082835732592,0.0013749034775969449,0.004747836860847215,-0.29021811910516704,0.28958524016168574,0.7716493754092871,0.7721335600395545,0.944,0.742,0.742,True,999,0.00011925003491342068,0.0027021249989047647,near_5x5_bal_strong_1000,near_boundary,False,586,1389927733,1.887379141862766e-15,0,4
1000,1000,0.010581499861817223,0.009336468953848986,0.0024806837584492314,0.0005315169907476047,0.0012450309079682365,0.0019491667677016267,0.006106841899969175,0.20387475693034085,0.3191775388374579,0.8384513718227156,0.749591888310148,0.964,0.836,0.748,True,999,0.00012370909098535776,0.0026492089964449406,near_5x5_bal_strong_1000,near_boundary,False,587,1389927733,1.887379141862766e-15,0,6
1000,1000,0.011241444711505455,0.015578581112765388,0.0031405214356254874,0.007862366671588461,-0.004337136401259933,-0.004721845235962974,0.007506443222765445,-0.5777884775183967,-0.62903895970899,0.563406935513997,0.529323550463695,0.865,0.558,0.516,True,999,0.00011841603554785252,0.0027075830148532987,near_5x5_bal_strong_1000,near_boundary,False,588,1389927733,1.887379141862766e-15,0,7
1000,1000,0.009684249344221962,0.01730056125566598,0.001584438138479527,0.009687851314311047,-0.007616311911444018,-0.00810341317583152,0.007691048977440297,-0.9902825913324046,-1.0536161191536795,0.3220360131532447,0.29205870626235075,0.752,0.326,0.297,True,999,0.00011975003872066736,0.0027569589437916875,near_5x5_bal_strong_1000,near_boundary,False,589,1389927733,1.887379141862766e-15,0,6
1000,1000,0.011250086075478505,0.012153942174990884,0.003148583324673382,0.002551102762026858,-0.000903856099512379,0.000597480562646524,0.007020746032197403,-0.128740748542571,0.08510214725136843,0.8975627910145533,0.93218018324241,0.97,0.896,0.928,True,999,0.00013033300638198853,0.0026422080118209124,near_5x5_bal_strong_1000,near_boundary,False,590,1389927733,1.887379141862766e-15,0,4
1000,1000,0.007737159609809918,0.013351320843226322,-0.0003619931153480138,0.005961138837449198,-0.005614161233416404,-0.006323131952797212,0.006588361490008188,-0.8521331505459678,-0.9597427163622975,0.3941401944556219,0.33718471886779533,0.78,0.379,0.32,True,999,0.0001255410024896264,0.002694833092391491,near_5x5_bal_strong_1000,near_boundary,False,591,1389927733,1.887379141862766e-15,0,7
1000,1000,0.012438729327376663,0.02202353489542347,0.004337485927862872,0.014980035113751455,-0.009584805568046806,-0.010642549185888583,0.009035002250394393,-1.06085259332707,-1.177924353635221,0.2887568964127476,0.2388267651450845,0.692,0.261,0.225,True,999,0.0001287920167669654,0.002712792018428445,near_5x5_bal_strong_1000,near_boundary,False,592,1389927733,1.887379141862766e-15,0,6
1000,1000,0.009893936508887258,0.010224645472958316,0.0017937473442088958,0.0017578877513528823,-0.0003307089640710581,3.585959285601348e-05,0.006097058517246601,-0.0542407397166338,0.0058814578791688355,0.9567433628409331,0.9953073026178246,0.988,0.954,0.995,True,999,0.00011966598685830832,0.0026794170262292027,near_5x5_bal_strong_1000,near_boundary,False,593,1389927733,1.887379141862766e-15,0,6
1000,1000,0.011849506433783574,0.013059628522751388,0.003748798808828724,0.004681836737120193,-0.0012101220889678133,-0.0009330379282914691,0.007306649971283557,-0.16561927746967622,-0.12769708853694584,0.8684565755837714,0.8983886942410674,0.968,0.873,0.903,True,999,0.0001265000319108367,0.002687165979295969,near_5x5_bal_strong_1000,near_boundary,False,594,1389927733,1.887379141862766e-15,0,6
1000,1000,0.01556522889945744,0.02562834865835184,0.007463595157787495,0.02033102429624023,-0.010063119758894401,-0.012867429138452735,0.009471951460516177,-1.0624125134976155,-1.3584770986306893,0.2880484554367829,0.1743123446170114,0.693,0.319,0.217,True,999,0.00012120895553380251,0.0027119170408695936,near_5x5_bal_strong_1000,near_boundary,False,595,1389927733,1.887379141862766e-15,0,9
1000,1000,0.013799778713144972,0.01581749336424565,0.005698298701872773,0.006912518312390148,-0.002017714651100677,-0.0012142196105173753,0.0079748432956638,-0.2530099434302087,-0.1522562344488435,0.8002605293916143,0.8789848422440344,0.928,0.788,0.868,True,999,0.00012016692198812962,0.0026674169348552823,near_5x5_bal_strong_1000,near_boundary,False,596,1389927733,1.887379141862766e-15,0,5
1000,1000,0.017825468023724644,0.014310735534841024,0.009721654121221945,0.0073223240896709285,0.0035147324888836207,0.002399330031551017,0.008014932281225663,0.4385230424362536,0.2993574926604502,0.6610071702981781,0.7646672917655631,0.901,0.686,0.793,True,999,0.00011995900422334671,0.0027339999796822667,near_5x5_bal_strong_1000,near_boundary,False,597,1389927733,1.887379141862766e-15,0,7
1000,1000,0.010638899050403605,0.01635347521543018,0.0025387987809608603,0.0061986053653413364,-0.005714576165026575,-0.003659806584380476,0.007810407025890579,-0.7316617618113151,-0.46858077591201697,0.46437504100498295,0.6393693210479797,0.805,0.479,0.643,True,999,0.0001199580729007721,0.002689958084374666,near_5x5_bal_strong_1000,near_boundary,False,598,1389927733,1.887379141862766e-15,0,3
1000,1000,0.016043627309199282,0.014375054844554036,0.007941372912455336,0.006453358465819292,0.001668572464645246,0.0014880144466360434,0.007885117830996899,0.21161033993505865,0.18871175783658733,0.8324110419090301,0.8503187357485626,0.94,0.826,0.841,True,999,0.00012058403808623552,0.002659708959981799,near_5x5_bal_strong_1000,near_boundary,False,599,1389927733,1.887379141862766e-15,0,6
1000,1000,0.015700600594695135,0.01265192848986152,0.007598289748557363,0.004775881945647598,0.0030486721048336163,0.0028224078029097655,0.007506902769433579,0.40611583744592034,0.37597500455207383,0.6846574895220869,0.7069354784965525,0.896,0.678,0.697,True,999,0.00011999998241662979,0.002690583001822233,near_5x5_bal_strong_1000,near_boundary,False,600,1389927733,1.887379141862766e-15,0,5
1000,1000,0.009775360303617031,0.01664988333937223,0.0016744655811180564,0.00992769703572094,-0.006874523035755198,-0.008253231454602883,0.007657269221265169,-0.897777371685432,-1.0778296042775477,0.36930425076181583,0.281109805447873,0.755,0.35,0.261,True,999,0.00013104104436933994,0.002763833967037499,near_5x5_bal_strong_1000,near_boundary,False,601,1389927733,1.887379141862766e-15,0,8
1000,1000,0.01021087383660313,0.00849648814557502,0.002110581274564538,0.004263855825911378,0.0017143856910281086,-0.00215327455134684,0.0053857296027100205,0.3183200452851281,-0.3998111138485942,0.7502421805642097,0.6892956442932694,0.943,0.734,0.671,True,999,0.00012270803563296795,0.002631958108395338,near_5x5_bal_strong_1000,near_boundary,False,602,1389927733,1.887379141862766e-15,0,11
1000,1000,0.010306090018375125,0.013547805342532082,0.0022054500993817783,0.005965254369755257,-0.0032417153241569574,-0.003759804270373479,0.0070838943937694965,-0.4576176808914805,-0.5307538567599684,0.6472271385770778,0.5955893596309292,0.907,0.663,0.6,True,999,0.00012041698209941387,0.0026899579679593444,near_5x5_bal_strong_1000,near_boundary,False,603,1389927733,1.887379141862766e-15,0,6
1000,1000,0.014016016220284255,0.010544003356090459,0.005914298837979004,0.0015102070697139425,0.0034720128641937964,0.0044040917682650615,0.006977765431366334,0.49758234184635425,0.631160765087898,0.6187784523459456,0.5279354129422094,0.872,0.619,0.534,True,999,0.00011887494474649429,0.0027142090257257223,near_5x5_bal_strong_1000,near_boundary,False,604,1389927733,1.887379141862766e-15,0,5
1000,1000,0.006727270303610533,0.010733506579359564,-0.0013724116820412746,0.0017929429760101812,-0.004006236275749031,-0.0031653546580514558,0.005861675199671012,-0.6834626858843837,-0.54000853855381,0.4943145209577765,0.5891911439508516,0.873,0.507,0.607,True,999,0.00012245809193700552,0.002669833949767053,near_5x5_bal_strong_1000,near_boundary,False,605,1389927733,1.887379141862766e-15,0,5
1000,1000,0.01465068380815615,0.017359090968908975,0.006549089795953478,0.011917441983371191,-0.0027084071607528237,-0.005368352187417713,0.008016654217771478,-0.3378475717149897,-0.6696499613912552,0.7354780584174754,0.5030809569632453,0.913,0.755,0.506,True,999,0.00012266694102436304,0.0027282499941065907,near_5x5_bal_strong_1000,near_boundary,False,606,1389927733,1.887379141862766e-15,0,8
1000,1000,0.017254495349221743,0.00939845111714821,0.009152116703717184,0.0005442182226147452,0.007856044232073534,0.008607898481102438,0.007168037148689581,1.0959826336153586,1.200872470739927,0.2730863744615214,0.22980067450085473,0.746,0.282,0.236,True,999,0.00011962500866502523,0.002665375010110438,near_5x5_bal_strong_1000,near_boundary,False,607,1389927733,1.887379141862766e-15,0,6
1000,1000,0.01467549303005744,0.014016711700871376,0.006574082154884309,0.004999052824871342,0.0006587813291860645,0.001575029330012967,0.007667810538569577,0.0859151808553892,0.20540796125445052,0.931533843555797,0.8372534007112642,0.969,0.927,0.85,True,999,0.00012800004333257675,0.002681249985471368,near_5x5_bal_strong_1000,near_boundary,False,608,1389927733,1.887379141862766e-15,0,5
1000,1000,0.009022649535422422,0.023606833812866435,0.0009226594395386201,0.019472053346419216,-0.014584184277444012,-0.018549393906880596,0.008690415895970943,-1.6781917519281835,-2.134465614641122,0.09330967141952962,0.03280468547006769,0.54,0.084,0.036,True,999,0.0001230000052601099,0.002749791950918734,near_5x5_bal_strong_1000,near_boundary,False,609,1389927733,1.887379141862766e-15,0,9
1000,1000,0.008998828495018207,0.007630619712578168,0.0008987382307168446,-0.004176506099724975,0.001368208782440039,0.005075244330441819,0.005763294394192139,0.2374004673123809,0.8806151453162464,0.8123461272301307,0.378526158347408,0.953,0.835,0.374,True,999,0.0001278329873457551,0.0026775000151246786,near_5x5_bal_strong_1000,near_boundary,False,610,1389927733,1.887379141862766e-15,0,3
1000,1000,0.012014972374895905,0.018284253631408176,0.003914498176527559,0.008328807796260662,-0.006269281256512271,-0.004414309619733103,0.008720266265307326,-0.7189323199285733,-0.5062127101892492,0.4721826214810064,0.6127073332799634,0.775,0.451,0.571,True,999,0.00012483308091759682,0.002662707935087383,near_5x5_bal_strong_1000,near_boundary,False,611,1389927733,1.887379141862766e-15,0,4
1000,1000,0.01018886255996132,0.020393466110426528,0.0020887741316073516,0.009446758926912935,-0.010204603550465208,-0.007357984795305583,0.008656064905795595,-1.1788963763005984,-0.850038080280464,0.2384394408588778,0.39530391510317076,0.634,0.23,0.378,True,999,0.00011966703459620476,0.002705374965444207,near_5x5_bal_strong_1000,near_boundary,False,612,1389927733,1.887379141862766e-15,0,3
1000,1000,0.010349160755885878,0.014355959394012463,0.0022490759542961314,0.008092477372997564,-0.004006798638126585,-0.005843401418701433,0.007039237530598256,-0.5692091822032964,-0.8301185168565848,0.5692141900282048,0.4064717788291724,0.856,0.578,0.403,True,999,0.00011779204942286015,0.002662415965460241,near_5x5_bal_strong_1000,near_boundary,False,613,1389927733,1.887379141862766e-15,0,7
1000,1000,0.012300495684148816,0.012619256221764463,0.004199132865551292,0.0035821470623886853,-0.0003187605376156477,0.0006169858031626063,0.007151679985024693,-0.04457142074073762,0.08627145012843804,0.9644489229574811,0.9312506333375569,0.99,0.961,0.928,True,999,0.00012954208068549633,0.002657958073541522,near_5x5_bal_strong_1000,near_boundary,False,614,1389927733,1.887379141862766e-15,0,5
1000,1000,0.011805782700168299,0.014743624214040851,0.0037052237389616494,0.008367386564600565,-0.002937841513872552,-0.004662162825638916,0.007366971937844585,-0.398785489975967,-0.632846556899328,0.6900512694329302,0.526833850434259,0.893,0.685,0.519,True,999,0.00011833396274596453,0.0027238340117037296,near_5x5_bal_strong_1000,near_boundary,False,615,1389927733,1.887379141862766e-15,0,8
1000,1000,0.010121373108594067,0.01727160754103596,0.0020208664941492316,0.011299784792868195,-0.007150234432441893,-0.009278918298718963,0.007852547909141644,-0.9105623442447077,-1.181644277256404,0.36252601876209045,0.23734687701970636,0.763,0.364,0.236,True,999,0.00015770806930959225,0.0026748330565169454,near_5x5_bal_strong_1000,near_boundary,False,616,1389927733,1.887379141862766e-15,0,8
1000,1000,0.015483844370943078,0.01342547433362351,0.007381211850770342,0.005438161778556605,0.002058370037319568,0.0019430500722137367,0.007364935572672624,0.2794824227596897,0.26382444938464455,0.7798746254177742,0.791915193951297,0.938,0.786,0.799,True,999,0.00011545896995812654,0.002640583901666105,near_5x5_bal_strong_1000,near_boundary,False,617,1389927733,1.887379141862766e-15,0,6
1000,1000,0.014337319500290047,0.017279871783696443,0.006235565301039969,0.0073920559790963125,-0.0029425522834063966,-0.0011564906780563433,0.008450848369284072,-0.3481960810114121,-0.13684906266449995,0.727692930755786,0.8911501020200869,0.907,0.731,0.9,True,999,0.0001194999786093831,0.002765333978459239,near_5x5_bal_strong_1000,near_boundary,False,618,1389927733,1.887379141862766e-15,0,4
1000,1000,0.011692348829384303,0.012442201367932226,0.003590547841440639,0.005656541390521852,-0.0007498525385479238,-0.002065993549081213,0.006817717864989798,-0.10998585646944278,-0.30303300752447676,0.9124205917611972,0.7618647071508373,0.97,0.913,0.749,True,999,0.00013537495397031307,0.0026455000042915344,near_5x5_bal_strong_1000,near_boundary,False,619,1389927733,1.887379141862766e-15,0,8
1000,1000,0.016198342807632216,0.014991535347852525,0.008096606264189177,0.005432432414124833,0.0012068074597796907,0.002664173850064344,0.008232836397391483,0.14658465218160527,0.32360340002729426,0.8834598685979014,0.7462383135239155,0.97,0.884,0.737,True,999,0.00012116599828004837,0.002639041980728507,near_5x5_bal_strong_1000,near_boundary,False,620,1389927733,1.887379141862766e-15,0,4
1000,1000,0.01611588255457197,0.011580035924961152,0.008014778463575567,0.0006222582534860521,0.004535846629610818,0.007392520210089515,0.007593483538599308,0.5973340966045604,0.9735347647113142,0.5502843442961641,0.33028759068580804,0.839,0.559,0.334,True,999,0.00012066704221069813,0.002769790939055383,near_5x5_bal_strong_1000,near_boundary,False,621,1389927733,1.887379141862766e-15,0,3
1000,1000,0.013599885621815577,0.025929660496232187,0.005498508808614133,0.016386149426807606,-0.01232977487441661,-0.010887640618193473,0.009942450231848783,-1.240114316581689,-1.095066142078031,0.2149331143503984,0.27348766056412377,0.59,0.214,0.284,True,999,0.0001181670231744647,0.002677291980944574,near_5x5_bal_strong_1000,near_boundary,False,622,1389927733,1.887379141862766e-15,0,4
1000,1000,0.015180873361440916,0.013968315949381638,0.007079661478883281,0.006111270459541629,0.0012125574120592786,0.0009683910193416523,0.007771116995231921,0.15603386396103164,0.12461413461357258,0.8760063285416152,0.9008290378235206,0.958,0.864,0.893,True,999,0.00011708296369761229,0.0026770830154418945,near_5x5_bal_strong_1000,near_boundary,False,623,1389927733,1.887379141862766e-15,0,5
1000,1000,0.01181328163575568,0.019385180647483014,0.003713119966960221,0.011892035640983067,-0.007571899011727334,-0.008178915674022846,0.008215020931310716,-0.9217139037184692,-0.9956049707493431,0.3566778262871749,0.3194421186467603,0.723,0.334,0.303,True,999,0.0001207499299198389,0.0027265000389888883,near_5x5_bal_strong_1000,near_boundary,False,624,1389927733,1.887379141862766e-15,0,6
1000,1000,0.020088173665558706,0.01607324090809914,0.01198511122220225,0.006873185399058457,0.004014932757459566,0.0051119258231437925,0.008679277849725315,0.4625883428293095,0.5889805478811323,0.6436594659322719,0.5558743225876251,0.879,0.651,0.57,True,999,0.00011583301238715649,0.0026819579070433974,near_5x5_bal_strong_1000,near_boundary,False,625,1389927733,1.887379141862766e-15,0,4
1000,1000,0.01198947967384778,0.006566738510941861,0.003887411929326845,-0.004624983895212154,0.00542274116290592,0.008512395824538999,0.005988033355816243,0.9055963520374768,1.421567870237532,0.36514954035250125,0.15515173764472645,0.812,0.356,0.144,True,999,0.00011462508700788021,0.002669583074748516,near_5x5_bal_strong_1000,near_boundary,False,626,1389927733,1.887379141862766e-15,0,4
1000,1000,0.0120388138797205,0.01631519852876917,0.003937472483357851,0.00858810850189684,-0.00427638464904867,-0.0046506360185389894,0.008141708933553773,-0.525244108325311,-0.5712112845710678,0.5994135058753576,0.5678564297446784,0.854,0.606,0.58,True,999,0.00011604209430515766,0.002751916996203363,near_5x5_bal_strong_1000,near_boundary,False,627,1389927733,1.887379141862766e-15,0,7
1000,1000,0.013089636740581723,0.015645850081997037,0.004988431285710249,0.0052174884742726135,-0.0025562133414153143,-0.0002290571885623649,0.00800736707933221,-0.3192326911068119,-0.028605805915103314,0.7495500689000509,0.9771789815300972,0.906,0.741,0.974,True,999,0.00011541706044226885,0.0026969589525833726,near_5x5_bal_strong_1000,near_boundary,False,628,1389927733,1.887379141862766e-15,0,2
1000,1000,0.012113542518838116,0.015192530857005226,0.004012418841512044,0.007995706751160014,-0.00307898833816711,-0.00398328790964797,0.0074087436686648125,-0.4155884554610321,-0.537646878848736,0.6777111758003894,0.5908208594665277,0.874,0.641,0.566,True,999,0.00012429093476384878,0.0027097079437226057,near_5x5_bal_strong_1000,near_boundary,False,629,1389927733,1.887379141862766e-15,0,6
1000,1000,0.01769675207922794,0.012028980154520641,0.00959431378669251,0.007335048002971689,0.005667771924707299,0.0022592657837208208,0.0078118646993749746,0.7255338056688022,0.2892095383963299,0.46812461346784284,0.7724210330183203,0.816,0.47,0.773,True,999,0.0001202909043058753,0.002762375050224364,near_5x5_bal_strong_1000,near_boundary,False,630,1389927733,1.887379141862766e-15,0,9
1000,1000,0.01665628007893094,0.022625768036389937,0.008554034640610553,0.0134775916060903,-0.0059694879574589965,-0.004923556965479747,0.009436826779153595,-0.6325736497194039,-0.5217386183622785,0.5270120990592222,0.6018523323543024,0.778,0.515,0.581,True,999,0.0001152500044554472,0.0027080830186605453,near_5x5_bal_strong_1000,near_boundary,False,631,1389927733,1.887379141862766e-15,0,4
1000,1000,0.009645134462424432,0.01244302919780349,0.001544847859577203,0.0020875160097375556,-0.0027978947353790584,-0.0005426681501603525,0.006833022906940253,-0.40946661140814505,-0.07941845908480247,0.6821972646218561,0.9366997867879108,0.905,0.673,0.927,True,999,0.0001230830093845725,0.002648915979079902,near_5x5_bal_strong_1000,near_boundary,False,632,1389927733,1.887379141862766e-15,0,4
1000,1000,0.011324708292217656,0.009361080330474614,0.0032241118765341525,0.001508737898518575,0.001963627961743042,0.0017153739780155774,0.006325425112837058,0.3104341489646254,0.27118714511920033,0.7562308288256551,0.7862470993707339,0.945,0.776,0.812,True,999,0.00011991709470748901,0.0027713750023394823,near_5x5_bal_strong_1000,near_boundary,False,633,1389927733,1.887379141862766e-15,0,7
1000,1000,0.00593306555828188,0.014060856690036316,-0.0021658342523096508,0.006090793278303863,-0.008127791131754436,-0.008256627530613514,0.006644966421688177,-1.223150068181916,-1.2425386385196946,0.22127302079000488,0.2140378937050933,0.719,0.228,0.219,True,999,0.00011987506877630949,0.0026753749698400497,near_5x5_bal_strong_1000,near_boundary,False,634,1389927733,1.887379141862766e-15,0,6
1000,1000,0.012238426251413914,0.011959613578670647,0.004137012685532682,0.0035376513953337962,0.00027881267274326715,0.0005993612901988854,0.006889106413368127,0.04047152939926122,0.08700131108961255,0.9677172046862685,0.9306704699619472,0.996,0.971,0.927,True,999,0.00012158299796283245,0.002730374922975898,near_5x5_bal_strong_1000,near_boundary,False,635,1389927733,1.887379141862766e-15,0,6
1000,1000,0.007169096583750756,0.015554401830076336,-0.0009314030664882011,0.011001429757072856,-0.00838530524632558,-0.011932832823561057,0.006423172923117057,-1.305477113366634,-1.8577785412898793,0.19173043536228807,0.06320046964103826,0.712,0.218,0.079,True,999,0.00011879205703735352,0.002719624899327755,near_5x5_bal_strong_1000,near_boundary,False,636,1389927733,1.887379141862766e-15,0,9
1000,1000,0.007177088510439411,0.007113941835737714,-0.0009230901762293797,-0.00011974118956459279,6.314667470169733e-05,-0.0008033489866647869,0.004360234580775644,0.014482403075309801,-0.1842444418487867,0.9884451181044508,0.8538216966475393,0.998,0.99,0.842,True,999,0.00011858297511935234,0.002682249993085861,near_5x5_bal_strong_1000,near_boundary,False,637,1389927733,1.887379141862766e-15,0,8
1000,1000,0.015685838197555757,0.011122812656601921,0.007584503469388437,0.0047047055685993655,0.004563025540953836,0.0028797979007890717,0.007116733828044216,0.6411684982474359,0.4046516239571774,0.5214132141710701,0.6857336061204915,0.82,0.495,0.657,True,999,0.00011891697067767382,0.002710249973461032,near_5x5_bal_strong_1000,near_boundary,False,638,1389927733,1.887379141862766e-15,0,8
1000,1000,0.014499065170118897,0.006102902544071753,0.006397878561301695,-0.002519232333668242,0.008396162626047143,0.008917110894969937,0.0060878191885088435,1.3791741124466128,1.4647463432885075,0.16784107771311207,0.1429901359499521,0.727,0.184,0.162,True,999,0.00011866691056638956,0.002750375075265765,near_5x5_bal_strong_1000,near_boundary,False,639,1389927733,1.887379141862766e-15,0,7
1000,1000,0.010661706340337807,0.012133164029133559,0.0025611656972159835,0.0025015176117904048,-0.001471457688795752,5.9648085425578756e-05,0.007087726406628249,-0.20760644590057606,0.00841568678071398,0.8355362709253803,0.9932853327089001,0.953,0.835,0.989,True,999,0.00012320803944021463,0.002696500043384731,near_5x5_bal_strong_1000,near_boundary,False,640,1389927733,1.887379141862766e-15,0,4
1000,1000,0.008145770404126562,0.011031542213835566,4.576232640829403e-05,0.0009967499456706719,-0.0028857718097090035,-0.0009509876192623778,0.0059927176447056125,-0.4815464336549373,-0.15869054336350172,0.6301281865500774,0.87391268906688,0.908,0.646,0.876,True,999,0.00012224994134157896,0.0027277920162305236,near_5x5_bal_strong_1000,near_boundary,False,641,1389927733,1.887379141862766e-15,0,4
1000,1000,0.012873733341686844,0.011938379187761694,0.004772166561906488,0.002194958883421805,0.0009353541539251498,0.002577207678484683,0.007340921675638788,0.12741644649733408,0.3510741283396708,0.8986107999103823,0.7255327367300821,0.959,0.881,0.718,True,999,0.00012370804324746132,0.0027047499315813184,near_5x5_bal_strong_1000,near_boundary,False,642,1389927733,1.887379141862766e-15,0,5
1000,1000,0.007514259369037823,0.009165059998715086,-0.000585332750233647,-0.0010763770256971839,-0.0016508006296772626,0.0004910442754635369,0.005807549124412078,-0.2842508249716062,0.08455275451729344,0.7762181683616489,0.9326169609271304,0.938,0.77,0.925,True,999,0.00011916703078895807,0.002713999943807721,near_5x5_bal_strong_1000,near_boundary,False,643,1389927733,1.887379141862766e-15,0,5
1000,1000,0.015681358347848562,0.012288937785098042,0.007579780818332438,0.0032999623751948093,0.00339242056275052,0.0042798184431376285,0.007603311665042981,0.44617670722976244,0.562888729501191,0.6554696069819019,0.5735106552433169,0.881,0.649,0.566,True,999,0.00012312503531575203,0.002703875070437789,near_5x5_bal_strong_1000,near_boundary,False,644,1389927733,1.887379141862766e-15,0,5
1000,1000,0.007332045340070481,0.011167654235576085,-0.000767787922768548,0.002747260733372059,-0.0038356088955056045,-0.003515048656140607,0.006070245773655136,-0.6318704445464376,-0.5790619996633277,0.5274715375075385,0.562547339603449,0.853,0.52,0.548,True,999,0.00012129195965826511,0.002654750016517937,near_5x5_bal_strong_1000,near_boundary,False,645,1389927733,1.887379141862766e-15,0,6
1000,1000,0.015490637029134557,0.01293495620019286,0.007388614863657494,0.003931441053509843,0.0025556808289416977,0.0034571738101476512,0.0075742639928834486,0.3374163920537941,0.4564369308220453,0.7358030293738922,0.6480758139845318,0.92,0.724,0.636,True,999,0.00012112502008676529,0.0026750420220196247,near_5x5_bal_strong_1000,near_boundary,False,646,1389927733,1.887379141862766e-15,0,5
1000,1000,0.009820466801587768,0.022017224573996186,0.001719914695740954,0.012277056039351919,-0.012196757772408418,-0.010557141343610965,0.008686967173123563,-1.4040294534718316,-1.215285050952362,0.1603100790846459,0.22425739147744417,0.596,0.147,0.219,True,999,0.00011749996338039637,0.00269424996804446,near_5x5_bal_strong_1000,near_boundary,False,647,1389927733,1.887379141862766e-15,0,3
1000,1000,0.014318420016239841,0.023721386635444597,0.006217297599732774,0.016615897773476718,-0.009402966619204756,-0.010398600173743944,0.009310049122738478,-1.0099803443828603,-1.1169221597710837,0.3125047071853083,0.2640276088286162,0.693,0.298,0.254,True,999,0.0001200829865410924,0.0027034999802708626,near_5x5_bal_strong_1000,near_boundary,False,648,1389927733,1.887379141862766e-15,0,6
1000,1000,0.00809693904446629,0.01130964116704003,-3.24680945595901e-06,0.0048919830204567916,-0.0032127021225737407,-0.004895229829912751,0.00584560950909431,-0.5495923252443697,-0.8374199169987312,0.5825990240241228,0.40235657425662674,0.881,0.605,0.408,True,999,0.0001188330352306366,0.0026814580196514726,near_5x5_bal_strong_1000,near_boundary,False,649,1389927733,1.887379141862766e-15,0,8
1000,1000,0.012530329608426483,0.013673061719931656,0.004428289574207156,0.00555135026240805,-0.0011427321115051736,-0.0011230606882008942,0.007111220746805629,-0.16069422567405048,-0.15792797442061896,0.8723342375742712,0.8745135542775541,0.966,0.874,0.875,True,999,0.00011720904149115086,0.002689167042262852,near_5x5_bal_strong_1000,near_boundary,False,650,1389927733,1.887379141862766e-15,0,5
1000,1000,0.015461022526805035,0.013019400203268083,0.007359809678519014,0.0020745079036146308,0.0024416223235369516,0.005285301774904383,0.007816405526176814,0.31237150060345015,0.6761805995356982,0.7547582067271512,0.4989259884460828,0.919,0.746,0.507,True,999,0.00012329209130257368,0.002672916976734996,near_5x5_bal_strong_1000,near_boundary,False,651,1389927733,1.887379141862766e-15,0,3
1000,1000,0.012438996873260777,0.007934195244979125,0.00433805368652429,-0.0015305911876453138,0.004504801628281652,0.005868644874169604,0.006094946272928312,0.7391044033136855,0.9628706491205898,0.4598436032475238,0.3356124406321692,0.842,0.429,0.317,True,999,0.00012808397877961397,0.0026693339459598064,near_5x5_bal_strong_1000,near_boundary,False,652,1389927733,1.887379141862766e-15,0,5
1000,1000,0.019046223048701183,0.012672112107093125,0.010942891381091613,0.005587577616608996,0.006374110941608058,0.0053553137644826165,0.007945090009858274,0.8022704505171189,0.6740406663534005,0.42239653157625023,0.50028545987022,0.788,0.406,0.5,True,999,0.00011704210191965103,0.00267837499268353,near_5x5_bal_strong_1000,near_boundary,False,653,1389927733,1.887379141862766e-15,0,7
1000,1000,0.015903236310374158,0.012495285267927758,0.007801214968822023,0.006234919410189832,0.0034079510424464,0.0015662955586321914,0.007299239543079516,0.46689124563359663,0.2145833890486869,0.640577688958812,0.8300921458803319,0.872,0.664,0.833,True,999,0.00011699995957314968,0.002725958009250462,near_5x5_bal_strong_1000,near_boundary,False,654,1389927733,1.887379141862766e-15,0,7
1000,1000,0.012729291060088244,0.01743978978063232,0.004627999216381795,0.010876480144361267,-0.004710498720544076,-0.006248480927979472,0.00771630358258625,-0.6104605229859649,-0.8097764507452397,0.5415567864748788,0.41806866958081457,0.84,0.514,0.396,True,999,0.0001230000052601099,0.002695249975658953,near_5x5_bal_strong_1000,near_boundary,False,655,1389927733,1.887379141862766e-15,0,7
1000,1000,0.013628871163912759,0.012899819958619885,0.005528008290639264,0.0038809945319258077,0.0007290512052928744,0.001647013758713456,0.007531380545124357,0.0968018015986253,0.21868683289144045,0.9228837931871042,0.8268940065679058,0.983,0.921,0.824,True,999,0.00012016703840345144,0.0027422079583629966,near_5x5_bal_strong_1000,near_boundary,False,656,1389927733,1.887379141862766e-15,0,5
1000,1000,0.010987180521139006,0.009738121535312838,0.002886261708681559,0.003549378496529698,0.001249058985826168,-0.0006631167878481392,0.005979870137364845,0.20887727611700144,-0.11089150309547617,0.8345440439110063,0.9117023835928632,0.963,0.841,0.912,True,999,0.00011829205323010683,0.0026983749121427536,near_5x5_bal_strong_1000,near_boundary,False,657,1389927733,1.887379141862766e-15,0,9
1000,1000,0.013127318796573473,0.01902076747792819,0.005026458356041985,0.011055824201889664,-0.005893448681354718,-0.006029365845847678,0.008535715690641208,-0.690445756975769,-0.7063691041699572,0.4899139102538028,0.47995862914080434,0.786,0.464,0.454,True,999,0.00012508395593613386,0.0026637089904397726,near_5x5_bal_strong_1000,near_boundary,False,658,1389927733,1.887379141862766e-15,0,6
1000,1000,0.014591961245302487,0.016090822345742162,0.006490422639899407,0.00830480966402547,-0.0014988611004396746,-0.001814387024126063,0.008074536407236455,-0.18562813081087665,-0.22470479202991725,0.8527363917610713,0.8222089364399231,0.946,0.85,0.819,True,999,0.00011987495236098766,0.002753291977569461,near_5x5_bal_strong_1000,near_boundary,False,659,1389927733,1.887379141862766e-15,0,5
1000,1000,0.014047075949260801,0.013779278785520654,0.005945158353142688,0.007150751016524737,0.0002677971637401466,-0.001205592663382049,0.007566113278299132,0.03539428421039285,-0.15934108029282204,0.9717653423973226,0.8734001567927343,0.984,0.965,0.866,True,999,0.00011795898899435997,0.0027207500534132123,near_5x5_bal_strong_1000,near_boundary,False,660,1389927733,1.887379141862766e-15,0,7
1000,1000,0.011011940291550726,0.01063853511420415,0.002911624887246944,0.002880207586429151,0.0003734051773465752,3.141730081779315e-05,0.006420354761442468,0.058159586381279944,0.004893390160691773,0.9536215115990059,0.9960956551225691,0.992,0.963,0.998,True,999,0.0001205839216709137,0.002683625090867281,near_5x5_bal_strong_1000,near_boundary,False,661,1389927733,1.887379141862766e-15,0,7
1000,1000,0.01360512841896555,0.013236244702305333,0.0055042231290372,0.004832422439392303,0.0003688837166602177,0.0006718006896448969,0.00766741595198717,0.04811056540693007,0.08761761378953047,0.9616281259804498,0.9301806022400528,0.993,0.962,0.938,True,999,0.00012204202357679605,0.002915290999226272,near_5x5_bal_strong_1000,near_boundary,False,662,1389927733,1.887379141862766e-15,0,6
1000,1000,0.022440431909805936,0.010162629947860768,0.014337026586190404,0.0027450021011077297,0.012277801961945167,0.011592024485082675,0.00767040275333482,1.6006723971055123,1.5112667297741142,0.10944949792408713,0.13072050695026322,0.572,0.085,0.108,True,999,0.00011962500866502523,0.0026576670352369547,near_5x5_bal_strong_1000,near_boundary,False,663,1389927733,1.887379141862766e-15,0,7
1000,1000,0.009917291646658999,0.009293302572346118,0.0018166936820307455,-0.0011278139991190983,0.0006239890743128806,0.002944507681149844,0.006096226413898227,0.10235661078635551,0.48300497409953985,0.9184736223020783,0.6290922044225457,0.981,0.917,0.63,True,999,0.00011879100929945707,0.0026792079443112016,near_5x5_bal_strong_1000,near_boundary,False,664,1389927733,1.887379141862766e-15,0,4
1000,1000,0.015486109005424797,0.009544291622273271,0.007385236713389531,0.0011249448527337336,0.005941817383151526,0.006260291860655798,0.0070689722109182635,0.8405489802285814,0.8856014246295336,0.4006006510781829,0.3758323436265909,0.787,0.422,0.4,True,999,0.00012400001287460327,0.002691374975256622,near_5x5_bal_strong_1000,near_boundary,False,665,1389927733,1.887379141862766e-15,0,6
1000,1000,0.02167982493411169,0.012105490593014467,0.013576548785749765,0.002703936838258869,0.009574334341097224,0.010872611947490896,0.008208708638499785,1.1663630374444645,1.3245216058098468,0.2434676962831388,0.18532987234159026,0.669,0.244,0.187,True,999,0.0001348749501630664,0.002683624974451959,near_5x5_bal_strong_1000,near_boundary,False,666,1389927733,1.887379141862766e-15,0,5
1000,1000,0.009395919807506425,0.012997469760395453,0.0012959138086898747,0.005415038705905317,-0.003601549952889027,-0.004119124897215443,0.006712945006633235,-0.5365081866945495,-0.6136092122228364,0.5916073794422723,0.5394735945423762,0.855,0.578,0.534,True,999,0.00012020894791930914,0.00266700005158782,near_5x5_bal_strong_1000,near_boundary,False,667,1389927733,1.887379141862766e-15,0,6
1000,1000,0.013180554305574077,0.01010494952415103,0.005079694338519403,0.004639792437558299,0.003075604781423047,0.0004399019009611038,0.0065869285688090395,0.4669254796517608,0.06678407035475732,0.6405531949935682,0.9467536051097841,0.902,0.642,0.946,True,999,0.00011899997480213642,0.002724000019952655,near_5x5_bal_strong_1000,near_boundary,False,668,1389927733,1.887379141862766e-15,0,9
1000,1000,0.015494994323667077,0.015458253045156134,0.007393399680950097,0.007306855439082938,3.674127851094333e-05,8.654424186715914e-05,0.007881345598602436,0.004661802740569897,0.010980896698973034,0.9962804330403181,0.991238688133771,0.996,0.994,0.991,True,999,0.00012645800597965717,0.0026634579990059137,near_5x5_bal_strong_1000,near_boundary,False,669,1389927733,1.887379141862766e-15,0,5
1000,1000,0.004450558411045469,0.018603982587442336,-0.0036487548925379087,0.011312811910272558,-0.014153424176396867,-0.014961566802810466,0.007295966735527883,-1.9398970265964115,-2.05066269421909,0.05239220552349036,0.04029980634569569,0.539,0.051,0.038,True,999,0.00012070802040398121,0.0027057919651269913,near_5x5_bal_strong_1000,near_boundary,False,670,1389927733,1.887379141862766e-15,0,7
1000,1000,0.007346723815747858,0.008381056881203774,-0.0007528256744535611,0.0005310566124876459,-0.0010343330654559169,-0.001283882286941207,0.005133947690648363,-0.201469342459407,-0.2500770097988798,0.8403315991009376,0.8025277947396761,0.965,0.841,0.8,True,999,0.00011999998241662979,0.0027308330172672868,near_5x5_bal_strong_1000,near_boundary,False,671,1389927733,1.887379141862766e-15,0,7
1000,1000,0.009581655659760546,0.02003020785312848,0.0014817441972354572,0.011968707331845962,-0.010448552193367933,-0.010486963134610505,0.008150664733050273,-1.2819263870589492,-1.2866390016125597,0.19986847049483059,0.19822014307354052,0.611,0.197,0.197,True,999,0.0001192920608446002,0.002694042050279677,near_5x5_bal_strong_1000,near_boundary,False,672,1389927733,1.887379141862766e-15,0,5
1000,1000,0.008915904721117585,0.025408794510425603,0.0008160749744092755,0.018950465022498975,-0.01649288978930802,-0.0181343900480897,0.009059277943999904,-1.820552354311141,-2.0017478390869305,0.06867493103124454,0.045311858443415017,0.489,0.075,0.048,True,999,0.00012445892207324505,0.002691500005312264,near_5x5_bal_strong_1000,near_boundary,False,673,1389927733,1.887379141862766e-15,0,7
1000,1000,0.017177343434190195,0.019893161940492232,0.00907537361536015,0.013316038045900314,-0.002715818506302037,-0.004240664430540164,0.009201310483460727,-0.2951556206242248,-0.46087613695491747,0.7678750021134388,0.6448874731959945,0.912,0.762,0.644,True,999,0.00011900009121745825,0.0027322920504957438,near_5x5_bal_strong_1000,near_boundary,False,674,1389927733,1.887379141862766e-15,0,7
1000,1000,0.0148665679047848,0.019480353663201666,0.0067647423750258895,0.012346857138766154,-0.004613785758416866,-0.005582114763740265,0.008658831960512592,-0.5328415864238271,-0.644672952333147,0.5941432436927525,0.519139147820076,0.842,0.573,0.498,True,999,0.00011729192920029163,0.0026782919885590672,near_5x5_bal_strong_1000,near_boundary,False,675,1389927733,1.887379141862766e-15,0,6
1000,1000,0.016002021084942752,0.01108897581314916,0.007900776931364817,0.003055473066524428,0.004913045271793592,0.004845303864840389,0.007272311836074603,0.6755823158493052,0.6662673402981786,0.4993058723918702,0.5052402370737922,0.858,0.508,0.516,True,999,0.00012008403427898884,0.00267166702542454,near_5x5_bal_strong_1000,near_boundary,False,676,1389927733,1.887379141862766e-15,0,6
1000,1000,0.009122207795723813,0.008954719995554139,0.0010221044167337823,0.00276653606937316,0.00016748780016967446,-0.0017444316526393777,0.005571154869417728,0.03006338974511034,-0.3131184994004121,0.9760164982757861,0.7541906348009639,0.992,0.972,0.745,True,999,0.00011875003110617399,0.0027325840201228857,near_5x5_bal_strong_1000,near_boundary,False,677,1389927733,1.887379141862766e-15,0,9
1000,1000,0.00900604866818111,0.017469997414203464,0.0009056035025878373,0.011593740865578184,-0.008463948746022354,-0.010688137362990346,0.007635132497768986,-1.1085529620469,-1.3998627222400475,0.2676230795892339,0.16155443092013588,0.712,0.258,0.158,True,999,0.00011795805767178535,0.0026772910496219993,near_5x5_bal_strong_1000,near_boundary,False,678,1389927733,1.887379141862766e-15,0,8
1000,1000,0.013637776663706358,0.016778538317846592,0.0055367446850596025,0.009621971453896094,-0.003140761654140234,-0.004085226768836492,0.007968760675775451,-0.39413426778996624,-0.5126552214393053,0.6934819123761327,0.6081925179085326,0.907,0.69,0.608,True,999,0.00011804199311882257,0.0027001251000910997,near_5x5_bal_strong_1000,near_boundary,False,679,1389927733,1.887379141862766e-15,0,8
1000,1000,0.015211955984197445,0.015460239498297779,0.007110411471103362,0.012040833034689058,-0.00024828351410033367,-0.004930421563585696,0.007456434919163039,-0.03329788522156145,-0.661230416014832,0.9734370401749107,0.5084645581332958,0.994,0.978,0.523,True,999,0.00012854195665568113,0.002732417080551386,near_5x5_bal_strong_1000,near_boundary,False,680,1389927733,1.887379141862766e-15,0,11
1000,1000,0.018031314730944326,0.011612429249170442,0.00992877039857376,0.0020104247799395125,0.006418885481773884,0.007918345618634248,0.00774156840256117,0.829145355048507,1.022834806447566,0.4070221618442815,0.30638595803223156,0.764,0.39,0.309,True,999,0.00011833291500806808,0.0026827079709619284,near_5x5_bal_strong_1000,near_boundary,False,681,1389927733,1.887379141862766e-15,0,4
1000,1000,0.025074353100505764,0.017759908511508216,0.016970116038919514,0.00883037940320719,0.0073144445889975485,0.008139736635712325,0.009456263241647826,0.7735026407453258,0.8607772888409897,0.4392249665137953,0.3893607157483847,0.766,0.432,0.384,True,999,0.00011708401143550873,0.002712500048801303,near_5x5_bal_strong_1000,near_boundary,False,682,1389927733,1.887379141862766e-15,0,5
1000,1000,0.02049630250249268,0.010872650733686318,0.012393644390840564,0.001885700272680424,0.009623651768806363,0.01050794411816014,0.008030553171360063,1.1983796836222793,1.3084956781850812,0.23076923803993954,0.19070523948962814,0.665,0.235,0.195,True,999,0.00011708296369761229,0.002745458041317761,near_5x5_bal_strong_1000,near_boundary,False,683,1389927733,1.887379141862766e-15,0,5
1000,1000,0.014231888012838478,0.013710511372295453,0.006131064524424801,0.007110542608415926,0.0005213766405430253,-0.0009794780839911255,0.007210476835691572,0.07230820546600078,-0.13584095841522548,0.9423566347746879,0.8919470110168417,0.98,0.931,0.896,True,999,0.00012145796790719032,0.00267316703684628,near_5x5_bal_strong_1000,near_boundary,False,684,1389927733,1.887379141862766e-15,0,7
1000,1000,0.013145829387088082,0.011269532703319929,0.00504415479463205,0.003460681368665064,0.0018762966837681527,0.0015834734259669858,0.00719860152753787,0.2606473877725387,0.21996958991402593,0.7943644422618961,0.8258948383863611,0.923,0.796,0.828,True,999,0.00012154190335422754,0.0027116250712424517,near_5x5_bal_strong_1000,near_boundary,False,685,1389927733,1.887379141862766e-15,0,7
1000,1000,0.011881798126806675,0.0176270759079471,0.0037804114570008096,0.007517666718570126,-0.005745277781140423,-0.0037372552615693166,0.008304320325364531,-0.6918420239152113,-0.45003746425271285,0.4890365425766653,0.6526834270570934,0.773,0.468,0.638,True,999,0.0001272499794140458,0.0026652920059859753,near_5x5_bal_strong_1000,near_boundary,False,686,1389927733,1.887379141862766e-15,0,3
1000,1000,0.010892675975645805,0.01373437627829105,0.00279232406637675,0.0027143914236376077,-0.0028417003026452448,7.793264273914247e-05,0.007453201790209096,-0.38127242259537997,0.010456263621027776,0.7030011145543852,0.9916572607167842,0.904,0.703,0.992,True,999,0.00012400001287460327,0.0026770830154418945,near_5x5_bal_strong_1000,near_boundary,False,687,1389927733,1.887379141862766e-15,0,3
1000,1000,0.01320166949479007,0.015947548035166625,0.0050998788467495615,0.007976565523790669,-0.002745878540376556,-0.002876686677041107,0.007957870259618036,-0.3450519361078844,-0.3614895170682492,0.7300553262536542,0.717733540114093,0.908,0.738,0.725,True,999,0.00012120790779590607,0.002728459076024592,near_5x5_bal_strong_1000,near_boundary,False,688,1389927733,1.887379141862766e-15,0,6
1000,1000,0.018258834435888494,0.018663620044224727,0.01015628618847586,0.009535022487511924,-0.00040478560833623334,0.0006212637009639366,0.008996653708915182,-0.04499290752239506,0.06905497544584815,0.9641129622081869,0.9449458598186574,0.986,0.956,0.929,True,999,0.00012900005094707012,0.0026761250337585807,near_5x5_bal_strong_1000,near_boundary,False,689,1389927733,1.887379141862766e-15,0,4
1000,1000,0.012091780769021732,0.011412384447941237,0.003990352483015158,0.0017823382202664106,0.0006793963210804943,0.0022080142627487476,0.007003191466077586,0.09701238704830342,0.315286862203331,0.9227165574091858,0.7525438591542233,0.975,0.913,0.739,True,999,0.00012112502008676529,0.0026820419589057565,near_5x5_bal_strong_1000,near_boundary,False,690,1389927733,1.887379141862766e-15,0,4
1000,1000,0.01071147602193423,0.01180182521482398,0.002611349032349608,0.004429542287937238,-0.0010903491928897502,-0.0018181932555876301,0.006466785750386623,-0.1686075950211529,-0.2811587279629494,0.8661053061365969,0.7785886586105024,0.965,0.869,0.776,True,999,0.00011987506877630949,0.0027192499255761504,near_5x5_bal_strong_1000,near_boundary,False,691,1389927733,1.887379141862766e-15,0,7
1000,1000,0.015536993454008385,0.015717276237160793,0.007435515732595377,0.005584627245525553,-0.00018028278315240787,0.001850888487069824,0.008179935236031333,-0.022039634538705204,0.22627177766847714,0.982416339417992,0.8209900473457742,0.993,0.987,0.82,True,999,0.00012437498662620783,0.0027402089908719063,near_5x5_bal_strong_1000,near_boundary,False,692,1389927733,1.887379141862766e-15,0,3
1000,1000,0.016863442401622075,0.020969929453204472,0.008761769322518376,0.015297117615773459,-0.004106487051582397,-0.006535348293255083,0.009259550895662359,-0.443486633191474,-0.7057953854237758,0.6574137854664234,0.4803153921991339,0.846,0.641,0.456,True,999,0.0001230000052601099,0.002676042029634118,near_5x5_bal_strong_1000,near_boundary,False,693,1389927733,1.887379141862766e-15,0,9
1000,1000,0.021946014123801705,0.016341167492692765,0.013842713016629205,0.010041718479328665,0.0056048466311089395,0.0038009945373005394,0.00889834216054367,0.6298753779059554,0.4271576062959919,0.5287761234252552,0.6692645369764227,0.805,0.521,0.67,True,999,0.000120542012155056,0.002710042055696249,near_5x5_bal_strong_1000,near_boundary,False,694,1389927733,1.887379141862766e-15,0,8
1000,1000,0.005036909148451896,0.01947251907418024,-0.003062679397089596,0.011952270068661619,-0.014435609925728343,-0.015014949465751215,0.007401251913931135,-1.950428129402901,-2.028704013910007,0.051125111847685964,0.0424884468257046,0.478,0.053,0.043,True,999,0.00012374995276331902,0.002715999959036708,near_5x5_bal_strong_1000,near_boundary,False,695,1389927733,1.887379141862766e-15,0,6
1000,1000,0.009841796128599256,0.011390567290717135,0.001739560073474422,0.003356459638382603,-0.001548771162117879,-0.0016168995649081808,0.006548345636008292,-0.2365133498148658,-0.24691726044775522,0.8130343494418111,0.8049722579407256,0.948,0.816,0.803,True,999,0.00011874991469085217,0.002712208079174161,near_5x5_bal_strong_1000,near_boundary,False,696,1389927733,1.887379141862766e-15,0,6
1000,1000,0.017823137219952878,0.010187064548939473,0.009719528801724664,-0.0011421907690305488,0.007636072671013405,0.010861719570755213,0.007686358996089413,0.9934577183941588,1.41311635018366,0.32048694572681546,0.15762151654954004,0.729,0.31,0.156,True,999,0.0001193339703604579,0.0027350829914212227,near_5x5_bal_strong_1000,near_boundary,False,697,1389927733,1.887379141862766e-15,0,3
1000,1000,0.012661612273014766,0.014435389474836191,0.0045608229065692285,0.009063085422894801,-0.0017737772018214248,-0.0045022625163255725,0.007168360545540855,-0.24744531061915118,-0.6280742280919793,0.8045636113736568,0.5299553150745551,0.932,0.796,0.512,True,999,0.00011633289977908134,0.002709832973778248,near_5x5_bal_strong_1000,near_boundary,False,698,1389927733,1.887379141862766e-15,0,9
1000,1000,0.017863029639272554,0.01884475886207948,0.009761457193917522,0.007584516136034836,-0.0009817292228069263,0.0021769410578826864,0.009240368150347107,-0.10624351831372092,0.23559029493872616,0.9153891436940738,0.8137506050294573,0.97,0.925,0.832,True,999,0.00012524996418505907,0.0026694999542087317,near_5x5_bal_strong_1000,near_boundary,False,699,1389927733,1.887379141862766e-15,0,3
1000,1000,0.01055825481485595,0.011438751302100703,0.002456821994883285,0.0020622174613436073,-0.0008804964872447529,0.0003946045335396775,0.006752786587949215,-0.1303900953742646,0.05843580696654547,0.8962578024387189,0.9534014936560418,0.968,0.89,0.953,True,999,0.00012120790779590607,0.002735333051532507,near_5x5_bal_strong_1000,near_boundary,False,700,1389927733,1.887379141862766e-15,0,5
1000,1000,0.008595533450397763,0.006542088978784055,0.0004958975969202584,-0.0046486009151749386,0.002053444471613708,0.005144498512095197,0.005373776383668656,0.3821231709332552,0.9573339388906741,0.7023700056882285,0.3383987303012189,0.934,0.685,0.315,True,999,0.00012387509923428297,0.002713666995987296,near_5x5_bal_strong_1000,near_boundary,False,701,1389927733,1.887379141862766e-15,0,4
1000,1000,0.01086870065277079,0.009199516981096056,0.0027681130322889658,-0.00060728596372428,0.0016691836716747344,0.0033753989960132458,0.006114013368087283,0.2730094900327188,0.5520758285599252,0.7848459206050736,0.5808964017636205,0.936,0.758,0.554,True,999,0.00013162498362362385,0.002657916978932917,near_5x5_bal_strong_1000,near_boundary,False,702,1389927733,1.887379141862766e-15,0,5
1000,1000,0.0075255427190230595,0.012808270722103055,-0.0005750516397711181,0.0037913677205096974,-0.005282728003079995,-0.0043664193602808155,0.006590660215208539,-0.8015476189911334,-0.6625162301957112,0.4228146880760182,0.5076404367233605,0.813,0.409,0.496,True,999,0.00012012501247227192,0.002696958021260798,near_5x5_bal_strong_1000,near_boundary,False,703,1389927733,1.887379141862766e-15,0,5
1000,1000,0.016847674105366917,0.013830227796391703,0.008745489260718387,0.005404132107457826,0.0030174463089752135,0.00334135715326056,0.008077858575210626,0.3735453252716219,0.41364392829487434,0.7087426178198248,0.67913489708807,0.906,0.707,0.678,True,999,0.00012733298353850842,0.0026932499604299664,near_5x5_bal_strong_1000,near_boundary,False,704,1389927733,1.887379141862766e-15,0,6
1000,1000,0.006843985922181162,0.012374689335437117,-0.0012561293069666135,0.0029976676687510917,-0.005530703413255955,-0.004253796975717705,0.006511201428733054,-0.849413656418262,-0.653304466506945,0.39565115678304086,0.5135600135119455,0.83,0.384,0.486,True,999,0.00011520797852426767,0.002614583005197346,near_5x5_bal_strong_1000,near_boundary,False,705,1389927733,1.887379141862766e-15,0,5
1000,1000,0.016037934032762324,0.019505763791175634,0.007936615045082362,0.010483092683500672,-0.00346782975841331,-0.0025464776384183097,0.008794219651479905,-0.39433058256962433,-0.2895626603992981,0.6933369870767366,0.7721508363486496,0.877,0.682,0.759,True,999,0.000118291936814785,0.0027608750388026237,near_5x5_bal_strong_1000,near_boundary,False,706,1389927733,1.887379141862766e-15,0,4
1000,1000,0.015784555761406693,0.011495500518332313,0.007682236393293351,0.0029136108418583717,0.00428905524307438,0.00476862555143498,0.007335131523498767,0.5847277897245602,0.6501077092017028,0.5587307651635856,0.5156226498572221,0.868,0.575,0.521,True,999,0.00013562501408159733,0.002616874990053475,near_5x5_bal_strong_1000,near_boundary,False,707,1389927733,1.887379141862766e-15,0,5
1000,1000,0.00790994587333027,0.006902248383568066,-0.00019012339771506959,-0.002333700783367476,0.0010076974897622049,0.0021435773856524065,0.004972181583869897,0.20266707334889894,0.43111405919009893,0.8393952607192934,0.6663854384778656,0.961,0.822,0.647,True,999,0.00011899997480213642,0.0026548750465735793,near_5x5_bal_strong_1000,near_boundary,False,708,1389927733,1.887379141862766e-15,0,6
1000,1000,0.02418035506958649,0.012546224460767919,0.01607684033501755,0.0037356230719751693,0.011634130608818571,0.012341217263042381,0.008718759076367962,1.3343791825092026,1.4154786426537496,0.18207961899260072,0.15692820602381247,0.63,0.18,0.156,True,999,0.00013749999925494194,0.0027765838894993067,near_5x5_bal_strong_1000,near_boundary,False,709,1389927733,1.887379141862766e-15,0,6
1000,1000,0.006920094536869259,0.010498660061075915,-0.0011799479873388918,0.0033092581618916483,-0.003578565524206656,-0.00448920614923054,0.005315951117516145,-0.6731750245812503,-0.8444784479749133,0.500835948350774,0.3984021017102837,0.872,0.522,0.412,True,999,0.0001157090300694108,0.0026603330625221133,near_5x5_bal_strong_1000,near_boundary,False,710,1389927733,1.887379141862766e-15,0,8
1000,1000,0.014851986518804594,0.015368596420423875,0.006750206590595553,0.010014361517789894,-0.0005166099016192804,-0.0032641549271943404,0.007985141344954224,-0.06469640038942127,-0.40877860343160305,0.9484157288931457,0.6827021434259906,0.983,0.953,0.703,True,999,0.00011991697829216719,0.0027018749387934804,near_5x5_bal_strong_1000,near_boundary,False,711,1389927733,1.887379141862766e-15,0,9
1000,1000,0.010289332517624095,0.0181053047552015,0.002189316866633817,0.010814590493964715,-0.007815972237577407,-0.008625273627330898,0.007877532214278518,-0.9921853729027562,-1.0949207686763949,0.32110710643760243,0.27355134937730374,0.727,0.319,0.284,True,999,0.00013479194603860378,0.0027002920396625996,near_5x5_bal_strong_1000,near_boundary,False,712,1389927733,1.887379141862766e-15,0,7
1000,1000,0.008084973285365837,0.010964436412092216,-1.4478100410997286e-05,0.0011069686959217506,-0.002879463126726378,-0.001121446796332748,0.00641123343995554,-0.44912779322325636,-0.17491903965682537,0.6533394720529743,0.8611432494360213,0.9,0.633,0.852,True,999,0.00012145796790719032,0.0026844580424949527,near_5x5_bal_strong_1000,near_boundary,False,713,1389927733,1.887379141862766e-15,0,5
1000,1000,0.018380544880294725,0.010907915631158893,0.01027775092347838,0.003214694770861115,0.0074726292491358315,0.007063056152617264,0.007284779953179387,1.025786543610622,0.9695634182518645,0.30499221026867684,0.33226415469364134,0.755,0.297,0.327,True,999,0.00011679204180836678,0.00267987500410527,near_5x5_bal_strong_1000,near_boundary,False,714,1389927733,1.887379141862766e-15,0,6
1000,1000,0.007954310900001982,0.016399552218623548,-0.00014562426531483652,0.01004196163830784,-0.008445241318621566,-0.010187585903622676,0.007571519722476786,-1.1153958027146191,-1.345514015288086,0.2646808473952359,0.17845929835553187,0.716,0.27,0.189,True,999,0.00011662498582154512,0.002752333995886147,near_5x5_bal_strong_1000,near_boundary,False,715,1389927733,1.887379141862766e-15,0,8
1000,1000,0.01954600610923185,0.010102808390822393,0.011443671460028781,0.0006819570945140185,0.009443197718409457,0.010761714365514763,0.007677413270702068,1.2299973162114166,1.4017370155886695,0.21869810985359805,0.16099379279819193,0.68,0.208,0.155,True,999,0.00012112502008676529,0.0026851659640669823,near_5x5_bal_strong_1000,near_boundary,False,716,1389927733,1.887379141862766e-15,0,5
1000,1000,0.01208592790363161,0.007260288424565886,0.00398539551815702,2.504183225937595e-05,0.004825639479065724,0.003960353685897644,0.005744136077661979,0.8400983914416408,0.6894602830352196,0.40085322193725614,0.49053365873771115,0.831,0.4,0.496,True,999,0.00011849997099488974,0.0027191248955205083,near_5x5_bal_strong_1000,near_boundary,False,717,1389927733,1.887379141862766e-15,0,8
1000,1000,0.011826125047994962,0.023531491265836146,0.0037256242912917514,0.016066171660042983,-0.011705366217841184,-0.012340547368751231,0.009110841259828318,-1.2847733687834835,-1.3544904380195262,0.19887149112317504,0.17557996196914494,0.607,0.169,0.148,True,999,0.0001176249934360385,0.0027344999834895134,near_5x5_bal_strong_1000,near_boundary,False,718,1389927733,1.887379141862766e-15,0,6
1000,1000,0.007184627871787086,0.009672757018541533,-0.0009158942564226891,0.002823567003986227,-0.0024881291467544475,-0.003739461260408916,0.004936172640880819,-0.504060398161127,-0.757562899935696,0.6142189347434681,0.44871269728931096,0.922,0.642,0.449,True,999,0.00012295797932893038,0.0026569169713184237,near_5x5_bal_strong_1000,near_boundary,False,719,1389927733,1.887379141862766e-15,0,8
1000,1000,0.012791179495611704,0.01770953221321625,0.004690246764994299,0.0077458846104150325,-0.004918352717604546,-0.0030556378454207334,0.008549927767844238,-0.5752507917203902,-0.35738756260758164,0.5651216962978225,0.7208016863974658,0.843,0.577,0.737,True,999,0.00012383295688778162,0.0027199999894946814,near_5x5_bal_strong_1000,near_boundary,False,720,1389927733,1.887379141862766e-15,0,4
1000,1000,0.006509320371110183,0.011348164113683556,-0.0015906625480965886,0.006363828803102933,-0.004838843742573373,-0.007954491351199522,0.00576683794884352,-0.8390809288379178,-1.3793505941665507,0.40142389723899075,0.16778668426920673,0.832,0.419,0.16,True,999,0.00012033293023705482,0.002779750037007034,near_5x5_bal_strong_1000,near_boundary,False,721,1389927733,1.887379141862766e-15,0,9
1000,1000,0.010991138757873609,0.010108334810856934,0.00289098863208892,0.0010264321683735034,0.0008828039470166749,0.0018645564637154166,0.00650914444531495,0.1356251892139351,0.2864518492990976,0.8921175913308405,0.7745320675949076,0.978,0.9,0.778,True,999,0.00011962489224970341,0.0026886670384556055,near_5x5_bal_strong_1000,near_boundary,False,722,1389927733,1.887379141862766e-15,0,5
1000,1000,0.027705270629099,0.018258177814014842,0.019600303540073583,0.009287297060382116,0.009447092815084157,0.010313006479691467,0.009818163512023956,0.962205691880629,1.0504007666058417,0.33594629054157543,0.29353389334912794,0.696,0.345,0.288,True,999,0.00012262491509318352,0.0026721659814938903,near_5x5_bal_strong_1000,near_boundary,False,723,1389927733,1.887379141862766e-15,0,3
1000,1000,0.01246228814983974,0.007073689338191302,0.004361216879033236,-0.0009335598236930309,0.005388598811648437,0.005294776702726267,0.005444972774194436,0.9896466034112835,0.9724156432553714,0.322346882670727,0.33084381269570506,0.808,0.293,0.304,True,999,0.00012095796409994364,0.002740875002928078,near_5x5_bal_strong_1000,near_boundary,False,724,1389927733,1.887379141862766e-15,0,8
1000,1000,0.010540760080322453,0.012067462313092525,0.0024401968130405294,0.004645382230194173,-0.0015267022327700719,-0.0022051854171536434,0.006821244029582581,-0.22381580634691015,-0.32328200070106383,0.8229006302633188,0.7464816841301949,0.956,0.839,0.762,True,999,0.00012012501247227192,0.0027124580228701234,near_5x5_bal_strong_1000,near_boundary,False,725,1389927733,1.887379141862766e-15,0,7
1000,1000,0.010894211591548908,0.017577360001936937,0.002793346552607545,0.010646605460976843,-0.006683148410388029,-0.007853258908369298,0.007730147074846187,-0.8645564367248483,-1.0159261954955185,0.3872822915831198,0.30966453350151446,0.74,0.362,0.29,True,999,0.00012137508019804955,0.0026641249423846602,near_5x5_bal_strong_1000,near_boundary,False,726,1389927733,1.887379141862766e-15,0,7
1000,1000,0.012728506696066733,0.024451002098118124,0.004626354470929073,0.016139656629491128,-0.011722495402051392,-0.011513302158562055,0.009295274287994194,-1.2611242055753218,-1.2386188725417897,0.20726410088726022,0.21548667558509715,0.613,0.232,0.242,True,999,0.00011925003491342068,0.0027480419958010316,near_5x5_bal_strong_1000,near_boundary,False,727,1389927733,1.887379141862766e-15,0,4
1000,1000,0.013682291372905109,0.010725613528624667,0.005580960865472662,0.0016926370221312936,0.002956677844280442,0.003888323843341368,0.0066978176409655645,0.44143898845448476,0.5805359374909501,0.6588952217235994,0.5615532592341812,0.899,0.673,0.57,True,999,0.00011966691818088293,0.0026854589814320207,near_5x5_bal_strong_1000,near_boundary,False,728,1389927733,1.887379141862766e-15,0,5
1000,1000,0.013307247550200962,0.00902341356071562,0.005206537926369492,0.003173500930074624,0.004283833989485342,0.002033036996294868,0.006379009391538994,0.6715516041044467,0.318707321389345,0.5018691968301764,0.7499484622935821,0.866,0.484,0.745,True,999,0.00012008403427898884,0.0027400830294936895,near_5x5_bal_strong_1000,near_boundary,False,729,1389927733,1.887379141862766e-15,0,9
1000,1000,0.00854577004759971,0.012938308830285794,0.0004456441997717775,0.0077931282926329,-0.004392538782686084,-0.007347484092861123,0.006412165137582178,-0.6850320739466123,-1.1458663236536082,0.4933236816125406,0.25185046731837624,0.848,0.486,0.265,True,999,0.0001230830093845725,0.002714916947297752,near_5x5_bal_strong_1000,near_boundary,False,730,1389927733,1.887379141862766e-15,0,10
1000,1000,0.011173030219371327,0.026090675521150852,0.0030724461987574614,0.017406979651411802,-0.014917645301779525,-0.014334533452654341,0.009499208635190628,-1.5704092703591999,-1.5090239622225836,0.11631992713798796,0.13129265931568318,0.558,0.121,0.136,True,999,0.00011854199692606926,0.002690250054001808,near_5x5_bal_strong_1000,near_boundary,False,731,1389927733,1.887379141862766e-15,0,4
1000,1000,0.016199163858271692,0.018044361717335367,0.008096344203067929,0.009524373613942316,-0.0018451978590636742,-0.0014280294108743874,0.008594131603519248,-0.21470439879092335,-0.16616331663918404,0.829997792820411,0.8680284271594862,0.94,0.84,0.874,True,999,0.00012145796790719032,0.002750916057266295,near_5x5_bal_strong_1000,near_boundary,False,732,1389927733,1.887379141862766e-15,0,5
1000,1000,0.012179023343030115,0.019973641673838416,0.004077942159710801,0.010394947527856857,-0.007794618330808301,-0.006317005368146056,0.008639086286025652,-0.9022503159178605,-0.7312122091388611,0.366923911829116,0.4646495438536966,0.734,0.366,0.457,True,999,0.00012108299415558577,0.0026901670498773456,near_5x5_bal_strong_1000,near_boundary,False,733,1389927733,1.887379141862766e-15,0,4
1000,1000,0.016356916697822577,0.00666013976916624,0.008255227044855928,-0.0009606009325011655,0.009696776928656337,0.009215827977357094,0.0062632466304026815,1.5482029530159032,1.471413872259503,0.12157344066448307,0.1411792240907734,0.687,0.127,0.154,True,999,0.00012258405331522226,0.0026489170268177986,near_5x5_bal_strong_1000,near_boundary,False,734,1389927733,1.887379141862766e-15,0,8
1000,1000,0.01149287397379517,0.019119031269779152,0.003392293219576459,0.010839206542129887,-0.007626157295983982,-0.007446913322553428,0.008261569188793116,-0.9230882319945858,-0.9013921147879781,0.3559612267672787,0.3673798724182875,0.734,0.346,0.357,True,999,0.00012012501247227192,0.002711124951019883,near_5x5_bal_strong_1000,near_boundary,False,735,1389927733,1.887379141862766e-15,0,6
1000,1000,0.01011676665015715,0.021354178604913232,0.0020166137408068607,0.010028617345994917,-0.011237411954756082,-0.008012003605188056,0.008856822928058911,-1.2687858892555401,-0.9046137277742767,0.2045174392055018,0.3656700601306698,0.632,0.217,0.386,True,999,0.00011841708328574896,0.002718208939768374,near_5x5_bal_strong_1000,near_boundary,False,736,1389927733,1.887379141862766e-15,0,3
1000,1000,0.005380691634192969,0.02088848400898141,-0.0027185395472315577,0.011354478568648574,-0.015507792374788443,-0.014073018115880132,0.00795287077661609,-1.9499615686433847,-1.7695519657202499,0.05118069982572117,0.07680180673041995,0.508,0.052,0.077,True,999,0.00011875003110617399,0.0026698330184444785,near_5x5_bal_strong_1000,near_boundary,False,737,1389927733,1.887379141862766e-15,0,4
1000,1000,0.011473099645046947,0.012219256329802697,0.003370857428990348,0.004617015849760264,-0.0007461566847557499,-0.0012461584207699161,0.0070840191677727605,-0.10532956886257891,-0.17591121526591133,0.9161143009103387,0.8603636942434897,0.967,0.916,0.852,True,999,0.00011808297131210566,0.0027343749534338713,near_5x5_bal_strong_1000,near_boundary,False,738,1389927733,1.887379141862766e-15,0,6
1000,1000,0.017463486230997027,0.01669873221181889,0.009360955041074703,0.008725917961555751,0.0007647540191781377,0.0006350370795189519,0.008721394597728985,0.0876871251046566,0.0728137079916454,0.9301253528817938,0.9419543625137787,0.975,0.934,0.942,True,999,0.00011825002729892731,0.002711041015572846,near_5x5_bal_strong_1000,near_boundary,False,739,1389927733,1.887379141862766e-15,0,6
1000,1000,0.007080223295368615,0.00892068219230957,-0.0010193948005507991,6.744294137206452e-05,-0.0018404588969409552,-0.0010868377419228636,0.00548122983509313,-0.3357748082661242,-0.19828355581159415,0.7370406884441014,0.8428232168243008,0.927,0.701,0.827,True,999,0.00012541702017188072,0.002611749921925366,near_5x5_bal_strong_1000,near_boundary,False,740,1389927733,1.887379141862766e-15,0,6
1000,1000,0.011530798079510518,0.017526991126933733,0.003430450219411796,0.00811709107108527,-0.005996193047423215,-0.004686640851673474,0.008113061767135278,-0.7390789346277182,-0.5776661125221935,0.4598590674849622,0.5634895621901042,0.778,0.452,0.558,True,999,0.00012025004252791405,0.0027372080367058516,near_5x5_bal_strong_1000,near_boundary,False,741,1389927733,1.887379141862766e-15,0,3
1000,1000,0.00941879477214247,0.013485437441733417,0.0013186920400585223,0.0055168124100077875,-0.0040666426695909474,-0.004198120369949265,0.0068733598935667405,-0.5916528062785136,-0.6107813987564626,0.5540831051516704,0.5413443094836003,0.863,0.556,0.54,True,999,0.0001200829865410924,0.0026928329607471824,near_5x5_bal_strong_1000,near_boundary,False,742,1389927733,1.887379141862766e-15,0,6
1000,1000,0.011626328655132134,0.013231180799029185,0.0035255816080734803,0.0033359632663518823,-0.0016048521438970509,0.00018961834172159797,0.007165464313422429,-0.22397043285678273,0.02646281293543012,0.822780309984524,0.9788881941830372,0.953,0.837,0.981,True,999,0.0001241669524461031,0.002659916994161904,near_5x5_bal_strong_1000,near_boundary,False,743,1389927733,1.887379141862766e-15,0,4
1000,1000,0.007805136115357936,0.00949827949492038,-0.0002950406055788335,0.0020321732317256647,-0.001693143379562445,-0.002327213837304498,0.005755555161929677,-0.2941755107764064,-0.4043422001578469,0.7686237927106895,0.6859610973359282,0.951,0.782,0.689,True,999,0.00011870905291289091,0.0027110839728266,near_5x5_bal_strong_1000,near_boundary,False,744,1389927733,1.887379141862766e-15,0,7
1000,1000,0.011724017484513238,0.007908044493256439,0.0036226337604148284,-0.0008960317019841568,0.0038159729912567997,0.004518665462398985,0.006069101626127455,0.628754175878198,0.744536134136583,0.5295100042852539,0.4565521892002218,0.847,0.509,0.435,True,999,0.00011845806147903204,0.002676583011634648,near_5x5_bal_strong_1000,near_boundary,False,745,1389927733,1.887379141862766e-15,0,6
1000,1000,0.005362563864906855,0.017735026082605798,-0.0027373186751447065,0.010098534530300185,-0.012372462217698943,-0.012835853205444892,0.007569127390026078,-1.634595585483509,-1.6958167757037403,0.10213385369329225,0.08992058448367145,0.618,0.103,0.087,True,999,0.00012529094237834215,0.002675167052075267,near_5x5_bal_strong_1000,near_boundary,False,746,1389927733,1.887379141862766e-15,0,6
1000,1000,0.0064208612091420925,0.03882939734075319,-0.0016784862755230279,0.029066737691493927,-0.0324085361316111,-0.030745223967016955,0.010962010719773877,-2.956440835544049,-2.8047066138657417,0.0031121193208412568,0.005036239800628741,0.155,0.002,0.004,True,999,0.00012008391786366701,0.0027168330270797014,near_5x5_bal_strong_1000,near_boundary,False,747,1389927733,1.887379141862766e-15,0,4
1000,1000,0.009342933259400166,0.020534757820683147,0.0012428932145667204,0.01570119373207035,-0.011191824561282981,-0.01445830051750363,0.00787002755446965,-1.4220820046464477,-1.8371346755059683,0.15500244621356726,0.06619001629213912,0.572,0.143,0.059,True,999,0.00011891592293977737,0.002747582970187068,near_5x5_bal_strong_1000,near_boundary,False,748,1389927733,1.887379141862766e-15,0,9
1000,1000,0.016394036525703592,0.007199389960449942,0.008291281506899395,-0.0020371199987607724,0.00919464656525365,0.010328401505660167,0.006456727643126756,1.424041259513468,1.5996340679871859,0.15443452873893745,0.1096797861353234,0.705,0.154,0.101,True,999,0.00012512505054473877,0.002662583952769637,near_5x5_bal_strong_1000,near_boundary,False,749,1389927733,1.887379141862766e-15,0,6
1000,1000,0.007435100973664621,0.011967551847406277,-0.0006648066719208146,0.0023852203393062155,-0.004532450873741656,-0.00305002701122703,0.006307163904338678,-0.7186194845235903,-0.4835813778565238,0.47237540471853656,0.6286829934403649,0.83,0.441,0.599,True,999,0.00011999998241662979,0.0027522919699549675,near_5x5_bal_strong_1000,near_boundary,False,750,1389927733,1.887379141862766e-15,0,4
1000,1000,0.011989147802419442,0.008897636215198512,0.003887755390451275,-0.00018240303791117185,0.0030915115872209298,0.004070158428362447,0.00628768496076693,0.491677239955713,0.6473222583126995,0.6229475304756397,0.5174233987941257,0.902,0.633,0.519,True,999,0.00015066692139953375,0.0026914170011878014,near_5x5_bal_strong_1000,near_boundary,False,751,1389927733,1.887379141862766e-15,0,5
1000,1000,0.010757979883435853,0.008560899443458947,0.0026576215050226892,-0.0006783647054930952,0.002197080439976906,0.0033359862105157845,0.006169765394869014,0.3561043734019567,0.5406990374852995,0.7217624021379163,0.5887150420300798,0.907,0.697,0.539,True,999,0.00012087507639080286,0.0026713330298662186,near_5x5_bal_strong_1000,near_boundary,False,752,1389927733,1.887379141862766e-15,0,6
1000,1000,0.006890110078914047,0.010280464600500305,-0.0012099989673970413,0.0025233860960724996,-0.0033903545215862585,-0.003733385063469541,0.005612924515773331,-0.604026388036887,-0.6651407929998088,0.5458260983219798,0.5059604453277076,0.879,0.55,0.506,True,999,0.00011983397416770458,0.0027607500087469816,near_5x5_bal_strong_1000,near_boundary,False,753,1389927733,1.887379141862766e-15,0,7
1000,1000,0.018640794241632452,0.011628461178515237,0.01053721937410046,0.0034574419170780857,0.007012333063117215,0.007079777457022374,0.007441110446423237,0.9423772316788922,0.9514409855891136,0.345999539853594,0.341380562924515,0.747,0.301,0.3,True,999,0.00013112497981637716,0.002663083025254309,near_5x5_bal_strong_1000,near_boundary,False,754,1389927733,1.887379141862766e-15,0,7
1000,1000,0.009706137384876579,0.012006316661898053,0.001606365428870049,0.003990872346150809,-0.0023001792770214746,-0.00238450691728076,0.006698507365997542,-0.34338683998430325,-0.35597585954518973,0.7313074585130752,0.7218586438727641,0.922,0.751,0.741,True,999,0.00011983292642980814,0.002666125074028969,near_5x5_bal_strong_1000,near_boundary,False,755,1389927733,1.887379141862766e-15,0,6
1000,1000,0.010655100425499553,0.011016191910867223,0.002554588328621321,0.0036443759790358854,-0.00036109148536767055,-0.0010897876504145643,0.006399091847408264,-0.056428551734871324,-0.17030348624484049,0.9550004121907217,0.8647714696860717,0.989,0.964,0.87,True,999,0.00011937494855374098,0.002768083941191435,near_5x5_bal_strong_1000,near_boundary,False,756,1389927733,1.887379141862766e-15,0,7
1000,1000,0.010924618231804128,0.01556592374599075,0.0028226586189248337,0.005605918601872872,-0.004641305514186622,-0.0027832599829480387,0.007537047742915683,-0.6157988741081197,-0.3692772127606748,0.5380272705867422,0.7119211087130075,0.834,0.515,0.692,True,999,0.0001225409796461463,0.002659416990354657,near_5x5_bal_strong_1000,near_boundary,False,757,1389927733,1.887379141862766e-15,0,4
1000,1000,0.008635466121180935,0.01585390614785498,0.000535475363221849,0.008943855041252391,-0.0072184400266740445,-0.008408379678030542,0.0068830234373009145,-1.0487309962589142,-1.2216113681181617,0.2943019440660054,0.22185462758565366,0.75,0.284,0.207,True,999,0.00012220791541039944,0.0027202919591218233,near_5x5_bal_strong_1000,near_boundary,False,758,1389927733,1.887379141862766e-15,0,7
1000,1000,0.011391348678033486,0.012701148888392022,0.0032908109242271166,0.002502615356036131,-0.001309800210358536,0.0007881955681909858,0.007232399462380591,-0.1811017515240242,0.1089811994332993,0.8562877098138137,0.9132174021856164,0.954,0.864,0.913,True,999,0.0001206250162795186,0.0027420410187914968,near_5x5_bal_strong_1000,near_boundary,False,759,1389927733,1.887379141862766e-15,0,5
1000,1000,0.01690074157360777,0.018342799832636425,0.00879780206560099,0.011257900160217105,-0.0014420582590286557,-0.0024600980946161144,0.008438568615979013,-0.17088896525626618,-0.29153025904864344,0.864311073481755,0.7706458050167465,0.96,0.86,0.765,True,999,0.00011483300477266312,0.002697874908335507,near_5x5_bal_strong_1000,near_boundary,False,760,1389927733,1.887379141862766e-15,0,6
1000,1000,0.008813447329634183,0.014462423371638278,0.0007135883763567108,0.00867522013402322,-0.005648976042004095,-0.00796163175766651,0.0068685334695966225,-0.822442820874228,-1.1591458049827459,0.4108249168440541,0.24639675774974823,0.816,0.402,0.245,True,999,0.00011833291500806808,0.0026979580288752913,near_5x5_bal_strong_1000,near_boundary,False,761,1389927733,1.887379141862766e-15,0,9
1000,1000,0.015052999635632336,0.01761668564452995,0.00695224158516794,0.009167508904681654,-0.0025636860088976143,-0.002215267319513714,0.008498414106774696,-0.3016664023060392,-0.26066831901586973,0.762906382809223,0.7943482993618396,0.909,0.749,0.776,True,999,0.00011662498582154512,0.0027462909929454327,near_5x5_bal_strong_1000,near_boundary,False,762,1389927733,1.887379141862766e-15,0,4
1000,1000,0.007753943622416326,0.022145549414746613,-0.00034565413579912274,0.013471009279157897,-0.014391605792330286,-0.01381666341495702,0.008427612770521859,-1.7076728824880645,-1.6394516206635652,0.08769705654675186,0.10111923846240392,0.523,0.088,0.103,True,999,0.00011883408296853304,0.002696583978831768,near_5x5_bal_strong_1000,near_boundary,False,763,1389927733,1.887379141862766e-15,0,4
1000,1000,0.017396150920288234,0.012981644865204478,0.009292568144928737,0.00761164457179575,0.004414506055083756,0.0016809235731329863,0.007160768159264215,0.6164849855350373,0.2347406780595596,0.5375744784138206,0.8144100132078922,0.859,0.539,0.83,True,999,0.00011558295227587223,0.002733041997998953,near_5x5_bal_strong_1000,near_boundary,False,764,1389927733,1.887379141862766e-15,0,9
1000,1000,0.009618598977852333,0.015588451713469731,0.0015185362994998286,0.007264079273227253,-0.005969852735617398,-0.005745542973727424,0.007283004345918971,-0.8196964401047767,-0.7888973699359301,0.41238917992286817,0.4301719930331924,0.806,0.416,0.438,True,999,0.0001264170277863741,0.0026923329569399357,near_5x5_bal_strong_1000,near_boundary,False,765,1389927733,1.887379141862766e-15,0,6
1000,1000,0.011402218820112386,0.01610264878847506,0.0033014861694482533,0.008545091180394593,-0.004700429968362674,-0.0052436050109463395,0.007670225157163652,-0.6128151223791233,-0.6836311716415578,0.5399985905499991,0.49420809583515757,0.833,0.534,0.483,True,999,0.00011899997480213642,0.0026393329026177526,near_5x5_bal_strong_1000,near_boundary,False,766,1389927733,1.887379141862766e-15,0,6
1000,1000,0.01289976432134221,0.020126124789403732,0.0047981700490709045,0.01178333580526214,-0.007226360468061521,-0.006985165756191236,0.008733167039127385,-0.8274616110839415,-0.7998433700964903,0.4079754721151374,0.42380155157215826,0.744,0.405,0.423,True,999,0.00011962489224970341,0.0026666250778362155,near_5x5_bal_strong_1000,near_boundary,False,767,1389927733,1.887379141862766e-15,0,6
1000,1000,0.023674059714384965,0.021777022825505477,0.015570645394973326,0.01426046883455001,0.0018970368888794886,0.001310176560423315,0.009896045431920873,0.19169646117027417,0.13239395164832052,0.8479799781579919,0.8946726984516984,0.924,0.827,0.875,True,999,0.0001414580037817359,0.0026891659945249557,near_5x5_bal_strong_1000,near_boundary,False,768,1389927733,1.887379141862766e-15,0,6
1000,1000,0.011534018873602614,0.011698361714332695,0.003433544523886667,0.0036627365250865296,-0.00016434284073008065,-0.00022919200119986272,0.006732401271486392,-0.024410731639856152,-0.03404312844074745,0.980524988266591,0.9728427590946499,0.996,0.976,0.966,True,999,0.00011987506877630949,0.0026820830535143614,near_5x5_bal_strong_1000,near_boundary,False,769,1389927733,1.887379141862766e-15,0,6
1000,1000,0.010256198625288704,0.012811100148147014,0.002155775221353906,0.005436056986468429,-0.0025549015228583105,-0.0032802817651145233,0.007100583512725718,-0.3598157134944469,-0.4619735489675712,0.718984951492531,0.644100289104907,0.916,0.719,0.643,True,999,0.00011799996718764305,0.002710208995267749,near_5x5_bal_strong_1000,near_boundary,False,770,1389927733,1.887379141862766e-15,0,7
1000,1000,0.008400653120177237,0.01634884379299173,0.0003005136870797287,0.007850497500669462,-0.007948190672814492,-0.0075499838135897335,0.007115236369901971,-1.1170662869944823,-1.0611009137415,0.2639659838672539,0.2886440426644209,0.716,0.253,0.283,True,999,0.00011912488844245672,0.002742583048529923,near_5x5_bal_strong_1000,near_boundary,False,771,1389927733,1.887379141862766e-15,0,5
1000,1000,0.013055074313124804,0.008101847082161884,0.004953557191811342,-0.001091789340705418,0.00495322723096292,0.00604534653251676,0.006282917891750344,0.7883641512276729,0.9621877345324658,0.4304837335232452,0.3359553092108216,0.837,0.427,0.317,True,999,0.00011229095980525017,0.002654958050698042,near_5x5_bal_strong_1000,near_boundary,False,772,1389927733,1.887379141862766e-15,0,6
1000,1000,0.013840112900503021,0.011687738529878922,0.005739168448371856,0.0035840045904933504,0.0021523743706240994,0.002155163857878506,0.007088930787313899,0.30362468406038223,0.30401818307146,0.7614138436957731,0.7611140383356629,0.93,0.754,0.753,True,999,0.00011833396274596453,0.002709917025640607,near_5x5_bal_strong_1000,near_boundary,False,773,1389927733,1.887379141862766e-15,0,4
1000,1000,0.013858580935975473,0.024736281564793905,0.00575800401043125,0.017778346774605325,-0.010877700628818432,-0.012020342764174075,0.009344495466557573,-1.164075756443775,-1.286355459981004,0.24439331246564944,0.19831903524190075,0.641,0.239,0.193,True,999,0.00013554200995713472,0.002701540943235159,near_5x5_bal_strong_1000,near_boundary,False,774,1389927733,1.887379141862766e-15,0,6
1000,1000,0.013818541690937325,0.016650442399811338,0.005717555693536269,0.009699636078153162,-0.0028319007088740134,-0.003982080384616893,0.007946106426063533,-0.35638846965166115,-0.5011360496702532,0.7215496631562311,0.6162753773735132,0.884,0.704,0.599,True,999,0.00011349993292242289,0.0027103329775854945,near_5x5_bal_strong_1000,near_boundary,False,775,1389927733,1.887379141862766e-15,0,7
1000,1000,0.015372549448971595,0.014633286395176415,0.007271106170719577,0.007050265435339043,0.0007392630537951805,0.00022084073538053417,0.00792556756615241,0.09327572412004145,0.02786434328358704,0.9256845173350261,0.9777703473315122,0.978,0.934,0.983,True,999,0.00012016692198812962,0.0027455410454422235,near_5x5_bal_strong_1000,near_boundary,False,776,1389927733,1.887379141862766e-15,0,6
1000,1000,0.02265846517569492,0.01177318454900822,0.01455393160267704,0.0075846503972911705,0.0108852806266867,0.006969281205385869,0.007891238661777707,1.3794134347261657,0.8831669531353215,0.16776731937218192,0.3771460738430469,0.638,0.168,0.407,True,999,0.00011908297892659903,0.0026972920168191195,near_5x5_bal_strong_1000,near_boundary,False,777,1389927733,1.887379141862766e-15,0,11
1000,1000,0.007587329242812801,0.017202066941054917,-0.0005125535255956493,0.009388310577264747,-0.009614737698242115,-0.009900864102860396,0.007332594980709395,-1.3112326159479128,-1.3502537817658835,0.18977918618400536,0.17693459209087214,0.669,0.184,0.171,True,999,0.0001177079975605011,0.0026936669601127505,near_5x5_bal_strong_1000,near_boundary,False,778,1389927733,1.887379141862766e-15,0,5
1000,1000,0.010617259912984123,0.015924145539988166,0.0025170115475248167,0.008339492848961072,-0.005306885627004043,-0.005822481301436255,0.00748988952091669,-0.7085399073222287,-0.777378796466365,0.47861003883930864,0.43693531847098843,0.784,0.465,0.433,True,999,0.00011783302761614323,0.0027322079986333847,near_5x5_bal_strong_1000,near_boundary,False,779,1389927733,1.887379141862766e-15,0,6
1000,1000,0.014861842401857395,0.02281610824480873,0.00676079465301882,0.01488884783850608,-0.007954265842951336,-0.00812805318548726,0.009711059292326513,-0.8190935307373357,-0.8369893480013955,0.4127330525964744,0.4025985555517494,0.746,0.405,0.396,True,999,0.00013395794667303562,0.0026947910664603114,near_5x5_bal_strong_1000,near_boundary,False,780,1389927733,1.887379141862766e-15,0,6
1000,1000,0.008265871292719051,0.007029656570998244,0.00016593794362051995,-0.0028221623024364817,0.0012362147217208075,0.0029881002460570016,0.005306289944674507,0.23297157422795867,0.563124193591403,0.815783478956249,0.5733503180707363,0.964,0.83,0.576,True,999,0.00012462493032217026,0.002670958056114614,near_5x5_bal_strong_1000,near_boundary,False,781,1389927733,1.887379141862766e-15,0,5
1000,1000,0.008465849354854615,0.008736061759002045,0.0003653310677691479,0.0003178681465101363,-0.00027021240414742964,4.746292125901164e-05,0.005724338685237259,-0.04720412592712096,0.008291424366873293,0.962350539175409,0.9933844763110535,0.993,0.959,0.994,True,999,0.0001206250162795186,0.002741792006418109,near_5x5_bal_strong_1000,near_boundary,False,782,1389927733,1.887379141862766e-15,0,6
1000,1000,0.008375779509086412,0.01508284565507928,0.00027533677666724543,0.008113379358746897,-0.006707066145992868,-0.007838042582079652,0.006894739269557354,-0.9727802435701771,-1.1368149360900863,0.33066253374790855,0.2556156580974892,0.766,0.313,0.247,True,999,0.00012012501247227192,0.0026754579739645123,near_5x5_bal_strong_1000,near_boundary,False,783,1389927733,1.887379141862766e-15,0,7
1000,1000,0.013890743055055221,0.01434190747166375,0.00578898420508267,0.003802263178386056,-0.00045116441660852935,0.001986721026696614,0.00792132056937532,-0.05695570740474507,0.2508067953186356,0.9545804782013707,0.8019634875669707,0.984,0.954,0.797,True,999,0.00011887506116181612,0.0026918340008705854,near_5x5_bal_strong_1000,near_boundary,False,784,1389927733,1.887379141862766e-15,0,3
1000,1000,0.017553188339797687,0.016325849808382864,0.009450890363496,0.010965844380791623,0.0012273385314148233,-0.0015149540172956222,0.008347634706861038,0.14702829897504457,-0.18148302728801252,0.8831096836966528,0.8559884542072695,0.958,0.892,0.868,True,999,0.00012020894791930914,0.002732583088800311,near_5x5_bal_strong_1000,near_boundary,False,785,1389927733,1.887379141862766e-15,0,9
1000,1000,0.005669889584423826,0.012168066941171563,-0.002429387254323956,0.0037677120690773336,-0.006498177356747736,-0.0061970993234012894,0.005880487599358514,-1.1050405679720512,-1.0538410665260671,0.2691420110496423,0.29195568832230634,0.795,0.288,0.313,True,999,0.000116499955765903,0.0026851670118048787,near_5x5_bal_strong_1000,near_boundary,False,786,1389927733,1.887379141862766e-15,0,6
1000,1000,0.014839140830199105,0.017125987441127866,0.006737755801850653,0.009795127172083085,-0.002286846610928761,-0.0030573713702324312,0.008030093316852406,-0.2847845623573833,-0.3807392080757094,0.7758092001591572,0.7033967723719674,0.934,0.77,0.691,True,999,0.00011887506116181612,0.0026569999754428864,near_5x5_bal_strong_1000,near_boundary,False,787,1389927733,1.887379141862766e-15,0,7
1000,1000,0.011457260239709388,0.008394901980704472,0.003356593626904214,-0.0020244914153977334,0.003062358259004916,0.005381085042301947,0.006131868549758236,0.4994168146552419,0.8775604040817395,0.6174857759820591,0.38018232516798045,0.873,0.597,0.366,True,999,0.00011775002349168062,0.0027289999416098,near_5x5_bal_strong_1000,near_boundary,False,788,1389927733,1.887379141862766e-15,0,4
1000,1000,0.016937516926652796,0.022338549094448434,0.008835833224338785,0.015271035091529939,-0.0054010321677956385,-0.006435201867191154,0.009093683600190198,-0.5939322726911979,-0.707656231524985,0.5525574126666151,0.4791587638602026,0.819,0.563,0.482,True,999,0.00011687492951750755,0.002665042062290013,near_5x5_bal_strong_1000,near_boundary,False,789,1389927733,1.887379141862766e-15,0,6
1000,1000,0.0060901344594206375,0.018862488899120122,-0.002009158748023765,0.010306557796639026,-0.012772354439699485,-0.012315716544662791,0.007788868324738243,-1.6398215898878634,-1.5811946012165612,0.10104226779681343,0.11383354941317175,0.575,0.087,0.103,True,999,0.00012058310676366091,0.0026742080226540565,near_5x5_bal_strong_1000,near_boundary,False,790,1389927733,1.887379141862766e-15,0,5
1000,1000,0.002292044723897657,0.01647310073695707,-0.005807118918028209,0.010525472731671925,-0.014181056013059412,-0.016332591649700134,0.005861177564378508,-2.4194892335706104,-2.78657172049555,0.015542320820357662,0.005326882894870117,0.494,0.021,0.007,True,999,0.00012095796409994364,0.002734542009420693,near_5x5_bal_strong_1000,near_boundary,False,791,1389927733,1.887379141862766e-15,0,8
1000,1000,0.007277723873159836,0.011298882816489608,-0.0008216199694288662,-0.00010473081056261435,-0.004021158943329772,-0.0007168891588662518,0.006468068238546904,-0.6216939579216859,-0.11083512610363336,0.5341431253564146,0.9117470903402815,0.879,0.552,0.93,True,999,0.00011933303903788328,0.0026672499952837825,near_5x5_bal_strong_1000,near_boundary,False,792,1389927733,1.887379141862766e-15,0,3
1000,1000,0.012209144559638618,0.013088238020242282,0.004107962997068171,0.004098799294922628,-0.0008790934606036638,9.16370214554263e-06,0.0071923904829417126,-0.12222549132845628,0.0012740829585485246,0.902720438644685,0.9989834291532232,0.969,0.895,1.0,True,999,0.00012754101771861315,0.0026438749628141522,near_5x5_bal_strong_1000,near_boundary,False,793,1389927733,1.887379141862766e-15,0,5
1000,1000,0.00893869273327641,0.012561828134169728,0.0008377506960641767,0.004732090706852432,-0.003623135400893318,-0.0038943400107882553,0.006510521937205028,-0.5565045991456613,-0.598160953660821,0.5778659512707044,0.5497325422272807,0.875,0.571,0.544,True,999,0.00011954200454056263,0.0027376250363886356,near_5x5_bal_strong_1000,near_boundary,False,794,1389927733,1.887379141862766e-15,0,5
1000,1000,0.0162948893019077,0.007965364173079525,0.008192721939849434,-0.0022259462249394346,0.008329525128828175,0.010418668164788869,0.0068496451464178576,1.2160520655853604,1.5210522504567254,0.22396508889216193,0.12824672572346763,0.708,0.214,0.119,True,999,0.0001443750225007534,0.002730584004893899,near_5x5_bal_strong_1000,near_boundary,False,795,1389927733,1.887379141862766e-15,0,5
1000,1000,0.017442171964477504,0.012151488757125628,0.009340198932932253,0.0027960563908209224,0.005290683207351876,0.006544142542111331,0.007734984645811952,0.6839940154524387,0.8460446712915722,0.4939789448107291,0.39752782446845225,0.818,0.489,0.398,True,999,0.00013141694944351912,0.0026842919178307056,near_5x5_bal_strong_1000,near_boundary,False,796,1389927733,1.887379141862766e-15,0,5
1000,1000,0.005253297738077478,0.009067685499161982,-0.0028465281068292825,-0.0011260644208164194,-0.0038143877610845034,-0.001720463686012863,0.005577561982592373,-0.6838808377189256,-0.30846159870252404,0.49405041517594916,0.7577311163344633,0.855,0.464,0.745,True,999,0.00012787501327693462,0.002788000041618943,near_5x5_bal_strong_1000,near_boundary,False,797,1389927733,1.887379141862766e-15,0,5
1000,1000,0.010115270301118473,0.010669783758413542,0.0020138451411639835,0.002249296602656159,-0.0005545134572950694,-0.00023545146149217544,0.006190485026135262,-0.08957512294335582,-0.038034412569957946,0.9286248539336523,0.9696602446061837,0.974,0.924,0.964,True,999,0.0001284580212086439,0.0026677079731598496,near_5x5_bal_strong_1000,near_boundary,False,798,1389927733,1.887379141862766e-15,0,6
1000,1000,0.012497696750718212,0.012148277608891478,0.004397285334789558,0.0055012335530477685,0.0003494191418267345,-0.0011039482182582105,0.006917217663629298,0.050514406054327145,-0.15959425768293597,0.9597124696895315,0.8732007027064786,0.988,0.955,0.865,True,999,0.00011725001968443394,0.0026835420867428184,near_5x5_bal_strong_1000,near_boundary,False,799,1389927733,1.887379141862766e-15,0,7
1000,1000,0.011753843961624044,0.011602434550366025,0.0036528302050555794,0.00479568589594237,0.00015140941125801888,-0.0011428556908867904,0.00692189963266457,0.021873968028012877,-0.16510723234032948,0.982548490310078,0.8688595805552732,0.995,0.986,0.883,True,999,0.00014141597785055637,0.0027709580026566982,near_5x5_bal_strong_1000,near_boundary,False,800,1389927733,1.887379141862766e-15,0,8
1000,1000,0.01401659273384781,0.010411182289686127,0.005915127007938281,-0.0005577621503789487,0.003605410444161683,0.00647288915831723,0.007139232538642464,0.5050137286671513,0.9066645641925063,0.6135491934930549,0.3645842078363982,0.888,0.606,0.364,True,999,0.00011966703459620476,0.002644957974553108,near_5x5_bal_strong_1000,near_boundary,False,801,1389927733,1.887379141862766e-15,0,3
1000,1000,0.009897751918862996,0.00867345822212967,0.0017976486064981145,-0.0007941060429743629,0.0012242936967333251,0.0025917546494724775,0.006056578229852463,0.20214280246540275,0.42792391200329827,0.8398050869576219,0.6687065172784326,0.952,0.825,0.641,True,999,0.00012020801659673452,0.0027689579874277115,near_5x5_bal_strong_1000,near_boundary,False,802,1389927733,1.887379141862766e-15,0,5
1000,1000,0.004888978054257587,0.016182494679216952,-0.0032101777906063944,0.011227204441127014,-0.011293516624959365,-0.014437382231733409,0.006588386909431812,-1.7141550398006797,-2.191337945114474,0.08650025561853697,0.02842734608865957,0.64,0.091,0.027,True,999,0.00012616603635251522,0.0027891669888049364,near_5x5_bal_strong_1000,near_boundary,False,803,1389927733,1.887379141862766e-15,0,9
1000,1000,0.009703172110758329,0.007563764105565085,0.0016031553757329675,-0.0022869246165555523,0.002139408005193244,0.00389007999228852,0.005577844672839878,0.3835546040947741,0.6974163356018916,0.7013085917525588,0.4855422813470375,0.935,0.725,0.503,True,999,0.00013712502550333738,0.002907374990172684,near_5x5_bal_strong_1000,near_boundary,False,804,1389927733,1.887379141862766e-15,0,5
1000,1000,0.009206101629098296,0.01757957449004044,0.0011053896309931588,0.01170392236628004,-0.008373472860942144,-0.01059853273528688,0.007435332458204636,-1.126173295950244,-1.4254282232654925,0.26009217435601084,0.1540334545282954,0.694,0.257,0.148,True,999,0.00013220810797065496,0.0030347080901265144,near_5x5_bal_strong_1000,near_boundary,False,805,1389927733,1.887379141862766e-15,0,8
1000,1000,0.015891648075481157,0.023309561954939273,0.0077896625539324305,0.017411466986970936,-0.007417913879458116,-0.009621804433038506,0.00941703085970442,-0.7877126017712708,-1.0217450251979436,0.43086483272165144,0.30690159480055934,0.744,0.42,0.304,True,999,0.0001344160409644246,0.003100333036854863,near_5x5_bal_strong_1000,near_boundary,False,806,1389927733,1.887379141862766e-15,0,8
1000,1000,0.019712925013899207,0.012428429785998618,0.011610471423637136,0.002729517435739126,0.007284495227900589,0.00888095398789801,0.008145137857167542,0.8943366405383052,1.090338081888076,0.3711418013130625,0.27556424591366546,0.756,0.389,0.289,True,999,0.00013829104136675596,0.0028780000284314156,near_5x5_bal_strong_1000,near_boundary,False,807,1389927733,1.887379141862766e-15,0,4
1000,1000,0.016078080752215174,0.014730928345432992,0.007976185055213136,0.004156937060201926,0.0013471524067821816,0.00381924799501121,0.008298834118249793,0.16233032105313286,0.46021500617928746,0.8710457385831005,0.6453619008728182,0.951,0.873,0.626,True,999,0.00013208400923758745,0.0027517499402165413,near_5x5_bal_strong_1000,near_boundary,False,808,1389927733,1.887379141862766e-15,0,3
1000,1000,0.004903986935489213,0.02556646778833377,-0.003196108171096057,0.01659678662178976,-0.020662480852844556,-0.019792894792885818,0.008577330065000393,-2.4089641760618905,-2.3075822712769662,0.015997868217012583,0.02102238151125215,0.38,0.009,0.012,True,999,0.00012504099868237972,0.0028660419629886746,near_5x5_bal_strong_1000,near_boundary,False,809,1389927733,1.887379141862766e-15,0,4
1000,1000,0.014833772507389487,0.012355579538014083,0.006732263693947971,0.0020000515757487847,0.0024781929693754035,0.004732212118199186,0.0074963470545387,0.3305867446298353,0.631269081296609,0.7409566600266548,0.52786459960829,0.917,0.715,0.517,True,999,0.00013987510465085506,0.0027522080345079303,near_5x5_bal_strong_1000,near_boundary,False,810,1389927733,1.887379141862766e-15,0,4
1000,1000,0.019248796866363715,0.018234940083128426,0.011145985525217839,0.009694968235464785,0.0010138567832352896,0.0014510172897530538,0.008803966451452807,0.11515909207809233,0.1648140412340634,0.9083190226881831,0.869090351877757,0.956,0.902,0.855,True,999,0.0001265000319108367,0.002731874934397638,near_5x5_bal_strong_1000,near_boundary,False,811,1389927733,1.887379141862766e-15,0,5
1000,1000,0.009090136847908381,0.011569378708437494,0.0009903627731091547,-0.000469280924562554,-0.0024792418605291133,0.0014596436976717087,0.006734864507562138,-0.36812052532687706,0.21672948223869543,0.7127833668679963,0.8284191705376608,0.919,0.719,0.838,True,999,0.00019816705025732517,0.0027828329475596547,near_5x5_bal_strong_1000,near_boundary,False,812,1389927733,1.887379141862766e-15,0,2
1000,1000,0.020221827607523668,0.006953613891663102,0.012119809085788802,-0.002667894246258129,0.013268213715860566,0.014787703332046931,0.006715493873254026,1.9757614207205565,2.202027670807996,0.048181804788109656,0.027663353930319965,0.545,0.034,0.021,True,999,0.00014870800077915192,0.0028615000192075968,near_5x5_bal_strong_1000,near_boundary,False,813,1389927733,1.887379141862766e-15,0,6
1000,1000,0.01157846410165786,0.011359196803232219,0.0034770052136536833,0.004197291167201911,0.00021926729842564052,-0.0007202859535482276,0.006797416810150392,0.03225744493087651,-0.10596465887933262,0.9742667455546514,0.9156103924012962,0.991,0.968,0.917,True,999,0.0001658749533817172,0.0028028329834342003,near_5x5_bal_strong_1000,near_boundary,False,814,1389927733,1.887379141862766e-15,0,8
1000,1000,0.007608791329158704,0.01668654194868968,-0.0004906792139536265,0.009286611187576455,-0.009077750619530978,-0.009777290401530081,0.007215327315568756,-1.2581204181747387,-1.3550723305972954,0.2083482100947993,0.17539451328361222,0.695,0.212,0.174,True,999,0.000150916981510818,0.0027584589552134275,near_5x5_bal_strong_1000,near_boundary,False,815,1389927733,1.887379141862766e-15,0,5
1000,1000,0.014131327925156034,0.020598803911967778,0.006030132498153762,0.010059069479780192,-0.006467475986811744,-0.00402893698162643,0.008945951066108104,-0.722950074175332,-0.45036429909505427,0.46971055774858583,0.6524477828192494,0.772,0.451,0.639,True,999,0.00012750003952533007,0.002746167010627687,near_5x5_bal_strong_1000,near_boundary,False,816,1389927733,1.887379141862766e-15,0,3
1000,1000,0.006873134332715081,0.011357868196602339,-0.0012262809075309633,0.003323087252397272,-0.004484733863887258,-0.004549368159928235,0.006088430407623101,-0.7365993472261894,-0.747215268196568,0.4613660320528534,0.4549336292015558,0.822,0.448,0.441,True,999,0.00014129094779491425,0.0028813750250265002,near_5x5_bal_strong_1000,near_boundary,False,817,1389927733,1.887379141862766e-15,0,6
1000,1000,0.021236448045669043,0.014823147924960645,0.013131772949009246,0.00586429519722742,0.006413300120708398,0.007267477751781826,0.00850465852754287,0.754092607003388,0.8545290476091006,0.4507936163343368,0.3928119218339634,0.776,0.452,0.391,True,999,0.00015716697089374065,0.002892874996177852,near_5x5_bal_strong_1000,near_boundary,False,818,1389927733,1.887379141862766e-15,0,5
1000,1000,0.010906653110923425,0.008486763328895142,0.002805860722446596,0.0030249154408465984,0.002419889782028284,-0.00021905471840000246,0.005623827713146633,0.4302923036513705,-0.038951178729733416,0.6669830249292679,0.9689293127767816,0.908,0.665,0.96,True,999,0.00014824990648776293,0.0027882499853149056,near_5x5_bal_strong_1000,near_boundary,False,819,1389927733,1.887379141862766e-15,0,9
1000,1000,0.014408912051676825,0.01038529914994435,0.0063075833545553905,0.0029201073015201473,0.004023612901732476,0.0033874760530352432,0.006600800325533859,0.6095644017844237,0.5131917170606537,0.5421503989440317,0.6078172193758598,0.862,0.554,0.618,True,999,0.00012474996037781239,0.002794999978505075,near_5x5_bal_strong_1000,near_boundary,False,820,1389927733,1.887379141862766e-15,0,7
1000,1000,0.011089208775641124,0.008604570375101095,0.0029872862191950844,0.0024178599337005835,0.002484638400540029,0.0005694262854945009,0.005588750905243573,0.4445784832186472,0.10188793437908354,0.6566243998357453,0.9188456270904506,0.899,0.619,0.902,True,999,0.00013291696086525917,0.002718999981880188,near_5x5_bal_strong_1000,near_boundary,False,821,1389927733,1.887379141862766e-15,0,9
1000,1000,0.011628052230159058,0.01943932282593902,0.0035274104577638354,0.01444530195618654,-0.007811270595779962,-0.010917891498422705,0.008320012148181507,-0.9388532680793333,-1.312244658297646,0.3478060853250192,0.18943759821266715,0.725,0.343,0.191,True,999,0.00012116704601794481,0.0027598749147728086,near_5x5_bal_strong_1000,near_boundary,False,822,1389927733,1.887379141862766e-15,0,9
1000,1000,0.012463246202212064,0.010094274227432976,0.004362656851299107,0.0036273997885700737,0.0023689719747790883,0.0007352570627290334,0.006685728566034034,0.35433265819589793,0.10997411209070172,0.7230895956300447,0.9124299059188419,0.939,0.749,0.934,True,999,0.00012679200153797865,0.002760792034678161,near_5x5_bal_strong_1000,near_boundary,False,823,1389927733,1.887379141862766e-15,0,8
1000,1000,0.015575718166750185,0.013793728965255658,0.007474290266600292,0.006452464888013765,0.0017819892014945271,0.0010218253785865272,0.007402721387645055,0.24072082524524288,0.1380337480067704,0.8097714973030133,0.890213745778184,0.945,0.819,0.903,True,999,0.00014562509022653103,0.002687458065338433,near_5x5_bal_strong_1000,near_boundary,False,824,1389927733,1.887379141862766e-15,0,7
1000,1000,0.013206283543153674,0.013889918044707628,0.005105593820417198,0.004126145471730069,-0.0006836345015539536,0.0009794483486871286,0.00775422902562327,-0.0881627946885415,0.1263115063342358,0.929747287669359,0.8994853484727436,0.973,0.941,0.904,True,999,0.00012587499804794788,0.002734416979365051,near_5x5_bal_strong_1000,near_boundary,False,825,1389927733,1.887379141862766e-15,0,5
1000,1000,0.008690656566674893,0.01868652028720358,0.0005907419431423477,0.011206365924977035,-0.009995863720528686,-0.010615623981834688,0.00777021823119453,-1.286432816056442,-1.3661938012521855,0.19829205181586318,0.17187814261418677,0.638,0.205,0.176,True,999,0.00012170802801847458,0.002714750007726252,near_5x5_bal_strong_1000,near_boundary,False,826,1389927733,1.887379141862766e-15,0,6
1000,1000,0.011493585191120204,0.015777626801514344,0.0033927259598840465,0.008827512527204817,-0.00428404161039414,-0.005434786567320771,0.007621912978236949,-0.5620690793277854,-0.7130475751742196,0.5740689544328779,0.47581631819708314,0.861,0.565,0.483,True,999,0.00013033300638198853,0.0026468749856576324,near_5x5_bal_strong_1000,near_boundary,False,827,1389927733,1.887379141862766e-15,0,7
1000,1000,0.010349146932482345,0.011860641887330381,0.0022491441811780533,0.004488075335530084,-0.001511494954848036,-0.0022389311543520307,0.0065453915177790855,-0.23092506395414233,-0.3420622201545129,0.8173730187047821,0.7323040683012982,0.95,0.829,0.733,True,999,0.00011995900422334671,0.00272679200861603,near_5x5_bal_strong_1000,near_boundary,False,828,1389927733,1.887379141862766e-15,0,7
1000,1000,0.004488681427401442,0.022926322799873944,-0.003609811847582023,0.01689644818969782,-0.018437641372472502,-0.020506260037279844,0.007879359286808843,-2.339992466562568,-2.602528872063267,0.019284128869257188,0.0092539022941341,0.428,0.017,0.009,True,999,0.00012354191858321428,0.002768666949123144,near_5x5_bal_strong_1000,near_boundary,False,829,1389927733,1.887379141862766e-15,0,7
1000,1000,0.012581799381913505,0.02094854751522912,0.0044804191334151255,0.014607166307769148,-0.008366748133315616,-0.010126747174354023,0.009089345467571962,-0.9205006194522636,-1.1141338185992815,0.35731120946523576,0.2652217822352778,0.7,0.332,0.259,True,999,0.0001235830131918192,0.0026628749910742044,near_5x5_bal_strong_1000,near_boundary,False,830,1389927733,1.887379141862766e-15,0,8
1000,1000,0.02072587479023502,0.014478530379192556,0.012622623249399112,0.006953715144675243,0.006247344411042466,0.005668908104723869,0.008276848040983713,0.7547975243846523,0.6849114634766343,0.45037047951948805,0.4933997917585997,0.762,0.43,0.469,True,999,0.00012212502770125866,0.002777499961666763,near_5x5_bal_strong_1000,near_boundary,False,831,1389927733,1.887379141862766e-15,0,6
1000,1000,0.007381361268290254,0.014214669676688607,-0.0007179618789905362,0.007445427071672839,-0.006833308408398353,-0.008163388950663375,0.006848941790702561,-0.9977174017852758,-1.1919197447035068,0.3184164124785076,0.23329271534933105,0.769,0.319,0.227,True,999,0.00012550002429634333,0.0027014169609174132,near_5x5_bal_strong_1000,near_boundary,False,832,1389927733,1.887379141862766e-15,0,8
1000,1000,0.010016189291696564,0.016486342742832116,0.0019154119884206011,0.00871723119496437,-0.006470153451135552,-0.006801819206543769,0.007268319443421806,-0.8901856201424067,-0.9358173178119953,0.37336622468016234,0.3493672534723733,0.786,0.381,0.364,True,999,0.00012587499804794788,0.0026944580022245646,near_5x5_bal_strong_1000,near_boundary,False,833,1389927733,1.887379141862766e-15,0,5
1000,1000,0.007694976651146268,0.013124563078531049,-0.0004051164132761187,0.003938897961063503,-0.0054295864273847805,-0.004344014374339622,0.006723174745382449,-0.8075926378551861,-0.6461254598987093,0.41932512627711693,0.5181981082161161,0.798,0.411,0.491,True,999,0.00012720900122076273,0.0027586249634623528,near_5x5_bal_strong_1000,near_boundary,False,834,1389927733,1.887379141862766e-15,0,4
1000,1000,0.024794257734502834,0.009242021462035399,0.0166888691121585,0.0008238964893507728,0.015552236272467435,0.015864972622807727,0.00789688193562974,1.9694148145102306,2.0090173250820635,0.04890547592079986,0.0445352964191898,0.512,0.052,0.048,True,999,0.0001271660439670086,0.0026424169773235917,near_5x5_bal_strong_1000,near_boundary,False,835,1389927733,1.887379141862766e-15,0,6
1000,1000,0.009686705080355074,0.02429628554264729,0.0015859752836604457,0.01964999809905521,-0.014609580462292215,-0.018064022815394765,0.008733509140262679,-1.6728190498982864,-2.068357921802261,0.09436292350312432,0.03860637888401981,0.545,0.098,0.032,True,999,0.0001207499299198389,0.002741500036790967,near_5x5_bal_strong_1000,near_boundary,False,836,1389927733,1.887379141862766e-15,0,10
1000,1000,0.008353297735459009,0.015567833156561961,0.00025228836216228956,0.007348929579904961,-0.007214535421102952,-0.007096641217742672,0.007259258246786419,-0.9938392017251536,-0.977598671446117,0.3203011575533059,0.3282728546961208,0.776,0.329,0.335,True,999,0.00011758389882743359,0.002766416990198195,near_5x5_bal_strong_1000,near_boundary,False,837,1389927733,1.887379141862766e-15,0,5
1000,1000,0.011792750588534018,0.009049031586370437,0.0036918049631822214,0.002246641320255094,0.0027437190021635804,0.0014451636429271275,0.005817169513544022,0.4716587673395839,0.248430725555165,0.6371703725506253,0.8038011630100859,0.896,0.639,0.807,True,999,0.00011787505354732275,0.002652416005730629,near_5x5_bal_strong_1000,near_boundary,False,838,1389927733,1.887379141862766e-15,0,8
1000,1000,0.00960940248336084,0.0073768723892005394,0.0015090491388036753,-0.0007645038849659613,0.002232530094160301,0.0022735530237696366,0.005366586496631103,0.4160056109338368,0.4236497492767272,0.6774058974319647,0.6718212677430637,0.925,0.709,0.698,True,999,0.00011899997480213642,0.002712415996938944,near_5x5_bal_strong_1000,near_boundary,False,839,1389927733,1.887379141862766e-15,0,7
1000,1000,0.01097093766026136,0.013364779762423507,0.002870019274951119,0.004588741528039009,-0.002393842102162147,-0.0017187222530878898,0.007192675084404475,-0.3328166605707795,-0.23895452427908376,0.7392726811986009,0.8111408456669158,0.911,0.734,0.793,True,999,0.00011879100929945707,0.002769291982986033,near_5x5_bal_strong_1000,near_boundary,False,840,1389927733,1.887379141862766e-15,0,6
1000,1000,0.014529596080199436,0.011166044043760204,0.0064280587505436415,0.0018242408673359023,0.0033635520364392324,0.004603817883207739,0.007233100756075781,0.4650221460849774,0.6364929839171046,0.6419155973632369,0.5244551525115293,0.876,0.62,0.503,True,999,0.00012029195204377174,0.0026617500698193908,near_5x5_bal_strong_1000,near_boundary,False,841,1389927733,1.887379141862766e-15,0,5
1000,1000,0.016501318247063912,0.010604015839505265,0.008399860504368917,-0.0017730137789158107,0.005897302407558647,0.010172874283284727,0.007620201368152103,0.773903749080156,1.3349875930839932,0.4389877123754653,0.18188040716316123,0.787,0.401,0.171,True,999,0.00011954200454056263,0.0027028339682146907,near_5x5_bal_strong_1000,near_boundary,False,842,1389927733,1.887379141862766e-15,0,2
1000,1000,0.011208465818518976,0.013583567649686212,0.003107416471493707,0.008230942370573757,-0.0023751018311672367,-0.00512352589908005,0.007042977010754054,-0.33722981454300494,-0.7274659410724815,0.7359436635422791,0.4669405722372909,0.905,0.727,0.452,True,999,0.00011845899280160666,0.00273800001014024,near_5x5_bal_strong_1000,near_boundary,False,843,1389927733,1.887379141862766e-15,0,9
1000,1000,0.017277218300790098,0.005742422146772341,0.009175605379141416,-0.0048799907594343495,0.011534796154017757,0.014055596138575766,0.006290505536243103,1.833683491344118,2.234414397633649,0.0667009905728228,0.025455819239380045,0.598,0.069,0.024,True,999,0.0001180840190500021,0.0026641249423846602,near_5x5_bal_strong_1000,near_boundary,False,844,1389927733,1.887379141862766e-15,0,5
1000,1000,0.010246216197683289,0.01295462725674379,0.0021453464241858455,0.002783278713479831,-0.0027084110590605004,-0.0006379322892939854,0.007097745500122175,-0.3815875138117984,-0.08987815768866389,0.7027673472005693,0.928384038530375,0.908,0.716,0.924,True,999,0.0001200829865410924,0.002754374989308417,near_5x5_bal_strong_1000,near_boundary,False,845,1389927733,1.887379141862766e-15,0,3
1000,1000,0.013294356194224033,0.015011304104866396,0.005193617637360148,0.008634162076987195,-0.0017169479106423635,-0.003440544439627047,0.007604972373386638,-0.22576648886336112,-0.4524072239456285,0.8213830421810874,0.6509756437572132,0.934,0.795,0.638,True,999,0.00013720907736569643,0.0028098339680582285,near_5x5_bal_strong_1000,near_boundary,False,846,1389927733,1.887379141862766e-15,0,8
1000,1000,0.011360022254211843,0.011592423593811574,0.003259496514147031,0.004806668652292956,-0.00023240133959973042,-0.0015471721381459247,0.006682313351311573,-0.034778575529403416,-0.2315324135229685,0.9722563045457276,0.8169012070878643,0.991,0.967,0.827,True,999,0.0001252919901162386,0.00272666709497571,near_5x5_bal_strong_1000,near_boundary,False,847,1389927733,1.887379141862766e-15,0,8
1000,1000,0.010743662761346195,0.0060246511697334415,0.0026423296967550414,-0.005165414428518034,0.004719011591612754,0.007807744125273075,0.0055306766579304835,0.8532430809973539,1.4117158908715963,0.3935245172816766,0.15803363245006397,0.821,0.369,0.146,True,999,0.00012312503531575203,0.0027608330128714442,near_5x5_bal_strong_1000,near_boundary,False,848,1389927733,1.887379141862766e-15,0,4
1000,1000,0.01196553542732337,0.01335462348941474,0.003865361926045807,0.006615141760676124,-0.0013890880620913704,-0.002749779834630317,0.006956386026483265,-0.19968530452494318,-0.39528856279133806,0.8417267075958352,0.6926299391530932,0.951,0.815,0.66,True,999,0.00012149999383836985,0.0028095419984310865,near_5x5_bal_strong_1000,near_boundary,False,849,1389927733,1.887379141862766e-15,0,8
1000,1000,0.011561058739399943,0.014795531139841112,0.0034606074971179623,0.005415375862185101,-0.0032344724004411685,-0.001954768365067139,0.007468939519512661,-0.4330564455624637,-0.26171966715760536,0.6649737634069728,0.7935375767060693,0.862,0.639,0.763,True,999,0.0001355829881504178,0.0027427090099081397,near_5x5_bal_strong_1000,near_boundary,False,850,1389927733,1.887379141862766e-15,0,3
1000,1000,0.014716550047946697,0.010260537054737895,0.006613320140104406,0.0035512588987671734,0.004456012993208802,0.003062061241337233,0.006795409840349358,0.655738667409016,0.45060729422904233,0.5119922849491716,0.6522726085439401,0.835,0.522,0.644,True,999,0.00012812495697289705,0.002794582978822291,near_5x5_bal_strong_1000,near_boundary,False,851,1389927733,1.887379141862766e-15,0,8
1000,1000,0.01577802739741152,0.014943419574019956,0.007676290709241584,0.0059929925827191255,0.0008346078233915644,0.001683298126522459,0.008041620181578632,0.10378602875368885,0.20932325682061928,0.9173391540279554,0.8341958975864149,0.96,0.902,0.819,True,999,0.00015254190657287836,0.002732000080868602,near_5x5_bal_strong_1000,near_boundary,False,852,1389927733,1.887379141862766e-15,0,5
1000,1000,0.015463737044671078,0.007904767255316303,0.007362630578427343,-0.003288260926069597,0.007558969789354775,0.01065089150449694,0.006771020123579908,1.1163708941036599,1.57301134985635,0.26426340688971284,0.11571619016758178,0.727,0.25,0.095,True,999,0.00014466699212789536,0.0027413329808041453,near_5x5_bal_strong_1000,near_boundary,False,853,1389927733,1.887379141862766e-15,0,4
1000,1000,0.011106312989864975,0.016553342171870822,0.0030056501727813156,0.0069272706771243975,-0.005447029182005847,-0.003921620504343082,0.00807168792246062,-0.6748314893157247,-0.48584887597433185,0.4997828316614047,0.62707431792484,0.798,0.476,0.599,True,999,0.0001421249471604824,0.0027800831012427807,near_5x5_bal_strong_1000,near_boundary,False,854,1389927733,1.887379141862766e-15,0,4
1000,1000,0.014216519143229966,0.013236788860318982,0.006115290617117353,0.006544696698199459,0.0009797302829109844,-0.00042940608108210654,0.007347732637976019,0.1333377697832045,-0.0584406240998433,0.8939262583041886,0.9533976566970084,0.965,0.886,0.946,True,999,0.00012954091653227806,0.002772624953649938,near_5x5_bal_strong_1000,near_boundary,False,855,1389927733,1.887379141862766e-15,0,8
1000,1000,0.009852479122435032,0.018871405163367883,0.001752318680019016,0.012332485414333405,-0.009018926040932851,-0.010580166734314389,0.007949355209194224,-1.1345481241675501,-1.3309465303647985,0.25656469921452874,0.18320660527839716,0.7,0.264,0.19,True,999,0.0001373749691992998,0.003020458039827645,near_5x5_bal_strong_1000,near_boundary,False,856,1389927733,1.887379141862766e-15,0,7
1000,1000,0.01666845065145295,0.022812776550442282,0.008566312931407083,0.014981998954624487,-0.0061443258989893335,-0.006415686023217404,0.009546042327219225,-0.6436516504300043,-0.6720781035009618,0.5198013490978505,0.5015339754240002,0.809,0.5,0.485,True,999,0.00014983303844928741,0.002774000051431358,near_5x5_bal_strong_1000,near_boundary,False,857,1389927733,1.887379141862766e-15,0,6
1000,1000,0.010687399744185866,0.013079998978648144,0.0025863661537641747,0.0038142876908295875,-0.002392599234462278,-0.0012279215370654128,0.007188146161733,-0.3328534479723828,-0.17082589995211944,0.7392449106932342,0.8643606631881251,0.914,0.726,0.849,True,999,0.0001279159914702177,0.0027206670492887497,near_5x5_bal_strong_1000,near_boundary,False,858,1389927733,1.887379141862766e-15,0,4
1000,1000,0.020563623779519036,0.01405431303589777,0.012459698429438504,0.003902666902888541,0.006509310743621266,0.008557031526549963,0.008453021130891226,0.7700573135719786,1.0123045233234582,0.44126589562581553,0.3113924727747551,0.787,0.437,0.327,True,999,0.00012145796790719032,0.0027064159512519836,near_5x5_bal_strong_1000,near_boundary,False,859,1389927733,1.887379141862766e-15,0,3
1000,1000,0.009730143671698332,0.020868289585828037,0.0016304174246215553,0.011343393087543063,-0.011138145914129705,-0.009712975662921508,0.008542262340254465,-1.3038871285470157,-1.1370495632228697,0.19227206949992992,0.2555175667891225,0.621,0.191,0.265,True,999,0.0001462919171899557,0.00272062502335757,near_5x5_bal_strong_1000,near_boundary,False,860,1389927733,1.887379141862766e-15,0,4
1000,1000,0.025783806709311685,0.017955394001935576,0.017680219241583472,0.008072250233794875,0.007828412707376109,0.009607969007788597,0.009930575995627714,0.7883140626306916,0.9675137687903343,0.4305130240091627,0.3332872615312411,0.74,0.436,0.336,True,999,0.00014074996579438448,0.002741415984928608,near_5x5_bal_strong_1000,near_boundary,False,861,1389927733,1.887379141862766e-15,0,4
1000,1000,0.009269317565101742,0.00980634426088911,0.0011686144825944211,0.00025261631049033895,-0.0005370266957873682,0.0009159981721040822,0.006136978968259504,-0.08750668668816917,0.14925880907228634,0.930268770613661,0.8813494167165633,0.973,0.932,0.887,True,999,0.00012066599447280169,0.0026679999427869916,near_5x5_bal_strong_1000,near_boundary,False,862,1389927733,1.887379141862766e-15,0,4
1000,1000,0.013493134759002157,0.02341742221710741,0.005391417894770711,0.015255787905346097,-0.009924287458105252,-0.009864370010575385,0.009552625020771744,-1.0389068383324316,-1.0326344841471078,0.2988480657316194,0.3017749840109263,0.685,0.327,0.33,True,999,0.00011887494474649429,0.002799042034894228,near_5x5_bal_strong_1000,near_boundary,False,863,1389927733,1.887379141862766e-15,0,5
1000,1000,0.009777128300526572,0.016155008489424527,0.0016758629326432128,0.006660210873462802,-0.006377880188897955,-0.004984347940819589,0.007671222042072656,-0.8314034131613719,-0.6497462742550062,0.40574577155597,0.5158561279305949,0.776,0.421,0.511,True,999,0.00013279099948704243,0.002690124907530844,near_5x5_bal_strong_1000,near_boundary,False,864,1389927733,1.887379141862766e-15,0,4
1000,1000,0.008612190695091781,0.01367954241115138,0.0005124966669427522,0.004122507050965396,-0.005067351716059598,-0.003610010384022644,0.0068440772950779626,-0.7403995451225942,-0.5274648763272802,0.4590575947549925,0.5978708013585503,0.829,0.463,0.6,True,999,0.00012804206926375628,0.0027253750013187528,near_5x5_bal_strong_1000,near_boundary,False,865,1389927733,1.887379141862766e-15,0,4
1000,1000,0.016635045665621462,0.006987483802055494,0.008533606395531024,-0.003477900142627277,0.009647561863565968,0.0120115065381583,0.006583044946200945,1.4655166328666107,1.8246125670295026,0.14278001778627808,0.0680595156391443,0.651,0.147,0.064,True,999,0.00012112502008676529,0.002784708049148321,near_5x5_bal_strong_1000,near_boundary,False,866,1389927733,1.887379141862766e-15,0,4
1000,1000,0.01643304918082511,0.012347511392154786,0.008331184611961362,0.0033321346398906826,0.004085537788670324,0.004999049972070679,0.007768151413778699,0.5259343659836023,0.6435314794718925,0.5989338103619348,0.5198792953080232,0.88,0.585,0.496,True,999,0.00012574996799230576,0.0026534999487921596,near_5x5_bal_strong_1000,near_boundary,False,867,1389927733,1.887379141862766e-15,0,5
1000,1000,0.011791925052711427,0.018535615299115904,0.003691082900559195,0.01096916985363805,-0.006743690246404477,-0.007278086953078855,0.008215134683413663,-0.8208861456672124,-0.8859364129200821,0.411711123262416,0.37565179305108354,0.751,0.424,0.39,True,999,0.00012108299415558577,0.0027100410079583526,near_5x5_bal_strong_1000,near_boundary,False,868,1389927733,1.887379141862766e-15,0,6
1000,1000,0.012611836382101727,0.01491957479956424,0.004511056980391004,0.005968400789754469,-0.0023077384174625126,-0.001457343809363465,0.007585470310065066,-0.3042314218012828,-0.1921230655177351,0.7609515875605849,0.8476458077861165,0.914,0.746,0.84,True,999,0.00012033397797495127,0.0027337089413776994,near_5x5_bal_strong_1000,near_boundary,False,869,1389927733,1.887379141862766e-15,0,5
1000,1000,0.01838969938157531,0.01541479689819203,0.01028756151140442,0.008844757225688227,0.0029749024833832793,0.0014428042857161927,0.008200761426160422,0.36275930109286475,0.17593540535317223,0.7167846968264326,0.8603446897191549,0.916,0.741,0.872,True,999,0.00011629203800112009,0.0026418749475851655,near_5x5_bal_strong_1000,near_boundary,False,870,1389927733,1.887379141862766e-15,0,7
1000,1000,0.014958281952519137,0.022682185367000285,0.006857085534193175,0.012998891140455271,-0.007723903414481148,-0.006141805606262096,0.009403148483800935,-0.8214167231100659,-0.65316480079441,0.4114089411875209,0.5136500398887798,0.747,0.399,0.508,True,999,0.0001338329166173935,0.002687582978978753,near_5x5_bal_strong_1000,near_boundary,False,871,1389927733,1.887379141862766e-15,0,3
1000,1000,0.016539216136020496,0.01312365510321406,0.008437483445959515,0.004540648744580267,0.0034155610328064356,0.003896834701379248,0.007724332430384433,0.44218203496408115,0.5044882177844469,0.6583574850400833,0.6139183396908772,0.88,0.668,0.619,True,999,0.0001427909592166543,0.002714333008043468,near_5x5_bal_strong_1000,near_boundary,False,872,1389927733,1.887379141862766e-15,0,5
1000,1000,0.013993896111105464,0.01229536894793587,0.005892833720054114,0.0019184408777164208,0.0016985271631695942,0.003974392842337693,0.007489489626347212,0.22678810545305514,0.5306627074235085,0.8205885132162416,0.5956525329615481,0.941,0.827,0.614,True,999,0.00011854199692606926,0.0026874999748542905,near_5x5_bal_strong_1000,near_boundary,False,873,1389927733,1.887379141862766e-15,0,4
1000,1000,0.013203203895798099,0.011360494847871827,0.005100251417616164,0.0004384317311973973,0.001842709047926272,0.004661819686418767,0.007042638452840754,0.26165038291621906,0.6619422135092498,0.7935909967806776,0.5080082565934558,0.938,0.784,0.52,True,999,0.00012199999764561653,0.0027489999774843454,near_5x5_bal_strong_1000,near_boundary,False,874,1389927733,1.887379141862766e-15,0,3
1000,1000,0.00995156398633612,0.007393421927374799,0.0018517855176014564,-0.0030724617684541045,0.0025581420589613213,0.004924247286055561,0.005783319232393748,0.4423311175064587,0.8514569381668713,0.6582496164923428,0.39451557430324247,0.92,0.669,0.409,True,999,0.00012020801659673452,0.0026880829827859998,near_5x5_bal_strong_1000,near_boundary,False,875,1389927733,1.887379141862766e-15,0,4
1000,1000,0.00845525692351723,0.012327865212876765,0.00035526861279322475,0.0035391751725342147,-0.003872608289359536,-0.00318390655974099,0.0068279594616822885,-0.5671691976339581,-0.46630425643396123,0.5705992331803602,0.6409977324792038,0.854,0.569,0.634,True,999,0.00011487503070384264,0.00266916595865041,near_5x5_bal_strong_1000,near_boundary,False,876,1389927733,1.887379141862766e-15,0,6
1000,1000,0.0173451015168693,0.007546423595625296,0.009243380893394715,-0.0016915460126369908,0.009798677921244003,0.010934926906031706,0.006775188518758376,1.4462590810742064,1.6139664417833268,0.1481045481119567,0.10653470547601103,0.662,0.154,0.115,True,999,0.00012649991549551487,0.0027421670965850353,near_5x5_bal_strong_1000,near_boundary,False,877,1389927733,1.887379141862766e-15,0,6
1000,1000,0.0186241971482628,0.012784421926795742,0.010521280090870277,0.003767716968525292,0.005839775221467058,0.0067535631223449855,0.007970991691889954,0.732628441629002,0.8472676152976505,0.46378507923626233,0.39684597312146885,0.798,0.458,0.394,True,999,0.00012154097203165293,0.0027177499141544104,near_5x5_bal_strong_1000,near_boundary,False,878,1389927733,1.887379141862766e-15,0,5
1000,1000,0.01962972926334139,0.012602236802338851,0.011525901301865815,0.004568014870699244,0.007027492461002538,0.006957886431166571,0.007992883231909848,0.8792187070801688,0.8705102063031176,0.3792827032500643,0.384021644030181,0.752,0.393,0.396,True,999,0.00012320803944021463,0.0026189159834757447,near_5x5_bal_strong_1000,near_boundary,False,879,1389927733,1.887379141862766e-15,0,6
1000,1000,0.009053445198158316,0.013326984248410167,0.0009532456526812894,0.005902514265244463,-0.004273539050251851,-0.0049492686125631735,0.007077267174558151,-0.6038402881856241,-0.6993191708736314,0.5459498311059593,0.48435258889167676,0.854,0.553,0.491,True,999,0.00012325006537139416,0.0027554999105632305,near_5x5_bal_strong_1000,near_boundary,False,880,1389927733,1.887379141862766e-15,0,7
1000,1000,0.011511936514961407,0.012919123981025904,0.003411630160826462,0.004916126192995307,-0.0014071874660644967,-0.001504496032168845,0.006972529673119359,-0.20181878486505622,-0.2157747765447323,0.8400583955198184,0.8291633105744,0.962,0.858,0.853,True,999,0.00012258393689990044,0.002703334088437259,near_5x5_bal_strong_1000,near_boundary,False,881,1389927733,1.887379141862766e-15,0,6
1000,1000,0.010192068267915744,0.012563688449563626,0.0020920610204484547,0.0037761665624316265,-0.002371620181647882,-0.0016841055419831719,0.006935517132144499,-0.3419528978821172,-0.24282335547521566,0.7323863397565036,0.8081422419155145,0.922,0.726,0.814,True,999,0.00011999998241662979,0.0026998339453712106,near_5x5_bal_strong_1000,near_boundary,False,882,1389927733,1.887379141862766e-15,0,6
1000,1000,0.004630222019548436,0.007529810494612654,-0.0034687036047671427,-0.0013193285287798062,-0.0028995884750642187,-0.0021493750759873365,0.004266112443432793,-0.6796793365181486,-0.503825228351883,0.4967075226100095,0.614384197605891,0.889,0.503,0.624,True,999,0.0001241669524461031,0.0027491250075399876,near_5x5_bal_strong_1000,near_boundary,False,883,1389927733,1.887379141862766e-15,0,6
1000,1000,0.022115186790953034,0.018914137604850667,0.014012403783226546,0.009439234190438128,0.003201049186102367,0.0045731695927884175,0.009430917463048841,0.33942076140994315,0.48491248181383156,0.7342927805696307,0.627738428003723,0.894,0.737,0.655,True,999,0.00012066704221069813,0.0026785419322550297,near_5x5_bal_strong_1000,near_boundary,False,884,1389927733,1.887379141862766e-15,0,4
1000,1000,0.02817495404796455,0.009912149479385346,0.020069586352519764,-0.00169233075092734,0.018262804568579205,0.021761917103447104,0.008727160369864338,2.0926399647292255,2.493585104565391,0.036381306178437024,0.012646026461334363,0.453,0.036,0.012,True,999,0.00012212502770125866,0.0027241669595241547,near_5x5_bal_strong_1000,near_boundary,False,885,1389927733,1.887379141862766e-15,0,2
1000,1000,0.010524152272133769,0.010163241051036331,0.0024231169441009115,-0.00025849638308272915,0.00036091122109743745,0.0026816133271836406,0.006498999353222895,0.05553335236423117,0.4126194174575216,0.9557135595931223,0.6798854726043686,0.992,0.963,0.684,True,999,0.0001145420828834176,0.0027208749670535326,near_5x5_bal_strong_1000,near_boundary,False,886,1389927733,1.887379141862766e-15,0,4
1000,1000,0.011460204454019518,0.017249587692815538,0.0033601008151435963,0.012153585428052338,-0.00578938323879602,-0.008793484612908742,0.007796913912304367,-0.7425224010309709,-1.1278160451446924,0.4577708846118671,0.2593976156841016,0.798,0.423,0.237,True,999,0.00012250000145286322,0.0027030830970034003,near_5x5_bal_strong_1000,near_boundary,False,887,1389927733,1.887379141862766e-15,0,10
1000,1000,0.012188393414954035,0.011119128344337259,0.004086276050884408,0.0023122974590137346,0.0010692650706167761,0.001773978591870673,0.006696028931753628,0.15968644722339118,0.2649299472793772,0.8731280774456954,0.7910634277782076,0.958,0.858,0.785,True,999,0.00012495904229581356,0.00269875000230968,near_5x5_bal_strong_1000,near_boundary,False,888,1389927733,1.887379141862766e-15,0,6
1000,1000,0.007065035628589067,0.007069290470702705,-0.0010350973757340398,-0.0011650667933054137,-4.254842113637913e-06,0.00012996941757137392,0.004519298370680767,-0.0009414828950532387,0.02875876007978555,0.9992488054447523,0.9770569919528147,1.0,1.0,0.985,True,999,0.00011999998241662979,0.0028101670322939754,near_5x5_bal_strong_1000,near_boundary,False,889,1389927733,1.887379141862766e-15,0,7
1000,1000,0.014564628590997941,0.012121005946025387,0.006462654635470244,0.0034022685657646434,0.002443622644972554,0.0030603860697056007,0.007099126310163981,0.3442145608078509,0.43109333965842755,0.7306849327030989,0.6664005032683027,0.908,0.729,0.661,True,999,0.00012387498281896114,0.0026108750607818365,near_5x5_bal_strong_1000,near_boundary,False,890,1389927733,1.887379141862766e-15,0,6
1000,1000,0.008713906942218186,0.0167926684657016,0.0006140390623841085,0.00920777645939097,-0.008078761523483413,-0.008593737397006862,0.007459142682934676,-1.0830683721825467,-1.1521079247710273,0.27877807617683004,0.24927672704532988,0.735,0.261,0.236,True,999,0.00011970801278948784,0.0026559580583125353,near_5x5_bal_strong_1000,near_boundary,False,891,1389927733,1.887379141862766e-15,0,6
1000,1000,0.020449900385559827,0.014732822556551062,0.012345760014568441,0.007562804061251427,0.005717077829008765,0.004782955953317014,0.008469883963207327,0.6749889200186698,0.5647014733724678,0.49968280446282975,0.572276831916468,0.783,0.48,0.548,True,999,0.00011841708328574896,0.002766583929769695,near_5x5_bal_strong_1000,near_boundary,False,892,1389927733,1.887379141862766e-15,0,6
1000,1000,0.016186902145721715,0.012315649811509899,0.008085199533525156,0.005376809989911635,0.0038712523342118166,0.002708389543613521,0.007211689049681714,0.5368024477404046,0.37555550786442393,0.5914040807141427,0.7072473728460631,0.873,0.579,0.696,True,999,0.00011991697829216719,0.0026844169478863478,near_5x5_bal_strong_1000,near_boundary,False,893,1389927733,1.887379141862766e-15,0,7
1000,1000,0.016108378975210336,0.012594444438200791,0.008007196502148872,0.0027604627321693442,0.0035139345370095443,0.005246733769979528,0.007700010337323494,0.45635452201626264,0.681393081324522,0.6481350631926649,0.4956227995207374,0.889,0.645,0.483,True,999,0.00011816690675914288,0.002676249947398901,near_5x5_bal_strong_1000,near_boundary,False,894,1389927733,1.887379141862766e-15,0,3
1000,1000,0.022016789014692506,0.010979048821701975,0.013913357371166057,0.0028985970951111995,0.01103774019299053,0.011014760276054858,0.007789134695386314,1.417068856124473,1.4141186032614326,0.1564627970040952,0.15732708182612798,0.612,0.145,0.146,True,999,0.00014558294788002968,0.0027502080192789435,near_5x5_bal_strong_1000,near_boundary,False,895,1389927733,1.887379141862766e-15,0,6
1000,1000,0.012958095686359972,0.01284907699124993,0.004857683938325863,0.007089943626681361,0.00010901869511004136,-0.002232259688355498,0.007049397043695031,0.015464967348880924,-0.31665966245326294,0.9876612331549389,0.7515018594523415,0.999,0.989,0.761,True,999,0.00012500002048909664,0.0026411250000819564,near_5x5_bal_strong_1000,near_boundary,False,896,1389927733,1.887379141862766e-15,0,9
1000,1000,0.015326154449729401,0.012985762984145499,0.007224744064387778,0.005061211931831622,0.002340391465583902,0.0021635321325561563,0.0074563366195458045,0.3138795342807987,0.2901602010409162,0.7536125347220682,0.7716936819848829,0.922,0.773,0.783,True,999,0.00012020801659673452,0.002699833014048636,near_5x5_bal_strong_1000,near_boundary,False,897,1389927733,1.887379141862766e-15,0,5
1000,1000,0.027599061385848556,0.0129405267429209,0.019493640179234717,0.006954462253418114,0.014658534642927656,0.012539177925816603,0.008711704447311423,1.6826253383115544,1.4393484078407184,0.09244764337474448,0.1500518339774255,0.525,0.089,0.139,True,999,0.00012399989645928144,0.0027368749724701047,near_5x5_bal_strong_1000,near_boundary,False,898,1389927733,1.887379141862766e-15,0,8
1000,1000,0.0059836565660778,0.019682299191188024,-0.0021155521783384756,0.011960173473426039,-0.013698642625110224,-0.014075725651764515,0.007645429825584221,-1.7917426407171881,-1.8410640046243476,0.07317420071867052,0.06561217978380564,0.563,0.07,0.063,True,999,0.00011937494855374098,0.0026977499946951866,near_5x5_bal_strong_1000,near_boundary,False,899,1389927733,1.887379141862766e-15,0,5
1000,1000,0.0072191304504916065,0.019163877915035765,-0.0008807585438717069,0.010394196899596864,-0.011944747464544159,-0.01127495544346857,0.007819082939215715,-1.5276404608316208,-1.4419792616497675,0.12660183018453805,0.14930822410680186,0.597,0.115,0.144,True,999,0.00011758296750485897,0.002720832941122353,near_5x5_bal_strong_1000,near_boundary,False,900,1389927733,1.887379141862766e-15,0,4
1000,1000,0.004354882740291721,0.01197285722591801,-0.0037450402928698168,0.005600968651037874,-0.007617974485626289,-0.009346008943907691,0.005632263886808165,-1.3525599365947742,-1.659369861166808,0.1761962587372624,0.09704128560278848,0.689,0.16,0.091,True,999,0.00011895806528627872,0.0027642908971756697,near_5x5_bal_strong_1000,near_boundary,False,901,1389927733,1.887379141862766e-15,0,8
1000,1000,0.014913088747137149,0.007739117290794795,0.006812007779217311,-0.0007258161442678102,0.007173971456342354,0.007537823923485121,0.006358441098295656,1.128259481441968,1.1854830149335804,0.259210350032239,0.23582652633186296,0.752,0.276,0.257,True,999,0.00011749996338039637,0.0026997500099241734,near_5x5_bal_strong_1000,near_boundary,False,902,1389927733,1.887379141862766e-15,0,6
1000,1000,0.010329785032204164,0.012988871349371489,0.002229422493428501,0.004384324525005923,-0.002659086317167325,-0.0021549020315774214,0.0069782958097901,-0.3810509599545491,-0.30880061412046084,0.7031654353255112,0.7574732019594392,0.902,0.702,0.75,True,999,0.00012983300257474184,0.002689667046070099,near_5x5_bal_strong_1000,near_boundary,False,903,1389927733,1.887379141862766e-15,0,5
1000,1000,0.00975733741204654,0.019969710544582353,0.001656971765214621,0.009918454986745928,-0.010212373132535812,-0.008261483221531307,0.008330178965623256,-1.2259488271116314,-0.991753389167815,0.2202179327485566,0.32131784007578224,0.664,0.233,0.334,True,999,0.00012495799455791712,0.0026937919901683927,near_5x5_bal_strong_1000,near_boundary,False,904,1389927733,1.887379141862766e-15,0,3
1000,1000,0.010438550528241608,0.015110215519000714,0.002336988487513736,0.006362909826975738,-0.004671664990759106,-0.004025921339462002,0.00785898099500166,-0.5944364789443187,-0.5122701457125932,0.5522202159391645,0.608461956269917,0.869,0.558,0.618,True,999,0.00012199999764561653,0.002685000072233379,near_5x5_bal_strong_1000,near_boundary,False,905,1389927733,1.887379141862766e-15,0,6
1000,1000,0.02219874554413126,0.01997833927854553,0.014093820731659434,0.010723113583992472,0.002220406265585728,0.0033707071476669626,0.009731899983961305,0.2281575303121772,0.3463565339987124,0.819523776586398,0.7290747866672729,0.932,0.818,0.72,True,999,0.00011979101691395044,0.0026940000243484974,near_5x5_bal_strong_1000,near_boundary,False,906,1389927733,1.887379141862766e-15,0,5
1000,1000,0.005959031618256061,0.0147076848738526,-0.0021404295218871994,0.007718015937882683,-0.008748653255596539,-0.009858445459769882,0.006468429293937802,-1.3525158671512043,-1.5240864531068146,0.17621034635042454,0.12748711629729614,0.691,0.166,0.123,True,999,0.00011908391024917364,0.0027292920276522636,near_5x5_bal_strong_1000,near_boundary,False,907,1389927733,1.887379141862766e-15,0,7
1000,1000,0.005944029416639962,0.011696703826731936,-0.0021558182847911667,0.003323549619778987,-0.0057526744100919736,-0.005479367904570154,0.0059505162426039685,-0.9667521565447541,-0.9208222751060606,0.3336679468596384,0.3571432233259698,0.809,0.313,0.339,True,999,0.00011562497820705175,0.0026686660712584853,near_5x5_bal_strong_1000,near_boundary,False,908,1389927733,1.887379141862766e-15,0,6
1000,1000,0.012008221993377477,0.012939610046315497,0.003907726134002587,0.007907904318528836,-0.0009313880529380203,-0.0040001781845262485,0.006771473473800199,-0.1375458467852963,-0.5907396964639249,0.8905993565871306,0.5546948457129466,0.964,0.892,0.533,True,999,0.00011970801278948784,0.0027359159430488944,near_5x5_bal_strong_1000,near_boundary,False,909,1389927733,1.887379141862766e-15,0,9
1000,1000,0.013641059273421963,0.012926223786442426,0.005539748830415192,0.0036618692523120444,0.000714835486979537,0.0018778795781031477,0.007401338929499942,0.09658191494654787,0.25372160307621844,0.9230584191241107,0.7997106432222943,0.98,0.936,0.803,True,999,0.00012737500946968794,0.002721749944612384,near_5x5_bal_strong_1000,near_boundary,False,910,1389927733,1.887379141862766e-15,0,4
1000,1000,0.006558289169481091,0.016904558969914663,-0.0015414124757171521,0.009863235061686737,-0.010346269800433572,-0.01140464753740389,0.007233437021311527,-1.430339376696148,-1.5766567820806245,0.15261963850658694,0.11487451974399117,0.657,0.154,0.109,True,999,0.00011654209811240435,0.002674458082765341,near_5x5_bal_strong_1000,near_boundary,False,911,1389927733,1.887379141862766e-15,0,7
1000,1000,0.008451659886538065,0.011494802583405739,0.0003509365210447868,0.003073171990990886,-0.0030431426968676734,-0.0027222354699460993,0.006309378856136945,-0.48232048926776666,-0.43145855273824013,0.6295782942616857,0.6661349832767748,0.9,0.631,0.66,True,999,0.00012070906814187765,0.0027311249868944287,near_5x5_bal_strong_1000,near_boundary,False,912,1389927733,1.887379141862766e-15,0,6
1000,1000,0.023952034350217755,0.020624014421884218,0.015848299988874714,0.013562016134699206,0.0033280199283335365,0.002286283854175508,0.009655505236162562,0.34467589700735424,0.23678552268945358,0.7303380403736698,0.8128231834322404,0.895,0.74,0.819,True,999,0.00012174993753433228,0.0027098339051008224,near_5x5_bal_strong_1000,near_boundary,False,913,1389927733,1.887379141862766e-15,0,6
1000,1000,0.012220313668441785,0.02098396120248025,0.004119204162861934,0.014703815065843173,-0.008763647534038466,-0.01058461090298124,0.008689897917986503,-1.0084868219106826,-1.2180362764760477,0.3132208109796373,0.2232101875658521,0.691,0.32,0.224,True,999,0.00011937494855374098,0.002677583950571716,near_5x5_bal_strong_1000,near_boundary,False,914,1389927733,1.887379141862766e-15,0,8
1000,1000,0.010689382086760624,0.011846567555255705,0.002588556112414153,0.004017442109557123,-0.001157185468495081,-0.0014288859971429702,0.0067179721003233625,-0.1722521992074634,-0.21269603026100573,0.8632392620733738,0.8315640633144862,0.955,0.871,0.84,True,999,0.00012191699352115393,0.0028034159913659096,near_5x5_bal_strong_1000,near_boundary,False,915,1389927733,1.887379141862766e-15,0,5
1000,1000,0.01428669508122038,0.0164170172700015,0.006185452144109149,0.008467461793031816,-0.0021303221887811197,-0.002282009648922667,0.007947289168262196,-0.26805645845738735,-0.28714315040101474,0.7886558607669815,0.7740027134319455,0.912,0.767,0.754,True,999,0.00012325006537139416,0.0026468749856576324,near_5x5_bal_strong_1000,near_boundary,False,916,1389927733,1.887379141862766e-15,0,6
1000,1000,0.007361962895784169,0.012852981825244192,-0.0007379462467724807,0.004589556139592332,-0.005491018929460023,-0.005327502386364813,0.006530469357548884,-0.8408306706336031,-0.8157916521278055,0.40044280228519225,0.41461930854289253,0.809,0.407,0.423,True,999,0.00011987495236098766,0.002692374982871115,near_5x5_bal_strong_1000,near_boundary,False,917,1389927733,1.887379141862766e-15,0,5
1000,1000,0.023082014121015737,0.012999607342104258,0.014977576223827782,3.790348466736759e-05,0.010082406778911479,0.014939672739160414,0.00892514622719132,1.1296629234145714,1.6738854870125555,0.2586182858637298,0.09415310699098191,0.68,0.253,0.097,True,999,0.00012079195585101843,0.002728082938119769,near_5x5_bal_strong_1000,near_boundary,False,918,1389927733,1.887379141862766e-15,0,1
1000,1000,0.012379929385156307,0.005737639437876363,0.004278478706055466,-0.005499088655710693,0.006642289947279945,0.00977756736176616,0.005660378293945625,1.1734710300872608,1.7273699484404257,0.24060696763112033,0.08410124413550223,0.763,0.239,0.073,True,999,0.0001193750649690628,0.002687416970729828,near_5x5_bal_strong_1000,near_boundary,False,919,1389927733,1.887379141862766e-15,0,4
1000,1000,0.012607773568146463,0.018519258268400007,0.004507105671564204,0.010633167713081093,-0.005911484700253544,-0.006126062041516889,0.008364807001251728,-0.7067090369651011,-0.7323614329177196,0.47974731246267366,0.46394799210557724,0.801,0.469,0.45,True,999,0.00011979194823652506,0.0026967920130118728,near_5x5_bal_strong_1000,near_boundary,False,920,1389927733,1.887379141862766e-15,0,6
1000,1000,0.025746044804459745,0.017570199398893593,0.017641235625660556,0.011659226015410695,0.008175845405566151,0.005982009610249861,0.009493049815109168,0.8612453916078108,0.6301462361156976,0.3891029048820074,0.5285989113271254,0.72,0.368,0.522,True,999,0.00011766701936721802,0.002810250036418438,near_5x5_bal_strong_1000,near_boundary,False,921,1389927733,1.887379141862766e-15,0,8
1000,1000,0.015429014460057733,0.030435608588321506,0.007326946859620875,0.026434601522055345,-0.015006594128263773,-0.01910765466243447,0.010323449426910316,-1.4536414630119485,-1.8508982678431312,0.14604573512413138,0.06418419000451973,0.528,0.142,0.064,True,999,0.00012220803182572126,0.00261404097545892,near_5x5_bal_strong_1000,near_boundary,False,922,1389927733,1.887379141862766e-15,0,9
1000,1000,0.022115225241851277,0.009021672699823902,0.014012592951303304,0.001169862774190733,0.013093552542027376,0.012842730177112571,0.007764173112001982,1.6864065693985046,1.6541014724749084,0.09171751697999253,0.09810689697733226,0.583,0.099,0.106,True,999,0.00011945900041610003,0.0026690419763326645,near_5x5_bal_strong_1000,near_boundary,False,923,1389927733,1.887379141862766e-15,0,7
1000,1000,0.006586462798772175,0.013023756175216727,-0.001512686700152699,0.0020786694720413834,-0.006437293376444553,-0.0035913561721940823,0.006809045523915195,-0.9454031925377869,-0.5274390014841692,0.34445307293798977,0.5978887654898031,0.77,0.341,0.606,True,999,0.00014587503392249346,0.002692457986995578,near_5x5_bal_strong_1000,near_boundary,False,924,1389927733,1.887379141862766e-15,0,3
1000,1000,0.017757558843530807,0.01301068373585873,0.009655968603055953,0.004221088174176657,0.004746875107672077,0.005434880428879296,0.007992732898331975,0.5938988789006968,0.6799777370282842,0.5525797489130878,0.4965185576117429,0.865,0.536,0.469,True,999,0.00012045796029269695,0.0035265000769868493,near_5x5_bal_strong_1000,near_boundary,False,925,1389927733,1.887379141862766e-15,0,6
1000,1000,0.01084641315432111,0.02125867626906708,0.0027435489860181406,0.012485758003606406,-0.010412263114745968,-0.009742209017588266,0.008720154544868582,-1.1940457088427539,-1.1172060044877437,0.23246008854737832,0.2639062538591682,0.652,0.219,0.254,True,999,0.00016075000166893005,0.0027729159919545054,near_5x5_bal_strong_1000,near_boundary,False,926,1389927733,1.887379141862766e-15,0,4
1000,1000,0.011841694033895234,0.016086915734565055,0.0037411038217669557,0.008513788005245715,-0.004245221700669821,-0.004772684183478759,0.007821225584104308,-0.5427821579903946,-0.6102220338943631,0.5872797991428246,0.5417147357565711,0.852,0.597,0.564,True,999,0.00013225001748651266,0.0027430419577285647,near_5x5_bal_strong_1000,near_boundary,False,927,1389927733,1.887379141862766e-15,0,6
1000,1000,0.009027049887833316,0.011654324048008091,0.0009269913355183235,0.0023007072842347043,-0.002627274160174775,-0.0013737159487163808,0.0064584233256516745,-0.4067980724861629,-0.2127014411180253,0.6841563025469624,0.8315598426365415,0.906,0.687,0.845,True,999,0.00013399997260421515,0.002876749960705638,near_5x5_bal_strong_1000,near_boundary,False,928,1389927733,1.887379141862766e-15,0,5
1000,1000,0.014078220268647579,0.011017641837058945,0.005976582632683858,-0.002361361457417388,0.003060578431588634,0.008337944090101246,0.007517476370065599,0.40712844057292685,1.1091413766596898,0.6839136558302588,0.2673691976249707,0.9,0.679,0.251,True,999,0.00016420800238847733,0.0027514579705893993,near_5x5_bal_strong_1000,near_boundary,False,929,1389927733,1.887379141862766e-15,0,1
1000,1000,0.010754254837113342,0.007939253785291478,0.0026537943381299556,-0.0012521811694909957,0.0028150010518218638,0.0039059755076209512,0.005824440326284013,0.4833084200585898,0.6706181690959069,0.6288767623684348,0.5024638049129908,0.891,0.625,0.484,True,999,0.00020216708071529865,0.0027678749756887555,near_5x5_bal_strong_1000,near_boundary,False,930,1389927733,1.887379141862766e-15,0,6
1000,1000,0.013652662908102409,0.014635685632908513,0.005551478845063684,0.004691303843003425,-0.000983022724806104,0.0008601750020602594,0.007758904420178249,-0.12669607351388415,0.11086294603955159,0.8991809536767041,0.911725029198379,0.963,0.904,0.913,True,999,0.0001307909842580557,0.002690583001822233,near_5x5_bal_strong_1000,near_boundary,False,931,1389927733,1.887379141862766e-15,0,4
1000,1000,0.007575549071819232,0.01963989525004639,-0.0005243273838004825,0.01068303953911709,-0.012064346178227159,-0.011207366922917572,0.008121047102288855,-1.4855653496735555,-1.3800396404250457,0.13739412597932382,0.16757444001281496,0.616,0.141,0.181,True,999,0.00013800000306218863,0.002688332926481962,near_5x5_bal_strong_1000,near_boundary,False,932,1389927733,1.887379141862766e-15,0,5
1000,1000,0.014453615233984696,0.012637588431562596,0.00635243994497614,0.004697423810910095,0.0018160268024220994,0.0016550161340660452,0.007362254265833993,0.24666722132237856,0.22479747021866348,0.8051657763888274,0.822136834188671,0.934,0.794,0.817,True,999,0.00012445799075067043,0.002752416068688035,near_5x5_bal_strong_1000,near_boundary,False,933,1389927733,1.887379141862766e-15,0,6
1000,1000,0.015314399100559317,0.013198550411674281,0.0072131465130951256,0.0042092052635211985,0.002115848688885036,0.003003941249573927,0.0076816576718612565,0.27544167929216873,0.39105377743890996,0.7829769265169579,0.6957574857857113,0.906,0.757,0.67,True,999,0.00012458302080631256,0.002666582935489714,near_5x5_bal_strong_1000,near_boundary,False,934,1389927733,1.887379141862766e-15,0,5
1000,1000,0.014070621776364423,0.014149798312932449,0.005969710670342465,0.006794672980447558,-7.917653656802637e-05,-0.0008249623101050929,0.00782710292974404,-0.010115688688230344,-0.10539816807188336,0.9919289858213309,0.9160598696360731,0.998,0.991,0.913,True,999,0.00012649991549551487,0.002723415964283049,near_5x5_bal_strong_1000,near_boundary,False,935,1389927733,1.887379141862766e-15,0,7
1000,1000,0.02167196243818803,0.019637755195196116,0.013567803312071192,0.01336410937187793,0.0020342072429919145,0.00020369394019326137,0.009522289369842342,0.2136258586547863,0.02139127811410271,0.8308388325753113,0.9829335310319374,0.938,0.834,0.991,True,999,0.00012500002048909664,0.0027383749838918447,near_5x5_bal_strong_1000,near_boundary,False,936,1389927733,1.887379141862766e-15,0,8
1000,1000,0.010755422107087798,0.013223907723179773,0.0026550787354153726,0.005484119929690223,-0.0024684856160919755,-0.0028290411942748506,0.006996986542242808,-0.35279267741748854,-0.40432280056494607,0.7242438738324687,0.6859753610429874,0.923,0.742,0.696,True,999,0.00012304203119128942,0.0026755830040201545,near_5x5_bal_strong_1000,near_boundary,False,937,1389927733,1.887379141862766e-15,0,7
1000,1000,0.005894844443517178,0.010952791653438043,-0.002204491331212921,0.003532310215632606,-0.0050579472099208656,-0.005736801546845527,0.00590222762071484,-0.856955633525411,-0.9719722646262027,0.3914694045769611,0.3310643467674317,0.801,0.361,0.307,True,999,0.00012199999764561653,0.002728375024162233,near_5x5_bal_strong_1000,near_boundary,False,938,1389927733,1.887379141862766e-15,0,7
1000,1000,0.01103650036838677,0.007053873200338123,0.002936137021151808,-0.0011807252257654,0.003982627168048647,0.004116862246917208,0.005428623083609528,0.7336348659153127,0.7583621451537355,0.4631713053269403,0.4482342132531405,0.863,0.453,0.44,True,999,0.00012262503150850534,0.002697290969081223,near_5x5_bal_strong_1000,near_boundary,False,939,1389927733,1.887379141862766e-15,0,7
1000,1000,0.005611580367805846,0.014151635691120101,-0.002487255902224206,0.007458690667363044,-0.008540055323314255,-0.00994594656958725,0.006407925382054379,-1.3327332660943558,-1.5521320827862983,0.1826193523487526,0.1206306227889348,0.727,0.17,0.093,True,999,0.00011862500105053186,0.002665375010110438,near_5x5_bal_strong_1000,near_boundary,False,940,1389927733,1.887379141862766e-15,0,8
1000,1000,0.01717986649016967,0.011946809998954588,0.009076981989437627,0.0025211247428273964,0.005233056491215082,0.0065558572466102305,0.007762240089412104,0.6741683368378552,0.8445831578377213,0.5002042974112864,0.39834361580307587,0.82,0.485,0.391,True,999,0.00012145901564508677,0.002718667034059763,near_5x5_bal_strong_1000,near_boundary,False,941,1389927733,1.887379141862766e-15,0,5
1000,1000,0.01029525008708232,0.011700374527249813,0.002194503673536019,0.0029400248585034205,-0.0014051244401674934,-0.0007455211849674015,0.006721988350516865,-0.209034048691776,-0.11090783650496466,0.8344216586925189,0.9116894313113538,0.953,0.837,0.926,True,999,0.0001194999786093831,0.002726291073486209,near_5x5_bal_strong_1000,near_boundary,False,942,1389927733,1.887379141862766e-15,0,6
1000,1000,0.01780428865281425,0.01868486838373734,0.009701665560442052,0.00935944557613766,-0.0008805797309230923,0.0003422199843043927,0.008985008543505535,-0.09800544169316179,0.03808788635507232,0.9219279723265007,0.9696176095914556,0.969,0.918,0.967,True,999,0.00011808308772742748,0.0026686660712584853,near_5x5_bal_strong_1000,near_boundary,False,943,1389927733,1.887379141862766e-15,0,3
1000,1000,0.010420478946669531,0.01266327741434814,0.0023198817380034598,0.0030579563873516236,-0.0022427984676786084,-0.0007380746493481638,0.007131525139584468,-0.3144907188547455,-0.10349464313760649,0.753148364434011,0.9175704008226141,0.908,0.754,0.904,True,999,0.0001222500577569008,0.0027175421128049493,near_5x5_bal_strong_1000,near_boundary,False,944,1389927733,1.887379141862766e-15,0,4
1000,1000,0.02059560970315033,0.01038204029177614,0.012492966608306233,-0.001974634733187486,0.01021356941137419,0.014467601341493719,0.00814135441913499,1.2545295150606366,1.7770509176568785,0.2096496047249955,0.07555986267347803,0.678,0.211,0.071,True,999,0.0001207499299198389,0.002730207983404398,near_5x5_bal_strong_1000,near_boundary,False,945,1389927733,1.887379141862766e-15,0,2
1000,1000,0.008363909711782469,0.007967137830663995,0.00026337898316342034,-0.00011106082484957369,0.00039677188111847395,0.00037443980801299404,0.0054078270570842675,0.07336992787125131,0.06924034442308523,0.9415117471628242,0.9447983099432756,0.989,0.949,0.953,True,999,0.00012116704601794481,0.002649707952514291,near_5x5_bal_strong_1000,near_boundary,False,946,1389927733,1.887379141862766e-15,0,6
1000,1000,0.02295789193281772,0.018386984871969103,0.014852645482960725,0.010958382631770291,0.004570907060848617,0.003894262851190433,0.009257807869346508,0.49373535564324356,0.4206463242864125,0.6214930924124402,0.6740133615359691,0.851,0.638,0.683,True,999,0.000128416926600039,0.002745250007137656,near_5x5_bal_strong_1000,near_boundary,False,947,1389927733,1.887379141862766e-15,0,5
1000,1000,0.01162888981301724,0.013753620166456315,0.0035286769666527107,0.004830444897436337,-0.002124730353439075,-0.001301767930783626,0.007305232264352481,-0.2908504858643815,-0.17819665188961817,0.771165671441551,0.8585685390490098,0.923,0.756,0.849,True,999,0.00011912500485777855,0.0027369169984012842,near_5x5_bal_strong_1000,near_boundary,False,948,1389927733,1.887379141862766e-15,0,5
1000,1000,0.016103629417232534,0.004837091802722182,0.008001633456387935,-0.007172915322655626,0.011266537614510352,0.015174548779043562,0.006113016965977823,1.843040462216055,2.4823338236255457,0.06532310302686323,0.013052493214276987,0.637,0.065,0.016,True,999,0.00012283294927328825,0.0026765409857034683,near_5x5_bal_strong_1000,near_boundary,False,949,1389927733,1.887379141862766e-15,0,4
1000,1000,0.016977543641036874,0.009350239325633669,0.008875505861169586,0.0005453132616821676,0.007627304315403205,0.008330192599487418,0.00709330522690938,1.0752821246811755,1.1743739107525988,0.28224843671988564,0.24024529044314957,0.757,0.288,0.232,True,999,0.00012004096060991287,0.0027411249466240406,near_5x5_bal_strong_1000,near_boundary,False,950,1389927733,1.887379141862766e-15,0,6
1000,1000,0.009461534216982814,0.019672967528083785,0.0013606862589767843,0.01080424069698438,-0.01021143331110097,-0.009443554438007595,0.008258016803788357,-1.236547896877188,-1.1435620273472167,0.21625497347550293,0.25280531713017174,0.652,0.21,0.247,True,999,0.00014595896936953068,0.0026928751030936837,near_5x5_bal_strong_1000,near_boundary,False,951,1389927733,1.887379141862766e-15,0,5
1000,1000,0.023641494153612053,0.010720547687040172,0.015538439014790129,-0.0010207617524429224,0.012920946466571881,0.01655920076723305,0.008471405886486698,1.52524228442211,1.954716960693352,0.12719867744300356,0.05061648706480921,0.589,0.127,0.049,True,999,0.00011929194442927837,0.002693040994927287,near_5x5_bal_strong_1000,near_boundary,False,952,1389927733,1.887379141862766e-15,0,3
1000,1000,0.007379747926516078,0.009982862825011485,-0.0007200853324320633,0.002178393813267121,-0.0026031148984954067,-0.0028984791456991843,0.005499669751734722,-0.473322038595922,-0.5270278537697537,0.6359834412150418,0.5981742459685422,0.918,0.634,0.584,True,999,0.00012883299496024847,0.0027410000329837203,near_5x5_bal_strong_1000,near_boundary,False,953,1389927733,1.887379141862766e-15,0,7
1000,1000,0.008395359111623923,0.014965659333174841,0.00029469588776009914,0.009951362553181298,-0.006570300221550918,-0.009656666665421199,0.006784328612354088,-0.9684525318520937,-1.423378379378124,0.3328184147266794,0.15462649661074096,0.771,0.343,0.182,True,999,0.00012295902706682682,0.0027107089990749955,near_5x5_bal_strong_1000,near_boundary,False,954,1389927733,1.887379141862766e-15,0,9
1000,1000,0.01282898462040527,0.007732340114269487,0.004727982036001777,-0.0025077107640072427,0.0050966445061357835,0.007235692800009019,0.006286028856684239,0.8107892315378531,1.1510753394513862,0.41748671955489713,0.24970124231401036,0.826,0.386,0.227,True,999,0.00012420793063938618,0.0026690829545259476,near_5x5_bal_strong_1000,near_boundary,False,955,1389927733,1.887379141862766e-15,0,5
1000,1000,0.01627262725127321,0.01190105847575651,0.008171272270374175,0.005480309905237846,0.004371568775516699,0.002690962365136329,0.00740128581210568,0.590649906853547,0.36358038771248924,0.5547550183517487,0.7161713742251099,0.843,0.547,0.704,True,999,0.00012041698209941387,0.0027527910424396396,near_5x5_bal_strong_1000,near_boundary,False,956,1389927733,1.887379141862766e-15,0,8
1000,1000,0.012533489847599055,0.012759726819395578,0.004432363989053556,0.003722793018880566,-0.0002262369717965229,0.0007095709701729902,0.007285430619644149,-0.031053342432018557,0.09739588601114818,0.97522699905188,0.9224120116855614,0.993,0.978,0.917,True,999,0.0001193339703604579,0.002694500028155744,near_5x5_bal_strong_1000,near_boundary,False,957,1389927733,1.887379141862766e-15,0,5
1000,1000,0.017189518827613215,0.02084169714620754,0.00908748375968571,0.011143757479032956,-0.0036521783185943235,-0.002056273719347246,0.00936197880546115,-0.3901075183447209,-0.21964092870491803,0.6964570435778871,0.8261508131673104,0.885,0.698,0.837,True,999,0.00015008298214524984,0.0026427089469507337,near_5x5_bal_strong_1000,near_boundary,False,958,1389927733,1.887379141862766e-15,0,3
1000,1000,0.01740840398122323,0.018728869284466043,0.009306235885787828,0.009593687843448606,-0.0013204653032428126,-0.00028745195766077813,0.008887759820089536,-0.14857121816659422,-0.03234245338302608,0.8818919854824157,0.9741989539954056,0.958,0.889,0.976,True,999,0.0001223749713972211,0.002712832996621728,near_5x5_bal_strong_1000,near_boundary,False,959,1389927733,1.887379141862766e-15,0,4
1000,1000,0.007878272257288987,0.013487358601056543,-0.00022173182583173912,0.0049046578935190155,-0.005609086343767555,-0.005126389719350755,0.006520140992561881,-0.8602707134962804,-0.7862390897986553,0.3896398327164964,0.43172742924125185,0.782,0.381,0.411,True,999,0.00012329104356467724,0.0026882499223574996,near_5x5_bal_strong_1000,near_boundary,False,960,1389927733,1.887379141862766e-15,0,5
1000,1000,0.01528591422487846,0.010855166933049387,0.007184393080024165,0.0020465548178663084,0.0044307472918290736,0.005137838262157857,0.0071719454228744844,0.6177887631014974,0.7163800000165971,0.5367145915793616,0.4737567409501483,0.855,0.542,0.478,True,999,0.00011875003110617399,0.0027159579331055284,near_5x5_bal_strong_1000,near_boundary,False,961,1389927733,1.887379141862766e-15,0,6
1000,1000,0.010081100486787342,0.010333301651436866,0.0019812565712982178,-0.0014563500788540296,-0.0002522011646495237,0.0034376066501522473,0.006686499029299468,-0.037717969230894564,0.5141115903986603,0.9699125488162693,0.60717397442919,0.992,0.973,0.592,True,999,0.00011887494474649429,0.0027712079463526607,near_5x5_bal_strong_1000,near_boundary,False,962,1389927733,1.887379141862766e-15,0,3
1000,1000,0.013226046565183891,0.013529358452671003,0.005123940661405868,0.007153022145473642,-0.00030331188748711213,-0.002029081484067774,0.007531926805664022,-0.04027015866099775,-0.2693973980923316,0.9678777444115092,0.7876238881991117,0.987,0.971,0.793,True,999,0.00011645792983472347,0.0026598749682307243,near_5x5_bal_strong_1000,near_boundary,False,963,1389927733,1.887379141862766e-15,0,8
1000,1000,0.010894339187003776,0.017322026668019574,0.00279375881859778,0.009003193621481387,-0.006427687481015798,-0.006209434802883607,0.007856942249462885,-0.818090203151895,-0.7903118803384478,0.4133056825206458,0.4293456502915918,0.757,0.383,0.399,True,999,0.0001200829865410924,0.0027123340405523777,near_5x5_bal_strong_1000,near_boundary,False,964,1389927733,1.887379141862766e-15,0,6
1000,1000,0.019439689949735106,0.017147581408964052,0.011337260164054896,0.011860131460423418,0.002292108540771054,-0.0005228712963685211,0.008721145755703394,0.26282195080526854,-0.059954426977278465,0.7926878158520327,0.9521919313598678,0.93,0.796,0.962,True,999,0.00012245902325958014,0.002734667039476335,near_5x5_bal_strong_1000,near_boundary,False,965,1389927733,1.887379141862766e-15,0,9
1000,1000,0.010336605141885169,0.011006913658616502,0.0022359260708526563,0.0028355182474797402,-0.0006703085167313327,-0.000599592176627084,0.006277205566970539,-0.10678454123891824,-0.09551896464599213,0.9149599116493138,0.9239026275215569,0.974,0.918,0.928,True,999,0.00011820800136774778,0.0026525419671088457,near_5x5_bal_strong_1000,near_boundary,False,966,1389927733,1.887379141862766e-15,0,7
1000,1000,0.01065395324675178,0.008670446099307672,0.0025525691351049318,-0.002135640385347415,0.001983507147444108,0.004688209520452347,0.0059941825384784864,0.33090536277655386,0.7821265852945417,0.7407159710561624,0.43414018418779654,0.927,0.746,0.405,True,999,0.00012649991549551487,0.002683833008632064,near_5x5_bal_strong_1000,near_boundary,False,967,1389927733,1.887379141862766e-15,0,4
1000,1000,0.009796655091656614,0.00735517966527266,0.001696535888413564,-0.0027247819076023916,0.0024414754263839544,0.0044213177960159555,0.005802241596240087,0.42078141454262363,0.7620016717127076,0.6739147042894781,0.4460590064228762,0.934,0.716,0.448,True,999,0.00013766600750386715,0.0027181250043213367,near_5x5_bal_strong_1000,near_boundary,False,968,1389927733,1.887379141862766e-15,0,4
1000,1000,0.011758703764195078,0.01432278230438433,0.003657902774421018,0.00736599187456477,-0.002564078540189252,-0.003708089100143752,0.007410063416626206,-0.346026531221871,-0.5004125999547844,0.729322775923567,0.6167845831499226,0.916,0.716,0.601,True,999,0.0001158339437097311,0.002677749958820641,near_5x5_bal_strong_1000,near_boundary,False,969,1389927733,1.887379141862766e-15,0,7
1000,1000,0.009904331738103345,0.01546672112666514,0.0018040059428585664,0.0061214138111722605,-0.005562389388561795,-0.004317407868313694,0.007425015023148898,-0.7491418362414065,-0.5814678966781014,0.45377172151559486,0.5609251487804938,0.8,0.437,0.541,True,999,0.00012295797932893038,0.0026779170148074627,near_5x5_bal_strong_1000,near_boundary,False,970,1389927733,1.887379141862766e-15,0,5
1000,1000,0.011955093307275844,0.011450251786258248,0.0038542727943422506,0.0020281353969835436,0.000504841521017596,0.001826137397358707,0.006677536662093292,0.07560295758216579,0.2734747092779337,0.9397349833910208,0.7844883307025703,0.987,0.936,0.79,True,999,0.00012141698971390724,0.002736042020842433,near_5x5_bal_strong_1000,near_boundary,False,971,1389927733,1.887379141862766e-15,0,5
1000,1000,0.013114536984190739,0.009978851147947998,0.005013356859990381,-0.002425077106977369,0.003135685836242741,0.00743843396696775,0.007013070427068954,0.44712025479448536,1.060652968528162,0.654788235289234,0.28884764110788286,0.889,0.667,0.314,True,999,0.00012000009883195162,0.0026914580957964063,near_5x5_bal_strong_1000,near_boundary,False,972,1389927733,1.887379141862766e-15,0,2
1000,1000,0.014027138947854345,0.009632474092097665,0.0059244770566238,0.0017808000506533972,0.00439466485575668,0.004143677005970403,0.006540810211874914,0.6718838665855367,0.6335112733354519,0.5016576319847856,0.5263998214113512,0.859,0.5,0.528,True,999,0.00011887494474649429,0.002718792064115405,near_5x5_bal_strong_1000,near_boundary,False,973,1389927733,1.887379141862766e-15,0,7
1000,1000,0.01709096381205999,0.010559006799939485,0.0089895937833262,0.00015764915212912456,0.006531957012120504,0.008831944631197075,0.007585789065075409,0.8610781233284359,1.16427500889247,0.38919501712330573,0.24431258094461028,0.749,0.369,0.211,True,999,0.0001371670514345169,0.0026894169859588146,near_5x5_bal_strong_1000,near_boundary,False,974,1389927733,1.887379141862766e-15,0,4
1000,1000,0.012617544852640439,0.009947773140950966,0.004516034032576499,0.0011413356711500455,0.0026697717116894726,0.0033746983614264536,0.006714242133252816,0.39762815500311144,0.5026179119625419,0.6909043034852967,0.615232933401534,0.9,0.67,0.611,True,999,0.0001204170985147357,0.0026885831030085683,near_5x5_bal_strong_1000,near_boundary,False,975,1389927733,1.887379141862766e-15,0,6
1000,1000,0.0170167860715722,0.01172759110113425,0.008914907754615342,0.0034639355078525114,0.005289194970437949,0.005450972246762831,0.007643524478472296,0.6919837812169989,0.7131490534393253,0.48894751435938644,0.4757535280176449,0.838,0.505,0.494,True,999,0.00012191606219857931,0.002747999969869852,near_5x5_bal_strong_1000,near_boundary,False,976,1389927733,1.887379141862766e-15,0,5
1000,1000,0.014782608230414773,0.020402616691847675,0.00668102583676955,0.00851508832363379,-0.0056200084614329016,-0.0018340624868642408,0.009171072675477572,-0.6127972877654954,-0.19998342088906565,0.5400103844692359,0.8414935474236973,0.815,0.565,0.847,True,999,0.00012687500566244125,0.00268137501552701,near_5x5_bal_strong_1000,near_boundary,False,977,1389927733,1.887379141862766e-15,0,2
1000,1000,0.02278178207935677,0.014465409097328186,0.01467862460140168,0.006743696524040388,0.008316372982028586,0.007934928077361292,0.008965465940133763,0.927600755784535,0.8850547345052882,0.35361470553460006,0.3761271114130632,0.694,0.33,0.345,True,999,0.0001200829865410924,0.0026921250391751528,near_5x5_bal_strong_1000,near_boundary,False,978,1389927733,1.887379141862766e-15,0,7
1000,1000,0.005678695620640717,0.008787814328576893,-0.0024206383377531893,-0.000906067174639702,-0.003109118707936176,-0.0015145711631134873,0.005210514357185478,-0.5967009194876499,-0.2906759408550217,0.5507070786060555,0.7712991738695254,0.877,0.565,0.774,True,999,0.00012099999003112316,0.0027422080747783184,near_5x5_bal_strong_1000,near_boundary,False,979,1389927733,1.887379141862766e-15,0,4
1000,1000,0.0042092126432147214,0.01231143253979916,-0.0038897323356650304,0.0028841129233683205,-0.00810221989658444,-0.006773845259033351,0.006051176187263975,-1.3389495935744418,-1.1194262155662218,0.18058708306453086,0.2629583521746135,0.72,0.184,0.273,True,999,0.00011825002729892731,0.0026669170474633574,near_5x5_bal_strong_1000,near_boundary,False,980,1389927733,1.887379141862766e-15,0,5
1000,1000,0.01372394763708229,0.01066179185725391,0.005622244752430561,0.0010130920515507569,0.0030621557798283794,0.004609152700879804,0.006988231116279752,0.4381875368567584,0.6595592824831369,0.661250342429093,0.5095366910677189,0.9,0.678,0.534,True,999,0.0001241669524461031,0.0026687500067055225,near_5x5_bal_strong_1000,near_boundary,False,981,1389927733,1.887379141862766e-15,0,4
1000,1000,0.006925857334248775,0.02861544255591586,-0.0011738769660496473,0.02150262977681905,-0.021689585221667085,-0.022676506742868696,0.009411544353495886,-2.3045723854672757,-2.409435252190634,0.02119053402291597,0.015977230779660415,0.355,0.021,0.017,True,999,0.00012149999383836985,0.002720499993301928,near_5x5_bal_strong_1000,near_boundary,False,982,1389927733,1.887379141862766e-15,0,6
1000,1000,0.008835538316993796,0.009299847584508358,0.0007345124122366542,0.0022237447842599067,-0.00046430926751456214,-0.0014892323720232525,0.005258543746514175,-0.08829616903393589,-0.28320243090312724,0.9296412837331481,0.7770216650143643,0.978,0.932,0.796,True,999,0.00012058299034833908,0.00273033301346004,near_5x5_bal_strong_1000,near_boundary,False,983,1389927733,1.887379141862766e-15,0,7
1000,1000,0.014986794372423118,0.015217832424055722,0.006885519049092181,0.005755044596810421,-0.00023103805163260382,0.00113047445228176,0.008063291398138939,-0.028653069847621896,0.14020012380337402,0.9771412858197721,0.8885018740904407,0.992,0.978,0.897,True,999,0.0001277080737054348,0.0026370839914307,near_5x5_bal_strong_1000,near_boundary,False,984,1389927733,1.887379141862766e-15,0,3
1000,1000,0.018559893175793984,0.01427941947771183,0.010457398384687622,0.004720177156116279,0.0042804736980821545,0.005737221228571343,0.008264456121135768,0.5179377366570006,0.694204330506251,0.6045017117180229,0.48755407723214017,0.856,0.602,0.466,True,999,0.00011595897376537323,0.0027462090365588665,near_5x5_bal_strong_1000,near_boundary,False,985,1389927733,1.887379141862766e-15,0,4
1000,1000,0.012209980665700781,0.010244015490106118,0.004107910457150865,0.004442584548144168,0.001965965175594664,-0.00033467409099330325,0.00573628213721965,0.342724630442874,-0.0583433804313395,0.7318056313337014,0.95347511375629,0.933,0.712,0.952,True,999,0.00011899997480213642,0.0027092089876532555,near_5x5_bal_strong_1000,near_boundary,False,986,1389927733,1.887379141862766e-15,0,9
1000,1000,0.016471243787872014,0.009797133641719469,0.008369120479983394,0.0007642014678026499,0.006674110146152545,0.007604919012180744,0.007065292420002289,0.9446332507424205,1.076377106579586,0.34484614534893065,0.28175863674890655,0.775,0.334,0.27,True,999,0.0001217919634655118,0.002675499999895692,near_5x5_bal_strong_1000,near_boundary,False,987,1389927733,1.887379141862766e-15,0,5
1000,1000,0.016053387284408416,0.015253502869125413,0.007951652898327666,0.007669726987785452,0.0007998844152830031,0.0002819259105422134,0.00793495635640545,0.10080514363980096,0.03552961073498914,0.9197051436091994,0.971657435323353,0.969,0.922,0.966,True,999,0.00012162502389401197,0.00266716699115932,near_5x5_bal_strong_1000,near_boundary,False,988,1389927733,1.887379141862766e-15,0,6
1000,1000,0.011371815566828536,0.012331792736424374,0.0032711792102873005,0.006573472765126098,-0.0009599771695958381,-0.0033022935548387977,0.006828437577057585,-0.14058518640064924,-0.48360895410890997,0.8881976515410637,0.6286634188662197,0.959,0.873,0.598,True,999,0.00012083409819751978,0.0026724999770522118,near_5x5_bal_strong_1000,near_boundary,False,989,1389927733,1.887379141862766e-15,0,9
1000,1000,0.019638833872004824,0.024097040445016926,0.011536106507946897,0.016824873343807667,-0.004458206573012102,-0.00528876683586077,0.00986944645291487,-0.45171799596677514,-0.5358726916542286,0.6514721521711831,0.5920465390104439,0.836,0.648,0.594,True,999,0.00012374995276331902,0.002698542084544897,near_5x5_bal_strong_1000,near_boundary,False,990,1389927733,1.887379141862766e-15,0,5
1000,1000,0.014981578492380354,0.024410330797449364,0.006880376718299885,0.016152937194817696,-0.00942875230506901,-0.00927256047651781,0.0097616579602426,-0.9658966072639041,-0.9498960642017173,0.33409592021345746,0.34216506688593007,0.667,0.336,0.348,True,999,0.00011575000826269388,0.0026990000624209642,near_5x5_bal_strong_1000,near_boundary,False,991,1389927733,1.887379141862766e-15,0,6
1000,1000,0.014553048677351077,0.011137594020873443,0.006451686251466526,0.004968245083830425,0.0034154546564776345,0.0014834411676361015,0.006900638944442682,0.49494759600894866,0.2149715670649262,0.6206371121463593,0.8297894865054111,0.87,0.604,0.809,True,999,0.00012170802801847458,0.0026826249668374658,near_5x5_bal_strong_1000,near_boundary,False,992,1389927733,1.887379141862766e-15,0,9
1000,1000,0.015711537515184393,0.01186160031975697,0.007609363633036992,0.0019178483204882468,0.003849937195427422,0.005691515312548745,0.007620416125194983,0.5052135122514604,0.746877233348345,0.6134088807986354,0.4551376697184347,0.86,0.601,0.453,True,999,0.0001254999078810215,0.00266533310059458,near_5x5_bal_strong_1000,near_boundary,False,993,1389927733,1.887379141862766e-15,0,4
1000,1000,0.015692652200993917,0.01361589428598764,0.0075896228984220215,0.0060670177311408224,0.0020767579150062776,0.001522605167281199,0.007967811032070709,0.2606434699125339,0.19109453790415734,0.7943674638610583,0.8484515269062465,0.935,0.813,0.863,True,999,0.00012587499804794788,0.0027363329427316785,near_5x5_bal_strong_1000,near_boundary,False,994,1389927733,1.887379141862766e-15,0,8
1000,1000,0.008095855971681942,0.01566105841223342,-3.806383801929769e-06,0.008464007230145398,-0.007565202440551477,-0.008467813613947328,0.006793087779618747,-1.1136618112383738,-1.2465338132908055,0.2654242982683662,0.21256848345583057,0.73,0.235,0.191,True,999,0.00012937490828335285,0.0026738340966403484,near_5x5_bal_strong_1000,near_boundary,False,995,1389927733,1.887379141862766e-15,0,6
1000,1000,0.010952657065556926,0.013181344997177213,0.0028512313740520767,0.004984535359255915,-0.002228687931620288,-0.0021333039852038382,0.0070131586185442,-0.31778661411239,-0.30418590270622914,0.7506468051659798,0.7609862642990738,0.912,0.739,0.75,True,999,0.00011870800517499447,0.0027116250712424517,near_5x5_bal_strong_1000,near_boundary,False,996,1389927733,1.887379141862766e-15,0,5
1000,1000,0.012373062560121051,0.010127317526393342,0.004272679014547975,0.0027085662060812865,0.0022457450337277085,0.0015641128084666889,0.006685661679833384,0.3359046779919734,0.23395033780795033,0.7369427492988122,0.815023533454364,0.904,0.707,0.792,True,999,0.00011995795648545027,0.002721667056903243,near_5x5_bal_strong_1000,near_boundary,False,997,1389927733,1.887379141862766e-15,0,7
1000,1000,0.012408784272569529,0.010592821291575794,0.0043078312723991985,0.0025115516183404907,0.001815962980993735,0.0017962796540587078,0.0068275830431560516,0.2659744992503681,0.2630915863937083,0.7902588485038458,0.7924799886679952,0.931,0.784,0.789,True,999,0.00011929089669138193,0.002686584019102156,near_5x5_bal_strong_1000,near_boundary,False,998,1389927733,1.887379141862766e-15,0,6
1000,1000,0.01230414036526084,0.014895271098105733,0.004203406869464743,0.008167421440987255,-0.002591130732844893,-0.003964014571522512,0.007328219492516019,-0.3535825769808203,-0.5409246510111743,0.7236517334869306,0.5885595190669837,0.917,0.713,0.583,True,999,0.00011783302761614323,0.0026651249499991536,near_5x5_bal_strong_1000,near_boundary,False,999,1389927733,1.887379141862766e-15,0,8
1000,1000,0.013335761151656245,0.01872399818723225,0.005234658797007796,0.009773058873690843,-0.0053882370355760045,-0.004538400076683047,0.008528295287299174,-0.6318070439704961,-0.5321579429176065,0.5275129702518466,0.594616608912696,0.813,0.529,0.595,True,999,0.00011833303142338991,0.0027532920939847827,near_5x5_bal_strong_1000,near_boundary,False,1000,1389927733,1.887379141862766e-15,0,3
1000,1000,0.01015991130499816,0.011565259912640402,0.002059868405922316,0.004165913327256021,-0.0014053486076422428,-0.002106044921333705,0.006478007071450839,-0.2169415056423357,-0.3251069191658087,0.8282539309457314,0.7451001524340033,0.953,0.824,0.738,True,999,0.00012816605158150196,0.0026489170268177986,near_5x5_bal_strong_1000,near_boundary,False,1001,1389927733,1.887379141862766e-15,0,7
1000,1000,0.00985512799806898,0.017758191399873946,0.0017542670434522734,0.00686303614412509,-0.007903063401804966,-0.005108769100672816,0.007838085008634112,-1.0082900852822183,-0.6517879169523176,0.3133152213510365,0.5145379975312551,0.74,0.312,0.53,True,999,0.00012474996037781239,0.002658250043168664,near_5x5_bal_strong_1000,near_boundary,False,1002,1389927733,1.887379141862766e-15,0,3
1000,1000,0.011814884494191658,0.01778443487995851,0.0037136558223664906,0.00805865787191351,-0.005969550385766853,-0.00434500204954702,0.0081709257676155,-0.7305843371416323,-0.5317637405014647,0.46503308189712733,0.5948896389997455,0.809,0.466,0.589,True,999,0.0001216670498251915,0.0027667080285027623,near_5x5_bal_strong_1000,near_boundary,False,1003,1389927733,1.887379141862766e-15,0,3
1000,1000,0.008753794618851174,0.010016572930113543,0.0006533821822358732,0.0032127780523865113,-0.0012627783112623692,-0.002559395870150638,0.0056349205255584,-0.22409869057332135,-0.45420265619398625,0.8226805113446741,0.649682971418343,0.957,0.834,0.676,True,999,0.00012441689614206553,0.0026435829931870103,near_5x5_bal_strong_1000,near_boundary,False,1004,1389927733,1.887379141862766e-15,0,8
1000,1000,0.01678918625395376,0.02148925748091368,0.008687337097171621,0.011929452194920032,-0.004700071226959923,-0.0032421150977484103,0.009522777479499131,-0.4935609633931226,-0.3404589789825621,0.6216162754632213,0.733510909621272,0.84,0.636,0.732,True,999,0.00012112490367144346,0.002686207997612655,near_5x5_bal_strong_1000,near_boundary,False,1005,1389927733,1.887379141862766e-15,0,4
1000,1000,0.01543211610326245,0.011507376088355503,0.007330658812861657,0.0033832773967787944,0.003924740014906947,0.003947381416082862,0.007153661136163482,0.5486337611193853,0.5517987700211151,0.5832568119084812,0.5810862300806823,0.852,0.573,0.571,True,999,0.00012912496458739042,0.002723832963965833,near_5x5_bal_strong_1000,near_boundary,False,1006,1389927733,1.887379141862766e-15,0,7
1000,1000,0.014520700268662923,0.010222418108197018,0.0064192309973805095,0.002804542176022551,0.004298282160465905,0.0036146888213579587,0.006683983387798299,0.6430719394534218,0.5407985944364586,0.5201774212814624,0.5886464117484875,0.845,0.497,0.567,True,999,0.00012270803563296795,0.0026831250870600343,near_5x5_bal_strong_1000,near_boundary,False,1007,1389927733,1.887379141862766e-15,0,7
1000,1000,0.013558084751396526,0.01183102922453061,0.005456914895830778,-0.0007895196583262987,0.0017270555268659171,0.0062464345541570765,0.007626598841055004,0.2264516021963743,0.819032793560831,0.8208501973528368,0.41276770379758443,0.938,0.808,0.393,True,999,0.00012325006537139416,0.002702374942600727,near_5x5_bal_strong_1000,near_boundary,False,1008,1389927733,1.887379141862766e-15,0,1
1000,1000,0.008191893518757931,0.015064518925546333,9.067132032214431e-05,0.006164013839679683,-0.006872625406788402,-0.0060733425193575385,0.0072411100840983934,-0.9491121287992582,-0.8387308643041772,0.34256358631491324,0.40162035444251043,0.757,0.327,0.385,True,999,0.00012091710232198238,0.0027432080823928118,near_5x5_bal_strong_1000,near_boundary,False,1009,1389927733,1.887379141862766e-15,0,5
1000,1000,0.015604591709007742,0.014949266928524996,0.007503309060666652,0.008961155450606384,0.0006553247804827467,-0.001457846389939732,0.007839514021307085,0.08359252610578075,-0.1859613218341645,0.9333804094422025,0.8524750929109939,0.974,0.934,0.832,True,999,0.00012020801659673452,0.0027086250483989716,near_5x5_bal_strong_1000,near_boundary,False,1010,1389927733,1.887379141862766e-15,0,8
1000,1000,0.007486426103433308,0.012563796966718943,-0.0006134005943749798,0.006188601643884795,-0.005077370863285635,-0.0068020022382597745,0.006383436951338287,-0.7953976677440457,-1.065570521039412,0.4263822161851424,0.2866178309802896,0.817,0.427,0.276,True,999,0.0001297079725190997,0.00267220800742507,near_5x5_bal_strong_1000,near_boundary,False,1011,1389927733,1.887379141862766e-15,0,8
1000,1000,0.020497127728605458,0.01757987375696457,0.012395068834393896,0.008853442104680198,0.0029172539716408874,0.0035416267297136983,0.009130463969791275,0.31950774695489836,0.3878912113810861,0.7493415177912965,0.6980965422404024,0.916,0.771,0.715,True,999,0.00011974992230534554,0.0027306670090183616,near_5x5_bal_strong_1000,near_boundary,False,1012,1389927733,1.887379141862766e-15,0,6
1000,1000,0.016405922258327266,0.014167913988023473,0.008304372609700295,0.004175082916617612,0.002238008270303793,0.004129289693082683,0.00824265785738553,0.27151536664821146,0.5009658006589204,0.7859946825769355,0.6163951918802342,0.924,0.779,0.61,True,999,0.00011975003872066736,0.0026826660614460707,near_5x5_bal_strong_1000,near_boundary,False,1013,1389927733,1.887379141862766e-15,0,4
1000,1000,0.01884379752478682,0.010918504579642496,0.01074104100302975,0.005162605609939419,0.007925292945144324,0.005578435393090331,0.007228108725205595,1.0964545839643411,0.7717697125442256,0.272879888006462,0.4402508332439351,0.752,0.279,0.448,True,999,0.00011749996338039637,0.0027000410482287407,near_5x5_bal_strong_1000,near_boundary,False,1014,1389927733,1.887379141862766e-15,0,9
1000,1000,0.013482348630729613,0.018177215545722603,0.005381874713293655,0.010850923278326263,-0.00469486691499299,-0.005469048565032608,0.008401107259941582,-0.5588390636766655,-0.6509913986112633,0.5762715598690843,0.5150520393107164,0.856,0.582,0.523,True,999,0.00014158303383737803,0.0027069590287283063,near_5x5_bal_strong_1000,near_boundary,False,1015,1389927733,1.887379141862766e-15,0,7
1000,1000,0.01616518689801838,0.022389427579050214,0.00806363521496678,0.0169834200025889,-0.006224240681031834,-0.00891978478762212,0.009095477800112531,-0.6843225631263512,-0.9806834762998117,0.4937715022851751,0.32674885477033155,0.776,0.47,0.319,True,999,0.0001239590346813202,0.0026584999868646264,near_5x5_bal_strong_1000,near_boundary,False,1016,1389927733,1.887379141862766e-15,0,8
1000,1000,0.014529586225143554,0.019755639485347865,0.006427710593470692,0.01250054313226201,-0.005226053260204311,-0.006072832538791317,0.008714107832684087,-0.5997232717964429,-0.6968966479866001,0.5486906761008229,0.4858674756782354,0.809,0.528,0.478,True,999,0.00012041605077683926,0.002700042095966637,near_5x5_bal_strong_1000,near_boundary,False,1017,1389927733,1.887379141862766e-15,0,7
1000,1000,0.006990556410961135,0.01865781401192368,-0.0011089042898220214,0.008595809464225113,-0.011667257600962544,-0.009704713754047134,0.007787115751097288,-1.4982771508589046,-1.246252664560641,0.1340612580234481,0.21267164997918364,0.614,0.128,0.217,True,999,0.00011962500866502523,0.002748417085967958,near_5x5_bal_strong_1000,near_boundary,False,1018,1389927733,1.887379141862766e-15,0,3
1000,1000,0.021570115823603908,0.019567136229945548,0.013466158956816798,0.017232485412648657,0.0020029795936583605,-0.0037663264558318588,0.009267824306131123,0.21612187796150717,-0.4063873387565459,0.8288927465370721,0.6844580212004199,0.925,0.814,0.661,True,999,0.00011654198169708252,0.002698665950447321,near_5x5_bal_strong_1000,near_boundary,False,1019,1389927733,1.887379141862766e-15,0,12
1000,1000,0.01123181545033658,0.0179717820039636,0.003131022066781952,0.011113956910946854,-0.006739966553627019,-0.007982934844164902,0.007853784226815423,-0.8581807647088825,-1.0164443806475503,0.3907926557274086,0.30941782068040746,0.782,0.381,0.302,True,999,0.00011925003491342068,0.0027262920048087835,near_5x5_bal_strong_1000,near_boundary,False,1020,1389927733,1.887379141862766e-15,0,7
1000,1000,0.009150492640517705,0.013980610952528116,0.0010497096661765681,0.004714103815786075,-0.004830118312010412,-0.0036643941496095067,0.007222294341674642,-0.6687789341593694,-0.5073725849782853,0.503636506557005,0.6118934177820768,0.812,0.486,0.59,True,999,0.00012187508400529623,0.002690875087864697,near_5x5_bal_strong_1000,near_boundary,False,1021,1389927733,1.887379141862766e-15,0,4
1000,1000,0.01888768837671817,0.0107165539931664,0.010784519275375715,0.0032966329270607275,0.00817113438355177,0.007487886348314987,0.007647554300689396,1.0684637287001906,0.979121697460845,0.2853113833422519,0.32751985204243506,0.723,0.282,0.315,True,999,0.00012029206845909357,0.0026967499870806932,near_5x5_bal_strong_1000,near_boundary,False,1022,1389927733,1.887379141862766e-15,0,7
1000,1000,0.004930450484034177,0.010568274690778368,-0.0031681968969223817,0.0025355488342029275,-0.005637824206744191,-0.005703745731125309,0.005225336766842261,-1.0789398766639113,-1.0915556232315637,0.28061453078221044,0.2750284705617705,0.799,0.288,0.283,True,999,0.00012062489986419678,0.0027226669481024146,near_5x5_bal_strong_1000,near_boundary,False,1023,1389927733,1.887379141862766e-15,0,6
1000,1000,0.012191563545559614,0.01253151085463955,0.0040900153301208775,0.0035160220366492467,-0.0003399473090799354,0.0005739932934716307,0.007109549724042199,-0.0478155892109937,0.08073553400021537,0.9618632123735241,0.9356522769994355,0.991,0.967,0.942,True,999,0.00011983304284512997,0.0026985829463228583,near_5x5_bal_strong_1000,near_boundary,False,1024,1389927733,1.887379141862766e-15,0,5
1000,1000,0.027543237436147283,0.006358584042279958,0.019436285655956453,-0.0016494196447069953,0.021184653393867325,0.02108570530066345,0.007725114945090845,2.7423091493712657,2.7295005253045446,0.0061008891754863286,0.006343034804304961,0.377,0.008,0.008,True,999,0.0001217919634655118,0.0027074579847976565,near_5x5_bal_strong_1000,near_boundary,False,1025,1389927733,1.887379141862766e-15,0,8
1000,1000,0.008718017711929482,0.018733726134412654,0.0006178503526825807,0.013196365120336395,-0.010015708422483172,-0.012578514767653814,0.007841549661616562,-1.2772613647413156,-1.604085328850766,0.201509988784622,0.10869524530674013,0.676,0.203,0.108,True,999,0.00012095889542251825,0.0027410420589149,near_5x5_bal_strong_1000,near_boundary,False,1026,1389927733,1.887379141862766e-15,0,8
1000,1000,0.019235737798289465,0.011137770088395116,0.011132367910931862,0.003330826008038912,0.00809796770989435,0.00780154190289295,0.007927540645812243,1.0214981003184305,0.9841062003276071,0.30701850866912217,0.32506329864419015,0.712,0.321,0.333,True,999,0.0001194169744849205,0.0026986669981852174,near_5x5_bal_strong_1000,near_boundary,False,1027,1389927733,1.887379141862766e-15,0,7
1000,1000,0.02467130529052919,0.011539714255724087,0.016567871363804443,0.004278729825898608,0.013131591034805101,0.012289141537905834,0.008166059846783072,1.6080694093832957,1.5049046625279148,0.10781997805816049,0.1323485894246976,0.53,0.106,0.128,True,999,0.00011991709470748901,0.0026935000205412507,near_5x5_bal_strong_1000,near_boundary,False,1028,1389927733,1.887379141862766e-15,0,6
1000,1000,0.01425688567378458,0.012289177438677579,0.006155972226224549,0.003127112987954206,0.001967708235107002,0.0030288592382703428,0.007397298376188688,0.26600363200717947,0.409454787983137,0.7902364118319027,0.682205939769532,0.926,0.804,0.701,True,999,0.00012020894791930914,0.002735583926551044,near_5x5_bal_strong_1000,near_boundary,False,1029,1389927733,1.887379141862766e-15,0,6
1000,1000,0.009742621629667436,0.020592418973298,0.0016411787830747926,0.01473392524422934,-0.010849797343630563,-0.013092746461154547,0.008171448022623208,-1.3277692415826623,-1.6022553683149412,0.1842543511048389,0.10909915081640355,0.641,0.181,0.106,True,999,0.00012270896695554256,0.002717499970458448,near_5x5_bal_strong_1000,near_boundary,False,1030,1389927733,1.887379141862766e-15,0,8
1000,1000,0.006484369721358574,0.01518327324444152,-0.0016155016824086488,0.0072319126527986555,-0.008698903523082946,-0.008847414335207304,0.006716626386286367,-1.2951298796139505,-1.3172408031019056,0.19527542895013705,0.18775792080285758,0.672,0.199,0.193,True,999,0.00012095796409994364,0.0026143749710172415,near_5x5_bal_strong_1000,near_boundary,False,1031,1389927733,1.887379141862766e-15,0,6
1000,1000,0.012000430397049788,0.015756329598969,0.003899415452224275,0.011430228337360404,-0.0037558992019192106,-0.007530812885136129,0.007402662570053492,-0.5073713905471272,-1.0173113813941828,0.6118942557005541,0.3090053239935364,0.882,0.62,0.327,True,999,0.0001217500539496541,0.0027702089864760637,near_5x5_bal_strong_1000,near_boundary,False,1032,1389927733,1.887379141862766e-15,0,10
1000,1000,0.00982222819183498,0.013238997597637359,0.0017223324377937388,0.0019000459043354567,-0.003416769405802378,-0.00017771346654171793,0.007220025738502132,-0.47323507277568533,-0.024613965791566057,0.6360454780004471,0.9803628795842346,0.879,0.624,0.987,True,999,0.00012108299415558577,0.002651958027854562,near_5x5_bal_strong_1000,near_boundary,False,1033,1389927733,1.887379141862766e-15,0,3
1000,1000,0.018936399736859233,0.01024016446256637,0.010828894380438214,0.0018194881819226794,0.008696235274292863,0.009009406198515535,0.007547422918294855,1.1522125324676455,1.1937062883645821,0.2492337490098815,0.23259287980274723,0.724,0.247,0.236,True,999,0.00012245809193700552,0.002678833086974919,near_5x5_bal_strong_1000,near_boundary,False,1034,1389927733,1.887379141862766e-15,0,6
1000,1000,0.011987903326426741,0.01226449283168124,0.0038875239026765485,0.00545794412187206,-0.00027658950525449866,-0.0015704202191955119,0.006975442315889723,-0.039651894851806174,-0.2251355753624641,0.9683706538348611,0.8218738061603436,0.993,0.97,0.825,True,999,0.0001224169973284006,0.002729833940975368,near_5x5_bal_strong_1000,near_boundary,False,1035,1389927733,1.887379141862766e-15,0,8
1000,1000,0.01519420825829254,0.017521037597282796,0.007092797601899292,0.010561351890657988,-0.002326829338990255,-0.003468554288758696,0.008389502024183286,-0.277350113544644,-0.41343982977301424,0.7815112831503198,0.679284398080422,0.918,0.794,0.688,True,999,0.00011866597924381495,0.0027183329220861197,near_5x5_bal_strong_1000,near_boundary,False,1036,1389927733,1.887379141862766e-15,0,7
1000,1000,0.02084660549116757,0.01214335339069944,0.012743373727062135,0.008360189479390101,0.008703252100468128,0.004383184247672034,0.0077437714532558235,1.123903533698544,0.566027067576891,0.26105395206962245,0.571375380352946,0.715,0.274,0.583,True,999,0.00012270896695554256,0.002696041017770767,near_5x5_bal_strong_1000,near_boundary,False,1037,1389927733,1.887379141862766e-15,0,11
1000,1000,0.015586480784806733,0.016403968259261048,0.0074849994116448215,0.00945372934631905,-0.0008174874744543148,-0.0019687299346742293,0.0083000395392821,-0.09849199760860683,-0.23719524772824296,0.9215416260482375,0.812505322897356,0.973,0.916,0.799,True,999,0.0001260829158127308,0.002678958000615239,near_5x5_bal_strong_1000,near_boundary,False,1038,1389927733,1.887379141862766e-15,0,7
1000,1000,0.009112945975511488,0.016282782236149096,0.0010131388869467628,0.009698926914950334,-0.007169836260637608,-0.008685788028003572,0.007435230039848949,-0.9643059087897793,-1.1681935839849318,0.3348925793559626,0.24272868792726865,0.75,0.334,0.24,True,999,0.00015400000847876072,0.0026902499375864863,near_5x5_bal_strong_1000,near_boundary,False,1039,1389927733,1.887379141862766e-15,0,7
1000,1000,0.024687900687291764,0.010189804740146413,0.01658414878465919,0.0011566264496423173,0.01449809594714535,0.015427522335016874,0.008102558062145672,1.789323302091346,1.9040310747161062,0.07356276340486327,0.05690613722439967,0.529,0.078,0.063,True,999,0.0001240420388057828,0.002710375003516674,near_5x5_bal_strong_1000,near_boundary,False,1040,1389927733,1.887379141862766e-15,0,5
1000,1000,0.010881594911757553,0.008050162589254395,0.002780960977133873,-0.0011871159006773269,0.002831432322503158,0.0039680768778112,0.005728733161937382,0.4942510398835901,0.6926621934803555,0.6211288977031986,0.48852157020735376,0.89,0.611,0.464,True,999,0.00011991697829216719,0.002733625005930662,near_5x5_bal_strong_1000,near_boundary,False,1041,1389927733,1.887379141862766e-15,0,6
1000,1000,0.003507997687389963,0.008253708951075356,-0.004591329651020715,0.00044952451384006054,-0.004745711263685393,-0.005040854164860775,0.004549151758858168,-1.043207946282399,-1.1080866130801545,0.2968519939954586,0.26782441183012673,0.839,0.286,0.257,True,999,0.0001212910283356905,0.002623167005367577,near_5x5_bal_strong_1000,near_boundary,False,1042,1389927733,1.887379141862766e-15,0,7
1000,1000,0.010029336124602883,0.010113634649052627,0.0019285498046883731,0.0006449578959859537,-8.429852444974406e-05,0.0012835919087024195,0.006441436305253243,-0.013086914230758646,0.19927107059268756,0.9895584512369298,0.8420507076668049,0.998,0.991,0.841,True,999,0.00011854106560349464,0.0026816249592229724,near_5x5_bal_strong_1000,near_boundary,False,1043,1389927733,1.887379141862766e-15,0,5
1000,1000,0.012599099131097802,0.012854001832319717,0.004498161478977636,0.005205324383950938,-0.00025490270122191516,-0.0007071629049733019,0.007083173954532711,-0.03598707343037879,-0.09983700944133521,0.971292666186976,0.9204737255348693,0.992,0.965,0.898,True,999,0.00011920800898224115,0.0027872499777004123,near_5x5_bal_strong_1000,near_boundary,False,1044,1389927733,1.887379141862766e-15,0,6
1000,1000,0.012492687623542942,0.017756781856218484,0.004391218138835029,0.009195100090948927,-0.0052640942326755424,-0.004803881952113898,0.008191711206597323,-0.6426122820877793,-0.5864320446557022,0.520475711531871,0.557585215390634,0.816,0.522,0.561,True,999,0.00012220803182572126,0.0026391249848529696,near_5x5_bal_strong_1000,near_boundary,False,1045,1389927733,1.887379141862766e-15,0,5
1000,1000,0.01468514274434396,0.0209623209681864,0.006583029555031317,0.013666631964156295,-0.006277178223842439,-0.007083602409124978,0.009151057446415239,-0.6859511330356045,-0.77407473951547,0.4927439242492765,0.43888659453309786,0.775,0.485,0.418,True,999,0.00011950009502470493,0.0026668329956009984,near_5x5_bal_strong_1000,near_boundary,False,1046,1389927733,1.887379141862766e-15,0,7
1000,1000,0.007705938112141819,0.01217568697924809,-0.0003943129479466734,0.0028222214690458713,-0.004469748867106271,-0.0032165344169925447,0.0062512920476160555,-0.7150120060077533,-0.5145391372682991,0.47460162461540734,0.6068751048552214,0.845,0.463,0.589,True,999,0.00011995795648545027,0.002800000016577542,near_5x5_bal_strong_1000,near_boundary,False,1047,1389927733,1.887379141862766e-15,0,5
1000,1000,0.015086196005334562,0.017787965746627443,0.006984840364339107,0.009966365688171663,-0.002701769741292881,-0.0029815253238325568,0.008585557289129268,-0.3146877541326021,-0.34727219485305394,0.7529987430135547,0.7283868377653595,0.888,0.737,0.712,True,999,0.0001234590308740735,0.0026255419943481684,near_5x5_bal_strong_1000,near_boundary,False,1048,1389927733,1.887379141862766e-15,0,5
1000,1000,0.010813439509214096,0.013380788697225254,0.002713424960802513,0.005991250761269384,-0.0025673491880111587,-0.0032778258004668714,0.007164954837766558,-0.358320358766064,-0.4574803156035841,0.7201035841457405,0.6473258476450504,0.912,0.735,0.665,True,999,0.0001165410503745079,0.002658125013113022,near_5x5_bal_strong_1000,near_boundary,False,1049,1389927733,1.887379141862766e-15,0,7
1000,1000,0.011974820291018595,0.019743952803749576,0.003873698563893413,0.012442475396824193,-0.007769132512730981,-0.00856877683293078,0.008465460948447068,-0.9177447701954347,-1.0122044015220062,0.3587525029871198,0.31144033212749445,0.757,0.359,0.301,True,999,0.00013774994295090437,0.002762207994237542,near_5x5_bal_strong_1000,near_boundary,False,1050,1389927733,1.887379141862766e-15,0,7
1000,1000,0.009239659883772733,0.016490553983007916,0.001139675804097351,0.008083807539776444,-0.007250894099235183,-0.006944131735679093,0.00748137074006984,-0.9691932603205673,-0.9281897632056487,0.3324487731358283,0.3533091435596182,0.774,0.321,0.34,True,999,0.0001228339970111847,0.0026820419589057565,near_5x5_bal_strong_1000,near_boundary,False,1051,1389927733,1.887379141862766e-15,0,6
1000,1000,0.00910025186491592,0.016267677904043876,0.0009995986581543548,0.009709782189759153,-0.007167426039127955,-0.008710183531604798,0.0074283932441366034,-0.9648689566596874,-1.1725528314592042,0.33461045192837424,0.2409751741242162,0.759,0.338,0.239,True,999,0.00012070895172655582,0.0026320000179111958,near_5x5_bal_strong_1000,near_boundary,False,1052,1389927733,1.887379141862766e-15,0,7
1000,1000,0.010290180494288315,0.013267740886250823,0.002189421164757732,0.007494159247642074,-0.002977560391962508,-0.0053047380828843416,0.006979109956183819,-0.4266389855807115,-0.7600880507956599,0.6696422974691143,0.4472019547299958,0.891,0.669,0.443,True,999,0.00012558302842080593,0.002763541997410357,near_5x5_bal_strong_1000,near_boundary,False,1053,1389927733,1.887379141862766e-15,0,9
1000,1000,0.011489895916275028,0.016089705271875088,0.003388835371197274,0.0075037178157799644,-0.00459980935560006,-0.00411488244458269,0.007984581660644677,-0.5760864565105681,-0.5153535425487092,0.5645567452934318,0.6063059902152057,0.854,0.562,0.611,True,999,0.00012195797171443701,0.0026337919989600778,near_5x5_bal_strong_1000,near_boundary,False,1054,1389927733,1.887379141862766e-15,0,5
1000,1000,0.013174391333760749,0.010243317574058164,0.005072878514511103,0.0018236967817983896,0.002931073759702585,0.0032491817327127137,0.00666009469812056,0.44009490743873614,0.4878581882070857,0.6598683701681736,0.6256502922699403,0.892,0.648,0.624,True,999,0.00011937494855374098,0.002701957942917943,near_5x5_bal_strong_1000,near_boundary,False,1055,1389927733,1.887379141862766e-15,0,6
1000,1000,0.019570385436268545,0.0071252584759012305,0.011466997519164579,-6.269796796232185e-05,0.012445126960367314,0.0115296954871269,0.00682599608174262,1.8231957374915717,1.689086156665866,0.06827375043666602,0.09120292034315368,0.607,0.059,0.093,True,999,0.00011725001968443394,0.0026894579641520977,near_5x5_bal_strong_1000,near_boundary,False,1056,1389927733,1.887379141862766e-15,0,8
1000,1000,0.009278380392420127,0.008888586933908038,0.0011777397050991567,0.0016999092651417413,0.0003897934585120888,-0.0005221695600425846,0.005584162350934373,0.06980338930276023,-0.0935090219852244,0.9443501494870908,0.9254991825930957,0.977,0.943,0.924,True,999,0.0001242499565705657,0.0026750409742817283,near_5x5_bal_strong_1000,near_boundary,False,1057,1389927733,1.887379141862766e-15,0,8
1000,1000,0.01862179252438234,0.02062707467807995,0.010519381766016522,0.014184326638655875,-0.0020052821536976073,-0.003664944872639353,0.009262688215005048,-0.21649030034813865,-0.39566751979218545,0.8286055851018789,0.6923503195983616,0.936,0.816,0.684,True,999,0.0001194999786093831,0.002711292007006705,near_5x5_bal_strong_1000,near_boundary,False,1058,1389927733,1.887379141862766e-15,0,7
1000,1000,0.0085832356517892,0.00849415339653914,0.0004830592097277986,-0.0013115504104348474,8.908225525006142e-05,0.001794609620162646,0.005779371857680279,0.015413829987713784,0.3105198392413125,0.9877020300031252,0.7561656750648813,0.995,0.989,0.763,True,999,0.0001389170065522194,0.002722000004723668,near_5x5_bal_strong_1000,near_boundary,False,1059,1389927733,1.887379141862766e-15,0,5
1000,1000,0.010589428263393152,0.018140509766851054,0.002489492895165313,0.01108188417981637,-0.0075510815034579015,-0.008592391284651058,0.007989971593117743,-0.9450698810947107,-1.075396975385021,0.34462320073623043,0.2821970353855986,0.743,0.357,0.291,True,999,0.00012462504673749208,0.0026598749682307243,near_5x5_bal_strong_1000,near_boundary,False,1060,1389927733,1.887379141862766e-15,0,6
1000,1000,0.010972839448344818,0.010981025461322624,0.002872977259585241,0.001945426029067221,-8.186012977806634e-06,0.00092755123051802,0.006681179861855701,-0.001225234636256741,0.13883045355710455,0.9990224044449643,0.889584128549533,1.0,1.0,0.887,True,999,0.00012024992611259222,0.00271129107568413,near_5x5_bal_strong_1000,near_boundary,False,1061,1389927733,1.887379141862766e-15,0,5
1000,1000,0.011071256212034086,0.010727641991427894,0.0029698366172397073,0.002307212851235363,0.00034361422060619207,0.0006626237660043444,0.00640966865572239,0.0536087337836757,0.10337878626733234,0.9572468979671642,0.9176623480339126,0.99,0.966,0.925,True,999,0.0001275839749723673,0.002683499944396317,near_5x5_bal_strong_1000,near_boundary,False,1062,1389927733,1.887379141862766e-15,0,6
1000,1000,0.013128057699569373,0.004275715474282571,0.0050267822018668085,-0.008962237090884173,0.008852342225286802,0.013989019292750982,0.005696210462058719,1.5540756937002986,2.4558466345176235,0.12016636227660607,0.014055312704159124,0.696,0.123,0.012,True,999,0.00012254202738404274,0.0025980420177802444,near_5x5_bal_strong_1000,near_boundary,False,1063,1389927733,1.887379141862766e-15,0,2
1000,1000,0.013915313943026364,0.005095409693263497,0.005813741553765794,-0.00552684334809328,0.008819904249762867,0.011340584901859074,0.005859342127232065,1.505272103632795,1.9354706817941576,0.13225413417435342,0.05293256302377885,0.679,0.12,0.043,True,999,0.00012191594578325748,0.0027048750780522823,near_5x5_bal_strong_1000,near_boundary,False,1064,1389927733,1.887379141862766e-15,0,5
1000,1000,0.010077765120836801,0.010168037708501387,0.001977412393443956,0.0005870344101595038,-9.027258766458601e-05,0.001390377983284452,0.006045783726424098,-0.014931494699361265,0.22997481322521926,0.988086833583798,0.8181113413366234,0.997,0.991,0.817,True,999,0.00013141694944351912,0.0026745409704744816,near_5x5_bal_strong_1000,near_boundary,False,1065,1389927733,1.887379141862766e-15,0,4
1000,1000,0.010979643685904872,0.015103908620657414,0.0028788751912998123,0.004515991589244095,-0.004124264934752542,-0.0016371163979442827,0.007749537288935433,-0.5321949919050069,-0.21125343835453383,0.5945909512114049,0.8326895137596759,0.856,0.571,0.831,True,999,0.00011991604696959257,0.0027115000411868095,near_5x5_bal_strong_1000,near_boundary,False,1066,1389927733,1.887379141862766e-15,0,3
1000,1000,0.010065027165628626,0.017232469345047796,0.0019649570808724093,0.009355054799812024,-0.00716744217941917,-0.007390097718939614,0.0075440520904706005,-0.9500785643398258,-0.9795926155221732,0.3420723341426066,0.327287251507842,0.761,0.339,0.329,True,999,0.00011737504974007607,0.0027072500670328736,near_5x5_bal_strong_1000,near_boundary,False,1067,1389927733,1.887379141862766e-15,0,6
1000,1000,0.010614448352284978,0.010588635442017436,0.002512927876523463,0.0027829865401258758,2.5812910267541955e-05,-0.0002700586636024127,0.006360497818605048,0.004058316031810717,-0.042458730637791584,0.996761941183795,0.9661330102427502,1.0,0.996,0.969,True,999,0.00012137496378272772,0.002716165967285633,near_5x5_bal_strong_1000,near_boundary,False,1068,1389927733,1.887379141862766e-15,0,7
1000,1000,0.006662755377042862,0.014687206367663963,-0.001437193531955927,0.006669736641526924,-0.008024450990621101,-0.008106930173482851,0.006866458952002119,-1.1686447187281788,-1.1806566135692163,0.2425468032119208,0.2377391636288002,0.744,0.247,0.244,True,999,0.00012137496378272772,0.002673082984983921,near_5x5_bal_strong_1000,near_boundary,False,1069,1389927733,1.887379141862766e-15,0,6
1000,1000,0.01096359815819059,0.007916060658095858,0.0028630792558033136,-0.0003216103715431018,0.0030475375000947325,0.0031846896273464154,0.005800099373605303,0.525428497650102,0.5490750109970673,0.5992853472254841,0.5829539734859879,0.892,0.596,0.584,True,999,0.00012149999383836985,0.002704333048313856,near_5x5_bal_strong_1000,near_boundary,False,1070,1389927733,1.887379141862766e-15,0,7
1000,1000,0.010056428604304557,0.01814760025760076,0.0019555227320324775,0.00928837988868736,-0.008091171653296203,-0.007332857156654882,0.008005432560264055,-1.0107101137117467,-0.9159851265317525,0.31215519500795896,0.35967469601897606,0.714,0.295,0.335,True,999,0.0001215840457007289,0.0027239590417593718,near_5x5_bal_strong_1000,near_boundary,False,1071,1389927733,1.887379141862766e-15,0,5
1000,1000,0.010941644965139607,0.015093756314714435,0.0028399219734183134,0.005895415804559434,-0.004152111349574827,-0.0030554938311411206,0.007389194141956953,-0.5619166677457446,-0.41350839786324844,0.5741727969288883,0.6792341709415614,0.86,0.58,0.691,True,999,0.0001235420349985361,0.0026552079943940043,near_5x5_bal_strong_1000,near_boundary,False,1072,1389927733,1.887379141862766e-15,0,4
1000,1000,0.010931363585116483,0.021195929997425034,0.0028299224516104005,0.013815539531378818,-0.010264566412308551,-0.010985617079768417,0.0083730709673062,-1.2259022349610977,-1.3120176722093078,0.2202354676633973,0.18951417188253417,0.69,0.239,0.215,True,999,0.00011983397416770458,0.0027463750448077917,near_5x5_bal_strong_1000,near_boundary,False,1073,1389927733,1.887379141862766e-15,0,6
1000,1000,0.019334204726178195,0.01181279359564974,0.011231833214878861,0.006395645618056278,0.007521411130528455,0.004836187596822583,0.007576581622055076,0.9927182871803265,0.6383073314678834,0.3208472604991812,0.5232736404664335,0.733,0.322,0.528,True,999,0.00011879100929945707,0.0026973329950124025,near_5x5_bal_strong_1000,near_boundary,False,1074,1389927733,1.887379141862766e-15,0,9
1000,1000,0.01972777492160982,0.014736094746115702,0.011624924779653156,0.006016532532044039,0.004991680175494118,0.0056083922476091175,0.00834170551312853,0.5984004311394114,0.6723316039846278,0.5495727781628419,0.5013726143266636,0.819,0.532,0.49,True,999,0.00012374995276331902,0.00267920910846442,near_5x5_bal_strong_1000,near_boundary,False,1075,1389927733,1.887379141862766e-15,0,4
1000,1000,0.009201617735342005,0.017790211911169473,0.0011014887418241415,0.009601634362127243,-0.008588594175827469,-0.008500145620303101,0.007754266980778349,-1.1075958819985552,-1.0961894452916918,0.26803638269114494,0.27299587762018196,0.715,0.248,0.251,True,999,0.00012075004633516073,0.0027294999454170465,near_5x5_bal_strong_1000,near_boundary,False,1076,1389927733,1.887379141862766e-15,0,5
1000,1000,0.006585750764540155,0.010393823933152357,-0.0015139034826461284,0.0018357388271965647,-0.0038080731686122027,-0.003349642309842693,0.005857841608812574,-0.6500812795763056,-0.5718219326387163,0.515639720885547,0.567442616894408,0.864,0.538,0.593,True,999,0.00012008403427898884,0.0026848750421777368,near_5x5_bal_strong_1000,near_boundary,False,1077,1389927733,1.887379141862766e-15,0,7
1000,1000,0.015278192066803031,0.010752212985046694,0.007176682373028598,-3.83118865556753e-05,0.004525979081756337,0.007214994259584273,0.007346509256956901,0.6160720586406918,0.9820983010062789,0.5378469623331095,0.3260514224158554,0.844,0.539,0.319,True,999,0.00012283306568861008,0.002653124975040555,near_5x5_bal_strong_1000,near_boundary,False,1078,1389927733,1.887379141862766e-15,0,4
1000,1000,0.006750777289042942,0.0185024695337202,-0.0013488546132975898,0.011714122826390394,-0.011751692244677259,-0.013062977439687984,0.00754371768343851,-1.5578117763443007,-1.731636573352482,0.11927787356670612,0.08333829011507853,0.641,0.115,0.08,True,999,0.00012041698209941387,0.0027338749496266246,near_5x5_bal_strong_1000,near_boundary,False,1079,1389927733,1.887379141862766e-15,0,6
1000,1000,0.014989400589188184,0.011708191626937148,0.006887368163916108,0.003949021354287652,0.0032812089622510365,0.002938346809628456,0.007210708321997913,0.45504669107762397,0.40749766575141555,0.6490756484929239,0.683642508214899,0.881,0.623,0.649,True,999,0.00011937494855374098,0.002713583060540259,near_5x5_bal_strong_1000,near_boundary,False,1080,1389927733,1.887379141862766e-15,0,7
1000,1000,0.013802285871776565,0.016761871705486653,0.005701608139816017,0.010142386314896612,-0.0029595858337100878,-0.004440778175080595,0.00801327294962408,-0.3693354578479606,-0.554177825090673,0.7118776993648592,0.5794571526937633,0.898,0.683,0.556,True,999,0.00012091698590666056,0.0026714999694377184,near_5x5_bal_strong_1000,near_boundary,False,1081,1389927733,1.887379141862766e-15,0,7
1000,1000,0.014026892607170494,0.010665118671760787,0.005925403513856509,0.0012639647432592938,0.0033617739354097065,0.004661438770597215,0.007160580981954397,0.4694834041932935,0.6509861116499698,0.6387241445690266,0.5150554521996384,0.864,0.647,0.531,True,999,0.00011904200073331594,0.0027655839221552014,near_5x5_bal_strong_1000,near_boundary,False,1082,1389927733,1.887379141862766e-15,0,5
1000,1000,0.011150764560265758,0.007198302959574299,0.0030500431294058217,-0.001423873434532652,0.003952461600691459,0.004473916563938474,0.005536092469241498,0.7139442888014093,0.8081361698337829,0.4752616295482083,0.4190121977743836,0.847,0.456,0.407,True,999,0.00011933303903788328,0.002704166923649609,near_5x5_bal_strong_1000,near_boundary,False,1083,1389927733,1.887379141862766e-15,0,7
1000,1000,0.008926067350856215,0.012702726209242843,0.0008262540777650429,0.0017114069508465946,-0.003776658858386628,-0.0008851528730815517,0.006941489202637971,-0.5440704073920314,-0.12751627889087078,0.5863930234574342,0.8985317896655622,0.857,0.565,0.893,True,999,0.00012183305807411671,0.002685957937501371,near_5x5_bal_strong_1000,near_boundary,False,1084,1389927733,1.887379141862766e-15,0,3
1000,1000,0.01522612704169779,0.01658506853099395,0.0071240514803321275,0.008478636176789678,-0.0013589414892961615,-0.0013545846964575503,0.008195913720140136,-0.16580719803781999,-0.1652756169368739,0.8683086813219881,0.8687270497420535,0.964,0.888,0.888,True,999,0.00012154201976954937,0.0027433750219643116,near_5x5_bal_strong_1000,near_boundary,False,1085,1389927733,1.887379141862766e-15,0,5
1000,1000,0.011186418929050479,0.009813134893699726,0.0030857726264912344,-0.0036601925236823263,0.0013732840353507525,0.006745965150173561,0.00690902606677392,0.19876666002969498,0.9763988563620374,0.8424452770212993,0.32886684801973587,0.967,0.849,0.317,True,999,0.0001497500343248248,0.0027068329509347677,near_5x5_bal_strong_1000,near_boundary,False,1086,1389927733,1.887379141862766e-15,0,1
1000,1000,0.010383160449284778,0.015787780879295388,0.0022823745960067754,0.006780663903896311,-0.005404620430010609,-0.004498289307889536,0.007500638494259878,-0.720554714661516,-0.5997208519424055,0.47118352455588763,0.5486922890795245,0.803,0.477,0.563,True,999,0.00012216705363243818,0.0026346250670030713,near_5x5_bal_strong_1000,near_boundary,False,1087,1389927733,1.887379141862766e-15,0,5
1000,1000,0.010455158997082048,0.01896448870724965,0.002355128177896404,0.012012175638005829,-0.008509329710167601,-0.009657047460109425,0.008091429038487538,-1.0516473257927967,-1.1934909660796498,0.292961386175538,0.23267714809902496,0.713,0.277,0.209,True,999,0.0001200410770252347,0.002781833056360483,near_5x5_bal_strong_1000,near_boundary,False,1088,1389927733,1.887379141862766e-15,0,7
1000,1000,0.018818172108411746,0.00902835689571746,0.010715827417243418,0.0008377506420060854,0.009789815212694286,0.009878076775237332,0.007196456120624817,1.3603661369708049,1.372630724020824,0.17371408884806216,0.16986717545333574,0.688,0.176,0.17,True,999,0.00012229091953486204,0.0026453749742358923,near_5x5_bal_strong_1000,near_boundary,False,1089,1389927733,1.887379141862766e-15,0,7
1000,1000,0.006754663950148787,0.02005810538219288,-0.0013454823290430795,0.012598142389265377,-0.013303441432044094,-0.013943624718308456,0.0074394930015156836,-1.788218824768532,-1.8742708294056671,0.07374071032271447,0.060893105986436054,0.539,0.083,0.069,True,999,0.00011962500866502523,0.0026970840990543365,near_5x5_bal_strong_1000,near_boundary,False,1090,1389927733,1.887379141862766e-15,0,6
1000,1000,0.01477676957378149,0.015579434270521497,0.006675539743810077,0.009589693436851121,-0.0008026646967400075,-0.002914153693041044,0.00789139034094627,-0.10171397713976961,-0.36928266973695323,0.9189837075349887,0.711917041655971,0.97,0.913,0.685,True,999,0.0001212910283356905,0.0027399170212447643,near_5x5_bal_strong_1000,near_boundary,False,1091,1389927733,1.887379141862766e-15,0,8
1000,1000,0.006348899641709149,0.016236871964219413,-0.0017508715168332856,0.004839509150599497,-0.009887972322510263,-0.0065903806674327825,0.007409455109174171,-1.3345073526752682,-0.8894555092550281,0.18203763879446744,0.3737583238323948,0.655,0.181,0.385,True,999,0.00012420793063938618,0.002654417068697512,near_5x5_bal_strong_1000,near_boundary,False,1092,1389927733,1.887379141862766e-15,0,3
1000,1000,0.01105723697266403,0.015942634332658412,0.002956185753646423,0.008045397919431707,-0.004885397359994381,-0.005089212165785284,0.007475859690701728,-0.653489707153106,-0.680752766416297,0.5134406229037136,0.49602794190598065,0.838,0.509,0.492,True,999,0.0001193750649690628,0.0026942919939756393,near_5x5_bal_strong_1000,near_boundary,False,1093,1389927733,1.887379141862766e-15,0,6
1000,1000,0.01733984936624,0.008728832971965528,0.00923697720418204,0.000651187484379534,0.008611016394274473,0.008585789719802506,0.006800834069782872,1.266170635236421,1.262461285145959,0.20545199820393,0.20678284875561492,0.723,0.215,0.216,True,999,0.0001235000090673566,0.002678917022421956,near_5x5_bal_strong_1000,near_boundary,False,1094,1389927733,1.887379141862766e-15,0,6
1000,1000,0.011186442087164794,0.016273354495254577,0.003084191863081287,0.009302692214191666,-0.005086912408089783,-0.006218500351110379,0.007610822704730656,-0.6683787818270833,-0.8170602039179218,0.5038918361173671,0.4138940239040756,0.835,0.493,0.405,True,999,0.0001194999786093831,0.0026587500469759107,near_5x5_bal_strong_1000,near_boundary,False,1095,1389927733,1.887379141862766e-15,0,7
1000,1000,0.0078518036053985,0.03154992085657715,-0.00024885297898435965,0.023489009905063085,-0.023698117251178652,-0.023737862884047445,0.01009536338274904,-2.347425877871222,-2.3513628964174496,0.01890363395614342,0.01870478141021607,0.328,0.02,0.02,True,999,0.00012183305807411671,0.0026682919124141335,near_5x5_bal_strong_1000,near_boundary,False,1096,1389927733,1.887379141862766e-15,0,5
1000,1000,0.01028352038745517,0.006886902043933774,0.002183423865972145,-0.002735060064424033,0.003396618343521396,0.004918483930396178,0.005266298733320653,0.6449725918566844,0.9339546006526748,0.5189449474220496,0.3503273120393049,0.884,0.508,0.322,True,999,0.00011874991469085217,0.0027484160382300615,near_5x5_bal_strong_1000,near_boundary,False,1097,1389927733,1.887379141862766e-15,0,6
1000,1000,0.014087387541402263,0.011551027042567719,0.005986706328258151,0.0015613474514566406,0.0025363604988345445,0.004425358876801511,0.007250549621151966,0.3498163079161946,0.6103480574619404,0.7264765594421662,0.5416312685630931,0.889,0.719,0.539,True,999,0.0001230000052601099,0.002661583013832569,near_5x5_bal_strong_1000,near_boundary,False,1098,1389927733,1.887379141862766e-15,0,4
1000,1000,0.008562077853763839,0.01869732186516304,0.0004619533924596908,0.009562738814452132,-0.010135244011399203,-0.009100785421992441,0.007888707159951124,-1.284778837127223,-1.1536472627853038,0.19886957967796426,0.24864481320967435,0.645,0.174,0.216,True,999,0.00012012501247227192,0.0026609579799696803,near_5x5_bal_strong_1000,near_boundary,False,1099,1389927733,1.887379141862766e-15,0,4
1000,1000,0.013516935104087358,0.009909659525231818,0.005415005054146604,0.004154165734746584,0.00360727557885554,0.00126083931940002,0.0063981949344196175,0.5637958230140666,0.1970617232396642,0.5728930948232741,0.8437792364771415,0.893,0.58,0.862,True,999,0.00012999994214624166,0.002750542014837265,near_5x5_bal_strong_1000,near_boundary,False,1100,1389927733,1.887379141862766e-15,0,9
1000,1000,0.011116188803989902,0.008126418632482202,0.003015726207422631,-0.00204349651545499,0.0029897701715076996,0.005059222722877621,0.005988488646913373,0.4992528746044642,0.844824632920575,0.6176012495690724,0.39820875912071263,0.899,0.621,0.387,True,999,0.00011433300096541643,0.0026516669895499945,near_5x5_bal_strong_1000,near_boundary,False,1101,1389927733,1.887379141862766e-15,0,5
1000,1000,0.00717862310744688,0.017217584037474143,-0.0009207991301991569,0.011040560850688053,-0.010038960930027263,-0.01196135998088721,0.00703205231992006,-1.4276004320373694,-1.700977102659439,0.15340689920021466,0.08894728690001175,0.632,0.15,0.095,True,999,0.00012458302080631256,0.002703749923966825,near_5x5_bal_strong_1000,near_boundary,False,1102,1389927733,1.887379141862766e-15,0,7
1000,1000,0.010993378407468501,0.030149339796546992,0.002892985161679462,0.023118227042687067,-0.01915596138907849,-0.020225241881007605,0.010042493298096188,-1.9074905823148516,-2.0139661815698515,0.05645708942591482,0.04401308421054273,0.384,0.062,0.051,True,999,0.00012079195585101843,0.002741375006735325,near_5x5_bal_strong_1000,near_boundary,False,1103,1389927733,1.887379141862766e-15,0,6
1000,1000,0.014403667208284787,0.010924232289218405,0.00630286744217301,0.0036152882692022104,0.003479434919066382,0.0026875791729708,0.007152363150629119,0.48647346978744116,0.3757610060297905,0.6266315110035852,0.7070945795213908,0.893,0.642,0.724,True,999,0.0001154160127043724,0.0026916670612990856,near_5x5_bal_strong_1000,near_boundary,False,1104,1389927733,1.887379141862766e-15,0,6
1000,1000,0.010628260078909824,0.016733894401068983,0.0025270048106449394,0.00982980938874789,-0.006105634322159159,-0.0073028045781029505,0.007727765503874193,-0.7900905273456079,-0.9450085635287205,0.4294749015636581,0.34465450409626486,0.811,0.446,0.349,True,999,0.00012387498281896114,0.0027130419621244073,near_5x5_bal_strong_1000,near_boundary,False,1105,1389927733,1.887379141862766e-15,0,7
1000,1000,0.008596930980663497,0.009540765027824527,0.000496168072004366,-0.0008609464315441073,-0.0009438340471610296,0.0013571145035484733,0.00608660865230425,-0.15506731269862664,0.2229672681575644,0.8767682511243521,0.8235609814675562,0.959,0.871,0.835,True,999,0.00012333400081843138,0.0027444169390946627,near_5x5_bal_strong_1000,near_boundary,False,1106,1389927733,1.887379141862766e-15,0,4
1000,1000,0.010664984483972795,0.011066051950188283,0.002565049528129748,0.0032114199527768506,-0.00040106746621548783,-0.0006463704246471025,0.0065604238619982255,-0.0611343831819622,-0.09852571087536803,0.9512521865315664,0.921514856952381,0.984,0.95,0.915,True,999,0.00012129207607358694,0.002690416993573308,near_5x5_bal_strong_1000,near_boundary,False,1107,1389927733,1.887379141862766e-15,0,7
1000,1000,0.014277535341101544,0.010985991256875438,0.006176103455345583,0.003180896347146245,0.0032915440842261057,0.002995207108199338,0.006974946702385057,0.471909567868178,0.42942365526250376,0.6369913384289951,0.6676149419619051,0.885,0.621,0.65,True,999,0.00011887506116181612,0.0026950000319629908,near_5x5_bal_strong_1000,near_boundary,False,1108,1389927733,1.887379141862766e-15,0,7
1000,1000,0.014705692579087604,0.011335234455609133,0.0066045095015851984,0.0032084383041706133,0.0033704581234784703,0.003396071197414585,0.0072142233384329705,0.4671962545881731,0.4707466123653803,0.6403594730789233,0.6378216935038455,0.89,0.635,0.633,True,999,0.00011979194823652506,0.002677166019566357,near_5x5_bal_strong_1000,near_boundary,False,1109,1389927733,1.887379141862766e-15,0,7
1000,1000,0.016658040806799557,0.02073631183904323,0.008555350256756356,0.013830025020354242,-0.004078271032243674,-0.005274674763597886,0.008914179350956033,-0.45750381181261357,-0.5917173702627135,0.6473089631078692,0.5540398628266872,0.874,0.651,0.569,True,999,0.00011791603174060583,0.002652833005413413,near_5x5_bal_strong_1000,near_boundary,False,1110,1389927733,1.887379141862766e-15,0,7
1000,1000,0.01797525545383838,0.014363545613937712,0.009873132711618382,0.006618707211828223,0.0036117098399006675,0.003254425499790159,0.008273009041755949,0.4365654409020301,0.39337869490583877,0.6624265302806105,0.6940398029240158,0.892,0.673,0.707,True,999,0.00012016703840345144,0.00269791588652879,near_5x5_bal_strong_1000,near_boundary,False,1111,1389927733,1.887379141862766e-15,0,7
1000,1000,0.009110887210545204,0.013123356575024614,0.0010102123628712434,0.006363414166685288,-0.00401246936447941,-0.005353201803814045,0.006225677744032121,-0.6445032218902956,-0.8598584802988841,0.5192491690442209,0.3898670580746968,0.862,0.539,0.401,True,999,0.0001223749713972211,0.0027274590684100986,near_5x5_bal_strong_1000,near_boundary,False,1112,1389927733,1.887379141862766e-15,0,8
1000,1000,0.014566743509357494,0.014387846312107266,0.006465576175514798,0.0064758798783373095,0.00017889719725022735,-1.0303702822511696e-05,0.007766509788731443,0.023034439164654405,-0.001326683813295582,0.9816228017502813,0.9989414597788254,0.997,0.986,0.999,True,999,0.00011704105418175459,0.00267083290964365,near_5x5_bal_strong_1000,near_boundary,False,1113,1389927733,1.887379141862766e-15,0,6
1000,1000,0.013598630051610883,0.01553165267669454,0.0054973249675640545,0.009622708849803985,-0.001933022625083658,-0.00412538388223993,0.0074789464961824625,-0.25846188712144763,-0.5515995981981797,0.7960504595105922,0.5812227117800881,0.911,0.779,0.572,True,999,0.00011891592293977737,0.0027010419871658087,near_5x5_bal_strong_1000,near_boundary,False,1114,1389927733,1.887379141862766e-15,0,8
1000,1000,0.02086604606794018,0.011210475413544918,0.012763342291464141,0.0035633493513955727,0.009655570654395262,0.009199992940068569,0.007875685631699447,1.225997469418005,1.1681513674236585,0.22019962732800458,0.24274571335153938,0.691,0.22,0.244,True,999,0.00011845806147903204,0.002707582898437977,near_5x5_bal_strong_1000,near_boundary,False,1115,1389927733,1.887379141862766e-15,0,6
1000,1000,0.009713014324191915,0.012802395533851763,0.0016130467809034599,0.004200546434731223,-0.003089381209659847,-0.002587499653827763,0.006702107646543905,-0.460956668049484,-0.38607252976040546,0.6448296939260514,0.6994429537340784,0.895,0.636,0.69,True,999,0.00014112505596131086,0.0026171249337494373,near_5x5_bal_strong_1000,near_boundary,False,1116,1389927733,1.887379141862766e-15,0,5
1000,1000,0.017613127511775906,0.01310189256826555,0.009510925393669822,0.002198466450579417,0.004511234943510356,0.007312458943090405,0.007960350319572597,0.5667131171876078,0.9186101929598272,0.5709091074752481,0.3582994985904464,0.834,0.553,0.341,True,999,0.00012262491509318352,0.0026846659602597356,near_5x5_bal_strong_1000,near_boundary,False,1117,1389927733,1.887379141862766e-15,0,3
1000,1000,0.013820735199431056,0.021026638046531487,0.005718791934214096,0.010310519546521846,-0.007205902847100432,-0.00459172761230775,0.00903345711122386,-0.7976904919543223,-0.5083023648391085,0.4250501228127994,0.6112413118511355,0.739,0.413,0.607,True,999,0.000128040905110538,0.0027044169837608933,near_5x5_bal_strong_1000,near_boundary,False,1118,1389927733,1.887379141862766e-15,0,2
1000,1000,0.009031296662622479,0.010262882692714581,0.0009313204066074832,0.003230862680993596,-0.0012315860300921022,-0.0022995422743861127,0.006023250546482431,-0.20447199076109268,-0.3817776226707092,0.8379846777451607,0.7026263183188421,0.957,0.826,0.71,True,999,0.00011420901864767075,0.002664875006303191,near_5x5_bal_strong_1000,near_boundary,False,1119,1389927733,1.887379141862766e-15,0,7
1000,1000,0.012296074624908337,0.0209949608292902,0.004194925054889609,0.015089342475789636,-0.008698886204381862,-0.010894417420900027,0.00843713027610304,-1.0310242842901463,-1.2912467941566457,0.3025294319688945,0.1966181136151196,0.694,0.283,0.179,True,999,0.00011704093776643276,0.002682125079445541,near_5x5_bal_strong_1000,near_boundary,False,1120,1389927733,1.887379141862766e-15,0,8
1000,1000,0.021911594438779103,0.026767406270092553,0.013808307637646067,0.0196496482284374,-0.00485581183131345,-0.005841340590791333,0.010568687553006115,-0.4594526810410137,-0.5527025528472402,0.6459091248600837,0.5804671049994476,0.826,0.635,0.566,True,999,0.00012520793825387955,0.0026953340275213122,near_5x5_bal_strong_1000,near_boundary,False,1121,1389927733,1.887379141862766e-15,0,6
1000,1000,0.015326948772820703,0.013532125852467936,0.007224945845564434,0.007160324106905591,0.0017948229203527677,6.462173865884324e-05,0.0073703129126984025,0.2435205861152035,0.008767841938909494,0.807602139605562,0.9930043639171473,0.93,0.816,0.993,True,999,0.00011549994815140963,0.0026672499952837825,near_5x5_bal_strong_1000,near_boundary,False,1122,1389927733,1.887379141862766e-15,0,8
1000,1000,0.015442736779623267,0.00984425323569632,0.007341078420722624,0.0030393735161737823,0.0055984835439269465,0.004301704904548842,0.007142680999134748,0.7838070249259539,0.6022535382820461,0.433153351196799,0.5470053828699513,0.817,0.431,0.551,True,999,0.00011904200073331594,0.00272062502335757,near_5x5_bal_strong_1000,near_boundary,False,1123,1389927733,1.887379141862766e-15,0,8
1000,1000,0.01076860238511168,0.012726593752467708,0.002668405549684394,0.0019606655813504403,-0.0019579913673560267,0.0007077399683339536,0.007087536135058507,-0.27625839643636096,0.09985698201002699,0.7823496077434353,0.920457868968401,0.932,0.776,0.924,True,999,0.0001234590308740735,0.0026962499832734466,near_5x5_bal_strong_1000,near_boundary,False,1124,1389927733,1.887379141862766e-15,0,2
1000,1000,0.009196608929759043,0.014819212796052805,0.0010964734265144216,0.009465606559842854,-0.005622603866293763,-0.008369133133328432,0.00714658410593143,-0.7867540328290806,-1.1710676050649604,0.43142586698095176,0.24157160394412802,0.794,0.41,0.229,True,999,0.00012149999383836985,0.0026623330777511,near_5x5_bal_strong_1000,near_boundary,False,1125,1389927733,1.887379141862766e-15,0,9
1000,1000,0.014103379637068869,0.014347724255168892,0.0060009835544860834,0.0054050757000254634,-0.00024434461810002306,0.00059590785446062,0.00770935957900399,-0.03169454162774843,0.07729667404326836,0.9747156478515946,0.9383875367220715,0.987,0.973,0.931,True,999,0.00012337497901171446,0.0027237089816480875,near_5x5_bal_strong_1000,near_boundary,False,1126,1389927733,1.887379141862766e-15,0,5
1000,1000,0.010013923622445686,0.015208966492615716,0.0019136370519845514,0.0056558637438683945,-0.00519504287017003,-0.003742226691883843,0.007519812716928567,-0.6908473742271499,-0.497648921955112,0.4896614606023534,0.6187315154596602,0.812,0.5,0.631,True,999,0.00011937494855374098,0.0026879169745370746,near_5x5_bal_strong_1000,near_boundary,False,1127,1389927733,1.887379141862766e-15,0,4
1000,1000,0.016029856343742432,0.0072541991588775945,0.007928774402671479,-0.005394529854356733,0.008775657184864838,0.013323304257028212,0.006971025534270568,1.2588760637473553,1.9112402029699826,0.20807510076322977,0.05597371959741045,0.687,0.209,0.052,True,999,0.00011799996718764305,0.0026883750688284636,near_5x5_bal_strong_1000,near_boundary,False,1128,1389927733,1.887379141862766e-15,0,1
1000,1000,0.01715997905775457,0.016539381371693307,0.00905823759330815,0.008966759456257023,0.0006205976860612639,9.14781370511264e-05,0.008267925134921734,0.07506087391140105,0.011064219324476545,0.9401662780629425,0.9911722103358774,0.976,0.924,0.988,True,999,0.00011912500485777855,0.002743458026088774,near_5x5_bal_strong_1000,near_boundary,False,1129,1389927733,1.887379141862766e-15,0,6
1000,1000,0.010756918985949104,0.008604564187471797,0.002656436460256373,-0.0008138162299928808,0.0021523547984773073,0.0034702526902492536,0.005962864428711308,0.36095987494092224,0.5819774592794563,0.7181294428416929,0.5605818638798603,0.92,0.719,0.559,True,999,0.00012033304665237665,0.0026907079154625535,near_5x5_bal_strong_1000,near_boundary,False,1130,1389927733,1.887379141862766e-15,0,5
1000,1000,0.018319740470704726,0.011691336123051621,0.010217582221002885,0.002677151415014123,0.006628404347653105,0.007540430805988763,0.007506733347779232,0.8829945118023982,1.0044889643268733,0.37723923677685667,0.3151429878493768,0.769,0.367,0.304,True,999,0.00011691695544868708,0.002636625082232058,near_5x5_bal_strong_1000,near_boundary,False,1131,1389927733,1.887379141862766e-15,0,5
1000,1000,0.010624650873375607,0.014827878907738068,0.0025242503943445627,0.0038669369722583724,-0.004203228034362461,-0.0013426865779138097,0.007609760350738685,-0.5523469650334587,-0.1764426888664732,0.5807106590941467,0.8599461698360172,0.862,0.57,0.864,True,999,0.00011945806909352541,0.002745790989138186,near_5x5_bal_strong_1000,near_boundary,False,1132,1389927733,1.887379141862766e-15,0,3
1000,1000,0.00678777606318115,0.024545381746084338,-0.0013118447593569726,0.017111623900575523,-0.017757605682903188,-0.018423468659932496,0.008605508965418396,-2.063516028425847,-2.1408923904405874,0.039063626541337486,0.03228271694341267,0.429,0.045,0.038,True,999,0.00011987506877630949,0.002705874969251454,near_5x5_bal_strong_1000,near_boundary,False,1133,1389927733,1.887379141862766e-15,0,6
1000,1000,0.018473328055794047,0.013109123749646234,0.010371123753884604,0.006095148241968218,0.005364204306147813,0.004275975511916386,0.007951982652127586,0.674574447758962,0.5377244517469276,0.49994617173512623,0.5907672956472905,0.827,0.517,0.595,True,999,0.00012958294246345758,0.00267999991774559,near_5x5_bal_strong_1000,near_boundary,False,1134,1389927733,1.887379141862766e-15,0,7
1000,1000,0.0034782424414414592,0.0075245390377226,-0.004620636022764302,-0.003715362549655765,-0.00404629659628114,-0.0009052734731085366,0.004511809825276391,-0.8968233930456647,-0.20064530823904575,0.3698131631787668,0.8409759275787474,0.857,0.361,0.84,True,999,0.00011966703459620476,0.002711417037062347,near_5x5_bal_strong_1000,near_boundary,False,1135,1389927733,1.887379141862766e-15,0,4
1000,1000,0.013793371730791204,0.016771245578711458,0.005690586844593781,0.009000757543844884,-0.0029778738479202538,-0.0033101706992511026,0.008228102405801534,-0.3619150201412894,-0.40230061999679806,0.7174155352923386,0.6874627984157801,0.899,0.723,0.685,True,999,0.0001419170293956995,0.002695458009839058,near_5x5_bal_strong_1000,near_boundary,False,1136,1389927733,1.887379141862766e-15,0,7
1000,1000,0.011977588492282587,0.013375800145729755,0.00387631718490411,0.006976538727144543,-0.0013982116534471678,-0.0031002215422404333,0.006880368414403031,-0.2032175559843887,-0.4505894678184062,0.8389649914345741,0.6522854588842993,0.952,0.829,0.638,True,999,0.0001168340677395463,0.002675041905604303,near_5x5_bal_strong_1000,near_boundary,False,1137,1389927733,1.887379141862766e-15,0,8
1000,1000,0.015807008003140943,0.0145519376018729,0.007705071150212461,0.0070170960212863065,0.0012550704012680436,0.0006879751289261549,0.007766953552144412,0.16159107851514393,0.08857721683377505,0.8716278832909239,0.929417915231627,0.95,0.85,0.905,True,999,0.00012541702017188072,0.002756292000412941,near_5x5_bal_strong_1000,near_boundary,False,1138,1389927733,1.887379141862766e-15,0,6
1000,1000,0.007510464874538547,0.016929974859754116,-0.0005898732863443001,0.007773465717207273,-0.009419509985215568,-0.008363339003551573,0.00754780501190346,-1.2479800379527939,-1.1080491600355273,0.21203836762305317,0.2678405855780924,0.692,0.202,0.259,True,999,0.00012654205784201622,0.002654624986462295,near_5x5_bal_strong_1000,near_boundary,False,1139,1389927733,1.887379141862766e-15,0,4
1000,1000,0.010870261026630468,0.0120968269169629,0.002770280264030589,0.004221799462072795,-0.0012265658903324317,-0.001451519198042206,0.006561002724488031,-0.18694793186938408,-0.22123435380153283,0.8517014574325776,0.8249099614432636,0.949,0.836,0.805,True,999,0.00011349993292242289,0.002667749999091029,near_5x5_bal_strong_1000,near_boundary,False,1140,1389927733,1.887379141862766e-15,0,5
1000,1000,0.007860019619740921,0.01937807122518692,-0.00023926640642457642,0.011104372826821418,-0.011518051605446,-0.011343639233245995,0.007985769875079877,-1.442322003466296,-1.4204816079968159,0.14921155567720223,0.1554675192929711,0.625,0.155,0.162,True,999,0.00011975003872066736,0.0027469999622553587,near_5x5_bal_strong_1000,near_boundary,False,1141,1389927733,1.887379141862766e-15,0,6
1000,1000,0.012133780884526102,0.013569172384287509,0.004031965356034561,0.005627630604010392,-0.001435391499761407,-0.0015956652479758304,0.007120970386170593,-0.2015724573927501,-0.22407974776509682,0.8402509790383352,0.8226952507568219,0.953,0.835,0.812,True,999,0.00012720900122076273,0.0026789590483531356,near_5x5_bal_strong_1000,near_boundary,False,1142,1389927733,1.887379141862766e-15,0,6
1000,1000,0.008166990624361103,0.017688895717523356,6.637873275394668e-05,0.009397660756803816,-0.009521905093162253,-0.00933128202404987,0.007527590940433369,-1.2649339169078269,-1.239610666664714,0.20589501781824193,0.21511943340872708,0.674,0.21,0.219,True,999,0.00011487491428852081,0.002666583051905036,near_5x5_bal_strong_1000,near_boundary,False,1143,1389927733,1.887379141862766e-15,0,6
1000,1000,0.012241139328774686,0.012486995890311214,0.004139822737670329,0.003132093344390796,-0.00024585656153652824,0.0010077293932795328,0.007129630867694186,-0.03448377147413824,0.1413438384090487,0.972491383139745,0.8875983191751079,0.986,0.962,0.893,True,999,0.00011987495236098766,0.002704208018258214,near_5x5_bal_strong_1000,near_boundary,False,1144,1389927733,1.887379141862766e-15,0,5
1000,1000,0.017238496403490844,0.006074076162791042,0.009136588644196308,-0.004162194400294084,0.011164420240699802,0.013298783044490392,0.006508723815942796,1.7153009647379887,2.0432243586547156,0.08629006179210652,0.04103023348803636,0.625,0.081,0.037,True,999,0.00012854195665568113,0.002731958986259997,near_5x5_bal_strong_1000,near_boundary,False,1145,1389927733,1.887379141862766e-15,0,5
1000,1000,0.02364757178174348,0.01542269602128582,0.01554363065747566,0.007839564617768247,0.008224875760457662,0.0077040660397074134,0.00884138452651132,0.9302701105007901,0.8713642095993448,0.35223124934819416,0.3835553213303132,0.721,0.379,0.415,True,999,0.00012095796409994364,0.002673499984666705,near_5x5_bal_strong_1000,near_boundary,False,1146,1389927733,1.887379141862766e-15,0,6
1000,1000,0.015085125727091642,0.014369792331460407,0.006983304266896084,0.005739513999628798,0.0007153333956312347,0.0012437902672672863,0.007689535396029625,0.09302686817731358,0.16175102957579188,0.9258822160536211,0.8715019178263177,0.982,0.927,0.879,True,999,0.0001200829865410924,0.002774457912892103,near_5x5_bal_strong_1000,near_boundary,False,1147,1389927733,1.887379141862766e-15,0,5
1000,1000,0.015603659848961948,0.012844094623555846,0.007500334471842507,0.00471891765437249,0.002759565225406102,0.002781416817470017,0.007253150529528258,0.3804643532726437,0.38347705678333954,0.703600752536476,0.7013660785131821,0.899,0.688,0.686,True,999,0.00012029195204377174,0.0026885420083999634,near_5x5_bal_strong_1000,near_boundary,False,1148,1389927733,1.887379141862766e-15,0,7
1000,1000,0.017730286272868323,0.009106719303060562,0.009628732748069524,-0.0003610777098970175,0.008623566969807761,0.009989810457966541,0.007465133260765079,1.1551792404204124,1.3381958645628673,0.24801703404636077,0.18083259684868036,0.716,0.237,0.172,True,999,0.00012562505435198545,0.0026699999580159783,near_5x5_bal_strong_1000,near_boundary,False,1149,1389927733,1.887379141862766e-15,0,5
1000,1000,0.018496935249807667,0.021724501809976204,0.010394191199111447,0.013359439795578965,-0.0032275665601685377,-0.002965248596467518,0.00928782205864092,-0.3475052105639527,-0.3192619946577035,0.728211804670413,0.7495278496748564,0.884,0.726,0.746,True,999,0.0001228750916197896,0.0027143750339746475,near_5x5_bal_strong_1000,near_boundary,False,1150,1389927733,1.887379141862766e-15,0,4
1000,1000,0.017830356401763447,0.014604604489041995,0.009728567562660828,0.002276242536368045,0.003225751912721453,0.007452325026292783,0.008557903951403975,0.37693247447492667,0.8708119498198136,0.7062237872221788,0.38385683940803594,0.884,0.657,0.347,True,999,0.00011991604696959257,0.0026591250207275152,near_5x5_bal_strong_1000,near_boundary,False,1151,1389927733,1.887379141862766e-15,0,2
1000,1000,0.012040060049818946,0.014307113513631786,0.003938769643127671,0.007063552753663771,-0.0022670534638128403,-0.0031247831105361,0.007228725725328755,-0.31361730268300325,-0.43227302145206076,0.753811716464018,0.6655429927624665,0.928,0.754,0.675,True,999,0.00011816690675914288,0.0027041659923270345,near_5x5_bal_strong_1000,near_boundary,False,1152,1389927733,1.887379141862766e-15,0,6
1000,1000,0.015995903192380867,0.018314981056980706,0.007894098344650047,0.009227740618314328,-0.002319077864599839,-0.0013336422736642817,0.008822314988963754,-0.26286500397014634,-0.15116693014618013,0.7926546307498766,0.8798440363930835,0.929,0.804,0.88,True,999,0.00013504200614988804,0.0026987920282408595,near_5x5_bal_strong_1000,near_boundary,False,1153,1389927733,1.887379141862766e-15,0,4
1000,1000,0.004668173374295925,0.013175645748672304,-0.0034304368705306842,0.00479890479863343,-0.00850747237437638,-0.008229341669164114,0.006268932015925846,-1.357084803721536,-1.3127182825173354,0.17475426637058022,0.18927789469673473,0.688,0.157,0.174,True,999,0.00011908297892659903,0.0026815830497071147,near_5x5_bal_strong_1000,near_boundary,False,1154,1389927733,1.887379141862766e-15,0,6
1000,1000,0.008878046669802853,0.019523503791592733,0.0007777294549669023,0.009331655444555054,-0.01064545712178988,-0.008553925989588151,0.008209321376710184,-1.2967523907628962,-1.04197723503134,0.19471639660780415,0.29742223354331165,0.648,0.21,0.309,True,999,0.00011858402285724878,0.0027076660189777613,near_5x5_bal_strong_1000,near_boundary,False,1155,1389927733,1.887379141862766e-15,0,3
1000,1000,0.013696982873574015,0.016628809233607322,0.0055958166935852205,0.010077013660861667,-0.002931826360033307,-0.004481196967276446,0.007940463567884873,-0.3692260955507749,-0.5643495406742502,0.7119592065109763,0.5725162722074659,0.879,0.721,0.579,True,999,0.00014358398038893938,0.002704459009692073,near_5x5_bal_strong_1000,near_boundary,False,1156,1389927733,1.887379141862766e-15,0,7
1000,1000,0.01380658589211392,0.01916615283864298,0.005704987747549239,0.012867277834686774,-0.00535956694652906,-0.007162290087137535,0.008490069963532779,-0.6312747679995449,-0.8436078993343483,0.5278608819753576,0.398888548651294,0.833,0.54,0.409,True,999,0.00011745910160243511,0.002644459018483758,near_5x5_bal_strong_1000,near_boundary,False,1157,1389927733,1.887379141862766e-15,0,8
1000,1000,0.011458562390715743,0.019947736567563434,0.0033576128048480314,0.011743565708059123,-0.008489174176847691,-0.008385952903211091,0.008596067621534559,-0.9875648436711827,-0.9755568793110589,0.3233658111553749,0.3292841019597038,0.729,0.339,0.343,True,999,0.00011849997099488974,0.0027131669921800494,near_5x5_bal_strong_1000,near_boundary,False,1158,1389927733,1.887379141862766e-15,0,5
1000,1000,0.0065107668986901235,0.010030584996855718,-0.0015891440987161332,0.0028613241362904773,-0.0035198180981655947,-0.0044504682350066105,0.005250727027944866,-0.6703487116037055,-0.8475908595744546,0.5026355214837716,0.3966658665386861,0.857,0.505,0.411,True,999,0.00011950009502470493,0.0027334580663591623,near_5x5_bal_strong_1000,near_boundary,False,1159,1389927733,1.887379141862766e-15,0,8
1000,1000,0.015508462075157103,0.01398740997223702,0.007407245966078335,0.005970801515729818,0.001521052102920084,0.0014364444503485174,0.007910842302538326,0.1922743552139864,0.18157920426344618,0.847527305175443,0.855912970120528,0.937,0.835,0.838,True,999,0.00012083305045962334,0.002672125003300607,near_5x5_bal_strong_1000,near_boundary,False,1160,1389927733,1.887379141862766e-15,0,6
1000,1000,0.014133796965222656,0.011072595871954694,0.006032937329791821,0.005379517698941072,0.0030612010932679623,0.0006534196308507489,0.00687816558702478,0.4450606858088329,0.09499911314775314,0.6562758989591506,0.9243155313415353,0.904,0.667,0.936,True,999,0.00011925003491342068,0.002710290951654315,near_5x5_bal_strong_1000,near_boundary,False,1161,1389927733,1.887379141862766e-15,0,8
1000,1000,0.023641231023504128,0.016839429226363778,0.01553812151018974,0.011145220756532126,0.00680180179714035,0.004392900753657614,0.009152688565420508,0.7431479557643891,0.4799574160377637,0.45739210845386913,0.6312576733094393,0.788,0.47,0.632,True,999,0.00011920894030481577,0.002791042090393603,near_5x5_bal_strong_1000,near_boundary,False,1162,1389927733,1.887379141862766e-15,0,9
1000,1000,0.007088224300266122,0.014030094131594117,-0.0010121310394879401,0.005915338101488032,-0.006941869831327996,-0.0069274691409759726,0.006635307556332848,-1.0462016677286585,-1.0440313553158935,0.2954679330956941,0.29647088296837276,0.743,0.289,0.291,True,999,0.00013762502931058407,0.0026407090481370687,near_5x5_bal_strong_1000,near_boundary,False,1163,1389927733,1.887379141862766e-15,0,7
1000,1000,0.015272073856904322,0.021923805342700164,0.007170121378294425,0.016650402660900454,-0.006651731485795842,-0.009480281282606029,0.009201275583747554,-0.7229140596054925,-1.0303225021703828,0.46973268515246736,0.30285863932436397,0.753,0.466,0.298,True,999,0.00012408301699906588,0.002705042017623782,near_5x5_bal_strong_1000,near_boundary,False,1164,1389927733,1.887379141862766e-15,0,9
1000,1000,0.013163932601344408,0.014037706807626671,0.005061551834614875,0.0058681395087774035,-0.0008737742062822629,-0.0008065876741625289,0.007381723122746162,-0.11836995126379107,-0.10926821024715712,0.9057745337815143,0.9129897601360225,0.96,0.895,0.897,True,999,0.00012083305045962334,0.0027243749937042594,near_5x5_bal_strong_1000,near_boundary,False,1165,1389927733,1.887379141862766e-15,0,5
1000,1000,0.00772441660986356,0.007942232769815316,-0.00037481306799236336,0.002709573267907217,-0.00021781615995175585,-0.0030843863358995804,0.00484960913835634,-0.04491416807779678,-0.6360072013855038,0.9641757237483881,0.5247717282804538,0.995,0.962,0.512,True,999,0.0001294170506298542,0.002677291980944574,near_5x5_bal_strong_1000,near_boundary,False,1166,1389927733,1.887379141862766e-15,0,10
1000,1000,0.011122042687452538,0.014432225041521307,0.0030211717912607128,0.004459718458917905,-0.003310182354068769,-0.0014385466676571923,0.0075462027341032635,-0.43865537021808193,-0.19063186059871196,0.6609112698705453,0.8488140267723624,0.87,0.651,0.832,True,999,0.00012049998622387648,0.0027159590972587466,near_5x5_bal_strong_1000,near_boundary,False,1167,1389927733,1.887379141862766e-15,0,4
1000,1000,0.01267877484483293,0.020052216464769346,0.004577998347031098,0.011143388749928818,-0.007373441619936416,-0.0065653904028977195,0.008808009149150043,-0.8371291962892591,-0.7453886901935459,0.4025199507560564,0.4560367789947608,0.74,0.408,0.456,True,999,0.0001392909325659275,0.002700541983358562,near_5x5_bal_strong_1000,near_boundary,False,1168,1389927733,1.887379141862766e-15,0,5
1000,1000,0.009590713200798184,0.01097850041238746,0.0014908262091921642,0.0009431380221940344,-0.0013877872115892753,0.0005476881869981298,0.0064450988657685825,-0.2153244256593387,0.08497746867887924,0.829514387320095,0.9322793032949792,0.958,0.841,0.939,True,999,0.0001265000319108367,0.0026294169947504997,near_5x5_bal_strong_1000,near_boundary,False,1169,1389927733,1.887379141862766e-15,0,4
1000,1000,0.02389818584940273,0.022226505426862386,0.015794075218309445,0.01569455688115795,0.0016716804225403448,9.951833715149405e-05,0.010122283896574932,0.16514854153675632,0.009831608969707714,0.8688270668992403,0.9921556373688042,0.945,0.865,0.989,True,999,0.0001230000052601099,0.0027068749768659472,near_5x5_bal_strong_1000,near_boundary,False,1170,1389927733,1.887379141862766e-15,0,7
1000,1000,0.021567143205223127,0.011747561485560998,0.013462873586604474,0.0029173330981961954,0.00981958171966213,0.010545540488408278,0.008024037248195896,1.2237707049365878,1.3142437107678322,0.2210387384495257,0.18876420312877162,0.67,0.218,0.176,True,999,0.00013166689313948154,0.0026941249379888177,near_5x5_bal_strong_1000,near_boundary,False,1171,1389927733,1.887379141862766e-15,0,4
1000,1000,0.013096368257564883,0.01677212991517013,0.004993780562017491,0.008529096909967393,-0.0036757616576052476,-0.0035353163479499017,0.007911368686833191,-0.46461766643776564,-0.4468653260760925,0.6422052786445642,0.6549723007276973,0.864,0.616,0.629,True,999,0.000130208907648921,0.00269891694188118,near_5x5_bal_strong_1000,near_boundary,False,1172,1389927733,1.887379141862766e-15,0,6
1000,1000,0.010128219414457629,0.013635168703842626,0.0020277794101275504,0.005618670529543124,-0.0035069492893849974,-0.0035908911194155735,0.007146401916878106,-0.49072936705426756,-0.5024753940769467,0.6236178729243762,0.6153331565898577,0.888,0.616,0.61,True,999,0.00012095796409994364,0.002731083077378571,near_5x5_bal_strong_1000,near_boundary,False,1173,1389927733,1.887379141862766e-15,0,6
1000,1000,0.014167473560407595,0.011852599385525353,0.006066585919143108,0.004480935135063646,0.002314874174882242,0.001585650784079462,0.006992752183079564,0.33103906935005756,0.22675632462941814,0.740614974644132,0.82061322694492,0.923,0.748,0.829,True,999,0.00011979194823652506,0.0027154170675203204,near_5x5_bal_strong_1000,near_boundary,False,1174,1389927733,1.887379141862766e-15,0,7
1000,1000,0.009812264665680637,0.010954326300050887,0.0017121380180924461,-8.255658468669935e-05,-0.0011420616343702505,0.0017946946027791455,0.00675664386640668,-0.16902794596714804,0.2656192391169494,0.865774659954148,0.7905324670436672,0.955,0.862,0.777,True,999,0.00011995900422334671,0.0026938338996842504,near_5x5_bal_strong_1000,near_boundary,False,1175,1389927733,1.887379141862766e-15,0,3
1000,1000,0.009623944858199174,0.014475430740850947,0.0015240657382946665,0.008099795977727808,-0.004851485882651774,-0.006575730239433142,0.007115074857749278,-0.6818601321344989,-0.9241969158302366,0.4953273968888744,0.3553838011142403,0.842,0.489,0.33,True,999,0.00011908297892659903,0.0027163330232724547,near_5x5_bal_strong_1000,near_boundary,False,1176,1389927733,1.887379141862766e-15,0,8
1000,1000,0.011084983318322417,0.011688161748946269,0.0029848617200514127,0.00033111288848886034,-0.0006031784306238519,0.0026537488315625524,0.0070513325081959745,-0.08554105623621629,0.3763471412641541,0.9318312569095483,0.7066588372969193,0.976,0.927,0.687,True,999,0.00011820800136774778,0.0026854999596253037,near_5x5_bal_strong_1000,near_boundary,False,1177,1389927733,1.887379141862766e-15,0,3
1000,1000,0.01132143435773414,0.01376135467981332,0.003220522482024535,0.0035897187566433786,-0.002439920322079181,-0.00036919627461884374,0.007353716329787429,-0.3317941857773171,-0.05020540065209667,0.7400446749046552,0.9599587078853511,0.929,0.753,0.968,True,999,0.0001231660135090351,0.0026582920690998435,near_5x5_bal_strong_1000,near_boundary,False,1178,1389927733,1.887379141862766e-15,0,3
1000,1000,0.027730246880375065,0.0148756174369723,0.01962442206945525,0.005310690430405884,0.012854629443402765,0.014313731639049365,0.009352582595575951,1.3744470377073585,1.5304576562435475,0.16930294175765315,0.12590348695666057,0.593,0.156,0.109,True,999,0.00012116704601794481,0.0027369590243324637,near_5x5_bal_strong_1000,near_boundary,False,1179,1389927733,1.887379141862766e-15,0,4
1000,1000,0.008944588355561223,0.017601120381401325,0.0008446837407518615,0.007503140946425901,-0.008656532025840102,-0.00665845720567404,0.00790766759504492,-1.0947010508211592,-0.8420254298304526,0.2736476281081358,0.3997737193754686,0.714,0.271,0.38,True,999,0.00012154201976954937,0.0027511250227689743,near_5x5_bal_strong_1000,near_boundary,False,1180,1389927733,1.887379141862766e-15,0,3
1000,1000,0.011119268666305526,0.01713666317391671,0.0030192866174729716,0.007182637241896828,-0.0060173945076111846,-0.004163350624423856,0.008120581720676241,-0.7410053509208557,-0.5126911799709286,0.45869019590156745,0.6081673603568518,0.806,0.451,0.604,True,999,0.0001169589813798666,0.0026520000537857413,near_5x5_bal_strong_1000,near_boundary,False,1181,1389927733,1.887379141862766e-15,0,4
1000,1000,0.01658472354463547,0.018116445352955146,0.008482816004971028,0.00865407891041059,-0.0015317218083196749,-0.00017126290543956202,0.00860728379126965,-0.17795646634462048,-0.01989743914488722,0.8587571647707459,0.9841251880080923,0.953,0.874,0.986,True,999,0.00013916706666350365,0.0027561249444261193,near_5x5_bal_strong_1000,near_boundary,False,1182,1389927733,1.887379141862766e-15,0,4
1000,1000,0.012428491446960122,0.014393130690486644,0.004326941548697505,0.002784556058600174,-0.0019646392435265225,0.001542385490097331,0.007810576104394863,-0.25153576602640837,0.19747397240383588,0.801399913553805,0.8434566474108622,0.944,0.813,0.856,True,999,0.00012795894872397184,0.0026643750024959445,near_5x5_bal_strong_1000,near_boundary,False,1183,1389927733,1.887379141862766e-15,0,2
1000,1000,0.00819653843917445,0.019589625759978357,9.621610934118507e-05,0.013436730579599043,-0.011393087320803907,-0.013340514470257858,0.007617792048089964,-1.495589174511601,-1.7512311160558356,0.1347607459097943,0.0799061076724234,0.64,0.143,0.085,True,999,0.00012641691137105227,0.002682291902601719,near_5x5_bal_strong_1000,near_boundary,False,1184,1389927733,1.887379141862766e-15,0,7
1000,1000,0.014101983892259362,0.008978971123127899,0.006001051718385497,-0.0014402191659428354,0.005123012769131463,0.007441270884328333,0.006651046036645412,0.7702566996086163,1.1188121151663966,0.44114763621982545,0.26322030206583436,0.836,0.453,0.267,True,999,0.00012066599447280169,0.002781833056360483,near_5x5_bal_strong_1000,near_boundary,False,1185,1389927733,1.887379141862766e-15,0,4
1000,1000,0.008619280578429755,0.014654598312108802,0.0005187685533201147,0.007299320426909617,-0.0060353177336790464,-0.006780551873589502,0.00713342555497372,-0.8460616413766276,-0.950532366439546,0.39751835798249757,0.3418418159912573,0.789,0.396,0.337,True,999,0.00012400001287460327,0.0026270831003785133,near_5x5_bal_strong_1000,near_boundary,False,1186,1389927733,1.887379141862766e-15,0,7
1000,1000,0.013974370165625416,0.009466072293844219,0.005872473640465614,-0.0016170923560707706,0.004508297871781197,0.007489565996536385,0.006865913489864432,0.6566202557658811,1.0908331437022325,0.5114251211681131,0.2753463096194467,0.829,0.479,0.243,True,999,0.00011429202277213335,0.002663083025254309,near_5x5_bal_strong_1000,near_boundary,False,1187,1389927733,1.887379141862766e-15,0,3
1000,1000,0.011064583667171446,0.010734618005939667,0.0029642605618391826,0.0017477477036891287,0.00032996566123177917,0.001216512858150054,0.006547835852511475,0.05039308691668228,0.1857885392291028,0.9598091452303015,0.8526105924295748,0.99,0.963,0.858,True,999,0.000125208985991776,0.0027776670176535845,near_5x5_bal_strong_1000,near_boundary,False,1188,1389927733,1.887379141862766e-15,0,5
1000,1000,0.007170843558368167,0.014794288657474508,-0.0009283669303385977,0.0064029424095224385,-0.007623445099106341,-0.007331309339861036,0.006902004288204104,-1.1045262768287782,-1.0622000557708489,0.2693649114365715,0.2881448745413484,0.737,0.239,0.257,True,999,0.00011879100929945707,0.0027760419761762023,near_5x5_bal_strong_1000,near_boundary,False,1189,1389927733,1.887379141862766e-15,0,6
1000,1000,0.013330719815099368,0.015091801931711224,0.005228963125091468,0.004937727455796903,-0.0017610821166118562,0.000291235669294565,0.008003022360631622,-0.2200521299646683,0.03639071043050039,0.8258305557280168,0.9709708212774337,0.94,0.822,0.976,True,999,0.00014183297753334045,0.002809957950375974,near_5x5_bal_strong_1000,near_boundary,False,1190,1389927733,1.887379141862766e-15,0,3
1000,1000,0.013057577476988103,0.022231169495137038,0.004956771924980785,0.012574440024138767,-0.009173592018148935,-0.0076176680991579815,0.00915294200742431,-1.0022561063653495,-0.832264433990622,0.31621991611308087,0.40525970114317655,0.705,0.323,0.412,True,999,0.00013683398719877005,0.0029139170655980706,near_5x5_bal_strong_1000,near_boundary,False,1191,1389927733,1.887379141862766e-15,0,5
1000,1000,0.00883903177185541,0.01648646418244626,0.00073959669703072,0.008947237796292029,-0.007647432410590849,-0.00820764109926131,0.007657614305674501,-0.9986703567616212,-1.0718274349726942,0.3179544051306916,0.2837975480550027,0.757,0.323,0.288,True,999,0.0001420000335201621,0.002787624951452017,near_5x5_bal_strong_1000,near_boundary,False,1192,1389927733,1.887379141862766e-15,0,6
1000,1000,0.008223604043967825,0.02499081118826335,0.00012363974428808433,0.01823743179960502,-0.016767207144295526,-0.018113792055316935,0.008881447299578104,-1.887891306306802,-2.039509039948635,0.05904054390091297,0.0413992499335752,0.457,0.056,0.037,True,999,0.0001300419680774212,0.002848541014827788,near_5x5_bal_strong_1000,near_boundary,False,1193,1389927733,1.887379141862766e-15,0,6
1000,1000,0.015303790417363183,0.010898467327424444,0.007202226656772837,0.002137938472060341,0.00440532308993874,0.005064288184712495,0.007347120636838682,0.5995985785030286,0.6892888296021714,0.5487737947507201,0.49064152603141575,0.853,0.538,0.481,True,999,0.00014987506438046694,0.0029415420722216368,near_5x5_bal_strong_1000,near_boundary,False,1194,1389927733,1.887379141862766e-15,0,6
1000,1000,0.017516216448771438,0.014389447722929105,0.009414070932280083,0.0061714417591929305,0.0031267687258423327,0.0032426291730871526,0.008134212098592468,0.3843972456021136,0.3986408436101946,0.7006840416990692,0.6901578620721374,0.889,0.703,0.689,True,999,0.00017720903269946575,0.0027706249384209514,near_5x5_bal_strong_1000,near_boundary,False,1195,1389927733,1.887379141862766e-15,0,5
1000,1000,0.005648592771237748,0.02576309870020632,-0.002450020960168331,0.02142513982755645,-0.020114505928968573,-0.02387516078772478,0.008465146863941857,-2.376155576774259,-2.8204071555360044,0.017494085013774505,0.004796275059407798,0.39,0.017,0.006,True,999,0.0001373329432681203,0.002749415929429233,near_5x5_bal_strong_1000,near_boundary,False,1196,1389927733,1.887379141862766e-15,0,9
1000,1000,0.009373474647542013,0.011135942493110562,0.001273718100719634,0.0015071242263502427,-0.0017624678455685494,-0.00023340612563060859,0.006401560891097356,-0.2753184536633263,-0.03646081472960856,0.7830715881344811,0.9709149232356168,0.928,0.768,0.966,True,999,0.00012962508480995893,0.0028974589658901095,near_5x5_bal_strong_1000,near_boundary,False,1197,1389927733,1.887379141862766e-15,0,4
1000,1000,0.013227521751723925,0.020473543045373133,0.005125985152744761,0.012914677281173681,-0.0072460212936492074,-0.00778869212842892,0.00871426814382243,-0.831512316818703,-0.8937861447321134,0.40568427315522915,0.37143632372323987,0.758,0.398,0.362,True,999,0.00015324994456022978,0.0030146249337121844,near_5x5_bal_strong_1000,near_boundary,False,1198,1389927733,1.887379141862766e-15,0,6
1000,1000,0.010865403992367462,0.012048858688864683,0.0027643116789022315,0.004262540470563181,-0.0011834546964972215,-0.0014982287916609494,0.006875744439861631,-0.1721202273947572,-0.21790059313069815,0.8633430109115041,0.8275065649988212,0.95,0.841,0.807,True,999,0.00015645800158381462,0.0029546250589191914,near_5x5_bal_strong_1000,near_boundary,False,1199,1389927733,1.887379141862766e-15,0,7
1000,1000,0.01773672157861994,0.020381130574882778,0.009634965702161935,0.012415110723168254,-0.002644408996262837,-0.0027801450210063194,0.00945651532885764,-0.27963884203657136,-0.2939925463370623,0.7797546038273192,0.7687635989908967,0.895,0.753,0.745,True,999,0.0001766659552231431,0.002822832902893424,near_5x5_bal_strong_1000,near_boundary,False,1200,1389927733,1.887379141862766e-15,0,6
1000,1000,0.01115370913791569,0.008387608837548244,0.003053143436090977,-0.0004174601405111389,0.0027661003003674467,0.003470603576602116,0.005858267117391147,0.47217039526174254,0.5924283592837731,0.6368051690993026,0.5535637806481993,0.901,0.599,0.512,True,999,0.00013270799536257982,0.002705790917389095,near_5x5_bal_strong_1000,near_boundary,False,1201,1389927733,1.887379141862766e-15,0,6
1000,1000,0.00967807901662776,0.012281882881158446,0.0015782065042913018,0.0038802867158551635,-0.002603803864530685,-0.0023020802115638617,0.006976580042804131,-0.37322066808598175,-0.3299725936547236,0.7089842148140056,0.7414206704839078,0.898,0.684,0.716,True,999,0.00012208300177007914,0.0027725419495254755,near_5x5_bal_strong_1000,near_boundary,False,1202,1389927733,1.887379141862766e-15,0,6
1000,1000,0.008881583083265143,0.011656006119293405,0.0007808997152096708,0.001956957497327494,-0.002774423036028262,-0.001176057782117823,0.0065812048804504185,-0.421567643984118,-0.17869946362121666,0.6733406274269217,0.8581736903735188,0.92,0.68,0.866,True,999,0.0001336670247837901,0.0027229998959228396,near_5x5_bal_strong_1000,near_boundary,False,1203,1389927733,1.887379141862766e-15,0,4
1000,1000,0.00710471342303598,0.01854749942683831,-0.0009948383453775023,0.01323856681608504,-0.01144278600380233,-0.014233405161462542,0.007404514633127527,-1.5453796191593334,-1.9222603866272083,0.12225446711957806,0.05457300182348092,0.621,0.12,0.058,True,999,0.000124832964502275,0.0026976250810548663,near_5x5_bal_strong_1000,near_boundary,False,1204,1389927733,1.887379141862766e-15,0,9
1000,1000,0.010192530301332159,0.012623669760801814,0.0020924133693824842,0.004681926961438876,-0.0024311394594696556,-0.0025895135920563916,0.006844049555734474,-0.3552194413076187,-0.378359854201625,0.722425201176613,0.7051632870404895,0.91,0.723,0.705,True,999,0.00012287497520446777,0.00285183300729841,near_5x5_bal_strong_1000,near_boundary,False,1205,1389927733,1.887379141862766e-15,0,6
1000,1000,0.010935078528016895,0.013174374337879713,0.002834297275512654,0.00513856908020216,-0.002239295809862818,-0.002304271804689506,0.007035561809576978,-0.3182824443123553,-0.3275178112361795,0.7502706998549893,0.7432762737402707,0.93,0.74,0.732,True,999,0.00015970796812325716,0.00272079196292907,near_5x5_bal_strong_1000,near_boundary,False,1206,1389927733,1.887379141862766e-15,0,6
1000,1000,0.013168140170702447,0.010578903792995475,0.005067048771252303,-0.0004373672373390036,0.0025892363777069716,0.005504416008591306,0.007070155612055576,0.3662205642676339,0.7785424127307083,0.7142004984324328,0.4362493132914397,0.924,0.709,0.437,True,999,0.0001332079991698265,0.0027483750600367785,near_5x5_bal_strong_1000,near_boundary,False,1207,1389927733,1.887379141862766e-15,0,3
1000,1000,0.004782021829646599,0.021040702405500544,-0.0033173352539961343,0.013945040007115495,-0.016258680575853945,-0.01726237526111163,0.007718603723051018,-2.106427685527972,-2.2364634693654333,0.03516721851667041,0.02532142764426861,0.477,0.034,0.023,True,999,0.00013445899821817875,0.002750084036961198,near_5x5_bal_strong_1000,near_boundary,False,1208,1389927733,1.887379141862766e-15,0,6
1000,1000,0.012422159589386528,0.012099089379673855,0.004321076328778872,0.004726397034062302,0.00032307020971267253,-0.00040532070528342956,0.007008757438525916,0.04609521909501561,-0.0578306081839061,0.9632343565693446,0.953883557165458,0.985,0.958,0.942,True,999,0.00017695804126560688,0.0027120409067720175,near_5x5_bal_strong_1000,near_boundary,False,1209,1389927733,1.887379141862766e-15,0,7
1000,1000,0.012893964129774504,0.019122891355451144,0.004793111445451359,0.014359424832889545,-0.006228927225676639,-0.009566313387438186,0.007886794944873047,-0.7897919584844622,-1.2129532280609046,0.42964927612886983,0.2251477032519641,0.792,0.454,0.231,True,999,0.0001259160926565528,0.00274554209318012,near_5x5_bal_strong_1000,near_boundary,False,1210,1389927733,1.887379141862766e-15,0,8
1000,1000,0.016994956952337992,0.013313700731999722,0.008892875021729196,0.0033226959276362322,0.0036812562203382693,0.005570179094092964,0.007942715790951327,0.4634757578172582,0.70129402092402,0.6430233874151597,0.4831195443205668,0.86,0.642,0.467,True,999,0.00012045807670801878,0.0027522080345079303,near_5x5_bal_strong_1000,near_boundary,False,1211,1389927733,1.887379141862766e-15,0,4
1000,1000,0.01296674641716189,0.013145068639388469,0.004865484711217505,0.0019458941062566737,-0.000178322222226579,0.002919590604960831,0.007533694780581238,-0.02366995576808079,0.38753768104414493,0.9811158711126545,0.6983581945860142,0.995,0.985,0.688,True,999,0.00012458395212888718,0.0027107499772682786,near_5x5_bal_strong_1000,near_boundary,False,1212,1389927733,1.887379141862766e-15,0,2
1000,1000,0.008995613010901904,0.014857528268684528,0.0008959359618074814,0.007239624088413166,-0.005861915257782624,-0.006343688126605684,0.006813954083495676,-0.8602810036511663,-0.9309848655967553,0.38963416175333676,0.3518613929398925,0.789,0.389,0.352,True,999,0.00012787501327693462,0.002699459088034928,near_5x5_bal_strong_1000,near_boundary,False,1213,1389927733,1.887379141862766e-15,0,6
1000,1000,0.013617941281789392,0.01300223451255833,0.005516692978289939,0.0033498496670745226,0.0006157067692310614,0.002166843311215416,0.007648323160025307,0.08050219065652348,0.2833095916423394,0.9358378539996864,0.7769395253020766,0.977,0.935,0.762,True,999,0.0001194999786093831,0.0028099999763071537,near_5x5_bal_strong_1000,near_boundary,False,1214,1389927733,1.887379141862766e-15,0,4
1000,1000,0.010119888284052303,0.015331073867676959,0.0020194731971514557,0.006724414222503583,-0.005211185583624656,-0.004704941025352127,0.0074106539445171465,-0.7032018527164136,-0.6348887777755605,0.48192996480297556,0.5255009567062935,0.821,0.467,0.513,True,999,0.00012458302080631256,0.0026724589988589287,near_5x5_bal_strong_1000,near_boundary,False,1215,1389927733,1.887379141862766e-15,0,5
1000,1000,0.012965632241749514,0.01574495307671675,0.004864589772068939,0.006991129757807357,-0.002779320834967236,-0.002126539985738418,0.007857299012111624,-0.35372471261219096,-0.270645164764694,0.723545200470705,0.7866639552750966,0.894,0.733,0.789,True,999,0.00012162502389401197,0.0027318750508129597,near_5x5_bal_strong_1000,near_boundary,False,1216,1389927733,1.887379141862766e-15,0,4
1000,1000,0.010519575622713884,0.011137151630516873,0.002419146696865937,0.0047671027551814404,-0.000617576007802989,-0.0023479560583155035,0.006062557848155076,-0.10186723545919257,-0.3872880254709686,0.9188620569543099,0.6985429894832323,0.975,0.919,0.69,True,999,0.00011958298273384571,0.0027351670432835817,near_5x5_bal_strong_1000,near_boundary,False,1217,1389927733,1.887379141862766e-15,0,8
1000,1000,0.01409597171769117,0.016748386404086324,0.0059945753437204985,0.008084212361552545,-0.0026524146863951548,-0.0020896370178320467,0.008067501720077445,-0.3287777032379353,-0.2590190978988706,0.7423237172654169,0.7956205052218097,0.911,0.745,0.806,True,999,0.00012229091953486204,0.002696958021260798,near_5x5_bal_strong_1000,near_boundary,False,1218,1389927733,1.887379141862766e-15,0,6
1000,1000,0.007372412709500065,0.011542722097787728,-0.0007277424329004134,0.0028920980400926055,-0.004170309388287663,-0.003619840472993019,0.006337463649602139,-0.658040758711014,-0.571181260064548,0.5105119410193335,0.5678767799293938,0.863,0.516,0.564,True,999,0.00012729107402265072,0.0027232500724494457,near_5x5_bal_strong_1000,near_boundary,False,1219,1389927733,1.887379141862766e-15,0,5
1000,1000,0.01067336095396798,0.01700836264453076,0.0025733089216828375,0.009828159466053421,-0.00633500169056278,-0.0072548505443705835,0.0077952786968858365,-0.8126716102008736,-0.9306723757380028,0.41640636240340556,0.35202306334121136,0.78,0.425,0.35,True,999,0.00017737492453306913,0.0027111670933663845,near_5x5_bal_strong_1000,near_boundary,False,1220,1389927733,1.887379141862766e-15,0,6
1000,1000,0.010971246706244386,0.011564190864515489,0.0028710290789604187,0.00355062618092461,-0.0005929441582711026,-0.0006795971019641911,0.006563380192502564,-0.0903412785607682,-0.10354376586937686,0.9280160186937029,0.9175314159990539,0.981,0.919,0.903,True,999,0.00012441701255738735,0.00267633399926126,near_5x5_bal_strong_1000,near_boundary,False,1221,1389927733,1.887379141862766e-15,0,6
1000,1000,0.016099239236093688,0.021524346244734094,0.007997305678372868,0.012843916816791534,-0.005425107008640406,-0.004846611138418666,0.008890592622747622,-0.610207579949129,-0.5451392661967263,0.5417243092195323,0.5856577384271289,0.807,0.537,0.579,True,999,0.00012020801659673452,0.0027630000840872526,near_5x5_bal_strong_1000,near_boundary,False,1222,1389927733,1.887379141862766e-15,0,4
1000,1000,0.016203286067784317,0.02445233892454962,0.008101573749854651,0.018113916315542156,-0.008249052856765304,-0.010012342565687504,0.010211800299817015,-0.8077961392285666,-0.9804679166970113,0.4192079480261728,0.3268551990496823,0.715,0.423,0.317,True,999,0.00013695901725441217,0.002716541988775134,near_5x5_bal_strong_1000,near_boundary,False,1223,1389927733,1.887379141862766e-15,0,8
1000,1000,0.027792498886727746,0.010457530777722546,0.019687836495222655,0.0006495645166069153,0.0173349681090052,0.01903827197861574,0.008823705712607583,1.9645904650057018,2.157627713196879,0.04946165644438708,0.030956788245464575,0.463,0.061,0.042,True,999,0.00012912508100271225,0.0027385420398786664,near_5x5_bal_strong_1000,near_boundary,False,1224,1389927733,1.887379141862766e-15,0,5
1000,1000,0.004104360888462555,0.01017875998767559,-0.003994378546622102,0.005375138932322443,-0.006074399099213035,-0.009369517478944545,0.005139709391920355,-1.1818565284570401,-1.8229663906043923,0.23726263346008425,0.06830848141437228,0.765,0.227,0.072,True,999,0.0001287920167669654,0.0028487079543992877,near_5x5_bal_strong_1000,near_boundary,False,1225,1389927733,1.887379141862766e-15,0,10
1000,1000,0.02129303602348287,0.01139962837316344,0.013188740346095074,0.0033863467191395102,0.00989340765031943,0.009802393626955563,0.008028483667463202,1.2322884445059221,1.220952054331434,0.21784135481272215,0.22210417369977042,0.665,0.203,0.204,True,999,0.00014433299656957388,0.0027192500419914722,near_5x5_bal_strong_1000,near_boundary,False,1226,1389927733,1.887379141862766e-15,0,6
1000,1000,0.011176211407519787,0.019504923434200183,0.003075429123327922,0.010623112182827299,-0.008328712026680396,-0.007547683059499377,0.008485462622880085,-0.9815271596651632,-0.8894839792409088,0.32633284776975524,0.37374302952276295,0.728,0.343,0.384,True,999,0.0001361659960821271,0.0028072919230908155,near_5x5_bal_strong_1000,near_boundary,False,1227,1389927733,1.887379141862766e-15,0,5
1000,1000,0.010899482077435962,0.006644254384724491,0.0027990677522211627,-0.002978184742516987,0.004255227692711472,0.00577725249473815,0.00535596481247535,0.7944838776386296,1.0786576643075618,0.42691379109037875,0.28074036497102794,0.86,0.434,0.297,True,999,0.00013533292803913355,0.0028773329686373472,near_5x5_bal_strong_1000,near_boundary,False,1228,1389927733,1.887379141862766e-15,0,6
1000,1000,0.013353569509514385,0.018206401536308148,0.005251809850051359,0.012420668384152123,-0.004852832026793763,-0.007168858534100764,0.008236471691625422,-0.5891882117106,-0.8703797939826379,0.5557350241018235,0.3840928853172757,0.856,0.565,0.374,True,999,0.00014770799316465855,0.0027283329982310534,near_5x5_bal_strong_1000,near_boundary,False,1229,1389927733,1.887379141862766e-15,0,7
1000,1000,0.016474974541749177,0.019963963784582872,0.008373327353865534,0.009053543020513644,-0.0034889892428336955,-0.0006802156666481096,0.009291571718756286,-0.37550043721781773,-0.0732078153446314,0.7072883213330952,0.9416407473325137,0.881,0.723,0.949,True,999,0.0001254169037565589,0.0027366249123588204,near_5x5_bal_strong_1000,near_boundary,False,1230,1389927733,1.887379141862766e-15,0,3
1000,1000,0.020759823301852887,0.01094176143712361,0.01265665681671635,0.002679496857695085,0.009818061864729277,0.009977159959021265,0.00786999528807672,1.2475308440913475,1.2677466242117021,0.21220291793793544,0.20488844885787627,0.654,0.22,0.211,True,999,0.00012737500946968794,0.002883792039938271,near_5x5_bal_strong_1000,near_boundary,False,1231,1389927733,1.887379141862766e-15,0,5
1000,1000,0.012838714659985095,0.01338727044424426,0.0047380931034695095,0.006647487515976991,-0.0005485557842591637,-0.0019093944125074813,0.007200696103753758,-0.07618093811419134,-0.2651680316729524,0.939275147794777,0.7908800206607561,0.98,0.94,0.778,True,999,0.00019941700156778097,0.002741666976362467,near_5x5_bal_strong_1000,near_boundary,False,1232,1389927733,1.887379141862766e-15,0,8
1000,1000,0.019352136526507913,0.01711649911813312,0.011248304436549006,0.009504028005949294,0.002235637408374791,0.0017442764305997116,0.008879064056595491,0.25178750757115315,0.19644823142187368,0.8012053138203042,0.8442593484237713,0.933,0.817,0.859,True,999,0.0001396250445395708,0.003024541074410081,near_5x5_bal_strong_1000,near_boundary,False,1233,1389927733,1.887379141862766e-15,0,6
1000,1000,0.005597618649077152,0.014692832654149168,-0.002501683855371084,0.006771495189639154,-0.009095214005072016,-0.009273179045010238,0.006266655514505792,-1.4513665198316386,-1.4797652469559037,0.14667782735568566,0.13893590623809107,0.689,0.141,0.135,True,999,0.00015054200775921345,0.0029729580273851752,near_5x5_bal_strong_1000,near_boundary,False,1234,1389927733,1.887379141862766e-15,0,6
1000,1000,0.017139462490363577,0.009479529874494796,0.009036849514814094,0.0026769859625801473,0.007659932615868781,0.006359863552233946,0.006890556956702082,1.111656527041456,0.9229825095702956,0.2662858581375671,0.35601632008978257,0.746,0.248,0.337,True,999,0.0001485419925302267,0.002957958960905671,near_5x5_bal_strong_1000,near_boundary,False,1235,1389927733,1.887379141862766e-15,0,8
1000,1000,0.008656624973394145,0.005547761006779728,0.0005566537565755425,-0.005688781344986182,0.003108863966614417,0.006245435101561725,0.004938580691266029,0.6295055524986156,1.2646214554329125,0.5290181347750776,0.2060070581076403,0.863,0.485,0.194,True,999,0.00018458301201462746,0.0028362079756334424,near_5x5_bal_strong_1000,near_boundary,False,1236,1389927733,1.887379141862766e-15,0,4
1000,1000,0.012881845655452473,0.014249879483434424,0.004779994009140864,0.005893423412317134,-0.0013680338279819515,-0.0011134294031762693,0.007510426424007765,-0.1821512855260663,-0.14825115650119283,0.855464001858505,0.8821445607729307,0.955,0.847,0.876,True,999,0.00013995799235999584,0.002722500008530915,near_5x5_bal_strong_1000,near_boundary,False,1237,1389927733,1.887379141862766e-15,0,6
1000,1000,0.013205131918792468,0.011604494257999864,0.005104061328438547,0.005821378517339326,0.0016006376607926032,-0.000717317188900779,0.006583316067624792,0.24313547220741302,-0.10895985875999135,0.8079004526833363,0.9132343287823498,0.941,0.808,0.912,True,999,0.00012012501247227192,0.002687209052965045,near_5x5_bal_strong_1000,near_boundary,False,1238,1389927733,1.887379141862766e-15,0,9
1000,1000,0.013675241665641602,0.016911284895538392,0.005573671017373272,0.007937720643440116,-0.00323604322989679,-0.002364049626066844,0.008154992404528615,-0.39681744253983076,-0.28988986240551795,0.6915020872515796,0.7719004974170273,0.869,0.672,0.747,True,999,0.0001189579488709569,0.0027654580771923065,near_5x5_bal_strong_1000,near_boundary,False,1239,1389927733,1.887379141862766e-15,0,5
1000,1000,0.011162579619442337,0.01196413198780616,0.003062092843492792,0.006317820864978785,-0.0008015523683638226,-0.003255728021485993,0.006536664828534184,-0.1226240581993504,-0.4980717394708571,0.9024048025285776,0.6184334786895843,0.964,0.898,0.623,True,999,0.00012750003952533007,0.002675083000212908,near_5x5_bal_strong_1000,near_boundary,False,1240,1389927733,1.887379141862766e-15,0,8
1000,1000,0.012120550574752809,0.019826118188892405,0.004019766160354266,0.012899041544926604,-0.007705567614139597,-0.008879275384572338,0.008641136358524712,-0.891730820395844,-1.0275587626635119,0.37253722966129155,0.3041574304260035,0.745,0.367,0.298,True,999,0.00012329104356467724,0.00271929195150733,near_5x5_bal_strong_1000,near_boundary,False,1241,1389927733,1.887379141862766e-15,0,7
1000,1000,0.014850727493284088,0.010263780452387294,0.006749001270009103,0.00340980287955972,0.004586947040896794,0.0033391983904493827,0.0067665901244673525,0.6778816148935674,0.4934831767591709,0.4978467578630864,0.621671223955733,0.85,0.5,0.634,True,999,0.00012170802801847458,0.0027540000155568123,near_5x5_bal_strong_1000,near_boundary,False,1242,1389927733,1.887379141862766e-15,0,8
1000,1000,0.01369409442047509,0.00984058097525553,0.005593377658669851,0.0022655864190141983,0.0038535134452195585,0.003327791239655653,0.006492910308044715,0.593495560911269,0.512526907314971,0.5528495529091761,0.6082822936860774,0.874,0.551,0.619,True,999,0.00012800004333257675,0.0027122499886900187,near_5x5_bal_strong_1000,near_boundary,False,1243,1389927733,1.887379141862766e-15,0,8
1000,1000,0.013152508034330879,0.013716605501198909,0.0050514070483131945,0.004698875105134448,-0.0005640974668680299,0.0003525319431787466,0.007389295546942681,-0.07633981660151962,0.04770846435078735,0.939148749182461,0.9619485882098059,0.974,0.932,0.959,True,999,0.00012287497520446777,0.00271612498909235,near_5x5_bal_strong_1000,near_boundary,False,1244,1389927733,1.887379141862766e-15,0,5
1000,1000,0.008302262734428911,0.014727064531599832,0.00020263340593373869,0.00630085868289143,-0.00642480179717092,-0.006098225276957692,0.007195633455751606,-0.8928750799605356,-0.8474897053133335,0.3719240736566858,0.39672222278436153,0.776,0.371,0.397,True,999,0.00012166693340986967,0.002751540974713862,near_5x5_bal_strong_1000,near_boundary,False,1245,1389927733,1.887379141862766e-15,0,6
1000,1000,0.009273441785918601,0.011995258183309099,0.0011735470488929423,0.0040071511140240546,-0.0027218163973904974,-0.0028336040651311123,0.006500690167371278,-0.4186965271859948,-0.43589280402160024,0.6754379340522698,0.662914506336518,0.908,0.689,0.682,True,999,0.0001252919901162386,0.002736374968662858,near_5x5_bal_strong_1000,near_boundary,False,1246,1389927733,1.887379141862766e-15,0,6
1000,1000,0.010498683194840375,0.02310075957749458,0.0023980926896456367,0.015048661483774595,-0.012602076382654204,-0.012650568794128958,0.008972075316942944,-1.4045887865939262,-1.4099936020643424,0.16014359298365222,0.1585415720786052,0.576,0.15,0.149,True,999,0.00014999997802078724,0.0026970410253852606,near_5x5_bal_strong_1000,near_boundary,False,1247,1389927733,1.887379141862766e-15,0,5
1000,1000,0.017808610216418774,0.014335815291527387,0.009705624077241737,0.007734264274290581,0.003472794924891387,0.001971359802951156,0.007857128690015877,0.4419928783022605,0.2509007909538481,0.6584943594181472,0.8018908128769229,0.895,0.667,0.816,True,999,0.0001269590575248003,0.0027467079926282167,near_5x5_bal_strong_1000,near_boundary,False,1248,1389927733,1.887379141862766e-15,0,7
1000,1000,0.007591479451498184,0.009770593661261151,-0.0005088287844046135,0.0009651039195546218,-0.0021791142097629668,-0.0014739327039592354,0.00586524277211957,-0.37153009592738184,-0.25129952181443777,0.7102427441671618,0.8015825448409153,0.911,0.681,0.781,True,999,0.00012075004633516073,0.002734749927185476,near_5x5_bal_strong_1000,near_boundary,False,1249,1389927733,1.887379141862766e-15,0,6
1000,1000,0.020009265365777074,0.017578780360247515,0.011905883073495716,0.009426252369394206,0.002430485005529559,0.0024796307041015098,0.008910047756196008,0.27278024450984684,0.2782960060317506,0.7850221464570999,0.7807851417956473,0.919,0.761,0.753,True,999,0.0001287920167669654,0.002740417025052011,near_5x5_bal_strong_1000,near_boundary,False,1250,1389927733,1.887379141862766e-15,0,5
1000,1000,0.01213691560954877,0.015862331086437143,0.004036606329464121,0.008519138624990319,-0.003725415476888372,-0.004482532295526198,0.007536316806748673,-0.49432840635790565,-0.5947908521457258,0.6210742667287027,0.5519832831437147,0.877,0.618,0.561,True,999,0.00012312503531575203,0.0027482500299811363,near_5x5_bal_strong_1000,near_boundary,False,1251,1389927733,1.887379141862766e-15,0,7
1000,1000,0.010126432393715357,0.009788351505501114,0.002026050108952404,0.0029373942402344255,0.00033808088821424276,-0.0009113441312820214,0.006038761688848547,0.05598513497205203,-0.1509157304493322,0.9553536491612148,0.8800421915076384,0.987,0.958,0.889,True,999,0.00012870796490460634,0.0026979170506820083,near_5x5_bal_strong_1000,near_boundary,False,1252,1389927733,1.887379141862766e-15,0,8
1000,1000,0.011611229195856332,0.0160883980376047,0.003510973561787978,0.00834266367547798,-0.004477168841748369,-0.0048316901136900015,0.007723720111734886,-0.5796648217412835,-0.62556514785525,0.5621406705377829,0.5316002046818351,0.835,0.563,0.524,True,999,0.00015495799016207457,0.0027155419811606407,near_5x5_bal_strong_1000,near_boundary,False,1253,1389927733,1.887379141862766e-15,0,7
1000,1000,0.021773767999407667,0.014648167668992906,0.013670767445319143,0.0030926692228945285,0.007125600330414761,0.010578098222424615,0.00900055347745217,0.7916846834214732,1.175271970654299,0.4285445553639028,0.23988592458936586,0.74,0.438,0.235,True,999,0.00012387498281896114,0.002702792058698833,near_5x5_bal_strong_1000,near_boundary,False,1254,1389927733,1.887379141862766e-15,0,2
1000,1000,0.016981766132426523,0.015168793158648108,0.008879596372025844,0.0029652156798078977,0.001812972973778415,0.0059143806922179465,0.008509777949111673,0.21304586143374862,0.6950099905762339,0.8312911914573493,0.48704904059079324,0.938,0.826,0.492,True,999,0.00013679196126759052,0.002696500043384731,near_5x5_bal_strong_1000,near_boundary,False,1255,1389927733,1.887379141862766e-15,0,1
1000,1000,0.0039039187045717405,0.019373973390072408,-0.00419543167026859,0.011659468237212423,-0.015470054685500667,-0.015854899907481013,0.007711025734853143,-2.0062252698207725,-2.056133704212436,0.04483221894566164,0.039769630308434153,0.499,0.046,0.045,True,999,0.00012133305426687002,0.002740624942816794,near_5x5_bal_strong_1000,near_boundary,False,1256,1389927733,1.887379141862766e-15,0,7
1000,1000,0.01432156885446867,0.009399147563121157,0.00621941865779263,0.000595793649836196,0.004922421291347512,0.005623625007956434,0.006452726662059963,0.7628436084686225,0.8715114249332162,0.4455566703349153,0.3834749704471442,0.809,0.425,0.377,True,999,0.00011912500485777855,0.002767832949757576,near_5x5_bal_strong_1000,near_boundary,False,1257,1389927733,1.887379141862766e-15,0,6
1000,1000,0.011693625204135749,0.025546507445814326,0.0035932154805777827,0.0160617994323502,-0.013852882241678577,-0.012468583951772416,0.009533100285880974,-1.4531350585071918,-1.307925394453161,0.1461862587608396,0.1908986152547587,0.559,0.14,0.19,True,999,0.0001247910549864173,0.0026857920456677675,near_5x5_bal_strong_1000,near_boundary,False,1258,1389927733,1.887379141862766e-15,0,4
1000,1000,0.019316094312660237,0.017508969367639404,0.011213007647256745,0.00958018741999922,0.0018071249450208327,0.0016328202272575254,0.008763410935161444,0.20621250770862554,0.18632245359009228,0.8366249180734197,0.8521919003461071,0.938,0.843,0.858,True,999,0.00012170802801847458,0.0026929170126095414,near_5x5_bal_strong_1000,near_boundary,False,1259,1389927733,1.887379141862766e-15,0,6
1000,1000,0.01147926058372617,0.009732048650914704,0.0033787267345815053,0.002880959852916476,0.0017472119328114655,0.0004977668816650294,0.006271987850580175,0.27857387074655193,0.07936349583632957,0.7805718673113512,0.9367435031275007,0.949,0.787,0.947,True,999,0.0001295419642701745,0.0027616670122370124,near_5x5_bal_strong_1000,near_boundary,False,1260,1389927733,1.887379141862766e-15,0,8
1000,1000,0.013864079222833947,0.017318527336295186,0.005763002681760554,0.007403203551177739,-0.0034544481134612393,-0.0016402008694171855,0.008461100671720404,-0.4082740824733436,-0.19385195059777982,0.6830724647728169,0.8462918077831653,0.873,0.677,0.833,True,999,0.00013262499123811722,0.0026732500409707427,near_5x5_bal_strong_1000,near_boundary,False,1261,1389927733,1.887379141862766e-15,0,4
1000,1000,0.0157388105888574,0.016709538449886097,0.007637725933818729,0.0113519355576841,-0.0009707278610286973,-0.003714209623865372,0.008441121483073591,-0.11499986855718546,-0.44001376254484964,0.9084452262293666,0.659927139556246,0.962,0.918,0.665,True,999,0.00012575008440762758,0.002781541901640594,near_5x5_bal_strong_1000,near_boundary,False,1262,1389927733,1.887379141862766e-15,0,9
1000,1000,0.010312095545859101,0.012170379955401378,0.00221110729216889,0.0030553069760230755,-0.0018582844095422768,-0.0008441996838541854,0.006698778867112249,-0.27740644174202417,-0.1260229215803489,0.7814680358615456,0.8997137804282141,0.926,0.763,0.893,True,999,0.00012833299115300179,0.0027022500289604068,near_5x5_bal_strong_1000,near_boundary,False,1263,1389927733,1.887379141862766e-15,0,6
1000,1000,0.01730509719161155,0.009151683069835714,0.009202145611880042,-0.00031517254927848626,0.008153414121775837,0.009517318161158528,0.007166448192282281,1.1377203745861784,1.328038367933498,0.25523726289833926,0.18416543214713055,0.714,0.245,0.168,True,999,0.00011887506116181612,0.0026793750002980232,near_5x5_bal_strong_1000,near_boundary,False,1264,1389927733,1.887379141862766e-15,0,5
1000,1000,0.010641521104463258,0.010395798967082981,0.00254140691822613,0.002997324855186889,0.0002457221373802776,-0.0004559179369607591,0.006498646779796802,0.037811277594619594,-0.07015582665273194,0.9698381525831238,0.9440696328752892,0.996,0.975,0.952,True,999,0.00012524996418505907,0.002782666007988155,near_5x5_bal_strong_1000,near_boundary,False,1265,1389927733,1.887379141862766e-15,0,7
1000,1000,0.011343965671680056,0.020029195267319888,0.0032435609582535108,0.010518210384191207,-0.008685229595639832,-0.007274649425937696,0.008568348240187791,-1.013641060350913,-0.8490142116093846,0.31075405751384455,0.39587338438657316,0.698,0.303,0.378,True,999,0.00011983304284512997,0.002739791991189122,near_5x5_bal_strong_1000,near_boundary,False,1266,1389927733,1.887379141862766e-15,0,4
1000,1000,0.01153709126916036,0.013809595814259445,0.003435394379494028,0.0038503031837535673,-0.0022725045450990855,-0.00041490880425953947,0.007413597898489698,-0.3065319398509651,-0.05596591694621918,0.7591996649868271,0.9553689589237887,0.921,0.762,0.952,True,999,0.000122958910651505,0.002693750080652535,near_5x5_bal_strong_1000,near_boundary,False,1267,1389927733,1.887379141862766e-15,0,4
1000,1000,0.009517338778277429,0.01024438912935871,0.001417127490412895,0.0024865137511937974,-0.000727050351081282,-0.0010693862607809024,0.006184078241513485,-0.11756810355351267,-0.1729257326665359,0.9064098793019796,0.8627098046104218,0.971,0.888,0.826,True,999,0.00012154097203165293,0.0027890829369425774,near_5x5_bal_strong_1000,near_boundary,False,1268,1389927733,1.887379141862766e-15,0,7
1000,1000,0.010058530763652929,0.005919979300305744,0.0019586376788538473,-0.004315705752333088,0.004138551463347184,0.006274343431186935,0.0052307893919582875,0.7911906125889357,1.199502209137494,0.4288327686436758,0.23033272627669454,0.851,0.419,0.218,True,999,0.00013204198330640793,0.0027132919058203697,near_5x5_bal_strong_1000,near_boundary,False,1269,1389927733,1.887379141862766e-15,0,5
1000,1000,0.011029085649411297,0.014804357165088822,0.002928103034491869,0.005150362543531628,-0.003775271515677525,-0.002222259509039759,0.007456209905240818,-0.5063258094469636,-0.2980414362366298,0.6126279474264336,0.765671538360726,0.858,0.608,0.754,True,999,0.00014445907436311245,0.00266195903532207,near_5x5_bal_strong_1000,near_boundary,False,1270,1389927733,1.887379141862766e-15,0,4
1000,1000,0.015879159893398054,0.010455715528789433,0.007776419070069096,0.001442153756102016,0.0054234443646086206,0.00633426531396708,0.007080247426231906,0.7659964459031579,0.8946389769514261,0.44367841692739074,0.37098010907316037,0.817,0.425,0.351,True,999,0.00012720806989818811,0.002898791921325028,near_5x5_bal_strong_1000,near_boundary,False,1271,1389927733,1.887379141862766e-15,0,5
1000,1000,0.008923971513286721,0.016869296989125704,0.0008235814927957108,0.009136792524657267,-0.007945325475838982,-0.008313211031861556,0.007486579790123058,-1.0612757358602043,-1.1104150713559562,0.2885646093935095,0.2668202066648343,0.736,0.286,0.27,True,999,0.0001401669578626752,0.0027289160061627626,near_5x5_bal_strong_1000,near_boundary,False,1272,1389927733,1.887379141862766e-15,0,7
1000,1000,0.014045136864318408,0.013570373564333882,0.005943957135968958,0.0016557100717022877,0.0004747632999845264,0.00428824706426667,0.007755218985842427,0.061218554995188725,0.5529498357293453,0.9511851526978816,0.5802977608218103,0.98,0.946,0.59,True,999,0.00012258300557732582,0.002709541004151106,near_5x5_bal_strong_1000,near_boundary,False,1273,1389927733,1.887379141862766e-15,0,2
1000,1000,0.011583590120510134,0.01581917900445723,0.00348304811836897,0.006550392071460465,-0.0042355888839470945,-0.0030673439530914948,0.00798022999818186,-0.5307602518864858,-0.3843678633059861,0.5955849274430476,0.7007058159036632,0.861,0.608,0.702,True,999,0.00012874999083578587,0.002771834027953446,near_5x5_bal_strong_1000,near_boundary,False,1274,1389927733,1.887379141862766e-15,0,4
1000,1000,0.01729766195013349,0.006621924251246358,0.009195466246410433,-0.0037961679443583307,0.010675737698887133,0.012991634190768764,0.006696829298277079,1.5941480995541764,1.939967947833339,0.11090286784191124,0.05238358531265981,0.597,0.099,0.052,True,999,0.00012395810335874557,0.002718541072681546,near_5x5_bal_strong_1000,near_boundary,False,1275,1389927733,1.887379141862766e-15,0,4
1000,1000,0.013945929892618558,0.012822654029863045,0.005843720086431858,0.004556047442349609,0.0011232758627555128,0.0012876726440822495,0.00764199559447535,0.1469872429091121,0.16849952714094082,0.8831420896321143,0.8661903156392002,0.969,0.891,0.873,True,999,0.00012333295308053493,0.0027626670198515058,near_5x5_bal_strong_1000,near_boundary,False,1276,1389927733,1.887379141862766e-15,0,5
1000,1000,0.010151802982872216,0.012755317258730414,0.0020510585645752144,0.004379844401682931,-0.0026035142758581986,-0.0023287858371077164,0.006949582203498768,-0.37462889129471105,-0.3350972431026557,0.7079364831786791,0.7375517324466123,0.921,0.72,0.756,True,999,0.00013104197569191456,0.0027049160562455654,near_5x5_bal_strong_1000,near_boundary,False,1277,1389927733,1.887379141862766e-15,0,6
1000,1000,0.012816359154800727,0.007965642634115422,0.004716091641512321,0.00011610301714881643,0.004850716520685305,0.004599988624363505,0.006006539246967766,0.8075726006675232,0.7658301120209413,0.4193366649440121,0.4437773945884108,0.859,0.43,0.455,True,999,0.00012745801359415054,0.002720374963246286,near_5x5_bal_strong_1000,near_boundary,False,1278,1389927733,1.887379141862766e-15,0,7
1000,1000,0.021416774046376874,0.014804045433289614,0.013312492639443008,0.006245493001244995,0.00661272861308726,0.007066999638198013,0.008753060895411455,0.7554761348174552,0.8073746684320096,0.44996334646401526,0.4194506567466104,0.789,0.463,0.431,True,999,0.00012645800597965717,0.0027492910157889128,near_5x5_bal_strong_1000,near_boundary,False,1279,1389927733,1.887379141862766e-15,0,5
1000,1000,0.014215926635889664,0.012860900212940729,0.006114571869602514,0.005070903249361436,0.001355026422948935,0.0010436686202410783,0.007615548142013141,0.17792894190683156,0.13704445179505997,0.8587787811451396,0.8909956591044345,0.964,0.873,0.907,True,999,0.0001204590080305934,0.0027279170462861657,near_5x5_bal_strong_1000,near_boundary,False,1280,1389927733,1.887379141862766e-15,0,7
1000,1000,0.012734491907618661,0.011716435143100556,0.004633193540485081,0.0017262098951391636,0.001018056764518105,0.0029069836453459175,0.007090211390606005,0.14358623578797006,0.40999957338330584,0.8858272102696214,0.6818062604950332,0.962,0.898,0.694,True,999,0.00013029202818870544,0.0027022080030292273,near_5x5_bal_strong_1000,near_boundary,False,1281,1389927733,1.887379141862766e-15,0,4
1000,1000,0.01566164928857905,0.012017629925117679,0.007560100806358605,0.0036765789197374943,0.0036440193634613705,0.0038835218866211108,0.00732716044317296,0.49733036306809203,0.5300173125374319,0.6189561035508284,0.5960999274490186,0.854,0.582,0.556,True,999,0.00012070802040398121,0.002732791006565094,near_5x5_bal_strong_1000,near_boundary,False,1282,1389927733,1.887379141862766e-15,0,6
1000,1000,0.008177174340124438,0.010591749898053893,7.766996031932649e-05,0.0013974055168546329,-0.0024145755579294548,-0.0013197355565353064,0.006168009900094022,-0.39146752308109106,-0.213964565218222,0.6954516899770564,0.8305746901138303,0.923,0.684,0.832,True,999,0.00011841591913253069,0.002725207945331931,near_5x5_bal_strong_1000,near_boundary,False,1283,1389927733,1.887379141862766e-15,0,6
1000,1000,0.01998960172534403,0.008067088816609447,0.011886209508020329,0.0018811645267078347,0.011922512908734584,0.010005044981312494,0.00655245880012285,1.8195479395476784,1.5269145959566985,0.06882787594287591,0.1267822496001257,0.598,0.07,0.127,True,999,0.00011825002729892731,0.0026702500181272626,near_5x5_bal_strong_1000,near_boundary,False,1284,1389927733,1.887379141862766e-15,0,9
1000,1000,0.011860860002439022,0.010841844529553502,0.003760727894587035,0.005812564196389758,0.0010190154728855205,-0.002051836301802723,0.0061279407457278745,0.16629003366194955,-0.3348329213583162,0.8679287088380107,0.7377511248842605,0.967,0.87,0.736,True,999,0.00011979194823652506,0.0027292920276522636,near_5x5_bal_strong_1000,near_boundary,False,1285,1389927733,1.887379141862766e-15,0,9
1000,1000,0.022744282134109062,0.012685949324901635,0.014640986911217624,0.004311134036015574,0.010058332809207426,0.01032985287520205,0.008350449893332161,1.2045258564139174,1.2370414776634302,0.22838639448879827,0.21607168438249547,0.661,0.226,0.221,True,999,0.00011883396655321121,0.002727083978243172,near_5x5_bal_strong_1000,near_boundary,False,1286,1389927733,1.887379141862766e-15,0,6
1000,1000,0.0141180785074706,0.016252321927260283,0.00601717025506332,0.007714310385892986,-0.002134243419789683,-0.0016971401308296663,0.0078167144093597,-0.27303587006250984,-0.21711681429700413,0.7848256424291109,0.8281173105864184,0.927,0.788,0.831,True,999,0.00012887490447610617,0.0026820830535143614,near_5x5_bal_strong_1000,near_boundary,False,1287,1389927733,1.887379141862766e-15,0,5
1000,1000,0.012035659477762417,0.006429060964728839,0.003934576264782663,-0.0038083023219996903,0.005606598513033578,0.0077428785867823535,0.005856508275711496,0.9573278563074247,1.3220981209732323,0.3384017994397269,0.18613547942361108,0.827,0.343,0.185,True,999,0.00011887494474649429,0.0027437079697847366,near_5x5_bal_strong_1000,near_boundary,False,1288,1389927733,1.887379141862766e-15,0,5
1000,1000,0.015788376224590506,0.017995742979592777,0.007685081302042818,0.010090910505766715,-0.0022073667550022713,-0.002405829203723897,0.008589243321938356,-0.2569919924569245,-0.2800979217318258,0.7971849546229068,0.7794023791334986,0.937,0.809,0.784,True,999,0.00017691694665700197,0.002722917008213699,near_5x5_bal_strong_1000,near_boundary,False,1289,1389927733,1.887379141862766e-15,0,6
1000,1000,0.01969765018023084,0.008156257863543237,0.011595252475444795,-0.0026017779941298613,0.011541392316687604,0.014197030469574656,0.007491669914965334,1.5405633787511859,1.8950421776077877,0.12342308655686697,0.058086814094158355,0.66,0.11,0.059,True,999,0.0001235000090673566,0.002670916961506009,near_5x5_bal_strong_1000,near_boundary,False,1290,1389927733,1.887379141862766e-15,0,4
1000,1000,0.015565902014822441,0.00891952570304616,0.0074641634780618915,-0.0002512937496703671,0.006646376311776281,0.007715457227732259,0.006879385229610469,0.966129398186445,1.1215329524683604,0.33397943564448496,0.2620610730556755,0.778,0.339,0.261,True,999,0.00011804199311882257,0.002761332900263369,near_5x5_bal_strong_1000,near_boundary,False,1291,1389927733,1.887379141862766e-15,0,6
1000,1000,0.015003792490533074,0.013604086846318753,0.0069010209431326075,0.006002850990114439,0.0013997056442143219,0.0008981699530181686,0.00740844334004608,0.18893383940027755,0.12123598869456725,0.8501446711756366,0.9035041194861579,0.945,0.848,0.899,True,999,0.000132082961499691,0.0027335829799994826,near_5x5_bal_strong_1000,near_boundary,False,1292,1389927733,1.887379141862766e-15,0,6
1000,1000,0.017426338036005795,0.01347405049179079,0.00932466406857202,0.004469040520916678,0.003952287544215005,0.004855623547655341,0.007981031656549394,0.49521010745167,0.6083954752479549,0.6204518166584368,0.542925211738943,0.849,0.61,0.52,True,999,0.0001357079017907381,0.002643875079229474,near_5x5_bal_strong_1000,near_boundary,False,1293,1389927733,1.887379141862766e-15,0,5
1000,1000,0.025341268894603086,0.008277690790646774,0.01723714424838363,-0.0030958452809954906,0.01706357810395631,0.02033298952937912,0.008086833551289592,2.110044431573,2.5143326371712766,0.034854528948462894,0.01192578915032514,0.461,0.024,0.016,True,999,0.00012816698290407658,0.002757500042207539,near_5x5_bal_strong_1000,near_boundary,False,1294,1389927733,1.887379141862766e-15,0,3
1000,1000,0.007214125455708542,0.006073454619154928,-0.0008856256865783507,-0.0031614355649480785,0.0011406708365536145,0.002275809878369728,0.004520177817176499,0.2523508770427371,0.5034779538366255,0.8007698660476646,0.6146282765607494,0.963,0.804,0.623,True,999,0.00013291696086525917,0.002784040989354253,near_5x5_bal_strong_1000,near_boundary,False,1295,1389927733,1.887379141862766e-15,0,6
1000,1000,0.010023541151538362,0.006910743215262305,0.0019234547617088538,6.341314559676903e-05,0.003112797936276057,0.0018600416161120847,0.005072923190897655,0.6136103030026848,0.366660709440576,0.5394728735717784,0.7138721176420824,0.888,0.532,0.735,True,999,0.00012354191858321428,0.0027243340155109763,near_5x5_bal_strong_1000,near_boundary,False,1296,1389927733,1.887379141862766e-15,0,8
1000,1000,0.016098579294034465,0.018723141099788176,0.007996569279157484,0.012264225717444788,-0.0026245618057537112,-0.004267656438287304,0.008321046413047678,-0.3154124704362075,-0.5128749710607883,0.752448499675108,0.60803878243241,0.919,0.757,0.599,True,999,0.00012312503531575203,0.0028553330339491367,near_5x5_bal_strong_1000,near_boundary,False,1297,1389927733,1.887379141862766e-15,0,7
1000,1000,0.023536256799050026,0.01498526088106844,0.015432927891197323,0.007290060014838673,0.008550995917981585,0.00814286787635865,0.00895912239100654,0.9544457084954386,0.9088912419069894,0.3398580785548636,0.36340753725311825,0.716,0.318,0.349,True,999,0.00012624997179955244,0.002737583010457456,near_5x5_bal_strong_1000,near_boundary,False,1298,1389927733,1.887379141862766e-15,0,7
1000,1000,0.010028154549196922,0.006846241645076412,0.0019274837013654178,-0.001388452446917654,0.0031819129041205096,0.003315936148283072,0.0050631463800426425,0.6284457657915297,0.6549161132993245,0.5297119643605654,0.5125217652199932,0.874,0.504,0.487,True,999,0.00012070802040398121,0.0026839589700102806,near_5x5_bal_strong_1000,near_boundary,False,1299,1389927733,1.887379141862766e-15,0,7
1000,1000,0.016322507700619493,0.010943450675144184,0.00822122575141293,0.0009550614329896234,0.005379057025475309,0.007266164318423307,0.007454009251847763,0.7216327272657869,0.9747994767543532,0.47052031236167735,0.32965973672327653,0.811,0.478,0.321,True,999,0.00011875003110617399,0.002759166993200779,near_5x5_bal_strong_1000,near_boundary,False,1300,1389927733,1.887379141862766e-15,0,4
1000,1000,0.01028521700803875,0.012096774799857046,0.00218462055386226,0.0013750300155379591,-0.0018115577918182968,0.0008095905383243007,0.0069820917756785675,-0.2594577456183949,0.11595243436135143,0.7952820800567064,0.907690239305568,0.93,0.793,0.903,True,999,0.00012283306568861008,0.002695416915230453,near_5x5_bal_strong_1000,near_boundary,False,1301,1389927733,1.887379141862766e-15,0,4
1000,1000,0.01515941041138702,0.017630388550679776,0.00705710687248029,0.010478361307605155,-0.0024709781392927566,-0.0034212544351248653,0.00829813757112252,-0.2977750270002451,-0.4122918432963578,0.7658748759494858,0.6801255264598174,0.91,0.754,0.659,True,999,0.00011987506877630949,0.002725041937083006,near_5x5_bal_strong_1000,near_boundary,False,1302,1389927733,1.887379141862766e-15,0,6
1000,1000,0.015046227954011782,0.01319602136522563,0.006944150588196862,0.007161578067496066,0.0018502065887861519,-0.0002174274792992037,0.007365421345424048,0.25120173062952317,-0.02952003274521232,0.8016581466072837,0.9764498420827099,0.946,0.802,0.985,True,999,0.00011750007979571819,0.0028892089612782,near_5x5_bal_strong_1000,near_boundary,False,1303,1389927733,1.887379141862766e-15,0,8
1000,1000,0.01500670916002389,0.010421616621962282,0.006904808274612151,0.0009995956206694245,0.004585092538061608,0.005905212653942726,0.007140789619633759,0.6420988129176631,0.8269691404583904,0.5208090266372791,0.4082545527685816,0.845,0.498,0.38,True,999,0.0001557499635964632,0.0027777079958468676,near_5x5_bal_strong_1000,near_boundary,False,1304,1389927733,1.887379141862766e-15,0,5
1000,1000,0.01347307573597134,0.00791288876387447,0.0053723358601018845,-0.00045823840815728545,0.00556018697209687,0.00583057426825917,0.006317038519045595,0.8801888662437547,0.9229917232070445,0.37875700393413825,0.3560115185306677,0.799,0.361,0.338,True,999,0.00012887490447610617,0.0027455000672489405,near_5x5_bal_strong_1000,near_boundary,False,1305,1389927733,1.887379141862766e-15,0,6
1000,1000,0.016008495081186958,0.015989773131568963,0.007906297517820349,0.007368685155086041,1.872194961799467e-05,0.0005376123627343077,0.008453885948011495,0.002214596900541154,0.06359351971867608,0.9982330087690067,0.9492938918146718,1.0,0.998,0.941,True,999,0.00013570894952863455,0.00278383307158947,near_5x5_bal_strong_1000,near_boundary,False,1306,1389927733,1.887379141862766e-15,0,5
1000,1000,0.010540144531608675,0.013425434464117703,0.0024396411226916825,0.008074444264821068,-0.0028852899325090275,-0.005634803142129385,0.006341193728361798,-0.455007378122545,-0.888602900890255,0.6491039308435278,0.3742165314946778,0.904,0.644,0.367,True,999,0.00015945802442729473,0.0027163330232724547,near_5x5_bal_strong_1000,near_boundary,False,1307,1389927733,1.887379141862766e-15,0,9
1000,1000,0.008707133325760674,0.015897624152964585,0.0006073661909340444,0.008339705160210542,-0.00719049082720391,-0.007732338969276498,0.0069299019526397766,-1.0376035442268947,-1.1157934155664428,0.29945466718886515,0.26451057290544233,0.744,0.298,0.268,True,999,0.00012033397797495127,0.002735916990786791,near_5x5_bal_strong_1000,near_boundary,False,1308,1389927733,1.887379141862766e-15,0,6
1000,1000,0.018270539499449123,0.013209018849821175,0.010168361303612983,0.006173641768441485,0.0050615206496279486,0.003994719535171498,0.007872895563247441,0.6429045843382373,0.5074015656729659,0.5202860145788426,0.6118730873733336,0.834,0.543,0.632,True,999,0.00011787493713200092,0.0027813330525532365,near_5x5_bal_strong_1000,near_boundary,False,1309,1389927733,1.887379141862766e-15,0,7
1000,1000,0.01599210972469911,0.01053619333979916,0.007890640861432985,0.004069426430646672,0.00545591638489995,0.0038212144307863127,0.007155539573149679,0.762474489746746,0.5340218430382204,0.44577686292308494,0.5933264217977432,0.808,0.443,0.589,True,999,0.00013920804485678673,0.002691957983188331,near_5x5_bal_strong_1000,near_boundary,False,1310,1389927733,1.887379141862766e-15,0,8
1000,1000,0.014454828336574188,0.014364570276457378,0.006353161465540325,0.00576023850197771,9.025806011681015e-05,0.0005929229635626143,0.0076716116433000765,0.011765201930631628,0.0772879273783935,0.9906129435846752,0.938394494735927,0.999,0.991,0.939,True,999,0.00012420793063938618,0.0027614999562501907,near_5x5_bal_strong_1000,near_boundary,False,1311,1389927733,1.887379141862766e-15,0,5
1000,1000,0.018232335508122866,0.012143489930244722,0.010129028144319818,0.004384655968124207,0.006088845577878144,0.005744372176195611,0.007521912198986374,0.8094810756630016,0.7636850875459171,0.41823848384784845,0.44505492958477577,0.787,0.424,0.453,True,999,0.00013016595039516687,0.002758124959655106,near_5x5_bal_strong_1000,near_boundary,False,1312,1389927733,1.887379141862766e-15,0,7
1000,1000,0.0176178855773097,0.01418784990273897,0.009514515701766868,0.006377345251848965,0.0034300356745707306,0.003137170449917903,0.007879807213203206,0.43529436466712657,0.39812781772900985,0.6633487748079285,0.6905359700820142,0.873,0.654,0.676,True,999,0.00013808300718665123,0.002678625052794814,near_5x5_bal_strong_1000,near_boundary,False,1313,1389927733,1.887379141862766e-15,0,7
1000,1000,0.015361764810815304,0.011563900329464749,0.007259823566982959,0.00023526693354369854,0.0037978644813505547,0.007024556633439261,0.007454705940742231,0.5094586575969512,0.9422982863814823,0.6104307698293114,0.3460399452599233,0.876,0.627,0.336,True,999,0.00011958298273384571,0.0027947500348091125,near_5x5_bal_strong_1000,near_boundary,False,1314,1389927733,1.887379141862766e-15,0,3
1000,1000,0.00987324637281195,0.019061887851816395,0.0017735691535563092,0.010311440630573543,-0.009188641479004445,-0.008537871477017234,0.008421849912323484,-1.0910478783953312,-1.013776256511527,0.2752518156205307,0.31068952734873,0.692,0.268,0.308,True,999,0.00015116704162210226,0.0027193749556317925,near_5x5_bal_strong_1000,near_boundary,False,1315,1389927733,1.887379141862766e-15,0,4
1000,1000,0.010426859051226423,0.012297746771788243,0.0023258525866367563,0.00417004018879652,-0.0018708877205618202,-0.0018441876021597636,0.006888498710122587,-0.27159585844337425,-0.2677198152697258,0.7859327842792952,0.7889149960348565,0.937,0.801,0.803,True,999,0.0001177079975605011,0.0026720419991761446,near_5x5_bal_strong_1000,near_boundary,False,1316,1389927733,1.887379141862766e-15,0,7
1000,1000,0.01377008255831158,0.010315839143609007,0.00566872270019303,0.001557227365935887,0.0034542434147025736,0.0041114953342571425,0.006764132539328793,0.5106705693033832,0.6078377841285066,0.6095817521908831,0.543295066718357,0.872,0.582,0.508,True,999,0.00012866593897342682,0.002787208999507129,near_5x5_bal_strong_1000,near_boundary,False,1317,1389927733,1.887379141862766e-15,0,6
1000,1000,0.01653927406848421,0.02055188824081655,0.00843761319447367,0.011487064263860702,-0.0040126141723323405,-0.0030494510693870325,0.00920351815587503,-0.4359869893635081,-0.33133536738235553,0.6628461693319994,0.7403911793047044,0.868,0.658,0.747,True,999,0.00012662506196647882,0.0026874589966610074,near_5x5_bal_strong_1000,near_boundary,False,1318,1389927733,1.887379141862766e-15,0,4
1000,1000,0.011944938702558305,0.012005926832880875,0.003844111788112059,0.003833657066309115,-6.098813032257011e-05,1.0454721802943823e-05,0.006860101356644297,-0.008890266652328765,0.001523989407651825,0.9929066869356523,0.998784032851497,1.0,0.996,1.0,True,999,0.00012158299796283245,0.0027099589351564646,near_5x5_bal_strong_1000,near_boundary,False,1319,1389927733,1.887379141862766e-15,0,7
1000,1000,0.008702483361413549,0.017026057801446948,0.0006019390027631744,0.00873610149602655,-0.008323574440033399,-0.008134162493263375,0.007539203004749292,-1.1040390389793187,-1.0789154355094683,0.2695762034140292,0.28062542720523864,0.687,0.251,0.259,True,999,0.0001204590080305934,0.0027450000634416938,near_5x5_bal_strong_1000,near_boundary,False,1320,1389927733,1.887379141862766e-15,0,6
1000,1000,0.01391306318668284,0.009581615705875735,0.0058121922643294965,0.0031166754195055546,0.004331447480807105,0.002695516844823942,0.006624334500517537,0.6538690762775797,0.4069113425074398,0.5131961584426923,0.6840731050046847,0.852,0.498,0.667,True,999,0.0001231660135090351,0.0026767499512061477,near_5x5_bal_strong_1000,near_boundary,False,1321,1389927733,1.887379141862766e-15,0,8
1000,1000,0.011385499453825387,0.011703772476257646,0.0032846037192939548,0.003376921309950376,-0.0003182730224322583,-9.231759065642109e-05,0.006675777159261609,-0.04767580086023448,-0.01382874060263451,0.961974620282289,0.9889666130388406,0.993,0.967,0.994,True,999,0.00011787505354732275,0.002707167062908411,near_5x5_bal_strong_1000,near_boundary,False,1322,1389927733,1.887379141862766e-15,0,6
1000,1000,0.013703471114313581,0.02324301066097295,0.005600015925438129,0.012145334606202596,-0.00953953954665937,-0.006545318680764467,0.009553224140561579,-0.998567541837095,-0.6851423754388857,0.3180042302503219,0.49325408235848034,0.706,0.327,0.508,True,999,0.00011849997099488974,0.002739167073741555,near_5x5_bal_strong_1000,near_boundary,False,1323,1389927733,1.887379141862766e-15,0,2
1000,1000,0.011846634860476435,0.013952465334439057,0.00374634054105627,0.004780854726675443,-0.002105830473962622,-0.001034514185619173,0.007438983686318014,-0.28308039952227937,-0.13906660227281858,0.7771152062486987,0.8893975192626206,0.919,0.765,0.879,True,999,0.0001236669486388564,0.0027019170811399817,near_5x5_bal_strong_1000,near_boundary,False,1324,1389927733,1.887379141862766e-15,0,4
1000,1000,0.012520293934791704,0.008231102045888561,0.004419403678866729,0.002383090627972706,0.004289191888903143,0.002036313050894023,0.005931271286741439,0.7231488295757195,0.3433181441971686,0.46958845250605474,0.7313591323219497,0.838,0.462,0.722,True,999,0.00012779096141457558,0.0027014589868485928,near_5x5_bal_strong_1000,near_boundary,False,1325,1389927733,1.887379141862766e-15,0,9
1000,1000,0.007301231710795442,0.015347498712855734,-0.0007991074253368424,0.009405995233805697,-0.008046267002060292,-0.01020510265914254,0.00662423161802907,-1.2146717485181058,-1.540571533061656,0.224491311805887,0.12342110063885113,0.714,0.221,0.121,True,999,0.00012112502008676529,0.0027426250744611025,near_5x5_bal_strong_1000,near_boundary,False,1326,1389927733,1.887379141862766e-15,0,8
1000,1000,0.009722253516061263,0.007768690819624335,0.0016209135608278302,-0.001468836657409156,0.001953562696436928,0.0030897502182369863,0.005715711153547178,0.3417882121675348,0.5405714416340797,0.7325102812720583,0.5888030065255218,0.934,0.729,0.589,True,999,0.0001235830131918192,0.00271312496624887,near_5x5_bal_strong_1000,near_boundary,False,1327,1389927733,1.887379141862766e-15,0,6
1000,1000,0.010352339606395367,0.012882671216011332,0.002252344067528611,0.004506825111548096,-0.0025303316096159656,-0.002254481044019485,0.007054089516383345,-0.35870421033631494,-0.31959915433216174,0.7198163783391289,0.749272215523335,0.919,0.711,0.756,True,999,0.00011695909779518843,0.002700874931178987,near_5x5_bal_strong_1000,near_boundary,False,1328,1389927733,1.887379141862766e-15,0,6
1000,1000,0.015537340692672208,0.01447060819272672,0.007435173914245752,0.004978969204898931,0.0010667324999454886,0.002456204709346821,0.007953636077565369,0.13411884697043097,0.30881532488957836,0.8933085965598275,0.7574620109885235,0.948,0.871,0.741,True,999,0.00011675001587718725,0.002756084082648158,near_5x5_bal_strong_1000,near_boundary,False,1329,1389927733,1.887379141862766e-15,0,4
1000,1000,0.012652750592583972,0.011999682929302535,0.004552168594045725,0.005015057022774272,0.000653067663281437,-0.0004628884287285473,0.006676746295040594,0.09781226280329502,-0.06932844356724699,0.9220813697701595,0.9447281855086166,0.977,0.923,0.943,True,999,0.00011929101310670376,0.00269858306273818,near_5x5_bal_strong_1000,near_boundary,False,1330,1389927733,1.887379141862766e-15,0,7
1000,1000,0.009517884373037466,0.012309406775460052,0.0014177283446770161,0.0024134140757041678,-0.002791522402422586,-0.0009956857310271516,0.006917660703607353,-0.40353560575280756,-0.14393387789429038,0.6865542467035377,0.8855526835251655,0.91,0.7,0.898,True,999,0.00012333295308053493,0.002698292024433613,near_5x5_bal_strong_1000,near_boundary,False,1331,1389927733,1.887379141862766e-15,0,4
1000,1000,0.010351034394793013,0.01332937963196007,0.002249807255111591,0.0035860884133285253,-0.002978345237167057,-0.0013362811582169343,0.007269305662187128,-0.4097152294282474,-0.18382514373661446,0.6820148569847342,0.8541506304063963,0.894,0.658,0.844,True,999,0.0001360829919576645,0.0027149589732289314,near_5x5_bal_strong_1000,near_boundary,False,1332,1389927733,1.887379141862766e-15,0,5
1000,1000,0.01098740332819581,0.008251767648118802,0.002886829679027869,0.002402436740851499,0.0027356356800770087,0.0004843929381763701,0.0057754353938716954,0.4736674369138969,0.08387124175786964,0.6357370776612113,0.9331588047289306,0.896,0.6,0.928,True,999,0.00012854195665568113,0.0026955830398947,near_5x5_bal_strong_1000,near_boundary,False,1333,1389927733,1.887379141862766e-15,0,9
1000,1000,0.011161926107746911,0.013636637655916939,0.00306011347470303,0.005668556275793435,-0.0024747115481700277,-0.002608442801090405,0.00707302602768187,-0.3498801698855186,-0.36878738900177666,0.7264286297218915,0.7122862052742195,0.928,0.737,0.721,True,999,0.0001241669524461031,0.0027068329509347677,near_5x5_bal_strong_1000,near_boundary,False,1334,1389927733,1.887379141862766e-15,0,6
1000,1000,0.0178847700987963,0.011195511734728936,0.00978124122502777,0.004163717337974049,0.006689258364067363,0.005617523887053721,0.007193932204247384,0.9298472899310818,0.7808697284827161,0.3524501574373258,0.4348791179066436,0.78,0.327,0.408,True,999,0.00012108299415558577,0.0027781669050455093,near_5x5_bal_strong_1000,near_boundary,False,1335,1389927733,1.887379141862766e-15,0,7
1000,1000,0.006651605265335148,0.014811484484912985,-0.0014477009704023658,0.004839005606868341,-0.008159879219577837,-0.0062867065772707065,0.00708423063105582,-1.1518370370109907,-0.8874226298775578,0.24938804526186575,0.3748514042936243,0.733,0.236,0.372,True,999,0.0001254579983651638,0.0026522920234128833,near_5x5_bal_strong_1000,near_boundary,False,1336,1389927733,1.887379141862766e-15,0,4
1000,1000,0.009525961317997433,0.022678036173538696,0.0014256726535677444,0.01696387931355048,-0.013152074855541263,-0.015538206659982734,0.008523535590546808,-1.5430304379942785,-1.8229766855453367,0.12282339090854205,0.06830692209623042,0.547,0.096,0.058,True,999,0.00012170802801847458,0.002729042083956301,near_5x5_bal_strong_1000,near_boundary,False,1337,1389927733,1.887379141862766e-15,0,9
1000,1000,0.010900277902493816,0.01601798492410972,0.0027977558709153527,0.006404765964362014,-0.005117707021615903,-0.003607010093446661,0.007785473422362105,-0.6573405037793059,-0.46330003299302225,0.5109619981849706,0.6431493221440916,0.841,0.52,0.651,True,999,0.00012333306949585676,0.002718792064115405,near_5x5_bal_strong_1000,near_boundary,False,1338,1389927733,1.887379141862766e-15,0,4
1000,1000,0.01009948888254053,0.0192135208186347,0.0019985819217254175,0.010423153865531276,-0.009114031936094169,-0.008424571943805859,0.008213859686380253,-1.1095918708237162,-1.0256532574783321,0.26717493584730423,0.3050550543134882,0.696,0.262,0.295,True,999,0.00013666704762727022,0.002697707968764007,near_5x5_bal_strong_1000,near_boundary,False,1339,1389927733,1.887379141862766e-15,0,4
1000,1000,0.011417877671570764,0.009051259674613843,0.0033172492178437096,0.0021995137760768557,0.002366617996956921,0.001117735441766854,0.00613935167751277,0.3854833736965052,0.1820608266929711,0.6998793223928677,0.8555349906645646,0.919,0.715,0.863,True,999,0.00011645792983472347,0.0027423329884186387,near_5x5_bal_strong_1000,near_boundary,False,1340,1389927733,1.887379141862766e-15,0,8
1000,1000,0.00702075399690516,0.009253412490748014,-0.0010794665442972473,0.0018371229758145091,-0.002232658493842854,-0.0029165895201117564,0.005065877342979505,-0.4407249411470574,-0.5757323603884098,0.6594121381433188,0.5647960987191416,0.914,0.642,0.571,True,999,0.00012104096822440624,0.0027199590113013983,near_5x5_bal_strong_1000,near_boundary,False,1341,1389927733,1.887379141862766e-15,0,7
1000,1000,0.007508808325116689,0.013124944405972783,-0.0005908429943701776,0.008708028651938093,-0.005616136080856093,-0.009298871646308271,0.005908955551339273,-0.9504448006184761,-1.5736912497506719,0.34188628911851815,0.11555884575827477,0.808,0.333,0.13,True,999,0.0001295000547543168,0.0027202919591218233,near_5x5_bal_strong_1000,near_boundary,False,1342,1389927733,1.887379141862766e-15,0,10
1000,1000,0.011705077168369549,0.013422224591595588,0.003603835728199556,0.00905263242179899,-0.0017171474232260397,-0.005448796693599434,0.006654651555590484,-0.25803716526427095,-0.8187951913157605,0.7963782244595388,0.4129032749509346,0.938,0.795,0.409,True,999,0.0001224169973284006,0.0026758749736472964,near_5x5_bal_strong_1000,near_boundary,False,1343,1389927733,1.887379141862766e-15,0,10
1000,1000,0.006345139244462006,0.012799388412065682,-0.0017541718382290128,0.0038313184280127643,-0.006454249167603676,-0.005585490266241777,0.006176946402715146,-1.0448931797055319,-0.904247811473095,0.29607234233388513,0.3658640131109063,0.768,0.293,0.369,True,999,0.00011912500485777855,0.002774875028990209,near_5x5_bal_strong_1000,near_boundary,False,1344,1389927733,1.887379141862766e-15,0,5
1000,1000,0.019243971205065824,0.01086986164704501,0.011141984518417303,0.001786114849835485,0.008374109558020815,0.009355869668581818,0.0077655119960904975,1.078371852652692,1.2047975295501412,0.2808678430793289,0.2282814739395317,0.712,0.264,0.221,True,999,0.0001275420654565096,0.0026673339307308197,near_5x5_bal_strong_1000,near_boundary,False,1345,1389927733,1.887379141862766e-15,0,5
1000,1000,0.011464110465974287,0.010673103281719942,0.0033622989490140753,0.003640292151487756,0.0007910071842543442,-0.00027799320247368087,0.006349078498705232,0.12458614024313204,-0.043784811060435316,0.900851201383203,0.9650759344909153,0.969,0.909,0.965,True,999,0.00011779204942286015,0.0027617920422926545,near_5x5_bal_strong_1000,near_boundary,False,1346,1389927733,1.887379141862766e-15,0,7
1000,1000,0.011464451404446407,0.01477035720319414,0.0033642768316894944,0.005417870750477505,-0.0033059057987477325,-0.0020535939187880103,0.0075247109176912255,-0.4393399075272475,-0.2729133306583033,0.6604152617408581,0.7849198389950396,0.886,0.64,0.769,True,999,0.0001604580320417881,0.002667499938979745,near_5x5_bal_strong_1000,near_boundary,False,1347,1389927733,1.887379141862766e-15,0,3
1000,1000,0.008461050328022024,0.012890240477149872,0.00036142131148153567,0.005489316485807194,-0.0044291901491278485,-0.0051278951743256584,0.006657957209875318,-0.665247614171854,-0.7701904672381767,0.5058921307534412,0.4411869178029374,0.837,0.498,0.425,True,999,0.0001230000052601099,0.002672040951438248,near_5x5_bal_strong_1000,near_boundary,False,1348,1389927733,1.887379141862766e-15,0,7
1000,1000,0.01157273845239315,0.0170982135658011,0.0034723537244190084,0.008373106016790643,-0.005525475113407952,-0.004900752292371635,0.008011746351311173,-0.6896717483453121,-0.6116958871981257,0.49040063614711027,0.5407389835083616,0.803,0.497,0.544,True,999,0.00014408398419618607,0.0027414170326665044,near_5x5_bal_strong_1000,near_boundary,False,1349,1389927733,1.887379141862766e-15,0,6
1000,1000,0.01177844082824242,0.010192901844327196,0.003678058717696331,0.003341592708295593,0.0015855389839152245,0.0003364660094007377,0.0060748751833362875,0.26099943390844377,0.055386489309884455,0.7940929438061106,0.9558305592842117,0.941,0.792,0.956,True,999,0.00013591698370873928,0.0026882500387728214,near_5x5_bal_strong_1000,near_boundary,False,1350,1389927733,1.887379141862766e-15,0,8
1000,1000,0.009366904653461905,0.02382804052948112,0.0012664352484534902,0.015597232324239485,-0.014461135876019215,-0.014330797075785995,0.008879737800693283,-1.6285543785865126,-1.6138761523642198,0.10340738872482412,0.10655429231675202,0.523,0.093,0.1,True,999,0.00011699995957314968,0.0026714580599218607,near_5x5_bal_strong_1000,near_boundary,False,1351,1389927733,1.887379141862766e-15,0,6
1000,1000,0.015193376939278247,0.01606043980327021,0.007091927099281747,0.008874734969481324,-0.0008670628639919631,-0.0017828078701995764,0.00813848900895904,-0.10653855562592514,-0.21905882876256508,0.9151550665005559,0.8266042217214338,0.974,0.906,0.8,True,999,0.00012149999383836985,0.0027826670557260513,near_5x5_bal_strong_1000,near_boundary,False,1352,1389927733,1.887379141862766e-15,0,6
1000,1000,0.0128937427093343,0.01408288721951223,0.004793343828396246,0.0059329717216769495,-0.0011891445101779308,-0.0011396278932807036,0.007551141367851413,-0.15747877734625004,-0.15092127636923994,0.8748675324217388,0.8800378166107303,0.959,0.879,0.887,True,999,0.0001236660173162818,0.002685624989680946,near_5x5_bal_strong_1000,near_boundary,False,1353,1389927733,1.887379141862766e-15,0,5
1000,1000,0.013879096061396146,0.01657402571144695,0.005778039532515322,0.01084496959703074,-0.0026949296500508035,-0.005066930064515418,0.008024041181677224,-0.33585690664258233,-0.6314686016424835,0.7369787747897185,0.527734172885896,0.908,0.74,0.528,True,999,0.00011466699652373791,0.0026700840098783374,near_5x5_bal_strong_1000,near_boundary,False,1354,1389927733,1.887379141862766e-15,0,9
1000,1000,0.01473821659607455,0.011508813901477954,0.00663675739883729,0.00010939503567897191,0.003229402694596595,0.006527362363158318,0.0075649384372422366,0.42689080967245235,0.862844082249774,0.6694588597322297,0.38822319842504516,0.872,0.653,0.402,True,999,0.00011825002729892731,0.0027947499183937907,near_5x5_bal_strong_1000,near_boundary,False,1355,1389927733,1.887379141862766e-15,0,1
1000,1000,0.012483792590078258,0.010143497257653733,0.004383089836437648,-0.0017793711488707231,0.0023402953324245246,0.006162460985308371,0.006973675495202479,0.3355899387682327,0.8836747550911739,0.737180112141212,0.3768718118130858,0.93,0.726,0.366,True,999,0.0001259170239791274,0.0027036250103265047,near_5x5_bal_strong_1000,near_boundary,False,1356,1389927733,1.887379141862766e-15,0,2
1000,1000,0.01315405700706962,0.011774842977179567,0.005052467477071332,0.0037876462357644414,0.0013792140298900524,0.0012648212413068904,0.007016200319909905,0.19657563453202015,0.180271540668202,0.8441596393850452,0.8569393968880482,0.955,0.841,0.849,True,999,0.00011845806147903204,0.0027005000738427043,near_5x5_bal_strong_1000,near_boundary,False,1357,1389927733,1.887379141862766e-15,0,6
1000,1000,0.013623853678287556,0.015616942425331348,0.00552294706540124,0.005621442854419456,-0.001993088747043792,-9.849578901821587e-05,0.008062369176350942,-0.24720881709188502,-0.012216730202225176,0.8047466219866419,0.9902527020503481,0.942,0.817,0.99,True,999,0.00011804106179624796,0.002748292055912316,near_5x5_bal_strong_1000,near_boundary,False,1358,1389927733,1.887379141862766e-15,0,4
1000,1000,0.013567403449809667,0.008901996910808896,0.0054665005804963585,-0.0019048677087312171,0.0046654065390007715,0.007371368289227576,0.006720638293644569,0.6941909882894092,1.0968256238694434,0.4875624433223754,0.27271762662391386,0.826,0.467,0.247,True,999,0.0001302079763263464,0.0026622499572113156,near_5x5_bal_strong_1000,near_boundary,False,1359,1389927733,1.887379141862766e-15,0,4
1000,1000,0.008782370941618822,0.013125081966573082,0.0006825553048201982,0.0047238879913038545,-0.00434271102495426,-0.004041332686483656,0.006710769233315025,-0.6471256683056916,-0.6022160122003324,0.5175506139246437,0.5470303585234084,0.857,0.546,0.573,True,999,0.00012720806989818811,0.00270829105284065,near_5x5_bal_strong_1000,near_boundary,False,1360,1389927733,1.887379141862766e-15,0,6
1000,1000,0.015413020018970824,0.012665871814748098,0.007311589293522047,0.004651371381498848,0.002747148204222727,0.0026602179120231995,0.007455054582730733,0.3684947137189794,0.3568341294489598,0.7125043861177798,0.721215984405732,0.903,0.713,0.722,True,999,0.00011845794506371021,0.0027687499532476068,near_5x5_bal_strong_1000,near_boundary,False,1361,1389927733,1.887379141862766e-15,0,6
1000,1000,0.01423924972477053,0.01620448014660597,0.006137671524356847,0.008644121483712297,-0.00196523042183544,-0.00250644995935545,0.00812415864849367,-0.24189956238727817,-0.30851809618712706,0.8088579892295116,0.7576881326002033,0.926,0.784,0.742,True,999,0.0001277499832212925,0.002695665927603841,near_5x5_bal_strong_1000,near_boundary,False,1362,1389927733,1.887379141862766e-15,0,6
1000,1000,0.008579456249818262,0.011051766954187303,0.0004795756051407807,0.001630217526439992,-0.0024723107043690407,-0.0011506419212992114,0.006226336785309704,-0.39707307677319376,-0.18480239039012686,0.6913135730163757,0.8533840328948689,0.915,0.667,0.851,True,999,0.00012362503912299871,0.002648624940775335,near_5x5_bal_strong_1000,near_boundary,False,1363,1389927733,1.887379141862766e-15,0,5
1000,1000,0.015753866513200876,0.011671472849977493,0.007650997190467024,0.0026558414391502083,0.004082393663223383,0.0049951557513168154,0.007424085666255915,0.5498850426495953,0.6728311035015241,0.5823982239030308,0.5010547475245122,0.853,0.562,0.483,True,999,0.00011854199692606926,0.0027278329944238067,near_5x5_bal_strong_1000,near_boundary,False,1364,1389927733,1.887379141862766e-15,0,5
1000,1000,0.009168241987644654,0.01719342853670719,0.001068097369852694,0.009809574830455858,-0.008025186549062535,-0.008741477460603164,0.0075706464579648105,-1.0600397989288641,-1.1546540324051935,0.28912649361429654,0.24823213056176252,0.707,0.252,0.208,True,999,0.00012295797932893038,0.002690624911338091,near_5x5_bal_strong_1000,near_boundary,False,1365,1389927733,1.887379141862766e-15,0,7
1000,1000,0.011527114922779802,0.014210233160908747,0.0034267735072717187,0.004940401470207689,-0.0026831182381289453,-0.0015136279629359706,0.007399647862672327,-0.3626008004602475,-0.2045540532504928,0.7169031122311522,0.8379205564272149,0.893,0.703,0.828,True,999,0.00011812499724328518,0.002687999978661537,near_5x5_bal_strong_1000,near_boundary,False,1366,1389927733,1.887379141862766e-15,0,5
1000,1000,0.013627187682125896,0.01695185224504081,0.005524987200033138,0.007396078201679757,-0.003324664562914914,-0.0018710910016466187,0.008270589745350386,-0.40198639580496615,-0.22623429032960085,0.6876940383068859,0.8210192020615414,0.879,0.711,0.836,True,999,0.00011812499724328518,0.002756332978606224,near_5x5_bal_strong_1000,near_boundary,False,1367,1389927733,1.887379141862766e-15,0,4
1000,1000,0.015169254973053103,0.011714748259984642,0.007067384297897661,0.0037489141411128912,0.0034545067130684615,0.0033184701567847696,0.007114582918586467,0.48555294844392743,0.46643214293215196,0.6272841632161443,0.640906208396588,0.869,0.624,0.641,True,999,0.00012733403127640486,0.0026865419931709766,near_5x5_bal_strong_1000,near_boundary,False,1368,1389927733,1.887379141862766e-15,0,6
1000,1000,0.011321541373912503,0.014542192518865849,0.003220362047841263,0.008586154785575673,-0.003220651144953346,-0.0053657927377344095,0.0069804716182569615,-0.46138016470548293,-0.768686276683732,0.6445258797944255,0.44207957363457706,0.871,0.616,0.42,True,999,0.00012437498662620783,0.00273554096929729,near_5x5_bal_strong_1000,near_boundary,False,1369,1389927733,1.887379141862766e-15,0,8
1000,1000,0.014208412892799727,0.018484222809551587,0.006107577818738719,0.012476066326257751,-0.00427580991675186,-0.006368488507519032,0.00878215889050595,-0.48687457948116514,-0.7251620685665067,0.6263472144831719,0.46835261006859463,0.862,0.639,0.488,True,999,0.00012266705743968487,0.0027441249694675207,near_5x5_bal_strong_1000,near_boundary,False,1370,1389927733,1.887379141862766e-15,0,8
1000,1000,0.016635726637108217,0.00997305189162595,0.008532698579529097,0.002168459639790399,0.006662674745482267,0.006364238939738698,0.007060584852643116,0.9436434636130897,0.9013756045090596,0.345351873828339,0.36738864775699576,0.772,0.342,0.371,True,999,0.00012312503531575203,0.002686499967239797,near_5x5_bal_strong_1000,near_boundary,False,1371,1389927733,1.887379141862766e-15,0,7
1000,1000,0.013212299629844493,0.01855183269726679,0.005109836674591861,0.008596526086762424,-0.005339533067422297,-0.0034866894121705627,0.008478921548025724,-0.6297420063599458,-0.4112185013650022,0.5288633944030199,0.680912323092654,0.783,0.498,0.65,True,999,0.00012083305045962334,0.00273637508507818,near_5x5_bal_strong_1000,near_boundary,False,1372,1389927733,1.887379141862766e-15,0,4
1000,1000,0.009160871521822322,0.010963543534650622,0.0010608402426441899,0.0009280102860884654,-0.0018026720128282991,0.0001328299565557245,0.006422906582639464,-0.2806629661562817,0.020680661449249762,0.7789689161538516,0.9835003956494671,0.944,0.792,0.988,True,999,0.00012054096441715956,0.002754500019364059,near_5x5_bal_strong_1000,near_boundary,False,1373,1389927733,1.887379141862766e-15,0,4
1000,1000,0.015489823707225403,0.010725498782907184,0.007388268191107272,0.002078197512673796,0.0047643249243182195,0.005310070678433476,0.007194136952166071,0.6622510741728007,0.7381108691341601,0.507810326696859,0.46044707936902673,0.829,0.504,0.458,True,999,0.00012850004713982344,0.0026574169751256704,near_5x5_bal_strong_1000,near_boundary,False,1374,1389927733,1.887379141862766e-15,0,5
1000,1000,0.009999887947704567,0.012453229557200463,0.0018990678304362518,0.0053681091241628565,-0.002453341609495896,-0.0034690412937266046,0.0069265120707692205,-0.35419581810148226,-0.5008352339940919,0.7231921373891521,0.6164870864483013,0.925,0.727,0.607,True,999,0.00011741695925593376,0.002724834019318223,near_5x5_bal_strong_1000,near_boundary,False,1375,1389927733,1.887379141862766e-15,0,7
1000,1000,0.010315516167990424,0.02546810613983458,0.002214617958998133,0.018354780470644982,-0.015152589971844155,-0.01614016251164685,0.009219419030162993,-1.643551499532641,-1.7506702384219,0.10026887925566037,0.08000272878729417,0.476,0.087,0.063,True,999,0.00011870800517499447,0.002719916054047644,near_5x5_bal_strong_1000,near_boundary,False,1376,1389927733,1.887379141862766e-15,0,6
1000,1000,0.015621475284354425,0.012382935108557647,0.0075201812699106085,0.004118633865346055,0.003238540175796778,0.0034015474045645533,0.00773041636048474,0.41893476687117326,0.440021241540379,0.6752638074524551,0.659921722787628,0.888,0.692,0.679,True,999,0.00012579199392348528,0.0026758749736472964,near_5x5_bal_strong_1000,near_boundary,False,1377,1389927733,1.887379141862766e-15,0,5
1000,1000,0.010255052331902936,0.024699830925198896,0.002155004777932845,0.016205200766762573,-0.01444477859329596,-0.014050195988829728,0.009224721974364983,-1.5658768506451728,-1.5231023794402134,0.11737745028194814,0.127733093654228,0.532,0.097,0.107,True,999,0.00012116599828004837,0.0027039169799536467,near_5x5_bal_strong_1000,near_boundary,False,1378,1389927733,1.887379141862766e-15,0,5
1000,1000,0.0157999538325464,0.01524314271998084,0.00769807695792224,0.00573185803477827,0.0005568111125655584,0.0019662189231439697,0.00809580643160653,0.06877772057292937,0.24286881606602265,0.9451665524918417,0.8081070235620796,0.985,0.947,0.81,True,999,0.0001217919634655118,0.002742958953604102,near_5x5_bal_strong_1000,near_boundary,False,1379,1389927733,1.887379141862766e-15,0,4
1000,1000,0.013344245860518411,0.017357399693791353,0.0052433383507377584,0.008404551584590081,-0.004013153833272942,-0.0031612132338523224,0.008296729579300525,-0.48370310191684956,-0.38101919601420053,0.6285965914751434,0.7031890046599065,0.861,0.62,0.701,True,999,0.00012512493412941694,0.0027030420023947954,near_5x5_bal_strong_1000,near_boundary,False,1380,1389927733,1.887379141862766e-15,0,5
1000,1000,0.01136101023003988,0.014764367257585176,0.003260258345562761,0.007532549927589116,-0.003403357027545295,-0.004272291582026355,0.007425501096707169,-0.4583336509174459,-0.5753539763021378,0.6467127514856913,0.5650519236777146,0.862,0.63,0.549,True,999,0.00012279197108000517,0.002724000019952655,near_5x5_bal_strong_1000,near_boundary,False,1381,1389927733,1.887379141862766e-15,0,6
1000,1000,0.011420894945665117,0.016881906349288822,0.0033205200134034385,0.007294092224981341,-0.005461011403623706,-0.003973572211577903,0.00802797544246331,-0.680247646839842,-0.4949656660083963,0.49634766764487337,0.620624356542568,0.8,0.479,0.612,True,999,0.0001253749942407012,0.0027202500496059656,near_5x5_bal_strong_1000,near_boundary,False,1382,1389927733,1.887379141862766e-15,0,4
1000,1000,0.015342011352561968,0.010212904861587546,0.007240521569656266,0.0012478421811010776,0.005129106490974422,0.005992679388555189,0.00680260001238249,0.7539920738597188,0.8809395492380802,0.4508539811360798,0.37835053990684164,0.823,0.438,0.37,True,999,0.00012633297592401505,0.0026896250201389194,near_5x5_bal_strong_1000,near_boundary,False,1383,1389927733,1.887379141862766e-15,0,5
1000,1000,0.014797595256638818,0.012998488748260706,0.0066964470081529726,0.005963056815460277,0.0017991065083781121,0.0007333901926926956,0.00747062942039816,0.24082395299460935,0.09816979954730619,0.8096915640874893,0.9217974630715142,0.951,0.83,0.937,True,999,0.0001236669486388564,0.0027410420589149,near_5x5_bal_strong_1000,near_boundary,False,1384,1389927733,1.887379141862766e-15,0,7
1000,1000,0.009635244384514463,0.022000130355890157,0.0015353095711816422,0.01587778735932943,-0.012364885971375694,-0.01434247778814779,0.008541659236347712,-1.4475976656571397,-1.679120811459627,0.14772960439616994,0.09312850101050492,0.609,0.156,0.096,True,999,0.00012541702017188072,0.0027238749898970127,near_5x5_bal_strong_1000,near_boundary,False,1385,1389927733,1.887379141862766e-15,0,7
1000,1000,0.014000316583343109,0.007928327551640524,0.005899407861306827,7.808948652154868e-05,0.006071989031702585,0.005821318374785278,0.006293406081886835,0.9648176127039515,0.9249869306129346,0.3346361725890843,0.35497270576170126,0.774,0.333,0.35,True,999,0.00012095901183784008,0.002667791908606887,near_5x5_bal_strong_1000,near_boundary,False,1386,1389927733,1.887379141862766e-15,0,7
1000,1000,0.009344203258000672,0.014577341017086964,0.001244181043603021,0.006020208718837239,-0.005233137759086293,-0.004776027675234218,0.007126137671516796,-0.7343582176363456,-0.6702126587203081,0.4627304447144849,0.502722235384921,0.8,0.451,0.491,True,999,0.00012541702017188072,0.0028173329774290323,near_5x5_bal_strong_1000,near_boundary,False,1387,1389927733,1.887379141862766e-15,0,5
1000,1000,0.013140266721550331,0.009985622439085351,0.005039442514998882,0.002567086038254729,0.00315464428246498,0.002472356476744153,0.006542799397678743,0.48215512821380185,0.37787441223114626,0.6296957502015641,0.7055238916562954,0.886,0.612,0.693,True,999,0.00012958399020135403,0.002644958905875683,near_5x5_bal_strong_1000,near_boundary,False,1388,1389927733,1.887379141862766e-15,0,7
1000,1000,0.012980933419295626,0.00862114998390684,0.004878846193832942,0.0017696453662097156,0.0043597834353887865,0.0031092008276232264,0.006120201232803805,0.7123594910606345,0.5080226465362201,0.47624219348973884,0.6114374613493503,0.834,0.455,0.597,True,999,0.00011729099787771702,0.002699082950130105,near_5x5_bal_strong_1000,near_boundary,False,1389,1389927733,1.887379141862766e-15,0,8
1000,1000,0.00838612765960045,0.015307622759240469,0.000286118634221566,0.0056994002559918044,-0.006921495099640018,-0.005413281621770238,0.0072722108058173255,-0.9517731656105519,-0.7443790844786764,0.3412120339502739,0.45664716879992806,0.77,0.339,0.457,True,999,0.00011970801278948784,0.0027255830354988575,near_5x5_bal_strong_1000,near_boundary,False,1390,1389927733,1.887379141862766e-15,0,4
1000,1000,0.015850265347579606,0.012152091538911614,0.0077489569455337914,0.003613010268850303,0.0036981738086679927,0.0041359466766834885,0.007576075719734361,0.4881384433678365,0.5459220353236526,0.6254517825743238,0.5851195307086784,0.869,0.618,0.576,True,999,0.00012820807751268148,0.0027069998905062675,near_5x5_bal_strong_1000,near_boundary,False,1391,1389927733,1.887379141862766e-15,0,4
1000,1000,0.01216773296421425,0.012316829844960964,0.004067112192387867,0.004574242168075671,-0.000149096880746713,-0.0005071299756878034,0.00701645934699967,-0.02124958948283065,-0.07227719147331178,0.9830465565117749,0.9423813157819205,0.997,0.99,0.948,True,999,0.0001223749713972211,0.0027130410308018327,near_5x5_bal_strong_1000,near_boundary,False,1392,1389927733,1.887379141862766e-15,0,7
1000,1000,0.014716805749600104,0.007142746548008838,0.0066152975966815575,-0.0020953752563741546,0.0075740592015912656,0.008710672853055712,0.006523532963654306,1.1610363960433616,1.3352692324216033,0.24562709855876064,0.18178824478342392,0.715,0.206,0.15,True,999,0.00011825002729892731,0.002767374971881509,near_5x5_bal_strong_1000,near_boundary,False,1393,1389927733,1.887379141862766e-15,0,6
1000,1000,0.0187391161710182,0.006498157248951031,0.01063662553838185,-0.0033521776349516585,0.012240958922067169,0.013988803173333508,0.006883090339694218,1.778410324135158,2.032343392714349,0.07533648829213027,0.042118904455090644,0.605,0.083,0.049,True,999,0.00011879194062203169,0.0027467500185593963,near_5x5_bal_strong_1000,near_boundary,False,1394,1389927733,1.887379141862766e-15,0,5
1000,1000,0.0232232934659784,0.026012263863304297,0.015119111047624756,0.01892907184850401,-0.002788970397325896,-0.003809960800879253,0.010492613409627372,-0.2658032168388964,-0.36310885116414077,0.7903907656344658,0.7165235729575934,0.917,0.818,0.737,True,999,0.00012254202738404274,0.0026952920015901327,near_5x5_bal_strong_1000,near_boundary,False,1395,1389927733,1.887379141862766e-15,0,6
1000,1000,0.013030936281168248,0.015619719149523703,0.004930029778279277,0.0058247883593480765,-0.002588782868355455,-0.0008947585810687997,0.00810531327526021,-0.31939331404465,-0.1103916098838357,0.7494282801646279,0.9120988068053377,0.924,0.76,0.923,True,999,0.00011545803863555193,0.0027509169885888696,near_5x5_bal_strong_1000,near_boundary,False,1396,1389927733,1.887379141862766e-15,0,5
1000,1000,0.013744556147974096,0.02010188577859018,0.005643563647936389,0.010770775030664481,-0.006357329630616082,-0.005127211382728092,0.009024066546563446,-0.7044861202887612,-0.5681708303315472,0.4811300907462126,0.5699189761981418,0.799,0.497,0.587,True,999,0.00012191699352115393,0.0026918749790638685,near_5x5_bal_strong_1000,near_boundary,False,1397,1389927733,1.887379141862766e-15,0,5
1000,1000,0.015993296705417936,0.013791888342085279,0.007892054221883882,0.007852526681460859,0.0022014083633326575,3.952754042302331e-05,0.007597146152053208,0.28976780481414116,0.00520294589993383,0.7719938796651462,0.9958486685256295,0.926,0.79,0.995,True,999,0.00011891708709299564,0.0027313330210745335,near_5x5_bal_strong_1000,near_boundary,False,1398,1389927733,1.887379141862766e-15,0,8
1000,1000,0.009271903807554382,0.009179801412903033,0.0011717686711563147,0.0011013339175178771,9.210239465134995e-05,7.043475363843754e-05,0.005674093982241102,0.016232088319230165,0.012413392139588402,0.9870492360557009,0.99009580042544,0.998,0.984,0.99,True,999,0.00012079195585101843,0.002752583008259535,near_5x5_bal_strong_1000,near_boundary,False,1399,1389927733,1.887379141862766e-15,0,6
1000,1000,0.02191213929812652,0.008484319303706411,0.013809110432248417,0.002245614295645737,0.01342781999442011,0.01156349613660268,0.007454285818223864,1.8013556659703667,1.5512547303100217,0.07164683916763913,0.12084065088268792,0.542,0.068,0.113,True,999,0.00012395810335874557,0.00267616705968976,near_5x5_bal_strong_1000,near_boundary,False,1400,1389927733,1.887379141862766e-15,0,9
1000,1000,0.023814867978494192,0.00961212954310292,0.015712162578893185,-0.00019501872174032542,0.014202738435391271,0.01590718130063351,0.008262152411718408,1.7190119145281306,1.9253071727498001,0.0856122024696926,0.05419094083166933,0.534,0.099,0.061,True,999,0.00012108299415558577,0.0027347910217940807,near_5x5_bal_strong_1000,near_boundary,False,1401,1389927733,1.887379141862766e-15,0,5
1000,1000,0.007542241069248279,0.01698920024238637,-0.0005571502047132526,0.010428537545294603,-0.009446959173138092,-0.010985687750007855,0.007417721707201769,-1.273566136077357,-1.4810056488560355,0.2028172199990944,0.1386050682129259,0.654,0.179,0.128,True,999,0.00013358297292143106,0.0027004160219803452,near_5x5_bal_strong_1000,near_boundary,False,1402,1389927733,1.887379141862766e-15,0,7
1000,1000,0.024616416112781536,0.009412559261469111,0.016512787587089406,0.0007667948285074999,0.015203856851312425,0.015745992758581906,0.008055169561235937,1.8874657740885141,1.9547686288761295,0.059097705606699975,0.0506103855252708,0.531,0.052,0.043,True,999,0.00012262503150850534,0.0027111670933663845,near_5x5_bal_strong_1000,near_boundary,False,1403,1389927733,1.887379141862766e-15,0,5
1000,1000,0.0119541373289902,0.01128468663968668,0.003853068144280769,0.0028644951806313657,0.000669450689303519,0.0009885729636494034,0.006695353043879743,0.099987362117591,0.1476506103816382,0.9203543587315157,0.882618511488736,0.972,0.908,0.862,True,999,0.00012270803563296795,0.002740332973189652,near_5x5_bal_strong_1000,near_boundary,False,1404,1389927733,1.887379141862766e-15,0,6
1000,1000,0.018127757032833758,0.005958764695163432,0.010024674243368281,-0.0006612166331478875,0.012168992337670326,0.010685890876516169,0.006425692140390061,1.8938025774965974,1.6629945293126818,0.058251219416499064,0.09631353057970952,0.603,0.049,0.085,True,999,0.00012400001287460327,0.002708790940232575,near_5x5_bal_strong_1000,near_boundary,False,1405,1389927733,1.887379141862766e-15,0,9
1000,1000,0.010387349347564356,0.024468615314290454,0.0022874382907502877,0.02115233411547024,-0.014081265966726098,-0.01886489582471995,0.009212580633078993,-1.5284822491719035,-2.047731963070482,0.12639284747067586,0.040586270140094804,0.549,0.124,0.04,True,999,0.00011966598685830832,0.002675166935659945,near_5x5_bal_strong_1000,near_boundary,False,1406,1389927733,1.887379141862766e-15,0,11
1000,1000,0.0182827858716883,0.008799910274472633,0.01018001555939918,-0.0009581766012729531,0.009482875597215668,0.011138192160672133,0.007209109030441947,1.3154018835298888,1.5450164664785655,0.1883748728491813,0.12234228046729735,0.677,0.177,0.121,True,999,0.00011787493713200092,0.0027186250081285834,near_5x5_bal_strong_1000,near_boundary,False,1407,1389927733,1.887379141862766e-15,0,5
1000,1000,0.010777413692363291,0.011504351648662203,0.0026765500790588703,0.0028548848996479137,-0.000726937956298912,-0.00017833482058904337,0.006725337373832166,-0.10808944085502364,-0.026516858660939766,0.9139247440565397,0.9788450870601142,0.975,0.911,0.977,True,999,0.0001170838950201869,0.0027047499315813184,near_5x5_bal_strong_1000,near_boundary,False,1408,1389927733,1.887379141862766e-15,0,5
1000,1000,0.010915346657533354,0.0120216478531468,0.0028151689205060393,0.0023889435862542996,-0.001106301195613446,0.0004262253342517397,0.00676397048776756,-0.16355795721080674,0.06301407361586742,0.8700791441827497,0.9497552974689005,0.953,0.87,0.947,True,999,0.0001165410503745079,0.0027026250027120113,near_5x5_bal_strong_1000,near_boundary,False,1409,1389927733,1.887379141862766e-15,0,4
1000,1000,0.02173522199039213,0.017154972648987243,0.013630818498768349,0.007449952336514798,0.004580249341404885,0.006180866162253551,0.00927337574848953,0.4939139171785342,0.6665173858894163,0.6213669753505926,0.5050804547326393,0.833,0.596,0.471,True,999,0.00011920800898224115,0.0027359999949112535,near_5x5_bal_strong_1000,near_boundary,False,1410,1389927733,1.887379141862766e-15,0,5
1000,1000,0.007420527893714723,0.013682082356909875,-0.0006792888939344266,0.007578947241029255,-0.006261554463195151,-0.008258236134963681,0.006172544005631628,-1.0144203844447788,-1.337898300510962,0.31038220158441576,0.18092959123996888,0.774,0.313,0.179,True,999,0.00012195890303701162,0.0027302500093355775,near_5x5_bal_strong_1000,near_boundary,False,1411,1389927733,1.887379141862766e-15,0,9
1000,1000,0.014905687015769553,0.00855494066090029,0.006803667166650484,0.0037077885278904432,0.006350746354869263,0.003095878638760041,0.00614923593815322,1.0327699926857192,0.5034574490062282,0.3017115496081567,0.6146426895419344,0.76,0.331,0.621,True,999,0.00012016703840345144,0.0026550000766292214,near_5x5_bal_strong_1000,near_boundary,False,1412,1389927733,1.887379141862766e-15,0,10
1000,1000,0.005749699393680974,0.01213394518052513,-0.0023498748112160683,0.005100118061989178,-0.006384245786844156,-0.007449992873205247,0.0060023245840060534,-1.0636288820261035,-1.2411846058869738,0.28749685318055884,0.21453756031637128,0.812,0.3,0.228,True,999,0.00012145901564508677,0.0027361249085515738,near_5x5_bal_strong_1000,near_boundary,False,1413,1389927733,1.887379141862766e-15,0,7
1000,1000,0.01879153578545889,0.017827046662911017,0.010689335049391957,0.0079445650290495,0.0009644891225478736,0.0027447700203424574,0.009086216231940294,0.1061485989247599,0.30208064064048057,0.9154644525577731,0.762590590002184,0.968,0.92,0.767,True,999,0.00012208404950797558,0.002839209046214819,near_5x5_bal_strong_1000,near_boundary,False,1414,1389927733,1.887379141862766e-15,0,4
1000,1000,0.01364845965092365,0.012041490250550124,0.005547390485844517,2.14786944638945e-05,0.0016069694003735258,0.005525911791380622,0.007736081436610517,0.2077239508840541,0.7143037255566614,0.8354445154672103,0.47503938900274467,0.947,0.849,0.483,True,999,0.0001617079833522439,0.0027027500327676535,near_5x5_bal_strong_1000,near_boundary,False,1415,1389927733,1.887379141862766e-15,0,2
1000,1000,0.01908913015944025,0.017727536500712904,0.010986732255787501,0.00865144699088205,0.0013615936587273447,0.002335285264905451,0.008906951448170325,0.15286865170990066,0.2621868187442706,0.8785018576137067,0.793177415152806,0.95,0.883,0.799,True,999,0.0001444169320166111,0.0026990410406142473,near_5x5_bal_strong_1000,near_boundary,False,1416,1389927733,1.887379141862766e-15,0,4
1000,1000,0.014540227912472448,0.022895574435106925,0.006438170036290103,0.01683411856015482,-0.008355346522634477,-0.010395948523864718,0.008899910224794113,-0.9388124499680295,-1.1680958865071265,0.34782704564165845,0.24276808940530725,0.714,0.334,0.229,True,999,0.00021837500389665365,0.0027316249907016754,near_5x5_bal_strong_1000,near_boundary,False,1417,1389927733,1.887379141862766e-15,0,7
1000,1000,0.012351798405275671,0.013054557952195234,0.004251501405633462,0.0036725139449913513,-0.0007027595469195624,0.0005789874606421108,0.007076764499901495,-0.0993052046495746,0.08181527881140739,0.9208959461331668,0.9347936060729432,0.984,0.926,0.944,True,999,0.00011683302000164986,0.0026615000097081065,near_5x5_bal_strong_1000,near_boundary,False,1418,1389927733,1.887379141862766e-15,0,5
1000,1000,0.009066211072100039,0.013999139113194892,0.000966160333064181,0.006396435102999476,-0.004932928041094853,-0.005430274769935295,0.006684659670603005,-0.7379475222632937,-0.8123487264154832,0.4605463392113718,0.4165915584027199,0.808,0.438,0.394,True,999,0.00011874991469085217,0.002794582978822291,near_5x5_bal_strong_1000,near_boundary,False,1419,1389927733,1.887379141862766e-15,0,6
1000,1000,0.016059346827936194,0.013855681378025675,0.007957768382539143,0.007868451868489501,0.002203665449910519,8.931651404964214e-05,0.0077364713389453344,0.28484115733968857,0.01154486459479576,0.7757658387526678,0.9907887354025833,0.938,0.778,0.993,True,999,0.0001330419909209013,0.0027068749768659472,near_5x5_bal_strong_1000,near_boundary,False,1420,1389927733,1.887379141862766e-15,0,8
1000,1000,0.006147961658897083,0.008022665308997479,-0.001951314902271406,-0.00021654401052728645,-0.0018747036501003955,-0.0017347708917441196,0.005304999306358011,-0.3533843346319714,-0.3270068084014651,0.723800328360794,0.7436627357095655,0.949,0.726,0.75,True,999,0.00012204097583889961,0.002680624951608479,near_5x5_bal_strong_1000,near_boundary,False,1421,1389927733,1.887379141862766e-15,0,7
1000,1000,0.00778762273512057,0.021062510448516036,-0.0003121710365121544,0.013938025777918028,-0.013274887713395467,-0.014250196814430183,0.008088415786843902,-1.6412222199293398,-1.7618031997821673,0.10075129488701626,0.0781025539439399,0.58,0.103,0.08,True,999,0.00013175001367926598,0.002772417035885155,near_5x5_bal_strong_1000,near_boundary,False,1422,1389927733,1.887379141862766e-15,0,6
1000,1000,0.02012309968408066,0.012733122704301714,0.01202029268233673,0.003103150659512721,0.007389976979778945,0.00891714202282401,0.008147076415224448,0.9070710280769294,1.0945204842022274,0.364369237698253,0.2737267683958202,0.747,0.384,0.295,True,999,0.0001260410062968731,0.002640250022523105,near_5x5_bal_strong_1000,near_boundary,False,1423,1389927733,1.887379141862766e-15,0,4
1000,1000,0.008152420211533284,0.02018318997033708,5.209310211284901e-05,0.01162536056551744,-0.012030769758803794,-0.01157326746340459,0.008194900551274545,-1.4680800192178856,-1.4122523380231395,0.1420824883224835,0.15787567477136877,0.58,0.147,0.167,True,999,0.00011983397416770458,0.0027116669807583094,near_5x5_bal_strong_1000,near_boundary,False,1424,1389927733,1.887379141862766e-15,0,5
1000,1000,0.01779558158834016,0.009119141714388601,0.009692485011782992,-2.5415179607080063e-05,0.008676439873951558,0.009717900191390072,0.007110093553268165,1.220298974823393,1.3667752918557907,0.22235155830025577,0.171695749657083,0.707,0.227,0.188,True,999,0.00011841603554785252,0.0027371669420972466,near_5x5_bal_strong_1000,near_boundary,False,1425,1389927733,1.887379141862766e-15,0,6
1000,1000,0.0164398407957842,0.013569867402039193,0.008336891231238042,0.004600509340491499,0.0028699733937450067,0.003736381890746543,0.0077033499907664255,0.3725617292716913,0.48503338096089815,0.7094746609177089,0.627652666864805,0.903,0.678,0.615,True,999,0.00012533296830952168,0.002614250057376921,near_5x5_bal_strong_1000,near_boundary,False,1426,1389927733,1.887379141862766e-15,0,5
1000,1000,0.006997216834693898,0.01939609274071663,-0.0011027770628970757,0.010259149722514849,-0.012398875906022733,-0.011361926785411924,0.007947871885021121,-1.560024631170786,-1.429555854671622,0.11875406059638599,0.1528445333103663,0.533,0.118,0.15,True,999,0.00012208300177007914,0.002679541939869523,near_5x5_bal_strong_1000,near_boundary,False,1427,1389927733,1.887379141862766e-15,0,4
1000,1000,0.014073566241452173,0.013837065004528859,0.005972026826839283,0.005620284416181676,0.00023650123692331437,0.00035174241065760725,0.007468734193781606,0.031665504593833715,0.047095317831830796,0.9747388044294827,0.9624372590278056,0.987,0.971,0.96,True,999,0.00011829205323010683,0.0027321670204401016,near_5x5_bal_strong_1000,near_boundary,False,1428,1389927733,1.887379141862766e-15,0,5
1000,1000,0.007113077143571456,0.010344621222358408,-0.0009865973970590858,0.0038804721904170947,-0.003231544078786952,-0.0048670695874761805,0.0054250888943372525,-0.5956665672630842,-0.8971409837277438,0.5513979970084018,0.36964369189184276,0.872,0.551,0.373,True,999,0.00011837505735456944,0.0026843749219551682,near_5x5_bal_strong_1000,near_boundary,False,1429,1389927733,1.887379141862766e-15,0,8
1000,1000,0.016102468813993687,0.011722948595913996,0.008000362947086614,0.002735659694963033,0.004379520218079691,0.0052647032521235815,0.007235347621543352,0.6052950662715371,0.7276365321339712,0.5449829590243682,0.4668361113742422,0.833,0.528,0.444,True,999,0.00011675001587718725,0.0026948750019073486,near_5x5_bal_strong_1000,near_boundary,False,1430,1389927733,1.887379141862766e-15,0,5
1000,1000,0.011406590394106297,0.008163609483555656,0.003306209075390143,-0.0020274123756394147,0.0032429809105506413,0.005333621451029558,0.005942201042249164,0.5457541553193817,0.8975834733808915,0.5852349404192134,0.3694076530813828,0.871,0.559,0.356,True,999,0.00012024992611259222,0.0027438329998403788,near_5x5_bal_strong_1000,near_boundary,False,1431,1389927733,1.887379141862766e-15,0,5
1000,1000,0.015187165085571275,0.012014977008207806,0.007085611366846933,0.005596352878512789,0.003172188077363469,0.0014892584883341442,0.0070730922576698,0.448486738445079,0.2105526740046756,0.6538019549437695,0.8332363450053186,0.898,0.659,0.826,True,999,0.00011629192158579826,0.00269891694188118,near_5x5_bal_strong_1000,near_boundary,False,1432,1389927733,1.887379141862766e-15,0,8
1000,1000,0.011736102562457829,0.013342319142920722,0.0036359887537855684,0.00755684789407951,-0.0016062165804628936,-0.003920859140293942,0.006954745579599123,-0.23095260093690978,-0.5637674441744198,0.8173516255242552,0.5729124107034906,0.939,0.804,0.547,True,999,0.00011508399620652199,0.0026907920837402344,near_5x5_bal_strong_1000,near_boundary,False,1433,1389927733,1.887379141862766e-15,0,9
1000,1000,0.01293252074061546,0.01777603390163429,0.004831659651017617,0.009166220674330816,-0.004843513161018831,-0.004334561023313199,0.008450270005762383,-0.5731785088187663,-0.5129494111261993,0.5665238342012962,0.6079867085513526,0.817,0.554,0.594,True,999,0.00011591706424951553,0.00269670900888741,near_5x5_bal_strong_1000,near_boundary,False,1434,1389927733,1.887379141862766e-15,0,5
1000,1000,0.009814789703727067,0.010937027706172053,0.0017143541306268162,0.0022879202201124826,-0.0011222380024449863,-0.0005735660894856665,0.006570975866837039,-0.1707871136932328,-0.0872878094683605,0.8643911619853445,0.9304427436699559,0.955,0.851,0.923,True,999,0.00012141698971390724,0.002684582956135273,near_5x5_bal_strong_1000,near_boundary,False,1435,1389927733,1.887379141862766e-15,0,5
1000,1000,0.02048124620524061,0.015574117747871818,0.012377669151874215,0.0039964688816098715,0.004907128457368792,0.008381200270264344,0.008917917514719985,0.5502549725615927,0.9398158545905217,0.5821445032939396,0.347312024875262,0.836,0.59,0.346,True,999,0.00012504204642027617,0.0026966669829562306,near_5x5_bal_strong_1000,near_boundary,False,1436,1389927733,1.887379141862766e-15,0,2
1000,1000,0.01630342593884193,0.014059121258909402,0.008201265484331088,0.005476033578304396,0.0022443046799325295,0.0027252319060266927,0.007917781706828459,0.28345119416426884,0.34419134132940243,0.7768309894649673,0.7307023935722072,0.914,0.763,0.71,True,999,0.00012208300177007914,0.002721416996791959,near_5x5_bal_strong_1000,near_boundary,False,1437,1389927733,1.887379141862766e-15,0,5
1000,1000,0.01690519019868142,0.007332677988773462,0.008802796038480665,-0.004474707148460766,0.009572512209907957,0.01327750318694143,0.007045734086931617,1.35862524639739,1.884474069432802,0.17426537090138516,0.05950087909077561,0.701,0.197,0.079,True,999,0.00012016703840345144,0.0026961659314110875,near_5x5_bal_strong_1000,near_boundary,False,1438,1389927733,1.887379141862766e-15,0,3
1000,1000,0.01205896230525716,0.015607924013524066,0.003956613900299999,0.005316643122682763,-0.0035489617082669067,-0.0013600292223827637,0.007707794710393742,-0.46043801652906413,-0.1764485528589394,0.6452018524232603,0.8599415633155226,0.881,0.646,0.865,True,999,0.0001163750421255827,0.0026526249712333083,near_5x5_bal_strong_1000,near_boundary,False,1439,1389927733,1.887379141862766e-15,0,4
1000,1000,0.011212373568966427,0.009319814457437126,0.003111897629196392,0.00028732738013559356,0.0018925591115293017,0.0028245702490607982,0.006165600213261973,0.3069545617729931,0.4581176448945318,0.7588779580787524,0.646867922769679,0.941,0.76,0.647,True,999,0.0001218749675899744,0.002687582978978753,near_5x5_bal_strong_1000,near_boundary,False,1440,1389927733,1.887379141862766e-15,0,5
1000,1000,0.008262360411360303,0.013161094165290543,0.00016264082159977988,0.0068092367859549086,-0.00489873375393024,-0.006646595964355129,0.006175647528175706,-0.793234026323606,-1.0762589564949705,0.42764148643700917,0.28181145908401806,0.813,0.418,0.283,True,999,0.00012133305426687002,0.0026810410199686885,near_5x5_bal_strong_1000,near_boundary,False,1441,1389927733,1.887379141862766e-15,0,8
1000,1000,0.015936197394549767,0.014120304137618667,0.0078335508917462,0.005796121694572776,0.0018158932569311004,0.0020374291971734237,0.007872422379726272,0.23066512051075186,0.2588058794228805,0.8175749726221075,0.7957850212754725,0.918,0.79,0.777,True,999,0.00012029195204377174,0.0026863329112529755,near_5x5_bal_strong_1000,near_boundary,False,1442,1389927733,1.887379141862766e-15,0,6
1000,1000,0.011580719907171133,0.007404301970350191,0.0034802812492671364,0.0011691947653957868,0.004176417936820942,0.0023110864838713496,0.005746197784541967,0.7268141636293932,0.4021940369140231,0.46733980534248665,0.6875412304145216,0.859,0.469,0.698,True,999,0.00012112502008676529,0.002685458050109446,near_5x5_bal_strong_1000,near_boundary,False,1443,1389927733,1.887379141862766e-15,0,9
1000,1000,0.022213193040740764,0.013221130065651399,0.014109063236674046,0.006343526996261062,0.008992062975089365,0.007765536240412985,0.008331377180636075,1.0793009102971436,0.9320831444844164,0.2804536072402909,0.35129355820010877,0.706,0.282,0.361,True,999,0.00012104201596230268,0.0026610828936100006,near_5x5_bal_strong_1000,near_boundary,False,1444,1389927733,1.887379141862766e-15,0,6
1000,1000,0.008946308240177503,0.012663223337772478,0.0008462542018605745,0.002900319729747025,-0.003716915097594975,-0.0020540655278864506,0.006850973248734777,-0.5425382588205854,-0.29982098211605057,0.5874477587464895,0.7643137097675533,0.869,0.593,0.761,True,999,0.00012112502008676529,0.0027099159779027104,near_5x5_bal_strong_1000,near_boundary,False,1445,1389927733,1.887379141862766e-15,0,5
1000,1000,0.016797494134630497,0.01573197702864476,0.008695950667970465,0.00956091482987631,0.001065517105985736,-0.0008649641619058457,0.008128314809610921,0.1310870864309867,-0.10641371331768694,0.895706416543973,0.9152541132019256,0.964,0.897,0.915,True,999,0.00012920796871185303,0.0028132909210398793,near_5x5_bal_strong_1000,near_boundary,False,1446,1389927733,1.887379141862766e-15,0,7
1000,1000,0.008927822935117291,0.013087872438094283,0.0008278364284706186,0.005051484008049556,-0.004160049502976992,-0.0042236475795789374,0.006754019115525953,-0.615936886144427,-0.6253532167046629,0.5379361755861108,0.5317392598172871,0.865,0.546,0.537,True,999,0.0001194169744849205,0.0026699999580159783,near_5x5_bal_strong_1000,near_boundary,False,1447,1389927733,1.887379141862766e-15,0,6
1000,1000,0.01835240773384128,0.01408859377137106,0.010250214700818105,0.004578128782611657,0.00426381396247022,0.005672085918206449,0.008341213254098532,0.5111743139255138,0.6800073017458721,0.6092290030319547,0.496499837556705,0.844,0.604,0.497,True,999,0.00011937494855374098,0.0027124580228701234,near_5x5_bal_strong_1000,near_boundary,False,1448,1389927733,1.887379141862766e-15,0,4
1000,1000,0.014615148242274945,0.01773282013216665,0.0065134484109421464,0.0069494979285309455,-0.0031176718898917044,-0.00043604951758879906,0.00859663413832528,-0.36266192555439625,-0.05072328431947743,0.7168574450281091,0.959546022324972,0.87,0.695,0.95,True,999,0.0001224579755216837,0.0027167920488864183,near_5x5_bal_strong_1000,near_boundary,False,1449,1389927733,1.887379141862766e-15,0,3
1000,1000,0.01417955272303173,0.013286810274267202,0.006077571332752996,0.007887814081129818,0.0008927424487645275,-0.0018102427483768224,0.007250133421430112,0.12313462344372018,-0.2496840600237873,0.9020004943502793,0.8028316861107075,0.975,0.906,0.804,True,999,0.00012483308091759682,0.002637875033542514,near_5x5_bal_strong_1000,near_boundary,False,1450,1389927733,1.887379141862766e-15,0,9
1000,1000,0.012408290888397122,0.010440562184390378,0.00430701219374896,0.002635158481666622,0.0019677287040067437,0.0016718537120823385,0.006559471450171064,0.29998281400484295,0.2548762845882557,0.7641902647141869,0.7988186536370705,0.924,0.765,0.794,True,999,0.0001206250162795186,0.002743625082075596,near_5x5_bal_strong_1000,near_boundary,False,1451,1389927733,1.887379141862766e-15,0,7
1000,1000,0.014144655207605883,0.010779419092221076,0.006043811450354042,0.0017443260711615949,0.0033652361153848065,0.004299485379192447,0.006990840221847112,0.4813779186181497,0.6150169711726643,0.6302479275070829,0.5385435126577258,0.882,0.646,0.552,True,999,0.00012245902325958014,0.002716334071010351,near_5x5_bal_strong_1000,near_boundary,False,1452,1389927733,1.887379141862766e-15,0,5
1000,1000,0.016099426336658285,0.016377809467993054,0.007997294721690196,0.010383580600432651,-0.00027838313133476955,-0.0023862858787424557,0.00791509718493244,-0.0351711577041294,-0.3014853542525169,0.9719432608142498,0.7630444164081539,0.992,0.973,0.773,True,999,0.00011824991088360548,0.002681290963664651,near_5x5_bal_strong_1000,near_boundary,False,1453,1389927733,1.887379141862766e-15,0,8
1000,1000,0.01727794934178606,0.009758459016104781,0.009175794295515516,-0.002051634629538057,0.007519490325681277,0.011227428925053573,0.007532891727509979,0.9982209485661714,1.4904540422439916,0.3181722304344621,0.1361048918697761,0.755,0.31,0.14,True,999,0.00011925003491342068,0.0027359999949112535,near_5x5_bal_strong_1000,near_boundary,False,1454,1389927733,1.887379141862766e-15,0,3
1000,1000,0.020062187788387975,0.012072697738778448,0.011959146504523233,0.004491802008601553,0.007989490049609527,0.0074673444959216795,0.007869745636828107,1.0152157920099796,0.9488673256447695,0.3100029744154371,0.34268809460895056,0.73,0.316,0.354,True,999,0.0001177079975605011,0.0026991249760612845,near_5x5_bal_strong_1000,near_boundary,False,1455,1389927733,1.887379141862766e-15,0,6
1000,1000,0.011816101508152821,0.007887873323718153,0.003715435313552007,-0.0013032345323154004,0.003928228184434668,0.005018669845867407,0.0061535842674845225,0.6383642465402458,0.8155685577243182,0.523236599201647,0.4147469386951276,0.855,0.489,0.384,True,999,0.000128875020891428,0.0026769170071929693,near_5x5_bal_strong_1000,near_boundary,False,1456,1389927733,1.887379141862766e-15,0,6
1000,1000,0.011192355957179156,0.013087817411024716,0.0030915116753931215,0.004665688148065783,-0.0018954614538455594,-0.0015741764726726615,0.006974019034475868,-0.271788970531253,-0.22572012850707235,0.7857842863448914,0.821419101788486,0.934,0.786,0.826,True,999,0.00012012501247227192,0.002666582935489714,near_5x5_bal_strong_1000,near_boundary,False,1457,1389927733,1.887379141862766e-15,0,6
1000,1000,0.01662611582497786,0.013916996799954395,0.008523931070612889,0.005767409460304407,0.0027091190250234654,0.002756521610308482,0.007792762351207809,0.3476455334998861,0.3537284323679197,0.7281064059201926,0.7235424125239214,0.906,0.731,0.727,True,999,0.00011779193300753832,0.00275991705711931,near_5x5_bal_strong_1000,near_boundary,False,1458,1389927733,1.887379141862766e-15,0,5
1000,1000,0.015690754832474063,0.00767821894652293,0.00758908816510484,0.0004886537026891347,0.008012535885951133,0.007100434462415706,0.006453548927439657,1.241570487190833,1.1002371783725966,0.2143950763661402,0.27122879572339287,0.698,0.204,0.254,True,999,0.0001289580250158906,0.0026374580338597298,near_5x5_bal_strong_1000,near_boundary,False,1459,1389927733,1.887379141862766e-15,0,8
1000,1000,0.00977215743716231,0.011863462729967689,0.0016721270585549064,0.0070591303287983465,-0.002091305292805379,-0.00538700327024344,0.006439388357722116,-0.32476769168573055,-0.8365706447543803,0.7453568984757311,0.40283395190240845,0.92,0.728,0.388,True,999,0.00012187508400529623,0.002770500024780631,near_5x5_bal_strong_1000,near_boundary,False,1460,1389927733,1.887379141862766e-15,0,10
1000,1000,0.011119360797804179,0.00967957036258743,0.0030191385801572324,-0.0007900306774217825,0.0014397904352167479,0.003809169257579015,0.006620643445515949,0.21746986483494954,0.575347288964625,0.8278421894055339,0.5650564454783578,0.954,0.837,0.565,True,999,0.00012550002429634333,0.0026427919510751963,near_5x5_bal_strong_1000,near_boundary,False,1461,1389927733,1.887379141862766e-15,0,4
1000,1000,0.009316239169699703,0.009952001593898974,0.0012164083589141228,-0.0020652882348599633,-0.000635762424199271,0.003281696593774086,0.0065579900583019055,-0.09694470692196996,0.5004119500943301,0.9227703049981651,0.6167850406422339,0.978,0.932,0.619,True,999,0.00011749996338039637,0.0026738749584183097,near_5x5_bal_strong_1000,near_boundary,False,1462,1389927733,1.887379141862766e-15,0,2
1000,1000,0.009140137023739836,0.011743522018066943,0.0010383158692093275,0.005095346962548319,-0.002603384994327107,-0.004057031093338992,0.006355358493585012,-0.4096362143779802,-0.638363846419378,0.6820728272315282,0.5232368596021886,0.908,0.67,0.513,True,999,0.00012333400081843138,0.0027769579319283366,near_5x5_bal_strong_1000,near_boundary,False,1463,1389927733,1.887379141862766e-15,0,7
1000,1000,0.013569428113130222,0.01586047107258509,0.005466028739419926,0.0069365131433869465,-0.00229104295945487,-0.0014704844039670206,0.007997624985056866,-0.2864654148869897,-0.18386513580150882,0.7745216789262763,0.8541192560718868,0.922,0.771,0.853,True,999,0.00012191606219857931,0.002641374943777919,near_5x5_bal_strong_1000,near_boundary,False,1464,1389927733,1.887379141862766e-15,0,5
1000,1000,0.010032023154228131,0.022944702986163246,0.0019314058756663144,0.015062136923404523,-0.012912679831935114,-0.013130731047738209,0.008783691258237783,-1.47007442000252,-1.4948989737570244,0.14154159946086875,0.1349408101640361,0.555,0.149,0.141,True,999,0.0001176660880446434,0.0026619170093908906,near_5x5_bal_strong_1000,near_boundary,False,1465,1389927733,1.887379141862766e-15,0,6
1000,1000,0.01385025899683412,0.01172999757852089,0.005748985294985687,0.0036961483751838387,0.0021202614183132296,0.002052836919801848,0.007033470361317655,0.30145309632271183,0.291866861498691,0.7630690111014221,0.7703884215198349,0.931,0.79,0.806,True,999,0.00011712498962879181,0.002739291056059301,near_5x5_bal_strong_1000,near_boundary,False,1466,1389927733,1.887379141862766e-15,0,6
1000,1000,0.017481993384464545,0.014929769173260776,0.009380230124861555,0.006766777573602667,0.0025522242112037685,0.002613452551258888,0.008227907090220006,0.3101911802379777,0.3176327251392197,0.7564155771349294,0.7507635476267178,0.917,0.754,0.75,True,999,0.0001253749942407012,0.0026735420105978847,near_5x5_bal_strong_1000,near_boundary,False,1467,1389927733,1.887379141862766e-15,0,7
1000,1000,0.010322872252400472,0.011448528008022096,0.00222147989734367,0.002479593442103578,-0.001125655755621624,-0.0002581135447599081,0.00657667044678363,-0.17115891159973423,-0.03924684182497551,0.8640988144743506,0.9686935880076962,0.957,0.852,0.967,True,999,0.0001159169478341937,0.002705792081542313,near_5x5_bal_strong_1000,near_boundary,False,1468,1389927733,1.887379141862766e-15,0,5
1000,1000,0.01596718094996974,0.011565970423795202,0.007865934741630554,0.0030180749776036464,0.004401210526174537,0.004847859764026907,0.007715768650628003,0.5704176376278872,0.6283054849800777,0.5683944696665205,0.5298038391709179,0.856,0.582,0.54,True,999,0.00011854094918817282,0.0027657500468194485,near_5x5_bal_strong_1000,near_boundary,False,1469,1389927733,1.887379141862766e-15,0,7
1000,1000,0.015239847875402557,0.011691050468975672,0.007137920082186611,0.0024944878516066638,0.0035487974064268846,0.004643432230579947,0.007643637306905379,0.4642812399302158,0.6074898695657628,0.6424462629284038,0.5435258635764026,0.879,0.631,0.54,True,999,0.00012025004252791405,0.0026680000592023134,near_5x5_bal_strong_1000,near_boundary,False,1470,1389927733,1.887379141862766e-15,0,6
1000,1000,0.017713323069365572,0.015930244547980643,0.009610786343955624,0.0060948350960075,0.0017830785213849287,0.0035159512479481236,0.008611011574409442,0.20706957666668974,0.4083087355725978,0.8359555214545731,0.6830470267535567,0.947,0.824,0.684,True,999,0.00012362503912299871,0.002678707940503955,near_5x5_bal_strong_1000,near_boundary,False,1471,1389927733,1.887379141862766e-15,0,3
1000,1000,0.015551391676195125,0.00945057502741331,0.007448647594173963,0.0003051115144216965,0.006100816648781815,0.007143536079752266,0.006898871414003401,0.8843209682671159,1.0354644478881345,0.37652297229708964,0.3004520613572479,0.791,0.367,0.291,True,999,0.00012137496378272772,0.0027205829974263906,near_5x5_bal_strong_1000,near_boundary,False,1472,1389927733,1.887379141862766e-15,0,6
1000,1000,0.014698497096086616,0.015057810163595753,0.006596991537207941,0.0076530521388917805,-0.00035931306750913716,-0.0010560606016838392,0.007744057219845522,-0.04639855534490804,-0.13637045436305614,0.9629925879423373,0.8915284294530816,0.988,0.966,0.895,True,999,0.0001200829865410924,0.0027027910109609365,near_5x5_bal_strong_1000,near_boundary,False,1473,1389927733,1.887379141862766e-15,0,5
1000,1000,0.009610080729390402,0.017748377695668782,0.0015096261925009458,0.013392508341667053,-0.00813829696627838,-0.011882882149166107,0.0077807514950866226,-1.045952562733502,-1.5272152255048748,0.2955829345134935,0.12670750149956478,0.75,0.294,0.124,True,999,0.0001243329606950283,0.002662584069184959,near_5x5_bal_strong_1000,near_boundary,False,1474,1389927733,1.887379141862766e-15,0,10
1000,1000,0.01105545570203037,0.013724687461725504,0.002954521609353833,0.0027999752965115476,-0.0026692317596951343,0.00015454631284228526,0.007410453584825872,-0.360198161845427,0.020855175877323405,0.7186989492194862,0.9833611833066742,0.906,0.735,0.984,True,999,0.00012025004252791405,0.0027141249738633633,near_5x5_bal_strong_1000,near_boundary,False,1475,1389927733,1.887379141862766e-15,0,3
1000,1000,0.008586836501525141,0.01040938739578573,0.00048632823518346413,-0.000558576541493494,-0.0018225508942605884,0.0010449047766769581,0.0062019140879183325,-0.2938690972535426,0.16848101438755653,0.7688579328115257,0.8662048784930303,0.937,0.774,0.874,True,999,0.00012066704221069813,0.002663374994881451,near_5x5_bal_strong_1000,near_boundary,False,1476,1389927733,1.887379141862766e-15,0,3
1000,1000,0.013550649834495276,0.009574299109865403,0.005449550711773554,0.0027721832231009103,0.0039763507246298735,0.002677367488672644,0.006207111031776223,0.6406121469832969,0.43133874599090105,0.5217747055892155,0.6662220814800477,0.866,0.533,0.674,True,999,0.00011891697067767382,0.002705999999307096,near_5x5_bal_strong_1000,near_boundary,False,1477,1389927733,1.887379141862766e-15,0,8
1000,1000,0.013800077162717583,0.006102579854940338,0.005699247913980798,-0.004135513644087041,0.007697497307777246,0.00983476155806784,0.006145723667454493,1.252496487686288,1.6002609440689861,0.21038900735391652,0.10954070721469808,0.744,0.206,0.109,True,999,0.00012187508400529623,0.00269891694188118,near_5x5_bal_strong_1000,near_boundary,False,1478,1389927733,1.887379141862766e-15,0,5
1000,1000,0.009138261456415941,0.012279912216511146,0.0010382337866303715,0.002108428094516057,-0.003141650760095205,-0.0010701943078856857,0.0067611274557574375,-0.4646637385041355,-0.15828636790072073,0.642172279884503,0.8742311495651096,0.876,0.634,0.859,True,999,0.00012012501247227192,0.002690583933144808,near_5x5_bal_strong_1000,near_boundary,False,1479,1389927733,1.887379141862766e-15,0,3
1000,1000,0.022492613914555593,0.013009781561322764,0.014387811141659768,0.0058957996699859905,0.009482832353232828,0.008492011471673777,0.008358082193339044,1.1345703636164468,1.016023924536357,0.25655537640534676,0.3096179938464627,0.685,0.247,0.308,True,999,0.0001177499070763588,0.002712166984565556,near_5x5_bal_strong_1000,near_boundary,False,1480,1389927733,1.887379141862766e-15,0,8
1000,1000,0.010131162667694316,0.00574946360744788,0.0020310635582063696,-0.0061018471055263035,0.004381699060246436,0.008132910663732673,0.005360391423535669,0.8174214742990361,1.517223281125294,0.4136876078097108,0.1292103202711185,0.841,0.402,0.109,True,999,0.0001192920608446002,0.002727624960243702,near_5x5_bal_strong_1000,near_boundary,False,1481,1389927733,1.887379141862766e-15,0,3
1000,1000,0.014309022508188551,0.016369510101547247,0.006207954527326365,0.007262935841993112,-0.0020604875933586952,-0.0010549813146667475,0.008179902478929333,-0.2518963519022775,-0.12897235845834118,0.8011211794493709,0.897379520882026,0.92,0.818,0.892,True,999,0.00011545908637344837,0.002672291942872107,near_5x5_bal_strong_1000,near_boundary,False,1482,1389927733,1.887379141862766e-15,0,4
1000,1000,0.010548606849418718,0.009133093081807764,0.0024481106634084426,0.001282383545230914,0.0014155137676109542,0.0011657271181775286,0.00577182635114379,0.24524538360902784,0.20196850134732813,0.8062664380576656,0.8399413489940051,0.954,0.816,0.849,True,999,0.00011887494474649429,0.0026867090491577983,near_5x5_bal_strong_1000,near_boundary,False,1483,1389927733,1.887379141862766e-15,0,7
1000,1000,0.016434554372617205,0.012152185829408912,0.008333097576041837,0.004799781561473537,0.0042823685432082925,0.0035333160145682996,0.0073488070990906165,0.5827297526612472,0.4808013010717797,0.5600752408714719,0.6306577254622037,0.84,0.538,0.61,True,999,0.00011866702698171139,0.0027166249928995967,near_5x5_bal_strong_1000,near_boundary,False,1484,1389927733,1.887379141862766e-15,0,7
1000,1000,0.01738066936043614,0.022399635149919495,0.009278674511506324,0.013990432039634015,-0.005018965789483354,-0.004711757528127691,0.009403892291406226,-0.5337115349640861,-0.5010433320715024,0.5935411273178195,0.616340627077447,0.813,0.584,0.611,True,999,0.00011758296750485897,0.002642250037752092,near_5x5_bal_strong_1000,near_boundary,False,1485,1389927733,1.887379141862766e-15,0,5
1000,1000,0.013076080502260279,0.010476566083614636,0.004974916086666781,0.003057477883999127,0.002599514418645643,0.001917438202667654,0.006783119985693079,0.3832328521577866,0.28267791321868174,0.7015471215250804,0.7774237486880127,0.924,0.7,0.782,True,999,0.00012108299415558577,0.0027037080144509673,near_5x5_bal_strong_1000,near_boundary,False,1486,1389927733,1.887379141862766e-15,0,7
1000,1000,0.012605069639185507,0.0190139833722901,0.004503332579361086,0.011893938960497508,-0.006408913733104593,-0.007390606381136422,0.008104405736997985,-0.7907937905732947,-0.9119245285804302,0.4290643340045939,0.3618084482959002,0.771,0.413,0.348,True,999,0.00012149999383836985,0.002716084010899067,near_5x5_bal_strong_1000,near_boundary,False,1487,1389927733,1.887379141862766e-15,0,6
1000,1000,0.021499644108304405,0.009281182162909574,0.013396867973824556,-0.0001394279226474282,0.012218461945394832,0.013536295896471984,0.007746317364165322,1.5773252464348768,1.7474491761841908,0.11472070615338012,0.08055945360783512,0.574,0.105,0.076,True,999,0.00012129207607358694,0.0026800839696079493,near_5x5_bal_strong_1000,near_boundary,False,1488,1389927733,1.887379141862766e-15,0,5
1000,1000,0.014357911056325667,0.0151237047552355,0.0062566526439695735,0.00785714200901566,-0.0007657936989098335,-0.0016004893650460872,0.007902239141202626,-0.09690844395191119,-0.202536184548132,0.9227991030683901,0.8394975733415702,0.973,0.926,0.822,True,999,0.00012229103595018387,0.002714166999794543,near_5x5_bal_strong_1000,near_boundary,False,1489,1389927733,1.887379141862766e-15,0,6
1000,1000,0.007498681694145803,0.011617966266867397,-0.000600953330831544,0.005584489504826706,-0.004119284572721593,-0.00618544283565825,0.006029718114521897,-0.683163705912016,-1.0258262025153893,0.49450340376830315,0.3049735128626889,0.855,0.484,0.302,True,999,0.00012066704221069813,0.00275087496265769,near_5x5_bal_strong_1000,near_boundary,False,1490,1389927733,1.887379141862766e-15,0,8
1000,1000,0.015160265030786269,0.016131936879400344,0.007058029686049849,0.006005483206365625,-0.0009716718486140752,0.0010525464796842243,0.008248373480361386,-0.11780163094306241,0.1276065496052331,0.9062248372418381,0.8984603476762058,0.969,0.901,0.896,True,999,0.00012087495997548103,0.0026672499952837825,near_5x5_bal_strong_1000,near_boundary,False,1491,1389927733,1.887379141862766e-15,0,3
1000,1000,0.02010640698845645,0.015292076791449005,0.012003674243487694,0.007561582542450651,0.004814330197007444,0.004442091701037043,0.008711382176621882,0.5526482594148285,0.5099181290608474,0.5805042893082002,0.6101088204426034,0.835,0.561,0.589,True,999,0.0001188330352306366,0.0026917080394923687,near_5x5_bal_strong_1000,near_boundary,False,1492,1389927733,1.887379141862766e-15,0,7
1000,1000,0.01356029779480239,0.014197719025215272,0.005459393946239288,0.004613363562782524,-0.0006374212304128823,0.000846030383456764,0.007722010385072359,-0.08254602087108037,0.1095608968737273,0.9342125238110366,0.9127576236792899,0.976,0.94,0.922,True,999,0.00012900005094707012,0.0027281249640509486,near_5x5_bal_strong_1000,near_boundary,False,1493,1389927733,1.887379141862766e-15,0,4
1000,1000,0.011902985676359723,0.008801454781976525,0.003802348237741171,-0.002572005671311217,0.0031015308943831976,0.006374353909052388,0.006554783907273249,0.47317057865808665,0.9724735398186576,0.6360914863186071,0.33081502228320725,0.871,0.607,0.31,True,999,0.00013154104817658663,0.002686207997612655,near_5x5_bal_strong_1000,near_boundary,False,1494,1389927733,1.887379141862766e-15,0,3
1000,1000,0.009435852471032291,0.01370720722088209,0.001335941559773346,0.004736702343848265,-0.004271354749849798,-0.0034007607840749188,0.007143146384062225,-0.5979654511042972,-0.4760872312042617,0.5498629860041705,0.634012233422907,0.848,0.543,0.63,True,999,0.00012337497901171446,0.0027406669687479734,near_5x5_bal_strong_1000,near_boundary,False,1495,1389927733,1.887379141862766e-15,0,5
1000,1000,0.016843848885766066,0.008082614839294677,0.008741796271351632,-0.0011558275882066482,0.008761234046471389,0.00989762385955828,0.006790286410560645,1.2902598678084347,1.4576150785281936,0.19696044595129913,0.14494667108756737,0.684,0.199,0.143,True,999,0.00011962500866502523,0.0027040840359404683,near_5x5_bal_strong_1000,near_boundary,False,1496,1389927733,1.887379141862766e-15,0,6
1000,1000,0.014551160038285271,0.016705060595113563,0.006449718558542372,0.008553671670256335,-0.002153900556828292,-0.002103953111713963,0.00813678769611572,-0.26471141158770867,-0.25857293938224946,0.7912317858345477,0.7959647645578871,0.923,0.789,0.791,True,999,0.00014050002209842205,0.002685790997929871,near_5x5_bal_strong_1000,near_boundary,False,1497,1389927733,1.887379141862766e-15,0,5
1000,1000,0.013506340467826394,0.00833008357633297,0.005405727396009752,0.002869164542858016,0.005176256891493425,0.002536562853151736,0.00600552141727894,0.8619163153095124,0.42237179370530575,0.38873357018120636,0.6727536626131156,0.831,0.395,0.683,True,999,0.00012824998702853918,0.0027275830507278442,near_5x5_bal_strong_1000,near_boundary,False,1498,1389927733,1.887379141862766e-15,0,9
1000,1000,0.015561673672112253,0.021091002261665992,0.00745987481946031,0.01463854638848261,-0.005529328589553739,-0.007178671569022299,0.008863628441459855,-0.623822244588927,-0.8099021316647113,0.5327443291978957,0.4179964266038062,0.811,0.526,0.401,True,999,0.00012224994134157896,0.002683082944713533,near_5x5_bal_strong_1000,near_boundary,False,1499,1389927733,1.887379141862766e-15,0,7
1000,1000,0.015816552449059884,0.021127309576727316,0.007715126833090835,0.011978202582952235,-0.0053107571276674315,-0.0042630757498614,0.009205393032484308,-0.5769180206566573,-0.46310632634779547,0.5639948364405499,0.6432881555825194,0.824,0.563,0.64,True,999,0.00012033293023705482,0.0026195840910077095,near_5x5_bal_strong_1000,near_boundary,False,1500,1389927733,1.887379141862766e-15,0,4
1000,1000,0.011356018773565513,0.015208382364161666,0.003255348318361939,0.007873874963195249,-0.003852363590596153,-0.0046185266448333095,0.00742160194347519,-0.5190744019871633,-0.622308590518487,0.6037088582348697,0.5337389735641374,0.851,0.594,0.513,True,999,0.0001213329378515482,0.0027218329487368464,near_5x5_bal_strong_1000,near_boundary,False,1501,1389927733,1.887379141862766e-15,0,7
1000,1000,0.01810595310379992,0.019521699844673224,0.010003375004544068,0.01520539816880273,-0.0014157467408733027,-0.005202023164258662,0.008964485198902163,-0.1579283929261975,-0.5802924595040582,0.8745132244967474,0.5617174115678181,0.953,0.879,0.542,True,999,0.000118291936814785,0.002681334037333727,near_5x5_bal_strong_1000,near_boundary,False,1502,1389927733,1.887379141862766e-15,0,10
1000,1000,0.023409935428488016,0.012894640026658688,0.015304153178021807,0.0048800650149587455,0.010515295401829328,0.010424088163063061,0.008288482927270985,1.268663456762591,1.2576593635447388,0.20456112125713255,0.20851497443894806,0.618,0.195,0.195,True,999,0.00012329197488725185,0.002677708980627358,near_5x5_bal_strong_1000,near_boundary,False,1503,1389927733,1.887379141862766e-15,0,6
1000,1000,0.01647614066090375,0.0140322198453523,0.008373841922320935,0.007726384890474947,0.002443920815551448,0.0006474570318459882,0.007494438760330798,0.32609790989119714,0.08639166354565156,0.7443502783382976,0.9311550736820127,0.918,0.743,0.931,True,999,0.00011891697067767382,0.0027230840642005205,near_5x5_bal_strong_1000,near_boundary,False,1504,1389927733,1.887379141862766e-15,0,8
1000,1000,0.018886324512237262,0.012748193625303772,0.010783548727886227,0.004642603035392767,0.0061381308869334905,0.00614094569249346,0.007963414555139584,0.7707913288241341,0.771144795988311,0.4408306277583762,0.44062111107679447,0.794,0.43,0.43,True,999,0.00011916598305106163,0.00269054202362895,near_5x5_bal_strong_1000,near_boundary,False,1505,1389927733,1.887379141862766e-15,0,7
1000,1000,0.009804891523720105,0.016868335555986935,0.001704583316040953,0.008716471387856473,-0.00706344403226683,-0.00701188807181552,0.007435711613751062,-0.9499351775833011,-0.9430016165296466,0.3421451910751757,0.3456800760755454,0.749,0.348,0.353,True,999,0.00012520910240709782,0.002692834008485079,near_5x5_bal_strong_1000,near_boundary,False,1506,1389927733,1.887379141862766e-15,0,5
1000,1000,0.010356719561921857,0.012809034475676273,0.0022566629322682275,0.004206766858658284,-0.0024523149137544165,-0.0019501039263900566,0.006804807651363992,-0.36037975493148017,-0.28657737680493695,0.7185631641896177,0.7744359388640535,0.898,0.696,0.747,True,999,0.00011537503451108932,0.002679834025911987,near_5x5_bal_strong_1000,near_boundary,False,1507,1389927733,1.887379141862766e-15,0,5
1000,1000,0.014900092943403553,0.010523227795676604,0.006798502002766327,0.001716093327559065,0.004376865147726949,0.005082408675207262,0.006959168731606675,0.6289350519478574,0.7303183571515268,0.5293915771391087,0.4651956098722396,0.851,0.528,0.468,True,999,0.00015187496319413185,0.002628583926707506,near_5x5_bal_strong_1000,near_boundary,False,1508,1389927733,1.887379141862766e-15,0,6
1000,1000,0.0090346175525573,0.014434110815364554,0.0009341401744222821,0.007537097494775935,-0.005399493262807253,-0.006602957320353653,0.007211660975185785,-0.7487170128193876,-0.9155945271239749,0.45402778735781346,0.35987960290165777,0.812,0.424,0.331,True,999,0.00011908297892659903,0.002677000011317432,near_5x5_bal_strong_1000,near_boundary,False,1509,1389927733,1.887379141862766e-15,0,7
1000,1000,0.007429696926138263,0.013675112300512438,-0.0006700813446514076,0.008502276126591823,-0.006245415374374175,-0.009172357471243231,0.006776376212681882,-0.9216453128275224,-1.353578547495239,0.3567136146127171,0.1758708748710356,0.783,0.347,0.183,True,999,0.00014041690155863762,0.0027601660694926977,near_5x5_bal_strong_1000,near_boundary,False,1510,1389927733,1.887379141862766e-15,0,10
1000,1000,0.015442321357687305,0.0065383279480610845,0.007341061407714733,-0.004313387371610133,0.00890399340962622,0.011654448779324866,0.0065088202014299355,1.3679888419210113,1.790562408954618,0.17131556878315612,0.07336354391065508,0.706,0.172,0.074,True,999,0.0001223749713972211,0.0026269169757142663,near_5x5_bal_strong_1000,near_boundary,False,1511,1389927733,1.887379141862766e-15,0,4
1000,1000,0.012059427501678766,0.012355576482915964,0.0039582754277489585,0.0046169378109652826,-0.0002961489812371987,-0.0006586623832163241,0.006867579267799393,-0.04312276126549827,-0.09590895969772796,0.9656036753074481,0.9235928785776553,0.993,0.969,0.926,True,999,0.00011970906052738428,0.0026802499778568745,near_5x5_bal_strong_1000,near_boundary,False,1512,1389927733,1.887379141862766e-15,0,7
1000,1000,0.015962623069579074,0.017664866264003376,0.007861099439651298,0.01151351403876788,-0.0017022431944243022,-0.0036524145991165824,0.008129151305794583,-0.20939986603655872,-0.44929839065894683,0.8341360973330718,0.6532164185740079,0.931,0.82,0.63,True,999,0.00011708401143550873,0.0027672499418258667,near_5x5_bal_strong_1000,near_boundary,False,1513,1389927733,1.887379141862766e-15,0,7
1000,1000,0.008912902899450126,0.007368923377770342,0.0008126688287575234,0.0005197477585738852,0.0015439795216797836,0.0002929210701836382,0.005234251348014583,0.2949761902942308,0.05596236227645943,0.7680120682695637,0.9553717907018916,0.949,0.774,0.96,True,999,0.0001253749942407012,0.002635041018947959,near_5x5_bal_strong_1000,near_boundary,False,1514,1389927733,1.887379141862766e-15,0,8
1000,1000,0.00636474528858777,0.013612171982545718,-0.0017344247382879985,0.005622337977570169,-0.007247426693957948,-0.007356762715858167,0.006535490568935208,-1.1089338462833604,-1.125663427750423,0.26745872139320115,0.26030800948663224,0.754,0.276,0.269,True,999,0.00011945806909352541,0.0026804159861057997,near_5x5_bal_strong_1000,near_boundary,False,1515,1389927733,1.887379141862766e-15,0,6
1000,1000,0.023914423324244094,0.021128175461641363,0.01581068311747913,0.015128221157624466,0.002786247862602731,0.0006824619598546633,0.010006925847040788,0.27843194855157943,0.06819896242725516,0.7806807973355177,0.9456272529133648,0.9,0.748,0.94,True,999,0.00011866691056638956,0.002760083065368235,near_5x5_bal_strong_1000,near_boundary,False,1516,1389927733,1.887379141862766e-15,0,8
1000,1000,0.010861538248457592,0.014336863486289542,0.002761154954214362,0.005318966081631515,-0.00347532523783195,-0.0025578111274171533,0.007341257448405984,-0.4733964531630139,-0.3484159417365936,0.6359303598526305,0.7275278319058021,0.882,0.625,0.711,True,999,0.0001261249417439103,0.0026455000042915344,near_5x5_bal_strong_1000,near_boundary,False,1517,1389927733,1.887379141862766e-15,0,5
1000,1000,0.009727178760127408,0.009845893716042553,0.0016268957053853228,0.0029950115093697605,-0.00011871495591514458,-0.0013681158039844377,0.005935989534625939,-0.01999918551450504,-0.23047813612269963,0.9840440223016427,0.8177202510560335,0.994,0.992,0.827,True,999,0.00011908309534192085,0.0026740829925984144,near_5x5_bal_strong_1000,near_boundary,False,1518,1389927733,1.887379141862766e-15,0,8
1000,1000,0.011689514681906488,0.014098606870479702,0.003588876336834801,0.0073233015045843786,-0.002409092188573214,-0.0037344251677495777,0.007338712109905293,-0.32827179380992283,-0.5088665574861705,0.7427061688388656,0.6108457625928039,0.928,0.748,0.614,True,999,0.00011837494093924761,0.0027625830844044685,near_5x5_bal_strong_1000,near_boundary,False,1519,1389927733,1.887379141862766e-15,0,8
1000,1000,0.01484230879040549,0.017202271267737712,0.006741195642916864,0.00819911031032916,-0.0023599624773322225,-0.0014579146674122967,0.008508928554311993,-0.2773513095413506,-0.17133939462606987,0.7815103648889014,0.8639569060080488,0.93,0.779,0.862,True,999,0.00012079195585101843,0.0026829170528799295,near_5x5_bal_strong_1000,near_boundary,False,1520,1389927733,1.887379141862766e-15,0,5
1000,1000,0.011395122081631293,0.014868706418711686,0.003294282056231168,0.005489954610538916,-0.003473584337080393,-0.002195672554307748,0.007482447666963013,-0.46423102328094956,-0.2934430886836969,0.6424822366386165,0.7691834942363727,0.865,0.617,0.763,True,999,0.00012199999764561653,0.0027134999400004745,near_5x5_bal_strong_1000,near_boundary,False,1521,1389927733,1.887379141862766e-15,0,5
1000,1000,0.016378813076299625,0.013442980960374329,0.008274869856450096,0.005281344476486538,0.0029358321159252965,0.0029935253799635575,0.007837522478712894,0.3745867554318555,0.38194791633378067,0.7079678246556763,0.7024999976789538,0.894,0.697,0.69,True,999,0.00011916691437363625,0.002729583065956831,near_5x5_bal_strong_1000,near_boundary,False,1522,1389927733,1.887379141862766e-15,0,7
1000,1000,0.006303375346300211,0.01811754147636574,-0.0017964257497169456,0.010163549589037757,-0.011814166130065529,-0.011959975338754703,0.007582127802861821,-1.558159719440017,-1.5773903645148917,0.11919539092995352,0.11470573115461066,0.644,0.128,0.125,True,999,0.00012199999764561653,0.0026492091128602624,near_5x5_bal_strong_1000,near_boundary,False,1523,1389927733,1.887379141862766e-15,0,6
1000,1000,0.016425841048942402,0.0124716291690124,0.008324028921151694,0.005823505463752099,0.003954211879930003,0.002500523457399595,0.007611856660157168,0.5194806019702896,0.3285037500099174,0.6034256366184961,0.7425308093758274,0.86,0.597,0.733,True,999,0.00012304203119128942,0.0026963340351358056,near_5x5_bal_strong_1000,near_boundary,False,1524,1389927733,1.887379141862766e-15,0,7
1000,1000,0.023092354540277915,0.013736735145351675,0.014988937502494082,0.00453729126138569,0.00935561939492624,0.010451646241108392,0.008700767931900909,1.0752636397328048,1.201232617960994,0.2822567102358132,0.22966097999492396,0.715,0.286,0.23,True,999,0.00012112490367144346,0.002731333952397108,near_5x5_bal_strong_1000,near_boundary,False,1525,1389927733,1.887379141862766e-15,0,4
1000,1000,0.010696447799466657,0.025538313996690487,0.0025966985638206097,0.01888100222072353,-0.01484186619722383,-0.01628430365690292,0.009533522362633983,-1.5568082428164802,-1.7081098714078842,0.11951601959570791,0.08761595759590088,0.513,0.125,0.089,True,999,0.00012004200834780931,0.002667458960786462,near_5x5_bal_strong_1000,near_boundary,False,1526,1389927733,1.887379141862766e-15,0,8
1000,1000,0.011252642676429447,0.01842801233602437,0.0031520700524652057,0.009499828473281013,-0.007175369659594921,-0.006347758420815808,0.008346466167275123,-0.8596895399550238,-0.7605324569222048,0.3899602022561194,0.44693637591632973,0.765,0.39,0.449,True,999,0.00011999998241662979,0.002654916956089437,near_5x5_bal_strong_1000,near_boundary,False,1527,1389927733,1.887379141862766e-15,0,5
1000,1000,0.010285925120185668,0.011102520536955263,0.0021856341145394254,0.0037310355014028573,-0.0008165954167695944,-0.001545401386863432,0.006267476566144542,-0.1302909405646052,-0.24657473714562136,0.8963362473557291,0.805237357788644,0.961,0.893,0.808,True,999,0.00011620903387665749,0.002709082909859717,near_5x5_bal_strong_1000,near_boundary,False,1528,1389927733,1.887379141862766e-15,0,7
1000,1000,0.013967094295996851,0.01593723685687809,0.005865773138793884,0.007917836077581342,-0.0019701425608812384,-0.002052062938787458,0.008137600866011781,-0.24210361177947531,-0.25217050732462,0.8086998796482692,0.8009092733180141,0.935,0.825,0.817,True,999,0.00012029206845909357,0.002680417033843696,near_5x5_bal_strong_1000,near_boundary,False,1529,1389927733,1.887379141862766e-15,0,6
1000,1000,0.012210264281412364,0.011717492884879943,0.004108955762603728,0.0027006105660234425,0.000492771396532421,0.0014083451965802851,0.007161615286466125,0.06880729790996318,0.1966518921006197,0.9451430089660354,0.8440999593924368,0.973,0.938,0.842,True,999,0.00011729204561561346,0.002721333992667496,near_5x5_bal_strong_1000,near_boundary,False,1530,1389927733,1.887379141862766e-15,0,5
1000,1000,0.007330040569040408,0.007971501339235298,-0.0007692113920256816,0.0003508607718458734,-0.0006414607701948905,-0.001120072163871555,0.004767449634982936,-0.13455008847664238,-0.23494158294879688,0.8929676062576398,0.8142540741812989,0.982,0.9,0.81,True,999,0.00013004208449274302,0.002750125015154481,near_5x5_bal_strong_1000,near_boundary,False,1531,1389927733,1.887379141862766e-15,0,8
1000,1000,0.016269851062084895,0.01817801184889206,0.008168306980451234,0.00960204675851628,-0.001908160786807167,-0.0014337397780650463,0.008818968592928418,-0.21637006263263547,-0.1625745417910554,0.8286993001130337,0.8708534329916944,0.936,0.849,0.884,True,999,0.0001199580729007721,0.0026533750351518393,near_5x5_bal_strong_1000,near_boundary,False,1532,1389927733,1.887379141862766e-15,0,5
1000,1000,0.013539621150826964,0.01463414356824655,0.005437989565962198,0.007078380265056694,-0.0010945224174195856,-0.001640390699094496,0.007601658195517818,-0.14398469245367426,-0.21579379878744392,0.8855125573276783,0.8291484822942052,0.973,0.905,0.842,True,999,0.00011704105418175459,0.0027017079992219806,near_5x5_bal_strong_1000,near_boundary,False,1533,1389927733,1.887379141862766e-15,0,6
1000,1000,0.010673102580932126,0.010290373824208776,0.0025725154591782484,0.00168946056862751,0.0003827287567233495,0.0008830548905507385,0.006323446557618315,0.0605253406091095,0.13964771940499096,0.9517372339554383,0.8889383353709023,0.986,0.957,0.911,True,999,0.00011775002349168062,0.0027284580282866955,near_5x5_bal_strong_1000,near_boundary,False,1534,1389927733,1.887379141862766e-15,0,5
1000,1000,0.012397560578558009,0.011753050066293402,0.004296957404221757,0.005381079414291889,0.0006445105122646066,-0.001084122010070132,0.006935478967998404,0.0929294883941684,-0.15631537707380755,0.9259595787573122,0.8757844361778527,0.98,0.935,0.891,True,999,0.00012154108844697475,0.0026785420486703515,near_5x5_bal_strong_1000,near_boundary,False,1535,1389927733,1.887379141862766e-15,0,8
1000,1000,0.024788628184346795,0.011741446838006153,0.01668464275326187,0.003981985606117178,0.013047181346340642,0.012702657147144691,0.008301784998527045,1.5716115689162697,1.5301115542498964,0.11604066180775824,0.12598911875400548,0.563,0.116,0.124,True,999,0.00012304203119128942,0.0027410420589149,near_5x5_bal_strong_1000,near_boundary,False,1536,1389927733,1.887379141862766e-15,0,7
1000,1000,0.008285378225306728,0.007791017377461629,0.00018456255565979518,-0.0010130769717306976,0.0004943608478450989,0.0011976395273904927,0.005477718520866779,0.09024940693135007,0.2186383843617035,0.928089023428027,0.8269317497167232,0.981,0.926,0.824,True,999,0.00011775002349168062,0.002692249952815473,near_5x5_bal_strong_1000,near_boundary,False,1537,1389927733,1.887379141862766e-15,0,6
1000,1000,0.015801824736846326,0.011167593841903689,0.007699763084701772,0.0011313397133676517,0.004634230894942637,0.00656842337133412,0.007322112646034565,0.6329089866505122,0.8970666922054771,0.5267930789283108,0.3696833306683185,0.844,0.511,0.368,True,999,0.00011745793744921684,0.0026522499974817038,near_5x5_bal_strong_1000,near_boundary,False,1538,1389927733,1.887379141862766e-15,0,4
1000,1000,0.018263573509632147,0.01620111707924632,0.010161267900684834,0.007841301464679873,0.0020624564303858284,0.002319966436004961,0.008731854993802243,0.23619911597818943,0.2656899865666165,0.8132781654608641,0.7904779758584602,0.935,0.812,0.791,True,999,0.0001169170718640089,0.0027409580070525408,near_5x5_bal_strong_1000,near_boundary,False,1539,1389927733,1.887379141862766e-15,0,6
1000,1000,0.01958861269112755,0.0148506453265414,0.011486437299708996,0.006881573278803899,0.004737967364586149,0.004604864020905097,0.00834724059684024,0.5676088175030748,0.5516630277373603,0.5703006185385934,0.5811792453131805,0.832,0.547,0.558,True,999,0.00011483405251055956,0.0026961249532178044,near_5x5_bal_strong_1000,near_boundary,False,1540,1389927733,1.887379141862766e-15,0,6
1000,1000,0.00887428684939362,0.02832284594104345,0.000774441904923151,0.020263409522272013,-0.01944855909164983,-0.019488967617348862,0.00952441596471891,-2.0419686796222165,-2.046211304665969,0.04115463823678019,0.040735585592871514,0.406,0.045,0.045,True,999,0.00012437498662620783,0.0026147919707000256,near_5x5_bal_strong_1000,near_boundary,False,1541,1389927733,1.887379141862766e-15,0,5
1000,1000,0.015370272106589367,0.007796778217715572,0.007268930289001219,-0.0014417722605344352,0.007573493888873795,0.008710702549535654,0.006762037251050607,1.1200017994129081,1.2881772498639055,0.26271299528748815,0.19768426941591455,0.759,0.256,0.19,True,999,0.00012183294165879488,0.0027402080595493317,near_5x5_bal_strong_1000,near_boundary,False,1542,1389927733,1.887379141862766e-15,0,6
1000,1000,0.0203953577486522,0.02190709764415838,0.012291907199369234,0.0159981166665375,-0.0015117398955061812,-0.0037062094671682644,0.009548043804935891,-0.15832980308748504,-0.3881642714345663,0.8741969248588034,0.6978944715420976,0.947,0.864,0.69,True,999,0.0001237079268321395,0.0026784579968079925,near_5x5_bal_strong_1000,near_boundary,False,1543,1389927733,1.887379141862766e-15,0,8
1000,1000,0.016048350501985276,0.01978436028166264,0.007946541126329976,0.011945691805976821,-0.003736009779677363,-0.003999150679646846,0.00867471366320066,-0.4306781669954174,-0.4610124131948929,0.6667023960311622,0.644789699279754,0.842,0.631,0.616,True,999,0.00012133398558944464,0.0027040839195251465,near_5x5_bal_strong_1000,near_boundary,False,1544,1389927733,1.887379141862766e-15,0,6
1000,1000,0.014294355656282232,0.010560809611833033,0.006192861274712413,0.005006096368163071,0.0037335460444491986,0.0011867649065493424,0.006620886885571798,0.5639042184190343,0.17924560969853365,0.572819319011614,0.8577448522420847,0.875,0.585,0.87,True,999,0.00012137508019804955,0.0027517499402165413,near_5x5_bal_strong_1000,near_boundary,False,1545,1389927733,1.887379141862766e-15,0,10
1000,1000,0.010895160968627415,0.013353085081736216,0.002794732677102729,0.0030436963921829374,-0.0024579241131088003,-0.0002489637150802082,0.007235166588404845,-0.339719076689664,-0.03441022567181799,0.7340680941606945,0.9725500293948937,0.912,0.751,0.972,True,999,0.00012270791921764612,0.002674457966350019,near_5x5_bal_strong_1000,near_boundary,False,1546,1389927733,1.887379141862766e-15,0,4
1000,1000,0.009095971840949568,0.012335150940437911,0.0009947981650384463,0.0036831625071727103,-0.003239179099488343,-0.002688364342134264,0.006687523323892257,-0.48436154052963865,-0.40199700426159984,0.6281293079079895,0.68768623098917,0.872,0.605,0.654,True,999,0.00012124993372708559,0.0026733330450952053,near_5x5_bal_strong_1000,near_boundary,False,1547,1389927733,1.887379141862766e-15,0,5
1000,1000,0.008806741506154347,0.01929994670415819,0.000706698966496333,0.011385885558240716,-0.010493205198003841,-0.010679186591744383,0.007968872416917249,-1.3167741493423393,-1.3401126323811339,0.18791434036161525,0.18020872976629654,0.647,0.19,0.178,True,999,0.00012283306568861008,0.0027469159103929996,near_5x5_bal_strong_1000,near_boundary,False,1548,1389927733,1.887379141862766e-15,0,6
1000,1000,0.010000660687761176,0.008269807382914607,0.001900192813764079,0.0010331230867564045,0.001730853304846569,0.0008670697270076744,0.005552264729382771,0.31173825262452554,0.15616505503044772,0.755239454186614,0.8759029207894605,0.947,0.759,0.877,True,999,0.0001177910016849637,0.0026840840000659227,near_5x5_bal_strong_1000,near_boundary,False,1549,1389927733,1.887379141862766e-15,0,8
1000,1000,0.007151772489880415,0.007388553855201818,-0.0009481909403348254,0.003154538900332682,-0.00023678136532140348,-0.004102729840667507,0.004878674756796671,-0.04853395176457176,-0.8409517020891453,0.9612907067188585,0.40037499225455553,0.991,0.963,0.39,True,999,0.00012929202057421207,0.0026816249592229724,near_5x5_bal_strong_1000,near_boundary,False,1550,1389927733,1.887379141862766e-15,0,11
1000,1000,0.02259937267238188,0.020307936008908234,0.014496137817559429,0.00978142324476039,0.002291436663473645,0.004714714572799039,0.00980944499946581,0.23359493463681474,0.48063010425725283,0.8152994605426829,0.630779415691282,0.929,0.822,0.628,True,999,0.0001193339703604579,0.0027245840756222606,near_5x5_bal_strong_1000,near_boundary,False,1551,1389927733,1.887379141862766e-15,0,3
1000,1000,0.011333875692164819,0.011405654074491456,0.003233486929048013,0.0026660350407041733,-7.177838232663714e-05,0.0005674518883438395,0.006739646952656829,-0.01065016948674759,0.08419608509614067,0.9915025548355858,0.9329005307785624,0.998,0.993,0.936,True,999,0.00011808297131210566,0.002706624916754663,near_5x5_bal_strong_1000,near_boundary,False,1552,1389927733,1.887379141862766e-15,0,6
1000,1000,0.011596766165299588,0.01971583671336319,0.0034949778403188247,0.012560517195765897,-0.0081190705480636,-0.009065539355447072,0.008299647004155168,-0.9782428751486464,-1.0922801115407035,0.3279542155970204,0.27470999938880325,0.719,0.324,0.267,True,999,0.00012733309995383024,0.002665208070538938,near_5x5_bal_strong_1000,near_boundary,False,1553,1389927733,1.887379141862766e-15,0,6
1000,1000,0.012084941147256778,0.019854636331936182,0.003984351916869855,0.012592981257341762,-0.007769695184679404,-0.008608629340471907,0.008534573012269545,-0.910378899273516,-1.0086772153798318,0.36262272181845046,0.3131294624100326,0.735,0.37,0.331,True,999,0.000117915915325284,0.0027277920162305236,near_5x5_bal_strong_1000,near_boundary,False,1554,1389927733,1.887379141862766e-15,0,7
1000,1000,0.015626501431518225,0.008993021171091797,0.007524838220660968,0.0009613551756615379,0.006633480260426428,0.00656348304499943,0.006771473001175639,0.9796214589166562,0.9692843852231119,0.3272730083779206,0.33240331790878763,0.759,0.34,0.343,True,999,0.00012570805847644806,0.0026772499550133944,near_5x5_bal_strong_1000,near_boundary,False,1555,1389927733,1.887379141862766e-15,0,6
1000,1000,0.01515831852370475,0.011582392742559566,0.007055149814277684,0.004030436945583915,0.003575925781145184,0.0030247128686937685,0.006807600834619551,0.5252842914878436,0.4443140751308177,0.5993855757610422,0.6568155264469572,0.873,0.579,0.63,True,999,0.00012437510304152966,0.0026506249560043216,near_5x5_bal_strong_1000,near_boundary,False,1556,1389927733,1.887379141862766e-15,0,6
1000,1000,0.006759207022415392,0.013602855766498667,-0.0013397776247074944,0.004314502150180033,-0.006843648744083275,-0.005654279774887527,0.006539676082649265,-1.0464813023752804,-0.8646115959610253,0.29533887310845486,0.38725200574870633,0.752,0.276,0.378,True,999,0.00012008391786366701,0.00268287502694875,near_5x5_bal_strong_1000,near_boundary,False,1557,1389927733,1.887379141862766e-15,0,5
1000,1000,0.013097615726447076,0.011712827901453449,0.004996467113187464,0.003359019827485099,0.0013847878249936274,0.0016374472857023648,0.007159841365255786,0.19341040595026587,0.22869882196668848,0.8466375665287437,0.8191030104616541,0.956,0.864,0.824,True,999,0.00014579202979803085,0.002668792032636702,near_5x5_bal_strong_1000,near_boundary,False,1558,1389927733,1.887379141862766e-15,0,6
1000,1000,0.01772201611676727,0.017207354445181955,0.00961977996985297,0.009647561615338418,0.0005146616715853147,-2.778164548544737e-05,0.008743887411174408,0.0588595949814717,-0.0031772647769850422,0.9530639407593756,0.997464913754149,0.986,0.96,0.999,True,999,0.00012220803182572126,0.0026850419817492366,near_5x5_bal_strong_1000,near_boundary,False,1559,1389927733,1.887379141862766e-15,0,6
1000,1000,0.01646724168504088,0.014568383061481172,0.00836545402989941,0.0058499701847267715,0.0018988586235597071,0.002515483845172639,0.008085457236088483,0.23484863850177526,0.3111121327740223,0.8143262151974584,0.7557153779186289,0.939,0.837,0.787,True,999,0.00014954200014472008,0.0027216249145567417,near_5x5_bal_strong_1000,near_boundary,False,1560,1389927733,1.887379141862766e-15,0,4
1000,1000,0.009692331911210328,0.010143176653216346,0.001592392296743128,0.0021109444423927926,-0.000450844742006018,-0.0005185521456496645,0.006049485188100584,-0.07452613371016024,-0.08571839247902668,0.9405917472906963,0.9316902808580289,0.975,0.936,0.927,True,999,0.00012008403427898884,0.002665166975930333,near_5x5_bal_strong_1000,near_boundary,False,1561,1389927733,1.887379141862766e-15,0,6
1000,1000,0.00808496794948721,0.0069765274812379485,-1.4776472426092369e-05,-0.0002583754626357404,0.001108440468249261,0.00024359899020964804,0.004878434492584771,0.22721233008951797,0.04993384467495032,0.8202586403888241,0.9601751067837088,0.949,0.799,0.948,True,999,0.00011562497820705175,0.002659750054590404,near_5x5_bal_strong_1000,near_boundary,False,1562,1389927733,1.887379141862766e-15,0,8
1000,1000,0.015145461636801416,0.015372572132423934,0.007044334190595691,0.008402866897768035,-0.00022711049562251784,-0.001358532707172344,0.00792993666678221,-0.028639635493416138,-0.17131696812448896,0.977152000486375,0.8639745390643665,0.995,0.972,0.868,True,999,0.00011841603554785252,0.002746292040683329,near_5x5_bal_strong_1000,near_boundary,False,1563,1389927733,1.887379141862766e-15,0,7
1000,1000,0.018610909292821942,0.01069645160252286,0.010508487094966767,0.00170898242106432,0.007914457690299082,0.008799504673902447,0.007644205023635655,1.035353927037254,1.1511340481704297,0.3005036538799729,0.2496770925190256,0.747,0.292,0.238,True,999,0.00011449994053691626,0.0026371669955551624,near_5x5_bal_strong_1000,near_boundary,False,1564,1389927733,1.887379141862766e-15,0,5
1000,1000,0.005440203997749471,0.015305767143361959,-0.0026596169843742246,0.006949322018783732,-0.009865563145612488,-0.009608939003157957,0.006648739251687437,-1.4838246428612203,-1.4452272287139591,0.1378554477147147,0.14839407058896528,0.651,0.147,0.159,True,999,0.00011920894030481577,0.0027232500724494457,near_5x5_bal_strong_1000,near_boundary,False,1565,1389927733,1.887379141862766e-15,0,6
1000,1000,0.009857486653991332,0.017890801486758368,0.0017567061468071188,0.010303986796088793,-0.008033314832767036,-0.008547280649281674,0.007857396023235144,-1.0223889452703774,-1.0878006688229114,0.3065968505828657,0.2766831142145808,0.711,0.333,0.29,True,999,0.0001275839749723673,0.0027427910827100277,near_5x5_bal_strong_1000,near_boundary,False,1566,1389927733,1.887379141862766e-15,0,6
1000,1000,0.007307828464913291,0.016327251243825003,-0.0007924612368697126,0.00483222380148618,-0.009019422778911712,-0.005624685038355892,0.007471005042738491,-1.2072569523531802,-0.7528685907959404,0.22733320336526008,0.45152888415763104,0.687,0.225,0.431,True,999,0.00011091702617704868,0.002670916961506009,near_5x5_bal_strong_1000,near_boundary,False,1567,1389927733,1.887379141862766e-15,0,2
1000,1000,0.010685680560404975,0.011282294892659195,0.0025854258474282688,0.0029293730246422456,-0.0005966143322542194,-0.00034394717721397683,0.006551200266682034,-0.09106946940524302,-0.05250139870753404,0.9274373916936809,0.9581291808661813,0.977,0.918,0.962,True,999,0.00011599995195865631,0.002691167057491839,near_5x5_bal_strong_1000,near_boundary,False,1568,1389927733,1.887379141862766e-15,0,6
1000,1000,0.008589174668718558,0.010358032352994595,0.0004890559368959657,-0.0011983111634776833,-0.0017688576842760373,0.001687367100373649,0.006218495091236637,-0.28445108636795186,0.2713465357159415,0.7760647138153679,0.7861245181826838,0.935,0.756,0.764,True,999,0.00011575000826269388,0.002729458035901189,near_5x5_bal_strong_1000,near_boundary,False,1569,1389927733,1.887379141862766e-15,0,2
1000,1000,0.01334801267497121,0.016458046324936082,0.005246730291446511,0.008485546463816718,-0.0031100336499648717,-0.003238816172370207,0.007976356485567035,-0.38990655139252856,-0.40605208383436003,0.6966056492615904,0.6847043316229691,0.88,0.696,0.681,True,999,0.00011349993292242289,0.002650209004059434,near_5x5_bal_strong_1000,near_boundary,False,1570,1389927733,1.887379141862766e-15,0,6
1000,1000,0.008021572119081055,0.012975718954417459,-7.833229483367177e-05,0.0032329435813949203,-0.004954146835336404,-0.003311275876228592,0.006846379356704833,-0.7236155896743703,-0.4836535785861436,0.46930176776444554,0.6286317434276583,0.823,0.457,0.633,True,999,0.0001224169973284006,0.0026500000385567546,near_5x5_bal_strong_1000,near_boundary,False,1571,1389927733,1.887379141862766e-15,0,5
1000,1000,0.011906995002657128,0.019904600761028235,0.003806151609751396,0.009332739523301825,-0.007997605758371107,-0.005526587913550429,0.009006850848732158,-0.8879469520134091,-0.6135982494179278,0.3745692870451116,0.5394808406326381,0.747,0.369,0.548,True,999,0.00012454192619770765,0.0027228749822825193,near_5x5_bal_strong_1000,near_boundary,False,1572,1389927733,1.887379141862766e-15,0,3
1000,1000,0.010468668478517351,0.017344796095631387,0.002368245109437339,0.011567307059692666,-0.006876127617114036,-0.009199061950255327,0.007574336650936815,-0.9078191178977472,-1.2145039723204754,0.3639737959796402,0.22455533386815585,0.747,0.337,0.204,True,999,0.00011825002729892731,0.0027037080144509673,near_5x5_bal_strong_1000,near_boundary,False,1573,1389927733,1.887379141862766e-15,0,9
1000,1000,0.007000228992409596,0.010450841983605297,-0.00110023985234875,-0.0002473660935038424,-0.0034506129911957006,-0.0008528737588449076,0.006008968864886331,-0.5742437793877593,-0.14193346279903565,0.5658028476541761,0.8871325623858058,0.882,0.567,0.885,True,999,0.00011745805386453867,0.0027073330711573362,near_5x5_bal_strong_1000,near_boundary,False,1574,1389927733,1.887379141862766e-15,0,3
1000,1000,0.011550244479348715,0.015593924928046732,0.003449422964195037,0.01057827866389971,-0.004043680448698017,-0.007128855699704673,0.0076510600566737355,-0.5285124438633657,-0.9317474502747416,0.5971437124791439,0.3514670579644842,0.857,0.596,0.351,True,999,0.00012341688852757215,0.0027314580511301756,near_5x5_bal_strong_1000,near_boundary,False,1575,1389927733,1.887379141862766e-15,0,9
1000,1000,0.011001564921254037,0.01346156017396527,0.002900742789506694,0.003310205536195099,-0.0024599952527112334,-0.0004094627466884049,0.007222596995170113,-0.3405970531591723,-0.0566919000135575,0.733406948184074,0.954790626492589,0.882,0.722,0.949,True,999,0.000114083057269454,0.0026770828990265727,near_5x5_bal_strong_1000,near_boundary,False,1576,1389927733,1.887379141862766e-15,0,3
1000,1000,0.012003133806607336,0.011279957839905763,0.003902874960886038,0.0014711420807316244,0.0007231759667015725,0.0024317328801544136,0.00682561441851901,0.1059503104569572,0.3562657851807046,0.9156217767005792,0.7216415299761412,0.969,0.902,0.717,True,999,0.0001159169478341937,0.002699958044104278,near_5x5_bal_strong_1000,near_boundary,False,1577,1389927733,1.887379141862766e-15,0,5
1000,1000,0.011125482648213447,0.010048959226940324,0.0030253749066559976,0.001243194316998597,0.0010765234212731234,0.0017821805896574006,0.006449313610206834,0.16692061920657608,0.2763364750687391,0.8674325089788155,0.7822896431105256,0.963,0.873,0.784,True,999,0.0001324580516666174,0.0027133330004289746,near_5x5_bal_strong_1000,near_boundary,False,1578,1389927733,1.887379141862766e-15,0,6
1000,1000,0.015003802235879826,0.010559866069075996,0.006901558954950815,0.0015258069185506429,0.00444393616680383,0.005375752036400172,0.007071605028457479,0.6284197362438355,0.7601883893072544,0.5297290114098895,0.44714198420594375,0.837,0.507,0.43,True,999,0.00011408294085413218,0.0026358329923823476,near_5x5_bal_strong_1000,near_boundary,False,1579,1389927733,1.887379141862766e-15,0,5
1000,1000,0.010248781861700085,0.018597231149658666,0.002148314508531257,0.01271783436379792,-0.008348449287958581,-0.010569519855266662,0.008123080738898628,-1.0277442212264052,-1.301171340653169,0.3040701604636801,0.19319981277243914,0.711,0.309,0.187,True,999,0.00012325006537139416,0.0026870829751715064,near_5x5_bal_strong_1000,near_boundary,False,1580,1389927733,1.887379141862766e-15,0,8
1000,1000,0.016043637444479897,0.015326021575430226,0.007941473127175414,0.009935333259193158,0.0007176158690496703,-0.001993860132017744,0.007979652650591293,0.08993071509152656,-0.2498680355303434,0.9283422729233022,0.8026894032232286,0.986,0.95,0.818,True,999,0.00012654205784201622,0.0027038329280912876,near_5x5_bal_strong_1000,near_boundary,False,1581,1389927733,1.887379141862766e-15,0,9
1000,1000,0.020086876221192984,0.009597937748039242,0.011983891077989028,0.0005658437589772802,0.010488938473153742,0.011418047319011748,0.007424779471486265,1.4126936043602254,1.5378298255000058,0.15774583289943023,0.12409022900112784,0.622,0.136,0.101,True,999,0.00011583301238715649,0.0026963750133290887,near_5x5_bal_strong_1000,near_boundary,False,1582,1389927733,1.887379141862766e-15,0,5
1000,1000,0.013450104717128486,0.008486349321030151,0.00534876894403169,-0.0023196391314854736,0.004963755396098335,0.0076684080755171635,0.00652488325220137,0.760742407831383,1.1752559822323243,0.4468109396574236,0.23989231916947662,0.834,0.467,0.246,True,999,0.00012204097583889961,0.0027207500534132123,near_5x5_bal_strong_1000,near_boundary,False,1583,1389927733,1.887379141862766e-15,0,4
1000,1000,0.016034748532216758,0.010338273440438417,0.007933072048444956,0.0016432211748451664,0.005696475091778341,0.006289850873599789,0.0071751063763821,0.793922040031227,0.8766212713310765,0.42724081795617663,0.38069238157102414,0.807,0.434,0.38,True,999,0.0001192920608446002,0.002709000022150576,near_5x5_bal_strong_1000,near_boundary,False,1584,1389927733,1.887379141862766e-15,0,5
1000,1000,0.013897686198781845,0.01644294319037387,0.005796393014406931,0.006970324703559072,-0.0025452569915920265,-0.0011739316891521412,0.008145839794474958,-0.3124609685201993,-0.14411426185282683,0.7546902217481195,0.8854102429549339,0.898,0.732,0.866,True,999,0.00011341692879796028,0.0026744171045720577,near_5x5_bal_strong_1000,near_boundary,False,1585,1389927733,1.887379141862766e-15,0,4
1000,1000,0.018103127426797316,0.02191399015508566,0.01000037148469346,0.0148304766295837,-0.0038108627282883445,-0.00483010514489024,0.009480206016026053,-0.40198100356112254,-0.5094936899815328,0.6876980067537329,0.6104062201554635,0.877,0.683,0.593,True,999,0.00011841603554785252,0.0026922920951619744,near_5x5_bal_strong_1000,near_boundary,False,1586,1389927733,1.887379141862766e-15,0,6
1000,1000,0.012597776793006776,0.008928528839991179,0.0044964731525851676,0.001511151871909533,0.0036692479530155975,0.0029853212806756346,0.006162337433440053,0.5954311967897679,0.4844462532148477,0.5515552774030215,0.6280691994576528,0.886,0.558,0.636,True,999,0.00011866702698171139,0.002713375026360154,near_5x5_bal_strong_1000,near_boundary,False,1587,1389927733,1.887379141862766e-15,0,7
1000,1000,0.014962345026410029,0.017184521807492525,0.006860720408667476,0.010646669575010037,-0.0022221767810824966,-0.0037859491663425615,0.008257246435438188,-0.2691183796508033,-0.4585002029361925,0.7878385871068081,0.6465931167427051,0.916,0.787,0.643,True,999,0.00012533296830952168,0.0026744999922811985,near_5x5_bal_strong_1000,near_boundary,False,1588,1389927733,1.887379141862766e-15,0,7
1000,1000,0.015639838568101805,0.01255803033579922,0.007538544009321413,0.0025670379481539385,0.0030818082323025853,0.004971506061167474,0.007816401192214384,0.3942745717008814,0.6360351700114114,0.6933783347910216,0.524753498973856,0.895,0.676,0.523,True,999,0.00011883396655321121,0.0027799169765785336,near_5x5_bal_strong_1000,near_boundary,False,1589,1389927733,1.887379141862766e-15,0,4
1000,1000,0.008738364312065316,0.01562827523487209,0.0006375293755809253,0.008946496943565307,-0.0068899109228067745,-0.008308967567984382,0.007069773030779237,-0.9745589982607068,-1.1752806676834093,0.32977906036755766,0.23988244625718702,0.735,0.308,0.229,True,999,0.00012550002429634333,0.002662459039129317,near_5x5_bal_strong_1000,near_boundary,False,1590,1389927733,1.887379141862766e-15,0,8
1000,1000,0.014375526992481458,0.014726689092598,0.006274656997902639,0.006736937439598023,-0.00035116210011654214,-0.00046228044169538407,0.007540811635197611,-0.04656821004219922,-0.06130380442572476,0.9628573692416548,0.9511172610095122,0.988,0.967,0.951,True,999,0.00011654198169708252,0.0026866249972954392,near_5x5_bal_strong_1000,near_boundary,False,1591,1389927733,1.887379141862766e-15,0,6
1000,1000,0.009102196784805505,0.008573602641555877,0.001002340479999475,0.002998933428386863,0.0005285941432496277,-0.001996592948387388,0.005499808648063229,0.09611136988116367,-0.3630295299620093,0.923432121254323,0.7165828252510598,0.979,0.924,0.706,True,999,0.00011791696306318045,0.0027391250478103757,near_5x5_bal_strong_1000,near_boundary,False,1592,1389927733,1.887379141862766e-15,0,10
1000,1000,0.02093789102451815,0.010618962597993054,0.012834561874797146,0.003538778105678375,0.010318928426525098,0.00929578376911877,0.007782353960195014,1.3259392311508946,1.1944694133246327,0.18485982691828762,0.2322943984227147,0.674,0.169,0.218,True,999,0.00011516700033098459,0.002687583095394075,near_5x5_bal_strong_1000,near_boundary,False,1593,1389927733,1.887379141862766e-15,0,7
1000,1000,0.010472137373043422,0.016352793057425985,0.002371899123545518,0.005149835519716817,-0.005880655684382563,-0.002777936396171299,0.007938592707081766,-0.7407680304768145,-0.34992806643086627,0.4588341023485225,0.7263926830831748,0.793,0.447,0.715,True,999,0.00011716596782207489,0.0026768329553306103,near_5x5_bal_strong_1000,near_boundary,False,1594,1389927733,1.887379141862766e-15,0,2
1000,1000,0.008894401193264123,0.01608158100501622,0.0007936003253234958,0.007686843499243423,-0.007187179811752098,-0.006893243173919927,0.007393761353696845,-0.9720600203249112,-0.9323053374549801,0.33102069002398016,0.3511787501233199,0.756,0.341,0.36,True,999,0.00011987495236098766,0.0027375409845262766,near_5x5_bal_strong_1000,near_boundary,False,1595,1389927733,1.887379141862766e-15,0,6
1000,1000,0.008651991292981887,0.025524150660534428,0.0005518826351362804,0.01757429657237708,-0.01687215936755254,-0.0170224139372408,0.009508782687105628,-1.7743763763191276,-1.7901780382807593,0.07600091476646487,0.07342529448493952,0.461,0.073,0.07,True,999,0.00011887506116181612,0.002709041931666434,near_5x5_bal_strong_1000,near_boundary,False,1596,1389927733,1.887379141862766e-15,0,6
1000,1000,0.009152532185195739,0.012614931573706079,0.0010528038715165167,0.0026452751163219546,-0.00346239938851034,-0.0015924712448054379,0.006755621187084054,-0.5125212460299042,-0.23572536125176083,0.6082862547754948,0.8136457889483112,0.869,0.598,0.803,True,999,0.00011520890984684229,0.0026163338916376233,near_5x5_bal_strong_1000,near_boundary,False,1597,1389927733,1.887379141862766e-15,0,4
1000,1000,0.015230216118950812,0.019070025344025965,0.007128640897690275,0.012563613785289363,-0.0038398092250751525,-0.005434972887599088,0.008367669225135614,-0.4588863543435443,-0.649520522545632,0.646315778343016,0.5160019857976501,0.866,0.637,0.513,True,999,0.00011924991849809885,0.0027208750834688544,near_5x5_bal_strong_1000,near_boundary,False,1598,1389927733,1.887379141862766e-15,0,7
1000,1000,0.010233484265706139,0.012425953656735378,0.002133130426500429,0.0020493015373403978,-0.002192469391029239,8.38288891600314e-05,0.006982856770940849,-0.3139788575004428,0.012004956124674535,0.7535370966370405,0.9904216609256218,0.933,0.77,0.993,True,999,0.00011712498962879181,0.002660083002410829,near_5x5_bal_strong_1000,near_boundary,False,1599,1389927733,1.887379141862766e-15,0,4
1000,1000,0.013458468343589214,0.015798520906960545,0.005357598073942427,0.007032814012120525,-0.002340052563371331,-0.0016752159381780984,0.00790407723950466,-0.2960563886794684,-0.2119432651550205,0.7671870185442785,0.8321512965309807,0.91,0.762,0.829,True,999,0.00011837494093924761,0.002682166057638824,near_5x5_bal_strong_1000,near_boundary,False,1600,1389927733,1.887379141862766e-15,0,4
1000,1000,0.015913733638165173,0.01606828431848678,0.007812602172634797,0.00907688388895167,-0.0001545506803216079,-0.001264281716316873,0.008270676834239463,-0.018686581935082915,-0.15286315033890827,0.9850911324519982,0.8785061960847333,0.992,0.974,0.857,True,999,0.00011937494855374098,0.002702958998270333,near_5x5_bal_strong_1000,near_boundary,False,1601,1389927733,1.887379141862766e-15,0,7
1000,1000,0.014614520914902895,0.020584314970345796,0.006513159936503143,0.013200689621442052,-0.005969794055442901,-0.006687529684938909,0.009218999843879772,-0.6475533307884884,-0.7254072890974791,0.5172738904497531,0.46820220266360835,0.793,0.49,0.441,True,999,0.00011787493713200092,0.0026857920456677675,near_5x5_bal_strong_1000,near_boundary,False,1602,1389927733,1.887379141862766e-15,0,7
1000,1000,0.01385264477395376,0.02304241463832135,0.0057513157184985175,0.01667837904778935,-0.009189769864367592,-0.010927063329290831,0.009212778584680972,-0.9975025210796188,-1.1860768419486794,0.3185206506974452,0.2355919550089436,0.698,0.291,0.219,True,999,0.00012500002048909664,0.0026903749676421285,near_5x5_bal_strong_1000,near_boundary,False,1603,1389927733,1.887379141862766e-15,0,6
1000,1000,0.011556535423847825,0.008958171715462204,0.0034558940260467352,0.0001533490182055175,0.0025983637083856204,0.0033025450078412177,0.006250963976590991,0.4156740813282781,0.528325714275238,0.677648509652459,0.5972732870824102,0.921,0.689,0.613,True,999,0.00012091698590666056,0.0026915420312434435,near_5x5_bal_strong_1000,near_boundary,False,1604,1389927733,1.887379141862766e-15,0,6
1000,1000,0.012253470254555587,0.008015057590038732,0.004152274880198092,0.0017809423231369692,0.004238412664516855,0.0023713325570611232,0.00570924085704071,0.7423776243894123,0.41534988914275095,0.45785857258802465,0.6778857847089127,0.846,0.466,0.675,True,999,0.00011800008360296488,0.002648542053066194,near_5x5_bal_strong_1000,near_boundary,False,1605,1389927733,1.887379141862766e-15,0,9
1000,1000,0.014441804096282151,0.007157552044573523,0.00633965677661763,-0.001260857951365324,0.0072842520517086284,0.007600514727982954,0.006395376650052038,1.1389871856334464,1.1884389526801538,0.25470849898797676,0.23466051763045492,0.763,0.258,0.233,True,999,0.00012908305507153273,0.0026690829545259476,near_5x5_bal_strong_1000,near_boundary,False,1606,1389927733,1.887379141862766e-15,0,6
1000,1000,0.010529942935820769,0.018023465489550472,0.0024293078172377136,0.006933839730493219,-0.0074935225537297034,-0.004504531913255505,0.008153024799669378,-0.919109500811721,-0.5524982474526722,0.35803830031895445,0.5806070348111108,0.75,0.362,0.598,True,999,0.00011679099407047033,0.002740291994996369,near_5x5_bal_strong_1000,near_boundary,False,1607,1389927733,1.887379141862766e-15,0,2
1000,1000,0.010286376570213474,0.013179918615478459,0.0021863033318823,0.004404633242415912,-0.002893542045264985,-0.002218329910533612,0.007032789529346332,-0.4114358937077316,-0.3154267451452932,0.680752938936278,0.7524376628154033,0.903,0.688,0.758,True,999,0.00012437498662620783,0.002670041983947158,near_5x5_bal_strong_1000,near_boundary,False,1608,1389927733,1.887379141862766e-15,0,6
1000,1000,0.006813241198632358,0.01036943334821333,-0.0012865051801327354,0.003516606467485417,-0.0035561921495809723,-0.004803111647618152,0.005675674497807569,-0.626567318290483,-0.8462627040140384,0.5309428968042007,0.39740620880532995,0.861,0.509,0.367,True,999,0.00012158392928540707,0.0026913750916719437,near_5x5_bal_strong_1000,near_boundary,False,1609,1389927733,1.887379141862766e-15,0,8
1000,1000,0.0075022369845396675,0.016541376028867072,-0.0005979457421290135,0.009602538459375864,-0.009039139044327404,-0.010200484201504878,0.007170042106280642,-1.2606814451493271,-1.4226533192280282,0.20742364165861238,0.15483667911751986,0.697,0.212,0.152,True,999,0.00011725001968443394,0.0027039159322157502,near_5x5_bal_strong_1000,near_boundary,False,1610,1389927733,1.887379141862766e-15,0,7
1000,1000,0.014174628916242327,0.010292174953710542,0.006073605305573437,0.003737885225007176,0.0038824539625317844,0.0023357200805662615,0.006530388045559545,0.5945211732359043,0.3576694163150805,0.552163585065164,0.7205907232413473,0.863,0.571,0.727,True,999,0.0001264170277863741,0.0026565829757601023,near_5x5_bal_strong_1000,near_boundary,False,1611,1389927733,1.887379141862766e-15,0,9
1000,1000,0.010059599312903789,0.018041830996572306,0.0019580980540467863,0.01077155888026482,-0.007982231683668517,-0.008813460826218034,0.007716178982330754,-1.0344798509660023,-1.1422053384712745,0.3009118915690162,0.2533686774790088,0.741,0.307,0.252,True,999,0.00011579098645597696,0.0026541249826550484,near_5x5_bal_strong_1000,near_boundary,False,1612,1389927733,1.887379141862766e-15,0,7
1000,1000,0.01338216895131783,0.019218856490209657,0.005279945347865578,0.012159877053591117,-0.005836687538891827,-0.006879931705725539,0.008304996701275328,-0.7027922766056651,-0.8284087222658435,0.4821852111016146,0.407439068545539,0.772,0.472,0.406,True,999,0.00014062505215406418,0.0027310000732541084,near_5x5_bal_strong_1000,near_boundary,False,1613,1389927733,1.887379141862766e-15,0,6
1000,1000,0.021218705912143143,0.015279800934698495,0.013111868594251064,0.006308021116524287,0.005938904977444648,0.0068038474777267766,0.008670489870149707,0.6849561058701871,0.7847131568829454,0.4933716198470208,0.4326217669821155,0.81,0.502,0.452,True,999,0.00012508302461355925,0.002631167066283524,near_5x5_bal_strong_1000,near_boundary,False,1614,1389927733,1.887379141862766e-15,0,5
1000,1000,0.012495539388757582,0.011027419218898882,0.004394334495827934,0.0028337789861438978,0.0014681201698586999,0.0015605555096840362,0.0069026522237269185,0.21268928554914565,0.22608056426772322,0.831569324457645,0.8211387607365256,0.951,0.821,0.81,True,999,0.00012112502008676529,0.002633958007209003,near_5x5_bal_strong_1000,near_boundary,False,1615,1389927733,1.887379141862766e-15,0,7
1000,1000,0.017652250969609984,0.008216269752752026,0.00954949788047088,-0.001248129358202732,0.009435981216857958,0.010797627238673613,0.006803281826970551,1.3869749125268456,1.5871203800301352,0.1654494128681573,0.11248538293880381,0.672,0.166,0.111,True,999,0.00011775002349168062,0.0027746669948101044,near_5x5_bal_strong_1000,near_boundary,False,1616,1389927733,1.887379141862766e-15,0,5
1000,1000,0.014113388080564837,0.02082144098609595,0.006011604454897679,0.009914418299558747,-0.0067080529055311144,-0.0039028138446610683,0.009228229425111216,-0.7269057363569253,-0.4229211980838927,0.467283702894555,0.6723527560661561,0.773,0.455,0.677,True,999,0.00012099999003112316,0.002679834025911987,near_5x5_bal_strong_1000,near_boundary,False,1617,1389927733,1.887379141862766e-15,0,3
1000,1000,0.008133264060049994,0.024871615554626636,3.318319159006933e-05,0.01705580549185015,-0.016738351494576642,-0.017022622300260082,0.008978140577796676,-1.86434499989578,-1.89600754774967,0.06227327124924479,0.05795904648120701,0.454,0.07,0.066,True,999,0.00011666701175272465,0.0026663749013096094,near_5x5_bal_strong_1000,near_boundary,False,1618,1389927733,1.887379141862766e-15,0,5
1000,1000,0.01045824905753312,0.01198521715369838,0.002357080635647435,0.003611329443288014,-0.0015269680961652599,-0.0012542488076405789,0.0066448665132611984,-0.22979665477370853,-0.18875455287739298,0.8182497842761973,0.8502851929976409,0.958,0.829,0.857,True,999,0.00011787493713200092,0.002773249987512827,near_5x5_bal_strong_1000,near_boundary,False,1619,1389927733,1.887379141862766e-15,0,6
1000,1000,0.01287777876260443,0.01330438863010086,0.00477636742471077,0.004977241046731251,-0.00042660986749643026,-0.00020087362202048098,0.007219944449775708,-0.05908769388242082,-0.027822045365836746,0.9528822603754813,0.9778040831077819,0.987,0.964,0.982,True,999,0.00012191710993647575,0.002661040984094143,near_5x5_bal_strong_1000,near_boundary,False,1620,1389927733,1.887379141862766e-15,0,6
1000,1000,0.01560648343284421,0.01298263138635991,0.007504980006387996,0.006244153688555798,0.0026238520464842985,0.0012608263178321977,0.007398484444855959,0.35464723431413286,0.17041683701975327,0.7228538854124569,0.8646823317897177,0.9,0.7,0.851,True,999,0.00011804199311882257,0.002671208931133151,near_5x5_bal_strong_1000,near_boundary,False,1621,1389927733,1.887379141862766e-15,0,8
1000,1000,0.023849717830680683,0.01759014278483728,0.015744169279969356,0.009027731850608234,0.006259575045843402,0.006716437429361122,0.009340625132025885,0.6701451944989644,0.7190565229229359,0.5027652369345788,0.472106094035871,0.791,0.51,0.484,True,999,0.00011716701555997133,0.0028506669914349914,near_5x5_bal_strong_1000,near_boundary,False,1622,1389927733,1.887379141862766e-15,0,5
1000,1000,0.007894320864213045,0.01558430157391183,-0.0002061557829620142,0.006010129910634987,-0.007689980709698785,-0.006216285693597001,0.0072182790272033726,-1.065348219529575,-0.8611866720820599,0.28671837960370794,0.389135239370908,0.717,0.278,0.376,True,999,0.0001206250162795186,0.0026688340585678816,near_5x5_bal_strong_1000,near_boundary,False,1623,1389927733,1.887379141862766e-15,0,4
1000,1000,0.0182394144720881,0.022923688450120605,0.010136269969962086,0.01436025613207903,-0.004684273978032505,-0.004223986162116944,0.009787010075956186,-0.4786215546605385,-0.43159107115808937,0.6322078813720118,0.6660386490697763,0.861,0.653,0.686,True,999,0.00012066704221069813,0.002667041029781103,near_5x5_bal_strong_1000,near_boundary,False,1624,1389927733,1.887379141862766e-15,0,5
1000,1000,0.014775837241924439,0.018562808165567324,0.00667457820418349,0.009703029975923982,-0.003786970923642885,-0.0030284517717404924,0.008613948704768042,-0.4396323978045863,-0.3515753199301229,0.6602033720037181,0.7251567768065564,0.878,0.647,0.718,True,999,0.00012079195585101843,0.00272716605104506,near_5x5_bal_strong_1000,near_boundary,False,1625,1389927733,1.887379141862766e-15,0,5
1000,1000,0.010409630845045426,0.024785414183774612,0.002308961880089555,0.016145733512303195,-0.014375783338729187,-0.01383677163221364,0.009074149216298864,-1.5842568813952937,-1.5248560831863132,0.1131352737740808,0.1272949978029906,0.53,0.122,0.133,True,999,0.00012608303222805262,0.002731249900534749,near_5x5_bal_strong_1000,near_boundary,False,1626,1389927733,1.887379141862766e-15,0,4
1000,1000,0.01900842390216506,0.007257206465188792,0.010905632938829513,-0.00197844800322855,0.011751217436976269,0.012884080942058063,0.0066781127333336065,1.7596614352316047,1.9292997073480873,0.0784652282584766,0.05369366606631422,0.598,0.092,0.057,True,999,0.00012070802040398121,0.002712792018428445,near_5x5_bal_strong_1000,near_boundary,False,1627,1389927733,1.887379141862766e-15,0,6
1000,1000,0.016630450989354673,0.019995981372525673,0.008527102354491944,0.009642121780245816,-0.0033655303831710004,-0.0011150194257538715,0.009426259006043028,-0.35703775814068034,-0.11828864717583612,0.7210635392024681,0.9058389524859954,0.908,0.726,0.926,True,999,0.00013212498743087053,0.0027498750714585185,near_5x5_bal_strong_1000,near_boundary,False,1628,1389927733,1.887379141862766e-15,0,4
1000,1000,0.0099441024797704,0.014027796080809507,0.001843957935761864,0.00539478299356233,-0.004083693601039107,-0.0035508250578004663,0.007349327797128693,-0.5556553896853755,-0.4831496370576554,0.5784464583617678,0.6289894919644724,0.857,0.552,0.599,True,999,0.00012695800978690386,0.00268287502694875,near_5x5_bal_strong_1000,near_boundary,False,1629,1389927733,1.887379141862766e-15,0,5
1000,1000,0.005385480782523544,0.015810540418640495,-0.002713643804554522,0.006451820366862648,-0.010425059636116951,-0.00916546417141717,0.006850281235915794,-1.5218440348782638,-1.3379690345212325,0.12804816487073675,0.18090653118483047,0.654,0.138,0.181,True,999,0.00011974992230534554,0.002714708913117647,near_5x5_bal_strong_1000,near_boundary,False,1630,1389927733,1.887379141862766e-15,0,5
1000,1000,0.011835145347862674,0.020507463778898005,0.0037343199701354024,0.013227369825472124,-0.00867231843103533,-0.009493049855336722,0.008410327170555435,-1.031151137781789,-1.1287372848670978,0.3024699501604782,0.25900867578606823,0.716,0.311,0.264,True,999,0.00012079195585101843,0.0027556249406188726,near_5x5_bal_strong_1000,near_boundary,False,1631,1389927733,1.887379141862766e-15,0,7
1000,1000,0.018837978993343718,0.010800751843821066,0.010734032196523913,0.0038149024243807617,0.008037227149522652,0.006919129772143151,0.007591637340240379,1.0586948229099895,0.9114146872463834,0.2897387863955718,0.36207691783957374,0.725,0.296,0.362,True,999,0.00012312503531575203,0.0026318751042708755,near_5x5_bal_strong_1000,near_boundary,False,1632,1389927733,1.887379141862766e-15,0,7
1000,1000,0.019737442200748356,0.008125644053965542,0.011634321626843303,-0.001292647274283354,0.011611798146782815,0.012926968901126656,0.007113642838692724,1.6323279661474708,1.8172080317012724,0.10261041488204181,0.06918526563103838,0.594,0.089,0.067,True,999,0.0001247080508619547,0.002710999920964241,near_5x5_bal_strong_1000,near_boundary,False,1633,1389927733,1.887379141862766e-15,0,5
1000,1000,0.02454311359699135,0.01993083332307083,0.01643911209248472,0.013971436785482183,0.0046122802739205215,0.002467675307002537,0.009564493285955962,0.48222944342414564,0.2580037680224996,0.6296429629563846,0.7964039991928122,0.846,0.63,0.788,True,999,0.0001189160393550992,0.0027000419795513153,near_5x5_bal_strong_1000,near_boundary,False,1634,1389927733,1.887379141862766e-15,0,8
1000,1000,0.0109152462120079,0.021294959080432885,0.002814594621213473,0.01595428007829014,-0.010379712868424984,-0.013139685457076666,0.008544009500775863,-1.2148526833312188,-1.5378828237355635,0.22442228314143065,0.12407726772397817,0.66,0.234,0.141,True,999,0.00011250004172325134,0.002657625009305775,near_5x5_bal_strong_1000,near_boundary,False,1635,1389927733,1.887379141862766e-15,0,9
1000,1000,0.009896811934380079,0.01309007474190993,0.001796813545979603,0.00548894156111146,-0.003193262807529851,-0.003692128015131857,0.006697639506814185,-0.4767743627110749,-0.5512580979277075,0.6335228035564826,0.5814567583770287,0.875,0.624,0.576,True,999,0.000116499955765903,0.0027065000031143427,near_5x5_bal_strong_1000,near_boundary,False,1636,1389927733,1.887379141862766e-15,0,6
1000,1000,0.012790622347082614,0.009366205421205975,0.004689939088621031,-0.001668970746550258,0.003424416925876639,0.006358909835171289,0.006714695846210538,0.5099883902871372,0.9470138306800542,0.6100595953953751,0.3436317313358923,0.883,0.611,0.345,True,999,0.00011654198169708252,0.0027000000700354576,near_5x5_bal_strong_1000,near_boundary,False,1637,1389927733,1.887379141862766e-15,0,3
1000,1000,0.01788934162875,0.014653506013696804,0.009787632667439539,0.004612021413038292,0.0032358356150531953,0.005175611254401247,0.008580763848908952,0.377103445803911,0.6031643971951668,0.706096730546657,0.5463993297794172,0.897,0.715,0.551,True,999,0.0001213329378515482,0.0026776669546961784,near_5x5_bal_strong_1000,near_boundary,False,1638,1389927733,1.887379141862766e-15,0,4
1000,1000,0.010973780955083612,0.011280144844748374,0.0028737356701640238,0.0025200116961627828,-0.00030636388966476247,0.000353723974001241,0.006702585807844115,-0.04570831294785084,0.05277425521166378,0.9635427379620407,0.9579117742722831,0.988,0.957,0.95,True,999,0.00012124993372708559,0.002711542067117989,near_5x5_bal_strong_1000,near_boundary,False,1639,1389927733,1.887379141862766e-15,0,6
1000,1000,0.017078722573613314,0.015754101300228085,0.008976495124215944,0.007326639957113912,0.0013246212733852292,0.0016498551671020323,0.008382584391645959,0.15802063080991346,0.19681939244730653,0.8744405419265378,0.8439688749635665,0.959,0.878,0.849,True,999,0.00011583301238715649,0.002707374980673194,near_5x5_bal_strong_1000,near_boundary,False,1640,1389927733,1.887379141862766e-15,0,4
1000,1000,0.009983406028838626,0.013222255499577562,0.0018829953053227655,0.007062990644499223,-0.003238849470738936,-0.0051799953391764575,0.006685792695288967,-0.4844376154560008,-0.7747765411312342,0.6280753283240754,0.4384717134765562,0.889,0.611,0.424,True,999,0.00012204202357679605,0.002631625044159591,near_5x5_bal_strong_1000,near_boundary,False,1641,1389927733,1.887379141862766e-15,0,9
1000,1000,0.011759293693895723,0.011344661250646426,0.003658848728719022,0.005359935820592909,0.0004146324432492965,-0.0017010870918738874,0.006631587922747639,0.06252385523337878,-0.2565127857294672,0.9501456653722203,0.7975549090505063,0.991,0.962,0.801,True,999,0.00011433404870331287,0.002696207957342267,near_5x5_bal_strong_1000,near_boundary,False,1642,1389927733,1.887379141862766e-15,0,8
1000,1000,0.013131060932690675,0.01715305161629943,0.00502997182479703,0.009180746644858573,-0.004021990683608756,-0.004150774820061542,0.008265561410866209,-0.48659618913741304,-0.5021769984800769,0.6265445247051064,0.6155430212722097,0.872,0.601,0.593,True,999,0.00012783403508365154,0.0027184579521417618,near_5x5_bal_strong_1000,near_boundary,False,1643,1389927733,1.887379141862766e-15,0,6
1000,1000,0.011646747420534842,0.019347234356166754,0.00354598604894818,0.012394124322099742,-0.007700486935631912,-0.008848138273151562,0.008318601186214452,-0.9256949291418278,-1.0636569869240344,0.3546045438783113,0.28748411652161987,0.726,0.355,0.293,True,999,0.00011599995195865631,0.0027012909995391965,near_5x5_bal_strong_1000,near_boundary,False,1644,1389927733,1.887379141862766e-15,0,7
1000,1000,0.009237268984604308,0.014403339476399546,0.0011362136503976217,0.006412004900425927,-0.005166070491795238,-0.0052757912500283055,0.00690739804743568,-0.7479039800975569,-0.763788508175941,0.45451807669097044,0.4449932861853989,0.821,0.459,0.45,True,999,0.00011791696306318045,0.002729916013777256,near_5x5_bal_strong_1000,near_boundary,False,1645,1389927733,1.887379141862766e-15,0,6
1000,1000,0.019881015400009527,0.0064806896111327394,0.011778230001027623,-0.0017532605189671813,0.013400325788876788,0.013531490519994804,0.006607702890339053,2.027985521030167,2.0478357977897033,0.042561725766217286,0.040576091416343545,0.537,0.049,0.047,True,999,0.00011879205703735352,0.0026917500654235482,near_5x5_bal_strong_1000,near_boundary,False,1646,1389927733,1.887379141862766e-15,0,7
1000,1000,0.014577164790910313,0.0065364732446793194,0.006475413903217486,-0.004315309418586821,0.008040691546230994,0.010790723321804307,0.006242917604498873,1.2879701536404358,1.728474409790083,0.19775635292179783,0.08390320508253168,0.734,0.185,0.086,True,999,0.0001177499070763588,0.002670207992196083,near_5x5_bal_strong_1000,near_boundary,False,1647,1389927733,1.887379141862766e-15,0,4
1000,1000,0.009584359470200088,0.01356566154032951,0.0014832535630375787,0.005753595027954361,-0.003981302070129422,-0.004270341464916783,0.007033385219310166,-0.5660577298110664,-0.6071530751923776,0.5713545369313193,0.5437493300809652,0.864,0.573,0.538,True,999,0.0001366669312119484,0.0027272909646853805,near_5x5_bal_strong_1000,near_boundary,False,1648,1389927733,1.887379141862766e-15,0,7
1000,1000,0.011497592755470132,0.012904846371033563,0.0033975369876770856,0.005550029274331791,-0.0014072536155634308,-0.002152492286654706,0.0069544769842411125,-0.20235218532641291,-0.30951174208100285,0.8396414056864774,0.7569322814998154,0.94,0.849,0.761,True,999,0.00011783395893871784,0.0027010419871658087,near_5x5_bal_strong_1000,near_boundary,False,1649,1389927733,1.887379141862766e-15,0,7
1000,1000,0.013157529333158946,0.015065953505211949,0.0050565577473662415,0.0057866265410098094,-0.0019084241720530026,-0.0007300687936435679,0.007780222018011,-0.2452917368726822,-0.09383649874688393,0.806230549374389,0.9252390377809643,0.93,0.805,0.918,True,999,0.00011683302000164986,0.00268970790784806,near_5x5_bal_strong_1000,near_boundary,False,1650,1389927733,1.887379141862766e-15,0,5
1000,1000,0.011552121670910243,0.009825347345199409,0.0034508984524563857,0.0004049107249102235,0.0017267743257108337,0.003045987727546162,0.0064717826040293245,0.26681587305416377,0.4706566820785565,0.7896109322442684,0.6378859230551883,0.946,0.8,0.632,True,999,0.00011708296369761229,0.0027201250195503235,near_5x5_bal_strong_1000,near_boundary,False,1651,1389927733,1.887379141862766e-15,0,5
1000,1000,0.009881259664855424,0.01176771814857791,0.0017812681517170859,0.006397797434487984,-0.0018864584837224863,-0.004616529282770898,0.006113367969283875,-0.30857924685718985,-0.7551531833134006,0.757641609529876,0.4501570755459299,0.925,0.74,0.424,True,999,0.00011758401524275541,0.0027037919498980045,near_5x5_bal_strong_1000,near_boundary,False,1652,1389927733,1.887379141862766e-15,0,9
1000,1000,0.010938881019205704,0.010129653172514574,0.0028383410030983214,0.003665907089157372,0.0008092278466911296,-0.0008275660860590506,0.006001222629865241,0.13484383043281647,-0.1378995809854889,0.892735350610985,0.8903197815701998,0.969,0.889,0.889,True,999,0.00012620794586837292,0.0026716249994933605,near_5x5_bal_strong_1000,near_boundary,False,1653,1389927733,1.887379141862766e-15,0,8
1000,1000,0.01510234059559501,0.010311933198817513,0.0069994447064800625,0.0018916446496177741,0.004790407396777496,0.005107800056862288,0.007002638573861182,0.6840860550277001,0.7294107789495554,0.49392082701494655,0.4657504262581814,0.838,0.506,0.479,True,999,0.00011729099787771702,0.0027346250135451555,near_5x5_bal_strong_1000,near_boundary,False,1654,1389927733,1.887379141862766e-15,0,6
1000,1000,0.00922169804759898,0.013862259911888719,0.0011209407298338192,0.006031881491992408,-0.004640561864289738,-0.004910940762158589,0.006930434447646511,-0.6695917693681693,-0.7086050375710982,0.5031180623027258,0.47856960931706993,0.841,0.512,0.498,True,999,0.00015049998182803392,0.002682332997210324,near_5x5_bal_strong_1000,near_boundary,False,1655,1389927733,1.887379141862766e-15,0,5
1000,1000,0.012369577038479518,0.01530813149357485,0.004268330518698349,0.005166533889848779,-0.0029385544550953324,-0.00089820337115043,0.007828859977044675,-0.3753489606036626,-0.11472977850978168,0.7074009580838013,0.9086593099363808,0.899,0.728,0.912,True,999,0.0001223749713972211,0.0026482909452170134,near_5x5_bal_strong_1000,near_boundary,False,1656,1389927733,1.887379141862766e-15,0,3
1000,1000,0.007229407788819753,0.011555369243704594,-0.0008700922874140815,0.0022022651109523395,-0.004325961454884841,-0.003072357398366421,0.006089809019606001,-0.7103607750189714,-0.5045080048446572,0.4774804408255754,0.6139044384560246,0.828,0.474,0.611,True,999,0.0001203340943902731,0.0027415419463068247,near_5x5_bal_strong_1000,near_boundary,False,1657,1389927733,1.887379141862766e-15,0,5
1000,1000,0.005004151194672346,0.010149643321035517,-0.003096274503377572,0.003070229166894478,-0.0051454921263631714,-0.00616650367027205,0.005251593994567792,-0.9797962545630199,-1.1742156146592126,0.32718670131106353,0.24030867319939453,0.825,0.322,0.24,True,999,0.00012354191858321428,0.00269520899746567,near_5x5_bal_strong_1000,near_boundary,False,1658,1389927733,1.887379141862766e-15,0,7
1000,1000,0.012415818337563778,0.014659219311572103,0.004314372937415101,0.005268060865716961,-0.002243400974008325,-0.0009536879283018607,0.007597835272242652,-0.29526844076288333,-0.12552100619843534,0.767788822949339,0.900111096012339,0.906,0.747,0.877,True,999,0.00011875003110617399,0.002687875065021217,near_5x5_bal_strong_1000,near_boundary,False,1659,1389927733,1.887379141862766e-15,0,5
1000,1000,0.015546173391991713,0.015959587070096204,0.00744307281820511,0.00550923662774494,-0.0004134136781044906,0.0019338361904601697,0.008299938475126733,-0.049809246097836664,0.23299403920348238,0.9602743985100591,0.815766034435429,0.989,0.958,0.826,True,999,0.0001259160926565528,0.002747958991676569,near_5x5_bal_strong_1000,near_boundary,False,1660,1389927733,1.887379141862766e-15,0,2
1000,1000,0.007974021407865628,0.010626657942192141,-0.00012536022813947056,0.003547023471242028,-0.0026526365343265135,-0.0036723836993814984,0.00590358100937941,-0.4493266934276152,-0.6220603551551066,0.6531960044421372,0.5339021821790606,0.902,0.636,0.514,True,999,0.00012520793825387955,0.0026965830475091934,near_5x5_bal_strong_1000,near_boundary,False,1661,1389927733,1.887379141862766e-15,0,7
1000,1000,0.013464963730745572,0.017061219788448045,0.0053638344154478546,0.010158281869280472,-0.003596256057702474,-0.004794447453832618,0.007853207518120325,-0.4579346782069044,-0.6105081831557374,0.6469993717462386,0.5415252243093949,0.89,0.668,0.552,True,999,0.00011766701936721802,0.0026565410662442446,near_5x5_bal_strong_1000,near_boundary,False,1662,1389927733,1.887379141862766e-15,0,7
1000,1000,0.01192909284371746,0.010394860053016541,0.00382858226157623,0.00031170522817092206,0.001534232790700918,0.003516877033405308,0.006649156900538825,0.23074095161998492,0.5289207467972837,0.8175160570568132,0.5968604291932327,0.942,0.817,0.576,True,999,0.00011900009121745825,0.0027854579966515303,near_5x5_bal_strong_1000,near_boundary,False,1663,1389927733,1.887379141862766e-15,0,4
1000,1000,0.014646522653103178,0.011320912840652841,0.006545686293748076,0.0026925591566850926,0.0033256098124503364,0.003853127137062984,0.0072276816274158065,0.46012123719392145,0.5331069263548394,0.6454292012238038,0.5939595647001191,0.877,0.621,0.575,True,999,0.00012049998622387648,0.0026285829953849316,near_5x5_bal_strong_1000,near_boundary,False,1664,1389927733,1.887379141862766e-15,0,5
1000,1000,0.014111706775877364,0.019770985124811125,0.0060105649829438335,0.011326837560375225,-0.005659278348933761,-0.005316272577431391,0.008683952945608357,-0.65169380630923,-0.612195000448492,0.514598718963226,0.540408748993753,0.806,0.514,0.536,True,999,0.00012087495997548103,0.00269708305131644,near_5x5_bal_strong_1000,near_boundary,False,1665,1389927733,1.887379141862766e-15,0,5
1000,1000,0.009531151236125357,0.006666199062922207,0.001431002735898801,-0.003523785476829744,0.00286495217320315,0.004954788212728545,0.005379744891844294,0.5325442434168997,0.921008024049619,0.5943491073623852,0.3570462377479813,0.896,0.579,0.349,True,999,0.00011670798994600773,0.00272379198577255,near_5x5_bal_strong_1000,near_boundary,False,1666,1389927733,1.887379141862766e-15,0,5
1000,1000,0.013547384442021082,0.0150870027050794,0.005445899462301895,0.008138406031605427,-0.0015396182630583177,-0.002692506569303532,0.0077705330164652715,-0.19813547665211168,-0.34650217219311463,0.8429390686641967,0.7289653520329941,0.956,0.851,0.736,True,999,0.00011916703078895807,0.002679208992049098,near_5x5_bal_strong_1000,near_boundary,False,1667,1389927733,1.887379141862766e-15,0,7
1000,1000,0.018469829752691513,0.014285189403774767,0.010364850489395394,0.009559867420421142,0.004184640348916746,0.0008049830689742521,0.007700560836714252,0.5434202050538293,0.10453564175953317,0.5868405172919131,0.9167442851752982,0.856,0.582,0.925,True,999,0.00011583301238715649,0.0027047910261899233,near_5x5_bal_strong_1000,near_boundary,False,1668,1389927733,1.887379141862766e-15,0,10
1000,1000,0.009056042097024708,0.02013692261377492,0.0009559192551478191,0.015004702873000042,-0.011080880516750213,-0.014048783617852223,0.007699175157764786,-1.4392295654651919,-1.8247128205264582,0.15008549128827908,0.06804437755612212,0.656,0.144,0.063,True,999,0.00011625001206994057,0.002712292014621198,near_5x5_bal_strong_1000,near_boundary,False,1669,1389927733,1.887379141862766e-15,0,8
1000,1000,0.009832633979275585,0.012369415452920696,0.001730654387301911,0.002206189299556627,-0.002536781473645111,-0.0004755349122547159,0.007010328121093586,-0.36186344345453864,-0.06783347427403072,0.7174540791403436,0.9459181965049355,0.903,0.691,0.945,True,999,0.00011479191016405821,0.002664166036993265,near_5x5_bal_strong_1000,near_boundary,False,1670,1389927733,1.887379141862766e-15,0,5
1000,1000,0.019888530357345946,0.011730072131521663,0.011785756817744186,0.006311365918691081,0.008158458225824283,0.005474390899053105,0.007763915603139989,1.050817479587842,0.7051069561909041,0.2933424261374459,0.48074367789586747,0.736,0.286,0.478,True,999,0.00011466699652373791,0.002722332952544093,near_5x5_bal_strong_1000,near_boundary,False,1671,1389927733,1.887379141862766e-15,0,9
1000,1000,0.011539771796892806,0.016569280304802425,0.003437587116195573,0.009371298645419301,-0.005029508507909619,-0.005933711529223729,0.007513199529290984,-0.6694229919359337,-0.7897715888005558,0.5032256890780704,0.42966117422900507,0.841,0.501,0.423,True,999,0.00011754198931157589,0.0027033749502152205,near_5x5_bal_strong_1000,near_boundary,False,1672,1389927733,1.887379141862766e-15,0,6
1000,1000,0.013632783695722184,0.02210602934787398,0.005531314018753619,0.015256599932740755,-0.008473245652151795,-0.009725285913987136,0.009004622713654407,-0.9409884146842884,-1.0800325814028757,0.3467107962291295,0.28012767170611463,0.718,0.347,0.291,True,999,0.00011195801198482513,0.002668250002898276,near_5x5_bal_strong_1000,near_boundary,False,1673,1389927733,1.887379141862766e-15,0,7
1000,1000,0.011141629179929113,0.02476115640428944,0.003040490184957889,0.016199034554631453,-0.013619527224360328,-0.013158544369673564,0.009588761913698798,-1.4203634783029762,-1.3722881523291204,0.15550188955342034,0.16997375239184043,0.54,0.137,0.149,True,999,0.00011437491048127413,0.002708958927541971,near_5x5_bal_strong_1000,near_boundary,False,1674,1389927733,1.887379141862766e-15,0,5
1000,1000,0.01060375062723562,0.01472105119988426,0.002503260017874709,0.0073648533002597105,-0.004117300572648641,-0.004861593282385002,0.007283309459272704,-0.5653062794697984,-0.6674978331719095,0.5718654582962543,0.5044541932875748,0.845,0.569,0.486,True,999,0.00011512497439980507,0.002715458977036178,near_5x5_bal_strong_1000,near_boundary,False,1675,1389927733,1.887379141862766e-15,0,7
1000,1000,0.020926010690354824,0.010632704328818354,0.012823274796801343,0.005444496778750363,0.01029330636153647,0.00737877801805098,0.007600643717018942,1.3542677100478036,0.9708096172866025,0.17565098388334144,0.33164309256101354,0.673,0.169,0.346,True,999,0.00011533405631780624,0.0026675419649109244,near_5x5_bal_strong_1000,near_boundary,False,1676,1389927733,1.887379141862766e-15,0,10
1000,1000,0.017672872511997006,0.01639372243979359,0.009570598844220513,0.009386084631557878,0.0012791500722034166,0.00018451421266263424,0.008472596959714671,0.15097497004584226,0.02177776348148727,0.8799954605627769,0.9826252321515285,0.957,0.863,0.982,True,999,0.00011533393990248442,0.002670624991878867,near_5x5_bal_strong_1000,near_boundary,False,1677,1389927733,1.887379141862766e-15,0,7
1000,1000,0.01598247963630417,0.019109567868049626,0.007880598333258604,0.009410685760201432,-0.0031270882317454562,-0.0015300874269428277,0.008792876685513571,-0.3556388135065504,-0.17401443027896382,0.7221110725511691,0.8618541215297673,0.884,0.692,0.849,True,999,0.00011450005695223808,0.0027290830621495843,near_5x5_bal_strong_1000,near_boundary,False,1678,1389927733,1.887379141862766e-15,0,3
1000,1000,0.00791951686643766,0.01671352322984765,-0.00018010560620496108,0.00874194234773995,-0.00879400636340999,-0.008922047953944912,0.00736156449455555,-1.1945838917683655,-1.211977149768023,0.2322496458816493,0.225521127642896,0.715,0.247,0.237,True,999,0.00012016703840345144,0.0026612080400809646,near_5x5_bal_strong_1000,near_boundary,False,1679,1389927733,1.887379141862766e-15,0,6
1000,1000,0.011915562538792779,0.011334204619152188,0.0038147788657170167,0.0015463122632581872,0.0005813579196405905,0.0022684666024588296,0.0070752443352214015,0.08216789302194444,0.3206202492776306,0.9345132047415259,0.7484981904216095,0.976,0.938,0.769,True,999,0.0001205839216709137,0.0027158749289810658,near_5x5_bal_strong_1000,near_boundary,False,1680,1389927733,1.887379141862766e-15,0,5
1000,1000,0.00982552352863153,0.011492644201870517,0.0017252766294859612,0.005074272354420373,-0.0016671206732389865,-0.0033489957249344116,0.006341284768006261,-0.2628995123590924,-0.528125742251969,0.7926280321771138,0.5974120649957009,0.949,0.797,0.605,True,999,0.00012262503150850534,0.0026817918987944722,near_5x5_bal_strong_1000,near_boundary,False,1681,1389927733,1.887379141862766e-15,0,8
1000,1000,0.00967641820737497,0.007935328834566935,0.001575617207436153,-0.001304202890992201,0.0017410893728080357,0.002879820098428354,0.0058623633088268,0.2969944510580784,0.49123876271746714,0.7664707455293046,0.6232575858969702,0.929,0.766,0.616,True,999,0.00011937494855374098,0.0026509169256314635,near_5x5_bal_strong_1000,near_boundary,False,1682,1389927733,1.887379141862766e-15,0,6
1000,1000,0.008296087621653792,0.01601397690034878,0.00019585886047934764,0.011287541108629284,-0.007717889278694989,-0.011091682248149937,0.006764199128406856,-1.14099084491511,-1.6397628215244922,0.2538737328188875,0.10105449120822275,0.717,0.247,0.099,True,999,0.00012379197869449854,0.0027368750888854265,near_5x5_bal_strong_1000,near_boundary,False,1683,1389927733,1.887379141862766e-15,0,10
1000,1000,0.019590900799719924,0.010021846241838328,0.011488561193573332,0.004220423045978805,0.009569054557881596,0.007268138147594527,0.007018899807559265,1.36332684897081,1.0355096021981731,0.1727795239388661,0.30043098445641414,0.674,0.158,0.287,True,999,0.00012012501247227192,0.0026739590102806687,near_5x5_bal_strong_1000,near_boundary,False,1684,1389927733,1.887379141862766e-15,0,9
1000,1000,0.010473404877823667,0.010904028953911349,0.002372904295725675,0.0025310752283189686,-0.00043062407608768227,-0.0001581709325932934,0.006653099943994497,-0.06472532799937726,-0.023774020219862826,0.9483926962747999,0.9810328630522483,0.983,0.94,0.977,True,999,0.00011974992230534554,0.002660541911609471,near_5x5_bal_strong_1000,near_boundary,False,1685,1389927733,1.887379141862766e-15,0,6
1000,1000,0.007283811079677571,0.011165594295165948,-0.0008157766487784102,0.0007905346763550369,-0.003881783215488377,-0.001606311325133447,0.00614982507084265,-0.6312022164488159,-0.2611962627602593,0.5279083129260553,0.7939411599998304,0.852,0.523,0.786,True,999,0.0001234580995514989,0.002734333975240588,near_5x5_bal_strong_1000,near_boundary,False,1686,1389927733,1.887379141862766e-15,0,4
1000,1000,0.013581229822645868,0.014332127127061056,0.005477628671769708,0.007391084556957139,-0.0007508973044151879,-0.0019134558851874317,0.007454692348294313,-0.10072814132792463,-0.25667804864210714,0.9197662714324429,0.7974273185835251,0.98,0.933,0.81,True,999,0.00011908402666449547,0.0026877500349655747,near_5x5_bal_strong_1000,near_boundary,False,1687,1389927733,1.887379141862766e-15,0,7
1000,1000,0.01612393592503647,0.022144629286988238,0.008021987943720887,0.015281647969175083,-0.006020693361951768,-0.007259660025454195,0.009211507775417124,-0.6536056320789604,-0.7881076803548003,0.5133659147559388,0.43063372310233616,0.795,0.497,0.404,True,999,0.00012466590851545334,0.0026701670140028,near_5x5_bal_strong_1000,near_boundary,False,1688,1389927733,1.887379141862766e-15,0,7
1000,1000,0.015741307059090603,0.013408342507815696,0.007639875291943099,0.004392594995977106,0.0023329645512749075,0.003247280295965993,0.007639642102745172,0.3053761576653699,0.4250565998110225,0.7600796785038817,0.6707954148947286,0.919,0.764,0.681,True,999,0.00011737504974007607,0.002729125088080764,near_5x5_bal_strong_1000,near_boundary,False,1689,1389927733,1.887379141862766e-15,0,5
1000,1000,0.010578895044741188,0.018943722839437793,0.00247868948258656,0.012016066299963768,-0.008364827794696605,-0.009537376817377208,0.00780444428530236,-1.0718031276678575,-1.222044320995202,0.28380846800689097,0.22169086693682571,0.704,0.293,0.235,True,999,0.00011720799375325441,0.0026967499870806932,near_5x5_bal_strong_1000,near_boundary,False,1690,1389927733,1.887379141862766e-15,0,7
1000,1000,0.009045935749280254,0.012512021206550372,0.0009465264975005994,0.0019555454894089053,-0.0034660854572701183,-0.001009018991908306,0.006822059458166889,-0.5080702504169419,-0.14790533534567474,0.6114040776633995,0.8824174775243652,0.853,0.62,0.866,True,999,0.00012025004252791405,0.0026852090377360582,near_5x5_bal_strong_1000,near_boundary,False,1691,1389927733,1.887379141862766e-15,0,3
1000,1000,0.012028097847827324,0.01658752193948887,0.003927480466018096,0.008419979967754898,-0.004559424091661546,-0.004492499501736802,0.007567358784540691,-0.6025119492121828,-0.5936680986917787,0.5468334116338421,0.552734123959985,0.825,0.534,0.542,True,999,0.00012004200834780931,0.002741459058597684,near_5x5_bal_strong_1000,near_boundary,False,1692,1389927733,1.887379141862766e-15,0,5
1000,1000,0.007877283653991762,0.007598894157140268,-0.0002226861877261399,-0.001590985084192198,0.0002783894968514944,0.001368298896466058,0.005126437798896706,0.054304666860760194,0.26691026988770616,0.9566924314248035,0.789538249192834,0.988,0.955,0.782,True,999,0.00011870893649756908,0.0026847090339288116,near_5x5_bal_strong_1000,near_boundary,False,1693,1389927733,1.887379141862766e-15,0,6
1000,1000,0.010917349012171229,0.007586477641901734,0.0028164675138668827,-0.001262251672471848,0.0033308713702694948,0.004078719186338731,0.005401537086575261,0.61665250407109,0.7551034309244672,0.5374639553583219,0.45018692473726196,0.874,0.561,0.454,True,999,0.00012116692960262299,0.002703750040382147,near_5x5_bal_strong_1000,near_boundary,False,1694,1389927733,1.887379141862766e-15,0,6
1000,1000,0.006859932771761779,0.022564306913740784,-0.0012401490232605283,0.01367176032175621,-0.015704374141979005,-0.014911909345016738,0.00860917030754213,-1.824144903745378,-1.7320959874557302,0.0681301684816614,0.08325647350768284,0.508,0.058,0.075,True,999,0.00012229196727275848,0.0027117920108139515,near_5x5_bal_strong_1000,near_boundary,False,1695,1389927733,1.887379141862766e-15,0,5
1000,1000,0.022326874433226784,0.012904754253822315,0.014221914601648677,0.006306509190608267,0.00942212017940447,0.00791540541104041,0.0077440771553258375,1.2166872811855434,1.0221237795386304,0.22372322006725331,0.3067223196994845,0.686,0.25,0.323,True,999,0.0001223749713972211,0.0027229159604758024,near_5x5_bal_strong_1000,near_boundary,False,1696,1389927733,1.887379141862766e-15,0,7
1000,1000,0.014575187492561259,0.010036816323612918,0.006473564508041818,0.0026190515422399585,0.004538371168948341,0.0038545129658018595,0.006752932229892078,0.6720593387357111,0.570791003756817,0.5015459208851598,0.5681413218646792,0.85,0.501,0.565,True,999,0.00012066599447280169,0.002705833059735596,near_5x5_bal_strong_1000,near_boundary,False,1697,1389927733,1.887379141862766e-15,0,7
1000,1000,0.01384134074526333,0.017704381035707262,0.005739375937309887,0.012169507650639844,-0.003863040290443931,-0.006430131713329956,0.007850094837247914,-0.49210109820765374,-0.8191151631467719,0.6226478759433021,0.4127207114945828,0.866,0.614,0.411,True,999,0.00011870800517499447,0.0027420830447226763,near_5x5_bal_strong_1000,near_boundary,False,1698,1389927733,1.887379141862766e-15,0,8
1000,1000,0.014956196667538668,0.01438509151462275,0.0068547507373750705,0.0068272757422391805,0.0005711051529159183,2.7474995135889912e-05,0.007864319187900858,0.07261978300608087,0.0034936266546962895,0.9421086837215844,0.997212494901458,0.976,0.937,0.995,True,999,0.00011908309534192085,0.0027023330330848694,near_5x5_bal_strong_1000,near_boundary,False,1699,1389927733,1.887379141862766e-15,0,6
1000,1000,0.013451943359666041,0.017732294532674775,0.005351036854108315,0.009605497408756491,-0.004280351173008734,-0.004254460554648176,0.008239916546981205,-0.5194653548496063,-0.5163232576920758,0.6034362665445638,0.6056286549631288,0.83,0.591,0.591,True,999,0.00012591597624123096,0.002615500008687377,near_5x5_bal_strong_1000,near_boundary,False,1700,1389927733,1.887379141862766e-15,0,5
1000,1000,0.01763946447277087,0.00916515955890329,0.009536427263810765,-0.0010958974161781043,0.00847430491386758,0.01063232467998887,0.007216115231133143,1.174358313640297,1.4734139269446338,0.24025153510224007,0.1406394572349268,0.706,0.24,0.145,True,999,0.00011920800898224115,0.002750582993030548,near_5x5_bal_strong_1000,near_boundary,False,1701,1389927733,1.887379141862766e-15,0,3
1000,1000,0.017095209985789284,0.011856448777879613,0.008993857944915362,0.0018661406180058293,0.00523876120790967,0.007127717326909533,0.007815440389183453,0.6703091504811554,0.9120045668538748,0.5026607351231094,0.36176631349948485,0.826,0.484,0.359,True,999,0.00012374995276331902,0.0027052920777350664,near_5x5_bal_strong_1000,near_boundary,False,1702,1389927733,1.887379141862766e-15,0,4
1000,1000,0.009041824006216448,0.014085945258315136,0.0009422070929758775,0.0043628776912783,-0.005044121252098688,-0.003420670598302422,0.007098607154629249,-0.7105790110964572,-0.4818791241422176,0.4773451533026608,0.6298918167251467,0.824,0.498,0.644,True,999,0.00012099999003112316,0.0026887080166488886,near_5x5_bal_strong_1000,near_boundary,False,1703,1389927733,1.887379141862766e-15,0,5
1000,1000,0.02101061535646309,0.021159484891823677,0.012907276255873512,0.013000957023166393,-0.00014886953536058511,-9.368076729288077e-05,0.00964147807707013,-0.015440530401104626,-0.009716432122132529,0.9876807286904988,0.9922475308077328,0.994,0.983,0.991,True,999,0.00012804102152585983,0.0026802080683410168,near_5x5_bal_strong_1000,near_boundary,False,1704,1389927733,1.887379141862766e-15,0,5
1000,1000,0.010735798276433117,0.014975971017962664,0.0026354242270372197,0.00764663107281649,-0.0042401727415295465,-0.00501120684577927,0.00744719207742566,-0.5693652986852041,-0.672898831355447,0.5691082612384997,0.5010116557323452,0.829,0.54,0.477,True,999,0.00012900005094707012,0.0027057079132646322,near_5x5_bal_strong_1000,near_boundary,False,1705,1389927733,1.887379141862766e-15,0,7
1000,1000,0.017504441783233737,0.017387142694020363,0.009401816239005711,0.010282336075817966,0.00011729908921337406,-0.0008805198368122547,0.008604775188535868,0.013631859827047139,-0.10232920878460255,0.9891236863632278,0.9184953717348805,0.991,0.986,0.921,True,999,0.00011758296750485897,0.0027059579733759165,near_5x5_bal_strong_1000,near_boundary,False,1706,1389927733,1.887379141862766e-15,0,6
1000,1000,0.014075773783797763,0.021730158912347974,0.00597451275370986,0.01588184252392466,-0.007654385128550212,-0.009907329770214801,0.00884081796258511,-0.8658005583809151,-1.1206349697667384,0.38659954293683885,0.26244327336339646,0.75,0.382,0.237,True,999,0.00012120895553380251,0.0027232500724494457,near_5x5_bal_strong_1000,near_boundary,False,1707,1389927733,1.887379141862766e-15,0,8
1000,1000,0.010318062619033563,0.015589314913876828,0.0022172942658471584,0.007002371153362219,-0.005271252294843265,-0.004785076887515061,0.007662417374775959,-0.6879359394067712,-0.6244865886929021,0.49149312316550875,0.5323080752546896,0.822,0.497,0.545,True,999,0.0001260829158127308,0.002688167034648359,near_5x5_bal_strong_1000,near_boundary,False,1708,1389927733,1.887379141862766e-15,0,5
1000,1000,0.013229220670016195,0.011731772422230835,0.005127574806920165,0.002647641542978363,0.0014974482477853601,0.0024799332639418026,0.007016949641290615,0.21340444556902038,0.3534204163799119,0.8310115133070944,0.723773282089034,0.95,0.83,0.734,True,999,0.00012116599828004837,0.002656625001691282,near_5x5_bal_strong_1000,near_boundary,False,1709,1389927733,1.887379141862766e-15,0,5
1000,1000,0.013445815087670843,0.018289003254793712,0.005343775171695597,0.01132667346666949,-0.004843188167122869,-0.005982898294973893,0.008360420106368009,-0.5792996171847733,-0.715621729393336,0.5623870237794582,0.4742249525645508,0.811,0.545,0.462,True,999,0.00011704093776643276,0.0027399579994380474,near_5x5_bal_strong_1000,near_boundary,False,1710,1389927733,1.887379141862766e-15,0,7
1000,1000,0.02019344563262493,0.011310177339763361,0.012090882037909978,0.00013911568925095708,0.008883268292861568,0.011951766348659021,0.008178170470102109,1.0862170610575028,1.4614229909186274,0.2773829708090161,0.14389939506000662,0.676,0.235,0.114,True,999,0.00012112502008676529,0.002659916994161904,near_5x5_bal_strong_1000,near_boundary,False,1711,1389927733,1.887379141862766e-15,0,2
1000,1000,0.012478535868556406,0.017698293348063943,0.0043769499620793795,0.010747087917991394,-0.005219757479507536,-0.006370137955912014,0.008064773520716943,-0.64722927012134,-0.7898718965322812,0.5174835702569306,0.4296025855063095,0.813,0.519,0.418,True,999,0.00011783302761614323,0.002652833005413413,near_5x5_bal_strong_1000,near_boundary,False,1712,1389927733,1.887379141862766e-15,0,7
1000,1000,0.013914509775900585,0.015003931300015705,0.0058137617727425095,0.005658707239774685,-0.0010894215241151195,0.00015505453296782434,0.007946729995452017,-0.13709054224046935,0.019511740433683214,0.8909592280859296,0.9844328713149475,0.962,0.889,0.985,True,999,0.00011733290739357471,0.0027612079866230488,near_5x5_bal_strong_1000,near_boundary,False,1713,1389927733,1.887379141862766e-15,0,5
1000,1000,0.01128639662194475,0.010003019902577126,0.003185697276421706,0.0005805568435448549,0.0012833767193676238,0.0026051404328768513,0.006326473763453869,0.20285814299607216,0.4117839621695678,0.8392459110523339,0.6804977774902208,0.959,0.843,0.7,True,999,0.0001240420388057828,0.002678625052794814,near_5x5_bal_strong_1000,near_boundary,False,1714,1389927733,1.887379141862766e-15,0,5
1000,1000,0.013426120975708056,0.016837430165045353,0.005324685495452286,0.007577014528010295,-0.003411309189337297,-0.002252329032558009,0.007987235499618101,-0.4270951056220146,-0.2819910634493876,0.6693100576927198,0.7779503626917741,0.867,0.673,0.773,True,999,0.0001194169744849205,0.002679125056602061,near_5x5_bal_strong_1000,near_boundary,False,1715,1389927733,1.887379141862766e-15,0,5
1000,1000,0.009678946197235527,0.01637215353925109,0.0015788739260642615,0.008105159011620344,-0.006693207342015561,-0.006526285085556083,0.007497064651928737,-0.8927770604584061,-0.870512045521322,0.3719765732756447,0.3840206393649027,0.774,0.351,0.36,True,999,0.0001537500647827983,0.002706665894947946,near_5x5_bal_strong_1000,near_boundary,False,1716,1389927733,1.887379141862766e-15,0,5
1000,1000,0.015704468102951896,0.015859722261754805,0.007602947004897942,0.006861152405065241,-0.00015525415880290883,0.0007417945998327014,0.008337475501478923,-0.01862124317791032,0.088971127975263,0.9851432561680655,0.9291048556375773,0.995,0.987,0.934,True,999,0.00011974992230534554,0.0027032499201595783,near_5x5_bal_strong_1000,near_boundary,False,1717,1389927733,1.887379141862766e-15,0,5
1000,1000,0.00802276457614548,0.021217838526688404,-7.731134633104375e-05,0.01435520436399429,-0.013195073950542924,-0.014432515710325333,0.008307210869437254,-1.5883879870063757,-1.7373479423067804,0.11219863223602433,0.08232577401349295,0.561,0.123,0.096,True,999,0.00011929194442927837,0.0026315420400351286,near_5x5_bal_strong_1000,near_boundary,False,1718,1389927733,1.887379141862766e-15,0,7
1000,1000,0.015551250859029198,0.011788633850948582,0.007450167827528276,0.004366988242225034,0.0037626170080806154,0.0030831795853032418,0.007523650402500073,0.5001052423741427,0.40979835855726576,0.6170009750201226,0.6819538704253367,0.867,0.608,0.656,True,999,0.00011958403047174215,0.002725000027567148,near_5x5_bal_strong_1000,near_boundary,False,1719,1389927733,1.887379141862766e-15,0,7
1000,1000,0.009704592915390498,0.012607541464986938,0.0016043509033352166,0.0038461569256469375,-0.0029029485495964402,-0.002241806022311721,0.006936811543338709,-0.41848456332709333,-0.32317528136748724,0.6755928705602059,0.7465624999395957,0.896,0.663,0.744,True,999,0.00011854199692606926,0.002684583072550595,near_5x5_bal_strong_1000,near_boundary,False,1720,1389927733,1.887379141862766e-15,0,6
1000,1000,0.01540218536508009,0.017728827097490296,0.0073005356518933695,0.010665133392819826,-0.0023266417324102062,-0.003364597740926456,0.00857833846577943,-0.27122288793938454,-0.39222021308070965,0.7862196104791195,0.694895510370847,0.928,0.795,0.692,True,999,0.00011666608043015003,0.0026697919238358736,near_5x5_bal_strong_1000,near_boundary,False,1721,1389927733,1.887379141862766e-15,0,5
1000,1000,0.011071071689352507,0.014892220205016349,0.002970145397739543,0.006239365189060209,-0.0038211485156638414,-0.0032692197913206655,0.007406839465566331,-0.515894604362358,-0.44137851326722377,0.6059280227669116,0.658938994888563,0.871,0.578,0.64,True,999,0.00011662510223686695,0.002712415996938944,near_5x5_bal_strong_1000,near_boundary,False,1722,1389927733,1.887379141862766e-15,0,5
1000,1000,0.015612031152443251,0.014389531066803185,0.007510264604661643,0.004444675974980328,0.0012225000856400658,0.003065588629681315,0.007863651779016783,0.1554621338780745,0.38984287654515337,0.8764570037456179,0.6966527362696147,0.949,0.87,0.696,True,999,0.00012008403427898884,0.002661624923348427,near_5x5_bal_strong_1000,near_boundary,False,1723,1389927733,1.887379141862766e-15,0,4
1000,1000,0.01882450722933271,0.012023622836374703,0.010721891820139717,0.00408322708472042,0.0068008843929580065,0.006638664735419297,0.0077772632735246434,0.874457267778188,0.8535990748852025,0.38186928184811186,0.3933271713001919,0.777,0.386,0.394,True,999,0.00011679204180836678,0.002712832996621728,near_5x5_bal_strong_1000,near_boundary,False,1724,1389927733,1.887379141862766e-15,0,6
1000,1000,0.011405267826951837,0.008069423669361808,0.003304472722902574,-0.0027367157564981426,0.003335844157590029,0.0060411884794007165,0.006090075678915498,0.5477508545811808,0.9919726449896125,0.583862988028353,0.32121086972408375,0.878,0.578,0.304,True,999,0.00011866702698171139,0.002714958041906357,near_5x5_bal_strong_1000,near_boundary,False,1725,1389927733,1.887379141862766e-15,0,4
1000,1000,0.009815969254303836,0.00931370728086156,0.0017153348339888908,0.0018486600394567176,0.0005022619734422751,-0.0001333252054678269,0.00589465654901597,0.08520631681690101,-0.022617976867555355,0.9320973687533671,0.9819550040289833,0.985,0.947,0.984,True,999,0.00011475000064820051,0.0026581670390442014,near_5x5_bal_strong_1000,near_boundary,False,1726,1389927733,1.887379141862766e-15,0,7
1000,1000,0.015724401549923828,0.015612165735338357,0.007623462208584897,0.005650670351656117,0.00011223581458547072,0.0019727918569287795,0.008362458658110236,0.013421389470980533,0.23591050641733094,0.9892916020480966,0.8135021153866646,0.995,0.987,0.795,True,999,0.00012250000145286322,0.0027125829365104437,near_5x5_bal_strong_1000,near_boundary,False,1727,1389927733,1.887379141862766e-15,0,4
1000,1000,0.011788627954013364,0.011834262281174623,0.003688512292683299,0.005415924044370968,-4.563432716125915e-05,-0.0017274117516876686,0.00666477827447766,-0.006847088572475527,-0.2591851792433487,0.9945368564293545,0.7954923657386901,1.0,0.995,0.81,True,999,0.0001194999786093831,0.0027242499636486173,near_5x5_bal_strong_1000,near_boundary,False,1728,1389927733,1.887379141862766e-15,0,8
1000,1000,0.010641032456250032,0.011454176958217821,0.0025407767755041277,9.741173340671594e-05,-0.0008131445019677885,0.002443365042097412,0.006814585988579086,-0.1193241237737082,0.35854930089551623,0.9050185720283112,0.7199322800793204,0.977,0.914,0.73,True,999,0.00011108303442597389,0.002676083007827401,near_5x5_bal_strong_1000,near_boundary,False,1729,1389927733,1.887379141862766e-15,0,3
1000,1000,0.008606307310936367,0.010864141681799444,0.0005062961013209133,0.0001027506293667102,-0.0022578343708630766,0.0004035454719542031,0.0063302159260879825,-0.356675727530577,0.06374908481259195,0.7213345785601637,0.9491700201727844,0.927,0.739,0.948,True,999,0.0001236669486388564,0.002641625003889203,near_5x5_bal_strong_1000,near_boundary,False,1730,1389927733,1.887379141862766e-15,0,4
1000,1000,0.016468734017211162,0.01284360269042556,0.008366434959725666,0.0064427937773530175,0.0036251313267856022,0.0019236411823726485,0.007577196410084827,0.47842646944729506,0.25387241906681857,0.6323466978120558,0.799594123252429,0.87,0.639,0.813,True,999,0.0001204590080305934,0.002728792023845017,near_5x5_bal_strong_1000,near_boundary,False,1731,1389927733,1.887379141862766e-15,0,8
1000,1000,0.009969299982628632,0.008205292073229342,0.0018692072103476676,1.503266474855991e-05,0.00176400790939929,0.0018541745455991077,0.005768798814334792,0.3057842656977283,0.32141431956193384,0.7597689091739052,0.7478964329145618,0.929,0.739,0.726,True,999,0.00011608295608311892,0.0026778329629451036,near_5x5_bal_strong_1000,near_boundary,False,1732,1389927733,1.887379141862766e-15,0,7
1000,1000,0.0235467891422958,0.022678680801474393,0.015443055484865909,0.015114148424800078,0.0008681083408214052,0.0003289070600658306,0.010037176074918707,0.08648930080948453,0.032768884157339494,0.9310774609186024,0.9738588917258292,0.974,0.933,0.977,True,999,0.00012033304665237665,0.0027208749670535326,near_5x5_bal_strong_1000,near_boundary,False,1733,1389927733,1.887379141862766e-15,0,6
1000,1000,0.0110262625542068,0.010264877114108284,0.002926224780139819,-0.0004956050939881607,0.0007613854400985165,0.0034218298741279796,0.006506703054937381,0.11701555052843024,0.5258930437176544,0.9068477305998923,0.598962522429774,0.968,0.911,0.579,True,999,0.0001319999573752284,0.0026966670993715525,near_5x5_bal_strong_1000,near_boundary,False,1734,1389927733,1.887379141862766e-15,0,4
1000,1000,0.007883246131938249,0.012382140926859908,-0.00021746548145529232,0.00299293688567559,-0.0044988947949216596,-0.0032104023671308823,0.006452927429078182,-0.6971866403841364,-0.4975109982895774,0.4856859985145392,0.6188287490393841,0.828,0.497,0.626,True,999,0.00012104201596230268,0.0026805829256772995,near_5x5_bal_strong_1000,near_boundary,False,1735,1389927733,1.887379141862766e-15,0,5
1000,1000,0.011550796450647605,0.016300016129806305,0.0034489316115013935,0.008397717724960785,-0.0047492196791587005,-0.004948786113459391,0.007509351022824612,-0.6324407614883744,-0.6590164847025523,0.5270989058081319,0.5098851830497371,0.81,0.506,0.492,True,999,0.00012325006537139416,0.002782332943752408,near_5x5_bal_strong_1000,near_boundary,False,1736,1389927733,1.887379141862766e-15,0,6
1000,1000,0.008936391827949919,0.014548863776117915,0.0008354077963304007,0.007559958073841244,-0.005612471948167996,-0.0067245502775108434,0.006970908048099884,-0.8051278125376841,-0.9646591564701256,0.42074592769655195,0.3347155589835983,0.801,0.428,0.337,True,999,0.00012295797932893038,0.00267370801884681,near_5x5_bal_strong_1000,near_boundary,False,1737,1389927733,1.887379141862766e-15,0,7
1000,1000,0.019175291711070352,0.008396210930091907,0.011072678317987084,-0.0016369289941167153,0.010779080780978445,0.012709607312103799,0.0072646440506536685,1.4837727362579518,1.749515492222939,0.13786922230187815,0.08020195324175823,0.641,0.135,0.081,True,999,0.00012045807670801878,0.0026672910898923874,near_5x5_bal_strong_1000,near_boundary,False,1738,1389927733,1.887379141862766e-15,0,4
1000,1000,0.016998573005923,0.005961537482611856,0.008896480899693415,-0.006844503349668685,0.011037035523311145,0.0157409842493621,0.006687923756375535,1.6502932637037977,2.353642897671548,0.09888296939672298,0.018590460904057752,0.629,0.079,0.016,True,999,0.0001202079001814127,0.0026973329950124025,near_5x5_bal_strong_1000,near_boundary,False,1739,1389927733,1.887379141862766e-15,0,2
1000,1000,0.018896495197165963,0.012814235639663218,0.010794439619985496,0.0027758691215353792,0.006082259557502745,0.008018570498450117,0.008079892777533957,0.7527648850012457,0.992410508310909,0.4515912114942643,0.32099731494106554,0.787,0.45,0.302,True,999,0.00013883295468986034,0.0026800419436767697,near_5x5_bal_strong_1000,near_boundary,False,1740,1389927733,1.887379141862766e-15,0,4
1000,1000,0.009567837251148958,0.015857737294375285,0.001466704132326413,0.0059174300042172945,-0.006289900043226326,-0.0044507258718908815,0.007718120824076431,-0.8149522644948993,-0.5766592637429288,0.4150996347829655,0.5641696561376575,0.769,0.411,0.557,True,999,0.00011741695925593376,0.002666875021532178,near_5x5_bal_strong_1000,near_boundary,False,1741,1389927733,1.887379141862766e-15,0,4
1000,1000,0.010337809849819024,0.009563932894569638,0.0022373560063897457,0.00021055486689647296,0.0007738769552493863,0.002026801139493273,0.00611420566475135,0.12657031799090748,0.3314905076186537,0.8992804907720151,0.7402740098946069,0.98,0.908,0.739,True,999,0.0001206669257953763,0.002736208029091358,near_5x5_bal_strong_1000,near_boundary,False,1742,1389927733,1.887379141862766e-15,0,5
1000,1000,0.012689981718646104,0.016365992507126892,0.004589168803704524,0.006190784725163212,-0.003676010788480788,-0.0016016159214586878,0.008149594725280346,-0.45106669870069316,-0.19652706366985534,0.6519414780081627,0.8441976519300907,0.87,0.635,0.847,True,999,0.00011645792983472347,0.0026994580402970314,near_5x5_bal_strong_1000,near_boundary,False,1743,1389927733,1.887379141862766e-15,0,3
1000,1000,0.013868839421655954,0.02093879551673039,0.005767603591266379,0.01096756122132092,-0.007069956095074437,-0.005199957630054541,0.009201731241869241,-0.7683289056417002,-0.5651064450126475,0.4422918058989903,0.5720013650260076,0.781,0.446,0.573,True,999,0.00012220803182572126,0.00262608309276402,near_5x5_bal_strong_1000,near_boundary,False,1744,1389927733,1.887379141862766e-15,0,4
1000,1000,0.010396464973777775,0.014689013760655845,0.0022953987929668074,0.006741815364705417,-0.00429254878687807,-0.0044464165717386095,0.0068016577807466245,-0.6311033170514605,-0.6537254174011857,0.5279729724160491,0.5132887247110047,0.841,0.511,0.49,True,999,0.00012000009883195162,0.0027219579787924886,near_5x5_bal_strong_1000,near_boundary,False,1745,1389927733,1.887379141862766e-15,0,6
1000,1000,0.013713029878712035,0.009510641258491492,0.005611853333221006,-0.0005728879699518075,0.004202388620220543,0.006184741303172814,0.00682562336316484,0.615678363224545,0.9061064424605363,0.5381068202636037,0.36487951569508825,0.838,0.536,0.361,True,999,0.0001180840190500021,0.0027093749959021807,near_5x5_bal_strong_1000,near_boundary,False,1746,1389927733,1.887379141862766e-15,0,4
1000,1000,0.013602007978290143,0.01642189318814069,0.005499173910720856,0.007481263632541868,-0.002819885209850548,-0.001982089721821012,0.008110035348253969,-0.34770319594940463,-0.244399640286123,0.7280630962435661,0.8069213203419993,0.904,0.713,0.788,True,999,0.0001181670231744647,0.0026637499686330557,near_5x5_bal_strong_1000,near_boundary,False,1747,1389927733,1.887379141862766e-15,0,5
1000,1000,0.014593304036400356,0.009249595102335695,0.006491777950031974,0.0027851417519855204,0.0053437089340646615,0.0037066361980464535,0.006472138648984239,0.8256480931389383,0.5727065501954576,0.4090037451368458,0.5668434016598207,0.807,0.416,0.58,True,999,0.00011874991469085217,0.0027390419272705913,near_5x5_bal_strong_1000,near_boundary,False,1748,1389927733,1.887379141862766e-15,0,8
1000,1000,0.006949621743246759,0.01647426436211702,-0.0011503686216656206,0.008937200494756325,-0.00952464261887026,-0.010087569116421946,0.007015511410892626,-1.3576547825268783,-1.4378950479304322,0.17457325108876065,0.15046383500271948,0.651,0.179,0.153,True,999,0.00011804199311882257,0.002674125018529594,near_5x5_bal_strong_1000,near_boundary,False,1749,1389927733,1.887379141862766e-15,0,6
1000,1000,0.014158722069176566,0.009967528066914255,0.006057453661924228,0.0003674282257861705,0.004191194002262311,0.0056900254361380576,0.006945881581935352,0.603407062562461,0.8191941323814836,0.5462379250246678,0.41267566208755746,0.852,0.55,0.419,True,999,0.00011795805767178535,0.0026819579070433974,near_5x5_bal_strong_1000,near_boundary,False,1750,1389927733,1.887379141862766e-15,0,4
1000,1000,0.01541914701885716,0.02080416436089333,0.007318144168948493,0.014103793104652596,-0.005385017342036169,-0.006785648935704103,0.008769303215589266,-0.614075851826309,-0.7737956789589846,0.5391652047485062,0.43905162821711263,0.785,0.512,0.42,True,999,0.00011708308011293411,0.002714207977987826,near_5x5_bal_strong_1000,near_boundary,False,1751,1389927733,1.887379141862766e-15,0,6
1000,1000,0.022124381754650146,0.009867272817538353,0.014022339663142702,0.0026770321329081526,0.012257108937111794,0.01134530753023455,0.00797009700615265,1.5378870454963989,1.4234842463619137,0.12407623529329175,0.15459582572882247,0.592,0.124,0.154,True,999,0.00011620798613876104,0.0027254580054432154,near_5x5_bal_strong_1000,near_boundary,False,1752,1389927733,1.887379141862766e-15,0,8
1000,1000,0.010947874051253637,0.00987533930736989,0.0028469037893046334,0.001068593590389355,0.0010725347438837463,0.0017783101989152783,0.006423825154898289,0.16696200753003343,0.27683041739691233,0.8673999428503149,0.7819103238591619,0.956,0.852,0.764,True,999,0.00011862500105053186,0.002614959026686847,near_5x5_bal_strong_1000,near_boundary,False,1753,1389927733,1.887379141862766e-15,0,6
1000,1000,0.01807646317376288,0.008195842574966083,0.009974086301326679,0.0017337280081051176,0.009880620598796797,0.008240358293221561,0.006681426717481754,1.478818973340596,1.233323157112673,0.13918870351216758,0.21745522153389918,0.642,0.134,0.207,True,999,0.0001192090567201376,0.0027219170005992055,near_5x5_bal_strong_1000,near_boundary,False,1754,1389927733,1.887379141862766e-15,0,8
1000,1000,0.014096214550866515,0.014030045605547548,0.005994168605411687,0.008043402988846537,6.616894531896733e-05,-0.0020492343834348503,0.007433353754746814,0.008901627381410843,-0.27568099824742553,0.9928976227439859,0.7827930914790296,0.998,0.995,0.785,True,999,0.0001455419696867466,0.0026564160361886024,near_5x5_bal_strong_1000,near_boundary,False,1755,1389927733,1.887379141862766e-15,0,8
1000,1000,0.015433462886026206,0.011049710726217798,0.007331458345106512,0.0008751548631380501,0.004383752159808407,0.006456303481968462,0.007626976521653382,0.574769326660795,0.8465088968923244,0.5654473140062357,0.39726891276513476,0.837,0.572,0.393,True,999,0.0001135410275310278,0.002671124995686114,near_5x5_bal_strong_1000,near_boundary,False,1756,1389927733,1.887379141862766e-15,0,5
1000,1000,0.015458796978138789,0.011176336895372119,0.007355684225785808,0.001367356321168245,0.00428246008276667,0.005988327904617563,0.007415266630926507,0.5775193659127528,0.807567441963897,0.5635886601955724,0.4193396356786957,0.864,0.569,0.424,True,999,0.00013720791321247816,0.0027329170843586326,near_5x5_bal_strong_1000,near_boundary,False,1757,1389927733,1.887379141862766e-15,0,5
1000,1000,0.013772073562797083,0.01345714513401558,0.005670952034506627,0.005055104891539486,0.0003149284287815024,0.0006158471429671408,0.007528842923225466,0.04182959214223884,0.08179837848221476,0.9666345445337307,0.9348070455385019,0.986,0.962,0.935,True,999,0.00012599991168826818,0.0026432080194354057,near_5x5_bal_strong_1000,near_boundary,False,1758,1389927733,1.887379141862766e-15,0,6
1000,1000,0.008876967710315986,0.02701205118283695,0.0007770395473016833,0.02036451666396033,-0.018135083472520963,-0.019587477116658647,0.009115181924564739,-1.9895470680237615,-2.14888493490973,0.04664085198326622,0.03164352231678449,0.407,0.042,0.02,True,999,0.00011799996718764305,0.002706542029045522,near_5x5_bal_strong_1000,near_boundary,False,1759,1389927733,1.887379141862766e-15,0,6
1000,1000,0.016602206119637586,0.00732706637549696,0.00850029556750087,-0.0029114133805592246,0.009275139744140626,0.011411708948060095,0.006604576629511632,1.404350386775127,1.7278486704308131,0.16021453695395393,0.08401535891698834,0.661,0.173,0.082,True,999,0.000124584068544209,0.00271912501193583,near_5x5_bal_strong_1000,near_boundary,False,1760,1389927733,1.887379141862766e-15,0,5
1000,1000,0.018588300256386248,0.013057660445455421,0.010484539343224242,0.004406953985949258,0.005530639810930826,0.006077585357274984,0.00802624845079329,0.6890691018148329,0.7572137088124021,0.49077978303153,0.4489218384694368,0.822,0.523,0.467,True,999,0.00011912500485777855,0.0026714589912444353,near_5x5_bal_strong_1000,near_boundary,False,1761,1389927733,1.887379141862766e-15,0,5
1000,1000,0.009751519397303898,0.017129588421837427,0.0016516696068720194,0.008770329161336576,-0.007378069024533529,-0.007118659554464557,0.007644620728286798,-0.9651321218897142,-0.9311985260594986,0.3344786397902676,0.35175088018906653,0.745,0.334,0.355,True,999,0.00011570798233151436,0.0026350829284638166,near_5x5_bal_strong_1000,near_boundary,False,1762,1389927733,1.887379141862766e-15,0,6
1000,1000,0.011643407079746648,0.011659912411332074,0.0035417363344549813,0.0022870181837220116,-1.6505331585425775e-05,0.0012547181507329697,0.00664636191467457,-0.0024833633493510916,0.18878270049704404,0.9980185647613053,0.8502631310424242,0.998,0.998,0.853,True,999,0.00012112502008676529,0.0027715000323951244,near_5x5_bal_strong_1000,near_boundary,False,1763,1389927733,1.887379141862766e-15,0,5
1000,1000,0.007540447108546733,0.00981051255877663,-0.000560147057967697,0.0003911444489403948,-0.0022700654502298967,-0.0009512915069080918,0.005785804968278003,-0.3923508418752531,-0.16441817726725402,0.6947990025209949,0.8694019549094447,0.935,0.693,0.884,True,999,0.00012045796029269695,0.0026110420003533363,near_5x5_bal_strong_1000,near_boundary,False,1764,1389927733,1.887379141862766e-15,0,5
1000,1000,0.015061712283107376,0.009807848729412871,0.006960422331985683,8.954795021054451e-07,0.005253863553694504,0.006959526852483577,0.007006696859379416,0.749834573856509,0.9932678681777569,0.4533543429423139,0.32057943190925486,0.831,0.458,0.317,True,999,0.00011500006075948477,0.002674874966032803,near_5x5_bal_strong_1000,near_boundary,False,1765,1389927733,1.887379141862766e-15,0,5
1000,1000,0.012924903841789348,0.01878402896680742,0.0048240834416901635,0.0072712952261895225,-0.005859125125018072,-0.002447211784499359,0.00882436725837586,-0.66397113282618,-0.27732433531441353,0.5067087871365694,0.7815310752138497,0.809,0.54,0.79,True,999,0.00011662498582154512,0.002752708038315177,near_5x5_bal_strong_1000,near_boundary,False,1766,1389927733,1.887379141862766e-15,0,2
1000,1000,0.01771764234856965,0.011504138521913787,0.009615186761493533,0.003719257047350766,0.006213503826655864,0.005895929714142767,0.007569446717897225,0.8208663140417694,0.7789115815033629,0.41172242060651987,0.4360318011449186,0.773,0.414,0.441,True,999,0.00011916598305106163,0.0026409169659018517,near_5x5_bal_strong_1000,near_boundary,False,1767,1389927733,1.887379141862766e-15,0,7
1000,1000,0.01185334600850374,0.011362896013998591,0.0037516871273055585,0.001588035199404203,0.0004904499945051488,0.0021636519279013555,0.006879534075727105,0.07129116435887596,0.3145055906526165,0.9431660271581701,0.7531370710082906,0.988,0.947,0.759,True,999,0.00011699995957314968,0.0026830420829355717,near_5x5_bal_strong_1000,near_boundary,False,1768,1389927733,1.887379141862766e-15,0,5
1000,1000,0.022245131291899867,0.008103518470962134,0.014140553189008642,0.0002522748726505597,0.014141612820937732,0.013888278316358083,0.0073980585328907635,1.9115302694708405,1.8772868928533997,0.055936470708888936,0.060478783675411506,0.551,0.046,0.05,True,999,0.0001294589601457119,0.0027425840962678194,near_5x5_bal_strong_1000,near_boundary,False,1769,1389927733,1.887379141862766e-15,0,7
1000,1000,0.007582536268223583,0.014053633869044346,-0.000517453854172345,0.004421769709836099,-0.006471097600820763,-0.004939223564008444,0.00685456038424128,-0.9440572754596921,-0.7205748125530822,0.345140380536639,0.47117115526610287,0.769,0.302,0.432,True,999,0.00012258405331522226,0.002664291998371482,near_5x5_bal_strong_1000,near_boundary,False,1770,1389927733,1.887379141862766e-15,0,4
1000,1000,0.01561275592925826,0.008345222347838965,0.007511306363994663,-0.003509906090982895,0.007267533581419294,0.011021212454977558,0.006868576247896495,1.058084429599945,1.6045847140959977,0.2900169523429734,0.1085852276283447,0.739,0.295,0.114,True,999,0.00011799996718764305,0.0026917080394923687,near_5x5_bal_strong_1000,near_boundary,False,1771,1389927733,1.887379141862766e-15,0,3
1000,1000,0.00921206805682373,0.015187612051821286,0.0011108659302863089,0.006456600769695342,-0.005975543994997556,-0.005345734839409033,0.007414978332541341,-0.8058747749502262,-0.7209373513539163,0.42031505730119056,0.4709480607579096,0.801,0.433,0.484,True,999,0.00011933303903788328,0.002725208061747253,near_5x5_bal_strong_1000,near_boundary,False,1772,1389927733,1.887379141862766e-15,0,6
1000,1000,0.012923691685904126,0.016846286547559153,0.004822357946295597,0.007739759945195601,-0.003922594861655027,-0.0029174019989000044,0.008181684579295488,-0.47943608967540946,-0.35657717804017536,0.6316284242107977,0.7214083650976596,0.861,0.634,0.728,True,999,0.00011395895853638649,0.002650959067977965,near_5x5_bal_strong_1000,near_boundary,False,1773,1389927733,1.887379141862766e-15,0,4
1000,1000,0.0069578501317251185,0.03914501068157117,-0.0011411156997382932,0.03328667898591675,-0.03218716054984605,-0.034427794685655044,0.01122441197009066,-2.8676032771796125,-3.067224793369462,0.004135937916002043,0.002160563095296503,0.155,0.009,0.007,True,999,0.00011825002729892731,0.0026857079938054085,near_5x5_bal_strong_1000,near_boundary,False,1774,1389927733,1.887379141862766e-15,0,8
1000,1000,0.021595832948268834,0.0068138051580493575,0.013492381426431166,-0.003991203693203715,0.014782027790219476,0.01748358511963488,0.007325952319587245,2.017761943480997,2.386527287775186,0.04361606011851163,0.017008345083969995,0.508,0.036,0.014,True,999,0.00012445799075067043,0.002731083077378571,near_5x5_bal_strong_1000,near_boundary,False,1775,1389927733,1.887379141862766e-15,0,4
1000,1000,0.006113236012147638,0.00837019709463288,-0.0019861523944655346,-0.0010495019176914866,-0.0022569610824852426,-0.000936650476774048,0.005115275488751159,-0.44121984973213163,-0.1831085107407815,0.6590538443214504,0.8547128780709723,0.922,0.628,0.851,True,999,0.0001153749180957675,0.0026361250784248114,near_5x5_bal_strong_1000,near_boundary,False,1776,1389927733,1.887379141862766e-15,0,5
1000,1000,0.014205720157328239,0.012171909424963323,0.006104442237074181,0.0005870805653103162,0.0020338107323649157,0.005517361671763865,0.0076121969795412995,0.26717789067085734,0.7248054256336827,0.7893321982642427,0.46857140677581144,0.939,0.782,0.455,True,999,0.00011904200073331594,0.0027108750073239207,near_5x5_bal_strong_1000,near_boundary,False,1777,1389927733,1.887379141862766e-15,0,2
1000,1000,0.014865613007168488,0.020256103766176037,0.00676388061583566,0.0123938676523494,-0.005390490759007549,-0.0056299870365137394,0.009120992735858464,-0.5909982515187474,-0.6172559500436712,0.5545215924931403,0.5370659167955936,0.819,0.553,0.523,True,999,0.00012154108844697475,0.0027294170577079058,near_5x5_bal_strong_1000,near_boundary,False,1778,1389927733,1.887379141862766e-15,0,6
1000,1000,0.00976554438567101,0.024819589970642264,0.0016657655942253768,0.01594500383242803,-0.015054045584971254,-0.014279238238202652,0.009408218609241655,-1.6000952157067998,-1.5177409062514995,0.10957746219669927,0.12907972748285942,0.495,0.097,0.118,True,999,0.0001153330085799098,0.0026485000271350145,near_5x5_bal_strong_1000,near_boundary,False,1779,1389927733,1.887379141862766e-15,0,5
1000,1000,0.012657305002957475,0.011435708135063116,0.004556282932071554,0.001785955170817033,0.001221596867894359,0.0027703277612545207,0.007085194762397342,0.1724154252438673,0.39100234420615343,0.8631109461798899,0.6957955030998166,0.954,0.855,0.686,True,999,0.00011866702698171139,0.00270845799241215,near_5x5_bal_strong_1000,near_boundary,False,1780,1389927733,1.887379141862766e-15,0,4
1000,1000,0.030159765620221934,0.011757264947263257,0.022053783362252943,0.002949634795243128,0.018402500672958677,0.019104148567009815,0.008917459685207046,2.0636483171868027,2.142330802874412,0.03905107290873518,0.032166871820817004,0.435,0.029,0.023,True,999,0.00013449997641146183,0.0026978329988196492,near_5x5_bal_strong_1000,near_boundary,False,1781,1389927733,1.887379141862766e-15,0,6
1000,1000,0.008577090921248143,0.013330543835754383,0.00047731172389831045,0.0035529275723433784,-0.00475345291450624,-0.003075615848445068,0.007003171641477575,-0.6787571628764657,-0.4391747062472618,0.49729174017151334,0.660534951106249,0.827,0.506,0.65,True,999,0.00011379190254956484,0.00265295896679163,near_5x5_bal_strong_1000,near_boundary,False,1782,1389927733,1.887379141862766e-15,0,5
1000,1000,0.009961647305035237,0.012849962692474182,0.001861674354358911,0.0031195456701880175,-0.0028883153874389444,-0.0012578713158291066,0.0071976765862590735,-0.4012844079369951,-0.1747607440754536,0.6882107418300724,0.8612676352584188,0.903,0.667,0.846,True,999,0.0001177079975605011,0.0026881659869104624,near_5x5_bal_strong_1000,near_boundary,False,1783,1389927733,1.887379141862766e-15,0,5
1000,1000,0.00963250764813628,0.019099413745808314,0.0015322079741508787,0.01139848169373181,-0.009466906097672034,-0.009866273719580931,0.008046974009782498,-1.1764554087242436,-1.226084949148184,0.23941294129896606,0.2201667090773366,0.683,0.24,0.214,True,999,0.00011745898518711329,0.002760958974249661,near_5x5_bal_strong_1000,near_boundary,False,1784,1389927733,1.887379141862766e-15,0,5
1000,1000,0.011853403054671974,0.01563810010516209,0.003753048765929634,0.006118535995028651,-0.0037846970504901156,-0.002365487229099017,0.007785508712479948,-0.4861207135281159,-0.3038320701262858,0.6268815816710207,0.761255832594609,0.863,0.629,0.756,True,999,0.00011341704521328211,0.0026607500622048974,near_5x5_bal_strong_1000,near_boundary,False,1785,1389927733,1.887379141862766e-15,0,4
1000,1000,0.014705779878086078,0.012005934294135101,0.006603756090498791,0.0030177329314255985,0.002699845583950977,0.003586023159073193,0.007267712353276091,0.37148492575300657,0.4934184217481735,0.7102763815065769,0.6217169685162609,0.905,0.719,0.608,True,999,0.0001177910016849637,0.002699500066228211,near_5x5_bal_strong_1000,near_boundary,False,1786,1389927733,1.887379141862766e-15,0,5
1000,1000,0.013877636101627067,0.014339437074487149,0.005776623072733855,0.006006296372504494,-0.0004618009728600825,-0.00022967329977063855,0.007654266028195185,-0.06033249578195958,-0.030005920740749807,0.9518908211855325,0.9760623312299135,0.98,0.943,0.974,True,999,0.00011829100549221039,0.002733625005930662,near_5x5_bal_strong_1000,near_boundary,False,1787,1389927733,1.887379141862766e-15,0,6
1000,1000,0.012683683340966923,0.01668283175488161,0.004582773317451938,0.007209812814437555,-0.003999148413914688,-0.002627039496985617,0.008134894141828665,-0.49160423530916514,-0.3229346874322175,0.6229991487843849,0.7467447057692557,0.848,0.603,0.715,True,999,0.00011445803102105856,0.002643957966938615,near_5x5_bal_strong_1000,near_boundary,False,1788,1389927733,1.887379141862766e-15,0,4
1000,1000,0.012603888132034724,0.018046929605792073,0.004502817044112817,0.011321790760575823,-0.0054430414737573485,-0.006818973716463006,0.008486834583656701,-0.6413511916727047,-0.8034766848872564,0.5212945365169963,0.4216992674138329,0.805,0.513,0.419,True,999,0.00012149999383836985,0.002700875047594309,near_5x5_bal_strong_1000,near_boundary,False,1789,1389927733,1.887379141862766e-15,0,8
1000,1000,0.010077692466399446,0.013619459971119907,0.0019770663479903305,0.004324094981939197,-0.003541767504720461,-0.0023470286339488666,0.006855464993107002,-0.5166341755492325,-0.34235878037576517,0.6054115540540097,0.732080904745706,0.877,0.593,0.737,True,999,0.00011983304284512997,0.002705249935388565,near_5x5_bal_strong_1000,near_boundary,False,1790,1389927733,1.887379141862766e-15,0,5
1000,1000,0.01070717669171839,0.014959765121445756,0.002606330367143528,0.007374964163432196,-0.004252588429727366,-0.004768633796288668,0.007421227048518417,-0.5730303630282216,-0.6425667568331149,0.566624135752416,0.5205052595071075,0.847,0.578,0.528,True,999,0.00011562497820705175,0.002685957937501371,near_5x5_bal_strong_1000,near_boundary,False,1791,1389927733,1.887379141862766e-15,0,6
1000,1000,0.009600114245790659,0.011701343957064625,0.0014998916160493536,0.007531988616733543,-0.0021012297112739664,-0.006032097000684189,0.006277595356953199,-0.3347188838711306,-0.9608929307625584,0.7378371550865221,0.3366060056082656,0.923,0.742,0.331,True,999,0.00011920800898224115,0.002678707940503955,near_5x5_bal_strong_1000,near_boundary,False,1792,1389927733,1.887379141862766e-15,0,11
1000,1000,0.009690328858502628,0.0171258622606284,0.0015905471382211545,0.008834979713697066,-0.007435533402125771,-0.007244432575475912,0.007787228181800897,-0.9548369751772458,-0.9302966866190563,0.33966014567568625,0.35221749289483106,0.745,0.33,0.35,True,999,0.0001337499124929309,0.002742250100709498,near_5x5_bal_strong_1000,near_boundary,False,1793,1389927733,1.887379141862766e-15,0,6
1000,1000,0.009937546115933671,0.017045179238650898,0.0018374133644556423,0.009719813287176748,-0.007107633122717227,-0.007882399922721106,0.00751760451598568,-0.9454651555031026,-1.048525485207384,0.3444214519008427,0.2943965668095446,0.763,0.325,0.278,True,999,0.00011495803482830524,0.0026242079911753535,near_5x5_bal_strong_1000,near_boundary,False,1794,1389927733,1.887379141862766e-15,0,7
1000,1000,0.012397006869911964,0.008834666662741353,0.004296554704524169,0.0014180957676899197,0.003562340207170611,0.0028784589368342495,0.006146445426899636,0.5795772938258255,0.46831277867315085,0.562199708823158,0.6395609314455555,0.864,0.548,0.63,True,999,0.00011958298273384571,0.0026888749562203884,near_5x5_bal_strong_1000,near_boundary,False,1795,1389927733,1.887379141862766e-15,0,7
1000,1000,0.01456347800819624,0.013893873154687375,0.006462080568780948,0.003514877647603498,0.000669604853508865,0.0029472029211774498,0.007833785148541189,0.08547654049888757,0.37621697114405533,0.9318825451735196,0.7067555995300889,0.982,0.944,0.695,True,999,0.00012924999464303255,0.002702499972656369,near_5x5_bal_strong_1000,near_boundary,False,1796,1389927733,1.887379141862766e-15,0,4
1000,1000,0.010654045685781544,0.007001998356942929,0.0025537081544371176,-0.0028026786288819494,0.0036520473288386146,0.005356386783319067,0.005834029383764843,0.6259905613437035,0.9181281805376268,0.5313211322693587,0.3585517629415941,0.89,0.556,0.363,True,999,0.00012145901564508677,0.0026805420638993382,near_5x5_bal_strong_1000,near_boundary,False,1797,1389927733,1.887379141862766e-15,0,5
1000,1000,0.013069927821325988,0.009922222283090698,0.004969135079591069,0.0024558636471283535,0.0031477055382352903,0.002513271432462716,0.0065964733762304325,0.4771800564795204,0.3810022854816599,0.6332339113522176,0.7032015526526262,0.891,0.627,0.688,True,999,0.00011979194823652506,0.0027240830240771174,near_5x5_bal_strong_1000,near_boundary,False,1798,1389927733,1.887379141862766e-15,0,7
1000,1000,0.012243598758000074,0.012226453251153013,0.0041428289973737265,0.005828436056617647,1.714550684706051e-05,-0.001685607059243921,0.006753911187133074,0.0025386041320360478,-0.2495749518375639,0.9979744891326294,0.8029160712343519,0.999,0.998,0.808,True,999,0.00011900009121745825,0.0027594580315053463,near_5x5_bal_strong_1000,near_boundary,False,1799,1389927733,1.887379141862766e-15,0,8
1000,1000,0.01118031823730714,0.014519267956051907,0.003079417891740377,0.0035461186653833465,-0.003338949718744766,-0.0004667007736429696,0.007545107332951719,-0.4425317721011845,-0.061854756075470134,0.6581044442595363,0.9506784978856929,0.885,0.645,0.946,True,999,0.0001177079975605011,0.002673791954293847,near_5x5_bal_strong_1000,near_boundary,False,1800,1389927733,1.887379141862766e-15,0,3
1000,1000,0.010751028869689483,0.015494961710475375,0.0026505645917040965,0.006147110412257462,-0.004743932840785892,-0.003496545820553365,0.0077493294219285,-0.6121733355871862,-0.4512062438149924,0.5404230812914823,0.6518409099657008,0.847,0.536,0.651,True,999,0.00011920800898224115,0.002738957991823554,near_5x5_bal_strong_1000,near_boundary,False,1801,1389927733,1.887379141862766e-15,0,5
1000,1000,0.017656054076715444,0.01697131359826143,0.009553264995020072,0.008085824919362494,0.0006847404784540156,0.0014674400756575778,0.00855045571477452,0.08008233728067121,0.17162127079635722,0.9361717704328103,0.8637352838914736,0.981,0.942,0.869,True,999,0.0001175830839201808,0.0027359999949112535,near_5x5_bal_strong_1000,near_boundary,False,1802,1389927733,1.887379141862766e-15,0,5
1000,1000,0.01324561217084641,0.011977782694880756,0.005143651044136277,0.0032852288637741367,0.0012678294759656539,0.0018584221803621404,0.00712611547233405,0.17791312544510252,0.26079035451743005,0.8587912026841098,0.7942541831088525,0.961,0.861,0.798,True,999,0.00012220803182572126,0.002649583970196545,near_5x5_bal_strong_1000,near_boundary,False,1803,1389927733,1.887379141862766e-15,0,6
1000,1000,0.013918406480403434,0.011589098439635181,0.0058175734820906655,0.0026013614844941912,0.002329308040768252,0.0032162119975964742,0.007173150239320532,0.3247259520649456,0.4483681353788466,0.7453884912747213,0.6538875345837011,0.923,0.757,0.657,True,999,0.00011916703078895807,0.002679249970242381,near_5x5_bal_strong_1000,near_boundary,False,1804,1389927733,1.887379141862766e-15,0,5
1000,1000,0.010885159750017026,0.012028656507856006,0.002784178847377916,0.00465627116915357,-0.0011434967578389799,-0.0018720923217756535,0.006501957599568076,-0.17586961162511153,-0.2879274884690138,0.8603963796146009,0.7734022447538396,0.956,0.851,0.764,True,999,0.00011808308772742748,0.0027058750856667757,near_5x5_bal_strong_1000,near_boundary,False,1805,1389927733,1.887379141862766e-15,0,7
1000,1000,0.015211275110230682,0.013687995913930884,0.007108504682264538,0.006196494239986805,0.0015232791962997982,0.0009120104422777331,0.007708256854580948,0.19761655910499754,0.11831604206802392,0.8433450780102347,0.9058172469464955,0.949,0.844,0.905,True,999,0.00011841696687042713,0.0026892090681940317,near_5x5_bal_strong_1000,near_boundary,False,1806,1389927733,1.887379141862766e-15,0,5
1000,1000,0.010081104664885432,0.010225922388756692,0.001980178471058025,0.0011440848734309839,-0.00014481772387126002,0.0008360935976270412,0.006201163384050757,-0.02335331532204549,0.13482850649886982,0.9813684438144517,0.8927474666991219,0.997,0.981,0.888,True,999,0.0001224169973284006,0.0026880840305238962,near_5x5_bal_strong_1000,near_boundary,False,1807,1389927733,1.887379141862766e-15,0,5
1000,1000,0.0053633721842099025,0.00656637786387726,-0.002735722105626337,-0.002670101713533768,-0.0012030056796673572,-6.562039209256909e-05,0.004503867528655826,-0.26710503184501805,-0.014569787338339728,0.7893882934527864,0.9883754029057452,0.958,0.797,0.993,True,999,0.0001263340236619115,0.0026324590435251594,near_5x5_bal_strong_1000,near_boundary,False,1808,1389927733,1.887379141862766e-15,0,6
1000,1000,0.01811698933869499,0.021916691941059108,0.010013687786113223,0.01084374187485082,-0.003799702602364119,-0.0008300540887375973,0.009685815874388546,-0.39229556411570643,-0.0856979008792068,0.6948398408284409,0.9317065708469322,0.875,0.702,0.939,True,999,0.00012250000145286322,0.002677874988876283,near_5x5_bal_strong_1000,near_boundary,False,1809,1389927733,1.887379141862766e-15,0,2
1000,1000,0.016394302092434865,0.012101909394827581,0.008291879179523676,0.002518745101838249,0.0042923926976072835,0.005773134077685427,0.007610382622920916,0.5640179883570472,0.7585865735972233,0.5727418900489192,0.448099906835442,0.861,0.553,0.431,True,999,0.00011720904149115086,0.002689667046070099,near_5x5_bal_strong_1000,near_boundary,False,1810,1389927733,1.887379141862766e-15,0,4
1000,1000,0.01665508907274793,0.007787699801359238,0.008552744779763088,-0.001062823094741816,0.008867389271388693,0.009615567874504904,0.006709694280794906,1.3215787337389926,1.4330858414857222,0.18630846876164986,0.1518333071220683,0.695,0.187,0.158,True,999,0.00017374998424202204,0.0026344999205321074,near_5x5_bal_strong_1000,near_boundary,False,1811,1389927733,1.887379141862766e-15,0,6
1000,1000,0.017156698254214398,0.019413701073086653,0.009054964451706837,0.009572621817994786,-0.0022570028188722557,-0.0005176573662879491,0.009097613648985585,-0.24808734531433077,-0.05690034620734523,0.8040668265911313,0.9546245785279353,0.928,0.822,0.95,True,999,0.00011979101691395044,0.002667499938979745,near_5x5_bal_strong_1000,near_boundary,False,1812,1389927733,1.887379141862766e-15,0,3
1000,1000,0.010874280917596568,0.018384780904864895,0.0027743060018110555,0.009082894667869823,-0.0075104999872683265,-0.0063085886660587676,0.008296967776473757,-0.9052102152987169,-0.7603487003947292,0.36535403108271425,0.4470461786440142,0.755,0.35,0.433,True,999,0.0001255410024896264,0.002771667088381946,near_5x5_bal_strong_1000,near_boundary,False,1813,1389927733,1.887379141862766e-15,0,5
1000,1000,0.011168985139406562,0.009447029141360086,0.0030678535702008958,-0.00011053392671556139,0.001721955998046476,0.003178387496916457,0.006411173745288058,0.26858669979300454,0.495757504505698,0.7882477483555385,0.6200655102140848,0.942,0.795,0.627,True,999,0.00011737504974007607,0.0026453330647200346,near_5x5_bal_strong_1000,near_boundary,False,1814,1389927733,1.887379141862766e-15,0,6
1000,1000,0.009304792990924682,0.013327085212660517,0.0012033029875055945,0.004061954733458606,-0.004022292221735835,-0.0028586517459530114,0.0069619655212089186,-0.5777523903964091,-0.41060986832589447,0.5634313026509961,0.6813586264632547,0.876,0.576,0.686,True,999,0.0001181670231744647,0.0026927919825538993,near_5x5_bal_strong_1000,near_boundary,False,1815,1389927733,1.887379141862766e-15,0,4
1000,1000,0.01755778271347741,0.012400861224977577,0.009455957796490111,0.003999669537961381,0.005156921488499833,0.00545628825852873,0.007755951219647913,0.6648986491090818,0.7034969798039062,0.5061153198368455,0.4817460882704532,0.841,0.512,0.486,True,999,0.00014224997721612453,0.0027352500474080443,near_5x5_bal_strong_1000,near_boundary,False,1816,1389927733,1.887379141862766e-15,0,6
1000,1000,0.023961122259644307,0.02180034492930738,0.015857590726454873,0.012975773359698906,0.002160777330336927,0.0028818173667559677,0.009866166542309946,0.21900880357843916,0.2920908900531547,0.826643189974944,0.7702171318100004,0.92,0.833,0.768,True,999,0.00012441701255738735,0.002663874998688698,near_5x5_bal_strong_1000,near_boundary,False,1817,1389927733,1.887379141862766e-15,0,5
1000,1000,0.010360334683174655,0.010059750452721228,0.0022595395571443078,0.001363230018057493,0.00030058423045342675,0.0008963095390868148,0.006543222135693779,0.04593825858573817,0.13698289932682822,0.9633594604098703,0.8910443120438588,0.991,0.968,0.886,True,999,0.00011570891365408897,0.0026681669987738132,near_5x5_bal_strong_1000,near_boundary,False,1818,1389927733,1.887379141862766e-15,0,5
1000,1000,0.0088123294300273,0.013032898201992715,0.0007121641053799976,0.0017218642754528446,-0.004220568771965416,-0.001009700170072847,0.006905082019040647,-0.6112264503632642,-0.14622565920123987,0.5410496748701845,0.8837432501534225,0.855,0.539,0.894,True,999,0.00012691703159362078,0.002723208977840841,near_5x5_bal_strong_1000,near_boundary,False,1819,1389927733,1.887379141862766e-15,0,3
1000,1000,0.007908842683882478,0.01538752069619892,-0.0001906073857753654,0.007610236372840973,-0.007478678012316442,-0.007800843758616338,0.007155637427047096,-1.0451449068741672,-1.0901675550427516,0.2959560017352493,0.27563934255073563,0.724,0.275,0.263,True,999,0.00011891697067767382,0.0026550829643383622,near_5x5_bal_strong_1000,near_boundary,False,1820,1389927733,1.887379141862766e-15,0,7
1000,1000,0.010780133851511442,0.010679829768827864,0.002679856009535797,-0.0002887232902253345,0.00010030408268357771,0.0029685792997611316,0.00678312345366459,0.014787300182394339,0.4376419388559637,0.9882018714615586,0.6616458644327925,0.996,0.99,0.656,True,999,0.00011833291500806808,0.0027022080030292273,near_5x5_bal_strong_1000,near_boundary,False,1821,1389927733,1.887379141862766e-15,0,3
1000,1000,0.010412688980132812,0.02389400239193068,0.0023126529401906737,0.014392287383088842,-0.013481313411797868,-0.012079634442898168,0.009121032587910678,-1.4780468419405115,-1.3243713720427794,0.13939524090777142,0.18537973746980763,0.542,0.137,0.195,True,999,0.00011966703459620476,0.0027155840070918202,near_5x5_bal_strong_1000,near_boundary,False,1822,1389927733,1.887379141862766e-15,0,4
1000,1000,0.007217872602109043,0.012002563797635368,-0.0008819318022688094,0.00458102071348776,-0.004784691195526325,-0.0054629525157565695,0.006376093112116159,-0.750411123456498,-0.8567868159540526,0.45300713360706035,0.3915627132602143,0.828,0.463,0.408,True,999,0.0001194999786093831,0.00265112507622689,near_5x5_bal_strong_1000,near_boundary,False,1823,1389927733,1.887379141862766e-15,0,7
1000,1000,0.02005405996342957,0.015483760187197215,0.011951668480151056,0.006371909474466975,0.004570299776232356,0.005579759005684082,0.008562950788993978,0.5337295388999077,0.6516163812194024,0.5935286692275548,0.5146486774478316,0.832,0.583,0.506,True,999,0.0001176249934360385,0.0027078751008957624,near_5x5_bal_strong_1000,near_boundary,False,1824,1389927733,1.887379141862766e-15,0,4
1000,1000,0.016219642056963135,0.023598362926933958,0.008117751321606193,0.01594150910710823,-0.007378720869970823,-0.007823757785502039,0.009656140703632621,-0.7641480272957252,-0.810236514320753,0.4447790343234068,0.4178042550455424,0.743,0.436,0.412,True,999,0.0001181670231744647,0.0027381660183891654,near_5x5_bal_strong_1000,near_boundary,False,1825,1389927733,1.887379141862766e-15,0,7
1000,1000,0.007715221596898969,0.006780074370298372,-0.0003846844692816376,-0.0024561368309719,0.0009351472266005967,0.0020714523616902625,0.00486910996157642,0.19205711803186182,0.42542731177498616,0.8476974643929183,0.6705251996981807,0.966,0.847,0.667,True,999,0.00011779193300753832,0.00266083306632936,near_5x5_bal_strong_1000,near_boundary,False,1826,1389927733,1.887379141862766e-15,0,6
1000,1000,0.010281261749876869,0.02037563053117264,0.002181297926881598,0.01082904444746191,-0.01009436878129577,-0.008647746520580313,0.008682884252858071,-1.1625594085252366,-0.9959532188551066,0.24500830788522443,0.31927287560176976,0.663,0.241,0.319,True,999,0.00012191606219857931,0.0026670420775189996,near_5x5_bal_strong_1000,near_boundary,False,1827,1389927733,1.887379141862766e-15,0,4
1000,1000,0.013903407505704513,0.014482291297705174,0.005801636653586684,0.005898087584398581,-0.0005788837920006618,-9.64509308118977e-05,0.007680292604891387,-0.07537262208369315,-0.012558236485738904,0.9399182416441022,0.989980240366029,0.978,0.941,0.991,True,999,0.00011695805005729198,0.002723041921854019,near_5x5_bal_strong_1000,near_boundary,False,1828,1389927733,1.887379141862766e-15,0,5
1000,1000,0.01459023324506048,0.01374278949236385,0.006489133678769576,0.007141667909536409,0.0008474437526966305,-0.0006525342307668325,0.007424602117434871,0.11413995515081073,-0.0878881077323342,0.9091268495425294,0.929965608681494,0.977,0.911,0.932,True,999,0.0001105000264942646,0.0026817501056939363,near_5x5_bal_strong_1000,near_boundary,False,1829,1389927733,1.887379141862766e-15,0,7
1000,1000,0.013703045547066584,0.015543772212864682,0.00560124031653686,0.0073246147239842685,-0.001840726665798098,-0.0017233744074474089,0.007900789006927774,-0.2329801066936561,-0.21812687390288174,0.8157768533083856,0.8273302591552784,0.929,0.803,0.82,True,999,0.00012124993372708559,0.0026711670216172934,near_5x5_bal_strong_1000,near_boundary,False,1830,1389927733,1.887379141862766e-15,0,5
1000,1000,0.01215641272302248,0.017264611726816426,0.004055390817711668,0.00970564276190089,-0.005108199003793945,-0.005650251944189222,0.007983111760447931,-0.6398756721786549,-0.7077756285692018,0.522253431167547,0.479084603322368,0.828,0.516,0.474,True,999,0.00012324994895607233,0.0027085839537903666,near_5x5_bal_strong_1000,near_boundary,False,1831,1389927733,1.887379141862766e-15,0,6
1000,1000,0.005943409718466519,0.01686121349280223,-0.0021559480244377482,0.008562116881535076,-0.01091780377433571,-0.010718064905972824,0.007143862116006877,-1.5282775055068267,-1.5003179977336654,0.12644365247740652,0.13353204957792356,0.627,0.128,0.136,True,999,0.0001115420600399375,0.0026715840213000774,near_5x5_bal_strong_1000,near_boundary,False,1832,1389927733,1.887379141862766e-15,0,6
1000,1000,0.016050668533182044,0.007989337040051891,0.007948524134235413,0.0017548192211620517,0.008061331493130153,0.006193704913073361,0.006358104428874684,1.2678828388726107,0.9741433130518085,0.20483979341982272,0.32998538624004203,0.7,0.202,0.328,True,999,0.00011670798994600773,0.0026907919673249125,near_5x5_bal_strong_1000,near_boundary,False,1833,1389927733,1.887379141862766e-15,0,9
1000,1000,0.013481630561761104,0.012491061329537367,0.005380314880767401,0.0043430053508473065,0.000990569232223737,0.001037309529920094,0.0072123484059682195,0.13734350817052055,0.14382410160076575,0.8907592817111355,0.8856393704154718,0.965,0.902,0.898,True,999,0.00012566708028316498,0.00267933402210474,near_5x5_bal_strong_1000,near_boundary,False,1834,1389927733,1.887379141862766e-15,0,7
1000,1000,0.015473791059454012,0.011901342939372339,0.007371425160727085,0.002866343310870434,0.0035724481200816727,0.004505081849856651,0.007382146190185208,0.48393082825037426,0.6102672222674617,0.6284349608186176,0.5416848061189075,0.872,0.602,0.496,True,999,0.00011629099026322365,0.002641957951709628,near_5x5_bal_strong_1000,near_boundary,False,1835,1389927733,1.887379141862766e-15,0,5
1000,1000,0.012246973606371503,0.017129900649749563,0.004145028481616464,0.007880608690015833,-0.00488292704337806,-0.0037355802083993694,0.008281434620024916,-0.5896233282541291,-0.45107887459094986,0.5554432082459616,0.6519327027770563,0.832,0.542,0.648,True,999,0.00011812499724328518,0.002727292012423277,near_5x5_bal_strong_1000,near_boundary,False,1836,1389927733,1.887379141862766e-15,0,4
1000,1000,0.02028197764669004,0.02543665902945913,0.012179811513533423,0.0184395251458227,-0.0051546813827690885,-0.006259713632289277,0.00995128336364324,-0.5179916192118079,-0.6290358141301634,0.6044641166936734,0.5293256097563451,0.831,0.6,0.537,True,999,0.00013391603715717793,0.002709291991777718,near_5x5_bal_strong_1000,near_boundary,False,1837,1389927733,1.887379141862766e-15,0,6
1000,1000,0.019074386656598552,0.019206340172489456,0.0109701941264575,0.011649819610511258,-0.00013195351589090354,-0.0006796254840537586,0.009287265865077535,-0.014208004573992232,-0.07317820916587754,0.9886640339055338,0.941664306455185,0.997,0.992,0.921,True,999,0.00011666701175272465,0.002657625009305775,near_5x5_bal_strong_1000,near_boundary,False,1838,1389927733,1.887379141862766e-15,0,6
1000,1000,0.017238144009456002,0.010205855477757098,0.00913362406276974,0.0015591002451174063,0.007032288531698905,0.007574523817652334,0.007177698694601913,0.9797413949665558,1.0552858429887646,0.3272137871841082,0.29129461384411115,0.748,0.325,0.294,True,999,0.00011879194062203169,0.0027086250483989716,near_5x5_bal_strong_1000,near_boundary,False,1839,1389927733,1.887379141862766e-15,0,5
1000,1000,0.019671881238855216,0.021794098581088328,0.011569828444407904,0.011818089455630343,-0.0021222173422331125,-0.00024826101122243927,0.0098307884139989,-0.2158745822675937,-0.025253418217090217,0.8290855103725376,0.9798528289463072,0.919,0.81,0.975,True,999,0.0001189579488709569,0.0026870419969782233,near_5x5_bal_strong_1000,near_boundary,False,1840,1389927733,1.887379141862766e-15,0,2
1000,1000,0.009427758604136027,0.014762595290884417,0.0013269393400605622,0.007418506606825304,-0.00533483668674839,-0.006091567266764741,0.0070857249637489355,-0.7528992042510523,-0.8596956977485897,0.45151048635587654,0.3899568069583209,0.81,0.442,0.383,True,999,0.00011462508700788021,0.002692250069230795,near_5x5_bal_strong_1000,near_boundary,False,1841,1389927733,1.887379141862766e-15,0,7
1000,1000,0.008450317566920384,0.0071717973236101185,0.000350273671983814,0.0019391331801443812,0.001278520243310266,-0.0015888595081605672,0.004853743069614397,0.2634091308446282,-0.3273472627974915,0.7922352536467733,0.7434052491762388,0.959,0.773,0.729,True,999,0.00012608407996594906,0.002753708977252245,near_5x5_bal_strong_1000,near_boundary,False,1842,1389927733,1.887379141862766e-15,0,10
1000,1000,0.01437571094286949,0.013053605274586266,0.006274768584034973,0.004650845377625501,0.0013221056682832244,0.0016239232064094722,0.00770784580789498,0.17152725952678247,0.21068444373214146,0.8638091980534737,0.8331335142516695,0.949,0.863,0.834,True,999,0.0001258340198546648,0.002675791038200259,near_5x5_bal_strong_1000,near_boundary,False,1843,1389927733,1.887379141862766e-15,0,6
1000,1000,0.012955887630822005,0.011182393934530854,0.004854661545095951,0.0023725922461608207,0.0017734936962911507,0.00248206929893513,0.0071496012847617665,0.2480549090298321,0.3471619185569501,0.8040919227974835,0.728469678325977,0.946,0.81,0.737,True,999,0.0001189579488709569,0.0026610420318320394,near_5x5_bal_strong_1000,near_boundary,False,1844,1389927733,1.887379141862766e-15,0,6
1000,1000,0.009534291024118513,0.01676809263968071,0.0014328799816212268,0.007995216063704902,-0.0072338016155621965,-0.006562336082083675,0.007716389418109412,-0.9374593768667712,-0.8504412784925918,0.3485223104539783,0.3950797947559819,0.736,0.315,0.365,True,999,0.00011924991849809885,0.00273199996445328,near_5x5_bal_strong_1000,near_boundary,False,1845,1389927733,1.887379141862766e-15,0,6
1000,1000,0.012172158570735725,0.007686215631681204,0.004071903290196133,-0.002552100694344972,0.004485942939054521,0.006624003984541105,0.005998714027797627,0.7478174352481167,1.1042373338428748,0.4545702840570923,0.26949019860504,0.823,0.436,0.25,True,999,0.00012095796409994364,0.0027184580685570836,near_5x5_bal_strong_1000,near_boundary,False,1846,1389927733,1.887379141862766e-15,0,5
1000,1000,0.009361387093928641,0.016277811618472693,0.0012614453016794869,0.008125893533190265,-0.006916424524544051,-0.006864448231510778,0.007443818905401325,-0.9291500253351691,-0.9221675485052238,0.3528113422331547,0.3564411872858775,0.78,0.365,0.367,True,999,0.00012500002048909664,0.0026879170909523964,near_5x5_bal_strong_1000,near_boundary,False,1847,1389927733,1.887379141862766e-15,0,5
1000,1000,0.008194408777566053,0.013484941539157635,9.404919705957582e-05,0.0032171587336051743,-0.005290532761591582,-0.0031231095365455985,0.007164129219109103,-0.7384753400985539,-0.43593707497838424,0.4602256470068491,0.6628823848043592,0.837,0.458,0.685,True,999,0.00011733290739357471,0.002744083059951663,near_5x5_bal_strong_1000,near_boundary,False,1848,1389927733,1.887379141862766e-15,0,3
1000,1000,0.011105560396639236,0.016116386432927066,0.0030043600399949355,0.00870821881972006,-0.00501082603628783,-0.005703858779725124,0.007932975937642459,-0.6316451828009653,-0.7190061869039541,0.5276187552479019,0.4721371076572285,0.816,0.519,0.456,True,999,0.00011775002349168062,0.0027054169913753867,near_5x5_bal_strong_1000,near_boundary,False,1849,1389927733,1.887379141862766e-15,0,7
1000,1000,0.005857612925100897,0.01542811979219555,-0.002241704220068641,0.009872120929742323,-0.009570506867094652,-0.012113825149810964,0.006730016311473232,-1.4220629526230113,-1.7999696567093746,0.15500797648497328,0.07186542957189282,0.667,0.152,0.071,True,999,0.00011858297511935234,0.0026813329895958304,near_5x5_bal_strong_1000,near_boundary,False,1850,1389927733,1.887379141862766e-15,0,8
1000,1000,0.005910241634577762,0.01605278572973584,-0.002189420391459862,0.005125647516024401,-0.01014254409515808,-0.007315067907484263,0.00729443107743924,-1.3904503295024195,-1.0028291212605807,0.16439217237259107,0.31594331553402266,0.66,0.172,0.342,True,999,0.00012191699352115393,0.0027345000999048352,near_5x5_bal_strong_1000,near_boundary,False,1851,1389927733,1.887379141862766e-15,0,3
1000,1000,0.009545088675775526,0.009059456012494194,0.0014436534022479464,0.0014837845497481794,0.00048563266328133237,-4.0131147500233055e-05,0.005470860349907544,0.0887671467047298,-0.007335436281226089,0.9292669677199282,0.9941472211328346,0.978,0.93,0.992,True,999,0.00011933303903788328,0.0027243749937042594,near_5x5_bal_strong_1000,near_boundary,False,1852,1389927733,1.887379141862766e-15,0,8
1000,1000,0.008401875163461803,0.02234244363830229,0.0002999928151439235,0.014242176682557783,-0.013940568474840487,-0.01394218386741386,0.008609164112756626,-1.6192708481633025,-1.6194584845647249,0.10538900011304099,0.10534865203571839,0.592,0.099,0.099,True,999,0.00011483405251055956,0.002634500036947429,near_5x5_bal_strong_1000,near_boundary,False,1853,1389927733,1.887379141862766e-15,0,5
1000,1000,0.006614939609671744,0.013094828818346782,-0.0014843522346836835,0.0060110270840709745,-0.006479889208675038,-0.007495379318754658,0.006360641656650469,-1.0187477236514162,-1.1783998727420444,0.3083227495284375,0.238637228433904,0.772,0.334,0.26,True,999,0.00011904200073331594,0.0027435829397290945,near_5x5_bal_strong_1000,near_boundary,False,1854,1389927733,1.887379141862766e-15,0,7
1000,1000,0.00895302913648055,0.009444003596097428,0.0008521385950643889,0.0032079134359150885,-0.0004909744596168775,-0.0023557748408506995,0.005549143035343422,-0.08847752823990639,-0.42452948605692353,0.9294971441501464,0.6711797060378928,0.981,0.923,0.652,True,999,0.0001188330352306366,0.002674749935977161,near_5x5_bal_strong_1000,near_boundary,False,1855,1389927733,1.887379141862766e-15,0,9
1000,1000,0.008612407254914745,0.03022941123907119,0.000512570359660458,0.022525741776803443,-0.021617003984156447,-0.022013171417142985,0.010132159717728883,-2.1335040688641933,-2.172604067682149,0.03288339823232563,0.0298101294819979,0.345,0.023,0.023,True,999,0.00011795805767178535,0.0026683330070227385,near_5x5_bal_strong_1000,near_boundary,False,1856,1389927733,1.887379141862766e-15,0,5
1000,1000,0.01637372472168086,0.014642164951640002,0.008272637152231255,0.009655093386982116,0.001731559770040858,-0.0013824562347508618,0.007860123863295812,0.2202967536080025,-0.1758822454702625,0.8256400483102198,0.8603864539695987,0.94,0.827,0.867,True,999,0.00012154201976954937,0.0027127499924972653,near_5x5_bal_strong_1000,near_boundary,False,1857,1389927733,1.887379141862766e-15,0,9
1000,1000,0.014750654241142636,0.014282088771027657,0.0066493670985892095,0.002740866493127214,0.00046856547011497884,0.003908500605461995,0.008024872643601902,0.05838914720828104,0.48704830332456156,0.9534386592977434,0.6262241005939991,0.991,0.971,0.645,True,999,0.0001175830839201808,0.0027052080258727074,near_5x5_bal_strong_1000,near_boundary,False,1858,1389927733,1.887379141862766e-15,0,2
1000,1000,0.02098900729785802,0.011709123453115089,0.012885675661209461,0.006517911217940764,0.009279883844742931,0.0063677644432686975,0.0077707226165410264,1.1942111824953643,0.8194558932928652,0.23239536990738185,0.4125263567516749,0.698,0.238,0.43,True,999,0.00012808397877961397,0.0026997498935088515,near_5x5_bal_strong_1000,near_boundary,False,1859,1389927733,1.887379141862766e-15,0,10
1000,1000,0.006525067646763194,0.01500703275997961,-0.0015743225674214045,0.00999250982039257,-0.008481965113216416,-0.011566832387813974,0.006703088853529193,-1.2653815723702724,-1.7255973537817582,0.20573457774900306,0.08441987576495508,0.719,0.188,0.07,True,999,0.00012912496458739042,0.002669333014637232,near_5x5_bal_strong_1000,near_boundary,False,1860,1389927733,1.887379141862766e-15,0,9
1000,1000,0.007717232741443869,0.018211539246312358,-0.0003832103741387982,0.010077168416955828,-0.01049430650486849,-0.010460378791094627,0.007884921314041742,-1.3309335739571508,-1.3266307137988074,0.18321086881242754,0.18463087069839723,0.617,0.17,0.172,True,999,0.00012558302842080593,0.002656124997884035,near_5x5_bal_strong_1000,near_boundary,False,1861,1389927733,1.887379141862766e-15,0,5
1000,1000,0.01778539088455533,0.011312610588367189,0.009682397295591727,0.002504739459823213,0.006472780296188141,0.007177657835768514,0.007584615996840951,0.8534090979535551,0.9463442630131916,0.3934324779624647,0.34397302396778295,0.794,0.368,0.333,True,999,0.00011583301238715649,0.0026603330625221133,near_5x5_bal_strong_1000,near_boundary,False,1862,1389927733,1.887379141862766e-15,0,6
1000,1000,0.018924998922822178,0.012209217263592087,0.010821774686746721,0.00319342011499657,0.006715781659230091,0.007628354571750151,0.008079752478332055,0.8311865589001886,0.9441322110061608,0.4058682467473723,0.34510209088877586,0.771,0.417,0.352,True,999,0.00012391700875014067,0.002666124957613647,near_5x5_bal_strong_1000,near_boundary,False,1863,1389927733,1.887379141862766e-15,0,5
1000,1000,0.021012615335061824,0.015273796562591646,0.012909094618180461,0.006668494407620074,0.005738818772470178,0.0062406002105603875,0.008650712912194294,0.6633925817120314,0.7213972159177144,0.5070791557398429,0.4706651590438329,0.817,0.516,0.477,True,999,0.00016254198271781206,0.0026468330761417747,near_5x5_bal_strong_1000,near_boundary,False,1864,1389927733,1.887379141862766e-15,0,5
1000,1000,0.02001966080922357,0.014465799693270887,0.011916738880245248,0.005074652302823779,0.005553861115952685,0.006842086577421469,0.008390722426168935,0.6619049986245924,0.8154347420768455,0.5080321080675818,0.4148235044769316,0.793,0.493,0.399,True,999,0.00011750007979571819,0.0026580420089885592,near_5x5_bal_strong_1000,near_boundary,False,1865,1389927733,1.887379141862766e-15,0,5
1000,1000,0.013965105067851757,0.011492265230469312,0.005863998110044122,0.002185444430779171,0.0024728398373824456,0.003678553679264951,0.007050099498314571,0.35075247348971655,0.5217732998157492,0.7257740552323886,0.6018281819995664,0.912,0.733,0.598,True,999,0.00012099999003112316,0.0027364169945940375,near_5x5_bal_strong_1000,near_boundary,False,1866,1389927733,1.887379141862766e-15,0,5
1000,1000,0.007674028359470508,0.018587683931676313,-0.0004254295447481127,0.009998419940018266,-0.010913655572205805,-0.010423849484766379,0.007838240720927009,-1.39236034727383,-1.329871058557331,0.16381330568379437,0.1835607584965797,0.639,0.157,0.174,True,999,0.00012095796409994364,0.0026611670618876815,near_5x5_bal_strong_1000,near_boundary,False,1867,1389927733,1.887379141862766e-15,0,5
1000,1000,0.01459354340625052,0.015352317403051263,0.006492578953839256,0.006088549376613628,-0.0007587739968007434,0.0004040295772256286,0.008108581908356399,-0.09357665808601866,0.04982740284207414,0.925445452384253,0.960259929490383,0.975,0.929,0.958,True,999,0.00011841603554785252,0.0026959169190376997,near_5x5_bal_strong_1000,near_boundary,False,1868,1389927733,1.887379141862766e-15,0,5
1000,1000,0.02348310586771385,0.013805365677295622,0.01537791567898239,0.005241339491476538,0.009677740190418227,0.010136576187505852,0.008743420001901099,1.106859808669145,1.1593376716778832,0.2683545449968373,0.24631857189241568,0.687,0.293,0.271,True,999,0.00012833299115300179,0.0027140419697389007,near_5x5_bal_strong_1000,near_boundary,False,1869,1389927733,1.887379141862766e-15,0,5
1000,1000,0.014393841460351497,0.018831644480913123,0.006291807356546997,0.010875050092408856,-0.004437803020561626,-0.004583242735861859,0.00884397016980019,-0.5017885559717903,-0.5182336267384094,0.6158162639864561,0.6042952757469942,0.849,0.629,0.614,True,999,0.0001265830360352993,0.0026244999608024955,near_5x5_bal_strong_1000,near_boundary,False,1870,1389927733,1.887379141862766e-15,0,6
1000,1000,0.012386299019935265,0.01926842209587487,0.004285709576379304,0.010400469988837813,-0.006882123075939606,-0.006114760412458509,0.008304184796818747,-0.8287536036741475,-0.7363468615006031,0.4072438468353785,0.4615196343911987,0.76,0.408,0.468,True,999,0.0001239590346813202,0.002647541929036379,near_5x5_bal_strong_1000,near_boundary,False,1871,1389927733,1.887379141862766e-15,0,5
1000,1000,0.01031641946952977,0.009608886610708578,0.002216107317735805,0.00014090271764644058,0.0007075328588211915,0.0020752046000893642,0.006324032263133708,0.11188002043344925,0.3281457958693353,0.9109185385155786,0.7428014291920105,0.978,0.912,0.73,True,999,0.00012695894110947847,0.0027576670981943607,near_5x5_bal_strong_1000,near_boundary,False,1872,1389927733,1.887379141862766e-15,0,5
1000,1000,0.005565471572699154,0.01161325980947786,-0.0025333609160043125,0.00326043272178822,-0.006047788236778706,-0.0057937936377925325,0.00596700083567661,-1.0135390296275928,-0.9709724864041457,0.3108027634168652,0.33156197975534274,0.787,0.28,0.308,True,999,0.00012033397797495127,0.0026831250870600343,near_5x5_bal_strong_1000,near_boundary,False,1873,1389927733,1.887379141862766e-15,0,6
1000,1000,0.009603557620557757,0.018055822279145706,0.001502945577385617,0.008920413886187362,-0.008452264658587949,-0.007417468308801745,0.007905693882311588,-1.069136344565437,-0.9382438049363114,0.28500823681471454,0.3481191314187684,0.715,0.28,0.348,True,999,0.0001177910016849637,0.0027052080258727074,near_5x5_bal_strong_1000,near_boundary,False,1874,1389927733,1.887379141862766e-15,0,4
1000,1000,0.009105657822173763,0.010468932612467508,0.0010055990039745666,0.0015454927534506169,-0.0013632747902937448,-0.0005398937494760503,0.006349150657501272,-0.21471766285512367,-0.08503401141350884,0.829987450785263,0.9322343514243118,0.958,0.834,0.938,True,999,0.00011995795648545027,0.0027211660053581,near_5x5_bal_strong_1000,near_boundary,False,1875,1389927733,1.887379141862766e-15,0,4
1000,1000,0.02082232158181352,0.007632766326593432,0.012719584434080389,-0.0018330150574570325,0.013189555255220087,0.014552599491537421,0.007327389613329448,1.8000346578031852,1.9860550973111082,0.07185516591845113,0.047027206391662336,0.559,0.067,0.046,True,999,0.0001177079975605011,0.0026594579685479403,near_5x5_bal_strong_1000,near_boundary,False,1876,1389927733,1.887379141862766e-15,0,5
1000,1000,0.01314414785358986,0.011745342594542574,0.005043307600317348,0.0017567250818046887,0.0013988052590472866,0.0032865825185126596,0.0070693055150267935,0.19787025133854114,0.46490882471079664,0.8431465799613062,0.6419967506663613,0.947,0.844,0.643,True,999,0.00011858297511935234,0.0026980419643223286,near_5x5_bal_strong_1000,near_boundary,False,1877,1389927733,1.887379141862766e-15,0,4
1000,1000,0.015277320912449488,0.012391510504173975,0.007174952619607211,0.005696262202718572,0.002885810408275513,0.0014786904168886394,0.007464497139837293,0.3866047979138775,0.19809645434747544,0.6990488054216473,0.8429695988861217,0.894,0.71,0.837,True,999,0.00011775002349168062,0.00273800001014024,near_5x5_bal_strong_1000,near_boundary,False,1878,1389927733,1.887379141862766e-15,0,7
1000,1000,0.009970297965107955,0.01194697815437784,0.0018705276506807422,0.0033452172413603876,-0.001976680189269886,-0.0014746895906796453,0.006540720496695228,-0.3022113833282779,-0.2254628662736389,0.7624909270797224,0.8216192101067225,0.931,0.749,0.815,True,999,0.00011700007598847151,0.0026911249151453376,near_5x5_bal_strong_1000,near_boundary,False,1879,1389927733,1.887379141862766e-15,0,5
1000,1000,0.011351139888693407,0.011870978703388047,0.0032510018297671195,0.0005409008618926237,-0.0005198388146946398,0.002710100967874496,0.007177763395588442,-0.07242350939209563,0.37756900283731326,0.9422648761287671,0.7057507951867712,0.986,0.95,0.718,True,999,0.0001218749675899744,0.002682332997210324,near_5x5_bal_strong_1000,near_boundary,False,1880,1389927733,1.887379141862766e-15,0,3
1000,1000,0.023410735054244958,0.018125268297231045,0.015307346893450813,0.011067440809142681,0.0052854667570139124,0.0042399060843081315,0.009069400518005864,0.5827801679416905,0.4674957375507308,0.5600412972387427,0.640145240973067,0.795,0.516,0.605,True,999,0.00012391596101224422,0.0027294170577079058,near_5x5_bal_strong_1000,near_boundary,False,1881,1389927733,1.887379141862766e-15,0,6
1000,1000,0.00822956234446881,0.01125647948702635,0.00013009267695451854,0.0027863171254693953,-0.003026917142557539,-0.0026562244485148767,0.006313750824829826,-0.47941662991414036,-0.42070466862088585,0.6316422651753246,0.6739707516211246,0.887,0.607,0.65,True,999,0.00011424999684095383,0.002663707942701876,near_5x5_bal_strong_1000,near_boundary,False,1882,1389927733,1.887379141862766e-15,0,6
1000,1000,0.014822290467074284,0.0112188376793384,0.006720709115143109,0.0014302242235544327,0.0036034527877358835,0.005290484891588676,0.007318969341126691,0.49234429327192175,0.7228456145949987,0.6224759728496013,0.4697747394538878,0.87,0.609,0.455,True,999,0.00011975003872066736,0.002697291085496545,near_5x5_bal_strong_1000,near_boundary,False,1883,1389927733,1.887379141862766e-15,0,5
1000,1000,0.0072612348315954645,0.020666966903991668,-0.0008382845196592825,0.01451273389227481,-0.013405732072396204,-0.015351018411934092,0.008045360940425883,-1.6662685703802083,-1.9080583861438891,0.09565993378376686,0.05638367041332927,0.564,0.095,0.056,True,999,0.00011904200073331594,0.002738832961767912,near_5x5_bal_strong_1000,near_boundary,False,1884,1389927733,1.887379141862766e-15,0,7
1000,1000,0.011595891081744858,0.01849425557957657,0.003495748855812053,0.009551945501641512,-0.0068983644978317105,-0.006056196645829459,0.008303299920896758,-0.830797943414127,-0.7293722620554682,0.4060877846669029,0.4657739803511569,0.77,0.412,0.466,True,999,0.00011329201515763998,0.0026533750351518393,near_5x5_bal_strong_1000,near_boundary,False,1885,1389927733,1.887379141862766e-15,0,5
1000,1000,0.01501200338594888,0.016253183335691423,0.0069101300005058874,0.008127416079844352,-0.0012411799497425435,-0.0012172860793384643,0.008227001125255384,-0.15086663181950333,-0.14796230859889145,0.8800809231036627,0.8823725141455081,0.96,0.888,0.89,True,999,0.00011912500485777855,0.0026979580288752913,near_5x5_bal_strong_1000,near_boundary,False,1886,1389927733,1.887379141862766e-15,0,5
1000,1000,0.011258430851813106,0.008758444531225651,0.0031573989303979033,0.0007711334561690819,0.002499986320587455,0.0023862654742288214,0.006112722547216412,0.4089808266736872,0.390376866575675,0.6825537318131609,0.6962578914007578,0.924,0.68,0.692,True,999,0.00012049998622387648,0.0027514579705893993,near_5x5_bal_strong_1000,near_boundary,False,1887,1389927733,1.887379141862766e-15,0,6
1000,1000,0.02391782756560934,0.007344913297024969,0.015814154484814935,-0.0043498718149521665,0.01657291426858437,0.0201640262997671,0.007752378640310872,2.137784419146972,2.6010115392091477,0.032534244148992815,0.009294932743996846,0.504,0.034,0.01,True,999,0.00011879194062203169,0.0026701670140028,near_5x5_bal_strong_1000,near_boundary,False,1888,1389927733,1.887379141862766e-15,0,2
1000,1000,0.0129113031231749,0.018493779897332474,0.004810846587815831,0.009894998353956908,-0.005582476774157574,-0.005084151766141076,0.008435339535599716,-0.6617963332237917,-0.6027204648591084,0.5081017564126074,0.5466946649872899,0.791,0.502,0.541,True,999,0.0001157920341938734,0.002695915987715125,near_5x5_bal_strong_1000,near_boundary,False,1889,1389927733,1.887379141862766e-15,0,3
1000,1000,0.014019411194767573,0.008323721745709334,0.005917947212083163,-0.003462561086507776,0.005695689449058239,0.00938050829859094,0.0068242663132561535,0.8346229744865538,1.3745812176716024,0.4039300224003495,0.16926131488149865,0.8,0.412,0.173,True,999,0.00011625001206994057,0.0027181670302525163,near_5x5_bal_strong_1000,near_boundary,False,1890,1389927733,1.887379141862766e-15,0,3
1000,1000,0.012862447226334783,0.010783103980960829,0.004761542080814252,0.003999131125624444,0.0020793432453739547,0.0007624109551898073,0.006710771549391816,0.3098515915897035,0.1136100297228719,0.756673816529407,0.9095469362656149,0.923,0.763,0.905,True,999,0.00011320796329528093,0.002657625009305775,near_5x5_bal_strong_1000,near_boundary,False,1891,1389927733,1.887379141862766e-15,0,8
1000,1000,0.005246041163603277,0.024691886135846774,-0.0028527083966309874,0.015625049365780797,-0.019445844972243498,-0.018477757762411784,0.008545915113420772,-2.2754549646421287,-2.1621742688964622,0.0228786513459946,0.030604746101790963,0.38,0.023,0.031,True,999,0.00011741707567125559,0.0027411660412326455,near_5x5_bal_strong_1000,near_boundary,False,1892,1389927733,1.887379141862766e-15,0,4
1000,1000,0.018738261580995452,0.021074196608149243,0.010634813148953981,0.01337199892782337,-0.0023359350271537904,-0.0027371857788693887,0.009224258220985408,-0.25323825192138294,-0.296737766148201,0.8000841088674736,0.7666667217252765,0.917,0.796,0.765,True,999,0.00011733302380889654,0.002681249985471368,near_5x5_bal_strong_1000,near_boundary,False,1893,1389927733,1.887379141862766e-15,0,5
1000,1000,0.021536249952984532,0.017340197172548533,0.013433020656293593,0.009028794503876725,0.004196052780435999,0.004404226152416868,0.009116295705224188,0.46028045997141226,0.4831157626768272,0.6453149247668277,0.6290135425428536,0.864,0.652,0.637,True,999,0.00011412508320063353,0.002609416958875954,near_5x5_bal_strong_1000,near_boundary,False,1894,1389927733,1.887379141862766e-15,0,6
1000,1000,0.004105877999128538,0.01597251403734562,-0.0039947022603428195,0.008854805718613079,-0.011866636038217082,-0.012849507978955899,0.007018126401357952,-1.6908552738407479,-1.8309028997354082,0.09086444734837847,0.06711503746042452,0.595,0.09,0.066,True,999,0.00012574996799230576,0.002762416028417647,near_5x5_bal_strong_1000,near_boundary,False,1895,1389927733,1.887379141862766e-15,0,8
1000,1000,0.00624536148108934,0.015339328709113365,-0.0018548566415574896,0.004979649497329319,-0.009093967228024025,-0.006834506138886809,0.007245326213898585,-1.2551494521501632,-0.9432986089399664,0.20942451128696493,0.34552818720124057,0.682,0.205,0.339,True,999,0.00011904106941074133,0.002705249935388565,near_5x5_bal_strong_1000,near_boundary,False,1896,1389927733,1.887379141862766e-15,0,4
1000,1000,0.011189542271817565,0.014869412391008752,0.003087782250076998,0.007250509251491621,-0.0036798701191911865,-0.004162727001414623,0.0072352650124322855,-0.5086019811116941,-0.5753385666263572,0.6110312400456785,0.5650623433187991,0.849,0.599,0.556,True,999,0.00011845806147903204,0.0026525839930400252,near_5x5_bal_strong_1000,near_boundary,False,1897,1389927733,1.887379141862766e-15,0,6
1000,1000,0.023793745727756166,0.008120676447114838,0.01568721083526725,-0.003347642408130014,0.015673069280641327,0.019034853243397265,0.007813960628143886,2.0057778668849373,2.436005778534204,0.04487995309866104,0.014850447290138662,0.511,0.045,0.016,True,999,0.00011229095980525017,0.002689791959710419,near_5x5_bal_strong_1000,near_boundary,False,1898,1389927733,1.887379141862766e-15,0,3
1000,1000,0.008605442146175646,0.008666078170385227,0.0005046235667123256,0.001815238817300724,-6.0636024209581585e-05,-0.0013106152505883983,0.005558261084196457,-0.010909171643985048,-0.23579591363831562,0.9912959130200613,0.8135910392086493,1.0,0.994,0.817,True,999,0.00011725001968443394,0.002680750098079443,near_5x5_bal_strong_1000,near_boundary,False,1899,1389927733,1.887379141862766e-15,0,8
1000,1000,0.015291938182192766,0.01349141306006707,0.007189847205381739,0.006089237900880562,0.0018005251221256957,0.0011006093045011767,0.0077063967209666,0.23364033637498213,0.14281762856910502,0.8152642103696703,0.8864342142186601,0.951,0.825,0.899,True,999,0.00011937494855374098,0.002689667046070099,near_5x5_bal_strong_1000,near_boundary,False,1900,1389927733,1.887379141862766e-15,0,7
1000,1000,0.015441735751558161,0.01360642019173014,0.007339278718745845,0.008279370136335729,0.0018353155598280213,-0.0009400914175898833,0.007511056763730348,0.24434851413857725,-0.12516100558971002,0.8069609130659373,0.900396087462537,0.938,0.811,0.901,True,999,0.00012020894791930914,0.002731667016632855,near_5x5_bal_strong_1000,near_boundary,False,1901,1389927733,1.887379141862766e-15,0,9
1000,1000,0.01047899292970711,0.01246033944403746,0.0023785586097346822,0.005180040971026756,-0.001981346514330351,-0.0028014823612920736,0.006748523933441488,-0.29359701971449337,-0.4151252020326503,0.7690658533926806,0.6780502511178885,0.926,0.757,0.667,True,999,0.00011745805386453867,0.002706749946810305,near_5x5_bal_strong_1000,near_boundary,False,1902,1389927733,1.887379141862766e-15,0,7
1000,1000,0.008864964111635176,0.009936776202503106,0.0007650190825643222,-5.018647584620339e-05,-0.0010718120908679296,0.0008152055584105256,0.006032109045930722,-0.17768446868363183,0.13514436695411958,0.8589707833429846,0.8924977321643023,0.964,0.849,0.892,True,999,0.00011787505354732275,0.002678083023056388,near_5x5_bal_strong_1000,near_boundary,False,1903,1389927733,1.887379141862766e-15,0,4
1000,1000,0.013115879816034015,0.015964409656561263,0.005015020280552562,0.004616136024765183,-0.0028485298405272474,0.0003988842557873795,0.008301275037280042,-0.3431436529611219,0.0480509625323866,0.7314903922365616,0.9616756272563045,0.903,0.722,0.958,True,999,0.00011837505735456944,0.002717415918596089,near_5x5_bal_strong_1000,near_boundary,False,1904,1389927733,1.887379141862766e-15,0,3
1000,1000,0.009052860640525795,0.01731793743207366,0.0009518609672340972,0.009143853846353522,-0.008265076791547865,-0.008191992879119425,0.007616516800086901,-1.0851517837462874,-1.0755563329192628,0.27785443528357245,0.2821257255723233,0.728,0.269,0.274,True,999,0.00011787505354732275,0.0026840410428121686,near_5x5_bal_strong_1000,near_boundary,False,1905,1389927733,1.887379141862766e-15,0,5
1000,1000,0.01073353531657184,0.012507580543035857,0.0026335730090067955,0.004631176467057685,-0.001774045226464016,-0.0019976034580508895,0.006766473890089559,-0.26218164073053646,-0.2952207442899702,0.7931814070232177,0.7678252561845971,0.928,0.801,0.772,True,999,0.00011795805767178535,0.002666250104084611,near_5x5_bal_strong_1000,near_boundary,False,1906,1389927733,1.887379141862766e-15,0,5
1000,1000,0.016420188736165464,0.010468373233320227,0.00831833746610755,-0.0003406232538623044,0.005951815502845237,0.008658960719969855,0.00744808722262924,0.799106579305632,1.1625750962826622,0.42422861498397757,0.2450019397418347,0.804,0.41,0.223,True,999,0.00011862500105053186,0.0027236250462010503,near_5x5_bal_strong_1000,near_boundary,False,1907,1389927733,1.887379141862766e-15,0,4
1000,1000,0.01689723355631867,0.015688892887701533,0.008795184835435066,0.008054658614241816,0.001208340668617136,0.0007405262211932495,0.008168981858032854,0.1479181481384894,0.09065098124377195,0.8824073656155877,0.9277699214841147,0.959,0.882,0.93,True,999,0.00011779204942286015,0.0026937919901683927,near_5x5_bal_strong_1000,near_boundary,False,1908,1389927733,1.887379141862766e-15,0,6
1000,1000,0.012599450016382852,0.011296217587848156,0.004498275595551604,0.0016923385069276264,0.0013032324285346952,0.0028059370886239776,0.007083810250421393,0.18397336778708465,0.39610562528224996,0.8540343477219002,0.6920271086251861,0.949,0.85,0.693,True,999,0.00011812499724328518,0.0026487919967621565,near_5x5_bal_strong_1000,near_boundary,False,1909,1389927733,1.887379141862766e-15,0,4
1000,1000,0.010243778371322954,0.012961067213483557,0.0021422001784685563,0.005634967986736683,-0.0027172888421606034,-0.003492767808268127,0.006664497830015975,-0.40772596997815963,-0.5240856696714918,0.6834748690207743,0.6002189552679451,0.898,0.669,0.597,True,999,0.00011641695164144039,0.0027175829745829105,near_5x5_bal_strong_1000,near_boundary,False,1910,1389927733,1.887379141862766e-15,0,7
1000,1000,0.012135947094980226,0.010116591981228662,0.004034941184727359,0.0010841556747891445,0.002019355113751564,0.002950785509938214,0.006361174378453261,0.3174500483105097,0.46387433111929666,0.7509021363897022,0.6427377843979323,0.929,0.733,0.619,True,999,0.00011662498582154512,0.0026925839483737946,near_5x5_bal_strong_1000,near_boundary,False,1911,1389927733,1.887379141862766e-15,0,5
1000,1000,0.01953262219972096,0.006094938436943864,0.011430212418417796,-0.002913448630579296,0.013437683762777097,0.014343661048997092,0.006572741318440821,2.0444565078311605,2.1822950811640465,0.04090846979652269,0.02908776180816692,0.548,0.034,0.024,True,999,0.00012558302842080593,0.0026344169164076447,near_5x5_bal_strong_1000,near_boundary,False,1912,1389927733,1.887379141862766e-15,0,7
1000,1000,0.010564905860069196,0.012060946522491067,0.0024648295225233596,0.004688759587963887,-0.0014960406624218714,-0.002223930065440527,0.0064657274663179175,-0.23138009917913105,-0.34395666644251616,0.8170195242796516,0.7308788751121738,0.94,0.834,0.755,True,999,0.0001218749675899744,0.002738832961767912,near_5x5_bal_strong_1000,near_boundary,False,1913,1389927733,1.887379141862766e-15,0,7
1000,1000,0.00940701231690122,0.014771693739032532,0.0013069447861653316,0.005432349115949364,-0.005364681422131312,-0.004125404329784033,0.007322679321846492,-0.7326118195735152,-0.5633736161948668,0.4637952200979818,0.5731804991594331,0.791,0.451,0.563,True,999,0.00011912500485777855,0.0028345839818939567,near_5x5_bal_strong_1000,near_boundary,False,1914,1389927733,1.887379141862766e-15,0,5
1000,1000,0.010470303240798673,0.015050286153976133,0.0023692072136327624,0.004779513484777453,-0.0045799829131774605,-0.002410306271144691,0.007573042888247454,-0.6047744586637823,-0.3182744778700813,0.5453288666336451,0.7502767422234321,0.837,0.553,0.733,True,999,0.0001258340198546648,0.002676250063814223,near_5x5_bal_strong_1000,near_boundary,False,1915,1389927733,1.887379141862766e-15,0,3
1000,1000,0.01968668584401989,0.01695394129055311,0.011583524243178545,0.0083651563805347,0.0027327445534667816,0.003218367862643845,0.00894497144621851,0.3055062355310313,0.35979632601336153,0.7599806215751855,0.7189994508743349,0.899,0.771,0.725,True,999,0.00012679200153797865,0.0027528750943019986,near_5x5_bal_strong_1000,near_boundary,False,1916,1389927733,1.887379141862766e-15,0,5
1000,1000,0.012554507792737146,0.016585974385227575,0.004452917183243699,0.0076252916239809565,-0.004031466592490429,-0.003172374440737258,0.008051155709324407,-0.5007314152204764,-0.39402721239923205,0.6165601597810881,0.6935609485150902,0.863,0.631,0.718,True,999,0.00012816698290407658,0.0026591250207275152,near_5x5_bal_strong_1000,near_boundary,False,1917,1389927733,1.887379141862766e-15,0,5
1000,1000,0.005686520280838492,0.00894782472118516,-0.0024130997589963954,0.0013927884857594108,-0.0032613044403466684,-0.0038058882447558062,0.004888251074102879,-0.6671720398374182,-0.7785787159990111,0.5046622485903781,0.43622792083955286,0.89,0.493,0.423,True,999,0.00011858402285724878,0.00273033301346004,near_5x5_bal_strong_1000,near_boundary,False,1918,1389927733,1.887379141862766e-15,0,8
1000,1000,0.018030479187795656,0.013807243021478066,0.009927557133323717,0.008454948911776228,0.00422323616631759,0.001472608221547489,0.007876402813149611,0.5361884436975367,0.18696456446957965,0.5918283194984006,0.8516884164492179,0.87,0.603,0.865,True,999,0.0001461670035496354,0.002694958937354386,near_5x5_bal_strong_1000,near_boundary,False,1919,1389927733,1.887379141862766e-15,0,9
1000,1000,0.01127356441385241,0.021874080249455474,0.0031732015916077216,0.014804681991790858,-0.010600515835603064,-0.011631480400183136,0.008574309965281458,-1.236311245864214,-1.356550025282568,0.21634289249369076,0.17492422999456214,0.637,0.211,0.171,True,999,0.00013100006617605686,0.002639333950355649,near_5x5_bal_strong_1000,near_boundary,False,1920,1389927733,1.887379141862766e-15,0,6
1000,1000,0.009770305036595595,0.011046571954862805,0.001669872362526803,0.0016722672809805772,-0.0012762669182672104,-2.394918453774153e-06,0.006634750607797643,-0.19236094824231198,-0.00036096585920795124,0.847459479900281,0.9997119909202155,0.954,0.847,1.0,True,999,0.00011791696306318045,0.0026766660157591105,near_5x5_bal_strong_1000,near_boundary,False,1921,1389927733,1.887379141862766e-15,0,5
1000,1000,0.011137450959946449,0.021294371099652265,0.003037341893559642,0.012099839126733514,-0.010156920139705816,-0.009062497233173872,0.009012227947759539,-1.1270154504060066,-1.0055778976858691,0.2597359486088786,0.3146186603564938,0.657,0.25,0.311,True,999,0.00011641706805676222,0.002792541985400021,near_5x5_bal_strong_1000,near_boundary,False,1922,1389927733,1.887379141862766e-15,0,4
1000,1000,0.010571946772142127,0.009609741339361544,0.0024719211419323983,0.005035545870214264,0.0009622054327805829,-0.002563624728281866,0.0058960492885699696,0.1631949438831704,-0.4348038157095611,0.8703649470387809,0.6637048350263313,0.959,0.854,0.654,True,999,0.00012495799455791712,0.00268341600894928,near_5x5_bal_strong_1000,near_boundary,False,1923,1389927733,1.887379141862766e-15,0,11
1000,1000,0.006300105107395204,0.014124482888317802,-0.001799698736931532,0.0071572850089864914,-0.007824377780922598,-0.008956983745918023,0.006415760934175546,-1.2195556943594352,-1.3960906333348337,0.22263335073595036,0.16268720408175164,0.736,0.212,0.143,True,999,0.00011925003491342068,0.002664207946509123,near_5x5_bal_strong_1000,near_boundary,False,1924,1389927733,1.887379141862766e-15,0,7
1000,1000,0.015938404040513943,0.02260828550599192,0.00783626304723839,0.012715951785366997,-0.006669881465477978,-0.004879688738128607,0.009571828215615296,-0.6968241923310807,-0.5097969403763407,0.4859128241352194,0.6101937294346561,0.786,0.491,0.602,True,999,0.0001254579983651638,0.002794874948449433,near_5x5_bal_strong_1000,near_boundary,False,1925,1389927733,1.887379141862766e-15,0,4
1000,1000,0.010875219150615179,0.015138996322213438,0.0027745145121116366,0.004191204561209361,-0.00426377717159826,-0.0014166900490977241,0.00769186236529346,-0.5543231234657678,-0.18418036904690174,0.5793577279275172,0.8538719592599324,0.852,0.571,0.848,True,999,0.00012204202357679605,0.0026663329917937517,near_5x5_bal_strong_1000,near_boundary,False,1926,1389927733,1.887379141862766e-15,0,3
1000,1000,0.016466558737538772,0.00988530813881383,0.00836544717662946,-0.0005364807705632302,0.0065812505987249414,0.00890192794719269,0.0073850267485631674,0.8911613759564773,1.2054022619382727,0.3728426019922584,0.2280480487119374,0.78,0.39,0.221,True,999,0.00011658400762826204,0.0026805420638993382,near_5x5_bal_strong_1000,near_boundary,False,1927,1389927733,1.887379141862766e-15,0,4
1000,1000,0.0065962201162570455,0.011492892625054263,-0.0015042775407891895,0.00323204680495337,-0.004896672508797217,-0.00473632434574256,0.005722607641344546,-0.8556715427106807,-0.8276514209228127,0.3921794850870971,0.40786793817970146,0.813,0.365,0.379,True,999,0.00013008294627070427,0.0027327920543029904,near_5x5_bal_strong_1000,near_boundary,False,1928,1389927733,1.887379141862766e-15,0,5
1000,1000,0.011531255301897136,0.01021387371764626,0.0034311164824885054,0.00013130071397426946,0.0013173815842508763,0.003299815768514236,0.006561884880942632,0.2007626784305352,0.5028762052954835,0.8408841470132908,0.6150513114692673,0.954,0.853,0.635,True,999,0.00012441701255738735,0.0026268749497830868,near_5x5_bal_strong_1000,near_boundary,False,1929,1389927733,1.887379141862766e-15,0,4
1000,1000,0.018418816970395824,0.014372571037557513,0.010316852064534032,0.006651586424595735,0.0040462459328383105,0.0036652656399382977,0.008124560991767992,0.4980264086807974,0.4511339927969076,0.6184654285784061,0.6518929793856554,0.845,0.596,0.631,True,999,0.00012404192239046097,0.0026959999231621623,near_5x5_bal_strong_1000,near_boundary,False,1930,1389927733,1.887379141862766e-15,0,7
1000,1000,0.014495325429712214,0.01224233011437309,0.006394519688683431,0.005503000369571964,0.0022529953153391236,0.0008915193191114668,0.00743299083920879,0.30310750599269476,0.11994086073787832,0.7618079341190092,0.9045299959079709,0.94,0.778,0.919,True,999,0.00012312503531575203,0.0027199999894946814,near_5x5_bal_strong_1000,near_boundary,False,1931,1389927733,1.887379141862766e-15,0,8
1000,1000,0.005615231292688483,0.010461355378822534,-0.002484390834297301,0.005270981887633752,-0.0048461240861340515,-0.007755372721931053,0.005515536431333831,-0.8786315069198275,-1.4060958201404825,0.3796011068380132,0.15969567340531077,0.851,0.369,0.143,True,999,0.00012049998622387648,0.0026648330967873335,near_5x5_bal_strong_1000,near_boundary,False,1932,1389927733,1.887379141862766e-15,0,10
1000,1000,0.012549241790947407,0.01970466228103268,0.0044478926129158936,0.01023491310195368,-0.007155420490085274,-0.005787020489037786,0.0085940086219368,-0.8326056913441499,-0.6733784830359627,0.4050671481366982,0.5007065339476193,0.748,0.396,0.498,True,999,0.00011899997480213642,0.0027001670096069574,near_5x5_bal_strong_1000,near_boundary,False,1933,1389927733,1.887379141862766e-15,0,4
1000,1000,0.008557828399566425,0.00985959776299511,0.0004568124240904581,0.0016685842145989227,-0.0013017693634286842,-0.0012117717905084646,0.00575566923916378,-0.22617167688701542,-0.21053534179189884,0.821067898443999,0.8332498709685129,0.955,0.833,0.849,True,999,0.00011966691818088293,0.002748708939179778,near_5x5_bal_strong_1000,near_boundary,False,1934,1389927733,1.887379141862766e-15,0,7
1000,1000,0.014100847439707298,0.016316646995961026,0.006000115487950097,0.007731170580882463,-0.002215799556253728,-0.0017310550929323654,0.00812910758723892,-0.2725759909651204,-0.21294528019899467,0.7851791697342139,0.8313696437573946,0.912,0.78,0.813,True,999,0.00011975003872066736,0.002653790987096727,near_5x5_bal_strong_1000,near_boundary,False,1935,1389927733,1.887379141862766e-15,0,5
1000,1000,0.013081143909374093,0.014082684183459038,0.004980199160854681,0.0033709990309489513,-0.0010015402740849444,0.0016092001299057301,0.007742736806159012,-0.12935223024606265,0.20783350515358873,0.8970789447757589,0.8353589704558874,0.965,0.891,0.824,True,999,0.00011870800517499447,0.0026917910436168313,near_5x5_bal_strong_1000,near_boundary,False,1936,1389927733,1.887379141862766e-15,0,4
1000,1000,0.012047961248183858,0.018363556750951415,0.003947740039848213,0.00928393253758486,-0.006315595502767557,-0.005336192497736647,0.008190943906906088,-0.7710461180722584,-0.6514746723192069,0.440679596393045,0.5147401215440253,0.78,0.426,0.516,True,999,0.00011870905291289091,0.0027122499886900187,near_5x5_bal_strong_1000,near_boundary,False,1937,1389927733,1.887379141862766e-15,0,6
1000,1000,0.014024111017580276,0.010326726263889752,0.005923480977799045,0.0031368345752866844,0.0036973847536905247,0.0027866464025123605,0.006653624989076251,0.5556947919007752,0.41881627039206515,0.5784195175234841,0.6753504129715809,0.854,0.54,0.645,True,999,0.00011929194442927837,0.0026371669955551624,near_5x5_bal_strong_1000,near_boundary,False,1938,1389927733,1.887379141862766e-15,0,8
1000,1000,0.016881909375785042,0.021382411176856186,0.008779338799968173,0.016115260659773867,-0.004500501801071144,-0.007335921859805694,0.008954313215949897,-0.5026071450186277,-0.8192612524139273,0.6152405048141882,0.41263737456019467,0.845,0.6,0.401,True,999,0.00011670798994600773,0.0027113750111311674,near_5x5_bal_strong_1000,near_boundary,False,1939,1389927733,1.887379141862766e-15,0,9
1000,1000,0.010177155140339345,0.01459305036211811,0.002074933021049219,0.008378317144092762,-0.004415895221778765,-0.006303384123043543,0.006809478074397974,-0.648492464992506,-0.9256780114679825,0.5166664827803056,0.35461333831908715,0.846,0.499,0.328,True,999,0.00011633301619440317,0.0027597500011324883,near_5x5_bal_strong_1000,near_boundary,False,1940,1389927733,1.887379141862766e-15,0,7
1000,1000,0.011712310696270434,0.010539388994002863,0.003612036757886017,0.0003452834462791543,0.0011729217022675709,0.0032667533116068626,0.006676761519185843,0.1756722475255632,0.48927212724608543,0.8605514394659118,0.6246490514193579,0.966,0.855,0.643,True,999,0.00012787501327693462,0.0026495420606806874,near_5x5_bal_strong_1000,near_boundary,False,1941,1389927733,1.887379141862766e-15,0,5
1000,1000,0.014129391668142866,0.02064610016573687,0.006026559241263385,0.0129420018475912,-0.006516708497594004,-0.006915442606327815,0.009215206183394352,-0.7071690386414797,-0.7504381853972326,0.47946143668429375,0.45299084007201407,0.787,0.474,0.455,True,999,0.00011933292262256145,0.0026976249646395445,near_5x5_bal_strong_1000,near_boundary,False,1942,1389927733,1.887379141862766e-15,0,7
1000,1000,0.010195943554225595,0.009390326679743932,0.0020959305168162246,0.0013581847879322595,0.0008056168744816627,0.0007377457288839651,0.005972507752590701,0.13488753934763995,0.12352361176324173,0.8927007916682044,0.9016924779831005,0.962,0.885,0.894,True,999,0.00011833303142338991,0.002686916966922581,near_5x5_bal_strong_1000,near_boundary,False,1943,1389927733,1.887379141862766e-15,0,6
1000,1000,0.004936639380743513,0.024861143025276866,-0.0031620812001165177,0.014797477389436153,-0.019924503644533353,-0.01795955858955267,0.008756121927067503,-2.275494084080923,-2.051085941829441,0.022876307165219035,0.04025857811172649,0.405,0.015,0.026,True,999,0.00012199999764561653,0.0026610419154167175,near_5x5_bal_strong_1000,near_boundary,False,1944,1389927733,1.887379141862766e-15,0,3
1000,1000,0.016620497385300803,0.01686344344993984,0.008518332722132982,0.008393204498247542,-0.000242946064639038,0.0001251282238854401,0.008247369355036747,-0.02945740080025257,0.015171895243059908,0.9764997934214231,0.9878950434286321,0.991,0.982,0.989,True,999,0.00012037495616823435,0.0027320830849930644,near_5x5_bal_strong_1000,near_boundary,False,1945,1389927733,1.887379141862766e-15,0,5
1000,1000,0.013023884493920335,0.014302560438799294,0.0049228512084482645,0.006878195476190285,-0.0012786759448789597,-0.0019553442677420207,0.007701442366125001,-0.1660307101048045,-0.2538932546379435,0.8681327824042085,0.7995780261050283,0.953,0.863,0.797,True,999,0.00011866702698171139,0.002710832981392741,near_5x5_bal_strong_1000,near_boundary,False,1946,1389927733,1.887379141862766e-15,0,7
1000,1000,0.010335542329952263,0.007224428891951906,0.002235207571175124,-0.0026266871827829164,0.003111113438000357,0.00486189475395804,0.0056136166982717105,0.5542083838674253,0.8660895489096885,0.5794362412703478,0.386441056004567,0.891,0.591,0.384,True,999,0.00012750003952533007,0.0026139579713344574,near_5x5_bal_strong_1000,near_boundary,False,1947,1389927733,1.887379141862766e-15,0,5
1000,1000,0.011575763715329757,0.009279014356987914,0.0034751215837331983,0.0018619369176917644,0.002296749358341843,0.001613184666041434,0.006209131138302086,0.36989867135740656,0.2598084385897777,0.7114579914450958,0.7950115413756066,0.906,0.699,0.786,True,999,0.000120542012155056,0.002731707994826138,near_5x5_bal_strong_1000,near_boundary,False,1948,1389927733,1.887379141862766e-15,0,7
1000,1000,0.015768428346599972,0.014285208558203921,0.0076667381608785945,0.009005934620972766,0.0014832197883960507,-0.001339196460094172,0.0077269766284472855,0.19195344566405134,-0.17331441836692596,0.8477786721887022,0.8624042909752703,0.952,0.853,0.866,True,999,0.00012245902325958014,0.002711292007006705,near_5x5_bal_strong_1000,near_boundary,False,1949,1389927733,1.887379141862766e-15,0,9
1000,1000,0.014311110412852157,0.02112788376510122,0.006209446533148366,0.01441727393734027,-0.0068167733522490614,-0.008207827404191903,0.008985096880682279,-0.7586755538390404,-0.9134934784997717,0.44804666404286153,0.3609830619283213,0.768,0.45,0.367,True,999,0.0001319999573752284,0.002676083007827401,near_5x5_bal_strong_1000,near_boundary,False,1950,1389927733,1.887379141862766e-15,0,6
1000,1000,0.01101559001821606,0.015610883932762776,0.0029153910063541844,0.008206257414030915,-0.004595293914546716,-0.005290866407676731,0.007831699956479749,-0.5867556137342427,-0.6755706215863394,0.5573678510118298,0.4993132992673416,0.842,0.552,0.496,True,999,0.0001232079230248928,0.002727875020354986,near_5x5_bal_strong_1000,near_boundary,False,1951,1389927733,1.887379141862766e-15,0,7
1000,1000,0.015685795746793296,0.012847228747291162,0.007584310431639096,0.007474531851187294,0.0028385669995021345,0.00010977858045180255,0.007544332779412751,0.37625156292788664,0.01455113177819652,0.7067298851922781,0.9883902863113798,0.898,0.676,0.983,True,999,0.00011979194823652506,0.0026874160394072533,near_5x5_bal_strong_1000,near_boundary,False,1952,1389927733,1.887379141862766e-15,0,9
1000,1000,0.01751098285764696,0.007406052884977754,0.009406227729868988,0.00016697779057039952,0.010104929972669208,0.009239249939298588,0.006994297891979018,1.444738289493993,1.3209688923736085,0.14853141054160326,0.18651173675668709,0.667,0.145,0.188,True,999,0.00012075004633516073,0.0026754169957712293,near_5x5_bal_strong_1000,near_boundary,False,1953,1389927733,1.887379141862766e-15,0,8
1000,1000,0.007420644813058708,0.009721550281214686,-0.0006786570670556102,0.00248245924569801,-0.002300905468155978,-0.00316111631275362,0.005527549406353109,-0.41626140247818033,-0.571883863963365,0.6772187329280424,0.5674006564706416,0.917,0.656,0.542,True,999,0.00014254206325858831,0.0027349580777809024,near_5x5_bal_strong_1000,near_boundary,False,1954,1389927733,1.887379141862766e-15,0,8
1000,1000,0.012088784540508435,0.01826418627867865,0.003987500040011582,0.007033550631263097,-0.006175401738170216,-0.0030460505912515146,0.008663140996328972,-0.7128363420134867,-0.35161041388363484,0.4759470343340664,0.7251304541844317,0.788,0.48,0.731,True,999,0.00012166600208729506,0.0027322500245645642,near_5x5_bal_strong_1000,near_boundary,False,1955,1389927733,1.887379141862766e-15,0,2
1000,1000,0.010783939779801077,0.012452585171098707,0.0026826223622720136,0.0004594147578131924,-0.0016686453912976296,0.002223207604458821,0.007267837269563494,-0.22959311407337665,0.3058967230553233,0.8184079581289958,0.7596832810697299,0.936,0.812,0.748,True,999,0.00012229196727275848,0.002666875021532178,near_5x5_bal_strong_1000,near_boundary,False,1956,1389927733,1.887379141862766e-15,0,2
1000,1000,0.005857415403342614,0.009123836324579804,-0.0022418032719997427,0.000524295266984609,-0.0032664209212371897,-0.0027660985389843518,0.005317960736095566,-0.6142243396169541,-0.5201427156484075,0.5390670916172211,0.6029641081152971,0.876,0.535,0.597,True,999,0.00011866702698171139,0.0027620840119197965,near_5x5_bal_strong_1000,near_boundary,False,1957,1389927733,1.887379141862766e-15,0,5
1000,1000,0.012397507179784606,0.012632941638532014,0.004295328790931308,0.0036175193602616673,-0.00023543445874740776,0.0006778094306696403,0.007191769939832188,-0.03273665046533752,0.09424793011182671,0.9738845966998905,0.9249122114652583,0.992,0.969,0.908,True,999,0.00011791707947850227,0.002645749947987497,near_5x5_bal_strong_1000,near_boundary,False,1958,1389927733,1.887379141862766e-15,0,5
1000,1000,0.02081726788526228,0.012846759943983654,0.012712098979136499,0.007426983753987315,0.007970507941278626,0.005285115225149184,0.007911289098183626,1.0074853595109545,0.6680472878133865,0.31370158977476514,0.504103407842327,0.732,0.301,0.513,True,999,0.00012433307711035013,0.0026707079960033298,near_5x5_bal_strong_1000,near_boundary,False,1959,1389927733,1.887379141862766e-15,0,9
1000,1000,0.014046083605872894,0.01764145966681313,0.005944816285591514,0.008457150613764952,-0.0035953760609402363,-0.002512334328173438,0.008558769564022727,-0.4200809513617008,-0.2935391950186599,0.6744263176804144,0.7691100449375563,0.871,0.645,0.749,True,999,0.00011820800136774778,0.0027293330058455467,near_5x5_bal_strong_1000,near_boundary,False,1960,1389927733,1.887379141862766e-15,0,4
1000,1000,0.009490087517482815,0.01666495505741661,0.0013904177465065004,0.0095406789870367,-0.0071748675399337936,-0.008150261240530199,0.007428269412593358,-0.965886822544432,-1.0971951591729867,0.3341008168922416,0.2725560888468722,0.746,0.335,0.275,True,999,0.00016733293887227774,0.002671582973562181,near_5x5_bal_strong_1000,near_boundary,False,1961,1389927733,1.887379141862766e-15,0,6
1000,1000,0.008881233723352144,0.016228461372750858,0.0007814517641691054,0.008282162542968763,-0.007347227649398713,-0.007500710778799657,0.007555224045332966,-0.972469857321738,-0.9927846922597904,0.3308168534421674,0.3208148913935276,0.727,0.309,0.298,True,999,0.00011987495236098766,0.0026735829887911677,near_5x5_bal_strong_1000,near_boundary,False,1962,1389927733,1.887379141862766e-15,0,6
1000,1000,0.014000659846268082,0.012608409921328556,0.005898789940602001,0.0023472943877322905,0.001392249924939526,0.00355149555286971,0.007333197099116261,0.18985578951741375,0.48430384522157577,0.849422137134569,0.6281702474102628,0.948,0.835,0.634,True,999,0.00011812499724328518,0.002759624971076846,near_5x5_bal_strong_1000,near_boundary,False,1963,1389927733,1.887379141862766e-15,0,4
1000,1000,0.014461298227544939,0.018272251008302043,0.006359761860267099,0.013361897985475935,-0.003810952780757104,-0.0070021361252088354,0.008147912207309685,-0.46772138479084346,-0.8593779543828483,0.6399838463149978,0.3901320284603703,0.885,0.655,0.409,True,999,0.0001212080242112279,0.0026418749475851655,near_5x5_bal_strong_1000,near_boundary,False,1964,1389927733,1.887379141862766e-15,0,9
1000,1000,0.013098829779972343,0.020438883050368784,0.004998115392709224,0.012610180471426702,-0.0073400532703964405,-0.007612065078717478,0.008692265266780875,-0.8444350287430635,-0.8757285753586486,0.3984263551276307,0.38117760693839087,0.753,0.364,0.353,True,999,0.00011912500485777855,0.0026656249538064003,near_5x5_bal_strong_1000,near_boundary,False,1965,1389927733,1.887379141862766e-15,0,6
1000,1000,0.01435779452153585,0.018369641196966713,0.006256142277379695,0.011389726401432654,-0.0040118466754308635,-0.005133584124052959,0.008544861005211197,-0.4695040297301718,-0.6007802960074101,0.6387094051358013,0.5479863296121403,0.863,0.622,0.541,True,999,0.0001332079991698265,0.002737749950028956,near_5x5_bal_strong_1000,near_boundary,False,1966,1389927733,1.887379141862766e-15,0,7
1000,1000,0.01578787878468657,0.014711513870185766,0.00768588264236314,0.0041239557459107345,0.0010763649145008047,0.0035619268964524053,0.008236510797829898,0.13068214695771396,0.43245580366274494,0.8960267558791672,0.6654101674941842,0.954,0.886,0.666,True,999,0.0001252919901162386,0.00265495793428272,near_5x5_bal_strong_1000,near_boundary,False,1967,1389927733,1.887379141862766e-15,0,3
1000,1000,0.015156245433416649,0.01514793090555605,0.007054838001749886,0.0060176863776177925,8.314527860597831e-06,0.0010371516241320933,0.008226576859669448,0.0010106910811664037,0.12607329170127843,0.9991935853278878,0.8996739088898467,1.0,1.0,0.905,True,999,0.00012016703840345144,0.002701584016904235,near_5x5_bal_strong_1000,near_boundary,False,1968,1389927733,1.887379141862766e-15,0,6
1000,1000,0.0121810486229732,0.018541410920461132,0.004080330815668276,0.011227664694899886,-0.0063603622974879315,-0.00714733387923161,0.008048860413696958,-0.7902189838780574,-0.8879932700868812,0.42939989114971866,0.37454437141233154,0.788,0.417,0.364,True,999,0.00012208300177007914,0.0027390000177547336,near_5x5_bal_strong_1000,near_boundary,False,1969,1389927733,1.887379141862766e-15,0,5
1000,1000,0.011385694235499288,0.013163298963938141,0.00328510460826692,0.006743633003736704,-0.001777604728438853,-0.0034585283954697843,0.006690257828152008,-0.2657004818198263,-0.5169499418866349,0.7904698922792315,0.6051911033446011,0.938,0.76,0.569,True,999,0.0001212080242112279,0.0026503329863771796,near_5x5_bal_strong_1000,near_boundary,False,1970,1389927733,1.887379141862766e-15,0,8
1000,1000,0.012278784473393811,0.013531759900702656,0.004177911817578206,0.0069308184510532556,-0.0012529754273088445,-0.0027529066334750496,0.007249245461928351,-0.1728421852852454,-0.37975078205487567,0.8627754769697746,0.7041304203241546,0.955,0.86,0.712,True,999,0.00012183294165879488,0.00270641699898988,near_5x5_bal_strong_1000,near_boundary,False,1971,1389927733,1.887379141862766e-15,0,7
1000,1000,0.010608400365941462,0.01348637969976002,0.002508123337975121,0.007500348721521277,-0.002877979333818559,-0.004992225383546156,0.006761055506876043,-0.42567012367989476,-0.7383795885818458,0.6703482350686407,0.4602838145519782,0.9,0.661,0.472,True,999,0.00011908309534192085,0.0027407080633565784,near_5x5_bal_strong_1000,near_boundary,False,1972,1389927733,1.887379141862766e-15,0,8
1000,1000,0.012383296718684988,0.026574493357453044,0.004282188172737733,0.017613302838981326,-0.014191196638768055,-0.013331114666243593,0.009682699113338331,-1.4656240447685787,-1.376797369225221,0.14275073700317967,0.16857490444681977,0.534,0.143,0.175,True,999,0.00012187508400529623,0.0026999589754268527,near_5x5_bal_strong_1000,near_boundary,False,1973,1389927733,1.887379141862766e-15,0,3
1000,1000,0.011276761087962939,0.013612951649013771,0.0031761513600940816,0.0045747937047622145,-0.0023361905610508327,-0.0013986423446681329,0.007327845132460495,-0.31881003471294733,-0.1908667990911137,0.7498705684483415,0.8486299524251112,0.916,0.752,0.837,True,999,0.0001231249189004302,0.0026781250489875674,near_5x5_bal_strong_1000,near_boundary,False,1974,1389927733,1.887379141862766e-15,0,5
1000,1000,0.008403067235107864,0.01712639474160621,0.0003032735594388214,0.007388079633869893,-0.008723327506498346,-0.0070848060744310715,0.00790433571368725,-1.1036129818465223,-0.8963189736694672,0.2697610573855398,0.3700824283658448,0.72,0.287,0.389,True,999,0.00011954200454056263,0.0028118749614804983,near_5x5_bal_strong_1000,near_boundary,False,1975,1389927733,1.887379141862766e-15,0,3
1000,1000,0.011945806380358137,0.017097648636932306,0.003845094078542388,0.007947059888067542,-0.005151842256574168,-0.004101965809525154,0.008124959745526282,-0.6340760345810754,-0.5048598316790129,0.5260312020726178,0.6136572886088172,0.829,0.543,0.64,True,999,0.0001163750421255827,0.0026589580811560154,near_5x5_bal_strong_1000,near_boundary,False,1976,1389927733,1.887379141862766e-15,0,6
1000,1000,0.014328756242744767,0.006863989824323236,0.006226311338423329,-0.006309884101028729,0.007464766418421531,0.012536195439452058,0.006501846333194774,1.14809948372828,1.9280977736199774,0.25092749729421393,0.05384296586769283,0.764,0.271,0.064,True,999,0.00012566708028316498,0.002710915985517204,near_5x5_bal_strong_1000,near_boundary,False,1977,1389927733,1.887379141862766e-15,0,2
1000,1000,0.008767959489714983,0.019942794911577688,0.0006680395740659151,0.012373598461692836,-0.011174835421862706,-0.011705558887626921,0.008268269904560269,-1.351532491180453,-1.4157204618067505,0.17652491914479795,0.15685736503658723,0.61,0.167,0.151,True,999,0.0001230000052601099,0.0027636659797281027,near_5x5_bal_strong_1000,near_boundary,False,1978,1389927733,1.887379141862766e-15,0,6
1000,1000,0.02385474432752277,0.015395314945939542,0.015751744890394548,0.005855712616323672,0.008459429381583228,0.009896032274070876,0.009169817762195463,0.9225297166165107,1.07919617714426,0.35625233717308935,0.2805002834987894,0.725,0.346,0.266,True,999,0.00013554200995713472,0.0027194999856874347,near_5x5_bal_strong_1000,near_boundary,False,1979,1389927733,1.887379141862766e-15,0,4
1000,1000,0.011947370685176928,0.014999837709090746,0.0038465567427010683,0.006666229029860915,-0.0030524670239138185,-0.0028196722871598467,0.007255233909788723,-0.42072620426413077,-0.3886397492099545,0.6739550240185268,0.69754265821296,0.879,0.661,0.685,True,999,0.00012104201596230268,0.002744208090007305,near_5x5_bal_strong_1000,near_boundary,False,1980,1389927733,1.887379141862766e-15,0,6
1000,1000,0.019251344122408254,0.015620507672827966,0.011149329433692401,0.008481761267660204,0.003630836449580288,0.002667568166032197,0.008465550368289278,0.42889549900746843,0.3151086521231413,0.6679992759149538,0.7526791594759785,0.877,0.672,0.755,True,999,0.0001338329166173935,0.0027291671140119433,near_5x5_bal_strong_1000,near_boundary,False,1981,1389927733,1.887379141862766e-15,0,6
1000,1000,0.008698088835132012,0.009695674999970039,0.0005977496743980737,0.0018921821388175886,-0.0009975861648380269,-0.0012944324644195149,0.005779667169974654,-0.1726027010725605,-0.22396314984089152,0.8629637286177295,0.8227859770596437,0.96,0.855,0.818,True,999,0.00013079203199595213,0.0026765000075101852,near_5x5_bal_strong_1000,near_boundary,False,1982,1389927733,1.887379141862766e-15,0,7
1000,1000,0.010749964074622698,0.012686978421947714,0.00264996416581198,0.006315272897609248,-0.0019370143473250168,-0.0036653087317972677,0.006575165915410465,-0.29459550865251366,-0.5574473372917853,0.7683028935666124,0.5772218306102148,0.945,0.775,0.591,True,999,0.00012124993372708559,0.002718708012253046,near_5x5_bal_strong_1000,near_boundary,False,1983,1389927733,1.887379141862766e-15,0,8
1000,1000,0.014281990074355821,0.014635557949811417,0.006180584854064364,0.0076169797996499256,-0.000353567875455596,-0.0014363949455855618,0.0077964116791150425,-0.0453500777034043,-0.184237955190766,0.9638282722346904,0.853826785150599,0.988,0.964,0.863,True,999,0.00012383400462567806,0.0027114589465782046,near_5x5_bal_strong_1000,near_boundary,False,1984,1389927733,1.887379141862766e-15,0,7
1000,1000,0.012527967597702139,0.009715501008048244,0.004426575457046056,-0.002502262043776682,0.0028124665896538947,0.006928837500822738,0.00701792460933686,0.40075474534338884,0.9873057757851093,0.6886007003893067,0.32349276004195626,0.884,0.668,0.305,True,999,0.00011970801278948784,0.002667458029463887,near_5x5_bal_strong_1000,near_boundary,False,1985,1389927733,1.887379141862766e-15,0,1
1000,1000,0.015692706932134204,0.02267054586622541,0.007587814856378827,0.015732930829130964,-0.006977838934091207,-0.008145115972752137,0.009422419729269601,-0.7405570049501615,-0.8644399429002643,0.45896208532636906,0.3873462586487164,0.775,0.45,0.374,True,999,0.00012166600208729506,0.0027420419501140714,near_5x5_bal_strong_1000,near_boundary,False,1986,1389927733,1.887379141862766e-15,0,7
1000,1000,0.01024303534769988,0.012220760710339396,0.0021427934616440325,0.0028449733645175,-0.0019777253626395153,-0.0007021799028734677,0.006839436615412248,-0.28916495229780087,-0.10266633676977846,0.7724551507122782,0.9182277917896977,0.934,0.764,0.918,True,999,0.00011991709470748901,0.0027066669426858425,near_5x5_bal_strong_1000,near_boundary,False,1987,1389927733,1.887379141862766e-15,0,5
1000,1000,0.011368577495920462,0.014088337408064977,0.003267943186301636,0.006323051484741882,-0.002719759912144515,-0.0030551082984402456,0.007507639076295426,-0.3622656716053211,-0.4069332938615052,0.7171535085198046,0.6840569820407505,0.91,0.719,0.68,True,999,0.00011895806528627872,0.002621541963890195,near_5x5_bal_strong_1000,near_boundary,False,1988,1389927733,1.887379141862766e-15,0,7
1000,1000,0.010701616464905861,0.012567071572992305,0.0026006105210854003,0.0015969289574400136,-0.0018654551080864445,0.0010036815636453866,0.007019385432215228,-0.2657576117027286,0.14298709955988803,0.7904258905027737,0.8863003695592034,0.934,0.797,0.895,True,999,0.00012345798313617706,0.002732624998316169,near_5x5_bal_strong_1000,near_boundary,False,1989,1389927733,1.887379141862766e-15,0,3
1000,1000,0.007600324242349243,0.011054755246680592,-0.0004989708638731827,0.004202464439231335,-0.0034544310043313486,-0.0047014353031045175,0.005803868159124195,-0.5951946029133479,-0.8100520504955725,0.5517133975220373,0.41791026098683637,0.863,0.556,0.415,True,999,0.0001194169744849205,0.0027077499544247985,near_5x5_bal_strong_1000,near_boundary,False,1990,1389927733,1.887379141862766e-15,0,8
1000,1000,0.013018077772942949,0.011816667456910013,0.004917070281862834,0.003394223711779887,0.001201410316032936,0.0015228465700829474,0.007318472516198774,0.1641613483378838,0.20808257005984035,0.8696041278152056,0.8351644963733675,0.955,0.879,0.85,True,999,0.00011824991088360548,0.002676374977454543,near_5x5_bal_strong_1000,near_boundary,False,1991,1389927733,1.887379141862766e-15,0,6
1000,1000,0.012648811926688097,0.02514889624085692,0.004547862660501778,0.013817190048882821,-0.012500084314168824,-0.009269327388381043,0.00961620941915497,-1.2998972640164566,-0.9639273630955919,0.19363618296433172,0.3350823440767323,0.584,0.208,0.329,True,999,0.00012145889922976494,0.0027496250113472342,near_5x5_bal_strong_1000,near_boundary,False,1992,1389927733,1.887379141862766e-15,0,1
1000,1000,0.01539628556746031,0.014000449889571165,0.0072941953071676835,0.0050311531273337096,0.0013958356778891456,0.002263042179833974,0.007885189410982093,0.17701993004062735,0.2869990892903756,0.8594927348881354,0.7741130175567318,0.941,0.849,0.766,True,999,0.00012095796409994364,0.0027357080252841115,near_5x5_bal_strong_1000,near_boundary,False,1993,1389927733,1.887379141862766e-15,0,5
1000,1000,0.013007056157122499,0.012200740585883774,0.004906747482209539,0.0018870510105557514,0.0008063155712387249,0.0030196964716537877,0.007385358047816068,0.10917758706054358,0.40887611028509924,0.9130616369638485,0.6826305816260672,0.977,0.912,0.675,True,999,0.00011566700413823128,0.0026678339345380664,near_5x5_bal_strong_1000,near_boundary,False,1994,1389927733,1.887379141862766e-15,0,3
1000,1000,0.012815428704058052,0.012801797230504397,0.0047146090871592605,0.0016924165256000379,1.3631473553654683e-05,0.0030221925615592227,0.007493629830355318,0.0018190748492053993,0.40330155478415486,0.9985485890633354,0.6867263980956517,1.0,1.0,0.673,True,999,0.0001200829865410924,0.002748084021732211,near_5x5_bal_strong_1000,near_boundary,False,1995,1389927733,1.887379141862766e-15,0,4
1000,1000,0.02659405234813561,0.016385845003487554,0.018489945704232014,0.007412461988451469,0.010208207344648057,0.011077483715780545,0.009653879306998401,1.0574202369867838,1.1474644920980241,0.29031983965769204,0.2511897002186978,0.676,0.272,0.233,True,999,0.00011841696687042713,0.0026758749736472964,near_5x5_bal_strong_1000,near_boundary,False,1996,1389927733,1.887379141862766e-15,0,5
1000,1000,0.014435813521578744,0.010875837275507783,0.006334620703455585,0.0034563147889912216,0.0035599762460709616,0.002878305914464363,0.006954618548275487,0.5118866292032245,0.4138697032029293,0.6087303564764155,0.6789695329705834,0.907,0.642,0.704,True,999,0.00011845794506371021,0.002662666025571525,near_5x5_bal_strong_1000,near_boundary,False,1997,1389927733,1.887379141862766e-15,0,7
1000,1000,0.011998255484631848,0.014388571544059092,0.0038972166069015657,0.005735664522319439,-0.0023903160594272443,-0.0018384479154178734,0.007594362928911756,-0.3147487263648286,-0.24208059749408317,0.752952444798298,0.8087177120920207,0.927,0.772,0.812,True,999,0.0001193339703604579,0.0027492919471114874,near_5x5_bal_strong_1000,near_boundary,False,1998,1389927733,1.887379141862766e-15,0,5
1000,1000,0.009387995190642595,0.027996547427056262,0.0012877517510787584,0.01904709234247548,-0.018608552236413667,-0.01775934059139672,0.009294830156780213,-2.002032519425808,-1.910668650404761,0.04528123415462475,0.056047175975133215,0.389,0.048,0.056,True,999,0.00012012501247227192,0.002704333048313856,near_5x5_bal_strong_1000,near_boundary,False,1999,1389927733,1.887379141862766e-15,0,4
200,200,0.09054565006555815,0.07673807657010379,0.08799253944559382,0.073965774726382,0.013807573495454362,0.014026764719211826,0.043210369084208174,0.3195430584854812,0.3246157118416769,0.7493147454326406,0.7454719343699195,0.806,0.755,0.753,True,999,0.00013445899821817875,0.0008429170120507479,power_2x2_bal_strong_200,power,True,0,3125563158,-0.050000000000000266,0,0
200,200,0.04461063509391139,0.10570324917287671,0.04206528542593446,0.10287633388712436,-0.061092614078965324,-0.0608110484611899,0.04249847016306724,-1.4375250178312793,-1.4308997059860518,0.15056886940481612,0.15245896134350825,0.225,0.16,0.165,True,999,0.00012083293404430151,0.0008446660358458757,power_2x2_bal_strong_200,power,True,1,3125563158,-0.050000000000000266,0,0
200,200,0.08050859457000348,0.20270926147219476,0.07795559135897179,0.19991769197973497,-0.12220066690219128,-0.12196210062076318,0.052933657555976135,-2.308562690438817,-2.3040557983697054,0.02096786030515922,0.02121951155815473,0.02,0.015,0.016,True,999,0.00011720904149115086,0.0008312090067192912,power_2x2_bal_strong_200,power,True,2,3125563158,-0.050000000000000266,0,0
200,200,0.08510095706368881,0.0927347047771685,0.08254876508030407,0.09008408296142534,-0.007633747713479688,-0.007535317881121273,0.04331578112519434,-0.17623479284411586,-0.1739624147453826,0.8601094878052431,0.861895000471498,0.892,0.87,0.873,True,999,0.00011570809874683619,0.0008391670417040586,power_2x2_bal_strong_200,power,True,3,3125563158,-0.050000000000000266,0,0
200,200,0.03158763505050721,0.11238122814431029,0.02904459169309348,0.10964358400912033,-0.08079359309380307,-0.08059899231602685,0.041378570845790795,-1.9525467275054944,-1.9478437913286637,0.050873328884952274,0.05143365713171167,0.073,0.047,0.047,True,999,0.00011887494474649429,0.0008371659787371755,power_2x2_bal_strong_200,power,True,4,3125563158,-0.050000000000000266,0,0
200,200,0.06833399126600037,0.07300706873844548,0.06578384053148056,0.07020492214520146,-0.0046730774724451085,-0.004421081613720901,0.040035022984952116,-0.11672473559467092,-0.1104303503305754,0.9070781880914688,0.9120680842359199,0.92,0.901,0.907,True,999,0.00012624997179955244,0.0008669999660924077,power_2x2_bal_strong_200,power,True,5,3125563158,-0.050000000000000266,0,0
200,200,0.0671154974354845,0.04702200698630399,0.06456527268105106,0.044295724685397886,0.020093490449180518,0.02026954799565317,0.03582854144924419,0.5608235679268601,0.5657374589017985,0.5749178185341192,0.5715722669458716,0.714,0.592,0.592,True,999,0.0001157090300694108,0.0008567500626668334,power_2x2_bal_strong_200,power,True,6,3125563158,-0.050000000000000266,0,0
200,200,0.046159017711138506,0.17310978455786863,0.043611381394015325,0.16992351071825595,-0.12695076684673012,-0.12631212932424063,0.04923709978634746,-2.5783559023094864,-2.5653852455230246,0.009927169391030735,0.010306130579373326,0.007,0.01,0.01,True,999,0.0001152500044554472,0.000892666052095592,power_2x2_bal_strong_200,power,True,7,3125563158,-0.050000000000000266,0,0
200,200,0.030869270197684262,0.06604031048885406,0.028323439843205733,0.06331144039343428,-0.0351710402911698,-0.03498800055022855,0.03433638327521278,-1.0243082391429255,-1.0189774581030544,0.3056897075770867,0.3082136683630501,0.422,0.328,0.33,True,999,0.00011483393609523773,0.0008445000275969505,power_2x2_bal_strong_200,power,True,8,3125563158,-0.050000000000000266,0,0
200,200,0.05086346044579415,0.12485794221849272,0.04831627608967892,0.12213701729940851,-0.07399448177269857,-0.07382074120972959,0.04446587325654323,-1.6640735097181558,-1.6601662309390661,0.09609774012467369,0.09688101601414253,0.119,0.104,0.104,True,999,0.00011483300477266312,0.0008478329982608557,power_2x2_bal_strong_200,power,True,9,3125563158,-0.050000000000000266,0,0
200,200,0.04823665791694409,0.07213383148805674,0.04569114864381163,0.06939114507672173,-0.02389717357111265,-0.023699996432910098,0.037922474427467275,-0.6301586046770173,-0.624959124917866,0.5285908197756749,0.5319978856531583,0.606,0.532,0.532,True,999,0.0001244159648194909,0.0008498330134898424,power_2x2_bal_strong_200,power,True,10,3125563158,-0.050000000000000266,0,0
200,200,0.054450009760865115,0.08259152108057577,0.05190345897298698,0.07972387373866496,-0.028141511319710655,-0.02782041476567798,0.04125590575598428,-0.6821207971086335,-0.6743377525202572,0.49516257109726913,0.5000966075526477,0.57,0.49,0.494,True,999,0.00011374999303370714,0.0008385840337723494,power_2x2_bal_strong_200,power,True,11,3125563158,-0.050000000000000266,0,0
200,200,0.036867725244362104,0.09571799958996652,0.03432428021582723,0.0929515929422422,-0.058850274345604414,-0.05862731272641497,0.03999442436348785,-1.4714619670668558,-1.4658871495082115,0.1411662257971671,0.14267903339154228,0.236,0.167,0.17,True,999,0.00011404091492295265,0.0008412080351263285,power_2x2_bal_strong_200,power,True,12,3125563158,-0.050000000000000266,0,0
200,200,0.028805278454321348,0.10999563569293136,0.026262966567713875,0.10724047898507649,-0.08119035723861001,-0.08097751241736262,0.040487902087591315,-2.005299189445855,-2.000042191422423,0.04493107143411334,0.04549570817722438,0.075,0.044,0.044,True,999,0.00011716596782207489,0.0008313750149682164,power_2x2_bal_strong_200,power,True,13,3125563158,-0.050000000000000266,0,0
200,200,0.036984287000108695,0.12276248477560597,0.034440783712085477,0.12006921532960746,-0.08577819777549728,-0.08562843161752198,0.04236721848580007,-2.0246360474253686,-2.021101093672729,0.042904749926107634,0.04326930116910531,0.063,0.054,0.055,True,999,0.0001152500044554472,0.0008584170136600733,power_2x2_bal_strong_200,power,True,14,3125563158,-0.050000000000000266,0,0
200,200,0.04008030151067077,0.07763688877811287,0.03753612084960878,0.07481686744222316,-0.0375565872674421,-0.03728074659261438,0.038668223415093066,-0.9712519467026491,-0.9641184233476544,0.3314228315742408,0.3349865570350026,0.42,0.324,0.326,True,999,0.0001152500044554472,0.0009372089989483356,power_2x2_bal_strong_200,power,True,15,3125563158,-0.050000000000000266,0,0
200,200,0.029063700987340013,0.09414091661068841,0.026521474442176896,0.09134735679780448,-0.0650772156233484,-0.06482588235562758,0.039391435126502415,-1.652065110457595,-1.6456847065217222,0.09852127842982461,0.09982868929027723,0.178,0.114,0.114,True,999,0.00014500005636364222,0.0008591660298407078,power_2x2_bal_strong_200,power,True,16,3125563158,-0.050000000000000266,0,0
200,200,0.046019382819701304,0.06389086066901728,0.04347390620446845,0.06123039267039587,-0.017871477849315975,-0.017756486465927424,0.035256519146366835,-0.5068985334349895,-0.5036369697249939,0.6122260147530523,0.6145165082905345,0.702,0.622,0.622,True,999,0.00011620810255408287,0.0008364580571651459,power_2x2_bal_strong_200,power,True,17,3125563158,-0.050000000000000266,0,0
200,200,0.010045278966442694,0.10727437613397806,0.007505567449584305,0.10457291921768785,-0.09722909716753536,-0.09706735176810355,0.03745686372139039,-2.5957618312825,-2.5914436534277043,0.009438146210503706,0.009557419129428407,0.013,0.008,0.008,True,999,0.00011220795568078756,0.0008216659771278501,power_2x2_bal_strong_200,power,True,18,3125563158,-0.050000000000000266,0,0
200,200,0.03503314756288267,0.11428780884222928,0.032488368011115654,0.11144490427686549,-0.0792546612793466,-0.07895653626574983,0.04303884778984771,-1.8414680073763898,-1.8345411255264743,0.06555300472784331,0.0665737089177293,0.127,0.072,0.073,True,999,0.0001141249667853117,0.0008249579695984721,power_2x2_bal_strong_200,power,True,19,3125563158,-0.050000000000000266,0,0
200,200,0.051912047129490935,0.10035087876479976,0.04936596660951409,0.09763381060794529,-0.04843883163530882,-0.048267843998431204,0.04158459810979049,-1.1648262538794285,-1.160714451802463,0.24408932945366502,0.24575804274059887,0.288,0.24,0.241,True,999,0.00011595792602747679,0.0008367920527234674,power_2x2_bal_strong_200,power,True,20,3125563158,-0.050000000000000266,0,0
200,200,0.0868439766665402,0.07440264842557537,0.08429117817217957,0.071694485317785,0.012441328240964833,0.012596692854394576,0.04155462457249409,0.2993969592785112,0.3031357636842326,0.7646371819719573,0.7617864001213662,0.798,0.762,0.762,True,999,0.00011895806528627872,0.0008905000286176801,power_2x2_bal_strong_200,power,True,21,3125563158,-0.050000000000000266,0,0
200,200,0.024657597988217983,0.15213920729645297,0.0221152742017523,0.14895504904778534,-0.127481609308235,-0.12683977484603304,0.04572083367765805,-2.788260822342139,-2.774222704255163,0.005299186093515604,0.005533378425037098,0.011,0.007,0.007,True,999,0.00011875003110617399,0.0008327920222654939,power_2x2_bal_strong_200,power,True,22,3125563158,-0.050000000000000266,0,0
200,200,0.06082565098615844,0.10893153241621001,0.058276937462323986,0.10613808539581981,-0.04810588143005157,-0.04786114793349583,0.04349162689809198,-1.106095238579406,-1.1004680980466046,0.26868529939463204,0.27112822204249953,0.337,0.26,0.266,True,999,0.00013337505515664816,0.0008537089452147484,power_2x2_bal_strong_200,power,True,23,3125563158,-0.050000000000000266,0,0
200,200,0.0793482823023195,0.11305597537399742,0.07679667844882943,0.1103833599712658,-0.033707693071677924,-0.03358668152243638,0.045286029730996206,-0.7443287316619536,-0.7416565709545485,0.4566776232411828,0.4582954388876175,0.504,0.456,0.456,True,999,0.00011595897376537323,0.0008720420300960541,power_2x2_bal_strong_200,power,True,24,3125563158,-0.050000000000000266,0,0
200,200,0.07768143248695591,0.0846803190758274,0.07513087680251829,0.0819370722815762,-0.006998886588871489,-0.006806195479057919,0.04300489603291112,-0.16274627390135596,-0.15826559547659927,0.870718211352175,0.87424751725639,0.875,0.847,0.854,True,999,0.00012791610788553953,0.0008250829996541142,power_2x2_bal_strong_200,power,True,25,3125563158,-0.050000000000000266,0,0
200,200,0.038377849991834356,0.04885078625818423,0.03583241385047131,0.04614282017560356,-0.010472936266349875,-0.010310406325132249,0.03189232523703091,-0.32838421747278274,-0.3232880089019223,0.7426211746025442,0.7464771343569477,0.798,0.725,0.726,True,999,0.00011916598305106163,0.0008156250696629286,power_2x2_bal_strong_200,power,True,26,3125563158,-0.050000000000000266,0,0
200,200,0.07410783277450927,0.07694221230038228,0.07155812232093695,0.07422374873646476,-0.00283437952587301,-0.002665626415527811,0.04127050563969388,-0.06867809061071715,-0.06458913876170243,0.9452458581779011,0.9485011326654448,0.948,0.932,0.946,True,999,0.00011583301238715649,0.0008385829860344529,power_2x2_bal_strong_200,power,True,27,3125563158,-0.050000000000000266,0,0
200,200,0.05227596979628735,0.06945364083002192,0.04972992763063644,0.06668170075841573,-0.017177671033734576,-0.01695177312777929,0.038400068685295115,-0.4473343830323037,-0.44145163558706824,0.654633645113756,0.6588860676207116,0.726,0.655,0.658,True,999,0.00011462497059255838,0.0008463329868391156,power_2x2_bal_strong_200,power,True,28,3125563158,-0.050000000000000266,0,0
200,200,0.03988273771973183,0.058362267007572965,0.037338528990574105,0.055666976204271634,-0.018479529287841134,-0.01832844721369753,0.03397045282211044,-0.5439883119783824,-0.539540856569567,0.5864495158976082,0.5895137135173105,0.66,0.568,0.571,True,999,0.00011833407916128635,0.0008361670188605785,power_2x2_bal_strong_200,power,True,29,3125563158,-0.050000000000000266,0,0
200,200,0.02951376404416073,0.16041123972568017,0.02697106888314238,0.15762132985909716,-0.13089747568151944,-0.13065026097595478,0.04595074794812399,-2.8486473349529784,-2.8432673418820547,0.004390551891888259,0.0044653597540495185,0.002,0.003,0.004,True,999,0.00011466699652373791,0.000869500101543963,power_2x2_bal_strong_200,power,True,30,3125563158,-0.050000000000000266,0,0
200,200,0.05055388369947611,0.04723514384777727,0.04800183133173164,0.04454213828827136,0.0033187398516988376,0.003459693043460277,0.03320124721571236,0.09995828861899672,0.1042037071975715,0.9203774403928919,0.9170076920727793,0.955,0.937,0.93,True,999,0.00011416606139391661,0.0008701669285073876,power_2x2_bal_strong_200,power,True,31,3125563158,-0.050000000000000266,0,0
200,200,0.019935500215221724,0.11473691854174517,0.017394069706625714,0.11204293881505123,-0.09480141832652345,-0.09464886910842552,0.039578099264172904,-2.395299928219142,-2.3914455435737425,0.016606774648954263,0.01678217335380123,0.024,0.019,0.019,True,999,0.00011733290739357471,0.0008635410340502858,power_2x2_bal_strong_200,power,True,32,3125563158,-0.050000000000000266,0,0
200,200,0.034040980571866775,0.05727984353632748,0.03149791163289706,0.05454441936043253,-0.023238862964460705,-0.02304650772753547,0.03329341898086969,-0.6980016975070567,-0.6922241221539288,0.48517613247628255,0.4887965923526105,0.612,0.503,0.504,True,999,0.0001194999786093831,0.0008369999704882503,power_2x2_bal_strong_200,power,True,33,3125563158,-0.050000000000000266,0,0
200,200,0.06817230440180166,0.11260587636638847,0.0656231960924174,0.1096862526283573,-0.044433571964586804,-0.04406305653593989,0.04577261719593097,-0.9707457140671607,-0.9626510179072074,0.3316749214314052,0.33572268553417095,0.423,0.355,0.359,True,999,0.00011549994815140963,0.0008626669878140092,power_2x2_bal_strong_200,power,True,34,3125563158,-0.050000000000000266,0,0
200,200,0.07078772604321837,0.08771251617512277,0.06823778629211574,0.08497607793817252,-0.0169247901319044,-0.01673829164605678,0.04171513482525218,-0.40572301163123675,-0.4012522485226222,0.6849461322380537,0.6882344165011571,0.74,0.681,0.684,True,999,0.00012974999845027924,0.000834417063742876,power_2x2_bal_strong_200,power,True,35,3125563158,-0.050000000000000266,0,0
200,200,0.08252140252238171,0.04448980391169416,0.07996999592464249,0.04180424671670835,0.038031598610687556,0.03816574920793414,0.03665337456132299,1.037601559634263,1.0412615390727769,0.2994555915178646,0.2977541816373134,0.443,0.3,0.298,True,999,0.00011154101230204105,0.0008302920032292604,power_2x2_bal_strong_200,power,True,36,3125563158,-0.050000000000000266,0,0
200,200,0.05326645990190759,0.11959217275570433,0.05071978680979328,0.11688666924187885,-0.06632571285379674,-0.06616688243208557,0.04400307852321068,-1.5072971046516972,-1.5036875748860155,0.1317345194134896,0.13266182997416623,0.194,0.136,0.136,True,999,0.00011675001587718725,0.0008295000297948718,power_2x2_bal_strong_200,power,True,37,3125563158,-0.050000000000000266,0,0
200,200,0.02729376174270659,0.1031069540039175,0.024751345432605376,0.10039557880344319,-0.07581319226121092,-0.07564423337083781,0.039347334334199,-1.9267681926629874,-1.9224741561486445,0.05400852509450345,0.05454612245231011,0.103,0.068,0.07,True,999,0.0001180840190500021,0.0008358330233022571,power_2x2_bal_strong_200,power,True,38,3125563158,-0.050000000000000266,0,0
200,200,0.0484941578431185,0.12570016571663423,0.04594679975116378,0.12296924992509162,-0.07720600787351573,-0.07702245017392784,0.04424933304981702,-1.7447948376215128,-1.7406465784967653,0.08102058775440475,0.08174554770443716,0.113,0.087,0.088,True,999,0.00011641695164144039,0.0008722910424694419,power_2x2_bal_strong_200,power,True,39,3125563158,-0.050000000000000266,0,0
200,200,0.11600993616343958,0.08856899919846889,0.11345117916999925,0.08581731876830645,0.027440936964970686,0.0276338604016928,0.04643396785463712,0.5909668768965713,0.5951216680039363,0.5545426146675922,0.5517621457786789,0.615,0.541,0.539,True,999,0.00011475000064820051,0.0008771660504862666,power_2x2_bal_strong_200,power,True,40,3125563158,-0.050000000000000266,0,0
200,200,0.05509251641158519,0.12782477980968943,0.05254593395000029,0.12511985789696212,-0.07273226339810424,-0.07257392394696183,0.04494051114036955,-1.618412019634767,-1.6148887074354945,0.1055738333852881,0.10633479816473432,0.152,0.116,0.116,True,999,0.00011487491428852081,0.0008709169924259186,power_2x2_bal_strong_200,power,True,41,3125563158,-0.050000000000000266,0,0
200,200,0.013281264595767173,0.10892673932546915,0.010740912520901702,0.10611445142466636,-0.09564547472970197,-0.09537353890376465,0.03961167547776117,-2.414577863120164,-2.4077128208653877,0.015753455500210255,0.016052802861640323,0.031,0.024,0.025,True,999,0.00011674989946186543,0.0008453330956399441,power_2x2_bal_strong_200,power,True,42,3125563158,-0.050000000000000266,0,0
200,200,0.07871700861736652,0.13336170847140205,0.07616588322881057,0.130462433476616,-0.05464469985403553,-0.05429655024780544,0.04799223837949037,-1.1386153615495482,-1.1313610717313247,0.2548636184167392,0.25790314917075663,0.255,0.224,0.224,True,999,0.00011729204561561346,0.0008428749861195683,power_2x2_bal_strong_200,power,True,43,3125563158,-0.050000000000000266,0,0
200,200,0.021162458757531866,0.09454061472270575,0.01861982774585158,0.09186689982058738,-0.07337815596517389,-0.0732470720747358,0.03669498504973046,-1.999678044989771,-1.9961057887193177,0.04553504041538269,0.04592240908179347,0.05,0.03,0.03,True,999,0.0001242499565705657,0.0008342079818248749,power_2x2_bal_strong_200,power,True,44,3125563158,-0.050000000000000266,0,0
200,200,0.08614660105389915,0.20903518917953334,0.08359446383570912,0.20613766783196752,-0.12288858812563419,-0.1225432039962584,0.054436596045195275,-2.2574627558197715,-2.2511180510720856,0.02397917419383711,0.024378061417012167,0.031,0.027,0.027,True,999,0.00011349993292242289,0.0008343750378116965,power_2x2_bal_strong_200,power,True,45,3125563158,-0.050000000000000266,0,0
200,200,0.05204428613270906,0.10372746495800567,0.049495908463313754,0.10060313585589142,-0.051683178825296605,-0.05110722739257767,0.04482347507449762,-1.153038195708789,-1.140188869953441,0.2488947073352865,0.2542076234312691,0.315,0.247,0.253,True,999,0.00011754105798900127,0.0008524589939042926,power_2x2_bal_strong_200,power,True,46,3125563158,-0.050000000000000266,0,0
200,200,0.04753493672803477,0.11905586957314218,0.04498943326001381,0.11636316606839614,-0.07152093284510741,-0.07137373280838233,0.042909189725719554,-1.6667975625332798,-1.663367061103027,0.0955546650936066,0.09623898238268168,0.17,0.109,0.109,True,999,0.00011504103895276785,0.0008683750638738275,power_2x2_bal_strong_200,power,True,47,3125563158,-0.050000000000000266,0,0
200,200,0.05143209203990995,0.061232137674578246,0.04888443571041989,0.058530793437661544,-0.009800045634668297,-0.00964635772724165,0.036068224134695,-0.27170857090358846,-0.2674475375116281,0.7858461105214893,0.7891246023009085,0.826,0.777,0.778,True,999,0.00011370901484042406,0.0008624170441180468,power_2x2_bal_strong_200,power,True,48,3125563158,-0.050000000000000266,0,0
200,200,0.066679678078304,0.07763688877811287,0.06413093557210914,0.07481686744222316,-0.010957210699808873,-0.010685931870114018,0.041617719171939065,-0.2632823450641385,-0.25676399578665654,0.7923329663968006,0.7973609656273204,0.82,0.781,0.788,True,999,0.00011454103514552116,0.0009412079816684127,power_2x2_bal_strong_200,power,True,49,3125563158,-0.050000000000000266,0,0
200,200,0.033323227804075706,0.04484951674114712,0.030779925136073416,0.042161107359483196,-0.011526288937071416,-0.01138118222340978,0.03024680595966985,-0.3810745819720671,-0.37627715926716676,0.7031479076085839,0.7067108579728204,0.776,0.71,0.714,True,999,0.00012070790398865938,0.0008611250668764114,power_2x2_bal_strong_200,power,True,50,3125563158,-0.050000000000000266,0,0
200,200,0.03166750618313541,0.11282008126283122,0.029124693302748028,0.11007640088732273,-0.08115257507969581,-0.0809517075845747,0.04142240159833972,-1.9591470303100083,-1.9542977823820669,0.050095570376644555,0.05066601097210374,0.072,0.051,0.051,True,999,0.00011395907495170832,0.0008384579559788108,power_2x2_bal_strong_200,power,True,51,3125563158,-0.050000000000000266,0,0
200,200,0.055341281299941425,0.0781959582747177,0.052794819132145676,0.0755256963850428,-0.022854676974776278,-0.02273087725289713,0.03874556792630672,-0.5898655820001247,-0.5866703850136046,0.5552807704558188,0.5574251012068594,0.615,0.538,0.54,True,999,0.00011841603554785252,0.0008452920010313392,power_2x2_bal_strong_200,power,True,52,3125563158,-0.050000000000000266,0,0
200,200,0.0704654620907923,0.12891266253738148,0.06791617830418772,0.1261015243529613,-0.05844720044658919,-0.05818534604877357,0.047641099028383246,-1.2268230926362125,-1.2213266955514261,0.2198890893860781,0.22196234970930462,0.276,0.221,0.225,True,999,0.000116499955765903,0.0008496670052409172,power_2x2_bal_strong_200,power,True,53,3125563158,-0.050000000000000266,0,0
200,200,0.04678317536639787,0.14161517980875493,0.04423739603390686,0.13889495047611433,-0.09483200444235707,-0.09465755444220747,0.04550914439385405,-2.083801084495098,-2.0799677889569566,0.037178264660460356,0.03752848743505387,0.045,0.032,0.033,True,999,0.00011791707947850227,0.000849457923322916,power_2x2_bal_strong_200,power,True,54,3125563158,-0.050000000000000266,0,0
200,200,0.06675800233781137,0.12317181899558155,0.06420887642823914,0.1204087159922409,-0.05641381665777018,-0.05619983956400176,0.04601255514441661,-1.2260526823756648,-1.2214022756965135,0.2201788505157376,0.2219337459926689,0.237,0.209,0.209,True,999,0.00011716701555997133,0.0008637920254841447,power_2x2_bal_strong_200,power,True,55,3125563158,-0.050000000000000266,0,0
200,200,0.026466940695396235,0.09973162056773316,0.02392502515519368,0.09695442347350536,-0.07326467987233692,-0.07302939831831168,0.03952453724042138,-1.8536505418565612,-1.8476977446715095,0.0637891717640993,0.0646460804300464,0.104,0.067,0.068,True,999,0.00013879092875868082,0.0008423749823123217,power_2x2_bal_strong_200,power,True,56,3125563158,-0.050000000000000266,0,0
200,200,0.09054565006555815,0.07578585723742143,0.08799253944559382,0.07297888734508007,0.01475979282813672,0.015013652100513752,0.04286041989091054,0.3443688341295706,0.35029176426005376,0.7305689238966766,0.7261197453871654,0.802,0.755,0.754,True,999,0.00012550002429634333,0.0008691669208928943,power_2x2_bal_strong_200,power,True,57,3125563158,-0.050000000000000266,0,0
200,200,0.06274118866031686,0.13844274196339762,0.060193238559890005,0.13575031996936104,-0.07570155330308076,-0.07555708140947104,0.04636394273470446,-1.6327678113193862,-1.6296517714597825,0.10251783932543744,0.10317511585438023,0.136,0.102,0.104,True,999,0.00011470797471702099,0.0009157919557765126,power_2x2_bal_strong_200,power,True,58,3125563158,-0.050000000000000266,0,0
200,200,0.06995009607361635,0.09490491535467477,0.06740111850052699,0.09200297362497878,-0.024954819281058416,-0.024601855124451788,0.043515305306655136,-0.5734722324754523,-0.5653609678498391,0.566324994886205,0.5718282675917772,0.631,0.575,0.581,True,999,0.00013233302161097527,0.0008334580343216658,power_2x2_bal_strong_200,power,True,59,3125563158,-0.050000000000000266,0,0
200,200,0.029290612160377538,0.06489718161561164,0.02674811846549119,0.06218195347292976,-0.035606569455234105,-0.035433835007438574,0.033965287161890956,-1.0483223440897231,-1.0432367269132155,0.29449011841308237,0.29683866749131027,0.372,0.279,0.281,True,999,0.00011737504974007607,0.0008290830301120877,power_2x2_bal_strong_200,power,True,60,3125563158,-0.050000000000000266,0,0
200,200,0.07011211872757184,0.06331882936431554,0.06756315268464164,0.060594781935051856,0.006793289363256294,0.006968370749589781,0.03859854818649209,0.1759985720300658,0.18053452984608434,0.8602950642916143,0.8567329488189113,0.895,0.869,0.866,True,999,0.0001159169478341937,0.0008317909669131041,power_2x2_bal_strong_200,power,True,61,3125563158,-0.050000000000000266,0,0
200,200,0.059941424776008057,0.09449230828713273,0.05739071753475855,0.0917793087164398,-0.034550883511124675,-0.03438859118168125,0.04193753864277153,-0.8238653156407872,-0.8199954574017082,0.41001609004857564,0.41221869678779943,0.488,0.432,0.438,True,999,0.00011579098645597696,0.0008463329868391156,power_2x2_bal_strong_200,power,True,62,3125563158,-0.050000000000000266,0,0
200,200,0.02240347562448375,0.11627105549720274,0.019861689187308684,0.11354946065910099,-0.09386757987271899,-0.0936877714717923,0.040497553763880235,-2.317858022240333,-2.3134180404583455,0.020457038489959174,0.020699666157652827,0.038,0.027,0.027,True,999,0.00011745898518711329,0.0008319170447066426,power_2x2_bal_strong_200,power,True,63,3125563158,-0.050000000000000266,0,0
200,200,0.09054565006555815,0.07429119391010724,0.08799253944559382,0.07155781672483386,0.016254456155450903,0.016434722720759964,0.041740598872443614,0.3894159785565942,0.39373471307834707,0.6969684538804704,0.6937769099571676,0.735,0.688,0.682,True,999,0.00012400001287460327,0.0008740409975871444,power_2x2_bal_strong_200,power,True,64,3125563158,-0.050000000000000266,0,0
200,200,0.024313816564540014,0.06796698891048192,0.021771342936943938,0.06517197114791173,-0.043653172345941904,-0.043400628210967795,0.03353221194907068,-1.3018279978738985,-1.2942966087917325,0.19297519051993273,0.19556298741068412,0.277,0.21,0.213,True,999,0.00011579191777855158,0.0008913750061765313,power_2x2_bal_strong_200,power,True,65,3125563158,-0.050000000000000266,0,0
200,200,0.026503280722999678,0.07537550006445753,0.02396069693924119,0.07272432958927766,-0.048872219341457857,-0.04876363265003647,0.03426446155948437,-1.4263238678539827,-1.4231547916018177,0.15377487815380447,0.15469128774875168,0.25,0.165,0.168,True,999,0.00011512497439980507,0.0008592500817030668,power_2x2_bal_strong_200,power,True,66,3125563158,-0.050000000000000266,0,0
200,200,0.04565109063032913,0.06708221267745129,0.04310621464199471,0.06430461546486299,-0.021431122047122164,-0.02119840082286828,0.03701832929617147,-0.5789327194012136,-0.5726460709036015,0.5626345716960814,0.5668843589815857,0.671,0.583,0.587,True,999,0.00011687504593282938,0.0008486669976264238,power_2x2_bal_strong_200,power,True,67,3125563158,-0.050000000000000266,0,0
200,200,0.011399949124492714,0.08199335845734018,0.008860227775187468,0.07931465194302234,-0.07059340933284747,-0.07045442416783487,0.033810397093152825,-2.0879201488924193,-2.0838094262460785,0.03680503830429082,0.03717750557459599,0.069,0.034,0.034,True,999,0.0001207499299198389,0.0008382500382140279,power_2x2_bal_strong_200,power,True,68,3125563158,-0.050000000000000266,0,0
200,200,0.07415846831771566,0.16881578414485743,0.07160828104235861,0.16376493244525392,-0.09465731582714176,-0.0921566514028953,0.04941139081540663,-1.915698268457307,-1.8650892007306252,0.05540351297141197,0.06216890203908249,0.093,0.07,0.08,True,999,0.00011512497439980507,0.0008337079780176282,power_2x2_bal_strong_200,power,True,69,3125563158,-0.050000000000000266,0,0
200,200,0.06252528358180609,0.21509133745471531,0.05997752509409793,0.21228445880613833,-0.15256605387290922,-0.1523069337120404,0.05132164673526414,-2.972742762131169,-2.9676938173417424,0.0029515170086178008,0.003000430495277189,0.007,0.007,0.007,True,999,0.00011708296369761229,0.0008320839842781425,power_2x2_bal_strong_200,power,True,70,3125563158,-0.050000000000000266,0,0
200,200,0.06968280432645613,0.07194912675746129,0.0671331176474439,0.06904708729027931,-0.0022663224310051633,-0.0019139696428354114,0.040388506125396635,-0.05611305414388874,-0.047388968457832886,0.95525174462143,0.9622032210390036,0.961,0.946,0.961,True,999,0.0001181670231744647,0.0008597499690949917,power_2x2_bal_strong_200,power,True,71,3125563158,-0.050000000000000266,0,0
200,200,0.06968948307488643,0.07682707851658033,0.06714037300690734,0.07409122618133779,-0.0071375954416939,-0.006950853174430449,0.04007824834644918,-0.17809150190383186,-0.17343206006273165,0.8586511158480529,0.8623118266372233,0.873,0.845,0.848,True,999,0.00011687492951750755,0.000874041928909719,power_2x2_bal_strong_200,power,True,72,3125563158,-0.050000000000000266,0,0
200,200,0.04474282531042206,0.08699566777281031,0.04219770754372121,0.08429775527659444,-0.04225284246238825,-0.042100047732873236,0.03900597483788946,-1.0832402635235479,-1.079323050067147,0.2787017924567535,0.2804437409195597,0.33,0.281,0.285,True,999,0.00011625001206994057,0.0008699999889358878,power_2x2_bal_strong_200,power,True,73,3125563158,-0.050000000000000266,0,0
200,200,0.060244385944802414,0.03927403211559899,0.05769620142970666,0.03657129202355236,0.020970353829203425,0.021124909406154302,0.03308397776599449,0.6338522525171654,0.6385238666152059,0.5261772487133457,0.5231327230125908,0.646,0.542,0.54,True,999,0.0001151250908151269,0.0008403330575674772,power_2x2_bal_strong_200,power,True,74,3125563158,-0.050000000000000266,0,0
200,200,0.053617541530366464,0.04348535003939452,0.051068715962372835,0.04079386571915222,0.010132191490971942,0.010274850243220612,0.03277854080324952,0.30911051080002566,0.31346271040234985,0.7572374640053356,0.7539291469068528,0.826,0.765,0.756,True,999,0.00012162490747869015,0.0009019579738378525,power_2x2_bal_strong_200,power,True,75,3125563158,-0.050000000000000266,0,0
200,200,0.05246970536252582,0.1021747206755717,0.04992151985194937,0.09947720077889244,-0.049705015313045886,-0.04955568092694307,0.04105708402144343,-1.2106318921013919,-1.2069946541030767,0.22603651574272776,0.22743420275874782,0.308,0.239,0.241,True,999,0.00011674989946186543,0.0008345000678673387,power_2x2_bal_strong_200,power,True,76,3125563158,-0.050000000000000266,0,0
200,200,0.05603436344598478,0.0821182708391811,0.05348738853072632,0.07941125031776153,-0.026083907393196326,-0.025923861787035207,0.03983228344424207,-0.6548433867646337,-0.6508253995361296,0.5125685932151196,0.5151592021983832,0.567,0.499,0.501,True,999,0.00011587503831833601,0.000848333933390677,power_2x2_bal_strong_200,power,True,77,3125563158,-0.050000000000000266,0,0
200,200,0.09329174314329558,0.116514133641346,0.0907374891080508,0.11370843666421848,-0.023222390498050416,-0.022970947556167687,0.047720382961576824,-0.4866346214519792,-0.4813655325160169,0.6265172840643989,0.6302567290261387,0.664,0.65,0.65,True,999,0.00011570891365408897,0.0008607920026406646,power_2x2_bal_strong_200,power,True,78,3125563158,-0.050000000000000266,0,0
200,200,0.03898200082726244,0.11555884212244383,0.036437979428740164,0.11273283892097652,-0.07657684129518139,-0.07629485949223636,0.042955173345841396,-1.7827152198559337,-1.7761506600839423,0.0746326725270912,0.07570808812758117,0.105,0.078,0.078,True,999,0.00011541706044226885,0.0008324590744450688,power_2x2_bal_strong_200,power,True,79,3125563158,-0.050000000000000266,0,0
200,200,0.05549012292989797,0.07467552770330205,0.05294367527963573,0.07199393011710242,-0.01918540477340408,-0.019050254837466696,0.03796071642432049,-0.5054015461392206,-0.5018412883604502,0.61327683312816,0.6157791672354597,0.684,0.622,0.624,True,999,0.00011858309153467417,0.0008299170294776559,power_2x2_bal_strong_200,power,True,80,3125563158,-0.050000000000000266,0,0
200,200,0.0625853732150139,0.08199647908874208,0.060037410145383774,0.0791475233888832,-0.019411105873728185,-0.019110113243499427,0.04204216903599062,-0.4617056236349536,-0.4545463205559167,0.6442924377134214,0.6494356605690308,0.699,0.653,0.657,True,999,0.00011508294846862555,0.0008888329612091184,power_2x2_bal_strong_200,power,True,81,3125563158,-0.050000000000000266,0,0
200,200,0.03685665481874445,0.06085651359969979,0.03431313181420137,0.058175705182833326,-0.02399985878095534,-0.023862573368631956,0.03368816283010613,-0.7124122173711226,-0.7083370348503145,0.4762095522527974,0.47873598363447,0.564,0.466,0.47,True,999,0.00011833303142338991,0.0008551659993827343,power_2x2_bal_strong_200,power,True,82,3125563158,-0.050000000000000266,0,0
200,200,0.010045278966442694,0.053624014298744915,0.007505567449584305,0.05097536876454001,-0.04357873533230222,-0.0434698013149557,0.027539330554840362,-1.5824181072783101,-1.57846252756189,0.11355415375491361,0.11445939028877485,0.189,0.11,0.11,True,999,0.00011541694402694702,0.0008900410030037165,power_2x2_bal_strong_200,power,True,83,3125563158,-0.050000000000000266,0,0
200,200,0.05509251641158519,0.15568006459605754,0.05254593395005713,0.15278752700548637,-0.10058754818447235,-0.10024159305542923,0.047243500636827945,-2.129129866089154,-2.1218070571444367,0.033243517408997995,0.03385394378196555,0.042,0.035,0.035,True,999,0.00012029195204377174,0.0008344160160049796,power_2x2_bal_strong_200,power,True,84,3125563158,-0.050000000000000266,0,0
200,200,0.07385998717818298,0.06708221267745129,0.07131026046542388,0.06430461546486299,0.0067777745007316925,0.0070056450005608895,0.04022576339868496,0.1684933716125141,0.17415816155250183,0.8661951578128922,0.8617411652287271,0.896,0.865,0.859,True,999,0.00010933296289294958,0.0008492500055581331,power_2x2_bal_strong_200,power,True,85,3125563158,-0.050000000000000266,0,0
200,200,0.04572033088704963,0.12733013758259898,0.04317546339251521,0.12434480459995001,-0.08160980669554935,-0.0811693412074348,0.04596134150786366,-1.7756184658271232,-1.7660350752283265,0.07579582429813417,0.07738996452628995,0.115,0.092,0.094,True,999,0.00011908309534192085,0.0008287500822916627,power_2x2_bal_strong_200,power,True,86,3125563158,-0.050000000000000266,0,0
200,200,0.06897937133160403,0.09828887973922873,0.06643032334537224,0.09560959182034878,-0.029309508407624696,-0.02917926847497654,0.0428014416367803,-0.6847785328435839,-0.6817356462568798,0.49348368371581874,0.49540612314658405,0.558,0.485,0.485,True,999,0.00011349993292242289,0.000824208022095263,power_2x2_bal_strong_200,power,True,87,3125563158,-0.050000000000000266,0,0
200,200,0.022919766200860336,0.1514530170664511,0.020377784053181358,0.14866329004144063,-0.12853325086559075,-0.12828550598825927,0.04457971494183532,-2.8832228073529067,-2.877665461872912,0.003936289122573836,0.0040062974832107716,0.005,0.005,0.005,True,999,0.0001190409529954195,0.0008337079780176282,power_2x2_bal_strong_200,power,True,88,3125563158,-0.050000000000000266,0,0
200,200,0.0422970612659499,0.09449230828713284,0.03975258151547223,0.0917793087164398,-0.052195247021182944,-0.05202672720096757,0.04006571415602771,-1.3027409624578077,-1.2985348769364289,0.19266321231579764,0.194103599662786,0.253,0.175,0.175,True,999,0.00011541694402694702,0.0008597091073170304,power_2x2_bal_strong_200,power,True,89,3125563158,-0.050000000000000266,0,0
200,200,0.05563722959543571,0.11120437033073577,0.053090507808605025,0.10851088897986472,-0.05556714073530006,-0.05542038117125969,0.042963275595755794,-1.2933636917756186,-1.2899477612627492,0.19588530156251216,0.19706879623496254,0.262,0.205,0.206,True,999,0.0001152500044554472,0.0008352920413017273,power_2x2_bal_strong_200,power,True,90,3125563158,-0.050000000000000266,0,0
200,200,0.04978545699363013,0.11768091492048172,0.04723649696694565,0.1149221746284752,-0.06789545792685159,-0.06768567766152955,0.04408491299271645,-1.540106429110318,-1.5353478790513284,0.12353441291389815,0.1246983991761283,0.165,0.124,0.125,True,999,0.0001152500044554472,0.000833209021948278,power_2x2_bal_strong_200,power,True,91,3125563158,-0.050000000000000266,0,0
200,200,0.031868706422123916,0.08543112649414442,0.029325713798499464,0.08271963409592331,-0.0535624200720205,-0.05339392029742385,0.03764556615610084,-1.4228081960547212,-1.4183322433250438,0.1547917647659155,0.15609378730162699,0.2,0.143,0.145,True,999,0.00012329197488725185,0.0008598340209573507,power_2x2_bal_strong_200,power,True,92,3125563158,-0.050000000000000266,0,0
200,200,0.027371298822958523,0.12853811550741184,0.024828554807214687,0.12582999182843935,-0.10116681668445332,-0.10100143702122466,0.04154856211644956,-2.434905362089539,-2.430924967707535,0.014895684996557816,0.015060333015891481,0.021,0.018,0.018,True,999,0.00011683302000164986,0.0008102089632302523,power_2x2_bal_strong_200,power,True,93,3125563158,-0.050000000000000266,0,0
200,200,0.07206418360108402,0.05261742230277289,0.0695141556901433,0.04991117880651075,0.019446761298311133,0.01960297688363255,0.03717921879244346,0.5230545968938868,0.5272562877952881,0.6009362600600257,0.5980156251278754,0.687,0.574,0.57,True,999,0.00011462497059255838,0.0008399169892072678,power_2x2_bal_strong_200,power,True,94,3125563158,-0.050000000000000266,0,0
200,200,0.10492902957334271,0.11768091492048172,0.10237344969056039,0.1149221746284752,-0.012751885347139003,-0.012548724937914812,0.04909711692788276,-0.2597277833211643,-0.2555898538064312,0.7950737599165163,0.7982675537300978,0.802,0.793,0.794,True,999,0.00011325010564178228,0.0008583340095356107,power_2x2_bal_strong_200,power,True,95,3125563158,-0.050000000000000266,0,0
200,200,0.05960887943831639,0.1869243064751127,0.05705990602208999,0.1836551210196049,-0.12731542703679632,-0.12659521499751492,0.05196843822326342,-2.4498605574759065,-2.436001914347412,0.014291154757186484,0.01485060593336369,0.018,0.018,0.018,True,999,0.00011695805005729198,0.000858625047840178,power_2x2_bal_strong_200,power,True,96,3125563158,-0.050000000000000266,0,0
200,200,0.06630751715558192,0.12119178650406343,0.0637591846556802,0.11851534316268442,-0.05488426934848151,-0.054756158507004216,0.044817342544496326,-1.2246212343802036,-1.221762723941971,0.22071796349316353,0.22179736871694278,0.262,0.211,0.212,True,999,0.00011599995195865631,0.0008292080601677299,power_2x2_bal_strong_200,power,True,97,3125563158,-0.050000000000000266,0,0
200,200,0.07923526751628795,0.04484951674114712,0.07668365704640223,0.042161107359483196,0.03438575077514083,0.034522549686919035,0.03632303878267279,0.9466650348523125,0.9504312096097906,0.3438094928638227,0.3418931920825874,0.481,0.366,0.366,True,999,0.00011458294466137886,0.0008771249558776617,power_2x2_bal_strong_200,power,True,98,3125563158,-0.050000000000000266,0,0
200,200,0.15114829228400406,0.12891266253738148,0.14858157553257456,0.1261015243529613,0.022235629746622576,0.02248005117961327,0.05379612873927777,0.41333141004229623,0.41787488628712566,0.6793638200402148,0.6760385949797931,0.692,0.661,0.661,True,999,0.00011487503070384264,0.0008785000536590815,power_2x2_bal_strong_200,power,True,99,3125563158,-0.050000000000000266,0,0
200,200,0.05886706998699487,0.13330667188632755,0.056320037309603777,0.13058618191686833,-0.07443960189933269,-0.07426614460726455,0.046001834568083703,-1.6181876787796468,-1.6144170184636673,0.10562215737021326,0.10643700274962657,0.154,0.126,0.126,True,999,0.00012141605839133263,0.0009182499488815665,power_2x2_bal_strong_200,power,True,100,3125563158,-0.050000000000000266,0,0
200,200,0.057778977696978706,0.0774852906174941,0.05523179484939078,0.07480066849934985,-0.01970631292051539,-0.019568873649959073,0.038758663268964114,-0.5084363406385886,-0.5048903135322728,0.6111473726167862,0.6136358779096256,0.639,0.601,0.601,True,999,0.00014387501869350672,0.0008389169815927744,power_2x2_bal_strong_200,power,True,101,3125563158,-0.050000000000000266,0,0
200,200,0.024223461240674204,0.12688870281043757,0.021681774825026423,0.12413053269457919,-0.10266524156976337,-0.10244875786955276,0.042300932819049016,-2.427020747011305,-2.4219030418974095,0.015223385259963291,0.015439469348226095,0.024,0.019,0.019,True,999,0.0001151250908151269,0.0008207089267671108,power_2x2_bal_strong_200,power,True,102,3125563158,-0.050000000000000266,0,0
200,200,0.021319554391303064,0.08841486592047892,0.018777451781488708,0.08560494980471134,-0.06709531152917586,-0.06682749802322263,0.037074696084043235,-1.8097332848549863,-1.8025096651293888,0.07033715821302333,0.07146525544578829,0.097,0.06,0.062,True,999,0.00012208300177007914,0.0008460830431431532,power_2x2_bal_strong_200,power,True,103,3125563158,-0.050000000000000266,0,0
200,200,0.06415693254995036,0.09866475125334329,0.06160780670921895,0.09585104391878474,-0.03450781870339292,-0.03424323720956579,0.04399798750575201,-0.7843044798101639,-0.7782909889932819,0.4328614714768413,0.4363974865239004,0.475,0.406,0.406,True,999,0.00011841696687042713,0.0008517499081790447,power_2x2_bal_strong_200,power,True,104,3125563158,-0.050000000000000266,0,0
200,200,0.0925683099865312,0.09866475125334329,0.09001287142714887,0.09585104391878474,-0.00609644126681208,-0.0058381724916358735,0.04661257686264342,-0.13078962110970385,-0.125248868107842,0.8959417336209793,0.9003265306539936,0.902,0.887,0.898,True,999,0.00012024992611259222,0.0008503750432282686,power_2x2_bal_strong_200,power,True,105,3125563158,-0.050000000000000266,0,0
200,200,0.0167438023737998,0.08576686038246456,0.014202759947863797,0.08305158823088732,-0.06902305800866476,-0.06884882828302352,0.03573331697071572,-1.9316163138516014,-1.9267404797446241,0.05340688076075369,0.05401198041834045,0.126,0.058,0.06,True,999,0.00011887494474649429,0.0008756669703871012,power_2x2_bal_strong_200,power,True,106,3125563158,-0.050000000000000266,0,0
200,200,0.09168686829289241,0.09739989115527958,0.08913292524349004,0.09465016046751629,-0.005713022862387174,-0.005517235224026251,0.04530970147735836,-0.12608829182514078,-0.12176719431230991,0.8996620352723372,0.9030833957157337,0.911,0.898,0.902,True,999,0.00011799996718764305,0.0008801659569144249,power_2x2_bal_strong_200,power,True,107,3125563158,-0.050000000000000266,0,0
200,200,0.034450880231793324,0.09201177236125763,0.03190655867550163,0.08925361798776521,-0.0575608921294643,-0.05734705931226358,0.038999799807152916,-1.4759278871710289,-1.4704449662776375,0.1399632521684623,0.14144128045097012,0.172,0.138,0.139,True,999,0.00011733407154679298,0.0008830409497022629,power_2x2_bal_strong_200,power,True,108,3125563158,-0.050000000000000266,0,0
200,200,0.03909782630882219,0.08199335845734018,0.03655370305926908,0.07931465194302234,-0.04289553214851799,-0.04276094888375326,0.03750037744686118,-1.1438693439633203,-1.140280493025608,0.2526778263049818,0.25416946204390023,0.355,0.264,0.267,True,999,0.00012708303984254599,0.0008369169663637877,power_2x2_bal_strong_200,power,True,109,3125563158,-0.050000000000000266,0,0
200,200,0.027739700622007257,0.10407850622774689,0.025196614229940906,0.10142202224179186,-0.07633880560573963,-0.07622540801185096,0.038521657553291566,-1.9817113399165427,-1.9787676038186917,0.0475115572967382,0.047842177519811846,0.06,0.045,0.045,True,999,0.0001176249934360385,0.0008333749137818813,power_2x2_bal_strong_200,power,True,110,3125563158,-0.050000000000000266,0,0
200,200,0.05208180865306533,0.09101852971074342,0.04953574609032785,0.08834938174322815,-0.03893672105767809,-0.0388136356529003,0.03982376964340751,-0.9777256499404179,-0.9746348977117884,0.32821003210543986,0.32974139660246715,0.407,0.334,0.337,True,999,0.0001166659640148282,0.0008392500458285213,power_2x2_bal_strong_200,power,True,111,3125563158,-0.050000000000000266,0,0
200,200,0.0596962156675378,0.09567956677040212,0.05714844835836175,0.09285109705026429,-0.035983351102864325,-0.03570264869190254,0.04291393932987811,-0.8385003023437544,-0.8319592479603747,0.40174977797622435,0.40543194738889643,0.49,0.427,0.431,True,999,0.00011662498582154512,0.0008382080122828484,power_2x2_bal_strong_200,power,True,112,3125563158,-0.050000000000000266,0,0
200,200,0.07755383089315082,0.11905586957314218,0.0750033921974591,0.11636316606839614,-0.04150203867999136,-0.04135977387093703,0.04585559526882686,-0.905059424846348,-0.9019569722836825,0.36543390627070804,0.36707972503459874,0.415,0.365,0.366,True,999,0.00011616596020758152,0.0008427089778706431,power_2x2_bal_strong_200,power,True,113,3125563158,-0.050000000000000266,0,0
200,200,0.06678590515166927,0.08914781494522755,0.064237170727381,0.08638442123075407,-0.022361909793558288,-0.022147250503373073,0.04267223167343798,-0.5240389104720253,-0.5190084894753463,0.600251476690306,0.6037548211519144,0.671,0.604,0.609,True,999,0.00011891697067767382,0.0008560830028727651,power_2x2_bal_strong_200,power,True,114,3125563158,-0.050000000000000266,0,0
200,200,0.07737424958798578,0.12570016571663423,0.07482252657777622,0.12296924992509162,-0.04832591612864845,-0.0481467233473154,0.047030035525928965,-1.0275543190267213,-1.0237441415661015,0.30415952164168625,0.305956140115879,0.326,0.297,0.297,True,999,0.00013537495397031307,0.0008519589900970459,power_2x2_bal_strong_200,power,True,115,3125563158,-0.050000000000000266,0,0
200,200,0.05474675990413913,0.07195350950312268,0.05220023894750625,0.06912828714934705,-0.01720674959898355,-0.016928048201840795,0.03902951367817158,-0.4408650781781823,-0.4337242923759081,0.6593106766587514,0.664488663990499,0.731,0.666,0.67,True,999,0.00012641691137105227,0.0008725839434191585,power_2x2_bal_strong_200,power,True,116,3125563158,-0.050000000000000266,0,0
200,200,0.06274118866031686,0.1031069540039175,0.060193238559890005,0.10039557880344319,-0.040365765343600646,-0.04020234024355318,0.043246595343116305,-0.9333859700015851,-0.9296070574941181,0.3506207216580165,0.3525745720054142,0.416,0.353,0.353,True,999,0.00011595804244279861,0.0009018329437822104,power_2x2_bal_strong_200,power,True,117,3125563158,-0.050000000000000266,0,0
200,200,0.02865253256933331,0.09880465393408105,0.02610895354186482,0.09604350239552417,-0.07015212136474774,-0.06993454885365935,0.0396953797113482,-1.7672616277982727,-1.7617805740164343,0.07718442295519762,0.0781063781185454,0.116,0.099,0.101,True,999,0.0001222500577569008,0.0008558749686926603,power_2x2_bal_strong_200,power,True,118,3125563158,-0.050000000000000266,0,0
200,200,0.10786857328458188,0.08426222013284279,0.10530934008068016,0.08156454562255533,0.02360635315173909,0.02374479445812483,0.04431796543809766,0.5326587743454043,0.5357825934336048,0.594269808691509,0.5921088135975761,0.635,0.576,0.576,True,999,0.00013100006617605686,0.0008120000129565597,power_2x2_bal_strong_200,power,True,119,3125563158,-0.050000000000000266,0,0
200,200,0.05679338861059491,0.11709286917157108,0.05424296584837407,0.11436133081309663,-0.06029948056097617,-0.06011836496472256,0.044239781336781664,-1.3630148870297922,-1.3589209337872379,0.17287781886794096,0.1741716445598428,0.204,0.165,0.165,True,999,0.0001228339970111847,0.000808625016361475,power_2x2_bal_strong_200,power,True,120,3125563158,-0.050000000000000266,0,0
200,200,0.029057711335407355,0.0534832118084122,0.026515172108020124,0.050725581233571404,-0.024425500473004846,-0.02421040912555128,0.03222731606308535,-0.7579129588449638,-0.7512387652188944,0.44850309188985527,0.4525089742633993,0.553,0.451,0.451,True,999,0.0001127920113503933,0.0008405830012634397,power_2x2_bal_strong_200,power,True,121,3125563158,-0.050000000000000266,0,0
200,200,0.05549012292989797,0.059067037671074685,0.05294367527963573,0.05633751994893288,-0.0035769147411767177,-0.0033938446692971524,0.03656341900058663,-0.09782768786254177,-0.09282076901076186,0.9220691210961832,0.9260459509560824,0.943,0.918,0.923,True,999,0.00011745793744921684,0.0008324160007759929,power_2x2_bal_strong_200,power,True,122,3125563158,-0.050000000000000266,0,0
200,200,0.04253845789144417,0.09047024967429174,0.0399932607974165,0.08773445846805572,-0.047931791782847566,-0.047741197670639224,0.039784767288614305,-1.2047774826765116,-1.19998685236251,0.22828921489706944,0.23014444665941014,0.277,0.224,0.224,True,999,0.00011554197408258915,0.0008756660390645266,power_2x2_bal_strong_200,power,True,123,3125563158,-0.050000000000000266,0,0
200,200,0.0551925239348835,0.07662096794768891,0.05264604717794441,0.07390623606745805,-0.021428444012805414,-0.021260188889513643,0.039193821205183985,-0.5467301567924481,-0.5424372576027788,0.5845641327460671,0.5875173190976238,0.663,0.609,0.612,True,999,0.0001159169478341937,0.0008688330417498946,power_2x2_bal_strong_200,power,True,124,3125563158,-0.050000000000000266,0,0
200,200,0.08642480527447183,0.1031069540039175,0.08387240553847164,0.10039557880344319,-0.01668214872944568,-0.016523173264971547,0.04550784173098068,-0.36657745335544795,-0.3630840891696904,0.7139342287654098,0.71654206978304,0.771,0.729,0.733,True,999,0.00011470809113234282,0.0008826249977573752,power_2x2_bal_strong_200,power,True,125,3125563158,-0.050000000000000266,0,0
200,200,0.029083053995837327,0.07788419517379769,0.026540831233432982,0.07519174356411895,-0.04880114117796036,-0.04865091233068597,0.035816811235879265,-1.3625205453542477,-1.3583261784608627,0.17303366476208448,0.17436020710963707,0.261,0.185,0.186,True,999,0.00012125005014240742,0.0008113749790936708,power_2x2_bal_strong_200,power,True,126,3125563158,-0.050000000000000266,0,0
200,200,0.021126551957651785,0.0888869357495276,0.01858334750673407,0.08624198647279968,-0.06776038379187582,-0.06765863896606561,0.035438602208030995,-1.9120501252873952,-1.909179108388564,0.05586976508302675,0.056238990379308414,0.099,0.052,0.053,True,999,0.00011675001587718725,0.00081295904237777,power_2x2_bal_strong_200,power,True,127,3125563158,-0.050000000000000266,0,0
200,200,0.07429209906303691,0.11160251196276705,0.07174222153116716,0.10889229460286742,-0.03731041289973014,-0.03715007307170026,0.045245306322652584,-0.8246250480362037,-0.8210812588332649,0.4095844962608308,0.4115999843084308,0.462,0.42,0.42,True,999,0.00011504103895276785,0.0008375829784199595,power_2x2_bal_strong_200,power,True,128,3125563158,-0.050000000000000266,0,0
200,200,0.06241760323535828,0.08972317398579394,0.059869939956570306,0.08699711202062588,-0.02730557075043566,-0.02712717206405557,0.041881472609090455,-0.6519725561060843,-0.6477129473753883,0.5144188767287492,0.5171706285049951,0.577,0.509,0.513,True,999,0.00011475000064820051,0.0008457910735160112,power_2x2_bal_strong_200,power,True,129,3125563158,-0.050000000000000266,0,0
200,200,0.1040604698988099,0.08996732864739054,0.10150485926848773,0.0872691625048958,0.014093141251419361,0.014235696763591932,0.04550013816109206,0.3097384276399988,0.3128715063059988,0.7567598778284936,0.7543782862199733,0.78,0.756,0.754,True,999,0.00011516595259308815,0.0008548339828848839,power_2x2_bal_strong_200,power,True,130,3125563158,-0.050000000000000266,0,0
200,200,0.05420171336802282,0.08582034461142862,0.05165504141385213,0.08313319312425449,-0.031618631243405804,-0.03147815171040236,0.03995289882472154,-0.7913976751003918,-0.787881546430486,0.42871196624147956,0.4307659961462169,0.5,0.447,0.449,True,999,0.00011670798994600773,0.0008708329405635595,power_2x2_bal_strong_200,power,True,131,3125563158,-0.050000000000000266,0,0
200,200,0.02176512036205802,0.05006912383286238,0.019222846910508906,0.047300309158217146,-0.028304003470804362,-0.02807746224770824,0.03007533544896594,-0.9411035005356032,-0.9335710418044102,0.34665182183905463,0.350525208744364,0.506,0.337,0.34,True,999,0.00012533296830952168,0.0008294159779325128,power_2x2_bal_strong_200,power,True,132,3125563158,-0.050000000000000266,0,0
200,200,0.04321662748766253,0.11238122814431029,0.040671520359467195,0.10964358400912033,-0.06916460065664776,-0.06897206364965314,0.042653109156501744,-1.6215605854867625,-1.6170465650366197,0.1048974677224636,0.1058682298659314,0.142,0.114,0.114,True,999,0.0001305839978158474,0.0008468340383842587,power_2x2_bal_strong_200,power,True,133,3125563158,-0.050000000000000266,0,0
200,200,0.05166244380237295,0.0882310473105885,0.049116104410046546,0.08541494851670706,-0.03656860350821556,-0.03629884410666051,0.04145564470359186,-0.8821139743376644,-0.8756067929035356,0.3777151759795542,0.3812438312737434,0.471,0.367,0.375,True,999,0.00011383299715816975,0.000858166953548789,power_2x2_bal_strong_200,power,True,134,3125563158,-0.050000000000000266,0,0
200,200,0.040351649128849365,0.1022259549778527,0.03780640564096416,0.09930545904231991,-0.06187430584900333,-0.06149905340135575,0.04181453978621342,-1.4797318388615572,-1.4707576291831501,0.13894482519488693,0.14135667487327547,0.195,0.143,0.144,True,999,0.00011537503451108932,0.0008358329068869352,power_2x2_bal_strong_200,power,True,135,3125563158,-0.050000000000000266,0,0
200,200,0.0375275880350141,0.08518090379234156,0.03498347181064787,0.08237726790128619,-0.04765331575732745,-0.04739379609063832,0.03841059518052613,-1.240629454799162,-1.233872994362415,0.21474266568333855,0.2172502340603626,0.247,0.195,0.2,True,999,0.00011479202657938004,0.0008524999720975757,power_2x2_bal_strong_200,power,True,136,3125563158,-0.050000000000000266,0,0
200,200,0.09025647673572701,0.11305597537399742,0.08770364188899293,0.1103833599712658,-0.02279949863827041,-0.02267971808227287,0.04629438445288613,-0.49248950834357663,-0.48990214148659983,0.6223733369940632,0.6242031476001187,0.619,0.619,0.619,True,999,0.00012154201976954937,0.0008262089686468244,power_2x2_bal_strong_200,power,True,137,3125563158,-0.050000000000000266,0,0
200,200,0.04427150997345963,0.14259095907734565,0.041726459668666394,0.1396715435165916,-0.09831944910388601,-0.09794508384792522,0.0461478638592722,-2.130530882289827,-2.1224185835905325,0.03312780899720131,0.03380260299556333,0.055,0.031,0.032,True,999,0.00011366698890924454,0.0008351659635081887,power_2x2_bal_strong_200,power,True,138,3125563158,-0.050000000000000266,0,0
200,200,0.039379373902592496,0.09045319168911575,0.03683545019077883,0.08777227658957543,-0.05107381778652326,-0.0509368263987966,0.038639825910431,-1.321792129832957,-1.3182467880903668,0.1862373797701672,0.18742104755127775,0.252,0.196,0.198,True,999,0.00011374999303370714,0.0008412080351263285,power_2x2_bal_strong_200,power,True,139,3125563158,-0.050000000000000266,0,0
200,200,0.01830322355302183,0.09445529906799421,0.01576248703645433,0.09170871772914069,-0.07615207551497238,-0.07594623069268636,0.037603737773254826,-2.0251198424517938,-2.0196457902837026,0.04285505987920424,0.04342014184744493,0.058,0.043,0.043,True,999,0.00011499994434416294,0.0008946669986471534,power_2x2_bal_strong_200,power,True,140,3125563158,-0.050000000000000266,0,0
200,200,0.04111581118921104,0.11282008126283122,0.03857012833751128,0.11007640088732273,-0.07170427007362018,-0.07150627254981146,0.042454738632456857,-1.6889579911063664,-1.6842942590899515,0.09122748070232307,0.09212481434309489,0.125,0.097,0.097,True,999,0.00011712498962879181,0.0008595830295234919,power_2x2_bal_strong_200,power,True,141,3125563158,-0.050000000000000266,0,0
200,200,0.0749231711950531,0.05356981415621631,0.07237260668671297,0.050853535648002435,0.021353357038836784,0.021519071038710536,0.03762397256137264,0.5675465822755679,0.571951061350802,0.5703428876935408,0.5673551298044455,0.657,0.565,0.563,True,999,0.00011920800898224115,0.0008879579836502671,power_2x2_bal_strong_200,power,True,142,3125563158,-0.050000000000000266,0,0
200,200,0.025568526678887205,0.10274643455032739,0.023024522603321884,0.10003890926809333,-0.07717790787144019,-0.07701438666477145,0.03910028747841065,-1.9738450238774898,-1.9696629265781025,0.048399367527387514,0.04887701455720703,0.053,0.041,0.041,True,999,0.0001276669790968299,0.0008703329367563128,power_2x2_bal_strong_200,power,True,143,3125563158,-0.050000000000000266,0,0
200,200,0.06625125338306104,0.17148093101720124,0.06370297089034693,0.16868295264323763,-0.1052296776341402,-0.1049799817528907,0.049197588482333215,-2.138919424311377,-2.133844056006706,0.03244219461468195,0.03285554820457329,0.038,0.033,0.035,True,999,0.0001124159898608923,0.0008306249510496855,power_2x2_bal_strong_200,power,True,144,3125563158,-0.050000000000000266,0,0
200,200,0.04560825573152094,0.10831807224524631,0.04306341698259075,0.10555839131009748,-0.06270981651372537,-0.062494974327506725,0.04270980455766727,-1.468276831589193,-1.4632465536835995,0.1420290415875205,0.14339992645580396,0.175,0.128,0.129,True,999,0.00010954192839562893,0.0008335839956998825,power_2x2_bal_strong_200,power,True,145,3125563158,-0.050000000000000266,0,0
200,200,0.06205499349604271,0.16804096582795625,0.059507299680774395,0.16519951873543448,-0.10598597233191354,-0.10569221905466009,0.049767931534898634,-2.129603723988273,-2.123701262941696,0.033204343352942235,0.033695131722865646,0.035,0.026,0.026,True,999,0.00011270795948803425,0.000839458080008626,power_2x2_bal_strong_200,power,True,146,3125563158,-0.050000000000000266,0,0
200,200,0.060797840189983465,0.12999571045398173,0.05824897554950326,0.127181754595469,-0.06919787026399826,-0.06893277904596573,0.04624945333861416,-1.4961878523702294,-1.490456082610884,0.13460470923127144,0.13610435574580662,0.164,0.129,0.13,True,999,0.00011199992150068283,0.0008299590554088354,power_2x2_bal_strong_200,power,True,147,3125563158,-0.050000000000000266,0,0
200,200,0.051113383266435886,0.14588288715127712,0.048567216690912574,0.14310872920991358,-0.09476950388484123,-0.094541512519001,0.04672136436271938,-2.028397611617292,-2.0235178019424236,0.04251968367234752,0.04301979008936439,0.053,0.043,0.043,True,999,0.00011770904529839754,0.0008420420344918966,power_2x2_bal_strong_200,power,True,148,3125563158,-0.050000000000000266,0,0
200,200,0.03359014617515399,0.05285251661877827,0.03104688974366354,0.050143882505921056,-0.019262370443624277,-0.019096992762257514,0.03225896363236952,-0.5971168405514395,-0.5919902753197896,0.5504293750973965,0.5538571003935346,0.661,0.56,0.568,True,999,0.00012099999003112316,0.0008607909549027681,power_2x2_bal_strong_200,power,True,149,3125563158,-0.050000000000000266,0,0
200,200,0.016315466876973828,0.13697124985203857,0.013775039959824653,0.13419701910483184,-0.12065578297506474,-0.12042197914500719,0.042320696591237314,-2.850987641825514,-2.8454630675890407,0.004358366336681438,0.004434690175032054,0.004,0.004,0.004,True,999,0.00011337501928210258,0.0008591660298407078,power_2x2_bal_strong_200,power,True,150,3125563158,-0.050000000000000266,0,0
200,200,0.11725251848428753,0.19395221172834343,0.11469199185222578,0.19117140080582828,-0.0766996932440559,-0.0764794089536025,0.055248064387631295,-1.3882783785132409,-1.3842911928462853,0.165052293465364,0.16626930968301712,0.187,0.171,0.171,True,999,0.0001140000531449914,0.0009013749659061432,power_2x2_bal_strong_200,power,True,151,3125563158,-0.050000000000000266,0,0
200,200,0.05879172279147726,0.08582034461142862,0.05624463342533659,0.08313319312425449,-0.02702862181995136,-0.026888559698917902,0.04044999131361732,-0.6681984579525061,-0.6647358584194797,0.5040069196625159,0.5062194542937573,0.588,0.505,0.507,True,999,0.00012400001287460327,0.0008112079231068492,power_2x2_bal_strong_200,power,True,152,3125563158,-0.050000000000000266,0,0
200,200,0.042480642057128204,0.13554577899905212,0.03993577303427287,0.13268409927967895,-0.09306513694192392,-0.09274832624540608,0.04581697977461097,-2.0312368340240323,-2.0243221334462915,0.04223097555315657,0.04293701772719506,0.064,0.048,0.048,True,999,0.00012125005014240742,0.0008279579924419522,power_2x2_bal_strong_200,power,True,153,3125563158,-0.050000000000000266,0,0
200,200,0.03405977333939536,0.052915604663239635,0.03151580818749267,0.05009604586389571,-0.018855831323844274,-0.018580237676403044,0.03343588868492808,-0.5639398881102248,-0.5556974379083416,0.572795042580949,0.5784177083655875,0.684,0.6,0.606,True,999,0.00012833299115300179,0.0008603330934420228,power_2x2_bal_strong_200,power,True,154,3125563158,-0.050000000000000266,0,0
200,200,0.03166750618313541,0.07962686386059076,0.029124693302748028,0.07687239517667876,-0.04795935767745535,-0.04774770187393074,0.036748924203676966,-1.305054738790332,-1.2992952285975563,0.19187420921899356,0.1938426312059387,0.291,0.213,0.213,True,999,0.00011608400382101536,0.0008447919972240925,power_2x2_bal_strong_200,power,True,155,3125563158,-0.050000000000000266,0,0
200,200,0.021751111166624093,0.09947218919389317,0.01920973214953392,0.0967383583076753,-0.07772107802726907,-0.07752862615814138,0.03844318985464322,-2.021712514521784,-2.0167063776779015,0.04320606025473369,0.0437261639858657,0.072,0.046,0.047,True,999,0.00011950009502470493,0.000831125071272254,power_2x2_bal_strong_200,power,True,156,3125563158,-0.050000000000000266,0,0
200,200,0.10015021767561705,0.06283404787901653,0.09759553964980228,0.06008538386757323,0.03731616979660052,0.03751015578222905,0.04206845280642602,0.8870345189139073,0.8916457173937072,0.3750603161998789,0.37258285745196884,0.493,0.374,0.371,True,999,0.0001248749904334545,0.0008812079904600978,power_2x2_bal_strong_200,power,True,157,3125563158,-0.050000000000000266,0,0
200,200,0.052223344297435914,0.09414091661068841,0.049675976500623165,0.09134735679780448,-0.041917572313252494,-0.041671380297181315,0.04202291880766727,-0.9974931181030776,-0.9916346003452331,0.31852521257366107,0.3213758043856607,0.37,0.334,0.335,True,999,0.00011733395513147116,0.0008900839602574706,power_2x2_bal_strong_200,power,True,158,3125563158,-0.050000000000000266,0,0
200,200,0.10062819447954163,0.055060222714853835,0.09807288782948831,0.052375143967765325,0.0455679717646878,0.045697743861722984,0.04030755620617382,1.1305069335289608,1.133726481158477,0.258262678517826,0.25690929805180185,0.39,0.262,0.262,True,999,0.0001176249934360385,0.0009080830495804548,power_2x2_bal_strong_200,power,True,159,3125563158,-0.050000000000000266,0,0
200,200,0.0740465161343582,0.14928327880499098,0.07149686112040854,0.1465208337815369,-0.07523676267063278,-0.07502397266112837,0.04880153081191919,-1.541688578593873,-1.537328264358557,0.12314928871911802,0.12421294337840405,0.147,0.122,0.122,True,999,0.00012429198250174522,0.0008359169587492943,power_2x2_bal_strong_200,power,True,160,3125563158,-0.050000000000000266,0,0
200,200,0.01858726842456848,0.09164254398277105,0.016045818738120943,0.0887468827856921,-0.07305527555820257,-0.07270106404757115,0.03705998967659025,-1.971270801630836,-1.9617130140080519,0.04869290925844339,0.049795905826278124,0.089,0.047,0.049,True,999,0.00011820904910564423,0.0008091670460999012,power_2x2_bal_strong_200,power,True,161,3125563158,-0.050000000000000266,0,0
200,200,0.048383322982535226,0.1175901336135336,0.04583791923710123,0.11479743142392351,-0.06920681063099837,-0.06895951218682228,0.04309680352427784,-1.6058455609593392,-1.60010735246235,0.1083078472362305,0.10957477019488764,0.149,0.099,0.1,True,999,0.00011979101691395044,0.0008384579559788108,power_2x2_bal_strong_200,power,True,162,3125563158,-0.050000000000000266,0,0
200,200,0.07206418360108402,0.08487691090402982,0.0695141556901433,0.08197272114951204,-0.012812727302945803,-0.012458565459368742,0.04255711347314021,-0.30107134289153603,-0.2927493065814233,0.7633600928385782,0.7697137788535917,0.792,0.757,0.767,True,999,0.00011683302000164986,0.0008606250630691648,power_2x2_bal_strong_200,power,True,163,3125563158,-0.050000000000000266,0,0
200,200,0.02354806441513302,0.06847682756116669,0.021006315285461596,0.06580025711609494,-0.04492876314603367,-0.044793941830633344,0.03307563748832162,-1.3583642389930404,-1.3542880873104635,0.17434813575043462,0.17564448523610532,0.291,0.179,0.181,True,999,0.00011945900041610003,0.0008323339279741049,power_2x2_bal_strong_200,power,True,164,3125563158,-0.050000000000000266,0,0
200,200,0.044868449529228194,0.08282271425708923,0.04232199154648697,0.0777837496279048,-0.03795426472786104,-0.03546175808141783,0.038498600075895104,-0.9858609054105609,-0.9211181188798936,0.32420137350474776,0.3569887614792854,0.437,0.341,0.383,True,999,0.00011745793744921684,0.0008913329802453518,power_2x2_bal_strong_200,power,True,165,3125563158,-0.050000000000000266,0,0
200,200,0.07228809011154436,0.12610910948283,0.06973609199687303,0.12331688312877986,-0.05382101937128564,-0.053580791131906835,0.0462215916049881,-1.1644129399792764,-1.1592156235079658,0.24425670609330685,0.24636830462287695,0.279,0.252,0.255,True,999,0.00011904200073331594,0.0008784170495346189,power_2x2_bal_strong_200,power,True,166,3125563158,-0.050000000000000266,0,0
200,200,0.03414633767490094,0.17343309256705708,0.03160317571479254,0.1707128893465466,-0.13928675489215614,-0.13910971363175406,0.04657274836011922,-2.9907351358166565,-2.98693374408789,0.002783067717528013,0.0028179078617768354,0.006,0.003,0.003,True,999,0.00012474996037781239,0.0008337500039488077,power_2x2_bal_strong_200,power,True,167,3125563158,-0.050000000000000266,0,0
200,200,0.03760074796067925,0.09101852971074342,0.0350534334237409,0.08834938174322815,-0.053417781750064175,-0.05329594831948725,0.038106861765159754,-1.4017890551906547,-1.3985919031573084,0.16097824772348823,0.1619353957626909,0.214,0.165,0.165,True,999,0.00011679192539304495,0.0008810840081423521,power_2x2_bal_strong_200,power,True,168,3125563158,-0.050000000000000266,0,0
200,200,0.04889869778268008,0.05734773295654916,0.046353264574406694,0.05456202963708279,-0.00844903517386908,-0.008208765062676093,0.03580618130281443,-0.23596582674972294,-0.2292555297437113,0.8134591877532837,0.8186703151437407,0.864,0.83,0.83,True,999,0.00012908398639410734,0.0008446669671684504,power_2x2_bal_strong_200,power,True,169,3125563158,-0.050000000000000266,0,0
200,200,0.06630751715558192,0.1282310678674431,0.0637591846556802,0.1253230479547085,-0.061923550711861175,-0.0615638632990283,0.04674058062789537,-1.324834862554198,-1.3171394636524092,0.18522592904117263,0.18779188101104272,0.232,0.187,0.19,True,999,0.00011833396274596453,0.0008578749839216471,power_2x2_bal_strong_200,power,True,170,3125563158,-0.050000000000000266,0,0
200,200,0.057205186670445496,0.1338232388894488,0.05465543814707985,0.12876869621393183,-0.07661805221900331,-0.07411325806685198,0.0458692854158273,-1.6703563511928197,-1.6157491313627275,0.09484888016304967,0.10614856372704322,0.173,0.112,0.128,True,999,0.00011733407154679298,0.000842499895952642,power_2x2_bal_strong_200,power,True,171,3125563158,-0.050000000000000266,0,0
200,200,0.08125530193798935,0.11555884212244383,0.07870408652837568,0.11273283892097652,-0.03430354018445447,-0.034028752392600836,0.047079458608027196,-0.7286307276822765,-0.7227940464633726,0.46622757709034846,0.46980642555934515,0.508,0.445,0.448,True,999,0.00011854199692606926,0.0008459590608254075,power_2x2_bal_strong_200,power,True,172,3125563158,-0.050000000000000266,0,0
200,200,0.07833068262523979,0.049972127773384334,0.07577991505408477,0.04729577963637155,0.028358554851855455,0.02848413541771322,0.03697033743490228,0.7670623753918792,0.770459167917208,0.443044430582607,0.4410275672474906,0.561,0.456,0.455,True,999,0.0001177079975605011,0.0008314999286085367,power_2x2_bal_strong_200,power,True,173,3125563158,-0.050000000000000266,0,0
200,200,0.05192927459174712,0.020938329861655447,0.049382963721910755,0.01820050001523299,0.030990944730091674,0.031182463706677765,0.027789743731130082,1.1151936135120097,1.122085327895527,0.2647674622566233,0.26182616158704763,0.462,0.252,0.248,True,999,0.00011745910160243511,0.0008507919264957309,power_2x2_bal_strong_200,power,True,174,3125563158,-0.050000000000000266,0,0
200,200,0.04823665791694409,0.06409059320879379,0.04569114864381163,0.061428836755681004,-0.015853935291849697,-0.015737688111869375,0.03557841627766192,-0.4456054245956885,-0.44233807342769094,0.6558822914425662,0.6582445837150728,0.729,0.679,0.679,True,999,0.00012908305507153273,0.000842750072479248,power_2x2_bal_strong_200,power,True,175,3125563158,-0.050000000000000266,0,0
200,200,0.043304782161658006,0.0729555583187183,0.040759259775967394,0.07025135173566355,-0.0296507761570603,-0.029492091959696154,0.037092441037550654,-0.7993751645259269,-0.7950970908018627,0.4240729067566702,0.4265570268052693,0.54,0.425,0.426,True,999,0.0001325829653069377,0.0008868330623954535,power_2x2_bal_strong_200,power,True,176,3125563158,-0.050000000000000266,0,0
200,200,0.03573761294506539,0.0751285764069548,0.033193213490932294,0.07246184107664533,-0.03939096346188942,-0.039268627585713034,0.03577382376998493,-1.1011113521205231,-1.0976916484577843,0.27084819689096074,0.27233915780168183,0.412,0.303,0.303,True,999,0.00012274994514882565,0.0008266250370070338,power_2x2_bal_strong_200,power,True,177,3125563158,-0.050000000000000266,0,0
200,200,0.08658918740279187,0.09404395726781656,0.08403721022810373,0.09130332541649011,-0.007454769865024691,-0.0072661151883863795,0.04494843701764479,-0.1658515926170753,-0.16165445720691068,0.868273743277821,0.8715779705948572,0.885,0.862,0.867,True,999,0.0001112909521907568,0.0008397080237045884,power_2x2_bal_strong_200,power,True,178,3125563158,-0.050000000000000266,0,0
200,200,0.03909782630882219,0.13278868944594086,0.036553703059155396,0.1298694589020073,-0.09369086313711866,-0.0933157558428519,0.044794002363246925,-2.0915939231630523,-2.0832198714044057,0.036474856597268214,0.037231186610824356,0.055,0.045,0.046,True,999,0.00011245801579207182,0.0008554999949410558,power_2x2_bal_strong_200,power,True,179,3125563158,-0.050000000000000266,0,0
200,200,0.038814615140304376,0.0846803190758274,0.03627044993271511,0.0819370722815762,-0.04586570393552303,-0.0456666223488611,0.03882132186444711,-1.1814565226725888,-1.1763283720300872,0.23742141536380856,0.23946368237104565,0.3,0.236,0.239,True,999,0.00011391693260520697,0.0008534169755876064,power_2x2_bal_strong_200,power,True,180,3125563158,-0.050000000000000266,0,0
200,200,0.07124259353526963,0.10900305324877463,0.0686925479102456,0.10634127575737296,-0.037760459713505,-0.03764872784712736,0.04359027912873894,-0.8662587271346387,-0.8636954981622421,0.3863482944220009,0.3877551873233037,0.452,0.396,0.401,True,999,0.00011675001587718725,0.0008403749670833349,power_2x2_bal_strong_200,power,True,181,3125563158,-0.050000000000000266,0,0
200,200,0.05474675990413913,0.12524223457258898,0.05220023894750625,0.1224167125002893,-0.07049547466844985,-0.07021647355278304,0.0455151688635559,-1.548834738585266,-1.542704889512242,0.12142145238483457,0.12290239500748147,0.163,0.143,0.143,True,999,0.00011891697067767382,0.0008489580359309912,power_2x2_bal_strong_200,power,True,182,3125563158,-0.050000000000000266,0,0
200,200,0.0554404997056952,0.05285251661877827,0.052894047224270935,0.050143882505921056,0.002587983086916934,0.002750164718349879,0.035202121043790925,0.07351781682977343,0.07812497192793338,0.9413940666590503,0.9377286431734676,0.955,0.944,0.939,True,999,0.00011620903387665749,0.0008524999720975757,power_2x2_bal_strong_200,power,True,183,3125563158,-0.050000000000000266,0,0
200,200,0.049126399584015434,0.03884251404586764,0.04658081437492001,0.03609519608119882,0.010283885538147797,0.010485618293721188,0.031845850268051895,0.3229270203680102,0.3292616841899956,0.7467505123986171,0.7419579024597411,0.817,0.757,0.755,True,999,0.00011645897757261992,0.0008642919128760695,power_2x2_bal_strong_200,power,True,184,3125563158,-0.050000000000000266,0,0
200,200,0.03187442356612802,0.08337888696821955,0.029330324698236154,0.08065782133548538,-0.05150446340209153,-0.051327496637249226,0.037127853802862675,-1.3872189778478488,-1.3824525626981357,0.16537500024597251,0.16683278638565247,0.278,0.184,0.184,True,999,0.00011708296369761229,0.0008759169140830636,power_2x2_bal_strong_200,power,True,185,3125563158,-0.050000000000000266,0,0
200,200,0.058386195386126105,0.11905586957314218,0.055839068996448304,0.11636316606839614,-0.060669674187016076,-0.060524097071947836,0.0440188980705408,-1.3782642648117227,-1.3749571144411035,0.16812171204985493,0.16914474066995955,0.198,0.168,0.168,True,999,0.00012220803182572126,0.0008135420503094792,power_2x2_bal_strong_200,power,True,186,3125563158,-0.050000000000000266,0,0
200,200,0.05914953829861713,0.08841486592047892,0.056602331038078546,0.08560494980471134,-0.029265327621861792,-0.029002618766632793,0.04149869236684289,-0.7052108380466596,-0.698880304715472,0.4806790375759714,0.4846268369198503,0.568,0.5,0.502,True,999,0.00011562509462237358,0.000838708016090095,power_2x2_bal_strong_200,power,True,187,3125563158,-0.050000000000000266,0,0
200,200,0.05755306215143974,0.06958485096707717,0.055005707617596045,0.06688867018104361,-0.012031788815637434,-0.011882962563447563,0.038120954850872815,-0.31562139150777213,-0.31171733787710965,0.7522898989769058,0.755255350322701,0.79,0.74,0.741,True,999,0.00011516700033098459,0.0008461249526590109,power_2x2_bal_strong_200,power,True,188,3125563158,-0.050000000000000266,0,0
200,200,0.06268093353881521,0.1313954459851316,0.06013318800589218,0.12824796548657247,-0.06871451244631638,-0.06811477748068029,0.04705069109362045,-1.4604357736125433,-1.4476892028035673,0.14417034702301776,0.14770399094235237,0.203,0.164,0.169,True,999,0.00011391600128263235,0.0008460000390186906,power_2x2_bal_strong_200,power,True,189,3125563158,-0.050000000000000266,0,0
200,200,0.023780383057399712,0.1211352269872083,0.02123868969255227,0.11841320067345862,-0.09735484392980859,-0.09717451098090635,0.04089785882249724,-2.380438652114846,-2.3760293027236,0.017292040064817046,0.017500073002355704,0.025,0.017,0.018,True,999,0.00011587503831833601,0.0008364999666810036,power_2x2_bal_strong_200,power,True,190,3125563158,-0.050000000000000266,0,0
200,200,0.0455027338182461,0.11543774927510775,0.04295771159496553,0.11273723762074894,-0.06993501545686165,-0.06977952602578341,0.042542163421999755,-1.6438988953884812,-1.640243946543124,0.10019708838501434,0.10095445519392203,0.106,0.082,0.082,True,999,0.00011491694021970034,0.0008670829702168703,power_2x2_bal_strong_200,power,True,191,3125563158,-0.050000000000000266,0,0
200,200,0.058518682519029586,0.04175573383731729,0.0559711658570734,0.03904591780099764,0.016762948681712297,0.01692524805607576,0.033461737585028996,0.5009587036272782,0.5058090008944492,0.616400186711727,0.6129907391956331,0.723,0.611,0.608,True,999,0.00011470902245491743,0.0008552500512450933,power_2x2_bal_strong_200,power,True,192,3125563158,-0.050000000000000266,0,0
200,200,0.06630751715558192,0.10359375984411201,0.0637591846556802,0.1008120883100645,-0.03728624268853009,-0.037052903654384295,0.04453776854671872,-0.8371825510166275,-0.8319434238272841,0.40248996398699133,0.40544087968353437,0.456,0.389,0.396,True,999,0.00011958309914916754,0.0008761669741943479,power_2x2_bal_strong_200,power,True,193,3125563158,-0.050000000000000266,0,0
200,200,0.02036143556978831,0.09571799958996652,0.017820338051592444,0.0929515929422422,-0.07535656402017821,-0.07513125489064976,0.03799933841904962,-1.9831020000706345,-1.9771727092223628,0.047356037252492156,0.04802211130357258,0.093,0.049,0.049,True,999,0.00011475000064820051,0.0008405420230701566,power_2x2_bal_strong_200,power,True,194,3125563158,-0.050000000000000266,0,0
200,200,0.01541313795348398,0.18932382775876289,0.012871278976234635,0.18661541410291704,-0.1739106898052789,-0.1737441351266824,0.045346128200297084,-3.835182775409247,-3.8315098118022815,0.00012547095348447532,0.00012735929432119113,0.001,0.001,0.001,True,999,0.0001176249934360385,0.0008588749915361404,power_2x2_bal_strong_200,power,True,195,3125563158,-0.050000000000000266,0,0
200,200,0.02721977019768418,0.1224596143797339,0.024676994583387568,0.11977331937333702,-0.09523984418204973,-0.09509632478994945,0.0407721781505759,-2.335902777387047,-2.3323827448891454,0.019496309186903874,0.01968056502754011,0.023,0.02,0.02,True,999,0.00012295902706682682,0.0008324590744450688,power_2x2_bal_strong_200,power,True,196,3125563158,-0.050000000000000266,0,0
200,200,0.04857231697298625,0.13103293792191495,0.04602693499296606,0.12814027707170084,-0.0824606209489287,-0.08211334207873477,0.04632738553705042,-1.779954124175228,-1.7724579344773184,0.07508346883700606,0.07631857214234254,0.097,0.078,0.078,True,999,0.00011037499643862247,0.0008394169854000211,power_2x2_bal_strong_200,power,True,197,3125563158,-0.050000000000000266,0,0
200,200,0.05509251641158519,0.12466509272762039,0.05254593395000029,0.12182260093872799,-0.0695725763160352,-0.0692766669887277,0.04610415105437387,-1.5090306344429456,-1.502612354948795,0.1312909542909001,0.1329390355305827,0.187,0.14,0.141,True,999,0.0001151250908151269,0.0008346250979229808,power_2x2_bal_strong_200,power,True,198,3125563158,-0.050000000000000266,0,0
200,200,0.04246020721376165,0.08851570136629522,0.03991558456360167,0.08580228971817405,-0.04605549415253357,-0.04588670515457238,0.03890358136590211,-1.183836874023632,-1.1794982246747798,0.23647764250910597,0.2381998432084501,0.268,0.211,0.211,True,999,0.00011841591913253069,0.0008421250386163592,power_2x2_bal_strong_200,power,True,199,3125563158,-0.050000000000000266,0,0
200,200,0.04051240557325564,0.05599138917362967,0.03796763883153176,0.053229947227606544,-0.01547898360037403,-0.015262308396074786,0.03447997595890346,-0.44892675153901984,-0.44264266350608444,0.6534844973473473,0.6580242206132847,0.724,0.639,0.64,True,999,0.00011583301238715649,0.000869374955072999,power_2x2_bal_strong_200,power,True,200,3125563158,-0.050000000000000266,0,0
200,200,0.0462811676703796,0.15752324363768644,0.04373497327878795,0.15471183212471828,-0.11124207596730684,-0.11097685884593034,0.047697876115652536,-2.3322228372932026,-2.3266624823471367,0.01968897137121704,0.019983236165017217,0.021,0.021,0.021,True,999,0.00012250000145286322,0.0008678749436512589,power_2x2_bal_strong_200,power,True,201,3125563158,-0.050000000000000266,0,0
200,200,0.03799093495134309,0.09905094122891461,0.03544649413350953,0.09631250114335899,-0.06106000627757152,-0.060866007009849454,0.03960725386890508,-1.541636955686761,-1.5367388815015581,0.12316183986684782,0.12435726561436719,0.173,0.127,0.127,True,999,0.00013979105278849602,0.0008619580185040832,power_2x2_bal_strong_200,power,True,202,3125563158,-0.050000000000000266,0,0
200,200,0.034206006545573486,0.045262485298187105,0.031662965248926866,0.04247059828662003,-0.011056478752613619,-0.010807633037693165,0.031327024011682116,-0.35293741111477944,-0.3449939270855382,0.7241353632979822,0.730098936267167,0.795,0.716,0.721,True,999,0.00011566595640033484,0.0008473750203847885,power_2x2_bal_strong_200,power,True,203,3125563158,-0.050000000000000266,0,0
200,200,0.03766312345523537,0.05203872920152908,0.03511672263900323,0.049361411068716166,-0.014375605746293707,-0.014244688429712937,0.03223185228770229,-0.4460061934379912,-0.4419444561412265,0.6555927721197399,0.6585293996918575,0.72,0.637,0.637,True,999,0.00011437502689659595,0.000842957990244031,power_2x2_bal_strong_200,power,True,204,3125563158,-0.050000000000000266,0,0
200,200,0.03247850565078092,0.08690361132546542,0.02993496317716904,0.08422815571192643,-0.054425105674684504,-0.054293192534757395,0.03714465110128809,-1.4652205381139565,-1.4616692020260929,0.1428607579077005,0.14383188075627806,0.206,0.157,0.158,True,999,0.00011433404870331287,0.0008307079551741481,power_2x2_bal_strong_200,power,True,205,3125563158,-0.050000000000000266,0,0
200,200,0.08085026053262068,0.07694221230038228,0.07829727665401265,0.07422374873646476,0.0039080482322383925,0.004073527917547892,0.041908721597182445,0.09325143032998491,0.09720000425452631,0.9257038168577133,0.9225675646677954,0.94,0.936,0.932,True,999,0.00011395895853638649,0.0008365840185433626,power_2x2_bal_strong_200,power,True,206,3125563158,-0.050000000000000266,0,0
200,200,0.02705143211455152,0.1709406765751436,0.024509237247372084,0.16819458685185396,-0.1438892444605921,-0.14368534960448187,0.045280218630819505,-3.177750656059231,-3.173247699530407,0.0014842233373990976,0.0015074385614883442,0.002,0.002,0.002,True,999,0.000116499955765903,0.0008324170485138893,power_2x2_bal_strong_200,power,True,207,3125563158,-0.050000000000000266,0,0
200,200,0.013544374877109022,0.05893217708098683,0.011003079318584241,0.05599312977905413,-0.04538780220387781,-0.04499005046046989,0.0318447205882694,-1.425284988074201,-1.412794636893213,0.15407483776528288,0.15771611563275667,0.266,0.138,0.142,True,999,0.00011775002349168062,0.0008344589732587337,power_2x2_bal_strong_200,power,True,208,3125563158,-0.050000000000000266,0,0
200,200,0.0458491392391418,0.12535025836452401,0.04330415960126288,0.12248858725398293,-0.07950111912538221,-0.07918442765272005,0.04522611267061968,-1.7578587773923067,-1.7508563742680625,0.07877154136636474,0.07997065306799592,0.098,0.07,0.07,True,999,0.00011579110287129879,0.0008744170190766454,power_2x2_bal_strong_200,power,True,209,3125563158,-0.050000000000000266,0,0
200,200,0.034562048513190335,0.11878503129972257,0.03201776366250897,0.11603068941872152,-0.08422298278653223,-0.08401292575621255,0.042081477410479594,-2.0014264700116753,-1.9964347956873474,0.04534645047385638,0.045886616521777904,0.087,0.046,0.047,True,999,0.0001152500044554472,0.0008860420202836394,power_2x2_bal_strong_200,power,True,210,3125563158,-0.050000000000000266,0,0
200,200,0.022328621610719135,0.08690361132546542,0.019787072309981113,0.08422815571192643,-0.06457498971474629,-0.06444108340194532,0.035836421236629216,-1.801937455985218,-1.7982008576257786,0.07155524632815155,0.07214518371835343,0.105,0.066,0.067,True,999,0.00011608295608311892,0.0008300830377265811,power_2x2_bal_strong_200,power,True,211,3125563158,-0.050000000000000266,0,0
200,200,0.06591426912376241,0.14232474111311072,0.06336429118104547,0.13953508795177072,-0.0764104719893483,-0.07617079677072525,0.04811025324395498,-1.588236744502051,-1.5832549536682403,0.11223281512172475,0.11336336563752214,0.114,0.108,0.109,True,999,0.00011475000064820051,0.0008597499690949917,power_2x2_bal_strong_200,power,True,212,3125563158,-0.050000000000000266,0,0
200,200,0.0486856080039364,0.09684723154912483,0.046139703711361335,0.09418958091474394,-0.04816162354518844,-0.04804987720338261,0.04014878383482207,-1.199578640870726,-1.196795335098238,0.23030302595140584,0.23138633696750133,0.332,0.255,0.255,True,999,0.00011708401143550873,0.0008374999742954969,power_2x2_bal_strong_200,power,True,213,3125563158,-0.050000000000000266,0,0
200,200,0.02705143211455152,0.10725729953775387,0.024509237247372084,0.10436947657413498,-0.08020586742320235,-0.0798602393267629,0.03974099334022892,-2.018214963489897,-2.009517946445545,0.043568878410814194,0.044482233385761794,0.072,0.043,0.043,True,999,0.00011379201896488667,0.0008303329814225435,power_2x2_bal_strong_200,power,True,214,3125563158,-0.050000000000000266,0,0
200,200,0.052772083710488804,0.10610968468170795,0.050225532946512885,0.10336131673277293,-0.053337600971219146,-0.05313578378626005,0.042468041886725066,-1.2559467920250817,-1.2511945789257022,0.20913526192799747,0.2108634955834665,0.28,0.215,0.215,True,999,0.00011741707567125559,0.0008572080405429006,power_2x2_bal_strong_200,power,True,215,3125563158,-0.050000000000000266,0,0
200,200,0.055734224006822375,0.04213341673780796,0.05318682651738982,0.039452455384491714,0.013600807269014414,0.013734371132898104,0.03282814111808613,0.4143033021605135,0.41837188050015345,0.6786519958041735,0.6756752424791548,0.739,0.666,0.662,True,999,0.00012054096441715956,0.0008890839526429772,power_2x2_bal_strong_200,power,True,216,3125563158,-0.050000000000000266,0,0
200,200,0.11316876182680957,0.14588288715127712,0.11061050326560462,0.14310872920991358,-0.03271412532446755,-0.032498225944308956,0.051954977598860856,-0.6296629665986965,-0.6255074575380338,0.5289151171191855,0.5316380554078536,0.587,0.568,0.57,True,999,0.00011570798233151436,0.0008662081090733409,power_2x2_bal_strong_200,power,True,217,3125563158,-0.050000000000000266,0,0
200,200,0.03507919377625246,0.10323986006065355,0.03253539820889273,0.10054531991036697,-0.0681606662844011,-0.06800992170147424,0.03984557888415646,-1.710620555484096,-1.7068373356853546,0.08715118187388368,0.08785229076523651,0.124,0.081,0.081,True,999,0.0001217500539496541,0.0008155830437317491,power_2x2_bal_strong_200,power,True,218,3125563158,-0.050000000000000266,0,0
200,200,0.09533470637742214,0.09978777884736506,0.09278084885781368,0.0968320272509402,-0.00445307246994292,-0.00405117839312652,0.047444089883041426,-0.09385937175569346,-0.0853884731083141,0.9252208679516116,0.9319525568205109,0.932,0.925,0.931,True,999,0.00011612498201429844,0.0008781249634921551,power_2x2_bal_strong_200,power,True,219,3125563158,-0.050000000000000266,0,0
200,200,0.03138728989628181,0.10727437613397794,0.028844209941865984,0.10457291921768785,-0.07588708623769613,-0.07572870927582187,0.0400947109937941,-1.8926956787253564,-1.888745607557646,0.05839835141502879,0.058925924244406756,0.089,0.056,0.056,True,999,0.00011562509462237358,0.0008297080639749765,power_2x2_bal_strong_200,power,True,220,3125563158,-0.050000000000000266,0,0
200,200,0.02386409994879224,0.10892673932546915,0.021322329033068854,0.10611445142466636,-0.08506263937667691,-0.0847921223915975,0.040880121017671696,-2.080782474687537,-2.0741651511976564,0.0374538209876175,0.03806397550733572,0.047,0.037,0.038,True,999,0.00011312495917081833,0.0008618750143796206,power_2x2_bal_strong_200,power,True,221,3125563158,-0.050000000000000266,0,0
200,200,0.04571737642807894,0.0882310473105885,0.04317216608660601,0.08541494851670706,-0.04251367088250957,-0.042242782430101045,0.040801517320039296,-1.0419629875291272,-1.0353238115817296,0.2974288392861585,0.3005177131767989,0.378,0.309,0.314,True,999,0.00011341704521328211,0.0008516249945387244,power_2x2_bal_strong_200,power,True,222,3125563158,-0.050000000000000266,0,0
200,200,0.04564337490516657,0.15087122328173097,0.04309745677599608,0.14809179692848318,-0.1052278483765644,-0.1049943401524871,0.046874361689352974,-2.244891334711568,-2.23990975809566,0.02477510936535,0.02509678201642858,0.026,0.023,0.024,True,999,0.00011366698890924454,0.0008453750051558018,power_2x2_bal_strong_200,power,True,223,3125563158,-0.050000000000000266,0,0
200,200,0.0401992924845016,0.07935857352233444,0.03765410187395446,0.07659178830850522,-0.03915928103783284,-0.038937686434550756,0.038468193275636435,-1.0179651733899886,-1.012204710409721,0.3086945070702236,0.31144018446821653,0.367,0.301,0.307,True,999,0.0001152500044554472,0.0008717499440535903,power_2x2_bal_strong_200,power,True,224,3125563158,-0.050000000000000266,0,0
200,200,0.03612543669798052,0.06746522248768005,0.03358022151431328,0.0647660806749073,-0.03133978578969954,-0.03118585916059402,0.03496608188955954,-0.8962910368020738,-0.8918888670196059,0.3700973449637246,0.3724525024916614,0.452,0.376,0.384,True,999,0.00011462497059255838,0.000864083063788712,power_2x2_bal_strong_200,power,True,225,3125563158,-0.050000000000000266,0,0
200,200,0.05034153681452447,0.05203872920152908,0.047795284540967486,0.049361411068716166,-0.001697192387004609,-0.0015661265277486791,0.034020630482717994,-0.04988715267539675,-0.04603461210233154,0.9602123152361843,0.96328266267367,0.974,0.964,0.97,True,999,0.0001521669328212738,0.0008685840293765068,power_2x2_bal_strong_200,power,True,226,3125563158,-0.050000000000000266,0,0
200,200,0.04792566901702333,0.11773013004020993,0.04537824556155101,0.11504851269984329,-0.0698044610231866,-0.06967026713829227,0.04282264794895627,-1.6300827801772582,-1.6269490672631413,0.1030840025980397,0.10374791557459721,0.14,0.104,0.105,True,999,0.00013754190877079964,0.0008948330068960786,power_2x2_bal_strong_200,power,True,227,3125563158,-0.050000000000000266,0,0
200,200,0.032565480312198525,0.08199301704607292,0.030022154274206514,0.0791722296044739,-0.0494275367338744,-0.049150075330267384,0.03785852384838009,-1.305585419331909,-1.2982565175311356,0.19169358140737547,0.19419920284055625,0.305,0.202,0.202,True,999,0.0001180840190500021,0.000833250000141561,power_2x2_bal_strong_200,power,True,228,3125563158,-0.050000000000000266,0,0
200,200,0.07011211872757184,0.03999909206352448,0.06756315268464164,0.037289695631969266,0.03011302666404736,0.03027345705267237,0.03450761429445783,0.8726487553468374,0.8772978854563847,0.3828545571616814,0.38032486047362024,0.549,0.403,0.402,True,999,0.0001152500044554472,0.0008408329449594021,power_2x2_bal_strong_200,power,True,229,3125563158,-0.050000000000000266,0,0
200,200,0.01662712145527223,0.12085125494179311,0.014086445250512725,0.11770409465493259,-0.10422413348652088,-0.10361764940441986,0.0412778979975929,-2.5249380065961367,-2.5102452990814186,0.01157187005725754,0.01206473212828084,0.013,0.011,0.012,True,999,0.00011695793364197016,0.0008458750089630485,power_2x2_bal_strong_200,power,True,230,3125563158,-0.050000000000000266,0,0
200,200,0.04553574499710511,0.010697074179022992,0.04299085480587905,0.007981982845436164,0.03483867081808212,0.03500887196044289,0.023773481560897678,1.4654425237986313,1.472601809321233,0.1428002228115654,0.14085843665996073,0.378,0.138,0.133,True,999,0.00011383311357349157,0.000829958007670939,power_2x2_bal_strong_200,power,True,231,3125563158,-0.050000000000000266,0,0
200,200,0.07245956548483712,0.13109286443523022,0.06990827197603267,0.12835739960866022,-0.0586332989503931,-0.05844912763262755,0.04627467329066694,-1.267071051633308,-1.2630910923020187,0.20512988540005317,0.20655644487724023,0.246,0.204,0.204,True,999,0.00011395802721381187,0.0008321659406647086,power_2x2_bal_strong_200,power,True,232,3125563158,-0.050000000000000266,0,0
200,200,0.05014643885950132,0.05663737739524921,0.04759751837244153,0.05388133433221043,-0.006490938535747892,-0.006283815959768901,0.035110444541510806,-0.18487201231740902,-0.17897283961584692,0.853329423506477,0.8579590281848232,0.886,0.852,0.855,True,999,0.00011741591151803732,0.0008500419789925218,power_2x2_bal_strong_200,power,True,233,3125563158,-0.050000000000000266,0,0
200,200,0.08641473208847628,0.05945834223955582,0.08386274603890342,0.05667843564441455,0.02695638984892046,0.027184310394488875,0.04057550113112015,0.6643513720708121,0.6699685681426952,0.5064654484596662,0.50287782740211,0.613,0.514,0.501,True,999,0.00011516595259308815,0.000873417011462152,power_2x2_bal_strong_200,power,True,234,3125563158,-0.050000000000000266,0,0
200,200,0.0788399171849602,0.1272406108208089,0.07628828337558957,0.12450000591640276,-0.0484006936358487,-0.048211722540813184,0.046771288486646904,-1.0348377220710305,-1.030797399446832,0.3007447030344349,0.30263583804229777,0.359,0.307,0.307,True,999,0.00011470809113234282,0.0008326669922098517,power_2x2_bal_strong_200,power,True,235,3125563158,-0.050000000000000266,0,0
200,200,0.02630968844429471,0.11473691854174517,0.023767537970883268,0.11204293881505123,-0.08842723009745046,-0.08827540084416796,0.04033946710936099,-2.1920772988329946,-2.1883135095674873,0.02837392561709509,0.02864677350330479,0.046,0.022,0.022,True,999,0.0001610000617802143,0.0008612920064479113,power_2x2_bal_strong_200,power,True,236,3125563158,-0.050000000000000266,0,0
200,200,0.06822667887712619,0.1041093846775864,0.06567652028422799,0.10131761707556564,-0.03588270580046021,-0.035641096791337645,0.044740019521437066,-0.8020270483625316,-0.796626759947217,0.42253731213694123,0.42566783118587703,0.488,0.44,0.444,True,999,0.00012529094237834215,0.0008410000009462237,power_2x2_bal_strong_200,power,True,237,3125563158,-0.050000000000000266,0,0
200,200,0.041476872912890594,0.13962961086209974,0.03893059576694213,0.13688349128300104,-0.09815273794920915,-0.0979528955160589,0.0444499446823899,-2.208163331822888,-2.203667433468499,0.027232889491010173,0.027547741069695104,0.046,0.033,0.033,True,999,0.00011350004933774471,0.0008366249967366457,power_2x2_bal_strong_200,power,True,238,3125563158,-0.050000000000000266,0,0
200,200,0.05780881764565893,0.05790102345064557,0.0552612348795094,0.055209891600100036,-9.220580498664477e-05,5.1343279409366005e-05,0.03620567952323277,-0.0025467221220769345,0.0014181001457635842,0.9979680119346491,0.9988685201672588,1.0,1.0,1.0,True,999,0.00011516700033098459,0.0008334589656442404,power_2x2_bal_strong_200,power,True,239,3125563158,-0.050000000000000266,0,0
200,200,0.03165400849771238,0.12899607110975903,0.029111336172348956,0.12388993129126646,-0.09734206261204664,-0.09477859511891751,0.044429340201476215,-2.1909409901345405,-2.1332433632621983,0.02845606297898114,0.03290476760599883,0.049,0.036,0.04,True,999,0.00011837494093924761,0.0008489170577377081,power_2x2_bal_strong_200,power,True,240,3125563158,-0.050000000000000266,0,0
200,200,0.1081020776505911,0.08337888696821955,0.10554464695277943,0.08065782133548538,0.024723190682371554,0.02488682561729405,0.045085885609273846,0.5483576589052555,0.5519870638223642,0.5834463435551351,0.5809572162947909,0.627,0.574,0.574,True,999,0.00012079195585101843,0.0008614170365035534,power_2x2_bal_strong_200,power,True,241,3125563158,-0.050000000000000266,0,0
200,200,0.10984750650728015,0.06475875393675168,0.10729085381416326,0.061868079809805465,0.04508875257052847,0.04542277400435779,0.04282112364983641,1.0529558481284906,1.0607562374074069,0.2923612280688973,0.2888006951276011,0.384,0.287,0.286,True,999,0.00011899997480213642,0.000885708024725318,power_2x2_bal_strong_200,power,True,242,3125563158,-0.050000000000000266,0,0
200,200,0.039733217591059744,0.07121364433599048,0.037187885078708405,0.06847163567216796,-0.031480426744930734,-0.03128375059345956,0.03596487718025457,-0.8753102808373864,-0.8698417190935094,0.3814051017181238,0.3843869089153573,0.511,0.39,0.396,True,999,0.00011854199692606926,0.0008789999410510063,power_2x2_bal_strong_200,power,True,243,3125563158,-0.050000000000000266,0,0
200,200,0.05709160441234751,0.067592112901815,0.05454322506932385,0.064922106530517,-0.010500508489467486,-0.010378881461193146,0.03729537497369097,-0.28154988378250095,-0.27828870117312543,0.7782886729981009,0.7807907488472602,0.823,0.768,0.772,True,999,0.00011766597162932158,0.0008738749893382192,power_2x2_bal_strong_200,power,True,244,3125563158,-0.050000000000000266,0,0
200,200,0.02052160860184138,0.1839209592376606,0.017980337922409717,0.18116718840113322,-0.16339935063581923,-0.1631868504787235,0.04569144100421866,-3.5761478965115736,-3.5714971314574337,0.000348694429112266,0.00035494643646689743,0.001,0.001,0.001,True,999,0.00011691602412611246,0.0008384579559788108,power_2x2_bal_strong_200,power,True,245,3125563158,-0.050000000000000266,0,0
200,200,0.05876862229702562,0.08851570136629522,0.05622138066189564,0.08580228971817405,-0.0297470790692696,-0.029580909056278415,0.040740485059893625,-0.7301601594958347,-0.7260814153977492,0.46529229206114087,0.4677888613452036,0.519,0.462,0.463,True,999,0.00011541694402694702,0.0008707080269232392,power_2x2_bal_strong_200,power,True,246,3125563158,-0.050000000000000266,0,0
200,200,0.03611926480979377,0.07156343597583958,0.033574927704563606,0.06893147223317442,-0.03544417116604581,-0.03535654452861081,0.034604733134788235,-1.0242578963978106,-1.021725681018669,0.3057134790267261,0.30691075280814917,0.421,0.305,0.309,True,999,0.00012262491509318352,0.0008178750285878778,power_2x2_bal_strong_200,power,True,247,3125563158,-0.050000000000000266,0,0
200,200,0.06866105540116685,0.08549508855651655,0.06611016095718014,0.08266408686137083,-0.016834033155349704,-0.01655392590419069,0.04255894061014145,-0.39554633912429416,-0.38896470792898513,0.6924397301569827,0.6973022536428202,0.76,0.716,0.717,True,999,0.00011804199311882257,0.0008207500213757157,power_2x2_bal_strong_200,power,True,248,3125563158,-0.050000000000000266,0,0
200,200,0.07706479903357633,0.05445192371632057,0.07451420526814445,0.05169893042461382,0.022612875317255754,0.02281527484353063,0.03788577352474273,0.5968698330123196,0.6022121952619036,0.5505942895684992,0.5470328989356732,0.663,0.57,0.566,True,999,0.00011675001587718725,0.0008264579810202122,power_2x2_bal_strong_200,power,True,249,3125563158,-0.050000000000000266,0,0
200,200,0.03687711852291353,0.10834866895382295,0.03433344548832906,0.10561619825155333,-0.07147155043090941,-0.07128275276322427,0.041272911364681225,-1.731681823930412,-1.727107451504465,0.08333022859366727,0.08414836761119208,0.137,0.095,0.095,True,999,0.00011708401143550873,0.0008694999851286411,power_2x2_bal_strong_200,power,True,250,3125563158,-0.050000000000000266,0,0
200,200,0.017737410187536495,0.17165448119852073,0.015196081381731119,0.16875974035238528,-0.15391707101098423,-0.15356365897065416,0.04638873540066241,-3.317983766567311,-3.3103652782149635,0.000906697538605765,0.0009317429256185222,0.001,0.002,0.002,True,999,0.00011616700794547796,0.0008678750600665808,power_2x2_bal_strong_200,power,True,251,3125563158,-0.050000000000000266,0,0
200,200,0.04240649998298407,0.06945364083002192,0.03986124050351236,0.06668170075841573,-0.027047140847037854,-0.026820460254903367,0.03724359417136843,-0.726222628315254,-0.7201361966166518,0.46770230210198904,0.4714411430699659,0.582,0.472,0.473,True,999,0.00011500006075948477,0.0008385420078411698,power_2x2_bal_strong_200,power,True,252,3125563158,-0.050000000000000266,0,0
200,200,0.03848848195167354,0.13962961086209974,0.03594426777343074,0.13688349128300104,-0.1011411289104262,-0.1009392235095703,0.04416034830014571,-2.2903154708608238,-2.285743373750457,0.02200303562161601,0.02226927618730747,0.03,0.023,0.024,True,999,0.0001543750986456871,0.0008197920396924019,power_2x2_bal_strong_200,power,True,253,3125563158,-0.050000000000000266,0,0
200,200,0.06838648036082673,0.1344898927045926,0.06583669765694822,0.1316849598866554,-0.06610341234376588,-0.06584826222970719,0.04706907167126002,-1.4043916736970208,-1.398970914268394,0.16020224892612922,0.16182170530636553,0.173,0.155,0.155,True,999,0.0001154579222202301,0.0008454170310869813,power_2x2_bal_strong_200,power,True,254,3125563158,-0.050000000000000266,0,0
200,200,0.07603660141779045,0.11282008126283122,0.07348485246487257,0.11007640088732273,-0.03678347984504077,-0.03659154842245016,0.04591541642583973,-0.8011139331481746,-0.7969338246458243,0.42306569073836797,0.42548946517163744,0.459,0.406,0.411,True,999,0.00011491705663502216,0.000843999907374382,power_2x2_bal_strong_200,power,True,255,3125563158,-0.050000000000000266,0,0
200,200,0.07385998717818298,0.0599450194984637,0.07131026046542388,0.057203805447407774,0.013914967679719281,0.014106455018016106,0.03881548311171726,0.35849013239561506,0.36342340445474913,0.7199765510758885,0.7162886210108593,0.759,0.702,0.701,True,999,0.00011741707567125559,0.0008756249444559216,power_2x2_bal_strong_200,power,True,256,3125563158,-0.050000000000000266,0,0
200,200,0.05543976623825653,0.10999563569293125,0.05289321787188328,0.10724047898507649,-0.05455586945467472,-0.05434726111319321,0.04339060888305005,-1.2573197486515622,-1.252512064527014,0.2086378756618411,0.21038333496469253,0.29,0.227,0.232,True,999,0.00011866597924381495,0.0008194169495254755,power_2x2_bal_strong_200,power,True,257,3125563158,-0.050000000000000266,0,0
200,200,0.02481999114222211,0.08933012099520199,0.02227775103648355,0.08648523355878268,-0.06451012985297988,-0.06420748252229913,0.03846887889341356,-1.6769433294824967,-1.6690760003742244,0.09355356410823276,0.09510231889671605,0.116,0.082,0.085,True,999,0.00010924995876848698,0.0008440419333055615,power_2x2_bal_strong_200,power,True,258,3125563158,-0.050000000000000266,0,0
200,200,0.034508917157431096,0.14609322039675315,0.03196563007168152,0.1434010214110515,-0.11158430323932206,-0.11143539133936997,0.04417192116104727,-2.5261365208113697,-2.5227653316930794,0.011532465650813312,0.011643607328975923,0.012,0.01,0.01,True,999,0.0001325419871136546,0.0008241659961640835,power_2x2_bal_strong_200,power,True,259,3125563158,-0.050000000000000266,0,0
200,200,0.06592179325648972,0.08021205804514442,0.06337250775922598,0.07742954224571008,-0.014290264788654694,-0.014057034486484099,0.04146520743051211,-0.3446326613125592,-0.33900793840332394,0.7303705482296858,0.7346037499335981,0.778,0.744,0.746,True,999,0.0001271250657737255,0.0008779580239206553,power_2x2_bal_strong_200,power,True,260,3125563158,-0.050000000000000266,0,0
200,200,0.02934891958762631,0.04206837389192769,0.02680643720557896,0.03923809669045397,-0.01271945430430138,-0.012431659484875013,0.030441907094599853,-0.4178271178863728,-0.40837321545732885,0.6760735224372354,0.6829996945556103,0.792,0.707,0.717,True,999,0.00011262495536357164,0.0008992089424282312,power_2x2_bal_strong_200,power,True,261,3125563158,-0.050000000000000266,0,0
200,200,0.03138728989628181,0.13302562446071414,0.02884420994197967,0.13023588904478345,-0.10163833456443233,-0.10139167910280378,0.04391255481768322,-2.314562087913487,-2.3089451188564003,0.020636909697139345,0.02094662685300593,0.035,0.019,0.022,True,999,0.0001153330085799098,0.0008384999819099903,power_2x2_bal_strong_200,power,True,262,3125563158,-0.050000000000000266,0,0
200,200,0.07415846831771566,0.08019381817147331,0.07160828104235861,0.07747793737237174,-0.006035349853757643,-0.005869656330013129,0.041326750957143034,-0.14603978570723997,-0.1420304329295115,0.8838899806521541,0.8870559673545864,0.923,0.902,0.911,True,999,0.00011341599747538567,0.0008338330080732703,power_2x2_bal_strong_200,power,True,263,3125563158,-0.050000000000000266,0,0
200,200,0.0704654620907923,0.09880465393408105,0.06791617830418772,0.09604350239552417,-0.028339191843288758,-0.028127324091336448,0.044172334744928154,-0.6415597456401747,-0.6367633554747978,0.5211590768505121,0.5242789986044576,0.537,0.491,0.493,True,999,0.00011575000826269388,0.000844125053845346,power_2x2_bal_strong_200,power,True,264,3125563158,-0.050000000000000266,0,0
200,200,0.03472201125249641,0.05945834223955582,0.03217773505187438,0.05667843564441455,-0.024736330987059407,-0.02450070059254017,0.034539498566956116,-0.7161751621583938,-0.7093531061270227,0.47388319773024945,0.4781053804866444,0.552,0.454,0.458,True,999,0.00011320796329528093,0.0008635830599814653,power_2x2_bal_strong_200,power,True,265,3125563158,-0.050000000000000266,0,0
200,200,0.031414000619810034,0.04663349849632514,0.028871284810264797,0.043853109169113225,-0.015219497876515109,-0.014981824358848428,0.03137427436850396,-0.48509481678383215,-0.47751939002255933,0.6276090886154595,0.6329923168304642,0.728,0.626,0.634,True,999,0.00011712498962879181,0.0008532500360161066,power_2x2_bal_strong_200,power,True,266,3125563158,-0.050000000000000266,0,0
200,200,0.03341692530493012,0.10867121936366547,0.030871915745535716,0.10595535890571739,-0.07525429405873535,-0.07508344316018167,0.04045276474620133,-1.86030039061303,-1.8560769240681452,0.0628430383324197,0.06344259437555702,0.061,0.051,0.052,True,999,0.00011441705282777548,0.0008964579319581389,power_2x2_bal_strong_200,power,True,267,3125563158,-0.050000000000000266,0,0
200,200,0.0581077266764225,0.10359677906306342,0.055560574548621844,0.10079688118132424,-0.045489052386640916,-0.045236306632702394,0.04291763122418788,-1.0599152630074282,-1.0540261739144572,0.28918315124424887,0.29187093400013364,0.346,0.305,0.307,True,999,0.00011420808732509613,0.0008786250837147236,power_2x2_bal_strong_200,power,True,268,3125563158,-0.050000000000000266,0,0
200,200,0.0821371740531136,0.09828887973922862,0.07958411845521596,0.09560959182034878,-0.016151705686115014,-0.016025473365132825,0.04411032202083674,-0.36616612498283974,-0.36330438389370057,0.7142411178372917,0.7163775188865869,0.763,0.708,0.708,True,999,0.00011295895092189312,0.0008670000825077295,power_2x2_bal_strong_200,power,True,269,3125563158,-0.050000000000000266,0,0
200,200,0.11075525549708076,0.1424931251294001,0.10819726489160075,0.1397628323795317,-0.03173786963231934,-0.031565567487930934,0.05108302598609315,-0.6212997178546091,-0.6179267355172803,0.5344024393128686,0.5366236344465778,0.593,0.545,0.55,True,999,0.00012183305807411671,0.0008397080237045884,power_2x2_bal_strong_200,power,True,270,3125563158,-0.050000000000000266,0,0
200,200,0.047005123340772115,0.07195350950312268,0.04445759085317036,0.06912828714934705,-0.024948386162350566,-0.024670696296176686,0.03810744664716065,-0.6546853268168112,-0.6473983031349302,0.512670374357281,0.517374193859619,0.634,0.546,0.548,True,999,0.00011270900722593069,0.0008353340672329068,power_2x2_bal_strong_200,power,True,271,3125563158,-0.050000000000000266,0,0
200,200,0.095938377642932,0.06021624971665934,0.09338423932337037,0.057421155194234075,0.03572212792627266,0.03596308412913629,0.04161559575104525,0.8583831922044618,0.8641732379436864,0.3906809054802116,0.38749273129867723,0.492,0.381,0.381,True,999,0.00011483300477266312,0.0008703330531716347,power_2x2_bal_strong_200,power,True,272,3125563158,-0.050000000000000266,0,0
200,200,0.058386195386126105,0.12056946582789368,0.05583906899639146,0.11789756745636737,-0.06218327044176758,-0.06205849845997591,0.04399987600658273,-1.4132601290163744,-1.4104243941662806,0.15757925260350913,0.15841440655701833,0.192,0.16,0.16,True,999,0.00011500006075948477,0.0008320000488311052,power_2x2_bal_strong_200,power,True,273,3125563158,-0.050000000000000266,0,0
200,200,0.040159208133319635,0.1244228370187625,0.03761439151460877,0.12171952300795397,-0.08426362888544287,-0.0841051314933452,0.0423562396870048,-1.9894029665550212,-1.985660958452581,0.04665674247495202,0.04707098283690923,0.084,0.054,0.054,True,999,0.00011329201515763998,0.0008313750149682164,power_2x2_bal_strong_200,power,True,274,3125563158,-0.050000000000000266,0,0
200,200,0.07005810375942323,0.09015398283338943,0.06750913387972446,0.08745054901534388,-0.020095879073966205,-0.019941415135619422,0.041766325889932156,-0.48115027227736956,-0.47745198340336503,0.6304097005476332,0.6330403050511028,0.672,0.612,0.618,True,999,0.00011550006456673145,0.0008302089991047978,power_2x2_bal_strong_200,power,True,275,3125563158,-0.050000000000000266,0,0
200,200,0.03738858798001865,0.07121364433599048,0.03484405580343264,0.06847163567216796,-0.03382505635597183,-0.033627579868735324,0.035661077349152866,-0.9485147076403553,-0.9429771159040475,0.34286748899475306,0.3456926081689561,0.455,0.345,0.349,True,999,0.00011424999684095383,0.0008802920347079635,power_2x2_bal_strong_200,power,True,276,3125563158,-0.050000000000000266,0,0
200,200,0.022612020275517897,0.08972317398579394,0.020069569310180668,0.08699711202062588,-0.06711115371027604,-0.06692754271044521,0.037284129882609214,-1.7999924879990112,-1.795067845787729,0.07186182438120538,0.07264289100735206,0.109,0.078,0.078,True,999,0.0001139170490205288,0.0008779159979894757,power_2x2_bal_strong_200,power,True,277,3125563158,-0.050000000000000266,0,0
200,200,0.004006473266906729,0.12119178650406343,0.001467845617526109,0.11851534316268442,-0.1171853132371567,-0.11704749754515831,0.03781683013277577,-3.0987608645599414,-3.095116569374054,0.0019433180566090918,0.0019673556009158675,0.001,0.001,0.001,True,999,0.00011329201515763998,0.0008801670046523213,power_2x2_bal_strong_200,power,True,278,3125563158,-0.050000000000000266,0,0
200,200,0.07382053869983785,0.15251263094344758,0.07126934374872462,0.1497593354348794,-0.07869209224360973,-0.07848999168615478,0.04875405807020934,-1.6140624054368453,-1.6099170980418402,0.10651389082990237,0.1074159557917517,0.148,0.117,0.118,True,999,0.00012075004633516073,0.0008226250065490603,power_2x2_bal_strong_200,power,True,279,3125563158,-0.050000000000000266,0,0
200,200,0.1022020809603279,0.14733387478603,0.09964640161200577,0.14459794836230344,-0.04513179382570209,-0.044951546750297666,0.05106843153780655,-0.8837513208583763,-0.8802218003703427,0.3768304695889424,0.3787391658213629,0.449,0.412,0.414,True,999,0.00011737493332475424,0.0008140410063788295,power_2x2_bal_strong_200,power,True,280,3125563158,-0.050000000000000266,0,0
200,200,0.031747697099893,0.16901958436919906,0.029204898657440026,0.16580280471787034,-0.13727188726930606,-0.13659790606043032,0.04801061962155451,-2.8591984096717935,-2.8451602403211704,0.004247130526152662,0.004438908643079988,0.005,0.005,0.005,True,999,0.00012624997179955244,0.0008317090105265379,power_2x2_bal_strong_200,power,True,281,3125563158,-0.050000000000000266,0,0
200,200,0.04726785283969215,0.08690361132546542,0.04472178084671441,0.08422815571192643,-0.039635758485773276,-0.039506374865212024,0.03894673996621138,-1.017691301509694,-1.014369236025561,0.30882468235593363,0.3104065981366131,0.373,0.327,0.328,True,999,0.00011829100549221039,0.0008428330766037107,power_2x2_bal_strong_200,power,True,282,3125563158,-0.050000000000000266,0,0
200,200,0.018445161497574802,0.0821182708391811,0.015904287222411995,0.07941125031776153,-0.0636731093416063,-0.06350696309534953,0.035206985888082395,-1.8085362247144174,-1.8038170974711787,0.07052308415808904,0.07125998462870775,0.12,0.077,0.079,True,999,0.00012012501247227192,0.0008346670074388385,power_2x2_bal_strong_200,power,True,283,3125563158,-0.050000000000000266,0,0
200,200,0.07559603676916316,0.10001660775890131,0.0730454740835853,0.09736588636272359,-0.024420570989738155,-0.02432041227913828,0.04317933469945998,-0.5655615390953109,-0.5632419408130075,0.5716918794295753,0.5732701471231039,0.616,0.542,0.547,True,999,0.00011750007979571819,0.0008417910430580378,power_2x2_bal_strong_200,power,True,284,3125563158,-0.050000000000000266,0,0
200,200,0.07173328994635797,0.082135710337562,0.06918268066684163,0.07947461557955648,-0.010402420391204037,-0.01029193491271485,0.04086579358958189,-0.25455079854012613,-0.2518471809474079,0.799070064560835,0.8011591872741929,0.844,0.815,0.819,True,999,0.00011666701175272465,0.000847084098495543,power_2x2_bal_strong_200,power,True,285,3125563158,-0.050000000000000266,0,0
200,200,0.05896854484773972,0.11160251196276705,0.05642152132031697,0.10889229460286742,-0.052633967115027325,-0.052470773282550454,0.04376189334479978,-1.2027351444857404,-1.1990060134997689,0.22907882927460377,0.23052560733485172,0.305,0.262,0.264,True,999,0.00011633301619440317,0.0009119580499827862,power_2x2_bal_strong_200,power,True,286,3125563158,-0.050000000000000266,0,0
200,200,0.09213276900622658,0.11555884212244383,0.08957884620977552,0.11273283892097652,-0.02342607311621725,-0.023153992711201,0.04799124061384209,-0.48813226781765,-0.48246289145779453,0.6254561565333832,0.6294771535073951,0.671,0.629,0.633,True,999,0.00013341603334993124,0.0008527920581400394,power_2x2_bal_strong_200,power,True,287,3125563158,-0.050000000000000266,0,0
200,200,0.039733217591059966,0.11273532140845571,0.037187885078708405,0.11001254383594983,-0.07300210381739575,-0.07282465875724142,0.04182610822687985,-1.745371656894447,-1.7411292095887643,0.08092019601723746,0.08166093233563927,0.125,0.09,0.09,True,999,0.00011191703379154205,0.000821957946754992,power_2x2_bal_strong_200,power,True,288,3125563158,-0.050000000000000266,0,0
200,200,0.12540114885146425,0.09445529906799421,0.12284125198789297,0.09170871772914069,0.030945849783470036,0.031132534258752287,0.04823186991296056,0.6416058477375033,0.6454764104094283,0.5211291351298115,0.5186185004567239,0.606,0.534,0.53,True,999,0.0001222920836880803,0.0008526250021532178,power_2x2_bal_strong_200,power,True,289,3125563158,-0.050000000000000266,0,0
200,200,0.08045746664032816,0.07032860894540333,0.07790620499940815,0.06766184267665665,0.010128857694924831,0.010244362322751499,0.040038381246298306,0.25297870142692847,0.2558635490214437,0.8002846717771616,0.7980562015790065,0.841,0.797,0.792,True,999,0.0001170419855043292,0.0008560409769415855,power_2x2_bal_strong_200,power,True,290,3125563158,-0.050000000000000266,0,0
200,200,0.036119264809793994,0.07213383148805674,0.033574927704563606,0.06939114507672173,-0.03601456667826275,-0.03581621737215812,0.03643114554230209,-0.9885653097689275,-0.9831208115750864,0.32287586592182826,0.3255479826370251,0.445,0.325,0.325,True,999,0.00011854199692606926,0.0008350000716745853,power_2x2_bal_strong_200,power,True,291,3125563158,-0.050000000000000266,0,0
200,200,0.09208111072952418,0.07145194617174166,0.08952650419152519,0.06871874276001932,0.02062916455778252,0.020807761431505867,0.04247200225009733,0.4857120800735324,0.48991712961821066,0.6271713175728921,0.6241925411577851,0.718,0.644,0.64,True,999,0.00011708401143550873,0.00085891701746732,power_2x2_bal_strong_200,power,True,292,3125563158,-0.050000000000000266,0,0
200,200,0.030887014893406506,0.08021205804514442,0.028343261253070295,0.07742954224571008,-0.04932504315173791,-0.049086280992639786,0.0374395733420746,-1.3174574053253545,-1.3110801382310788,0.18768534969223338,0.18983069029304733,0.312,0.213,0.213,True,999,0.00011745805386453867,0.0008336669998243451,power_2x2_bal_strong_200,power,True,293,3125563158,-0.050000000000000266,0,0
200,200,0.027968900831472077,0.10570324917287671,0.025425861143986594,0.10287633388712436,-0.07773434834140464,-0.07745047274313777,0.04063139676049216,-1.9131596385824825,-1.9061730316504044,0.055727618785467066,0.056627759926864994,0.088,0.059,0.059,True,999,0.0001325419871136546,0.0008534170920029283,power_2x2_bal_strong_200,power,True,294,3125563158,-0.050000000000000266,0,0
200,200,0.03687711852291331,0.04702200698630399,0.03433344548832906,0.044295724685397886,-0.010144888463390678,-0.009962279197068824,0.03175433772744842,-0.3194803982519039,-0.31372971096347063,0.7493622531319266,0.7537263331481792,0.824,0.753,0.755,True,999,0.00011991697829216719,0.00087816605810076,power_2x2_bal_strong_200,power,True,295,3125563158,-0.050000000000000266,0,0
200,200,0.07011211872757184,0.18093814189820262,0.06756315268464164,0.17778734170485677,-0.11082602317063078,-0.11022418902021514,0.051068546157041296,-2.170142514529957,-2.1583576842243333,0.029996051326201995,0.030900033042767568,0.052,0.042,0.043,True,999,0.0001112079480662942,0.0008214169647544622,power_2x2_bal_strong_200,power,True,296,3125563158,-0.050000000000000266,0,0
200,200,0.054688599233375323,0.07873346950265847,0.05214109781505272,0.07603292226937697,-0.024044870269283147,-0.02389182445432425,0.03905902005959693,-0.6156035208408984,-0.6116851989084644,0.5381562269670983,0.5407460564375404,0.604,0.531,0.534,True,999,0.00012516602873802185,0.0008518750546500087,power_2x2_bal_strong_200,power,True,297,3125563158,-0.050000000000000266,0,0
200,200,0.02956781888979576,0.08628917102579448,0.02702481626130293,0.08352039567623137,-0.056721352135998715,-0.05649557941492844,0.03788048453848052,-1.4973766261722148,-1.4914164933011338,0.1342952866805384,0.13585218052102632,0.2,0.132,0.134,True,999,0.000125208985991776,0.0008414589101448655,power_2x2_bal_strong_200,power,True,298,3125563158,-0.050000000000000266,0,0
200,200,0.07807425040625182,0.12056946582789368,0.07552371858412243,0.11789756745636737,-0.04249521542164186,-0.042373848872244935,0.045879717842477095,-0.9262309669720389,-0.9235856466626675,0.3543259626466694,0.35570208970634665,0.394,0.347,0.351,True,999,0.00011612498201429844,0.0008324170485138893,power_2x2_bal_strong_200,power,True,299,3125563158,-0.050000000000000266,0,0
200,200,0.05384773643630891,0.08354253034909309,0.05129969405700763,0.08075604788210455,-0.02969479391278418,-0.029456353825096926,0.04080921589602269,-0.7276492150313103,-0.7218064150055815,0.46682834556248776,0.4704135048599253,0.567,0.486,0.491,True,999,0.00011604197788983583,0.0008397079072892666,power_2x2_bal_strong_200,power,True,300,3125563158,-0.050000000000000266,0,0
200,200,0.07627978601772367,0.045262485298187105,0.07372620047246414,0.04247059828662003,0.031017300719536567,0.03125560218584411,0.036757071626269365,0.8438458056427235,0.8503289517630265,0.3987555753880533,0.3951422245779832,0.502,0.396,0.394,True,999,0.00011879100929945707,0.0008638749131932855,power_2x2_bal_strong_200,power,True,301,3125563158,-0.050000000000000266,0,0
200,200,0.08255001320795574,0.1845168923823382,0.0799986081839279,0.18170434040733596,-0.10196687917438246,-0.10170573222340806,0.05249737840680527,-1.942323260110917,-1.9373487840723087,0.052097978878474886,0.05270272269524558,0.066,0.055,0.055,True,999,0.0001228750916197896,0.000870833988301456,power_2x2_bal_strong_200,power,True,302,3125563158,-0.050000000000000266,0,0
200,200,0.025265309329431163,0.09488463571097139,0.022722800843808955,0.0922207813365361,-0.06961932638154023,-0.06949798049272715,0.03689808296513582,-1.8868006353425457,-1.8835119580167419,0.059187145649491645,0.059631020831384406,0.102,0.063,0.063,True,999,0.00011633406393229961,0.0008771669818088412,power_2x2_bal_strong_200,power,True,303,3125563158,-0.050000000000000266,0,0
200,200,0.03165400849771238,0.09880465393408105,0.029111336172348956,0.09604350239552417,-0.06715064543636867,-0.06693216622317522,0.040047954090104206,-1.6767559532575849,-1.6713005131943572,0.0935902141579087,0.09466233513406641,0.126,0.095,0.095,True,999,0.0001206250162795186,0.0008393749594688416,power_2x2_bal_strong_200,power,True,304,3125563158,-0.050000000000000266,0,0
200,200,0.077401045383784,0.056972334717909634,0.07485047247860166,0.054107713810090274,0.020428710665874372,0.020742758668511385,0.03963311618780808,0.5154454817297117,0.5233693603656697,0.6062417571828582,0.6007172418820975,0.702,0.627,0.615,True,999,0.0001165829598903656,0.0008643330074846745,power_2x2_bal_strong_200,power,True,305,3125563158,-0.050000000000000266,0,0
200,200,0.06727168871716938,0.061232137674578246,0.06472209314625843,0.058530793437661544,0.006039551042591129,0.006191299708596887,0.03796057423303745,0.15910062386081744,0.16309815732999478,0.8735895967114025,0.8704411506093643,0.897,0.875,0.874,True,999,0.00011558295227587223,0.0008632499957457185,power_2x2_bal_strong_200,power,True,306,3125563158,-0.050000000000000266,0,0
200,200,0.04153752777765796,0.111542209117441,0.03899252958336774,0.10890616456106272,-0.07000468133978305,-0.06991363497769498,0.04045614785249569,-1.7303842569248606,-1.7281337618352137,0.08356164468459777,0.08396424577332871,0.112,0.075,0.075,True,999,0.00011600006837397814,0.000855291960760951,power_2x2_bal_strong_200,power,True,307,3125563158,-0.050000000000000266,0,0
200,200,0.02769227480789349,0.17622966352429437,0.025147261625591,0.17103644962270437,-0.14853738871640088,-0.14588918799711337,0.04839828758694236,-3.0690628971029046,-3.0143460703033966,0.0021473137751186447,0.0025753385841937753,0.004,0.004,0.004,True,999,0.0001222090795636177,0.0008522919379174709,power_2x2_bal_strong_200,power,True,308,3125563158,-0.050000000000000266,0,0
200,200,0.05155324286880758,0.08972317398579394,0.04900726242291853,0.08699711202062588,-0.038169931116986355,-0.03798984959770735,0.04072172350319498,-0.9373358451783502,-0.932913598186155,0.3485858300982244,0.35086458080847727,0.458,0.373,0.376,True,999,0.00011837494093924761,0.0008170830551534891,power_2x2_bal_strong_200,power,True,309,3125563158,-0.050000000000000266,0,0
200,200,0.10664333789175584,0.06283404787901653,0.10408608476186032,0.06008538386757323,0.04380929001273931,0.04400070089428709,0.04263499206581537,1.0275430553642695,1.0320325808050694,0.3041648224659347,0.3020568549372904,0.424,0.313,0.312,True,999,0.00011858297511935234,0.0008705840446054935,power_2x2_bal_strong_200,power,True,310,3125563158,-0.050000000000000266,0,0
200,200,0.04971458790500938,0.13928917665927915,0.047168437216896564,0.1365470032109215,-0.08957458875426977,-0.08937856599402494,0.04582874102253364,-1.954550501621387,-1.9502732128311835,0.05063614854899043,0.05114356363990521,0.068,0.051,0.051,True,999,0.00011708296369761229,0.0008594170212745667,power_2x2_bal_strong_200,power,True,311,3125563158,-0.050000000000000266,0,0
200,200,0.02204334427151977,0.09946165474544327,0.01950114293003935,0.09677268797283034,-0.0774183104739235,-0.07727154504279099,0.037609165157232116,-2.0584958520153758,-2.0545934673035924,0.039542559041173715,0.03991828717656513,0.062,0.049,0.05,True,999,0.00011645897757261992,0.0008884170092642307,power_2x2_bal_strong_200,power,True,312,3125563158,-0.050000000000000266,0,0
200,200,0.01834871617830558,0.12543440820218787,0.01580781358612171,0.1227534072325227,-0.1070856920238823,-0.106945593646401,0.040288606212973754,-2.6579646726373602,-2.6544873029626506,0.007861413317019053,0.007942902875529425,0.011,0.005,0.005,True,999,0.00012079090811312199,0.0008321250788867474,power_2x2_bal_strong_200,power,True,313,3125563158,-0.050000000000000266,0,0
200,200,0.05528941780203733,0.13593826844990292,0.05274266203619504,0.13318476739001994,-0.08064885064786559,-0.0804421053538249,0.04579072546959871,-1.7612485895513887,-1.756733585870612,0.07819633731088962,0.07896323000159894,0.109,0.081,0.083,True,999,0.00011591601651161909,0.000840958091430366,power_2x2_bal_strong_200,power,True,314,3125563158,-0.050000000000000266,0,0
200,200,0.0360200770597594,0.09947218919389317,0.033476498361636686,0.0967383583076753,-0.06345211213413376,-0.06326185994603861,0.04015583505288964,-1.5801467470558233,-1.5754089004179792,0.11407326388670222,0.11516209129666038,0.164,0.123,0.124,True,999,0.00011737504974007607,0.0008434999035671353,power_2x2_bal_strong_200,power,True,315,3125563158,-0.050000000000000266,0,0
200,200,0.06900280856466945,0.11602171869083544,0.06645102733716612,0.11335704022317827,-0.04701891012616599,-0.04690601288601215,0.04438923470489871,-1.0592412876398853,-1.056697940341731,0.2894899061734204,0.2906494653060664,0.32,0.29,0.29,True,999,0.0001153330085799098,0.0008402080275118351,power_2x2_bal_strong_200,power,True,316,3125563158,-0.050000000000000266,0,0
200,200,0.05022110541441105,0.11262903961338927,0.04767455071080917,0.10754431334709125,-0.06240793419897822,-0.059869762636282076,0.04436470344006675,-1.406702386352846,-1.349490878873144,0.15951565783709876,0.17717934808356572,0.211,0.164,0.185,True,999,0.00011704105418175459,0.0008551250211894512,power_2x2_bal_strong_200,power,True,317,3125563158,-0.050000000000000266,0,0
200,200,0.03692937581376132,0.11473691854174517,0.034385479389641205,0.11204293881505123,-0.07780754272798385,-0.07765745942541002,0.0415512352082865,-1.8725687055499811,-1.868956699749877,0.06112796613274319,0.06162883883513095,0.061,0.036,0.036,True,999,0.00012279197108000517,0.0008584590395912528,power_2x2_bal_strong_200,power,True,318,3125563158,-0.050000000000000266,0,0
200,200,0.018635643486244136,0.0599450194984637,0.016094583702852105,0.057203805447407774,-0.04130937601221957,-0.04110922174455567,0.03171993966907122,-1.3023157182262426,-1.2960056725656242,0.19280848060167954,0.19497353057810785,0.295,0.189,0.191,True,999,0.00012266705743968487,0.0008625839836895466,power_2x2_bal_strong_200,power,True,319,3125563158,-0.050000000000000266,0,0
200,200,0.035023802862393705,0.11901050320563239,0.0324795971584706,0.11619900085860735,-0.08398670034323868,-0.08371940370013675,0.04323485473969712,-1.9425692730759723,-1.9363868389100374,0.052068222481207675,0.05282034018408275,0.09,0.05,0.051,True,999,0.00011541706044226885,0.0008627499919384718,power_2x2_bal_strong_200,power,True,320,3125563158,-0.050000000000000266,0,0
200,200,0.08496295152465139,0.14175362464809416,0.08241088966741472,0.13897424627825217,-0.05679067312344277,-0.056563356610837445,0.04972089084235015,-1.142189372742913,-1.1376175215802684,0.25337531239293676,0.255280226967763,0.293,0.27,0.279,True,999,0.0001176249934360385,0.0008511249907314777,power_2x2_bal_strong_200,power,True,321,3125563158,-0.050000000000000266,0,0
200,200,0.04928550081463523,0.04598087998639597,0.04673930209943933,0.043098501041789916,0.003304620828239263,0.003640801057649412,0.03431991248599522,0.09628873120197395,0.10608421740979376,0.9232912606987396,0.9155155331619099,0.943,0.919,0.902,True,999,0.00011604197788983583,0.0008494590874761343,power_2x2_bal_strong_200,power,True,322,3125563158,-0.050000000000000266,0,0
200,200,0.02223577638610441,0.07045422558447856,0.019694520211146482,0.06778081341812481,-0.04821844919837415,-0.048086293206978326,0.03337715032602014,-1.4446544635293215,-1.4406949885560254,0.14855496647265226,0.14967087132781,0.245,0.154,0.154,True,999,0.00011475000064820051,0.0008394999895244837,power_2x2_bal_strong_200,power,True,323,3125563158,-0.050000000000000266,0,0
200,200,0.09316643005461978,0.15087122328173097,0.09061101808779881,0.14809179692848318,-0.057704793227111195,-0.057480778840684366,0.05100266726991982,-1.1314073619272091,-1.1270151526876162,0.25788367432423287,0.25973607448206504,0.293,0.249,0.253,True,999,0.00011554104276001453,0.0008293749997392297,power_2x2_bal_strong_200,power,True,324,3125563158,-0.050000000000000266,0,0
200,200,0.09094960499324478,0.0809085234932958,0.08839673063201303,0.07798340062745268,0.010041081499948978,0.01041333000456035,0.04433835991027752,0.2264648832358249,0.23486051413792974,0.8208398688804355,0.8143169975556958,0.85,0.83,0.827,True,999,0.0001153330085799098,0.0008578749839216471,power_2x2_bal_strong_200,power,True,325,3125563158,-0.050000000000000266,0,0
200,200,0.05540908405916756,0.07195350950312263,0.052858528723817244,0.06912828714934705,-0.01654442544395507,-0.0162697584255298,0.03905539342501951,-0.423614358813665,-0.4165816036846561,0.6718470817943591,0.6769844675005254,0.734,0.672,0.672,True,999,0.00011620798613876104,0.0008583329617977142,power_2x2_bal_strong_200,power,True,326,3125563158,-0.050000000000000266,0,0
200,200,0.02867071935633192,0.10323986006065355,0.026128103233730826,0.10054531991036697,-0.07456914070432163,-0.07441721667663614,0.039093542625386536,-1.907454164972452,-1.9035679981663045,0.05646180102952874,0.056966469952320894,0.108,0.062,0.063,True,999,0.00012287497520446777,0.0008662079926580191,power_2x2_bal_strong_200,power,True,327,3125563158,-0.050000000000000266,0,0
200,200,0.06027000862661214,0.22686428912875956,0.05772182634478895,0.22180176879392377,-0.16659428050214742,-0.16407994244913482,0.05111108419465085,-3.2594550306875063,-3.2102614341784395,0.001116264751912353,0.0013261429839674687,0.004,0.002,0.005,True,999,0.000116499955765903,0.0008637499995529652,power_2x2_bal_strong_200,power,True,328,3125563158,-0.050000000000000266,0,0
200,200,0.032912266073312546,0.09880465393408105,0.030369002115037347,0.09604350239552417,-0.06589238786076851,-0.06567450028048682,0.040200950029357224,-1.6390753903241044,-1.6336554293499839,0.1011975596215199,0.10233122200441977,0.136,0.105,0.106,True,999,0.0001154160127043724,0.000922541948966682,power_2x2_bal_strong_200,power,True,329,3125563158,-0.050000000000000266,0,0
200,200,0.03146732928198226,0.09373903648978499,0.028924694414683927,0.0910711246425393,-0.06227170720780273,-0.062146430227855376,0.03791896820090958,-1.6422310564428542,-1.6389272487209883,0.10054212881885055,0.10122841202266895,0.146,0.102,0.102,True,999,0.00011374999303370714,0.0008507500169798732,power_2x2_bal_strong_200,power,True,330,3125563158,-0.050000000000000266,0,0
200,200,0.0665469381880831,0.14733387478603,0.06399818554103831,0.14459794836230344,-0.08078693659794689,-0.08059976282126513,0.04806488930159877,-1.6807889869676593,-1.6768947976872624,0.09280390855090925,0.09356305563071216,0.114,0.099,0.099,True,999,0.00011200003791600466,0.0008113749790936708,power_2x2_bal_strong_200,power,True,331,3125563158,-0.050000000000000266,0,0
200,200,0.05287134500043644,0.12494908599542798,0.05032453375076784,0.12223470007580772,-0.07207774099499153,-0.07191016632503988,0.04419901744331942,-1.6307543733845131,-1.6269630069776344,0.10294215841938914,0.10374495478023478,0.14,0.094,0.095,True,999,0.00011166604235768318,0.0008073749486356974,power_2x2_bal_strong_200,power,True,332,3125563158,-0.050000000000000266,0,0
200,200,0.09087719870221456,0.10543577602953852,0.08832439306115702,0.10276220814898807,-0.014558577327323963,-0.01443781508783104,0.0456136145130382,-0.3191717534939604,-0.31652424921739397,0.749596275110693,0.7516046223657018,0.79,0.754,0.758,True,999,0.00011287489905953407,0.000816958025097847,power_2x2_bal_strong_200,power,True,333,3125563158,-0.050000000000000266,0,0
200,200,0.05593466402993563,0.09158847323780178,0.05338767952733292,0.08889795974459958,-0.03565380920786615,-0.035510280217266654,0.04064006891517975,-0.8773068097467928,-0.87377509844731,0.3803200144632556,0.3822407440092733,0.467,0.407,0.407,True,999,0.0001135410275310278,0.0008277499582618475,power_2x2_bal_strong_200,power,True,334,3125563158,-0.050000000000000266,0,0
200,200,0.09435319729244684,0.10370638498886492,0.09179679644205407,0.10096153845594813,-0.009353187696418075,-0.009164742013894056,0.04660396289944832,-0.20069511506131582,-0.19665156016169055,0.8409369796206071,0.8441002191694704,0.869,0.851,0.854,True,999,0.00011391693260520697,0.0008871250320225954,power_2x2_bal_strong_200,power,True,335,3125563158,-0.050000000000000266,0,0
200,200,0.05933209535718176,0.1830418382000391,0.05678465239554953,0.18008367577098738,-0.12370974284285735,-0.12329902337543786,0.050896646150908935,-2.4306069691911927,-2.4225372927295705,0.015073555831444567,0.015412543735757728,0.015,0.01,0.01,True,999,0.00011245801579207182,0.0008452499751001596,power_2x2_bal_strong_200,power,True,336,3125563158,-0.050000000000000266,0,0
200,200,0.07999651616306114,0.07673807657010379,0.07744348357044828,0.073965774726382,0.0032584395929573517,0.003477708844066285,0.042154849959710756,0.07729690880341374,0.08249842775837381,0.9383873499693148,0.9342503685414857,0.949,0.937,0.931,True,999,0.00012500002048909664,0.0008944589644670486,power_2x2_bal_strong_200,power,True,337,3125563158,-0.050000000000000266,0,0
200,200,0.03646114471606432,0.060980826827927825,0.03391717478567102,0.05828193369677592,-0.024519682111863506,-0.0243647589111049,0.034116731759032896,-0.7186996188570016,-0.7141586445968401,0.4723260182107234,0.4751290860171471,0.552,0.466,0.471,True,999,0.00011958298273384571,0.0008382500382140279,power_2x2_bal_strong_200,power,True,338,3125563158,-0.050000000000000266,0,0
200,200,0.06037008083270834,0.056972334717909634,0.0578216074208342,0.054107713810090274,0.0033977461147987054,0.0037138936107439235,0.03775259623143594,0.0900003298837885,0.09837452205873534,0.9282869526843194,0.9216349049845338,0.948,0.933,0.926,True,999,0.0001169589813798666,0.0008312499849125743,power_2x2_bal_strong_200,power,True,339,3125563158,-0.050000000000000266,0,0
200,200,0.05907331535985172,0.17402407058093633,0.05652610125795832,0.1712612866709975,-0.11495075522108461,-0.11473518541303918,0.049117833564910916,-2.340305890510688,-2.3359170607843005,0.019267951451281125,0.019495564604013537,0.028,0.019,0.019,True,999,0.00011675001587718725,0.0008392500458285213,power_2x2_bal_strong_200,power,True,340,3125563158,-0.050000000000000266,0,0
200,200,0.03941811871901213,0.22647192718036602,0.03687416113294262,0.22352163991406826,-0.1870538084613539,-0.18664747878112564,0.05154678860268061,-3.628815946288193,-3.6209332111800916,0.0002847241391266329,0.000293542292141407,0.001,0.001,0.001,True,999,0.0001151250908151269,0.000846958952024579,power_2x2_bal_strong_200,power,True,341,3125563158,-0.050000000000000266,0,0
200,200,0.03799093495134309,0.09201177236125763,0.03544649413350953,0.08925361798776521,-0.054020837409914535,-0.05380712385425568,0.039413333294149894,-1.3706234133191884,-1.365201046373874,0.17049238041420756,0.17218986959403082,0.234,0.18,0.182,True,999,0.00011720799375325441,0.0008304159855470061,power_2x2_bal_strong_200,power,True,342,3125563158,-0.050000000000000266,0,0
200,200,0.06289707897789576,0.12400328114026055,0.060349141782637616,0.12110387632444031,-0.06110620216236479,-0.06075473454180269,0.045762170306664525,-1.3352994788681525,-1.327619169603823,0.18177834913408042,0.1843039484711727,0.245,0.201,0.202,True,999,0.00011508306488394737,0.0008402920793741941,power_2x2_bal_strong_200,power,True,343,3125563158,-0.050000000000000266,0,0
200,200,0.0974752822970203,0.18502812849961547,0.09491930211609656,0.17991364487535577,-0.08755284620259518,-0.08499434275925921,0.05393886301597523,-1.6231867211710487,-1.5757533252802565,0.10454949558042104,0.11508266284056431,0.121,0.097,0.11,True,999,0.00011420808732509613,0.0008527078898623586,power_2x2_bal_strong_200,power,True,344,3125563158,-0.050000000000000266,0,0
200,200,0.06995009607361635,0.14554202994679072,0.06740111850052699,0.1426801184089186,-0.07559193387317437,-0.0752789999083916,0.0491906313537358,-1.5367140407201443,-1.5303523828968806,0.12436335125044884,0.12592952865810977,0.158,0.14,0.14,True,999,0.00011308398097753525,0.0008746669627726078,power_2x2_bal_strong_200,power,True,345,3125563158,-0.050000000000000266,0,0
200,200,0.05446536536367752,0.14453186971203985,0.05191738476526098,0.14142405413502956,-0.09006650434836233,-0.08950666936976859,0.045455535605344204,-1.9814199337643097,-1.969103832520792,0.04754420013482052,0.04894116884673438,0.072,0.055,0.056,True,999,0.00017987494356930256,0.0008374169701710343,power_2x2_bal_strong_200,power,True,346,3125563158,-0.050000000000000266,0,0
200,200,0.07418180793751872,0.07145194617174166,0.07163192321880274,0.06871874276001932,0.002729861765777053,0.0029131804587834154,0.040711459976607176,0.06705389016619971,0.0715567670738738,0.9465388015488165,0.9429546467076996,0.953,0.942,0.942,True,999,0.00011045904830098152,0.0008237500442191958,power_2x2_bal_strong_200,power,True,347,3125563158,-0.050000000000000266,0,0
200,200,0.08184104908998313,0.10370638498886492,0.07928363323117082,0.10096153845594813,-0.021865335898881788,-0.021677905224777305,0.045432911135706876,-0.4812664509560178,-0.4771410126026481,0.6303271379105645,0.6332617118415156,0.676,0.639,0.639,True,999,0.00010800000745803118,0.0008530409540981054,power_2x2_bal_strong_200,power,True,348,3125563158,-0.050000000000000266,0,0
200,200,0.036552767394706365,0.03378134037821978,0.0340076216156433,0.031055063732878807,0.002771427016486583,0.002952557882764495,0.02859617877836158,0.09691599139755315,0.10325008476302658,0.9227931092909436,0.9177644903925731,0.951,0.932,0.93,True,999,0.00011799996718764305,0.0008602499729022384,power_2x2_bal_strong_200,power,True,349,3125563158,-0.050000000000000266,0,0
200,200,0.06968948307488643,0.12314068013944102,0.06714037300690734,0.12039389503280518,-0.05345119706455459,-0.05325352202589784,0.04581884084475624,-1.1665768072496283,-1.1622625331429017,0.24338131401996166,0.24512884063263352,0.294,0.251,0.251,True,999,0.00011349993292242289,0.0008297079475596547,power_2x2_bal_strong_200,power,True,350,3125563158,-0.050000000000000266,0,0
200,200,0.03260025915816578,0.0769422123003824,0.030056738025479035,0.07422374873646476,-0.04434195314221662,-0.04416701071098572,0.036509074953316574,-1.2145460600937106,-1.2097543081401323,0.22453927228282844,0.22637318385855065,0.318,0.247,0.25,True,999,0.0001157920341938734,0.0008389169815927744,power_2x2_bal_strong_200,power,True,351,3125563158,-0.050000000000000266,0,0
200,200,0.045556054382362765,0.09555748124152108,0.04301052067134492,0.09283209633701972,-0.050001426859158316,-0.0498215756656748,0.04053954709005249,-1.233398753767221,-1.228962315612547,0.217427029736748,0.21908593541155852,0.301,0.221,0.221,True,999,0.0001153330085799098,0.0008711249101907015,power_2x2_bal_strong_200,power,True,352,3125563158,-0.050000000000000266,0,0
200,200,0.025357151606135497,0.14150576203102555,0.022814663573285543,0.13861278028388568,-0.11614861042489005,-0.11579811671060014,0.0448873727141381,-2.5875564418655967,-2.57974814984276,0.009665935858778552,0.009887239344838424,0.013,0.01,0.01,True,999,0.00011350004933774471,0.0008594579994678497,power_2x2_bal_strong_200,power,True,353,3125563158,-0.050000000000000266,0,0
200,200,0.04753493672803499,0.08507544434535969,0.04498943326001381,0.08232630855258094,-0.03754050761732469,-0.03733687529256713,0.03988248255148568,-0.9412781054655348,-0.9361722968064403,0.34656235979362116,0.349184484277943,0.404,0.349,0.349,True,999,0.0001139170490205288,0.0008983749430626631,power_2x2_bal_strong_200,power,True,354,3125563158,-0.050000000000000266,0,0
200,200,0.07385998717818298,0.08135272734195187,0.07131026046542388,0.07861411747943237,-0.007492740163768885,-0.007303857014008486,0.04199704282334461,-0.17841113707186892,-0.17391360255366695,0.8584001035027777,0.8619333622473659,0.889,0.848,0.85,True,999,0.00012141698971390724,0.0008553749648854136,power_2x2_bal_strong_200,power,True,355,3125563158,-0.050000000000000266,0,0
200,200,0.01816207285447502,0.07933867810967932,0.015621472934668645,0.07654413829551032,-0.0611766052552043,-0.06092266536084168,0.034638566540018755,-1.7661413668641721,-1.7588102351307258,0.07737213490050122,0.07860974575534367,0.122,0.073,0.073,True,999,0.00011283298954367638,0.0008156660478562117,power_2x2_bal_strong_200,power,True,356,3125563158,-0.050000000000000266,0,0
200,200,0.03800525218187223,0.10723501439031552,0.03546108333699749,0.10454720709053333,-0.06922976220844329,-0.06908612375353584,0.04044054602373622,-1.7118898980199102,-1.7083380554007939,0.08691696068785373,0.08757363393085757,0.142,0.085,0.085,True,999,0.00011537503451108932,0.0008358749328181148,power_2x2_bal_strong_200,power,True,357,3125563158,-0.050000000000000266,0,0
200,200,0.04295132376274979,0.14232474111311072,0.04040575619444553,0.13953508795177072,-0.09937341735036093,-0.09912933175732519,0.045905787491643264,-2.1647252510035027,-2.1594081525204376,0.03040873213468829,0.030818515974243177,0.043,0.036,0.036,True,999,0.00011620798613876104,0.0008265420328825712,power_2x2_bal_strong_200,power,True,358,3125563158,-0.050000000000000266,0,0
200,200,0.061618706255997635,0.05288477550259624,0.0590695423002785,0.05013621837374416,0.008733930753401398,0.008933323926534342,0.03646519185031313,0.23951418627532595,0.24498222752275553,0.8107068974895228,0.806470192508377,0.875,0.826,0.82,True,999,0.00011504208669066429,0.0008328328840434551,power_2x2_bal_strong_200,power,True,359,3125563158,-0.050000000000000266,0,0
200,200,0.05243950935297237,0.10610968468170795,0.049893252226524964,0.10336131673277293,-0.05367017532873558,-0.05346806450624797,0.04243635493018279,-1.2647216146870983,-1.259958933659943,0.20597113886843688,0.20768417699292852,0.237,0.186,0.186,True,999,0.00011766701936721802,0.0008374160388484597,power_2x2_bal_strong_200,power,True,360,3125563158,-0.050000000000000266,0,0
200,200,0.039031208003499684,0.12535025836452401,0.03648586801807596,0.12248858725398293,-0.08631905036102433,-0.08600271923590697,0.04451861438245128,-1.9389428794767318,-1.9318372871418084,0.05250829389774176,0.053379592236073005,0.078,0.062,0.063,True,999,0.00011691602412611246,0.0008678330341354012,power_2x2_bal_strong_200,power,True,361,3125563158,-0.050000000000000266,0,0
200,200,0.07782475422105661,0.10659218358936362,0.07527305908459425,0.10389721916361339,-0.028767429368307007,-0.028624160079019134,0.04488741083096953,-0.6408796773027341,-0.6376879296248078,0.5216008606257885,0.5236768443677933,0.573,0.537,0.541,True,999,0.00011600006837397814,0.000885666930116713,power_2x2_bal_strong_200,power,True,362,3125563158,-0.050000000000000266,0,0
200,200,0.06252128144772051,0.11282008126283122,0.05997362682907692,0.11007640088732273,-0.050298799815110706,-0.050102774058245814,0.04466403944736665,-1.1261587719665216,-1.1217698774713003,0.2600983208695209,0.2619602969432777,0.296,0.241,0.243,True,999,0.00011475000064820051,0.0008657079888507724,power_2x2_bal_strong_200,power,True,363,3125563158,-0.050000000000000266,0,0
200,200,0.011321418843657338,0.05480750881305835,0.008781663777341464,0.052076681789237966,-0.04348608996940101,-0.0432950180118965,0.029175111625509693,-1.4905200887518901,-1.483970946457009,0.13608753840890453,0.13781662846687975,0.262,0.148,0.151,True,999,0.00012041698209941387,0.0008310830453410745,power_2x2_bal_strong_200,power,True,364,3125563158,-0.050000000000000266,0,0
200,200,0.06410680770577515,0.058362267007572965,0.06155474268993544,0.055666976204271634,0.005744540698202183,0.0058877664856638035,0.036948225015546635,0.1554754171759283,0.15935180873198695,0.8764465325226717,0.8733917047252501,0.914,0.884,0.883,True,999,0.00014145905151963234,0.0008332920260727406,power_2x2_bal_strong_200,power,True,365,3125563158,-0.050000000000000266,0,0
200,200,0.07500624784106058,0.07792438230488541,0.07245568865019436,0.07519379888330491,-0.0029181344638248286,-0.0027381102331105467,0.041466018324197336,-0.07037411793458748,-0.06603262969940697,0.943895891058027,0.947351847392695,0.964,0.954,0.955,True,999,0.00011791696306318045,0.0008146250620484352,power_2x2_bal_strong_200,power,True,366,3125563158,-0.050000000000000266,0,0
200,200,0.039379373902592496,0.135938839166244,0.03683545019077883,0.13318097681286645,-0.0965594652636515,-0.09634552662208762,0.04477116069571866,-2.156733570521106,-2.1519550783346313,0.031026429697360938,0.03140089258930277,0.039,0.028,0.028,True,999,0.00011387502308934927,0.0008255840511992574,power_2x2_bal_strong_200,power,True,367,3125563158,-0.050000000000000266,0,0
200,200,0.10809978860383918,0.10754929638171201,0.10554171279653701,0.1048267118381574,0.0005504922221271635,0.0007150009583796191,0.04800855775390582,0.011466543630596304,0.014893198042831205,0.9908512223545027,0.988117386497434,0.991,0.99,0.987,True,999,0.0001157920341938734,0.0008301660418510437,power_2x2_bal_strong_200,power,True,368,3125563158,-0.050000000000000266,0,0
200,200,0.014593705655804867,0.11123131518947316,0.012053321697663932,0.10852497362805025,-0.09663760953366829,-0.09647165193038632,0.03875425484494566,-2.4935999910283866,-2.4893176843772595,0.012645496176489471,0.012798854342023842,0.026,0.019,0.019,True,999,0.00011395895853638649,0.0008604580070823431,power_2x2_bal_strong_200,power,True,369,3125563158,-0.050000000000000266,0,0
200,200,0.07731978299854769,0.09445529906799421,0.0747689537839733,0.09170871772914069,-0.01713551606944652,-0.016939763945167385,0.044127232078642116,-0.38832066418551164,-0.3838845798208664,0.6977787469667787,0.7010639958735285,0.741,0.705,0.711,True,999,0.00011366698890924454,0.0008577079279348254,power_2x2_bal_strong_200,power,True,370,3125563158,-0.050000000000000266,0,0
200,200,0.033896758410950856,0.08063635771972599,0.031353665136151676,0.07790736853960567,-0.04673959930877514,-0.046553703403453994,0.03743219316006983,-1.2486470966022325,-1.2436808926577774,0.21179417844401205,0.21361703101211793,0.307,0.233,0.233,True,999,0.00012491701636463404,0.0009044579928740859,power_2x2_bal_strong_200,power,True,371,3125563158,-0.050000000000000266,0,0
200,200,0.058334909355819864,0.16718038056276235,0.05578782814114902,0.16401562400583458,-0.10884547120694249,-0.10822779586468556,0.049615108257864186,-2.193796910433831,-2.181347570626958,0.028250013042288465,0.02915771838347338,0.048,0.033,0.034,True,999,0.00012720900122076273,0.0008366670226678252,power_2x2_bal_strong_200,power,True,372,3125563158,-0.050000000000000266,0,0
200,200,0.12525505957751037,0.09414091661068841,0.12268532277698796,0.09134735679780448,0.031114142966821967,0.03133796597918348,0.048343728767588974,0.6436024642700251,0.6482322894421283,0.5198332518740918,0.5168347205637861,0.579,0.511,0.509,True,999,0.00011300004553049803,0.000836124992929399,power_2x2_bal_strong_200,power,True,373,3125563158,-0.050000000000000266,0,0
200,200,0.042897490877110256,0.10697922593331394,0.040350656395531814,0.10432949209668152,-0.06408173505620368,-0.0639788357011497,0.04042748836061658,-1.585103048811473,-1.5825577668949684,0.11294292300490344,0.11352229593848576,0.151,0.111,0.112,True,999,0.00011104205623269081,0.000840499997138977,power_2x2_bal_strong_200,power,True,374,3125563158,-0.050000000000000266,0,0
200,200,0.029057711335407355,0.1272406108208089,0.026515172108020124,0.12450000591640276,-0.09818289948540154,-0.09798483380838263,0.04178189309316323,-2.3498911183004108,-2.3451506515011378,0.018778903377590184,0.019019392920792258,0.033,0.023,0.023,True,999,0.00011304195504635572,0.0008386250119656324,power_2x2_bal_strong_200,power,True,375,3125563158,-0.050000000000000266,0,0
200,200,0.036273831564580195,0.09792642013857061,0.03373029342677114,0.09511854819537291,-0.06165258857399042,-0.06138825476860177,0.0401359974819752,-1.5360920979148,-1.5295061446067413,0.12451579407568548,0.12613901695969068,0.17,0.126,0.129,True,999,0.00011720892507582903,0.0008510419866070151,power_2x2_bal_strong_200,power,True,376,3125563158,-0.050000000000000266,0,0
200,200,0.009782286652646244,0.135938839166244,0.007242634775934675,0.13318097681286645,-0.12615655251359775,-0.12593834203693177,0.041509273968443554,-3.039237752255202,-3.0339808432369457,0.0023717759660424665,0.0024134975499167355,0.004,0.004,0.004,True,999,0.0001181670231744647,0.0008333750301972032,power_2x2_bal_strong_200,power,True,377,3125563158,-0.050000000000000266,0,0
200,200,0.052947308024007156,0.045145081092009876,0.05039981547341199,0.04241846874977995,0.00780222693199728,0.007981346723632043,0.0334767559203659,0.2330640086678985,0.2384145806307509,0.8157117022758855,0.8115595597288809,0.878,0.832,0.828,True,999,0.00011733302380889654,0.0008970829658210278,power_2x2_bal_strong_200,power,True,378,3125563158,-0.050000000000000266,0,0
200,200,0.07418180793751872,0.11416578473468864,0.07163192321880274,0.11140201357399349,-0.03998397679716992,-0.039770090355190746,0.04586325259204082,-0.8718085730384678,-0.8671450040613236,0.3833128168924219,0.3858625648477755,0.439,0.385,0.386,True,999,0.0001239590346813202,0.0008622920140624046,power_2x2_bal_strong_200,power,True,379,3125563158,-0.050000000000000266,0,0
200,200,0.04939802820557204,0.08487691090402982,0.04685220472222795,0.08197272114951204,-0.03547888269845778,-0.03512051642728409,0.0401337232865254,-0.8840167269097995,-0.8750874215319948,0.376687183380786,0.3815263405948339,0.435,0.359,0.366,True,999,0.00011712498962879181,0.0008700829930603504,power_2x2_bal_strong_200,power,True,380,3125563158,-0.050000000000000266,0,0
200,200,0.09025647673572701,0.05734773295654916,0.08770364188904978,0.05456202963708279,0.03290874377917785,0.03314161225196699,0.04046445974313292,0.8132752540891808,0.8190301430526657,0.4160602615637513,0.41276921597975913,0.519,0.402,0.401,True,999,0.00012162502389401197,0.0008626249618828297,power_2x2_bal_strong_200,power,True,381,3125563158,-0.050000000000000266,0,0
200,200,0.06179623913184917,0.15122919749445296,0.05924852328737984,0.14834250532990723,-0.08943295836260379,-0.08909398204252739,0.04727811082341234,-1.8916356175195597,-1.8844657811159329,0.058539546889627245,0.059501999217823814,0.074,0.054,0.056,True,999,0.00011904106941074133,0.0008415410993620753,power_2x2_bal_strong_200,power,True,382,3125563158,-0.050000000000000266,0,0
200,200,0.042222868436581296,0.09831370818091695,0.039677628595171655,0.0954195060113392,-0.05609083974433565,-0.05574187741616754,0.04224929344978919,-1.3276160419344367,-1.3193564404198497,0.18430498224138125,0.1870499771279207,0.225,0.168,0.169,True,999,0.0001159169478341937,0.0008697089506313205,power_2x2_bal_strong_200,power,True,383,3125563158,-0.050000000000000266,0,0
200,200,0.03927926972974316,0.12570016571663423,0.03673469209917357,0.12296924992509162,-0.08642089598689107,-0.08623455782591805,0.0433167033671525,-1.9950940230697454,-1.9907922607820288,0.04603262612412001,0.04650373056268715,0.063,0.054,0.054,True,999,0.00011537503451108932,0.0008441669633612037,power_2x2_bal_strong_200,power,True,384,3125563158,-0.050000000000000266,0,0
200,200,0.05243950935297237,0.1822438090408141,0.049893252226524964,0.17942904514237057,-0.12980429968784174,-0.1295357929158456,0.049155336510869126,-2.6406959834185995,-2.6352335699543614,0.008273592476462798,0.008407940412403645,0.007,0.006,0.006,True,999,0.00011925003491342068,0.0008370419964194298,power_2x2_bal_strong_200,power,True,385,3125563158,-0.050000000000000266,0,0
200,200,0.04935046109580088,0.09739989115527958,0.046804632286949754,0.09465016046751629,-0.048049430059478704,-0.04784552818056653,0.04113142971453507,-1.1681925571991227,-1.1632352318562569,0.24272910200750009,0.24473407566605987,0.309,0.245,0.246,True,999,0.0001176249934360385,0.000844125053845346,power_2x2_bal_strong_200,power,True,386,3125563158,-0.050000000000000266,0,0
200,200,0.011244630280004997,0.1448300666417094,0.008704680023640776,0.14207232444589124,-0.1335854363617044,-0.13336764442225046,0.04248648193281149,-3.144186816243285,-3.139060669536237,0.001665490783313448,0.0016949035262759096,0.001,0.001,0.001,True,999,0.00011966598685830832,0.000861832988448441,power_2x2_bal_strong_200,power,True,387,3125563158,-0.050000000000000266,0,0
200,200,0.04461546492319102,0.09739989115527958,0.04207045900048456,0.09465016046751629,-0.052784426232088566,-0.052579701467031725,0.040618989273994204,-1.2995012228402032,-1.2944610982896914,0.19377197407805213,0.19550619815962833,0.267,0.184,0.187,True,999,0.000120542012155056,0.0008852090686559677,power_2x2_bal_strong_200,power,True,388,3125563158,-0.050000000000000266,0,0
200,200,0.023631387770824852,0.13697124985203846,0.0210895611726869,0.13419701910483184,-0.1133398620812136,-0.11310745793214494,0.04314479967763538,-2.6269646151576564,-2.6215780065558056,0.008615029214839661,0.008752372987438526,0.012,0.009,0.009,True,999,0.00012141698971390724,0.0008284159703180194,power_2x2_bal_strong_200,power,True,389,3125563158,-0.050000000000000266,0,0
200,200,0.0422970612659499,0.135938839166244,0.03975258151547223,0.13318097681286645,-0.0936417779002941,-0.09342839529739422,0.045069041747500434,-2.077740601296178,-2.0730060297449264,0.03773325732927048,0.038171718410228726,0.058,0.039,0.039,True,999,0.00011783407535403967,0.0008152499794960022,power_2x2_bal_strong_200,power,True,390,3125563158,-0.050000000000000266,0,0
200,200,0.055536677659233535,0.08611093055897595,0.05298741593068712,0.08342120973185274,-0.030574252899742416,-0.03043379380116562,0.040114948293704586,-0.7621660802325044,-0.75866466481129,0.4459608878146647,0.4480531794788809,0.486,0.431,0.433,True,999,0.00011633289977908134,0.0008497909875586629,power_2x2_bal_strong_200,power,True,391,3125563158,-0.050000000000000266,0,0
200,200,0.038900314622268395,0.10954073903811012,0.036354955596095806,0.10686936586613172,-0.07064042441584173,-0.07051441027003591,0.04059656045085962,-1.7400593457011935,-1.736955286036869,0.08184859785688298,0.08239506365299569,0.127,0.091,0.091,True,999,0.00011616607662290335,0.0008332080906257033,power_2x2_bal_strong_200,power,True,392,3125563158,-0.050000000000000266,0,0
200,200,0.031747697099893,0.09831370818091695,0.029204898657440026,0.0954195060113392,-0.06656601108102395,-0.06621460735389917,0.0410846318853909,-1.62021680677864,-1.6116636395480062,0.1051857123564077,0.10703515405136947,0.138,0.094,0.098,True,999,0.00011487503070384264,0.0008489160099998116,power_2x2_bal_strong_200,power,True,393,3125563158,-0.050000000000000266,0,0
200,200,0.07654593842718349,0.13632425982311142,0.0739954368908684,0.1336157968486873,-0.059778321395927925,-0.05962035995781889,0.047666203071683975,-1.254102855770342,-1.2507889472160676,0.20980462251505794,0.21101148845161044,0.244,0.216,0.216,True,999,0.00011691602412611246,0.0008793330052867532,power_2x2_bal_strong_200,power,True,394,3125563158,-0.050000000000000266,0,0
200,200,0.02156593147821806,0.13753781857649527,0.019024187132998804,0.13481662952769113,-0.11597188709827722,-0.11579244239469233,0.04221168797295703,-2.7473880497878866,-2.743136983028845,0.006007201296908665,0.006085529337771404,0.007,0.006,0.006,True,999,0.00011687492951750755,0.000842916895635426,power_2x2_bal_strong_200,power,True,395,3125563158,-0.050000000000000266,0,0
200,200,0.022643402874009455,0.15183640431865147,0.020101429049219632,0.14868776995264454,-0.12919300144464202,-0.1285863409034249,0.04471521198461098,-2.8892405002821993,-2.875673293188875,0.003861735967751963,0.0040316676922171266,0.003,0.003,0.003,True,999,0.00013220903929322958,0.0008695840369910002,power_2x2_bal_strong_200,power,True,396,3125563158,-0.050000000000000266,0,0
200,200,0.10215033438631516,0.06708221267745129,0.09959374877948335,0.06430461546486299,0.035068121708863864,0.03528913331462036,0.04296625571778419,0.816178210621895,0.8213220520403367,0.41439821715392333,0.4114628499628066,0.495,0.419,0.417,True,999,0.00011941709090024233,0.0009052919922396541,power_2x2_bal_strong_200,power,True,397,3125563158,-0.050000000000000266,0,0
200,200,0.03431160400917732,0.11121793934939722,0.03176846964200308,0.1085623627098471,-0.0769063353402199,-0.07679389306784401,0.0401014978334569,-1.9177920899517256,-1.9149881479931765,0.055137379159025696,0.055494015113889454,0.084,0.066,0.066,True,999,0.00011966598685830832,0.0008485419675707817,power_2x2_bal_strong_200,power,True,398,3125563158,-0.050000000000000266,0,0
200,200,0.0582191214032568,0.09880465393408105,0.05567001486525669,0.09604350239552417,-0.04058553253082425,-0.04037348753026748,0.04298533508230659,-0.9441715983628535,-0.9392386369202881,0.3450819663056979,0.34760823597150003,0.455,0.362,0.365,True,999,0.00012129195965826511,0.0008078330429270864,power_2x2_bal_strong_200,power,True,399,3125563158,-0.050000000000000266,0,0
200,200,0.0293538547589971,0.1041093846775864,0.02680926566722519,0.10131761707556564,-0.0747555299185893,-0.07450835140834045,0.040674055508897994,-1.8379167993768295,-1.8318397434463043,0.06607466624183897,0.06697530008855555,0.072,0.059,0.059,True,999,0.00010862504132091999,0.0008415420306846499,power_2x2_bal_strong_200,power,True,400,3125563158,-0.050000000000000266,0,0
200,200,0.0484230142612978,0.08063635771972599,0.04587564806999467,0.07790736853960567,-0.03221334345842819,-0.032031720469611,0.03914166916848136,-0.8229936061175396,-0.8183534619265648,0.4105116294412724,0.4131553871274871,0.509,0.415,0.418,True,999,0.00011462497059255838,0.0008324580267071724,power_2x2_bal_strong_200,power,True,401,3125563158,-0.050000000000000266,0,0
200,200,0.05380688091106767,0.08199647908874208,0.05125947624981109,0.0791475233888832,-0.028189598177674413,-0.027888047139072114,0.041095619653570434,-0.6859514083327679,-0.6786136180489292,0.49274375064209264,0.4973827119280587,0.546,0.47,0.473,True,999,0.00011516700033098459,0.0008540409617125988,power_2x2_bal_strong_200,power,True,402,3125563158,-0.050000000000000266,0,0
200,200,0.10007164995279538,0.07195350950312263,0.09751704881298906,0.06912828714934705,0.028118140449672757,0.028388761663642015,0.04363534281920029,0.6443891266347586,0.6505910078733351,0.5193231336653227,0.515310536536916,0.591,0.509,0.504,True,999,0.00011608400382101536,0.0008802090305835009,power_2x2_bal_strong_200,power,True,403,3125563158,-0.050000000000000266,0,0
200,200,0.06198948767754742,0.05569875770930044,0.059439512092893665,0.05300828891696341,0.0062907299682469775,0.006431223175930256,0.036208425576726995,0.1737366336163026,0.1776167583509605,0.8620724458600393,0.8590239625550637,0.906,0.873,0.868,True,999,0.00012295797932893038,0.0008669999660924077,power_2x2_bal_strong_200,power,True,404,3125563158,-0.050000000000000266,0,0
200,200,0.04907895272670981,0.14389469191014337,0.04653336216688331,0.14119040325225285,-0.09481573918343356,-0.09465704108536954,0.045704315764692575,-2.0745467380277565,-2.071074459854267,0.03802856279711146,0.03835183820164388,0.061,0.049,0.049,True,999,0.0001291659427806735,0.0008799999486654997,power_2x2_bal_strong_200,power,True,405,3125563158,-0.050000000000000266,0,0
200,200,0.039534547637448014,0.0850754443453598,0.0369904880761851,0.08232630855258094,-0.04554089670791178,-0.04533582047639584,0.03894926069770045,-1.1692364859341347,-1.1639712709379473,0.24230836483215645,0.244435654556161,0.312,0.236,0.238,True,999,0.00011775002349168062,0.0008290000259876251,power_2x2_bal_strong_200,power,True,406,3125563158,-0.050000000000000266,0,0
200,200,0.04636759492697107,0.08252934000013801,0.04382216052496801,0.07984626025337604,-0.03616174507316694,-0.03602409972840803,0.03843106995092885,-0.9409507754881786,-0.9373691592351141,0.34673008537823036,0.34856869938026935,0.435,0.343,0.347,True,999,0.00010941596701741219,0.0008283749921247363,power_2x2_bal_strong_200,power,True,407,3125563158,-0.050000000000000266,0,0
200,200,0.052772083710488804,0.1497823094597785,0.05022553294656973,0.14706221053496904,-0.09701022574928969,-0.09683667758839931,0.04673709820340195,-2.075657870907963,-2.0719445860109187,0.037925604974304424,0.03827060930058909,0.055,0.049,0.049,True,999,0.00011145800817757845,0.0008412499446421862,power_2x2_bal_strong_200,power,True,408,3125563158,-0.050000000000000266,0,0
200,200,0.042395181593041786,0.1521504128750113,0.0398507970205344,0.14902106299932427,-0.10975523128196951,-0.10917026597878987,0.048376113773451086,-2.2687897542981927,-2.256697726693018,0.023281114333353187,0.02402696900338591,0.032,0.025,0.025,True,999,0.0001154579222202301,0.0008519580587744713,power_2x2_bal_strong_200,power,True,409,3125563158,-0.050000000000000266,0,0
200,200,0.04376907272965502,0.04757429770166133,0.04122361209923042,0.04477578317862907,-0.0038052249720063047,-0.003552171079398647,0.033318416505880535,-0.11420785772741335,-0.10661284214307444,0.909073023102997,0.9150961300987176,0.938,0.91,0.916,True,999,0.00011258304584771395,0.0008537499234080315,power_2x2_bal_strong_200,power,True,410,3125563158,-0.050000000000000266,0,0
200,200,0.05709160441234751,0.059151526534597515,0.05454322506932385,0.056326382562161825,-0.0020599221222500075,-0.0017831574928379723,0.03707629971665683,-0.05555899963028324,-0.0480942679411148,0.955693127580077,0.9616411144414817,0.973,0.97,0.971,True,999,0.00011583301238715649,0.000846249982714653,power_2x2_bal_strong_200,power,True,411,3125563158,-0.050000000000000266,0,0
200,200,0.1014296621512163,0.08135272734195187,0.09887380831509063,0.07861411747943237,0.020076934809264424,0.02025969083565826,0.044579372918665906,0.4503637780166705,0.4544633427801155,0.6524481584832931,0.6494953702481547,0.718,0.673,0.669,True,999,0.00011562497820705175,0.0008795830653980374,power_2x2_bal_strong_200,power,True,412,3125563158,-0.050000000000000266,0,0
200,200,0.015930489453407692,0.17165448119852073,0.013390022848710714,0.16875974035238528,-0.15572399174511303,-0.15536971750367456,0.04620017978302898,-3.3706360554535366,-3.362967811669589,0.0007499486309805603,0.0007710935414276661,0.001,0.002,0.002,True,999,0.0001140419626608491,0.0008598340209573507,power_2x2_bal_strong_200,power,True,413,3125563158,-0.050000000000000266,0,0
200,200,0.04315742841197279,0.1399071536045396,0.040612648974928334,0.13706656468954748,-0.0967497251925668,-0.09645391571461914,0.04594702177354205,-2.1056800083673495,-2.099241952830135,0.03523215753211872,0.03579557750484731,0.055,0.041,0.041,True,999,0.0001465420937165618,0.0008634589612483978,power_2x2_bal_strong_200,power,True,414,3125563158,-0.050000000000000266,0,0
200,200,0.06906526159793647,0.21137871580752987,0.06651439637292356,0.20853495140053724,-0.1423134542095934,-0.14202055502761368,0.05257971491150881,-2.7066227812209647,-2.7010522074270087,0.0067971442383625595,0.006912048761708764,0.013,0.009,0.009,True,999,0.00011845794506371021,0.0008179580327123404,power_2x2_bal_strong_200,power,True,415,3125563158,-0.050000000000000266,0,0
200,200,0.050440847102968145,0.18103445205923346,0.04789229657313854,0.17831411134524444,-0.13059360495626532,-0.1304218147721059,0.048584217242553365,-2.687984130819392,-2.684448205082403,0.007188481283320618,0.007264963913342712,0.015,0.008,0.008,True,999,0.00011875003110617399,0.0008453340269625187,power_2x2_bal_strong_200,power,True,416,3125563158,-0.050000000000000266,0,0
200,200,0.066679678078304,0.13246627177825143,0.0641309355720523,0.12968677967226938,-0.06578659369994744,-0.06555584410021709,0.047360714020148985,-1.3890540939049063,-1.3841819207439994,0.16481630158423677,0.16630275776175174,0.202,0.173,0.176,True,999,0.00011804199311882257,0.0008412079187110066,power_2x2_bal_strong_200,power,True,417,3125563158,-0.050000000000000266,0,0
200,200,0.053355704728796916,0.1448300666417094,0.05080845954833535,0.14207232444589124,-0.09147436191291247,-0.09126386489755589,0.04690173583028782,-1.9503406493079283,-1.9458526061336148,0.05113553073551726,0.051672447362165745,0.063,0.055,0.055,True,999,0.0001171668991446495,0.0008594999089837074,power_2x2_bal_strong_200,power,True,418,3125563158,-0.050000000000000266,0,0
200,200,0.05326645990190737,0.10659218358936362,0.05071978680979328,0.10389721916361339,-0.05332572368745625,-0.05317743235382011,0.04247230283422715,-1.2555411439683617,-1.2520496607253897,0.2092823818607239,0.2105517688855506,0.3,0.225,0.225,True,999,0.000120542012155056,0.0008490420877933502,power_2x2_bal_strong_200,power,True,419,3125563158,-0.050000000000000266,0,0
200,200,0.03760342913889869,0.08234123335279742,0.03505892983241665,0.07959896317123594,-0.044737804213898724,-0.044540033338819285,0.03745989230603425,-1.1942854466426778,-1.1890059099727985,0.232366328506609,0.23443734131243976,0.342,0.231,0.236,True,999,0.00011808297131210566,0.0008369999704882503,power_2x2_bal_strong_200,power,True,420,3125563158,-0.050000000000000266,0,0
200,200,0.04427150997345963,0.17105035525220175,0.041726459668666394,0.1682242932256628,-0.1267788452787421,-0.1264978335569964,0.04803935122156936,-2.6390623947856153,-2.6332127795306213,0.008313567815249735,0.008458134026203391,0.006,0.007,0.007,True,999,0.0001151250908151269,0.0008507500169798732,power_2x2_bal_strong_200,power,True,421,3125563158,-0.050000000000000266,0,0
200,200,0.0537330876826112,0.10407850622774689,0.05118567558696441,0.10142202224179186,-0.05034541854513569,-0.05023634665482746,0.04149001877284925,-1.213434460484779,-1.210805589890495,0.2249637577804663,0.22596992233044644,0.284,0.231,0.234,True,999,0.00011429190635681152,0.0008418330689892173,power_2x2_bal_strong_200,power,True,422,3125563158,-0.050000000000000266,0,0
200,200,0.095938377642932,0.156187977666704,0.09338423932337037,0.15344591993194,-0.060249600023772,-0.060061680608569645,0.05113644694105566,-1.1782124810748185,-1.174537618497468,0.23871190802388342,0.24017975322017848,0.293,0.269,0.269,True,999,0.00011404207907617092,0.0008331249700859189,power_2x2_bal_strong_200,power,True,423,3125563158,-0.050000000000000266,0,0
200,200,0.01806634890607084,0.07935857352233444,0.015525720520543018,0.07659178830850522,-0.0612922246162636,-0.0610660677879622,0.035643750271264846,-1.7195784436206185,-1.7132335212546987,0.08550909733930548,0.08666958699035568,0.137,0.084,0.084,True,999,0.00011383404489606619,0.0008384590037167072,power_2x2_bal_strong_200,power,True,424,3125563158,-0.050000000000000266,0,0
200,200,0.07556761288570846,0.18011884359684766,0.07301653131835906,0.1771294441016238,-0.1045512307111392,-0.10411291278326473,0.05240337705538911,-1.9951239134957095,-1.986759606603595,0.046029366809359686,0.04694904286359462,0.056,0.047,0.047,True,999,0.0001133340410888195,0.0008555420208722353,power_2x2_bal_strong_200,power,True,425,3125563158,-0.050000000000000266,0,0
200,200,0.037355188964303454,0.08499490854874109,0.034810051572492284,0.08236332892312248,-0.047639719584437634,-0.047553277350630196,0.03663008527687938,-1.3005626174315092,-1.2982027475826121,0.19340820976815654,0.19421767423504366,0.21,0.181,0.181,True,999,0.00011187500786036253,0.000836416962556541,power_2x2_bal_strong_200,power,True,426,3125563158,-0.050000000000000266,0,0
200,200,0.03909782630882219,0.1812932643249,0.036553703059155396,0.17839783178925472,-0.1421954380160778,-0.14184412873009933,0.04910187583282499,-2.8959267971798957,-2.888772095246011,0.0037804057394052715,0.003867492662052576,0.002,0.005,0.005,True,999,0.00011641695164144039,0.0008455000352114439,power_2x2_bal_strong_200,power,True,427,3125563158,-0.050000000000000266,0,0
200,200,0.04172305733923132,0.09356978884882361,0.0391785815468495,0.09070520357791878,-0.05184673150959229,-0.05152662203106928,0.04130802810977752,-1.2551248239641895,-1.2473754954880802,0.2094334502142191,0.21225984726300373,0.306,0.22,0.222,True,999,0.00011449994053691626,0.0008751669665798545,power_2x2_bal_strong_200,power,True,428,3125563158,-0.050000000000000266,0,0
200,200,0.03988480078387058,0.12309230863847864,0.03734079142986957,0.12031238310802905,-0.08320750785460806,-0.08297159167815948,0.04199699166632105,-1.9812730520251824,-1.9756555978436305,0.04756066073166352,0.04819379707058655,0.071,0.046,0.046,True,999,0.00011329096741974354,0.0008631669916212559,power_2x2_bal_strong_200,power,True,429,3125563158,-0.050000000000000266,0,0
200,200,0.056186224923809425,0.04484951674114712,0.05363775913403401,0.042161107359483196,0.011336708182662303,0.011476651774550817,0.03348703241952967,0.33854024568778224,0.3427192840132834,0.7349561038751264,0.731809653853208,0.803,0.751,0.75,True,999,0.00012229196727275848,0.0008512500207871199,power_2x2_bal_strong_200,power,True,430,3125563158,-0.050000000000000266,0,0
200,200,0.04315742841197279,0.11120437033073577,0.040612648974928334,0.10851088897986472,-0.06804694191876298,-0.06789824000493638,0.04163448024233104,-1.6343891294595192,-1.6308175245550967,0.10217716931930683,0.10292882853278769,0.145,0.108,0.109,True,999,0.00012141698971390724,0.0009187089744955301,power_2x2_bal_strong_200,power,True,431,3125563158,-0.050000000000000266,0,0
200,200,0.052014752705386025,0.07375782877005327,0.049468867341317946,0.07095695490625786,-0.021743076064667244,-0.021488087564939917,0.039236859166413396,-0.5541492496239158,-0.547650551584762,0.579476707255151,0.5839318714948917,0.666,0.603,0.61,True,999,0.00011812499724328518,0.0008479170501232147,power_2x2_bal_strong_200,power,True,432,3125563158,-0.050000000000000266,0,0
200,200,0.05189362079211279,0.10035087876479976,0.04934772262271281,0.09763381060794529,-0.04845725797268696,-0.048286087985232484,0.04158326914441062,-1.1653065997385705,-1.1611902810609784,0.24389490860243856,0.24556452628680925,0.317,0.249,0.25,True,999,0.00011004193220287561,0.0008396659977734089,power_2x2_bal_strong_200,power,True,433,3125563158,-0.050000000000000266,0,0
200,200,0.09940802347010158,0.13048226383820616,0.0968530754329322,0.12769505576365248,-0.031074240368104578,-0.030841980330720276,0.04870237472045996,-0.6380436384563036,-0.6332746710554855,0.5234452737730015,0.5265542907938574,0.553,0.516,0.522,True,999,0.00011520902626216412,0.0008473750203847885,power_2x2_bal_strong_200,power,True,434,3125563158,-0.050000000000000266,0,0
200,200,0.066679678078304,0.08628917102579448,0.06413093557210914,0.08352039567623137,-0.01960949294749048,-0.019389460104122236,0.04206519336792062,-0.46616909081998653,-0.4609383328999232,0.6410944719140699,0.6448428487996636,0.698,0.64,0.64,True,999,0.00011462497059255838,0.0008425419218838215,power_2x2_bal_strong_200,power,True,435,3125563158,-0.050000000000000266,0,0
200,200,0.054397162425659396,0.11682228184144211,0.05185031746890445,0.11413237347743177,-0.062425119415782715,-0.06228205600852732,0.04238018228100179,-1.4729790212291438,-1.4696033064597545,0.14075669264820095,0.14166922425310519,0.165,0.137,0.137,True,999,0.00011633289977908134,0.0008312499849125743,power_2x2_bal_strong_200,power,True,436,3125563158,-0.050000000000000266,0,0
200,200,0.0436325252008708,0.08856899919846889,0.04108704696673726,0.08581731876830645,-0.04493647399759809,-0.04473027180156919,0.03940705710806709,-1.1403153976803577,-1.1350827766433838,0.2541549251599622,0.2563406372691506,0.336,0.255,0.26,True,999,0.0001230000052601099,0.0008605840848758817,power_2x2_bal_strong_200,power,True,437,3125563158,-0.050000000000000266,0,0
200,200,0.08189246709017661,0.09516781568196442,0.07934122242269837,0.09247184234820338,-0.013275348591787806,-0.013130619925505016,0.04387435191814183,-0.3025765170630022,-0.29927780927689485,0.7622126127173465,0.7647280847378982,0.78,0.765,0.765,True,999,0.00011641706805676222,0.0008729579858481884,power_2x2_bal_strong_200,power,True,438,3125563158,-0.050000000000000266,0,0
200,200,0.042619803767820486,0.12494908599542798,0.04007544911027594,0.12223470007580772,-0.08232928222760749,-0.08215925096553178,0.043121967522195714,-1.9092190583658089,-1.9052760271952531,0.056233838733798315,0.05674419997978216,0.088,0.073,0.074,True,999,0.00012295797932893038,0.0008802919182926416,power_2x2_bal_strong_200,power,True,439,3125563158,-0.050000000000000266,0,0
200,200,0.020333886979212457,0.08972317398579394,0.01779218977165442,0.08699711202062588,-0.06938928700658148,-0.06920492224897146,0.036999280298477266,-1.8754226148944104,-1.8704396866827606,0.060734606352014456,0.061422785150462365,0.121,0.056,0.057,True,999,0.00012179103214293718,0.000833250000141561,power_2x2_bal_strong_200,power,True,440,3125563158,-0.050000000000000266,0,0
200,200,0.0493504610958011,0.1109621431266869,0.046804632286949754,0.10800724027210862,-0.061611682030885795,-0.06120260798515886,0.04436135083521983,-1.388859465973935,-1.3796380595463797,0.16487548834435195,0.16769811288867953,0.206,0.156,0.159,True,999,0.00011616700794547796,0.0008842500392347574,power_2x2_bal_strong_200,power,True,441,3125563158,-0.050000000000000266,0,0
200,200,0.10007164995279538,0.08851570136629522,0.09751704881298906,0.08580228971817405,0.011555948586500164,0.011714759094815008,0.04478100027056634,0.25805472224111214,0.26160110368313694,0.796364674735181,0.7936289930275803,0.856,0.831,0.828,True,999,0.00011712498962879181,0.0008349589770659804,power_2x2_bal_strong_200,power,True,442,3125563158,-0.050000000000000266,0,0
200,200,0.09443294040037331,0.14949492577864903,0.09187904386880064,0.14682442975154686,-0.055061985378275724,-0.05494538588274622,0.04957982270462359,-1.1105724541677493,-1.1082207011930736,0.2667524250101643,0.26776651263250006,0.313,0.275,0.277,True,999,0.00011204101610928774,0.0008220419986173511,power_2x2_bal_strong_200,power,True,443,3125563158,-0.050000000000000266,0,0
200,200,0.0715075638235142,0.09335113321779842,0.06895107719896032,0.09064399223341013,-0.021843569394284224,-0.02169291503444981,0.04231995488878711,-0.5161529460909654,-0.5125930566669261,0.6057475911928176,0.6082360111419385,0.659,0.593,0.602,True,999,0.00011470797471702099,0.000845917034894228,power_2x2_bal_strong_200,power,True,444,3125563158,-0.050000000000000266,0,0
200,200,0.05166244380237295,0.07763688877811287,0.049116104410046546,0.07481686744222316,-0.02597444497573992,-0.02570076303217661,0.04000792223970493,-0.6492325399983453,-0.6423918462496532,0.5161880819678681,0.5206187925262136,0.604,0.528,0.533,True,999,0.00011420901864767075,0.000872792094014585,power_2x2_bal_strong_200,power,True,445,3125563158,-0.050000000000000266,0,0
200,200,0.06056668798108955,0.1050128133598256,0.05801855030495062,0.1022479942762331,-0.044446125378736046,-0.04422944397128248,0.04363465061313408,-1.018597026771144,-1.0136312162419232,0.3083943164048667,0.31075875652803997,0.355,0.322,0.322,True,999,0.00011424999684095383,0.0008851659949868917,power_2x2_bal_strong_200,power,True,446,3125563158,-0.050000000000000266,0,0
200,200,0.041803983547500256,0.0751285764069548,0.0392594367762058,0.07246184107664533,-0.03332459285945455,-0.033202404300439525,0.036546840736831496,-0.9118323824327282,-0.9084890412149501,0.36185696088663766,0.3636199010777035,0.441,0.373,0.373,True,999,0.0001140000531449914,0.0008413339965045452,power_2x2_bal_strong_200,power,True,447,3125563158,-0.050000000000000266,0,0
200,200,0.06622809013733844,0.1211352269872083,0.06367975152406302,0.11841320067345862,-0.054907136849869864,-0.0547334491493956,0.04536632070141421,-1.210306147841481,-1.206477587407466,0.22616143950132006,0.22763339581594344,0.273,0.238,0.24,True,999,0.00015412503853440285,0.0008501670090481639,power_2x2_bal_strong_200,power,True,448,3125563158,-0.050000000000000266,0,0
200,200,0.06767226187545827,0.0635657802650259,0.06512269627890532,0.06088089444192235,0.0041064816104323665,0.004241801836982972,0.038067134417470595,0.10787472378135536,0.1114295021648972,0.9140950675966635,0.9112757663872288,0.923,0.916,0.912,True,999,0.00011633301619440317,0.0008211249951273203,power_2x2_bal_strong_200,power,True,449,3125563158,-0.050000000000000266,0,0
200,200,0.056333572928296105,0.12570016571663423,0.05378623322926046,0.12296924992509162,-0.06936659278833812,-0.06918301669583116,0.045048767639585804,-1.5398111074493293,-1.5357360549645271,0.123606403638582,0.12460312843822607,0.142,0.121,0.122,True,999,0.0001153749180957675,0.0008542920695617795,power_2x2_bal_strong_200,power,True,450,3125563158,-0.050000000000000266,0,0
200,200,0.01287623345914679,0.12466509272762039,0.010336308090501234,0.12182260093872799,-0.1117888592684736,-0.11148629284822675,0.041620781012798064,-2.6858904746189025,-2.6786208748448423,0.007233679649682527,0.007392604436641155,0.009,0.009,0.009,True,999,0.00011616700794547796,0.0008525419980287552,power_2x2_bal_strong_200,power,True,451,3125563158,-0.050000000000000266,0,0
200,200,0.12500654038748393,0.12557985282690876,0.12244663471750528,0.12277465842070967,-0.0005733124394248224,-0.0003280237032043942,0.05096068508849924,-0.011250092859411087,-0.006436799321569998,0.9910239139427177,0.9948642126650109,0.988,0.988,0.989,True,999,0.00012341700494289398,0.0008165000472217798,power_2x2_bal_strong_200,power,True,452,3125563158,-0.050000000000000266,0,0
200,200,0.048898697782679856,0.10659218358936362,0.046353264574406694,0.10389721916361339,-0.057693485806683764,-0.05754395458920669,0.041992950309953765,-1.3738850302453847,-1.370324165472289,0.16947737771050786,0.1705857328157938,0.246,0.187,0.19,True,999,0.00011195905972272158,0.0008106250315904617,power_2x2_bal_strong_200,power,True,453,3125563158,-0.050000000000000266,0,0
200,200,0.06481048057679772,0.10370638498886492,0.06226186616018481,0.10096153845594813,-0.038895904412067195,-0.03869967229576332,0.043947212757392565,-0.8850596425031377,-0.8805944647593941,0.3761244644535636,0.37853735561980195,0.421,0.376,0.378,True,999,0.00011583301238715649,0.000866167014464736,power_2x2_bal_strong_200,power,True,454,3125563158,-0.050000000000000266,0,0
200,200,0.03956405743651059,0.12688870281043757,0.037019521435894376,0.12413053269457919,-0.08732464537392698,-0.08711101125868481,0.0439638071133709,-1.9862848808507434,-1.9814255629420086,0.04700170046674614,0.04754356938503538,0.05,0.042,0.042,True,999,0.00011491705663502216,0.0008629999356344342,power_2x2_bal_strong_200,power,True,455,3125563158,-0.050000000000000266,0,0
200,200,0.038361521374930874,0.08021205804514442,0.03581665487814689,0.07742954224571008,-0.041850536670213545,-0.04161288736756319,0.03832989002555291,-1.091851206520905,-1.0856511025682996,0.2748985073880592,0.27763338165917917,0.364,0.282,0.286,True,999,0.00011995795648545027,0.0009028749773278832,power_2x2_bal_strong_200,power,True,456,3125563158,-0.050000000000000266,0,0
200,200,0.05593466402993563,0.1918485554496736,0.05338767952733292,0.18900357447637361,-0.13591389141973798,-0.1356158949490407,0.05093914403938493,-2.668162058527183,-2.6623120098795874,0.007626746084565988,0.007760590544959797,0.011,0.011,0.011,True,999,0.00011945900041610003,0.0008314589504152536,power_2x2_bal_strong_200,power,True,457,3125563158,-0.050000000000000266,0,0
200,200,0.028940511269134883,0.11703997924949644,0.026398226113798273,0.11410578440240471,-0.08809946798036156,-0.08770755828860644,0.0425150547516643,-2.0721946259968727,-2.062976486821366,0.03824729438572365,0.039114862214225186,0.05,0.039,0.039,True,999,0.00011720799375325441,0.0008414160693064332,power_2x2_bal_strong_200,power,True,458,3125563158,-0.050000000000000266,0,0
200,200,0.020294443519359273,0.09404395726781656,0.017753327929426632,0.09130332541649011,-0.07374951374845728,-0.07354999748706348,0.0378121386671528,-1.950419001624023,-1.9451424880908934,0.051126198883975446,0.05175783143362529,0.082,0.051,0.051,True,999,0.00011791696306318045,0.0008417090866714716,power_2x2_bal_strong_200,power,True,459,3125563158,-0.050000000000000266,0,0
200,200,0.07768143248695614,0.14175362464809416,0.07513087680251829,0.13897424627825217,-0.06407219216113802,-0.06384336947573388,0.04909583492422386,-1.3050433353466575,-1.3003826001588903,0.19187809198403472,0.1934698704789769,0.245,0.209,0.21,True,999,0.00011433404870331287,0.0008356249891221523,power_2x2_bal_strong_200,power,True,460,3125563158,-0.050000000000000266,0,0
200,200,0.04291048109323481,0.11010926202058174,0.04036591817134649,0.10726777592358872,-0.06719878092734693,-0.06690185775224222,0.043079049918012306,-1.5598946832680642,-1.5530021641510035,0.11878477111445808,0.1204226175876982,0.158,0.113,0.116,True,999,0.00011650007218122482,0.00086695805657655,power_2x2_bal_strong_200,power,True,461,3125563158,-0.050000000000000266,0,0
200,200,0.041723604773205025,0.05321552019903325,0.03917736138532746,0.05052896068450963,-0.011491915425828225,-0.011351599299182169,0.03302670844981487,-0.34795824244158496,-0.3437096771672322,0.7278715438453387,0.7310646327749432,0.772,0.722,0.727,True,999,0.00011725001968443394,0.0008676249999552965,power_2x2_bal_strong_200,power,True,462,3125563158,-0.050000000000000266,0,0
200,200,0.05142768388279051,0.049947793741,0.04888155148535134,0.047308326896711606,0.0014798901417905075,0.0015732245886397322,0.03315904648195922,0.044630057218191375,0.04744480784438942,0.9644021843274005,0.9621587177125012,0.975,0.965,0.964,True,999,0.00011037499643862247,0.0008484589634463191,power_2x2_bal_strong_200,power,True,463,3125563158,-0.050000000000000266,0,0
200,200,0.042395181593041786,0.07673807657010379,0.0398507970205344,0.073965774726382,-0.034342894977062,-0.03411497770584759,0.038093229954332335,-0.9015485171048403,-0.8955653733418241,0.3672967498767047,0.3704849362205994,0.479,0.396,0.4,True,999,0.00011108303442597389,0.0008423749823123217,power_2x2_bal_strong_200,power,True,464,3125563158,-0.050000000000000266,0,0
200,200,0.0587402761995397,0.062403187047003594,0.05619323204126658,0.0597230537225073,-0.003662910847463896,-0.003529821681240719,0.0363539027039882,-0.10075701850470258,-0.09709608649124432,0.9197433474033483,0.9226500887060943,0.942,0.922,0.927,True,999,0.00015245901886373758,0.0008369169663637877,power_2x2_bal_strong_200,power,True,465,3125563158,-0.050000000000000266,0,0
200,200,0.04270153375352448,0.047039700673127016,0.04015710795084715,0.04434835489111322,-0.004338166919602537,-0.004191246940266069,0.03217914853976585,-0.1348129803447591,-0.1302472915057611,0.8927597427010624,0.8963707800089511,0.922,0.891,0.898,True,999,0.00011483300477266312,0.0008334160083904862,power_2x2_bal_strong_200,power,True,466,3125563158,-0.050000000000000266,0,0
200,200,0.03686772524436188,0.15752324363768644,0.03432428021582723,0.15471183212471828,-0.12065551839332456,-0.12038755190889106,0.046772629870184136,-2.5796180101097566,-2.5738888799501476,0.009890965716432533,0.010056256491423759,0.017,0.014,0.014,True,999,0.00011670798994600773,0.0008431669557467103,power_2x2_bal_strong_200,power,True,467,3125563158,-0.050000000000000266,0,0
200,200,0.0862403281564369,0.15884569469085225,0.08368833318476732,0.15600462446093388,-0.07260536653441535,-0.07231629127616657,0.05120494547265939,-1.4179366048379565,-1.4122911490019936,0.156209274179783,0.15786425146056005,0.202,0.179,0.18,True,999,0.00011550006456673145,0.0008379999781027436,power_2x2_bal_strong_200,power,True,468,3125563158,-0.050000000000000266,0,0
200,200,0.09501236782608458,0.08679275823595606,0.09245475029834438,0.08406521898491093,0.008219609590128518,0.008389531313433451,0.04440779117167048,0.18509386243403475,0.18892025683064084,0.8531554155012278,0.8501553168032909,0.874,0.863,0.856,True,999,0.0001194999786093831,0.0008581249276176095,power_2x2_bal_strong_200,power,True,469,3125563158,-0.050000000000000266,0,0
200,200,0.04884187391745187,0.05203872920152908,0.04629625647376656,0.049361411068716166,-0.0031968552840772047,-0.003065154594949604,0.033806991271252064,-0.09456195786330343,-0.09066629355910985,0.9246627676104449,0.9277577541286758,0.953,0.934,0.937,True,999,0.00011658400762826204,0.000837584026157856,power_2x2_bal_strong_200,power,True,470,3125563158,-0.050000000000000266,0,0
200,200,0.04550937731471627,0.12119178650406343,0.04296414126386594,0.11851534316268442,-0.07568240918934716,-0.07555120189881848,0.042712964158625334,-1.7718837987520955,-1.7688119611235615,0.07641384831072774,0.07692525999796684,0.091,0.074,0.074,True,999,0.00015412503853440285,0.0008695420110598207,power_2x2_bal_strong_200,power,True,471,3125563158,-0.050000000000000266,0,0
200,200,0.03225972540579247,0.0941435526160963,0.029716511856861416,0.09143437148208022,-0.06188382721030383,-0.06171785962521881,0.038846593117155215,-1.5930310033539348,-1.588758618782539,0.11115323608770843,0.11211489907070418,0.149,0.101,0.103,True,999,0.00013054092414677143,0.0008543749572709203,power_2x2_bal_strong_200,power,True,472,3125563158,-0.050000000000000266,0,0
200,200,0.018348716178305358,0.08021205804514442,0.015807813586008024,0.07742954224571008,-0.06186334186683906,-0.06162172865970206,0.03579591776025832,-1.7282233767874382,-1.721473634854428,0.08394818419070878,0.08516491242923546,0.146,0.097,0.098,True,999,0.00011745898518711329,0.0008626250782981515,power_2x2_bal_strong_200,power,True,473,3125563158,-0.050000000000000266,0,0
200,200,0.07173328994635797,0.0784413538699682,0.06918268066684163,0.07576928808799721,-0.00670806392361023,-0.006586607421155577,0.04054826288286351,-0.16543406416665976,-0.16243870767492744,0.8686023437207958,0.870960391271703,0.882,0.857,0.861,True,999,0.000118291936814785,0.0008080829866230488,power_2x2_bal_strong_200,power,True,474,3125563158,-0.050000000000000266,0,0
200,200,0.07410783277450905,0.08535486047050889,0.07155812232093695,0.0826083652039813,-0.011247027695999834,-0.011050242883044348,0.04210512599746096,-0.26711777793226543,-0.2624441233998612,0.7893784799552472,0.7929790588833027,0.835,0.803,0.805,True,999,0.00011429097503423691,0.0008196670096367598,power_2x2_bal_strong_200,power,True,475,3125563158,-0.050000000000000266,0,0
200,200,0.03308402675234978,0.1497823094597785,0.030540233239634063,0.14706221053496904,-0.11669828270742871,-0.11652197729533498,0.04478355309899577,-2.6058290294533504,-2.6018921955066556,0.009165219782431006,0.009271099048733954,0.01,0.01,0.01,True,999,0.00011654198169708252,0.0008371250005438924,power_2x2_bal_strong_200,power,True,476,3125563158,-0.050000000000000266,0,0
200,200,0.056483617807750686,0.08699566777281031,0.05393629237806863,0.08429775527659444,-0.03051204996505963,-0.030361462898525815,0.040316607643973094,-0.7568109458639152,-0.7530758333300528,0.4491631341288972,0.45140434566569543,0.506,0.443,0.443,True,999,0.00011220795568078756,0.0008295840816572309,power_2x2_bal_strong_200,power,True,477,3125563158,-0.050000000000000266,0,0
200,200,0.03500975378633653,0.17969747825758264,0.03246600880663664,0.1768710600344292,-0.14468772447124612,-0.14440505122779257,0.04768304437247881,-3.0343642352407225,-3.028436064185925,0.002410432189440507,0.002458230879147961,0.003,0.003,0.004,True,999,0.00011520797852426767,0.0008415419142693281,power_2x2_bal_strong_200,power,True,478,3125563158,-0.050000000000000266,0,0
200,200,0.07399766175709566,0.12577002163492657,0.07144794409239807,0.12308635800808077,-0.05177235987783091,-0.05163841391568269,0.04614515894108547,-1.1219456399300696,-1.1190429310604515,0.2618855536377843,0.26312182441333654,0.325,0.28,0.281,True,999,0.00011462497059255838,0.0008702919585630298,power_2x2_bal_strong_200,power,True,479,3125563158,-0.050000000000000266,0,0
200,200,0.029290612160377538,0.07330492291741214,0.026748118465434345,0.0705138356619841,-0.0440143107570346,-0.04376571719654976,0.03641683318894599,-1.2086254323287715,-1.2017990957498867,0.22680678113118702,0.229441375901847,0.321,0.24,0.242,True,999,0.00011337490286678076,0.0008685420034453273,power_2x2_bal_strong_200,power,True,480,3125563158,-0.050000000000000266,0,0
200,200,0.03869918319444465,0.04702200698630399,0.03615511975547747,0.044295724685397886,-0.008322823791859335,-0.008140604929920414,0.03202550182207173,-0.259881135917855,-0.2541913308696375,0.794955462812423,0.7993477476696199,0.845,0.799,0.808,True,999,0.00011337501928210258,0.0008601669687777758,power_2x2_bal_strong_200,power,True,481,3125563158,-0.050000000000000266,0,0
200,200,0.016361313808664235,0.09394964159455232,0.013820901723732959,0.09126453398373258,-0.07758832778588809,-0.07744363225999962,0.03639892583389089,-2.131610370590824,-2.1276351014702795,0.03303889049680299,0.03336734955721831,0.065,0.04,0.04,True,999,0.00018504098989069462,0.0008362079970538616,power_2x2_bal_strong_200,power,True,482,3125563158,-0.050000000000000266,0,0
200,200,0.08870245312812608,0.1272406108208089,0.08614844976980862,0.12450000591640276,-0.03853815769268282,-0.038351556146594135,0.047615347084052274,-0.809364208238447,-0.8054452712251499,0.4183056833816058,0.42056277629709093,0.455,0.417,0.419,True,999,0.0001176249934360385,0.0008127499604597688,power_2x2_bal_strong_200,power,True,483,3125563158,-0.050000000000000266,0,0
200,200,0.026264336500145813,0.14254984633827045,0.02372197345690097,0.13942135317098803,-0.11628550983812463,-0.11569937971408706,0.04365203278938623,-2.66391969416826,-2.650492367040895,0.007723599850668656,0.00803745434313939,0.008,0.005,0.007,True,999,0.00011816597543656826,0.0008392089512199163,power_2x2_bal_strong_200,power,True,484,3125563158,-0.050000000000000266,0,0
200,200,0.07173328994635797,0.11338416242149629,0.06918268066684163,0.11060364921283394,-0.04165087247513832,-0.04142096854599231,0.046049866434368016,-0.9044732525880547,-0.8994807532184055,0.365744511045511,0.36839664307748476,0.439,0.377,0.38,True,999,0.0001165829598903656,0.0008436249336227775,power_2x2_bal_strong_200,power,True,485,3125563158,-0.050000000000000266,0,0
200,200,0.029095283457042265,0.12300933748702625,0.02655302866372722,0.12022950071916227,-0.09391405402998398,-0.09367647205543506,0.04272424245807918,-2.198144393598833,-2.1925835700270158,0.02793881780771461,0.02833739594722939,0.047,0.033,0.034,True,999,0.00011633301619440317,0.0008406670531257987,power_2x2_bal_strong_200,power,True,486,3125563158,-0.050000000000000266,0,0
200,200,0.051287298366722966,0.06646616803964323,0.04874128921460397,0.06377626619018884,-0.015178869672920259,-0.015034976975584868,0.036749255809768525,-0.4130388313573816,-0.40912330452113094,0.6795781638494732,0.6824491747081531,0.735,0.685,0.686,True,999,0.0001204590080305934,0.0008554590167477727,power_2x2_bal_strong_200,power,True,487,3125563158,-0.050000000000000266,0,0
200,200,0.028940511269134883,0.03884251404586764,0.026398226113798273,0.03609519608119882,-0.009902002776732755,-0.009696969967400548,0.0287842544689285,-0.34400761664407836,-0.3368845275415438,0.730840558041509,0.73620394949223,0.785,0.711,0.713,True,999,0.00012862496078014374,0.0008461669785901904,power_2x2_bal_strong_200,power,True,488,3125563158,-0.050000000000000266,0,0
200,200,0.06317057310643526,0.04967077883131915,0.06062234112508236,0.04703261183183827,0.013499794275116106,0.01358972929324409,0.03462837250092248,0.389847783772006,0.39244493205339254,0.6966491073755261,0.6947294922684377,0.76,0.696,0.69,True,999,0.00013216596562415361,0.0008507079910486937,power_2x2_bal_strong_200,power,True,489,3125563158,-0.050000000000000266,0,0
200,200,0.045743416444131935,0.09739989115527958,0.04319855177652698,0.09465016046751629,-0.05165647471114765,-0.0514516086909893,0.040737912488057276,-1.2680196788750837,-1.2629908001808599,0.20479092307199953,0.20659248596343194,0.289,0.232,0.233,True,999,0.00011695805005729198,0.0008622080786153674,power_2x2_bal_strong_200,power,True,490,3125563158,-0.050000000000000266,0,0
200,200,0.0422970612659499,0.0929473421927533,0.03975258151547223,0.09010162678389122,-0.050650280926803404,-0.05034904526841899,0.0413094554989969,-1.2261183381619087,-1.2188261660733242,0.2201541458643096,0.22291017795063206,0.275,0.22,0.223,True,999,0.0001089159632101655,0.0008261669427156448,power_2x2_bal_strong_200,power,True,491,3125563158,-0.050000000000000266,0,0
200,200,0.0682462026440388,0.08063635771972599,0.06569436582734056,0.07790736853960567,-0.012390155075687193,-0.012213002712265109,0.04130346074146099,-0.29997861809312704,-0.2956895740217121,0.7641934652719085,0.7674671600722317,0.816,0.788,0.789,True,999,0.00010862504132091999,0.0008752919966354966,power_2x2_bal_strong_200,power,True,492,3125563158,-0.050000000000000266,0,0
200,200,0.020538433349263974,0.08679275823595606,0.017997167167322914,0.08406521898508146,-0.06625432488669208,-0.06606805181775854,0.036362354941040655,-1.8220581421120672,-1.8169354521973031,0.06844616404489165,0.06922699746016356,0.134,0.079,0.079,True,999,0.00011975003872066736,0.0008486669976264238,power_2x2_bal_strong_200,power,True,493,3125563158,-0.050000000000000266,0,0
200,200,0.02903518079677836,0.05286333540723098,0.0264928106807929,0.050218686984123906,-0.023828154610452623,-0.023725876303331006,0.030536054743394027,-0.780328526742881,-0.7769790990587515,0.43519752580327364,0.4371711017010309,0.548,0.431,0.436,True,999,0.00011758296750485897,0.0008325839880853891,power_2x2_bal_strong_200,power,True,494,3125563158,-0.050000000000000266,0,0
200,200,0.07041132701453867,0.08611093055897595,0.06786203941567237,0.08342120973185274,-0.01569960354443728,-0.01555917031618037,0.041703912312241825,-0.37645397455501545,-0.37308658716925963,0.7065794260865284,0.7090840010547623,0.749,0.716,0.716,True,999,0.00011645792983472347,0.0008374579483643174,power_2x2_bal_strong_200,power,True,495,3125563158,-0.050000000000000266,0,0
200,200,0.041881854625461123,0.1564152830889562,0.0393364779291403,0.15350677876008945,-0.11453342846349507,-0.11417030083094915,0.046653203223136736,-2.454996024939494,-2.4472124729546683,0.014088614625355971,0.014396594160230678,0.037,0.016,0.016,True,999,0.00011995795648545027,0.000840499997138977,power_2x2_bal_strong_200,power,True,496,3125563158,-0.050000000000000266,0,0
200,200,0.04823665791694409,0.1845168923823382,0.04569114864381163,0.18170434040733596,-0.1362802344653941,-0.13601319176352433,0.04959293777335763,-2.7479766390973257,-2.742591946964543,0.005996428132318067,0.006095638154201317,0.01,0.011,0.011,True,999,0.00015420897398144007,0.0008438340155407786,power_2x2_bal_strong_200,power,True,497,3125563158,-0.050000000000000266,0,0
200,200,0.045295187147306404,0.11878503129972257,0.042750139121181974,0.11603068941872152,-0.07348984415241616,-0.07328055029753955,0.043229515745394104,-1.6999923058413198,-1.6951508485344817,0.08913237278360131,0.09004680825724548,0.135,0.095,0.095,True,999,0.00012216705363243818,0.0008703339844942093,power_2x2_bal_strong_200,power,True,498,3125563158,-0.050000000000000266,0,0
200,200,0.055341281299941425,0.10548171737904527,0.052794819132145676,0.10269273803310597,-0.050140436079103845,-0.04989791890096029,0.042370421783772726,-1.1833829820005928,-1.1776592443568852,0.2366573987570353,0.2389324809068467,0.292,0.233,0.234,True,999,0.00013925007078796625,0.0008362919325008988,power_2x2_bal_strong_200,power,True,499,3125563158,-0.050000000000000266,0,0
200,200,0.06144503562334913,0.10455917084516325,0.05889697544705541,0.10157380207169098,-0.04311413522181412,-0.04267682662463557,0.04520682641190078,-0.9537085135988277,-0.944035005593775,0.34023120948661734,0.34515176024214433,0.384,0.346,0.35,True,999,0.00011562497820705175,0.0008442499674856663,power_2x2_bal_strong_200,power,True,500,3125563158,-0.050000000000000266,0,0
200,200,0.07811469648633851,0.15871573718605286,0.07556429187499702,0.15598555566832317,-0.08060104069971435,-0.08042126379332615,0.04962102580225266,-1.6243324154748788,-1.6207094168874525,0.10430488260236949,0.10507997308903551,0.147,0.12,0.122,True,999,0.00011374999303370714,0.0008320839842781425,power_2x2_bal_strong_200,power,True,501,3125563158,-0.050000000000000266,0,0
200,200,0.06639707712193688,0.08812767156782286,0.06384858786148584,0.08521571866552335,-0.021730594445885987,-0.021367130804037515,0.04261125078874218,-0.5099731653882165,-0.5014434077509566,0.6100702618168273,0.6160590968245112,0.658,0.599,0.606,True,999,0.00011341692879796028,0.000844125053845346,power_2x2_bal_strong_200,power,True,502,3125563158,-0.050000000000000266,0,0
200,200,0.07886860858367806,0.08021205804514442,0.07631631873039169,0.07742954224571008,-0.0013434494614663617,-0.0011132235153183956,0.04272116827837197,-0.031446927029532966,-0.02605789027267722,0.9749131172815075,0.9792111643414698,0.977,0.976,0.977,True,999,0.00011354195885360241,0.0008620410226285458,power_2x2_bal_strong_200,power,True,503,3125563158,-0.050000000000000266,0,0
200,200,0.010228286930487274,0.1743670984886012,0.00768812651702433,0.17163674198184253,-0.16413881155811394,-0.1639486154648182,0.04407127938760774,-3.7243940688562716,-3.7200784216606695,0.0001957848995733489,0.00019916092757213614,0.001,0.001,0.001,True,999,0.00011654093395918608,0.0008463329868391156,power_2x2_bal_strong_200,power,True,504,3125563158,-0.050000000000000266,0,0
200,200,0.08003954796452117,0.1792981281128534,0.07748819624100634,0.1764999456329832,-0.09925858014833222,-0.09901174939197688,0.0508329003902672,-1.95264443669905,-1.9477887083329661,0.05086174181810307,0.05144025044262196,0.078,0.059,0.059,True,999,0.00011466699652373791,0.0008296669693663716,power_2x2_bal_strong_200,power,True,505,3125563158,-0.050000000000000266,0,0
200,200,0.07408028741081829,0.09121187056239644,0.0715305751566575,0.08841565837023779,-0.017131583151578145,-0.016885083213580288,0.04292585703566699,-0.39909705558921177,-0.39335459742948203,0.6898216917346375,0.6940575984505553,0.728,0.683,0.687,True,999,0.0001235830131918192,0.0008520829724147916,power_2x2_bal_strong_200,power,True,506,3125563158,-0.050000000000000266,0,0
200,200,0.03141430593870331,0.13302562446071425,0.02887093988073275,0.13023588904478345,-0.10161131852201094,-0.1013649491640507,0.043914989177599846,-2.313818594172416,-2.308208451426761,0.020677674972627645,0.020987545337327516,0.041,0.03,0.03,True,999,0.0001128750154748559,0.0008545420132577419,power_2x2_bal_strong_200,power,True,507,3125563158,-0.050000000000000266,0,0
200,200,0.08209242490492885,0.08953030967576947,0.07954099453917252,0.08687115684014657,-0.007437884770840619,-0.007330162300974052,0.042803091693675265,-0.17376980205239864,-0.17125310371113175,0.8620463777622269,0.8640247534554311,0.873,0.857,0.858,True,999,0.0001145839923992753,0.0008335000602528453,power_2x2_bal_strong_200,power,True,508,3125563158,-0.050000000000000266,0,0
200,200,0.096704441256657,0.08587372113104974,0.09414923779019091,0.08320583935667969,0.010830720125607263,0.01094339843351122,0.04388676075128057,0.24678786814520673,0.24935534649118307,0.8050723999675928,0.8030859226909706,0.837,0.8,0.8,True,999,0.00011374999303370714,0.000826000003144145,power_2x2_bal_strong_200,power,True,509,3125563158,-0.050000000000000266,0,0
200,200,0.029704740319195566,0.11123131518947316,0.0271617640726447,0.10852497362805025,-0.08152657487027759,-0.08136320955540555,0.04057068037522196,-2.009494889320834,-2.00546820518931,0.044484676138184014,0.044913016506755464,0.078,0.046,0.047,True,999,0.00011595804244279861,0.0008384579559788108,power_2x2_bal_strong_200,power,True,510,3125563158,-0.050000000000000266,0,0
200,200,0.030158778252023177,0.10486325196794255,0.027615494973417753,0.10215296524241069,-0.07470447371591937,-0.07453747026899293,0.0394149541432682,-1.8953332647395298,-1.891096206735621,0.058048263826180946,0.05861150279994833,0.097,0.068,0.069,True,999,0.00011262495536357164,0.0008300419431179762,power_2x2_bal_strong_200,power,True,511,3125563158,-0.050000000000000266,0,0
200,200,0.01947741961287397,0.10602788921861317,0.016935489064650255,0.10334982820899086,-0.0865504696057392,-0.0864143391443406,0.03809274548391341,-2.2720984929345542,-2.268524834494627,0.023080562125223032,0.023297237108082965,0.035,0.022,0.022,True,999,0.0001145420828834176,0.0008534580701962113,power_2x2_bal_strong_200,power,True,512,3125563158,-0.050000000000000266,0,0
200,200,0.07415846831771566,0.08699566777281031,0.07160828104235861,0.08429775527659444,-0.01283719945509465,-0.012689474234235831,0.042179740363380167,-0.30434515111998456,-0.3008428720735476,0.7608649499352487,0.7635343146988539,0.822,0.788,0.792,True,999,0.00011704210191965103,0.0008624580223113298,power_2x2_bal_strong_200,power,True,513,3125563158,-0.050000000000000266,0,0
200,200,0.04344325668937432,0.032877576797520125,0.04089817906196913,0.030089375475533586,0.010565679891854196,0.010808803586435545,0.02983310211040876,0.35415961279359665,0.3623090735396356,0.7232192688359885,0.717121078433334,0.811,0.707,0.701,True,999,0.00011137500405311584,0.0008542499272152781,power_2x2_bal_strong_200,power,True,514,3125563158,-0.050000000000000266,0,0
200,200,0.058386195386126105,0.10455917084516325,0.055839068996448304,0.10157380207169098,-0.04617297545903715,-0.04573473307524267,0.04490567195826271,-1.028221457234897,-1.0184622806168122,0.30384566725984896,0.30845831748688546,0.355,0.316,0.319,True,999,0.00010587496217340231,0.0008587500778958201,power_2x2_bal_strong_200,power,True,515,3125563158,-0.050000000000000266,0,0
200,200,0.0693026761008122,0.06597741316437267,0.0667536518223244,0.06329175702047962,0.0033252629364395325,0.003461894801844778,0.03877275514834994,0.0857628745678922,0.0892867888443596,0.9316549195039933,0.9288539931085793,0.934,0.918,0.916,True,999,0.00015124992933124304,0.000838708016090095,power_2x2_bal_strong_200,power,True,516,3125563158,-0.050000000000000266,0,0
200,200,0.03254069485477873,0.10323986006065355,0.029993118255390527,0.10054531991036697,-0.07069916520587483,-0.07055220165497644,0.039514443847297326,-1.789198032979792,-1.7854787967565438,0.07358292835783563,0.07418368757511497,0.101,0.068,0.068,True,999,0.00011329189874231815,0.000825541908852756,power_2x2_bal_strong_200,power,True,517,3125563158,-0.050000000000000266,0,0
200,200,0.03289026334983869,0.13554577899905212,0.030346345217708404,0.13268409927967895,-0.10265551564921344,-0.10233775406197054,0.04483233969434747,-2.2897648516469555,-2.282677075514608,0.022034951709952743,0.022449397115957028,0.025,0.024,0.024,True,999,0.00011416699271649122,0.0008438749937340617,power_2x2_bal_strong_200,power,True,518,3125563158,-0.050000000000000266,0,0
200,200,0.04884187391745187,0.13593826844990292,0.04629625647376656,0.13318476739001994,-0.08709639453245105,-0.08688851091625338,0.04515591626426828,-1.9287925423267323,-1.9241888572861927,0.05375662203908543,0.05433091531014029,0.091,0.065,0.066,True,999,0.00011687504593282938,0.0008329160045832396,power_2x2_bal_strong_200,power,True,519,3125563158,-0.050000000000000266,0,0
200,200,0.045006673394837216,0.1050128133598256,0.04246023260196807,0.1022479942762331,-0.06000613996498838,-0.05978776167426503,0.0419788208753863,-1.429438433802512,-1.4242363274505587,0.15287825840666822,0.15437807221293662,0.211,0.159,0.159,True,999,0.00011699995957314968,0.000841874978505075,power_2x2_bal_strong_200,power,True,520,3125563158,-0.050000000000000266,0,0
200,200,0.050077349690031636,0.10659218358936362,0.04753077920676674,0.10389721916361339,-0.056514833899331984,-0.05636643995684665,0.042107654648711974,-1.34215107373739,-1.338626917768046,0.17954701657535888,0.18069215863161736,0.248,0.195,0.195,True,999,0.00011887506116181612,0.0008560830028727651,power_2x2_bal_strong_200,power,True,521,3125563158,-0.050000000000000266,0,0
200,200,0.05618361086360191,0.07058757474307048,0.05363625682383599,0.06782908983706903,-0.014403963879468573,-0.014192833013233042,0.038400044754814656,-0.37510278884929116,-0.3696045956158299,0.707584023013584,0.7116771264208439,0.765,0.706,0.708,True,999,0.0001323750475421548,0.0008416669443249702,power_2x2_bal_strong_200,power,True,522,3125563158,-0.050000000000000266,0,0
200,200,0.06957230358441635,0.13344144043778877,0.06702329888065606,0.13040638779715863,-0.06386913685337242,-0.06338308891650257,0.049053714082198004,-1.3020244857779497,-1.2921160018646747,0.19290801535892643,0.19631697509226176,0.218,0.194,0.194,True,999,0.00015387509483844042,0.0008632499957457185,power_2x2_bal_strong_200,power,True,523,3125563158,-0.050000000000000266,0,0
200,200,0.036501983541788574,0.1430966970977393,0.03395688977587952,0.14042140963786665,-0.10659471355595074,-0.10646451986198713,0.043679335381102406,-2.4403922959429525,-2.4374116257283607,0.01467132007913422,0.014792829591435717,0.02,0.016,0.016,True,999,0.00011437491048127413,0.0008530830964446068,power_2x2_bal_strong_200,power,True,524,3125563158,-0.050000000000000266,0,0
200,200,0.045779808892327356,0.14816842849001322,0.04323482077873564,0.14535725898716123,-0.10238861959768586,-0.10212243820842559,0.04693598180077032,-2.181452601381515,-2.175781442942982,0.029149956626759062,0.02957160692324231,0.043,0.031,0.032,True,999,0.00012199999764561653,0.000790167017839849,power_2x2_bal_strong_200,power,True,525,3125563158,-0.050000000000000266,0,0
200,200,0.03694173023626346,0.1050128133598256,0.034398220386435696,0.1022479942762331,-0.06807108312356214,-0.0678497738897974,0.041108603375999704,-1.6558841102177615,-1.6505005842502036,0.09774529006933687,0.09884059392168425,0.126,0.082,0.082,True,999,0.00011766701936721802,0.0008217910071834922,power_2x2_bal_strong_200,power,True,526,3125563158,-0.050000000000000266,0,0
200,200,0.030816198524720173,0.13753781857649527,0.028273372113346795,0.13481662952769113,-0.1067216200517751,-0.10654325741434434,0.04323841290738615,-2.4682131668515637,-2.4640880700814116,0.013578942933655472,0.013736235503275341,0.013,0.012,0.012,True,999,0.00012133398558944464,0.0008329169359058142,power_2x2_bal_strong_200,power,True,527,3125563158,-0.050000000000000266,0,0
200,200,0.03968768798521616,0.19614716011444988,0.03714365047017054,0.19301175688818262,-0.15645947212923372,-0.15586810641801208,0.05080475945398539,-3.0796223387484267,-3.0679823719898542,0.002072632280860679,0.0021550933048859393,0.003,0.003,0.003,True,999,0.00011683290358632803,0.0008278749883174896,power_2x2_bal_strong_200,power,True,528,3125563158,-0.050000000000000266,0,0
200,200,0.051113383266435886,0.05790102345064557,0.048567216690912574,0.055209891600100036,-0.006787640184209687,-0.006642674909187463,0.0353729376764205,-0.19188794117979938,-0.18778974395489495,0.847829983461622,0.8510414758752833,0.886,0.842,0.843,True,999,0.00012158299796283245,0.0008325000526383519,power_2x2_bal_strong_200,power,True,529,3125563158,-0.050000000000000266,0,0
200,200,0.054456636160948646,0.1634130887183381,0.05190700965684414,0.1583017207249,-0.10895645255738945,-0.10639471106805587,0.04923500711782886,-2.21298744400779,-2.160956548933421,0.026898511307965667,0.0306986960215876,0.024,0.021,0.026,True,999,0.00011620810255408287,0.000901999999769032,power_2x2_bal_strong_200,power,True,530,3125563158,-0.050000000000000266,0,0
200,200,0.0509846010243159,0.1094369466201,0.04843818785778353,0.1065439035843454,-0.058452345595784105,-0.05810571572656187,0.044444972313857335,-1.3151621556429558,-1.3073630762156039,0.18845541089802753,0.19108943130614453,0.239,0.186,0.187,True,999,0.00011933303903788328,0.0008640829473733902,power_2x2_bal_strong_200,power,True,531,3125563158,-0.050000000000000266,0,0
200,200,0.09777893108961566,0.14928327880499098,0.09522296309577882,0.1465208337815369,-0.05150434771537532,-0.051297870685758085,0.050725941803440984,-1.0153453220238,-1.0112748795189113,0.3099412472594283,0.31188488570275263,0.366,0.342,0.342,True,999,0.00011854199692606926,0.0008368330309167504,power_2x2_bal_strong_200,power,True,532,3125563158,-0.050000000000000266,0,0
200,200,0.042865401940539116,0.10370638498886492,0.04032083308942447,0.10096153845594813,-0.0608409830483258,-0.06064070536652366,0.041651959818552235,-1.4606991678990953,-1.4558908063556144,0.14409801752213774,0.1454228075648882,0.203,0.145,0.145,True,999,0.00014529097825288773,0.0008337500039488077,power_2x2_bal_strong_200,power,True,533,3125563158,-0.050000000000000266,0,0
200,200,0.06405204963795186,0.12076560061380304,0.06150291538565966,0.11805697879621846,-0.05671355097585118,-0.0565540634105588,0.04467196112366138,-1.2695558813470522,-1.2659856873980808,0.20424287324140944,0.20551820648344576,0.241,0.2,0.201,True,999,0.00010954204481095076,0.0008132500806823373,power_2x2_bal_strong_200,power,True,534,3125563158,-0.050000000000000266,0,0
200,200,0.03811971102635803,0.15067596675716327,0.03557544061672502,0.14794577641514195,-0.11255625573080524,-0.11237033579841693,0.045341446886850344,-2.482414291094185,-2.478313849993303,0.013049545673596907,0.013200497254342745,0.013,0.011,0.011,True,999,0.00010954099707305431,0.0008332089055329561,power_2x2_bal_strong_200,power,True,535,3125563158,-0.050000000000000266,0,0
200,200,0.05854982911587936,0.08842962592468528,0.05600195826411891,0.08577181867204331,-0.029879796808805925,-0.029769860407924398,0.03977014688629305,-0.7513122064707315,-0.7485479119058699,0.4524647847719272,0.4541297370036482,0.507,0.472,0.473,True,999,0.0001106249401345849,0.0008304170332849026,power_2x2_bal_strong_200,power,True,536,3125563158,-0.050000000000000266,0,0
200,200,0.040534519083512466,0.07885739673366737,0.03798829133296522,0.0757312456481003,-0.03832287765015491,-0.03774295431513508,0.038164860630371125,-1.004140379846115,-0.9889451629517992,0.3153109544712679,0.3226899722216907,0.452,0.335,0.336,True,999,0.00011245801579207182,0.0008312499849125743,power_2x2_bal_strong_200,power,True,537,3125563158,-0.050000000000000266,0,0
200,200,0.03417086662255686,0.14150576203102555,0.03162785624766684,0.13861278028388568,-0.10733489540846869,-0.10698492403621884,0.045804953889089624,-2.343303208390196,-2.3356627384729625,0.01911384259995114,0.01950882595463812,0.03,0.024,0.024,True,999,0.00011379108764231205,0.0008352920413017273,power_2x2_bal_strong_200,power,True,538,3125563158,-0.050000000000000266,0,0
200,200,0.06135261244054768,0.06708221267745129,0.05880422645594763,0.06430461546486299,-0.005729600236903609,-0.005500389008915363,0.03886967017243644,-0.14740542462762204,-0.1415085073918595,0.8828120240622696,0.8874682397457245,0.916,0.895,0.897,True,999,0.00012041698209941387,0.0008594159735366702,power_2x2_bal_strong_200,power,True,539,3125563158,-0.050000000000000266,0,0
200,200,0.08339914636077062,0.07852794795548301,0.08084699881416668,0.07588584811189492,0.004871198405287602,0.004961150702271766,0.04127537035005458,0.1180170732321766,0.1201963946100657,0.9060541299388393,0.9043275737555758,0.911,0.904,0.9,True,999,0.00011333299335092306,0.0008627080824226141,power_2x2_bal_strong_200,power,True,540,3125563158,-0.050000000000000266,0,0
200,200,0.01860331624107947,0.13554577899905212,0.016062247067736735,0.13268409927967895,-0.11694246275797265,-0.11662185221194221,0.04330178120290839,-2.7006386229238566,-2.693234526899998,0.006920648979849774,0.007076247355952134,0.007,0.006,0.006,True,999,0.00011254195123910904,0.0009047500789165497,power_2x2_bal_strong_200,power,True,541,3125563158,-0.050000000000000266,0,0
200,200,0.08335707619397748,0.09445529906799421,0.08080491427068637,0.09170871772914069,-0.011098222874016739,-0.01090380345845432,0.044672817182695154,-0.24843346746253203,-0.24408139325222836,0.8037990417650622,0.807167782840428,0.851,0.819,0.823,True,999,0.00011966598685830832,0.0008298750035464764,power_2x2_bal_strong_200,power,True,542,3125563158,-0.050000000000000266,0,0
200,200,0.03594374630616892,0.10166121895134356,0.033399925337334935,0.09884509442001388,-0.06571747264517463,-0.06544516908267894,0.04080588239498117,-1.6104901741631596,-1.603817029348892,0.10729088882233592,0.10875438976287098,0.133,0.104,0.104,True,999,0.00011562509462237358,0.0008412089664489031,power_2x2_bal_strong_200,power,True,543,3125563158,-0.050000000000000266,0,0
200,200,0.04840129604236343,0.11768091492048172,0.04585535886585035,0.1149221746284752,-0.06927961887811829,-0.06906681576262486,0.04398327195121105,-1.575135632359673,-1.570297358487518,0.11522514082031457,0.11634594844189713,0.187,0.127,0.128,True,999,0.00011470797471702099,0.0008271250408142805,power_2x2_bal_strong_200,power,True,544,3125563158,-0.050000000000000266,0,0
200,200,0.041316575425146995,0.14819521726595092,0.03877092025351203,0.14525169338220678,-0.10687864184080392,-0.10648077312869475,0.04735326166139764,-2.2570492103594915,-2.248647070820421,0.02400499998986815,0.02453495913662771,0.029,0.025,0.026,True,999,0.00011374999303370714,0.0008557919645681977,power_2x2_bal_strong_200,power,True,545,3125563158,-0.050000000000000266,0,0
200,200,0.0458491392391418,0.08841486592047892,0.04330415960126288,0.08560494980471134,-0.042565726681337124,-0.04230079020344846,0.04004282466471458,-1.0630050961126551,-1.0563887677165686,0.287779640293065,0.2907906355402451,0.356,0.288,0.291,True,999,0.00011633301619440317,0.0008399580838158727,power_2x2_bal_strong_200,power,True,546,3125563158,-0.050000000000000266,0,0
200,200,0.11015288736399453,0.08507544434535969,0.10759552293336583,0.08232630855258094,0.02507744301863485,0.025269214380784888,0.04597283510902174,0.5454839354406845,0.5496553414828671,0.5854207262507618,0.582555793020459,0.615,0.569,0.566,True,999,0.00011458306107670069,0.0008941669948399067,power_2x2_bal_strong_200,power,True,547,3125563158,-0.050000000000000266,0,0
200,200,0.04322349589396701,0.09947218919389317,0.040677964323435845,0.0967383583076753,-0.056248693299926156,-0.056060393984239454,0.04096183305020798,-1.3731976601481841,-1.3686007146097388,0.16969090691521005,0.1711241205217362,0.2,0.16,0.164,True,999,0.00011483300477266312,0.000866415910422802,power_2x2_bal_strong_200,power,True,548,3125563158,-0.050000000000000266,0,0
200,200,0.03530506018237356,0.1424931251294001,0.032758865093313716,0.1397628323795317,-0.10718806494702654,-0.10700396728621797,0.04436515607016703,-2.4160416516398606,-2.411892051432946,0.015690266407839874,0.015869979456273095,0.022,0.019,0.019,True,999,0.00011312507558614016,0.0008272079285234213,power_2x2_bal_strong_200,power,True,549,3125563158,-0.050000000000000266,0,0
200,200,0.04823665791694409,0.07452863377001867,0.04569114864381163,0.07184265511213539,-0.02629197585307458,-0.02615150646832376,0.03756333984999075,-0.699937118426413,-0.6961975844735808,0.4839665753477871,0.48630510020377504,0.572,0.479,0.481,True,999,0.00011991593055427074,0.0008561250288039446,power_2x2_bal_strong_200,power,True,550,3125563158,-0.050000000000000266,0,0
200,200,0.06131621196704895,0.09973162056773316,0.058767393336466967,0.09695442347350536,-0.03841540860068421,-0.03818703013703839,0.04335938674762092,-0.8859767511078098,-0.88070964562555,0.3756300553588878,0.3784749947327898,0.437,0.382,0.385,True,999,0.000120542012155056,0.0008491660701110959,power_2x2_bal_strong_200,power,True,551,3125563158,-0.050000000000000266,0,0
200,200,0.057545401324772816,0.05288477550259629,0.054997064244503235,0.05013621837374416,0.004660625822176523,0.0048608458707590785,0.03590326148183025,0.1298106531222839,0.1353873066161143,0.89671623426235,0.8923056595827329,0.925,0.895,0.891,True,999,0.00013091601431369781,0.0008512500207871199,power_2x2_bal_strong_200,power,True,552,3125563158,-0.050000000000000266,0,0
200,200,0.02026976093536237,0.10229363373204048,0.017728422332510263,0.09960742940134537,-0.08202387279667811,-0.08187900706883511,0.03796170810662553,-2.160700265812389,-2.1568841644020913,0.030718500373938577,0.031014691091113704,0.036,0.023,0.023,True,999,0.00011629099026322365,0.0008300839690491557,power_2x2_bal_strong_200,power,True,553,3125563158,-0.050000000000000266,0,0
200,200,0.07923526751628795,0.13246627177825143,0.07668365704640223,0.12968677967226938,-0.05323100426196348,-0.05300312262586715,0.048463543255898425,-1.0983721099567934,-1.0936699850029272,0.2720420357833898,0.2740997428509877,0.296,0.264,0.268,True,999,0.00012016692198812962,0.0008607080671936274,power_2x2_bal_strong_200,power,True,554,3125563158,-0.050000000000000266,0,0
200,200,0.05917495034871201,0.08337888696821966,0.056627745364892235,0.08065782133548538,-0.02420393661950765,-0.024030075970593145,0.04032735135765002,-0.6001866178825109,-0.5958753838673486,0.5483818711239995,0.551258479026747,0.618,0.537,0.54,True,999,0.00011854199692606926,0.0008522499119862914,power_2x2_bal_strong_200,power,True,555,3125563158,-0.050000000000000266,0,0
200,200,0.04807007695164911,0.062191160367632836,0.0455241009998133,0.05945180206852285,-0.014121083415983726,-0.013927701068709553,0.03634867869690477,-0.3884895936309836,-0.38316939069082445,0.697653753618814,0.7015941719548213,0.772,0.726,0.727,True,999,0.00013712490908801556,0.0008632499957457185,power_2x2_bal_strong_200,power,True,556,3125563158,-0.050000000000000266,0,0
200,200,0.04823665791694387,0.06434084294691284,0.04569114864381163,0.06163173710451275,-0.016104185029968965,-0.01594058846070112,0.03636534648671907,-0.4428442620737946,-0.4383455679852455,0.6578783855629722,0.6611357981012975,0.734,0.652,0.653,True,999,0.00012729200534522533,0.0008573749801144004,power_2x2_bal_strong_200,power,True,557,3125563158,-0.050000000000000266,0,0
200,200,0.05553906473210424,0.14554202994679072,0.05299252603521154,0.1426801184089186,-0.09000296521468648,-0.08968759237370705,0.04789491657107549,-1.8791757384340184,-1.8725910554747855,0.06022050123843492,0.061124877421595586,0.092,0.077,0.079,True,999,0.00011670798994600773,0.0008851250167936087,power_2x2_bal_strong_200,power,True,558,3125563158,-0.050000000000000266,0,0
200,200,0.07385110140343354,0.10548171737904527,0.07130119497958276,0.10269273803310597,-0.03163061597561173,-0.03139154305352321,0.044225070147399244,-0.7152191250390101,-0.709813301570744,0.47447365316841283,0.47781991938931023,0.531,0.483,0.486,True,999,0.000124832964502275,0.0008318329928442836,power_2x2_bal_strong_200,power,True,559,3125563158,-0.050000000000000266,0,0
200,200,0.04005833793306823,0.07935857352233444,0.037514154163744706,0.07659178830850522,-0.03930023558926621,-0.03907763414476051,0.03843506206652413,-1.0225100071711766,-1.0167183827392863,0.30653957873605575,0.30928741821770245,0.384,0.306,0.308,True,999,0.0001099160872399807,0.0008277921006083488,power_2x2_bal_strong_200,power,True,560,3125563158,-0.050000000000000266,0,0
200,200,0.05208180865306533,0.08234123335279742,0.04953574609032785,0.07959896317123594,-0.030259424699732085,-0.03006321708090809,0.039182621011871366,-0.7722664772875767,-0.7672589608489865,0.4399566157602257,0.44292756339582307,0.527,0.434,0.435,True,999,0.00011408294085413218,0.0008265409851446748,power_2x2_bal_strong_200,power,True,561,3125563158,-0.050000000000000266,0,0
200,200,0.03301274258288189,0.10420758984327955,0.030468845641081543,0.10148373326367732,-0.07119484726039765,-0.07101488762259578,0.04011996454909244,-1.7745491069235795,-1.770063568618039,0.07597236688238898,0.07671655165602377,0.103,0.072,0.073,True,999,0.00010770803783088923,0.000821957946754992,power_2x2_bal_strong_200,power,True,562,3125563158,-0.050000000000000266,0,0
200,200,0.034144096773230936,0.08051935038435776,0.031601045131964156,0.07763896281783644,-0.04637525361112682,-0.04603791768587229,0.03661247012425649,-1.2666518662558715,-1.2574381769279002,0.20527979806997532,0.20859501239389977,0.287,0.21,0.215,True,999,0.00010979198850691319,0.0008308329852297902,power_2x2_bal_strong_200,power,True,563,3125563158,-0.050000000000000266,0,0
200,200,0.06612250007602294,0.11160251196276705,0.0635737146926374,0.10889229460286742,-0.04548001188674411,-0.04531857991023003,0.04446835992888175,-1.0227499273523983,-1.019119661321174,0.3064260984747863,0.30814616105820747,0.387,0.337,0.346,True,999,0.00011579191777855158,0.0008793750312179327,power_2x2_bal_strong_200,power,True,564,3125563158,-0.050000000000000266,0,0
200,200,0.05499431228736673,0.049814110540423784,0.05244781596661596,0.04711531606373143,0.005180201746942947,0.0053324999028845355,0.03448190818535479,0.1502295557164986,0.1546463111675868,0.880583508408281,0.8771001581194408,0.911,0.875,0.875,True,999,0.0001142079709097743,0.0008541250135749578,power_2x2_bal_strong_200,power,True,565,3125563158,-0.050000000000000266,0,0
200,200,0.08225430783948884,0.07213383148805674,0.07970314866474837,0.06939114507672173,0.010120476351432095,0.010312003588026641,0.04162401556473511,0.24314031729332744,0.2477416810492264,0.8078966994578228,0.8043342801157964,0.838,0.809,0.804,True,999,0.00011274998541921377,0.000849457923322916,power_2x2_bal_strong_200,power,True,566,3125563158,-0.050000000000000266,0,0
200,200,0.05558872797631764,0.12891266253738148,0.053042194102744133,0.1261015243529613,-0.07332393456106384,-0.07305933025021716,0.04626445069712082,-1.584887174843881,-1.5791677875635919,0.11299197096770512,0.11429757644548809,0.166,0.13,0.133,True,999,0.00012295902706682682,0.0008600829169154167,power_2x2_bal_strong_200,power,True,567,3125563158,-0.050000000000000266,0,0
200,200,0.06365935226656483,0.12300933748702625,0.061110731454334655,0.12022950071916227,-0.05934998522046142,-0.05911876926482762,0.04623081478633289,-1.2837754535532633,-1.2787741150152683,0.19922053464742795,0.20097661168252712,0.217,0.175,0.175,True,999,0.00011512497439980507,0.000848792027682066,power_2x2_bal_strong_200,power,True,568,3125563158,-0.050000000000000266,0,0
200,200,0.05549012292989797,0.06803462267831922,0.05294367527963573,0.06531163261094264,-0.012544499748421256,-0.012367957331306911,0.037976934850084874,-0.33031891062143526,-0.32567023589791555,0.7411590055051355,0.7446738658632011,0.806,0.756,0.761,True,999,0.00011729192920029163,0.0008618750143796206,power_2x2_bal_strong_200,power,True,569,3125563158,-0.050000000000000266,0,0
200,200,0.057545401324772816,0.05663737739524921,0.054997064244503235,0.05388133433221043,0.0009080239295236048,0.0011157299122928066,0.036059895269171624,0.02518099186771332,0.030941019211630047,0.9799105984413118,0.9753165769705002,0.986,0.985,0.972,True,999,0.00011324998922646046,0.0008434159681200981,power_2x2_bal_strong_200,power,True,570,3125563158,-0.050000000000000266,0,0
200,200,0.03538773872434031,0.09404395726781656,0.03284405686707714,0.09130332541649011,-0.058656218543476246,-0.05845926854941297,0.03965944810113453,-1.4789973474643052,-1.4740313178422833,0.13914102374504222,0.14047315915321715,0.225,0.14,0.14,True,999,0.00011337501928210258,0.0008285840740427375,power_2x2_bal_strong_200,power,True,571,3125563158,-0.050000000000000266,0,0
200,200,0.036867725244362104,0.1217906526387505,0.03432428021582723,0.11904773646590172,-0.08492292739438839,-0.08472345625007449,0.04292814712036495,-1.9782574625519136,-1.973610834227737,0.04789966921109956,0.048426010860139354,0.055,0.049,0.05,True,999,0.00011541706044226885,0.000842041103169322,power_2x2_bal_strong_200,power,True,572,3125563158,-0.050000000000000266,0,0
200,200,0.08637921998276421,0.1399071536045396,0.0838270947012063,0.13706656468954748,-0.05352793362177538,-0.05323946998834117,0.04986432255018968,-1.073471590191528,-1.0676866197220332,0.28305957880106447,0.28566189604849346,0.343,0.299,0.301,True,999,0.0001336660934612155,0.0008514999644830823,power_2x2_bal_strong_200,power,True,573,3125563158,-0.050000000000000266,0,0
200,200,0.05558600843909167,0.07145194617174166,0.05303899013131286,0.06871874276001932,-0.015865937732649993,-0.015679752628706467,0.03868000684350732,-0.4101844603296183,-0.40537098900070156,0.6816706393293694,0.6852048324537944,0.74,0.673,0.679,True,999,0.00011258409358561039,0.0008549580816179514,power_2x2_bal_strong_200,power,True,574,3125563158,-0.050000000000000266,0,0
200,200,0.04051240557325542,0.07401509332947814,0.03796763883153176,0.07133343054219665,-0.03350268775622273,-0.033365791710664894,0.03653378209399413,-0.9170331084262504,-0.9132859999225201,0.3591252910888306,0.3610921435398168,0.46,0.378,0.383,True,999,0.00011245801579207182,0.0008742499630898237,power_2x2_bal_strong_200,power,True,575,3125563158,-0.050000000000000266,0,0
200,200,0.02180771406572868,0.03862632972239366,0.019266032560864232,0.03594721799196776,-0.01681861565666498,-0.01668118543110353,0.02666549890660102,-0.6307257072359351,-0.6255718480847219,0.5282198872589012,0.5315958087371657,0.658,0.525,0.527,True,999,0.00012741598766297102,0.0008250420214608312,power_2x2_bal_strong_200,power,True,576,3125563158,-0.050000000000000266,0,0
200,200,0.09224431417821166,0.1211352269872083,0.0896904703362793,0.11841320067345862,-0.02889091280899664,-0.028722730337179314,0.047738404552507344,-0.6051922572573535,-0.6016692557370086,0.5450512598420083,0.5473943187714356,0.594,0.563,0.565,True,999,0.00011670903768390417,0.0008392500458285213,power_2x2_bal_strong_200,power,True,577,3125563158,-0.050000000000000266,0,0
200,200,0.0200106125822469,0.12743340713579138,0.017469664851802236,0.12467959102292525,-0.10742279455354448,-0.10720992617112302,0.041281777903406806,-2.602184305261701,-2.597027832037133,0.009263205571556082,0.009403430436405891,0.012,0.007,0.007,True,999,0.00011500006075948477,0.0008414579788222909,power_2x2_bal_strong_200,power,True,578,3125563158,-0.050000000000000266,0,0
200,200,0.009797321591373809,0.10543577602953841,0.007257251698518985,0.10276220814898807,-0.0956384544381646,-0.09550495645046908,0.0367844498356207,-2.5999696846234155,-2.596340488365429,0.009323199625549063,0.009422264344429644,0.014,0.009,0.01,True,999,0.00011395907495170832,0.0008294589351862669,power_2x2_bal_strong_200,power,True,579,3125563158,-0.050000000000000266,0,0
200,200,0.033450814552706154,0.09015398283338943,0.03090768182374859,0.08745054901534388,-0.05670316828068328,-0.05654286719159529,0.03764599425284367,-1.506220499845082,-1.5019623817565717,0.13201057861346205,0.13310682434309146,0.171,0.125,0.126,True,999,0.00011499994434416294,0.0008368330309167504,power_2x2_bal_strong_200,power,True,580,3125563158,-0.050000000000000266,0,0
200,200,0.09216250608171461,0.11305597537399742,0.08960858462569377,0.1103833599712658,-0.020893469292282807,-0.02077477534557204,0.04643447433937772,-0.44995597752604616,-0.4473998175091745,0.6527421834678732,0.6545864075567795,0.685,0.645,0.653,True,999,0.0001154160127043724,0.0008700420148670673,power_2x2_bal_strong_200,power,True,581,3125563158,-0.050000000000000266,0,0
200,200,0.05960887943831639,0.18281927412058407,0.05705990602208999,0.17997484562604882,-0.12321039468226769,-0.12291493960395883,0.05079178862913647,-2.425793578208203,-2.41997659309539,0.01527495567230191,0.015521506169558852,0.015,0.016,0.016,True,999,0.0001140419626608491,0.000878542079590261,power_2x2_bal_strong_200,power,True,582,3125563158,-0.050000000000000266,0,0
200,200,0.07609868210467119,0.19456016902627637,0.07354815201290421,0.19171736500780412,-0.11846148692160519,-0.11816921299489991,0.05243570795712736,-2.2591758848466776,-2.2536019365184843,0.023872446263400023,0.0242212214057842,0.021,0.021,0.021,True,999,0.00011545803863555193,0.0008529579499736428,power_2x2_bal_strong_200,power,True,583,3125563158,-0.050000000000000266,0,0
200,200,0.07890261305568602,0.13302562446071425,0.0763511924027398,0.13023588904478345,-0.05412301140502823,-0.05388469664204365,0.04850502516236371,-1.1158227673083172,-1.1109095699192455,0.2644980062527752,0.2666072758073692,0.325,0.25,0.253,True,999,0.00012199999764561653,0.0008908750023692846,power_2x2_bal_strong_200,power,True,584,3125563158,-0.050000000000000266,0,0
200,200,0.08983601061484758,0.09980827614352461,0.0872828661400149,0.09696554790023981,-0.009972265528677027,-0.00968268176022491,0.04650650093704061,-0.2144273451614268,-0.20820060776735477,0.830213819190361,0.8350723340584673,0.867,0.85,0.852,True,999,0.00011854199692606926,0.0008788330014795065,power_2x2_bal_strong_200,power,True,585,3125563158,-0.050000000000000266,0,0
200,200,0.05780881764565893,0.05288477550259629,0.0552612348795094,0.05013621837374416,0.004924042143062635,0.005125016505765245,0.035970741978009535,0.13689020221136705,0.1424773642116804,0.8911175834319375,0.8867029577005863,0.93,0.896,0.894,True,999,0.00011912500485777855,0.0008172920206561685,power_2x2_bal_strong_200,power,True,586,3125563158,-0.050000000000000266,0,0
200,200,0.10078138639016299,0.05734773295654916,0.09822608556319778,0.05456202963708279,0.04343365343361383,0.043664055926115,0.04147345697582333,1.0472638791343867,1.0528192996202044,0.2949778905829078,0.2924238178766492,0.398,0.281,0.278,True,999,0.00011208304204046726,0.0008436250500380993,power_2x2_bal_strong_200,power,True,587,3125563158,-0.050000000000000266,0,0
200,200,0.0665469381880831,0.09828887973922873,0.06399818554103831,0.09560959182034878,-0.031741941551145625,-0.03161140627931047,0.0425419297813137,-0.7461330906781782,-0.7430646997399634,0.45558702166951937,0.4574425101905162,0.526,0.467,0.467,True,999,0.00011458294466137886,0.0008413749746978283,power_2x2_bal_strong_200,power,True,588,3125563158,-0.050000000000000266,0,0
200,200,0.08641473208847628,0.08063635771972599,0.08386274603896027,0.07790736853960567,0.005778374368750283,0.005955377499354597,0.04314803422075701,0.1339197595697305,0.13802198887868855,0.8934660251542494,0.8902230392537149,0.923,0.922,0.918,True,999,0.0001259170239791274,0.0008480839896947145,power_2x2_bal_strong_200,power,True,589,3125563158,-0.050000000000000266,0,0
200,200,0.0554404997056952,0.08953030967576947,0.052894047224270935,0.08687115684014657,-0.03408980997007427,-0.033977109615875634,0.040039190802359625,-0.8514110621852342,-0.8485963111390669,0.39454104886620034,0.39610596031703393,0.457,0.389,0.395,True,999,0.00013237493112683296,0.0008305000374093652,power_2x2_bal_strong_200,power,True,590,3125563158,-0.050000000000000266,0,0
200,200,0.029037216390363385,0.05897044404581059,0.026494950234706494,0.05621068474611235,-0.029933227655447203,-0.029715734511405856,0.03287726680366915,-0.9104536527989795,-0.9038383479033464,0.36258331353145457,0.3660811243050449,0.469,0.351,0.353,True,999,0.00012662506196647882,0.0008342909859493375,power_2x2_bal_strong_200,power,True,591,3125563158,-0.050000000000000266,0,0
200,200,0.025737238330998058,0.08362354225781843,0.023194392262894326,0.08093096091636198,-0.05788630392682037,-0.05773656865346766,0.03599623665316286,-1.6081209956634206,-1.6039612476654432,0.10780868171221894,0.1087225948373245,0.194,0.112,0.113,True,999,0.00011700007598847151,0.0008718749741092324,power_2x2_bal_strong_200,power,True,592,3125563158,-0.050000000000000266,0,0
200,200,0.057778977696978706,0.06489718161561164,0.05523179484939078,0.06218195347292976,-0.007118203918632937,-0.006950158623538982,0.03760546789507418,-0.18928640745792524,-0.18481776753665552,0.8498683480301221,0.8533719714537458,0.879,0.834,0.841,True,999,0.00012049998622387648,0.0008440000237897038,power_2x2_bal_strong_200,power,True,593,3125563158,-0.050000000000000266,0,0
200,200,0.0462811676703796,0.09101852971074342,0.04373497327878795,0.08834938174322815,-0.044737362040363826,-0.0446144084644402,0.03917890290222567,-1.1418737822243203,-1.1387355224259164,0.25350648789443286,0.25481348191864306,0.34,0.265,0.265,True,999,0.00011558306869119406,0.0008286250522360206,power_2x2_bal_strong_200,power,True,594,3125563158,-0.050000000000000266,0,0
200,200,0.016066981107233813,0.08063635771972599,0.013526559739005961,0.07790736853960567,-0.06456937661249218,-0.06438080880059971,0.03509686533642206,-1.8397476809840558,-1.8343748988257362,0.06580528978781672,0.06659836301426249,0.123,0.065,0.065,True,999,0.00011945795267820358,0.0008383340900763869,power_2x2_bal_strong_200,power,True,595,3125563158,-0.050000000000000266,0,0
200,200,0.06344756781924787,0.11959217275570433,0.06089487332030785,0.11688666924187885,-0.056144604936456455,-0.055991795921571,0.04497042971841123,-1.2484782842417543,-1.2450802954779756,0.21185595611925157,0.2131022363904408,0.273,0.208,0.208,True,999,0.00014300004113465548,0.0008289170218631625,power_2x2_bal_strong_200,power,True,596,3125563158,-0.050000000000000266,0,0
200,200,0.042072760029969625,0.06642171978559502,0.03952824996446225,0.06370987498448244,-0.0243489597556254,-0.024181625020020192,0.035408680295494724,-0.6876551046926048,-0.6829292935579127,0.4916699982234547,0.49465152249317634,0.568,0.498,0.498,True,999,0.0001177910016849637,0.0008228330407291651,power_2x2_bal_strong_200,power,True,597,3125563158,-0.050000000000000266,0,0
200,200,0.032971902520612884,0.08699566777281031,0.0304279985268181,0.08429775527659444,-0.05402376525219743,-0.05386975674977634,0.037574817967638556,-1.4377651888753151,-1.4336664730131723,0.15050068960836044,0.15166746414661159,0.223,0.148,0.152,True,999,0.00011833303142338991,0.000821333029307425,power_2x2_bal_strong_200,power,True,598,3125563158,-0.050000000000000266,0,0
200,200,0.012835187214742305,0.1031069540039175,0.010294661534800298,0.10039557880344319,-0.0902717667891752,-0.09010091726864289,0.03754610011723123,-2.4042914312622923,-2.3997410380124244,0.016203849693275357,0.01640667411829708,0.031,0.018,0.018,True,999,0.00012312503531575203,0.0008522080024704337,power_2x2_bal_strong_200,power,True,599,3125563158,-0.050000000000000266,0,0
200,200,0.0554404997056952,0.05592613257345025,0.052894047224270935,0.0532514976834193,-0.0004856328677550481,-0.00035745045914836737,0.03507385989436826,-0.013846005806535859,-0.010191363603119213,0.9889528387179765,0.991868609087438,0.993,0.993,0.994,True,999,0.00011562497820705175,0.0008559169946238399,power_2x2_bal_strong_200,power,True,600,3125563158,-0.050000000000000266,0,0
200,200,0.06968948307488665,0.09191723881561326,0.06714037300690734,0.08919849567037375,-0.022227755740726607,-0.022058122663466406,0.04247547589897463,-0.523307985850329,-0.5193143148279333,0.6007599445608813,0.6035415725650679,0.635,0.599,0.602,True,999,0.0001267079496756196,0.000869917101226747,power_2x2_bal_strong_200,power,True,601,3125563158,-0.050000000000000266,0,0
200,200,0.062325787047658565,0.14073183213088902,0.05977668651127033,0.13796932770152637,-0.07840604508323046,-0.07819264119025604,0.047128477353113415,-1.6636659931906495,-1.6591378627489322,0.09617919578888721,0.09708801518958059,0.158,0.111,0.111,True,999,0.00011558306869119406,0.000834957929328084,power_2x2_bal_strong_200,power,True,602,3125563158,-0.050000000000000266,0,0
200,200,0.05740012667561023,0.08063635771972599,0.05485290797133757,0.07790736853960567,-0.023236231044115763,-0.023054460568268098,0.04019031085300328,-0.5781550466007257,-0.573632302884896,0.5631594455676528,0.5662166476388846,0.597,0.512,0.513,True,999,0.00011612498201429844,0.0008422080427408218,power_2x2_bal_strong_200,power,True,603,3125563158,-0.050000000000000266,0,0
200,200,0.028289776885603413,0.09567956677040212,0.02574630602907746,0.09285109705026429,-0.06738978988479871,-0.06710479102118683,0.03944149546815405,-1.7086012861558646,-1.7013754226273885,0.08752483026704787,0.08887251337015308,0.139,0.085,0.086,True,999,0.00011512497439980507,0.0008333749137818813,power_2x2_bal_strong_200,power,True,604,3125563158,-0.050000000000000266,0,0
200,200,0.03399183196071365,0.09047024967429174,0.0314484583737169,0.08773445846805572,-0.05647841771357809,-0.05628600009433882,0.038782906805702476,-1.456270877181226,-1.451309474463187,0.1453177529282502,0.14669370424493478,0.208,0.136,0.137,True,999,0.0001152500044554472,0.0008336669998243451,power_2x2_bal_strong_200,power,True,605,3125563158,-0.050000000000000266,0,0
200,200,0.08655232555407777,0.05007228188408264,0.08399951222921231,0.04733311536732998,0.03648004366999513,0.03666639686188233,0.03861128941953566,0.9448025232624785,0.9496289145767481,0.3447597034356926,0.34230084107733794,0.485,0.348,0.348,True,999,0.00011799996718764305,0.00085891701746732,power_2x2_bal_strong_200,power,True,606,3125563158,-0.050000000000000266,0,0
200,200,0.03225972540579247,0.08816917351347098,0.029716511856861416,0.08537718673643724,-0.055909448107678505,-0.05566067487957582,0.03771684541188491,-1.4823468796799466,-1.4757510675067396,0.13824802048747867,0.14001073118872678,0.186,0.121,0.122,True,999,0.00011324998922646046,0.0008525419980287552,power_2x2_bal_strong_200,power,True,607,3125563158,-0.050000000000000266,0,0
200,200,0.04560825573152094,0.08972317398579394,0.04306341698259075,0.08699711202062588,-0.044114918254272995,-0.043933695038035125,0.0400552195000834,-1.1013525529221264,-1.0968282183035758,0.27074324705014663,0.27271649227092776,0.361,0.26,0.26,True,999,0.00011116696987301111,0.0008550409693270922,power_2x2_bal_strong_200,power,True,608,3125563158,-0.050000000000000266,0,0
200,200,0.03694173023626346,0.07474772755118536,0.034398220386435696,0.07202342372137593,-0.0378059973149219,-0.03762520333494024,0.036529821994977375,-1.0349351639359203,-1.0299859479225897,0.30069919132627476,0.3030166020563836,0.363,0.28,0.28,True,999,0.00011945900041610003,0.0008922090055420995,power_2x2_bal_strong_200,power,True,609,3125563158,-0.050000000000000266,0,0
200,200,0.03422664980189927,0.03927403211559899,0.03168361194815361,0.03657129202355236,-0.005047382313699722,-0.004887680075398748,0.029335709863588372,-0.17205591196429706,-0.16661195853540128,0.8633935729503261,0.8676753836776984,0.902,0.859,0.862,True,999,0.0001133340410888195,0.0008254169952124357,power_2x2_bal_strong_200,power,True,610,3125563158,-0.050000000000000266,0,0
200,200,0.04594361002401559,0.10754929638171201,0.04339664615869765,0.1048267118381574,-0.06160568635769642,-0.061430065679459744,0.04219404208199683,-1.4600565226241282,-1.4558943075442032,0.14427454028594866,0.14542183954283885,0.173,0.143,0.145,True,999,0.00011083309073001146,0.0008520419942215085,power_2x2_bal_strong_200,power,True,611,3125563158,-0.050000000000000266,0,0
200,200,0.032600259158166,0.02801157572946905,0.030056738025479035,0.02525121223768423,0.004588683428696949,0.0048055257877948065,0.02662861787832333,0.17232150198949323,0.18046470942476817,0.8631847810569856,0.8567877573098887,0.89,0.839,0.834,True,999,0.00011308304965496063,0.0008388329297304153,power_2x2_bal_strong_200,power,True,612,3125563158,-0.050000000000000266,0,0
200,200,0.04389945996710676,0.05620641853428826,0.04135223002654698,0.05348435046498423,-0.012306958567181503,-0.012132120438437255,0.03445355091265011,-0.3572043589464339,-0.35212975490380516,0.7209388229112683,0.7247409544831547,0.8,0.724,0.729,True,999,0.00011679204180836678,0.000832833000458777,power_2x2_bal_strong_200,power,True,613,3125563158,-0.050000000000000266,0,0
200,200,0.06703155330775867,0.09121187056239644,0.06448193956950377,0.08841565837023779,-0.024180317254637762,-0.023933718800734027,0.04220596817573023,-0.5729122752014538,-0.5670695362580658,0.5667040927710291,0.5706669391705583,0.622,0.571,0.574,True,999,0.0001152919139713049,0.0008531250059604645,power_2x2_bal_strong_200,power,True,614,3125563158,-0.050000000000000266,0,0
200,200,0.023953864607118347,0.16494482315713982,0.021411051916658153,0.16208206811460002,-0.14099095855002147,-0.14067101619794187,0.046248199001536504,-3.048571870773548,-3.0416539289079854,0.0022993190571247287,0.0023528223094630126,0.002,0.003,0.003,True,999,0.00011787505354732275,0.0008483750279992819,power_2x2_bal_strong_200,power,True,615,3125563158,-0.050000000000000266,0,0
200,200,0.056333572928296105,0.0729555583187183,0.05378623322926046,0.07025135173566355,-0.0166219853904222,-0.016465118506403087,0.038613771241476226,-0.43046780607039026,-0.4264053465131995,0.6668553805670341,0.6698125062054191,0.743,0.687,0.687,True,999,0.00011570798233151436,0.0008941660635173321,power_2x2_bal_strong_200,power,True,616,3125563158,-0.050000000000000266,0,0
200,200,0.024349619630743113,0.08535486047050889,0.02180796246011596,0.0826083652039813,-0.06100524083976577,-0.060800402743865334,0.03640400206969372,-1.6757839075762648,-1.6701571060090006,0.09378052734712565,0.09488828411152637,0.142,0.096,0.098,True,999,0.00011691695544868708,0.0008470420725643635,power_2x2_bal_strong_200,power,True,617,3125563158,-0.050000000000000266,0,0
200,200,0.06179623913184917,0.08628917102579448,0.05924852328743668,0.08352039567623137,-0.024492931893945302,-0.02427187238879469,0.04156975400103166,-0.5892007899141632,-0.5838829931058125,0.5557265873362648,0.5592990360075679,0.641,0.564,0.564,True,999,0.00012283306568861008,0.0008398749632760882,power_2x2_bal_strong_200,power,True,618,3125563158,-0.050000000000000266,0,0
200,200,0.06364066524245504,0.05242595334932515,0.06109217251173504,0.04974569627684389,0.011214711893129892,0.011346476234891156,0.0357824064667601,0.3134141328238431,0.3170965106953165,0.7539660482851305,0.7511703724361816,0.807,0.732,0.732,True,999,0.00012149999383836985,0.0008239999879151583,power_2x2_bal_strong_200,power,True,619,3125563158,-0.050000000000000266,0,0
200,200,0.07189711928668752,0.17001484049228827,0.06934652116515849,0.16702636676727423,-0.09811772120560075,-0.09767984560211573,0.05151827612533815,-1.9045226002300895,-1.8960231775704546,0.05684215614625802,0.057956979783138116,0.075,0.065,0.066,True,999,0.00011445791460573673,0.000857457984238863,power_2x2_bal_strong_200,power,True,620,3125563158,-0.050000000000000266,0,0
200,200,0.06860252672983547,0.055060222714853835,0.06605345078122582,0.052375143967765325,0.013542304014981632,0.013678306813460495,0.03690990160678667,0.3669016558009895,0.37058637975197006,0.7136923763114822,0.7109456282343831,0.776,0.723,0.722,True,999,0.00011383299715816975,0.0008484999416396022,power_2x2_bal_strong_200,power,True,621,3125563158,-0.050000000000000266,0,0
200,200,0.042235503605441926,0.11391600378561595,0.03969085072341727,0.11112533401979618,-0.07168050018017402,-0.07143448329637891,0.043189367756952514,-1.6596793123612021,-1.6539830751488502,0.09697898331699481,0.09813095159220671,0.132,0.1,0.101,True,999,0.00011245906352996826,0.0008544169832020998,power_2x2_bal_strong_200,power,True,622,3125563158,-0.050000000000000266,0,0
200,200,0.03941811871901213,0.16804096582795625,0.03687416113294262,0.16519951873543448,-0.12862284710894412,-0.12832535760249186,0.047682866587523874,-2.6974646516448746,-2.6912257333972436,0.0069869702237905324,0.007119000713630791,0.006,0.006,0.006,True,999,0.00011495791841298342,0.0008371659787371755,power_2x2_bal_strong_200,power,True,623,3125563158,-0.050000000000000266,0,0
200,200,0.02865253256933331,0.1306144178363855,0.02610895354186482,0.1278719775671675,-0.10196188526705219,-0.10176302402530268,0.04288592509601148,-2.3775139521599113,-2.3728769706489774,0.01742978357857824,0.017650141901703307,0.018,0.016,0.016,True,999,0.0001426249509677291,0.0008492920314893126,power_2x2_bal_strong_200,power,True,624,3125563158,-0.050000000000000266,0,0
200,200,0.04841578824943127,0.06143124023459395,0.04587012185672279,0.05864309117453814,-0.013015451985162685,-0.012772969317815352,0.03523859997941783,-0.3693521306965871,-0.36247096437644494,0.7118652734674715,0.7170001174980319,0.774,0.712,0.723,True,999,0.00011466699652373791,0.0008702500490471721,power_2x2_bal_strong_200,power,True,625,3125563158,-0.050000000000000266,0,0
200,200,0.014616000725279021,0.07140221684034231,0.012075794784948357,0.06872142233737577,-0.05678621611506329,-0.05664562755242741,0.0324097155920694,-1.7521355889021988,-1.7477977364999926,0.07975049598545683,0.08049905741484416,0.117,0.067,0.067,True,999,0.00011470797471702099,0.000881750020198524,power_2x2_bal_strong_200,power,True,626,3125563158,-0.050000000000000266,0,0
200,200,0.07807425040625182,0.11490250485562498,0.07552371858412243,0.11221556508473896,-0.036828254449373155,-0.03669184650061652,0.04532229396509992,-0.812585843023137,-0.8095761112372377,0.41645555102424703,0.41818384245739004,0.48,0.429,0.43,True,999,0.00012216705363243818,0.0008257079171016812,power_2x2_bal_strong_200,power,True,627,3125563158,-0.050000000000000266,0,0
200,200,0.05111338326643611,0.07320954833332094,0.048567216690912574,0.07026644697950957,-0.022096165066884832,-0.021699230288596993,0.039496542275251775,-0.5594455563450706,-0.5493956948781706,0.5758576777423128,0.5827339278960804,0.667,0.572,0.581,True,999,0.00011779204942286015,0.0008201249875128269,power_2x2_bal_strong_200,power,True,628,3125563158,-0.050000000000000266,0,0
200,200,0.029368362686218008,0.08989680032254466,0.026825884068955475,0.08722030580713636,-0.06052843763632665,-0.06039442173818088,0.03734661417435026,-1.6207208866044334,-1.6171324515853946,0.10507751210791004,0.10584969327560917,0.153,0.104,0.104,True,999,0.00011716596782207489,0.0008315419545397162,power_2x2_bal_strong_200,power,True,629,3125563158,-0.050000000000000266,0,0
200,200,0.07236826439092248,0.10486325196794255,0.06981795631409682,0.10215296524241069,-0.032494987577020074,-0.03233500892831387,0.04396728577792871,-0.7390719486562517,-0.7354333649712312,0.4598633093220682,0.46207560813990645,0.518,0.48,0.48,True,999,0.00011579191777855158,0.000848833005875349,power_2x2_bal_strong_200,power,True,630,3125563158,-0.050000000000000266,0,0
200,200,0.037583609546290586,0.1164977289656774,0.03503862572517846,0.11145560898683016,-0.07891411941938681,-0.0764169832616517,0.04166076176509258,-1.8942073086505276,-1.8342675463433615,0.058197498397937204,0.06661428911187364,0.088,0.068,0.076,True,999,0.00011516595259308815,0.0008582499576732516,power_2x2_bal_strong_200,power,True,631,3125563158,-0.050000000000000266,0,0
200,200,0.06707733961080531,0.15251263094344758,0.06452823793642892,0.1497593354348794,-0.08543529133264227,-0.08523109749845048,0.048154099290979066,-1.774205988495091,-1.7699655637503997,0.07602908402348359,0.07673287751046431,0.108,0.094,0.094,True,999,0.0001170419855043292,0.0008307090029120445,power_2x2_bal_strong_200,power,True,632,3125563158,-0.050000000000000266,0,0
200,200,0.03866077056798267,0.06434084294691284,0.03611674093480133,0.06163173710451275,-0.025680072378930163,-0.025514996169711424,0.035146653152947196,-0.7306548440666186,-0.7259580608906963,0.46499000369638477,0.4678644811863675,0.528,0.435,0.444,True,999,0.00011554104276001453,0.0008569579804316163,power_2x2_bal_strong_200,power,True,633,3125563158,-0.050000000000000266,0,0
200,200,0.037775528641737055,0.0731082511954878,0.03523105543720817,0.07043846076315674,-0.03533272255375075,-0.03520740532594857,0.03556709523034023,-0.9934104071453788,-0.9898870036458634,0.3205099919318154,0.32222935254815166,0.399,0.335,0.337,True,999,0.00011533405631780624,0.0008311249548569322,power_2x2_bal_strong_200,power,True,634,3125563158,-0.050000000000000266,0,0
200,200,0.052772083710488804,0.06489718161561164,0.05022553294656973,0.06218195347292976,-0.01212509790512284,-0.011956420526360034,0.036992313926408484,-0.3277734377266635,-0.3232136424378809,0.7430829724280272,0.7465334497656604,0.786,0.742,0.746,True,999,0.00011837505735456944,0.0008645000634714961,power_2x2_bal_strong_200,power,True,635,3125563158,-0.050000000000000266,0,0
200,200,0.058386195386126105,0.11428780884222928,0.05583906899639146,0.11144490427686549,-0.05590161345610317,-0.055605835280474025,0.04541144199789112,-1.2310028265277109,-1.224489530261037,0.21832180713383487,0.22076761350310314,0.271,0.223,0.227,True,999,0.0001105000264942646,0.0008126660250127316,power_2x2_bal_strong_200,power,True,636,3125563158,-0.050000000000000266,0,0
200,200,0.04885612126868433,0.05088754473063839,0.04631077167184117,0.048136991344733815,-0.0020314234619540628,-0.0018262196728926483,0.034305701819442334,-0.05921533022836392,-0.05323370681947864,0.9527805993124033,0.9575456995217574,0.957,0.945,0.948,True,999,0.00011945795267820358,0.0008360419888049364,power_2x2_bal_strong_200,power,True,637,3125563158,-0.050000000000000266,0,0
200,200,0.03980543375551382,0.07673807657010379,0.03726093263549046,0.073965774726382,-0.03693264281458997,-0.03670484209089153,0.03777694655316317,-0.9776502916299755,-0.9716201397917942,0.32824731467723767,0.33123955943400585,0.422,0.345,0.348,True,999,0.00011262507177889347,0.0008461669785901904,power_2x2_bal_strong_200,power,True,638,3125563158,-0.050000000000000266,0,0
200,200,0.010571826491757474,0.10999563569293136,0.008031897990633752,0.10724047898507649,-0.09942380920117388,-0.09920858099444274,0.03826446577701546,-2.5983326091774512,-2.5927078551828346,0.009367770589392138,0.009522362075430328,0.01,0.01,0.01,True,999,0.0001116669736802578,0.0008416250348091125,power_2x2_bal_strong_200,power,True,639,3125563158,-0.050000000000000266,0,0
200,200,0.08209240332477574,0.11531534640385877,0.07954116983106019,0.11257889377857566,-0.03322294307908302,-0.033037723947515474,0.045820350639114514,-0.7250695949655671,-0.7210273052627589,0.468409336222411,0.47089271509472486,0.514,0.469,0.47,True,999,0.00011274998541921377,0.0008362090447917581,power_2x2_bal_strong_200,power,True,640,3125563158,-0.050000000000000266,0,0
200,200,0.06226214869224578,0.11282008126283122,0.05971447236956351,0.11007640088732273,-0.05055793257058544,-0.050361928517759225,0.04464069618356639,-1.1325525113382386,-1.128161808020794,0.25740222076725205,0.2592515900254595,0.331,0.27,0.272,True,999,0.00011437502689659595,0.0008785419631749392,power_2x2_bal_strong_200,power,True,641,3125563158,-0.050000000000000266,0,0
200,200,0.07737424958798578,0.02528257066743142,0.07482252657777622,0.02245589140411397,0.05209167892055436,0.052366635173662246,0.03296701482683377,1.5801151300527796,1.5884554743196826,0.11408050298607625,0.11218338182462606,0.27,0.105,0.104,True,999,0.00011629203800112009,0.0008907910669222474,power_2x2_bal_strong_200,power,True,642,3125563158,-0.050000000000000266,0,0
200,200,0.05410423496946237,0.16041123972568005,0.05155764900541726,0.15762132985909716,-0.10630700475621768,-0.1060636808536799,0.048348007711643465,-2.1987877016619275,-2.1937549420084377,0.0278930213866919,0.028253031662367846,0.041,0.03,0.031,True,999,0.00011279189493507147,0.0008822079980745912,power_2x2_bal_strong_200,power,True,643,3125563158,-0.050000000000000266,0,0
200,200,0.057545401324772816,0.16354126717975365,0.054997064244503235,0.16041032366015884,-0.10599586585498083,-0.1054132594156556,0.05052159158700663,-2.0980310106113387,-2.0864991799420323,0.03590240606873892,0.03693342940958423,0.045,0.034,0.036,True,999,0.00011945900041610003,0.0008286670781672001,power_2x2_bal_strong_200,power,True,644,3125563158,-0.050000000000000266,0,0
200,200,0.043860160942337356,0.1022259549778527,0.04131471200020087,0.09930545904231991,-0.05836579403551534,-0.05799074704211904,0.042192779409768476,-1.3833123783735017,-1.37442348793673,0.16656910414426107,0.16931024843461318,0.209,0.163,0.163,True,999,0.00011516700033098459,0.0008247080259025097,power_2x2_bal_strong_200,power,True,645,3125563158,-0.050000000000000266,0,0
200,200,0.05287134500043644,0.08699566777281031,0.05032453375076784,0.08429775527659444,-0.03412432277237387,-0.0339732215258266,0.03994662837350838,-0.8542478842846292,-0.8504653060621458,0.39296765663191535,0.39506644130103785,0.437,0.389,0.391,True,999,0.00011758401524275541,0.000862209009937942,power_2x2_bal_strong_200,power,True,646,3125563158,-0.050000000000000266,0,0
200,200,0.08658918740279187,0.14946843844092178,0.08403721022810373,0.14662766758310397,-0.06287925103812991,-0.06259045735500024,0.05058851935083051,-1.2429549598410539,-1.2372462795547838,0.2138844312082292,0.21599566492795375,0.24,0.214,0.217,True,999,0.00011362496297806501,0.0008469580207020044,power_2x2_bal_strong_200,power,True,647,3125563158,-0.050000000000000266,0,0
200,200,0.04928550081463523,0.10869186968433897,0.04673930209943933,0.10602638451616997,-0.05940636886970374,-0.05928708241673064,0.041681881816978864,-1.425232409864588,-1.4223705800293402,0.15409003068081792,0.1549186991438255,0.182,0.147,0.147,True,999,0.00011562497820705175,0.0008338750340044498,power_2x2_bal_strong_200,power,True,648,3125563158,-0.050000000000000266,0,0
200,200,0.08510095706368881,0.08238117473682804,0.08254876508030407,0.07973216035496478,0.0027197823268607646,0.002816604725339289,0.042007706137829934,0.06474484271854758,0.0670497150236633,0.9483771583726075,0.9465421253503677,0.975,0.936,0.931,True,999,0.00011791707947850227,0.0008793330052867532,power_2x2_bal_strong_200,power,True,649,3125563158,-0.050000000000000266,0,0
200,200,0.03609327827422604,0.08150371478586738,0.03354963492108709,0.07880301187620375,-0.04541043651164134,-0.045253376955116664,0.037428265586404524,-1.213265851360643,-1.2090695693779232,0.22502819442647282,0.22663611901124492,0.309,0.248,0.251,True,999,0.00011379201896488667,0.0008686250075697899,power_2x2_bal_strong_200,power,True,650,3125563158,-0.050000000000000266,0,0
200,200,0.024581485910748935,0.1127353214084556,0.02203971916088676,0.11001254383594983,-0.08815383549770667,-0.08797282467506307,0.04009878488470272,-2.198416629111783,-2.193902506722188,0.0279194297440056,0.02824241915515025,0.032,0.022,0.022,True,999,0.0001139170490205288,0.0008291250560432673,power_2x2_bal_strong_200,power,True,651,3125563158,-0.050000000000000266,0,0
200,200,0.07082061960866504,0.12535025836452401,0.06827101382495471,0.12248858725398293,-0.05452963875585898,-0.05421757342902822,0.04758846232520812,-1.1458583885988272,-1.1393008048572435,0.25185375110966457,0.25457771281600106,0.334,0.284,0.288,True,999,0.0001152500044554472,0.0008952500065788627,power_2x2_bal_strong_200,power,True,652,3125563158,-0.050000000000000266,0,0
200,200,0.03941811871901235,0.03840410869357885,0.03687416113294262,0.03566236579295179,0.0010140100254334983,0.0012117953399908288,0.030333610422628565,0.03342859657342527,0.03994893199679395,0.9733328056335959,0.9681338401231517,0.984,0.967,0.963,True,999,0.00011999998241662979,0.0008422089740633965,power_2x2_bal_strong_200,power,True,653,3125563158,-0.050000000000000266,0,0
200,200,0.055539064732104015,0.09869760218705226,0.05299252603521154,0.0959735872945231,-0.04315853745494824,-0.04298106125931156,0.04222575803602052,-1.0220902942259087,-1.0178872626193407,0.3067381664452763,0.30873153549891097,0.372,0.317,0.318,True,999,0.0001116669736802578,0.000826000003144145,power_2x2_bal_strong_200,power,True,654,3125563158,-0.050000000000000266,0,0
200,200,0.04313265611888062,0.10727437613397806,0.040586592937785326,0.10457291921768785,-0.06414172001509744,-0.06398632627990253,0.04141978524356913,-1.5485768368404598,-1.5448251579198398,0.1214834776944336,0.12238856029163818,0.159,0.122,0.122,True,999,0.0001070419093593955,0.000828416901640594,power_2x2_bal_strong_200,power,True,655,3125563158,-0.050000000000000266,0,0
200,200,0.07360615975752638,0.15251263094344758,0.07105647571967211,0.1497593354348794,-0.0789064711859212,-0.0787028597152073,0.048743561007269884,-1.6188080959893894,-1.6146308987041205,0.10548855965780461,0.10639064997844834,0.103,0.091,0.091,True,999,0.00010958395432680845,0.0008352500153705478,power_2x2_bal_strong_200,power,True,656,3125563158,-0.050000000000000266,0,0
200,200,0.06995009607361635,0.08996732864739054,0.06740111850052699,0.0872691625048958,-0.02001723257377419,-0.019868044004368812,0.0423033680361355,-0.4731829521629457,-0.469656316428459,0.636082659293915,0.6386005823441769,0.72,0.658,0.658,True,999,0.00011554104276001453,0.0008369169663637877,power_2x2_bal_strong_200,power,True,657,3125563158,-0.050000000000000266,0,0
200,200,0.0488087945194835,0.07873346950265847,0.04626343954757317,0.07603292226937697,-0.02992467498317497,-0.029769482721803797,0.03837703400257148,-0.7797547611722637,-0.775710877495355,0.4355352390179954,0.4379197158565332,0.513,0.432,0.438,True,999,0.00011433300096541643,0.0008670829702168703,power_2x2_bal_strong_200,power,True,658,3125563158,-0.050000000000000266,0,0
200,200,0.010536635773633729,0.08135272734195187,0.007996264838084244,0.07861411747943237,-0.07081609156831814,-0.07061785264134812,0.034419020564401485,-2.057469689929556,-2.051710115028257,0.03964106758050416,0.04019784314101152,0.059,0.032,0.032,True,999,0.00011374999303370714,0.0008711250266060233,power_2x2_bal_strong_200,power,True,659,3125563158,-0.050000000000000266,0,0
200,200,0.06350261916816224,0.08021205804514442,0.06095398562493415,0.07742954224571008,-0.016709438876982174,-0.016475556620775933,0.041163059218872394,-0.405932872679231,-0.40025102442391447,0.6847919236549085,0.6889716364637146,0.747,0.699,0.7,True,999,0.0001135410275310278,0.0008978339610621333,power_2x2_bal_strong_200,power,True,660,3125563158,-0.050000000000000266,0,0
200,200,0.045872254814234736,0.09735352598746488,0.04332727799703662,0.0946926609904466,-0.05148127117323015,-0.05136538299340998,0.03988099503062749,-1.2908722847485117,-1.2879664349889666,0.19674796728608723,0.1977576474399959,0.226,0.161,0.161,True,999,0.00011741602793335915,0.0008284999057650566,power_2x2_bal_strong_200,power,True,661,3125563158,-0.050000000000000266,0,0
200,200,0.05543976623825653,0.08063635771972599,0.05289321787188328,0.07790736853960567,-0.025196591481469466,-0.02501415066772239,0.03996167243075121,-0.6305189434984769,-0.6259535486426129,0.5283551126789614,0.531345409751672,0.591,0.535,0.535,True,999,0.00011437502689659595,0.0008266669465228915,power_2x2_bal_strong_200,power,True,662,3125563158,-0.050000000000000266,0,0
200,200,0.07777809840996264,0.11805820944528567,0.07522767341791337,0.11537394230491316,-0.04028011103532303,-0.04014626888699979,0.04580534693174169,-0.8793757439573099,-0.8764537674351653,0.3791975793787066,0.3807833994760609,0.43,0.375,0.375,True,999,0.00011600006837397814,0.000833874917589128,power_2x2_bal_strong_200,power,True,663,3125563158,-0.050000000000000266,0,0
200,200,0.0392217141817347,0.06180321675396791,0.03667772800881153,0.058970995001551785,-0.02258150257223321,-0.022293266992740257,0.03553157942748419,-0.635533318138008,-0.6274212222464869,0.5250806437592992,0.5303831601318394,0.614,0.541,0.545,True,999,0.00011720892507582903,0.0008597910637035966,power_2x2_bal_strong_200,power,True,664,3125563158,-0.050000000000000266,0,0
200,200,0.03666086604285712,0.08996732864739054,0.034115611251223754,0.0872691625048958,-0.05330646260453342,-0.05315355125367205,0.0386682693569224,-1.3785582724816334,-1.3746038324871783,0.16803098952299722,0.16925429980519746,0.278,0.173,0.173,True,999,0.000120165990665555,0.0008381250081583858,power_2x2_bal_strong_200,power,True,665,3125563158,-0.050000000000000266,0,0
200,200,0.04105357628610118,0.10659218358936362,0.038509007013772134,0.10389721916361339,-0.06553860730326244,-0.06538821214984125,0.04114509934053356,-1.5928654530844197,-1.5892102145303344,0.11119037783170568,0.11201294113445749,0.182,0.124,0.127,True,999,0.00011854094918817282,0.000835792045108974,power_2x2_bal_strong_200,power,True,666,3125563158,-0.050000000000000266,0,0
200,200,0.05893892093330233,0.13246627177825143,0.056389884168140725,0.12968677967226938,-0.0735273508449491,-0.07329689550412866,0.04666982233905864,-1.5754795531632657,-1.5705415583462685,0.11514579442188709,0.1162891739580602,0.115,0.104,0.104,True,999,0.00012983300257474184,0.0008824580581858754,power_2x2_bal_strong_200,power,True,667,3125563158,-0.050000000000000266,0,0
200,200,0.02138815641836267,0.1598197134368905,0.01884607154721607,0.1570401257137064,-0.13843155701852783,-0.13819405416649033,0.045087593365280704,-3.0702804626765863,-3.0650128749809347,0.002138578444705076,0.002176606269477121,0.002,0.002,0.002,True,999,0.00012545892968773842,0.000837916973978281,power_2x2_bal_strong_200,power,True,668,3125563158,-0.050000000000000266,0,0
200,200,0.08288525351033549,0.08856899919846889,0.08033353580196945,0.08581731876830645,-0.005683745688133401,-0.005483782966337003,0.04352611341891689,-0.13058243067627506,-0.12598834436602133,0.8961056419931682,0.8997411509026544,0.935,0.924,0.926,True,999,0.00011833303142338991,0.0008921250700950623,power_2x2_bal_strong_200,power,True,669,3125563158,-0.050000000000000266,0,0
200,200,0.053557315757939206,0.1386319292189011,0.0510103841079399,0.13582087149417532,-0.0850746134609619,-0.08481048738623542,0.04692474864786081,-1.8130009411321644,-1.8073722253193516,0.06983167616461701,0.07070426155489562,0.112,0.093,0.095,True,999,0.00011799996718764305,0.0008567080367356539,power_2x2_bal_strong_200,power,True,670,3125563158,-0.050000000000000266,0,0
200,200,0.011427948973613766,0.05089124912405557,0.00888807790133228,0.048207906518250354,-0.039463300150441805,-0.03931982861691807,0.027750970919708465,-1.4220511514577445,-1.4168811869927591,0.15501140210949008,0.1565176677320347,0.277,0.16,0.163,True,999,0.00011799996718764305,0.0008561250288039446,power_2x2_bal_strong_200,power,True,671,3125563158,-0.050000000000000266,0,0
200,200,0.09153120687958793,0.06469951143474753,0.08897777631671033,0.06185789819107157,0.026831695444840403,0.027119878125638763,0.042025135590596806,0.6384677899967095,0.6453251784797782,0.5231692148691947,0.5187164793587895,0.632,0.543,0.538,True,999,0.0001169170718640089,0.00085575005505234,power_2x2_bal_strong_200,power,True,672,3125563158,-0.050000000000000266,0,0
200,200,0.044593232887989,0.09445529906799421,0.0420473563468704,0.09170871772914069,-0.049862066180005216,-0.049661361382270286,0.04077230123064282,-1.2229397084541034,-1.2180171313201915,0.22135246923364804,0.22321746271160336,0.277,0.224,0.224,True,999,0.00011599995195865631,0.0008710839319974184,power_2x2_bal_strong_200,power,True,673,3125563158,-0.050000000000000266,0,0
200,200,0.043304782161658006,0.050109984536878815,0.040759259775967394,0.04730262888499226,-0.006805202375220809,-0.006543369109024866,0.033963498358637004,-0.2003681217806654,-0.1926588668790908,0.8411926890607153,0.8472261393373649,0.868,0.841,0.841,True,999,0.00011837505735456944,0.0008685420034453273,power_2x2_bal_strong_200,power,True,674,3125563158,-0.050000000000000266,0,0
200,200,0.06691443333825675,0.18680304654027952,0.06436340789079509,0.1836365475735846,-0.11988861320202276,-0.11927313968278952,0.05144850507989988,-2.3302642713492827,-2.318301367504411,0.01979218789191791,0.02043294815331602,0.029,0.024,0.024,True,999,0.00011687504593282938,0.0008790419669821858,power_2x2_bal_strong_200,power,True,675,3125563158,-0.050000000000000266,0,0
200,200,0.05374616770004803,0.11085396395341729,0.051198569095532775,0.10811211361010464,-0.05710779625336926,-0.05691354451457187,0.042857870144582574,-1.3324926334583134,-1.327960169802465,0.18269836053346145,0.1841912654215183,0.21,0.165,0.169,True,999,0.00013016595039516687,0.0008914580103009939,power_2x2_bal_strong_200,power,True,676,3125563158,-0.050000000000000266,0,0
200,200,0.009651116835776019,0.06604031048885406,0.0071095738601627545,0.06331144039343428,-0.05638919365307804,-0.05620186653327153,0.031271127140278514,-1.803235086478428,-1.7972446685773977,0.07135130234671452,0.07229678604323858,0.086,0.065,0.069,True,999,0.00011558306869119406,0.0008875000057742,power_2x2_bal_strong_200,power,True,677,3125563158,-0.050000000000000266,0,0
200,200,0.0660957511693191,0.10436004389237313,0.0635474023328868,0.1014971678343457,-0.03826429272305404,-0.0379497655014589,0.045082906587543624,-0.8487538985258425,-0.8417772582556687,0.39601824784766504,0.3999126437963826,0.449,0.391,0.391,True,999,0.00011720904149115086,0.0008530840277671814,power_2x2_bal_strong_200,power,True,678,3125563158,-0.050000000000000266,0,0
200,200,0.07710449357372817,0.08576686038246456,0.07455128548787116,0.08305158823088732,-0.008662366808736388,-0.008500302743016164,0.04268602390387844,-0.2029321547549742,-0.19913550070058947,0.8391880612861955,0.8421567517607566,0.854,0.819,0.821,True,999,0.00012266694102436304,0.0008584170136600733,power_2x2_bal_strong_200,power,True,679,3125563158,-0.050000000000000266,0,0
200,200,0.0551925239348835,0.07145194617174166,0.05264604717794441,0.06871874276001932,-0.016259422236858168,-0.016072695582074914,0.0386399734967537,-0.42079278957642624,-0.4159603158999383,0.6739063972881627,0.6774390422085078,0.728,0.674,0.676,True,999,0.00013016699813306332,0.0008367090485990047,power_2x2_bal_strong_200,power,True,680,3125563158,-0.050000000000000266,0,0
200,200,0.022166336162694145,0.05112621522332017,0.019625062614011313,0.04841453354796954,-0.028959879060626026,-0.028789470933958228,0.030035757246800583,-0.9641800878421615,-0.9585065792547944,0.3349556456344621,0.3378073754643952,0.472,0.333,0.335,True,999,0.00011812499724328518,0.0008160419529303908,power_2x2_bal_strong_200,power,True,681,3125563158,-0.050000000000000266,0,0
200,200,0.08961636386509453,0.1127353214084556,0.08705914707130091,0.11001254383594983,-0.023118957543361074,-0.022953396764648915,0.04665362412013937,-0.4955447294689614,-0.4919960066883727,0.6202156563520715,0.6227221665367022,0.655,0.629,0.633,True,999,0.00012099999003112316,0.0008430000161752105,power_2x2_bal_strong_200,power,True,682,3125563158,-0.050000000000000266,0,0
200,200,0.02630968844429471,0.08549508855651655,0.023767537970826424,0.08266408686137083,-0.05918540011222184,-0.05889654889054441,0.03783668295762455,-1.5642333176644192,-1.5565991595115776,0.117762785465654,0.11956568349038953,0.158,0.118,0.121,True,999,0.00011687504593282938,0.000886416994035244,power_2x2_bal_strong_200,power,True,683,3125563158,-0.050000000000000266,0,0
200,200,0.0690961079468303,0.1448300666417094,0.06654695468762384,0.14207232444589124,-0.07573395869487909,-0.0755253697582674,0.04834326939221758,-1.5665874411686134,-1.5622726949953796,0.11721115525893447,0.1182237616071063,0.136,0.121,0.121,True,999,0.00011666608043015003,0.0008658339502289891,power_2x2_bal_strong_200,power,True,684,3125563158,-0.050000000000000266,0,0
200,200,0.028924743469883718,0.1128727897232163,0.026381614390032837,0.1101634684796835,-0.08394804625333258,-0.08378185408965066,0.040160813436504204,-2.0902974583933087,-2.086159291123747,0.03659108745588797,0.03696419640023243,0.068,0.037,0.037,True,999,0.00011625001206994057,0.0008605839684605598,power_2x2_bal_strong_200,power,True,685,3125563158,-0.050000000000000266,0,0
200,200,0.10110069489122364,0.10998033203938207,0.098541215560914,0.10694647595249052,-0.008879637148158426,-0.008405260391576519,0.04946475822139035,-0.17951441526137996,-0.1699242186519327,0.8575337994390431,0.8650697343677877,0.864,0.848,0.854,True,999,0.00012966699432581663,0.0008517910027876496,power_2x2_bal_strong_200,power,True,686,3125563158,-0.050000000000000266,0,0
200,200,0.07777809840996264,0.1564152830889562,0.07522767341791337,0.15350677876008945,-0.07863718467899355,-0.07827910534217608,0.049900496512654206,-1.5758798043031905,-1.5687039370905935,0.11505350609796032,0.11671694080055442,0.14,0.114,0.117,True,999,0.00011695793364197016,0.0008312499849125743,power_2x2_bal_strong_200,power,True,687,3125563158,-0.050000000000000266,0,0
200,200,0.0422970612659499,0.09771385018390955,0.03975258151547223,0.09503902228613015,-0.05541678891795965,-0.05528644077065792,0.039876397445097654,-1.3897140280602882,-1.3864452235630618,0.16461573331269042,0.1656109954290873,0.215,0.175,0.177,True,999,0.00011699995957314968,0.0008467090083286166,power_2x2_bal_strong_200,power,True,688,3125563158,-0.050000000000000266,0,0
200,200,0.06108362684440649,0.07877034641768288,0.058533405003743155,0.0759573218258609,-0.017686719573276388,-0.017423916822117747,0.04043405401692712,-0.43742137669084835,-0.4309218366979348,0.6618057840430456,0.6665252050829431,0.739,0.679,0.684,True,999,0.00011704105418175459,0.0008471250766888261,power_2x2_bal_strong_200,power,True,689,3125563158,-0.050000000000000266,0,0
200,200,0.0628451072332491,0.05790102345064557,0.06029716574340682,0.055209891600100036,0.0049440837826035255,0.005087274143306786,0.036798092664724454,0.13435706648304205,0.13824831057571554,0.8931202297268251,0.8900441753126943,0.914,0.89,0.888,True,999,0.00011770892888307571,0.0008157499833032489,power_2x2_bal_strong_200,power,True,690,3125563158,-0.050000000000000266,0,0
200,200,0.0704654620907923,0.07662096794768891,0.06791617830418772,0.07390623606745805,-0.006155505856896615,-0.005990057763270329,0.04084944350179863,-0.15068763070482424,-0.14663743859831488,0.8802221310792049,0.8834182013604966,0.907,0.881,0.888,True,999,0.0001112079480662942,0.000829666038043797,power_2x2_bal_strong_200,power,True,691,3125563158,-0.050000000000000266,0,0
200,200,0.07686211195978021,0.08401915737763616,0.07430956875384709,0.08122275612995367,-0.007157045417855945,-0.006913187376106578,0.04320995909175517,-0.16563416324135263,-0.159990602199521,0.8684448602521642,0.872888477215254,0.874,0.847,0.853,True,999,0.00011258292943239212,0.000895833014510572,power_2x2_bal_strong_200,power,True,692,3125563158,-0.050000000000000266,0,0
200,200,0.0632226651035469,0.060853732090006774,0.060674437391668334,0.0581984471824768,0.002368933013540131,0.0024759902091915365,0.03678416582360256,0.0644008899073662,0.06731130511604037,0.9486510214560627,0.9463338771207574,0.961,0.953,0.953,True,999,0.00011570798233151436,0.0008931249612942338,power_2x2_bal_strong_200,power,True,693,3125563158,-0.050000000000000266,0,0
200,200,0.083939188848558,0.06945364083002192,0.08138644291599917,0.06668170075841573,0.014485548018536076,0.01470474215758344,0.04177120489852551,0.34678310222857384,0.3520305960363261,0.7287542727651957,0.7248153169776115,0.78,0.737,0.732,True,999,0.00011499994434416294,0.0008925420697778463,power_2x2_bal_strong_200,power,True,694,3125563158,-0.050000000000000266,0,0
200,200,0.07173328994635797,0.09356978884882367,0.06918268066684163,0.09070520357791878,-0.021836498902465695,-0.021522522911077147,0.044376805839603996,-0.4920700913308581,-0.48499486395817637,0.622669794717591,0.6276799887782569,0.661,0.605,0.611,True,999,0.00011475000064820051,0.0008409169968217611,power_2x2_bal_strong_200,power,True,695,3125563158,-0.050000000000000266,0,0
200,200,0.023253293536691366,0.06498518341709833,0.020711505022518395,0.06201632712591021,-0.041731889880406964,-0.041304822103391814,0.03498000695997372,-1.1930212000288956,-1.1808122894502375,0.2328610704049089,0.23767730089959382,0.341,0.236,0.241,True,999,0.00011654198169708252,0.0008319170447066426,power_2x2_bal_strong_200,power,True,696,3125563158,-0.050000000000000266,0,0
200,200,0.07316000787254451,0.16494482315713982,0.07060915428235148,0.16208206811460002,-0.09178481528459531,-0.09147291383224854,0.05085306105816557,-1.8049024655489694,-1.798769079556924,0.07108994592191355,0.07205521638402433,0.102,0.073,0.074,True,999,0.0001237909309566021,0.0008279170142486691,power_2x2_bal_strong_200,power,True,697,3125563158,-0.050000000000000266,0,0
200,200,0.07435170133742408,0.14161517980875493,0.07180152667802986,0.13889495047611433,-0.06726347847133085,-0.06709342379808447,0.048093322586354105,-1.3986032749256556,-1.395067343862855,0.16193198374142448,0.16299553265842726,0.208,0.17,0.171,True,999,0.00011666701175272465,0.0008367089321836829,power_2x2_bal_strong_200,power,True,698,3125563158,-0.050000000000000266,0,0
200,200,0.04457308246680536,0.11997310203306771,0.04202811368992343,0.11726370124929986,-0.07540001956626236,-0.07523558755937643,0.04312314275796152,-1.7484815517612473,-1.7446684714435894,0.08038067734550683,0.0810425944827778,0.12,0.077,0.077,True,999,0.00011845806147903204,0.0008587921038269997,power_2x2_bal_strong_200,power,True,699,3125563158,-0.050000000000000266,0,0
200,200,0.03909782630882219,0.06489718161561164,0.036553703059155396,0.06218195347292976,-0.02579935530678945,-0.025628250413774367,0.03528858663184166,-0.7310963053280839,-0.7262475735043874,0.4647203308986334,0.46768701237873844,0.557,0.485,0.488,True,999,0.00011479202657938004,0.0008616250706836581,power_2x2_bal_strong_200,power,True,700,3125563158,-0.050000000000000266,0,0
200,200,0.055341281299941425,0.11905586957314218,0.052794819132145676,0.11636316606839614,-0.06371458827320076,-0.06356834693625046,0.043708935538738475,-1.4577016687293063,-1.4543558691771603,0.1449227918027598,0.14584766833949106,0.193,0.159,0.159,True,999,0.00011037499643862247,0.0008416660130023956,power_2x2_bal_strong_200,power,True,701,3125563158,-0.050000000000000266,0,0
200,200,0.07408028741081829,0.054113676134152244,0.0715305751566575,0.05145141541756004,0.019966611276666046,0.020079159739097463,0.03703242978676907,0.5391655743798833,0.5422047609274435,0.589772611979376,0.5876774559108484,0.659,0.585,0.585,True,999,0.0001159169478341937,0.0008867920842021704,power_2x2_bal_strong_200,power,True,702,3125563158,-0.050000000000000266,0,0
200,200,0.026728441852809093,0.050109984536878815,0.024185906515640454,0.04730262888499226,-0.023381542684069723,-0.023116722369351805,0.031596492388402564,-0.7400043775951497,-0.7316230575592865,0.45929733810296947,0.4643986707855521,0.591,0.489,0.493,True,999,0.00011150003410875797,0.0008373330347239971,power_2x2_bal_strong_200,power,True,703,3125563158,-0.050000000000000266,0,0
200,200,0.022113237401937935,0.102993720775864,0.019572013355059426,0.0998320976393714,-0.08088048337392606,-0.08026008428431197,0.040301842384629145,-2.0068681377398603,-1.9914743231421757,0.044763705284950266,0.04642876537043747,0.08,0.051,0.056,True,999,0.00011270795948803425,0.0008242919575423002,power_2x2_bal_strong_200,power,True,704,3125563158,-0.050000000000000266,0,0
200,200,0.0422970612659499,0.13928917665927915,0.03975258151547223,0.1365470032109215,-0.09699211539332925,-0.09679442169544927,0.045098526016367844,-2.150671517692782,-2.146287922144488,0.03150213600662375,0.03185001460272187,0.044,0.037,0.039,True,999,0.00011300004553049803,0.0008301250636577606,power_2x2_bal_strong_200,power,True,705,3125563158,-0.050000000000000266,0,0
200,200,0.06925272211597444,0.16274060732746393,0.06669989050405434,0.1595553945181507,-0.09348788521148949,-0.09285550401409637,0.050600322669186314,-1.8475748825297527,-1.835077310102646,0.06466386607383748,0.06649423533266258,0.09,0.081,0.082,True,999,0.00011245801579207182,0.0008579579880461097,power_2x2_bal_strong_200,power,True,706,3125563158,-0.050000000000000266,0,0
200,200,0.07180198518632874,0.08582034461142862,0.06925064708138962,0.08313319312425449,-0.01401835942509988,-0.013882546042864874,0.04179117691043282,-0.33543825423112966,-0.3321884442885649,0.7372945150771517,0.7397469689294567,0.757,0.726,0.727,True,999,0.00011233298573642969,0.000847332994453609,power_2x2_bal_strong_200,power,True,707,3125563158,-0.050000000000000266,0,0
200,200,0.017163760587945776,0.08021205804514442,0.014621701697365097,0.07742954224571008,-0.06304829745719864,-0.06280784054834498,0.0356450617182964,-1.7687807067209067,-1.7620348379451982,0.07693047765607637,0.07806341156072565,0.097,0.075,0.081,True,999,0.00011320796329528093,0.0008643330074846745,power_2x2_bal_strong_200,power,True,708,3125563158,-0.050000000000000266,0,0
200,200,0.037004876838597434,0.18241936644554413,0.03446122356726278,0.17972722901039617,-0.1454144896069467,-0.1452660054431334,0.04693938525516797,-3.097920622872596,-3.0947573056922337,0.0019488361963041847,0.0019697400020081764,0.004,0.004,0.004,True,999,0.00012462504673749208,0.0008639589650556445,power_2x2_bal_strong_200,power,True,709,3125563158,-0.050000000000000266,0,0
200,200,0.03869918319444465,0.0984184899574237,0.03615511975547747,0.09550852086153583,-0.05971930676297904,-0.05935340110605836,0.04090171808205079,-1.4600684167637963,-1.451122443976378,0.14427127168106238,0.1467457678634327,0.185,0.138,0.145,True,999,0.00011133402585983276,0.0008853340987116098,power_2x2_bal_strong_200,power,True,710,3125563158,-0.050000000000000266,0,0
200,200,0.05251455160876706,0.14816842849001322,0.049966058411627046,0.14535725898716123,-0.09565387688124616,-0.09539120057553419,0.04761538033972278,-2.0088861245837326,-2.0033694973125056,0.04454921175890025,0.045137642973117786,0.071,0.04,0.041,True,999,0.0001117499778047204,0.0008698339806869626,power_2x2_bal_strong_200,power,True,711,3125563158,-0.050000000000000266,0,0
200,200,0.0582493600639401,0.14189763944572736,0.055698501048823346,0.13920617611850616,-0.08364827938178726,-0.08350767506968282,0.045938844086449535,-1.8208616486817695,-1.8178009640933666,0.06862789023910743,0.06909455924493725,0.086,0.082,0.082,True,999,0.0001222500577569008,0.0008124170126393437,power_2x2_bal_strong_200,power,True,712,3125563158,-0.050000000000000266,0,0
200,200,0.024261623268265642,0.05569875770930044,0.0217188840676954,0.05300828891696341,-0.0314371344410348,-0.03128940484926801,0.03109865845479754,-1.0108839417214488,-1.0061335891626233,0.3120719806676755,0.31435131293904617,0.46,0.323,0.324,True,999,0.00011749996338039637,0.0008232919499278069,power_2x2_bal_strong_200,power,True,713,3125563158,-0.050000000000000266,0,0
200,200,0.02981422698479208,0.09015398283338943,0.027269195561501647,0.08745054901534388,-0.060339755848597354,-0.060181353453842235,0.03719302470169967,-1.6223406494239743,-1.6180817219496544,0.10473042949835937,0.10564498702731473,0.133,0.109,0.109,True,999,0.00012674997560679913,0.0008464170387014747,power_2x2_bal_strong_200,power,True,714,3125563158,-0.050000000000000266,0,0
200,200,0.05780881764565915,0.07068894386002539,0.0552612348795094,0.06801375368216611,-0.012880126214366239,-0.01275251880265671,0.037998895666159264,-0.33896054052531094,-0.33560235314979797,0.7346394563695038,0.7371707492712352,0.795,0.745,0.748,True,999,0.00011754198931157589,0.000841959030367434,power_2x2_bal_strong_200,power,True,715,3125563158,-0.050000000000000266,0,0
200,200,0.09840980316724002,0.12570016571663423,0.09585286213916788,0.12296924992509162,-0.02729036254939421,-0.027116387785923735,0.04877451540531268,-0.559520936755871,-0.5559540173918393,0.575806246524777,0.5782422896073864,0.628,0.582,0.582,True,999,0.00011795805767178535,0.0008347079856321216,power_2x2_bal_strong_200,power,True,716,3125563158,-0.050000000000000266,0,0
200,200,0.03348560314071081,0.05285251661877827,0.03094243956252285,0.050143882505921056,-0.01936691347806746,-0.019201442943398206,0.03224466455300491,-0.600623816266764,-0.595492097982108,0.5480905714658175,0.5515145795998979,0.668,0.562,0.564,True,999,0.00011733302380889654,0.0008663749322295189,power_2x2_bal_strong_200,power,True,717,3125563158,-0.050000000000000266,0,0
200,200,0.03431160400917732,0.19133367457998607,0.03176846964200308,0.18844577140572483,-0.15702207057080875,-0.15667730176372174,0.047083366752977904,-3.33497966266139,-3.3276571445225356,0.0008530563789150557,0.0008757957904398872,0.001,0.001,0.001,True,999,0.00011749996338039637,0.0008347079856321216,power_2x2_bal_strong_200,power,True,718,3125563158,-0.050000000000000266,0,0
200,200,0.036273831564580195,0.03974687989135822,0.03373029342677114,0.03698706344848546,-0.0034730483267780277,-0.003256770021714317,0.03015866043159382,-0.1151592370840088,-0.10798788723064659,0.9083189077548354,0.9140053006086464,0.934,0.906,0.908,True,999,0.0001354169799014926,0.0008824160322546959,power_2x2_bal_strong_200,power,True,719,3125563158,-0.050000000000000266,0,0
200,200,0.03154732458462339,0.11010926202058174,0.029004489958566637,0.10726777592358872,-0.07856193743595835,-0.07826328596502208,0.04184376812306645,-1.8775062801442814,-1.870368981465589,0.06044873741221514,0.061432596323328856,0.086,0.062,0.062,True,999,0.0001175830839201808,0.0008273330749943852,power_2x2_bal_strong_200,power,True,720,3125563158,-0.050000000000000266,0,0
200,200,0.08132163647883339,0.1695039466467142,0.07877035951003108,0.1668214099168921,-0.0881823101678808,-0.08805105040686101,0.04997704646943937,-1.7644562133499364,-1.7618298124260632,0.07765520114042516,0.07809805610797638,0.087,0.066,0.066,True,999,0.00010833307169377804,0.0008422919781878591,power_2x2_bal_strong_200,power,True,721,3125563158,-0.050000000000000266,0,0
200,200,0.02481999114222211,0.09880465393408105,0.02227775103648355,0.09604350239552417,-0.07398466279185895,-0.07376575135904062,0.03923328336162288,-1.8857627109595698,-1.8801829731945563,0.05932693794245286,0.0600831453191068,0.09,0.052,0.053,True,999,0.00011158303823322058,0.0008202079916372895,power_2x2_bal_strong_200,power,True,722,3125563158,-0.050000000000000266,0,0
200,200,0.03878998826938562,0.07557764063865596,0.03624424424890549,0.07288227790266433,-0.03678765236927034,-0.03663803365375884,0.03655883535152147,-1.0062588705452113,-1.0021663245416836,0.31429105975073224,0.3162632691836569,0.451,0.336,0.339,True,999,0.00011020794045180082,0.0008201670134440064,power_2x2_bal_strong_200,power,True,723,3125563158,-0.050000000000000266,0,0
200,200,0.1022020809603279,0.12355566838677273,0.09964640161200577,0.12076562699228077,-0.02135358742644483,-0.021119225380274997,0.0496355842622236,-0.43020723426230545,-0.4254855804396829,0.6670449000690921,0.6704827310328114,0.707,0.667,0.667,True,999,0.00011324998922646046,0.000833874917589128,power_2x2_bal_strong_200,power,True,724,3125563158,-0.050000000000000266,0,0
200,200,0.022182597537254045,0.11703997924949644,0.019641390880821064,0.11410578440240471,-0.0948573817122424,-0.09446439352158364,0.04175402674791165,-2.2718139805997692,-2.262401997582385,0.023097748083980896,0.023672577630370745,0.033,0.021,0.021,True,999,0.00011741695925593376,0.0008384999819099903,power_2x2_bal_strong_200,power,True,725,3125563158,-0.050000000000000266,0,0
200,200,0.08655232555407777,0.158545149795001,0.08399951222921231,0.1534801356263955,-0.07199282424092324,-0.0694806233971832,0.0505382496613853,-1.4245215202997168,-1.3748126194063894,0.15429555997618538,0.16918954476733894,0.171,0.148,0.166,True,999,0.0001153330085799098,0.0009019160643219948,power_2x2_bal_strong_200,power,True,726,3125563158,-0.050000000000000266,0,0
200,200,0.05894632123183763,0.07868483662258763,0.056399095691006096,0.07583633703627868,-0.01973851539075,-0.019437241345272582,0.04092855829885615,-0.4822675464554939,-0.47490657265139496,0.6296158985165285,0.6348535664811021,0.682,0.599,0.6,True,999,0.00011487503070384264,0.0008781669894233346,power_2x2_bal_strong_200,power,True,727,3125563158,-0.050000000000000266,0,0
200,200,0.080514915768501,0.09980827614352461,0.0779625984938832,0.09696554790023981,-0.019293360375023605,-0.019002949406356606,0.045718894490463576,-0.4219997134674368,-0.41564761392733146,0.6730252265920763,0.677667879846597,0.695,0.664,0.668,True,999,0.0001135410275310278,0.0009042499586939812,power_2x2_bal_strong_200,power,True,728,3125563158,-0.050000000000000266,0,0
200,200,0.07548426499278293,0.08234123335279742,0.07293317816376543,0.07959896317123594,-0.0068569683600144815,-0.006665785007470504,0.04167703917814033,-0.16452628342204723,-0.15993902491438783,0.8693168574868161,0.8729291067655404,0.885,0.863,0.865,True,999,0.00011512497439980507,0.0008494999492540956,power_2x2_bal_strong_200,power,True,729,3125563158,-0.050000000000000266,0,0
200,200,0.03400862421738127,0.1094369466201,0.031463044176689436,0.1065439035843454,-0.07542832240271874,-0.07508085940765596,0.04266896621987955,-1.7677560317263217,-1.7596128066649914,0.07710169829149625,0.07847347863136132,0.066,0.06,0.061,True,999,0.00011437502689659595,0.0008584579918533564,power_2x2_bal_strong_200,power,True,730,3125563158,-0.050000000000000266,0,0
200,200,0.08114989002451545,0.19001970163253618,0.07859840626611003,0.1868003973629584,-0.10886981160802073,-0.10820199109684836,0.05350320105845515,-2.034828000086846,-2.022346120536448,0.04186818264739238,0.04314060709607409,0.056,0.044,0.044,True,999,0.00012274994514882565,0.0008372090524062514,power_2x2_bal_strong_200,power,True,731,3125563158,-0.050000000000000266,0,0
200,200,0.06755657582538632,0.07662096794768891,0.0650042059949385,0.07390623606745805,-0.00906439212230259,-0.008902030072519551,0.0404785226887951,-0.2239309026169503,-0.2199198360315588,0.8228110694461135,0.8259335875553055,0.858,0.827,0.832,True,999,0.00011220795568078756,0.0008416669443249702,power_2x2_bal_strong_200,power,True,732,3125563158,-0.050000000000000266,0,0
200,200,0.026317827291866158,0.1533986828139587,0.023775879653044285,0.15067777492730272,-0.12708085552209253,-0.12690189527425844,0.04405166796111046,-2.8848137063568537,-2.880751198485595,0.003916453423202115,0.003967286746230641,0.002,0.002,0.002,True,999,0.0001151250908151269,0.000831458019092679,power_2x2_bal_strong_200,power,True,733,3125563158,-0.050000000000000266,0,0
200,200,0.059568619552785806,0.07662096794768891,0.05702084092837367,0.07390623606745805,-0.017052348394903105,-0.01688539513908438,0.03967346281451521,-0.429817494747754,-0.4256093101332856,0.66732840568437,0.6703925550948213,0.733,0.677,0.678,True,999,0.00011508294846862555,0.000861415988765657,power_2x2_bal_strong_200,power,True,734,3125563158,-0.050000000000000266,0,0
200,200,0.028289776885603413,0.1386319292189011,0.02574630602907746,0.13582087149417532,-0.1103421523332977,-0.11007456546509786,0.04436739494291937,-2.4870099422167513,-2.480978781979733,0.012882179883637001,0.013102217203995473,0.017,0.014,0.015,True,999,0.00012391700875014067,0.0008490839973092079,power_2x2_bal_strong_200,power,True,735,3125563158,-0.050000000000000266,0,0
200,200,0.02785423308347168,0.14816842849001322,0.025311170101815605,0.14535725898716123,-0.12031419540654154,-0.12004608888534563,0.04512947902593236,-2.6659779373346284,-2.66003710825832,0.007676473057554582,0.007813204270573573,0.01,0.009,0.009,True,999,0.00012391700875014067,0.0008479160023853183,power_2x2_bal_strong_200,power,True,736,3125563158,-0.050000000000000266,0,0
200,200,0.03165522546633004,0.17055058601033074,0.029111903522220928,0.16779253574748054,-0.1388953605440007,-0.13868063222525961,0.04663226143528396,-2.9785250869027453,-2.973920370937188,0.0028963931816739954,0.002940213648647623,0.006,0.007,0.007,True,999,0.0001479999627918005,0.0008449590532109141,power_2x2_bal_strong_200,power,True,737,3125563158,-0.050000000000000266,0,0
200,200,0.04115023189446254,0.0608565135996999,0.03860509989323191,0.058175705182833326,-0.01970628170523736,-0.019570605289601417,0.034256586818314505,-0.5752552584924148,-0.5712946649763262,0.5651186758151876,0.5677999175189463,0.659,0.589,0.589,True,999,0.00011858297511935234,0.0008323340443894267,power_2x2_bal_strong_200,power,True,738,3125563158,-0.050000000000000266,0,0
200,200,0.042072760029969625,0.0828322544046638,0.03952824996446225,0.08007150581012468,-0.04075949437469417,-0.04054325584566243,0.038695730878187624,-1.0533331054788235,-1.0477449301394701,0.2921883512027105,0.2947561408950441,0.355,0.296,0.296,True,999,0.0001207499299198389,0.0008550829952582717,power_2x2_bal_strong_200,power,True,739,3125563158,-0.050000000000000266,0,0
200,200,0.053202545060540896,0.0778841951737978,0.05065561085822878,0.07519174356411895,-0.024681650113256903,-0.024536132705890168,0.03876802267454353,-0.6366497027836232,-0.6328961606288337,0.5243530425128899,0.5268014551912448,0.605,0.533,0.533,True,999,0.00011662510223686695,0.0008379589999094605,power_2x2_bal_strong_200,power,True,740,3125563158,-0.050000000000000266,0,0
200,200,0.03289026334983869,0.10625213484712759,0.030346345217708404,0.10311548995673547,-0.0733618714972889,-0.07276914473902707,0.041232765247326976,-1.7792129889237729,-1.7648378492816346,0.07520484967372873,0.077591021490352,0.108,0.066,0.067,True,999,0.00011979206465184689,0.0008498330134898424,power_2x2_bal_strong_200,power,True,741,3125563158,-0.050000000000000266,0,0
200,200,0.030643535191814508,0.04514565080941352,0.02809987047308482,0.0422898636217397,-0.01450211561759901,-0.014189993148654878,0.03153805576059739,-0.45982909433870284,-0.449932400918112,0.6456388980873271,0.6527591839004916,0.737,0.653,0.655,True,999,0.00011841603554785252,0.0008994999807327986,power_2x2_bal_strong_200,power,True,742,3125563158,-0.050000000000000266,0,0
200,200,0.05370963963964415,0.11768091492048172,0.05116301297658765,0.1149221746284752,-0.06397127528083757,-0.06375916165188755,0.0445310882018336,-1.4365531556492146,-1.4317898849204906,0.15084500223735903,0.152203962958281,0.214,0.142,0.142,True,999,0.00011725001968443394,0.0008517500245943666,power_2x2_bal_strong_200,power,True,743,3125563158,-0.050000000000000266,0,0
200,200,0.0632226651035469,0.0729555583187183,0.060674437391668334,0.07025135173566355,-0.009732893215171401,-0.009576914343995213,0.039390852166195436,-0.24708511443486886,-0.24312534046201617,0.8048423536011553,0.8079083012117683,0.844,0.81,0.812,True,999,0.00011600006837397814,0.0008408750873059034,power_2x2_bal_strong_200,power,True,744,3125563158,-0.050000000000000266,0,0
200,200,0.08665774552033811,0.1160666703043422,0.08410535765463578,0.11308160018854352,-0.029408924784004087,-0.028976242533907737,0.048645486969103736,-0.6045560773743022,-0.5956614752836465,0.545473998270686,0.5514013993621696,0.59,0.552,0.556,True,999,0.00011641706805676222,0.0008917499799281359,power_2x2_bal_strong_200,power,True,745,3125563158,-0.050000000000000266,0,0
200,200,0.07972798953236171,0.12494908599542798,0.07717396898027573,0.12223470007580772,-0.04522109646306627,-0.04506073109553199,0.046701604654025355,-0.9682985584344054,-0.9648647285109521,0.33289528452226835,0.334612569963606,0.358,0.322,0.323,True,999,0.00011820800136774778,0.0008367919363081455,power_2x2_bal_strong_200,power,True,746,3125563158,-0.050000000000000266,0,0
200,200,0.07818654295308047,0.06434084294691284,0.07563601789615859,0.06163173710451275,0.013845700006167638,0.01400428079164584,0.03978398879632956,0.3480219159785464,0.3520079613771122,0.7278237245539538,0.7248322918165646,0.801,0.734,0.731,True,999,0.00010820792522281408,0.0008345000678673387,power_2x2_bal_strong_200,power,True,747,3125563158,-0.050000000000000266,0,0
200,200,0.03047271254841577,0.0815788622342955,0.02792989252117195,0.07891942047731959,-0.05110614968587973,-0.05098952795614764,0.03551656020114457,-1.4389386076930042,-1.435655020288379,0.1501679176484624,0.15110053023927084,0.194,0.142,0.142,True,999,0.00011595804244279861,0.0008094999939203262,power_2x2_bal_strong_200,power,True,748,3125563158,-0.050000000000000266,0,0
200,200,0.03609327827422604,0.14175362464809416,0.03354963492108709,0.13897424627825217,-0.10566034637386812,-0.10542461135716508,0.04519812092302752,-2.337715467282542,-2.3324998739815617,0.01940201326222762,0.019674409539184198,0.024,0.021,0.021,True,999,0.00011033390183001757,0.0008306249510496855,power_2x2_bal_strong_200,power,True,749,3125563158,-0.050000000000000266,0,0
200,200,0.029802650140060116,0.12300933748702625,0.027259692644662437,0.12022950071916227,-0.09320668734696613,-0.09296980807449984,0.042798219957034436,-2.1778169148281696,-2.172282122196511,0.0294196700820932,0.029834389663741835,0.04,0.031,0.033,True,999,0.00011133390944451094,0.0008386250119656324,power_2x2_bal_strong_200,power,True,750,3125563158,-0.050000000000000266,0,0
200,200,0.06768889193782013,0.19316587435009408,0.0651397467007655,0.1903528769452265,-0.12547698241227395,-0.125213130244461,0.05175988758674041,-2.42421280768813,-2.419115189047232,0.015341612440557803,0.01555831255362005,0.02,0.016,0.016,True,999,0.00011562509462237358,0.0008750839624553919,power_2x2_bal_strong_200,power,True,751,3125563158,-0.050000000000000266,0,0
200,200,0.05611638935139773,0.12565278365206373,0.05356889481893745,0.12297183596912475,-0.069536394300666,-0.0694029411501873,0.04400568372312589,-1.5801684786486614,-1.5771358442435615,0.114068288382565,0.11476427111973841,0.14,0.131,0.131,True,999,0.0001190409529954195,0.0008610830409452319,power_2x2_bal_strong_200,power,True,752,3125563158,-0.050000000000000266,0,0
200,200,0.05543976623825653,0.12355566838677273,0.05289321787188328,0.12076562699228077,-0.0681159021485162,-0.06787240912039749,0.045487117626720905,-1.4974767736987202,-1.4921237629822162,0.1342692447057565,0.135666703378662,0.158,0.122,0.123,True,999,0.00011987506877630949,0.0008538749534636736,power_2x2_bal_strong_200,power,True,753,3125563158,-0.050000000000000266,0,0
200,200,0.06769898213164183,0.08697858405690989,0.0651494185200363,0.08408200207265537,-0.019279601925268064,-0.018932583552619064,0.04345684423702145,-0.4436493782225337,-0.43566402220458866,0.6572960998139017,0.6630805126827877,0.711,0.671,0.677,True,999,0.00012512505054473877,0.0008467499865218997,power_2x2_bal_strong_200,power,True,754,3125563158,-0.050000000000000266,0,0
200,200,0.03225972540579247,0.09833333210527673,0.029716511856861416,0.09563701582992223,-0.06607360669948426,-0.06592050397306082,0.03915842706501705,-1.6873406735612322,-1.6834308452586493,0.0915378643123959,0.09229171625059919,0.134,0.096,0.097,True,999,0.00011520797852426767,0.0008365840185433626,power_2x2_bal_strong_200,power,True,755,3125563158,-0.050000000000000266,0,0
200,200,0.03417086662255686,0.08576686038246456,0.03162785624766684,0.08305158823088732,-0.0515959937599077,-0.05142373198322048,0.03797251918541378,-1.3587719452579023,-1.3542354599158029,0.17421886591092262,0.17566126935217152,0.236,0.183,0.183,True,999,0.00011579098645597696,0.0008600420551374555,power_2x2_bal_strong_200,power,True,756,3125563158,-0.050000000000000266,0,0
200,200,0.02934891958762631,0.10659218358936362,0.02680643720557896,0.10389721916361339,-0.07724326400173731,-0.07709078195803443,0.03979129713146554,-1.9412100024418677,-1.9373779573793732,0.052232810371410685,0.05269915908415551,0.071,0.049,0.05,True,999,0.00011783302761614323,0.0008506668964400887,power_2x2_bal_strong_200,power,True,757,3125563158,-0.050000000000000266,0,0
200,200,0.04904901032452613,0.07097575019930052,0.046501761273958664,0.06778751687782147,-0.021926739874774392,-0.02128575560386281,0.03940929776390741,-0.5563849426125975,-0.5401201445248066,0.5779477301220963,0.5891141791294492,0.689,0.623,0.634,True,999,0.00011991697829216719,0.0008580000139772892,power_2x2_bal_strong_200,power,True,758,3125563158,-0.050000000000000266,0,0
200,200,0.028900848140456015,0.05620641853428826,0.026356256151018442,0.05348435046498423,-0.027305570393832246,-0.02712809431396579,0.03235054098043806,-0.844052976126228,-0.8385669448424304,0.3986398030793976,0.40171236633866736,0.529,0.442,0.445,True,999,0.0001217500539496541,0.0008419580990448594,power_2x2_bal_strong_200,power,True,759,3125563158,-0.050000000000000266,0,0
200,200,0.06423198976048061,0.12314109221879599,0.06167864226313213,0.12026627829649783,-0.05890910245831538,-0.0585876360333657,0.04448863137460351,-1.3241383391250792,-1.316912528507466,0.18545710466910315,0.1878679464632812,0.249,0.201,0.202,True,999,0.00011745910160243511,0.0008704159408807755,power_2x2_bal_strong_200,power,True,760,3125563158,-0.050000000000000266,0,0
200,200,0.024236961247349198,0.10370638498886492,0.021695407623667506,0.10096153845594813,-0.07946942374151572,-0.07926613083228062,0.03951507036975741,-2.011116847265875,-2.0059721541821274,0.04431311607204235,0.044859219005664475,0.063,0.041,0.041,True,999,0.00011633289977908134,0.0008670830866321921,power_2x2_bal_strong_200,power,True,761,3125563158,-0.050000000000000266,0,0
200,200,0.04884187391745187,0.14669746512882303,0.04629625647376656,0.14353440457927036,-0.09785559121137116,-0.0972381481055038,0.04732539765156166,-2.067718309138013,-2.054671549121048,0.03866651921377787,0.03991073973609695,0.066,0.051,0.052,True,999,0.00011600006837397814,0.0009149159304797649,power_2x2_bal_strong_200,power,True,762,3125563158,-0.050000000000000266,0,0
200,200,0.07622523373800028,0.16901958436919906,0.07367458687593853,0.16580280471787034,-0.09279435063119879,-0.09212821784193181,0.05198414580101099,-1.7850509843213413,-1.772236831486805,0.07425304742466549,0.07635525206878944,0.097,0.08,0.08,True,999,0.00013525004032999277,0.0008928329916670918,power_2x2_bal_strong_200,power,True,763,3125563158,-0.050000000000000266,0,0
200,200,0.04823665791694387,0.07354260305368904,0.04569114864381163,0.07083216561148475,-0.025305945136745167,-0.025141016967673124,0.03776006668994555,-0.670177448163338,-0.6658096547898174,0.5027446782756799,0.5055327729426362,0.607,0.513,0.515,True,999,0.00012099999003112316,0.0008579590357840061,power_2x2_bal_strong_200,power,True,764,3125563158,-0.050000000000000266,0,0
200,200,0.04058161549074302,0.12577002163492657,0.03803585781139418,0.12308635800808077,-0.08518840614418355,-0.08505050019668658,0.04282019632384337,-1.9894445485470251,-1.9862239666876147,0.04665215663908843,0.047008460792255735,0.052,0.044,0.044,True,999,0.00011687492951750755,0.0008391250157728791,power_2x2_bal_strong_200,power,True,765,3125563158,-0.050000000000000266,0,0
200,200,0.021751111166624093,0.06958485096707728,0.01920973214953392,0.06688867018104361,-0.04783373980045319,-0.04767893803150969,0.03351527883513507,-1.4272218958926772,-1.4226030541487376,0.15351594510091437,0.15485125814112136,0.205,0.143,0.145,True,999,0.00011587503831833601,0.0008419159566983581,power_2x2_bal_strong_200,power,True,766,3125563158,-0.050000000000000266,0,0
200,200,0.037313620426338456,0.06958485096707717,0.034769783166638035,0.06688867018104361,-0.032271230540738716,-0.03211888701440557,0.035626615931891766,-0.9058180154531764,-0.9015418999044984,0.365032183891125,0.3673002664574462,0.475,0.37,0.37,True,999,0.00011712498962879181,0.0008655830752104521,power_2x2_bal_strong_200,power,True,767,3125563158,-0.050000000000000266,0,0
200,200,0.07548426499278293,0.08851570136629522,0.07293317816376543,0.08580228971817405,-0.013031436373512284,-0.012869111554408619,0.04245086427252474,-0.30697693902893175,-0.3031531106597005,0.7588609252983803,0.7617731808126933,0.809,0.772,0.777,True,999,0.00012354191858321428,0.0008383340900763869,power_2x2_bal_strong_200,power,True,768,3125563158,-0.050000000000000266,0,0
200,200,0.060851384353254545,0.08953030967576947,0.05830267303980463,0.08687115684014657,-0.028678925322514925,-0.028568483800341937,0.04060741420378027,-0.7062484988232792,-0.7035287609542596,0.4800336147488806,0.48172628955962704,0.527,0.464,0.464,True,999,0.00012991600669920444,0.0008184999460354447,power_2x2_bal_strong_200,power,True,769,3125563158,-0.050000000000000266,0,0
200,200,0.07206418360108402,0.12999571045398173,0.0695141556901433,0.127181754595469,-0.05793152685289771,-0.05766759890532569,0.04729626568171192,-1.2248647122112672,-1.219284399605867,0.2206261979510622,0.22273626763988552,0.288,0.253,0.253,True,999,0.0001317920396104455,0.0009127079974859953,power_2x2_bal_strong_200,power,True,770,3125563158,-0.050000000000000266,0,0
200,200,0.0457721906250389,0.07040788367879558,0.04322579743126198,0.06760964767359923,-0.02463569305375668,-0.024383850242337246,0.03691427355795798,-0.6673758055966326,-0.6605534361675275,0.5045321161768861,0.5088987389485902,0.561,0.485,0.487,True,999,0.00011845910921692848,0.0008504169527441263,power_2x2_bal_strong_200,power,True,771,3125563158,-0.050000000000000266,0,0
200,200,0.026938575407718046,0.08199335845734018,0.02439635687207442,0.07931465194302234,-0.055054783049622136,-0.05491829507094792,0.03595048635229415,-1.5314057926815463,-1.5276092382389523,0.12566913334420357,0.12660958668889863,0.169,0.11,0.112,True,999,0.00012141698971390724,0.0008333750301972032,power_2x2_bal_strong_200,power,True,772,3125563158,-0.050000000000000266,0,0
200,200,0.042215692182436815,0.05569875770930044,0.039671283502229926,0.05300828891696341,-0.013483065526863625,-0.013337005414733483,0.033687374332961734,-0.4002409149967794,-0.3959051626556648,0.688979081731228,0.6921749923524225,0.762,0.704,0.705,True,999,0.00011725001968443394,0.0008549999911338091,power_2x2_bal_strong_200,power,True,773,3125563158,-0.050000000000000266,0,0
200,200,0.06745856895035607,0.18358034121280292,0.064908987414384,0.1807165073213639,-0.11612177226244685,-0.1158075199069799,0.05142760437567504,-2.2579658078993035,-2.2518552305297774,0.023947791220234955,0.024331422092788466,0.028,0.021,0.021,True,999,0.0001152080949395895,0.0008459580130875111,power_2x2_bal_strong_200,power,True,774,3125563158,-0.050000000000000266,0,0
200,200,0.06838648036082673,0.056793352381056816,0.06583669765694822,0.0540929099519758,0.011593127979769913,0.01174378770497242,0.03715363174052215,0.31203216042876636,0.3160872074899716,0.7550160821783128,0.7519363163002826,0.811,0.749,0.746,True,999,0.00011741695925593376,0.000834041042253375,power_2x2_bal_strong_200,power,True,775,3125563158,-0.050000000000000266,0,0
200,200,0.06622809013733844,0.09973162056773316,0.06367975152406302,0.09695442347350536,-0.03350353043039472,-0.033274671949442336,0.043843550544857,-0.7641609772483356,-0.7589410879348951,0.444771318025337,0.44788779871227,0.518,0.455,0.456,True,999,0.00011604197788983583,0.0008988330373540521,power_2x2_bal_strong_200,power,True,776,3125563158,-0.050000000000000266,0,0
200,200,0.03988273771973183,0.20903518917953323,0.037338528990574105,0.20613766783196752,-0.1691524514598014,-0.16879913884139341,0.05059588441132878,-3.343205745444524,-3.3362227146601295,0.0008281647282369389,0.0008492509961623129,0.001,0.001,0.001,True,999,0.00011683302000164986,0.0008884579874575138,power_2x2_bal_strong_200,power,True,777,3125563158,-0.050000000000000266,0,0
200,200,0.07385998717818298,0.1869243064751127,0.07131026046542388,0.1836551210196049,-0.11306431929692973,-0.11234486055418103,0.05312494627115008,-2.1282716921697893,-2.1147289256684063,0.033314563727268966,0.03445305755650812,0.043,0.028,0.03,True,999,0.00012066599447280169,0.0008304169168695807,power_2x2_bal_strong_200,power,True,778,3125563158,-0.050000000000000266,0,0
200,200,0.03472201125249641,0.03617656816955306,0.03217773505187438,0.03344145188587078,-0.0014545569170566486,-0.0012637168339963978,0.028966232698774807,-0.0502156056047348,-0.0436272416623184,0.959950575768579,0.9652015366598078,0.969,0.955,0.959,True,999,0.00016729196067899466,0.0008334580343216658,power_2x2_bal_strong_200,power,True,779,3125563158,-0.050000000000000266,0,0
200,200,0.029057711335407355,0.07195350950312268,0.026515172108020124,0.06912828714934705,-0.04289579816771533,-0.04261311504132692,0.03588595978285263,-1.1953365167681038,-1.187459254237049,0.2319555779478476,0.235046519394991,0.305,0.201,0.207,True,999,0.00011224998161196709,0.0008267919765785336,power_2x2_bal_strong_200,power,True,780,3125563158,-0.050000000000000266,0,0
200,200,0.07821928979090931,0.11010926202058174,0.07566761873079031,0.10726777592358872,-0.031889972229672436,-0.031600157192798406,0.04652603286906368,-0.6854221231244686,-0.6791930290237606,0.49307758765999155,0.49701556364578936,0.568,0.518,0.522,True,999,0.00011816690675914288,0.0008330000564455986,power_2x2_bal_strong_200,power,True,781,3125563158,-0.050000000000000266,0,0
200,200,0.08667012209910274,0.12543440820218787,0.084118011619978,0.1227534072325227,-0.03876428610308513,-0.0386353956125447,0.047254635186731876,-0.8203276980110799,-0.817600124514192,0.412029320576503,0.41358555642254635,0.472,0.428,0.429,True,999,0.0001170419855043292,0.0008337090257555246,power_2x2_bal_strong_200,power,True,782,3125563158,-0.050000000000000266,0,0
200,200,0.02009388776742882,0.06001699432939128,0.017552717596515777,0.057342632469541854,-0.03992310656196246,-0.03978991487302608,0.03110653661791453,-1.2834314231874464,-1.2791496321744387,0.19934097079095725,0.20084436869022715,0.279,0.196,0.196,True,999,0.00011683302000164986,0.0008349999552592635,power_2x2_bal_strong_200,power,True,783,3125563158,-0.050000000000000266,0,0
200,200,0.07805858045708458,0.0675921129018151,0.07550817246382735,0.064922106530517,0.010466467555269476,0.010586065933310351,0.039663959690661964,0.2638785344906848,0.2668938254241574,0.791873516565026,0.7895509108607379,0.81,0.769,0.769,True,999,0.00012070802040398121,0.0008401660015806556,power_2x2_bal_strong_200,power,True,784,3125563158,-0.050000000000000266,0,0
200,200,0.07686211195978021,0.04702200698630399,0.07430956875384709,0.044295724685397886,0.029840104973476222,0.030013844068449202,0.0368523650944101,0.8097202146193454,0.8144346771654504,0.4181009971960583,0.4153959797430201,0.549,0.426,0.424,True,999,0.00011745898518711329,0.0008886249270290136,power_2x2_bal_strong_200,power,True,785,3125563158,-0.050000000000000266,0,0
200,200,0.059390076820528215,0.056793352381056816,0.05684228227559629,0.0540929099519758,0.0025967244394713984,0.0027493723236204914,0.03606463408743102,0.07200196273102878,0.07623458252633936,0.9426003458739631,0.9392324698553486,0.966,0.937,0.937,True,999,0.00011699995957314968,0.0008508750470355153,power_2x2_bal_strong_200,power,True,786,3125563158,-0.050000000000000266,0,0
200,200,0.05914953829861713,0.047504863544160614,0.056602331038078546,0.04477277391286805,0.011644674754456519,0.0118295571252105,0.03486203004562706,0.33402170611453463,0.3393249650042783,0.7383631793245149,0.7343649377530095,0.798,0.747,0.735,True,999,0.00011733302380889654,0.0008859169902279973,power_2x2_bal_strong_200,power,True,787,3125563158,-0.050000000000000266,0,0
200,200,0.05226037096639202,0.08063635771972599,0.049713766764909906,0.07790736853960567,-0.02837598675333397,-0.028193601774695765,0.0396025977283126,-0.7165183190255086,-0.7119129398559544,0.47367136011831146,0.4765186887620412,0.572,0.48,0.483,True,999,0.00012125005014240742,0.0008294170256704092,power_2x2_bal_strong_200,power,True,788,3125563158,-0.050000000000000266,0,0
200,200,0.06830716032453021,0.19001970163253618,0.0657570076277807,0.1868003973629584,-0.12171254130800596,-0.1210433897351777,0.05244779549480031,-2.32064170018495,-2.307883269320213,0.020306189625832693,0.0210056298545995,0.026,0.021,0.021,True,999,0.00010954099707305431,0.0008287500822916627,power_2x2_bal_strong_200,power,True,789,3125563158,-0.050000000000000266,0,0
200,200,0.036494532270541113,0.08543112649414442,0.03395079935981471,0.08271963409592331,-0.0489365942236033,-0.0487688347361086,0.03821701732561032,-1.2804922426745606,-1.2761025885562032,0.2003720712242778,0.20191925668804178,0.267,0.192,0.192,True,999,0.00011529098264873028,0.0008448329754173756,power_2x2_bal_strong_200,power,True,790,3125563158,-0.050000000000000266,0,0
200,200,0.06200633350202889,0.0731082511954878,0.059455219925354186,0.07043846076315674,-0.011101917693458918,-0.010983240837802555,0.038467827118671964,-0.2886026720253752,-0.2855175782068382,0.7728854504962408,0.7752476391710259,0.819,0.773,0.773,True,999,0.00011433300096541643,0.0008287089876830578,power_2x2_bal_strong_200,power,True,791,3125563158,-0.050000000000000266,0,0
200,200,0.04261157015238448,0.08507544434535969,0.040067132429783214,0.08232630855258094,-0.042463874192975204,-0.042259176122797726,0.039308969542459056,-1.0802591542652478,-1.0750517404724143,0.2800267931194814,0.28235156411496076,0.346,0.266,0.274,True,999,0.00011329201515763998,0.0008374160388484597,power_2x2_bal_strong_200,power,True,792,3125563158,-0.050000000000000266,0,0
200,200,0.06583099171379092,0.020105172113272174,0.06328218356904358,0.017285989451359285,0.04572581960051875,0.0459961941176843,0.029929190126534493,1.5278000977373372,1.5368339043997448,0.12656217800484112,0.12433398850760446,0.299,0.114,0.112,True,999,0.00011575000826269388,0.0008583749877288938,power_2x2_bal_strong_200,power,True,793,3125563158,-0.050000000000000266,0,0
200,200,0.04717299433205269,0.07673807657010379,0.04462677103066426,0.073965774726382,-0.0295650822380511,-0.029339003695717736,0.03864310536591104,-0.7650803929471955,-0.7592299691732097,0.4442236744885236,0.44771500147130283,0.511,0.446,0.449,True,999,0.00011950009502470493,0.0008668749360367656,power_2x2_bal_strong_200,power,True,794,3125563158,-0.050000000000000266,0,0
200,200,0.04516710103441712,0.10035087876479976,0.04262216500299587,0.09763381060794529,-0.05518377773038263,-0.05501164560494942,0.040849487971348394,-1.3509050044663529,-1.3466911909283732,0.1767258649220398,0.17807971056263583,0.259,0.19,0.191,True,999,0.00011424999684095383,0.0008552500512450933,power_2x2_bal_strong_200,power,True,795,3125563158,-0.050000000000000266,0,0
200,200,0.04196624320802245,0.17913336809241143,0.039421553720785596,0.17618728308357845,-0.13716712488438898,-0.13676572936279285,0.04953823149351382,-2.7689144474676826,-2.760811705211963,0.005624340174114394,0.005765790802732761,0.001,0.001,0.001,True,999,0.00014199991710484028,0.0008543330477550626,power_2x2_bal_strong_200,power,True,796,3125563158,-0.050000000000000266,0,0
200,200,0.048898697782679856,0.09869760218705226,0.046353264574406694,0.0959735872945231,-0.0497989044043724,-0.049620322720116405,0.041517320250422596,-1.1994729935361257,-1.195171615624959,0.23034407977882987,0.23201998600062068,0.289,0.216,0.216,True,999,0.00011412508320063353,0.0008165829349309206,power_2x2_bal_strong_200,power,True,797,3125563158,-0.050000000000000266,0,0
200,200,0.05533724845157284,0.11959217275570433,0.052790205758043385,0.11688666924187885,-0.06425492430413149,-0.06409646348383546,0.0441963300193079,-1.4538520342313639,-1.4502666501004464,0.1459873335540012,0.1469841752442836,0.199,0.146,0.146,True,999,0.00011370889842510223,0.0008228749502450228,power_2x2_bal_strong_200,power,True,798,3125563158,-0.050000000000000266,0,0
200,200,0.025265309329431163,0.11238122814431029,0.022722800843808955,0.10964358400912033,-0.08711591881487912,-0.08692078316531138,0.0406484325698473,-2.1431556718745672,-2.1383551017853653,0.03210060038019426,0.03248793355249323,0.057,0.031,0.031,True,999,0.0001200829865410924,0.0008485419675707817,power_2x2_bal_strong_200,power,True,799,3125563158,-0.050000000000000266,0,0
200,200,0.01882428072437292,0.08989680032254477,0.016282994466166656,0.08722030580713636,-0.07107251959817185,-0.0709373113409697,0.03598432748634754,-1.9750965090326273,-1.9713390883262532,0.04825719693635491,0.048685103185554704,0.062,0.045,0.046,True,999,0.00011374999303370714,0.0008296250598505139,power_2x2_bal_strong_200,power,True,800,3125563158,-0.050000000000000266,0,0
200,200,0.08655374416726869,0.10370638498886492,0.08400162778281128,0.10096153845594813,-0.017152640821596232,-0.016959910673136847,0.045977825700680125,-0.3730633312949921,-0.3688715247986589,0.709101309143365,0.7122234888610752,0.75,0.71,0.711,True,999,0.00011616700794547796,0.0008526250021532178,power_2x2_bal_strong_200,power,True,801,3125563158,-0.050000000000000266,0,0
200,200,0.04073312564765297,0.11703997924949644,0.03818842840357206,0.11410578440240471,-0.07630685360184347,-0.07591735599883265,0.043794651413663205,-1.7423783758679947,-1.7334846504828598,0.08144225719039823,0.08300956338965788,0.113,0.074,0.076,True,999,0.00011441705282777548,0.000878083985298872,power_2x2_bal_strong_200,power,True,802,3125563158,-0.050000000000000266,0,0
200,200,0.07989171069946477,0.07520270673097873,0.0773393512059215,0.07245561847250315,0.0046890039684860385,0.0048837327334183556,0.042014278043589245,0.11160501112553357,0.1162398346664805,0.9111365985459127,0.9074624672157241,0.94,0.918,0.915,True,999,0.00011424999684095383,0.0008641659514978528,power_2x2_bal_strong_200,power,True,803,3125563158,-0.050000000000000266,0,0
200,200,0.04813867523791271,0.07792438230488541,0.04559127644631644,0.07519379888330491,-0.0297857070669727,-0.029602522436988465,0.03852021350866148,-0.773248753158526,-0.7684932076072781,0.43937517815775484,0.4421942245031125,0.537,0.456,0.456,True,999,0.00011354195885360241,0.0008797920309007168,power_2x2_bal_strong_200,power,True,804,3125563158,-0.050000000000000266,0,0
200,200,0.04537437645843878,0.10229363373204048,0.042829466285667195,0.09960742940134537,-0.0569192572736017,-0.056777963115678176,0.040935025057308595,-1.3904781344072796,-1.3870264653848297,0.16438373453812216,0.16543369291445553,0.199,0.151,0.153,True,999,0.00011795898899435997,0.0008257920853793621,power_2x2_bal_strong_200,power,True,805,3125563158,-0.050000000000000266,0,0
200,200,0.028871724091354745,0.10166121895134361,0.026327791149640234,0.09884509442001388,-0.07278949485998887,-0.07251730327037365,0.03997109981976017,-1.821053090563311,-1.8142433807769254,0.06859878698328607,0.0696402641394634,0.097,0.064,0.066,True,999,0.00011479202657938004,0.0008374589961022139,power_2x2_bal_strong_200,power,True,806,3125563158,-0.050000000000000266,0,0
200,200,0.013188140071065946,0.09973162056773316,0.010647225701205798,0.09695442347350536,-0.08654348049666721,-0.08630719777229956,0.03787928700176589,-2.284717779736262,-2.278479998007249,0.022329381406989385,0.022697994891260776,0.023,0.018,0.019,True,999,0.00011429190635681152,0.0008636250859126449,power_2x2_bal_strong_200,power,True,807,3125563158,-0.050000000000000266,0,0
200,200,0.0908119633560529,0.12022751020665579,0.08825886524562065,0.11738667198082453,-0.02941554685060288,-0.029127806735203876,0.04858918436999639,-0.6053928921014541,-0.5994709957138151,0.5449179727143711,0.5488588459268543,0.582,0.546,0.549,True,999,0.00011383299715816975,0.0008495419751852751,power_2x2_bal_strong_200,power,True,808,3125563158,-0.050000000000000266,0,0
200,200,0.05309710269820411,0.0633785744145558,0.05054893347642064,0.060570594493476904,-0.010281471716351687,-0.01002166101705626,0.03776048460803034,-0.2722812438208268,-0.2654007521642083,0.7854057768655237,0.790700756788672,0.837,0.801,0.805,True,999,0.0001190409529954195,0.0008663330227136612,power_2x2_bal_strong_200,power,True,809,3125563158,-0.050000000000000266,0,0
200,200,0.05458401855324424,0.07788419517379769,0.05203529069706292,0.07519174356411895,-0.023300176620553448,-0.023156452867056032,0.03890846512653499,-0.5988459463712712,-0.5951520521754964,0.5492756197961726,0.5517418373398268,0.619,0.561,0.563,True,999,0.00011487491428852081,0.0008794589666649699,power_2x2_bal_strong_200,power,True,810,3125563158,-0.050000000000000266,0,0
200,200,0.07113378352216615,0.05112621522332017,0.0685837303693404,0.04841453354796954,0.02000756829884598,0.02016919682137086,0.0366613983021872,0.5457393668929518,0.5501480509587541,0.5852451072827659,0.5822178313782413,0.673,0.585,0.583,True,999,0.0001139170490205288,0.0008717919699847698,power_2x2_bal_strong_200,power,True,811,3125563158,-0.050000000000000266,0,0
200,200,0.06289707897789576,0.09414091661068841,0.060349141782637616,0.09134735679780448,-0.031243837632792648,-0.030998215015166863,0.04310502105256843,-0.7248305851582683,-0.7191323483490056,0.4685559698161378,0.4720593776996165,0.528,0.472,0.476,True,999,0.00011395791079849005,0.0008505000732839108,power_2x2_bal_strong_200,power,True,812,3125563158,-0.050000000000000266,0,0
200,200,0.037656303357771814,0.12348039914272396,0.03511220662642245,0.12078056466107512,-0.08582409578495215,-0.08566835803465267,0.042486224588173326,-2.020045240942462,-2.0163796351653174,0.04337869503553732,0.043760293354027306,0.061,0.04,0.041,True,999,0.00014062505215406418,0.0008416660130023956,power_2x2_bal_strong_200,power,True,813,3125563158,-0.050000000000000266,0,0
200,200,0.07727364485451504,0.13278868944594086,0.0747231888969111,0.1298694589020073,-0.05551504459142581,-0.0551462700050962,0.04840768649985148,-1.1468229243220731,-1.1392048245326782,0.25145481268574577,0.2546177337784311,0.289,0.261,0.263,True,999,0.00011445896234363317,0.0008462090045213699,power_2x2_bal_strong_200,power,True,814,3125563158,-0.050000000000000266,0,0
200,200,0.07360684375430881,0.05784672417510395,0.07105662001649193,0.055196621990518224,0.015760119579204868,0.01585999802597371,0.03743822250452165,0.42096335041818345,0.4236311706320512,0.6737818442608174,0.6718348190881818,0.752,0.691,0.691,True,999,0.00011095800437033176,0.000844458001665771,power_2x2_bal_strong_200,power,True,815,3125563158,-0.050000000000000266,0,0
200,200,0.11062672198880252,0.10371387606040083,0.10806937225279967,0.10087000203637331,0.00691284592840169,0.0071993702164263595,0.04889485341216583,0.14138187244634753,0.14724188158901483,0.8875682741108637,0.8829411041059589,0.903,0.882,0.879,True,999,0.0001129580195993185,0.0008531659841537476,power_2x2_bal_strong_200,power,True,816,3125563158,-0.050000000000000266,0,0
200,200,0.026976544167512717,0.10370638498886492,0.024430666197787332,0.10096153845594813,-0.0767298408213522,-0.0765308722581608,0.0398794233416473,-1.9240458961506821,-1.91905664238222,0.05434883083457161,0.054977165814510266,0.125,0.064,0.064,True,999,0.00011333299335092306,0.000835041981190443,power_2x2_bal_strong_200,power,True,817,3125563158,-0.050000000000000266,0,0
200,200,0.02185662943233513,0.1424369534459019,0.019315151173060485,0.1397662642323354,-0.12058032401356678,-0.12045111305927492,0.042052240799961844,-2.8673935495412692,-2.864320920072925,0.0041386800729388915,0.004179043803284973,0.004,0.004,0.004,True,999,0.00011370901484042406,0.000867208931595087,power_2x2_bal_strong_200,power,True,818,3125563158,-0.050000000000000266,0,0
200,200,0.033015960211815853,0.1041093846775864,0.030472603577521795,0.10131761707556564,-0.07109342446577055,-0.07084501349804384,0.041091330320682594,-1.7301319745782708,-1.7240866368929715,0.08360669864819488,0.08469220410169136,0.133,0.085,0.085,True,999,0.00011399993672966957,0.0008485839935019612,power_2x2_bal_strong_200,power,True,819,3125563158,-0.050000000000000266,0,0
200,200,0.04487155527859077,0.11905586957314218,0.04232662455666514,0.11636316606839614,-0.07418431429455141,-0.074036541511731,0.042623773143219336,-1.7404445647100761,-1.7369776547693752,0.081780986075215,0.08239111511058364,0.104,0.082,0.082,True,999,0.00012333295308053493,0.0008434170158579946,power_2x2_bal_strong_200,power,True,820,3125563158,-0.050000000000000266,0,0
200,200,0.043254101319669225,0.1692007458279115,0.040708039659364204,0.16641057748879007,-0.12594664450824228,-0.12570253782942586,0.047941511501103894,-2.627089563192897,-2.621997803021531,0.008611866373061513,0.008741599451294688,0.021,0.01,0.011,True,999,0.00011304195504635572,0.00085575005505234,power_2x2_bal_strong_200,power,True,821,3125563158,-0.050000000000000266,0,0
200,200,0.06464330682720554,0.09674195034917127,0.06209484268134702,0.09403034238123098,-0.03209864352196573,-0.03193549969988396,0.042329707630939045,-0.7583006195512826,-0.7544464983864455,0.4482710364793391,0.4505811598039451,0.533,0.462,0.463,True,999,0.00011429190635681152,0.0008460410172119737,power_2x2_bal_strong_200,power,True,822,3125563158,-0.050000000000000266,0,0
200,200,0.06588127827209056,0.07868483662258768,0.06333208444721095,0.07583633703627868,-0.012803558350497124,-0.012504252589067733,0.04166137570553145,-0.3073244254101089,-0.3001401748576325,0.7585964459036918,0.7640702359051091,0.808,0.768,0.769,True,999,0.00011416594497859478,0.000841583008877933,power_2x2_bal_strong_200,power,True,823,3125563158,-0.050000000000000266,0,0
200,200,0.06313719620271796,0.07354260305368893,0.060588532703860665,0.07083216561148475,-0.010405406850970966,-0.01024363290762409,0.03945693505088975,-0.26371553790355357,-0.2596155249872379,0.791999121741973,0.7951603596494,0.823,0.777,0.785,True,999,0.00011750007979571819,0.0008390839211642742,power_2x2_bal_strong_200,power,True,824,3125563158,-0.050000000000000266,0,0
200,200,0.024381062926291053,0.1950147600367768,0.02183954258441645,0.1920771837675801,-0.17063369711048576,-0.17023764118316365,0.04796559194219665,-3.557418770441038,-3.5491616863254203,0.00037451685733949815,0.0003864597069687208,0.001,0.001,0.001,True,999,0.0001479999627918005,0.0008300830377265811,power_2x2_bal_strong_200,power,True,825,3125563158,-0.050000000000000266,0,0
200,200,0.051693960574832776,0.11338416242149629,0.0491478568150967,0.11060364921283394,-0.06169020184666352,-0.06145579239773724,0.04413207136909926,-1.397854211979233,-1.3925426677517756,0.16215685091332643,0.16375813045743703,0.211,0.17,0.171,True,999,0.00012262491509318352,0.0008379160426557064,power_2x2_bal_strong_200,power,True,826,3125563158,-0.050000000000000266,0,0
200,200,0.020970449692347848,0.10602788921861317,0.018428025960730565,0.10334982820899086,-0.08505743952626532,-0.08492180224826029,0.0382963081170335,-2.2210349693847724,-2.217493184688699,0.026348592974091072,0.026589408263979857,0.019,0.018,0.018,True,999,0.00011854199692606926,0.0008782499935477972,power_2x2_bal_strong_200,power,True,827,3125563158,-0.050000000000000266,0,0
200,200,0.08216918897959335,0.0984184899574237,0.0796174317780185,0.09550852086153583,-0.01624930097783034,-0.01589108908351733,0.0453133002692453,-0.3585989297023007,-0.35069370337394756,0.7198951475867711,0.7258181498971796,0.758,0.71,0.711,True,999,0.0001188330352306366,0.0008523330325260758,power_2x2_bal_strong_200,power,True,828,3125563158,-0.050000000000000266,0,0
200,200,0.0651467722387663,0.09404395726781656,0.06259201521669411,0.09130332541649011,-0.028897185029050254,-0.028711310199796003,0.042801773336098345,-0.6751399013806473,-0.6707972114693046,0.49958688498507375,0.5023497241386394,0.56,0.521,0.523,True,999,0.00012137496378272772,0.00086695805657655,power_2x2_bal_strong_200,power,True,829,3125563158,-0.050000000000000266,0,0
200,200,0.07082061960866504,0.10420758984327955,0.06827101382495471,0.10148373326367732,-0.03338697023461451,-0.033212719438722615,0.04413150374604952,-0.7565337094955251,-0.7525852649354983,0.44932926944242735,0.4516991749327006,0.506,0.454,0.459,True,999,0.00014008395373821259,0.0008295000297948718,power_2x2_bal_strong_200,power,True,830,3125563158,-0.050000000000000266,0,0
200,200,0.039532233436264,0.07557956422524559,0.03698833182886574,0.07282666416165995,-0.03604733078898159,-0.03583833233279421,0.03759336208443576,-0.9588748861572493,-0.9533154351105999,0.337621777797238,0.3404302732936473,0.454,0.37,0.374,True,999,0.00011450005695223808,0.0008354169549420476,power_2x2_bal_strong_200,power,True,831,3125563158,-0.050000000000000266,0,0
200,200,0.04865239804836774,0.11543774927510775,0.04610675893857774,0.11273723762074894,-0.06678535122674001,-0.0666304786821712,0.04287537876439634,-1.5576620697330954,-1.5540499140150121,0.11931337645102028,0.12017251097144516,0.161,0.115,0.115,True,999,0.00011670798994600773,0.0008347500115633011,power_2x2_bal_strong_200,power,True,832,3125563158,-0.050000000000000266,0,0
200,200,0.045995053488897764,0.09634653394738929,0.043449877133411974,0.09322921551564889,-0.05035148045849153,-0.049779338382236915,0.040712147448248026,-1.2367679823938718,-1.2227146319293232,0.2161732318469416,0.221437498538398,0.296,0.222,0.23,True,999,0.00011291704140603542,0.0008437499636784196,power_2x2_bal_strong_200,power,True,833,3125563158,-0.050000000000000266,0,0
200,200,0.028417379406732723,0.037000458932937796,0.02587163663241654,0.03430319517234892,-0.008583079526205073,-0.008431558539932382,0.027729171814066044,-0.3095324874380552,-0.304068170389977,0.756916503301358,0.7610759557593008,0.833,0.77,0.771,True,999,0.00011225009802728891,0.000833250000141561,power_2x2_bal_strong_200,power,True,834,3125563158,-0.050000000000000266,0,0
200,200,0.011242976454342135,0.08996732864739054,0.008702446223765037,0.0872691625048958,-0.07872435219304841,-0.07856671628113077,0.03537052617122132,-2.225704865456631,-2.221248162970653,0.02603395665423267,0.02633415770675183,0.028,0.023,0.023,True,999,0.00011670903768390417,0.0008656668942421675,power_2x2_bal_strong_200,power,True,835,3125563158,-0.050000000000000266,0,0
200,200,0.07622523373800028,0.25209270967162384,0.07367458687593853,0.24693834557854188,-0.17586747593362356,-0.17326375870260335,0.05511742963266464,-3.1907778919610204,-3.1435384388810617,0.001418903139072772,0.0016691849151423336,0.001,0.001,0.001,True,999,0.00011975003872066736,0.0008535420056432486,power_2x2_bal_strong_200,power,True,836,3125563158,-0.050000000000000266,0,0
200,200,0.03986288727635112,0.1306144178363855,0.03731887480344653,0.1278719775671675,-0.09075153056003438,-0.09055310276372097,0.04408414830153893,-2.0585977966339963,-2.0540966821981193,0.03953278401438971,0.03996633512252994,0.055,0.038,0.038,True,999,0.0001145839923992753,0.000857542036101222,power_2x2_bal_strong_200,power,True,837,3125563158,-0.050000000000000266,0,0
200,200,0.08309855161587132,0.06999212651979109,0.08054637570467094,0.06706191112651538,0.013106425096080232,0.013484464578155553,0.042133306588221495,0.31107041334714935,0.3200428751045421,0.7557470928201441,0.7489358288294659,0.798,0.754,0.748,True,999,0.00011508294846862555,0.0008760419441387057,power_2x2_bal_strong_200,power,True,838,3125563158,-0.050000000000000266,0,0
200,200,0.029005663938671544,0.13962961086209974,0.026463426024861292,0.13688349128300104,-0.1106239469234282,-0.11042006525813974,0.04314263026195723,-2.564144704477496,-2.5594189456619,0.010343041306137331,0.010484730259670862,0.012,0.008,0.008,True,999,0.00011554092634469271,0.0008322920184582472,power_2x2_bal_strong_200,power,True,839,3125563158,-0.050000000000000266,0,0
200,200,0.022814043335439238,0.10486325196794255,0.020272035367469243,0.10215296524241069,-0.08204920863250331,-0.08188092987494144,0.03852663069565973,-2.129675166267438,-2.1253073107212006,0.03319844061439219,0.03356097865610734,0.059,0.034,0.034,True,999,0.00011354195885360241,0.0008309590630233288,power_2x2_bal_strong_200,power,True,840,3125563158,-0.050000000000000266,0,0
200,200,0.048132202895016296,0.12382624808910886,0.04558650346751847,0.121052042465152,-0.07569404519409256,-0.07546553899763353,0.042517612226280914,-1.7802985922926473,-1.77492420308088,0.07502710739506352,0.0759104033530671,0.115,0.072,0.072,True,999,0.00011391693260520697,0.0008279590401798487,power_2x2_bal_strong_200,power,True,841,3125563158,-0.050000000000000266,0,0
200,200,0.04782039371995339,0.11911162181982088,0.045273655480485786,0.11637051148011324,-0.07129122809986749,-0.07109685599962745,0.043028606735535005,-1.656833290885803,-1.6523160147063836,0.09755318435843442,0.09847014629240902,0.149,0.112,0.112,True,999,0.00011266698129475117,0.0008308329852297902,power_2x2_bal_strong_200,power,True,842,3125563158,-0.050000000000000266,0,0
200,200,0.04059525059450342,0.10927574494517045,0.038050041523177924,0.1064999098956676,-0.06868049435066703,-0.06844986837248968,0.04223898806468098,-1.6259976267777985,-1.6205376006563348,0.1039501602182241,0.10511684403441011,0.122,0.089,0.089,True,999,0.00011566700413823128,0.0008495419751852751,power_2x2_bal_strong_200,power,True,843,3125563158,-0.050000000000000266,0,0
200,200,0.0200125153431856,0.15968939111087205,0.017470059293970053,0.1567018311741819,-0.13967687576768645,-0.13923177188021185,0.046030420481424014,-3.03444709622095,-3.0247773195206866,0.0024097701538457026,0.00248816247216654,0.002,0.003,0.003,True,999,0.00011508294846862555,0.0008800829527899623,power_2x2_bal_strong_200,power,True,844,3125563158,-0.050000000000000266,0,0
200,200,0.02780543058208529,0.06597741316437267,0.025262636730502663,0.06329175702047962,-0.03817198258228738,-0.03802912028997696,0.03360323756302111,-1.1359614534372715,-1.1317100091518069,0.2559726970222803,0.25775637210086666,0.304,0.22,0.22,True,999,0.00012174993753433228,0.0008778749033808708,power_2x2_bal_strong_200,power,True,845,3125563158,-0.050000000000000266,0,0
200,200,0.04564982301485987,0.20600619977180867,0.04310273847630697,0.20308347716819242,-0.1603563767569488,-0.15998073869188545,0.05014662001362705,-3.1977504508453993,-3.1902596555542853,0.001385040813489367,0.0014214501876013167,0.002,0.004,0.004,True,999,0.00012654205784201622,0.0008400839287787676,power_2x2_bal_strong_200,power,True,846,3125563158,-0.050000000000000266,0,0
200,200,0.08067939963259996,0.14429821017157352,0.07812640611308552,0.1415448692040826,-0.06361881053897356,-0.06341846309099708,0.04872229457192884,-1.3057433172621409,-1.301631289088248,0.1916398618173547,0.19304245840995538,0.234,0.201,0.202,True,999,0.00016733293887227774,0.0008260420290753245,power_2x2_bal_strong_200,power,True,847,3125563158,-0.050000000000000266,0,0
200,200,0.06737045898856764,0.09347500270578613,0.06481946850402664,0.0908089341876206,-0.026104543717218487,-0.02598946568359395,0.041912724813527986,-0.6228309858965037,-0.6200853272895644,0.5333955938750757,0.5352016116736837,0.617,0.535,0.538,True,999,0.0001165829598903656,0.0008146669715642929,power_2x2_bal_strong_200,power,True,848,3125563158,-0.050000000000000266,0,0
200,200,0.05933209535718176,0.10359375984411201,0.056784652395492685,0.1008120883100645,-0.04426166448693025,-0.04402743591457181,0.04384617940443967,-1.0094759700419533,-1.0041339179968276,0.3127464203864505,0.31531406869053624,0.377,0.315,0.315,True,999,0.00011625001206994057,0.0008427079301327467,power_2x2_bal_strong_200,power,True,849,3125563158,-0.050000000000000266,0,0
200,200,0.09431316140819068,0.05242595334932526,0.09175895318554694,0.04974569627684389,0.04188720805886542,0.042013256908703056,0.0391962343609923,1.0686538832554575,1.0718697240598762,0.2852256589955968,0.2837785505429654,0.428,0.287,0.286,True,999,0.00011633301619440317,0.0008275419240817428,power_2x2_bal_strong_200,power,True,850,3125563158,-0.050000000000000266,0,0
200,200,0.09840980316724024,0.1448300666417094,0.09585286213916788,0.14207232444589124,-0.04642026347446915,-0.04621946230672336,0.05073332576558286,-0.9149856188998423,-0.9110276452264111,0.3601991799006,0.3622808076912528,0.409,0.38,0.38,True,999,0.00011616700794547796,0.0008582499576732516,power_2x2_bal_strong_200,power,True,851,3125563158,-0.050000000000000266,0,0
200,200,0.04866201989562369,0.07194912675746129,0.04611655972090034,0.06904708729027931,-0.023287106861837603,-0.022930527569378967,0.038032316082111245,-0.6122978892887054,-0.6029221970040498,0.5403406859100477,0.5465604486883076,0.606,0.541,0.544,True,999,0.00011862500105053186,0.000891416915692389,power_2x2_bal_strong_200,power,True,852,3125563158,-0.050000000000000266,0,0
200,200,0.01841299481404235,0.08679275823595606,0.015872111115953658,0.08406521898491093,-0.06837976342191371,-0.06819310786895727,0.03608119002055781,-1.8951637510556967,-1.889990541611937,0.058070710868298,0.05875922507757649,0.083,0.054,0.054,True,999,0.00011787505354732275,0.0008611249504610896,power_2x2_bal_strong_200,power,True,853,3125563158,-0.050000000000000266,0,0
200,200,0.04753493672803477,0.08679275823595606,0.04498943326001381,0.08406521898508146,-0.03925782150792129,-0.03907578572506765,0.03967874923091703,-0.9893916080734783,-0.9848038681274872,0.32247157880835065,0.324720420250283,0.418,0.333,0.333,True,999,0.00012687500566244125,0.000834624981507659,power_2x2_bal_strong_200,power,True,854,3125563158,-0.050000000000000266,0,0
200,200,0.057545401324772816,0.19250249494237137,0.054997064244503235,0.18954358317496656,-0.13495709361759856,-0.13454651893046332,0.05122605548653166,-2.634540027253932,-2.626525069177701,0.008425136937875163,0.0086261638083266,0.012,0.011,0.012,True,999,0.00011604104656726122,0.0008771249558776617,power_2x2_bal_strong_200,power,True,855,3125563158,-0.050000000000000266,0,0
200,200,0.03986288727635112,0.10198263796072005,0.03731887480344653,0.0992990503222444,-0.062119750684368924,-0.061980175518797864,0.04028250998290702,-1.5421022848558357,-1.5386373774895794,0.12304873982620687,0.12389284820968248,0.183,0.136,0.136,True,999,0.00011699995957314968,0.0008089160546660423,power_2x2_bal_strong_200,power,True,856,3125563158,-0.050000000000000266,0,0
200,200,0.05150641515414511,0.12789867239397484,0.048960475655576374,0.1251241912461012,-0.07639225723982973,-0.07616371559052482,0.04523994276695357,-1.6886019868184272,-1.6835502198327303,0.09129572968356717,0.09226862613354693,0.125,0.087,0.088,True,999,0.00011379201896488667,0.0008122080471366644,power_2x2_bal_strong_200,power,True,857,3125563158,-0.050000000000000266,0,0
200,200,0.07805858045708458,0.16669810495101733,0.07550817246382735,0.16388636392734668,-0.08863952449393275,-0.08837819146351933,0.05110842980329237,-1.7343425504381795,-1.7292292446406967,0.08285732189930246,0.0837680742608437,0.097,0.076,0.076,True,999,0.00011554197408258915,0.0008337079780176282,power_2x2_bal_strong_200,power,True,858,3125563158,-0.050000000000000266,0,0
200,200,0.03927926972974316,0.11938209905913233,0.036734692099230415,0.11675321784530013,-0.08010282932938917,-0.08001852574606971,0.040817603878121646,-1.9624579034225111,-1.9603925302670664,0.0497091970755353,0.04994992826309882,0.085,0.053,0.053,True,999,0.00011570798233151436,0.000829207943752408,power_2x2_bal_strong_200,power,True,859,3125563158,-0.050000000000000266,0,0
200,200,0.07037834363112871,0.06219116036763278,0.06782746471733958,0.05945180206852285,0.008187183263495934,0.008375662648816729,0.038979817814161086,0.2100364681674215,0.21487177515165068,0.8336392103318577,0.829867291072728,0.892,0.84,0.834,True,999,0.00011779193300753832,0.0008377080084756017,power_2x2_bal_strong_200,power,True,860,3125563158,-0.050000000000000266,0,0
200,200,0.037004876838597434,0.09002089213736969,0.03446122356726278,0.08735855293889472,-0.05301601529877226,-0.05289732937163194,0.03795068827135015,-1.3969711147187618,-1.393843742527467,0.1624222575013976,0.16336479571442508,0.236,0.158,0.159,True,999,0.00011508294846862555,0.00087629200424999,power_2x2_bal_strong_200,power,True,861,3125563158,-0.050000000000000266,0,0
200,200,0.06612250007602294,0.054139241925843906,0.0635737146926374,0.05128682444385646,0.011983258150179033,0.012286890248780935,0.037700367933743664,0.31785520425792535,0.32590902747619,0.7505947735020316,0.7444931853561351,0.817,0.763,0.758,True,999,0.00011329189874231815,0.0008888340089470148,power_2x2_bal_strong_200,power,True,862,3125563158,-0.050000000000000266,0,0
200,200,0.06895248878508364,0.08354253034909309,0.06640309579324821,0.08075604788210455,-0.014590041564009448,-0.014352952088856341,0.04242471952374336,-0.34390425506158045,-0.33831578028049397,0.7309182917626327,0.7351252331720597,0.79,0.748,0.748,True,999,0.00011891697067767382,0.0008379999781027436,power_2x2_bal_strong_200,power,True,863,3125563158,-0.050000000000000266,0,0
200,200,0.0349518678550822,0.08697858405690989,0.0324076296546707,0.08408200207265537,-0.052026716201827694,-0.05167437241798467,0.0399542814334774,-1.3021562229432284,-1.2933375489187773,0.19286298676233116,0.19589433928066713,0.287,0.196,0.196,True,999,0.00014445895794779062,0.0008450000314041972,power_2x2_bal_strong_200,power,True,864,3125563158,-0.050000000000000266,0,0
200,200,0.04780183373539382,0.07375782877005327,0.045256095355341586,0.07095695490625786,-0.02595599503465945,-0.025700859550916277,0.03875732337239779,-0.6697055621014532,-0.6631226646889637,0.5030455052893795,0.5072519960141433,0.585,0.514,0.514,True,999,0.00011049991007894278,0.0008715839358046651,power_2x2_bal_strong_200,power,True,865,3125563158,-0.050000000000000266,0,0
200,200,0.016173411198517784,0.08135272734195187,0.013633024776169123,0.07861411747943237,-0.06517931614343409,-0.06498109270326324,0.03520876638930539,-1.8512240793313397,-1.8455941337098694,0.06413732300086736,0.06495115893353261,0.118,0.055,0.055,True,999,0.00012020894791930914,0.0008152499794960022,power_2x2_bal_strong_200,power,True,866,3125563158,-0.050000000000000266,0,0
200,200,0.06216239302839388,0.08576686038246456,0.05961460406217611,0.08305158823088732,-0.02360446735407068,-0.023436984168711206,0.04116580975834483,-0.5733998066025109,-0.5693313044561266,0.5663740212313468,0.5691313263391384,0.617,0.575,0.577,True,999,0.00011208304204046726,0.0008280830224975944,power_2x2_bal_strong_200,power,True,867,3125563158,-0.050000000000000266,0,0
200,200,0.051737937735741424,0.055060222714853835,0.049190849514104684,0.052375143967765325,-0.003322284979112411,-0.003184294453660641,0.034831856587501896,-0.09538064589713798,-0.09141902745440235,0.9240124883215628,0.9271596433331653,0.942,0.927,0.929,True,999,0.00011083297431468964,0.0008471249602735043,power_2x2_bal_strong_200,power,True,868,3125563158,-0.050000000000000266,0,0
200,200,0.027922913627855372,0.16804096582795625,0.025377947488294694,0.16519951873543448,-0.14011805220010087,-0.1398215712471398,0.04652788984888268,-3.0114852114546444,-3.0051130988588652,0.002599730657816143,0.0026548211256746533,0.005,0.006,0.006,True,999,0.00011370901484042406,0.000856374972499907,power_2x2_bal_strong_200,power,True,869,3125563158,-0.050000000000000266,0,0
200,200,0.09116721481286949,0.10247134433175309,0.08861413322475187,0.0997284369141056,-0.011304129518883599,-0.011114303689353733,0.045599026819940415,-0.24790286782919482,-0.24373993184638443,0.8042095609516268,0.8074322447141323,0.844,0.822,0.825,True,999,0.00011745805386453867,0.0008501249831169844,power_2x2_bal_strong_200,power,True,870,3125563158,-0.050000000000000266,0,0
200,200,0.05533724845157284,0.032877576797520125,0.052790205758043385,0.030089375475533586,0.022459671654052715,0.0227008302825098,0.03158278592946028,0.7111364939184303,0.718772255658883,0.4769996573395122,0.4722812548627108,0.664,0.475,0.468,True,999,0.00013183290138840675,0.0008429590379819274,power_2x2_bal_strong_200,power,True,871,3125563158,-0.050000000000000266,0,0
200,200,0.04572033088704963,0.10602788921861317,0.04317546339251521,0.10334982820899086,-0.06030755833156354,-0.060174364816475645,0.04118912084669322,-1.4641623101408148,-1.4609286039497154,0.1431496055274069,0.14403503581071792,0.198,0.135,0.138,True,999,0.00011716701555997133,0.0008590409997850657,power_2x2_bal_strong_200,power,True,872,3125563158,-0.050000000000000266,0,0
200,200,0.03174816348659981,0.08637831534425378,0.029205149191142254,0.0837036232292121,-0.054630151857653964,-0.054498474038069844,0.036449391415409205,-1.4987946227974256,-1.4951820022715188,0.13392692001731463,0.1348669492878925,0.175,0.131,0.133,True,999,0.00011687504593282938,0.0008320000488311052,power_2x2_bal_strong_200,power,True,873,3125563158,-0.050000000000000266,0,0
200,200,0.028940511269134883,0.0498062518669658,0.026398226113798273,0.04707057925743641,-0.020865740597830917,-0.020672353143638134,0.031301789633376986,-0.6665989658170168,-0.6604208061508176,0.5050283298727194,0.5089838239225546,0.614,0.494,0.504,True,999,0.00011562509462237358,0.0008335410384461284,power_2x2_bal_strong_200,power,True,874,3125563158,-0.050000000000000266,0,0
200,200,0.05780738607079117,0.11543774927510764,0.05525834266896368,0.11273723762074894,-0.05763036320431647,-0.057478894951785264,0.04378998940009976,-1.3160625063815425,-1.3126035365437727,0.1881530639579414,0.18931657730404827,0.226,0.178,0.181,True,999,0.00011575000826269388,0.0008508750470355153,power_2x2_bal_strong_200,power,True,875,3125563158,-0.050000000000000266,0,0
200,200,0.07330048337978146,0.10999563569293125,0.07075054028467775,0.10724047898507649,-0.03669515231314979,-0.03648993870039874,0.045147743922440385,-0.8127793135397561,-0.8082339344150851,0.4163445979572258,0.4189559262026503,0.477,0.418,0.422,True,999,0.0001193339703604579,0.0008839590009301901,power_2x2_bal_strong_200,power,True,876,3125563158,-0.050000000000000266,0,0
200,200,0.07816205213466221,0.08582034461142862,0.07561127442167503,0.08313319312425449,-0.007658292476766415,-0.007521918702579455,0.042454707171382555,-0.1803873583640836,-0.17717514037288556,0.8568484781008867,0.8593708218416054,0.871,0.856,0.859,True,999,0.00012195797171443701,0.0008577499538660049,power_2x2_bal_strong_200,power,True,877,3125563158,-0.050000000000000266,0,0
200,200,0.07100753213036537,0.02877416221301754,0.06845525852014589,0.02609452516371391,0.04223336991734783,0.04236073335643198,0.03205432405977179,1.3175560912966109,1.3215294534815896,0.1876522924909585,0.18632488842462835,0.396,0.204,0.202,True,999,0.00011754198931157589,0.0008600000292062759,power_2x2_bal_strong_200,power,True,878,3125563158,-0.050000000000000266,0,0
200,200,0.042865401940539116,0.10999563569293125,0.04032083308942447,0.10724047898507649,-0.06713023375239213,-0.06691964589565202,0.04206462872343576,-1.5958831871251342,-1.5908768941152833,0.11051487590662029,0.11163728348359567,0.146,0.106,0.109,True,999,0.00011670798994600773,0.0008648330112919211,power_2x2_bal_strong_200,power,True,879,3125563158,-0.050000000000000266,0,0
200,200,0.12507360669137468,0.10991142640829854,0.12251075440306636,0.10722897011382315,0.015162180283076143,0.015281784289243205,0.049143569506066506,0.3085282659657934,0.3109620331375553,0.7576803954315225,0.755829484841611,0.79,0.755,0.752,True,999,0.0001206250162795186,0.0008363749366253614,power_2x2_bal_strong_200,power,True,880,3125563158,-0.050000000000000266,0,0
200,200,0.017161204069299885,0.03748405064805865,0.014620117169613422,0.03481259143842408,-0.02032284657875877,-0.020192474268810656,0.02553817465926333,-0.7957830522310712,-0.7906780550381405,0.42615814402618535,0.42913188512943357,0.569,0.424,0.429,True,999,0.0001515829935669899,0.000833541969768703,power_2x2_bal_strong_200,power,True,881,3125563158,-0.050000000000000266,0,0
200,200,0.03976789085513932,0.12743340713579138,0.03722398357564316,0.12467959102292525,-0.08766551628065206,-0.08745560744728209,0.043471477256290865,-2.0166215140058474,-2.0117928574563493,0.04373502612367985,0.044241777187471965,0.064,0.038,0.041,True,999,0.00011487503070384264,0.0008101670537143946,power_2x2_bal_strong_200,power,True,882,3125563158,-0.050000000000000266,0,0
200,200,0.05213452985105904,0.09567956677040212,0.0495886111478967,0.09285109705026429,-0.04354503691934308,-0.04326248590236759,0.042134403395797486,-1.0334793757560667,-1.0267734301580882,0.3013796173124583,0.30452716329006335,0.407,0.338,0.338,True,999,0.00011504197027534246,0.0008437500800937414,power_2x2_bal_strong_200,power,True,883,3125563158,-0.050000000000000266,0,0
200,200,0.06545351160282831,0.029906757145784557,0.06290296566697862,0.02714031709615483,0.03554675445704375,0.035762648570823785,0.03230283856419838,1.1004220073848445,1.1071054483261402,0.27114829411367325,0.26824834022598143,0.504,0.3,0.294,True,999,0.00011374999303370714,0.0008275000145658851,power_2x2_bal_strong_200,power,True,884,3125563158,-0.050000000000000266,0,0
200,200,0.020750745027680595,0.0781959582747177,0.018209254984327572,0.0755256963850428,-0.05744521324703711,-0.057316441400715235,0.03437631027620724,-1.6710697799000398,-1.6673238326099666,0.09470789563929188,0.09545003015489738,0.148,0.094,0.095,True,999,0.00011304102372378111,0.000827707932330668,power_2x2_bal_strong_200,power,True,885,3125563158,-0.050000000000000266,0,0
200,200,0.10133752297070897,0.04095676822402161,0.09878166569774294,0.037946085681102915,0.06038075474668736,0.06083558001664002,0.03967938018471146,1.5217161776622754,1.5331786871025794,0.1280802122510819,0.12523183405816257,0.276,0.125,0.123,True,999,0.00011595804244279861,0.0008609159849584103,power_2x2_bal_strong_200,power,True,886,3125563158,-0.050000000000000266,0,0
200,200,0.020168903711830666,0.06283404787901653,0.017627907514707886,0.06008538386757323,-0.042665144167185864,-0.04245747635286534,0.032688711593167274,-1.3051950379134523,-1.2988421471386462,0.19182644341920174,0.19399810712458987,0.303,0.205,0.207,True,999,0.00011395802721381187,0.0008812909945845604,power_2x2_bal_strong_200,power,True,887,3125563158,-0.050000000000000266,0,0
200,200,0.0821686050052226,0.17165448119852073,0.07961744107700497,0.16875974035238528,-0.08948587619329812,-0.08914229927538031,0.05225504236413376,-1.712483085741759,-1.7059080854666921,0.08680767905954254,0.0880251941289068,0.082,0.071,0.071,True,999,0.00011562497820705175,0.0008775000460445881,power_2x2_bal_strong_200,power,True,888,3125563158,-0.050000000000000266,0,0
200,200,0.03722814408661801,0.14150576203102555,0.03468429375473647,0.13861278028388568,-0.10427761794440754,-0.10392848652914921,0.0461112414329177,-2.2614359254697116,-2.2538644222004653,0.02373227623191455,0.024204698484710525,0.017,0.013,0.013,True,999,0.00011958309914916754,0.0008719580946490169,power_2x2_bal_strong_200,power,True,889,3125563158,-0.050000000000000266,0,0
200,200,0.08229257177124283,0.08252934000013801,0.0797411525357461,0.07984626025337604,-0.0002367682288951789,-0.00010510771762994864,0.04229941691838112,-0.0055974348145752285,-0.002484850271878672,0.9955339165027116,0.998017378372438,0.999,0.999,0.999,True,999,0.00011349993292242289,0.0008347498951479793,power_2x2_bal_strong_200,power,True,890,3125563158,-0.050000000000000266,0,0
200,200,0.03941811871901235,0.0635657802650259,0.03687416113294262,0.06088089444192235,-0.024147661546013555,-0.024006733308979733,0.03462762025230157,-0.6973526153420417,-0.6932827937370051,0.4855821479381225,0.4881320988342327,0.589,0.481,0.485,True,999,0.0001128750154748559,0.0008527920581400394,power_2x2_bal_strong_200,power,True,891,3125563158,-0.050000000000000266,0,0
200,200,0.057778977696978706,0.032877576797520125,0.05523179484939078,0.030089375475533586,0.02490140089945858,0.025142419373857194,0.03193557281201255,0.7797386646558577,0.7872856867749648,0.43554471546119067,0.431114646590231,0.629,0.442,0.442,True,999,0.00011983397416770458,0.0008352090371772647,power_2x2_bal_strong_200,power,True,892,3125563158,-0.050000000000000266,0,0
200,200,0.039641509977818234,0.11238122814431029,0.037097624082377934,0.10964358400912033,-0.07273971816649205,-0.0725459599267424,0.042272959216016884,-1.720715074494514,-1.7161315713912766,0.08530253957401858,0.08613796396877937,0.128,0.086,0.09,True,999,0.00010950001887977123,0.0008191659580916166,power_2x2_bal_strong_200,power,True,893,3125563158,-0.050000000000000266,0,0
200,200,0.03691024198819626,0.06772959485627106,0.03436680352896815,0.06501027598342546,-0.0308193528680748,-0.03064347245445731,0.035645162522491926,-0.864615299442889,-0.8596810979644552,0.38724997235970116,0.38996485704871087,0.491,0.385,0.389,True,999,0.00011024996638298035,0.0008362910011783242,power_2x2_bal_strong_200,power,True,894,3125563158,-0.050000000000000266,0,0
200,200,0.07341972240158146,0.11338416242149629,0.07086996647589672,0.11060364921283394,-0.03996444001991484,-0.039733682736937226,0.04623177470748372,-0.8644366406605982,-0.8594453271227197,0.38734807201109944,0.39009487135753373,0.422,0.365,0.368,True,999,0.00011454196646809578,0.0008350840071216226,power_2x2_bal_strong_200,power,True,895,3125563158,-0.050000000000000266,0,0
200,200,0.04537437645843878,0.06690092985107982,0.042829466285667195,0.06407448470910282,-0.021526553392641035,-0.021245018423435624,0.0376357618344297,-0.5719707093307264,-0.5644901919854428,0.5673418185010937,0.5724205732302207,0.68,0.595,0.595,True,999,0.00011566700413823128,0.0008724159561097622,power_2x2_bal_strong_200,power,True,896,3125563158,-0.050000000000000266,0,0
200,200,0.07189711928668752,0.07401509332947814,0.0693465211650448,0.07133343054219665,-0.002117974042790627,-0.0019869093771518465,0.040137155505214586,-0.05276841410735899,-0.04950299422423467,0.9579164283143919,0.9605184510813135,0.954,0.948,0.951,True,999,0.00011858402285724878,0.0008567919721826911,power_2x2_bal_strong_200,power,True,897,3125563158,-0.050000000000000266,0,0
200,200,0.04892282197028808,0.07452863377001867,0.046376944834889855,0.07184265511213539,-0.025605811799730593,-0.025465710277245535,0.03763933109238573,-0.6802940184266595,-0.6765718076854224,0.4963183112218986,0.4986776714772898,0.589,0.506,0.506,True,999,0.00014995899982750416,0.0008434579940512776,power_2x2_bal_strong_200,power,True,898,3125563158,-0.050000000000000266,0,0
200,200,0.07048153602369012,0.0781959582747177,0.06793143716413397,0.0755256963850428,-0.007714422251027586,-0.007594259220908839,0.04040199658394015,-0.19094160940784,-0.18796742396457625,0.8485713402618547,0.8509021878798881,0.877,0.847,0.848,True,999,0.00011841696687042713,0.0008189170621335506,power_2x2_bal_strong_200,power,True,899,3125563158,-0.050000000000000266,0,0
200,200,0.06995009607361635,0.11273532140845571,0.06740111850052699,0.11001254383594983,-0.04278522533483936,-0.04261142533542284,0.0449235718212316,-0.9524003457494086,-0.9485315527667815,0.3408939841889074,0.3428589176728779,0.411,0.357,0.361,True,999,0.00011633406393229961,0.0008220419986173511,power_2x2_bal_strong_200,power,True,900,3125563158,-0.050000000000000266,0,0
200,200,0.03423862258121868,0.08063635771972599,0.03169502855985229,0.07790736853960567,-0.04639773513850731,-0.04621233997975338,0.03747201767042488,-1.238196873906983,-1.2332493111580398,0.21564307040395536,0.21748276299124003,0.274,0.199,0.199,True,999,0.00011662498582154512,0.0008744159713387489,power_2x2_bal_strong_200,power,True,901,3125563158,-0.050000000000000266,0,0
200,200,0.0625853732150139,0.0941435526160963,0.06003741014532693,0.09143437148208022,-0.03155817940108241,-0.03139696133675329,0.04222881497873054,-0.7473138760104296,-0.7434961495501841,0.45487411845067083,0.45718135183795394,0.528,0.457,0.457,True,999,0.000116499955765903,0.0008205838967114687,power_2x2_bal_strong_200,power,True,902,3125563158,-0.050000000000000266,0,0
200,200,0.05172414008263515,0.10727437613397794,0.049178223898081797,0.10457291921768785,-0.055550236051342794,-0.05539469531960606,0.042355622780376564,-1.3115197559337817,-1.307847498945772,0.18968222364076281,0.19092503980333764,0.241,0.191,0.195,True,999,0.00011437491048127413,0.0008285410003736615,power_2x2_bal_strong_200,power,True,903,3125563158,-0.050000000000000266,0,0
200,200,0.05543976623825653,0.1578075843783126,0.05289321787188328,0.15508751811856314,-0.10236781814005608,-0.10219430024667986,0.04757910133027275,-2.151529038547085,-2.147882103474232,0.031434466337961375,0.03172312243990641,0.038,0.033,0.033,True,999,0.00011454103514552116,0.0008435830241069198,power_2x2_bal_strong_200,power,True,904,3125563158,-0.050000000000000266,0,0
200,200,0.0631824158189025,0.04296365034309951,0.06063139955134034,0.04024137063651523,0.02021876547580298,0.02039002891482511,0.03422933548075568,0.5906853052163492,0.5956887163727947,0.5547312957060306,0.5513831975583283,0.666,0.526,0.526,True,999,0.00012212491128593683,0.0008470839820802212,power_2x2_bal_strong_200,power,True,905,3125563158,-0.050000000000000266,0,0
200,200,0.05902008152977123,0.07864619093670688,0.056473012776223186,0.07599055493564322,-0.019626109406935655,-0.01951754215942003,0.038922762837025546,-0.5042321761461954,-0.5014428765281235,0.6140982321317989,0.6160594706045963,0.662,0.596,0.597,True,999,0.0001300000585615635,0.0008634160039946437,power_2x2_bal_strong_200,power,True,906,3125563158,-0.050000000000000266,0,0
200,200,0.02396691474347956,0.12324775997198656,0.021424774737852204,0.12058369665884072,-0.099280845228507,-0.09915892192098852,0.04031581172632221,-2.462578352693479,-2.4595541469960684,0.013794202952079077,0.013910971153818837,0.024,0.01,0.01,True,999,0.0001217500539496541,0.0008189160143956542,power_2x2_bal_strong_200,power,True,907,3125563158,-0.050000000000000266,0,0
200,200,0.06289707897789576,0.16181297282455376,0.060349141782637616,0.1589188935400756,-0.098915893846658,-0.09856975175743798,0.05002777016119171,-1.97721972272493,-1.9703007237748522,0.0480167991832739,0.048803915544558804,0.065,0.056,0.057,True,999,0.00011433300096541643,0.0008364999666810036,power_2x2_bal_strong_200,power,True,908,3125563158,-0.050000000000000266,0,0
200,200,0.06287642753898148,0.20147490116063776,0.06032774242862615,0.19860992270324118,-0.13859847362165628,-0.13828218027461503,0.05195496166966126,-2.6676657852793664,-2.6615779481050788,0.007638019564294431,0.0077775330648995455,0.009,0.009,0.009,True,999,0.00011562497820705175,0.0008406670531257987,power_2x2_bal_strong_200,power,True,909,3125563158,-0.050000000000000266,0,0
200,200,0.04884187391745187,0.09414091661068841,0.04629625647376656,0.09134735679780448,-0.045299042693236535,-0.04505110032403792,0.04163874257504144,-1.087906115598916,-1.081951508090013,0.2766365560455023,0.27927407566303475,0.339,0.264,0.266,True,999,0.00011733302380889654,0.0008497920352965593,power_2x2_bal_strong_200,power,True,910,3125563158,-0.050000000000000266,0,0
200,200,0.033450814552706154,0.034350820887407596,0.03090768182374859,0.03160088122275795,-0.000900006334701442,-0.0006931993990093588,0.028139100579739573,-0.031984189834036676,-0.02463473901893187,0.9744846591320718,0.9803463099711681,0.978,0.97,0.977,True,999,0.00011495791841298342,0.0008598329732194543,power_2x2_bal_strong_200,power,True,911,3125563158,-0.050000000000000266,0,0
200,200,0.02928001942174485,0.17261491809897594,0.026737278902118078,0.16925520426809726,-0.1433348986772311,-0.14251792536597918,0.04876575550507792,-2.939253113023253,-2.922500100529335,0.003290042700722438,0.003472335090295295,0.005,0.005,0.005,True,999,0.00012266694102436304,0.0008342909859493375,power_2x2_bal_strong_200,power,True,912,3125563158,-0.050000000000000266,0,0
200,200,0.039031208003499684,0.06958485096707728,0.03648586801807596,0.06688867018104361,-0.0305536429635776,-0.030402802162967646,0.035833574804871246,-0.8526540578202125,-0.8484445754721257,0.3938511752141297,0.39619042682914396,0.507,0.414,0.415,True,999,0.00011133297812193632,0.0008649580413475633,power_2x2_bal_strong_200,power,True,913,3125563158,-0.050000000000000266,0,0
200,200,0.05558872797631764,0.09045319168911575,0.053042194102744133,0.08777227658957543,-0.03486446371279811,-0.03473008248683129,0.040487377891214,-0.8611193297445894,-0.8578002403649836,0.3891723241095053,0.39100277702015906,0.463,0.385,0.392,True,999,0.00011025008279830217,0.000862583052366972,power_2x2_bal_strong_200,power,True,914,3125563158,-0.050000000000000266,0,0
200,200,0.028773846255094826,0.052503177952870184,0.026231562585394386,0.049776066846682454,-0.023729331697775358,-0.02354450426128807,0.031326501594263145,-0.7574842542303203,-0.7515842198478938,0.4487597957673023,0.45230113596945354,0.578,0.443,0.453,True,999,0.00011779193300753832,0.000849416945129633,power_2x2_bal_strong_200,power,True,915,3125563158,-0.050000000000000266,0,0
200,200,0.055983790689592694,0.07354260305368904,0.05343641741833949,0.07083216561148475,-0.017558812364096343,-0.017395748193145266,0.03865468421885838,-0.4542479836254868,-0.4500294995207448,0.6496503502723634,0.6526891699718085,0.699,0.637,0.642,True,999,0.00011129199992865324,0.0008210419910028577,power_2x2_bal_strong_200,power,True,916,3125563158,-0.050000000000000266,0,0
200,200,0.0476921757710167,0.04196914708300503,0.04514615495685348,0.03928937813870448,0.0057230286880116665,0.005856776818149001,0.031695382762165304,0.18056348241496017,0.18478328096230534,0.8567102214787874,0.8533990218899079,0.895,0.853,0.851,True,999,0.0001127920113503933,0.000849124975502491,power_2x2_bal_strong_200,power,True,917,3125563158,-0.050000000000000266,0,0
200,200,0.06718384749826734,0.0781959582747177,0.06463475384788353,0.0755256963850428,-0.011012110776450368,-0.010890942537159276,0.04004693299746315,-0.2749801283695796,-0.27195447246482485,0.7833315052820341,0.7856570260687392,0.835,0.794,0.796,True,999,0.00011291704140603542,0.000832917052321136,power_2x2_bal_strong_200,power,True,918,3125563158,-0.050000000000000266,0,0
200,200,0.062251904752335774,0.04558359195931333,0.05970178187126862,0.042889058859145734,0.016668312793022444,0.016812723012122888,0.03437232581925473,0.4849340972930371,0.489135448690083,0.6277230944568093,0.6247458062573812,0.734,0.653,0.645,True,999,0.0001206250162795186,0.0008448750013485551,power_2x2_bal_strong_200,power,True,919,3125563158,-0.050000000000000266,0,0
200,200,0.09087719870221456,0.0850754443453598,0.08832439306115702,0.08232630855258094,0.00580175435685476,0.005998084508576085,0.04429356913307,0.13098412411573118,0.13541659942905476,0.8957878663156629,0.8922825005706254,0.925,0.907,0.905,True,999,0.00011620798613876104,0.0008512920467182994,power_2x2_bal_strong_200,power,True,920,3125563158,-0.050000000000000266,0,0
200,200,0.06636118460275586,0.0882310473105885,0.06381241768752943,0.08541494851670706,-0.021869862707832644,-0.021602530829177624,0.04298199990455423,-0.5088144515470855,-0.5025948275359028,0.6108822887359204,0.6152491666300517,0.658,0.614,0.618,True,999,0.00011462508700788021,0.0008645410416647792,power_2x2_bal_strong_200,power,True,921,3125563158,-0.050000000000000266,0,0
200,200,0.058918566649015736,0.07474772755118536,0.05637148875311482,0.07202342372137593,-0.015829160902169626,-0.015651934968261116,0.03915117335195021,-0.4043087230074329,-0.39978201489793813,0.6859857117506787,0.6893170785862355,0.747,0.687,0.688,True,999,0.0001514999894425273,0.0008391670417040586,power_2x2_bal_strong_200,power,True,922,3125563158,-0.050000000000000266,0,0
200,200,0.05780738607079117,0.1022259549778527,0.055258342668906835,0.09930545904231991,-0.04441856890706153,-0.044047116373413076,0.043632470837104975,-1.0180163546751988,-1.0095031413154694,0.30867018388569,0.31273339585830273,0.371,0.313,0.32,True,999,0.00014829204883426428,0.0008821249939501286,power_2x2_bal_strong_200,power,True,923,3125563158,-0.050000000000000266,0,0
200,200,0.039729246036951604,0.09414091661068841,0.03718501533421659,0.09134735679780448,-0.0544116705737368,-0.05416234146358789,0.040630713498111426,-1.3391758571078487,-1.3330393881984237,0.1805134300881347,0.18251887827464885,0.268,0.205,0.207,True,999,0.00012125005014240742,0.0008240840397775173,power_2x2_bal_strong_200,power,True,924,3125563158,-0.050000000000000266,0,0
200,200,0.061312776413463665,0.1184739160104904,0.058763404315755,0.11556567088537406,-0.05716113959702673,-0.056802266569619064,0.045359488390728495,-1.2601804302693702,-1.252268678172073,0.20760428080597548,0.2104719780426273,0.282,0.225,0.23,True,999,0.00011687504593282938,0.0008389579597860575,power_2x2_bal_strong_200,power,True,925,3125563158,-0.050000000000000266,0,0
200,200,0.008655375540897903,0.11120437033073577,0.006115957753394241,0.10851088897986472,-0.10254899478983787,-0.10239493122647048,0.03750705380125149,-2.734125568306198,-2.7300179792595145,0.006254618703063352,0.006333087152966707,0.007,0.005,0.005,True,999,0.0001157920341938734,0.0008532910142093897,power_2x2_bal_strong_200,power,True,926,3125563158,-0.050000000000000266,0,0
200,200,0.07048153602369012,0.15871573718605286,0.06793143716413397,0.15598555566832317,-0.08823420116236275,-0.0880541185041892,0.048957480454277495,-1.8022618881452994,-1.7985835399847618,0.07150421174532143,0.07208458300249854,0.105,0.087,0.087,True,999,0.00011587492190301418,0.0008261670591309667,power_2x2_bal_strong_200,power,True,927,3125563158,-0.050000000000000266,0,0
200,200,0.024223461240674204,0.18011884359684766,0.021681774825026423,0.1771294441016238,-0.15589538235617345,-0.15544766927659737,0.04782069081649387,-3.2599985423548805,-3.2506362125363064,0.0011141278638848939,0.0011514709406890463,0.003,0.003,0.003,True,999,0.00011504208669066429,0.000835041981190443,power_2x2_bal_strong_200,power,True,928,3125563158,-0.050000000000000266,0,0
200,200,0.09869801233088182,0.1869243064751127,0.09614335694334386,0.1836551210196049,-0.08822629414423089,-0.08751176407626104,0.05502558053498479,-1.6033687111785648,-1.5903832949226555,0.10885327468741442,0.11174843346254304,0.145,0.12,0.12,True,999,0.0001163750421255827,0.000848333933390677,power_2x2_bal_strong_200,power,True,929,3125563158,-0.050000000000000266,0,0
200,200,0.05261001435900392,0.11416578473468864,0.050062293952493064,0.11140201357399349,-0.061555770375684715,-0.06133971962150042,0.04378746379049961,-1.4057852418719037,-1.4008511640450172,0.15978790568784673,0.16125858503181023,0.255,0.186,0.187,True,999,0.00011629099026322365,0.0008760830387473106,power_2x2_bal_strong_200,power,True,930,3125563158,-0.050000000000000266,0,0
200,200,0.028899737350249977,0.154633546842613,0.026357340546496744,0.1518593347578303,-0.125733809492363,-0.12550199421133357,0.045170232419963596,-2.783554627821513,-2.7784225913317697,0.005376680740565422,0.00546235265478393,0.007,0.007,0.007,True,999,0.0001163750421255827,0.0008638330036774278,power_2x2_bal_strong_200,power,True,931,3125563158,-0.050000000000000266,0,0
200,200,0.06360709970782108,0.10648456204217371,0.0610584746590348,0.10360869970702424,-0.042877462334352634,-0.04255022504798944,0.04294370888359612,-0.9984573631163751,-0.9908372181668506,0.3180576296161295,0.32176507252798237,0.371,0.31,0.312,True,999,0.00011912500485777855,0.0008717080345377326,power_2x2_bal_strong_200,power,True,932,3125563158,-0.050000000000000266,0,0
200,200,0.0547437861130019,0.07262266538801437,0.0521969761552441,0.06993152705827299,-0.01787887927501247,-0.01773455090302889,0.03789628293822316,-0.47178450995201365,-0.467975999966513,0.6370806084563927,0.6398017527340357,0.693,0.633,0.639,True,999,0.0001193750649690628,0.0008127499604597688,power_2x2_bal_strong_200,power,True,933,3125563158,-0.050000000000000266,0,0
200,200,0.03301274258288189,0.05620641853428826,0.030468845641081543,0.05348435046498423,-0.023193675951406367,-0.023015504823902688,0.032945853127355755,-0.7039937882849385,-0.6985857896875145,0.4814366420045664,0.48481092691468264,0.621,0.495,0.499,True,999,0.00011054100468754768,0.0008395420154556632,power_2x2_bal_strong_200,power,True,934,3125563158,-0.050000000000000266,0,0
200,200,0.07635648630095848,0.16041123972568005,0.07380521512737914,0.15762132985909716,-0.08405475342472157,-0.08381611473171802,0.050305145937644236,-1.6708977154924007,-1.6661538927968187,0.0947418828458727,0.0956827667021251,0.128,0.106,0.106,True,999,0.00011304207146167755,0.0008239999879151583,power_2x2_bal_strong_200,power,True,935,3125563158,-0.050000000000000266,0,0
200,200,0.02906759120309399,0.08234123335279742,0.026523621816892273,0.07959896317123594,-0.053273642149703426,-0.053075341354343664,0.03638625839434554,-1.4641143250382183,-1.4586644435689387,0.14316271386835394,0.1446574870033963,0.2,0.128,0.129,True,999,0.00011270795948803425,0.000830042059533298,power_2x2_bal_strong_200,power,True,936,3125563158,-0.050000000000000266,0,0
200,200,0.042664762812411605,0.05480750881305835,0.04012041410825873,0.052076681789237966,-0.012142746000646742,-0.011956267680979238,0.03387517408830284,-0.3584556043607066,-0.3529507376054418,0.7200023860419669,0.7241253723675876,0.807,0.739,0.746,True,999,0.00011445803102105856,0.0008394159376621246,power_2x2_bal_strong_200,power,True,937,3125563158,-0.050000000000000266,0,0
200,200,0.04141690892137384,0.17721464124932906,0.03887113051320057,0.17443451793029396,-0.13579773232795522,-0.1355633874170934,0.048279392143826504,-2.812747350327187,-2.8078934178219126,0.004912022863127921,0.0049866727918841305,0.012,0.009,0.009,True,999,0.00015708303544670343,0.0008269170066341758,power_2x2_bal_strong_200,power,True,938,3125563158,-0.050000000000000266,0,0
200,200,0.0732649044520578,0.10831807224524631,0.07071423068276772,0.10555839131009748,-0.03505316779318851,-0.03484416062732976,0.04546743008260569,-0.7709511562343321,-0.766354301618203,0.44073588343245673,0.4434655161617721,0.51,0.443,0.445,True,999,0.00011366698890924454,0.0008611250668764114,power_2x2_bal_strong_200,power,True,939,3125563158,-0.050000000000000266,0,0
200,200,0.029922616227185728,0.11689153365538701,0.027379288092078014,0.11422093390083887,-0.08696891742820129,-0.08684164580876086,0.04034495766358957,-2.1556328836277054,-2.1524782981029995,0.031112342725999463,0.03135970273648178,0.051,0.033,0.033,True,999,0.00018679199274629354,0.000861333915963769,power_2x2_bal_strong_200,power,True,940,3125563158,-0.050000000000000266,0,0
200,200,0.04196624320802245,0.16162464797330178,0.039421553720785596,0.1587044894662597,-0.11965840476527934,-0.1192829357454741,0.04733382639774768,-2.527968133397581,-2.5200357719474384,0.011472476440332696,0.011734290840477493,0.015,0.012,0.013,True,999,0.00011508306488394737,0.0008273329585790634,power_2x2_bal_strong_200,power,True,941,3125563158,-0.050000000000000266,0,0
200,200,0.06941965452674592,0.1217906526387505,0.06687052492520706,0.11904773646590172,-0.052370998112004574,-0.05217721154069466,0.04619013031778537,-1.133813603722163,-1.1296181929281974,0.25687274344211974,0.2586371416540021,0.333,0.26,0.264,True,999,0.00011350004933774471,0.0008630830561742187,power_2x2_bal_strong_200,power,True,942,3125563158,-0.050000000000000266,0,0
200,200,0.06554999928391636,0.071734302124983,0.06300144405247465,0.06910156793534838,-0.006184302841066636,-0.006100123882873731,0.03825186464313928,-0.1616732386450037,-0.15947258884719043,0.8715631797249226,0.8732965528611323,0.903,0.893,0.893,True,999,0.00012033397797495127,0.000826624920591712,power_2x2_bal_strong_200,power,True,943,3125563158,-0.050000000000000266,0,0
200,200,0.022166336162694145,0.10370638498886492,0.019625062614011313,0.10096153845594813,-0.08154004882617077,-0.08133647584193682,0.039264048297278045,-2.0767101804890427,-2.0715254633479914,0.037828316417548864,0.03830971738835775,0.052,0.027,0.027,True,999,0.00011783302761614323,0.0008139580022543669,power_2x2_bal_strong_200,power,True,944,3125563158,-0.050000000000000266,0,0
200,200,0.06268093353881499,0.04313956486964593,0.06013318800589218,0.0403527829814152,0.019541368669169057,0.019780405024476977,0.03464437157649476,0.564056087033408,0.5709558039118086,0.57271596215699,0.5680296020610973,0.697,0.584,0.579,True,999,0.00011725001968443394,0.0008426250424236059,power_2x2_bal_strong_200,power,True,945,3125563158,-0.050000000000000266,0,0
200,200,0.05172414008263515,0.045262485298187105,0.049178223898081797,0.04247059828662003,0.006461654784448045,0.006707625611461765,0.03378632659291717,0.1912505867329963,0.19853077525355847,0.8483292725042648,0.8426298087532726,0.91,0.874,0.869,True,999,0.00011945806909352541,0.0008460420649498701,power_2x2_bal_strong_200,power,True,946,3125563158,-0.050000000000000266,0,0
200,200,0.07041132701453867,0.11997310203306771,0.06786203941567237,0.11726370124929986,-0.04956177501852904,-0.049401661833627486,0.04568070903143552,-1.0849607212625079,-1.081455670918579,0.277939052320362,0.27949446923482635,0.303,0.268,0.268,True,999,0.00014962500426918268,0.000843833084218204,power_2x2_bal_strong_200,power,True,947,3125563158,-0.050000000000000266,0,0
200,200,0.03648564822034961,0.13302562446071425,0.03394214358013414,0.13023588904478345,-0.09653997624036464,-0.0962937454646493,0.044451575506425735,-2.1718010023381336,-2.1662616986596905,0.029870676057158117,0.03029119476422037,0.041,0.03,0.03,True,999,0.00012633309233933687,0.0008591249352321029,power_2x2_bal_strong_200,power,True,948,3125563158,-0.050000000000000266,0,0
200,200,0.048383322982535226,0.09688650173143948,0.04583791923704439,0.09409629013228482,-0.04850317874890425,-0.04825837089524043,0.04067996389130722,-1.1923112537292284,-1.1862933562129492,0.23313922348911997,0.2355064694436636,0.316,0.244,0.245,True,999,0.00012366706505417824,0.0008787920232862234,power_2x2_bal_strong_200,power,True,949,3125563158,-0.050000000000000266,0,0
200,200,0.07677790050683708,0.1050128133598256,0.0742263440452291,0.1022479942762331,-0.028234912852988514,-0.028021650231004003,0.04523830546426107,-0.6241372784242442,-0.6194230739509358,0.5325374338043787,0.5356376844602093,0.605,0.561,0.564,True,999,0.00012687500566244125,0.0008830419974401593,power_2x2_bal_strong_200,power,True,950,3125563158,-0.050000000000000266,0,0
200,200,0.045779808892327356,0.08135272734195187,0.04323482077873564,0.07861411747943237,-0.03557291844962451,-0.03537929670069673,0.03894961720660382,-0.9133059834948314,-0.9083349012913596,0.36108163630116863,0.36370130824154845,0.438,0.359,0.361,True,999,0.00011995795648545027,0.0008856670465320349,power_2x2_bal_strong_200,power,True,951,3125563158,-0.050000000000000266,0,0
200,200,0.00806806314655284,0.07962686386059076,0.005527535298966768,0.07687239517667876,-0.07155880071403792,-0.071344859877712,0.03352645389255207,-2.134398136569247,-2.1280168820228647,0.03281020400059605,0.03333568389392151,0.035,0.03,0.03,True,999,0.00011920894030481577,0.0008542920695617795,power_2x2_bal_strong_200,power,True,952,3125563158,-0.050000000000000266,0,0
200,200,0.01831319101434148,0.12891266253738148,0.01577203661233284,0.1261015243529613,-0.11059947152304,-0.11032948774062845,0.04237465112088354,-2.6100385158931294,-2.6036671647369545,0.009053202901480468,0.009223227720942391,0.013,0.009,0.01,True,999,0.0001177910016849637,0.0008337090257555246,power_2x2_bal_strong_200,power,True,953,3125563158,-0.050000000000000266,0,0
200,200,0.03158763505050721,0.08914781494522755,0.02904459169309348,0.08638442123075407,-0.05756017989472034,-0.05733982953766059,0.03879024285783046,-1.4838829472061645,-1.4782023857859292,0.13783997660766734,0.13935361552610293,0.176,0.132,0.132,True,999,0.00011825002729892731,0.0008529579499736428,power_2x2_bal_strong_200,power,True,954,3125563158,-0.050000000000000266,0,0
200,200,0.03976789085513932,0.10359677906306342,0.03722398357564316,0.10079688118132424,-0.0638288882079241,-0.06357289760568108,0.04094173823923819,-1.5590175442710215,-1.5527649860443247,0.11899222778043221,0.12047929049751954,0.147,0.102,0.103,True,999,0.0001248749904334545,0.0008662919281050563,power_2x2_bal_strong_200,power,True,955,3125563158,-0.050000000000000266,0,0
200,200,0.05558872797631764,0.0769422123003824,0.053042194102744133,0.07422374873646476,-0.021353484324064753,-0.021181554633720623,0.03927619683794145,-0.5436749492872726,-0.5392974966776543,0.5866651738287961,0.5896815958789707,0.644,0.583,0.585,True,999,0.00011654198169708252,0.0008367090485990047,power_2x2_bal_strong_200,power,True,956,3125563158,-0.050000000000000266,0,0
200,200,0.06930044914545364,0.05945834223955582,0.06674868939518319,0.05667843564441455,0.009842106905897818,0.010070253750768643,0.0387142732008664,0.25422424579257136,0.2601173396312985,0.7993223203546928,0.7947732630886769,0.867,0.818,0.815,True,999,0.00011491600889712572,0.0009047089843079448,power_2x2_bal_strong_200,power,True,957,3125563158,-0.050000000000000266,0,0
200,200,0.06232622258135345,0.10229363373204048,0.059776945399903525,0.09960742940134537,-0.03996741115068703,-0.039830484001441846,0.04273264259830068,-0.9352899498023645,-0.932085674547676,0.34963889328226083,0.35129225077154425,0.414,0.334,0.334,True,999,0.00012012501247227192,0.0008225420024245977,power_2x2_bal_strong_200,power,True,958,3125563158,-0.050000000000000266,0,0
200,200,0.05017317667847221,0.05599138917362967,0.04762661672350532,0.053229947227606544,-0.00581821249515746,-0.005603330504101223,0.03572173355225282,-0.16287598379419999,-0.1568605425015227,0.8706160804568508,0.8753547573462369,0.893,0.87,0.875,True,999,0.0001237909309566021,0.0008631669916212559,power_2x2_bal_strong_200,power,True,959,3125563158,-0.050000000000000266,0,0
200,200,0.051287298366722744,0.08769761406374049,0.04874128921460397,0.08503226220966553,-0.03641031569701775,-0.036290972995061566,0.039175145279255065,-0.9294238843907641,-0.9263774961487943,0.35266945464617605,0.3542498348510139,0.416,0.358,0.359,True,999,0.00011387502308934927,0.0008345000678673387,power_2x2_bal_strong_200,power,True,960,3125563158,-0.050000000000000266,0,0
200,200,0.11195445858850006,0.10999563569293125,0.10939616299421573,0.10724047898507649,0.0019588228955688125,0.002155684009139236,0.04850973161938629,0.04037999861425731,0.044438176365373755,0.9677901760356319,0.9645551313529509,0.968,0.968,0.968,True,999,0.00011358293704688549,0.00085891701746732,power_2x2_bal_strong_200,power,True,961,3125563158,-0.050000000000000266,0,0
200,200,0.05558872797631764,0.10247134433175309,0.053042194102744133,0.0997284369141056,-0.04688261635543545,-0.04668624281136147,0.04215844102721759,-1.112057638117309,-1.1073996493660836,0.2661133690543126,0.2681211774600125,0.331,0.272,0.277,True,999,0.00011241703759878874,0.0008526659803465009,power_2x2_bal_strong_200,power,True,962,3125563158,-0.050000000000000266,0,0
200,200,0.0460876997513644,0.10831807224524631,0.04354253465044167,0.10555839131009748,-0.062230372493881914,-0.06201585665965581,0.04275687888676286,-1.4554470324808453,-1.4504299255307747,0.1455455438213428,0.14693866706373898,0.189,0.144,0.145,True,999,0.00011445896234363317,0.0008369999704882503,power_2x2_bal_strong_200,power,True,963,3125563158,-0.050000000000000266,0,0
200,200,0.073117301538425,0.07474772755118536,0.07056752529803134,0.07202342372137593,-0.0016304260127603665,-0.0014558984233445926,0.040697636757635866,-0.040061933386204764,-0.035773537220719104,0.968043750179625,0.9714629337952846,0.977,0.967,0.971,True,999,0.00013079203199595213,0.0008822500240057707,power_2x2_bal_strong_200,power,True,964,3125563158,-0.050000000000000266,0,0
200,200,0.04516710103441712,0.09869760218705226,0.04262216500299587,0.0959735872945231,-0.053530501152635135,-0.05335142229152723,0.0411126675406582,-1.302043977070969,-1.2976881696806846,0.1929013526247888,0.194394510527783,0.276,0.218,0.218,True,999,0.00011245801579207182,0.000853167031891644,power_2x2_bal_strong_200,power,True,965,3125563158,-0.050000000000000266,0,0
200,200,0.08207047895656838,0.060980826827927825,0.07951825516354916,0.05828193369677592,0.021089652128640557,0.021236321466773234,0.03960483430580476,0.532501965941807,0.536205285011398,0.5943783805693408,0.5918166813293169,0.692,0.585,0.584,True,999,0.00015541701577603817,0.0008302920032292604,power_2x2_bal_strong_200,power,True,966,3125563158,-0.050000000000000266,0,0
200,200,0.04575533392464237,0.09554550342927415,0.04320961004842161,0.09240798144070794,-0.049790169504631776,-0.04919837139228633,0.041457567956427924,-1.2009910845942882,-1.1867162937293867,0.2297546596874167,0.23533954583853844,0.325,0.23,0.235,True,999,0.00011462497059255838,0.0008442499674856663,power_2x2_bal_strong_200,power,True,967,3125563158,-0.050000000000000266,0,0
200,200,0.04866201989562369,0.06295307322615135,0.04611655972090034,0.06015470169379,-0.014291053330527659,-0.014038141972889662,0.03715101899658868,-0.38467459888085187,-0.37786694287385997,0.7004785168852883,0.7055294406937382,0.777,0.705,0.713,True,999,0.0001142079709097743,0.000818458036519587,power_2x2_bal_strong_200,power,True,968,3125563158,-0.050000000000000266,0,0
200,200,0.05167688634517276,0.14150576203102555,0.04913021993240818,0.13861278028388568,-0.0898288756858528,-0.0894825603514775,0.04751805443883468,-1.8904156903452491,-1.8831276113515885,0.05870238658255968,0.059683076144995045,0.08,0.062,0.063,True,999,0.00010962504893541336,0.0008253329433500767,power_2x2_bal_strong_200,power,True,969,3125563158,-0.050000000000000266,0,0
200,200,0.038814615140304376,0.05480750881305835,0.03627044993271511,0.052076681789237966,-0.01599289367275397,-0.015806231856522857,0.03335557172731713,-0.47946693294590753,-0.4738708119212979,0.6316064868674177,0.6355920344572603,0.72,0.65,0.656,True,999,0.00011108303442597389,0.0008516249945387244,power_2x2_bal_strong_200,power,True,970,3125563158,-0.050000000000000266,0,0
200,200,0.03672913715278603,0.08612884923036973,0.03418559433529822,0.08345914209243688,-0.0493997120775837,-0.04927354775713866,0.037587993843528886,-1.3142417837787401,-1.3108852779495053,0.18876485139772126,0.18989652542492996,0.25,0.193,0.193,True,999,0.00011566700413823128,0.0008329999400302768,power_2x2_bal_strong_200,power,True,971,3125563158,-0.050000000000000266,0,0
200,200,0.05899469949768721,0.12749074524572968,0.05644762846117146,0.1245566482053988,-0.06849604574804247,-0.06810901974422734,0.04659712925977178,-1.4699627817453649,-1.4616569910247066,0.1415718343069134,0.14383522859989412,0.192,0.166,0.166,True,999,0.00011516700033098459,0.000886416994035244,power_2x2_bal_strong_200,power,True,972,3125563158,-0.050000000000000266,0,0
200,200,0.074037983450711,0.11636270808885879,0.0714873613653424,0.11347555388513797,-0.04232472463814779,-0.041988192519795575,0.04559534111607952,-0.928268625743907,-0.9208877813393119,0.3532682443702335,0.35710901849268895,0.393,0.351,0.357,True,999,0.0001152500044554472,0.0008707090746611357,power_2x2_bal_strong_200,power,True,973,3125563158,-0.050000000000000266,0,0
200,200,0.07818654295308047,0.04672330440552147,0.07563601789615859,0.04401838743906694,0.031463238547559,0.03161763045709165,0.036538027195392425,0.8611093965009318,0.8653349095180143,0.3891777944275119,0.3868549955003664,0.507,0.366,0.366,True,999,0.00011483393609523773,0.0008854169864207506,power_2x2_bal_strong_200,power,True,974,3125563158,-0.050000000000000266,0,0
200,200,0.03538773872434031,0.12022751020665579,0.03284405686707714,0.11738667198082453,-0.08483977148231547,-0.08454261511374739,0.043346205243445846,-1.957259488018127,-1.9504040697202816,0.050316967926410903,0.051127977181007374,0.086,0.059,0.06,True,999,0.00011675001587718725,0.0008210829691961408,power_2x2_bal_strong_200,power,True,975,3125563158,-0.050000000000000266,0,0
200,200,0.049126399584015434,0.15067596675716327,0.04658081437492001,0.14794577641514195,-0.10154956717314784,-0.10136496204022194,0.04642492162925274,-2.187393400125001,-2.183416976978826,0.028713817564510438,0.0290051168476984,0.038,0.029,0.029,True,999,0.00011454103514552116,0.0008298329776152968,power_2x2_bal_strong_200,power,True,976,3125563158,-0.050000000000000266,0,0
200,200,0.031054937346681633,0.04723514384777727,0.028512155503165104,0.04454213828827136,-0.01618020650109564,-0.016029982785106256,0.030502152177304218,-0.5304611427758488,-0.5255361225636305,0.5957922432387726,0.5992105489389676,0.721,0.584,0.584,True,999,0.00011866702698171139,0.0008465420687571168,power_2x2_bal_strong_200,power,True,977,3125563158,-0.050000000000000266,0,0
200,200,0.058918566649015736,0.0828322544046638,0.05637148875311482,0.08007150581012468,-0.02391368775564806,-0.02370001705700986,0.04059868900216517,-0.5890261075763485,-0.5837631125415382,0.5558437602138828,0.5593796990024036,0.602,0.537,0.542,True,999,0.00011629203800112009,0.000851999968290329,power_2x2_bal_strong_200,power,True,978,3125563158,-0.050000000000000266,0,0
200,200,0.02426508867076016,0.10543577602953852,0.021723509218560366,0.10276220814898807,-0.08117068735877836,-0.0810386989304277,0.03863748194022767,-2.1008275716401426,-2.0974114994293593,0.03565610520281273,0.03595716399996403,0.064,0.043,0.043,True,999,0.00012645800597965717,0.0008415420306846499,power_2x2_bal_strong_200,power,True,979,3125563158,-0.050000000000000266,0,0
200,200,0.06591055955071856,0.1344898927045926,0.06336219632996176,0.1316849598866554,-0.06857933315387404,-0.06832276355669364,0.046833479797517626,-1.4643228188546655,-1.4588444815991453,0.14310576521635654,0.1446079165744508,0.185,0.152,0.153,True,999,0.00011791696306318045,0.0008817079942673445,power_2x2_bal_strong_200,power,True,980,3125563158,-0.050000000000000266,0,0
200,200,0.03417774242889027,0.1576820669375571,0.031634400186874245,0.15491957767702047,-0.12350432450866683,-0.12328517749014622,0.04565658252743761,-2.7050715947573636,-2.7002716950191625,0.006828966947420921,0.006928287050462075,0.009,0.007,0.007,True,999,0.00011720799375325441,0.0008636659476906061,power_2x2_bal_strong_200,power,True,981,3125563158,-0.050000000000000266,0,0
200,200,0.0627021175661927,0.10697922593331394,0.060153846835248714,0.10432949209668152,-0.04427710836712123,-0.044175645261432805,0.04257931162858392,-1.039873747921222,-1.0374908276294736,0.2983985604722883,0.2995071682429342,0.358,0.317,0.319,True,999,0.00011745805386453867,0.0008466660510748625,power_2x2_bal_strong_200,power,True,982,3125563158,-0.050000000000000266,0,0
200,200,0.02275378720915977,0.11543774927510764,0.02021208733134472,0.11273723762074894,-0.09268396206594787,-0.09252515028940422,0.03997262853229379,-2.3186856974158885,-2.314712684322308,0.02041208459799161,0.020628661134116433,0.027,0.02,0.02,True,999,0.00015204097144305706,0.0008340419735759497,power_2x2_bal_strong_200,power,True,983,3125563158,-0.050000000000000266,0,0
200,200,0.042195621286535756,0.09973162056773316,0.039649441497743965,0.09695442347350536,-0.0575359992811974,-0.05730498197576139,0.04131369483022623,-1.3926616710907804,-1.3870698859361157,0.16372212430595523,0.1654204536077224,0.216,0.163,0.166,True,999,0.00011904200073331594,0.0008121669525280595,power_2x2_bal_strong_200,power,True,984,3125563158,-0.050000000000000266,0,0
200,200,0.025909045290455568,0.10892673932546915,0.02336700827871141,0.10611445142466636,-0.08301769403501358,-0.08274744314595495,0.04111813313006288,-2.0190044565597383,-2.012431908915034,0.04348675630768552,0.04417442768207188,0.068,0.038,0.039,True,999,0.0001204170985147357,0.0008271250408142805,power_2x2_bal_strong_200,power,True,985,3125563158,-0.050000000000000266,0,0
200,200,0.03198937461400042,0.04296365034309951,0.02944640355482875,0.04024137063651523,-0.010974275729099092,-0.01079496708168648,0.029901788037915416,-0.3670106856213324,-0.3610140994912572,0.7136110473927512,0.7180889069981329,0.812,0.726,0.729,True,999,0.00011624989565461874,0.0008328340481966734,power_2x2_bal_strong_200,power,True,986,3125563158,-0.050000000000000266,0,0
200,200,0.04398059259912679,0.08401915737763616,0.04143446011309493,0.08122275612995367,-0.04003856477850937,-0.03978829601685874,0.039789870926382045,-1.006250179916076,-0.9999604193357093,0.31429523920172686,0.31732966296602316,0.437,0.342,0.343,True,999,0.00011633289977908134,0.0008319580228999257,power_2x2_bal_strong_200,power,True,987,3125563158,-0.050000000000000266,0,0
200,200,0.045879306933472086,0.07178902991261055,0.04333411645745855,0.06906974277548272,-0.02590972297913846,-0.025735626318024174,0.03702040412991102,-0.6998768270658728,-0.6951741052775491,0.484004230228546,0.48694619818755336,0.582,0.493,0.493,True,999,0.0001177499070763588,0.0008677920559421182,power_2x2_bal_strong_200,power,True,988,3125563158,-0.050000000000000266,0,0
200,200,0.05265014946991875,0.09045319168911575,0.05010358606620002,0.08777227658957543,-0.037803042219197,-0.0376686905233754,0.040158163057334564,-0.9413538703258136,-0.938008306545175,0.3465235448486069,0.3482401413333085,0.408,0.343,0.343,True,999,0.00011720799375325441,0.0008410409791395068,power_2x2_bal_strong_200,power,True,989,3125563158,-0.050000000000000266,0,0
200,200,0.0493504610958011,0.06295307322615135,0.046804632286949754,0.06015470169379,-0.013602612130350245,-0.013350069406840248,0.037227915067778485,-0.3653874278370099,-0.35860373546395574,0.7148222246005119,0.7198915519297564,0.749,0.701,0.702,True,999,0.00012666697148233652,0.0008673749398440123,power_2x2_bal_strong_200,power,True,990,3125563158,-0.050000000000000266,0,0
200,200,0.03979716486732965,0.10754929638171201,0.037253143022468294,0.1048267118381574,-0.06775213151438236,-0.0675735688156891,0.04152969959459911,-1.6314139561749552,-1.6271143175925349,0.10280300203050012,0.10371282073649009,0.156,0.099,0.1,True,999,0.00011679192539304495,0.0008847920689731836,power_2x2_bal_strong_200,power,True,991,3125563158,-0.050000000000000266,0,0
200,200,0.030538318295275424,0.12891266253738148,0.02799543933005566,0.1261015243529613,-0.09837434424210606,-0.09810608502290563,0.04372939389753009,-2.2496160013702458,-2.2434814727319337,0.024473331808530452,0.02486578328459713,0.027,0.023,0.023,True,999,0.00011712498962879181,0.0008542500436306,power_2x2_bal_strong_200,power,True,992,3125563158,-0.050000000000000266,0,0
200,200,0.06251237808995391,0.11543774927510775,0.059962447550248044,0.11273723762074894,-0.052925371185153836,-0.0527747900705009,0.04427688451177008,-1.195327353510718,-1.19192645671517,0.23195915665339117,0.23329008328878997,0.329,0.245,0.246,True,999,0.0001159169478341937,0.000850624986924231,power_2x2_bal_strong_200,power,True,993,3125563158,-0.050000000000000266,0,0
200,200,0.04200553319289824,0.049972127773384334,0.03946004543402637,0.04729577963637155,-0.007966594580486097,-0.00783573420234518,0.03240854710334758,-0.24581770219693685,-0.2417798668159302,0.8058233530806093,0.8089507400953811,0.854,0.807,0.813,True,999,0.00012929202057421207,0.000843334011733532,power_2x2_bal_strong_200,power,True,994,3125563158,-0.050000000000000266,0,0
200,200,0.05933209535718176,0.07452863377001867,0.05678465239554953,0.07184265511213539,-0.015196538412836913,-0.015058002716585861,0.03884732970958585,-0.39118617743981154,-0.38762001993846684,0.6956596247099487,0.6982972513086381,0.736,0.691,0.691,True,999,0.0001151250908151269,0.0008319580228999257,power_2x2_bal_strong_200,power,True,995,3125563158,-0.050000000000000266,0,0
200,200,0.02705143211455152,0.13330667188632755,0.024509237247372084,0.13058618191686833,-0.10625523977177603,-0.10607694466949624,0.04272660138636245,-2.4868638348027083,-2.4826909051407506,0.012887471496942596,0.013039417731345562,0.018,0.012,0.013,True,999,0.00011604197788983583,0.0008334999438375235,power_2x2_bal_strong_200,power,True,996,3125563158,-0.050000000000000266,0,0
200,200,0.015145505993395258,0.07557956422524559,0.012604798558612629,0.07282666416165995,-0.06043405823185033,-0.06022186560304732,0.03438942584283586,-1.757344205397375,-1.7511739183512125,0.07885915728021957,0.07991595664643125,0.128,0.068,0.07,True,999,0.00011612498201429844,0.0008421250386163592,power_2x2_bal_strong_200,power,True,997,3125563158,-0.050000000000000266,0,0
200,200,0.03237109822621065,0.07145194617174172,0.0298249758584177,0.06871874276001932,-0.03908084794553107,-0.03889376690160162,0.0358215007387492,-1.0909885722140094,-1.085765981309908,0.27527791109225497,0.27758254059999876,0.347,0.25,0.253,True,999,0.0001270420616492629,0.000862916000187397,power_2x2_bal_strong_200,power,True,998,3125563158,-0.050000000000000266,0,0
200,200,0.031868706422123916,0.13264158343900084,0.02932571379844262,0.12968665321614026,-0.10077287701687693,-0.10036093941769764,0.044694663848863316,-2.2546959376995024,-2.2454792311912652,0.024152420824206718,0.02473738405973986,0.034,0.028,0.029,True,999,0.00011370901484042406,0.0009040000149980187,power_2x2_bal_strong_200,power,True,999,3125563158,-0.050000000000000266,0,0
300,300,0.05047224642119241,0.1316730593447537,0.043658029349444405,0.12259742776760163,-0.0812008129235613,-0.07893939841815723,0.03709392559780474,-2.1890595728257685,-2.1280950221895343,0.028592510386876,0.03332920595881491,0.065,0.035,0.04,True,999,0.00013800000306218863,0.0013730829814448953,power_3x3_bal_strong_300,power,True,0,1891496405,-0.050000000000000266,0,0
300,300,0.0641917585334082,0.11049784692581766,0.05737490010113788,0.1026372998272791,-0.04630608839240946,-0.04526239972614121,0.035752170613089725,-1.2951965600504183,-1.2660042439372776,0.19525243120052815,0.20551156284836836,0.317,0.199,0.204,True,999,0.00011737504974007607,0.0013259589904919267,power_3x3_bal_strong_300,power,True,1,1891496405,-0.050000000000000266,0,0
300,300,0.04693974909555365,0.14721787671611497,0.04012534622484054,0.13774259153130686,-0.10027812762056132,-0.09761724530646632,0.03850233211481985,-2.604468927272161,-2.5353592872077657,0.009201676422196875,0.01123320478920463,0.027,0.016,0.016,True,999,0.00011716596782207489,0.0013389999512583017,power_3x3_bal_strong_300,power,True,2,1891496405,-0.050000000000000266,0,0
300,300,0.06865058743415675,0.10013467643637469,0.06184025825206163,0.08927819691614047,-0.03148408900221794,-0.027437938664078843,0.036357374986034106,-0.8659615556489396,-0.7546732588537685,0.3865112446204323,0.4504450553558673,0.494,0.378,0.458,True,999,0.00011716701555997133,0.0013270829804241657,power_3x3_bal_strong_300,power,True,3,1891496405,-0.050000000000000266,0,0
300,300,0.09814592450887005,0.08631804357430306,0.09130993007414645,0.0787964650540971,0.011827880934566992,0.012513465020049352,0.0368343097598176,0.32111042698212794,0.33972307616580455,0.748126708818128,0.7340650819723777,0.812,0.767,0.752,True,999,0.00011454091873019934,0.0014006249839439988,power_3x3_bal_strong_300,power,True,4,1891496405,-0.050000000000000266,0,1
300,300,0.05358438273303223,0.09497886589786864,0.04677397028297037,0.08571403119424303,-0.041394483164836404,-0.03894006091127267,0.03393148284269517,-1.2199432414062,-1.147608582029764,0.22248639204686738,0.25113018534697207,0.326,0.224,0.249,True,999,0.00013329193461686373,0.0013958750059828162,power_3x3_bal_strong_300,power,True,5,1891496405,-0.050000000000000266,0,0
300,300,0.07031240371504577,0.12552385332780452,0.06349668213698578,0.11590470261309349,-0.055211449612758756,-0.05240802047610771,0.038925924264179845,-1.4183722199646025,-1.3463526291740302,0.15608212172433603,0.17818882034304573,0.241,0.16,0.18,True,999,0.0001373329432681203,0.0012811250053346157,power_3x3_bal_strong_300,power,True,6,1891496405,-0.050000000000000266,0,0
300,300,0.05936127555576998,0.1200906755242655,0.052550882403238575,0.11214952777220333,-0.06072939996849552,-0.05959864536896475,0.03690317675969582,-1.6456415219738414,-1.6150004038149912,0.09983758516671706,0.10631060742311797,0.161,0.102,0.107,True,999,0.0001189579488709569,0.001334291067905724,power_3x3_bal_strong_300,power,True,7,1891496405,-0.050000000000000266,0,0
300,300,0.05676308174253286,0.14062217897694934,0.049949674624201634,0.12997445254461581,-0.08385909723441648,-0.08002477792041418,0.037478492436266955,-2.237525892404045,-2.1352187006053716,0.025251988989440595,0.032743150071476525,0.067,0.033,0.036,True,999,0.00012095796409994364,0.0013352499809116125,power_3x3_bal_strong_300,power,True,8,1891496405,-0.050000000000000266,0,0
300,300,0.04907488968120721,0.08665343228177147,0.042265529268092905,0.07595643621054649,-0.03757854260056426,-0.03369090694245358,0.034479301679537354,-1.089886997997591,-0.9771342603045912,0.2757629246850307,0.3285026884603556,0.388,0.292,0.339,True,999,0.00011816597543656826,0.0013623329577967525,power_3x3_bal_strong_300,power,True,9,1891496405,-0.050000000000000266,0,0
300,300,0.04825387863179276,0.08585443185423525,0.041451288657867735,0.07790586551588774,-0.03760055322244249,-0.036454576858020005,0.032720304296173404,-1.1491504749495811,-1.114127073148379,0.2504939382421244,0.26522467563926555,0.406,0.254,0.272,True,999,0.00012154201976954937,0.0013604999985545874,power_3x3_bal_strong_300,power,True,10,1891496405,-0.050000000000000266,0,0
300,300,0.056491652125892466,0.13451969389530127,0.04968200252602628,0.12374658686901796,-0.0780280417694088,-0.07406458434299168,0.03965239451128926,-1.9678015093689685,-1.8678464505316337,0.04909088046220901,0.06178347674865577,0.088,0.05,0.064,True,999,0.0001170419855043292,0.0013626660220324993,power_3x3_bal_strong_300,power,True,11,1891496405,-0.050000000000000266,0,0
300,300,0.05379262954907449,0.160472716128377,0.046980507587477405,0.14948168966164133,-0.1066800865793025,-0.10250118207416392,0.03921827173155902,-2.720162869733416,-2.613607829936091,0.006524976919543174,0.008959180759655844,0.016,0.004,0.005,True,999,0.00012666697148233652,0.0013105839025229216,power_3x3_bal_strong_300,power,True,12,1891496405,-0.050000000000000266,0,0
300,300,0.04776168273242076,0.09514770036244485,0.04095022377572377,0.087913809940801,-0.04738601763002409,-0.04696358616507723,0.033573102703559884,-1.4114280127287602,-1.3988455752734912,0.15811844794408925,0.16185929607612493,0.244,0.157,0.158,True,999,0.00011858297511935234,0.001347583020105958,power_3x3_bal_strong_300,power,True,13,1891496405,-0.050000000000000266,0,1
300,300,0.037004678406666214,0.08596450150517665,0.030200638888288722,0.076808812697152,-0.048959823098510435,-0.046608173808863285,0.03140537977008447,-1.5589629374629512,-1.4840824772722665,0.11900515250263152,0.13778704126408134,0.222,0.118,0.137,True,999,0.00011783302761614323,0.00133816699963063,power_3x3_bal_strong_300,power,True,14,1891496405,-0.050000000000000266,0,0
300,300,0.0332227603092905,0.1597043789669419,0.02642109485657329,0.15364144229302212,-0.1264816186576514,-0.12722034743644883,0.038697480220165364,-3.268471692163085,-3.287561534049288,0.001081299933921264,0.0010105910096049784,0.004,0.003,0.003,True,999,0.00011849997099488974,0.0013651669723913074,power_3x3_bal_strong_300,power,True,15,1891496405,-0.050000000000000266,0,1
300,300,0.05346048327735531,0.1282853619946973,0.04664941865780747,0.11745259778608386,-0.074824878717342,-0.07080317912827638,0.037769980446805275,-1.9810674464797338,-1.8745887154480956,0.04758371037692786,0.060849326816436775,0.099,0.058,0.071,True,999,0.000117915915325284,0.0013686249731108546,power_3x3_bal_strong_300,power,True,16,1891496405,-0.050000000000000266,0,0
300,300,0.04556564042428235,0.11774773685303114,0.038761093130688096,0.1080482353639951,-0.07218209642874879,-0.06928714223330701,0.03567804686504653,-2.02315156717463,-1.9420105168701656,0.04305752333721299,0.05213582714135881,0.107,0.048,0.055,True,999,0.00011666701175272465,0.0013830829411745071,power_3x3_bal_strong_300,power,True,17,1891496405,-0.050000000000000266,0,0
300,300,0.06360261546827473,0.11777306671087084,0.05679071707731964,0.11050050635095943,-0.05417045124259612,-0.053709789273639785,0.03743662282672291,-1.446990864889883,-1.4346857493593361,0.1478994821071309,0.15137666688638793,0.235,0.15,0.151,True,999,0.00011662498582154512,0.001334250089712441,power_3x3_bal_strong_300,power,True,18,1891496405,-0.050000000000000266,0,1
300,300,0.07964713481440122,0.0895170436788903,0.07282670929527058,0.07852877968875305,-0.009869908864489074,-0.005702070393482472,0.03647687477672477,-0.2705798927376005,-0.1563201460756956,0.7867141623848912,0.8757806772714631,0.851,0.809,0.88,True,999,0.0001189579488709569,0.0013355830451473594,power_3x3_bal_strong_300,power,True,19,1891496405,-0.050000000000000266,0,0
300,300,0.05638687114643681,0.10401676586461372,0.049577335362528174,0.09818711584298967,-0.04762989471817691,-0.048609780480461495,0.035345297278996934,-1.34755960155638,-1.3752828303228517,0.17780007143755827,0.16904377741331444,0.268,0.168,0.156,True,999,0.00012370897457003593,0.0013475000159814954,power_3x3_bal_strong_300,power,True,20,1891496405,-0.050000000000000266,0,1
300,300,0.027089943292825325,0.04239790351376255,0.02029199336311649,0.03516699276318036,-0.015307960220937222,-0.01487499940006387,0.02451659857741867,-0.6243916819291897,-0.6067317761512269,0.5323703864746558,0.5440289306321515,0.715,0.536,0.551,True,999,0.00012508395593613386,0.0013448750833049417,power_3x3_bal_strong_300,power,True,21,1891496405,-0.050000000000000266,0,1
300,300,0.040786516077834456,0.07796154795538845,0.033984419751561745,0.07196385071405587,-0.037175031877554,-0.03797943096249412,0.031268126480746256,-1.1889113951373131,-1.2146372436442725,0.23447453556023679,0.22450447752559244,0.39,0.246,0.242,True,999,0.00012462504673749208,0.001386582967825234,power_3x3_bal_strong_300,power,True,22,1891496405,-0.050000000000000266,0,1
300,300,0.05231801733050934,0.09501775125401729,0.04550978740684286,0.08944383285125923,-0.042699733923507954,-0.04393404544441637,0.03469449750813524,-1.2307350441808713,-1.2663116228766427,0.21842197665804364,0.20540153736453515,0.331,0.23,0.221,True,999,0.0001228339970111847,0.001322624972090125,power_3x3_bal_strong_300,power,True,23,1891496405,-0.050000000000000266,0,2
300,300,0.05767995126179515,0.16348930454283261,0.0508678355442953,0.1538529296109914,-0.10580935328103747,-0.10298509406669609,0.0403675414057566,-2.621149309478346,-2.551185692275278,0.008763387189481804,0.010735710903082311,0.016,0.012,0.014,True,999,0.00011816597543656826,0.0013434169813990593,power_3x3_bal_strong_300,power,True,24,1891496405,-0.050000000000000266,0,0
300,300,0.05589786729890878,0.11465602759696614,0.04908844086907038,0.10247290369011353,-0.05875816029805736,-0.053384462821043144,0.03705305501155194,-1.5857844995436536,-1.4407573897590793,0.11278820306374088,0.149653235240355,0.177,0.126,0.159,True,999,0.00011733395513147116,0.0013284999877214432,power_3x3_bal_strong_300,power,True,25,1891496405,-0.050000000000000266,0,0
300,300,0.06770651473733924,0.12381392987419304,0.06089117689151635,0.11498156774034385,-0.0561074151368538,-0.054090390848827496,0.039491650215858515,-1.42074121567913,-1.369666513128049,0.1553920057637055,0.17079102648521127,0.237,0.153,0.173,True,999,0.00011808308772742748,0.0013310420326888561,power_3x3_bal_strong_300,power,True,26,1891496405,-0.050000000000000266,0,1
300,300,0.04372298343144965,0.12073926955356029,0.03691742752823757,0.11122918100274148,-0.07701628612211064,-0.07431175347450392,0.03614601040934119,-2.1306994949076694,-2.055877056221385,0.03311390672920128,0.03979436817318969,0.082,0.034,0.04,True,999,0.0001230000052601099,0.0013771249214187264,power_3x3_bal_strong_300,power,True,27,1891496405,-0.050000000000000266,0,0
300,300,0.045158862456659454,0.10637238793418269,0.038352229831048135,0.09884424971673411,-0.061213525477523234,-0.06049201988568598,0.03582587789691501,-1.7086399293175276,-1.6885006994035165,0.08751766757219358,0.09131515482149373,0.16,0.093,0.096,True,999,0.00011749996338039637,0.0013737500412389636,power_3x3_bal_strong_300,power,True,28,1891496405,-0.050000000000000266,0,1
300,300,0.06856613931753919,0.11489273436659742,0.06175327999221736,0.1054588071145588,-0.04632659504905823,-0.04370552712234144,0.03742144893882352,-1.237969035479968,-1.1679271744338684,0.21572754245066428,0.24283614171934997,0.33,0.23,0.263,True,999,0.00012141698971390724,0.001305833924561739,power_3x3_bal_strong_300,power,True,29,1891496405,-0.050000000000000266,0,0
300,300,0.07572055343693518,0.09545275659076835,0.06889948146113056,0.08597605571320344,-0.019732203153833172,-0.017076574252072874,0.03581488691122075,-0.550949754574015,-0.47680100999349545,0.5816681187959101,0.6335038264644195,0.665,0.593,0.632,True,999,0.00012016692198812962,0.0013193750055506825,power_3x3_bal_strong_300,power,True,30,1891496405,-0.050000000000000266,0,0
300,300,0.037809018537182215,0.10358085150203233,0.031002388581498508,0.10118896284340906,-0.06577183296485012,-0.07018657426191055,0.03399949436902572,-1.934494444269433,-2.064341707559394,0.053052364489340385,0.03898532918855574,0.141,0.057,0.043,True,999,0.00011583301238715649,0.0013100000796839595,power_3x3_bal_strong_300,power,True,31,1891496405,-0.050000000000000266,0,3
300,300,0.05246846404452343,0.13426240726787375,0.045659237398922414,0.12670684745381777,-0.08179394322335032,-0.08104761005489536,0.03751541421541422,-2.180275626271589,-2.160381585806795,0.029237036665622437,0.03074314176515785,0.068,0.037,0.039,True,999,0.00011487491428852081,0.001375082996673882,power_3x3_bal_strong_300,power,True,32,1891496405,-0.050000000000000266,0,0
300,300,0.05524645569900377,0.09923749057827314,0.04843580554654636,0.08872538547369402,-0.043991034879269364,-0.040289579927147656,0.033857406523732675,-1.2993031479960944,-1.1899783256849956,0.19383991446027227,0.2340549110504736,0.324,0.211,0.252,True,999,0.00011674989946186543,0.0013416250003501773,power_3x3_bal_strong_300,power,True,33,1891496405,-0.050000000000000266,0,0
300,300,0.044947749471613285,0.06404422328223691,0.03814059791750424,0.056490145555954996,-0.019096473810623626,-0.01834954763845076,0.0298243111375991,-0.640298906570518,-0.615254701233241,0.5219782914816559,0.5383865279452057,0.652,0.522,0.536,True,999,0.0001943749375641346,0.001344999996945262,power_3x3_bal_strong_300,power,True,34,1891496405,-0.050000000000000266,0,1
300,300,0.09808317177569448,0.09616261774191437,0.09124233011146998,0.08823021310249146,0.0019205540337801086,0.003012117008978521,0.037426371427278296,0.051315528610938445,0.0804811392103893,0.959074094364829,0.9358545962996851,0.962,0.95,0.928,True,999,0.00012295902706682682,0.0013299169950187206,power_3x3_bal_strong_300,power,True,35,1891496405,-0.050000000000000266,0,0
300,300,0.09070485951044249,0.14845709905708981,0.08388064421262698,0.1425702890913101,-0.05775223954664732,-0.05868964487868311,0.03967410377848814,-1.4556658889913325,-1.4792935262347493,0.14548500392107505,0.13906188233394107,0.202,0.136,0.133,True,999,0.000120165990665555,0.0013405830832198262,power_3x3_bal_strong_300,power,True,36,1891496405,-0.050000000000000266,0,1
300,300,0.08957373702527693,0.08233108046725451,0.08274801751639416,0.0747598795069706,0.00724265655802242,0.007988138009423551,0.03725775934930559,0.1943932400797314,0.21440199703185944,0.8458679825996752,0.8302335844684166,0.86,0.823,0.804,True,999,0.00012283306568861008,0.0013587919529527426,power_3x3_bal_strong_300,power,True,37,1891496405,-0.050000000000000266,0,1
300,300,0.05449655523378194,0.103874512581412,0.04768995158826783,0.09480418989726047,-0.049377957347630064,-0.04711423830899264,0.035741275768266786,-1.381538747183466,-1.3182024786821807,0.16711337269926752,0.1874358760005581,0.254,0.164,0.179,True,999,0.00011979101691395044,0.0018268749117851257,power_3x3_bal_strong_300,power,True,38,1891496405,-0.050000000000000266,0,0
300,300,0.03921319799950762,0.06271313098779996,0.03240846004536024,0.056637770191258596,-0.023499932988292338,-0.024229310145898353,0.02858610386025332,-0.8220754077986508,-0.8475905028662286,0.4110339808349447,0.3966660652636582,0.594,0.424,0.407,True,999,0.00012737500946968794,0.0013749579666182399,power_3x3_bal_strong_300,power,True,39,1891496405,-0.050000000000000266,0,1
300,300,0.07400453608078816,0.097069349526137,0.06717482754839921,0.08880145802993411,-0.02306481344534883,-0.021626630481534903,0.036287196486268124,-0.6356185012550382,-0.5959851566300775,0.5250251076439598,0.5511851428053748,0.637,0.552,0.582,True,999,0.00012083293404430151,0.0013441250193864107,power_3x3_bal_strong_300,power,True,40,1891496405,-0.050000000000000266,0,0
300,300,0.050345982963625024,0.11361766959932873,0.04353226516337827,0.10293165225505163,-0.0632716866357037,-0.05939938709167336,0.03638256068568147,-1.7390663395664885,-1.6326334917665724,0.08202309460932795,0.10254610292164046,0.146,0.102,0.119,True,999,0.00012800004333257675,0.0013373750261962414,power_3x3_bal_strong_300,power,True,41,1891496405,-0.050000000000000266,0,0
300,300,0.06367583392410214,0.12407881604916471,0.0568578576977643,0.12012176899412452,-0.060402982125062565,-0.06326391129636022,0.03782008929889149,-1.5971136833575108,-1.6727594373558101,0.11024036858692092,0.0943746630441297,0.212,0.11,0.094,True,999,0.00011795794125646353,0.0013360000448301435,power_3x3_bal_strong_300,power,True,42,1891496405,-0.050000000000000266,0,2
300,300,0.10237432111554834,0.08432260584783108,0.09553828533438491,0.0759994539640445,0.01805171526771726,0.019538831370340404,0.03675096717649203,0.4911902095263535,0.5316548888770071,0.623291922870963,0.5949650412380814,0.69,0.615,0.585,True,999,0.00011787493713200092,0.0013648750027641654,power_3x3_bal_strong_300,power,True,43,1891496405,-0.050000000000000266,0,0
300,300,0.06485067036872638,0.09084097137821623,0.05803738023320193,0.08353398824066005,-0.025990301009489847,-0.02549660800745812,0.03425403166505979,-0.7587515905755639,-0.7443388929153552,0.44800116905769627,0.45667147740975045,0.569,0.451,0.457,True,999,0.00011837505735456944,0.0014111249474808574,power_3x3_bal_strong_300,power,True,44,1891496405,-0.050000000000000266,0,1
300,300,0.07740017261810062,0.12769219925721959,0.07058216307842713,0.11980101690511447,-0.05029202663911897,-0.04921885382668734,0.03881204041211311,-1.2957841459791688,-1.2681336333795608,0.1950498616014269,0.20475023240598145,0.262,0.179,0.189,True,999,0.00012099999003112316,0.001313250046223402,power_3x3_bal_strong_300,power,True,45,1891496405,-0.050000000000000266,0,0
300,300,0.0440422405754044,0.08841581172456703,0.037234064897802455,0.08054578698940418,-0.04437357114916263,-0.04331172209160172,0.03251031221797057,-1.3649075669176274,-1.3322456518169181,0.17228210367107655,0.18277947966961006,0.268,0.175,0.18,True,999,0.00010850001126527786,0.0013186669675633311,power_3x3_bal_strong_300,power,True,46,1891496405,-0.050000000000000266,0,0
300,300,0.06416634196141535,0.0890037263737693,0.05734592813519157,0.07846202699775517,-0.024837384412353947,-0.021116098862563604,0.034897678717792494,-0.7117202440083978,-0.6050860583972771,0.4766380292012925,0.5451218171544432,0.568,0.468,0.533,True,999,0.00011104205623269081,0.0013232920318841934,power_3x3_bal_strong_300,power,True,47,1891496405,-0.050000000000000266,0,0
300,300,0.0764818819806774,0.11305142713717253,0.06964652020798212,0.10374765765870109,-0.03656954515649513,-0.034101137450718966,0.03718040640895674,-0.9835703449353782,-0.9171803308342541,0.32532681201443925,0.35904815195666373,0.408,0.315,0.347,True,999,0.0001168340677395463,0.0013530419673770666,power_3x3_bal_strong_300,power,True,48,1891496405,-0.050000000000000266,0,0
300,300,0.04280054157930868,0.10409593191948174,0.03599658100193892,0.09624772772812662,-0.06129539034017306,-0.0602511467261877,0.034263326197448374,-1.7889503776413218,-1.758473371177684,0.07362280749911468,0.07866699859888354,0.144,0.074,0.078,True,999,0.00011770904529839754,0.001358416979201138,power_3x3_bal_strong_300,power,True,49,1891496405,-0.050000000000000266,0,0
300,300,0.06253064538826236,0.06751345928061059,0.05571950778016799,0.05996050798722763,-0.004982813892348226,-0.004241000207059642,0.03311299765317788,-0.15047909417738933,-0.12807660156532613,0.8803866433543709,0.8980883527756267,0.898,0.863,0.887,True,999,0.0001152500044554472,0.0013944590464234352,power_3x3_bal_strong_300,power,True,50,1891496405,-0.050000000000000266,0,1
300,300,0.05063808092568278,0.12812396034119444,0.04383043798077324,0.12016513620667979,-0.07748587941551166,-0.07633469822590655,0.037267994037742024,-2.0791534778351686,-2.048264206240908,0.03760324609305771,0.040534118215807186,0.069,0.04,0.041,True,999,0.00011720799375325441,0.0013269999762997031,power_3x3_bal_strong_300,power,True,51,1891496405,-0.050000000000000266,0,0
300,300,0.04219398417794995,0.0467652952128525,0.03539159716598306,0.0427588943084487,-0.004571311034902548,-0.007367297142465645,0.02705440197418458,-0.16896736580111849,-0.2723141745840677,0.8658223105954985,0.7853804581744677,0.913,0.862,0.769,True,999,0.00011491705663502216,0.0013371669920161366,power_3x3_bal_strong_300,power,True,52,1891496405,-0.050000000000000266,0,2
300,300,0.04210336488523514,0.059469049626526105,0.035296359356777884,0.0504217083322942,-0.017365684741290965,-0.015125348975516317,0.028742496940505288,-0.6041814939473272,-0.5262364298698405,0.5457229832015986,0.5987239454052438,0.684,0.539,0.59,True,999,0.00011658400762826204,0.0013222920242697,power_3x3_bal_strong_300,power,True,53,1891496405,-0.050000000000000266,0,0
300,300,0.03914549107615217,0.07938304819982978,0.032344911501184015,0.06881968316412213,-0.0402375571236776,-0.03647477166293811,0.03147941468984258,-1.2782180837898804,-1.158686462957247,0.2011725415881469,0.246584010710447,0.342,0.208,0.26,True,999,0.00011795805767178535,0.0013589579612016678,power_3x3_bal_strong_300,power,True,54,1891496405,-0.050000000000000266,0,0
300,300,0.022202353497552174,0.13147390582405438,0.015404219144215858,0.1233063671601542,-0.10927155232650221,-0.10790214801593834,0.035653121762997265,-3.064852302496275,-3.0264432027358965,0.0021777751520517864,0.002474493047186376,0.009,0.003,0.003,True,999,0.00012166693340986967,0.0013703340664505959,power_3x3_bal_strong_300,power,True,55,1891496405,-0.050000000000000266,0,0
300,300,0.07209020844897984,0.11633519536375403,0.06525936761971707,0.10829388919208327,-0.04424498691477419,-0.0430345215723662,0.03753614936266069,-1.1787300420001832,-1.1464820527162292,0.23850568903789504,0.2515957490636619,0.339,0.256,0.27,True,999,0.00011608295608311892,0.0013989170547574759,power_3x3_bal_strong_300,power,True,56,1891496405,-0.050000000000000266,0,0
300,300,0.08861589436063744,0.09433650338699434,0.08179225338801643,0.08499503462115854,-0.005720609026356904,-0.0032027812331421046,0.03729698104072104,-0.1533799483693094,-0.08587239888518836,0.8780986566609967,0.9315678529413621,0.916,0.891,0.94,True,999,0.00014270900283008814,0.0013288749614730477,power_3x3_bal_strong_300,power,True,57,1891496405,-0.050000000000000266,0,0
300,300,0.050612678740543426,0.06586309719588235,0.043804036764868215,0.059723728288375355,-0.015250418455338921,-0.01591969152350714,0.031183047854635697,-0.4890611888366705,-0.510523910225809,0.6247983775676738,0.6096844678489199,0.738,0.641,0.628,True,999,0.00012241594959050417,0.0013192499754950404,power_3x3_bal_strong_300,power,True,58,1891496405,-0.050000000000000266,0,1
300,300,0.04586351854474979,0.1557822630369099,0.03905727265441783,0.14977543096613033,-0.1099187444921601,-0.1107181583117125,0.03823861540424139,-2.8745482369104827,-2.8954541669788534,0.004046059604669414,0.003786103141504191,0.025,0.009,0.009,True,999,0.00011716701555997133,0.0013274160446599126,power_3x3_bal_strong_300,power,True,59,1891496405,-0.050000000000000266,0,1
300,300,0.04129713327745255,0.12123165868458852,0.03449096005596175,0.11204497376240852,-0.07993452540713597,-0.07755401370644677,0.03525609605948823,-2.267254016787935,-2.1997334468226013,0.023374712746078205,0.027825812303817563,0.074,0.019,0.022,True,999,0.00011583301238715649,0.0013540409272536635,power_3x3_bal_strong_300,power,True,60,1891496405,-0.050000000000000266,0,0
300,300,0.047342197938894826,0.16543350351959263,0.040538228898412854,0.1579378386001764,-0.1180913055806978,-0.11739960970176355,0.03877812133928705,-3.045307547198184,-3.027470275689276,0.0023244248691968814,0.0024660996638414603,0.005,0.003,0.003,True,999,0.00012095808051526546,0.0013825830537825823,power_3x3_bal_strong_300,power,True,61,1891496405,-0.050000000000000266,0,1
300,300,0.07523415463211802,0.048690392548115025,0.06840541149045976,0.039136399549391854,0.026543762084002998,0.0292690119410679,0.0305815721441098,0.8679659096308262,0.9570800285591365,0.38541299533392004,0.3385268631006352,0.575,0.397,0.349,True,999,0.00012408301699906588,0.0013119169743731618,power_3x3_bal_strong_300,power,True,62,1891496405,-0.050000000000000266,0,0
300,300,0.04979698911645647,0.12287944909909088,0.04299057100712389,0.11739507201224342,-0.0730824599826344,-0.07440450100511953,0.037698098030382904,-1.9386245938384838,-1.9736937642093504,0.05254706660908659,0.0484165746577889,0.116,0.064,0.06,True,999,0.00011824991088360548,0.001320832991041243,power_3x3_bal_strong_300,power,True,63,1891496405,-0.050000000000000266,0,2
300,300,0.0715980883434082,0.08027980717730443,0.06477890087506921,0.07106439367655071,-0.008681718833896235,-0.006285492801481496,0.03394834606380408,-0.2557331899933922,-0.18514871945950628,0.7981568652169735,0.8531123895278775,0.841,0.785,0.848,True,999,0.00012116599828004837,0.0013487499672919512,power_3x3_bal_strong_300,power,True,64,1891496405,-0.050000000000000266,0,0
300,300,0.055133304350456935,0.09068128184907431,0.04832514193452653,0.0833388995571056,-0.03554797749861738,-0.03501375762257908,0.03282880476386247,-1.0828288679503841,-1.0665559673717326,0.2788843895282137,0.2861723930548554,0.407,0.288,0.292,True,999,0.00011954200454056263,0.0013434170978143811,power_3x3_bal_strong_300,power,True,65,1891496405,-0.050000000000000266,0,1
300,300,0.06704531005981673,0.0677371509936025,0.0602262129912674,0.06185665188293399,-0.00069184093378577,-0.0016304388916665857,0.03266994544599925,-0.021176678575399722,-0.04990638549922184,0.9831047179114136,0.9601969887539502,0.988,0.985,0.958,True,999,0.00011775002349168062,0.001343166921287775,power_3x3_bal_strong_300,power,True,66,1891496405,-0.050000000000000266,0,1
300,300,0.05128502190565287,0.10095774890411235,0.04447896430122,0.09544367145035437,-0.04967272699845948,-0.05096470714913437,0.036668583761024796,-1.3546399097981212,-1.3898738899020415,0.17553231148235393,0.16456717550606925,0.263,0.189,0.179,True,999,0.00011595897376537323,0.001377625041641295,power_3x3_bal_strong_300,power,True,67,1891496405,-0.050000000000000266,0,2
300,300,0.06485304451287721,0.07914557479060025,0.05804151348650066,0.06673525931311985,-0.014292530277723037,-0.008693745826619192,0.03476049075736872,-0.4111717057588788,-0.25010423147654337,0.6809466337924506,0.8025067437070061,0.766,0.712,0.824,True,999,0.00011716701555997133,0.0013093339512124658,power_3x3_bal_strong_300,power,True,68,1891496405,-0.050000000000000266,0,0
300,300,0.0630684484216566,0.13602308528081009,0.05624487695388325,0.12558662801613707,-0.07295463685915349,-0.06934175106225382,0.0384834218554052,-1.8957419413810943,-1.8018603263190434,0.0579941764130742,0.07156738354886087,0.113,0.064,0.084,True,999,0.00011262495536357164,0.0013343329774215817,power_3x3_bal_strong_300,power,True,69,1891496405,-0.050000000000000266,0,0
300,300,0.04864920786690874,0.11505259671907553,0.04184061987842824,0.10278053069382054,-0.06640338885216679,-0.060939910815392295,0.037346543569600654,-1.7780330521997176,-1.6317416550696855,0.07539842659134875,0.1027339209586117,0.147,0.092,0.122,True,999,0.00011316605377942324,0.0013256249949336052,power_3x3_bal_strong_300,power,True,70,1891496405,-0.050000000000000266,0,0
300,300,0.06343494417972173,0.11296752388104808,0.05662117058545846,0.102118835316233,-0.04953257970132635,-0.045497664730774545,0.03739754793103037,-1.3244873645907416,-1.2165948637777708,0.18534123670834746,0.2237583979042882,0.242,0.16,0.2,True,999,0.0001141249667853117,0.0013699170667678118,power_3x3_bal_strong_300,power,True,71,1891496405,-0.050000000000000266,0,0
300,300,0.056345187740783675,0.08427346262544039,0.049532577882871465,0.07416642064420387,-0.027928274884656712,-0.024633842761332403,0.03476674002176829,-0.8033043899764587,-0.7085462354511398,0.4217988212012669,0.478606110579201,0.549,0.436,0.478,True,999,0.00012266600970178843,0.0013478329638019204,power_3x3_bal_strong_300,power,True,72,1891496405,-0.050000000000000266,0,1
300,300,0.0504966768964219,0.1506210978228451,0.04369164672829129,0.13984169342263897,-0.10012442092642321,-0.09615004669434768,0.03903615115798238,-2.5649152889384967,-2.4631026328702554,0.010320099725773612,0.013774048135644144,0.023,0.013,0.014,True,999,0.00012762495316565037,0.0013522920198738575,power_3x3_bal_strong_300,power,True,73,1891496405,-0.050000000000000266,0,0
300,300,0.04098284671490404,0.0715332161808444,0.03417547653555175,0.05951759281045099,-0.030550369465940364,-0.02534211627489924,0.03134571684010202,-0.9746266011966225,-0.8084714222415837,0.32974551346629055,0.4188192509100571,0.43,0.316,0.404,True,999,0.00011729192920029163,0.0013274579541757703,power_3x3_bal_strong_300,power,True,74,1891496405,-0.050000000000000266,0,0
300,300,0.05438194102327509,0.11857829517995999,0.04757150026171075,0.11097487846691934,-0.0641963541566849,-0.06340337820520858,0.03621324678515649,-1.7727312476990726,-1.7508338476625382,0.07627325065148853,0.0799745343923528,0.136,0.081,0.083,True,999,0.00011508294846862555,0.0013231249758973718,power_3x3_bal_strong_300,power,True,75,1891496405,-0.050000000000000266,0,0
300,300,0.06703083366316331,0.1138657828160049,0.06021761234273981,0.1079125297326442,-0.04683494915284159,-0.04769491738990439,0.037450555455803246,-1.2505808948044363,-1.2735436580157238,0.21108742455862362,0.202825190739635,0.315,0.209,0.198,True,999,0.0001206250162795186,0.0013512920122593641,power_3x3_bal_strong_300,power,True,76,1891496405,-0.050000000000000266,0,1
300,300,0.09740665146620175,0.06253877068241542,0.09058354495198273,0.05377201908375184,0.03486788078378633,0.03681152586823089,0.03435158029025771,1.01502989059502,1.0716108416901806,0.3100915793864284,0.2838948616802415,0.468,0.313,0.284,True,999,0.0001271660439670086,0.0013524999376386404,power_3x3_bal_strong_300,power,True,77,1891496405,-0.050000000000000266,0,1
300,300,0.07655297110537918,0.10511244747572057,0.06972169610230594,0.10114448643915352,-0.028559476370341397,-0.031422790336847584,0.03562010574550142,-0.801779662710526,-0.8821644315532688,0.4226804248629926,0.37768789336630215,0.526,0.435,0.395,True,999,0.00012137496378272772,0.0013704169541597366,power_3x3_bal_strong_300,power,True,78,1891496405,-0.050000000000000266,0,2
300,300,0.121010422506727,0.07573595639026232,0.11416702098358655,0.06645590348726671,0.045274466116464684,0.047711117496319844,0.03702341334307389,1.222860401793136,1.2886741979787055,0.22138242699687627,0.197511376251849,0.332,0.214,0.193,True,999,0.00012066704221069813,0.001294999965466559,power_3x3_bal_strong_300,power,True,79,1891496405,-0.050000000000000266,0,0
300,300,0.04343850453599618,0.1263751923573172,0.03663025439715284,0.1175177098858029,-0.08293668782132102,-0.08088745548865006,0.036538180704390764,-2.269863639142673,-2.2137789547614197,0.023215857871945716,0.026843988472073973,0.075,0.035,0.037,True,999,0.0001165829598903656,0.0013337080599740148,power_3x3_bal_strong_300,power,True,80,1891496405,-0.050000000000000266,0,1
300,300,0.10277661442495911,0.09004954298117113,0.09594309216720376,0.08261088798562355,0.012727071443787985,0.01333220418158021,0.03745637645710363,0.3397838404994535,0.35593950730521734,0.7340193180783494,0.7218858682157436,0.799,0.746,0.734,True,999,0.00011545803863555193,0.0013182079419493675,power_3x3_bal_strong_300,power,True,81,1891496405,-0.050000000000000266,0,1
300,300,0.06692425420691506,0.12893008652743498,0.060106366804632216,0.11924983223670438,-0.06200583232051993,-0.05914346543207216,0.038642633941009454,-1.6045964261953765,-1.530523657428699,0.10858264843771359,0.12588716223670027,0.157,0.089,0.106,True,999,0.00011487503070384264,0.001379041001200676,power_3x3_bal_strong_300,power,True,82,1891496405,-0.050000000000000266,0,0
300,300,0.04952690460414089,0.06302259380807163,0.042720854296931066,0.05365051087136408,-0.013495689203930739,-0.010929656574433011,0.03067468976578341,-0.4399617178519839,-0.3563086263589429,0.6599648341570379,0.7216094498052756,0.766,0.656,0.715,True,999,0.0001142079709097743,0.0013643329730257392,power_3x3_bal_strong_300,power,True,83,1891496405,-0.050000000000000266,0,0
300,300,0.07175867328227725,0.11003512163278473,0.06494011970858082,0.1023863904417226,-0.038276448350507475,-0.03744627073314177,0.036538989865627494,-1.0475508078156923,-1.0248304857592072,0.294845611856007,0.30544317913267305,0.412,0.326,0.332,True,999,0.0001135410275310278,0.0013479579938575625,power_3x3_bal_strong_300,power,True,84,1891496405,-0.050000000000000266,0,0
300,300,0.04039389931555348,0.09888348349026688,0.03359158883716873,0.08840360772690303,-0.058489584174713394,-0.054812018889734304,0.03318664313191833,-1.7624435210941578,-1.651628899972021,0.07799439093676058,0.09861022486073859,0.17,0.071,0.089,True,999,0.00012162502389401197,0.001335625071078539,power_3x3_bal_strong_300,power,True,85,1891496405,-0.050000000000000266,0,0
300,300,0.08027108174974851,0.08944485165392058,0.07344120964654621,0.07845430532749731,-0.009173769904172069,-0.005013095680951096,0.0369404288352383,-0.24833956165178583,-0.1357075659113354,0.8038716917355131,0.8920524663267777,0.858,0.809,0.897,True,999,0.00011837494093924761,0.0013284580782055855,power_3x3_bal_strong_300,power,True,86,1891496405,-0.050000000000000266,0,0
300,300,0.10478326836997653,0.12294709110935526,0.09796018219310554,0.11381518581893602,-0.01816382273937872,-0.015855003625830477,0.04035019451853994,-0.45015452728568345,-0.39293499857963476,0.6525990219443527,0.6943674912286397,0.711,0.671,0.699,True,999,0.000114459078758955,0.0013285840395838022,power_3x3_bal_strong_300,power,True,87,1891496405,-0.050000000000000266,0,0
300,300,0.0105181095775837,0.13152846462594975,0.0037260160496543904,0.11932859861970257,-0.12101035504836605,-0.11560258257004818,0.034916514327625575,-3.46570548001763,-3.3108282655403736,0.0005288422453481445,0.0009302027708319781,0.005,0.002,0.003,True,999,0.00011462497059255838,0.0013564580585807562,power_3x3_bal_strong_300,power,True,88,1891496405,-0.050000000000000266,0,0
300,300,0.05999828557044706,0.08049478998340559,0.05318605857996772,0.07339298992339138,-0.020496504412958527,-0.020206931343423662,0.0326290449460248,-0.6281674638918788,-0.6192927613066859,0.5298942419129802,0.535723512267716,0.61,0.533,0.535,True,999,0.00011683302000164986,0.0013289169874042273,power_3x3_bal_strong_300,power,True,89,1891496405,-0.050000000000000266,0,1
300,300,0.052679471647319565,0.09133641701850259,0.04585927262945688,0.07789296564308756,-0.03865694537118303,-0.03203369301363068,0.03474195008219675,-1.112687839333247,-0.9220464866779631,0.2658425201125163,0.3565043282249264,0.382,0.255,0.339,True,999,0.00015483400784432888,0.0013304169988259673,power_3x3_bal_strong_300,power,True,90,1891496405,-0.050000000000000266,0,0
300,300,0.03200530249075695,0.1228750428758335,0.02520700124165387,0.11395440236908883,-0.09086974038507656,-0.08874740112743496,0.03620939739221008,-2.5095623492653276,-2.450949408689349,0.012088087371974199,0.014247997737262066,0.036,0.017,0.022,True,999,0.00011274998541921377,0.001307041966356337,power_3x3_bal_strong_300,power,True,91,1891496405,-0.050000000000000266,0,1
300,300,0.05274778782933054,0.12174326438535688,0.04593371974681304,0.11226495627286681,-0.06899547655602634,-0.06633123652605377,0.03753958932707616,-1.8379390343053645,-1.76696755918454,0.06607138938873107,0.07723366140320559,0.122,0.079,0.091,True,999,0.00011562509462237358,0.0013412919361144304,power_3x3_bal_strong_300,power,True,92,1891496405,-0.050000000000000266,0,0
300,300,0.05733953650383916,0.07273428302873924,0.050528413322012966,0.06549223529071924,-0.015394746524900083,-0.01496382196870627,0.03323123753240674,-0.4632613067715969,-0.4502938524066013,0.6431770770075492,0.6524985711561961,0.732,0.634,0.64,True,999,0.00012308405712246895,0.0012982499320060015,power_3x3_bal_strong_300,power,True,93,1891496405,-0.050000000000000266,0,1
300,300,0.05277737391446391,0.06566076770392193,0.04596602648558701,0.05614645645988503,-0.01288339378945802,-0.010180429974298022,0.030620414703179225,-0.4207452418376416,-0.33247198227008395,0.6739411208891112,0.739532892511004,0.783,0.693,0.756,True,999,0.00011875003110617399,0.0013691249769181013,power_3x3_bal_strong_300,power,True,94,1891496405,-0.050000000000000266,0,0
300,300,0.05652937866566421,0.11702749973093779,0.049719806435689406,0.107795343477747,-0.06049812106527358,-0.05807553704205759,0.03728244501352707,-1.622697251838586,-1.5577180364910677,0.1046541391632979,0.11930010297972804,0.174,0.113,0.129,True,999,0.00013387505896389484,0.0014343749498948455,power_3x3_bal_strong_300,power,True,95,1891496405,-0.050000000000000266,0,0
300,300,0.08174311150320701,0.12765123462440076,0.07491898773838557,0.11652601112834304,-0.045908123121193745,-0.041607023389957476,0.04005984465434795,-1.1459885458195616,-1.0386216858542312,0.25179989146654824,0.29898071613213917,0.315,0.241,0.293,True,999,0.00011216697748750448,0.001300166011787951,power_3x3_bal_strong_300,power,True,96,1891496405,-0.050000000000000266,0,0
300,300,0.03381563640365837,0.07683865282097091,0.027012691361903762,0.06613843233604655,-0.04302301641731254,-0.039125740974142786,0.030741251951962163,-1.3995206338552018,-1.2727439024045817,0.1616569151973858,0.20310893329058255,0.272,0.17,0.211,True,999,0.00011429097503423691,0.0013310000067576766,power_3x3_bal_strong_300,power,True,97,1891496405,-0.050000000000000266,0,0
300,300,0.10281053474890922,0.07081657759086935,0.09596439616990438,0.060108636894995016,0.031993957158039876,0.03585575927490936,0.035361434838628344,0.9047697669521633,1.0139791962214446,0.36558737149433407,0.3105926792687633,0.509,0.386,0.322,True,999,0.00011537503451108932,0.0013338340213522315,power_3x3_bal_strong_300,power,True,98,1891496405,-0.050000000000000266,0,0
300,300,0.05323847426022299,0.10798775789210668,0.04643344912238945,0.09969240405601454,-0.054749283631883694,-0.05325895493362509,0.036591360923965914,-1.496235238302521,-1.4555062612809941,0.13459236474446676,0.1455291580980413,0.242,0.145,0.149,True,999,0.00011804106179624796,0.0013609580928459764,power_3x3_bal_strong_300,power,True,99,1891496405,-0.050000000000000266,0,0
300,300,0.07614306946524652,0.1646846046050271,0.0693206251340257,0.15355029646732987,-0.08854153513978058,-0.08422967133330417,0.041742586696940726,-2.121131969674263,-2.017835452911146,0.03391069825842462,0.043608401232421275,0.061,0.047,0.055,True,999,0.00011620798613876104,0.0013521249638870358,power_3x3_bal_strong_300,power,True,100,1891496405,-0.050000000000000266,0,0
300,300,0.06634375218512023,0.1242007837816903,0.059518576624611796,0.11995452956382735,-0.057857031596570074,-0.060435952939215554,0.039699290451557144,-1.4573820070454362,-1.5223434034157919,0.1450109610072112,0.12792305799330692,0.211,0.155,0.136,True,999,0.00011470902245491743,0.0013614170020446181,power_3x3_bal_strong_300,power,True,101,1891496405,-0.050000000000000266,0,2
300,300,0.038703480837837034,0.17157188573929316,0.03190104732203736,0.1626853305348135,-0.13286840490145613,-0.13078428321277613,0.03741464555391818,-3.5512405084789513,-3.4955371426492103,0.000383419870986485,0.0004731086012233651,0.001,0.001,0.001,True,999,0.00011504103895276785,0.0013235840015113354,power_3x3_bal_strong_300,power,True,102,1891496405,-0.050000000000000266,0,1
300,300,0.04657903641695027,0.0641580180687219,0.039771714172388783,0.05689889675926452,-0.01757898165177163,-0.017127182586875733,0.030976441717773792,-0.5674951891483743,-0.552909941784838,0.5703777941957214,0.5803250794128807,0.684,0.564,0.57,True,999,0.00011741695925593376,0.0013274580705910921,power_3x3_bal_strong_300,power,True,103,1891496405,-0.050000000000000266,0,1
300,300,0.03153382593919907,0.046293387075993175,0.024732961552729193,0.03771959184525997,-0.014759561136794108,-0.012986630292530776,0.02616437638333085,-0.5641090359102664,-0.49634778609913566,0.5726799289496407,0.6196490569588387,0.698,0.555,0.604,True,999,0.00011458306107670069,0.0013259169645607471,power_3x3_bal_strong_300,power,True,104,1891496405,-0.050000000000000266,0,1
300,300,0.07731595282833581,0.10842270470019266,0.07048784512750217,0.10432875608155712,-0.031106751871856853,-0.03384091095405495,0.03847641520003478,-0.8084628391219963,-0.879523489340669,0.41882419007626104,0.3791175028134621,0.533,0.439,0.397,True,999,0.00011591706424951553,0.001371457939967513,power_3x3_bal_strong_300,power,True,105,1891496405,-0.050000000000000266,0,2
300,300,0.061473525693733766,0.03822341942344143,0.05466557793101856,0.02870713532176694,0.023250106270292337,0.02595844260925162,0.02783184365261381,0.8353778700574448,0.9326885754768801,0.4035049858310851,0.35098078524694754,0.606,0.423,0.361,True,999,0.00012924999464303255,0.0013441670453175902,power_3x3_bal_strong_300,power,True,106,1891496405,-0.050000000000000266,0,0
300,300,0.08437979314330235,0.09235496760333001,0.07753450761043723,0.08279896842834944,-0.007975174460027656,-0.005264460817912209,0.035821111481551655,-0.2226389447500806,-0.1469653118000952,0.8238165235626947,0.883159400140984,0.863,0.829,0.89,True,999,0.00012866593897342682,0.001328708021901548,power_3x3_bal_strong_300,power,True,107,1891496405,-0.050000000000000266,0,0
300,300,0.050512561740350126,0.135157065806304,0.04370132482227973,0.12316096604740778,-0.08464450406595386,-0.07945964122512805,0.03766382573867994,-2.24736872598223,-2.1097071172864075,0.02461647197979496,0.03488359107604452,0.052,0.014,0.025,True,999,0.0001154579222202301,0.0013698750408366323,power_3x3_bal_strong_300,power,True,108,1891496405,-0.050000000000000266,0,0
300,300,0.05650913126492263,0.08845275438191036,0.0496999663130282,0.0804534963500032,-0.03194362311698773,-0.030753530036975008,0.033612108267712146,-0.9503605921581787,-0.9149539145843139,0.34192906059313466,0.3602158243471205,0.456,0.338,0.356,True,999,0.00012316706124693155,0.0013172089820727706,power_3x3_bal_strong_300,power,True,109,1891496405,-0.050000000000000266,0,0
300,300,0.04354005036003028,0.12233885657026988,0.03673637993824741,0.11151905215565705,-0.0787988062102396,-0.07478267221740964,0.03635378012584222,-2.1675546789761535,-2.057081050678691,0.030192585174974307,0.039678430144137355,0.059,0.03,0.038,True,999,0.00012008391786366701,0.0013672919012606144,power_3x3_bal_strong_300,power,True,110,1891496405,-0.050000000000000266,0,0
300,300,0.04322844563545969,0.0900733873687945,0.03642448164958978,0.0827365093456649,-0.04684494173333481,-0.04631202769607512,0.03233547776750689,-1.4487165481256044,-1.4322357637348073,0.14741675720268246,0.152076359753063,0.246,0.125,0.128,True,999,0.00012133410200476646,0.00134937500115484,power_3x3_bal_strong_300,power,True,111,1891496405,-0.050000000000000266,0,1
300,300,0.043448047067607964,0.1312894455123662,0.0366437687052894,0.1208071108557931,-0.08784139844475825,-0.0841633421505037,0.03651051767871047,-2.405920376636543,-2.3051807397291415,0.016131780257038358,0.021156453088861982,0.041,0.014,0.02,True,999,0.00011766690295189619,0.0013810419477522373,power_3x3_bal_strong_300,power,True,112,1891496405,-0.050000000000000266,0,0
300,300,0.07261589335099816,0.10383588765865787,0.06579928197101026,0.09512008968115993,-0.031219994307659704,-0.029320807710149666,0.03735233404521337,-0.8358244566422346,-0.7849792646065467,0.4032536657643254,0.4324657260962632,0.493,0.408,0.439,True,999,0.00012275006156414747,0.001329874969087541,power_3x3_bal_strong_300,power,True,113,1891496405,-0.050000000000000266,0,1
300,300,0.03821607046845177,0.08752090612348162,0.03141237008492226,0.07967404060931926,-0.049304835655029855,-0.048261670524397005,0.03169694636202038,-1.5555074325426954,-1.5225968449195677,0.11982526581213192,0.12785959962628277,0.24,0.117,0.126,True,999,0.00011795898899435997,0.0013615420321002603,power_3x3_bal_strong_300,power,True,114,1891496405,-0.050000000000000266,0,0
300,300,0.032771503413238756,0.13369649872512712,0.02596580988694086,0.12748022852603924,-0.10092499531188837,-0.10151441863909838,0.03587117185409722,-2.8135405144384955,-2.8299721863561973,0.004899921118980797,0.00465520508671958,0.018,0.007,0.007,True,999,0.00011866702698171139,0.0013274169759824872,power_3x3_bal_strong_300,power,True,115,1891496405,-0.050000000000000266,0,1
300,300,0.04490667334559806,0.11236023142962193,0.03810122911210101,0.10151248344337205,-0.06745355808402387,-0.06341125433127104,0.03544026682009472,-1.9033027721387676,-1.7892431412315637,0.057001049345053345,0.07357566662350544,0.127,0.073,0.087,True,999,0.00010979198850691319,0.0013332079397514462,power_3x3_bal_strong_300,power,True,116,1891496405,-0.050000000000000266,0,0
300,300,0.06693136824149382,0.10529690111837253,0.06011976200784375,0.0959800790116958,-0.038365532876878716,-0.03586031700385206,0.03694337628894191,-1.038495577036972,-0.9706832619569198,0.29903939336496943,0.3317060294421307,0.405,0.309,0.343,True,999,0.00012079195585101843,0.0013234580401331186,power_3x3_bal_strong_300,power,True,117,1891496405,-0.050000000000000266,0,0
300,300,0.04124044734875776,0.04900850794241102,0.034434768814492145,0.04028729084029692,-0.007768060593653259,-0.005852522025804774,0.027843013331067663,-0.2789949672934839,-0.21019714914529167,0.780248687002432,0.8335138045160742,0.832,0.761,0.818,True,999,0.00011074997019022703,0.0013600829988718033,power_3x3_bal_strong_300,power,True,118,1891496405,-0.050000000000000266,0,1
300,300,0.04400968032794461,0.13703964027439597,0.03719917144167084,0.1247835005646607,-0.09302995994645136,-0.08758432912298986,0.03852976497745743,-2.4144959098733225,-2.273160222343239,0.01575699988068628,0.023016526400935003,0.04,0.021,0.028,True,999,0.00011416699271649122,0.0013420420000329614,power_3x3_bal_strong_300,power,True,119,1891496405,-0.050000000000000266,0,0
300,300,0.03912757082636498,0.08649093239816275,0.03232596190093773,0.07910052105897591,-0.04736336157179777,-0.04677455915803819,0.0320819114287202,-1.4763260498686306,-1.4579729534495538,0.13985638421941599,0.1448479981716638,0.244,0.129,0.136,True,999,0.00011591706424951553,0.0013307079207152128,power_3x3_bal_strong_300,power,True,120,1891496405,-0.050000000000000266,0,1
300,300,0.07671578270190538,0.10314023154739171,0.06988438952703291,0.09385782770509365,-0.026424448845486337,-0.023973438178060746,0.03669410343534501,-0.7201279325994762,-0.6533321687584474,0.4714462307623356,0.5135421580415354,0.557,0.475,0.516,True,999,0.00011700007598847151,0.0013556670164689422,power_3x3_bal_strong_300,power,True,121,1891496405,-0.050000000000000266,0,0
300,300,0.07514632254248599,0.12399025937848362,0.06832530195350728,0.11445531839441969,-0.04884393683599764,-0.046130016440912414,0.03923680288785621,-1.244850070368879,-1.175682345290922,0.21318686708838908,0.23972183609765196,0.28,0.211,0.241,True,999,0.00012124993372708559,0.0013394169509410858,power_3x3_bal_strong_300,power,True,122,1891496405,-0.050000000000000266,0,0
300,300,0.042813697196269374,0.07027455521392628,0.03600998567350189,0.06081514690785639,-0.02746085801765691,-0.0248051612343545,0.030098678652248457,-0.9123609157375918,-0.8241279134192652,0.36157875698115083,0.4098668812081543,0.528,0.366,0.416,True,999,0.00011704105418175459,0.0013423750642687082,power_3x3_bal_strong_300,power,True,123,1891496405,-0.050000000000000266,0,0
300,300,0.047867350408450804,0.0882940630661112,0.04106027764095188,0.08220142091553839,-0.0404267126576604,-0.04114114327458651,0.03464804774412385,-1.1667818330259774,-1.1874014830045905,0.2432984853680189,0.23506929532212428,0.345,0.226,0.22,True,999,0.00012191594578325748,0.0013263330329209566,power_3x3_bal_strong_300,power,True,124,1891496405,-0.050000000000000266,0,1
300,300,0.035275508312537784,0.06674529039024846,0.028474492087696035,0.05721584372618338,-0.03146978207771067,-0.028741351638487345,0.029678822817603805,-1.060344686550188,-0.9684127910032737,0.2889878165285884,0.33283825387817767,0.444,0.29,0.319,True,999,0.00011575000826269388,0.001338833011686802,power_3x3_bal_strong_300,power,True,125,1891496405,-0.050000000000000266,0,0
300,300,0.05222301499020077,0.09928105352774963,0.04541635241889708,0.09302420611390971,-0.04705803853754886,-0.047607853695012636,0.03576610880636944,-1.3157159139763197,-1.3310884321454155,0.18826941081878534,0.18315991481131744,0.291,0.201,0.197,True,999,0.00011412508320063353,0.0013186250580474734,power_3x3_bal_strong_300,power,True,126,1891496405,-0.050000000000000266,0,1
300,300,0.07928007631818845,0.1031642752675711,0.07245131805348137,0.09592598370572603,-0.02388419894938265,-0.023474665652244653,0.037024934224630206,-0.6450841696160016,-0.6340231561202486,0.5188726419666119,0.5260657102144323,0.592,0.511,0.519,True,999,0.00011420808732509613,0.001335958018898964,power_3x3_bal_strong_300,power,True,127,1891496405,-0.050000000000000266,0,1
300,300,0.032009721052904894,0.11865713972430092,0.025210030430457664,0.11292044552030234,-0.08664741867139603,-0.08771041508984467,0.03511612637288407,-2.4674537775414582,-2.497724668104988,0.013607778867644403,0.01249932328151905,0.032,0.012,0.011,True,999,0.00011479109525680542,0.0013600420206785202,power_3x3_bal_strong_300,power,True,128,1891496405,-0.050000000000000266,0,1
300,300,0.042557245461870785,0.13215004280703757,0.035749005329535066,0.12142721890120356,-0.08959279734516679,-0.0856782135716685,0.0373482110294699,-2.398851106267791,-2.2940379528235884,0.016446600717632258,0.021788318814549547,0.04,0.02,0.024,True,999,0.0001272079534828663,0.0014371670549735427,power_3x3_bal_strong_300,power,True,129,1891496405,-0.050000000000000266,0,0
300,300,0.07029299040093018,0.14722062259354074,0.06347817450847515,0.1411537634296991,-0.07692763219261056,-0.07767558892122395,0.039313636540811187,-1.9567671414154875,-1.9757925177079334,0.05037485192967831,0.0481782812265774,0.081,0.042,0.041,True,999,0.00012429209891706705,0.001307707978412509,power_3x3_bal_strong_300,power,True,130,1891496405,-0.050000000000000266,0,1
300,300,0.044041413360411896,0.09204457314144088,0.037236147124417585,0.08254448186426089,-0.04800315978102898,-0.0453083347398433,0.03417492286152301,-1.4046311084750087,-1.3257772350630592,0.16013100115189316,0.1849134956635312,0.278,0.168,0.191,True,999,0.00011858297511935234,0.0013274169759824872,power_3x3_bal_strong_300,power,True,131,1891496405,-0.050000000000000266,0,0
300,300,0.08473443715397622,0.11624161321541748,0.0779076518807642,0.10670537611048303,-0.03150717606144127,-0.028797724229718824,0.03952125140044218,-0.7972211138306403,-0.7286642808430055,0.42532262576361013,0.46620704731839313,0.513,0.454,0.49,True,999,0.00011733302380889654,0.001333791995421052,power_3x3_bal_strong_300,power,True,132,1891496405,-0.050000000000000266,0,0
300,300,0.0860038746753613,0.1141984724684435,0.07918092069957083,0.10548890544619383,-0.0281945977930822,-0.026307984746622992,0.03804230079443877,-0.7411380806179798,-0.6915455741958918,0.45860972225887786,0.4892227509089525,0.535,0.459,0.482,True,999,0.00011841603554785252,0.0013655420625582337,power_3x3_bal_strong_300,power,True,133,1891496405,-0.050000000000000266,0,1
300,300,0.03781043544720464,0.09796414428121314,0.03100717261634145,0.09069814366182527,-0.0601537088340085,-0.05969097104548382,0.03393904508696198,-1.7724042818493189,-1.7587699032939115,0.07632747153543934,0.07861659870075,0.167,0.085,0.088,True,999,0.00012012501247227192,0.001350542064756155,power_3x3_bal_strong_300,power,True,134,1891496405,-0.050000000000000266,0,1
300,300,0.08635267463101459,0.08648176680099728,0.07952343564471676,0.0788993085245977,-0.0001290921699826919,0.0006241271201190557,0.036828551924130606,-0.0035052198155558984,0.016946827597370682,0.9972032449540348,0.9864790351007425,1.0,0.998,0.988,True,999,0.00011650007218122482,0.0013457080349326134,power_3x3_bal_strong_300,power,True,135,1891496405,-0.050000000000000266,0,1
300,300,0.08113880312570543,0.04132136869528891,0.07431758615609851,0.030598639913364423,0.03981743443041652,0.04371894624273409,0.030202293250855744,1.3183579836040544,1.4475373071710496,0.1873838390191246,0.14774649545444746,0.348,0.18,0.137,True,999,0.000116499955765903,0.001354541047476232,power_3x3_bal_strong_300,power,True,136,1891496405,-0.050000000000000266,0,0
300,300,0.07895083333432718,0.12949052871592626,0.07212684177949313,0.12338362919490464,-0.05053969538159908,-0.05125678741541151,0.03956162460312916,-1.277492921198226,-1.295618871307861,0.2014282779846105,0.1951068242755185,0.243,0.187,0.182,True,999,0.00011329096741974354,0.0013045830419287086,power_3x3_bal_strong_300,power,True,137,1891496405,-0.050000000000000266,0,1
300,300,0.042748480971253944,0.08604480447812357,0.03594385906325215,0.07647458992127554,-0.04329632350686963,-0.04053073085802339,0.032779385003907105,-1.3208400188627385,-1.2364701428410683,0.18655471292534764,0.2162838573028356,0.34,0.195,0.213,True,999,0.00011166592594236135,0.0013213750207796693,power_3x3_bal_strong_300,power,True,138,1891496405,-0.050000000000000266,0,0
300,300,0.05108004941764421,0.12638805340617076,0.044266281038233046,0.11539895092772667,-0.07530800398852655,-0.07113266988949363,0.036959168051172706,-2.0376000857015244,-1.924628546589717,0.041589943472309925,0.05427584544842408,0.091,0.035,0.048,True,999,0.00011566700413823128,0.00132695899810642,power_3x3_bal_strong_300,power,True,139,1891496405,-0.050000000000000266,0,0
300,300,0.0663198724125531,0.1359930638964087,0.05949930540094783,0.12674962628972253,-0.06967319148385559,-0.0672503208887747,0.0380689732539132,-1.830183100005034,-1.7665388672351932,0.06722256401990427,0.0773054868481445,0.139,0.08,0.088,True,999,0.00011495896615087986,0.001386582967825234,power_3x3_bal_strong_300,power,True,140,1891496405,-0.050000000000000266,0,0
300,300,0.034493073683539155,0.12253421424137478,0.027692983699637352,0.1141080560279022,-0.08804114055783563,-0.08641507232826484,0.0354066232281377,-2.4865726389821097,-2.440647100726359,0.012898023554127091,0.014660973684044959,0.044,0.012,0.015,True,999,0.00011670798994600773,0.0013257500249892473,power_3x3_bal_strong_300,power,True,141,1891496405,-0.050000000000000266,0,0
300,300,0.037415343795873524,0.09619773547555888,0.03061419093450013,0.08522208376589901,-0.05878239167968535,-0.054607892831398885,0.03388358799100402,-1.7348337400186746,-1.6116325356658538,0.08277025813135967,0.1070419263225492,0.165,0.096,0.115,True,999,0.00011554209049791098,0.0013339580036699772,power_3x3_bal_strong_300,power,True,142,1891496405,-0.050000000000000266,0,0
300,300,0.03800651313914427,0.10132997546495093,0.03120530950917555,0.0940982265826733,-0.06332346232580666,-0.06289291707349776,0.03420890037747525,-1.8510814912806084,-1.8384957241978293,0.06415783038536946,0.06598939134006333,0.124,0.057,0.058,True,999,0.00011500006075948477,0.0013469590339809656,power_3x3_bal_strong_300,power,True,143,1891496405,-0.050000000000000266,0,1
300,300,0.041655139975562916,0.08520540016156358,0.034852715056558736,0.07628081229097461,-0.04355026018600067,-0.04142809723441587,0.031210207888681674,-1.39538513621353,-1.327389339480808,0.16289973112368838,0.18437992430521244,0.292,0.155,0.176,True,999,0.0001240420388057828,0.001329165999777615,power_3x3_bal_strong_300,power,True,144,1891496405,-0.050000000000000266,0,0
300,300,0.05697630740066395,0.07567382333184414,0.050150845093526186,0.06939701166298562,-0.018697515931180186,-0.019246166569459433,0.03222713921506337,-0.5801792025784508,-0.5972036934778105,0.5617937770471569,0.5503713935598584,0.641,0.547,0.534,True,999,0.00011841696687042713,0.0013612089678645134,power_3x3_bal_strong_300,power,True,145,1891496405,-0.050000000000000266,0,1
300,300,0.028916499552443353,0.10676127415441272,0.02211658478569234,0.09933553645252857,-0.07784477460196937,-0.07721895166683623,0.03422868670643895,-2.2742553715134375,-2.255971791412907,0.022950636766006612,0.024072397806319222,0.047,0.03,0.031,True,999,0.00011558295227587223,0.001357999979518354,power_3x3_bal_strong_300,power,True,146,1891496405,-0.050000000000000266,0,1
300,300,0.08325751209480181,0.092833452414944,0.07643636969055478,0.08339772984611216,-0.009575940320142196,-0.006961360155557372,0.036131833257278645,-0.26502780116237673,-0.19266556739561583,0.7909880451297984,0.8472208914063889,0.829,0.781,0.846,True,999,0.0001224169973284006,0.0012905839830636978,power_3x3_bal_strong_300,power,True,147,1891496405,-0.050000000000000266,0,0
300,300,0.08544661244911,0.09085715399934652,0.0786254128939845,0.08006877644403687,-0.005410541550236514,-0.0014433635500523678,0.03786603487241727,-0.14288640383040768,-0.03811763114135185,0.88637989655867,0.9695938939074245,0.913,0.898,0.972,True,999,0.00012241711374372244,0.001328333979472518,power_3x3_bal_strong_300,power,True,148,1891496405,-0.050000000000000266,0,0
300,300,0.022983909622235288,0.08637192903381002,0.016186623160194813,0.07712929279126968,-0.06338801941157474,-0.060942669631074864,0.030785106834476876,-2.059048219400206,-1.9796153366868914,0.039489619479443856,0.047746768333251914,0.148,0.052,0.06,True,999,0.00012137508019804955,0.0013492910657078028,power_3x3_bal_strong_300,power,True,149,1891496405,-0.050000000000000266,0,0
300,300,0.04077759962542005,0.10219956828871313,0.03397633119038801,0.0945392177490163,-0.06142196866329308,-0.06056288655862829,0.035372894821373395,-1.7364134027894158,-1.712126951001882,0.08249076410136376,0.08687327563962097,0.166,0.094,0.099,True,999,0.00011616700794547796,0.0013372090179473162,power_3x3_bal_strong_300,power,True,150,1891496405,-0.050000000000000266,0,1
300,300,0.037757591280579206,0.14396222639716472,0.030947596927035192,0.13652446676850616,-0.10620463511658551,-0.10557686984147097,0.03744755643830833,-2.836089860537326,-2.819326009038798,0.004566959429779498,0.004812461316321089,0.023,0.007,0.007,True,999,0.00011391600128263235,0.0013567080022767186,power_3x3_bal_strong_300,power,True,151,1891496405,-0.050000000000000266,0,1
300,300,0.042778453531079785,0.04509678718876403,0.035975752060323885,0.03444141695212011,-0.002318333657684246,0.001534335108203777,0.027497843983138332,-0.08430965202602239,0.05579837856177491,0.9328102385199044,0.9555024266536646,0.954,0.933,0.951,True,999,0.00011387490667402744,0.0013390419771894813,power_3x3_bal_strong_300,power,True,152,1891496405,-0.050000000000000266,0,0
300,300,0.057203420780889136,0.1661097499124834,0.0503902767475779,0.15789116316372542,-0.10890632913159426,-0.10750088641614752,0.04063731997361549,-2.6799584520412183,-2.645373427330946,0.007363129869766362,0.008160080886707756,0.015,0.009,0.01,True,999,0.00011466606520116329,0.001311708940193057,power_3x3_bal_strong_300,power,True,153,1891496405,-0.050000000000000266,0,0
300,300,0.038574989474641885,0.13207310729742933,0.03177222891207521,0.12670079310757387,-0.09349811782278744,-0.09492856419549867,0.03733380261970519,-2.504382389739161,-2.54269743595297,0.012266537978160396,0.011000043548906156,0.033,0.012,0.011,True,999,0.00011437502689659595,0.0013291249051690102,power_3x3_bal_strong_300,power,True,154,1891496405,-0.050000000000000266,0,2
300,300,0.010812334291171233,0.1190254625563627,0.004020179737437957,0.11305910445489076,-0.10821312826519147,-0.1090389247174528,0.03222913398868395,-3.3576182438903404,-3.383240913508186,0.0007861710984836983,0.0007163576256036332,0.004,0.002,0.002,True,999,0.0001157090300694108,0.0013322089798748493,power_3x3_bal_strong_300,power,True,155,1891496405,-0.050000000000000266,0,1
300,300,0.057568948033809964,0.21065013938129679,0.050754863154963914,0.20002407356400909,-0.15308119134748682,-0.14926921040904517,0.04109969910930753,-3.724630463604044,-3.631880856646985,0.0001956015359464756,0.000281363025829204,0.002,0.002,0.002,True,999,0.00011700007598847151,0.0013564999680966139,power_3x3_bal_strong_300,power,True,156,1891496405,-0.050000000000000266,0,0
300,300,0.030210924675428297,0.14379577458437204,0.02341238750722141,0.1343619357430299,-0.11358484990894374,-0.11094954823580849,0.03637315452270057,-3.122765990451974,-3.05031415866239,0.0017916013393006755,0.0022860210690103045,0.01,0.006,0.007,True,999,0.00011670798994600773,0.0013907919637858868,power_3x3_bal_strong_300,power,True,157,1891496405,-0.050000000000000266,0,0
300,300,0.043113322477061455,0.06881162896703663,0.036307051331675666,0.06364535288321349,-0.025698306489975176,-0.027338301551537825,0.030182875518972672,-0.8514200866587898,-0.9057553689459849,0.3945360375701321,0.3650653487819169,0.527,0.395,0.369,True,999,0.0001232079230248928,0.001314333057962358,power_3x3_bal_strong_300,power,True,158,1891496405,-0.050000000000000266,0,2
300,300,0.08206550923213651,0.08949659605415061,0.07524429056201143,0.08044302737144449,-0.007431086822014099,-0.005198736809433058,0.03562894451185349,-0.20856881739906244,-0.1459132983213543,0.8347848552996622,0.8839898334078832,0.876,0.84,0.886,True,999,0.00011749996338039637,0.0013219589600339532,power_3x3_bal_strong_300,power,True,159,1891496405,-0.050000000000000266,0,0
300,300,0.04342102952816673,0.04078074533370224,0.036616459771209975,0.032816036485129985,0.002640284194464493,0.0038004232860799902,0.025611624302836023,0.10308929114551041,0.14838665604114623,0.9178921041673559,0.8820376304277605,0.946,0.922,0.883,True,999,0.0001165829598903656,0.001326541998423636,power_3x3_bal_strong_300,power,True,160,1891496405,-0.050000000000000266,0,0
300,300,0.03803970646791277,0.09073025972302484,0.031236727302484724,0.08144550959812591,-0.05269055325511207,-0.050208782295641186,0.032510841207870594,-1.6207071640568975,-1.5443704447575497,0.10508045646932605,0.12249861573649433,0.206,0.098,0.109,True,999,0.000118291936814785,0.001333459047600627,power_3x3_bal_strong_300,power,True,161,1891496405,-0.050000000000000266,0,0
300,300,0.04691180979975851,0.1085599609826628,0.040087387165897326,0.10454561992295908,-0.06164815118290429,-0.06445823275706175,0.0345744889151659,-1.7830531445936335,-1.8643293011567126,0.07457765268666146,0.06227547445296365,0.134,0.07,0.058,True,999,0.00011804094538092613,0.0013336670817807317,power_3x3_bal_strong_300,power,True,162,1891496405,-0.050000000000000266,0,2
300,300,0.04395663232831826,0.1335475955756088,0.03715301794329662,0.12416489898332372,-0.08959096324729054,-0.0870118810400271,0.03664719958966842,-2.444687841101726,-2.374311871419433,0.014497756283980735,0.017581693186383057,0.04,0.019,0.021,True,999,0.00011662498582154512,0.0013448339886963367,power_3x3_bal_strong_300,power,True,163,1891496405,-0.050000000000000266,0,0
300,300,0.07690679185888927,0.17245701174850542,0.07007968580381885,0.16312764472252184,-0.09555021988961615,-0.09304795891870299,0.041771302022244335,-2.28746089453312,-2.2275570646362057,0.022168935463586486,0.025910066484686745,0.046,0.031,0.035,True,999,0.0001222920836880803,0.001341374940238893,power_3x3_bal_strong_300,power,True,164,1891496405,-0.050000000000000266,0,0
300,300,0.04889781772457602,0.13029748884632447,0.04209067900825403,0.12258642883935522,-0.08139967112174845,-0.0804957498311012,0.036733692590194655,-2.215940336569281,-2.1913329195929507,0.026695588550155067,0.028427709493571374,0.049,0.035,0.038,True,999,0.00011220795568078756,0.0012825409648939967,power_3x3_bal_strong_300,power,True,165,1891496405,-0.050000000000000266,0,0
300,300,0.06693328605074034,0.11003275485454367,0.06011437800674457,0.10130138389614274,-0.04309946880380333,-0.041187005889398165,0.035715432707520735,-1.2067463708686277,-1.1531991289783607,0.22752983505600866,0.2488286609615713,0.343,0.232,0.259,True,999,0.00011216592974960804,0.001310375053435564,power_3x3_bal_strong_300,power,True,166,1891496405,-0.050000000000000266,0,1
300,300,0.05144771377377744,0.1540979849962233,0.04463921767796819,0.14470692346324654,-0.10265027122244585,-0.10006770578527835,0.03849410773989381,-2.6666489301702416,-2.599559040605376,0.0076611653944703055,0.009334361992426788,0.025,0.012,0.013,True,999,0.00011070806067436934,0.0013597499346360564,power_3x3_bal_strong_300,power,True,167,1891496405,-0.050000000000000266,0,0
300,300,0.09931229469132052,0.08366682985897878,0.09248415511819985,0.07760280954757093,0.01564546483234175,0.014881345570628923,0.03674095179408698,0.4258317781212108,0.4050342967169375,0.6702304292470762,0.6854523009933885,0.743,0.672,0.696,True,999,0.00011458306107670069,0.0013692919164896011,power_3x3_bal_strong_300,power,True,168,1891496405,-0.050000000000000266,0,1
300,300,0.07977688469883959,0.09871659727531856,0.07295668893277707,0.08825166067171608,-0.018939712576478973,-0.015294971738939012,0.03657256328972371,-0.5178666976782762,-0.41820890752923096,0.6045512787540441,0.6757943837077178,0.698,0.618,0.689,True,999,0.00011374999303370714,0.0013581670355051756,power_3x3_bal_strong_300,power,True,169,1891496405,-0.050000000000000266,0,0
300,300,0.06496726073303893,0.09755699021392972,0.058154602347315176,0.09160178970800814,-0.03258972948089078,-0.033447187360692965,0.03526729707614616,-0.9240778903618783,-0.9483910062196326,0.3554457637260239,0.34293043630309705,0.47,0.38,0.37,True,999,0.00011345802340656519,0.0012909580254927278,power_3x3_bal_strong_300,power,True,170,1891496405,-0.050000000000000266,0,1
300,300,0.046981133267021136,0.10352590129517003,0.040165606916957586,0.09470480270314852,-0.056544768028148895,-0.05453919578619093,0.03469298200726252,-1.6298618555277833,-1.5720526928118737,0.1031306970550014,0.11593833145689103,0.189,0.112,0.124,True,999,0.00011758296750485897,0.0013112080050632358,power_3x3_bal_strong_300,power,True,171,1891496405,-0.050000000000000266,0,1
300,300,0.04820872576381818,0.1764693970425506,0.041384582735702224,0.16758700450053254,-0.12826067127873242,-0.12620242176483032,0.039584384048632765,-3.2401835815141986,-3.188187079272977,0.0011945276617797236,0.0014316787612089765,0.009,0.002,0.002,True,999,0.0001140419626608491,0.0013324999017640948,power_3x3_bal_strong_300,power,True,172,1891496405,-0.050000000000000266,0,1
300,300,0.03153003403612087,0.1646900437201937,0.02472980589288909,0.15499821745186182,-0.13316000968407282,-0.13026841155897273,0.03799558316887632,-3.50461813132926,-3.4285145981304668,0.0004572626516129233,0.0006068938958565482,0.006,0.002,0.002,True,999,0.00011608400382101536,0.0013621669495478272,power_3x3_bal_strong_300,power,True,173,1891496405,-0.050000000000000266,0,0
300,300,0.046445605444594085,0.1378633133124536,0.039640866248930706,0.12917713236640793,-0.09141770786785952,-0.08953626611747723,0.03817377345777341,-2.394777869392001,-2.3454916296529955,0.016630436954885027,0.01900200524882691,0.026,0.01,0.012,True,999,0.00011524988804012537,0.0013792919926345348,power_3x3_bal_strong_300,power,True,174,1891496405,-0.050000000000000266,0,1
300,300,0.06296829428601636,0.09727385203768973,0.056156358189582534,0.08628870149615864,-0.03430555775167338,-0.030132343306576104,0.03582010866814343,-0.9577178581309828,-0.8412130623538354,0.3382050492108307,0.4002285840503349,0.452,0.347,0.398,True,999,0.00011879194062203169,0.0013062499929219484,power_3x3_bal_strong_300,power,True,175,1891496405,-0.050000000000000266,0,0
300,300,0.041769103072153646,0.1284228208227297,0.03496777122245476,0.11884694943898921,-0.08665371775057606,-0.08387917821653446,0.037248677087652775,-2.3263569212582884,-2.25186999310477,0.019999517749623073,0.024330488895554087,0.066,0.02,0.026,True,999,0.00011529203038662672,0.0013265410671010613,power_3x3_bal_strong_300,power,True,176,1891496405,-0.050000000000000266,0,0
300,300,0.058024086059786484,0.0903127844286234,0.051201879293046204,0.0808211551240845,-0.03228869836883691,-0.029619275831038294,0.034046963676824214,-0.9483576472581561,-0.8699535180930142,0.3429474127712995,0.38432580656544646,0.484,0.354,0.392,True,999,0.00011495896615087986,0.0013274999801069498,power_3x3_bal_strong_300,power,True,177,1891496405,-0.050000000000000266,0,0
300,300,0.051209477421456207,0.129590955253508,0.04440079381703299,0.12223652615146818,-0.0783814778320518,-0.07783573233443519,0.0377687446373362,-2.0753000552358305,-2.0608503957923685,0.03795873434341928,0.03931731488102881,0.073,0.031,0.034,True,999,0.0001181670231744647,0.0013275409583002329,power_3x3_bal_strong_300,power,True,178,1891496405,-0.050000000000000266,0,1
300,300,0.05368114283630887,0.12311041288713986,0.04687165575688823,0.11491520295643909,-0.069429270050831,-0.06804354719955086,0.0365139114658069,-1.9014470721891124,-1.8634965268859123,0.057243478878912485,0.062392440730297156,0.074,0.048,0.051,True,999,0.00011362496297806501,0.001347250072285533,power_3x3_bal_strong_300,power,True,179,1891496405,-0.050000000000000266,0,0
300,300,0.08766690691647905,0.07369110798627498,0.08081006012190528,0.06577906273096801,0.013975798930204064,0.015030997390937273,0.03369471398706868,0.41477719429723253,0.4460936334614935,0.6783050160034642,0.655529611468701,0.781,0.699,0.671,True,999,0.00013470894191414118,0.001360375084914267,power_3x3_bal_strong_300,power,True,180,1891496405,-0.050000000000000266,0,0
300,300,0.08085258431992526,0.13699506406989204,0.07403297454436597,0.12501245309624665,-0.05614247974996678,-0.050979478551880675,0.04129126009071464,-1.3596698097036715,-1.2346312134791126,0.17393443593737934,0.21696778677070183,0.225,0.166,0.211,True,999,0.00012049998622387648,0.0013086249819025397,power_3x3_bal_strong_300,power,True,181,1891496405,-0.050000000000000266,0,0
300,300,0.050791810499722034,0.0808199284706001,0.0439839412054539,0.07677645751789441,-0.030028117970878065,-0.03279251631244051,0.03521592136296722,-0.8526858536904671,-0.9311843916974683,0.39383353780728036,0.351758190302103,0.514,0.39,0.338,True,999,0.00011162494774907827,0.0013183749979361892,power_3x3_bal_strong_300,power,True,182,1891496405,-0.050000000000000266,0,2
300,300,0.048960044109414236,0.11504407502696168,0.042146292231564075,0.10636012095631031,-0.06608403091754744,-0.06421382872474624,0.03444674248007313,-1.9184406466235802,-1.8641480761756464,0.05505516127198938,0.06230091272861802,0.122,0.062,0.069,True,999,0.0001127920113503933,0.0013228750322014093,power_3x3_bal_strong_300,power,True,183,1891496405,-0.050000000000000266,0,1
300,300,0.09982669274599365,0.10663218611937764,0.09298725548450193,0.10065064986204675,-0.006805493373383986,-0.007663394377544819,0.0394216477092757,-0.17263340750170345,-0.1943955877760448,0.8629395907422863,0.8458661444699364,0.876,0.858,0.846,True,999,0.00011666689533740282,0.0013810000382363796,power_3x3_bal_strong_300,power,True,184,1891496405,-0.050000000000000266,0,1
300,300,0.032498533075689284,0.12265017558833613,0.025697061450955516,0.11328726875842676,-0.09015164251264685,-0.08759020730747125,0.03494071038932949,-2.5801319294349025,-2.506823883415385,0.009876257627971077,0.012182139302299081,0.022,0.009,0.011,True,999,0.00011637492571026087,0.0013445420190691948,power_3x3_bal_strong_300,power,True,185,1891496405,-0.050000000000000266,0,0
300,300,0.07618998342817651,0.09127143294707762,0.06937321518091721,0.08052457854309125,-0.015081449518901113,-0.011151363362174038,0.035588862603637826,-0.4237687977518988,-0.3133385712932047,0.6717344357934378,0.7540234488174884,0.73,0.66,0.751,True,999,0.00011495791841298342,0.0013507080730050802,power_3x3_bal_strong_300,power,True,186,1891496405,-0.050000000000000266,0,0
300,300,0.04007664629461294,0.14188848672010285,0.03327601462348184,0.13400034236383362,-0.10181184042548991,-0.10072432774035178,0.037255797405681655,-2.7327784536954565,-2.7035880253361837,0.006280256031902879,0.006859527669729183,0.021,0.009,0.009,True,999,0.00012079207226634026,0.0013013749849051237,power_3x3_bal_strong_300,power,True,187,1891496405,-0.050000000000000266,0,0
300,300,0.08618229712805436,0.10407742610677168,0.07935809551082684,0.09731190088844244,-0.017895128978717312,-0.017953805377615595,0.03810869099095798,-0.46958130844649776,-0.4711210201860641,0.6386541814436306,0.6375543150871148,0.704,0.621,0.621,True,999,0.00011799996718764305,0.00132379203569144,power_3x3_bal_strong_300,power,True,188,1891496405,-0.050000000000000266,0,2
300,300,0.036936279851383036,0.11061805556650006,0.030134952749847344,0.10006923368007392,-0.07368177571511703,-0.06993428093022658,0.03436189636186223,-2.1442872343010544,-2.035227631029282,0.0320098790375299,0.04182797404186703,0.083,0.035,0.048,True,999,0.0001163750421255827,0.001325374934822321,power_3x3_bal_strong_300,power,True,189,1891496405,-0.050000000000000266,0,0
300,300,0.08152119373392552,0.07623852351908905,0.07469638880672846,0.06683813611003586,0.005282670214836471,0.007858252696692603,0.03490378509156159,0.15134949407288267,0.2251404160344899,0.8797000282974573,0.8218700405172757,0.921,0.886,0.83,True,999,0.00011866702698171139,0.0013577919453382492,power_3x3_bal_strong_300,power,True,190,1891496405,-0.050000000000000266,0,0
300,300,0.061089415353761334,0.06890451774562067,0.054271809078329625,0.06082010772693991,-0.007815102391859341,-0.0065482986486102845,0.03081878069869161,-0.25358246545396673,-0.212477538051604,0.7998181444750257,0.8317344997532501,0.863,0.803,0.832,True,999,0.00011908297892659903,0.0013848749222233891,power_3x3_bal_strong_300,power,True,191,1891496405,-0.050000000000000266,0,0
300,300,0.0604830678735806,0.09680631456556626,0.0536659241525399,0.08938047745328959,-0.03632324669198567,-0.035714553300749685,0.03455264651086001,-1.051243547453569,-1.0336271431343032,0.2931467473019671,0.30131050507962853,0.391,0.299,0.304,True,999,0.00011733395513147116,0.0013028340181335807,power_3x3_bal_strong_300,power,True,192,1891496405,-0.050000000000000266,0,1
300,300,0.06251173594163362,0.13657333074948153,0.05569948159489968,0.12581042903221373,-0.07406159480784791,-0.07011094743731405,0.03947934185577139,-1.8759581929814013,-1.7758894688125277,0.06066102084198828,0.07575113708438636,0.095,0.062,0.074,True,999,0.0001420410117134452,0.0012738750083371997,power_3x3_bal_strong_300,power,True,193,1891496405,-0.050000000000000266,0,0
300,300,0.06597588133554688,0.08625640621863367,0.0591613485689777,0.07559370121633435,-0.020280524883086792,-0.01643235264735665,0.034707021745729046,-0.5843349231076694,-0.4734590241635693,0.5589950005568017,0.6358857281844379,0.644,0.557,0.633,True,999,0.00011124997399747372,0.0013020829064771533,power_3x3_bal_strong_300,power,True,194,1891496405,-0.050000000000000266,0,0
300,300,0.029324466764861112,0.08285583486813458,0.02252150450414092,0.07218484599646047,-0.05353136810327347,-0.049663341492319546,0.03137793945490549,-1.706019229854324,-1.582747062269425,0.08800449932203153,0.11347912692576058,0.221,0.098,0.123,True,999,0.00011912500485777855,0.0013262080028653145,power_3x3_bal_strong_300,power,True,195,1891496405,-0.050000000000000266,0,0
300,300,0.06386813187235729,0.13163220334442438,0.057049179775162884,0.12541782538980328,-0.06776407147206709,-0.0683686456146404,0.03814920372120608,-1.776290587014243,-1.792138208552861,0.07568503390010373,0.07311082975879891,0.145,0.093,0.091,True,999,0.00011637492571026087,0.001343333045952022,power_3x3_bal_strong_300,power,True,196,1891496405,-0.050000000000000266,0,1
300,300,0.06030872568375867,0.13024603402763235,0.05349013818073445,0.12284092061769059,-0.06993730834387368,-0.06935078243695614,0.038477632631582985,-1.8176094411397896,-1.8023661460926792,0.06912384760625695,0.07148781785323255,0.138,0.074,0.077,True,999,0.00011654209811240435,0.001361041096970439,power_3x3_bal_strong_300,power,True,197,1891496405,-0.050000000000000266,0,1
300,300,0.07093709372747914,0.11815182465982399,0.06411896239410453,0.10444303370384489,-0.04721473093234485,-0.04032407130974036,0.03863766158001205,-1.2219872787738757,-1.043646785565323,0.2217124377046903,0.29664883852261004,0.291,0.198,0.266,True,999,0.00011508306488394737,0.001300124917179346,power_3x3_bal_strong_300,power,True,198,1891496405,-0.050000000000000266,0,0
300,300,0.07890895999404646,0.1499126183319317,0.07208975149694652,0.1404260145098135,-0.07100365833788524,-0.068336263012867,0.04109602336803128,-1.7277500964514052,-1.6628436868669385,0.08403303779544875,0.09634372914920072,0.132,0.079,0.092,True,999,0.00011799996718764305,0.001350790960714221,power_3x3_bal_strong_300,power,True,199,1891496405,-0.050000000000000266,0,0
300,300,0.0538777523185654,0.11169059002612691,0.047056265688695476,0.1009287281634812,-0.057812837707561515,-0.05387246247478572,0.036560564502887694,-1.5812895258495048,-1.4735128739746528,0.11381185339703596,0.14061279505422375,0.194,0.132,0.157,True,999,0.00011862500105053186,0.0012992499396204948,power_3x3_bal_strong_300,power,True,200,1891496405,-0.050000000000000266,0,0
300,300,0.04867773620407401,0.15024192548398752,0.04186956226840266,0.14142973943340564,-0.10156418927991351,-0.09956017716500298,0.037640412320551715,-2.6982751521151465,-2.645034180739912,0.006969980482016401,0.008168266550808111,0.035,0.008,0.012,True,999,0.00011912500485777855,0.0013115829788148403,power_3x3_bal_strong_300,power,True,201,1891496405,-0.050000000000000266,0,1
300,300,0.06893465919268094,0.10117372721485829,0.06211525938704199,0.09368566631063402,-0.03223906802217735,-0.03157040692359203,0.037067198812387916,-0.8697465429031288,-0.8517073837541009,0.384438930958824,0.394376521430745,0.491,0.373,0.383,True,999,0.00011724990326911211,0.0013642910635098815,power_3x3_bal_strong_300,power,True,202,1891496405,-0.050000000000000266,0,1
300,300,0.06970821765753255,0.08216860739290421,0.06288588834814846,0.07431132693990605,-0.012460389735371669,-0.011425438591757597,0.033505809694859855,-0.3718874382935215,-0.34099873113976353,0.7099766582455997,0.7331045369588478,0.761,0.683,0.71,True,999,0.00011583301238715649,0.0013561670202761889,power_3x3_bal_strong_300,power,True,203,1891496405,-0.050000000000000266,0,0
300,300,0.029879836971480334,0.10704333125863297,0.023077369489556077,0.09490008950184858,-0.07716349428715263,-0.0718227200122925,0.03390276279942397,-2.276023778465149,-2.1184916532381495,0.022844586462628987,0.03413345106262335,0.052,0.025,0.036,True,999,0.00011741707567125559,0.0012931659584864974,power_3x3_bal_strong_300,power,True,204,1891496405,-0.050000000000000266,0,0
300,300,0.08859159253773541,0.1460234379971418,0.08176550220701984,0.1404320871490654,-0.05743184545940638,-0.058666584942045574,0.0418274266402372,-1.373066671143427,-1.4025865240681439,0.16973162108004947,0.16074017262040474,0.259,0.18,0.168,True,999,0.00011775002349168062,0.0013347499771043658,power_3x3_bal_strong_300,power,True,205,1891496405,-0.050000000000000266,0,2
300,300,0.06724986007132938,0.05614587664793447,0.06043243701878964,0.04694596570013232,0.011103983423394914,0.013486471318657323,0.030480390541852313,0.3642992503048197,0.44246386213914113,0.7156345596362284,0.6581535752117902,0.802,0.721,0.668,True,999,0.00011912500485777855,0.0013376669958233833,power_3x3_bal_strong_300,power,True,206,1891496405,-0.050000000000000266,0,0
300,300,0.06084703983766593,0.15165964876724963,0.054035775418185494,0.14551417884194962,-0.0908126089295837,-0.09147840342376412,0.03785398289108225,-2.3990238805485804,-2.416612373048725,0.01643884256601712,0.015665689881147266,0.05,0.016,0.016,True,999,0.00011933303903788328,0.0013430420076474547,power_3x3_bal_strong_300,power,True,207,1891496405,-0.050000000000000266,0,1
300,300,0.07502681555482638,0.1463830225707058,0.06820385847044008,0.13415952513561535,-0.07135620701587941,-0.06595566666517527,0.041250236073953894,-1.7298375429403892,-1.5989161018843432,0.08365930473693156,0.10983924574185584,0.147,0.096,0.123,True,999,0.00011899997480213642,0.001373708015307784,power_3x3_bal_strong_300,power,True,208,1891496405,-0.050000000000000266,0,0
300,300,0.052754894112011064,0.17607568003988083,0.04594733490495173,0.16733673020529238,-0.12332078592786977,-0.12138939530034065,0.03821457053173091,-3.2270619350666823,-3.1765212486045535,0.0012506838543130962,0.001490528699373151,0.003,0.001,0.001,True,999,0.00016145803965628147,0.0013059579068794847,power_3x3_bal_strong_300,power,True,209,1891496405,-0.050000000000000266,0,1
300,300,0.06799609085412839,0.1023594851482218,0.061174777845792505,0.09173481135938744,-0.03436339429409341,-0.03056003351359493,0.037302448984401375,-0.9212101411481862,-0.8192500585249538,0.35694072467060634,0.41264375978524026,0.432,0.355,0.405,True,999,0.00011483300477266312,0.0013355830451473594,power_3x3_bal_strong_300,power,True,210,1891496405,-0.050000000000000266,0,0
300,300,0.039945385286743074,0.09295554492323155,0.033139275652843025,0.08374900681101849,-0.053010159636488474,-0.050609731158175464,0.033279402534414027,-1.5928819509806702,-1.5207523964963088,0.11118667603534445,0.1283219844806231,0.197,0.103,0.132,True,999,0.00011866702698171139,0.0013358329888433218,power_3x3_bal_strong_300,power,True,211,1891496405,-0.050000000000000266,0,0
300,300,0.040571371956334534,0.08844120002982858,0.03376723070027765,0.0792497164021313,-0.04786982807349405,-0.04548248570185365,0.03297481649891705,-1.4517087024598354,-1.3793097439480027,0.14658261854092064,0.16779927354043078,0.253,0.145,0.164,True,999,0.00011970801278948784,0.0013288749614730477,power_3x3_bal_strong_300,power,True,212,1891496405,-0.050000000000000266,0,0
300,300,0.03670315636036414,0.09106534698091578,0.029899806158823594,0.0818005509053421,-0.05436219062055164,-0.05190074474651851,0.031491959973485265,-1.7262244289120787,-1.648063340300714,0.0843070447974655,0.09933967408388693,0.221,0.095,0.114,True,999,0.00011866702698171139,0.0013734580716118217,power_3x3_bal_strong_300,power,True,213,1891496405,-0.050000000000000266,0,0
300,300,0.04576820509671986,0.14823280371010294,0.0389641256852542,0.14225046696074628,-0.10246459861338308,-0.10328634127549208,0.037522750689565336,-2.7307326016980245,-2.7526324530417456,0.006319372175019267,0.005911822650940767,0.015,0.008,0.007,True,999,0.00012133305426687002,0.0013626659056171775,power_3x3_bal_strong_300,power,True,214,1891496405,-0.050000000000000266,0,1
300,300,0.06493987802364987,0.14106461096821477,0.058125289083704956,0.13363906846859663,-0.0761247329445649,-0.07551377938489168,0.03846637354147822,-1.9789942730754106,-1.9631114771831897,0.047816651056130394,0.04963322223614792,0.106,0.046,0.049,True,999,0.0001128750154748559,0.0012997080339118838,power_3x3_bal_strong_300,power,True,215,1891496405,-0.050000000000000266,0,1
300,300,0.03829804822408134,0.07598591941501232,0.0314950506657965,0.07028364746895477,-0.03768787119093098,-0.03878859680315827,0.03037036581694621,-1.2409422862434443,-1.2771856959824572,0.2146270700258991,0.201536695740541,0.384,0.235,0.217,True,999,0.00011395907495170832,0.0013332919916138053,power_3x3_bal_strong_300,power,True,216,1891496405,-0.050000000000000266,0,1
300,300,0.0387576878086735,0.09596334417319557,0.031948379858022236,0.08548685361327557,-0.05720565636452207,-0.053538473755253335,0.03263475000413873,-1.752906222884112,-1.6405357402297736,0.07961810527676116,0.10089382359241403,0.177,0.081,0.1,True,999,0.00011670798994600773,0.001328249927610159,power_3x3_bal_strong_300,power,True,217,1891496405,-0.050000000000000266,0,0
300,300,0.042719032813307134,0.058475137654277365,0.035916975105408255,0.05130433176675808,-0.01575610484097023,-0.015387356661349827,0.028760242895919396,-0.5478432465953117,-0.5350217909158562,0.5837995408076314,0.5926347891308816,0.674,0.565,0.567,True,999,0.00011675001587718725,0.001361332950182259,power_3x3_bal_strong_300,power,True,218,1891496405,-0.050000000000000266,0,1
300,300,0.03127331806535327,0.03203437412418292,0.024469684173311634,0.021333532387330933,-0.0007610560588296456,0.003136151785980701,0.022710728668902856,-0.03351086043627202,0.13809120049392967,0.9732672053213095,0.8901683401384854,0.983,0.97,0.885,True,999,0.00011633301619440317,0.0013716670218855143,power_3x3_bal_strong_300,power,True,219,1891496405,-0.050000000000000266,0,0
300,300,0.06053076004632363,0.1406267591829003,0.05371800891515477,0.13302450385802445,-0.08009599913657667,-0.07930649494286968,0.03824663112026795,-2.0941974963680283,-2.073555045763049,0.03624239071619056,0.038120653875856225,0.06,0.043,0.046,True,999,0.0001163750421255827,0.001361291971988976,power_3x3_bal_strong_300,power,True,220,1891496405,-0.050000000000000266,0,0
300,300,0.05792564168947023,0.06608830966628443,0.05111477776489437,0.0600264780756703,-0.008162667976814197,-0.008911700310775927,0.030492969358999134,-0.26769016427077535,-0.292254263789692,0.7889378213785205,0.7700922251576172,0.843,0.778,0.763,True,999,0.00011516700033098459,0.001326541998423636,power_3x3_bal_strong_300,power,True,221,1891496405,-0.050000000000000266,0,1
300,300,0.08072061464151425,0.13787600085244017,0.07390061208081988,0.13175738699035833,-0.05715538621092592,-0.057856774909538444,0.03931117889588036,-1.4539219584919534,-1.4717639240170837,0.1459679441329018,0.14108463872832497,0.236,0.15,0.142,True,999,0.00012341700494289398,0.0013292089570313692,power_3x3_bal_strong_300,power,True,222,1891496405,-0.050000000000000266,0,1
300,300,0.03772219235834129,0.07434050809924109,0.03092005660596442,0.06516178293719577,-0.0366183157408998,-0.03424172633123135,0.030552766438656318,-1.1985270078381236,-1.1207406177107302,0.2307119152001259,0.26239828740680726,0.394,0.238,0.275,True,999,0.00011470902245491743,0.0013252919306978583,power_3x3_bal_strong_300,power,True,223,1891496405,-0.050000000000000266,0,0
300,300,0.03429912417265979,0.15639608561740992,0.027498655499243796,0.145594573895778,-0.12209696144475013,-0.11809591839653422,0.037422428120171665,-3.2626680730782587,-3.1557524278569575,0.00110368705547255,0.0016008467684771543,0.004,0.003,0.003,True,999,0.00011604093015193939,0.001345125027000904,power_3x3_bal_strong_300,power,True,224,1891496405,-0.050000000000000266,0,0
300,300,0.0665162336893339,0.11751874834155063,0.05969876105308458,0.10678548363024731,-0.051002514652216724,-0.04708672257716273,0.03661595644440734,-1.3929040671012367,-1.2859618360277647,0.16364880240239632,0.19845638115240005,0.251,0.185,0.217,True,999,0.00011583301238715649,0.0013807499781250954,power_3x3_bal_strong_300,power,True,225,1891496405,-0.050000000000000266,0,0
300,300,0.05060807293353031,0.05267090326966828,0.04379639994658646,0.04667379748721601,-0.0020628303361379663,-0.002877397540629545,0.028676164858339966,-0.07193536326521807,-0.10034108657290355,0.9426533471219183,0.9200735397012394,0.957,0.933,0.912,True,999,0.00012029206845909357,0.001329874969087541,power_3x3_bal_strong_300,power,True,226,1891496405,-0.050000000000000266,0,1
300,300,0.051048404365033884,0.06831326310866442,0.04424225983723318,0.061002497232010455,-0.01726485874363054,-0.016760237394777278,0.03193453027903845,-0.5406329322139128,-0.5248311858145148,0.5887606142029413,0.599700550108679,0.672,0.587,0.595,True,999,0.0001152500044554472,0.001346791977994144,power_3x3_bal_strong_300,power,True,227,1891496405,-0.050000000000000266,0,1
300,300,0.045367904410748894,0.10413571344293104,0.03856268017784714,0.09458485769694391,-0.05876780903218215,-0.05602217751909677,0.03499832307597212,-1.679160710203536,-1.600710336820636,0.09312072691869246,0.10944109062155552,0.148,0.087,0.101,True,999,0.00011908297892659903,0.001296208007261157,power_3x3_bal_strong_300,power,True,228,1891496405,-0.050000000000000266,0,0
300,300,0.04525895625496368,0.1549850467906887,0.03844647133405488,0.14631380062103005,-0.10972609053572502,-0.10786732928697518,0.03816916771004897,-2.8747310229360052,-2.826033046001589,0.0040437182062504915,0.004712840175783158,0.015,0.006,0.006,True,999,0.00011362496297806501,0.0013134999899193645,power_3x3_bal_strong_300,power,True,229,1891496405,-0.050000000000000266,0,1
300,300,0.02203508500666862,0.1507555086115202,0.01523779431136063,0.13966329122224863,-0.12872042360485159,-0.124425496910888,0.03730090361909147,-3.4508660948087457,-3.335723396448877,0.0005587907380855385,0.0008507776743093018,0.002,0.001,0.001,True,999,0.00011270795948803425,0.0013574580661952496,power_3x3_bal_strong_300,power,True,230,1891496405,-0.050000000000000266,0,0
300,300,0.04020145984078627,0.09350375142337503,0.033396183556646974,0.08635742234285715,-0.05330229158258876,-0.052961238786210174,0.032990582190969495,-1.6156820535643406,-1.6053441700312656,0.10616307307786012,0.1084180836549146,0.22,0.116,0.116,True,999,0.00012954208068549633,0.0013947499683126807,power_3x3_bal_strong_300,power,True,231,1891496405,-0.050000000000000266,0,1
300,300,0.05004330262769274,0.16710874541001197,0.043236399394515956,0.16096473506902953,-0.11706544278231923,-0.11772833567451357,0.04053052699676317,-2.888327674388943,-2.90468307219187,0.003872961797109274,0.003676251399681283,0.013,0.008,0.008,True,999,0.00011437502689659595,0.0012919589644297957,power_3x3_bal_strong_300,power,True,232,1891496405,-0.050000000000000266,0,1
300,300,0.05779432603776469,0.11104532990218152,0.050988137190358884,0.09910279550798862,-0.053251003864416835,-0.04811465831762973,0.037408996188701214,-1.4234812288414316,-1.2861788131102536,0.15459669987519506,0.1983806634527583,0.245,0.168,0.205,True,999,0.00011245906352996826,0.0013571670278906822,power_3x3_bal_strong_300,power,True,233,1891496405,-0.050000000000000266,0,0
300,300,0.06493059464419937,0.10997902814083693,0.058115762958209416,0.1007706712254901,-0.04504843349663756,-0.04265490826728069,0.03629862802688612,-1.2410505835997585,-1.1751107572354118,0.21458706307086617,0.23995040750708396,0.31,0.227,0.246,True,999,0.00012170802801847458,0.0013152919709682465,power_3x3_bal_strong_300,power,True,234,1891496405,-0.050000000000000266,0,0
300,300,0.04526739354787157,0.09747369859942828,0.03846122101600713,0.09010272051284574,-0.05220630505155671,-0.051641499496838605,0.035121639862922896,-1.4864426961643582,-1.4703612843361378,0.1371620634846885,0.14146393111511946,0.211,0.142,0.145,True,999,0.00011429202277213335,0.0013532500015571713,power_3x3_bal_strong_300,power,True,235,1891496405,-0.050000000000000266,0,1
300,300,0.04467491868331663,0.13306823766481707,0.03786523503993067,0.12397983270197699,-0.08839331898150043,-0.08611459766204632,0.039132298290827275,-2.2588328016047066,-2.2006015854742635,0.023893787292352843,0.02776424126214742,0.064,0.021,0.023,True,999,0.00011487503070384264,0.001374750048853457,power_3x3_bal_strong_300,power,True,236,1891496405,-0.050000000000000266,0,1
300,300,0.04638179085335126,0.1024808138024082,0.03957721459323693,0.09194511223915924,-0.05609902294905694,-0.05236789764592231,0.034515867532774955,-1.6253111093263828,-1.5172122675518949,0.10409628548758783,0.12921310002451497,0.18,0.091,0.114,True,999,0.00011437502689659595,0.001358875073492527,power_3x3_bal_strong_300,power,True,237,1891496405,-0.050000000000000266,0,0
300,300,0.06882961272364119,0.06025010239265127,0.06201214284612888,0.049577713402300105,0.008579510330989915,0.012434429443828776,0.03215464297184889,0.2668202641373192,0.3867071220387989,0.7896075511864127,0.6989730429781356,0.859,0.819,0.727,True,999,0.0001194999786093831,0.0012996250297874212,power_3x3_bal_strong_300,power,True,238,1891496405,-0.050000000000000266,0,0
300,300,0.06676410250011333,0.11612349865775073,0.05994541581418389,0.10534360177750557,-0.0493593961576374,-0.04539818596332168,0.03801762622669523,-1.2983292503143766,-1.1941352069857525,0.19417421926420975,0.23242508321116517,0.274,0.199,0.237,True,999,0.00012187508400529623,0.0013059170451015234,power_3x3_bal_strong_300,power,True,239,1891496405,-0.050000000000000266,0,0
300,300,0.03691993210878408,0.06910921658966246,0.030115907800848163,0.05697904627820094,-0.03218928448087838,-0.026863138477352777,0.029902522702940127,-1.0764738748183746,-0.8983569294209245,0.2817153787761465,0.36899529082046456,0.431,0.291,0.365,True,999,0.00011512497439980507,0.0013302499428391457,power_3x3_bal_strong_300,power,True,240,1891496405,-0.050000000000000266,0,0
300,300,0.05811302198400514,0.17485505212270835,0.05129500981018964,0.16783175050350962,-0.11674203013870321,-0.11653674069331998,0.04193562030516918,-2.7838393539707114,-2.778944006199787,0.005371963367739722,0.00545359249361785,0.014,0.008,0.008,True,999,0.0001165829598903656,0.0013600829988718033,power_3x3_bal_strong_300,power,True,241,1891496405,-0.050000000000000266,0,2
300,300,0.045678582962169756,0.09713356459657574,0.038874398994835246,0.08944304070215026,-0.05145498163440598,-0.05056864170731501,0.03333833674423481,-1.5434177784320353,-1.5168315712708684,0.12272944282543057,0.12930921381410654,0.229,0.106,0.113,True,999,0.00011433393228799105,0.001399459084495902,power_3x3_bal_strong_300,power,True,242,1891496405,-0.050000000000000266,0,0
300,300,0.039855844003783725,0.09236801334228367,0.033052763962814424,0.08306749074246511,-0.05251216933849995,-0.05001472677965069,0.03337748886946983,-1.5732810081627344,-1.4984568484239336,0.11565376491844193,0.134014595933354,0.197,0.113,0.121,True,999,0.00011583406012505293,0.0013211659388616681,power_3x3_bal_strong_300,power,True,243,1891496405,-0.050000000000000266,0,0
300,300,0.05739446827667383,0.14351760267911862,0.05058638768940682,0.13763232845650464,-0.08612313440244479,-0.08704594076709782,0.03638541562869489,-2.366968548093893,-2.392330533073536,0.017934456846220834,0.01674175757036517,0.044,0.023,0.019,True,999,0.00011437502689659595,0.0013316250406205654,power_3x3_bal_strong_300,power,True,244,1891496405,-0.050000000000000266,0,1
300,300,0.0542892653984437,0.102465984750021,0.04748049367879048,0.09427914200291809,-0.0481767193515773,-0.04679864832412761,0.03493792171012277,-1.3789234445968426,-1.3394800272441039,0.16791835882967243,0.18041445222844188,0.28,0.174,0.187,True,999,0.0001134589547291398,0.0013187499716877937,power_3x3_bal_strong_300,power,True,245,1891496405,-0.050000000000000266,0,0
300,300,0.032445596910473995,0.05918685871478491,0.025641298293692216,0.04990385452110502,-0.026741261804310912,-0.0242625562274128,0.02739201200133561,-0.9762430668841352,-0.8857529788695252,0.32894402590320937,0.37575065292572285,0.543,0.359,0.398,True,999,0.00011604197788983583,0.0013278339756652713,power_3x3_bal_strong_300,power,True,246,1891496405,-0.050000000000000266,0,0
300,300,0.06230558099327377,0.05046643879933649,0.055492050500447476,0.04433543746876012,0.01183914219393728,0.011156613031687357,0.0299683026625296,0.39505548002690744,0.37228044435218727,0.6928019438501369,0.7096840570893206,0.791,0.709,0.727,True,999,0.00011487503070384264,0.001371458056382835,power_3x3_bal_strong_300,power,True,247,1891496405,-0.050000000000000266,0,1
300,300,0.07261755115534818,0.12905737728773747,0.0658004937934038,0.11998180478188658,-0.05643982613238929,-0.05418131098848278,0.03991972670695778,-1.4138329790357045,-1.3572565610535425,0.15741094796413957,0.17469970450871697,0.231,0.15,0.176,True,999,0.0001331249950453639,0.001354500069282949,power_3x3_bal_strong_300,power,True,248,1891496405,-0.050000000000000266,0,1
300,300,0.06057540016554741,0.10292080240765528,0.05376063044622015,0.09512837488367154,-0.042345402242107866,-0.04136774443745139,0.0349859617569014,-1.210354099634112,-1.182409811252112,0.22614304677405328,0.2370431320863221,0.361,0.232,0.24,True,999,0.00011491600889712572,0.0013241670094430447,power_3x3_bal_strong_300,power,True,249,1891496405,-0.050000000000000266,0,1
300,300,0.058997522983070816,0.07711190446962801,0.05217365679578734,0.06636042049417767,-0.018114381486557196,-0.014186763698390337,0.031962948172435425,-0.5667306216195315,-0.44385028633325135,0.5708972129776038,0.65715082905091,0.649,0.53,0.621,True,999,0.00011395802721381187,0.0013321669539436698,power_3x3_bal_strong_300,power,True,250,1891496405,-0.050000000000000266,0,0
300,300,0.05685360521937244,0.0863023743896007,0.05003853529507296,0.07260420554825942,-0.02944876917022826,-0.022565670253186454,0.034369358880098844,-0.8568320774607237,-0.6565636074827346,0.3915376950401437,0.5114615555849577,0.509,0.398,0.506,True,999,0.00011395802721381187,0.001326457946561277,power_3x3_bal_strong_300,power,True,251,1891496405,-0.050000000000000266,0,0
300,300,0.03525355840299471,0.1286232579426711,0.028450679175193727,0.11643412607320158,-0.09336969953967639,-0.08798344689800786,0.03800917581335612,-2.456504187256463,-2.3147949150502543,0.01402961671578052,0.020624158353487392,0.027,0.012,0.019,True,999,0.0001153749180957675,0.0013585829874500632,power_3x3_bal_strong_300,power,True,252,1891496405,-0.050000000000000266,0,0
300,300,0.05971111755773717,0.11168068525028702,0.052899265278995244,0.10238918667356245,-0.051969567692549845,-0.049489921394567205,0.03550207093801636,-1.4638460889587075,-1.3940009719706903,0.14323600628257013,0.1633173111338142,0.229,0.142,0.162,True,999,0.00011437502689659595,0.0013556670164689422,power_3x3_bal_strong_300,power,True,253,1891496405,-0.050000000000000266,0,0
300,300,0.08392281842577143,0.19433628925902968,0.07710011034038189,0.18408714447451757,-0.11041347083325825,-0.10698703413413568,0.04206851794861129,-2.6246104264508103,-2.543161474450454,0.008674815805857387,0.010985444869005908,0.016,0.007,0.009,True,999,0.0001134589547291398,0.0013773750979453325,power_3x3_bal_strong_300,power,True,254,1891496405,-0.050000000000000266,0,1
300,300,0.05764380059331731,0.09552293925844202,0.050836137724729724,0.08770668577423635,-0.03787913866512471,-0.036870548049506624,0.03423236706112018,-1.106529928166913,-1.077066858499037,0.2684972175771603,0.2814503977253263,0.376,0.24,0.257,True,999,0.00012137496378272772,0.0013002080377191305,power_3x3_bal_strong_300,power,True,255,1891496405,-0.050000000000000266,0,0
300,300,0.06674768244907581,0.06035459740543392,0.05993033736058351,0.04992801382182677,0.0063930850436418885,0.010002323538756741,0.031363010882861496,0.20384155932986103,0.3189210237535762,0.8384773149614564,0.7497864014839478,0.872,0.841,0.737,True,999,0.00012645800597965717,0.0013074580347165465,power_3x3_bal_strong_300,power,True,256,1891496405,-0.050000000000000266,0,0
300,300,0.05619556073104137,0.12288447792836676,0.049383910331869174,0.11514840399971149,-0.06668891719732539,-0.06576449366784232,0.036858621118523054,-1.8093166584522968,-1.784236405815865,0.07040182244731871,0.07438525893045793,0.142,0.076,0.079,True,999,0.00011799996718764305,0.0013342080637812614,power_3x3_bal_strong_300,power,True,257,1891496405,-0.050000000000000266,0,0
300,300,0.06935404566898562,0.15563088620194243,0.06252967219899119,0.14505710090276125,-0.08627684053295681,-0.08252742870377006,0.03965535786633609,-2.1756666734357797,-2.081116730353065,0.029580193901439265,0.03742322284817572,0.056,0.037,0.047,True,999,0.00011829205323010683,0.0013806660426780581,power_3x3_bal_strong_300,power,True,258,1891496405,-0.050000000000000266,0,0
300,300,0.04835804669981347,0.09015514113330425,0.04155122491789598,0.08197465416225214,-0.04179709443349078,-0.04042342924435616,0.03343984012235909,-1.2499190869499321,-1.2088403860916666,0.2113291062176471,0.22672417251609378,0.349,0.217,0.231,True,999,0.0001176249934360385,0.0013848330127075315,power_3x3_bal_strong_300,power,True,259,1891496405,-0.050000000000000266,0,0
300,300,0.055174492301038214,0.1118590966888372,0.048364440554962584,0.10114705509917599,-0.05668460438779899,-0.0527826145442134,0.03606590499153958,-1.5716950510765273,-1.4635045081107838,0.11602129046989634,0.14332938097576198,0.242,0.138,0.167,True,999,0.00011675001587718725,0.0013121250085532665,power_3x3_bal_strong_300,power,True,260,1891496405,-0.050000000000000266,0,0
300,300,0.08317217289908196,0.14487862602050006,0.07633333738635883,0.13396092646243574,-0.06170645312141809,-0.0576275890760769,0.039644439270299786,-1.5564970587854017,-1.4536109007158908,0.11958994151507413,0.14605421301078486,0.186,0.132,0.165,True,999,0.00011437502689659595,0.0013234169455245137,power_3x3_bal_strong_300,power,True,261,1891496405,-0.050000000000000266,0,0
300,300,0.045734860233869856,0.15386181554351736,0.038927953076211,0.14438339919243504,-0.1081269553096475,-0.10545544611622404,0.038241652303778545,-2.8274655721129442,-2.7576069485314654,0.004691806009254191,0.005822616285784765,0.016,0.008,0.009,True,999,0.00012095808051526546,0.0013123750686645508,power_3x3_bal_strong_300,power,True,262,1891496405,-0.050000000000000266,0,0
300,300,0.04690357608049789,0.09438576841740631,0.04009672880141579,0.0884418456875693,-0.047482192336908424,-0.048345116886153505,0.033204133680974114,-1.4300084680154026,-1.4559969355217701,0.1527145886907047,0.14539346675807327,0.25,0.146,0.138,True,999,0.0001139170490205288,0.0013220410328358412,power_3x3_bal_strong_300,power,True,263,1891496405,-0.050000000000000266,0,1
300,300,0.05388732878096847,0.09360690204564592,0.04707715852731553,0.08638056031895758,-0.039719573264677455,-0.039303401791642045,0.03403907919770087,-1.1668815432398731,-1.1546552585446186,0.2432582104589499,0.24823162825008138,0.373,0.24,0.248,True,999,0.0001139170490205288,0.0013809580123052,power_3x3_bal_strong_300,power,True,264,1891496405,-0.050000000000000266,0,1
300,300,0.03521942846300785,0.12257945075578647,0.02841813917507352,0.11190060302206462,-0.08736002229277862,-0.0834824638469911,0.036397762849125825,-2.400148125996067,-2.2936152475370095,0.016388438604140857,0.021812608788180546,0.036,0.013,0.017,True,999,0.00011825002729892731,0.0013390000676736236,power_3x3_bal_strong_300,power,True,265,1891496405,-0.050000000000000266,0,0
300,300,0.04395333423019743,0.07561531020196871,0.03714500876827742,0.06636614103993566,-0.03166197597177128,-0.029221132271658234,0.03080710712669157,-1.0277490788591133,-0.948519189143234,0.3040678748643446,0.34286520865396364,0.458,0.302,0.342,True,999,0.00011379097122699022,0.0013281250139698386,power_3x3_bal_strong_300,power,True,266,1891496405,-0.050000000000000266,0,0
300,300,0.04654451493096867,0.05943859309057281,0.03973249342647023,0.050031030798422194,-0.012894078159604139,-0.010298537371951966,0.028871952515956104,-0.44659529529491354,-0.35669694892510206,0.6551672931341519,0.7213186898957675,0.741,0.637,0.707,True,999,0.00011279096361249685,0.0013211671030148864,power_3x3_bal_strong_300,power,True,267,1891496405,-0.050000000000000266,0,0
300,300,0.05603854983479439,0.08355251479403497,0.04923037133954722,0.0726258117036167,-0.027513964959240578,-0.023395440364069486,0.033895345607762604,-0.8117328342844634,-0.6902257506031015,0.41694494949850547,0.4900522321337294,0.535,0.433,0.489,True,999,0.00011449994053691626,0.0013337500859051943,power_3x3_bal_strong_300,power,True,268,1891496405,-0.050000000000000266,0,0
300,300,0.06244845372157415,0.1206708941738126,0.05563065116598409,0.11196047604623516,-0.058222440452238455,-0.05632982488025107,0.03819901456070127,-1.5241869750257138,-1.474640786629155,0.12746201076860286,0.14030914331385608,0.223,0.146,0.152,True,999,0.00011466699652373791,0.0013521250803023577,power_3x3_bal_strong_300,power,True,269,1891496405,-0.050000000000000266,0,1
300,300,0.06160259624873321,0.1331313549113119,0.05479137759283503,0.12711365024040333,-0.07152875866257868,-0.0723222726475683,0.03894201269842005,-1.836801790819629,-1.8571786005940711,0.06623916146631985,0.06328574846528594,0.11,0.062,0.061,True,999,0.00013879197649657726,0.0013574589975178242,power_3x3_bal_strong_300,power,True,270,1891496405,-0.050000000000000266,0,1
300,300,0.042846693349390064,0.08464022170408181,0.036039338582440905,0.07869365466149247,-0.041793528354691745,-0.04265431607905157,0.03190899526684022,-1.3097726207043416,-1.336748955031432,0.19027276798976656,0.18130459623994466,0.305,0.189,0.181,True,999,0.00011270795948803425,0.0013429579557850957,power_3x3_bal_strong_300,power,True,271,1891496405,-0.050000000000000266,0,1
300,300,0.05683536014603874,0.15163166732622801,0.05002305612561031,0.14717481184419512,-0.09479630718018928,-0.09715175571858481,0.0372202858453435,-2.546898956501402,-2.6101829556674163,0.010868489798103302,0.009049381060419604,0.044,0.014,0.012,True,999,0.00011675001587718725,0.0013180840760469437,power_3x3_bal_strong_300,power,True,272,1891496405,-0.050000000000000266,0,2
300,300,0.07258657006413372,0.08711815834898906,0.06574458778766257,0.08118699785245553,-0.014531588284855346,-0.015442410064792966,0.03475848517295784,-0.4180731183348849,-0.44427741853396957,0.6758936584652848,0.6568420253331055,0.741,0.678,0.66,True,999,0.00012287497520446777,0.0013222920242697,power_3x3_bal_strong_300,power,True,273,1891496405,-0.050000000000000266,0,1
300,300,0.07644429772514072,0.11329161364693097,0.06962685103604827,0.102545011890669,-0.03684731592179025,-0.03291816085462074,0.03762983733430972,-0.9792047622856452,-0.8747888161771823,0.32747881604545537,0.3816888235505842,0.43,0.338,0.381,True,999,0.00011575000826269388,0.0013200000394135714,power_3x3_bal_strong_300,power,True,274,1891496405,-0.050000000000000266,0,0
300,300,0.0418670944259798,0.0861679279034373,0.0350592843055324,0.07902206860455863,-0.0443008334774575,-0.043962784299026225,0.0319003806571453,-1.3887242899571686,-1.37812726348076,0.16491660506902195,0.16816399937954807,0.31,0.157,0.164,True,999,0.00012149999383836985,0.0013867919333279133,power_3x3_bal_strong_300,power,True,275,1891496405,-0.050000000000000266,0,1
300,300,0.036874825930360844,0.1429581483768852,0.030072531553798854,0.13368327418295678,-0.10608332244652435,-0.10361074262915793,0.036612611185898536,-2.8974530635876277,-2.8299195078733947,0.0037620602659835848,0.004655971617040038,0.024,0.005,0.007,True,999,0.00011650007218122482,0.0013627920998260379,power_3x3_bal_strong_300,power,True,276,1891496405,-0.050000000000000266,0,0
300,300,0.03514630539599861,0.13363611676233372,0.028346203685146065,0.12454317416380434,-0.09848981136633511,-0.09619697047865827,0.03597284274119454,-2.7378934735549505,-2.674155366890081,0.006183410151050788,0.007491773423382435,0.017,0.002,0.002,True,999,0.00011491600889712572,0.0013203329872339964,power_3x3_bal_strong_300,power,True,277,1891496405,-0.050000000000000266,0,1
300,300,0.06957255059457923,0.13501018592437752,0.06274360639969245,0.1256298485652394,-0.0654376353297983,-0.06288624216554695,0.03775881742758498,-1.7330424994187543,-1.6654717083275214,0.08308811524240202,0.09581868346254595,0.147,0.096,0.11,True,999,0.0001430839765816927,0.0012973339762538671,power_3x3_bal_strong_300,power,True,278,1891496405,-0.050000000000000266,0,0
300,300,0.0802688649357941,0.12121617996730161,0.07344905070209506,0.11344020986012993,-0.0409473150315075,-0.03999115915803486,0.038233418417696265,-1.0709823166781005,-1.0459739362338847,0.28417738081817967,0.29557306608181944,0.377,0.3,0.307,True,999,0.00011491705663502216,0.0013041249476373196,power_3x3_bal_strong_300,power,True,279,1891496405,-0.050000000000000266,0,0
300,300,0.08107734391940724,0.14138409093912557,0.0742532864273926,0.133909425080887,-0.06030674701971833,-0.059656138653494395,0.041473198193037825,-1.4541137324162796,-1.4384262910186891,0.1459147769202721,0.15031313738248162,0.185,0.138,0.142,True,999,0.00011812499724328518,0.0013158749788999557,power_3x3_bal_strong_300,power,True,280,1891496405,-0.050000000000000266,0,1
300,300,0.04404597447075487,0.06570617082221264,0.03723941701207423,0.05342743496176183,-0.021660196351457772,-0.016188017949687605,0.03081170076470004,-0.7029860674316671,-0.5253854070994253,0.48206443222432005,0.599315295932306,0.636,0.488,0.602,True,999,0.00011720904149115086,0.0013480839552357793,power_3x3_bal_strong_300,power,True,281,1891496405,-0.050000000000000266,0,0
300,300,0.05281308623642711,0.11895690285690552,0.04600718232723011,0.11117343253789613,-0.06614381662047841,-0.06516625021066602,0.03566710892046413,-1.854476536575359,-1.8270684724120336,0.06367101393178429,0.06768947486660909,0.139,0.06,0.065,True,999,0.00013179192319512367,0.0013830000534653664,power_3x3_bal_strong_300,power,True,282,1891496405,-0.050000000000000266,0,0
300,300,0.019241414317084704,0.13716929723298843,0.012445481245435985,0.13185892796255416,-0.11792788291590373,-0.11941344671711818,0.03284341460202629,-3.590609695881868,-3.6358414057760884,0.0003299053471560809,0.0002770747650953249,0.008,0.002,0.002,True,999,0.00011262507177889347,0.001295457943342626,power_3x3_bal_strong_300,power,True,283,1891496405,-0.050000000000000266,0,2
300,300,0.05229900272728738,0.12884386258244485,0.04549081205755101,0.12147782946844643,-0.07654485985515747,-0.07598701741089542,0.03731976781995344,-2.051054021140825,-2.036106381408624,0.0402616862345759,0.04173967409170299,0.087,0.047,0.05,True,999,0.000112209003418684,0.0013620839454233646,power_3x3_bal_strong_300,power,True,284,1891496405,-0.050000000000000266,0,1
300,300,0.08348428340382519,0.0835687238325864,0.07666456922595444,0.0730836125798362,-8.444042876121216e-05,0.0035809566461182385,0.03580615129970136,-0.002358265987719167,0.10000953791836614,0.998118377722214,0.9203367532475671,0.998,0.998,0.912,True,999,0.00011745793744921684,0.0012991660041734576,power_3x3_bal_strong_300,power,True,285,1891496405,-0.050000000000000266,0,0
300,300,0.0378708866509232,0.15426132272470777,0.03106777127050009,0.14620531881524812,-0.11639043607378458,-0.11513754754474803,0.03768443322921228,-3.088554771829787,-3.0553079263374863,0.0020113261449796935,0.002248295593455813,0.006,0.002,0.002,True,999,0.00011849997099488974,0.0013474170118570328,power_3x3_bal_strong_300,power,True,286,1891496405,-0.050000000000000266,0,0
300,300,0.031767510621961925,0.13722352009510663,0.024967066365547907,0.127567246088077,-0.10545600947314471,-0.1026001797225291,0.03597944498693225,-2.931007121189512,-2.851633196670864,0.003378650363623957,0.0043495259254932575,0.025,0.005,0.005,True,999,0.0001176249934360385,0.0013571250019595027,power_3x3_bal_strong_300,power,True,287,1891496405,-0.050000000000000266,0,0
300,300,0.03984873382961407,0.1440635237037844,0.03304608910934803,0.13445719920099464,-0.10421478987417032,-0.1014111100916466,0.037397954656052786,-2.786644104808105,-2.7116753048213402,0.005325693307596695,0.006694413205422119,0.017,0.005,0.006,True,999,0.00011783302761614323,0.0013385830679908395,power_3x3_bal_strong_300,power,True,288,1891496405,-0.050000000000000266,0,0
300,300,0.046277779330547775,0.1432671659026089,0.039469260929365646,0.13433474271101886,-0.09698938657206113,-0.09486548178165322,0.03816016515889191,-2.5416395911342406,-2.485981949675815,0.01103338786926993,0.012919451833190515,0.033,0.014,0.016,True,999,0.00012149999383836985,0.0013077089097350836,power_3x3_bal_strong_300,power,True,289,1891496405,-0.050000000000000266,0,1
300,300,0.09120198787734624,0.16353930825079965,0.0843702404403075,0.1499901344320591,-0.07233732037345342,-0.06561989399175161,0.043199640701697205,-1.6744889355205093,-1.5189916611777183,0.09403454713105892,0.12876459496699097,0.119,0.096,0.117,True,999,0.00012495799455791712,0.0013187919976189733,power_3x3_bal_strong_300,power,True,290,1891496405,-0.050000000000000266,0,0
300,300,0.04270914168815554,0.12761074683583762,0.03589383014440273,0.11967045663121212,-0.08490160514768208,-0.08377662648680939,0.036118684399816345,-2.3506283952057174,-2.3194816721296574,0.018741740444995554,0.02036893376969209,0.052,0.02,0.021,True,999,0.00011554197408258915,0.0013256670208647847,power_3x3_bal_strong_300,power,True,291,1891496405,-0.050000000000000266,0,0
300,300,0.09102130384104701,0.1045272939753803,0.08418630504820612,0.09844231500584044,-0.01350599013433329,-0.014256009957634319,0.038896427458495635,-0.3472295790852472,-0.36651206522362934,0.7284188507432332,0.7139830112774233,0.783,0.733,0.717,True,999,0.00011662498582154512,0.0013581659877672791,power_3x3_bal_strong_300,power,True,292,1891496405,-0.050000000000000266,0,1
300,300,0.08508358831730733,0.09605675117747631,0.0782644258348455,0.08679759470501835,-0.010973162860168972,-0.008533168870172858,0.03617442569611733,-0.303340347469476,-0.23588954643967547,0.7616305009305007,0.8135183801177994,0.804,0.758,0.804,True,999,0.00011600006837397814,0.001384790986776352,power_3x3_bal_strong_300,power,True,293,1891496405,-0.050000000000000266,0,0
300,300,0.037472092320955275,0.10888623231711103,0.030665850135505934,0.10097750849132581,-0.07141413999615576,-0.07031165835581987,0.03396282233954408,-2.102715118378305,-2.070253692489908,0.03549067969261031,0.03842859359028545,0.101,0.047,0.051,True,999,0.00012400001287460327,0.0013485829113051295,power_3x3_bal_strong_300,power,True,294,1891496405,-0.050000000000000266,0,0
300,300,0.06448899717163492,0.10581292196349101,0.057674585097686304,0.09952584985055069,-0.04132392479185609,-0.04185126475286438,0.03636278034356221,-1.1364346840758621,-1.150936874393156,0.2557746868306975,0.24975820629326528,0.323,0.23,0.223,True,999,0.00012458302080631256,0.0013282500440254807,power_3x3_bal_strong_300,power,True,295,1891496405,-0.050000000000000266,0,1
300,300,0.056139353024763805,0.10573160158647266,0.049329037699521905,0.09821280844019498,-0.04959224856170885,-0.04888377074067307,0.034403016654318753,-1.4415087217499378,-1.4209152421677675,0.14944101511786498,0.15534140130233587,0.243,0.16,0.165,True,999,0.00011937494855374098,0.0013191660400480032,power_3x3_bal_strong_300,power,True,296,1891496405,-0.050000000000000266,0,0
300,300,0.05489576983303879,0.10436787616751986,0.04809059603928745,0.09621014247049686,-0.04947210633448107,-0.048119546431209415,0.035147729802879585,-1.407547702566779,-1.369065561305956,0.15926504255912344,0.17097878220535645,0.278,0.189,0.196,True,999,0.00011362496297806501,0.0013227079762145877,power_3x3_bal_strong_300,power,True,297,1891496405,-0.050000000000000266,0,0
300,300,0.06708831077145239,0.08960609778963852,0.06027249448283101,0.0834683532186773,-0.02251778701818613,-0.023195858735846286,0.0355611879529914,-0.6332124519561203,-0.6522801984711272,0.5265949153193145,0.5142204316868142,0.59,0.481,0.474,True,999,0.00011516700033098459,0.0013506659306585789,power_3x3_bal_strong_300,power,True,298,1891496405,-0.050000000000000266,0,1
300,300,0.06541512178959197,0.11029946122216605,0.05860457266726371,0.10248979852443085,-0.04488433943257408,-0.04388522585716714,0.03537857342884282,-1.2686870917181068,-1.2404464511672246,0.20455268813592276,0.21481030892452058,0.335,0.231,0.239,True,999,0.00011420808732509613,0.0013727910118177533,power_3x3_bal_strong_300,power,True,299,1891496405,-0.050000000000000266,0,0
300,300,0.022620491069958115,0.13573495039678424,0.015824910217475008,0.1296248766039838,-0.11311445932682612,-0.1137999663865088,0.03518108529094091,-3.215206648441655,-3.2346917511328783,0.0013035064826023405,0.001217741210897733,0.002,0.002,0.002,True,999,0.00011420901864767075,0.0013477499596774578,power_3x3_bal_strong_300,power,True,300,1891496405,-0.050000000000000266,0,1
300,300,0.05468801827570968,0.08275163683252662,0.047880762897420936,0.07475703415401824,-0.02806361855681694,-0.026876271256597306,0.03304641785695579,-0.8492181717937684,-0.8132884893283597,0.3957599035146312,0.4160526750068435,0.549,0.412,0.442,True,999,0.00012112502008676529,0.0013262499123811722,power_3x3_bal_strong_300,power,True,301,1891496405,-0.050000000000000266,0,0
300,300,0.056754388200344064,0.10027363332397532,0.04994319674960934,0.09272301511616377,-0.043519245123631256,-0.04277981836655442,0.03569092407945891,-1.2193364628706196,-1.1986189618210352,0.22271651456257324,0.2306761416672909,0.327,0.213,0.219,True,999,0.00011154194362461567,0.0013130840379744768,power_3x3_bal_strong_300,power,True,302,1891496405,-0.050000000000000266,0,1
300,300,0.049052150096188685,0.0989234495840971,0.042242339473887114,0.08957531703586596,-0.049871299487908416,-0.04733297756197885,0.033305281150835815,-1.4973991440590757,-1.4211853473811915,0.1342894308761462,0.15526288327525578,0.234,0.144,0.164,True,999,0.00012020801659673452,0.0013560829684138298,power_3x3_bal_strong_300,power,True,303,1891496405,-0.050000000000000266,0,0
300,300,0.06818383943295969,0.09699791853892342,0.06136202961312165,0.0875169375300402,-0.02881407910596373,-0.026154907916918546,0.03556607884285186,-0.8101561949878779,-0.7353891339127819,0.41785041025939507,0.46210253760426767,0.507,0.406,0.455,True,999,0.00011787505354732275,0.001356207998469472,power_3x3_bal_strong_300,power,True,304,1891496405,-0.050000000000000266,0,0
300,300,0.03433033293487098,0.08918469046441357,0.027529865626263472,0.08132948331272871,-0.0548543575295426,-0.05379961768646524,0.03208585819722398,-1.7096116673073283,-1.6767392461741883,0.08733770670261679,0.09359348255662503,0.171,0.09,0.098,True,999,0.00011758296750485897,0.0013503329828381538,power_3x3_bal_strong_300,power,True,305,1891496405,-0.050000000000000266,0,0
300,300,0.07374156229004347,0.10894313275578243,0.06692342290847364,0.10049665527319007,-0.03520157046573896,-0.03357323236471643,0.037469080177567546,-0.9394831764995896,-0.8960249946252076,0.3474827258550003,0.3702394141133225,0.445,0.336,0.364,True,999,0.00011479191016405821,0.0013382089091464877,power_3x3_bal_strong_300,power,True,306,1891496405,-0.050000000000000266,0,0
300,300,0.07711883467477465,0.10101748404656619,0.07029426621045332,0.09386093814131868,-0.023898649371791536,-0.02356667193086537,0.03785163240699832,-0.6313769803854736,-0.6226064883402008,0.5277940637865615,0.5335431463914089,0.617,0.536,0.54,True,999,0.00012395891826599836,0.0013590839225798845,power_3x3_bal_strong_300,power,True,307,1891496405,-0.050000000000000266,0,1
300,300,0.044671154726839246,0.1417873084695387,0.03786673165961929,0.13428746012495196,-0.09711615374269944,-0.09642072846533267,0.038948897111310235,-2.4934249990482584,-2.475570185974108,0.012651730976588962,0.013302361287643049,0.018,0.013,0.013,True,999,0.00012137508019804955,0.001288208062760532,power_3x3_bal_strong_300,power,True,308,1891496405,-0.050000000000000266,0,1
300,300,0.05255222608000376,0.07774268420414676,0.04574724159607513,0.06862897676747082,-0.025190458124143,-0.02288173517139569,0.03201631799273653,-0.7868005974284084,-0.7146897771501026,0.4313986037223526,0.47480075598941074,0.592,0.454,0.494,True,999,0.00011625001206994057,0.0013435420114547014,power_3x3_bal_strong_300,power,True,309,1891496405,-0.050000000000000266,0,0
300,300,0.038497223922103085,0.06893350758550382,0.031694869665386705,0.06184252346109531,-0.03043628366340073,-0.030147653795708607,0.02963462381198848,-1.0270514603626568,-1.017311843975984,0.3043962331603782,0.30900510400606485,0.47,0.325,0.33,True,999,0.00012049998622387648,0.0013920830097049475,power_3x3_bal_strong_300,power,True,310,1891496405,-0.050000000000000266,0,1
300,300,0.0503545215854988,0.12387475427608674,0.04354498854848998,0.11289406048857131,-0.07352023269058794,-0.06934907194008133,0.038051333885756704,-1.9321328632347334,-1.8225135588752628,0.05334310903896845,0.06837709830730222,0.098,0.049,0.064,True,999,0.00011495803482830524,0.0013340419391170144,power_3x3_bal_strong_300,power,True,311,1891496405,-0.050000000000000266,0,0
300,300,0.047525784475452415,0.11159499875050716,0.04071773200763573,0.10230485175087267,-0.06406921427505474,-0.06158711974323694,0.03553646652541602,-1.802914598423336,-1.733068190648309,0.07140162796308815,0.08308354933209552,0.145,0.065,0.077,True,999,0.00011466594878584146,0.0013368340441957116,power_3x3_bal_strong_300,power,True,312,1891496405,-0.050000000000000266,0,0
300,300,0.06435867488950708,0.08592639657412104,0.05754709069174169,0.07814738258480247,-0.02156772168461396,-0.020600291893060785,0.0335307077463414,-0.6432229778080738,-0.6143709237783245,0.5200794256276431,0.5389702450833586,0.632,0.534,0.551,True,999,0.00011600006837397814,0.0013227910967543721,power_3x3_bal_strong_300,power,True,313,1891496405,-0.050000000000000266,0,0
300,300,0.03516275444868899,0.12804360725363972,0.02835940729818276,0.11835831494823879,-0.09288085280495073,-0.08999890765005603,0.035446915403039396,-2.6202802627217223,-2.5389771331792406,0.008785752984101971,0.011117708957354047,0.027,0.011,0.016,True,999,0.00011520797852426767,0.00132733304053545,power_3x3_bal_strong_300,power,True,314,1891496405,-0.050000000000000266,0,0
300,300,0.09447206752129778,0.1612820198534703,0.08761391334371638,0.15344843501405592,-0.06680995233217252,-0.06583452167033954,0.04142147750148768,-1.612930208242161,-1.5893812978538742,0.10675967136665881,0.11197433431777469,0.158,0.113,0.118,True,999,0.00011454196646809578,0.001329416991211474,power_3x3_bal_strong_300,power,True,315,1891496405,-0.050000000000000266,0,0
300,300,0.04387262685206306,0.12489929830062096,0.03707014976788514,0.11683750156194606,-0.08102667144855791,-0.07976735179406091,0.03640584483165356,-2.225650079629746,-2.1910589402036376,0.02603762896121084,0.028447527515848406,0.074,0.036,0.037,True,999,0.00011866702698171139,0.001364666037261486,power_3x3_bal_strong_300,power,True,316,1891496405,-0.050000000000000266,0,0
300,300,0.026659437688232313,0.07779640232088897,0.01985718417734006,0.07158142682591517,-0.051136964632656656,-0.051724242648575114,0.029339739631540296,-1.7429249637131847,-1.7629414336373803,0.08134672280036495,0.07791036792340633,0.211,0.092,0.086,True,999,0.00012199999764561653,0.0013101660879328847,power_3x3_bal_strong_300,power,True,317,1891496405,-0.050000000000000266,0,1
300,300,0.0681228790654238,0.13000913279715098,0.06130487048932309,0.11952971549914082,-0.06188625373172718,-0.05822484500981773,0.037881950007016996,-1.6336607202180402,-1.53700759858013,0.10233011043643109,0.124291448622038,0.173,0.116,0.139,True,999,0.00011024996638298035,0.0013169170124456286,power_3x3_bal_strong_300,power,True,318,1891496405,-0.050000000000000266,0,0
300,300,0.06326702814553875,0.14506856207997376,0.05645701206464082,0.13579001847297434,-0.08180153393443501,-0.07933300640833352,0.038556378367397344,-2.121608340777283,-2.0575844974956525,0.03387064138854492,0.03963003605457833,0.078,0.042,0.048,True,999,0.00011412508320063353,0.0013361249584704638,power_3x3_bal_strong_300,power,True,319,1891496405,-0.050000000000000266,0,0
300,300,0.04497724577848161,0.1098136903939469,0.038164954951923846,0.10240369394288962,-0.06483644461546528,-0.06423873899096577,0.035654912533869175,-1.818443518936587,-1.801679892776188,0.06899637197070128,0.07159578338606563,0.158,0.073,0.08,True,999,0.00011658400762826204,0.00135870894882828,power_3x3_bal_strong_300,power,True,320,1891496405,-0.050000000000000266,0,1
300,300,0.06695534424430138,0.07367293619523807,0.06014169759123433,0.06282225873637515,-0.0067175919509366855,-0.002680561145140814,0.033312991951318704,-0.2016508142154661,-0.08046593800574862,0.8401897171413995,0.9358666858966704,0.864,0.82,0.93,True,999,0.000116499955765903,0.0013695419766008854,power_3x3_bal_strong_300,power,True,321,1891496405,-0.050000000000000266,0,0
300,300,0.055323559837337166,0.07498421882973105,0.04851755351540987,0.07115713867845841,-0.019660658992393887,-0.022639585163048537,0.03277735319713233,-0.5998244847333793,-0.6907081553195472,0.5486232136689171,0.489748963267869,0.683,0.578,0.516,True,999,0.00011549994815140963,0.0013494580052793026,power_3x3_bal_strong_300,power,True,322,1891496405,-0.050000000000000266,0,2
300,300,0.07692829750293884,0.07300001342514018,0.07009446947898823,0.06575709359364623,0.0039282840777986605,0.004337375885341999,0.0335223719839048,0.1171839534411455,0.12938749941157254,0.9067142826026349,0.8970510385600228,0.932,0.913,0.905,True,999,0.00012095796409994364,0.0012955829733982682,power_3x3_bal_strong_300,power,True,323,1891496405,-0.050000000000000266,0,1
300,300,0.04820247868196992,0.11213011618047142,0.04139751822509652,0.10397546759355691,-0.0639276374985015,-0.0625779493684604,0.036177997618769574,-1.7670308393556609,-1.7297239617262348,0.07722306369691272,0.08367960545071362,0.138,0.079,0.083,True,999,0.00012866605538874865,0.0013283750740811229,power_3x3_bal_strong_300,power,True,324,1891496405,-0.050000000000000266,0,0
300,300,0.030919718153242792,0.10645794080970805,0.024118791248554317,0.0988977542187115,-0.07553822265646526,-0.07477896297015718,0.03461523224418868,-2.182224926979852,-2.1602906617132787,0.02909293647385953,0.030750175427899738,0.087,0.028,0.033,True,999,0.00011766701936721802,0.0013341669691726565,power_3x3_bal_strong_300,power,True,325,1891496405,-0.050000000000000266,0,1
300,300,0.029789766989760658,0.10357041337345307,0.022991360441949382,0.09757858664531227,-0.07378064638369242,-0.07458722620336289,0.03284843337122046,-2.2460933083138737,-2.2706478984995093,0.02469803188447338,0.023168301399245257,0.086,0.034,0.032,True,999,0.00011833396274596453,0.0013946669641882181,power_3x3_bal_strong_300,power,True,326,1891496405,-0.050000000000000266,0,1
300,300,0.08518342462384187,0.06178532619613408,0.07835959695512429,0.05608400658174162,0.023398098427707792,0.02227559037338267,0.03182339327952935,0.7352483822885979,0.6999753350536513,0.4621882381004563,0.48394270803214645,0.616,0.48,0.494,True,999,0.0001284159952774644,0.001375374966301024,power_3x3_bal_strong_300,power,True,327,1891496405,-0.050000000000000266,0,1
300,300,0.04484686657121073,0.14577545906844813,0.03803596810274712,0.13374087534641887,-0.1009285924972374,-0.09570490724367176,0.03879190748364141,-2.6017950403650323,-2.467135891268833,0.009273725733859144,0.013619865867155101,0.017,0.01,0.016,True,999,0.00011933292262256145,0.0013010000111535192,power_3x3_bal_strong_300,power,True,328,1891496405,-0.050000000000000266,0,0
300,300,0.052299047310461866,0.0823783193296399,0.04549064106396372,0.07298556565946512,-0.03007927201917804,-0.027494924595501402,0.03332543670832373,-0.9025919834882495,-0.8250431895655838,0.3667424827318556,0.40934707098509027,0.484,0.358,0.4,True,999,0.00011475000064820051,0.001329332939349115,power_3x3_bal_strong_300,power,True,329,1891496405,-0.050000000000000266,0,0
300,300,0.03667796781795718,0.05660720103203498,0.029877012809208736,0.045606421843913836,-0.0199292332140778,-0.0157294090347051,0.028595219044104322,-0.6969428415057639,-0.5500712902546603,0.4858385653302617,0.5822704774258236,0.637,0.5,0.592,True,999,0.00011516700033098459,0.0013132909080013633,power_3x3_bal_strong_300,power,True,330,1891496405,-0.050000000000000266,0,0
300,300,0.05546410088951825,0.08334077249689009,0.04865588710163138,0.07400477447366427,-0.02787667160737184,-0.02534888737203289,0.03303749414635636,-0.8437889230907758,-0.7672763333604274,0.3987873663942274,0.4429172365387861,0.542,0.413,0.469,True,999,0.00011445896234363317,0.001338791917078197,power_3x3_bal_strong_300,power,True,331,1891496405,-0.050000000000000266,0,0
300,300,0.06141882586477032,0.12365502544314144,0.054595419021723046,0.11564321532091526,-0.06223619957837112,-0.061047796299192214,0.03704044800996747,-1.680222646378995,-1.6481387126517597,0.09291400473843803,0.09932420983770006,0.161,0.101,0.104,True,999,0.00011791603174060583,0.0013428330421447754,power_3x3_bal_strong_300,power,True,332,1891496405,-0.050000000000000266,0,0
300,300,0.08072120656216986,0.08107075278964121,0.07389868376736786,0.07141404075856883,-0.00034954622747135344,0.0024846430087990257,0.03526138526723237,-0.009913003270355889,0.07046356772341414,0.9920906972776842,0.9438246971901443,0.994,0.993,0.948,True,999,0.0001145839923992753,0.0013554590987041593,power_3x3_bal_strong_300,power,True,333,1891496405,-0.050000000000000266,0,0
300,300,0.052889594948647645,0.035136627377574725,0.04608219387449708,0.03131307334643907,0.01775296757107292,0.01476912052805801,0.025287735751773337,0.7020386382291253,0.584042821114275,0.48265506770276045,0.5591915027042207,0.676,0.486,0.565,True,999,0.00011779204942286015,0.0013191250618547201,power_3x3_bal_strong_300,power,True,334,1891496405,-0.050000000000000266,0,2
300,300,0.04847514786989238,0.10391457644115676,0.04166636518408495,0.09520926814221298,-0.05543942857126438,-0.053542902958128025,0.036174914668099294,-1.532537922477905,-1.4801113824145278,0.1253897469507803,0.13884352442391357,0.217,0.14,0.147,True,999,0.00011754198931157589,0.0013375829439610243,power_3x3_bal_strong_300,power,True,335,1891496405,-0.050000000000000266,0,1
300,300,0.04064907701964193,0.15908434033079621,0.033838286553759644,0.14968516624014683,-0.11843526331115428,-0.11584687968638718,0.03786118202503007,-3.1281448960800167,-3.0597797926594232,0.001759134359340872,0.0022149978543679464,0.004,0.002,0.002,True,999,0.00011679204180836678,0.0013270840281620622,power_3x3_bal_strong_300,power,True,336,1891496405,-0.050000000000000266,0,0
300,300,0.04288204837851661,0.11254364614368184,0.036078783974630824,0.1031539799040786,-0.06966159776516523,-0.06707519592944777,0.0355010895479829,-1.9622383045740424,-1.8893841508382339,0.049734746277408044,0.058840373039023675,0.097,0.042,0.054,True,999,0.0001180840190500021,0.001371084013953805,power_3x3_bal_strong_300,power,True,337,1891496405,-0.050000000000000266,0,0
300,300,0.0419725059678282,0.12234470897479277,0.03517015262127643,0.11282019758802164,-0.08037220300696457,-0.07765004496674521,0.03645165525689411,-2.2048985825345686,-2.130219997404898,0.027461212009484395,0.03315345484304239,0.069,0.025,0.032,True,999,0.00011675001587718725,0.0013611670583486557,power_3x3_bal_strong_300,power,True,338,1891496405,-0.050000000000000266,0,0
300,300,0.10204302992655578,0.17170773536912742,0.09520585216705513,0.16556038612118584,-0.06966470544257164,-0.07035453395413072,0.04250512638308955,-1.638971845765112,-1.6552011472696364,0.10121912332441292,0.0978837026019677,0.153,0.097,0.094,True,999,0.00011616700794547796,0.0013766249176114798,power_3x3_bal_strong_300,power,True,339,1891496405,-0.050000000000000266,0,1
300,300,0.0353032046486359,0.134488080721472,0.028497174572066797,0.12580660038246094,-0.0991848760728361,-0.09730942581039415,0.036471445907078195,-2.719521357215695,-2.668098930278737,0.006537647298365097,0.007628179294772053,0.013,0.004,0.005,True,999,0.0001176249934360385,0.0013333329698070884,power_3x3_bal_strong_300,power,True,340,1891496405,-0.050000000000000266,0,1
300,300,0.09603725846102229,0.07331173170242666,0.08919340379503637,0.06537712718949251,0.022725526758595627,0.023816276605543862,0.034373184915391916,0.6611411428569541,0.6928737230537868,0.5085218023253657,0.48838880134488416,0.635,0.535,0.516,True,999,0.00011974992230534554,0.0013305419124662876,power_3x3_bal_strong_300,power,True,341,1891496405,-0.050000000000000266,0,0
300,300,0.07405812449269122,0.11978760751880568,0.06723095520567313,0.1123688544997492,-0.04572948302611446,-0.04513789929407608,0.03746872489309425,-1.2204707567868882,-1.2046820227500004,0.22228646868242463,0.22832607863296406,0.331,0.214,0.22,True,999,0.00011854094918817282,0.0013347499771043658,power_3x3_bal_strong_300,power,True,342,1891496405,-0.050000000000000266,0,1
300,300,0.04185622092630514,0.07663399116656289,0.03505146774654122,0.06735791761209953,-0.034777770240257744,-0.03230644986555831,0.03089923472602714,-1.125522057378451,-1.045542070928567,0.26036787570234854,0.2957725068903949,0.44,0.268,0.307,True,999,0.00014775001909583807,0.0013622919796034694,power_3x3_bal_strong_300,power,True,343,1891496405,-0.050000000000000266,0,0
300,300,0.04728902265759327,0.092882518221854,0.04048348888534292,0.08370783403681514,-0.04559349556426073,-0.04322434515147222,0.033848291429089364,-1.3469954801050161,-1.2770022747536687,0.17798168839499506,0.20160144416897097,0.304,0.186,0.218,True,999,0.00011975003872066736,0.001374332932755351,power_3x3_bal_strong_300,power,True,344,1891496405,-0.050000000000000266,0,0
300,300,0.07185318155734355,0.12609133092611047,0.06503645161365057,0.11527578774465042,-0.05423814936876692,-0.050239336130999845,0.0382864926235177,-1.4166392806493542,-1.3121947895571933,0.15658841787167715,0.18945441945829455,0.268,0.179,0.211,True,999,0.0001241250429302454,0.0013400829629972577,power_3x3_bal_strong_300,power,True,345,1891496405,-0.050000000000000266,0,0
300,300,0.0314714523357269,0.050170285449597174,0.024672720300316087,0.041306070489142144,-0.018698833113870272,-0.016633350188826057,0.026147504573174926,-0.7151287826163593,-0.6361352817542073,0.47452947019182723,0.5246882511020348,0.644,0.476,0.514,True,999,0.0001188330352306366,0.0013195829233154655,power_3x3_bal_strong_300,power,True,346,1891496405,-0.050000000000000266,0,1
300,300,0.06061211747410611,0.09222814452826145,0.053801057574503375,0.08596300115384281,-0.03161602705415534,-0.032161943579339436,0.03327983950533694,-0.9500053943795378,-0.9664092152301927,0.34210951164203574,0.3338394546814544,0.459,0.34,0.331,True,999,0.00011833303142338991,0.001318582915700972,power_3x3_bal_strong_300,power,True,347,1891496405,-0.050000000000000266,0,1
300,300,0.0871133757713567,0.12261933348465875,0.08028822155165471,0.11632593773524036,-0.03550595771330206,-0.036037716183585644,0.038283702550307,-0.9274431506891263,-0.9413330943168311,0.35369649534499226,0.3465341882890145,0.439,0.37,0.364,True,999,0.00011645897757261992,0.0013444169890135527,power_3x3_bal_strong_300,power,True,348,1891496405,-0.050000000000000266,0,1
300,300,0.08827165371150869,0.13306510072878353,0.081435153948064,0.12377682573328741,-0.044793447017274834,-0.04234167178522341,0.03904472254608793,-1.1472343532317635,-1.0844403295539826,0.2512847771333826,0.27816961041036703,0.332,0.259,0.283,True,999,0.00011583406012505293,0.0013478340115398169,power_3x3_bal_strong_300,power,True,349,1891496405,-0.050000000000000266,0,0
300,300,0.04109271896093536,0.07052721212364421,0.03428694800982157,0.06535243317676986,-0.029434493162708852,-0.031065485166948292,0.030628745910713302,-0.9610087611328962,-1.0142591295611039,0.3365477627092712,0.3104591205380741,0.458,0.325,0.304,True,999,0.00011445791460573673,0.0013531249715015292,power_3x3_bal_strong_300,power,True,350,1891496405,-0.050000000000000266,0,2
300,300,0.06076316146282523,0.11845835028897789,0.053951257585879375,0.10772044587753271,-0.057695188826152655,-0.053769188291653336,0.0388135426546294,-1.486470568778941,-1.3853202932312116,0.13715469599793326,0.16595455123852865,0.221,0.132,0.168,True,999,0.00011150003410875797,0.0013069999404251575,power_3x3_bal_strong_300,power,True,351,1891496405,-0.050000000000000266,0,0
300,300,0.03142684797167039,0.1115670116515704,0.024625359043170647,0.10568808194341273,-0.08014016367990001,-0.08106272290024208,0.03236076820440922,-2.4764604836847095,-2.5049690535219473,0.013269231302736426,0.012246210768389013,0.045,0.008,0.007,True,999,0.00011604209430515766,0.00132883305195719,power_3x3_bal_strong_300,power,True,352,1891496405,-0.050000000000000266,0,1
300,300,0.054293575875068445,0.14737807506422357,0.04748161149763064,0.1383059899173702,-0.09308449918915512,-0.09082437841973956,0.03972839673443717,-2.3430217889580245,-2.2861324867160224,0.01912826596713088,0.022246508956315598,0.035,0.017,0.02,True,999,0.00011699995957314968,0.0013285420136526227,power_3x3_bal_strong_300,power,True,353,1891496405,-0.050000000000000266,0,0
300,300,0.04163281978659139,0.0682264225525428,0.03483042490779553,0.05995613161502433,-0.026593602765951407,-0.0251257067072288,0.03034176794807709,-0.8764684645753076,-0.8280897392078678,0.38077541284097693,0.40761968003251836,0.491,0.365,0.388,True,999,0.00011608400382101536,0.0013691670028492808,power_3x3_bal_strong_300,power,True,354,1891496405,-0.050000000000000266,0,0
300,300,0.059363639938184054,0.17990929617795848,0.052551476169810485,0.17226281502036045,-0.12054565623977442,-0.11971133885054996,0.03917061924021597,-3.077450869503022,-3.0561512984110264,0.002087792514482036,0.002241980924127848,0.01,0.006,0.006,True,999,0.00012504193000495434,0.0013318749843165278,power_3x3_bal_strong_300,power,True,355,1891496405,-0.050000000000000266,0,1
300,300,0.07201117331323026,0.18372419562377384,0.06519681031687696,0.1733543658111074,-0.11171302231054359,-0.10815755549423045,0.041270965926325044,-2.7068186993725405,-2.62066935111982,0.006793134455653797,0.008775733103899157,0.013,0.005,0.007,True,999,0.0001153749180957675,0.0013560419902205467,power_3x3_bal_strong_300,power,True,356,1891496405,-0.050000000000000266,0,1
300,300,0.04036414525180665,0.1410189761237184,0.03355918577784678,0.1348784980729647,-0.10065483087191174,-0.10131931229511792,0.03538901292694105,-2.8442395689223914,-2.863016058240643,0.004451756195362285,0.0041962929553877645,0.017,0.005,0.005,True,999,0.00011562497820705175,0.0013321249280124903,power_3x3_bal_strong_300,power,True,357,1891496405,-0.050000000000000266,0,1
300,300,0.028447547971368392,0.06480486722111939,0.02164054933797388,0.05612410865740003,-0.036357319249751,-0.03448355931942615,0.02940388211358426,-1.2364802412588347,-1.1727553248315854,0.21628010581712176,0.24089393824502547,0.373,0.201,0.228,True,999,0.00011541706044226885,0.0013217499945312738,power_3x3_bal_strong_300,power,True,358,1891496405,-0.050000000000000266,0,1
300,300,0.0784221355100918,0.07678108090990543,0.07160293846050081,0.06964804748308495,0.0016410546001863757,0.0019548909774158574,0.03362277815616135,0.048807822856412414,0.0581418634812491,0.9610724478686786,0.9536356285388597,0.974,0.966,0.959,True,999,0.00011616596020758152,0.0013299590209499002,power_3x3_bal_strong_300,power,True,359,1891496405,-0.050000000000000266,0,1
300,300,0.06442250016403261,0.08290412249080892,0.05759825304335209,0.07218489140051076,-0.018481622326776304,-0.014586638357158677,0.033005892483161166,-0.5599491768388083,-0.44194043123058824,0.5755141042415371,0.6585323123170268,0.656,0.571,0.642,True,999,0.00011508399620652199,0.0013586670393124223,power_3x3_bal_strong_300,power,True,360,1891496405,-0.050000000000000266,0,0
300,300,0.04795079889707421,0.11761346600273626,0.04114494626526266,0.10823590182036469,-0.06966266710566205,-0.06709095555510203,0.035980844829371986,-1.9361042642554858,-1.864629801586375,0.052854932376989294,0.06223331260051806,0.099,0.054,0.064,True,999,0.0001157090300694108,0.0014179169666022062,power_3x3_bal_strong_300,power,True,361,1891496405,-0.050000000000000266,0,0
300,300,0.053868196393239476,0.09054722553142935,0.04705975262083939,0.08234179670591857,-0.03667902913818988,-0.03528204408507918,0.03376916329441059,-1.08616932016971,-1.044800659627803,0.2774040880336507,0.29611510997560697,0.416,0.284,0.308,True,999,0.00013083394151180983,0.0013540000654757023,power_3x3_bal_strong_300,power,True,362,1891496405,-0.050000000000000266,0,0
300,300,0.033550703553383965,0.15050302550669092,0.026750098237016573,0.14232449480253706,-0.11695232195330696,-0.11557439656552049,0.036418558126446114,-3.211338613331304,-3.1735028104144978,0.0013211815653629262,0.0015061144366951766,0.008,0.002,0.004,True,999,0.0001141249667853117,0.0013105839025229216,power_3x3_bal_strong_300,power,True,363,1891496405,-0.050000000000000266,0,0
300,300,0.050173479858085734,0.11533347380590075,0.04336511592964598,0.1079046763743321,-0.06515999394781502,-0.06453956044468612,0.03627194650158926,-1.796429478769771,-1.779324427539567,0.0724262390526134,0.0751865883751488,0.125,0.075,0.077,True,999,0.00011337501928210258,0.0012876660330221057,power_3x3_bal_strong_300,power,True,364,1891496405,-0.050000000000000266,0,1
300,300,0.0828867891033429,0.07698123354438646,0.07606587835653045,0.07069505530391496,0.0059055555589564435,0.005370823052615492,0.03339581647805466,0.17683519020525076,0.16082322934505322,0.8596378468369416,0.8722326290101842,0.894,0.87,0.882,True,999,0.00011729192920029163,0.001334250089712441,power_3x3_bal_strong_300,power,True,365,1891496405,-0.050000000000000266,0,1
300,300,0.058353730925648106,0.13159018444805037,0.051541531076395586,0.12399625447257279,-0.07323645352240227,-0.0724547233961772,0.03801985124217705,-1.9262688077316288,-1.905707703448352,0.054070818097848486,0.056688139285148965,0.107,0.052,0.054,True,999,0.00011529203038662672,0.0013197079533711076,power_3x3_bal_strong_300,power,True,366,1891496405,-0.050000000000000266,0,1
300,300,0.030548809497953577,0.12850896573846204,0.023749505158832562,0.11800554399317775,-0.09796015624050847,-0.09425603883434519,0.03445699335896835,-2.842968776177673,-2.7354690483989237,0.004469544887321805,0.006229144416172483,0.018,0.004,0.006,True,999,0.00011554104276001453,0.001345291966572404,power_3x3_bal_strong_300,power,True,367,1891496405,-0.050000000000000266,0,0
300,300,0.06240026936786758,0.11853955366742686,0.0555913727973234,0.10770817566084645,-0.05613928429955928,-0.05211680286352305,0.03715957203164979,-1.5107624019927886,-1.4025135386148633,0.1308489971414507,0.16076195051625375,0.219,0.138,0.166,True,999,0.00011575000826269388,0.0013300830032676458,power_3x3_bal_strong_300,power,True,368,1891496405,-0.050000000000000266,0,0
300,300,0.06463375076402977,0.12389926728046763,0.05781942634382631,0.11437110369269021,-0.059265516516437855,-0.056551677348863905,0.03780724186301438,-1.5675704863944444,-1.4957895514770838,0.11698140437843253,0.13470850500869494,0.211,0.119,0.137,True,999,0.00011483405251055956,0.0013229579199105501,power_3x3_bal_strong_300,power,True,369,1891496405,-0.050000000000000266,0,0
300,300,0.08267691020844614,0.13112263338954577,0.07585832464968689,0.12156679397229198,-0.04844572318109963,-0.04570846932260508,0.04023520331049773,-1.2040630889134765,-1.1360317722236868,0.22856519501970585,0.2559432673481221,0.297,0.233,0.265,True,999,0.00011749996338039637,0.0013263330329209566,power_3x3_bal_strong_300,power,True,370,1891496405,-0.050000000000000266,0,0
300,300,0.061011338512661606,0.10382835506159388,0.05420255189335421,0.09766994984624944,-0.042817016548932274,-0.043467397952895226,0.03528923459397169,-1.213316668428012,-1.2317466913924107,0.22500877249187523,0.21804372232202296,0.335,0.227,0.223,True,999,0.00011450005695223808,0.0013559589860960841,power_3x3_bal_strong_300,power,True,371,1891496405,-0.050000000000000266,0,1
300,300,0.04031362825092466,0.11754109456125111,0.0335027314852141,0.10677783605247271,-0.07722746631032645,-0.07327510456725861,0.034890187840877204,-2.2134436954749512,-2.1001636592340094,0.02686707098554301,0.035714446956110465,0.086,0.036,0.045,True,999,0.00011954107321798801,0.0013467080425471067,power_3x3_bal_strong_300,power,True,372,1891496405,-0.050000000000000266,0,0
300,300,0.024590856809412198,0.09953042717433891,0.01779513917733766,0.09041121537825347,-0.07493957036492671,-0.07261607620091581,0.03153772607982007,-2.376188130217734,-2.3025146460188326,0.017492541601909987,0.021306166440606674,0.065,0.011,0.012,True,999,0.00011274998541921377,0.00134937500115484,power_3x3_bal_strong_300,power,True,373,1891496405,-0.050000000000000266,0,0
300,300,0.08270063862513699,0.06327506941711125,0.07587524502827137,0.05583363089944271,0.01942556920802574,0.020041614128828655,0.03352646419944635,0.5794100174854266,0.5977849023864443,0.5623125463959682,0.5499834657831265,0.684,0.564,0.554,True,999,0.00011258397717028856,0.0013102090451866388,power_3x3_bal_strong_300,power,True,374,1891496405,-0.050000000000000266,0,1
300,300,0.04072064116280405,0.10453606812626781,0.0339144555238704,0.10038292886949307,-0.06381542696346376,-0.06646847334562267,0.03259199985533095,-1.9580089361416009,-2.0394107032603794,0.050228964129541566,0.04140905508153357,0.15,0.054,0.045,True,999,0.00011108396574854851,0.0013202920090407133,power_3x3_bal_strong_300,power,True,375,1891496405,-0.050000000000000266,0,2
300,300,0.06392994976941457,0.12423008857897122,0.057113855947307,0.11437615806731571,-0.06030013880955665,-0.05726230212000871,0.03796177688454991,-1.588443528155771,-1.5084199639589035,0.11218608123387842,0.131447076666808,0.178,0.115,0.132,True,999,0.00011608400382101536,0.0013519589556381106,power_3x3_bal_strong_300,power,True,376,1891496405,-0.050000000000000266,0,0
300,300,0.03683977428395746,0.08271977075834774,0.0300390818954952,0.07430380491160804,-0.04587999647439028,-0.04426472301611284,0.03179557710205103,-1.442967879687603,-1.3921660510844278,0.14902951970264267,0.1638721205109248,0.298,0.148,0.166,True,999,0.00011874991469085217,0.0013509170385077596,power_3x3_bal_strong_300,power,True,377,1891496405,-0.050000000000000266,0,0
300,300,0.09970847973395092,0.1187861276758797,0.0928762812437185,0.11094445627685445,-0.019077647941928788,-0.018068175033135958,0.039413696520695575,-0.48403599829595745,-0.45842376199473234,0.6283603215172257,0.6466480233332741,0.666,0.6,0.621,True,999,0.00011487503070384264,0.0014036670327186584,power_3x3_bal_strong_300,power,True,378,1891496405,-0.050000000000000266,0,0
300,300,0.06102730623057884,0.09382139516138222,0.054217044946028636,0.08599773649523001,-0.03279408893080338,-0.03178069154920138,0.03417525528603,-0.9595857779651698,-0.9299328207854687,0.3372637296452784,0.35240586836064214,0.457,0.332,0.351,True,999,0.000125208985991776,0.0012995839351788163,power_3x3_bal_strong_300,power,True,379,1891496405,-0.050000000000000266,0,0
300,300,0.06946314557527433,0.11979304228700766,0.06264369486467558,0.10882684612822402,-0.050329896711733324,-0.04618315126354844,0.03905859182510867,-1.2885742767454031,-1.182406971309697,0.19754613094590756,0.23704425839724386,0.281,0.199,0.239,True,999,0.00011912500485777855,0.001342542003840208,power_3x3_bal_strong_300,power,True,380,1891496405,-0.050000000000000266,0,0
300,300,0.06420968088458356,0.09547056099246187,0.05739367136152396,0.08601612213134047,-0.03126088010787831,-0.02862245076981651,0.03566077338482879,-0.8766181195940542,-0.8026312402409478,0.3806940940317185,0.4221879061819541,0.505,0.389,0.434,True,999,0.00011516700033098459,0.0013301250291988254,power_3x3_bal_strong_300,power,True,381,1891496405,-0.050000000000000266,0,0
300,300,0.037163362843050995,0.20707481065794825,0.03036011948631767,0.20284448300741076,-0.16991144781489725,-0.1724843635210931,0.03936274841937821,-4.31655447441394,-4.381918703526793,1.5848358290763738e-05,1.1763870721559352e-05,0.001,0.001,0.001,True,999,0.0001163750421255827,0.0013575420016422868,power_3x3_bal_strong_300,power,True,382,1891496405,-0.050000000000000266,0,2
300,300,0.04124226152954269,0.09485387263644918,0.034437497075145984,0.08558783972242168,-0.05361161110690649,-0.05115034264727569,0.03274016169661355,-1.6374876704549617,-1.5623118517635906,0.10152861307699712,0.11821454134596832,0.225,0.096,0.112,True,999,0.0001142079709097743,0.0013562499079853296,power_3x3_bal_strong_300,power,True,383,1891496405,-0.050000000000000266,0,0
300,300,0.038584119119355,0.0805689300807873,0.03178365285208429,0.07171643684546325,-0.041984810961432306,-0.03993278399337896,0.033061915841055285,-1.2698843939738313,-1.207818209487777,0.20412581292685428,0.22711719561245558,0.316,0.204,0.23,True,999,0.0001145420828834176,0.0013532080920413136,power_3x3_bal_strong_300,power,True,384,1891496405,-0.050000000000000266,0,1
300,300,0.05511842110759857,0.04791265686474022,0.04831192535942819,0.04038445830207138,0.007205764242858348,0.007927467057356807,0.02887672695641179,0.24953535259502047,0.27452789470645295,0.8029466981662934,0.7836789698705033,0.875,0.812,0.794,True,999,0.00011966703459620476,0.0013632499612867832,power_3x3_bal_strong_300,power,True,385,1891496405,-0.050000000000000266,0,1
300,300,0.04379476371384272,0.1639633171762882,0.03698923734816617,0.1558953708098727,-0.12016855346244548,-0.11890613346170653,0.03887200424277711,-3.0913907271651486,-3.058914398112125,0.0019922129324019947,0.0022214061420962137,0.009,0.001,0.001,True,999,0.00011595897376537323,0.0013336660340428352,power_3x3_bal_strong_300,power,True,386,1891496405,-0.050000000000000266,0,0
300,300,0.0727782150699059,0.08873672295876878,0.06596490904587426,0.0826924380046421,-0.015958507888862883,-0.016727528958767834,0.03551225813107852,-0.44938026272389614,-0.4710353505830358,0.65315736685949,0.6376154907466858,0.697,0.642,0.622,True,999,0.00011470797471702099,0.0013264160370454192,power_3x3_bal_strong_300,power,True,387,1891496405,-0.050000000000000266,0,1
300,300,0.07137959123022086,0.14810329790597915,0.06456402776973391,0.1442340422506163,-0.07672370667575829,-0.0796700144808824,0.0391190580918146,-1.9612871684099213,-2.03660359852971,0.04984553328083223,0.04168978189303406,0.101,0.06,0.051,True,999,0.0001168340677395463,0.001367166987620294,power_3x3_bal_strong_300,power,True,388,1891496405,-0.050000000000000266,0,2
300,300,0.06951646016207103,0.04329659862073926,0.06269568098133504,0.03736196570083905,0.026219861541331768,0.025333715280495994,0.02875194448662202,0.9119335060462292,0.8811131119247781,0.3618037221076138,0.3782566010801791,0.523,0.361,0.376,True,999,0.00011804199311882257,0.001358040957711637,power_3x3_bal_strong_300,power,True,389,1891496405,-0.050000000000000266,0,1
300,300,0.08592215326132546,0.10184534816376511,0.07909270631546406,0.09436087642428959,-0.015923194902439652,-0.01526817010882553,0.038772616523997994,-0.41068146361966884,-0.39378745820198696,0.6813061206937921,0.6937379647358876,0.739,0.694,0.708,True,999,0.00016549997963011265,0.0013397919246926904,power_3x3_bal_strong_300,power,True,390,1891496405,-0.050000000000000266,0,1
300,300,0.03795477921581081,0.0603642223913502,0.031153062212410987,0.049586519117269745,-0.02240944317553939,-0.018433456904858758,0.029234645683816857,-0.7665371907669253,-0.6305346438682098,0.4433567316107053,0.5283448438715824,0.582,0.461,0.539,True,999,0.00011695805005729198,0.0013283329317346215,power_3x3_bal_strong_300,power,True,391,1891496405,-0.050000000000000266,0,0
300,300,0.07297243123793828,0.0977065255648587,0.06615727551746886,0.08687602018262908,-0.02473409432692042,-0.020718744665160216,0.03656258578029926,-0.6764864628433284,-0.5666651912875358,0.49873183798761356,0.5709416743746938,0.585,0.486,0.567,True,999,0.00011583301238715649,0.001298417104408145,power_3x3_bal_strong_300,power,True,392,1891496405,-0.050000000000000266,0,0
300,300,0.04230820603970398,0.11837705213160876,0.03550548010150578,0.11074291696201044,-0.07606884609190478,-0.07523743686050466,0.03494203566308592,-2.1770009860148694,-2.1532070308081193,0.02948049387207268,0.031302411368635756,0.074,0.024,0.024,True,999,0.00011966691818088293,0.0013232090277597308,power_3x3_bal_strong_300,power,True,393,1891496405,-0.050000000000000266,0,0
300,300,0.08293088792049508,0.18656824519601461,0.07610665987596121,0.17920179382453227,-0.10363735727551954,-0.10309513394857106,0.0424785422107433,-2.4397578608361115,-2.426993220179226,0.014697109401482476,0.015224540361717819,0.027,0.017,0.018,True,999,0.00011783395893871784,0.0013930000131949782,power_3x3_bal_strong_300,power,True,394,1891496405,-0.050000000000000266,0,1
300,300,0.06779787404174198,0.12801397832459727,0.06097464650366646,0.11856318887443251,-0.06021610428285529,-0.05758854237076605,0.038044769464111165,-1.5827695930621697,-1.5137045954527637,0.11347398961561,0.13010077890816246,0.176,0.124,0.137,True,999,0.00012304203119128942,0.0013805839698761702,power_3x3_bal_strong_300,power,True,395,1891496405,-0.050000000000000266,0,0
300,300,0.06395797279570448,0.13772567738624775,0.057146133676099,0.125675718878,-0.07376770459054327,-0.068529585201901,0.03843486937552507,-1.9192911486130295,-1.7830055445834279,0.054947497590005716,0.0745854007645744,0.104,0.057,0.073,True,999,0.00011433300096541643,0.0012997909216210246,power_3x3_bal_strong_300,power,True,396,1891496405,-0.050000000000000266,0,0
300,300,0.06222827236128614,0.0830082545546903,0.05541853655574869,0.07497574853191225,-0.020779982193404156,-0.019557211976163558,0.03408499453520837,-0.6096519150660067,-0.573777764756916,0.5420924137231837,0.5661181971355025,0.659,0.557,0.577,True,999,0.00011091609485447407,0.0013537920312955976,power_3x3_bal_strong_300,power,True,397,1891496405,-0.050000000000000266,0,0
300,300,0.07860357999849743,0.08689130719974769,0.07178312042526613,0.0775720326294902,-0.008287727201250261,-0.0057889122042240615,0.03556972210409071,-0.23299949257397,-0.1627483112542593,0.8157617997935747,0.8707166071658337,0.847,0.817,0.867,True,999,0.000118291936814785,0.0013220410328358412,power_3x3_bal_strong_300,power,True,398,1891496405,-0.050000000000000266,0,0
300,300,0.05434040215694247,0.14398895921122162,0.04753346638352696,0.13782852108332122,-0.08964855705427915,-0.09029505469979426,0.03900871732871058,-2.298167260893181,-2.3147404191456644,0.021552271274364113,0.020627142338098748,0.033,0.016,0.016,True,999,0.00011499994434416294,0.0013492499710991979,power_3x3_bal_strong_300,power,True,399,1891496405,-0.050000000000000266,0,1
300,300,0.038713350095554544,0.11470924410543604,0.03191086655795061,0.10650036802287843,-0.07599589400988149,-0.07458950146492782,0.034695092745206005,-2.190393165050185,-2.1498573879798673,0.028495735295172787,0.031566497134383115,0.076,0.035,0.037,True,999,0.0001154579222202301,0.0013677909737452865,power_3x3_bal_strong_300,power,True,400,1891496405,-0.050000000000000266,0,0
300,300,0.08578956060810561,0.05894450454419431,0.0789675178714333,0.04811144776202525,0.0268450560639113,0.03085607010940805,0.03349662989309059,0.8014255807103949,0.9211693895143998,0.42288531087572045,0.35696199704570597,0.576,0.436,0.371,True,999,0.00011495791841298342,0.001342250034213066,power_3x3_bal_strong_300,power,True,401,1891496405,-0.050000000000000266,0,0
300,300,0.0663232735587651,0.13338769752381807,0.05950611129549088,0.12399408147054203,-0.06706442396505297,-0.06448797017505115,0.03888652054403289,-1.7246187888966054,-1.6583630850188469,0.08459619512435139,0.09724420286194765,0.163,0.103,0.113,True,999,0.00011612498201429844,0.0012965420028194785,power_3x3_bal_strong_300,power,True,402,1891496405,-0.050000000000000266,0,0
300,300,0.05382426595813472,0.12091248999901405,0.04701605228581229,0.11515001048830698,-0.06708822404087933,-0.06813395820249468,0.03610968598556401,-1.8579010647641736,-1.8868609998362598,0.06318306517363549,0.05917902390913932,0.124,0.053,0.049,True,999,0.00011712498962879181,0.0013287500478327274,power_3x3_bal_strong_300,power,True,403,1891496405,-0.050000000000000266,0,1
300,300,0.031658555414438405,0.10283469823208347,0.02486092757692404,0.09230063389618692,-0.07117614281764506,-0.06743970631926288,0.033425329348139285,-2.1294073747580673,-2.017622791890818,0.03322057084056385,0.043630561317287896,0.084,0.033,0.044,True,999,0.00011308304965496063,0.0013462919741868973,power_3x3_bal_strong_300,power,True,404,1891496405,-0.050000000000000266,0,0
300,300,0.03277482186531766,0.11138234677787096,0.025969997378524567,0.10190926690242463,-0.0786075249125533,-0.07593926952390007,0.035013861267028955,-2.245040166037746,-2.168834478001682,0.02476555415428876,0.03009525263446435,0.069,0.025,0.033,True,999,0.00012220803182572126,0.0013393330154940486,power_3x3_bal_strong_300,power,True,405,1891496405,-0.050000000000000266,0,0
300,300,0.08365624951488893,0.14018418113846065,0.0768309284632096,0.1344495928333913,-0.056527931623571726,-0.057618664370181705,0.0417919172043307,-1.3526044126473815,-1.378703544239673,0.17618204199534293,0.1679861763005811,0.23,0.196,0.192,True,999,0.00011879205703735352,0.0013150830054655671,power_3x3_bal_strong_300,power,True,406,1891496405,-0.050000000000000266,0,2
300,300,0.05807531421379153,0.11313290510172058,0.05125423964216225,0.10515848294242858,-0.05505759088792905,-0.05390424330026633,0.036030303971575015,-1.5280912126460278,-1.4960807253469859,0.12648989292423227,0.1346326200674325,0.249,0.13,0.141,True,999,0.00014879193622618914,0.0012999169994145632,power_3x3_bal_strong_300,power,True,407,1891496405,-0.050000000000000266,0,0
300,300,0.04008789131370438,0.16187279988386127,0.03328029740293914,0.14970775887206855,-0.12178490857015689,-0.11642746146912941,0.039319780924710286,-3.097293670159334,-2.961040441503611,0.0019529629657789884,0.0030660167683263626,0.003,0.001,0.001,True,999,0.0001159169478341937,0.0013193750055506825,power_3x3_bal_strong_300,power,True,408,1891496405,-0.050000000000000266,0,0
300,300,0.08231965990817636,0.09182428802146797,0.07550416909992919,0.08249165200824393,-0.009504628113291613,-0.006987482908314746,0.03717514829900131,-0.2556715587748429,-0.18796113070253606,0.7982044581998529,0.8509071212527579,0.839,0.797,0.851,True,999,0.00011512497439980507,0.0013211669865995646,power_3x3_bal_strong_300,power,True,409,1891496405,-0.050000000000000266,0,0
300,300,0.04255639116920462,0.165850650682836,0.035745416637269045,0.15689384967849662,-0.12329425951363138,-0.12114843304122758,0.04008902333869225,-3.0755116798925086,-3.021985145851637,0.002101416977048669,0.002511228708485666,0.008,0.004,0.004,True,999,0.0001176249934360385,0.0013485830277204514,power_3x3_bal_strong_300,power,True,410,1891496405,-0.050000000000000266,0,1
300,300,0.03788192384520683,0.0694473440247072,0.031080036042283155,0.06314404097969373,-0.03156542017950037,-0.03206400493741057,0.029773140746932766,-1.060197862489608,-1.076943988205672,0.2890545933518275,0.28150528972321665,0.466,0.296,0.29,True,999,0.0001236249227076769,0.0013847500085830688,power_3x3_bal_strong_300,power,True,411,1891496405,-0.050000000000000266,0,1
300,300,0.06129023222896013,0.09811481182412451,0.05446724457669916,0.08918157863959664,-0.036824579595164386,-0.03471433406289748,0.03550701593998133,-1.0371071355985018,-0.9776753451085907,0.2996859300597281,0.328234919480485,0.406,0.302,0.339,True,999,0.0001127501018345356,0.0013655830407515168,power_3x3_bal_strong_300,power,True,412,1891496405,-0.050000000000000266,0,1
300,300,0.06813318835569238,0.07403385590138034,0.06131643632596706,0.06318089793649051,-0.005900667545687965,-0.001864461610523449,0.03363214775479276,-0.17544724139263718,-0.05543688806664907,0.8607282229433895,0.955790408582117,0.895,0.866,0.958,True,999,0.00011316698510199785,0.0012934589758515358,power_3x3_bal_strong_300,power,True,413,1891496405,-0.050000000000000266,0,0
300,300,0.03695889476015024,0.1181958799438958,0.03015894281799092,0.1122798958597997,-0.08123698518374556,-0.08212095304180878,0.03682643290309723,-2.2059422751453415,-2.2299458994004855,0.027388041718353493,0.025751034715878682,0.052,0.03,0.029,True,999,0.0001127920113503933,0.0013315000105649233,power_3x3_bal_strong_300,power,True,414,1891496405,-0.050000000000000266,0,1
300,300,0.07084224503031855,0.12210385949160885,0.06401414011503448,0.11425197868055648,-0.051261614461290295,-0.050237838565522,0.0378848044473673,-1.3530917001962401,-1.3260683088734575,0.17602633685044955,0.18481707216521193,0.288,0.18,0.188,True,999,0.00011587492190301418,0.0013362080790102482,power_3x3_bal_strong_300,power,True,415,1891496405,-0.050000000000000266,0,0
300,300,0.06724540492020248,0.04668633279781581,0.06042351936326895,0.03581624090617197,0.020559072122386668,0.02460727845709698,0.030107295526827872,0.6828601427872186,0.8173194578427025,0.49469522149465983,0.4137458899406623,0.652,0.509,0.43,True,999,0.0001192090567201376,0.0013319590361788869,power_3x3_bal_strong_300,power,True,416,1891496405,-0.050000000000000266,0,0
300,300,0.06875946942470379,0.104396100895215,0.06194565349585446,0.0922276926813197,-0.035636631470511215,-0.030282039185465237,0.03773704561426707,-0.9443407900760052,-0.8024485937504511,0.3449955279735628,0.42229351332657417,0.44,0.34,0.421,True,999,0.00011670798994600773,0.0013621250400319695,power_3x3_bal_strong_300,power,True,417,1891496405,-0.050000000000000266,0,0
300,300,0.06727134358848996,0.13301639971338353,0.06045602325991695,0.12925662150928474,-0.06574505612489356,-0.0688005982493678,0.03786590826027361,-1.7362598481196052,-1.8169535978501485,0.08251789933098407,0.06922421872467703,0.178,0.088,0.077,True,999,0.00012154201976954937,0.0013489590492099524,power_3x3_bal_strong_300,power,True,418,1891496405,-0.050000000000000266,0,2
300,300,0.048843603144491654,0.08344113313069379,0.04203594129694466,0.07564941777833667,-0.034597529986202136,-0.03361347648139201,0.03244081346348688,-1.066481579604738,-1.036147768588633,0.28620600121861506,0.3001332097549274,0.423,0.286,0.303,True,999,0.00011824991088360548,0.0013004170032218099,power_3x3_bal_strong_300,power,True,419,1891496405,-0.050000000000000266,0,1
300,300,0.024243299364544058,0.08289981712622085,0.017444293070752792,0.07210811703478726,-0.058656517761676796,-0.054663823964034464,0.030936350033142847,-1.8960387278666253,-1.7669771613481167,0.057954923661218356,0.07723205322589567,0.22,0.069,0.095,True,999,0.00011412508320063353,0.0013308749767020345,power_3x3_bal_strong_300,power,True,420,1891496405,-0.050000000000000266,0,0
300,300,0.05234132939601732,0.12978844797720263,0.04553170022933273,0.12244253276797679,-0.0774471185811853,-0.07691083253864406,0.03645968553863346,-2.1241850399154067,-2.109476025434934,0.0336546736812035,0.03490351329447547,0.085,0.033,0.035,True,999,0.00011545803863555193,0.001326457946561277,power_3x3_bal_strong_300,power,True,421,1891496405,-0.050000000000000266,0,1
300,300,0.06444345355719605,0.057035079160994095,0.057623279150050166,0.048021507380198614,0.0074083743962019555,0.009601771769851553,0.030224205767048776,0.2451139478503273,0.3176848332709426,0.8063682034732838,0.7507240169849171,0.852,0.787,0.725,True,999,0.00011504197027534246,0.0013793749967589974,power_3x3_bal_strong_300,power,True,422,1891496405,-0.050000000000000266,0,0
300,300,0.054323631241913306,0.11812847620169997,0.04751237187394963,0.11416431274932393,-0.06380484495978667,-0.0666519408753743,0.036539141867284415,-1.7462053485419917,-1.824124417520916,0.08077527577096764,0.06813326484312326,0.148,0.086,0.07,True,999,0.0001314579276368022,0.0013311250368133187,power_3x3_bal_strong_300,power,True,423,1891496405,-0.050000000000000266,0,2
300,300,0.07804260579977251,0.13177533045305656,0.07121963689837685,0.1279537766818919,-0.05373272465328405,-0.05673413978351505,0.038003889937137394,-1.413874336078856,-1.4928508601977204,0.15739880244505622,0.13547623052635746,0.264,0.171,0.148,True,999,0.00015587499365210533,0.001317500020377338,power_3x3_bal_strong_300,power,True,424,1891496405,-0.050000000000000266,0,2
300,300,0.06360519140708476,0.13869825637652744,0.0567851898920253,0.12962263498195625,-0.07509306496944268,-0.07283744508993095,0.04009671175534952,-1.8727985832759493,-1.816544098038496,0.06109620370168244,0.069286949798399,0.096,0.06,0.067,True,999,0.00011216697748750448,0.0013064160011708736,power_3x3_bal_strong_300,power,True,425,1891496405,-0.050000000000000266,0,1
300,300,0.026056642904560334,0.09673808091354341,0.01925785760306553,0.09083496684080217,-0.07068143800898308,-0.07157710923773664,0.033029278719873746,-2.1399631099559553,-2.1670806027825433,0.03235774813490034,0.030228708683479797,0.081,0.028,0.026,True,999,0.00011466606520116329,0.001312707900069654,power_3x3_bal_strong_300,power,True,426,1891496405,-0.050000000000000266,0,1
300,300,0.027909036461371883,0.08678748172482265,0.0211044300592107,0.07625087018224974,-0.05887844526345076,-0.05514644012303904,0.031159976850466228,-1.8895535624433495,-1.7697843739641264,0.05881769280817389,0.07676306794003286,0.16,0.062,0.084,True,999,0.00011962500866502523,0.0013677909737452865,power_3x3_bal_strong_300,power,True,427,1891496405,-0.050000000000000266,0,0
300,300,0.04164186577475881,0.16641449661494434,0.034837957222521254,0.15833311300156083,-0.12477263084018553,-0.12349515577903958,0.03804605064572131,-3.2795159739981465,-3.2459388999138588,0.0010398532314316886,0.0011706396120472592,0.003,0.002,0.002,True,999,0.00011929101310670376,0.0013582499232143164,power_3x3_bal_strong_300,power,True,428,1891496405,-0.050000000000000266,0,0
300,300,0.05319554671401128,0.07280074659526853,0.04638566604620564,0.06336311351931556,-0.01960519988125725,-0.01697744747310992,0.03153110353005145,-0.6217733503228664,-0.5384349284486402,0.5340909121771416,0.5902768178995141,0.674,0.536,0.59,True,999,0.0001166659640148282,0.0013744169846177101,power_3x3_bal_strong_300,power,True,429,1891496405,-0.050000000000000266,0,0
300,300,0.06533149638448132,0.0835478240719818,0.0585176459250647,0.07577096630041069,-0.018216327687500478,-0.017253320375345993,0.03293056806501863,-0.5531738065232849,-0.5239302383512111,0.5801444012025523,0.6003270621560672,0.702,0.593,0.623,True,999,0.00011037499643862247,0.0013122500386089087,power_3x3_bal_strong_300,power,True,430,1891496405,-0.050000000000000266,0,0
300,300,0.052599848842858066,0.15707490507556443,0.045792503406062224,0.14609562067519732,-0.10447505623270636,-0.1003031172691351,0.039177240292898874,-2.666728321127896,-2.5602394788209644,0.00765935602393508,0.010460005619400923,0.02,0.008,0.012,True,999,0.00011179107241332531,0.0013226669980213046,power_3x3_bal_strong_300,power,True,431,1891496405,-0.050000000000000266,0,0
300,300,0.07284904155405614,0.09997184951531302,0.06601107581946053,0.09598304743819597,-0.02712280796125688,-0.029971971618735438,0.037238561931943207,-0.7283527223963758,-0.8048638310338592,0.46639769617277027,0.42089826216431325,0.547,0.459,0.416,True,999,0.00013691699132323265,0.0013238340616226196,power_3x3_bal_strong_300,power,True,432,1891496405,-0.050000000000000266,0,2
300,300,0.06969171114389705,0.09074762781082762,0.06287750818137283,0.08308258118614731,-0.021055916666930574,-0.020205073004774476,0.034785306457707214,-0.6053106558808343,-0.5808507977165668,0.5449726024917425,0.561341015551075,0.628,0.528,0.542,True,999,0.00011825002729892731,0.001358125009573996,power_3x3_bal_strong_300,power,True,433,1891496405,-0.050000000000000266,0,1
300,300,0.07454185398730817,0.06728948122723111,0.06772701428354821,0.056624201787983,0.007252372760077064,0.011102812495565217,0.03369592929181536,0.21522993763637327,0.3295001125925931,0.8295880509802686,0.7417777088606083,0.856,0.818,0.739,True,999,0.00011783395893871784,0.0013668750179931521,power_3x3_bal_strong_300,power,True,434,1891496405,-0.050000000000000266,0,0
300,300,0.06089084613447948,0.1401134690416877,0.05408135667704528,0.1325739120446201,-0.07922262290720822,-0.07849255536757482,0.03845182328248978,-2.060308618532653,-2.0413220666006446,0.03936904652645214,0.041218825114402224,0.08,0.036,0.04,True,999,0.00011687492951750755,0.001356624998152256,power_3x3_bal_strong_300,power,True,435,1891496405,-0.050000000000000266,0,1
300,300,0.04939597204893165,0.17317545572134463,0.042592062205244474,0.16240070785177352,-0.12377948367241298,-0.11980864564652904,0.03991114377506967,-3.101376507022866,-3.0018845443704625,0.001926231991871922,0.0026831391735221556,0.004,0.003,0.003,True,999,0.00011929194442927837,0.0012891249498352408,power_3x3_bal_strong_300,power,True,436,1891496405,-0.050000000000000266,0,0
300,300,0.06297752219020714,0.10114125047059275,0.056160937547019785,0.0933614124123352,-0.03816372828038561,-0.037200474865315414,0.034755066130727465,-1.0980766987131265,-1.0703612165601932,0.27217099918541177,0.28445674938084586,0.382,0.274,0.285,True,999,0.00011475000064820051,0.0013355420669540763,power_3x3_bal_strong_300,power,True,437,1891496405,-0.050000000000000266,0,0
300,300,0.08016313965777977,0.09678585320399541,0.07333722845601187,0.08785333704912546,-0.01662271354621564,-0.014516108593113586,0.03646244743451758,-0.4558858418944079,-0.39811119698377,0.6484720710759813,0.6905482211204619,0.712,0.632,0.683,True,999,0.00011541706044226885,0.0013482499634847045,power_3x3_bal_strong_300,power,True,438,1891496405,-0.050000000000000266,0,1
300,300,0.05057887341798639,0.0766849554038731,0.043769621844262474,0.06714364996966538,-0.02610608198588671,-0.0233740281254029,0.032112345758909505,-0.8129609148420317,-0.7278829239348802,0.416240467618351,0.46668525707114517,0.503,0.395,0.441,True,999,0.00011833303142338991,0.0013529169373214245,power_3x3_bal_strong_300,power,True,439,1891496405,-0.050000000000000266,0,0
300,300,0.07771900661443043,0.06047538069463104,0.07089486923467803,0.05250838832451166,0.017243625919799388,0.01838648091016637,0.0316092333276125,0.5455249654769728,0.58168069815552,0.5853925148695539,0.5607817751512743,0.707,0.58,0.555,True,999,0.00012870901264250278,0.0013284579617902637,power_3x3_bal_strong_300,power,True,440,1891496405,-0.050000000000000266,0,0
300,300,0.05744415687130022,0.1136057864864074,0.050636692059583766,0.10723760439107366,-0.05616162961510718,-0.056600912331489894,0.0378467020856075,-1.4839240018343514,-1.4955308973411006,0.13782908353054307,0.13477594247101915,0.214,0.14,0.134,True,999,0.00015320803504437208,0.001338207977823913,power_3x3_bal_strong_300,power,True,441,1891496405,-0.050000000000000266,0,1
300,300,0.07011315858319156,0.1242374377758313,0.06329192906656544,0.11843708700990874,-0.054124279192639735,-0.05514515794334329,0.03758207772484812,-1.4401619726536412,-1.4673259511376884,0.1498215791206958,0.14228740743011004,0.234,0.152,0.148,True,999,0.00011916598305106163,0.0013606250286102295,power_3x3_bal_strong_300,power,True,442,1891496405,-0.050000000000000266,0,1
300,300,0.056998187559863744,0.11234910659581648,0.05019080377269347,0.10681348480478903,-0.05535091903595274,-0.056622681032095556,0.035523511398576346,-1.558148866954943,-1.5939494380717327,0.11919796292103677,0.11094736009980795,0.24,0.14,0.137,True,999,0.00011879100929945707,0.0013252499047666788,power_3x3_bal_strong_300,power,True,443,1891496405,-0.050000000000000266,0,2
300,300,0.05371940050824864,0.12897954972868508,0.04691018667097069,0.12026821898579954,-0.07526014922043645,-0.07335803231482885,0.0382847872916891,-1.9657977631437435,-1.9161144022015628,0.04932197630831515,0.05535053549589596,0.082,0.064,0.067,True,999,0.00012020801659673452,0.0013188750017434359,power_3x3_bal_strong_300,power,True,444,1891496405,-0.050000000000000266,0,1
300,300,0.05319661628533434,0.11094141394104384,0.046386301539484975,0.10282494924695129,-0.0577447976557095,-0.056438647707466316,0.03588121386444045,-1.6093323340138341,-1.5729302782423147,0.10754369250294776,0.11573496322910945,0.182,0.101,0.108,True,999,0.00011712498962879181,0.0013635840732604265,power_3x3_bal_strong_300,power,True,445,1891496405,-0.050000000000000266,0,0
300,300,0.04567511392773094,0.11770041233228812,0.0388645723018044,0.10555496887783988,-0.07202529840455718,-0.06669039657603548,0.03558040167043273,-2.024296945034494,-1.8743576082631783,0.042939607779658225,0.06088115223965237,0.106,0.054,0.069,True,999,0.00011741695925593376,0.0013849580427631736,power_3x3_bal_strong_300,power,True,446,1891496405,-0.050000000000000266,0,0
300,300,0.04768846589170339,0.07379525503978845,0.04088332462146127,0.06428341735899323,-0.026106789148085063,-0.023400092737531963,0.031121471570069968,-0.8388674388132852,-0.7518954457165264,0.40154370157931485,0.4521139371660815,0.568,0.405,0.456,True,999,0.00011979194823652506,0.0013308749767020345,power_3x3_bal_strong_300,power,True,447,1891496405,-0.050000000000000266,0,0
300,300,0.037176293468778265,0.16692525447200962,0.030375718778032024,0.15800061517921904,-0.12974896100323136,-0.12762489640118702,0.039543441525787634,-3.2811752340427325,-3.227460521309417,0.0010337549734609087,0.0012489427404050845,0.003,0.003,0.003,True,999,0.00011795898899435997,0.001369000063277781,power_3x3_bal_strong_300,power,True,448,1891496405,-0.050000000000000266,0,1
300,300,0.05759238258874011,0.14560316377906557,0.05078370817096811,0.1383946221049399,-0.08801078119032546,-0.0876109139339718,0.0390902958810704,-2.25147390692801,-2.2412445840912056,0.024355537727420773,0.025010236356256717,0.048,0.027,0.027,True,999,0.00011733407154679298,0.0013259579427540302,power_3x3_bal_strong_300,power,True,449,1891496405,-0.050000000000000266,0,1
300,300,0.041863432734079,0.15729290324109613,0.03506201180948665,0.14963602445179447,-0.11542947050701713,-0.11457401264230782,0.039426846140899766,-2.9276871422712003,-2.9059897977346334,0.003414934786668279,0.0036609338535400324,0.013,0.01,0.01,True,999,0.00012108392547816038,0.0013757080305367708,power_3x3_bal_strong_300,power,True,450,1891496405,-0.050000000000000266,0,1
300,300,0.0386996290933197,0.08805912148359413,0.0318904858607425,0.07717525083982935,-0.04935949239027443,-0.045284764979086845,0.03218821969838244,-1.533464505113804,-1.4068738626561117,0.1251614458059472,0.15946479526562252,0.252,0.145,0.178,True,999,0.00012104201596230268,0.0013606250286102295,power_3x3_bal_strong_300,power,True,451,1891496405,-0.050000000000000266,0,0
300,300,0.07709688156312011,0.08417234249871508,0.07027194550192917,0.07811261915355772,-0.007075460935594968,-0.007840673651628549,0.03381207968063323,-0.2092583775510155,-0.2318897188722616,0.8342465423315225,0.8166236700567966,0.859,0.826,0.801,True,999,0.00011737493332475424,0.0013593330513685942,power_3x3_bal_strong_300,power,True,452,1891496405,-0.050000000000000266,0,1
300,300,0.07054522389762008,0.06826385640534022,0.06373298471339695,0.06083423490534301,0.002281367492279862,0.0028987498080539353,0.03280896518461126,0.06953488107421067,0.08835236929123162,0.9445638687525202,0.9295966169823837,0.951,0.938,0.924,True,999,0.00011479191016405821,0.0013306670589372516,power_3x3_bal_strong_300,power,True,453,1891496405,-0.050000000000000266,0,1
300,300,0.045968720647521444,0.08511514005208853,0.039163131992154376,0.07608363204960256,-0.03914641940456709,-0.03692050005744818,0.03190718858393822,-1.226884007708314,-1.1571216925089294,0.21986619012909014,0.24722264512491954,0.362,0.216,0.248,True,999,0.0001232079230248928,0.0013298329431563616,power_3x3_bal_strong_300,power,True,454,1891496405,-0.050000000000000266,0,0
300,300,0.04048385241393415,0.1258727123372746,0.03366745541347882,0.11367270658442408,-0.08538885992334044,-0.08000525117094526,0.03581614293366559,-2.3840886519100493,-2.233776297998405,0.0171214772610939,0.02549779583193265,0.046,0.019,0.027,True,999,0.00011816597543656826,0.0013733749510720372,power_3x3_bal_strong_300,power,True,455,1891496405,-0.050000000000000266,0,0
300,300,0.024014020288347204,0.12106659967230449,0.01721700506840307,0.11277846156589533,-0.09705257938395728,-0.09556145649749226,0.03492932495479931,-2.7785415123123416,-2.735851798486076,0.005460353575655171,0.006221904048613117,0.021,0.004,0.005,True,999,0.00011629203800112009,0.0013778340071439743,power_3x3_bal_strong_300,power,True,456,1891496405,-0.050000000000000266,0,0
300,300,0.05842269215069673,0.07691048570348452,0.05161160901855055,0.06849757702084958,-0.01848779355278779,-0.016885968002299023,0.03282601741411632,-0.563205500062807,-0.5144080620342776,0.5732949580914433,0.6069667238455618,0.702,0.602,0.636,True,999,0.00011512497439980507,0.0013680419651791453,power_3x3_bal_strong_300,power,True,457,1891496405,-0.050000000000000266,0,0
300,300,0.10317491433811954,0.1307990437324864,0.09634000800133435,0.11966369180802872,-0.02762412939436687,-0.023323683806694362,0.04141161526305267,-0.6670623499927336,-0.5632159880395607,0.5047323079418291,0.5732878172186686,0.549,0.5,0.557,True,999,0.00011870800517499447,0.0013151670573279262,power_3x3_bal_strong_300,power,True,458,1891496405,-0.050000000000000266,0,0
300,300,0.06257900228146585,0.08251217867194655,0.055766347138103356,0.07088005539692688,-0.0199331763904807,-0.015113708258823522,0.03500864873610403,-0.5693786281423606,-0.431713556634276,0.5690992173173044,0.6659496132063853,0.664,0.576,0.67,True,999,0.00011508294846862555,0.0013352499809116125,power_3x3_bal_strong_300,power,True,459,1891496405,-0.050000000000000266,0,1
300,300,0.063246057399726,0.12437711617898628,0.056435097103189946,0.11696816906187735,-0.06113105877926028,-0.0605330719586874,0.03748977283804278,-1.6306062734321902,-1.6146556080825707,0.10297342459587021,0.10638529591874907,0.189,0.11,0.114,True,999,0.00011712498962879181,0.001287874998524785,power_3x3_bal_strong_300,power,True,460,1891496405,-0.050000000000000266,0,1
300,300,0.048641526007301206,0.07783205573783647,0.04183405501407833,0.06827100020740318,-0.029190529730535264,-0.026436945193324846,0.03258128880541009,-0.8959292526724174,-0.8114149612441057,0.37029054954953333,0.41712741016232124,0.492,0.358,0.405,True,999,0.00011554197408258915,0.0013443749630823731,power_3x3_bal_strong_300,power,True,461,1891496405,-0.050000000000000266,0,0
300,300,0.10708446018307405,0.17646818045968027,0.10025027783888163,0.16944029375173386,-0.06938372027660622,-0.06919001591285223,0.04406495867449248,-1.5745781310983007,-1.5701822489828792,0.1153538539765517,0.11637271801785193,0.15,0.11,0.11,True,999,0.00011475000064820051,0.0013502920046448708,power_3x3_bal_strong_300,power,True,462,1891496405,-0.050000000000000266,0,2
300,300,0.035797023911719794,0.10566246711946936,0.02899612814178454,0.100081726508634,-0.06986544320774957,-0.07108559836684947,0.03547580147479933,-1.9693830809539097,-2.003777093446246,0.04890911713508137,0.04509394365452575,0.113,0.057,0.049,True,999,0.00011399993672966957,0.001349167083390057,power_3x3_bal_strong_300,power,True,463,1891496405,-0.050000000000000266,0,2
300,300,0.046313355354248964,0.07369489146529318,0.03950940610531006,0.06786182206010949,-0.027381536111044213,-0.028352415954799426,0.03167993124839871,-0.8643180408552255,-0.8949645670784883,0.3874132022798633,0.3708060294407153,0.514,0.381,0.366,True,999,0.00011787505354732275,0.0013217920204624534,power_3x3_bal_strong_300,power,True,464,1891496405,-0.050000000000000266,0,1
300,300,0.08391077332313635,0.15152293733264777,0.07708568832401852,0.14189023652447474,-0.06761216400951142,-0.06480454820045622,0.04102335819649208,-1.6481382066691204,-1.5796987630817039,0.09932431364443112,0.11417586904051766,0.156,0.11,0.128,True,999,0.00011670892126858234,0.0013686669990420341,power_3x3_bal_strong_300,power,True,465,1891496405,-0.050000000000000266,0,0
300,300,0.08355009123134094,0.09742404917249725,0.07672622456539102,0.09157963398978097,-0.013873957941156312,-0.014853409424389952,0.03683135468800372,-0.37668877668719514,-0.40328164821012763,0.7064049044346179,0.6867410407180745,0.759,0.695,0.672,True,999,0.00011412508320063353,0.0012968749506399035,power_3x3_bal_strong_300,power,True,466,1891496405,-0.050000000000000266,0,1
300,300,0.05916490570836497,0.08442154954592374,0.0523504792927838,0.07511623062320893,-0.025256643837558768,-0.022765751330425132,0.033476332011289994,-0.7544627000664496,-0.6800551303753145,0.45057143458194493,0.49646955378982527,0.571,0.465,0.51,True,999,0.00011424999684095383,0.001353458035737276,power_3x3_bal_strong_300,power,True,467,1891496405,-0.050000000000000266,0,0
300,300,0.054520515200298325,0.11616038019542274,0.04771203153637771,0.1082677792365132,-0.061639864995124416,-0.0605557477001355,0.03560023407436536,-1.7314454974190576,-1.700992964642888,0.08337233781151814,0.08894430828368359,0.172,0.091,0.099,True,999,0.00011862500105053186,0.0013481250498443842,power_3x3_bal_strong_300,power,True,468,1891496405,-0.050000000000000266,0,0
300,300,0.0503063266549284,0.09348354432189632,0.04350101914388915,0.08403007685392083,-0.043177217666967915,-0.04052905771003168,0.03407304171165551,-1.2671958679931443,-1.1894757753948257,0.20508526288376971,0.2342524980792271,0.351,0.223,0.249,True,999,0.00011262495536357164,0.0013404579367488623,power_3x3_bal_strong_300,power,True,469,1891496405,-0.050000000000000266,0,0
300,300,0.03519560063299165,0.1002971118688527,0.028390121951701985,0.09440851974926545,-0.06510151123586105,-0.06601839779756347,0.03291912037135282,-1.977620012365649,-2.005472717764798,0.04797158990273707,0.044912534539540715,0.148,0.054,0.051,True,999,0.00011958298273384571,0.0013286250177770853,power_3x3_bal_strong_300,power,True,470,1891496405,-0.050000000000000266,0,1
300,300,0.058417808349067624,0.10202688567393903,0.05160531511864974,0.09823766556415592,-0.043609077324871404,-0.04663235044550618,0.035503143345589426,-1.228315952206778,-1.3134710352710033,0.21932838492307805,0.18902427479449535,0.343,0.244,0.206,True,999,0.0001206250162795186,0.001328082988038659,power_3x3_bal_strong_300,power,True,471,1891496405,-0.050000000000000266,0,2
300,300,0.05737796670693407,0.06415359361407824,0.05056654753974499,0.05324733889290201,-0.006775626907144172,-0.0026807913531570193,0.03179945602395252,-0.21307367339996386,-0.08430305698115556,0.8312694987143079,0.9328154819372761,0.86,0.818,0.916,True,999,0.00012041698209941387,0.0013484579976648092,power_3x3_bal_strong_300,power,True,472,1891496405,-0.050000000000000266,0,0
300,300,0.04450176302358644,0.13438743424766875,0.03769641849754635,0.12494208745916069,-0.08988567122408231,-0.08724566896161434,0.03686121248265996,-2.4384892728736425,-2.3668692125267436,0.014748796428005317,0.017939270997876577,0.03,0.015,0.018,True,999,0.00012212491128593683,0.001354792038910091,power_3x3_bal_strong_300,power,True,473,1891496405,-0.050000000000000266,0,0
300,300,0.05114039661400738,0.12974749152480897,0.044329318570021314,0.1262815905588468,-0.07860709491080159,-0.08195227198882549,0.03780471452892493,-2.079293439728481,-2.167779151622019,0.03759038773864124,0.030175493823354584,0.079,0.04,0.036,True,999,0.00011162494774907827,0.001357667031697929,power_3x3_bal_strong_300,power,True,474,1891496405,-0.050000000000000266,0,3
300,300,0.03965301495570106,0.09396981302822527,0.03284980634686008,0.0859859037147288,-0.05431679807252421,-0.05313609736786873,0.03250222340130075,-1.6711717657552752,-1.63484499850377,0.09468775538609708,0.10208154494264922,0.191,0.099,0.105,True,999,0.00011595792602747679,0.0012847910402342677,power_3x3_bal_strong_300,power,True,475,1891496405,-0.050000000000000266,0,0
300,300,0.08032151000838805,0.05860478538999675,0.07350553214206457,0.04914491669077847,0.021716724618391303,0.024360615451286094,0.0328744908388224,0.6605950104250868,0.7410187908528143,0.5088720697133697,0.4586820469483842,0.629,0.502,0.457,True,999,0.00011583301238715649,0.0012963329209014773,power_3x3_bal_strong_300,power,True,476,1891496405,-0.050000000000000266,0,0
300,300,0.06700582988160764,0.10242899081702805,0.060188506715917356,0.09521079695733192,-0.03542316093542042,-0.035022290241414566,0.03604691722138318,-0.9826959880610054,-0.9715751842612271,0.3257570858574289,0.3312619330281463,0.423,0.327,0.335,True,999,0.00011854199692606926,0.0013219999382272363,power_3x3_bal_strong_300,power,True,477,1891496405,-0.050000000000000266,0,1
300,300,0.0453310572977117,0.08179696027294003,0.03852410418318186,0.07264565908590725,-0.03646590297522834,-0.03412155490272539,0.032620368639007614,-1.1178875192606563,-1.0460199049351837,0.2636150361299886,0.29555184246363664,0.409,0.285,0.32,True,999,0.00011504103895276785,0.0013777499552816153,power_3x3_bal_strong_300,power,True,478,1891496405,-0.050000000000000266,0,0
300,300,0.03187509581068171,0.11840208206392178,0.02507375484702834,0.11116569173834989,-0.08652698625324007,-0.08609193689132155,0.0351910295894391,-2.4587796169284855,-2.44641710957948,0.013941016698242055,0.014428397030741757,0.028,0.009,0.009,True,999,0.00011495908256620169,0.0013766249176114798,power_3x3_bal_strong_300,power,True,479,1891496405,-0.050000000000000266,0,1
300,300,0.06747359751504778,0.07991294049918729,0.0606492038780857,0.07029146907288464,-0.012439342984139512,-0.009642265194798938,0.03403540648640372,-0.3654824275158492,-0.28330101474330205,0.7147513217374225,0.7769460994838852,0.761,0.698,0.765,True,999,0.00012137496378272772,0.0013358329888433218,power_3x3_bal_strong_300,power,True,480,1891496405,-0.050000000000000266,0,0
300,300,0.05921666190013841,0.11883529996395786,0.0524062799053695,0.11096861873639341,-0.05961863806381945,-0.05856233883102391,0.03762303641954479,-1.5846312189956089,-1.5565553555534224,0.11305014754124963,0.11957609036335845,0.189,0.117,0.123,True,999,0.00011408398859202862,0.001297959010116756,power_3x3_bal_strong_300,power,True,481,1891496405,-0.050000000000000266,0,0
300,300,0.06441796346380113,0.16611947849666936,0.05760389909380592,0.15680764550747028,-0.10170151503286823,-0.09920374641366436,0.04025405103087197,-2.5264914320019733,-2.4644413139334027,0.011520819856487315,0.013722703370607551,0.021,0.01,0.012,True,999,0.00011775002349168062,0.001350749982520938,power_3x3_bal_strong_300,power,True,482,1891496405,-0.050000000000000266,0,0
300,300,0.03988972673255797,0.055497878551355184,0.03307674454492826,0.04201378436468417,-0.015608151818797211,-0.00893703981975591,0.02940791429439025,-0.5307466440003387,-0.30389913852070455,0.5955943585033021,0.7612047341322786,0.723,0.604,0.75,True,999,0.00011854106560349464,0.0013329579960554838,power_3x3_bal_strong_300,power,True,483,1891496405,-0.050000000000000266,0,0
300,300,0.06179754626293965,0.06793784028398553,0.054989155939097145,0.05680845212118868,-0.006140294021045878,-0.0018192961820915343,0.032968834134777476,-0.1862454097085809,-0.05518230261507589,0.8522523150758309,0.9559932279178851,0.878,0.836,0.951,True,999,0.0001180840190500021,0.0013451670529320836,power_3x3_bal_strong_300,power,True,484,1891496405,-0.050000000000000266,0,0
300,300,0.036581818664370935,0.09033085695197202,0.029775628273398524,0.07963065468671005,-0.05374903828760108,-0.04985502641331152,0.03293923213539073,-1.6317635476952048,-1.5135454951831144,0.10272930716597212,0.13014115399329132,0.215,0.122,0.145,True,999,0.00011849997099488974,0.0013680419651791453,power_3x3_bal_strong_300,power,True,485,1891496405,-0.050000000000000266,0,0
300,300,0.10304551629422387,0.1274674238110296,0.09616951568489185,0.12011744615838893,-0.02442190751680573,-0.02394793047349708,0.03923541046337288,-0.6224455722109526,-0.6103652336160215,0.5336489222813829,0.5416198930501102,0.612,0.537,0.545,True,999,0.00011754105798900127,0.0013564580585807562,power_3x3_bal_strong_300,power,True,486,1891496405,-0.050000000000000266,0,1
300,300,0.03764891803890458,0.06664031352544075,0.030846418677128895,0.05905418264254081,-0.028991395486536176,-0.028207763965411914,0.030802022589974228,-0.9412172659068371,-0.9157763547187735,0.3465935303909853,0.3597842077562383,0.511,0.352,0.378,True,999,0.0001117080682888627,0.0013041249476373196,power_3x3_bal_strong_300,power,True,487,1891496405,-0.050000000000000266,0,1
300,300,0.05346528146118512,0.10902940095662178,0.04665772431701498,0.10372905829734691,-0.05556411949543666,-0.05707133398033193,0.036739952718062886,-1.5123623027451265,-1.5533861575241845,0.13044171943086394,0.12033090791089013,0.227,0.141,0.134,True,999,0.00011620891746133566,0.0013255840167403221,power_3x3_bal_strong_300,power,True,488,1891496405,-0.050000000000000266,0,2
300,300,0.03994487207385933,0.11347451251282858,0.033141797902487724,0.10249604189604611,-0.07352964043896926,-0.06935424399355838,0.035880401614992376,-2.0492981440945024,-1.9329283082656243,0.04043297003399627,0.05324503004328779,0.083,0.036,0.05,True,999,0.00011670903768390417,0.0013405840145424008,power_3x3_bal_strong_300,power,True,489,1891496405,-0.050000000000000266,0,0
300,300,0.06287677607759434,0.08100583677200579,0.05606142060747743,0.07322640660515845,-0.018129060694411447,-0.017164985997681015,0.03548703104043368,-0.5108643964538854,-0.48369743803372417,0.6094460132185322,0.6286006116901816,0.678,0.628,0.64,True,999,0.0001403329661116004,0.0013500410132110119,power_3x3_bal_strong_300,power,True,490,1891496405,-0.050000000000000266,0,1
300,300,0.05744215539810815,0.10931404137116563,0.05063100982670221,0.10146678880138893,-0.051871885973057474,-0.05083577897468672,0.03553532516676742,-1.4597273481985182,-1.4305702490722743,0.14436502258131229,0.15255341912208234,0.247,0.141,0.148,True,999,0.00011500006075948477,0.0013534999452531338,power_3x3_bal_strong_300,power,True,491,1891496405,-0.050000000000000266,0,0
300,300,0.05374885296499854,0.09009485755082303,0.04693602444922362,0.08266553386087594,-0.03634600458582449,-0.035729509411652316,0.03351594188015525,-1.0844393010284135,-1.066045213331979,0.27817006622460794,0.2864032038525871,0.406,0.289,0.299,True,999,0.00011504103895276785,0.0013207499869167805,power_3x3_bal_strong_300,power,True,492,1891496405,-0.050000000000000266,0,1
300,300,0.06819532743637158,0.09799149832334297,0.06138314232902076,0.08728146486713229,-0.029796170886971396,-0.02589832253811153,0.035755083884698356,-0.833340818974358,-0.7243255986093463,0.40465254135825035,0.46886586487792625,0.523,0.408,0.465,True,999,0.00011720904149115086,0.0013139169896021485,power_3x3_bal_strong_300,power,True,493,1891496405,-0.050000000000000266,0,0
300,300,0.04947958271571751,0.18208468652626658,0.04266662812102595,0.17393654406780001,-0.13260510381054907,-0.13126991594677406,0.03942996701365075,-3.363053886518365,-3.329191624769255,0.0007708531520065655,0.0008709845631991066,0.004,0.001,0.001,True,999,0.0001217919634655118,0.001301291980780661,power_3x3_bal_strong_300,power,True,494,1891496405,-0.050000000000000266,0,0
300,300,0.06772641458433082,0.10439821672556504,0.060914234716051396,0.09213181238222035,-0.03667180214123422,-0.03121757766616895,0.03703382903568712,-0.9902244271283956,-0.8429476097674529,0.3220644355586031,0.3992577449335951,0.44,0.34,0.417,True,999,0.00011787493713200092,0.0013300830032676458,power_3x3_bal_strong_300,power,True,495,1891496405,-0.050000000000000266,0,0
300,300,0.04901022158959445,0.08040877837552673,0.042203528584479955,0.07433262573481159,-0.031398556785932286,-0.03212909715033163,0.03172911184149632,-0.9895819631757947,-1.0126062560727653,0.32237848963516114,0.3112482704453219,0.483,0.327,0.318,True,999,0.00012454192619770765,0.0013797919964417815,power_3x3_bal_strong_300,power,True,496,1891496405,-0.050000000000000266,0,1
300,300,0.033466817652973546,0.11129778391964057,0.026667174710553354,0.10175216411931842,-0.07783096626666702,-0.07508498940876507,0.03391661235871242,-2.2947741786090847,-2.2138115863295353,0.02174606916783763,0.026841742711915532,0.052,0.025,0.027,True,999,0.00011562497820705175,0.0013764169998466969,power_3x3_bal_strong_300,power,True,497,1891496405,-0.050000000000000266,0,0
300,300,0.035140339592853786,0.1263995219569961,0.02833935875747784,0.12014051114772428,-0.09125918236414232,-0.09180115239024644,0.03408092620742632,-2.677720136146321,-2.6936225803112928,0.007412512511686078,0.007068014993822581,0.022,0.01,0.009,True,999,0.00011879205703735352,0.0012911249650642276,power_3x3_bal_strong_300,power,True,498,1891496405,-0.050000000000000266,0,1
300,300,0.07072238590428737,0.12033491599534013,0.06391000540662617,0.10964593454662008,-0.049612530091052764,-0.045735929139993914,0.038528924365346315,-1.287669741844007,-1.1870543985684097,0.19786095074378585,0.2352061639629811,0.291,0.179,0.215,True,999,0.00011566700413823128,0.0013213750207796693,power_3x3_bal_strong_300,power,True,499,1891496405,-0.050000000000000266,0,0
300,300,0.10418222562383672,0.11886390038749284,0.09733465500738703,0.10918286313997783,-0.014681674763656116,-0.011848208132590798,0.04119197771931969,-0.3564207298735787,-0.28763387408402585,0.7215255071880395,0.7736270123751958,0.736,0.701,0.753,True,999,0.0001396660227328539,0.0013129590079188347,power_3x3_bal_strong_300,power,True,500,1891496405,-0.050000000000000266,0,0
300,300,0.03231215933142195,0.07708222779381757,0.025513957144710275,0.06750382282450573,-0.04477006846239562,-0.04198986567979546,0.030741721976687016,-1.4563292354392834,-1.3658917906953447,0.1453016273842995,0.17197292979376722,0.263,0.145,0.17,True,999,0.00011629203800112009,0.0013452910352498293,power_3x3_bal_strong_300,power,True,501,1891496405,-0.050000000000000266,0,0
300,300,0.10017093706132418,0.0565508807142544,0.09332459527081483,0.04937721322281163,0.04362005634706978,0.04394738204800319,0.03277189375798479,1.3310203148221138,1.3410083156178767,0.183182326605271,0.17991775274430588,0.335,0.187,0.18,True,999,0.00011675001587718725,0.001369624980725348,power_3x3_bal_strong_300,power,True,502,1891496405,-0.050000000000000266,0,1
300,300,0.04077051893589867,0.11469854491874865,0.03396190171537228,0.10660491455804788,-0.07392802598284998,-0.0726430128426756,0.03420269272313802,-2.161468004325808,-2.1238974787950777,0.03065920592950003,0.03367871727170515,0.089,0.043,0.045,True,999,0.00011895899660885334,0.0013676669914275408,power_3x3_bal_strong_300,power,True,503,1891496405,-0.050000000000000266,0,0
300,300,0.051533117226304936,0.1091474606382834,0.04472205507488525,0.10176997657436004,-0.057614343411978464,-0.057047921499474796,0.03477069500637688,-1.6569799194813937,-1.6406897097976416,0.09752353496318877,0.10086184206192585,0.167,0.091,0.095,True,999,0.00011945900041610003,0.001329084043391049,power_3x3_bal_strong_300,power,True,504,1891496405,-0.050000000000000266,0,1
300,300,0.07143899716930369,0.09849928326152091,0.06461949389432675,0.08956434186323747,-0.027060286092217223,-0.02494484796891072,0.03584019908244914,-0.7550261099266209,-0.6960019365831634,0.45023331607722783,0.4864276169561108,0.57,0.463,0.497,True,999,0.00011708401143550873,0.0013191250618547201,power_3x3_bal_strong_300,power,True,505,1891496405,-0.050000000000000266,0,1
300,300,0.04063540058614867,0.10072431272760568,0.03383409106987756,0.08864784743558118,-0.06008891214145701,-0.054813756365703625,0.034097400562382675,-1.7622725237227903,-1.6075640800071982,0.07802326385107254,0.10793068447106512,0.157,0.059,0.095,True,999,0.00011620798613876104,0.0013315409887582064,power_3x3_bal_strong_300,power,True,506,1891496405,-0.050000000000000266,0,0
300,300,0.028463143059067386,0.09668028433622161,0.02166331435734037,0.08749531782476083,-0.06821714127715423,-0.06583200346742046,0.03289148278179622,-2.074006262645872,-2.0014908997612952,0.03807872923708648,0.04533951349961422,0.06,0.031,0.037,True,999,0.00011558295227587223,0.0013573749456554651,power_3x3_bal_strong_300,power,True,507,1891496405,-0.050000000000000266,0,0
300,300,0.04643021467218178,0.15129761894884697,0.039622630459291486,0.1449947235713296,-0.10486740427666519,-0.1053720931120381,0.03795814084070119,-2.762711817650972,-2.776007749016287,0.005732335377166543,0.005503089684419961,0.016,0.005,0.004,True,999,0.00011491694021970034,0.001422791974619031,power_3x3_bal_strong_300,power,True,508,1891496405,-0.050000000000000266,0,1
300,300,0.052259495246740784,0.10390665009569977,0.04545327311956271,0.09449061622939325,-0.05164715484895899,-0.049037343109830545,0.03509169357273738,-1.471777209666606,-1.3974059988922134,0.14108104985320602,0.16229151621585836,0.268,0.146,0.172,True,999,0.00012408301699906588,0.001326874946244061,power_3x3_bal_strong_300,power,True,509,1891496405,-0.050000000000000266,0,0
300,300,0.03320069089358002,0.09352003009647653,0.02639404758855335,0.08428068523338084,-0.060319339202896505,-0.05788663764482749,0.032073738624932645,-1.8806457179272213,-1.8047985712469792,0.06002012827802383,0.07110620806679264,0.174,0.058,0.074,True,999,0.00011083309073001146,0.0013306669425219297,power_3x3_bal_strong_300,power,True,510,1891496405,-0.050000000000000266,0,0
300,300,0.05874037702937329,0.07779554981646425,0.051923173715579196,0.06696089424274021,-0.019055172787090957,-0.015037720527161014,0.03311568868547075,-0.5754122454790218,-0.45409656643374285,0.5650125243386848,0.6497593244885238,0.676,0.596,0.675,True,999,0.00011258397717028856,0.0013139999937266111,power_3x3_bal_strong_300,power,True,511,1891496405,-0.050000000000000266,0,0
300,300,0.08565680605948311,0.07068767082450933,0.07883200437163396,0.062446124934865566,0.014969135234973785,0.01638587943676839,0.03386268616979948,0.44205398118487255,0.4838918966618241,0.6584501439213164,0.6284625915748916,0.759,0.66,0.64,True,999,0.00011479202657938004,0.0013610420282930136,power_3x3_bal_strong_300,power,True,512,1891496405,-0.050000000000000266,0,0
300,300,0.017290721275438514,0.12374830805662851,0.01049381011279138,0.11638270123609118,-0.10645758678119,-0.1058888911232998,0.034813539528463104,-3.057936315098085,-3.041600841440624,0.002228669343506527,0.002353237258716922,0.013,0.003,0.003,True,999,0.00011395791079849005,0.0013564580585807562,power_3x3_bal_strong_300,power,True,513,1891496405,-0.050000000000000266,0,1
300,300,0.04619053295530162,0.1315033468171921,0.03938703465331628,0.12431560010743681,-0.08531281386189049,-0.08492856545412053,0.03825115476597478,-2.2303330287371628,-2.220287622000534,0.02572534202633031,0.026399249626353583,0.056,0.031,0.033,True,999,0.00011787505354732275,0.0013555409386754036,power_3x3_bal_strong_300,power,True,514,1891496405,-0.050000000000000266,0,1
300,300,0.04901923598937796,0.048087025087587554,0.042214911629969265,0.03886362464768922,0.000932210901790409,0.003351286982280044,0.02792159807450864,0.03338673163702196,0.12002489876607893,0.9733661903848962,0.9044634241712164,0.986,0.981,0.924,True,999,0.00011833303142338991,0.001314666005782783,power_3x3_bal_strong_300,power,True,515,1891496405,-0.050000000000000266,0,0
300,300,0.05994074023546303,0.09035652317348741,0.053127989412530496,0.07962467124673367,-0.030415782938024383,-0.026496681834203173,0.034790253268739836,-0.8742616129602582,-0.7616122144764981,0.3819757992537588,0.446291482611023,0.481,0.356,0.428,True,999,0.00011558400001376867,0.0013397500151768327,power_3x3_bal_strong_300,power,True,516,1891496405,-0.050000000000000266,0,0
300,300,0.05040264637897485,0.09706667347441045,0.043595804871870314,0.08591900545951603,-0.0466640270954356,-0.042323200587645715,0.03585209660911239,-1.3015703824577773,-1.1804944366039833,0.19306328995284583,0.237803621862826,0.296,0.194,0.234,True,999,0.00011466699652373791,0.0013211669865995646,power_3x3_bal_strong_300,power,True,517,1891496405,-0.050000000000000266,0,0
300,300,0.05517237978747014,0.08385884299173224,0.0483600414021339,0.07448632193353433,-0.028686463204262103,-0.026126280531400425,0.03380142720702966,-0.8486760937211609,-0.7729342424324308,0.39606155220499273,0.4395612981517114,0.52,0.391,0.434,True,999,0.00011625001206994057,0.0013459170004352927,power_3x3_bal_strong_300,power,True,518,1891496405,-0.050000000000000266,0,0
300,300,0.034104403623572255,0.10206790719507597,0.02730171798026504,0.09328450451556591,-0.06796350357150371,-0.06598278653530087,0.035679216768131586,-1.9048485288558301,-1.849333940374953,0.056799763558622124,0.06440960776026489,0.112,0.062,0.068,True,999,0.00011608307249844074,0.001335292006842792,power_3x3_bal_strong_300,power,True,519,1891496405,-0.050000000000000266,0,1
300,300,0.03612132345179697,0.10557992584129905,0.029319312028405875,0.096309347643313,-0.06945860238950208,-0.06699003561490713,0.034738487908484286,-1.999471093056356,-1.9284096588022748,0.04555740650565508,0.05380419137692581,0.091,0.055,0.06,True,999,0.00011429202277213335,0.0013518749037757516,power_3x3_bal_strong_300,power,True,520,1891496405,-0.050000000000000266,0,0
300,300,0.07357895812706006,0.08175840986049387,0.06676063894792605,0.07585448230238967,-0.008179451733433818,-0.009093843354463615,0.03502136826615976,-0.23355602988639967,-0.25966556433064214,0.8153296667141328,0.7951217573592455,0.874,0.83,0.808,True,999,0.00010995904449373484,0.0013235419755801558,power_3x3_bal_strong_300,power,True,521,1891496405,-0.050000000000000266,0,1
300,300,0.041258514550498004,0.0877524478232743,0.03445362393836149,0.078698302427199,-0.04649393327277629,-0.04424467848883751,0.030959611675334474,-1.5017608670401383,-1.4291096074724752,0.1331588780959342,0.15297273255913174,0.268,0.128,0.151,True,999,0.0001164580462500453,0.0013269999762997031,power_3x3_bal_strong_300,power,True,522,1891496405,-0.050000000000000266,0,0
300,300,0.06221927903299873,0.06813727166456668,0.055403808611515615,0.0590787614967212,-0.005917992631567948,-0.0036749528852055846,0.030940370648824406,-0.19127090294869512,-0.11877533488259023,0.8483133563007204,0.9054533502431097,0.887,0.847,0.899,True,999,0.00011366698890924454,0.0013424589997157454,power_3x3_bal_strong_300,power,True,523,1891496405,-0.050000000000000266,0,0
300,300,0.03688437519288046,0.11645697841651997,0.030081646970018028,0.10676024086627933,-0.07957260322363952,-0.0766785938962613,0.035808086797477615,-2.2221964461179966,-2.1413764530324664,0.026270032538206815,0.03224369225052274,0.079,0.029,0.038,True,999,0.00011454196646809578,0.0013555829646065831,power_3x3_bal_strong_300,power,True,524,1891496405,-0.050000000000000266,0,0
300,300,0.07236441863545284,0.13225998278032725,0.06555382275638522,0.12333888238877933,-0.0598955641448744,-0.05778505963239411,0.03871675860500444,-1.5470190765694016,-1.4925076818007421,0.12185864567580908,0.13556610494703142,0.216,0.139,0.147,True,999,0.00011408294085413218,0.001383375027216971,power_3x3_bal_strong_300,power,True,525,1891496405,-0.050000000000000266,0,1
300,300,0.0398945395695518,0.14573171255864958,0.03309215291574219,0.13633817874590193,-0.10583717298909778,-0.10324602583015974,0.03734704416545352,-2.833883520211714,-2.7645032729434473,0.004598609037937368,0.005700953524546729,0.015,0.006,0.007,True,999,0.00012437498662620783,0.0013165000127628446,power_3x3_bal_strong_300,power,True,526,1891496405,-0.050000000000000266,0,0
300,300,0.055230385297802664,0.07524263873360393,0.04841914661898272,0.06748455905295714,-0.020012253435801264,-0.019065412433974416,0.032066829621001075,-0.6240795760705612,-0.5945524599503337,0.5325753262188887,0.5521426659115012,0.638,0.52,0.537,True,999,0.00011258397717028856,0.0013240838889032602,power_3x3_bal_strong_300,power,True,527,1891496405,-0.050000000000000266,0,0
300,300,0.0573457181861583,0.09971636293885217,0.050531651278902245,0.09362921756286369,-0.042370644752693865,-0.04309756628396144,0.03560762659475915,-1.1899317310559003,-1.210346501732432,0.23407322563006516,0.22614596100755813,0.347,0.251,0.247,True,999,0.00011537503451108932,0.0013246670132502913,power_3x3_bal_strong_300,power,True,528,1891496405,-0.050000000000000266,0,1
300,300,0.04556208042821219,0.16624331997000263,0.03875916661883139,0.15587486872199463,-0.12068123954179044,-0.11711570210316324,0.03935190885907362,-3.0667188210353915,-2.9761123538524137,0.0021642233498531133,0.0029192788894987073,0.009,0.002,0.002,True,999,0.00011575000826269388,0.0013251249911263585,power_3x3_bal_strong_300,power,True,529,1891496405,-0.050000000000000266,0,1
300,300,0.0157861352683486,0.07983765021394429,0.008992036327128972,0.07076573382799722,-0.06405151494559569,-0.06177369750086825,0.029598520429216357,-2.1640107011015046,-2.087053562308883,0.03046352813447161,0.03688329309836941,0.115,0.037,0.043,True,999,0.00011625001206994057,0.0013738750712946057,power_3x3_bal_strong_300,power,True,530,1891496405,-0.050000000000000266,0,1
300,300,0.07068109486180485,0.11518680199739761,0.06386614562796922,0.10688176693538765,-0.044505707135592765,-0.04301562130741843,0.038381336184776196,-1.159566381986612,-1.1207431940444117,0.2462253949471973,0.26239719044455345,0.349,0.269,0.276,True,999,0.00012391700875014067,0.0013674170477315784,power_3x3_bal_strong_300,power,True,531,1891496405,-0.050000000000000266,0,2
300,300,0.03808738186502647,0.11277499844680428,0.03128622662916314,0.10207933383071577,-0.0746876165817778,-0.07079310720155263,0.03378841626188703,-2.2104503508802997,-2.0951886780620286,0.027073922645691594,0.03615422333358909,0.068,0.028,0.038,True,999,0.0001157920341938734,0.001325499964877963,power_3x3_bal_strong_300,power,True,532,1891496405,-0.050000000000000266,0,0
300,300,0.0742404982198559,0.07351453276252357,0.06742297598719915,0.06602199125276798,0.0007259654573323338,0.0014009847344311765,0.03360947335101933,0.021600024783200483,0.04168422158238568,0.9827670137630288,0.9667504323815754,0.989,0.986,0.96,True,999,0.00011475000064820051,0.0013417919399216771,power_3x3_bal_strong_300,power,True,533,1891496405,-0.050000000000000266,0,1
300,300,0.042090471613832836,0.07850257427809326,0.035286412580830984,0.06757449727525966,-0.036412102664260426,-0.032288084694428676,0.0315335080514123,-1.1547114455167518,-1.0239293592639966,0.24820861093544178,0.3058686417882551,0.392,0.266,0.324,True,999,0.00011433300096541643,0.0013213750207796693,power_3x3_bal_strong_300,power,True,534,1891496405,-0.050000000000000266,0,0
300,300,0.09332264309978355,0.14588111853225844,0.0864972745138175,0.13671611834138275,-0.05255847543247488,-0.05021884382756525,0.042382099888935355,-1.2401102250763243,-1.1849069290848382,0.2149346274834767,0.23605424746604264,0.273,0.2,0.225,True,999,0.0001166659640148282,0.001364958006888628,power_3x3_bal_strong_300,power,True,535,1891496405,-0.050000000000000266,0,0
300,300,0.05467813660735743,0.12491276420339537,0.04786585178402447,0.11647734928114062,-0.07023462759603794,-0.06861149749711615,0.03770547156386603,-1.8627171252075072,-1.8196695241140555,0.06250207518947251,0.06880934706056735,0.13,0.05,0.053,True,999,0.00011520797852426767,0.0013518749037757516,power_3x3_bal_strong_300,power,True,536,1891496405,-0.050000000000000266,0,0
300,300,0.07777892734095926,0.10634807778169109,0.07092988875035644,0.09547559438802011,-0.028569150440731828,-0.024545705637663673,0.037503786525675785,-0.7617670930686654,-0.654486064250052,0.44619902367451936,0.5127987025279175,0.527,0.445,0.513,True,999,0.00011562497820705175,0.0013464170042425394,power_3x3_bal_strong_300,power,True,537,1891496405,-0.050000000000000266,0,0
300,300,0.04431087606359663,0.10388310961147829,0.03750733824568897,0.09800149182562734,-0.05957223354788166,-0.06049415357993837,0.03443715635082633,-1.7298824833558653,-1.75665356813025,0.08365127350183171,0.07897687633473455,0.155,0.077,0.073,True,999,0.00011595804244279861,0.0013647499727085233,power_3x3_bal_strong_300,power,True,538,1891496405,-0.050000000000000266,0,1
300,300,0.03790509976684353,0.1275179977623323,0.03110253057832324,0.11987394936893736,-0.08961289799548877,-0.08877141879061412,0.03708092485553479,-2.4166845445364595,-2.393991496610794,0.01566258443055577,0.016666135171063662,0.035,0.016,0.017,True,999,0.00011920894030481577,0.0013068750267848372,power_3x3_bal_strong_300,power,True,539,1891496405,-0.050000000000000266,0,1
300,300,0.06421126413636724,0.11754736043344888,0.057389753225209006,0.10811201386952973,-0.05333609629708164,-0.05072226064432073,0.036478529607810325,-1.4621229767348403,-1.390468891965994,0.14370751344089874,0.1643865392656917,0.247,0.152,0.171,True,999,0.00011495803482830524,0.0013222920242697,power_3x3_bal_strong_300,power,True,540,1891496405,-0.050000000000000266,0,0
300,300,0.060757295043106785,0.1029738899853328,0.05394306319186626,0.0955247417755345,-0.042216594942226016,-0.041581678583668236,0.036137854969054625,-1.1682097617132148,-1.1506404743523166,0.24272216386928713,0.24988017461989243,0.345,0.238,0.247,True,999,0.00011491705663502216,0.0013417500304058194,power_3x3_bal_strong_300,power,True,541,1891496405,-0.050000000000000266,0,1
300,300,0.04789514542676088,0.12366273392106752,0.04108611213086988,0.11616250308192377,-0.07576758849430665,-0.0750763909510539,0.037455346676893556,-2.0228777789166257,-2.00442387034076,0.04308575006999701,0.04502467442886087,0.084,0.044,0.045,True,999,0.00011550006456673145,0.0014007079880684614,power_3x3_bal_strong_300,power,True,542,1891496405,-0.050000000000000266,0,1
300,300,0.03918598179133559,0.10744775492012526,0.03238257104351305,0.09671967930390224,-0.06826177312878967,-0.06433710826038919,0.035247581905278026,-1.9366370524999914,-1.8252914039120298,0.05278972536089638,0.0679570666831496,0.1,0.049,0.056,True,999,0.00011795898899435997,0.0013034590519964695,power_3x3_bal_strong_300,power,True,543,1891496405,-0.050000000000000266,0,0
300,300,0.04396255972590635,0.14480222669113801,0.0371509089240476,0.13744836911254765,-0.10083966696523167,-0.10029746018850005,0.03742919971958536,-2.6941443504191698,-2.679658152990591,0.007056959452931892,0.007369738003109328,0.027,0.008,0.008,True,999,0.00011250004172325134,0.001346917008049786,power_3x3_bal_strong_300,power,True,544,1891496405,-0.050000000000000266,0,1
300,300,0.047836468902661355,0.04309053466629725,0.041028323928344435,0.03506258560757658,0.004745934236364102,0.005965738320767855,0.026771773485963896,0.17727380813424018,0.2228368742136421,0.8592933230262714,0.8236624680082932,0.909,0.858,0.814,True,999,0.00011925003491342068,0.00133050000295043,power_3x3_bal_strong_300,power,True,545,1891496405,-0.050000000000000266,0,0
300,300,0.0388913266629749,0.08293137060467598,0.03208886546258327,0.07376199567937647,-0.04404004394170108,-0.0416731302167932,0.03146899480035848,-1.3994741243275872,-1.3242599733855647,0.1616708525068299,0.18541671897473877,0.303,0.182,0.196,True,999,0.00011875003110617399,0.0013368750223889947,power_3x3_bal_strong_300,power,True,546,1891496405,-0.050000000000000266,0,0
300,300,0.07227131705571699,0.10914239151560345,0.06545401929855643,0.09982231096724092,-0.036871074459886466,-0.03436829166868449,0.037567357501837116,-0.9814657434471775,-0.9148445340347352,0.32636311951998576,0.360273251740976,0.407,0.296,0.329,True,999,0.00013149995356798172,0.0013573329197242856,power_3x3_bal_strong_300,power,True,547,1891496405,-0.050000000000000266,0,0
300,300,0.09431194055765868,0.08749197377166273,0.08748592270779909,0.0767716190972294,0.006819966785995946,0.010714303610569686,0.03728442974557156,0.18291728833015033,0.2873667019633651,0.8548629176304755,0.7738315544162732,0.888,0.859,0.773,True,999,0.00011733302380889654,0.0013802500907331705,power_3x3_bal_strong_300,power,True,548,1891496405,-0.050000000000000266,0,0
300,300,0.0564199212761225,0.11421786036165127,0.0496107246491988,0.10457737137166134,-0.05779793908552877,-0.05496664672246254,0.037206450745187684,-1.553438662595475,-1.4773418485656544,0.12031837230143634,0.13958402552772292,0.135,0.102,0.123,True,999,0.00011808297131210566,0.0012987499358132482,power_3x3_bal_strong_300,power,True,549,1891496405,-0.050000000000000266,0,0
300,300,0.05032676641437428,0.11568627993251257,0.043521016056104145,0.11010756599664262,-0.06535951351813829,-0.06658654994053848,0.03803482869934604,-1.7184121962211458,-1.7506730598653477,0.08572145731335828,0.08000224250615624,0.138,0.087,0.076,True,999,0.00011658307630568743,0.0013462919741868973,power_3x3_bal_strong_300,power,True,550,1891496405,-0.050000000000000266,0,2
300,300,0.06021907106366298,0.12515678681842124,0.0534076941610806,0.1155085991965592,-0.06493771575475826,-0.062100905035478604,0.037779700112134586,-1.7188520703450663,-1.6437638427821244,0.08564131138621672,0.1002249927253107,0.157,0.091,0.106,True,999,0.00011575000826269388,0.0013278339756652713,power_3x3_bal_strong_300,power,True,551,1891496405,-0.050000000000000266,0,0
300,300,0.06208113975027918,0.13076777137139628,0.05525447031357089,0.122952455419437,-0.0686866316211171,-0.06769798510586611,0.0371342647974981,-1.849683358366767,-1.823059793294392,0.06435920043901344,0.06829433529372692,0.142,0.081,0.082,True,999,0.00011858309153467417,0.001351374899968505,power_3x3_bal_strong_300,power,True,552,1891496405,-0.050000000000000266,0,0
300,300,0.06723355805615205,0.11686727901002669,0.06042004061515627,0.11088048428368324,-0.04963372095387464,-0.05046044366852698,0.03821127886730779,-1.298928547412201,-1.3205641152120438,0.19396845161536347,0.18664674465341236,0.292,0.194,0.185,True,999,0.00011529203038662672,0.0013556659687310457,power_3x3_bal_strong_300,power,True,553,1891496405,-0.050000000000000266,0,1
300,300,0.0507811426561795,0.09700298518986594,0.043974349637437626,0.09668940627659595,-0.04622184253368644,-0.05271505663915832,0.036030965426144375,-1.2828366375147828,-1.4630486864753234,0.19954931536470555,0.1434540573083452,0.292,0.183,0.131,True,999,0.00013170798774808645,0.0013366671046242118,power_3x3_bal_strong_300,power,True,554,1891496405,-0.050000000000000266,0,4
300,300,0.051951904643424696,0.11641299474594724,0.045140357021864475,0.10559078454802773,-0.06446109010252254,-0.06045042752616325,0.036623098745359996,-1.7601211342251457,-1.650609303884262,0.07838727012656464,0.09881837786635667,0.117,0.072,0.095,True,999,0.00011916598305106163,0.0013322921004146338,power_3x3_bal_strong_300,power,True,555,1891496405,-0.050000000000000266,0,0
300,300,0.07344935327444335,0.09929328660582237,0.066620345976105,0.09148111419864335,-0.02584393333137902,-0.024860768222538354,0.03587856113465856,-0.7203168832323623,-0.6929143041503675,0.4713299120123383,0.4883633323978429,0.589,0.472,0.488,True,999,0.0001153749180957675,0.0013097079936414957,power_3x3_bal_strong_300,power,True,556,1891496405,-0.050000000000000266,0,0
300,300,0.0394602820546166,0.1529730564283155,0.03265512693013761,0.14688288765512425,-0.11351277437369889,-0.11422776072498664,0.039411186291603666,-2.880217142762895,-2.8983588537481357,0.003974013646063426,0.003751211112077782,0.021,0.006,0.006,True,999,0.00011341704521328211,0.001321416930295527,power_3x3_bal_strong_300,power,True,557,1891496405,-0.050000000000000266,0,1
300,300,0.07719168030346468,0.14010511910155,0.07037486779495339,0.13067387343090786,-0.06291343879808531,-0.06029900563595447,0.039280483493735016,-1.6016462426721298,-1.5350881728727137,0.10923385889231584,0.12476217105781506,0.186,0.113,0.127,True,999,0.00011537503451108932,0.0013780830195173621,power_3x3_bal_strong_300,power,True,558,1891496405,-0.050000000000000266,0,0
300,300,0.05532786235329268,0.12740875037001465,0.04851850238134148,0.11786554960093554,-0.07208088801672197,-0.06934704721959406,0.03838017615313396,-1.87807600801843,-1.8068454647759995,0.06037076791224617,0.07078637761001239,0.109,0.058,0.068,True,999,0.00011354207526892424,0.0013917919714003801,power_3x3_bal_strong_300,power,True,559,1891496405,-0.050000000000000266,0,0
300,300,0.032276948450605136,0.09329809996949368,0.025478028780412387,0.08375320895167704,-0.06102115151888854,-0.05827518017126465,0.032461884611857034,-1.8797784616793303,-1.7951878292974723,0.06013827703295758,0.07262377891988316,0.112,0.053,0.063,True,999,0.00011100003030151129,0.0012907920172438025,power_3x3_bal_strong_300,power,True,560,1891496405,-0.050000000000000266,0,0
300,300,0.07688286891530649,0.09362631029166313,0.07006148916809707,0.0829156088493761,-0.016743441376356638,-0.01285411968127903,0.03693093229597569,-0.4533717492472062,-0.34805835872926844,0.6502810756403277,0.7277963562587362,0.734,0.652,0.741,True,999,0.00011466699652373791,0.0013415840221568942,power_3x3_bal_strong_300,power,True,561,1891496405,-0.050000000000000266,0,0
300,300,0.050580251542694965,0.16366129585337652,0.04377532335456635,0.1530715561845284,-0.11308104431068156,-0.10929623282996204,0.03872124018505715,-2.9203879775090593,-2.822642877852357,0.0034959585743120558,0.004762959383770398,0.009,0.002,0.003,True,999,0.00011379201896488667,0.0013275420060381293,power_3x3_bal_strong_300,power,True,562,1891496405,-0.050000000000000266,0,0
300,300,0.053085595131202146,0.07548966140787294,0.04627087234825922,0.06799731709708112,-0.022404066276670798,-0.021726444748821905,0.03285476074461133,-0.6819123246954523,-0.6612875655283951,0.495294391719157,0.5084279142030912,0.629,0.523,0.532,True,999,0.00011720799375325441,0.0013340830337256193,power_3x3_bal_strong_300,power,True,563,1891496405,-0.050000000000000266,0,1
300,300,0.053272696252784524,0.10263905007564039,0.046461687131227336,0.09668594678629461,-0.04936635382285587,-0.05022425965506727,0.033009059889508426,-1.4955395272722212,-1.5215295383504852,0.1347736920160925,0.12812700454495815,0.23,0.116,0.108,True,999,0.000147333019413054,0.0013704999582841992,power_3x3_bal_strong_300,power,True,564,1891496405,-0.050000000000000266,0,1
300,300,0.036606176796442735,0.13282959399918753,0.02979753891946757,0.1207704817627615,-0.0962234172027448,-0.09097294284329394,0.0359785936657374,-2.6744629903191255,-2.5285297054267004,0.00748490372444693,0.011454139319525243,0.029,0.005,0.011,True,999,0.00011379097122699022,0.0013776669511571527,power_3x3_bal_strong_300,power,True,565,1891496405,-0.050000000000000266,0,0
300,300,0.06428172631951434,0.08522896466015162,0.05747157707656925,0.07902130765856441,-0.020947238340637275,-0.021549730581995163,0.03504166631468638,-0.5977808861177939,-0.6149744817632549,0.5499861459785959,0.5385715728977902,0.62,0.543,0.524,True,999,0.00011266698129475117,0.0012882499722763896,power_3x3_bal_strong_300,power,True,566,1891496405,-0.050000000000000266,0,1
300,300,0.08220208132479723,0.10886830954110815,0.07538065476416023,0.10159128647505611,-0.026666228216310928,-0.026210631710895882,0.03488223628144333,-0.7644644110875667,-0.751403422057531,0.44459053721720454,0.45240990388442115,0.544,0.439,0.443,True,999,0.00012612505815923214,0.0013186249416321516,power_3x3_bal_strong_300,power,True,567,1891496405,-0.050000000000000266,0,1
300,300,0.038639932278079936,0.13237806412204867,0.031839636045503994,0.12805963096198525,-0.09373813184396873,-0.09621999491648126,0.03559053638550818,-2.633793737431201,-2.7035275297413133,0.008443676468264702,0.0068607764494740325,0.034,0.007,0.007,True,999,0.0001182089326903224,0.0013173749903216958,power_3x3_bal_strong_300,power,True,568,1891496405,-0.050000000000000266,0,2
300,300,0.06497912070474388,0.16445489292655346,0.058166693247699186,0.1549941381439055,-0.09947577222180959,-0.09682744489620632,0.04077138408724492,-2.4398429057239186,-2.374887364358528,0.01469365007157252,0.017554306034401244,0.036,0.015,0.018,True,999,0.00011958298273384571,0.0013644580030813813,power_3x3_bal_strong_300,power,True,569,1891496405,-0.050000000000000266,0,0
300,300,0.053258033999652454,0.14834196359214802,0.04644092265289146,0.1373648563321126,-0.09508392959249556,-0.09092393367922114,0.039646533009482246,-2.398291158769277,-2.2933640542408815,0.016471766368332797,0.02182705430361796,0.024,0.011,0.016,True,999,0.0001213329378515482,0.0013648750027641654,power_3x3_bal_strong_300,power,True,570,1891496405,-0.050000000000000266,0,0
300,300,0.0434354379488453,0.1302805424863956,0.036630500051273884,0.12439285484177276,-0.08684510453755029,-0.08776235479049888,0.03492207185507541,-2.4868256642375766,-2.513091295233215,0.012888854247835813,0.01196783595294213,0.072,0.015,0.011,True,999,0.0001503330422565341,0.001320500043220818,power_3x3_bal_strong_300,power,True,571,1891496405,-0.050000000000000266,0,1
300,300,0.04671677558475684,0.1005220505687161,0.03991219453865824,0.08997545037782118,-0.05380527498395926,-0.050063255839162935,0.03422467449931271,-1.5721194071557865,-1.4627825266875303,0.11592286147716085,0.14352689579287312,0.173,0.105,0.123,True,999,0.00011641706805676222,0.0013683330034837127,power_3x3_bal_strong_300,power,True,572,1891496405,-0.050000000000000266,0,0
300,300,0.06641906108086193,0.11041183752556472,0.05960147065769661,0.10285634968553836,-0.043992776444702786,-0.04325487902784175,0.03643925277903356,-1.2072908495537367,-1.1870407796267923,0.22732015339385037,0.23521153558141628,0.345,0.227,0.232,True,999,0.0001230000052601099,0.0012869590427726507,power_3x3_bal_strong_300,power,True,573,1891496405,-0.050000000000000266,0,0
300,300,0.054037391148363145,0.041145787156123326,0.04722539111764945,0.0315374288187229,0.01289160399223982,0.01568796229892655,0.027021936231977153,0.477079210074672,0.5805639597491822,0.6333057182771415,0.5615343681767717,0.787,0.649,0.557,True,999,0.00011475000064820051,0.0013101249933242798,power_3x3_bal_strong_300,power,True,574,1891496405,-0.050000000000000266,0,0
300,300,0.031280969780918655,0.10347796471999543,0.024480398276523374,0.09447499084970445,-0.07219699493907678,-0.06999459257318108,0.032360622920943875,-2.2310137575364997,-2.162955662014788,0.025680217730183814,0.030544589962611172,0.078,0.024,0.027,True,999,0.0001140419626608491,0.0013635000213980675,power_3x3_bal_strong_300,power,True,575,1891496405,-0.050000000000000266,0,0
300,300,0.03289079771840675,0.15107947123554843,0.026088288526807446,0.1420016597981828,-0.11818867351714168,-0.11591337127137535,0.03612026648271463,-3.272087529412357,-3.209095130204694,0.0010675651955052898,0.0013315342857174446,0.008,0.002,0.002,True,999,0.00012641609646379948,0.0013437080197036266,power_3x3_bal_strong_300,power,True,576,1891496405,-0.050000000000000266,0,0
300,300,0.06610770453205839,0.11869732820827583,0.05929439152487248,0.11530315674377789,-0.052589623676217445,-0.05600876521890541,0.03714071624291239,-1.4159560987532973,-1.5080152157699338,0.156788358454669,0.13155063278028345,0.236,0.157,0.13,True,999,0.00011487503070384264,0.001332125044427812,power_3x3_bal_strong_300,power,True,577,1891496405,-0.050000000000000266,0,3
300,300,0.05926288935755886,0.11987172891754594,0.05244493364995151,0.112474807504924,-0.06060883955998708,-0.06002987385497249,0.03659446844880339,-1.6562295376630602,-1.6404084114230502,0.09767534367342709,0.10092027758519537,0.181,0.109,0.118,True,999,0.00011424999684095383,0.0013388750376179814,power_3x3_bal_strong_300,power,True,578,1891496405,-0.050000000000000266,0,1
300,300,0.03601065165959727,0.10731820228391076,0.029207894835451498,0.09804186366415024,-0.07130755062431349,-0.06883396882869874,0.03516938884297598,-2.0275459133704854,-1.957212538893642,0.042606613942116775,0.05032248521641855,0.087,0.042,0.052,True,999,0.00011349993292242289,0.0013562090462073684,power_3x3_bal_strong_300,power,True,579,1891496405,-0.050000000000000266,0,0
300,300,0.05474910922609055,0.11592457804686562,0.04793904916550673,0.1103454092623366,-0.06117546882077507,-0.06240636009682987,0.03774648532489199,-1.6206931133912166,-1.653302540877253,0.10508347130085696,0.09826930614255035,0.186,0.13,0.12,True,999,0.00011904200073331594,0.0013077500043436885,power_3x3_bal_strong_300,power,True,580,1891496405,-0.050000000000000266,0,2
300,300,0.05604600539911231,0.08688682355313276,0.04923540846692731,0.07471715420338398,-0.030840818154020455,-0.025481745736456674,0.03460689519377368,-0.89117552965483,-0.7363199037006138,0.37283501000032104,0.4615360361389953,0.506,0.396,0.473,True,999,0.00011899997480213642,0.0013698750408366323,power_3x3_bal_strong_300,power,True,581,1891496405,-0.050000000000000266,0,0
300,300,0.032370524298295456,0.075220192630846,0.025560743709149847,0.06929357642370348,-0.04284966833255055,-0.04373283271455364,0.030352775837109852,-1.4117215691410263,-1.4408182285946014,0.15803195984844554,0.1496360422421612,0.265,0.141,0.137,True,999,0.00012454099487513304,0.0013530419673770666,power_3x3_bal_strong_300,power,True,582,1891496405,-0.050000000000000266,0,1
300,300,0.0477533375389545,0.1132939374443695,0.04094676812212583,0.10228745119424332,-0.065540599905415,-0.061340683072117486,0.035593594400707966,-1.8413594077509456,-1.7233629844053457,0.06556890719693367,0.08482290432989377,0.13,0.075,0.087,True,999,0.00011158292181789875,0.0012829171027988195,power_3x3_bal_strong_300,power,True,583,1891496405,-0.050000000000000266,0,0
300,300,0.043541878406937684,0.11810085606879622,0.036739306724939524,0.11029232988713034,-0.07455897766185854,-0.07355302316219081,0.035186993700423934,-2.1189357151861556,-2.0903468988686194,0.034095900103763836,0.036586649230232415,0.085,0.039,0.04,True,999,0.00011775002349168062,0.001328666927292943,power_3x3_bal_strong_300,power,True,584,1891496405,-0.050000000000000266,0,0
300,300,0.05050748620729828,0.07477661840669297,0.043698092410863865,0.06677076281408745,-0.024269132199394694,-0.023072670403223583,0.03178390562709563,-0.7635667083879514,-0.7259230716930597,0.4451254949232405,0.46788593179821514,0.564,0.431,0.455,True,999,0.00011558306869119406,0.0013261669082567096,power_3x3_bal_strong_300,power,True,585,1891496405,-0.050000000000000266,0,0
300,300,0.04178542026925003,0.08607926633464391,0.034979251868549,0.07800589394450697,-0.04429384606539388,-0.043026642075957966,0.03255970070305107,-1.3603886125784699,-1.3214692133802712,0.17370698010130237,0.1863449612447804,0.306,0.168,0.179,True,999,0.00011775002349168062,0.0013828750234097242,power_3x3_bal_strong_300,power,True,586,1891496405,-0.050000000000000266,0,0
300,300,0.07323130957262891,0.129449872622036,0.06638882688105241,0.12011114786461974,-0.05621856304940709,-0.05372232098356733,0.03786706225636696,-1.4846296411587754,-1.4187084442901157,0.13764195905015242,0.15598403432729033,0.235,0.143,0.164,True,999,0.00011995795648545027,0.0013228750322014093,power_3x3_bal_strong_300,power,True,587,1891496405,-0.050000000000000266,0,0
300,300,0.0632758033133698,0.07730441961059453,0.05645461239043925,0.06648016803842438,-0.014028616297224739,-0.01002555564798513,0.033487740838595216,-0.4189179665729051,-0.2993798744533551,0.675276086024553,0.7646502162490514,0.76,0.69,0.774,True,999,0.00014554092194885015,0.0012797500239685178,power_3x3_bal_strong_300,power,True,588,1891496405,-0.050000000000000266,0,0
300,300,0.06332948200750588,0.13755707120724148,0.05651708577119052,0.12539231470623236,-0.0742275891997356,-0.06887522893504183,0.03893631588300547,-1.9063845029091133,-1.7689200267944145,0.05660033785094269,0.07690722157121634,0.088,0.062,0.083,True,999,0.00011575000826269388,0.001314166933298111,power_3x3_bal_strong_300,power,True,589,1891496405,-0.050000000000000266,0,0
300,300,0.059361805100025755,0.044723738914632216,0.05255249307936083,0.03520712630968603,0.014638066185393539,0.017345366769674797,0.0289193649034926,0.5061683143541543,0.5997838067176915,0.6127384965416451,0.5486503266855769,0.739,0.613,0.554,True,999,0.00011399993672966957,0.0013267919421195984,power_3x3_bal_strong_300,power,True,590,1891496405,-0.050000000000000266,0,0
300,300,0.05215969378385599,0.09853564399188636,0.04535418802174718,0.08770665921107934,-0.04637595020803037,-0.042352471189332164,0.035488373935838945,-1.3067927623811553,-1.1934181956576295,0.19128310390709613,0.23270563234925068,0.275,0.199,0.23,True,999,0.00011433300096541643,0.001323250005953014,power_3x3_bal_strong_300,power,True,591,1891496405,-0.050000000000000266,0,0
300,300,0.06693253782737085,0.0684081079315666,0.060117716318075054,0.05920443447119794,-0.0014755701041957447,0.000913281846877112,0.03218879792998421,-0.045841106194936074,0.028372660851257826,0.9634368952260112,0.9773649289004033,0.974,0.962,0.979,True,999,0.00011491600889712572,0.001364166964776814,power_3x3_bal_strong_300,power,True,592,1891496405,-0.050000000000000266,0,0
300,300,0.04672598763938152,0.11730324582335483,0.03991904085165743,0.10995737159855423,-0.07057725818397331,-0.0700383307468968,0.03662445639267455,-1.9270527165582678,-1.9123377558419006,0.05397306053241231,0.05583288606828308,0.117,0.052,0.053,True,999,0.0001134589547291398,0.0014487090520560741,power_3x3_bal_strong_300,power,True,593,1891496405,-0.050000000000000266,0,1
300,300,0.02059069296752747,0.08060301993801106,0.013792621259710813,0.07164851883896972,-0.06001232697048359,-0.05785589757925891,0.03022754717201798,-1.9853521898077708,-1.914012316315789,0.047105301274720145,0.055618582060292125,0.157,0.047,0.06,True,999,0.00011712510604411364,0.0013004998909309506,power_3x3_bal_strong_300,power,True,594,1891496405,-0.050000000000000266,0,1
300,300,0.02826802828232977,0.10373280483170788,0.02146623347118748,0.09578838192149419,-0.07546477654937811,-0.07432214845030671,0.03232812295876577,-2.33433832968381,-2.298993620665943,0.019578013209520153,0.02150530156150198,0.049,0.014,0.015,True,999,0.00011637492571026087,0.0013340830337256193,power_3x3_bal_strong_300,power,True,595,1891496405,-0.050000000000000266,0,0
300,300,0.058905860102312246,0.17946842795713336,0.05208589024636012,0.17324308238175945,-0.12056256785482111,-0.12115719213539933,0.03970168085037134,-3.0367119293815357,-3.0516892368365838,0.0023917391035314117,0.002275575587593869,0.015,0.006,0.006,True,999,0.00011445791460573673,0.001332749961875379,power_3x3_bal_strong_300,power,True,596,1891496405,-0.050000000000000266,0,1
300,300,0.0656946961243341,0.08508609751547919,0.058879131256901474,0.08115211577779746,-0.01939140139114509,-0.02227298452089599,0.03454151467161606,-0.5613940666904126,-0.6448178295782281,0.5745289279273151,0.5190452462473066,0.633,0.539,0.491,True,999,0.00011766701936721802,0.0013283330481499434,power_3x3_bal_strong_300,power,True,597,1891496405,-0.050000000000000266,0,2
300,300,0.06003524404817062,0.1207854349228431,0.05322169173456359,0.11153221410306458,-0.06075019087467248,-0.05831052236850098,0.036620112285489045,-1.6589296723359621,-1.5923086721830424,0.09712996463603679,0.11131536532753215,0.167,0.093,0.111,True,999,0.00012162502389401197,0.0013788329670205712,power_3x3_bal_strong_300,power,True,598,1891496405,-0.050000000000000266,0,0
300,300,0.07494078512696167,0.09409026285385258,0.06812595670402288,0.08452986230820159,-0.019149477726890907,-0.016403905604178703,0.03619497409326641,-0.529064551270211,-0.45320948598856514,0.5967606712598397,0.6503979024435926,0.692,0.624,0.665,True,999,0.0001152500044554472,0.0013554589822888374,power_3x3_bal_strong_300,power,True,599,1891496405,-0.050000000000000266,0,0
300,300,0.0905679114398037,0.1436267172337662,0.08374289003717195,0.13757139214285985,-0.053058805793962494,-0.0538285021056879,0.042650557043058666,-1.2440354704018517,-1.2620820415392073,0.21348650863417584,0.20691926659652937,0.266,0.22,0.21,True,999,0.00011708308011293411,0.0013111669104546309,power_3x3_bal_strong_300,power,True,600,1891496405,-0.050000000000000266,0,1
300,300,0.035501038294526666,0.08236345140204182,0.028698943508857155,0.07502611253674729,-0.046862413107515155,-0.046327169027890136,0.03187915810017053,-1.470001590389066,-1.4532118094938749,0.14156132324906567,0.14616495425962175,0.294,0.145,0.153,True,999,0.00011695805005729198,0.00133200001437217,power_3x3_bal_strong_300,power,True,601,1891496405,-0.050000000000000266,0,1
300,300,0.06161034050182135,0.053949912025456626,0.054794794060399,0.04824182171446978,0.007660428476364722,0.00655297234592922,0.032420813448702915,0.23628119289743482,0.2021223914167826,0.8132144797136485,0.8398210432970604,0.879,0.819,0.85,True,999,0.00011670892126858234,0.0013282500440254807,power_3x3_bal_strong_300,power,True,602,1891496405,-0.050000000000000266,0,2
300,300,0.0739763723202227,0.12016556794377597,0.06716310782678647,0.10961917161704093,-0.04618919562355328,-0.04245606379025446,0.03828691086711373,-1.2063965093414513,-1.1088923819843035,0.2276646413338882,0.26747661059524996,0.321,0.215,0.267,True,999,0.0001177499070763588,0.0013846249785274267,power_3x3_bal_strong_300,power,True,603,1891496405,-0.050000000000000266,0,0
300,300,0.04000660487855945,0.13657579382817997,0.03319973152855482,0.12939344555366006,-0.09656918894962052,-0.09619371402510524,0.038833560020183344,-2.486745714259256,-2.4770768885239867,0.01289175090764931,0.013246336243791249,0.047,0.017,0.018,True,999,0.00012820796109735966,0.0013315840624272823,power_3x3_bal_strong_300,power,True,604,1891496405,-0.050000000000000266,0,1
300,300,0.03207991103668739,0.14427985793443254,0.025281128013205034,0.13534782685644586,-0.11219994689774515,-0.11006669884324083,0.03773724577844415,-2.973188545779744,-2.916659564649837,0.0029472334673611546,0.0035380170284440796,0.007,0.003,0.003,True,999,0.00014520902186632156,0.0013166669523343444,power_3x3_bal_strong_300,power,True,605,1891496405,-0.050000000000000266,0,1
300,300,0.04906958611777146,0.11098439614943456,0.042263055432556484,0.10157130115274526,-0.0619148100316631,-0.05930824572018878,0.035665954668983764,-1.7359639074937245,-1.6628812061987253,0.0825702165354645,0.09633621709314621,0.178,0.094,0.1,True,999,0.00011662498582154512,0.0012958749430254102,power_3x3_bal_strong_300,power,True,606,1891496405,-0.050000000000000266,0,0
300,300,0.0670160003510587,0.12036993360950737,0.06020139428335369,0.11066210576356639,-0.05335393325844867,-0.050460711480212694,0.038495988684249874,-1.3859608515595219,-1.3108044033912039,0.16575885787758227,0.18992385449137406,0.249,0.174,0.19,True,999,0.00011420808732509613,0.00132145790848881,power_3x3_bal_strong_300,power,True,607,1891496405,-0.050000000000000266,0,0
300,300,0.07856628561594947,0.042185130216730427,0.07174082032599927,0.03461214660420353,0.036381155399219045,0.037128673721795735,0.030630533381483246,1.1877414913451088,1.21214584347528,0.23493527173885653,0.2254565578435178,0.435,0.246,0.236,True,999,0.00011383299715816975,0.0013314159587025642,power_3x3_bal_strong_300,power,True,608,1891496405,-0.050000000000000266,0,1
300,300,0.05515234717308437,0.07836233965946271,0.04834288736878989,0.06887710744197761,-0.02320999248637834,-0.020534220073187726,0.0327234252787613,-0.7092775981933185,-0.6275082726903649,0.47815222726521145,0.5303261151331073,0.548,0.463,0.511,True,999,0.00011537503451108932,0.001339250011369586,power_3x3_bal_strong_300,power,True,609,1891496405,-0.050000000000000266,0,0
300,300,0.05280347304571076,0.11296474466606188,0.04599616642047977,0.10851926800138756,-0.06016127162035112,-0.06252310158090779,0.03730934692823249,-1.612498651774209,-1.6758026266494552,0.10685347307886818,0.09377685948094391,0.165,0.106,0.097,True,999,0.00011737504974007607,0.0013903339859098196,power_3x3_bal_strong_300,power,True,610,1891496405,-0.050000000000000266,0,2
300,300,0.06903675472311144,0.0873320309429253,0.062220898657983525,0.07650836967445684,-0.01829527621981386,-0.014287471016473319,0.035189034309173216,-0.5199141317454278,-0.4060205486442919,0.6031234253176541,0.6847275021241678,0.701,0.617,0.698,True,999,0.00012116704601794481,0.0013244159054011106,power_3x3_bal_strong_300,power,True,611,1891496405,-0.050000000000000266,0,0
300,300,0.06305523110871536,0.13534347618225684,0.05624469925857056,0.12761439756512516,-0.07228824507354148,-0.0713696983065546,0.03887151194005278,-1.8596715554831933,-1.836041222595616,0.06293200874624422,0.06635156018598141,0.121,0.069,0.072,True,999,0.0001177910016849637,0.0012935419799759984,power_3x3_bal_strong_300,power,True,612,1891496405,-0.050000000000000266,0,0
300,300,0.07947101723413375,0.0919381642945214,0.07265327359004914,0.08302714013608181,-0.012467147060387651,-0.010373866546032673,0.038400744233134027,-0.32465899579181573,-0.2701475388875822,0.7454391715005975,0.78704675046279,0.762,0.717,0.759,True,999,0.00010895903687924147,0.0013061250792816281,power_3x3_bal_strong_300,power,True,613,1891496405,-0.050000000000000266,0,1
300,300,0.06270544349260643,0.09303264440758474,0.05589613059800058,0.0854608930118701,-0.030327200914978314,-0.029564762413869516,0.03546463166088748,-0.8551393175309633,-0.8336407578278984,0.39247402546171806,0.4044834508993671,0.462,0.375,0.382,True,999,0.00011337490286678076,0.0013485410017892718,power_3x3_bal_strong_300,power,True,614,1891496405,-0.050000000000000266,0,1
300,300,0.08683206530692855,0.1111507304322139,0.08000667174894716,0.10176570767308135,-0.024318665125285355,-0.021759035924134196,0.03904162880958463,-0.6228906392172648,-0.5573291019762066,0.5333563898011091,0.577302595688428,0.616,0.543,0.594,True,999,0.00011516595259308815,0.0013195000356063247,power_3x3_bal_strong_300,power,True,615,1891496405,-0.050000000000000266,0,0
300,300,0.0534868532589603,0.0581411428368081,0.04667667831927247,0.050840446405672424,-0.004654289577847803,-0.004163768086399955,0.0301542443858647,-0.15434940163944477,-0.1380823221142225,0.8773342471050146,0.8901753568435615,0.903,0.877,0.892,True,999,0.00011408398859202862,0.001358833978883922,power_3x3_bal_strong_300,power,True,616,1891496405,-0.050000000000000266,0,1
300,300,0.05993373195462115,0.08622945626556411,0.05312242118003496,0.07552949129032527,-0.02629572431094296,-0.022407070110290306,0.03467356387225497,-0.7583796233874945,-0.6462292192646502,0.44822375280009497,0.5181309191519163,0.571,0.464,0.529,True,999,0.00011637492571026087,0.001322166994214058,power_3x3_bal_strong_300,power,True,617,1891496405,-0.050000000000000266,0,0
300,300,0.08350978300560619,0.13495303341602294,0.07669299713074906,0.12273835605277839,-0.05144325041041675,-0.04604535892202932,0.04039826314607839,-1.2734025278364112,-1.139785607998326,0.20287524083997932,0.2543756310890415,0.278,0.199,0.251,True,999,0.00011462497059255838,0.0013441250193864107,power_3x3_bal_strong_300,power,True,618,1891496405,-0.050000000000000266,0,0
300,300,0.0728718298371096,0.1457844003587465,0.06605774248498619,0.13370646352693427,-0.07291257052163691,-0.06764872104194808,0.04139741503585044,-1.7612831733211876,-1.6341291112830072,0.07819048659290602,0.10223174338344095,0.136,0.088,0.11,True,999,0.00011449994053691626,0.0013310000067576766,power_3x3_bal_strong_300,power,True,619,1891496405,-0.050000000000000266,0,0
300,300,0.061780640451612134,0.05348443395762181,0.054967787348687125,0.047465007991206676,0.008296206493990321,0.007502779357480449,0.029589467380166976,0.2803770134622648,0.2535625011793676,0.7791882706891498,0.7998335696906939,0.847,0.782,0.808,True,999,0.0001154160127043724,0.001361000002361834,power_3x3_bal_strong_300,power,True,620,1891496405,-0.050000000000000266,0,1
300,300,0.05502390292753301,0.07860389083164959,0.04820758770932798,0.07084348615614999,-0.023579987904116584,-0.02263589844682201,0.031969078600187946,-0.737587348043805,-0.7080560165624834,0.4607652460200532,0.4789104718549009,0.591,0.458,0.481,True,999,0.00013412500265985727,0.001338833011686802,power_3x3_bal_strong_300,power,True,621,1891496405,-0.050000000000000266,0,0
300,300,0.06914169255332325,0.06691267937681694,0.06233152683597609,0.05927432513284714,0.0022290131765063115,0.0030572017031289533,0.03408688113110083,0.06539211281704979,0.08968851363580947,0.9478618037007391,0.9285347439444701,0.956,0.943,0.922,True,999,0.00011999998241662979,0.0013354590628296137,power_3x3_bal_strong_300,power,True,622,1891496405,-0.050000000000000266,0,1
300,300,0.014965288182208214,0.11547653880208208,0.00817149976745668,0.10809690869474764,-0.10051125061987387,-0.09992540892729096,0.03259083828185088,-3.0840339162385515,-3.066058260395751,0.002042143131961079,0.0021690104670251667,0.011,0.003,0.003,True,999,0.00011720799375325441,0.0013300830032676458,power_3x3_bal_strong_300,power,True,623,1891496405,-0.050000000000000266,0,1
300,300,0.014790204273434027,0.12296856300037812,0.0079963796574134,0.11182532159070036,-0.10817835872694409,-0.10382894193328696,0.03513121368769726,-3.079266195828227,-2.9554612845512716,0.0020751117694031733,0.003122018777949096,0.007,0.002,0.004,True,999,0.00011470797471702099,0.0013247919268906116,power_3x3_bal_strong_300,power,True,624,1891496405,-0.050000000000000266,0,0
300,300,0.10692073219342468,0.09769569156387614,0.10009097772035602,0.08717165667752624,0.009225040629548542,0.012919321042829779,0.0378651184042254,0.24362899202024182,0.34119320333059094,0.8075181723531993,0.7329581395954751,0.83,0.789,0.713,True,999,0.00011558295227587223,0.0013578750658780336,power_3x3_bal_strong_300,power,True,625,1891496405,-0.050000000000000266,0,0
300,300,0.11175454444824195,0.0846983790837132,0.10492182845473508,0.07679365820276018,0.02705616536452876,0.028128170251974893,0.037113015838501545,0.7290209311543022,0.7579058078808661,0.4659888589741359,0.4485073731291268,0.563,0.466,0.446,True,999,0.00011720892507582903,0.0013380000600591302,power_3x3_bal_strong_300,power,True,626,1891496405,-0.050000000000000266,0,0
300,300,0.07123417727859871,0.16503768840526856,0.0644110808693199,0.15625565343485448,-0.09380351112666985,-0.09184457256553458,0.04020971710749204,-2.3328567787708208,-2.28413873989732,0.019655663478505392,0.022363378456808834,0.041,0.024,0.026,True,999,0.00011420808732509613,0.0013567080022767186,power_3x3_bal_strong_300,power,True,627,1891496405,-0.050000000000000266,0,1
300,300,0.04997057854004838,0.0940869168724473,0.04316410356841516,0.08516901179980607,-0.04411633833239892,-0.042004908231390914,0.03511155217370376,-1.2564622069154536,-1.196327294890991,0.20894843998809154,0.23156886127687015,0.318,0.225,0.242,True,999,0.00012512505054473877,0.0013142499374225736,power_3x3_bal_strong_300,power,True,628,1891496405,-0.050000000000000266,0,1
300,300,0.04267307780590612,0.13692224768795735,0.035870165751646255,0.12911337501284947,-0.09424916988205123,-0.09324320926120322,0.03654314559072655,-2.579120334566069,-2.5515923096906383,0.0099052275129221,0.010723191389669838,0.02,0.008,0.009,True,999,0.00011066603474318981,0.0013254169607535005,power_3x3_bal_strong_300,power,True,629,1891496405,-0.050000000000000266,0,0
300,300,0.07716314733789376,0.0620352503631853,0.07033733324448121,0.05651948347907876,0.015127896974708455,0.013817849765402457,0.03338161932608417,0.453180441216272,0.41393587382399044,0.6504188150953156,0.6789210706082719,0.766,0.687,0.708,True,999,0.0001130829332396388,0.0013326670741662383,power_3x3_bal_strong_300,power,True,630,1891496405,-0.050000000000000266,0,2
300,300,0.050275798049528975,0.10872426691050774,0.043466021256108434,0.10153855678848345,-0.058448468860978764,-0.058072535532375014,0.03489365225660858,-1.6750458917612756,-1.664272203589022,0.0939252278920099,0.09605804460587293,0.177,0.088,0.091,True,999,0.0001212910283356905,0.0013217079686000943,power_3x3_bal_strong_300,power,True,631,1891496405,-0.050000000000000266,0,1
300,300,0.04697407604775439,0.10707920493219336,0.040166546543673576,0.09611693855310932,-0.060105128884438974,-0.055950392009435745,0.035069116485438256,-1.7139048515635236,-1.5954320386904535,0.08654620189946803,0.11061565626310138,0.133,0.069,0.086,True,999,0.00011716608423739672,0.0013733330415561795,power_3x3_bal_strong_300,power,True,632,1891496405,-0.050000000000000266,0,0
300,300,0.04813522186684427,0.1073928004039213,0.04133048945811879,0.10536932669535304,-0.05925757853707703,-0.06403883723723425,0.036509716569445606,-1.6230632309720185,-1.7540217578908108,0.1045758886932192,0.0794267790111635,0.15,0.099,0.075,True,999,0.000124832964502275,0.0014122920110821724,power_3x3_bal_strong_300,power,True,633,1891496405,-0.050000000000000266,0,3
300,300,0.05128443122789239,0.13318347979826511,0.04447778780513545,0.12374883436721973,-0.08189904857037272,-0.07927104656208428,0.036680171036335474,-2.2327880774940585,-2.1611416828879606,0.025562922883393947,0.030684396563314335,0.062,0.018,0.024,True,999,0.0001282920129597187,0.0013654169160872698,power_3x3_bal_strong_300,power,True,634,1891496405,-0.050000000000000266,0,0
300,300,0.05477286985195562,0.03339952215235309,0.04796198818405628,0.024308570416508246,0.02137334769960253,0.023653417767548035,0.025526779543682307,0.8372911930793197,0.9266119028869854,0.40242890841245593,0.3541280726175937,0.618,0.383,0.323,True,999,0.00011849997099488974,0.0013430420076474547,power_3x3_bal_strong_300,power,True,635,1891496405,-0.050000000000000266,0,0
300,300,0.029126644018491632,0.10450998739525091,0.022327033657632,0.09711924879619005,-0.07538334337675928,-0.07479221513855805,0.030935775236311816,-2.436769170997718,-2.4176609303382963,0.014819135676496367,0.015620624941123654,0.079,0.017,0.017,True,999,0.00011712498962879181,0.001331334002315998,power_3x3_bal_strong_300,power,True,636,1891496405,-0.050000000000000266,0,1
300,300,0.03394882906723029,0.14613258385153893,0.027147115566890534,0.13662122842413282,-0.11218375478430864,-0.10947411285724229,0.03803830368258012,-2.9492312727836993,-2.877996710126079,0.0031856548418630996,0.004002093128160877,0.016,0.005,0.005,True,999,0.0001199580729007721,0.0013662080746144056,power_3x3_bal_strong_300,power,True,637,1891496405,-0.050000000000000266,0,0
300,300,0.051521552552967975,0.1019469990920639,0.04471235087748937,0.09276735320862883,-0.05042544653909592,-0.04805500233113946,0.03501206329236568,-1.4402306461639207,-1.372527003903188,0.14980215550786485,0.16989943836657728,0.23,0.142,0.16,True,999,0.00012370804324746132,0.0013219580287113786,power_3x3_bal_strong_300,power,True,638,1891496405,-0.050000000000000266,0,0
300,300,0.04922532183357653,0.09631998181362245,0.04241639322128776,0.08570674776093767,-0.047094659980045916,-0.04329035453964991,0.03453147510127659,-1.3638183669224393,-1.2536491537846153,0.17262473817526525,0.2099695567301494,0.29,0.163,0.207,True,999,0.00012337497901171446,0.0013811250682920218,power_3x3_bal_strong_300,power,True,639,1891496405,-0.050000000000000266,0,0
300,300,0.07925332582709621,0.06933033869669414,0.07242378763783108,0.06548379181383268,0.009922987130402072,0.006939995823998402,0.03329710971201894,0.2980134677221028,0.2084263734606772,0.7656928846487723,0.8348960654358417,0.805,0.748,0.823,True,999,0.0001254579983651638,0.001360915950499475,power_3x3_bal_strong_300,power,True,640,1891496405,-0.050000000000000266,0,2
300,300,0.04120770316990541,0.1679935846855481,0.034401424899272115,0.1574622733631088,-0.12678588151564268,-0.12306084846383669,0.038082787360750506,-3.3292174838628745,-3.2314033975009835,0.0008709036946676507,0.0012318395486428596,0.004,0.003,0.003,True,999,0.00011633406393229961,0.0013563750544562936,power_3x3_bal_strong_300,power,True,641,1891496405,-0.050000000000000266,0,0
300,300,0.08521319999709442,0.10111308823571713,0.07839084337257418,0.0924678510576058,-0.015899888238622706,-0.014077007685031617,0.037429141459371776,-0.42479970468682976,-0.3760975308587239,0.6709826929805816,0.7068443898869542,0.746,0.692,0.73,True,999,0.00012599991168826818,0.0013117919443175197,power_3x3_bal_strong_300,power,True,642,1891496405,-0.050000000000000266,0,1
300,300,0.054487299197385486,0.1395107504372992,0.04767901844087419,0.1287258885242153,-0.08502345123991373,-0.0810468700833411,0.03913231442418814,-2.1727171645988754,-2.0710983052217604,0.029801611097634576,0.03834961021303605,0.059,0.034,0.043,True,999,0.00014637492131441832,0.0013488749973475933,power_3x3_bal_strong_300,power,True,643,1891496405,-0.050000000000000266,0,0
300,300,0.1141136103942666,0.11519280987231262,0.10727535205825234,0.10548979115455381,-0.0010791994780460223,0.0017855609036985243,0.040697033682980874,-0.026517890381217973,0.043874472955635326,0.9788442641558053,0.9650044633314364,0.978,0.973,0.959,True,999,0.00011862500105053186,0.0013816660502925515,power_3x3_bal_strong_300,power,True,644,1891496405,-0.050000000000000266,0,0
300,300,0.060852399796221146,0.12111874912222487,0.054040348303601604,0.11189698299961037,-0.06026634932600372,-0.05785663469600877,0.03738209835881492,-1.6121713860878697,-1.547709658796236,0.10692465001856605,0.12169221556262516,0.188,0.108,0.132,True,999,0.00012329197488725185,0.0012854579836130142,power_3x3_bal_strong_300,power,True,645,1891496405,-0.050000000000000266,0,0
300,300,0.029609317059536178,0.11155037623023434,0.022812013606426262,0.10356766849530175,-0.08194105917069816,-0.08075565488887548,0.03420611332802569,-2.395509199917266,-2.3608544506198226,0.016597297717837908,0.018232885070837358,0.068,0.022,0.026,True,999,0.00012058299034833908,0.0013198748929426074,power_3x3_bal_strong_300,power,True,646,1891496405,-0.050000000000000266,0,0
300,300,0.07917720715377552,0.14443854428422181,0.07236106450898205,0.1364792589800743,-0.0652613371304463,-0.06411819447109224,0.04056824999302123,-1.6086801166348783,-1.580501857539386,0.10768630570270557,0.11399198183975856,0.193,0.13,0.141,True,999,0.00011745805386453867,0.001324665965512395,power_3x3_bal_strong_300,power,True,647,1891496405,-0.050000000000000266,0,0
300,300,0.04569301912010304,0.07273604564233316,0.03888840302687413,0.0654012803386621,-0.027043026522230118,-0.026512877311787975,0.03212738986799372,-0.8417436534167752,-0.8252421818493543,0.39993145774205874,0.40923410977684715,0.532,0.411,0.424,True,999,0.0001477920450270176,0.0013227090239524841,power_3x3_bal_strong_300,power,True,648,1891496405,-0.050000000000000266,0,1
300,300,0.055110677154427634,0.10856326186130344,0.048301175868175505,0.09935872587126937,-0.053452584706875805,-0.051057550003093866,0.03481952233144126,-1.5351326246830588,-1.466348375405197,0.12475125393597239,0.14255340277972728,0.235,0.132,0.154,True,999,0.00011233298573642969,0.001327750040218234,power_3x3_bal_strong_300,power,True,649,1891496405,-0.050000000000000266,0,0
300,300,0.08379488843747707,0.1694401731046804,0.07696511752584456,0.1572243507928306,-0.08564528466720334,-0.08025923326698603,0.0418547029783921,-2.046252358102232,-1.9175678610936662,0.04073154839508021,0.055165828574844644,0.065,0.045,0.063,True,999,0.00011466699652373791,0.0013724160380661488,power_3x3_bal_strong_300,power,True,650,1891496405,-0.050000000000000266,0,0
300,300,0.0580236873172173,0.12655251244610077,0.05121387579185921,0.11906828577033934,-0.06852882512888347,-0.06785440997848013,0.037855704208656187,-1.8102641744863774,-1.7924487576422992,0.0702548298957309,0.07306111048412227,0.105,0.071,0.073,True,999,0.00011812499724328518,0.0013204170390963554,power_3x3_bal_strong_300,power,True,651,1891496405,-0.050000000000000266,0,1
300,300,0.06571015490922116,0.10162036348150322,0.058894770540462105,0.09198740753673462,-0.035910208572282054,-0.03309263699627252,0.03578555657690979,-1.0034833046428764,-0.9247484225975448,0.3156277282909731,0.35509678513333653,0.418,0.31,0.348,True,999,0.00012245902325958014,0.0013411249965429306,power_3x3_bal_strong_300,power,True,652,1891496405,-0.050000000000000266,0,0
300,300,0.07055756429331472,0.12061784675333032,0.06372730314649289,0.11457201955795426,-0.05006028246001559,-0.05084471641146138,0.03840137467997042,-1.3036065213083707,-1.3240337575201757,0.19236777604831135,0.18549183364541966,0.288,0.216,0.207,True,999,0.0001139170490205288,0.0013247920433059335,power_3x3_bal_strong_300,power,True,653,1891496405,-0.050000000000000266,0,1
300,300,0.04211575810850943,0.10923728410951239,0.035304156976962986,0.10184657631948824,-0.06712152600100296,-0.06654241934252525,0.03552307647509302,-1.8895189454681711,-1.8732166789996756,0.05882232661710788,0.061038470046458855,0.136,0.075,0.075,True,999,0.0001152500044554472,0.0013735840329900384,power_3x3_bal_strong_300,power,True,654,1891496405,-0.050000000000000266,0,1
300,300,0.06227443581869396,0.15561035497941544,0.0554598328013185,0.14689838553989887,-0.09333591916072148,-0.09143855273858037,0.0399699497933328,-2.3351522742290363,-2.287682451726092,0.019535467322199074,0.022156020361385597,0.04,0.024,0.026,True,999,0.00011904106941074133,0.001364916912280023,power_3x3_bal_strong_300,power,True,655,1891496405,-0.050000000000000266,0,1
300,300,0.049236072801953634,0.07396387674046906,0.04242998309229051,0.06836736315624137,-0.024727803938515425,-0.025937380063950854,0.030797083477723145,-0.8029268081960459,-0.8422024794234972,0.4220170400591833,0.3996746262003128,0.56,0.436,0.41,True,999,0.00011212506797164679,0.0013090830761939287,power_3x3_bal_strong_300,power,True,656,1891496405,-0.050000000000000266,0,1
300,300,0.0536615420665878,0.13719967123942467,0.04685534402426583,0.12898708725835206,-0.08353812917283687,-0.08213174323408623,0.03808616194805717,-2.193398465478569,-2.1564720369067247,0.028278682794099903,0.031046824980409195,0.066,0.035,0.039,True,999,0.00011220795568078756,0.0013212920166552067,power_3x3_bal_strong_300,power,True,657,1891496405,-0.050000000000000266,0,0
300,300,0.09247823016800849,0.09011412628920124,0.08561966296525725,0.08144624525927213,0.0023641038788072555,0.004173417705985116,0.037071469784700724,0.06377151735653366,0.1125776164318004,0.949152157937592,0.9103654317164114,0.966,0.959,0.929,True,999,0.0001141249667853117,0.001328333979472518,power_3x3_bal_strong_300,power,True,658,1891496405,-0.050000000000000266,0,1
300,300,0.0433237986279682,0.07982188115449601,0.03651465628900041,0.07166607770513167,-0.03649808252652781,-0.03515142141613126,0.031545200161870644,-1.1570090644295172,-1.1143191748904966,0.24726865700198475,0.2651422837334897,0.382,0.244,0.263,True,999,0.00011904200073331594,0.0013668750179931521,power_3x3_bal_strong_300,power,True,659,1891496405,-0.050000000000000266,0,0
300,300,0.08497522800286794,0.10543133917829611,0.07813717634655859,0.09462182731864743,-0.02045611117542817,-0.016484650972088843,0.03855369236325696,-0.5305876019004492,-0.42757645147885504,0.5957045890217465,0.6689595135101155,0.689,0.606,0.691,True,999,0.00011795805767178535,0.0013532080920413136,power_3x3_bal_strong_300,power,True,660,1891496405,-0.050000000000000266,0,0
300,300,0.05526240183652864,0.09741081160017362,0.04844835223224209,0.08921572571107106,-0.04214840976364498,-0.04076737347882897,0.034763630486428866,-1.2124283101012423,-1.1727018412171843,0.22534846947970322,0.24091539281803986,0.343,0.216,0.233,True,999,0.00011470797471702099,0.0013730829814448953,power_3x3_bal_strong_300,power,True,661,1891496405,-0.050000000000000266,0,0
300,300,0.05387379798269798,0.08998080391258462,0.04706391092742024,0.08076609316654526,-0.03610700592988664,-0.03370218223912502,0.034385712857200185,-1.0500583797647232,-0.9801216679464002,0.29369127264387374,0.3270260646281238,0.457,0.306,0.347,True,999,0.00012174993753433228,0.0013019159669056535,power_3x3_bal_strong_300,power,True,662,1891496405,-0.050000000000000266,0,0
300,300,0.06289835525553178,0.1058311086573327,0.05608216572755964,0.09700383581117933,-0.042932753401800916,-0.04092167008361969,0.036327714054392356,-1.1818181936116057,-1.1264587147528453,0.23727784718778455,0.2599714062339128,0.335,0.25,0.277,True,999,0.00011695793364197016,0.0013252920471131802,power_3x3_bal_strong_300,power,True,663,1891496405,-0.050000000000000266,0,1
300,300,0.06361768906545162,0.0961705921867324,0.056802174601727984,0.090330534955811,-0.032552903121280785,-0.03352836035408302,0.03548722291265315,-0.9173133440564006,-0.9448009058530277,0.3589784668717747,0.34476052932813606,0.44,0.356,0.339,True,999,0.0001165410503745079,0.0013344170292839408,power_3x3_bal_strong_300,power,True,664,1891496405,-0.050000000000000266,0,1
300,300,0.06725203116224399,0.08890412805810011,0.060430011168477904,0.08290168244354845,-0.02165209689585612,-0.02247167127507055,0.035183623372634365,-0.6154027021758369,-0.6386969027342674,0.5382888073259069,0.5230201280037441,0.638,0.554,0.543,True,999,0.0001205001026391983,0.0013672499917447567,power_3x3_bal_strong_300,power,True,665,1891496405,-0.050000000000000266,0,1
300,300,0.060164518606642625,0.1075316041126041,0.05335067161325924,0.09670765208514354,-0.04736708550596147,-0.0433569804718843,0.03649767398586902,-1.2978110748729033,-1.1879381817227868,0.19435226304090258,0.23485776555577942,0.271,0.176,0.21,True,999,0.00011679192539304495,0.0013561249943450093,power_3x3_bal_strong_300,power,True,666,1891496405,-0.050000000000000266,0,0
300,300,0.03646360706360152,0.06999878392049685,0.029661751955586624,0.06094792525175308,-0.03353517685689533,-0.03128617329616645,0.029813644249204175,-1.1248264914072186,-1.049391112158373,0.2606625662869393,0.29399814712339234,0.452,0.271,0.309,True,999,0.00011516606900840998,0.0013485000235959888,power_3x3_bal_strong_300,power,True,667,1891496405,-0.050000000000000266,0,0
300,300,0.04208712758822086,0.06832451564177572,0.0352795524480598,0.06013072413912823,-0.026237388053554855,-0.02485117169106843,0.030353767544138703,-0.8643865383564645,-0.8187178627803381,0.3873755853777614,0.4129474027770481,0.498,0.388,0.412,True,999,0.00011454091873019934,0.001301625045016408,power_3x3_bal_strong_300,power,True,668,1891496405,-0.050000000000000266,0,0
300,300,0.03572071125941534,0.06368602703671666,0.0289108497817665,0.05586234689167213,-0.027965315777301325,-0.02695149710990563,0.028170092965613742,-0.9927306882315802,-0.9567415039348429,0.32084121545410593,0.3386977439240968,0.494,0.287,0.303,True,999,0.0001241669524461031,0.001312082982622087,power_3x3_bal_strong_300,power,True,669,1891496405,-0.050000000000000266,0,0
300,300,0.07851429104073238,0.1238717134730371,0.07168178169530393,0.11422248704506899,-0.04535742243230473,-0.04254070534976506,0.03876338529596153,-1.1701099397278436,-1.0974455668658296,0.2419567289632094,0.2724466634489766,0.295,0.246,0.269,True,999,0.00011387490667402744,0.0013202079571783543,power_3x3_bal_strong_300,power,True,670,1891496405,-0.050000000000000266,0,0
300,300,0.055290235980460345,0.10692736261709784,0.048479502000247976,0.09594355951665534,-0.0516371266366375,-0.047464057516407365,0.03621229027335896,-1.425955835624858,-1.3107168079707519,0.15388109064572997,0.18995345793471086,0.266,0.167,0.217,True,999,0.00012095796409994364,0.0013724579475820065,power_3x3_bal_strong_300,power,True,671,1891496405,-0.050000000000000266,0,0
300,300,0.046145378755265476,0.15963879279977444,0.0393333371775384,0.151546499851122,-0.11349341404450897,-0.11221316267358361,0.03871281450280525,-2.931675609281389,-2.898605128941279,0.0033713869764556243,0.0037482662578402536,0.011,0.005,0.005,True,999,0.00012204097583889961,0.0013716670218855143,power_3x3_bal_strong_300,power,True,672,1891496405,-0.050000000000000266,0,0
300,300,0.04971863874056881,0.16949665621084598,0.042912556762530585,0.1619203913966203,-0.11977801747027716,-0.1190078346340897,0.03872186243247559,-3.093291746468803,-3.0734016175389116,0.001979494297016505,0.002116334568494001,0.01,0.005,0.005,True,999,0.00012345798313617706,0.001317333080805838,power_3x3_bal_strong_300,power,True,673,1891496405,-0.050000000000000266,0,1
300,300,0.050768458698058794,0.15840615481369985,0.043962666621382596,0.1505226562483415,-0.10763769611564106,-0.1065599896269589,0.03985886052191493,-2.700470979506813,-2.6734329138278,0.006924137751611776,0.007507929135534333,0.016,0.01,0.012,True,999,0.00011262495536357164,0.0013337500859051943,power_3x3_bal_strong_300,power,True,674,1891496405,-0.050000000000000266,0,0
300,300,0.06660888399246212,0.08093771787887133,0.05979680885076277,0.07195238746145094,-0.014328833886409209,-0.012155578610688167,0.03316114466154671,-0.4320970832778509,-0.3665608872899867,0.6656708544785701,0.7139465876910105,0.741,0.662,0.708,True,999,0.00011404207907617092,0.0013270840281620622,power_3x3_bal_strong_300,power,True,675,1891496405,-0.050000000000000266,0,0
300,300,0.05281882510203073,0.08011554874197635,0.04600130328697105,0.07225394649549344,-0.02729672363994562,-0.026252643208522386,0.03192602624355707,-0.8549990979680511,-0.8222959853583527,0.39255164711867363,0.41090846105383105,0.536,0.419,0.437,True,999,0.00011816597543656826,0.0013668750179931521,power_3x3_bal_strong_300,power,True,676,1891496405,-0.050000000000000266,0,0
300,300,0.04624238094662392,0.11471885824626049,0.03943951478038343,0.11055556386060061,-0.06847647729963657,-0.07111604908021718,0.0368311309875783,-1.8592010471449005,-1.9308679145422345,0.06299864645879255,0.0534993889646006,0.16,0.086,0.075,True,999,0.00011808308772742748,0.0013556251069530845,power_3x3_bal_strong_300,power,True,677,1891496405,-0.050000000000000266,0,2
300,300,0.06970557192660953,0.126650775748675,0.06289029805355995,0.1209046329016843,-0.05694520382206547,-0.05801433484812435,0.03779907545767642,-1.5065237213494005,-1.53480830273436,0.1319327823221754,0.12483092274721973,0.2,0.126,0.116,True,999,0.00011679099407047033,0.001357667031697929,power_3x3_bal_strong_300,power,True,678,1891496405,-0.050000000000000266,0,1
300,300,0.05090667202910981,0.10455986050872462,0.04409403077556817,0.09257611227168638,-0.05365318847961481,-0.04848208149611821,0.034960917666253075,-1.534661904238427,-1.3867508272792504,0.12486689813591902,0.1655177559873836,0.221,0.125,0.17,True,999,0.00011758296750485897,0.001287874998524785,power_3x3_bal_strong_300,power,True,679,1891496405,-0.050000000000000266,0,0
300,300,0.03215239651658175,0.10429467846470347,0.025351707692550463,0.09649734545189403,-0.07214228194812172,-0.07114563775934357,0.032829339839542976,-2.1974941409338444,-2.167135803128413,0.027985174466823266,0.030224500635467295,0.097,0.031,0.032,True,999,0.00011420901864767075,0.0013277919497340918,power_3x3_bal_strong_300,power,True,680,1891496405,-0.050000000000000266,0,0
300,300,0.08430430313372539,0.04811776908918486,0.07747895158740903,0.03710635048881272,0.03618653404454053,0.040372601098596306,0.03179705421623087,1.1380467447852147,1.2696962688445532,0.2551009638348247,0.20419284238711166,0.461,0.282,0.227,True,999,0.00011441600508987904,0.0013263749424368143,power_3x3_bal_strong_300,power,True,681,1891496405,-0.050000000000000266,0,0
300,300,0.02519037435838256,0.10629417873025171,0.018394731669388875,0.09848912063418425,-0.08110380437186915,-0.08009438896479537,0.03219038156659953,-2.519504287455287,-2.4881466160656087,0.011752020913326321,0.012841078257772946,0.037,0.01,0.01,True,999,0.00011662498582154512,0.0013702079886570573,power_3x3_bal_strong_300,power,True,682,1891496405,-0.050000000000000266,0,0
300,300,0.05612855524112148,0.07437135843855402,0.04931776237964414,0.06840983571163406,-0.018242803197432544,-0.019092073331989923,0.031722605434210106,-0.5750726634124209,-0.6018444283079208,0.5652421550347257,0.5472776983259684,0.679,0.578,0.558,True,999,0.0001152500044554472,0.0013524169335141778,power_3x3_bal_strong_300,power,True,683,1891496405,-0.050000000000000266,0,1
300,300,0.04651440423972186,0.10065198764460626,0.03970986892881001,0.09019457981224832,-0.05413758340488439,-0.05048471088343831,0.03308640356299677,-1.63624865730136,-1.5258446203533433,0.10178755675010315,0.12704856530975095,0.202,0.1,0.118,True,999,0.00011379201896488667,0.0013447919627651572,power_3x3_bal_strong_300,power,True,684,1891496405,-0.050000000000000266,0,0
300,300,0.0668249076580929,0.124574875579133,0.06000995646195406,0.11658046095809027,-0.05774996792104009,-0.05657050449613621,0.03835483866530048,-1.50567620489788,-1.4749248455923085,0.13215031528379953,0.14023274976089337,0.196,0.14,0.146,True,999,0.00011495803482830524,0.0012888329802080989,power_3x3_bal_strong_300,power,True,685,1891496405,-0.050000000000000266,0,0
300,300,0.03440700966132626,0.10727056662688272,0.027607521511129107,0.0995516397112226,-0.07286355696555646,-0.0719441182000935,0.03298589360423617,-2.2089308187242516,-2.181057122880375,0.02717945320313702,0.029179191687874223,0.091,0.037,0.038,True,999,0.0001223749713972211,0.0013000000035390258,power_3x3_bal_strong_300,power,True,686,1891496405,-0.050000000000000266,0,0
300,300,0.06178051908496229,0.10606778803464034,0.05497036972576552,0.09366243614771008,-0.04428726894967805,-0.03869206642194456,0.037629703313865184,-1.1769231497862964,-1.0282320351882215,0.23922618124155826,0.30384069260750934,0.359,0.232,0.311,True,999,0.00011266604997217655,0.0013304579770192504,power_3x3_bal_strong_300,power,True,687,1891496405,-0.050000000000000266,0,0
300,300,0.07172504015384829,0.1305985174433661,0.06491131768518699,0.11987511515957294,-0.058873477289517806,-0.054963797474385956,0.03964723939201183,-1.4849325751890736,-1.3863209221437023,0.13756168581598976,0.16564893099371925,0.166,0.131,0.158,True,999,0.00011625001206994057,0.0013621250400319695,power_3x3_bal_strong_300,power,True,688,1891496405,-0.050000000000000266,0,0
300,300,0.07044501799314329,0.10666742367140386,0.0636238155387332,0.09595595013718139,-0.03622240567826057,-0.03233213459844819,0.0364467496180949,-0.9938446105020309,-0.8871061188511608,0.3202985239031867,0.3750217700597126,0.396,0.304,0.345,True,999,0.00012066704221069813,0.0013854160206392407,power_3x3_bal_strong_300,power,True,689,1891496405,-0.050000000000000266,0,0
300,300,0.07749058143238119,0.10664274551573538,0.07067016341790122,0.10078369656805819,-0.029152164083354193,-0.030113533150156968,0.036602544055183255,-0.7964518542591845,-0.8227169429741488,0.4257694489248539,0.410668978072129,0.51,0.398,0.39,True,999,0.00012045796029269695,0.001303125056438148,power_3x3_bal_strong_300,power,True,690,1891496405,-0.050000000000000266,0,1
300,300,0.06685760885299419,0.15083484819168813,0.06004496377926216,0.140080423091959,-0.08397723933869394,-0.08003545931269684,0.04031995262212029,-2.0827712801582616,-1.9850087638443272,0.03727207660938441,0.04714349645937939,0.08,0.038,0.05,True,999,0.00011341704521328211,0.001318334019742906,power_3x3_bal_strong_300,power,True,691,1891496405,-0.050000000000000266,0,0
300,300,0.04870725813368404,0.13470696452766062,0.04190114233762188,0.12415552324962675,-0.08599970639397658,-0.08225438091200488,0.036420155914286906,-2.361321752613382,-2.2584851395361025,0.01820992363988995,0.023915430018777602,0.047,0.023,0.033,True,999,0.00011874991469085217,0.0013165840646252036,power_3x3_bal_strong_300,power,True,692,1891496405,-0.050000000000000266,0,0
300,300,0.0975726524063325,0.11629266898076901,0.09073402384410656,0.10571000369742478,-0.018720016574436504,-0.014975979853318222,0.039049546477451645,-0.4793913953711599,-0.3835122608137278,0.6316602137077535,0.701339981127435,0.694,0.636,0.705,True,999,0.00011616700794547796,0.0013339580036699772,power_3x3_bal_strong_300,power,True,693,1891496405,-0.050000000000000266,0,0
300,300,0.05892612057041324,0.08184916302784495,0.052114459369931865,0.07601097996193573,-0.022923042457431708,-0.023896520592003867,0.033357196968588625,-0.6871993015185773,-0.7163827528585941,0.4919571444664439,0.4737550416077688,0.598,0.487,0.468,True,999,0.00011837505735456944,0.0013601250248029828,power_3x3_bal_strong_300,power,True,694,1891496405,-0.050000000000000266,0,1
300,300,0.058146970954709776,0.11986666782853389,0.05132475778503931,0.11053145090758676,-0.061719696873824115,-0.05920669312254745,0.036502599430760216,-1.6908301829544177,-1.621985668030393,0.09086924074260427,0.10480641688602982,0.157,0.097,0.111,True,999,0.00011791696306318045,0.0013672499917447567,power_3x3_bal_strong_300,power,True,695,1891496405,-0.050000000000000266,0,0
300,300,0.06162705257963408,0.0765340671636126,0.05480736438636313,0.06753102468738348,-0.014907014583978528,-0.012723660301020345,0.03254330562558929,-0.4580670063294652,-0.3909762716610921,0.6469043019921104,0.6958147751366238,0.718,0.642,0.687,True,999,0.00011687504593282938,0.0013326660264283419,power_3x3_bal_strong_300,power,True,696,1891496405,-0.050000000000000266,0,0
300,300,0.06409514470397548,0.10258548647009269,0.057285177436313006,0.09506830350227347,-0.03849034176611721,-0.03778312606596046,0.03712650690396958,-1.0367348015172901,-1.0176859935595144,0.2998594682373822,0.30882720566026745,0.378,0.302,0.309,True,999,0.00011933303903788328,0.0013354580150917172,power_3x3_bal_strong_300,power,True,697,1891496405,-0.050000000000000266,0,1
300,300,0.04838226893612507,0.15825566231774169,0.04157798373910282,0.14853261487152736,-0.10987339338161661,-0.10695463113242454,0.03971678903544336,-2.7664218596212633,-2.692932478428152,0.00566751655525583,0.007082661123134503,0.019,0.005,0.01,True,999,0.00011583301238715649,0.0013300409773364663,power_3x3_bal_strong_300,power,True,698,1891496405,-0.050000000000000266,0,0
300,300,0.039896303398943456,0.08532471813583148,0.03309453395775108,0.07456422814232155,-0.04542841473688802,-0.04146969418457047,0.033328960765650416,-1.363031240497231,-1.2442540430876585,0.17287266507641796,0.21340607928267763,0.258,0.166,0.204,True,999,0.00011895911302417517,0.00137141696177423,power_3x3_bal_strong_300,power,True,699,1891496405,-0.050000000000000266,0,0
300,300,0.07663512575874454,0.08911469617311818,0.06981796506465798,0.079630400601161,-0.012479570414373642,-0.009812435536503017,0.03561876117725613,-0.35036508856299864,-0.27548503126404666,0.7260647232415125,0.782943624405344,0.762,0.707,0.766,True,999,0.00011695793364197016,0.001359916990622878,power_3x3_bal_strong_300,power,True,700,1891496405,-0.050000000000000266,0,0
300,300,0.04804630098671803,0.10183792786777857,0.04123707365874907,0.09592408007709707,-0.05379162688106054,-0.054687006418348005,0.03594518808179314,-1.4964903440944,-1.521399924070725,0.13452592229319973,0.12815950792695296,0.253,0.139,0.131,True,999,0.00011599995195865631,0.001346584060229361,power_3x3_bal_strong_300,power,True,701,1891496405,-0.050000000000000266,0,1
300,300,0.0484551778496527,0.1236478217493382,0.04164507191995881,0.11310198436012797,-0.0751926438996855,-0.07145691244016916,0.03638485191647599,-2.0665920002174407,-1.9639192871858755,0.038772615254333016,0.04953945276995998,0.092,0.043,0.048,True,999,0.00011787505354732275,0.001301957992836833,power_3x3_bal_strong_300,power,True,702,1891496405,-0.050000000000000266,0,0
300,300,0.04825597533097081,0.13358688188930246,0.04144394173061983,0.1261586760145974,-0.08533090655833164,-0.08471473428397758,0.03848940335469254,-2.21699738424052,-2.2009885033369674,0.026623270279000102,0.02773683773626327,0.061,0.031,0.032,True,999,0.00011108303442597389,0.001320041948929429,power_3x3_bal_strong_300,power,True,703,1891496405,-0.050000000000000266,0,1
300,300,0.061192482914107726,0.12627350166421292,0.054374209682805485,0.12218738797700723,-0.06508101875010519,-0.06781317829420175,0.03916436210095618,-1.6617408087061953,-1.731502178419143,0.0965647549697243,0.08336223668573814,0.158,0.095,0.085,True,999,0.00011320796329528093,0.0013302079169079661,power_3x3_bal_strong_300,power,True,704,1891496405,-0.050000000000000266,0,2
300,300,0.060108935843924405,0.12006114238837068,0.053299078148995704,0.11077295740382453,-0.059952206544446274,-0.05747387925482883,0.036962542979259834,-1.6219719129737973,-1.5549222164470171,0.10480936217683573,0.1199645955398333,0.184,0.106,0.116,True,999,0.00011516595259308815,0.001342874951660633,power_3x3_bal_strong_300,power,True,705,1891496405,-0.050000000000000266,0,0
300,300,0.05810343596553147,0.09418676130956205,0.05129572315996711,0.08608168383052828,-0.03608332534403058,-0.03478596067056117,0.03420124500013626,-1.0550295857325318,-1.0170963270612687,0.2914117938885832,0.30910760740605314,0.424,0.306,0.327,True,999,0.00011766701936721802,0.0013736250111833215,power_3x3_bal_strong_300,power,True,706,1891496405,-0.050000000000000266,0,0
300,300,0.06662175169184992,0.07328692759522537,0.05980813638012705,0.06263104461324076,-0.006665175903375453,-0.002822908233113708,0.03261982993895202,-0.20432895928180259,-0.08653963673007424,0.8380964410863234,0.9310374486861022,0.87,0.831,0.926,True,999,0.00012495799455791712,0.0013230839977040887,power_3x3_bal_strong_300,power,True,707,1891496405,-0.050000000000000266,0,0
300,300,0.04747361552678342,0.06701259315258468,0.04066427094755909,0.05914688166687654,-0.019538977625801257,-0.01848261071931745,0.02992835341206991,-0.6528584234748215,-0.6175618974034012,0.5138475547790389,0.5368641677017774,0.672,0.533,0.555,True,999,0.0001336660934612155,0.0013039170298725367,power_3x3_bal_strong_300,power,True,708,1891496405,-0.050000000000000266,0,0
300,300,0.055681757092357786,0.18573536820211267,0.048870941685777325,0.17841312744889137,-0.13005361110975489,-0.12954218576311405,0.03834403217453944,-3.3917562586469687,-3.378418450450041,0.0006944618858626512,0.0007290405197662716,0.005,0.003,0.003,True,999,0.00012041698209941387,0.0013106249971315265,power_3x3_bal_strong_300,power,True,709,1891496405,-0.050000000000000266,0,1
300,300,0.03986659695212014,0.1432847907305057,0.03306218691153617,0.13405467397248572,-0.10341819377838557,-0.10099248706094954,0.03875288893498643,-2.6686576567719773,-2.606063440338062,0.007615502825735714,0.00915894959489569,0.017,0.013,0.015,True,999,0.00011720799375325441,0.0013241659617051482,power_3x3_bal_strong_300,power,True,710,1891496405,-0.050000000000000266,0,0
300,300,0.08141506978278668,0.1102981353303717,0.07458735365713665,0.10172830076649575,-0.02888306554758502,-0.027140947109359104,0.03775259607696952,-0.7650617056559127,-0.7189160463037954,0.4442348016096662,0.47219264895116086,0.504,0.432,0.454,True,999,0.00012295797932893038,0.0013854160206392407,power_3x3_bal_strong_300,power,True,711,1891496405,-0.050000000000000266,0,1
300,300,0.07879402697831961,0.08548830710279715,0.07196412254694451,0.07493793361814483,-0.006694280124477536,-0.0029738110712003163,0.03515749465575572,-0.19040833796675555,-0.08458540917998736,0.8489891644443499,0.9325909992800566,0.896,0.857,0.941,True,999,0.00011854106560349464,0.0013691249769181013,power_3x3_bal_strong_300,power,True,712,1891496405,-0.050000000000000266,0,0
300,300,0.04643915266708776,0.14093131823992933,0.039631328740995286,0.13287010640044628,-0.09449216557284157,-0.09323877765945099,0.0378980666305103,-2.493324171232775,-2.4602515629224206,0.012655324612589534,0.013883965947000422,0.04,0.016,0.017,True,999,0.00011958403047174215,0.0012942090397700667,power_3x3_bal_strong_300,power,True,713,1891496405,-0.050000000000000266,0,0
300,300,0.019818485784900863,0.12849547949923845,0.013021493192013622,0.1211715422022337,-0.10867699371433759,-0.10815004901022007,0.03617422563563766,-3.0042659325725163,-2.9896990774468493,0.00266222516972177,0.00279252408756957,0.004,0.001,0.001,True,999,0.00011929101310670376,0.001317500020377338,power_3x3_bal_strong_300,power,True,714,1891496405,-0.050000000000000266,0,1
300,300,0.07194111964748595,0.15962605132308283,0.06512282716090567,0.14735036783299904,-0.08768493167559688,-0.08222754067209337,0.041185413436912295,-2.1290288079762125,-1.9965209478362842,0.03325187704565608,0.0458772479411073,0.073,0.042,0.052,True,999,0.0001153330085799098,0.0013166250428184867,power_3x3_bal_strong_300,power,True,715,1891496405,-0.050000000000000266,0,0
300,300,0.03337197311424145,0.0879186403786385,0.026572018461706648,0.07857174853023707,-0.05454666726439705,-0.051999730068530425,0.032158112689976676,-1.6962023794822585,-1.6170019232732573,0.08984756000004307,0.10587786575684074,0.207,0.084,0.099,True,999,0.00011624989565461874,0.0013552909949794412,power_3x3_bal_strong_300,power,True,716,1891496405,-0.050000000000000266,0,0
300,300,0.043644043734940796,0.11585539112059873,0.03683599347010613,0.10855248200351753,-0.07221134738565793,-0.0717164885334114,0.03423471676250719,-2.1093017327002275,-2.0948468489142895,0.034918545338624644,0.03618460896948771,0.086,0.036,0.036,True,999,0.00011625001206994057,0.0013483749935403466,power_3x3_bal_strong_300,power,True,717,1891496405,-0.050000000000000266,0,1
300,300,0.08314030941168227,0.08681339756524292,0.07630938945879961,0.07809104965987501,-0.003673088153560655,-0.0017816602010753968,0.03705486712191757,-0.09912565983506284,-0.04808167831808424,0.9210384988159054,0.9616511478996638,0.934,0.918,0.957,True,999,0.00011487503070384264,0.0013604590203613043,power_3x3_bal_strong_300,power,True,718,1891496405,-0.050000000000000266,0,1
300,300,0.060195648605980034,0.1176703360040669,0.05338372087112475,0.10709969091128357,-0.057474687398086866,-0.05371597004015882,0.03730141639468817,-1.5408178282010607,-1.440051752238774,0.12336112915549496,0.1498527578744273,0.23,0.126,0.149,True,999,0.00011758296750485897,0.0013231670018285513,power_3x3_bal_strong_300,power,True,719,1891496405,-0.050000000000000266,0,0
300,300,0.05316753346583236,0.1526004704631475,0.046358104008618284,0.14518192996568757,-0.09943293699731515,-0.09882382595706929,0.0408888766911356,-2.4317845106972933,-2.4168877688560606,0.01502464315265996,0.0156538428467764,0.024,0.014,0.015,True,999,0.0001264170277863741,0.001323250005953014,power_3x3_bal_strong_300,power,True,720,1891496405,-0.050000000000000266,0,1
300,300,0.07488606420191624,0.10542394522668885,0.06805743031895872,0.0976412308944532,-0.030537881024772617,-0.02958380057549448,0.036655175694794484,-0.833112389885759,-0.8070838569107109,0.40478134655848363,0.41961817200953755,0.508,0.399,0.412,True,999,0.0001152500044554472,0.0013284169835969806,power_3x3_bal_strong_300,power,True,721,1891496405,-0.050000000000000266,0,0
300,300,0.07343834154264006,0.03948368141647107,0.0666039079494567,0.032186686963910915,0.03395466012616899,0.03441722098554578,0.028634780509189953,1.185783844764296,1.201937656707375,0.23570767301607864,0.22938768330096238,0.459,0.24,0.235,True,999,0.00012291688472032547,0.0013720830902457237,power_3x3_bal_strong_300,power,True,722,1891496405,-0.050000000000000266,0,1
300,300,0.05061593596918712,0.08154633918722726,0.04380950068320999,0.07523597105443969,-0.030930403218040137,-0.0314264703712297,0.03270143886103112,-0.9458422716346757,-0.9610118534777763,0.3442290413537966,0.3365462078766418,0.473,0.364,0.357,True,999,0.00012637500185519457,0.0013447500532492995,power_3x3_bal_strong_300,power,True,723,1891496405,-0.050000000000000266,0,1
300,300,0.07524487093890464,0.12594765475400815,0.06842117159817462,0.1163415161947654,-0.050702783815103514,-0.04792034459659078,0.039081897676247694,-1.2973470284151145,-1.2261519385153785,0.19451180989379258,0.2201415036501343,0.267,0.197,0.22,True,999,0.0001232079230248928,0.0013184580020606518,power_3x3_bal_strong_300,power,True,724,1891496405,-0.050000000000000266,0,0
300,300,0.06314534499375402,0.0763344282780577,0.056330315995751334,0.07063775671826988,-0.013189083284303682,-0.01430744072251855,0.03207836307357595,-0.41115200467220797,-0.4460152997739489,0.6809610788946205,0.6555861942148776,0.755,0.666,0.648,True,999,0.00011387502308934927,0.0013260419946163893,power_3x3_bal_strong_300,power,True,725,1891496405,-0.050000000000000266,0,1
300,300,0.03643660128290671,0.16877511603215112,0.029634640939605106,0.15921015657085036,-0.1323385147492444,-0.12957551563124525,0.03938030228776078,-3.360525619692224,-3.2903636616196503,0.0007779431532579747,0.0010005797679367883,0.002,0.001,0.001,True,999,0.00011554197408258915,0.0013184589333832264,power_3x3_bal_strong_300,power,True,726,1891496405,-0.050000000000000266,0,0
300,300,0.02800524304350893,0.12679318590381028,0.021204918726823507,0.11916738180917719,-0.09878794286030135,-0.09796246308235368,0.034784967992875726,-2.839960723279493,-2.8162297893278865,0.0045119088736858435,0.00485908984107776,0.018,0.003,0.003,True,999,0.00011729099787771702,0.001369624980725348,power_3x3_bal_strong_300,power,True,727,1891496405,-0.050000000000000266,0,0
300,300,0.07195023589482896,0.06863937492019906,0.06513581002792534,0.06133517379261377,0.0033108609746299034,0.003800636235311572,0.03230083280906911,0.10250079291145435,0.11766372272124409,0.9183591835132007,0.9063341121236952,0.929,0.901,0.893,True,999,0.00011854199692606926,0.0013495408929884434,power_3x3_bal_strong_300,power,True,728,1891496405,-0.050000000000000266,0,1
300,300,0.052927083820058174,0.13681869781429512,0.046121306941074636,0.1279538799280857,-0.08389161399423695,-0.08183257298701108,0.03836114073673255,-2.186890493428598,-2.133215316734641,0.028750519092846104,0.03290706721651663,0.06,0.032,0.038,True,999,0.0001152500044554472,0.0013483749935403466,power_3x3_bal_strong_300,power,True,729,1891496405,-0.050000000000000266,0,1
300,300,0.04223100390036061,0.0941191821982853,0.03541765703840838,0.08598887650941833,-0.05188817829792469,-0.050571219471009954,0.032984966805525616,-1.5730856606238095,-1.5331596290264662,0.11569898476036129,0.12523652857768103,0.252,0.108,0.115,True,999,0.00011933303903788328,0.0013070409186184406,power_3x3_bal_strong_300,power,True,730,1891496405,-0.050000000000000266,0,0
300,300,0.04227721255683914,0.1007805045628623,0.03547363509534307,0.09316901075732176,-0.058503292006023166,-0.05769537566197869,0.033676412912590464,-1.7372186330495663,-1.713228062968914,0.08234858720437221,0.08667059076100218,0.198,0.091,0.096,True,999,0.00011600006837397814,0.001328083104453981,power_3x3_bal_strong_300,power,True,731,1891496405,-0.050000000000000266,0,0
300,300,0.04709793187403033,0.0928831151625713,0.04028538111668922,0.08351602294125371,-0.045785183288540976,-0.043230641824564486,0.033977015646585756,-1.3475339848790335,-1.2723495869746464,0.17780831564698008,0.20324893746161465,0.305,0.195,0.222,True,999,0.00011516700033098459,0.0013335420517250896,power_3x3_bal_strong_300,power,True,732,1891496405,-0.050000000000000266,0,0
300,300,0.04385636494795886,0.07669396002790219,0.03704616264701599,0.0660402352713021,-0.03283759507994333,-0.028994072624286105,0.03214213560920859,-1.021637002568538,-0.9020580641187832,0.30695273767216624,0.36702602416323116,0.452,0.309,0.371,True,999,0.00011608307249844074,0.00137179100420326,power_3x3_bal_strong_300,power,True,733,1891496405,-0.050000000000000266,0,0
300,300,0.05342181120246159,0.0958278587637923,0.04660775780581616,0.0901099588735974,-0.042406047561330706,-0.04350220106778124,0.034718076413744664,-1.2214400088290152,-1.253012999607288,0.22191946667178408,0.21020097579816965,0.376,0.22,0.213,True,999,0.00011912500485777855,0.0013572080060839653,power_3x3_bal_strong_300,power,True,734,1891496405,-0.050000000000000266,0,1
300,300,0.03965172268271888,0.12774380238152638,0.03284110439244614,0.11956010802504125,-0.0880920796988075,-0.0867190036325951,0.03561371971255608,-2.473543353792092,-2.434988659778248,0.013378057132728733,0.01489225641725497,0.043,0.012,0.013,True,999,0.00011545896995812654,0.001350749982520938,power_3x3_bal_strong_300,power,True,735,1891496405,-0.050000000000000266,0,0
300,300,0.03567167522563697,0.10219815443427105,0.02886803266710558,0.09788832249708435,-0.06652647920863408,-0.06902028982997876,0.035938115931949906,-1.8511398687289096,-1.9205316706271172,0.06414943373442787,0.05479077669910152,0.119,0.075,0.065,True,999,0.00011958298273384571,0.0013175420463085175,power_3x3_bal_strong_300,power,True,736,1891496405,-0.050000000000000266,0,2
300,300,0.043353041676010395,0.15759462282925885,0.03654780720455619,0.14805304042074852,-0.11424158115324845,-0.11150523321619232,0.039601335811906474,-2.884791101387564,-2.8156937368427695,0.003916734630253025,0.004867204080576,0.01,0.003,0.004,True,999,0.00012325006537139416,0.0013036250602453947,power_3x3_bal_strong_300,power,True,737,1891496405,-0.050000000000000266,0,0
300,300,0.16637426378495723,0.14075204301939148,0.15948859046784492,0.13295972621888552,0.02562222076556575,0.026528864248959394,0.0457814217462389,0.5596641560759459,0.5794678984852372,0.5757085355484577,0.5622735010741345,0.608,0.573,0.558,True,999,0.00011445896234363317,0.0013434590073302388,power_3x3_bal_strong_300,power,True,738,1891496405,-0.050000000000000266,0,1
300,300,0.05081087114169902,0.12765957268482525,0.04400217590131206,0.11854557813563815,-0.07684870154312623,-0.0745434022343261,0.037306421764839566,-2.0599322558336146,-1.9981386235380396,0.039405017555370195,0.0457016334005295,0.095,0.053,0.061,True,999,0.00011775002349168062,0.0013659170363098383,power_3x3_bal_strong_300,power,True,739,1891496405,-0.050000000000000266,0,0
300,300,0.034763330852582985,0.14047004388902584,0.027953601635033465,0.12932838256608647,-0.10570671303644286,-0.10137478093105301,0.036808238165105645,-2.871822132922766,-2.75413293285949,0.004081125993856369,0.0058847860550335215,0.014,0.005,0.006,True,999,0.00011679192539304495,0.0013833340490236878,power_3x3_bal_strong_300,power,True,740,1891496405,-0.050000000000000266,0,0
300,300,0.05438679478562536,0.1371621168148015,0.047575118976169506,0.12967137001398044,-0.08277532202917615,-0.08209625103781093,0.03590328566831258,-2.305508270019748,-2.286594374571885,0.021138124124424364,0.02221950989925186,0.061,0.021,0.021,True,999,0.00011791603174060583,0.001314957975409925,power_3x3_bal_strong_300,power,True,741,1891496405,-0.050000000000000266,0,1
300,300,0.05129040618186953,0.08365923202938397,0.04448186055316228,0.07624302743887768,-0.03236882584751444,-0.0317611668857154,0.034187324523934845,-0.9468078095685066,-0.9290334159808009,0.343736721560129,0.3528717690160105,0.439,0.335,0.343,True,999,0.0001116250641644001,0.001311417086981237,power_3x3_bal_strong_300,power,True,742,1891496405,-0.050000000000000266,0,1
300,300,0.058262137907175715,0.1752531754199721,0.051450670697420264,0.16761535268565808,-0.11699103751279638,-0.11616468198823782,0.0421661140688986,-2.7745273686267447,-2.7549297475794665,0.005528198238837472,0.005870473894691589,0.007,0.006,0.006,True,999,0.00011395895853638649,0.0013172500766813755,power_3x3_bal_strong_300,power,True,743,1891496405,-0.050000000000000266,0,1
300,300,0.036610375887477176,0.12808068917487336,0.02980970269396721,0.12256513855179207,-0.09147031328739619,-0.09275543585782486,0.0371305847734598,-2.4634762378635453,-2.4980871274649195,0.013759701573707041,0.012486550019307647,0.034,0.012,0.011,True,999,0.0001176249934360385,0.0013244999572634697,power_3x3_bal_strong_300,power,True,744,1891496405,-0.050000000000000266,0,2
300,300,0.05736295945096059,0.10357150647914104,0.050554722566118926,0.09748886718226402,-0.04620854702818045,-0.04693414461614509,0.03717718631995452,-1.2429274940416462,-1.2624447749278327,0.21389455308171068,0.20678878629195896,0.326,0.223,0.217,True,999,0.00011358398478478193,0.0013365420745685697,power_3x3_bal_strong_300,power,True,745,1891496405,-0.050000000000000266,0,1
300,300,0.05606590435252601,0.089346001448113,0.04925246745000322,0.08198355953234682,-0.03328009709558699,-0.032731092082343594,0.034540815847521604,-0.9635006087435809,-0.9476062240924786,0.3352963588150175,0.34332995640908515,0.421,0.341,0.353,True,999,0.0001267909538000822,0.001363125047646463,power_3x3_bal_strong_300,power,True,746,1891496405,-0.050000000000000266,0,1
300,300,0.044342564915505145,0.07227412337161426,0.03753983241563219,0.0627845286875015,-0.027931558456109118,-0.025244696271869316,0.03142772091992147,-0.8887554566008572,-0.8032620735112597,0.37413451969375977,0.42182327420182597,0.492,0.367,0.409,True,999,0.00012095796409994364,0.0013049999251961708,power_3x3_bal_strong_300,power,True,747,1891496405,-0.050000000000000266,0,0
300,300,0.039196530153994935,0.07010851385197453,0.03239488371525567,0.060774827551426824,-0.030911983697979595,-0.02837994383617115,0.03045709125059033,-1.0149355184198836,-0.9318008605178633,0.3101365657754096,0.35143944985213205,0.447,0.315,0.35,True,999,0.00011699995957314968,0.0013387500075623393,power_3x3_bal_strong_300,power,True,748,1891496405,-0.050000000000000266,0,0
300,300,0.05173526621602442,0.08625042796596616,0.04492528475060453,0.08038668886388223,-0.034515161749941736,-0.035461404113277695,0.03404324879176242,-1.0138621598974276,-1.0416574613718546,0.31064852959824885,0.29757051769629983,0.438,0.283,0.271,True,999,0.00011625001206994057,0.0013270420022308826,power_3x3_bal_strong_300,power,True,749,1891496405,-0.050000000000000266,0,1
300,300,0.07047155753211931,0.10816703823145202,0.0636589417017035,0.09872000720946517,-0.037695480699332706,-0.03506106550776167,0.03659946861296649,-1.0299461202007156,-0.9579665179985756,0.30303529893948744,0.3380796422936553,0.414,0.301,0.338,True,999,0.00011925003491342068,0.0013711659703403711,power_3x3_bal_strong_300,power,True,750,1891496405,-0.050000000000000266,0,0
300,300,0.030348718350247772,0.15636281077692804,0.023548271026527345,0.14423497722169998,-0.12601409242668027,-0.12068670619517263,0.03673291925937227,-3.4305493537524447,-3.2855190556187517,0.0006023603847407187,0.0010179465664624902,0.004,0.003,0.003,True,999,0.00011741695925593376,0.0013550410512834787,power_3x3_bal_strong_300,power,True,751,1891496405,-0.050000000000000266,0,0
300,300,0.028140388021942186,0.08443166082749443,0.021338524641180356,0.07693627250787927,-0.05629127280555224,-0.05559774786669891,0.03191434782351858,-1.763823378651956,-1.742092558937625,0.07776172013479032,0.08149224943795835,0.173,0.071,0.075,True,999,0.00011625001206994057,0.001349459053017199,power_3x3_bal_strong_300,power,True,752,1891496405,-0.050000000000000266,0,1
300,300,0.08118187742671656,0.10305728044504925,0.07436116187398056,0.09571391645357608,-0.021875403018332684,-0.021352754579595512,0.03628401930421754,-0.6028935999322974,-0.5884892299435398,0.5465794738805159,0.5562039607927904,0.638,0.571,0.582,True,999,0.00011324998922646046,0.0013033750001341105,power_3x3_bal_strong_300,power,True,753,1891496405,-0.050000000000000266,0,1
300,300,0.07262315352993598,0.06583318512066028,0.06579597459113984,0.057946684827697936,0.006789968409275704,0.007849289763441902,0.03195828237695352,0.21246349629141018,0.24561050155506353,0.8317454534012086,0.8059837591516295,0.87,0.815,0.794,True,999,0.00011483405251055956,0.001331708044745028,power_3x3_bal_strong_300,power,True,754,1891496405,-0.050000000000000266,0,0
300,300,0.05439374621831927,0.08788421398522184,0.047585664511416326,0.07931606283392512,-0.033490467766902565,-0.03173039832250879,0.03398296699699159,-0.9855074681933268,-0.9337147732073479,0.3243748648743835,0.35045104240437264,0.448,0.326,0.347,True,999,0.00011454103514552116,0.001331375096924603,power_3x3_bal_strong_300,power,True,755,1891496405,-0.050000000000000266,0,0
300,300,0.06051395409664018,0.105589882823933,0.05369993886205293,0.0993758706874388,-0.045075928727292824,-0.045675931825385874,0.03422906887886125,-1.3168902983256503,-1.3344193494434735,0.1878753989285621,0.18206646214868016,0.309,0.207,0.2,True,999,0.00011495896615087986,0.001352874911390245,power_3x3_bal_strong_300,power,True,756,1891496405,-0.050000000000000266,0,1
300,300,0.05374712340683341,0.07398338098802926,0.04693995112376115,0.06995334702790501,-0.02023625758119585,-0.023013395904143863,0.03312206920283625,-0.6109599450828698,-0.6948055015286672,0.5412260979996898,0.4871771999746387,0.631,0.553,0.503,True,999,0.0001263340236619115,0.0013402500189840794,power_3x3_bal_strong_300,power,True,757,1891496405,-0.050000000000000266,0,2
300,300,0.038482819091438136,0.11387234985729805,0.031681292680389106,0.10669054317091309,-0.07538953076585991,-0.07500925049052398,0.03401945593758419,-2.216071030182781,-2.2048927128095213,0.026686637921135018,0.0274616239954605,0.075,0.023,0.025,True,999,0.0001223749713972211,0.001331124920397997,power_3x3_bal_strong_300,power,True,758,1891496405,-0.050000000000000266,0,1
300,300,0.05902974893134849,0.10545579099571667,0.05222156740427408,0.0948236768407611,-0.04642604206436818,-0.04260210943648701,0.03629054555531821,-1.2792875211423946,-1.1739175805871531,0.20079582533379325,0.24042803990047845,0.275,0.199,0.243,True,999,0.00011425011325627565,0.0013346249470487237,power_3x3_bal_strong_300,power,True,759,1891496405,-0.050000000000000266,0,0
300,300,0.06965169535181048,0.12496719399630374,0.06282878848838891,0.1154805873889444,-0.055315498644493255,-0.05265179890055549,0.038457824962511836,-1.4383418380632302,-1.3690789573222029,0.15033708643897664,0.17097459519655323,0.243,0.171,0.189,True,999,0.0001141249667853117,0.0013357499847188592,power_3x3_bal_strong_300,power,True,760,1891496405,-0.050000000000000266,0,0
300,300,0.09471236441283493,0.13009227510965293,0.08788671341028476,0.11927421433843222,-0.03537991069681801,-0.03138750092814746,0.04076710041424929,-0.8678544791586821,-0.7699223297513849,0.38547400152930145,0.4413459672397254,0.436,0.384,0.436,True,999,0.00011604197788983583,0.00136674998793751,power_3x3_bal_strong_300,power,True,761,1891496405,-0.050000000000000266,0,0
300,300,0.04453695043256567,0.10194225484348796,0.03773021573653068,0.09236650775206101,-0.057405304410922287,-0.05463629201553033,0.03447459988928667,-1.6651478072342059,-1.584827443711946,0.09588327081195763,0.11300554523187586,0.159,0.08,0.1,True,999,0.00011429097503423691,0.001349290949292481,power_3x3_bal_strong_300,power,True,762,1891496405,-0.050000000000000266,0,0
300,300,0.039913853777070685,0.09511254049596818,0.03310921856814275,0.09138334805047066,-0.055198686718897494,-0.05827412948232791,0.033034791857049085,-1.6709258214114946,-1.764022904533396,0.09473633052632756,0.0777281230202811,0.216,0.103,0.087,True,999,0.00011466699652373791,0.0013675830559805036,power_3x3_bal_strong_300,power,True,763,1891496405,-0.050000000000000266,0,2
300,300,0.05650237971504879,0.04945107272190008,0.04969224933438454,0.04084626347393794,0.007051306993148709,0.008845985860446604,0.02925517849767898,0.2410276523764208,0.3023733340457457,0.8095336847091941,0.7623674802682343,0.85,0.794,0.745,True,999,0.00011725001968443394,0.0012988749658688903,power_3x3_bal_strong_300,power,True,764,1891496405,-0.050000000000000266,0,1
300,300,0.06259949470445436,0.09648415498226359,0.05578246590039271,0.08716258293739543,-0.03388466027780923,-0.03138011703700272,0.03492401130388411,-0.9702396435211529,-0.8985255663776729,0.3319270544262194,0.368905421328513,0.441,0.339,0.377,True,999,0.00011745805386453867,0.0013292500516399741,power_3x3_bal_strong_300,power,True,765,1891496405,-0.050000000000000266,0,0
300,300,0.06441130877915313,0.11450294250973725,0.05760176487513036,0.10510998504494751,-0.05009163373058412,-0.04750822016981715,0.03751930729328401,-1.3350895137541776,-1.2662339365290245,0.1818470511038106,0.20542934094501952,0.283,0.195,0.22,True,999,0.00011387502308934927,0.001326790894381702,power_3x3_bal_strong_300,power,True,766,1891496405,-0.050000000000000266,0,0
300,300,0.08852046630635191,0.08951241495469281,0.08168894397005033,0.08017271606264842,-0.0009919486483409012,0.0015162279074019125,0.03629789295911155,-0.027327995304253627,0.04177178849223827,0.9781981281793547,0.9666806248979695,0.98,0.974,0.964,True,999,0.00011437502689659595,0.0013582499232143164,power_3x3_bal_strong_300,power,True,767,1891496405,-0.050000000000000266,0,0
300,300,0.04410510283727054,0.09460657491929925,0.03729873013639917,0.0825745632959638,-0.05050147208202871,-0.04527583315956463,0.033504915158507134,-1.5072854786562868,-1.3513191406505851,0.1317374981186702,0.1765932232092864,0.233,0.13,0.169,True,999,0.00011387502308934927,0.0013489170232787728,power_3x3_bal_strong_300,power,True,768,1891496405,-0.050000000000000266,0,0
300,300,0.07761080176653534,0.08919564154197412,0.07078523375560053,0.08539544134475818,-0.011584839775438782,-0.014610207589157653,0.03532190245561283,-0.32797893007028256,-0.41363025696358036,0.7429275936250401,0.6791449108652132,0.783,0.731,0.66,True,999,0.00011341599747538567,0.0013584590051323175,power_3x3_bal_strong_300,power,True,769,1891496405,-0.050000000000000266,0,2
300,300,0.04617648728598067,0.125684239927145,0.03937021417982578,0.11475716810750214,-0.07950775264116433,-0.07538695392767636,0.03710715082540196,-2.142653124064075,-2.0316017870083867,0.032140962020494976,0.04219398564982646,0.084,0.037,0.046,True,999,0.00011370808351784945,0.001306750113144517,power_3x3_bal_strong_300,power,True,770,1891496405,-0.050000000000000266,0,0
300,300,0.05128213443485907,0.09086167546081181,0.04447739064318057,0.08250105673160135,-0.039579541025952736,-0.03802366608842078,0.03359678865159958,-1.1780751260602493,-1.1317648982088182,0.23876665741010195,0.25773328883766555,0.319,0.229,0.248,True,999,0.00011320796329528093,0.0013243749272078276,power_3x3_bal_strong_300,power,True,771,1891496405,-0.050000000000000266,0,0
300,300,0.04945976566343435,0.10008885810574436,0.04265245595871647,0.09093933794201803,-0.05062909244231001,-0.048286881983301555,0.03457137713761384,-1.4644800593501754,-1.396730069244629,0.1430628275556423,0.1624947583644919,0.208,0.137,0.155,True,999,0.00011520902626216412,0.0013367090141400695,power_3x3_bal_strong_300,power,True,772,1891496405,-0.050000000000000266,0,0
300,300,0.048819272144413395,0.12886417892112878,0.04200952266313607,0.12162566686652099,-0.08004490677671539,-0.07961614420338492,0.037203271144565245,-2.151555610948167,-2.140030748748164,0.03143237141960121,0.032352281862689986,0.063,0.036,0.037,True,999,0.00011683302000164986,0.0013602080289274454,power_3x3_bal_strong_300,power,True,773,1891496405,-0.050000000000000266,0,1
300,300,0.07617612998987511,0.10949783657642664,0.06935656672078494,0.10416767476708344,-0.033321706586551536,-0.0348111080462985,0.03783218962131447,-0.8807765799465715,-0.9201452095356938,0.378438758254925,0.3574968817724876,0.462,0.379,0.356,True,999,0.00011591706424951553,0.001364666037261486,power_3x3_bal_strong_300,power,True,774,1891496405,-0.050000000000000266,0,2
300,300,0.05329991717854021,0.1285527709237717,0.046489676171063365,0.12050075467877264,-0.0752528537452315,-0.07401107850770927,0.03729666052574412,-2.0176834248548343,-1.9843888826621068,0.04362424216339931,0.047212504415427355,0.099,0.045,0.048,True,999,0.00012154201976954937,0.001333167077973485,power_3x3_bal_strong_300,power,True,775,1891496405,-0.050000000000000266,0,0
300,300,0.07808737262935539,0.09847898248966913,0.0712660803216636,0.0921773401426833,-0.020391609860313742,-0.020911259821019712,0.0375764729757971,-0.5426696080137143,-0.5564987388382245,0.5873573032022834,0.5778699563511209,0.649,0.579,0.571,True,999,0.00011562509462237358,0.0013456250308081508,power_3x3_bal_strong_300,power,True,776,1891496405,-0.050000000000000266,0,1
300,300,0.04761739352408245,0.09986880822187971,0.040805485828855126,0.09109994336492377,-0.05225141469779726,-0.05029445753606865,0.03555662801378554,-1.4695267132062984,-1.4144889531304585,0.14168998173980601,0.1572183886282258,0.24,0.15,0.163,True,999,0.00011537503451108932,0.001340333023108542,power_3x3_bal_strong_300,power,True,777,1891496405,-0.050000000000000266,0,1
300,300,0.034491742197551245,0.08559316111949788,0.02768826296238558,0.07949698705790809,-0.05110141892194664,-0.05180872409552251,0.03143301371761604,-1.6257244494920262,-1.6482264335502543,0.10400828648034917,0.09930621444224669,0.239,0.115,0.11,True,999,0.0001177499070763588,0.0013325000181794167,power_3x3_bal_strong_300,power,True,778,1891496405,-0.050000000000000266,0,1
300,300,0.06526082035381475,0.12201400690090436,0.05844218474999252,0.11413571635138453,-0.05675318654708961,-0.05569353160139201,0.03783873087417655,-1.4998702450092327,-1.4718657395404522,0.1336480169176005,0.1410571369194519,0.22,0.139,0.143,True,999,0.00011658400762826204,0.0013781250454485416,power_3x3_bal_strong_300,power,True,779,1891496405,-0.050000000000000266,0,0
300,300,0.06666935993219436,0.12257469523253617,0.05985481963273287,0.11690593100613,-0.05590533530034181,-0.057051111373397134,0.037248367023219195,-1.5008801665182416,-1.5316406042131638,0.13338655890303677,0.12561114684587468,0.19,0.125,0.12,True,999,0.00012295902706682682,0.001346791977994144,power_3x3_bal_strong_300,power,True,780,1891496405,-0.050000000000000266,0,1
300,300,0.06914744180287213,0.10495295954139938,0.06233459521331497,0.09584055408504355,-0.03580551773852725,-0.03350595887172858,0.037041789959400793,-0.9666249330221746,-0.9045448102927095,0.3337315657748906,0.3657065847556441,0.46,0.345,0.385,True,999,0.00011616596020758152,0.001329874969087541,power_3x3_bal_strong_300,power,True,781,1891496405,-0.050000000000000266,0,0
300,300,0.017637112067863114,0.10438070900385443,0.010841656658897136,0.09822051191713399,-0.08674359693599132,-0.08737885525823685,0.03313471585856453,-2.6179067690290814,-2.637078755442278,0.008847097322356447,0.008362341451860513,0.038,0.011,0.011,True,999,0.00011520797852426767,0.0013365419581532478,power_3x3_bal_strong_300,power,True,782,1891496405,-0.050000000000000266,0,1
300,300,0.0627612077045634,0.07192190824633793,0.05595270326023183,0.06376761072432657,-0.009160700541774536,-0.007814907464094745,0.03277977200561735,-0.27946199687431317,-0.23840640083633077,0.779890298727948,0.8115659033888534,0.831,0.783,0.81,True,999,0.00011441705282777548,0.0013199170352891088,power_3x3_bal_strong_300,power,True,783,1891496405,-0.050000000000000266,0,0
300,300,0.08990617477256757,0.10350053011367288,0.08306950696288595,0.0925250681793841,-0.013594355341105313,-0.009455561216498154,0.03743400875383817,-0.3631552108271456,-0.2525928034765622,0.7164889434561839,0.8005828917208827,0.798,0.747,0.822,True,999,0.00014804198872298002,0.0013606660068035126,power_3x3_bal_strong_300,power,True,784,1891496405,-0.050000000000000266,0,0
300,300,0.05379720655938369,0.11742732756203811,0.04698351165359327,0.10773018257637546,-0.06363012100265442,-0.06074667092278219,0.036647077291971746,-1.736294561656458,-1.6576129779410793,0.08251176433696508,0.0973956084877409,0.149,0.079,0.092,True,999,0.00011787493713200092,0.0013315000105649233,power_3x3_bal_strong_300,power,True,785,1891496405,-0.050000000000000266,0,0
300,300,0.04931358687076659,0.10866952038233446,0.04250179798953013,0.09773240252542337,-0.05935593351156787,-0.055230604535893235,0.03704483431909777,-1.6022728837247906,-1.4909124457177052,0.10909527922925491,0.13598448336905306,0.189,0.12,0.145,True,999,0.0001176249934360385,0.001341917086392641,power_3x3_bal_strong_300,power,True,786,1891496405,-0.050000000000000266,0,0
300,300,0.0697856037980562,0.07813553527080924,0.06297031955637067,0.06742590041223195,-0.008349931472753036,-0.004455580855861285,0.03375402068320087,-0.2473759067437183,-0.13200148502838346,0.8046173184812649,0.8949831171455529,0.825,0.782,0.875,True,999,0.00011075008660554886,0.001284959027543664,power_3x3_bal_strong_300,power,True,787,1891496405,-0.050000000000000266,0,0
300,300,0.06801789017128512,0.12068954056393555,0.06119498266633627,0.11319217904549816,-0.052671650392650426,-0.05199719637916189,0.037963044226421445,-1.3874453818430112,-1.3696793141518662,0.16530599487419861,0.17078702873460072,0.264,0.168,0.174,True,999,0.00010966695845127106,0.0013166250428184867,power_3x3_bal_strong_300,power,True,788,1891496405,-0.050000000000000266,0,1
300,300,0.04259766728626979,0.08015140204193588,0.03579437348906822,0.07483812528373335,-0.03755373475566609,-0.03904375179466513,0.032581157362963444,-1.152621263183094,-1.198353740467428,0.24906587179670936,0.2307793333912509,0.371,0.271,0.248,True,999,0.000110417022369802,0.001337834051810205,power_3x3_bal_strong_300,power,True,789,1891496405,-0.050000000000000266,0,2
300,300,0.05917714773776739,0.10682714559960504,0.05235589142205299,0.09726598387808849,-0.047649997861837656,-0.0449100924560355,0.03586119426640347,-1.3287342721454907,-1.252331200194007,0.18393565369810794,0.21044920448922444,0.308,0.172,0.205,True,999,0.0001140419626608491,0.0014029999729245901,power_3x3_bal_strong_300,power,True,790,1891496405,-0.050000000000000266,0,0
300,300,0.08105620317960627,0.0916058696155253,0.07423975108719105,0.08546131679463542,-0.010549666435919036,-0.01122156570744437,0.03631315482897791,-0.29051913791583867,-0.30902205441234637,0.7714191118804881,0.7573047503490514,0.844,0.791,0.785,True,999,0.00011845910921692848,0.0013339159777387977,power_3x3_bal_strong_300,power,True,791,1891496405,-0.050000000000000266,0,1
300,300,0.060059865023684766,0.0902177981360085,0.053248246673490485,0.08432800933780982,-0.03015793311232373,-0.031079762664319333,0.03391404945708238,-0.8892460085159708,-0.9164273556789558,0.3738708812564975,0.3594427928549132,0.436,0.351,0.338,True,999,0.00011804106179624796,0.0013005419168621302,power_3x3_bal_strong_300,power,True,792,1891496405,-0.050000000000000266,0,1
300,300,0.04819705434434929,0.07688708704691527,0.041387195778270325,0.06612110249152181,-0.028690032702565982,-0.024733906713251486,0.03279846832072678,-0.8747369670441439,-0.7541177371877775,0.38171704103506954,0.45077852771111226,0.52,0.394,0.472,True,999,0.0001153749180957675,0.0013408750528469682,power_3x3_bal_strong_300,power,True,793,1891496405,-0.050000000000000266,0,0
300,300,0.059606952488080234,0.10669527093782405,0.052787582675478006,0.09931714705210481,-0.047088318449743816,-0.04652956437662681,0.03772117248967788,-1.2483259491106535,-1.2335132050669761,0.21191171505216455,0.217384353116977,0.35,0.249,0.258,True,999,0.00011362507939338684,0.0013346660416573286,power_3x3_bal_strong_300,power,True,794,1891496405,-0.050000000000000266,0,1
300,300,0.07515148347791234,0.11130537211651392,0.06833665919776877,0.10352992859088772,-0.03615388863860158,-0.03519326939311895,0.03705041845932168,-0.9758024373812563,-0.9498750852641051,0.3291623766791205,0.34217572782287475,0.432,0.318,0.331,True,999,0.00011487503070384264,0.0013645420549437404,power_3x3_bal_strong_300,power,True,795,1891496405,-0.050000000000000266,0,0
300,300,0.03667974713292277,0.08739873443252172,0.02987723216131144,0.0779577578906725,-0.05071898729959895,-0.04808052572936106,0.03195208858373971,-1.5873449764222811,-1.5047694176032373,0.11243453397006442,0.13238336894725317,0.236,0.107,0.13,True,999,0.00011270807590335608,0.0013453330611810088,power_3x3_bal_strong_300,power,True,796,1891496405,-0.050000000000000266,0,0
300,300,0.0633476207580903,0.21954799981444667,0.05653737378031565,0.20956553641258324,-0.15620037905635636,-0.1530281626322676,0.043214823543746325,-3.6145092412152247,-3.541103493743468,0.0003009170832457616,0.0003984572510607956,0.001,0.001,0.001,True,999,0.00011254101991653442,0.0013393330154940486,power_3x3_bal_strong_300,power,True,797,1891496405,-0.050000000000000266,0,0
300,300,0.04405544464337274,0.11006459981586969,0.037251474122570016,0.09802114869485479,-0.06600915517249695,-0.06076967457228477,0.03506055988603143,-1.8827182277484347,-1.7332773569453517,0.05973856387560115,0.0830463833332309,0.121,0.066,0.091,True,999,0.00011191598605364561,0.0013269999762997031,power_3x3_bal_strong_300,power,True,798,1891496405,-0.050000000000000266,0,0
300,300,0.07299735560064691,0.0748460136610164,0.06618111301787621,0.0677205613632168,-0.0018486580603694902,-0.0015394483453405883,0.03369935950293208,-0.05485736487687975,-0.045681828024258006,0.9562520986002476,0.9635638478230487,0.975,0.954,0.968,True,999,0.0001158339437097311,0.001342209056019783,power_3x3_bal_strong_300,power,True,799,1891496405,-0.050000000000000266,0,1
300,300,0.04289581729671488,0.16933709737854874,0.03609056785199982,0.16384212242823537,-0.12644128008183386,-0.12775155457623555,0.03772674937691078,-3.3515021084540466,-3.386232757556924,0.0008037442692662559,0.0007085925511935577,0.007,0.001,0.001,True,999,0.00011224998161196709,0.001326250028796494,power_3x3_bal_strong_300,power,True,800,1891496405,-0.050000000000000266,0,2
300,300,0.034593709543952134,0.03195798915990322,0.02779294698200374,0.023052948679776364,0.002635720384048912,0.004739998302227377,0.023999508076507456,0.1098239337092478,0.19750397746140672,0.9125490095001956,0.8434331691798282,0.941,0.907,0.83,True,999,0.00011433300096541643,0.0013330829096958041,power_3x3_bal_strong_300,power,True,801,1891496405,-0.050000000000000266,0,1
300,300,0.03484854271896465,0.09141197580876587,0.028046755783918798,0.08374780873414522,-0.05656343308980122,-0.055701052950226426,0.03142067662142448,-1.8001978051367904,-1.772751542601923,0.07182941029200168,0.07626988617497225,0.201,0.083,0.09,True,999,0.0001206250162795186,0.0013509170385077596,power_3x3_bal_strong_300,power,True,802,1891496405,-0.050000000000000266,0,1
300,300,0.08293690538968512,0.06089402241044506,0.07612190667884988,0.05170925432224749,0.022042882979240064,0.024412652356602393,0.03321572198350462,0.6636279949051493,0.7349728050086055,0.5069284351184717,0.4623560565857884,0.656,0.517,0.475,True,999,0.00011304207146167755,0.001351832994259894,power_3x3_bal_strong_300,power,True,803,1891496405,-0.050000000000000266,0,0
300,300,0.05974960109997163,0.06810986771097666,0.05293874527637854,0.06185888409871154,-0.00836026661100503,-0.008920138822333001,0.030157017546275484,-0.27722458290765417,-0.2957898210141366,0.7816076646583908,0.7673905970112658,0.849,0.777,0.765,True,999,0.00011429202277213335,0.0013032500864937901,power_3x3_bal_strong_300,power,True,804,1891496405,-0.050000000000000266,0,1
300,300,0.03656879980136596,0.1545917909974348,0.02976903220155691,0.14710130830215462,-0.11802299119606885,-0.11733227610059771,0.03588061958414934,-3.2893242247189844,-3.2700738577109334,0.0010042826331732558,0.0010751940742886941,0.009,0.004,0.004,True,999,0.00010933296289294958,0.0013159170048311353,power_3x3_bal_strong_300,power,True,805,1891496405,-0.050000000000000266,0,1
300,300,0.0793997034884395,0.05546457339429156,0.07257881257521603,0.04751370398692245,0.02393513009414794,0.025065108588293583,0.031114454817459874,0.7692607900273009,0.8055776241410567,0.44173850906339707,0.42048643177657374,0.569,0.417,0.391,True,999,0.00011387502308934927,0.0013263330329209566,power_3x3_bal_strong_300,power,True,806,1891496405,-0.050000000000000266,0,0
300,300,0.02247595469474195,0.09942376863321101,0.015679049328355177,0.08889290231012126,-0.07694781393846906,-0.07321385298176608,0.03190595001425366,-2.4117073431160456,-2.2946771040843017,0.015878020811903676,0.021751635880785724,0.067,0.016,0.021,True,999,0.0001163750421255827,0.0013759579742327332,power_3x3_bal_strong_300,power,True,807,1891496405,-0.050000000000000266,0,0
300,300,0.05067117948648647,0.11789979941348355,0.04386292070705622,0.11048080174261088,-0.06722861992699708,-0.06661788103555466,0.037150348594503585,-1.8096363148781756,-1.793196660486002,0.07035220448910272,0.07294148389339104,0.119,0.068,0.068,True,999,0.00011633394751697779,0.0013850840041413903,power_3x3_bal_strong_300,power,True,808,1891496405,-0.050000000000000266,0,1
300,300,0.05116748772929314,0.1355778308153196,0.04435826770219364,0.12489376212286629,-0.08441034308602646,-0.08053549442067265,0.03686110986998762,-2.2899566340717676,-2.1848363954511525,0.022023830667075174,0.028900844436474844,0.053,0.024,0.031,True,999,0.00012391596101224422,0.0013249169569462538,power_3x3_bal_strong_300,power,True,809,1891496405,-0.050000000000000266,0,0
300,300,0.05248674621712035,0.12416317486314077,0.045665575355826604,0.11689137727358911,-0.07167642864602042,-0.07122580191776251,0.03593539619295869,-1.9945913010433136,-1.9820513884223918,0.04608747312142915,0.0474734894479391,0.091,0.049,0.049,True,999,0.00011904200073331594,0.0013535830657929182,power_3x3_bal_strong_300,power,True,810,1891496405,-0.050000000000000266,0,1
300,300,0.026136592611104792,0.08886169105595743,0.019335239337010535,0.07977685777362353,-0.06272509844485263,-0.060441618436613,0.029421768996867555,-2.131928180509159,-2.0543162596051934,0.03301275114258463,0.0399450920389576,0.118,0.023,0.03,True,999,0.00012308394070714712,0.0013109169667586684,power_3x3_bal_strong_300,power,True,811,1891496405,-0.050000000000000266,0,0
300,300,0.05633342037842093,0.10374518580680236,0.04952032061555656,0.09444929789459877,-0.047411765428381436,-0.044928977279042215,0.035816563367802624,-1.3237385435756894,-1.2544189909473897,0.18558989287791583,0.2096897534040063,0.306,0.183,0.204,True,999,0.0001216670498251915,0.001331915962509811,power_3x3_bal_strong_300,power,True,812,1891496405,-0.050000000000000266,0,0
300,300,0.040465060238798145,0.10431537344067526,0.03366191693584142,0.10049944766021213,-0.06385031320187712,-0.06683753072437071,0.03417146809135528,-1.8685270715082332,-1.9559455433897295,0.0616886403402227,0.05047156948337304,0.142,0.069,0.054,True,999,0.00015191594138741493,0.0013648329768329859,power_3x3_bal_strong_300,power,True,813,1891496405,-0.050000000000000266,0,2
300,300,0.054575554873609766,0.09198679571973334,0.047766249048947884,0.0857829781655397,-0.03741124084612357,-0.03801672911659182,0.035558942595780504,-1.052090926082905,-1.0691186616191157,0.29275783484152995,0.28501620369137415,0.385,0.305,0.297,True,999,0.00011758296750485897,0.00135891605168581,power_3x3_bal_strong_300,power,True,814,1891496405,-0.050000000000000266,0,1
300,300,0.10266139807940644,0.10963225655969666,0.09582627234829033,0.09886418665027463,-0.006970858480290221,-0.0030379143019843013,0.03831340477524967,-0.18194306982587388,-0.07929115983831286,0.8556274037275268,0.9368010375912498,0.874,0.853,0.943,True,999,0.00012245809193700552,0.00128437508828938,power_3x3_bal_strong_300,power,True,815,1891496405,-0.050000000000000266,0,0
300,300,0.05073895276281504,0.1120557603947166,0.04393273316992463,0.09992758961958259,-0.06131680763190156,-0.05599485644965796,0.03637627945322646,-1.6856261430129011,-1.5393233527815169,0.09186783054355592,0.12372537556852627,0.163,0.078,0.111,True,999,0.00011633301619440317,0.0013243330176919699,power_3x3_bal_strong_300,power,True,816,1891496405,-0.050000000000000266,0,0
300,300,0.05991577908550383,0.09763408558050629,0.053098692413186654,0.08981245452702069,-0.03771830649500246,-0.036713762113834036,0.03442960343804657,-1.0955196321930825,-1.0663428691503123,0.2732890494192831,0.28626867729576455,0.384,0.263,0.275,True,999,0.0001157920341938734,0.0013194169150665402,power_3x3_bal_strong_300,power,True,817,1891496405,-0.050000000000000266,0,0
300,300,0.051749999303959404,0.08749593682856427,0.044938817506874784,0.07922645120574145,-0.035745937524604865,-0.03428763369886667,0.033312150891866565,-1.0730600266743067,-1.0292830928319996,0.2832441845130692,0.30334666578946146,0.393,0.28,0.296,True,999,0.00011554104276001453,0.0013602080289274454,power_3x3_bal_strong_300,power,True,818,1891496405,-0.050000000000000266,0,0
300,300,0.04484134655500349,0.07086920119121554,0.03803829838761885,0.06533557776724308,-0.026027854636212044,-0.02729727937962423,0.03116295818743688,-0.8352177119919567,-0.8759527646713889,0.4035951388722937,0.38105571303179564,0.577,0.433,0.4,True,999,0.00011420901864767075,0.0013720840215682983,power_3x3_bal_strong_300,power,True,819,1891496405,-0.050000000000000266,0,2
300,300,0.018842951472018088,0.06536276692088377,0.01204754839176303,0.05766093100841374,-0.04651981544886569,-0.04561338261665071,0.026524448178312413,-1.753846682733343,-1.7196731977235353,0.07945678153117115,0.08549186242354762,0.216,0.09,0.093,True,999,0.00011383299715816975,0.0013572500320151448,power_3x3_bal_strong_300,power,True,820,1891496405,-0.050000000000000266,0,0
300,300,0.0746730547627803,0.0834503734754114,0.06785299206916307,0.07374286386328777,-0.0087773187126311,-0.005889871794124701,0.03490971880754265,-0.2514290865824636,-0.16871725110693606,0.8014823819734995,0.8660190488861428,0.843,0.804,0.863,True,999,0.00011470797471702099,0.0013268750626593828,power_3x3_bal_strong_300,power,True,821,1891496405,-0.050000000000000266,0,0
300,300,0.04504718100704075,0.08152732801097173,0.03823874253470194,0.07215491018121156,-0.036480147003930985,-0.03391616764650962,0.03183589147295469,-1.1458811208387771,-1.0653437386957476,0.25184434382758214,0.28672040656297304,0.391,0.242,0.272,True,999,0.0001247910549864173,0.0013362080790102482,power_3x3_bal_strong_300,power,True,822,1891496405,-0.050000000000000266,0,0
300,300,0.06709342154139342,0.08726405024515715,0.06027212571655127,0.07639328919256627,-0.020170628703763738,-0.016121163476015,0.03487688080277661,-0.5783380921540988,-0.46223065552156734,0.5630358815792844,0.6439159217844076,0.668,0.578,0.65,True,999,0.0001165829598903656,0.0013532920274883509,power_3x3_bal_strong_300,power,True,823,1891496405,-0.050000000000000266,0,0
300,300,0.06352366010769028,0.08146994395892304,0.05670788684562922,0.07373969046025763,-0.01794628385123276,-0.017031803614628416,0.03249070559190181,-0.5523513116842191,-0.524205409034685,0.5807076816374743,0.6001356791523134,0.688,0.579,0.594,True,999,0.000118291936814785,0.0013777919812127948,power_3x3_bal_strong_300,power,True,824,1891496405,-0.050000000000000266,0,0
300,300,0.06279818163442807,0.07905937011057468,0.05598266490522974,0.06886684108749819,-0.016261188476146604,-0.012884176182268448,0.03353080386254781,-0.4849626791772063,-0.38424895016189614,0.6277028193417651,0.7007939408380099,0.712,0.625,0.698,True,999,0.00012066599447280169,0.0013326250482350588,power_3x3_bal_strong_300,power,True,825,1891496405,-0.050000000000000266,0,1
300,300,0.03854568838364858,0.21076970166257925,0.031742683264099014,0.2020978827016222,-0.17222401327893067,-0.1703551994375232,0.03890941094016131,-4.426281691691338,-4.37825182446252,9.587131247506225e-06,1.1963506948011985e-05,0.001,0.001,0.001,True,999,0.00012858293484896421,0.0013144160620868206,power_3x3_bal_strong_300,power,True,826,1891496405,-0.050000000000000266,0,1
300,300,0.0579124750333293,0.12532980076321681,0.05108670256265668,0.11796560305842263,-0.06741732572988751,-0.06687890049576595,0.037374649037575765,-1.8038249847405232,-1.7894188231313468,0.07125874777174114,0.07354739012719716,0.126,0.081,0.083,True,999,0.00011408398859202862,0.0013310839422047138,power_3x3_bal_strong_300,power,True,827,1891496405,-0.050000000000000266,0,1
300,300,0.0747697091668007,0.07744274224029057,0.06795535421304066,0.06813746904529694,-0.002673033073489872,-0.0001821148322562749,0.03408684597109257,-0.07841831643082331,-0.005342671845048903,0.9374953039907704,0.9957371849011425,0.965,0.946,0.996,True,999,0.00011329189874231815,0.0013299580896273255,power_3x3_bal_strong_300,power,True,828,1891496405,-0.050000000000000266,0,0
300,300,0.03392095928299921,0.0727391204142041,0.027120309604697468,0.06512157173261812,-0.0388181611312049,-0.038001262127920654,0.02894773010207587,-1.3409742661798967,-1.3127544713841155,0.17992880786081167,0.18926569608962673,0.359,0.175,0.183,True,999,0.00011399993672966957,0.001339999958872795,power_3x3_bal_strong_300,power,True,829,1891496405,-0.050000000000000266,0,0
300,300,0.07047856686429466,0.1335852783700353,0.06366715257451006,0.12601783995262394,-0.06310671150574065,-0.06235068737811389,0.03829479027503068,-1.647918974161038,-1.628176755384096,0.09936929924183065,0.10348741206359456,0.169,0.107,0.109,True,999,0.00011625001206994057,0.0013733339728787541,power_3x3_bal_strong_300,power,True,830,1891496405,-0.050000000000000266,0,0
300,300,0.04119307090539959,0.14912772282700437,0.03438446090177649,0.1381996581605165,-0.10793465192160479,-0.10381519725874,0.03899528595368855,-2.7678897405647898,-2.6622499289281443,0.005642054005420067,0.007762022123729663,0.018,0.007,0.009,True,999,0.00012087507639080286,0.0013527920236811042,power_3x3_bal_strong_300,power,True,831,1891496405,-0.050000000000000266,0,0
300,300,0.06152692241475166,0.03896366171470539,0.05471016895222647,0.029658970749409264,0.022563260700046273,0.025051198202817204,0.027163590456430308,0.8306435313195123,0.9222344241641647,0.40617503532841204,0.3564063106768446,0.578,0.408,0.362,True,999,0.00011479097884148359,0.0013215829385444522,power_3x3_bal_strong_300,power,True,832,1891496405,-0.050000000000000266,0,0
300,300,0.04616361122167634,0.0846260165884763,0.03935908472993788,0.07868040337002924,-0.03846240536679996,-0.03932131864009136,0.03360495252959289,-1.1445457431588257,-1.170104870865822,0.25239737878034296,0.24195876855424792,0.369,0.266,0.258,True,999,0.00011387502308934927,0.001323582953773439,power_3x3_bal_strong_300,power,True,833,1891496405,-0.050000000000000266,0,1
300,300,0.058926916362391335,0.07159361831448446,0.05211744666422646,0.0622216949610106,-0.012666701952093129,-0.010104248296784135,0.0323935630571547,-0.3910252765262098,-0.31192148510975337,0.6957785523847613,0.7551001937993798,0.796,0.709,0.771,True,999,0.00011250004172325134,0.0013190419413149357,power_3x3_bal_strong_300,power,True,834,1891496405,-0.050000000000000266,0,0
300,300,0.03539036104963511,0.13704369042418202,0.028589461547767314,0.12753905939156596,-0.10165332937454691,-0.09894959784379864,0.035891986492593106,-2.832201260176132,-2.756871589267384,0.004622874118698672,0.005835726396955671,0.018,0.005,0.008,True,999,0.00011350004933774471,0.0013395830756053329,power_3x3_bal_strong_300,power,True,835,1891496405,-0.050000000000000266,0,0
300,300,0.029669196817565524,0.1328643101765905,0.022872051279932748,0.12374818446286895,-0.10319511335902498,-0.1008761331829362,0.03487890981853944,-2.9586679714448225,-2.892181369995595,0.0030897180450277736,0.0038257702183362996,0.019,0.007,0.007,True,999,0.00011370901484042406,0.0013481669593602419,power_3x3_bal_strong_300,power,True,836,1891496405,-0.050000000000000266,0,0
300,300,0.05413977821228588,0.10143968812123344,0.04732727692288563,0.09418502304399112,-0.04729990990894756,-0.04685774612110549,0.03280180719420996,-1.4419909741222043,-1.4285111135393975,0.14930491988031866,0.15314479811239398,0.254,0.133,0.137,True,999,0.000116499955765903,0.0013564589899033308,power_3x3_bal_strong_300,power,True,837,1891496405,-0.050000000000000266,0,1
300,300,0.04640533168107508,0.13424042995044638,0.03960218017317629,0.12341580984710276,-0.0878350982693713,-0.08381362967392647,0.037528876741038594,-2.3404670189161783,-2.2333103719641723,0.019259639404597156,0.025528484015042915,0.041,0.016,0.023,True,999,0.00012158299796283245,0.0013115829788148403,power_3x3_bal_strong_300,power,True,838,1891496405,-0.050000000000000266,0,0
300,300,0.0695850370722757,0.0798742215477749,0.06276931350100767,0.07611893912709888,-0.010289184475499202,-0.01334962562609121,0.03441131110983338,-0.2990058833462746,-0.38794295234732923,0.7649355565401675,0.698058251095433,0.831,0.776,0.702,True,999,0.00011795794125646353,0.00132379203569144,power_3x3_bal_strong_300,power,True,839,1891496405,-0.050000000000000266,0,2
300,300,0.06221220708850028,0.11576466566453825,0.055393667937096325,0.10651850908189431,-0.053552458576037965,-0.05112484114479798,0.035770265293119205,-1.4971222085495506,-1.4292552969863603,0.13436146201765076,0.1529308694433592,0.198,0.135,0.15,True,999,0.00011754198931157589,0.0013373749097809196,power_3x3_bal_strong_300,power,True,840,1891496405,-0.050000000000000266,0,0
300,300,0.04253899789965998,0.11734132223077476,0.03573707829377781,0.11179646990717629,-0.07480232433111478,-0.07605939161339847,0.03435597317652528,-2.17727275390428,-2.2138622364907503,0.029460222806301475,0.02683825720278254,0.094,0.042,0.04,True,999,0.00011899997480213642,0.0013640840770676732,power_3x3_bal_strong_300,power,True,841,1891496405,-0.050000000000000266,0,1
300,300,0.06731477613026837,0.13400955155137778,0.06050354958586013,0.12793112479943147,-0.06669477542110941,-0.06742757521357134,0.03873722182475993,-1.721723249096807,-1.7406404496068741,0.085119663692585,0.0817466226847685,0.15,0.083,0.079,True,999,0.00011745793744921684,0.0013963329838588834,power_3x3_bal_strong_300,power,True,842,1891496405,-0.050000000000000266,0,1
300,300,0.05625550536559132,0.08517715335770604,0.049447225428480124,0.0744771842452252,-0.02892164799211472,-0.02502995881674508,0.03356282746807669,-0.8617166721017043,-0.7457643084615664,0.38884344883669275,0.4558098039969476,0.508,0.382,0.436,True,999,0.0001164580462500453,0.0013140829978510737,power_3x3_bal_strong_300,power,True,843,1891496405,-0.050000000000000266,0,0
300,300,0.054043222197893925,0.11328748825116153,0.04723227900052507,0.1077422111640658,-0.0592442660532676,-0.060509932163540725,0.03615775433164526,-1.6384940698990542,-1.6734980720465387,0.10131867008932904,0.09422928577160213,0.196,0.099,0.097,True,999,0.00011037499643862247,0.00136058300267905,power_3x3_bal_strong_300,power,True,844,1891496405,-0.050000000000000266,0,2
300,300,0.03938917780592299,0.08533090860725051,0.03258299219891114,0.07783782075576084,-0.04594173080132752,-0.0452548285568497,0.03314212864732913,-1.3862033815088064,-1.3654774271868237,0.1656848092477191,0.17210304302183088,0.312,0.168,0.179,True,999,0.00011987506877630949,0.001329874969087541,power_3x3_bal_strong_300,power,True,845,1891496405,-0.050000000000000266,0,1
300,300,0.10402086184093151,0.1184682984776223,0.0971898241327267,0.10883257301107108,-0.014447436636690791,-0.011642748878344378,0.04195522316280763,-0.3443537072995031,-0.2775041580201965,0.7305802985364693,0.7813930135104097,0.771,0.736,0.782,True,999,0.00011991709470748901,0.001332291983999312,power_3x3_bal_strong_300,power,True,846,1891496405,-0.050000000000000266,0,0
300,300,0.035548771829232884,0.09467367883805433,0.028743416929444265,0.0870918338837754,-0.05912490700882145,-0.05834841695433113,0.03347605514918336,-1.766185016285104,-1.7429896292829632,0.07736481400648469,0.08133542636200035,0.156,0.081,0.084,True,999,0.00012216705363243818,0.001334875007160008,power_3x3_bal_strong_300,power,True,847,1891496405,-0.050000000000000266,0,1
300,300,0.04578561857361474,0.13581359181569752,0.03898005869189092,0.12613699346321994,-0.09002797324208278,-0.08715693477132902,0.03813282975380649,-2.360904601712545,-2.285614137058078,0.01823041962444694,0.022276842383915554,0.032,0.018,0.022,True,999,0.00011883396655321121,0.0013664589496329427,power_3x3_bal_strong_300,power,True,848,1891496405,-0.050000000000000266,0,0
300,300,0.07002145478234811,0.07366688093842827,0.06319894931107228,0.06355931527296832,-0.003645426156080156,-0.0003603659618960364,0.03295136408664544,-0.11063050823918935,-0.010936298750742337,0.9119093539009491,0.9912742700115115,0.944,0.916,0.992,True,999,0.00012016692198812962,0.001307792030274868,power_3x3_bal_strong_300,power,True,849,1891496405,-0.050000000000000266,0,1
300,300,0.061337210119147834,0.09765775437122981,0.05452577841612083,0.0869736982705831,-0.03632054425208198,-0.03244791985446227,0.03571039346657234,-1.0170860840858778,-0.9086407822651409,0.30911247969350797,0.3635397719845417,0.408,0.307,0.351,True,999,0.00011583301238715649,0.0013294159434735775,power_3x3_bal_strong_300,power,True,850,1891496405,-0.050000000000000266,0,0
300,300,0.051400350295748964,0.11013002589748222,0.04459452000622832,0.09800585060902733,-0.058729675601733256,-0.05341133060279901,0.03544593511572704,-1.6568804126619143,-1.5068393718043256,0.09754365519848394,0.13185183493057287,0.203,0.102,0.134,True,999,0.0001240839483216405,0.001290417043492198,power_3x3_bal_strong_300,power,True,851,1891496405,-0.050000000000000266,0,0
300,300,0.09528010470182813,0.1544804076689531,0.08844052375644651,0.14511905416850368,-0.059200302967124974,-0.05667853041205717,0.04260796706189046,-1.3894186240130446,-1.330233154042023,0.16470549026024117,0.18344146374964532,0.213,0.174,0.196,True,999,0.00012029102072119713,0.001319417031481862,power_3x3_bal_strong_300,power,True,852,1891496405,-0.050000000000000266,0,0
300,300,0.0733244492243128,0.08734941221387404,0.06650038333879138,0.07852118238386652,-0.01402496298956124,-0.012020799045075137,0.03509228281419019,-0.3996594654107255,-0.3425482208930082,0.6894073512996226,0.731938361343808,0.702,0.662,0.699,True,999,0.00012145796790719032,0.0013355000410228968,power_3x3_bal_strong_300,power,True,853,1891496405,-0.050000000000000266,0,1
300,300,0.07618571025770193,0.09761148542653142,0.06936827160103576,0.08964720510564916,-0.021425775168829486,-0.020278933504613406,0.035455647499040725,-0.604297951952765,-0.5719521411973104,0.5456455677367196,0.5673543982157105,0.601,0.527,0.546,True,999,0.00011987495236098766,0.001345125027000904,power_3x3_bal_strong_300,power,True,854,1891496405,-0.050000000000000266,0,0
300,300,0.07271500350409044,0.12798124300758384,0.06589030603765877,0.12246514627088345,-0.05526623950349341,-0.05657484023322468,0.039590023610928095,-1.3959637924600323,-1.4290175926444317,0.1627253987528161,0.1529991770274642,0.223,0.163,0.157,True,999,0.00011475000064820051,0.001297959010116756,power_3x3_bal_strong_300,power,True,855,1891496405,-0.050000000000000266,0,2
300,300,0.048242508111394855,0.13224680088493135,0.04143880998333316,0.12291744141586491,-0.08400429277353649,-0.08147863143253176,0.03702252046937658,-2.2690052354220773,-2.200785640727171,0.023268007495758716,0.027751202606411066,0.056,0.017,0.025,True,999,0.00011112506035715342,0.001314750057645142,power_3x3_bal_strong_300,power,True,856,1891496405,-0.050000000000000266,0,0
300,300,0.05317003476031523,0.10790404716908775,0.04635876676383077,0.09857700896236565,-0.054734012408772514,-0.05221824219853488,0.03592684850599629,-1.523484933548715,-1.4534601383090842,0.12763742726980112,0.14609603954918082,0.235,0.137,0.166,True,999,0.00011504197027534246,0.0013310830108821392,power_3x3_bal_strong_300,power,True,857,1891496405,-0.050000000000000266,0,0
300,300,0.07191404259597589,0.11999036056146944,0.06509079163890874,0.11411194301916794,-0.048076317965493554,-0.0490211513802592,0.03881247746232967,-1.2386820195169224,-1.263025567688581,0.21546328002811777,0.2065799913568782,0.311,0.227,0.21,True,999,0.00011537503451108932,0.0013265410671010613,power_3x3_bal_strong_300,power,True,858,1891496405,-0.050000000000000266,0,1
300,300,0.06950469963895523,0.07957694631354428,0.06268888823603902,0.07373179095455384,-0.010072246674589058,-0.011042902718514824,0.03395210580640944,-0.29666044079915743,-0.32524941991757567,0.7667257617323835,0.7449923084596255,0.813,0.774,0.759,True,999,0.0001157920341938734,0.0013273339718580246,power_3x3_bal_strong_300,power,True,859,1891496405,-0.050000000000000266,0,1
300,300,0.05448634177891831,0.11720322101676683,0.04767952541385512,0.10876589637850032,-0.06271687923784852,-0.0610863709646452,0.03716206401633738,-1.687658662077451,-1.643783050849654,0.09147677136939723,0.10022102360911275,0.193,0.104,0.114,True,999,0.0001480410574004054,0.0013048750115558505,power_3x3_bal_strong_300,power,True,860,1891496405,-0.050000000000000266,0,0
300,300,0.038850080582302216,0.13679208259977238,0.032043346754107915,0.12572411282077667,-0.09794200201747016,-0.09368076606666875,0.03707654991702141,-2.64161585251777,-2.526685095466798,0.008251158245891342,0.011514469528495355,0.022,0.006,0.008,True,999,0.00011633406393229961,0.001305249985307455,power_3x3_bal_strong_300,power,True,861,1891496405,-0.050000000000000266,0,0
300,300,0.08036283857585413,0.1260246372162785,0.07353591078913269,0.11503835139404828,-0.045661798640424356,-0.04150244060491559,0.03992488660546519,-1.143692631907785,-1.0395130489671687,0.252751130128973,0.29856619248132954,0.295,0.235,0.285,True,999,0.00011800008360296488,0.0013185420539230108,power_3x3_bal_strong_300,power,True,862,1891496405,-0.050000000000000266,0,0
300,300,0.04680516704529092,0.12842691088007874,0.03999750090127918,0.11771553838228499,-0.08162174383478782,-0.07771803748100581,0.03639473305320407,-2.2426801074613767,-2.1354199072539637,0.02491745031669424,0.032726726019065025,0.062,0.021,0.027,True,999,0.00011558295227587223,0.0013343750033527613,power_3x3_bal_strong_300,power,True,863,1891496405,-0.050000000000000266,0,0
300,300,0.06119731096489178,0.12495551929621018,0.05438683367151498,0.11761105328130839,-0.0637582083313184,-0.06322421960979341,0.03784071664721751,-1.684910170325927,-1.6707986848986482,0.09200590406760813,0.09476144840091172,0.158,0.085,0.086,True,999,0.00011495896615087986,0.001319583971053362,power_3x3_bal_strong_300,power,True,864,1891496405,-0.050000000000000266,0,1
300,300,0.08451293125715131,0.08594774042908337,0.07768956112840897,0.07816658845047186,-0.001434809171932061,-0.0004770273220628951,0.035825835688908854,-0.040049566028023086,-0.013315176405238069,0.9680536099907509,0.9893763402412068,0.981,0.976,0.994,True,999,0.00011395791079849005,0.001359167043119669,power_3x3_bal_strong_300,power,True,865,1891496405,-0.050000000000000266,0,0
300,300,0.07378940360018049,0.11383318267424553,0.0669718041373244,0.10667510296394767,-0.04004377907406503,-0.03970329882662327,0.03797054374289686,-1.0546011493858582,-1.0456341920057586,0.29160777790288384,0.2957299566652932,0.409,0.316,0.322,True,999,0.00011637492571026087,0.0013479579938575625,power_3x3_bal_strong_300,power,True,866,1891496405,-0.050000000000000266,0,1
300,300,0.0609616360939782,0.08865583399001181,0.05414576306873187,0.0789230568561834,-0.027694197896033612,-0.024777293787451526,0.034799019771227686,-0.79583270098118,-0.7120112563612421,0.42612928199951106,0.47645780566686036,0.544,0.425,0.475,True,999,0.00012099999003112316,0.0013050420675426722,power_3x3_bal_strong_300,power,True,867,1891496405,-0.050000000000000266,0,0
300,300,0.032025308862335455,0.07996217917222453,0.025224157891727828,0.06928834327163713,-0.04793687030988908,-0.044064185379909304,0.031645370586440465,-1.51481462917136,-1.3924370156938564,0.12981935466358607,0.16379010198971877,0.248,0.116,0.147,True,999,0.00010991701856255531,0.00130845804233104,power_3x3_bal_strong_300,power,True,868,1891496405,-0.050000000000000266,0,0
300,300,0.06000902577698963,0.07790627012034168,0.05319975956979306,0.06861705289924203,-0.017897244343352048,-0.015417293329448967,0.03341368490202271,-0.5356261781910989,-0.46140655766211747,0.592216932690731,0.6445069475994472,0.664,0.575,0.618,True,999,0.00011545803863555193,0.0013274580705910921,power_3x3_bal_strong_300,power,True,869,1891496405,-0.050000000000000266,0,0
300,300,0.09087686100442793,0.11466190276977567,0.08404895079667085,0.10498225244609216,-0.023785041765347736,-0.02093330164942131,0.03923416932957232,-0.6062328366264155,-0.5335477214664276,0.5443601507432094,0.5936544859951915,0.617,0.562,0.611,True,999,0.00011787493713200092,0.0013335420517250896,power_3x3_bal_strong_300,power,True,870,1891496405,-0.050000000000000266,0,0
300,300,0.05583650010425112,0.1012869340642144,0.04900176380078847,0.09242390889944829,-0.04545043395996329,-0.043422145098659826,0.036458262906480084,-1.2466428824804194,-1.191009709103337,0.2125284706383006,0.2336497733673084,0.315,0.226,0.238,True,999,0.00011595804244279861,0.0013456669403240085,power_3x3_bal_strong_300,power,True,871,1891496405,-0.050000000000000266,0,1
300,300,0.09225302531550295,0.11746035986460213,0.085425881761239,0.10689255278904852,-0.02520733454909918,-0.021466671027809525,0.03841925096829117,-0.6561120769872303,-0.558747775835785,0.5117520144234065,0.5763338685779509,0.575,0.502,0.563,True,999,0.0001177910016849637,0.00129725004080683,power_3x3_bal_strong_300,power,True,872,1891496405,-0.050000000000000266,0,0
300,300,0.05865609925256199,0.05976904446103376,0.05184542832120087,0.05011094891341372,-0.0011129452084717717,0.0017344794077871484,0.030848358031804128,-0.03607793994495086,0.0562259879763756,0.9712202122481792,0.9551617784943893,0.984,0.975,0.961,True,999,0.0001152500044554472,0.001363874995149672,power_3x3_bal_strong_300,power,True,873,1891496405,-0.050000000000000266,0,0
300,300,0.021675286483565648,0.10971273380649749,0.014874463489888967,0.10044984795204925,-0.08803744732293184,-0.08557538446216029,0.03275985025776511,-2.687358050486333,-2.6122031629822926,0.007201970619945306,0.008996077642430362,0.037,0.006,0.008,True,999,0.0001236669486388564,0.0012920000590384007,power_3x3_bal_strong_300,power,True,874,1891496405,-0.050000000000000266,0,0
300,300,0.0895338784651929,0.09395989046174191,0.08270182103882462,0.08626583067569982,-0.0044260119965490174,-0.0035640096368751983,0.035864857343550785,-0.1234080468842267,-0.09937331139325103,0.9017839852909801,0.9208418722814063,0.915,0.902,0.915,True,999,0.00012208300177007914,0.0013219999382272363,power_3x3_bal_strong_300,power,True,875,1891496405,-0.050000000000000266,0,0
300,300,0.05280257883953299,0.07604084153907731,0.045992981061374394,0.06535765113815728,-0.02323826269954432,-0.019364670076782886,0.03270559087126784,-0.7105287530505784,-0.5920905129952849,0.4773763070920869,0.5537899794007088,0.617,0.492,0.564,True,999,0.00011783302761614323,0.0013639999087899923,power_3x3_bal_strong_300,power,True,876,1891496405,-0.050000000000000266,0,0
300,300,0.08706051425481665,0.1284364847143366,0.08021668039430097,0.11986754514256859,-0.04137597045951996,-0.03965086474826762,0.03784571686361268,-1.0932801354676278,-1.047697547681823,0.2742708218876927,0.2947779777867261,0.359,0.271,0.29,True,999,0.00011725001968443394,0.0013792080571874976,power_3x3_bal_strong_300,power,True,877,1891496405,-0.050000000000000266,0,1
300,300,0.04562907334677657,0.08463231212495714,0.03882081044974939,0.07670891794487034,-0.03900323877818057,-0.03788810749512095,0.03236388197037231,-1.2051471085541068,-1.1706910663500079,0.22814651655081397,0.241722977446854,0.361,0.23,0.239,True,999,0.00011766597162932158,0.00133816699963063,power_3x3_bal_strong_300,power,True,878,1891496405,-0.050000000000000266,0,0
300,300,0.03660962186085004,0.06693458216131642,0.02980775859248297,0.05911013380237762,-0.030324960300466386,-0.02930237520989465,0.028932712187904084,-1.0481202074496272,-1.0127766460188654,0.29458322720647545,0.3111668581531759,0.468,0.299,0.312,True,999,0.00011575000826269388,0.0013281250139698386,power_3x3_bal_strong_300,power,True,879,1891496405,-0.050000000000000266,0,0
300,300,0.06478944882361315,0.15778203030587662,0.05797574455203858,0.14955040607490844,-0.09299258148226347,-0.09157466152286986,0.040699906862276515,-2.284835240457403,-2.249996832492695,0.022322490444363335,0.024449146381963986,0.052,0.023,0.027,True,999,0.00012325006537139416,0.001336375018581748,power_3x3_bal_strong_300,power,True,880,1891496405,-0.050000000000000266,0,0
300,300,0.03171746938310549,0.11030049282436988,0.02491888654469676,0.10100855079839732,-0.07858302344126439,-0.07608966425370056,0.03420612126150561,-2.297338036092944,-2.224445843245292,0.021599493583961647,0.02611846239059243,0.04,0.017,0.022,True,999,0.00011741695925593376,0.0013612089678645134,power_3x3_bal_strong_300,power,True,881,1891496405,-0.050000000000000266,0,0
300,300,0.04119550862004373,0.05435083388447448,0.03438580482918496,0.043848002603596115,-0.01315532526443075,-0.009462197774411152,0.028048781612973084,-0.46901592539571013,-0.33734790712031176,0.6390582528086606,0.7358546493670459,0.762,0.643,0.736,True,999,0.00011787505354732275,0.001362666953355074,power_3x3_bal_strong_300,power,True,882,1891496405,-0.050000000000000266,0,0
300,300,0.038539177662696655,0.15054144227342559,0.03173363606344992,0.13966072307056265,-0.11200226461072893,-0.10792708700711273,0.038524523781499835,-2.9072978356844588,-2.801516447529489,0.003645659066167711,0.0050863048309058925,0.013,0.004,0.005,True,999,0.00011987495236098766,0.0013301250291988254,power_3x3_bal_strong_300,power,True,883,1891496405,-0.050000000000000266,0,0
300,300,0.03203355574844036,0.10315436581070542,0.025231267707283678,0.09702668652678881,-0.07112081006226506,-0.07179541881950513,0.032891676816507565,-2.1622737709307414,-2.1827837850903573,0.030597080213600764,0.029051736332893815,0.115,0.029,0.028,True,999,0.0001194169744849205,0.0013433749554678798,power_3x3_bal_strong_300,power,True,884,1891496405,-0.050000000000000266,0,1
300,300,0.0434325466714367,0.15150724932027937,0.036630144787579866,0.14095002741731832,-0.10807470264884267,-0.10431988262973846,0.03856851914553173,-2.8021481001394224,-2.7047935710496214,0.005076356385572284,0.006834684752008606,0.017,0.01,0.011,True,999,0.00011625001206994057,0.0013228750322014093,power_3x3_bal_strong_300,power,True,885,1891496405,-0.050000000000000266,0,0
300,300,0.08673054774270583,0.08619590583286768,0.07990274224454197,0.07869053696710182,0.0005346419098381516,0.0012122052774401482,0.03708314165294451,0.014417384450373273,0.03268885060454136,0.9884969900457445,0.9739227150696751,0.996,0.994,0.974,True,999,0.00011945795267820358,0.001330957980826497,power_3x3_bal_strong_300,power,True,886,1891496405,-0.050000000000000266,0,1
300,300,0.07929423885823939,0.16367155215222962,0.0724774038909004,0.15274530728790126,-0.08437731329399023,-0.08026790339700085,0.04126650331331974,-2.0446925840395944,-1.9451103668163832,0.04088517521483842,0.05176169646115956,0.078,0.053,0.069,True,999,0.00011729192920029163,0.0013885409571230412,power_3x3_bal_strong_300,power,True,887,1891496405,-0.050000000000000266,0,0
300,300,0.0471625097097339,0.09148339524538274,0.040354388468870184,0.08182565423678057,-0.044320885535648835,-0.04147126576791038,0.03413993814332874,-1.2982122389788087,-1.2147434360836489,0.19421441359657887,0.22446396037926386,0.297,0.188,0.223,True,999,0.00011687492951750755,0.0013634590432047844,power_3x3_bal_strong_300,power,True,888,1891496405,-0.050000000000000266,0,0
300,300,0.04233631350934952,0.11920304886709121,0.03553576573619921,0.11012879593101843,-0.07686673535774169,-0.07459303019481922,0.035848361794809686,-2.1442189129231246,-2.0807932764620554,0.03201535036212938,0.03745283184822688,0.067,0.031,0.036,True,999,0.00011816690675914288,0.0013544170651584864,power_3x3_bal_strong_300,power,True,889,1891496405,-0.050000000000000266,0,0
300,300,0.06214173433066472,0.14395502232974106,0.05532887751667204,0.13661302827992472,-0.08181328799907633,-0.08128415076325268,0.038759644320738085,-2.110785313767771,-2.097133557021888,0.03479076902142251,0.03598175416467087,0.074,0.03,0.03,True,999,0.00011641695164144039,0.0013209170429036021,power_3x3_bal_strong_300,power,True,890,1891496405,-0.050000000000000266,0,1
300,300,0.06352106374756339,0.08937863556232895,0.056705631465945316,0.08373364632620905,-0.025857571814765556,-0.027028014860263738,0.03324418413388119,-0.7778073816049081,-0.8130148344569489,0.43668257562664703,0.41620955302559237,0.533,0.418,0.392,True,999,0.00011512497439980507,0.0013063340447843075,power_3x3_bal_strong_300,power,True,891,1891496405,-0.050000000000000266,0,1
300,300,0.06046019579162909,0.1225851119366026,0.05364892397813037,0.113762582381014,-0.06212491614497351,-0.06011365840288363,0.03825469387778226,-1.6239815261220716,-1.57140607620433,0.10437975135850613,0.1160883555036967,0.152,0.112,0.119,True,999,0.0001152500044554472,0.0013116250047460198,power_3x3_bal_strong_300,power,True,892,1891496405,-0.050000000000000266,0,1
300,300,0.04869245823642521,0.10793234259022322,0.041886624699657204,0.10157641671703743,-0.05923988435379801,-0.05968979201738023,0.036655108534471584,-1.616142653024394,-1.6284167310880044,0.10606347417889607,0.10343655234669023,0.16,0.101,0.1,True,999,0.00011450005695223808,0.0013359170407056808,power_3x3_bal_strong_300,power,True,893,1891496405,-0.050000000000000266,0,1
300,300,0.08952544557308006,0.06875780457794417,0.08269211417842826,0.05926725528171062,0.020767640995135894,0.023424858896717637,0.03386340959396821,0.6132767268312831,0.6917454319452256,0.5396933792421987,0.489097210491808,0.642,0.531,0.482,True,999,0.00013524992391467094,0.0013481670757755637,power_3x3_bal_strong_300,power,True,894,1891496405,-0.050000000000000266,0,0
300,300,0.07009746105801096,0.07008701804997758,0.0632799022272934,0.06372796411336878,1.0443008033378387e-05,-0.00044806188607537933,0.03433165970714036,0.0003041801102090742,-0.013050982384699292,0.9997572993901035,0.9895871182539094,1.0,1.0,0.991,True,999,0.00011945900041610003,0.001330917002633214,power_3x3_bal_strong_300,power,True,895,1891496405,-0.050000000000000266,0,1
300,300,0.06707468662016813,0.15271270341224408,0.06026251403295646,0.14389479966004615,-0.08563801679207594,-0.08363228562708969,0.03998390296355504,-2.1418123405845146,-2.0916488743812662,0.03220858598226163,0.03646993706007342,0.069,0.029,0.035,True,999,0.0001176249934360385,0.0013358339201658964,power_3x3_bal_strong_300,power,True,896,1891496405,-0.050000000000000266,0,1
300,300,0.050741934716719284,0.11277022628087663,0.043933804112498365,0.10338012829365084,-0.062028291564157345,-0.05944632418115248,0.03554245655651845,-1.7451886440522757,-1.6725440484571708,0.08095203729766408,0.09441708949246887,0.157,0.094,0.106,True,999,0.00011641706805676222,0.0012964580673724413,power_3x3_bal_strong_300,power,True,897,1891496405,-0.050000000000000266,0,0
300,300,0.04141468902922618,0.09496654538860122,0.034605508638549054,0.0875706936281091,-0.05355185635937504,-0.052965184989560044,0.03468711805833333,-1.5438542997235134,-1.526941064993883,0.12262363338974913,0.1267756669989058,0.246,0.141,0.145,True,999,0.00011745805386453867,0.0013655000366270542,power_3x3_bal_strong_300,power,True,898,1891496405,-0.050000000000000266,0,1
300,300,0.07490753878418754,0.09748820852074425,0.06809202834602957,0.09155667769967124,-0.022580669736556702,-0.023464649353641676,0.03618008698068118,-0.6241187244412635,-0.6485514909395028,0.5325496178242705,0.516628318675993,0.623,0.547,0.527,True,999,0.00011595909018069506,0.0013646249426528811,power_3x3_bal_strong_300,power,True,899,1891496405,-0.050000000000000266,0,1
300,300,0.07587455949190902,0.09972359486981547,0.06904862720682559,0.09032802066883505,-0.023849035377906447,-0.021279393462009466,0.03666961880944794,-0.6503758738763254,-0.5803003727032696,0.5154494575289249,0.5617120761412739,0.577,0.514,0.552,True,999,0.00011612498201429844,0.0012959579471498728,power_3x3_bal_strong_300,power,True,900,1891496405,-0.050000000000000266,0,0
300,300,0.06083402155208284,0.03877736199314247,0.05402693672994019,0.029375528568010623,0.022056659558940372,0.024651408161929567,0.027625617666827296,0.79841326354943,0.8923387147115576,0.4246307088126894,0.3722114091421532,0.612,0.414,0.364,True,999,0.00010858301538974047,0.0013231249758973718,power_3x3_bal_strong_300,power,True,901,1891496405,-0.050000000000000266,0,0
300,300,0.04996856472165945,0.10408192162478269,0.04315776280037653,0.09460693913561613,-0.054113356903123244,-0.0514491763352396,0.03553697667672142,-1.5227338384857687,-1.4477645862581636,0.12782530846132234,0.14768290007999796,0.2,0.135,0.161,True,999,0.00011491694021970034,0.0013239590916782618,power_3x3_bal_strong_300,power,True,902,1891496405,-0.050000000000000266,0,0
300,300,0.02940556629122071,0.11251722407417264,0.022606530296286564,0.10424709296979984,-0.08311165778295193,-0.08164056267351327,0.03406137822242762,-2.44005563251775,-2.396866096855625,0.014685000228982585,0.016535965388655715,0.061,0.018,0.021,True,999,0.0001159169478341937,0.0013341250596567988,power_3x3_bal_strong_300,power,True,903,1891496405,-0.050000000000000266,0,0
300,300,0.06515912293375559,0.1406235524123982,0.05834351386272374,0.13103546423766943,-0.07546442947864263,-0.07269195037494569,0.039568292820846895,-1.9071944756454982,-1.8371262744155419,0.056495408609757554,0.06619125621102939,0.109,0.058,0.066,True,999,0.00012258300557732582,0.0013663750141859055,power_3x3_bal_strong_300,power,True,904,1891496405,-0.050000000000000266,0,0
300,300,0.04062920396859093,0.09267016415625473,0.033826179910818155,0.08518322432843206,-0.0520409601876638,-0.051357044417613906,0.03322114837715466,-1.5665009408118789,-1.54591418197123,0.1172313884997061,0.12212529500558537,0.243,0.135,0.138,True,999,0.0001366250216960907,0.0013755420222878456,power_3x3_bal_strong_300,power,True,905,1891496405,-0.050000000000000266,0,1
300,300,0.08087068597042646,0.08312676798663676,0.07404817280036013,0.07451389077122883,-0.0022560820162103035,-0.0004657179708686954,0.03693442417783495,-0.06108344901622214,-0.01260931992945978,0.9512927503066266,0.9899394849019476,0.962,0.951,0.994,True,999,0.00011845899280160666,0.0012789589818567038,power_3x3_bal_strong_300,power,True,906,1891496405,-0.050000000000000266,0,1
300,300,0.06351533055913827,0.10375138679568041,0.05669459341271477,0.09493272852692769,-0.04023605623654214,-0.03823813511421292,0.036646013050860335,-1.0979654507217265,-1.0434459830907912,0.27221957595250457,0.2967417861167534,0.363,0.282,0.308,True,999,0.00011666701175272465,0.001327957957983017,power_3x3_bal_strong_300,power,True,907,1891496405,-0.050000000000000266,0,1
300,300,0.05406238529633267,0.12455034513192165,0.047254801955148196,0.11868308643019532,-0.07048795983558898,-0.07142828447504712,0.038371049102684456,-1.8370089294915215,-1.8615150261828513,0.06620857717621034,0.06267148067286417,0.107,0.072,0.068,True,999,0.00011433300096541643,0.0013212499907240272,power_3x3_bal_strong_300,power,True,908,1891496405,-0.050000000000000266,0,1
300,300,0.06587358800705023,0.11529834997548322,0.05904938375005031,0.10761542098126142,-0.049424761968432984,-0.04856603723121111,0.03821114721974988,-1.2934644878415797,-1.2709913406135367,0.1958504587118386,0.20373172926743532,0.297,0.214,0.216,True,999,0.00011475000064820051,0.0013539580395445228,power_3x3_bal_strong_300,power,True,909,1891496405,-0.050000000000000266,0,1
300,300,0.05635803552952434,0.13869825637652744,0.04955142377326638,0.12962263498195625,-0.0823402208470031,-0.08007121120868987,0.039864238276487,-2.0655159713805333,-2.0085975468373123,0.03887420593542345,0.044579831695242156,0.056,0.037,0.04,True,999,0.00014045904390513897,0.0013382090255618095,power_3x3_bal_strong_300,power,True,910,1891496405,-0.050000000000000266,0,1
300,300,0.07066111598818647,0.1455906491591744,0.06383659603454817,0.13984737531873748,-0.07492953317098794,-0.07601077928418931,0.03783413139645713,-1.9804745187834416,-2.009053108360963,0.04765023381316838,0.04453150182257649,0.092,0.047,0.042,True,999,0.00012195901945233345,0.0013497499749064445,power_3x3_bal_strong_300,power,True,911,1891496405,-0.050000000000000266,0,1
300,300,0.09970802229559084,0.1236472834658362,0.09287671607438597,0.11292079273169975,-0.023939261170245363,-0.02004407665731378,0.03957642414613744,-0.6048869165604436,-0.5064650758567846,0.5452541369438909,0.6125302007506688,0.645,0.574,0.644,True,999,0.00011791707947850227,0.001341083087027073,power_3x3_bal_strong_300,power,True,912,1891496405,-0.050000000000000266,0,0
300,300,0.07879575303805231,0.1278879154200967,0.07197369608127246,0.12033457923672586,-0.04909216238204439,-0.048360883155453394,0.040090197760917795,-1.2245427841192198,-1.2063019355469065,0.22074753682207138,0.22770109163971364,0.304,0.223,0.229,True,999,0.00011575000826269388,0.001326667028479278,power_3x3_bal_strong_300,power,True,913,1891496405,-0.050000000000000266,0,1
300,300,0.06549062308609566,0.09161909058083306,0.0586688655001808,0.08401010287116151,-0.026128467494737406,-0.025341237370980707,0.03419424145234708,-0.7641189388906289,-0.7410966377568612,0.44479636708252934,0.45863484809929544,0.533,0.437,0.451,True,999,0.00011758401524275541,0.0013225419679656625,power_3x3_bal_strong_300,power,True,914,1891496405,-0.050000000000000266,0,0
300,300,0.037690193740132605,0.12212925027796367,0.030887225250296524,0.11304826117437017,-0.08443905653783107,-0.08216103592407364,0.0357135618770928,-2.3643415022121195,-2.30055563225053,0.01806215424270008,0.0214167613191938,0.041,0.022,0.024,True,999,0.00011466699652373791,0.001354500069282949,power_3x3_bal_strong_300,power,True,915,1891496405,-0.050000000000000266,0,1
300,300,0.022706556806673328,0.13509153141509,0.015908358207582296,0.12765491794228012,-0.11238497460841668,-0.11174655973469783,0.0364239478219526,-3.085469349939124,-3.067942011144342,0.002032311692367516,0.0021553843935962044,0.003,0.001,0.001,True,999,0.00013004092033952475,0.0013878330355510116,power_3x3_bal_strong_300,power,True,916,1891496405,-0.050000000000000266,0,1
300,300,0.057316540428516305,0.07314693052726573,0.050508856742794705,0.06116747978447279,-0.015830390098749425,-0.010658623041678084,0.03173746661226882,-0.4987918630099429,-0.3358372352744046,0.6179260205214346,0.7369936095961618,0.703,0.621,0.732,True,999,0.00011745793744921684,0.0013083750382065773,power_3x3_bal_strong_300,power,True,917,1891496405,-0.050000000000000266,0,0
300,300,0.049154755091904256,0.08888685247736483,0.042350746808551776,0.07853195956749914,-0.039732097385460574,-0.03618121275894737,0.03281869428218961,-1.2106544228672378,-1.1024574118593915,0.22602787695757054,0.27026286375809383,0.354,0.256,0.29,True,999,0.00010775006376206875,0.00132145790848881,power_3x3_bal_strong_300,power,True,918,1891496405,-0.050000000000000266,0,0
300,300,0.05198891311030174,0.1657254531708709,0.0451834037484673,0.15805175244312863,-0.11373654006056916,-0.11286834869466134,0.038936541219681785,-2.9210745612678406,-2.8987769626956035,0.003488263338224492,0.003746212787457102,0.015,0.007,0.007,True,999,0.00011124997399747372,0.001320832991041243,power_3x3_bal_strong_300,power,True,919,1891496405,-0.050000000000000266,0,0
300,300,0.07538885042285659,0.08570697959308698,0.0685663210700227,0.076379469106854,-0.010318129170230395,-0.007813148036831308,0.03464409192927277,-0.2978322881516204,-0.22552613163543572,0.7658311698553926,0.821569998833143,0.819,0.78,0.821,True,999,0.00011395802721381187,0.001351832994259894,power_3x3_bal_strong_300,power,True,920,1891496405,-0.050000000000000266,0,0
300,300,0.07644855522793748,0.10966367754572703,0.06963189662474178,0.09896362023664551,-0.03321512231778956,-0.029331723611903726,0.03808275347655514,-0.8721827936689968,-0.7702101590411837,0.3831086646596258,0.4411752386337424,0.448,0.363,0.417,True,999,0.00011374999303370714,0.001368124969303608,power_3x3_bal_strong_300,power,True,921,1891496405,-0.050000000000000266,0,0
300,300,0.059942237645495,0.05375577778643448,0.05313032673740281,0.044505289811993975,0.006186459859060522,0.008625036925408835,0.029894940996792588,0.20694002572957962,0.28851158884488887,0.8360566970214203,0.7729551608740047,0.876,0.829,0.763,True,999,0.00011416710913181305,0.0013538749190047383,power_3x3_bal_strong_300,power,True,922,1891496405,-0.050000000000000266,0,0
300,300,0.055846504208037384,0.08847371649927016,0.04903694209224341,0.07628031896965126,-0.03262721229123278,-0.027243376877407854,0.035066977608373746,-0.9304255603551539,-0.7768954935797583,0.3521507894984216,0.43722043019683077,0.445,0.356,0.428,True,999,0.00011733407154679298,0.0013162909308448434,power_3x3_bal_strong_300,power,True,923,1891496405,-0.050000000000000266,0,0
300,300,0.053479180882711086,0.0879381177328159,0.046673518456429974,0.07902064316471069,-0.034458936850104815,-0.03234712470828072,0.033582230886840855,-1.026106245478989,-0.9632214374702511,0.3048415067362452,0.33543640914992934,0.408,0.285,0.321,True,999,0.00011987506877630949,0.001296499976888299,power_3x3_bal_strong_300,power,True,924,1891496405,-0.050000000000000266,0,0
300,300,0.03476547721186818,0.10800232103885099,0.027965064069462642,0.10044965750913093,-0.07323684382698281,-0.07248459343966829,0.03313932959467316,-2.209967573959461,-2.1872679479707857,0.02710741280158259,0.028722969133653128,0.072,0.029,0.03,True,999,0.00011554197408258915,0.0013198339147493243,power_3x3_bal_strong_300,power,True,925,1891496405,-0.050000000000000266,0,0
300,300,0.04172451358767226,0.1430257487291025,0.034921194803644084,0.13676327358774643,-0.10130123514143025,-0.10184207878410234,0.03851264270807116,-2.630337157314847,-2.64438043257829,0.008530022453751174,0.008184061537449112,0.026,0.011,0.011,True,999,0.00011691695544868708,0.0013329170178622007,power_3x3_bal_strong_300,power,True,926,1891496405,-0.050000000000000266,0,1
300,300,0.06943951127690595,0.1015096299151364,0.06260213394159564,0.09258650073763874,-0.03207011863823045,-0.029984366796043105,0.03495585019391322,-0.9174463919580117,-0.8577782153690603,0.3589087721238742,0.3910149410771421,0.436,0.343,0.367,True,999,0.00011620891746133566,0.001341459108516574,power_3x3_bal_strong_300,power,True,927,1891496405,-0.050000000000000266,0,1
300,300,0.06212475272212581,0.13541438759751867,0.055313614744363804,0.12615493704223013,-0.07328963487539286,-0.07084132229786633,0.03732112868934041,-1.963757191950245,-1.89815594505586,0.0495582566337911,0.057675542270662364,0.096,0.052,0.065,True,999,0.00011541706044226885,0.001331249950453639,power_3x3_bal_strong_300,power,True,928,1891496405,-0.050000000000000266,0,0
300,300,0.0506999876640033,0.10380335146925901,0.043894951783897795,0.09622131167840564,-0.05310336380525571,-0.052326359894507846,0.035111953293083746,-1.512401299978827,-1.4902719725596965,0.13043180441855173,0.1361527388112428,0.226,0.145,0.148,True,999,0.00011162494774907827,0.0013170000165700912,power_3x3_bal_strong_300,power,True,929,1891496405,-0.050000000000000266,0,1
300,300,0.04665872064752974,0.12736015119329092,0.039853083810044154,0.11937772534164992,-0.08070143054576118,-0.07952464153160577,0.03610282927814046,-2.2353215013712036,-2.2027260223551606,0.025396249469631958,0.027614065002715335,0.055,0.03,0.033,True,999,0.00011645897757261992,0.0013332089874893427,power_3x3_bal_strong_300,power,True,930,1891496405,-0.050000000000000266,0,0
300,300,0.05309806998689459,0.08675017960473158,0.04628844792540576,0.07915859720991136,-0.03365210961783699,-0.0328701492845056,0.03256829190442879,-1.0332783099767298,-1.009268443704773,0.30147367467593855,0.3128459097539519,0.481,0.329,0.336,True,999,0.00010933296289294958,0.0013284169835969806,power_3x3_bal_strong_300,power,True,931,1891496405,-0.050000000000000266,0,1
300,300,0.04977326005925198,0.1459110336912136,0.0429665637560106,0.13498996870956148,-0.09613777363196163,-0.09202340495355088,0.03852644310319708,-2.495371124047102,-2.3885777544284745,0.012582545281622023,0.016913728891207697,0.042,0.017,0.019,True,999,0.00011670892126858234,0.0013488749973475933,power_3x3_bal_strong_300,power,True,932,1891496405,-0.050000000000000266,0,0
300,300,0.038986932523954465,0.17338828836439624,0.03218181334869996,0.16390118795874287,-0.13440135584044177,-0.1317193746100429,0.038540637671118046,-3.4872634175734136,-3.4176750196521017,0.00048799045680372207,0.0006315847147428509,0.004,0.001,0.001,True,999,0.0001265830360352993,0.0014002911048009992,power_3x3_bal_strong_300,power,True,933,1891496405,-0.050000000000000266,0,0
300,300,0.03402366689269143,0.13385832411020715,0.027222960714368583,0.12165834479414173,-0.09983465721751572,-0.09443538407977314,0.03722192855537769,-2.682146280222548,-2.5370900365701083,0.007315146541669208,0.011177820204049827,0.021,0.012,0.016,True,999,0.00011999998241662979,0.0013068340485915542,power_3x3_bal_strong_300,power,True,934,1891496405,-0.050000000000000266,0,0
300,300,0.047236836511706626,0.13657815717234895,0.04042769936813784,0.12873262212599457,-0.08934132066064232,-0.08830492275785673,0.03689323965999052,-2.421617659062074,-2.393525848412289,0.015451598097737058,0.016687305461603054,0.058,0.018,0.021,True,999,0.00011233403347432613,0.0013210000470280647,power_3x3_bal_strong_300,power,True,935,1891496405,-0.050000000000000266,0,0
300,300,0.05641731497984437,0.04026040458300745,0.04960476504277267,0.028120776178681695,0.01615691039683692,0.021483988864090975,0.027906847557386216,0.5789586359983039,0.7698464980651217,0.562617083901655,0.44139095380392046,0.712,0.565,0.439,True,999,0.0001141249667853117,0.0013157500652596354,power_3x3_bal_strong_300,power,True,936,1891496405,-0.050000000000000266,0,0
300,300,0.03017590478243548,0.12164278497694814,0.0233741157180134,0.11387288686265151,-0.09146688019451266,-0.09049877114463811,0.034374160079922354,-2.6609197135826936,-2.6327558530658512,0.007792753628350008,0.008469520520740516,0.035,0.011,0.012,True,999,0.00011691602412611246,0.0013373330002650619,power_3x3_bal_strong_300,power,True,937,1891496405,-0.050000000000000266,0,0
300,300,0.05431466976029653,0.12050840556861053,0.04750550767499817,0.11308385720460024,-0.066193735808314,-0.06557834952960206,0.03633297555257547,-1.821863879894138,-1.8049264760797588,0.06847564211419488,0.071086188086736,0.141,0.069,0.074,True,999,0.00013137503992766142,0.001329165999777615,power_3x3_bal_strong_300,power,True,938,1891496405,-0.050000000000000266,0,1
300,300,0.051736358800034354,0.1253319987136703,0.04492833163084242,0.1179442300723963,-0.07359563991363594,-0.07301589844155387,0.03655398137969993,-2.0133412869358986,-1.997481414763287,0.044078737720641595,0.04577291142036392,0.111,0.043,0.046,True,999,0.00011862500105053186,0.0013371669920161366,power_3x3_bal_strong_300,power,True,939,1891496405,-0.050000000000000266,0,1
300,300,0.056486266371923666,0.09229129303732936,0.04967673486822832,0.08607436086110454,-0.03580502666540569,-0.036397625992876215,0.03336371042677496,-1.0731728038459276,-1.0909345971204236,0.28319359050425397,0.27530166228542696,0.43,0.268,0.262,True,999,0.00011249992530792952,0.001316209090873599,power_3x3_bal_strong_300,power,True,940,1891496405,-0.050000000000000266,0,1
300,300,0.05420677141524144,0.07232458065983666,0.047395756868581884,0.06390524061072256,-0.018117809244595218,-0.016509483742140674,0.03220247999225779,-0.5626215511647287,-0.5126774008122955,0.5736926136877287,0.6081770005704239,0.67,0.564,0.59,True,999,0.00011629192158579826,0.001342916046269238,power_3x3_bal_strong_300,power,True,941,1891496405,-0.050000000000000266,0,0
300,300,0.04746707967499009,0.10553539546167984,0.04066200006531062,0.09970293616740378,-0.05806831578668975,-0.059040936102093156,0.034300775969961506,-1.6929155141429566,-1.7212711500695363,0.09047154983797324,0.08520163207582834,0.183,0.093,0.092,True,999,0.00011549994815140963,0.0013231250923126936,power_3x3_bal_strong_300,power,True,942,1891496405,-0.050000000000000266,0,1
300,300,0.03801123243048932,0.15325797717587186,0.031207085668199852,0.14418782323480173,-0.11524674474538255,-0.11298073756660187,0.0370324312968032,-3.112049106949431,-3.0508593038652276,0.001857935906021059,0.0022818747488433477,0.007,0.003,0.005,True,999,0.00011670798994600773,0.0013444580836221576,power_3x3_bal_strong_300,power,True,943,1891496405,-0.050000000000000266,0,0
300,300,0.03906208176324899,0.08155456410092371,0.032259176192212635,0.07540988202804044,-0.04249248233767472,-0.04315070583582781,0.032405186032796386,-1.3112864803389574,-1.331598769164793,0.18976099426550153,0.18299206961669534,0.28,0.177,0.17,True,999,0.00011899997480213642,0.0013693749206140637,power_3x3_bal_strong_300,power,True,944,1891496405,-0.050000000000000266,0,1
300,300,0.0286077048021518,0.14617655764247683,0.021810492066208553,0.13986588397148125,-0.11756885284032503,-0.1180553919052727,0.03515952342328731,-3.343869352974657,-3.3577073979074674,0.0008261863487507229,0.0007859175945034903,0.005,0.001,0.001,True,999,0.00011487491428852081,0.0013436670415103436,power_3x3_bal_strong_300,power,True,945,1891496405,-0.050000000000000266,0,1
300,300,0.05908533124043713,0.07437036377867534,0.05225876633573989,0.06509629268916228,-0.015285032538238208,-0.01283752635342239,0.03194373251467846,-0.47849863916856256,-0.4018793466769552,0.6322953426209356,0.6877728232183652,0.738,0.646,0.703,True,999,0.00011541694402694702,0.0013300840510055423,power_3x3_bal_strong_300,power,True,946,1891496405,-0.050000000000000266,0,0
300,300,0.040141166632178704,0.1903723686544717,0.03333973722902783,0.1810960606068477,-0.150231202022293,-0.14775632337781985,0.03910884271187623,-3.8413614825956515,-3.7780796651635646,0.0001223537746959323,0.0001580423269742443,0.001,0.001,0.001,True,999,0.0001199580729007721,0.0013374999398365617,power_3x3_bal_strong_300,power,True,947,1891496405,-0.050000000000000266,0,0
300,300,0.055855640526969896,0.12459255387853885,0.049047045176791926,0.11539782095098872,-0.06873691335156895,-0.06635077577419679,0.03653255561257583,-1.881524908372608,-1.8162095331583221,0.05990055022912044,0.06933823627545972,0.102,0.06,0.065,True,999,0.00011537503451108932,0.0013281669234856963,power_3x3_bal_strong_300,power,True,948,1891496405,-0.050000000000000266,0,0
300,300,0.05708886028088367,0.07045483769319394,0.050272699134666254,0.06161829759611237,-0.01336597741231027,-0.011345598461446116,0.03166788374399095,-0.4220672754884195,-0.35826828698646357,0.6729759130605097,0.7201425483887642,0.749,0.681,0.725,True,999,0.00011541706044226885,0.0013432910200208426,power_3x3_bal_strong_300,power,True,949,1891496405,-0.050000000000000266,0,1
300,300,0.0418299990061497,0.13389510967310558,0.03502418282630515,0.12306767842012789,-0.09206511066695588,-0.08804349559382274,0.037405014451128045,-2.4613039726864594,-2.3537885731566015,0.013843302357043863,0.018583177479102066,0.039,0.016,0.02,True,999,0.00011470902245491743,0.00135704199783504,power_3x3_bal_strong_300,power,True,950,1891496405,-0.050000000000000266,0,0
300,300,0.07615600106692799,0.0903997392364983,0.06933614836469815,0.08268959594781222,-0.014243738169570308,-0.013353447583114075,0.03483889841300785,-0.40884582516685153,-0.38329132640222285,0.6826528080410753,0.7015037696427517,0.775,0.686,0.708,True,999,0.00011945900041610003,0.0013368750223889947,power_3x3_bal_strong_300,power,True,951,1891496405,-0.050000000000000266,0,0
300,300,0.06266335921201494,0.1255548746324916,0.05584970386655641,0.11606598206410013,-0.06289151542047666,-0.060216278197543716,0.038028965545415024,-1.6537792842503232,-1.5834319270565516,0.09817236653004163,0.11332305079116786,0.165,0.106,0.123,True,999,0.00011537503451108932,0.001318124937824905,power_3x3_bal_strong_300,power,True,952,1891496405,-0.050000000000000266,0,0
300,300,0.03740462536918798,0.11054983440438637,0.030602307467461287,0.10238865882644177,-0.07314520903519839,-0.07178635135898048,0.034435339593737506,-2.1241320660157146,-2.084670928351632,0.03365910183701636,0.03709918129082654,0.093,0.037,0.04,True,999,0.00011449994053691626,0.0013164589181542397,power_3x3_bal_strong_300,power,True,953,1891496405,-0.050000000000000266,0,0
300,300,0.06632227681676817,0.13409404160998395,0.05950483579971433,0.12464811343949123,-0.06777176479321578,-0.0651432776397769,0.03900637527759855,-1.7374535396047748,-1.6700674486200933,0.08230714797045513,0.09490601958446226,0.119,0.075,0.086,True,999,0.00011712498962879181,0.001366041018627584,power_3x3_bal_strong_300,power,True,954,1891496405,-0.050000000000000266,0,0
300,300,0.05947951528075701,0.08437957889335052,0.05266529141573528,0.07568002938320717,-0.024900063612593504,-0.023014737967471888,0.034918022491112435,-0.7131006235800218,-0.6591077135977489,0.47578349366630457,0.509826602723991,0.567,0.476,0.514,True,999,0.00011537503451108932,0.0013526249676942825,power_3x3_bal_strong_300,power,True,955,1891496405,-0.050000000000000266,0,1
300,300,0.03466651336717619,0.07366921053868225,0.02786307871463123,0.06320672473469813,-0.03900269717150606,-0.0353436460200669,0.02999235820601451,-1.3004211574028435,-1.1784217091998876,0.19345666238109782,0.2386285272108014,0.356,0.182,0.234,True,999,0.00011370901484042406,0.0013822499895468354,power_3x3_bal_strong_300,power,True,956,1891496405,-0.050000000000000266,0,0
300,300,0.055546795063506904,0.10638805546126195,0.04872764411521757,0.0991720285534683,-0.05084126039775505,-0.05044438443825072,0.03580347177295947,-1.420009230394044,-1.408924384711451,0.15560499384214588,0.15885752827382382,0.258,0.161,0.165,True,999,0.00012266705743968487,0.0012947909999638796,power_3x3_bal_strong_300,power,True,957,1891496405,-0.050000000000000266,0,1
300,300,0.07713450254405307,0.11951338811802914,0.07031223687187094,0.10875032381186145,-0.042378885573976066,-0.03843808693999051,0.03829569050917378,-1.1066228343323423,-1.0037183408609023,0.26845703059912873,0.3155143940924222,0.338,0.259,0.317,True,999,0.00012137508019804955,0.0013236250961199403,power_3x3_bal_strong_300,power,True,958,1891496405,-0.050000000000000266,0,0
300,300,0.05009444367019533,0.1185187792973022,0.04328885566224017,0.11096234329471599,-0.06842433562710687,-0.06767348763247583,0.03711369657007246,-1.8436410799963943,-1.8234100584592805,0.06523546501373893,0.06824130802193222,0.119,0.073,0.075,True,999,0.00011741695925593376,0.001324458047747612,power_3x3_bal_strong_300,power,True,959,1891496405,-0.050000000000000266,0,1
300,300,0.05237174728247296,0.052717812557830035,0.04556225026539096,0.0421435301442159,-0.000346065275357077,0.003418720121175056,0.02856742071095593,-0.012113983928004989,0.11967199124364554,0.990334675650089,0.9047429886233143,0.991,0.99,0.91,True,999,0.00012087507639080286,0.0013383339392021298,power_3x3_bal_strong_300,power,True,960,1891496405,-0.050000000000000266,0,0
300,300,0.04816623690967159,0.13618404898898862,0.04135726690191177,0.12883561016988665,-0.08801781207931703,-0.08747834326797488,0.03685650780868047,-2.3881213200179263,-2.3734843171270805,0.016934750416842153,0.017621141346735602,0.063,0.025,0.025,True,999,0.00011924991849809885,0.0013706249883398414,power_3x3_bal_strong_300,power,True,961,1891496405,-0.050000000000000266,0,1
300,300,0.06315577045770993,0.1323079960562874,0.056342467587228384,0.12288787501846343,-0.06915222559857748,-0.06654540743123505,0.038405896341308185,-1.8005627308898269,-1.732687263430977,0.07177182783118514,0.08315126952306745,0.117,0.068,0.076,True,999,0.00011725001968443394,0.001350250095129013,power_3x3_bal_strong_300,power,True,962,1891496405,-0.050000000000000266,0,0
300,300,0.05938392658704794,0.1403708776286129,0.0525679282652618,0.12939053372103615,-0.08098695104156495,-0.07682260545577435,0.03907583362956021,-2.072558497646476,-1.9659876276486998,0.038213386840824745,0.04930003980005471,0.062,0.032,0.046,True,999,0.00011529203038662672,0.0013348329812288284,power_3x3_bal_strong_300,power,True,963,1891496405,-0.050000000000000266,0,0
300,300,0.05042224243180238,0.10128944026936448,0.04361156683950185,0.09184045506565042,-0.050867197837562106,-0.04822888822614857,0.03459431539662233,-1.4703918043867,-1.3941275516860632,0.14145566975762672,0.16327909058356183,0.248,0.145,0.161,True,999,0.00011754198931157589,0.0013238749234005809,power_3x3_bal_strong_300,power,True,964,1891496405,-0.050000000000000266,0,0
300,300,0.03576742404911015,0.07819659773271342,0.028963932356646183,0.068950900116306,-0.04242917368360327,-0.03998696775965982,0.0306559619692322,-1.3840431341279467,-1.3043781760883142,0.16634524749691026,0.19210467243652163,0.274,0.162,0.186,True,999,0.00011554197408258915,0.0013395000714808702,power_3x3_bal_strong_300,power,True,965,1891496405,-0.050000000000000266,0,0
300,300,0.07164613772644035,0.10870456026696934,0.06482440909252318,0.10006852577451752,-0.03705842254052899,-0.03524411668199434,0.03531500572112479,-1.0493675927216777,-0.9979926652230997,0.29400896756738915,0.3182829153580181,0.407,0.317,0.337,True,999,0.00011562497820705175,0.0013625829014927149,power_3x3_bal_strong_300,power,True,966,1891496405,-0.050000000000000266,0,1
300,300,0.0481989825776894,0.04673200393497656,0.041388146381734714,0.03731851241924744,0.001466978642712835,0.0040696339624872735,0.027702331646252326,0.05295506029765164,0.14690582780016023,0.9577677141269925,0.883206351914716,0.973,0.954,0.878,True,999,0.00011754094157367945,0.0013557500205934048,power_3x3_bal_strong_300,power,True,967,1891496405,-0.050000000000000266,0,0
300,300,0.06030879662947486,0.12243587034364589,0.05350023368009715,0.11044070349218771,-0.06212707371417103,-0.056940469812090555,0.036681293240736115,-1.6936991099642122,-1.5523026802352697,0.0903224736920447,0.1205898169194492,0.158,0.098,0.119,True,999,0.00011549994815140963,0.0013548750430345535,power_3x3_bal_strong_300,power,True,968,1891496405,-0.050000000000000266,0,0
300,300,0.05986950688269377,0.131199538476997,0.05305638794499146,0.12251019906962313,-0.07133003159430323,-0.06945381112463167,0.03670358471374621,-1.9434077665876799,-1.892289586052881,0.051966909618678794,0.05845240770303475,0.097,0.041,0.046,True,999,0.00012370897457003593,0.001333083026111126,power_3x3_bal_strong_300,power,True,969,1891496405,-0.050000000000000266,0,1
300,300,0.044614282887833756,0.10929094797119643,0.037812363844068386,0.09941862254940759,-0.06467666508336267,-0.0616062587053392,0.03615525474845747,-1.7888593382438287,-1.7039365130726283,0.07363747172192855,0.08839294863253445,0.143,0.061,0.076,True,999,0.00011749996338039637,0.0013147910358384252,power_3x3_bal_strong_300,power,True,970,1891496405,-0.050000000000000266,0,0
300,300,0.04942252967939975,0.12539092080134578,0.042610186630099633,0.11604687699200156,-0.07596839112194603,-0.07343669036190192,0.03643079349045578,-2.085279617690688,-2.015786188712607,0.03704392645982398,0.0438223383910852,0.079,0.043,0.047,True,999,0.00012016692198812962,0.001329457969404757,power_3x3_bal_strong_300,power,True,971,1891496405,-0.050000000000000266,0,0
300,300,0.06304700131628294,0.11640701736718151,0.056231395032341425,0.10696521837132877,-0.05336001605089857,-0.05073382333898735,0.03735328066900143,-1.4285228792549067,-1.358215996837196,0.1531414140797782,0.17439515606582734,0.237,0.161,0.187,True,999,0.00011812499724328518,0.0013695419766008854,power_3x3_bal_strong_300,power,True,972,1891496405,-0.050000000000000266,0,0
300,300,0.048058093854770556,0.10353765774218693,0.04125179439444082,0.09575073157301972,-0.05547956388741637,-0.0544989371785789,0.03550896762398558,-1.5624099375376113,-1.5347936260970307,0.11819144752234081,0.1248345289616193,0.22,0.126,0.134,True,999,0.00012924999464303255,0.001430791919119656,power_3x3_bal_strong_300,power,True,973,1891496405,-0.050000000000000266,0,1
300,300,0.053945682416747465,0.08620725676900876,0.04713952492159024,0.0767652834215653,-0.03226157435226129,-0.029625758499975063,0.03363025915947472,-0.9593019845394849,-0.8809256675510494,0.33740663591596287,0.37835805383216503,0.468,0.331,0.374,True,999,0.00012141698971390724,0.001340000075288117,power_3x3_bal_strong_300,power,True,974,1891496405,-0.050000000000000266,0,0
300,300,0.06221132596781853,0.11232183495292325,0.05539874148439594,0.10270697750755176,-0.05011050898510472,-0.047308236023155814,0.03657893801342061,-1.3699279341220745,-1.2933190134114523,0.17070939879504476,0.195900747284663,0.242,0.173,0.186,True,999,0.00011733302380889654,0.0013485420495271683,power_3x3_bal_strong_300,power,True,975,1891496405,-0.050000000000000266,0,0
300,300,0.1048960869909994,0.07907701256052974,0.09806000627264666,0.06679326000175934,0.025819074430469657,0.031266746270887324,0.03690532079106057,0.6996030349294162,0.8472151332298118,0.48417524669598166,0.396875219952309,0.572,0.471,0.371,True,999,0.00012049998622387648,0.0013041659258306026,power_3x3_bal_strong_300,power,True,976,1891496405,-0.050000000000000266,0,0
300,300,0.061927079827339915,0.1131050732673552,0.055111700244424355,0.10875967722094515,-0.05117799344001528,-0.053647976976520795,0.03799594999136921,-1.3469328560449305,-1.4119393511336589,0.17800185850817274,0.15796781969710094,0.26,0.189,0.167,True,999,0.00011650007218122482,0.0013135410845279694,power_3x3_bal_strong_300,power,True,977,1891496405,-0.050000000000000266,0,2
300,300,0.03398747452147033,0.07692920874591325,0.027187197811429087,0.06953424295465993,-0.04294173422444292,-0.042347045143230844,0.03083260274417339,-1.3927378943886877,-1.3734502239267945,0.16369906499882636,0.1696124253993586,0.299,0.165,0.169,True,999,0.00011754105798900127,0.0013538330094888806,power_3x3_bal_strong_300,power,True,978,1891496405,-0.050000000000000266,0,1
300,300,0.0558251693852736,0.0871887475033456,0.04901778638026144,0.07940619252600811,-0.031363578118072,-0.03038840614574667,0.03307619701573658,-0.9482220130431025,-0.9187394225306148,0.343016442931495,0.35823188443323817,0.448,0.34,0.354,True,999,0.00012304203119128942,0.0013328340137377381,power_3x3_bal_strong_300,power,True,979,1891496405,-0.050000000000000266,0,0
300,300,0.06071398616893253,0.10963788733325508,0.05390082659488371,0.10067265972001849,-0.04892390116432255,-0.046771833125134776,0.03648816031885659,-1.3408157807024141,-1.2818358809107655,0.1799802713125449,0.19990022443479072,0.297,0.166,0.195,True,999,0.00011245801579207182,0.0013034159783273935,power_3x3_bal_strong_300,power,True,980,1891496405,-0.050000000000000266,0,1
300,300,0.08249264005390433,0.10042497901083408,0.07567085001329588,0.09109531423086992,-0.01793233895692975,-0.015424464217574041,0.036798785546717575,-0.48730790134810037,-0.4191568821746046,0.6260401491622594,0.6751014816282306,0.706,0.643,0.682,True,999,0.00011558306869119406,0.0013186659198254347,power_3x3_bal_strong_300,power,True,981,1891496405,-0.050000000000000266,0,0
300,300,0.03932707753135389,0.09120997735943542,0.032524584275734014,0.081931458280593,-0.05188289982808153,-0.04940687400485899,0.03325461066003192,-1.5601716212675012,-1.4857150038517866,0.11871933000890914,0.13735452030357403,0.221,0.129,0.149,True,999,0.0001181670231744647,0.0013324590399861336,power_3x3_bal_strong_300,power,True,982,1891496405,-0.050000000000000266,0,0
300,300,0.01377207344896414,0.1373332591883275,0.00697957851417641,0.1279285511697026,-0.12356118573936337,-0.12094897265552618,0.03398567958361205,-3.6356838307551387,-3.558821660692875,0.0002772442020144739,0.00037252236465912784,0.002,0.001,0.001,True,999,0.0001152500044554472,0.001380458939820528,power_3x3_bal_strong_300,power,True,983,1891496405,-0.050000000000000266,0,0
300,300,0.05445138447740239,0.12146896158315035,0.047633803347025605,0.11046011391269417,-0.06701757710574796,-0.06282631056566856,0.03721871855613295,-1.8006417121715954,-1.68802992158138,0.07175937017544765,0.09140548531121812,0.127,0.076,0.096,True,999,0.00012541702017188072,0.0013588749570772052,power_3x3_bal_strong_300,power,True,984,1891496405,-0.050000000000000266,0,0
300,300,0.02743013678209727,0.12716821188806737,0.02062595279363677,0.11967476339140148,-0.0997380751059701,-0.09904881059776471,0.033942831949828924,-2.9384134845729277,-2.918106855201984,0.0032989671780709203,0.0035216364661023714,0.014,0.006,0.006,True,999,0.00011454196646809578,0.001318583032116294,power_3x3_bal_strong_300,power,True,985,1891496405,-0.050000000000000266,0,0
300,300,0.07028840534832304,0.08400681132068905,0.06347317295825405,0.07508983965739446,-0.01371840597236601,-0.01161666669914041,0.03563677715968244,-0.3849508026748919,-0.3259741094737066,0.7002738656549663,0.7444439438115515,0.755,0.693,0.734,True,999,0.0001139170490205288,0.001330584054812789,power_3x3_bal_strong_300,power,True,986,1891496405,-0.050000000000000266,0,1
300,300,0.048748433255915824,0.11003390318354278,0.041943766927943216,0.10049370167632787,-0.06128546992762696,-0.05854993474838466,0.03631791155073842,-1.6874723052840546,-1.6121503756235183,0.09151257083977832,0.10692922086274892,0.17,0.1,0.113,True,999,0.00011683302000164986,0.0013230829499661922,power_3x3_bal_strong_300,power,True,987,1891496405,-0.050000000000000266,0,0
300,300,0.06016689652667839,0.0861578515825494,0.053350695019389605,0.07879435340636576,-0.025990955055871012,-0.025443658386976153,0.03465715776793865,-0.7499447943742015,-0.7341530588672246,0.45328795440283953,0.46285545889041235,0.574,0.469,0.478,True,999,0.00011725001968443394,0.001326457946561277,power_3x3_bal_strong_300,power,True,988,1891496405,-0.050000000000000266,0,1
300,300,0.03411249590560561,0.1409591898487096,0.027310716524027612,0.13693845213902023,-0.10684669394310398,-0.10962773561499262,0.03683318894535921,-2.9008265915179767,-2.9763302813020522,0.0037217977614082865,0.002917205003368403,0.009,0.005,0.005,True,999,0.00011399993672966957,0.0013607499422505498,power_3x3_bal_strong_300,power,True,989,1891496405,-0.050000000000000266,0,2
300,300,0.05230071295572403,0.10131559797637546,0.04548945327104548,0.09034518484936882,-0.04901488502065143,-0.04485573157832334,0.034984342264184835,-1.4010520663934374,-1.2821659255330442,0.16119850395704904,0.19978444657461225,0.258,0.17,0.199,True,999,0.00012004200834780931,0.001366957905702293,power_3x3_bal_strong_300,power,True,990,1891496405,-0.050000000000000266,0,0
300,300,0.05040463763078362,0.0717319714415125,0.043597616173144615,0.0676733297345038,-0.021327333810728877,-0.02407571356135918,0.03141773412541333,-0.6788310616416325,-0.7663096729144672,0.49724491017062744,0.4434920641380973,0.603,0.497,0.452,True,999,0.00011520797852426767,0.001326667028479278,power_3x3_bal_strong_300,power,True,991,1891496405,-0.050000000000000266,0,2
300,300,0.04893566895826895,0.1296692993518604,0.04212104343463352,0.12040332342789384,-0.08073363039359144,-0.07828227999326032,0.03705060003653687,-2.1790100649915853,-2.1128478328573217,0.029330920520582716,0.03461379410371873,0.058,0.034,0.036,True,999,0.00011395802721381187,0.0013370829401537776,power_3x3_bal_strong_300,power,True,992,1891496405,-0.050000000000000266,0,0
300,300,0.05958715787502422,0.1020243088661888,0.05277254655993602,0.09270230543751268,-0.042437150991164574,-0.03992975887757666,0.03536325485697496,-1.20003521063883,-1.1291313268269765,0.2301256659022194,0.258842437915738,0.36,0.254,0.281,True,999,0.00011454091873019934,0.0013317090924829245,power_3x3_bal_strong_300,power,True,993,1891496405,-0.050000000000000266,0,0
300,300,0.07512615731144834,0.12133482929195027,0.06830323385355541,0.11512960100419889,-0.046208671980501936,-0.04682636715064348,0.037960297415253016,-1.2172895136995054,-1.2335616509639868,0.22349408265400905,0.21736629041760025,0.323,0.247,0.237,True,999,0.000114459078758955,0.0013483340153470635,power_3x3_bal_strong_300,power,True,994,1891496405,-0.050000000000000266,0,1
300,300,0.06413732625957569,0.14386651201717093,0.05730713703582069,0.13493395115011708,-0.07972918575759524,-0.0776268141142964,0.039758715469379674,-2.005325997491015,-1.9524477387626111,0.044928207284795955,0.05088506994449781,0.088,0.056,0.06,True,999,0.00011320796329528093,0.0013555419864133,power_3x3_bal_strong_300,power,True,995,1891496405,-0.050000000000000266,0,1
300,300,0.048995991391308724,0.08478793781257377,0.04218764179483969,0.07745974301357705,-0.03579194642126504,-0.03527210121873736,0.03318981617206436,-1.0784014661518637,-1.062738673690686,0.28085463300078584,0.2879004774015239,0.378,0.288,0.29,True,999,0.00012966606300324202,0.0013443329371511936,power_3x3_bal_strong_300,power,True,996,1891496405,-0.050000000000000266,0,1
300,300,0.04963053639882764,0.15103031586359483,0.04282075553885534,0.1423296112177468,-0.10139977946476719,-0.09950885567889145,0.03993290440774331,-2.5392538050677067,-2.491901281780944,0.011108920077513849,0.012706134699359184,0.034,0.017,0.019,True,999,0.00011833291500806808,0.0013169170124456286,power_3x3_bal_strong_300,power,True,997,1891496405,-0.050000000000000266,0,1
300,300,0.024730092511521917,0.0882485959481683,0.01792908079545441,0.07747424877395304,-0.06351850343664639,-0.059545167978498625,0.030965629808938737,-2.051258244336136,-1.9229438686020182,0.04024180450093078,0.05448709961717839,0.114,0.053,0.066,True,999,0.0001157920341938734,0.001316040987148881,power_3x3_bal_strong_300,power,True,998,1891496405,-0.050000000000000266,0,0
300,300,0.026525446834783528,0.11849513830882413,0.019728123036031775,0.11426590904427769,-0.0919696914740406,-0.09453778600824592,0.03659804851195631,-2.5129670901440218,-2.5831373489043035,0.011972050258966282,0.009790633723501939,0.024,0.016,0.014,True,999,0.00011887506116181612,0.0013246251037344337,power_3x3_bal_strong_300,power,True,999,1891496405,-0.050000000000000266,0,2
600,600,0.06188586593314027,0.13929356517092112,0.045069332438288257,0.12635501054535325,-0.07740769923778085,-0.081285678107065,0.02800687829224786,-2.763881730410734,-2.9023469613021597,0.005711823810476496,0.0037037807693701265,0.007,0.008,0.006,True,999,0.00013120891526341438,0.0030613329727202654,power_5x5_mild_strong_600,power,True,0,1716765723,-0.04999999999999988,0,5
600,600,0.06451505125640011,0.12462085753813162,0.04920711718716575,0.11136546566854122,-0.06010580628173151,-0.06215834848137547,0.027667670456995246,-2.172420203397894,-2.246605784104238,0.029823982485423384,0.024665232195876803,0.027,0.029,0.03,True,999,0.00011604197788983583,0.002855124999769032,power_5x5_mild_strong_600,power,True,1,1716765723,-0.04999999999999988,0,5
600,600,0.04822079198305951,0.11970745451370474,0.033385581145921606,0.1049996441444705,-0.07148666253064523,-0.07161406299854889,0.026382375031079833,-2.7096371136575144,-2.714466112856926,0.0067356858207469495,0.006638269148799088,0.005,0.006,0.008,True,999,0.00011895899660885334,0.0029502089601010084,power_5x5_mild_strong_600,power,True,2,1716765723,-0.04999999999999988,0,4
600,600,0.05820382206811714,0.10813539814806111,0.04262572563516187,0.09603074825398039,-0.04993157607994397,-0.05340502261881852,0.026967960871780116,-1.851514703590122,-1.9803137090243537,0.06409554142097429,0.047668289311824236,0.043,0.052,0.042,True,999,0.0001413749996572733,0.0029641250148415565,power_5x5_mild_strong_600,power,True,3,1716765723,-0.04999999999999988,0,8
600,600,0.061608289782302705,0.12303829342571937,0.046250336296566275,0.10607611912053017,-0.061430003643416664,-0.05982578282396389,0.02695617849631956,-2.278883991356711,-2.2193718160803897,0.02267396229045477,0.026461439442481652,0.018,0.021,0.03,True,999,0.00012800004333257675,0.002927540917880833,power_5x5_mild_strong_600,power,True,4,1716765723,-0.04999999999999988,0,3
600,600,0.04227495846853635,0.12395555340885545,0.026596468709954024,0.1097059569615908,-0.0816805949403191,-0.08310948825163678,0.026321788347617787,-3.1031552211273468,-3.157440792170129,0.0019146918793973029,0.001591605546642591,0.001,0.002,0.001,True,999,0.000124584068544209,0.00298099999781698,power_5x5_mild_strong_600,power,True,5,1716765723,-0.04999999999999988,0,4
600,600,0.051348347301391706,0.14644906874035907,0.03604164514058539,0.1327791713731017,-0.09510072143896736,-0.0967375262325163,0.027691688314043478,-3.434269531003578,-3.493377692809619,0.0005941530833734367,0.00047695140891025823,0.001,0.001,0.001,True,999,0.00012095808051526546,0.0029301668982952833,power_5x5_mild_strong_600,power,True,6,1716765723,-0.04999999999999988,0,5
600,600,0.07347809569020969,0.10348239358818234,0.0587647000021434,0.08694297221796887,-0.030004297897972654,-0.028178272215825473,0.02641716726309074,-1.1357878609450205,-1.066665170235542,0.2560453586612462,0.28612306036788737,0.242,0.242,0.288,True,999,0.0001235000090673566,0.002959792036563158,power_5x5_mild_strong_600,power,True,7,1716765723,-0.04999999999999988,1,4
600,600,0.05280903066256171,0.11047184040735891,0.03672659852941251,0.09819608321998885,-0.057662809744797205,-0.06146948469057634,0.026509737771806097,-2.1751557952460523,-2.3187511404187098,0.029618443491934807,0.020408533841514604,0.018,0.035,0.027,True,999,0.00011987506877630949,0.003078749985434115,power_5x5_mild_strong_600,power,True,8,1716765723,-0.04999999999999988,0,7
600,600,0.059011485443005274,0.13185262789449703,0.04441556234178279,0.11644299096980149,-0.07284114245149176,-0.0720274286280187,0.028008904965279743,-2.600642279367463,-2.571590310913796,0.009304942487293378,0.010123260833310409,0.005,0.008,0.009,True,999,0.0001305839978158474,0.0028536670142784715,power_5x5_mild_strong_600,power,True,9,1716765723,-0.04999999999999988,0,4
600,600,0.04479170674140942,0.11278253309557001,0.030507195730137937,0.09920611246795374,-0.0679908263541606,-0.06869891673781581,0.02533548522939356,-2.683620453232111,-2.7115690153868908,0.007282973461963565,0.006696559895521969,0.004,0.005,0.005,True,999,0.00011858297511935234,0.0029463330283761024,power_5x5_mild_strong_600,power,True,10,1716765723,-0.04999999999999988,1,6
600,600,0.06062928696910075,0.11652740713639631,0.04634873205168333,0.10745001596035308,-0.05589812016729556,-0.06110128390866976,0.026322872917808368,-2.123556966666753,-2.321223982634986,0.03370720720337588,0.020274758466965307,0.017,0.027,0.017,True,999,0.00012024992611259222,0.002948042005300522,power_5x5_mild_strong_600,power,True,11,1716765723,-0.04999999999999988,1,8
600,600,0.041971523757221796,0.1141498780229458,0.026008574024785958,0.1014172607093542,-0.072178354265724,-0.07540868668456824,0.025932980964736885,-2.7832648457911793,-2.907829485052542,0.005381485720230236,0.003639467242211156,0.002,0.005,0.003,True,999,0.00011833303142338991,0.0029075000202283263,power_5x5_mild_strong_600,power,True,12,1716765723,-0.04999999999999988,0,6
600,600,0.06247955281701256,0.13526365392874168,0.04898097973398308,0.12217247043673751,-0.07278410111172912,-0.07319149070275444,0.0281900388383374,-2.581908507793379,-2.5963600519491568,0.009825562934984102,0.009421727817675503,0.005,0.007,0.007,True,999,0.00012137496378272772,0.0029225419275462627,power_5x5_mild_strong_600,power,True,13,1716765723,-0.04999999999999988,1,5
600,600,0.06034234851279674,0.11226483826018363,0.045006213531110006,0.09682342626456375,-0.05192248974738689,-0.051817212733453744,0.027575102148446315,-1.8829482287271382,-1.8791304001161542,0.05970738434732592,0.06022669011180834,0.044,0.052,0.055,True,999,0.00013012508861720562,0.0029749159002676606,power_5x5_mild_strong_600,power,True,14,1716765723,-0.04999999999999988,0,4
600,600,0.0819934238050366,0.11661867995075442,0.06518831425330518,0.10301703842691268,-0.03462525614571782,-0.0378287241736075,0.027195326289561287,-1.2732061302389468,-1.3910009304844324,0.20294490582706282,0.16422514459249982,0.175,0.168,0.132,True,999,0.00012116692960262299,0.0028980839997529984,power_5x5_mild_strong_600,power,True,15,1716765723,-0.04999999999999988,0,5
600,600,0.07297123348936607,0.1492195116324213,0.0575112514244438,0.13513382662011963,-0.07624827814305524,-0.07762257519567584,0.030454889537107843,-2.503646517914646,-2.5487721799514786,0.012292077331374737,0.010810289387785776,0.014,0.015,0.015,True,999,0.00012091698590666056,0.0030490829376503825,power_5x5_mild_strong_600,power,True,16,1716765723,-0.04999999999999988,0,6
600,600,0.06479536477966386,0.15603086670898347,0.05002072152433357,0.14352694569112145,-0.09123550192931962,-0.09350622416678789,0.02868138535177749,-3.181000527356515,-3.260171118651804,0.0014676736245226077,0.0011134501488975317,0.002,0.002,0.002,True,999,0.00012550002429634333,0.0030538749415427446,power_5x5_mild_strong_600,power,True,17,1716765723,-0.04999999999999988,0,6
600,600,0.05887997852622351,0.10511220801446103,0.043289980824170016,0.09436128358439078,-0.04623222948823752,-0.05107130276022076,0.026371543830824035,-1.753110465766497,-1.9366064834068126,0.07958304743185421,0.052793464839470824,0.06,0.06,0.045,True,999,0.00012745801359415054,0.003006999962963164,power_5x5_mild_strong_600,power,True,18,1716765723,-0.04999999999999988,0,8
600,600,0.05657968938592062,0.10611743480268737,0.04037350424152919,0.09535255314474966,-0.049537745416766754,-0.05497904890322047,0.026914511299845307,-1.840558978198927,-2.042728856961875,0.06568621389542008,0.04107928655640498,0.041,0.053,0.037,True,999,0.00012816698290407658,0.0030643329955637455,power_5x5_mild_strong_600,power,True,19,1716765723,-0.04999999999999988,0,8
600,600,0.054143081847547236,0.09798395166079088,0.03956643437891216,0.0861039665915655,-0.043840869813243644,-0.04653753221265333,0.025642820301128598,-1.7096742596333723,-1.8148367327054549,0.08732612517016078,0.06954900359271653,0.067,0.073,0.06,True,999,0.00014220899902284145,0.002934084041044116,power_5x5_mild_strong_600,power,True,20,1716765723,-0.04999999999999988,0,7
600,600,0.06058552228175218,0.11967832813593293,0.045824554112982696,0.1001654619425949,-0.05909280585418075,-0.054340907829612206,0.027621497235847284,-2.1393773606700033,-1.967341138882521,0.03240511894408094,0.04914389529750291,0.018,0.027,0.053,True,999,0.00012500002048909664,0.00295375008136034,power_5x5_mild_strong_600,power,True,21,1716765723,-0.04999999999999988,0,2
600,600,0.06020506293755501,0.083093200171514,0.04401640111791494,0.07169611249480567,-0.022888137233958994,-0.027679711376890737,0.02467347303766994,-0.9276414876420029,-1.121840907221738,0.35359356951448107,0.2619300896381196,0.329,0.325,0.249,True,999,0.0001212910283356905,0.003001042059622705,power_5x5_mild_strong_600,power,True,22,1716765723,-0.04999999999999988,0,6
600,600,0.05697303006982457,0.12705836874685367,0.0420238902905794,0.11242040196788139,-0.0700853386770291,-0.07039651167730199,0.027309382957379526,-2.566346474631375,-2.577740836809331,0.010277611085668293,0.009944855345732749,0.006,0.012,0.012,True,999,0.00012158299796283245,0.002906791982240975,power_5x5_mild_strong_600,power,True,23,1716765723,-0.04999999999999988,0,5
600,600,0.0655503474929251,0.1316962288027952,0.04877130593081347,0.12289819088624654,-0.06614588130987009,-0.07412688495543307,0.02872117379973851,-2.3030354459424047,-2.580914187988652,0.02127684883575019,0.009853907222100187,0.013,0.015,0.013,True,999,0.00012195797171443701,0.0030026669846847653,power_5x5_mild_strong_600,power,True,24,1716765723,-0.04999999999999988,0,8
600,600,0.06045263550348756,0.12657567523210328,0.04480744311649687,0.11645282823508296,-0.06612303972861572,-0.07164538511858609,0.02724220483209036,-2.4272279037680935,-2.629940768751226,0.015214694866669166,0.00853997459924156,0.006,0.006,0.005,True,999,0.00012658396735787392,0.0029368750983849168,power_5x5_mild_strong_600,power,True,25,1716765723,-0.04999999999999988,0,8
600,600,0.07376246111134188,0.10591527041396065,0.05766539058720355,0.09759479772554869,-0.03215280930261877,-0.03992940713834514,0.027110358146375062,-1.1859972165995871,-1.472846906807984,0.2356233987272761,0.14079232096446945,0.226,0.23,0.137,True,999,0.00014649995137006044,0.002905708970502019,power_5x5_mild_strong_600,power,True,26,1716765723,-0.04999999999999988,0,9
600,600,0.04726962862811146,0.1532629906690845,0.0318239273196923,0.13863572325630003,-0.10599336204097304,-0.10681179593660772,0.027718199570183937,-3.8239627279034583,-3.853489678005768,0.00013132377590795508,0.00011644617466762883,0.001,0.001,0.001,True,999,0.0001328340731561184,0.0030080419965088367,power_5x5_mild_strong_600,power,True,27,1716765723,-0.04999999999999988,0,6
600,600,0.04868946765421045,0.10492756482426918,0.032967083206472125,0.08949842937593644,-0.05623809717005873,-0.056531346169464314,0.02597326451525694,-2.1652302172883946,-2.1765206347572237,0.030370059352254883,0.02951635243861005,0.021,0.029,0.032,True,999,0.00012770795729011297,0.00296608405187726,power_5x5_mild_strong_600,power,True,28,1716765723,-0.04999999999999988,0,4
600,600,0.054697519172764886,0.1146278675876205,0.03925057691174061,0.10155783404024987,-0.059930348414855616,-0.062307257128509264,0.025897044543021722,-2.3141771376766846,-2.405960148271001,0.020658007510286888,0.01613002416952531,0.014,0.017,0.013,True,999,0.00012037495616823435,0.0029631670331582427,power_5x5_mild_strong_600,power,True,29,1716765723,-0.04999999999999988,0,5
600,600,0.056044478675298715,0.08285703965222724,0.041270910943353556,0.0747314870070852,-0.026812560976928523,-0.03346057606373165,0.024449957661535227,-1.0966301597777468,-1.3685330881522124,0.2728030978089223,0.17114527222121234,0.242,0.247,0.156,True,999,0.00012570805847644806,0.0029793339781463146,power_5x5_mild_strong_600,power,True,30,1716765723,-0.04999999999999988,0,10
600,600,0.06434919406232864,0.11161462528765254,0.049015465248317014,0.09464599833074772,-0.047265431225323895,-0.0456305330824307,0.02730740021762463,-1.7308652910436357,-1.6709951411991257,0.08347579346331462,0.09472263752864764,0.062,0.072,0.09,True,999,0.00011879205703735352,0.002935500000603497,power_5x5_mild_strong_600,power,True,31,1716765723,-0.04999999999999988,1,4
600,600,0.08875255864707299,0.09183960021548515,0.07252149652981643,0.07562171280727625,-0.0030870415684121633,-0.003100216277459822,0.026362366134047757,-0.1171003222060997,-0.11760007662801568,0.9067805544102402,0.906384544227847,0.914,0.913,0.918,True,999,0.0001195418881252408,0.003057749941945076,power_5x5_mild_strong_600,power,True,32,1716765723,-0.04999999999999988,0,4
600,600,0.0869913051268909,0.07842463111569603,0.07353039838255881,0.06498070731299777,0.008566674011194875,0.00854969106956105,0.025483171103415313,0.33616985799882454,0.33550342046776116,0.7367427813718423,0.7372453649321109,0.738,0.725,0.737,True,999,0.00014445895794779062,0.002849500044248998,power_5x5_mild_strong_600,power,True,33,1716765723,-0.04999999999999988,1,6
600,600,0.09855845795306806,0.1268039559729613,0.08438217808236459,0.11350049487762703,-0.028245498019893234,-0.029118316795262444,0.02885789832627863,-0.9787787627684678,-1.0090241661412562,0.3276893052620804,0.3129630445821632,0.311,0.308,0.306,True,999,0.00012045889161527157,0.0029177499236539006,power_5x5_mild_strong_600,power,True,34,1716765723,-0.04999999999999988,1,6
600,600,0.07825577419545682,0.10067716492524398,0.06250679008985571,0.08653636418404176,-0.02242139072978716,-0.024029574094186046,0.02658448793028518,-0.8434012642479602,-0.9038945627691191,0.39900406511087294,0.3660513125553686,0.384,0.387,0.358,True,999,0.00012320897076278925,0.0030219590989872813,power_5x5_mild_strong_600,power,True,35,1716765723,-0.04999999999999988,1,6
600,600,0.0442994701239684,0.10849938514548124,0.02839259601910271,0.09807080095526999,-0.06419991502151284,-0.06967820493616728,0.025259354676492013,-2.5416292634451754,-2.758510889473131,0.011033713850463901,0.0058065370554123575,0.003,0.011,0.005,True,999,0.00012029102072119713,0.0029614169616252184,power_5x5_mild_strong_600,power,True,36,1716765723,-0.04999999999999988,0,7
600,600,0.08366580307712823,0.12640312212549087,0.06840275304500665,0.11717972588866132,-0.04273731904836264,-0.048776972843654676,0.02784827821127085,-1.5346485238382117,-1.751525623006506,0.12487018658582354,0.0798554116140933,0.127,0.131,0.09,True,999,0.00012149999383836985,0.002978749922476709,power_5x5_mild_strong_600,power,True,37,1716765723,-0.04999999999999988,1,8
600,600,0.08442469923790141,0.14059525814849028,0.06915399914623777,0.12317388196271395,-0.056170558910588864,-0.054019882816476184,0.02895549703539285,-1.93989275479991,-1.865617528528233,0.05239272478223213,0.062094895459050635,0.051,0.057,0.067,True,999,0.00013220799155533314,0.00296879094094038,power_5x5_mild_strong_600,power,True,38,1716765723,-0.04999999999999988,1,2
600,600,0.08724392549579818,0.1306059434649426,0.07112495120111362,0.12158380188012075,-0.043362017969144406,-0.05045885067900713,0.029531676759233454,-1.4683222467409245,-1.7086348022291191,0.14201671075706862,0.08751861787534347,0.14,0.146,0.094,True,999,0.00012866698671132326,0.002865916001610458,power_5x5_mild_strong_600,power,True,39,1716765723,-0.04999999999999988,0,9
600,600,0.053508876758933566,0.12268635198260847,0.039114347403597094,0.10843390953124299,-0.0691774752236749,-0.0693195621276459,0.027549279406106148,-2.511044815507664,-2.5162023697898097,0.012037441412461882,0.011862704667133774,0.007,0.008,0.009,True,999,0.00012029195204377174,0.0029512079199776053,power_5x5_mild_strong_600,power,True,40,1716765723,-0.04999999999999988,0,6
600,600,0.0591072951548125,0.15093140265521698,0.04377983743847835,0.13191395424126995,-0.09182410750040448,-0.0881341168027916,0.028498585033457754,-3.2220584773806014,-3.0925786911638196,0.001272731562912103,0.0019842561824007124,0.001,0.002,0.002,True,999,0.00011754198931157589,0.002876834012567997,power_5x5_mild_strong_600,power,True,41,1716765723,-0.04999999999999988,0,1
600,600,0.09349652354000582,0.11448218781339481,0.07827964639318452,0.09845629530497035,-0.020985664273388993,-0.020176648911785833,0.028850415388822683,-0.7273955674662252,-0.6993538442986417,0.4669836690557989,0.48433092501041963,0.482,0.486,0.515,True,999,0.00012474996037781239,0.002900749910622835,power_5x5_mild_strong_600,power,True,42,1716765723,-0.04999999999999988,0,4
600,600,0.06126510449955691,0.1287097779795634,0.047640188891250546,0.116383041521118,-0.06744467348000649,-0.06874285262986746,0.026817944130089758,-2.5149084192599798,-2.5633155284538724,0.011906330732075497,0.010367777938017353,0.006,0.008,0.01,True,999,0.00012662506196647882,0.003049041028134525,power_5x5_mild_strong_600,power,True,43,1716765723,-0.04999999999999988,2,7
600,600,0.06029447501974938,0.12257548550287534,0.04416721442498783,0.11266122162737702,-0.062281010483125954,-0.06849400720238918,0.027731324332364443,-2.2458722034576457,-2.4699147570984112,0.024712194792514144,0.013514525173742704,0.021,0.025,0.016,True,999,0.00011575000826269388,0.002904915949329734,power_5x5_mild_strong_600,power,True,44,1716765723,-0.04999999999999988,0,8
600,600,0.07022931246963693,0.12415152584415884,0.05474773725302384,0.11294406689358993,-0.05392221337452191,-0.05819632964056609,0.02807630890863585,-1.9205591999287432,-2.0727913284450925,0.054787303027218445,0.03819170380900701,0.039,0.054,0.039,True,999,0.00011845806147903204,0.0029751670081168413,power_5x5_mild_strong_600,power,True,45,1716765723,-0.04999999999999988,0,8
600,600,0.10275109194316312,0.09267801724260893,0.08833700433922331,0.07956558989857854,0.010073074700554185,0.008771414440644776,0.02840045306665711,0.35468007066338825,0.3088476940863542,0.7228292828253364,0.757437386843897,0.72,0.714,0.752,True,999,0.0001228339970111847,0.002944833948276937,power_5x5_mild_strong_600,power,True,46,1716765723,-0.04999999999999988,1,7
600,600,0.05529406642198209,0.09749368952682119,0.03833133009254652,0.07937005714148881,-0.0421996231048391,-0.04103872704894229,0.02538868879094842,-1.6621426751224788,-1.616417743620278,0.09648417071996133,0.10600402461451144,0.064,0.076,0.096,True,999,0.00012337497901171446,0.002968583954498172,power_5x5_mild_strong_600,power,True,47,1716765723,-0.04999999999999988,0,3
600,600,0.07927129236715014,0.1269065893295993,0.06400790848101678,0.11013025322125714,-0.04763529696244917,-0.04612234474024035,0.02869427128604947,-1.6600978114265064,-1.6073711815314171,0.09689477713847133,0.10797296795571926,0.09,0.094,0.107,True,999,0.0001212080242112279,0.002969707944430411,power_5x5_mild_strong_600,power,True,48,1716765723,-0.04999999999999988,0,2
600,600,0.06705416602685987,0.11799063720205283,0.051673754900321,0.10356001843155127,-0.050936471175192954,-0.05188626353123027,0.027943466402329763,-1.8228401030069115,-1.8568298858907604,0.06832761188435411,0.06333536034914272,0.059,0.063,0.059,True,999,0.00011729204561561346,0.0029070829041302204,power_5x5_mild_strong_600,power,True,49,1716765723,-0.04999999999999988,0,5
600,600,0.05576349449888807,0.11159175578334479,0.041133847158221215,0.09842603594964316,-0.055828261284456726,-0.05729218879142195,0.026129801012742652,-2.136574299101287,-2.192599505961887,0.032632631859543404,0.028336246758276645,0.02,0.023,0.021,True,999,0.00011645792983472347,0.002939417026937008,power_5x5_mild_strong_600,power,True,50,1716765723,-0.04999999999999988,0,7
600,600,0.03742493597800989,0.13869456845700645,0.022316357493195937,0.11919761634135284,-0.10126963247899656,-0.0968812588481569,0.025850532149267486,-3.917506683972314,-3.7477471755219622,8.946956584166482e-05,0.0001784299709797328,0.001,0.001,0.002,True,999,0.0001176249934360385,0.003013625042513013,power_5x5_mild_strong_600,power,True,51,1716765723,-0.04999999999999988,1,2
600,600,0.06128489434481543,0.12000624469222682,0.04580780302342191,0.10680290967223982,-0.05872135034741138,-0.06099510664881791,0.02660197888283249,-2.2074053440177352,-2.2928785455198195,0.02728575336509602,0.021854998325534867,0.014,0.018,0.014,True,999,0.0001212080242112279,0.002936874981969595,power_5x5_mild_strong_600,power,True,52,1716765723,-0.04999999999999988,0,6
600,600,0.045975475396458854,0.11586137404174385,0.030808191392225126,0.10168718607252458,-0.069885898645285,-0.07087899468029946,0.025860875562073022,-2.702379448736766,-2.7407809341246354,0.0068845144543971636,0.006129335828282264,0.005,0.01,0.009,True,999,0.00011666701175272465,0.003016625065356493,power_5x5_mild_strong_600,power,True,53,1716765723,-0.04999999999999988,1,6
600,600,0.08018211041726742,0.09448935546952336,0.06397178671011261,0.07782453964910019,-0.014307245052255946,-0.013852752938987578,0.02656462502566073,-0.538582608955915,-0.5214736863632061,0.5901748901722981,0.6020368315938758,0.558,0.551,0.58,True,999,0.00011712498962879181,0.002980042016133666,power_5x5_mild_strong_600,power,True,54,1716765723,-0.04999999999999988,0,4
600,600,0.07968228681762812,0.09284351257610401,0.06398614560589522,0.08054714030686227,-0.013161225758475892,-0.016560994700967058,0.027317026140395526,-0.4817957009973901,-0.6062517426257172,0.6299510836142669,0.5443475982025816,0.589,0.59,0.515,True,999,0.00011700007598847151,0.0029677499551326036,power_5x5_mild_strong_600,power,True,55,1716765723,-0.04999999999999988,0,7
600,600,0.08175933746047259,0.10969403451474535,0.0670456286462695,0.09705464523051432,-0.02793469705427276,-0.03000901658424482,0.028697536333584767,-0.9734179523132356,-1.0457000989706988,0.3303456200841286,0.295699517111228,0.331,0.341,0.313,True,999,0.0001275420654565096,0.0029711660463362932,power_5x5_mild_strong_600,power,True,56,1716765723,-0.04999999999999988,0,6
600,600,0.06096111918333058,0.13833206296808498,0.04551417079392195,0.12511557670819684,-0.0773709437847544,-0.07960140591427489,0.02786359739842689,-2.7767751119287483,-2.8568244356979187,0.005490115079592024,0.0042790244748773625,0.006,0.006,0.006,True,999,0.00012070895172655582,0.0029607920441776514,power_5x5_mild_strong_600,power,True,57,1716765723,-0.04999999999999988,0,7
600,600,0.06887898002391268,0.1117074844518623,0.05341736001173558,0.09730298744887023,-0.04282850442794961,-0.043885627437134644,0.028104796646692236,-1.5238859389858017,-1.561499554286927,0.12753720654637382,0.11840592892814485,0.095,0.114,0.112,True,999,0.00012429198250174522,0.002922374987974763,power_5x5_mild_strong_600,power,True,58,1716765723,-0.04999999999999988,0,5
600,600,0.07045079670959487,0.08024892339269751,0.05614612886006398,0.0644078853512724,-0.009798126683102648,-0.008261756491208416,0.02475404587214128,-0.3958192019887005,-0.3337537844876651,0.6922384101819128,0.738565360182251,0.719,0.708,0.746,True,999,0.0001217919634655118,0.0030388750601559877,power_5x5_mild_strong_600,power,True,59,1716765723,-0.04999999999999988,1,5
600,600,0.05695368013625868,0.09474753001276304,0.043369355884692595,0.07953069809019553,-0.03779384987650436,-0.03616134220550293,0.024781432486903933,-1.5250873772723592,-1.459211134167198,0.127237305183019,0.14450700523539373,0.096,0.107,0.132,True,999,0.00012833299115300179,0.002872499986551702,power_5x5_mild_strong_600,power,True,60,1716765723,-0.04999999999999988,1,4
600,600,0.0559435018196508,0.09006623678469539,0.03984817222851689,0.07803364280169944,-0.03412273496504459,-0.038185470573182556,0.024824180997826684,-1.3745764651019898,-1.5382368738177357,0.16926278914802317,0.1239907081422031,0.12,0.14,0.109,True,999,0.00011983304284512997,0.0029482078971341252,power_5x5_mild_strong_600,power,True,61,1716765723,-0.04999999999999988,0,6
600,600,0.0821610209811865,0.1040565485724475,0.06604659331333096,0.09062775524023436,-0.02189552759126101,-0.024581161926903405,0.026627462253918505,-0.822291188790958,-0.9231507566323198,0.41091119030100753,0.3559286468999906,0.423,0.408,0.357,True,999,0.00013404199853539467,0.0029562910785898566,power_5x5_mild_strong_600,power,True,62,1716765723,-0.04999999999999988,0,6
600,600,0.06534571849496651,0.11737829905005087,0.04758365867144221,0.10573401323767939,-0.05203258055508436,-0.05815035456623718,0.02780927023826138,-1.8710516352743174,-2.091042090210301,0.06133792434761427,0.03652429109752821,0.046,0.06,0.041,True,999,0.00011416606139391661,0.0029349999967962503,power_5x5_mild_strong_600,power,True,63,1716765723,-0.04999999999999988,0,7
600,600,0.0506336376174803,0.11446727092071363,0.03608811147432789,0.0987182188476936,-0.06383363330323333,-0.06263010737336572,0.025701481712479605,-2.4836557680734135,-2.436828665133149,0.013004144654036322,0.014816697886455227,0.011,0.011,0.012,True,999,0.0001192090567201376,0.0029928339645266533,power_5x5_mild_strong_600,power,True,64,1716765723,-0.04999999999999988,0,5
600,600,0.06034258335973519,0.16312123114467114,0.04579008688335762,0.14682549362169084,-0.10277864778493595,-0.10103540673833322,0.02812144820288602,-3.654813473453621,-3.5928237411316624,0.00025736902604912897,0.0003271138637645255,0.001,0.001,0.001,True,999,0.00011570809874683619,0.002862541936337948,power_5x5_mild_strong_600,power,True,65,1716765723,-0.04999999999999988,0,5
600,600,0.07981128717486663,0.12468607785906916,0.06512939046854171,0.11147163832515616,-0.044874790684202526,-0.04634224785661445,0.02856394000402012,-1.5710294405424041,-1.6224039068172034,0.11617581050061329,0.10471689320123918,0.081,0.102,0.095,True,999,0.00011645792983472347,0.0029594999505206943,power_5x5_mild_strong_600,power,True,66,1716765723,-0.04999999999999988,1,6
600,600,0.05290540514089548,0.11798244053591195,0.03729060239641058,0.10465893874390986,-0.06507703539501647,-0.06736833634749928,0.026903152937887573,-2.4189371240338455,-2.5041056155401322,0.015565930551639729,0.012276138252351115,0.011,0.019,0.019,True,999,0.00012574996799230576,0.003014791989699006,power_5x5_mild_strong_600,power,True,67,1716765723,-0.04999999999999988,0,6
600,600,0.07506150553190971,0.1577075800151725,0.062445891428410505,0.1437861722625371,-0.08264607448326278,-0.08134028083412659,0.02824075498922463,-2.926482472398373,-2.8802445566757084,0.0034281882276338436,0.003973668091794602,0.003,0.003,0.004,True,999,0.00016362499445676804,0.0029376669554039836,power_5x5_mild_strong_600,power,True,68,1716765723,-0.04999999999999988,2,6
600,600,0.06700237123300035,0.10475076607527994,0.052720905279898034,0.08873481343709955,-0.0377483948422796,-0.03601390815720151,0.02579749047665616,-1.463258407884196,-1.3960237019872173,0.1433966839804975,0.16270735778935153,0.133,0.133,0.155,True,999,0.00012041698209941387,0.002929875045083463,power_5x5_mild_strong_600,power,True,69,1716765723,-0.04999999999999988,1,4
600,600,0.06643586433764503,0.1084064111895951,0.050183991056883315,0.09335871321627565,-0.041970546851950064,-0.04317472215939233,0.027291050505461406,-1.5378868191076427,-1.5820102692914781,0.12407629065644236,0.11364722616501262,0.094,0.105,0.103,True,999,0.00011920800898224115,0.0030152919935062528,power_5x5_mild_strong_600,power,True,70,1716765723,-0.04999999999999988,0,5
600,600,0.06855668544776994,0.1361377309321592,0.05407624240115183,0.12163768766004068,-0.06758104548438926,-0.06756144525888885,0.028151932920572775,-2.4005827832518953,-2.399886553065652,0.016368987782170732,0.01640015372259374,0.016,0.018,0.018,True,999,0.00012558407615870237,0.00284995895344764,power_5x5_mild_strong_600,power,True,71,1716765723,-0.04999999999999988,0,5
600,600,0.06215247585158479,0.11983938333032063,0.0483648295422654,0.10633272343915223,-0.05768690747873584,-0.057967893896886835,0.026919326947022554,-2.14295504461401,-2.1533931368703274,0.03211670835180455,0.031287794521670756,0.023,0.025,0.03,True,999,0.00012387498281896114,0.003016333095729351,power_5x5_mild_strong_600,power,True,72,1716765723,-0.04999999999999988,1,6
600,600,0.08859830560535764,0.1317764579819245,0.07379241933858793,0.11742352941718082,-0.04317815237656686,-0.04363111007859288,0.029798040550036535,-1.4490265661617108,-1.4642274885601292,0.14733016370450366,0.1431318018733923,0.119,0.136,0.127,True,999,0.00012641598004847765,0.002954583032988012,power_5x5_mild_strong_600,power,True,73,1716765723,-0.04999999999999988,0,5
600,600,0.05798181152455406,0.09006090602341782,0.041759733226058415,0.07766042078142732,-0.03207909449886376,-0.035900687555368904,0.025334151319031984,-1.2662391605265544,-1.4170866473193808,0.2054274712149584,0.15645759596913314,0.184,0.19,0.162,True,999,0.0001225409796461463,0.002938666963018477,power_5x5_mild_strong_600,power,True,74,1716765723,-0.04999999999999988,0,7
600,600,0.06505950107079816,0.1058922230747813,0.04954325742119181,0.09427185572116059,-0.040832722003983135,-0.04472859829996878,0.0273910210479985,-1.4907338405687816,-1.6329657160858984,0.136031387667581,0.10247620738574055,0.106,0.118,0.094,True,999,0.00012054189573973417,0.003008625004440546,power_5x5_mild_strong_600,power,True,75,1716765723,-0.04999999999999988,0,7
600,600,0.0659920200028774,0.15402760090920636,0.050674726651436686,0.1392831150595839,-0.08803558090632896,-0.08860838840814722,0.029867935701239686,-2.947494657378514,-2.966672665110548,0.0032036028807648415,0.0030104127371341958,0.001,0.001,0.001,True,999,0.00012045807670801878,0.0030158330919221044,power_5x5_mild_strong_600,power,True,76,1716765723,-0.04999999999999988,1,5
600,600,0.05549652547024864,0.08946328736136722,0.039978410257958785,0.07735879459372086,-0.03396676189111858,-0.037380384335762074,0.024943964169350328,-1.361722686117988,-1.4985743277202461,0.17328541896046423,0.13398409686062906,0.161,0.161,0.131,True,999,0.00012091605458408594,0.0030227089300751686,power_5x5_mild_strong_600,power,True,77,1716765723,-0.04999999999999988,0,8
600,600,0.04481221311394479,0.09077791488687309,0.029429463276755996,0.07498016059429347,-0.0459657017729283,-0.04555069731753747,0.024683233035246693,-1.862223708996754,-1.8454104959626987,0.06257156385851088,0.06497784747474919,0.046,0.056,0.06,True,999,0.00012912496458739042,0.002957875025458634,power_5x5_mild_strong_600,power,True,78,1716765723,-0.04999999999999988,0,5
600,600,0.05509649733830124,0.10427827999136419,0.0394492195272278,0.09099010830871634,-0.049181782653062944,-0.05154088878148855,0.02646307767365053,-1.8585057739536315,-1.947652854936377,0.06309722420566095,0.05145651481327671,0.049,0.062,0.053,True,999,0.00011591601651161909,0.0029385830275714397,power_5x5_mild_strong_600,power,True,79,1716765723,-0.04999999999999988,0,6
600,600,0.09054494841872729,0.11486151449373122,0.0745806912526632,0.10770077136834288,-0.02431656607500393,-0.033120080115679684,0.028971098371517453,-0.8393387700795782,-1.1432110612775817,0.40127923290599443,0.2529509708183322,0.374,0.377,0.253,True,999,0.00011558400001376867,0.0029577920213341713,power_5x5_mild_strong_600,power,True,80,1716765723,-0.04999999999999988,0,10
600,600,0.06499232731774462,0.13069918977490613,0.05069593707207787,0.11546615743731081,-0.06570686245716151,-0.06477022036523294,0.027699023006186065,-2.3721725651654606,-2.33835757856036,0.01768382937369129,0.019368706416561014,0.007,0.019,0.02,True,999,0.00012866698671132326,0.0028926670784130692,power_5x5_mild_strong_600,power,True,81,1716765723,-0.04999999999999988,1,4
600,600,0.044688254355110146,0.11912010646838367,0.029266939979606832,0.105954501639701,-0.07443185211327352,-0.07668756166009416,0.02630314149258617,-2.829770433856844,-2.9155286140140104,0.004658141428572227,0.003550865444081132,0.002,0.004,0.005,True,999,0.00011820800136774778,0.0028782919980585575,power_5x5_mild_strong_600,power,True,82,1716765723,-0.04999999999999988,0,6
600,600,0.051688213555147744,0.11742186971118973,0.037045101597641406,0.1033815845342474,-0.06573365615604199,-0.06633648293660599,0.02707801630137577,-2.427565425193359,-2.4498280154013936,0.015200544926754343,0.014292446347145913,0.011,0.014,0.013,True,999,0.00012220803182572126,0.0029722920153290033,power_5x5_mild_strong_600,power,True,83,1716765723,-0.04999999999999988,0,6
600,600,0.06221323898384945,0.13089264183917876,0.04615339472150026,0.11926494970077783,-0.06867940285532931,-0.07311155497927757,0.028397858614981997,-2.418471187792159,-2.5745446503739458,0.015585879822586824,0.010037213035240456,0.01,0.015,0.011,True,999,0.00011879100929945707,0.002922166953794658,power_5x5_mild_strong_600,power,True,84,1716765723,-0.04999999999999988,0,7
600,600,0.03324262594901661,0.0842502208453022,0.017794758848822312,0.06983990570944343,-0.05100759489628559,-0.052045146860621117,0.02300406416982321,-2.2173297083389936,-2.2624326934757066,0.026600569204394034,0.0236706829097415,0.012,0.015,0.018,True,999,0.00013208400923758745,0.0029887499986216426,power_5x5_mild_strong_600,power,True,85,1716765723,-0.04999999999999988,0,6
600,600,0.086094239100039,0.12098797120102744,0.07070977529997435,0.11138666139049747,-0.03489373210098845,-0.04067688609052311,0.02908715226617908,-1.199626961817123,-1.398448556197092,0.23028425049800827,0.16197841069070407,0.23,0.238,0.175,True,999,0.00011283392086625099,0.0029323750641196966,power_5x5_mild_strong_600,power,True,86,1716765723,-0.04999999999999988,0,7
600,600,0.06933490622053662,0.11586376736499215,0.054882442578900736,0.0996700927566394,-0.046528861144455536,-0.04478765017773867,0.027053344637539636,-1.7198931136925442,-1.6555309806533363,0.08545187251586647,0.097816837453518,0.076,0.072,0.088,True,999,0.00011470797471702099,0.0028278749668970704,power_5x5_mild_strong_600,power,True,87,1716765723,-0.04999999999999988,0,3
600,600,0.07985434853667861,0.11372508856578079,0.0637935783578314,0.10294929512841122,-0.033870740029102175,-0.03915571677057983,0.029215088824273275,-1.1593577631350813,-1.3402566395090818,0.2463103856106973,0.1801619231757422,0.235,0.242,0.18,True,999,0.00011908297892659903,0.0030049579218029976,power_5x5_mild_strong_600,power,True,88,1716765723,-0.04999999999999988,0,8
600,600,0.06669939185993634,0.12091699771840303,0.05291543835301127,0.10585740783216124,-0.05421760585846669,-0.052941969479149975,0.027190494455206084,-1.9939911702519924,-1.9470763787090062,0.046153019472527965,0.05152557844740334,0.043,0.052,0.061,True,999,0.00012029195204377174,0.0029756249859929085,power_5x5_mild_strong_600,power,True,89,1716765723,-0.04999999999999988,1,5
600,600,0.07730598365674979,0.11140193461024472,0.06286411156088434,0.09659256577759834,-0.034095950953494936,-0.033728454216714,0.027789630430177632,-1.2269307085303687,-1.2137064687296888,0.21984863546662592,0.22485983330992187,0.194,0.203,0.209,True,999,0.00012216705363243818,0.0028819579165428877,power_5x5_mild_strong_600,power,True,90,1716765723,-0.04999999999999988,0,6
600,600,0.0795158999171599,0.15321532563229695,0.06347848089001218,0.1428895703201647,-0.07369942571513705,-0.07941108943015251,0.03019836870599385,-2.4405101624085077,-2.6296483165460125,0.014666533289878915,0.008547323863832073,0.013,0.016,0.011,True,999,0.00011904200073331594,0.002953041926957667,power_5x5_mild_strong_600,power,True,91,1716765723,-0.04999999999999988,0,7
600,600,0.06864484775293589,0.09010071851770657,0.05490026737822973,0.0749572987926399,-0.02145587076477068,-0.020057031414410176,0.026258836076796844,-0.8170914621661308,-0.763820275801684,0.41387616172685415,0.44497435221308346,0.398,0.397,0.436,True,999,0.00013429205864667892,0.002973124966956675,power_5x5_mild_strong_600,power,True,92,1716765723,-0.04999999999999988,1,5
600,600,0.08095375781687697,0.09304624392919775,0.06480080690494106,0.08227472495480015,-0.012092486112320777,-0.017473918049859094,0.026562606935464222,-0.45524470326652605,-0.6578389723686852,0.6489332031408206,0.5106416087991279,0.648,0.648,0.512,True,999,0.0001309579238295555,0.0029213749803602695,power_5x5_mild_strong_600,power,True,93,1716765723,-0.04999999999999988,0,8
600,600,0.05364312416268757,0.08893432138208407,0.03824800746951951,0.0758718665946958,-0.0352911972193965,-0.037623859125176295,0.025409633415315384,-1.3888904512146605,-1.4806927164285226,0.1648660645970942,0.13868847575868914,0.141,0.141,0.117,True,999,0.00011795805767178535,0.0030558749567717314,power_5x5_mild_strong_600,power,True,94,1716765723,-0.04999999999999988,0,7
600,600,0.045480213734758634,0.10842808488400263,0.03000880420188423,0.0947013324153545,-0.062947871149244,-0.06469252821347027,0.02540326493142503,-2.477944127228092,-2.546622585250551,0.013214183624739941,0.010877100092639086,0.004,0.005,0.006,True,999,0.00011929194442927837,0.002878124942071736,power_5x5_mild_strong_600,power,True,95,1716765723,-0.04999999999999988,0,5
600,600,0.05829955507558182,0.1197972339777349,0.04553484759640014,0.10948251680855492,-0.061497678902153075,-0.06394766921215478,0.02657577286529884,-2.3140504403713242,-2.4062393043573183,0.02066495547073092,0.016117702964165394,0.01,0.015,0.011,True,999,0.00012275006156414747,0.0029464169638231397,power_5x5_mild_strong_600,power,True,96,1716765723,-0.04999999999999988,2,7
600,600,0.04978723432254928,0.11727098399960428,0.03429268336685709,0.10247908932632299,-0.067483749677055,-0.0681864059594659,0.026687685801253695,-2.528647488568861,-2.5549763462916197,0.011450296625616327,0.010619501419833342,0.004,0.006,0.005,True,999,0.00011904200073331594,0.0029920421075075865,power_5x5_mild_strong_600,power,True,97,1716765723,-0.04999999999999988,0,5
600,600,0.06470442018075473,0.10015023812312934,0.049326165181355464,0.0898859871890636,-0.03544581794237461,-0.040559822007708135,0.026038306108361643,-1.3612950779080037,-1.5576981789411877,0.17342045785101123,0.11930481240394852,0.135,0.139,0.097,True,999,0.00011833396274596453,0.00293216691352427,power_5x5_mild_strong_600,power,True,98,1716765723,-0.04999999999999988,0,7
600,600,0.06218595887838929,0.1306943215622413,0.04759072136562281,0.1184340912168409,-0.06850836268385202,-0.07084336985121809,0.02797284911375318,-2.449102070556305,-2.532576126340563,0.014321285769986165,0.011322778044988114,0.006,0.009,0.008,True,999,0.00012270896695554256,0.002927500056102872,power_5x5_mild_strong_600,power,True,99,1716765723,-0.04999999999999988,0,6
600,600,0.03857885519201809,0.15168427112158095,0.022113368129794253,0.13852896804880288,-0.11310541592956286,-0.11641559991900863,0.02698789774535135,-4.190968003391268,-4.313622387985412,2.7776683383827486e-05,1.60601166254549e-05,0.001,0.001,0.001,True,999,0.0001181670231744647,0.003026625025086105,power_5x5_mild_strong_600,power,True,100,1716765723,-0.04999999999999988,0,7
600,600,0.10560501381015186,0.07497866488580579,0.0895526511405933,0.06384274880886665,0.03062634892434607,0.025709902331726653,0.026913394329088663,1.137959357703326,0.9552827866063239,0.2551374535572076,0.33943470996615455,0.276,0.251,0.353,True,999,0.0001192920608446002,0.0029404169181361794,power_5x5_mild_strong_600,power,True,101,1716765723,-0.04999999999999988,0,7
600,600,0.09823313160206237,0.09848288005709843,0.08297999607259499,0.08258083653552717,-0.00024974845503605847,0.00039915953706781693,0.027710636868430526,-0.009012728802367786,0.01440456020419225,0.99280898019158,0.9885072212513326,0.995,0.995,0.985,True,999,0.00012212502770125866,0.0029828749829903245,power_5x5_mild_strong_600,power,True,102,1716765723,-0.04999999999999988,0,5
600,600,0.05600041463054917,0.06165906940992005,0.04126153783522568,0.046829263285076195,-0.005658654779370886,-0.0055677254498505135,0.02314298279516286,-0.24450844687805792,-0.24057942310764843,0.8068370608120969,0.8098810998130608,0.824,0.813,0.822,True,999,0.00012287497520446777,0.0029421669896692038,power_5x5_mild_strong_600,power,True,103,1716765723,-0.04999999999999988,0,6
600,600,0.0613207003870786,0.10715566630611068,0.04578372525850227,0.0986031636343796,-0.04583496591903208,-0.052819438375877326,0.02612084270504199,-1.7547276876402138,-2.022118465790609,0.07930589770975723,0.04316411477519607,0.073,0.083,0.051,True,999,0.00011470797471702099,0.002916957950219512,power_5x5_mild_strong_600,power,True,104,1716765723,-0.04999999999999988,0,8
600,600,0.08256988090893747,0.1308875677935144,0.06708097260661816,0.12092399822631705,-0.04831768688457694,-0.05384302561969889,0.02901421341474132,-1.6653109355026683,-1.8557465215425326,0.09585073793963904,0.06348969640946144,0.084,0.092,0.061,True,999,0.00011741695925593376,0.0030519580468535423,power_5x5_mild_strong_600,power,True,105,1716765723,-0.04999999999999988,0,8
600,600,0.07380571716323014,0.154671031487696,0.058406670987665166,0.14470437425364935,-0.08086531432446586,-0.08629770326598418,0.029111366735739563,-2.7777917491310635,-2.9643988909678316,0.005472968256587578,0.00303274886494589,0.005,0.005,0.005,True,999,0.0001222500577569008,0.0028947499813511968,power_5x5_mild_strong_600,power,True,106,1716765723,-0.04999999999999988,0,8
600,600,0.08700092452295505,0.1349266181105943,0.07249538682697221,0.12394405757086702,-0.04792569358763926,-0.05144867074389481,0.030563631861205393,-1.5680627814547015,-1.6833297488182,0.11686648136957302,0.09231127453503732,0.112,0.12,0.092,True,999,0.0001243329606950283,0.0028730420162901282,power_5x5_mild_strong_600,power,True,107,1716765723,-0.04999999999999988,0,7
600,600,0.04911614722074553,0.10270344233888706,0.03380975658603802,0.08993454136947321,-0.05358729511814153,-0.05612478478343519,0.025381723652348084,-2.11125516344451,-2.211228266140351,0.03475038564352731,0.027020033928936475,0.024,0.034,0.031,True,999,0.00012049998622387648,0.002997708972543478,power_5x5_mild_strong_600,power,True,108,1716765723,-0.04999999999999988,0,6
600,600,0.04781399303619105,0.12976382496847982,0.03321721676616107,0.11973076377114467,-0.08194983193228877,-0.0865135470049836,0.026777900711046895,-3.0603531179156764,-3.2307815290872854,0.0022107616884325704,0.0012345226089886664,0.003,0.003,0.003,True,999,0.00012233294546604156,0.0030162499751895666,power_5x5_mild_strong_600,power,True,109,1716765723,-0.04999999999999988,1,8
600,600,0.05684122144011072,0.09370548693603953,0.041286169137833895,0.08135381697672983,-0.036864265495928805,-0.04006764783889594,0.02592785090043395,-1.4218018160275605,-1.5453516758006864,0.1550837922628277,0.12226122230696204,0.122,0.146,0.122,True,999,0.00012129195965826511,0.0029742090264335275,power_5x5_mild_strong_600,power,True,110,1716765723,-0.04999999999999988,0,7
600,600,0.04868890050729158,0.09170271772981381,0.03251956855103799,0.07728345801558589,-0.04301381722252223,-0.0447638894645479,0.024635706817314397,-1.7459948497313413,-1.8170328863098448,0.08081184678191768,0.06921207795701222,0.058,0.07,0.063,True,999,0.00012066704221069813,0.0029543329728767276,power_5x5_mild_strong_600,power,True,111,1716765723,-0.04999999999999988,0,5
600,600,0.0625357261012871,0.09957521543619269,0.04731705624283222,0.08123075706404848,-0.037039489334905584,-0.03391370082121625,0.026327606760393616,-1.4068688305777406,-1.2881421820776702,0.15946628768455506,0.19769647402724777,0.138,0.152,0.2,True,999,0.0001213329378515482,0.0029620000859722495,power_5x5_mild_strong_600,power,True,112,1716765723,-0.04999999999999988,0,4
600,600,0.06231356922133546,0.15662823539655857,0.04756228047745026,0.14505360882264995,-0.0943146661752231,-0.09749132834519969,0.028988962482286763,-3.253468151295603,-3.363049933393449,0.0011400550422893797,0.0007708641907502293,0.001,0.001,0.001,True,999,0.00011849997099488974,0.003034499939531088,power_5x5_mild_strong_600,power,True,113,1716765723,-0.04999999999999988,0,7
600,600,0.10181578215083453,0.1041484141772232,0.08580356644529274,0.08602434931850667,-0.00233263202638867,-0.00022078287321392054,0.029187502418297775,-0.07991886366153525,-0.0075642948152874765,0.9363017867844877,0.9939646235094972,0.949,0.948,0.993,True,999,0.00011854199692606926,0.0029334169812500477,power_5x5_mild_strong_600,power,True,114,1716765723,-0.04999999999999988,0,4
600,600,0.05283510753566367,0.11182888703513899,0.038227470995366275,0.09933042692171057,-0.05899377949947532,-0.06110295592634429,0.02605019774236813,-2.264619258667954,-2.3455851095888702,0.02353605405976575,0.018997240807185973,0.014,0.025,0.022,True,999,0.000116499955765903,0.0030180829344317317,power_5x5_mild_strong_600,power,True,115,1716765723,-0.04999999999999988,1,7
600,600,0.0516135899627832,0.1308567717335225,0.03694224452397066,0.11877163309804928,-0.0792431817707393,-0.08182938857407862,0.026574714284815153,-2.9819015520335816,-3.079219881616417,0.002864641004401685,0.002075434411595619,0.002,0.003,0.003,True,999,0.00012704089749604464,0.0029759170720353723,power_5x5_mild_strong_600,power,True,116,1716765723,-0.04999999999999988,0,6
600,600,0.05413698864878391,0.0933983470511397,0.038182467706519674,0.08502945095293057,-0.039261358402355784,-0.0468469832464109,0.02535610149135706,-1.5483988504990998,-1.847562538838207,0.12152629781768932,0.06466565318189597,0.114,0.119,0.078,True,999,0.00011958298273384571,0.0029421249637380242,power_5x5_mild_strong_600,power,True,117,1716765723,-0.04999999999999988,0,9
600,600,0.0988971719292544,0.10940729003080485,0.08222681492225092,0.09718477427458083,-0.010510118101550447,-0.014957959352329908,0.02866873567833515,-0.3666055671053852,-0.5217516224000621,0.7139132549922947,0.6018432769696498,0.712,0.711,0.611,True,999,0.0001230000052601099,0.002990458975546062,power_5x5_mild_strong_600,power,True,118,1716765723,-0.04999999999999988,0,7
600,600,0.0658666603594833,0.1015704593709133,0.051048591078483696,0.08756461690595074,-0.035703799011430004,-0.03651602582746705,0.02646255771765015,-1.349219504493176,-1.3799129402790637,0.1772664717250837,0.1676134518300595,0.156,0.166,0.162,True,999,0.00012004200834780931,0.0029414170421659946,power_5x5_mild_strong_600,power,True,119,1716765723,-0.04999999999999988,0,6
600,600,0.05826275904871536,0.09519871441579858,0.043810335864350236,0.08150679714756848,-0.03693595536708322,-0.03769646128321824,0.025108709689777412,-1.4710415558359444,-1.501330086211707,0.141279878932395,0.13327020697442055,0.107,0.111,0.111,True,999,0.00012083293404430151,0.00285783305298537,power_5x5_mild_strong_600,power,True,120,1716765723,-0.04999999999999988,1,5
600,600,0.06263537172463862,0.1115098688135513,0.0483924040470356,0.09596706047466341,-0.04887449708891267,-0.047574656427627815,0.02663883138745827,-1.834708751973373,-1.7859137938770941,0.06654885482862452,0.07411321719743978,0.034,0.047,0.055,True,999,0.00011950009502470493,0.0030040000565350056,power_5x5_mild_strong_600,power,True,121,1716765723,-0.04999999999999988,1,4
600,600,0.07786488868686936,0.10683440669422734,0.06407765659139386,0.09523702988241212,-0.028969518007357975,-0.031159373291018255,0.027526931299971334,-1.0524063758384918,-1.131959569029429,0.29261314470706434,0.25765143275445224,0.287,0.286,0.266,True,999,0.00012187508400529623,0.00294775003567338,power_5x5_mild_strong_600,power,True,122,1716765723,-0.04999999999999988,1,7
600,600,0.05387482148764233,0.12434160223728202,0.039061385321588205,0.11193146632939488,-0.07046678074963969,-0.07287008100780668,0.0284012606451616,-2.4811145403027846,-2.56573403266241,0.013097227938755193,0.010295773996280788,0.005,0.011,0.008,True,999,0.00011708401143550873,0.0029221250442788005,power_5x5_mild_strong_600,power,True,123,1716765723,-0.04999999999999988,0,7
600,600,0.08770826527067466,0.11698036853300126,0.0749683947937001,0.1046352053996884,-0.0292721032623266,-0.029666810605988303,0.02759486048261888,-1.0607809842258185,-1.075084638484564,0.2887894460002568,0.28233683634129325,0.269,0.271,0.279,True,999,0.00011662498582154512,0.0029479169752448797,power_5x5_mild_strong_600,power,True,124,1716765723,-0.04999999999999988,2,5
600,600,0.09137808059777397,0.07843733977673961,0.0761571972444699,0.06354826155686055,0.012940740821034358,0.012608935687609346,0.02578766217825668,0.5018190765638915,0.48895225943516474,0.61579479291063,0.62487549619405,0.62,0.605,0.621,True,999,0.0001224579755216837,0.003030707943253219,power_5x5_mild_strong_600,power,True,125,1716765723,-0.04999999999999988,2,6
600,600,0.07585320723346478,0.08224619493452567,0.06050591661426097,0.07128618285761945,-0.006392987701060893,-0.010780266243358483,0.026475678982187573,-0.24146643058189352,-0.40717619557977264,0.8091936313204569,0.6838785837261744,0.81,0.808,0.671,True,999,0.00012474996037781239,0.003017833922058344,power_5x5_mild_strong_600,power,True,126,1716765723,-0.04999999999999988,0,8
600,600,0.038788573279515126,0.11827230500796349,0.022503550673377504,0.10586256576320352,-0.07948373172844836,-0.08335901508982602,0.025311860961333303,-3.1401773204217833,-3.2932787998940984,0.0016884560125063413,0.0009902622713102904,0.002,0.002,0.003,True,999,0.0001253749942407012,0.0029479999793693423,power_5x5_mild_strong_600,power,True,127,1716765723,-0.04999999999999988,0,7
600,600,0.06571207382803346,0.10258493084531778,0.04934539970838614,0.09530369127008953,-0.03687285701728432,-0.04595829156170339,0.02695149769074584,-1.368119035178706,-1.7052221768545275,0.17127481931440613,0.0881529954497202,0.123,0.132,0.072,True,999,0.00011912488844245672,0.0029689170187339187,power_5x5_mild_strong_600,power,True,128,1716765723,-0.04999999999999988,0,10
600,600,0.07331467860866248,0.10857598283185088,0.05808939000053215,0.09713211927640941,-0.035261304223188406,-0.039042729275877264,0.02652057093773549,-1.3295831490948762,-1.4721677511219902,0.1836556531750505,0.14097558357260723,0.162,0.165,0.127,True,999,0.00011824991088360548,0.002955083968117833,power_5x5_mild_strong_600,power,True,129,1716765723,-0.04999999999999988,0,6
600,600,0.060766661992578075,0.11348798730123155,0.04514401840037863,0.09276922063372695,-0.05272132530865348,-0.04762520223334832,0.02672397973200358,-1.972809657744071,-1.7821148912306,0.04851725243330078,0.07473049791946848,0.03,0.035,0.067,True,999,0.00012312503531575203,0.0028884169878438115,power_5x5_mild_strong_600,power,True,130,1716765723,-0.04999999999999988,0,2
600,600,0.05415201153817817,0.13364308673899167,0.03882059358966217,0.11706242045192994,-0.0794910752008135,-0.07824182686226777,0.027392962184395606,-2.9018794924667026,-2.856274773629199,0.0037093120026586847,0.004286439991044803,0.004,0.005,0.005,True,999,0.00012037495616823435,0.002937000012025237,power_5x5_mild_strong_600,power,True,131,1716765723,-0.04999999999999988,0,4
600,600,0.06934023626592012,0.11315519486164721,0.05397923731402443,0.10171028817262595,-0.043814958595727094,-0.04773105085860152,0.02739662826780106,-1.5992828813618027,-1.7422235463441782,0.10975776148349647,0.08146933533675738,0.108,0.108,0.09,True,999,0.00011891697067767382,0.0029731669928878546,power_5x5_mild_strong_600,power,True,132,1716765723,-0.04999999999999988,0,6
600,600,0.04538316166280687,0.09036914039492294,0.02918115278600908,0.0749614406201431,-0.04498597873211607,-0.045780287834134015,0.024200516537427188,-1.8588850639837886,-1.8917070535801472,0.06304343162803412,0.05853002302019556,0.046,0.054,0.055,True,999,0.00011799996718764305,0.002916625002399087,power_5x5_mild_strong_600,power,True,133,1716765723,-0.04999999999999988,0,4
600,600,0.09457721255007101,0.08600725891104244,0.08000420563689659,0.07078878179200387,0.008569953639028571,0.009215423844892712,0.02751685803089967,0.3114437567474114,0.33490102084127416,0.7554632936627071,0.7376997520085249,0.761,0.751,0.738,True,999,0.00012112502008676529,0.0030260419007390738,power_5x5_mild_strong_600,power,True,134,1716765723,-0.04999999999999988,1,5
600,600,0.04661410866743254,0.1351662873929539,0.029868857376527558,0.12420853395633458,-0.08855217872552135,-0.09433967657980702,0.026799327212362972,-3.3042687237562727,-3.5202255576134975,0.0009522450849468964,0.00043117995242809436,0.001,0.001,0.001,True,999,0.00012037495616823435,0.0030239589978009462,power_5x5_mild_strong_600,power,True,135,1716765723,-0.04999999999999988,0,7
600,600,0.06307445779927323,0.07769850056854383,0.04669988854050189,0.06125129522132511,-0.014624042769270595,-0.01455140668082322,0.024408902193656348,-0.5991274270856496,-0.596151623918793,0.5490879132056775,0.5510739396552788,0.523,0.518,0.541,True,999,0.00012437498662620783,0.0029237919952720404,power_5x5_mild_strong_600,power,True,136,1716765723,-0.04999999999999988,0,5
600,600,0.05918731336091421,0.15172871701417112,0.04201908324182568,0.14043795961748629,-0.09254140365325692,-0.0984188763756606,0.029219777226279022,-3.167081081303697,-3.368228156344288,0.0015397738036077968,0.0007565296177413572,0.001,0.001,0.001,True,999,0.00012070790398865938,0.0030465000309050083,power_5x5_mild_strong_600,power,True,137,1716765723,-0.04999999999999988,0,8
600,600,0.07201922719836729,0.07199908450133635,0.05585954774608126,0.06050719622624001,2.0142697030933743e-05,-0.00464764848015875,0.024807506982904504,0.0008119597444763232,-0.18734847009663508,0.9993521499270746,0.8513874220612485,0.999,0.999,0.836,True,999,0.00012383307330310345,0.0029104159912094474,power_5x5_mild_strong_600,power,True,138,1716765723,-0.04999999999999988,0,7
600,600,0.06484508222478746,0.10463262990050498,0.04968396134097475,0.09327399693373195,-0.039787547675717516,-0.043590035592757204,0.026757270129194485,-1.4869808274015919,-1.6290912855566952,0.13701987476367733,0.10329369575161569,0.133,0.135,0.109,True,999,0.00011770904529839754,0.0029452090384438634,power_5x5_mild_strong_600,power,True,139,1716765723,-0.04999999999999988,0,8
600,600,0.04019646238641339,0.11296088756561501,0.025155436063073466,0.10168074938741256,-0.07276442517920162,-0.0765253133243391,0.025220949902149733,-2.885078692971809,-3.0341963177927878,0.003913158342379862,0.0024117743125042146,0.004,0.004,0.004,True,999,0.00012224994134157896,0.003028332954272628,power_5x5_mild_strong_600,power,True,140,1716765723,-0.04999999999999988,0,7
600,600,0.04077916556754446,0.1302235619420497,0.02625948981744841,0.11997644901651938,-0.08944439637450524,-0.09371695919907097,0.027927884263711223,-3.202691458111168,-3.3556770113389645,0.0013614976505187794,0.0007917097274855498,0.001,0.002,0.001,True,999,0.00012095808051526546,0.002865375019609928,power_5x5_mild_strong_600,power,True,141,1716765723,-0.04999999999999988,0,7
600,600,0.05900143558201698,0.15848048593316272,0.04292070306712503,0.14943895810722552,-0.09947905035114574,-0.10651825504010048,0.028584266169859353,-3.480203051566925,-3.726464566455043,0.0005010338967913332,0.00019418435586275842,0.001,0.001,0.001,True,999,0.0001180840190500021,0.002993999980390072,power_5x5_mild_strong_600,power,True,142,1716765723,-0.04999999999999988,0,9
600,600,0.08861597930552956,0.1011894099004162,0.07178281562619304,0.08868343336268936,-0.012573430594886637,-0.016900617736496315,0.02884603192054691,-0.43588076965035294,-0.5858905579473506,0.6629232381827437,0.5579490628179071,0.652,0.663,0.565,True,999,0.00011783302761614323,0.002980915945954621,power_5x5_mild_strong_600,power,True,143,1716765723,-0.04999999999999988,0,7
600,600,0.07700436566622637,0.11481959775976913,0.06221116362689827,0.10301416545280517,-0.03781523209354276,-0.040803001825906904,0.02845636302414639,-1.328884933800394,-1.4338797193191513,0.18388593516345153,0.15160659028581322,0.146,0.144,0.126,True,999,0.00011891592293977737,0.0029430000577121973,power_5x5_mild_strong_600,power,True,144,1716765723,-0.04999999999999988,0,7
600,600,0.056609928797662246,0.1522185696237493,0.04078986713886934,0.14052678773862226,-0.09560864082608705,-0.09973692059975292,0.027792453209075158,-3.4400936148690775,-3.5886332109461105,0.0005815130081686991,0.00033241613039933297,0.001,0.001,0.001,True,999,0.00011754198931157589,0.0030927499756217003,power_5x5_mild_strong_600,power,True,145,1716765723,-0.04999999999999988,0,7
600,600,0.06243680365824611,0.12125967280587124,0.046235976602815754,0.1104517743454494,-0.058822869147625134,-0.06421579774263364,0.027972940195183208,-2.1028489939628914,-2.295639903941569,0.035478971681035525,0.02169647918820929,0.014,0.024,0.016,True,999,0.00013937498442828655,0.0029206249164417386,power_5x5_mild_strong_600,power,True,146,1716765723,-0.04999999999999988,0,8
600,600,0.06836002414258835,0.0859928927467074,0.05289368557987473,0.06948827478606745,-0.017632868604119056,-0.016594589206192722,0.025838825600325067,-0.6824175710175165,-0.6422346534969435,0.49497494828589594,0.5207208359318118,0.484,0.485,0.536,True,999,0.00012037495616823435,0.0029404170345515013,power_5x5_mild_strong_600,power,True,147,1716765723,-0.04999999999999988,0,3
600,600,0.05146417737504616,0.12861836844726016,0.03603254431300229,0.11594023817858101,-0.077154191072214,-0.07990769386557872,0.027646818889604532,-2.790707725915791,-2.890303372140394,0.005259294016306291,0.003848702142829404,0.002,0.003,0.003,True,999,0.00012133305426687002,0.002997499890625477,power_5x5_mild_strong_600,power,True,148,1716765723,-0.04999999999999988,0,6
600,600,0.03880200579364268,0.12372019921274025,0.023418633564460833,0.1085884890193256,-0.08491819341909757,-0.08516985545486477,0.025842379918871793,-3.286005146804794,-3.2957434927527007,0.0010161915316676796,0.0009816159688130245,0.001,0.001,0.001,True,999,0.0001261249417439103,0.0029839160852134228,power_5x5_mild_strong_600,power,True,149,1716765723,-0.04999999999999988,0,5
600,600,0.0823659403562389,0.12998808219290264,0.06717741037414271,0.1148199876979561,-0.047622141836663745,-0.047642577323813384,0.029768124527406323,-1.5997696392602745,-1.6004561281632226,0.10964969642868896,0.10949743208431349,0.08,0.094,0.093,True,999,0.0001217089593410492,0.0029384589288383722,power_5x5_mild_strong_600,power,True,150,1716765723,-0.04999999999999988,0,5
600,600,0.05953620396860204,0.13046893777309176,0.04407858705997114,0.11525142342844674,-0.07093273380448972,-0.0711728363684756,0.026556793132775983,-2.670982654036855,-2.680023751837536,0.00756295549306539,0.007361693640071728,0.005,0.006,0.007,True,999,0.0001188330352306366,0.0030015408992767334,power_5x5_mild_strong_600,power,True,151,1716765723,-0.04999999999999988,0,4
600,600,0.0679467675070401,0.14612717036503842,0.05276020375663393,0.12989886757651448,-0.07818040285799832,-0.07713866381988055,0.028729745512003167,-2.7212354813701665,-2.6849755347694373,0.0065038413223883025,0.007253511554147157,0.006,0.007,0.008,True,999,0.00013166596181690693,0.0028799580177292228,power_5x5_mild_strong_600,power,True,152,1716765723,-0.04999999999999988,0,3
600,600,0.08135114517710762,0.12591501541815708,0.06606708022502517,0.11315315010367044,-0.044563870241049464,-0.047086069878645276,0.029039692452718566,-1.5345847864472681,-1.6214383108674173,0.1248858520081484,0.10492367004128454,0.108,0.11,0.105,True,999,0.00012262491509318352,0.0029822910437360406,power_5x5_mild_strong_600,power,True,153,1716765723,-0.04999999999999988,0,6
600,600,0.06852133797083892,0.0941232926762317,0.053161871214228995,0.07729820458325776,-0.025601954705392782,-0.024136333369028762,0.026082733402542465,-0.9815671659204699,-0.9253759181035844,0.3263131298657548,0.3547704009562759,0.288,0.282,0.325,True,999,0.00012116704601794481,0.0029257918940857053,power_5x5_mild_strong_600,power,True,154,1716765723,-0.04999999999999988,0,4
600,600,0.06441058567664015,0.11788741593037638,0.04766910063085561,0.1053433239177366,-0.05347683025373623,-0.05767422328688099,0.027397512288603924,-1.9518863497683354,-2.1050897862310936,0.05095169926041124,0.03528349315336381,0.027,0.034,0.028,True,999,0.000124832964502275,0.002894541947171092,power_5x5_mild_strong_600,power,True,155,1716765723,-0.04999999999999988,0,6
600,600,0.0953544800811883,0.14331118840271895,0.08168357592194297,0.13059982649980384,-0.04795670832153065,-0.048916250577860865,0.029950858865265034,-1.6011797370240883,-1.6332169570800055,0.10933711547731081,0.10242337482880531,0.077,0.086,0.085,True,999,0.00012450001668184996,0.003040916984900832,power_5x5_mild_strong_600,power,True,156,1716765723,-0.04999999999999988,1,6
600,600,0.07434901049169773,0.11196893481744641,0.060019425085670264,0.10190009674369094,-0.03761992432574868,-0.041880671658020674,0.027966231321184195,-1.3451910589487217,-1.4975443482903756,0.17856354285205578,0.13425167507727798,0.144,0.155,0.122,True,999,0.00011591706424951553,0.0028619159711524844,power_5x5_mild_strong_600,power,True,157,1716765723,-0.04999999999999988,1,8
600,600,0.056273211375801324,0.09898822591811873,0.03993341484181201,0.0866464171047312,-0.04271501454231741,-0.04671300226291919,0.02624315765720123,-1.627662916950706,-1.780006921160303,0.10359638025886399,0.07507482801770099,0.069,0.079,0.068,True,999,0.00011491694021970034,0.0030246670357882977,power_5x5_mild_strong_600,power,True,158,1716765723,-0.04999999999999988,0,7
600,600,0.07256770875041374,0.10097072707690147,0.05585060186865576,0.08146261173163794,-0.028403018326487728,-0.025612009862982177,0.027434383261651926,-1.0353073388090255,-0.9335733782936144,0.30052540361954405,0.35052400302113806,0.279,0.283,0.349,True,999,0.0001276250695809722,0.0029968339949846268,power_5x5_mild_strong_600,power,True,159,1716765723,-0.04999999999999988,0,2
600,600,0.07034602651178123,0.078027224758834,0.05493923184690175,0.06765138833253559,-0.007681198247052767,-0.012712156485633841,0.024781687479370294,-0.30995460875886843,-0.5129657331130567,0.7565954744911125,0.6079752909174051,0.742,0.741,0.578,True,999,0.00012304203119128942,0.0029313750565052032,power_5x5_mild_strong_600,power,True,160,1716765723,-0.04999999999999988,0,7
600,600,0.06533401625179303,0.10027876060655277,0.05095733742734865,0.08499091086690669,-0.03494474435475975,-0.03403357343955804,0.02576150604613862,-1.3564713294391264,-1.3211018555593848,0.17494925156768004,0.1864674044487742,0.149,0.141,0.157,True,999,0.00011912500485777855,0.0029313330305740237,power_5x5_mild_strong_600,power,True,161,1716765723,-0.04999999999999988,0,4
600,600,0.0672705065599255,0.15930021710218745,0.05155767903136166,0.13846789802988724,-0.09202971054226194,-0.08691021899852558,0.029295627204661744,-3.1414145837989595,-2.9666618294724807,0.0016813384389679008,0.0030105188228249638,0.001,0.001,0.004,True,999,0.00011612498201429844,0.0029813749715685844,power_5x5_mild_strong_600,power,True,162,1716765723,-0.04999999999999988,0,2
600,600,0.03268726476158301,0.13748509549574173,0.017830816697937735,0.12473836270413585,-0.10479783073415871,-0.10690754600619812,0.025985430978074958,-4.032945646450167,-4.1141340351984415,5.508202340440344e-05,3.886355817147862e-05,0.001,0.001,0.001,True,999,0.000124832964502275,0.0029263340402394533,power_5x5_mild_strong_600,power,True,163,1716765723,-0.04999999999999988,0,6
600,600,0.07324048308647013,0.11777582699783523,0.059378690723633554,0.1032966819500416,-0.0445353439113651,-0.04391799122640805,0.027580265294430507,-1.6147540074735416,-1.5923701515400848,0.1063639767319787,0.1113015588522296,0.099,0.105,0.109,True,999,0.0001207499299198389,0.003030042047612369,power_5x5_mild_strong_600,power,True,164,1716765723,-0.04999999999999988,1,5
600,600,0.07002595042376258,0.12138264083389544,0.056462007796085345,0.10857170315927078,-0.051356690410132855,-0.05210969536318544,0.027140903910440873,-1.8922247608111673,-1.9199690450670395,0.05846104064289296,0.054861809538118665,0.054,0.059,0.058,True,999,0.00012416602112352848,0.002873749937862158,power_5x5_mild_strong_600,power,True,165,1716765723,-0.04999999999999988,1,6
600,600,0.07318800381324131,0.05412420619230718,0.058592328183863174,0.036784215131262954,0.01906379762093413,0.02180811305260022,0.022763137108461902,0.837485515730932,0.9580451476740144,0.4023197151951241,0.33803999311481125,0.44,0.378,0.34,True,999,0.00012104201596230268,0.002944250009022653,power_5x5_mild_strong_600,power,True,166,1716765723,-0.04999999999999988,0,5
600,600,0.06771961055293829,0.11971475975593371,0.05353133537892063,0.10810905072250421,-0.05199514920299542,-0.05457771534358358,0.027425856486491998,-1.895844136302707,-1.9900095142138816,0.0579806576982153,0.04658988744543016,0.04,0.046,0.042,True,999,0.00012087495997548103,0.0029280000599101186,power_5x5_mild_strong_600,power,True,167,1716765723,-0.04999999999999988,1,7
600,600,0.046695795523146844,0.11292770941411312,0.030792380673460684,0.09770035950191414,-0.06623191389096628,-0.06690797882845345,0.0256005752988873,-2.5871259968851157,-2.6135341900446094,0.009678019600751557,0.008961111722611553,0.009,0.01,0.01,True,999,0.00011620798613876104,0.0029081249376758933,power_5x5_mild_strong_600,power,True,168,1716765723,-0.04999999999999988,0,4
600,600,0.0837017115205887,0.11261302673546353,0.06892269017509989,0.1006452356544969,-0.028911315214874833,-0.03172254547939701,0.02870199384515029,-1.007292920863054,-1.1052383904248206,0.31379403068186595,0.26905630598349983,0.291,0.286,0.247,True,999,0.00011979194823652506,0.003036875044927001,power_5x5_mild_strong_600,power,True,169,1716765723,-0.04999999999999988,0,8
600,600,0.07461714234402916,0.1231196380832279,0.059262424050075424,0.1096861208357609,-0.04850249573919874,-0.05042369678568548,0.028281527497558915,-1.7149885466188193,-1.7829198507767212,0.08634732683151182,0.07459935120686552,0.07,0.076,0.068,True,999,0.00011904106941074133,0.002910958952270448,power_5x5_mild_strong_600,power,True,170,1716765723,-0.04999999999999988,0,4
600,600,0.05327787217638491,0.12306002576463954,0.039630332479191566,0.1103749323594343,-0.06978215358825463,-0.07074459988024273,0.026860419520494356,-2.597954716791047,-2.633786111429309,0.00937808604069697,0.008443866103602427,0.006,0.006,0.007,True,999,0.00012145808432251215,0.0029725409112870693,power_5x5_mild_strong_600,power,True,171,1716765723,-0.04999999999999988,1,6
600,600,0.06976072221027096,0.09929978038839887,0.053693225774395614,0.08507120324338757,-0.029539058178127908,-0.03137797746899196,0.026973124633499098,-1.0951292658708909,-1.1633052490337839,0.2734600088720802,0.2447056767656498,0.244,0.254,0.232,True,999,0.0001217500539496541,0.0030484169255942106,power_5x5_mild_strong_600,power,True,172,1716765723,-0.04999999999999988,0,6
600,600,0.041833605902098725,0.13622634970830216,0.026955921709145514,0.1264086994968352,-0.09439274380620344,-0.09945277778768968,0.02792133926803252,-3.380666768885074,-3.561891384685633,0.0007231017941323661,0.000368192713914313,0.002,0.002,0.002,True,999,0.00012070802040398121,0.0029334579594433308,power_5x5_mild_strong_600,power,True,173,1716765723,-0.04999999999999988,0,9
600,600,0.060032137575468436,0.12153450794330789,0.0462399581798536,0.10718316927614069,-0.061502370367839454,-0.06094321109628709,0.02650452729800478,-2.320447736205024,-2.2993509905334095,0.020316669086672602,0.021485016528703788,0.017,0.019,0.022,True,999,0.00011983397416770458,0.002971709007397294,power_5x5_mild_strong_600,power,True,174,1716765723,-0.04999999999999988,1,5
600,600,0.08150276008008128,0.12236503142093252,0.0666565184413912,0.10564960787019118,-0.04086227134085124,-0.038993089428799976,0.028659533921276254,-1.4257828286075485,-1.3605625805328363,0.15393103897860522,0.1736519636180427,0.14,0.143,0.168,True,999,0.00014241703320294619,0.0029754169518128037,power_5x5_mild_strong_600,power,True,175,1716765723,-0.04999999999999988,0,4
600,600,0.07344000310968934,0.08940046234500032,0.058925396075437675,0.07254336266200312,-0.015960459235310975,-0.013617966586565444,0.026958328720823876,-0.5920418658216883,-0.5051487697027112,0.553822553946233,0.61345434945745,0.554,0.565,0.628,True,999,0.00012362503912299871,0.002878999919630587,power_5x5_mild_strong_600,power,True,176,1716765723,-0.04999999999999988,0,6
600,600,0.055792835786864226,0.10920495756000143,0.039852841529523175,0.09655997352112422,-0.0534121217731372,-0.056707131991601045,0.026534128132827916,-2.012959367112422,-2.137139449531911,0.04411890417773674,0.032586651148253834,0.026,0.033,0.031,True,999,0.00012391700875014067,0.0029057919746264815,power_5x5_mild_strong_600,power,True,177,1716765723,-0.04999999999999988,0,6
600,600,0.07060197935938994,0.11903082097356449,0.05725363491217195,0.10608771355617819,-0.048428841614174545,-0.04883407864400624,0.027115880412276687,-1.7859955449666476,-1.8009401834467695,0.07409997947195056,0.07171230853061757,0.062,0.062,0.064,True,999,0.00011862500105053186,0.0029009999707341194,power_5x5_mild_strong_600,power,True,178,1716765723,-0.04999999999999988,1,5
600,600,0.054068467599623915,0.13174695468763298,0.039406318000715146,0.11948542628425685,-0.07767848708800906,-0.0800791082835417,0.026776121892278147,-2.901035758670132,-2.9906910569687604,0.0037193143292879012,0.0027834694400242412,0.001,0.002,0.001,True,999,0.00011729192920029163,0.0030815000645816326,power_5x5_mild_strong_600,power,True,179,1716765723,-0.04999999999999988,1,7
600,600,0.06302820006908583,0.13471091785531697,0.047596833593956944,0.1248441960594846,-0.07168271778623114,-0.07724736246552766,0.02757919792509312,-2.5991589016085976,-2.8009285358963836,0.009345250274089556,0.005095580193251967,0.003,0.005,0.002,True,999,0.00013691699132323265,0.0037961669731885195,power_5x5_mild_strong_600,power,True,180,1716765723,-0.04999999999999988,0,8
600,600,0.07274449977851538,0.1574438026805146,0.057403282755899454,0.14145822125374252,-0.08469930290199923,-0.08405493849784307,0.030026745293912444,-2.8207953300609967,-2.79933564810583,0.00479047558061178,0.005120787738708765,0.004,0.005,0.005,True,999,0.00013991596642881632,0.003044457989744842,power_5x5_mild_strong_600,power,True,181,1716765723,-0.04999999999999988,0,4
600,600,0.06295666656448118,0.07192617692248693,0.04856684632022734,0.062154696221256245,-0.00896951035800575,-0.013587849901028903,0.023957066332338676,-0.37439936232501764,-0.5671750335593976,0.7081072172966902,0.5705952686024416,0.725,0.722,0.572,True,999,0.00013566704001277685,0.0030989169608801603,power_5x5_mild_strong_600,power,True,182,1716765723,-0.04999999999999988,1,9
600,600,0.06748907581657759,0.12375962310436295,0.05196508042115511,0.10885074436833975,-0.056270547287785355,-0.05688566394718464,0.027737096815962547,-2.0287107789666714,-2.050887456774036,0.04248775736637246,0.04027790793676574,0.035,0.039,0.04,True,999,0.00014408305287361145,0.0030155000276863575,power_5x5_mild_strong_600,power,True,183,1716765723,-0.04999999999999988,0,5
600,600,0.07025123982627879,0.11866144349464736,0.054577183587525724,0.10068961527366582,-0.04841020366836857,-0.0461124316861401,0.027759677060660782,-1.743903704736262,-1.6611299758774087,0.081175882529099,0.09668734530786854,0.067,0.072,0.087,True,999,0.00013533304445445538,0.002960750018246472,power_5x5_mild_strong_600,power,True,184,1716765723,-0.04999999999999988,0,2
600,600,0.0353850129618728,0.1588389306998288,0.019869750054908764,0.1483120277927128,-0.123453917737956,-0.12844227773780403,0.02706069482299747,-4.562111894962836,-4.746451581451917,5.064164469553008e-06,2.0701625079123647e-06,0.001,0.001,0.001,True,999,0.00011958298273384571,0.0029911670135334134,power_5x5_mild_strong_600,power,True,185,1716765723,-0.04999999999999988,0,6
600,600,0.0526253494871296,0.14003751889252797,0.0371646240556629,0.1273090134528161,-0.08741216940539837,-0.09014438939715319,0.028155332034598444,-3.1046399771802604,-3.201680920913311,0.00190510759178039,0.001366282469493953,0.001,0.001,0.001,True,999,0.00013620802201330662,0.002937000012025237,power_5x5_mild_strong_600,power,True,186,1716765723,-0.04999999999999988,0,6
600,600,0.07570503605940027,0.07840196576930497,0.05983048256462098,0.06566607944182579,-0.002696929709904705,-0.005835596877204807,0.024875013540712556,-0.1084192258022566,-0.2345967316823275,0.9136631510438011,0.8145217465094898,0.918,0.91,0.795,True,999,0.00011979206465184689,0.0028959999326616526,power_5x5_mild_strong_600,power,True,187,1716765723,-0.04999999999999988,0,6
600,600,0.05568659898792805,0.0998866194777202,0.039623977617679884,0.08824868935434438,-0.04420002048979216,-0.048624711736664494,0.025327809081309122,-1.7451181958888797,-1.9198151557667704,0.08096429685209532,0.054881251803532836,0.071,0.075,0.052,True,999,0.00011883396655321121,0.0030414590146392584,power_5x5_mild_strong_600,power,True,188,1716765723,-0.04999999999999988,0,7
600,600,0.08508221318200615,0.09975496378028759,0.06834484974126553,0.08890536305017349,-0.014672750598281437,-0.020560513308907957,0.028424107219342198,-0.5162079668872358,-0.7233477255854432,0.6057091665596295,0.46946627844779565,0.625,0.634,0.518,True,999,0.00013937498442828655,0.002909625065512955,power_5x5_mild_strong_600,power,True,189,1716765723,-0.04999999999999988,1,8
600,600,0.06094746636643744,0.12427722316496115,0.046153304795893746,0.1097268193917671,-0.0633297567985237,-0.06357351459587335,0.02711051755536291,-2.3359847951702433,-2.3449760583156944,0.01949203399900543,0.019028301423640932,0.016,0.018,0.021,True,999,0.0001282920129597187,0.0029806249076500535,power_5x5_mild_strong_600,power,True,190,1716765723,-0.04999999999999988,0,4
600,600,0.045827275279240354,0.09517164602259337,0.029574705367053866,0.07916034334698452,-0.04934437074335302,-0.04958563797993065,0.02406209274678234,-2.0507098556484245,-2.0607367157023946,0.04029521061422308,0.03932816484635951,0.029,0.037,0.043,True,999,0.00012145796790719032,0.0030014170333743095,power_5x5_mild_strong_600,power,True,191,1716765723,-0.04999999999999988,0,6
600,600,0.0778385868894711,0.12254434057917285,0.0632720405561713,0.11061106095974083,-0.044705753689701755,-0.04733902040356952,0.028224897000121433,-1.5839120224073595,-1.6772079063163934,0.11321374111369235,0.09350183353138891,0.089,0.092,0.082,True,999,0.0001279159914702177,0.0028388749342411757,power_5x5_mild_strong_600,power,True,192,1716765723,-0.04999999999999988,0,6
600,600,0.08713579355662904,0.13042947335714172,0.07349152158985817,0.11738753068146934,-0.043293679800512685,-0.04389600909161118,0.028840283275944525,-1.501153070733658,-1.5220380698626677,0.133315974861324,0.12799954195967922,0.108,0.116,0.116,True,999,0.00012291595339775085,0.0029317080043256283,power_5x5_mild_strong_600,power,True,193,1716765723,-0.04999999999999988,1,5
600,600,0.049824485256455664,0.10462740461485659,0.034945331792414436,0.08915139680075868,-0.054802919358400926,-0.05420606500834424,0.025717328366178765,-2.130972493646465,-2.1077642372693512,0.03309140831523196,0.03505138772229474,0.021,0.027,0.031,True,999,0.00012041698209941387,0.0029316250002011657,power_5x5_mild_strong_600,power,True,194,1716765723,-0.04999999999999988,0,4
600,600,0.07425246110473738,0.09548018667066477,0.05733467127015501,0.07971523547752213,-0.02122772556592739,-0.022380564207367115,0.027837047765303324,-0.7625710077052809,-0.8039848333077445,0.44571928050578646,0.4214057342438349,0.412,0.419,0.401,True,999,0.00012329197488725185,0.00295441597700119,power_5x5_mild_strong_600,power,True,195,1716765723,-0.04999999999999988,0,5
600,600,0.043515724030636305,0.13292710754389292,0.028384692760369035,0.12037412351344301,-0.08941138351325661,-0.09198943075307398,0.027122494337749877,-3.296576723358782,-3.391628719967706,0.0009787087885034824,0.0006947851903769446,0.001,0.001,0.001,True,999,0.00012333295308053493,0.0029552499763667583,power_5x5_mild_strong_600,power,True,196,1716765723,-0.04999999999999988,0,6
600,600,0.05987618747135859,0.1457806336143428,0.046093874629605125,0.12795754313344787,-0.0859044461429842,-0.08186366850384275,0.028353042565259504,-3.0298140294911926,-2.88729748546101,0.0024470436453005572,0.0038856665442356763,0.003,0.004,0.005,True,999,0.00012020894791930914,0.0029536669608205557,power_5x5_mild_strong_600,power,True,197,1716765723,-0.04999999999999988,1,3
600,600,0.07658265445002832,0.09876764857553139,0.061374240316467876,0.08745594926932654,-0.022184994125503066,-0.026081708952858662,0.027008841418309396,-0.8213974743271947,-0.9656730012557211,0.4114199017288068,0.3342078334742786,0.382,0.387,0.312,True,999,0.0001194999786093831,0.0029609589837491512,power_5x5_mild_strong_600,power,True,198,1716765723,-0.04999999999999988,0,8
600,600,0.06107823501568066,0.10591345941899283,0.046085469628678766,0.09662651977259884,-0.04483522440331217,-0.050541050143920074,0.02566289122262462,-1.7470839125010613,-1.9694215162850655,0.0806227835338686,0.04890470696586674,0.054,0.059,0.039,True,999,0.00012320803944021463,0.0029401659267023206,power_5x5_mild_strong_600,power,True,199,1716765723,-0.04999999999999988,0,8
600,600,0.08642396840848998,0.13512853903188643,0.06974457996795991,0.12169527608244834,-0.04870457062339645,-0.05195069611448844,0.02820777145727285,-1.726636600738584,-1.8417157198391123,0.08423294833307422,0.06551674357471725,0.078,0.081,0.072,True,999,0.0001242499565705657,0.0028595830081030726,power_5x5_mild_strong_600,power,True,200,1716765723,-0.04999999999999988,0,6
600,600,0.06605305457869304,0.08839484958142207,0.050717172268832655,0.08022645531204375,-0.022341795002729037,-0.0295092830432111,0.026641913639811072,-0.8385957294502915,-1.1076262554621943,0.40169620793746263,0.26802325955450423,0.396,0.4,0.249,True,999,0.00011916598305106163,0.003029708983376622,power_5x5_mild_strong_600,power,True,201,1716765723,-0.04999999999999988,0,10
600,600,0.05221977120757004,0.11225237243620984,0.03866766658632059,0.09869936019109105,-0.06003260122863979,-0.06003169360477045,0.025921358478912113,-2.3159511982166485,-2.3159161836987914,0.020560933424621078,0.020562845514819694,0.004,0.007,0.009,True,999,0.0001222500577569008,0.0028915000148117542,power_5x5_mild_strong_600,power,True,202,1716765723,-0.04999999999999988,1,6
600,600,0.06130900247727089,0.10906744568341092,0.045826416571571826,0.09311813568990601,-0.04775844320614003,-0.047291719118334186,0.026626012312718068,-1.79367614816763,-1.7761472714314424,0.07286487449187873,0.07570864650979657,0.052,0.057,0.066,True,999,0.0001194169744849205,0.0029229169012978673,power_5x5_mild_strong_600,power,True,203,1716765723,-0.04999999999999988,0,4
600,600,0.06606684920243455,0.1554641217650956,0.05084920413571581,0.14157133044312786,-0.08939727256266106,-0.09072212630741205,0.02917625744381894,-3.0640418064175012,-3.109450431814439,0.002183683920973057,0.001874357317407193,0.002,0.004,0.003,True,999,0.00012020801659673452,0.002985832979902625,power_5x5_mild_strong_600,power,True,204,1716765723,-0.04999999999999988,0,4
600,600,0.08647261012359042,0.14631397380561323,0.0713341261180176,0.13115101175839072,-0.05984136368202281,-0.05981688564037313,0.02979299950646572,-2.0085712977317356,-2.0077496939303336,0.04458261777324164,0.04466989702159415,0.024,0.027,0.03,True,999,0.00012629199773073196,0.002857250045053661,power_5x5_mild_strong_600,power,True,205,1716765723,-0.04999999999999988,0,5
600,600,0.04196789018357616,0.11906189433743608,0.028265565012020488,0.10253745404997971,-0.07709400415385992,-0.07427188903795923,0.025458840340631884,-3.0281820822301624,-2.9173319775851114,0.0024602979735941837,0.0035303979969334726,0.001,0.004,0.005,True,999,0.00011999998241662979,0.0029904580442234874,power_5x5_mild_strong_600,power,True,206,1716765723,-0.04999999999999988,2,4
600,600,0.06993464605782806,0.15779137626467743,0.05442799044055846,0.14554398713380579,-0.08785673020684936,-0.09111599669324733,0.028971887996762875,-3.032482046619326,-3.1449795989625535,0.002425515251873403,0.0016609841233657806,0.001,0.001,0.002,True,999,0.00011970801278948784,0.003013540990650654,power_5x5_mild_strong_600,power,True,207,1716765723,-0.04999999999999988,0,7
600,600,0.07190195349309791,0.1199054871745277,0.056119681168297575,0.10712706104197878,-0.04800353368142979,-0.0510073798736812,0.027777696173183354,-1.7281322893787174,-1.8362710699861364,0.08396450970074874,0.06631757619619713,0.071,0.079,0.065,True,999,0.00012079207226634026,0.0029055409831926227,power_5x5_mild_strong_600,power,True,208,1716765723,-0.04999999999999988,1,6
600,600,0.05290726904374421,0.0689607921162253,0.037501608361480976,0.05607748004067048,-0.01605352307248109,-0.018575871679189504,0.02259342022471229,-0.7105397462099177,-0.8221805948119152,0.4773694925941747,0.41097412126808175,0.473,0.459,0.391,True,999,0.00011858297511935234,0.0029996249359101057,power_5x5_mild_strong_600,power,True,209,1716765723,-0.04999999999999988,0,6
600,600,0.06046868240436298,0.05332434841064987,0.046476801001404056,0.044329084724068935,0.0071443339937131145,0.002147716277335121,0.02228775304372706,0.32054976469348057,0.09636306868267283,0.7485516120289081,0.923232222505175,0.75,0.728,0.903,True,999,0.00012041698209941387,0.003014334011822939,power_5x5_mild_strong_600,power,True,210,1716765723,-0.04999999999999988,1,9
600,600,0.05412838146891574,0.09581172680154165,0.0395308597278472,0.08509885502712677,-0.04168334533262591,-0.04556799529927957,0.025193471253943975,-1.6545296562140275,-1.8087223804915735,0.0980199428186687,0.07049414422213023,0.074,0.087,0.059,True,999,0.00012445903848856688,0.0029146670131012797,power_5x5_mild_strong_600,power,True,211,1716765723,-0.04999999999999988,0,6
600,600,0.05084209239882265,0.0915717939348753,0.03618977199164419,0.08174269863755512,-0.040729701536052654,-0.04555292664591093,0.025215793149847697,-1.6152457031199379,-1.8065236486993497,0.10625749682319403,0.07083658359814894,0.081,0.086,0.061,True,999,0.0001240420388057828,0.003074625041335821,power_5x5_mild_strong_600,power,True,212,1716765723,-0.04999999999999988,0,9
600,600,0.07095166204766601,0.13876864191277088,0.054673332444281186,0.12759682862039767,-0.06781697986510488,-0.07292349617611649,0.02899233115077385,-2.339135115159401,-2.5152684617487213,0.019328441833990424,0.011894177492170225,0.014,0.015,0.011,True,999,0.00011725001968443394,0.002920583006925881,power_5x5_mild_strong_600,power,True,213,1716765723,-0.04999999999999988,0,7
600,600,0.0640492401213072,0.08097035887044712,0.04850641815835388,0.07411009237932831,-0.01692111874913993,-0.025603674220974426,0.024548512875338182,-0.6892930270386826,-1.0429826992369984,0.4906388851264727,0.2969563055878772,0.49,0.49,0.308,True,999,0.00012012501247227192,0.00299370801076293,power_5x5_mild_strong_600,power,True,214,1716765723,-0.04999999999999988,0,9
600,600,0.05070154685829209,0.08884416820143876,0.03605975689526986,0.0743075736995138,-0.038142621343146665,-0.03824781680424394,0.024697248149012977,-1.5444077458755676,-1.5486671459699655,0.12248958473644765,0.12146175555113095,0.103,0.102,0.109,True,999,0.00013070902787148952,0.0029669590294361115,power_5x5_mild_strong_600,power,True,215,1716765723,-0.04999999999999988,0,5
600,600,0.0774794354958086,0.10376537747270476,0.06210634810747706,0.08983619492281036,-0.026285941976896154,-0.027729846815333303,0.02740556244132449,-0.9591462329289738,-1.0118327939703158,0.33748508232465746,0.31161800714819676,0.333,0.333,0.311,True,999,0.00011741707567125559,0.002905250061303377,power_5x5_mild_strong_600,power,True,216,1716765723,-0.04999999999999988,0,6
600,600,0.058699896162499154,0.1286469600374574,0.04186726988245937,0.11797911632692148,-0.06994706387495825,-0.07611184644446212,0.027831240690490328,-2.5132571218378525,-2.7347629698186187,0.0119622114698773,0.0062425209976243855,0.006,0.011,0.007,True,999,0.0001237909309566021,0.0030194580322131515,power_5x5_mild_strong_600,power,True,217,1716765723,-0.04999999999999988,0,8
600,600,0.08534116619468679,0.11444241721743154,0.07068043071421926,0.10182586081492673,-0.029101251022744745,-0.031145430100707472,0.02851005190366194,-1.0207365150046208,-1.0924368081107223,0.30737928946863224,0.2746411517172511,0.254,0.247,0.222,True,999,0.00012687500566244125,0.0029357910389080644,power_5x5_mild_strong_600,power,True,218,1716765723,-0.04999999999999988,0,6
600,600,0.0729279650255944,0.08971132793695952,0.05651950418337037,0.07632172803349135,-0.01678336291136512,-0.01980222385012098,0.025748375877993807,-0.6518221961218628,-0.76906690907232,0.5145158810829418,0.44185359124198553,0.537,0.537,0.467,True,999,0.00011766701936721802,0.0030153749976307154,power_5x5_mild_strong_600,power,True,219,1716765723,-0.04999999999999988,0,6
600,600,0.05775907899793298,0.09954373091354718,0.0424288164842892,0.08664920837296108,-0.0417846519156142,-0.044220391888671884,0.025860147172868223,-1.615793275896494,-1.7099822206374269,0.10613901584394196,0.08726916082695377,0.087,0.094,0.082,True,999,0.00012533296830952168,0.0028808749048039317,power_5x5_mild_strong_600,power,True,220,1716765723,-0.04999999999999988,0,6
600,600,0.05449834328491576,0.08943504168454741,0.039773929390776175,0.07908975188269096,-0.03493669839963165,-0.03931582249191479,0.025215600656344685,-1.3855191821829937,-1.55918643492723,0.16589377120362325,0.11895226051947493,0.147,0.156,0.122,True,999,0.00015350000467151403,0.0028942079516127706,power_5x5_mild_strong_600,power,True,221,1716765723,-0.04999999999999988,0,7
600,600,0.06238836805373693,0.11438251247847886,0.04687243956743714,0.09661230994277048,-0.05199414442474193,-0.04973987037533334,0.02667788180501409,-1.9489607460128135,-1.8644610070198588,0.051300112689696635,0.06225699249279053,0.038,0.042,0.056,True,999,0.0001217919634655118,0.002973750000819564,power_5x5_mild_strong_600,power,True,222,1716765723,-0.04999999999999988,0,3
600,600,0.08392761597108578,0.12493422564283418,0.06855358838527081,0.10836893442655082,-0.041006609671748406,-0.03981534604128001,0.02868061231327355,-1.4297675804072814,-1.3882320783944087,0.15278373669777845,0.16506638715121968,0.162,0.159,0.178,True,999,0.00011975003872066736,0.0029689579969272017,power_5x5_mild_strong_600,power,True,223,1716765723,-0.04999999999999988,0,3
600,600,0.06341477264759499,0.1362096626597018,0.04954712511175785,0.124676844642579,-0.07279489001210682,-0.07512971953082115,0.02896057637267364,-2.5135856785224053,-2.5942066402280366,0.011951074452234346,0.009480948488053897,0.007,0.01,0.01,True,999,0.00012204202357679605,0.0029612499056383967,power_5x5_mild_strong_600,power,True,224,1716765723,-0.04999999999999988,1,7
600,600,0.0412370101958035,0.11101927160533193,0.026450623808614182,0.10174575866233226,-0.06978226140952842,-0.07529513485371808,0.025417975798781956,-2.7453901900745548,-2.962278957607878,0.006043899026150328,0.0030537098163018694,0.005,0.006,0.005,True,999,0.00011904200073331594,0.003006249899044633,power_5x5_mild_strong_600,power,True,225,1716765723,-0.04999999999999988,0,8
600,600,0.039603390716475007,0.14302559956660776,0.02498574868718606,0.12925132971903963,-0.10342220885013276,-0.10426558103185357,0.027566560637311156,-3.7517269640867528,-3.7823209940354623,0.00017562066578055168,0.00015537282145906576,0.001,0.001,0.001,True,999,0.00013804202899336815,0.002940166974440217,power_5x5_mild_strong_600,power,True,226,1716765723,-0.04999999999999988,0,5
600,600,0.05697946319038827,0.12225441064493475,0.04229071258168915,0.10834847550614768,-0.06527494745454648,-0.06605776292445853,0.026896076387140082,-2.4269319626767802,-2.4560371547741053,0.015227111172346404,0.014047863241658817,0.01,0.012,0.012,True,999,0.00011800008360296488,0.0029304169584065676,power_5x5_mild_strong_600,power,True,227,1716765723,-0.04999999999999988,0,6
600,600,0.10103520027598623,0.09003286374348107,0.08562974693847991,0.07592129948073989,0.011002336532505153,0.009708447457740021,0.027874328873252172,0.3947121590813562,0.34829349620884026,0.6930553282591264,0.7276197777176051,0.69,0.676,0.714,True,999,0.00012129195965826511,0.002964042010717094,power_5x5_mild_strong_600,power,True,228,1716765723,-0.04999999999999988,0,6
600,600,0.09042274318429322,0.11941891279936484,0.0750739825873552,0.10772177836076935,-0.02899616961507162,-0.032647795773414146,0.028372163342907184,-1.0219936091803319,-1.1506981465893695,0.30678392517168696,0.24985643929087986,0.292,0.288,0.236,True,999,0.00011695805005729198,0.002953583956696093,power_5x5_mild_strong_600,power,True,229,1716765723,-0.04999999999999988,0,7
600,600,0.06574334573208218,0.10406938553338979,0.051048353463784224,0.0946449617399594,-0.03832603980130761,-0.043596608276175175,0.027735182189006002,-1.3818564284210737,-1.5718882962108867,0.16701578875038803,0.11597645930125267,0.131,0.152,0.11,True,999,0.0001169589813798666,0.0030015420634299517,power_5x5_mild_strong_600,power,True,230,1716765723,-0.04999999999999988,1,8
600,600,0.03382481979795571,0.08419370123331199,0.018094117682380784,0.06734800584894174,-0.05036888143535628,-0.049253888166560955,0.02306778201219306,-2.183516447690226,-2.135180926390173,0.02899779905711157,0.03274623428367023,0.017,0.027,0.033,True,999,0.00011674989946186543,0.003066584002226591,power_5x5_mild_strong_600,power,True,231,1716765723,-0.04999999999999988,0,4
600,600,0.060586198343292264,0.1396905688409789,0.04398569590330226,0.13089650797832064,-0.07910437049768665,-0.08691081207501838,0.028531894944657018,-2.772489196778709,-3.0460932315781433,0.005562936588029644,0.0023183593594337743,0.003,0.004,0.003,True,999,0.00012091698590666056,0.002857250045053661,power_5x5_mild_strong_600,power,True,232,1716765723,-0.04999999999999988,0,8
600,600,0.07305442884703384,0.1276584584559703,0.059301008328361604,0.11623215153133515,-0.054604029608936455,-0.056931143202973544,0.027983090570555976,-1.9513223341524413,-2.0344837558034756,0.05101871388477613,0.04190284478387201,0.042,0.045,0.039,True,999,0.0001206669257953763,0.0029757089214399457,power_5x5_mild_strong_600,power,True,233,1716765723,-0.04999999999999988,1,8
600,600,0.0580753985579584,0.09720310080751782,0.04211417922101646,0.08028289186313486,-0.039127702249559415,-0.03816871264211841,0.025754439882659727,-1.519260462577709,-1.4820245680364075,0.12869694752968194,0.1383337579878452,0.101,0.119,0.148,True,999,0.00012204202357679605,0.0029927920550107956,power_5x5_mild_strong_600,power,True,234,1716765723,-0.04999999999999988,1,4
600,600,0.08908524827332664,0.10069623245405318,0.07320461155518387,0.08463834219392652,-0.011610984180726536,-0.011433730638742645,0.028335468730835735,-0.4097685586577582,-0.40351302275441187,0.6819757324790574,0.6865708564565058,0.666,0.663,0.681,True,999,0.00011925003491342068,0.002920250059105456,power_5x5_mild_strong_600,power,True,235,1716765723,-0.04999999999999988,0,5
600,600,0.07999814859322174,0.07603144266680228,0.06539897985885545,0.05889185735946967,0.003966705926419456,0.006507122499385787,0.025278342524988173,0.15692112417965234,0.25741887518745976,0.8753070114181951,0.7968554334325785,0.879,0.866,0.796,True,999,0.00012012501247227192,0.0029638330452144146,power_5x5_mild_strong_600,power,True,236,1716765723,-0.04999999999999988,0,3
600,600,0.06001712572789075,0.13412637280834083,0.043874647323832505,0.11980674548630077,-0.07410924708045008,-0.07593209816246826,0.02877405337070137,-2.575558129599857,-2.638908643986345,0.01000784495066284,0.008317339114129808,0.005,0.008,0.008,True,999,0.00011833303142338991,0.0029564580181613564,power_5x5_mild_strong_600,power,True,237,1716765723,-0.04999999999999988,0,5
600,600,0.083746350181642,0.12217686604815942,0.06746318499938297,0.10913441840727955,-0.03843051586651741,-0.04167123340789658,0.029424344670324194,-1.3060789049713775,-1.4162161935903346,0.1915257258896651,0.15671221607640745,0.191,0.184,0.166,True,999,0.00012091605458408594,0.0030324580147862434,power_5x5_mild_strong_600,power,True,238,1716765723,-0.04999999999999988,0,6
600,600,0.04126131912539077,0.10311695102313545,0.026483195124569647,0.09409777065962999,-0.06185563189774468,-0.06761457553506034,0.02500628517266985,-2.473603394931632,-2.7039032414522097,0.013375809323613623,0.006853024127839281,0.008,0.013,0.003,True,999,0.0001235420349985361,0.0029903750400990248,power_5x5_mild_strong_600,power,True,239,1716765723,-0.04999999999999988,0,9
600,600,0.04551335924845712,0.09617781139412734,0.030655795990696788,0.0844308652153245,-0.050664452145670225,-0.053775069224627714,0.024163088650288222,-2.0967705279294204,-2.225504777262251,0.036013893725868745,0.026047370782297984,0.02,0.025,0.013,True,999,0.00011833291500806808,0.0028703330317512155,power_5x5_mild_strong_600,power,True,240,1716765723,-0.04999999999999988,0,7
600,600,0.06219446998352196,0.08883809514472374,0.04600919927645464,0.07633193219288614,-0.026643625161201778,-0.030322732916431505,0.025647779531368535,-1.0388277522666347,-1.1822751704234382,0.2988848519295533,0.23709653431440192,0.297,0.313,0.242,True,999,0.00012204202357679605,0.002975916024297476,power_5x5_mild_strong_600,power,True,241,1716765723,-0.04999999999999988,0,6
600,600,0.0787592969356462,0.13092678543536435,0.0642401215928885,0.11240794710198543,-0.05216748849971814,-0.04816782550909693,0.028367152815950755,-1.8390103807099223,-1.6980141017893176,0.06591365924928926,0.08950510031702329,0.078,0.076,0.106,True,999,0.00015112501569092274,0.002959707984700799,power_5x5_mild_strong_600,power,True,242,1716765723,-0.04999999999999988,1,3
600,600,0.060728464128377846,0.10811082882058481,0.045990056549158,0.0958936583489276,-0.04738236469220697,-0.049903601799769604,0.025902570899678512,-1.8292533538744238,-1.9265887541838165,0.0673616630196449,0.05403090125426585,0.056,0.057,0.053,True,999,0.00011320901103317738,0.002905834000557661,power_5x5_mild_strong_600,power,True,243,1716765723,-0.04999999999999988,0,6
600,600,0.06506705936429047,0.10739120738370628,0.04968320876275811,0.09261919253037831,-0.04232414801941581,-0.0429359837676202,0.02655008444127248,-1.5941247988508211,-1.6171693865076984,0.1109080855418764,0.10584172253345175,0.091,0.101,0.099,True,999,0.00012070895172655582,0.002985792001709342,power_5x5_mild_strong_600,power,True,244,1716765723,-0.04999999999999988,0,6
600,600,0.07892762238665552,0.09719927187840743,0.06452746122249664,0.0827628773295146,-0.018271649491751918,-0.018235416107017954,0.026693433693836355,-0.68449978003283,-0.6831423906032966,0.4936596282263962,0.4945168713459015,0.505,0.511,0.525,True,999,0.00012083305045962334,0.0029195420211181045,power_5x5_mild_strong_600,power,True,245,1716765723,-0.04999999999999988,1,5
600,600,0.05930047534494909,0.15085007562118585,0.04304647051981192,0.13656320158406743,-0.09154960027623676,-0.09351673106425551,0.028251048133595594,-3.2405735830865607,-3.3102039479040513,0.0011928948022344277,0.0009322801552978241,0.001,0.001,0.001,True,999,0.00011633406393229961,0.0029473749455064535,power_5x5_mild_strong_600,power,True,246,1716765723,-0.04999999999999988,0,5
600,600,0.07476755687072045,0.13128335500943739,0.05873948578755517,0.12182397530739308,-0.05651579813871693,-0.06308448951983792,0.028255093987195917,-2.0001985540847125,-2.232676682952295,0.04547882789910824,0.025570273175377765,0.04,0.041,0.028,True,999,0.00011725001968443394,0.0030207500094547868,power_5x5_mild_strong_600,power,True,247,1716765723,-0.04999999999999988,0,8
600,600,0.05597423368783194,0.13347246265429857,0.041444893002449135,0.12205338113597008,-0.07749822896646663,-0.08060848813352095,0.02827361951692928,-2.7410084131627834,-2.851014108231008,0.006125093912725277,0.004358003578246814,0.002,0.003,0.003,True,999,0.00012458395212888718,0.002878792001865804,power_5x5_mild_strong_600,power,True,248,1716765723,-0.04999999999999988,0,8
600,600,0.047236782192550564,0.11314628288995299,0.03252264457989895,0.10138679958106422,-0.06590950069740242,-0.06886415500116527,0.02590075335948367,-2.544694348563007,-2.658770347154801,0.010937342841374958,0.007842640127942124,0.006,0.009,0.008,True,999,0.00011629203800112009,0.0029568340396508574,power_5x5_mild_strong_600,power,True,249,1716765723,-0.04999999999999988,0,7
600,600,0.07468869390298871,0.12094139569515444,0.06008619515762348,0.10507262028841069,-0.04625270179216573,-0.04498642513078721,0.02809880433291642,-1.6460736636392344,-1.6010085197144044,0.09974859387523846,0.1093750321531805,0.092,0.094,0.105,True,999,0.00013591698370873928,0.0029649160569533706,power_5x5_mild_strong_600,power,True,250,1716765723,-0.04999999999999988,0,5
600,600,0.05230737581159506,0.1133652503988366,0.036883365046833205,0.10185623877123362,-0.061057874587241545,-0.06497287372440042,0.026413256899496262,-2.3116374788451783,-2.459858470752978,0.020797669443646406,0.01389918148966544,0.012,0.012,0.01,True,999,0.00011670798994600773,0.002877624938264489,power_5x5_mild_strong_600,power,True,251,1716765723,-0.04999999999999988,0,6
600,600,0.08144909981583148,0.09698608242263834,0.06661368117272559,0.08079513008414096,-0.01553698260680686,-0.014181448911415373,0.027368780753548462,-0.5676899802996315,-0.518161515455039,0.570245496329774,0.604345583279325,0.516,0.516,0.553,True,999,0.0001266660401597619,0.0029165000887587667,power_5x5_mild_strong_600,power,True,252,1716765723,-0.04999999999999988,0,3
600,600,0.07340075822765546,0.14003764147656944,0.058053024116361485,0.12820089772714027,-0.06663688324891398,-0.07014787361077879,0.028613345486928794,-2.328874240845244,-2.4515788845042215,0.01986572892440026,0.014223100715085505,0.011,0.012,0.011,True,999,0.00012649991549551487,0.002943375031463802,power_5x5_mild_strong_600,power,True,253,1716765723,-0.04999999999999988,0,7
600,600,0.05721363514523614,0.14954263851260763,0.0418318220480387,0.1346284080334499,-0.09232900336737149,-0.09279658598541118,0.028170355356057428,-3.277523559798408,-3.2941219524040286,0.0010472199080959078,0.0009872965338893246,0.001,0.001,0.001,True,999,0.00012250000145286322,0.0029075411148369312,power_5x5_mild_strong_600,power,True,254,1716765723,-0.04999999999999988,0,5
600,600,0.06160990352552331,0.11926508416853532,0.044883793118629,0.10229312699493676,-0.057655180643012005,-0.057409333876307755,0.026946954228452766,-2.1395806054450124,-2.130457245356893,0.03238867537382464,0.03313388199816865,0.019,0.027,0.03,True,999,0.00012216705363243818,0.0029937500366941094,power_5x5_mild_strong_600,power,True,255,1716765723,-0.04999999999999988,0,3
600,600,0.07426632020169421,0.14306668128737765,0.05873199627410486,0.1267889174539505,-0.06880036108568344,-0.06805692117984563,0.02808077722254007,-2.4500874936772865,-2.4236124463541286,0.014282150556405538,0.015366995048330908,0.01,0.014,0.018,True,999,0.0001392909325659275,0.0028602919774129987,power_5x5_mild_strong_600,power,True,256,1716765723,-0.04999999999999988,0,3
600,600,0.061446754340021004,0.1429051952721616,0.04677978556821927,0.13035855339668956,-0.08145844093214061,-0.08357876782847029,0.028466144186274155,-2.8615902596115688,-2.9360761781277853,0.004215214608753184,0.0033239268459531747,0.002,0.003,0.002,True,999,0.00011433300096541643,0.002901832922361791,power_5x5_mild_strong_600,power,True,257,1716765723,-0.04999999999999988,0,7
600,600,0.06950303276304792,0.12613652058862523,0.05438582441365725,0.11644085556466166,-0.05663348782557731,-0.062055031151004414,0.028422339637569443,-1.9925695262158356,-2.1833188943030692,0.04630860488812227,0.029012334080643607,0.02,0.028,0.015,True,999,0.00011866609565913677,0.0029728750232607126,power_5x5_mild_strong_600,power,True,258,1716765723,-0.04999999999999988,0,9
600,600,0.07672277674532935,0.10893274267735792,0.06189496765102831,0.09729254342863669,-0.03220996593202857,-0.03539757577760838,0.028292304881752987,-1.1384709046028365,-1.2511379304567691,0.2549239014041359,0.21088415900598867,0.235,0.249,0.217,True,999,0.00011954200454056263,0.002957875025458634,power_5x5_mild_strong_600,power,True,259,1716765723,-0.04999999999999988,0,7
600,600,0.04447540761171176,0.12488461992207517,0.02804387089508964,0.11163123655614982,-0.08040921231036341,-0.08358736566106018,0.026519023529044342,-3.0321332239966186,-3.1519775066194673,0.0024283200384237293,0.0016216876526143746,0.002,0.002,0.002,True,999,0.00011875003110617399,0.0030217079911381006,power_5x5_mild_strong_600,power,True,260,1716765723,-0.04999999999999988,0,6
600,600,0.07761450449279694,0.10313634923453124,0.06227346256059718,0.09066938278004955,-0.0255218447417343,-0.028395920219452364,0.027036577998594383,-0.9439746680612157,-1.0502778946702742,0.3451825933925169,0.29359036534863714,0.334,0.351,0.305,True,999,0.00011945795267820358,0.002988249994814396,power_5x5_mild_strong_600,power,True,261,1716765723,-0.04999999999999988,1,5
600,600,0.05627663215662637,0.13756496007534613,0.04090458767518612,0.12333048916201506,-0.08128832791871976,-0.08242590148682893,0.02642900125122351,-3.075724547667369,-3.118767171839802,0.0020999174249388504,0.0018160940779643952,0.001,0.001,0.001,True,999,0.00011237501166760921,0.0028787909541279078,power_5x5_mild_strong_600,power,True,262,1716765723,-0.04999999999999988,0,5
600,600,0.07719744398646933,0.07856059103705193,0.0626692907527513,0.06486097580469163,-0.0013631470505826027,-0.0021916850519403397,0.02550466818494751,-0.053446962755904916,-0.08593270204682925,0.9573757877906092,0.9315199151787501,0.953,0.951,0.932,True,999,0.00011870800517499447,0.0030309170251712203,power_5x5_mild_strong_600,power,True,263,1716765723,-0.04999999999999988,1,5
600,600,0.06583543165328654,0.11657383611355948,0.05104999027469148,0.10116766446816428,-0.050738404460272946,-0.050117674193472794,0.027690858929349475,-1.8323160213168914,-1.8098995889344982,0.06690435150554679,0.0703113599078378,0.067,0.076,0.081,True,999,0.0001169589813798666,0.0030111250234767795,power_5x5_mild_strong_600,power,True,264,1716765723,-0.04999999999999988,0,4
600,600,0.06964772781877726,0.10179684187534166,0.05413261380340373,0.093676307091755,-0.0321491140565644,-0.03954369328835128,0.026770060545912962,-1.2009354256568041,-1.477161145023577,0.2297762510843202,0.1396324463752956,0.181,0.19,0.119,True,999,0.00012399989645928144,0.002938541932962835,power_5x5_mild_strong_600,power,True,265,1716765723,-0.04999999999999988,0,10
600,600,0.03817869510212213,0.10351537396684057,0.021804586517305324,0.08991840861651212,-0.06533667886471844,-0.0681138220992068,0.025205960149281805,-2.592112281292331,-2.7022903192659204,0.009538863376219406,0.00688636040020301,0.001,0.005,0.005,True,999,0.0001206250162795186,0.0030187920201569796,power_5x5_mild_strong_600,power,True,266,1716765723,-0.04999999999999988,0,6
600,600,0.08450928639016153,0.1011925640872568,0.07111702640361273,0.08674202124660724,-0.016683277697095267,-0.01562499484299451,0.027130586414839793,-0.61492506803944,-0.5759180654660677,0.5386042069154264,0.5646705641565495,0.569,0.569,0.595,True,999,0.00012020801659673452,0.002932167029939592,power_5x5_mild_strong_600,power,True,267,1716765723,-0.04999999999999988,2,5
600,600,0.05656250167159638,0.08529903488411766,0.04035183473251891,0.07608103685439005,-0.028736533212521287,-0.03572920212187114,0.025608410808114292,-1.122152148676708,-1.3952135643868213,0.26179775424758134,0.16295144781111282,0.254,0.257,0.153,True,999,0.00012383307330310345,0.0030362079851329327,power_5x5_mild_strong_600,power,True,268,1716765723,-0.04999999999999988,0,9
600,600,0.06325674898867772,0.11930654085631337,0.04786868527457955,0.1036211247184724,-0.056049791867635645,-0.055752439443892854,0.026959577317646498,-2.0790308099878123,-2.0680012444928013,0.03761451871391455,0.03863990607392541,0.022,0.028,0.037,True,999,0.0001270839711651206,0.0029334588907659054,power_5x5_mild_strong_600,power,True,269,1716765723,-0.04999999999999988,0,3
600,600,0.06182733931650197,0.09232285286437014,0.04659190076210962,0.07852037460568795,-0.03049551354786817,-0.03192847384357833,0.02536751820836043,-1.2021480894342156,-1.2586360865626811,0.22930615737102267,0.20816180641552273,0.235,0.233,0.217,True,999,0.00011787493713200092,0.0029052910394966602,power_5x5_mild_strong_600,power,True,270,1716765723,-0.04999999999999988,0,7
600,600,0.0490824900726462,0.09203141394256098,0.034525595883906135,0.07580008587129328,-0.04294892386991478,-0.04127448998738714,0.024624184352087356,-1.744176507770259,-1.6761769404105507,0.08112831640852503,0.09370353957356077,0.052,0.057,0.069,True,999,0.00012100010644644499,0.0029702080646529794,power_5x5_mild_strong_600,power,True,271,1716765723,-0.04999999999999988,0,4
600,600,0.05294572855874402,0.1111752923907573,0.03857011174648051,0.0989587798689513,-0.058229563832013276,-0.06038866812247079,0.026166213172234547,-2.22537221755121,-2.3078871873806457,0.026056261018251807,0.021005411876726755,0.013,0.021,0.018,True,999,0.00011775002349168062,0.002947583911009133,power_5x5_mild_strong_600,power,True,272,1716765723,-0.04999999999999988,1,6
600,600,0.04083952949210168,0.11633457625179194,0.024530534625341716,0.1068224885850384,-0.07549504675969027,-0.08229195395969668,0.026140230285401085,-2.888078870592547,-3.1480959831350632,0.0038760266948774857,0.0016433772227871484,0.003,0.003,0.003,True,999,0.00013091706205159426,0.002956625074148178,power_5x5_mild_strong_600,power,True,273,1716765723,-0.04999999999999988,0,8
600,600,0.054817476948541,0.1121640215701874,0.04205109649615224,0.09657326217387663,-0.0573465446216464,-0.05452216567772439,0.025482020744722313,-2.250470839661477,-2.139632732581332,0.02441907256356897,0.03238445916659765,0.015,0.022,0.036,True,999,0.00011899997480213642,0.003032499924302101,power_5x5_mild_strong_600,power,True,274,1716765723,-0.04999999999999988,2,5
600,600,0.07902267515233752,0.10410258938584882,0.06461649688981197,0.0898111890577411,-0.025079914233511302,-0.025194692167929134,0.027631122112267138,-0.9076690454918876,-0.9118229822719967,0.3640531030172711,0.36186191006004587,0.348,0.341,0.348,True,999,0.00011862500105053186,0.0028385419864207506,power_5x5_mild_strong_600,power,True,275,1716765723,-0.04999999999999988,0,5
600,600,0.04764740462355088,0.09749158520372364,0.031446200986806616,0.08763316936151,-0.04984418058017276,-0.05618696837470338,0.024032744793359727,-2.0740111464065794,-2.337933883866145,0.03807827567896066,0.01939067820058041,0.024,0.028,0.019,True,999,0.00011975003872066736,0.002989000058732927,power_5x5_mild_strong_600,power,True,276,1716765723,-0.04999999999999988,0,8
600,600,0.05467199495211705,0.09837660350888783,0.03865763227508978,0.08516060814017123,-0.043704608556770774,-0.04650297586508145,0.025202227478917167,-1.7341565777601091,-1.8451930847772622,0.08289030507637457,0.06500945609030599,0.06,0.073,0.069,True,999,0.00011866597924381495,0.0030111250234767795,power_5x5_mild_strong_600,power,True,277,1716765723,-0.04999999999999988,1,7
600,600,0.0586092010083864,0.11060712378248555,0.04242286197870726,0.09650024334570162,-0.05199792277409915,-0.05407738136699436,0.026767420556090413,-1.9425825011841875,-2.0202686789964184,0.0520666228836285,0.04335552578956967,0.023,0.031,0.027,True,999,0.00011812499724328518,0.002892166026867926,power_5x5_mild_strong_600,power,True,278,1716765723,-0.04999999999999988,0,4
600,600,0.06379508922348343,0.09540495960165957,0.047994354059596844,0.08196412410580933,-0.03160987037817614,-0.03396977004621249,0.025792678586919596,-1.2255365518417562,-1.3170314952646986,0.22037312696432598,0.18782806765305338,0.168,0.19,0.167,True,999,0.00012712494935840368,0.002983874990604818,power_5x5_mild_strong_600,power,True,279,1716765723,-0.04999999999999988,1,6
600,600,0.05813923602398341,0.12908190576521533,0.043547243811303815,0.11401701915332296,-0.07094266974123192,-0.07046977534201915,0.027021683215152106,-2.625397876822552,-2.6078973238241505,0.008654776698138942,0.009110027593373173,0.005,0.005,0.007,True,999,0.00012170802801847458,0.002938582911156118,power_5x5_mild_strong_600,power,True,280,1716765723,-0.04999999999999988,0,5
600,600,0.06379312284821959,0.11440245185792874,0.04913162042316799,0.10158477718684367,-0.05060932900970916,-0.05245315676367568,0.027689257535804,-1.8277604209599345,-1.8943504243784925,0.06758551566664224,0.05817851212906551,0.038,0.046,0.041,True,999,0.00011983304284512997,0.0029133749194443226,power_5x5_mild_strong_600,power,True,281,1716765723,-0.04999999999999988,0,6
600,600,0.06522758248686988,0.12388913380246724,0.04827330290743248,0.11020103585730112,-0.05866155131559736,-0.06192773294986864,0.02753281801428631,-2.130604694556107,-2.2492333664405657,0.033121722492202396,0.02449765266604783,0.023,0.031,0.024,True,999,0.00011929194442927837,0.0030780830420553684,power_5x5_mild_strong_600,power,True,282,1716765723,-0.04999999999999988,0,5
600,600,0.0659235903564066,0.09384899149017834,0.05052314244665013,0.07672582993950527,-0.027925401133771732,-0.026202687492855148,0.02589002322791052,-1.07861630281069,-1.0120766313028087,0.2807588106510339,0.31150141478103266,0.275,0.269,0.305,True,999,0.0001215840457007289,0.0028845410561189055,power_5x5_mild_strong_600,power,True,283,1716765723,-0.04999999999999988,0,3
600,600,0.058375068174899014,0.10819439283012666,0.04217518744246718,0.09943341511211656,-0.04981932465522765,-0.057258227669649386,0.02702997095924169,-1.8431142501170228,-2.1183236843276183,0.06531233117576156,0.03414766413358955,0.062,0.07,0.044,True,999,0.00011729204561561346,0.002984749968163669,power_5x5_mild_strong_600,power,True,284,1716765723,-0.04999999999999988,0,10
600,600,0.07270169309951968,0.15004251856648598,0.057968279184592575,0.13971593873361599,-0.0773408254669663,-0.08174765954902341,0.029087668813799948,-2.658887034297977,-2.810388830824428,0.007839924508695542,0.004948167987074677,0.01,0.013,0.009,True,999,0.0001301249722018838,0.0029658329440280795,power_5x5_mild_strong_600,power,True,285,1716765723,-0.04999999999999988,0,7
600,600,0.06289270441461337,0.08866817871623933,0.048357884391748485,0.07794258328542014,-0.025775474301625967,-0.029584698893671657,0.02582622463737137,-0.9980349301356279,-1.1455293721429827,0.3182624209897873,0.25198993541877157,0.292,0.307,0.25,True,999,0.00011783407535403967,0.002911709016188979,power_5x5_mild_strong_600,power,True,286,1716765723,-0.04999999999999988,1,8
600,600,0.06500714419796605,0.1104464100371893,0.05022335107298659,0.09934912181512345,-0.04543926583922325,-0.049125770742136865,0.0274126130496528,-1.6576043209349856,-1.7920863893257732,0.09739735696343448,0.0731191287723734,0.061,0.067,0.052,True,999,0.0001166659640148282,0.0029481250094249845,power_5x5_mild_strong_600,power,True,287,1716765723,-0.04999999999999988,0,7
600,600,0.07780957045324799,0.13832406550332788,0.06258381445024952,0.12310700832728116,-0.060514495050079886,-0.060523193877031645,0.028522606831012536,-2.1216326897681275,-2.1219376698494816,0.03386859502927789,0.03384297257842143,0.04,0.042,0.046,True,999,0.000128875020891428,0.0029059170046821237,power_5x5_mild_strong_600,power,True,288,1716765723,-0.04999999999999988,0,4
600,600,0.07069294123855996,0.10916984748950742,0.056085355977188556,0.0989210483961358,-0.03847690625094746,-0.04283569241894725,0.0261606771997134,-1.4707916755063586,-1.6374076287068184,0.14134746439615936,0.10154532528709065,0.125,0.122,0.088,True,999,0.0001248749904334545,0.0028844999615103006,power_5x5_mild_strong_600,power,True,289,1716765723,-0.04999999999999988,0,8
600,600,0.06024815560605323,0.13283419989994993,0.046615876023793135,0.11941388246418683,-0.0725860442938967,-0.07279800644039369,0.02750011473709162,-2.639481507180552,-2.6471891894401867,0.008303295323639867,0.008116393141012715,0.007,0.01,0.009,True,999,0.00011987495236098766,0.0029970420291647315,power_5x5_mild_strong_600,power,True,290,1716765723,-0.04999999999999988,1,6
600,600,0.07611463100661764,0.07951508765154452,0.06143446904047778,0.06790585499061308,-0.003400456644926886,-0.0064713859501353,0.02554066437085213,-0.1331389268326004,-0.2533757875742913,0.8940835100090442,0.7999778360432597,0.896,0.894,0.792,True,999,0.00012291606981307268,0.002921417006291449,power_5x5_mild_strong_600,power,True,291,1716765723,-0.04999999999999988,0,7
600,600,0.06699558856988952,0.10606314374496262,0.050982954441337824,0.09158071748092311,-0.0390675551750731,-0.04059776303958529,0.02632285597174092,-1.4841685574321546,-1.542300846198805,0.13776420902970482,0.12300050342729359,0.131,0.128,0.114,True,999,0.00012079195585101843,0.0029745420906692743,power_5x5_mild_strong_600,power,True,292,1716765723,-0.04999999999999988,0,5
600,600,0.05000011983553543,0.09100081266419041,0.03530194309428225,0.07901918384578721,-0.04100069282865498,-0.04371724075150496,0.024035037141600647,-1.7058718314892725,-1.8188963259739548,0.08803194537753305,0.0689272484822783,0.065,0.071,0.064,True,999,0.0001163750421255827,0.003030833089724183,power_5x5_mild_strong_600,power,True,293,1716765723,-0.04999999999999988,1,6
600,600,0.06077721928825852,0.11470745165095964,0.0472228812401454,0.10698433263763718,-0.053930232362701114,-0.05976145139749178,0.02660528908798179,-2.0270492902504342,-2.246224470625556,0.042657372098648214,0.024689633584102224,0.03,0.041,0.027,True,999,0.00011520902626216412,0.0028804170433431864,power_5x5_mild_strong_600,power,True,294,1716765723,-0.04999999999999988,1,9
600,600,0.05831724862144694,0.11976383445418481,0.04273592462095621,0.10688425374141275,-0.06144658583273788,-0.06414832912045654,0.02745743243549435,-2.237885351337716,-2.3362828724484705,0.02522853254243549,0.019476503577239696,0.014,0.02,0.017,True,999,0.00012391700875014067,0.0030196249717846513,power_5x5_mild_strong_600,power,True,295,1716765723,-0.04999999999999988,0,6
600,600,0.055116766655930904,0.09627400187698126,0.03969374925213742,0.083062846345058,-0.04115723522105036,-0.04336909709292058,0.025536609633910485,-1.6116953585881262,-1.698310688640909,0.10702824819100834,0.089449138423166,0.082,0.087,0.072,True,999,0.0001251670764759183,0.0029507079161703587,power_5x5_mild_strong_600,power,True,296,1716765723,-0.04999999999999988,0,7
600,600,0.07839601418634579,0.08012501066337252,0.062025374534186994,0.0650329631775719,-0.001728996477026734,-0.0030075886433849064,0.026023210681509576,-0.06644055178999293,-0.1155733118481766,0.9470270858496899,0.9079907151982264,0.937,0.937,0.897,True,999,0.00012250000145286322,0.002917959005571902,power_5x5_mild_strong_600,power,True,297,1716765723,-0.04999999999999988,0,5
600,600,0.09215921239104752,0.08264352253031676,0.0783141063760695,0.06811359938063788,0.009515689860730758,0.010200506995431624,0.026567077895744803,0.35817600633658203,0.3839529147865155,0.7202116018889828,0.7010133461677048,0.729,0.723,0.713,True,999,0.00012145808432251215,0.0030174580169841647,power_5x5_mild_strong_600,power,True,298,1716765723,-0.04999999999999988,1,5
600,600,0.06488840590024503,0.08276798305640443,0.049530041540492675,0.06644938665991162,-0.0178795771561594,-0.01691934511941895,0.025053903287259725,-0.7136443751362058,-0.6753177309510364,0.475447110487185,0.4994739211988505,0.443,0.443,0.481,True,999,0.00011862500105053186,0.002903916989453137,power_5x5_mild_strong_600,power,True,299,1716765723,-0.04999999999999988,0,4
600,600,0.05806394518029334,0.10299501753320944,0.04377961324530588,0.09093478233626229,-0.0449310723529161,-0.047155169090956406,0.025772574480987263,-1.7433676401269997,-1.8296646741963376,0.0812694170603374,0.06730009634027445,0.077,0.082,0.075,True,999,0.00012166693340986967,0.0029088750015944242,power_5x5_mild_strong_600,power,True,300,1716765723,-0.04999999999999988,1,6
600,600,0.04558231823800263,0.13671071218964104,0.029910203213717068,0.1249303605404748,-0.09112839395163841,-0.09502015732675773,0.02699285998748774,-3.3760184728065137,-3.5201959840788764,0.000735429812487222,0.0004312280341379311,0.001,0.001,0.001,True,999,0.00011954200454056263,0.003079832997173071,power_5x5_mild_strong_600,power,True,301,1716765723,-0.04999999999999988,0,7
600,600,0.07270160588121422,0.13428341213459816,0.057611722360093154,0.12226116079170879,-0.06158180625338394,-0.06464943843161564,0.029529386103383255,-2.0854414662663223,-2.1893255147694584,0.03702924617337611,0.02857318915304221,0.014,0.025,0.022,True,999,0.00011687504593282938,0.002912124968133867,power_5x5_mild_strong_600,power,True,302,1716765723,-0.04999999999999988,1,6
600,600,0.06195778813063946,0.1129087481399379,0.04575834048591787,0.09893241594522806,-0.05095096000929844,-0.05317407545931019,0.026307977639801968,-1.9367113925250383,-2.0212148644547216,0.05278063236325179,0.04325752762957476,0.051,0.054,0.047,True,999,0.00011616700794547796,0.003001500037498772,power_5x5_mild_strong_600,power,True,303,1716765723,-0.04999999999999988,0,6
600,600,0.06521107502539403,0.10792351878899908,0.04978397592037709,0.08859735383077805,-0.04271244376360506,-0.03881337791040096,0.026885842028400997,-1.5886593292665168,-1.443636314957153,0.11213732573301018,0.14884130416971264,0.079,0.082,0.117,True,999,0.00011616607662290335,0.00298866699449718,power_5x5_mild_strong_600,power,True,304,1716765723,-0.04999999999999988,0,2
600,600,0.07719307483927063,0.12167535915144218,0.06180310938054845,0.10833680429834658,-0.04448228431217155,-0.04653369491779813,0.02836848620549475,-1.568017552644585,-1.64033056190305,0.11687703603455403,0.10093645442138152,0.096,0.098,0.091,True,999,0.0001448750263080001,0.0028945000376552343,power_5x5_mild_strong_600,power,True,305,1716765723,-0.04999999999999988,0,6
600,600,0.09099782955624103,0.10709017717642816,0.07671638927422464,0.09749468215392199,-0.01609234762018713,-0.020778292879697347,0.027689864045143273,-0.5811638364836856,-0.7503934597086548,0.5611300381691906,0.4530177688282059,0.578,0.572,0.466,True,999,0.00012283294927328825,0.0029191250214353204,power_5x5_mild_strong_600,power,True,306,1716765723,-0.04999999999999988,1,7
600,600,0.08295286866124374,0.0987017099645705,0.06919996731232914,0.08576102417777065,-0.015748841303326766,-0.016561056865441515,0.027440236640419332,-0.5739324157332084,-0.603531852966864,0.5660135363374177,0.5461549320037531,0.542,0.559,0.544,True,999,0.00012012501247227192,0.0029787920648232102,power_5x5_mild_strong_600,power,True,307,1716765723,-0.04999999999999988,1,5
600,600,0.07004502665459855,0.09451569916517727,0.05543494959158579,0.0794709042497459,-0.024470672510578717,-0.024035954658160108,0.02616502280812808,-0.9352436911683861,-0.918629226292645,0.34966272684441213,0.3582895396631681,0.367,0.372,0.375,True,999,0.00012812495697289705,0.0029709170339629054,power_5x5_mild_strong_600,power,True,308,1716765723,-0.04999999999999988,1,5
600,600,0.05811277161765682,0.10514979491268095,0.043012126897906455,0.09019409699322978,-0.04703702329502413,-0.04718197009532332,0.02545916496605978,-1.847547763555101,-1.8532410689126189,0.06466779238708548,0.06384781362654658,0.062,0.059,0.06,True,999,0.00012695894110947847,0.002979709068313241,power_5x5_mild_strong_600,power,True,309,1716765723,-0.04999999999999988,0,5
600,600,0.058742759278615386,0.0943190656057371,0.043234150237935864,0.08761192514586469,-0.03557630632712172,-0.044377774907928824,0.026380163881689542,-1.3486006564127229,-1.68224030400097,0.17746526973288346,0.09252225161859841,0.143,0.157,0.09,True,999,0.000120165990665555,0.002978999982587993,power_5x5_mild_strong_600,power,True,310,1716765723,-0.04999999999999988,0,10
600,600,0.07581359765932216,0.09930457184694791,0.061570402081770226,0.08412183881551982,-0.023490974187625746,-0.022551436733749597,0.02625783261763039,-0.8946273110086442,-0.8588460846005929,0.37098634731346314,0.39042543835889243,0.365,0.35,0.378,True,999,0.00011875003110617399,0.002909166971221566,power_5x5_mild_strong_600,power,True,311,1716765723,-0.04999999999999988,0,5
600,600,0.07490485365639055,0.0850889148480401,0.05924026429340756,0.07291925244345521,-0.010184061191649552,-0.013678988150047644,0.025398774375193753,-0.40096663883104644,-0.538568828085166,0.6884446860798602,0.590184401259557,0.689,0.682,0.593,True,999,0.00012924999464303255,0.0029444999527186155,power_5x5_mild_strong_600,power,True,312,1716765723,-0.04999999999999988,0,5
600,600,0.05559726735736881,0.09172683389593439,0.0402784773541498,0.07487641164840397,-0.03612956653856558,-0.03459793429425417,0.024799451650649514,-1.4568695730665209,-1.395108842793628,0.14515238646196094,0.16298301999862774,0.144,0.15,0.171,True,999,0.00012095808051526546,0.002983708051033318,power_5x5_mild_strong_600,power,True,313,1716765723,-0.04999999999999988,1,3
600,600,0.059997198986287525,0.08821245295834601,0.04510849669884465,0.07053598193539301,-0.028215253972058485,-0.025427485236548364,0.024729320202562903,-1.1409635906260902,-1.0282322776472077,0.2538850747326432,0.3038405785833296,0.237,0.233,0.291,True,999,0.00011983397416770458,0.002992084017023444,power_5x5_mild_strong_600,power,True,314,1716765723,-0.04999999999999988,0,5
600,600,0.058239157305867595,0.14327205824379285,0.04336813902045833,0.12845015552898076,-0.08503290093792526,-0.08508201650852243,0.02708458395687923,-3.1395313685934503,-3.141344782846937,0.001692182965771427,0.0016817392453286225,0.001,0.001,0.001,True,999,0.00012479210272431374,0.002939749974757433,power_5x5_mild_strong_600,power,True,315,1716765723,-0.04999999999999988,0,6
600,600,0.08033481640962759,0.11321085262673442,0.06458188110639185,0.09875123281949527,-0.03287603621710683,-0.034169351713103424,0.028009202870700488,-1.1737583668079814,-1.2199330295417605,0.24049182430235438,0.22249026351711865,0.219,0.232,0.222,True,999,0.0001236249227076769,0.002958624972961843,power_5x5_mild_strong_600,power,True,316,1716765723,-0.04999999999999988,0,5
600,600,0.0704253229631886,0.16247496882513435,0.05528092051429212,0.1513049466184384,-0.09204964586194575,-0.09602402610414629,0.03071328724198682,-2.997062643822398,-3.1264652769852637,0.0027259469126754265,0.0017692139579836856,0.003,0.004,0.004,True,999,0.00011979194823652506,0.002994791022501886,power_5x5_mild_strong_600,power,True,317,1716765723,-0.04999999999999988,0,7
600,600,0.06373007962593635,0.1066900254979617,0.048967243898800916,0.0973737759661617,-0.04295994587202534,-0.048406532067360786,0.026321993266294533,-1.632093186766209,-1.8390146816633994,0.10265985683125865,0.0659130266626955,0.073,0.075,0.048,True,999,0.00012658291961997747,0.002903333050198853,power_5x5_mild_strong_600,power,True,318,1716765723,-0.04999999999999988,0,8
600,600,0.09221452423769239,0.10859869024312091,0.07683089205022497,0.0927895397248335,-0.016384166005428524,-0.015958647674608528,0.02885011101370486,-0.5679065150787616,-0.5531572362764076,0.5700984478395041,0.5801557467041537,0.549,0.541,0.563,True,999,0.00012149999383836985,0.0029730829410254955,power_5x5_mild_strong_600,power,True,319,1716765723,-0.04999999999999988,0,5
600,600,0.052204366179356976,0.10733404798642354,0.03747053338054229,0.09405440424660583,-0.055129681807066566,-0.056583870866063535,0.02624782352784189,-2.1003525015546063,-2.1557547735736353,0.03569784402862121,0.03110281868471543,0.019,0.024,0.022,True,999,0.0001206669257953763,0.00300454196985811,power_5x5_mild_strong_600,power,True,320,1716765723,-0.04999999999999988,0,6
600,600,0.06158638716543008,0.11377958962780843,0.04686429833532202,0.10367378286017015,-0.05219320246237835,-0.05680948452484813,0.02648966196942171,-1.970323461380046,-2.1445907686714176,0.048801311244502744,0.031985581033789366,0.042,0.045,0.029,True,999,0.00012254202738404274,0.002931582974269986,power_5x5_mild_strong_600,power,True,321,1716765723,-0.04999999999999988,0,8
600,600,0.05695411189358923,0.07294199108293176,0.041406974473147784,0.058924725548166634,-0.015987879189342524,-0.01751775107501885,0.023654206612166218,-0.6759000397468151,-0.7405765647624315,0.4991041125004212,0.45895022183024603,0.482,0.473,0.448,True,999,0.00012816698290407658,0.002950207912363112,power_5x5_mild_strong_600,power,True,322,1716765723,-0.04999999999999988,0,5
600,600,0.08721930452937632,0.14046702647453396,0.07268752727281935,0.12846513304180007,-0.053247721945157644,-0.05577760576898072,0.029878541156738353,-1.7821392840375998,-1.8668115513531853,0.07472652099623696,0.06192790881216644,0.082,0.086,0.076,True,999,0.0001231249189004302,0.002919374965131283,power_5x5_mild_strong_600,power,True,323,1716765723,-0.04999999999999988,0,6
600,600,0.10015474692264204,0.10645266716387819,0.08403934563716575,0.09582961865714879,-0.006297920241236155,-0.011790273019983033,0.02855468094600023,-0.22055649135587102,-0.41290158493732165,0.8254377816035336,0.6796787198153597,0.828,0.828,0.67,True,999,0.00011879205703735352,0.0029300409369170666,power_5x5_mild_strong_600,power,True,324,1716765723,-0.04999999999999988,0,8
600,600,0.06034049677052833,0.09388829887479261,0.04659471789784675,0.07837670511901251,-0.03354780210426428,-0.031781987221165764,0.025251118214728575,-1.3285669893500551,-1.2586368235616527,0.18399086889188843,0.20816154009187737,0.159,0.164,0.189,True,999,0.00011479202657938004,0.0029660839354619384,power_5x5_mild_strong_600,power,True,325,1716765723,-0.04999999999999988,1,4
600,600,0.06298454928533803,0.10690710112904922,0.04716655823347082,0.09602325836982573,-0.04392255184371119,-0.0488567001363549,0.026933030871046187,-1.6308061299899688,-1.8140067625614804,0.10293123358481893,0.06967668463578061,0.072,0.082,0.051,True,999,0.0001425419468432665,0.0028600000077858567,power_5x5_mild_strong_600,power,True,326,1716765723,-0.04999999999999988,0,7
600,600,0.07124882791674492,0.12345122608468317,0.05644559290738016,0.11329463670625728,-0.05220239816793826,-0.05684904379887712,0.0276663553206274,-1.886854902388149,-2.054807839343109,0.059179844248249416,0.039897568733475004,0.051,0.055,0.039,True,999,0.0001207499299198389,0.0029763750499114394,power_5x5_mild_strong_600,power,True,327,1716765723,-0.04999999999999988,0,8
600,600,0.06184520171082952,0.13254702100748678,0.046751197737421535,0.12405662014009522,-0.07070181929665725,-0.07730542240267368,0.02753100612110171,-2.5680797492710004,-2.807940329627886,0.010226362628186346,0.00498594643990841,0.006,0.008,0.005,True,999,0.00011829100549221039,0.002933667041361332,power_5x5_mild_strong_600,power,True,328,1716765723,-0.04999999999999988,1,9
600,600,0.05928361967855489,0.0975883983770609,0.04488656793614609,0.0838605189695727,-0.038304778698506015,-0.0389739510334266,0.025435513591215212,-1.505956565851909,-1.5322651494203454,0.13207832400004152,0.12545701743541457,0.118,0.112,0.111,True,999,0.00011791696306318045,0.0028902089688926935,power_5x5_mild_strong_600,power,True,329,1716765723,-0.04999999999999988,0,5
600,600,0.061876869118253186,0.09387099611754501,0.04665887114560974,0.08644777860962449,-0.03199412699929183,-0.039788907464014756,0.025247371161983577,-1.267226072529374,-1.5759623926283148,0.20507446566105314,0.11503447045205636,0.172,0.178,0.1,True,999,0.00011779204942286015,0.0029490420129150152,power_5x5_mild_strong_600,power,True,330,1716765723,-0.04999999999999988,0,10
600,600,0.06659644065830961,0.09580052094515729,0.050168890629151974,0.0843108797943728,-0.029204080286847678,-0.03414198916522082,0.02544313702067309,-1.1478175927409715,-1.341893852848402,0.25104387310144405,0.17963041519094514,0.239,0.241,0.187,True,999,0.00011749996338039637,0.002988999942317605,power_5x5_mild_strong_600,power,True,331,1716765723,-0.04999999999999988,0,6
600,600,0.07223299931733296,0.1369782784293117,0.05590399865059226,0.12733013503566326,-0.06474527911197875,-0.071426136385071,0.02889565722497151,-2.240657778014689,-2.471864053098776,0.025048251021346363,0.013441061886330185,0.016,0.026,0.016,True,999,0.0001243329606950283,0.0029562499839812517,power_5x5_mild_strong_600,power,True,332,1716765723,-0.04999999999999988,0,9
600,600,0.0555239938561809,0.11608361105681553,0.040853915555999265,0.10542195282963007,-0.06055961720063463,-0.06456803727363081,0.026979055458800735,-2.244690044583444,-2.3932653006415134,0.024788037595768555,0.0166991613386519,0.019,0.023,0.019,True,999,0.0001230000052601099,0.002956207958050072,power_5x5_mild_strong_600,power,True,333,1716765723,-0.04999999999999988,0,8
600,600,0.07817387955674171,0.1376301183742057,0.06363091154537415,0.1253357847224379,-0.05945623881746398,-0.061704873177063746,0.028991488158809274,-2.0508170705751705,-2.1283789517480933,0.040284764513846605,0.03330567684601393,0.021,0.024,0.022,True,999,0.00012400001287460327,0.002901833038777113,power_5x5_mild_strong_600,power,True,334,1716765723,-0.04999999999999988,0,7
600,600,0.07904365778542544,0.09662319203233927,0.06430667355073183,0.08327566861788682,-0.01757953424691383,-0.018968995067154992,0.026995170973163084,-0.6512103318178761,-0.7026810493629688,0.5149107218055529,0.482254540191004,0.514,0.511,0.477,True,999,0.00013183301780372858,0.0028982089133933187,power_5x5_mild_strong_600,power,True,335,1716765723,-0.04999999999999988,0,6
600,600,0.061668091080235854,0.1671102278616392,0.04627406285226243,0.14966839910823637,-0.10544213678140335,-0.10339433625597394,0.029316005507189782,-3.596742972215077,-3.526890327217887,0.0003222265962904275,0.00042047089199958454,0.001,0.001,0.001,True,999,0.00012033397797495127,0.0029967919690534472,power_5x5_mild_strong_600,power,True,336,1716765723,-0.04999999999999988,0,3
600,600,0.07153059075483714,0.0978717490309553,0.05862314602450169,0.08671032442595106,-0.02634115827611816,-0.028087178401449364,0.0256923218950228,-1.0252540966809642,-1.0932129262669135,0.30524330892486573,0.27430032290690487,0.274,0.284,0.262,True,999,0.00011716701555997133,0.002913624979555607,power_5x5_mild_strong_600,power,True,337,1716765723,-0.04999999999999988,2,7
600,600,0.07090194312363485,0.11609467946601149,0.05521525687322537,0.10423879834442573,-0.04519273634237664,-0.04902354147120036,0.02854962501115963,-1.5829537629552564,-1.717134338963744,0.11343200338309757,0.08595462927570613,0.085,0.103,0.084,True,999,0.00012129195965826511,0.0030126660130918026,power_5x5_mild_strong_600,power,True,338,1716765723,-0.04999999999999988,0,7
600,600,0.0526965596901352,0.136563573586797,0.03713067484363819,0.11997825159289732,-0.08386701389666179,-0.08284757674925913,0.027500729533312795,-3.0496286942159165,-3.0125592358887197,0.002291244437986236,0.002590548721383725,0.002,0.002,0.002,True,999,0.00012320803944021463,0.002997666015289724,power_5x5_mild_strong_600,power,True,339,1716765723,-0.04999999999999988,0,5
600,600,0.05674184407326499,0.15106044691391907,0.043087471437161184,0.13509036872522984,-0.09431860284065408,-0.09200289728806865,0.02767158800499662,-3.4084998238490356,-3.324814509071753,0.000653211273686618,0.000884773784910694,0.001,0.001,0.001,True,999,0.00012370897457003593,0.0028418750734999776,power_5x5_mild_strong_600,power,True,340,1716765723,-0.04999999999999988,1,4
600,600,0.08405934309996765,0.07959206853549555,0.06969748772087314,0.06811631120567085,0.004467274564472101,0.0015811765152022872,0.026004573756062802,0.17178803261217018,0.06080378513543779,0.863604174248257,0.9515154757992017,0.854,0.854,0.946,True,999,0.00012420897837728262,0.003026084043085575,power_5x5_mild_strong_600,power,True,341,1716765723,-0.04999999999999988,2,8
600,600,0.05163686953556623,0.12984375740802784,0.03679068866642865,0.11310976267242268,-0.0782068878724616,-0.07631907400599403,0.027120955393923337,-2.883633217802662,-2.8140260141091455,0.00393116331594964,0.004892526894680534,0.005,0.005,0.005,True,999,0.00011816597543656826,0.002936749951913953,power_5x5_mild_strong_600,power,True,342,1716765723,-0.04999999999999988,0,4
600,600,0.047739264545150206,0.09423654741894438,0.03307688617894655,0.07869507972287693,-0.04649728287379418,-0.045618193543930374,0.024229086471469468,-1.9190687576498697,-1.8827863608331776,0.054975632741429435,0.05972932617069441,0.031,0.033,0.038,True,999,0.00012133410200476646,0.00288674992043525,power_5x5_mild_strong_600,power,True,343,1716765723,-0.04999999999999988,0,4
600,600,0.07451383219385344,0.10270982847057908,0.059264495752358926,0.08960612609928376,-0.028195996276725643,-0.03034163034692483,0.026533884811096083,-1.0626410899671386,-1.1435050149247803,0.2879447455077281,0.25282897375917956,0.3,0.29,0.265,True,999,0.00012199999764561653,0.0030169999226927757,power_5x5_mild_strong_600,power,True,344,1716765723,-0.04999999999999988,0,6
600,600,0.05676565200518091,0.09445026549813945,0.041479712690943416,0.08117026286902274,-0.03768461349295854,-0.03969055017807932,0.024770032523097892,-1.5213792496161596,-1.6023616497502837,0.12816469305412925,0.10907566015405944,0.104,0.102,0.091,True,999,0.00011666701175272465,0.0028580420184880495,power_5x5_mild_strong_600,power,True,345,1716765723,-0.04999999999999988,0,6
600,600,0.0637765863849673,0.12700282931140633,0.04840416217359689,0.1171737600935785,-0.06322624292643902,-0.0687695979199816,0.02792052554424695,-2.2645076227609495,-2.4630481188829787,0.023542911454591066,0.013776142595742157,0.013,0.025,0.013,True,999,0.00011683395132422447,0.002968000015243888,power_5x5_mild_strong_600,power,True,346,1716765723,-0.04999999999999988,0,8
600,600,0.06438663190895366,0.09380042790639376,0.04904602138105929,0.07985021040497031,-0.029413795997440095,-0.03080418902391102,0.025998141150357878,-1.1313807332350452,-1.1848612116442405,0.2578948772132069,0.2360723257850379,0.215,0.223,0.217,True,999,0.00012025004252791405,0.0029362079221755266,power_5x5_mild_strong_600,power,True,347,1716765723,-0.04999999999999988,0,6
600,600,0.06812520848075687,0.11301285697134089,0.05302111881701421,0.10228281690228869,-0.04488764849058402,-0.049261698085274475,0.027422320910649195,-1.6369018740916395,-1.796408781218229,0.10165097430271286,0.0724295283145768,0.07,0.084,0.066,True,999,0.00011812499724328518,0.002895000041462481,power_5x5_mild_strong_600,power,True,348,1716765723,-0.04999999999999988,1,8
600,600,0.06838817977424339,0.11652159980973353,0.05458668227322505,0.10579224327204884,-0.04813342003549015,-0.051205560998823785,0.02674608541921657,-1.7996435471228687,-1.914506747295196,0.07191694030701558,0.05555543783112142,0.049,0.06,0.043,True,999,0.0001241250429302454,0.0030238329200074077,power_5x5_mild_strong_600,power,True,349,1716765723,-0.04999999999999988,1,8
600,600,0.05323107596549037,0.12076707590923585,0.038706077063011435,0.10506916332315086,-0.06753599994374548,-0.06636308626013943,0.026296663015334835,-2.56823460468585,-2.5236314669066546,0.01022179504197394,0.011614962161165308,0.008,0.012,0.014,True,999,0.00012487510684877634,0.0029360000044107437,power_5x5_mild_strong_600,power,True,350,1716765723,-0.04999999999999988,1,5
600,600,0.06315316394559722,0.10273136201629535,0.047002401700638075,0.08686250909653381,-0.03957819807069812,-0.03986010739589574,0.025700480516609215,-1.5399789138230424,-1.5509479431770044,0.12356549336970296,0.12091415968098229,0.096,0.095,0.096,True,999,0.00013162498362362385,0.0029189169872552156,power_5x5_mild_strong_600,power,True,351,1716765723,-0.04999999999999988,0,5
600,600,0.06503087323704126,0.10808366046855755,0.050232288839424655,0.09246618304126741,-0.04305278723151629,-0.04223389420184276,0.026380632922277245,-1.6319846213833697,-1.6009431739667686,0.10268272591067346,0.10938950593965373,0.07,0.074,0.081,True,999,0.00011874991469085217,0.0030023748986423016,power_5x5_mild_strong_600,power,True,352,1716765723,-0.04999999999999988,0,5
600,600,0.06162603868289529,0.13679723969865148,0.04592783476880413,0.12041388337610215,-0.0751712010157562,-0.07448604860729802,0.02826018829483563,-2.659968158439102,-2.635723719537632,0.007814803913808411,0.008395805999229091,0.002,0.006,0.008,True,999,0.00012045796029269695,0.0029862920055165887,power_5x5_mild_strong_600,power,True,353,1716765723,-0.04999999999999988,0,5
600,600,0.06256662176597794,0.1339201172333258,0.04658265665489125,0.11894202760936423,-0.07135349546734787,-0.07235937095447298,0.02793924008551604,-2.5538810378861445,-2.589883287197376,0.010652964649144519,0.009600847653169925,0.006,0.008,0.009,True,999,0.00012012501247227192,0.002917959005571902,power_5x5_mild_strong_600,power,True,354,1716765723,-0.04999999999999988,0,5
600,600,0.08092897705952506,0.09383464480384052,0.06697140734399909,0.08283061732973351,-0.012905667744315452,-0.015859209985734424,0.027112307917049813,-0.4760077151602284,-0.5849450380342287,0.6340688814330743,0.5585846737108666,0.628,0.626,0.545,True,999,0.00011783302761614323,0.0030508750351145864,power_5x5_mild_strong_600,power,True,355,1716765723,-0.04999999999999988,1,7
600,600,0.06021285617933603,0.11403274560536725,0.04406351828731658,0.10558426189635384,-0.05381988942603122,-0.061520743609037254,0.02707188793712527,-1.9880360598059674,-2.272495503524534,0.046807702013608316,0.023056599273029475,0.034,0.04,0.026,True,999,0.00012754194904118776,0.002930416027083993,power_5x5_mild_strong_600,power,True,356,1716765723,-0.04999999999999988,0,9
600,600,0.0846021100714961,0.10229869821765558,0.0709912479749164,0.09227484837373368,-0.017696588146159486,-0.02128360039881727,0.027751936773303842,-0.6376703828174917,-0.7669230646017892,0.523688268903622,0.4431272594853902,0.502,0.498,0.428,True,999,0.00012758304364979267,0.0029764999635517597,power_5x5_mild_strong_600,power,True,357,1716765723,-0.04999999999999988,1,8
600,600,0.05175479602260946,0.11399964974993487,0.03691623628958496,0.10131700000272303,-0.06224485372732541,-0.06440076371313808,0.026473948878941993,-2.351173752429372,-2.43260890196717,0.018714292760518114,0.014990482870231548,0.008,0.013,0.011,True,999,0.00012154108844697475,0.0029703339096158743,power_5x5_mild_strong_600,power,True,358,1716765723,-0.04999999999999988,0,6
600,600,0.046414816656072944,0.14036068360823578,0.03047416215258636,0.1303941883319908,-0.09394586695216284,-0.09992002617940443,0.02699619717126625,-3.4799666914625784,-3.701263016620563,0.000501476124577955,0.000214528961426924,0.001,0.001,0.001,True,999,0.00012070802040398121,0.00288208294659853,power_5x5_mild_strong_600,power,True,359,1716765723,-0.04999999999999988,0,8
600,600,0.04262091175765903,0.11867920634583784,0.027358153581417355,0.10596307872847888,-0.07605829458817881,-0.07860492514706152,0.025510824195125535,-2.9814126743389027,-3.081238165644249,0.0028692186348765612,0.002061416896762978,0.001,0.002,0.001,True,999,0.0001235839445143938,0.002937708981335163,power_5x5_mild_strong_600,power,True,360,1716765723,-0.04999999999999988,0,6
600,600,0.059273156143411665,0.12422032709183833,0.04397290153713129,0.1124736993060651,-0.06494717094842667,-0.06850079776893381,0.026927897328706808,-2.4118916585138996,-2.5438598837759128,0.015869996558370115,0.010963505321550427,0.01,0.011,0.01,True,999,0.0001207499299198389,0.002940792008303106,power_5x5_mild_strong_600,power,True,361,1716765723,-0.04999999999999988,0,7
600,600,0.046802673251227,0.1265291835490281,0.0313378153470012,0.1088168154155369,-0.07972651029780109,-0.0774790000685357,0.027513185570177595,-2.8977564264393707,-2.8160679493441725,0.0037584235478398172,0.004861538326210162,0.001,0.002,0.003,True,999,0.00012362503912299871,0.002926916000433266,power_5x5_mild_strong_600,power,True,362,1716765723,-0.04999999999999988,0,3
600,600,0.07816488658513521,0.120775790019515,0.06284078277735716,0.10735299403546605,-0.04261090343437979,-0.04451221125810889,0.02807409261544643,-1.5178016265051135,-1.5855262667908339,0.12906441495743173,0.1128468138341708,0.111,0.109,0.099,True,999,0.00012145901564508677,0.002987458952702582,power_5x5_mild_strong_600,power,True,363,1716765723,-0.04999999999999988,0,6
600,600,0.040019469690647735,0.1520361015609465,0.025365332586943623,0.13900225404455568,-0.11201663187029876,-0.11363692145761206,0.027926316604424982,-4.011149535293512,-4.0691697035192265,6.0423822341889775e-05,4.71809736484257e-05,0.001,0.002,0.002,True,999,0.00011529203038662672,0.0029058329528197646,power_5x5_mild_strong_600,power,True,364,1716765723,-0.04999999999999988,0,5
600,600,0.04370300295880969,0.11435109224461382,0.028232913971237394,0.09993485972984217,-0.07064808928580413,-0.07170194575860478,0.025731887552743905,-2.745546324224886,-2.786501596963449,0.006041023814600118,0.005328035556587181,0.001,0.001,0.001,True,999,0.00011579191777855158,0.0029481659876182675,power_5x5_mild_strong_600,power,True,365,1716765723,-0.04999999999999988,0,5
600,600,0.053153001923688326,0.08941119442723178,0.037858172318692596,0.07416496587370602,-0.03625819250354345,-0.03630679355501343,0.025167704307888318,-1.4406634812607457,-1.442594569248566,0.14967977665299895,0.1491347141137493,0.108,0.111,0.113,True,999,0.00011866609565913677,0.002958624972961843,power_5x5_mild_strong_600,power,True,366,1716765723,-0.04999999999999988,0,5
600,600,0.046714912430341426,0.0963342397293343,0.03207174394674439,0.08114436626664201,-0.04961932729899288,-0.04907262231989762,0.024117280290260838,-2.057418029802905,-2.034749429839913,0.039646032302329264,0.04187609178840622,0.031,0.029,0.033,True,999,0.0001242499565705657,0.002894124947488308,power_5x5_mild_strong_600,power,True,367,1716765723,-0.04999999999999988,0,5
600,600,0.07901869254217098,0.15653387698597343,0.06298014941546626,0.14447905491505253,-0.07751518444380245,-0.08149890549958627,0.029290066879027892,-2.6464666251514926,-2.7824759102185816,0.008133753097270274,0.005394586997308562,0.008,0.009,0.006,True,999,0.00012191699352115393,0.0029632090590894222,power_5x5_mild_strong_600,power,True,368,1716765723,-0.04999999999999988,0,6
600,600,0.06521727419948398,0.10912035967005235,0.049937704878743716,0.09971927829721494,-0.04390308547056837,-0.049781573418471226,0.027430298107310777,-1.6005325679952138,-1.8148389501171094,0.1094804879538236,0.06954866272777754,0.072,0.097,0.063,True,999,0.00011979206465184689,0.0028958329930901527,power_5x5_mild_strong_600,power,True,369,1716765723,-0.04999999999999988,0,8
600,600,0.05011625043218593,0.13734716835017247,0.03535926191545968,0.12053800837611561,-0.08723091791798654,-0.08517874646065593,0.027275445576758005,-3.198148227221552,-3.122909439589085,0.0013831316623777459,0.001790728381895074,0.001,0.001,0.003,True,999,0.00012091605458408594,0.002904082997702062,power_5x5_mild_strong_600,power,True,370,1716765723,-0.04999999999999988,0,4
600,600,0.05599492561762753,0.09705809831779433,0.04144042987445573,0.08221827888110056,-0.041063172700166795,-0.04077784900664483,0.02557747108753968,-1.6054430306900485,-1.5942877568732807,0.10839634100612734,0.11087159859934967,0.066,0.074,0.076,True,999,0.00011895806528627872,0.0029877920169383287,power_5x5_mild_strong_600,power,True,371,1716765723,-0.04999999999999988,0,5
600,600,0.05778383102610685,0.13461621787157524,0.04327803124283491,0.1261725299403338,-0.07683238684546839,-0.08289449869749888,0.027636850728434473,-2.780070262000531,-2.9994191274555018,0.005434713818055312,0.0027049492297936436,0.002,0.005,0.002,True,999,0.0001224579755216837,0.002913750009611249,power_5x5_mild_strong_600,power,True,372,1716765723,-0.04999999999999988,1,9
600,600,0.08266621771308724,0.13730377924409937,0.06831805959359372,0.1264202943143573,-0.054637561531012124,-0.05810223472076359,0.02957473846760399,-1.8474402264237033,-1.964589975475471,0.06468336366120254,0.0494617131485427,0.06,0.062,0.05,True,999,0.00011795805767178535,0.0029148749308660626,power_5x5_mild_strong_600,power,True,373,1716765723,-0.04999999999999988,1,7
600,600,0.08540624695454468,0.1280717670483223,0.07080980568616724,0.11804790951032373,-0.04266552009377761,-0.0472381038241565,0.028902889400734526,-1.4761679879899248,-1.6343730610876575,0.13989880093889603,0.10218054116650531,0.121,0.123,0.094,True,999,0.00012670899741351604,0.0029987499583512545,power_5x5_mild_strong_600,power,True,374,1716765723,-0.04999999999999988,0,8
600,600,0.06434695517564037,0.10992428790663261,0.04872963657305718,0.0973247975501863,-0.04557733273099224,-0.048595160977129126,0.0268173160967326,-1.6995486262156319,-1.812081447742264,0.08921586067285617,0.06997361252521131,0.072,0.084,0.066,True,999,0.00012045807670801878,0.002944208914414048,power_5x5_mild_strong_600,power,True,375,1716765723,-0.04999999999999988,0,6
600,600,0.0680162403194704,0.11185727509393195,0.05317544350236858,0.1017052871259807,-0.04384103477446155,-0.04852984362361212,0.027003850938809904,-1.6235104716658493,-1.797145293594592,0.10448032667188102,0.07231255674891818,0.086,0.088,0.069,True,999,0.0001232079230248928,0.0028900420293211937,power_5x5_mild_strong_600,power,True,376,1716765723,-0.04999999999999988,0,7
600,600,0.05806492469499691,0.14961899535495665,0.042875350324379724,0.14124513463644917,-0.09155407065995974,-0.09836978431206944,0.028505867534716407,-3.211762299409372,-3.450860921607383,0.0013192347919361066,0.0005588014486026488,0.001,0.001,0.001,True,999,0.00011870800517499447,0.002920999890193343,power_5x5_mild_strong_600,power,True,377,1716765723,-0.04999999999999988,0,9
600,600,0.050188341346433796,0.1312589020486551,0.03563882215621561,0.11723612907843517,-0.0810705607022213,-0.08159730692221956,0.025997974082643385,-3.118341469397231,-3.1386025181360218,0.0018187195449999112,0.0016975554267292965,0.003,0.003,0.003,True,999,0.00011891592293977737,0.0029530830215662718,power_5x5_mild_strong_600,power,True,378,1716765723,-0.04999999999999988,1,6
600,600,0.052482299052429626,0.0817999040808895,0.03728253786107416,0.07186289810317703,-0.02931760502845987,-0.03458036024210287,0.02434359187847983,-1.2043253590024716,-1.4205118297547754,0.228463848895454,0.15545872708993225,0.206,0.202,0.138,True,999,0.00012116704601794481,0.0029860830400139093,power_5x5_mild_strong_600,power,True,379,1716765723,-0.04999999999999988,0,8
600,600,0.0645203660195186,0.08109045700872303,0.04917398218674407,0.06896889007487061,-0.016570090989204422,-0.019794907888126545,0.024841942692610097,-0.6670207396514782,-0.7968341338302448,0.5047588859778263,0.42554736822748307,0.489,0.48,0.424,True,999,0.00012333295308053493,0.0029402499785646796,power_5x5_mild_strong_600,power,True,380,1716765723,-0.04999999999999988,0,7
600,600,0.08077447583908548,0.10844295286059474,0.06732458008673348,0.09884050744147999,-0.027668477021509263,-0.03151592735474651,0.027098131624199353,-1.0210474067075745,-1.163029532508505,0.30723197889863707,0.24481752050520533,0.285,0.279,0.231,True,999,0.00011874991469085217,0.0029536670772358775,power_5x5_mild_strong_600,power,True,381,1716765723,-0.04999999999999988,2,9
600,600,0.061613942310492,0.12265314272265115,0.04696698445422953,0.1086425036575065,-0.061039200412159156,-0.06167551920327696,0.0277856213661124,-2.196790908790081,-2.219691918730923,0.028035382656028358,0.026439687794233783,0.011,0.013,0.014,True,999,0.00011712498962879181,0.00295895803719759,power_5x5_mild_strong_600,power,True,382,1716765723,-0.04999999999999988,0,6
600,600,0.06261845210145767,0.09808479211673504,0.04663760558639751,0.08872111818044459,-0.035466340015277376,-0.04208351259404708,0.02596518905931936,-1.3659188051453022,-1.620766654073045,0.17196444961176238,0.10506769254109011,0.144,0.16,0.108,True,999,0.00012029195204377174,0.002916583907790482,power_5x5_mild_strong_600,power,True,383,1716765723,-0.04999999999999988,1,8
600,600,0.08428676404681279,0.1205569661639771,0.06962034987714105,0.10945670968726517,-0.03627020211716431,-0.03983635981012412,0.029480275244789238,-1.2303210134910534,-1.3512885982014489,0.218576918392145,0.17660300297046672,0.181,0.195,0.163,True,999,0.00011999998241662979,0.002953500021249056,power_5x5_mild_strong_600,power,True,384,1716765723,-0.04999999999999988,0,7
600,600,0.08206571595887047,0.17420973931302364,0.06661259519023588,0.15999908909202532,-0.09214402335415317,-0.09338649390178944,0.02967007005041583,-3.105622035862425,-3.1474982614839027,0.0018987925095625452,0.0016467408522816331,0.004,0.004,0.005,True,999,0.0001266660401597619,0.0029622920555993915,power_5x5_mild_strong_600,power,True,385,1716765723,-0.04999999999999988,1,5
600,600,0.07092702042824195,0.15710111166865004,0.05651092448010786,0.1408514517288495,-0.08617409124040809,-0.08434052724874164,0.028915052541900296,-2.98025020412931,-2.9168381114481896,0.0028801303126134853,0.003535992478334642,0.003,0.005,0.007,True,999,0.00011458306107670069,0.002837916952557862,power_5x5_mild_strong_600,power,True,386,1716765723,-0.04999999999999988,0,5
600,600,0.05818534117291607,0.12148472980513192,0.04281368573697364,0.10701286194671411,-0.06329938863221585,-0.06419917620974047,0.02719571566221406,-2.327550023629807,-2.360635660672806,0.019936009811600423,0.01824364428125839,0.011,0.015,0.015,True,999,0.0001194169744849205,0.0029553750064224005,power_5x5_mild_strong_600,power,True,387,1716765723,-0.04999999999999988,0,4
600,600,0.05454510865030371,0.1728815220010198,0.039757486873782,0.16026495669774476,-0.1183364133507161,-0.12050746982396277,0.028036728277271914,-4.220763998581318,-4.298200154889422,2.434757330957398e-05,1.7219063804963526e-05,0.001,0.001,0.001,True,999,0.0001177499070763588,0.002933667041361332,power_5x5_mild_strong_600,power,True,388,1716765723,-0.04999999999999988,0,6
600,600,0.05827011036891072,0.12460221823032641,0.042205586896329805,0.1150550318921546,-0.06633210786141569,-0.0728494449958248,0.028295196435768912,-2.344288650265846,-2.5746223448632204,0.019063411437061674,0.010034958930490574,0.013,0.02,0.013,True,999,0.0001247500767931342,0.0028758749831467867,power_5x5_mild_strong_600,power,True,389,1716765723,-0.04999999999999988,0,8
600,600,0.07617235385479804,0.13795476763137388,0.061416318420924654,0.12310510699990118,-0.06178241377657584,-0.06168878857897653,0.028980005982595314,-2.13189789586934,-2.128667213389304,0.03301524124214463,0.03328180327701836,0.017,0.02,0.021,True,999,0.0001206250162795186,0.0029747920343652368,power_5x5_mild_strong_600,power,True,390,1716765723,-0.04999999999999988,0,4
600,600,0.07222825003136868,0.11105057993132927,0.05755899473626869,0.09796840160237252,-0.038822329899960595,-0.040409406866103836,0.026274262146289914,-1.477580214576741,-1.5379844595106886,0.1395201733649685,0.12405241457918768,0.131,0.131,0.127,True,999,0.00011920894030481577,0.0028670839965343475,power_5x5_mild_strong_600,power,True,391,1716765723,-0.04999999999999988,0,6
600,600,0.08477440726069796,0.09893878151257296,0.06954362693170424,0.08691817623872566,-0.014164374251875,-0.017374549307021425,0.02707490327271762,-0.5231551193074037,-0.641721565244856,0.6008663108069228,0.5210539845049925,0.596,0.599,0.514,True,999,0.00011595804244279861,0.0029349999967962503,power_5x5_mild_strong_600,power,True,392,1716765723,-0.04999999999999988,1,6
600,600,0.057457985475370954,0.12410333400459689,0.040469947339602186,0.11542640481440003,-0.06664534852922593,-0.07495645747479784,0.027135557858345802,-2.456015419956753,-2.7622965360096425,0.014048712910627755,0.005739632287199297,0.007,0.014,0.006,True,999,0.00012283294927328825,0.0030235409503802657,power_5x5_mild_strong_600,power,True,393,1716765723,-0.04999999999999988,0,10
600,600,0.07933246863033716,0.1254985111227459,0.06341548390184926,0.11140824592004606,-0.04616604249240874,-0.0479927620181968,0.02897379724169833,-1.5933721806394014,-1.6564194750809835,0.11107672273740642,0.0976368998573288,0.1,0.106,0.096,True,999,0.00010983296670019627,0.0028946249512955546,power_5x5_mild_strong_600,power,True,394,1716765723,-0.04999999999999988,0,6
600,600,0.048219628286862326,0.1143567009733038,0.03298727978892657,0.10021793950190272,-0.06613707268644148,-0.06723065971297615,0.025846617538729372,-2.5588289294465567,-2.601139573185375,0.010502540989661023,0.00929146429577805,0.004,0.005,0.006,True,999,0.0001207499299198389,0.002972249989397824,power_5x5_mild_strong_600,power,True,395,1716765723,-0.04999999999999988,0,6
600,600,0.07924368697590212,0.12375378396042613,0.06403725585221309,0.1143247082455332,-0.04451009698452402,-0.05028745239332011,0.02894476252348729,-1.5377599642908177,-1.7373593012730453,0.12410731591032342,0.08232377026984443,0.123,0.124,0.093,True,999,0.0001260829158127308,0.002869541058316827,power_5x5_mild_strong_600,power,True,396,1716765723,-0.04999999999999988,0,8
600,600,0.06314421340407517,0.13079893620514838,0.04855845534518721,0.1157175519221596,-0.06765472280107321,-0.06715909657697239,0.027455467088159748,-2.4641621497034922,-2.4461101448874984,0.013733396670824639,0.01444068767730524,0.012,0.013,0.014,True,999,0.0001200829865410924,0.002896792022511363,power_5x5_mild_strong_600,power,True,397,1716765723,-0.04999999999999988,0,5
600,600,0.07897167284206197,0.13209777727423966,0.06375765946086176,0.11670721713380772,-0.05312610443217769,-0.05294955767294596,0.029546682309902404,-1.7980395861356244,-1.7920644056608757,0.07217073480133938,0.07312264975887035,0.052,0.061,0.069,True,999,0.00011875003110617399,0.0029612919315695763,power_5x5_mild_strong_600,power,True,398,1716765723,-0.04999999999999988,0,4
600,600,0.058802661256602606,0.09867318090109506,0.04508849948945226,0.08726136074028545,-0.03987051964449245,-0.042172861250833193,0.02538545873766647,-1.570604654283175,-1.6612999468178957,0.11627450820455075,0.09665322070691745,0.088,0.101,0.088,True,999,0.00012137496378272772,0.0029224579920992255,power_5x5_mild_strong_600,power,True,399,1716765723,-0.04999999999999988,1,6
600,600,0.08050740270146606,0.10731942533939992,0.06480507971616589,0.0932401131966003,-0.026812022637933863,-0.028435033480434413,0.02761727234142741,-0.970842533124257,-1.0296104962465942,0.3316266986343176,0.30319288603844097,0.322,0.319,0.315,True,999,0.00012033304665237665,0.0029727499932050705,power_5x5_mild_strong_600,power,True,400,1716765723,-0.04999999999999988,0,6
600,600,0.06547475786882817,0.10279030662921262,0.05014942945831535,0.09184798719587661,-0.037315548760384454,-0.04169855773756126,0.026591626530417755,-1.4032819210099754,-1.5681085807166748,0.16053278714276265,0.11685579434581368,0.139,0.141,0.113,True,999,0.0001284580212086439,0.0030004169093444943,power_5x5_mild_strong_600,power,True,401,1716765723,-0.04999999999999988,0,7
600,600,0.07550642104162386,0.11858827709191472,0.06036618165899199,0.10416527783922902,-0.043081856050290857,-0.04379909618023703,0.028440359342530093,-1.5148140546123716,-1.5400331498181627,0.12981950020783722,0.12355227319349629,0.105,0.11,0.109,True,999,0.00012245902325958014,0.0028342920122668147,power_5x5_mild_strong_600,power,True,402,1716765723,-0.04999999999999988,0,5
600,600,0.06855119500382056,0.11990384005008203,0.05217772227842943,0.10531958646322437,-0.05135264504626147,-0.05314186418479494,0.027649283222735955,-1.8572866657184908,-1.9219978961731812,0.06327038048456468,0.05460602247445184,0.055,0.062,0.058,True,999,0.00011975003872066736,0.0030196249717846513,power_5x5_mild_strong_600,power,True,403,1716765723,-0.04999999999999988,0,5
600,600,0.05141979751688708,0.15275005582102819,0.03545954763217196,0.1388033828841344,-0.10133025830414111,-0.10334383525196245,0.027409978543549027,-3.6968382935122475,-3.770299750062539,0.00021830129615208247,0.0001630515898780813,0.001,0.001,0.001,True,999,0.0001248749904334545,0.002945207990705967,power_5x5_mild_strong_600,power,True,404,1716765723,-0.04999999999999988,0,6
600,600,0.07059894491317853,0.11299276440748629,0.05621023268508907,0.10054702574183239,-0.04239381949430776,-0.04433679305674332,0.027034320319863282,-1.5681481536326694,-1.6400187810221054,0.11684656082615263,0.10100126201708667,0.116,0.116,0.1,True,999,0.00011591601651161909,0.002915249904617667,power_5x5_mild_strong_600,power,True,405,1716765723,-0.04999999999999988,1,7
600,600,0.04979474032741815,0.13148691693639114,0.0349713459920622,0.1161650094243214,-0.08169217660897299,-0.0811936634322592,0.026314986563498868,-3.104397428128921,-3.085453349418834,0.0019066702595109915,0.0020324210418807974,0.003,0.004,0.004,True,999,0.0001188330352306366,0.0030041250865906477,power_5x5_mild_strong_600,power,True,406,1716765723,-0.04999999999999988,0,4
600,600,0.06622614891184009,0.08232015099288803,0.05235557830758353,0.06799098772350476,-0.016094002081047942,-0.01563540941592123,0.024980394044476068,-0.6442653407465692,-0.62590723701489,0.5194033865911232,0.5313757874061252,0.498,0.49,0.512,True,999,0.00011687492951750755,0.002999915974214673,power_5x5_mild_strong_600,power,True,407,1716765723,-0.04999999999999988,1,5
600,600,0.07627376189624946,0.13322711645448204,0.06087009781049346,0.12057080151276978,-0.05695335455823258,-0.059700703702276314,0.027825636297166785,-2.046794328438469,-2.145528787363438,0.04067828277700075,0.03191059229670245,0.034,0.039,0.029,True,999,0.00013308296911418438,0.0029348330572247505,power_5x5_mild_strong_600,power,True,408,1716765723,-0.04999999999999988,1,6
600,600,0.04139139159356975,0.14711576227113232,0.02665079503663037,0.133816424670556,-0.10572437067756257,-0.10716562963392562,0.02730094229344277,-3.872553904593828,-3.925345450792921,0.00010770084591254116,8.66053601562858e-05,0.001,0.001,0.001,True,999,0.00013791595119982958,0.002963333041407168,power_5x5_mild_strong_600,power,True,409,1716765723,-0.04999999999999988,0,6
600,600,0.06744402536490512,0.09227476374546517,0.053523304287978135,0.07529639273252542,-0.024830738380560047,-0.021773088444547284,0.02482716635808326,-1.000143875560556,-0.876986448252415,0.31724088552449425,0.3804939988510925,0.305,0.285,0.382,True,999,0.00011737504974007607,0.002915166085585952,power_5x5_mild_strong_600,power,True,410,1716765723,-0.04999999999999988,1,4
600,600,0.04741658785581593,0.12322981238825137,0.03136482921104289,0.1099945504975608,-0.07581322453243544,-0.0786297212865179,0.0252047342990048,-3.0078962004939247,-3.119640951328044,0.00263062972034517,0.001810716059569726,0.004,0.005,0.004,True,999,0.00012037495616823435,0.0029410419519990683,power_5x5_mild_strong_600,power,True,411,1716765723,-0.04999999999999988,0,6
600,600,0.05650683649360588,0.12229988774643924,0.04189965241982918,0.11094900784070205,-0.06579305125283336,-0.06904935542087287,0.02694019045754773,-2.442189536726173,-2.563061145751016,0.01459847998731751,0.010375377429036483,0.008,0.009,0.008,True,999,0.00012020906433463097,0.0030492920195683837,power_5x5_mild_strong_600,power,True,412,1716765723,-0.04999999999999988,0,6
600,600,0.05893709054050289,0.12050344165304394,0.043038976897378234,0.10479304002711842,-0.06156635111254105,-0.06175406312974019,0.027542658419505886,-2.235308958736509,-2.242124278243438,0.025397072325005033,0.024953341295854397,0.013,0.017,0.022,True,999,0.00013387494254857302,0.002951374975964427,power_5x5_mild_strong_600,power,True,413,1716765723,-0.04999999999999988,0,5
600,600,0.07583682310046735,0.08843473455752604,0.060168582975961726,0.07711978562159061,-0.012597911457058686,-0.016951202645628882,0.026781829314877128,-0.47039025262029543,-0.6329366992198924,0.6380762269022744,0.5267749809712328,0.646,0.658,0.547,True,999,0.00011858297511935234,0.0030016660457476974,power_5x5_mild_strong_600,power,True,414,1716765723,-0.04999999999999988,0,8
600,600,0.06523875078845909,0.1289068840112051,0.05010004813800606,0.11146879491263917,-0.063668133222746,-0.06136874677463311,0.027556917542115242,-2.31042289564651,-2.226981543956912,0.020864752728272002,0.02594850729198306,0.018,0.019,0.021,True,999,0.00012695800978690386,0.003006374929100275,power_5x5_mild_strong_600,power,True,415,1716765723,-0.04999999999999988,0,4
600,600,0.06709327281475974,0.1064375615545688,0.052613982852449226,0.08867867719686728,-0.03934428873980905,-0.03606469434441806,0.026863331596719973,-1.4646094285867732,-1.3425250034445309,0.1430275081124977,0.17942582885176417,0.128,0.14,0.175,True,999,0.00013475003652274609,0.0028786250622943044,power_5x5_mild_strong_600,power,True,416,1716765723,-0.04999999999999988,0,3
600,600,0.08210255935245436,0.12863291301107027,0.06594634793304976,0.11320504159272105,-0.04653035365861591,-0.04725869365967128,0.02902943653120695,-1.6028679581360559,-1.6279576632108477,0.10896380916832625,0.10353386314543164,0.094,0.096,0.093,True,999,0.00012262491509318352,0.00304266600869596,power_5x5_mild_strong_600,power,True,417,1716765723,-0.04999999999999988,0,4
600,600,0.07191207520517684,0.11450458783771866,0.056470003714593986,0.10356873011198786,-0.042592512632541824,-0.047098726397393875,0.027407771250944984,-1.5540305062591797,-1.7184442312422603,0.12017714006434695,0.08571561842400949,0.103,0.107,0.086,True,999,0.0001279159914702177,0.002913875039666891,power_5x5_mild_strong_600,power,True,418,1716765723,-0.04999999999999988,0,7
600,600,0.07568314863127323,0.15654492489820482,0.06023824162718938,0.1455142945986836,-0.08086177626693158,-0.08527605297149421,0.03012154608449274,-2.6845161280934735,-2.831064937114774,0.007263487875638348,0.004639330099178036,0.006,0.008,0.006,True,999,0.00012458395212888718,0.0029535830253735185,power_5x5_mild_strong_600,power,True,419,1716765723,-0.04999999999999988,0,7
600,600,0.07557350127088402,0.11717598357204517,0.06095251906094745,0.10483625719541578,-0.04160248230116115,-0.04388373813446833,0.027826735822855914,-1.4950543450730687,-1.5770350649041542,0.13490025963277108,0.11478745698300291,0.1,0.098,0.087,True,999,0.00011937494855374098,0.002962667029350996,power_5x5_mild_strong_600,power,True,420,1716765723,-0.04999999999999988,0,7
600,600,0.07934558016003357,0.12257901842370506,0.06379739565386444,0.10826595692748242,-0.043233438263671486,-0.04446856127361798,0.028377303020484204,-1.523521746674212,-1.5670467782480342,0.12762822424800285,0.11710375795799215,0.093,0.104,0.097,True,999,0.00011491694021970034,0.0028837500140070915,power_5x5_mild_strong_600,power,True,421,1716765723,-0.04999999999999988,0,5
600,600,0.07594375739279102,0.11218425776822322,0.06128982821633144,0.09505196619909384,-0.036240500375432194,-0.0337621379827624,0.027594634073613927,-1.3133169397627733,-1.22350373962907,0.18907617274802369,0.22113949259423382,0.179,0.178,0.207,True,999,0.00012570794206112623,0.0029591659549623728,power_5x5_mild_strong_600,power,True,422,1716765723,-0.04999999999999988,0,3
600,600,0.08719321331547136,0.13368430192133607,0.07238678077055738,0.12017257554305161,-0.046491088605864705,-0.04778579477249423,0.029385616856744047,-1.5821035451632837,-1.6261627246231283,0.11362593444884557,0.10391504345572807,0.099,0.11,0.108,True,999,0.0001212080242112279,0.002952208975329995,power_5x5_mild_strong_600,power,True,423,1716765723,-0.04999999999999988,0,5
600,600,0.08162071578382024,0.10329784431656991,0.06539683428502485,0.08910412316481597,-0.021677128532749668,-0.023707288879791122,0.02755095313579395,-0.7868014012403418,-0.8604888826510625,0.431398133104661,0.38951960919976547,0.419,0.413,0.385,True,999,0.00012616696767508984,0.0029740830650553107,power_5x5_mild_strong_600,power,True,424,1716765723,-0.04999999999999988,0,6
600,600,0.08350579975126782,0.13173257755187007,0.06826022800601095,0.11198423843399041,-0.04822677780060225,-0.043724010427979465,0.029517841120375865,-1.633817920624005,-1.4812739945875386,0.10229708830361682,0.13853357537632827,0.08,0.085,0.137,True,999,0.00012212491128593683,0.0030300000216811895,power_5x5_mild_strong_600,power,True,425,1716765723,-0.04999999999999988,1,3
600,600,0.060272285361424593,0.049539492479524605,0.04512843676968714,0.03711297859780416,0.010732792881899988,0.008015458171882983,0.021599559324064422,0.4968986969073211,0.3710935974028336,0.619260490492673,0.7105678196440224,0.627,0.595,0.704,True,999,0.00012733403127640486,0.002964459010399878,power_5x5_mild_strong_600,power,True,426,1716765723,-0.04999999999999988,1,7
600,600,0.06486949990433633,0.11990753074468369,0.051200424700368785,0.10318963283859262,-0.05503803084034736,-0.05198920813822383,0.0281173366644953,-1.9574411153189244,-1.8490089854019618,0.05029562852193141,0.06445651526772922,0.024,0.041,0.057,True,999,0.00012112502008676529,0.003024082980118692,power_5x5_mild_strong_600,power,True,427,1716765723,-0.04999999999999988,2,5
600,600,0.06284562659206983,0.13150028011699377,0.04803876576966104,0.1188754835464465,-0.06865465352492395,-0.07083671777678546,0.02798064218425938,-2.45364824269637,-2.5316330236564384,0.014141523770343287,0.011353274401753264,0.013,0.013,0.012,True,999,0.00012149999383836985,0.00304079195484519,power_5x5_mild_strong_600,power,True,428,1716765723,-0.04999999999999988,0,6
600,600,0.06625052576110813,0.1078649409853677,0.05057456447491404,0.10006098579771106,-0.04161441522425957,-0.049486421322797014,0.026519101265667814,-1.5692241907961817,-1.8660670596278153,0.11659570939827128,0.062031983896343255,0.095,0.103,0.052,True,999,0.00012700003571808338,0.0029284999473020434,power_5x5_mild_strong_600,power,True,429,1716765723,-0.04999999999999988,0,9
600,600,0.059614329239234154,0.10971203367060178,0.044068548515042494,0.0984996647338221,-0.05009770443136763,-0.05443111621877961,0.027049754079034684,-1.8520576669566324,-2.012259189482512,0.06401754253908165,0.04419262200916145,0.054,0.059,0.045,True,999,0.000120542012155056,0.0030241250060498714,power_5x5_mild_strong_600,power,True,430,1716765723,-0.04999999999999988,0,7
600,600,0.07182481146029751,0.09092946875707603,0.05813193915605552,0.07121057947529152,-0.019104657296778516,-0.013078640319236001,0.025290889749501534,-0.7553968043830903,-0.5171285173742759,0.45001093007334647,0.6050664476771733,0.466,0.442,0.615,True,999,0.00011795794125646353,0.002996208961121738,power_5x5_mild_strong_600,power,True,431,1716765723,-0.04999999999999988,1,3
600,600,0.08385763488618703,0.06728457026100065,0.06846569879871822,0.051810451963035575,0.016573064625186373,0.016655246835682647,0.02422012781077305,0.6842682563307827,0.687661393276151,0.49380578796986585,0.4916660371796895,0.514,0.477,0.475,True,999,0.00011733302380889654,0.002932292059995234,power_5x5_mild_strong_600,power,True,432,1716765723,-0.04999999999999988,0,4
600,600,0.10822804565334088,0.1148843223579642,0.09280820211745322,0.1066500476015051,-0.006656276704623321,-0.013841845484051873,0.0289692880803109,-0.22977011675848835,-0.4778110337291838,0.8182704068581518,0.6327847072099626,0.831,0.83,0.658,True,999,0.00011754198931157589,0.0030396670335903764,power_5x5_mild_strong_600,power,True,433,1716765723,-0.04999999999999988,0,8
600,600,0.0410306589552214,0.13113151009705298,0.025591221553099786,0.11708464457814216,-0.09010085114183158,-0.09149342302504238,0.027015793878921474,-3.3351176554589776,-3.3866642392629545,0.0008526331595459859,0.0007074791526086836,0.001,0.001,0.001,True,999,0.00012104108463972807,0.002968749962747097,power_5x5_mild_strong_600,power,True,434,1716765723,-0.04999999999999988,0,5
600,600,0.08056920153180536,0.12834917852915417,0.0653454435812364,0.11555037244954747,-0.047779976997348816,-0.05020492886831107,0.02884468348824739,-1.6564569695076221,-1.7405262529147458,0.09762931231940719,0.0817666543799519,0.085,0.089,0.08,True,999,0.00012425007298588753,0.0029112499905750155,power_5x5_mild_strong_600,power,True,435,1716765723,-0.04999999999999988,0,6
600,600,0.06324286305867566,0.08949689507518899,0.04738760386555896,0.07511080010760907,-0.02625403201651333,-0.027723196242050108,0.02526614511176273,-1.0390992333963396,-1.097246775058831,0.29875858745506567,0.2725335308143406,0.262,0.274,0.254,True,999,0.00011979194823652506,0.002990624983794987,power_5x5_mild_strong_600,power,True,436,1716765723,-0.04999999999999988,0,5
600,600,0.06465523324284295,0.156727848629783,0.048384767789912075,0.14470951132256005,-0.09207261538694006,-0.09632474353264797,0.030477899881535712,-3.020963246969651,-3.1604783763662128,0.0025197194273264183,0.0015751029609379367,0.004,0.005,0.005,True,999,0.00011675001587718725,0.00290395796764642,power_5x5_mild_strong_600,power,True,437,1716765723,-0.04999999999999988,0,6
600,600,0.08725313560435177,0.10029945503768783,0.07295479994627385,0.08426948834198811,-0.013046319433336062,-0.011314688395714256,0.027144871268053726,-0.48061820977173036,-0.4168260104821456,0.6307878709091371,0.6768056757625002,0.616,0.607,0.657,True,999,0.00012220896314829588,0.0030039590783417225,power_5x5_mild_strong_600,power,True,438,1716765723,-0.04999999999999988,1,4
600,600,0.06544302279426528,0.10603247429767543,0.0517152827009113,0.09501421843373237,-0.040589451503410146,-0.043298935732821064,0.02659350132706784,-1.5262921194245571,-1.628177320477534,0.12693713038501447,0.10348729227607435,0.128,0.132,0.113,True,999,0.00011837494093924761,0.002947416971437633,power_5x5_mild_strong_600,power,True,439,1716765723,-0.04999999999999988,1,7
600,600,0.07897182678959647,0.11015210468283282,0.06531626521530143,0.09630351650434932,-0.031180277893236352,-0.03098725128904789,0.027565702245723685,-1.1311258322132316,-1.1241234129580353,0.25800213304943087,0.2609606740885181,0.224,0.235,0.241,True,999,0.00012766604777425528,0.0029221249278634787,power_5x5_mild_strong_600,power,True,440,1716765723,-0.04999999999999988,1,6
600,600,0.0758204942315246,0.07905045133891636,0.06017819348994635,0.06669895858715336,-0.0032299571073917677,-0.006520765097207004,0.02600704509468748,-0.12419546686799719,-0.2507307182905995,0.9011605113671249,0.8020223093658969,0.88,0.879,0.781,True,999,0.00012183305807411671,0.0030015830416232347,power_5x5_mild_strong_600,power,True,441,1716765723,-0.04999999999999988,0,7
600,600,0.08198070222435816,0.09537113459922625,0.06692962111867473,0.08541693786548876,-0.013390432374868089,-0.01848731674681403,0.025860351305311863,-0.5177977753193793,-0.7148903945097077,0.6045993706736914,0.47467677284510734,0.617,0.606,0.465,True,999,0.00016216596122831106,0.002943166997283697,power_5x5_mild_strong_600,power,True,442,1716765723,-0.04999999999999988,1,8
600,600,0.06179154237045337,0.11853654349276282,0.04788577890258239,0.10396341700993617,-0.05674500112230946,-0.05607763810735378,0.026416395022399723,-2.148097841291087,-2.1228346282603234,0.03170598368868082,0.033767711976859925,0.021,0.029,0.029,True,999,0.00012191699352115393,0.002985083032399416,power_5x5_mild_strong_600,power,True,443,1716765723,-0.04999999999999988,1,5
600,600,0.06523455738889039,0.10297081143686115,0.049752400199508884,0.0941724890237765,-0.03773625404797076,-0.04442008882426762,0.026670432348520387,-1.4149097230538252,-1.6655181379814394,0.1570949668315593,0.09580942803328794,0.137,0.145,0.091,True,999,0.0001244159648194909,0.0030557919526472688,power_5x5_mild_strong_600,power,True,444,1716765723,-0.04999999999999988,0,8
600,600,0.07533528865309447,0.08624155464903899,0.06181433047470364,0.07970676057212245,-0.01090626599594452,-0.01789243009741881,0.026381443711769013,-0.4134067155346442,-0.6782202783480279,0.6793086552590205,0.4976320369822069,0.661,0.662,0.484,True,999,0.00011904106941074133,0.002866958035156131,power_5x5_mild_strong_600,power,True,445,1716765723,-0.04999999999999988,1,11
600,600,0.04975916160207983,0.09421013299074843,0.0345183991413478,0.08344498941883671,-0.0444509713886686,-0.04892659027748891,0.024416772722648035,-1.820509691988804,-2.003810693298813,0.06868142165213055,0.0450903429290615,0.052,0.055,0.041,True,999,0.00011662498582154512,0.0029645420145243406,power_5x5_mild_strong_600,power,True,446,1716765723,-0.04999999999999988,0,8
600,600,0.04732357036518797,0.14741000322634495,0.03260626661221977,0.13372797715243223,-0.10008643286115698,-0.10112171054021246,0.027262001194596302,-3.671279747467529,-3.709254864248783,0.00024133900522723152,0.00020787010429182176,0.001,0.001,0.001,True,999,0.00012400001287460327,0.002932082978077233,power_5x5_mild_strong_600,power,True,447,1716765723,-0.04999999999999988,0,5
600,600,0.07949260883096188,0.14417866756172887,0.06392981352234983,0.1267896107355,-0.064686058730767,-0.06285979721315016,0.030033969155588005,-2.1537632404051315,-2.0929567080365303,0.03125874383992255,0.036353019303531464,0.021,0.031,0.038,True,999,0.00011529203038662672,0.002856832928955555,power_5x5_mild_strong_600,power,True,448,1716765723,-0.04999999999999988,0,4
600,600,0.03813483341230972,0.1581642477527665,0.02293484022300163,0.1482329829695459,-0.12002941434045677,-0.12529814274654427,0.027953570452934305,-4.293884909713106,-4.482366320878757,1.7557351320632055e-05,7.381988474512929e-06,0.001,0.001,0.001,True,999,0.00011970789637416601,0.002981750061735511,power_5x5_mild_strong_600,power,True,449,1716765723,-0.04999999999999988,0,8
600,600,0.04400955094743808,0.09294804965620135,0.029403587744241122,0.08112532075023182,-0.04893849870876327,-0.0517217330059907,0.024693091277953143,-1.9818700768525193,-2.0945831537977457,0.04749378377537634,0.03620806404152143,0.036,0.039,0.033,True,999,0.00011829100549221039,0.00297195790335536,power_5x5_mild_strong_600,power,True,450,1716765723,-0.04999999999999988,0,7
600,600,0.047867926465880783,0.1590373123435218,0.03296768928851179,0.15200916472778658,-0.11116938587764102,-0.11904147543927479,0.027232010664280968,-4.0823054620589225,-4.3713803180687005,4.459113412979682e-05,1.2346352028004867e-05,0.001,0.001,0.001,True,999,0.00011912500485777855,0.002960416954010725,power_5x5_mild_strong_600,power,True,451,1716765723,-0.04999999999999988,0,11
600,600,0.0913269055397461,0.14253017086499764,0.07528125022247423,0.12765097247080348,-0.051203265325251546,-0.052369722248329253,0.029851968795496453,-1.7152391413787156,-1.7543138480109188,0.08630139134084129,0.07937674421436021,0.071,0.079,0.077,True,999,0.00014662498142570257,0.0029571669874712825,power_5x5_mild_strong_600,power,True,452,1716765723,-0.04999999999999988,0,5
600,600,0.06216656556812161,0.15215015526441567,0.04681292843133633,0.13532391100778796,-0.08998358969629405,-0.08851098257645162,0.028502288029008695,-3.1570654820662716,-3.1053992046662375,0.001593655542232594,0.0019002237264834144,0.003,0.003,0.003,True,999,0.00012075004633516073,0.002898624981753528,power_5x5_mild_strong_600,power,True,453,1716765723,-0.04999999999999988,0,3
600,600,0.05514557953199328,0.07926626615033527,0.041282386072907684,0.06850408507284556,-0.02412068661834199,-0.02722169899993787,0.023599814620411774,-1.0220710207392776,-1.1534708826226747,0.30674728776603755,0.24871716216842754,0.306,0.301,0.246,True,999,0.00011899997480213642,0.0030202920315787196,power_5x5_mild_strong_600,power,True,454,1716765723,-0.04999999999999988,1,8
600,600,0.06640510216128315,0.09244494519626734,0.05108895236389799,0.08178580538202596,-0.02603984303498419,-0.030696853018127968,0.024879014910179277,-1.0466589263680999,-1.2338451955976888,0.2952569137855974,0.2172605945147913,0.3,0.304,0.23,True,999,0.00012699991930276155,0.0029515830101445317,power_5x5_mild_strong_600,power,True,455,1716765723,-0.04999999999999988,1,7
600,600,0.05732960001317089,0.10616545295452273,0.04354789617491406,0.08954289089183476,-0.04883585294135184,-0.0459949947169207,0.024918760817700513,-1.9598026281733212,-1.845797832942364,0.05001886395088272,0.06492156538521032,0.038,0.04,0.057,True,999,0.00013108400162309408,0.002911917050369084,power_5x5_mild_strong_600,power,True,456,1716765723,-0.04999999999999988,1,4
600,600,0.10163549430457319,0.11625440050710462,0.08623666928031071,0.10348189307219968,-0.014618906202531423,-0.017245223791888975,0.029355342362519816,-0.4979981504557918,-0.5874645772793731,0.6184853458066459,0.5568917340179879,0.604,0.602,0.564,True,999,0.000128875020891428,0.0029562499839812517,power_5x5_mild_strong_600,power,True,457,1716765723,-0.04999999999999988,0,6
600,600,0.10967334370886495,0.12473215396378301,0.09582008300537836,0.10902762534533395,-0.015058810254918065,-0.01320754233995558,0.02919250813222781,-0.5158450307424427,-0.45242917395558685,0.6059626488293662,0.650959833876168,0.595,0.589,0.646,True,999,0.00011370796710252762,0.002909666975028813,power_5x5_mild_strong_600,power,True,458,1716765723,-0.04999999999999988,1,3
600,600,0.0703041922798403,0.06611144616801362,0.054883822589090414,0.050570084016015926,0.004192746111826684,0.004313738573074488,0.024262516179631738,0.172807555522476,0.17779436152198635,0.8628026979480824,0.8588844756539062,0.844,0.84,0.833,True,999,0.0001200829865410924,0.0029455829644575715,power_5x5_mild_strong_600,power,True,459,1716765723,-0.04999999999999988,0,6
600,600,0.07071615585751712,0.1003396808083793,0.05654764902624265,0.08039961709201293,-0.02962352495086218,-0.02385196806577028,0.026400159944547905,-1.122096419608244,-0.9034781651274097,0.2618214460495345,0.3662721716234344,0.241,0.24,0.364,True,999,0.00011904200073331594,0.0029950839234516025,power_5x5_mild_strong_600,power,True,460,1716765723,-0.04999999999999988,1,3
600,600,0.06850242990948496,0.10989482475246432,0.05405661248448723,0.09664478427509948,-0.04139239484297935,-0.04258817179061225,0.02701003936059533,-1.5324818409323124,-1.5767534146115942,0.12540357531943352,0.11485227458061995,0.099,0.102,0.099,True,999,0.00011941604316234589,0.0028200000524520874,power_5x5_mild_strong_600,power,True,461,1716765723,-0.04999999999999988,0,6
600,600,0.07406975349944744,0.1613154997304702,0.058454404908388824,0.14846275449446011,-0.08724574623102277,-0.09000834958607129,0.03131033123503377,-2.7864842941489463,-2.8747172589908314,0.005328320007765853,0.00404389447273875,0.006,0.008,0.005,True,999,0.00012329197488725185,0.0029899999499320984,power_5x5_mild_strong_600,power,True,462,1716765723,-0.04999999999999988,0,6
600,600,0.05673405939673937,0.11799065307708057,0.040555334835630674,0.10709837162542613,-0.0612565936803412,-0.06654303678979545,0.027303108871236475,-2.243575776268993,-2.4371963318762506,0.024859709286812498,0.014801640470042472,0.025,0.027,0.02,True,999,0.00011862500105053186,0.0030655839946120977,power_5x5_mild_strong_600,power,True,463,1716765723,-0.04999999999999988,0,8
600,600,0.04791823841832232,0.1097115227625915,0.033254758538646456,0.0962442086368469,-0.06179328434426917,-0.06298945009820045,0.025953885163058264,-2.380887638056721,-2.426975757288822,0.017270979090725978,0.015225273192745078,0.011,0.014,0.012,True,999,0.00011295790318399668,0.0029205000028014183,power_5x5_mild_strong_600,power,True,464,1716765723,-0.04999999999999988,0,6
600,600,0.06579577599135789,0.10946314639840538,0.05184980085005009,0.09729686450185682,-0.04366737040704749,-0.04544706365180673,0.026971370385524687,-1.6190267599633503,-1.6850112916842297,0.10544150555715974,0.09198639296479605,0.075,0.08,0.076,True,999,0.00012012501247227192,0.0030205000657588243,power_5x5_mild_strong_600,power,True,465,1716765723,-0.04999999999999988,1,8
600,600,0.081509372713225,0.15285187143137102,0.06605259762022797,0.14239200843690014,-0.07134249871814602,-0.07633941081667217,0.03007864548622003,-2.371865406998804,-2.537993635772118,0.01769853653363386,0.011149001188001564,0.017,0.018,0.012,True,999,0.00011837494093924761,0.00298866699449718,power_5x5_mild_strong_600,power,True,466,1716765723,-0.04999999999999988,0,8
600,600,0.06485670776148444,0.11975405248844623,0.05019026206332455,0.10841751495172502,-0.05489734472696178,-0.05822725288840047,0.027523716494499258,-1.9945469478270956,-2.115530179219709,0.046092314700281314,0.0343847855604371,0.024,0.037,0.024,True,999,0.0001192920608446002,0.0029314999701455235,power_5x5_mild_strong_600,power,True,467,1716765723,-0.04999999999999988,0,6
600,600,0.0876174808828093,0.07784675062277191,0.07198937165173902,0.06127109366042305,0.009770730260037386,0.010718277991315972,0.026633893190681233,0.3668532493573266,0.402430013313492,0.7137284853082797,0.6873675854188307,0.739,0.728,0.71,True,999,0.00013470789417624474,0.0030962079763412476,power_5x5_mild_strong_600,power,True,468,1716765723,-0.04999999999999988,0,5
600,600,0.04639512439306004,0.1391739582499359,0.03026496126983602,0.12577153118513706,-0.09277883385687585,-0.09550656991530104,0.027632297912974724,-3.357622813313388,-3.4563383116413204,0.0007861581037643831,0.0005475676030406627,0.001,0.001,0.001,True,999,0.00013012508861720562,0.0030038750264793634,power_5x5_mild_strong_600,power,True,469,1716765723,-0.04999999999999988,0,6
600,600,0.06302380611185199,0.11422253018532291,0.046883239400017374,0.09882446376872167,-0.051198724073470925,-0.0519412243687043,0.02704964965697383,-1.892768472891148,-1.9202180075302018,0.05838866594231723,0.05483036795832541,0.033,0.045,0.047,True,999,0.000131291919387877,0.002944290987215936,power_5x5_mild_strong_600,power,True,470,1716765723,-0.04999999999999988,0,4
600,600,0.054125217305963425,0.13935344088286739,0.04018707729733251,0.12699726783120013,-0.08522822357690396,-0.08681019053386763,0.02777720158292728,-3.0682796941390897,-3.1252316859457805,0.002152950081632959,0.0017766506756529599,0.002,0.003,0.003,True,999,0.00012199999764561653,0.0030590000096708536,power_5x5_mild_strong_600,power,True,471,1716765723,-0.04999999999999988,1,7
600,600,0.07872933648915337,0.08226237274918669,0.06351772321113458,0.06935981034476413,-0.0035330362600333176,-0.005842087133629548,0.026333207720837658,-0.1341665739125887,-0.22185246839513068,0.8932708570490295,0.8244287331606637,0.883,0.878,0.809,True,999,0.00011625001206994057,0.0029092920012772083,power_5x5_mild_strong_600,power,True,472,1716765723,-0.04999999999999988,0,6
600,600,0.062343133926704875,0.1379601002235975,0.04702555483299875,0.12624048510502917,-0.07561696629689263,-0.07921493027203041,0.02834912969267518,-2.6673470091193123,-2.794263214806834,0.007645268847875378,0.005201811977419015,0.005,0.006,0.005,True,999,0.00012095796409994364,0.002999124932102859,power_5x5_mild_strong_600,power,True,473,1716765723,-0.04999999999999988,0,7
600,600,0.04801652562108982,0.10396324544270069,0.03337206144465199,0.09376979713437095,-0.05594671982161087,-0.06039773568971896,0.026439079117637976,-2.116061590976057,-2.284411473674458,0.03433956961811036,0.022347359890837082,0.013,0.021,0.015,True,999,0.00012387498281896114,0.002994749927893281,power_5x5_mild_strong_600,power,True,474,1716765723,-0.04999999999999988,1,8
600,600,0.07869075328151243,0.1377827109616918,0.06670702724261446,0.12809069871229894,-0.059091957680179386,-0.061383671469684487,0.027348468775712648,-2.16070443156427,-2.2445012177134203,0.0307181783765648,0.024800170661653666,0.025,0.025,0.023,True,999,0.0001267079496756196,0.0028613749891519547,power_5x5_mild_strong_600,power,True,475,1716765723,-0.04999999999999988,3,7
600,600,0.07675664638248803,0.08317173652479637,0.06194575815175085,0.06660684471961531,-0.006415090142308344,-0.004661086567864459,0.02578175101873831,-0.24882290336470253,-0.18079014743710606,0.8034977738531957,0.8565322968825682,0.806,0.805,0.853,True,999,0.00011733302380889654,0.0030588749796152115,power_5x5_mild_strong_600,power,True,476,1716765723,-0.04999999999999988,0,4
600,600,0.05350136167670205,0.08551842584992309,0.03738036127356281,0.07338683597998852,-0.03201706417322103,-0.036006474706425706,0.02438408828438747,-1.3130310143160353,-1.4766381373987956,0.18917249764335908,0.13977266298353055,0.167,0.173,0.137,True,999,0.00012495799455791712,0.0029154999647289515,power_5x5_mild_strong_600,power,True,477,1716765723,-0.04999999999999988,0,6
600,600,0.05841027826553269,0.1419709797336744,0.04357168365004327,0.1313567410774681,-0.08356070146814171,-0.08778505742742482,0.02801347557644561,-2.9828751966214972,-3.1336724780139944,0.002855544091730042,0.0017263342783020888,0.002,0.002,0.002,True,999,0.0001431669807061553,0.002926458022557199,power_5x5_mild_strong_600,power,True,478,1716765723,-0.04999999999999988,0,8
600,600,0.06177520975937356,0.10871346267827836,0.04786441828639454,0.09026989759280468,-0.0469382529189048,-0.04240547930641014,0.026679840584483663,-1.7593153441180203,-1.5894202655420708,0.0785239618038806,0.1119655423019239,0.054,0.062,0.108,True,999,0.0001264170277863741,0.003042957978323102,power_5x5_mild_strong_600,power,True,479,1716765723,-0.04999999999999988,1,3
600,600,0.054593820834449636,0.1252578328480553,0.039508926687290113,0.1147876866336901,-0.07066401201360567,-0.07527875994639999,0.028083488267437756,-2.516212065277488,-2.680534527246895,0.011862378315596668,0.007350468111029635,0.002,0.006,0.003,True,999,0.00011541694402694702,0.0029518749797716737,power_5x5_mild_strong_600,power,True,480,1716765723,-0.04999999999999988,1,7
600,600,0.055638882662867206,0.09900287717627942,0.03856884705180619,0.0884511452500476,-0.04336399451341222,-0.049882298198241415,0.02677675392123378,-1.6194642054436954,-1.862895642428304,0.10534742204873938,0.062476950025052054,0.068,0.085,0.063,True,999,0.00011900009121745825,0.00305937509983778,power_5x5_mild_strong_600,power,True,481,1716765723,-0.04999999999999988,0,9
600,600,0.08499448667416032,0.1161508770989867,0.06989949800276918,0.10595586362353515,-0.031156390424826375,-0.03605636562076597,0.027690004661202545,-1.1251854525138707,-1.3021437179924291,0.2605104563581896,0.19286726070184368,0.218,0.219,0.169,True,999,0.00012233294546604156,0.002913709031417966,power_5x5_mild_strong_600,power,True,482,1716765723,-0.04999999999999988,0,7
600,600,0.08957592424919159,0.07545872168565476,0.07581105790302445,0.06476736916394543,0.014117202563536824,0.011043688739079016,0.02672239969481383,0.5282909740428975,0.4132745885550963,0.5972973952875031,0.6794054455632068,0.583,0.571,0.677,True,999,0.00013033300638198853,0.002954791998490691,power_5x5_mild_strong_600,power,True,483,1716765723,-0.04999999999999988,1,8
600,600,0.03841994877209698,0.11594665919319569,0.023747053197780588,0.09946569836358776,-0.07752671042109871,-0.07571864516580717,0.025465201113787278,-3.04441775561413,-2.973416342854322,0.002331311637251906,0.002945046752923614,0.002,0.003,0.004,True,999,0.00011991697829216719,0.0030153749976307154,power_5x5_mild_strong_600,power,True,484,1716765723,-0.04999999999999988,0,5
600,600,0.05529234311465392,0.11465198072797173,0.040394075537619756,0.10576255415222136,-0.059359637613317806,-0.0653684786146016,0.026987431815052337,-2.1995289518512005,-2.4221822610828085,0.027840332831245127,0.015427610664009241,0.022,0.025,0.018,True,999,0.00011233403347432613,0.0029115829383954406,power_5x5_mild_strong_600,power,True,485,1716765723,-0.04999999999999988,0,8
600,600,0.05803962040238819,0.13366281926974827,0.04235877604082816,0.12601317041682591,-0.07562319886736008,-0.08365439437599775,0.029388839773230674,-2.5731944319980524,-2.8464680818123274,0.010076458209402199,0.004420716071166574,0.004,0.007,0.006,True,999,0.00011799996718764305,0.0030096250120550394,power_5x5_mild_strong_600,power,True,486,1716765723,-0.04999999999999988,0,10
600,600,0.05548488101980098,0.1237106273555682,0.03953533066635373,0.10727671676900741,-0.06822574633576722,-0.06774138610265368,0.02747081695058015,-2.483571801250213,-2.465939990955495,0.01300721092358536,0.013665422618170308,0.01,0.012,0.013,True,999,0.00011754198931157589,0.002979665994644165,power_5x5_mild_strong_600,power,True,487,1716765723,-0.04999999999999988,0,5
600,600,0.08630301981367183,0.08630708838773893,0.07291837896991638,0.07620192148559113,-4.068574067095376e-06,-0.0032835425156747533,0.026394707726791814,-0.0001541435544279807,-0.12440154858550717,0.9998770112382617,0.9009973472801239,1.0,1.0,0.906,True,999,0.00012608303222805262,0.00288658298086375,power_5x5_mild_strong_600,power,True,488,1716765723,-0.04999999999999988,1,8
600,600,0.07722237598209913,0.11493852129678639,0.06247293692183575,0.0994479430339652,-0.037716145314687255,-0.03697500611212945,0.028147472558119908,-1.339947849200656,-1.3136172718805261,0.18026230027346257,0.1889750333592225,0.181,0.174,0.186,True,999,0.00012049998622387648,0.0029863329837098718,power_5x5_mild_strong_600,power,True,489,1716765723,-0.04999999999999988,0,4
600,600,0.0458146083090607,0.08867289108897031,0.030870788932020332,0.07458249456220756,-0.04285828277990961,-0.043711705630187225,0.023370294301990883,-1.833878607864111,-1.8703960277669025,0.06667201569708278,0.06142884318059484,0.052,0.055,0.054,True,999,0.00011758296750485897,0.003008791944012046,power_5x5_mild_strong_600,power,True,490,1716765723,-0.04999999999999988,0,6
600,600,0.0544205704662315,0.13823948393358187,0.040127580881858194,0.12482197573785925,-0.08381891346735038,-0.08469439485600105,0.02758895242372863,-3.03813324188633,-3.0698662839824733,0.0023804867491991556,0.0021415462744430757,0.001,0.001,0.001,True,999,0.00011866597924381495,0.0029152920469641685,power_5x5_mild_strong_600,power,True,491,1716765723,-0.04999999999999988,1,6
600,600,0.07039574381915925,0.1269805824148374,0.055434458155559696,0.11275295405903307,-0.056584838595678144,-0.057318495903473377,0.02754301110726084,-2.0544173030072717,-2.0810540895567944,0.03993531978285602,0.03742895543665086,0.023,0.028,0.028,True,999,0.00011787505354732275,0.0030187499942258,power_5x5_mild_strong_600,power,True,492,1716765723,-0.04999999999999988,0,5
600,600,0.0662736782289488,0.11823273947016133,0.05173840149791431,0.10474540304659286,-0.05195906124121252,-0.053007001548678545,0.027394315789911045,-1.896709581640595,-1.9349635141535568,0.05786627841390248,0.05299477314266936,0.049,0.051,0.049,True,999,0.00014708295930176973,0.0029545000288635492,power_5x5_mild_strong_600,power,True,493,1716765723,-0.04999999999999988,1,6
600,600,0.05317955285265641,0.09899987907148994,0.039603591852596765,0.08734292983734804,-0.04582032621883353,-0.04773933798475127,0.02539809648744455,-1.8040850518653881,-1.879642358566164,0.0712179747117115,0.06015683623661143,0.058,0.072,0.061,True,999,0.000114459078758955,0.002928083995357156,power_5x5_mild_strong_600,power,True,494,1716765723,-0.04999999999999988,1,7
600,600,0.06488169638325436,0.1455934427702149,0.049671063026949014,0.13365359567836776,-0.08071174638696055,-0.08398253265141875,0.028696656830101013,-2.812583600410865,-2.926561555537239,0.004914524650638011,0.0034273167431428937,0.006,0.008,0.006,True,999,0.00012579199392348528,0.0029468339635059237,power_5x5_mild_strong_600,power,True,495,1716765723,-0.04999999999999988,0,6
600,600,0.07857971398604224,0.10115875150529535,0.06336379023741756,0.08597865042861486,-0.02257903751925311,-0.022614860191197295,0.027042273032312006,-0.8349533891723558,-0.8362780807728505,0.4037439526731412,0.4029984812850269,0.382,0.375,0.38,True,999,0.00011449994053691626,0.002879542065784335,power_5x5_mild_strong_600,power,True,496,1716765723,-0.04999999999999988,0,5
600,600,0.083781978042611,0.08164934130546458,0.07004104732322958,0.06503613931104724,0.0021326367371464205,0.005004908012182341,0.025564719649886887,0.0834210883730875,0.19577402297875326,0.9335167208564441,0.844787043266857,0.937,0.932,0.838,True,999,0.00011858297511935234,0.0029522500699386,power_5x5_mild_strong_600,power,True,497,1716765723,-0.04999999999999988,1,5
600,600,0.051168658110965715,0.1319862514469623,0.035732552461468,0.1183913596049706,-0.08081759333599658,-0.0826588071435026,0.02683971151920467,-3.0111200441990227,-3.0797204017769557,0.0026028592790815113,0.0020719500374676014,0.001,0.001,0.001,True,999,0.0001224169973284006,0.002998709096573293,power_5x5_mild_strong_600,power,True,498,1716765723,-0.04999999999999988,0,5
600,600,0.03999608206520855,0.0726750972048717,0.025460100917030104,0.06097357249862512,-0.03267901513966315,-0.03551347158159501,0.023276689084608684,-1.403937433750902,-1.525709754188266,0.16033748138062487,0.12708216421728827,0.117,0.113,0.091,True,999,0.0001188330352306366,0.002941291080787778,power_5x5_mild_strong_600,power,True,499,1716765723,-0.04999999999999988,0,8
600,600,0.06438452297466624,0.165138312652243,0.05021557420297995,0.15009840813780784,-0.10075378967757675,-0.09988283393482789,0.028800507338786894,-3.498333848511316,-3.468092862388967,0.0004681746955396246,0.0005241661233421931,0.001,0.002,0.003,True,999,0.00012191594578325748,0.0030145830241963267,power_5x5_mild_strong_600,power,True,500,1716765723,-0.04999999999999988,2,5
600,600,0.06655152625903127,0.11405340924252799,0.05121723623290109,0.10299876148667408,-0.047501882983496724,-0.051781525253773,0.02755310923702305,-1.7240117104340642,-1.8793350982035189,0.08470572914403902,0.06019875213503222,0.058,0.07,0.054,True,999,0.00011670798994600773,0.0030327499844133854,power_5x5_mild_strong_600,power,True,501,1716765723,-0.04999999999999988,1,7
600,600,0.0720320317567521,0.11848532676170143,0.05752083490483528,0.10524512048078805,-0.046453295004949324,-0.04772428557595276,0.02780283875992835,-1.6708112220505156,-1.7165256392716552,0.0947589712466241,0.08606587940700977,0.09,0.097,0.09,True,999,0.00012433400843292475,0.0029490840388461947,power_5x5_mild_strong_600,power,True,502,1716765723,-0.04999999999999988,1,6
600,600,0.0861622000242861,0.0868470339372242,0.06941804407017571,0.074802693658512,-0.0006848339129381098,-0.005384649588336288,0.026473721919784546,-0.02586844097755346,-0.2033960167992922,0.9793622720704945,0.838825512877857,0.981,0.981,0.854,True,999,0.00011862500105053186,0.003024499979801476,power_5x5_mild_strong_600,power,True,503,1716765723,-0.04999999999999988,0,6
600,600,0.045993979999888523,0.11694967708641552,0.03048730720297499,0.10106342352216302,-0.07095569708652699,-0.07057611631918803,0.026821615627985983,-2.645466927521361,-2.63131488043353,0.008157826116273484,0.008505519035393231,0.003,0.005,0.006,True,999,0.00011612498201429844,0.002945292042568326,power_5x5_mild_strong_600,power,True,504,1716765723,-0.04999999999999988,0,5
600,600,0.05889738391033894,0.12179147567432524,0.04347072074369862,0.10877373967059611,-0.0628940917639863,-0.0653030189268975,0.027029322687169198,-2.3268837510990275,-2.4160064860928534,0.01997145325565311,0.01569178182282954,0.015,0.019,0.016,True,999,0.00011995795648545027,0.002988582942634821,power_5x5_mild_strong_600,power,True,505,1716765723,-0.04999999999999988,0,7
600,600,0.09266693561094752,0.08743427066853615,0.07839903961314576,0.07187453094169882,0.005232664942411369,0.006524508671446938,0.026451756118653545,0.19781918897707287,0.24665691919206498,0.8431865322132721,0.805173750006167,0.867,0.861,0.816,True,999,0.00013083394151180983,0.002954208990558982,power_5x5_mild_strong_600,power,True,506,1716765723,-0.04999999999999988,1,4
600,600,0.08143051938707946,0.11494769878399747,0.06664602304329037,0.10334418679008195,-0.033517179396918007,-0.03669816374679158,0.02791667904313934,-1.2006148491059512,-1.3145605066448738,0.22990063828418406,0.18865765041324278,0.193,0.201,0.179,True,999,0.00011712498962879181,0.0028882500482723117,power_5x5_mild_strong_600,power,True,507,1716765723,-0.04999999999999988,0,7
600,600,0.07094695193504041,0.10819709133528993,0.05568875111919169,0.0943773889389945,-0.037250139400249516,-0.03868863781980281,0.027465024104039778,-1.35627550367853,-1.408651151123955,0.175011526533571,0.15893834583022315,0.149,0.172,0.163,True,999,0.0001230419147759676,0.002971583977341652,power_5x5_mild_strong_600,power,True,508,1716765723,-0.04999999999999988,0,5
600,600,0.06482835107569529,0.1080797074382111,0.049215208723467185,0.09221665234736065,-0.043251356362515814,-0.043001443623893465,0.026633630336588433,-1.6239376989136354,-1.6145543465330543,0.10438910570459498,0.10640723875677505,0.075,0.086,0.095,True,999,0.0001176249934360385,0.0029614169616252184,power_5x5_mild_strong_600,power,True,509,1716765723,-0.04999999999999988,0,4
600,600,0.05687181052870405,0.12495311250054503,0.04140590845929637,0.11238376754158708,-0.06808130197184098,-0.0709778590822907,0.027240075475880667,-2.499306656918869,-2.6056410579749323,0.012443657979235799,0.009170250543796858,0.005,0.005,0.005,True,999,0.0001236669486388564,0.002939458005130291,power_5x5_mild_strong_600,power,True,510,1716765723,-0.04999999999999988,0,7
600,600,0.07325064688489613,0.12935254836642435,0.058644831039146084,0.11930736814832699,-0.056101901481528216,-0.0606625371091809,0.02857799982103295,-1.9631150476891708,-2.122700590981677,0.04963280744945178,0.03377894946616262,0.036,0.044,0.025,True,999,0.00011733290739357471,0.0030004580039530993,power_5x5_mild_strong_600,power,True,511,1716765723,-0.04999999999999988,0,8
600,600,0.0677881836598555,0.1483165981615821,0.053147896432278685,0.1395800944411576,-0.0805284145017266,-0.08643219800887891,0.029138953513764894,-2.763600088235356,-2.966208033793986,0.005716755660351894,0.0030149647465602834,0.005,0.006,0.005,True,999,0.0001222920836880803,0.002889833995141089,power_5x5_mild_strong_600,power,True,512,1716765723,-0.04999999999999988,0,8
600,600,0.09542108961938967,0.11544901827276793,0.08021352687433136,0.10269895572034216,-0.02002792865337827,-0.02248542884601079,0.027870906581730904,-0.7185962392233904,-0.8067706294401547,0.4723897312474514,0.4197986434476453,0.484,0.47,0.423,True,999,0.00011804199311882257,0.00292133295442909,power_5x5_mild_strong_600,power,True,513,1716765723,-0.04999999999999988,0,6
600,600,0.07242465346858129,0.09654811177222405,0.05807540323678495,0.07879639139702022,-0.024123458303642764,-0.020720988160235265,0.026294730195371218,-0.9174255877281954,-0.7880281716631904,0.3589196694840283,0.4306802276200665,0.34,0.33,0.406,True,999,0.00012425007298588753,0.0028892499394714832,power_5x5_mild_strong_600,power,True,514,1716765723,-0.04999999999999988,0,3
600,600,0.053423767921741305,0.1448555014500849,0.037377150334464204,0.13755423839700143,-0.0914317335283436,-0.10017708806253722,0.02652159488076203,-3.4474447686653056,-3.7771894380003026,0.00056591610257994,0.00015860809244610887,0.001,0.001,0.001,True,999,0.00011945795267820358,0.0029304579365998507,power_5x5_mild_strong_600,power,True,515,1716765723,-0.04999999999999988,0,10
600,600,0.08150181131543976,0.11115826008859125,0.06634345577936074,0.10228240679919054,-0.02965644877315149,-0.0359389510198298,0.027282531280646376,-1.0870123621626384,-1.3172879983216257,0.2770313463677091,0.18774210659911772,0.274,0.28,0.198,True,999,0.00011737504974007607,0.003028874984011054,power_5x5_mild_strong_600,power,True,516,1716765723,-0.04999999999999988,1,9
600,600,0.07879277353910807,0.11668204216384886,0.06514950181417589,0.10231272306435812,-0.03788926862474079,-0.03716322125018223,0.0274424356489518,-1.3806816971141562,-1.354224593092987,0.16737685133689972,0.1756647351869961,0.148,0.148,0.162,True,999,0.00011958298273384571,0.002923874999396503,power_5x5_mild_strong_600,power,True,517,1716765723,-0.04999999999999988,1,5
600,600,0.061348368435769296,0.11716578977409287,0.04658469758078354,0.10353845308941345,-0.05581742133832357,-0.05695375550862991,0.027144100154776245,-2.056337142143281,-2.0982001681351883,0.039750030544041526,0.035887466780865414,0.028,0.033,0.031,True,999,0.00011883291881531477,0.0029466249980032444,power_5x5_mild_strong_600,power,True,518,1716765723,-0.04999999999999988,0,5
600,600,0.06612608863710723,0.15084915425134604,0.05086737491751592,0.1378933282949788,-0.08472306561423881,-0.08702595337746288,0.02876687656779787,-2.945160397047737,-3.025213848724933,0.00322787280231702,0.0024845738624976747,0.002,0.003,0.004,True,999,0.00011737493332475424,0.003089957986958325,power_5x5_mild_strong_600,power,True,519,1716765723,-0.04999999999999988,1,7
600,600,0.06731297195685793,0.09409039851022016,0.050566011739988426,0.08525841287212188,-0.026777426553362238,-0.034692401132133455,0.02600256939505741,-1.0297992535480787,-1.334191271833614,0.30310425122988993,0.18214117927121465,0.288,0.29,0.191,True,999,0.00014416698832064867,0.0028983750380575657,power_5x5_mild_strong_600,power,True,520,1716765723,-0.04999999999999988,0,8
600,600,0.07896416792170124,0.13167719413604462,0.06375963287644026,0.11721801094387274,-0.05271302621434337,-0.05345837806743248,0.029238123372189256,-1.8028867839200307,-1.828379249479502,0.07140599699206616,0.06749265341503362,0.058,0.068,0.066,True,999,0.00011933303903788328,0.0029174580704420805,power_5x5_mild_strong_600,power,True,521,1716765723,-0.04999999999999988,0,5
600,600,0.07249914038112448,0.1221458874181578,0.056192657137216884,0.11038487876325576,-0.04964674703703331,-0.05419222162603887,0.028835988971832198,-1.7216939250992795,-1.8793259242460993,0.08512497838227902,0.060200004001756645,0.056,0.065,0.048,True,999,0.00012012501247227192,0.0030172080732882023,power_5x5_mild_strong_600,power,True,522,1716765723,-0.04999999999999988,0,7
600,600,0.044167293279552045,0.08935794735797209,0.028870430972006034,0.07352002283084857,-0.045190654078420045,-0.04464959185884254,0.02448142695264796,-1.8459158514668252,-1.8238149248899542,0.064904424672279,0.0681800567500124,0.034,0.043,0.049,True,999,0.00012066599447280169,0.002851541037671268,power_5x5_mild_strong_600,power,True,523,1716765723,-0.04999999999999988,0,5
600,600,0.0672076060756972,0.08345346739397957,0.0537099208172549,0.07110986333452729,-0.016245861318282373,-0.017399942517272393,0.023986549998321352,-0.6772904531672669,-0.7254041335035715,0.4982216869292784,0.4682041379951398,0.496,0.474,0.459,True,999,0.00012341700494289398,0.0029664169996976852,power_5x5_mild_strong_600,power,True,524,1716765723,-0.04999999999999988,1,7
600,600,0.04603039119072805,0.0914898879583338,0.029557904507328203,0.07742488133754932,-0.045459496767605745,-0.04786697683022112,0.024699590872914075,-1.8404959418764009,-1.9379663848081279,0.06569545950769624,0.05262732381500446,0.04,0.045,0.039,True,999,0.00011754198931157589,0.0030443749856203794,power_5x5_mild_strong_600,power,True,525,1716765723,-0.04999999999999988,0,6
600,600,0.06482394436588135,0.13182558905957248,0.049509201488717736,0.11883881326372148,-0.06700164469369113,-0.06932961177500374,0.02726498281578223,-2.457424790853251,-2.5428078294944885,0.013993710834237527,0.010996568999490988,0.016,0.018,0.015,True,999,0.00011995900422334671,0.002928459085524082,power_5x5_mild_strong_600,power,True,526,1716765723,-0.04999999999999988,0,5
600,600,0.06732410911944475,0.1225177461576143,0.05368040262840168,0.10911188003453276,-0.05519363703816954,-0.05543147740613108,0.027213611352923904,-2.0281629043048484,-2.0369026619532202,0.04254362455361624,0.04165979733035151,0.028,0.028,0.032,True,999,0.00012154097203165293,0.003009250038303435,power_5x5_mild_strong_600,power,True,527,1716765723,-0.04999999999999988,1,6
600,600,0.0470889753748478,0.06455635690932637,0.0318380104025664,0.056481183742960184,-0.017467381534478577,-0.024643173340393787,0.022850936994345615,-0.7644054831887559,-1.078431634838066,0.4446256421935142,0.28084117569654465,0.394,0.402,0.263,True,999,0.0001579589443281293,0.002867958042770624,power_5x5_mild_strong_600,power,True,528,1716765723,-0.04999999999999988,0,10
600,600,0.0532795573451299,0.17091946799326518,0.03824645098939072,0.15934237496759351,-0.11763991064813528,-0.12109592397820279,0.026820810253199403,-4.386143055991466,-4.514998720583301,1.1537825435173609e-05,6.331714808036892e-06,0.001,0.001,0.001,True,999,0.00011916598305106163,0.0029144169529899955,power_5x5_mild_strong_600,power,True,529,1716765723,-0.04999999999999988,0,7
600,600,0.07733763172582653,0.146461687507914,0.06144978947349955,0.1342503358064846,-0.06912405578208747,-0.07280054633298505,0.028598106329712398,-2.4170850679812346,-2.5456422006987194,0.015645360238681922,0.010907692708869371,0.009,0.01,0.009,True,999,0.0001229170011356473,0.0029447090346366167,power_5x5_mild_strong_600,power,True,530,1716765723,-0.04999999999999988,0,6
600,600,0.062378771466495175,0.07776575023878451,0.047164754603841175,0.06553612495258676,-0.01538697877228934,-0.018371370348745586,0.024533477634486184,-0.6271829457500225,-0.7488286260290039,0.5305393209626401,0.45396050367934115,0.496,0.493,0.435,True,999,0.00012066599447280169,0.002994874957948923,power_5x5_mild_strong_600,power,True,531,1716765723,-0.04999999999999988,1,8
600,600,0.07743209262619843,0.09192491894308841,0.0630220386116207,0.0793989106014692,-0.014492826316889973,-0.016376871989848496,0.02655356929864183,-0.5457957894056547,-0.6167484229958549,0.5852063179312754,0.5374006764407964,0.583,0.577,0.533,True,999,0.00011933303903788328,0.002933250041678548,power_5x5_mild_strong_600,power,True,532,1716765723,-0.04999999999999988,0,6
600,600,0.06541466850358824,0.1378173805357361,0.05061989415048629,0.12445530301073404,-0.07240271203214788,-0.07383540886024775,0.02804496860353284,-2.5816649344733897,-2.6327506336001627,0.00983249955988451,0.00846965066768371,0.006,0.007,0.009,True,999,0.00012608303222805262,0.0029454169562086463,power_5x5_mild_strong_600,power,True,533,1716765723,-0.04999999999999988,0,6
600,600,0.06182864431892687,0.09661401824506954,0.045863469837968296,0.08592287601976523,-0.03478537392614267,-0.04005940618179693,0.024636128020599415,-1.41196595086115,-1.626043108247424,0.15795998701906422,0.10394048524460947,0.14,0.133,0.09,True,999,0.00011904200073331594,0.002925792010501027,power_5x5_mild_strong_600,power,True,534,1716765723,-0.04999999999999988,0,8
600,600,0.07045741776613923,0.11685530846443459,0.05458339839196924,0.10769894991585716,-0.04639789069829536,-0.053115551523887916,0.0276277232680904,-1.679396099637505,-1.9225453725763777,0.09307487293962814,0.054537170154218946,0.086,0.092,0.064,True,999,0.00012333400081843138,0.003030374995432794,power_5x5_mild_strong_600,power,True,535,1716765723,-0.04999999999999988,1,9
600,600,0.04337426340787598,0.09530400104013703,0.028554530043265913,0.08533427868525223,-0.05192973763226105,-0.056779748641986316,0.026039719230212744,-1.9942510582836568,-2.180505409448012,0.0461246248426818,0.02922001829469259,0.026,0.032,0.022,True,999,0.00011891708709299564,0.003013166948221624,power_5x5_mild_strong_600,power,True,536,1716765723,-0.04999999999999988,0,9
600,600,0.042987798848556746,0.09705486668640045,0.027239848407361933,0.08060007978718886,-0.05406706783784371,-0.05336023137982693,0.0250816542148505,-2.1556420232375,-2.1274606101631477,0.031111628503024426,0.033381830791691124,0.017,0.021,0.03,True,999,0.00012008403427898884,0.0030265839304775,power_5x5_mild_strong_600,power,True,537,1716765723,-0.04999999999999988,0,5
600,600,0.05569584623934731,0.12210948487730344,0.03945695600873478,0.11043182142924479,-0.06641363863795613,-0.07097486542051001,0.02755623796529378,-2.410112683799655,-2.575636975914515,0.0159475941213229,0.010005563394253849,0.009,0.015,0.014,True,999,0.0001194999786093831,0.0030182499904185534,power_5x5_mild_strong_600,power,True,538,1716765723,-0.04999999999999988,0,7
600,600,0.04448064395766205,0.08801881382158183,0.029264062553238546,0.07196704391463982,-0.043538169863919784,-0.04270298136140127,0.02388917331745141,-1.8225063414862699,-1.7875453785672057,0.06837819240569698,0.07384938465117759,0.055,0.061,0.075,True,999,0.00012091593816876411,0.002891791984438896,power_5x5_mild_strong_600,power,True,539,1716765723,-0.04999999999999988,1,4
600,600,0.07311971189892974,0.09317886508972262,0.058522579892382964,0.08192992311822422,-0.020059153190792878,-0.02340734322584126,0.02666741441524864,-0.7521971526164491,-0.8777507583358645,0.45193250572564314,0.3800789922676001,0.438,0.439,0.375,True,999,0.00011787505354732275,0.0029505830025300384,power_5x5_mild_strong_600,power,True,540,1716765723,-0.04999999999999988,0,7
600,600,0.06511538677310558,0.09066536990616475,0.050662857770475966,0.08021927742643697,-0.025549983133059173,-0.029556419655961008,0.025099874681324307,-1.017932697172778,-1.177552479094751,0.3087099415919823,0.23897506426304904,0.295,0.278,0.223,True,999,0.0001257921103388071,0.0029145419830456376,power_5x5_mild_strong_600,power,True,541,1716765723,-0.04999999999999988,0,7
600,600,0.09216128546254154,0.12702094457349183,0.07684282568720846,0.11459113935109144,-0.03485965911095029,-0.03774831366388298,0.029591450046303203,-1.1780314603172086,-1.2756493380627287,0.23878406432872445,0.202079504886591,0.22,0.234,0.205,True,999,0.000116499955765903,0.00293787510599941,power_5x5_mild_strong_600,power,True,542,1716765723,-0.04999999999999988,1,7
600,600,0.05900646692642009,0.1564923720860164,0.042245521947620546,0.14255469396618992,-0.09748590515959632,-0.10030917201856937,0.028265259464115053,-3.4489655148349962,-3.54885021119016,0.0005627385643945414,0.0003869171086116608,0.001,0.001,0.001,True,999,0.0001170419855043292,0.0029938750667497516,power_5x5_mild_strong_600,power,True,543,1716765723,-0.04999999999999988,0,6
600,600,0.08124853969523438,0.10375189039384258,0.06705888149554085,0.08557205109289612,-0.022503350698608204,-0.018513169597355272,0.027327496242596845,-0.8234691718127845,-0.6774557549292713,0.4102412412377425,0.49811683342801083,0.378,0.372,0.467,True,999,0.00011899997480213642,0.0029845829121768475,power_5x5_mild_strong_600,power,True,544,1716765723,-0.04999999999999988,1,4
600,600,0.07897373682456665,0.08703984673391252,0.06363201229407878,0.07371436417412269,-0.008066109909345864,-0.010082351880043916,0.02574792119410918,-0.31327227734374513,-0.3915792581480574,0.7540738103246121,0.6953691160514684,0.765,0.75,0.677,True,999,0.00011837505735456944,0.0029230420477688313,power_5x5_mild_strong_600,power,True,545,1716765723,-0.04999999999999988,0,6
600,600,0.04864347482574094,0.10189897946838766,0.03322315557397815,0.0883026679048271,-0.05325550464264672,-0.055079512330848956,0.025308066554466033,-2.104289734185518,-2.176361920509066,0.035353181006424615,0.029528208814085858,0.018,0.022,0.022,True,999,0.00011608295608311892,0.0030239170882850885,power_5x5_mild_strong_600,power,True,546,1716765723,-0.04999999999999988,0,5
600,600,0.07491983508761035,0.13275472746025607,0.05865845375694789,0.12029583584308057,-0.05783489237264572,-0.061637382086132675,0.028643968917578366,-2.0190949284668904,-2.151845027603935,0.04347735388675143,0.03140956210715178,0.033,0.036,0.026,True,999,0.00012329197488725185,0.002922459039837122,power_5x5_mild_strong_600,power,True,547,1716765723,-0.04999999999999988,0,7
600,600,0.07032119752474486,0.11703727195774238,0.0555398996330041,0.10632568402047582,-0.04671607443299752,-0.05078578438747172,0.027843334317171994,-1.6778189673995338,-1.823983572116587,0.09338244538294838,0.06815455585544493,0.08,0.089,0.063,True,999,0.00011891708709299564,0.002956333104521036,power_5x5_mild_strong_600,power,True,548,1716765723,-0.04999999999999988,0,8
600,600,0.05311177196931527,0.11483875662739407,0.03801093820106871,0.10074615919762664,-0.0617269846580788,-0.06273522099655793,0.026392293057342753,-2.338826130945275,-2.377028053615978,0.01934443375529486,0.017452760719007213,0.012,0.019,0.02,True,999,0.00011950009502470493,0.002946708002127707,power_5x5_mild_strong_600,power,True,549,1716765723,-0.04999999999999988,0,6
600,600,0.05306476350139944,0.09550647234484033,0.03662858857012452,0.08564377923420352,-0.042441708843440895,-0.049015190664079,0.02555593718642778,-1.6607377195300352,-1.9179570800522212,0.09676613432485835,0.0551164535721293,0.064,0.084,0.058,True,999,0.00011833291500806808,0.002988833002746105,power_5x5_mild_strong_600,power,True,550,1716765723,-0.04999999999999988,0,8
600,600,0.07326249391037021,0.11300419276317297,0.05792481427977236,0.09599548810319902,-0.039741698852802765,-0.03807067382342666,0.028166031499301487,-1.4109797063100051,-1.3516520360481314,0.1582505979199188,0.1764866555243524,0.117,0.137,0.163,True,999,0.00011837505735456944,0.0030383749399334192,power_5x5_mild_strong_600,power,True,551,1716765723,-0.04999999999999988,1,4
600,600,0.05204786034880038,0.1104958145379602,0.03669558634601344,0.09880282495569759,-0.05844795418915982,-0.062107238609684146,0.025420618243514288,-2.2992341739789115,-2.4431836399388094,0.021491645437828714,0.014558327234379245,0.016,0.018,0.016,True,999,0.00011658307630568743,0.0029397500911727548,power_5x5_mild_strong_600,power,True,552,1716765723,-0.04999999999999988,0,7
600,600,0.05915064379984547,0.1222458404402334,0.04375579873192237,0.10973574308380307,-0.06309519664038793,-0.0659799443518807,0.026602160428794427,-2.3718072375840986,-2.4802475922392904,0.017701322973017523,0.013129118134010067,0.011,0.012,0.008,True,999,0.0001247919863089919,0.0029487500432878733,power_5x5_mild_strong_600,power,True,553,1716765723,-0.04999999999999988,0,7
600,600,0.0561350567091623,0.12402938382719064,0.04022535091883128,0.10818355902245003,-0.06789432711802834,-0.06795820810361874,0.027135534779087003,-2.502044926358098,-2.5043990714343036,0.012347825468347043,0.01226595956438919,0.007,0.009,0.01,True,999,0.00012187508400529623,0.0029251669766381383,power_5x5_mild_strong_600,power,True,554,1716765723,-0.04999999999999988,0,4
600,600,0.044169603556285075,0.08796777288070823,0.03033581074976155,0.07376863056202865,-0.04379816932442315,-0.0434328198122671,0.023150086853170344,-1.8919224624172462,-1.8761406852484048,0.05850131246295042,0.06063596428118907,0.036,0.037,0.041,True,999,0.00011933303903788328,0.00294487492647022,power_5x5_mild_strong_600,power,True,555,1716765723,-0.04999999999999988,1,5
600,600,0.08693806673930571,0.12964951501909694,0.0716589516307522,0.11702615839010377,-0.04271144827979123,-0.045367206759351575,0.029558011058947477,-1.4450041376130445,-1.5348531627813473,0.14845672344033972,0.1248199006341399,0.118,0.127,0.11,True,999,0.00011795805767178535,0.0030010829214006662,power_5x5_mild_strong_600,power,True,556,1716765723,-0.04999999999999988,1,6
600,600,0.07204354382454903,0.09952971381307074,0.0570363729299288,0.07863842152710276,-0.027486169988521714,-0.021602048597173962,0.025929344262351876,-1.0600410758721064,-0.8331120285420818,0.28912591270757726,0.4047815503301716,0.262,0.253,0.396,True,999,0.00011945900041610003,0.0030437089735642076,power_5x5_mild_strong_600,power,True,557,1716765723,-0.04999999999999988,0,1
600,600,0.0690612579298282,0.10641359893097208,0.05315814009361475,0.09282869292258056,-0.037352341001143874,-0.03967055282896581,0.026920281970116266,-1.3875167073884314,-1.4736306578439036,0.16528426014582864,0.14058106218264688,0.143,0.145,0.126,True,999,0.0001163750421255827,0.0029274579137563705,power_5x5_mild_strong_600,power,True,558,1716765723,-0.04999999999999988,0,5
600,600,0.054248128018039354,0.10970898778228222,0.040570201276750595,0.09833682401301758,-0.055460859764242865,-0.05776662273626698,0.025993699576558765,-2.1336270199205396,-2.2223317064247823,0.032873324371381504,0.02626089691912109,0.017,0.018,0.017,True,999,0.00011925003491342068,0.0029762500198557973,power_5x5_mild_strong_600,power,True,559,1716765723,-0.04999999999999988,1,6
600,600,0.07559662737935668,0.07708971326821823,0.05880758175817391,0.06494853605798312,-0.001493085888861545,-0.006140954299809209,0.025924749866828443,-0.057593068266089495,-0.23687612537649821,0.9540727712319844,0.8127528921278442,0.965,0.965,0.803,True,999,0.0001176249934360385,0.00296345807146281,power_5x5_mild_strong_600,power,True,560,1716765723,-0.04999999999999988,0,8
600,600,0.0761132264679727,0.07630768037823399,0.061522438804672674,0.060975481566515555,-0.0001944539102612941,0.0005469572381571197,0.02481632883917495,-0.00783572427337963,0.02204021560569005,0.9937480605563229,0.9824158759062069,0.992,0.992,0.985,True,999,0.00011887494474649429,0.0028993330197408795,power_5x5_mild_strong_600,power,True,561,1716765723,-0.04999999999999988,0,4
600,600,0.06921173339635522,0.14310874231685833,0.05476088974580762,0.13093209138895645,-0.0738970089205031,-0.07617120164314883,0.028610614182964882,-2.5828529387007118,-2.662340666859998,0.009798708088959487,0.007759929798484958,0.005,0.007,0.005,True,999,0.00011966703459620476,0.003101208945736289,power_5x5_mild_strong_600,power,True,562,1716765723,-0.04999999999999988,2,7
600,600,0.06548952814410902,0.15455527712319972,0.05085919158250363,0.13707930475732155,-0.0890657489790907,-0.08622011317481793,0.029427902407125808,-3.0265748386308333,-2.9298762780299348,0.0024734158419245297,0.0033909698660109567,0.001,0.002,0.003,True,999,0.00012016703840345144,0.002890917006880045,power_5x5_mild_strong_600,power,True,563,1716765723,-0.04999999999999988,1,3
600,600,0.06539573122855136,0.11804671027727431,0.05007537926894656,0.10320925728620978,-0.05265097904872296,-0.053133878017263214,0.02770042206138311,-1.900728405222503,-1.9181613153590407,0.057337595952328985,0.055090559711403995,0.04,0.048,0.048,True,999,0.00012749992311000824,0.0029305838979780674,power_5x5_mild_strong_600,power,True,564,1716765723,-0.04999999999999988,0,5
600,600,0.047981519019945074,0.1041150008607693,0.03336454600275829,0.0916197100114573,-0.05613348184082423,-0.05825516400869901,0.026041273139912093,-2.155558276249996,-2.237032102682199,0.03111817351249003,0.025284241948535482,0.025,0.03,0.029,True,999,0.0001223330618813634,0.0030220000771805644,power_5x5_mild_strong_600,power,True,565,1716765723,-0.04999999999999988,0,7
600,600,0.030926242650077373,0.11050411812446059,0.015048452313067173,0.09831739660549488,-0.07957787547438322,-0.0832689442924277,0.025154544871850443,-3.1635585489537514,-3.3102942119064545,0.0015585299962454842,0.0009319795409578554,0.001,0.001,0.001,True,999,0.00012129195965826511,0.003001333912834525,power_5x5_mild_strong_600,power,True,566,1716765723,-0.04999999999999988,0,8
600,600,0.0816105904707689,0.131872867217053,0.06661481444450601,0.12119245886083263,-0.050262276746284085,-0.05457764441632662,0.02896583852439734,-1.7352260216443998,-1.884207300622662,0.08270077914645527,0.059536940422575395,0.084,0.098,0.07,True,999,0.00012087507639080286,0.0030023340368643403,power_5x5_mild_strong_600,power,True,567,1716765723,-0.04999999999999988,0,8
600,600,0.05917097840425822,0.1433707937490632,0.04362462284177582,0.13240662327535802,-0.08419981534480497,-0.0887820004335822,0.027995473550121795,-3.0076224713276427,-3.171298398458273,0.0026330000753486474,0.0015175916515260456,0.001,0.002,0.001,True,999,0.00011970801278948784,0.0029869170393794775,power_5x5_mild_strong_600,power,True,568,1716765723,-0.04999999999999988,0,7
600,600,0.05235050634967375,0.1282012446661333,0.038285180943262276,0.1183487581844247,-0.07585073831645955,-0.08006357724116242,0.02623115263491197,-2.891628109986563,-3.052232525024576,0.003832513052251683,0.002271460681339859,0.007,0.007,0.006,True,999,0.00011508399620652199,0.0029811670538038015,power_5x5_mild_strong_600,power,True,569,1716765723,-0.04999999999999988,1,8
600,600,0.06469141652068278,0.11532679236092513,0.050123103125770285,0.10110613374928334,-0.05063537584024236,-0.05098303062351306,0.026965738654697452,-1.877767061701521,-1.8906595245308355,0.060413038078257604,0.05866980878961691,0.043,0.056,0.059,True,999,0.00011716701555997133,0.003044624929316342,power_5x5_mild_strong_600,power,True,570,1716765723,-0.04999999999999988,1,6
600,600,0.08591123018108449,0.10652293362237097,0.07047058028808806,0.09620031622665692,-0.02061170344128649,-0.025729735938568865,0.027742157864790822,-0.7429740520453888,-0.9274597911225919,0.457497390260325,0.35368785915928236,0.446,0.446,0.346,True,999,0.00012150011025369167,0.0028824169421568513,power_5x5_mild_strong_600,power,True,571,1716765723,-0.04999999999999988,0,7
600,600,0.056247663188972785,0.13721202388411796,0.040310995706136055,0.12171231010808015,-0.08096436069514518,-0.08140131440194409,0.02840288784348145,-2.850567912013452,-2.8659520415853046,0.00436412297070297,0.004157572248599892,0.001,0.001,0.001,True,999,0.00012924999464303255,0.0030053750379011035,power_5x5_mild_strong_600,power,True,572,1716765723,-0.04999999999999988,1,4
600,600,0.0871763215107546,0.084408658661774,0.07260650810462721,0.06552604430873998,0.002767662848980612,0.007080463795887226,0.0260878236955533,0.1060902159290644,0.2714087567639496,0.9155107738930808,0.7860766678022373,0.921,0.919,0.766,True,999,0.00011983304284512997,0.002967374981380999,power_5x5_mild_strong_600,power,True,573,1716765723,-0.04999999999999988,0,2
600,600,0.06179343898062584,0.15206937705615797,0.04632732089783076,0.13975890426718252,-0.09027593807553214,-0.09343158336935176,0.028128651601054683,-3.2093944407967014,-3.3215805966983694,0.0013301487810710067,0.0008950912694127011,0.001,0.001,0.001,True,999,0.00011795794125646353,0.002912124968133867,power_5x5_mild_strong_600,power,True,574,1716765723,-0.04999999999999988,0,5
600,600,0.05334316859870336,0.08291016054855538,0.03880444849664855,0.06740615162300401,-0.029566991949852017,-0.02860170312635546,0.02384566586642646,-1.2399314875698608,-1.1994508052981347,0.2150007362306966,0.23035270263654795,0.197,0.191,0.207,True,999,0.00011754198931157589,0.002953957999125123,power_5x5_mild_strong_600,power,True,575,1716765723,-0.04999999999999988,0,4
600,600,0.05634825726161996,0.13672006156798966,0.04169666262919236,0.12030804915121962,-0.0803718043063697,-0.07861138652202726,0.0279453865291965,-2.876031226921827,-2.813036292766838,0.004027098696427303,0.0049076111813643125,0.004,0.009,0.009,True,999,0.0001165410503745079,0.0030042920261621475,power_5x5_mild_strong_600,power,True,576,1716765723,-0.04999999999999988,1,5
600,600,0.08532072778998123,0.08315571396007909,0.07157573008635154,0.07087945478454571,0.0021650138299021404,0.0006962753018058265,0.026590281058517164,0.08142124655010603,0.02618533065797745,0.9351069529022578,0.9791095163107854,0.931,0.929,0.978,True,999,0.00012183294165879488,0.0029489160515367985,power_5x5_mild_strong_600,power,True,577,1716765723,-0.04999999999999988,1,6
600,600,0.06540276611325013,0.12725131417882424,0.052581177919705624,0.11483723068658946,-0.061848548065574105,-0.06225605276688384,0.02814501240231721,-2.197495854024994,-2.2119746076842457,0.027985052253114602,0.02696841948219764,0.021,0.027,0.028,True,999,0.00011829100549221039,0.003061625058762729,power_5x5_mild_strong_600,power,True,578,1716765723,-0.04999999999999988,2,7
600,600,0.06681935562416363,0.1134903531948609,0.05154804414451064,0.10087566732866549,-0.04667099757069726,-0.049327623184154845,0.02767830905757252,-1.686193960534902,-1.7821761828567804,0.0917584467845523,0.07472050546235423,0.071,0.078,0.069,True,999,0.00013587495777755976,0.0029294589767232537,power_5x5_mild_strong_600,power,True,579,1716765723,-0.04999999999999988,0,7
600,600,0.04927344902484743,0.10362353297436272,0.03455310563811054,0.08870915505656285,-0.05435008394951529,-0.05415604941845231,0.025221295923061958,-2.1549282842289808,-2.147235002660306,0.031167446650439544,0.0317745774039666,0.017,0.027,0.029,True,999,0.00012270791921764612,0.002943667001090944,power_5x5_mild_strong_600,power,True,580,1716765723,-0.04999999999999988,0,5
600,600,0.054197076745245765,0.12768460910479157,0.03891597087908849,0.11614713733075632,-0.0734875323595458,-0.07723116645166783,0.027818490389859354,-2.6416793769058775,-2.7762529658985677,0.008249610992296425,0.005498940541298717,0.004,0.004,0.004,True,999,0.00012116704601794481,0.00298850005492568,power_5x5_mild_strong_600,power,True,581,1716765723,-0.04999999999999988,0,7
600,600,0.05347470520594033,0.085148791752308,0.039759623249096876,0.06865093197370697,-0.031674086546367664,-0.0288913087246101,0.024561308485011778,-1.289592798596067,-1.1762935489467365,0.19719207739281397,0.239477592751978,0.145,0.16,0.208,True,999,0.00011874991469085217,0.0029459999641403556,power_5x5_mild_strong_600,power,True,582,1716765723,-0.04999999999999988,1,5
600,600,0.06704900409332182,0.10352562550299543,0.05224679977686719,0.09055396893074885,-0.036476621409673615,-0.03830716915388166,0.02676304700864543,-1.3629472532739022,-1.4313455841372271,0.17289913485067898,0.15233119561327005,0.152,0.155,0.136,True,999,0.00011537503451108932,0.0029254999244585633,power_5x5_mild_strong_600,power,True,583,1716765723,-0.04999999999999988,0,5
600,600,0.0748013109097092,0.09078437131430372,0.059429126816212374,0.07989253070257973,-0.015983060404594518,-0.02046340388636736,0.02659432873709327,-0.6009950678808316,-0.7694649520454107,0.5478432713386855,0.44161734289233434,0.53,0.538,0.428,True,999,0.00012099999003112316,0.0029756659641861916,power_5x5_mild_strong_600,power,True,584,1716765723,-0.04999999999999988,0,7
600,600,0.05139203439171269,0.10843682921907394,0.03573422921181191,0.09630424745949995,-0.057044794827361245,-0.06057001824768804,0.02549435558068107,-2.2375460578649906,-2.3758207206298776,0.02525067259526423,0.01750996802159941,0.015,0.02,0.018,True,999,0.00011879194062203169,0.0029384579975157976,power_5x5_mild_strong_600,power,True,585,1716765723,-0.04999999999999988,0,6
600,600,0.044505589308419635,0.10782157967115963,0.02928888351027581,0.09463089280308168,-0.06331599036274,-0.06534200929280587,0.025626822343700766,-2.4706922112137506,-2.5497507422674017,0.013485182768412596,0.010779996094686215,0.005,0.007,0.006,True,999,0.00014529190957546234,0.0029625410679727793,power_5x5_mild_strong_600,power,True,586,1716765723,-0.04999999999999988,0,7
600,600,0.04029263944782491,0.08757253381118357,0.024805132964502263,0.06901139136348888,-0.047279894363358665,-0.04420625839898662,0.023142046255143354,-2.043029982832682,-1.910213898615889,0.041049470148286,0.056105678358203334,0.03,0.028,0.048,True,999,0.000126624945551157,0.002985208062455058,power_5x5_mild_strong_600,power,True,587,1716765723,-0.04999999999999988,0,3
600,600,0.06556436180539182,0.09389758167074846,0.04974805789299808,0.08042381255739883,-0.02833321986535664,-0.030675754664400756,0.025950796888593256,-1.0918053879806129,-1.182073706487386,0.2749186503098565,0.2371764562884644,0.274,0.274,0.245,True,999,0.0001204590080305934,0.0029727090150117874,power_5x5_mild_strong_600,power,True,588,1716765723,-0.04999999999999988,0,6
600,600,0.03804549387380507,0.10181108968614688,0.023507860021368288,0.09337547807319879,-0.06376559581234181,-0.0698676180518305,0.024864478728293227,-2.5645257441002816,-2.8099369713441176,0.01033169145672329,0.004955120284626513,0.005,0.006,0.005,True,999,0.00012162502389401197,0.0030211249832063913,power_5x5_mild_strong_600,power,True,589,1716765723,-0.04999999999999988,0,9
600,600,0.07953938245895809,0.10477143611710316,0.06517765854164281,0.08852297255745611,-0.02523205365814507,-0.0233453140158133,0.027768427449343186,-0.9086597973246732,-0.8407142989426106,0.3635297315816213,0.4005080081074115,0.352,0.347,0.377,True,999,0.0001275839749723673,0.0028440830064937472,power_5x5_mild_strong_600,power,True,590,1716765723,-0.04999999999999988,0,4
600,600,0.04034970216503275,0.12493634472758403,0.025819222799896124,0.1138969398849099,-0.08458664256255127,-0.08807771708501377,0.025576641764345195,-3.3071833019324783,-3.443677942418439,0.0009423920423003145,0.0005738588292770829,0.001,0.001,0.001,True,999,0.00011849997099488974,0.002907666959799826,power_5x5_mild_strong_600,power,True,591,1716765723,-0.04999999999999988,0,7
600,600,0.04676278168677106,0.1321077072869683,0.032136277620566034,0.11517196122400719,-0.08534492560019724,-0.08303568360344116,0.027684781433693403,-3.0827379224431697,-2.999325958282035,0.0020510569973053376,0.002705776608910277,0.001,0.001,0.001,True,999,0.0001337499124929309,0.002909791888669133,power_5x5_mild_strong_600,power,True,592,1716765723,-0.04999999999999988,0,4
600,600,0.09548021232775294,0.16349961637096316,0.07913012684286969,0.14499342803281934,-0.06801940404321022,-0.06586330118994965,0.031025947513471444,-2.192339299667681,-2.122845761965911,0.028355016054828132,0.03376677868709482,0.024,0.029,0.035,True,999,0.0001222090795636177,0.0029557920061051846,power_5x5_mild_strong_600,power,True,593,1716765723,-0.04999999999999988,0,5
600,600,0.060622447226252096,0.11908654132624996,0.046790974681243824,0.10722370195583153,-0.058464094099997865,-0.060432727274587705,0.02721615318544577,-2.1481395148548175,-2.220472778162675,0.031702673951831406,0.02638669154833662,0.022,0.025,0.024,True,999,0.00011808297131210566,0.0030362909892573953,power_5x5_mild_strong_600,power,True,594,1716765723,-0.04999999999999988,1,7
600,600,0.0756873275898915,0.12557879270672523,0.06130815459050609,0.11489198954745916,-0.04989146511683373,-0.05358383495695307,0.027728978478711162,-1.7992536275772926,-1.932412872623198,0.07197856985784228,0.05330856646570003,0.062,0.067,0.046,True,999,0.0001176249934360385,0.002891250071115792,power_5x5_mild_strong_600,power,True,595,1716765723,-0.04999999999999988,0,8
600,600,0.0586545972432142,0.101128373696795,0.04327105599429615,0.09008014234819939,-0.0424737764535808,-0.04680908635390324,0.02601405638425254,-1.6327240867860984,-1.799376677842478,0.10252703918599773,0.07195911622032779,0.082,0.088,0.061,True,999,0.00012362503912299871,0.002914041979238391,power_5x5_mild_strong_600,power,True,596,1716765723,-0.04999999999999988,0,7
600,600,0.05832459071520035,0.0887579634744573,0.044592522650873434,0.07628340806766687,-0.03043337275925695,-0.031690885416793435,0.025255019948661445,-1.2050425151562776,-1.2548350973871671,0.22818688959447497,0.20953862871759532,0.191,0.202,0.205,True,999,0.00011837494093924761,0.003078000037930906,power_5x5_mild_strong_600,power,True,597,1716765723,-0.04999999999999988,1,7
600,600,0.05672684261826211,0.10756531692605448,0.03989016391221867,0.09351776497624087,-0.05083847430779237,-0.0536276010640222,0.025942142237111596,-1.9596868232055742,-2.067200178530557,0.050032406227826655,0.03871529539821697,0.04,0.055,0.046,True,999,0.00011862500105053186,0.0029189169872552156,power_5x5_mild_strong_600,power,True,598,1716765723,-0.04999999999999988,0,6
600,600,0.05642980297016864,0.1487314024035457,0.04032197356571032,0.1370428867126634,-0.09230159943337707,-0.09672091314695308,0.028875885012181954,-3.1964942163482615,-3.349539351128083,0.001391086153184439,0.0008094605665684426,0.002,0.002,0.001,True,999,0.00011500006075948477,0.0029342910274863243,power_5x5_mild_strong_600,power,True,599,1716765723,-0.04999999999999988,0,7
600,600,0.061911406169946614,0.10733162543412345,0.04703248687667383,0.09558961137997812,-0.04542021926417683,-0.048557124503304294,0.026290043245052592,-1.7276585983830308,-1.8469777341443532,0.08404945033014108,0.06475036737341074,0.075,0.078,0.065,True,999,0.00011754105798900127,0.002990916953422129,power_5x5_mild_strong_600,power,True,600,1716765723,-0.04999999999999988,0,7
600,600,0.0631302512774381,0.06347305815062626,0.047174632437986475,0.05330743970856133,-0.0003428068731881617,-0.006132807270574858,0.023322182136643277,-0.01469874779210953,-0.26296026823918556,0.9882725183683575,0.7925812029999282,0.989,0.989,0.81,True,999,0.00011812499724328518,0.00289862509816885,power_5x5_mild_strong_600,power,True,601,1716765723,-0.04999999999999988,0,8
600,600,0.06911800386635725,0.10688043245880807,0.053011725195688086,0.09934385345786723,-0.037762428592450825,-0.04633212826217914,0.026772114301709685,-1.4105134979959089,-1.7306114765549294,0.15838811363867167,0.08352108338900822,0.129,0.137,0.079,True,999,0.00011929194442927837,0.0029449170688167214,power_5x5_mild_strong_600,power,True,602,1716765723,-0.04999999999999988,0,10
600,600,0.048237430806667314,0.12911212783701614,0.03344161239817822,0.11501071400391538,-0.08087469703034883,-0.08156910160573716,0.02819970513963085,-2.8679270449778724,-2.892551578176003,0.004131707938153972,0.0038212643425453506,0.003,0.007,0.005,True,999,0.00013166700955480337,0.002959500066936016,power_5x5_mild_strong_600,power,True,603,1716765723,-0.04999999999999988,0,6
600,600,0.06059928099452416,0.09487245831756297,0.04528621461508919,0.07842575055326506,-0.034273177323038806,-0.03313953593817587,0.025296236176750815,-1.3548726017405897,-1.3100579748948442,0.17545815022791544,0.19017622380387467,0.157,0.147,0.165,True,999,0.00011970894411206245,0.002946208929643035,power_5x5_mild_strong_600,power,True,604,1716765723,-0.04999999999999988,0,5
600,600,0.054889092713480636,0.1501680370262895,0.03893302487949768,0.13588471921343626,-0.09527894431280887,-0.09695169433393858,0.027692702467835045,-3.4405794964747463,-3.5009834972425518,0.0005804698884731305,0.0004635445473212231,0.001,0.001,0.001,True,999,0.00011558295227587223,0.002941375016234815,power_5x5_mild_strong_600,power,True,605,1716765723,-0.04999999999999988,0,5
600,600,0.05542200161906452,0.12739374519879748,0.04092280021905026,0.1112995242397119,-0.07197174357973296,-0.07037672402066164,0.027063605581142486,-2.659355323663222,-2.600419364288219,0.00782903464536108,0.00931098983191402,0.003,0.006,0.008,True,999,0.00011570809874683619,0.0029643330490216613,power_5x5_mild_strong_600,power,True,606,1716765723,-0.04999999999999988,1,4
600,600,0.06092003665696777,0.09170176445094258,0.04733637551214542,0.07871049775769734,-0.03078172779397481,-0.031374122245551916,0.024541244792766575,-1.254285512161453,-1.2784242409251916,0.2097382479540144,0.20109988131237255,0.174,0.172,0.169,True,999,0.0001169589813798666,0.0029274170519784093,power_5x5_mild_strong_600,power,True,607,1716765723,-0.04999999999999988,1,7
600,600,0.06038554908511662,0.1281461142561519,0.04516125146653849,0.12314603258133161,-0.06776056517103529,-0.07798478111479312,0.028359574814678108,-2.389336427426421,-2.7498572042917377,0.01687883814574993,0.005962124023477265,0.005,0.009,0.005,True,999,0.00011879205703735352,0.00297729205340147,power_5x5_mild_strong_600,power,True,608,1716765723,-0.04999999999999988,0,12
600,600,0.061658984490572055,0.11371218368153013,0.04555342467210721,0.09871143360254564,-0.05205319919095808,-0.05315800893043843,0.027489473311630073,-1.893568443486174,-1.9337587274889212,0.05828231543823326,0.053142799467549365,0.04,0.061,0.058,True,999,0.00011308398097753525,0.002943500061519444,power_5x5_mild_strong_600,power,True,609,1716765723,-0.04999999999999988,1,5
600,600,0.04414611321289286,0.10669686426879066,0.02886003883872945,0.09723565852647198,-0.0625507510558978,-0.06837561968774253,0.025119239889153676,-2.4901530194353856,-2.7220417492516034,0.012768810712313923,0.006487994539757589,0.002,0.003,0.002,True,999,0.0001199580729007721,0.002959791920147836,power_5x5_mild_strong_600,power,True,610,1716765723,-0.04999999999999988,0,7
600,600,0.05071435519320644,0.10766691694282449,0.03438066675778373,0.09756663906847507,-0.05695256174961805,-0.06318597231069134,0.026060764942589104,-2.185375673932919,-2.424563225595553,0.028861312984684948,0.015326814226405437,0.019,0.025,0.016,True,999,0.0001217089593410492,0.0029914170736446977,power_5x5_mild_strong_600,power,True,611,1716765723,-0.04999999999999988,0,8
600,600,0.043734998323725516,0.08667704193282166,0.02917818203616207,0.07135807431288299,-0.04294204360909615,-0.04217989227672092,0.024213682012014702,-1.773461945514463,-1.7419858845008156,0.0761521922708755,0.08151091424683923,0.048,0.061,0.068,True,999,0.00012066599447280169,0.002898958045989275,power_5x5_mild_strong_600,power,True,612,1716765723,-0.04999999999999988,0,5
600,600,0.0650101346959766,0.11756065815329197,0.050409081423254065,0.10489221926269465,-0.05255052345731537,-0.05448313783944059,0.027037256347950386,-1.9436337319522092,-2.015113410113848,0.0519396350713485,0.04389276745777453,0.046,0.045,0.044,True,999,0.00011754198931157589,0.002983834012411535,power_5x5_mild_strong_600,power,True,613,1716765723,-0.04999999999999988,0,6
600,600,0.08456161032013487,0.10255070939378524,0.07005462901759074,0.08894358044210549,-0.017989099073650372,-0.018888951424514744,0.027810412930330066,-0.6468476077185982,-0.6792042776148223,0.517730577022818,0.49700843731758193,0.516,0.513,0.497,True,999,0.00020591705106198788,0.0028750839410349727,power_5x5_mild_strong_600,power,True,614,1716765723,-0.04999999999999988,1,5
600,600,0.08251596930074212,0.10319495345784158,0.06804255117856428,0.09039857871732693,-0.020678984157099456,-0.022356027538762646,0.02758503840584527,-0.7496449289959146,-0.810440326739781,0.4534685835670963,0.4176871484579522,0.433,0.433,0.406,True,999,0.00012416706886142492,0.002901375060901046,power_5x5_mild_strong_600,power,True,615,1716765723,-0.04999999999999988,1,6
600,600,0.06486706441059231,0.1136514278564697,0.05209827444696202,0.10084090588230765,-0.04878436344587739,-0.04874263143534563,0.02685630977436855,-1.8164954104169888,-1.8149415107605442,0.06929441133564482,0.06953289840017221,0.043,0.054,0.057,True,999,0.0001272499794140458,0.0030315000331029296,power_5x5_mild_strong_600,power,True,616,1716765723,-0.04999999999999988,2,6
600,600,0.061312193910645796,0.10339594375888711,0.04666875577299834,0.08798809067644697,-0.042083749848241314,-0.041319334903448635,0.0264409372143006,-1.5916133950607578,-1.5627031133034515,0.1114715984419678,0.11812244179421123,0.107,0.109,0.118,True,999,0.00011566688772290945,0.002915874938480556,power_5x5_mild_strong_600,power,True,617,1716765723,-0.04999999999999988,0,4
600,600,0.04122360491140342,0.11653169153567461,0.025700372023266027,0.10096246510158835,-0.07530808662427119,-0.07526209307832232,0.025436999451465627,-2.960572718805169,-2.9587645831389864,0.0030706762141132567,0.0030887496280893197,0.001,0.001,0.004,True,999,0.00011554104276001453,0.002917082980275154,power_5x5_mild_strong_600,power,True,618,1716765723,-0.04999999999999988,0,3
600,600,0.06581786168848192,0.11944663616324824,0.05024662075913966,0.10813444869683053,-0.05362877447476633,-0.05788782793769087,0.027779940419818332,-1.930485582917497,-2.08379957130482,0.0535466998625467,0.03717840235974516,0.038,0.044,0.029,True,999,0.00011991697829216719,0.003072959021665156,power_5x5_mild_strong_600,power,True,619,1716765723,-0.04999999999999988,0,8
600,600,0.05840539561893321,0.12863877987027816,0.043948595478696006,0.11749773624592308,-0.07023338425134495,-0.07354914076722707,0.02742520425059426,-2.560906515393522,-2.6818083138116786,0.01043994443969961,0.0073225404323857875,0.003,0.005,0.003,True,999,0.00012162490747869015,0.0029197910334914923,power_5x5_mild_strong_600,power,True,620,1716765723,-0.04999999999999988,0,6
600,600,0.0558419356458808,0.08234950448267991,0.0409166768159821,0.06487765959099079,-0.02650756883679911,-0.023960982775008688,0.023677673645069185,-1.1195174506647212,-1.0119652434688617,0.2629194504054302,0.3115546720110055,0.255,0.247,0.314,True,999,0.00012166693340986967,0.0030036669922992587,power_5x5_mild_strong_600,power,True,621,1716765723,-0.04999999999999988,0,4
600,600,0.05510420579629782,0.1641238558660032,0.0390518900992447,0.1523528310640927,-0.10901965006970538,-0.113300940964848,0.029636487366952236,-3.678561791748425,-3.823021924359036,0.00023455286822408853,0.0001318260530229093,0.001,0.002,0.001,True,999,0.00012112502008676529,0.002954541938379407,power_5x5_mild_strong_600,power,True,622,1716765723,-0.04999999999999988,0,6
600,600,0.06418270271537507,0.10302693459398088,0.04883809034981823,0.09285129563602368,-0.038844231878605806,-0.04401320528620545,0.02728200445040075,-1.4238041764572478,-1.6132687525296159,0.15450316638936976,0.10668613216599403,0.128,0.142,0.101,True,999,0.00011958391405642033,0.0029221250442788005,power_5x5_mild_strong_600,power,True,623,1716765723,-0.04999999999999988,0,8
600,600,0.056910354262227125,0.13024837645543125,0.04153106133583151,0.11939110804053144,-0.07333802219320412,-0.07786004670469993,0.027250272462727956,-2.691276657637589,-2.8572208520554936,0.007117914029264886,0.0042736836262070406,0.004,0.005,0.003,True,999,0.00012016692198812962,0.003015041002072394,power_5x5_mild_strong_600,power,True,624,1716765723,-0.04999999999999988,0,7
600,600,0.06313009876717568,0.12759876363197853,0.04714221029996679,0.12091526628185534,-0.06446866486480285,-0.07377305598188855,0.02750552607218402,-2.3438440950234782,-2.6821176147761183,0.019086147661247815,0.007315773412479324,0.017,0.024,0.009,True,999,0.00012574996799230576,0.002892624936066568,power_5x5_mild_strong_600,power,True,625,1716765723,-0.04999999999999988,0,10
600,600,0.05669503228494799,0.07749155820849207,0.04152795643256013,0.06234554597779152,-0.020796525923544085,-0.020817589545231385,0.023876801690136947,-0.8709929492832674,-0.871875128645506,0.3837580028876858,0.38327650329211593,0.354,0.377,0.393,True,999,0.0001165829598903656,0.0029806250240653753,power_5x5_mild_strong_600,power,True,626,1716765723,-0.04999999999999988,1,5
600,600,0.05620426654447286,0.10619012004086104,0.04086454608227541,0.09445803823052756,-0.04998585349638818,-0.05359349214825215,0.026281564461626803,-1.9019359965945537,-2.0392047903580077,0.05717952250362211,0.041429593021078494,0.036,0.044,0.036,True,999,0.0001176660880446434,0.0029595420928671956,power_5x5_mild_strong_600,power,True,627,1716765723,-0.04999999999999988,0,7
600,600,0.0650983940725749,0.14748249313870943,0.04980693019138016,0.13752668290550218,-0.08238409906613453,-0.08771975271412202,0.02926063295516121,-2.8155268955521007,-2.997876117326073,0.004869732061509977,0.0027186816033098215,0.003,0.005,0.004,True,999,0.00012325006537139416,0.0029250839725136757,power_5x5_mild_strong_600,power,True,628,1716765723,-0.04999999999999988,0,8
600,600,0.041902376669774366,0.10327294058605813,0.027349249300073097,0.09148997379651291,-0.06137056391628376,-0.06414072449643982,0.025607202741176886,-2.3966133488527697,-2.504792309598903,0.01654737459914259,0.01225233159382343,0.01,0.011,0.008,True,999,0.00011866702698171139,0.0030033750226721168,power_5x5_mild_strong_600,power,True,629,1716765723,-0.04999999999999988,0,7
600,600,0.07307283007016285,0.14469959854218073,0.05748646964150339,0.1297604122673306,-0.07162676847201788,-0.0722739426258272,0.02897875114671066,-2.4716996294765496,-2.494032343213345,0.013447244876974601,0.012630103533776025,0.003,0.008,0.008,True,999,0.00011633394751697779,0.0030399999814108014,power_5x5_mild_strong_600,power,True,630,1716765723,-0.04999999999999988,0,5
600,600,0.07958408030311581,0.1279269480039391,0.06360919048734104,0.11233493740348877,-0.0483428677008233,-0.04872574691614773,0.029471767426845343,-1.6403111154028918,-1.6533025050870975,0.10094049565313083,0.09826931342288554,0.073,0.085,0.087,True,999,0.00012004096060991287,0.002820666995830834,power_5x5_mild_strong_600,power,True,631,1716765723,-0.04999999999999988,0,5
600,600,0.07386555945840301,0.08682346874672309,0.05929021046244998,0.07836192150318766,-0.01295790928832008,-0.019071711040737682,0.026123864859670814,-0.4960180799405407,-0.7300493683911211,0.6198816549774765,0.46536000847853654,0.636,0.631,0.487,True,999,0.0001212080242112279,0.003054416971281171,power_5x5_mild_strong_600,power,True,632,1716765723,-0.04999999999999988,0,9
600,600,0.10813220593136674,0.12237740174446049,0.09372557756978495,0.11054186235867292,-0.014245195813093747,-0.01681628478888797,0.02979855722969998,-0.47804984997379923,-0.5643321808925472,0.6326147249128272,0.5725280843080378,0.641,0.631,0.565,True,999,0.00011795805767178535,0.0029044169932603836,power_5x5_mild_strong_600,power,True,633,1716765723,-0.04999999999999988,1,7
600,600,0.054977702994226885,0.11317033488346628,0.03970958897673427,0.09960196102852592,-0.0581926318892394,-0.059892372051791654,0.02619134665698546,-2.2218266456993696,-2.286723658625542,0.026295023255951327,0.022211957873255726,0.014,0.019,0.016,True,999,0.00014054100029170513,0.002872958895750344,power_5x5_mild_strong_600,power,True,634,1716765723,-0.04999999999999988,0,6
600,600,0.06154506391010006,0.12337365009122214,0.04601449656638579,0.10863923102260742,-0.06182858618112208,-0.06262473445622163,0.027155641695538947,-2.2768228743892696,-2.306140843893571,0.022796804979994614,0.02110276373375901,0.016,0.018,0.019,True,999,0.00012858305126428604,0.00303312495816499,power_5x5_mild_strong_600,power,True,635,1716765723,-0.04999999999999988,0,6
600,600,0.049875786114720766,0.14887350267842597,0.0345625958589153,0.1304435360064531,-0.09899771656370521,-0.09588094014753779,0.027592800102687123,-3.5878097255546137,-3.4748535774084206,0.0003334674941590585,0.0005111322648495521,0.001,0.001,0.001,True,999,0.00011670903768390417,0.0029295419808477163,power_5x5_mild_strong_600,power,True,636,1716765723,-0.04999999999999988,1,3
600,600,0.07675832827220663,0.16896967500906745,0.06119056056002137,0.15799012669316426,-0.09221134673686082,-0.09679956613314289,0.029573283447413976,-3.1180625208840045,-3.27320996686986,0.0018204418164993745,0.001063334560320597,0.002,0.002,0.002,True,999,0.00011825002729892731,0.002942583989351988,power_5x5_mild_strong_600,power,True,637,1716765723,-0.04999999999999988,0,7
600,600,0.049777538655521925,0.1213267336115334,0.03361568894706579,0.11046980035092702,-0.07154919495601147,-0.07685411140386122,0.02607391697641941,-2.7440907716596152,-2.947547599900933,0.006067875690140629,0.0032030543571305373,0.003,0.003,0.003,True,999,0.00011841708328574896,0.0029668339993804693,power_5x5_mild_strong_600,power,True,638,1716765723,-0.04999999999999988,0,8
600,600,0.061924651904065264,0.14690219336610932,0.04564625421585333,0.1326206461695847,-0.08497754146204406,-0.08697439195373136,0.028715823596185512,-2.9592583746520895,-3.0287967072372135,0.0030838042785405824,0.0024552984276048546,0.001,0.003,0.003,True,999,0.00012199999764561653,0.002927624969743192,power_5x5_mild_strong_600,power,True,639,1716765723,-0.04999999999999988,0,5
600,600,0.07995845533861412,0.08048772154673545,0.06518192478858964,0.0697183804661563,-0.0005292662081213262,-0.004536455677566664,0.026439224989391323,-0.020018219457404406,-0.17158050886086512,0.9840288384521897,0.8637673318635273,0.984,0.984,0.862,True,999,0.00011945900041610003,0.003036833950318396,power_5x5_mild_strong_600,power,True,640,1716765723,-0.04999999999999988,0,8
600,600,0.07110856131283616,0.09895087238108352,0.05761449762462689,0.09016366014526511,-0.02784231106824736,-0.03254916252063822,0.026343534703937,-1.0568935179410974,-1.2355654959155422,0.2905601871121184,0.21662011686577387,0.267,0.274,0.202,True,999,0.00011058303061872721,0.002936416072770953,power_5x5_mild_strong_600,power,True,641,1716765723,-0.04999999999999988,1,10
600,600,0.0817207538799225,0.1468683262891065,0.06819760624455284,0.13511756882343207,-0.065147572409184,-0.06691996257887922,0.02951529248868505,-2.207248070950302,-2.2672979644207687,0.02729673304883311,0.023372029741705703,0.026,0.027,0.024,True,999,0.00011787505354732275,0.002972582937218249,power_5x5_mild_strong_600,power,True,642,1716765723,-0.04999999999999988,1,7
600,600,0.055953236536191664,0.15369893237300125,0.04135681629747978,0.14178329274966472,-0.09774569583680959,-0.10042647645218494,0.029749439749733236,-3.2856314827806488,-3.37574345254974,0.0010175403983805466,0.0007361652919214027,0.001,0.001,0.001,True,999,0.00011737493332475424,0.002997625037096441,power_5x5_mild_strong_600,power,True,643,1716765723,-0.04999999999999988,0,6
600,600,0.07105440925032003,0.08646130180177714,0.056564144385447435,0.07219614030182697,-0.015406892551457108,-0.015631995916379537,0.0261778227925873,-0.5885475149529942,-0.597146525142114,0.5561648508532653,0.5504095578309062,0.544,0.532,0.529,True,999,0.00012612505815923214,0.0028683330165222287,power_5x5_mild_strong_600,power,True,644,1716765723,-0.04999999999999988,0,6
600,600,0.06915395834235216,0.10015425420261259,0.05300172571139683,0.08489705560242555,-0.03100029586026043,-0.03189532989102872,0.027018742430003753,-1.1473626480052321,-1.1804890613861296,0.2512317718149235,0.237805758487581,0.23,0.231,0.228,True,999,0.00012154201976954937,0.00299970805644989,power_5x5_mild_strong_600,power,True,645,1716765723,-0.04999999999999988,0,5
600,600,0.06090319650574827,0.12983376769796634,0.04616895884441874,0.11546798928316093,-0.06893057119221807,-0.06929903043874219,0.028208026295533022,-2.4436509832357114,-2.4567131961911235,0.014539484475192927,0.01402145770833487,0.009,0.01,0.012,True,999,0.00011833303142338991,0.0029781669145449996,power_5x5_mild_strong_600,power,True,646,1716765723,-0.04999999999999988,0,5
600,600,0.07999846095063945,0.12420523124841865,0.0639915150310344,0.11053520177068776,-0.0442067702977792,-0.04654368673965337,0.02904811961151,-1.5218461948312396,-1.6022960302466855,0.12804762353260254,0.10909016311388647,0.112,0.122,0.108,True,999,0.00012587499804794788,0.002819958026520908,power_5x5_mild_strong_600,power,True,647,1716765723,-0.04999999999999988,0,5
600,600,0.06252687291482706,0.12375721839658194,0.04559036610100975,0.1141210951255971,-0.06123034548175488,-0.06853072902458734,0.027361360659258274,-2.2378399321685905,-2.504653546949924,0.025231495323243213,0.012257138987538857,0.02,0.028,0.013,True,999,0.00012016703840345144,0.0029923749389126897,power_5x5_mild_strong_600,power,True,648,1716765723,-0.04999999999999988,0,7
600,600,0.05076351206788554,0.13182710097456196,0.03555360200687119,0.11932716220627526,-0.08106358890667642,-0.08377356019940407,0.02684232684876565,-3.019991126827522,-3.1209500082239114,0.0025278209104675734,0.001802686340352038,0.001,0.001,0.002,True,999,0.00013004103675484657,0.0029138330137357116,power_5x5_mild_strong_600,power,True,649,1716765723,-0.04999999999999988,0,7
600,600,0.0598022111373937,0.07987398330230866,0.045186799601424354,0.06399354263004398,-0.02007177216491496,-0.01880674302861962,0.02440498112620439,-0.8224457155331815,-0.7706108409330518,0.4108232699869948,0.44093763347461146,0.4,0.388,0.433,True,999,0.00012020801659673452,0.0029305419884622097,power_5x5_mild_strong_600,power,True,650,1716765723,-0.04999999999999988,0,5
600,600,0.07600539658750582,0.0916492903039296,0.06141876521348877,0.07676722522757018,-0.015643893716423773,-0.015348460014081411,0.02633439777735163,-0.5940479007223772,-0.5828293528429022,0.552480075477072,0.560008182957614,0.563,0.545,0.552,True,999,0.00012137496378272772,0.0030308329733088613,power_5x5_mild_strong_600,power,True,651,1716765723,-0.04999999999999988,0,4
600,600,0.04782985040069587,0.12452124401541076,0.032421482288896186,0.11013657430459034,-0.07669139361471489,-0.07771509201569415,0.025389362208171458,-3.02061126962977,-3.0609312427187274,0.0025226499994193577,0.0022064975794149856,0.003,0.003,0.003,True,999,0.00012116599828004837,0.0028488748939707875,power_5x5_mild_strong_600,power,True,652,1716765723,-0.04999999999999988,0,5
600,600,0.08147895210402512,0.11876697088311294,0.06524358209765069,0.1084303164764151,-0.03728801877908783,-0.04318673437876441,0.02872346825103026,-1.2981725762782972,-1.50353480997948,0.1942280394380248,0.1327011874335002,0.174,0.192,0.129,True,999,0.00011779193300753832,0.002966458909213543,power_5x5_mild_strong_600,power,True,653,1716765723,-0.04999999999999988,0,7
600,600,0.07416283549968594,0.1274157721227906,0.058111703716804186,0.11334976431913901,-0.05325293662310465,-0.055238060602334826,0.028916671427928364,-1.8415998105394586,-1.9102496198433365,0.06553370878803891,0.0561010810954215,0.044,0.052,0.049,True,999,0.00011800008360296488,0.0029277080902829766,power_5x5_mild_strong_600,power,True,654,1716765723,-0.04999999999999988,0,6
600,600,0.07690986587606707,0.13494851202588576,0.06073414364027485,0.12597028254901943,-0.058038646149818685,-0.06523613890874458,0.029848848552730824,-1.9444182594610948,-2.1855495964441896,0.051845033714430534,0.028848573642057528,0.039,0.047,0.027,True,999,0.00011570798233151436,0.002948833047412336,power_5x5_mild_strong_600,power,True,655,1716765723,-0.04999999999999988,0,9
600,600,0.07572163976899682,0.09250343483236012,0.0612428798141309,0.08079370973666755,-0.016781795063363303,-0.01955082992253665,0.026644926208189167,-0.6298307952605818,-0.7337543279263357,0.5288052950318138,0.4630984807722709,0.494,0.492,0.446,True,999,0.00011895899660885334,0.0030206249793991446,power_5x5_mild_strong_600,power,True,656,1716765723,-0.04999999999999988,1,7
600,600,0.05386682005360477,0.12686669689024382,0.039455517473129476,0.11230701868632309,-0.07299987683663905,-0.07285150121319361,0.027689526493765132,-2.6363714400488747,-2.631012893253976,0.008379794700823567,0.008513080625765817,0.004,0.007,0.01,True,999,0.0001193339703604579,0.002880625077523291,power_5x5_mild_strong_600,power,True,657,1716765723,-0.04999999999999988,0,5
600,600,0.033966145512272505,0.1329212403821416,0.01852463672491922,0.11653331557101865,-0.09895509486986909,-0.09800867884609943,0.026840215679870275,-3.6868218962966006,-3.651560777866787,0.00022707216146114072,0.0002606513948106311,0.001,0.001,0.001,True,999,0.00013225001748651266,0.0029316250002011657,power_5x5_mild_strong_600,power,True,658,1716765723,-0.04999999999999988,0,5
600,600,0.0751352446928264,0.096286281545306,0.06138735586171151,0.0831724327516099,-0.0211510368524796,-0.02178507688989839,0.025956475569868236,-0.8148655157571907,-0.8392925623225889,0.415149294111834,0.4013051559146069,0.402,0.396,0.386,True,999,0.00012125005014240742,0.003077165922150016,power_5x5_mild_strong_600,power,True,659,1716765723,-0.04999999999999988,1,6
600,600,0.08564193794096187,0.0967918148904689,0.07194268597106657,0.0827463369481336,-0.011149876949507032,-0.010803650977067036,0.02678689834762069,-0.41624367273926677,-0.40331847445961044,0.6772317052622787,0.6867139526301943,0.658,0.647,0.646,True,999,0.00011966691818088293,0.0029520420357584953,power_5x5_mild_strong_600,power,True,660,1716765723,-0.04999999999999988,1,6
600,600,0.07803655132036891,0.1081538908748777,0.06174327461735629,0.09549629509189117,-0.030117339554508793,-0.03375302047453488,0.027856561136791864,-1.0811578430882116,-1.2116721912941077,0.2796269068976821,0.22563788813368268,0.267,0.27,0.241,True,999,0.00011933292262256145,0.003003000048920512,power_5x5_mild_strong_600,power,True,661,1716765723,-0.04999999999999988,0,6
600,600,0.07412377333901232,0.07941055442006373,0.058707819398705396,0.0663673124973343,-0.005286781081051406,-0.0076594930986289,0.02540849504586642,-0.2080713978339888,-0.30145402491577256,0.8351732196200575,0.7630683031028156,0.86,0.856,0.773,True,999,0.0001189579488709569,0.003002665936946869,power_5x5_mild_strong_600,power,True,662,1716765723,-0.04999999999999988,0,6
600,600,0.0719060398637954,0.12517902086103871,0.05594597719152716,0.11310064705293144,-0.05327298099724331,-0.05715466986140427,0.027739390397240094,-1.920481316797202,-2.060415497345999,0.05479713086556395,0.03935883662121202,0.046,0.049,0.039,True,999,0.00011887494474649429,0.002847041003406048,power_5x5_mild_strong_600,power,True,663,1716765723,-0.04999999999999988,0,6
600,600,0.08831847669115289,0.10012124121166921,0.07286840401627614,0.0870283050429066,-0.011802764520516318,-0.01415990102663045,0.027482680689698172,-0.429461909257657,-0.5152299801648629,0.6675871083013676,0.6063923214968592,0.662,0.66,0.598,True,999,0.00012400001287460327,0.002933999989181757,power_5x5_mild_strong_600,power,True,664,1716765723,-0.04999999999999988,0,5
600,600,0.051804831466736645,0.12967142503851514,0.03719780762548908,0.11298932792044525,-0.0778665935717785,-0.07579152029495617,0.027439396387435894,-2.8377662712519616,-2.7621424037468993,0.004543043629151597,0.005742342674491211,0.002,0.003,0.004,True,999,0.00011804199311882257,0.0029857500921934843,power_5x5_mild_strong_600,power,True,665,1716765723,-0.04999999999999988,1,4
600,600,0.054009302492804334,0.09243402953248187,0.038444862851179096,0.08051774923285393,-0.03842472703967753,-0.042072886381674834,0.025347536865011924,-1.5159156191115557,-1.6598412147789194,0.12954069032143797,0.09694640000103548,0.108,0.12,0.09,True,999,0.0001247910549864173,0.002951374975964427,power_5x5_mild_strong_600,power,True,666,1716765723,-0.04999999999999988,0,7
600,600,0.0698047273682263,0.09936511828128841,0.054256040506402314,0.08623888807790081,-0.029560390913062118,-0.031982847571498496,0.02738995553334969,-1.079242019106958,-1.1676852681471699,0.2804798525345641,0.24293374131681855,0.262,0.269,0.234,True,999,0.00011870800517499447,0.003056833054870367,power_5x5_mild_strong_600,power,True,667,1716765723,-0.04999999999999988,0,7
600,600,0.0604699999578977,0.0952345370684553,0.04585190057832733,0.08535503148846146,-0.0347645371105576,-0.03950313091013413,0.025524907288114365,-1.3619848533885042,-1.5476307304171368,0.17320266527572503,0.1217112282778873,0.136,0.151,0.111,True,999,0.00011916598305106163,0.0029230830259621143,power_5x5_mild_strong_600,power,True,668,1716765723,-0.04999999999999988,0,9
600,600,0.05403908441728955,0.10981792162244253,0.03928437510967342,0.09783519815175623,-0.055778837205152976,-0.05855082304208281,0.025786368749338245,-2.163113300184402,-2.2706114075711183,0.030532466387551884,0.023170512284116103,0.023,0.029,0.024,True,999,0.00011695793364197016,0.0029620829736813903,power_5x5_mild_strong_600,power,True,669,1716765723,-0.04999999999999988,0,6
600,600,0.07429685388059393,0.14905501952951933,0.05824310395246357,0.13419295283250676,-0.0747581656489254,-0.07594984888004319,0.028892947109684316,-2.5874191845202255,-2.6286639639673997,0.009669787578221895,0.008572102009103747,0.012,0.017,0.017,True,999,0.00011749996338039637,0.002974500064738095,power_5x5_mild_strong_600,power,True,670,1716765723,-0.04999999999999988,0,4
600,600,0.057251816490119345,0.09468751327979918,0.044661540760671414,0.0848320344196054,-0.03743569678967984,-0.04017049365893399,0.02513297476329921,-1.48950520749123,-1.598318306418448,0.1363543830856254,0.10997215529601659,0.08,0.097,0.081,True,999,0.00012383295688778162,0.0029163749422878027,power_5x5_mild_strong_600,power,True,671,1716765723,-0.04999999999999988,2,8
600,600,0.08665443317662103,0.10417361571109507,0.07195192881260937,0.0897214710042249,-0.017519182534474043,-0.01776954219161553,0.02778156268115681,-0.6306046472452986,-0.6396163669968047,0.5282990594866203,0.5224220392254175,0.524,0.519,0.522,True,999,0.00012170802801847458,0.003055750043131411,power_5x5_mild_strong_600,power,True,672,1716765723,-0.04999999999999988,1,5
600,600,0.07211407275039816,0.11724073368324234,0.055343159114272567,0.1015186492697353,-0.045126660932844176,-0.04617549015546274,0.027417415613046985,-1.64591227596849,-1.684166400187239,0.09978182116717024,0.09214951475896468,0.103,0.104,0.104,True,999,0.0001202079001814127,0.0030147091019898653,power_5x5_mild_strong_600,power,True,673,1716765723,-0.04999999999999988,0,5
600,600,0.06503639160439378,0.09926186863383768,0.04820394049954757,0.08766026355246481,-0.034225477029443896,-0.03945632305291724,0.026811490425291348,-1.2765227328488578,-1.4716199072505864,0.20177079605076498,0.14112354672610306,0.156,0.183,0.141,True,999,0.0001249168999493122,0.0029390420531854033,power_5x5_mild_strong_600,power,True,674,1716765723,-0.04999999999999988,0,7
600,600,0.07194728647704962,0.11333798112774146,0.057231851065921546,0.10609824568399517,-0.04139069465069184,-0.04886639461807363,0.027135816310457896,-1.5253159948145818,-1.8008079822990608,0.127180300179516,0.07173315030855193,0.108,0.113,0.071,True,999,0.00011799996718764305,0.003017375012859702,power_5x5_mild_strong_600,power,True,675,1716765723,-0.04999999999999988,0,10
600,600,0.061831728783486195,0.11962466776291952,0.04686752444843023,0.10577467880207791,-0.05779293897943333,-0.058907154353647684,0.026679342360153964,-2.166205530828527,-2.2079687556926624,0.030295484687309367,0.027246451254544213,0.018,0.023,0.027,True,999,0.00012195797171443701,0.002901708008721471,power_5x5_mild_strong_600,power,True,676,1716765723,-0.04999999999999988,1,7
600,600,0.05244125973084035,0.12336080184676868,0.03635139225184503,0.11352027655226493,-0.07091954211592832,-0.0771688843004199,0.026870025136939528,-2.639355257559167,-2.871931972788968,0.008306388520138961,0.004079707787007734,0.006,0.008,0.007,True,999,0.00014345895033329725,0.0029050420271232724,power_5x5_mild_strong_600,power,True,677,1716765723,-0.04999999999999988,0,8
600,600,0.0896726047940587,0.08246118695087362,0.07512371182724564,0.06994869555370542,0.007211417843185075,0.005175016273540223,0.02618547841996305,0.2753975973831091,0.19762924283999106,0.783010789759373,0.8433351535572979,0.809,0.804,0.855,True,999,0.00014220899902284145,0.003059707931242883,power_5x5_mild_strong_600,power,True,678,1716765723,-0.04999999999999988,1,7
600,600,0.08390110743340151,0.12206923246983087,0.0672763178263267,0.11164555907762974,-0.03816812503642936,-0.04436924125130304,0.02855576151235078,-1.3366173064556899,-1.5537754520086149,0.1813475869402047,0.12023798798740874,0.181,0.179,0.113,True,999,0.00011666689533740282,0.00288454198744148,power_5x5_mild_strong_600,power,True,679,1716765723,-0.04999999999999988,0,9
600,600,0.0526670880494744,0.1490031449410052,0.03711996235870174,0.13525884431771829,-0.0963360568915308,-0.09813888195901654,0.02824901438495476,-3.410244887794696,-3.4740639309272567,0.0006490457310831222,0.0005126388754176421,0.001,0.001,0.001,True,999,0.00011795898899435997,0.0029952089535072446,power_5x5_mild_strong_600,power,True,680,1716765723,-0.04999999999999988,0,5
600,600,0.0492284804107308,0.1437343258355841,0.0330018254303468,0.12679523952448335,-0.0945058454248533,-0.09379341409413655,0.027473277019010218,-3.4399189204644096,-3.413987127536184,0.0005818884789170789,0.0006401960041364448,0.001,0.001,0.001,True,999,0.00013499998021870852,0.002930167014710605,power_5x5_mild_strong_600,power,True,681,1716765723,-0.04999999999999988,0,3
600,600,0.05019229542446635,0.11419949762197479,0.03570923201846199,0.10415232288644916,-0.06400720219750844,-0.06844309086798717,0.026317049332683026,-2.4321572448480455,-2.6007129447824533,0.015009189692550131,0.009303026174535507,0.008,0.012,0.011,True,999,0.00012116704601794481,0.0029414589516818523,power_5x5_mild_strong_600,power,True,682,1716765723,-0.04999999999999988,1,8
600,600,0.06289361377738278,0.1350714002584203,0.046624409720720905,0.12502895520159996,-0.07217778648103751,-0.07840454548087905,0.028049992932585182,-2.5731837670871514,-2.795171666150328,0.010076768736712354,0.0051872162707030395,0.007,0.01,0.004,True,999,0.00011791603174060583,0.003061833092942834,power_5x5_mild_strong_600,power,True,683,1716765723,-0.04999999999999988,0,8
600,600,0.054931073122811425,0.11120020327066737,0.03932675827854837,0.10097379272747276,-0.05626913014785595,-0.06164703444892439,0.02686273438584724,-2.0946910816905375,-2.2948905187181325,0.03619846253835273,0.021739399308497123,0.019,0.029,0.018,True,999,0.00012545904610306025,0.0029046250274404883,power_5x5_mild_strong_600,power,True,684,1716765723,-0.04999999999999988,0,7
600,600,0.0587886806749095,0.11670833934830538,0.04354873876991405,0.10023266798009445,-0.05791965867339588,-0.056683929210180395,0.027073356098474815,-2.13936013188475,-2.0937163831481427,0.0324065131721092,0.036285252622815393,0.019,0.021,0.028,True,999,0.00012033304665237665,0.002975041978061199,power_5x5_mild_strong_600,power,True,685,1716765723,-0.04999999999999988,0,5
600,600,0.08356837893778779,0.11869342007038758,0.07009531090977816,0.10538015923367539,-0.03512504113259979,-0.03528484832389722,0.02829358004133315,-1.2414491584764735,-1.2470973370054534,0.21443986878205024,0.21236180927808757,0.177,0.18,0.19,True,999,0.00012129195965826511,0.0030298749916255474,power_5x5_mild_strong_600,power,True,686,1716765723,-0.04999999999999988,2,6
600,600,0.05424413209530099,0.09467754408194451,0.038621245183207975,0.0798685307438518,-0.04043341198664352,-0.04124728556064383,0.02533812202102568,-1.5957540954728888,-1.6278746122706593,0.11054370579716546,0.10355147561816025,0.098,0.096,0.098,True,999,0.00011658307630568743,0.002938958932645619,power_5x5_mild_strong_600,power,True,687,1716765723,-0.04999999999999988,0,5
600,600,0.05446963456613951,0.09222913739655797,0.03941753988738128,0.08120672332040613,-0.03775950283041846,-0.041789183433024846,0.025098280394553696,-1.5044657337804002,-1.6650217774319336,0.13246148993355394,0.09590841114299054,0.105,0.099,0.077,True,999,0.00012087495997548103,0.002951249945908785,power_5x5_mild_strong_600,power,True,688,1716765723,-0.04999999999999988,0,7
600,600,0.05699511851326422,0.08801693518719667,0.042274453646996335,0.07586846333057906,-0.031021816673932445,-0.033594009683582726,0.024885905880104663,-1.2465616812741067,-1.3499211097812542,0.21255825936806183,0.17704128957391274,0.183,0.175,0.155,True,999,0.00011791603174060583,0.0029957920778542757,power_5x5_mild_strong_600,power,True,689,1716765723,-0.04999999999999988,0,6
600,600,0.060904433620942555,0.11256398920777166,0.04555219448286607,0.10070325322777762,-0.05165955558682911,-0.05515105874491155,0.02775535150049773,-1.8612466711474618,-1.9870423454706578,0.06270935032990198,0.046917704448844716,0.051,0.055,0.049,True,999,0.00012099999003112316,0.0029715830460190773,power_5x5_mild_strong_600,power,True,690,1716765723,-0.04999999999999988,0,7
600,600,0.05709869347425478,0.08054852934305068,0.040758557976573684,0.06897457128326323,-0.0234498358687959,-0.028216013306689547,0.02453616272962477,-0.9557254786414809,-1.1499766127904651,0.3392109466383525,0.2501535039531707,0.318,0.307,0.24,True,999,0.00013749999925494194,0.0031005420023575425,power_5x5_mild_strong_600,power,True,691,1716765723,-0.04999999999999988,0,8
600,600,0.047675245675221856,0.1059893310653443,0.032316658231252404,0.09263444662974507,-0.05831408539012245,-0.06031778839849267,0.024837651426821566,-2.347809959485562,-2.4284819591822187,0.018884153556834992,0.015162179433367817,0.018,0.02,0.021,True,999,0.00014474999625235796,0.002891791984438896,power_5x5_mild_strong_600,power,True,692,1716765723,-0.04999999999999988,0,6
600,600,0.05709105294631234,0.15113241473003514,0.042712114682785796,0.13765943935533187,-0.0940413617837228,-0.09494732467254607,0.028336857001937464,-3.3186941578345457,-3.3506653425273765,0.00090439424978718,0.0008061766542530093,0.002,0.002,0.002,True,999,0.00011970801278948784,0.002934165997430682,power_5x5_mild_strong_600,power,True,693,1716765723,-0.04999999999999988,1,6
600,600,0.06917153147182309,0.13302175401193495,0.05393714029708008,0.11603542907744213,-0.06385022254011186,-0.062098288780362054,0.029166081052063073,-2.189194442206194,-2.1291269358236082,0.028582710440827903,0.03324375977842047,0.029,0.031,0.038,True,999,0.00011891697067767382,0.003008208004757762,power_5x5_mild_strong_600,power,True,694,1716765723,-0.04999999999999988,0,4
600,600,0.06117795555383665,0.12380474967419647,0.045785867785753,0.11133535492814417,-0.06262679412035982,-0.06554948714239117,0.027433056457306242,-2.2828952442038384,-2.3894343397136626,0.02243653969826297,0.01687433984621888,0.016,0.017,0.015,True,999,0.00012729107402265072,0.002895624958910048,power_5x5_mild_strong_600,power,True,695,1716765723,-0.04999999999999988,0,7
600,600,0.0754104726079603,0.10565641417336502,0.061772152204298436,0.09092997747430331,-0.03024594156540472,-0.029157825270004878,0.027864994175824585,-1.085445824052812,-1.0463962449093904,0.2777242460862982,0.29537812574798905,0.265,0.28,0.307,True,999,0.00012041593436151743,0.002980499994009733,power_5x5_mild_strong_600,power,True,696,1716765723,-0.04999999999999988,1,6
600,600,0.07759257926366048,0.11179011351845053,0.06370273581262609,0.09605092428370199,-0.03419753425479005,-0.0323481884710759,0.026863190682428498,-1.2730257793672672,-1.2041826621971305,0.20300889416017465,0.22851898567085716,0.2,0.19,0.222,True,999,0.00011970801278948784,0.002975416020490229,power_5x5_mild_strong_600,power,True,697,1716765723,-0.04999999999999988,1,5
600,600,0.0678368430206826,0.08174742732189283,0.05277107197798614,0.07095626232114682,-0.013910584301210227,-0.018185190343160684,0.025587384204299558,-0.5436501124985168,-0.7107092385045342,0.5866822682154738,0.4772644335488542,0.593,0.589,0.476,True,999,0.0001277080737054348,0.00288945809006691,power_5x5_mild_strong_600,power,True,698,1716765723,-0.04999999999999988,0,8
600,600,0.05947109013315699,0.12671499181407342,0.04466366778581232,0.11650267095069466,-0.06724390168091643,-0.07183900316488234,0.02809980880080284,-2.39303769493959,-2.556565550824311,0.016709524282650337,0.010571115176974295,0.012,0.016,0.013,True,999,0.00011916703078895807,0.0029997919918969274,power_5x5_mild_strong_600,power,True,699,1716765723,-0.04999999999999988,0,7
600,600,0.06512918227393394,0.09468148451692338,0.04925912384442199,0.07834816327871863,-0.029552302242989437,-0.029089039434296637,0.02522192199639887,-1.171691128344971,-1.1533236617911158,0.24132108615184933,0.24877756160211806,0.234,0.233,0.244,True,999,0.0001213329378515482,0.0029187919571995735,power_5x5_mild_strong_600,power,True,700,1716765723,-0.04999999999999988,1,4
600,600,0.04054259284397854,0.07099748965380948,0.02604297756511187,0.05518704738196334,-0.030454896809830934,-0.02914406981685147,0.02183642818516953,-1.394683075069701,-1.3346537066279462,0.16311143089301972,0.1819897115522333,0.115,0.127,0.152,True,999,0.00012199999764561653,0.0029592090286314487,power_5x5_mild_strong_600,power,True,701,1716765723,-0.04999999999999988,1,5
600,600,0.1102703905796869,0.07821909380405578,0.0949358231118822,0.06903240423164902,0.03205129677563112,0.025903418880233176,0.027218747106292174,1.1775448976570198,0.9516756513103818,0.23897808832530876,0.34126150155513835,0.247,0.218,0.31,True,999,0.00014779192861169577,0.002991208923049271,power_5x5_mild_strong_600,power,True,702,1716765723,-0.04999999999999988,0,9
600,600,0.07587721604062092,0.09970109925903953,0.06111521281218302,0.08818546514726222,-0.023823883218418607,-0.027070252335079203,0.027746390848716156,-0.8586299871689782,-0.9756314787994044,0.3905446884051865,0.3292471192575197,0.381,0.388,0.335,True,999,0.0001154579222202301,0.0029411250725388527,power_5x5_mild_strong_600,power,True,703,1716765723,-0.04999999999999988,1,8
600,600,0.07502743843883519,0.11672549322320058,0.06062571584550369,0.09899398693482908,-0.04169805478436539,-0.03836827108932539,0.027270311833667384,-1.5290640986688608,-1.4069612156747209,0.12624855435220977,0.15943888970192321,0.12,0.116,0.153,True,999,0.00011962489224970341,0.002895958023145795,power_5x5_mild_strong_600,power,True,704,1716765723,-0.04999999999999988,0,2
600,600,0.08107677590665074,0.10096696009934186,0.06593765105083094,0.0901541705174509,-0.019890184192691118,-0.024216519466619957,0.02821411606570653,-0.7049727925684364,-0.8583121799819368,0.4808271680034686,0.39072010561881754,0.457,0.481,0.401,True,999,0.00013262499123811722,0.003009667037986219,power_5x5_mild_strong_600,power,True,705,1716765723,-0.04999999999999988,0,8
600,600,0.040866961289287795,0.09037474206961926,0.02546307561476624,0.071286136902728,-0.04950778078033147,-0.045823061287961764,0.023581371875961696,-2.0994444700140007,-1.9431889513889025,0.035777738052386036,0.05199333254168932,0.016,0.02,0.029,True,999,0.0001180840190500021,0.0029227499617263675,power_5x5_mild_strong_600,power,True,706,1716765723,-0.04999999999999988,0,2
600,600,0.0360482890682311,0.14353964329837565,0.019872245994633886,0.12721962095145045,-0.10749135423014455,-0.10734737495681657,0.02650797506263588,-4.0550571658586705,-4.049625620333681,5.012204339501917e-05,5.129963485898417e-05,0.001,0.001,0.001,True,999,0.00011729192920029163,0.0030333329923450947,power_5x5_mild_strong_600,power,True,707,1716765723,-0.04999999999999988,0,5
600,600,0.08280923861570022,0.1263532886012973,0.06776801156775036,0.11300793968365497,-0.04354404998559708,-0.045239928115904604,0.02847602597667204,-1.5291477125800128,-1.588702305334522,0.12622782944715077,0.11212761823400082,0.138,0.138,0.13,True,999,0.00011508399620652199,0.0029484169790521264,power_5x5_mild_strong_600,power,True,708,1716765723,-0.04999999999999988,1,6
600,600,0.06287800147050282,0.13534046567650415,0.046727461875207155,0.12873423921729454,-0.07246246420600133,-0.08200677734208739,0.02885103260863873,-2.5116073032444683,-2.84242087465294,0.012018274245490148,0.004477234322808808,0.005,0.008,0.004,True,999,0.00012049998622387648,0.002977041993290186,power_5x5_mild_strong_600,power,True,709,1716765723,-0.04999999999999988,0,10
600,600,0.07924582713133044,0.10485242011083257,0.06459317183737312,0.09232183643717917,-0.02560659297950213,-0.027728664599806052,0.02711826958341666,-0.9442561554576864,-1.0225086270534998,0.3450387652164354,0.3065402316008424,0.327,0.317,0.295,True,999,0.00012270803563296795,0.002988958964124322,power_5x5_mild_strong_600,power,True,710,1716765723,-0.04999999999999988,1,5
600,600,0.049015705685178323,0.1043940261731704,0.03418720469824166,0.09111626942552675,-0.05537832048799207,-0.056929064727285095,0.025266744925329584,-2.1917473205056983,-2.253122232227644,0.028397756822073038,0.024251443044999894,0.016,0.017,0.013,True,999,0.00011754198931157589,0.0029358749743551016,power_5x5_mild_strong_600,power,True,711,1716765723,-0.04999999999999988,0,6
600,600,0.034830751772330526,0.07786013940297654,0.019071273938948252,0.06275326181349783,-0.04302938763064601,-0.04368198787454958,0.022681050114470993,-1.8971514728584964,-1.9259244018282706,0.057807949396546654,0.05411381402993915,0.025,0.038,0.046,True,999,0.00011549994815140963,0.002952959039248526,power_5x5_mild_strong_600,power,True,712,1716765723,-0.04999999999999988,0,5
600,600,0.07268139627836612,0.08728007022545842,0.05728501499538652,0.06978510960317408,-0.0145986739470923,-0.01250009460778756,0.025936824862167526,-0.5628550921198724,-0.48194390308817986,0.5735335620531993,0.6298457970080902,0.559,0.559,0.634,True,999,0.00012129207607358694,0.002984166028909385,power_5x5_mild_strong_600,power,True,713,1716765723,-0.04999999999999988,0,4
600,600,0.06486225105524779,0.11372853580616732,0.05002748506058197,0.09627840999706905,-0.04886628475091953,-0.04625092493648708,0.027078970416207153,-1.804584295482385,-1.708001605142463,0.07113975739608411,0.08763604464048685,0.049,0.052,0.065,True,999,0.00011758296750485897,0.00290379102807492,power_5x5_mild_strong_600,power,True,714,1716765723,-0.04999999999999988,0,4
600,600,0.06540954919268316,0.13558922832378079,0.050872626664499876,0.1220481345090434,-0.07017967913109763,-0.07117550784454352,0.02808222919816448,-2.499077927035961,-2.5345390973874578,0.012451692676805511,0.011259536156394289,0.008,0.008,0.01,True,999,0.00012220803182572126,0.0029458330245688558,power_5x5_mild_strong_600,power,True,715,1716765723,-0.04999999999999988,0,5
600,600,0.06803535558282703,0.13093786520223716,0.05347357695654864,0.11364725080852622,-0.06290250961941013,-0.06017367385197758,0.028205996615760193,-2.230111223379469,-2.1333645703678252,0.025740059912786648,0.03289483109014682,0.023,0.029,0.038,True,999,0.00011858402285724878,0.0028998340712860227,power_5x5_mild_strong_600,power,True,716,1716765723,-0.04999999999999988,0,4
600,600,0.04001357118573057,0.1321218110267242,0.024652538724808437,0.11805980466888855,-0.09210823984099364,-0.09340726594408011,0.025855217297345245,-3.5624624145182144,-3.6127047345941645,0.0003673925205469894,0.00030301968402574254,0.001,0.001,0.001,True,999,0.00012083398178219795,0.0029408340342342854,power_5x5_mild_strong_600,power,True,717,1716765723,-0.04999999999999988,0,6
600,600,0.06493555403795415,0.08329314180195146,0.04805559370197443,0.07046294903915395,-0.01835758776399732,-0.022407355337179524,0.025201240241419114,-0.7284398540761492,-0.889137007644261,0.4663443741940003,0.3739294519088342,0.472,0.469,0.384,True,999,0.00011870800517499447,0.0030732080340385437,power_5x5_mild_strong_600,power,True,718,1716765723,-0.04999999999999988,0,6
600,600,0.0573402738451021,0.10225506639288606,0.0411793415584043,0.0900849649838733,-0.044914792547783966,-0.048905623425469,0.024884011303035407,-1.8049659277523782,-1.9653432410836185,0.07108001394615013,0.04937452401323663,0.067,0.07,0.054,True,999,0.00013308401685208082,0.0029865839751437306,power_5x5_mild_strong_600,power,True,719,1716765723,-0.04999999999999988,0,8
600,600,0.07973753689574803,0.13573068448091008,0.06433273414245377,0.12369624426111159,-0.05599314758516205,-0.059363510118657814,0.02941675446276566,-1.9034440953041076,-2.018016983953731,0.05698262187192089,0.043589492530926546,0.046,0.055,0.044,True,999,0.00012304203119128942,0.0030170840909704566,power_5x5_mild_strong_600,power,True,720,1716765723,-0.04999999999999988,0,6
600,600,0.04468563663431069,0.1078429934371673,0.031013451967737637,0.09518349539570181,-0.06315735680285661,-0.06417004342796417,0.02508929036444085,-2.5173034344713785,-2.5576667373148436,0.011825693517280815,0.010537702648110735,0.01,0.012,0.012,True,999,0.00013874995056539774,0.0030718330526724458,power_5x5_mild_strong_600,power,True,721,1716765723,-0.04999999999999988,1,7
600,600,0.056694767321288086,0.12488786881394276,0.04220264706566468,0.10960055418195225,-0.06819310149265467,-0.06739790711628757,0.027680997735115256,-2.4635348098795955,-2.434807724823758,0.013757453584893749,0.014899704686206276,0.011,0.013,0.014,True,999,0.0001337919384241104,0.0029881669906899333,power_5x5_mild_strong_600,power,True,722,1716765723,-0.04999999999999988,0,5
600,600,0.05188510726339368,0.09865326039930811,0.03628040598050575,0.08884410650847485,-0.046768153135914425,-0.052563700527969104,0.02597403902440666,-1.8005729910534303,-2.0237014535389473,0.07177020940348622,0.04300087894959,0.055,0.075,0.048,True,999,0.00012624997179955244,0.0030497090192511678,power_5x5_mild_strong_600,power,True,723,1716765723,-0.04999999999999988,0,9
600,600,0.059341487585616415,0.1136489312325003,0.044689155081414356,0.10026154435564649,-0.05430744364688389,-0.05557238927423214,0.026308235866246362,-2.0642753821650466,-2.1123571172452453,0.0389916137534439,0.03465583020619511,0.039,0.04,0.036,True,999,0.00012004200834780931,0.0030667498940601945,power_5x5_mild_strong_600,power,True,724,1716765723,-0.04999999999999988,0,6
600,600,0.04370286657566114,0.08017563855907495,0.028836011485282143,0.0603942210805144,-0.03647277198341381,-0.031558209595232256,0.02223151978874968,-1.6405883326910902,-1.419525515804024,0.10088289852907802,0.15574586335246385,0.074,0.071,0.116,True,999,0.00012224994134157896,0.0029363329522311687,power_5x5_mild_strong_600,power,True,725,1716765723,-0.04999999999999988,0,3
600,600,0.07318821074640836,0.06406935171489903,0.05765292878334094,0.05523223768824437,0.00911885903150933,0.002420691095096572,0.02388863637806867,0.381723715292558,0.10133232624859763,0.7026663075107416,0.9192866556215883,0.745,0.718,0.933,True,999,0.00013833295088261366,0.0030518330167979,power_5x5_mild_strong_600,power,True,726,1716765723,-0.04999999999999988,0,9
600,600,0.05846728707030602,0.09683301770540353,0.04142397685814103,0.0801891410008011,-0.03836573063509752,-0.03876516414266007,0.025617820918380937,-1.4976188161097606,-1.5132108334337615,0.13423231524482607,0.13022611328643446,0.122,0.133,0.135,True,999,0.0001206669257953763,0.0029541660333052278,power_5x5_mild_strong_600,power,True,727,1716765723,-0.04999999999999988,0,4
600,600,0.09508549670124145,0.10871781384460821,0.07807789716719071,0.0985680084404521,-0.013632317143366768,-0.02049011127326139,0.02859732103187096,-0.4766990980789393,-0.7165045722438722,0.6335764052157367,0.4736798452808577,0.636,0.642,0.469,True,999,0.00011987495236098766,0.0030010840855538845,power_5x5_mild_strong_600,power,True,728,1716765723,-0.04999999999999988,0,7
600,600,0.0518785530755308,0.10674696863835953,0.0363967683761075,0.08809448814190546,-0.05486841556282873,-0.051697719765797956,0.025980702004243628,-2.111891185768062,-1.9898507652854711,0.034695783576895005,0.046607377310206234,0.028,0.033,0.043,True,999,0.00013262499123811722,0.00299370801076293,power_5x5_mild_strong_600,power,True,729,1716765723,-0.04999999999999988,0,2
600,600,0.05225004537477196,0.09979195822449005,0.03678892986226856,0.08330443697172996,-0.04754191284971809,-0.046515507109461396,0.025146782250077358,-1.8905763917199323,-1.8497598081089799,0.05868091417296002,0.06434817608043737,0.042,0.051,0.06,True,999,0.0001319580478593707,0.002916750032454729,power_5x5_mild_strong_600,power,True,730,1716765723,-0.04999999999999988,0,3
600,600,0.05127591699446976,0.15144699230047243,0.03525996692201261,0.13259074663517367,-0.10017107530600267,-0.09733077971316106,0.028022154523877622,-3.574709975303544,-3.473351045517421,0.0003506163350483329,0.0005140025837675036,0.001,0.001,0.001,True,999,0.00012104201596230268,0.002947125001810491,power_5x5_mild_strong_600,power,True,731,1716765723,-0.04999999999999988,0,1
600,600,0.07168011121204776,0.15801549073908727,0.056878310953038635,0.14450978455823815,-0.08633537952703951,-0.08763147360519952,0.029022098588265235,-2.97481518314283,-3.0194740514261893,0.0029316511594434927,0.002532139828825206,0.003,0.003,0.003,True,999,0.00012058299034833908,0.002975874929688871,power_5x5_mild_strong_600,power,True,732,1716765723,-0.04999999999999988,0,6
600,600,0.04996777225024651,0.11027099758723352,0.03358591794471977,0.09350778844390106,-0.06030322533698701,-0.059921870499181296,0.025676888084955603,-2.348541035715282,-2.333688969664912,0.01884712229761128,0.019612014081087443,0.01,0.016,0.02,True,999,0.00012020801659673452,0.003050958039239049,power_5x5_mild_strong_600,power,True,733,1716765723,-0.04999999999999988,0,4
600,600,0.045522824834319575,0.1263288536901453,0.02990236266850843,0.11413705798844376,-0.08080602885582572,-0.08423469531993533,0.026346920190926004,-3.0670009348438256,-3.1971363145870133,0.002162181809730049,0.0013879931695676552,0.002,0.002,0.002,True,999,0.00014604197349399328,0.0030723330564796925,power_5x5_mild_strong_600,power,True,734,1716765723,-0.04999999999999988,1,6
600,600,0.06844982600227034,0.13507175567836982,0.053854980508049266,0.1193764499926715,-0.06662192967609948,-0.06552146948462223,0.028406118407299008,-2.3453373220813174,-2.3065970698688054,0.019009872210703393,0.02107729305218083,0.017,0.02,0.023,True,999,0.00012916699051856995,0.002943458966910839,power_5x5_mild_strong_600,power,True,735,1716765723,-0.04999999999999988,0,5
600,600,0.05587150231040827,0.11082137682813387,0.04128526489444084,0.09686682400706559,-0.054949874517725594,-0.055581559112624745,0.02652713783120218,-2.07145885347237,-2.0952716220763064,0.03831593584418064,0.03614685361287235,0.022,0.023,0.024,True,999,0.00011979206465184689,0.002949916059151292,power_5x5_mild_strong_600,power,True,736,1716765723,-0.04999999999999988,0,5
600,600,0.051958153012822805,0.14412720500555853,0.03759576173649748,0.13148656659154767,-0.09216905199273573,-0.09389080485505019,0.028337513353692917,-3.252545515985592,-3.3133043003159073,0.001143762759203057,0.0009220060568372137,0.002,0.002,0.002,True,999,0.0001287501072511077,0.0029078751103952527,power_5x5_mild_strong_600,power,True,737,1716765723,-0.04999999999999988,0,5
600,600,0.07730132837908599,0.1161033436682758,0.06215491722639399,0.10057996181541284,-0.038802015289189806,-0.03842504458901885,0.027061776414688387,-1.4338310499132327,-1.4199010441961526,0.15162048194543612,0.15563649190820766,0.144,0.147,0.157,True,999,0.00011974992230534554,0.0029160829726606607,power_5x5_mild_strong_600,power,True,738,1716765723,-0.04999999999999988,1,2
600,600,0.06489431844383886,0.11105750611820114,0.048735651776496525,0.10020523293860606,-0.04616318767436228,-0.051469581162109534,0.026878128647955225,-1.7175000640483273,-1.9149242804902313,0.08588784274733824,0.05550216081785507,0.078,0.084,0.059,True,999,0.00011833407916128635,0.003032625070773065,power_5x5_mild_strong_600,power,True,739,1716765723,-0.04999999999999988,0,8
600,600,0.07385219657359898,0.14596232100835738,0.05848513208263739,0.13579077282969365,-0.0721101244347584,-0.07730564074705626,0.0299101901112777,-2.410888201194319,-2.584592089165893,0.015913725702267924,0.009749426508845487,0.011,0.022,0.013,True,999,0.0001163750421255827,0.0029334999853745103,power_5x5_mild_strong_600,power,True,740,1716765723,-0.04999999999999988,0,8
600,600,0.06811954922332131,0.11023144181254652,0.052783148160074234,0.0954434714322474,-0.04211189258922521,-0.04266032327217317,0.02648045017250094,-1.5903012341141012,-1.6110120105312442,0.11176692059465952,0.10717710467691209,0.1,0.103,0.106,True,999,0.0001243329606950283,0.0028942920034751296,power_5x5_mild_strong_600,power,True,741,1716765723,-0.04999999999999988,0,4
600,600,0.06417735275256464,0.12271374330676854,0.049344430782525706,0.11376731790534222,-0.0585363905542039,-0.06442288712281652,0.027271329877968296,-2.1464442994213395,-2.3622935665804063,0.03183754821002709,0.018162253485342623,0.019,0.021,0.01,True,999,0.00012520793825387955,0.003046458004973829,power_5x5_mild_strong_600,power,True,742,1716765723,-0.04999999999999988,0,9
600,600,0.08255024043718717,0.10072607001511102,0.06536955640592623,0.09043265824294622,-0.018175829577923852,-0.025063101837019985,0.02769413504561862,-0.6563060932570768,-0.9049967365196739,0.5116271978202126,0.36546711610304383,0.52,0.521,0.385,True,999,0.0001276669790968299,0.0029438749188557267,power_5x5_mild_strong_600,power,True,743,1716765723,-0.04999999999999988,0,8
600,600,0.06984263154115578,0.12478383126214998,0.0545210404440013,0.11038142825935893,-0.054941199720994205,-0.055860387815357626,0.0274627798386014,-2.000569499660388,-2.0340398220299916,0.0454388032339659,0.041947580560464416,0.046,0.046,0.046,True,999,0.00012025004252791405,0.0029630420031026006,power_5x5_mild_strong_600,power,True,744,1716765723,-0.04999999999999988,0,5
600,600,0.07030368587547764,0.08547413443832802,0.05580361185161564,0.0713372421839722,-0.01517044856285038,-0.015533630332356552,0.025031680849937444,-0.6060499354316549,-0.6205588200600349,0.5444815944751895,0.5348899414827717,0.537,0.537,0.529,True,999,0.00012070790398865938,0.0029969579773023725,power_5x5_mild_strong_600,power,True,745,1716765723,-0.04999999999999988,1,5
600,600,0.0652079561339387,0.12362167195616702,0.050012709015277323,0.1092954825542165,-0.05841371582222832,-0.05928277353893918,0.027581741203283047,-2.11784003742575,-2.149348480286762,0.03418861726987457,0.031606786153358254,0.021,0.026,0.025,True,999,0.00011770892888307571,0.002884874935261905,power_5x5_mild_strong_600,power,True,746,1716765723,-0.04999999999999988,0,5
600,600,0.05541854589126216,0.09888393182056443,0.0411186809432138,0.08689521241416287,-0.04346538592930227,-0.04577653147094907,0.025867944456422882,-1.6802798537983574,-1.7696238504015722,0.09290287890083923,0.07678982298537002,0.062,0.068,0.058,True,999,0.0001181670231744647,0.0029482078971341252,power_5x5_mild_strong_600,power,True,747,1716765723,-0.04999999999999988,0,7
600,600,0.047412405284875336,0.0947390463877833,0.03188610097095079,0.08143920454776321,-0.04732664110290796,-0.04955310357681242,0.025640039757544343,-1.8458099734023439,-1.932645348657538,0.06491980196310823,0.053279901908656155,0.031,0.043,0.039,True,999,0.00011837494093924761,0.0029445830732584,power_5x5_mild_strong_600,power,True,748,1716765723,-0.04999999999999988,0,6
600,600,0.06336642070866061,0.11842926236622509,0.048821243531278924,0.11126699136610796,-0.055062841657564476,-0.062445747834829035,0.026978574674361183,-2.040984089122132,-2.3146422147413785,0.04125240861794575,0.020632520581240453,0.033,0.037,0.02,True,999,0.00012149999383836985,0.0028950419509783387,power_5x5_mild_strong_600,power,True,749,1716765723,-0.04999999999999988,0,10
600,600,0.06298898801691721,0.11364522896548573,0.049199786503209,0.10208827639581841,-0.05065624094856852,-0.052888489892609414,0.027044384978769282,-1.873077941625787,-1.9556181415894127,0.061057622885851426,0.050510154171457336,0.048,0.049,0.047,True,999,0.00011887494474649429,0.0030118341092020273,power_5x5_mild_strong_600,power,True,750,1716765723,-0.04999999999999988,1,6
600,600,0.08144282152641158,0.15419213820322886,0.06630955680509487,0.13968827360656633,-0.07274931667681728,-0.07337871680147146,0.028967450203597825,-2.5114159570655494,-2.533143797114654,0.012024791463269156,0.011304456813924155,0.008,0.011,0.009,True,999,0.0001223749713972211,0.0028992920415475965,power_5x5_mild_strong_600,power,True,751,1716765723,-0.04999999999999988,0,4
600,600,0.04560618143185513,0.09564233748176376,0.030313864242316413,0.07988000246155025,-0.05003615604990863,-0.049566138219233835,0.02452725017865857,-2.0400230635493593,-2.0208599764828867,0.041348028652615956,0.043294262068429096,0.017,0.023,0.027,True,999,0.0001218749675899744,0.0029035410843789577,power_5x5_mild_strong_600,power,True,752,1716765723,-0.04999999999999988,0,3
600,600,0.0520074307031112,0.13678598524488184,0.03732406627341334,0.12700245550837508,-0.08477855454177063,-0.08967838923496174,0.026958008652407946,-3.144837426046231,-3.3265954615290725,0.0016617914942892123,0.0008791390125975862,0.001,0.001,0.001,True,999,0.00012216600589454174,0.0029869580175727606,power_5x5_mild_strong_600,power,True,753,1716765723,-0.04999999999999988,0,9
600,600,0.09886712043867973,0.12853750116909185,0.08454363205112259,0.116508007534037,-0.029670380730412116,-0.03196437548291442,0.030111307999693363,-0.9853567547020629,-1.0615405841300527,0.3244488638351788,0.2884442993505558,0.312,0.317,0.286,True,999,0.00011654198169708252,0.0029064170084893703,power_5x5_mild_strong_600,power,True,754,1716765723,-0.04999999999999988,1,6
600,600,0.04759297276223151,0.10757803621818962,0.0320088276956767,0.09259434351127993,-0.05998506345595811,-0.06058551581560323,0.025128052999199454,-2.3871751407826607,-2.4110708385378445,0.01697840065787444,0.015905758766176652,0.014,0.018,0.017,True,999,0.0001216670498251915,0.002969583962112665,power_5x5_mild_strong_600,power,True,755,1716765723,-0.04999999999999988,0,5
600,600,0.05300438398621976,0.09045286730833446,0.03858124222392689,0.07607904801815835,-0.0374484833221147,-0.037497805794231454,0.024779858551557274,-1.511246855755812,-1.5132372816500572,0.13072556850332928,0.13021939741334407,0.113,0.118,0.128,True,999,0.00013149995356798172,0.0029862079536542296,power_5x5_mild_strong_600,power,True,756,1716765723,-0.04999999999999988,1,7
600,600,0.05626026457497524,0.10536753865905346,0.0417524916703087,0.0862015530261715,-0.04910727408407822,-0.044449061355862796,0.026366459483335526,-1.862490264008167,-1.685818355094512,0.06253401651890989,0.09183079129012389,0.048,0.052,0.086,True,999,0.00011329201515763998,0.002888708026148379,power_5x5_mild_strong_600,power,True,757,1716765723,-0.04999999999999988,0,3
600,600,0.06279600002962571,0.11570121606852074,0.04729892769705657,0.10789578089955398,-0.05290521603889503,-0.060596853202497414,0.026552883578292236,-1.9924471059010178,-2.2821194927407857,0.046322023252993866,0.02248228645959512,0.044,0.043,0.022,True,999,0.00014520809054374695,0.002942000050097704,power_5x5_mild_strong_600,power,True,758,1716765723,-0.04999999999999988,0,9
600,600,0.06450153063011976,0.09128122258552718,0.048418254477041955,0.07446433348383152,-0.026779691955407414,-0.02604607900678957,0.025952746101674237,-1.0318635203570936,-1.0035962631757611,0.30213605733632365,0.31557325647748624,0.3,0.306,0.32,True,999,0.00012258405331522226,0.002898292033933103,power_5x5_mild_strong_600,power,True,759,1716765723,-0.04999999999999988,0,4
600,600,0.06626304672268701,0.12259090465718203,0.049521965721737615,0.11209034286628139,-0.05632785793449502,-0.06256837714454377,0.028678679875651363,-1.9641021894567132,-2.1817035308401795,0.049518242371978285,0.029131420176342227,0.048,0.053,0.042,True,999,0.00012287497520446777,0.002979791024699807,power_5x5_mild_strong_600,power,True,760,1716765723,-0.04999999999999988,0,8
600,600,0.0580761277456634,0.1016203774176615,0.043600779026178316,0.08724796014831782,-0.0435442496719981,-0.0436471811221395,0.026215468746079478,-1.6610135830018353,-1.66493994614027,0.09671071874581533,0.0959247376130701,0.063,0.076,0.084,True,999,0.00012179103214293718,0.0030298749916255474,power_5x5_mild_strong_600,power,True,761,1716765723,-0.04999999999999988,1,6
600,600,0.06564082303105034,0.11690211075932294,0.04957816051057762,0.10451138163909945,-0.0512612877282726,-0.054933221128521836,0.02665285896668894,-1.923294149882366,-2.06106298754584,0.05444311887813098,0.03929703131329073,0.04,0.043,0.029,True,999,0.00011962489224970341,0.00298099999781698,power_5x5_mild_strong_600,power,True,762,1716765723,-0.04999999999999988,0,7
600,600,0.08074442941547866,0.126531128964825,0.06558336520197372,0.11185182019949025,-0.04578669954934633,-0.04626845499751653,0.028974234252365862,-1.5802557248120428,-1.5968827543298585,0.11404831486864259,0.11029184467645779,0.087,0.097,0.093,True,999,0.00012204202357679605,0.00293554097879678,power_5x5_mild_strong_600,power,True,763,1716765723,-0.04999999999999988,0,4
600,600,0.06037328002677089,0.09551357747063044,0.04508722941272936,0.08048348316822285,-0.03514029744385955,-0.03539625375549349,0.02497367806909156,-1.4070933943587032,-1.4173424378086035,0.1593996966139798,0.15638283328926644,0.161,0.159,0.163,True,999,0.00012108299415558577,0.0029334579594433308,power_5x5_mild_strong_600,power,True,764,1716765723,-0.04999999999999988,0,5
600,600,0.0797324749277093,0.0756100072555615,0.06527390761925744,0.060782776281342876,0.0041224676721478,0.004491131337914567,0.025225000938351515,0.16342785010089314,0.17804286108415374,0.8701815764441296,0.8586893151704114,0.862,0.855,0.846,True,999,0.00012199999764561653,0.0028773749945685267,power_5x5_mild_strong_600,power,True,765,1716765723,-0.04999999999999988,0,6
600,600,0.0647218951262234,0.13528557192433832,0.050155095760715085,0.12075697531690821,-0.07056367679811493,-0.07060187955619313,0.02821051741481909,-2.501325153329076,-2.5026793560016625,0.01237295215931746,0.01232571553480772,0.003,0.007,0.008,True,999,0.0001228750916197896,0.002990958048030734,power_5x5_mild_strong_600,power,True,766,1716765723,-0.04999999999999988,0,4
600,600,0.056030982817241615,0.10817588026029534,0.04124880291544741,0.0990920034442695,-0.05214489744305373,-0.05784320052882208,0.02605480824800399,-2.0013541050354284,-2.220058577220707,0.04535424287880951,0.026414791561894402,0.037,0.039,0.024,True,999,0.00012045807670801878,0.0029744580388069153,power_5x5_mild_strong_600,power,True,767,1716765723,-0.04999999999999988,0,9
600,600,0.038768661578487684,0.11613031537888241,0.024874929401448753,0.09873745740395634,-0.07736165380039473,-0.07386252800250759,0.025101684047897158,-3.0819308239550383,-2.942532774357634,0.0020566262561723453,0.0032553932502344266,0.002,0.002,0.003,True,999,0.00011766701936721802,0.002883541979826987,power_5x5_mild_strong_600,power,True,768,1716765723,-0.04999999999999988,1,4
600,600,0.06667267609233285,0.11738044356121163,0.049991326351118914,0.10779823016224555,-0.050707767468878784,-0.05780690381112663,0.026792506700689958,-1.8926100508383175,-2.157577282966136,0.05840974615938962,0.03096071249522635,0.059,0.059,0.04,True,999,0.00011462497059255838,0.0030070419888943434,power_5x5_mild_strong_600,power,True,769,1716765723,-0.04999999999999988,0,8
600,600,0.06800320857249931,0.10316795768933268,0.05255583890777871,0.09079763327136448,-0.03516474911683337,-0.03824179436358577,0.02693428665926821,-1.3055756613005758,-1.419818347051957,0.19169690162073627,0.1556605721807687,0.16,0.167,0.144,True,999,0.00012254202738404274,0.002905916073359549,power_5x5_mild_strong_600,power,True,770,1716765723,-0.04999999999999988,0,7
600,600,0.05549884669137817,0.14461536418025572,0.0388709474461848,0.13363154402151167,-0.08911651748887756,-0.09476059657532687,0.028090010904194284,-3.172534100923793,-3.373462434689821,0.0015111481135677539,0.0007422917417673724,0.001,0.002,0.002,True,999,0.00011962500866502523,0.002970541943795979,power_5x5_mild_strong_600,power,True,771,1716765723,-0.04999999999999988,0,7
600,600,0.07224921379944926,0.09226153123321867,0.05730567759121641,0.07723521355723051,-0.02001231743376941,-0.0199295359660141,0.026171055094540718,-0.7646736962448251,-0.7615106037574848,0.44446587305260177,0.44635214778473264,0.402,0.395,0.398,True,999,0.00011912500485777855,0.003115916973911226,power_5x5_mild_strong_600,power,True,772,1716765723,-0.04999999999999988,0,5
600,600,0.06198707453257757,0.12295891747028181,0.04677775592483613,0.10813999083183035,-0.060971842937704246,-0.06136223490699422,0.027158465461689558,-2.2450400602976894,-2.2594146563086706,0.024765560941837565,0.02385760356631109,0.017,0.02,0.02,True,999,0.00014274998102337122,0.003363374969922006,power_5x5_mild_strong_600,power,True,773,1716765723,-0.04999999999999988,0,5
600,600,0.05275586686290745,0.14639283747578924,0.03509189374381094,0.133164804292619,-0.09363697061288179,-0.09807291054880807,0.028432726974581848,-3.293281390019006,-3.449296672685769,0.0009902531480873364,0.0005620488300763049,0.001,0.001,0.001,True,999,0.00014000001829117537,0.0034197079949080944,power_5x5_mild_strong_600,power,True,774,1716765723,-0.04999999999999988,0,5
600,600,0.07206691368875395,0.1632002582639947,0.056269245691737524,0.14731767971062482,-0.09113334457524075,-0.09104843401888729,0.03101669343310017,-2.9382030928540477,-2.93546551682788,0.0033012069005901043,0.0033304762627003343,0.003,0.003,0.004,True,999,0.00013624993152916431,0.0031123340595513582,power_5x5_mild_strong_600,power,True,775,1716765723,-0.04999999999999988,1,5
600,600,0.052007357010071864,0.10889723813875823,0.035805185988351695,0.0946487495697852,-0.05688988112868637,-0.0588435635814335,0.026805171502882374,-2.1223472165648696,-2.195231751272549,0.033808591190365084,0.02814697774632478,0.024,0.033,0.032,True,999,0.00012016692198812962,0.0030710420105606318,power_5x5_mild_strong_600,power,True,776,1716765723,-0.04999999999999988,0,6
600,600,0.11657485400314671,0.110386059081859,0.10101362678358328,0.09801211979197433,0.00618879492128771,0.0030015069916089487,0.0292692481650633,0.2114435904327345,0.10254814113030898,0.8325411453089074,0.9183216031290392,0.825,0.823,0.934,True,999,0.00011837494093924761,0.003038124996237457,power_5x5_mild_strong_600,power,True,777,1716765723,-0.04999999999999988,2,7
600,600,0.05926967601534494,0.14298068738851388,0.04427122143283668,0.12886962303093696,-0.08371101137316894,-0.08459840159810028,0.027594328211774943,-3.0336310683384604,-3.065789496625643,0.0024162972413280977,0.002170960988722652,0.002,0.003,0.003,True,999,0.0001362079055979848,0.0029475410701707006,power_5x5_mild_strong_600,power,True,778,1716765723,-0.04999999999999988,0,5
600,600,0.05416007483009322,0.0980588562077907,0.03810763321109789,0.08013499148870551,-0.04389878137769748,-0.04202735827760762,0.024418811594306325,-1.7977443827746824,-1.7211058005544806,0.07221752460644382,0.08523162691299499,0.054,0.056,0.069,True,999,0.0001217089593410492,0.003009250038303435,power_5x5_mild_strong_600,power,True,779,1716765723,-0.04999999999999988,0,4
600,600,0.07393681606008418,0.12975952092570353,0.06024674367256466,0.11410045943910063,-0.055822704865619355,-0.05385371576653597,0.027838540550748695,-2.005231012877866,-1.9345021219184428,0.0449383560558369,0.05305142142406189,0.034,0.035,0.044,True,999,0.0001212910283356905,0.002915541990660131,power_5x5_mild_strong_600,power,True,780,1716765723,-0.04999999999999988,1,3
600,600,0.05513112886412097,0.12062278171423241,0.03752319311934116,0.10462994804771597,-0.06549165285011144,-0.06710675492837481,0.02666343966455913,-2.4562342171165,-2.516807875225966,0.014040161645974308,0.01184233853658356,0.008,0.012,0.011,True,999,0.00013091601431369781,0.0029129169415682554,power_5x5_mild_strong_600,power,True,781,1716765723,-0.04999999999999988,0,4
600,600,0.06822545425647641,0.1366219181879995,0.05358819522655267,0.12730991621566545,-0.0683964639315231,-0.07372172098911278,0.02841260861812666,-2.4072574556877386,-2.594683296417909,0.01607283456183668,0.00946781149943907,0.017,0.023,0.012,True,999,0.00012183305807411671,0.003094000043347478,power_5x5_mild_strong_600,power,True,782,1716765723,-0.04999999999999988,1,8
600,600,0.06230627650468379,0.13233331207692078,0.047820048407288596,0.12141469959664164,-0.070027035572237,-0.07359465118935304,0.026915024832570102,-2.601782313330682,-2.734333393603097,0.009274069870980629,0.00625067191918297,0.006,0.008,0.007,True,999,0.00012445892207324505,0.0028007500804960728,power_5x5_mild_strong_600,power,True,783,1716765723,-0.04999999999999988,0,7
600,600,0.0766264450235592,0.09561057157694458,0.06269679344325141,0.08050012207070267,-0.018984126553385383,-0.017803328627451265,0.026135369897620858,-0.726376807665291,-0.6811967344327478,0.46760780496457544,0.4957470140594611,0.452,0.446,0.49,True,999,0.00012154201976954937,0.0029801250202581286,power_5x5_mild_strong_600,power,True,784,1716765723,-0.04999999999999988,1,5
600,600,0.05589404067761583,0.11970276800268248,0.04124605991808039,0.11248838212515011,-0.06380872732506665,-0.07124232220706972,0.026365089299589816,-2.4201976560746705,-2.7021460613136665,0.015512072874609534,0.006889349045213676,0.01,0.01,0.007,True,999,0.0001212910283356905,0.0029977080412209034,power_5x5_mild_strong_600,power,True,785,1716765723,-0.04999999999999988,0,10
600,600,0.07787860564723337,0.16973202845596502,0.06198604193116353,0.15852779767038783,-0.09185342280873166,-0.0965417557392243,0.029149975318823712,-3.1510634847576333,-3.311898369837798,0.0016267712681646452,0.0009266520273649528,0.002,0.002,0.002,True,999,0.00011895806528627872,0.0029213749803602695,power_5x5_mild_strong_600,power,True,786,1716765723,-0.04999999999999988,0,7
600,600,0.06669631711660517,0.09203976899392974,0.050420476983276785,0.07782237754412336,-0.025343451877324563,-0.02740190056084657,0.02601229636872843,-0.9742873723287291,-1.0534210502763877,0.3299138727759823,0.29214806067767496,0.307,0.314,0.285,True,999,0.00011958403047174215,0.0030534169636666775,power_5x5_mild_strong_600,power,True,787,1716765723,-0.04999999999999988,0,4
600,600,0.07580779737702792,0.11660749520728259,0.05839914462194429,0.10452494100888998,-0.040799697830254666,-0.046125796386945694,0.02744616720101803,-1.4865353523293166,-1.6805915393984339,0.13713757313060873,0.09284228031376361,0.125,0.127,0.097,True,999,0.00012162502389401197,0.0029275419656187296,power_5x5_mild_strong_600,power,True,788,1716765723,-0.04999999999999988,0,6
600,600,0.06310753417123771,0.10814076688700769,0.04962941308826885,0.09708580069604977,-0.04503323271576998,-0.047456387607780925,0.025489186629476388,-1.7667583265953384,-1.8618243217263382,0.07726871060437075,0.062627857044395,0.061,0.064,0.051,True,999,0.00012287497520446777,0.002929750015027821,power_5x5_mild_strong_600,power,True,789,1716765723,-0.04999999999999988,1,7
600,600,0.08503316033124109,0.13362031879991826,0.07059857912292955,0.12204208065998046,-0.04858715846867717,-0.051443501537050906,0.028847828734515954,-1.6842570342406198,-1.783271178239477,0.09213200507492895,0.07454217072680253,0.096,0.093,0.081,True,999,0.00012541702017188072,0.0030545409535989165,power_5x5_mild_strong_600,power,True,790,1716765723,-0.04999999999999988,0,7
600,600,0.0627799456287943,0.11456237086933135,0.04729933434771283,0.10498477910820725,-0.051782425240537056,-0.05768544476049442,0.026870167163876142,-1.927134465696685,-2.1468212091380616,0.0539628744831563,0.03180751816869313,0.043,0.044,0.034,True,999,0.00012937502469867468,0.0029905829578638077,power_5x5_mild_strong_600,power,True,791,1716765723,-0.04999999999999988,0,8
600,600,0.05569055999701611,0.13242907037273804,0.041973732513042705,0.11775532017787782,-0.07673851037572194,-0.07578158766483511,0.027075291983922552,-2.834263446587747,-2.7989204219786297,0.004593144935216519,0.005127377209726439,0.002,0.002,0.003,True,999,0.00012554205022752285,0.0029070830205455422,power_5x5_mild_strong_600,power,True,792,1716765723,-0.04999999999999988,1,4
600,600,0.08830621576047903,0.12099304469102568,0.07303498645421769,0.10871080729498317,-0.03268682893054664,-0.03567582084076548,0.02908311129666287,-1.1239110079084722,-1.2266851533473686,0.26105078095453327,0.21994094999185576,0.257,0.252,0.23,True,999,0.0001189160393550992,0.0029836249304935336,power_5x5_mild_strong_600,power,True,793,1716765723,-0.04999999999999988,0,8
600,600,0.03678441935144494,0.12744545478550395,0.02192171986075664,0.11400629313169475,-0.09066103543405901,-0.09208457327093811,0.0255698064201693,-3.5456285411119173,-3.6013011501840073,0.0003916779062372756,0.00031662855173049647,0.001,0.001,0.001,True,999,0.00011866691056638956,0.002957249991595745,power_5x5_mild_strong_600,power,True,794,1716765723,-0.04999999999999988,0,6
600,600,0.06288783402804632,0.14093410338390439,0.048172089201898416,0.12660820728234512,-0.07804626935585807,-0.0784361180804467,0.02847635083445395,-2.740739844426581,-2.7544301071591555,0.006130102330510668,0.005879444621013037,0.002,0.007,0.006,True,999,0.00011708401143550873,0.0030207079835236073,power_5x5_mild_strong_600,power,True,795,1716765723,-0.04999999999999988,1,5
600,600,0.06825626341728053,0.10367134837555042,0.053918819146360875,0.08769573972881517,-0.03541508495826989,-0.033776920582454295,0.02667117816780073,-1.327841040071691,-1.2664202672243443,0.18423062587971872,0.20536265864766967,0.162,0.169,0.189,True,999,0.00012500002048909664,0.00288641604129225,power_5x5_mild_strong_600,power,True,796,1716765723,-0.04999999999999988,0,4
600,600,0.08630573226586735,0.14630176653893207,0.06878911579474334,0.13316381689185164,-0.05999603427306471,-0.0643747010971083,0.03064307015236349,-1.9578989303210284,-2.100791493052895,0.05024187345720994,0.03565927354296745,0.036,0.04,0.034,True,999,0.00012324994895607233,0.0029349999967962503,power_5x5_mild_strong_600,power,True,797,1716765723,-0.04999999999999988,0,5
600,600,0.06716957326872519,0.11558384676373612,0.05233433673140553,0.10045173863295531,-0.04841427349501093,-0.04811740190154978,0.02739682374925184,-1.7671491388242786,-1.7563131530115343,0.07720325493396366,0.07903495262930214,0.065,0.069,0.075,True,999,0.00012091698590666056,0.003038457944057882,power_5x5_mild_strong_600,power,True,798,1716765723,-0.04999999999999988,0,5
600,600,0.04684341594923136,0.10888503097885682,0.0312806651346591,0.09524791811702471,-0.06204161502962546,-0.06396725298236561,0.02593749630341913,-2.391966221560368,-2.4662076953793464,0.01675838462308804,0.013655212981576835,0.011,0.017,0.015,True,999,0.0001193750649690628,0.0029304169584065676,power_5x5_mild_strong_600,power,True,799,1716765723,-0.04999999999999988,0,5
600,600,0.0666827745726758,0.11525196443880964,0.050736598545768175,0.10014109462389342,-0.048569189866133844,-0.04940449607812525,0.02701516397591988,-1.7978491601763462,-1.8287690617818284,0.07220091451966225,0.0674342115623874,0.055,0.067,0.056,True,999,0.00012662506196647882,0.002932000090368092,power_5x5_mild_strong_600,power,True,800,1716765723,-0.04999999999999988,0,5
600,600,0.06084006260915387,0.12147184317617687,0.04389525656051774,0.10827283050099368,-0.06063178056702301,-0.06437757394047594,0.027564797988858924,-2.1996091025781874,-2.33549957327806,0.027834640808677653,0.01951733816918674,0.015,0.022,0.017,True,999,0.00012083305045962334,0.0030085829785093665,power_5x5_mild_strong_600,power,True,801,1716765723,-0.04999999999999988,0,4
600,600,0.06992222146912996,0.06451458116543157,0.05468692364365779,0.05208336290576199,0.005407640303698391,0.0026035607378958048,0.023340125274748692,0.2316885723637838,0.11154870452698706,0.81677990783752,0.9111812459283336,0.813,0.807,0.894,True,999,0.0001212910283356905,0.0029405830428004265,power_5x5_mild_strong_600,power,True,802,1716765723,-0.04999999999999988,0,7
600,600,0.04761239930525618,0.1000744037273234,0.0315238707911476,0.08285235906279809,-0.05246200442206722,-0.051328488271650485,0.025287683865774346,-2.07460693911442,-2.0297821083219527,0.0380229784667753,0.042378692394553615,0.025,0.031,0.042,True,999,0.00012500002048909664,0.0029328750679269433,power_5x5_mild_strong_600,power,True,803,1716765723,-0.04999999999999988,0,5
600,600,0.0676447840208183,0.09940401179886932,0.05333055113658247,0.0905187715221416,-0.031759227778051013,-0.037188220385559134,0.025945761117048907,-1.224062290359333,-1.4333062043465292,0.22092873014476033,0.1517703496920259,0.219,0.218,0.148,True,999,0.00011691695544868708,0.0029070409946143627,power_5x5_mild_strong_600,power,True,804,1716765723,-0.04999999999999988,1,8
600,600,0.06903741449122336,0.10276660815214733,0.05422484495113622,0.08940204722222234,-0.03372919366092397,-0.035177202271086117,0.026428696705808587,-1.2762337105147852,-1.3310229657807815,0.2018729153706923,0.18318145435537658,0.177,0.18,0.165,True,999,0.0001236669486388564,0.0029321659822016954,power_5x5_mild_strong_600,power,True,805,1716765723,-0.04999999999999988,0,6
600,600,0.05850925467066137,0.08561389298776756,0.04350966899630748,0.07205661023618859,-0.02710463831710619,-0.028546941239881107,0.025080317933778976,-1.0807135056530042,-1.138220867664248,0.279824573531801,0.25502826716193205,0.262,0.262,0.243,True,999,0.00012095796409994364,0.0029154589865356684,power_5x5_mild_strong_600,power,True,806,1716765723,-0.04999999999999988,0,6
600,600,0.07641741213006759,0.11228987334266533,0.06272757334784274,0.09924387570589488,-0.03587246121259774,-0.036516302358052144,0.027556385260934978,-1.3017839920917333,-1.3251484914394451,0.19299023754439149,0.1851219054646066,0.172,0.172,0.173,True,999,0.0001384170027449727,0.0029397079488262534,power_5x5_mild_strong_600,power,True,807,1716765723,-0.04999999999999988,1,5
600,600,0.04895331295509486,0.10163282147637981,0.03531490259297243,0.09303069909918804,-0.052679508521284946,-0.05771579650621561,0.024273397340833145,-2.170256918781885,-2.3777387110590023,0.029987388305351498,0.01741916416878924,0.018,0.025,0.018,True,999,0.00011854199692606926,0.002957249991595745,power_5x5_mild_strong_600,power,True,808,1716765723,-0.04999999999999988,2,8
600,600,0.06093518190464031,0.10712578803698264,0.04548781091352794,0.09435794700192446,-0.04619060613234233,-0.04887013608839652,0.02615958413983655,-1.7657240224244226,-1.8681541658751257,0.07744216053605335,0.061740585353459485,0.054,0.06,0.052,True,999,0.00011812499724328518,0.003057708963751793,power_5x5_mild_strong_600,power,True,809,1716765723,-0.04999999999999988,0,6
600,600,0.08790348803369308,0.1461020206790864,0.07256830823473592,0.1317468653626861,-0.05819853264539332,-0.05917855712795017,0.029324147663995288,-1.9846623783323298,-2.0180827693965906,0.04718204718378846,0.043582641873815775,0.042,0.045,0.051,True,999,0.00011920789256691933,0.0029065830167382956,power_5x5_mild_strong_600,power,True,810,1716765723,-0.04999999999999988,0,5
600,600,0.0573973435003966,0.10351673784310556,0.04044287972772054,0.0970578719515629,-0.04611939434270895,-0.056614992223842364,0.026399301834793238,-1.7469929557729975,-2.144563995598779,0.08063856002423636,0.03198772358913536,0.06,0.074,0.034,True,999,0.00011754094157367945,0.0029860000358894467,power_5x5_mild_strong_600,power,True,811,1716765723,-0.04999999999999988,0,11
600,600,0.07490515485584659,0.08472187632945682,0.0601965020505304,0.07544522428833034,-0.009816721473610235,-0.015248722237799939,0.025961694337638105,-0.3781232975760904,-0.5873546633546571,0.7053390019608654,0.5569655356741741,0.674,0.667,0.528,True,999,0.00012708292342722416,0.003016083035618067,power_5x5_mild_strong_600,power,True,812,1716765723,-0.04999999999999988,0,8
600,600,0.05638285692206613,0.17483929696247918,0.042500045303086154,0.16015518396511652,-0.11845644004041306,-0.11765513866203037,0.02969817691397709,-3.988677163030265,-3.961695662424901,6.6442771997018e-05,7.441936060773534e-05,0.001,0.001,0.001,True,999,0.00011620798613876104,0.003029832965694368,power_5x5_mild_strong_600,power,True,813,1716765723,-0.04999999999999988,1,5
600,600,0.07090106223329773,0.12364594412364449,0.05486218616977112,0.1041537227426943,-0.05274488189034676,-0.04929153657292318,0.027676674304771994,-1.90575216189369,-1.7809775853171912,0.056682368199022067,0.07491611257415114,0.046,0.051,0.067,True,999,0.00016212498303502798,0.0030167499789968133,power_5x5_mild_strong_600,power,True,814,1716765723,-0.04999999999999988,0,2
600,600,0.0670452525435451,0.07619923499180514,0.052375147080738316,0.06017408342017916,-0.009153982448260045,-0.007798936339440843,0.02484302985096946,-0.36847286756783515,-0.31392855002895315,0.7125206727270397,0.7535753059311703,0.692,0.681,0.734,True,999,0.0001925000688061118,0.0029520830139517784,power_5x5_mild_strong_600,power,True,815,1716765723,-0.04999999999999988,0,4
600,600,0.048153844001682655,0.0933592885839587,0.03202248008267361,0.08050350931452499,-0.045205444582276044,-0.04848102923185138,0.02500782720309981,-1.8076518289710777,-1.9386342059274138,0.07066070623458476,0.05254589533954113,0.056,0.07,0.051,True,999,0.0001258340198546648,0.0029362919740378857,power_5x5_mild_strong_600,power,True,816,1716765723,-0.04999999999999988,0,6
600,600,0.05705404960293392,0.10083504275121224,0.04121648314765025,0.08493910650361158,-0.043780993148278324,-0.04372262335596133,0.025158287622778077,-1.7402215049262504,-1.7379014029704978,0.08182013092801438,0.08222818844652968,0.081,0.074,0.081,True,999,0.00012550002429634333,0.0030233339639380574,power_5x5_mild_strong_600,power,True,817,1716765723,-0.04999999999999988,0,5
600,600,0.037431612406545134,0.14539681291492995,0.02188156797569718,0.13213117657875273,-0.10796520050838482,-0.11024960860305555,0.02700855991679822,-3.9974438045189844,-4.0820246967142,6.403018516343089e-05,4.464505121236206e-05,0.001,0.001,0.001,True,999,0.00011925003491342068,0.002933290903456509,power_5x5_mild_strong_600,power,True,818,1716765723,-0.04999999999999988,0,6
600,600,0.046766676319375255,0.11169716076338393,0.031894100794374936,0.09830715130487988,-0.06493048444400867,-0.06641305051050495,0.025026416543920793,-2.5944778921927214,-2.6537179381615243,0.009473470596191339,0.007961034247156126,0.003,0.004,0.006,True,999,0.00012474996037781239,0.0030176249565556645,power_5x5_mild_strong_600,power,True,819,1716765723,-0.04999999999999988,0,6
600,600,0.04751584277104448,0.13831200148351686,0.03121299135227673,0.12665040277630624,-0.09079615871247237,-0.0954374114240295,0.027352135605642074,-3.319527221623724,-3.4892124256777635,0.0009017001307352027,0.0004844460019340806,0.001,0.002,0.002,True,999,0.00012125005014240742,0.0029844590462744236,power_5x5_mild_strong_600,power,True,820,1716765723,-0.04999999999999988,0,5
600,600,0.07976774749169868,0.10934349588062015,0.06525077382343625,0.09491967549035962,-0.029575748388921463,-0.029668901666923375,0.027840155302795034,-1.0623413579144863,-1.065687362165855,0.28808074535532024,0.28656499241933775,0.269,0.265,0.273,True,999,0.0001426249509677291,0.0029167080065235496,power_5x5_mild_strong_600,power,True,821,1716765723,-0.04999999999999988,0,5
600,600,0.06941251944389326,0.11137785312418791,0.0533394362485069,0.09890719943740578,-0.04196533368029465,-0.04556776318889888,0.028351060245104774,-1.48020332634793,-1.607268398252119,0.13881899300445938,0.10799550347911133,0.132,0.141,0.113,True,999,0.00012916699051856995,0.0030190000543370843,power_5x5_mild_strong_600,power,True,822,1716765723,-0.04999999999999988,0,7
600,600,0.10305393502911775,0.10603364776979507,0.08871957986048074,0.09212238667305428,-0.0029797127406773205,-0.0034028068125735444,0.028718602537766112,-0.10375549216779886,-0.11848789675955566,0.917363387867,0.9056810845267453,0.923,0.923,0.911,True,999,0.0001551249297335744,0.002890625037252903,power_5x5_mild_strong_600,power,True,823,1716765723,-0.04999999999999988,1,5
600,600,0.0714500239843372,0.12633919297669916,0.055278348048091175,0.11742942341328444,-0.05488916899236196,-0.062151075365193265,0.0279808619023648,-1.9616682711165165,-2.221199460619209,0.04980111815195229,0.026337454724508883,0.048,0.053,0.03,True,999,0.00011983292642980814,0.0029366250382736325,power_5x5_mild_strong_600,power,True,824,1716765723,-0.04999999999999988,0,9
600,600,0.058265780758622654,0.0628031845359594,0.03994604798538148,0.04796928538030443,-0.004537403777336746,-0.008023237394922944,0.023546472365838254,-0.19269993852326314,-0.34074052666008836,0.8471939716023585,0.7332989265643274,0.827,0.827,0.7,True,999,0.00012500002048909664,0.0030257079051807523,power_5x5_mild_strong_600,power,True,825,1716765723,-0.04999999999999988,0,6
600,600,0.08979488925741053,0.09631087323889925,0.07435400036945339,0.08016335202273694,-0.006515983981488727,-0.0058093516532835565,0.027086274636329514,-0.2405640520512611,-0.21447584547089224,0.8098930143298219,0.8301760012318553,0.828,0.828,0.841,True,999,0.00011604197788983583,0.002880666055716574,power_5x5_mild_strong_600,power,True,826,1716765723,-0.04999999999999988,0,4
600,600,0.05126157731697378,0.08788254274151219,0.034929297857956954,0.07436996786879035,-0.03662096542453841,-0.0394406700108334,0.023943616303090665,-1.5294667672991127,-1.6472311246376916,0.1261487715106371,0.09951054862561082,0.086,0.103,0.082,True,999,0.00011854199692606926,0.0030014999210834503,power_5x5_mild_strong_600,power,True,827,1716765723,-0.04999999999999988,0,5
600,600,0.06947236476057606,0.11588833037245089,0.05394876022023709,0.10460886976932215,-0.04641596561187483,-0.050660109549085064,0.026940064404112063,-1.7229344709654821,-1.8804747007714069,0.0849003758197624,0.06004341117784387,0.072,0.07,0.056,True,999,0.00011779204942286015,0.002994165988638997,power_5x5_mild_strong_600,power,True,828,1716765723,-0.04999999999999988,0,7
600,600,0.06267003208757571,0.07247062704031865,0.046837882924478436,0.0573487566221047,-0.009800594952742936,-0.010510873697626266,0.023517712083318053,-0.4167325000842597,-0.44693436420977367,0.6768740795920536,0.65492245125466,0.688,0.674,0.655,True,999,0.00011820800136774778,0.0029281669994816184,power_5x5_mild_strong_600,power,True,829,1716765723,-0.04999999999999988,0,5
600,600,0.06941454925017121,0.11534235271985727,0.05446032547820323,0.1028952892580719,-0.04592780346968606,-0.04843496377986867,0.02834340459610897,-1.620405315598222,-1.708861884098352,0.10514523877395009,0.08747653635021915,0.075,0.085,0.068,True,999,0.00012395798694342375,0.0029965409776195884,power_5x5_mild_strong_600,power,True,830,1716765723,-0.04999999999999988,0,7
600,600,0.05870166788512843,0.11354073878964721,0.04526147519516144,0.09686336439671095,-0.05483907090451878,-0.05160188920154951,0.025672331644153914,-2.1361157087189118,-2.0100195773725233,0.0326699836590215,0.044429116860761,0.023,0.024,0.037,True,999,0.00012108404189348221,0.0028904170030727983,power_5x5_mild_strong_600,power,True,831,1716765723,-0.04999999999999988,1,4
600,600,0.059514361877739286,0.12352580313049721,0.044969834084781724,0.10646681454755935,-0.06401144125275793,-0.06149698046277763,0.026477113346710553,-2.417614050842538,-2.3226467197345686,0.015622637291779031,0.02019813871053102,0.009,0.009,0.015,True,999,0.00012770900502800941,0.002979750046506524,power_5x5_mild_strong_600,power,True,832,1716765723,-0.04999999999999988,1,3
600,600,0.048988683775679,0.08913686267748738,0.03420305769827792,0.07668448664969674,-0.040148178901808385,-0.04248142895141882,0.024670691023240158,-1.6273633707295918,-1.7219391589558914,0.10365994620380746,0.08508054038837208,0.078,0.093,0.079,True,999,0.00011654093395918608,0.003022541990503669,power_5x5_mild_strong_600,power,True,833,1716765723,-0.04999999999999988,1,7
600,600,0.054429321606370706,0.12368435859064741,0.040773608808194695,0.1028536083185827,-0.06925503698427671,-0.062079999510388006,0.027158960621488835,-2.549988489967485,-2.2858017424005834,0.010772647558328307,0.022265859711728907,0.004,0.004,0.018,True,999,0.00011958403047174215,0.0029247920028865337,power_5x5_mild_strong_600,power,True,834,1716765723,-0.04999999999999988,1,2
600,600,0.07842032536467003,0.11881806246943155,0.06478332634219441,0.10805689102599558,-0.04039773710476152,-0.04327356468380117,0.027862777456267973,-1.449881913896337,-1.553095873220866,0.14709145166321214,0.12040023187337384,0.145,0.14,0.115,True,999,0.00012033397797495127,0.002969500026665628,power_5x5_mild_strong_600,power,True,835,1716765723,-0.04999999999999988,1,8
600,600,0.05953302151651396,0.14968625175137262,0.04463832920430377,0.1370800594691559,-0.09015323023485866,-0.09244173026485214,0.028948571284640612,-3.1142549091081295,-3.193308897904036,0.0018441009392779562,0.0014065240003949952,0.002,0.003,0.002,True,999,0.00012633297592401505,0.0029333329293876886,power_5x5_mild_strong_600,power,True,836,1716765723,-0.04999999999999988,0,6
600,600,0.05610098454170176,0.14132636558355416,0.041518340474226534,0.13140364932746706,-0.0852253810418524,-0.08988530885324053,0.027532643939539147,-3.095430327323622,-3.264681337928386,0.001965275385091763,0.0010958728993793149,0.002,0.005,0.002,True,999,0.0001141249667853117,0.0029183330480009317,power_5x5_mild_strong_600,power,True,837,1716765723,-0.04999999999999988,0,8
600,600,0.05907761050334859,0.12135756886174215,0.044224125436812756,0.11209500015712592,-0.06227995835839356,-0.06787087472031317,0.02705369059823583,-2.302087330090736,-2.5087473545934253,0.021330247783295214,0.012116010668298524,0.016,0.02,0.013,True,999,0.00012166693340986967,0.003018332994543016,power_5x5_mild_strong_600,power,True,838,1716765723,-0.04999999999999988,0,8
600,600,0.0457978537565622,0.13275971560252414,0.028850514641248992,0.11816540546340093,-0.08696186184596194,-0.08931489082215194,0.026812889909119085,-3.2432856786685327,-3.3310430589496387,0.001181596702022615,0.0008652121791024183,0.001,0.004,0.004,True,999,0.00011854199692606926,0.002966750063933432,power_5x5_mild_strong_600,power,True,839,1716765723,-0.04999999999999988,0,6
600,600,0.049698164458463534,0.09511767725919873,0.03295480988617783,0.08197994405546183,-0.045419512800735196,-0.049025134169284,0.02465054722739504,-1.8425356801109414,-1.9888051050972455,0.06539683242407276,0.04672271908657453,0.051,0.054,0.048,True,999,0.0001302079763263464,0.002921291976235807,power_5x5_mild_strong_600,power,True,840,1716765723,-0.04999999999999988,0,7
600,600,0.04318666239320845,0.08333313958258926,0.028634709949756143,0.06896157136429792,-0.0401464771893808,-0.04032686141454178,0.023522562472174754,-1.7067220987029268,-1.7143906605517627,0.0878737177451518,0.08645700262373686,0.088,0.09,0.095,True,999,0.00011887494474649429,0.002981791039928794,power_5x5_mild_strong_600,power,True,841,1716765723,-0.04999999999999988,0,5
600,600,0.06665100141050917,0.10897731895956869,0.05140166000126101,0.09678543019876429,-0.04232631754905952,-0.04538377019750328,0.027243792127817357,-1.5536132910749274,-1.665838954598543,0.12027668702799858,0.09574549502313676,0.098,0.113,0.092,True,999,0.0001222500577569008,0.002901249914430082,power_5x5_mild_strong_600,power,True,842,1716765723,-0.04999999999999988,0,6
600,600,0.0464088784295964,0.089361111264397,0.031056280595862518,0.07445202800283823,-0.0429522328348006,-0.043395747406975715,0.02425068565361133,-1.7711760173842466,-1.7894647609896905,0.07653143605656013,0.07353999776551806,0.059,0.066,0.064,True,999,0.00012162502389401197,0.002962457947432995,power_5x5_mild_strong_600,power,True,843,1716765723,-0.04999999999999988,0,6
600,600,0.07054233564582324,0.12377918571417346,0.05418541838298552,0.11077937770266999,-0.05323685006835022,-0.05659395931968447,0.027853011753056114,-1.9113498583329651,-2.031879346529727,0.05595963577650188,0.042165871888213524,0.044,0.048,0.044,True,999,0.00011933408677577972,0.0029984170105308294,power_5x5_mild_strong_600,power,True,844,1716765723,-0.04999999999999988,0,5
600,600,0.05909777604915201,0.1016342649741247,0.0438088609495253,0.09079396873960377,-0.04253648892497269,-0.04698510779007847,0.026574601933546063,-1.6006444435684049,-1.7680455913346158,0.10945569265266454,0.07705328215331042,0.068,0.074,0.061,True,999,0.00012000009883195162,0.0029335839208215475,power_5x5_mild_strong_600,power,True,845,1716765723,-0.04999999999999988,0,8
600,600,0.05434375629742205,0.11750893375386462,0.03848088077450029,0.10642528556570596,-0.06316517745644257,-0.06794440479120567,0.0270596459014609,-2.3342943099278473,-2.510912561037522,0.019580316481793956,0.012041952009544636,0.009,0.012,0.012,True,999,0.00011904200073331594,0.0029896660707890987,power_5x5_mild_strong_600,power,True,846,1716765723,-0.04999999999999988,1,7
600,600,0.07179106916049849,0.08149495924480193,0.05631048325028587,0.07203590317155317,-0.009703890084303446,-0.015725419921267303,0.024906790295777415,-0.38960821402782675,-0.6313707922426809,0.6968262772952749,0.5277981089710697,0.66,0.651,0.504,True,999,0.0001170419855043292,0.002960333018563688,power_5x5_mild_strong_600,power,True,847,1716765723,-0.04999999999999988,0,8
600,600,0.07360942571407303,0.15697754279087345,0.057645398813065185,0.14345278802443318,-0.08336811707680042,-0.08580738921136799,0.029245160304772266,-2.8506637066782052,-2.9340714264221632,0.0043628085311284166,0.0033454721159893613,0.005,0.005,0.003,True,999,0.00012470793444663286,0.002920833067037165,power_5x5_mild_strong_600,power,True,848,1716765723,-0.04999999999999988,0,5
600,600,0.0642517344947815,0.12108050574013296,0.049903621818657484,0.10224204694742411,-0.05682877124535146,-0.05233842512876663,0.026628786061435615,-2.1341104740652117,-1.9654829554759266,0.03283373869927605,0.04935836650884173,0.025,0.021,0.04,True,999,0.00012091698590666056,0.0029749999521300197,power_5x5_mild_strong_600,power,True,849,1716765723,-0.04999999999999988,0,2
600,600,0.05461513958102082,0.11241643363326026,0.03948321500911334,0.0976460364886691,-0.05780129405223944,-0.05816282147955576,0.02668993783089662,-2.1656586245520555,-2.179204082379904,0.030337282970116314,0.029316510805761222,0.017,0.02,0.02,True,999,0.00012058403808623552,0.0029212089721113443,power_5x5_mild_strong_600,power,True,850,1716765723,-0.04999999999999988,0,5
600,600,0.06727781412108147,0.12483627135961284,0.05235377047495149,0.112506437465413,-0.05755845723853137,-0.06015266699046151,0.027789661094606805,-2.071218394588549,-2.1645700098924725,0.03833839135200015,0.030420629755310173,0.021,0.028,0.022,True,999,0.00011954200454056263,0.0029940831009298563,power_5x5_mild_strong_600,power,True,851,1716765723,-0.04999999999999988,0,7
600,600,0.07247732712522725,0.12410457686778636,0.05963587228609413,0.11254518738945762,-0.05162724974255911,-0.0529093151033635,0.02711894319571648,-1.9037338354214994,-1.9510094741346957,0.056944857445622866,0.051055918779414046,0.062,0.063,0.06,True,999,0.0001217500539496541,0.003009165986441076,power_5x5_mild_strong_600,power,True,852,1716765723,-0.04999999999999988,2,7
600,600,0.05142649655830778,0.10454631667958564,0.036776799347194356,0.08769574845771899,-0.05311982012127786,-0.050918949110524636,0.025796946515040522,-2.059151461600587,-1.973836286431695,0.0394797312979046,0.04840036134963395,0.034,0.037,0.058,True,999,0.00012099999003112316,0.002854374935850501,power_5x5_mild_strong_600,power,True,853,1716765723,-0.04999999999999988,0,4
600,600,0.050285039490356565,0.10239683683594575,0.0353497388574624,0.09142658408097759,-0.052111797345589184,-0.05607684522351519,0.025266862051596572,-2.0624562416644183,-2.2193830444398928,0.039164319502825805,0.026460676190281824,0.018,0.023,0.015,True,999,0.00012329197488725185,0.002997625037096441,power_5x5_mild_strong_600,power,True,854,1716765723,-0.04999999999999988,0,7
600,600,0.06006891580302065,0.0902471873127973,0.04472129511293588,0.07576254148992234,-0.030178271509776644,-0.031041246376986464,0.025247709027811267,-1.195287520009605,-1.229467843707855,0.23197471406269865,0.21889644708659683,0.204,0.217,0.215,True,999,0.00011816690675914288,0.003013499896042049,power_5x5_mild_strong_600,power,True,855,1716765723,-0.04999999999999988,1,5
600,600,0.0817359432337641,0.09151124184405246,0.06889787909904044,0.07849633173677262,-0.009775298610288363,-0.00959845263773218,0.026397038162180916,-0.3703180087943901,-0.3636185460944592,0.7111455570585716,0.7161428757150984,0.702,0.698,0.711,True,999,0.00011979194823652506,0.0029272090177983046,power_5x5_mild_strong_600,power,True,856,1716765723,-0.04999999999999988,2,7
600,600,0.04971811888365485,0.1204523405302656,0.03294731029200193,0.10962292121095629,-0.07073422164661075,-0.07667561091895436,0.02747211981514154,-2.5747638741596073,-2.7910336528415187,0.010030853982450015,0.005254000925879146,0.001,0.012,0.005,True,999,0.00011912500485777855,0.0030222920468077064,power_5x5_mild_strong_600,power,True,857,1716765723,-0.04999999999999988,0,8
600,600,0.07595167412746395,0.10392795722403736,0.06051223251859028,0.09359156634866395,-0.027976283096573407,-0.033079333830073665,0.027034282261187453,-1.0348446770764972,-1.2236068821980512,0.30074145444102873,0.22110056213164353,0.285,0.292,0.215,True,999,0.0001253330847248435,0.0029677500715479255,power_5x5_mild_strong_600,power,True,858,1716765723,-0.04999999999999988,0,7
600,600,0.05263115714670352,0.1344318559511714,0.03700426496993714,0.11977019487170537,-0.08180069880446789,-0.08276592990176823,0.02841118322601759,-2.8791725481379724,-2.9131461806200027,0.003987201179515311,0.003578070609642699,0.001,0.002,0.003,True,999,0.00012275006156414747,0.0030230829725041986,power_5x5_mild_strong_600,power,True,859,1716765723,-0.04999999999999988,0,6
600,600,0.08592797938193597,0.11699476636668882,0.07148767445050908,0.11003961361893744,-0.031066786984752848,-0.03855193916842836,0.02732853989270865,-1.1367891261926355,-1.4106841902195497,0.2556264501205834,0.15833775469808697,0.26,0.249,0.161,True,999,0.00012091698590666056,0.0029421249637380242,power_5x5_mild_strong_600,power,True,860,1716765723,-0.04999999999999988,1,9
600,600,0.08298476864861892,0.08314990978340808,0.06909702716086485,0.06862923073884986,-0.0001651411347891596,0.0004677964220149988,0.026193039586480144,-0.0063047717025709075,0.017859569923929626,0.9949695533259858,0.9857508823923002,0.996,0.996,0.979,True,999,0.00011820800136774778,0.0029772500274702907,power_5x5_mild_strong_600,power,True,861,1716765723,-0.04999999999999988,1,7
600,600,0.07367001984508059,0.07047088090785786,0.058912804269198205,0.05638785160559223,0.003199138937222734,0.0025249526636059727,0.024886747970913312,0.12854788986338297,0.10145771824253783,0.8977154019311931,0.9191871202620358,0.895,0.892,0.922,True,999,0.00011745793744921684,0.0030203750357031822,power_5x5_mild_strong_600,power,True,862,1716765723,-0.04999999999999988,0,6
600,600,0.06489503731558544,0.10718631116292088,0.049581931353714026,0.09348822815874769,-0.04229127384733544,-0.04390629680503366,0.026476283700728524,-1.5973266613007229,-1.658325515065603,0.11019291077633386,0.09725178170346456,0.103,0.103,0.098,True,999,0.00012262491509318352,0.002867416013032198,power_5x5_mild_strong_600,power,True,863,1716765723,-0.04999999999999988,0,5
600,600,0.06947260895067298,0.11244089123638107,0.05410096903631256,0.09746007250555522,-0.04296828228570809,-0.043359103469242655,0.028488941255195906,-1.5082442657594866,-1.521962612820323,0.13149202184621522,0.12801844891095665,0.122,0.121,0.121,True,999,0.00012195901945233345,0.002938958932645619,power_5x5_mild_strong_600,power,True,864,1716765723,-0.04999999999999988,0,6
600,600,0.03700203912093847,0.1511183176188673,0.02232642182661948,0.13587831380374382,-0.11411627849792882,-0.11355189197712434,0.026892385080914474,-4.243442080521045,-4.222455227956412,2.2011720378476584e-05,2.4165541208316582e-05,0.001,0.001,0.001,True,999,0.00011895899660885334,0.0029504999984055758,power_5x5_mild_strong_600,power,True,865,1716765723,-0.04999999999999988,0,4
600,600,0.08204370103242364,0.11918695273590696,0.0666421585668786,0.10524266317236197,-0.037143251703483315,-0.038600504605483366,0.027896237688209605,-1.3314788939865527,-1.3837172251295355,0.18303148522303658,0.16644505712694946,0.192,0.195,0.183,True,999,0.00012125005014240742,0.002998958923853934,power_5x5_mild_strong_600,power,True,866,1716765723,-0.04999999999999988,0,6
600,600,0.035228088667796253,0.12353136450148128,0.01922229227909611,0.11189446150279991,-0.08830327583368502,-0.0926721692237038,0.026310602445248205,-3.356186009706248,-3.5222366882914438,0.0007902539859527604,0.0004279219031770712,0.001,0.001,0.001,True,999,0.00011699995957314968,0.0029380409978330135,power_5x5_mild_strong_600,power,True,867,1716765723,-0.04999999999999988,0,7
600,600,0.0759089869168843,0.12172536837300613,0.060663150412324285,0.10096315447674442,-0.045816381456121824,-0.040300004064420136,0.028059494589642107,-1.6328298897099345,-1.4362341394166271,0.10250477884964315,0.15093572763026925,0.084,0.084,0.13,True,999,0.00011741695925593376,0.0030213340651243925,power_5x5_mild_strong_600,power,True,868,1716765723,-0.04999999999999988,0,2
600,600,0.06679797733046511,0.08690242437995993,0.052156889187926936,0.07494920407393124,-0.020104447049494822,-0.022792314886004306,0.025006656003611356,-0.803963834532351,-0.9114499308789122,0.42141786186271946,0.3620583554197776,0.384,0.39,0.343,True,999,0.00011612498201429844,0.0029816660098731518,power_5x5_mild_strong_600,power,True,869,1716765723,-0.04999999999999988,1,7
600,600,0.05814098944566837,0.13771242624475638,0.04390661664945128,0.12488963485185423,-0.07957143679908801,-0.08098301820240295,0.027957919528716593,-2.846114379768398,-2.896603880672249,0.004425629522794483,0.003772257295932933,0.001,0.002,0.002,True,999,0.00012366706505417824,0.002923915977589786,power_5x5_mild_strong_600,power,True,870,1716765723,-0.04999999999999988,1,6
600,600,0.040713565682734876,0.07859658360742983,0.026103132172238475,0.06847953487604741,-0.03788301792469495,-0.042376402703808935,0.02312499660764839,-1.6381847992213532,-1.83249335871441,0.10138314959783326,0.06687795030999456,0.069,0.077,0.051,True,999,0.00012987502850592136,0.002961207996122539,power_5x5_mild_strong_600,power,True,871,1716765723,-0.04999999999999988,0,8
600,600,0.055979425760046775,0.10341760405518163,0.041346884279050755,0.08741588916461751,-0.04743817829513486,-0.046069004885566756,0.025861347298493553,-1.834327413324602,-1.781384564146444,0.06660540725939945,0.07484964815066275,0.053,0.059,0.068,True,999,0.00011870800517499447,0.002923457999713719,power_5x5_mild_strong_600,power,True,872,1716765723,-0.04999999999999988,0,4
600,600,0.06868535090086014,0.09584261804111388,0.05243477616204473,0.08635867267039998,-0.027157267140253738,-0.033923896508355256,0.026005502348102703,-1.0442892729674598,-1.3044891828759562,0.296351574343663,0.19206684531352147,0.27,0.267,0.178,True,999,0.00011991604696959257,0.0029988751048222184,power_5x5_mild_strong_600,power,True,873,1716765723,-0.04999999999999988,0,10
600,600,0.08336073424280732,0.15281950951302586,0.06886771611925724,0.13810867848212638,-0.06945877527021854,-0.06924096236286914,0.02989775879390835,-2.323210102436532,-2.3159248437370143,0.020167868331155473,0.02056237258871487,0.022,0.023,0.027,True,999,0.0001247919863089919,0.0030037499964237213,power_5x5_mild_strong_600,power,True,874,1716765723,-0.04999999999999988,1,6
600,600,0.07142225496088628,0.10350085648643331,0.05616848849751932,0.09115148160231001,-0.032078601525547035,-0.034982993104790694,0.02729611474645169,-1.1752076009175276,-1.2816107138228618,0.23991167004077285,0.19997923993850153,0.236,0.242,0.203,True,999,0.00011983304284512997,0.0029124169377610087,power_5x5_mild_strong_600,power,True,875,1716765723,-0.04999999999999988,0,5
600,600,0.06888142721782287,0.14017131672403838,0.054519558228093956,0.13074959423562404,-0.07128988950621551,-0.07623003600753009,0.028650672393933003,-2.4882449014115173,-2.6606717971363345,0.012837529759389612,0.00779849319331054,0.005,0.007,0.006,True,999,0.00011887494474649429,0.0030106670456007123,power_5x5_mild_strong_600,power,True,876,1716765723,-0.04999999999999988,1,7
600,600,0.08340636942447699,0.09274809406867546,0.06705664763580899,0.0759411697480914,-0.009341724644198468,-0.008884522112282411,0.027619002752458755,-0.33823540726382056,-0.3216814955960521,0.7351857954343605,0.7476939977093213,0.721,0.717,0.748,True,999,0.00011954200454056263,0.002966500003822148,power_5x5_mild_strong_600,power,True,877,1716765723,-0.04999999999999988,0,4
600,600,0.05489875046986192,0.10681132790437409,0.038696779561291805,0.0964293300393706,-0.051912577434512164,-0.05773255047807879,0.02592317644698183,-2.0025546460590564,-2.2270631300201043,0.0452251120904119,0.025943054908459162,0.026,0.03,0.019,True,999,0.00011820800136774778,0.003004124970175326,power_5x5_mild_strong_600,power,True,878,1716765723,-0.04999999999999988,0,7
600,600,0.04537332972239905,0.10960681355125768,0.030047143202637017,0.0970890208886317,-0.06423348382885863,-0.06704187768599468,0.025272091799005216,-2.541676579039138,-2.65280287121439,0.011032220460342019,0.007982647586783369,0.006,0.008,0.007,True,999,0.00012558302842080593,0.002994457958266139,power_5x5_mild_strong_600,power,True,879,1716765723,-0.04999999999999988,0,6
600,600,0.04862912163394584,0.12497828927164745,0.03301540693996685,0.11236621407101666,-0.07634916763770161,-0.0793508071310498,0.02834088606177778,-2.6939583847616775,-2.799870369545964,0.00706089800945029,0.005112313200493089,0.008,0.012,0.01,True,999,0.00011916703078895807,0.00299370801076293,power_5x5_mild_strong_600,power,True,880,1716765723,-0.04999999999999988,0,7
600,600,0.06218151388861348,0.13707174153969692,0.04649630471612909,0.12261608443782279,-0.07489022765108344,-0.0761197797216937,0.028938103382035982,-2.5879452658799105,-2.630434300298577,0.009655032092297488,0.008527585063102637,0.005,0.009,0.011,True,999,0.00011812499724328518,0.003012166009284556,power_5x5_mild_strong_600,power,True,881,1716765723,-0.04999999999999988,0,5
600,600,0.07132166183716537,0.14074666491369264,0.0557712261437473,0.13226008272937406,-0.06942500307652727,-0.07648885658562676,0.029151475438614783,-2.381526218894744,-2.6238416901639114,0.017241063380076055,0.008694418667750512,0.008,0.011,0.006,True,999,0.00011895899660885334,0.0029784999787807465,power_5x5_mild_strong_600,power,True,882,1716765723,-0.04999999999999988,0,9
600,600,0.10143103875739157,0.10682678976703885,0.08670904707173577,0.0935907275875536,-0.005395751009647287,-0.006881680515817834,0.02927538963692444,-0.18431013477756547,-0.23506708539715263,0.8537701637248754,0.8141566650072734,0.832,0.828,0.803,True,999,0.00012108392547816038,0.0029467919375747442,power_5x5_mild_strong_600,power,True,883,1716765723,-0.04999999999999988,0,7
600,600,0.08589226966547614,0.10665200683374149,0.0697864388502012,0.09288307571779342,-0.020759737168265346,-0.023096636867592224,0.027934060263232835,-0.743169341393223,-0.8268270580769209,0.4573791624727007,0.40833509127852086,0.433,0.438,0.413,True,999,0.00011933292262256145,0.002975916024297476,power_5x5_mild_strong_600,power,True,884,1716765723,-0.04999999999999988,0,5
600,600,0.059404348482651304,0.14382998959859944,0.04334773582058915,0.13727295965077246,-0.08442564111594814,-0.09392522383018331,0.026744414919049088,-3.1567578266898177,-3.5119565754001125,0.0015953378109927587,0.00044482067378866827,0.001,0.001,0.001,True,999,0.00011641706805676222,0.0028552080038934946,power_5x5_mild_strong_600,power,True,885,1716765723,-0.04999999999999988,0,10
600,600,0.07624709476458458,0.09768349616066618,0.06178066185566422,0.0853956840229273,-0.021436401396081606,-0.023615022167263078,0.027547804673582373,-0.778152802013968,-0.85723789779551,0.4364789375292696,0.3913134218972272,0.411,0.403,0.371,True,999,0.0001243329606950283,0.0029126249719411135,power_5x5_mild_strong_600,power,True,886,1716765723,-0.04999999999999988,0,7
600,600,0.055310807183894806,0.10344994922681566,0.04043731005185691,0.0925107793680695,-0.04813914204292086,-0.052073469316212595,0.026159746277359643,-1.8401991186200313,-1.9905953507385652,0.06573900934665028,0.046525391807928376,0.051,0.059,0.042,True,999,0.00011962500866502523,0.002995417104102671,power_5x5_mild_strong_600,power,True,887,1716765723,-0.04999999999999988,0,7
600,600,0.07127078216704696,0.11829448555354066,0.054440769517555054,0.10583496600028752,-0.0470237033864937,-0.05139419648273247,0.027837721357836395,-1.6892080634773792,-1.846207016087718,0.09117956428076619,0.06486215262435795,0.078,0.083,0.068,True,999,0.00011737493332475424,0.00296679197344929,power_5x5_mild_strong_600,power,True,888,1716765723,-0.04999999999999988,0,7
600,600,0.04062360023659495,0.10086854396543127,0.024932270007184343,0.08655537234767507,-0.06024494372883632,-0.06162310234049073,0.02566744631867854,-2.3471343031501846,-2.4008271635362024,0.018918434191121013,0.016358060724932236,0.005,0.01,0.01,True,999,0.00012104108463972807,0.003003000048920512,power_5x5_mild_strong_600,power,True,889,1716765723,-0.04999999999999988,0,5
600,600,0.06862228739075271,0.09622800488846467,0.05482472738117394,0.08371723711479717,-0.027605717497711957,-0.02889250973362323,0.026249265745910955,-1.0516757979035016,-1.1006978257334314,0.2929483185522871,0.27102819287114666,0.254,0.258,0.253,True,999,0.00011804094538092613,0.0029788330430164933,power_5x5_mild_strong_600,power,True,890,1716765723,-0.04999999999999988,1,7
600,600,0.06194906274627221,0.13324342785293058,0.04760013236636951,0.12057422514027394,-0.07129436510665838,-0.07297409277390443,0.027889125572367127,-2.556349962341511,-2.616578730105759,0.010577667646109323,0.008881587959894756,0.008,0.009,0.009,True,999,0.00011995795648545027,0.0028492079582065344,power_5x5_mild_strong_600,power,True,891,1716765723,-0.04999999999999988,0,6
600,600,0.057943846470715044,0.11827696985158809,0.04236443318040983,0.10674540285344847,-0.060333123380873044,-0.06438096967303863,0.026859278789429612,-2.2462674390429633,-2.396973134601647,0.02468688286169756,0.016531135717574086,0.006,0.017,0.012,True,999,0.0001206250162795186,0.002982832957059145,power_5x5_mild_strong_600,power,True,892,1716765723,-0.04999999999999988,0,7
600,600,0.08558402002689292,0.12184961814309048,0.07080331605334322,0.10311486829084515,-0.03626559811619756,-0.03231155223750193,0.028854381007296644,-1.2568489376717795,-1.1198144305826918,0.2088083414850872,0.2627928485381251,0.177,0.18,0.237,True,999,0.000132082961499691,0.0028522920329123735,power_5x5_mild_strong_600,power,True,893,1716765723,-0.04999999999999988,0,2
600,600,0.057888865856971394,0.12487371538625813,0.04268547060053152,0.10652264930251931,-0.06698484952928674,-0.0638371787019878,0.025983999580135277,-2.5779268246485247,-2.45678801314295,0.009939504383951416,0.014018538123665153,0.007,0.007,0.009,True,999,0.0001232079230248928,0.002927707973867655,power_5x5_mild_strong_600,power,True,894,1716765723,-0.04999999999999988,1,3
600,600,0.06229654248781902,0.13021779528822797,0.04783505399825572,0.11479767746143921,-0.06792125280040895,-0.06696262346318349,0.02813670608163426,-2.413973142532962,-2.3799027245371898,0.015779625458721143,0.01731720877304737,0.009,0.009,0.01,True,999,0.00011970801278948784,0.002926332992501557,power_5x5_mild_strong_600,power,True,895,1716765723,-0.04999999999999988,0,6
600,600,0.04606012677536542,0.13211693611669456,0.030516179419237233,0.12479566824373478,-0.08605680934132914,-0.09427948882449755,0.026463255371921804,-3.251935868503829,-3.562656502364048,0.0011462188105747838,0.00036712091254236055,0.001,0.002,0.001,True,999,0.00012149999383836985,0.0029589999467134476,power_5x5_mild_strong_600,power,True,896,1716765723,-0.04999999999999988,0,10
600,600,0.07571777535984503,0.1486750031896522,0.06046856137481882,0.1318034007509823,-0.07295722782980718,-0.07133483937616347,0.0292816950734753,-2.4915643594654866,-2.436158125312282,0.012718192295339596,0.014844193921061028,0.008,0.01,0.014,True,999,0.00011962500866502523,0.0029287920333445072,power_5x5_mild_strong_600,power,True,897,1716765723,-0.04999999999999988,1,3
600,600,0.06232805755932613,0.13936224602946,0.047990773207061466,0.1304281459581489,-0.07703418847013388,-0.08243737275108742,0.027364823659555067,-2.815080755809497,-3.0125307503051455,0.004876497811484903,0.00259079186405088,0.004,0.005,0.003,True,999,0.0001223330618813634,0.0029477080097422004,power_5x5_mild_strong_600,power,True,898,1716765723,-0.04999999999999988,1,9
600,600,0.05892342657922767,0.07179216875793504,0.04283493210903089,0.06081853924939651,-0.01286874217870737,-0.01798360714036562,0.0232817462490598,-0.552739560041681,-0.7724337748544898,0.5804417602724028,0.43985755629259904,0.549,0.554,0.44,True,999,0.00012012501247227192,0.0029931250028312206,power_5x5_mild_strong_600,power,True,899,1716765723,-0.04999999999999988,1,7
600,600,0.06552167711859824,0.11288147440589591,0.05004037662183691,0.10385305098375852,-0.04735979728729767,-0.05381267436192161,0.027385838851793184,-1.729353537191234,-1.9649817795666331,0.08374584026733864,0.049416346426536396,0.069,0.076,0.054,True,999,0.00012354191858321428,0.002892166026867926,power_5x5_mild_strong_600,power,True,900,1716765723,-0.04999999999999988,0,9
600,600,0.035318109585824375,0.1702133491515413,0.020108320750409803,0.1582500665570592,-0.13489523956571692,-0.1381417458066494,0.02713326432831625,-4.971581669402762,-5.091232080855262,6.640887841026629e-07,3.557442747499758e-07,0.001,0.001,0.001,True,999,0.00013008294627070427,0.0029088329756632447,power_5x5_mild_strong_600,power,True,901,1716765723,-0.04999999999999988,0,6
600,600,0.0881585975003234,0.09202084018492951,0.07287496108222058,0.08203098899917904,-0.0038622426846061098,-0.009156027916958465,0.02737916989449498,-0.1410650030475422,-0.3344158333594851,0.8878185906594867,0.738065793204312,0.904,0.899,0.762,True,999,0.00012095808051526546,0.0029275419656187296,power_5x5_mild_strong_600,power,True,902,1716765723,-0.04999999999999988,0,8
600,600,0.07263974108584659,0.08802162640115452,0.05658879024906582,0.0744821294389908,-0.01538188531530793,-0.017893339189924973,0.026951454530606843,-0.5707256095525316,-0.663909963360411,0.568185656214163,0.5067479390095033,0.575,0.58,0.537,True,999,0.00011945900041610003,0.002982583944685757,power_5x5_mild_strong_600,power,True,903,1716765723,-0.04999999999999988,0,6
600,600,0.051463935549257434,0.12842369669127962,0.03691386294451604,0.11691891474515614,-0.07695976114202219,-0.0800050518006401,0.02769188467573934,-2.7791449387858416,-2.8891154479901453,0.00545022006201632,0.003863272097273801,0.002,0.003,0.002,True,999,0.00012029102072119713,0.0029151670169085264,power_5x5_mild_strong_600,power,True,904,1716765723,-0.04999999999999988,0,8
600,600,0.045661181425052044,0.10757143091000548,0.029444871214991508,0.09497754578632112,-0.06191024948495344,-0.06553267457132961,0.024950124232900377,-2.481360369473261,-2.626547024760511,0.01308819772650356,0.00862560732368464,0.01,0.014,0.011,True,999,0.00012099999003112316,0.0029704590560868382,power_5x5_mild_strong_600,power,True,905,1716765723,-0.04999999999999988,0,6
600,600,0.059371978278089266,0.11420348302896971,0.0455481941638709,0.0998440270322476,-0.054831504750880444,-0.05429583286837669,0.026779866291971773,-2.0474898624612683,-2.0274870784046377,0.04061001121841968,0.04261262459522381,0.034,0.044,0.049,True,999,0.00011962500866502523,0.002984625054523349,power_5x5_mild_strong_600,power,True,906,1716765723,-0.04999999999999988,1,5
600,600,0.048210488984335775,0.12185707988392014,0.03280842313347421,0.10894889621334869,-0.07364659089958436,-0.07614047307987448,0.026714432940485266,-2.7568090651093033,-2.850162429032319,0.005836842314933818,0.0043696907528484475,0.006,0.006,0.006,True,999,0.00012183294165879488,0.0029228749917820096,power_5x5_mild_strong_600,power,True,907,1716765723,-0.04999999999999988,0,6
600,600,0.07269083056982872,0.09252380745063177,0.05689994906390439,0.07564169058832704,-0.019832976880803044,-0.01874174152442265,0.026540890713393,-0.7472611637255632,-0.7061459137452851,0.4549059302690036,0.4800974013965047,0.435,0.437,0.469,True,999,0.00012012501247227192,0.0030014999210834503,power_5x5_mild_strong_600,power,True,908,1716765723,-0.04999999999999988,0,4
600,600,0.07724561237096039,0.10161682264511979,0.06128901353793026,0.08720383473485072,-0.024371210274159394,-0.025914821196920457,0.027264134207348314,-0.8938926902579136,-0.9505095962275528,0.3713793091696582,0.3418533802219088,0.36,0.358,0.342,True,999,0.00011849997099488974,0.0029124999418854713,power_5x5_mild_strong_600,power,True,909,1716765723,-0.04999999999999988,0,5
600,600,0.0693747866520934,0.14468817177797827,0.05377561161662925,0.13190460493217415,-0.07531338512588487,-0.0781289933155449,0.02795114681698735,-2.694464939811094,-2.79519813004817,0.007050174339133192,0.005186791641604816,0.006,0.009,0.006,True,999,0.00012341700494289398,0.0030760420486330986,power_5x5_mild_strong_600,power,True,910,1716765723,-0.04999999999999988,0,6
600,600,0.05813613261613515,0.0985676104948165,0.04297128355062796,0.08567345758189049,-0.04043147787868134,-0.04270217403126253,0.025413665781906836,-1.590934508451212,-1.680283922741448,0.11162431542118921,0.09290208760366062,0.092,0.096,0.085,True,999,0.00013266701716929674,0.0030726250261068344,power_5x5_mild_strong_600,power,True,911,1716765723,-0.04999999999999988,0,7
600,600,0.06152092476111526,0.1342472152071662,0.04712065065029947,0.12573280626247652,-0.07272629044605095,-0.07861215561217705,0.026608536763412384,-2.733193902869999,-2.954396038803282,0.006272339428490644,0.003132816855523596,0.003,0.004,0.002,True,999,0.00014041701797395945,0.0029384999070316553,power_5x5_mild_strong_600,power,True,912,1716765723,-0.04999999999999988,0,8
600,600,0.04588564851616894,0.10763548691270547,0.03122663845488205,0.09691203565199658,-0.06174983839653653,-0.06568539719711453,0.025402400246208507,-2.4308662881474414,-2.585794907586284,0.01506277222372371,0.009715472088623783,0.006,0.008,0.006,True,999,0.00012483308091759682,0.0030197080923244357,power_5x5_mild_strong_600,power,True,913,1716765723,-0.04999999999999988,0,8
600,600,0.12354427381889765,0.13129514968196865,0.11013502439334388,0.12133397164490134,-0.007750875863070994,-0.011198947251557456,0.030193059422316947,-0.25671051597182626,-0.3709113109378988,0.7974022529678297,0.7107035902401722,0.81,0.809,0.734,True,999,0.00016720802523195744,0.0034000410232692957,power_5x5_mild_strong_600,power,True,914,1716765723,-0.04999999999999988,2,8
600,600,0.0808254339818224,0.13406707049289168,0.06489884341283414,0.1240637917243248,-0.05324163651106928,-0.05916494831149066,0.028328617304234124,-1.8794294101714433,-2.0885222768231473,0.06018588369358625,0.03675074805099815,0.043,0.045,0.026,True,999,0.00014354090671986341,0.0035447500413283706,power_5x5_mild_strong_600,power,True,915,1716765723,-0.04999999999999988,0,8
600,600,0.09043118347588053,0.1558219014466118,0.07439389026956178,0.14100958324178237,-0.06539071797073126,-0.06661569297222059,0.03155563408938699,-2.072235905179415,-2.1110554388962584,0.03824344648046201,0.034767546988318666,0.027,0.035,0.036,True,999,0.00017854198813438416,0.003176292055286467,power_5x5_mild_strong_600,power,True,916,1716765723,-0.04999999999999988,0,6
600,600,0.06379839864288694,0.12906229782722045,0.04855461682291207,0.11509546779814173,-0.06526389918433351,-0.06654085097522966,0.028004230255852358,-2.330501448819311,-2.376099980870707,0.019779663536274042,0.017496721182331244,0.013,0.014,0.011,True,999,0.0002696249866858125,0.0049203329253941774,power_5x5_mild_strong_600,power,True,917,1716765723,-0.04999999999999988,0,6
600,600,0.0625983961900698,0.10783916817308842,0.05097104539822794,0.09371098680361456,-0.045240771983018624,-0.04273994140538662,0.02586100285733285,-1.7493819645200135,-1.6526791958212002,0.08022501630147685,0.09839617063109884,0.06,0.063,0.082,True,999,0.0001747499918565154,0.003670666948892176,power_5x5_mild_strong_600,power,True,918,1716765723,-0.04999999999999988,3,6
600,600,0.05953013623735126,0.11090119656249003,0.0441142910013923,0.09302214476076642,-0.05137106032513877,-0.04890785375937412,0.02643242949763616,-1.9434861381067097,-1.8502973313046358,0.051957448636487005,0.06427070708976494,0.046,0.046,0.061,True,999,0.00015520805027335882,0.0030197500018402934,power_5x5_mild_strong_600,power,True,919,1716765723,-0.04999999999999988,1,3
600,600,0.09245349799211122,0.08318223775874267,0.07960824263068389,0.06923415945573197,0.00927126023336855,0.01037408317495192,0.02688511826529466,0.3448472921667074,0.38586712070906415,0.7302091773340886,0.6995950822489639,0.708,0.703,0.672,True,999,0.00013224990107119083,0.003044874989427626,power_5x5_mild_strong_600,power,True,920,1716765723,-0.04999999999999988,2,7
600,600,0.061623981286487606,0.11664430270838899,0.0479010197423122,0.10164101658807567,-0.055020321421901386,-0.05373999684576347,0.027187549965285836,-2.0237322411233656,-1.9766399294670125,0.04299770935017056,0.04808234533542856,0.024,0.037,0.051,True,999,0.0002874169731512666,0.0034816659754142165,power_5x5_mild_strong_600,power,True,921,1716765723,-0.04999999999999988,1,5
600,600,0.05858072944846349,0.07431891146991965,0.04182153425506385,0.06034922577310908,-0.01573818202145616,-0.01852769151804523,0.02340436564874129,-0.6724464254942357,-0.7916339966702609,0.5012995358427487,0.4285741179905742,0.491,0.492,0.437,True,999,0.00021362502593547106,0.0030472500948235393,power_5x5_mild_strong_600,power,True,922,1716765723,-0.04999999999999988,0,5
600,600,0.05605623496696832,0.09277636386717236,0.0407922854132039,0.0769958687073995,-0.03672012890020404,-0.036203583294195596,0.025149058038178223,-1.4600995728929502,-1.4395602109325822,0.14426270999620536,0.14999186356429858,0.117,0.12,0.134,True,999,0.00015541701577603817,0.003126624971628189,power_5x5_mild_strong_600,power,True,923,1716765723,-0.04999999999999988,0,5
600,600,0.05744639412492991,0.11310956242144699,0.04274364377090478,0.10052516446148729,-0.055663168296517074,-0.05778152069058251,0.027155422432994503,-2.0497993884597046,-2.1278078377590086,0.04038401132128223,0.03335301926814103,0.024,0.03,0.028,True,999,0.00013337505515664816,0.003084499971009791,power_5x5_mild_strong_600,power,True,924,1716765723,-0.04999999999999988,0,6
600,600,0.06065040282644074,0.09511441551284278,0.04538496785846746,0.07926629346820846,-0.034464012686402035,-0.033881325609741,0.025716683893666898,-1.3401421749749505,-1.3174842351305163,0.18019912681000105,0.18767636198870274,0.172,0.173,0.176,True,999,0.00015754206106066704,0.003929208032786846,power_5x5_mild_strong_600,power,True,925,1716765723,-0.04999999999999988,0,5
600,600,0.07575795561051302,0.13450933150480293,0.06027365048282718,0.11897897261337675,-0.058751375894289914,-0.058705322130549575,0.028898154403296707,-2.0330494146569977,-2.0314557570449017,0.04204753088065663,0.042208783263127866,0.033,0.035,0.039,True,999,0.0003714170306921005,0.00335612497292459,power_5x5_mild_strong_600,power,True,926,1716765723,-0.04999999999999988,0,4
600,600,0.07123637616099443,0.10427824185188878,0.05620141572990178,0.09527882596194104,-0.033041865690894345,-0.039077410232039256,0.02744745136623285,-1.2038227247409938,-1.423717259232095,0.2286581043937691,0.15452833550285808,0.216,0.222,0.162,True,999,0.00014495791401714087,0.003112458041869104,power_5x5_mild_strong_600,power,True,927,1716765723,-0.04999999999999988,0,9
600,600,0.06568508392438988,0.11008840389374974,0.05093171597491164,0.097485980910335,-0.04440331996935987,-0.04655426493542336,0.026963778244602752,-1.6467766336955367,-1.726548279440103,0.0996039658512829,0.08424882148629301,0.086,0.085,0.076,True,999,0.0001282090088352561,0.0029995839577168226,power_5x5_mild_strong_600,power,True,928,1716765723,-0.04999999999999988,0,6
600,600,0.06162695011134356,0.1418634759539691,0.0469920804684989,0.12846029013832094,-0.08023652584262553,-0.08146820966982204,0.028718935331286957,-2.7938544697795367,-2.8367419867779367,0.005208391208254135,0.004557642629147296,0.001,0.004,0.004,True,999,0.00014308304525911808,0.0029357499442994595,power_5x5_mild_strong_600,power,True,929,1716765723,-0.04999999999999988,0,6
600,600,0.0545757556880857,0.10521950992620244,0.03966212720297335,0.09210120138482125,-0.050643754238116734,-0.0524390741818479,0.026208146912021748,-1.9323668479165272,-2.000869209024235,0.053314242891166784,0.04540648657324373,0.034,0.047,0.038,True,999,0.00012312503531575203,0.0031327910255640745,power_5x5_mild_strong_600,power,True,930,1716765723,-0.04999999999999988,0,7
600,600,0.07170548029752544,0.0939616653009479,0.056387854679883276,0.07907926207769833,-0.02225618500342247,-0.022691407397815055,0.02638603524397868,-0.8434834865348462,-0.8599779083139539,0.39895809747769406,0.38980122036286746,0.379,0.378,0.37,True,999,0.00012325006537139416,0.0029822499491274357,power_5x5_mild_strong_600,power,True,931,1716765723,-0.04999999999999988,0,6
600,600,0.059139055958428166,0.09277647199387556,0.04532938013403509,0.07990854582757834,-0.0336374160354474,-0.034579165693543246,0.025760986667134774,-1.3057502987011431,-1.342307503216035,0.19163748686745985,0.17949631159136015,0.182,0.186,0.181,True,999,0.00012029206845909357,0.0030147499637678266,power_5x5_mild_strong_600,power,True,932,1716765723,-0.04999999999999988,1,6
600,600,0.05218142494047584,0.12754288721020407,0.03735898672357507,0.11488298390383989,-0.07536146226972823,-0.07752399718026481,0.027301811124280782,-2.760310000192835,-2.839518478366407,0.005774653693133406,0.004518167821156548,0.001,0.004,0.001,True,999,0.00011954200454056263,0.0030162499751895666,power_5x5_mild_strong_600,power,True,933,1716765723,-0.04999999999999988,0,6
600,600,0.0745566516876428,0.12185327181094974,0.06017692876662295,0.10193245769193027,-0.04729662012330693,-0.04175552892530732,0.02769360037462326,-1.7078537815056614,-1.5077681616135965,0.08766347691072326,0.13161387344651165,0.077,0.081,0.128,True,999,0.0001261249417439103,0.002944250009022653,power_5x5_mild_strong_600,power,True,934,1716765723,-0.04999999999999988,1,2
600,600,0.07502626152108327,0.11921391404960424,0.059496394184179735,0.1079967068571932,-0.04418765252852097,-0.04850031267301347,0.028039562078001144,-1.5759038035472406,-1.7297100624501234,0.11504797429668454,0.08368208998426657,0.102,0.109,0.085,True,999,0.00012129195965826511,0.003006458980962634,power_5x5_mild_strong_600,power,True,935,1716765723,-0.04999999999999988,0,7
600,600,0.0407244807367958,0.09911384893276887,0.02514429203677082,0.0873058504881783,-0.05838936819597307,-0.06216155845140747,0.023752741362800443,-2.4582159719642975,-2.617026704494821,0.013962917594667201,0.008869940169118082,0.011,0.012,0.01,True,999,0.00019037502352148294,0.0030199589673429728,power_5x5_mild_strong_600,power,True,936,1716765723,-0.04999999999999988,0,6
600,600,0.055650279941529934,0.0761300687879507,0.04100710260604501,0.0635695595383936,-0.020479788846420766,-0.022562456932348596,0.024126397359510873,-0.84885399760472,-0.9351772084386335,0.39596253921831825,0.3496969821536037,0.386,0.386,0.344,True,999,0.0001432918943464756,0.0029827080434188247,power_5x5_mild_strong_600,power,True,937,1716765723,-0.04999999999999988,0,7
600,600,0.07799586181421314,0.1205876028379681,0.06276008580437065,0.10471008863288489,-0.04259174102375496,-0.04195000282851424,0.02838027602163213,-1.5007514723003579,-1.4781393527159123,0.1334198544536497,0.13937048277147732,0.1,0.101,0.117,True,999,0.00012520805466920137,0.0029955829959362745,power_5x5_mild_strong_600,power,True,938,1716765723,-0.04999999999999988,0,4
600,600,0.05023268442848483,0.12448627928927936,0.035027393224822845,0.10615360248465322,-0.07425359486079453,-0.07112620925983038,0.026305374716195457,-2.822753739944968,-2.703866036017348,0.004761312832766746,0.006853791462250978,0.004,0.004,0.005,True,999,0.0001272909576073289,0.002947125001810491,power_5x5_mild_strong_600,power,True,939,1716765723,-0.04999999999999988,0,3
600,600,0.04141924175448897,0.11100707527701648,0.02624733706807092,0.09700943380215676,-0.06958783352252751,-0.07076209673408584,0.024142067915592008,-2.8824305260770404,-2.931070237292497,0.00394620146329612,0.0033779639736146623,0.003,0.003,0.003,True,999,0.0001248749904334545,0.003003292018547654,power_5x5_mild_strong_600,power,True,940,1716765723,-0.04999999999999988,0,6
600,600,0.09765531264653604,0.09581417941608705,0.08254382636084756,0.08240750194079283,0.001841133230448988,0.00013632442005473422,0.02773205253027336,0.06639008160103321,0.004915771016440897,0.9470672665180923,0.9960777979980868,0.948,0.949,0.997,True,999,0.00011999998241662979,0.003003499936312437,power_5x5_mild_strong_600,power,True,941,1716765723,-0.04999999999999988,0,5
600,600,0.048656251610122325,0.11138058193823608,0.03333580304922634,0.0984598089214046,-0.06272433032811375,-0.06512400587217826,0.025928868575076716,-2.4190924546706016,-2.511640864066726,0.015559284995630092,0.012017131492492705,0.008,0.012,0.008,True,999,0.00012133398558944464,0.0029328750679269433,power_5x5_mild_strong_600,power,True,942,1716765723,-0.04999999999999988,0,5
600,600,0.08026098101789803,0.11362588802676804,0.06564807311644927,0.10030381014723844,-0.033364907008870015,-0.03465573703078917,0.027871121290946852,-1.1971139108675783,-1.2434281588106075,0.23126215862162425,0.21371009912922878,0.234,0.232,0.217,True,999,0.00012049998622387648,0.002983249956741929,power_5x5_mild_strong_600,power,True,943,1716765723,-0.04999999999999988,0,6
600,600,0.08460555989035612,0.1354438259183381,0.06861809907877614,0.12155360535939508,-0.05083826602798197,-0.05293550628061894,0.02948089900357543,-1.7244476168049125,-1.7955865685845924,0.08462706777502482,0.07256029359007238,0.071,0.077,0.065,True,999,0.00012900005094707012,0.002931124996393919,power_5x5_mild_strong_600,power,True,944,1716765723,-0.04999999999999988,0,5
600,600,0.05454471942445638,0.10123190441605212,0.04093261738069032,0.08318871662271476,-0.04668718499159574,-0.04225609924202445,0.024579969005904888,-1.8993996689084514,-1.719127442018873,0.05751194700253202,0.08559116895957533,0.046,0.048,0.08,True,999,0.0001252919901162386,0.0029605410527437925,power_5x5_mild_strong_600,power,True,945,1716765723,-0.04999999999999988,1,4
600,600,0.05854022102924206,0.08158424372019318,0.04405835093973565,0.06744776297438193,-0.023044022690951127,-0.023389412034646284,0.02367952961600759,-0.9731621812019925,-0.9877481695765956,0.33047270364351333,0.3232759971044119,0.299,0.278,0.278,True,999,0.00013637496158480644,0.0029275829438120127,power_5x5_mild_strong_600,power,True,946,1716765723,-0.04999999999999988,0,5
600,600,0.0892959388808936,0.10234128100482914,0.07370397006104668,0.09197338886417583,-0.013045342123935544,-0.018269418803129156,0.027759499538633863,-0.46994154580416286,-0.6581321387910098,0.6383967807770128,0.510453225899503,0.632,0.624,0.494,True,999,0.00011854199692606926,0.002993792062625289,power_5x5_mild_strong_600,power,True,947,1716765723,-0.04999999999999988,0,7
600,600,0.050401208735620706,0.13504009645620496,0.03489927856844588,0.12477812155475476,-0.08463888772058425,-0.08987884298630888,0.026582383246801122,-3.1840217987516057,-3.381143148522048,0.00145244074099215,0.0007218492651803258,0.002,0.002,0.002,True,999,0.0001194169744849205,0.0030311659211292863,power_5x5_mild_strong_600,power,True,948,1716765723,-0.04999999999999988,0,7
600,600,0.04923043761145873,0.10887174899442209,0.03467657240310018,0.09310279730340199,-0.05964131138296336,-0.058426224900301804,0.02410862554049902,-2.473857801755415,-2.4234573141531506,0.01336628859121262,0.015373559872059865,0.011,0.011,0.015,True,999,0.0001189579488709569,0.0030236250022426248,power_5x5_mild_strong_600,power,True,949,1716765723,-0.04999999999999988,0,5
600,600,0.05464454259867746,0.14326061535320916,0.040894331910863,0.12521786868973095,-0.0886160727545317,-0.08432353677886795,0.027953636595267093,-3.1701089213392555,-3.016549796356192,0.001523818045976587,0.002556692204056556,0.002,0.004,0.006,True,999,0.00013758300337940454,0.0029329999815672636,power_5x5_mild_strong_600,power,True,950,1716765723,-0.04999999999999988,1,4
600,600,0.06073317759843966,0.11395455127764281,0.044033148851781334,0.09656624634573063,-0.053221373679203154,-0.0525330974939493,0.02663971721261456,-1.9978205194310967,-1.9719840520331644,0.04573612190916285,0.048611427114166994,0.032,0.041,0.055,True,999,0.00012066599447280169,0.002971207955852151,power_5x5_mild_strong_600,power,True,951,1716765723,-0.04999999999999988,0,4
600,600,0.0484005101270093,0.12119361213014335,0.033934384386498095,0.10773934044016187,-0.07279310200313405,-0.07380495605366377,0.024947341419728902,-2.917870116034395,-2.9584297104819837,0.0035243111714936565,0.003092107510284615,0.002,0.002,0.002,True,999,0.0001444999361410737,0.002991582965478301,power_5x5_mild_strong_600,power,True,952,1716765723,-0.04999999999999988,1,5
600,600,0.06741118801668544,0.11950554975211852,0.05290853730468825,0.10528485108039831,-0.05209436173543308,-0.05237631377571006,0.027063983125586857,-1.9248593783736874,-1.935277358571525,0.05424695305866992,0.05295626920604909,0.031,0.035,0.036,True,999,0.00012599991168826818,0.0029853329760953784,power_5x5_mild_strong_600,power,True,953,1716765723,-0.04999999999999988,1,4
600,600,0.09220133078309711,0.1440740262067563,0.07703675222444417,0.12949512767238502,-0.05187269542365919,-0.05245837544794085,0.031166901820150375,-1.6643520014595057,-1.6831437321121496,0.09604210609769802,0.09234727033179568,0.054,0.074,0.077,True,999,0.00012204190716147423,0.0030117499409243464,power_5x5_mild_strong_600,power,True,954,1716765723,-0.04999999999999988,1,5
600,600,0.06511268321892483,0.11948126947342136,0.050520928810783516,0.10753397883479465,-0.05436858625449653,-0.057013050024011136,0.026833894172350846,-2.026116146441277,-2.1246655315036733,0.04275288385357906,0.03361453152713095,0.032,0.036,0.031,True,999,0.00012099999003112316,0.0029417090117931366,power_5x5_mild_strong_600,power,True,955,1716765723,-0.04999999999999988,0,6
600,600,0.0504858400907956,0.08479005318276805,0.03508791339822892,0.0726846310027156,-0.03430421309197246,-0.037596717604486685,0.024020639230963575,-1.4281140798181982,-1.5651838921931351,0.15325902553935267,0.11753979728654372,0.101,0.108,0.081,True,999,0.00013695796951651573,0.002968250075355172,power_5x5_mild_strong_600,power,True,956,1716765723,-0.04999999999999988,0,6
600,600,0.06883105747668772,0.08876555581632256,0.053562456625741106,0.07601217318676845,-0.019934498339634843,-0.022449716561027344,0.026121889749968156,-0.7631338517405367,-0.8594216106074298,0.4453835733256126,0.39010795113531627,0.43,0.437,0.391,True,999,0.00012691703159362078,0.0029262909665703773,power_5x5_mild_strong_600,power,True,957,1716765723,-0.04999999999999988,0,6
600,600,0.08753053097796926,0.08621489262384735,0.07120498438166578,0.07155709336134919,0.0013156383541219063,-0.0003521089796834076,0.02638670642615756,0.04985989281396989,-0.01334418073997884,0.9602340384251532,0.9893532001861792,0.971,0.969,0.983,True,999,0.00012624997179955244,0.002970875008031726,power_5x5_mild_strong_600,power,True,958,1716765723,-0.04999999999999988,0,6
600,600,0.05059846448625682,0.10996689219614209,0.033855043519338324,0.09366081569390872,-0.05936842770988526,-0.05980577217457039,0.024818373493484286,-2.3921159751049603,-2.4097377771460953,0.016751548168579822,0.01596398976939929,0.014,0.015,0.016,True,999,0.0001189579488709569,0.00301408302038908,power_5x5_mild_strong_600,power,True,959,1716765723,-0.04999999999999988,0,3
600,600,0.053268552950231474,0.12109458746993157,0.03871680598194871,0.10846120396530523,-0.0678260345197001,-0.06974439798335652,0.026551903941692608,-2.5544697159437066,-2.6267192792092677,0.010634968060112162,0.00862124248804698,0.004,0.006,0.005,True,999,0.0001255410024896264,0.002916333032771945,power_5x5_mild_strong_600,power,True,960,1716765723,-0.04999999999999988,0,6
600,600,0.07001119308853088,0.13814845302811513,0.05554154234584985,0.12713417176112785,-0.06813725993958425,-0.071592629415278,0.02801711476102051,-2.4319870379508837,-2.555317705836112,0.015016244688011514,0.01060909152462343,0.013,0.014,0.012,True,999,0.00011895806528627872,0.002999250078573823,power_5x5_mild_strong_600,power,True,961,1716765723,-0.04999999999999988,1,7
600,600,0.06224706226761678,0.12905532051474727,0.0462205661955295,0.1189501407563398,-0.06680825824713049,-0.0727295745608103,0.027167494564613887,-2.459124748814687,-2.6770806703516117,0.013927621284686404,0.007426675122132438,0.016,0.017,0.013,True,999,0.00011845794506371021,0.0030172079568728805,power_5x5_mild_strong_600,power,True,962,1716765723,-0.04999999999999988,0,8
600,600,0.06448543118988392,0.12310794642866463,0.04830900157389806,0.10923892977888272,-0.058622515238780704,-0.06092992820498466,0.027593418206933614,-2.124510809032357,-2.208132669466602,0.03362745317725331,0.02723502624013556,0.015,0.025,0.019,True,999,0.00011837505735456944,0.0029337499290704727,power_5x5_mild_strong_600,power,True,963,1716765723,-0.04999999999999988,0,4
600,600,0.059784531105215866,0.11967058359539873,0.04447503068388414,0.10842346723447349,-0.05988605249018286,-0.06394843655058935,0.026698360327978937,-2.243061062720934,-2.3952196226662523,0.024892877117626555,0.01661041257125821,0.017,0.02,0.017,True,999,0.00011837494093924761,0.0029597500106319785,power_5x5_mild_strong_600,power,True,964,1716765723,-0.04999999999999988,0,7
600,600,0.0517900066222714,0.1414544659406834,0.03775620496173815,0.12943144249106808,-0.089664459318412,-0.09167523752932993,0.02751826978049326,-3.258361082787698,-3.3314317455494717,0.0011205772469178156,0.0008640048497677705,0.001,0.001,0.001,True,999,0.00012920890003442764,0.003013749956153333,power_5x5_mild_strong_600,power,True,965,1716765723,-0.04999999999999988,1,6
600,600,0.041058590591070976,0.10068773292861966,0.02627750363001269,0.08713311452117978,-0.05962914233754868,-0.06085561089116709,0.024187835173814804,-2.4652533767098688,-2.5159593842878496,0.013691639351204756,0.01187088619529068,0.004,0.007,0.009,True,999,0.0001295419642701745,0.002944416948594153,power_5x5_mild_strong_600,power,True,966,1716765723,-0.04999999999999988,0,5
600,600,0.07795303790561525,0.16079896211795291,0.06354808891899211,0.14677496452759442,-0.08284592421233766,-0.08322687560860231,0.02987441527541606,-2.773139606200506,-2.7858913669547367,0.005551829750004103,0.0053380757791718515,0.004,0.004,0.004,True,999,0.00011849997099488974,0.002934125019237399,power_5x5_mild_strong_600,power,True,967,1716765723,-0.04999999999999988,0,4
600,600,0.03062884175388292,0.10887566426009204,0.015175609976836313,0.0972135400352272,-0.07824682250620912,-0.08203793005839088,0.024841226693392098,-3.1498775592681665,-3.3024910996127828,0.001633389019718821,0.0009583012909556796,0.001,0.001,0.001,True,999,0.0001206250162795186,0.003013417008332908,power_5x5_mild_strong_600,power,True,968,1716765723,-0.04999999999999988,0,7
600,600,0.07616520742207,0.12997739626081056,0.06023898170019493,0.11561665240168395,-0.05381218883874056,-0.055377670701489023,0.028904969734057883,-1.8616933120443724,-1.9158529211756665,0.06264633183128274,0.05538381939205528,0.043,0.055,0.058,True,999,0.00011720799375325441,0.0028399579459801316,power_5x5_mild_strong_600,power,True,969,1716765723,-0.04999999999999988,0,5
600,600,0.07946138228678168,0.09503282227837462,0.0643557146375997,0.08296859467446893,-0.015571439991592939,-0.018612880036869228,0.026708064151126053,-0.5830239100626252,-0.6969011281218029,0.5598772044525724,0.4858646717318663,0.537,0.548,0.472,True,999,0.00011979206465184689,0.0030084579484537244,power_5x5_mild_strong_600,power,True,970,1716765723,-0.04999999999999988,0,6
600,600,0.07920044940422555,0.13420571851648078,0.06331160626086785,0.12099030745395112,-0.05500526911225523,-0.05767870119308327,0.02794067907421914,-1.9686446763210055,-2.0643271067203015,0.04899390842658566,0.038986712595662415,0.03,0.038,0.032,True,999,0.00012012501247227192,0.002984125050716102,power_5x5_mild_strong_600,power,True,971,1716765723,-0.04999999999999988,1,6
600,600,0.057977169772515214,0.12451101093680361,0.042796864874162566,0.11222412115324687,-0.0665338411642884,-0.0694272562790843,0.02659264593272273,-2.5019639389255848,-2.6107690244411828,0.012350650415187235,0.009033888600832379,0.006,0.009,0.007,True,999,0.0001253338996320963,0.0028841668972745538,power_5x5_mild_strong_600,power,True,972,1716765723,-0.04999999999999988,0,7
600,600,0.03821238237794211,0.10555410644813595,0.022802968822475123,0.09004051260779988,-0.06734172407019384,-0.06723754378532476,0.024487524469887056,-2.750042134843222,-2.7457877119432186,0.005958760202843536,0.006036581083026001,0.004,0.004,0.005,True,999,0.00012108299415558577,0.002986915991641581,power_5x5_mild_strong_600,power,True,973,1716765723,-0.04999999999999988,0,4
600,600,0.03615692358875178,0.09975139947357958,0.02076886388931598,0.08367537265132796,-0.0635944758848278,-0.06290650876201198,0.023489645640171117,-2.7073407942804764,-2.6780526929036177,0.006782459315067378,0.0074051567684893715,0.003,0.004,0.007,True,999,0.00011979194823652506,0.0029319999739527702,power_5x5_mild_strong_600,power,True,974,1716765723,-0.04999999999999988,0,4
600,600,0.03701386897252967,0.10396422954621476,0.02214270993295031,0.08661298483627888,-0.06695036057368509,-0.06447027490332857,0.024385705379932465,-2.7454756600471364,-2.643773222831708,0.006042324943288491,0.008198756604778187,0.004,0.004,0.005,True,999,0.00012187508400529623,0.0030085420003160834,power_5x5_mild_strong_600,power,True,975,1716765723,-0.04999999999999988,0,4
600,600,0.06482703877447471,0.11148358650673834,0.04958839950018046,0.09797339975602881,-0.04665654773226363,-0.048385000255848354,0.026805773292200984,-1.7405410104635235,-1.8050216171128235,0.08176406547569522,0.07107129937471925,0.07,0.069,0.069,True,999,0.0001265000319108367,0.002915375051088631,power_5x5_mild_strong_600,power,True,976,1716765723,-0.04999999999999988,0,5
600,600,0.0508471065162841,0.123512345608638,0.035584228071002144,0.111757348329661,-0.0726652390923539,-0.07617312025865886,0.026797191925255256,-2.7116736445757916,-2.842578448933256,0.006694446732057542,0.004475021645002349,0.003,0.003,0.003,True,999,0.00013404199853539467,0.0029408340342342854,power_5x5_mild_strong_600,power,True,977,1716765723,-0.04999999999999988,0,7
600,600,0.0860930121897232,0.11400628833077359,0.07062258628695872,0.10296668665387188,-0.02791327614105038,-0.03234410036691315,0.028942550195523095,-0.964437340610299,-1.1175276590490708,0.3348267088638187,0.26376878017528604,0.329,0.336,0.264,True,999,0.0001247089821845293,0.00303462496958673,power_5x5_mild_strong_600,power,True,978,1716765723,-0.04999999999999988,0,7
600,600,0.06710902164879284,0.10060686551571335,0.051886663015807244,0.08567705434600725,-0.03349784386692051,-0.03379039133020001,0.025960725854779446,-1.2903277071027448,-1.301596554704155,0.19693690076943737,0.1930543382082941,0.181,0.18,0.189,True,999,0.00011625001206994057,0.002874584053643048,power_5x5_mild_strong_600,power,True,979,1716765723,-0.04999999999999988,1,6
600,600,0.05601580712746812,0.08706416843524112,0.04043294589189372,0.07886807283057351,-0.031048361307772998,-0.03843512693867979,0.0250210564491047,-1.240889303412445,-1.5361112755914454,0.21464664477765583,0.12451109130717895,0.19,0.197,0.113,True,999,0.0001164580462500453,0.0029969579773023725,power_5x5_mild_strong_600,power,True,980,1716765723,-0.04999999999999988,0,9
600,600,0.051779232053117186,0.10778509798254665,0.03705815171542781,0.09152622532849364,-0.056005865929429466,-0.054468073613065826,0.026363784727827196,-2.1243484768070804,-2.066018751684553,0.033641014922855254,0.038826709028613064,0.031,0.033,0.037,True,999,0.00013520801439881325,0.0029573329957202077,power_5x5_mild_strong_600,power,True,981,1716765723,-0.04999999999999988,0,3
600,600,0.059575331503310736,0.10918759571918574,0.044683386921406054,0.09401002339046727,-0.049612264215875,-0.049326636469061214,0.025824195641651327,-1.9211542889590092,-1.910093818740409,0.054712259043159635,0.056121134739042525,0.042,0.043,0.049,True,999,0.0001188330352306366,0.0029452500166371465,power_5x5_mild_strong_600,power,True,982,1716765723,-0.04999999999999988,0,5
600,600,0.03783755759563068,0.08585341390675005,0.02219910610858733,0.07582566220455078,-0.048015856311119376,-0.05362655609596345,0.023276260276386594,-2.062868164428919,-2.303916327588361,0.039125155545988236,0.021227340973888127,0.023,0.025,0.016,True,999,0.00011925003491342068,0.003009959007613361,power_5x5_mild_strong_600,power,True,983,1716765723,-0.04999999999999988,0,8
600,600,0.047882237886811785,0.1151304751680205,0.031601446447666603,0.10711143245492849,-0.06724823728120871,-0.07550998600726189,0.025391998722551403,-2.648402672668832,-2.973770865079604,0.008087313230530718,0.0029416464984758964,0.006,0.009,0.004,True,999,0.00011729204561561346,0.0030332079622894526,power_5x5_mild_strong_600,power,True,984,1716765723,-0.04999999999999988,0,10
600,600,0.07138636882243632,0.11775551152625552,0.05692960380679324,0.10304110571638603,-0.0463691427038192,-0.04611150190959279,0.027196559985918408,-1.7049635221449992,-1.695490236024997,0.0882012278907158,0.08998246093760871,0.078,0.077,0.082,True,999,0.00013466598466038704,0.002823999966494739,power_5x5_mild_strong_600,power,True,985,1716765723,-0.04999999999999988,0,4
600,600,0.04852920529222571,0.09151817054629108,0.03308329216645234,0.07947279895697079,-0.04298896525406537,-0.04638950679051845,0.024707455285375386,-1.73991877178509,-1.8775509762017828,0.08187328200177825,0.060442617565366896,0.04,0.048,0.041,True,999,0.00012099999003112316,0.0030349999433383346,power_5x5_mild_strong_600,power,True,986,1716765723,-0.04999999999999988,0,6
600,600,0.052793580479021274,0.11888550725069219,0.036614986575386865,0.10602163868594516,-0.06609192677167092,-0.0694066521105583,0.026073128497624286,-2.5348675276038715,-2.6619993882545567,0.011248985663117763,0.007767801964253607,0.004,0.01,0.007,True,999,0.00012579199392348528,0.002889667055569589,power_5x5_mild_strong_600,power,True,987,1716765723,-0.04999999999999988,0,6
600,600,0.048560263313943364,0.12406710603114046,0.0331271921681946,0.10399667621965136,-0.0755068427171971,-0.07086948405145677,0.02695317041020428,-2.8014085752454094,-2.6293561378080437,0.005088005565925095,0.00855467190241658,0.003,0.008,0.016,True,999,0.0001200829865410924,0.0028969580307602882,power_5x5_mild_strong_600,power,True,988,1716765723,-0.04999999999999988,0,2
600,600,0.05606928602668204,0.12383533870555019,0.04158523143860293,0.11393279071029383,-0.06776605267886815,-0.0723475592716909,0.027780533788915655,-2.4393358743130626,-2.6042537490966913,0.014714284964214439,0.009207455973651336,0.011,0.015,0.012,True,999,0.00012554205022752285,0.0029542919946834445,power_5x5_mild_strong_600,power,True,989,1716765723,-0.04999999999999988,0,8
600,600,0.0665124653727509,0.1344191702869978,0.05176580886097781,0.11943504995076637,-0.06790670491424688,-0.06766924108978856,0.027672742797128547,-2.4539202858233917,-2.4453391406077114,0.014130830221326468,0.014471598865045752,0.01,0.011,0.013,True,999,0.00012083398178219795,0.0029530420433729887,power_5x5_mild_strong_600,power,True,990,1716765723,-0.04999999999999988,0,5
600,600,0.041795794855504,0.07873696239934047,0.02810686171415,0.06398445426327726,-0.03694116754383647,-0.03587759254912726,0.023007684607371126,-1.6056012664569204,-1.5593743204230517,0.10836154703666603,0.11890781057495313,0.058,0.071,0.084,True,999,0.0001237079268321395,0.0030207090312615037,power_5x5_mild_strong_600,power,True,991,1716765723,-0.04999999999999988,1,5
600,600,0.07689911901918589,0.10085820385776745,0.06076769390210757,0.09195458792157751,-0.023959084838581557,-0.031186894019469946,0.02759138868110287,-0.8683537141061316,-1.1303125906391804,0.3852007253020654,0.25834453107984334,0.375,0.381,0.257,True,999,0.00012333306949585676,0.0031844170298427343,power_5x5_mild_strong_600,power,True,992,1716765723,-0.04999999999999988,0,8
600,600,0.06778557348636216,0.1406068808771182,0.05244511115995465,0.12428706882445795,-0.07282130739075604,-0.0718419576645033,0.028602232808695914,-2.546000792239417,-2.5117604679681245,0.010896494105158314,0.012013059737966613,0.011,0.012,0.016,True,999,0.0001420000335201621,0.0029884580289945006,power_5x5_mild_strong_600,power,True,993,1716765723,-0.04999999999999988,0,5
600,600,0.08877993144098317,0.12063817330393134,0.07402775223704339,0.10965876093803217,-0.03185824186294817,-0.03563100870098879,0.029001524681629125,-1.0985023102295244,-1.2285908790015814,0.27198520942241544,0.2192252369475005,0.245,0.257,0.199,True,999,0.00012004200834780931,0.0030820000683888793,power_5x5_mild_strong_600,power,True,994,1716765723,-0.04999999999999988,0,7
600,600,0.05216412818304761,0.09025185600798263,0.037472717810146605,0.07677421997496481,-0.038087727824935025,-0.0393015021648182,0.025151790976016556,-1.5143147404991362,-1.5625727091281125,0.1299460317202054,0.11815313154339542,0.115,0.12,0.116,True,999,0.00013699999544769526,0.0029192500514909625,power_5x5_mild_strong_600,power,True,995,1716765723,-0.04999999999999988,0,6
600,600,0.07840565694051183,0.10409594809568745,0.06297584106278009,0.09335899732644748,-0.025690291155175626,-0.030383156263667388,0.02686361362265388,-0.9563229845411118,-1.1310152346014053,0.33890908111297613,0.25804867931924813,0.353,0.342,0.259,True,999,0.0001213329378515482,0.0029962920816615224,power_5x5_mild_strong_600,power,True,996,1716765723,-0.04999999999999988,0,8
600,600,0.05738345761903707,0.10990878082384187,0.04386168948133218,0.09805254040705336,-0.0525253232048048,-0.05419085092572118,0.026180219908770994,-2.0062980138378275,-2.0699158034026275,0.0448244618156404,0.03846022975529858,0.033,0.043,0.036,True,999,0.0001253749942407012,0.003011916996911168,power_5x5_mild_strong_600,power,True,997,1716765723,-0.04999999999999988,1,7
600,600,0.08838785458745568,0.10001206775688881,0.07369239013553397,0.088010483604819,-0.011624213169433129,-0.014318093469285031,0.02727985781745632,-0.4261097417448716,-0.524859534279644,0.6700278819640837,0.5996808416048315,0.686,0.679,0.613,True,999,0.00012645800597965717,0.00293654203414917,power_5x5_mild_strong_600,power,True,998,1716765723,-0.04999999999999988,0,6
600,600,0.046216247143126,0.09231754172116802,0.03237328748480195,0.07625356981282039,-0.04610129457804202,-0.04388028232801844,0.024063780187767683,-1.9157960311437952,-1.8234991337863058,0.05539106312790733,0.06822782814873242,0.035,0.039,0.051,True,999,0.0001215840457007289,0.0029533749911934137,power_5x5_mild_strong_600,power,True,999,1716765723,-0.04999999999999988,1,4
